"SUMLEV","STATE","COUNTY","STNAME","CTYNAME","YEAR","AGE","TOT_POP","TOT_MALE","TOT_FEMALE"
050,21,001,"Kentucky","Adair County",1,0,179,92,87
050,21,001,"Kentucky","Adair County",1,1,194,103,91
050,21,001,"Kentucky","Adair County",1,2,196,101,95
050,21,001,"Kentucky","Adair County",1,3,199,100,99
050,21,001,"Kentucky","Adair County",1,4,210,104,106
050,21,001,"Kentucky","Adair County",1,5,195,103,92
050,21,001,"Kentucky","Adair County",1,6,215,120,95
050,21,001,"Kentucky","Adair County",1,7,204,121,83
050,21,001,"Kentucky","Adair County",1,8,198,107,91
050,21,001,"Kentucky","Adair County",1,9,186,99,87
050,21,001,"Kentucky","Adair County",1,10,206,107,99
050,21,001,"Kentucky","Adair County",1,11,216,106,110
050,21,001,"Kentucky","Adair County",1,12,237,117,120
050,21,001,"Kentucky","Adair County",1,13,219,124,95
050,21,001,"Kentucky","Adair County",1,14,224,122,102
050,21,001,"Kentucky","Adair County",1,15,217,112,105
050,21,001,"Kentucky","Adair County",1,16,235,124,111
050,21,001,"Kentucky","Adair County",1,17,249,128,121
050,21,001,"Kentucky","Adair County",1,18,337,179,158
050,21,001,"Kentucky","Adair County",1,19,476,256,220
050,21,001,"Kentucky","Adair County",1,20,338,162,176
050,21,001,"Kentucky","Adair County",1,21,309,160,149
050,21,001,"Kentucky","Adair County",1,22,296,153,143
050,21,001,"Kentucky","Adair County",1,23,251,134,117
050,21,001,"Kentucky","Adair County",1,24,218,114,104
050,21,001,"Kentucky","Adair County",1,25,210,99,111
050,21,001,"Kentucky","Adair County",1,26,224,119,105
050,21,001,"Kentucky","Adair County",1,27,215,119,96
050,21,001,"Kentucky","Adair County",1,28,234,119,115
050,21,001,"Kentucky","Adair County",1,29,237,118,119
050,21,001,"Kentucky","Adair County",1,30,262,131,131
050,21,001,"Kentucky","Adair County",1,31,218,105,113
050,21,001,"Kentucky","Adair County",1,32,200,88,112
050,21,001,"Kentucky","Adair County",1,33,178,86,92
050,21,001,"Kentucky","Adair County",1,34,199,98,101
050,21,001,"Kentucky","Adair County",1,35,218,119,99
050,21,001,"Kentucky","Adair County",1,36,193,104,89
050,21,001,"Kentucky","Adair County",1,37,189,98,91
050,21,001,"Kentucky","Adair County",1,38,185,85,100
050,21,001,"Kentucky","Adair County",1,39,223,105,118
050,21,001,"Kentucky","Adair County",1,40,225,106,119
050,21,001,"Kentucky","Adair County",1,41,190,90,100
050,21,001,"Kentucky","Adair County",1,42,184,92,92
050,21,001,"Kentucky","Adair County",1,43,178,81,97
050,21,001,"Kentucky","Adair County",1,44,210,96,114
050,21,001,"Kentucky","Adair County",1,45,222,111,111
050,21,001,"Kentucky","Adair County",1,46,217,112,105
050,21,001,"Kentucky","Adair County",1,47,210,104,106
050,21,001,"Kentucky","Adair County",1,48,254,133,121
050,21,001,"Kentucky","Adair County",1,49,262,136,126
050,21,001,"Kentucky","Adair County",1,50,241,132,109
050,21,001,"Kentucky","Adair County",1,51,235,118,117
050,21,001,"Kentucky","Adair County",1,52,245,123,122
050,21,001,"Kentucky","Adair County",1,53,264,141,123
050,21,001,"Kentucky","Adair County",1,54,278,131,147
050,21,001,"Kentucky","Adair County",1,55,274,131,143
050,21,001,"Kentucky","Adair County",1,56,268,122,146
050,21,001,"Kentucky","Adair County",1,57,273,125,148
050,21,001,"Kentucky","Adair County",1,58,299,132,167
050,21,001,"Kentucky","Adair County",1,59,287,136,151
050,21,001,"Kentucky","Adair County",1,60,278,140,138
050,21,001,"Kentucky","Adair County",1,61,264,134,130
050,21,001,"Kentucky","Adair County",1,62,266,126,140
050,21,001,"Kentucky","Adair County",1,63,265,127,138
050,21,001,"Kentucky","Adair County",1,64,249,132,117
050,21,001,"Kentucky","Adair County",1,65,237,122,115
050,21,001,"Kentucky","Adair County",1,66,246,126,120
050,21,001,"Kentucky","Adair County",1,67,243,127,116
050,21,001,"Kentucky","Adair County",1,68,230,115,115
050,21,001,"Kentucky","Adair County",1,69,209,102,107
050,21,001,"Kentucky","Adair County",1,70,226,117,109
050,21,001,"Kentucky","Adair County",1,71,218,106,112
050,21,001,"Kentucky","Adair County",1,72,197,93,104
050,21,001,"Kentucky","Adair County",1,73,195,91,104
050,21,001,"Kentucky","Adair County",1,74,136,73,63
050,21,001,"Kentucky","Adair County",1,75,149,80,69
050,21,001,"Kentucky","Adair County",1,76,150,76,74
050,21,001,"Kentucky","Adair County",1,77,130,59,71
050,21,001,"Kentucky","Adair County",1,78,117,58,59
050,21,001,"Kentucky","Adair County",1,79,100,44,56
050,21,001,"Kentucky","Adair County",1,80,106,45,61
050,21,001,"Kentucky","Adair County",1,81,97,40,57
050,21,001,"Kentucky","Adair County",1,82,84,37,47
050,21,001,"Kentucky","Adair County",1,83,75,28,47
050,21,001,"Kentucky","Adair County",1,84,71,37,34
050,21,001,"Kentucky","Adair County",1,85,361,128,233
050,21,001,"Kentucky","Adair County",2,0,185,90,95
050,21,001,"Kentucky","Adair County",2,1,192,101,91
050,21,001,"Kentucky","Adair County",2,2,197,101,96
050,21,001,"Kentucky","Adair County",2,3,194,98,96
050,21,001,"Kentucky","Adair County",2,4,210,105,105
050,21,001,"Kentucky","Adair County",2,5,200,105,95
050,21,001,"Kentucky","Adair County",2,6,212,118,94
050,21,001,"Kentucky","Adair County",2,7,207,119,88
050,21,001,"Kentucky","Adair County",2,8,197,109,88
050,21,001,"Kentucky","Adair County",2,9,189,103,86
050,21,001,"Kentucky","Adair County",2,10,204,105,99
050,21,001,"Kentucky","Adair County",2,11,214,106,108
050,21,001,"Kentucky","Adair County",2,12,234,115,119
050,21,001,"Kentucky","Adair County",2,13,222,122,100
050,21,001,"Kentucky","Adair County",2,14,222,122,100
050,21,001,"Kentucky","Adair County",2,15,219,115,104
050,21,001,"Kentucky","Adair County",2,16,234,121,113
050,21,001,"Kentucky","Adair County",2,17,249,129,120
050,21,001,"Kentucky","Adair County",2,18,337,178,159
050,21,001,"Kentucky","Adair County",2,19,474,255,219
050,21,001,"Kentucky","Adair County",2,20,343,165,178
050,21,001,"Kentucky","Adair County",2,21,305,159,146
050,21,001,"Kentucky","Adair County",2,22,290,150,140
050,21,001,"Kentucky","Adair County",2,23,253,135,118
050,21,001,"Kentucky","Adair County",2,24,218,112,106
050,21,001,"Kentucky","Adair County",2,25,209,100,109
050,21,001,"Kentucky","Adair County",2,26,221,117,104
050,21,001,"Kentucky","Adair County",2,27,214,116,98
050,21,001,"Kentucky","Adair County",2,28,229,119,110
050,21,001,"Kentucky","Adair County",2,29,238,117,121
050,21,001,"Kentucky","Adair County",2,30,259,130,129
050,21,001,"Kentucky","Adair County",2,31,227,110,117
050,21,001,"Kentucky","Adair County",2,32,202,92,110
050,21,001,"Kentucky","Adair County",2,33,182,85,97
050,21,001,"Kentucky","Adair County",2,34,196,96,100
050,21,001,"Kentucky","Adair County",2,35,216,115,101
050,21,001,"Kentucky","Adair County",2,36,200,109,91
050,21,001,"Kentucky","Adair County",2,37,188,98,90
050,21,001,"Kentucky","Adair County",2,38,187,88,99
050,21,001,"Kentucky","Adair County",2,39,213,99,114
050,21,001,"Kentucky","Adair County",2,40,224,104,120
050,21,001,"Kentucky","Adair County",2,41,200,95,105
050,21,001,"Kentucky","Adair County",2,42,182,89,93
050,21,001,"Kentucky","Adair County",2,43,181,84,97
050,21,001,"Kentucky","Adair County",2,44,201,92,109
050,21,001,"Kentucky","Adair County",2,45,218,108,110
050,21,001,"Kentucky","Adair County",2,46,215,110,105
050,21,001,"Kentucky","Adair County",2,47,210,105,105
050,21,001,"Kentucky","Adair County",2,48,243,124,119
050,21,001,"Kentucky","Adair County",2,49,263,137,126
050,21,001,"Kentucky","Adair County",2,50,248,134,114
050,21,001,"Kentucky","Adair County",2,51,236,121,115
050,21,001,"Kentucky","Adair County",2,52,245,123,122
050,21,001,"Kentucky","Adair County",2,53,259,137,122
050,21,001,"Kentucky","Adair County",2,54,272,134,138
050,21,001,"Kentucky","Adair County",2,55,277,132,145
050,21,001,"Kentucky","Adair County",2,56,272,126,146
050,21,001,"Kentucky","Adair County",2,57,274,126,148
050,21,001,"Kentucky","Adair County",2,58,290,129,161
050,21,001,"Kentucky","Adair County",2,59,291,136,155
050,21,001,"Kentucky","Adair County",2,60,278,137,141
050,21,001,"Kentucky","Adair County",2,61,268,135,133
050,21,001,"Kentucky","Adair County",2,62,267,128,139
050,21,001,"Kentucky","Adair County",2,63,269,129,140
050,21,001,"Kentucky","Adair County",2,64,251,130,121
050,21,001,"Kentucky","Adair County",2,65,241,126,115
050,21,001,"Kentucky","Adair County",2,66,244,124,120
050,21,001,"Kentucky","Adair County",2,67,243,126,117
050,21,001,"Kentucky","Adair County",2,68,228,116,112
050,21,001,"Kentucky","Adair County",2,69,215,106,109
050,21,001,"Kentucky","Adair County",2,70,221,112,109
050,21,001,"Kentucky","Adair County",2,71,217,106,111
050,21,001,"Kentucky","Adair County",2,72,199,95,104
050,21,001,"Kentucky","Adair County",2,73,200,94,106
050,21,001,"Kentucky","Adair County",2,74,137,71,66
050,21,001,"Kentucky","Adair County",2,75,142,76,66
050,21,001,"Kentucky","Adair County",2,76,145,76,69
050,21,001,"Kentucky","Adair County",2,77,136,63,73
050,21,001,"Kentucky","Adair County",2,78,115,56,59
050,21,001,"Kentucky","Adair County",2,79,100,44,56
050,21,001,"Kentucky","Adair County",2,80,104,45,59
050,21,001,"Kentucky","Adair County",2,81,97,42,55
050,21,001,"Kentucky","Adair County",2,82,86,36,50
050,21,001,"Kentucky","Adair County",2,83,73,29,44
050,21,001,"Kentucky","Adair County",2,84,69,34,35
050,21,001,"Kentucky","Adair County",2,85,355,131,224
050,21,001,"Kentucky","Adair County",3,0,185,89,96
050,21,001,"Kentucky","Adair County",3,1,170,88,82
050,21,001,"Kentucky","Adair County",3,2,194,106,88
050,21,001,"Kentucky","Adair County",3,3,187,92,95
050,21,001,"Kentucky","Adair County",3,4,195,100,95
050,21,001,"Kentucky","Adair County",3,5,222,111,111
050,21,001,"Kentucky","Adair County",3,6,197,107,90
050,21,001,"Kentucky","Adair County",3,7,225,127,98
050,21,001,"Kentucky","Adair County",3,8,210,119,91
050,21,001,"Kentucky","Adair County",3,9,195,109,86
050,21,001,"Kentucky","Adair County",3,10,200,100,100
050,21,001,"Kentucky","Adair County",3,11,203,101,102
050,21,001,"Kentucky","Adair County",3,12,216,103,113
050,21,001,"Kentucky","Adair County",3,13,238,115,123
050,21,001,"Kentucky","Adair County",3,14,231,127,104
050,21,001,"Kentucky","Adair County",3,15,224,124,100
050,21,001,"Kentucky","Adair County",3,16,206,109,97
050,21,001,"Kentucky","Adair County",3,17,229,122,107
050,21,001,"Kentucky","Adair County",3,18,347,177,170
050,21,001,"Kentucky","Adair County",3,19,474,256,218
050,21,001,"Kentucky","Adair County",3,20,353,166,187
050,21,001,"Kentucky","Adair County",3,21,300,151,149
050,21,001,"Kentucky","Adair County",3,22,300,167,133
050,21,001,"Kentucky","Adair County",3,23,251,138,113
050,21,001,"Kentucky","Adair County",3,24,208,118,90
050,21,001,"Kentucky","Adair County",3,25,208,106,102
050,21,001,"Kentucky","Adair County",3,26,217,114,103
050,21,001,"Kentucky","Adair County",3,27,208,109,99
050,21,001,"Kentucky","Adair County",3,28,223,119,104
050,21,001,"Kentucky","Adair County",3,29,243,126,117
050,21,001,"Kentucky","Adair County",3,30,246,118,128
050,21,001,"Kentucky","Adair County",3,31,252,128,124
050,21,001,"Kentucky","Adair County",3,32,216,103,113
050,21,001,"Kentucky","Adair County",3,33,190,91,99
050,21,001,"Kentucky","Adair County",3,34,192,89,103
050,21,001,"Kentucky","Adair County",3,35,198,99,99
050,21,001,"Kentucky","Adair County",3,36,224,121,103
050,21,001,"Kentucky","Adair County",3,37,198,101,97
050,21,001,"Kentucky","Adair County",3,38,196,106,90
050,21,001,"Kentucky","Adair County",3,39,184,85,99
050,21,001,"Kentucky","Adair County",3,40,212,96,116
050,21,001,"Kentucky","Adair County",3,41,226,105,121
050,21,001,"Kentucky","Adair County",3,42,203,95,108
050,21,001,"Kentucky","Adair County",3,43,184,83,101
050,21,001,"Kentucky","Adair County",3,44,188,84,104
050,21,001,"Kentucky","Adair County",3,45,201,95,106
050,21,001,"Kentucky","Adair County",3,46,216,109,107
050,21,001,"Kentucky","Adair County",3,47,224,109,115
050,21,001,"Kentucky","Adair County",3,48,225,112,113
050,21,001,"Kentucky","Adair County",3,49,245,127,118
050,21,001,"Kentucky","Adair County",3,50,265,141,124
050,21,001,"Kentucky","Adair County",3,51,247,136,111
050,21,001,"Kentucky","Adair County",3,52,244,123,121
050,21,001,"Kentucky","Adair County",3,53,251,126,125
050,21,001,"Kentucky","Adair County",3,54,263,134,129
050,21,001,"Kentucky","Adair County",3,55,273,132,141
050,21,001,"Kentucky","Adair County",3,56,279,130,149
050,21,001,"Kentucky","Adair County",3,57,271,124,147
050,21,001,"Kentucky","Adair County",3,58,270,120,150
050,21,001,"Kentucky","Adair County",3,59,298,134,164
050,21,001,"Kentucky","Adair County",3,60,302,144,158
050,21,001,"Kentucky","Adair County",3,61,276,139,137
050,21,001,"Kentucky","Adair County",3,62,267,134,133
050,21,001,"Kentucky","Adair County",3,63,267,125,142
050,21,001,"Kentucky","Adair County",3,64,269,126,143
050,21,001,"Kentucky","Adair County",3,65,252,128,124
050,21,001,"Kentucky","Adair County",3,66,243,125,118
050,21,001,"Kentucky","Adair County",3,67,247,126,121
050,21,001,"Kentucky","Adair County",3,68,239,121,118
050,21,001,"Kentucky","Adair County",3,69,221,116,105
050,21,001,"Kentucky","Adair County",3,70,207,98,109
050,21,001,"Kentucky","Adair County",3,71,212,107,105
050,21,001,"Kentucky","Adair County",3,72,217,103,114
050,21,001,"Kentucky","Adair County",3,73,190,85,105
050,21,001,"Kentucky","Adair County",3,74,194,95,99
050,21,001,"Kentucky","Adair County",3,75,130,63,67
050,21,001,"Kentucky","Adair County",3,76,140,77,63
050,21,001,"Kentucky","Adair County",3,77,127,65,62
050,21,001,"Kentucky","Adair County",3,78,130,58,72
050,21,001,"Kentucky","Adair County",3,79,109,52,57
050,21,001,"Kentucky","Adair County",3,80,91,43,48
050,21,001,"Kentucky","Adair County",3,81,96,44,52
050,21,001,"Kentucky","Adair County",3,82,86,33,53
050,21,001,"Kentucky","Adair County",3,83,82,33,49
050,21,001,"Kentucky","Adair County",3,84,62,24,38
050,21,001,"Kentucky","Adair County",3,85,370,141,229
050,21,001,"Kentucky","Adair County",4,0,194,90,104
050,21,001,"Kentucky","Adair County",4,1,178,80,98
050,21,001,"Kentucky","Adair County",4,2,174,89,85
050,21,001,"Kentucky","Adair County",4,3,195,107,88
050,21,001,"Kentucky","Adair County",4,4,195,96,99
050,21,001,"Kentucky","Adair County",4,5,201,103,98
050,21,001,"Kentucky","Adair County",4,6,230,118,112
050,21,001,"Kentucky","Adair County",4,7,203,111,92
050,21,001,"Kentucky","Adair County",4,8,227,134,93
050,21,001,"Kentucky","Adair County",4,9,215,121,94
050,21,001,"Kentucky","Adair County",4,10,200,105,95
050,21,001,"Kentucky","Adair County",4,11,203,104,99
050,21,001,"Kentucky","Adair County",4,12,203,106,97
050,21,001,"Kentucky","Adair County",4,13,221,102,119
050,21,001,"Kentucky","Adair County",4,14,234,108,126
050,21,001,"Kentucky","Adair County",4,15,237,129,108
050,21,001,"Kentucky","Adair County",4,16,233,129,104
050,21,001,"Kentucky","Adair County",4,17,213,114,99
050,21,001,"Kentucky","Adair County",4,18,332,172,160
050,21,001,"Kentucky","Adair County",4,19,489,253,236
050,21,001,"Kentucky","Adair County",4,20,353,177,176
050,21,001,"Kentucky","Adair County",4,21,318,163,155
050,21,001,"Kentucky","Adair County",4,22,287,148,139
050,21,001,"Kentucky","Adair County",4,23,271,157,114
050,21,001,"Kentucky","Adair County",4,24,233,126,107
050,21,001,"Kentucky","Adair County",4,25,198,113,85
050,21,001,"Kentucky","Adair County",4,26,207,107,100
050,21,001,"Kentucky","Adair County",4,27,203,102,101
050,21,001,"Kentucky","Adair County",4,28,211,106,105
050,21,001,"Kentucky","Adair County",4,29,217,114,103
050,21,001,"Kentucky","Adair County",4,30,242,126,116
050,21,001,"Kentucky","Adair County",4,31,247,118,129
050,21,001,"Kentucky","Adair County",4,32,253,130,123
050,21,001,"Kentucky","Adair County",4,33,216,102,114
050,21,001,"Kentucky","Adair County",4,34,194,93,101
050,21,001,"Kentucky","Adair County",4,35,197,94,103
050,21,001,"Kentucky","Adair County",4,36,196,96,100
050,21,001,"Kentucky","Adair County",4,37,226,122,104
050,21,001,"Kentucky","Adair County",4,38,204,105,99
050,21,001,"Kentucky","Adair County",4,39,187,99,88
050,21,001,"Kentucky","Adair County",4,40,188,88,100
050,21,001,"Kentucky","Adair County",4,41,214,96,118
050,21,001,"Kentucky","Adair County",4,42,221,107,114
050,21,001,"Kentucky","Adair County",4,43,207,96,111
050,21,001,"Kentucky","Adair County",4,44,184,86,98
050,21,001,"Kentucky","Adair County",4,45,190,89,101
050,21,001,"Kentucky","Adair County",4,46,198,95,103
050,21,001,"Kentucky","Adair County",4,47,211,111,100
050,21,001,"Kentucky","Adair County",4,48,236,111,125
050,21,001,"Kentucky","Adair County",4,49,219,113,106
050,21,001,"Kentucky","Adair County",4,50,250,131,119
050,21,001,"Kentucky","Adair County",4,51,264,139,125
050,21,001,"Kentucky","Adair County",4,52,240,130,110
050,21,001,"Kentucky","Adair County",4,53,240,121,119
050,21,001,"Kentucky","Adair County",4,54,256,129,127
050,21,001,"Kentucky","Adair County",4,55,264,135,129
050,21,001,"Kentucky","Adair County",4,56,279,137,142
050,21,001,"Kentucky","Adair County",4,57,282,132,150
050,21,001,"Kentucky","Adair County",4,58,281,127,154
050,21,001,"Kentucky","Adair County",4,59,268,122,146
050,21,001,"Kentucky","Adair County",4,60,292,133,159
050,21,001,"Kentucky","Adair County",4,61,308,143,165
050,21,001,"Kentucky","Adair County",4,62,274,134,140
050,21,001,"Kentucky","Adair County",4,63,264,134,130
050,21,001,"Kentucky","Adair County",4,64,269,130,139
050,21,001,"Kentucky","Adair County",4,65,267,123,144
050,21,001,"Kentucky","Adair County",4,66,256,131,125
050,21,001,"Kentucky","Adair County",4,67,240,126,114
050,21,001,"Kentucky","Adair County",4,68,243,124,119
050,21,001,"Kentucky","Adair County",4,69,232,118,114
050,21,001,"Kentucky","Adair County",4,70,218,113,105
050,21,001,"Kentucky","Adair County",4,71,202,93,109
050,21,001,"Kentucky","Adair County",4,72,217,107,110
050,21,001,"Kentucky","Adair County",4,73,213,99,114
050,21,001,"Kentucky","Adair County",4,74,180,82,98
050,21,001,"Kentucky","Adair County",4,75,188,88,100
050,21,001,"Kentucky","Adair County",4,76,126,62,64
050,21,001,"Kentucky","Adair County",4,77,137,75,62
050,21,001,"Kentucky","Adair County",4,78,121,59,62
050,21,001,"Kentucky","Adair County",4,79,123,52,71
050,21,001,"Kentucky","Adair County",4,80,108,53,55
050,21,001,"Kentucky","Adair County",4,81,79,37,42
050,21,001,"Kentucky","Adair County",4,82,83,36,47
050,21,001,"Kentucky","Adair County",4,83,81,31,50
050,21,001,"Kentucky","Adair County",4,84,76,30,46
050,21,001,"Kentucky","Adair County",4,85,371,132,239
050,21,001,"Kentucky","Adair County",5,0,192,89,103
050,21,001,"Kentucky","Adair County",5,1,192,88,104
050,21,001,"Kentucky","Adair County",5,2,180,83,97
050,21,001,"Kentucky","Adair County",5,3,170,88,82
050,21,001,"Kentucky","Adair County",5,4,202,110,92
050,21,001,"Kentucky","Adair County",5,5,197,98,99
050,21,001,"Kentucky","Adair County",5,6,215,112,103
050,21,001,"Kentucky","Adair County",5,7,232,116,116
050,21,001,"Kentucky","Adair County",5,8,207,111,96
050,21,001,"Kentucky","Adair County",5,9,233,130,103
050,21,001,"Kentucky","Adair County",5,10,229,132,97
050,21,001,"Kentucky","Adair County",5,11,195,100,95
050,21,001,"Kentucky","Adair County",5,12,202,104,98
050,21,001,"Kentucky","Adair County",5,13,202,103,99
050,21,001,"Kentucky","Adair County",5,14,228,110,118
050,21,001,"Kentucky","Adair County",5,15,245,111,134
050,21,001,"Kentucky","Adair County",5,16,238,130,108
050,21,001,"Kentucky","Adair County",5,17,239,133,106
050,21,001,"Kentucky","Adair County",5,18,319,170,149
050,21,001,"Kentucky","Adair County",5,19,487,256,231
050,21,001,"Kentucky","Adair County",5,20,362,165,197
050,21,001,"Kentucky","Adair County",5,21,318,169,149
050,21,001,"Kentucky","Adair County",5,22,304,156,148
050,21,001,"Kentucky","Adair County",5,23,246,138,108
050,21,001,"Kentucky","Adair County",5,24,243,136,107
050,21,001,"Kentucky","Adair County",5,25,221,113,108
050,21,001,"Kentucky","Adair County",5,26,205,129,76
050,21,001,"Kentucky","Adair County",5,27,197,91,106
050,21,001,"Kentucky","Adair County",5,28,207,107,100
050,21,001,"Kentucky","Adair County",5,29,219,109,110
050,21,001,"Kentucky","Adair County",5,30,236,118,118
050,21,001,"Kentucky","Adair County",5,31,232,113,119
050,21,001,"Kentucky","Adair County",5,32,249,124,125
050,21,001,"Kentucky","Adair County",5,33,245,124,121
050,21,001,"Kentucky","Adair County",5,34,219,102,117
050,21,001,"Kentucky","Adair County",5,35,200,95,105
050,21,001,"Kentucky","Adair County",5,36,197,95,102
050,21,001,"Kentucky","Adair County",5,37,206,105,101
050,21,001,"Kentucky","Adair County",5,38,230,122,108
050,21,001,"Kentucky","Adair County",5,39,212,107,105
050,21,001,"Kentucky","Adair County",5,40,196,109,87
050,21,001,"Kentucky","Adair County",5,41,185,86,99
050,21,001,"Kentucky","Adair County",5,42,214,98,116
050,21,001,"Kentucky","Adair County",5,43,221,106,115
050,21,001,"Kentucky","Adair County",5,44,208,98,110
050,21,001,"Kentucky","Adair County",5,45,187,85,102
050,21,001,"Kentucky","Adair County",5,46,188,89,99
050,21,001,"Kentucky","Adair County",5,47,199,97,102
050,21,001,"Kentucky","Adair County",5,48,215,109,106
050,21,001,"Kentucky","Adair County",5,49,240,114,126
050,21,001,"Kentucky","Adair County",5,50,217,110,107
050,21,001,"Kentucky","Adair County",5,51,250,136,114
050,21,001,"Kentucky","Adair County",5,52,269,145,124
050,21,001,"Kentucky","Adair County",5,53,240,122,118
050,21,001,"Kentucky","Adair County",5,54,242,120,122
050,21,001,"Kentucky","Adair County",5,55,259,129,130
050,21,001,"Kentucky","Adair County",5,56,264,136,128
050,21,001,"Kentucky","Adair County",5,57,274,138,136
050,21,001,"Kentucky","Adair County",5,58,284,131,153
050,21,001,"Kentucky","Adair County",5,59,285,132,153
050,21,001,"Kentucky","Adair County",5,60,272,122,150
050,21,001,"Kentucky","Adair County",5,61,295,136,159
050,21,001,"Kentucky","Adair County",5,62,302,138,164
050,21,001,"Kentucky","Adair County",5,63,283,139,144
050,21,001,"Kentucky","Adair County",5,64,262,132,130
050,21,001,"Kentucky","Adair County",5,65,267,125,142
050,21,001,"Kentucky","Adair County",5,66,264,123,141
050,21,001,"Kentucky","Adair County",5,67,256,132,124
050,21,001,"Kentucky","Adair County",5,68,234,120,114
050,21,001,"Kentucky","Adair County",5,69,240,125,115
050,21,001,"Kentucky","Adair County",5,70,232,116,116
050,21,001,"Kentucky","Adair County",5,71,215,107,108
050,21,001,"Kentucky","Adair County",5,72,200,91,109
050,21,001,"Kentucky","Adair County",5,73,212,102,110
050,21,001,"Kentucky","Adair County",5,74,199,94,105
050,21,001,"Kentucky","Adair County",5,75,174,75,99
050,21,001,"Kentucky","Adair County",5,76,179,87,92
050,21,001,"Kentucky","Adair County",5,77,121,59,62
050,21,001,"Kentucky","Adair County",5,78,131,68,63
050,21,001,"Kentucky","Adair County",5,79,111,52,59
050,21,001,"Kentucky","Adair County",5,80,120,56,64
050,21,001,"Kentucky","Adair County",5,81,97,50,47
050,21,001,"Kentucky","Adair County",5,82,63,29,34
050,21,001,"Kentucky","Adair County",5,83,79,34,45
050,21,001,"Kentucky","Adair County",5,84,76,28,48
050,21,001,"Kentucky","Adair County",5,85,391,137,254
050,21,003,"Kentucky","Allen County",1,0,237,122,115
050,21,003,"Kentucky","Allen County",1,1,233,130,103
050,21,003,"Kentucky","Allen County",1,2,252,131,121
050,21,003,"Kentucky","Allen County",1,3,262,142,120
050,21,003,"Kentucky","Allen County",1,4,241,118,123
050,21,003,"Kentucky","Allen County",1,5,247,133,114
050,21,003,"Kentucky","Allen County",1,6,278,145,133
050,21,003,"Kentucky","Allen County",1,7,266,146,120
050,21,003,"Kentucky","Allen County",1,8,246,134,112
050,21,003,"Kentucky","Allen County",1,9,272,131,141
050,21,003,"Kentucky","Allen County",1,10,283,143,140
050,21,003,"Kentucky","Allen County",1,11,303,156,147
050,21,003,"Kentucky","Allen County",1,12,281,147,134
050,21,003,"Kentucky","Allen County",1,13,281,135,146
050,21,003,"Kentucky","Allen County",1,14,264,136,128
050,21,003,"Kentucky","Allen County",1,15,280,156,124
050,21,003,"Kentucky","Allen County",1,16,270,140,130
050,21,003,"Kentucky","Allen County",1,17,275,136,139
050,21,003,"Kentucky","Allen County",1,18,241,134,107
050,21,003,"Kentucky","Allen County",1,19,194,111,83
050,21,003,"Kentucky","Allen County",1,20,216,110,106
050,21,003,"Kentucky","Allen County",1,21,204,104,100
050,21,003,"Kentucky","Allen County",1,22,207,112,95
050,21,003,"Kentucky","Allen County",1,23,209,118,91
050,21,003,"Kentucky","Allen County",1,24,225,118,107
050,21,003,"Kentucky","Allen County",1,25,236,110,126
050,21,003,"Kentucky","Allen County",1,26,257,123,134
050,21,003,"Kentucky","Allen County",1,27,284,146,138
050,21,003,"Kentucky","Allen County",1,28,260,125,135
050,21,003,"Kentucky","Allen County",1,29,280,132,148
050,21,003,"Kentucky","Allen County",1,30,287,136,151
050,21,003,"Kentucky","Allen County",1,31,284,142,142
050,21,003,"Kentucky","Allen County",1,32,233,119,114
050,21,003,"Kentucky","Allen County",1,33,240,124,116
050,21,003,"Kentucky","Allen County",1,34,229,120,109
050,21,003,"Kentucky","Allen County",1,35,231,115,116
050,21,003,"Kentucky","Allen County",1,36,240,118,122
050,21,003,"Kentucky","Allen County",1,37,235,112,123
050,21,003,"Kentucky","Allen County",1,38,240,118,122
050,21,003,"Kentucky","Allen County",1,39,234,111,123
050,21,003,"Kentucky","Allen County",1,40,243,126,117
050,21,003,"Kentucky","Allen County",1,41,230,117,113
050,21,003,"Kentucky","Allen County",1,42,247,123,124
050,21,003,"Kentucky","Allen County",1,43,226,110,116
050,21,003,"Kentucky","Allen County",1,44,255,125,130
050,21,003,"Kentucky","Allen County",1,45,252,126,126
050,21,003,"Kentucky","Allen County",1,46,273,143,130
050,21,003,"Kentucky","Allen County",1,47,282,150,132
050,21,003,"Kentucky","Allen County",1,48,296,155,141
050,21,003,"Kentucky","Allen County",1,49,280,150,130
050,21,003,"Kentucky","Allen County",1,50,284,132,152
050,21,003,"Kentucky","Allen County",1,51,304,141,163
050,21,003,"Kentucky","Allen County",1,52,265,139,126
050,21,003,"Kentucky","Allen County",1,53,252,127,125
050,21,003,"Kentucky","Allen County",1,54,294,146,148
050,21,003,"Kentucky","Allen County",1,55,308,153,155
050,21,003,"Kentucky","Allen County",1,56,323,157,166
050,21,003,"Kentucky","Allen County",1,57,288,139,149
050,21,003,"Kentucky","Allen County",1,58,302,150,152
050,21,003,"Kentucky","Allen County",1,59,280,137,143
050,21,003,"Kentucky","Allen County",1,60,289,142,147
050,21,003,"Kentucky","Allen County",1,61,291,159,132
050,21,003,"Kentucky","Allen County",1,62,305,169,136
050,21,003,"Kentucky","Allen County",1,63,260,136,124
050,21,003,"Kentucky","Allen County",1,64,246,119,127
050,21,003,"Kentucky","Allen County",1,65,243,119,124
050,21,003,"Kentucky","Allen County",1,66,262,127,135
050,21,003,"Kentucky","Allen County",1,67,238,119,119
050,21,003,"Kentucky","Allen County",1,68,222,109,113
050,21,003,"Kentucky","Allen County",1,69,226,106,120
050,21,003,"Kentucky","Allen County",1,70,216,96,120
050,21,003,"Kentucky","Allen County",1,71,224,115,109
050,21,003,"Kentucky","Allen County",1,72,209,99,110
050,21,003,"Kentucky","Allen County",1,73,218,102,116
050,21,003,"Kentucky","Allen County",1,74,167,74,93
050,21,003,"Kentucky","Allen County",1,75,168,77,91
050,21,003,"Kentucky","Allen County",1,76,154,69,85
050,21,003,"Kentucky","Allen County",1,77,159,76,83
050,21,003,"Kentucky","Allen County",1,78,123,55,68
050,21,003,"Kentucky","Allen County",1,79,111,59,52
050,21,003,"Kentucky","Allen County",1,80,116,54,62
050,21,003,"Kentucky","Allen County",1,81,96,45,51
050,21,003,"Kentucky","Allen County",1,82,83,32,51
050,21,003,"Kentucky","Allen County",1,83,66,27,39
050,21,003,"Kentucky","Allen County",1,84,66,31,35
050,21,003,"Kentucky","Allen County",1,85,301,117,184
050,21,003,"Kentucky","Allen County",2,0,232,124,108
050,21,003,"Kentucky","Allen County",2,1,234,128,106
050,21,003,"Kentucky","Allen County",2,2,251,132,119
050,21,003,"Kentucky","Allen County",2,3,257,137,120
050,21,003,"Kentucky","Allen County",2,4,247,125,122
050,21,003,"Kentucky","Allen County",2,5,246,131,115
050,21,003,"Kentucky","Allen County",2,6,272,144,128
050,21,003,"Kentucky","Allen County",2,7,266,144,122
050,21,003,"Kentucky","Allen County",2,8,250,136,114
050,21,003,"Kentucky","Allen County",2,9,264,132,132
050,21,003,"Kentucky","Allen County",2,10,283,142,141
050,21,003,"Kentucky","Allen County",2,11,297,153,144
050,21,003,"Kentucky","Allen County",2,12,287,149,138
050,21,003,"Kentucky","Allen County",2,13,278,137,141
050,21,003,"Kentucky","Allen County",2,14,270,137,133
050,21,003,"Kentucky","Allen County",2,15,279,151,128
050,21,003,"Kentucky","Allen County",2,16,271,143,128
050,21,003,"Kentucky","Allen County",2,17,273,137,136
050,21,003,"Kentucky","Allen County",2,18,235,129,106
050,21,003,"Kentucky","Allen County",2,19,196,110,86
050,21,003,"Kentucky","Allen County",2,20,213,110,103
050,21,003,"Kentucky","Allen County",2,21,209,108,101
050,21,003,"Kentucky","Allen County",2,22,207,111,96
050,21,003,"Kentucky","Allen County",2,23,212,119,93
050,21,003,"Kentucky","Allen County",2,24,221,119,102
050,21,003,"Kentucky","Allen County",2,25,234,112,122
050,21,003,"Kentucky","Allen County",2,26,254,121,133
050,21,003,"Kentucky","Allen County",2,27,275,139,136
050,21,003,"Kentucky","Allen County",2,28,267,130,137
050,21,003,"Kentucky","Allen County",2,29,276,132,144
050,21,003,"Kentucky","Allen County",2,30,290,137,153
050,21,003,"Kentucky","Allen County",2,31,282,139,143
050,21,003,"Kentucky","Allen County",2,32,243,122,121
050,21,003,"Kentucky","Allen County",2,33,239,123,116
050,21,003,"Kentucky","Allen County",2,34,230,120,110
050,21,003,"Kentucky","Allen County",2,35,233,117,116
050,21,003,"Kentucky","Allen County",2,36,235,116,119
050,21,003,"Kentucky","Allen County",2,37,236,114,122
050,21,003,"Kentucky","Allen County",2,38,239,116,123
050,21,003,"Kentucky","Allen County",2,39,236,112,124
050,21,003,"Kentucky","Allen County",2,40,242,123,119
050,21,003,"Kentucky","Allen County",2,41,233,119,114
050,21,003,"Kentucky","Allen County",2,42,240,120,120
050,21,003,"Kentucky","Allen County",2,43,233,114,119
050,21,003,"Kentucky","Allen County",2,44,248,121,127
050,21,003,"Kentucky","Allen County",2,45,255,126,129
050,21,003,"Kentucky","Allen County",2,46,272,141,131
050,21,003,"Kentucky","Allen County",2,47,280,148,132
050,21,003,"Kentucky","Allen County",2,48,291,153,138
050,21,003,"Kentucky","Allen County",2,49,284,152,132
050,21,003,"Kentucky","Allen County",2,50,288,139,149
050,21,003,"Kentucky","Allen County",2,51,296,136,160
050,21,003,"Kentucky","Allen County",2,52,269,138,131
050,21,003,"Kentucky","Allen County",2,53,256,130,126
050,21,003,"Kentucky","Allen County",2,54,283,142,141
050,21,003,"Kentucky","Allen County",2,55,306,151,155
050,21,003,"Kentucky","Allen County",2,56,319,157,162
050,21,003,"Kentucky","Allen County",2,57,299,145,154
050,21,003,"Kentucky","Allen County",2,58,300,148,152
050,21,003,"Kentucky","Allen County",2,59,287,142,145
050,21,003,"Kentucky","Allen County",2,60,285,139,146
050,21,003,"Kentucky","Allen County",2,61,290,154,136
050,21,003,"Kentucky","Allen County",2,62,299,164,135
050,21,003,"Kentucky","Allen County",2,63,272,144,128
050,21,003,"Kentucky","Allen County",2,64,246,122,124
050,21,003,"Kentucky","Allen County",2,65,243,118,125
050,21,003,"Kentucky","Allen County",2,66,257,125,132
050,21,003,"Kentucky","Allen County",2,67,239,118,121
050,21,003,"Kentucky","Allen County",2,68,224,111,113
050,21,003,"Kentucky","Allen County",2,69,226,108,118
050,21,003,"Kentucky","Allen County",2,70,216,97,119
050,21,003,"Kentucky","Allen County",2,71,222,110,112
050,21,003,"Kentucky","Allen County",2,72,210,102,108
050,21,003,"Kentucky","Allen County",2,73,225,106,119
050,21,003,"Kentucky","Allen County",2,74,169,77,92
050,21,003,"Kentucky","Allen County",2,75,167,75,92
050,21,003,"Kentucky","Allen County",2,76,155,70,85
050,21,003,"Kentucky","Allen County",2,77,161,76,85
050,21,003,"Kentucky","Allen County",2,78,127,56,71
050,21,003,"Kentucky","Allen County",2,79,109,58,51
050,21,003,"Kentucky","Allen County",2,80,112,52,60
050,21,003,"Kentucky","Allen County",2,81,97,46,51
050,21,003,"Kentucky","Allen County",2,82,89,37,52
050,21,003,"Kentucky","Allen County",2,83,66,26,40
050,21,003,"Kentucky","Allen County",2,84,61,27,34
050,21,003,"Kentucky","Allen County",2,85,307,119,188
050,21,003,"Kentucky","Allen County",3,0,257,139,118
050,21,003,"Kentucky","Allen County",3,1,229,116,113
050,21,003,"Kentucky","Allen County",3,2,238,129,109
050,21,003,"Kentucky","Allen County",3,3,252,133,119
050,21,003,"Kentucky","Allen County",3,4,254,135,119
050,21,003,"Kentucky","Allen County",3,5,241,123,118
050,21,003,"Kentucky","Allen County",3,6,245,129,116
050,21,003,"Kentucky","Allen County",3,7,275,140,135
050,21,003,"Kentucky","Allen County",3,8,268,143,125
050,21,003,"Kentucky","Allen County",3,9,255,136,119
050,21,003,"Kentucky","Allen County",3,10,279,142,137
050,21,003,"Kentucky","Allen County",3,11,286,142,144
050,21,003,"Kentucky","Allen County",3,12,296,148,148
050,21,003,"Kentucky","Allen County",3,13,283,145,138
050,21,003,"Kentucky","Allen County",3,14,278,137,141
050,21,003,"Kentucky","Allen County",3,15,275,140,135
050,21,003,"Kentucky","Allen County",3,16,276,151,125
050,21,003,"Kentucky","Allen County",3,17,265,137,128
050,21,003,"Kentucky","Allen County",3,18,231,118,113
050,21,003,"Kentucky","Allen County",3,19,191,107,84
050,21,003,"Kentucky","Allen County",3,20,213,113,100
050,21,003,"Kentucky","Allen County",3,21,228,121,107
050,21,003,"Kentucky","Allen County",3,22,229,118,111
050,21,003,"Kentucky","Allen County",3,23,231,121,110
050,21,003,"Kentucky","Allen County",3,24,217,121,96
050,21,003,"Kentucky","Allen County",3,25,226,118,108
050,21,003,"Kentucky","Allen County",3,26,253,125,128
050,21,003,"Kentucky","Allen County",3,27,267,125,142
050,21,003,"Kentucky","Allen County",3,28,270,140,130
050,21,003,"Kentucky","Allen County",3,29,264,126,138
050,21,003,"Kentucky","Allen County",3,30,269,127,142
050,21,003,"Kentucky","Allen County",3,31,302,143,159
050,21,003,"Kentucky","Allen County",3,32,289,150,139
050,21,003,"Kentucky","Allen County",3,33,252,127,125
050,21,003,"Kentucky","Allen County",3,34,242,128,114
050,21,003,"Kentucky","Allen County",3,35,230,116,114
050,21,003,"Kentucky","Allen County",3,36,249,126,123
050,21,003,"Kentucky","Allen County",3,37,227,113,114
050,21,003,"Kentucky","Allen County",3,38,251,119,132
050,21,003,"Kentucky","Allen County",3,39,242,113,129
050,21,003,"Kentucky","Allen County",3,40,244,118,126
050,21,003,"Kentucky","Allen County",3,41,246,128,118
050,21,003,"Kentucky","Allen County",3,42,242,122,120
050,21,003,"Kentucky","Allen County",3,43,243,118,125
050,21,003,"Kentucky","Allen County",3,44,242,121,121
050,21,003,"Kentucky","Allen County",3,45,248,121,127
050,21,003,"Kentucky","Allen County",3,46,265,132,133
050,21,003,"Kentucky","Allen County",3,47,268,144,124
050,21,003,"Kentucky","Allen County",3,48,292,156,136
050,21,003,"Kentucky","Allen County",3,49,295,151,144
050,21,003,"Kentucky","Allen County",3,50,300,159,141
050,21,003,"Kentucky","Allen County",3,51,285,145,140
050,21,003,"Kentucky","Allen County",3,52,298,139,159
050,21,003,"Kentucky","Allen County",3,53,272,138,134
050,21,003,"Kentucky","Allen County",3,54,274,142,132
050,21,003,"Kentucky","Allen County",3,55,286,137,149
050,21,003,"Kentucky","Allen County",3,56,309,151,158
050,21,003,"Kentucky","Allen County",3,57,334,167,167
050,21,003,"Kentucky","Allen County",3,58,303,150,153
050,21,003,"Kentucky","Allen County",3,59,300,146,154
050,21,003,"Kentucky","Allen County",3,60,284,137,147
050,21,003,"Kentucky","Allen County",3,61,276,132,144
050,21,003,"Kentucky","Allen County",3,62,293,155,138
050,21,003,"Kentucky","Allen County",3,63,302,162,140
050,21,003,"Kentucky","Allen County",3,64,265,144,121
050,21,003,"Kentucky","Allen County",3,65,248,124,124
050,21,003,"Kentucky","Allen County",3,66,236,116,120
050,21,003,"Kentucky","Allen County",3,67,250,123,127
050,21,003,"Kentucky","Allen County",3,68,238,116,122
050,21,003,"Kentucky","Allen County",3,69,223,114,109
050,21,003,"Kentucky","Allen County",3,70,228,106,122
050,21,003,"Kentucky","Allen County",3,71,204,90,114
050,21,003,"Kentucky","Allen County",3,72,219,107,112
050,21,003,"Kentucky","Allen County",3,73,207,98,109
050,21,003,"Kentucky","Allen County",3,74,217,101,116
050,21,003,"Kentucky","Allen County",3,75,166,72,94
050,21,003,"Kentucky","Allen County",3,76,161,74,87
050,21,003,"Kentucky","Allen County",3,77,136,61,75
050,21,003,"Kentucky","Allen County",3,78,150,68,82
050,21,003,"Kentucky","Allen County",3,79,115,53,62
050,21,003,"Kentucky","Allen County",3,80,104,55,49
050,21,003,"Kentucky","Allen County",3,81,100,47,53
050,21,003,"Kentucky","Allen County",3,82,106,51,55
050,21,003,"Kentucky","Allen County",3,83,68,23,45
050,21,003,"Kentucky","Allen County",3,84,59,23,36
050,21,003,"Kentucky","Allen County",3,85,313,122,191
050,21,003,"Kentucky","Allen County",4,0,265,124,141
050,21,003,"Kentucky","Allen County",4,1,265,129,136
050,21,003,"Kentucky","Allen County",4,2,239,123,116
050,21,003,"Kentucky","Allen County",4,3,243,131,112
050,21,003,"Kentucky","Allen County",4,4,261,129,132
050,21,003,"Kentucky","Allen County",4,5,255,133,122
050,21,003,"Kentucky","Allen County",4,6,247,123,124
050,21,003,"Kentucky","Allen County",4,7,247,138,109
050,21,003,"Kentucky","Allen County",4,8,277,145,132
050,21,003,"Kentucky","Allen County",4,9,279,147,132
050,21,003,"Kentucky","Allen County",4,10,269,147,122
050,21,003,"Kentucky","Allen County",4,11,282,141,141
050,21,003,"Kentucky","Allen County",4,12,304,148,156
050,21,003,"Kentucky","Allen County",4,13,305,155,150
050,21,003,"Kentucky","Allen County",4,14,292,143,149
050,21,003,"Kentucky","Allen County",4,15,289,143,146
050,21,003,"Kentucky","Allen County",4,16,279,141,138
050,21,003,"Kentucky","Allen County",4,17,282,151,131
050,21,003,"Kentucky","Allen County",4,18,233,124,109
050,21,003,"Kentucky","Allen County",4,19,175,90,85
050,21,003,"Kentucky","Allen County",4,20,201,110,91
050,21,003,"Kentucky","Allen County",4,21,232,121,111
050,21,003,"Kentucky","Allen County",4,22,244,124,120
050,21,003,"Kentucky","Allen County",4,23,237,122,115
050,21,003,"Kentucky","Allen County",4,24,244,133,111
050,21,003,"Kentucky","Allen County",4,25,220,117,103
050,21,003,"Kentucky","Allen County",4,26,248,126,122
050,21,003,"Kentucky","Allen County",4,27,277,135,142
050,21,003,"Kentucky","Allen County",4,28,272,130,142
050,21,003,"Kentucky","Allen County",4,29,276,143,133
050,21,003,"Kentucky","Allen County",4,30,288,138,150
050,21,003,"Kentucky","Allen County",4,31,296,142,154
050,21,003,"Kentucky","Allen County",4,32,312,149,163
050,21,003,"Kentucky","Allen County",4,33,299,158,141
050,21,003,"Kentucky","Allen County",4,34,263,141,122
050,21,003,"Kentucky","Allen County",4,35,252,131,121
050,21,003,"Kentucky","Allen County",4,36,230,114,116
050,21,003,"Kentucky","Allen County",4,37,251,123,128
050,21,003,"Kentucky","Allen County",4,38,238,118,120
050,21,003,"Kentucky","Allen County",4,39,256,119,137
050,21,003,"Kentucky","Allen County",4,40,250,118,132
050,21,003,"Kentucky","Allen County",4,41,247,122,125
050,21,003,"Kentucky","Allen County",4,42,246,125,121
050,21,003,"Kentucky","Allen County",4,43,249,128,121
050,21,003,"Kentucky","Allen County",4,44,251,127,124
050,21,003,"Kentucky","Allen County",4,45,243,116,127
050,21,003,"Kentucky","Allen County",4,46,256,121,135
050,21,003,"Kentucky","Allen County",4,47,262,130,132
050,21,003,"Kentucky","Allen County",4,48,272,151,121
050,21,003,"Kentucky","Allen County",4,49,279,150,129
050,21,003,"Kentucky","Allen County",4,50,291,148,143
050,21,003,"Kentucky","Allen County",4,51,299,149,150
050,21,003,"Kentucky","Allen County",4,52,288,145,143
050,21,003,"Kentucky","Allen County",4,53,299,141,158
050,21,003,"Kentucky","Allen County",4,54,276,142,134
050,21,003,"Kentucky","Allen County",4,55,285,142,143
050,21,003,"Kentucky","Allen County",4,56,284,140,144
050,21,003,"Kentucky","Allen County",4,57,319,153,166
050,21,003,"Kentucky","Allen County",4,58,337,165,172
050,21,003,"Kentucky","Allen County",4,59,318,157,161
050,21,003,"Kentucky","Allen County",4,60,294,142,152
050,21,003,"Kentucky","Allen County",4,61,288,138,150
050,21,003,"Kentucky","Allen County",4,62,278,132,146
050,21,003,"Kentucky","Allen County",4,63,298,157,141
050,21,003,"Kentucky","Allen County",4,64,308,162,146
050,21,003,"Kentucky","Allen County",4,65,273,149,124
050,21,003,"Kentucky","Allen County",4,66,245,125,120
050,21,003,"Kentucky","Allen County",4,67,244,124,120
050,21,003,"Kentucky","Allen County",4,68,235,114,121
050,21,003,"Kentucky","Allen County",4,69,237,114,123
050,21,003,"Kentucky","Allen County",4,70,218,109,109
050,21,003,"Kentucky","Allen County",4,71,218,102,116
050,21,003,"Kentucky","Allen County",4,72,202,90,112
050,21,003,"Kentucky","Allen County",4,73,216,101,115
050,21,003,"Kentucky","Allen County",4,74,195,91,104
050,21,003,"Kentucky","Allen County",4,75,203,93,110
050,21,003,"Kentucky","Allen County",4,76,169,73,96
050,21,003,"Kentucky","Allen County",4,77,149,67,82
050,21,003,"Kentucky","Allen County",4,78,127,56,71
050,21,003,"Kentucky","Allen County",4,79,139,61,78
050,21,003,"Kentucky","Allen County",4,80,106,45,61
050,21,003,"Kentucky","Allen County",4,81,93,49,44
050,21,003,"Kentucky","Allen County",4,82,104,50,54
050,21,003,"Kentucky","Allen County",4,83,94,41,53
050,21,003,"Kentucky","Allen County",4,84,66,23,43
050,21,003,"Kentucky","Allen County",4,85,309,115,194
050,21,003,"Kentucky","Allen County",5,0,267,125,142
050,21,003,"Kentucky","Allen County",5,1,272,134,138
050,21,003,"Kentucky","Allen County",5,2,262,130,132
050,21,003,"Kentucky","Allen County",5,3,242,128,114
050,21,003,"Kentucky","Allen County",5,4,252,136,116
050,21,003,"Kentucky","Allen County",5,5,261,124,137
050,21,003,"Kentucky","Allen County",5,6,270,141,129
050,21,003,"Kentucky","Allen County",5,7,247,119,128
050,21,003,"Kentucky","Allen County",5,8,264,145,119
050,21,003,"Kentucky","Allen County",5,9,286,151,135
050,21,003,"Kentucky","Allen County",5,10,288,149,139
050,21,003,"Kentucky","Allen County",5,11,278,141,137
050,21,003,"Kentucky","Allen County",5,12,293,149,144
050,21,003,"Kentucky","Allen County",5,13,300,143,157
050,21,003,"Kentucky","Allen County",5,14,320,160,160
050,21,003,"Kentucky","Allen County",5,15,309,149,160
050,21,003,"Kentucky","Allen County",5,16,295,145,150
050,21,003,"Kentucky","Allen County",5,17,291,148,143
050,21,003,"Kentucky","Allen County",5,18,241,133,108
050,21,003,"Kentucky","Allen County",5,19,183,103,80
050,21,003,"Kentucky","Allen County",5,20,185,90,95
050,21,003,"Kentucky","Allen County",5,21,210,113,97
050,21,003,"Kentucky","Allen County",5,22,269,146,123
050,21,003,"Kentucky","Allen County",5,23,266,130,136
050,21,003,"Kentucky","Allen County",5,24,236,130,106
050,21,003,"Kentucky","Allen County",5,25,263,143,120
050,21,003,"Kentucky","Allen County",5,26,240,119,121
050,21,003,"Kentucky","Allen County",5,27,248,131,117
050,21,003,"Kentucky","Allen County",5,28,275,128,147
050,21,003,"Kentucky","Allen County",5,29,274,125,149
050,21,003,"Kentucky","Allen County",5,30,278,132,146
050,21,003,"Kentucky","Allen County",5,31,304,149,155
050,21,003,"Kentucky","Allen County",5,32,316,156,160
050,21,003,"Kentucky","Allen County",5,33,314,145,169
050,21,003,"Kentucky","Allen County",5,34,308,164,144
050,21,003,"Kentucky","Allen County",5,35,267,143,124
050,21,003,"Kentucky","Allen County",5,36,258,124,134
050,21,003,"Kentucky","Allen County",5,37,233,117,116
050,21,003,"Kentucky","Allen County",5,38,258,128,130
050,21,003,"Kentucky","Allen County",5,39,246,123,123
050,21,003,"Kentucky","Allen County",5,40,273,134,139
050,21,003,"Kentucky","Allen County",5,41,262,125,137
050,21,003,"Kentucky","Allen County",5,42,239,114,125
050,21,003,"Kentucky","Allen County",5,43,246,123,123
050,21,003,"Kentucky","Allen County",5,44,252,133,119
050,21,003,"Kentucky","Allen County",5,45,259,130,129
050,21,003,"Kentucky","Allen County",5,46,252,119,133
050,21,003,"Kentucky","Allen County",5,47,263,126,137
050,21,003,"Kentucky","Allen County",5,48,284,143,141
050,21,003,"Kentucky","Allen County",5,49,281,158,123
050,21,003,"Kentucky","Allen County",5,50,289,153,136
050,21,003,"Kentucky","Allen County",5,51,302,153,149
050,21,003,"Kentucky","Allen County",5,52,316,159,157
050,21,003,"Kentucky","Allen County",5,53,301,153,148
050,21,003,"Kentucky","Allen County",5,54,290,136,154
050,21,003,"Kentucky","Allen County",5,55,271,143,128
050,21,003,"Kentucky","Allen County",5,56,295,147,148
050,21,003,"Kentucky","Allen County",5,57,291,145,146
050,21,003,"Kentucky","Allen County",5,58,318,153,165
050,21,003,"Kentucky","Allen County",5,59,345,174,171
050,21,003,"Kentucky","Allen County",5,60,320,160,160
050,21,003,"Kentucky","Allen County",5,61,296,145,151
050,21,003,"Kentucky","Allen County",5,62,300,138,162
050,21,003,"Kentucky","Allen County",5,63,270,124,146
050,21,003,"Kentucky","Allen County",5,64,306,163,143
050,21,003,"Kentucky","Allen County",5,65,298,156,142
050,21,003,"Kentucky","Allen County",5,66,265,142,123
050,21,003,"Kentucky","Allen County",5,67,252,128,124
050,21,003,"Kentucky","Allen County",5,68,240,122,118
050,21,003,"Kentucky","Allen County",5,69,239,118,121
050,21,003,"Kentucky","Allen County",5,70,240,115,125
050,21,003,"Kentucky","Allen County",5,71,217,109,108
050,21,003,"Kentucky","Allen County",5,72,215,100,115
050,21,003,"Kentucky","Allen County",5,73,200,88,112
050,21,003,"Kentucky","Allen County",5,74,207,98,109
050,21,003,"Kentucky","Allen County",5,75,196,92,104
050,21,003,"Kentucky","Allen County",5,76,205,97,108
050,21,003,"Kentucky","Allen County",5,77,156,67,89
050,21,003,"Kentucky","Allen County",5,78,140,61,79
050,21,003,"Kentucky","Allen County",5,79,119,52,67
050,21,003,"Kentucky","Allen County",5,80,129,56,73
050,21,003,"Kentucky","Allen County",5,81,89,36,53
050,21,003,"Kentucky","Allen County",5,82,100,52,48
050,21,003,"Kentucky","Allen County",5,83,87,38,49
050,21,003,"Kentucky","Allen County",5,84,88,40,48
050,21,003,"Kentucky","Allen County",5,85,316,115,201
050,21,005,"Kentucky","Anderson County",1,0,249,127,122
050,21,005,"Kentucky","Anderson County",1,1,253,132,121
050,21,005,"Kentucky","Anderson County",1,2,291,152,139
050,21,005,"Kentucky","Anderson County",1,3,302,159,143
050,21,005,"Kentucky","Anderson County",1,4,303,165,138
050,21,005,"Kentucky","Anderson County",1,5,306,166,140
050,21,005,"Kentucky","Anderson County",1,6,311,153,158
050,21,005,"Kentucky","Anderson County",1,7,321,163,158
050,21,005,"Kentucky","Anderson County",1,8,301,159,142
050,21,005,"Kentucky","Anderson County",1,9,287,160,127
050,21,005,"Kentucky","Anderson County",1,10,320,172,148
050,21,005,"Kentucky","Anderson County",1,11,366,195,171
050,21,005,"Kentucky","Anderson County",1,12,355,188,167
050,21,005,"Kentucky","Anderson County",1,13,368,190,178
050,21,005,"Kentucky","Anderson County",1,14,340,173,167
050,21,005,"Kentucky","Anderson County",1,15,326,171,155
050,21,005,"Kentucky","Anderson County",1,16,320,170,150
050,21,005,"Kentucky","Anderson County",1,17,326,174,152
050,21,005,"Kentucky","Anderson County",1,18,264,149,115
050,21,005,"Kentucky","Anderson County",1,19,230,114,116
050,21,005,"Kentucky","Anderson County",1,20,246,131,115
050,21,005,"Kentucky","Anderson County",1,21,236,118,118
050,21,005,"Kentucky","Anderson County",1,22,233,112,121
050,21,005,"Kentucky","Anderson County",1,23,275,143,132
050,21,005,"Kentucky","Anderson County",1,24,269,129,140
050,21,005,"Kentucky","Anderson County",1,25,276,133,143
050,21,005,"Kentucky","Anderson County",1,26,301,146,155
050,21,005,"Kentucky","Anderson County",1,27,284,142,142
050,21,005,"Kentucky","Anderson County",1,28,302,158,144
050,21,005,"Kentucky","Anderson County",1,29,311,152,159
050,21,005,"Kentucky","Anderson County",1,30,297,131,166
050,21,005,"Kentucky","Anderson County",1,31,295,133,162
050,21,005,"Kentucky","Anderson County",1,32,256,122,134
050,21,005,"Kentucky","Anderson County",1,33,272,132,140
050,21,005,"Kentucky","Anderson County",1,34,274,133,141
050,21,005,"Kentucky","Anderson County",1,35,279,136,143
050,21,005,"Kentucky","Anderson County",1,36,299,146,153
050,21,005,"Kentucky","Anderson County",1,37,279,129,150
050,21,005,"Kentucky","Anderson County",1,38,268,121,147
050,21,005,"Kentucky","Anderson County",1,39,300,143,157
050,21,005,"Kentucky","Anderson County",1,40,286,145,141
050,21,005,"Kentucky","Anderson County",1,41,282,145,137
050,21,005,"Kentucky","Anderson County",1,42,306,156,150
050,21,005,"Kentucky","Anderson County",1,43,323,154,169
050,21,005,"Kentucky","Anderson County",1,44,321,153,168
050,21,005,"Kentucky","Anderson County",1,45,327,160,167
050,21,005,"Kentucky","Anderson County",1,46,337,173,164
050,21,005,"Kentucky","Anderson County",1,47,339,167,172
050,21,005,"Kentucky","Anderson County",1,48,363,178,185
050,21,005,"Kentucky","Anderson County",1,49,364,182,182
050,21,005,"Kentucky","Anderson County",1,50,357,189,168
050,21,005,"Kentucky","Anderson County",1,51,335,167,168
050,21,005,"Kentucky","Anderson County",1,52,327,156,171
050,21,005,"Kentucky","Anderson County",1,53,351,168,183
050,21,005,"Kentucky","Anderson County",1,54,363,196,167
050,21,005,"Kentucky","Anderson County",1,55,393,197,196
050,21,005,"Kentucky","Anderson County",1,56,364,180,184
050,21,005,"Kentucky","Anderson County",1,57,369,182,187
050,21,005,"Kentucky","Anderson County",1,58,363,170,193
050,21,005,"Kentucky","Anderson County",1,59,362,188,174
050,21,005,"Kentucky","Anderson County",1,60,334,168,166
050,21,005,"Kentucky","Anderson County",1,61,317,159,158
050,21,005,"Kentucky","Anderson County",1,62,291,150,141
050,21,005,"Kentucky","Anderson County",1,63,289,145,144
050,21,005,"Kentucky","Anderson County",1,64,280,150,130
050,21,005,"Kentucky","Anderson County",1,65,267,145,122
050,21,005,"Kentucky","Anderson County",1,66,271,143,128
050,21,005,"Kentucky","Anderson County",1,67,283,139,144
050,21,005,"Kentucky","Anderson County",1,68,247,114,133
050,21,005,"Kentucky","Anderson County",1,69,253,126,127
050,21,005,"Kentucky","Anderson County",1,70,240,101,139
050,21,005,"Kentucky","Anderson County",1,71,226,103,123
050,21,005,"Kentucky","Anderson County",1,72,225,96,129
050,21,005,"Kentucky","Anderson County",1,73,233,106,127
050,21,005,"Kentucky","Anderson County",1,74,151,75,76
050,21,005,"Kentucky","Anderson County",1,75,149,65,84
050,21,005,"Kentucky","Anderson County",1,76,136,58,78
050,21,005,"Kentucky","Anderson County",1,77,150,69,81
050,21,005,"Kentucky","Anderson County",1,78,120,58,62
050,21,005,"Kentucky","Anderson County",1,79,109,43,66
050,21,005,"Kentucky","Anderson County",1,80,108,41,67
050,21,005,"Kentucky","Anderson County",1,81,92,40,52
050,21,005,"Kentucky","Anderson County",1,82,88,41,47
050,21,005,"Kentucky","Anderson County",1,83,78,37,41
050,21,005,"Kentucky","Anderson County",1,84,71,35,36
050,21,005,"Kentucky","Anderson County",1,85,332,87,245
050,21,005,"Kentucky","Anderson County",2,0,243,127,116
050,21,005,"Kentucky","Anderson County",2,1,253,132,121
050,21,005,"Kentucky","Anderson County",2,2,281,146,135
050,21,005,"Kentucky","Anderson County",2,3,297,156,141
050,21,005,"Kentucky","Anderson County",2,4,306,167,139
050,21,005,"Kentucky","Anderson County",2,5,307,165,142
050,21,005,"Kentucky","Anderson County",2,6,315,160,155
050,21,005,"Kentucky","Anderson County",2,7,319,161,158
050,21,005,"Kentucky","Anderson County",2,8,305,161,144
050,21,005,"Kentucky","Anderson County",2,9,293,161,132
050,21,005,"Kentucky","Anderson County",2,10,313,169,144
050,21,005,"Kentucky","Anderson County",2,11,351,187,164
050,21,005,"Kentucky","Anderson County",2,12,355,190,165
050,21,005,"Kentucky","Anderson County",2,13,361,188,173
050,21,005,"Kentucky","Anderson County",2,14,345,178,167
050,21,005,"Kentucky","Anderson County",2,15,330,172,158
050,21,005,"Kentucky","Anderson County",2,16,322,172,150
050,21,005,"Kentucky","Anderson County",2,17,323,174,149
050,21,005,"Kentucky","Anderson County",2,18,268,150,118
050,21,005,"Kentucky","Anderson County",2,19,226,117,109
050,21,005,"Kentucky","Anderson County",2,20,247,129,118
050,21,005,"Kentucky","Anderson County",2,21,243,124,119
050,21,005,"Kentucky","Anderson County",2,22,240,116,124
050,21,005,"Kentucky","Anderson County",2,23,270,136,134
050,21,005,"Kentucky","Anderson County",2,24,274,133,141
050,21,005,"Kentucky","Anderson County",2,25,279,134,145
050,21,005,"Kentucky","Anderson County",2,26,294,141,153
050,21,005,"Kentucky","Anderson County",2,27,287,144,143
050,21,005,"Kentucky","Anderson County",2,28,300,156,144
050,21,005,"Kentucky","Anderson County",2,29,313,156,157
050,21,005,"Kentucky","Anderson County",2,30,305,138,167
050,21,005,"Kentucky","Anderson County",2,31,294,132,162
050,21,005,"Kentucky","Anderson County",2,32,263,124,139
050,21,005,"Kentucky","Anderson County",2,33,265,127,138
050,21,005,"Kentucky","Anderson County",2,34,273,133,140
050,21,005,"Kentucky","Anderson County",2,35,282,139,143
050,21,005,"Kentucky","Anderson County",2,36,291,141,150
050,21,005,"Kentucky","Anderson County",2,37,281,131,150
050,21,005,"Kentucky","Anderson County",2,38,270,121,149
050,21,005,"Kentucky","Anderson County",2,39,289,136,153
050,21,005,"Kentucky","Anderson County",2,40,290,147,143
050,21,005,"Kentucky","Anderson County",2,41,282,145,137
050,21,005,"Kentucky","Anderson County",2,42,300,153,147
050,21,005,"Kentucky","Anderson County",2,43,322,155,167
050,21,005,"Kentucky","Anderson County",2,44,318,152,166
050,21,005,"Kentucky","Anderson County",2,45,330,159,171
050,21,005,"Kentucky","Anderson County",2,46,332,168,164
050,21,005,"Kentucky","Anderson County",2,47,337,168,169
050,21,005,"Kentucky","Anderson County",2,48,356,175,181
050,21,005,"Kentucky","Anderson County",2,49,365,182,183
050,21,005,"Kentucky","Anderson County",2,50,361,187,174
050,21,005,"Kentucky","Anderson County",2,51,341,173,168
050,21,005,"Kentucky","Anderson County",2,52,332,160,172
050,21,005,"Kentucky","Anderson County",2,53,346,167,179
050,21,005,"Kentucky","Anderson County",2,54,360,189,171
050,21,005,"Kentucky","Anderson County",2,55,387,197,190
050,21,005,"Kentucky","Anderson County",2,56,372,184,188
050,21,005,"Kentucky","Anderson County",2,57,368,182,186
050,21,005,"Kentucky","Anderson County",2,58,364,172,192
050,21,005,"Kentucky","Anderson County",2,59,364,185,179
050,21,005,"Kentucky","Anderson County",2,60,340,172,168
050,21,005,"Kentucky","Anderson County",2,61,321,163,158
050,21,005,"Kentucky","Anderson County",2,62,296,152,144
050,21,005,"Kentucky","Anderson County",2,63,290,145,145
050,21,005,"Kentucky","Anderson County",2,64,281,148,133
050,21,005,"Kentucky","Anderson County",2,65,269,145,124
050,21,005,"Kentucky","Anderson County",2,66,271,144,127
050,21,005,"Kentucky","Anderson County",2,67,278,138,140
050,21,005,"Kentucky","Anderson County",2,68,253,119,134
050,21,005,"Kentucky","Anderson County",2,69,252,123,129
050,21,005,"Kentucky","Anderson County",2,70,241,106,135
050,21,005,"Kentucky","Anderson County",2,71,228,103,125
050,21,005,"Kentucky","Anderson County",2,72,221,97,124
050,21,005,"Kentucky","Anderson County",2,73,242,108,134
050,21,005,"Kentucky","Anderson County",2,74,160,78,82
050,21,005,"Kentucky","Anderson County",2,75,148,66,82
050,21,005,"Kentucky","Anderson County",2,76,139,59,80
050,21,005,"Kentucky","Anderson County",2,77,147,68,79
050,21,005,"Kentucky","Anderson County",2,78,124,58,66
050,21,005,"Kentucky","Anderson County",2,79,110,46,64
050,21,005,"Kentucky","Anderson County",2,80,105,41,64
050,21,005,"Kentucky","Anderson County",2,81,95,40,55
050,21,005,"Kentucky","Anderson County",2,82,88,40,48
050,21,005,"Kentucky","Anderson County",2,83,78,37,41
050,21,005,"Kentucky","Anderson County",2,84,73,36,37
050,21,005,"Kentucky","Anderson County",2,85,333,88,245
050,21,005,"Kentucky","Anderson County",3,0,264,138,126
050,21,005,"Kentucky","Anderson County",3,1,253,135,118
050,21,005,"Kentucky","Anderson County",3,2,264,129,135
050,21,005,"Kentucky","Anderson County",3,3,289,151,138
050,21,005,"Kentucky","Anderson County",3,4,304,163,141
050,21,005,"Kentucky","Anderson County",3,5,320,173,147
050,21,005,"Kentucky","Anderson County",3,6,297,158,139
050,21,005,"Kentucky","Anderson County",3,7,335,175,160
050,21,005,"Kentucky","Anderson County",3,8,312,158,154
050,21,005,"Kentucky","Anderson County",3,9,310,165,145
050,21,005,"Kentucky","Anderson County",3,10,294,158,136
050,21,005,"Kentucky","Anderson County",3,11,316,168,148
050,21,005,"Kentucky","Anderson County",3,12,349,182,167
050,21,005,"Kentucky","Anderson County",3,13,359,191,168
050,21,005,"Kentucky","Anderson County",3,14,368,192,176
050,21,005,"Kentucky","Anderson County",3,15,354,189,165
050,21,005,"Kentucky","Anderson County",3,16,332,168,164
050,21,005,"Kentucky","Anderson County",3,17,326,174,152
050,21,005,"Kentucky","Anderson County",3,18,268,153,115
050,21,005,"Kentucky","Anderson County",3,19,194,106,88
050,21,005,"Kentucky","Anderson County",3,20,234,125,109
050,21,005,"Kentucky","Anderson County",3,21,260,131,129
050,21,005,"Kentucky","Anderson County",3,22,262,129,133
050,21,005,"Kentucky","Anderson County",3,23,259,124,135
050,21,005,"Kentucky","Anderson County",3,24,276,141,135
050,21,005,"Kentucky","Anderson County",3,25,280,141,139
050,21,005,"Kentucky","Anderson County",3,26,285,141,144
050,21,005,"Kentucky","Anderson County",3,27,294,142,152
050,21,005,"Kentucky","Anderson County",3,28,294,153,141
050,21,005,"Kentucky","Anderson County",3,29,308,161,147
050,21,005,"Kentucky","Anderson County",3,30,321,162,159
050,21,005,"Kentucky","Anderson County",3,31,319,145,174
050,21,005,"Kentucky","Anderson County",3,32,290,135,155
050,21,005,"Kentucky","Anderson County",3,33,262,128,134
050,21,005,"Kentucky","Anderson County",3,34,274,135,139
050,21,005,"Kentucky","Anderson County",3,35,284,139,145
050,21,005,"Kentucky","Anderson County",3,36,293,143,150
050,21,005,"Kentucky","Anderson County",3,37,284,134,150
050,21,005,"Kentucky","Anderson County",3,38,282,129,153
050,21,005,"Kentucky","Anderson County",3,39,280,127,153
050,21,005,"Kentucky","Anderson County",3,40,271,123,148
050,21,005,"Kentucky","Anderson County",3,41,294,148,146
050,21,005,"Kentucky","Anderson County",3,42,269,139,130
050,21,005,"Kentucky","Anderson County",3,43,308,158,150
050,21,005,"Kentucky","Anderson County",3,44,334,163,171
050,21,005,"Kentucky","Anderson County",3,45,319,154,165
050,21,005,"Kentucky","Anderson County",3,46,336,162,174
050,21,005,"Kentucky","Anderson County",3,47,338,173,165
050,21,005,"Kentucky","Anderson County",3,48,345,169,176
050,21,005,"Kentucky","Anderson County",3,49,359,184,175
050,21,005,"Kentucky","Anderson County",3,50,366,185,181
050,21,005,"Kentucky","Anderson County",3,51,363,188,175
050,21,005,"Kentucky","Anderson County",3,52,353,181,172
050,21,005,"Kentucky","Anderson County",3,53,332,163,169
050,21,005,"Kentucky","Anderson County",3,54,343,161,182
050,21,005,"Kentucky","Anderson County",3,55,366,188,178
050,21,005,"Kentucky","Anderson County",3,56,386,198,188
050,21,005,"Kentucky","Anderson County",3,57,371,186,185
050,21,005,"Kentucky","Anderson County",3,58,367,185,182
050,21,005,"Kentucky","Anderson County",3,59,352,167,185
050,21,005,"Kentucky","Anderson County",3,60,360,178,182
050,21,005,"Kentucky","Anderson County",3,61,337,168,169
050,21,005,"Kentucky","Anderson County",3,62,319,157,162
050,21,005,"Kentucky","Anderson County",3,63,292,146,146
050,21,005,"Kentucky","Anderson County",3,64,280,141,139
050,21,005,"Kentucky","Anderson County",3,65,275,146,129
050,21,005,"Kentucky","Anderson County",3,66,266,140,126
050,21,005,"Kentucky","Anderson County",3,67,272,145,127
050,21,005,"Kentucky","Anderson County",3,68,270,137,133
050,21,005,"Kentucky","Anderson County",3,69,254,118,136
050,21,005,"Kentucky","Anderson County",3,70,246,121,125
050,21,005,"Kentucky","Anderson County",3,71,236,105,131
050,21,005,"Kentucky","Anderson County",3,72,221,102,119
050,21,005,"Kentucky","Anderson County",3,73,221,98,123
050,21,005,"Kentucky","Anderson County",3,74,241,109,132
050,21,005,"Kentucky","Anderson County",3,75,152,70,82
050,21,005,"Kentucky","Anderson County",3,76,140,60,80
050,21,005,"Kentucky","Anderson County",3,77,135,56,79
050,21,005,"Kentucky","Anderson County",3,78,135,63,72
050,21,005,"Kentucky","Anderson County",3,79,116,52,64
050,21,005,"Kentucky","Anderson County",3,80,105,44,61
050,21,005,"Kentucky","Anderson County",3,81,103,39,64
050,21,005,"Kentucky","Anderson County",3,82,94,36,58
050,21,005,"Kentucky","Anderson County",3,83,81,38,43
050,21,005,"Kentucky","Anderson County",3,84,64,30,34
050,21,005,"Kentucky","Anderson County",3,85,348,101,247
050,21,005,"Kentucky","Anderson County",4,0,249,132,117
050,21,005,"Kentucky","Anderson County",4,1,276,155,121
050,21,005,"Kentucky","Anderson County",4,2,254,136,118
050,21,005,"Kentucky","Anderson County",4,3,274,137,137
050,21,005,"Kentucky","Anderson County",4,4,297,150,147
050,21,005,"Kentucky","Anderson County",4,5,321,179,142
050,21,005,"Kentucky","Anderson County",4,6,322,179,143
050,21,005,"Kentucky","Anderson County",4,7,306,167,139
050,21,005,"Kentucky","Anderson County",4,8,332,167,165
050,21,005,"Kentucky","Anderson County",4,9,320,162,158
050,21,005,"Kentucky","Anderson County",4,10,316,161,155
050,21,005,"Kentucky","Anderson County",4,11,297,163,134
050,21,005,"Kentucky","Anderson County",4,12,325,172,153
050,21,005,"Kentucky","Anderson County",4,13,342,179,163
050,21,005,"Kentucky","Anderson County",4,14,357,189,168
050,21,005,"Kentucky","Anderson County",4,15,363,191,172
050,21,005,"Kentucky","Anderson County",4,16,351,187,164
050,21,005,"Kentucky","Anderson County",4,17,332,173,159
050,21,005,"Kentucky","Anderson County",4,18,278,150,128
050,21,005,"Kentucky","Anderson County",4,19,210,124,86
050,21,005,"Kentucky","Anderson County",4,20,201,111,90
050,21,005,"Kentucky","Anderson County",4,21,243,129,114
050,21,005,"Kentucky","Anderson County",4,22,297,149,148
050,21,005,"Kentucky","Anderson County",4,23,260,133,127
050,21,005,"Kentucky","Anderson County",4,24,259,123,136
050,21,005,"Kentucky","Anderson County",4,25,287,139,148
050,21,005,"Kentucky","Anderson County",4,26,304,155,149
050,21,005,"Kentucky","Anderson County",4,27,297,152,145
050,21,005,"Kentucky","Anderson County",4,28,296,138,158
050,21,005,"Kentucky","Anderson County",4,29,306,161,145
050,21,005,"Kentucky","Anderson County",4,30,323,163,160
050,21,005,"Kentucky","Anderson County",4,31,323,161,162
050,21,005,"Kentucky","Anderson County",4,32,315,153,162
050,21,005,"Kentucky","Anderson County",4,33,308,143,165
050,21,005,"Kentucky","Anderson County",4,34,271,130,141
050,21,005,"Kentucky","Anderson County",4,35,271,132,139
050,21,005,"Kentucky","Anderson County",4,36,288,143,145
050,21,005,"Kentucky","Anderson County",4,37,312,153,159
050,21,005,"Kentucky","Anderson County",4,38,280,132,148
050,21,005,"Kentucky","Anderson County",4,39,288,136,152
050,21,005,"Kentucky","Anderson County",4,40,265,115,150
050,21,005,"Kentucky","Anderson County",4,41,275,123,152
050,21,005,"Kentucky","Anderson County",4,42,306,153,153
050,21,005,"Kentucky","Anderson County",4,43,279,146,133
050,21,005,"Kentucky","Anderson County",4,44,307,153,154
050,21,005,"Kentucky","Anderson County",4,45,333,163,170
050,21,005,"Kentucky","Anderson County",4,46,325,158,167
050,21,005,"Kentucky","Anderson County",4,47,335,161,174
050,21,005,"Kentucky","Anderson County",4,48,339,174,165
050,21,005,"Kentucky","Anderson County",4,49,336,162,174
050,21,005,"Kentucky","Anderson County",4,50,371,190,181
050,21,005,"Kentucky","Anderson County",4,51,377,191,186
050,21,005,"Kentucky","Anderson County",4,52,361,184,177
050,21,005,"Kentucky","Anderson County",4,53,348,173,175
050,21,005,"Kentucky","Anderson County",4,54,330,166,164
050,21,005,"Kentucky","Anderson County",4,55,350,163,187
050,21,005,"Kentucky","Anderson County",4,56,370,195,175
050,21,005,"Kentucky","Anderson County",4,57,373,186,187
050,21,005,"Kentucky","Anderson County",4,58,369,184,185
050,21,005,"Kentucky","Anderson County",4,59,368,179,189
050,21,005,"Kentucky","Anderson County",4,60,355,170,185
050,21,005,"Kentucky","Anderson County",4,61,353,181,172
050,21,005,"Kentucky","Anderson County",4,62,334,166,168
050,21,005,"Kentucky","Anderson County",4,63,311,158,153
050,21,005,"Kentucky","Anderson County",4,64,292,146,146
050,21,005,"Kentucky","Anderson County",4,65,280,144,136
050,21,005,"Kentucky","Anderson County",4,66,264,141,123
050,21,005,"Kentucky","Anderson County",4,67,260,135,125
050,21,005,"Kentucky","Anderson County",4,68,261,140,121
050,21,005,"Kentucky","Anderson County",4,69,260,125,135
050,21,005,"Kentucky","Anderson County",4,70,252,118,134
050,21,005,"Kentucky","Anderson County",4,71,242,115,127
050,21,005,"Kentucky","Anderson County",4,72,226,99,127
050,21,005,"Kentucky","Anderson County",4,73,212,98,114
050,21,005,"Kentucky","Anderson County",4,74,221,101,120
050,21,005,"Kentucky","Anderson County",4,75,231,104,127
050,21,005,"Kentucky","Anderson County",4,76,143,64,79
050,21,005,"Kentucky","Anderson County",4,77,132,55,77
050,21,005,"Kentucky","Anderson County",4,78,127,54,73
050,21,005,"Kentucky","Anderson County",4,79,127,61,66
050,21,005,"Kentucky","Anderson County",4,80,110,48,62
050,21,005,"Kentucky","Anderson County",4,81,102,44,58
050,21,005,"Kentucky","Anderson County",4,82,99,34,65
050,21,005,"Kentucky","Anderson County",4,83,86,36,50
050,21,005,"Kentucky","Anderson County",4,84,69,32,37
050,21,005,"Kentucky","Anderson County",4,85,356,113,243
050,21,005,"Kentucky","Anderson County",5,0,247,130,117
050,21,005,"Kentucky","Anderson County",5,1,261,145,116
050,21,005,"Kentucky","Anderson County",5,2,291,164,127
050,21,005,"Kentucky","Anderson County",5,3,256,136,120
050,21,005,"Kentucky","Anderson County",5,4,288,143,145
050,21,005,"Kentucky","Anderson County",5,5,313,159,154
050,21,005,"Kentucky","Anderson County",5,6,317,177,140
050,21,005,"Kentucky","Anderson County",5,7,331,189,142
050,21,005,"Kentucky","Anderson County",5,8,316,165,151
050,21,005,"Kentucky","Anderson County",5,9,338,173,165
050,21,005,"Kentucky","Anderson County",5,10,323,162,161
050,21,005,"Kentucky","Anderson County",5,11,322,167,155
050,21,005,"Kentucky","Anderson County",5,12,306,165,141
050,21,005,"Kentucky","Anderson County",5,13,322,170,152
050,21,005,"Kentucky","Anderson County",5,14,353,187,166
050,21,005,"Kentucky","Anderson County",5,15,362,189,173
050,21,005,"Kentucky","Anderson County",5,16,369,191,178
050,21,005,"Kentucky","Anderson County",5,17,352,190,162
050,21,005,"Kentucky","Anderson County",5,18,277,148,129
050,21,005,"Kentucky","Anderson County",5,19,210,115,95
050,21,005,"Kentucky","Anderson County",5,20,237,132,105
050,21,005,"Kentucky","Anderson County",5,21,220,110,110
050,21,005,"Kentucky","Anderson County",5,22,267,138,129
050,21,005,"Kentucky","Anderson County",5,23,310,150,160
050,21,005,"Kentucky","Anderson County",5,24,263,143,120
050,21,005,"Kentucky","Anderson County",5,25,281,133,148
050,21,005,"Kentucky","Anderson County",5,26,299,155,144
050,21,005,"Kentucky","Anderson County",5,27,309,151,158
050,21,005,"Kentucky","Anderson County",5,28,295,144,151
050,21,005,"Kentucky","Anderson County",5,29,315,148,167
050,21,005,"Kentucky","Anderson County",5,30,322,169,153
050,21,005,"Kentucky","Anderson County",5,31,333,163,170
050,21,005,"Kentucky","Anderson County",5,32,349,186,163
050,21,005,"Kentucky","Anderson County",5,33,332,150,182
050,21,005,"Kentucky","Anderson County",5,34,307,138,169
050,21,005,"Kentucky","Anderson County",5,35,276,134,142
050,21,005,"Kentucky","Anderson County",5,36,282,134,148
050,21,005,"Kentucky","Anderson County",5,37,295,145,150
050,21,005,"Kentucky","Anderson County",5,38,311,155,156
050,21,005,"Kentucky","Anderson County",5,39,291,144,147
050,21,005,"Kentucky","Anderson County",5,40,282,140,142
050,21,005,"Kentucky","Anderson County",5,41,276,122,154
050,21,005,"Kentucky","Anderson County",5,42,284,128,156
050,21,005,"Kentucky","Anderson County",5,43,302,149,153
050,21,005,"Kentucky","Anderson County",5,44,290,150,140
050,21,005,"Kentucky","Anderson County",5,45,322,160,162
050,21,005,"Kentucky","Anderson County",5,46,331,162,169
050,21,005,"Kentucky","Anderson County",5,47,331,156,175
050,21,005,"Kentucky","Anderson County",5,48,348,168,180
050,21,005,"Kentucky","Anderson County",5,49,336,169,167
050,21,005,"Kentucky","Anderson County",5,50,342,167,175
050,21,005,"Kentucky","Anderson County",5,51,371,187,184
050,21,005,"Kentucky","Anderson County",5,52,381,198,183
050,21,005,"Kentucky","Anderson County",5,53,358,183,175
050,21,005,"Kentucky","Anderson County",5,54,353,175,178
050,21,005,"Kentucky","Anderson County",5,55,320,159,161
050,21,005,"Kentucky","Anderson County",5,56,350,164,186
050,21,005,"Kentucky","Anderson County",5,57,366,193,173
050,21,005,"Kentucky","Anderson County",5,58,376,187,189
050,21,005,"Kentucky","Anderson County",5,59,369,185,184
050,21,005,"Kentucky","Anderson County",5,60,366,177,189
050,21,005,"Kentucky","Anderson County",5,61,364,175,189
050,21,005,"Kentucky","Anderson County",5,62,344,176,168
050,21,005,"Kentucky","Anderson County",5,63,328,163,165
050,21,005,"Kentucky","Anderson County",5,64,309,155,154
050,21,005,"Kentucky","Anderson County",5,65,299,150,149
050,21,005,"Kentucky","Anderson County",5,66,279,144,135
050,21,005,"Kentucky","Anderson County",5,67,254,136,118
050,21,005,"Kentucky","Anderson County",5,68,251,130,121
050,21,005,"Kentucky","Anderson County",5,69,254,136,118
050,21,005,"Kentucky","Anderson County",5,70,252,119,133
050,21,005,"Kentucky","Anderson County",5,71,246,111,135
050,21,005,"Kentucky","Anderson County",5,72,239,115,124
050,21,005,"Kentucky","Anderson County",5,73,224,99,125
050,21,005,"Kentucky","Anderson County",5,74,206,97,109
050,21,005,"Kentucky","Anderson County",5,75,212,97,115
050,21,005,"Kentucky","Anderson County",5,76,220,98,122
050,21,005,"Kentucky","Anderson County",5,77,138,60,78
050,21,005,"Kentucky","Anderson County",5,78,123,52,71
050,21,005,"Kentucky","Anderson County",5,79,117,49,68
050,21,005,"Kentucky","Anderson County",5,80,120,58,62
050,21,005,"Kentucky","Anderson County",5,81,106,49,57
050,21,005,"Kentucky","Anderson County",5,82,97,37,60
050,21,005,"Kentucky","Anderson County",5,83,91,33,58
050,21,005,"Kentucky","Anderson County",5,84,73,33,40
050,21,005,"Kentucky","Anderson County",5,85,365,122,243
050,21,007,"Kentucky","Ballard County",1,0,73,37,36
050,21,007,"Kentucky","Ballard County",1,1,79,41,38
050,21,007,"Kentucky","Ballard County",1,2,78,42,36
050,21,007,"Kentucky","Ballard County",1,3,71,40,31
050,21,007,"Kentucky","Ballard County",1,4,96,46,50
050,21,007,"Kentucky","Ballard County",1,5,80,43,37
050,21,007,"Kentucky","Ballard County",1,6,89,47,42
050,21,007,"Kentucky","Ballard County",1,7,79,39,40
050,21,007,"Kentucky","Ballard County",1,8,91,49,42
050,21,007,"Kentucky","Ballard County",1,9,98,55,43
050,21,007,"Kentucky","Ballard County",1,10,96,47,49
050,21,007,"Kentucky","Ballard County",1,11,102,50,52
050,21,007,"Kentucky","Ballard County",1,12,101,54,47
050,21,007,"Kentucky","Ballard County",1,13,92,44,48
050,21,007,"Kentucky","Ballard County",1,14,91,44,47
050,21,007,"Kentucky","Ballard County",1,15,99,50,49
050,21,007,"Kentucky","Ballard County",1,16,109,54,55
050,21,007,"Kentucky","Ballard County",1,17,98,57,41
050,21,007,"Kentucky","Ballard County",1,18,92,56,36
050,21,007,"Kentucky","Ballard County",1,19,75,52,23
050,21,007,"Kentucky","Ballard County",1,20,90,46,44
050,21,007,"Kentucky","Ballard County",1,21,84,35,49
050,21,007,"Kentucky","Ballard County",1,22,76,36,40
050,21,007,"Kentucky","Ballard County",1,23,91,50,41
050,21,007,"Kentucky","Ballard County",1,24,86,45,41
050,21,007,"Kentucky","Ballard County",1,25,84,51,33
050,21,007,"Kentucky","Ballard County",1,26,83,48,35
050,21,007,"Kentucky","Ballard County",1,27,85,44,41
050,21,007,"Kentucky","Ballard County",1,28,80,46,34
050,21,007,"Kentucky","Ballard County",1,29,79,38,41
050,21,007,"Kentucky","Ballard County",1,30,82,38,44
050,21,007,"Kentucky","Ballard County",1,31,74,36,38
050,21,007,"Kentucky","Ballard County",1,32,77,32,45
050,21,007,"Kentucky","Ballard County",1,33,78,36,42
050,21,007,"Kentucky","Ballard County",1,34,100,62,38
050,21,007,"Kentucky","Ballard County",1,35,77,43,34
050,21,007,"Kentucky","Ballard County",1,36,86,39,47
050,21,007,"Kentucky","Ballard County",1,37,84,37,47
050,21,007,"Kentucky","Ballard County",1,38,77,36,41
050,21,007,"Kentucky","Ballard County",1,39,83,39,44
050,21,007,"Kentucky","Ballard County",1,40,106,53,53
050,21,007,"Kentucky","Ballard County",1,41,94,54,40
050,21,007,"Kentucky","Ballard County",1,42,102,53,49
050,21,007,"Kentucky","Ballard County",1,43,118,58,60
050,21,007,"Kentucky","Ballard County",1,44,96,49,47
050,21,007,"Kentucky","Ballard County",1,45,88,50,38
050,21,007,"Kentucky","Ballard County",1,46,88,46,42
050,21,007,"Kentucky","Ballard County",1,47,103,52,51
050,21,007,"Kentucky","Ballard County",1,48,114,54,60
050,21,007,"Kentucky","Ballard County",1,49,111,59,52
050,21,007,"Kentucky","Ballard County",1,50,106,53,53
050,21,007,"Kentucky","Ballard County",1,51,106,53,53
050,21,007,"Kentucky","Ballard County",1,52,98,53,45
050,21,007,"Kentucky","Ballard County",1,53,92,42,50
050,21,007,"Kentucky","Ballard County",1,54,108,51,57
050,21,007,"Kentucky","Ballard County",1,55,103,51,52
050,21,007,"Kentucky","Ballard County",1,56,108,58,50
050,21,007,"Kentucky","Ballard County",1,57,110,56,54
050,21,007,"Kentucky","Ballard County",1,58,114,53,61
050,21,007,"Kentucky","Ballard County",1,59,98,46,52
050,21,007,"Kentucky","Ballard County",1,60,112,56,56
050,21,007,"Kentucky","Ballard County",1,61,116,53,63
050,21,007,"Kentucky","Ballard County",1,62,120,60,60
050,21,007,"Kentucky","Ballard County",1,63,127,64,63
050,21,007,"Kentucky","Ballard County",1,64,126,62,64
050,21,007,"Kentucky","Ballard County",1,65,117,58,59
050,21,007,"Kentucky","Ballard County",1,66,109,54,55
050,21,007,"Kentucky","Ballard County",1,67,96,53,43
050,21,007,"Kentucky","Ballard County",1,68,99,48,51
050,21,007,"Kentucky","Ballard County",1,69,100,50,50
050,21,007,"Kentucky","Ballard County",1,70,94,51,43
050,21,007,"Kentucky","Ballard County",1,71,100,51,49
050,21,007,"Kentucky","Ballard County",1,72,84,39,45
050,21,007,"Kentucky","Ballard County",1,73,83,41,42
050,21,007,"Kentucky","Ballard County",1,74,63,29,34
050,21,007,"Kentucky","Ballard County",1,75,69,27,42
050,21,007,"Kentucky","Ballard County",1,76,67,24,43
050,21,007,"Kentucky","Ballard County",1,77,58,27,31
050,21,007,"Kentucky","Ballard County",1,78,50,24,26
050,21,007,"Kentucky","Ballard County",1,79,56,25,31
050,21,007,"Kentucky","Ballard County",1,80,51,18,33
050,21,007,"Kentucky","Ballard County",1,81,40,16,24
050,21,007,"Kentucky","Ballard County",1,82,45,22,23
050,21,007,"Kentucky","Ballard County",1,83,31,14,17
050,21,007,"Kentucky","Ballard County",1,84,30,16,14
050,21,007,"Kentucky","Ballard County",1,85,179,68,111
050,21,007,"Kentucky","Ballard County",2,0,64,33,31
050,21,007,"Kentucky","Ballard County",2,1,78,40,38
050,21,007,"Kentucky","Ballard County",2,2,78,42,36
050,21,007,"Kentucky","Ballard County",2,3,76,43,33
050,21,007,"Kentucky","Ballard County",2,4,90,46,44
050,21,007,"Kentucky","Ballard County",2,5,85,44,41
050,21,007,"Kentucky","Ballard County",2,6,86,45,41
050,21,007,"Kentucky","Ballard County",2,7,80,42,38
050,21,007,"Kentucky","Ballard County",2,8,88,46,42
050,21,007,"Kentucky","Ballard County",2,9,95,52,43
050,21,007,"Kentucky","Ballard County",2,10,97,49,48
050,21,007,"Kentucky","Ballard County",2,11,101,50,51
050,21,007,"Kentucky","Ballard County",2,12,101,53,48
050,21,007,"Kentucky","Ballard County",2,13,92,46,46
050,21,007,"Kentucky","Ballard County",2,14,92,45,47
050,21,007,"Kentucky","Ballard County",2,15,95,47,48
050,21,007,"Kentucky","Ballard County",2,16,106,53,53
050,21,007,"Kentucky","Ballard County",2,17,101,57,44
050,21,007,"Kentucky","Ballard County",2,18,88,54,34
050,21,007,"Kentucky","Ballard County",2,19,75,50,25
050,21,007,"Kentucky","Ballard County",2,20,87,47,40
050,21,007,"Kentucky","Ballard County",2,21,86,37,49
050,21,007,"Kentucky","Ballard County",2,22,80,37,43
050,21,007,"Kentucky","Ballard County",2,23,92,49,43
050,21,007,"Kentucky","Ballard County",2,24,87,46,41
050,21,007,"Kentucky","Ballard County",2,25,85,51,34
050,21,007,"Kentucky","Ballard County",2,26,86,49,37
050,21,007,"Kentucky","Ballard County",2,27,84,45,39
050,21,007,"Kentucky","Ballard County",2,28,81,45,36
050,21,007,"Kentucky","Ballard County",2,29,83,42,41
050,21,007,"Kentucky","Ballard County",2,30,83,39,44
050,21,007,"Kentucky","Ballard County",2,31,75,37,38
050,21,007,"Kentucky","Ballard County",2,32,75,32,43
050,21,007,"Kentucky","Ballard County",2,33,78,36,42
050,21,007,"Kentucky","Ballard County",2,34,93,54,39
050,21,007,"Kentucky","Ballard County",2,35,85,48,37
050,21,007,"Kentucky","Ballard County",2,36,83,39,44
050,21,007,"Kentucky","Ballard County",2,37,84,37,47
050,21,007,"Kentucky","Ballard County",2,38,79,37,42
050,21,007,"Kentucky","Ballard County",2,39,82,38,44
050,21,007,"Kentucky","Ballard County",2,40,102,51,51
050,21,007,"Kentucky","Ballard County",2,41,99,55,44
050,21,007,"Kentucky","Ballard County",2,42,101,53,48
050,21,007,"Kentucky","Ballard County",2,43,117,58,59
050,21,007,"Kentucky","Ballard County",2,44,98,50,48
050,21,007,"Kentucky","Ballard County",2,45,92,51,41
050,21,007,"Kentucky","Ballard County",2,46,85,45,40
050,21,007,"Kentucky","Ballard County",2,47,99,50,49
050,21,007,"Kentucky","Ballard County",2,48,112,54,58
050,21,007,"Kentucky","Ballard County",2,49,111,58,53
050,21,007,"Kentucky","Ballard County",2,50,106,54,52
050,21,007,"Kentucky","Ballard County",2,51,106,53,53
050,21,007,"Kentucky","Ballard County",2,52,99,52,47
050,21,007,"Kentucky","Ballard County",2,53,93,44,49
050,21,007,"Kentucky","Ballard County",2,54,105,49,56
050,21,007,"Kentucky","Ballard County",2,55,104,50,54
050,21,007,"Kentucky","Ballard County",2,56,109,58,51
050,21,007,"Kentucky","Ballard County",2,57,112,58,54
050,21,007,"Kentucky","Ballard County",2,58,112,53,59
050,21,007,"Kentucky","Ballard County",2,59,102,47,55
050,21,007,"Kentucky","Ballard County",2,60,107,53,54
050,21,007,"Kentucky","Ballard County",2,61,114,54,60
050,21,007,"Kentucky","Ballard County",2,62,116,57,59
050,21,007,"Kentucky","Ballard County",2,63,125,62,63
050,21,007,"Kentucky","Ballard County",2,64,121,59,62
050,21,007,"Kentucky","Ballard County",2,65,119,59,60
050,21,007,"Kentucky","Ballard County",2,66,109,53,56
050,21,007,"Kentucky","Ballard County",2,67,100,54,46
050,21,007,"Kentucky","Ballard County",2,68,95,46,49
050,21,007,"Kentucky","Ballard County",2,69,100,50,50
050,21,007,"Kentucky","Ballard County",2,70,94,50,44
050,21,007,"Kentucky","Ballard County",2,71,97,50,47
050,21,007,"Kentucky","Ballard County",2,72,85,41,44
050,21,007,"Kentucky","Ballard County",2,73,87,43,44
050,21,007,"Kentucky","Ballard County",2,74,62,29,33
050,21,007,"Kentucky","Ballard County",2,75,69,28,41
050,21,007,"Kentucky","Ballard County",2,76,66,24,42
050,21,007,"Kentucky","Ballard County",2,77,60,26,34
050,21,007,"Kentucky","Ballard County",2,78,51,24,27
050,21,007,"Kentucky","Ballard County",2,79,53,24,29
050,21,007,"Kentucky","Ballard County",2,80,54,20,34
050,21,007,"Kentucky","Ballard County",2,81,42,17,25
050,21,007,"Kentucky","Ballard County",2,82,43,21,22
050,21,007,"Kentucky","Ballard County",2,83,33,16,17
050,21,007,"Kentucky","Ballard County",2,84,31,16,15
050,21,007,"Kentucky","Ballard County",2,85,180,69,111
050,21,007,"Kentucky","Ballard County",3,0,74,44,30
050,21,007,"Kentucky","Ballard County",3,1,67,36,31
050,21,007,"Kentucky","Ballard County",3,2,76,35,41
050,21,007,"Kentucky","Ballard County",3,3,75,41,34
050,21,007,"Kentucky","Ballard County",3,4,75,45,30
050,21,007,"Kentucky","Ballard County",3,5,90,47,43
050,21,007,"Kentucky","Ballard County",3,6,90,42,48
050,21,007,"Kentucky","Ballard County",3,7,80,43,37
050,21,007,"Kentucky","Ballard County",3,8,81,47,34
050,21,007,"Kentucky","Ballard County",3,9,91,45,46
050,21,007,"Kentucky","Ballard County",3,10,100,56,44
050,21,007,"Kentucky","Ballard County",3,11,88,45,43
050,21,007,"Kentucky","Ballard County",3,12,101,46,55
050,21,007,"Kentucky","Ballard County",3,13,97,55,42
050,21,007,"Kentucky","Ballard County",3,14,92,44,48
050,21,007,"Kentucky","Ballard County",3,15,92,44,48
050,21,007,"Kentucky","Ballard County",3,16,102,51,51
050,21,007,"Kentucky","Ballard County",3,17,104,54,50
050,21,007,"Kentucky","Ballard County",3,18,82,46,36
050,21,007,"Kentucky","Ballard County",3,19,75,45,30
050,21,007,"Kentucky","Ballard County",3,20,76,51,25
050,21,007,"Kentucky","Ballard County",3,21,92,45,47
050,21,007,"Kentucky","Ballard County",3,22,92,41,51
050,21,007,"Kentucky","Ballard County",3,23,79,39,40
050,21,007,"Kentucky","Ballard County",3,24,88,47,41
050,21,007,"Kentucky","Ballard County",3,25,87,43,44
050,21,007,"Kentucky","Ballard County",3,26,91,54,37
050,21,007,"Kentucky","Ballard County",3,27,87,48,39
050,21,007,"Kentucky","Ballard County",3,28,92,47,45
050,21,007,"Kentucky","Ballard County",3,29,98,54,44
050,21,007,"Kentucky","Ballard County",3,30,84,44,40
050,21,007,"Kentucky","Ballard County",3,31,83,44,39
050,21,007,"Kentucky","Ballard County",3,32,70,34,36
050,21,007,"Kentucky","Ballard County",3,33,79,34,45
050,21,007,"Kentucky","Ballard County",3,34,64,27,37
050,21,007,"Kentucky","Ballard County",3,35,91,52,39
050,21,007,"Kentucky","Ballard County",3,36,85,47,38
050,21,007,"Kentucky","Ballard County",3,37,84,43,41
050,21,007,"Kentucky","Ballard County",3,38,81,37,44
050,21,007,"Kentucky","Ballard County",3,39,75,36,39
050,21,007,"Kentucky","Ballard County",3,40,92,39,53
050,21,007,"Kentucky","Ballard County",3,41,96,49,47
050,21,007,"Kentucky","Ballard County",3,42,100,55,45
050,21,007,"Kentucky","Ballard County",3,43,101,51,50
050,21,007,"Kentucky","Ballard County",3,44,117,62,55
050,21,007,"Kentucky","Ballard County",3,45,103,54,49
050,21,007,"Kentucky","Ballard County",3,46,94,51,43
050,21,007,"Kentucky","Ballard County",3,47,85,45,40
050,21,007,"Kentucky","Ballard County",3,48,100,51,49
050,21,007,"Kentucky","Ballard County",3,49,111,55,56
050,21,007,"Kentucky","Ballard County",3,50,114,60,54
050,21,007,"Kentucky","Ballard County",3,51,108,58,50
050,21,007,"Kentucky","Ballard County",3,52,108,57,51
050,21,007,"Kentucky","Ballard County",3,53,98,48,50
050,21,007,"Kentucky","Ballard County",3,54,93,44,49
050,21,007,"Kentucky","Ballard County",3,55,103,49,54
050,21,007,"Kentucky","Ballard County",3,56,106,48,58
050,21,007,"Kentucky","Ballard County",3,57,111,60,51
050,21,007,"Kentucky","Ballard County",3,58,110,59,51
050,21,007,"Kentucky","Ballard County",3,59,110,53,57
050,21,007,"Kentucky","Ballard County",3,60,102,47,55
050,21,007,"Kentucky","Ballard County",3,61,107,52,55
050,21,007,"Kentucky","Ballard County",3,62,106,47,59
050,21,007,"Kentucky","Ballard County",3,63,116,59,57
050,21,007,"Kentucky","Ballard County",3,64,119,58,61
050,21,007,"Kentucky","Ballard County",3,65,124,60,64
050,21,007,"Kentucky","Ballard County",3,66,112,56,56
050,21,007,"Kentucky","Ballard County",3,67,105,52,53
050,21,007,"Kentucky","Ballard County",3,68,96,53,43
050,21,007,"Kentucky","Ballard County",3,69,98,47,51
050,21,007,"Kentucky","Ballard County",3,70,96,47,49
050,21,007,"Kentucky","Ballard County",3,71,90,45,45
050,21,007,"Kentucky","Ballard County",3,72,98,50,48
050,21,007,"Kentucky","Ballard County",3,73,83,40,43
050,21,007,"Kentucky","Ballard County",3,74,87,44,43
050,21,007,"Kentucky","Ballard County",3,75,60,28,32
050,21,007,"Kentucky","Ballard County",3,76,67,26,41
050,21,007,"Kentucky","Ballard County",3,77,64,22,42
050,21,007,"Kentucky","Ballard County",3,78,58,25,33
050,21,007,"Kentucky","Ballard County",3,79,42,20,22
050,21,007,"Kentucky","Ballard County",3,80,54,25,29
050,21,007,"Kentucky","Ballard County",3,81,47,15,32
050,21,007,"Kentucky","Ballard County",3,82,39,13,26
050,21,007,"Kentucky","Ballard County",3,83,40,18,22
050,21,007,"Kentucky","Ballard County",3,84,29,15,14
050,21,007,"Kentucky","Ballard County",3,85,178,70,108
050,21,007,"Kentucky","Ballard County",4,0,59,24,35
050,21,007,"Kentucky","Ballard County",4,1,78,46,32
050,21,007,"Kentucky","Ballard County",4,2,72,41,31
050,21,007,"Kentucky","Ballard County",4,3,74,36,38
050,21,007,"Kentucky","Ballard County",4,4,72,38,34
050,21,007,"Kentucky","Ballard County",4,5,81,46,35
050,21,007,"Kentucky","Ballard County",4,6,99,52,47
050,21,007,"Kentucky","Ballard County",4,7,87,42,45
050,21,007,"Kentucky","Ballard County",4,8,86,42,44
050,21,007,"Kentucky","Ballard County",4,9,78,43,35
050,21,007,"Kentucky","Ballard County",4,10,95,45,50
050,21,007,"Kentucky","Ballard County",4,11,102,56,46
050,21,007,"Kentucky","Ballard County",4,12,88,47,41
050,21,007,"Kentucky","Ballard County",4,13,94,38,56
050,21,007,"Kentucky","Ballard County",4,14,93,51,42
050,21,007,"Kentucky","Ballard County",4,15,86,42,44
050,21,007,"Kentucky","Ballard County",4,16,92,47,45
050,21,007,"Kentucky","Ballard County",4,17,104,50,54
050,21,007,"Kentucky","Ballard County",4,18,90,51,39
050,21,007,"Kentucky","Ballard County",4,19,70,39,31
050,21,007,"Kentucky","Ballard County",4,20,78,47,31
050,21,007,"Kentucky","Ballard County",4,21,73,43,30
050,21,007,"Kentucky","Ballard County",4,22,94,44,50
050,21,007,"Kentucky","Ballard County",4,23,99,49,50
050,21,007,"Kentucky","Ballard County",4,24,84,39,45
050,21,007,"Kentucky","Ballard County",4,25,84,43,41
050,21,007,"Kentucky","Ballard County",4,26,88,42,46
050,21,007,"Kentucky","Ballard County",4,27,88,54,34
050,21,007,"Kentucky","Ballard County",4,28,92,48,44
050,21,007,"Kentucky","Ballard County",4,29,91,48,43
050,21,007,"Kentucky","Ballard County",4,30,96,51,45
050,21,007,"Kentucky","Ballard County",4,31,77,41,36
050,21,007,"Kentucky","Ballard County",4,32,88,45,43
050,21,007,"Kentucky","Ballard County",4,33,69,30,39
050,21,007,"Kentucky","Ballard County",4,34,78,32,46
050,21,007,"Kentucky","Ballard County",4,35,68,30,38
050,21,007,"Kentucky","Ballard County",4,36,94,53,41
050,21,007,"Kentucky","Ballard County",4,37,86,46,40
050,21,007,"Kentucky","Ballard County",4,38,84,46,38
050,21,007,"Kentucky","Ballard County",4,39,77,32,45
050,21,007,"Kentucky","Ballard County",4,40,76,34,42
050,21,007,"Kentucky","Ballard County",4,41,87,40,47
050,21,007,"Kentucky","Ballard County",4,42,102,52,50
050,21,007,"Kentucky","Ballard County",4,43,111,57,54
050,21,007,"Kentucky","Ballard County",4,44,96,50,46
050,21,007,"Kentucky","Ballard County",4,45,113,60,53
050,21,007,"Kentucky","Ballard County",4,46,105,52,53
050,21,007,"Kentucky","Ballard County",4,47,93,51,42
050,21,007,"Kentucky","Ballard County",4,48,87,47,40
050,21,007,"Kentucky","Ballard County",4,49,93,49,44
050,21,007,"Kentucky","Ballard County",4,50,115,57,58
050,21,007,"Kentucky","Ballard County",4,51,110,57,53
050,21,007,"Kentucky","Ballard County",4,52,113,58,55
050,21,007,"Kentucky","Ballard County",4,53,112,58,54
050,21,007,"Kentucky","Ballard County",4,54,100,50,50
050,21,007,"Kentucky","Ballard County",4,55,86,39,47
050,21,007,"Kentucky","Ballard County",4,56,98,45,53
050,21,007,"Kentucky","Ballard County",4,57,109,51,58
050,21,007,"Kentucky","Ballard County",4,58,107,58,49
050,21,007,"Kentucky","Ballard County",4,59,115,58,57
050,21,007,"Kentucky","Ballard County",4,60,112,53,59
050,21,007,"Kentucky","Ballard County",4,61,103,48,55
050,21,007,"Kentucky","Ballard County",4,62,104,50,54
050,21,007,"Kentucky","Ballard County",4,63,102,46,56
050,21,007,"Kentucky","Ballard County",4,64,110,57,53
050,21,007,"Kentucky","Ballard County",4,65,121,61,60
050,21,007,"Kentucky","Ballard County",4,66,122,60,62
050,21,007,"Kentucky","Ballard County",4,67,112,57,55
050,21,007,"Kentucky","Ballard County",4,68,104,50,54
050,21,007,"Kentucky","Ballard County",4,69,95,52,43
050,21,007,"Kentucky","Ballard County",4,70,97,46,51
050,21,007,"Kentucky","Ballard County",4,71,96,42,54
050,21,007,"Kentucky","Ballard County",4,72,85,44,41
050,21,007,"Kentucky","Ballard County",4,73,97,50,47
050,21,007,"Kentucky","Ballard County",4,74,78,38,40
050,21,007,"Kentucky","Ballard County",4,75,82,41,41
050,21,007,"Kentucky","Ballard County",4,76,57,26,31
050,21,007,"Kentucky","Ballard County",4,77,66,24,42
050,21,007,"Kentucky","Ballard County",4,78,60,22,38
050,21,007,"Kentucky","Ballard County",4,79,50,22,28
050,21,007,"Kentucky","Ballard County",4,80,42,21,21
050,21,007,"Kentucky","Ballard County",4,81,45,20,25
050,21,007,"Kentucky","Ballard County",4,82,42,12,30
050,21,007,"Kentucky","Ballard County",4,83,39,11,28
050,21,007,"Kentucky","Ballard County",4,84,34,15,19
050,21,007,"Kentucky","Ballard County",4,85,171,75,96
050,21,007,"Kentucky","Ballard County",5,0,59,21,38
050,21,007,"Kentucky","Ballard County",5,1,48,18,30
050,21,007,"Kentucky","Ballard County",5,2,86,49,37
050,21,007,"Kentucky","Ballard County",5,3,79,42,37
050,21,007,"Kentucky","Ballard County",5,4,80,41,39
050,21,007,"Kentucky","Ballard County",5,5,84,46,38
050,21,007,"Kentucky","Ballard County",5,6,79,44,35
050,21,007,"Kentucky","Ballard County",5,7,93,46,47
050,21,007,"Kentucky","Ballard County",5,8,95,41,54
050,21,007,"Kentucky","Ballard County",5,9,86,47,39
050,21,007,"Kentucky","Ballard County",5,10,84,44,40
050,21,007,"Kentucky","Ballard County",5,11,89,43,46
050,21,007,"Kentucky","Ballard County",5,12,99,54,45
050,21,007,"Kentucky","Ballard County",5,13,91,49,42
050,21,007,"Kentucky","Ballard County",5,14,92,42,50
050,21,007,"Kentucky","Ballard County",5,15,99,55,44
050,21,007,"Kentucky","Ballard County",5,16,77,42,35
050,21,007,"Kentucky","Ballard County",5,17,85,42,43
050,21,007,"Kentucky","Ballard County",5,18,83,41,42
050,21,007,"Kentucky","Ballard County",5,19,75,45,30
050,21,007,"Kentucky","Ballard County",5,20,81,43,38
050,21,007,"Kentucky","Ballard County",5,21,74,48,26
050,21,007,"Kentucky","Ballard County",5,22,75,44,31
050,21,007,"Kentucky","Ballard County",5,23,97,48,49
050,21,007,"Kentucky","Ballard County",5,24,100,47,53
050,21,007,"Kentucky","Ballard County",5,25,89,38,51
050,21,007,"Kentucky","Ballard County",5,26,86,42,44
050,21,007,"Kentucky","Ballard County",5,27,89,45,44
050,21,007,"Kentucky","Ballard County",5,28,81,50,31
050,21,007,"Kentucky","Ballard County",5,29,93,48,45
050,21,007,"Kentucky","Ballard County",5,30,89,44,45
050,21,007,"Kentucky","Ballard County",5,31,94,52,42
050,21,007,"Kentucky","Ballard County",5,32,76,41,35
050,21,007,"Kentucky","Ballard County",5,33,85,47,38
050,21,007,"Kentucky","Ballard County",5,34,71,31,40
050,21,007,"Kentucky","Ballard County",5,35,81,34,47
050,21,007,"Kentucky","Ballard County",5,36,72,32,40
050,21,007,"Kentucky","Ballard County",5,37,92,50,42
050,21,007,"Kentucky","Ballard County",5,38,83,45,38
050,21,007,"Kentucky","Ballard County",5,39,79,46,33
050,21,007,"Kentucky","Ballard County",5,40,79,32,47
050,21,007,"Kentucky","Ballard County",5,41,76,32,44
050,21,007,"Kentucky","Ballard County",5,42,96,43,53
050,21,007,"Kentucky","Ballard County",5,43,102,49,53
050,21,007,"Kentucky","Ballard County",5,44,110,63,47
050,21,007,"Kentucky","Ballard County",5,45,100,55,45
050,21,007,"Kentucky","Ballard County",5,46,114,60,54
050,21,007,"Kentucky","Ballard County",5,47,106,51,55
050,21,007,"Kentucky","Ballard County",5,48,101,55,46
050,21,007,"Kentucky","Ballard County",5,49,82,43,39
050,21,007,"Kentucky","Ballard County",5,50,92,45,47
050,21,007,"Kentucky","Ballard County",5,51,112,55,57
050,21,007,"Kentucky","Ballard County",5,52,107,54,53
050,21,007,"Kentucky","Ballard County",5,53,111,56,55
050,21,007,"Kentucky","Ballard County",5,54,112,55,57
050,21,007,"Kentucky","Ballard County",5,55,99,49,50
050,21,007,"Kentucky","Ballard County",5,56,82,37,45
050,21,007,"Kentucky","Ballard County",5,57,100,49,51
050,21,007,"Kentucky","Ballard County",5,58,106,50,56
050,21,007,"Kentucky","Ballard County",5,59,99,54,45
050,21,007,"Kentucky","Ballard County",5,60,118,60,58
050,21,007,"Kentucky","Ballard County",5,61,113,51,62
050,21,007,"Kentucky","Ballard County",5,62,100,46,54
050,21,007,"Kentucky","Ballard County",5,63,101,50,51
050,21,007,"Kentucky","Ballard County",5,64,98,45,53
050,21,007,"Kentucky","Ballard County",5,65,109,55,54
050,21,007,"Kentucky","Ballard County",5,66,120,61,59
050,21,007,"Kentucky","Ballard County",5,67,118,59,59
050,21,007,"Kentucky","Ballard County",5,68,113,57,56
050,21,007,"Kentucky","Ballard County",5,69,104,51,53
050,21,007,"Kentucky","Ballard County",5,70,97,53,44
050,21,007,"Kentucky","Ballard County",5,71,90,40,50
050,21,007,"Kentucky","Ballard County",5,72,94,42,52
050,21,007,"Kentucky","Ballard County",5,73,83,44,39
050,21,007,"Kentucky","Ballard County",5,74,94,50,44
050,21,007,"Kentucky","Ballard County",5,75,75,35,40
050,21,007,"Kentucky","Ballard County",5,76,73,36,37
050,21,007,"Kentucky","Ballard County",5,77,53,22,31
050,21,007,"Kentucky","Ballard County",5,78,65,23,42
050,21,007,"Kentucky","Ballard County",5,79,53,18,35
050,21,007,"Kentucky","Ballard County",5,80,48,21,27
050,21,007,"Kentucky","Ballard County",5,81,35,17,18
050,21,007,"Kentucky","Ballard County",5,82,41,17,24
050,21,007,"Kentucky","Ballard County",5,83,40,9,31
050,21,007,"Kentucky","Ballard County",5,84,36,10,26
050,21,007,"Kentucky","Ballard County",5,85,175,80,95
050,21,009,"Kentucky","Barren County",1,0,562,285,277
050,21,009,"Kentucky","Barren County",1,1,563,283,280
050,21,009,"Kentucky","Barren County",1,2,578,294,284
050,21,009,"Kentucky","Barren County",1,3,618,325,293
050,21,009,"Kentucky","Barren County",1,4,591,305,286
050,21,009,"Kentucky","Barren County",1,5,572,292,280
050,21,009,"Kentucky","Barren County",1,6,613,306,307
050,21,009,"Kentucky","Barren County",1,7,552,276,276
050,21,009,"Kentucky","Barren County",1,8,571,294,277
050,21,009,"Kentucky","Barren County",1,9,559,290,269
050,21,009,"Kentucky","Barren County",1,10,569,287,282
050,21,009,"Kentucky","Barren County",1,11,597,298,299
050,21,009,"Kentucky","Barren County",1,12,651,313,338
050,21,009,"Kentucky","Barren County",1,13,639,322,317
050,21,009,"Kentucky","Barren County",1,14,627,338,289
050,21,009,"Kentucky","Barren County",1,15,616,312,304
050,21,009,"Kentucky","Barren County",1,16,602,294,308
050,21,009,"Kentucky","Barren County",1,17,584,285,299
050,21,009,"Kentucky","Barren County",1,18,476,254,222
050,21,009,"Kentucky","Barren County",1,19,424,218,206
050,21,009,"Kentucky","Barren County",1,20,450,232,218
050,21,009,"Kentucky","Barren County",1,21,462,246,216
050,21,009,"Kentucky","Barren County",1,22,480,235,245
050,21,009,"Kentucky","Barren County",1,23,480,242,238
050,21,009,"Kentucky","Barren County",1,24,532,255,277
050,21,009,"Kentucky","Barren County",1,25,544,260,284
050,21,009,"Kentucky","Barren County",1,26,527,278,249
050,21,009,"Kentucky","Barren County",1,27,524,274,250
050,21,009,"Kentucky","Barren County",1,28,570,306,264
050,21,009,"Kentucky","Barren County",1,29,591,286,305
050,21,009,"Kentucky","Barren County",1,30,561,266,295
050,21,009,"Kentucky","Barren County",1,31,495,242,253
050,21,009,"Kentucky","Barren County",1,32,534,278,256
050,21,009,"Kentucky","Barren County",1,33,501,251,250
050,21,009,"Kentucky","Barren County",1,34,487,240,247
050,21,009,"Kentucky","Barren County",1,35,507,253,254
050,21,009,"Kentucky","Barren County",1,36,540,267,273
050,21,009,"Kentucky","Barren County",1,37,574,273,301
050,21,009,"Kentucky","Barren County",1,38,586,283,303
050,21,009,"Kentucky","Barren County",1,39,604,317,287
050,21,009,"Kentucky","Barren County",1,40,552,285,267
050,21,009,"Kentucky","Barren County",1,41,522,248,274
050,21,009,"Kentucky","Barren County",1,42,561,264,297
050,21,009,"Kentucky","Barren County",1,43,523,243,280
050,21,009,"Kentucky","Barren County",1,44,553,271,282
050,21,009,"Kentucky","Barren County",1,45,512,268,244
050,21,009,"Kentucky","Barren County",1,46,530,277,253
050,21,009,"Kentucky","Barren County",1,47,564,284,280
050,21,009,"Kentucky","Barren County",1,48,595,302,293
050,21,009,"Kentucky","Barren County",1,49,607,292,315
050,21,009,"Kentucky","Barren County",1,50,577,284,293
050,21,009,"Kentucky","Barren County",1,51,560,272,288
050,21,009,"Kentucky","Barren County",1,52,560,265,295
050,21,009,"Kentucky","Barren County",1,53,575,271,304
050,21,009,"Kentucky","Barren County",1,54,585,298,287
050,21,009,"Kentucky","Barren County",1,55,648,321,327
050,21,009,"Kentucky","Barren County",1,56,635,312,323
050,21,009,"Kentucky","Barren County",1,57,622,298,324
050,21,009,"Kentucky","Barren County",1,58,646,325,321
050,21,009,"Kentucky","Barren County",1,59,635,309,326
050,21,009,"Kentucky","Barren County",1,60,624,306,318
050,21,009,"Kentucky","Barren County",1,61,648,297,351
050,21,009,"Kentucky","Barren County",1,62,603,282,321
050,21,009,"Kentucky","Barren County",1,63,592,286,306
050,21,009,"Kentucky","Barren County",1,64,594,296,298
050,21,009,"Kentucky","Barren County",1,65,525,269,256
050,21,009,"Kentucky","Barren County",1,66,515,243,272
050,21,009,"Kentucky","Barren County",1,67,507,246,261
050,21,009,"Kentucky","Barren County",1,68,484,220,264
050,21,009,"Kentucky","Barren County",1,69,467,214,253
050,21,009,"Kentucky","Barren County",1,70,464,214,250
050,21,009,"Kentucky","Barren County",1,71,456,222,234
050,21,009,"Kentucky","Barren County",1,72,426,197,229
050,21,009,"Kentucky","Barren County",1,73,430,196,234
050,21,009,"Kentucky","Barren County",1,74,292,135,157
050,21,009,"Kentucky","Barren County",1,75,289,135,154
050,21,009,"Kentucky","Barren County",1,76,306,134,172
050,21,009,"Kentucky","Barren County",1,77,301,126,175
050,21,009,"Kentucky","Barren County",1,78,259,101,158
050,21,009,"Kentucky","Barren County",1,79,237,98,139
050,21,009,"Kentucky","Barren County",1,80,232,92,140
050,21,009,"Kentucky","Barren County",1,81,211,81,130
050,21,009,"Kentucky","Barren County",1,82,197,80,117
050,21,009,"Kentucky","Barren County",1,83,162,68,94
050,21,009,"Kentucky","Barren County",1,84,125,45,80
050,21,009,"Kentucky","Barren County",1,85,860,249,611
050,21,009,"Kentucky","Barren County",2,0,529,272,257
050,21,009,"Kentucky","Barren County",2,1,561,281,280
050,21,009,"Kentucky","Barren County",2,2,575,290,285
050,21,009,"Kentucky","Barren County",2,3,606,317,289
050,21,009,"Kentucky","Barren County",2,4,594,306,288
050,21,009,"Kentucky","Barren County",2,5,574,292,282
050,21,009,"Kentucky","Barren County",2,6,602,301,301
050,21,009,"Kentucky","Barren County",2,7,569,284,285
050,21,009,"Kentucky","Barren County",2,8,568,291,277
050,21,009,"Kentucky","Barren County",2,9,565,293,272
050,21,009,"Kentucky","Barren County",2,10,563,287,276
050,21,009,"Kentucky","Barren County",2,11,589,295,294
050,21,009,"Kentucky","Barren County",2,12,643,313,330
050,21,009,"Kentucky","Barren County",2,13,642,322,320
050,21,009,"Kentucky","Barren County",2,14,630,332,298
050,21,009,"Kentucky","Barren County",2,15,620,318,302
050,21,009,"Kentucky","Barren County",2,16,607,298,309
050,21,009,"Kentucky","Barren County",2,17,589,287,302
050,21,009,"Kentucky","Barren County",2,18,484,254,230
050,21,009,"Kentucky","Barren County",2,19,417,215,202
050,21,009,"Kentucky","Barren County",2,20,454,235,219
050,21,009,"Kentucky","Barren County",2,21,463,245,218
050,21,009,"Kentucky","Barren County",2,22,481,237,244
050,21,009,"Kentucky","Barren County",2,23,486,242,244
050,21,009,"Kentucky","Barren County",2,24,517,250,267
050,21,009,"Kentucky","Barren County",2,25,542,262,280
050,21,009,"Kentucky","Barren County",2,26,531,272,259
050,21,009,"Kentucky","Barren County",2,27,524,273,251
050,21,009,"Kentucky","Barren County",2,28,559,299,260
050,21,009,"Kentucky","Barren County",2,29,587,290,297
050,21,009,"Kentucky","Barren County",2,30,572,272,300
050,21,009,"Kentucky","Barren County",2,31,514,251,263
050,21,009,"Kentucky","Barren County",2,32,525,270,255
050,21,009,"Kentucky","Barren County",2,33,506,255,251
050,21,009,"Kentucky","Barren County",2,34,486,244,242
050,21,009,"Kentucky","Barren County",2,35,501,249,252
050,21,009,"Kentucky","Barren County",2,36,527,261,266
050,21,009,"Kentucky","Barren County",2,37,565,272,293
050,21,009,"Kentucky","Barren County",2,38,584,282,302
050,21,009,"Kentucky","Barren County",2,39,600,309,291
050,21,009,"Kentucky","Barren County",2,40,570,295,275
050,21,009,"Kentucky","Barren County",2,41,531,257,274
050,21,009,"Kentucky","Barren County",2,42,548,258,290
050,21,009,"Kentucky","Barren County",2,43,539,252,287
050,21,009,"Kentucky","Barren County",2,44,542,262,280
050,21,009,"Kentucky","Barren County",2,45,525,270,255
050,21,009,"Kentucky","Barren County",2,46,526,274,252
050,21,009,"Kentucky","Barren County",2,47,555,281,274
050,21,009,"Kentucky","Barren County",2,48,587,296,291
050,21,009,"Kentucky","Barren County",2,49,611,298,313
050,21,009,"Kentucky","Barren County",2,50,589,289,300
050,21,009,"Kentucky","Barren County",2,51,564,275,289
050,21,009,"Kentucky","Barren County",2,52,558,267,291
050,21,009,"Kentucky","Barren County",2,53,572,269,303
050,21,009,"Kentucky","Barren County",2,54,584,293,291
050,21,009,"Kentucky","Barren County",2,55,635,317,318
050,21,009,"Kentucky","Barren County",2,56,640,315,325
050,21,009,"Kentucky","Barren County",2,57,629,303,326
050,21,009,"Kentucky","Barren County",2,58,638,317,321
050,21,009,"Kentucky","Barren County",2,59,638,314,324
050,21,009,"Kentucky","Barren County",2,60,623,304,319
050,21,009,"Kentucky","Barren County",2,61,641,298,343
050,21,009,"Kentucky","Barren County",2,62,608,283,325
050,21,009,"Kentucky","Barren County",2,63,605,290,315
050,21,009,"Kentucky","Barren County",2,64,590,292,298
050,21,009,"Kentucky","Barren County",2,65,543,274,269
050,21,009,"Kentucky","Barren County",2,66,520,250,270
050,21,009,"Kentucky","Barren County",2,67,507,246,261
050,21,009,"Kentucky","Barren County",2,68,486,224,262
050,21,009,"Kentucky","Barren County",2,69,475,218,257
050,21,009,"Kentucky","Barren County",2,70,463,212,251
050,21,009,"Kentucky","Barren County",2,71,455,217,238
050,21,009,"Kentucky","Barren County",2,72,421,196,225
050,21,009,"Kentucky","Barren County",2,73,451,206,245
050,21,009,"Kentucky","Barren County",2,74,301,138,163
050,21,009,"Kentucky","Barren County",2,75,289,134,155
050,21,009,"Kentucky","Barren County",2,76,296,131,165
050,21,009,"Kentucky","Barren County",2,77,311,132,179
050,21,009,"Kentucky","Barren County",2,78,265,106,159
050,21,009,"Kentucky","Barren County",2,79,239,96,143
050,21,009,"Kentucky","Barren County",2,80,232,92,140
050,21,009,"Kentucky","Barren County",2,81,212,78,134
050,21,009,"Kentucky","Barren County",2,82,196,78,118
050,21,009,"Kentucky","Barren County",2,83,165,68,97
050,21,009,"Kentucky","Barren County",2,84,130,49,81
050,21,009,"Kentucky","Barren County",2,85,849,242,607
050,21,009,"Kentucky","Barren County",3,0,461,242,219
050,21,009,"Kentucky","Barren County",3,1,523,265,258
050,21,009,"Kentucky","Barren County",3,2,552,279,273
050,21,009,"Kentucky","Barren County",3,3,592,304,288
050,21,009,"Kentucky","Barren County",3,4,605,315,290
050,21,009,"Kentucky","Barren County",3,5,602,318,284
050,21,009,"Kentucky","Barren County",3,6,607,307,300
050,21,009,"Kentucky","Barren County",3,7,596,295,301
050,21,009,"Kentucky","Barren County",3,8,569,289,280
050,21,009,"Kentucky","Barren County",3,9,574,289,285
050,21,009,"Kentucky","Barren County",3,10,565,289,276
050,21,009,"Kentucky","Barren County",3,11,575,301,274
050,21,009,"Kentucky","Barren County",3,12,603,304,299
050,21,009,"Kentucky","Barren County",3,13,650,321,329
050,21,009,"Kentucky","Barren County",3,14,657,326,331
050,21,009,"Kentucky","Barren County",3,15,636,337,299
050,21,009,"Kentucky","Barren County",3,16,634,316,318
050,21,009,"Kentucky","Barren County",3,17,617,311,306
050,21,009,"Kentucky","Barren County",3,18,502,252,250
050,21,009,"Kentucky","Barren County",3,19,384,201,183
050,21,009,"Kentucky","Barren County",3,20,441,231,210
050,21,009,"Kentucky","Barren County",3,21,485,254,231
050,21,009,"Kentucky","Barren County",3,22,500,256,244
050,21,009,"Kentucky","Barren County",3,23,491,250,241
050,21,009,"Kentucky","Barren County",3,24,473,233,240
050,21,009,"Kentucky","Barren County",3,25,537,269,268
050,21,009,"Kentucky","Barren County",3,26,534,258,276
050,21,009,"Kentucky","Barren County",3,27,528,266,262
050,21,009,"Kentucky","Barren County",3,28,539,272,267
050,21,009,"Kentucky","Barren County",3,29,578,315,263
050,21,009,"Kentucky","Barren County",3,30,570,277,293
050,21,009,"Kentucky","Barren County",3,31,564,273,291
050,21,009,"Kentucky","Barren County",3,32,520,255,265
050,21,009,"Kentucky","Barren County",3,33,531,268,263
050,21,009,"Kentucky","Barren County",3,34,499,252,247
050,21,009,"Kentucky","Barren County",3,35,479,239,240
050,21,009,"Kentucky","Barren County",3,36,528,269,259
050,21,009,"Kentucky","Barren County",3,37,558,273,285
050,21,009,"Kentucky","Barren County",3,38,573,281,292
050,21,009,"Kentucky","Barren County",3,39,581,278,303
050,21,009,"Kentucky","Barren County",3,40,616,319,297
050,21,009,"Kentucky","Barren County",3,41,584,300,284
050,21,009,"Kentucky","Barren County",3,42,547,274,273
050,21,009,"Kentucky","Barren County",3,43,534,256,278
050,21,009,"Kentucky","Barren County",3,44,532,246,286
050,21,009,"Kentucky","Barren County",3,45,548,262,286
050,21,009,"Kentucky","Barren County",3,46,516,264,252
050,21,009,"Kentucky","Barren County",3,47,529,272,257
050,21,009,"Kentucky","Barren County",3,48,548,280,268
050,21,009,"Kentucky","Barren County",3,49,598,296,302
050,21,009,"Kentucky","Barren County",3,50,590,294,296
050,21,009,"Kentucky","Barren County",3,51,582,280,302
050,21,009,"Kentucky","Barren County",3,52,562,270,292
050,21,009,"Kentucky","Barren County",3,53,551,263,288
050,21,009,"Kentucky","Barren County",3,54,563,261,302
050,21,009,"Kentucky","Barren County",3,55,582,292,290
050,21,009,"Kentucky","Barren County",3,56,632,315,317
050,21,009,"Kentucky","Barren County",3,57,630,311,319
050,21,009,"Kentucky","Barren County",3,58,624,303,321
050,21,009,"Kentucky","Barren County",3,59,626,313,313
050,21,009,"Kentucky","Barren County",3,60,628,305,323
050,21,009,"Kentucky","Barren County",3,61,629,309,320
050,21,009,"Kentucky","Barren County",3,62,626,289,337
050,21,009,"Kentucky","Barren County",3,63,599,276,323
050,21,009,"Kentucky","Barren County",3,64,604,293,311
050,21,009,"Kentucky","Barren County",3,65,583,286,297
050,21,009,"Kentucky","Barren County",3,66,526,263,263
050,21,009,"Kentucky","Barren County",3,67,522,253,269
050,21,009,"Kentucky","Barren County",3,68,492,235,257
050,21,009,"Kentucky","Barren County",3,69,469,221,248
050,21,009,"Kentucky","Barren County",3,70,461,210,251
050,21,009,"Kentucky","Barren County",3,71,470,214,256
050,21,009,"Kentucky","Barren County",3,72,456,212,244
050,21,009,"Kentucky","Barren County",3,73,419,190,229
050,21,009,"Kentucky","Barren County",3,74,441,206,235
050,21,009,"Kentucky","Barren County",3,75,279,126,153
050,21,009,"Kentucky","Barren County",3,76,267,124,143
050,21,009,"Kentucky","Barren County",3,77,294,131,163
050,21,009,"Kentucky","Barren County",3,78,297,125,172
050,21,009,"Kentucky","Barren County",3,79,241,95,146
050,21,009,"Kentucky","Barren County",3,80,225,88,137
050,21,009,"Kentucky","Barren County",3,81,220,82,138
050,21,009,"Kentucky","Barren County",3,82,197,76,121
050,21,009,"Kentucky","Barren County",3,83,176,75,101
050,21,009,"Kentucky","Barren County",3,84,144,46,98
050,21,009,"Kentucky","Barren County",3,85,826,237,589
050,21,009,"Kentucky","Barren County",4,0,527,272,255
050,21,009,"Kentucky","Barren County",4,1,475,239,236
050,21,009,"Kentucky","Barren County",4,2,538,265,273
050,21,009,"Kentucky","Barren County",4,3,558,285,273
050,21,009,"Kentucky","Barren County",4,4,588,304,284
050,21,009,"Kentucky","Barren County",4,5,597,299,298
050,21,009,"Kentucky","Barren County",4,6,623,313,310
050,21,009,"Kentucky","Barren County",4,7,600,301,299
050,21,009,"Kentucky","Barren County",4,8,601,291,310
050,21,009,"Kentucky","Barren County",4,9,579,303,276
050,21,009,"Kentucky","Barren County",4,10,598,304,294
050,21,009,"Kentucky","Barren County",4,11,575,299,276
050,21,009,"Kentucky","Barren County",4,12,600,299,301
050,21,009,"Kentucky","Barren County",4,13,598,297,301
050,21,009,"Kentucky","Barren County",4,14,659,319,340
050,21,009,"Kentucky","Barren County",4,15,677,330,347
050,21,009,"Kentucky","Barren County",4,16,639,335,304
050,21,009,"Kentucky","Barren County",4,17,636,323,313
050,21,009,"Kentucky","Barren County",4,18,517,276,241
050,21,009,"Kentucky","Barren County",4,19,387,197,190
050,21,009,"Kentucky","Barren County",4,20,420,217,203
050,21,009,"Kentucky","Barren County",4,21,459,235,224
050,21,009,"Kentucky","Barren County",4,22,494,246,248
050,21,009,"Kentucky","Barren County",4,23,536,278,258
050,21,009,"Kentucky","Barren County",4,24,495,235,260
050,21,009,"Kentucky","Barren County",4,25,468,244,224
050,21,009,"Kentucky","Barren County",4,26,547,272,275
050,21,009,"Kentucky","Barren County",4,27,543,265,278
050,21,009,"Kentucky","Barren County",4,28,546,268,278
050,21,009,"Kentucky","Barren County",4,29,536,262,274
050,21,009,"Kentucky","Barren County",4,30,596,332,264
050,21,009,"Kentucky","Barren County",4,31,578,282,296
050,21,009,"Kentucky","Barren County",4,32,568,276,292
050,21,009,"Kentucky","Barren County",4,33,519,254,265
050,21,009,"Kentucky","Barren County",4,34,565,284,281
050,21,009,"Kentucky","Barren County",4,35,505,252,253
050,21,009,"Kentucky","Barren County",4,36,514,260,254
050,21,009,"Kentucky","Barren County",4,37,520,264,256
050,21,009,"Kentucky","Barren County",4,38,557,279,278
050,21,009,"Kentucky","Barren County",4,39,568,281,287
050,21,009,"Kentucky","Barren County",4,40,598,289,309
050,21,009,"Kentucky","Barren County",4,41,628,318,310
050,21,009,"Kentucky","Barren County",4,42,604,313,291
050,21,009,"Kentucky","Barren County",4,43,542,271,271
050,21,009,"Kentucky","Barren County",4,44,536,251,285
050,21,009,"Kentucky","Barren County",4,45,530,251,279
050,21,009,"Kentucky","Barren County",4,46,551,267,284
050,21,009,"Kentucky","Barren County",4,47,503,262,241
050,21,009,"Kentucky","Barren County",4,48,528,269,259
050,21,009,"Kentucky","Barren County",4,49,554,278,276
050,21,009,"Kentucky","Barren County",4,50,592,293,299
050,21,009,"Kentucky","Barren County",4,51,615,311,304
050,21,009,"Kentucky","Barren County",4,52,578,286,292
050,21,009,"Kentucky","Barren County",4,53,566,279,287
050,21,009,"Kentucky","Barren County",4,54,548,263,285
050,21,009,"Kentucky","Barren County",4,55,570,263,307
050,21,009,"Kentucky","Barren County",4,56,589,297,292
050,21,009,"Kentucky","Barren County",4,57,619,309,310
050,21,009,"Kentucky","Barren County",4,58,630,310,320
050,21,009,"Kentucky","Barren County",4,59,614,297,317
050,21,009,"Kentucky","Barren County",4,60,615,305,310
050,21,009,"Kentucky","Barren County",4,61,639,313,326
050,21,009,"Kentucky","Barren County",4,62,618,307,311
050,21,009,"Kentucky","Barren County",4,63,624,285,339
050,21,009,"Kentucky","Barren County",4,64,584,271,313
050,21,009,"Kentucky","Barren County",4,65,607,292,315
050,21,009,"Kentucky","Barren County",4,66,573,282,291
050,21,009,"Kentucky","Barren County",4,67,516,263,253
050,21,009,"Kentucky","Barren County",4,68,515,243,272
050,21,009,"Kentucky","Barren County",4,69,485,236,249
050,21,009,"Kentucky","Barren County",4,70,465,215,250
050,21,009,"Kentucky","Barren County",4,71,447,199,248
050,21,009,"Kentucky","Barren County",4,72,452,211,241
050,21,009,"Kentucky","Barren County",4,73,443,203,240
050,21,009,"Kentucky","Barren County",4,74,397,183,214
050,21,009,"Kentucky","Barren County",4,75,419,197,222
050,21,009,"Kentucky","Barren County",4,76,271,120,151
050,21,009,"Kentucky","Barren County",4,77,251,110,141
050,21,009,"Kentucky","Barren County",4,78,285,127,158
050,21,009,"Kentucky","Barren County",4,79,276,115,161
050,21,009,"Kentucky","Barren County",4,80,225,81,144
050,21,009,"Kentucky","Barren County",4,81,215,82,133
050,21,009,"Kentucky","Barren County",4,82,201,77,124
050,21,009,"Kentucky","Barren County",4,83,174,69,105
050,21,009,"Kentucky","Barren County",4,84,147,53,94
050,21,009,"Kentucky","Barren County",4,85,827,241,586
050,21,009,"Kentucky","Barren County",5,0,548,282,266
050,21,009,"Kentucky","Barren County",5,1,500,263,237
050,21,009,"Kentucky","Barren County",5,2,479,245,234
050,21,009,"Kentucky","Barren County",5,3,547,273,274
050,21,009,"Kentucky","Barren County",5,4,567,296,271
050,21,009,"Kentucky","Barren County",5,5,575,297,278
050,21,009,"Kentucky","Barren County",5,6,610,318,292
050,21,009,"Kentucky","Barren County",5,7,613,305,308
050,21,009,"Kentucky","Barren County",5,8,603,301,302
050,21,009,"Kentucky","Barren County",5,9,605,290,315
050,21,009,"Kentucky","Barren County",5,10,579,297,282
050,21,009,"Kentucky","Barren County",5,11,603,312,291
050,21,009,"Kentucky","Barren County",5,12,594,307,287
050,21,009,"Kentucky","Barren County",5,13,605,309,296
050,21,009,"Kentucky","Barren County",5,14,609,304,305
050,21,009,"Kentucky","Barren County",5,15,656,316,340
050,21,009,"Kentucky","Barren County",5,16,679,335,344
050,21,009,"Kentucky","Barren County",5,17,635,332,303
050,21,009,"Kentucky","Barren County",5,18,533,283,250
050,21,009,"Kentucky","Barren County",5,19,396,208,188
050,21,009,"Kentucky","Barren County",5,20,421,208,213
050,21,009,"Kentucky","Barren County",5,21,454,225,229
050,21,009,"Kentucky","Barren County",5,22,473,228,245
050,21,009,"Kentucky","Barren County",5,23,505,245,260
050,21,009,"Kentucky","Barren County",5,24,536,278,258
050,21,009,"Kentucky","Barren County",5,25,494,248,246
050,21,009,"Kentucky","Barren County",5,26,450,234,216
050,21,009,"Kentucky","Barren County",5,27,539,264,275
050,21,009,"Kentucky","Barren County",5,28,575,281,294
050,21,009,"Kentucky","Barren County",5,29,551,271,280
050,21,009,"Kentucky","Barren County",5,30,537,259,278
050,21,009,"Kentucky","Barren County",5,31,607,338,269
050,21,009,"Kentucky","Barren County",5,32,571,279,292
050,21,009,"Kentucky","Barren County",5,33,575,281,294
050,21,009,"Kentucky","Barren County",5,34,544,263,281
050,21,009,"Kentucky","Barren County",5,35,573,293,280
050,21,009,"Kentucky","Barren County",5,36,499,252,247
050,21,009,"Kentucky","Barren County",5,37,516,254,262
050,21,009,"Kentucky","Barren County",5,38,506,258,248
050,21,009,"Kentucky","Barren County",5,39,553,273,280
050,21,009,"Kentucky","Barren County",5,40,576,282,294
050,21,009,"Kentucky","Barren County",5,41,608,288,320
050,21,009,"Kentucky","Barren County",5,42,621,314,307
050,21,009,"Kentucky","Barren County",5,43,604,308,296
050,21,009,"Kentucky","Barren County",5,44,532,263,269
050,21,009,"Kentucky","Barren County",5,45,531,255,276
050,21,009,"Kentucky","Barren County",5,46,534,256,278
050,21,009,"Kentucky","Barren County",5,47,544,258,286
050,21,009,"Kentucky","Barren County",5,48,514,261,253
050,21,009,"Kentucky","Barren County",5,49,526,269,257
050,21,009,"Kentucky","Barren County",5,50,557,280,277
050,21,009,"Kentucky","Barren County",5,51,592,282,310
050,21,009,"Kentucky","Barren County",5,52,618,318,300
050,21,009,"Kentucky","Barren County",5,53,592,295,297
050,21,009,"Kentucky","Barren County",5,54,573,287,286
050,21,009,"Kentucky","Barren County",5,55,561,264,297
050,21,009,"Kentucky","Barren County",5,56,563,262,301
050,21,009,"Kentucky","Barren County",5,57,584,290,294
050,21,009,"Kentucky","Barren County",5,58,630,317,313
050,21,009,"Kentucky","Barren County",5,59,635,318,317
050,21,009,"Kentucky","Barren County",5,60,614,297,317
050,21,009,"Kentucky","Barren County",5,61,648,323,325
050,21,009,"Kentucky","Barren County",5,62,637,310,327
050,21,009,"Kentucky","Barren County",5,63,630,312,318
050,21,009,"Kentucky","Barren County",5,64,622,284,338
050,21,009,"Kentucky","Barren County",5,65,592,270,322
050,21,009,"Kentucky","Barren County",5,66,596,285,311
050,21,009,"Kentucky","Barren County",5,67,571,281,290
050,21,009,"Kentucky","Barren County",5,68,501,249,252
050,21,009,"Kentucky","Barren County",5,69,504,244,260
050,21,009,"Kentucky","Barren County",5,70,469,228,241
050,21,009,"Kentucky","Barren County",5,71,446,205,241
050,21,009,"Kentucky","Barren County",5,72,439,197,242
050,21,009,"Kentucky","Barren County",5,73,439,196,243
050,21,009,"Kentucky","Barren County",5,74,417,195,222
050,21,009,"Kentucky","Barren County",5,75,376,177,199
050,21,009,"Kentucky","Barren County",5,76,402,189,213
050,21,009,"Kentucky","Barren County",5,77,259,112,147
050,21,009,"Kentucky","Barren County",5,78,240,107,133
050,21,009,"Kentucky","Barren County",5,79,261,116,145
050,21,009,"Kentucky","Barren County",5,80,250,100,150
050,21,009,"Kentucky","Barren County",5,81,211,73,138
050,21,009,"Kentucky","Barren County",5,82,194,74,120
050,21,009,"Kentucky","Barren County",5,83,180,71,109
050,21,009,"Kentucky","Barren County",5,84,153,50,103
050,21,009,"Kentucky","Barren County",5,85,847,251,596
050,21,011,"Kentucky","Bath County",1,0,188,95,93
050,21,011,"Kentucky","Bath County",1,1,186,90,96
050,21,011,"Kentucky","Bath County",1,2,169,87,82
050,21,011,"Kentucky","Bath County",1,3,182,103,79
050,21,011,"Kentucky","Bath County",1,4,171,87,84
050,21,011,"Kentucky","Bath County",1,5,175,93,82
050,21,011,"Kentucky","Bath County",1,6,172,95,77
050,21,011,"Kentucky","Bath County",1,7,193,102,91
050,21,011,"Kentucky","Bath County",1,8,169,97,72
050,21,011,"Kentucky","Bath County",1,9,167,87,80
050,21,011,"Kentucky","Bath County",1,10,177,91,86
050,21,011,"Kentucky","Bath County",1,11,187,102,85
050,21,011,"Kentucky","Bath County",1,12,206,113,93
050,21,011,"Kentucky","Bath County",1,13,194,99,95
050,21,011,"Kentucky","Bath County",1,14,185,91,94
050,21,011,"Kentucky","Bath County",1,15,192,99,93
050,21,011,"Kentucky","Bath County",1,16,183,90,93
050,21,011,"Kentucky","Bath County",1,17,181,94,87
050,21,011,"Kentucky","Bath County",1,18,144,79,65
050,21,011,"Kentucky","Bath County",1,19,122,69,53
050,21,011,"Kentucky","Bath County",1,20,136,65,71
050,21,011,"Kentucky","Bath County",1,21,143,74,69
050,21,011,"Kentucky","Bath County",1,22,140,72,68
050,21,011,"Kentucky","Bath County",1,23,140,65,75
050,21,011,"Kentucky","Bath County",1,24,149,74,75
050,21,011,"Kentucky","Bath County",1,25,156,83,73
050,21,011,"Kentucky","Bath County",1,26,159,78,81
050,21,011,"Kentucky","Bath County",1,27,144,71,73
050,21,011,"Kentucky","Bath County",1,28,145,65,80
050,21,011,"Kentucky","Bath County",1,29,167,81,86
050,21,011,"Kentucky","Bath County",1,30,146,76,70
050,21,011,"Kentucky","Bath County",1,31,124,59,65
050,21,011,"Kentucky","Bath County",1,32,135,61,74
050,21,011,"Kentucky","Bath County",1,33,117,57,60
050,21,011,"Kentucky","Bath County",1,34,129,69,60
050,21,011,"Kentucky","Bath County",1,35,139,65,74
050,21,011,"Kentucky","Bath County",1,36,130,55,75
050,21,011,"Kentucky","Bath County",1,37,146,71,75
050,21,011,"Kentucky","Bath County",1,38,156,69,87
050,21,011,"Kentucky","Bath County",1,39,159,73,86
050,21,011,"Kentucky","Bath County",1,40,143,58,85
050,21,011,"Kentucky","Bath County",1,41,143,78,65
050,21,011,"Kentucky","Bath County",1,42,141,72,69
050,21,011,"Kentucky","Bath County",1,43,156,85,71
050,21,011,"Kentucky","Bath County",1,44,155,90,65
050,21,011,"Kentucky","Bath County",1,45,163,89,74
050,21,011,"Kentucky","Bath County",1,46,150,70,80
050,21,011,"Kentucky","Bath County",1,47,156,80,76
050,21,011,"Kentucky","Bath County",1,48,186,93,93
050,21,011,"Kentucky","Bath County",1,49,181,85,96
050,21,011,"Kentucky","Bath County",1,50,170,79,91
050,21,011,"Kentucky","Bath County",1,51,175,81,94
050,21,011,"Kentucky","Bath County",1,52,175,86,89
050,21,011,"Kentucky","Bath County",1,53,168,89,79
050,21,011,"Kentucky","Bath County",1,54,165,80,85
050,21,011,"Kentucky","Bath County",1,55,198,97,101
050,21,011,"Kentucky","Bath County",1,56,176,90,86
050,21,011,"Kentucky","Bath County",1,57,172,90,82
050,21,011,"Kentucky","Bath County",1,58,183,95,88
050,21,011,"Kentucky","Bath County",1,59,175,97,78
050,21,011,"Kentucky","Bath County",1,60,178,95,83
050,21,011,"Kentucky","Bath County",1,61,160,85,75
050,21,011,"Kentucky","Bath County",1,62,170,84,86
050,21,011,"Kentucky","Bath County",1,63,170,83,87
050,21,011,"Kentucky","Bath County",1,64,166,79,87
050,21,011,"Kentucky","Bath County",1,65,159,77,82
050,21,011,"Kentucky","Bath County",1,66,158,70,88
050,21,011,"Kentucky","Bath County",1,67,162,84,78
050,21,011,"Kentucky","Bath County",1,68,159,81,78
050,21,011,"Kentucky","Bath County",1,69,125,67,58
050,21,011,"Kentucky","Bath County",1,70,116,55,61
050,21,011,"Kentucky","Bath County",1,71,126,56,70
050,21,011,"Kentucky","Bath County",1,72,121,54,67
050,21,011,"Kentucky","Bath County",1,73,116,51,65
050,21,011,"Kentucky","Bath County",1,74,80,40,40
050,21,011,"Kentucky","Bath County",1,75,79,35,44
050,21,011,"Kentucky","Bath County",1,76,90,40,50
050,21,011,"Kentucky","Bath County",1,77,68,30,38
050,21,011,"Kentucky","Bath County",1,78,58,26,32
050,21,011,"Kentucky","Bath County",1,79,59,30,29
050,21,011,"Kentucky","Bath County",1,80,66,33,33
050,21,011,"Kentucky","Bath County",1,81,59,25,34
050,21,011,"Kentucky","Bath County",1,82,54,21,33
050,21,011,"Kentucky","Bath County",1,83,46,20,26
050,21,011,"Kentucky","Bath County",1,84,45,19,26
050,21,011,"Kentucky","Bath County",1,85,223,83,140
050,21,011,"Kentucky","Bath County",2,0,180,87,93
050,21,011,"Kentucky","Bath County",2,1,179,87,92
050,21,011,"Kentucky","Bath County",2,2,175,89,86
050,21,011,"Kentucky","Bath County",2,3,177,98,79
050,21,011,"Kentucky","Bath County",2,4,174,92,82
050,21,011,"Kentucky","Bath County",2,5,173,94,79
050,21,011,"Kentucky","Bath County",2,6,173,96,77
050,21,011,"Kentucky","Bath County",2,7,189,101,88
050,21,011,"Kentucky","Bath County",2,8,173,97,76
050,21,011,"Kentucky","Bath County",2,9,169,90,79
050,21,011,"Kentucky","Bath County",2,10,175,90,85
050,21,011,"Kentucky","Bath County",2,11,186,100,86
050,21,011,"Kentucky","Bath County",2,12,197,109,88
050,21,011,"Kentucky","Bath County",2,13,197,103,94
050,21,011,"Kentucky","Bath County",2,14,186,93,93
050,21,011,"Kentucky","Bath County",2,15,189,95,94
050,21,011,"Kentucky","Bath County",2,16,184,90,94
050,21,011,"Kentucky","Bath County",2,17,180,92,88
050,21,011,"Kentucky","Bath County",2,18,146,79,67
050,21,011,"Kentucky","Bath County",2,19,120,67,53
050,21,011,"Kentucky","Bath County",2,20,136,67,69
050,21,011,"Kentucky","Bath County",2,21,143,73,70
050,21,011,"Kentucky","Bath County",2,22,142,72,70
050,21,011,"Kentucky","Bath County",2,23,142,68,74
050,21,011,"Kentucky","Bath County",2,24,148,73,75
050,21,011,"Kentucky","Bath County",2,25,155,81,74
050,21,011,"Kentucky","Bath County",2,26,159,81,78
050,21,011,"Kentucky","Bath County",2,27,145,71,74
050,21,011,"Kentucky","Bath County",2,28,143,66,77
050,21,011,"Kentucky","Bath County",2,29,161,77,84
050,21,011,"Kentucky","Bath County",2,30,152,76,76
050,21,011,"Kentucky","Bath County",2,31,130,63,67
050,21,011,"Kentucky","Bath County",2,32,132,61,71
050,21,011,"Kentucky","Bath County",2,33,120,58,62
050,21,011,"Kentucky","Bath County",2,34,128,68,60
050,21,011,"Kentucky","Bath County",2,35,138,66,72
050,21,011,"Kentucky","Bath County",2,36,132,58,74
050,21,011,"Kentucky","Bath County",2,37,143,68,75
050,21,011,"Kentucky","Bath County",2,38,154,70,84
050,21,011,"Kentucky","Bath County",2,39,158,72,86
050,21,011,"Kentucky","Bath County",2,40,149,63,86
050,21,011,"Kentucky","Bath County",2,41,143,73,70
050,21,011,"Kentucky","Bath County",2,42,141,72,69
050,21,011,"Kentucky","Bath County",2,43,155,83,72
050,21,011,"Kentucky","Bath County",2,44,152,86,66
050,21,011,"Kentucky","Bath County",2,45,161,89,72
050,21,011,"Kentucky","Bath County",2,46,152,74,78
050,21,011,"Kentucky","Bath County",2,47,155,78,77
050,21,011,"Kentucky","Bath County",2,48,178,89,89
050,21,011,"Kentucky","Bath County",2,49,182,87,95
050,21,011,"Kentucky","Bath County",2,50,173,80,93
050,21,011,"Kentucky","Bath County",2,51,171,78,93
050,21,011,"Kentucky","Bath County",2,52,175,85,90
050,21,011,"Kentucky","Bath County",2,53,169,88,81
050,21,011,"Kentucky","Bath County",2,54,165,82,83
050,21,011,"Kentucky","Bath County",2,55,188,91,97
050,21,011,"Kentucky","Bath County",2,56,182,93,89
050,21,011,"Kentucky","Bath County",2,57,173,90,83
050,21,011,"Kentucky","Bath County",2,58,178,91,87
050,21,011,"Kentucky","Bath County",2,59,179,98,81
050,21,011,"Kentucky","Bath County",2,60,176,95,81
050,21,011,"Kentucky","Bath County",2,61,162,85,77
050,21,011,"Kentucky","Bath County",2,62,166,83,83
050,21,011,"Kentucky","Bath County",2,63,168,82,86
050,21,011,"Kentucky","Bath County",2,64,165,79,86
050,21,011,"Kentucky","Bath County",2,65,161,77,84
050,21,011,"Kentucky","Bath County",2,66,156,70,86
050,21,011,"Kentucky","Bath County",2,67,162,80,82
050,21,011,"Kentucky","Bath County",2,68,161,82,79
050,21,011,"Kentucky","Bath County",2,69,132,70,62
050,21,011,"Kentucky","Bath County",2,70,117,57,60
050,21,011,"Kentucky","Bath County",2,71,125,56,69
050,21,011,"Kentucky","Bath County",2,72,119,54,65
050,21,011,"Kentucky","Bath County",2,73,122,54,68
050,21,011,"Kentucky","Bath County",2,74,82,39,43
050,21,011,"Kentucky","Bath County",2,75,79,36,43
050,21,011,"Kentucky","Bath County",2,76,86,39,47
050,21,011,"Kentucky","Bath County",2,77,73,31,42
050,21,011,"Kentucky","Bath County",2,78,57,26,31
050,21,011,"Kentucky","Bath County",2,79,57,28,29
050,21,011,"Kentucky","Bath County",2,80,63,31,32
050,21,011,"Kentucky","Bath County",2,81,59,26,33
050,21,011,"Kentucky","Bath County",2,82,55,22,33
050,21,011,"Kentucky","Bath County",2,83,45,20,25
050,21,011,"Kentucky","Bath County",2,84,41,18,23
050,21,011,"Kentucky","Bath County",2,85,223,84,139
050,21,011,"Kentucky","Bath County",3,0,172,79,93
050,21,011,"Kentucky","Bath County",3,1,175,85,90
050,21,011,"Kentucky","Bath County",3,2,180,93,87
050,21,011,"Kentucky","Bath County",3,3,178,90,88
050,21,011,"Kentucky","Bath County",3,4,175,98,77
050,21,011,"Kentucky","Bath County",3,5,173,90,83
050,21,011,"Kentucky","Bath County",3,6,179,95,84
050,21,011,"Kentucky","Bath County",3,7,177,96,81
050,21,011,"Kentucky","Bath County",3,8,199,102,97
050,21,011,"Kentucky","Bath County",3,9,162,87,75
050,21,011,"Kentucky","Bath County",3,10,165,83,82
050,21,011,"Kentucky","Bath County",3,11,175,92,83
050,21,011,"Kentucky","Bath County",3,12,193,100,93
050,21,011,"Kentucky","Bath County",3,13,187,102,85
050,21,011,"Kentucky","Bath County",3,14,196,101,95
050,21,011,"Kentucky","Bath County",3,15,181,97,84
050,21,011,"Kentucky","Bath County",3,16,190,96,94
050,21,011,"Kentucky","Bath County",3,17,190,93,97
050,21,011,"Kentucky","Bath County",3,18,145,79,66
050,21,011,"Kentucky","Bath County",3,19,112,58,54
050,21,011,"Kentucky","Bath County",3,20,131,71,60
050,21,011,"Kentucky","Bath County",3,21,140,71,69
050,21,011,"Kentucky","Bath County",3,22,145,72,73
050,21,011,"Kentucky","Bath County",3,23,156,75,81
050,21,011,"Kentucky","Bath County",3,24,147,73,74
050,21,011,"Kentucky","Bath County",3,25,140,70,70
050,21,011,"Kentucky","Bath County",3,26,171,89,82
050,21,011,"Kentucky","Bath County",3,27,179,95,84
050,21,011,"Kentucky","Bath County",3,28,151,76,75
050,21,011,"Kentucky","Bath County",3,29,162,84,78
050,21,011,"Kentucky","Bath County",3,30,153,73,80
050,21,011,"Kentucky","Bath County",3,31,155,79,76
050,21,011,"Kentucky","Bath County",3,32,142,71,71
050,21,011,"Kentucky","Bath County",3,33,144,69,75
050,21,011,"Kentucky","Bath County",3,34,113,54,59
050,21,011,"Kentucky","Bath County",3,35,130,65,65
050,21,011,"Kentucky","Bath County",3,36,132,64,68
050,21,011,"Kentucky","Bath County",3,37,133,59,74
050,21,011,"Kentucky","Bath County",3,38,143,67,76
050,21,011,"Kentucky","Bath County",3,39,154,71,83
050,21,011,"Kentucky","Bath County",3,40,157,71,86
050,21,011,"Kentucky","Bath County",3,41,154,67,87
050,21,011,"Kentucky","Bath County",3,42,149,74,75
050,21,011,"Kentucky","Bath County",3,43,143,71,72
050,21,011,"Kentucky","Bath County",3,44,159,83,76
050,21,011,"Kentucky","Bath County",3,45,146,83,63
050,21,011,"Kentucky","Bath County",3,46,163,89,74
050,21,011,"Kentucky","Bath County",3,47,150,75,75
050,21,011,"Kentucky","Bath County",3,48,157,77,80
050,21,011,"Kentucky","Bath County",3,49,173,85,88
050,21,011,"Kentucky","Bath County",3,50,181,82,99
050,21,011,"Kentucky","Bath County",3,51,171,83,88
050,21,011,"Kentucky","Bath County",3,52,178,80,98
050,21,011,"Kentucky","Bath County",3,53,180,81,99
050,21,011,"Kentucky","Bath County",3,54,167,90,77
050,21,011,"Kentucky","Bath County",3,55,163,76,87
050,21,011,"Kentucky","Bath County",3,56,185,90,95
050,21,011,"Kentucky","Bath County",3,57,180,92,88
050,21,011,"Kentucky","Bath County",3,58,176,93,83
050,21,011,"Kentucky","Bath County",3,59,194,100,94
050,21,011,"Kentucky","Bath County",3,60,174,98,76
050,21,011,"Kentucky","Bath County",3,61,167,87,80
050,21,011,"Kentucky","Bath County",3,62,160,81,79
050,21,011,"Kentucky","Bath County",3,63,172,89,83
050,21,011,"Kentucky","Bath County",3,64,168,82,86
050,21,011,"Kentucky","Bath County",3,65,162,77,85
050,21,011,"Kentucky","Bath County",3,66,161,78,83
050,21,011,"Kentucky","Bath County",3,67,157,68,89
050,21,011,"Kentucky","Bath County",3,68,164,79,85
050,21,011,"Kentucky","Bath County",3,69,145,75,70
050,21,011,"Kentucky","Bath County",3,70,129,69,60
050,21,011,"Kentucky","Bath County",3,71,112,57,55
050,21,011,"Kentucky","Bath County",3,72,114,52,62
050,21,011,"Kentucky","Bath County",3,73,115,51,64
050,21,011,"Kentucky","Bath County",3,74,119,52,67
050,21,011,"Kentucky","Bath County",3,75,79,37,42
050,21,011,"Kentucky","Bath County",3,76,73,39,34
050,21,011,"Kentucky","Bath County",3,77,80,34,46
050,21,011,"Kentucky","Bath County",3,78,66,28,38
050,21,011,"Kentucky","Bath County",3,79,58,27,31
050,21,011,"Kentucky","Bath County",3,80,51,23,28
050,21,011,"Kentucky","Bath County",3,81,58,29,29
050,21,011,"Kentucky","Bath County",3,82,57,24,33
050,21,011,"Kentucky","Bath County",3,83,45,14,31
050,21,011,"Kentucky","Bath County",3,84,36,16,20
050,21,011,"Kentucky","Bath County",3,85,222,85,137
050,21,011,"Kentucky","Bath County",4,0,174,94,80
050,21,011,"Kentucky","Bath County",4,1,176,85,91
050,21,011,"Kentucky","Bath County",4,2,182,92,90
050,21,011,"Kentucky","Bath County",4,3,179,96,83
050,21,011,"Kentucky","Bath County",4,4,179,94,85
050,21,011,"Kentucky","Bath County",4,5,183,101,82
050,21,011,"Kentucky","Bath County",4,6,182,101,81
050,21,011,"Kentucky","Bath County",4,7,185,101,84
050,21,011,"Kentucky","Bath County",4,8,174,94,80
050,21,011,"Kentucky","Bath County",4,9,187,97,90
050,21,011,"Kentucky","Bath County",4,10,182,97,85
050,21,011,"Kentucky","Bath County",4,11,176,91,85
050,21,011,"Kentucky","Bath County",4,12,175,90,85
050,21,011,"Kentucky","Bath County",4,13,194,97,97
050,21,011,"Kentucky","Bath County",4,14,204,113,91
050,21,011,"Kentucky","Bath County",4,15,197,101,96
050,21,011,"Kentucky","Bath County",4,16,178,95,83
050,21,011,"Kentucky","Bath County",4,17,190,98,92
050,21,011,"Kentucky","Bath County",4,18,168,85,83
050,21,011,"Kentucky","Bath County",4,19,102,63,39
050,21,011,"Kentucky","Bath County",4,20,114,59,55
050,21,011,"Kentucky","Bath County",4,21,131,69,62
050,21,011,"Kentucky","Bath County",4,22,149,77,72
050,21,011,"Kentucky","Bath County",4,23,143,70,73
050,21,011,"Kentucky","Bath County",4,24,158,75,83
050,21,011,"Kentucky","Bath County",4,25,152,77,75
050,21,011,"Kentucky","Bath County",4,26,145,70,75
050,21,011,"Kentucky","Bath County",4,27,167,85,82
050,21,011,"Kentucky","Bath County",4,28,176,91,85
050,21,011,"Kentucky","Bath County",4,29,142,67,75
050,21,011,"Kentucky","Bath County",4,30,169,89,80
050,21,011,"Kentucky","Bath County",4,31,167,78,89
050,21,011,"Kentucky","Bath County",4,32,160,86,74
050,21,011,"Kentucky","Bath County",4,33,139,70,69
050,21,011,"Kentucky","Bath County",4,34,145,68,77
050,21,011,"Kentucky","Bath County",4,35,115,56,59
050,21,011,"Kentucky","Bath County",4,36,131,63,68
050,21,011,"Kentucky","Bath County",4,37,136,68,68
050,21,011,"Kentucky","Bath County",4,38,126,56,70
050,21,011,"Kentucky","Bath County",4,39,152,75,77
050,21,011,"Kentucky","Bath County",4,40,148,69,79
050,21,011,"Kentucky","Bath County",4,41,155,73,82
050,21,011,"Kentucky","Bath County",4,42,159,69,90
050,21,011,"Kentucky","Bath County",4,43,143,72,71
050,21,011,"Kentucky","Bath County",4,44,142,75,67
050,21,011,"Kentucky","Bath County",4,45,163,84,79
050,21,011,"Kentucky","Bath County",4,46,146,82,64
050,21,011,"Kentucky","Bath County",4,47,150,78,72
050,21,011,"Kentucky","Bath County",4,48,159,82,77
050,21,011,"Kentucky","Bath County",4,49,162,80,82
050,21,011,"Kentucky","Bath County",4,50,170,83,87
050,21,011,"Kentucky","Bath County",4,51,183,88,95
050,21,011,"Kentucky","Bath County",4,52,170,79,91
050,21,011,"Kentucky","Bath County",4,53,180,79,101
050,21,011,"Kentucky","Bath County",4,54,176,84,92
050,21,011,"Kentucky","Bath County",4,55,162,85,77
050,21,011,"Kentucky","Bath County",4,56,162,75,87
050,21,011,"Kentucky","Bath County",4,57,190,91,99
050,21,011,"Kentucky","Bath County",4,58,181,89,92
050,21,011,"Kentucky","Bath County",4,59,174,91,83
050,21,011,"Kentucky","Bath County",4,60,182,98,84
050,21,011,"Kentucky","Bath County",4,61,172,94,78
050,21,011,"Kentucky","Bath County",4,62,164,83,81
050,21,011,"Kentucky","Bath County",4,63,160,78,82
050,21,011,"Kentucky","Bath County",4,64,170,88,82
050,21,011,"Kentucky","Bath County",4,65,164,80,84
050,21,011,"Kentucky","Bath County",4,66,160,76,84
050,21,011,"Kentucky","Bath County",4,67,160,79,81
050,21,011,"Kentucky","Bath County",4,68,157,67,90
050,21,011,"Kentucky","Bath County",4,69,151,75,76
050,21,011,"Kentucky","Bath County",4,70,135,68,67
050,21,011,"Kentucky","Bath County",4,71,130,71,59
050,21,011,"Kentucky","Bath County",4,72,109,56,53
050,21,011,"Kentucky","Bath County",4,73,113,51,62
050,21,011,"Kentucky","Bath County",4,74,111,49,62
050,21,011,"Kentucky","Bath County",4,75,110,47,63
050,21,011,"Kentucky","Bath County",4,76,73,39,34
050,21,011,"Kentucky","Bath County",4,77,63,30,33
050,21,011,"Kentucky","Bath County",4,78,70,28,42
050,21,011,"Kentucky","Bath County",4,79,68,30,38
050,21,011,"Kentucky","Bath County",4,80,49,22,27
050,21,011,"Kentucky","Bath County",4,81,46,22,24
050,21,011,"Kentucky","Bath County",4,82,53,26,27
050,21,011,"Kentucky","Bath County",4,83,48,18,30
050,21,011,"Kentucky","Bath County",4,84,39,10,29
050,21,011,"Kentucky","Bath County",4,85,212,86,126
050,21,011,"Kentucky","Bath County",5,0,174,93,81
050,21,011,"Kentucky","Bath County",5,1,166,86,80
050,21,011,"Kentucky","Bath County",5,2,176,84,92
050,21,011,"Kentucky","Bath County",5,3,189,97,92
050,21,011,"Kentucky","Bath County",5,4,175,92,83
050,21,011,"Kentucky","Bath County",5,5,187,99,88
050,21,011,"Kentucky","Bath County",5,6,191,103,88
050,21,011,"Kentucky","Bath County",5,7,172,93,79
050,21,011,"Kentucky","Bath County",5,8,190,98,92
050,21,011,"Kentucky","Bath County",5,9,171,89,82
050,21,011,"Kentucky","Bath County",5,10,189,98,91
050,21,011,"Kentucky","Bath County",5,11,175,96,79
050,21,011,"Kentucky","Bath County",5,12,186,96,90
050,21,011,"Kentucky","Bath County",5,13,179,94,85
050,21,011,"Kentucky","Bath County",5,14,194,101,93
050,21,011,"Kentucky","Bath County",5,15,203,114,89
050,21,011,"Kentucky","Bath County",5,16,200,103,97
050,21,011,"Kentucky","Bath County",5,17,187,101,86
050,21,011,"Kentucky","Bath County",5,18,158,80,78
050,21,011,"Kentucky","Bath County",5,19,132,67,65
050,21,011,"Kentucky","Bath County",5,20,120,72,48
050,21,011,"Kentucky","Bath County",5,21,125,66,59
050,21,011,"Kentucky","Bath County",5,22,135,76,59
050,21,011,"Kentucky","Bath County",5,23,152,81,71
050,21,011,"Kentucky","Bath County",5,24,155,80,75
050,21,011,"Kentucky","Bath County",5,25,171,83,88
050,21,011,"Kentucky","Bath County",5,26,155,82,73
050,21,011,"Kentucky","Bath County",5,27,152,78,74
050,21,011,"Kentucky","Bath County",5,28,158,80,78
050,21,011,"Kentucky","Bath County",5,29,185,96,89
050,21,011,"Kentucky","Bath County",5,30,149,64,85
050,21,011,"Kentucky","Bath County",5,31,168,88,80
050,21,011,"Kentucky","Bath County",5,32,168,77,91
050,21,011,"Kentucky","Bath County",5,33,170,94,76
050,21,011,"Kentucky","Bath County",5,34,140,71,69
050,21,011,"Kentucky","Bath County",5,35,145,72,73
050,21,011,"Kentucky","Bath County",5,36,121,58,63
050,21,011,"Kentucky","Bath County",5,37,135,66,69
050,21,011,"Kentucky","Bath County",5,38,146,76,70
050,21,011,"Kentucky","Bath County",5,39,133,63,70
050,21,011,"Kentucky","Bath County",5,40,156,76,80
050,21,011,"Kentucky","Bath County",5,41,151,65,86
050,21,011,"Kentucky","Bath County",5,42,158,73,85
050,21,011,"Kentucky","Bath County",5,43,166,75,91
050,21,011,"Kentucky","Bath County",5,44,143,75,68
050,21,011,"Kentucky","Bath County",5,45,142,74,68
050,21,011,"Kentucky","Bath County",5,46,166,85,81
050,21,011,"Kentucky","Bath County",5,47,138,76,62
050,21,011,"Kentucky","Bath County",5,48,154,80,74
050,21,011,"Kentucky","Bath County",5,49,155,81,74
050,21,011,"Kentucky","Bath County",5,50,165,84,81
050,21,011,"Kentucky","Bath County",5,51,176,87,89
050,21,011,"Kentucky","Bath County",5,52,188,91,97
050,21,011,"Kentucky","Bath County",5,53,172,79,93
050,21,011,"Kentucky","Bath County",5,54,178,82,96
050,21,011,"Kentucky","Bath County",5,55,171,79,92
050,21,011,"Kentucky","Bath County",5,56,159,85,74
050,21,011,"Kentucky","Bath County",5,57,159,71,88
050,21,011,"Kentucky","Bath County",5,58,194,94,100
050,21,011,"Kentucky","Bath County",5,59,186,92,94
050,21,011,"Kentucky","Bath County",5,60,174,90,84
050,21,011,"Kentucky","Bath County",5,61,186,100,86
050,21,011,"Kentucky","Bath County",5,62,162,84,78
050,21,011,"Kentucky","Bath County",5,63,166,85,81
050,21,011,"Kentucky","Bath County",5,64,157,76,81
050,21,011,"Kentucky","Bath County",5,65,168,85,83
050,21,011,"Kentucky","Bath County",5,66,162,81,81
050,21,011,"Kentucky","Bath County",5,67,162,75,87
050,21,011,"Kentucky","Bath County",5,68,164,81,83
050,21,011,"Kentucky","Bath County",5,69,141,62,79
050,21,011,"Kentucky","Bath County",5,70,144,68,76
050,21,011,"Kentucky","Bath County",5,71,139,72,67
050,21,011,"Kentucky","Bath County",5,72,131,72,59
050,21,011,"Kentucky","Bath County",5,73,101,51,50
050,21,011,"Kentucky","Bath County",5,74,111,48,63
050,21,011,"Kentucky","Bath County",5,75,103,45,58
050,21,011,"Kentucky","Bath County",5,76,104,51,53
050,21,011,"Kentucky","Bath County",5,77,66,33,33
050,21,011,"Kentucky","Bath County",5,78,56,25,31
050,21,011,"Kentucky","Bath County",5,79,71,29,42
050,21,011,"Kentucky","Bath County",5,80,61,23,38
050,21,011,"Kentucky","Bath County",5,81,45,20,25
050,21,011,"Kentucky","Bath County",5,82,41,19,22
050,21,011,"Kentucky","Bath County",5,83,48,21,27
050,21,011,"Kentucky","Bath County",5,84,42,15,27
050,21,011,"Kentucky","Bath County",5,85,216,84,132
050,21,013,"Kentucky","Bell County",1,0,297,154,143
050,21,013,"Kentucky","Bell County",1,1,287,144,143
050,21,013,"Kentucky","Bell County",1,2,275,146,129
050,21,013,"Kentucky","Bell County",1,3,266,141,125
050,21,013,"Kentucky","Bell County",1,4,295,142,153
050,21,013,"Kentucky","Bell County",1,5,286,134,152
050,21,013,"Kentucky","Bell County",1,6,270,139,131
050,21,013,"Kentucky","Bell County",1,7,288,162,126
050,21,013,"Kentucky","Bell County",1,8,271,149,122
050,21,013,"Kentucky","Bell County",1,9,272,140,132
050,21,013,"Kentucky","Bell County",1,10,262,131,131
050,21,013,"Kentucky","Bell County",1,11,288,149,139
050,21,013,"Kentucky","Bell County",1,12,283,145,138
050,21,013,"Kentucky","Bell County",1,13,309,141,168
050,21,013,"Kentucky","Bell County",1,14,291,142,149
050,21,013,"Kentucky","Bell County",1,15,286,143,143
050,21,013,"Kentucky","Bell County",1,16,301,154,147
050,21,013,"Kentucky","Bell County",1,17,304,168,136
050,21,013,"Kentucky","Bell County",1,18,274,160,114
050,21,013,"Kentucky","Bell County",1,19,229,137,92
050,21,013,"Kentucky","Bell County",1,20,248,137,111
050,21,013,"Kentucky","Bell County",1,21,254,132,122
050,21,013,"Kentucky","Bell County",1,22,276,150,126
050,21,013,"Kentucky","Bell County",1,23,313,179,134
050,21,013,"Kentucky","Bell County",1,24,292,150,142
050,21,013,"Kentucky","Bell County",1,25,306,156,150
050,21,013,"Kentucky","Bell County",1,26,307,159,148
050,21,013,"Kentucky","Bell County",1,27,272,130,142
050,21,013,"Kentucky","Bell County",1,28,311,155,156
050,21,013,"Kentucky","Bell County",1,29,336,168,168
050,21,013,"Kentucky","Bell County",1,30,308,152,156
050,21,013,"Kentucky","Bell County",1,31,282,150,132
050,21,013,"Kentucky","Bell County",1,32,261,129,132
050,21,013,"Kentucky","Bell County",1,33,262,134,128
050,21,013,"Kentucky","Bell County",1,34,289,148,141
050,21,013,"Kentucky","Bell County",1,35,271,132,139
050,21,013,"Kentucky","Bell County",1,36,262,134,128
050,21,013,"Kentucky","Bell County",1,37,274,134,140
050,21,013,"Kentucky","Bell County",1,38,280,141,139
050,21,013,"Kentucky","Bell County",1,39,267,144,123
050,21,013,"Kentucky","Bell County",1,40,252,119,133
050,21,013,"Kentucky","Bell County",1,41,287,150,137
050,21,013,"Kentucky","Bell County",1,42,282,137,145
050,21,013,"Kentucky","Bell County",1,43,282,134,148
050,21,013,"Kentucky","Bell County",1,44,304,158,146
050,21,013,"Kentucky","Bell County",1,45,258,124,134
050,21,013,"Kentucky","Bell County",1,46,306,153,153
050,21,013,"Kentucky","Bell County",1,47,305,155,150
050,21,013,"Kentucky","Bell County",1,48,346,184,162
050,21,013,"Kentucky","Bell County",1,49,372,188,184
050,21,013,"Kentucky","Bell County",1,50,315,155,160
050,21,013,"Kentucky","Bell County",1,51,311,148,163
050,21,013,"Kentucky","Bell County",1,52,314,143,171
050,21,013,"Kentucky","Bell County",1,53,340,162,178
050,21,013,"Kentucky","Bell County",1,54,359,183,176
050,21,013,"Kentucky","Bell County",1,55,338,170,168
050,21,013,"Kentucky","Bell County",1,56,357,173,184
050,21,013,"Kentucky","Bell County",1,57,339,183,156
050,21,013,"Kentucky","Bell County",1,58,359,183,176
050,21,013,"Kentucky","Bell County",1,59,364,180,184
050,21,013,"Kentucky","Bell County",1,60,352,164,188
050,21,013,"Kentucky","Bell County",1,61,342,158,184
050,21,013,"Kentucky","Bell County",1,62,347,170,177
050,21,013,"Kentucky","Bell County",1,63,342,176,166
050,21,013,"Kentucky","Bell County",1,64,308,158,150
050,21,013,"Kentucky","Bell County",1,65,332,147,185
050,21,013,"Kentucky","Bell County",1,66,310,130,180
050,21,013,"Kentucky","Bell County",1,67,304,141,163
050,21,013,"Kentucky","Bell County",1,68,298,148,150
050,21,013,"Kentucky","Bell County",1,69,285,141,144
050,21,013,"Kentucky","Bell County",1,70,298,140,158
050,21,013,"Kentucky","Bell County",1,71,291,141,150
050,21,013,"Kentucky","Bell County",1,72,272,125,147
050,21,013,"Kentucky","Bell County",1,73,278,131,147
050,21,013,"Kentucky","Bell County",1,74,198,84,114
050,21,013,"Kentucky","Bell County",1,75,186,79,107
050,21,013,"Kentucky","Bell County",1,76,179,78,101
050,21,013,"Kentucky","Bell County",1,77,186,81,105
050,21,013,"Kentucky","Bell County",1,78,160,76,84
050,21,013,"Kentucky","Bell County",1,79,159,74,85
050,21,013,"Kentucky","Bell County",1,80,130,57,73
050,21,013,"Kentucky","Bell County",1,81,121,50,71
050,21,013,"Kentucky","Bell County",1,82,102,44,58
050,21,013,"Kentucky","Bell County",1,83,89,32,57
050,21,013,"Kentucky","Bell County",1,84,69,30,39
050,21,013,"Kentucky","Bell County",1,85,467,147,320
050,21,013,"Kentucky","Bell County",2,0,283,149,134
050,21,013,"Kentucky","Bell County",2,1,285,144,141
050,21,013,"Kentucky","Bell County",2,2,277,145,132
050,21,013,"Kentucky","Bell County",2,3,267,141,126
050,21,013,"Kentucky","Bell County",2,4,287,141,146
050,21,013,"Kentucky","Bell County",2,5,285,134,151
050,21,013,"Kentucky","Bell County",2,6,273,138,135
050,21,013,"Kentucky","Bell County",2,7,278,153,125
050,21,013,"Kentucky","Bell County",2,8,272,150,122
050,21,013,"Kentucky","Bell County",2,9,269,141,128
050,21,013,"Kentucky","Bell County",2,10,265,134,131
050,21,013,"Kentucky","Bell County",2,11,280,143,137
050,21,013,"Kentucky","Bell County",2,12,285,146,139
050,21,013,"Kentucky","Bell County",2,13,299,140,159
050,21,013,"Kentucky","Bell County",2,14,297,143,154
050,21,013,"Kentucky","Bell County",2,15,286,142,144
050,21,013,"Kentucky","Bell County",2,16,297,152,145
050,21,013,"Kentucky","Bell County",2,17,300,163,137
050,21,013,"Kentucky","Bell County",2,18,272,161,111
050,21,013,"Kentucky","Bell County",2,19,224,132,92
050,21,013,"Kentucky","Bell County",2,20,255,143,112
050,21,013,"Kentucky","Bell County",2,21,250,131,119
050,21,013,"Kentucky","Bell County",2,22,278,151,127
050,21,013,"Kentucky","Bell County",2,23,308,175,133
050,21,013,"Kentucky","Bell County",2,24,291,153,138
050,21,013,"Kentucky","Bell County",2,25,304,156,148
050,21,013,"Kentucky","Bell County",2,26,304,154,150
050,21,013,"Kentucky","Bell County",2,27,277,135,142
050,21,013,"Kentucky","Bell County",2,28,299,148,151
050,21,013,"Kentucky","Bell County",2,29,329,165,164
050,21,013,"Kentucky","Bell County",2,30,315,158,157
050,21,013,"Kentucky","Bell County",2,31,288,151,137
050,21,013,"Kentucky","Bell County",2,32,262,131,131
050,21,013,"Kentucky","Bell County",2,33,258,131,127
050,21,013,"Kentucky","Bell County",2,34,288,149,139
050,21,013,"Kentucky","Bell County",2,35,269,130,139
050,21,013,"Kentucky","Bell County",2,36,263,133,130
050,21,013,"Kentucky","Bell County",2,37,272,135,137
050,21,013,"Kentucky","Bell County",2,38,277,138,139
050,21,013,"Kentucky","Bell County",2,39,268,141,127
050,21,013,"Kentucky","Bell County",2,40,255,123,132
050,21,013,"Kentucky","Bell County",2,41,280,144,136
050,21,013,"Kentucky","Bell County",2,42,276,136,140
050,21,013,"Kentucky","Bell County",2,43,281,135,146
050,21,013,"Kentucky","Bell County",2,44,296,153,143
050,21,013,"Kentucky","Bell County",2,45,269,132,137
050,21,013,"Kentucky","Bell County",2,46,297,149,148
050,21,013,"Kentucky","Bell County",2,47,300,149,151
050,21,013,"Kentucky","Bell County",2,48,339,179,160
050,21,013,"Kentucky","Bell County",2,49,368,191,177
050,21,013,"Kentucky","Bell County",2,50,322,158,164
050,21,013,"Kentucky","Bell County",2,51,307,148,159
050,21,013,"Kentucky","Bell County",2,52,309,142,167
050,21,013,"Kentucky","Bell County",2,53,337,161,176
050,21,013,"Kentucky","Bell County",2,54,353,179,174
050,21,013,"Kentucky","Bell County",2,55,339,169,170
050,21,013,"Kentucky","Bell County",2,56,355,176,179
050,21,013,"Kentucky","Bell County",2,57,338,176,162
050,21,013,"Kentucky","Bell County",2,58,350,181,169
050,21,013,"Kentucky","Bell County",2,59,361,181,180
050,21,013,"Kentucky","Bell County",2,60,353,166,187
050,21,013,"Kentucky","Bell County",2,61,342,159,183
050,21,013,"Kentucky","Bell County",2,62,342,165,177
050,21,013,"Kentucky","Bell County",2,63,347,177,170
050,21,013,"Kentucky","Bell County",2,64,312,161,151
050,21,013,"Kentucky","Bell County",2,65,325,148,177
050,21,013,"Kentucky","Bell County",2,66,311,132,179
050,21,013,"Kentucky","Bell County",2,67,302,136,166
050,21,013,"Kentucky","Bell County",2,68,296,145,151
050,21,013,"Kentucky","Bell County",2,69,286,142,144
050,21,013,"Kentucky","Bell County",2,70,295,140,155
050,21,013,"Kentucky","Bell County",2,71,290,138,152
050,21,013,"Kentucky","Bell County",2,72,270,127,143
050,21,013,"Kentucky","Bell County",2,73,288,135,153
050,21,013,"Kentucky","Bell County",2,74,202,88,114
050,21,013,"Kentucky","Bell County",2,75,189,81,108
050,21,013,"Kentucky","Bell County",2,76,176,75,101
050,21,013,"Kentucky","Bell County",2,77,185,81,104
050,21,013,"Kentucky","Bell County",2,78,159,73,86
050,21,013,"Kentucky","Bell County",2,79,155,74,81
050,21,013,"Kentucky","Bell County",2,80,136,61,75
050,21,013,"Kentucky","Bell County",2,81,118,49,69
050,21,013,"Kentucky","Bell County",2,82,107,46,61
050,21,013,"Kentucky","Bell County",2,83,88,33,55
050,21,013,"Kentucky","Bell County",2,84,72,30,42
050,21,013,"Kentucky","Bell County",2,85,470,146,324
050,21,013,"Kentucky","Bell County",3,0,309,163,146
050,21,013,"Kentucky","Bell County",3,1,300,145,155
050,21,013,"Kentucky","Bell County",3,2,293,152,141
050,21,013,"Kentucky","Bell County",3,3,295,162,133
050,21,013,"Kentucky","Bell County",3,4,272,140,132
050,21,013,"Kentucky","Bell County",3,5,285,141,144
050,21,013,"Kentucky","Bell County",3,6,289,140,149
050,21,013,"Kentucky","Bell County",3,7,274,138,136
050,21,013,"Kentucky","Bell County",3,8,277,144,133
050,21,013,"Kentucky","Bell County",3,9,282,155,127
050,21,013,"Kentucky","Bell County",3,10,270,146,124
050,21,013,"Kentucky","Bell County",3,11,271,137,134
050,21,013,"Kentucky","Bell County",3,12,263,134,129
050,21,013,"Kentucky","Bell County",3,13,295,152,143
050,21,013,"Kentucky","Bell County",3,14,304,140,164
050,21,013,"Kentucky","Bell County",3,15,293,148,145
050,21,013,"Kentucky","Bell County",3,16,290,147,143
050,21,013,"Kentucky","Bell County",3,17,298,148,150
050,21,013,"Kentucky","Bell County",3,18,272,160,112
050,21,013,"Kentucky","Bell County",3,19,216,118,98
050,21,013,"Kentucky","Bell County",3,20,248,148,100
050,21,013,"Kentucky","Bell County",3,21,252,139,113
050,21,013,"Kentucky","Bell County",3,22,268,138,130
050,21,013,"Kentucky","Bell County",3,23,299,160,139
050,21,013,"Kentucky","Bell County",3,24,306,169,137
050,21,013,"Kentucky","Bell County",3,25,306,164,142
050,21,013,"Kentucky","Bell County",3,26,292,146,146
050,21,013,"Kentucky","Bell County",3,27,293,141,152
050,21,013,"Kentucky","Bell County",3,28,280,136,144
050,21,013,"Kentucky","Bell County",3,29,302,149,153
050,21,013,"Kentucky","Bell County",3,30,314,160,154
050,21,013,"Kentucky","Bell County",3,31,313,153,160
050,21,013,"Kentucky","Bell County",3,32,277,144,133
050,21,013,"Kentucky","Bell County",3,33,271,138,133
050,21,013,"Kentucky","Bell County",3,34,277,148,129
050,21,013,"Kentucky","Bell County",3,35,271,129,142
050,21,013,"Kentucky","Bell County",3,36,277,137,140
050,21,013,"Kentucky","Bell County",3,37,261,130,131
050,21,013,"Kentucky","Bell County",3,38,269,129,140
050,21,013,"Kentucky","Bell County",3,39,286,143,143
050,21,013,"Kentucky","Bell County",3,40,249,125,124
050,21,013,"Kentucky","Bell County",3,41,280,144,136
050,21,013,"Kentucky","Bell County",3,42,269,136,133
050,21,013,"Kentucky","Bell County",3,43,270,135,135
050,21,013,"Kentucky","Bell County",3,44,293,143,150
050,21,013,"Kentucky","Bell County",3,45,283,142,141
050,21,013,"Kentucky","Bell County",3,46,285,145,140
050,21,013,"Kentucky","Bell County",3,47,272,131,141
050,21,013,"Kentucky","Bell County",3,48,299,148,151
050,21,013,"Kentucky","Bell County",3,49,332,178,154
050,21,013,"Kentucky","Bell County",3,50,344,167,177
050,21,013,"Kentucky","Bell County",3,51,312,153,159
050,21,013,"Kentucky","Bell County",3,52,297,147,150
050,21,013,"Kentucky","Bell County",3,53,298,140,158
050,21,013,"Kentucky","Bell County",3,54,335,162,173
050,21,013,"Kentucky","Bell County",3,55,331,159,172
050,21,013,"Kentucky","Bell County",3,56,335,174,161
050,21,013,"Kentucky","Bell County",3,57,335,157,178
050,21,013,"Kentucky","Bell County",3,58,336,177,159
050,21,013,"Kentucky","Bell County",3,59,339,177,162
050,21,013,"Kentucky","Bell County",3,60,350,175,175
050,21,013,"Kentucky","Bell County",3,61,344,160,184
050,21,013,"Kentucky","Bell County",3,62,332,156,176
050,21,013,"Kentucky","Bell County",3,63,344,164,180
050,21,013,"Kentucky","Bell County",3,64,333,169,164
050,21,013,"Kentucky","Bell County",3,65,308,154,154
050,21,013,"Kentucky","Bell County",3,66,316,142,174
050,21,013,"Kentucky","Bell County",3,67,310,131,179
050,21,013,"Kentucky","Bell County",3,68,291,132,159
050,21,013,"Kentucky","Bell County",3,69,286,136,150
050,21,013,"Kentucky","Bell County",3,70,277,134,143
050,21,013,"Kentucky","Bell County",3,71,275,130,145
050,21,013,"Kentucky","Bell County",3,72,279,133,146
050,21,013,"Kentucky","Bell County",3,73,257,123,134
050,21,013,"Kentucky","Bell County",3,74,278,129,149
050,21,013,"Kentucky","Bell County",3,75,190,81,109
050,21,013,"Kentucky","Bell County",3,76,175,73,102
050,21,013,"Kentucky","Bell County",3,77,161,68,93
050,21,013,"Kentucky","Bell County",3,78,176,76,100
050,21,013,"Kentucky","Bell County",3,79,146,69,77
050,21,013,"Kentucky","Bell County",3,80,151,71,80
050,21,013,"Kentucky","Bell County",3,81,127,52,75
050,21,013,"Kentucky","Bell County",3,82,104,39,65
050,21,013,"Kentucky","Bell County",3,83,91,39,52
050,21,013,"Kentucky","Bell County",3,84,74,28,46
050,21,013,"Kentucky","Bell County",3,85,455,150,305
050,21,013,"Kentucky","Bell County",4,0,288,146,142
050,21,013,"Kentucky","Bell County",4,1,297,162,135
050,21,013,"Kentucky","Bell County",4,2,302,145,157
050,21,013,"Kentucky","Bell County",4,3,295,148,147
050,21,013,"Kentucky","Bell County",4,4,293,154,139
050,21,013,"Kentucky","Bell County",4,5,273,145,128
050,21,013,"Kentucky","Bell County",4,6,275,135,140
050,21,013,"Kentucky","Bell County",4,7,289,142,147
050,21,013,"Kentucky","Bell County",4,8,274,134,140
050,21,013,"Kentucky","Bell County",4,9,270,137,133
050,21,013,"Kentucky","Bell County",4,10,276,152,124
050,21,013,"Kentucky","Bell County",4,11,274,150,124
050,21,013,"Kentucky","Bell County",4,12,265,130,135
050,21,013,"Kentucky","Bell County",4,13,277,143,134
050,21,013,"Kentucky","Bell County",4,14,306,157,149
050,21,013,"Kentucky","Bell County",4,15,313,144,169
050,21,013,"Kentucky","Bell County",4,16,308,159,149
050,21,013,"Kentucky","Bell County",4,17,291,152,139
050,21,013,"Kentucky","Bell County",4,18,276,153,123
050,21,013,"Kentucky","Bell County",4,19,212,120,92
050,21,013,"Kentucky","Bell County",4,20,240,137,103
050,21,013,"Kentucky","Bell County",4,21,248,144,104
050,21,013,"Kentucky","Bell County",4,22,292,160,132
050,21,013,"Kentucky","Bell County",4,23,297,156,141
050,21,013,"Kentucky","Bell County",4,24,296,148,148
050,21,013,"Kentucky","Bell County",4,25,309,178,131
050,21,013,"Kentucky","Bell County",4,26,306,161,145
050,21,013,"Kentucky","Bell County",4,27,288,146,142
050,21,013,"Kentucky","Bell County",4,28,285,140,145
050,21,013,"Kentucky","Bell County",4,29,277,136,141
050,21,013,"Kentucky","Bell County",4,30,300,150,150
050,21,013,"Kentucky","Bell County",4,31,316,159,157
050,21,013,"Kentucky","Bell County",4,32,314,147,167
050,21,013,"Kentucky","Bell County",4,33,270,139,131
050,21,013,"Kentucky","Bell County",4,34,282,156,126
050,21,013,"Kentucky","Bell County",4,35,257,132,125
050,21,013,"Kentucky","Bell County",4,36,249,122,127
050,21,013,"Kentucky","Bell County",4,37,264,129,135
050,21,013,"Kentucky","Bell County",4,38,271,136,135
050,21,013,"Kentucky","Bell County",4,39,277,134,143
050,21,013,"Kentucky","Bell County",4,40,269,133,136
050,21,013,"Kentucky","Bell County",4,41,268,144,124
050,21,013,"Kentucky","Bell County",4,42,275,136,139
050,21,013,"Kentucky","Bell County",4,43,260,133,127
050,21,013,"Kentucky","Bell County",4,44,275,137,138
050,21,013,"Kentucky","Bell County",4,45,291,144,147
050,21,013,"Kentucky","Bell County",4,46,291,149,142
050,21,013,"Kentucky","Bell County",4,47,278,132,146
050,21,013,"Kentucky","Bell County",4,48,282,140,142
050,21,013,"Kentucky","Bell County",4,49,293,150,143
050,21,013,"Kentucky","Bell County",4,50,321,165,156
050,21,013,"Kentucky","Bell County",4,51,334,165,169
050,21,013,"Kentucky","Bell County",4,52,305,143,162
050,21,013,"Kentucky","Bell County",4,53,305,155,150
050,21,013,"Kentucky","Bell County",4,54,301,145,156
050,21,013,"Kentucky","Bell County",4,55,321,149,172
050,21,013,"Kentucky","Bell County",4,56,329,163,166
050,21,013,"Kentucky","Bell County",4,57,321,163,158
050,21,013,"Kentucky","Bell County",4,58,334,157,177
050,21,013,"Kentucky","Bell County",4,59,336,176,160
050,21,013,"Kentucky","Bell County",4,60,334,176,158
050,21,013,"Kentucky","Bell County",4,61,334,174,160
050,21,013,"Kentucky","Bell County",4,62,330,151,179
050,21,013,"Kentucky","Bell County",4,63,310,151,159
050,21,013,"Kentucky","Bell County",4,64,323,151,172
050,21,013,"Kentucky","Bell County",4,65,321,165,156
050,21,013,"Kentucky","Bell County",4,66,299,148,151
050,21,013,"Kentucky","Bell County",4,67,307,137,170
050,21,013,"Kentucky","Bell County",4,68,302,132,170
050,21,013,"Kentucky","Bell County",4,69,274,121,153
050,21,013,"Kentucky","Bell County",4,70,276,131,145
050,21,013,"Kentucky","Bell County",4,71,259,122,137
050,21,013,"Kentucky","Bell County",4,72,260,124,136
050,21,013,"Kentucky","Bell County",4,73,258,120,138
050,21,013,"Kentucky","Bell County",4,74,248,117,131
050,21,013,"Kentucky","Bell County",4,75,248,113,135
050,21,013,"Kentucky","Bell County",4,76,177,75,102
050,21,013,"Kentucky","Bell County",4,77,160,62,98
050,21,013,"Kentucky","Bell County",4,78,149,65,84
050,21,013,"Kentucky","Bell County",4,79,168,76,92
050,21,013,"Kentucky","Bell County",4,80,140,64,76
050,21,013,"Kentucky","Bell County",4,81,143,65,78
050,21,013,"Kentucky","Bell County",4,82,118,47,71
050,21,013,"Kentucky","Bell County",4,83,87,32,55
050,21,013,"Kentucky","Bell County",4,84,77,35,42
050,21,013,"Kentucky","Bell County",4,85,428,146,282
050,21,013,"Kentucky","Bell County",5,0,288,146,142
050,21,013,"Kentucky","Bell County",5,1,273,146,127
050,21,013,"Kentucky","Bell County",5,2,293,158,135
050,21,013,"Kentucky","Bell County",5,3,311,150,161
050,21,013,"Kentucky","Bell County",5,4,299,155,144
050,21,013,"Kentucky","Bell County",5,5,293,149,144
050,21,013,"Kentucky","Bell County",5,6,265,145,120
050,21,013,"Kentucky","Bell County",5,7,279,133,146
050,21,013,"Kentucky","Bell County",5,8,293,137,156
050,21,013,"Kentucky","Bell County",5,9,275,132,143
050,21,013,"Kentucky","Bell County",5,10,278,143,135
050,21,013,"Kentucky","Bell County",5,11,288,156,132
050,21,013,"Kentucky","Bell County",5,12,272,149,123
050,21,013,"Kentucky","Bell County",5,13,276,136,140
050,21,013,"Kentucky","Bell County",5,14,262,138,124
050,21,013,"Kentucky","Bell County",5,15,299,154,145
050,21,013,"Kentucky","Bell County",5,16,311,141,170
050,21,013,"Kentucky","Bell County",5,17,306,158,148
050,21,013,"Kentucky","Bell County",5,18,267,151,116
050,21,013,"Kentucky","Bell County",5,19,206,107,99
050,21,013,"Kentucky","Bell County",5,20,233,134,99
050,21,013,"Kentucky","Bell County",5,21,239,134,105
050,21,013,"Kentucky","Bell County",5,22,274,159,115
050,21,013,"Kentucky","Bell County",5,23,309,165,144
050,21,013,"Kentucky","Bell County",5,24,278,140,138
050,21,013,"Kentucky","Bell County",5,25,305,159,146
050,21,013,"Kentucky","Bell County",5,26,306,176,130
050,21,013,"Kentucky","Bell County",5,27,304,159,145
050,21,013,"Kentucky","Bell County",5,28,273,136,137
050,21,013,"Kentucky","Bell County",5,29,288,140,148
050,21,013,"Kentucky","Bell County",5,30,265,128,137
050,21,013,"Kentucky","Bell County",5,31,300,151,149
050,21,013,"Kentucky","Bell County",5,32,306,151,155
050,21,013,"Kentucky","Bell County",5,33,314,147,167
050,21,013,"Kentucky","Bell County",5,34,295,160,135
050,21,013,"Kentucky","Bell County",5,35,260,138,122
050,21,013,"Kentucky","Bell County",5,36,257,132,125
050,21,013,"Kentucky","Bell County",5,37,243,118,125
050,21,013,"Kentucky","Bell County",5,38,254,123,131
050,21,013,"Kentucky","Bell County",5,39,259,129,130
050,21,013,"Kentucky","Bell County",5,40,255,117,138
050,21,013,"Kentucky","Bell County",5,41,275,139,136
050,21,013,"Kentucky","Bell County",5,42,259,130,129
050,21,013,"Kentucky","Bell County",5,43,261,125,136
050,21,013,"Kentucky","Bell County",5,44,267,139,128
050,21,013,"Kentucky","Bell County",5,45,260,124,136
050,21,013,"Kentucky","Bell County",5,46,303,155,148
050,21,013,"Kentucky","Bell County",5,47,275,139,136
050,21,013,"Kentucky","Bell County",5,48,286,140,146
050,21,013,"Kentucky","Bell County",5,49,292,154,138
050,21,013,"Kentucky","Bell County",5,50,281,135,146
050,21,013,"Kentucky","Bell County",5,51,310,161,149
050,21,013,"Kentucky","Bell County",5,52,325,161,164
050,21,013,"Kentucky","Bell County",5,53,308,146,162
050,21,013,"Kentucky","Bell County",5,54,303,156,147
050,21,013,"Kentucky","Bell County",5,55,283,129,154
050,21,013,"Kentucky","Bell County",5,56,327,156,171
050,21,013,"Kentucky","Bell County",5,57,316,154,162
050,21,013,"Kentucky","Bell County",5,58,302,154,148
050,21,013,"Kentucky","Bell County",5,59,331,154,177
050,21,013,"Kentucky","Bell County",5,60,338,181,157
050,21,013,"Kentucky","Bell County",5,61,333,179,154
050,21,013,"Kentucky","Bell County",5,62,321,163,158
050,21,013,"Kentucky","Bell County",5,63,317,143,174
050,21,013,"Kentucky","Bell County",5,64,294,145,149
050,21,013,"Kentucky","Bell County",5,65,312,145,167
050,21,013,"Kentucky","Bell County",5,66,309,159,150
050,21,013,"Kentucky","Bell County",5,67,291,141,150
050,21,013,"Kentucky","Bell County",5,68,300,138,162
050,21,013,"Kentucky","Bell County",5,69,285,121,164
050,21,013,"Kentucky","Bell County",5,70,261,114,147
050,21,013,"Kentucky","Bell County",5,71,262,123,139
050,21,013,"Kentucky","Bell County",5,72,242,112,130
050,21,013,"Kentucky","Bell County",5,73,251,118,133
050,21,013,"Kentucky","Bell County",5,74,250,118,132
050,21,013,"Kentucky","Bell County",5,75,223,103,120
050,21,013,"Kentucky","Bell County",5,76,232,104,128
050,21,013,"Kentucky","Bell County",5,77,164,65,99
050,21,013,"Kentucky","Bell County",5,78,152,59,93
050,21,013,"Kentucky","Bell County",5,79,141,64,77
050,21,013,"Kentucky","Bell County",5,80,159,71,88
050,21,013,"Kentucky","Bell County",5,81,130,56,74
050,21,013,"Kentucky","Bell County",5,82,128,56,72
050,21,013,"Kentucky","Bell County",5,83,104,41,63
050,21,013,"Kentucky","Bell County",5,84,74,25,49
050,21,013,"Kentucky","Bell County",5,85,429,157,272
050,21,015,"Kentucky","Boone County",1,0,1656,844,812
050,21,015,"Kentucky","Boone County",1,1,1726,884,842
050,21,015,"Kentucky","Boone County",1,2,1828,937,891
050,21,015,"Kentucky","Boone County",1,3,1761,912,849
050,21,015,"Kentucky","Boone County",1,4,1800,925,875
050,21,015,"Kentucky","Boone County",1,5,1900,974,926
050,21,015,"Kentucky","Boone County",1,6,1908,972,936
050,21,015,"Kentucky","Boone County",1,7,1983,1010,973
050,21,015,"Kentucky","Boone County",1,8,1947,990,957
050,21,015,"Kentucky","Boone County",1,9,1954,1003,951
050,21,015,"Kentucky","Boone County",1,10,2067,1049,1018
050,21,015,"Kentucky","Boone County",1,11,2077,1042,1035
050,21,015,"Kentucky","Boone County",1,12,2139,1066,1073
050,21,015,"Kentucky","Boone County",1,13,2208,1113,1095
050,21,015,"Kentucky","Boone County",1,14,2161,1117,1044
050,21,015,"Kentucky","Boone County",1,15,2179,1131,1048
050,21,015,"Kentucky","Boone County",1,16,2205,1135,1070
050,21,015,"Kentucky","Boone County",1,17,2131,1108,1023
050,21,015,"Kentucky","Boone County",1,18,1758,900,858
050,21,015,"Kentucky","Boone County",1,19,1409,740,669
050,21,015,"Kentucky","Boone County",1,20,1469,771,698
050,21,015,"Kentucky","Boone County",1,21,1534,770,764
050,21,015,"Kentucky","Boone County",1,22,1557,783,774
050,21,015,"Kentucky","Boone County",1,23,1557,787,770
050,21,015,"Kentucky","Boone County",1,24,1633,850,783
050,21,015,"Kentucky","Boone County",1,25,1575,824,751
050,21,015,"Kentucky","Boone County",1,26,1610,812,798
050,21,015,"Kentucky","Boone County",1,27,1585,839,746
050,21,015,"Kentucky","Boone County",1,28,1586,815,771
050,21,015,"Kentucky","Boone County",1,29,1656,850,806
050,21,015,"Kentucky","Boone County",1,30,1672,852,820
050,21,015,"Kentucky","Boone County",1,31,1690,835,855
050,21,015,"Kentucky","Boone County",1,32,1666,836,830
050,21,015,"Kentucky","Boone County",1,33,1727,852,875
050,21,015,"Kentucky","Boone County",1,34,1731,844,887
050,21,015,"Kentucky","Boone County",1,35,1736,874,862
050,21,015,"Kentucky","Boone County",1,36,1808,938,870
050,21,015,"Kentucky","Boone County",1,37,1910,942,968
050,21,015,"Kentucky","Boone County",1,38,1871,938,933
050,21,015,"Kentucky","Boone County",1,39,2020,1023,997
050,21,015,"Kentucky","Boone County",1,40,1918,947,971
050,21,015,"Kentucky","Boone County",1,41,1870,921,949
050,21,015,"Kentucky","Boone County",1,42,1893,960,933
050,21,015,"Kentucky","Boone County",1,43,1828,916,912
050,21,015,"Kentucky","Boone County",1,44,1728,857,871
050,21,015,"Kentucky","Boone County",1,45,1756,874,882
050,21,015,"Kentucky","Boone County",1,46,1745,873,872
050,21,015,"Kentucky","Boone County",1,47,1797,902,895
050,21,015,"Kentucky","Boone County",1,48,1983,990,993
050,21,015,"Kentucky","Boone County",1,49,2102,1095,1007
050,21,015,"Kentucky","Boone County",1,50,1892,971,921
050,21,015,"Kentucky","Boone County",1,51,1831,924,907
050,21,015,"Kentucky","Boone County",1,52,1750,878,872
050,21,015,"Kentucky","Boone County",1,53,1802,884,918
050,21,015,"Kentucky","Boone County",1,54,1826,914,912
050,21,015,"Kentucky","Boone County",1,55,1854,929,925
050,21,015,"Kentucky","Boone County",1,56,1857,944,913
050,21,015,"Kentucky","Boone County",1,57,1761,907,854
050,21,015,"Kentucky","Boone County",1,58,1773,879,894
050,21,015,"Kentucky","Boone County",1,59,1786,868,918
050,21,015,"Kentucky","Boone County",1,60,1698,806,892
050,21,015,"Kentucky","Boone County",1,61,1649,830,819
050,21,015,"Kentucky","Boone County",1,62,1624,835,789
050,21,015,"Kentucky","Boone County",1,63,1563,772,791
050,21,015,"Kentucky","Boone County",1,64,1486,715,771
050,21,015,"Kentucky","Boone County",1,65,1423,695,728
050,21,015,"Kentucky","Boone County",1,66,1370,656,714
050,21,015,"Kentucky","Boone County",1,67,1320,623,697
050,21,015,"Kentucky","Boone County",1,68,1255,607,648
050,21,015,"Kentucky","Boone County",1,69,1171,523,648
050,21,015,"Kentucky","Boone County",1,70,1118,518,600
050,21,015,"Kentucky","Boone County",1,71,1166,528,638
050,21,015,"Kentucky","Boone County",1,72,1131,534,597
050,21,015,"Kentucky","Boone County",1,73,1134,530,604
050,21,015,"Kentucky","Boone County",1,74,751,347,404
050,21,015,"Kentucky","Boone County",1,75,757,362,395
050,21,015,"Kentucky","Boone County",1,76,698,314,384
050,21,015,"Kentucky","Boone County",1,77,719,314,405
050,21,015,"Kentucky","Boone County",1,78,611,295,316
050,21,015,"Kentucky","Boone County",1,79,514,237,277
050,21,015,"Kentucky","Boone County",1,80,470,202,268
050,21,015,"Kentucky","Boone County",1,81,460,201,259
050,21,015,"Kentucky","Boone County",1,82,392,161,231
050,21,015,"Kentucky","Boone County",1,83,325,136,189
050,21,015,"Kentucky","Boone County",1,84,290,129,161
050,21,015,"Kentucky","Boone County",1,85,1751,592,1159
050,21,015,"Kentucky","Boone County",2,0,1661,833,828
050,21,015,"Kentucky","Boone County",2,1,1724,879,845
050,21,015,"Kentucky","Boone County",2,2,1820,931,889
050,21,015,"Kentucky","Boone County",2,3,1781,922,859
050,21,015,"Kentucky","Boone County",2,4,1809,932,877
050,21,015,"Kentucky","Boone County",2,5,1880,964,916
050,21,015,"Kentucky","Boone County",2,6,1914,978,936
050,21,015,"Kentucky","Boone County",2,7,1972,1004,968
050,21,015,"Kentucky","Boone County",2,8,1959,996,963
050,21,015,"Kentucky","Boone County",2,9,1965,1007,958
050,21,015,"Kentucky","Boone County",2,10,2042,1037,1005
050,21,015,"Kentucky","Boone County",2,11,2075,1043,1032
050,21,015,"Kentucky","Boone County",2,12,2139,1068,1071
050,21,015,"Kentucky","Boone County",2,13,2192,1101,1091
050,21,015,"Kentucky","Boone County",2,14,2182,1121,1061
050,21,015,"Kentucky","Boone County",2,15,2183,1130,1053
050,21,015,"Kentucky","Boone County",2,16,2207,1140,1067
050,21,015,"Kentucky","Boone County",2,17,2153,1119,1034
050,21,015,"Kentucky","Boone County",2,18,1765,913,852
050,21,015,"Kentucky","Boone County",2,19,1421,742,679
050,21,015,"Kentucky","Boone County",2,20,1499,782,717
050,21,015,"Kentucky","Boone County",2,21,1547,782,765
050,21,015,"Kentucky","Boone County",2,22,1571,786,785
050,21,015,"Kentucky","Boone County",2,23,1574,796,778
050,21,015,"Kentucky","Boone County",2,24,1612,839,773
050,21,015,"Kentucky","Boone County",2,25,1594,830,764
050,21,015,"Kentucky","Boone County",2,26,1611,820,791
050,21,015,"Kentucky","Boone County",2,27,1589,833,756
050,21,015,"Kentucky","Boone County",2,28,1598,828,770
050,21,015,"Kentucky","Boone County",2,29,1647,843,804
050,21,015,"Kentucky","Boone County",2,30,1694,863,831
050,21,015,"Kentucky","Boone County",2,31,1694,844,850
050,21,015,"Kentucky","Boone County",2,32,1676,834,842
050,21,015,"Kentucky","Boone County",2,33,1717,849,868
050,21,015,"Kentucky","Boone County",2,34,1738,850,888
050,21,015,"Kentucky","Boone County",2,35,1754,880,874
050,21,015,"Kentucky","Boone County",2,36,1790,919,871
050,21,015,"Kentucky","Boone County",2,37,1896,950,946
050,21,015,"Kentucky","Boone County",2,38,1899,951,948
050,21,015,"Kentucky","Boone County",2,39,1993,1010,983
050,21,015,"Kentucky","Boone County",2,40,1956,971,985
050,21,015,"Kentucky","Boone County",2,41,1880,929,951
050,21,015,"Kentucky","Boone County",2,42,1892,958,934
050,21,015,"Kentucky","Boone County",2,43,1858,934,924
050,21,015,"Kentucky","Boone County",2,44,1736,864,872
050,21,015,"Kentucky","Boone County",2,45,1760,875,885
050,21,015,"Kentucky","Boone County",2,46,1742,870,872
050,21,015,"Kentucky","Boone County",2,47,1784,894,890
050,21,015,"Kentucky","Boone County",2,48,1940,973,967
050,21,015,"Kentucky","Boone County",2,49,2087,1078,1009
050,21,015,"Kentucky","Boone County",2,50,1949,1004,945
050,21,015,"Kentucky","Boone County",2,51,1840,934,906
050,21,015,"Kentucky","Boone County",2,52,1759,882,877
050,21,015,"Kentucky","Boone County",2,53,1796,886,910
050,21,015,"Kentucky","Boone County",2,54,1809,903,906
050,21,015,"Kentucky","Boone County",2,55,1842,920,922
050,21,015,"Kentucky","Boone County",2,56,1846,939,907
050,21,015,"Kentucky","Boone County",2,57,1793,920,873
050,21,015,"Kentucky","Boone County",2,58,1767,883,884
050,21,015,"Kentucky","Boone County",2,59,1791,875,916
050,21,015,"Kentucky","Boone County",2,60,1712,816,896
050,21,015,"Kentucky","Boone County",2,61,1647,819,828
050,21,015,"Kentucky","Boone County",2,62,1628,832,796
050,21,015,"Kentucky","Boone County",2,63,1589,793,796
050,21,015,"Kentucky","Boone County",2,64,1493,721,772
050,21,015,"Kentucky","Boone County",2,65,1429,691,738
050,21,015,"Kentucky","Boone County",2,66,1385,667,718
050,21,015,"Kentucky","Boone County",2,67,1331,628,703
050,21,015,"Kentucky","Boone County",2,68,1261,608,653
050,21,015,"Kentucky","Boone County",2,69,1200,546,654
050,21,015,"Kentucky","Boone County",2,70,1117,513,604
050,21,015,"Kentucky","Boone County",2,71,1153,520,633
050,21,015,"Kentucky","Boone County",2,72,1117,521,596
050,21,015,"Kentucky","Boone County",2,73,1182,553,629
050,21,015,"Kentucky","Boone County",2,74,791,364,427
050,21,015,"Kentucky","Boone County",2,75,748,356,392
050,21,015,"Kentucky","Boone County",2,76,707,323,384
050,21,015,"Kentucky","Boone County",2,77,728,319,409
050,21,015,"Kentucky","Boone County",2,78,616,284,332
050,21,015,"Kentucky","Boone County",2,79,529,246,283
050,21,015,"Kentucky","Boone County",2,80,481,207,274
050,21,015,"Kentucky","Boone County",2,81,459,201,258
050,21,015,"Kentucky","Boone County",2,82,412,171,241
050,21,015,"Kentucky","Boone County",2,83,339,139,200
050,21,015,"Kentucky","Boone County",2,84,283,122,161
050,21,015,"Kentucky","Boone County",2,85,1767,607,1160
050,21,015,"Kentucky","Boone County",3,0,1636,852,784
050,21,015,"Kentucky","Boone County",3,1,1717,868,849
050,21,015,"Kentucky","Boone County",3,2,1752,900,852
050,21,015,"Kentucky","Boone County",3,3,1852,944,908
050,21,015,"Kentucky","Boone County",3,4,1810,947,863
050,21,015,"Kentucky","Boone County",3,5,1829,954,875
050,21,015,"Kentucky","Boone County",3,6,1924,995,929
050,21,015,"Kentucky","Boone County",3,7,1954,971,983
050,21,015,"Kentucky","Boone County",3,8,2021,1036,985
050,21,015,"Kentucky","Boone County",3,9,1973,1012,961
050,21,015,"Kentucky","Boone County",3,10,1967,1006,961
050,21,015,"Kentucky","Boone County",3,11,2041,1032,1009
050,21,015,"Kentucky","Boone County",3,12,2085,1054,1031
050,21,015,"Kentucky","Boone County",3,13,2175,1090,1085
050,21,015,"Kentucky","Boone County",3,14,2215,1118,1097
050,21,015,"Kentucky","Boone County",3,15,2187,1119,1068
050,21,015,"Kentucky","Boone County",3,16,2141,1099,1042
050,21,015,"Kentucky","Boone County",3,17,2202,1132,1070
050,21,015,"Kentucky","Boone County",3,18,1820,974,846
050,21,015,"Kentucky","Boone County",3,19,1432,739,693
050,21,015,"Kentucky","Boone County",3,20,1547,785,762
050,21,015,"Kentucky","Boone County",3,21,1606,819,787
050,21,015,"Kentucky","Boone County",3,22,1637,830,807
050,21,015,"Kentucky","Boone County",3,23,1632,819,813
050,21,015,"Kentucky","Boone County",3,24,1587,811,776
050,21,015,"Kentucky","Boone County",3,25,1533,810,723
050,21,015,"Kentucky","Boone County",3,26,1570,797,773
050,21,015,"Kentucky","Boone County",3,27,1651,838,813
050,21,015,"Kentucky","Boone County",3,28,1685,871,814
050,21,015,"Kentucky","Boone County",3,29,1666,877,789
050,21,015,"Kentucky","Boone County",3,30,1659,847,812
050,21,015,"Kentucky","Boone County",3,31,1785,893,892
050,21,015,"Kentucky","Boone County",3,32,1748,862,886
050,21,015,"Kentucky","Boone County",3,33,1770,874,896
050,21,015,"Kentucky","Boone County",3,34,1730,846,884
050,21,015,"Kentucky","Boone County",3,35,1766,859,907
050,21,015,"Kentucky","Boone County",3,36,1780,881,899
050,21,015,"Kentucky","Boone County",3,37,1811,940,871
050,21,015,"Kentucky","Boone County",3,38,1876,946,930
050,21,015,"Kentucky","Boone County",3,39,1967,996,971
050,21,015,"Kentucky","Boone County",3,40,1967,995,972
050,21,015,"Kentucky","Boone County",3,41,1957,966,991
050,21,015,"Kentucky","Boone County",3,42,1905,953,952
050,21,015,"Kentucky","Boone County",3,43,1914,960,954
050,21,015,"Kentucky","Boone County",3,44,1878,945,933
050,21,015,"Kentucky","Boone County",3,45,1748,879,869
050,21,015,"Kentucky","Boone County",3,46,1756,862,894
050,21,015,"Kentucky","Boone County",3,47,1732,874,858
050,21,015,"Kentucky","Boone County",3,48,1763,886,877
050,21,015,"Kentucky","Boone County",3,49,1943,961,982
050,21,015,"Kentucky","Boone County",3,50,2080,1066,1014
050,21,015,"Kentucky","Boone County",3,51,1916,1003,913
050,21,015,"Kentucky","Boone County",3,52,1841,935,906
050,21,015,"Kentucky","Boone County",3,53,1756,891,865
050,21,015,"Kentucky","Boone County",3,54,1794,890,904
050,21,015,"Kentucky","Boone County",3,55,1799,895,904
050,21,015,"Kentucky","Boone County",3,56,1820,907,913
050,21,015,"Kentucky","Boone County",3,57,1866,947,919
050,21,015,"Kentucky","Boone County",3,58,1773,918,855
050,21,015,"Kentucky","Boone County",3,59,1767,892,875
050,21,015,"Kentucky","Boone County",3,60,1763,867,896
050,21,015,"Kentucky","Boone County",3,61,1652,779,873
050,21,015,"Kentucky","Boone County",3,62,1642,801,841
050,21,015,"Kentucky","Boone County",3,63,1602,825,777
050,21,015,"Kentucky","Boone County",3,64,1563,785,778
050,21,015,"Kentucky","Boone County",3,65,1471,698,773
050,21,015,"Kentucky","Boone County",3,66,1413,679,734
050,21,015,"Kentucky","Boone County",3,67,1365,646,719
050,21,015,"Kentucky","Boone County",3,68,1300,609,691
050,21,015,"Kentucky","Boone County",3,69,1240,592,648
050,21,015,"Kentucky","Boone County",3,70,1173,540,633
050,21,015,"Kentucky","Boone County",3,71,1130,503,627
050,21,015,"Kentucky","Boone County",3,72,1130,503,627
050,21,015,"Kentucky","Boone County",3,73,1103,513,590
050,21,015,"Kentucky","Boone County",3,74,1158,533,625
050,21,015,"Kentucky","Boone County",3,75,776,355,421
050,21,015,"Kentucky","Boone County",3,76,734,350,384
050,21,015,"Kentucky","Boone County",3,77,681,293,388
050,21,015,"Kentucky","Boone County",3,78,697,302,395
050,21,015,"Kentucky","Boone County",3,79,582,269,313
050,21,015,"Kentucky","Boone County",3,80,511,238,273
050,21,015,"Kentucky","Boone County",3,81,459,197,262
050,21,015,"Kentucky","Boone County",3,82,439,192,247
050,21,015,"Kentucky","Boone County",3,83,383,139,244
050,21,015,"Kentucky","Boone County",3,84,292,124,168
050,21,015,"Kentucky","Boone County",3,85,1774,621,1153
050,21,015,"Kentucky","Boone County",4,0,1737,880,857
050,21,015,"Kentucky","Boone County",4,1,1720,898,822
050,21,015,"Kentucky","Boone County",4,2,1755,879,876
050,21,015,"Kentucky","Boone County",4,3,1781,906,875
050,21,015,"Kentucky","Boone County",4,4,1905,977,928
050,21,015,"Kentucky","Boone County",4,5,1823,949,874
050,21,015,"Kentucky","Boone County",4,6,1861,975,886
050,21,015,"Kentucky","Boone County",4,7,1976,1026,950
050,21,015,"Kentucky","Boone County",4,8,1975,996,979
050,21,015,"Kentucky","Boone County",4,9,2060,1059,1001
050,21,015,"Kentucky","Boone County",4,10,2005,1026,979
050,21,015,"Kentucky","Boone County",4,11,2010,1020,990
050,21,015,"Kentucky","Boone County",4,12,2061,1038,1023
050,21,015,"Kentucky","Boone County",4,13,2109,1064,1045
050,21,015,"Kentucky","Boone County",4,14,2164,1091,1073
050,21,015,"Kentucky","Boone County",4,15,2236,1132,1104
050,21,015,"Kentucky","Boone County",4,16,2180,1112,1068
050,21,015,"Kentucky","Boone County",4,17,2154,1085,1069
050,21,015,"Kentucky","Boone County",4,18,1849,995,854
050,21,015,"Kentucky","Boone County",4,19,1414,756,658
050,21,015,"Kentucky","Boone County",4,20,1522,805,717
050,21,015,"Kentucky","Boone County",4,21,1609,809,800
050,21,015,"Kentucky","Boone County",4,22,1688,850,838
050,21,015,"Kentucky","Boone County",4,23,1668,843,825
050,21,015,"Kentucky","Boone County",4,24,1675,849,826
050,21,015,"Kentucky","Boone County",4,25,1608,817,791
050,21,015,"Kentucky","Boone County",4,26,1556,812,744
050,21,015,"Kentucky","Boone County",4,27,1624,850,774
050,21,015,"Kentucky","Boone County",4,28,1692,879,813
050,21,015,"Kentucky","Boone County",4,29,1673,865,808
050,21,015,"Kentucky","Boone County",4,30,1727,899,828
050,21,015,"Kentucky","Boone County",4,31,1689,850,839
050,21,015,"Kentucky","Boone County",4,32,1808,906,902
050,21,015,"Kentucky","Boone County",4,33,1805,913,892
050,21,015,"Kentucky","Boone County",4,34,1844,919,925
050,21,015,"Kentucky","Boone County",4,35,1754,861,893
050,21,015,"Kentucky","Boone County",4,36,1795,844,951
050,21,015,"Kentucky","Boone County",4,37,1835,910,925
050,21,015,"Kentucky","Boone County",4,38,1858,962,896
050,21,015,"Kentucky","Boone County",4,39,1951,993,958
050,21,015,"Kentucky","Boone County",4,40,1974,1008,966
050,21,015,"Kentucky","Boone County",4,41,1978,993,985
050,21,015,"Kentucky","Boone County",4,42,1937,953,984
050,21,015,"Kentucky","Boone County",4,43,1908,958,950
050,21,015,"Kentucky","Boone County",4,44,1894,936,958
050,21,015,"Kentucky","Boone County",4,45,1875,939,936
050,21,015,"Kentucky","Boone County",4,46,1756,883,873
050,21,015,"Kentucky","Boone County",4,47,1788,870,918
050,21,015,"Kentucky","Boone County",4,48,1717,874,843
050,21,015,"Kentucky","Boone County",4,49,1749,893,856
050,21,015,"Kentucky","Boone County",4,50,1924,961,963
050,21,015,"Kentucky","Boone County",4,51,2054,1046,1008
050,21,015,"Kentucky","Boone County",4,52,1907,1004,903
050,21,015,"Kentucky","Boone County",4,53,1860,962,898
050,21,015,"Kentucky","Boone County",4,54,1724,878,846
050,21,015,"Kentucky","Boone County",4,55,1792,899,893
050,21,015,"Kentucky","Boone County",4,56,1801,901,900
050,21,015,"Kentucky","Boone County",4,57,1805,903,902
050,21,015,"Kentucky","Boone County",4,58,1825,922,903
050,21,015,"Kentucky","Boone County",4,59,1760,916,844
050,21,015,"Kentucky","Boone County",4,60,1733,881,852
050,21,015,"Kentucky","Boone County",4,61,1726,844,882
050,21,015,"Kentucky","Boone County",4,62,1648,790,858
050,21,015,"Kentucky","Boone County",4,63,1612,785,827
050,21,015,"Kentucky","Boone County",4,64,1569,809,760
050,21,015,"Kentucky","Boone County",4,65,1530,753,777
050,21,015,"Kentucky","Boone County",4,66,1470,704,766
050,21,015,"Kentucky","Boone County",4,67,1386,662,724
050,21,015,"Kentucky","Boone County",4,68,1332,627,705
050,21,015,"Kentucky","Boone County",4,69,1282,590,692
050,21,015,"Kentucky","Boone County",4,70,1213,581,632
050,21,015,"Kentucky","Boone County",4,71,1169,525,644
050,21,015,"Kentucky","Boone County",4,72,1108,499,609
050,21,015,"Kentucky","Boone County",4,73,1109,484,625
050,21,015,"Kentucky","Boone County",4,74,1075,486,589
050,21,015,"Kentucky","Boone County",4,75,1114,510,604
050,21,015,"Kentucky","Boone County",4,76,748,341,407
050,21,015,"Kentucky","Boone County",4,77,692,321,371
050,21,015,"Kentucky","Boone County",4,78,652,281,371
050,21,015,"Kentucky","Boone County",4,79,669,284,385
050,21,015,"Kentucky","Boone County",4,80,556,257,299
050,21,015,"Kentucky","Boone County",4,81,484,231,253
050,21,015,"Kentucky","Boone County",4,82,434,183,251
050,21,015,"Kentucky","Boone County",4,83,413,167,246
050,21,015,"Kentucky","Boone County",4,84,345,122,223
050,21,015,"Kentucky","Boone County",4,85,1792,638,1154
050,21,015,"Kentucky","Boone County",5,0,1732,882,850
050,21,015,"Kentucky","Boone County",5,1,1793,924,869
050,21,015,"Kentucky","Boone County",5,2,1760,910,850
050,21,015,"Kentucky","Boone County",5,3,1781,899,882
050,21,015,"Kentucky","Boone County",5,4,1804,920,884
050,21,015,"Kentucky","Boone County",5,5,1920,971,949
050,21,015,"Kentucky","Boone County",5,6,1828,932,896
050,21,015,"Kentucky","Boone County",5,7,1892,997,895
050,21,015,"Kentucky","Boone County",5,8,1974,1021,953
050,21,015,"Kentucky","Boone County",5,9,2021,1030,991
050,21,015,"Kentucky","Boone County",5,10,2068,1055,1013
050,21,015,"Kentucky","Boone County",5,11,2025,1019,1006
050,21,015,"Kentucky","Boone County",5,12,2038,1040,998
050,21,015,"Kentucky","Boone County",5,13,2074,1065,1009
050,21,015,"Kentucky","Boone County",5,14,2110,1073,1037
050,21,015,"Kentucky","Boone County",5,15,2178,1092,1086
050,21,015,"Kentucky","Boone County",5,16,2253,1134,1119
050,21,015,"Kentucky","Boone County",5,17,2183,1115,1068
050,21,015,"Kentucky","Boone County",5,18,1822,948,874
050,21,015,"Kentucky","Boone County",5,19,1461,789,672
050,21,015,"Kentucky","Boone County",5,20,1586,847,739
050,21,015,"Kentucky","Boone County",5,21,1628,856,772
050,21,015,"Kentucky","Boone County",5,22,1768,862,906
050,21,015,"Kentucky","Boone County",5,23,1783,888,895
050,21,015,"Kentucky","Boone County",5,24,1692,888,804
050,21,015,"Kentucky","Boone County",5,25,1687,855,832
050,21,015,"Kentucky","Boone County",5,26,1638,861,777
050,21,015,"Kentucky","Boone County",5,27,1591,850,741
050,21,015,"Kentucky","Boone County",5,28,1664,905,759
050,21,015,"Kentucky","Boone County",5,29,1658,842,816
050,21,015,"Kentucky","Boone County",5,30,1671,840,831
050,21,015,"Kentucky","Boone County",5,31,1756,897,859
050,21,015,"Kentucky","Boone County",5,32,1733,883,850
050,21,015,"Kentucky","Boone County",5,33,1820,904,916
050,21,015,"Kentucky","Boone County",5,34,1856,904,952
050,21,015,"Kentucky","Boone County",5,35,1868,950,918
050,21,015,"Kentucky","Boone County",5,36,1829,902,927
050,21,015,"Kentucky","Boone County",5,37,1766,843,923
050,21,015,"Kentucky","Boone County",5,38,1862,933,929
050,21,015,"Kentucky","Boone County",5,39,1925,990,935
050,21,015,"Kentucky","Boone County",5,40,1953,995,958
050,21,015,"Kentucky","Boone County",5,41,1977,1010,967
050,21,015,"Kentucky","Boone County",5,42,1976,1011,965
050,21,015,"Kentucky","Boone County",5,43,1973,962,1011
050,21,015,"Kentucky","Boone County",5,44,1880,946,934
050,21,015,"Kentucky","Boone County",5,45,1911,929,982
050,21,015,"Kentucky","Boone County",5,46,1881,937,944
050,21,015,"Kentucky","Boone County",5,47,1774,881,893
050,21,015,"Kentucky","Boone County",5,48,1764,865,899
050,21,015,"Kentucky","Boone County",5,49,1707,874,833
050,21,015,"Kentucky","Boone County",5,50,1738,895,843
050,21,015,"Kentucky","Boone County",5,51,1890,934,956
050,21,015,"Kentucky","Boone County",5,52,2052,1052,1000
050,21,015,"Kentucky","Boone County",5,53,1897,1002,895
050,21,015,"Kentucky","Boone County",5,54,1844,943,901
050,21,015,"Kentucky","Boone County",5,55,1742,892,850
050,21,015,"Kentucky","Boone County",5,56,1771,892,879
050,21,015,"Kentucky","Boone County",5,57,1796,896,900
050,21,015,"Kentucky","Boone County",5,58,1775,891,884
050,21,015,"Kentucky","Boone County",5,59,1838,928,910
050,21,015,"Kentucky","Boone County",5,60,1723,888,835
050,21,015,"Kentucky","Boone County",5,61,1723,888,835
050,21,015,"Kentucky","Boone County",5,62,1710,847,863
050,21,015,"Kentucky","Boone County",5,63,1617,773,844
050,21,015,"Kentucky","Boone County",5,64,1567,763,804
050,21,015,"Kentucky","Boone County",5,65,1564,793,771
050,21,015,"Kentucky","Boone County",5,66,1553,762,791
050,21,015,"Kentucky","Boone County",5,67,1462,684,778
050,21,015,"Kentucky","Boone County",5,68,1357,640,717
050,21,015,"Kentucky","Boone County",5,69,1318,616,702
050,21,015,"Kentucky","Boone County",5,70,1271,594,677
050,21,015,"Kentucky","Boone County",5,71,1201,564,637
050,21,015,"Kentucky","Boone County",5,72,1144,520,624
050,21,015,"Kentucky","Boone County",5,73,1088,479,609
050,21,015,"Kentucky","Boone County",5,74,1091,464,627
050,21,015,"Kentucky","Boone County",5,75,1049,471,578
050,21,015,"Kentucky","Boone County",5,76,1100,500,600
050,21,015,"Kentucky","Boone County",5,77,732,320,412
050,21,015,"Kentucky","Boone County",5,78,679,317,362
050,21,015,"Kentucky","Boone County",5,79,635,272,363
050,21,015,"Kentucky","Boone County",5,80,638,259,379
050,21,015,"Kentucky","Boone County",5,81,533,248,285
050,21,015,"Kentucky","Boone County",5,82,463,218,245
050,21,015,"Kentucky","Boone County",5,83,414,166,248
050,21,015,"Kentucky","Boone County",5,84,383,158,225
050,21,015,"Kentucky","Boone County",5,85,1844,667,1177
050,21,017,"Kentucky","Bourbon County",1,0,215,107,108
050,21,017,"Kentucky","Bourbon County",1,1,230,112,118
050,21,017,"Kentucky","Bourbon County",1,2,239,128,111
050,21,017,"Kentucky","Bourbon County",1,3,243,126,117
050,21,017,"Kentucky","Bourbon County",1,4,249,128,121
050,21,017,"Kentucky","Bourbon County",1,5,248,137,111
050,21,017,"Kentucky","Bourbon County",1,6,243,132,111
050,21,017,"Kentucky","Bourbon County",1,7,253,131,122
050,21,017,"Kentucky","Bourbon County",1,8,272,156,116
050,21,017,"Kentucky","Bourbon County",1,9,271,155,116
050,21,017,"Kentucky","Bourbon County",1,10,258,132,126
050,21,017,"Kentucky","Bourbon County",1,11,288,147,141
050,21,017,"Kentucky","Bourbon County",1,12,281,138,143
050,21,017,"Kentucky","Bourbon County",1,13,297,144,153
050,21,017,"Kentucky","Bourbon County",1,14,291,147,144
050,21,017,"Kentucky","Bourbon County",1,15,270,144,126
050,21,017,"Kentucky","Bourbon County",1,16,279,142,137
050,21,017,"Kentucky","Bourbon County",1,17,280,149,131
050,21,017,"Kentucky","Bourbon County",1,18,233,118,115
050,21,017,"Kentucky","Bourbon County",1,19,181,104,77
050,21,017,"Kentucky","Bourbon County",1,20,193,105,88
050,21,017,"Kentucky","Bourbon County",1,21,199,100,99
050,21,017,"Kentucky","Bourbon County",1,22,241,121,120
050,21,017,"Kentucky","Bourbon County",1,23,231,115,116
050,21,017,"Kentucky","Bourbon County",1,24,248,136,112
050,21,017,"Kentucky","Bourbon County",1,25,235,126,109
050,21,017,"Kentucky","Bourbon County",1,26,222,126,96
050,21,017,"Kentucky","Bourbon County",1,27,264,127,137
050,21,017,"Kentucky","Bourbon County",1,28,251,121,130
050,21,017,"Kentucky","Bourbon County",1,29,250,125,125
050,21,017,"Kentucky","Bourbon County",1,30,235,107,128
050,21,017,"Kentucky","Bourbon County",1,31,234,107,127
050,21,017,"Kentucky","Bourbon County",1,32,192,94,98
050,21,017,"Kentucky","Bourbon County",1,33,216,110,106
050,21,017,"Kentucky","Bourbon County",1,34,228,112,116
050,21,017,"Kentucky","Bourbon County",1,35,203,99,104
050,21,017,"Kentucky","Bourbon County",1,36,208,98,110
050,21,017,"Kentucky","Bourbon County",1,37,225,113,112
050,21,017,"Kentucky","Bourbon County",1,38,212,116,96
050,21,017,"Kentucky","Bourbon County",1,39,219,112,107
050,21,017,"Kentucky","Bourbon County",1,40,216,97,119
050,21,017,"Kentucky","Bourbon County",1,41,235,107,128
050,21,017,"Kentucky","Bourbon County",1,42,257,123,134
050,21,017,"Kentucky","Bourbon County",1,43,228,108,120
050,21,017,"Kentucky","Bourbon County",1,44,239,123,116
050,21,017,"Kentucky","Bourbon County",1,45,251,120,131
050,21,017,"Kentucky","Bourbon County",1,46,250,109,141
050,21,017,"Kentucky","Bourbon County",1,47,265,119,146
050,21,017,"Kentucky","Bourbon County",1,48,256,122,134
050,21,017,"Kentucky","Bourbon County",1,49,284,133,151
050,21,017,"Kentucky","Bourbon County",1,50,283,132,151
050,21,017,"Kentucky","Bourbon County",1,51,267,125,142
050,21,017,"Kentucky","Bourbon County",1,52,263,132,131
050,21,017,"Kentucky","Bourbon County",1,53,233,119,114
050,21,017,"Kentucky","Bourbon County",1,54,271,135,136
050,21,017,"Kentucky","Bourbon County",1,55,303,141,162
050,21,017,"Kentucky","Bourbon County",1,56,308,145,163
050,21,017,"Kentucky","Bourbon County",1,57,330,165,165
050,21,017,"Kentucky","Bourbon County",1,58,295,159,136
050,21,017,"Kentucky","Bourbon County",1,59,282,146,136
050,21,017,"Kentucky","Bourbon County",1,60,293,150,143
050,21,017,"Kentucky","Bourbon County",1,61,295,151,144
050,21,017,"Kentucky","Bourbon County",1,62,267,131,136
050,21,017,"Kentucky","Bourbon County",1,63,255,126,129
050,21,017,"Kentucky","Bourbon County",1,64,278,129,149
050,21,017,"Kentucky","Bourbon County",1,65,270,124,146
050,21,017,"Kentucky","Bourbon County",1,66,245,119,126
050,21,017,"Kentucky","Bourbon County",1,67,241,110,131
050,21,017,"Kentucky","Bourbon County",1,68,240,113,127
050,21,017,"Kentucky","Bourbon County",1,69,221,100,121
050,21,017,"Kentucky","Bourbon County",1,70,222,97,125
050,21,017,"Kentucky","Bourbon County",1,71,236,117,119
050,21,017,"Kentucky","Bourbon County",1,72,231,109,122
050,21,017,"Kentucky","Bourbon County",1,73,233,110,123
050,21,017,"Kentucky","Bourbon County",1,74,160,81,79
050,21,017,"Kentucky","Bourbon County",1,75,148,77,71
050,21,017,"Kentucky","Bourbon County",1,76,138,69,69
050,21,017,"Kentucky","Bourbon County",1,77,165,77,88
050,21,017,"Kentucky","Bourbon County",1,78,131,56,75
050,21,017,"Kentucky","Bourbon County",1,79,127,49,78
050,21,017,"Kentucky","Bourbon County",1,80,125,53,72
050,21,017,"Kentucky","Bourbon County",1,81,106,47,59
050,21,017,"Kentucky","Bourbon County",1,82,80,33,47
050,21,017,"Kentucky","Bourbon County",1,83,74,21,53
050,21,017,"Kentucky","Bourbon County",1,84,82,29,53
050,21,017,"Kentucky","Bourbon County",1,85,440,174,266
050,21,017,"Kentucky","Bourbon County",2,0,206,109,97
050,21,017,"Kentucky","Bourbon County",2,1,227,113,114
050,21,017,"Kentucky","Bourbon County",2,2,239,126,113
050,21,017,"Kentucky","Bourbon County",2,3,244,127,117
050,21,017,"Kentucky","Bourbon County",2,4,252,130,122
050,21,017,"Kentucky","Bourbon County",2,5,252,137,115
050,21,017,"Kentucky","Bourbon County",2,6,246,134,112
050,21,017,"Kentucky","Bourbon County",2,7,251,133,118
050,21,017,"Kentucky","Bourbon County",2,8,272,154,118
050,21,017,"Kentucky","Bourbon County",2,9,272,155,117
050,21,017,"Kentucky","Bourbon County",2,10,265,141,124
050,21,017,"Kentucky","Bourbon County",2,11,278,142,136
050,21,017,"Kentucky","Bourbon County",2,12,285,141,144
050,21,017,"Kentucky","Bourbon County",2,13,294,142,152
050,21,017,"Kentucky","Bourbon County",2,14,298,150,148
050,21,017,"Kentucky","Bourbon County",2,15,275,145,130
050,21,017,"Kentucky","Bourbon County",2,16,280,145,135
050,21,017,"Kentucky","Bourbon County",2,17,278,148,130
050,21,017,"Kentucky","Bourbon County",2,18,233,121,112
050,21,017,"Kentucky","Bourbon County",2,19,182,101,81
050,21,017,"Kentucky","Bourbon County",2,20,194,105,89
050,21,017,"Kentucky","Bourbon County",2,21,203,103,100
050,21,017,"Kentucky","Bourbon County",2,22,237,119,118
050,21,017,"Kentucky","Bourbon County",2,23,238,119,119
050,21,017,"Kentucky","Bourbon County",2,24,245,132,113
050,21,017,"Kentucky","Bourbon County",2,25,239,129,110
050,21,017,"Kentucky","Bourbon County",2,26,229,128,101
050,21,017,"Kentucky","Bourbon County",2,27,257,127,130
050,21,017,"Kentucky","Bourbon County",2,28,254,123,131
050,21,017,"Kentucky","Bourbon County",2,29,253,125,128
050,21,017,"Kentucky","Bourbon County",2,30,245,114,131
050,21,017,"Kentucky","Bourbon County",2,31,234,108,126
050,21,017,"Kentucky","Bourbon County",2,32,202,97,105
050,21,017,"Kentucky","Bourbon County",2,33,215,108,107
050,21,017,"Kentucky","Bourbon County",2,34,224,110,114
050,21,017,"Kentucky","Bourbon County",2,35,210,102,108
050,21,017,"Kentucky","Bourbon County",2,36,204,95,109
050,21,017,"Kentucky","Bourbon County",2,37,220,109,111
050,21,017,"Kentucky","Bourbon County",2,38,216,115,101
050,21,017,"Kentucky","Bourbon County",2,39,215,112,103
050,21,017,"Kentucky","Bourbon County",2,40,220,102,118
050,21,017,"Kentucky","Bourbon County",2,41,231,104,127
050,21,017,"Kentucky","Bourbon County",2,42,252,119,133
050,21,017,"Kentucky","Bourbon County",2,43,239,113,126
050,21,017,"Kentucky","Bourbon County",2,44,236,120,116
050,21,017,"Kentucky","Bourbon County",2,45,249,122,127
050,21,017,"Kentucky","Bourbon County",2,46,246,109,137
050,21,017,"Kentucky","Bourbon County",2,47,260,117,143
050,21,017,"Kentucky","Bourbon County",2,48,256,120,136
050,21,017,"Kentucky","Bourbon County",2,49,281,132,149
050,21,017,"Kentucky","Bourbon County",2,50,284,134,150
050,21,017,"Kentucky","Bourbon County",2,51,270,127,143
050,21,017,"Kentucky","Bourbon County",2,52,259,127,132
050,21,017,"Kentucky","Bourbon County",2,53,242,123,119
050,21,017,"Kentucky","Bourbon County",2,54,261,131,130
050,21,017,"Kentucky","Bourbon County",2,55,293,138,155
050,21,017,"Kentucky","Bourbon County",2,56,304,143,161
050,21,017,"Kentucky","Bourbon County",2,57,324,160,164
050,21,017,"Kentucky","Bourbon County",2,58,301,159,142
050,21,017,"Kentucky","Bourbon County",2,59,287,150,137
050,21,017,"Kentucky","Bourbon County",2,60,292,150,142
050,21,017,"Kentucky","Bourbon County",2,61,293,150,143
050,21,017,"Kentucky","Bourbon County",2,62,269,132,137
050,21,017,"Kentucky","Bourbon County",2,63,260,128,132
050,21,017,"Kentucky","Bourbon County",2,64,273,128,145
050,21,017,"Kentucky","Bourbon County",2,65,270,123,147
050,21,017,"Kentucky","Bourbon County",2,66,251,121,130
050,21,017,"Kentucky","Bourbon County",2,67,242,112,130
050,21,017,"Kentucky","Bourbon County",2,68,235,110,125
050,21,017,"Kentucky","Bourbon County",2,69,228,103,125
050,21,017,"Kentucky","Bourbon County",2,70,217,97,120
050,21,017,"Kentucky","Bourbon County",2,71,232,112,120
050,21,017,"Kentucky","Bourbon County",2,72,229,109,120
050,21,017,"Kentucky","Bourbon County",2,73,243,116,127
050,21,017,"Kentucky","Bourbon County",2,74,163,80,83
050,21,017,"Kentucky","Bourbon County",2,75,148,78,70
050,21,017,"Kentucky","Bourbon County",2,76,141,71,70
050,21,017,"Kentucky","Bourbon County",2,77,157,73,84
050,21,017,"Kentucky","Bourbon County",2,78,138,61,77
050,21,017,"Kentucky","Bourbon County",2,79,128,51,77
050,21,017,"Kentucky","Bourbon County",2,80,124,52,72
050,21,017,"Kentucky","Bourbon County",2,81,110,48,62
050,21,017,"Kentucky","Bourbon County",2,82,85,34,51
050,21,017,"Kentucky","Bourbon County",2,83,73,22,51
050,21,017,"Kentucky","Bourbon County",2,84,75,27,48
050,21,017,"Kentucky","Bourbon County",2,85,452,177,275
050,21,017,"Kentucky","Bourbon County",3,0,186,98,88
050,21,017,"Kentucky","Bourbon County",3,1,208,116,92
050,21,017,"Kentucky","Bourbon County",3,2,223,106,117
050,21,017,"Kentucky","Bourbon County",3,3,262,142,120
050,21,017,"Kentucky","Bourbon County",3,4,247,123,124
050,21,017,"Kentucky","Bourbon County",3,5,265,137,128
050,21,017,"Kentucky","Bourbon County",3,6,242,143,99
050,21,017,"Kentucky","Bourbon County",3,7,245,133,112
050,21,017,"Kentucky","Bourbon County",3,8,249,130,119
050,21,017,"Kentucky","Bourbon County",3,9,277,155,122
050,21,017,"Kentucky","Bourbon County",3,10,268,154,114
050,21,017,"Kentucky","Bourbon County",3,11,263,149,114
050,21,017,"Kentucky","Bourbon County",3,12,275,139,136
050,21,017,"Kentucky","Bourbon County",3,13,289,143,146
050,21,017,"Kentucky","Bourbon County",3,14,298,142,156
050,21,017,"Kentucky","Bourbon County",3,15,295,152,143
050,21,017,"Kentucky","Bourbon County",3,16,261,141,120
050,21,017,"Kentucky","Bourbon County",3,17,267,139,128
050,21,017,"Kentucky","Bourbon County",3,18,240,126,114
050,21,017,"Kentucky","Bourbon County",3,19,178,92,86
050,21,017,"Kentucky","Bourbon County",3,20,196,99,97
050,21,017,"Kentucky","Bourbon County",3,21,202,106,96
050,21,017,"Kentucky","Bourbon County",3,22,214,111,103
050,21,017,"Kentucky","Bourbon County",3,23,238,123,115
050,21,017,"Kentucky","Bourbon County",3,24,233,114,119
050,21,017,"Kentucky","Bourbon County",3,25,240,129,111
050,21,017,"Kentucky","Bourbon County",3,26,246,131,115
050,21,017,"Kentucky","Bourbon County",3,27,231,127,104
050,21,017,"Kentucky","Bourbon County",3,28,250,128,122
050,21,017,"Kentucky","Bourbon County",3,29,281,140,141
050,21,017,"Kentucky","Bourbon County",3,30,258,131,127
050,21,017,"Kentucky","Bourbon County",3,31,247,115,132
050,21,017,"Kentucky","Bourbon County",3,32,235,109,126
050,21,017,"Kentucky","Bourbon County",3,33,214,102,112
050,21,017,"Kentucky","Bourbon County",3,34,212,111,101
050,21,017,"Kentucky","Bourbon County",3,35,225,112,113
050,21,017,"Kentucky","Bourbon County",3,36,205,100,105
050,21,017,"Kentucky","Bourbon County",3,37,197,93,104
050,21,017,"Kentucky","Bourbon County",3,38,223,112,111
050,21,017,"Kentucky","Bourbon County",3,39,222,118,104
050,21,017,"Kentucky","Bourbon County",3,40,220,120,100
050,21,017,"Kentucky","Bourbon County",3,41,222,104,118
050,21,017,"Kentucky","Bourbon County",3,42,241,112,129
050,21,017,"Kentucky","Bourbon County",3,43,254,127,127
050,21,017,"Kentucky","Bourbon County",3,44,238,116,122
050,21,017,"Kentucky","Bourbon County",3,45,240,123,117
050,21,017,"Kentucky","Bourbon County",3,46,241,122,119
050,21,017,"Kentucky","Bourbon County",3,47,249,114,135
050,21,017,"Kentucky","Bourbon County",3,48,264,123,141
050,21,017,"Kentucky","Bourbon County",3,49,256,116,140
050,21,017,"Kentucky","Bourbon County",3,50,288,138,150
050,21,017,"Kentucky","Bourbon County",3,51,287,127,160
050,21,017,"Kentucky","Bourbon County",3,52,269,130,139
050,21,017,"Kentucky","Bourbon County",3,53,261,126,135
050,21,017,"Kentucky","Bourbon County",3,54,238,118,120
050,21,017,"Kentucky","Bourbon County",3,55,247,122,125
050,21,017,"Kentucky","Bourbon County",3,56,286,135,151
050,21,017,"Kentucky","Bourbon County",3,57,315,144,171
050,21,017,"Kentucky","Bourbon County",3,58,311,159,152
050,21,017,"Kentucky","Bourbon County",3,59,291,153,138
050,21,017,"Kentucky","Bourbon County",3,60,280,146,134
050,21,017,"Kentucky","Bourbon County",3,61,284,143,141
050,21,017,"Kentucky","Bourbon County",3,62,293,147,146
050,21,017,"Kentucky","Bourbon County",3,63,271,134,137
050,21,017,"Kentucky","Bourbon County",3,64,259,129,130
050,21,017,"Kentucky","Bourbon County",3,65,262,123,139
050,21,017,"Kentucky","Bourbon County",3,66,275,126,149
050,21,017,"Kentucky","Bourbon County",3,67,249,117,132
050,21,017,"Kentucky","Bourbon County",3,68,232,112,120
050,21,017,"Kentucky","Bourbon County",3,69,228,104,124
050,21,017,"Kentucky","Bourbon County",3,70,218,95,123
050,21,017,"Kentucky","Bourbon County",3,71,215,97,118
050,21,017,"Kentucky","Bourbon County",3,72,232,113,119
050,21,017,"Kentucky","Bourbon County",3,73,221,107,114
050,21,017,"Kentucky","Bourbon County",3,74,236,108,128
050,21,017,"Kentucky","Bourbon County",3,75,153,76,77
050,21,017,"Kentucky","Bourbon County",3,76,147,78,69
050,21,017,"Kentucky","Bourbon County",3,77,135,66,69
050,21,017,"Kentucky","Bourbon County",3,78,147,72,75
050,21,017,"Kentucky","Bourbon County",3,79,134,61,73
050,21,017,"Kentucky","Bourbon County",3,80,112,42,70
050,21,017,"Kentucky","Bourbon County",3,81,121,49,72
050,21,017,"Kentucky","Bourbon County",3,82,103,43,60
050,21,017,"Kentucky","Bourbon County",3,83,71,32,39
050,21,017,"Kentucky","Bourbon County",3,84,65,22,43
050,21,017,"Kentucky","Bourbon County",3,85,456,173,283
050,21,017,"Kentucky","Bourbon County",4,0,212,116,96
050,21,017,"Kentucky","Bourbon County",4,1,182,95,87
050,21,017,"Kentucky","Bourbon County",4,2,208,110,98
050,21,017,"Kentucky","Bourbon County",4,3,219,109,110
050,21,017,"Kentucky","Bourbon County",4,4,259,145,114
050,21,017,"Kentucky","Bourbon County",4,5,238,126,112
050,21,017,"Kentucky","Bourbon County",4,6,263,132,131
050,21,017,"Kentucky","Bourbon County",4,7,240,141,99
050,21,017,"Kentucky","Bourbon County",4,8,252,136,116
050,21,017,"Kentucky","Bourbon County",4,9,261,140,121
050,21,017,"Kentucky","Bourbon County",4,10,266,157,109
050,21,017,"Kentucky","Bourbon County",4,11,276,159,117
050,21,017,"Kentucky","Bourbon County",4,12,261,151,110
050,21,017,"Kentucky","Bourbon County",4,13,280,143,137
050,21,017,"Kentucky","Bourbon County",4,14,295,143,152
050,21,017,"Kentucky","Bourbon County",4,15,300,138,162
050,21,017,"Kentucky","Bourbon County",4,16,304,159,145
050,21,017,"Kentucky","Bourbon County",4,17,259,142,117
050,21,017,"Kentucky","Bourbon County",4,18,235,128,107
050,21,017,"Kentucky","Bourbon County",4,19,189,106,83
050,21,017,"Kentucky","Bourbon County",4,20,188,96,92
050,21,017,"Kentucky","Bourbon County",4,21,199,99,100
050,21,017,"Kentucky","Bourbon County",4,22,208,105,103
050,21,017,"Kentucky","Bourbon County",4,23,223,110,113
050,21,017,"Kentucky","Bourbon County",4,24,249,130,119
050,21,017,"Kentucky","Bourbon County",4,25,232,114,118
050,21,017,"Kentucky","Bourbon County",4,26,227,121,106
050,21,017,"Kentucky","Bourbon County",4,27,246,130,116
050,21,017,"Kentucky","Bourbon County",4,28,219,115,104
050,21,017,"Kentucky","Bourbon County",4,29,234,115,119
050,21,017,"Kentucky","Bourbon County",4,30,286,140,146
050,21,017,"Kentucky","Bourbon County",4,31,252,126,126
050,21,017,"Kentucky","Bourbon County",4,32,232,112,120
050,21,017,"Kentucky","Bourbon County",4,33,228,102,126
050,21,017,"Kentucky","Bourbon County",4,34,204,88,116
050,21,017,"Kentucky","Bourbon County",4,35,228,114,114
050,21,017,"Kentucky","Bourbon County",4,36,208,101,107
050,21,017,"Kentucky","Bourbon County",4,37,205,105,100
050,21,017,"Kentucky","Bourbon County",4,38,201,92,109
050,21,017,"Kentucky","Bourbon County",4,39,214,107,107
050,21,017,"Kentucky","Bourbon County",4,40,222,120,102
050,21,017,"Kentucky","Bourbon County",4,41,215,126,89
050,21,017,"Kentucky","Bourbon County",4,42,217,103,114
050,21,017,"Kentucky","Bourbon County",4,43,247,119,128
050,21,017,"Kentucky","Bourbon County",4,44,244,122,122
050,21,017,"Kentucky","Bourbon County",4,45,247,125,122
050,21,017,"Kentucky","Bourbon County",4,46,247,127,120
050,21,017,"Kentucky","Bourbon County",4,47,243,115,128
050,21,017,"Kentucky","Bourbon County",4,48,247,115,132
050,21,017,"Kentucky","Bourbon County",4,49,262,127,135
050,21,017,"Kentucky","Bourbon County",4,50,251,116,135
050,21,017,"Kentucky","Bourbon County",4,51,284,139,145
050,21,017,"Kentucky","Bourbon County",4,52,299,130,169
050,21,017,"Kentucky","Bourbon County",4,53,277,128,149
050,21,017,"Kentucky","Bourbon County",4,54,266,128,138
050,21,017,"Kentucky","Bourbon County",4,55,236,116,120
050,21,017,"Kentucky","Bourbon County",4,56,247,120,127
050,21,017,"Kentucky","Bourbon County",4,57,286,135,151
050,21,017,"Kentucky","Bourbon County",4,58,310,139,171
050,21,017,"Kentucky","Bourbon County",4,59,311,158,153
050,21,017,"Kentucky","Bourbon County",4,60,293,157,136
050,21,017,"Kentucky","Bourbon County",4,61,271,144,127
050,21,017,"Kentucky","Bourbon County",4,62,284,145,139
050,21,017,"Kentucky","Bourbon County",4,63,295,147,148
050,21,017,"Kentucky","Bourbon County",4,64,257,122,135
050,21,017,"Kentucky","Bourbon County",4,65,253,126,127
050,21,017,"Kentucky","Bourbon County",4,66,262,124,138
050,21,017,"Kentucky","Bourbon County",4,67,277,126,151
050,21,017,"Kentucky","Bourbon County",4,68,250,119,131
050,21,017,"Kentucky","Bourbon County",4,69,235,112,123
050,21,017,"Kentucky","Bourbon County",4,70,218,99,119
050,21,017,"Kentucky","Bourbon County",4,71,210,92,118
050,21,017,"Kentucky","Bourbon County",4,72,212,92,120
050,21,017,"Kentucky","Bourbon County",4,73,227,108,119
050,21,017,"Kentucky","Bourbon County",4,74,214,103,111
050,21,017,"Kentucky","Bourbon County",4,75,225,105,120
050,21,017,"Kentucky","Bourbon County",4,76,146,71,75
050,21,017,"Kentucky","Bourbon County",4,77,140,74,66
050,21,017,"Kentucky","Bourbon County",4,78,126,64,62
050,21,017,"Kentucky","Bourbon County",4,79,144,73,71
050,21,017,"Kentucky","Bourbon County",4,80,118,54,64
050,21,017,"Kentucky","Bourbon County",4,81,103,38,65
050,21,017,"Kentucky","Bourbon County",4,82,109,41,68
050,21,017,"Kentucky","Bourbon County",4,83,91,39,52
050,21,017,"Kentucky","Bourbon County",4,84,70,32,38
050,21,017,"Kentucky","Bourbon County",4,85,439,159,280
050,21,017,"Kentucky","Bourbon County",5,0,207,114,93
050,21,017,"Kentucky","Bourbon County",5,1,224,118,106
050,21,017,"Kentucky","Bourbon County",5,2,192,100,92
050,21,017,"Kentucky","Bourbon County",5,3,214,104,110
050,21,017,"Kentucky","Bourbon County",5,4,229,112,117
050,21,017,"Kentucky","Bourbon County",5,5,267,149,118
050,21,017,"Kentucky","Bourbon County",5,6,234,128,106
050,21,017,"Kentucky","Bourbon County",5,7,267,131,136
050,21,017,"Kentucky","Bourbon County",5,8,244,149,95
050,21,017,"Kentucky","Bourbon County",5,9,252,137,115
050,21,017,"Kentucky","Bourbon County",5,10,256,137,119
050,21,017,"Kentucky","Bourbon County",5,11,276,160,116
050,21,017,"Kentucky","Bourbon County",5,12,267,150,117
050,21,017,"Kentucky","Bourbon County",5,13,255,148,107
050,21,017,"Kentucky","Bourbon County",5,14,276,141,135
050,21,017,"Kentucky","Bourbon County",5,15,303,145,158
050,21,017,"Kentucky","Bourbon County",5,16,291,136,155
050,21,017,"Kentucky","Bourbon County",5,17,303,160,143
050,21,017,"Kentucky","Bourbon County",5,18,225,126,99
050,21,017,"Kentucky","Bourbon County",5,19,199,107,92
050,21,017,"Kentucky","Bourbon County",5,20,205,110,95
050,21,017,"Kentucky","Bourbon County",5,21,193,96,97
050,21,017,"Kentucky","Bourbon County",5,22,222,107,115
050,21,017,"Kentucky","Bourbon County",5,23,227,113,114
050,21,017,"Kentucky","Bourbon County",5,24,219,111,108
050,21,017,"Kentucky","Bourbon County",5,25,260,133,127
050,21,017,"Kentucky","Bourbon County",5,26,235,115,120
050,21,017,"Kentucky","Bourbon County",5,27,231,118,113
050,21,017,"Kentucky","Bourbon County",5,28,237,126,111
050,21,017,"Kentucky","Bourbon County",5,29,234,124,110
050,21,017,"Kentucky","Bourbon County",5,30,232,114,118
050,21,017,"Kentucky","Bourbon County",5,31,289,140,149
050,21,017,"Kentucky","Bourbon County",5,32,252,126,126
050,21,017,"Kentucky","Bourbon County",5,33,242,121,121
050,21,017,"Kentucky","Bourbon County",5,34,225,107,118
050,21,017,"Kentucky","Bourbon County",5,35,203,89,114
050,21,017,"Kentucky","Bourbon County",5,36,230,114,116
050,21,017,"Kentucky","Bourbon County",5,37,201,98,103
050,21,017,"Kentucky","Bourbon County",5,38,203,103,100
050,21,017,"Kentucky","Bourbon County",5,39,205,93,112
050,21,017,"Kentucky","Bourbon County",5,40,203,99,104
050,21,017,"Kentucky","Bourbon County",5,41,221,115,106
050,21,017,"Kentucky","Bourbon County",5,42,217,128,89
050,21,017,"Kentucky","Bourbon County",5,43,228,105,123
050,21,017,"Kentucky","Bourbon County",5,44,244,111,133
050,21,017,"Kentucky","Bourbon County",5,45,245,124,121
050,21,017,"Kentucky","Bourbon County",5,46,245,123,122
050,21,017,"Kentucky","Bourbon County",5,47,253,129,124
050,21,017,"Kentucky","Bourbon County",5,48,240,113,127
050,21,017,"Kentucky","Bourbon County",5,49,247,117,130
050,21,017,"Kentucky","Bourbon County",5,50,258,123,135
050,21,017,"Kentucky","Bourbon County",5,51,250,116,134
050,21,017,"Kentucky","Bourbon County",5,52,284,139,145
050,21,017,"Kentucky","Bourbon County",5,53,298,126,172
050,21,017,"Kentucky","Bourbon County",5,54,278,128,150
050,21,017,"Kentucky","Bourbon County",5,55,261,125,136
050,21,017,"Kentucky","Bourbon County",5,56,234,112,122
050,21,017,"Kentucky","Bourbon County",5,57,252,123,129
050,21,017,"Kentucky","Bourbon County",5,58,288,137,151
050,21,017,"Kentucky","Bourbon County",5,59,302,138,164
050,21,017,"Kentucky","Bourbon County",5,60,313,159,154
050,21,017,"Kentucky","Bourbon County",5,61,287,156,131
050,21,017,"Kentucky","Bourbon County",5,62,268,142,126
050,21,017,"Kentucky","Bourbon County",5,63,283,142,141
050,21,017,"Kentucky","Bourbon County",5,64,301,151,150
050,21,017,"Kentucky","Bourbon County",5,65,253,122,131
050,21,017,"Kentucky","Bourbon County",5,66,246,124,122
050,21,017,"Kentucky","Bourbon County",5,67,258,121,137
050,21,017,"Kentucky","Bourbon County",5,68,273,125,148
050,21,017,"Kentucky","Bourbon County",5,69,243,111,132
050,21,017,"Kentucky","Bourbon County",5,70,224,108,116
050,21,017,"Kentucky","Bourbon County",5,71,213,95,118
050,21,017,"Kentucky","Bourbon County",5,72,204,89,115
050,21,017,"Kentucky","Bourbon County",5,73,206,87,119
050,21,017,"Kentucky","Bourbon County",5,74,217,103,114
050,21,017,"Kentucky","Bourbon County",5,75,205,100,105
050,21,017,"Kentucky","Bourbon County",5,76,217,103,114
050,21,017,"Kentucky","Bourbon County",5,77,137,65,72
050,21,017,"Kentucky","Bourbon County",5,78,131,72,59
050,21,017,"Kentucky","Bourbon County",5,79,120,62,58
050,21,017,"Kentucky","Bourbon County",5,80,131,65,66
050,21,017,"Kentucky","Bourbon County",5,81,110,49,61
050,21,017,"Kentucky","Bourbon County",5,82,92,31,61
050,21,017,"Kentucky","Bourbon County",5,83,100,42,58
050,21,017,"Kentucky","Bourbon County",5,84,88,40,48
050,21,017,"Kentucky","Bourbon County",5,85,440,165,275
050,21,019,"Kentucky","Boyd County",1,0,494,252,242
050,21,019,"Kentucky","Boyd County",1,1,530,270,260
050,21,019,"Kentucky","Boyd County",1,2,526,262,264
050,21,019,"Kentucky","Boyd County",1,3,531,261,270
050,21,019,"Kentucky","Boyd County",1,4,544,280,264
050,21,019,"Kentucky","Boyd County",1,5,596,301,295
050,21,019,"Kentucky","Boyd County",1,6,567,298,269
050,21,019,"Kentucky","Boyd County",1,7,567,289,278
050,21,019,"Kentucky","Boyd County",1,8,574,297,277
050,21,019,"Kentucky","Boyd County",1,9,548,276,272
050,21,019,"Kentucky","Boyd County",1,10,582,293,289
050,21,019,"Kentucky","Boyd County",1,11,582,277,305
050,21,019,"Kentucky","Boyd County",1,12,614,287,327
050,21,019,"Kentucky","Boyd County",1,13,624,319,305
050,21,019,"Kentucky","Boyd County",1,14,622,312,310
050,21,019,"Kentucky","Boyd County",1,15,607,302,305
050,21,019,"Kentucky","Boyd County",1,16,639,337,302
050,21,019,"Kentucky","Boyd County",1,17,622,350,272
050,21,019,"Kentucky","Boyd County",1,18,496,279,217
050,21,019,"Kentucky","Boyd County",1,19,395,219,176
050,21,019,"Kentucky","Boyd County",1,20,420,211,209
050,21,019,"Kentucky","Boyd County",1,21,444,218,226
050,21,019,"Kentucky","Boyd County",1,22,464,217,247
050,21,019,"Kentucky","Boyd County",1,23,524,270,254
050,21,019,"Kentucky","Boyd County",1,24,528,282,246
050,21,019,"Kentucky","Boyd County",1,25,525,283,242
050,21,019,"Kentucky","Boyd County",1,26,545,284,261
050,21,019,"Kentucky","Boyd County",1,27,560,301,259
050,21,019,"Kentucky","Boyd County",1,28,586,323,263
050,21,019,"Kentucky","Boyd County",1,29,639,356,283
050,21,019,"Kentucky","Boyd County",1,30,593,314,279
050,21,019,"Kentucky","Boyd County",1,31,617,335,282
050,21,019,"Kentucky","Boyd County",1,32,575,293,282
050,21,019,"Kentucky","Boyd County",1,33,559,278,281
050,21,019,"Kentucky","Boyd County",1,34,540,284,256
050,21,019,"Kentucky","Boyd County",1,35,595,322,273
050,21,019,"Kentucky","Boyd County",1,36,568,294,274
050,21,019,"Kentucky","Boyd County",1,37,620,327,293
050,21,019,"Kentucky","Boyd County",1,38,638,339,299
050,21,019,"Kentucky","Boyd County",1,39,661,363,298
050,21,019,"Kentucky","Boyd County",1,40,641,344,297
050,21,019,"Kentucky","Boyd County",1,41,611,327,284
050,21,019,"Kentucky","Boyd County",1,42,591,318,273
050,21,019,"Kentucky","Boyd County",1,43,566,293,273
050,21,019,"Kentucky","Boyd County",1,44,598,326,272
050,21,019,"Kentucky","Boyd County",1,45,599,298,301
050,21,019,"Kentucky","Boyd County",1,46,564,287,277
050,21,019,"Kentucky","Boyd County",1,47,590,307,283
050,21,019,"Kentucky","Boyd County",1,48,659,341,318
050,21,019,"Kentucky","Boyd County",1,49,682,359,323
050,21,019,"Kentucky","Boyd County",1,50,624,313,311
050,21,019,"Kentucky","Boyd County",1,51,639,330,309
050,21,019,"Kentucky","Boyd County",1,52,656,328,328
050,21,019,"Kentucky","Boyd County",1,53,646,334,312
050,21,019,"Kentucky","Boyd County",1,54,641,332,309
050,21,019,"Kentucky","Boyd County",1,55,678,348,330
050,21,019,"Kentucky","Boyd County",1,56,698,364,334
050,21,019,"Kentucky","Boyd County",1,57,696,359,337
050,21,019,"Kentucky","Boyd County",1,58,693,339,354
050,21,019,"Kentucky","Boyd County",1,59,666,322,344
050,21,019,"Kentucky","Boyd County",1,60,683,323,360
050,21,019,"Kentucky","Boyd County",1,61,700,336,364
050,21,019,"Kentucky","Boyd County",1,62,713,332,381
050,21,019,"Kentucky","Boyd County",1,63,696,315,381
050,21,019,"Kentucky","Boyd County",1,64,686,318,368
050,21,019,"Kentucky","Boyd County",1,65,693,336,357
050,21,019,"Kentucky","Boyd County",1,66,645,310,335
050,21,019,"Kentucky","Boyd County",1,67,613,279,334
050,21,019,"Kentucky","Boyd County",1,68,601,280,321
050,21,019,"Kentucky","Boyd County",1,69,533,253,280
050,21,019,"Kentucky","Boyd County",1,70,548,276,272
050,21,019,"Kentucky","Boyd County",1,71,550,277,273
050,21,019,"Kentucky","Boyd County",1,72,559,266,293
050,21,019,"Kentucky","Boyd County",1,73,551,257,294
050,21,019,"Kentucky","Boyd County",1,74,374,162,212
050,21,019,"Kentucky","Boyd County",1,75,386,180,206
050,21,019,"Kentucky","Boyd County",1,76,371,178,193
050,21,019,"Kentucky","Boyd County",1,77,363,168,195
050,21,019,"Kentucky","Boyd County",1,78,308,142,166
050,21,019,"Kentucky","Boyd County",1,79,294,141,153
050,21,019,"Kentucky","Boyd County",1,80,286,126,160
050,21,019,"Kentucky","Boyd County",1,81,246,97,149
050,21,019,"Kentucky","Boyd County",1,82,256,91,165
050,21,019,"Kentucky","Boyd County",1,83,202,72,130
050,21,019,"Kentucky","Boyd County",1,84,188,63,125
050,21,019,"Kentucky","Boyd County",1,85,1014,332,682
050,21,019,"Kentucky","Boyd County",2,0,487,242,245
050,21,019,"Kentucky","Boyd County",2,1,517,262,255
050,21,019,"Kentucky","Boyd County",2,2,529,266,263
050,21,019,"Kentucky","Boyd County",2,3,530,260,270
050,21,019,"Kentucky","Boyd County",2,4,547,280,267
050,21,019,"Kentucky","Boyd County",2,5,583,296,287
050,21,019,"Kentucky","Boyd County",2,6,580,301,279
050,21,019,"Kentucky","Boyd County",2,7,569,291,278
050,21,019,"Kentucky","Boyd County",2,8,569,293,276
050,21,019,"Kentucky","Boyd County",2,9,557,284,273
050,21,019,"Kentucky","Boyd County",2,10,578,292,286
050,21,019,"Kentucky","Boyd County",2,11,580,279,301
050,21,019,"Kentucky","Boyd County",2,12,612,287,325
050,21,019,"Kentucky","Boyd County",2,13,623,312,311
050,21,019,"Kentucky","Boyd County",2,14,625,313,312
050,21,019,"Kentucky","Boyd County",2,15,617,307,310
050,21,019,"Kentucky","Boyd County",2,16,630,327,303
050,21,019,"Kentucky","Boyd County",2,17,630,349,281
050,21,019,"Kentucky","Boyd County",2,18,495,280,215
050,21,019,"Kentucky","Boyd County",2,19,399,221,178
050,21,019,"Kentucky","Boyd County",2,20,423,216,207
050,21,019,"Kentucky","Boyd County",2,21,441,219,222
050,21,019,"Kentucky","Boyd County",2,22,470,223,247
050,21,019,"Kentucky","Boyd County",2,23,514,260,254
050,21,019,"Kentucky","Boyd County",2,24,533,284,249
050,21,019,"Kentucky","Boyd County",2,25,526,285,241
050,21,019,"Kentucky","Boyd County",2,26,545,286,259
050,21,019,"Kentucky","Boyd County",2,27,560,301,259
050,21,019,"Kentucky","Boyd County",2,28,582,319,263
050,21,019,"Kentucky","Boyd County",2,29,630,351,279
050,21,019,"Kentucky","Boyd County",2,30,610,325,285
050,21,019,"Kentucky","Boyd County",2,31,615,333,282
050,21,019,"Kentucky","Boyd County",2,32,583,299,284
050,21,019,"Kentucky","Boyd County",2,33,564,282,282
050,21,019,"Kentucky","Boyd County",2,34,544,284,260
050,21,019,"Kentucky","Boyd County",2,35,584,314,270
050,21,019,"Kentucky","Boyd County",2,36,573,297,276
050,21,019,"Kentucky","Boyd County",2,37,610,321,289
050,21,019,"Kentucky","Boyd County",2,38,635,338,297
050,21,019,"Kentucky","Boyd County",2,39,653,355,298
050,21,019,"Kentucky","Boyd County",2,40,647,348,299
050,21,019,"Kentucky","Boyd County",2,41,617,331,286
050,21,019,"Kentucky","Boyd County",2,42,587,314,273
050,21,019,"Kentucky","Boyd County",2,43,578,304,274
050,21,019,"Kentucky","Boyd County",2,44,579,313,266
050,21,019,"Kentucky","Boyd County",2,45,600,302,298
050,21,019,"Kentucky","Boyd County",2,46,567,288,279
050,21,019,"Kentucky","Boyd County",2,47,579,297,282
050,21,019,"Kentucky","Boyd County",2,48,647,336,311
050,21,019,"Kentucky","Boyd County",2,49,677,355,322
050,21,019,"Kentucky","Boyd County",2,50,639,321,318
050,21,019,"Kentucky","Boyd County",2,51,638,329,309
050,21,019,"Kentucky","Boyd County",2,52,646,324,322
050,21,019,"Kentucky","Boyd County",2,53,638,325,313
050,21,019,"Kentucky","Boyd County",2,54,638,331,307
050,21,019,"Kentucky","Boyd County",2,55,673,347,326
050,21,019,"Kentucky","Boyd County",2,56,694,361,333
050,21,019,"Kentucky","Boyd County",2,57,699,363,336
050,21,019,"Kentucky","Boyd County",2,58,685,338,347
050,21,019,"Kentucky","Boyd County",2,59,676,329,347
050,21,019,"Kentucky","Boyd County",2,60,678,320,358
050,21,019,"Kentucky","Boyd County",2,61,686,331,355
050,21,019,"Kentucky","Boyd County",2,62,703,330,373
050,21,019,"Kentucky","Boyd County",2,63,700,319,381
050,21,019,"Kentucky","Boyd County",2,64,679,311,368
050,21,019,"Kentucky","Boyd County",2,65,690,330,360
050,21,019,"Kentucky","Boyd County",2,66,660,320,340
050,21,019,"Kentucky","Boyd County",2,67,616,282,334
050,21,019,"Kentucky","Boyd County",2,68,596,276,320
050,21,019,"Kentucky","Boyd County",2,69,552,260,292
050,21,019,"Kentucky","Boyd County",2,70,541,269,272
050,21,019,"Kentucky","Boyd County",2,71,545,275,270
050,21,019,"Kentucky","Boyd County",2,72,545,262,283
050,21,019,"Kentucky","Boyd County",2,73,573,271,302
050,21,019,"Kentucky","Boyd County",2,74,385,167,218
050,21,019,"Kentucky","Boyd County",2,75,377,174,203
050,21,019,"Kentucky","Boyd County",2,76,370,175,195
050,21,019,"Kentucky","Boyd County",2,77,365,169,196
050,21,019,"Kentucky","Boyd County",2,78,312,144,168
050,21,019,"Kentucky","Boyd County",2,79,297,141,156
050,21,019,"Kentucky","Boyd County",2,80,284,128,156
050,21,019,"Kentucky","Boyd County",2,81,249,100,149
050,21,019,"Kentucky","Boyd County",2,82,250,90,160
050,21,019,"Kentucky","Boyd County",2,83,207,74,133
050,21,019,"Kentucky","Boyd County",2,84,186,64,122
050,21,019,"Kentucky","Boyd County",2,85,1004,331,673
050,21,019,"Kentucky","Boyd County",3,0,528,273,255
050,21,019,"Kentucky","Boyd County",3,1,490,244,246
050,21,019,"Kentucky","Boyd County",3,2,532,271,261
050,21,019,"Kentucky","Boyd County",3,3,502,253,249
050,21,019,"Kentucky","Boyd County",3,4,534,262,272
050,21,019,"Kentucky","Boyd County",3,5,545,280,265
050,21,019,"Kentucky","Boyd County",3,6,595,296,299
050,21,019,"Kentucky","Boyd County",3,7,574,287,287
050,21,019,"Kentucky","Boyd County",3,8,569,289,280
050,21,019,"Kentucky","Boyd County",3,9,541,286,255
050,21,019,"Kentucky","Boyd County",3,10,555,277,278
050,21,019,"Kentucky","Boyd County",3,11,571,289,282
050,21,019,"Kentucky","Boyd County",3,12,588,294,294
050,21,019,"Kentucky","Boyd County",3,13,627,292,335
050,21,019,"Kentucky","Boyd County",3,14,619,314,305
050,21,019,"Kentucky","Boyd County",3,15,636,325,311
050,21,019,"Kentucky","Boyd County",3,16,607,304,303
050,21,019,"Kentucky","Boyd County",3,17,651,349,302
050,21,019,"Kentucky","Boyd County",3,18,514,294,220
050,21,019,"Kentucky","Boyd County",3,19,423,240,183
050,21,019,"Kentucky","Boyd County",3,20,431,225,206
050,21,019,"Kentucky","Boyd County",3,21,459,242,217
050,21,019,"Kentucky","Boyd County",3,22,460,222,238
050,21,019,"Kentucky","Boyd County",3,23,481,219,262
050,21,019,"Kentucky","Boyd County",3,24,522,250,272
050,21,019,"Kentucky","Boyd County",3,25,516,287,229
050,21,019,"Kentucky","Boyd County",3,26,526,279,247
050,21,019,"Kentucky","Boyd County",3,27,520,271,249
050,21,019,"Kentucky","Boyd County",3,28,568,306,262
050,21,019,"Kentucky","Boyd County",3,29,600,329,271
050,21,019,"Kentucky","Boyd County",3,30,620,353,267
050,21,019,"Kentucky","Boyd County",3,31,609,338,271
050,21,019,"Kentucky","Boyd County",3,32,580,302,278
050,21,019,"Kentucky","Boyd County",3,33,583,298,285
050,21,019,"Kentucky","Boyd County",3,34,555,276,279
050,21,019,"Kentucky","Boyd County",3,35,567,304,263
050,21,019,"Kentucky","Boyd County",3,36,582,317,265
050,21,019,"Kentucky","Boyd County",3,37,584,300,284
050,21,019,"Kentucky","Boyd County",3,38,608,318,290
050,21,019,"Kentucky","Boyd County",3,39,623,323,300
050,21,019,"Kentucky","Boyd County",3,40,651,347,304
050,21,019,"Kentucky","Boyd County",3,41,641,343,298
050,21,019,"Kentucky","Boyd County",3,42,607,308,299
050,21,019,"Kentucky","Boyd County",3,43,589,308,281
050,21,019,"Kentucky","Boyd County",3,44,584,310,274
050,21,019,"Kentucky","Boyd County",3,45,579,301,278
050,21,019,"Kentucky","Boyd County",3,46,606,321,285
050,21,019,"Kentucky","Boyd County",3,47,545,267,278
050,21,019,"Kentucky","Boyd County",3,48,581,295,286
050,21,019,"Kentucky","Boyd County",3,49,636,326,310
050,21,019,"Kentucky","Boyd County",3,50,680,351,329
050,21,019,"Kentucky","Boyd County",3,51,648,342,306
050,21,019,"Kentucky","Boyd County",3,52,622,312,310
050,21,019,"Kentucky","Boyd County",3,53,629,311,318
050,21,019,"Kentucky","Boyd County",3,54,601,306,295
050,21,019,"Kentucky","Boyd County",3,55,640,328,312
050,21,019,"Kentucky","Boyd County",3,56,656,345,311
050,21,019,"Kentucky","Boyd County",3,57,687,355,332
050,21,019,"Kentucky","Boyd County",3,58,667,343,324
050,21,019,"Kentucky","Boyd County",3,59,679,328,351
050,21,019,"Kentucky","Boyd County",3,60,678,315,363
050,21,019,"Kentucky","Boyd County",3,61,651,310,341
050,21,019,"Kentucky","Boyd County",3,62,656,314,342
050,21,019,"Kentucky","Boyd County",3,63,688,310,378
050,21,019,"Kentucky","Boyd County",3,64,682,311,371
050,21,019,"Kentucky","Boyd County",3,65,660,303,357
050,21,019,"Kentucky","Boyd County",3,66,689,328,361
050,21,019,"Kentucky","Boyd County",3,67,628,301,327
050,21,019,"Kentucky","Boyd County",3,68,591,267,324
050,21,019,"Kentucky","Boyd County",3,69,575,267,308
050,21,019,"Kentucky","Boyd County",3,70,527,246,281
050,21,019,"Kentucky","Boyd County",3,71,514,249,265
050,21,019,"Kentucky","Boyd County",3,72,533,260,273
050,21,019,"Kentucky","Boyd County",3,73,519,250,269
050,21,019,"Kentucky","Boyd County",3,74,550,254,296
050,21,019,"Kentucky","Boyd County",3,75,361,158,203
050,21,019,"Kentucky","Boyd County",3,76,355,162,193
050,21,019,"Kentucky","Boyd County",3,77,355,167,188
050,21,019,"Kentucky","Boyd County",3,78,346,155,191
050,21,019,"Kentucky","Boyd County",3,79,291,130,161
050,21,019,"Kentucky","Boyd County",3,80,282,137,145
050,21,019,"Kentucky","Boyd County",3,81,255,105,150
050,21,019,"Kentucky","Boyd County",3,82,241,90,151
050,21,019,"Kentucky","Boyd County",3,83,207,74,133
050,21,019,"Kentucky","Boyd County",3,84,186,65,121
050,21,019,"Kentucky","Boyd County",3,85,1014,326,688
050,21,019,"Kentucky","Boyd County",4,0,526,261,265
050,21,019,"Kentucky","Boyd County",4,1,547,290,257
050,21,019,"Kentucky","Boyd County",4,2,498,257,241
050,21,019,"Kentucky","Boyd County",4,3,508,267,241
050,21,019,"Kentucky","Boyd County",4,4,519,271,248
050,21,019,"Kentucky","Boyd County",4,5,577,296,281
050,21,019,"Kentucky","Boyd County",4,6,541,282,259
050,21,019,"Kentucky","Boyd County",4,7,577,284,293
050,21,019,"Kentucky","Boyd County",4,8,572,292,280
050,21,019,"Kentucky","Boyd County",4,9,567,289,278
050,21,019,"Kentucky","Boyd County",4,10,555,301,254
050,21,019,"Kentucky","Boyd County",4,11,557,287,270
050,21,019,"Kentucky","Boyd County",4,12,600,310,290
050,21,019,"Kentucky","Boyd County",4,13,589,296,293
050,21,019,"Kentucky","Boyd County",4,14,643,302,341
050,21,019,"Kentucky","Boyd County",4,15,640,326,314
050,21,019,"Kentucky","Boyd County",4,16,650,334,316
050,21,019,"Kentucky","Boyd County",4,17,639,330,309
050,21,019,"Kentucky","Boyd County",4,18,516,286,230
050,21,019,"Kentucky","Boyd County",4,19,404,228,176
050,21,019,"Kentucky","Boyd County",4,20,443,242,201
050,21,019,"Kentucky","Boyd County",4,21,466,238,228
050,21,019,"Kentucky","Boyd County",4,22,478,246,232
050,21,019,"Kentucky","Boyd County",4,23,495,244,251
050,21,019,"Kentucky","Boyd County",4,24,533,249,284
050,21,019,"Kentucky","Boyd County",4,25,531,269,262
050,21,019,"Kentucky","Boyd County",4,26,525,283,242
050,21,019,"Kentucky","Boyd County",4,27,542,299,243
050,21,019,"Kentucky","Boyd County",4,28,524,274,250
050,21,019,"Kentucky","Boyd County",4,29,595,337,258
050,21,019,"Kentucky","Boyd County",4,30,605,341,264
050,21,019,"Kentucky","Boyd County",4,31,678,387,291
050,21,019,"Kentucky","Boyd County",4,32,617,332,285
050,21,019,"Kentucky","Boyd County",4,33,600,311,289
050,21,019,"Kentucky","Boyd County",4,34,622,328,294
050,21,019,"Kentucky","Boyd County",4,35,578,302,276
050,21,019,"Kentucky","Boyd County",4,36,571,307,264
050,21,019,"Kentucky","Boyd County",4,37,607,335,272
050,21,019,"Kentucky","Boyd County",4,38,600,310,290
050,21,019,"Kentucky","Boyd County",4,39,613,333,280
050,21,019,"Kentucky","Boyd County",4,40,637,334,303
050,21,019,"Kentucky","Boyd County",4,41,670,366,304
050,21,019,"Kentucky","Boyd County",4,42,648,340,308
050,21,019,"Kentucky","Boyd County",4,43,635,327,308
050,21,019,"Kentucky","Boyd County",4,44,594,321,273
050,21,019,"Kentucky","Boyd County",4,45,591,309,282
050,21,019,"Kentucky","Boyd County",4,46,584,315,269
050,21,019,"Kentucky","Boyd County",4,47,588,297,291
050,21,019,"Kentucky","Boyd County",4,48,574,290,284
050,21,019,"Kentucky","Boyd County",4,49,560,283,277
050,21,019,"Kentucky","Boyd County",4,50,650,344,306
050,21,019,"Kentucky","Boyd County",4,51,713,387,326
050,21,019,"Kentucky","Boyd County",4,52,654,335,319
050,21,019,"Kentucky","Boyd County",4,53,596,293,303
050,21,019,"Kentucky","Boyd County",4,54,619,304,315
050,21,019,"Kentucky","Boyd County",4,55,621,321,300
050,21,019,"Kentucky","Boyd County",4,56,633,330,303
050,21,019,"Kentucky","Boyd County",4,57,643,342,301
050,21,019,"Kentucky","Boyd County",4,58,680,348,332
050,21,019,"Kentucky","Boyd County",4,59,676,347,329
050,21,019,"Kentucky","Boyd County",4,60,680,327,353
050,21,019,"Kentucky","Boyd County",4,61,660,317,343
050,21,019,"Kentucky","Boyd County",4,62,636,308,328
050,21,019,"Kentucky","Boyd County",4,63,652,308,344
050,21,019,"Kentucky","Boyd County",4,64,663,295,368
050,21,019,"Kentucky","Boyd County",4,65,670,309,361
050,21,019,"Kentucky","Boyd County",4,66,667,307,360
050,21,019,"Kentucky","Boyd County",4,67,649,302,347
050,21,019,"Kentucky","Boyd County",4,68,603,294,309
050,21,019,"Kentucky","Boyd County",4,69,572,249,323
050,21,019,"Kentucky","Boyd County",4,70,568,256,312
050,21,019,"Kentucky","Boyd County",4,71,505,231,274
050,21,019,"Kentucky","Boyd County",4,72,506,241,265
050,21,019,"Kentucky","Boyd County",4,73,505,247,258
050,21,019,"Kentucky","Boyd County",4,74,499,226,273
050,21,019,"Kentucky","Boyd County",4,75,519,239,280
050,21,019,"Kentucky","Boyd County",4,76,344,149,195
050,21,019,"Kentucky","Boyd County",4,77,333,149,184
050,21,019,"Kentucky","Boyd County",4,78,323,150,173
050,21,019,"Kentucky","Boyd County",4,79,329,145,184
050,21,019,"Kentucky","Boyd County",4,80,273,125,148
050,21,019,"Kentucky","Boyd County",4,81,251,112,139
050,21,019,"Kentucky","Boyd County",4,82,244,96,148
050,21,019,"Kentucky","Boyd County",4,83,198,75,123
050,21,019,"Kentucky","Boyd County",4,84,192,66,126
050,21,019,"Kentucky","Boyd County",4,85,1004,314,690
050,21,019,"Kentucky","Boyd County",5,0,481,235,246
050,21,019,"Kentucky","Boyd County",5,1,520,268,252
050,21,019,"Kentucky","Boyd County",5,2,553,307,246
050,21,019,"Kentucky","Boyd County",5,3,487,242,245
050,21,019,"Kentucky","Boyd County",5,4,507,261,246
050,21,019,"Kentucky","Boyd County",5,5,512,272,240
050,21,019,"Kentucky","Boyd County",5,6,552,279,273
050,21,019,"Kentucky","Boyd County",5,7,551,281,270
050,21,019,"Kentucky","Boyd County",5,8,560,282,278
050,21,019,"Kentucky","Boyd County",5,9,592,306,286
050,21,019,"Kentucky","Boyd County",5,10,560,273,287
050,21,019,"Kentucky","Boyd County",5,11,567,301,266
050,21,019,"Kentucky","Boyd County",5,12,564,276,288
050,21,019,"Kentucky","Boyd County",5,13,597,305,292
050,21,019,"Kentucky","Boyd County",5,14,586,291,295
050,21,019,"Kentucky","Boyd County",5,15,648,313,335
050,21,019,"Kentucky","Boyd County",5,16,629,324,305
050,21,019,"Kentucky","Boyd County",5,17,668,353,315
050,21,019,"Kentucky","Boyd County",5,18,506,261,245
050,21,019,"Kentucky","Boyd County",5,19,419,230,189
050,21,019,"Kentucky","Boyd County",5,20,437,238,199
050,21,019,"Kentucky","Boyd County",5,21,484,263,221
050,21,019,"Kentucky","Boyd County",5,22,485,246,239
050,21,019,"Kentucky","Boyd County",5,23,493,252,241
050,21,019,"Kentucky","Boyd County",5,24,535,261,274
050,21,019,"Kentucky","Boyd County",5,25,543,264,279
050,21,019,"Kentucky","Boyd County",5,26,545,276,269
050,21,019,"Kentucky","Boyd County",5,27,549,302,247
050,21,019,"Kentucky","Boyd County",5,28,555,302,253
050,21,019,"Kentucky","Boyd County",5,29,542,292,250
050,21,019,"Kentucky","Boyd County",5,30,611,344,267
050,21,019,"Kentucky","Boyd County",5,31,618,353,265
050,21,019,"Kentucky","Boyd County",5,32,644,359,285
050,21,019,"Kentucky","Boyd County",5,33,618,346,272
050,21,019,"Kentucky","Boyd County",5,34,613,326,287
050,21,019,"Kentucky","Boyd County",5,35,619,339,280
050,21,019,"Kentucky","Boyd County",5,36,587,304,283
050,21,019,"Kentucky","Boyd County",5,37,566,307,259
050,21,019,"Kentucky","Boyd County",5,38,609,333,276
050,21,019,"Kentucky","Boyd County",5,39,575,296,279
050,21,019,"Kentucky","Boyd County",5,40,614,321,293
050,21,019,"Kentucky","Boyd County",5,41,634,335,299
050,21,019,"Kentucky","Boyd County",5,42,638,332,306
050,21,019,"Kentucky","Boyd County",5,43,676,355,321
050,21,019,"Kentucky","Boyd County",5,44,611,321,290
050,21,019,"Kentucky","Boyd County",5,45,586,301,285
050,21,019,"Kentucky","Boyd County",5,46,601,320,281
050,21,019,"Kentucky","Boyd County",5,47,574,300,274
050,21,019,"Kentucky","Boyd County",5,48,608,304,304
050,21,019,"Kentucky","Boyd County",5,49,568,280,288
050,21,019,"Kentucky","Boyd County",5,50,586,299,287
050,21,019,"Kentucky","Boyd County",5,51,687,373,314
050,21,019,"Kentucky","Boyd County",5,52,694,371,323
050,21,019,"Kentucky","Boyd County",5,53,620,306,314
050,21,019,"Kentucky","Boyd County",5,54,578,281,297
050,21,019,"Kentucky","Boyd County",5,55,614,305,309
050,21,019,"Kentucky","Boyd County",5,56,619,322,297
050,21,019,"Kentucky","Boyd County",5,57,641,338,303
050,21,019,"Kentucky","Boyd County",5,58,619,330,289
050,21,019,"Kentucky","Boyd County",5,59,675,344,331
050,21,019,"Kentucky","Boyd County",5,60,676,337,339
050,21,019,"Kentucky","Boyd County",5,61,640,309,331
050,21,019,"Kentucky","Boyd County",5,62,643,307,336
050,21,019,"Kentucky","Boyd County",5,63,608,290,318
050,21,019,"Kentucky","Boyd County",5,64,633,299,334
050,21,019,"Kentucky","Boyd County",5,65,641,285,356
050,21,019,"Kentucky","Boyd County",5,66,664,310,354
050,21,019,"Kentucky","Boyd County",5,67,637,288,349
050,21,019,"Kentucky","Boyd County",5,68,629,296,333
050,21,019,"Kentucky","Boyd County",5,69,595,285,310
050,21,019,"Kentucky","Boyd County",5,70,563,245,318
050,21,019,"Kentucky","Boyd County",5,71,538,240,298
050,21,019,"Kentucky","Boyd County",5,72,496,221,275
050,21,019,"Kentucky","Boyd County",5,73,496,241,255
050,21,019,"Kentucky","Boyd County",5,74,492,237,255
050,21,019,"Kentucky","Boyd County",5,75,469,210,259
050,21,019,"Kentucky","Boyd County",5,76,501,225,276
050,21,019,"Kentucky","Boyd County",5,77,323,137,186
050,21,019,"Kentucky","Boyd County",5,78,314,137,177
050,21,019,"Kentucky","Boyd County",5,79,309,144,165
050,21,019,"Kentucky","Boyd County",5,80,308,137,171
050,21,019,"Kentucky","Boyd County",5,81,247,104,143
050,21,019,"Kentucky","Boyd County",5,82,244,101,143
050,21,019,"Kentucky","Boyd County",5,83,208,82,126
050,21,019,"Kentucky","Boyd County",5,84,188,70,118
050,21,019,"Kentucky","Boyd County",5,85,1034,328,706
050,21,021,"Kentucky","Boyle County",1,0,303,154,149
050,21,021,"Kentucky","Boyle County",1,1,322,158,164
050,21,021,"Kentucky","Boyle County",1,2,350,178,172
050,21,021,"Kentucky","Boyle County",1,3,346,170,176
050,21,021,"Kentucky","Boyle County",1,4,333,168,165
050,21,021,"Kentucky","Boyle County",1,5,365,179,186
050,21,021,"Kentucky","Boyle County",1,6,348,164,184
050,21,021,"Kentucky","Boyle County",1,7,358,195,163
050,21,021,"Kentucky","Boyle County",1,8,329,193,136
050,21,021,"Kentucky","Boyle County",1,9,354,200,154
050,21,021,"Kentucky","Boyle County",1,10,359,192,167
050,21,021,"Kentucky","Boyle County",1,11,344,185,159
050,21,021,"Kentucky","Boyle County",1,12,370,188,182
050,21,021,"Kentucky","Boyle County",1,13,384,191,193
050,21,021,"Kentucky","Boyle County",1,14,390,201,189
050,21,021,"Kentucky","Boyle County",1,15,351,183,168
050,21,021,"Kentucky","Boyle County",1,16,373,182,191
050,21,021,"Kentucky","Boyle County",1,17,374,185,189
050,21,021,"Kentucky","Boyle County",1,18,456,225,231
050,21,021,"Kentucky","Boyle County",1,19,606,306,300
050,21,021,"Kentucky","Boyle County",1,20,628,320,308
050,21,021,"Kentucky","Boyle County",1,21,611,300,311
050,21,021,"Kentucky","Boyle County",1,22,511,264,247
050,21,021,"Kentucky","Boyle County",1,23,321,163,158
050,21,021,"Kentucky","Boyle County",1,24,370,204,166
050,21,021,"Kentucky","Boyle County",1,25,374,193,181
050,21,021,"Kentucky","Boyle County",1,26,381,212,169
050,21,021,"Kentucky","Boyle County",1,27,416,248,168
050,21,021,"Kentucky","Boyle County",1,28,405,226,179
050,21,021,"Kentucky","Boyle County",1,29,393,215,178
050,21,021,"Kentucky","Boyle County",1,30,378,208,170
050,21,021,"Kentucky","Boyle County",1,31,345,194,151
050,21,021,"Kentucky","Boyle County",1,32,337,194,143
050,21,021,"Kentucky","Boyle County",1,33,378,212,166
050,21,021,"Kentucky","Boyle County",1,34,372,216,156
050,21,021,"Kentucky","Boyle County",1,35,334,196,138
050,21,021,"Kentucky","Boyle County",1,36,365,215,150
050,21,021,"Kentucky","Boyle County",1,37,363,197,166
050,21,021,"Kentucky","Boyle County",1,38,351,180,171
050,21,021,"Kentucky","Boyle County",1,39,360,180,180
050,21,021,"Kentucky","Boyle County",1,40,353,187,166
050,21,021,"Kentucky","Boyle County",1,41,370,195,175
050,21,021,"Kentucky","Boyle County",1,42,374,192,182
050,21,021,"Kentucky","Boyle County",1,43,348,182,166
050,21,021,"Kentucky","Boyle County",1,44,342,179,163
050,21,021,"Kentucky","Boyle County",1,45,353,182,171
050,21,021,"Kentucky","Boyle County",1,46,371,215,156
050,21,021,"Kentucky","Boyle County",1,47,349,188,161
050,21,021,"Kentucky","Boyle County",1,48,408,219,189
050,21,021,"Kentucky","Boyle County",1,49,420,221,199
050,21,021,"Kentucky","Boyle County",1,50,406,195,211
050,21,021,"Kentucky","Boyle County",1,51,379,201,178
050,21,021,"Kentucky","Boyle County",1,52,358,187,171
050,21,021,"Kentucky","Boyle County",1,53,389,174,215
050,21,021,"Kentucky","Boyle County",1,54,380,182,198
050,21,021,"Kentucky","Boyle County",1,55,401,184,217
050,21,021,"Kentucky","Boyle County",1,56,406,188,218
050,21,021,"Kentucky","Boyle County",1,57,377,181,196
050,21,021,"Kentucky","Boyle County",1,58,412,216,196
050,21,021,"Kentucky","Boyle County",1,59,371,179,192
050,21,021,"Kentucky","Boyle County",1,60,403,187,216
050,21,021,"Kentucky","Boyle County",1,61,385,184,201
050,21,021,"Kentucky","Boyle County",1,62,397,205,192
050,21,021,"Kentucky","Boyle County",1,63,411,212,199
050,21,021,"Kentucky","Boyle County",1,64,380,173,207
050,21,021,"Kentucky","Boyle County",1,65,351,154,197
050,21,021,"Kentucky","Boyle County",1,66,339,161,178
050,21,021,"Kentucky","Boyle County",1,67,359,174,185
050,21,021,"Kentucky","Boyle County",1,68,361,158,203
050,21,021,"Kentucky","Boyle County",1,69,342,151,191
050,21,021,"Kentucky","Boyle County",1,70,356,160,196
050,21,021,"Kentucky","Boyle County",1,71,318,139,179
050,21,021,"Kentucky","Boyle County",1,72,327,152,175
050,21,021,"Kentucky","Boyle County",1,73,318,156,162
050,21,021,"Kentucky","Boyle County",1,74,216,96,120
050,21,021,"Kentucky","Boyle County",1,75,207,92,115
050,21,021,"Kentucky","Boyle County",1,76,208,89,119
050,21,021,"Kentucky","Boyle County",1,77,220,94,126
050,21,021,"Kentucky","Boyle County",1,78,198,82,116
050,21,021,"Kentucky","Boyle County",1,79,158,70,88
050,21,021,"Kentucky","Boyle County",1,80,171,75,96
050,21,021,"Kentucky","Boyle County",1,81,160,71,89
050,21,021,"Kentucky","Boyle County",1,82,155,66,89
050,21,021,"Kentucky","Boyle County",1,83,116,53,63
050,21,021,"Kentucky","Boyle County",1,84,101,41,60
050,21,021,"Kentucky","Boyle County",1,85,682,222,460
050,21,021,"Kentucky","Boyle County",2,0,306,151,155
050,21,021,"Kentucky","Boyle County",2,1,320,157,163
050,21,021,"Kentucky","Boyle County",2,2,351,176,175
050,21,021,"Kentucky","Boyle County",2,3,351,172,179
050,21,021,"Kentucky","Boyle County",2,4,343,172,171
050,21,021,"Kentucky","Boyle County",2,5,357,176,181
050,21,021,"Kentucky","Boyle County",2,6,353,168,185
050,21,021,"Kentucky","Boyle County",2,7,357,190,167
050,21,021,"Kentucky","Boyle County",2,8,342,197,145
050,21,021,"Kentucky","Boyle County",2,9,351,201,150
050,21,021,"Kentucky","Boyle County",2,10,364,197,167
050,21,021,"Kentucky","Boyle County",2,11,350,189,161
050,21,021,"Kentucky","Boyle County",2,12,368,190,178
050,21,021,"Kentucky","Boyle County",2,13,385,194,191
050,21,021,"Kentucky","Boyle County",2,14,391,201,190
050,21,021,"Kentucky","Boyle County",2,15,362,188,174
050,21,021,"Kentucky","Boyle County",2,16,370,183,187
050,21,021,"Kentucky","Boyle County",2,17,376,185,191
050,21,021,"Kentucky","Boyle County",2,18,457,222,235
050,21,021,"Kentucky","Boyle County",2,19,603,305,298
050,21,021,"Kentucky","Boyle County",2,20,627,319,308
050,21,021,"Kentucky","Boyle County",2,21,627,306,321
050,21,021,"Kentucky","Boyle County",2,22,508,263,245
050,21,021,"Kentucky","Boyle County",2,23,329,165,164
050,21,021,"Kentucky","Boyle County",2,24,369,204,165
050,21,021,"Kentucky","Boyle County",2,25,373,192,181
050,21,021,"Kentucky","Boyle County",2,26,387,211,176
050,21,021,"Kentucky","Boyle County",2,27,415,248,167
050,21,021,"Kentucky","Boyle County",2,28,404,227,177
050,21,021,"Kentucky","Boyle County",2,29,403,224,179
050,21,021,"Kentucky","Boyle County",2,30,379,205,174
050,21,021,"Kentucky","Boyle County",2,31,351,197,154
050,21,021,"Kentucky","Boyle County",2,32,344,196,148
050,21,021,"Kentucky","Boyle County",2,33,369,207,162
050,21,021,"Kentucky","Boyle County",2,34,371,214,157
050,21,021,"Kentucky","Boyle County",2,35,346,200,146
050,21,021,"Kentucky","Boyle County",2,36,361,214,147
050,21,021,"Kentucky","Boyle County",2,37,359,198,161
050,21,021,"Kentucky","Boyle County",2,38,361,190,171
050,21,021,"Kentucky","Boyle County",2,39,355,179,176
050,21,021,"Kentucky","Boyle County",2,40,365,193,172
050,21,021,"Kentucky","Boyle County",2,41,369,196,173
050,21,021,"Kentucky","Boyle County",2,42,368,186,182
050,21,021,"Kentucky","Boyle County",2,43,355,185,170
050,21,021,"Kentucky","Boyle County",2,44,341,179,162
050,21,021,"Kentucky","Boyle County",2,45,353,182,171
050,21,021,"Kentucky","Boyle County",2,46,368,210,158
050,21,021,"Kentucky","Boyle County",2,47,346,186,160
050,21,021,"Kentucky","Boyle County",2,48,397,213,184
050,21,021,"Kentucky","Boyle County",2,49,421,223,198
050,21,021,"Kentucky","Boyle County",2,50,406,198,208
050,21,021,"Kentucky","Boyle County",2,51,386,200,186
050,21,021,"Kentucky","Boyle County",2,52,363,188,175
050,21,021,"Kentucky","Boyle County",2,53,382,175,207
050,21,021,"Kentucky","Boyle County",2,54,380,178,202
050,21,021,"Kentucky","Boyle County",2,55,398,185,213
050,21,021,"Kentucky","Boyle County",2,56,402,185,217
050,21,021,"Kentucky","Boyle County",2,57,385,184,201
050,21,021,"Kentucky","Boyle County",2,58,402,206,196
050,21,021,"Kentucky","Boyle County",2,59,385,190,195
050,21,021,"Kentucky","Boyle County",2,60,394,184,210
050,21,021,"Kentucky","Boyle County",2,61,387,183,204
050,21,021,"Kentucky","Boyle County",2,62,398,204,194
050,21,021,"Kentucky","Boyle County",2,63,413,212,201
050,21,021,"Kentucky","Boyle County",2,64,379,177,202
050,21,021,"Kentucky","Boyle County",2,65,357,158,199
050,21,021,"Kentucky","Boyle County",2,66,337,156,181
050,21,021,"Kentucky","Boyle County",2,67,355,171,184
050,21,021,"Kentucky","Boyle County",2,68,356,160,196
050,21,021,"Kentucky","Boyle County",2,69,351,155,196
050,21,021,"Kentucky","Boyle County",2,70,353,158,195
050,21,021,"Kentucky","Boyle County",2,71,327,143,184
050,21,021,"Kentucky","Boyle County",2,72,321,147,174
050,21,021,"Kentucky","Boyle County",2,73,340,164,176
050,21,021,"Kentucky","Boyle County",2,74,224,104,120
050,21,021,"Kentucky","Boyle County",2,75,210,93,117
050,21,021,"Kentucky","Boyle County",2,76,204,88,116
050,21,021,"Kentucky","Boyle County",2,77,222,96,126
050,21,021,"Kentucky","Boyle County",2,78,199,83,116
050,21,021,"Kentucky","Boyle County",2,79,165,72,93
050,21,021,"Kentucky","Boyle County",2,80,166,73,93
050,21,021,"Kentucky","Boyle County",2,81,160,70,90
050,21,021,"Kentucky","Boyle County",2,82,154,66,88
050,21,021,"Kentucky","Boyle County",2,83,123,56,67
050,21,021,"Kentucky","Boyle County",2,84,103,44,59
050,21,021,"Kentucky","Boyle County",2,85,688,226,462
050,21,021,"Kentucky","Boyle County",3,0,284,136,148
050,21,021,"Kentucky","Boyle County",3,1,297,154,143
050,21,021,"Kentucky","Boyle County",3,2,339,158,181
050,21,021,"Kentucky","Boyle County",3,3,361,183,178
050,21,021,"Kentucky","Boyle County",3,4,369,179,190
050,21,021,"Kentucky","Boyle County",3,5,350,176,174
050,21,021,"Kentucky","Boyle County",3,6,368,180,188
050,21,021,"Kentucky","Boyle County",3,7,370,185,185
050,21,021,"Kentucky","Boyle County",3,8,360,200,160
050,21,021,"Kentucky","Boyle County",3,9,338,189,149
050,21,021,"Kentucky","Boyle County",3,10,356,195,161
050,21,021,"Kentucky","Boyle County",3,11,370,194,176
050,21,021,"Kentucky","Boyle County",3,12,346,184,162
050,21,021,"Kentucky","Boyle County",3,13,365,196,169
050,21,021,"Kentucky","Boyle County",3,14,392,205,187
050,21,021,"Kentucky","Boyle County",3,15,377,193,184
050,21,021,"Kentucky","Boyle County",3,16,373,193,180
050,21,021,"Kentucky","Boyle County",3,17,362,178,184
050,21,021,"Kentucky","Boyle County",3,18,452,212,240
050,21,021,"Kentucky","Boyle County",3,19,534,275,259
050,21,021,"Kentucky","Boyle County",3,20,564,291,273
050,21,021,"Kentucky","Boyle County",3,21,600,297,303
050,21,021,"Kentucky","Boyle County",3,22,481,252,229
050,21,021,"Kentucky","Boyle County",3,23,354,180,174
050,21,021,"Kentucky","Boyle County",3,24,358,199,159
050,21,021,"Kentucky","Boyle County",3,25,345,192,153
050,21,021,"Kentucky","Boyle County",3,26,371,196,175
050,21,021,"Kentucky","Boyle County",3,27,401,229,172
050,21,021,"Kentucky","Boyle County",3,28,402,230,172
050,21,021,"Kentucky","Boyle County",3,29,441,258,183
050,21,021,"Kentucky","Boyle County",3,30,396,209,187
050,21,021,"Kentucky","Boyle County",3,31,373,206,167
050,21,021,"Kentucky","Boyle County",3,32,361,204,157
050,21,021,"Kentucky","Boyle County",3,33,360,204,156
050,21,021,"Kentucky","Boyle County",3,34,376,202,174
050,21,021,"Kentucky","Boyle County",3,35,377,220,157
050,21,021,"Kentucky","Boyle County",3,36,358,215,143
050,21,021,"Kentucky","Boyle County",3,37,358,199,159
050,21,021,"Kentucky","Boyle County",3,38,369,206,163
050,21,021,"Kentucky","Boyle County",3,39,352,177,175
050,21,021,"Kentucky","Boyle County",3,40,368,194,174
050,21,021,"Kentucky","Boyle County",3,41,375,197,178
050,21,021,"Kentucky","Boyle County",3,42,353,176,177
050,21,021,"Kentucky","Boyle County",3,43,359,185,174
050,21,021,"Kentucky","Boyle County",3,44,374,199,175
050,21,021,"Kentucky","Boyle County",3,45,338,168,170
050,21,021,"Kentucky","Boyle County",3,46,365,199,166
050,21,021,"Kentucky","Boyle County",3,47,341,184,157
050,21,021,"Kentucky","Boyle County",3,48,355,203,152
050,21,021,"Kentucky","Boyle County",3,49,411,221,190
050,21,021,"Kentucky","Boyle County",3,50,406,207,199
050,21,021,"Kentucky","Boyle County",3,51,417,212,205
050,21,021,"Kentucky","Boyle County",3,52,376,191,185
050,21,021,"Kentucky","Boyle County",3,53,357,180,177
050,21,021,"Kentucky","Boyle County",3,54,371,173,198
050,21,021,"Kentucky","Boyle County",3,55,383,180,203
050,21,021,"Kentucky","Boyle County",3,56,389,175,214
050,21,021,"Kentucky","Boyle County",3,57,402,186,216
050,21,021,"Kentucky","Boyle County",3,58,395,193,202
050,21,021,"Kentucky","Boyle County",3,59,396,202,194
050,21,021,"Kentucky","Boyle County",3,60,387,196,191
050,21,021,"Kentucky","Boyle County",3,61,387,176,211
050,21,021,"Kentucky","Boyle County",3,62,396,196,200
050,21,021,"Kentucky","Boyle County",3,63,373,184,189
050,21,021,"Kentucky","Boyle County",3,64,391,191,200
050,21,021,"Kentucky","Boyle County",3,65,377,173,204
050,21,021,"Kentucky","Boyle County",3,66,352,150,202
050,21,021,"Kentucky","Boyle County",3,67,333,154,179
050,21,021,"Kentucky","Boyle County",3,68,344,163,181
050,21,021,"Kentucky","Boyle County",3,69,347,156,191
050,21,021,"Kentucky","Boyle County",3,70,342,151,191
050,21,021,"Kentucky","Boyle County",3,71,335,149,186
050,21,021,"Kentucky","Boyle County",3,72,318,138,180
050,21,021,"Kentucky","Boyle County",3,73,306,142,164
050,21,021,"Kentucky","Boyle County",3,74,331,154,177
050,21,021,"Kentucky","Boyle County",3,75,210,96,114
050,21,021,"Kentucky","Boyle County",3,76,201,92,109
050,21,021,"Kentucky","Boyle County",3,77,190,84,106
050,21,021,"Kentucky","Boyle County",3,78,209,86,123
050,21,021,"Kentucky","Boyle County",3,79,183,76,107
050,21,021,"Kentucky","Boyle County",3,80,160,65,95
050,21,021,"Kentucky","Boyle County",3,81,158,68,90
050,21,021,"Kentucky","Boyle County",3,82,148,68,80
050,21,021,"Kentucky","Boyle County",3,83,149,65,84
050,21,021,"Kentucky","Boyle County",3,84,113,48,65
050,21,021,"Kentucky","Boyle County",3,85,673,236,437
050,21,021,"Kentucky","Boyle County",4,0,306,151,155
050,21,021,"Kentucky","Boyle County",4,1,287,142,145
050,21,021,"Kentucky","Boyle County",4,2,306,160,146
050,21,021,"Kentucky","Boyle County",4,3,359,173,186
050,21,021,"Kentucky","Boyle County",4,4,362,184,178
050,21,021,"Kentucky","Boyle County",4,5,378,183,195
050,21,021,"Kentucky","Boyle County",4,6,351,173,178
050,21,021,"Kentucky","Boyle County",4,7,373,189,184
050,21,021,"Kentucky","Boyle County",4,8,373,179,194
050,21,021,"Kentucky","Boyle County",4,9,352,194,158
050,21,021,"Kentucky","Boyle County",4,10,350,204,146
050,21,021,"Kentucky","Boyle County",4,11,366,194,172
050,21,021,"Kentucky","Boyle County",4,12,379,193,186
050,21,021,"Kentucky","Boyle County",4,13,369,198,171
050,21,021,"Kentucky","Boyle County",4,14,376,198,178
050,21,021,"Kentucky","Boyle County",4,15,376,197,179
050,21,021,"Kentucky","Boyle County",4,16,372,193,179
050,21,021,"Kentucky","Boyle County",4,17,383,199,184
050,21,021,"Kentucky","Boyle County",4,18,465,225,240
050,21,021,"Kentucky","Boyle County",4,19,577,285,292
050,21,021,"Kentucky","Boyle County",4,20,558,291,267
050,21,021,"Kentucky","Boyle County",4,21,628,315,313
050,21,021,"Kentucky","Boyle County",4,22,518,271,247
050,21,021,"Kentucky","Boyle County",4,23,334,170,164
050,21,021,"Kentucky","Boyle County",4,24,381,219,162
050,21,021,"Kentucky","Boyle County",4,25,335,179,156
050,21,021,"Kentucky","Boyle County",4,26,335,187,148
050,21,021,"Kentucky","Boyle County",4,27,434,239,195
050,21,021,"Kentucky","Boyle County",4,28,389,215,174
050,21,021,"Kentucky","Boyle County",4,29,411,238,173
050,21,021,"Kentucky","Boyle County",4,30,417,229,188
050,21,021,"Kentucky","Boyle County",4,31,393,198,195
050,21,021,"Kentucky","Boyle County",4,32,381,207,174
050,21,021,"Kentucky","Boyle County",4,33,366,201,165
050,21,021,"Kentucky","Boyle County",4,34,363,198,165
050,21,021,"Kentucky","Boyle County",4,35,378,202,176
050,21,021,"Kentucky","Boyle County",4,36,394,230,164
050,21,021,"Kentucky","Boyle County",4,37,346,187,159
050,21,021,"Kentucky","Boyle County",4,38,371,213,158
050,21,021,"Kentucky","Boyle County",4,39,370,196,174
050,21,021,"Kentucky","Boyle County",4,40,369,192,177
050,21,021,"Kentucky","Boyle County",4,41,379,208,171
050,21,021,"Kentucky","Boyle County",4,42,362,176,186
050,21,021,"Kentucky","Boyle County",4,43,356,182,174
050,21,021,"Kentucky","Boyle County",4,44,366,194,172
050,21,021,"Kentucky","Boyle County",4,45,376,196,180
050,21,021,"Kentucky","Boyle County",4,46,344,185,159
050,21,021,"Kentucky","Boyle County",4,47,329,170,159
050,21,021,"Kentucky","Boyle County",4,48,360,194,166
050,21,021,"Kentucky","Boyle County",4,49,339,192,147
050,21,021,"Kentucky","Boyle County",4,50,398,200,198
050,21,021,"Kentucky","Boyle County",4,51,410,213,197
050,21,021,"Kentucky","Boyle County",4,52,413,209,204
050,21,021,"Kentucky","Boyle County",4,53,372,182,190
050,21,021,"Kentucky","Boyle County",4,54,364,186,178
050,21,021,"Kentucky","Boyle County",4,55,381,184,197
050,21,021,"Kentucky","Boyle County",4,56,380,179,201
050,21,021,"Kentucky","Boyle County",4,57,382,178,204
050,21,021,"Kentucky","Boyle County",4,58,401,189,212
050,21,021,"Kentucky","Boyle County",4,59,391,195,196
050,21,021,"Kentucky","Boyle County",4,60,385,195,190
050,21,021,"Kentucky","Boyle County",4,61,371,187,184
050,21,021,"Kentucky","Boyle County",4,62,407,197,210
050,21,021,"Kentucky","Boyle County",4,63,384,181,203
050,21,021,"Kentucky","Boyle County",4,64,363,177,186
050,21,021,"Kentucky","Boyle County",4,65,388,190,198
050,21,021,"Kentucky","Boyle County",4,66,379,169,210
050,21,021,"Kentucky","Boyle County",4,67,360,153,207
050,21,021,"Kentucky","Boyle County",4,68,314,142,172
050,21,021,"Kentucky","Boyle County",4,69,340,167,173
050,21,021,"Kentucky","Boyle County",4,70,340,147,193
050,21,021,"Kentucky","Boyle County",4,71,339,150,189
050,21,021,"Kentucky","Boyle County",4,72,332,138,194
050,21,021,"Kentucky","Boyle County",4,73,301,131,170
050,21,021,"Kentucky","Boyle County",4,74,291,134,157
050,21,021,"Kentucky","Boyle County",4,75,321,146,175
050,21,021,"Kentucky","Boyle County",4,76,200,92,108
050,21,021,"Kentucky","Boyle County",4,77,198,88,110
050,21,021,"Kentucky","Boyle County",4,78,187,83,104
050,21,021,"Kentucky","Boyle County",4,79,187,80,107
050,21,021,"Kentucky","Boyle County",4,80,183,73,110
050,21,021,"Kentucky","Boyle County",4,81,147,60,87
050,21,021,"Kentucky","Boyle County",4,82,143,66,77
050,21,021,"Kentucky","Boyle County",4,83,136,66,70
050,21,021,"Kentucky","Boyle County",4,84,136,57,79
050,21,021,"Kentucky","Boyle County",4,85,685,245,440
050,21,021,"Kentucky","Boyle County",5,0,309,153,156
050,21,021,"Kentucky","Boyle County",5,1,313,157,156
050,21,021,"Kentucky","Boyle County",5,2,290,141,149
050,21,021,"Kentucky","Boyle County",5,3,307,158,149
050,21,021,"Kentucky","Boyle County",5,4,337,163,174
050,21,021,"Kentucky","Boyle County",5,5,376,190,186
050,21,021,"Kentucky","Boyle County",5,6,374,183,191
050,21,021,"Kentucky","Boyle County",5,7,353,184,169
050,21,021,"Kentucky","Boyle County",5,8,380,196,184
050,21,021,"Kentucky","Boyle County",5,9,367,174,193
050,21,021,"Kentucky","Boyle County",5,10,342,185,157
050,21,021,"Kentucky","Boyle County",5,11,341,196,145
050,21,021,"Kentucky","Boyle County",5,12,366,190,176
050,21,021,"Kentucky","Boyle County",5,13,382,200,182
050,21,021,"Kentucky","Boyle County",5,14,353,181,172
050,21,021,"Kentucky","Boyle County",5,15,397,209,188
050,21,021,"Kentucky","Boyle County",5,16,388,197,191
050,21,021,"Kentucky","Boyle County",5,17,374,191,183
050,21,021,"Kentucky","Boyle County",5,18,470,236,234
050,21,021,"Kentucky","Boyle County",5,19,581,296,285
050,21,021,"Kentucky","Boyle County",5,20,591,297,294
050,21,021,"Kentucky","Boyle County",5,21,609,303,306
050,21,021,"Kentucky","Boyle County",5,22,538,283,255
050,21,021,"Kentucky","Boyle County",5,23,366,187,179
050,21,021,"Kentucky","Boyle County",5,24,379,209,170
050,21,021,"Kentucky","Boyle County",5,25,363,201,162
050,21,021,"Kentucky","Boyle County",5,26,341,190,151
050,21,021,"Kentucky","Boyle County",5,27,388,229,159
050,21,021,"Kentucky","Boyle County",5,28,413,232,181
050,21,021,"Kentucky","Boyle County",5,29,409,235,174
050,21,021,"Kentucky","Boyle County",5,30,401,218,183
050,21,021,"Kentucky","Boyle County",5,31,419,224,195
050,21,021,"Kentucky","Boyle County",5,32,404,205,199
050,21,021,"Kentucky","Boyle County",5,33,390,219,171
050,21,021,"Kentucky","Boyle County",5,34,375,196,179
050,21,021,"Kentucky","Boyle County",5,35,360,195,165
050,21,021,"Kentucky","Boyle County",5,36,400,220,180
050,21,021,"Kentucky","Boyle County",5,37,378,211,167
050,21,021,"Kentucky","Boyle County",5,38,345,196,149
050,21,021,"Kentucky","Boyle County",5,39,347,195,152
050,21,021,"Kentucky","Boyle County",5,40,394,220,174
050,21,021,"Kentucky","Boyle County",5,41,389,202,187
050,21,021,"Kentucky","Boyle County",5,42,376,203,173
050,21,021,"Kentucky","Boyle County",5,43,358,176,182
050,21,021,"Kentucky","Boyle County",5,44,360,184,176
050,21,021,"Kentucky","Boyle County",5,45,360,181,179
050,21,021,"Kentucky","Boyle County",5,46,394,214,180
050,21,021,"Kentucky","Boyle County",5,47,315,160,155
050,21,021,"Kentucky","Boyle County",5,48,337,182,155
050,21,021,"Kentucky","Boyle County",5,49,362,202,160
050,21,021,"Kentucky","Boyle County",5,50,328,175,153
050,21,021,"Kentucky","Boyle County",5,51,398,209,189
050,21,021,"Kentucky","Boyle County",5,52,403,207,196
050,21,021,"Kentucky","Boyle County",5,53,389,192,197
050,21,021,"Kentucky","Boyle County",5,54,370,181,189
050,21,021,"Kentucky","Boyle County",5,55,376,194,182
050,21,021,"Kentucky","Boyle County",5,56,372,178,194
050,21,021,"Kentucky","Boyle County",5,57,378,176,202
050,21,021,"Kentucky","Boyle County",5,58,376,178,198
050,21,021,"Kentucky","Boyle County",5,59,391,182,209
050,21,021,"Kentucky","Boyle County",5,60,387,187,200
050,21,021,"Kentucky","Boyle County",5,61,363,181,182
050,21,021,"Kentucky","Boyle County",5,62,392,207,185
050,21,021,"Kentucky","Boyle County",5,63,404,190,214
050,21,021,"Kentucky","Boyle County",5,64,374,172,202
050,21,021,"Kentucky","Boyle County",5,65,367,181,186
050,21,021,"Kentucky","Boyle County",5,66,379,178,201
050,21,021,"Kentucky","Boyle County",5,67,383,172,211
050,21,021,"Kentucky","Boyle County",5,68,346,145,201
050,21,021,"Kentucky","Boyle County",5,69,306,140,166
050,21,021,"Kentucky","Boyle County",5,70,340,161,179
050,21,021,"Kentucky","Boyle County",5,71,329,142,187
050,21,021,"Kentucky","Boyle County",5,72,332,142,190
050,21,021,"Kentucky","Boyle County",5,73,321,136,185
050,21,021,"Kentucky","Boyle County",5,74,290,122,168
050,21,021,"Kentucky","Boyle County",5,75,276,124,152
050,21,021,"Kentucky","Boyle County",5,76,307,142,165
050,21,021,"Kentucky","Boyle County",5,77,193,86,107
050,21,021,"Kentucky","Boyle County",5,78,196,86,110
050,21,021,"Kentucky","Boyle County",5,79,163,73,90
050,21,021,"Kentucky","Boyle County",5,80,187,75,112
050,21,021,"Kentucky","Boyle County",5,81,170,68,102
050,21,021,"Kentucky","Boyle County",5,82,138,58,80
050,21,021,"Kentucky","Boyle County",5,83,141,68,73
050,21,021,"Kentucky","Boyle County",5,84,123,58,65
050,21,021,"Kentucky","Boyle County",5,85,739,271,468
050,21,023,"Kentucky","Bracken County",1,0,96,50,46
050,21,023,"Kentucky","Bracken County",1,1,87,45,42
050,21,023,"Kentucky","Bracken County",1,2,95,42,53
050,21,023,"Kentucky","Bracken County",1,3,105,54,51
050,21,023,"Kentucky","Bracken County",1,4,90,47,43
050,21,023,"Kentucky","Bracken County",1,5,107,51,56
050,21,023,"Kentucky","Bracken County",1,6,108,56,52
050,21,023,"Kentucky","Bracken County",1,7,127,69,58
050,21,023,"Kentucky","Bracken County",1,8,112,56,56
050,21,023,"Kentucky","Bracken County",1,9,91,50,41
050,21,023,"Kentucky","Bracken County",1,10,110,62,48
050,21,023,"Kentucky","Bracken County",1,11,117,59,58
050,21,023,"Kentucky","Bracken County",1,12,140,71,69
050,21,023,"Kentucky","Bracken County",1,13,128,67,61
050,21,023,"Kentucky","Bracken County",1,14,117,65,52
050,21,023,"Kentucky","Bracken County",1,15,123,59,64
050,21,023,"Kentucky","Bracken County",1,16,117,52,65
050,21,023,"Kentucky","Bracken County",1,17,117,59,58
050,21,023,"Kentucky","Bracken County",1,18,102,58,44
050,21,023,"Kentucky","Bracken County",1,19,77,43,34
050,21,023,"Kentucky","Bracken County",1,20,80,42,38
050,21,023,"Kentucky","Bracken County",1,21,78,42,36
050,21,023,"Kentucky","Bracken County",1,22,86,41,45
050,21,023,"Kentucky","Bracken County",1,23,94,48,46
050,21,023,"Kentucky","Bracken County",1,24,105,62,43
050,21,023,"Kentucky","Bracken County",1,25,91,48,43
050,21,023,"Kentucky","Bracken County",1,26,80,44,36
050,21,023,"Kentucky","Bracken County",1,27,91,40,51
050,21,023,"Kentucky","Bracken County",1,28,89,40,49
050,21,023,"Kentucky","Bracken County",1,29,97,44,53
050,21,023,"Kentucky","Bracken County",1,30,110,47,63
050,21,023,"Kentucky","Bracken County",1,31,99,50,49
050,21,023,"Kentucky","Bracken County",1,32,86,44,42
050,21,023,"Kentucky","Bracken County",1,33,92,49,43
050,21,023,"Kentucky","Bracken County",1,34,89,48,41
050,21,023,"Kentucky","Bracken County",1,35,102,53,49
050,21,023,"Kentucky","Bracken County",1,36,110,56,54
050,21,023,"Kentucky","Bracken County",1,37,111,59,52
050,21,023,"Kentucky","Bracken County",1,38,98,50,48
050,21,023,"Kentucky","Bracken County",1,39,103,57,46
050,21,023,"Kentucky","Bracken County",1,40,98,48,50
050,21,023,"Kentucky","Bracken County",1,41,110,52,58
050,21,023,"Kentucky","Bracken County",1,42,120,64,56
050,21,023,"Kentucky","Bracken County",1,43,98,51,47
050,21,023,"Kentucky","Bracken County",1,44,90,46,44
050,21,023,"Kentucky","Bracken County",1,45,92,49,43
050,21,023,"Kentucky","Bracken County",1,46,91,44,47
050,21,023,"Kentucky","Bracken County",1,47,111,51,60
050,21,023,"Kentucky","Bracken County",1,48,115,56,59
050,21,023,"Kentucky","Bracken County",1,49,115,62,53
050,21,023,"Kentucky","Bracken County",1,50,109,55,54
050,21,023,"Kentucky","Bracken County",1,51,109,57,52
050,21,023,"Kentucky","Bracken County",1,52,121,65,56
050,21,023,"Kentucky","Bracken County",1,53,133,68,65
050,21,023,"Kentucky","Bracken County",1,54,103,53,50
050,21,023,"Kentucky","Bracken County",1,55,122,62,60
050,21,023,"Kentucky","Bracken County",1,56,145,71,74
050,21,023,"Kentucky","Bracken County",1,57,129,63,66
050,21,023,"Kentucky","Bracken County",1,58,127,66,61
050,21,023,"Kentucky","Bracken County",1,59,136,66,70
050,21,023,"Kentucky","Bracken County",1,60,132,63,69
050,21,023,"Kentucky","Bracken County",1,61,116,59,57
050,21,023,"Kentucky","Bracken County",1,62,133,72,61
050,21,023,"Kentucky","Bracken County",1,63,119,66,53
050,21,023,"Kentucky","Bracken County",1,64,110,62,48
050,21,023,"Kentucky","Bracken County",1,65,124,59,65
050,21,023,"Kentucky","Bracken County",1,66,108,53,55
050,21,023,"Kentucky","Bracken County",1,67,103,51,52
050,21,023,"Kentucky","Bracken County",1,68,99,51,48
050,21,023,"Kentucky","Bracken County",1,69,103,51,52
050,21,023,"Kentucky","Bracken County",1,70,94,45,49
050,21,023,"Kentucky","Bracken County",1,71,90,50,40
050,21,023,"Kentucky","Bracken County",1,72,83,39,44
050,21,023,"Kentucky","Bracken County",1,73,72,31,41
050,21,023,"Kentucky","Bracken County",1,74,56,28,28
050,21,023,"Kentucky","Bracken County",1,75,49,26,23
050,21,023,"Kentucky","Bracken County",1,76,57,32,25
050,21,023,"Kentucky","Bracken County",1,77,59,29,30
050,21,023,"Kentucky","Bracken County",1,78,41,17,24
050,21,023,"Kentucky","Bracken County",1,79,43,16,27
050,21,023,"Kentucky","Bracken County",1,80,42,17,25
050,21,023,"Kentucky","Bracken County",1,81,33,12,21
050,21,023,"Kentucky","Bracken County",1,82,37,14,23
050,21,023,"Kentucky","Bracken County",1,83,28,8,20
050,21,023,"Kentucky","Bracken County",1,84,23,12,11
050,21,023,"Kentucky","Bracken County",1,85,116,45,71
050,21,023,"Kentucky","Bracken County",2,0,96,45,51
050,21,023,"Kentucky","Bracken County",2,1,89,45,44
050,21,023,"Kentucky","Bracken County",2,2,94,43,51
050,21,023,"Kentucky","Bracken County",2,3,101,50,51
050,21,023,"Kentucky","Bracken County",2,4,92,47,45
050,21,023,"Kentucky","Bracken County",2,5,103,51,52
050,21,023,"Kentucky","Bracken County",2,6,109,56,53
050,21,023,"Kentucky","Bracken County",2,7,121,64,57
050,21,023,"Kentucky","Bracken County",2,8,114,58,56
050,21,023,"Kentucky","Bracken County",2,9,95,51,44
050,21,023,"Kentucky","Bracken County",2,10,108,60,48
050,21,023,"Kentucky","Bracken County",2,11,117,60,57
050,21,023,"Kentucky","Bracken County",2,12,135,68,67
050,21,023,"Kentucky","Bracken County",2,13,131,68,63
050,21,023,"Kentucky","Bracken County",2,14,120,65,55
050,21,023,"Kentucky","Bracken County",2,15,122,60,62
050,21,023,"Kentucky","Bracken County",2,16,117,52,65
050,21,023,"Kentucky","Bracken County",2,17,117,57,60
050,21,023,"Kentucky","Bracken County",2,18,101,57,44
050,21,023,"Kentucky","Bracken County",2,19,79,45,34
050,21,023,"Kentucky","Bracken County",2,20,80,43,37
050,21,023,"Kentucky","Bracken County",2,21,80,43,37
050,21,023,"Kentucky","Bracken County",2,22,85,41,44
050,21,023,"Kentucky","Bracken County",2,23,94,48,46
050,21,023,"Kentucky","Bracken County",2,24,102,58,44
050,21,023,"Kentucky","Bracken County",2,25,95,52,43
050,21,023,"Kentucky","Bracken County",2,26,84,46,38
050,21,023,"Kentucky","Bracken County",2,27,88,41,47
050,21,023,"Kentucky","Bracken County",2,28,89,40,49
050,21,023,"Kentucky","Bracken County",2,29,94,42,52
050,21,023,"Kentucky","Bracken County",2,30,107,46,61
050,21,023,"Kentucky","Bracken County",2,31,102,50,52
050,21,023,"Kentucky","Bracken County",2,32,89,46,43
050,21,023,"Kentucky","Bracken County",2,33,92,49,43
050,21,023,"Kentucky","Bracken County",2,34,90,47,43
050,21,023,"Kentucky","Bracken County",2,35,99,51,48
050,21,023,"Kentucky","Bracken County",2,36,108,55,53
050,21,023,"Kentucky","Bracken County",2,37,110,57,53
050,21,023,"Kentucky","Bracken County",2,38,102,54,48
050,21,023,"Kentucky","Bracken County",2,39,101,55,46
050,21,023,"Kentucky","Bracken County",2,40,100,50,50
050,21,023,"Kentucky","Bracken County",2,41,108,52,56
050,21,023,"Kentucky","Bracken County",2,42,115,60,55
050,21,023,"Kentucky","Bracken County",2,43,105,55,50
050,21,023,"Kentucky","Bracken County",2,44,91,47,44
050,21,023,"Kentucky","Bracken County",2,45,91,48,43
050,21,023,"Kentucky","Bracken County",2,46,92,45,47
050,21,023,"Kentucky","Bracken County",2,47,105,48,57
050,21,023,"Kentucky","Bracken County",2,48,113,54,59
050,21,023,"Kentucky","Bracken County",2,49,117,62,55
050,21,023,"Kentucky","Bracken County",2,50,110,56,54
050,21,023,"Kentucky","Bracken County",2,51,107,56,51
050,21,023,"Kentucky","Bracken County",2,52,117,63,54
050,21,023,"Kentucky","Bracken County",2,53,129,67,62
050,21,023,"Kentucky","Bracken County",2,54,108,56,52
050,21,023,"Kentucky","Bracken County",2,55,117,59,58
050,21,023,"Kentucky","Bracken County",2,56,139,69,70
050,21,023,"Kentucky","Bracken County",2,57,132,65,67
050,21,023,"Kentucky","Bracken County",2,58,127,65,62
050,21,023,"Kentucky","Bracken County",2,59,135,66,69
050,21,023,"Kentucky","Bracken County",2,60,132,63,69
050,21,023,"Kentucky","Bracken County",2,61,121,60,61
050,21,023,"Kentucky","Bracken County",2,62,128,68,60
050,21,023,"Kentucky","Bracken County",2,63,125,69,56
050,21,023,"Kentucky","Bracken County",2,64,112,63,49
050,21,023,"Kentucky","Bracken County",2,65,121,60,61
050,21,023,"Kentucky","Bracken County",2,66,111,55,56
050,21,023,"Kentucky","Bracken County",2,67,103,50,53
050,21,023,"Kentucky","Bracken County",2,68,100,51,49
050,21,023,"Kentucky","Bracken County",2,69,101,51,50
050,21,023,"Kentucky","Bracken County",2,70,96,46,50
050,21,023,"Kentucky","Bracken County",2,71,91,49,42
050,21,023,"Kentucky","Bracken County",2,72,85,42,43
050,21,023,"Kentucky","Bracken County",2,73,80,35,45
050,21,023,"Kentucky","Bracken County",2,74,55,26,29
050,21,023,"Kentucky","Bracken County",2,75,51,27,24
050,21,023,"Kentucky","Bracken County",2,76,54,30,24
050,21,023,"Kentucky","Bracken County",2,77,59,30,29
050,21,023,"Kentucky","Bracken County",2,78,43,19,24
050,21,023,"Kentucky","Bracken County",2,79,42,15,27
050,21,023,"Kentucky","Bracken County",2,80,42,17,25
050,21,023,"Kentucky","Bracken County",2,81,35,13,22
050,21,023,"Kentucky","Bracken County",2,82,34,13,21
050,21,023,"Kentucky","Bracken County",2,83,31,10,21
050,21,023,"Kentucky","Bracken County",2,84,24,11,13
050,21,023,"Kentucky","Bracken County",2,85,114,44,70
050,21,023,"Kentucky","Bracken County",3,0,94,50,44
050,21,023,"Kentucky","Bracken County",3,1,104,53,51
050,21,023,"Kentucky","Bracken County",3,2,94,48,46
050,21,023,"Kentucky","Bracken County",3,3,96,43,53
050,21,023,"Kentucky","Bracken County",3,4,94,47,47
050,21,023,"Kentucky","Bracken County",3,5,94,51,43
050,21,023,"Kentucky","Bracken County",3,6,108,51,57
050,21,023,"Kentucky","Bracken County",3,7,112,59,53
050,21,023,"Kentucky","Bracken County",3,8,118,65,53
050,21,023,"Kentucky","Bracken County",3,9,115,62,53
050,21,023,"Kentucky","Bracken County",3,10,100,56,44
050,21,023,"Kentucky","Bracken County",3,11,112,58,54
050,21,023,"Kentucky","Bracken County",3,12,121,62,59
050,21,023,"Kentucky","Bracken County",3,13,135,67,68
050,21,023,"Kentucky","Bracken County",3,14,136,70,66
050,21,023,"Kentucky","Bracken County",3,15,120,61,59
050,21,023,"Kentucky","Bracken County",3,16,122,57,65
050,21,023,"Kentucky","Bracken County",3,17,112,53,59
050,21,023,"Kentucky","Bracken County",3,18,101,52,49
050,21,023,"Kentucky","Bracken County",3,19,81,44,37
050,21,023,"Kentucky","Bracken County",3,20,76,38,38
050,21,023,"Kentucky","Bracken County",3,21,81,44,37
050,21,023,"Kentucky","Bracken County",3,22,91,51,40
050,21,023,"Kentucky","Bracken County",3,23,88,47,41
050,21,023,"Kentucky","Bracken County",3,24,86,44,42
050,21,023,"Kentucky","Bracken County",3,25,100,54,46
050,21,023,"Kentucky","Bracken County",3,26,88,52,36
050,21,023,"Kentucky","Bracken County",3,27,88,45,43
050,21,023,"Kentucky","Bracken County",3,28,92,42,50
050,21,023,"Kentucky","Bracken County",3,29,88,39,49
050,21,023,"Kentucky","Bracken County",3,30,98,42,56
050,21,023,"Kentucky","Bracken County",3,31,110,51,59
050,21,023,"Kentucky","Bracken County",3,32,101,47,54
050,21,023,"Kentucky","Bracken County",3,33,90,45,45
050,21,023,"Kentucky","Bracken County",3,34,95,52,43
050,21,023,"Kentucky","Bracken County",3,35,89,46,43
050,21,023,"Kentucky","Bracken County",3,36,105,52,53
050,21,023,"Kentucky","Bracken County",3,37,107,55,52
050,21,023,"Kentucky","Bracken County",3,38,113,60,53
050,21,023,"Kentucky","Bracken County",3,39,98,49,49
050,21,023,"Kentucky","Bracken County",3,40,95,52,43
050,21,023,"Kentucky","Bracken County",3,41,105,51,54
050,21,023,"Kentucky","Bracken County",3,42,112,55,57
050,21,023,"Kentucky","Bracken County",3,43,115,59,56
050,21,023,"Kentucky","Bracken County",3,44,111,56,55
050,21,023,"Kentucky","Bracken County",3,45,91,49,42
050,21,023,"Kentucky","Bracken County",3,46,94,47,47
050,21,023,"Kentucky","Bracken County",3,47,90,43,47
050,21,023,"Kentucky","Bracken County",3,48,109,52,57
050,21,023,"Kentucky","Bracken County",3,49,120,58,62
050,21,023,"Kentucky","Bracken County",3,50,118,63,55
050,21,023,"Kentucky","Bracken County",3,51,114,58,56
050,21,023,"Kentucky","Bracken County",3,52,105,55,50
050,21,023,"Kentucky","Bracken County",3,53,123,70,53
050,21,023,"Kentucky","Bracken County",3,54,125,62,63
050,21,023,"Kentucky","Bracken County",3,55,113,60,53
050,21,023,"Kentucky","Bracken County",3,56,119,59,60
050,21,023,"Kentucky","Bracken County",3,57,135,70,65
050,21,023,"Kentucky","Bracken County",3,58,130,64,66
050,21,023,"Kentucky","Bracken County",3,59,120,65,55
050,21,023,"Kentucky","Bracken County",3,60,133,64,69
050,21,023,"Kentucky","Bracken County",3,61,131,61,70
050,21,023,"Kentucky","Bracken County",3,62,125,60,65
050,21,023,"Kentucky","Bracken County",3,63,124,66,58
050,21,023,"Kentucky","Bracken County",3,64,124,67,57
050,21,023,"Kentucky","Bracken County",3,65,114,67,47
050,21,023,"Kentucky","Bracken County",3,66,119,59,60
050,21,023,"Kentucky","Bracken County",3,67,107,52,55
050,21,023,"Kentucky","Bracken County",3,68,99,48,51
050,21,023,"Kentucky","Bracken County",3,69,97,50,47
050,21,023,"Kentucky","Bracken County",3,70,98,48,50
050,21,023,"Kentucky","Bracken County",3,71,94,48,46
050,21,023,"Kentucky","Bracken County",3,72,88,46,42
050,21,023,"Kentucky","Bracken County",3,73,82,42,40
050,21,023,"Kentucky","Bracken County",3,74,74,30,44
050,21,023,"Kentucky","Bracken County",3,75,49,23,26
050,21,023,"Kentucky","Bracken County",3,76,51,26,25
050,21,023,"Kentucky","Bracken County",3,77,45,23,22
050,21,023,"Kentucky","Bracken County",3,78,57,28,29
050,21,023,"Kentucky","Bracken County",3,79,40,19,21
050,21,023,"Kentucky","Bracken County",3,80,38,14,24
050,21,023,"Kentucky","Bracken County",3,81,42,17,25
050,21,023,"Kentucky","Bracken County",3,82,32,12,20
050,21,023,"Kentucky","Bracken County",3,83,32,13,19
050,21,023,"Kentucky","Bracken County",3,84,28,9,19
050,21,023,"Kentucky","Bracken County",3,85,120,45,75
050,21,023,"Kentucky","Bracken County",4,0,90,43,47
050,21,023,"Kentucky","Bracken County",4,1,97,56,41
050,21,023,"Kentucky","Bracken County",4,2,108,56,52
050,21,023,"Kentucky","Bracken County",4,3,88,41,47
050,21,023,"Kentucky","Bracken County",4,4,100,46,54
050,21,023,"Kentucky","Bracken County",4,5,100,53,47
050,21,023,"Kentucky","Bracken County",4,6,100,51,49
050,21,023,"Kentucky","Bracken County",4,7,104,50,54
050,21,023,"Kentucky","Bracken County",4,8,114,58,56
050,21,023,"Kentucky","Bracken County",4,9,119,69,50
050,21,023,"Kentucky","Bracken County",4,10,124,67,57
050,21,023,"Kentucky","Bracken County",4,11,100,56,44
050,21,023,"Kentucky","Bracken County",4,12,110,55,55
050,21,023,"Kentucky","Bracken County",4,13,118,62,56
050,21,023,"Kentucky","Bracken County",4,14,137,66,71
050,21,023,"Kentucky","Bracken County",4,15,141,74,67
050,21,023,"Kentucky","Bracken County",4,16,114,58,56
050,21,023,"Kentucky","Bracken County",4,17,125,57,68
050,21,023,"Kentucky","Bracken County",4,18,92,43,49
050,21,023,"Kentucky","Bracken County",4,19,71,39,32
050,21,023,"Kentucky","Bracken County",4,20,90,44,46
050,21,023,"Kentucky","Bracken County",4,21,85,42,43
050,21,023,"Kentucky","Bracken County",4,22,91,47,44
050,21,023,"Kentucky","Bracken County",4,23,97,55,42
050,21,023,"Kentucky","Bracken County",4,24,80,41,39
050,21,023,"Kentucky","Bracken County",4,25,85,43,42
050,21,023,"Kentucky","Bracken County",4,26,94,55,39
050,21,023,"Kentucky","Bracken County",4,27,97,56,41
050,21,023,"Kentucky","Bracken County",4,28,89,46,43
050,21,023,"Kentucky","Bracken County",4,29,97,46,51
050,21,023,"Kentucky","Bracken County",4,30,94,45,49
050,21,023,"Kentucky","Bracken County",4,31,92,37,55
050,21,023,"Kentucky","Bracken County",4,32,109,52,57
050,21,023,"Kentucky","Bracken County",4,33,97,49,48
050,21,023,"Kentucky","Bracken County",4,34,97,50,47
050,21,023,"Kentucky","Bracken County",4,35,94,51,43
050,21,023,"Kentucky","Bracken County",4,36,87,46,41
050,21,023,"Kentucky","Bracken County",4,37,109,53,56
050,21,023,"Kentucky","Bracken County",4,38,110,58,52
050,21,023,"Kentucky","Bracken County",4,39,115,61,54
050,21,023,"Kentucky","Bracken County",4,40,98,49,49
050,21,023,"Kentucky","Bracken County",4,41,101,55,46
050,21,023,"Kentucky","Bracken County",4,42,101,49,52
050,21,023,"Kentucky","Bracken County",4,43,106,54,52
050,21,023,"Kentucky","Bracken County",4,44,110,56,54
050,21,023,"Kentucky","Bracken County",4,45,112,57,55
050,21,023,"Kentucky","Bracken County",4,46,90,49,41
050,21,023,"Kentucky","Bracken County",4,47,88,45,43
050,21,023,"Kentucky","Bracken County",4,48,85,39,46
050,21,023,"Kentucky","Bracken County",4,49,106,50,56
050,21,023,"Kentucky","Bracken County",4,50,125,63,62
050,21,023,"Kentucky","Bracken County",4,51,121,64,57
050,21,023,"Kentucky","Bracken County",4,52,109,55,54
050,21,023,"Kentucky","Bracken County",4,53,104,54,50
050,21,023,"Kentucky","Bracken County",4,54,124,70,54
050,21,023,"Kentucky","Bracken County",4,55,125,61,64
050,21,023,"Kentucky","Bracken County",4,56,112,61,51
050,21,023,"Kentucky","Bracken County",4,57,121,61,60
050,21,023,"Kentucky","Bracken County",4,58,137,70,67
050,21,023,"Kentucky","Bracken County",4,59,132,68,64
050,21,023,"Kentucky","Bracken County",4,60,124,68,56
050,21,023,"Kentucky","Bracken County",4,61,133,60,73
050,21,023,"Kentucky","Bracken County",4,62,130,63,67
050,21,023,"Kentucky","Bracken County",4,63,119,57,62
050,21,023,"Kentucky","Bracken County",4,64,120,62,58
050,21,023,"Kentucky","Bracken County",4,65,125,71,54
050,21,023,"Kentucky","Bracken County",4,66,109,65,44
050,21,023,"Kentucky","Bracken County",4,67,113,56,57
050,21,023,"Kentucky","Bracken County",4,68,108,50,58
050,21,023,"Kentucky","Bracken County",4,69,101,50,51
050,21,023,"Kentucky","Bracken County",4,70,96,48,48
050,21,023,"Kentucky","Bracken County",4,71,92,44,48
050,21,023,"Kentucky","Bracken County",4,72,91,45,46
050,21,023,"Kentucky","Bracken County",4,73,89,49,40
050,21,023,"Kentucky","Bracken County",4,74,75,38,37
050,21,023,"Kentucky","Bracken County",4,75,64,24,40
050,21,023,"Kentucky","Bracken County",4,76,48,22,26
050,21,023,"Kentucky","Bracken County",4,77,43,21,22
050,21,023,"Kentucky","Bracken County",4,78,41,21,20
050,21,023,"Kentucky","Bracken County",4,79,54,27,27
050,21,023,"Kentucky","Bracken County",4,80,32,18,14
050,21,023,"Kentucky","Bracken County",4,81,36,11,25
050,21,023,"Kentucky","Bracken County",4,82,39,16,23
050,21,023,"Kentucky","Bracken County",4,83,29,12,17
050,21,023,"Kentucky","Bracken County",4,84,28,11,17
050,21,023,"Kentucky","Bracken County",4,85,128,46,82
050,21,023,"Kentucky","Bracken County",5,0,93,44,49
050,21,023,"Kentucky","Bracken County",5,1,88,44,44
050,21,023,"Kentucky","Bracken County",5,2,90,49,41
050,21,023,"Kentucky","Bracken County",5,3,105,55,50
050,21,023,"Kentucky","Bracken County",5,4,99,41,58
050,21,023,"Kentucky","Bracken County",5,5,94,41,53
050,21,023,"Kentucky","Bracken County",5,6,100,50,50
050,21,023,"Kentucky","Bracken County",5,7,97,52,45
050,21,023,"Kentucky","Bracken County",5,8,110,50,60
050,21,023,"Kentucky","Bracken County",5,9,118,64,54
050,21,023,"Kentucky","Bracken County",5,10,122,71,51
050,21,023,"Kentucky","Bracken County",5,11,123,68,55
050,21,023,"Kentucky","Bracken County",5,12,109,63,46
050,21,023,"Kentucky","Bracken County",5,13,112,58,54
050,21,023,"Kentucky","Bracken County",5,14,124,64,60
050,21,023,"Kentucky","Bracken County",5,15,134,66,68
050,21,023,"Kentucky","Bracken County",5,16,132,70,62
050,21,023,"Kentucky","Bracken County",5,17,123,65,58
050,21,023,"Kentucky","Bracken County",5,18,97,44,53
050,21,023,"Kentucky","Bracken County",5,19,72,36,36
050,21,023,"Kentucky","Bracken County",5,20,76,41,35
050,21,023,"Kentucky","Bracken County",5,21,93,45,48
050,21,023,"Kentucky","Bracken County",5,22,92,48,44
050,21,023,"Kentucky","Bracken County",5,23,93,45,48
050,21,023,"Kentucky","Bracken County",5,24,98,57,41
050,21,023,"Kentucky","Bracken County",5,25,88,45,43
050,21,023,"Kentucky","Bracken County",5,26,89,43,46
050,21,023,"Kentucky","Bracken County",5,27,90,51,39
050,21,023,"Kentucky","Bracken County",5,28,91,52,39
050,21,023,"Kentucky","Bracken County",5,29,87,46,41
050,21,023,"Kentucky","Bracken County",5,30,96,46,50
050,21,023,"Kentucky","Bracken County",5,31,92,44,48
050,21,023,"Kentucky","Bracken County",5,32,89,34,55
050,21,023,"Kentucky","Bracken County",5,33,113,50,63
050,21,023,"Kentucky","Bracken County",5,34,99,51,48
050,21,023,"Kentucky","Bracken County",5,35,97,49,48
050,21,023,"Kentucky","Bracken County",5,36,92,50,42
050,21,023,"Kentucky","Bracken County",5,37,87,44,43
050,21,023,"Kentucky","Bracken County",5,38,114,57,57
050,21,023,"Kentucky","Bracken County",5,39,107,54,53
050,21,023,"Kentucky","Bracken County",5,40,112,57,55
050,21,023,"Kentucky","Bracken County",5,41,101,54,47
050,21,023,"Kentucky","Bracken County",5,42,105,57,48
050,21,023,"Kentucky","Bracken County",5,43,101,50,51
050,21,023,"Kentucky","Bracken County",5,44,107,54,53
050,21,023,"Kentucky","Bracken County",5,45,111,56,55
050,21,023,"Kentucky","Bracken County",5,46,111,57,54
050,21,023,"Kentucky","Bracken County",5,47,89,47,42
050,21,023,"Kentucky","Bracken County",5,48,91,46,45
050,21,023,"Kentucky","Bracken County",5,49,85,40,45
050,21,023,"Kentucky","Bracken County",5,50,105,48,57
050,21,023,"Kentucky","Bracken County",5,51,121,61,60
050,21,023,"Kentucky","Bracken County",5,52,126,66,60
050,21,023,"Kentucky","Bracken County",5,53,111,57,54
050,21,023,"Kentucky","Bracken County",5,54,103,54,49
050,21,023,"Kentucky","Bracken County",5,55,124,70,54
050,21,023,"Kentucky","Bracken County",5,56,122,60,62
050,21,023,"Kentucky","Bracken County",5,57,113,61,52
050,21,023,"Kentucky","Bracken County",5,58,118,56,62
050,21,023,"Kentucky","Bracken County",5,59,129,67,62
050,21,023,"Kentucky","Bracken County",5,60,129,66,63
050,21,023,"Kentucky","Bracken County",5,61,123,67,56
050,21,023,"Kentucky","Bracken County",5,62,130,60,70
050,21,023,"Kentucky","Bracken County",5,63,128,61,67
050,21,023,"Kentucky","Bracken County",5,64,117,56,61
050,21,023,"Kentucky","Bracken County",5,65,117,64,53
050,21,023,"Kentucky","Bracken County",5,66,126,70,56
050,21,023,"Kentucky","Bracken County",5,67,106,62,44
050,21,023,"Kentucky","Bracken County",5,68,113,57,56
050,21,023,"Kentucky","Bracken County",5,69,110,52,58
050,21,023,"Kentucky","Bracken County",5,70,98,49,49
050,21,023,"Kentucky","Bracken County",5,71,91,45,46
050,21,023,"Kentucky","Bracken County",5,72,88,41,47
050,21,023,"Kentucky","Bracken County",5,73,92,47,45
050,21,023,"Kentucky","Bracken County",5,74,86,46,40
050,21,023,"Kentucky","Bracken County",5,75,69,32,37
050,21,023,"Kentucky","Bracken County",5,76,64,23,41
050,21,023,"Kentucky","Bracken County",5,77,42,18,24
050,21,023,"Kentucky","Bracken County",5,78,39,19,20
050,21,023,"Kentucky","Bracken County",5,79,37,19,18
050,21,023,"Kentucky","Bracken County",5,80,50,25,25
050,21,023,"Kentucky","Bracken County",5,81,29,15,14
050,21,023,"Kentucky","Bracken County",5,82,32,9,23
050,21,023,"Kentucky","Bracken County",5,83,34,14,20
050,21,023,"Kentucky","Bracken County",5,84,26,10,16
050,21,023,"Kentucky","Bracken County",5,85,140,50,90
050,21,025,"Kentucky","Breathitt County",1,0,173,90,83
050,21,025,"Kentucky","Breathitt County",1,1,175,88,87
050,21,025,"Kentucky","Breathitt County",1,2,186,91,95
050,21,025,"Kentucky","Breathitt County",1,3,153,86,67
050,21,025,"Kentucky","Breathitt County",1,4,160,84,76
050,21,025,"Kentucky","Breathitt County",1,5,182,85,97
050,21,025,"Kentucky","Breathitt County",1,6,166,92,74
050,21,025,"Kentucky","Breathitt County",1,7,163,93,70
050,21,025,"Kentucky","Breathitt County",1,8,146,78,68
050,21,025,"Kentucky","Breathitt County",1,9,139,80,59
050,21,025,"Kentucky","Breathitt County",1,10,131,71,60
050,21,025,"Kentucky","Breathitt County",1,11,148,73,75
050,21,025,"Kentucky","Breathitt County",1,12,150,69,81
050,21,025,"Kentucky","Breathitt County",1,13,157,75,82
050,21,025,"Kentucky","Breathitt County",1,14,164,89,75
050,21,025,"Kentucky","Breathitt County",1,15,155,88,67
050,21,025,"Kentucky","Breathitt County",1,16,161,86,75
050,21,025,"Kentucky","Breathitt County",1,17,151,88,63
050,21,025,"Kentucky","Breathitt County",1,18,125,68,57
050,21,025,"Kentucky","Breathitt County",1,19,124,65,59
050,21,025,"Kentucky","Breathitt County",1,20,144,73,71
050,21,025,"Kentucky","Breathitt County",1,21,119,63,56
050,21,025,"Kentucky","Breathitt County",1,22,154,84,70
050,21,025,"Kentucky","Breathitt County",1,23,161,82,79
050,21,025,"Kentucky","Breathitt County",1,24,155,79,76
050,21,025,"Kentucky","Breathitt County",1,25,165,85,80
050,21,025,"Kentucky","Breathitt County",1,26,170,92,78
050,21,025,"Kentucky","Breathitt County",1,27,183,85,98
050,21,025,"Kentucky","Breathitt County",1,28,170,86,84
050,21,025,"Kentucky","Breathitt County",1,29,185,96,89
050,21,025,"Kentucky","Breathitt County",1,30,188,95,93
050,21,025,"Kentucky","Breathitt County",1,31,186,104,82
050,21,025,"Kentucky","Breathitt County",1,32,149,81,68
050,21,025,"Kentucky","Breathitt County",1,33,142,66,76
050,21,025,"Kentucky","Breathitt County",1,34,154,80,74
050,21,025,"Kentucky","Breathitt County",1,35,150,81,69
050,21,025,"Kentucky","Breathitt County",1,36,164,75,89
050,21,025,"Kentucky","Breathitt County",1,37,171,86,85
050,21,025,"Kentucky","Breathitt County",1,38,170,92,78
050,21,025,"Kentucky","Breathitt County",1,39,170,95,75
050,21,025,"Kentucky","Breathitt County",1,40,178,87,91
050,21,025,"Kentucky","Breathitt County",1,41,186,88,98
050,21,025,"Kentucky","Breathitt County",1,42,183,85,98
050,21,025,"Kentucky","Breathitt County",1,43,181,101,80
050,21,025,"Kentucky","Breathitt County",1,44,187,97,90
050,21,025,"Kentucky","Breathitt County",1,45,188,95,93
050,21,025,"Kentucky","Breathitt County",1,46,173,90,83
050,21,025,"Kentucky","Breathitt County",1,47,175,86,89
050,21,025,"Kentucky","Breathitt County",1,48,199,95,104
050,21,025,"Kentucky","Breathitt County",1,49,200,98,102
050,21,025,"Kentucky","Breathitt County",1,50,194,97,97
050,21,025,"Kentucky","Breathitt County",1,51,170,82,88
050,21,025,"Kentucky","Breathitt County",1,52,158,75,83
050,21,025,"Kentucky","Breathitt County",1,53,216,103,113
050,21,025,"Kentucky","Breathitt County",1,54,214,104,110
050,21,025,"Kentucky","Breathitt County",1,55,230,119,111
050,21,025,"Kentucky","Breathitt County",1,56,226,121,105
050,21,025,"Kentucky","Breathitt County",1,57,207,114,93
050,21,025,"Kentucky","Breathitt County",1,58,209,104,105
050,21,025,"Kentucky","Breathitt County",1,59,216,110,106
050,21,025,"Kentucky","Breathitt County",1,60,198,108,90
050,21,025,"Kentucky","Breathitt County",1,61,201,101,100
050,21,025,"Kentucky","Breathitt County",1,62,214,101,113
050,21,025,"Kentucky","Breathitt County",1,63,211,98,113
050,21,025,"Kentucky","Breathitt County",1,64,210,97,113
050,21,025,"Kentucky","Breathitt County",1,65,205,97,108
050,21,025,"Kentucky","Breathitt County",1,66,185,88,97
050,21,025,"Kentucky","Breathitt County",1,67,163,76,87
050,21,025,"Kentucky","Breathitt County",1,68,186,85,101
050,21,025,"Kentucky","Breathitt County",1,69,161,69,92
050,21,025,"Kentucky","Breathitt County",1,70,168,87,81
050,21,025,"Kentucky","Breathitt County",1,71,147,80,67
050,21,025,"Kentucky","Breathitt County",1,72,140,69,71
050,21,025,"Kentucky","Breathitt County",1,73,138,61,77
050,21,025,"Kentucky","Breathitt County",1,74,105,50,55
050,21,025,"Kentucky","Breathitt County",1,75,94,41,53
050,21,025,"Kentucky","Breathitt County",1,76,93,45,48
050,21,025,"Kentucky","Breathitt County",1,77,77,36,41
050,21,025,"Kentucky","Breathitt County",1,78,71,33,38
050,21,025,"Kentucky","Breathitt County",1,79,84,34,50
050,21,025,"Kentucky","Breathitt County",1,80,61,23,38
050,21,025,"Kentucky","Breathitt County",1,81,44,17,27
050,21,025,"Kentucky","Breathitt County",1,82,52,22,30
050,21,025,"Kentucky","Breathitt County",1,83,43,13,30
050,21,025,"Kentucky","Breathitt County",1,84,35,11,24
050,21,025,"Kentucky","Breathitt County",1,85,180,58,122
050,21,025,"Kentucky","Breathitt County",2,0,160,88,72
050,21,025,"Kentucky","Breathitt County",2,1,174,87,87
050,21,025,"Kentucky","Breathitt County",2,2,185,91,94
050,21,025,"Kentucky","Breathitt County",2,3,162,86,76
050,21,025,"Kentucky","Breathitt County",2,4,163,86,77
050,21,025,"Kentucky","Breathitt County",2,5,177,85,92
050,21,025,"Kentucky","Breathitt County",2,6,169,91,78
050,21,025,"Kentucky","Breathitt County",2,7,164,93,71
050,21,025,"Kentucky","Breathitt County",2,8,148,81,67
050,21,025,"Kentucky","Breathitt County",2,9,141,80,61
050,21,025,"Kentucky","Breathitt County",2,10,135,74,61
050,21,025,"Kentucky","Breathitt County",2,11,143,71,72
050,21,025,"Kentucky","Breathitt County",2,12,152,71,81
050,21,025,"Kentucky","Breathitt County",2,13,155,73,82
050,21,025,"Kentucky","Breathitt County",2,14,163,86,77
050,21,025,"Kentucky","Breathitt County",2,15,159,89,70
050,21,025,"Kentucky","Breathitt County",2,16,164,89,75
050,21,025,"Kentucky","Breathitt County",2,17,153,88,65
050,21,025,"Kentucky","Breathitt County",2,18,125,69,56
050,21,025,"Kentucky","Breathitt County",2,19,124,66,58
050,21,025,"Kentucky","Breathitt County",2,20,142,72,70
050,21,025,"Kentucky","Breathitt County",2,21,119,64,55
050,21,025,"Kentucky","Breathitt County",2,22,149,81,68
050,21,025,"Kentucky","Breathitt County",2,23,158,82,76
050,21,025,"Kentucky","Breathitt County",2,24,158,81,77
050,21,025,"Kentucky","Breathitt County",2,25,161,83,78
050,21,025,"Kentucky","Breathitt County",2,26,169,90,79
050,21,025,"Kentucky","Breathitt County",2,27,182,86,96
050,21,025,"Kentucky","Breathitt County",2,28,170,86,84
050,21,025,"Kentucky","Breathitt County",2,29,184,95,89
050,21,025,"Kentucky","Breathitt County",2,30,188,96,92
050,21,025,"Kentucky","Breathitt County",2,31,185,101,84
050,21,025,"Kentucky","Breathitt County",2,32,155,86,69
050,21,025,"Kentucky","Breathitt County",2,33,144,70,74
050,21,025,"Kentucky","Breathitt County",2,34,151,77,74
050,21,025,"Kentucky","Breathitt County",2,35,152,81,71
050,21,025,"Kentucky","Breathitt County",2,36,157,74,83
050,21,025,"Kentucky","Breathitt County",2,37,171,84,87
050,21,025,"Kentucky","Breathitt County",2,38,169,91,78
050,21,025,"Kentucky","Breathitt County",2,39,170,94,76
050,21,025,"Kentucky","Breathitt County",2,40,175,88,87
050,21,025,"Kentucky","Breathitt County",2,41,184,87,97
050,21,025,"Kentucky","Breathitt County",2,42,183,86,97
050,21,025,"Kentucky","Breathitt County",2,43,180,96,84
050,21,025,"Kentucky","Breathitt County",2,44,183,96,87
050,21,025,"Kentucky","Breathitt County",2,45,189,96,93
050,21,025,"Kentucky","Breathitt County",2,46,175,91,84
050,21,025,"Kentucky","Breathitt County",2,47,172,86,86
050,21,025,"Kentucky","Breathitt County",2,48,192,92,100
050,21,025,"Kentucky","Breathitt County",2,49,201,98,103
050,21,025,"Kentucky","Breathitt County",2,50,195,96,99
050,21,025,"Kentucky","Breathitt County",2,51,174,84,90
050,21,025,"Kentucky","Breathitt County",2,52,159,75,84
050,21,025,"Kentucky","Breathitt County",2,53,201,95,106
050,21,025,"Kentucky","Breathitt County",2,54,213,103,110
050,21,025,"Kentucky","Breathitt County",2,55,225,114,111
050,21,025,"Kentucky","Breathitt County",2,56,228,122,106
050,21,025,"Kentucky","Breathitt County",2,57,208,111,97
050,21,025,"Kentucky","Breathitt County",2,58,206,104,102
050,21,025,"Kentucky","Breathitt County",2,59,216,110,106
050,21,025,"Kentucky","Breathitt County",2,60,202,108,94
050,21,025,"Kentucky","Breathitt County",2,61,202,104,98
050,21,025,"Kentucky","Breathitt County",2,62,211,101,110
050,21,025,"Kentucky","Breathitt County",2,63,210,98,112
050,21,025,"Kentucky","Breathitt County",2,64,207,96,111
050,21,025,"Kentucky","Breathitt County",2,65,206,96,110
050,21,025,"Kentucky","Breathitt County",2,66,189,90,99
050,21,025,"Kentucky","Breathitt County",2,67,167,79,88
050,21,025,"Kentucky","Breathitt County",2,68,179,82,97
050,21,025,"Kentucky","Breathitt County",2,69,165,72,93
050,21,025,"Kentucky","Breathitt County",2,70,165,81,84
050,21,025,"Kentucky","Breathitt County",2,71,151,81,70
050,21,025,"Kentucky","Breathitt County",2,72,135,66,69
050,21,025,"Kentucky","Breathitt County",2,73,145,66,79
050,21,025,"Kentucky","Breathitt County",2,74,104,48,56
050,21,025,"Kentucky","Breathitt County",2,75,97,44,53
050,21,025,"Kentucky","Breathitt County",2,76,93,43,50
050,21,025,"Kentucky","Breathitt County",2,77,82,39,43
050,21,025,"Kentucky","Breathitt County",2,78,72,34,38
050,21,025,"Kentucky","Breathitt County",2,79,77,32,45
050,21,025,"Kentucky","Breathitt County",2,80,67,26,41
050,21,025,"Kentucky","Breathitt County",2,81,47,18,29
050,21,025,"Kentucky","Breathitt County",2,82,49,21,28
050,21,025,"Kentucky","Breathitt County",2,83,45,15,30
050,21,025,"Kentucky","Breathitt County",2,84,37,12,25
050,21,025,"Kentucky","Breathitt County",2,85,180,58,122
050,21,025,"Kentucky","Breathitt County",3,0,158,85,73
050,21,025,"Kentucky","Breathitt County",3,1,159,85,74
050,21,025,"Kentucky","Breathitt County",3,2,178,89,89
050,21,025,"Kentucky","Breathitt County",3,3,182,94,88
050,21,025,"Kentucky","Breathitt County",3,4,158,83,75
050,21,025,"Kentucky","Breathitt County",3,5,158,86,72
050,21,025,"Kentucky","Breathitt County",3,6,180,94,86
050,21,025,"Kentucky","Breathitt County",3,7,168,88,80
050,21,025,"Kentucky","Breathitt County",3,8,163,93,70
050,21,025,"Kentucky","Breathitt County",3,9,151,80,71
050,21,025,"Kentucky","Breathitt County",3,10,141,82,59
050,21,025,"Kentucky","Breathitt County",3,11,131,70,61
050,21,025,"Kentucky","Breathitt County",3,12,138,69,69
050,21,025,"Kentucky","Breathitt County",3,13,148,70,78
050,21,025,"Kentucky","Breathitt County",3,14,158,76,82
050,21,025,"Kentucky","Breathitt County",3,15,173,93,80
050,21,025,"Kentucky","Breathitt County",3,16,155,86,69
050,21,025,"Kentucky","Breathitt County",3,17,156,90,66
050,21,025,"Kentucky","Breathitt County",3,18,130,71,59
050,21,025,"Kentucky","Breathitt County",3,19,125,67,58
050,21,025,"Kentucky","Breathitt County",3,20,137,72,65
050,21,025,"Kentucky","Breathitt County",3,21,121,64,57
050,21,025,"Kentucky","Breathitt County",3,22,137,67,70
050,21,025,"Kentucky","Breathitt County",3,23,134,73,61
050,21,025,"Kentucky","Breathitt County",3,24,164,87,77
050,21,025,"Kentucky","Breathitt County",3,25,153,76,77
050,21,025,"Kentucky","Breathitt County",3,26,156,79,77
050,21,025,"Kentucky","Breathitt County",3,27,173,86,87
050,21,025,"Kentucky","Breathitt County",3,28,174,89,85
050,21,025,"Kentucky","Breathitt County",3,29,180,92,88
050,21,025,"Kentucky","Breathitt County",3,30,188,96,92
050,21,025,"Kentucky","Breathitt County",3,31,180,91,89
050,21,025,"Kentucky","Breathitt County",3,32,181,101,80
050,21,025,"Kentucky","Breathitt County",3,33,155,82,73
050,21,025,"Kentucky","Breathitt County",3,34,141,68,73
050,21,025,"Kentucky","Breathitt County",3,35,144,74,70
050,21,025,"Kentucky","Breathitt County",3,36,143,76,67
050,21,025,"Kentucky","Breathitt County",3,37,154,68,86
050,21,025,"Kentucky","Breathitt County",3,38,168,80,88
050,21,025,"Kentucky","Breathitt County",3,39,171,91,80
050,21,025,"Kentucky","Breathitt County",3,40,169,95,74
050,21,025,"Kentucky","Breathitt County",3,41,172,85,87
050,21,025,"Kentucky","Breathitt County",3,42,180,86,94
050,21,025,"Kentucky","Breathitt County",3,43,178,85,93
050,21,025,"Kentucky","Breathitt County",3,44,182,99,83
050,21,025,"Kentucky","Breathitt County",3,45,181,96,85
050,21,025,"Kentucky","Breathitt County",3,46,186,93,93
050,21,025,"Kentucky","Breathitt County",3,47,168,86,82
050,21,025,"Kentucky","Breathitt County",3,48,176,88,88
050,21,025,"Kentucky","Breathitt County",3,49,192,92,100
050,21,025,"Kentucky","Breathitt County",3,50,197,98,99
050,21,025,"Kentucky","Breathitt County",3,51,188,91,97
050,21,025,"Kentucky","Breathitt County",3,52,170,79,91
050,21,025,"Kentucky","Breathitt County",3,53,160,74,86
050,21,025,"Kentucky","Breathitt County",3,54,201,96,105
050,21,025,"Kentucky","Breathitt County",3,55,213,103,110
050,21,025,"Kentucky","Breathitt County",3,56,228,121,107
050,21,025,"Kentucky","Breathitt County",3,57,223,116,107
050,21,025,"Kentucky","Breathitt County",3,58,200,103,97
050,21,025,"Kentucky","Breathitt County",3,59,203,104,99
050,21,025,"Kentucky","Breathitt County",3,60,210,105,105
050,21,025,"Kentucky","Breathitt County",3,61,204,107,97
050,21,025,"Kentucky","Breathitt County",3,62,199,102,97
050,21,025,"Kentucky","Breathitt County",3,63,210,101,109
050,21,025,"Kentucky","Breathitt County",3,64,199,89,110
050,21,025,"Kentucky","Breathitt County",3,65,204,99,105
050,21,025,"Kentucky","Breathitt County",3,66,196,91,105
050,21,025,"Kentucky","Breathitt County",3,67,182,82,100
050,21,025,"Kentucky","Breathitt County",3,68,156,72,84
050,21,025,"Kentucky","Breathitt County",3,69,171,76,95
050,21,025,"Kentucky","Breathitt County",3,70,158,68,90
050,21,025,"Kentucky","Breathitt County",3,71,162,79,83
050,21,025,"Kentucky","Breathitt County",3,72,141,75,66
050,21,025,"Kentucky","Breathitt County",3,73,128,63,65
050,21,025,"Kentucky","Breathitt County",3,74,138,63,75
050,21,025,"Kentucky","Breathitt County",3,75,94,43,51
050,21,025,"Kentucky","Breathitt County",3,76,89,38,51
050,21,025,"Kentucky","Breathitt County",3,77,90,41,49
050,21,025,"Kentucky","Breathitt County",3,78,79,36,43
050,21,025,"Kentucky","Breathitt County",3,79,70,34,36
050,21,025,"Kentucky","Breathitt County",3,80,72,31,41
050,21,025,"Kentucky","Breathitt County",3,81,61,24,37
050,21,025,"Kentucky","Breathitt County",3,82,37,15,22
050,21,025,"Kentucky","Breathitt County",3,83,45,19,26
050,21,025,"Kentucky","Breathitt County",3,84,42,13,29
050,21,025,"Kentucky","Breathitt County",3,85,178,56,122
050,21,025,"Kentucky","Breathitt County",4,0,137,63,74
050,21,025,"Kentucky","Breathitt County",4,1,162,89,73
050,21,025,"Kentucky","Breathitt County",4,2,145,78,67
050,21,025,"Kentucky","Breathitt County",4,3,180,93,87
050,21,025,"Kentucky","Breathitt County",4,4,182,94,88
050,21,025,"Kentucky","Breathitt County",4,5,156,84,72
050,21,025,"Kentucky","Breathitt County",4,6,157,85,72
050,21,025,"Kentucky","Breathitt County",4,7,180,92,88
050,21,025,"Kentucky","Breathitt County",4,8,162,85,77
050,21,025,"Kentucky","Breathitt County",4,9,165,93,72
050,21,025,"Kentucky","Breathitt County",4,10,148,77,71
050,21,025,"Kentucky","Breathitt County",4,11,143,87,56
050,21,025,"Kentucky","Breathitt County",4,12,132,71,61
050,21,025,"Kentucky","Breathitt County",4,13,146,73,73
050,21,025,"Kentucky","Breathitt County",4,14,143,69,74
050,21,025,"Kentucky","Breathitt County",4,15,171,89,82
050,21,025,"Kentucky","Breathitt County",4,16,175,93,82
050,21,025,"Kentucky","Breathitt County",4,17,156,90,66
050,21,025,"Kentucky","Breathitt County",4,18,132,73,59
050,21,025,"Kentucky","Breathitt County",4,19,124,64,60
050,21,025,"Kentucky","Breathitt County",4,20,148,73,75
050,21,025,"Kentucky","Breathitt County",4,21,110,61,49
050,21,025,"Kentucky","Breathitt County",4,22,132,69,63
050,21,025,"Kentucky","Breathitt County",4,23,127,57,70
050,21,025,"Kentucky","Breathitt County",4,24,135,78,57
050,21,025,"Kentucky","Breathitt County",4,25,164,87,77
050,21,025,"Kentucky","Breathitt County",4,26,151,81,70
050,21,025,"Kentucky","Breathitt County",4,27,161,76,85
050,21,025,"Kentucky","Breathitt County",4,28,155,82,73
050,21,025,"Kentucky","Breathitt County",4,29,170,86,84
050,21,025,"Kentucky","Breathitt County",4,30,177,91,86
050,21,025,"Kentucky","Breathitt County",4,31,191,96,95
050,21,025,"Kentucky","Breathitt County",4,32,174,89,85
050,21,025,"Kentucky","Breathitt County",4,33,184,104,80
050,21,025,"Kentucky","Breathitt County",4,34,153,87,66
050,21,025,"Kentucky","Breathitt County",4,35,138,66,72
050,21,025,"Kentucky","Breathitt County",4,36,147,72,75
050,21,025,"Kentucky","Breathitt County",4,37,134,71,63
050,21,025,"Kentucky","Breathitt County",4,38,160,71,89
050,21,025,"Kentucky","Breathitt County",4,39,169,78,91
050,21,025,"Kentucky","Breathitt County",4,40,167,89,78
050,21,025,"Kentucky","Breathitt County",4,41,163,90,73
050,21,025,"Kentucky","Breathitt County",4,42,180,91,89
050,21,025,"Kentucky","Breathitt County",4,43,180,85,95
050,21,025,"Kentucky","Breathitt County",4,44,178,87,91
050,21,025,"Kentucky","Breathitt County",4,45,171,91,80
050,21,025,"Kentucky","Breathitt County",4,46,174,92,82
050,21,025,"Kentucky","Breathitt County",4,47,180,88,92
050,21,025,"Kentucky","Breathitt County",4,48,166,84,82
050,21,025,"Kentucky","Breathitt County",4,49,180,89,91
050,21,025,"Kentucky","Breathitt County",4,50,193,96,97
050,21,025,"Kentucky","Breathitt County",4,51,195,98,97
050,21,025,"Kentucky","Breathitt County",4,52,175,87,88
050,21,025,"Kentucky","Breathitt County",4,53,168,80,88
050,21,025,"Kentucky","Breathitt County",4,54,161,72,89
050,21,025,"Kentucky","Breathitt County",4,55,196,92,104
050,21,025,"Kentucky","Breathitt County",4,56,215,106,109
050,21,025,"Kentucky","Breathitt County",4,57,221,114,107
050,21,025,"Kentucky","Breathitt County",4,58,217,113,104
050,21,025,"Kentucky","Breathitt County",4,59,193,100,93
050,21,025,"Kentucky","Breathitt County",4,60,195,97,98
050,21,025,"Kentucky","Breathitt County",4,61,209,107,102
050,21,025,"Kentucky","Breathitt County",4,62,194,97,97
050,21,025,"Kentucky","Breathitt County",4,63,195,103,92
050,21,025,"Kentucky","Breathitt County",4,64,196,96,100
050,21,025,"Kentucky","Breathitt County",4,65,192,86,106
050,21,025,"Kentucky","Breathitt County",4,66,193,98,95
050,21,025,"Kentucky","Breathitt County",4,67,191,85,106
050,21,025,"Kentucky","Breathitt County",4,68,174,77,97
050,21,025,"Kentucky","Breathitt County",4,69,147,66,81
050,21,025,"Kentucky","Breathitt County",4,70,166,72,94
050,21,025,"Kentucky","Breathitt County",4,71,149,63,86
050,21,025,"Kentucky","Breathitt County",4,72,152,75,77
050,21,025,"Kentucky","Breathitt County",4,73,135,72,63
050,21,025,"Kentucky","Breathitt County",4,74,123,60,63
050,21,025,"Kentucky","Breathitt County",4,75,128,59,69
050,21,025,"Kentucky","Breathitt County",4,76,85,36,49
050,21,025,"Kentucky","Breathitt County",4,77,83,37,46
050,21,025,"Kentucky","Breathitt County",4,78,86,40,46
050,21,025,"Kentucky","Breathitt County",4,79,74,34,40
050,21,025,"Kentucky","Breathitt County",4,80,66,34,32
050,21,025,"Kentucky","Breathitt County",4,81,62,29,33
050,21,025,"Kentucky","Breathitt County",4,82,53,18,35
050,21,025,"Kentucky","Breathitt County",4,83,28,11,17
050,21,025,"Kentucky","Breathitt County",4,84,45,16,29
050,21,025,"Kentucky","Breathitt County",4,85,188,61,127
050,21,025,"Kentucky","Breathitt County",5,0,140,64,76
050,21,025,"Kentucky","Breathitt County",5,1,124,56,68
050,21,025,"Kentucky","Breathitt County",5,2,153,84,69
050,21,025,"Kentucky","Breathitt County",5,3,143,81,62
050,21,025,"Kentucky","Breathitt County",5,4,167,88,79
050,21,025,"Kentucky","Breathitt County",5,5,174,94,80
050,21,025,"Kentucky","Breathitt County",5,6,144,77,67
050,21,025,"Kentucky","Breathitt County",5,7,151,84,67
050,21,025,"Kentucky","Breathitt County",5,8,171,89,82
050,21,025,"Kentucky","Breathitt County",5,9,169,91,78
050,21,025,"Kentucky","Breathitt County",5,10,153,85,68
050,21,025,"Kentucky","Breathitt County",5,11,150,81,69
050,21,025,"Kentucky","Breathitt County",5,12,142,85,57
050,21,025,"Kentucky","Breathitt County",5,13,128,68,60
050,21,025,"Kentucky","Breathitt County",5,14,146,75,71
050,21,025,"Kentucky","Breathitt County",5,15,149,73,76
050,21,025,"Kentucky","Breathitt County",5,16,167,88,79
050,21,025,"Kentucky","Breathitt County",5,17,168,91,77
050,21,025,"Kentucky","Breathitt County",5,18,121,66,55
050,21,025,"Kentucky","Breathitt County",5,19,114,62,52
050,21,025,"Kentucky","Breathitt County",5,20,138,69,69
050,21,025,"Kentucky","Breathitt County",5,21,113,61,52
050,21,025,"Kentucky","Breathitt County",5,22,124,67,57
050,21,025,"Kentucky","Breathitt County",5,23,119,60,59
050,21,025,"Kentucky","Breathitt County",5,24,125,66,59
050,21,025,"Kentucky","Breathitt County",5,25,129,74,55
050,21,025,"Kentucky","Breathitt County",5,26,167,86,81
050,21,025,"Kentucky","Breathitt County",5,27,149,81,68
050,21,025,"Kentucky","Breathitt County",5,28,139,70,69
050,21,025,"Kentucky","Breathitt County",5,29,166,87,79
050,21,025,"Kentucky","Breathitt County",5,30,169,88,81
050,21,025,"Kentucky","Breathitt County",5,31,169,84,85
050,21,025,"Kentucky","Breathitt County",5,32,185,94,91
050,21,025,"Kentucky","Breathitt County",5,33,174,92,82
050,21,025,"Kentucky","Breathitt County",5,34,179,103,76
050,21,025,"Kentucky","Breathitt County",5,35,156,90,66
050,21,025,"Kentucky","Breathitt County",5,36,138,67,71
050,21,025,"Kentucky","Breathitt County",5,37,136,64,72
050,21,025,"Kentucky","Breathitt County",5,38,140,72,68
050,21,025,"Kentucky","Breathitt County",5,39,155,67,88
050,21,025,"Kentucky","Breathitt County",5,40,168,79,89
050,21,025,"Kentucky","Breathitt County",5,41,159,84,75
050,21,025,"Kentucky","Breathitt County",5,42,156,87,69
050,21,025,"Kentucky","Breathitt County",5,43,177,89,88
050,21,025,"Kentucky","Breathitt County",5,44,174,83,91
050,21,025,"Kentucky","Breathitt County",5,45,179,87,92
050,21,025,"Kentucky","Breathitt County",5,46,164,88,76
050,21,025,"Kentucky","Breathitt County",5,47,162,83,79
050,21,025,"Kentucky","Breathitt County",5,48,181,87,94
050,21,025,"Kentucky","Breathitt County",5,49,158,82,76
050,21,025,"Kentucky","Breathitt County",5,50,168,80,88
050,21,025,"Kentucky","Breathitt County",5,51,185,92,93
050,21,025,"Kentucky","Breathitt County",5,52,188,94,94
050,21,025,"Kentucky","Breathitt County",5,53,170,85,85
050,21,025,"Kentucky","Breathitt County",5,54,168,80,88
050,21,025,"Kentucky","Breathitt County",5,55,160,71,89
050,21,025,"Kentucky","Breathitt County",5,56,195,93,102
050,21,025,"Kentucky","Breathitt County",5,57,209,100,109
050,21,025,"Kentucky","Breathitt County",5,58,216,112,104
050,21,025,"Kentucky","Breathitt County",5,59,208,111,97
050,21,025,"Kentucky","Breathitt County",5,60,186,92,94
050,21,025,"Kentucky","Breathitt County",5,61,191,96,95
050,21,025,"Kentucky","Breathitt County",5,62,199,98,101
050,21,025,"Kentucky","Breathitt County",5,63,192,100,92
050,21,025,"Kentucky","Breathitt County",5,64,188,100,88
050,21,025,"Kentucky","Breathitt County",5,65,188,94,94
050,21,025,"Kentucky","Breathitt County",5,66,184,81,103
050,21,025,"Kentucky","Breathitt County",5,67,182,93,89
050,21,025,"Kentucky","Breathitt County",5,68,180,81,99
050,21,025,"Kentucky","Breathitt County",5,69,163,69,94
050,21,025,"Kentucky","Breathitt County",5,70,136,63,73
050,21,025,"Kentucky","Breathitt County",5,71,157,67,90
050,21,025,"Kentucky","Breathitt County",5,72,139,58,81
050,21,025,"Kentucky","Breathitt County",5,73,142,70,72
050,21,025,"Kentucky","Breathitt County",5,74,127,67,60
050,21,025,"Kentucky","Breathitt County",5,75,113,55,58
050,21,025,"Kentucky","Breathitt County",5,76,109,47,62
050,21,025,"Kentucky","Breathitt County",5,77,80,34,46
050,21,025,"Kentucky","Breathitt County",5,78,76,33,43
050,21,025,"Kentucky","Breathitt County",5,79,82,38,44
050,21,025,"Kentucky","Breathitt County",5,80,67,32,35
050,21,025,"Kentucky","Breathitt County",5,81,59,32,27
050,21,025,"Kentucky","Breathitt County",5,82,49,24,25
050,21,025,"Kentucky","Breathitt County",5,83,45,14,31
050,21,025,"Kentucky","Breathitt County",5,84,26,8,18
050,21,025,"Kentucky","Breathitt County",5,85,204,68,136
050,21,027,"Kentucky","Breckinridge County",1,0,227,118,109
050,21,027,"Kentucky","Breckinridge County",1,1,220,124,96
050,21,027,"Kentucky","Breckinridge County",1,2,230,111,119
050,21,027,"Kentucky","Breckinridge County",1,3,277,131,146
050,21,027,"Kentucky","Breckinridge County",1,4,264,143,121
050,21,027,"Kentucky","Breckinridge County",1,5,240,126,114
050,21,027,"Kentucky","Breckinridge County",1,6,250,136,114
050,21,027,"Kentucky","Breckinridge County",1,7,241,119,122
050,21,027,"Kentucky","Breckinridge County",1,8,237,124,113
050,21,027,"Kentucky","Breckinridge County",1,9,223,117,106
050,21,027,"Kentucky","Breckinridge County",1,10,258,134,124
050,21,027,"Kentucky","Breckinridge County",1,11,260,132,128
050,21,027,"Kentucky","Breckinridge County",1,12,285,125,160
050,21,027,"Kentucky","Breckinridge County",1,13,275,128,147
050,21,027,"Kentucky","Breckinridge County",1,14,282,143,139
050,21,027,"Kentucky","Breckinridge County",1,15,289,147,142
050,21,027,"Kentucky","Breckinridge County",1,16,279,144,135
050,21,027,"Kentucky","Breckinridge County",1,17,290,164,126
050,21,027,"Kentucky","Breckinridge County",1,18,230,137,93
050,21,027,"Kentucky","Breckinridge County",1,19,196,112,84
050,21,027,"Kentucky","Breckinridge County",1,20,232,132,100
050,21,027,"Kentucky","Breckinridge County",1,21,212,110,102
050,21,027,"Kentucky","Breckinridge County",1,22,212,109,103
050,21,027,"Kentucky","Breckinridge County",1,23,220,108,112
050,21,027,"Kentucky","Breckinridge County",1,24,224,107,117
050,21,027,"Kentucky","Breckinridge County",1,25,232,126,106
050,21,027,"Kentucky","Breckinridge County",1,26,213,114,99
050,21,027,"Kentucky","Breckinridge County",1,27,201,102,99
050,21,027,"Kentucky","Breckinridge County",1,28,223,121,102
050,21,027,"Kentucky","Breckinridge County",1,29,230,126,104
050,21,027,"Kentucky","Breckinridge County",1,30,246,134,112
050,21,027,"Kentucky","Breckinridge County",1,31,208,95,113
050,21,027,"Kentucky","Breckinridge County",1,32,203,109,94
050,21,027,"Kentucky","Breckinridge County",1,33,192,103,89
050,21,027,"Kentucky","Breckinridge County",1,34,210,104,106
050,21,027,"Kentucky","Breckinridge County",1,35,216,115,101
050,21,027,"Kentucky","Breckinridge County",1,36,212,98,114
050,21,027,"Kentucky","Breckinridge County",1,37,233,114,119
050,21,027,"Kentucky","Breckinridge County",1,38,238,118,120
050,21,027,"Kentucky","Breckinridge County",1,39,264,136,128
050,21,027,"Kentucky","Breckinridge County",1,40,251,134,117
050,21,027,"Kentucky","Breckinridge County",1,41,248,122,126
050,21,027,"Kentucky","Breckinridge County",1,42,250,118,132
050,21,027,"Kentucky","Breckinridge County",1,43,250,131,119
050,21,027,"Kentucky","Breckinridge County",1,44,222,119,103
050,21,027,"Kentucky","Breckinridge County",1,45,224,126,98
050,21,027,"Kentucky","Breckinridge County",1,46,204,111,93
050,21,027,"Kentucky","Breckinridge County",1,47,214,102,112
050,21,027,"Kentucky","Breckinridge County",1,48,274,130,144
050,21,027,"Kentucky","Breckinridge County",1,49,282,134,148
050,21,027,"Kentucky","Breckinridge County",1,50,270,125,145
050,21,027,"Kentucky","Breckinridge County",1,51,262,120,142
050,21,027,"Kentucky","Breckinridge County",1,52,248,126,122
050,21,027,"Kentucky","Breckinridge County",1,53,278,139,139
050,21,027,"Kentucky","Breckinridge County",1,54,312,150,162
050,21,027,"Kentucky","Breckinridge County",1,55,311,169,142
050,21,027,"Kentucky","Breckinridge County",1,56,316,161,155
050,21,027,"Kentucky","Breckinridge County",1,57,301,144,157
050,21,027,"Kentucky","Breckinridge County",1,58,307,156,151
050,21,027,"Kentucky","Breckinridge County",1,59,336,179,157
050,21,027,"Kentucky","Breckinridge County",1,60,337,174,163
050,21,027,"Kentucky","Breckinridge County",1,61,309,153,156
050,21,027,"Kentucky","Breckinridge County",1,62,310,147,163
050,21,027,"Kentucky","Breckinridge County",1,63,294,154,140
050,21,027,"Kentucky","Breckinridge County",1,64,298,159,139
050,21,027,"Kentucky","Breckinridge County",1,65,299,142,157
050,21,027,"Kentucky","Breckinridge County",1,66,287,141,146
050,21,027,"Kentucky","Breckinridge County",1,67,280,141,139
050,21,027,"Kentucky","Breckinridge County",1,68,294,144,150
050,21,027,"Kentucky","Breckinridge County",1,69,255,116,139
050,21,027,"Kentucky","Breckinridge County",1,70,240,122,118
050,21,027,"Kentucky","Breckinridge County",1,71,234,127,107
050,21,027,"Kentucky","Breckinridge County",1,72,235,113,122
050,21,027,"Kentucky","Breckinridge County",1,73,242,123,119
050,21,027,"Kentucky","Breckinridge County",1,74,163,79,84
050,21,027,"Kentucky","Breckinridge County",1,75,176,77,99
050,21,027,"Kentucky","Breckinridge County",1,76,157,74,83
050,21,027,"Kentucky","Breckinridge County",1,77,158,73,85
050,21,027,"Kentucky","Breckinridge County",1,78,123,53,70
050,21,027,"Kentucky","Breckinridge County",1,79,107,41,66
050,21,027,"Kentucky","Breckinridge County",1,80,103,50,53
050,21,027,"Kentucky","Breckinridge County",1,81,111,49,62
050,21,027,"Kentucky","Breckinridge County",1,82,93,47,46
050,21,027,"Kentucky","Breckinridge County",1,83,73,38,35
050,21,027,"Kentucky","Breckinridge County",1,84,75,31,44
050,21,027,"Kentucky","Breckinridge County",1,85,348,141,207
050,21,027,"Kentucky","Breckinridge County",2,0,232,130,102
050,21,027,"Kentucky","Breckinridge County",2,1,219,121,98
050,21,027,"Kentucky","Breckinridge County",2,2,230,116,114
050,21,027,"Kentucky","Breckinridge County",2,3,264,125,139
050,21,027,"Kentucky","Breckinridge County",2,4,269,141,128
050,21,027,"Kentucky","Breckinridge County",2,5,249,132,117
050,21,027,"Kentucky","Breckinridge County",2,6,251,135,116
050,21,027,"Kentucky","Breckinridge County",2,7,243,123,120
050,21,027,"Kentucky","Breckinridge County",2,8,235,121,114
050,21,027,"Kentucky","Breckinridge County",2,9,227,119,108
050,21,027,"Kentucky","Breckinridge County",2,10,251,129,122
050,21,027,"Kentucky","Breckinridge County",2,11,258,130,128
050,21,027,"Kentucky","Breckinridge County",2,12,281,127,154
050,21,027,"Kentucky","Breckinridge County",2,13,278,128,150
050,21,027,"Kentucky","Breckinridge County",2,14,281,141,140
050,21,027,"Kentucky","Breckinridge County",2,15,286,145,141
050,21,027,"Kentucky","Breckinridge County",2,16,283,148,135
050,21,027,"Kentucky","Breckinridge County",2,17,286,159,127
050,21,027,"Kentucky","Breckinridge County",2,18,238,141,97
050,21,027,"Kentucky","Breckinridge County",2,19,195,112,83
050,21,027,"Kentucky","Breckinridge County",2,20,233,132,101
050,21,027,"Kentucky","Breckinridge County",2,21,218,116,102
050,21,027,"Kentucky","Breckinridge County",2,22,216,111,105
050,21,027,"Kentucky","Breckinridge County",2,23,221,109,112
050,21,027,"Kentucky","Breckinridge County",2,24,223,107,116
050,21,027,"Kentucky","Breckinridge County",2,25,228,120,108
050,21,027,"Kentucky","Breckinridge County",2,26,219,119,100
050,21,027,"Kentucky","Breckinridge County",2,27,200,102,98
050,21,027,"Kentucky","Breckinridge County",2,28,219,118,101
050,21,027,"Kentucky","Breckinridge County",2,29,228,125,103
050,21,027,"Kentucky","Breckinridge County",2,30,244,132,112
050,21,027,"Kentucky","Breckinridge County",2,31,213,101,112
050,21,027,"Kentucky","Breckinridge County",2,32,202,104,98
050,21,027,"Kentucky","Breckinridge County",2,33,196,105,91
050,21,027,"Kentucky","Breckinridge County",2,34,205,102,103
050,21,027,"Kentucky","Breckinridge County",2,35,218,115,103
050,21,027,"Kentucky","Breckinridge County",2,36,209,101,108
050,21,027,"Kentucky","Breckinridge County",2,37,228,110,118
050,21,027,"Kentucky","Breckinridge County",2,38,238,117,121
050,21,027,"Kentucky","Breckinridge County",2,39,259,132,127
050,21,027,"Kentucky","Breckinridge County",2,40,259,137,122
050,21,027,"Kentucky","Breckinridge County",2,41,252,129,123
050,21,027,"Kentucky","Breckinridge County",2,42,251,119,132
050,21,027,"Kentucky","Breckinridge County",2,43,251,128,123
050,21,027,"Kentucky","Breckinridge County",2,44,223,119,104
050,21,027,"Kentucky","Breckinridge County",2,45,224,124,100
050,21,027,"Kentucky","Breckinridge County",2,46,207,114,93
050,21,027,"Kentucky","Breckinridge County",2,47,214,105,109
050,21,027,"Kentucky","Breckinridge County",2,48,259,124,135
050,21,027,"Kentucky","Breckinridge County",2,49,281,135,146
050,21,027,"Kentucky","Breckinridge County",2,50,273,128,145
050,21,027,"Kentucky","Breckinridge County",2,51,265,122,143
050,21,027,"Kentucky","Breckinridge County",2,52,251,123,128
050,21,027,"Kentucky","Breckinridge County",2,53,272,136,136
050,21,027,"Kentucky","Breckinridge County",2,54,302,147,155
050,21,027,"Kentucky","Breckinridge County",2,55,312,165,147
050,21,027,"Kentucky","Breckinridge County",2,56,313,163,150
050,21,027,"Kentucky","Breckinridge County",2,57,303,148,155
050,21,027,"Kentucky","Breckinridge County",2,58,307,154,153
050,21,027,"Kentucky","Breckinridge County",2,59,330,174,156
050,21,027,"Kentucky","Breckinridge County",2,60,337,175,162
050,21,027,"Kentucky","Breckinridge County",2,61,314,156,158
050,21,027,"Kentucky","Breckinridge County",2,62,308,148,160
050,21,027,"Kentucky","Breckinridge County",2,63,297,151,146
050,21,027,"Kentucky","Breckinridge County",2,64,297,158,139
050,21,027,"Kentucky","Breckinridge County",2,65,299,145,154
050,21,027,"Kentucky","Breckinridge County",2,66,293,143,150
050,21,027,"Kentucky","Breckinridge County",2,67,281,141,140
050,21,027,"Kentucky","Breckinridge County",2,68,285,142,143
050,21,027,"Kentucky","Breckinridge County",2,69,260,120,140
050,21,027,"Kentucky","Breckinridge County",2,70,244,121,123
050,21,027,"Kentucky","Breckinridge County",2,71,231,126,105
050,21,027,"Kentucky","Breckinridge County",2,72,229,113,116
050,21,027,"Kentucky","Breckinridge County",2,73,252,126,126
050,21,027,"Kentucky","Breckinridge County",2,74,168,81,87
050,21,027,"Kentucky","Breckinridge County",2,75,172,75,97
050,21,027,"Kentucky","Breckinridge County",2,76,157,73,84
050,21,027,"Kentucky","Breckinridge County",2,77,157,71,86
050,21,027,"Kentucky","Breckinridge County",2,78,127,56,71
050,21,027,"Kentucky","Breckinridge County",2,79,109,43,66
050,21,027,"Kentucky","Breckinridge County",2,80,104,48,56
050,21,027,"Kentucky","Breckinridge County",2,81,111,49,62
050,21,027,"Kentucky","Breckinridge County",2,82,95,47,48
050,21,027,"Kentucky","Breckinridge County",2,83,75,37,38
050,21,027,"Kentucky","Breckinridge County",2,84,74,32,42
050,21,027,"Kentucky","Breckinridge County",2,85,349,143,206
050,21,027,"Kentucky","Breckinridge County",3,0,273,152,121
050,21,027,"Kentucky","Breckinridge County",3,1,239,131,108
050,21,027,"Kentucky","Breckinridge County",3,2,227,125,102
050,21,027,"Kentucky","Breckinridge County",3,3,233,117,116
050,21,027,"Kentucky","Breckinridge County",3,4,255,115,140
050,21,027,"Kentucky","Breckinridge County",3,5,269,145,124
050,21,027,"Kentucky","Breckinridge County",3,6,249,127,122
050,21,027,"Kentucky","Breckinridge County",3,7,246,130,116
050,21,027,"Kentucky","Breckinridge County",3,8,246,128,118
050,21,027,"Kentucky","Breckinridge County",3,9,230,122,108
050,21,027,"Kentucky","Breckinridge County",3,10,230,124,106
050,21,027,"Kentucky","Breckinridge County",3,11,250,127,123
050,21,027,"Kentucky","Breckinridge County",3,12,260,134,126
050,21,027,"Kentucky","Breckinridge County",3,13,284,130,154
050,21,027,"Kentucky","Breckinridge County",3,14,285,135,150
050,21,027,"Kentucky","Breckinridge County",3,15,287,139,148
050,21,027,"Kentucky","Breckinridge County",3,16,294,147,147
050,21,027,"Kentucky","Breckinridge County",3,17,292,153,139
050,21,027,"Kentucky","Breckinridge County",3,18,245,144,101
050,21,027,"Kentucky","Breckinridge County",3,19,200,122,78
050,21,027,"Kentucky","Breckinridge County",3,20,223,132,91
050,21,027,"Kentucky","Breckinridge County",3,21,237,124,113
050,21,027,"Kentucky","Breckinridge County",3,22,237,121,116
050,21,027,"Kentucky","Breckinridge County",3,23,240,126,114
050,21,027,"Kentucky","Breckinridge County",3,24,205,98,107
050,21,027,"Kentucky","Breckinridge County",3,25,231,111,120
050,21,027,"Kentucky","Breckinridge County",3,26,250,138,112
050,21,027,"Kentucky","Breckinridge County",3,27,213,116,97
050,21,027,"Kentucky","Breckinridge County",3,28,218,110,108
050,21,027,"Kentucky","Breckinridge County",3,29,228,120,108
050,21,027,"Kentucky","Breckinridge County",3,30,241,132,109
050,21,027,"Kentucky","Breckinridge County",3,31,243,132,111
050,21,027,"Kentucky","Breckinridge County",3,32,214,107,107
050,21,027,"Kentucky","Breckinridge County",3,33,214,115,99
050,21,027,"Kentucky","Breckinridge County",3,34,193,101,92
050,21,027,"Kentucky","Breckinridge County",3,35,215,116,99
050,21,027,"Kentucky","Breckinridge County",3,36,218,111,107
050,21,027,"Kentucky","Breckinridge County",3,37,207,100,107
050,21,027,"Kentucky","Breckinridge County",3,38,237,118,119
050,21,027,"Kentucky","Breckinridge County",3,39,237,117,120
050,21,027,"Kentucky","Breckinridge County",3,40,258,125,133
050,21,027,"Kentucky","Breckinridge County",3,41,265,144,121
050,21,027,"Kentucky","Breckinridge County",3,42,256,132,124
050,21,027,"Kentucky","Breckinridge County",3,43,242,117,125
050,21,027,"Kentucky","Breckinridge County",3,44,246,121,125
050,21,027,"Kentucky","Breckinridge County",3,45,234,126,108
050,21,027,"Kentucky","Breckinridge County",3,46,220,123,97
050,21,027,"Kentucky","Breckinridge County",3,47,215,116,99
050,21,027,"Kentucky","Breckinridge County",3,48,221,113,108
050,21,027,"Kentucky","Breckinridge County",3,49,267,131,136
050,21,027,"Kentucky","Breckinridge County",3,50,297,139,158
050,21,027,"Kentucky","Breckinridge County",3,51,274,130,144
050,21,027,"Kentucky","Breckinridge County",3,52,267,124,143
050,21,027,"Kentucky","Breckinridge County",3,53,249,122,127
050,21,027,"Kentucky","Breckinridge County",3,54,280,141,139
050,21,027,"Kentucky","Breckinridge County",3,55,314,153,161
050,21,027,"Kentucky","Breckinridge County",3,56,300,154,146
050,21,027,"Kentucky","Breckinridge County",3,57,322,168,154
050,21,027,"Kentucky","Breckinridge County",3,58,296,149,147
050,21,027,"Kentucky","Breckinridge County",3,59,305,154,151
050,21,027,"Kentucky","Breckinridge County",3,60,336,181,155
050,21,027,"Kentucky","Breckinridge County",3,61,340,174,166
050,21,027,"Kentucky","Breckinridge County",3,62,318,159,159
050,21,027,"Kentucky","Breckinridge County",3,63,309,148,161
050,21,027,"Kentucky","Breckinridge County",3,64,302,153,149
050,21,027,"Kentucky","Breckinridge County",3,65,304,161,143
050,21,027,"Kentucky","Breckinridge County",3,66,301,146,155
050,21,027,"Kentucky","Breckinridge County",3,67,277,136,141
050,21,027,"Kentucky","Breckinridge County",3,68,276,136,140
050,21,027,"Kentucky","Breckinridge County",3,69,284,141,143
050,21,027,"Kentucky","Breckinridge County",3,70,253,115,138
050,21,027,"Kentucky","Breckinridge County",3,71,232,109,123
050,21,027,"Kentucky","Breckinridge County",3,72,223,122,101
050,21,027,"Kentucky","Breckinridge County",3,73,221,105,116
050,21,027,"Kentucky","Breckinridge County",3,74,244,122,122
050,21,027,"Kentucky","Breckinridge County",3,75,160,75,85
050,21,027,"Kentucky","Breckinridge County",3,76,167,73,94
050,21,027,"Kentucky","Breckinridge County",3,77,149,69,80
050,21,027,"Kentucky","Breckinridge County",3,78,145,65,80
050,21,027,"Kentucky","Breckinridge County",3,79,117,53,64
050,21,027,"Kentucky","Breckinridge County",3,80,100,38,62
050,21,027,"Kentucky","Breckinridge County",3,81,95,37,58
050,21,027,"Kentucky","Breckinridge County",3,82,100,45,55
050,21,027,"Kentucky","Breckinridge County",3,83,78,37,41
050,21,027,"Kentucky","Breckinridge County",3,84,63,31,32
050,21,027,"Kentucky","Breckinridge County",3,85,370,157,213
050,21,027,"Kentucky","Breckinridge County",4,0,246,119,127
050,21,027,"Kentucky","Breckinridge County",4,1,276,140,136
050,21,027,"Kentucky","Breckinridge County",4,2,241,132,109
050,21,027,"Kentucky","Breckinridge County",4,3,233,135,98
050,21,027,"Kentucky","Breckinridge County",4,4,261,133,128
050,21,027,"Kentucky","Breckinridge County",4,5,257,120,137
050,21,027,"Kentucky","Breckinridge County",4,6,279,153,126
050,21,027,"Kentucky","Breckinridge County",4,7,249,131,118
050,21,027,"Kentucky","Breckinridge County",4,8,263,139,124
050,21,027,"Kentucky","Breckinridge County",4,9,256,129,127
050,21,027,"Kentucky","Breckinridge County",4,10,237,130,107
050,21,027,"Kentucky","Breckinridge County",4,11,241,128,113
050,21,027,"Kentucky","Breckinridge County",4,12,259,130,129
050,21,027,"Kentucky","Breckinridge County",4,13,273,142,131
050,21,027,"Kentucky","Breckinridge County",4,14,293,132,161
050,21,027,"Kentucky","Breckinridge County",4,15,294,141,153
050,21,027,"Kentucky","Breckinridge County",4,16,297,150,147
050,21,027,"Kentucky","Breckinridge County",4,17,293,154,139
050,21,027,"Kentucky","Breckinridge County",4,18,257,142,115
050,21,027,"Kentucky","Breckinridge County",4,19,194,119,75
050,21,027,"Kentucky","Breckinridge County",4,20,210,133,77
050,21,027,"Kentucky","Breckinridge County",4,21,211,118,93
050,21,027,"Kentucky","Breckinridge County",4,22,253,134,119
050,21,027,"Kentucky","Breckinridge County",4,23,244,125,119
050,21,027,"Kentucky","Breckinridge County",4,24,227,121,106
050,21,027,"Kentucky","Breckinridge County",4,25,210,95,115
050,21,027,"Kentucky","Breckinridge County",4,26,257,134,123
050,21,027,"Kentucky","Breckinridge County",4,27,242,132,110
050,21,027,"Kentucky","Breckinridge County",4,28,232,134,98
050,21,027,"Kentucky","Breckinridge County",4,29,219,112,107
050,21,027,"Kentucky","Breckinridge County",4,30,241,123,118
050,21,027,"Kentucky","Breckinridge County",4,31,250,137,113
050,21,027,"Kentucky","Breckinridge County",4,32,252,127,125
050,21,027,"Kentucky","Breckinridge County",4,33,226,115,111
050,21,027,"Kentucky","Breckinridge County",4,34,205,108,97
050,21,027,"Kentucky","Breckinridge County",4,35,202,105,97
050,21,027,"Kentucky","Breckinridge County",4,36,208,111,97
050,21,027,"Kentucky","Breckinridge County",4,37,226,116,110
050,21,027,"Kentucky","Breckinridge County",4,38,219,103,116
050,21,027,"Kentucky","Breckinridge County",4,39,239,118,121
050,21,027,"Kentucky","Breckinridge County",4,40,243,123,120
050,21,027,"Kentucky","Breckinridge County",4,41,261,126,135
050,21,027,"Kentucky","Breckinridge County",4,42,272,146,126
050,21,027,"Kentucky","Breckinridge County",4,43,265,138,127
050,21,027,"Kentucky","Breckinridge County",4,44,257,123,134
050,21,027,"Kentucky","Breckinridge County",4,45,255,124,131
050,21,027,"Kentucky","Breckinridge County",4,46,246,132,114
050,21,027,"Kentucky","Breckinridge County",4,47,223,121,102
050,21,027,"Kentucky","Breckinridge County",4,48,227,125,102
050,21,027,"Kentucky","Breckinridge County",4,49,229,113,116
050,21,027,"Kentucky","Breckinridge County",4,50,262,125,137
050,21,027,"Kentucky","Breckinridge County",4,51,302,144,158
050,21,027,"Kentucky","Breckinridge County",4,52,271,133,138
050,21,027,"Kentucky","Breckinridge County",4,53,271,129,142
050,21,027,"Kentucky","Breckinridge County",4,54,252,121,131
050,21,027,"Kentucky","Breckinridge County",4,55,285,144,141
050,21,027,"Kentucky","Breckinridge County",4,56,296,143,153
050,21,027,"Kentucky","Breckinridge County",4,57,290,143,147
050,21,027,"Kentucky","Breckinridge County",4,58,324,174,150
050,21,027,"Kentucky","Breckinridge County",4,59,296,147,149
050,21,027,"Kentucky","Breckinridge County",4,60,304,156,148
050,21,027,"Kentucky","Breckinridge County",4,61,347,183,164
050,21,027,"Kentucky","Breckinridge County",4,62,337,173,164
050,21,027,"Kentucky","Breckinridge County",4,63,323,165,158
050,21,027,"Kentucky","Breckinridge County",4,64,316,151,165
050,21,027,"Kentucky","Breckinridge County",4,65,307,152,155
050,21,027,"Kentucky","Breckinridge County",4,66,298,159,139
050,21,027,"Kentucky","Breckinridge County",4,67,299,144,155
050,21,027,"Kentucky","Breckinridge County",4,68,274,132,142
050,21,027,"Kentucky","Breckinridge County",4,69,280,139,141
050,21,027,"Kentucky","Breckinridge County",4,70,273,135,138
050,21,027,"Kentucky","Breckinridge County",4,71,239,105,134
050,21,027,"Kentucky","Breckinridge County",4,72,222,106,116
050,21,027,"Kentucky","Breckinridge County",4,73,205,105,100
050,21,027,"Kentucky","Breckinridge County",4,74,219,106,113
050,21,027,"Kentucky","Breckinridge County",4,75,237,117,120
050,21,027,"Kentucky","Breckinridge County",4,76,154,70,84
050,21,027,"Kentucky","Breckinridge County",4,77,158,69,89
050,21,027,"Kentucky","Breckinridge County",4,78,137,62,75
050,21,027,"Kentucky","Breckinridge County",4,79,129,60,69
050,21,027,"Kentucky","Breckinridge County",4,80,110,47,63
050,21,027,"Kentucky","Breckinridge County",4,81,99,34,65
050,21,027,"Kentucky","Breckinridge County",4,82,84,36,48
050,21,027,"Kentucky","Breckinridge County",4,83,91,39,52
050,21,027,"Kentucky","Breckinridge County",4,84,61,29,32
050,21,027,"Kentucky","Breckinridge County",4,85,359,159,200
050,21,027,"Kentucky","Breckinridge County",5,0,252,124,128
050,21,027,"Kentucky","Breckinridge County",5,1,269,135,134
050,21,027,"Kentucky","Breckinridge County",5,2,275,141,134
050,21,027,"Kentucky","Breckinridge County",5,3,250,134,116
050,21,027,"Kentucky","Breckinridge County",5,4,226,130,96
050,21,027,"Kentucky","Breckinridge County",5,5,242,119,123
050,21,027,"Kentucky","Breckinridge County",5,6,260,126,134
050,21,027,"Kentucky","Breckinridge County",5,7,278,148,130
050,21,027,"Kentucky","Breckinridge County",5,8,245,124,121
050,21,027,"Kentucky","Breckinridge County",5,9,263,140,123
050,21,027,"Kentucky","Breckinridge County",5,10,279,148,131
050,21,027,"Kentucky","Breckinridge County",5,11,235,124,111
050,21,027,"Kentucky","Breckinridge County",5,12,244,127,117
050,21,027,"Kentucky","Breckinridge County",5,13,260,136,124
050,21,027,"Kentucky","Breckinridge County",5,14,272,141,131
050,21,027,"Kentucky","Breckinridge County",5,15,291,132,159
050,21,027,"Kentucky","Breckinridge County",5,16,299,140,159
050,21,027,"Kentucky","Breckinridge County",5,17,296,152,144
050,21,027,"Kentucky","Breckinridge County",5,18,255,138,117
050,21,027,"Kentucky","Breckinridge County",5,19,196,106,90
050,21,027,"Kentucky","Breckinridge County",5,20,225,135,90
050,21,027,"Kentucky","Breckinridge County",5,21,209,131,78
050,21,027,"Kentucky","Breckinridge County",5,22,226,126,100
050,21,027,"Kentucky","Breckinridge County",5,23,264,134,130
050,21,027,"Kentucky","Breckinridge County",5,24,247,119,128
050,21,027,"Kentucky","Breckinridge County",5,25,246,131,115
050,21,027,"Kentucky","Breckinridge County",5,26,225,106,119
050,21,027,"Kentucky","Breckinridge County",5,27,242,118,124
050,21,027,"Kentucky","Breckinridge County",5,28,251,139,112
050,21,027,"Kentucky","Breckinridge County",5,29,224,120,104
050,21,027,"Kentucky","Breckinridge County",5,30,226,122,104
050,21,027,"Kentucky","Breckinridge County",5,31,245,128,117
050,21,027,"Kentucky","Breckinridge County",5,32,247,133,114
050,21,027,"Kentucky","Breckinridge County",5,33,255,130,125
050,21,027,"Kentucky","Breckinridge County",5,34,222,107,115
050,21,027,"Kentucky","Breckinridge County",5,35,218,119,99
050,21,027,"Kentucky","Breckinridge County",5,36,207,106,101
050,21,027,"Kentucky","Breckinridge County",5,37,208,102,106
050,21,027,"Kentucky","Breckinridge County",5,38,233,118,115
050,21,027,"Kentucky","Breckinridge County",5,39,223,110,113
050,21,027,"Kentucky","Breckinridge County",5,40,243,112,131
050,21,027,"Kentucky","Breckinridge County",5,41,245,125,120
050,21,027,"Kentucky","Breckinridge County",5,42,265,130,135
050,21,027,"Kentucky","Breckinridge County",5,43,269,147,122
050,21,027,"Kentucky","Breckinridge County",5,44,259,134,125
050,21,027,"Kentucky","Breckinridge County",5,45,251,122,129
050,21,027,"Kentucky","Breckinridge County",5,46,248,120,128
050,21,027,"Kentucky","Breckinridge County",5,47,249,131,118
050,21,027,"Kentucky","Breckinridge County",5,48,231,128,103
050,21,027,"Kentucky","Breckinridge County",5,49,237,128,109
050,21,027,"Kentucky","Breckinridge County",5,50,228,114,114
050,21,027,"Kentucky","Breckinridge County",5,51,265,131,134
050,21,027,"Kentucky","Breckinridge County",5,52,307,145,162
050,21,027,"Kentucky","Breckinridge County",5,53,287,143,144
050,21,027,"Kentucky","Breckinridge County",5,54,274,129,145
050,21,027,"Kentucky","Breckinridge County",5,55,286,137,149
050,21,027,"Kentucky","Breckinridge County",5,56,285,144,141
050,21,027,"Kentucky","Breckinridge County",5,57,290,140,150
050,21,027,"Kentucky","Breckinridge County",5,58,296,145,151
050,21,027,"Kentucky","Breckinridge County",5,59,315,169,146
050,21,027,"Kentucky","Breckinridge County",5,60,296,147,149
050,21,027,"Kentucky","Breckinridge County",5,61,304,155,149
050,21,027,"Kentucky","Breckinridge County",5,62,353,183,170
050,21,027,"Kentucky","Breckinridge County",5,63,346,182,164
050,21,027,"Kentucky","Breckinridge County",5,64,331,169,162
050,21,027,"Kentucky","Breckinridge County",5,65,318,148,170
050,21,027,"Kentucky","Breckinridge County",5,66,301,148,153
050,21,027,"Kentucky","Breckinridge County",5,67,294,151,143
050,21,027,"Kentucky","Breckinridge County",5,68,292,132,160
050,21,027,"Kentucky","Breckinridge County",5,69,272,132,140
050,21,027,"Kentucky","Breckinridge County",5,70,273,135,138
050,21,027,"Kentucky","Breckinridge County",5,71,262,127,135
050,21,027,"Kentucky","Breckinridge County",5,72,232,105,127
050,21,027,"Kentucky","Breckinridge County",5,73,219,103,116
050,21,027,"Kentucky","Breckinridge County",5,74,198,103,95
050,21,027,"Kentucky","Breckinridge County",5,75,214,100,114
050,21,027,"Kentucky","Breckinridge County",5,76,220,106,114
050,21,027,"Kentucky","Breckinridge County",5,77,141,64,77
050,21,027,"Kentucky","Breckinridge County",5,78,139,58,81
050,21,027,"Kentucky","Breckinridge County",5,79,127,59,68
050,21,027,"Kentucky","Breckinridge County",5,80,123,56,67
050,21,027,"Kentucky","Breckinridge County",5,81,106,42,64
050,21,027,"Kentucky","Breckinridge County",5,82,90,33,57
050,21,027,"Kentucky","Breckinridge County",5,83,73,30,43
050,21,027,"Kentucky","Breckinridge County",5,84,81,33,48
050,21,027,"Kentucky","Breckinridge County",5,85,359,161,198
050,21,029,"Kentucky","Bullitt County",1,0,760,393,367
050,21,029,"Kentucky","Bullitt County",1,1,817,423,394
050,21,029,"Kentucky","Bullitt County",1,2,886,453,433
050,21,029,"Kentucky","Bullitt County",1,3,892,456,436
050,21,029,"Kentucky","Bullitt County",1,4,883,456,427
050,21,029,"Kentucky","Bullitt County",1,5,925,478,447
050,21,029,"Kentucky","Bullitt County",1,6,957,516,441
050,21,029,"Kentucky","Bullitt County",1,7,926,505,421
050,21,029,"Kentucky","Bullitt County",1,8,934,501,433
050,21,029,"Kentucky","Bullitt County",1,9,986,510,476
050,21,029,"Kentucky","Bullitt County",1,10,1053,538,515
050,21,029,"Kentucky","Bullitt County",1,11,1112,566,546
050,21,029,"Kentucky","Bullitt County",1,12,1151,567,584
050,21,029,"Kentucky","Bullitt County",1,13,1137,592,545
050,21,029,"Kentucky","Bullitt County",1,14,1068,537,531
050,21,029,"Kentucky","Bullitt County",1,15,1096,567,529
050,21,029,"Kentucky","Bullitt County",1,16,1147,591,556
050,21,029,"Kentucky","Bullitt County",1,17,1171,593,578
050,21,029,"Kentucky","Bullitt County",1,18,952,521,431
050,21,029,"Kentucky","Bullitt County",1,19,740,413,327
050,21,029,"Kentucky","Bullitt County",1,20,806,432,374
050,21,029,"Kentucky","Bullitt County",1,21,886,445,441
050,21,029,"Kentucky","Bullitt County",1,22,864,424,440
050,21,029,"Kentucky","Bullitt County",1,23,910,468,442
050,21,029,"Kentucky","Bullitt County",1,24,930,464,466
050,21,029,"Kentucky","Bullitt County",1,25,993,491,502
050,21,029,"Kentucky","Bullitt County",1,26,1033,518,515
050,21,029,"Kentucky","Bullitt County",1,27,1063,553,510
050,21,029,"Kentucky","Bullitt County",1,28,1116,552,564
050,21,029,"Kentucky","Bullitt County",1,29,1147,571,576
050,21,029,"Kentucky","Bullitt County",1,30,1106,553,553
050,21,029,"Kentucky","Bullitt County",1,31,1067,528,539
050,21,029,"Kentucky","Bullitt County",1,32,1015,493,522
050,21,029,"Kentucky","Bullitt County",1,33,1040,517,523
050,21,029,"Kentucky","Bullitt County",1,34,1033,533,500
050,21,029,"Kentucky","Bullitt County",1,35,1026,510,516
050,21,029,"Kentucky","Bullitt County",1,36,1047,504,543
050,21,029,"Kentucky","Bullitt County",1,37,1084,530,554
050,21,029,"Kentucky","Bullitt County",1,38,1118,566,552
050,21,029,"Kentucky","Bullitt County",1,39,1124,575,549
050,21,029,"Kentucky","Bullitt County",1,40,1103,558,545
050,21,029,"Kentucky","Bullitt County",1,41,1117,552,565
050,21,029,"Kentucky","Bullitt County",1,42,1104,565,539
050,21,029,"Kentucky","Bullitt County",1,43,1064,525,539
050,21,029,"Kentucky","Bullitt County",1,44,1082,531,551
050,21,029,"Kentucky","Bullitt County",1,45,1122,563,559
050,21,029,"Kentucky","Bullitt County",1,46,1028,515,513
050,21,029,"Kentucky","Bullitt County",1,47,1065,526,539
050,21,029,"Kentucky","Bullitt County",1,48,1197,615,582
050,21,029,"Kentucky","Bullitt County",1,49,1258,640,618
050,21,029,"Kentucky","Bullitt County",1,50,1179,607,572
050,21,029,"Kentucky","Bullitt County",1,51,1181,610,571
050,21,029,"Kentucky","Bullitt County",1,52,1170,595,575
050,21,029,"Kentucky","Bullitt County",1,53,1127,561,566
050,21,029,"Kentucky","Bullitt County",1,54,1200,584,616
050,21,029,"Kentucky","Bullitt County",1,55,1276,634,642
050,21,029,"Kentucky","Bullitt County",1,56,1309,639,670
050,21,029,"Kentucky","Bullitt County",1,57,1247,622,625
050,21,029,"Kentucky","Bullitt County",1,58,1219,617,602
050,21,029,"Kentucky","Bullitt County",1,59,1183,590,593
050,21,029,"Kentucky","Bullitt County",1,60,1178,580,598
050,21,029,"Kentucky","Bullitt County",1,61,1148,588,560
050,21,029,"Kentucky","Bullitt County",1,62,1147,564,583
050,21,029,"Kentucky","Bullitt County",1,63,1102,529,573
050,21,029,"Kentucky","Bullitt County",1,64,1019,483,536
050,21,029,"Kentucky","Bullitt County",1,65,979,473,506
050,21,029,"Kentucky","Bullitt County",1,66,915,479,436
050,21,029,"Kentucky","Bullitt County",1,67,884,432,452
050,21,029,"Kentucky","Bullitt County",1,68,868,417,451
050,21,029,"Kentucky","Bullitt County",1,69,864,419,445
050,21,029,"Kentucky","Bullitt County",1,70,854,397,457
050,21,029,"Kentucky","Bullitt County",1,71,823,370,453
050,21,029,"Kentucky","Bullitt County",1,72,809,390,419
050,21,029,"Kentucky","Bullitt County",1,73,806,388,418
050,21,029,"Kentucky","Bullitt County",1,74,551,252,299
050,21,029,"Kentucky","Bullitt County",1,75,585,276,309
050,21,029,"Kentucky","Bullitt County",1,76,599,293,306
050,21,029,"Kentucky","Bullitt County",1,77,561,270,291
050,21,029,"Kentucky","Bullitt County",1,78,433,203,230
050,21,029,"Kentucky","Bullitt County",1,79,391,195,196
050,21,029,"Kentucky","Bullitt County",1,80,373,168,205
050,21,029,"Kentucky","Bullitt County",1,81,322,138,184
050,21,029,"Kentucky","Bullitt County",1,82,272,116,156
050,21,029,"Kentucky","Bullitt County",1,83,224,95,129
050,21,029,"Kentucky","Bullitt County",1,84,217,98,119
050,21,029,"Kentucky","Bullitt County",1,85,1075,421,654
050,21,029,"Kentucky","Bullitt County",2,0,784,406,378
050,21,029,"Kentucky","Bullitt County",2,1,808,420,388
050,21,029,"Kentucky","Bullitt County",2,2,876,447,429
050,21,029,"Kentucky","Bullitt County",2,3,888,454,434
050,21,029,"Kentucky","Bullitt County",2,4,896,461,435
050,21,029,"Kentucky","Bullitt County",2,5,922,478,444
050,21,029,"Kentucky","Bullitt County",2,6,954,511,443
050,21,029,"Kentucky","Bullitt County",2,7,937,510,427
050,21,029,"Kentucky","Bullitt County",2,8,937,502,435
050,21,029,"Kentucky","Bullitt County",2,9,973,508,465
050,21,029,"Kentucky","Bullitt County",2,10,1040,531,509
050,21,029,"Kentucky","Bullitt County",2,11,1101,560,541
050,21,029,"Kentucky","Bullitt County",2,12,1152,572,580
050,21,029,"Kentucky","Bullitt County",2,13,1135,582,553
050,21,029,"Kentucky","Bullitt County",2,14,1077,547,530
050,21,029,"Kentucky","Bullitt County",2,15,1090,561,529
050,21,029,"Kentucky","Bullitt County",2,16,1136,587,549
050,21,029,"Kentucky","Bullitt County",2,17,1161,593,568
050,21,029,"Kentucky","Bullitt County",2,18,946,513,433
050,21,029,"Kentucky","Bullitt County",2,19,748,415,333
050,21,029,"Kentucky","Bullitt County",2,20,813,438,375
050,21,029,"Kentucky","Bullitt County",2,21,873,444,429
050,21,029,"Kentucky","Bullitt County",2,22,881,434,447
050,21,029,"Kentucky","Bullitt County",2,23,911,460,451
050,21,029,"Kentucky","Bullitt County",2,24,934,468,466
050,21,029,"Kentucky","Bullitt County",2,25,983,488,495
050,21,029,"Kentucky","Bullitt County",2,26,1018,512,506
050,21,029,"Kentucky","Bullitt County",2,27,1060,547,513
050,21,029,"Kentucky","Bullitt County",2,28,1109,554,555
050,21,029,"Kentucky","Bullitt County",2,29,1141,568,573
050,21,029,"Kentucky","Bullitt County",2,30,1129,562,567
050,21,029,"Kentucky","Bullitt County",2,31,1080,533,547
050,21,029,"Kentucky","Bullitt County",2,32,1032,501,531
050,21,029,"Kentucky","Bullitt County",2,33,1043,519,524
050,21,029,"Kentucky","Bullitt County",2,34,1039,532,507
050,21,029,"Kentucky","Bullitt County",2,35,1039,522,517
050,21,029,"Kentucky","Bullitt County",2,36,1038,505,533
050,21,029,"Kentucky","Bullitt County",2,37,1078,527,551
050,21,029,"Kentucky","Bullitt County",2,38,1114,558,556
050,21,029,"Kentucky","Bullitt County",2,39,1117,571,546
050,21,029,"Kentucky","Bullitt County",2,40,1116,568,548
050,21,029,"Kentucky","Bullitt County",2,41,1113,554,559
050,21,029,"Kentucky","Bullitt County",2,42,1103,558,545
050,21,029,"Kentucky","Bullitt County",2,43,1084,539,545
050,21,029,"Kentucky","Bullitt County",2,44,1070,526,544
050,21,029,"Kentucky","Bullitt County",2,45,1119,559,560
050,21,029,"Kentucky","Bullitt County",2,46,1051,528,523
050,21,029,"Kentucky","Bullitt County",2,47,1051,522,529
050,21,029,"Kentucky","Bullitt County",2,48,1160,590,570
050,21,029,"Kentucky","Bullitt County",2,49,1249,639,610
050,21,029,"Kentucky","Bullitt County",2,50,1199,616,583
050,21,029,"Kentucky","Bullitt County",2,51,1179,610,569
050,21,029,"Kentucky","Bullitt County",2,52,1165,595,570
050,21,029,"Kentucky","Bullitt County",2,53,1143,570,573
050,21,029,"Kentucky","Bullitt County",2,54,1173,573,600
050,21,029,"Kentucky","Bullitt County",2,55,1255,619,636
050,21,029,"Kentucky","Bullitt County",2,56,1304,637,667
050,21,029,"Kentucky","Bullitt County",2,57,1268,627,641
050,21,029,"Kentucky","Bullitt County",2,58,1221,616,605
050,21,029,"Kentucky","Bullitt County",2,59,1198,598,600
050,21,029,"Kentucky","Bullitt County",2,60,1171,579,592
050,21,029,"Kentucky","Bullitt County",2,61,1152,585,567
050,21,029,"Kentucky","Bullitt County",2,62,1144,568,576
050,21,029,"Kentucky","Bullitt County",2,63,1119,539,580
050,21,029,"Kentucky","Bullitt County",2,64,1027,488,539
050,21,029,"Kentucky","Bullitt County",2,65,984,474,510
050,21,029,"Kentucky","Bullitt County",2,66,927,476,451
050,21,029,"Kentucky","Bullitt County",2,67,886,439,447
050,21,029,"Kentucky","Bullitt County",2,68,868,421,447
050,21,029,"Kentucky","Bullitt County",2,69,869,419,450
050,21,029,"Kentucky","Bullitt County",2,70,852,399,453
050,21,029,"Kentucky","Bullitt County",2,71,835,379,456
050,21,029,"Kentucky","Bullitt County",2,72,798,377,421
050,21,029,"Kentucky","Bullitt County",2,73,842,404,438
050,21,029,"Kentucky","Bullitt County",2,74,571,265,306
050,21,029,"Kentucky","Bullitt County",2,75,574,267,307
050,21,029,"Kentucky","Bullitt County",2,76,587,284,303
050,21,029,"Kentucky","Bullitt County",2,77,587,283,304
050,21,029,"Kentucky","Bullitt County",2,78,447,212,235
050,21,029,"Kentucky","Bullitt County",2,79,394,191,203
050,21,029,"Kentucky","Bullitt County",2,80,373,174,199
050,21,029,"Kentucky","Bullitt County",2,81,327,142,185
050,21,029,"Kentucky","Bullitt County",2,82,278,118,160
050,21,029,"Kentucky","Bullitt County",2,83,227,97,130
050,21,029,"Kentucky","Bullitt County",2,84,217,96,121
050,21,029,"Kentucky","Bullitt County",2,85,1096,436,660
050,21,029,"Kentucky","Bullitt County",3,0,779,391,388
050,21,029,"Kentucky","Bullitt County",3,1,825,422,403
050,21,029,"Kentucky","Bullitt County",3,2,846,443,403
050,21,029,"Kentucky","Bullitt County",3,3,897,450,447
050,21,029,"Kentucky","Bullitt County",3,4,919,468,451
050,21,029,"Kentucky","Bullitt County",3,5,929,472,457
050,21,029,"Kentucky","Bullitt County",3,6,943,486,457
050,21,029,"Kentucky","Bullitt County",3,7,973,504,469
050,21,029,"Kentucky","Bullitt County",3,8,952,503,449
050,21,029,"Kentucky","Bullitt County",3,9,937,516,421
050,21,029,"Kentucky","Bullitt County",3,10,982,511,471
050,21,029,"Kentucky","Bullitt County",3,11,1034,519,515
050,21,029,"Kentucky","Bullitt County",3,12,1111,573,538
050,21,029,"Kentucky","Bullitt County",3,13,1161,579,582
050,21,029,"Kentucky","Bullitt County",3,14,1148,592,556
050,21,029,"Kentucky","Bullitt County",3,15,1096,555,541
050,21,029,"Kentucky","Bullitt County",3,16,1091,563,528
050,21,029,"Kentucky","Bullitt County",3,17,1119,581,538
050,21,029,"Kentucky","Bullitt County",3,18,973,514,459
050,21,029,"Kentucky","Bullitt County",3,19,736,389,347
050,21,029,"Kentucky","Bullitt County",3,20,828,452,376
050,21,029,"Kentucky","Bullitt County",3,21,854,451,403
050,21,029,"Kentucky","Bullitt County",3,22,918,464,454
050,21,029,"Kentucky","Bullitt County",3,23,924,451,473
050,21,029,"Kentucky","Bullitt County",3,24,917,476,441
050,21,029,"Kentucky","Bullitt County",3,25,966,483,483
050,21,029,"Kentucky","Bullitt County",3,26,972,476,496
050,21,029,"Kentucky","Bullitt County",3,27,1059,531,528
050,21,029,"Kentucky","Bullitt County",3,28,1077,541,536
050,21,029,"Kentucky","Bullitt County",3,29,1140,587,553
050,21,029,"Kentucky","Bullitt County",3,30,1158,586,572
050,21,029,"Kentucky","Bullitt County",3,31,1168,579,589
050,21,029,"Kentucky","Bullitt County",3,32,1102,542,560
050,21,029,"Kentucky","Bullitt County",3,33,1031,500,531
050,21,029,"Kentucky","Bullitt County",3,34,1059,523,536
050,21,029,"Kentucky","Bullitt County",3,35,1059,548,511
050,21,029,"Kentucky","Bullitt County",3,36,1064,536,528
050,21,029,"Kentucky","Bullitt County",3,37,1039,502,537
050,21,029,"Kentucky","Bullitt County",3,38,1082,522,560
050,21,029,"Kentucky","Bullitt County",3,39,1133,564,569
050,21,029,"Kentucky","Bullitt County",3,40,1126,581,545
050,21,029,"Kentucky","Bullitt County",3,41,1117,566,551
050,21,029,"Kentucky","Bullitt County",3,42,1137,563,574
050,21,029,"Kentucky","Bullitt County",3,43,1086,554,532
050,21,029,"Kentucky","Bullitt County",3,44,1089,549,540
050,21,029,"Kentucky","Bullitt County",3,45,1103,533,570
050,21,029,"Kentucky","Bullitt County",3,46,1109,548,561
050,21,029,"Kentucky","Bullitt County",3,47,1059,526,533
050,21,029,"Kentucky","Bullitt County",3,48,1060,539,521
050,21,029,"Kentucky","Bullitt County",3,49,1161,577,584
050,21,029,"Kentucky","Bullitt County",3,50,1253,644,609
050,21,029,"Kentucky","Bullitt County",3,51,1226,616,610
050,21,029,"Kentucky","Bullitt County",3,52,1181,609,572
050,21,029,"Kentucky","Bullitt County",3,53,1178,600,578
050,21,029,"Kentucky","Bullitt County",3,54,1154,575,579
050,21,029,"Kentucky","Bullitt County",3,55,1176,579,597
050,21,029,"Kentucky","Bullitt County",3,56,1270,618,652
050,21,029,"Kentucky","Bullitt County",3,57,1292,630,662
050,21,029,"Kentucky","Bullitt County",3,58,1289,635,654
050,21,029,"Kentucky","Bullitt County",3,59,1201,610,591
050,21,029,"Kentucky","Bullitt County",3,60,1188,600,588
050,21,029,"Kentucky","Bullitt County",3,61,1180,580,600
050,21,029,"Kentucky","Bullitt County",3,62,1135,571,564
050,21,029,"Kentucky","Bullitt County",3,63,1135,559,576
050,21,029,"Kentucky","Bullitt County",3,64,1110,530,580
050,21,029,"Kentucky","Bullitt County",3,65,1022,485,537
050,21,029,"Kentucky","Bullitt County",3,66,982,472,510
050,21,029,"Kentucky","Bullitt County",3,67,916,468,448
050,21,029,"Kentucky","Bullitt County",3,68,884,433,451
050,21,029,"Kentucky","Bullitt County",3,69,845,412,433
050,21,029,"Kentucky","Bullitt County",3,70,862,411,451
050,21,029,"Kentucky","Bullitt County",3,71,833,385,448
050,21,029,"Kentucky","Bullitt County",3,72,817,374,443
050,21,029,"Kentucky","Bullitt County",3,73,768,364,404
050,21,029,"Kentucky","Bullitt County",3,74,827,395,432
050,21,029,"Kentucky","Bullitt County",3,75,564,260,304
050,21,029,"Kentucky","Bullitt County",3,76,544,247,297
050,21,029,"Kentucky","Bullitt County",3,77,560,269,291
050,21,029,"Kentucky","Bullitt County",3,78,559,268,291
050,21,029,"Kentucky","Bullitt County",3,79,426,208,218
050,21,029,"Kentucky","Bullitt County",3,80,361,176,185
050,21,029,"Kentucky","Bullitt County",3,81,350,158,192
050,21,029,"Kentucky","Bullitt County",3,82,314,130,184
050,21,029,"Kentucky","Bullitt County",3,83,257,112,145
050,21,029,"Kentucky","Bullitt County",3,84,207,86,121
050,21,029,"Kentucky","Bullitt County",3,85,1159,463,696
050,21,029,"Kentucky","Bullitt County",4,0,756,382,374
050,21,029,"Kentucky","Bullitt County",4,1,824,404,420
050,21,029,"Kentucky","Bullitt County",4,2,834,438,396
050,21,029,"Kentucky","Bullitt County",4,3,875,458,417
050,21,029,"Kentucky","Bullitt County",4,4,912,465,447
050,21,029,"Kentucky","Bullitt County",4,5,935,484,451
050,21,029,"Kentucky","Bullitt County",4,6,955,488,467
050,21,029,"Kentucky","Bullitt County",4,7,975,511,464
050,21,029,"Kentucky","Bullitt County",4,8,994,517,477
050,21,029,"Kentucky","Bullitt County",4,9,968,503,465
050,21,029,"Kentucky","Bullitt County",4,10,1000,532,468
050,21,029,"Kentucky","Bullitt County",4,11,1009,525,484
050,21,029,"Kentucky","Bullitt County",4,12,1062,549,513
050,21,029,"Kentucky","Bullitt County",4,13,1107,566,541
050,21,029,"Kentucky","Bullitt County",4,14,1164,577,587
050,21,029,"Kentucky","Bullitt County",4,15,1165,604,561
050,21,029,"Kentucky","Bullitt County",4,16,1106,570,536
050,21,029,"Kentucky","Bullitt County",4,17,1102,579,523
050,21,029,"Kentucky","Bullitt County",4,18,935,504,431
050,21,029,"Kentucky","Bullitt County",4,19,721,384,337
050,21,029,"Kentucky","Bullitt County",4,20,810,427,383
050,21,029,"Kentucky","Bullitt County",4,21,866,465,401
050,21,029,"Kentucky","Bullitt County",4,22,910,483,427
050,21,029,"Kentucky","Bullitt County",4,23,958,479,479
050,21,029,"Kentucky","Bullitt County",4,24,921,460,461
050,21,029,"Kentucky","Bullitt County",4,25,922,472,450
050,21,029,"Kentucky","Bullitt County",4,26,958,480,478
050,21,029,"Kentucky","Bullitt County",4,27,1020,511,509
050,21,029,"Kentucky","Bullitt County",4,28,1054,522,532
050,21,029,"Kentucky","Bullitt County",4,29,1081,553,528
050,21,029,"Kentucky","Bullitt County",4,30,1150,576,574
050,21,029,"Kentucky","Bullitt County",4,31,1201,596,605
050,21,029,"Kentucky","Bullitt County",4,32,1200,611,589
050,21,029,"Kentucky","Bullitt County",4,33,1117,555,562
050,21,029,"Kentucky","Bullitt County",4,34,1052,515,537
050,21,029,"Kentucky","Bullitt County",4,35,1089,531,558
050,21,029,"Kentucky","Bullitt County",4,36,1085,562,523
050,21,029,"Kentucky","Bullitt County",4,37,1117,566,551
050,21,029,"Kentucky","Bullitt County",4,38,1060,525,535
050,21,029,"Kentucky","Bullitt County",4,39,1105,544,561
050,21,029,"Kentucky","Bullitt County",4,40,1160,588,572
050,21,029,"Kentucky","Bullitt County",4,41,1117,576,541
050,21,029,"Kentucky","Bullitt County",4,42,1139,578,561
050,21,029,"Kentucky","Bullitt County",4,43,1137,565,572
050,21,029,"Kentucky","Bullitt County",4,44,1096,553,543
050,21,029,"Kentucky","Bullitt County",4,45,1091,542,549
050,21,029,"Kentucky","Bullitt County",4,46,1113,535,578
050,21,029,"Kentucky","Bullitt County",4,47,1111,552,559
050,21,029,"Kentucky","Bullitt County",4,48,1051,517,534
050,21,029,"Kentucky","Bullitt County",4,49,1084,554,530
050,21,029,"Kentucky","Bullitt County",4,50,1165,585,580
050,21,029,"Kentucky","Bullitt County",4,51,1265,652,613
050,21,029,"Kentucky","Bullitt County",4,52,1226,618,608
050,21,029,"Kentucky","Bullitt County",4,53,1193,610,583
050,21,029,"Kentucky","Bullitt County",4,54,1195,616,579
050,21,029,"Kentucky","Bullitt County",4,55,1142,566,576
050,21,029,"Kentucky","Bullitt County",4,56,1202,598,604
050,21,029,"Kentucky","Bullitt County",4,57,1278,611,667
050,21,029,"Kentucky","Bullitt County",4,58,1289,628,661
050,21,029,"Kentucky","Bullitt County",4,59,1274,630,644
050,21,029,"Kentucky","Bullitt County",4,60,1200,608,592
050,21,029,"Kentucky","Bullitt County",4,61,1186,592,594
050,21,029,"Kentucky","Bullitt County",4,62,1158,579,579
050,21,029,"Kentucky","Bullitt County",4,63,1110,551,559
050,21,029,"Kentucky","Bullitt County",4,64,1111,538,573
050,21,029,"Kentucky","Bullitt County",4,65,1106,527,579
050,21,029,"Kentucky","Bullitt County",4,66,1015,480,535
050,21,029,"Kentucky","Bullitt County",4,67,971,474,497
050,21,029,"Kentucky","Bullitt County",4,68,906,457,449
050,21,029,"Kentucky","Bullitt County",4,69,876,428,448
050,21,029,"Kentucky","Bullitt County",4,70,832,400,432
050,21,029,"Kentucky","Bullitt County",4,71,846,393,453
050,21,029,"Kentucky","Bullitt County",4,72,805,373,432
050,21,029,"Kentucky","Bullitt County",4,73,790,364,426
050,21,029,"Kentucky","Bullitt County",4,74,738,348,390
050,21,029,"Kentucky","Bullitt County",4,75,802,387,415
050,21,029,"Kentucky","Bullitt County",4,76,545,255,290
050,21,029,"Kentucky","Bullitt County",4,77,524,234,290
050,21,029,"Kentucky","Bullitt County",4,78,549,256,293
050,21,029,"Kentucky","Bullitt County",4,79,531,254,277
050,21,029,"Kentucky","Bullitt County",4,80,381,181,200
050,21,029,"Kentucky","Bullitt County",4,81,333,155,178
050,21,029,"Kentucky","Bullitt County",4,82,323,145,178
050,21,029,"Kentucky","Bullitt County",4,83,283,121,162
050,21,029,"Kentucky","Bullitt County",4,84,240,103,137
050,21,029,"Kentucky","Bullitt County",4,85,1210,481,729
050,21,029,"Kentucky","Bullitt County",5,0,759,386,373
050,21,029,"Kentucky","Bullitt County",5,1,810,416,394
050,21,029,"Kentucky","Bullitt County",5,2,863,430,433
050,21,029,"Kentucky","Bullitt County",5,3,854,442,412
050,21,029,"Kentucky","Bullitt County",5,4,907,486,421
050,21,029,"Kentucky","Bullitt County",5,5,941,481,460
050,21,029,"Kentucky","Bullitt County",5,6,973,523,450
050,21,029,"Kentucky","Bullitt County",5,7,997,505,492
050,21,029,"Kentucky","Bullitt County",5,8,1010,533,477
050,21,029,"Kentucky","Bullitt County",5,9,1014,532,482
050,21,029,"Kentucky","Bullitt County",5,10,965,489,476
050,21,029,"Kentucky","Bullitt County",5,11,1015,550,465
050,21,029,"Kentucky","Bullitt County",5,12,1017,513,504
050,21,029,"Kentucky","Bullitt County",5,13,1070,547,523
050,21,029,"Kentucky","Bullitt County",5,14,1111,569,542
050,21,029,"Kentucky","Bullitt County",5,15,1188,592,596
050,21,029,"Kentucky","Bullitt County",5,16,1191,623,568
050,21,029,"Kentucky","Bullitt County",5,17,1127,589,538
050,21,029,"Kentucky","Bullitt County",5,18,931,509,422
050,21,029,"Kentucky","Bullitt County",5,19,720,391,329
050,21,029,"Kentucky","Bullitt County",5,20,810,412,398
050,21,029,"Kentucky","Bullitt County",5,21,870,453,417
050,21,029,"Kentucky","Bullitt County",5,22,935,495,440
050,21,029,"Kentucky","Bullitt County",5,23,977,507,470
050,21,029,"Kentucky","Bullitt County",5,24,974,484,490
050,21,029,"Kentucky","Bullitt County",5,25,958,486,472
050,21,029,"Kentucky","Bullitt County",5,26,952,487,465
050,21,029,"Kentucky","Bullitt County",5,27,993,501,492
050,21,029,"Kentucky","Bullitt County",5,28,1066,546,520
050,21,029,"Kentucky","Bullitt County",5,29,1105,552,553
050,21,029,"Kentucky","Bullitt County",5,30,1059,537,522
050,21,029,"Kentucky","Bullitt County",5,31,1164,595,569
050,21,029,"Kentucky","Bullitt County",5,32,1204,603,601
050,21,029,"Kentucky","Bullitt County",5,33,1219,607,612
050,21,029,"Kentucky","Bullitt County",5,34,1132,553,579
050,21,029,"Kentucky","Bullitt County",5,35,1059,503,556
050,21,029,"Kentucky","Bullitt County",5,36,1121,560,561
050,21,029,"Kentucky","Bullitt County",5,37,1139,589,550
050,21,029,"Kentucky","Bullitt County",5,38,1147,587,560
050,21,029,"Kentucky","Bullitt County",5,39,1086,539,547
050,21,029,"Kentucky","Bullitt County",5,40,1139,548,591
050,21,029,"Kentucky","Bullitt County",5,41,1191,604,587
050,21,029,"Kentucky","Bullitt County",5,42,1116,571,545
050,21,029,"Kentucky","Bullitt County",5,43,1139,580,559
050,21,029,"Kentucky","Bullitt County",5,44,1150,568,582
050,21,029,"Kentucky","Bullitt County",5,45,1096,549,547
050,21,029,"Kentucky","Bullitt County",5,46,1111,550,561
050,21,029,"Kentucky","Bullitt County",5,47,1114,548,566
050,21,029,"Kentucky","Bullitt County",5,48,1127,568,559
050,21,029,"Kentucky","Bullitt County",5,49,1072,541,531
050,21,029,"Kentucky","Bullitt County",5,50,1080,555,525
050,21,029,"Kentucky","Bullitt County",5,51,1164,585,579
050,21,029,"Kentucky","Bullitt County",5,52,1252,643,609
050,21,029,"Kentucky","Bullitt County",5,53,1235,635,600
050,21,029,"Kentucky","Bullitt County",5,54,1207,618,589
050,21,029,"Kentucky","Bullitt County",5,55,1203,621,582
050,21,029,"Kentucky","Bullitt County",5,56,1138,567,571
050,21,029,"Kentucky","Bullitt County",5,57,1186,588,598
050,21,029,"Kentucky","Bullitt County",5,58,1273,616,657
050,21,029,"Kentucky","Bullitt County",5,59,1302,627,675
050,21,029,"Kentucky","Bullitt County",5,60,1269,625,644
050,21,029,"Kentucky","Bullitt County",5,61,1187,598,589
050,21,029,"Kentucky","Bullitt County",5,62,1166,581,585
050,21,029,"Kentucky","Bullitt County",5,63,1137,569,568
050,21,029,"Kentucky","Bullitt County",5,64,1122,549,573
050,21,029,"Kentucky","Bullitt County",5,65,1107,533,574
050,21,029,"Kentucky","Bullitt County",5,66,1084,521,563
050,21,029,"Kentucky","Bullitt County",5,67,1026,479,547
050,21,029,"Kentucky","Bullitt County",5,68,964,469,495
050,21,029,"Kentucky","Bullitt County",5,69,911,457,454
050,21,029,"Kentucky","Bullitt County",5,70,878,423,455
050,21,029,"Kentucky","Bullitt County",5,71,808,385,423
050,21,029,"Kentucky","Bullitt County",5,72,824,382,442
050,21,029,"Kentucky","Bullitt County",5,73,787,355,432
050,21,029,"Kentucky","Bullitt County",5,74,772,357,415
050,21,029,"Kentucky","Bullitt County",5,75,727,349,378
050,21,029,"Kentucky","Bullitt County",5,76,785,380,405
050,21,029,"Kentucky","Bullitt County",5,77,527,249,278
050,21,029,"Kentucky","Bullitt County",5,78,512,234,278
050,21,029,"Kentucky","Bullitt County",5,79,519,245,274
050,21,029,"Kentucky","Bullitt County",5,80,485,228,257
050,21,029,"Kentucky","Bullitt County",5,81,365,165,200
050,21,029,"Kentucky","Bullitt County",5,82,315,147,168
050,21,029,"Kentucky","Bullitt County",5,83,297,136,161
050,21,029,"Kentucky","Bullitt County",5,84,263,107,156
050,21,029,"Kentucky","Bullitt County",5,85,1298,528,770
050,21,031,"Kentucky","Butler County",1,0,153,78,75
050,21,031,"Kentucky","Butler County",1,1,158,70,88
050,21,031,"Kentucky","Butler County",1,2,148,81,67
050,21,031,"Kentucky","Butler County",1,3,167,90,77
050,21,031,"Kentucky","Butler County",1,4,151,80,71
050,21,031,"Kentucky","Butler County",1,5,155,83,72
050,21,031,"Kentucky","Butler County",1,6,169,96,73
050,21,031,"Kentucky","Butler County",1,7,149,69,80
050,21,031,"Kentucky","Butler County",1,8,152,74,78
050,21,031,"Kentucky","Butler County",1,9,164,86,78
050,21,031,"Kentucky","Butler County",1,10,163,88,75
050,21,031,"Kentucky","Butler County",1,11,160,83,77
050,21,031,"Kentucky","Butler County",1,12,163,84,79
050,21,031,"Kentucky","Butler County",1,13,155,89,66
050,21,031,"Kentucky","Butler County",1,14,153,73,80
050,21,031,"Kentucky","Butler County",1,15,163,86,77
050,21,031,"Kentucky","Butler County",1,16,167,89,78
050,21,031,"Kentucky","Butler County",1,17,166,85,81
050,21,031,"Kentucky","Butler County",1,18,130,71,59
050,21,031,"Kentucky","Butler County",1,19,104,58,46
050,21,031,"Kentucky","Butler County",1,20,108,56,52
050,21,031,"Kentucky","Butler County",1,21,113,55,58
050,21,031,"Kentucky","Butler County",1,22,122,66,56
050,21,031,"Kentucky","Butler County",1,23,141,70,71
050,21,031,"Kentucky","Butler County",1,24,131,63,68
050,21,031,"Kentucky","Butler County",1,25,122,61,61
050,21,031,"Kentucky","Butler County",1,26,139,68,71
050,21,031,"Kentucky","Butler County",1,27,140,60,80
050,21,031,"Kentucky","Butler County",1,28,139,76,63
050,21,031,"Kentucky","Butler County",1,29,149,87,62
050,21,031,"Kentucky","Butler County",1,30,149,72,77
050,21,031,"Kentucky","Butler County",1,31,150,80,70
050,21,031,"Kentucky","Butler County",1,32,156,79,77
050,21,031,"Kentucky","Butler County",1,33,140,64,76
050,21,031,"Kentucky","Butler County",1,34,170,82,88
050,21,031,"Kentucky","Butler County",1,35,153,67,86
050,21,031,"Kentucky","Butler County",1,36,152,79,73
050,21,031,"Kentucky","Butler County",1,37,159,87,72
050,21,031,"Kentucky","Butler County",1,38,173,84,89
050,21,031,"Kentucky","Butler County",1,39,174,94,80
050,21,031,"Kentucky","Butler County",1,40,156,82,74
050,21,031,"Kentucky","Butler County",1,41,151,81,70
050,21,031,"Kentucky","Butler County",1,42,153,84,69
050,21,031,"Kentucky","Butler County",1,43,167,91,76
050,21,031,"Kentucky","Butler County",1,44,168,90,78
050,21,031,"Kentucky","Butler County",1,45,145,77,68
050,21,031,"Kentucky","Butler County",1,46,138,74,64
050,21,031,"Kentucky","Butler County",1,47,146,80,66
050,21,031,"Kentucky","Butler County",1,48,178,98,80
050,21,031,"Kentucky","Butler County",1,49,171,86,85
050,21,031,"Kentucky","Butler County",1,50,149,78,71
050,21,031,"Kentucky","Butler County",1,51,153,84,69
050,21,031,"Kentucky","Butler County",1,52,148,68,80
050,21,031,"Kentucky","Butler County",1,53,157,72,85
050,21,031,"Kentucky","Butler County",1,54,161,84,77
050,21,031,"Kentucky","Butler County",1,55,161,74,87
050,21,031,"Kentucky","Butler County",1,56,197,97,100
050,21,031,"Kentucky","Butler County",1,57,207,102,105
050,21,031,"Kentucky","Butler County",1,58,192,101,91
050,21,031,"Kentucky","Butler County",1,59,163,87,76
050,21,031,"Kentucky","Butler County",1,60,153,76,77
050,21,031,"Kentucky","Butler County",1,61,159,78,81
050,21,031,"Kentucky","Butler County",1,62,188,89,99
050,21,031,"Kentucky","Butler County",1,63,183,85,98
050,21,031,"Kentucky","Butler County",1,64,186,98,88
050,21,031,"Kentucky","Butler County",1,65,164,80,84
050,21,031,"Kentucky","Butler County",1,66,163,78,85
050,21,031,"Kentucky","Butler County",1,67,149,69,80
050,21,031,"Kentucky","Butler County",1,68,154,81,73
050,21,031,"Kentucky","Butler County",1,69,122,64,58
050,21,031,"Kentucky","Butler County",1,70,124,63,61
050,21,031,"Kentucky","Butler County",1,71,125,62,63
050,21,031,"Kentucky","Butler County",1,72,120,65,55
050,21,031,"Kentucky","Butler County",1,73,125,63,62
050,21,031,"Kentucky","Butler County",1,74,95,47,48
050,21,031,"Kentucky","Butler County",1,75,93,47,46
050,21,031,"Kentucky","Butler County",1,76,106,50,56
050,21,031,"Kentucky","Butler County",1,77,103,47,56
050,21,031,"Kentucky","Butler County",1,78,79,41,38
050,21,031,"Kentucky","Butler County",1,79,79,38,41
050,21,031,"Kentucky","Butler County",1,80,60,28,32
050,21,031,"Kentucky","Butler County",1,81,61,27,34
050,21,031,"Kentucky","Butler County",1,82,53,19,34
050,21,031,"Kentucky","Butler County",1,83,41,19,22
050,21,031,"Kentucky","Butler County",1,84,38,16,22
050,21,031,"Kentucky","Butler County",1,85,215,75,140
050,21,031,"Kentucky","Butler County",2,0,147,74,73
050,21,031,"Kentucky","Butler County",2,1,155,71,84
050,21,031,"Kentucky","Butler County",2,2,148,78,70
050,21,031,"Kentucky","Butler County",2,3,162,89,73
050,21,031,"Kentucky","Butler County",2,4,155,83,72
050,21,031,"Kentucky","Butler County",2,5,154,82,72
050,21,031,"Kentucky","Butler County",2,6,164,93,71
050,21,031,"Kentucky","Butler County",2,7,153,76,77
050,21,031,"Kentucky","Butler County",2,8,149,73,76
050,21,031,"Kentucky","Butler County",2,9,160,82,78
050,21,031,"Kentucky","Butler County",2,10,161,85,76
050,21,031,"Kentucky","Butler County",2,11,160,82,78
050,21,031,"Kentucky","Butler County",2,12,162,84,78
050,21,031,"Kentucky","Butler County",2,13,155,86,69
050,21,031,"Kentucky","Butler County",2,14,154,77,77
050,21,031,"Kentucky","Butler County",2,15,159,82,77
050,21,031,"Kentucky","Butler County",2,16,166,88,78
050,21,031,"Kentucky","Butler County",2,17,165,85,80
050,21,031,"Kentucky","Butler County",2,18,132,71,61
050,21,031,"Kentucky","Butler County",2,19,104,57,47
050,21,031,"Kentucky","Butler County",2,20,110,57,53
050,21,031,"Kentucky","Butler County",2,21,112,56,56
050,21,031,"Kentucky","Butler County",2,22,122,65,57
050,21,031,"Kentucky","Butler County",2,23,137,69,68
050,21,031,"Kentucky","Butler County",2,24,132,63,69
050,21,031,"Kentucky","Butler County",2,25,125,63,62
050,21,031,"Kentucky","Butler County",2,26,137,67,70
050,21,031,"Kentucky","Butler County",2,27,138,62,76
050,21,031,"Kentucky","Butler County",2,28,139,72,67
050,21,031,"Kentucky","Butler County",2,29,145,83,62
050,21,031,"Kentucky","Butler County",2,30,149,75,74
050,21,031,"Kentucky","Butler County",2,31,151,79,72
050,21,031,"Kentucky","Butler County",2,32,155,79,76
050,21,031,"Kentucky","Butler County",2,33,143,68,75
050,21,031,"Kentucky","Butler County",2,34,162,77,85
050,21,031,"Kentucky","Butler County",2,35,158,71,87
050,21,031,"Kentucky","Butler County",2,36,152,76,76
050,21,031,"Kentucky","Butler County",2,37,156,83,73
050,21,031,"Kentucky","Butler County",2,38,168,84,84
050,21,031,"Kentucky","Butler County",2,39,173,91,82
050,21,031,"Kentucky","Butler County",2,40,162,86,76
050,21,031,"Kentucky","Butler County",2,41,152,82,70
050,21,031,"Kentucky","Butler County",2,42,152,83,69
050,21,031,"Kentucky","Butler County",2,43,165,90,75
050,21,031,"Kentucky","Butler County",2,44,167,90,77
050,21,031,"Kentucky","Butler County",2,45,151,81,70
050,21,031,"Kentucky","Butler County",2,46,138,73,65
050,21,031,"Kentucky","Butler County",2,47,142,78,64
050,21,031,"Kentucky","Butler County",2,48,170,93,77
050,21,031,"Kentucky","Butler County",2,49,172,89,83
050,21,031,"Kentucky","Butler County",2,50,154,79,75
050,21,031,"Kentucky","Butler County",2,51,150,81,69
050,21,031,"Kentucky","Butler County",2,52,149,72,77
050,21,031,"Kentucky","Butler County",2,53,155,72,83
050,21,031,"Kentucky","Butler County",2,54,160,81,79
050,21,031,"Kentucky","Butler County",2,55,158,75,83
050,21,031,"Kentucky","Butler County",2,56,187,91,96
050,21,031,"Kentucky","Butler County",2,57,208,102,106
050,21,031,"Kentucky","Butler County",2,58,195,101,94
050,21,031,"Kentucky","Butler County",2,59,170,90,80
050,21,031,"Kentucky","Butler County",2,60,154,78,76
050,21,031,"Kentucky","Butler County",2,61,155,76,79
050,21,031,"Kentucky","Butler County",2,62,180,85,95
050,21,031,"Kentucky","Butler County",2,63,185,86,99
050,21,031,"Kentucky","Butler County",2,64,184,95,89
050,21,031,"Kentucky","Butler County",2,65,169,84,85
050,21,031,"Kentucky","Butler County",2,66,163,79,84
050,21,031,"Kentucky","Butler County",2,67,151,71,80
050,21,031,"Kentucky","Butler County",2,68,152,78,74
050,21,031,"Kentucky","Butler County",2,69,130,68,62
050,21,031,"Kentucky","Butler County",2,70,123,64,59
050,21,031,"Kentucky","Butler County",2,71,124,62,62
050,21,031,"Kentucky","Butler County",2,72,119,64,55
050,21,031,"Kentucky","Butler County",2,73,129,66,63
050,21,031,"Kentucky","Butler County",2,74,95,47,48
050,21,031,"Kentucky","Butler County",2,75,94,47,47
050,21,031,"Kentucky","Butler County",2,76,100,47,53
050,21,031,"Kentucky","Butler County",2,77,104,47,57
050,21,031,"Kentucky","Butler County",2,78,82,42,40
050,21,031,"Kentucky","Butler County",2,79,77,38,39
050,21,031,"Kentucky","Butler County",2,80,62,30,32
050,21,031,"Kentucky","Butler County",2,81,58,24,34
050,21,031,"Kentucky","Butler County",2,82,53,21,32
050,21,031,"Kentucky","Butler County",2,83,39,17,22
050,21,031,"Kentucky","Butler County",2,84,38,17,21
050,21,031,"Kentucky","Butler County",2,85,210,70,140
050,21,031,"Kentucky","Butler County",3,0,151,84,67
050,21,031,"Kentucky","Butler County",3,1,142,71,71
050,21,031,"Kentucky","Butler County",3,2,162,79,83
050,21,031,"Kentucky","Butler County",3,3,148,77,71
050,21,031,"Kentucky","Butler County",3,4,162,91,71
050,21,031,"Kentucky","Butler County",3,5,152,78,74
050,21,031,"Kentucky","Butler County",3,6,155,83,72
050,21,031,"Kentucky","Butler County",3,7,165,95,70
050,21,031,"Kentucky","Butler County",3,8,159,79,80
050,21,031,"Kentucky","Butler County",3,9,147,72,75
050,21,031,"Kentucky","Butler County",3,10,165,88,77
050,21,031,"Kentucky","Butler County",3,11,165,91,74
050,21,031,"Kentucky","Butler County",3,12,161,84,77
050,21,031,"Kentucky","Butler County",3,13,158,84,74
050,21,031,"Kentucky","Butler County",3,14,170,93,77
050,21,031,"Kentucky","Butler County",3,15,152,82,70
050,21,031,"Kentucky","Butler County",3,16,158,81,77
050,21,031,"Kentucky","Butler County",3,17,174,96,78
050,21,031,"Kentucky","Butler County",3,18,139,73,66
050,21,031,"Kentucky","Butler County",3,19,99,55,44
050,21,031,"Kentucky","Butler County",3,20,115,65,50
050,21,031,"Kentucky","Butler County",3,21,104,51,53
050,21,031,"Kentucky","Butler County",3,22,123,63,60
050,21,031,"Kentucky","Butler County",3,23,125,66,59
050,21,031,"Kentucky","Butler County",3,24,143,67,76
050,21,031,"Kentucky","Butler County",3,25,133,61,72
050,21,031,"Kentucky","Butler County",3,26,142,78,64
050,21,031,"Kentucky","Butler County",3,27,138,65,73
050,21,031,"Kentucky","Butler County",3,28,129,60,69
050,21,031,"Kentucky","Butler County",3,29,135,70,65
050,21,031,"Kentucky","Butler County",3,30,143,85,58
050,21,031,"Kentucky","Butler County",3,31,154,77,77
050,21,031,"Kentucky","Butler County",3,32,152,77,75
050,21,031,"Kentucky","Butler County",3,33,149,74,75
050,21,031,"Kentucky","Butler County",3,34,143,75,68
050,21,031,"Kentucky","Butler County",3,35,170,80,90
050,21,031,"Kentucky","Butler County",3,36,155,76,79
050,21,031,"Kentucky","Butler County",3,37,154,72,82
050,21,031,"Kentucky","Butler County",3,38,156,82,74
050,21,031,"Kentucky","Butler County",3,39,172,84,88
050,21,031,"Kentucky","Butler County",3,40,173,92,81
050,21,031,"Kentucky","Butler County",3,41,165,87,78
050,21,031,"Kentucky","Butler County",3,42,146,79,67
050,21,031,"Kentucky","Butler County",3,43,152,85,67
050,21,031,"Kentucky","Butler County",3,44,166,92,74
050,21,031,"Kentucky","Butler County",3,45,163,90,73
050,21,031,"Kentucky","Butler County",3,46,143,77,66
050,21,031,"Kentucky","Butler County",3,47,140,69,71
050,21,031,"Kentucky","Butler County",3,48,136,75,61
050,21,031,"Kentucky","Butler County",3,49,170,93,77
050,21,031,"Kentucky","Butler County",3,50,165,86,79
050,21,031,"Kentucky","Butler County",3,51,158,81,77
050,21,031,"Kentucky","Butler County",3,52,149,82,67
050,21,031,"Kentucky","Butler County",3,53,152,71,81
050,21,031,"Kentucky","Butler County",3,54,154,70,84
050,21,031,"Kentucky","Butler County",3,55,154,76,78
050,21,031,"Kentucky","Butler County",3,56,159,73,86
050,21,031,"Kentucky","Butler County",3,57,187,91,96
050,21,031,"Kentucky","Butler County",3,58,205,101,104
050,21,031,"Kentucky","Butler County",3,59,194,99,95
050,21,031,"Kentucky","Butler County",3,60,172,91,81
050,21,031,"Kentucky","Butler County",3,61,148,74,74
050,21,031,"Kentucky","Butler County",3,62,148,70,78
050,21,031,"Kentucky","Butler County",3,63,177,84,93
050,21,031,"Kentucky","Butler County",3,64,177,84,93
050,21,031,"Kentucky","Butler County",3,65,180,93,87
050,21,031,"Kentucky","Butler County",3,66,170,84,86
050,21,031,"Kentucky","Butler County",3,67,160,75,85
050,21,031,"Kentucky","Butler County",3,68,146,67,79
050,21,031,"Kentucky","Butler County",3,69,147,74,73
050,21,031,"Kentucky","Butler County",3,70,131,70,61
050,21,031,"Kentucky","Butler County",3,71,121,60,61
050,21,031,"Kentucky","Butler County",3,72,116,58,58
050,21,031,"Kentucky","Butler County",3,73,104,55,49
050,21,031,"Kentucky","Butler County",3,74,122,64,58
050,21,031,"Kentucky","Butler County",3,75,91,44,47
050,21,031,"Kentucky","Butler County",3,76,95,46,49
050,21,031,"Kentucky","Butler County",3,77,95,45,50
050,21,031,"Kentucky","Butler County",3,78,95,44,51
050,21,031,"Kentucky","Butler County",3,79,83,37,46
050,21,031,"Kentucky","Butler County",3,80,71,34,37
050,21,031,"Kentucky","Butler County",3,81,56,26,30
050,21,031,"Kentucky","Butler County",3,82,54,24,30
050,21,031,"Kentucky","Butler County",3,83,41,14,27
050,21,031,"Kentucky","Butler County",3,84,43,18,25
050,21,031,"Kentucky","Butler County",3,85,209,74,135
050,21,031,"Kentucky","Butler County",4,0,147,79,68
050,21,031,"Kentucky","Butler County",4,1,156,88,68
050,21,031,"Kentucky","Butler County",4,2,145,72,73
050,21,031,"Kentucky","Butler County",4,3,168,83,85
050,21,031,"Kentucky","Butler County",4,4,156,77,79
050,21,031,"Kentucky","Butler County",4,5,164,95,69
050,21,031,"Kentucky","Butler County",4,6,154,80,74
050,21,031,"Kentucky","Butler County",4,7,154,82,72
050,21,031,"Kentucky","Butler County",4,8,173,97,76
050,21,031,"Kentucky","Butler County",4,9,157,79,78
050,21,031,"Kentucky","Butler County",4,10,145,70,75
050,21,031,"Kentucky","Butler County",4,11,166,89,77
050,21,031,"Kentucky","Butler County",4,12,171,92,79
050,21,031,"Kentucky","Butler County",4,13,164,87,77
050,21,031,"Kentucky","Butler County",4,14,159,83,76
050,21,031,"Kentucky","Butler County",4,15,176,95,81
050,21,031,"Kentucky","Butler County",4,16,160,83,77
050,21,031,"Kentucky","Butler County",4,17,158,82,76
050,21,031,"Kentucky","Butler County",4,18,143,84,59
050,21,031,"Kentucky","Butler County",4,19,106,58,48
050,21,031,"Kentucky","Butler County",4,20,111,58,53
050,21,031,"Kentucky","Butler County",4,21,118,66,52
050,21,031,"Kentucky","Butler County",4,22,120,59,61
050,21,031,"Kentucky","Butler County",4,23,138,72,66
050,21,031,"Kentucky","Butler County",4,24,124,61,63
050,21,031,"Kentucky","Butler County",4,25,148,69,79
050,21,031,"Kentucky","Butler County",4,26,136,63,73
050,21,031,"Kentucky","Butler County",4,27,128,70,58
050,21,031,"Kentucky","Butler County",4,28,143,71,72
050,21,031,"Kentucky","Butler County",4,29,125,59,66
050,21,031,"Kentucky","Butler County",4,30,139,69,70
050,21,031,"Kentucky","Butler County",4,31,137,77,60
050,21,031,"Kentucky","Butler County",4,32,153,72,81
050,21,031,"Kentucky","Butler County",4,33,153,79,74
050,21,031,"Kentucky","Butler County",4,34,161,81,80
050,21,031,"Kentucky","Butler County",4,35,151,83,68
050,21,031,"Kentucky","Butler County",4,36,174,85,89
050,21,031,"Kentucky","Butler County",4,37,159,78,81
050,21,031,"Kentucky","Butler County",4,38,155,75,80
050,21,031,"Kentucky","Butler County",4,39,159,79,80
050,21,031,"Kentucky","Butler County",4,40,172,83,89
050,21,031,"Kentucky","Butler County",4,41,179,99,80
050,21,031,"Kentucky","Butler County",4,42,162,82,80
050,21,031,"Kentucky","Butler County",4,43,148,83,65
050,21,031,"Kentucky","Butler County",4,44,148,83,65
050,21,031,"Kentucky","Butler County",4,45,165,92,73
050,21,031,"Kentucky","Butler County",4,46,157,89,68
050,21,031,"Kentucky","Butler County",4,47,142,75,67
050,21,031,"Kentucky","Butler County",4,48,141,72,69
050,21,031,"Kentucky","Butler County",4,49,143,80,63
050,21,031,"Kentucky","Butler County",4,50,175,90,85
050,21,031,"Kentucky","Butler County",4,51,163,86,77
050,21,031,"Kentucky","Butler County",4,52,160,83,77
050,21,031,"Kentucky","Butler County",4,53,150,80,70
050,21,031,"Kentucky","Butler County",4,54,150,67,83
050,21,031,"Kentucky","Butler County",4,55,155,71,84
050,21,031,"Kentucky","Butler County",4,56,156,79,77
050,21,031,"Kentucky","Butler County",4,57,158,70,88
050,21,031,"Kentucky","Butler County",4,58,179,86,93
050,21,031,"Kentucky","Butler County",4,59,209,107,102
050,21,031,"Kentucky","Butler County",4,60,194,98,96
050,21,031,"Kentucky","Butler County",4,61,170,91,79
050,21,031,"Kentucky","Butler County",4,62,141,70,71
050,21,031,"Kentucky","Butler County",4,63,152,72,80
050,21,031,"Kentucky","Butler County",4,64,177,89,88
050,21,031,"Kentucky","Butler County",4,65,169,80,89
050,21,031,"Kentucky","Butler County",4,66,179,93,86
050,21,031,"Kentucky","Butler County",4,67,168,82,86
050,21,031,"Kentucky","Butler County",4,68,155,77,78
050,21,031,"Kentucky","Butler County",4,69,142,65,77
050,21,031,"Kentucky","Butler County",4,70,146,73,73
050,21,031,"Kentucky","Butler County",4,71,128,67,61
050,21,031,"Kentucky","Butler County",4,72,112,59,53
050,21,031,"Kentucky","Butler County",4,73,109,54,55
050,21,031,"Kentucky","Butler County",4,74,104,58,46
050,21,031,"Kentucky","Butler County",4,75,111,55,56
050,21,031,"Kentucky","Butler County",4,76,88,40,48
050,21,031,"Kentucky","Butler County",4,77,91,44,47
050,21,031,"Kentucky","Butler County",4,78,87,41,46
050,21,031,"Kentucky","Butler County",4,79,94,40,54
050,21,031,"Kentucky","Butler County",4,80,76,34,42
050,21,031,"Kentucky","Butler County",4,81,64,29,35
050,21,031,"Kentucky","Butler County",4,82,54,27,27
050,21,031,"Kentucky","Butler County",4,83,43,17,26
050,21,031,"Kentucky","Butler County",4,84,42,13,29
050,21,031,"Kentucky","Butler County",4,85,203,74,129
050,21,031,"Kentucky","Butler County",5,0,149,78,71
050,21,031,"Kentucky","Butler County",5,1,149,73,76
050,21,031,"Kentucky","Butler County",5,2,153,82,71
050,21,031,"Kentucky","Butler County",5,3,142,69,73
050,21,031,"Kentucky","Butler County",5,4,165,76,89
050,21,031,"Kentucky","Butler County",5,5,147,76,71
050,21,031,"Kentucky","Butler County",5,6,165,96,69
050,21,031,"Kentucky","Butler County",5,7,152,79,73
050,21,031,"Kentucky","Butler County",5,8,155,83,72
050,21,031,"Kentucky","Butler County",5,9,178,97,81
050,21,031,"Kentucky","Butler County",5,10,154,77,77
050,21,031,"Kentucky","Butler County",5,11,163,84,79
050,21,031,"Kentucky","Butler County",5,12,162,91,71
050,21,031,"Kentucky","Butler County",5,13,169,92,77
050,21,031,"Kentucky","Butler County",5,14,166,83,83
050,21,031,"Kentucky","Butler County",5,15,161,89,72
050,21,031,"Kentucky","Butler County",5,16,169,91,78
050,21,031,"Kentucky","Butler County",5,17,162,88,74
050,21,031,"Kentucky","Butler County",5,18,130,70,60
050,21,031,"Kentucky","Butler County",5,19,117,65,52
050,21,031,"Kentucky","Butler County",5,20,122,64,58
050,21,031,"Kentucky","Butler County",5,21,109,55,54
050,21,031,"Kentucky","Butler County",5,22,131,72,59
050,21,031,"Kentucky","Butler County",5,23,133,71,62
050,21,031,"Kentucky","Butler County",5,24,141,72,69
050,21,031,"Kentucky","Butler County",5,25,128,62,66
050,21,031,"Kentucky","Butler County",5,26,149,71,78
050,21,031,"Kentucky","Butler County",5,27,135,61,74
050,21,031,"Kentucky","Butler County",5,28,137,76,61
050,21,031,"Kentucky","Butler County",5,29,141,72,69
050,21,031,"Kentucky","Butler County",5,30,129,60,69
050,21,031,"Kentucky","Butler County",5,31,135,66,69
050,21,031,"Kentucky","Butler County",5,32,138,80,58
050,21,031,"Kentucky","Butler County",5,33,150,76,74
050,21,031,"Kentucky","Butler County",5,34,152,77,75
050,21,031,"Kentucky","Butler County",5,35,160,80,80
050,21,031,"Kentucky","Butler County",5,36,151,83,68
050,21,031,"Kentucky","Butler County",5,37,164,80,84
050,21,031,"Kentucky","Butler County",5,38,163,81,82
050,21,031,"Kentucky","Butler County",5,39,162,71,91
050,21,031,"Kentucky","Butler County",5,40,159,77,82
050,21,031,"Kentucky","Butler County",5,41,162,78,84
050,21,031,"Kentucky","Butler County",5,42,179,100,79
050,21,031,"Kentucky","Butler County",5,43,158,77,81
050,21,031,"Kentucky","Butler County",5,44,154,85,69
050,21,031,"Kentucky","Butler County",5,45,152,88,64
050,21,031,"Kentucky","Butler County",5,46,161,90,71
050,21,031,"Kentucky","Butler County",5,47,162,93,69
050,21,031,"Kentucky","Butler County",5,48,146,75,71
050,21,031,"Kentucky","Butler County",5,49,144,74,70
050,21,031,"Kentucky","Butler County",5,50,143,76,67
050,21,031,"Kentucky","Butler County",5,51,167,87,80
050,21,031,"Kentucky","Butler County",5,52,171,91,80
050,21,031,"Kentucky","Butler County",5,53,161,81,80
050,21,031,"Kentucky","Butler County",5,54,147,78,69
050,21,031,"Kentucky","Butler County",5,55,147,68,79
050,21,031,"Kentucky","Butler County",5,56,149,68,81
050,21,031,"Kentucky","Butler County",5,57,151,74,77
050,21,031,"Kentucky","Butler County",5,58,155,68,87
050,21,031,"Kentucky","Butler County",5,59,181,85,96
050,21,031,"Kentucky","Butler County",5,60,209,110,99
050,21,031,"Kentucky","Butler County",5,61,197,101,96
050,21,031,"Kentucky","Butler County",5,62,169,92,77
050,21,031,"Kentucky","Butler County",5,63,140,70,70
050,21,031,"Kentucky","Butler County",5,64,150,71,79
050,21,031,"Kentucky","Butler County",5,65,175,86,89
050,21,031,"Kentucky","Butler County",5,66,168,76,92
050,21,031,"Kentucky","Butler County",5,67,173,91,82
050,21,031,"Kentucky","Butler County",5,68,164,83,81
050,21,031,"Kentucky","Butler County",5,69,150,74,76
050,21,031,"Kentucky","Butler County",5,70,141,63,78
050,21,031,"Kentucky","Butler County",5,71,142,71,71
050,21,031,"Kentucky","Butler County",5,72,122,68,54
050,21,031,"Kentucky","Butler County",5,73,103,51,52
050,21,031,"Kentucky","Butler County",5,74,109,56,53
050,21,031,"Kentucky","Butler County",5,75,95,53,42
050,21,031,"Kentucky","Butler County",5,76,108,53,55
050,21,031,"Kentucky","Butler County",5,77,85,38,47
050,21,031,"Kentucky","Butler County",5,78,84,40,44
050,21,031,"Kentucky","Butler County",5,79,88,39,49
050,21,031,"Kentucky","Butler County",5,80,87,36,51
050,21,031,"Kentucky","Butler County",5,81,69,30,39
050,21,031,"Kentucky","Butler County",5,82,64,31,33
050,21,031,"Kentucky","Butler County",5,83,41,20,21
050,21,031,"Kentucky","Butler County",5,84,45,16,29
050,21,031,"Kentucky","Butler County",5,85,210,72,138
050,21,033,"Kentucky","Caldwell County",1,0,144,74,70
050,21,033,"Kentucky","Caldwell County",1,1,157,87,70
050,21,033,"Kentucky","Caldwell County",1,2,153,91,62
050,21,033,"Kentucky","Caldwell County",1,3,151,78,73
050,21,033,"Kentucky","Caldwell County",1,4,137,71,66
050,21,033,"Kentucky","Caldwell County",1,5,139,67,72
050,21,033,"Kentucky","Caldwell County",1,6,154,72,82
050,21,033,"Kentucky","Caldwell County",1,7,155,84,71
050,21,033,"Kentucky","Caldwell County",1,8,167,83,84
050,21,033,"Kentucky","Caldwell County",1,9,165,89,76
050,21,033,"Kentucky","Caldwell County",1,10,175,87,88
050,21,033,"Kentucky","Caldwell County",1,11,180,88,92
050,21,033,"Kentucky","Caldwell County",1,12,190,94,96
050,21,033,"Kentucky","Caldwell County",1,13,179,96,83
050,21,033,"Kentucky","Caldwell County",1,14,161,87,74
050,21,033,"Kentucky","Caldwell County",1,15,160,83,77
050,21,033,"Kentucky","Caldwell County",1,16,159,76,83
050,21,033,"Kentucky","Caldwell County",1,17,170,83,87
050,21,033,"Kentucky","Caldwell County",1,18,139,64,75
050,21,033,"Kentucky","Caldwell County",1,19,120,71,49
050,21,033,"Kentucky","Caldwell County",1,20,122,66,56
050,21,033,"Kentucky","Caldwell County",1,21,126,66,60
050,21,033,"Kentucky","Caldwell County",1,22,129,56,73
050,21,033,"Kentucky","Caldwell County",1,23,141,67,74
050,21,033,"Kentucky","Caldwell County",1,24,116,60,56
050,21,033,"Kentucky","Caldwell County",1,25,142,73,69
050,21,033,"Kentucky","Caldwell County",1,26,165,92,73
050,21,033,"Kentucky","Caldwell County",1,27,146,67,79
050,21,033,"Kentucky","Caldwell County",1,28,151,71,80
050,21,033,"Kentucky","Caldwell County",1,29,169,83,86
050,21,033,"Kentucky","Caldwell County",1,30,165,81,84
050,21,033,"Kentucky","Caldwell County",1,31,139,68,71
050,21,033,"Kentucky","Caldwell County",1,32,129,54,75
050,21,033,"Kentucky","Caldwell County",1,33,136,58,78
050,21,033,"Kentucky","Caldwell County",1,34,138,65,73
050,21,033,"Kentucky","Caldwell County",1,35,136,67,69
050,21,033,"Kentucky","Caldwell County",1,36,143,72,71
050,21,033,"Kentucky","Caldwell County",1,37,143,72,71
050,21,033,"Kentucky","Caldwell County",1,38,131,69,62
050,21,033,"Kentucky","Caldwell County",1,39,139,71,68
050,21,033,"Kentucky","Caldwell County",1,40,134,70,64
050,21,033,"Kentucky","Caldwell County",1,41,133,66,67
050,21,033,"Kentucky","Caldwell County",1,42,150,69,81
050,21,033,"Kentucky","Caldwell County",1,43,141,64,77
050,21,033,"Kentucky","Caldwell County",1,44,143,68,75
050,21,033,"Kentucky","Caldwell County",1,45,154,77,77
050,21,033,"Kentucky","Caldwell County",1,46,178,93,85
050,21,033,"Kentucky","Caldwell County",1,47,166,87,79
050,21,033,"Kentucky","Caldwell County",1,48,170,86,84
050,21,033,"Kentucky","Caldwell County",1,49,179,90,89
050,21,033,"Kentucky","Caldwell County",1,50,162,89,73
050,21,033,"Kentucky","Caldwell County",1,51,163,85,78
050,21,033,"Kentucky","Caldwell County",1,52,154,79,75
050,21,033,"Kentucky","Caldwell County",1,53,138,74,64
050,21,033,"Kentucky","Caldwell County",1,54,147,70,77
050,21,033,"Kentucky","Caldwell County",1,55,174,86,88
050,21,033,"Kentucky","Caldwell County",1,56,169,81,88
050,21,033,"Kentucky","Caldwell County",1,57,163,76,87
050,21,033,"Kentucky","Caldwell County",1,58,173,87,86
050,21,033,"Kentucky","Caldwell County",1,59,176,93,83
050,21,033,"Kentucky","Caldwell County",1,60,180,92,88
050,21,033,"Kentucky","Caldwell County",1,61,178,90,88
050,21,033,"Kentucky","Caldwell County",1,62,182,84,98
050,21,033,"Kentucky","Caldwell County",1,63,178,84,94
050,21,033,"Kentucky","Caldwell County",1,64,179,94,85
050,21,033,"Kentucky","Caldwell County",1,65,172,88,84
050,21,033,"Kentucky","Caldwell County",1,66,176,80,96
050,21,033,"Kentucky","Caldwell County",1,67,168,71,97
050,21,033,"Kentucky","Caldwell County",1,68,161,78,83
050,21,033,"Kentucky","Caldwell County",1,69,149,72,77
050,21,033,"Kentucky","Caldwell County",1,70,145,67,78
050,21,033,"Kentucky","Caldwell County",1,71,155,76,79
050,21,033,"Kentucky","Caldwell County",1,72,162,71,91
050,21,033,"Kentucky","Caldwell County",1,73,154,70,84
050,21,033,"Kentucky","Caldwell County",1,74,121,52,69
050,21,033,"Kentucky","Caldwell County",1,75,102,49,53
050,21,033,"Kentucky","Caldwell County",1,76,91,35,56
050,21,033,"Kentucky","Caldwell County",1,77,96,44,52
050,21,033,"Kentucky","Caldwell County",1,78,88,47,41
050,21,033,"Kentucky","Caldwell County",1,79,69,28,41
050,21,033,"Kentucky","Caldwell County",1,80,70,25,45
050,21,033,"Kentucky","Caldwell County",1,81,76,37,39
050,21,033,"Kentucky","Caldwell County",1,82,64,29,35
050,21,033,"Kentucky","Caldwell County",1,83,55,24,31
050,21,033,"Kentucky","Caldwell County",1,84,47,20,27
050,21,033,"Kentucky","Caldwell County",1,85,301,92,209
050,21,033,"Kentucky","Caldwell County",2,0,137,69,68
050,21,033,"Kentucky","Caldwell County",2,1,155,85,70
050,21,033,"Kentucky","Caldwell County",2,2,156,90,66
050,21,033,"Kentucky","Caldwell County",2,3,149,79,70
050,21,033,"Kentucky","Caldwell County",2,4,140,72,68
050,21,033,"Kentucky","Caldwell County",2,5,141,69,72
050,21,033,"Kentucky","Caldwell County",2,6,150,71,79
050,21,033,"Kentucky","Caldwell County",2,7,156,82,74
050,21,033,"Kentucky","Caldwell County",2,8,165,84,81
050,21,033,"Kentucky","Caldwell County",2,9,165,86,79
050,21,033,"Kentucky","Caldwell County",2,10,170,86,84
050,21,033,"Kentucky","Caldwell County",2,11,177,87,90
050,21,033,"Kentucky","Caldwell County",2,12,188,93,95
050,21,033,"Kentucky","Caldwell County",2,13,183,97,86
050,21,033,"Kentucky","Caldwell County",2,14,162,86,76
050,21,033,"Kentucky","Caldwell County",2,15,160,83,77
050,21,033,"Kentucky","Caldwell County",2,16,159,79,80
050,21,033,"Kentucky","Caldwell County",2,17,169,81,88
050,21,033,"Kentucky","Caldwell County",2,18,139,65,74
050,21,033,"Kentucky","Caldwell County",2,19,119,67,52
050,21,033,"Kentucky","Caldwell County",2,20,126,69,57
050,21,033,"Kentucky","Caldwell County",2,21,127,67,60
050,21,033,"Kentucky","Caldwell County",2,22,131,61,70
050,21,033,"Kentucky","Caldwell County",2,23,141,65,76
050,21,033,"Kentucky","Caldwell County",2,24,124,63,61
050,21,033,"Kentucky","Caldwell County",2,25,136,69,67
050,21,033,"Kentucky","Caldwell County",2,26,161,87,74
050,21,033,"Kentucky","Caldwell County",2,27,147,71,76
050,21,033,"Kentucky","Caldwell County",2,28,151,71,80
050,21,033,"Kentucky","Caldwell County",2,29,163,79,84
050,21,033,"Kentucky","Caldwell County",2,30,165,81,84
050,21,033,"Kentucky","Caldwell County",2,31,141,69,72
050,21,033,"Kentucky","Caldwell County",2,32,128,54,74
050,21,033,"Kentucky","Caldwell County",2,33,133,57,76
050,21,033,"Kentucky","Caldwell County",2,34,138,63,75
050,21,033,"Kentucky","Caldwell County",2,35,139,68,71
050,21,033,"Kentucky","Caldwell County",2,36,143,73,70
050,21,033,"Kentucky","Caldwell County",2,37,143,72,71
050,21,033,"Kentucky","Caldwell County",2,38,136,71,65
050,21,033,"Kentucky","Caldwell County",2,39,136,70,66
050,21,033,"Kentucky","Caldwell County",2,40,137,71,66
050,21,033,"Kentucky","Caldwell County",2,41,135,68,67
050,21,033,"Kentucky","Caldwell County",2,42,146,68,78
050,21,033,"Kentucky","Caldwell County",2,43,145,67,78
050,21,033,"Kentucky","Caldwell County",2,44,141,66,75
050,21,033,"Kentucky","Caldwell County",2,45,153,75,78
050,21,033,"Kentucky","Caldwell County",2,46,172,90,82
050,21,033,"Kentucky","Caldwell County",2,47,169,89,80
050,21,033,"Kentucky","Caldwell County",2,48,170,86,84
050,21,033,"Kentucky","Caldwell County",2,49,178,90,88
050,21,033,"Kentucky","Caldwell County",2,50,165,89,76
050,21,033,"Kentucky","Caldwell County",2,51,160,84,76
050,21,033,"Kentucky","Caldwell County",2,52,155,79,76
050,21,033,"Kentucky","Caldwell County",2,53,140,73,67
050,21,033,"Kentucky","Caldwell County",2,54,145,72,73
050,21,033,"Kentucky","Caldwell County",2,55,168,83,85
050,21,033,"Kentucky","Caldwell County",2,56,170,82,88
050,21,033,"Kentucky","Caldwell County",2,57,164,77,87
050,21,033,"Kentucky","Caldwell County",2,58,174,87,87
050,21,033,"Kentucky","Caldwell County",2,59,174,91,83
050,21,033,"Kentucky","Caldwell County",2,60,178,92,86
050,21,033,"Kentucky","Caldwell County",2,61,180,92,88
050,21,033,"Kentucky","Caldwell County",2,62,180,84,96
050,21,033,"Kentucky","Caldwell County",2,63,181,84,97
050,21,033,"Kentucky","Caldwell County",2,64,176,91,85
050,21,033,"Kentucky","Caldwell County",2,65,175,90,85
050,21,033,"Kentucky","Caldwell County",2,66,177,84,93
050,21,033,"Kentucky","Caldwell County",2,67,168,72,96
050,21,033,"Kentucky","Caldwell County",2,68,161,76,85
050,21,033,"Kentucky","Caldwell County",2,69,153,74,79
050,21,033,"Kentucky","Caldwell County",2,70,145,68,77
050,21,033,"Kentucky","Caldwell County",2,71,153,74,79
050,21,033,"Kentucky","Caldwell County",2,72,157,70,87
050,21,033,"Kentucky","Caldwell County",2,73,160,71,89
050,21,033,"Kentucky","Caldwell County",2,74,119,52,67
050,21,033,"Kentucky","Caldwell County",2,75,105,49,56
050,21,033,"Kentucky","Caldwell County",2,76,91,37,54
050,21,033,"Kentucky","Caldwell County",2,77,97,43,54
050,21,033,"Kentucky","Caldwell County",2,78,88,45,43
050,21,033,"Kentucky","Caldwell County",2,79,71,32,39
050,21,033,"Kentucky","Caldwell County",2,80,71,26,45
050,21,033,"Kentucky","Caldwell County",2,81,72,33,39
050,21,033,"Kentucky","Caldwell County",2,82,66,31,35
050,21,033,"Kentucky","Caldwell County",2,83,55,24,31
050,21,033,"Kentucky","Caldwell County",2,84,49,21,28
050,21,033,"Kentucky","Caldwell County",2,85,297,92,205
050,21,033,"Kentucky","Caldwell County",3,0,162,81,81
050,21,033,"Kentucky","Caldwell County",3,1,147,72,75
050,21,033,"Kentucky","Caldwell County",3,2,156,86,70
050,21,033,"Kentucky","Caldwell County",3,3,146,88,58
050,21,033,"Kentucky","Caldwell County",3,4,149,77,72
050,21,033,"Kentucky","Caldwell County",3,5,141,74,67
050,21,033,"Kentucky","Caldwell County",3,6,148,75,73
050,21,033,"Kentucky","Caldwell County",3,7,152,73,79
050,21,033,"Kentucky","Caldwell County",3,8,162,80,82
050,21,033,"Kentucky","Caldwell County",3,9,162,84,78
050,21,033,"Kentucky","Caldwell County",3,10,162,81,81
050,21,033,"Kentucky","Caldwell County",3,11,170,88,82
050,21,033,"Kentucky","Caldwell County",3,12,180,92,88
050,21,033,"Kentucky","Caldwell County",3,13,200,99,101
050,21,033,"Kentucky","Caldwell County",3,14,187,103,84
050,21,033,"Kentucky","Caldwell County",3,15,157,88,69
050,21,033,"Kentucky","Caldwell County",3,16,173,86,87
050,21,033,"Kentucky","Caldwell County",3,17,164,77,87
050,21,033,"Kentucky","Caldwell County",3,18,143,68,75
050,21,033,"Kentucky","Caldwell County",3,19,106,52,54
050,21,033,"Kentucky","Caldwell County",3,20,124,67,57
050,21,033,"Kentucky","Caldwell County",3,21,129,70,59
050,21,033,"Kentucky","Caldwell County",3,22,124,61,63
050,21,033,"Kentucky","Caldwell County",3,23,131,56,75
050,21,033,"Kentucky","Caldwell County",3,24,145,69,76
050,21,033,"Kentucky","Caldwell County",3,25,118,61,57
050,21,033,"Kentucky","Caldwell County",3,26,145,79,66
050,21,033,"Kentucky","Caldwell County",3,27,158,86,72
050,21,033,"Kentucky","Caldwell County",3,28,158,79,79
050,21,033,"Kentucky","Caldwell County",3,29,153,70,83
050,21,033,"Kentucky","Caldwell County",3,30,161,74,87
050,21,033,"Kentucky","Caldwell County",3,31,157,75,82
050,21,033,"Kentucky","Caldwell County",3,32,152,76,76
050,21,033,"Kentucky","Caldwell County",3,33,126,56,70
050,21,033,"Kentucky","Caldwell County",3,34,133,57,76
050,21,033,"Kentucky","Caldwell County",3,35,133,58,75
050,21,033,"Kentucky","Caldwell County",3,36,149,77,72
050,21,033,"Kentucky","Caldwell County",3,37,134,64,70
050,21,033,"Kentucky","Caldwell County",3,38,149,80,69
050,21,033,"Kentucky","Caldwell County",3,39,146,73,73
050,21,033,"Kentucky","Caldwell County",3,40,137,71,66
050,21,033,"Kentucky","Caldwell County",3,41,143,73,70
050,21,033,"Kentucky","Caldwell County",3,42,141,71,70
050,21,033,"Kentucky","Caldwell County",3,43,146,65,81
050,21,033,"Kentucky","Caldwell County",3,44,148,71,77
050,21,033,"Kentucky","Caldwell County",3,45,136,61,75
050,21,033,"Kentucky","Caldwell County",3,46,153,77,76
050,21,033,"Kentucky","Caldwell County",3,47,167,90,77
050,21,033,"Kentucky","Caldwell County",3,48,160,85,75
050,21,033,"Kentucky","Caldwell County",3,49,166,81,85
050,21,033,"Kentucky","Caldwell County",3,50,179,88,91
050,21,033,"Kentucky","Caldwell County",3,51,171,95,76
050,21,033,"Kentucky","Caldwell County",3,52,162,81,81
050,21,033,"Kentucky","Caldwell County",3,53,144,76,68
050,21,033,"Kentucky","Caldwell County",3,54,142,74,68
050,21,033,"Kentucky","Caldwell County",3,55,147,75,72
050,21,033,"Kentucky","Caldwell County",3,56,166,81,85
050,21,033,"Kentucky","Caldwell County",3,57,166,80,86
050,21,033,"Kentucky","Caldwell County",3,58,179,86,93
050,21,033,"Kentucky","Caldwell County",3,59,174,86,88
050,21,033,"Kentucky","Caldwell County",3,60,173,92,81
050,21,033,"Kentucky","Caldwell County",3,61,186,96,90
050,21,033,"Kentucky","Caldwell County",3,62,175,86,89
050,21,033,"Kentucky","Caldwell County",3,63,184,83,101
050,21,033,"Kentucky","Caldwell County",3,64,173,76,97
050,21,033,"Kentucky","Caldwell County",3,65,177,92,85
050,21,033,"Kentucky","Caldwell County",3,66,175,91,84
050,21,033,"Kentucky","Caldwell County",3,67,172,78,94
050,21,033,"Kentucky","Caldwell County",3,68,158,68,90
050,21,033,"Kentucky","Caldwell County",3,69,155,74,81
050,21,033,"Kentucky","Caldwell County",3,70,146,70,76
050,21,033,"Kentucky","Caldwell County",3,71,138,64,74
050,21,033,"Kentucky","Caldwell County",3,72,146,70,76
050,21,033,"Kentucky","Caldwell County",3,73,156,70,86
050,21,033,"Kentucky","Caldwell County",3,74,158,69,89
050,21,033,"Kentucky","Caldwell County",3,75,115,49,66
050,21,033,"Kentucky","Caldwell County",3,76,101,46,55
050,21,033,"Kentucky","Caldwell County",3,77,90,37,53
050,21,033,"Kentucky","Caldwell County",3,78,96,39,57
050,21,033,"Kentucky","Caldwell County",3,79,82,42,40
050,21,033,"Kentucky","Caldwell County",3,80,69,30,39
050,21,033,"Kentucky","Caldwell County",3,81,65,25,40
050,21,033,"Kentucky","Caldwell County",3,82,66,29,37
050,21,033,"Kentucky","Caldwell County",3,83,57,29,28
050,21,033,"Kentucky","Caldwell County",3,84,56,25,31
050,21,033,"Kentucky","Caldwell County",3,85,290,94,196
050,21,033,"Kentucky","Caldwell County",4,0,159,83,76
050,21,033,"Kentucky","Caldwell County",4,1,168,85,83
050,21,033,"Kentucky","Caldwell County",4,2,150,73,77
050,21,033,"Kentucky","Caldwell County",4,3,155,88,67
050,21,033,"Kentucky","Caldwell County",4,4,148,87,61
050,21,033,"Kentucky","Caldwell County",4,5,158,80,78
050,21,033,"Kentucky","Caldwell County",4,6,143,77,66
050,21,033,"Kentucky","Caldwell County",4,7,156,79,77
050,21,033,"Kentucky","Caldwell County",4,8,156,73,83
050,21,033,"Kentucky","Caldwell County",4,9,150,74,76
050,21,033,"Kentucky","Caldwell County",4,10,164,90,74
050,21,033,"Kentucky","Caldwell County",4,11,156,80,76
050,21,033,"Kentucky","Caldwell County",4,12,170,91,79
050,21,033,"Kentucky","Caldwell County",4,13,177,89,88
050,21,033,"Kentucky","Caldwell County",4,14,192,90,102
050,21,033,"Kentucky","Caldwell County",4,15,181,96,85
050,21,033,"Kentucky","Caldwell County",4,16,158,91,67
050,21,033,"Kentucky","Caldwell County",4,17,172,89,83
050,21,033,"Kentucky","Caldwell County",4,18,138,72,66
050,21,033,"Kentucky","Caldwell County",4,19,110,57,53
050,21,033,"Kentucky","Caldwell County",4,20,116,51,65
050,21,033,"Kentucky","Caldwell County",4,21,135,67,68
050,21,033,"Kentucky","Caldwell County",4,22,135,77,58
050,21,033,"Kentucky","Caldwell County",4,23,126,67,59
050,21,033,"Kentucky","Caldwell County",4,24,137,60,77
050,21,033,"Kentucky","Caldwell County",4,25,135,63,72
050,21,033,"Kentucky","Caldwell County",4,26,122,63,59
050,21,033,"Kentucky","Caldwell County",4,27,139,75,64
050,21,033,"Kentucky","Caldwell County",4,28,159,83,76
050,21,033,"Kentucky","Caldwell County",4,29,156,77,79
050,21,033,"Kentucky","Caldwell County",4,30,154,69,85
050,21,033,"Kentucky","Caldwell County",4,31,155,70,85
050,21,033,"Kentucky","Caldwell County",4,32,153,75,78
050,21,033,"Kentucky","Caldwell County",4,33,153,79,74
050,21,033,"Kentucky","Caldwell County",4,34,136,62,74
050,21,033,"Kentucky","Caldwell County",4,35,134,62,72
050,21,033,"Kentucky","Caldwell County",4,36,139,66,73
050,21,033,"Kentucky","Caldwell County",4,37,138,71,67
050,21,033,"Kentucky","Caldwell County",4,38,139,72,67
050,21,033,"Kentucky","Caldwell County",4,39,142,75,67
050,21,033,"Kentucky","Caldwell County",4,40,151,77,74
050,21,033,"Kentucky","Caldwell County",4,41,132,66,66
050,21,033,"Kentucky","Caldwell County",4,42,143,74,69
050,21,033,"Kentucky","Caldwell County",4,43,144,74,70
050,21,033,"Kentucky","Caldwell County",4,44,143,65,78
050,21,033,"Kentucky","Caldwell County",4,45,143,66,77
050,21,033,"Kentucky","Caldwell County",4,46,145,69,76
050,21,033,"Kentucky","Caldwell County",4,47,150,77,73
050,21,033,"Kentucky","Caldwell County",4,48,165,88,77
050,21,033,"Kentucky","Caldwell County",4,49,158,84,74
050,21,033,"Kentucky","Caldwell County",4,50,154,79,75
050,21,033,"Kentucky","Caldwell County",4,51,177,86,91
050,21,033,"Kentucky","Caldwell County",4,52,164,88,76
050,21,033,"Kentucky","Caldwell County",4,53,153,78,75
050,21,033,"Kentucky","Caldwell County",4,54,145,74,71
050,21,033,"Kentucky","Caldwell County",4,55,148,74,74
050,21,033,"Kentucky","Caldwell County",4,56,144,73,71
050,21,033,"Kentucky","Caldwell County",4,57,160,78,82
050,21,033,"Kentucky","Caldwell County",4,58,175,86,89
050,21,033,"Kentucky","Caldwell County",4,59,175,83,92
050,21,033,"Kentucky","Caldwell County",4,60,173,85,88
050,21,033,"Kentucky","Caldwell County",4,61,175,96,79
050,21,033,"Kentucky","Caldwell County",4,62,185,95,90
050,21,033,"Kentucky","Caldwell County",4,63,173,83,90
050,21,033,"Kentucky","Caldwell County",4,64,184,83,101
050,21,033,"Kentucky","Caldwell County",4,65,181,80,101
050,21,033,"Kentucky","Caldwell County",4,66,171,85,86
050,21,033,"Kentucky","Caldwell County",4,67,166,86,80
050,21,033,"Kentucky","Caldwell County",4,68,169,76,93
050,21,033,"Kentucky","Caldwell County",4,69,154,65,89
050,21,033,"Kentucky","Caldwell County",4,70,145,70,75
050,21,033,"Kentucky","Caldwell County",4,71,144,66,78
050,21,033,"Kentucky","Caldwell County",4,72,134,62,72
050,21,033,"Kentucky","Caldwell County",4,73,134,63,71
050,21,033,"Kentucky","Caldwell County",4,74,141,65,76
050,21,033,"Kentucky","Caldwell County",4,75,148,65,83
050,21,033,"Kentucky","Caldwell County",4,76,114,49,65
050,21,033,"Kentucky","Caldwell County",4,77,97,45,52
050,21,033,"Kentucky","Caldwell County",4,78,90,34,56
050,21,033,"Kentucky","Caldwell County",4,79,87,32,55
050,21,033,"Kentucky","Caldwell County",4,80,79,39,40
050,21,033,"Kentucky","Caldwell County",4,81,60,28,32
050,21,033,"Kentucky","Caldwell County",4,82,61,20,41
050,21,033,"Kentucky","Caldwell County",4,83,57,25,32
050,21,033,"Kentucky","Caldwell County",4,84,58,31,27
050,21,033,"Kentucky","Caldwell County",4,85,295,103,192
050,21,033,"Kentucky","Caldwell County",5,0,164,86,78
050,21,033,"Kentucky","Caldwell County",5,1,184,91,93
050,21,033,"Kentucky","Caldwell County",5,2,175,91,84
050,21,033,"Kentucky","Caldwell County",5,3,150,74,76
050,21,033,"Kentucky","Caldwell County",5,4,150,81,69
050,21,033,"Kentucky","Caldwell County",5,5,157,90,67
050,21,033,"Kentucky","Caldwell County",5,6,147,76,71
050,21,033,"Kentucky","Caldwell County",5,7,135,72,63
050,21,033,"Kentucky","Caldwell County",5,8,155,80,75
050,21,033,"Kentucky","Caldwell County",5,9,152,70,82
050,21,033,"Kentucky","Caldwell County",5,10,159,82,77
050,21,033,"Kentucky","Caldwell County",5,11,166,89,77
050,21,033,"Kentucky","Caldwell County",5,12,158,79,79
050,21,033,"Kentucky","Caldwell County",5,13,165,84,81
050,21,033,"Kentucky","Caldwell County",5,14,179,88,91
050,21,033,"Kentucky","Caldwell County",5,15,198,99,99
050,21,033,"Kentucky","Caldwell County",5,16,184,100,84
050,21,033,"Kentucky","Caldwell County",5,17,142,85,57
050,21,033,"Kentucky","Caldwell County",5,18,143,69,74
050,21,033,"Kentucky","Caldwell County",5,19,116,62,54
050,21,033,"Kentucky","Caldwell County",5,20,108,56,52
050,21,033,"Kentucky","Caldwell County",5,21,131,52,79
050,21,033,"Kentucky","Caldwell County",5,22,131,68,63
050,21,033,"Kentucky","Caldwell County",5,23,136,76,60
050,21,033,"Kentucky","Caldwell County",5,24,127,62,65
050,21,033,"Kentucky","Caldwell County",5,25,132,59,73
050,21,033,"Kentucky","Caldwell County",5,26,134,60,74
050,21,033,"Kentucky","Caldwell County",5,27,123,66,57
050,21,033,"Kentucky","Caldwell County",5,28,141,73,68
050,21,033,"Kentucky","Caldwell County",5,29,161,82,79
050,21,033,"Kentucky","Caldwell County",5,30,158,79,79
050,21,033,"Kentucky","Caldwell County",5,31,148,67,81
050,21,033,"Kentucky","Caldwell County",5,32,157,73,84
050,21,033,"Kentucky","Caldwell County",5,33,150,76,74
050,21,033,"Kentucky","Caldwell County",5,34,158,79,79
050,21,033,"Kentucky","Caldwell County",5,35,133,65,68
050,21,033,"Kentucky","Caldwell County",5,36,144,73,71
050,21,033,"Kentucky","Caldwell County",5,37,137,62,75
050,21,033,"Kentucky","Caldwell County",5,38,141,74,67
050,21,033,"Kentucky","Caldwell County",5,39,143,69,74
050,21,033,"Kentucky","Caldwell County",5,40,139,74,65
050,21,033,"Kentucky","Caldwell County",5,41,141,71,70
050,21,033,"Kentucky","Caldwell County",5,42,133,67,66
050,21,033,"Kentucky","Caldwell County",5,43,137,71,66
050,21,033,"Kentucky","Caldwell County",5,44,136,70,66
050,21,033,"Kentucky","Caldwell County",5,45,142,64,78
050,21,033,"Kentucky","Caldwell County",5,46,146,71,75
050,21,033,"Kentucky","Caldwell County",5,47,138,65,73
050,21,033,"Kentucky","Caldwell County",5,48,154,82,72
050,21,033,"Kentucky","Caldwell County",5,49,165,85,80
050,21,033,"Kentucky","Caldwell County",5,50,148,77,71
050,21,033,"Kentucky","Caldwell County",5,51,158,84,74
050,21,033,"Kentucky","Caldwell County",5,52,175,85,90
050,21,033,"Kentucky","Caldwell County",5,53,160,84,76
050,21,033,"Kentucky","Caldwell County",5,54,154,78,76
050,21,033,"Kentucky","Caldwell County",5,55,148,77,71
050,21,033,"Kentucky","Caldwell County",5,56,143,74,69
050,21,033,"Kentucky","Caldwell County",5,57,135,71,64
050,21,033,"Kentucky","Caldwell County",5,58,159,77,82
050,21,033,"Kentucky","Caldwell County",5,59,167,78,89
050,21,033,"Kentucky","Caldwell County",5,60,172,84,88
050,21,033,"Kentucky","Caldwell County",5,61,177,86,91
050,21,033,"Kentucky","Caldwell County",5,62,165,86,79
050,21,033,"Kentucky","Caldwell County",5,63,183,95,88
050,21,033,"Kentucky","Caldwell County",5,64,165,77,88
050,21,033,"Kentucky","Caldwell County",5,65,186,83,103
050,21,033,"Kentucky","Caldwell County",5,66,184,81,103
050,21,033,"Kentucky","Caldwell County",5,67,169,85,84
050,21,033,"Kentucky","Caldwell County",5,68,158,81,77
050,21,033,"Kentucky","Caldwell County",5,69,161,71,90
050,21,033,"Kentucky","Caldwell County",5,70,148,63,85
050,21,033,"Kentucky","Caldwell County",5,71,143,66,77
050,21,033,"Kentucky","Caldwell County",5,72,139,64,75
050,21,033,"Kentucky","Caldwell County",5,73,131,60,71
050,21,033,"Kentucky","Caldwell County",5,74,126,57,69
050,21,033,"Kentucky","Caldwell County",5,75,138,64,74
050,21,033,"Kentucky","Caldwell County",5,76,143,63,80
050,21,033,"Kentucky","Caldwell County",5,77,108,48,60
050,21,033,"Kentucky","Caldwell County",5,78,90,41,49
050,21,033,"Kentucky","Caldwell County",5,79,83,30,53
050,21,033,"Kentucky","Caldwell County",5,80,89,32,57
050,21,033,"Kentucky","Caldwell County",5,81,73,39,34
050,21,033,"Kentucky","Caldwell County",5,82,53,23,30
050,21,033,"Kentucky","Caldwell County",5,83,50,16,34
050,21,033,"Kentucky","Caldwell County",5,84,60,26,34
050,21,033,"Kentucky","Caldwell County",5,85,307,117,190
050,21,035,"Kentucky","Calloway County",1,0,318,164,154
050,21,035,"Kentucky","Calloway County",1,1,345,188,157
050,21,035,"Kentucky","Calloway County",1,2,357,176,181
050,21,035,"Kentucky","Calloway County",1,3,386,194,192
050,21,035,"Kentucky","Calloway County",1,4,380,173,207
050,21,035,"Kentucky","Calloway County",1,5,378,182,196
050,21,035,"Kentucky","Calloway County",1,6,352,183,169
050,21,035,"Kentucky","Calloway County",1,7,360,204,156
050,21,035,"Kentucky","Calloway County",1,8,359,185,174
050,21,035,"Kentucky","Calloway County",1,9,381,198,183
050,21,035,"Kentucky","Calloway County",1,10,389,202,187
050,21,035,"Kentucky","Calloway County",1,11,400,207,193
050,21,035,"Kentucky","Calloway County",1,12,394,211,183
050,21,035,"Kentucky","Calloway County",1,13,404,206,198
050,21,035,"Kentucky","Calloway County",1,14,368,187,181
050,21,035,"Kentucky","Calloway County",1,15,371,188,183
050,21,035,"Kentucky","Calloway County",1,16,378,197,181
050,21,035,"Kentucky","Calloway County",1,17,378,200,178
050,21,035,"Kentucky","Calloway County",1,18,824,352,472
050,21,035,"Kentucky","Calloway County",1,19,1460,621,839
050,21,035,"Kentucky","Calloway County",1,20,1491,662,829
050,21,035,"Kentucky","Calloway County",1,21,1310,637,673
050,21,035,"Kentucky","Calloway County",1,22,1119,564,555
050,21,035,"Kentucky","Calloway County",1,23,816,409,407
050,21,035,"Kentucky","Calloway County",1,24,616,312,304
050,21,035,"Kentucky","Calloway County",1,25,558,293,265
050,21,035,"Kentucky","Calloway County",1,26,503,261,242
050,21,035,"Kentucky","Calloway County",1,27,456,243,213
050,21,035,"Kentucky","Calloway County",1,28,419,211,208
050,21,035,"Kentucky","Calloway County",1,29,430,212,218
050,21,035,"Kentucky","Calloway County",1,30,415,210,205
050,21,035,"Kentucky","Calloway County",1,31,447,228,219
050,21,035,"Kentucky","Calloway County",1,32,406,203,203
050,21,035,"Kentucky","Calloway County",1,33,377,188,189
050,21,035,"Kentucky","Calloway County",1,34,386,215,171
050,21,035,"Kentucky","Calloway County",1,35,390,193,197
050,21,035,"Kentucky","Calloway County",1,36,395,190,205
050,21,035,"Kentucky","Calloway County",1,37,407,207,200
050,21,035,"Kentucky","Calloway County",1,38,428,218,210
050,21,035,"Kentucky","Calloway County",1,39,419,210,209
050,21,035,"Kentucky","Calloway County",1,40,390,207,183
050,21,035,"Kentucky","Calloway County",1,41,397,200,197
050,21,035,"Kentucky","Calloway County",1,42,400,202,198
050,21,035,"Kentucky","Calloway County",1,43,371,201,170
050,21,035,"Kentucky","Calloway County",1,44,352,197,155
050,21,035,"Kentucky","Calloway County",1,45,363,184,179
050,21,035,"Kentucky","Calloway County",1,46,371,193,178
050,21,035,"Kentucky","Calloway County",1,47,398,206,192
050,21,035,"Kentucky","Calloway County",1,48,425,222,203
050,21,035,"Kentucky","Calloway County",1,49,436,212,224
050,21,035,"Kentucky","Calloway County",1,50,407,201,206
050,21,035,"Kentucky","Calloway County",1,51,402,196,206
050,21,035,"Kentucky","Calloway County",1,52,402,199,203
050,21,035,"Kentucky","Calloway County",1,53,415,205,210
050,21,035,"Kentucky","Calloway County",1,54,417,208,209
050,21,035,"Kentucky","Calloway County",1,55,448,221,227
050,21,035,"Kentucky","Calloway County",1,56,467,238,229
050,21,035,"Kentucky","Calloway County",1,57,446,215,231
050,21,035,"Kentucky","Calloway County",1,58,459,229,230
050,21,035,"Kentucky","Calloway County",1,59,472,231,241
050,21,035,"Kentucky","Calloway County",1,60,447,225,222
050,21,035,"Kentucky","Calloway County",1,61,429,194,235
050,21,035,"Kentucky","Calloway County",1,62,459,210,249
050,21,035,"Kentucky","Calloway County",1,63,413,204,209
050,21,035,"Kentucky","Calloway County",1,64,431,205,226
050,21,035,"Kentucky","Calloway County",1,65,458,224,234
050,21,035,"Kentucky","Calloway County",1,66,446,211,235
050,21,035,"Kentucky","Calloway County",1,67,412,209,203
050,21,035,"Kentucky","Calloway County",1,68,398,190,208
050,21,035,"Kentucky","Calloway County",1,69,342,162,180
050,21,035,"Kentucky","Calloway County",1,70,330,161,169
050,21,035,"Kentucky","Calloway County",1,71,371,176,195
050,21,035,"Kentucky","Calloway County",1,72,351,169,182
050,21,035,"Kentucky","Calloway County",1,73,369,180,189
050,21,035,"Kentucky","Calloway County",1,74,256,119,137
050,21,035,"Kentucky","Calloway County",1,75,244,121,123
050,21,035,"Kentucky","Calloway County",1,76,271,131,140
050,21,035,"Kentucky","Calloway County",1,77,279,123,156
050,21,035,"Kentucky","Calloway County",1,78,224,92,132
050,21,035,"Kentucky","Calloway County",1,79,191,86,105
050,21,035,"Kentucky","Calloway County",1,80,170,67,103
050,21,035,"Kentucky","Calloway County",1,81,173,76,97
050,21,035,"Kentucky","Calloway County",1,82,146,64,82
050,21,035,"Kentucky","Calloway County",1,83,141,60,81
050,21,035,"Kentucky","Calloway County",1,84,123,51,72
050,21,035,"Kentucky","Calloway County",1,85,662,239,423
050,21,035,"Kentucky","Calloway County",2,0,322,169,153
050,21,035,"Kentucky","Calloway County",2,1,337,182,155
050,21,035,"Kentucky","Calloway County",2,2,354,176,178
050,21,035,"Kentucky","Calloway County",2,3,375,187,188
050,21,035,"Kentucky","Calloway County",2,4,387,179,208
050,21,035,"Kentucky","Calloway County",2,5,381,181,200
050,21,035,"Kentucky","Calloway County",2,6,357,183,174
050,21,035,"Kentucky","Calloway County",2,7,357,198,159
050,21,035,"Kentucky","Calloway County",2,8,358,188,170
050,21,035,"Kentucky","Calloway County",2,9,374,194,180
050,21,035,"Kentucky","Calloway County",2,10,387,202,185
050,21,035,"Kentucky","Calloway County",2,11,394,205,189
050,21,035,"Kentucky","Calloway County",2,12,398,212,186
050,21,035,"Kentucky","Calloway County",2,13,403,208,195
050,21,035,"Kentucky","Calloway County",2,14,379,193,186
050,21,035,"Kentucky","Calloway County",2,15,373,190,183
050,21,035,"Kentucky","Calloway County",2,16,377,195,182
050,21,035,"Kentucky","Calloway County",2,17,379,202,177
050,21,035,"Kentucky","Calloway County",2,18,823,351,472
050,21,035,"Kentucky","Calloway County",2,19,1460,622,838
050,21,035,"Kentucky","Calloway County",2,20,1504,669,835
050,21,035,"Kentucky","Calloway County",2,21,1312,636,676
050,21,035,"Kentucky","Calloway County",2,22,1121,566,555
050,21,035,"Kentucky","Calloway County",2,23,811,401,410
050,21,035,"Kentucky","Calloway County",2,24,620,319,301
050,21,035,"Kentucky","Calloway County",2,25,551,288,263
050,21,035,"Kentucky","Calloway County",2,26,500,257,243
050,21,035,"Kentucky","Calloway County",2,27,455,238,217
050,21,035,"Kentucky","Calloway County",2,28,426,217,209
050,21,035,"Kentucky","Calloway County",2,29,426,211,215
050,21,035,"Kentucky","Calloway County",2,30,422,213,209
050,21,035,"Kentucky","Calloway County",2,31,437,225,212
050,21,035,"Kentucky","Calloway County",2,32,415,207,208
050,21,035,"Kentucky","Calloway County",2,33,384,194,190
050,21,035,"Kentucky","Calloway County",2,34,381,207,174
050,21,035,"Kentucky","Calloway County",2,35,391,197,194
050,21,035,"Kentucky","Calloway County",2,36,387,186,201
050,21,035,"Kentucky","Calloway County",2,37,408,205,203
050,21,035,"Kentucky","Calloway County",2,38,426,218,208
050,21,035,"Kentucky","Calloway County",2,39,420,211,209
050,21,035,"Kentucky","Calloway County",2,40,400,208,192
050,21,035,"Kentucky","Calloway County",2,41,397,202,195
050,21,035,"Kentucky","Calloway County",2,42,398,200,198
050,21,035,"Kentucky","Calloway County",2,43,379,204,175
050,21,035,"Kentucky","Calloway County",2,44,353,195,158
050,21,035,"Kentucky","Calloway County",2,45,364,189,175
050,21,035,"Kentucky","Calloway County",2,46,369,190,179
050,21,035,"Kentucky","Calloway County",2,47,393,203,190
050,21,035,"Kentucky","Calloway County",2,48,417,216,201
050,21,035,"Kentucky","Calloway County",2,49,438,216,222
050,21,035,"Kentucky","Calloway County",2,50,416,205,211
050,21,035,"Kentucky","Calloway County",2,51,402,197,205
050,21,035,"Kentucky","Calloway County",2,52,403,199,204
050,21,035,"Kentucky","Calloway County",2,53,413,204,209
050,21,035,"Kentucky","Calloway County",2,54,416,207,209
050,21,035,"Kentucky","Calloway County",2,55,444,222,222
050,21,035,"Kentucky","Calloway County",2,56,471,239,232
050,21,035,"Kentucky","Calloway County",2,57,450,221,229
050,21,035,"Kentucky","Calloway County",2,58,458,228,230
050,21,035,"Kentucky","Calloway County",2,59,470,232,238
050,21,035,"Kentucky","Calloway County",2,60,446,223,223
050,21,035,"Kentucky","Calloway County",2,61,432,201,231
050,21,035,"Kentucky","Calloway County",2,62,453,207,246
050,21,035,"Kentucky","Calloway County",2,63,425,208,217
050,21,035,"Kentucky","Calloway County",2,64,426,206,220
050,21,035,"Kentucky","Calloway County",2,65,453,219,234
050,21,035,"Kentucky","Calloway County",2,66,451,215,236
050,21,035,"Kentucky","Calloway County",2,67,420,209,211
050,21,035,"Kentucky","Calloway County",2,68,399,194,205
050,21,035,"Kentucky","Calloway County",2,69,360,171,189
050,21,035,"Kentucky","Calloway County",2,70,330,159,171
050,21,035,"Kentucky","Calloway County",2,71,359,171,188
050,21,035,"Kentucky","Calloway County",2,72,349,168,181
050,21,035,"Kentucky","Calloway County",2,73,384,187,197
050,21,035,"Kentucky","Calloway County",2,74,262,123,139
050,21,035,"Kentucky","Calloway County",2,75,247,120,127
050,21,035,"Kentucky","Calloway County",2,76,262,127,135
050,21,035,"Kentucky","Calloway County",2,77,279,126,153
050,21,035,"Kentucky","Calloway County",2,78,229,95,134
050,21,035,"Kentucky","Calloway County",2,79,193,84,109
050,21,035,"Kentucky","Calloway County",2,80,172,69,103
050,21,035,"Kentucky","Calloway County",2,81,172,74,98
050,21,035,"Kentucky","Calloway County",2,82,143,61,82
050,21,035,"Kentucky","Calloway County",2,83,137,58,79
050,21,035,"Kentucky","Calloway County",2,84,124,52,72
050,21,035,"Kentucky","Calloway County",2,85,666,241,425
050,21,035,"Kentucky","Calloway County",3,0,337,173,164
050,21,035,"Kentucky","Calloway County",3,1,295,155,140
050,21,035,"Kentucky","Calloway County",3,2,357,193,164
050,21,035,"Kentucky","Calloway County",3,3,373,189,184
050,21,035,"Kentucky","Calloway County",3,4,393,197,196
050,21,035,"Kentucky","Calloway County",3,5,422,200,222
050,21,035,"Kentucky","Calloway County",3,6,392,183,209
050,21,035,"Kentucky","Calloway County",3,7,373,187,186
050,21,035,"Kentucky","Calloway County",3,8,374,203,171
050,21,035,"Kentucky","Calloway County",3,9,373,196,177
050,21,035,"Kentucky","Calloway County",3,10,381,199,182
050,21,035,"Kentucky","Calloway County",3,11,409,216,193
050,21,035,"Kentucky","Calloway County",3,12,404,209,195
050,21,035,"Kentucky","Calloway County",3,13,423,231,192
050,21,035,"Kentucky","Calloway County",3,14,421,223,198
050,21,035,"Kentucky","Calloway County",3,15,387,195,192
050,21,035,"Kentucky","Calloway County",3,16,369,189,180
050,21,035,"Kentucky","Calloway County",3,17,380,199,181
050,21,035,"Kentucky","Calloway County",3,18,832,352,480
050,21,035,"Kentucky","Calloway County",3,19,1417,610,807
050,21,035,"Kentucky","Calloway County",3,20,1494,679,815
050,21,035,"Kentucky","Calloway County",3,21,1321,641,680
050,21,035,"Kentucky","Calloway County",3,22,1136,589,547
050,21,035,"Kentucky","Calloway County",3,23,822,402,420
050,21,035,"Kentucky","Calloway County",3,24,627,326,301
050,21,035,"Kentucky","Calloway County",3,25,530,282,248
050,21,035,"Kentucky","Calloway County",3,26,491,247,244
050,21,035,"Kentucky","Calloway County",3,27,452,236,216
050,21,035,"Kentucky","Calloway County",3,28,442,229,213
050,21,035,"Kentucky","Calloway County",3,29,411,213,198
050,21,035,"Kentucky","Calloway County",3,30,437,223,214
050,21,035,"Kentucky","Calloway County",3,31,433,226,207
050,21,035,"Kentucky","Calloway County",3,32,452,231,221
050,21,035,"Kentucky","Calloway County",3,33,436,216,220
050,21,035,"Kentucky","Calloway County",3,34,405,198,207
050,21,035,"Kentucky","Calloway County",3,35,387,208,179
050,21,035,"Kentucky","Calloway County",3,36,408,205,203
050,21,035,"Kentucky","Calloway County",3,37,397,192,205
050,21,035,"Kentucky","Calloway County",3,38,387,189,198
050,21,035,"Kentucky","Calloway County",3,39,430,216,214
050,21,035,"Kentucky","Calloway County",3,40,421,214,207
050,21,035,"Kentucky","Calloway County",3,41,400,209,191
050,21,035,"Kentucky","Calloway County",3,42,407,206,201
050,21,035,"Kentucky","Calloway County",3,43,404,210,194
050,21,035,"Kentucky","Calloway County",3,44,381,197,184
050,21,035,"Kentucky","Calloway County",3,45,343,189,154
050,21,035,"Kentucky","Calloway County",3,46,364,191,173
050,21,035,"Kentucky","Calloway County",3,47,385,203,182
050,21,035,"Kentucky","Calloway County",3,48,393,199,194
050,21,035,"Kentucky","Calloway County",3,49,407,206,201
050,21,035,"Kentucky","Calloway County",3,50,442,222,220
050,21,035,"Kentucky","Calloway County",3,51,417,207,210
050,21,035,"Kentucky","Calloway County",3,52,395,193,202
050,21,035,"Kentucky","Calloway County",3,53,403,199,204
050,21,035,"Kentucky","Calloway County",3,54,414,196,218
050,21,035,"Kentucky","Calloway County",3,55,406,205,201
050,21,035,"Kentucky","Calloway County",3,56,432,221,211
050,21,035,"Kentucky","Calloway County",3,57,473,240,233
050,21,035,"Kentucky","Calloway County",3,58,456,226,230
050,21,035,"Kentucky","Calloway County",3,59,456,226,230
050,21,035,"Kentucky","Calloway County",3,60,461,220,241
050,21,035,"Kentucky","Calloway County",3,61,429,212,217
050,21,035,"Kentucky","Calloway County",3,62,446,205,241
050,21,035,"Kentucky","Calloway County",3,63,452,209,243
050,21,035,"Kentucky","Calloway County",3,64,428,210,218
050,21,035,"Kentucky","Calloway County",3,65,422,202,220
050,21,035,"Kentucky","Calloway County",3,66,447,219,228
050,21,035,"Kentucky","Calloway County",3,67,447,213,234
050,21,035,"Kentucky","Calloway County",3,68,408,201,207
050,21,035,"Kentucky","Calloway County",3,69,395,194,201
050,21,035,"Kentucky","Calloway County",3,70,353,162,191
050,21,035,"Kentucky","Calloway County",3,71,333,161,172
050,21,035,"Kentucky","Calloway County",3,72,339,159,180
050,21,035,"Kentucky","Calloway County",3,73,341,165,176
050,21,035,"Kentucky","Calloway County",3,74,380,182,198
050,21,035,"Kentucky","Calloway County",3,75,245,115,130
050,21,035,"Kentucky","Calloway County",3,76,235,109,126
050,21,035,"Kentucky","Calloway County",3,77,244,119,125
050,21,035,"Kentucky","Calloway County",3,78,268,117,151
050,21,035,"Kentucky","Calloway County",3,79,213,91,122
050,21,035,"Kentucky","Calloway County",3,80,173,70,103
050,21,035,"Kentucky","Calloway County",3,81,170,67,103
050,21,035,"Kentucky","Calloway County",3,82,145,58,87
050,21,035,"Kentucky","Calloway County",3,83,128,61,67
050,21,035,"Kentucky","Calloway County",3,84,124,52,72
050,21,035,"Kentucky","Calloway County",3,85,661,246,415
050,21,035,"Kentucky","Calloway County",4,0,359,187,172
050,21,035,"Kentucky","Calloway County",4,1,347,172,175
050,21,035,"Kentucky","Calloway County",4,2,325,169,156
050,21,035,"Kentucky","Calloway County",4,3,371,201,170
050,21,035,"Kentucky","Calloway County",4,4,390,196,194
050,21,035,"Kentucky","Calloway County",4,5,406,199,207
050,21,035,"Kentucky","Calloway County",4,6,427,204,223
050,21,035,"Kentucky","Calloway County",4,7,400,199,201
050,21,035,"Kentucky","Calloway County",4,8,378,182,196
050,21,035,"Kentucky","Calloway County",4,9,385,213,172
050,21,035,"Kentucky","Calloway County",4,10,385,195,190
050,21,035,"Kentucky","Calloway County",4,11,383,196,187
050,21,035,"Kentucky","Calloway County",4,12,405,217,188
050,21,035,"Kentucky","Calloway County",4,13,402,209,193
050,21,035,"Kentucky","Calloway County",4,14,423,232,191
050,21,035,"Kentucky","Calloway County",4,15,439,225,214
050,21,035,"Kentucky","Calloway County",4,16,390,201,189
050,21,035,"Kentucky","Calloway County",4,17,381,198,183
050,21,035,"Kentucky","Calloway County",4,18,794,335,459
050,21,035,"Kentucky","Calloway County",4,19,1384,592,792
050,21,035,"Kentucky","Calloway County",4,20,1458,659,799
050,21,035,"Kentucky","Calloway County",4,21,1332,656,676
050,21,035,"Kentucky","Calloway County",4,22,1141,575,566
050,21,035,"Kentucky","Calloway County",4,23,818,405,413
050,21,035,"Kentucky","Calloway County",4,24,658,337,321
050,21,035,"Kentucky","Calloway County",4,25,555,289,266
050,21,035,"Kentucky","Calloway County",4,26,457,231,226
050,21,035,"Kentucky","Calloway County",4,27,430,226,204
050,21,035,"Kentucky","Calloway County",4,28,417,215,202
050,21,035,"Kentucky","Calloway County",4,29,437,227,210
050,21,035,"Kentucky","Calloway County",4,30,402,219,183
050,21,035,"Kentucky","Calloway County",4,31,440,220,220
050,21,035,"Kentucky","Calloway County",4,32,418,207,211
050,21,035,"Kentucky","Calloway County",4,33,457,229,228
050,21,035,"Kentucky","Calloway County",4,34,432,211,221
050,21,035,"Kentucky","Calloway County",4,35,409,202,207
050,21,035,"Kentucky","Calloway County",4,36,407,217,190
050,21,035,"Kentucky","Calloway County",4,37,412,209,203
050,21,035,"Kentucky","Calloway County",4,38,399,191,208
050,21,035,"Kentucky","Calloway County",4,39,386,176,210
050,21,035,"Kentucky","Calloway County",4,40,422,212,210
050,21,035,"Kentucky","Calloway County",4,41,433,225,208
050,21,035,"Kentucky","Calloway County",4,42,409,210,199
050,21,035,"Kentucky","Calloway County",4,43,412,208,204
050,21,035,"Kentucky","Calloway County",4,44,412,202,210
050,21,035,"Kentucky","Calloway County",4,45,376,196,180
050,21,035,"Kentucky","Calloway County",4,46,362,203,159
050,21,035,"Kentucky","Calloway County",4,47,370,192,178
050,21,035,"Kentucky","Calloway County",4,48,367,184,183
050,21,035,"Kentucky","Calloway County",4,49,387,191,196
050,21,035,"Kentucky","Calloway County",4,50,416,200,216
050,21,035,"Kentucky","Calloway County",4,51,444,227,217
050,21,035,"Kentucky","Calloway County",4,52,419,209,210
050,21,035,"Kentucky","Calloway County",4,53,395,191,204
050,21,035,"Kentucky","Calloway County",4,54,393,196,197
050,21,035,"Kentucky","Calloway County",4,55,413,200,213
050,21,035,"Kentucky","Calloway County",4,56,415,207,208
050,21,035,"Kentucky","Calloway County",4,57,430,214,216
050,21,035,"Kentucky","Calloway County",4,58,467,234,233
050,21,035,"Kentucky","Calloway County",4,59,470,233,237
050,21,035,"Kentucky","Calloway County",4,60,465,232,233
050,21,035,"Kentucky","Calloway County",4,61,464,223,241
050,21,035,"Kentucky","Calloway County",4,62,438,217,221
050,21,035,"Kentucky","Calloway County",4,63,441,201,240
050,21,035,"Kentucky","Calloway County",4,64,464,210,254
050,21,035,"Kentucky","Calloway County",4,65,428,210,218
050,21,035,"Kentucky","Calloway County",4,66,424,206,218
050,21,035,"Kentucky","Calloway County",4,67,442,222,220
050,21,035,"Kentucky","Calloway County",4,68,436,207,229
050,21,035,"Kentucky","Calloway County",4,69,402,198,204
050,21,035,"Kentucky","Calloway County",4,70,379,182,197
050,21,035,"Kentucky","Calloway County",4,71,350,161,189
050,21,035,"Kentucky","Calloway County",4,72,322,154,168
050,21,035,"Kentucky","Calloway County",4,73,333,158,175
050,21,035,"Kentucky","Calloway County",4,74,338,159,179
050,21,035,"Kentucky","Calloway County",4,75,359,171,188
050,21,035,"Kentucky","Calloway County",4,76,231,108,123
050,21,035,"Kentucky","Calloway County",4,77,220,101,119
050,21,035,"Kentucky","Calloway County",4,78,228,111,117
050,21,035,"Kentucky","Calloway County",4,79,262,116,146
050,21,035,"Kentucky","Calloway County",4,80,195,76,119
050,21,035,"Kentucky","Calloway County",4,81,166,67,99
050,21,035,"Kentucky","Calloway County",4,82,142,50,92
050,21,035,"Kentucky","Calloway County",4,83,133,53,80
050,21,035,"Kentucky","Calloway County",4,84,113,53,60
050,21,035,"Kentucky","Calloway County",4,85,667,255,412
050,21,035,"Kentucky","Calloway County",5,0,355,185,170
050,21,035,"Kentucky","Calloway County",5,1,386,190,196
050,21,035,"Kentucky","Calloway County",5,2,342,181,161
050,21,035,"Kentucky","Calloway County",5,3,335,169,166
050,21,035,"Kentucky","Calloway County",5,4,361,199,162
050,21,035,"Kentucky","Calloway County",5,5,404,206,198
050,21,035,"Kentucky","Calloway County",5,6,409,210,199
050,21,035,"Kentucky","Calloway County",5,7,444,215,229
050,21,035,"Kentucky","Calloway County",5,8,391,190,201
050,21,035,"Kentucky","Calloway County",5,9,376,182,194
050,21,035,"Kentucky","Calloway County",5,10,387,211,176
050,21,035,"Kentucky","Calloway County",5,11,390,197,193
050,21,035,"Kentucky","Calloway County",5,12,389,201,188
050,21,035,"Kentucky","Calloway County",5,13,405,213,192
050,21,035,"Kentucky","Calloway County",5,14,413,214,199
050,21,035,"Kentucky","Calloway County",5,15,433,242,191
050,21,035,"Kentucky","Calloway County",5,16,450,234,216
050,21,035,"Kentucky","Calloway County",5,17,411,213,198
050,21,035,"Kentucky","Calloway County",5,18,793,328,465
050,21,035,"Kentucky","Calloway County",5,19,1375,582,793
050,21,035,"Kentucky","Calloway County",5,20,1445,656,789
050,21,035,"Kentucky","Calloway County",5,21,1313,640,673
050,21,035,"Kentucky","Calloway County",5,22,1148,605,543
050,21,035,"Kentucky","Calloway County",5,23,823,405,418
050,21,035,"Kentucky","Calloway County",5,24,639,326,313
050,21,035,"Kentucky","Calloway County",5,25,590,311,279
050,21,035,"Kentucky","Calloway County",5,26,442,226,216
050,21,035,"Kentucky","Calloway County",5,27,395,211,184
050,21,035,"Kentucky","Calloway County",5,28,419,222,197
050,21,035,"Kentucky","Calloway County",5,29,398,203,195
050,21,035,"Kentucky","Calloway County",5,30,435,220,215
050,21,035,"Kentucky","Calloway County",5,31,415,225,190
050,21,035,"Kentucky","Calloway County",5,32,421,205,216
050,21,035,"Kentucky","Calloway County",5,33,430,211,219
050,21,035,"Kentucky","Calloway County",5,34,458,226,232
050,21,035,"Kentucky","Calloway County",5,35,436,217,219
050,21,035,"Kentucky","Calloway County",5,36,413,205,208
050,21,035,"Kentucky","Calloway County",5,37,419,222,197
050,21,035,"Kentucky","Calloway County",5,38,403,198,205
050,21,035,"Kentucky","Calloway County",5,39,411,196,215
050,21,035,"Kentucky","Calloway County",5,40,386,177,209
050,21,035,"Kentucky","Calloway County",5,41,431,227,204
050,21,035,"Kentucky","Calloway County",5,42,438,222,216
050,21,035,"Kentucky","Calloway County",5,43,416,208,208
050,21,035,"Kentucky","Calloway County",5,44,433,214,219
050,21,035,"Kentucky","Calloway County",5,45,411,202,209
050,21,035,"Kentucky","Calloway County",5,46,368,189,179
050,21,035,"Kentucky","Calloway County",5,47,364,210,154
050,21,035,"Kentucky","Calloway County",5,48,371,190,181
050,21,035,"Kentucky","Calloway County",5,49,374,185,189
050,21,035,"Kentucky","Calloway County",5,50,387,188,199
050,21,035,"Kentucky","Calloway County",5,51,418,204,214
050,21,035,"Kentucky","Calloway County",5,52,453,228,225
050,21,035,"Kentucky","Calloway County",5,53,415,205,210
050,21,035,"Kentucky","Calloway County",5,54,401,194,207
050,21,035,"Kentucky","Calloway County",5,55,385,192,193
050,21,035,"Kentucky","Calloway County",5,56,412,200,212
050,21,035,"Kentucky","Calloway County",5,57,409,201,208
050,21,035,"Kentucky","Calloway County",5,58,433,210,223
050,21,035,"Kentucky","Calloway County",5,59,465,232,233
050,21,035,"Kentucky","Calloway County",5,60,466,237,229
050,21,035,"Kentucky","Calloway County",5,61,464,228,236
050,21,035,"Kentucky","Calloway County",5,62,473,227,246
050,21,035,"Kentucky","Calloway County",5,63,446,224,222
050,21,035,"Kentucky","Calloway County",5,64,443,202,241
050,21,035,"Kentucky","Calloway County",5,65,461,204,257
050,21,035,"Kentucky","Calloway County",5,66,420,206,214
050,21,035,"Kentucky","Calloway County",5,67,428,213,215
050,21,035,"Kentucky","Calloway County",5,68,428,214,214
050,21,035,"Kentucky","Calloway County",5,69,431,203,228
050,21,035,"Kentucky","Calloway County",5,70,402,200,202
050,21,035,"Kentucky","Calloway County",5,71,376,176,200
050,21,035,"Kentucky","Calloway County",5,72,333,152,181
050,21,035,"Kentucky","Calloway County",5,73,318,154,164
050,21,035,"Kentucky","Calloway County",5,74,324,148,176
050,21,035,"Kentucky","Calloway County",5,75,316,148,168
050,21,035,"Kentucky","Calloway County",5,76,346,159,187
050,21,035,"Kentucky","Calloway County",5,77,212,98,114
050,21,035,"Kentucky","Calloway County",5,78,212,98,114
050,21,035,"Kentucky","Calloway County",5,79,217,109,108
050,21,035,"Kentucky","Calloway County",5,80,240,100,140
050,21,035,"Kentucky","Calloway County",5,81,191,72,119
050,21,035,"Kentucky","Calloway County",5,82,140,52,88
050,21,035,"Kentucky","Calloway County",5,83,130,46,84
050,21,035,"Kentucky","Calloway County",5,84,120,46,74
050,21,035,"Kentucky","Calloway County",5,85,671,268,403
050,21,037,"Kentucky","Campbell County",1,0,1071,548,523
050,21,037,"Kentucky","Campbell County",1,1,1090,558,532
050,21,037,"Kentucky","Campbell County",1,2,1095,579,516
050,21,037,"Kentucky","Campbell County",1,3,1012,527,485
050,21,037,"Kentucky","Campbell County",1,4,1044,521,523
050,21,037,"Kentucky","Campbell County",1,5,1088,554,534
050,21,037,"Kentucky","Campbell County",1,6,1060,525,535
050,21,037,"Kentucky","Campbell County",1,7,1077,563,514
050,21,037,"Kentucky","Campbell County",1,8,1109,581,528
050,21,037,"Kentucky","Campbell County",1,9,1054,544,510
050,21,037,"Kentucky","Campbell County",1,10,1134,566,568
050,21,037,"Kentucky","Campbell County",1,11,1150,568,582
050,21,037,"Kentucky","Campbell County",1,12,1158,590,568
050,21,037,"Kentucky","Campbell County",1,13,1135,576,559
050,21,037,"Kentucky","Campbell County",1,14,1121,565,556
050,21,037,"Kentucky","Campbell County",1,15,1015,522,493
050,21,037,"Kentucky","Campbell County",1,16,1090,571,519
050,21,037,"Kentucky","Campbell County",1,17,1115,564,551
050,21,037,"Kentucky","Campbell County",1,18,1164,550,614
050,21,037,"Kentucky","Campbell County",1,19,1247,598,649
050,21,037,"Kentucky","Campbell County",1,20,1171,575,596
050,21,037,"Kentucky","Campbell County",1,21,1147,581,566
050,21,037,"Kentucky","Campbell County",1,22,1157,569,588
050,21,037,"Kentucky","Campbell County",1,23,1237,608,629
050,21,037,"Kentucky","Campbell County",1,24,1328,677,651
050,21,037,"Kentucky","Campbell County",1,25,1319,672,647
050,21,037,"Kentucky","Campbell County",1,26,1351,701,650
050,21,037,"Kentucky","Campbell County",1,27,1359,709,650
050,21,037,"Kentucky","Campbell County",1,28,1431,745,686
050,21,037,"Kentucky","Campbell County",1,29,1424,709,715
050,21,037,"Kentucky","Campbell County",1,30,1398,691,707
050,21,037,"Kentucky","Campbell County",1,31,1361,659,702
050,21,037,"Kentucky","Campbell County",1,32,1307,663,644
050,21,037,"Kentucky","Campbell County",1,33,1236,629,607
050,21,037,"Kentucky","Campbell County",1,34,1285,658,627
050,21,037,"Kentucky","Campbell County",1,35,1298,664,634
050,21,037,"Kentucky","Campbell County",1,36,1268,640,628
050,21,037,"Kentucky","Campbell County",1,37,1250,649,601
050,21,037,"Kentucky","Campbell County",1,38,1212,608,604
050,21,037,"Kentucky","Campbell County",1,39,1248,636,612
050,21,037,"Kentucky","Campbell County",1,40,1239,639,600
050,21,037,"Kentucky","Campbell County",1,41,1146,586,560
050,21,037,"Kentucky","Campbell County",1,42,1109,558,551
050,21,037,"Kentucky","Campbell County",1,43,1038,513,525
050,21,037,"Kentucky","Campbell County",1,44,1025,504,521
050,21,037,"Kentucky","Campbell County",1,45,1007,493,514
050,21,037,"Kentucky","Campbell County",1,46,999,496,503
050,21,037,"Kentucky","Campbell County",1,47,1047,536,511
050,21,037,"Kentucky","Campbell County",1,48,1123,567,556
050,21,037,"Kentucky","Campbell County",1,49,1223,634,589
050,21,037,"Kentucky","Campbell County",1,50,1128,584,544
050,21,037,"Kentucky","Campbell County",1,51,1171,592,579
050,21,037,"Kentucky","Campbell County",1,52,1152,582,570
050,21,037,"Kentucky","Campbell County",1,53,1185,596,589
050,21,037,"Kentucky","Campbell County",1,54,1200,577,623
050,21,037,"Kentucky","Campbell County",1,55,1249,614,635
050,21,037,"Kentucky","Campbell County",1,56,1302,637,665
050,21,037,"Kentucky","Campbell County",1,57,1362,687,675
050,21,037,"Kentucky","Campbell County",1,58,1358,671,687
050,21,037,"Kentucky","Campbell County",1,59,1379,688,691
050,21,037,"Kentucky","Campbell County",1,60,1398,695,703
050,21,037,"Kentucky","Campbell County",1,61,1366,686,680
050,21,037,"Kentucky","Campbell County",1,62,1330,639,691
050,21,037,"Kentucky","Campbell County",1,63,1283,618,665
050,21,037,"Kentucky","Campbell County",1,64,1223,594,629
050,21,037,"Kentucky","Campbell County",1,65,1223,617,606
050,21,037,"Kentucky","Campbell County",1,66,1142,558,584
050,21,037,"Kentucky","Campbell County",1,67,1107,520,587
050,21,037,"Kentucky","Campbell County",1,68,1037,511,526
050,21,037,"Kentucky","Campbell County",1,69,943,440,503
050,21,037,"Kentucky","Campbell County",1,70,879,408,471
050,21,037,"Kentucky","Campbell County",1,71,855,388,467
050,21,037,"Kentucky","Campbell County",1,72,843,401,442
050,21,037,"Kentucky","Campbell County",1,73,824,402,422
050,21,037,"Kentucky","Campbell County",1,74,550,253,297
050,21,037,"Kentucky","Campbell County",1,75,538,244,294
050,21,037,"Kentucky","Campbell County",1,76,529,241,288
050,21,037,"Kentucky","Campbell County",1,77,552,241,311
050,21,037,"Kentucky","Campbell County",1,78,485,217,268
050,21,037,"Kentucky","Campbell County",1,79,432,182,250
050,21,037,"Kentucky","Campbell County",1,80,374,151,223
050,21,037,"Kentucky","Campbell County",1,81,364,151,213
050,21,037,"Kentucky","Campbell County",1,82,328,133,195
050,21,037,"Kentucky","Campbell County",1,83,289,112,177
050,21,037,"Kentucky","Campbell County",1,84,269,100,169
050,21,037,"Kentucky","Campbell County",1,85,1647,612,1035
050,21,037,"Kentucky","Campbell County",2,0,1054,543,511
050,21,037,"Kentucky","Campbell County",2,1,1083,553,530
050,21,037,"Kentucky","Campbell County",2,2,1090,572,518
050,21,037,"Kentucky","Campbell County",2,3,1024,534,490
050,21,037,"Kentucky","Campbell County",2,4,1039,526,513
050,21,037,"Kentucky","Campbell County",2,5,1076,543,533
050,21,037,"Kentucky","Campbell County",2,6,1064,533,531
050,21,037,"Kentucky","Campbell County",2,7,1067,551,516
050,21,037,"Kentucky","Campbell County",2,8,1095,572,523
050,21,037,"Kentucky","Campbell County",2,9,1067,551,516
050,21,037,"Kentucky","Campbell County",2,10,1113,558,555
050,21,037,"Kentucky","Campbell County",2,11,1139,564,575
050,21,037,"Kentucky","Campbell County",2,12,1158,587,571
050,21,037,"Kentucky","Campbell County",2,13,1136,575,561
050,21,037,"Kentucky","Campbell County",2,14,1124,567,557
050,21,037,"Kentucky","Campbell County",2,15,1043,535,508
050,21,037,"Kentucky","Campbell County",2,16,1079,563,516
050,21,037,"Kentucky","Campbell County",2,17,1113,567,546
050,21,037,"Kentucky","Campbell County",2,18,1159,551,608
050,21,037,"Kentucky","Campbell County",2,19,1240,590,650
050,21,037,"Kentucky","Campbell County",2,20,1188,584,604
050,21,037,"Kentucky","Campbell County",2,21,1138,575,563
050,21,037,"Kentucky","Campbell County",2,22,1182,583,599
050,21,037,"Kentucky","Campbell County",2,23,1240,611,629
050,21,037,"Kentucky","Campbell County",2,24,1315,670,645
050,21,037,"Kentucky","Campbell County",2,25,1317,672,645
050,21,037,"Kentucky","Campbell County",2,26,1346,699,647
050,21,037,"Kentucky","Campbell County",2,27,1355,707,648
050,21,037,"Kentucky","Campbell County",2,28,1417,734,683
050,21,037,"Kentucky","Campbell County",2,29,1420,714,706
050,21,037,"Kentucky","Campbell County",2,30,1407,695,712
050,21,037,"Kentucky","Campbell County",2,31,1362,666,696
050,21,037,"Kentucky","Campbell County",2,32,1304,654,650
050,21,037,"Kentucky","Campbell County",2,33,1246,637,609
050,21,037,"Kentucky","Campbell County",2,34,1275,649,626
050,21,037,"Kentucky","Campbell County",2,35,1297,662,635
050,21,037,"Kentucky","Campbell County",2,36,1268,642,626
050,21,037,"Kentucky","Campbell County",2,37,1249,644,605
050,21,037,"Kentucky","Campbell County",2,38,1226,622,604
050,21,037,"Kentucky","Campbell County",2,39,1232,627,605
050,21,037,"Kentucky","Campbell County",2,40,1250,642,608
050,21,037,"Kentucky","Campbell County",2,41,1163,596,567
050,21,037,"Kentucky","Campbell County",2,42,1115,565,550
050,21,037,"Kentucky","Campbell County",2,43,1057,524,533
050,21,037,"Kentucky","Campbell County",2,44,1014,500,514
050,21,037,"Kentucky","Campbell County",2,45,1017,498,519
050,21,037,"Kentucky","Campbell County",2,46,997,493,504
050,21,037,"Kentucky","Campbell County",2,47,1034,525,509
050,21,037,"Kentucky","Campbell County",2,48,1102,558,544
050,21,037,"Kentucky","Campbell County",2,49,1202,621,581
050,21,037,"Kentucky","Campbell County",2,50,1155,595,560
050,21,037,"Kentucky","Campbell County",2,51,1161,591,570
050,21,037,"Kentucky","Campbell County",2,52,1150,580,570
050,21,037,"Kentucky","Campbell County",2,53,1186,594,592
050,21,037,"Kentucky","Campbell County",2,54,1193,581,612
050,21,037,"Kentucky","Campbell County",2,55,1238,602,636
050,21,037,"Kentucky","Campbell County",2,56,1293,633,660
050,21,037,"Kentucky","Campbell County",2,57,1347,673,674
050,21,037,"Kentucky","Campbell County",2,58,1359,674,685
050,21,037,"Kentucky","Campbell County",2,59,1384,688,696
050,21,037,"Kentucky","Campbell County",2,60,1386,690,696
050,21,037,"Kentucky","Campbell County",2,61,1368,685,683
050,21,037,"Kentucky","Campbell County",2,62,1335,649,686
050,21,037,"Kentucky","Campbell County",2,63,1301,625,676
050,21,037,"Kentucky","Campbell County",2,64,1231,596,635
050,21,037,"Kentucky","Campbell County",2,65,1219,609,610
050,21,037,"Kentucky","Campbell County",2,66,1164,571,593
050,21,037,"Kentucky","Campbell County",2,67,1112,527,585
050,21,037,"Kentucky","Campbell County",2,68,1038,505,533
050,21,037,"Kentucky","Campbell County",2,69,976,462,514
050,21,037,"Kentucky","Campbell County",2,70,880,408,472
050,21,037,"Kentucky","Campbell County",2,71,856,388,468
050,21,037,"Kentucky","Campbell County",2,72,827,390,437
050,21,037,"Kentucky","Campbell County",2,73,861,417,444
050,21,037,"Kentucky","Campbell County",2,74,575,269,306
050,21,037,"Kentucky","Campbell County",2,75,542,247,295
050,21,037,"Kentucky","Campbell County",2,76,528,240,288
050,21,037,"Kentucky","Campbell County",2,77,553,243,310
050,21,037,"Kentucky","Campbell County",2,78,488,216,272
050,21,037,"Kentucky","Campbell County",2,79,434,186,248
050,21,037,"Kentucky","Campbell County",2,80,383,155,228
050,21,037,"Kentucky","Campbell County",2,81,359,150,209
050,21,037,"Kentucky","Campbell County",2,82,331,133,198
050,21,037,"Kentucky","Campbell County",2,83,300,117,183
050,21,037,"Kentucky","Campbell County",2,84,264,98,166
050,21,037,"Kentucky","Campbell County",2,85,1652,615,1037
050,21,037,"Kentucky","Campbell County",3,0,1002,512,490
050,21,037,"Kentucky","Campbell County",3,1,1001,518,483
050,21,037,"Kentucky","Campbell County",3,2,1068,561,507
050,21,037,"Kentucky","Campbell County",3,3,1058,557,501
050,21,037,"Kentucky","Campbell County",3,4,1042,533,509
050,21,037,"Kentucky","Campbell County",3,5,1017,527,490
050,21,037,"Kentucky","Campbell County",3,6,1073,531,542
050,21,037,"Kentucky","Campbell County",3,7,1066,537,529
050,21,037,"Kentucky","Campbell County",3,8,1077,554,523
050,21,037,"Kentucky","Campbell County",3,9,1075,572,503
050,21,037,"Kentucky","Campbell County",3,10,1056,551,505
050,21,037,"Kentucky","Campbell County",3,11,1085,549,536
050,21,037,"Kentucky","Campbell County",3,12,1130,569,561
050,21,037,"Kentucky","Campbell County",3,13,1137,566,571
050,21,037,"Kentucky","Campbell County",3,14,1124,562,562
050,21,037,"Kentucky","Campbell County",3,15,1135,573,562
050,21,037,"Kentucky","Campbell County",3,16,1053,548,505
050,21,037,"Kentucky","Campbell County",3,17,1064,542,522
050,21,037,"Kentucky","Campbell County",3,18,1082,545,537
050,21,037,"Kentucky","Campbell County",3,19,1044,511,533
050,21,037,"Kentucky","Campbell County",3,20,1055,524,531
050,21,037,"Kentucky","Campbell County",3,21,1087,546,541
050,21,037,"Kentucky","Campbell County",3,22,1128,566,562
050,21,037,"Kentucky","Campbell County",3,23,1284,623,661
050,21,037,"Kentucky","Campbell County",3,24,1349,658,691
050,21,037,"Kentucky","Campbell County",3,25,1365,690,675
050,21,037,"Kentucky","Campbell County",3,26,1350,718,632
050,21,037,"Kentucky","Campbell County",3,27,1363,714,649
050,21,037,"Kentucky","Campbell County",3,28,1344,698,646
050,21,037,"Kentucky","Campbell County",3,29,1419,726,693
050,21,037,"Kentucky","Campbell County",3,30,1387,707,680
050,21,037,"Kentucky","Campbell County",3,31,1386,678,708
050,21,037,"Kentucky","Campbell County",3,32,1358,666,692
050,21,037,"Kentucky","Campbell County",3,33,1289,646,643
050,21,037,"Kentucky","Campbell County",3,34,1271,636,635
050,21,037,"Kentucky","Campbell County",3,35,1265,645,620
050,21,037,"Kentucky","Campbell County",3,36,1338,697,641
050,21,037,"Kentucky","Campbell County",3,37,1282,658,624
050,21,037,"Kentucky","Campbell County",3,38,1269,652,617
050,21,037,"Kentucky","Campbell County",3,39,1221,624,597
050,21,037,"Kentucky","Campbell County",3,40,1238,635,603
050,21,037,"Kentucky","Campbell County",3,41,1240,647,593
050,21,037,"Kentucky","Campbell County",3,42,1158,601,557
050,21,037,"Kentucky","Campbell County",3,43,1076,533,543
050,21,037,"Kentucky","Campbell County",3,44,1067,533,534
050,21,037,"Kentucky","Campbell County",3,45,988,476,512
050,21,037,"Kentucky","Campbell County",3,46,1007,498,509
050,21,037,"Kentucky","Campbell County",3,47,989,486,503
050,21,037,"Kentucky","Campbell County",3,48,1023,507,516
050,21,037,"Kentucky","Campbell County",3,49,1099,552,547
050,21,037,"Kentucky","Campbell County",3,50,1216,639,577
050,21,037,"Kentucky","Campbell County",3,51,1164,600,564
050,21,037,"Kentucky","Campbell County",3,52,1163,597,566
050,21,037,"Kentucky","Campbell County",3,53,1132,573,559
050,21,037,"Kentucky","Campbell County",3,54,1184,600,584
050,21,037,"Kentucky","Campbell County",3,55,1182,573,609
050,21,037,"Kentucky","Campbell County",3,56,1219,590,629
050,21,037,"Kentucky","Campbell County",3,57,1274,623,651
050,21,037,"Kentucky","Campbell County",3,58,1334,665,669
050,21,037,"Kentucky","Campbell County",3,59,1353,665,688
050,21,037,"Kentucky","Campbell County",3,60,1356,689,667
050,21,037,"Kentucky","Campbell County",3,61,1367,689,678
050,21,037,"Kentucky","Campbell County",3,62,1350,666,684
050,21,037,"Kentucky","Campbell County",3,63,1334,644,690
050,21,037,"Kentucky","Campbell County",3,64,1271,605,666
050,21,037,"Kentucky","Campbell County",3,65,1200,578,622
050,21,037,"Kentucky","Campbell County",3,66,1185,589,596
050,21,037,"Kentucky","Campbell County",3,67,1142,554,588
050,21,037,"Kentucky","Campbell County",3,68,1076,511,565
050,21,037,"Kentucky","Campbell County",3,69,1043,511,532
050,21,037,"Kentucky","Campbell County",3,70,945,448,497
050,21,037,"Kentucky","Campbell County",3,71,867,391,476
050,21,037,"Kentucky","Campbell County",3,72,838,381,457
050,21,037,"Kentucky","Campbell County",3,73,809,379,430
050,21,037,"Kentucky","Campbell County",3,74,828,395,433
050,21,037,"Kentucky","Campbell County",3,75,545,249,296
050,21,037,"Kentucky","Campbell County",3,76,533,242,291
050,21,037,"Kentucky","Campbell County",3,77,512,225,287
050,21,037,"Kentucky","Campbell County",3,78,533,229,304
050,21,037,"Kentucky","Campbell County",3,79,466,205,261
050,21,037,"Kentucky","Campbell County",3,80,407,170,237
050,21,037,"Kentucky","Campbell County",3,81,355,145,210
050,21,037,"Kentucky","Campbell County",3,82,330,143,187
050,21,037,"Kentucky","Campbell County",3,83,339,129,210
050,21,037,"Kentucky","Campbell County",3,84,261,99,162
050,21,037,"Kentucky","Campbell County",3,85,1631,600,1031
050,21,037,"Kentucky","Campbell County",4,0,991,485,506
050,21,037,"Kentucky","Campbell County",4,1,989,503,486
050,21,037,"Kentucky","Campbell County",4,2,1020,537,483
050,21,037,"Kentucky","Campbell County",4,3,1053,552,501
050,21,037,"Kentucky","Campbell County",4,4,1036,536,500
050,21,037,"Kentucky","Campbell County",4,5,1043,545,498
050,21,037,"Kentucky","Campbell County",4,6,1017,530,487
050,21,037,"Kentucky","Campbell County",4,7,1052,511,541
050,21,037,"Kentucky","Campbell County",4,8,1072,531,541
050,21,037,"Kentucky","Campbell County",4,9,1064,544,520
050,21,037,"Kentucky","Campbell County",4,10,1089,575,514
050,21,037,"Kentucky","Campbell County",4,11,1035,532,503
050,21,037,"Kentucky","Campbell County",4,12,1081,538,543
050,21,037,"Kentucky","Campbell County",4,13,1132,575,557
050,21,037,"Kentucky","Campbell County",4,14,1170,584,586
050,21,037,"Kentucky","Campbell County",4,15,1142,579,563
050,21,037,"Kentucky","Campbell County",4,16,1149,578,571
050,21,037,"Kentucky","Campbell County",4,17,1058,539,519
050,21,037,"Kentucky","Campbell County",4,18,1088,546,542
050,21,037,"Kentucky","Campbell County",4,19,1094,535,559
050,21,037,"Kentucky","Campbell County",4,20,1074,535,539
050,21,037,"Kentucky","Campbell County",4,21,1070,538,532
050,21,037,"Kentucky","Campbell County",4,22,1195,579,616
050,21,037,"Kentucky","Campbell County",4,23,1265,619,646
050,21,037,"Kentucky","Campbell County",4,24,1391,701,690
050,21,037,"Kentucky","Campbell County",4,25,1368,693,675
050,21,037,"Kentucky","Campbell County",4,26,1413,728,685
050,21,037,"Kentucky","Campbell County",4,27,1331,694,637
050,21,037,"Kentucky","Campbell County",4,28,1385,717,668
050,21,037,"Kentucky","Campbell County",4,29,1337,692,645
050,21,037,"Kentucky","Campbell County",4,30,1429,728,701
050,21,037,"Kentucky","Campbell County",4,31,1376,720,656
050,21,037,"Kentucky","Campbell County",4,32,1360,675,685
050,21,037,"Kentucky","Campbell County",4,33,1371,678,693
050,21,037,"Kentucky","Campbell County",4,34,1294,640,654
050,21,037,"Kentucky","Campbell County",4,35,1245,636,609
050,21,037,"Kentucky","Campbell County",4,36,1253,640,613
050,21,037,"Kentucky","Campbell County",4,37,1302,683,619
050,21,037,"Kentucky","Campbell County",4,38,1258,647,611
050,21,037,"Kentucky","Campbell County",4,39,1249,637,612
050,21,037,"Kentucky","Campbell County",4,40,1210,609,601
050,21,037,"Kentucky","Campbell County",4,41,1225,616,609
050,21,037,"Kentucky","Campbell County",4,42,1227,637,590
050,21,037,"Kentucky","Campbell County",4,43,1161,589,572
050,21,037,"Kentucky","Campbell County",4,44,1078,539,539
050,21,037,"Kentucky","Campbell County",4,45,1082,535,547
050,21,037,"Kentucky","Campbell County",4,46,979,469,510
050,21,037,"Kentucky","Campbell County",4,47,1004,498,506
050,21,037,"Kentucky","Campbell County",4,48,966,461,505
050,21,037,"Kentucky","Campbell County",4,49,1019,511,508
050,21,037,"Kentucky","Campbell County",4,50,1093,559,534
050,21,037,"Kentucky","Campbell County",4,51,1197,623,574
050,21,037,"Kentucky","Campbell County",4,52,1134,575,559
050,21,037,"Kentucky","Campbell County",4,53,1169,591,578
050,21,037,"Kentucky","Campbell County",4,54,1119,568,551
050,21,037,"Kentucky","Campbell County",4,55,1178,590,588
050,21,037,"Kentucky","Campbell County",4,56,1177,579,598
050,21,037,"Kentucky","Campbell County",4,57,1206,580,626
050,21,037,"Kentucky","Campbell County",4,58,1265,624,641
050,21,037,"Kentucky","Campbell County",4,59,1334,660,674
050,21,037,"Kentucky","Campbell County",4,60,1344,649,695
050,21,037,"Kentucky","Campbell County",4,61,1348,692,656
050,21,037,"Kentucky","Campbell County",4,62,1351,683,668
050,21,037,"Kentucky","Campbell County",4,63,1329,650,679
050,21,037,"Kentucky","Campbell County",4,64,1318,627,691
050,21,037,"Kentucky","Campbell County",4,65,1271,600,671
050,21,037,"Kentucky","Campbell County",4,66,1179,570,609
050,21,037,"Kentucky","Campbell County",4,67,1164,578,586
050,21,037,"Kentucky","Campbell County",4,68,1112,543,569
050,21,037,"Kentucky","Campbell County",4,69,1082,516,566
050,21,037,"Kentucky","Campbell County",4,70,1028,507,521
050,21,037,"Kentucky","Campbell County",4,71,925,429,496
050,21,037,"Kentucky","Campbell County",4,72,837,374,463
050,21,037,"Kentucky","Campbell County",4,73,817,369,448
050,21,037,"Kentucky","Campbell County",4,74,783,360,423
050,21,037,"Kentucky","Campbell County",4,75,803,374,429
050,21,037,"Kentucky","Campbell County",4,76,532,247,285
050,21,037,"Kentucky","Campbell County",4,77,505,219,286
050,21,037,"Kentucky","Campbell County",4,78,510,217,293
050,21,037,"Kentucky","Campbell County",4,79,508,212,296
050,21,037,"Kentucky","Campbell County",4,80,437,192,245
050,21,037,"Kentucky","Campbell County",4,81,384,160,224
050,21,037,"Kentucky","Campbell County",4,82,322,138,184
050,21,037,"Kentucky","Campbell County",4,83,322,133,189
050,21,037,"Kentucky","Campbell County",4,84,296,108,188
050,21,037,"Kentucky","Campbell County",4,85,1601,574,1027
050,21,037,"Kentucky","Campbell County",5,0,962,475,487
050,21,037,"Kentucky","Campbell County",5,1,982,472,510
050,21,037,"Kentucky","Campbell County",5,2,978,501,477
050,21,037,"Kentucky","Campbell County",5,3,1019,524,495
050,21,037,"Kentucky","Campbell County",5,4,1029,541,488
050,21,037,"Kentucky","Campbell County",5,5,1047,535,512
050,21,037,"Kentucky","Campbell County",5,6,1017,530,487
050,21,037,"Kentucky","Campbell County",5,7,1032,532,500
050,21,037,"Kentucky","Campbell County",5,8,1071,543,528
050,21,037,"Kentucky","Campbell County",5,9,1078,540,538
050,21,037,"Kentucky","Campbell County",5,10,1054,534,520
050,21,037,"Kentucky","Campbell County",5,11,1087,571,516
050,21,037,"Kentucky","Campbell County",5,12,1042,534,508
050,21,037,"Kentucky","Campbell County",5,13,1094,549,545
050,21,037,"Kentucky","Campbell County",5,14,1129,581,548
050,21,037,"Kentucky","Campbell County",5,15,1148,583,565
050,21,037,"Kentucky","Campbell County",5,16,1137,584,553
050,21,037,"Kentucky","Campbell County",5,17,1160,583,577
050,21,037,"Kentucky","Campbell County",5,18,1080,533,547
050,21,037,"Kentucky","Campbell County",5,19,1151,562,589
050,21,037,"Kentucky","Campbell County",5,20,1101,547,554
050,21,037,"Kentucky","Campbell County",5,21,1064,537,527
050,21,037,"Kentucky","Campbell County",5,22,1160,572,588
050,21,037,"Kentucky","Campbell County",5,23,1269,630,639
050,21,037,"Kentucky","Campbell County",5,24,1358,679,679
050,21,037,"Kentucky","Campbell County",5,25,1453,743,710
050,21,037,"Kentucky","Campbell County",5,26,1398,705,693
050,21,037,"Kentucky","Campbell County",5,27,1450,755,695
050,21,037,"Kentucky","Campbell County",5,28,1337,699,638
050,21,037,"Kentucky","Campbell County",5,29,1379,708,671
050,21,037,"Kentucky","Campbell County",5,30,1353,697,656
050,21,037,"Kentucky","Campbell County",5,31,1412,717,695
050,21,037,"Kentucky","Campbell County",5,32,1368,709,659
050,21,037,"Kentucky","Campbell County",5,33,1335,661,674
050,21,037,"Kentucky","Campbell County",5,34,1365,671,694
050,21,037,"Kentucky","Campbell County",5,35,1281,631,650
050,21,037,"Kentucky","Campbell County",5,36,1233,628,605
050,21,037,"Kentucky","Campbell County",5,37,1264,652,612
050,21,037,"Kentucky","Campbell County",5,38,1311,679,632
050,21,037,"Kentucky","Campbell County",5,39,1237,639,598
050,21,037,"Kentucky","Campbell County",5,40,1267,649,618
050,21,037,"Kentucky","Campbell County",5,41,1216,606,610
050,21,037,"Kentucky","Campbell County",5,42,1216,614,602
050,21,037,"Kentucky","Campbell County",5,43,1228,646,582
050,21,037,"Kentucky","Campbell County",5,44,1120,574,546
050,21,037,"Kentucky","Campbell County",5,45,1046,526,520
050,21,037,"Kentucky","Campbell County",5,46,1071,531,540
050,21,037,"Kentucky","Campbell County",5,47,986,473,513
050,21,037,"Kentucky","Campbell County",5,48,969,466,503
050,21,037,"Kentucky","Campbell County",5,49,974,476,498
050,21,037,"Kentucky","Campbell County",5,50,1001,514,487
050,21,037,"Kentucky","Campbell County",5,51,1093,556,537
050,21,037,"Kentucky","Campbell County",5,52,1190,620,570
050,21,037,"Kentucky","Campbell County",5,53,1127,569,558
050,21,037,"Kentucky","Campbell County",5,54,1142,587,555
050,21,037,"Kentucky","Campbell County",5,55,1126,571,555
050,21,037,"Kentucky","Campbell County",5,56,1175,585,590
050,21,037,"Kentucky","Campbell County",5,57,1169,567,602
050,21,037,"Kentucky","Campbell County",5,58,1192,562,630
050,21,037,"Kentucky","Campbell County",5,59,1256,617,639
050,21,037,"Kentucky","Campbell County",5,60,1312,647,665
050,21,037,"Kentucky","Campbell County",5,61,1323,650,673
050,21,037,"Kentucky","Campbell County",5,62,1329,683,646
050,21,037,"Kentucky","Campbell County",5,63,1340,674,666
050,21,037,"Kentucky","Campbell County",5,64,1313,628,685
050,21,037,"Kentucky","Campbell County",5,65,1298,618,680
050,21,037,"Kentucky","Campbell County",5,66,1264,598,666
050,21,037,"Kentucky","Campbell County",5,67,1159,559,600
050,21,037,"Kentucky","Campbell County",5,68,1129,558,571
050,21,037,"Kentucky","Campbell County",5,69,1120,542,578
050,21,037,"Kentucky","Campbell County",5,70,1050,502,548
050,21,037,"Kentucky","Campbell County",5,71,1012,485,527
050,21,037,"Kentucky","Campbell County",5,72,897,420,477
050,21,037,"Kentucky","Campbell County",5,73,832,374,458
050,21,037,"Kentucky","Campbell County",5,74,805,358,447
050,21,037,"Kentucky","Campbell County",5,75,750,343,407
050,21,037,"Kentucky","Campbell County",5,76,790,366,424
050,21,037,"Kentucky","Campbell County",5,77,506,231,275
050,21,037,"Kentucky","Campbell County",5,78,498,215,283
050,21,037,"Kentucky","Campbell County",5,79,490,205,285
050,21,037,"Kentucky","Campbell County",5,80,478,198,280
050,21,037,"Kentucky","Campbell County",5,81,412,179,233
050,21,037,"Kentucky","Campbell County",5,82,353,150,203
050,21,037,"Kentucky","Campbell County",5,83,331,134,197
050,21,037,"Kentucky","Campbell County",5,84,287,115,172
050,21,037,"Kentucky","Campbell County",5,85,1635,578,1057
050,21,039,"Kentucky","Carlisle County",1,0,60,32,28
050,21,039,"Kentucky","Carlisle County",1,1,61,30,31
050,21,039,"Kentucky","Carlisle County",1,2,51,26,25
050,21,039,"Kentucky","Carlisle County",1,3,71,42,29
050,21,039,"Kentucky","Carlisle County",1,4,80,44,36
050,21,039,"Kentucky","Carlisle County",1,5,62,35,27
050,21,039,"Kentucky","Carlisle County",1,6,64,34,30
050,21,039,"Kentucky","Carlisle County",1,7,73,32,41
050,21,039,"Kentucky","Carlisle County",1,8,64,30,34
050,21,039,"Kentucky","Carlisle County",1,9,43,28,15
050,21,039,"Kentucky","Carlisle County",1,10,50,22,28
050,21,039,"Kentucky","Carlisle County",1,11,60,28,32
050,21,039,"Kentucky","Carlisle County",1,12,61,34,27
050,21,039,"Kentucky","Carlisle County",1,13,65,36,29
050,21,039,"Kentucky","Carlisle County",1,14,71,36,35
050,21,039,"Kentucky","Carlisle County",1,15,67,36,31
050,21,039,"Kentucky","Carlisle County",1,16,64,37,27
050,21,039,"Kentucky","Carlisle County",1,17,60,29,31
050,21,039,"Kentucky","Carlisle County",1,18,50,26,24
050,21,039,"Kentucky","Carlisle County",1,19,44,24,20
050,21,039,"Kentucky","Carlisle County",1,20,49,23,26
050,21,039,"Kentucky","Carlisle County",1,21,46,21,25
050,21,039,"Kentucky","Carlisle County",1,22,45,23,22
050,21,039,"Kentucky","Carlisle County",1,23,40,21,19
050,21,039,"Kentucky","Carlisle County",1,24,43,20,23
050,21,039,"Kentucky","Carlisle County",1,25,52,22,30
050,21,039,"Kentucky","Carlisle County",1,26,51,29,22
050,21,039,"Kentucky","Carlisle County",1,27,50,27,23
050,21,039,"Kentucky","Carlisle County",1,28,64,32,32
050,21,039,"Kentucky","Carlisle County",1,29,57,25,32
050,21,039,"Kentucky","Carlisle County",1,30,55,30,25
050,21,039,"Kentucky","Carlisle County",1,31,56,27,29
050,21,039,"Kentucky","Carlisle County",1,32,47,24,23
050,21,039,"Kentucky","Carlisle County",1,33,49,22,27
050,21,039,"Kentucky","Carlisle County",1,34,47,25,22
050,21,039,"Kentucky","Carlisle County",1,35,60,30,30
050,21,039,"Kentucky","Carlisle County",1,36,49,28,21
050,21,039,"Kentucky","Carlisle County",1,37,62,33,29
050,21,039,"Kentucky","Carlisle County",1,38,57,29,28
050,21,039,"Kentucky","Carlisle County",1,39,69,33,36
050,21,039,"Kentucky","Carlisle County",1,40,49,18,31
050,21,039,"Kentucky","Carlisle County",1,41,44,25,19
050,21,039,"Kentucky","Carlisle County",1,42,48,26,22
050,21,039,"Kentucky","Carlisle County",1,43,61,31,30
050,21,039,"Kentucky","Carlisle County",1,44,74,38,36
050,21,039,"Kentucky","Carlisle County",1,45,63,38,25
050,21,039,"Kentucky","Carlisle County",1,46,51,28,23
050,21,039,"Kentucky","Carlisle County",1,47,58,31,27
050,21,039,"Kentucky","Carlisle County",1,48,65,37,28
050,21,039,"Kentucky","Carlisle County",1,49,64,31,33
050,21,039,"Kentucky","Carlisle County",1,50,60,26,34
050,21,039,"Kentucky","Carlisle County",1,51,53,24,29
050,21,039,"Kentucky","Carlisle County",1,52,51,22,29
050,21,039,"Kentucky","Carlisle County",1,53,79,33,46
050,21,039,"Kentucky","Carlisle County",1,54,72,40,32
050,21,039,"Kentucky","Carlisle County",1,55,64,31,33
050,21,039,"Kentucky","Carlisle County",1,56,60,30,30
050,21,039,"Kentucky","Carlisle County",1,57,73,43,30
050,21,039,"Kentucky","Carlisle County",1,58,71,45,26
050,21,039,"Kentucky","Carlisle County",1,59,75,40,35
050,21,039,"Kentucky","Carlisle County",1,60,66,35,31
050,21,039,"Kentucky","Carlisle County",1,61,63,31,32
050,21,039,"Kentucky","Carlisle County",1,62,73,36,37
050,21,039,"Kentucky","Carlisle County",1,63,65,31,34
050,21,039,"Kentucky","Carlisle County",1,64,64,32,32
050,21,039,"Kentucky","Carlisle County",1,65,67,36,31
050,21,039,"Kentucky","Carlisle County",1,66,63,30,33
050,21,039,"Kentucky","Carlisle County",1,67,63,25,38
050,21,039,"Kentucky","Carlisle County",1,68,51,23,28
050,21,039,"Kentucky","Carlisle County",1,69,54,28,26
050,21,039,"Kentucky","Carlisle County",1,70,49,27,22
050,21,039,"Kentucky","Carlisle County",1,71,50,24,26
050,21,039,"Kentucky","Carlisle County",1,72,60,28,32
050,21,039,"Kentucky","Carlisle County",1,73,50,24,26
050,21,039,"Kentucky","Carlisle County",1,74,32,19,13
050,21,039,"Kentucky","Carlisle County",1,75,41,21,20
050,21,039,"Kentucky","Carlisle County",1,76,43,19,24
050,21,039,"Kentucky","Carlisle County",1,77,37,19,18
050,21,039,"Kentucky","Carlisle County",1,78,34,18,16
050,21,039,"Kentucky","Carlisle County",1,79,33,16,17
050,21,039,"Kentucky","Carlisle County",1,80,27,10,17
050,21,039,"Kentucky","Carlisle County",1,81,28,12,16
050,21,039,"Kentucky","Carlisle County",1,82,25,10,15
050,21,039,"Kentucky","Carlisle County",1,83,35,14,21
050,21,039,"Kentucky","Carlisle County",1,84,23,10,13
050,21,039,"Kentucky","Carlisle County",1,85,120,29,91
050,21,039,"Kentucky","Carlisle County",2,0,60,29,31
050,21,039,"Kentucky","Carlisle County",2,1,59,29,30
050,21,039,"Kentucky","Carlisle County",2,2,53,27,26
050,21,039,"Kentucky","Carlisle County",2,3,67,38,29
050,21,039,"Kentucky","Carlisle County",2,4,77,43,34
050,21,039,"Kentucky","Carlisle County",2,5,66,37,29
050,21,039,"Kentucky","Carlisle County",2,6,62,33,29
050,21,039,"Kentucky","Carlisle County",2,7,70,32,38
050,21,039,"Kentucky","Carlisle County",2,8,65,31,34
050,21,039,"Kentucky","Carlisle County",2,9,48,29,19
050,21,039,"Kentucky","Carlisle County",2,10,48,23,25
050,21,039,"Kentucky","Carlisle County",2,11,57,26,31
050,21,039,"Kentucky","Carlisle County",2,12,62,34,28
050,21,039,"Kentucky","Carlisle County",2,13,66,37,29
050,21,039,"Kentucky","Carlisle County",2,14,69,35,34
050,21,039,"Kentucky","Carlisle County",2,15,67,36,31
050,21,039,"Kentucky","Carlisle County",2,16,66,37,29
050,21,039,"Kentucky","Carlisle County",2,17,61,30,31
050,21,039,"Kentucky","Carlisle County",2,18,48,25,23
050,21,039,"Kentucky","Carlisle County",2,19,43,22,21
050,21,039,"Kentucky","Carlisle County",2,20,50,24,26
050,21,039,"Kentucky","Carlisle County",2,21,47,21,26
050,21,039,"Kentucky","Carlisle County",2,22,45,23,22
050,21,039,"Kentucky","Carlisle County",2,23,42,22,20
050,21,039,"Kentucky","Carlisle County",2,24,42,20,22
050,21,039,"Kentucky","Carlisle County",2,25,49,21,28
050,21,039,"Kentucky","Carlisle County",2,26,51,27,24
050,21,039,"Kentucky","Carlisle County",2,27,51,28,23
050,21,039,"Kentucky","Carlisle County",2,28,62,31,31
050,21,039,"Kentucky","Carlisle County",2,29,58,28,30
050,21,039,"Kentucky","Carlisle County",2,30,56,29,27
050,21,039,"Kentucky","Carlisle County",2,31,55,27,28
050,21,039,"Kentucky","Carlisle County",2,32,48,24,24
050,21,039,"Kentucky","Carlisle County",2,33,48,23,25
050,21,039,"Kentucky","Carlisle County",2,34,49,25,24
050,21,039,"Kentucky","Carlisle County",2,35,57,29,28
050,21,039,"Kentucky","Carlisle County",2,36,52,29,23
050,21,039,"Kentucky","Carlisle County",2,37,58,31,27
050,21,039,"Kentucky","Carlisle County",2,38,59,29,30
050,21,039,"Kentucky","Carlisle County",2,39,67,32,35
050,21,039,"Kentucky","Carlisle County",2,40,53,21,32
050,21,039,"Kentucky","Carlisle County",2,41,44,23,21
050,21,039,"Kentucky","Carlisle County",2,42,47,26,21
050,21,039,"Kentucky","Carlisle County",2,43,58,29,29
050,21,039,"Kentucky","Carlisle County",2,44,71,36,35
050,21,039,"Kentucky","Carlisle County",2,45,66,39,27
050,21,039,"Kentucky","Carlisle County",2,46,53,31,22
050,21,039,"Kentucky","Carlisle County",2,47,56,30,26
050,21,039,"Kentucky","Carlisle County",2,48,64,36,28
050,21,039,"Kentucky","Carlisle County",2,49,65,33,32
050,21,039,"Kentucky","Carlisle County",2,50,61,27,34
050,21,039,"Kentucky","Carlisle County",2,51,56,25,31
050,21,039,"Kentucky","Carlisle County",2,52,52,22,30
050,21,039,"Kentucky","Carlisle County",2,53,73,31,42
050,21,039,"Kentucky","Carlisle County",2,54,74,39,35
050,21,039,"Kentucky","Carlisle County",2,55,65,33,32
050,21,039,"Kentucky","Carlisle County",2,56,62,31,31
050,21,039,"Kentucky","Carlisle County",2,57,71,41,30
050,21,039,"Kentucky","Carlisle County",2,58,71,43,28
050,21,039,"Kentucky","Carlisle County",2,59,74,41,33
050,21,039,"Kentucky","Carlisle County",2,60,68,36,32
050,21,039,"Kentucky","Carlisle County",2,61,62,31,31
050,21,039,"Kentucky","Carlisle County",2,62,71,35,36
050,21,039,"Kentucky","Carlisle County",2,63,67,33,34
050,21,039,"Kentucky","Carlisle County",2,64,63,31,32
050,21,039,"Kentucky","Carlisle County",2,65,68,36,32
050,21,039,"Kentucky","Carlisle County",2,66,64,31,33
050,21,039,"Kentucky","Carlisle County",2,67,62,26,36
050,21,039,"Kentucky","Carlisle County",2,68,53,23,30
050,21,039,"Kentucky","Carlisle County",2,69,52,26,26
050,21,039,"Kentucky","Carlisle County",2,70,49,26,23
050,21,039,"Kentucky","Carlisle County",2,71,51,25,26
050,21,039,"Kentucky","Carlisle County",2,72,56,26,30
050,21,039,"Kentucky","Carlisle County",2,73,53,27,26
050,21,039,"Kentucky","Carlisle County",2,74,34,19,15
050,21,039,"Kentucky","Carlisle County",2,75,40,21,19
050,21,039,"Kentucky","Carlisle County",2,76,40,19,21
050,21,039,"Kentucky","Carlisle County",2,77,37,18,19
050,21,039,"Kentucky","Carlisle County",2,78,33,17,16
050,21,039,"Kentucky","Carlisle County",2,79,33,16,17
050,21,039,"Kentucky","Carlisle County",2,80,27,12,15
050,21,039,"Kentucky","Carlisle County",2,81,28,12,16
050,21,039,"Kentucky","Carlisle County",2,82,25,11,14
050,21,039,"Kentucky","Carlisle County",2,83,32,12,20
050,21,039,"Kentucky","Carlisle County",2,84,25,11,14
050,21,039,"Kentucky","Carlisle County",2,85,118,27,91
050,21,039,"Kentucky","Carlisle County",3,0,57,30,27
050,21,039,"Kentucky","Carlisle County",3,1,56,27,29
050,21,039,"Kentucky","Carlisle County",3,2,61,31,30
050,21,039,"Kentucky","Carlisle County",3,3,50,28,22
050,21,039,"Kentucky","Carlisle County",3,4,64,34,30
050,21,039,"Kentucky","Carlisle County",3,5,74,40,34
050,21,039,"Kentucky","Carlisle County",3,6,65,38,27
050,21,039,"Kentucky","Carlisle County",3,7,63,35,28
050,21,039,"Kentucky","Carlisle County",3,8,75,38,37
050,21,039,"Kentucky","Carlisle County",3,9,70,32,38
050,21,039,"Kentucky","Carlisle County",3,10,53,29,24
050,21,039,"Kentucky","Carlisle County",3,11,52,25,27
050,21,039,"Kentucky","Carlisle County",3,12,58,29,29
050,21,039,"Kentucky","Carlisle County",3,13,65,36,29
050,21,039,"Kentucky","Carlisle County",3,14,60,34,26
050,21,039,"Kentucky","Carlisle County",3,15,71,39,32
050,21,039,"Kentucky","Carlisle County",3,16,57,30,27
050,21,039,"Kentucky","Carlisle County",3,17,61,30,31
050,21,039,"Kentucky","Carlisle County",3,18,53,28,25
050,21,039,"Kentucky","Carlisle County",3,19,36,21,15
050,21,039,"Kentucky","Carlisle County",3,20,51,25,26
050,21,039,"Kentucky","Carlisle County",3,21,59,26,33
050,21,039,"Kentucky","Carlisle County",3,22,52,25,27
050,21,039,"Kentucky","Carlisle County",3,23,48,21,27
050,21,039,"Kentucky","Carlisle County",3,24,46,25,21
050,21,039,"Kentucky","Carlisle County",3,25,47,24,23
050,21,039,"Kentucky","Carlisle County",3,26,54,27,27
050,21,039,"Kentucky","Carlisle County",3,27,54,29,25
050,21,039,"Kentucky","Carlisle County",3,28,44,23,21
050,21,039,"Kentucky","Carlisle County",3,29,60,30,30
050,21,039,"Kentucky","Carlisle County",3,30,59,30,29
050,21,039,"Kentucky","Carlisle County",3,31,56,28,28
050,21,039,"Kentucky","Carlisle County",3,32,57,28,29
050,21,039,"Kentucky","Carlisle County",3,33,50,24,26
050,21,039,"Kentucky","Carlisle County",3,34,48,23,25
050,21,039,"Kentucky","Carlisle County",3,35,49,24,25
050,21,039,"Kentucky","Carlisle County",3,36,57,31,26
050,21,039,"Kentucky","Carlisle County",3,37,47,26,21
050,21,039,"Kentucky","Carlisle County",3,38,55,31,24
050,21,039,"Kentucky","Carlisle County",3,39,51,26,25
050,21,039,"Kentucky","Carlisle County",3,40,70,34,36
050,21,039,"Kentucky","Carlisle County",3,41,51,19,32
050,21,039,"Kentucky","Carlisle County",3,42,44,24,20
050,21,039,"Kentucky","Carlisle County",3,43,49,29,20
050,21,039,"Kentucky","Carlisle County",3,44,60,29,31
050,21,039,"Kentucky","Carlisle County",3,45,76,40,36
050,21,039,"Kentucky","Carlisle County",3,46,66,38,28
050,21,039,"Kentucky","Carlisle County",3,47,53,31,22
050,21,039,"Kentucky","Carlisle County",3,48,57,29,28
050,21,039,"Kentucky","Carlisle County",3,49,64,38,26
050,21,039,"Kentucky","Carlisle County",3,50,60,30,30
050,21,039,"Kentucky","Carlisle County",3,51,60,27,33
050,21,039,"Kentucky","Carlisle County",3,52,57,25,32
050,21,039,"Kentucky","Carlisle County",3,53,50,22,28
050,21,039,"Kentucky","Carlisle County",3,54,67,27,40
050,21,039,"Kentucky","Carlisle County",3,55,76,39,37
050,21,039,"Kentucky","Carlisle County",3,56,65,33,32
050,21,039,"Kentucky","Carlisle County",3,57,59,31,28
050,21,039,"Kentucky","Carlisle County",3,58,70,40,30
050,21,039,"Kentucky","Carlisle County",3,59,68,39,29
050,21,039,"Kentucky","Carlisle County",3,60,75,41,34
050,21,039,"Kentucky","Carlisle County",3,61,62,31,31
050,21,039,"Kentucky","Carlisle County",3,62,55,27,28
050,21,039,"Kentucky","Carlisle County",3,63,70,34,36
050,21,039,"Kentucky","Carlisle County",3,64,63,32,31
050,21,039,"Kentucky","Carlisle County",3,65,63,33,30
050,21,039,"Kentucky","Carlisle County",3,66,60,32,28
050,21,039,"Kentucky","Carlisle County",3,67,61,34,27
050,21,039,"Kentucky","Carlisle County",3,68,63,29,34
050,21,039,"Kentucky","Carlisle County",3,69,51,21,30
050,21,039,"Kentucky","Carlisle County",3,70,47,24,23
050,21,039,"Kentucky","Carlisle County",3,71,46,26,20
050,21,039,"Kentucky","Carlisle County",3,72,51,25,26
050,21,039,"Kentucky","Carlisle County",3,73,50,22,28
050,21,039,"Kentucky","Carlisle County",3,74,50,26,24
050,21,039,"Kentucky","Carlisle County",3,75,34,19,15
050,21,039,"Kentucky","Carlisle County",3,76,36,18,18
050,21,039,"Kentucky","Carlisle County",3,77,39,18,21
050,21,039,"Kentucky","Carlisle County",3,78,36,16,20
050,21,039,"Kentucky","Carlisle County",3,79,30,15,15
050,21,039,"Kentucky","Carlisle County",3,80,32,16,16
050,21,039,"Kentucky","Carlisle County",3,81,27,11,16
050,21,039,"Kentucky","Carlisle County",3,82,23,11,12
050,21,039,"Kentucky","Carlisle County",3,83,29,11,18
050,21,039,"Kentucky","Carlisle County",3,84,26,13,13
050,21,039,"Kentucky","Carlisle County",3,85,115,30,85
050,21,039,"Kentucky","Carlisle County",4,0,58,32,26
050,21,039,"Kentucky","Carlisle County",4,1,49,27,22
050,21,039,"Kentucky","Carlisle County",4,2,56,27,29
050,21,039,"Kentucky","Carlisle County",4,3,56,27,29
050,21,039,"Kentucky","Carlisle County",4,4,54,29,25
050,21,039,"Kentucky","Carlisle County",4,5,71,39,32
050,21,039,"Kentucky","Carlisle County",4,6,68,37,31
050,21,039,"Kentucky","Carlisle County",4,7,66,37,29
050,21,039,"Kentucky","Carlisle County",4,8,68,39,29
050,21,039,"Kentucky","Carlisle County",4,9,69,37,32
050,21,039,"Kentucky","Carlisle County",4,10,73,33,40
050,21,039,"Kentucky","Carlisle County",4,11,49,26,23
050,21,039,"Kentucky","Carlisle County",4,12,55,30,25
050,21,039,"Kentucky","Carlisle County",4,13,60,34,26
050,21,039,"Kentucky","Carlisle County",4,14,65,36,29
050,21,039,"Kentucky","Carlisle County",4,15,61,34,27
050,21,039,"Kentucky","Carlisle County",4,16,74,38,36
050,21,039,"Kentucky","Carlisle County",4,17,64,33,31
050,21,039,"Kentucky","Carlisle County",4,18,53,27,26
050,21,039,"Kentucky","Carlisle County",4,19,40,22,18
050,21,039,"Kentucky","Carlisle County",4,20,40,24,16
050,21,039,"Kentucky","Carlisle County",4,21,53,24,29
050,21,039,"Kentucky","Carlisle County",4,22,58,27,31
050,21,039,"Kentucky","Carlisle County",4,23,51,22,29
050,21,039,"Kentucky","Carlisle County",4,24,49,23,26
050,21,039,"Kentucky","Carlisle County",4,25,48,24,24
050,21,039,"Kentucky","Carlisle County",4,26,46,21,25
050,21,039,"Kentucky","Carlisle County",4,27,53,25,28
050,21,039,"Kentucky","Carlisle County",4,28,49,28,21
050,21,039,"Kentucky","Carlisle County",4,29,38,22,16
050,21,039,"Kentucky","Carlisle County",4,30,56,26,30
050,21,039,"Kentucky","Carlisle County",4,31,61,31,30
050,21,039,"Kentucky","Carlisle County",4,32,55,28,27
050,21,039,"Kentucky","Carlisle County",4,33,54,23,31
050,21,039,"Kentucky","Carlisle County",4,34,48,25,23
050,21,039,"Kentucky","Carlisle County",4,35,50,26,24
050,21,039,"Kentucky","Carlisle County",4,36,54,26,28
050,21,039,"Kentucky","Carlisle County",4,37,63,30,33
050,21,039,"Kentucky","Carlisle County",4,38,49,28,21
050,21,039,"Kentucky","Carlisle County",4,39,56,34,22
050,21,039,"Kentucky","Carlisle County",4,40,53,25,28
050,21,039,"Kentucky","Carlisle County",4,41,68,35,33
050,21,039,"Kentucky","Carlisle County",4,42,57,25,32
050,21,039,"Kentucky","Carlisle County",4,43,48,30,18
050,21,039,"Kentucky","Carlisle County",4,44,49,29,20
050,21,039,"Kentucky","Carlisle County",4,45,65,31,34
050,21,039,"Kentucky","Carlisle County",4,46,73,38,35
050,21,039,"Kentucky","Carlisle County",4,47,63,39,24
050,21,039,"Kentucky","Carlisle County",4,48,50,28,22
050,21,039,"Kentucky","Carlisle County",4,49,56,30,26
050,21,039,"Kentucky","Carlisle County",4,50,66,40,26
050,21,039,"Kentucky","Carlisle County",4,51,59,31,28
050,21,039,"Kentucky","Carlisle County",4,52,61,29,32
050,21,039,"Kentucky","Carlisle County",4,53,60,27,33
050,21,039,"Kentucky","Carlisle County",4,54,52,23,29
050,21,039,"Kentucky","Carlisle County",4,55,63,25,38
050,21,039,"Kentucky","Carlisle County",4,56,71,36,35
050,21,039,"Kentucky","Carlisle County",4,57,66,33,33
050,21,039,"Kentucky","Carlisle County",4,58,60,32,28
050,21,039,"Kentucky","Carlisle County",4,59,70,40,30
050,21,039,"Kentucky","Carlisle County",4,60,65,38,27
050,21,039,"Kentucky","Carlisle County",4,61,71,38,33
050,21,039,"Kentucky","Carlisle County",4,62,61,31,30
050,21,039,"Kentucky","Carlisle County",4,63,54,26,28
050,21,039,"Kentucky","Carlisle County",4,64,65,29,36
050,21,039,"Kentucky","Carlisle County",4,65,63,33,30
050,21,039,"Kentucky","Carlisle County",4,66,55,27,28
050,21,039,"Kentucky","Carlisle County",4,67,58,33,25
050,21,039,"Kentucky","Carlisle County",4,68,56,29,27
050,21,039,"Kentucky","Carlisle County",4,69,58,25,33
050,21,039,"Kentucky","Carlisle County",4,70,48,21,27
050,21,039,"Kentucky","Carlisle County",4,71,45,24,21
050,21,039,"Kentucky","Carlisle County",4,72,47,25,22
050,21,039,"Kentucky","Carlisle County",4,73,45,21,24
050,21,039,"Kentucky","Carlisle County",4,74,46,21,25
050,21,039,"Kentucky","Carlisle County",4,75,52,26,26
050,21,039,"Kentucky","Carlisle County",4,76,29,16,13
050,21,039,"Kentucky","Carlisle County",4,77,32,17,15
050,21,039,"Kentucky","Carlisle County",4,78,37,15,22
050,21,039,"Kentucky","Carlisle County",4,79,35,14,21
050,21,039,"Kentucky","Carlisle County",4,80,26,15,11
050,21,039,"Kentucky","Carlisle County",4,81,33,15,18
050,21,039,"Kentucky","Carlisle County",4,82,23,9,14
050,21,039,"Kentucky","Carlisle County",4,83,26,10,16
050,21,039,"Kentucky","Carlisle County",4,84,23,11,12
050,21,039,"Kentucky","Carlisle County",4,85,116,35,81
050,21,039,"Kentucky","Carlisle County",5,0,60,32,28
050,21,039,"Kentucky","Carlisle County",5,1,64,34,30
050,21,039,"Kentucky","Carlisle County",5,2,51,32,19
050,21,039,"Kentucky","Carlisle County",5,3,61,30,31
050,21,039,"Kentucky","Carlisle County",5,4,61,29,32
050,21,039,"Kentucky","Carlisle County",5,5,59,29,30
050,21,039,"Kentucky","Carlisle County",5,6,62,35,27
050,21,039,"Kentucky","Carlisle County",5,7,68,38,30
050,21,039,"Kentucky","Carlisle County",5,8,62,37,25
050,21,039,"Kentucky","Carlisle County",5,9,67,37,30
050,21,039,"Kentucky","Carlisle County",5,10,77,37,40
050,21,039,"Kentucky","Carlisle County",5,11,71,30,41
050,21,039,"Kentucky","Carlisle County",5,12,51,25,26
050,21,039,"Kentucky","Carlisle County",5,13,54,28,26
050,21,039,"Kentucky","Carlisle County",5,14,50,23,27
050,21,039,"Kentucky","Carlisle County",5,15,61,33,28
050,21,039,"Kentucky","Carlisle County",5,16,59,32,27
050,21,039,"Kentucky","Carlisle County",5,17,71,37,34
050,21,039,"Kentucky","Carlisle County",5,18,55,30,25
050,21,039,"Kentucky","Carlisle County",5,19,47,23,24
050,21,039,"Kentucky","Carlisle County",5,20,42,22,20
050,21,039,"Kentucky","Carlisle County",5,21,42,25,17
050,21,039,"Kentucky","Carlisle County",5,22,58,26,32
050,21,039,"Kentucky","Carlisle County",5,23,58,24,34
050,21,039,"Kentucky","Carlisle County",5,24,58,30,28
050,21,039,"Kentucky","Carlisle County",5,25,45,23,22
050,21,039,"Kentucky","Carlisle County",5,26,49,24,25
050,21,039,"Kentucky","Carlisle County",5,27,46,19,27
050,21,039,"Kentucky","Carlisle County",5,28,50,27,23
050,21,039,"Kentucky","Carlisle County",5,29,54,32,22
050,21,039,"Kentucky","Carlisle County",5,30,38,19,19
050,21,039,"Kentucky","Carlisle County",5,31,60,28,32
050,21,039,"Kentucky","Carlisle County",5,32,62,30,32
050,21,039,"Kentucky","Carlisle County",5,33,56,27,29
050,21,039,"Kentucky","Carlisle County",5,34,55,24,31
050,21,039,"Kentucky","Carlisle County",5,35,52,29,23
050,21,039,"Kentucky","Carlisle County",5,36,53,31,22
050,21,039,"Kentucky","Carlisle County",5,37,54,26,28
050,21,039,"Kentucky","Carlisle County",5,38,60,30,30
050,21,039,"Kentucky","Carlisle County",5,39,51,27,24
050,21,039,"Kentucky","Carlisle County",5,40,57,34,23
050,21,039,"Kentucky","Carlisle County",5,41,53,26,27
050,21,039,"Kentucky","Carlisle County",5,42,62,31,31
050,21,039,"Kentucky","Carlisle County",5,43,51,21,30
050,21,039,"Kentucky","Carlisle County",5,44,47,28,19
050,21,039,"Kentucky","Carlisle County",5,45,50,29,21
050,21,039,"Kentucky","Carlisle County",5,46,59,25,34
050,21,039,"Kentucky","Carlisle County",5,47,71,38,33
050,21,039,"Kentucky","Carlisle County",5,48,65,42,23
050,21,039,"Kentucky","Carlisle County",5,49,51,27,24
050,21,039,"Kentucky","Carlisle County",5,50,55,27,28
050,21,039,"Kentucky","Carlisle County",5,51,65,40,25
050,21,039,"Kentucky","Carlisle County",5,52,61,31,30
050,21,039,"Kentucky","Carlisle County",5,53,62,29,33
050,21,039,"Kentucky","Carlisle County",5,54,57,26,31
050,21,039,"Kentucky","Carlisle County",5,55,51,23,28
050,21,039,"Kentucky","Carlisle County",5,56,62,25,37
050,21,039,"Kentucky","Carlisle County",5,57,74,39,35
050,21,039,"Kentucky","Carlisle County",5,58,64,31,33
050,21,039,"Kentucky","Carlisle County",5,59,60,32,28
050,21,039,"Kentucky","Carlisle County",5,60,72,39,33
050,21,039,"Kentucky","Carlisle County",5,61,65,38,27
050,21,039,"Kentucky","Carlisle County",5,62,72,41,31
050,21,039,"Kentucky","Carlisle County",5,63,60,29,31
050,21,039,"Kentucky","Carlisle County",5,64,49,22,27
050,21,039,"Kentucky","Carlisle County",5,65,63,30,33
050,21,039,"Kentucky","Carlisle County",5,66,59,30,29
050,21,039,"Kentucky","Carlisle County",5,67,54,28,26
050,21,039,"Kentucky","Carlisle County",5,68,56,31,25
050,21,039,"Kentucky","Carlisle County",5,69,54,28,26
050,21,039,"Kentucky","Carlisle County",5,70,54,24,30
050,21,039,"Kentucky","Carlisle County",5,71,44,21,23
050,21,039,"Kentucky","Carlisle County",5,72,48,24,24
050,21,039,"Kentucky","Carlisle County",5,73,43,22,21
050,21,039,"Kentucky","Carlisle County",5,74,39,20,19
050,21,039,"Kentucky","Carlisle County",5,75,46,21,25
050,21,039,"Kentucky","Carlisle County",5,76,48,25,23
050,21,039,"Kentucky","Carlisle County",5,77,28,16,12
050,21,039,"Kentucky","Carlisle County",5,78,28,14,14
050,21,039,"Kentucky","Carlisle County",5,79,35,14,21
050,21,039,"Kentucky","Carlisle County",5,80,32,14,18
050,21,039,"Kentucky","Carlisle County",5,81,27,15,12
050,21,039,"Kentucky","Carlisle County",5,82,30,13,17
050,21,039,"Kentucky","Carlisle County",5,83,26,8,18
050,21,039,"Kentucky","Carlisle County",5,84,19,9,10
050,21,039,"Kentucky","Carlisle County",5,85,122,40,82
050,21,041,"Kentucky","Carroll County",1,0,142,73,69
050,21,041,"Kentucky","Carroll County",1,1,146,73,73
050,21,041,"Kentucky","Carroll County",1,2,154,74,80
050,21,041,"Kentucky","Carroll County",1,3,165,77,88
050,21,041,"Kentucky","Carroll County",1,4,171,94,77
050,21,041,"Kentucky","Carroll County",1,5,174,95,79
050,21,041,"Kentucky","Carroll County",1,6,147,70,77
050,21,041,"Kentucky","Carroll County",1,7,169,80,89
050,21,041,"Kentucky","Carroll County",1,8,165,81,84
050,21,041,"Kentucky","Carroll County",1,9,172,94,78
050,21,041,"Kentucky","Carroll County",1,10,174,84,90
050,21,041,"Kentucky","Carroll County",1,11,174,90,84
050,21,041,"Kentucky","Carroll County",1,12,169,85,84
050,21,041,"Kentucky","Carroll County",1,13,166,85,81
050,21,041,"Kentucky","Carroll County",1,14,158,83,75
050,21,041,"Kentucky","Carroll County",1,15,130,71,59
050,21,041,"Kentucky","Carroll County",1,16,142,66,76
050,21,041,"Kentucky","Carroll County",1,17,148,70,78
050,21,041,"Kentucky","Carroll County",1,18,126,65,61
050,21,041,"Kentucky","Carroll County",1,19,112,57,55
050,21,041,"Kentucky","Carroll County",1,20,123,63,60
050,21,041,"Kentucky","Carroll County",1,21,116,66,50
050,21,041,"Kentucky","Carroll County",1,22,111,62,49
050,21,041,"Kentucky","Carroll County",1,23,118,64,54
050,21,041,"Kentucky","Carroll County",1,24,128,54,74
050,21,041,"Kentucky","Carroll County",1,25,139,71,68
050,21,041,"Kentucky","Carroll County",1,26,125,70,55
050,21,041,"Kentucky","Carroll County",1,27,133,66,67
050,21,041,"Kentucky","Carroll County",1,28,130,70,60
050,21,041,"Kentucky","Carroll County",1,29,144,78,66
050,21,041,"Kentucky","Carroll County",1,30,153,83,70
050,21,041,"Kentucky","Carroll County",1,31,120,65,55
050,21,041,"Kentucky","Carroll County",1,32,115,63,52
050,21,041,"Kentucky","Carroll County",1,33,115,54,61
050,21,041,"Kentucky","Carroll County",1,34,127,64,63
050,21,041,"Kentucky","Carroll County",1,35,117,56,61
050,21,041,"Kentucky","Carroll County",1,36,143,73,70
050,21,041,"Kentucky","Carroll County",1,37,145,71,74
050,21,041,"Kentucky","Carroll County",1,38,142,69,73
050,21,041,"Kentucky","Carroll County",1,39,145,76,69
050,21,041,"Kentucky","Carroll County",1,40,133,73,60
050,21,041,"Kentucky","Carroll County",1,41,131,72,59
050,21,041,"Kentucky","Carroll County",1,42,116,58,58
050,21,041,"Kentucky","Carroll County",1,43,115,58,57
050,21,041,"Kentucky","Carroll County",1,44,116,57,59
050,21,041,"Kentucky","Carroll County",1,45,127,66,61
050,21,041,"Kentucky","Carroll County",1,46,132,68,64
050,21,041,"Kentucky","Carroll County",1,47,138,80,58
050,21,041,"Kentucky","Carroll County",1,48,143,78,65
050,21,041,"Kentucky","Carroll County",1,49,130,71,59
050,21,041,"Kentucky","Carroll County",1,50,130,71,59
050,21,041,"Kentucky","Carroll County",1,51,111,51,60
050,21,041,"Kentucky","Carroll County",1,52,121,61,60
050,21,041,"Kentucky","Carroll County",1,53,144,77,67
050,21,041,"Kentucky","Carroll County",1,54,142,67,75
050,21,041,"Kentucky","Carroll County",1,55,144,73,71
050,21,041,"Kentucky","Carroll County",1,56,147,77,70
050,21,041,"Kentucky","Carroll County",1,57,145,73,72
050,21,041,"Kentucky","Carroll County",1,58,168,87,81
050,21,041,"Kentucky","Carroll County",1,59,164,78,86
050,21,041,"Kentucky","Carroll County",1,60,164,84,80
050,21,041,"Kentucky","Carroll County",1,61,147,78,69
050,21,041,"Kentucky","Carroll County",1,62,128,66,62
050,21,041,"Kentucky","Carroll County",1,63,140,77,63
050,21,041,"Kentucky","Carroll County",1,64,142,70,72
050,21,041,"Kentucky","Carroll County",1,65,129,60,69
050,21,041,"Kentucky","Carroll County",1,66,111,52,59
050,21,041,"Kentucky","Carroll County",1,67,113,56,57
050,21,041,"Kentucky","Carroll County",1,68,108,54,54
050,21,041,"Kentucky","Carroll County",1,69,94,40,54
050,21,041,"Kentucky","Carroll County",1,70,121,55,66
050,21,041,"Kentucky","Carroll County",1,71,96,43,53
050,21,041,"Kentucky","Carroll County",1,72,92,39,53
050,21,041,"Kentucky","Carroll County",1,73,87,43,44
050,21,041,"Kentucky","Carroll County",1,74,77,34,43
050,21,041,"Kentucky","Carroll County",1,75,69,26,43
050,21,041,"Kentucky","Carroll County",1,76,68,35,33
050,21,041,"Kentucky","Carroll County",1,77,62,31,31
050,21,041,"Kentucky","Carroll County",1,78,55,25,30
050,21,041,"Kentucky","Carroll County",1,79,42,15,27
050,21,041,"Kentucky","Carroll County",1,80,38,14,24
050,21,041,"Kentucky","Carroll County",1,81,38,16,22
050,21,041,"Kentucky","Carroll County",1,82,37,17,20
050,21,041,"Kentucky","Carroll County",1,83,33,15,18
050,21,041,"Kentucky","Carroll County",1,84,34,12,22
050,21,041,"Kentucky","Carroll County",1,85,183,69,114
050,21,041,"Kentucky","Carroll County",2,0,151,81,70
050,21,041,"Kentucky","Carroll County",2,1,148,75,73
050,21,041,"Kentucky","Carroll County",2,2,154,75,79
050,21,041,"Kentucky","Carroll County",2,3,163,76,87
050,21,041,"Kentucky","Carroll County",2,4,170,90,80
050,21,041,"Kentucky","Carroll County",2,5,173,95,78
050,21,041,"Kentucky","Carroll County",2,6,155,77,78
050,21,041,"Kentucky","Carroll County",2,7,164,78,86
050,21,041,"Kentucky","Carroll County",2,8,165,82,83
050,21,041,"Kentucky","Carroll County",2,9,171,90,81
050,21,041,"Kentucky","Carroll County",2,10,172,86,86
050,21,041,"Kentucky","Carroll County",2,11,170,88,82
050,21,041,"Kentucky","Carroll County",2,12,172,87,85
050,21,041,"Kentucky","Carroll County",2,13,169,86,83
050,21,041,"Kentucky","Carroll County",2,14,158,83,75
050,21,041,"Kentucky","Carroll County",2,15,138,74,64
050,21,041,"Kentucky","Carroll County",2,16,140,69,71
050,21,041,"Kentucky","Carroll County",2,17,149,71,78
050,21,041,"Kentucky","Carroll County",2,18,127,64,63
050,21,041,"Kentucky","Carroll County",2,19,112,57,55
050,21,041,"Kentucky","Carroll County",2,20,123,62,61
050,21,041,"Kentucky","Carroll County",2,21,119,67,52
050,21,041,"Kentucky","Carroll County",2,22,113,63,50
050,21,041,"Kentucky","Carroll County",2,23,118,62,56
050,21,041,"Kentucky","Carroll County",2,24,125,55,70
050,21,041,"Kentucky","Carroll County",2,25,136,67,69
050,21,041,"Kentucky","Carroll County",2,26,132,72,60
050,21,041,"Kentucky","Carroll County",2,27,131,66,65
050,21,041,"Kentucky","Carroll County",2,28,131,70,61
050,21,041,"Kentucky","Carroll County",2,29,140,77,63
050,21,041,"Kentucky","Carroll County",2,30,152,82,70
050,21,041,"Kentucky","Carroll County",2,31,131,71,60
050,21,041,"Kentucky","Carroll County",2,32,118,65,53
050,21,041,"Kentucky","Carroll County",2,33,116,55,61
050,21,041,"Kentucky","Carroll County",2,34,127,64,63
050,21,041,"Kentucky","Carroll County",2,35,119,57,62
050,21,041,"Kentucky","Carroll County",2,36,137,69,68
050,21,041,"Kentucky","Carroll County",2,37,144,72,72
050,21,041,"Kentucky","Carroll County",2,38,145,69,76
050,21,041,"Kentucky","Carroll County",2,39,143,73,70
050,21,041,"Kentucky","Carroll County",2,40,137,75,62
050,21,041,"Kentucky","Carroll County",2,41,130,71,59
050,21,041,"Kentucky","Carroll County",2,42,119,61,58
050,21,041,"Kentucky","Carroll County",2,43,117,59,58
050,21,041,"Kentucky","Carroll County",2,44,117,58,59
050,21,041,"Kentucky","Carroll County",2,45,125,65,60
050,21,041,"Kentucky","Carroll County",2,46,129,67,62
050,21,041,"Kentucky","Carroll County",2,47,136,78,58
050,21,041,"Kentucky","Carroll County",2,48,141,78,63
050,21,041,"Kentucky","Carroll County",2,49,133,73,60
050,21,041,"Kentucky","Carroll County",2,50,130,71,59
050,21,041,"Kentucky","Carroll County",2,51,114,55,59
050,21,041,"Kentucky","Carroll County",2,52,119,59,60
050,21,041,"Kentucky","Carroll County",2,53,137,72,65
050,21,041,"Kentucky","Carroll County",2,54,141,68,73
050,21,041,"Kentucky","Carroll County",2,55,143,72,71
050,21,041,"Kentucky","Carroll County",2,56,145,75,70
050,21,041,"Kentucky","Carroll County",2,57,145,75,70
050,21,041,"Kentucky","Carroll County",2,58,161,82,79
050,21,041,"Kentucky","Carroll County",2,59,167,81,86
050,21,041,"Kentucky","Carroll County",2,60,165,84,81
050,21,041,"Kentucky","Carroll County",2,61,150,79,71
050,21,041,"Kentucky","Carroll County",2,62,130,67,63
050,21,041,"Kentucky","Carroll County",2,63,137,74,63
050,21,041,"Kentucky","Carroll County",2,64,141,71,70
050,21,041,"Kentucky","Carroll County",2,65,131,62,69
050,21,041,"Kentucky","Carroll County",2,66,113,53,60
050,21,041,"Kentucky","Carroll County",2,67,109,54,55
050,21,041,"Kentucky","Carroll County",2,68,107,54,53
050,21,041,"Kentucky","Carroll County",2,69,97,43,54
050,21,041,"Kentucky","Carroll County",2,70,115,50,65
050,21,041,"Kentucky","Carroll County",2,71,101,46,55
050,21,041,"Kentucky","Carroll County",2,72,91,39,52
050,21,041,"Kentucky","Carroll County",2,73,93,44,49
050,21,041,"Kentucky","Carroll County",2,74,75,34,41
050,21,041,"Kentucky","Carroll County",2,75,69,26,43
050,21,041,"Kentucky","Carroll County",2,76,67,32,35
050,21,041,"Kentucky","Carroll County",2,77,65,33,32
050,21,041,"Kentucky","Carroll County",2,78,57,26,31
050,21,041,"Kentucky","Carroll County",2,79,44,17,27
050,21,041,"Kentucky","Carroll County",2,80,37,13,24
050,21,041,"Kentucky","Carroll County",2,81,38,16,22
050,21,041,"Kentucky","Carroll County",2,82,36,16,20
050,21,041,"Kentucky","Carroll County",2,83,34,15,19
050,21,041,"Kentucky","Carroll County",2,84,35,12,23
050,21,041,"Kentucky","Carroll County",2,85,181,68,113
050,21,041,"Kentucky","Carroll County",3,0,166,85,81
050,21,041,"Kentucky","Carroll County",3,1,166,87,79
050,21,041,"Kentucky","Carroll County",3,2,153,83,70
050,21,041,"Kentucky","Carroll County",3,3,153,81,72
050,21,041,"Kentucky","Carroll County",3,4,147,66,81
050,21,041,"Kentucky","Carroll County",3,5,171,82,89
050,21,041,"Kentucky","Carroll County",3,6,167,89,78
050,21,041,"Kentucky","Carroll County",3,7,173,90,83
050,21,041,"Kentucky","Carroll County",3,8,147,70,77
050,21,041,"Kentucky","Carroll County",3,9,165,85,80
050,21,041,"Kentucky","Carroll County",3,10,171,90,81
050,21,041,"Kentucky","Carroll County",3,11,171,79,92
050,21,041,"Kentucky","Carroll County",3,12,170,81,89
050,21,041,"Kentucky","Carroll County",3,13,168,81,87
050,21,041,"Kentucky","Carroll County",3,14,161,77,84
050,21,041,"Kentucky","Carroll County",3,15,151,78,73
050,21,041,"Kentucky","Carroll County",3,16,145,80,65
050,21,041,"Kentucky","Carroll County",3,17,144,71,73
050,21,041,"Kentucky","Carroll County",3,18,125,59,66
050,21,041,"Kentucky","Carroll County",3,19,108,54,54
050,21,041,"Kentucky","Carroll County",3,20,126,65,61
050,21,041,"Kentucky","Carroll County",3,21,123,63,60
050,21,041,"Kentucky","Carroll County",3,22,122,64,58
050,21,041,"Kentucky","Carroll County",3,23,110,60,50
050,21,041,"Kentucky","Carroll County",3,24,120,66,54
050,21,041,"Kentucky","Carroll County",3,25,134,62,72
050,21,041,"Kentucky","Carroll County",3,26,144,67,77
050,21,041,"Kentucky","Carroll County",3,27,134,71,63
050,21,041,"Kentucky","Carroll County",3,28,129,69,60
050,21,041,"Kentucky","Carroll County",3,29,128,70,58
050,21,041,"Kentucky","Carroll County",3,30,136,71,65
050,21,041,"Kentucky","Carroll County",3,31,161,88,73
050,21,041,"Kentucky","Carroll County",3,32,134,71,63
050,21,041,"Kentucky","Carroll County",3,33,113,62,51
050,21,041,"Kentucky","Carroll County",3,34,132,68,64
050,21,041,"Kentucky","Carroll County",3,35,118,59,59
050,21,041,"Kentucky","Carroll County",3,36,122,57,65
050,21,041,"Kentucky","Carroll County",3,37,145,78,67
050,21,041,"Kentucky","Carroll County",3,38,138,68,70
050,21,041,"Kentucky","Carroll County",3,39,140,69,71
050,21,041,"Kentucky","Carroll County",3,40,144,77,67
050,21,041,"Kentucky","Carroll County",3,41,133,73,60
050,21,041,"Kentucky","Carroll County",3,42,128,70,58
050,21,041,"Kentucky","Carroll County",3,43,124,62,62
050,21,041,"Kentucky","Carroll County",3,44,119,60,59
050,21,041,"Kentucky","Carroll County",3,45,118,63,55
050,21,041,"Kentucky","Carroll County",3,46,122,62,60
050,21,041,"Kentucky","Carroll County",3,47,136,73,63
050,21,041,"Kentucky","Carroll County",3,48,136,74,62
050,21,041,"Kentucky","Carroll County",3,49,140,80,60
050,21,041,"Kentucky","Carroll County",3,50,139,74,65
050,21,041,"Kentucky","Carroll County",3,51,135,71,64
050,21,041,"Kentucky","Carroll County",3,52,110,54,56
050,21,041,"Kentucky","Carroll County",3,53,118,57,61
050,21,041,"Kentucky","Carroll County",3,54,134,68,66
050,21,041,"Kentucky","Carroll County",3,55,140,69,71
050,21,041,"Kentucky","Carroll County",3,56,144,73,71
050,21,041,"Kentucky","Carroll County",3,57,151,80,71
050,21,041,"Kentucky","Carroll County",3,58,146,79,67
050,21,041,"Kentucky","Carroll County",3,59,159,79,80
050,21,041,"Kentucky","Carroll County",3,60,160,78,82
050,21,041,"Kentucky","Carroll County",3,61,160,77,83
050,21,041,"Kentucky","Carroll County",3,62,140,75,65
050,21,041,"Kentucky","Carroll County",3,63,127,64,63
050,21,041,"Kentucky","Carroll County",3,64,136,71,65
050,21,041,"Kentucky","Carroll County",3,65,136,72,64
050,21,041,"Kentucky","Carroll County",3,66,126,58,68
050,21,041,"Kentucky","Carroll County",3,67,113,54,59
050,21,041,"Kentucky","Carroll County",3,68,109,54,55
050,21,041,"Kentucky","Carroll County",3,69,102,50,52
050,21,041,"Kentucky","Carroll County",3,70,98,43,55
050,21,041,"Kentucky","Carroll County",3,71,114,51,63
050,21,041,"Kentucky","Carroll County",3,72,99,44,55
050,21,041,"Kentucky","Carroll County",3,73,89,37,52
050,21,041,"Kentucky","Carroll County",3,74,93,46,47
050,21,041,"Kentucky","Carroll County",3,75,70,30,40
050,21,041,"Kentucky","Carroll County",3,76,68,25,43
050,21,041,"Kentucky","Carroll County",3,77,63,27,36
050,21,041,"Kentucky","Carroll County",3,78,66,35,31
050,21,041,"Kentucky","Carroll County",3,79,50,21,29
050,21,041,"Kentucky","Carroll County",3,80,40,15,25
050,21,041,"Kentucky","Carroll County",3,81,40,16,24
050,21,041,"Kentucky","Carroll County",3,82,30,13,17
050,21,041,"Kentucky","Carroll County",3,83,30,11,19
050,21,041,"Kentucky","Carroll County",3,84,34,12,22
050,21,041,"Kentucky","Carroll County",3,85,196,74,122
050,21,041,"Kentucky","Carroll County",4,0,154,78,76
050,21,041,"Kentucky","Carroll County",4,1,153,78,75
050,21,041,"Kentucky","Carroll County",4,2,163,86,77
050,21,041,"Kentucky","Carroll County",4,3,143,75,68
050,21,041,"Kentucky","Carroll County",4,4,157,86,71
050,21,041,"Kentucky","Carroll County",4,5,147,70,77
050,21,041,"Kentucky","Carroll County",4,6,166,77,89
050,21,041,"Kentucky","Carroll County",4,7,168,88,80
050,21,041,"Kentucky","Carroll County",4,8,168,83,85
050,21,041,"Kentucky","Carroll County",4,9,162,80,82
050,21,041,"Kentucky","Carroll County",4,10,167,85,82
050,21,041,"Kentucky","Carroll County",4,11,180,94,86
050,21,041,"Kentucky","Carroll County",4,12,167,81,86
050,21,041,"Kentucky","Carroll County",4,13,185,90,95
050,21,041,"Kentucky","Carroll County",4,14,172,85,87
050,21,041,"Kentucky","Carroll County",4,15,165,80,85
050,21,041,"Kentucky","Carroll County",4,16,157,79,78
050,21,041,"Kentucky","Carroll County",4,17,149,84,65
050,21,041,"Kentucky","Carroll County",4,18,119,63,56
050,21,041,"Kentucky","Carroll County",4,19,92,46,46
050,21,041,"Kentucky","Carroll County",4,20,115,57,58
050,21,041,"Kentucky","Carroll County",4,21,129,67,62
050,21,041,"Kentucky","Carroll County",4,22,124,64,60
050,21,041,"Kentucky","Carroll County",4,23,130,72,58
050,21,041,"Kentucky","Carroll County",4,24,113,65,48
050,21,041,"Kentucky","Carroll County",4,25,129,69,60
050,21,041,"Kentucky","Carroll County",4,26,138,66,72
050,21,041,"Kentucky","Carroll County",4,27,143,69,74
050,21,041,"Kentucky","Carroll County",4,28,137,79,58
050,21,041,"Kentucky","Carroll County",4,29,137,70,67
050,21,041,"Kentucky","Carroll County",4,30,137,75,62
050,21,041,"Kentucky","Carroll County",4,31,136,69,67
050,21,041,"Kentucky","Carroll County",4,32,169,95,74
050,21,041,"Kentucky","Carroll County",4,33,131,74,57
050,21,041,"Kentucky","Carroll County",4,34,121,70,51
050,21,041,"Kentucky","Carroll County",4,35,124,59,65
050,21,041,"Kentucky","Carroll County",4,36,126,64,62
050,21,041,"Kentucky","Carroll County",4,37,129,63,66
050,21,041,"Kentucky","Carroll County",4,38,139,71,68
050,21,041,"Kentucky","Carroll County",4,39,151,77,74
050,21,041,"Kentucky","Carroll County",4,40,144,70,74
050,21,041,"Kentucky","Carroll County",4,41,140,76,64
050,21,041,"Kentucky","Carroll County",4,42,126,70,56
050,21,041,"Kentucky","Carroll County",4,43,122,65,57
050,21,041,"Kentucky","Carroll County",4,44,117,60,57
050,21,041,"Kentucky","Carroll County",4,45,115,60,55
050,21,041,"Kentucky","Carroll County",4,46,122,67,55
050,21,041,"Kentucky","Carroll County",4,47,132,67,65
050,21,041,"Kentucky","Carroll County",4,48,128,67,61
050,21,041,"Kentucky","Carroll County",4,49,136,76,60
050,21,041,"Kentucky","Carroll County",4,50,141,83,58
050,21,041,"Kentucky","Carroll County",4,51,142,73,69
050,21,041,"Kentucky","Carroll County",4,52,129,69,60
050,21,041,"Kentucky","Carroll County",4,53,114,56,58
050,21,041,"Kentucky","Carroll County",4,54,114,55,59
050,21,041,"Kentucky","Carroll County",4,55,131,65,66
050,21,041,"Kentucky","Carroll County",4,56,141,69,72
050,21,041,"Kentucky","Carroll County",4,57,147,76,71
050,21,041,"Kentucky","Carroll County",4,58,149,79,70
050,21,041,"Kentucky","Carroll County",4,59,140,72,68
050,21,041,"Kentucky","Carroll County",4,60,158,80,78
050,21,041,"Kentucky","Carroll County",4,61,160,75,85
050,21,041,"Kentucky","Carroll County",4,62,144,70,74
050,21,041,"Kentucky","Carroll County",4,63,135,73,62
050,21,041,"Kentucky","Carroll County",4,64,122,60,62
050,21,041,"Kentucky","Carroll County",4,65,132,68,64
050,21,041,"Kentucky","Carroll County",4,66,133,71,62
050,21,041,"Kentucky","Carroll County",4,67,126,59,67
050,21,041,"Kentucky","Carroll County",4,68,109,54,55
050,21,041,"Kentucky","Carroll County",4,69,100,49,51
050,21,041,"Kentucky","Carroll County",4,70,107,52,55
050,21,041,"Kentucky","Carroll County",4,71,95,42,53
050,21,041,"Kentucky","Carroll County",4,72,108,47,61
050,21,041,"Kentucky","Carroll County",4,73,96,42,54
050,21,041,"Kentucky","Carroll County",4,74,88,38,50
050,21,041,"Kentucky","Carroll County",4,75,82,40,42
050,21,041,"Kentucky","Carroll County",4,76,68,28,40
050,21,041,"Kentucky","Carroll County",4,77,60,22,38
050,21,041,"Kentucky","Carroll County",4,78,67,32,35
050,21,041,"Kentucky","Carroll County",4,79,55,26,29
050,21,041,"Kentucky","Carroll County",4,80,41,16,25
050,21,041,"Kentucky","Carroll County",4,81,43,18,25
050,21,041,"Kentucky","Carroll County",4,82,32,13,19
050,21,041,"Kentucky","Carroll County",4,83,21,4,17
050,21,041,"Kentucky","Carroll County",4,84,33,10,23
050,21,041,"Kentucky","Carroll County",4,85,202,78,124
050,21,041,"Kentucky","Carroll County",5,0,162,82,80
050,21,041,"Kentucky","Carroll County",5,1,139,69,70
050,21,041,"Kentucky","Carroll County",5,2,158,79,79
050,21,041,"Kentucky","Carroll County",5,3,167,93,74
050,21,041,"Kentucky","Carroll County",5,4,148,75,73
050,21,041,"Kentucky","Carroll County",5,5,153,82,71
050,21,041,"Kentucky","Carroll County",5,6,148,69,79
050,21,041,"Kentucky","Carroll County",5,7,166,77,89
050,21,041,"Kentucky","Carroll County",5,8,176,91,85
050,21,041,"Kentucky","Carroll County",5,9,172,83,89
050,21,041,"Kentucky","Carroll County",5,10,158,78,80
050,21,041,"Kentucky","Carroll County",5,11,165,85,80
050,21,041,"Kentucky","Carroll County",5,12,182,98,84
050,21,041,"Kentucky","Carroll County",5,13,171,84,87
050,21,041,"Kentucky","Carroll County",5,14,191,92,99
050,21,041,"Kentucky","Carroll County",5,15,184,85,99
050,21,041,"Kentucky","Carroll County",5,16,169,84,85
050,21,041,"Kentucky","Carroll County",5,17,159,80,79
050,21,041,"Kentucky","Carroll County",5,18,137,77,60
050,21,041,"Kentucky","Carroll County",5,19,100,52,48
050,21,041,"Kentucky","Carroll County",5,20,98,46,52
050,21,041,"Kentucky","Carroll County",5,21,117,64,53
050,21,041,"Kentucky","Carroll County",5,22,137,65,72
050,21,041,"Kentucky","Carroll County",5,23,132,70,62
050,21,041,"Kentucky","Carroll County",5,24,131,72,59
050,21,041,"Kentucky","Carroll County",5,25,116,67,49
050,21,041,"Kentucky","Carroll County",5,26,128,64,64
050,21,041,"Kentucky","Carroll County",5,27,136,66,70
050,21,041,"Kentucky","Carroll County",5,28,136,67,69
050,21,041,"Kentucky","Carroll County",5,29,134,76,58
050,21,041,"Kentucky","Carroll County",5,30,131,71,60
050,21,041,"Kentucky","Carroll County",5,31,137,74,63
050,21,041,"Kentucky","Carroll County",5,32,137,69,68
050,21,041,"Kentucky","Carroll County",5,33,155,89,66
050,21,041,"Kentucky","Carroll County",5,34,135,74,61
050,21,041,"Kentucky","Carroll County",5,35,115,62,53
050,21,041,"Kentucky","Carroll County",5,36,136,66,70
050,21,041,"Kentucky","Carroll County",5,37,123,62,61
050,21,041,"Kentucky","Carroll County",5,38,116,54,62
050,21,041,"Kentucky","Carroll County",5,39,142,69,73
050,21,041,"Kentucky","Carroll County",5,40,149,82,67
050,21,041,"Kentucky","Carroll County",5,41,145,70,75
050,21,041,"Kentucky","Carroll County",5,42,144,78,66
050,21,041,"Kentucky","Carroll County",5,43,125,70,55
050,21,041,"Kentucky","Carroll County",5,44,119,62,57
050,21,041,"Kentucky","Carroll County",5,45,117,61,56
050,21,041,"Kentucky","Carroll County",5,46,113,60,53
050,21,041,"Kentucky","Carroll County",5,47,128,73,55
050,21,041,"Kentucky","Carroll County",5,48,122,61,61
050,21,041,"Kentucky","Carroll County",5,49,135,72,63
050,21,041,"Kentucky","Carroll County",5,50,134,78,56
050,21,041,"Kentucky","Carroll County",5,51,143,83,60
050,21,041,"Kentucky","Carroll County",5,52,138,68,70
050,21,041,"Kentucky","Carroll County",5,53,138,75,63
050,21,041,"Kentucky","Carroll County",5,54,112,52,60
050,21,041,"Kentucky","Carroll County",5,55,118,57,61
050,21,041,"Kentucky","Carroll County",5,56,134,67,67
050,21,041,"Kentucky","Carroll County",5,57,140,70,70
050,21,041,"Kentucky","Carroll County",5,58,141,75,66
050,21,041,"Kentucky","Carroll County",5,59,147,76,71
050,21,041,"Kentucky","Carroll County",5,60,140,74,66
050,21,041,"Kentucky","Carroll County",5,61,156,74,82
050,21,041,"Kentucky","Carroll County",5,62,145,66,79
050,21,041,"Kentucky","Carroll County",5,63,143,71,72
050,21,041,"Kentucky","Carroll County",5,64,131,69,62
050,21,041,"Kentucky","Carroll County",5,65,125,61,64
050,21,041,"Kentucky","Carroll County",5,66,132,66,66
050,21,041,"Kentucky","Carroll County",5,67,134,74,60
050,21,041,"Kentucky","Carroll County",5,68,128,60,68
050,21,041,"Kentucky","Carroll County",5,69,104,49,55
050,21,041,"Kentucky","Carroll County",5,70,107,50,57
050,21,041,"Kentucky","Carroll County",5,71,103,51,52
050,21,041,"Kentucky","Carroll County",5,72,88,38,50
050,21,041,"Kentucky","Carroll County",5,73,104,45,59
050,21,041,"Kentucky","Carroll County",5,74,95,43,52
050,21,041,"Kentucky","Carroll County",5,75,79,33,46
050,21,041,"Kentucky","Carroll County",5,76,81,36,45
050,21,041,"Kentucky","Carroll County",5,77,62,25,37
050,21,041,"Kentucky","Carroll County",5,78,60,23,37
050,21,041,"Kentucky","Carroll County",5,79,55,22,33
050,21,041,"Kentucky","Carroll County",5,80,45,20,25
050,21,041,"Kentucky","Carroll County",5,81,42,19,23
050,21,041,"Kentucky","Carroll County",5,82,30,14,16
050,21,041,"Kentucky","Carroll County",5,83,25,5,20
050,21,041,"Kentucky","Carroll County",5,84,25,3,22
050,21,041,"Kentucky","Carroll County",5,85,209,81,128
050,21,043,"Kentucky","Carter County",1,0,290,148,142
050,21,043,"Kentucky","Carter County",1,1,292,147,145
050,21,043,"Kentucky","Carter County",1,2,306,157,149
050,21,043,"Kentucky","Carter County",1,3,331,168,163
050,21,043,"Kentucky","Carter County",1,4,349,175,174
050,21,043,"Kentucky","Carter County",1,5,339,169,170
050,21,043,"Kentucky","Carter County",1,6,352,181,171
050,21,043,"Kentucky","Carter County",1,7,335,179,156
050,21,043,"Kentucky","Carter County",1,8,321,160,161
050,21,043,"Kentucky","Carter County",1,9,312,168,144
050,21,043,"Kentucky","Carter County",1,10,317,156,161
050,21,043,"Kentucky","Carter County",1,11,337,163,174
050,21,043,"Kentucky","Carter County",1,12,365,187,178
050,21,043,"Kentucky","Carter County",1,13,339,186,153
050,21,043,"Kentucky","Carter County",1,14,361,206,155
050,21,043,"Kentucky","Carter County",1,15,359,200,159
050,21,043,"Kentucky","Carter County",1,16,340,176,164
050,21,043,"Kentucky","Carter County",1,17,345,177,168
050,21,043,"Kentucky","Carter County",1,18,339,174,165
050,21,043,"Kentucky","Carter County",1,19,319,175,144
050,21,043,"Kentucky","Carter County",1,20,342,179,163
050,21,043,"Kentucky","Carter County",1,21,338,181,157
050,21,043,"Kentucky","Carter County",1,22,339,166,173
050,21,043,"Kentucky","Carter County",1,23,307,146,161
050,21,043,"Kentucky","Carter County",1,24,281,138,143
050,21,043,"Kentucky","Carter County",1,25,302,168,134
050,21,043,"Kentucky","Carter County",1,26,313,166,147
050,21,043,"Kentucky","Carter County",1,27,315,166,149
050,21,043,"Kentucky","Carter County",1,28,315,154,161
050,21,043,"Kentucky","Carter County",1,29,345,165,180
050,21,043,"Kentucky","Carter County",1,30,320,142,178
050,21,043,"Kentucky","Carter County",1,31,316,152,164
050,21,043,"Kentucky","Carter County",1,32,275,135,140
050,21,043,"Kentucky","Carter County",1,33,248,126,122
050,21,043,"Kentucky","Carter County",1,34,262,127,135
050,21,043,"Kentucky","Carter County",1,35,293,146,147
050,21,043,"Kentucky","Carter County",1,36,262,146,116
050,21,043,"Kentucky","Carter County",1,37,302,153,149
050,21,043,"Kentucky","Carter County",1,38,324,167,157
050,21,043,"Kentucky","Carter County",1,39,320,155,165
050,21,043,"Kentucky","Carter County",1,40,306,164,142
050,21,043,"Kentucky","Carter County",1,41,308,162,146
050,21,043,"Kentucky","Carter County",1,42,300,156,144
050,21,043,"Kentucky","Carter County",1,43,344,173,171
050,21,043,"Kentucky","Carter County",1,44,329,166,163
050,21,043,"Kentucky","Carter County",1,45,318,148,170
050,21,043,"Kentucky","Carter County",1,46,312,142,170
050,21,043,"Kentucky","Carter County",1,47,322,160,162
050,21,043,"Kentucky","Carter County",1,48,337,178,159
050,21,043,"Kentucky","Carter County",1,49,384,193,191
050,21,043,"Kentucky","Carter County",1,50,387,182,205
050,21,043,"Kentucky","Carter County",1,51,380,178,202
050,21,043,"Kentucky","Carter County",1,52,366,179,187
050,21,043,"Kentucky","Carter County",1,53,346,183,163
050,21,043,"Kentucky","Carter County",1,54,344,176,168
050,21,043,"Kentucky","Carter County",1,55,369,176,193
050,21,043,"Kentucky","Carter County",1,56,352,163,189
050,21,043,"Kentucky","Carter County",1,57,348,172,176
050,21,043,"Kentucky","Carter County",1,58,388,186,202
050,21,043,"Kentucky","Carter County",1,59,374,189,185
050,21,043,"Kentucky","Carter County",1,60,382,199,183
050,21,043,"Kentucky","Carter County",1,61,383,205,178
050,21,043,"Kentucky","Carter County",1,62,374,194,180
050,21,043,"Kentucky","Carter County",1,63,367,178,189
050,21,043,"Kentucky","Carter County",1,64,343,167,176
050,21,043,"Kentucky","Carter County",1,65,338,165,173
050,21,043,"Kentucky","Carter County",1,66,347,174,173
050,21,043,"Kentucky","Carter County",1,67,313,155,158
050,21,043,"Kentucky","Carter County",1,68,319,149,170
050,21,043,"Kentucky","Carter County",1,69,292,129,163
050,21,043,"Kentucky","Carter County",1,70,306,138,168
050,21,043,"Kentucky","Carter County",1,71,293,139,154
050,21,043,"Kentucky","Carter County",1,72,300,152,148
050,21,043,"Kentucky","Carter County",1,73,313,157,156
050,21,043,"Kentucky","Carter County",1,74,231,103,128
050,21,043,"Kentucky","Carter County",1,75,217,93,124
050,21,043,"Kentucky","Carter County",1,76,196,77,119
050,21,043,"Kentucky","Carter County",1,77,198,84,114
050,21,043,"Kentucky","Carter County",1,78,166,72,94
050,21,043,"Kentucky","Carter County",1,79,172,75,97
050,21,043,"Kentucky","Carter County",1,80,153,69,84
050,21,043,"Kentucky","Carter County",1,81,139,62,77
050,21,043,"Kentucky","Carter County",1,82,138,57,81
050,21,043,"Kentucky","Carter County",1,83,119,55,64
050,21,043,"Kentucky","Carter County",1,84,86,34,52
050,21,043,"Kentucky","Carter County",1,85,460,185,275
050,21,043,"Kentucky","Carter County",2,0,289,144,145
050,21,043,"Kentucky","Carter County",2,1,290,147,143
050,21,043,"Kentucky","Carter County",2,2,302,153,149
050,21,043,"Kentucky","Carter County",2,3,322,164,158
050,21,043,"Kentucky","Carter County",2,4,347,175,172
050,21,043,"Kentucky","Carter County",2,5,342,171,171
050,21,043,"Kentucky","Carter County",2,6,352,180,172
050,21,043,"Kentucky","Carter County",2,7,342,181,161
050,21,043,"Kentucky","Carter County",2,8,324,165,159
050,21,043,"Kentucky","Carter County",2,9,319,169,150
050,21,043,"Kentucky","Carter County",2,10,313,158,155
050,21,043,"Kentucky","Carter County",2,11,329,160,169
050,21,043,"Kentucky","Carter County",2,12,362,183,179
050,21,043,"Kentucky","Carter County",2,13,344,185,159
050,21,043,"Kentucky","Carter County",2,14,356,201,155
050,21,043,"Kentucky","Carter County",2,15,361,204,157
050,21,043,"Kentucky","Carter County",2,16,346,184,162
050,21,043,"Kentucky","Carter County",2,17,342,176,166
050,21,043,"Kentucky","Carter County",2,18,331,171,160
050,21,043,"Kentucky","Carter County",2,19,326,175,151
050,21,043,"Kentucky","Carter County",2,20,341,182,159
050,21,043,"Kentucky","Carter County",2,21,339,183,156
050,21,043,"Kentucky","Carter County",2,22,338,168,170
050,21,043,"Kentucky","Carter County",2,23,311,149,162
050,21,043,"Kentucky","Carter County",2,24,283,138,145
050,21,043,"Kentucky","Carter County",2,25,297,162,135
050,21,043,"Kentucky","Carter County",2,26,311,166,145
050,21,043,"Kentucky","Carter County",2,27,313,164,149
050,21,043,"Kentucky","Carter County",2,28,313,155,158
050,21,043,"Kentucky","Carter County",2,29,338,162,176
050,21,043,"Kentucky","Carter County",2,30,330,150,180
050,21,043,"Kentucky","Carter County",2,31,317,151,166
050,21,043,"Kentucky","Carter County",2,32,281,136,145
050,21,043,"Kentucky","Carter County",2,33,251,125,126
050,21,043,"Kentucky","Carter County",2,34,260,127,133
050,21,043,"Kentucky","Carter County",2,35,283,140,143
050,21,043,"Kentucky","Carter County",2,36,270,147,123
050,21,043,"Kentucky","Carter County",2,37,293,153,140
050,21,043,"Kentucky","Carter County",2,38,317,162,155
050,21,043,"Kentucky","Carter County",2,39,319,157,162
050,21,043,"Kentucky","Carter County",2,40,314,163,151
050,21,043,"Kentucky","Carter County",2,41,305,161,144
050,21,043,"Kentucky","Carter County",2,42,301,159,142
050,21,043,"Kentucky","Carter County",2,43,334,169,165
050,21,043,"Kentucky","Carter County",2,44,328,166,162
050,21,043,"Kentucky","Carter County",2,45,322,152,170
050,21,043,"Kentucky","Carter County",2,46,311,142,169
050,21,043,"Kentucky","Carter County",2,47,317,154,163
050,21,043,"Kentucky","Carter County",2,48,334,174,160
050,21,043,"Kentucky","Carter County",2,49,372,189,183
050,21,043,"Kentucky","Carter County",2,50,389,187,202
050,21,043,"Kentucky","Carter County",2,51,383,179,204
050,21,043,"Kentucky","Carter County",2,52,366,178,188
050,21,043,"Kentucky","Carter County",2,53,353,184,169
050,21,043,"Kentucky","Carter County",2,54,343,177,166
050,21,043,"Kentucky","Carter County",2,55,361,174,187
050,21,043,"Kentucky","Carter County",2,56,356,166,190
050,21,043,"Kentucky","Carter County",2,57,349,169,180
050,21,043,"Kentucky","Carter County",2,58,379,183,196
050,21,043,"Kentucky","Carter County",2,59,376,188,188
050,21,043,"Kentucky","Carter County",2,60,380,197,183
050,21,043,"Kentucky","Carter County",2,61,380,203,177
050,21,043,"Kentucky","Carter County",2,62,374,196,178
050,21,043,"Kentucky","Carter County",2,63,371,183,188
050,21,043,"Kentucky","Carter County",2,64,342,166,176
050,21,043,"Kentucky","Carter County",2,65,335,164,171
050,21,043,"Kentucky","Carter County",2,66,346,173,173
050,21,043,"Kentucky","Carter County",2,67,319,159,160
050,21,043,"Kentucky","Carter County",2,68,313,148,165
050,21,043,"Kentucky","Carter County",2,69,301,135,166
050,21,043,"Kentucky","Carter County",2,70,298,132,166
050,21,043,"Kentucky","Carter County",2,71,294,138,156
050,21,043,"Kentucky","Carter County",2,72,291,145,146
050,21,043,"Kentucky","Carter County",2,73,325,163,162
050,21,043,"Kentucky","Carter County",2,74,233,108,125
050,21,043,"Kentucky","Carter County",2,75,220,95,125
050,21,043,"Kentucky","Carter County",2,76,197,78,119
050,21,043,"Kentucky","Carter County",2,77,199,82,117
050,21,043,"Kentucky","Carter County",2,78,169,73,96
050,21,043,"Kentucky","Carter County",2,79,169,73,96
050,21,043,"Kentucky","Carter County",2,80,156,69,87
050,21,043,"Kentucky","Carter County",2,81,140,62,78
050,21,043,"Kentucky","Carter County",2,82,136,59,77
050,21,043,"Kentucky","Carter County",2,83,123,55,68
050,21,043,"Kentucky","Carter County",2,84,95,40,55
050,21,043,"Kentucky","Carter County",2,85,466,189,277
050,21,043,"Kentucky","Carter County",3,0,261,134,127
050,21,043,"Kentucky","Carter County",3,1,299,145,154
050,21,043,"Kentucky","Carter County",3,2,278,132,146
050,21,043,"Kentucky","Carter County",3,3,294,153,141
050,21,043,"Kentucky","Carter County",3,4,312,157,155
050,21,043,"Kentucky","Carter County",3,5,340,180,160
050,21,043,"Kentucky","Carter County",3,6,337,168,169
050,21,043,"Kentucky","Carter County",3,7,352,179,173
050,21,043,"Kentucky","Carter County",3,8,355,182,173
050,21,043,"Kentucky","Carter County",3,9,331,170,161
050,21,043,"Kentucky","Carter County",3,10,319,172,147
050,21,043,"Kentucky","Carter County",3,11,321,166,155
050,21,043,"Kentucky","Carter County",3,12,326,160,166
050,21,043,"Kentucky","Carter County",3,13,363,183,180
050,21,043,"Kentucky","Carter County",3,14,351,193,158
050,21,043,"Kentucky","Carter County",3,15,357,208,149
050,21,043,"Kentucky","Carter County",3,16,361,207,154
050,21,043,"Kentucky","Carter County",3,17,340,180,160
050,21,043,"Kentucky","Carter County",3,18,305,162,143
050,21,043,"Kentucky","Carter County",3,19,307,155,152
050,21,043,"Kentucky","Carter County",3,20,335,172,163
050,21,043,"Kentucky","Carter County",3,21,331,179,152
050,21,043,"Kentucky","Carter County",3,22,312,171,141
050,21,043,"Kentucky","Carter County",3,23,339,172,167
050,21,043,"Kentucky","Carter County",3,24,293,140,153
050,21,043,"Kentucky","Carter County",3,25,283,141,142
050,21,043,"Kentucky","Carter County",3,26,283,144,139
050,21,043,"Kentucky","Carter County",3,27,318,171,147
050,21,043,"Kentucky","Carter County",3,28,294,155,139
050,21,043,"Kentucky","Carter County",3,29,300,153,147
050,21,043,"Kentucky","Carter County",3,30,336,156,180
050,21,043,"Kentucky","Carter County",3,31,339,161,178
050,21,043,"Kentucky","Carter County",3,32,325,150,175
050,21,043,"Kentucky","Carter County",3,33,272,131,141
050,21,043,"Kentucky","Carter County",3,34,259,130,129
050,21,043,"Kentucky","Carter County",3,35,256,124,132
050,21,043,"Kentucky","Carter County",3,36,293,144,149
050,21,043,"Kentucky","Carter County",3,37,271,150,121
050,21,043,"Kentucky","Carter County",3,38,296,157,139
050,21,043,"Kentucky","Carter County",3,39,314,159,155
050,21,043,"Kentucky","Carter County",3,40,316,147,169
050,21,043,"Kentucky","Carter County",3,41,315,165,150
050,21,043,"Kentucky","Carter County",3,42,303,165,138
050,21,043,"Kentucky","Carter County",3,43,300,158,142
050,21,043,"Kentucky","Carter County",3,44,330,166,164
050,21,043,"Kentucky","Carter County",3,45,319,164,155
050,21,043,"Kentucky","Carter County",3,46,319,151,168
050,21,043,"Kentucky","Carter County",3,47,311,143,168
050,21,043,"Kentucky","Carter County",3,48,324,162,162
050,21,043,"Kentucky","Carter County",3,49,339,172,167
050,21,043,"Kentucky","Carter County",3,50,370,187,183
050,21,043,"Kentucky","Carter County",3,51,387,190,197
050,21,043,"Kentucky","Carter County",3,52,377,176,201
050,21,043,"Kentucky","Carter County",3,53,364,175,189
050,21,043,"Kentucky","Carter County",3,54,349,180,169
050,21,043,"Kentucky","Carter County",3,55,337,169,168
050,21,043,"Kentucky","Carter County",3,56,358,171,187
050,21,043,"Kentucky","Carter County",3,57,364,171,193
050,21,043,"Kentucky","Carter County",3,58,348,168,180
050,21,043,"Kentucky","Carter County",3,59,369,174,195
050,21,043,"Kentucky","Carter County",3,60,374,188,186
050,21,043,"Kentucky","Carter County",3,61,377,190,187
050,21,043,"Kentucky","Carter County",3,62,385,204,181
050,21,043,"Kentucky","Carter County",3,63,367,189,178
050,21,043,"Kentucky","Carter County",3,64,364,184,180
050,21,043,"Kentucky","Carter County",3,65,341,164,177
050,21,043,"Kentucky","Carter County",3,66,329,159,170
050,21,043,"Kentucky","Carter County",3,67,346,175,171
050,21,043,"Kentucky","Carter County",3,68,308,153,155
050,21,043,"Kentucky","Carter County",3,69,308,148,160
050,21,043,"Kentucky","Carter County",3,70,298,137,161
050,21,043,"Kentucky","Carter County",3,71,283,123,160
050,21,043,"Kentucky","Carter County",3,72,285,133,152
050,21,043,"Kentucky","Carter County",3,73,284,140,144
050,21,043,"Kentucky","Carter County",3,74,306,152,154
050,21,043,"Kentucky","Carter County",3,75,224,103,121
050,21,043,"Kentucky","Carter County",3,76,203,83,120
050,21,043,"Kentucky","Carter County",3,77,192,75,117
050,21,043,"Kentucky","Carter County",3,78,189,80,109
050,21,043,"Kentucky","Carter County",3,79,165,72,93
050,21,043,"Kentucky","Carter County",3,80,157,64,93
050,21,043,"Kentucky","Carter County",3,81,138,59,79
050,21,043,"Kentucky","Carter County",3,82,125,55,70
050,21,043,"Kentucky","Carter County",3,83,127,52,75
050,21,043,"Kentucky","Carter County",3,84,111,47,64
050,21,043,"Kentucky","Carter County",3,85,487,203,284
050,21,043,"Kentucky","Carter County",4,0,282,139,143
050,21,043,"Kentucky","Carter County",4,1,266,135,131
050,21,043,"Kentucky","Carter County",4,2,310,150,160
050,21,043,"Kentucky","Carter County",4,3,285,135,150
050,21,043,"Kentucky","Carter County",4,4,294,149,145
050,21,043,"Kentucky","Carter County",4,5,316,157,159
050,21,043,"Kentucky","Carter County",4,6,346,179,167
050,21,043,"Kentucky","Carter County",4,7,350,172,178
050,21,043,"Kentucky","Carter County",4,8,343,181,162
050,21,043,"Kentucky","Carter County",4,9,361,187,174
050,21,043,"Kentucky","Carter County",4,10,328,165,163
050,21,043,"Kentucky","Carter County",4,11,316,168,148
050,21,043,"Kentucky","Carter County",4,12,320,166,154
050,21,043,"Kentucky","Carter County",4,13,322,161,161
050,21,043,"Kentucky","Carter County",4,14,372,195,177
050,21,043,"Kentucky","Carter County",4,15,354,189,165
050,21,043,"Kentucky","Carter County",4,16,357,206,151
050,21,043,"Kentucky","Carter County",4,17,349,202,147
050,21,043,"Kentucky","Carter County",4,18,323,163,160
050,21,043,"Kentucky","Carter County",4,19,308,158,150
050,21,043,"Kentucky","Carter County",4,20,331,166,165
050,21,043,"Kentucky","Carter County",4,21,341,185,156
050,21,043,"Kentucky","Carter County",4,22,331,172,159
050,21,043,"Kentucky","Carter County",4,23,319,174,145
050,21,043,"Kentucky","Carter County",4,24,332,168,164
050,21,043,"Kentucky","Carter County",4,25,285,144,141
050,21,043,"Kentucky","Carter County",4,26,281,134,147
050,21,043,"Kentucky","Carter County",4,27,286,143,143
050,21,043,"Kentucky","Carter County",4,28,311,170,141
050,21,043,"Kentucky","Carter County",4,29,286,147,139
050,21,043,"Kentucky","Carter County",4,30,315,155,160
050,21,043,"Kentucky","Carter County",4,31,333,162,171
050,21,043,"Kentucky","Carter County",4,32,339,160,179
050,21,043,"Kentucky","Carter County",4,33,319,143,176
050,21,043,"Kentucky","Carter County",4,34,274,134,140
050,21,043,"Kentucky","Carter County",4,35,255,125,130
050,21,043,"Kentucky","Carter County",4,36,257,118,139
050,21,043,"Kentucky","Carter County",4,37,289,143,146
050,21,043,"Kentucky","Carter County",4,38,272,147,125
050,21,043,"Kentucky","Carter County",4,39,293,156,137
050,21,043,"Kentucky","Carter County",4,40,307,157,150
050,21,043,"Kentucky","Carter County",4,41,314,148,166
050,21,043,"Kentucky","Carter County",4,42,307,166,141
050,21,043,"Kentucky","Carter County",4,43,295,157,138
050,21,043,"Kentucky","Carter County",4,44,295,158,137
050,21,043,"Kentucky","Carter County",4,45,327,165,162
050,21,043,"Kentucky","Carter County",4,46,325,163,162
050,21,043,"Kentucky","Carter County",4,47,322,147,175
050,21,043,"Kentucky","Carter County",4,48,313,148,165
050,21,043,"Kentucky","Carter County",4,49,314,154,160
050,21,043,"Kentucky","Carter County",4,50,338,171,167
050,21,043,"Kentucky","Carter County",4,51,368,181,187
050,21,043,"Kentucky","Carter County",4,52,384,188,196
050,21,043,"Kentucky","Carter County",4,53,374,174,200
050,21,043,"Kentucky","Carter County",4,54,367,176,191
050,21,043,"Kentucky","Carter County",4,55,341,174,167
050,21,043,"Kentucky","Carter County",4,56,333,166,167
050,21,043,"Kentucky","Carter County",4,57,360,174,186
050,21,043,"Kentucky","Carter County",4,58,363,172,191
050,21,043,"Kentucky","Carter County",4,59,335,160,175
050,21,043,"Kentucky","Carter County",4,60,370,170,200
050,21,043,"Kentucky","Carter County",4,61,372,184,188
050,21,043,"Kentucky","Carter County",4,62,387,198,189
050,21,043,"Kentucky","Carter County",4,63,367,196,171
050,21,043,"Kentucky","Carter County",4,64,361,189,172
050,21,043,"Kentucky","Carter County",4,65,360,178,182
050,21,043,"Kentucky","Carter County",4,66,339,164,175
050,21,043,"Kentucky","Carter County",4,67,319,151,168
050,21,043,"Kentucky","Carter County",4,68,350,178,172
050,21,043,"Kentucky","Carter County",4,69,294,149,145
050,21,043,"Kentucky","Carter County",4,70,292,141,151
050,21,043,"Kentucky","Carter County",4,71,287,132,155
050,21,043,"Kentucky","Carter County",4,72,276,118,158
050,21,043,"Kentucky","Carter County",4,73,277,127,150
050,21,043,"Kentucky","Carter County",4,74,270,134,136
050,21,043,"Kentucky","Carter County",4,75,295,150,145
050,21,043,"Kentucky","Carter County",4,76,215,97,118
050,21,043,"Kentucky","Carter County",4,77,193,78,115
050,21,043,"Kentucky","Carter County",4,78,182,71,111
050,21,043,"Kentucky","Carter County",4,79,177,74,103
050,21,043,"Kentucky","Carter County",4,80,150,65,85
050,21,043,"Kentucky","Carter County",4,81,136,51,85
050,21,043,"Kentucky","Carter County",4,82,119,52,67
050,21,043,"Kentucky","Carter County",4,83,101,41,60
050,21,043,"Kentucky","Carter County",4,84,113,46,67
050,21,043,"Kentucky","Carter County",4,85,508,221,287
050,21,043,"Kentucky","Carter County",5,0,270,134,136
050,21,043,"Kentucky","Carter County",5,1,272,133,139
050,21,043,"Kentucky","Carter County",5,2,261,135,126
050,21,043,"Kentucky","Carter County",5,3,310,151,159
050,21,043,"Kentucky","Carter County",5,4,280,136,144
050,21,043,"Kentucky","Carter County",5,5,305,161,144
050,21,043,"Kentucky","Carter County",5,6,316,155,161
050,21,043,"Kentucky","Carter County",5,7,356,187,169
050,21,043,"Kentucky","Carter County",5,8,353,172,181
050,21,043,"Kentucky","Carter County",5,9,347,174,173
050,21,043,"Kentucky","Carter County",5,10,358,181,177
050,21,043,"Kentucky","Carter County",5,11,340,165,175
050,21,043,"Kentucky","Carter County",5,12,315,164,151
050,21,043,"Kentucky","Carter County",5,13,327,166,161
050,21,043,"Kentucky","Carter County",5,14,330,162,168
050,21,043,"Kentucky","Carter County",5,15,380,196,184
050,21,043,"Kentucky","Carter County",5,16,366,187,179
050,21,043,"Kentucky","Carter County",5,17,369,210,159
050,21,043,"Kentucky","Carter County",5,18,335,190,145
050,21,043,"Kentucky","Carter County",5,19,314,155,159
050,21,043,"Kentucky","Carter County",5,20,322,167,155
050,21,043,"Kentucky","Carter County",5,21,333,177,156
050,21,043,"Kentucky","Carter County",5,22,336,182,154
050,21,043,"Kentucky","Carter County",5,23,316,167,149
050,21,043,"Kentucky","Carter County",5,24,317,172,145
050,21,043,"Kentucky","Carter County",5,25,334,177,157
050,21,043,"Kentucky","Carter County",5,26,285,144,141
050,21,043,"Kentucky","Carter County",5,27,277,134,143
050,21,043,"Kentucky","Carter County",5,28,287,150,137
050,21,043,"Kentucky","Carter County",5,29,308,165,143
050,21,043,"Kentucky","Carter County",5,30,294,155,139
050,21,043,"Kentucky","Carter County",5,31,322,159,163
050,21,043,"Kentucky","Carter County",5,32,336,163,173
050,21,043,"Kentucky","Carter County",5,33,320,152,168
050,21,043,"Kentucky","Carter County",5,34,322,144,178
050,21,043,"Kentucky","Carter County",5,35,269,123,146
050,21,043,"Kentucky","Carter County",5,36,262,131,131
050,21,043,"Kentucky","Carter County",5,37,260,121,139
050,21,043,"Kentucky","Carter County",5,38,291,138,153
050,21,043,"Kentucky","Carter County",5,39,270,143,127
050,21,043,"Kentucky","Carter County",5,40,296,156,140
050,21,043,"Kentucky","Carter County",5,41,308,160,148
050,21,043,"Kentucky","Carter County",5,42,315,147,168
050,21,043,"Kentucky","Carter County",5,43,301,160,141
050,21,043,"Kentucky","Carter County",5,44,290,151,139
050,21,043,"Kentucky","Carter County",5,45,294,161,133
050,21,043,"Kentucky","Carter County",5,46,322,162,160
050,21,043,"Kentucky","Carter County",5,47,328,169,159
050,21,043,"Kentucky","Carter County",5,48,335,158,177
050,21,043,"Kentucky","Carter County",5,49,324,151,173
050,21,043,"Kentucky","Carter County",5,50,313,149,164
050,21,043,"Kentucky","Carter County",5,51,342,170,172
050,21,043,"Kentucky","Carter County",5,52,367,180,187
050,21,043,"Kentucky","Carter County",5,53,386,192,194
050,21,043,"Kentucky","Carter County",5,54,373,169,204
050,21,043,"Kentucky","Carter County",5,55,362,170,192
050,21,043,"Kentucky","Carter County",5,56,335,168,167
050,21,043,"Kentucky","Carter County",5,57,325,162,163
050,21,043,"Kentucky","Carter County",5,58,357,173,184
050,21,043,"Kentucky","Carter County",5,59,356,167,189
050,21,043,"Kentucky","Carter County",5,60,343,162,181
050,21,043,"Kentucky","Carter County",5,61,364,165,199
050,21,043,"Kentucky","Carter County",5,62,379,185,194
050,21,043,"Kentucky","Carter County",5,63,384,192,192
050,21,043,"Kentucky","Carter County",5,64,363,194,169
050,21,043,"Kentucky","Carter County",5,65,366,190,176
050,21,043,"Kentucky","Carter County",5,66,367,180,187
050,21,043,"Kentucky","Carter County",5,67,332,159,173
050,21,043,"Kentucky","Carter County",5,68,319,152,167
050,21,043,"Kentucky","Carter County",5,69,335,169,166
050,21,043,"Kentucky","Carter County",5,70,282,142,140
050,21,043,"Kentucky","Carter County",5,71,280,136,144
050,21,043,"Kentucky","Carter County",5,72,279,129,150
050,21,043,"Kentucky","Carter County",5,73,268,112,156
050,21,043,"Kentucky","Carter County",5,74,259,120,139
050,21,043,"Kentucky","Carter County",5,75,262,131,131
050,21,043,"Kentucky","Carter County",5,76,285,144,141
050,21,043,"Kentucky","Carter County",5,77,208,92,116
050,21,043,"Kentucky","Carter County",5,78,185,76,109
050,21,043,"Kentucky","Carter County",5,79,168,66,102
050,21,043,"Kentucky","Carter County",5,80,158,63,95
050,21,043,"Kentucky","Carter County",5,81,127,56,71
050,21,043,"Kentucky","Carter County",5,82,121,47,74
050,21,043,"Kentucky","Carter County",5,83,103,44,59
050,21,043,"Kentucky","Carter County",5,84,89,35,54
050,21,043,"Kentucky","Carter County",5,85,546,235,311
050,21,045,"Kentucky","Casey County",1,0,184,93,91
050,21,045,"Kentucky","Casey County",1,1,176,90,86
050,21,045,"Kentucky","Casey County",1,2,194,95,99
050,21,045,"Kentucky","Casey County",1,3,209,105,104
050,21,045,"Kentucky","Casey County",1,4,217,110,107
050,21,045,"Kentucky","Casey County",1,5,203,104,99
050,21,045,"Kentucky","Casey County",1,6,222,120,102
050,21,045,"Kentucky","Casey County",1,7,209,116,93
050,21,045,"Kentucky","Casey County",1,8,197,92,105
050,21,045,"Kentucky","Casey County",1,9,186,92,94
050,21,045,"Kentucky","Casey County",1,10,218,99,119
050,21,045,"Kentucky","Casey County",1,11,221,113,108
050,21,045,"Kentucky","Casey County",1,12,230,123,107
050,21,045,"Kentucky","Casey County",1,13,203,108,95
050,21,045,"Kentucky","Casey County",1,14,220,122,98
050,21,045,"Kentucky","Casey County",1,15,206,110,96
050,21,045,"Kentucky","Casey County",1,16,203,99,104
050,21,045,"Kentucky","Casey County",1,17,214,106,108
050,21,045,"Kentucky","Casey County",1,18,173,85,88
050,21,045,"Kentucky","Casey County",1,19,133,65,68
050,21,045,"Kentucky","Casey County",1,20,149,81,68
050,21,045,"Kentucky","Casey County",1,21,157,83,74
050,21,045,"Kentucky","Casey County",1,22,165,76,89
050,21,045,"Kentucky","Casey County",1,23,169,86,83
050,21,045,"Kentucky","Casey County",1,24,191,93,98
050,21,045,"Kentucky","Casey County",1,25,194,94,100
050,21,045,"Kentucky","Casey County",1,26,215,112,103
050,21,045,"Kentucky","Casey County",1,27,210,108,102
050,21,045,"Kentucky","Casey County",1,28,203,89,114
050,21,045,"Kentucky","Casey County",1,29,183,81,102
050,21,045,"Kentucky","Casey County",1,30,176,75,101
050,21,045,"Kentucky","Casey County",1,31,176,89,87
050,21,045,"Kentucky","Casey County",1,32,177,95,82
050,21,045,"Kentucky","Casey County",1,33,169,76,93
050,21,045,"Kentucky","Casey County",1,34,176,80,96
050,21,045,"Kentucky","Casey County",1,35,164,87,77
050,21,045,"Kentucky","Casey County",1,36,164,90,74
050,21,045,"Kentucky","Casey County",1,37,173,86,87
050,21,045,"Kentucky","Casey County",1,38,182,104,78
050,21,045,"Kentucky","Casey County",1,39,209,108,101
050,21,045,"Kentucky","Casey County",1,40,183,97,86
050,21,045,"Kentucky","Casey County",1,41,183,94,89
050,21,045,"Kentucky","Casey County",1,42,185,90,95
050,21,045,"Kentucky","Casey County",1,43,174,78,96
050,21,045,"Kentucky","Casey County",1,44,184,93,91
050,21,045,"Kentucky","Casey County",1,45,190,84,106
050,21,045,"Kentucky","Casey County",1,46,192,93,99
050,21,045,"Kentucky","Casey County",1,47,208,103,105
050,21,045,"Kentucky","Casey County",1,48,203,102,101
050,21,045,"Kentucky","Casey County",1,49,233,120,113
050,21,045,"Kentucky","Casey County",1,50,208,111,97
050,21,045,"Kentucky","Casey County",1,51,207,118,89
050,21,045,"Kentucky","Casey County",1,52,193,99,94
050,21,045,"Kentucky","Casey County",1,53,181,97,84
050,21,045,"Kentucky","Casey County",1,54,192,95,97
050,21,045,"Kentucky","Casey County",1,55,229,125,104
050,21,045,"Kentucky","Casey County",1,56,242,117,125
050,21,045,"Kentucky","Casey County",1,57,220,103,117
050,21,045,"Kentucky","Casey County",1,58,219,117,102
050,21,045,"Kentucky","Casey County",1,59,214,118,96
050,21,045,"Kentucky","Casey County",1,60,215,113,102
050,21,045,"Kentucky","Casey County",1,61,212,104,108
050,21,045,"Kentucky","Casey County",1,62,203,89,114
050,21,045,"Kentucky","Casey County",1,63,216,100,116
050,21,045,"Kentucky","Casey County",1,64,223,116,107
050,21,045,"Kentucky","Casey County",1,65,211,104,107
050,21,045,"Kentucky","Casey County",1,66,204,98,106
050,21,045,"Kentucky","Casey County",1,67,195,88,107
050,21,045,"Kentucky","Casey County",1,68,209,102,107
050,21,045,"Kentucky","Casey County",1,69,196,100,96
050,21,045,"Kentucky","Casey County",1,70,188,90,98
050,21,045,"Kentucky","Casey County",1,71,192,97,95
050,21,045,"Kentucky","Casey County",1,72,199,93,106
050,21,045,"Kentucky","Casey County",1,73,195,85,110
050,21,045,"Kentucky","Casey County",1,74,140,61,79
050,21,045,"Kentucky","Casey County",1,75,131,55,76
050,21,045,"Kentucky","Casey County",1,76,143,67,76
050,21,045,"Kentucky","Casey County",1,77,142,61,81
050,21,045,"Kentucky","Casey County",1,78,111,53,58
050,21,045,"Kentucky","Casey County",1,79,93,45,48
050,21,045,"Kentucky","Casey County",1,80,92,40,52
050,21,045,"Kentucky","Casey County",1,81,86,31,55
050,21,045,"Kentucky","Casey County",1,82,62,27,35
050,21,045,"Kentucky","Casey County",1,83,61,25,36
050,21,045,"Kentucky","Casey County",1,84,52,21,31
050,21,045,"Kentucky","Casey County",1,85,308,89,219
050,21,045,"Kentucky","Casey County",2,0,188,101,87
050,21,045,"Kentucky","Casey County",2,1,177,89,88
050,21,045,"Kentucky","Casey County",2,2,188,92,96
050,21,045,"Kentucky","Casey County",2,3,205,100,105
050,21,045,"Kentucky","Casey County",2,4,212,108,104
050,21,045,"Kentucky","Casey County",2,5,209,107,102
050,21,045,"Kentucky","Casey County",2,6,219,117,102
050,21,045,"Kentucky","Casey County",2,7,214,119,95
050,21,045,"Kentucky","Casey County",2,8,199,96,103
050,21,045,"Kentucky","Casey County",2,9,189,91,98
050,21,045,"Kentucky","Casey County",2,10,209,96,113
050,21,045,"Kentucky","Casey County",2,11,220,110,110
050,21,045,"Kentucky","Casey County",2,12,230,121,109
050,21,045,"Kentucky","Casey County",2,13,210,113,97
050,21,045,"Kentucky","Casey County",2,14,217,119,98
050,21,045,"Kentucky","Casey County",2,15,208,111,97
050,21,045,"Kentucky","Casey County",2,16,204,102,102
050,21,045,"Kentucky","Casey County",2,17,210,103,107
050,21,045,"Kentucky","Casey County",2,18,172,87,85
050,21,045,"Kentucky","Casey County",2,19,131,64,67
050,21,045,"Kentucky","Casey County",2,20,149,79,70
050,21,045,"Kentucky","Casey County",2,21,155,82,73
050,21,045,"Kentucky","Casey County",2,22,165,79,86
050,21,045,"Kentucky","Casey County",2,23,169,85,84
050,21,045,"Kentucky","Casey County",2,24,190,92,98
050,21,045,"Kentucky","Casey County",2,25,192,94,98
050,21,045,"Kentucky","Casey County",2,26,208,107,101
050,21,045,"Kentucky","Casey County",2,27,210,109,101
050,21,045,"Kentucky","Casey County",2,28,209,94,115
050,21,045,"Kentucky","Casey County",2,29,183,82,101
050,21,045,"Kentucky","Casey County",2,30,182,78,104
050,21,045,"Kentucky","Casey County",2,31,173,85,88
050,21,045,"Kentucky","Casey County",2,32,178,93,85
050,21,045,"Kentucky","Casey County",2,33,169,80,89
050,21,045,"Kentucky","Casey County",2,34,172,78,94
050,21,045,"Kentucky","Casey County",2,35,167,86,81
050,21,045,"Kentucky","Casey County",2,36,161,87,74
050,21,045,"Kentucky","Casey County",2,37,172,88,84
050,21,045,"Kentucky","Casey County",2,38,183,103,80
050,21,045,"Kentucky","Casey County",2,39,203,106,97
050,21,045,"Kentucky","Casey County",2,40,190,102,88
050,21,045,"Kentucky","Casey County",2,41,180,93,87
050,21,045,"Kentucky","Casey County",2,42,184,91,93
050,21,045,"Kentucky","Casey County",2,43,177,81,96
050,21,045,"Kentucky","Casey County",2,44,179,87,92
050,21,045,"Kentucky","Casey County",2,45,187,86,101
050,21,045,"Kentucky","Casey County",2,46,193,93,100
050,21,045,"Kentucky","Casey County",2,47,203,100,103
050,21,045,"Kentucky","Casey County",2,48,207,105,102
050,21,045,"Kentucky","Casey County",2,49,224,115,109
050,21,045,"Kentucky","Casey County",2,50,214,113,101
050,21,045,"Kentucky","Casey County",2,51,204,116,88
050,21,045,"Kentucky","Casey County",2,52,194,101,93
050,21,045,"Kentucky","Casey County",2,53,184,97,87
050,21,045,"Kentucky","Casey County",2,54,188,94,94
050,21,045,"Kentucky","Casey County",2,55,220,117,103
050,21,045,"Kentucky","Casey County",2,56,240,120,120
050,21,045,"Kentucky","Casey County",2,57,226,107,119
050,21,045,"Kentucky","Casey County",2,58,220,112,108
050,21,045,"Kentucky","Casey County",2,59,216,120,96
050,21,045,"Kentucky","Casey County",2,60,217,116,101
050,21,045,"Kentucky","Casey County",2,61,210,103,107
050,21,045,"Kentucky","Casey County",2,62,205,93,112
050,21,045,"Kentucky","Casey County",2,63,212,96,116
050,21,045,"Kentucky","Casey County",2,64,221,112,109
050,21,045,"Kentucky","Casey County",2,65,216,108,108
050,21,045,"Kentucky","Casey County",2,66,204,98,106
050,21,045,"Kentucky","Casey County",2,67,200,92,108
050,21,045,"Kentucky","Casey County",2,68,201,95,106
050,21,045,"Kentucky","Casey County",2,69,198,99,99
050,21,045,"Kentucky","Casey County",2,70,189,92,97
050,21,045,"Kentucky","Casey County",2,71,191,94,97
050,21,045,"Kentucky","Casey County",2,72,193,92,101
050,21,045,"Kentucky","Casey County",2,73,202,89,113
050,21,045,"Kentucky","Casey County",2,74,142,62,80
050,21,045,"Kentucky","Casey County",2,75,131,55,76
050,21,045,"Kentucky","Casey County",2,76,141,65,76
050,21,045,"Kentucky","Casey County",2,77,145,64,81
050,21,045,"Kentucky","Casey County",2,78,115,54,61
050,21,045,"Kentucky","Casey County",2,79,96,46,50
050,21,045,"Kentucky","Casey County",2,80,91,41,50
050,21,045,"Kentucky","Casey County",2,81,84,32,52
050,21,045,"Kentucky","Casey County",2,82,67,28,39
050,21,045,"Kentucky","Casey County",2,83,58,22,36
050,21,045,"Kentucky","Casey County",2,84,54,23,31
050,21,045,"Kentucky","Casey County",2,85,304,87,217
050,21,045,"Kentucky","Casey County",3,0,166,92,74
050,21,045,"Kentucky","Casey County",3,1,189,100,89
050,21,045,"Kentucky","Casey County",3,2,185,91,94
050,21,045,"Kentucky","Casey County",3,3,195,98,97
050,21,045,"Kentucky","Casey County",3,4,205,103,102
050,21,045,"Kentucky","Casey County",3,5,207,110,97
050,21,045,"Kentucky","Casey County",3,6,213,108,105
050,21,045,"Kentucky","Casey County",3,7,212,114,98
050,21,045,"Kentucky","Casey County",3,8,208,116,92
050,21,045,"Kentucky","Casey County",3,9,199,97,102
050,21,045,"Kentucky","Casey County",3,10,190,93,97
050,21,045,"Kentucky","Casey County",3,11,210,96,114
050,21,045,"Kentucky","Casey County",3,12,218,111,107
050,21,045,"Kentucky","Casey County",3,13,230,119,111
050,21,045,"Kentucky","Casey County",3,14,219,115,104
050,21,045,"Kentucky","Casey County",3,15,214,113,101
050,21,045,"Kentucky","Casey County",3,16,218,117,101
050,21,045,"Kentucky","Casey County",3,17,202,103,99
050,21,045,"Kentucky","Casey County",3,18,187,96,91
050,21,045,"Kentucky","Casey County",3,19,137,67,70
050,21,045,"Kentucky","Casey County",3,20,152,75,77
050,21,045,"Kentucky","Casey County",3,21,156,81,75
050,21,045,"Kentucky","Casey County",3,22,176,90,86
050,21,045,"Kentucky","Casey County",3,23,171,84,87
050,21,045,"Kentucky","Casey County",3,24,181,82,99
050,21,045,"Kentucky","Casey County",3,25,182,90,92
050,21,045,"Kentucky","Casey County",3,26,190,89,101
050,21,045,"Kentucky","Casey County",3,27,202,104,98
050,21,045,"Kentucky","Casey County",3,28,225,108,117
050,21,045,"Kentucky","Casey County",3,29,187,94,93
050,21,045,"Kentucky","Casey County",3,30,184,82,102
050,21,045,"Kentucky","Casey County",3,31,173,78,95
050,21,045,"Kentucky","Casey County",3,32,190,90,100
050,21,045,"Kentucky","Casey County",3,33,184,98,86
050,21,045,"Kentucky","Casey County",3,34,158,74,84
050,21,045,"Kentucky","Casey County",3,35,176,78,98
050,21,045,"Kentucky","Casey County",3,36,166,87,79
050,21,045,"Kentucky","Casey County",3,37,164,91,73
050,21,045,"Kentucky","Casey County",3,38,175,88,87
050,21,045,"Kentucky","Casey County",3,39,197,107,90
050,21,045,"Kentucky","Casey County",3,40,197,103,94
050,21,045,"Kentucky","Casey County",3,41,190,101,89
050,21,045,"Kentucky","Casey County",3,42,191,105,86
050,21,045,"Kentucky","Casey County",3,43,193,93,100
050,21,045,"Kentucky","Casey County",3,44,167,73,94
050,21,045,"Kentucky","Casey County",3,45,179,86,93
050,21,045,"Kentucky","Casey County",3,46,181,82,99
050,21,045,"Kentucky","Casey County",3,47,191,90,101
050,21,045,"Kentucky","Casey County",3,48,208,106,102
050,21,045,"Kentucky","Casey County",3,49,206,107,99
050,21,045,"Kentucky","Casey County",3,50,227,111,116
050,21,045,"Kentucky","Casey County",3,51,211,115,96
050,21,045,"Kentucky","Casey County",3,52,200,111,89
050,21,045,"Kentucky","Casey County",3,53,193,100,93
050,21,045,"Kentucky","Casey County",3,54,183,95,88
050,21,045,"Kentucky","Casey County",3,55,187,91,96
050,21,045,"Kentucky","Casey County",3,56,220,118,102
050,21,045,"Kentucky","Casey County",3,57,248,124,124
050,21,045,"Kentucky","Casey County",3,58,231,107,124
050,21,045,"Kentucky","Casey County",3,59,228,120,108
050,21,045,"Kentucky","Casey County",3,60,208,110,98
050,21,045,"Kentucky","Casey County",3,61,221,112,109
050,21,045,"Kentucky","Casey County",3,62,208,103,105
050,21,045,"Kentucky","Casey County",3,63,201,93,108
050,21,045,"Kentucky","Casey County",3,64,215,99,116
050,21,045,"Kentucky","Casey County",3,65,219,104,115
050,21,045,"Kentucky","Casey County",3,66,214,110,104
050,21,045,"Kentucky","Casey County",3,67,206,99,107
050,21,045,"Kentucky","Casey County",3,68,191,92,99
050,21,045,"Kentucky","Casey County",3,69,198,94,104
050,21,045,"Kentucky","Casey County",3,70,188,94,94
050,21,045,"Kentucky","Casey County",3,71,184,90,94
050,21,045,"Kentucky","Casey County",3,72,187,92,95
050,21,045,"Kentucky","Casey County",3,73,182,86,96
050,21,045,"Kentucky","Casey County",3,74,198,88,110
050,21,045,"Kentucky","Casey County",3,75,131,54,77
050,21,045,"Kentucky","Casey County",3,76,125,51,74
050,21,045,"Kentucky","Casey County",3,77,131,60,71
050,21,045,"Kentucky","Casey County",3,78,135,58,77
050,21,045,"Kentucky","Casey County",3,79,102,45,57
050,21,045,"Kentucky","Casey County",3,80,94,45,49
050,21,045,"Kentucky","Casey County",3,81,85,36,49
050,21,045,"Kentucky","Casey County",3,82,80,30,50
050,21,045,"Kentucky","Casey County",3,83,61,22,39
050,21,045,"Kentucky","Casey County",3,84,50,17,33
050,21,045,"Kentucky","Casey County",3,85,302,89,213
050,21,045,"Kentucky","Casey County",4,0,180,101,79
050,21,045,"Kentucky","Casey County",4,1,174,96,78
050,21,045,"Kentucky","Casey County",4,2,183,101,82
050,21,045,"Kentucky","Casey County",4,3,181,92,89
050,21,045,"Kentucky","Casey County",4,4,200,100,100
050,21,045,"Kentucky","Casey County",4,5,205,101,104
050,21,045,"Kentucky","Casey County",4,6,213,110,103
050,21,045,"Kentucky","Casey County",4,7,217,108,109
050,21,045,"Kentucky","Casey County",4,8,214,112,102
050,21,045,"Kentucky","Casey County",4,9,210,117,93
050,21,045,"Kentucky","Casey County",4,10,194,92,102
050,21,045,"Kentucky","Casey County",4,11,193,95,98
050,21,045,"Kentucky","Casey County",4,12,216,103,113
050,21,045,"Kentucky","Casey County",4,13,220,107,113
050,21,045,"Kentucky","Casey County",4,14,227,119,108
050,21,045,"Kentucky","Casey County",4,15,214,111,103
050,21,045,"Kentucky","Casey County",4,16,216,114,102
050,21,045,"Kentucky","Casey County",4,17,201,109,92
050,21,045,"Kentucky","Casey County",4,18,170,93,77
050,21,045,"Kentucky","Casey County",4,19,137,68,69
050,21,045,"Kentucky","Casey County",4,20,144,69,75
050,21,045,"Kentucky","Casey County",4,21,145,68,77
050,21,045,"Kentucky","Casey County",4,22,171,88,83
050,21,045,"Kentucky","Casey County",4,23,178,90,88
050,21,045,"Kentucky","Casey County",4,24,193,96,97
050,21,045,"Kentucky","Casey County",4,25,184,86,98
050,21,045,"Kentucky","Casey County",4,26,184,96,88
050,21,045,"Kentucky","Casey County",4,27,189,89,100
050,21,045,"Kentucky","Casey County",4,28,216,100,116
050,21,045,"Kentucky","Casey County",4,29,202,105,97
050,21,045,"Kentucky","Casey County",4,30,198,94,104
050,21,045,"Kentucky","Casey County",4,31,179,84,95
050,21,045,"Kentucky","Casey County",4,32,189,81,108
050,21,045,"Kentucky","Casey County",4,33,192,90,102
050,21,045,"Kentucky","Casey County",4,34,174,96,78
050,21,045,"Kentucky","Casey County",4,35,159,73,86
050,21,045,"Kentucky","Casey County",4,36,175,82,93
050,21,045,"Kentucky","Casey County",4,37,168,87,81
050,21,045,"Kentucky","Casey County",4,38,165,94,71
050,21,045,"Kentucky","Casey County",4,39,186,93,93
050,21,045,"Kentucky","Casey County",4,40,187,109,78
050,21,045,"Kentucky","Casey County",4,41,202,101,101
050,21,045,"Kentucky","Casey County",4,42,196,105,91
050,21,045,"Kentucky","Casey County",4,43,194,101,93
050,21,045,"Kentucky","Casey County",4,44,184,88,96
050,21,045,"Kentucky","Casey County",4,45,169,78,91
050,21,045,"Kentucky","Casey County",4,46,176,87,89
050,21,045,"Kentucky","Casey County",4,47,190,84,106
050,21,045,"Kentucky","Casey County",4,48,202,96,106
050,21,045,"Kentucky","Casey County",4,49,198,99,99
050,21,045,"Kentucky","Casey County",4,50,203,104,99
050,21,045,"Kentucky","Casey County",4,51,218,114,104
050,21,045,"Kentucky","Casey County",4,52,213,110,103
050,21,045,"Kentucky","Casey County",4,53,210,117,93
050,21,045,"Kentucky","Casey County",4,54,186,95,91
050,21,045,"Kentucky","Casey County",4,55,176,91,85
050,21,045,"Kentucky","Casey County",4,56,194,98,96
050,21,045,"Kentucky","Casey County",4,57,213,114,99
050,21,045,"Kentucky","Casey County",4,58,252,124,128
050,21,045,"Kentucky","Casey County",4,59,228,108,120
050,21,045,"Kentucky","Casey County",4,60,225,114,111
050,21,045,"Kentucky","Casey County",4,61,204,104,100
050,21,045,"Kentucky","Casey County",4,62,222,115,107
050,21,045,"Kentucky","Casey County",4,63,201,98,103
050,21,045,"Kentucky","Casey County",4,64,204,94,110
050,21,045,"Kentucky","Casey County",4,65,217,96,121
050,21,045,"Kentucky","Casey County",4,66,212,101,111
050,21,045,"Kentucky","Casey County",4,67,217,110,107
050,21,045,"Kentucky","Casey County",4,68,200,92,108
050,21,045,"Kentucky","Casey County",4,69,196,94,102
050,21,045,"Kentucky","Casey County",4,70,186,87,99
050,21,045,"Kentucky","Casey County",4,71,184,89,95
050,21,045,"Kentucky","Casey County",4,72,179,87,92
050,21,045,"Kentucky","Casey County",4,73,179,91,88
050,21,045,"Kentucky","Casey County",4,74,174,82,92
050,21,045,"Kentucky","Casey County",4,75,192,84,108
050,21,045,"Kentucky","Casey County",4,76,127,51,76
050,21,045,"Kentucky","Casey County",4,77,116,47,69
050,21,045,"Kentucky","Casey County",4,78,124,56,68
050,21,045,"Kentucky","Casey County",4,79,126,53,73
050,21,045,"Kentucky","Casey County",4,80,99,45,54
050,21,045,"Kentucky","Casey County",4,81,89,42,47
050,21,045,"Kentucky","Casey County",4,82,78,33,45
050,21,045,"Kentucky","Casey County",4,83,72,24,48
050,21,045,"Kentucky","Casey County",4,84,51,19,32
050,21,045,"Kentucky","Casey County",4,85,290,80,210
050,21,045,"Kentucky","Casey County",5,0,179,101,78
050,21,045,"Kentucky","Casey County",5,1,187,108,79
050,21,045,"Kentucky","Casey County",5,2,179,105,74
050,21,045,"Kentucky","Casey County",5,3,189,107,82
050,21,045,"Kentucky","Casey County",5,4,184,94,90
050,21,045,"Kentucky","Casey County",5,5,212,102,110
050,21,045,"Kentucky","Casey County",5,6,210,104,106
050,21,045,"Kentucky","Casey County",5,7,212,110,102
050,21,045,"Kentucky","Casey County",5,8,216,107,109
050,21,045,"Kentucky","Casey County",5,9,204,104,100
050,21,045,"Kentucky","Casey County",5,10,209,111,98
050,21,045,"Kentucky","Casey County",5,11,197,92,105
050,21,045,"Kentucky","Casey County",5,12,199,95,104
050,21,045,"Kentucky","Casey County",5,13,206,104,102
050,21,045,"Kentucky","Casey County",5,14,219,110,109
050,21,045,"Kentucky","Casey County",5,15,231,126,105
050,21,045,"Kentucky","Casey County",5,16,211,111,100
050,21,045,"Kentucky","Casey County",5,17,211,111,100
050,21,045,"Kentucky","Casey County",5,18,174,104,70
050,21,045,"Kentucky","Casey County",5,19,130,70,60
050,21,045,"Kentucky","Casey County",5,20,155,80,75
050,21,045,"Kentucky","Casey County",5,21,147,70,77
050,21,045,"Kentucky","Casey County",5,22,154,68,86
050,21,045,"Kentucky","Casey County",5,23,184,98,86
050,21,045,"Kentucky","Casey County",5,24,210,107,103
050,21,045,"Kentucky","Casey County",5,25,183,91,92
050,21,045,"Kentucky","Casey County",5,26,172,79,93
050,21,045,"Kentucky","Casey County",5,27,191,101,90
050,21,045,"Kentucky","Casey County",5,28,198,82,116
050,21,045,"Kentucky","Casey County",5,29,197,96,101
050,21,045,"Kentucky","Casey County",5,30,206,107,99
050,21,045,"Kentucky","Casey County",5,31,186,96,90
050,21,045,"Kentucky","Casey County",5,32,190,85,105
050,21,045,"Kentucky","Casey County",5,33,189,82,107
050,21,045,"Kentucky","Casey County",5,34,176,82,94
050,21,045,"Kentucky","Casey County",5,35,192,108,84
050,21,045,"Kentucky","Casey County",5,36,151,74,77
050,21,045,"Kentucky","Casey County",5,37,176,79,97
050,21,045,"Kentucky","Casey County",5,38,166,89,77
050,21,045,"Kentucky","Casey County",5,39,190,104,86
050,21,045,"Kentucky","Casey County",5,40,181,90,91
050,21,045,"Kentucky","Casey County",5,41,188,106,82
050,21,045,"Kentucky","Casey County",5,42,200,102,98
050,21,045,"Kentucky","Casey County",5,43,204,110,94
050,21,045,"Kentucky","Casey County",5,44,188,96,92
050,21,045,"Kentucky","Casey County",5,45,180,93,87
050,21,045,"Kentucky","Casey County",5,46,160,74,86
050,21,045,"Kentucky","Casey County",5,47,172,85,87
050,21,045,"Kentucky","Casey County",5,48,199,92,107
050,21,045,"Kentucky","Casey County",5,49,192,90,102
050,21,045,"Kentucky","Casey County",5,50,194,95,99
050,21,045,"Kentucky","Casey County",5,51,200,107,93
050,21,045,"Kentucky","Casey County",5,52,217,109,108
050,21,045,"Kentucky","Casey County",5,53,212,116,96
050,21,045,"Kentucky","Casey County",5,54,200,106,94
050,21,045,"Kentucky","Casey County",5,55,192,99,93
050,21,045,"Kentucky","Casey County",5,56,176,90,86
050,21,045,"Kentucky","Casey County",5,57,199,103,96
050,21,045,"Kentucky","Casey County",5,58,215,113,102
050,21,045,"Kentucky","Casey County",5,59,256,127,129
050,21,045,"Kentucky","Casey County",5,60,226,105,121
050,21,045,"Kentucky","Casey County",5,61,216,108,108
050,21,045,"Kentucky","Casey County",5,62,213,106,107
050,21,045,"Kentucky","Casey County",5,63,215,111,104
050,21,045,"Kentucky","Casey County",5,64,205,101,104
050,21,045,"Kentucky","Casey County",5,65,205,87,118
050,21,045,"Kentucky","Casey County",5,66,213,94,119
050,21,045,"Kentucky","Casey County",5,67,217,106,111
050,21,045,"Kentucky","Casey County",5,68,213,104,109
050,21,045,"Kentucky","Casey County",5,69,203,94,109
050,21,045,"Kentucky","Casey County",5,70,181,85,96
050,21,045,"Kentucky","Casey County",5,71,181,82,99
050,21,045,"Kentucky","Casey County",5,72,180,86,94
050,21,045,"Kentucky","Casey County",5,73,171,83,88
050,21,045,"Kentucky","Casey County",5,74,176,91,85
050,21,045,"Kentucky","Casey County",5,75,169,78,91
050,21,045,"Kentucky","Casey County",5,76,187,80,107
050,21,045,"Kentucky","Casey County",5,77,117,46,71
050,21,045,"Kentucky","Casey County",5,78,109,42,67
050,21,045,"Kentucky","Casey County",5,79,115,50,65
050,21,045,"Kentucky","Casey County",5,80,123,53,70
050,21,045,"Kentucky","Casey County",5,81,91,41,50
050,21,045,"Kentucky","Casey County",5,82,82,38,44
050,21,045,"Kentucky","Casey County",5,83,73,28,45
050,21,045,"Kentucky","Casey County",5,84,61,19,42
050,21,045,"Kentucky","Casey County",5,85,279,72,207
050,21,047,"Kentucky","Christian County",1,0,1558,804,754
050,21,047,"Kentucky","Christian County",1,1,1466,754,712
050,21,047,"Kentucky","Christian County",1,2,1263,643,620
050,21,047,"Kentucky","Christian County",1,3,1294,659,635
050,21,047,"Kentucky","Christian County",1,4,1353,709,644
050,21,047,"Kentucky","Christian County",1,5,1299,666,633
050,21,047,"Kentucky","Christian County",1,6,1158,604,554
050,21,047,"Kentucky","Christian County",1,7,1131,595,536
050,21,047,"Kentucky","Christian County",1,8,1070,557,513
050,21,047,"Kentucky","Christian County",1,9,1018,532,486
050,21,047,"Kentucky","Christian County",1,10,1032,534,498
050,21,047,"Kentucky","Christian County",1,11,1014,505,509
050,21,047,"Kentucky","Christian County",1,12,992,521,471
050,21,047,"Kentucky","Christian County",1,13,1002,526,476
050,21,047,"Kentucky","Christian County",1,14,923,466,457
050,21,047,"Kentucky","Christian County",1,15,905,482,423
050,21,047,"Kentucky","Christian County",1,16,910,465,445
050,21,047,"Kentucky","Christian County",1,17,863,445,418
050,21,047,"Kentucky","Christian County",1,18,910,549,361
050,21,047,"Kentucky","Christian County",1,19,1213,855,358
050,21,047,"Kentucky","Christian County",1,20,1657,1177,480
050,21,047,"Kentucky","Christian County",1,21,1797,1253,544
050,21,047,"Kentucky","Christian County",1,22,1838,1273,565
050,21,047,"Kentucky","Christian County",1,23,1806,1187,619
050,21,047,"Kentucky","Christian County",1,24,1676,1068,608
050,21,047,"Kentucky","Christian County",1,25,1564,944,620
050,21,047,"Kentucky","Christian County",1,26,1531,914,617
050,21,047,"Kentucky","Christian County",1,27,1394,820,574
050,21,047,"Kentucky","Christian County",1,28,1407,792,615
050,21,047,"Kentucky","Christian County",1,29,1315,717,598
050,21,047,"Kentucky","Christian County",1,30,1165,617,548
050,21,047,"Kentucky","Christian County",1,31,1062,536,526
050,21,047,"Kentucky","Christian County",1,32,1008,528,480
050,21,047,"Kentucky","Christian County",1,33,934,482,452
050,21,047,"Kentucky","Christian County",1,34,897,484,413
050,21,047,"Kentucky","Christian County",1,35,839,432,407
050,21,047,"Kentucky","Christian County",1,36,852,423,429
050,21,047,"Kentucky","Christian County",1,37,859,448,411
050,21,047,"Kentucky","Christian County",1,38,815,395,420
050,21,047,"Kentucky","Christian County",1,39,759,380,379
050,21,047,"Kentucky","Christian County",1,40,732,374,358
050,21,047,"Kentucky","Christian County",1,41,673,332,341
050,21,047,"Kentucky","Christian County",1,42,671,307,364
050,21,047,"Kentucky","Christian County",1,43,653,315,338
050,21,047,"Kentucky","Christian County",1,44,622,319,303
050,21,047,"Kentucky","Christian County",1,45,637,311,326
050,21,047,"Kentucky","Christian County",1,46,583,294,289
050,21,047,"Kentucky","Christian County",1,47,640,321,319
050,21,047,"Kentucky","Christian County",1,48,622,312,310
050,21,047,"Kentucky","Christian County",1,49,666,324,342
050,21,047,"Kentucky","Christian County",1,50,585,287,298
050,21,047,"Kentucky","Christian County",1,51,609,291,318
050,21,047,"Kentucky","Christian County",1,52,605,288,317
050,21,047,"Kentucky","Christian County",1,53,618,280,338
050,21,047,"Kentucky","Christian County",1,54,608,279,329
050,21,047,"Kentucky","Christian County",1,55,652,298,354
050,21,047,"Kentucky","Christian County",1,56,663,314,349
050,21,047,"Kentucky","Christian County",1,57,720,333,387
050,21,047,"Kentucky","Christian County",1,58,681,333,348
050,21,047,"Kentucky","Christian County",1,59,652,307,345
050,21,047,"Kentucky","Christian County",1,60,664,323,341
050,21,047,"Kentucky","Christian County",1,61,639,319,320
050,21,047,"Kentucky","Christian County",1,62,627,294,333
050,21,047,"Kentucky","Christian County",1,63,632,282,350
050,21,047,"Kentucky","Christian County",1,64,609,283,326
050,21,047,"Kentucky","Christian County",1,65,633,298,335
050,21,047,"Kentucky","Christian County",1,66,637,306,331
050,21,047,"Kentucky","Christian County",1,67,577,285,292
050,21,047,"Kentucky","Christian County",1,68,559,253,306
050,21,047,"Kentucky","Christian County",1,69,487,240,247
050,21,047,"Kentucky","Christian County",1,70,490,233,257
050,21,047,"Kentucky","Christian County",1,71,513,235,278
050,21,047,"Kentucky","Christian County",1,72,511,221,290
050,21,047,"Kentucky","Christian County",1,73,485,208,277
050,21,047,"Kentucky","Christian County",1,74,356,153,203
050,21,047,"Kentucky","Christian County",1,75,395,187,208
050,21,047,"Kentucky","Christian County",1,76,370,148,222
050,21,047,"Kentucky","Christian County",1,77,341,136,205
050,21,047,"Kentucky","Christian County",1,78,321,127,194
050,21,047,"Kentucky","Christian County",1,79,274,107,167
050,21,047,"Kentucky","Christian County",1,80,267,102,165
050,21,047,"Kentucky","Christian County",1,81,266,117,149
050,21,047,"Kentucky","Christian County",1,82,224,101,123
050,21,047,"Kentucky","Christian County",1,83,199,80,119
050,21,047,"Kentucky","Christian County",1,84,189,68,121
050,21,047,"Kentucky","Christian County",1,85,1107,389,718
050,21,047,"Kentucky","Christian County",2,0,1516,775,741
050,21,047,"Kentucky","Christian County",2,1,1465,753,712
050,21,047,"Kentucky","Christian County",2,2,1296,661,635
050,21,047,"Kentucky","Christian County",2,3,1274,650,624
050,21,047,"Kentucky","Christian County",2,4,1328,690,638
050,21,047,"Kentucky","Christian County",2,5,1289,665,624
050,21,047,"Kentucky","Christian County",2,6,1189,617,572
050,21,047,"Kentucky","Christian County",2,7,1137,597,540
050,21,047,"Kentucky","Christian County",2,8,1071,559,512
050,21,047,"Kentucky","Christian County",2,9,1028,538,490
050,21,047,"Kentucky","Christian County",2,10,1019,530,489
050,21,047,"Kentucky","Christian County",2,11,1006,507,499
050,21,047,"Kentucky","Christian County",2,12,995,518,477
050,21,047,"Kentucky","Christian County",2,13,994,520,474
050,21,047,"Kentucky","Christian County",2,14,935,477,458
050,21,047,"Kentucky","Christian County",2,15,910,474,436
050,21,047,"Kentucky","Christian County",2,16,904,466,438
050,21,047,"Kentucky","Christian County",2,17,876,455,421
050,21,047,"Kentucky","Christian County",2,18,934,567,367
050,21,047,"Kentucky","Christian County",2,19,1231,868,363
050,21,047,"Kentucky","Christian County",2,20,1639,1162,477
050,21,047,"Kentucky","Christian County",2,21,1777,1238,539
050,21,047,"Kentucky","Christian County",2,22,1818,1251,567
050,21,047,"Kentucky","Christian County",2,23,1792,1176,616
050,21,047,"Kentucky","Christian County",2,24,1664,1058,606
050,21,047,"Kentucky","Christian County",2,25,1567,952,615
050,21,047,"Kentucky","Christian County",2,26,1509,903,606
050,21,047,"Kentucky","Christian County",2,27,1401,821,580
050,21,047,"Kentucky","Christian County",2,28,1400,793,607
050,21,047,"Kentucky","Christian County",2,29,1323,720,603
050,21,047,"Kentucky","Christian County",2,30,1190,628,562
050,21,047,"Kentucky","Christian County",2,31,1074,548,526
050,21,047,"Kentucky","Christian County",2,32,1011,523,488
050,21,047,"Kentucky","Christian County",2,33,935,486,449
050,21,047,"Kentucky","Christian County",2,34,893,477,416
050,21,047,"Kentucky","Christian County",2,35,853,445,408
050,21,047,"Kentucky","Christian County",2,36,836,421,415
050,21,047,"Kentucky","Christian County",2,37,856,440,416
050,21,047,"Kentucky","Christian County",2,38,825,408,417
050,21,047,"Kentucky","Christian County",2,39,761,374,387
050,21,047,"Kentucky","Christian County",2,40,742,378,364
050,21,047,"Kentucky","Christian County",2,41,684,339,345
050,21,047,"Kentucky","Christian County",2,42,663,309,354
050,21,047,"Kentucky","Christian County",2,43,657,313,344
050,21,047,"Kentucky","Christian County",2,44,620,312,308
050,21,047,"Kentucky","Christian County",2,45,637,316,321
050,21,047,"Kentucky","Christian County",2,46,591,297,294
050,21,047,"Kentucky","Christian County",2,47,620,311,309
050,21,047,"Kentucky","Christian County",2,48,620,311,309
050,21,047,"Kentucky","Christian County",2,49,654,321,333
050,21,047,"Kentucky","Christian County",2,50,596,291,305
050,21,047,"Kentucky","Christian County",2,51,600,291,309
050,21,047,"Kentucky","Christian County",2,52,601,286,315
050,21,047,"Kentucky","Christian County",2,53,613,279,334
050,21,047,"Kentucky","Christian County",2,54,606,278,328
050,21,047,"Kentucky","Christian County",2,55,635,290,345
050,21,047,"Kentucky","Christian County",2,56,663,312,351
050,21,047,"Kentucky","Christian County",2,57,704,326,378
050,21,047,"Kentucky","Christian County",2,58,683,330,353
050,21,047,"Kentucky","Christian County",2,59,657,312,345
050,21,047,"Kentucky","Christian County",2,60,656,313,343
050,21,047,"Kentucky","Christian County",2,61,646,320,326
050,21,047,"Kentucky","Christian County",2,62,621,296,325
050,21,047,"Kentucky","Christian County",2,63,636,287,349
050,21,047,"Kentucky","Christian County",2,64,608,281,327
050,21,047,"Kentucky","Christian County",2,65,620,292,328
050,21,047,"Kentucky","Christian County",2,66,638,304,334
050,21,047,"Kentucky","Christian County",2,67,591,293,298
050,21,047,"Kentucky","Christian County",2,68,561,260,301
050,21,047,"Kentucky","Christian County",2,69,503,243,260
050,21,047,"Kentucky","Christian County",2,70,487,234,253
050,21,047,"Kentucky","Christian County",2,71,506,232,274
050,21,047,"Kentucky","Christian County",2,72,493,215,278
050,21,047,"Kentucky","Christian County",2,73,512,219,293
050,21,047,"Kentucky","Christian County",2,74,361,155,206
050,21,047,"Kentucky","Christian County",2,75,388,181,207
050,21,047,"Kentucky","Christian County",2,76,365,152,213
050,21,047,"Kentucky","Christian County",2,77,350,138,212
050,21,047,"Kentucky","Christian County",2,78,312,125,187
050,21,047,"Kentucky","Christian County",2,79,279,111,168
050,21,047,"Kentucky","Christian County",2,80,265,99,166
050,21,047,"Kentucky","Christian County",2,81,261,110,151
050,21,047,"Kentucky","Christian County",2,82,230,102,128
050,21,047,"Kentucky","Christian County",2,83,204,86,118
050,21,047,"Kentucky","Christian County",2,84,190,70,120
050,21,047,"Kentucky","Christian County",2,85,1112,390,722
050,21,047,"Kentucky","Christian County",3,0,1429,728,701
050,21,047,"Kentucky","Christian County",3,1,1415,712,703
050,21,047,"Kentucky","Christian County",3,2,1379,716,663
050,21,047,"Kentucky","Christian County",3,3,1281,656,625
050,21,047,"Kentucky","Christian County",3,4,1256,629,627
050,21,047,"Kentucky","Christian County",3,5,1213,639,574
050,21,047,"Kentucky","Christian County",3,6,1233,638,595
050,21,047,"Kentucky","Christian County",3,7,1166,594,572
050,21,047,"Kentucky","Christian County",3,8,1096,568,528
050,21,047,"Kentucky","Christian County",3,9,1041,545,496
050,21,047,"Kentucky","Christian County",3,10,1001,523,478
050,21,047,"Kentucky","Christian County",3,11,988,510,478
050,21,047,"Kentucky","Christian County",3,12,1008,501,507
050,21,047,"Kentucky","Christian County",3,13,1027,528,499
050,21,047,"Kentucky","Christian County",3,14,975,511,464
050,21,047,"Kentucky","Christian County",3,15,915,464,451
050,21,047,"Kentucky","Christian County",3,16,900,462,438
050,21,047,"Kentucky","Christian County",3,17,898,461,437
050,21,047,"Kentucky","Christian County",3,18,949,581,368
050,21,047,"Kentucky","Christian County",3,19,1337,965,372
050,21,047,"Kentucky","Christian County",3,20,1795,1313,482
050,21,047,"Kentucky","Christian County",3,21,1862,1327,535
050,21,047,"Kentucky","Christian County",3,22,1883,1286,597
050,21,047,"Kentucky","Christian County",3,23,1806,1201,605
050,21,047,"Kentucky","Christian County",3,24,1684,1091,593
050,21,047,"Kentucky","Christian County",3,25,1568,955,613
050,21,047,"Kentucky","Christian County",3,26,1492,861,631
050,21,047,"Kentucky","Christian County",3,27,1371,778,593
050,21,047,"Kentucky","Christian County",3,28,1381,795,586
050,21,047,"Kentucky","Christian County",3,29,1329,755,574
050,21,047,"Kentucky","Christian County",3,30,1221,643,578
050,21,047,"Kentucky","Christian County",3,31,1125,592,533
050,21,047,"Kentucky","Christian County",3,32,1019,506,513
050,21,047,"Kentucky","Christian County",3,33,951,489,462
050,21,047,"Kentucky","Christian County",3,34,893,472,421
050,21,047,"Kentucky","Christian County",3,35,864,459,405
050,21,047,"Kentucky","Christian County",3,36,805,426,379
050,21,047,"Kentucky","Christian County",3,37,822,417,405
050,21,047,"Kentucky","Christian County",3,38,827,423,404
050,21,047,"Kentucky","Christian County",3,39,763,367,396
050,21,047,"Kentucky","Christian County",3,40,731,357,374
050,21,047,"Kentucky","Christian County",3,41,717,358,359
050,21,047,"Kentucky","Christian County",3,42,664,325,339
050,21,047,"Kentucky","Christian County",3,43,659,306,353
050,21,047,"Kentucky","Christian County",3,44,638,296,342
050,21,047,"Kentucky","Christian County",3,45,626,309,317
050,21,047,"Kentucky","Christian County",3,46,622,307,315
050,21,047,"Kentucky","Christian County",3,47,582,291,291
050,21,047,"Kentucky","Christian County",3,48,589,294,295
050,21,047,"Kentucky","Christian County",3,49,635,313,322
050,21,047,"Kentucky","Christian County",3,50,648,306,342
050,21,047,"Kentucky","Christian County",3,51,601,291,310
050,21,047,"Kentucky","Christian County",3,52,595,277,318
050,21,047,"Kentucky","Christian County",3,53,597,278,319
050,21,047,"Kentucky","Christian County",3,54,605,278,327
050,21,047,"Kentucky","Christian County",3,55,595,270,325
050,21,047,"Kentucky","Christian County",3,56,634,293,341
050,21,047,"Kentucky","Christian County",3,57,639,298,341
050,21,047,"Kentucky","Christian County",3,58,699,323,376
050,21,047,"Kentucky","Christian County",3,59,698,335,363
050,21,047,"Kentucky","Christian County",3,60,650,307,343
050,21,047,"Kentucky","Christian County",3,61,646,300,346
050,21,047,"Kentucky","Christian County",3,62,615,315,300
050,21,047,"Kentucky","Christian County",3,63,618,287,331
050,21,047,"Kentucky","Christian County",3,64,611,282,329
050,21,047,"Kentucky","Christian County",3,65,583,266,317
050,21,047,"Kentucky","Christian County",3,66,619,282,337
050,21,047,"Kentucky","Christian County",3,67,624,302,322
050,21,047,"Kentucky","Christian County",3,68,584,280,304
050,21,047,"Kentucky","Christian County",3,69,543,255,288
050,21,047,"Kentucky","Christian County",3,70,494,237,257
050,21,047,"Kentucky","Christian County",3,71,462,220,242
050,21,047,"Kentucky","Christian County",3,72,485,226,259
050,21,047,"Kentucky","Christian County",3,73,476,206,270
050,21,047,"Kentucky","Christian County",3,74,496,208,288
050,21,047,"Kentucky","Christian County",3,75,356,152,204
050,21,047,"Kentucky","Christian County",3,76,361,160,201
050,21,047,"Kentucky","Christian County",3,77,351,145,206
050,21,047,"Kentucky","Christian County",3,78,328,128,200
050,21,047,"Kentucky","Christian County",3,79,303,130,173
050,21,047,"Kentucky","Christian County",3,80,259,98,161
050,21,047,"Kentucky","Christian County",3,81,231,84,147
050,21,047,"Kentucky","Christian County",3,82,249,98,151
050,21,047,"Kentucky","Christian County",3,83,210,95,115
050,21,047,"Kentucky","Christian County",3,84,183,79,104
050,21,047,"Kentucky","Christian County",3,85,1101,380,721
050,21,047,"Kentucky","Christian County",4,0,1529,767,762
050,21,047,"Kentucky","Christian County",4,1,1382,741,641
050,21,047,"Kentucky","Christian County",4,2,1352,687,665
050,21,047,"Kentucky","Christian County",4,3,1326,695,631
050,21,047,"Kentucky","Christian County",4,4,1257,648,609
050,21,047,"Kentucky","Christian County",4,5,1194,602,592
050,21,047,"Kentucky","Christian County",4,6,1178,627,551
050,21,047,"Kentucky","Christian County",4,7,1191,602,589
050,21,047,"Kentucky","Christian County",4,8,1130,595,535
050,21,047,"Kentucky","Christian County",4,9,1124,587,537
050,21,047,"Kentucky","Christian County",4,10,1003,531,472
050,21,047,"Kentucky","Christian County",4,11,995,511,484
050,21,047,"Kentucky","Christian County",4,12,980,510,470
050,21,047,"Kentucky","Christian County",4,13,1010,502,508
050,21,047,"Kentucky","Christian County",4,14,986,516,470
050,21,047,"Kentucky","Christian County",4,15,968,498,470
050,21,047,"Kentucky","Christian County",4,16,897,446,451
050,21,047,"Kentucky","Christian County",4,17,897,463,434
050,21,047,"Kentucky","Christian County",4,18,953,567,386
050,21,047,"Kentucky","Christian County",4,19,1207,861,346
050,21,047,"Kentucky","Christian County",4,20,1589,1144,445
050,21,047,"Kentucky","Christian County",4,21,1774,1240,534
050,21,047,"Kentucky","Christian County",4,22,1739,1153,586
050,21,047,"Kentucky","Christian County",4,23,1699,1093,606
050,21,047,"Kentucky","Christian County",4,24,1554,979,575
050,21,047,"Kentucky","Christian County",4,25,1497,944,553
050,21,047,"Kentucky","Christian County",4,26,1389,823,566
050,21,047,"Kentucky","Christian County",4,27,1326,705,621
050,21,047,"Kentucky","Christian County",4,28,1308,734,574
050,21,047,"Kentucky","Christian County",4,29,1279,697,582
050,21,047,"Kentucky","Christian County",4,30,1253,688,565
050,21,047,"Kentucky","Christian County",4,31,1157,608,549
050,21,047,"Kentucky","Christian County",4,32,1106,574,532
050,21,047,"Kentucky","Christian County",4,33,974,472,502
050,21,047,"Kentucky","Christian County",4,34,898,457,441
050,21,047,"Kentucky","Christian County",4,35,847,451,396
050,21,047,"Kentucky","Christian County",4,36,808,420,388
050,21,047,"Kentucky","Christian County",4,37,796,408,388
050,21,047,"Kentucky","Christian County",4,38,798,421,377
050,21,047,"Kentucky","Christian County",4,39,777,390,387
050,21,047,"Kentucky","Christian County",4,40,738,354,384
050,21,047,"Kentucky","Christian County",4,41,717,350,367
050,21,047,"Kentucky","Christian County",4,42,704,352,352
050,21,047,"Kentucky","Christian County",4,43,643,316,327
050,21,047,"Kentucky","Christian County",4,44,630,292,338
050,21,047,"Kentucky","Christian County",4,45,644,302,342
050,21,047,"Kentucky","Christian County",4,46,626,316,310
050,21,047,"Kentucky","Christian County",4,47,603,294,309
050,21,047,"Kentucky","Christian County",4,48,568,293,275
050,21,047,"Kentucky","Christian County",4,49,594,298,296
050,21,047,"Kentucky","Christian County",4,50,622,297,325
050,21,047,"Kentucky","Christian County",4,51,637,310,327
050,21,047,"Kentucky","Christian County",4,52,591,284,307
050,21,047,"Kentucky","Christian County",4,53,596,268,328
050,21,047,"Kentucky","Christian County",4,54,584,267,317
050,21,047,"Kentucky","Christian County",4,55,590,271,319
050,21,047,"Kentucky","Christian County",4,56,598,268,330
050,21,047,"Kentucky","Christian County",4,57,635,290,345
050,21,047,"Kentucky","Christian County",4,58,643,294,349
050,21,047,"Kentucky","Christian County",4,59,688,319,369
050,21,047,"Kentucky","Christian County",4,60,675,325,350
050,21,047,"Kentucky","Christian County",4,61,656,309,347
050,21,047,"Kentucky","Christian County",4,62,635,297,338
050,21,047,"Kentucky","Christian County",4,63,613,308,305
050,21,047,"Kentucky","Christian County",4,64,599,282,317
050,21,047,"Kentucky","Christian County",4,65,594,276,318
050,21,047,"Kentucky","Christian County",4,66,594,268,326
050,21,047,"Kentucky","Christian County",4,67,592,274,318
050,21,047,"Kentucky","Christian County",4,68,605,286,319
050,21,047,"Kentucky","Christian County",4,69,570,269,301
050,21,047,"Kentucky","Christian County",4,70,531,254,277
050,21,047,"Kentucky","Christian County",4,71,477,222,255
050,21,047,"Kentucky","Christian County",4,72,444,217,227
050,21,047,"Kentucky","Christian County",4,73,462,221,241
050,21,047,"Kentucky","Christian County",4,74,460,195,265
050,21,047,"Kentucky","Christian County",4,75,473,205,268
050,21,047,"Kentucky","Christian County",4,76,328,127,201
050,21,047,"Kentucky","Christian County",4,77,341,150,191
050,21,047,"Kentucky","Christian County",4,78,329,136,193
050,21,047,"Kentucky","Christian County",4,79,316,123,193
050,21,047,"Kentucky","Christian County",4,80,289,120,169
050,21,047,"Kentucky","Christian County",4,81,225,79,146
050,21,047,"Kentucky","Christian County",4,82,213,71,142
050,21,047,"Kentucky","Christian County",4,83,225,88,137
050,21,047,"Kentucky","Christian County",4,84,185,83,102
050,21,047,"Kentucky","Christian County",4,85,1077,376,701
050,21,047,"Kentucky","Christian County",5,0,1282,639,643
050,21,047,"Kentucky","Christian County",5,1,1502,760,742
050,21,047,"Kentucky","Christian County",5,2,1322,705,617
050,21,047,"Kentucky","Christian County",5,3,1319,690,629
050,21,047,"Kentucky","Christian County",5,4,1359,696,663
050,21,047,"Kentucky","Christian County",5,5,1241,628,613
050,21,047,"Kentucky","Christian County",5,6,1174,609,565
050,21,047,"Kentucky","Christian County",5,7,1192,623,569
050,21,047,"Kentucky","Christian County",5,8,1202,619,583
050,21,047,"Kentucky","Christian County",5,9,1069,545,524
050,21,047,"Kentucky","Christian County",5,10,1093,572,521
050,21,047,"Kentucky","Christian County",5,11,987,531,456
050,21,047,"Kentucky","Christian County",5,12,978,505,473
050,21,047,"Kentucky","Christian County",5,13,967,500,467
050,21,047,"Kentucky","Christian County",5,14,997,499,498
050,21,047,"Kentucky","Christian County",5,15,963,496,467
050,21,047,"Kentucky","Christian County",5,16,955,496,459
050,21,047,"Kentucky","Christian County",5,17,909,471,438
050,21,047,"Kentucky","Christian County",5,18,911,556,355
050,21,047,"Kentucky","Christian County",5,19,1159,816,343
050,21,047,"Kentucky","Christian County",5,20,1544,1112,432
050,21,047,"Kentucky","Christian County",5,21,1628,1140,488
050,21,047,"Kentucky","Christian County",5,22,1748,1169,579
050,21,047,"Kentucky","Christian County",5,23,1653,1016,637
050,21,047,"Kentucky","Christian County",5,24,1595,984,611
050,21,047,"Kentucky","Christian County",5,25,1473,888,585
050,21,047,"Kentucky","Christian County",5,26,1424,868,556
050,21,047,"Kentucky","Christian County",5,27,1327,742,585
050,21,047,"Kentucky","Christian County",5,28,1246,663,583
050,21,047,"Kentucky","Christian County",5,29,1258,668,590
050,21,047,"Kentucky","Christian County",5,30,1209,624,585
050,21,047,"Kentucky","Christian County",5,31,1204,661,543
050,21,047,"Kentucky","Christian County",5,32,1089,561,528
050,21,047,"Kentucky","Christian County",5,33,1009,521,488
050,21,047,"Kentucky","Christian County",5,34,947,461,486
050,21,047,"Kentucky","Christian County",5,35,875,442,433
050,21,047,"Kentucky","Christian County",5,36,818,432,386
050,21,047,"Kentucky","Christian County",5,37,823,431,392
050,21,047,"Kentucky","Christian County",5,38,778,394,384
050,21,047,"Kentucky","Christian County",5,39,779,404,375
050,21,047,"Kentucky","Christian County",5,40,767,380,387
050,21,047,"Kentucky","Christian County",5,41,751,365,386
050,21,047,"Kentucky","Christian County",5,42,690,327,363
050,21,047,"Kentucky","Christian County",5,43,689,340,349
050,21,047,"Kentucky","Christian County",5,44,630,309,321
050,21,047,"Kentucky","Christian County",5,45,606,287,319
050,21,047,"Kentucky","Christian County",5,46,633,300,333
050,21,047,"Kentucky","Christian County",5,47,627,320,307
050,21,047,"Kentucky","Christian County",5,48,581,275,306
050,21,047,"Kentucky","Christian County",5,49,561,292,269
050,21,047,"Kentucky","Christian County",5,50,582,293,289
050,21,047,"Kentucky","Christian County",5,51,608,305,303
050,21,047,"Kentucky","Christian County",5,52,612,298,314
050,21,047,"Kentucky","Christian County",5,53,590,284,306
050,21,047,"Kentucky","Christian County",5,54,589,260,329
050,21,047,"Kentucky","Christian County",5,55,573,251,322
050,21,047,"Kentucky","Christian County",5,56,556,261,295
050,21,047,"Kentucky","Christian County",5,57,575,255,320
050,21,047,"Kentucky","Christian County",5,58,609,279,330
050,21,047,"Kentucky","Christian County",5,59,637,290,347
050,21,047,"Kentucky","Christian County",5,60,662,306,356
050,21,047,"Kentucky","Christian County",5,61,664,315,349
050,21,047,"Kentucky","Christian County",5,62,635,292,343
050,21,047,"Kentucky","Christian County",5,63,623,285,338
050,21,047,"Kentucky","Christian County",5,64,592,303,289
050,21,047,"Kentucky","Christian County",5,65,580,278,302
050,21,047,"Kentucky","Christian County",5,66,584,265,319
050,21,047,"Kentucky","Christian County",5,67,568,257,311
050,21,047,"Kentucky","Christian County",5,68,590,265,325
050,21,047,"Kentucky","Christian County",5,69,587,273,314
050,21,047,"Kentucky","Christian County",5,70,551,261,290
050,21,047,"Kentucky","Christian County",5,71,516,244,272
050,21,047,"Kentucky","Christian County",5,72,454,210,244
050,21,047,"Kentucky","Christian County",5,73,416,208,208
050,21,047,"Kentucky","Christian County",5,74,446,214,232
050,21,047,"Kentucky","Christian County",5,75,439,186,253
050,21,047,"Kentucky","Christian County",5,76,451,184,267
050,21,047,"Kentucky","Christian County",5,77,314,119,195
050,21,047,"Kentucky","Christian County",5,78,327,146,181
050,21,047,"Kentucky","Christian County",5,79,316,137,179
050,21,047,"Kentucky","Christian County",5,80,296,110,186
050,21,047,"Kentucky","Christian County",5,81,251,103,148
050,21,047,"Kentucky","Christian County",5,82,213,68,145
050,21,047,"Kentucky","Christian County",5,83,191,64,127
050,21,047,"Kentucky","Christian County",5,84,199,78,121
050,21,047,"Kentucky","Christian County",5,85,1093,394,699
050,21,049,"Kentucky","Clark County",1,0,425,219,206
050,21,049,"Kentucky","Clark County",1,1,444,233,211
050,21,049,"Kentucky","Clark County",1,2,416,226,190
050,21,049,"Kentucky","Clark County",1,3,470,241,229
050,21,049,"Kentucky","Clark County",1,4,469,234,235
050,21,049,"Kentucky","Clark County",1,5,481,239,242
050,21,049,"Kentucky","Clark County",1,6,467,259,208
050,21,049,"Kentucky","Clark County",1,7,467,244,223
050,21,049,"Kentucky","Clark County",1,8,448,225,223
050,21,049,"Kentucky","Clark County",1,9,435,236,199
050,21,049,"Kentucky","Clark County",1,10,446,231,215
050,21,049,"Kentucky","Clark County",1,11,509,259,250
050,21,049,"Kentucky","Clark County",1,12,525,278,247
050,21,049,"Kentucky","Clark County",1,13,511,260,251
050,21,049,"Kentucky","Clark County",1,14,498,264,234
050,21,049,"Kentucky","Clark County",1,15,486,250,236
050,21,049,"Kentucky","Clark County",1,16,485,254,231
050,21,049,"Kentucky","Clark County",1,17,464,251,213
050,21,049,"Kentucky","Clark County",1,18,386,213,173
050,21,049,"Kentucky","Clark County",1,19,341,172,169
050,21,049,"Kentucky","Clark County",1,20,374,192,182
050,21,049,"Kentucky","Clark County",1,21,377,184,193
050,21,049,"Kentucky","Clark County",1,22,404,202,202
050,21,049,"Kentucky","Clark County",1,23,424,222,202
050,21,049,"Kentucky","Clark County",1,24,461,228,233
050,21,049,"Kentucky","Clark County",1,25,507,255,252
050,21,049,"Kentucky","Clark County",1,26,480,245,235
050,21,049,"Kentucky","Clark County",1,27,488,247,241
050,21,049,"Kentucky","Clark County",1,28,485,253,232
050,21,049,"Kentucky","Clark County",1,29,480,238,242
050,21,049,"Kentucky","Clark County",1,30,486,225,261
050,21,049,"Kentucky","Clark County",1,31,404,202,202
050,21,049,"Kentucky","Clark County",1,32,428,221,207
050,21,049,"Kentucky","Clark County",1,33,453,226,227
050,21,049,"Kentucky","Clark County",1,34,441,208,233
050,21,049,"Kentucky","Clark County",1,35,440,217,223
050,21,049,"Kentucky","Clark County",1,36,479,232,247
050,21,049,"Kentucky","Clark County",1,37,437,218,219
050,21,049,"Kentucky","Clark County",1,38,395,194,201
050,21,049,"Kentucky","Clark County",1,39,427,202,225
050,21,049,"Kentucky","Clark County",1,40,452,218,234
050,21,049,"Kentucky","Clark County",1,41,436,215,221
050,21,049,"Kentucky","Clark County",1,42,459,228,231
050,21,049,"Kentucky","Clark County",1,43,494,237,257
050,21,049,"Kentucky","Clark County",1,44,463,213,250
050,21,049,"Kentucky","Clark County",1,45,448,212,236
050,21,049,"Kentucky","Clark County",1,46,478,228,250
050,21,049,"Kentucky","Clark County",1,47,492,249,243
050,21,049,"Kentucky","Clark County",1,48,526,269,257
050,21,049,"Kentucky","Clark County",1,49,549,288,261
050,21,049,"Kentucky","Clark County",1,50,508,260,248
050,21,049,"Kentucky","Clark County",1,51,508,255,253
050,21,049,"Kentucky","Clark County",1,52,483,230,253
050,21,049,"Kentucky","Clark County",1,53,477,225,252
050,21,049,"Kentucky","Clark County",1,54,509,244,265
050,21,049,"Kentucky","Clark County",1,55,532,255,277
050,21,049,"Kentucky","Clark County",1,56,549,272,277
050,21,049,"Kentucky","Clark County",1,57,540,270,270
050,21,049,"Kentucky","Clark County",1,58,532,255,277
050,21,049,"Kentucky","Clark County",1,59,515,249,266
050,21,049,"Kentucky","Clark County",1,60,510,246,264
050,21,049,"Kentucky","Clark County",1,61,541,258,283
050,21,049,"Kentucky","Clark County",1,62,495,230,265
050,21,049,"Kentucky","Clark County",1,63,458,220,238
050,21,049,"Kentucky","Clark County",1,64,427,203,224
050,21,049,"Kentucky","Clark County",1,65,446,213,233
050,21,049,"Kentucky","Clark County",1,66,453,211,242
050,21,049,"Kentucky","Clark County",1,67,440,206,234
050,21,049,"Kentucky","Clark County",1,68,409,191,218
050,21,049,"Kentucky","Clark County",1,69,404,192,212
050,21,049,"Kentucky","Clark County",1,70,389,181,208
050,21,049,"Kentucky","Clark County",1,71,385,181,204
050,21,049,"Kentucky","Clark County",1,72,407,194,213
050,21,049,"Kentucky","Clark County",1,73,398,171,227
050,21,049,"Kentucky","Clark County",1,74,271,117,154
050,21,049,"Kentucky","Clark County",1,75,252,118,134
050,21,049,"Kentucky","Clark County",1,76,234,121,113
050,21,049,"Kentucky","Clark County",1,77,254,120,134
050,21,049,"Kentucky","Clark County",1,78,227,103,124
050,21,049,"Kentucky","Clark County",1,79,181,83,98
050,21,049,"Kentucky","Clark County",1,80,169,73,96
050,21,049,"Kentucky","Clark County",1,81,183,71,112
050,21,049,"Kentucky","Clark County",1,82,153,64,89
050,21,049,"Kentucky","Clark County",1,83,131,48,83
050,21,049,"Kentucky","Clark County",1,84,124,46,78
050,21,049,"Kentucky","Clark County",1,85,653,232,421
050,21,049,"Kentucky","Clark County",2,0,425,223,202
050,21,049,"Kentucky","Clark County",2,1,436,229,207
050,21,049,"Kentucky","Clark County",2,2,427,231,196
050,21,049,"Kentucky","Clark County",2,3,460,238,222
050,21,049,"Kentucky","Clark County",2,4,474,238,236
050,21,049,"Kentucky","Clark County",2,5,482,240,242
050,21,049,"Kentucky","Clark County",2,6,475,257,218
050,21,049,"Kentucky","Clark County",2,7,463,244,219
050,21,049,"Kentucky","Clark County",2,8,453,227,226
050,21,049,"Kentucky","Clark County",2,9,442,234,208
050,21,049,"Kentucky","Clark County",2,10,446,233,213
050,21,049,"Kentucky","Clark County",2,11,497,253,244
050,21,049,"Kentucky","Clark County",2,12,527,275,252
050,21,049,"Kentucky","Clark County",2,13,517,266,251
050,21,049,"Kentucky","Clark County",2,14,503,264,239
050,21,049,"Kentucky","Clark County",2,15,487,253,234
050,21,049,"Kentucky","Clark County",2,16,484,252,232
050,21,049,"Kentucky","Clark County",2,17,467,252,215
050,21,049,"Kentucky","Clark County",2,18,388,212,176
050,21,049,"Kentucky","Clark County",2,19,338,175,163
050,21,049,"Kentucky","Clark County",2,20,376,192,184
050,21,049,"Kentucky","Clark County",2,21,380,185,195
050,21,049,"Kentucky","Clark County",2,22,401,198,203
050,21,049,"Kentucky","Clark County",2,23,425,219,206
050,21,049,"Kentucky","Clark County",2,24,453,226,227
050,21,049,"Kentucky","Clark County",2,25,499,251,248
050,21,049,"Kentucky","Clark County",2,26,491,248,243
050,21,049,"Kentucky","Clark County",2,27,488,249,239
050,21,049,"Kentucky","Clark County",2,28,489,252,237
050,21,049,"Kentucky","Clark County",2,29,483,242,241
050,21,049,"Kentucky","Clark County",2,30,488,227,261
050,21,049,"Kentucky","Clark County",2,31,425,208,217
050,21,049,"Kentucky","Clark County",2,32,428,222,206
050,21,049,"Kentucky","Clark County",2,33,448,228,220
050,21,049,"Kentucky","Clark County",2,34,443,211,232
050,21,049,"Kentucky","Clark County",2,35,448,217,231
050,21,049,"Kentucky","Clark County",2,36,466,225,241
050,21,049,"Kentucky","Clark County",2,37,445,220,225
050,21,049,"Kentucky","Clark County",2,38,409,202,207
050,21,049,"Kentucky","Clark County",2,39,420,202,218
050,21,049,"Kentucky","Clark County",2,40,449,215,234
050,21,049,"Kentucky","Clark County",2,41,444,217,227
050,21,049,"Kentucky","Clark County",2,42,450,221,229
050,21,049,"Kentucky","Clark County",2,43,488,235,253
050,21,049,"Kentucky","Clark County",2,44,464,215,249
050,21,049,"Kentucky","Clark County",2,45,454,215,239
050,21,049,"Kentucky","Clark County",2,46,468,224,244
050,21,049,"Kentucky","Clark County",2,47,486,242,244
050,21,049,"Kentucky","Clark County",2,48,516,264,252
050,21,049,"Kentucky","Clark County",2,49,548,286,262
050,21,049,"Kentucky","Clark County",2,50,515,266,249
050,21,049,"Kentucky","Clark County",2,51,506,254,252
050,21,049,"Kentucky","Clark County",2,52,489,236,253
050,21,049,"Kentucky","Clark County",2,53,480,228,252
050,21,049,"Kentucky","Clark County",2,54,495,236,259
050,21,049,"Kentucky","Clark County",2,55,528,252,276
050,21,049,"Kentucky","Clark County",2,56,542,267,275
050,21,049,"Kentucky","Clark County",2,57,542,269,273
050,21,049,"Kentucky","Clark County",2,58,534,259,275
050,21,049,"Kentucky","Clark County",2,59,519,250,269
050,21,049,"Kentucky","Clark County",2,60,504,245,259
050,21,049,"Kentucky","Clark County",2,61,528,252,276
050,21,049,"Kentucky","Clark County",2,62,499,233,266
050,21,049,"Kentucky","Clark County",2,63,468,221,247
050,21,049,"Kentucky","Clark County",2,64,429,204,225
050,21,049,"Kentucky","Clark County",2,65,438,208,230
050,21,049,"Kentucky","Clark County",2,66,449,211,238
050,21,049,"Kentucky","Clark County",2,67,444,208,236
050,21,049,"Kentucky","Clark County",2,68,412,196,216
050,21,049,"Kentucky","Clark County",2,69,407,193,214
050,21,049,"Kentucky","Clark County",2,70,390,181,209
050,21,049,"Kentucky","Clark County",2,71,383,178,205
050,21,049,"Kentucky","Clark County",2,72,395,189,206
050,21,049,"Kentucky","Clark County",2,73,421,186,235
050,21,049,"Kentucky","Clark County",2,74,282,122,160
050,21,049,"Kentucky","Clark County",2,75,256,117,139
050,21,049,"Kentucky","Clark County",2,76,234,116,118
050,21,049,"Kentucky","Clark County",2,77,254,124,130
050,21,049,"Kentucky","Clark County",2,78,229,105,124
050,21,049,"Kentucky","Clark County",2,79,189,87,102
050,21,049,"Kentucky","Clark County",2,80,168,72,96
050,21,049,"Kentucky","Clark County",2,81,175,70,105
050,21,049,"Kentucky","Clark County",2,82,155,63,92
050,21,049,"Kentucky","Clark County",2,83,137,53,84
050,21,049,"Kentucky","Clark County",2,84,123,44,79
050,21,049,"Kentucky","Clark County",2,85,653,232,421
050,21,049,"Kentucky","Clark County",3,0,413,216,197
050,21,049,"Kentucky","Clark County",3,1,425,212,213
050,21,049,"Kentucky","Clark County",3,2,456,243,213
050,21,049,"Kentucky","Clark County",3,3,422,230,192
050,21,049,"Kentucky","Clark County",3,4,444,224,220
050,21,049,"Kentucky","Clark County",3,5,441,230,211
050,21,049,"Kentucky","Clark County",3,6,488,237,251
050,21,049,"Kentucky","Clark County",3,7,471,252,219
050,21,049,"Kentucky","Clark County",3,8,439,233,206
050,21,049,"Kentucky","Clark County",3,9,456,237,219
050,21,049,"Kentucky","Clark County",3,10,460,251,209
050,21,049,"Kentucky","Clark County",3,11,443,231,212
050,21,049,"Kentucky","Clark County",3,12,485,250,235
050,21,049,"Kentucky","Clark County",3,13,524,266,258
050,21,049,"Kentucky","Clark County",3,14,508,256,252
050,21,049,"Kentucky","Clark County",3,15,502,268,234
050,21,049,"Kentucky","Clark County",3,16,482,241,241
050,21,049,"Kentucky","Clark County",3,17,485,250,235
050,21,049,"Kentucky","Clark County",3,18,396,227,169
050,21,049,"Kentucky","Clark County",3,19,308,173,135
050,21,049,"Kentucky","Clark County",3,20,355,188,167
050,21,049,"Kentucky","Clark County",3,21,385,196,189
050,21,049,"Kentucky","Clark County",3,22,431,192,239
050,21,049,"Kentucky","Clark County",3,23,430,209,221
050,21,049,"Kentucky","Clark County",3,24,442,232,210
050,21,049,"Kentucky","Clark County",3,25,463,235,228
050,21,049,"Kentucky","Clark County",3,26,498,257,241
050,21,049,"Kentucky","Clark County",3,27,472,239,233
050,21,049,"Kentucky","Clark County",3,28,494,256,238
050,21,049,"Kentucky","Clark County",3,29,474,245,229
050,21,049,"Kentucky","Clark County",3,30,500,243,257
050,21,049,"Kentucky","Clark County",3,31,489,229,260
050,21,049,"Kentucky","Clark County",3,32,426,202,224
050,21,049,"Kentucky","Clark County",3,33,414,212,202
050,21,049,"Kentucky","Clark County",3,34,441,218,223
050,21,049,"Kentucky","Clark County",3,35,459,225,234
050,21,049,"Kentucky","Clark County",3,36,443,216,227
050,21,049,"Kentucky","Clark County",3,37,470,223,247
050,21,049,"Kentucky","Clark County",3,38,459,225,234
050,21,049,"Kentucky","Clark County",3,39,427,215,212
050,21,049,"Kentucky","Clark County",3,40,422,202,220
050,21,049,"Kentucky","Clark County",3,41,448,210,238
050,21,049,"Kentucky","Clark County",3,42,433,210,223
050,21,049,"Kentucky","Clark County",3,43,442,223,219
050,21,049,"Kentucky","Clark County",3,44,482,235,247
050,21,049,"Kentucky","Clark County",3,45,466,213,253
050,21,049,"Kentucky","Clark County",3,46,449,217,232
050,21,049,"Kentucky","Clark County",3,47,455,220,235
050,21,049,"Kentucky","Clark County",3,48,478,243,235
050,21,049,"Kentucky","Clark County",3,49,524,271,253
050,21,049,"Kentucky","Clark County",3,50,531,272,259
050,21,049,"Kentucky","Clark County",3,51,512,265,247
050,21,049,"Kentucky","Clark County",3,52,507,249,258
050,21,049,"Kentucky","Clark County",3,53,491,238,253
050,21,049,"Kentucky","Clark County",3,54,468,218,250
050,21,049,"Kentucky","Clark County",3,55,499,241,258
050,21,049,"Kentucky","Clark County",3,56,522,257,265
050,21,049,"Kentucky","Clark County",3,57,532,261,271
050,21,049,"Kentucky","Clark County",3,58,531,261,270
050,21,049,"Kentucky","Clark County",3,59,518,245,273
050,21,049,"Kentucky","Clark County",3,60,500,246,254
050,21,049,"Kentucky","Clark County",3,61,504,239,265
050,21,049,"Kentucky","Clark County",3,62,516,244,272
050,21,049,"Kentucky","Clark County",3,63,502,234,268
050,21,049,"Kentucky","Clark County",3,64,454,210,244
050,21,049,"Kentucky","Clark County",3,65,419,198,221
050,21,049,"Kentucky","Clark County",3,66,430,209,221
050,21,049,"Kentucky","Clark County",3,67,433,202,231
050,21,049,"Kentucky","Clark County",3,68,435,201,234
050,21,049,"Kentucky","Clark County",3,69,398,188,210
050,21,049,"Kentucky","Clark County",3,70,394,188,206
050,21,049,"Kentucky","Clark County",3,71,381,173,208
050,21,049,"Kentucky","Clark County",3,72,368,172,196
050,21,049,"Kentucky","Clark County",3,73,396,185,211
050,21,049,"Kentucky","Clark County",3,74,410,182,228
050,21,049,"Kentucky","Clark County",3,75,263,117,146
050,21,049,"Kentucky","Clark County",3,76,243,110,133
050,21,049,"Kentucky","Clark County",3,77,237,116,121
050,21,049,"Kentucky","Clark County",3,78,247,114,133
050,21,049,"Kentucky","Clark County",3,79,210,97,113
050,21,049,"Kentucky","Clark County",3,80,180,81,99
050,21,049,"Kentucky","Clark County",3,81,154,65,89
050,21,049,"Kentucky","Clark County",3,82,153,64,89
050,21,049,"Kentucky","Clark County",3,83,149,59,90
050,21,049,"Kentucky","Clark County",3,84,122,46,76
050,21,049,"Kentucky","Clark County",3,85,667,232,435
050,21,049,"Kentucky","Clark County",4,0,410,197,213
050,21,049,"Kentucky","Clark County",4,1,426,205,221
050,21,049,"Kentucky","Clark County",4,2,423,218,205
050,21,049,"Kentucky","Clark County",4,3,451,246,205
050,21,049,"Kentucky","Clark County",4,4,425,233,192
050,21,049,"Kentucky","Clark County",4,5,461,233,228
050,21,049,"Kentucky","Clark County",4,6,449,225,224
050,21,049,"Kentucky","Clark County",4,7,470,233,237
050,21,049,"Kentucky","Clark County",4,8,470,249,221
050,21,049,"Kentucky","Clark County",4,9,432,227,205
050,21,049,"Kentucky","Clark County",4,10,445,236,209
050,21,049,"Kentucky","Clark County",4,11,454,248,206
050,21,049,"Kentucky","Clark County",4,12,455,243,212
050,21,049,"Kentucky","Clark County",4,13,479,249,230
050,21,049,"Kentucky","Clark County",4,14,524,267,257
050,21,049,"Kentucky","Clark County",4,15,516,258,258
050,21,049,"Kentucky","Clark County",4,16,496,270,226
050,21,049,"Kentucky","Clark County",4,17,484,237,247
050,21,049,"Kentucky","Clark County",4,18,419,223,196
050,21,049,"Kentucky","Clark County",4,19,318,183,135
050,21,049,"Kentucky","Clark County",4,20,339,184,155
050,21,049,"Kentucky","Clark County",4,21,383,200,183
050,21,049,"Kentucky","Clark County",4,22,414,203,211
050,21,049,"Kentucky","Clark County",4,23,478,207,271
050,21,049,"Kentucky","Clark County",4,24,454,231,223
050,21,049,"Kentucky","Clark County",4,25,472,241,231
050,21,049,"Kentucky","Clark County",4,26,476,225,251
050,21,049,"Kentucky","Clark County",4,27,484,256,228
050,21,049,"Kentucky","Clark County",4,28,481,247,234
050,21,049,"Kentucky","Clark County",4,29,498,259,239
050,21,049,"Kentucky","Clark County",4,30,486,258,228
050,21,049,"Kentucky","Clark County",4,31,486,235,251
050,21,049,"Kentucky","Clark County",4,32,517,251,266
050,21,049,"Kentucky","Clark County",4,33,438,215,223
050,21,049,"Kentucky","Clark County",4,34,422,208,214
050,21,049,"Kentucky","Clark County",4,35,443,217,226
050,21,049,"Kentucky","Clark County",4,36,466,225,241
050,21,049,"Kentucky","Clark County",4,37,433,207,226
050,21,049,"Kentucky","Clark County",4,38,476,221,255
050,21,049,"Kentucky","Clark County",4,39,451,223,228
050,21,049,"Kentucky","Clark County",4,40,421,206,215
050,21,049,"Kentucky","Clark County",4,41,440,212,228
050,21,049,"Kentucky","Clark County",4,42,447,205,242
050,21,049,"Kentucky","Clark County",4,43,443,215,228
050,21,049,"Kentucky","Clark County",4,44,438,216,222
050,21,049,"Kentucky","Clark County",4,45,472,234,238
050,21,049,"Kentucky","Clark County",4,46,451,201,250
050,21,049,"Kentucky","Clark County",4,47,447,217,230
050,21,049,"Kentucky","Clark County",4,48,462,218,244
050,21,049,"Kentucky","Clark County",4,49,475,239,236
050,21,049,"Kentucky","Clark County",4,50,510,269,241
050,21,049,"Kentucky","Clark County",4,51,525,264,261
050,21,049,"Kentucky","Clark County",4,52,524,274,250
050,21,049,"Kentucky","Clark County",4,53,519,251,268
050,21,049,"Kentucky","Clark County",4,54,479,227,252
050,21,049,"Kentucky","Clark County",4,55,459,214,245
050,21,049,"Kentucky","Clark County",4,56,500,246,254
050,21,049,"Kentucky","Clark County",4,57,523,259,264
050,21,049,"Kentucky","Clark County",4,58,530,261,269
050,21,049,"Kentucky","Clark County",4,59,514,246,268
050,21,049,"Kentucky","Clark County",4,60,512,244,268
050,21,049,"Kentucky","Clark County",4,61,488,241,247
050,21,049,"Kentucky","Clark County",4,62,491,238,253
050,21,049,"Kentucky","Clark County",4,63,504,233,271
050,21,049,"Kentucky","Clark County",4,64,497,229,268
050,21,049,"Kentucky","Clark County",4,65,449,207,242
050,21,049,"Kentucky","Clark County",4,66,405,192,213
050,21,049,"Kentucky","Clark County",4,67,423,199,224
050,21,049,"Kentucky","Clark County",4,68,424,200,224
050,21,049,"Kentucky","Clark County",4,69,424,195,229
050,21,049,"Kentucky","Clark County",4,70,396,180,216
050,21,049,"Kentucky","Clark County",4,71,385,182,203
050,21,049,"Kentucky","Clark County",4,72,368,166,202
050,21,049,"Kentucky","Clark County",4,73,368,169,199
050,21,049,"Kentucky","Clark County",4,74,371,175,196
050,21,049,"Kentucky","Clark County",4,75,399,180,219
050,21,049,"Kentucky","Clark County",4,76,261,118,143
050,21,049,"Kentucky","Clark County",4,77,232,103,129
050,21,049,"Kentucky","Clark County",4,78,237,113,124
050,21,049,"Kentucky","Clark County",4,79,230,104,126
050,21,049,"Kentucky","Clark County",4,80,197,88,109
050,21,049,"Kentucky","Clark County",4,81,167,74,93
050,21,049,"Kentucky","Clark County",4,82,138,57,81
050,21,049,"Kentucky","Clark County",4,83,150,63,87
050,21,049,"Kentucky","Clark County",4,84,123,50,73
050,21,049,"Kentucky","Clark County",4,85,670,239,431
050,21,049,"Kentucky","Clark County",5,0,412,198,214
050,21,049,"Kentucky","Clark County",5,1,416,187,229
050,21,049,"Kentucky","Clark County",5,2,440,213,227
050,21,049,"Kentucky","Clark County",5,3,437,231,206
050,21,049,"Kentucky","Clark County",5,4,463,254,209
050,21,049,"Kentucky","Clark County",5,5,439,241,198
050,21,049,"Kentucky","Clark County",5,6,463,246,217
050,21,049,"Kentucky","Clark County",5,7,452,236,216
050,21,049,"Kentucky","Clark County",5,8,470,243,227
050,21,049,"Kentucky","Clark County",5,9,480,256,224
050,21,049,"Kentucky","Clark County",5,10,453,243,210
050,21,049,"Kentucky","Clark County",5,11,447,236,211
050,21,049,"Kentucky","Clark County",5,12,463,252,211
050,21,049,"Kentucky","Clark County",5,13,458,239,219
050,21,049,"Kentucky","Clark County",5,14,482,253,229
050,21,049,"Kentucky","Clark County",5,15,533,276,257
050,21,049,"Kentucky","Clark County",5,16,526,266,260
050,21,049,"Kentucky","Clark County",5,17,498,264,234
050,21,049,"Kentucky","Clark County",5,18,399,209,190
050,21,049,"Kentucky","Clark County",5,19,339,175,164
050,21,049,"Kentucky","Clark County",5,20,350,195,155
050,21,049,"Kentucky","Clark County",5,21,366,196,170
050,21,049,"Kentucky","Clark County",5,22,413,214,199
050,21,049,"Kentucky","Clark County",5,23,463,219,244
050,21,049,"Kentucky","Clark County",5,24,497,218,279
050,21,049,"Kentucky","Clark County",5,25,457,234,223
050,21,049,"Kentucky","Clark County",5,26,483,243,240
050,21,049,"Kentucky","Clark County",5,27,474,216,258
050,21,049,"Kentucky","Clark County",5,28,504,254,250
050,21,049,"Kentucky","Clark County",5,29,467,242,225
050,21,049,"Kentucky","Clark County",5,30,507,265,242
050,21,049,"Kentucky","Clark County",5,31,486,250,236
050,21,049,"Kentucky","Clark County",5,32,489,243,246
050,21,049,"Kentucky","Clark County",5,33,532,258,274
050,21,049,"Kentucky","Clark County",5,34,431,208,223
050,21,049,"Kentucky","Clark County",5,35,432,220,212
050,21,049,"Kentucky","Clark County",5,36,456,219,237
050,21,049,"Kentucky","Clark County",5,37,472,239,233
050,21,049,"Kentucky","Clark County",5,38,446,219,227
050,21,049,"Kentucky","Clark County",5,39,473,228,245
050,21,049,"Kentucky","Clark County",5,40,443,213,230
050,21,049,"Kentucky","Clark County",5,41,435,216,219
050,21,049,"Kentucky","Clark County",5,42,420,196,224
050,21,049,"Kentucky","Clark County",5,43,448,208,240
050,21,049,"Kentucky","Clark County",5,44,459,217,242
050,21,049,"Kentucky","Clark County",5,45,425,213,212
050,21,049,"Kentucky","Clark County",5,46,466,232,234
050,21,049,"Kentucky","Clark County",5,47,458,205,253
050,21,049,"Kentucky","Clark County",5,48,451,221,230
050,21,049,"Kentucky","Clark County",5,49,467,218,249
050,21,049,"Kentucky","Clark County",5,50,489,255,234
050,21,049,"Kentucky","Clark County",5,51,507,264,243
050,21,049,"Kentucky","Clark County",5,52,539,272,267
050,21,049,"Kentucky","Clark County",5,53,533,278,255
050,21,049,"Kentucky","Clark County",5,54,505,244,261
050,21,049,"Kentucky","Clark County",5,55,485,228,257
050,21,049,"Kentucky","Clark County",5,56,459,216,243
050,21,049,"Kentucky","Clark County",5,57,502,243,259
050,21,049,"Kentucky","Clark County",5,58,514,251,263
050,21,049,"Kentucky","Clark County",5,59,525,253,272
050,21,049,"Kentucky","Clark County",5,60,519,250,269
050,21,049,"Kentucky","Clark County",5,61,504,238,266
050,21,049,"Kentucky","Clark County",5,62,478,239,239
050,21,049,"Kentucky","Clark County",5,63,478,231,247
050,21,049,"Kentucky","Clark County",5,64,491,225,266
050,21,049,"Kentucky","Clark County",5,65,490,225,265
050,21,049,"Kentucky","Clark County",5,66,448,206,242
050,21,049,"Kentucky","Clark County",5,67,402,192,210
050,21,049,"Kentucky","Clark County",5,68,409,196,213
050,21,049,"Kentucky","Clark County",5,69,414,194,220
050,21,049,"Kentucky","Clark County",5,70,415,191,224
050,21,049,"Kentucky","Clark County",5,71,392,174,218
050,21,049,"Kentucky","Clark County",5,72,373,182,191
050,21,049,"Kentucky","Clark County",5,73,360,160,200
050,21,049,"Kentucky","Clark County",5,74,360,166,194
050,21,049,"Kentucky","Clark County",5,75,363,177,186
050,21,049,"Kentucky","Clark County",5,76,385,172,213
050,21,049,"Kentucky","Clark County",5,77,255,113,142
050,21,049,"Kentucky","Clark County",5,78,225,99,126
050,21,049,"Kentucky","Clark County",5,79,232,107,125
050,21,049,"Kentucky","Clark County",5,80,214,93,121
050,21,049,"Kentucky","Clark County",5,81,192,84,108
050,21,049,"Kentucky","Clark County",5,82,146,66,80
050,21,049,"Kentucky","Clark County",5,83,135,56,79
050,21,049,"Kentucky","Clark County",5,84,135,58,77
050,21,049,"Kentucky","Clark County",5,85,691,252,439
050,21,051,"Kentucky","Clay County",1,0,221,110,111
050,21,051,"Kentucky","Clay County",1,1,236,109,127
050,21,051,"Kentucky","Clay County",1,2,243,112,131
050,21,051,"Kentucky","Clay County",1,3,251,116,135
050,21,051,"Kentucky","Clay County",1,4,234,106,128
050,21,051,"Kentucky","Clay County",1,5,236,120,116
050,21,051,"Kentucky","Clay County",1,6,240,119,121
050,21,051,"Kentucky","Clay County",1,7,233,127,106
050,21,051,"Kentucky","Clay County",1,8,229,122,107
050,21,051,"Kentucky","Clay County",1,9,221,112,109
050,21,051,"Kentucky","Clay County",1,10,234,124,110
050,21,051,"Kentucky","Clay County",1,11,230,107,123
050,21,051,"Kentucky","Clay County",1,12,240,122,118
050,21,051,"Kentucky","Clay County",1,13,235,120,115
050,21,051,"Kentucky","Clay County",1,14,225,116,109
050,21,051,"Kentucky","Clay County",1,15,221,109,112
050,21,051,"Kentucky","Clay County",1,16,252,134,118
050,21,051,"Kentucky","Clay County",1,17,240,126,114
050,21,051,"Kentucky","Clay County",1,18,220,126,94
050,21,051,"Kentucky","Clay County",1,19,152,82,70
050,21,051,"Kentucky","Clay County",1,20,158,92,66
050,21,051,"Kentucky","Clay County",1,21,186,109,77
050,21,051,"Kentucky","Clay County",1,22,203,111,92
050,21,051,"Kentucky","Clay County",1,23,226,126,100
050,21,051,"Kentucky","Clay County",1,24,227,119,108
050,21,051,"Kentucky","Clay County",1,25,253,147,106
050,21,051,"Kentucky","Clay County",1,26,283,161,122
050,21,051,"Kentucky","Clay County",1,27,290,161,129
050,21,051,"Kentucky","Clay County",1,28,351,195,156
050,21,051,"Kentucky","Clay County",1,29,367,203,164
050,21,051,"Kentucky","Clay County",1,30,333,201,132
050,21,051,"Kentucky","Clay County",1,31,332,199,133
050,21,051,"Kentucky","Clay County",1,32,291,177,114
050,21,051,"Kentucky","Clay County",1,33,325,210,115
050,21,051,"Kentucky","Clay County",1,34,280,166,114
050,21,051,"Kentucky","Clay County",1,35,278,162,116
050,21,051,"Kentucky","Clay County",1,36,312,186,126
050,21,051,"Kentucky","Clay County",1,37,310,169,141
050,21,051,"Kentucky","Clay County",1,38,270,146,124
050,21,051,"Kentucky","Clay County",1,39,253,143,110
050,21,051,"Kentucky","Clay County",1,40,293,156,137
050,21,051,"Kentucky","Clay County",1,41,259,134,125
050,21,051,"Kentucky","Clay County",1,42,254,141,113
050,21,051,"Kentucky","Clay County",1,43,286,165,121
050,21,051,"Kentucky","Clay County",1,44,293,159,134
050,21,051,"Kentucky","Clay County",1,45,272,151,121
050,21,051,"Kentucky","Clay County",1,46,276,137,139
050,21,051,"Kentucky","Clay County",1,47,278,156,122
050,21,051,"Kentucky","Clay County",1,48,303,185,118
050,21,051,"Kentucky","Clay County",1,49,307,166,141
050,21,051,"Kentucky","Clay County",1,50,289,153,136
050,21,051,"Kentucky","Clay County",1,51,290,156,134
050,21,051,"Kentucky","Clay County",1,52,281,139,142
050,21,051,"Kentucky","Clay County",1,53,273,134,139
050,21,051,"Kentucky","Clay County",1,54,265,140,125
050,21,051,"Kentucky","Clay County",1,55,292,161,131
050,21,051,"Kentucky","Clay County",1,56,300,159,141
050,21,051,"Kentucky","Clay County",1,57,304,157,147
050,21,051,"Kentucky","Clay County",1,58,302,151,151
050,21,051,"Kentucky","Clay County",1,59,294,134,160
050,21,051,"Kentucky","Clay County",1,60,286,145,141
050,21,051,"Kentucky","Clay County",1,61,272,134,138
050,21,051,"Kentucky","Clay County",1,62,290,147,143
050,21,051,"Kentucky","Clay County",1,63,244,130,114
050,21,051,"Kentucky","Clay County",1,64,232,110,122
050,21,051,"Kentucky","Clay County",1,65,229,100,129
050,21,051,"Kentucky","Clay County",1,66,260,124,136
050,21,051,"Kentucky","Clay County",1,67,229,125,104
050,21,051,"Kentucky","Clay County",1,68,226,114,112
050,21,051,"Kentucky","Clay County",1,69,203,100,103
050,21,051,"Kentucky","Clay County",1,70,195,95,100
050,21,051,"Kentucky","Clay County",1,71,187,89,98
050,21,051,"Kentucky","Clay County",1,72,187,83,104
050,21,051,"Kentucky","Clay County",1,73,180,82,98
050,21,051,"Kentucky","Clay County",1,74,135,54,81
050,21,051,"Kentucky","Clay County",1,75,139,58,81
050,21,051,"Kentucky","Clay County",1,76,111,48,63
050,21,051,"Kentucky","Clay County",1,77,112,50,62
050,21,051,"Kentucky","Clay County",1,78,96,49,47
050,21,051,"Kentucky","Clay County",1,79,92,36,56
050,21,051,"Kentucky","Clay County",1,80,86,32,54
050,21,051,"Kentucky","Clay County",1,81,82,30,52
050,21,051,"Kentucky","Clay County",1,82,77,33,44
050,21,051,"Kentucky","Clay County",1,83,52,23,29
050,21,051,"Kentucky","Clay County",1,84,49,23,26
050,21,051,"Kentucky","Clay County",1,85,256,89,167
050,21,051,"Kentucky","Clay County",2,0,224,106,118
050,21,051,"Kentucky","Clay County",2,1,232,110,122
050,21,051,"Kentucky","Clay County",2,2,240,111,129
050,21,051,"Kentucky","Clay County",2,3,248,114,134
050,21,051,"Kentucky","Clay County",2,4,239,109,130
050,21,051,"Kentucky","Clay County",2,5,235,116,119
050,21,051,"Kentucky","Clay County",2,6,238,119,119
050,21,051,"Kentucky","Clay County",2,7,235,125,110
050,21,051,"Kentucky","Clay County",2,8,227,121,106
050,21,051,"Kentucky","Clay County",2,9,222,114,108
050,21,051,"Kentucky","Clay County",2,10,233,121,112
050,21,051,"Kentucky","Clay County",2,11,230,110,120
050,21,051,"Kentucky","Clay County",2,12,239,119,120
050,21,051,"Kentucky","Clay County",2,13,234,120,114
050,21,051,"Kentucky","Clay County",2,14,227,117,110
050,21,051,"Kentucky","Clay County",2,15,222,111,111
050,21,051,"Kentucky","Clay County",2,16,253,132,121
050,21,051,"Kentucky","Clay County",2,17,242,127,115
050,21,051,"Kentucky","Clay County",2,18,212,120,92
050,21,051,"Kentucky","Clay County",2,19,154,86,68
050,21,051,"Kentucky","Clay County",2,20,161,92,69
050,21,051,"Kentucky","Clay County",2,21,184,107,77
050,21,051,"Kentucky","Clay County",2,22,204,114,90
050,21,051,"Kentucky","Clay County",2,23,226,127,99
050,21,051,"Kentucky","Clay County",2,24,226,120,106
050,21,051,"Kentucky","Clay County",2,25,248,141,107
050,21,051,"Kentucky","Clay County",2,26,279,159,120
050,21,051,"Kentucky","Clay County",2,27,291,164,127
050,21,051,"Kentucky","Clay County",2,28,342,193,149
050,21,051,"Kentucky","Clay County",2,29,367,204,163
050,21,051,"Kentucky","Clay County",2,30,341,201,140
050,21,051,"Kentucky","Clay County",2,31,330,197,133
050,21,051,"Kentucky","Clay County",2,32,299,179,120
050,21,051,"Kentucky","Clay County",2,33,321,208,113
050,21,051,"Kentucky","Clay County",2,34,285,170,115
050,21,051,"Kentucky","Clay County",2,35,281,166,115
050,21,051,"Kentucky","Clay County",2,36,299,177,122
050,21,051,"Kentucky","Clay County",2,37,309,172,137
050,21,051,"Kentucky","Clay County",2,38,281,152,129
050,21,051,"Kentucky","Clay County",2,39,255,141,114
050,21,051,"Kentucky","Clay County",2,40,285,154,131
050,21,051,"Kentucky","Clay County",2,41,263,136,127
050,21,051,"Kentucky","Clay County",2,42,252,138,114
050,21,051,"Kentucky","Clay County",2,43,285,163,122
050,21,051,"Kentucky","Clay County",2,44,288,159,129
050,21,051,"Kentucky","Clay County",2,45,277,153,124
050,21,051,"Kentucky","Clay County",2,46,268,137,131
050,21,051,"Kentucky","Clay County",2,47,278,152,126
050,21,051,"Kentucky","Clay County",2,48,296,178,118
050,21,051,"Kentucky","Clay County",2,49,304,168,136
050,21,051,"Kentucky","Clay County",2,50,293,156,137
050,21,051,"Kentucky","Clay County",2,51,290,156,134
050,21,051,"Kentucky","Clay County",2,52,274,137,137
050,21,051,"Kentucky","Clay County",2,53,277,138,139
050,21,051,"Kentucky","Clay County",2,54,264,137,127
050,21,051,"Kentucky","Clay County",2,55,284,154,130
050,21,051,"Kentucky","Clay County",2,56,300,160,140
050,21,051,"Kentucky","Clay County",2,57,303,158,145
050,21,051,"Kentucky","Clay County",2,58,299,150,149
050,21,051,"Kentucky","Clay County",2,59,294,139,155
050,21,051,"Kentucky","Clay County",2,60,287,144,143
050,21,051,"Kentucky","Clay County",2,61,272,133,139
050,21,051,"Kentucky","Clay County",2,62,283,143,140
050,21,051,"Kentucky","Clay County",2,63,256,134,122
050,21,051,"Kentucky","Clay County",2,64,233,114,119
050,21,051,"Kentucky","Clay County",2,65,228,101,127
050,21,051,"Kentucky","Clay County",2,66,251,117,134
050,21,051,"Kentucky","Clay County",2,67,235,124,111
050,21,051,"Kentucky","Clay County",2,68,225,116,109
050,21,051,"Kentucky","Clay County",2,69,205,103,102
050,21,051,"Kentucky","Clay County",2,70,196,95,101
050,21,051,"Kentucky","Clay County",2,71,190,91,99
050,21,051,"Kentucky","Clay County",2,72,183,82,101
050,21,051,"Kentucky","Clay County",2,73,185,82,103
050,21,051,"Kentucky","Clay County",2,74,133,54,79
050,21,051,"Kentucky","Clay County",2,75,137,56,81
050,21,051,"Kentucky","Clay County",2,76,116,50,66
050,21,051,"Kentucky","Clay County",2,77,112,49,63
050,21,051,"Kentucky","Clay County",2,78,92,46,46
050,21,051,"Kentucky","Clay County",2,79,92,38,54
050,21,051,"Kentucky","Clay County",2,80,87,33,54
050,21,051,"Kentucky","Clay County",2,81,82,30,52
050,21,051,"Kentucky","Clay County",2,82,76,32,44
050,21,051,"Kentucky","Clay County",2,83,55,23,32
050,21,051,"Kentucky","Clay County",2,84,49,24,25
050,21,051,"Kentucky","Clay County",2,85,263,94,169
050,21,051,"Kentucky","Clay County",3,0,198,109,89
050,21,051,"Kentucky","Clay County",3,1,226,107,119
050,21,051,"Kentucky","Clay County",3,2,220,106,114
050,21,051,"Kentucky","Clay County",3,3,234,114,120
050,21,051,"Kentucky","Clay County",3,4,254,116,138
050,21,051,"Kentucky","Clay County",3,5,238,108,130
050,21,051,"Kentucky","Clay County",3,6,230,115,115
050,21,051,"Kentucky","Clay County",3,7,235,117,118
050,21,051,"Kentucky","Clay County",3,8,227,117,110
050,21,051,"Kentucky","Clay County",3,9,227,122,105
050,21,051,"Kentucky","Clay County",3,10,225,114,111
050,21,051,"Kentucky","Clay County",3,11,242,129,113
050,21,051,"Kentucky","Clay County",3,12,222,107,115
050,21,051,"Kentucky","Clay County",3,13,236,121,115
050,21,051,"Kentucky","Clay County",3,14,239,124,115
050,21,051,"Kentucky","Clay County",3,15,226,114,112
050,21,051,"Kentucky","Clay County",3,16,245,120,125
050,21,051,"Kentucky","Clay County",3,17,246,123,123
050,21,051,"Kentucky","Clay County",3,18,199,111,88
050,21,051,"Kentucky","Clay County",3,19,162,91,71
050,21,051,"Kentucky","Clay County",3,20,165,93,72
050,21,051,"Kentucky","Clay County",3,21,179,103,76
050,21,051,"Kentucky","Clay County",3,22,200,120,80
050,21,051,"Kentucky","Clay County",3,23,211,118,93
050,21,051,"Kentucky","Clay County",3,24,221,126,95
050,21,051,"Kentucky","Clay County",3,25,250,129,121
050,21,051,"Kentucky","Clay County",3,26,251,147,104
050,21,051,"Kentucky","Clay County",3,27,279,163,116
050,21,051,"Kentucky","Clay County",3,28,309,188,121
050,21,051,"Kentucky","Clay County",3,29,361,206,155
050,21,051,"Kentucky","Clay County",3,30,374,211,163
050,21,051,"Kentucky","Clay County",3,31,343,202,141
050,21,051,"Kentucky","Clay County",3,32,333,192,141
050,21,051,"Kentucky","Clay County",3,33,326,213,113
050,21,051,"Kentucky","Clay County",3,34,300,186,114
050,21,051,"Kentucky","Clay County",3,35,285,171,114
050,21,051,"Kentucky","Clay County",3,36,271,156,115
050,21,051,"Kentucky","Clay County",3,37,284,166,118
050,21,051,"Kentucky","Clay County",3,38,317,175,142
050,21,051,"Kentucky","Clay County",3,39,263,140,123
050,21,051,"Kentucky","Clay County",3,40,270,149,121
050,21,051,"Kentucky","Clay County",3,41,268,138,130
050,21,051,"Kentucky","Clay County",3,42,253,137,116
050,21,051,"Kentucky","Clay County",3,43,266,149,117
050,21,051,"Kentucky","Clay County",3,44,283,159,124
050,21,051,"Kentucky","Clay County",3,45,285,161,124
050,21,051,"Kentucky","Clay County",3,46,253,142,111
050,21,051,"Kentucky","Clay County",3,47,263,140,123
050,21,051,"Kentucky","Clay County",3,48,280,154,126
050,21,051,"Kentucky","Clay County",3,49,278,161,117
050,21,051,"Kentucky","Clay County",3,50,323,184,139
050,21,051,"Kentucky","Clay County",3,51,287,154,133
050,21,051,"Kentucky","Clay County",3,52,278,137,141
050,21,051,"Kentucky","Clay County",3,53,281,145,136
050,21,051,"Kentucky","Clay County",3,54,272,129,143
050,21,051,"Kentucky","Clay County",3,55,258,135,123
050,21,051,"Kentucky","Clay County",3,56,288,158,130
050,21,051,"Kentucky","Clay County",3,57,292,158,134
050,21,051,"Kentucky","Clay County",3,58,291,146,145
050,21,051,"Kentucky","Clay County",3,59,292,144,148
050,21,051,"Kentucky","Clay County",3,60,299,148,151
050,21,051,"Kentucky","Clay County",3,61,276,131,145
050,21,051,"Kentucky","Clay County",3,62,265,129,136
050,21,051,"Kentucky","Clay County",3,63,273,134,139
050,21,051,"Kentucky","Clay County",3,64,251,134,117
050,21,051,"Kentucky","Clay County",3,65,219,105,114
050,21,051,"Kentucky","Clay County",3,66,223,98,125
050,21,051,"Kentucky","Clay County",3,67,246,115,131
050,21,051,"Kentucky","Clay County",3,68,226,122,104
050,21,051,"Kentucky","Clay County",3,69,212,112,100
050,21,051,"Kentucky","Clay County",3,70,192,98,94
050,21,051,"Kentucky","Clay County",3,71,190,92,98
050,21,051,"Kentucky","Clay County",3,72,181,84,97
050,21,051,"Kentucky","Clay County",3,73,170,75,95
050,21,051,"Kentucky","Clay County",3,74,173,75,98
050,21,051,"Kentucky","Clay County",3,75,127,51,76
050,21,051,"Kentucky","Clay County",3,76,126,50,76
050,21,051,"Kentucky","Clay County",3,77,98,41,57
050,21,051,"Kentucky","Clay County",3,78,108,48,60
050,21,051,"Kentucky","Clay County",3,79,81,36,45
050,21,051,"Kentucky","Clay County",3,80,83,35,48
050,21,051,"Kentucky","Clay County",3,81,83,30,53
050,21,051,"Kentucky","Clay County",3,82,80,31,49
050,21,051,"Kentucky","Clay County",3,83,66,24,42
050,21,051,"Kentucky","Clay County",3,84,51,22,29
050,21,051,"Kentucky","Clay County",3,85,248,94,154
050,21,051,"Kentucky","Clay County",4,0,225,120,105
050,21,051,"Kentucky","Clay County",4,1,181,97,84
050,21,051,"Kentucky","Clay County",4,2,223,108,115
050,21,051,"Kentucky","Clay County",4,3,228,112,116
050,21,051,"Kentucky","Clay County",4,4,238,118,120
050,21,051,"Kentucky","Clay County",4,5,235,106,129
050,21,051,"Kentucky","Clay County",4,6,226,93,133
050,21,051,"Kentucky","Clay County",4,7,238,114,124
050,21,051,"Kentucky","Clay County",4,8,241,119,122
050,21,051,"Kentucky","Clay County",4,9,226,120,106
050,21,051,"Kentucky","Clay County",4,10,229,127,102
050,21,051,"Kentucky","Clay County",4,11,225,112,113
050,21,051,"Kentucky","Clay County",4,12,231,121,110
050,21,051,"Kentucky","Clay County",4,13,226,111,115
050,21,051,"Kentucky","Clay County",4,14,239,121,118
050,21,051,"Kentucky","Clay County",4,15,235,118,117
050,21,051,"Kentucky","Clay County",4,16,260,131,129
050,21,051,"Kentucky","Clay County",4,17,242,113,129
050,21,051,"Kentucky","Clay County",4,18,192,103,89
050,21,051,"Kentucky","Clay County",4,19,140,79,61
050,21,051,"Kentucky","Clay County",4,20,175,98,77
050,21,051,"Kentucky","Clay County",4,21,165,94,71
050,21,051,"Kentucky","Clay County",4,22,199,117,82
050,21,051,"Kentucky","Clay County",4,23,212,127,85
050,21,051,"Kentucky","Clay County",4,24,207,116,91
050,21,051,"Kentucky","Clay County",4,25,241,144,97
050,21,051,"Kentucky","Clay County",4,26,246,131,115
050,21,051,"Kentucky","Clay County",4,27,248,152,96
050,21,051,"Kentucky","Clay County",4,28,291,179,112
050,21,051,"Kentucky","Clay County",4,29,334,208,126
050,21,051,"Kentucky","Clay County",4,30,364,209,155
050,21,051,"Kentucky","Clay County",4,31,367,206,161
050,21,051,"Kentucky","Clay County",4,32,319,184,135
050,21,051,"Kentucky","Clay County",4,33,346,224,122
050,21,051,"Kentucky","Clay County",4,34,300,182,118
050,21,051,"Kentucky","Clay County",4,35,303,193,110
050,21,051,"Kentucky","Clay County",4,36,288,161,127
050,21,051,"Kentucky","Clay County",4,37,266,152,114
050,21,051,"Kentucky","Clay County",4,38,286,165,121
050,21,051,"Kentucky","Clay County",4,39,304,161,143
050,21,051,"Kentucky","Clay County",4,40,259,138,121
050,21,051,"Kentucky","Clay County",4,41,254,135,119
050,21,051,"Kentucky","Clay County",4,42,263,136,127
050,21,051,"Kentucky","Clay County",4,43,261,149,112
050,21,051,"Kentucky","Clay County",4,44,269,153,116
050,21,051,"Kentucky","Clay County",4,45,268,151,117
050,21,051,"Kentucky","Clay County",4,46,269,147,122
050,21,051,"Kentucky","Clay County",4,47,247,140,107
050,21,051,"Kentucky","Clay County",4,48,260,140,120
050,21,051,"Kentucky","Clay County",4,49,262,138,124
050,21,051,"Kentucky","Clay County",4,50,285,169,116
050,21,051,"Kentucky","Clay County",4,51,324,185,139
050,21,051,"Kentucky","Clay County",4,52,264,135,129
050,21,051,"Kentucky","Clay County",4,53,283,143,140
050,21,051,"Kentucky","Clay County",4,54,273,137,136
050,21,051,"Kentucky","Clay County",4,55,267,127,140
050,21,051,"Kentucky","Clay County",4,56,248,133,115
050,21,051,"Kentucky","Clay County",4,57,274,150,124
050,21,051,"Kentucky","Clay County",4,58,288,150,138
050,21,051,"Kentucky","Clay County",4,59,282,136,146
050,21,051,"Kentucky","Clay County",4,60,290,143,147
050,21,051,"Kentucky","Clay County",4,61,281,131,150
050,21,051,"Kentucky","Clay County",4,62,273,132,141
050,21,051,"Kentucky","Clay County",4,63,249,116,133
050,21,051,"Kentucky","Clay County",4,64,261,127,134
050,21,051,"Kentucky","Clay County",4,65,241,126,115
050,21,051,"Kentucky","Clay County",4,66,209,97,112
050,21,051,"Kentucky","Clay County",4,67,217,97,120
050,21,051,"Kentucky","Clay County",4,68,241,115,126
050,21,051,"Kentucky","Clay County",4,69,219,118,101
050,21,051,"Kentucky","Clay County",4,70,199,107,92
050,21,051,"Kentucky","Clay County",4,71,183,94,89
050,21,051,"Kentucky","Clay County",4,72,177,82,95
050,21,051,"Kentucky","Clay County",4,73,164,72,92
050,21,051,"Kentucky","Clay County",4,74,161,71,90
050,21,051,"Kentucky","Clay County",4,75,159,67,92
050,21,051,"Kentucky","Clay County",4,76,115,44,71
050,21,051,"Kentucky","Clay County",4,77,108,42,66
050,21,051,"Kentucky","Clay County",4,78,86,37,49
050,21,051,"Kentucky","Clay County",4,79,95,36,59
050,21,051,"Kentucky","Clay County",4,80,72,30,42
050,21,051,"Kentucky","Clay County",4,81,79,32,47
050,21,051,"Kentucky","Clay County",4,82,75,28,47
050,21,051,"Kentucky","Clay County",4,83,73,25,48
050,21,051,"Kentucky","Clay County",4,84,59,25,34
050,21,051,"Kentucky","Clay County",4,85,247,104,143
050,21,051,"Kentucky","Clay County",5,0,224,119,105
050,21,051,"Kentucky","Clay County",5,1,218,117,101
050,21,051,"Kentucky","Clay County",5,2,172,90,82
050,21,051,"Kentucky","Clay County",5,3,213,101,112
050,21,051,"Kentucky","Clay County",5,4,221,115,106
050,21,051,"Kentucky","Clay County",5,5,231,111,120
050,21,051,"Kentucky","Clay County",5,6,243,113,130
050,21,051,"Kentucky","Clay County",5,7,226,97,129
050,21,051,"Kentucky","Clay County",5,8,238,117,121
050,21,051,"Kentucky","Clay County",5,9,240,119,121
050,21,051,"Kentucky","Clay County",5,10,227,119,108
050,21,051,"Kentucky","Clay County",5,11,225,120,105
050,21,051,"Kentucky","Clay County",5,12,222,112,110
050,21,051,"Kentucky","Clay County",5,13,230,119,111
050,21,051,"Kentucky","Clay County",5,14,224,112,112
050,21,051,"Kentucky","Clay County",5,15,235,120,115
050,21,051,"Kentucky","Clay County",5,16,262,133,129
050,21,051,"Kentucky","Clay County",5,17,257,127,130
050,21,051,"Kentucky","Clay County",5,18,187,96,91
050,21,051,"Kentucky","Clay County",5,19,132,74,58
050,21,051,"Kentucky","Clay County",5,20,151,85,66
050,21,051,"Kentucky","Clay County",5,21,187,111,76
050,21,051,"Kentucky","Clay County",5,22,191,110,81
050,21,051,"Kentucky","Clay County",5,23,212,122,90
050,21,051,"Kentucky","Clay County",5,24,206,123,83
050,21,051,"Kentucky","Clay County",5,25,216,129,87
050,21,051,"Kentucky","Clay County",5,26,236,147,89
050,21,051,"Kentucky","Clay County",5,27,246,135,111
050,21,051,"Kentucky","Clay County",5,28,264,170,94
050,21,051,"Kentucky","Clay County",5,29,308,193,115
050,21,051,"Kentucky","Clay County",5,30,311,195,116
050,21,051,"Kentucky","Clay County",5,31,361,208,153
050,21,051,"Kentucky","Clay County",5,32,348,189,159
050,21,051,"Kentucky","Clay County",5,33,366,231,135
050,21,051,"Kentucky","Clay County",5,34,309,193,116
050,21,051,"Kentucky","Clay County",5,35,305,186,119
050,21,051,"Kentucky","Clay County",5,36,305,188,117
050,21,051,"Kentucky","Clay County",5,37,284,154,130
050,21,051,"Kentucky","Clay County",5,38,265,155,110
050,21,051,"Kentucky","Clay County",5,39,275,156,119
050,21,051,"Kentucky","Clay County",5,40,304,166,138
050,21,051,"Kentucky","Clay County",5,41,249,127,122
050,21,051,"Kentucky","Clay County",5,42,245,130,115
050,21,051,"Kentucky","Clay County",5,43,273,150,123
050,21,051,"Kentucky","Clay County",5,44,259,145,114
050,21,051,"Kentucky","Clay County",5,45,266,158,108
050,21,051,"Kentucky","Clay County",5,46,254,137,117
050,21,051,"Kentucky","Clay County",5,47,267,148,119
050,21,051,"Kentucky","Clay County",5,48,239,141,98
050,21,051,"Kentucky","Clay County",5,49,249,130,119
050,21,051,"Kentucky","Clay County",5,50,263,144,119
050,21,051,"Kentucky","Clay County",5,51,284,172,112
050,21,051,"Kentucky","Clay County",5,52,309,167,142
050,21,051,"Kentucky","Clay County",5,53,269,142,127
050,21,051,"Kentucky","Clay County",5,54,269,131,138
050,21,051,"Kentucky","Clay County",5,55,258,124,134
050,21,051,"Kentucky","Clay County",5,56,259,125,134
050,21,051,"Kentucky","Clay County",5,57,239,127,112
050,21,051,"Kentucky","Clay County",5,58,268,144,124
050,21,051,"Kentucky","Clay County",5,59,285,146,139
050,21,051,"Kentucky","Clay County",5,60,287,142,145
050,21,051,"Kentucky","Clay County",5,61,270,129,141
050,21,051,"Kentucky","Clay County",5,62,282,131,151
050,21,051,"Kentucky","Clay County",5,63,260,124,136
050,21,051,"Kentucky","Clay County",5,64,241,111,130
050,21,051,"Kentucky","Clay County",5,65,249,120,129
050,21,051,"Kentucky","Clay County",5,66,234,123,111
050,21,051,"Kentucky","Clay County",5,67,202,96,106
050,21,051,"Kentucky","Clay County",5,68,210,93,117
050,21,051,"Kentucky","Clay County",5,69,232,112,120
050,21,051,"Kentucky","Clay County",5,70,212,114,98
050,21,051,"Kentucky","Clay County",5,71,196,104,92
050,21,051,"Kentucky","Clay County",5,72,174,88,86
050,21,051,"Kentucky","Clay County",5,73,161,69,92
050,21,051,"Kentucky","Clay County",5,74,156,66,90
050,21,051,"Kentucky","Clay County",5,75,150,68,82
050,21,051,"Kentucky","Clay County",5,76,149,61,88
050,21,051,"Kentucky","Clay County",5,77,101,36,65
050,21,051,"Kentucky","Clay County",5,78,106,41,65
050,21,051,"Kentucky","Clay County",5,79,77,27,50
050,21,051,"Kentucky","Clay County",5,80,87,31,56
050,21,051,"Kentucky","Clay County",5,81,67,26,41
050,21,051,"Kentucky","Clay County",5,82,69,28,41
050,21,051,"Kentucky","Clay County",5,83,69,23,46
050,21,051,"Kentucky","Clay County",5,84,64,23,41
050,21,051,"Kentucky","Clay County",5,85,262,117,145
050,21,053,"Kentucky","Clinton County",1,0,103,54,49
050,21,053,"Kentucky","Clinton County",1,1,104,57,47
050,21,053,"Kentucky","Clinton County",1,2,87,40,47
050,21,053,"Kentucky","Clinton County",1,3,102,46,56
050,21,053,"Kentucky","Clinton County",1,4,119,58,61
050,21,053,"Kentucky","Clinton County",1,5,111,51,60
050,21,053,"Kentucky","Clinton County",1,6,101,47,54
050,21,053,"Kentucky","Clinton County",1,7,108,53,55
050,21,053,"Kentucky","Clinton County",1,8,105,49,56
050,21,053,"Kentucky","Clinton County",1,9,112,49,63
050,21,053,"Kentucky","Clinton County",1,10,114,56,58
050,21,053,"Kentucky","Clinton County",1,11,117,57,60
050,21,053,"Kentucky","Clinton County",1,12,117,59,58
050,21,053,"Kentucky","Clinton County",1,13,118,66,52
050,21,053,"Kentucky","Clinton County",1,14,123,72,51
050,21,053,"Kentucky","Clinton County",1,15,119,72,47
050,21,053,"Kentucky","Clinton County",1,16,141,85,56
050,21,053,"Kentucky","Clinton County",1,17,132,70,62
050,21,053,"Kentucky","Clinton County",1,18,98,52,46
050,21,053,"Kentucky","Clinton County",1,19,78,36,42
050,21,053,"Kentucky","Clinton County",1,20,92,46,46
050,21,053,"Kentucky","Clinton County",1,21,101,49,52
050,21,053,"Kentucky","Clinton County",1,22,96,49,47
050,21,053,"Kentucky","Clinton County",1,23,104,54,50
050,21,053,"Kentucky","Clinton County",1,24,90,45,45
050,21,053,"Kentucky","Clinton County",1,25,94,48,46
050,21,053,"Kentucky","Clinton County",1,26,120,61,59
050,21,053,"Kentucky","Clinton County",1,27,109,52,57
050,21,053,"Kentucky","Clinton County",1,28,108,50,58
050,21,053,"Kentucky","Clinton County",1,29,114,54,60
050,21,053,"Kentucky","Clinton County",1,30,124,60,64
050,21,053,"Kentucky","Clinton County",1,31,113,55,58
050,21,053,"Kentucky","Clinton County",1,32,96,51,45
050,21,053,"Kentucky","Clinton County",1,33,94,52,42
050,21,053,"Kentucky","Clinton County",1,34,94,52,42
050,21,053,"Kentucky","Clinton County",1,35,108,50,58
050,21,053,"Kentucky","Clinton County",1,36,96,40,56
050,21,053,"Kentucky","Clinton County",1,37,92,39,53
050,21,053,"Kentucky","Clinton County",1,38,116,57,59
050,21,053,"Kentucky","Clinton County",1,39,123,61,62
050,21,053,"Kentucky","Clinton County",1,40,110,55,55
050,21,053,"Kentucky","Clinton County",1,41,103,52,51
050,21,053,"Kentucky","Clinton County",1,42,106,56,50
050,21,053,"Kentucky","Clinton County",1,43,109,56,53
050,21,053,"Kentucky","Clinton County",1,44,109,49,60
050,21,053,"Kentucky","Clinton County",1,45,110,54,56
050,21,053,"Kentucky","Clinton County",1,46,99,54,45
050,21,053,"Kentucky","Clinton County",1,47,110,58,52
050,21,053,"Kentucky","Clinton County",1,48,119,66,53
050,21,053,"Kentucky","Clinton County",1,49,134,71,63
050,21,053,"Kentucky","Clinton County",1,50,121,55,66
050,21,053,"Kentucky","Clinton County",1,51,130,57,73
050,21,053,"Kentucky","Clinton County",1,52,140,61,79
050,21,053,"Kentucky","Clinton County",1,53,140,64,76
050,21,053,"Kentucky","Clinton County",1,54,118,59,59
050,21,053,"Kentucky","Clinton County",1,55,142,77,65
050,21,053,"Kentucky","Clinton County",1,56,131,72,59
050,21,053,"Kentucky","Clinton County",1,57,137,68,69
050,21,053,"Kentucky","Clinton County",1,58,139,68,71
050,21,053,"Kentucky","Clinton County",1,59,133,74,59
050,21,053,"Kentucky","Clinton County",1,60,148,76,72
050,21,053,"Kentucky","Clinton County",1,61,143,63,80
050,21,053,"Kentucky","Clinton County",1,62,141,68,73
050,21,053,"Kentucky","Clinton County",1,63,130,59,71
050,21,053,"Kentucky","Clinton County",1,64,125,64,61
050,21,053,"Kentucky","Clinton County",1,65,128,66,62
050,21,053,"Kentucky","Clinton County",1,66,118,59,59
050,21,053,"Kentucky","Clinton County",1,67,122,63,59
050,21,053,"Kentucky","Clinton County",1,68,97,45,52
050,21,053,"Kentucky","Clinton County",1,69,105,52,53
050,21,053,"Kentucky","Clinton County",1,70,109,58,51
050,21,053,"Kentucky","Clinton County",1,71,110,51,59
050,21,053,"Kentucky","Clinton County",1,72,113,54,59
050,21,053,"Kentucky","Clinton County",1,73,114,54,60
050,21,053,"Kentucky","Clinton County",1,74,70,37,33
050,21,053,"Kentucky","Clinton County",1,75,69,35,34
050,21,053,"Kentucky","Clinton County",1,76,78,38,40
050,21,053,"Kentucky","Clinton County",1,77,89,39,50
050,21,053,"Kentucky","Clinton County",1,78,60,19,41
050,21,053,"Kentucky","Clinton County",1,79,56,22,34
050,21,053,"Kentucky","Clinton County",1,80,54,26,28
050,21,053,"Kentucky","Clinton County",1,81,51,19,32
050,21,053,"Kentucky","Clinton County",1,82,45,22,23
050,21,053,"Kentucky","Clinton County",1,83,45,18,27
050,21,053,"Kentucky","Clinton County",1,84,41,17,24
050,21,053,"Kentucky","Clinton County",1,85,159,62,97
050,21,053,"Kentucky","Clinton County",2,0,107,56,51
050,21,053,"Kentucky","Clinton County",2,1,103,56,47
050,21,053,"Kentucky","Clinton County",2,2,91,44,47
050,21,053,"Kentucky","Clinton County",2,3,99,45,54
050,21,053,"Kentucky","Clinton County",2,4,116,56,60
050,21,053,"Kentucky","Clinton County",2,5,111,51,60
050,21,053,"Kentucky","Clinton County",2,6,105,50,55
050,21,053,"Kentucky","Clinton County",2,7,104,51,53
050,21,053,"Kentucky","Clinton County",2,8,104,49,55
050,21,053,"Kentucky","Clinton County",2,9,106,48,58
050,21,053,"Kentucky","Clinton County",2,10,114,54,60
050,21,053,"Kentucky","Clinton County",2,11,112,54,58
050,21,053,"Kentucky","Clinton County",2,12,116,57,59
050,21,053,"Kentucky","Clinton County",2,13,118,65,53
050,21,053,"Kentucky","Clinton County",2,14,123,72,51
050,21,053,"Kentucky","Clinton County",2,15,121,73,48
050,21,053,"Kentucky","Clinton County",2,16,136,83,53
050,21,053,"Kentucky","Clinton County",2,17,133,73,60
050,21,053,"Kentucky","Clinton County",2,18,95,49,46
050,21,053,"Kentucky","Clinton County",2,19,79,37,42
050,21,053,"Kentucky","Clinton County",2,20,91,45,46
050,21,053,"Kentucky","Clinton County",2,21,99,48,51
050,21,053,"Kentucky","Clinton County",2,22,99,50,49
050,21,053,"Kentucky","Clinton County",2,23,103,53,50
050,21,053,"Kentucky","Clinton County",2,24,94,48,46
050,21,053,"Kentucky","Clinton County",2,25,94,47,47
050,21,053,"Kentucky","Clinton County",2,26,115,59,56
050,21,053,"Kentucky","Clinton County",2,27,114,55,59
050,21,053,"Kentucky","Clinton County",2,28,107,51,56
050,21,053,"Kentucky","Clinton County",2,29,113,54,59
050,21,053,"Kentucky","Clinton County",2,30,121,59,62
050,21,053,"Kentucky","Clinton County",2,31,115,55,60
050,21,053,"Kentucky","Clinton County",2,32,98,52,46
050,21,053,"Kentucky","Clinton County",2,33,94,52,42
050,21,053,"Kentucky","Clinton County",2,34,94,52,42
050,21,053,"Kentucky","Clinton County",2,35,106,51,55
050,21,053,"Kentucky","Clinton County",2,36,96,41,55
050,21,053,"Kentucky","Clinton County",2,37,91,38,53
050,21,053,"Kentucky","Clinton County",2,38,110,53,57
050,21,053,"Kentucky","Clinton County",2,39,118,58,60
050,21,053,"Kentucky","Clinton County",2,40,113,56,57
050,21,053,"Kentucky","Clinton County",2,41,105,53,52
050,21,053,"Kentucky","Clinton County",2,42,104,54,50
050,21,053,"Kentucky","Clinton County",2,43,108,55,53
050,21,053,"Kentucky","Clinton County",2,44,107,49,58
050,21,053,"Kentucky","Clinton County",2,45,113,54,59
050,21,053,"Kentucky","Clinton County",2,46,102,54,48
050,21,053,"Kentucky","Clinton County",2,47,106,56,50
050,21,053,"Kentucky","Clinton County",2,48,115,62,53
050,21,053,"Kentucky","Clinton County",2,49,132,70,62
050,21,053,"Kentucky","Clinton County",2,50,125,59,66
050,21,053,"Kentucky","Clinton County",2,51,129,57,72
050,21,053,"Kentucky","Clinton County",2,52,138,61,77
050,21,053,"Kentucky","Clinton County",2,53,138,63,75
050,21,053,"Kentucky","Clinton County",2,54,124,61,63
050,21,053,"Kentucky","Clinton County",2,55,136,72,64
050,21,053,"Kentucky","Clinton County",2,56,133,73,60
050,21,053,"Kentucky","Clinton County",2,57,133,67,66
050,21,053,"Kentucky","Clinton County",2,58,140,69,71
050,21,053,"Kentucky","Clinton County",2,59,136,74,62
050,21,053,"Kentucky","Clinton County",2,60,144,75,69
050,21,053,"Kentucky","Clinton County",2,61,143,66,77
050,21,053,"Kentucky","Clinton County",2,62,141,66,75
050,21,053,"Kentucky","Clinton County",2,63,135,62,73
050,21,053,"Kentucky","Clinton County",2,64,127,64,63
050,21,053,"Kentucky","Clinton County",2,65,129,66,63
050,21,053,"Kentucky","Clinton County",2,66,120,61,59
050,21,053,"Kentucky","Clinton County",2,67,120,61,59
050,21,053,"Kentucky","Clinton County",2,68,100,47,53
050,21,053,"Kentucky","Clinton County",2,69,104,51,53
050,21,053,"Kentucky","Clinton County",2,70,108,56,52
050,21,053,"Kentucky","Clinton County",2,71,112,54,58
050,21,053,"Kentucky","Clinton County",2,72,108,51,57
050,21,053,"Kentucky","Clinton County",2,73,119,56,63
050,21,053,"Kentucky","Clinton County",2,74,74,38,36
050,21,053,"Kentucky","Clinton County",2,75,68,36,32
050,21,053,"Kentucky","Clinton County",2,76,74,36,38
050,21,053,"Kentucky","Clinton County",2,77,87,38,49
050,21,053,"Kentucky","Clinton County",2,78,65,23,42
050,21,053,"Kentucky","Clinton County",2,79,56,20,36
050,21,053,"Kentucky","Clinton County",2,80,53,26,27
050,21,053,"Kentucky","Clinton County",2,81,49,18,31
050,21,053,"Kentucky","Clinton County",2,82,47,22,25
050,21,053,"Kentucky","Clinton County",2,83,44,19,25
050,21,053,"Kentucky","Clinton County",2,84,42,17,25
050,21,053,"Kentucky","Clinton County",2,85,161,62,99
050,21,053,"Kentucky","Clinton County",3,0,109,54,55
050,21,053,"Kentucky","Clinton County",3,1,107,55,52
050,21,053,"Kentucky","Clinton County",3,2,104,56,48
050,21,053,"Kentucky","Clinton County",3,3,91,45,46
050,21,053,"Kentucky","Clinton County",3,4,99,45,54
050,21,053,"Kentucky","Clinton County",3,5,124,58,66
050,21,053,"Kentucky","Clinton County",3,6,111,48,63
050,21,053,"Kentucky","Clinton County",3,7,103,48,55
050,21,053,"Kentucky","Clinton County",3,8,104,52,52
050,21,053,"Kentucky","Clinton County",3,9,110,48,62
050,21,053,"Kentucky","Clinton County",3,10,106,48,58
050,21,053,"Kentucky","Clinton County",3,11,117,56,61
050,21,053,"Kentucky","Clinton County",3,12,114,54,60
050,21,053,"Kentucky","Clinton County",3,13,126,63,63
050,21,053,"Kentucky","Clinton County",3,14,121,71,50
050,21,053,"Kentucky","Clinton County",3,15,118,70,48
050,21,053,"Kentucky","Clinton County",3,16,136,84,52
050,21,053,"Kentucky","Clinton County",3,17,128,76,52
050,21,053,"Kentucky","Clinton County",3,18,102,50,52
050,21,053,"Kentucky","Clinton County",3,19,79,44,35
050,21,053,"Kentucky","Clinton County",3,20,89,43,46
050,21,053,"Kentucky","Clinton County",3,21,94,46,48
050,21,053,"Kentucky","Clinton County",3,22,111,52,59
050,21,053,"Kentucky","Clinton County",3,23,112,56,56
050,21,053,"Kentucky","Clinton County",3,24,101,49,52
050,21,053,"Kentucky","Clinton County",3,25,98,51,47
050,21,053,"Kentucky","Clinton County",3,26,98,54,44
050,21,053,"Kentucky","Clinton County",3,27,112,56,56
050,21,053,"Kentucky","Clinton County",3,28,110,53,57
050,21,053,"Kentucky","Clinton County",3,29,99,42,57
050,21,053,"Kentucky","Clinton County",3,30,116,53,63
050,21,053,"Kentucky","Clinton County",3,31,123,63,60
050,21,053,"Kentucky","Clinton County",3,32,118,57,61
050,21,053,"Kentucky","Clinton County",3,33,102,51,51
050,21,053,"Kentucky","Clinton County",3,34,97,53,44
050,21,053,"Kentucky","Clinton County",3,35,97,52,45
050,21,053,"Kentucky","Clinton County",3,36,107,52,55
050,21,053,"Kentucky","Clinton County",3,37,102,42,60
050,21,053,"Kentucky","Clinton County",3,38,97,42,55
050,21,053,"Kentucky","Clinton County",3,39,109,51,58
050,21,053,"Kentucky","Clinton County",3,40,116,55,61
050,21,053,"Kentucky","Clinton County",3,41,115,56,59
050,21,053,"Kentucky","Clinton County",3,42,105,53,52
050,21,053,"Kentucky","Clinton County",3,43,105,57,48
050,21,053,"Kentucky","Clinton County",3,44,110,57,53
050,21,053,"Kentucky","Clinton County",3,45,109,50,59
050,21,053,"Kentucky","Clinton County",3,46,115,57,58
050,21,053,"Kentucky","Clinton County",3,47,102,52,50
050,21,053,"Kentucky","Clinton County",3,48,107,62,45
050,21,053,"Kentucky","Clinton County",3,49,110,58,52
050,21,053,"Kentucky","Clinton County",3,50,140,76,64
050,21,053,"Kentucky","Clinton County",3,51,130,62,68
050,21,053,"Kentucky","Clinton County",3,52,125,52,73
050,21,053,"Kentucky","Clinton County",3,53,132,59,73
050,21,053,"Kentucky","Clinton County",3,54,137,62,75
050,21,053,"Kentucky","Clinton County",3,55,128,64,64
050,21,053,"Kentucky","Clinton County",3,56,135,70,65
050,21,053,"Kentucky","Clinton County",3,57,133,73,60
050,21,053,"Kentucky","Clinton County",3,58,135,69,66
050,21,053,"Kentucky","Clinton County",3,59,140,71,69
050,21,053,"Kentucky","Clinton County",3,60,142,78,64
050,21,053,"Kentucky","Clinton County",3,61,144,74,70
050,21,053,"Kentucky","Clinton County",3,62,140,65,75
050,21,053,"Kentucky","Clinton County",3,63,141,63,78
050,21,053,"Kentucky","Clinton County",3,64,128,55,73
050,21,053,"Kentucky","Clinton County",3,65,127,62,65
050,21,053,"Kentucky","Clinton County",3,66,128,65,63
050,21,053,"Kentucky","Clinton County",3,67,112,57,55
050,21,053,"Kentucky","Clinton County",3,68,116,59,57
050,21,053,"Kentucky","Clinton County",3,69,102,49,53
050,21,053,"Kentucky","Clinton County",3,70,101,50,51
050,21,053,"Kentucky","Clinton County",3,71,108,56,52
050,21,053,"Kentucky","Clinton County",3,72,109,52,57
050,21,053,"Kentucky","Clinton County",3,73,103,48,55
050,21,053,"Kentucky","Clinton County",3,74,116,54,62
050,21,053,"Kentucky","Clinton County",3,75,74,38,36
050,21,053,"Kentucky","Clinton County",3,76,63,33,30
050,21,053,"Kentucky","Clinton County",3,77,73,35,38
050,21,053,"Kentucky","Clinton County",3,78,75,35,40
050,21,053,"Kentucky","Clinton County",3,79,65,24,41
050,21,053,"Kentucky","Clinton County",3,80,48,19,29
050,21,053,"Kentucky","Clinton County",3,81,50,23,27
050,21,053,"Kentucky","Clinton County",3,82,43,15,28
050,21,053,"Kentucky","Clinton County",3,83,39,20,19
050,21,053,"Kentucky","Clinton County",3,84,40,18,22
050,21,053,"Kentucky","Clinton County",3,85,165,59,106
050,21,053,"Kentucky","Clinton County",4,0,120,72,48
050,21,053,"Kentucky","Clinton County",4,1,97,45,52
050,21,053,"Kentucky","Clinton County",4,2,105,58,47
050,21,053,"Kentucky","Clinton County",4,3,98,55,43
050,21,053,"Kentucky","Clinton County",4,4,83,41,42
050,21,053,"Kentucky","Clinton County",4,5,101,47,54
050,21,053,"Kentucky","Clinton County",4,6,117,60,57
050,21,053,"Kentucky","Clinton County",4,7,106,45,61
050,21,053,"Kentucky","Clinton County",4,8,102,45,57
050,21,053,"Kentucky","Clinton County",4,9,105,51,54
050,21,053,"Kentucky","Clinton County",4,10,114,54,60
050,21,053,"Kentucky","Clinton County",4,11,104,46,58
050,21,053,"Kentucky","Clinton County",4,12,114,55,59
050,21,053,"Kentucky","Clinton County",4,13,115,55,60
050,21,053,"Kentucky","Clinton County",4,14,130,69,61
050,21,053,"Kentucky","Clinton County",4,15,120,74,46
050,21,053,"Kentucky","Clinton County",4,16,130,85,45
050,21,053,"Kentucky","Clinton County",4,17,128,79,49
050,21,053,"Kentucky","Clinton County",4,18,92,51,41
050,21,053,"Kentucky","Clinton County",4,19,74,37,37
050,21,053,"Kentucky","Clinton County",4,20,81,43,38
050,21,053,"Kentucky","Clinton County",4,21,87,42,45
050,21,053,"Kentucky","Clinton County",4,22,94,44,50
050,21,053,"Kentucky","Clinton County",4,23,114,54,60
050,21,053,"Kentucky","Clinton County",4,24,119,57,62
050,21,053,"Kentucky","Clinton County",4,25,103,48,55
050,21,053,"Kentucky","Clinton County",4,26,99,49,50
050,21,053,"Kentucky","Clinton County",4,27,95,54,41
050,21,053,"Kentucky","Clinton County",4,28,108,54,54
050,21,053,"Kentucky","Clinton County",4,29,100,47,53
050,21,053,"Kentucky","Clinton County",4,30,102,45,57
050,21,053,"Kentucky","Clinton County",4,31,103,47,56
050,21,053,"Kentucky","Clinton County",4,32,118,61,57
050,21,053,"Kentucky","Clinton County",4,33,115,56,59
050,21,053,"Kentucky","Clinton County",4,34,106,55,51
050,21,053,"Kentucky","Clinton County",4,35,98,53,45
050,21,053,"Kentucky","Clinton County",4,36,97,52,45
050,21,053,"Kentucky","Clinton County",4,37,107,51,56
050,21,053,"Kentucky","Clinton County",4,38,101,43,58
050,21,053,"Kentucky","Clinton County",4,39,98,41,57
050,21,053,"Kentucky","Clinton County",4,40,107,51,56
050,21,053,"Kentucky","Clinton County",4,41,111,54,57
050,21,053,"Kentucky","Clinton County",4,42,109,54,55
050,21,053,"Kentucky","Clinton County",4,43,103,51,52
050,21,053,"Kentucky","Clinton County",4,44,101,56,45
050,21,053,"Kentucky","Clinton County",4,45,108,54,54
050,21,053,"Kentucky","Clinton County",4,46,109,50,59
050,21,053,"Kentucky","Clinton County",4,47,114,56,58
050,21,053,"Kentucky","Clinton County",4,48,100,50,50
050,21,053,"Kentucky","Clinton County",4,49,109,59,50
050,21,053,"Kentucky","Clinton County",4,50,104,55,49
050,21,053,"Kentucky","Clinton County",4,51,137,73,64
050,21,053,"Kentucky","Clinton County",4,52,128,61,67
050,21,053,"Kentucky","Clinton County",4,53,123,52,71
050,21,053,"Kentucky","Clinton County",4,54,132,60,72
050,21,053,"Kentucky","Clinton County",4,55,134,62,72
050,21,053,"Kentucky","Clinton County",4,56,130,65,65
050,21,053,"Kentucky","Clinton County",4,57,133,70,63
050,21,053,"Kentucky","Clinton County",4,58,135,75,60
050,21,053,"Kentucky","Clinton County",4,59,137,67,70
050,21,053,"Kentucky","Clinton County",4,60,137,67,70
050,21,053,"Kentucky","Clinton County",4,61,135,73,62
050,21,053,"Kentucky","Clinton County",4,62,146,75,71
050,21,053,"Kentucky","Clinton County",4,63,137,62,75
050,21,053,"Kentucky","Clinton County",4,64,138,65,73
050,21,053,"Kentucky","Clinton County",4,65,128,56,72
050,21,053,"Kentucky","Clinton County",4,66,131,63,68
050,21,053,"Kentucky","Clinton County",4,67,127,67,60
050,21,053,"Kentucky","Clinton County",4,68,108,56,52
050,21,053,"Kentucky","Clinton County",4,69,112,57,55
050,21,053,"Kentucky","Clinton County",4,70,97,48,49
050,21,053,"Kentucky","Clinton County",4,71,101,51,50
050,21,053,"Kentucky","Clinton County",4,72,101,53,48
050,21,053,"Kentucky","Clinton County",4,73,107,50,57
050,21,053,"Kentucky","Clinton County",4,74,97,46,51
050,21,053,"Kentucky","Clinton County",4,75,114,52,62
050,21,053,"Kentucky","Clinton County",4,76,70,36,34
050,21,053,"Kentucky","Clinton County",4,77,64,33,31
050,21,053,"Kentucky","Clinton County",4,78,65,32,33
050,21,053,"Kentucky","Clinton County",4,79,75,34,41
050,21,053,"Kentucky","Clinton County",4,80,58,25,33
050,21,053,"Kentucky","Clinton County",4,81,42,18,24
050,21,053,"Kentucky","Clinton County",4,82,45,21,24
050,21,053,"Kentucky","Clinton County",4,83,35,13,22
050,21,053,"Kentucky","Clinton County",4,84,32,14,18
050,21,053,"Kentucky","Clinton County",4,85,173,62,111
050,21,053,"Kentucky","Clinton County",5,0,105,62,43
050,21,053,"Kentucky","Clinton County",5,1,124,73,51
050,21,053,"Kentucky","Clinton County",5,2,99,48,51
050,21,053,"Kentucky","Clinton County",5,3,107,60,47
050,21,053,"Kentucky","Clinton County",5,4,99,53,46
050,21,053,"Kentucky","Clinton County",5,5,81,40,41
050,21,053,"Kentucky","Clinton County",5,6,101,47,54
050,21,053,"Kentucky","Clinton County",5,7,113,56,57
050,21,053,"Kentucky","Clinton County",5,8,108,48,60
050,21,053,"Kentucky","Clinton County",5,9,98,42,56
050,21,053,"Kentucky","Clinton County",5,10,99,47,52
050,21,053,"Kentucky","Clinton County",5,11,111,53,58
050,21,053,"Kentucky","Clinton County",5,12,104,48,56
050,21,053,"Kentucky","Clinton County",5,13,112,56,56
050,21,053,"Kentucky","Clinton County",5,14,118,58,60
050,21,053,"Kentucky","Clinton County",5,15,132,72,60
050,21,053,"Kentucky","Clinton County",5,16,135,85,50
050,21,053,"Kentucky","Clinton County",5,17,124,79,45
050,21,053,"Kentucky","Clinton County",5,18,91,53,38
050,21,053,"Kentucky","Clinton County",5,19,68,38,30
050,21,053,"Kentucky","Clinton County",5,20,85,44,41
050,21,053,"Kentucky","Clinton County",5,21,89,46,43
050,21,053,"Kentucky","Clinton County",5,22,94,48,46
050,21,053,"Kentucky","Clinton County",5,23,103,48,55
050,21,053,"Kentucky","Clinton County",5,24,117,55,62
050,21,053,"Kentucky","Clinton County",5,25,125,60,65
050,21,053,"Kentucky","Clinton County",5,26,105,50,55
050,21,053,"Kentucky","Clinton County",5,27,101,51,50
050,21,053,"Kentucky","Clinton County",5,28,96,58,38
050,21,053,"Kentucky","Clinton County",5,29,108,52,56
050,21,053,"Kentucky","Clinton County",5,30,103,48,55
050,21,053,"Kentucky","Clinton County",5,31,103,43,60
050,21,053,"Kentucky","Clinton County",5,32,107,52,55
050,21,053,"Kentucky","Clinton County",5,33,115,59,56
050,21,053,"Kentucky","Clinton County",5,34,116,53,63
050,21,053,"Kentucky","Clinton County",5,35,108,58,50
050,21,053,"Kentucky","Clinton County",5,36,98,53,45
050,21,053,"Kentucky","Clinton County",5,37,95,50,45
050,21,053,"Kentucky","Clinton County",5,38,113,52,61
050,21,053,"Kentucky","Clinton County",5,39,106,45,61
050,21,053,"Kentucky","Clinton County",5,40,101,44,57
050,21,053,"Kentucky","Clinton County",5,41,108,53,55
050,21,053,"Kentucky","Clinton County",5,42,119,59,60
050,21,053,"Kentucky","Clinton County",5,43,111,54,57
050,21,053,"Kentucky","Clinton County",5,44,100,50,50
050,21,053,"Kentucky","Clinton County",5,45,101,58,43
050,21,053,"Kentucky","Clinton County",5,46,110,56,54
050,21,053,"Kentucky","Clinton County",5,47,107,47,60
050,21,053,"Kentucky","Clinton County",5,48,111,58,53
050,21,053,"Kentucky","Clinton County",5,49,100,49,51
050,21,053,"Kentucky","Clinton County",5,50,106,58,48
050,21,053,"Kentucky","Clinton County",5,51,98,52,46
050,21,053,"Kentucky","Clinton County",5,52,134,72,62
050,21,053,"Kentucky","Clinton County",5,53,127,62,65
050,21,053,"Kentucky","Clinton County",5,54,121,50,71
050,21,053,"Kentucky","Clinton County",5,55,135,63,72
050,21,053,"Kentucky","Clinton County",5,56,133,61,72
050,21,053,"Kentucky","Clinton County",5,57,137,66,71
050,21,053,"Kentucky","Clinton County",5,58,132,71,61
050,21,053,"Kentucky","Clinton County",5,59,137,77,60
050,21,053,"Kentucky","Clinton County",5,60,135,65,70
050,21,053,"Kentucky","Clinton County",5,61,133,64,69
050,21,053,"Kentucky","Clinton County",5,62,134,74,60
050,21,053,"Kentucky","Clinton County",5,63,144,73,71
050,21,053,"Kentucky","Clinton County",5,64,132,58,74
050,21,053,"Kentucky","Clinton County",5,65,138,69,69
050,21,053,"Kentucky","Clinton County",5,66,130,58,72
050,21,053,"Kentucky","Clinton County",5,67,125,63,62
050,21,053,"Kentucky","Clinton County",5,68,124,64,60
050,21,053,"Kentucky","Clinton County",5,69,105,53,52
050,21,053,"Kentucky","Clinton County",5,70,109,55,54
050,21,053,"Kentucky","Clinton County",5,71,98,47,51
050,21,053,"Kentucky","Clinton County",5,72,96,48,48
050,21,053,"Kentucky","Clinton County",5,73,99,51,48
050,21,053,"Kentucky","Clinton County",5,74,102,48,54
050,21,053,"Kentucky","Clinton County",5,75,98,46,52
050,21,053,"Kentucky","Clinton County",5,76,105,47,58
050,21,053,"Kentucky","Clinton County",5,77,72,36,36
050,21,053,"Kentucky","Clinton County",5,78,55,32,23
050,21,053,"Kentucky","Clinton County",5,79,66,32,34
050,21,053,"Kentucky","Clinton County",5,80,68,35,33
050,21,053,"Kentucky","Clinton County",5,81,52,24,28
050,21,053,"Kentucky","Clinton County",5,82,39,15,24
050,21,053,"Kentucky","Clinton County",5,83,36,20,16
050,21,053,"Kentucky","Clinton County",5,84,32,11,21
050,21,053,"Kentucky","Clinton County",5,85,177,63,114
050,21,055,"Kentucky","Crittenden County",1,0,91,47,44
050,21,055,"Kentucky","Crittenden County",1,1,100,44,56
050,21,055,"Kentucky","Crittenden County",1,2,101,48,53
050,21,055,"Kentucky","Crittenden County",1,3,86,41,45
050,21,055,"Kentucky","Crittenden County",1,4,100,44,56
050,21,055,"Kentucky","Crittenden County",1,5,113,61,52
050,21,055,"Kentucky","Crittenden County",1,6,116,62,54
050,21,055,"Kentucky","Crittenden County",1,7,109,62,47
050,21,055,"Kentucky","Crittenden County",1,8,107,58,49
050,21,055,"Kentucky","Crittenden County",1,9,96,55,41
050,21,055,"Kentucky","Crittenden County",1,10,122,70,52
050,21,055,"Kentucky","Crittenden County",1,11,131,66,65
050,21,055,"Kentucky","Crittenden County",1,12,134,67,67
050,21,055,"Kentucky","Crittenden County",1,13,135,71,64
050,21,055,"Kentucky","Crittenden County",1,14,145,74,71
050,21,055,"Kentucky","Crittenden County",1,15,111,63,48
050,21,055,"Kentucky","Crittenden County",1,16,128,68,60
050,21,055,"Kentucky","Crittenden County",1,17,117,64,53
050,21,055,"Kentucky","Crittenden County",1,18,95,52,43
050,21,055,"Kentucky","Crittenden County",1,19,83,48,35
050,21,055,"Kentucky","Crittenden County",1,20,79,48,31
050,21,055,"Kentucky","Crittenden County",1,21,100,54,46
050,21,055,"Kentucky","Crittenden County",1,22,92,44,48
050,21,055,"Kentucky","Crittenden County",1,23,92,46,46
050,21,055,"Kentucky","Crittenden County",1,24,98,49,49
050,21,055,"Kentucky","Crittenden County",1,25,102,57,45
050,21,055,"Kentucky","Crittenden County",1,26,92,47,45
050,21,055,"Kentucky","Crittenden County",1,27,93,53,40
050,21,055,"Kentucky","Crittenden County",1,28,95,51,44
050,21,055,"Kentucky","Crittenden County",1,29,107,58,49
050,21,055,"Kentucky","Crittenden County",1,30,105,53,52
050,21,055,"Kentucky","Crittenden County",1,31,106,66,40
050,21,055,"Kentucky","Crittenden County",1,32,100,59,41
050,21,055,"Kentucky","Crittenden County",1,33,95,52,43
050,21,055,"Kentucky","Crittenden County",1,34,83,42,41
050,21,055,"Kentucky","Crittenden County",1,35,77,36,41
050,21,055,"Kentucky","Crittenden County",1,36,97,50,47
050,21,055,"Kentucky","Crittenden County",1,37,115,59,56
050,21,055,"Kentucky","Crittenden County",1,38,135,69,66
050,21,055,"Kentucky","Crittenden County",1,39,111,56,55
050,21,055,"Kentucky","Crittenden County",1,40,94,44,50
050,21,055,"Kentucky","Crittenden County",1,41,107,55,52
050,21,055,"Kentucky","Crittenden County",1,42,115,62,53
050,21,055,"Kentucky","Crittenden County",1,43,103,59,44
050,21,055,"Kentucky","Crittenden County",1,44,102,55,47
050,21,055,"Kentucky","Crittenden County",1,45,111,55,56
050,21,055,"Kentucky","Crittenden County",1,46,97,56,41
050,21,055,"Kentucky","Crittenden County",1,47,102,52,50
050,21,055,"Kentucky","Crittenden County",1,48,106,52,54
050,21,055,"Kentucky","Crittenden County",1,49,118,56,62
050,21,055,"Kentucky","Crittenden County",1,50,116,60,56
050,21,055,"Kentucky","Crittenden County",1,51,107,53,54
050,21,055,"Kentucky","Crittenden County",1,52,128,71,57
050,21,055,"Kentucky","Crittenden County",1,53,119,64,55
050,21,055,"Kentucky","Crittenden County",1,54,121,59,62
050,21,055,"Kentucky","Crittenden County",1,55,114,58,56
050,21,055,"Kentucky","Crittenden County",1,56,127,65,62
050,21,055,"Kentucky","Crittenden County",1,57,143,66,77
050,21,055,"Kentucky","Crittenden County",1,58,140,60,80
050,21,055,"Kentucky","Crittenden County",1,59,138,63,75
050,21,055,"Kentucky","Crittenden County",1,60,121,57,64
050,21,055,"Kentucky","Crittenden County",1,61,117,60,57
050,21,055,"Kentucky","Crittenden County",1,62,131,67,64
050,21,055,"Kentucky","Crittenden County",1,63,127,64,63
050,21,055,"Kentucky","Crittenden County",1,64,132,75,57
050,21,055,"Kentucky","Crittenden County",1,65,131,64,67
050,21,055,"Kentucky","Crittenden County",1,66,127,66,61
050,21,055,"Kentucky","Crittenden County",1,67,115,60,55
050,21,055,"Kentucky","Crittenden County",1,68,113,56,57
050,21,055,"Kentucky","Crittenden County",1,69,111,55,56
050,21,055,"Kentucky","Crittenden County",1,70,110,49,61
050,21,055,"Kentucky","Crittenden County",1,71,108,50,58
050,21,055,"Kentucky","Crittenden County",1,72,96,50,46
050,21,055,"Kentucky","Crittenden County",1,73,112,55,57
050,21,055,"Kentucky","Crittenden County",1,74,70,35,35
050,21,055,"Kentucky","Crittenden County",1,75,75,34,41
050,21,055,"Kentucky","Crittenden County",1,76,86,43,43
050,21,055,"Kentucky","Crittenden County",1,77,79,35,44
050,21,055,"Kentucky","Crittenden County",1,78,70,28,42
050,21,055,"Kentucky","Crittenden County",1,79,68,28,40
050,21,055,"Kentucky","Crittenden County",1,80,68,32,36
050,21,055,"Kentucky","Crittenden County",1,81,50,24,26
050,21,055,"Kentucky","Crittenden County",1,82,47,25,22
050,21,055,"Kentucky","Crittenden County",1,83,32,16,16
050,21,055,"Kentucky","Crittenden County",1,84,21,8,13
050,21,055,"Kentucky","Crittenden County",1,85,169,64,105
050,21,055,"Kentucky","Crittenden County",2,0,99,48,51
050,21,055,"Kentucky","Crittenden County",2,1,98,45,53
050,21,055,"Kentucky","Crittenden County",2,2,99,47,52
050,21,055,"Kentucky","Crittenden County",2,3,90,43,47
050,21,055,"Kentucky","Crittenden County",2,4,98,44,54
050,21,055,"Kentucky","Crittenden County",2,5,111,57,54
050,21,055,"Kentucky","Crittenden County",2,6,118,63,55
050,21,055,"Kentucky","Crittenden County",2,7,113,63,50
050,21,055,"Kentucky","Crittenden County",2,8,108,59,49
050,21,055,"Kentucky","Crittenden County",2,9,100,57,43
050,21,055,"Kentucky","Crittenden County",2,10,119,68,51
050,21,055,"Kentucky","Crittenden County",2,11,130,67,63
050,21,055,"Kentucky","Crittenden County",2,12,134,66,68
050,21,055,"Kentucky","Crittenden County",2,13,136,71,65
050,21,055,"Kentucky","Crittenden County",2,14,143,75,68
050,21,055,"Kentucky","Crittenden County",2,15,119,66,53
050,21,055,"Kentucky","Crittenden County",2,16,121,65,56
050,21,055,"Kentucky","Crittenden County",2,17,120,65,55
050,21,055,"Kentucky","Crittenden County",2,18,96,53,43
050,21,055,"Kentucky","Crittenden County",2,19,80,46,34
050,21,055,"Kentucky","Crittenden County",2,20,83,50,33
050,21,055,"Kentucky","Crittenden County",2,21,96,54,42
050,21,055,"Kentucky","Crittenden County",2,22,93,46,47
050,21,055,"Kentucky","Crittenden County",2,23,93,46,47
050,21,055,"Kentucky","Crittenden County",2,24,100,51,49
050,21,055,"Kentucky","Crittenden County",2,25,102,56,46
050,21,055,"Kentucky","Crittenden County",2,26,94,49,45
050,21,055,"Kentucky","Crittenden County",2,27,92,52,40
050,21,055,"Kentucky","Crittenden County",2,28,95,52,43
050,21,055,"Kentucky","Crittenden County",2,29,109,60,49
050,21,055,"Kentucky","Crittenden County",2,30,104,53,51
050,21,055,"Kentucky","Crittenden County",2,31,107,65,42
050,21,055,"Kentucky","Crittenden County",2,32,99,59,40
050,21,055,"Kentucky","Crittenden County",2,33,96,54,42
050,21,055,"Kentucky","Crittenden County",2,34,86,44,42
050,21,055,"Kentucky","Crittenden County",2,35,81,39,42
050,21,055,"Kentucky","Crittenden County",2,36,92,47,45
050,21,055,"Kentucky","Crittenden County",2,37,111,57,54
050,21,055,"Kentucky","Crittenden County",2,38,130,67,63
050,21,055,"Kentucky","Crittenden County",2,39,115,58,57
050,21,055,"Kentucky","Crittenden County",2,40,99,47,52
050,21,055,"Kentucky","Crittenden County",2,41,101,50,51
050,21,055,"Kentucky","Crittenden County",2,42,114,61,53
050,21,055,"Kentucky","Crittenden County",2,43,108,60,48
050,21,055,"Kentucky","Crittenden County",2,44,102,55,47
050,21,055,"Kentucky","Crittenden County",2,45,109,55,54
050,21,055,"Kentucky","Crittenden County",2,46,101,56,45
050,21,055,"Kentucky","Crittenden County",2,47,101,53,48
050,21,055,"Kentucky","Crittenden County",2,48,103,51,52
050,21,055,"Kentucky","Crittenden County",2,49,115,55,60
050,21,055,"Kentucky","Crittenden County",2,50,115,58,57
050,21,055,"Kentucky","Crittenden County",2,51,109,55,54
050,21,055,"Kentucky","Crittenden County",2,52,123,67,56
050,21,055,"Kentucky","Crittenden County",2,53,121,67,54
050,21,055,"Kentucky","Crittenden County",2,54,121,59,62
050,21,055,"Kentucky","Crittenden County",2,55,116,59,57
050,21,055,"Kentucky","Crittenden County",2,56,126,64,62
050,21,055,"Kentucky","Crittenden County",2,57,141,67,74
050,21,055,"Kentucky","Crittenden County",2,58,138,60,78
050,21,055,"Kentucky","Crittenden County",2,59,137,62,75
050,21,055,"Kentucky","Crittenden County",2,60,124,58,66
050,21,055,"Kentucky","Crittenden County",2,61,117,59,58
050,21,055,"Kentucky","Crittenden County",2,62,127,65,62
050,21,055,"Kentucky","Crittenden County",2,63,129,65,64
050,21,055,"Kentucky","Crittenden County",2,64,129,71,58
050,21,055,"Kentucky","Crittenden County",2,65,133,68,65
050,21,055,"Kentucky","Crittenden County",2,66,126,64,62
050,21,055,"Kentucky","Crittenden County",2,67,117,60,57
050,21,055,"Kentucky","Crittenden County",2,68,114,57,57
050,21,055,"Kentucky","Crittenden County",2,69,111,55,56
050,21,055,"Kentucky","Crittenden County",2,70,109,49,60
050,21,055,"Kentucky","Crittenden County",2,71,108,50,58
050,21,055,"Kentucky","Crittenden County",2,72,95,48,47
050,21,055,"Kentucky","Crittenden County",2,73,114,56,58
050,21,055,"Kentucky","Crittenden County",2,74,76,37,39
050,21,055,"Kentucky","Crittenden County",2,75,74,35,39
050,21,055,"Kentucky","Crittenden County",2,76,82,39,43
050,21,055,"Kentucky","Crittenden County",2,77,80,37,43
050,21,055,"Kentucky","Crittenden County",2,78,70,28,42
050,21,055,"Kentucky","Crittenden County",2,79,67,28,39
050,21,055,"Kentucky","Crittenden County",2,80,66,30,36
050,21,055,"Kentucky","Crittenden County",2,81,53,25,28
050,21,055,"Kentucky","Crittenden County",2,82,48,25,23
050,21,055,"Kentucky","Crittenden County",2,83,35,18,17
050,21,055,"Kentucky","Crittenden County",2,84,23,10,13
050,21,055,"Kentucky","Crittenden County",2,85,166,59,107
050,21,055,"Kentucky","Crittenden County",3,0,88,42,46
050,21,055,"Kentucky","Crittenden County",3,1,98,48,50
050,21,055,"Kentucky","Crittenden County",3,2,98,46,52
050,21,055,"Kentucky","Crittenden County",3,3,102,49,53
050,21,055,"Kentucky","Crittenden County",3,4,101,52,49
050,21,055,"Kentucky","Crittenden County",3,5,96,44,52
050,21,055,"Kentucky","Crittenden County",3,6,106,57,49
050,21,055,"Kentucky","Crittenden County",3,7,128,67,61
050,21,055,"Kentucky","Crittenden County",3,8,109,65,44
050,21,055,"Kentucky","Crittenden County",3,9,111,63,48
050,21,055,"Kentucky","Crittenden County",3,10,96,55,41
050,21,055,"Kentucky","Crittenden County",3,11,120,68,52
050,21,055,"Kentucky","Crittenden County",3,12,119,58,61
050,21,055,"Kentucky","Crittenden County",3,13,130,65,65
050,21,055,"Kentucky","Crittenden County",3,14,128,65,63
050,21,055,"Kentucky","Crittenden County",3,15,139,69,70
050,21,055,"Kentucky","Crittenden County",3,16,118,59,59
050,21,055,"Kentucky","Crittenden County",3,17,123,71,52
050,21,055,"Kentucky","Crittenden County",3,18,100,55,45
050,21,055,"Kentucky","Crittenden County",3,19,67,38,29
050,21,055,"Kentucky","Crittenden County",3,20,84,50,34
050,21,055,"Kentucky","Crittenden County",3,21,95,57,38
050,21,055,"Kentucky","Crittenden County",3,22,97,48,49
050,21,055,"Kentucky","Crittenden County",3,23,96,47,49
050,21,055,"Kentucky","Crittenden County",3,24,97,50,47
050,21,055,"Kentucky","Crittenden County",3,25,98,53,45
050,21,055,"Kentucky","Crittenden County",3,26,90,48,42
050,21,055,"Kentucky","Crittenden County",3,27,98,49,49
050,21,055,"Kentucky","Crittenden County",3,28,87,46,41
050,21,055,"Kentucky","Crittenden County",3,29,116,64,52
050,21,055,"Kentucky","Crittenden County",3,30,97,52,45
050,21,055,"Kentucky","Crittenden County",3,31,111,59,52
050,21,055,"Kentucky","Crittenden County",3,32,105,66,39
050,21,055,"Kentucky","Crittenden County",3,33,92,53,39
050,21,055,"Kentucky","Crittenden County",3,34,93,51,42
050,21,055,"Kentucky","Crittenden County",3,35,90,49,41
050,21,055,"Kentucky","Crittenden County",3,36,86,45,41
050,21,055,"Kentucky","Crittenden County",3,37,84,40,44
050,21,055,"Kentucky","Crittenden County",3,38,117,62,55
050,21,055,"Kentucky","Crittenden County",3,39,126,58,68
050,21,055,"Kentucky","Crittenden County",3,40,118,61,57
050,21,055,"Kentucky","Crittenden County",3,41,94,41,53
050,21,055,"Kentucky","Crittenden County",3,42,109,55,54
050,21,055,"Kentucky","Crittenden County",3,43,114,61,53
050,21,055,"Kentucky","Crittenden County",3,44,107,59,48
050,21,055,"Kentucky","Crittenden County",3,45,106,58,48
050,21,055,"Kentucky","Crittenden County",3,46,104,53,51
050,21,055,"Kentucky","Crittenden County",3,47,100,55,45
050,21,055,"Kentucky","Crittenden County",3,48,98,50,48
050,21,055,"Kentucky","Crittenden County",3,49,114,57,57
050,21,055,"Kentucky","Crittenden County",3,50,116,57,59
050,21,055,"Kentucky","Crittenden County",3,51,117,58,59
050,21,055,"Kentucky","Crittenden County",3,52,106,52,54
050,21,055,"Kentucky","Crittenden County",3,53,120,68,52
050,21,055,"Kentucky","Crittenden County",3,54,116,64,52
050,21,055,"Kentucky","Crittenden County",3,55,121,61,60
050,21,055,"Kentucky","Crittenden County",3,56,117,60,57
050,21,055,"Kentucky","Crittenden County",3,57,121,61,60
050,21,055,"Kentucky","Crittenden County",3,58,134,64,70
050,21,055,"Kentucky","Crittenden County",3,59,139,62,77
050,21,055,"Kentucky","Crittenden County",3,60,138,62,76
050,21,055,"Kentucky","Crittenden County",3,61,126,58,68
050,21,055,"Kentucky","Crittenden County",3,62,118,63,55
050,21,055,"Kentucky","Crittenden County",3,63,124,64,60
050,21,055,"Kentucky","Crittenden County",3,64,124,63,61
050,21,055,"Kentucky","Crittenden County",3,65,128,70,58
050,21,055,"Kentucky","Crittenden County",3,66,131,69,62
050,21,055,"Kentucky","Crittenden County",3,67,123,60,63
050,21,055,"Kentucky","Crittenden County",3,68,114,56,58
050,21,055,"Kentucky","Crittenden County",3,69,113,58,55
050,21,055,"Kentucky","Crittenden County",3,70,110,53,57
050,21,055,"Kentucky","Crittenden County",3,71,105,48,57
050,21,055,"Kentucky","Crittenden County",3,72,104,47,57
050,21,055,"Kentucky","Crittenden County",3,73,99,50,49
050,21,055,"Kentucky","Crittenden County",3,74,105,54,51
050,21,055,"Kentucky","Crittenden County",3,75,71,33,38
050,21,055,"Kentucky","Crittenden County",3,76,70,33,37
050,21,055,"Kentucky","Crittenden County",3,77,78,38,40
050,21,055,"Kentucky","Crittenden County",3,78,71,31,40
050,21,055,"Kentucky","Crittenden County",3,79,68,26,42
050,21,055,"Kentucky","Crittenden County",3,80,65,26,39
050,21,055,"Kentucky","Crittenden County",3,81,59,26,33
050,21,055,"Kentucky","Crittenden County",3,82,53,25,28
050,21,055,"Kentucky","Crittenden County",3,83,44,24,20
050,21,055,"Kentucky","Crittenden County",3,84,34,18,16
050,21,055,"Kentucky","Crittenden County",3,85,162,58,104
050,21,055,"Kentucky","Crittenden County",4,0,98,46,52
050,21,055,"Kentucky","Crittenden County",4,1,93,43,50
050,21,055,"Kentucky","Crittenden County",4,2,94,42,52
050,21,055,"Kentucky","Crittenden County",4,3,102,48,54
050,21,055,"Kentucky","Crittenden County",4,4,105,52,53
050,21,055,"Kentucky","Crittenden County",4,5,100,52,48
050,21,055,"Kentucky","Crittenden County",4,6,95,41,54
050,21,055,"Kentucky","Crittenden County",4,7,104,55,49
050,21,055,"Kentucky","Crittenden County",4,8,132,73,59
050,21,055,"Kentucky","Crittenden County",4,9,115,63,52
050,21,055,"Kentucky","Crittenden County",4,10,113,64,49
050,21,055,"Kentucky","Crittenden County",4,11,101,57,44
050,21,055,"Kentucky","Crittenden County",4,12,115,64,51
050,21,055,"Kentucky","Crittenden County",4,13,126,64,62
050,21,055,"Kentucky","Crittenden County",4,14,130,66,64
050,21,055,"Kentucky","Crittenden County",4,15,128,68,60
050,21,055,"Kentucky","Crittenden County",4,16,146,73,73
050,21,055,"Kentucky","Crittenden County",4,17,125,62,63
050,21,055,"Kentucky","Crittenden County",4,18,102,60,42
050,21,055,"Kentucky","Crittenden County",4,19,78,44,34
050,21,055,"Kentucky","Crittenden County",4,20,78,42,36
050,21,055,"Kentucky","Crittenden County",4,21,90,54,36
050,21,055,"Kentucky","Crittenden County",4,22,97,52,45
050,21,055,"Kentucky","Crittenden County",4,23,92,47,45
050,21,055,"Kentucky","Crittenden County",4,24,107,58,49
050,21,055,"Kentucky","Crittenden County",4,25,98,48,50
050,21,055,"Kentucky","Crittenden County",4,26,91,47,44
050,21,055,"Kentucky","Crittenden County",4,27,91,49,42
050,21,055,"Kentucky","Crittenden County",4,28,93,44,49
050,21,055,"Kentucky","Crittenden County",4,29,94,54,40
050,21,055,"Kentucky","Crittenden County",4,30,111,54,57
050,21,055,"Kentucky","Crittenden County",4,31,101,55,46
050,21,055,"Kentucky","Crittenden County",4,32,107,58,49
050,21,055,"Kentucky","Crittenden County",4,33,111,69,42
050,21,055,"Kentucky","Crittenden County",4,34,89,50,39
050,21,055,"Kentucky","Crittenden County",4,35,96,49,47
050,21,055,"Kentucky","Crittenden County",4,36,93,50,43
050,21,055,"Kentucky","Crittenden County",4,37,84,44,40
050,21,055,"Kentucky","Crittenden County",4,38,91,49,42
050,21,055,"Kentucky","Crittenden County",4,39,105,56,49
050,21,055,"Kentucky","Crittenden County",4,40,128,61,67
050,21,055,"Kentucky","Crittenden County",4,41,126,62,64
050,21,055,"Kentucky","Crittenden County",4,42,101,46,55
050,21,055,"Kentucky","Crittenden County",4,43,108,55,53
050,21,055,"Kentucky","Crittenden County",4,44,115,62,53
050,21,055,"Kentucky","Crittenden County",4,45,111,64,47
050,21,055,"Kentucky","Crittenden County",4,46,104,53,51
050,21,055,"Kentucky","Crittenden County",4,47,106,54,52
050,21,055,"Kentucky","Crittenden County",4,48,99,50,49
050,21,055,"Kentucky","Crittenden County",4,49,96,50,46
050,21,055,"Kentucky","Crittenden County",4,50,118,59,59
050,21,055,"Kentucky","Crittenden County",4,51,119,61,58
050,21,055,"Kentucky","Crittenden County",4,52,121,59,62
050,21,055,"Kentucky","Crittenden County",4,53,113,57,56
050,21,055,"Kentucky","Crittenden County",4,54,112,63,49
050,21,055,"Kentucky","Crittenden County",4,55,115,61,54
050,21,055,"Kentucky","Crittenden County",4,56,115,59,56
050,21,055,"Kentucky","Crittenden County",4,57,117,62,55
050,21,055,"Kentucky","Crittenden County",4,58,117,59,58
050,21,055,"Kentucky","Crittenden County",4,59,136,63,73
050,21,055,"Kentucky","Crittenden County",4,60,140,63,77
050,21,055,"Kentucky","Crittenden County",4,61,147,64,83
050,21,055,"Kentucky","Crittenden County",4,62,123,58,65
050,21,055,"Kentucky","Crittenden County",4,63,111,58,53
050,21,055,"Kentucky","Crittenden County",4,64,120,65,55
050,21,055,"Kentucky","Crittenden County",4,65,119,62,57
050,21,055,"Kentucky","Crittenden County",4,66,131,75,56
050,21,055,"Kentucky","Crittenden County",4,67,122,64,58
050,21,055,"Kentucky","Crittenden County",4,68,126,60,66
050,21,055,"Kentucky","Crittenden County",4,69,109,55,54
050,21,055,"Kentucky","Crittenden County",4,70,114,56,58
050,21,055,"Kentucky","Crittenden County",4,71,106,52,54
050,21,055,"Kentucky","Crittenden County",4,72,105,49,56
050,21,055,"Kentucky","Crittenden County",4,73,103,45,58
050,21,055,"Kentucky","Crittenden County",4,74,98,52,46
050,21,055,"Kentucky","Crittenden County",4,75,97,48,49
050,21,055,"Kentucky","Crittenden County",4,76,70,32,38
050,21,055,"Kentucky","Crittenden County",4,77,67,32,35
050,21,055,"Kentucky","Crittenden County",4,78,69,33,36
050,21,055,"Kentucky","Crittenden County",4,79,71,31,40
050,21,055,"Kentucky","Crittenden County",4,80,67,27,40
050,21,055,"Kentucky","Crittenden County",4,81,60,25,35
050,21,055,"Kentucky","Crittenden County",4,82,55,25,30
050,21,055,"Kentucky","Crittenden County",4,83,42,22,20
050,21,055,"Kentucky","Crittenden County",4,84,43,23,20
050,21,055,"Kentucky","Crittenden County",4,85,178,67,111
050,21,055,"Kentucky","Crittenden County",5,0,101,47,54
050,21,055,"Kentucky","Crittenden County",5,1,90,44,46
050,21,055,"Kentucky","Crittenden County",5,2,91,45,46
050,21,055,"Kentucky","Crittenden County",5,3,95,43,52
050,21,055,"Kentucky","Crittenden County",5,4,110,52,58
050,21,055,"Kentucky","Crittenden County",5,5,101,46,55
050,21,055,"Kentucky","Crittenden County",5,6,108,53,55
050,21,055,"Kentucky","Crittenden County",5,7,95,41,54
050,21,055,"Kentucky","Crittenden County",5,8,108,61,47
050,21,055,"Kentucky","Crittenden County",5,9,135,73,62
050,21,055,"Kentucky","Crittenden County",5,10,116,65,51
050,21,055,"Kentucky","Crittenden County",5,11,114,68,46
050,21,055,"Kentucky","Crittenden County",5,12,97,56,41
050,21,055,"Kentucky","Crittenden County",5,13,116,62,54
050,21,055,"Kentucky","Crittenden County",5,14,122,56,66
050,21,055,"Kentucky","Crittenden County",5,15,130,64,66
050,21,055,"Kentucky","Crittenden County",5,16,127,69,58
050,21,055,"Kentucky","Crittenden County",5,17,141,69,72
050,21,055,"Kentucky","Crittenden County",5,18,100,53,47
050,21,055,"Kentucky","Crittenden County",5,19,82,50,32
050,21,055,"Kentucky","Crittenden County",5,20,83,45,38
050,21,055,"Kentucky","Crittenden County",5,21,81,48,33
050,21,055,"Kentucky","Crittenden County",5,22,95,51,44
050,21,055,"Kentucky","Crittenden County",5,23,106,57,49
050,21,055,"Kentucky","Crittenden County",5,24,111,57,54
050,21,055,"Kentucky","Crittenden County",5,25,111,62,49
050,21,055,"Kentucky","Crittenden County",5,26,91,39,52
050,21,055,"Kentucky","Crittenden County",5,27,92,49,43
050,21,055,"Kentucky","Crittenden County",5,28,91,47,44
050,21,055,"Kentucky","Crittenden County",5,29,104,57,47
050,21,055,"Kentucky","Crittenden County",5,30,86,45,41
050,21,055,"Kentucky","Crittenden County",5,31,116,57,59
050,21,055,"Kentucky","Crittenden County",5,32,104,51,53
050,21,055,"Kentucky","Crittenden County",5,33,106,60,46
050,21,055,"Kentucky","Crittenden County",5,34,108,65,43
050,21,055,"Kentucky","Crittenden County",5,35,87,52,35
050,21,055,"Kentucky","Crittenden County",5,36,97,50,47
050,21,055,"Kentucky","Crittenden County",5,37,87,46,41
050,21,055,"Kentucky","Crittenden County",5,38,99,55,44
050,21,055,"Kentucky","Crittenden County",5,39,87,45,42
050,21,055,"Kentucky","Crittenden County",5,40,109,57,52
050,21,055,"Kentucky","Crittenden County",5,41,121,56,65
050,21,055,"Kentucky","Crittenden County",5,42,126,64,62
050,21,055,"Kentucky","Crittenden County",5,43,103,47,56
050,21,055,"Kentucky","Crittenden County",5,44,104,51,53
050,21,055,"Kentucky","Crittenden County",5,45,115,61,54
050,21,055,"Kentucky","Crittenden County",5,46,111,63,48
050,21,055,"Kentucky","Crittenden County",5,47,107,52,55
050,21,055,"Kentucky","Crittenden County",5,48,100,50,50
050,21,055,"Kentucky","Crittenden County",5,49,99,49,50
050,21,055,"Kentucky","Crittenden County",5,50,93,49,44
050,21,055,"Kentucky","Crittenden County",5,51,121,62,59
050,21,055,"Kentucky","Crittenden County",5,52,116,59,57
050,21,055,"Kentucky","Crittenden County",5,53,123,61,62
050,21,055,"Kentucky","Crittenden County",5,54,108,52,56
050,21,055,"Kentucky","Crittenden County",5,55,113,62,51
050,21,055,"Kentucky","Crittenden County",5,56,111,58,53
050,21,055,"Kentucky","Crittenden County",5,57,118,60,58
050,21,055,"Kentucky","Crittenden County",5,58,114,60,54
050,21,055,"Kentucky","Crittenden County",5,59,120,61,59
050,21,055,"Kentucky","Crittenden County",5,60,138,64,74
050,21,055,"Kentucky","Crittenden County",5,61,141,65,76
050,21,055,"Kentucky","Crittenden County",5,62,148,65,83
050,21,055,"Kentucky","Crittenden County",5,63,119,58,61
050,21,055,"Kentucky","Crittenden County",5,64,106,55,51
050,21,055,"Kentucky","Crittenden County",5,65,117,64,53
050,21,055,"Kentucky","Crittenden County",5,66,116,62,54
050,21,055,"Kentucky","Crittenden County",5,67,128,73,55
050,21,055,"Kentucky","Crittenden County",5,68,119,63,56
050,21,055,"Kentucky","Crittenden County",5,69,126,59,67
050,21,055,"Kentucky","Crittenden County",5,70,108,53,55
050,21,055,"Kentucky","Crittenden County",5,71,108,55,53
050,21,055,"Kentucky","Crittenden County",5,72,104,52,52
050,21,055,"Kentucky","Crittenden County",5,73,100,45,55
050,21,055,"Kentucky","Crittenden County",5,74,99,47,52
050,21,055,"Kentucky","Crittenden County",5,75,87,46,41
050,21,055,"Kentucky","Crittenden County",5,76,93,49,44
050,21,055,"Kentucky","Crittenden County",5,77,68,32,36
050,21,055,"Kentucky","Crittenden County",5,78,57,25,32
050,21,055,"Kentucky","Crittenden County",5,79,69,32,37
050,21,055,"Kentucky","Crittenden County",5,80,68,30,38
050,21,055,"Kentucky","Crittenden County",5,81,65,27,38
050,21,055,"Kentucky","Crittenden County",5,82,60,25,35
050,21,055,"Kentucky","Crittenden County",5,83,47,23,24
050,21,055,"Kentucky","Crittenden County",5,84,38,19,19
050,21,055,"Kentucky","Crittenden County",5,85,192,80,112
050,21,057,"Kentucky","Cumberland County",1,0,66,34,32
050,21,057,"Kentucky","Cumberland County",1,1,60,33,27
050,21,057,"Kentucky","Cumberland County",1,2,57,25,32
050,21,057,"Kentucky","Cumberland County",1,3,79,40,39
050,21,057,"Kentucky","Cumberland County",1,4,77,46,31
050,21,057,"Kentucky","Cumberland County",1,5,73,39,34
050,21,057,"Kentucky","Cumberland County",1,6,77,33,44
050,21,057,"Kentucky","Cumberland County",1,7,72,36,36
050,21,057,"Kentucky","Cumberland County",1,8,66,32,34
050,21,057,"Kentucky","Cumberland County",1,9,62,33,29
050,21,057,"Kentucky","Cumberland County",1,10,75,38,37
050,21,057,"Kentucky","Cumberland County",1,11,76,34,42
050,21,057,"Kentucky","Cumberland County",1,12,75,39,36
050,21,057,"Kentucky","Cumberland County",1,13,75,41,34
050,21,057,"Kentucky","Cumberland County",1,14,66,36,30
050,21,057,"Kentucky","Cumberland County",1,15,58,31,27
050,21,057,"Kentucky","Cumberland County",1,16,73,30,43
050,21,057,"Kentucky","Cumberland County",1,17,63,30,33
050,21,057,"Kentucky","Cumberland County",1,18,57,32,25
050,21,057,"Kentucky","Cumberland County",1,19,51,27,24
050,21,057,"Kentucky","Cumberland County",1,20,51,23,28
050,21,057,"Kentucky","Cumberland County",1,21,54,25,29
050,21,057,"Kentucky","Cumberland County",1,22,52,27,25
050,21,057,"Kentucky","Cumberland County",1,23,55,31,24
050,21,057,"Kentucky","Cumberland County",1,24,58,33,25
050,21,057,"Kentucky","Cumberland County",1,25,54,25,29
050,21,057,"Kentucky","Cumberland County",1,26,59,27,32
050,21,057,"Kentucky","Cumberland County",1,27,70,29,41
050,21,057,"Kentucky","Cumberland County",1,28,67,31,36
050,21,057,"Kentucky","Cumberland County",1,29,68,32,36
050,21,057,"Kentucky","Cumberland County",1,30,79,36,43
050,21,057,"Kentucky","Cumberland County",1,31,73,30,43
050,21,057,"Kentucky","Cumberland County",1,32,58,31,27
050,21,057,"Kentucky","Cumberland County",1,33,49,27,22
050,21,057,"Kentucky","Cumberland County",1,34,60,32,28
050,21,057,"Kentucky","Cumberland County",1,35,66,33,33
050,21,057,"Kentucky","Cumberland County",1,36,73,38,35
050,21,057,"Kentucky","Cumberland County",1,37,71,35,36
050,21,057,"Kentucky","Cumberland County",1,38,53,25,28
050,21,057,"Kentucky","Cumberland County",1,39,50,27,23
050,21,057,"Kentucky","Cumberland County",1,40,56,27,29
050,21,057,"Kentucky","Cumberland County",1,41,62,29,33
050,21,057,"Kentucky","Cumberland County",1,42,60,30,30
050,21,057,"Kentucky","Cumberland County",1,43,64,34,30
050,21,057,"Kentucky","Cumberland County",1,44,55,26,29
050,21,057,"Kentucky","Cumberland County",1,45,61,28,33
050,21,057,"Kentucky","Cumberland County",1,46,62,32,30
050,21,057,"Kentucky","Cumberland County",1,47,60,30,30
050,21,057,"Kentucky","Cumberland County",1,48,72,33,39
050,21,057,"Kentucky","Cumberland County",1,49,84,39,45
050,21,057,"Kentucky","Cumberland County",1,50,78,38,40
050,21,057,"Kentucky","Cumberland County",1,51,64,34,30
050,21,057,"Kentucky","Cumberland County",1,52,66,30,36
050,21,057,"Kentucky","Cumberland County",1,53,80,34,46
050,21,057,"Kentucky","Cumberland County",1,54,88,38,50
050,21,057,"Kentucky","Cumberland County",1,55,87,40,47
050,21,057,"Kentucky","Cumberland County",1,56,90,44,46
050,21,057,"Kentucky","Cumberland County",1,57,95,45,50
050,21,057,"Kentucky","Cumberland County",1,58,95,48,47
050,21,057,"Kentucky","Cumberland County",1,59,98,50,48
050,21,057,"Kentucky","Cumberland County",1,60,109,58,51
050,21,057,"Kentucky","Cumberland County",1,61,106,57,49
050,21,057,"Kentucky","Cumberland County",1,62,93,53,40
050,21,057,"Kentucky","Cumberland County",1,63,103,60,43
050,21,057,"Kentucky","Cumberland County",1,64,87,43,44
050,21,057,"Kentucky","Cumberland County",1,65,85,37,48
050,21,057,"Kentucky","Cumberland County",1,66,88,44,44
050,21,057,"Kentucky","Cumberland County",1,67,88,43,45
050,21,057,"Kentucky","Cumberland County",1,68,79,42,37
050,21,057,"Kentucky","Cumberland County",1,69,81,40,41
050,21,057,"Kentucky","Cumberland County",1,70,75,34,41
050,21,057,"Kentucky","Cumberland County",1,71,69,38,31
050,21,057,"Kentucky","Cumberland County",1,72,80,48,32
050,21,057,"Kentucky","Cumberland County",1,73,87,41,46
050,21,057,"Kentucky","Cumberland County",1,74,50,23,27
050,21,057,"Kentucky","Cumberland County",1,75,51,23,28
050,21,057,"Kentucky","Cumberland County",1,76,55,27,28
050,21,057,"Kentucky","Cumberland County",1,77,60,31,29
050,21,057,"Kentucky","Cumberland County",1,78,47,21,26
050,21,057,"Kentucky","Cumberland County",1,79,48,20,28
050,21,057,"Kentucky","Cumberland County",1,80,41,17,24
050,21,057,"Kentucky","Cumberland County",1,81,40,11,29
050,21,057,"Kentucky","Cumberland County",1,82,25,9,16
050,21,057,"Kentucky","Cumberland County",1,83,31,16,15
050,21,057,"Kentucky","Cumberland County",1,84,25,13,12
050,21,057,"Kentucky","Cumberland County",1,85,126,39,87
050,21,057,"Kentucky","Cumberland County",2,0,65,31,34
050,21,057,"Kentucky","Cumberland County",2,1,60,33,27
050,21,057,"Kentucky","Cumberland County",2,2,59,27,32
050,21,057,"Kentucky","Cumberland County",2,3,72,36,36
050,21,057,"Kentucky","Cumberland County",2,4,76,44,32
050,21,057,"Kentucky","Cumberland County",2,5,74,41,33
050,21,057,"Kentucky","Cumberland County",2,6,76,34,42
050,21,057,"Kentucky","Cumberland County",2,7,74,35,39
050,21,057,"Kentucky","Cumberland County",2,8,65,32,33
050,21,057,"Kentucky","Cumberland County",2,9,63,33,30
050,21,057,"Kentucky","Cumberland County",2,10,71,36,35
050,21,057,"Kentucky","Cumberland County",2,11,74,35,39
050,21,057,"Kentucky","Cumberland County",2,12,75,38,37
050,21,057,"Kentucky","Cumberland County",2,13,74,40,34
050,21,057,"Kentucky","Cumberland County",2,14,69,37,32
050,21,057,"Kentucky","Cumberland County",2,15,60,33,27
050,21,057,"Kentucky","Cumberland County",2,16,68,30,38
050,21,057,"Kentucky","Cumberland County",2,17,65,29,36
050,21,057,"Kentucky","Cumberland County",2,18,57,32,25
050,21,057,"Kentucky","Cumberland County",2,19,50,26,24
050,21,057,"Kentucky","Cumberland County",2,20,53,25,28
050,21,057,"Kentucky","Cumberland County",2,21,53,24,29
050,21,057,"Kentucky","Cumberland County",2,22,52,26,26
050,21,057,"Kentucky","Cumberland County",2,23,54,30,24
050,21,057,"Kentucky","Cumberland County",2,24,57,31,26
050,21,057,"Kentucky","Cumberland County",2,25,55,27,28
050,21,057,"Kentucky","Cumberland County",2,26,59,27,32
050,21,057,"Kentucky","Cumberland County",2,27,69,29,40
050,21,057,"Kentucky","Cumberland County",2,28,69,32,37
050,21,057,"Kentucky","Cumberland County",2,29,66,31,35
050,21,057,"Kentucky","Cumberland County",2,30,79,36,43
050,21,057,"Kentucky","Cumberland County",2,31,74,31,43
050,21,057,"Kentucky","Cumberland County",2,32,60,30,30
050,21,057,"Kentucky","Cumberland County",2,33,51,28,23
050,21,057,"Kentucky","Cumberland County",2,34,58,31,27
050,21,057,"Kentucky","Cumberland County",2,35,65,33,32
050,21,057,"Kentucky","Cumberland County",2,36,70,36,34
050,21,057,"Kentucky","Cumberland County",2,37,72,36,36
050,21,057,"Kentucky","Cumberland County",2,38,56,27,29
050,21,057,"Kentucky","Cumberland County",2,39,52,27,25
050,21,057,"Kentucky","Cumberland County",2,40,53,26,27
050,21,057,"Kentucky","Cumberland County",2,41,60,28,32
050,21,057,"Kentucky","Cumberland County",2,42,60,29,31
050,21,057,"Kentucky","Cumberland County",2,43,63,33,30
050,21,057,"Kentucky","Cumberland County",2,44,56,28,28
050,21,057,"Kentucky","Cumberland County",2,45,59,28,31
050,21,057,"Kentucky","Cumberland County",2,46,60,30,30
050,21,057,"Kentucky","Cumberland County",2,47,61,31,30
050,21,057,"Kentucky","Cumberland County",2,48,68,32,36
050,21,057,"Kentucky","Cumberland County",2,49,81,37,44
050,21,057,"Kentucky","Cumberland County",2,50,80,38,42
050,21,057,"Kentucky","Cumberland County",2,51,66,34,32
050,21,057,"Kentucky","Cumberland County",2,52,64,30,34
050,21,057,"Kentucky","Cumberland County",2,53,78,34,44
050,21,057,"Kentucky","Cumberland County",2,54,83,35,48
050,21,057,"Kentucky","Cumberland County",2,55,88,40,48
050,21,057,"Kentucky","Cumberland County",2,56,89,45,44
050,21,057,"Kentucky","Cumberland County",2,57,91,43,48
050,21,057,"Kentucky","Cumberland County",2,58,95,47,48
050,21,057,"Kentucky","Cumberland County",2,59,97,49,48
050,21,057,"Kentucky","Cumberland County",2,60,106,55,51
050,21,057,"Kentucky","Cumberland County",2,61,107,58,49
050,21,057,"Kentucky","Cumberland County",2,62,97,54,43
050,21,057,"Kentucky","Cumberland County",2,63,100,58,42
050,21,057,"Kentucky","Cumberland County",2,64,90,46,44
050,21,057,"Kentucky","Cumberland County",2,65,85,38,47
050,21,057,"Kentucky","Cumberland County",2,66,89,44,45
050,21,057,"Kentucky","Cumberland County",2,67,87,42,45
050,21,057,"Kentucky","Cumberland County",2,68,79,42,37
050,21,057,"Kentucky","Cumberland County",2,69,80,39,41
050,21,057,"Kentucky","Cumberland County",2,70,78,36,42
050,21,057,"Kentucky","Cumberland County",2,71,70,37,33
050,21,057,"Kentucky","Cumberland County",2,72,77,46,31
050,21,057,"Kentucky","Cumberland County",2,73,90,45,45
050,21,057,"Kentucky","Cumberland County",2,74,54,25,29
050,21,057,"Kentucky","Cumberland County",2,75,49,22,27
050,21,057,"Kentucky","Cumberland County",2,76,53,26,27
050,21,057,"Kentucky","Cumberland County",2,77,60,30,30
050,21,057,"Kentucky","Cumberland County",2,78,48,22,26
050,21,057,"Kentucky","Cumberland County",2,79,47,20,27
050,21,057,"Kentucky","Cumberland County",2,80,38,16,22
050,21,057,"Kentucky","Cumberland County",2,81,39,12,27
050,21,057,"Kentucky","Cumberland County",2,82,28,9,19
050,21,057,"Kentucky","Cumberland County",2,83,30,15,15
050,21,057,"Kentucky","Cumberland County",2,84,26,14,12
050,21,057,"Kentucky","Cumberland County",2,85,126,40,86
050,21,057,"Kentucky","Cumberland County",3,0,77,42,35
050,21,057,"Kentucky","Cumberland County",3,1,63,29,34
050,21,057,"Kentucky","Cumberland County",3,2,68,33,35
050,21,057,"Kentucky","Cumberland County",3,3,57,27,30
050,21,057,"Kentucky","Cumberland County",3,4,81,41,40
050,21,057,"Kentucky","Cumberland County",3,5,80,45,35
050,21,057,"Kentucky","Cumberland County",3,6,76,41,35
050,21,057,"Kentucky","Cumberland County",3,7,70,34,36
050,21,057,"Kentucky","Cumberland County",3,8,73,32,41
050,21,057,"Kentucky","Cumberland County",3,9,68,38,30
050,21,057,"Kentucky","Cumberland County",3,10,69,35,34
050,21,057,"Kentucky","Cumberland County",3,11,75,37,38
050,21,057,"Kentucky","Cumberland County",3,12,69,36,33
050,21,057,"Kentucky","Cumberland County",3,13,75,40,35
050,21,057,"Kentucky","Cumberland County",3,14,75,40,35
050,21,057,"Kentucky","Cumberland County",3,15,75,43,32
050,21,057,"Kentucky","Cumberland County",3,16,60,34,26
050,21,057,"Kentucky","Cumberland County",3,17,69,30,39
050,21,057,"Kentucky","Cumberland County",3,18,59,29,30
050,21,057,"Kentucky","Cumberland County",3,19,47,27,20
050,21,057,"Kentucky","Cumberland County",3,20,53,25,28
050,21,057,"Kentucky","Cumberland County",3,21,53,25,28
050,21,057,"Kentucky","Cumberland County",3,22,56,25,31
050,21,057,"Kentucky","Cumberland County",3,23,49,25,24
050,21,057,"Kentucky","Cumberland County",3,24,60,30,30
050,21,057,"Kentucky","Cumberland County",3,25,62,36,26
050,21,057,"Kentucky","Cumberland County",3,26,52,26,26
050,21,057,"Kentucky","Cumberland County",3,27,64,31,33
050,21,057,"Kentucky","Cumberland County",3,28,66,27,39
050,21,057,"Kentucky","Cumberland County",3,29,63,29,34
050,21,057,"Kentucky","Cumberland County",3,30,74,38,36
050,21,057,"Kentucky","Cumberland County",3,31,80,36,44
050,21,057,"Kentucky","Cumberland County",3,32,74,33,41
050,21,057,"Kentucky","Cumberland County",3,33,59,29,30
050,21,057,"Kentucky","Cumberland County",3,34,55,32,23
050,21,057,"Kentucky","Cumberland County",3,35,60,29,31
050,21,057,"Kentucky","Cumberland County",3,36,72,38,34
050,21,057,"Kentucky","Cumberland County",3,37,72,38,34
050,21,057,"Kentucky","Cumberland County",3,38,73,36,37
050,21,057,"Kentucky","Cumberland County",3,39,62,31,31
050,21,057,"Kentucky","Cumberland County",3,40,51,26,25
050,21,057,"Kentucky","Cumberland County",3,41,55,28,27
050,21,057,"Kentucky","Cumberland County",3,42,61,30,31
050,21,057,"Kentucky","Cumberland County",3,43,65,33,32
050,21,057,"Kentucky","Cumberland County",3,44,67,35,32
050,21,057,"Kentucky","Cumberland County",3,45,53,27,26
050,21,057,"Kentucky","Cumberland County",3,46,58,27,31
050,21,057,"Kentucky","Cumberland County",3,47,63,33,30
050,21,057,"Kentucky","Cumberland County",3,48,64,32,32
050,21,057,"Kentucky","Cumberland County",3,49,68,35,33
050,21,057,"Kentucky","Cumberland County",3,50,79,37,42
050,21,057,"Kentucky","Cumberland County",3,51,83,37,46
050,21,057,"Kentucky","Cumberland County",3,52,62,32,30
050,21,057,"Kentucky","Cumberland County",3,53,65,31,34
050,21,057,"Kentucky","Cumberland County",3,54,75,32,43
050,21,057,"Kentucky","Cumberland County",3,55,84,36,48
050,21,057,"Kentucky","Cumberland County",3,56,87,41,46
050,21,057,"Kentucky","Cumberland County",3,57,83,42,41
050,21,057,"Kentucky","Cumberland County",3,58,89,44,45
050,21,057,"Kentucky","Cumberland County",3,59,94,44,50
050,21,057,"Kentucky","Cumberland County",3,60,96,49,47
050,21,057,"Kentucky","Cumberland County",3,61,98,51,47
050,21,057,"Kentucky","Cumberland County",3,62,109,60,49
050,21,057,"Kentucky","Cumberland County",3,63,102,60,42
050,21,057,"Kentucky","Cumberland County",3,64,102,59,43
050,21,057,"Kentucky","Cumberland County",3,65,94,49,45
050,21,057,"Kentucky","Cumberland County",3,66,91,38,53
050,21,057,"Kentucky","Cumberland County",3,67,84,45,39
050,21,057,"Kentucky","Cumberland County",3,68,88,40,48
050,21,057,"Kentucky","Cumberland County",3,69,74,38,36
050,21,057,"Kentucky","Cumberland County",3,70,74,35,39
050,21,057,"Kentucky","Cumberland County",3,71,75,36,39
050,21,057,"Kentucky","Cumberland County",3,72,69,37,32
050,21,057,"Kentucky","Cumberland County",3,73,68,40,28
050,21,057,"Kentucky","Cumberland County",3,74,85,43,42
050,21,057,"Kentucky","Cumberland County",3,75,48,23,25
050,21,057,"Kentucky","Cumberland County",3,76,49,24,25
050,21,057,"Kentucky","Cumberland County",3,77,51,24,27
050,21,057,"Kentucky","Cumberland County",3,78,58,30,28
050,21,057,"Kentucky","Cumberland County",3,79,46,20,26
050,21,057,"Kentucky","Cumberland County",3,80,44,21,23
050,21,057,"Kentucky","Cumberland County",3,81,31,12,19
050,21,057,"Kentucky","Cumberland County",3,82,36,11,25
050,21,057,"Kentucky","Cumberland County",3,83,24,7,17
050,21,057,"Kentucky","Cumberland County",3,84,26,13,13
050,21,057,"Kentucky","Cumberland County",3,85,127,42,85
050,21,057,"Kentucky","Cumberland County",4,0,76,40,36
050,21,057,"Kentucky","Cumberland County",4,1,83,48,35
050,21,057,"Kentucky","Cumberland County",4,2,66,29,37
050,21,057,"Kentucky","Cumberland County",4,3,69,33,36
050,21,057,"Kentucky","Cumberland County",4,4,58,28,30
050,21,057,"Kentucky","Cumberland County",4,5,78,39,39
050,21,057,"Kentucky","Cumberland County",4,6,78,46,32
050,21,057,"Kentucky","Cumberland County",4,7,72,38,34
050,21,057,"Kentucky","Cumberland County",4,8,78,39,39
050,21,057,"Kentucky","Cumberland County",4,9,75,34,41
050,21,057,"Kentucky","Cumberland County",4,10,71,38,33
050,21,057,"Kentucky","Cumberland County",4,11,70,36,34
050,21,057,"Kentucky","Cumberland County",4,12,75,37,38
050,21,057,"Kentucky","Cumberland County",4,13,69,38,31
050,21,057,"Kentucky","Cumberland County",4,14,78,39,39
050,21,057,"Kentucky","Cumberland County",4,15,79,43,36
050,21,057,"Kentucky","Cumberland County",4,16,68,40,28
050,21,057,"Kentucky","Cumberland County",4,17,65,34,31
050,21,057,"Kentucky","Cumberland County",4,18,60,29,31
050,21,057,"Kentucky","Cumberland County",4,19,43,23,20
050,21,057,"Kentucky","Cumberland County",4,20,49,28,21
050,21,057,"Kentucky","Cumberland County",4,21,59,26,33
050,21,057,"Kentucky","Cumberland County",4,22,60,29,31
050,21,057,"Kentucky","Cumberland County",4,23,61,28,33
050,21,057,"Kentucky","Cumberland County",4,24,48,25,23
050,21,057,"Kentucky","Cumberland County",4,25,63,36,27
050,21,057,"Kentucky","Cumberland County",4,26,60,34,26
050,21,057,"Kentucky","Cumberland County",4,27,58,30,28
050,21,057,"Kentucky","Cumberland County",4,28,60,30,30
050,21,057,"Kentucky","Cumberland County",4,29,74,32,42
050,21,057,"Kentucky","Cumberland County",4,30,62,26,36
050,21,057,"Kentucky","Cumberland County",4,31,78,40,38
050,21,057,"Kentucky","Cumberland County",4,32,84,37,47
050,21,057,"Kentucky","Cumberland County",4,33,76,35,41
050,21,057,"Kentucky","Cumberland County",4,34,57,27,30
050,21,057,"Kentucky","Cumberland County",4,35,55,33,22
050,21,057,"Kentucky","Cumberland County",4,36,60,28,32
050,21,057,"Kentucky","Cumberland County",4,37,74,41,33
050,21,057,"Kentucky","Cumberland County",4,38,71,36,35
050,21,057,"Kentucky","Cumberland County",4,39,72,36,36
050,21,057,"Kentucky","Cumberland County",4,40,59,29,30
050,21,057,"Kentucky","Cumberland County",4,41,54,27,27
050,21,057,"Kentucky","Cumberland County",4,42,58,30,28
050,21,057,"Kentucky","Cumberland County",4,43,66,31,35
050,21,057,"Kentucky","Cumberland County",4,44,65,33,32
050,21,057,"Kentucky","Cumberland County",4,45,69,36,33
050,21,057,"Kentucky","Cumberland County",4,46,57,30,27
050,21,057,"Kentucky","Cumberland County",4,47,64,28,36
050,21,057,"Kentucky","Cumberland County",4,48,67,35,32
050,21,057,"Kentucky","Cumberland County",4,49,68,32,36
050,21,057,"Kentucky","Cumberland County",4,50,69,35,34
050,21,057,"Kentucky","Cumberland County",4,51,79,34,45
050,21,057,"Kentucky","Cumberland County",4,52,80,34,46
050,21,057,"Kentucky","Cumberland County",4,53,61,31,30
050,21,057,"Kentucky","Cumberland County",4,54,66,29,37
050,21,057,"Kentucky","Cumberland County",4,55,72,32,40
050,21,057,"Kentucky","Cumberland County",4,56,88,43,45
050,21,057,"Kentucky","Cumberland County",4,57,91,44,47
050,21,057,"Kentucky","Cumberland County",4,58,86,44,42
050,21,057,"Kentucky","Cumberland County",4,59,89,43,46
050,21,057,"Kentucky","Cumberland County",4,60,94,44,50
050,21,057,"Kentucky","Cumberland County",4,61,99,52,47
050,21,057,"Kentucky","Cumberland County",4,62,100,56,44
050,21,057,"Kentucky","Cumberland County",4,63,112,61,51
050,21,057,"Kentucky","Cumberland County",4,64,104,60,44
050,21,057,"Kentucky","Cumberland County",4,65,101,59,42
050,21,057,"Kentucky","Cumberland County",4,66,93,48,45
050,21,057,"Kentucky","Cumberland County",4,67,88,37,51
050,21,057,"Kentucky","Cumberland County",4,68,82,42,40
050,21,057,"Kentucky","Cumberland County",4,69,85,39,46
050,21,057,"Kentucky","Cumberland County",4,70,70,34,36
050,21,057,"Kentucky","Cumberland County",4,71,74,34,40
050,21,057,"Kentucky","Cumberland County",4,72,76,38,38
050,21,057,"Kentucky","Cumberland County",4,73,59,30,29
050,21,057,"Kentucky","Cumberland County",4,74,66,41,25
050,21,057,"Kentucky","Cumberland County",4,75,82,40,42
050,21,057,"Kentucky","Cumberland County",4,76,45,22,23
050,21,057,"Kentucky","Cumberland County",4,77,47,22,25
050,21,057,"Kentucky","Cumberland County",4,78,50,23,27
050,21,057,"Kentucky","Cumberland County",4,79,56,28,28
050,21,057,"Kentucky","Cumberland County",4,80,38,16,22
050,21,057,"Kentucky","Cumberland County",4,81,35,15,20
050,21,057,"Kentucky","Cumberland County",4,82,28,11,17
050,21,057,"Kentucky","Cumberland County",4,83,34,11,23
050,21,057,"Kentucky","Cumberland County",4,84,19,6,13
050,21,057,"Kentucky","Cumberland County",4,85,132,44,88
050,21,057,"Kentucky","Cumberland County",5,0,74,38,36
050,21,057,"Kentucky","Cumberland County",5,1,78,43,35
050,21,057,"Kentucky","Cumberland County",5,2,86,46,40
050,21,057,"Kentucky","Cumberland County",5,3,66,26,40
050,21,057,"Kentucky","Cumberland County",5,4,68,35,33
050,21,057,"Kentucky","Cumberland County",5,5,62,28,34
050,21,057,"Kentucky","Cumberland County",5,6,76,40,36
050,21,057,"Kentucky","Cumberland County",5,7,81,47,34
050,21,057,"Kentucky","Cumberland County",5,8,81,45,36
050,21,057,"Kentucky","Cumberland County",5,9,70,35,35
050,21,057,"Kentucky","Cumberland County",5,10,80,38,42
050,21,057,"Kentucky","Cumberland County",5,11,72,36,36
050,21,057,"Kentucky","Cumberland County",5,12,72,35,37
050,21,057,"Kentucky","Cumberland County",5,13,77,37,40
050,21,057,"Kentucky","Cumberland County",5,14,73,37,36
050,21,057,"Kentucky","Cumberland County",5,15,79,41,38
050,21,057,"Kentucky","Cumberland County",5,16,81,44,37
050,21,057,"Kentucky","Cumberland County",5,17,75,47,28
050,21,057,"Kentucky","Cumberland County",5,18,60,35,25
050,21,057,"Kentucky","Cumberland County",5,19,45,20,25
050,21,057,"Kentucky","Cumberland County",5,20,46,24,22
050,21,057,"Kentucky","Cumberland County",5,21,51,28,23
050,21,057,"Kentucky","Cumberland County",5,22,58,25,33
050,21,057,"Kentucky","Cumberland County",5,23,57,24,33
050,21,057,"Kentucky","Cumberland County",5,24,64,33,31
050,21,057,"Kentucky","Cumberland County",5,25,52,27,25
050,21,057,"Kentucky","Cumberland County",5,26,58,34,24
050,21,057,"Kentucky","Cumberland County",5,27,56,34,22
050,21,057,"Kentucky","Cumberland County",5,28,56,29,27
050,21,057,"Kentucky","Cumberland County",5,29,58,28,30
050,21,057,"Kentucky","Cumberland County",5,30,71,29,42
050,21,057,"Kentucky","Cumberland County",5,31,60,22,38
050,21,057,"Kentucky","Cumberland County",5,32,73,38,35
050,21,057,"Kentucky","Cumberland County",5,33,80,36,44
050,21,057,"Kentucky","Cumberland County",5,34,77,32,45
050,21,057,"Kentucky","Cumberland County",5,35,54,26,28
050,21,057,"Kentucky","Cumberland County",5,36,56,31,25
050,21,057,"Kentucky","Cumberland County",5,37,67,32,35
050,21,057,"Kentucky","Cumberland County",5,38,72,40,32
050,21,057,"Kentucky","Cumberland County",5,39,80,43,37
050,21,057,"Kentucky","Cumberland County",5,40,69,32,37
050,21,057,"Kentucky","Cumberland County",5,41,62,30,32
050,21,057,"Kentucky","Cumberland County",5,42,49,24,25
050,21,057,"Kentucky","Cumberland County",5,43,61,33,28
050,21,057,"Kentucky","Cumberland County",5,44,69,36,33
050,21,057,"Kentucky","Cumberland County",5,45,66,34,32
050,21,057,"Kentucky","Cumberland County",5,46,71,38,33
050,21,057,"Kentucky","Cumberland County",5,47,59,32,27
050,21,057,"Kentucky","Cumberland County",5,48,63,27,36
050,21,057,"Kentucky","Cumberland County",5,49,65,36,29
050,21,057,"Kentucky","Cumberland County",5,50,65,29,36
050,21,057,"Kentucky","Cumberland County",5,51,71,33,38
050,21,057,"Kentucky","Cumberland County",5,52,77,32,45
050,21,057,"Kentucky","Cumberland County",5,53,74,33,41
050,21,057,"Kentucky","Cumberland County",5,54,58,29,29
050,21,057,"Kentucky","Cumberland County",5,55,71,32,39
050,21,057,"Kentucky","Cumberland County",5,56,73,32,41
050,21,057,"Kentucky","Cumberland County",5,57,86,42,44
050,21,057,"Kentucky","Cumberland County",5,58,98,50,48
050,21,057,"Kentucky","Cumberland County",5,59,87,41,46
050,21,057,"Kentucky","Cumberland County",5,60,89,43,46
050,21,057,"Kentucky","Cumberland County",5,61,101,47,54
050,21,057,"Kentucky","Cumberland County",5,62,101,54,47
050,21,057,"Kentucky","Cumberland County",5,63,109,62,47
050,21,057,"Kentucky","Cumberland County",5,64,117,67,50
050,21,057,"Kentucky","Cumberland County",5,65,98,57,41
050,21,057,"Kentucky","Cumberland County",5,66,106,59,47
050,21,057,"Kentucky","Cumberland County",5,67,92,50,42
050,21,057,"Kentucky","Cumberland County",5,68,87,37,50
050,21,057,"Kentucky","Cumberland County",5,69,81,41,40
050,21,057,"Kentucky","Cumberland County",5,70,82,36,46
050,21,057,"Kentucky","Cumberland County",5,71,70,34,36
050,21,057,"Kentucky","Cumberland County",5,72,76,36,40
050,21,057,"Kentucky","Cumberland County",5,73,67,33,34
050,21,057,"Kentucky","Cumberland County",5,74,53,28,25
050,21,057,"Kentucky","Cumberland County",5,75,65,39,26
050,21,057,"Kentucky","Cumberland County",5,76,74,35,39
050,21,057,"Kentucky","Cumberland County",5,77,42,20,22
050,21,057,"Kentucky","Cumberland County",5,78,47,22,25
050,21,057,"Kentucky","Cumberland County",5,79,47,19,28
050,21,057,"Kentucky","Cumberland County",5,80,52,28,24
050,21,057,"Kentucky","Cumberland County",5,81,32,12,20
050,21,057,"Kentucky","Cumberland County",5,82,33,14,19
050,21,057,"Kentucky","Cumberland County",5,83,27,11,16
050,21,057,"Kentucky","Cumberland County",5,84,28,11,17
050,21,057,"Kentucky","Cumberland County",5,85,128,39,89
050,21,059,"Kentucky","Daviess County",1,0,1312,670,642
050,21,059,"Kentucky","Daviess County",1,1,1358,667,691
050,21,059,"Kentucky","Daviess County",1,2,1357,699,658
050,21,059,"Kentucky","Daviess County",1,3,1425,766,659
050,21,059,"Kentucky","Daviess County",1,4,1435,748,687
050,21,059,"Kentucky","Daviess County",1,5,1446,750,696
050,21,059,"Kentucky","Daviess County",1,6,1409,715,694
050,21,059,"Kentucky","Daviess County",1,7,1403,722,681
050,21,059,"Kentucky","Daviess County",1,8,1434,728,706
050,21,059,"Kentucky","Daviess County",1,9,1419,735,684
050,21,059,"Kentucky","Daviess County",1,10,1448,758,690
050,21,059,"Kentucky","Daviess County",1,11,1489,771,718
050,21,059,"Kentucky","Daviess County",1,12,1492,768,724
050,21,059,"Kentucky","Daviess County",1,13,1516,746,770
050,21,059,"Kentucky","Daviess County",1,14,1447,721,726
050,21,059,"Kentucky","Daviess County",1,15,1456,753,703
050,21,059,"Kentucky","Daviess County",1,16,1457,736,721
050,21,059,"Kentucky","Daviess County",1,17,1374,687,687
050,21,059,"Kentucky","Daviess County",1,18,1269,658,611
050,21,059,"Kentucky","Daviess County",1,19,1131,586,545
050,21,059,"Kentucky","Daviess County",1,20,1173,601,572
050,21,059,"Kentucky","Daviess County",1,21,1198,611,587
050,21,059,"Kentucky","Daviess County",1,22,1218,613,605
050,21,059,"Kentucky","Daviess County",1,23,1178,580,598
050,21,059,"Kentucky","Daviess County",1,24,1258,624,634
050,21,059,"Kentucky","Daviess County",1,25,1264,654,610
050,21,059,"Kentucky","Daviess County",1,26,1252,620,632
050,21,059,"Kentucky","Daviess County",1,27,1333,676,657
050,21,059,"Kentucky","Daviess County",1,28,1398,696,702
050,21,059,"Kentucky","Daviess County",1,29,1416,694,722
050,21,059,"Kentucky","Daviess County",1,30,1411,704,707
050,21,059,"Kentucky","Daviess County",1,31,1313,682,631
050,21,059,"Kentucky","Daviess County",1,32,1246,619,627
050,21,059,"Kentucky","Daviess County",1,33,1296,625,671
050,21,059,"Kentucky","Daviess County",1,34,1285,610,675
050,21,059,"Kentucky","Daviess County",1,35,1221,596,625
050,21,059,"Kentucky","Daviess County",1,36,1332,687,645
050,21,059,"Kentucky","Daviess County",1,37,1330,666,664
050,21,059,"Kentucky","Daviess County",1,38,1254,640,614
050,21,059,"Kentucky","Daviess County",1,39,1320,645,675
050,21,059,"Kentucky","Daviess County",1,40,1275,618,657
050,21,059,"Kentucky","Daviess County",1,41,1193,623,570
050,21,059,"Kentucky","Daviess County",1,42,1240,655,585
050,21,059,"Kentucky","Daviess County",1,43,1173,611,562
050,21,059,"Kentucky","Daviess County",1,44,1118,564,554
050,21,059,"Kentucky","Daviess County",1,45,1161,565,596
050,21,059,"Kentucky","Daviess County",1,46,1157,563,594
050,21,059,"Kentucky","Daviess County",1,47,1173,595,578
050,21,059,"Kentucky","Daviess County",1,48,1293,631,662
050,21,059,"Kentucky","Daviess County",1,49,1330,661,669
050,21,059,"Kentucky","Daviess County",1,50,1198,601,597
050,21,059,"Kentucky","Daviess County",1,51,1266,650,616
050,21,059,"Kentucky","Daviess County",1,52,1231,629,602
050,21,059,"Kentucky","Daviess County",1,53,1228,618,610
050,21,059,"Kentucky","Daviess County",1,54,1267,625,642
050,21,059,"Kentucky","Daviess County",1,55,1323,656,667
050,21,059,"Kentucky","Daviess County",1,56,1400,658,742
050,21,059,"Kentucky","Daviess County",1,57,1430,686,744
050,21,059,"Kentucky","Daviess County",1,58,1440,681,759
050,21,059,"Kentucky","Daviess County",1,59,1405,678,727
050,21,059,"Kentucky","Daviess County",1,60,1366,663,703
050,21,059,"Kentucky","Daviess County",1,61,1379,648,731
050,21,059,"Kentucky","Daviess County",1,62,1408,677,731
050,21,059,"Kentucky","Daviess County",1,63,1361,668,693
050,21,059,"Kentucky","Daviess County",1,64,1297,640,657
050,21,059,"Kentucky","Daviess County",1,65,1299,612,687
050,21,059,"Kentucky","Daviess County",1,66,1200,589,611
050,21,059,"Kentucky","Daviess County",1,67,1111,522,589
050,21,059,"Kentucky","Daviess County",1,68,1088,508,580
050,21,059,"Kentucky","Daviess County",1,69,1019,483,536
050,21,059,"Kentucky","Daviess County",1,70,962,476,486
050,21,059,"Kentucky","Daviess County",1,71,967,457,510
050,21,059,"Kentucky","Daviess County",1,72,1048,473,575
050,21,059,"Kentucky","Daviess County",1,73,998,458,540
050,21,059,"Kentucky","Daviess County",1,74,712,312,400
050,21,059,"Kentucky","Daviess County",1,75,688,298,390
050,21,059,"Kentucky","Daviess County",1,76,646,285,361
050,21,059,"Kentucky","Daviess County",1,77,614,294,320
050,21,059,"Kentucky","Daviess County",1,78,545,246,299
050,21,059,"Kentucky","Daviess County",1,79,495,215,280
050,21,059,"Kentucky","Daviess County",1,80,485,205,280
050,21,059,"Kentucky","Daviess County",1,81,450,179,271
050,21,059,"Kentucky","Daviess County",1,82,429,178,251
050,21,059,"Kentucky","Daviess County",1,83,372,156,216
050,21,059,"Kentucky","Daviess County",1,84,341,153,188
050,21,059,"Kentucky","Daviess County",1,85,1970,630,1340
050,21,059,"Kentucky","Daviess County",2,0,1261,645,616
050,21,059,"Kentucky","Daviess County",2,1,1344,669,675
050,21,059,"Kentucky","Daviess County",2,2,1361,694,667
050,21,059,"Kentucky","Daviess County",2,3,1410,751,659
050,21,059,"Kentucky","Daviess County",2,4,1441,757,684
050,21,059,"Kentucky","Daviess County",2,5,1441,748,693
050,21,059,"Kentucky","Daviess County",2,6,1422,726,696
050,21,059,"Kentucky","Daviess County",2,7,1405,721,684
050,21,059,"Kentucky","Daviess County",2,8,1430,729,701
050,21,059,"Kentucky","Daviess County",2,9,1422,734,688
050,21,059,"Kentucky","Daviess County",2,10,1444,755,689
050,21,059,"Kentucky","Daviess County",2,11,1478,768,710
050,21,059,"Kentucky","Daviess County",2,12,1503,770,733
050,21,059,"Kentucky","Daviess County",2,13,1507,748,759
050,21,059,"Kentucky","Daviess County",2,14,1465,726,739
050,21,059,"Kentucky","Daviess County",2,15,1459,746,713
050,21,059,"Kentucky","Daviess County",2,16,1463,744,719
050,21,059,"Kentucky","Daviess County",2,17,1398,701,697
050,21,059,"Kentucky","Daviess County",2,18,1261,652,609
050,21,059,"Kentucky","Daviess County",2,19,1144,590,554
050,21,059,"Kentucky","Daviess County",2,20,1189,615,574
050,21,059,"Kentucky","Daviess County",2,21,1197,605,592
050,21,059,"Kentucky","Daviess County",2,22,1226,620,606
050,21,059,"Kentucky","Daviess County",2,23,1196,593,603
050,21,059,"Kentucky","Daviess County",2,24,1250,622,628
050,21,059,"Kentucky","Daviess County",2,25,1264,647,617
050,21,059,"Kentucky","Daviess County",2,26,1253,621,632
050,21,059,"Kentucky","Daviess County",2,27,1308,659,649
050,21,059,"Kentucky","Daviess County",2,28,1381,692,689
050,21,059,"Kentucky","Daviess County",2,29,1415,692,723
050,21,059,"Kentucky","Daviess County",2,30,1420,707,713
050,21,059,"Kentucky","Daviess County",2,31,1338,691,647
050,21,059,"Kentucky","Daviess County",2,32,1263,633,630
050,21,059,"Kentucky","Daviess County",2,33,1289,629,660
050,21,059,"Kentucky","Daviess County",2,34,1290,613,677
050,21,059,"Kentucky","Daviess County",2,35,1246,604,642
050,21,059,"Kentucky","Daviess County",2,36,1304,665,639
050,21,059,"Kentucky","Daviess County",2,37,1329,669,660
050,21,059,"Kentucky","Daviess County",2,38,1273,647,626
050,21,059,"Kentucky","Daviess County",2,39,1304,647,657
050,21,059,"Kentucky","Daviess County",2,40,1288,628,660
050,21,059,"Kentucky","Daviess County",2,41,1214,624,590
050,21,059,"Kentucky","Daviess County",2,42,1223,644,579
050,21,059,"Kentucky","Daviess County",2,43,1194,624,570
050,21,059,"Kentucky","Daviess County",2,44,1120,571,549
050,21,059,"Kentucky","Daviess County",2,45,1151,563,588
050,21,059,"Kentucky","Daviess County",2,46,1151,561,590
050,21,059,"Kentucky","Daviess County",2,47,1164,585,579
050,21,059,"Kentucky","Daviess County",2,48,1259,618,641
050,21,059,"Kentucky","Daviess County",2,49,1320,651,669
050,21,059,"Kentucky","Daviess County",2,50,1234,620,614
050,21,059,"Kentucky","Daviess County",2,51,1243,634,609
050,21,059,"Kentucky","Daviess County",2,52,1234,630,604
050,21,059,"Kentucky","Daviess County",2,53,1235,622,613
050,21,059,"Kentucky","Daviess County",2,54,1248,619,629
050,21,059,"Kentucky","Daviess County",2,55,1303,645,658
050,21,059,"Kentucky","Daviess County",2,56,1383,657,726
050,21,059,"Kentucky","Daviess County",2,57,1422,677,745
050,21,059,"Kentucky","Daviess County",2,58,1431,677,754
050,21,059,"Kentucky","Daviess County",2,59,1422,681,741
050,21,059,"Kentucky","Daviess County",2,60,1368,658,710
050,21,059,"Kentucky","Daviess County",2,61,1368,646,722
050,21,059,"Kentucky","Daviess County",2,62,1391,663,728
050,21,059,"Kentucky","Daviess County",2,63,1378,673,705
050,21,059,"Kentucky","Daviess County",2,64,1303,637,666
050,21,059,"Kentucky","Daviess County",2,65,1290,614,676
050,21,059,"Kentucky","Daviess County",2,66,1218,589,629
050,21,059,"Kentucky","Daviess County",2,67,1121,531,590
050,21,059,"Kentucky","Daviess County",2,68,1086,507,579
050,21,059,"Kentucky","Daviess County",2,69,1038,489,549
050,21,059,"Kentucky","Daviess County",2,70,969,473,496
050,21,059,"Kentucky","Daviess County",2,71,965,460,505
050,21,059,"Kentucky","Daviess County",2,72,1009,459,550
050,21,059,"Kentucky","Daviess County",2,73,1053,483,570
050,21,059,"Kentucky","Daviess County",2,74,734,324,410
050,21,059,"Kentucky","Daviess County",2,75,689,299,390
050,21,059,"Kentucky","Daviess County",2,76,649,285,364
050,21,059,"Kentucky","Daviess County",2,77,633,297,336
050,21,059,"Kentucky","Daviess County",2,78,547,249,298
050,21,059,"Kentucky","Daviess County",2,79,499,218,281
050,21,059,"Kentucky","Daviess County",2,80,483,205,278
050,21,059,"Kentucky","Daviess County",2,81,447,179,268
050,21,059,"Kentucky","Daviess County",2,82,431,176,255
050,21,059,"Kentucky","Daviess County",2,83,375,154,221
050,21,059,"Kentucky","Daviess County",2,84,342,152,190
050,21,059,"Kentucky","Daviess County",2,85,1986,638,1348
050,21,059,"Kentucky","Daviess County",3,0,1189,597,592
050,21,059,"Kentucky","Daviess County",3,1,1278,645,633
050,21,059,"Kentucky","Daviess County",3,2,1336,658,678
050,21,059,"Kentucky","Daviess County",3,3,1358,692,666
050,21,059,"Kentucky","Daviess County",3,4,1404,746,658
050,21,059,"Kentucky","Daviess County",3,5,1420,751,669
050,21,059,"Kentucky","Daviess County",3,6,1425,734,691
050,21,059,"Kentucky","Daviess County",3,7,1424,733,691
050,21,059,"Kentucky","Daviess County",3,8,1388,711,677
050,21,059,"Kentucky","Daviess County",3,9,1423,717,706
050,21,059,"Kentucky","Daviess County",3,10,1405,731,674
050,21,059,"Kentucky","Daviess County",3,11,1452,764,688
050,21,059,"Kentucky","Daviess County",3,12,1451,760,691
050,21,059,"Kentucky","Daviess County",3,13,1494,753,741
050,21,059,"Kentucky","Daviess County",3,14,1493,753,740
050,21,059,"Kentucky","Daviess County",3,15,1472,722,750
050,21,059,"Kentucky","Daviess County",3,16,1473,759,714
050,21,059,"Kentucky","Daviess County",3,17,1462,739,723
050,21,059,"Kentucky","Daviess County",3,18,1260,641,619
050,21,059,"Kentucky","Daviess County",3,19,1132,581,551
050,21,059,"Kentucky","Daviess County",3,20,1189,612,577
050,21,059,"Kentucky","Daviess County",3,21,1206,605,601
050,21,059,"Kentucky","Daviess County",3,22,1211,607,604
050,21,059,"Kentucky","Daviess County",3,23,1241,630,611
050,21,059,"Kentucky","Daviess County",3,24,1194,585,609
050,21,059,"Kentucky","Daviess County",3,25,1298,650,648
050,21,059,"Kentucky","Daviess County",3,26,1264,646,618
050,21,059,"Kentucky","Daviess County",3,27,1285,627,658
050,21,059,"Kentucky","Daviess County",3,28,1326,672,654
050,21,059,"Kentucky","Daviess County",3,29,1357,674,683
050,21,059,"Kentucky","Daviess County",3,30,1436,708,728
050,21,059,"Kentucky","Daviess County",3,31,1410,703,707
050,21,059,"Kentucky","Daviess County",3,32,1310,670,640
050,21,059,"Kentucky","Daviess County",3,33,1248,627,621
050,21,059,"Kentucky","Daviess County",3,34,1281,612,669
050,21,059,"Kentucky","Daviess County",3,35,1279,612,667
050,21,059,"Kentucky","Daviess County",3,36,1265,619,646
050,21,059,"Kentucky","Daviess County",3,37,1311,673,638
050,21,059,"Kentucky","Daviess County",3,38,1306,648,658
050,21,059,"Kentucky","Daviess County",3,39,1275,659,616
050,21,059,"Kentucky","Daviess County",3,40,1285,624,661
050,21,059,"Kentucky","Daviess County",3,41,1295,628,667
050,21,059,"Kentucky","Daviess County",3,42,1244,634,610
050,21,059,"Kentucky","Daviess County",3,43,1213,633,580
050,21,059,"Kentucky","Daviess County",3,44,1169,607,562
050,21,059,"Kentucky","Daviess County",3,45,1118,569,549
050,21,059,"Kentucky","Daviess County",3,46,1132,560,572
050,21,059,"Kentucky","Daviess County",3,47,1162,566,596
050,21,059,"Kentucky","Daviess County",3,48,1149,572,577
050,21,059,"Kentucky","Daviess County",3,49,1228,596,632
050,21,059,"Kentucky","Daviess County",3,50,1322,650,672
050,21,059,"Kentucky","Daviess County",3,51,1233,622,611
050,21,059,"Kentucky","Daviess County",3,52,1213,612,601
050,21,059,"Kentucky","Daviess County",3,53,1231,632,599
050,21,059,"Kentucky","Daviess County",3,54,1216,605,611
050,21,059,"Kentucky","Daviess County",3,55,1210,592,618
050,21,059,"Kentucky","Daviess County",3,56,1299,642,657
050,21,059,"Kentucky","Daviess County",3,57,1386,658,728
050,21,059,"Kentucky","Daviess County",3,58,1396,663,733
050,21,059,"Kentucky","Daviess County",3,59,1414,678,736
050,21,059,"Kentucky","Daviess County",3,60,1401,662,739
050,21,059,"Kentucky","Daviess County",3,61,1353,656,697
050,21,059,"Kentucky","Daviess County",3,62,1357,630,727
050,21,059,"Kentucky","Daviess County",3,63,1353,639,714
050,21,059,"Kentucky","Daviess County",3,64,1360,659,701
050,21,059,"Kentucky","Daviess County",3,65,1264,615,649
050,21,059,"Kentucky","Daviess County",3,66,1269,603,666
050,21,059,"Kentucky","Daviess County",3,67,1175,570,605
050,21,059,"Kentucky","Daviess County",3,68,1109,526,583
050,21,059,"Kentucky","Daviess County",3,69,1064,489,575
050,21,059,"Kentucky","Daviess County",3,70,1010,473,537
050,21,059,"Kentucky","Daviess County",3,71,946,462,484
050,21,059,"Kentucky","Daviess County",3,72,937,443,494
050,21,059,"Kentucky","Daviess County",3,73,968,433,535
050,21,059,"Kentucky","Daviess County",3,74,1033,473,560
050,21,059,"Kentucky","Daviess County",3,75,700,311,389
050,21,059,"Kentucky","Daviess County",3,76,673,291,382
050,21,059,"Kentucky","Daviess County",3,77,616,266,350
050,21,059,"Kentucky","Daviess County",3,78,614,281,333
050,21,059,"Kentucky","Daviess County",3,79,516,225,291
050,21,059,"Kentucky","Daviess County",3,80,467,207,260
050,21,059,"Kentucky","Daviess County",3,81,431,179,252
050,21,059,"Kentucky","Daviess County",3,82,412,162,250
050,21,059,"Kentucky","Daviess County",3,83,404,155,249
050,21,059,"Kentucky","Daviess County",3,84,324,140,184
050,21,059,"Kentucky","Daviess County",3,85,1987,656,1331
050,21,059,"Kentucky","Daviess County",4,0,1274,634,640
050,21,059,"Kentucky","Daviess County",4,1,1199,612,587
050,21,059,"Kentucky","Daviess County",4,2,1275,644,631
050,21,059,"Kentucky","Daviess County",4,3,1351,661,690
050,21,059,"Kentucky","Daviess County",4,4,1386,704,682
050,21,059,"Kentucky","Daviess County",4,5,1379,733,646
050,21,059,"Kentucky","Daviess County",4,6,1425,752,673
050,21,059,"Kentucky","Daviess County",4,7,1434,744,690
050,21,059,"Kentucky","Daviess County",4,8,1431,741,690
050,21,059,"Kentucky","Daviess County",4,9,1400,717,683
050,21,059,"Kentucky","Daviess County",4,10,1421,724,697
050,21,059,"Kentucky","Daviess County",4,11,1420,739,681
050,21,059,"Kentucky","Daviess County",4,12,1431,747,684
050,21,059,"Kentucky","Daviess County",4,13,1475,771,704
050,21,059,"Kentucky","Daviess County",4,14,1507,773,734
050,21,059,"Kentucky","Daviess County",4,15,1497,755,742
050,21,059,"Kentucky","Daviess County",4,16,1469,714,755
050,21,059,"Kentucky","Daviess County",4,17,1471,754,717
050,21,059,"Kentucky","Daviess County",4,18,1329,683,646
050,21,059,"Kentucky","Daviess County",4,19,1128,571,557
050,21,059,"Kentucky","Daviess County",4,20,1165,602,563
050,21,059,"Kentucky","Daviess County",4,21,1201,610,591
050,21,059,"Kentucky","Daviess County",4,22,1244,630,614
050,21,059,"Kentucky","Daviess County",4,23,1227,613,614
050,21,059,"Kentucky","Daviess County",4,24,1296,661,635
050,21,059,"Kentucky","Daviess County",4,25,1238,629,609
050,21,059,"Kentucky","Daviess County",4,26,1262,622,640
050,21,059,"Kentucky","Daviess County",4,27,1245,638,607
050,21,059,"Kentucky","Daviess County",4,28,1308,649,659
050,21,059,"Kentucky","Daviess County",4,29,1332,664,668
050,21,059,"Kentucky","Daviess County",4,30,1365,678,687
050,21,059,"Kentucky","Daviess County",4,31,1455,728,727
050,21,059,"Kentucky","Daviess County",4,32,1414,700,714
050,21,059,"Kentucky","Daviess County",4,33,1311,686,625
050,21,059,"Kentucky","Daviess County",4,34,1252,628,624
050,21,059,"Kentucky","Daviess County",4,35,1256,614,642
050,21,059,"Kentucky","Daviess County",4,36,1289,618,671
050,21,059,"Kentucky","Daviess County",4,37,1271,613,658
050,21,059,"Kentucky","Daviess County",4,38,1315,671,644
050,21,059,"Kentucky","Daviess County",4,39,1287,644,643
050,21,059,"Kentucky","Daviess County",4,40,1250,641,609
050,21,059,"Kentucky","Daviess County",4,41,1288,627,661
050,21,059,"Kentucky","Daviess County",4,42,1303,640,663
050,21,059,"Kentucky","Daviess County",4,43,1251,635,616
050,21,059,"Kentucky","Daviess County",4,44,1203,625,578
050,21,059,"Kentucky","Daviess County",4,45,1174,610,564
050,21,059,"Kentucky","Daviess County",4,46,1126,575,551
050,21,059,"Kentucky","Daviess County",4,47,1119,553,566
050,21,059,"Kentucky","Daviess County",4,48,1154,560,594
050,21,059,"Kentucky","Daviess County",4,49,1134,554,580
050,21,059,"Kentucky","Daviess County",4,50,1214,591,623
050,21,059,"Kentucky","Daviess County",4,51,1304,646,658
050,21,059,"Kentucky","Daviess County",4,52,1232,615,617
050,21,059,"Kentucky","Daviess County",4,53,1203,607,596
050,21,059,"Kentucky","Daviess County",4,54,1204,620,584
050,21,059,"Kentucky","Daviess County",4,55,1205,590,615
050,21,059,"Kentucky","Daviess County",4,56,1207,596,611
050,21,059,"Kentucky","Daviess County",4,57,1281,642,639
050,21,059,"Kentucky","Daviess County",4,58,1371,652,719
050,21,059,"Kentucky","Daviess County",4,59,1377,654,723
050,21,059,"Kentucky","Daviess County",4,60,1408,668,740
050,21,059,"Kentucky","Daviess County",4,61,1378,655,723
050,21,059,"Kentucky","Daviess County",4,62,1336,634,702
050,21,059,"Kentucky","Daviess County",4,63,1331,617,714
050,21,059,"Kentucky","Daviess County",4,64,1327,619,708
050,21,059,"Kentucky","Daviess County",4,65,1320,631,689
050,21,059,"Kentucky","Daviess County",4,66,1245,600,645
050,21,059,"Kentucky","Daviess County",4,67,1245,585,660
050,21,059,"Kentucky","Daviess County",4,68,1166,561,605
050,21,059,"Kentucky","Daviess County",4,69,1092,506,586
050,21,059,"Kentucky","Daviess County",4,70,1059,483,576
050,21,059,"Kentucky","Daviess County",4,71,985,464,521
050,21,059,"Kentucky","Daviess County",4,72,914,442,472
050,21,059,"Kentucky","Daviess County",4,73,889,419,470
050,21,059,"Kentucky","Daviess County",4,74,951,418,533
050,21,059,"Kentucky","Daviess County",4,75,994,456,538
050,21,059,"Kentucky","Daviess County",4,76,688,304,384
050,21,059,"Kentucky","Daviess County",4,77,636,273,363
050,21,059,"Kentucky","Daviess County",4,78,600,256,344
050,21,059,"Kentucky","Daviess County",4,79,592,259,333
050,21,059,"Kentucky","Daviess County",4,80,491,217,274
050,21,059,"Kentucky","Daviess County",4,81,417,187,230
050,21,059,"Kentucky","Daviess County",4,82,403,165,238
050,21,059,"Kentucky","Daviess County",4,83,380,135,245
050,21,059,"Kentucky","Daviess County",4,84,359,139,220
050,21,059,"Kentucky","Daviess County",4,85,1948,649,1299
050,21,059,"Kentucky","Daviess County",5,0,1297,647,650
050,21,059,"Kentucky","Daviess County",5,1,1289,645,644
050,21,059,"Kentucky","Daviess County",5,2,1212,627,585
050,21,059,"Kentucky","Daviess County",5,3,1281,654,627
050,21,059,"Kentucky","Daviess County",5,4,1358,657,701
050,21,059,"Kentucky","Daviess County",5,5,1406,711,695
050,21,059,"Kentucky","Daviess County",5,6,1389,728,661
050,21,059,"Kentucky","Daviess County",5,7,1434,755,679
050,21,059,"Kentucky","Daviess County",5,8,1413,732,681
050,21,059,"Kentucky","Daviess County",5,9,1430,740,690
050,21,059,"Kentucky","Daviess County",5,10,1425,742,683
050,21,059,"Kentucky","Daviess County",5,11,1440,744,696
050,21,059,"Kentucky","Daviess County",5,12,1409,729,680
050,21,059,"Kentucky","Daviess County",5,13,1450,750,700
050,21,059,"Kentucky","Daviess County",5,14,1452,761,691
050,21,059,"Kentucky","Daviess County",5,15,1490,765,725
050,21,059,"Kentucky","Daviess County",5,16,1478,736,742
050,21,059,"Kentucky","Daviess County",5,17,1481,715,766
050,21,059,"Kentucky","Daviess County",5,18,1309,688,621
050,21,059,"Kentucky","Daviess County",5,19,1162,599,563
050,21,059,"Kentucky","Daviess County",5,20,1188,611,577
050,21,059,"Kentucky","Daviess County",5,21,1202,605,597
050,21,059,"Kentucky","Daviess County",5,22,1274,646,628
050,21,059,"Kentucky","Daviess County",5,23,1239,633,606
050,21,059,"Kentucky","Daviess County",5,24,1258,627,631
050,21,059,"Kentucky","Daviess County",5,25,1311,668,643
050,21,059,"Kentucky","Daviess County",5,26,1243,621,622
050,21,059,"Kentucky","Daviess County",5,27,1245,617,628
050,21,059,"Kentucky","Daviess County",5,28,1262,641,621
050,21,059,"Kentucky","Daviess County",5,29,1285,628,657
050,21,059,"Kentucky","Daviess County",5,30,1367,684,683
050,21,059,"Kentucky","Daviess County",5,31,1377,695,682
050,21,059,"Kentucky","Daviess County",5,32,1475,722,753
050,21,059,"Kentucky","Daviess County",5,33,1409,707,702
050,21,059,"Kentucky","Daviess County",5,34,1309,672,637
050,21,059,"Kentucky","Daviess County",5,35,1249,637,612
050,21,059,"Kentucky","Daviess County",5,36,1267,635,632
050,21,059,"Kentucky","Daviess County",5,37,1300,616,684
050,21,059,"Kentucky","Daviess County",5,38,1250,600,650
050,21,059,"Kentucky","Daviess County",5,39,1307,680,627
050,21,059,"Kentucky","Daviess County",5,40,1284,644,640
050,21,059,"Kentucky","Daviess County",5,41,1240,640,600
050,21,059,"Kentucky","Daviess County",5,42,1300,642,658
050,21,059,"Kentucky","Daviess County",5,43,1307,635,672
050,21,059,"Kentucky","Daviess County",5,44,1231,623,608
050,21,059,"Kentucky","Daviess County",5,45,1216,622,594
050,21,059,"Kentucky","Daviess County",5,46,1191,627,564
050,21,059,"Kentucky","Daviess County",5,47,1136,582,554
050,21,059,"Kentucky","Daviess County",5,48,1103,539,564
050,21,059,"Kentucky","Daviess County",5,49,1136,538,598
050,21,059,"Kentucky","Daviess County",5,50,1140,567,573
050,21,059,"Kentucky","Daviess County",5,51,1207,592,615
050,21,059,"Kentucky","Daviess County",5,52,1292,635,657
050,21,059,"Kentucky","Daviess County",5,53,1241,612,629
050,21,059,"Kentucky","Daviess County",5,54,1179,593,586
050,21,059,"Kentucky","Daviess County",5,55,1199,613,586
050,21,059,"Kentucky","Daviess County",5,56,1201,589,612
050,21,059,"Kentucky","Daviess County",5,57,1198,591,607
050,21,059,"Kentucky","Daviess County",5,58,1264,620,644
050,21,059,"Kentucky","Daviess County",5,59,1349,643,706
050,21,059,"Kentucky","Daviess County",5,60,1364,646,718
050,21,059,"Kentucky","Daviess County",5,61,1374,655,719
050,21,059,"Kentucky","Daviess County",5,62,1366,650,716
050,21,059,"Kentucky","Daviess County",5,63,1316,623,693
050,21,059,"Kentucky","Daviess County",5,64,1328,614,714
050,21,059,"Kentucky","Daviess County",5,65,1309,609,700
050,21,059,"Kentucky","Daviess County",5,66,1288,610,678
050,21,059,"Kentucky","Daviess County",5,67,1218,581,637
050,21,059,"Kentucky","Daviess County",5,68,1238,582,656
050,21,059,"Kentucky","Daviess County",5,69,1153,546,607
050,21,059,"Kentucky","Daviess County",5,70,1072,493,579
050,21,059,"Kentucky","Daviess County",5,71,1034,474,560
050,21,059,"Kentucky","Daviess County",5,72,961,447,514
050,21,059,"Kentucky","Daviess County",5,73,876,422,454
050,21,059,"Kentucky","Daviess County",5,74,886,412,474
050,21,059,"Kentucky","Daviess County",5,75,927,411,516
050,21,059,"Kentucky","Daviess County",5,76,965,442,523
050,21,059,"Kentucky","Daviess County",5,77,662,291,371
050,21,059,"Kentucky","Daviess County",5,78,625,262,363
050,21,059,"Kentucky","Daviess County",5,79,573,235,338
050,21,059,"Kentucky","Daviess County",5,80,562,251,311
050,21,059,"Kentucky","Daviess County",5,81,451,199,252
050,21,059,"Kentucky","Daviess County",5,82,393,174,219
050,21,059,"Kentucky","Daviess County",5,83,372,141,231
050,21,059,"Kentucky","Daviess County",5,84,329,120,209
050,21,059,"Kentucky","Daviess County",5,85,1980,653,1327
050,21,061,"Kentucky","Edmonson County",1,0,113,59,54
050,21,061,"Kentucky","Edmonson County",1,1,108,56,52
050,21,061,"Kentucky","Edmonson County",1,2,106,55,51
050,21,061,"Kentucky","Edmonson County",1,3,110,56,54
050,21,061,"Kentucky","Edmonson County",1,4,107,54,53
050,21,061,"Kentucky","Edmonson County",1,5,124,60,64
050,21,061,"Kentucky","Edmonson County",1,6,117,55,62
050,21,061,"Kentucky","Edmonson County",1,7,113,62,51
050,21,061,"Kentucky","Edmonson County",1,8,116,62,54
050,21,061,"Kentucky","Edmonson County",1,9,129,71,58
050,21,061,"Kentucky","Edmonson County",1,10,127,64,63
050,21,061,"Kentucky","Edmonson County",1,11,143,71,72
050,21,061,"Kentucky","Edmonson County",1,12,118,69,49
050,21,061,"Kentucky","Edmonson County",1,13,125,67,58
050,21,061,"Kentucky","Edmonson County",1,14,130,68,62
050,21,061,"Kentucky","Edmonson County",1,15,133,66,67
050,21,061,"Kentucky","Edmonson County",1,16,143,71,72
050,21,061,"Kentucky","Edmonson County",1,17,146,72,74
050,21,061,"Kentucky","Edmonson County",1,18,134,74,60
050,21,061,"Kentucky","Edmonson County",1,19,108,68,40
050,21,061,"Kentucky","Edmonson County",1,20,113,66,47
050,21,061,"Kentucky","Edmonson County",1,21,122,69,53
050,21,061,"Kentucky","Edmonson County",1,22,116,54,62
050,21,061,"Kentucky","Edmonson County",1,23,138,64,74
050,21,061,"Kentucky","Edmonson County",1,24,141,70,71
050,21,061,"Kentucky","Edmonson County",1,25,146,78,68
050,21,061,"Kentucky","Edmonson County",1,26,146,75,71
050,21,061,"Kentucky","Edmonson County",1,27,148,76,72
050,21,061,"Kentucky","Edmonson County",1,28,156,85,71
050,21,061,"Kentucky","Edmonson County",1,29,163,87,76
050,21,061,"Kentucky","Edmonson County",1,30,139,74,65
050,21,061,"Kentucky","Edmonson County",1,31,164,86,78
050,21,061,"Kentucky","Edmonson County",1,32,138,66,72
050,21,061,"Kentucky","Edmonson County",1,33,136,70,66
050,21,061,"Kentucky","Edmonson County",1,34,145,74,71
050,21,061,"Kentucky","Edmonson County",1,35,133,60,73
050,21,061,"Kentucky","Edmonson County",1,36,128,63,65
050,21,061,"Kentucky","Edmonson County",1,37,138,64,74
050,21,061,"Kentucky","Edmonson County",1,38,143,67,76
050,21,061,"Kentucky","Edmonson County",1,39,161,81,80
050,21,061,"Kentucky","Edmonson County",1,40,162,90,72
050,21,061,"Kentucky","Edmonson County",1,41,163,89,74
050,21,061,"Kentucky","Edmonson County",1,42,155,81,74
050,21,061,"Kentucky","Edmonson County",1,43,151,77,74
050,21,061,"Kentucky","Edmonson County",1,44,149,75,74
050,21,061,"Kentucky","Edmonson County",1,45,163,83,80
050,21,061,"Kentucky","Edmonson County",1,46,152,76,76
050,21,061,"Kentucky","Edmonson County",1,47,157,78,79
050,21,061,"Kentucky","Edmonson County",1,48,190,91,99
050,21,061,"Kentucky","Edmonson County",1,49,185,88,97
050,21,061,"Kentucky","Edmonson County",1,50,154,74,80
050,21,061,"Kentucky","Edmonson County",1,51,155,73,82
050,21,061,"Kentucky","Edmonson County",1,52,170,81,89
050,21,061,"Kentucky","Edmonson County",1,53,163,84,79
050,21,061,"Kentucky","Edmonson County",1,54,154,75,79
050,21,061,"Kentucky","Edmonson County",1,55,152,75,77
050,21,061,"Kentucky","Edmonson County",1,56,216,111,105
050,21,061,"Kentucky","Edmonson County",1,57,220,115,105
050,21,061,"Kentucky","Edmonson County",1,58,206,111,95
050,21,061,"Kentucky","Edmonson County",1,59,190,104,86
050,21,061,"Kentucky","Edmonson County",1,60,196,107,89
050,21,061,"Kentucky","Edmonson County",1,61,181,90,91
050,21,061,"Kentucky","Edmonson County",1,62,189,86,103
050,21,061,"Kentucky","Edmonson County",1,63,165,82,83
050,21,061,"Kentucky","Edmonson County",1,64,174,88,86
050,21,061,"Kentucky","Edmonson County",1,65,177,84,93
050,21,061,"Kentucky","Edmonson County",1,66,174,89,85
050,21,061,"Kentucky","Edmonson County",1,67,157,82,75
050,21,061,"Kentucky","Edmonson County",1,68,159,79,80
050,21,061,"Kentucky","Edmonson County",1,69,152,82,70
050,21,061,"Kentucky","Edmonson County",1,70,159,82,77
050,21,061,"Kentucky","Edmonson County",1,71,162,76,86
050,21,061,"Kentucky","Edmonson County",1,72,147,65,82
050,21,061,"Kentucky","Edmonson County",1,73,149,69,80
050,21,061,"Kentucky","Edmonson County",1,74,102,49,53
050,21,061,"Kentucky","Edmonson County",1,75,108,56,52
050,21,061,"Kentucky","Edmonson County",1,76,108,49,59
050,21,061,"Kentucky","Edmonson County",1,77,109,51,58
050,21,061,"Kentucky","Edmonson County",1,78,85,43,42
050,21,061,"Kentucky","Edmonson County",1,79,93,43,50
050,21,061,"Kentucky","Edmonson County",1,80,75,32,43
050,21,061,"Kentucky","Edmonson County",1,81,59,26,33
050,21,061,"Kentucky","Edmonson County",1,82,56,28,28
050,21,061,"Kentucky","Edmonson County",1,83,38,17,21
050,21,061,"Kentucky","Edmonson County",1,84,36,14,22
050,21,061,"Kentucky","Edmonson County",1,85,251,103,148
050,21,061,"Kentucky","Edmonson County",2,0,108,54,54
050,21,061,"Kentucky","Edmonson County",2,1,110,57,53
050,21,061,"Kentucky","Edmonson County",2,2,108,57,51
050,21,061,"Kentucky","Edmonson County",2,3,107,55,52
050,21,061,"Kentucky","Edmonson County",2,4,108,54,54
050,21,061,"Kentucky","Edmonson County",2,5,122,60,62
050,21,061,"Kentucky","Edmonson County",2,6,118,57,61
050,21,061,"Kentucky","Edmonson County",2,7,113,59,54
050,21,061,"Kentucky","Edmonson County",2,8,116,61,55
050,21,061,"Kentucky","Edmonson County",2,9,127,69,58
050,21,061,"Kentucky","Edmonson County",2,10,128,66,62
050,21,061,"Kentucky","Edmonson County",2,11,138,69,69
050,21,061,"Kentucky","Edmonson County",2,12,126,69,57
050,21,061,"Kentucky","Edmonson County",2,13,125,67,58
050,21,061,"Kentucky","Edmonson County",2,14,131,69,62
050,21,061,"Kentucky","Edmonson County",2,15,135,68,67
050,21,061,"Kentucky","Edmonson County",2,16,142,71,71
050,21,061,"Kentucky","Edmonson County",2,17,147,73,74
050,21,061,"Kentucky","Edmonson County",2,18,133,74,59
050,21,061,"Kentucky","Edmonson County",2,19,107,65,42
050,21,061,"Kentucky","Edmonson County",2,20,118,69,49
050,21,061,"Kentucky","Edmonson County",2,21,119,67,52
050,21,061,"Kentucky","Edmonson County",2,22,120,57,63
050,21,061,"Kentucky","Edmonson County",2,23,133,61,72
050,21,061,"Kentucky","Edmonson County",2,24,141,69,72
050,21,061,"Kentucky","Edmonson County",2,25,145,76,69
050,21,061,"Kentucky","Edmonson County",2,26,146,76,70
050,21,061,"Kentucky","Edmonson County",2,27,146,76,70
050,21,061,"Kentucky","Edmonson County",2,28,156,84,72
050,21,061,"Kentucky","Edmonson County",2,29,162,88,74
050,21,061,"Kentucky","Edmonson County",2,30,148,79,69
050,21,061,"Kentucky","Edmonson County",2,31,158,84,74
050,21,061,"Kentucky","Edmonson County",2,32,145,71,74
050,21,061,"Kentucky","Edmonson County",2,33,138,70,68
050,21,061,"Kentucky","Edmonson County",2,34,143,73,70
050,21,061,"Kentucky","Edmonson County",2,35,136,63,73
050,21,061,"Kentucky","Edmonson County",2,36,129,62,67
050,21,061,"Kentucky","Edmonson County",2,37,136,65,71
050,21,061,"Kentucky","Edmonson County",2,38,142,67,75
050,21,061,"Kentucky","Edmonson County",2,39,155,77,78
050,21,061,"Kentucky","Edmonson County",2,40,164,89,75
050,21,061,"Kentucky","Edmonson County",2,41,161,88,73
050,21,061,"Kentucky","Edmonson County",2,42,157,84,73
050,21,061,"Kentucky","Edmonson County",2,43,154,78,76
050,21,061,"Kentucky","Edmonson County",2,44,150,75,75
050,21,061,"Kentucky","Edmonson County",2,45,162,82,80
050,21,061,"Kentucky","Edmonson County",2,46,155,78,77
050,21,061,"Kentucky","Edmonson County",2,47,156,77,79
050,21,061,"Kentucky","Edmonson County",2,48,183,87,96
050,21,061,"Kentucky","Edmonson County",2,49,189,90,99
050,21,061,"Kentucky","Edmonson County",2,50,161,77,84
050,21,061,"Kentucky","Edmonson County",2,51,156,73,83
050,21,061,"Kentucky","Edmonson County",2,52,166,79,87
050,21,061,"Kentucky","Edmonson County",2,53,166,83,83
050,21,061,"Kentucky","Edmonson County",2,54,156,77,79
050,21,061,"Kentucky","Edmonson County",2,55,155,76,79
050,21,061,"Kentucky","Edmonson County",2,56,202,102,100
050,21,061,"Kentucky","Edmonson County",2,57,220,114,106
050,21,061,"Kentucky","Edmonson County",2,58,210,113,97
050,21,061,"Kentucky","Edmonson County",2,59,197,107,90
050,21,061,"Kentucky","Edmonson County",2,60,194,106,88
050,21,061,"Kentucky","Edmonson County",2,61,185,94,91
050,21,061,"Kentucky","Edmonson County",2,62,184,86,98
050,21,061,"Kentucky","Edmonson County",2,63,172,83,89
050,21,061,"Kentucky","Edmonson County",2,64,171,86,85
050,21,061,"Kentucky","Edmonson County",2,65,178,85,93
050,21,061,"Kentucky","Edmonson County",2,66,175,87,88
050,21,061,"Kentucky","Edmonson County",2,67,160,83,77
050,21,061,"Kentucky","Edmonson County",2,68,158,79,79
050,21,061,"Kentucky","Edmonson County",2,69,152,80,72
050,21,061,"Kentucky","Edmonson County",2,70,157,82,75
050,21,061,"Kentucky","Edmonson County",2,71,160,77,83
050,21,061,"Kentucky","Edmonson County",2,72,147,66,81
050,21,061,"Kentucky","Edmonson County",2,73,156,71,85
050,21,061,"Kentucky","Edmonson County",2,74,108,52,56
050,21,061,"Kentucky","Edmonson County",2,75,105,54,51
050,21,061,"Kentucky","Edmonson County",2,76,106,49,57
050,21,061,"Kentucky","Edmonson County",2,77,110,51,59
050,21,061,"Kentucky","Edmonson County",2,78,87,44,43
050,21,061,"Kentucky","Edmonson County",2,79,89,41,48
050,21,061,"Kentucky","Edmonson County",2,80,77,34,43
050,21,061,"Kentucky","Edmonson County",2,81,63,28,35
050,21,061,"Kentucky","Edmonson County",2,82,54,26,28
050,21,061,"Kentucky","Edmonson County",2,83,39,17,22
050,21,061,"Kentucky","Edmonson County",2,84,34,15,19
050,21,061,"Kentucky","Edmonson County",2,85,246,99,147
050,21,061,"Kentucky","Edmonson County",3,0,107,55,52
050,21,061,"Kentucky","Edmonson County",3,1,113,55,58
050,21,061,"Kentucky","Edmonson County",3,2,117,61,56
050,21,061,"Kentucky","Edmonson County",3,3,111,55,56
050,21,061,"Kentucky","Edmonson County",3,4,115,62,53
050,21,061,"Kentucky","Edmonson County",3,5,120,58,62
050,21,061,"Kentucky","Edmonson County",3,6,115,54,61
050,21,061,"Kentucky","Edmonson County",3,7,123,60,63
050,21,061,"Kentucky","Edmonson County",3,8,120,62,58
050,21,061,"Kentucky","Edmonson County",3,9,130,67,63
050,21,061,"Kentucky","Edmonson County",3,10,129,68,61
050,21,061,"Kentucky","Edmonson County",3,11,128,63,65
050,21,061,"Kentucky","Edmonson County",3,12,130,66,64
050,21,061,"Kentucky","Edmonson County",3,13,132,72,60
050,21,061,"Kentucky","Edmonson County",3,14,129,65,64
050,21,061,"Kentucky","Edmonson County",3,15,139,75,64
050,21,061,"Kentucky","Edmonson County",3,16,147,71,76
050,21,061,"Kentucky","Edmonson County",3,17,143,69,74
050,21,061,"Kentucky","Edmonson County",3,18,130,65,65
050,21,061,"Kentucky","Edmonson County",3,19,89,46,43
050,21,061,"Kentucky","Edmonson County",3,20,104,54,50
050,21,061,"Kentucky","Edmonson County",3,21,109,57,52
050,21,061,"Kentucky","Edmonson County",3,22,120,64,56
050,21,061,"Kentucky","Edmonson County",3,23,129,61,68
050,21,061,"Kentucky","Edmonson County",3,24,140,64,76
050,21,061,"Kentucky","Edmonson County",3,25,135,63,72
050,21,061,"Kentucky","Edmonson County",3,26,157,79,78
050,21,061,"Kentucky","Edmonson County",3,27,143,74,69
050,21,061,"Kentucky","Edmonson County",3,28,157,79,78
050,21,061,"Kentucky","Edmonson County",3,29,153,80,73
050,21,061,"Kentucky","Edmonson County",3,30,169,91,78
050,21,061,"Kentucky","Edmonson County",3,31,159,83,76
050,21,061,"Kentucky","Edmonson County",3,32,170,85,85
050,21,061,"Kentucky","Edmonson County",3,33,144,64,80
050,21,061,"Kentucky","Edmonson County",3,34,136,69,67
050,21,061,"Kentucky","Edmonson County",3,35,149,72,77
050,21,061,"Kentucky","Edmonson County",3,36,140,64,76
050,21,061,"Kentucky","Edmonson County",3,37,123,62,61
050,21,061,"Kentucky","Edmonson County",3,38,137,64,73
050,21,061,"Kentucky","Edmonson County",3,39,151,72,79
050,21,061,"Kentucky","Edmonson County",3,40,158,76,82
050,21,061,"Kentucky","Edmonson County",3,41,175,96,79
050,21,061,"Kentucky","Edmonson County",3,42,154,82,72
050,21,061,"Kentucky","Edmonson County",3,43,166,93,73
050,21,061,"Kentucky","Edmonson County",3,44,162,81,81
050,21,061,"Kentucky","Edmonson County",3,45,157,78,79
050,21,061,"Kentucky","Edmonson County",3,46,164,86,78
050,21,061,"Kentucky","Edmonson County",3,47,163,81,82
050,21,061,"Kentucky","Edmonson County",3,48,159,75,84
050,21,061,"Kentucky","Edmonson County",3,49,184,86,98
050,21,061,"Kentucky","Edmonson County",3,50,180,86,94
050,21,061,"Kentucky","Edmonson County",3,51,156,75,81
050,21,061,"Kentucky","Edmonson County",3,52,150,73,77
050,21,061,"Kentucky","Edmonson County",3,53,179,85,94
050,21,061,"Kentucky","Edmonson County",3,54,160,79,81
050,21,061,"Kentucky","Edmonson County",3,55,155,77,78
050,21,061,"Kentucky","Edmonson County",3,56,156,77,79
050,21,061,"Kentucky","Edmonson County",3,57,207,104,103
050,21,061,"Kentucky","Edmonson County",3,58,217,115,102
050,21,061,"Kentucky","Edmonson County",3,59,210,116,94
050,21,061,"Kentucky","Edmonson County",3,60,195,104,91
050,21,061,"Kentucky","Edmonson County",3,61,192,103,89
050,21,061,"Kentucky","Edmonson County",3,62,192,98,94
050,21,061,"Kentucky","Edmonson County",3,63,194,91,103
050,21,061,"Kentucky","Edmonson County",3,64,174,84,90
050,21,061,"Kentucky","Edmonson County",3,65,168,84,84
050,21,061,"Kentucky","Edmonson County",3,66,172,80,92
050,21,061,"Kentucky","Edmonson County",3,67,174,88,86
050,21,061,"Kentucky","Edmonson County",3,68,162,86,76
050,21,061,"Kentucky","Edmonson County",3,69,149,72,77
050,21,061,"Kentucky","Edmonson County",3,70,146,77,69
050,21,061,"Kentucky","Edmonson County",3,71,150,77,73
050,21,061,"Kentucky","Edmonson County",3,72,158,73,85
050,21,061,"Kentucky","Edmonson County",3,73,147,68,79
050,21,061,"Kentucky","Edmonson County",3,74,147,66,81
050,21,061,"Kentucky","Edmonson County",3,75,101,52,49
050,21,061,"Kentucky","Edmonson County",3,76,103,53,50
050,21,061,"Kentucky","Edmonson County",3,77,101,45,56
050,21,061,"Kentucky","Edmonson County",3,78,96,45,51
050,21,061,"Kentucky","Edmonson County",3,79,82,42,40
050,21,061,"Kentucky","Edmonson County",3,80,79,36,43
050,21,061,"Kentucky","Edmonson County",3,81,74,35,39
050,21,061,"Kentucky","Edmonson County",3,82,53,25,28
050,21,061,"Kentucky","Edmonson County",3,83,51,22,29
050,21,061,"Kentucky","Edmonson County",3,84,35,16,19
050,21,061,"Kentucky","Edmonson County",3,85,238,98,140
050,21,061,"Kentucky","Edmonson County",4,0,107,63,44
050,21,061,"Kentucky","Edmonson County",4,1,117,53,64
050,21,061,"Kentucky","Edmonson County",4,2,118,62,56
050,21,061,"Kentucky","Edmonson County",4,3,119,63,56
050,21,061,"Kentucky","Edmonson County",4,4,106,51,55
050,21,061,"Kentucky","Edmonson County",4,5,116,62,54
050,21,061,"Kentucky","Edmonson County",4,6,117,56,61
050,21,061,"Kentucky","Edmonson County",4,7,117,56,61
050,21,061,"Kentucky","Edmonson County",4,8,125,60,65
050,21,061,"Kentucky","Edmonson County",4,9,119,63,56
050,21,061,"Kentucky","Edmonson County",4,10,123,63,60
050,21,061,"Kentucky","Edmonson County",4,11,133,71,62
050,21,061,"Kentucky","Edmonson County",4,12,118,56,62
050,21,061,"Kentucky","Edmonson County",4,13,135,65,70
050,21,061,"Kentucky","Edmonson County",4,14,130,72,58
050,21,061,"Kentucky","Edmonson County",4,15,129,71,58
050,21,061,"Kentucky","Edmonson County",4,16,143,75,68
050,21,061,"Kentucky","Edmonson County",4,17,156,79,77
050,21,061,"Kentucky","Edmonson County",4,18,122,63,59
050,21,061,"Kentucky","Edmonson County",4,19,108,57,51
050,21,061,"Kentucky","Edmonson County",4,20,110,55,55
050,21,061,"Kentucky","Edmonson County",4,21,111,56,55
050,21,061,"Kentucky","Edmonson County",4,22,121,64,57
050,21,061,"Kentucky","Edmonson County",4,23,131,71,60
050,21,061,"Kentucky","Edmonson County",4,24,149,78,71
050,21,061,"Kentucky","Edmonson County",4,25,152,66,86
050,21,061,"Kentucky","Edmonson County",4,26,132,64,68
050,21,061,"Kentucky","Edmonson County",4,27,163,81,82
050,21,061,"Kentucky","Edmonson County",4,28,138,69,69
050,21,061,"Kentucky","Edmonson County",4,29,153,75,78
050,21,061,"Kentucky","Edmonson County",4,30,146,76,70
050,21,061,"Kentucky","Edmonson County",4,31,162,93,69
050,21,061,"Kentucky","Edmonson County",4,32,155,75,80
050,21,061,"Kentucky","Edmonson County",4,33,171,84,87
050,21,061,"Kentucky","Edmonson County",4,34,139,62,77
050,21,061,"Kentucky","Edmonson County",4,35,136,67,69
050,21,061,"Kentucky","Edmonson County",4,36,149,72,77
050,21,061,"Kentucky","Edmonson County",4,37,151,72,79
050,21,061,"Kentucky","Edmonson County",4,38,132,69,63
050,21,061,"Kentucky","Edmonson County",4,39,131,62,69
050,21,061,"Kentucky","Edmonson County",4,40,146,68,78
050,21,061,"Kentucky","Edmonson County",4,41,163,80,83
050,21,061,"Kentucky","Edmonson County",4,42,169,93,76
050,21,061,"Kentucky","Edmonson County",4,43,155,80,75
050,21,061,"Kentucky","Edmonson County",4,44,178,98,80
050,21,061,"Kentucky","Edmonson County",4,45,159,83,76
050,21,061,"Kentucky","Edmonson County",4,46,156,75,81
050,21,061,"Kentucky","Edmonson County",4,47,162,84,78
050,21,061,"Kentucky","Edmonson County",4,48,164,84,80
050,21,061,"Kentucky","Edmonson County",4,49,159,76,83
050,21,061,"Kentucky","Edmonson County",4,50,191,92,99
050,21,061,"Kentucky","Edmonson County",4,51,193,91,102
050,21,061,"Kentucky","Edmonson County",4,52,160,80,80
050,21,061,"Kentucky","Edmonson County",4,53,160,73,87
050,21,061,"Kentucky","Edmonson County",4,54,184,87,97
050,21,061,"Kentucky","Edmonson County",4,55,165,83,82
050,21,061,"Kentucky","Edmonson County",4,56,161,80,81
050,21,061,"Kentucky","Edmonson County",4,57,155,75,80
050,21,061,"Kentucky","Edmonson County",4,58,208,107,101
050,21,061,"Kentucky","Edmonson County",4,59,222,116,106
050,21,061,"Kentucky","Edmonson County",4,60,199,107,92
050,21,061,"Kentucky","Edmonson County",4,61,188,105,83
050,21,061,"Kentucky","Edmonson County",4,62,190,102,88
050,21,061,"Kentucky","Edmonson County",4,63,201,102,99
050,21,061,"Kentucky","Edmonson County",4,64,197,90,107
050,21,061,"Kentucky","Edmonson County",4,65,176,84,92
050,21,061,"Kentucky","Edmonson County",4,66,168,83,85
050,21,061,"Kentucky","Edmonson County",4,67,176,81,95
050,21,061,"Kentucky","Edmonson County",4,68,176,88,88
050,21,061,"Kentucky","Edmonson County",4,69,161,85,76
050,21,061,"Kentucky","Edmonson County",4,70,140,68,72
050,21,061,"Kentucky","Edmonson County",4,71,150,78,72
050,21,061,"Kentucky","Edmonson County",4,72,146,74,72
050,21,061,"Kentucky","Edmonson County",4,73,152,71,81
050,21,061,"Kentucky","Edmonson County",4,74,138,61,77
050,21,061,"Kentucky","Edmonson County",4,75,139,67,72
050,21,061,"Kentucky","Edmonson County",4,76,93,47,46
050,21,061,"Kentucky","Edmonson County",4,77,104,51,53
050,21,061,"Kentucky","Edmonson County",4,78,88,39,49
050,21,061,"Kentucky","Edmonson County",4,79,92,40,52
050,21,061,"Kentucky","Edmonson County",4,80,73,37,36
050,21,061,"Kentucky","Edmonson County",4,81,73,35,38
050,21,061,"Kentucky","Edmonson County",4,82,62,32,30
050,21,061,"Kentucky","Edmonson County",4,83,54,23,31
050,21,061,"Kentucky","Edmonson County",4,84,47,22,25
050,21,061,"Kentucky","Edmonson County",4,85,219,90,129
050,21,061,"Kentucky","Edmonson County",5,0,105,61,44
050,21,061,"Kentucky","Edmonson County",5,1,110,70,40
050,21,061,"Kentucky","Edmonson County",5,2,122,61,61
050,21,061,"Kentucky","Edmonson County",5,3,117,57,60
050,21,061,"Kentucky","Edmonson County",5,4,122,65,57
050,21,061,"Kentucky","Edmonson County",5,5,110,58,52
050,21,061,"Kentucky","Edmonson County",5,6,117,64,53
050,21,061,"Kentucky","Edmonson County",5,7,116,53,63
050,21,061,"Kentucky","Edmonson County",5,8,122,56,66
050,21,061,"Kentucky","Edmonson County",5,9,121,57,64
050,21,061,"Kentucky","Edmonson County",5,10,110,56,54
050,21,061,"Kentucky","Edmonson County",5,11,131,68,63
050,21,061,"Kentucky","Edmonson County",5,12,127,68,59
050,21,061,"Kentucky","Edmonson County",5,13,133,65,68
050,21,061,"Kentucky","Edmonson County",5,14,139,69,70
050,21,061,"Kentucky","Edmonson County",5,15,133,73,60
050,21,061,"Kentucky","Edmonson County",5,16,142,80,62
050,21,061,"Kentucky","Edmonson County",5,17,158,83,75
050,21,061,"Kentucky","Edmonson County",5,18,145,79,66
050,21,061,"Kentucky","Edmonson County",5,19,111,61,50
050,21,061,"Kentucky","Edmonson County",5,20,116,61,55
050,21,061,"Kentucky","Edmonson County",5,21,112,60,52
050,21,061,"Kentucky","Edmonson County",5,22,121,64,57
050,21,061,"Kentucky","Edmonson County",5,23,143,75,68
050,21,061,"Kentucky","Edmonson County",5,24,134,71,63
050,21,061,"Kentucky","Edmonson County",5,25,149,84,65
050,21,061,"Kentucky","Edmonson County",5,26,153,67,86
050,21,061,"Kentucky","Edmonson County",5,27,141,71,70
050,21,061,"Kentucky","Edmonson County",5,28,161,77,84
050,21,061,"Kentucky","Edmonson County",5,29,145,73,72
050,21,061,"Kentucky","Edmonson County",5,30,145,70,75
050,21,061,"Kentucky","Edmonson County",5,31,145,77,68
050,21,061,"Kentucky","Edmonson County",5,32,167,96,71
050,21,061,"Kentucky","Edmonson County",5,33,161,77,84
050,21,061,"Kentucky","Edmonson County",5,34,168,84,84
050,21,061,"Kentucky","Edmonson County",5,35,150,66,84
050,21,061,"Kentucky","Edmonson County",5,36,134,70,64
050,21,061,"Kentucky","Edmonson County",5,37,148,67,81
050,21,061,"Kentucky","Edmonson County",5,38,150,72,78
050,21,061,"Kentucky","Edmonson County",5,39,143,75,68
050,21,061,"Kentucky","Edmonson County",5,40,132,62,70
050,21,061,"Kentucky","Edmonson County",5,41,152,71,81
050,21,061,"Kentucky","Edmonson County",5,42,170,80,90
050,21,061,"Kentucky","Edmonson County",5,43,168,92,76
050,21,061,"Kentucky","Edmonson County",5,44,156,83,73
050,21,061,"Kentucky","Edmonson County",5,45,174,93,81
050,21,061,"Kentucky","Edmonson County",5,46,160,84,76
050,21,061,"Kentucky","Edmonson County",5,47,157,77,80
050,21,061,"Kentucky","Edmonson County",5,48,168,84,84
050,21,061,"Kentucky","Edmonson County",5,49,174,87,87
050,21,061,"Kentucky","Edmonson County",5,50,163,75,88
050,21,061,"Kentucky","Edmonson County",5,51,198,96,102
050,21,061,"Kentucky","Edmonson County",5,52,195,91,104
050,21,061,"Kentucky","Edmonson County",5,53,165,78,87
050,21,061,"Kentucky","Edmonson County",5,54,163,76,87
050,21,061,"Kentucky","Edmonson County",5,55,186,87,99
050,21,061,"Kentucky","Edmonson County",5,56,170,87,83
050,21,061,"Kentucky","Edmonson County",5,57,164,82,82
050,21,061,"Kentucky","Edmonson County",5,58,157,76,81
050,21,061,"Kentucky","Edmonson County",5,59,211,112,99
050,21,061,"Kentucky","Edmonson County",5,60,218,115,103
050,21,061,"Kentucky","Edmonson County",5,61,201,105,96
050,21,061,"Kentucky","Edmonson County",5,62,190,105,85
050,21,061,"Kentucky","Edmonson County",5,63,195,99,96
050,21,061,"Kentucky","Edmonson County",5,64,195,95,100
050,21,061,"Kentucky","Edmonson County",5,65,194,89,105
050,21,061,"Kentucky","Edmonson County",5,66,169,79,90
050,21,061,"Kentucky","Edmonson County",5,67,167,84,83
050,21,061,"Kentucky","Edmonson County",5,68,180,82,98
050,21,061,"Kentucky","Edmonson County",5,69,177,90,87
050,21,061,"Kentucky","Edmonson County",5,70,155,80,75
050,21,061,"Kentucky","Edmonson County",5,71,141,66,75
050,21,061,"Kentucky","Edmonson County",5,72,141,71,70
050,21,061,"Kentucky","Edmonson County",5,73,147,76,71
050,21,061,"Kentucky","Edmonson County",5,74,148,70,78
050,21,061,"Kentucky","Edmonson County",5,75,132,59,73
050,21,061,"Kentucky","Edmonson County",5,76,132,65,67
050,21,061,"Kentucky","Edmonson County",5,77,91,45,46
050,21,061,"Kentucky","Edmonson County",5,78,92,47,45
050,21,061,"Kentucky","Edmonson County",5,79,82,35,47
050,21,061,"Kentucky","Edmonson County",5,80,83,38,45
050,21,061,"Kentucky","Edmonson County",5,81,73,36,37
050,21,061,"Kentucky","Edmonson County",5,82,63,32,31
050,21,061,"Kentucky","Edmonson County",5,83,63,30,33
050,21,061,"Kentucky","Edmonson County",5,84,48,22,26
050,21,061,"Kentucky","Edmonson County",5,85,211,86,125
050,21,063,"Kentucky","Elliott County",1,0,59,30,29
050,21,063,"Kentucky","Elliott County",1,1,59,33,26
050,21,063,"Kentucky","Elliott County",1,2,64,38,26
050,21,063,"Kentucky","Elliott County",1,3,64,28,36
050,21,063,"Kentucky","Elliott County",1,4,62,37,25
050,21,063,"Kentucky","Elliott County",1,5,76,39,37
050,21,063,"Kentucky","Elliott County",1,6,72,35,37
050,21,063,"Kentucky","Elliott County",1,7,70,34,36
050,21,063,"Kentucky","Elliott County",1,8,61,31,30
050,21,063,"Kentucky","Elliott County",1,9,72,37,35
050,21,063,"Kentucky","Elliott County",1,10,74,40,34
050,21,063,"Kentucky","Elliott County",1,11,83,46,37
050,21,063,"Kentucky","Elliott County",1,12,85,48,37
050,21,063,"Kentucky","Elliott County",1,13,85,41,44
050,21,063,"Kentucky","Elliott County",1,14,80,33,47
050,21,063,"Kentucky","Elliott County",1,15,67,29,38
050,21,063,"Kentucky","Elliott County",1,16,68,37,31
050,21,063,"Kentucky","Elliott County",1,17,77,40,37
050,21,063,"Kentucky","Elliott County",1,18,72,38,34
050,21,063,"Kentucky","Elliott County",1,19,59,31,28
050,21,063,"Kentucky","Elliott County",1,20,66,41,25
050,21,063,"Kentucky","Elliott County",1,21,72,48,24
050,21,063,"Kentucky","Elliott County",1,22,93,66,27
050,21,063,"Kentucky","Elliott County",1,23,99,64,35
050,21,063,"Kentucky","Elliott County",1,24,93,65,28
050,21,063,"Kentucky","Elliott County",1,25,112,78,34
050,21,063,"Kentucky","Elliott County",1,26,107,72,35
050,21,063,"Kentucky","Elliott County",1,27,116,87,29
050,21,063,"Kentucky","Elliott County",1,28,114,77,37
050,21,063,"Kentucky","Elliott County",1,29,118,85,33
050,21,063,"Kentucky","Elliott County",1,30,101,71,30
050,21,063,"Kentucky","Elliott County",1,31,112,77,35
050,21,063,"Kentucky","Elliott County",1,32,96,63,33
050,21,063,"Kentucky","Elliott County",1,33,85,54,31
050,21,063,"Kentucky","Elliott County",1,34,91,59,32
050,21,063,"Kentucky","Elliott County",1,35,80,52,28
050,21,063,"Kentucky","Elliott County",1,36,100,68,32
050,21,063,"Kentucky","Elliott County",1,37,102,72,30
050,21,063,"Kentucky","Elliott County",1,38,98,65,33
050,21,063,"Kentucky","Elliott County",1,39,102,61,41
050,21,063,"Kentucky","Elliott County",1,40,93,53,40
050,21,063,"Kentucky","Elliott County",1,41,113,75,38
050,21,063,"Kentucky","Elliott County",1,42,93,60,33
050,21,063,"Kentucky","Elliott County",1,43,97,57,40
050,21,063,"Kentucky","Elliott County",1,44,101,53,48
050,21,063,"Kentucky","Elliott County",1,45,109,67,42
050,21,063,"Kentucky","Elliott County",1,46,120,76,44
050,21,063,"Kentucky","Elliott County",1,47,104,61,43
050,21,063,"Kentucky","Elliott County",1,48,115,74,41
050,21,063,"Kentucky","Elliott County",1,49,112,74,38
050,21,063,"Kentucky","Elliott County",1,50,106,72,34
050,21,063,"Kentucky","Elliott County",1,51,97,64,33
050,21,063,"Kentucky","Elliott County",1,52,97,55,42
050,21,063,"Kentucky","Elliott County",1,53,96,55,41
050,21,063,"Kentucky","Elliott County",1,54,94,56,38
050,21,063,"Kentucky","Elliott County",1,55,111,60,51
050,21,063,"Kentucky","Elliott County",1,56,102,54,48
050,21,063,"Kentucky","Elliott County",1,57,87,46,41
050,21,063,"Kentucky","Elliott County",1,58,94,52,42
050,21,063,"Kentucky","Elliott County",1,59,80,47,33
050,21,063,"Kentucky","Elliott County",1,60,87,51,36
050,21,063,"Kentucky","Elliott County",1,61,96,53,43
050,21,063,"Kentucky","Elliott County",1,62,94,50,44
050,21,063,"Kentucky","Elliott County",1,63,103,50,53
050,21,063,"Kentucky","Elliott County",1,64,101,50,51
050,21,063,"Kentucky","Elliott County",1,65,89,44,45
050,21,063,"Kentucky","Elliott County",1,66,105,54,51
050,21,063,"Kentucky","Elliott County",1,67,97,53,44
050,21,063,"Kentucky","Elliott County",1,68,97,49,48
050,21,063,"Kentucky","Elliott County",1,69,87,46,41
050,21,063,"Kentucky","Elliott County",1,70,79,41,38
050,21,063,"Kentucky","Elliott County",1,71,74,39,35
050,21,063,"Kentucky","Elliott County",1,72,86,39,47
050,21,063,"Kentucky","Elliott County",1,73,80,36,44
050,21,063,"Kentucky","Elliott County",1,74,69,35,34
050,21,063,"Kentucky","Elliott County",1,75,64,29,35
050,21,063,"Kentucky","Elliott County",1,76,64,33,31
050,21,063,"Kentucky","Elliott County",1,77,58,31,27
050,21,063,"Kentucky","Elliott County",1,78,44,23,21
050,21,063,"Kentucky","Elliott County",1,79,49,24,25
050,21,063,"Kentucky","Elliott County",1,80,40,17,23
050,21,063,"Kentucky","Elliott County",1,81,45,20,25
050,21,063,"Kentucky","Elliott County",1,82,39,22,17
050,21,063,"Kentucky","Elliott County",1,83,35,14,21
050,21,063,"Kentucky","Elliott County",1,84,33,15,18
050,21,063,"Kentucky","Elliott County",1,85,150,51,99
050,21,063,"Kentucky","Elliott County",2,0,56,31,25
050,21,063,"Kentucky","Elliott County",2,1,58,32,26
050,21,063,"Kentucky","Elliott County",2,2,63,37,26
050,21,063,"Kentucky","Elliott County",2,3,65,31,34
050,21,063,"Kentucky","Elliott County",2,4,63,35,28
050,21,063,"Kentucky","Elliott County",2,5,73,39,34
050,21,063,"Kentucky","Elliott County",2,6,74,36,38
050,21,063,"Kentucky","Elliott County",2,7,67,32,35
050,21,063,"Kentucky","Elliott County",2,8,64,32,32
050,21,063,"Kentucky","Elliott County",2,9,68,35,33
050,21,063,"Kentucky","Elliott County",2,10,72,38,34
050,21,063,"Kentucky","Elliott County",2,11,81,45,36
050,21,063,"Kentucky","Elliott County",2,12,84,47,37
050,21,063,"Kentucky","Elliott County",2,13,85,43,42
050,21,063,"Kentucky","Elliott County",2,14,80,34,46
050,21,063,"Kentucky","Elliott County",2,15,69,29,40
050,21,063,"Kentucky","Elliott County",2,16,67,35,32
050,21,063,"Kentucky","Elliott County",2,17,76,40,36
050,21,063,"Kentucky","Elliott County",2,18,71,38,33
050,21,063,"Kentucky","Elliott County",2,19,58,31,27
050,21,063,"Kentucky","Elliott County",2,20,68,41,27
050,21,063,"Kentucky","Elliott County",2,21,73,48,25
050,21,063,"Kentucky","Elliott County",2,22,92,66,26
050,21,063,"Kentucky","Elliott County",2,23,96,64,32
050,21,063,"Kentucky","Elliott County",2,24,95,65,30
050,21,063,"Kentucky","Elliott County",2,25,111,79,32
050,21,063,"Kentucky","Elliott County",2,26,107,73,34
050,21,063,"Kentucky","Elliott County",2,27,116,85,31
050,21,063,"Kentucky","Elliott County",2,28,112,76,36
050,21,063,"Kentucky","Elliott County",2,29,119,86,33
050,21,063,"Kentucky","Elliott County",2,30,105,74,31
050,21,063,"Kentucky","Elliott County",2,31,112,79,33
050,21,063,"Kentucky","Elliott County",2,32,94,60,34
050,21,063,"Kentucky","Elliott County",2,33,86,54,32
050,21,063,"Kentucky","Elliott County",2,34,91,60,31
050,21,063,"Kentucky","Elliott County",2,35,79,50,29
050,21,063,"Kentucky","Elliott County",2,36,97,66,31
050,21,063,"Kentucky","Elliott County",2,37,103,72,31
050,21,063,"Kentucky","Elliott County",2,38,98,66,32
050,21,063,"Kentucky","Elliott County",2,39,101,61,40
050,21,063,"Kentucky","Elliott County",2,40,94,54,40
050,21,063,"Kentucky","Elliott County",2,41,111,72,39
050,21,063,"Kentucky","Elliott County",2,42,97,63,34
050,21,063,"Kentucky","Elliott County",2,43,95,57,38
050,21,063,"Kentucky","Elliott County",2,44,98,53,45
050,21,063,"Kentucky","Elliott County",2,45,110,66,44
050,21,063,"Kentucky","Elliott County",2,46,114,72,42
050,21,063,"Kentucky","Elliott County",2,47,104,61,43
050,21,063,"Kentucky","Elliott County",2,48,113,73,40
050,21,063,"Kentucky","Elliott County",2,49,111,73,38
050,21,063,"Kentucky","Elliott County",2,50,108,73,35
050,21,063,"Kentucky","Elliott County",2,51,99,66,33
050,21,063,"Kentucky","Elliott County",2,52,95,55,40
050,21,063,"Kentucky","Elliott County",2,53,95,54,41
050,21,063,"Kentucky","Elliott County",2,54,92,54,38
050,21,063,"Kentucky","Elliott County",2,55,109,61,48
050,21,063,"Kentucky","Elliott County",2,56,104,55,49
050,21,063,"Kentucky","Elliott County",2,57,91,47,44
050,21,063,"Kentucky","Elliott County",2,58,93,52,41
050,21,063,"Kentucky","Elliott County",2,59,82,46,36
050,21,063,"Kentucky","Elliott County",2,60,84,50,34
050,21,063,"Kentucky","Elliott County",2,61,94,53,41
050,21,063,"Kentucky","Elliott County",2,62,95,51,44
050,21,063,"Kentucky","Elliott County",2,63,102,50,52
050,21,063,"Kentucky","Elliott County",2,64,99,48,51
050,21,063,"Kentucky","Elliott County",2,65,93,46,47
050,21,063,"Kentucky","Elliott County",2,66,101,51,50
050,21,063,"Kentucky","Elliott County",2,67,99,53,46
050,21,063,"Kentucky","Elliott County",2,68,95,48,47
050,21,063,"Kentucky","Elliott County",2,69,91,48,43
050,21,063,"Kentucky","Elliott County",2,70,80,41,39
050,21,063,"Kentucky","Elliott County",2,71,76,40,36
050,21,063,"Kentucky","Elliott County",2,72,83,39,44
050,21,063,"Kentucky","Elliott County",2,73,85,39,46
050,21,063,"Kentucky","Elliott County",2,74,67,33,34
050,21,063,"Kentucky","Elliott County",2,75,63,29,34
050,21,063,"Kentucky","Elliott County",2,76,64,32,32
050,21,063,"Kentucky","Elliott County",2,77,61,32,29
050,21,063,"Kentucky","Elliott County",2,78,44,24,20
050,21,063,"Kentucky","Elliott County",2,79,48,24,24
050,21,063,"Kentucky","Elliott County",2,80,42,19,23
050,21,063,"Kentucky","Elliott County",2,81,43,19,24
050,21,063,"Kentucky","Elliott County",2,82,42,22,20
050,21,063,"Kentucky","Elliott County",2,83,33,15,18
050,21,063,"Kentucky","Elliott County",2,84,32,15,17
050,21,063,"Kentucky","Elliott County",2,85,154,55,99
050,21,063,"Kentucky","Elliott County",3,0,44,21,23
050,21,063,"Kentucky","Elliott County",3,1,56,31,25
050,21,063,"Kentucky","Elliott County",3,2,57,35,22
050,21,063,"Kentucky","Elliott County",3,3,64,36,28
050,21,063,"Kentucky","Elliott County",3,4,66,32,34
050,21,063,"Kentucky","Elliott County",3,5,67,37,30
050,21,063,"Kentucky","Elliott County",3,6,80,46,34
050,21,063,"Kentucky","Elliott County",3,7,73,37,36
050,21,063,"Kentucky","Elliott County",3,8,67,33,34
050,21,063,"Kentucky","Elliott County",3,9,75,40,35
050,21,063,"Kentucky","Elliott County",3,10,68,36,32
050,21,063,"Kentucky","Elliott County",3,11,73,38,35
050,21,063,"Kentucky","Elliott County",3,12,87,49,38
050,21,063,"Kentucky","Elliott County",3,13,88,46,42
050,21,063,"Kentucky","Elliott County",3,14,82,42,40
050,21,063,"Kentucky","Elliott County",3,15,81,35,46
050,21,063,"Kentucky","Elliott County",3,16,68,29,39
050,21,063,"Kentucky","Elliott County",3,17,63,32,31
050,21,063,"Kentucky","Elliott County",3,18,63,38,25
050,21,063,"Kentucky","Elliott County",3,19,58,33,25
050,21,063,"Kentucky","Elliott County",3,20,74,41,33
050,21,063,"Kentucky","Elliott County",3,21,79,48,31
050,21,063,"Kentucky","Elliott County",3,22,100,73,27
050,21,063,"Kentucky","Elliott County",3,23,91,61,30
050,21,063,"Kentucky","Elliott County",3,24,102,68,34
050,21,063,"Kentucky","Elliott County",3,25,106,76,30
050,21,063,"Kentucky","Elliott County",3,26,109,77,32
050,21,063,"Kentucky","Elliott County",3,27,116,82,34
050,21,063,"Kentucky","Elliott County",3,28,102,75,27
050,21,063,"Kentucky","Elliott County",3,29,124,90,34
050,21,063,"Kentucky","Elliott County",3,30,111,79,32
050,21,063,"Kentucky","Elliott County",3,31,117,84,33
050,21,063,"Kentucky","Elliott County",3,32,92,57,35
050,21,063,"Kentucky","Elliott County",3,33,94,56,38
050,21,063,"Kentucky","Elliott County",3,34,96,63,33
050,21,063,"Kentucky","Elliott County",3,35,81,47,34
050,21,063,"Kentucky","Elliott County",3,36,91,65,26
050,21,063,"Kentucky","Elliott County",3,37,104,73,31
050,21,063,"Kentucky","Elliott County",3,38,104,72,32
050,21,063,"Kentucky","Elliott County",3,39,99,64,35
050,21,063,"Kentucky","Elliott County",3,40,93,56,37
050,21,063,"Kentucky","Elliott County",3,41,105,65,40
050,21,063,"Kentucky","Elliott County",3,42,110,69,41
050,21,063,"Kentucky","Elliott County",3,43,93,60,33
050,21,063,"Kentucky","Elliott County",3,44,98,57,41
050,21,063,"Kentucky","Elliott County",3,45,103,59,44
050,21,063,"Kentucky","Elliott County",3,46,114,69,45
050,21,063,"Kentucky","Elliott County",3,47,104,61,43
050,21,063,"Kentucky","Elliott County",3,48,110,68,42
050,21,063,"Kentucky","Elliott County",3,49,108,67,41
050,21,063,"Kentucky","Elliott County",3,50,110,75,35
050,21,063,"Kentucky","Elliott County",3,51,107,69,38
050,21,063,"Kentucky","Elliott County",3,52,95,65,30
050,21,063,"Kentucky","Elliott County",3,53,90,51,39
050,21,063,"Kentucky","Elliott County",3,54,85,46,39
050,21,063,"Kentucky","Elliott County",3,55,96,58,38
050,21,063,"Kentucky","Elliott County",3,56,112,66,46
050,21,063,"Kentucky","Elliott County",3,57,99,49,50
050,21,063,"Kentucky","Elliott County",3,58,98,56,42
050,21,063,"Kentucky","Elliott County",3,59,84,40,44
050,21,063,"Kentucky","Elliott County",3,60,79,46,33
050,21,063,"Kentucky","Elliott County",3,61,82,54,28
050,21,063,"Kentucky","Elliott County",3,62,93,51,42
050,21,063,"Kentucky","Elliott County",3,63,96,52,44
050,21,063,"Kentucky","Elliott County",3,64,96,45,51
050,21,063,"Kentucky","Elliott County",3,65,98,48,50
050,21,063,"Kentucky","Elliott County",3,66,100,50,50
050,21,063,"Kentucky","Elliott County",3,67,96,48,48
050,21,063,"Kentucky","Elliott County",3,68,93,50,43
050,21,063,"Kentucky","Elliott County",3,69,92,48,44
050,21,063,"Kentucky","Elliott County",3,70,87,42,45
050,21,063,"Kentucky","Elliott County",3,71,75,40,35
050,21,063,"Kentucky","Elliott County",3,72,76,39,37
050,21,063,"Kentucky","Elliott County",3,73,77,37,40
050,21,063,"Kentucky","Elliott County",3,74,86,43,43
050,21,063,"Kentucky","Elliott County",3,75,67,30,37
050,21,063,"Kentucky","Elliott County",3,76,60,29,31
050,21,063,"Kentucky","Elliott County",3,77,65,28,37
050,21,063,"Kentucky","Elliott County",3,78,56,32,24
050,21,063,"Kentucky","Elliott County",3,79,46,24,22
050,21,063,"Kentucky","Elliott County",3,80,44,22,22
050,21,063,"Kentucky","Elliott County",3,81,37,16,21
050,21,063,"Kentucky","Elliott County",3,82,45,19,26
050,21,063,"Kentucky","Elliott County",3,83,31,16,15
050,21,063,"Kentucky","Elliott County",3,84,31,14,17
050,21,063,"Kentucky","Elliott County",3,85,167,62,105
050,21,063,"Kentucky","Elliott County",4,0,51,23,28
050,21,063,"Kentucky","Elliott County",4,1,41,17,24
050,21,063,"Kentucky","Elliott County",4,2,55,31,24
050,21,063,"Kentucky","Elliott County",4,3,54,33,21
050,21,063,"Kentucky","Elliott County",4,4,60,33,27
050,21,063,"Kentucky","Elliott County",4,5,63,30,33
050,21,063,"Kentucky","Elliott County",4,6,64,37,27
050,21,063,"Kentucky","Elliott County",4,7,76,44,32
050,21,063,"Kentucky","Elliott County",4,8,72,35,37
050,21,063,"Kentucky","Elliott County",4,9,67,32,35
050,21,063,"Kentucky","Elliott County",4,10,74,41,33
050,21,063,"Kentucky","Elliott County",4,11,70,36,34
050,21,063,"Kentucky","Elliott County",4,12,72,39,33
050,21,063,"Kentucky","Elliott County",4,13,89,50,39
050,21,063,"Kentucky","Elliott County",4,14,86,45,41
050,21,063,"Kentucky","Elliott County",4,15,88,48,40
050,21,063,"Kentucky","Elliott County",4,16,77,32,45
050,21,063,"Kentucky","Elliott County",4,17,63,29,34
050,21,063,"Kentucky","Elliott County",4,18,52,31,21
050,21,063,"Kentucky","Elliott County",4,19,55,36,19
050,21,063,"Kentucky","Elliott County",4,20,69,41,28
050,21,063,"Kentucky","Elliott County",4,21,79,46,33
050,21,063,"Kentucky","Elliott County",4,22,100,70,30
050,21,063,"Kentucky","Elliott County",4,23,104,74,30
050,21,063,"Kentucky","Elliott County",4,24,85,61,24
050,21,063,"Kentucky","Elliott County",4,25,110,83,27
050,21,063,"Kentucky","Elliott County",4,26,102,70,32
050,21,063,"Kentucky","Elliott County",4,27,113,88,25
050,21,063,"Kentucky","Elliott County",4,28,100,66,34
050,21,063,"Kentucky","Elliott County",4,29,114,84,30
050,21,063,"Kentucky","Elliott County",4,30,124,85,39
050,21,063,"Kentucky","Elliott County",4,31,114,86,28
050,21,063,"Kentucky","Elliott County",4,32,93,59,34
050,21,063,"Kentucky","Elliott County",4,33,82,53,29
050,21,063,"Kentucky","Elliott County",4,34,100,66,34
050,21,063,"Kentucky","Elliott County",4,35,84,51,33
050,21,063,"Kentucky","Elliott County",4,36,86,56,30
050,21,063,"Kentucky","Elliott County",4,37,96,69,27
050,21,063,"Kentucky","Elliott County",4,38,94,62,32
050,21,063,"Kentucky","Elliott County",4,39,106,70,36
050,21,063,"Kentucky","Elliott County",4,40,92,59,33
050,21,063,"Kentucky","Elliott County",4,41,102,64,38
050,21,063,"Kentucky","Elliott County",4,42,102,62,40
050,21,063,"Kentucky","Elliott County",4,43,107,66,41
050,21,063,"Kentucky","Elliott County",4,44,93,60,33
050,21,063,"Kentucky","Elliott County",4,45,105,63,42
050,21,063,"Kentucky","Elliott County",4,46,100,55,45
050,21,063,"Kentucky","Elliott County",4,47,105,59,46
050,21,063,"Kentucky","Elliott County",4,48,116,75,41
050,21,063,"Kentucky","Elliott County",4,49,103,63,40
050,21,063,"Kentucky","Elliott County",4,50,113,70,43
050,21,063,"Kentucky","Elliott County",4,51,108,73,35
050,21,063,"Kentucky","Elliott County",4,52,102,67,35
050,21,063,"Kentucky","Elliott County",4,53,91,60,31
050,21,063,"Kentucky","Elliott County",4,54,77,40,37
050,21,063,"Kentucky","Elliott County",4,55,91,52,39
050,21,063,"Kentucky","Elliott County",4,56,103,65,38
050,21,063,"Kentucky","Elliott County",4,57,111,61,50
050,21,063,"Kentucky","Elliott County",4,58,106,58,48
050,21,063,"Kentucky","Elliott County",4,59,91,44,47
050,21,063,"Kentucky","Elliott County",4,60,82,41,41
050,21,063,"Kentucky","Elliott County",4,61,85,52,33
050,21,063,"Kentucky","Elliott County",4,62,84,53,31
050,21,063,"Kentucky","Elliott County",4,63,93,51,42
050,21,063,"Kentucky","Elliott County",4,64,91,46,45
050,21,063,"Kentucky","Elliott County",4,65,104,51,53
050,21,063,"Kentucky","Elliott County",4,66,99,48,51
050,21,063,"Kentucky","Elliott County",4,67,96,48,48
050,21,063,"Kentucky","Elliott County",4,68,92,47,45
050,21,063,"Kentucky","Elliott County",4,69,94,53,41
050,21,063,"Kentucky","Elliott County",4,70,90,44,46
050,21,063,"Kentucky","Elliott County",4,71,84,41,43
050,21,063,"Kentucky","Elliott County",4,72,77,40,37
050,21,063,"Kentucky","Elliott County",4,73,72,37,35
050,21,063,"Kentucky","Elliott County",4,74,74,39,35
050,21,063,"Kentucky","Elliott County",4,75,78,36,42
050,21,063,"Kentucky","Elliott County",4,76,65,31,34
050,21,063,"Kentucky","Elliott County",4,77,56,25,31
050,21,063,"Kentucky","Elliott County",4,78,58,27,31
050,21,063,"Kentucky","Elliott County",4,79,58,32,26
050,21,063,"Kentucky","Elliott County",4,80,42,21,21
050,21,063,"Kentucky","Elliott County",4,81,39,20,19
050,21,063,"Kentucky","Elliott County",4,82,42,16,26
050,21,063,"Kentucky","Elliott County",4,83,36,16,20
050,21,063,"Kentucky","Elliott County",4,84,24,11,13
050,21,063,"Kentucky","Elliott County",4,85,175,69,106
050,21,063,"Kentucky","Elliott County",5,0,51,23,28
050,21,063,"Kentucky","Elliott County",5,1,49,23,26
050,21,063,"Kentucky","Elliott County",5,2,46,18,28
050,21,063,"Kentucky","Elliott County",5,3,54,30,24
050,21,063,"Kentucky","Elliott County",5,4,56,34,22
050,21,063,"Kentucky","Elliott County",5,5,59,33,26
050,21,063,"Kentucky","Elliott County",5,6,65,32,33
050,21,063,"Kentucky","Elliott County",5,7,66,37,29
050,21,063,"Kentucky","Elliott County",5,8,75,44,31
050,21,063,"Kentucky","Elliott County",5,9,74,36,38
050,21,063,"Kentucky","Elliott County",5,10,64,30,34
050,21,063,"Kentucky","Elliott County",5,11,75,42,33
050,21,063,"Kentucky","Elliott County",5,12,71,36,35
050,21,063,"Kentucky","Elliott County",5,13,74,41,33
050,21,063,"Kentucky","Elliott County",5,14,88,48,40
050,21,063,"Kentucky","Elliott County",5,15,87,46,41
050,21,063,"Kentucky","Elliott County",5,16,89,50,39
050,21,063,"Kentucky","Elliott County",5,17,74,27,47
050,21,063,"Kentucky","Elliott County",5,18,55,26,29
050,21,063,"Kentucky","Elliott County",5,19,43,26,17
050,21,063,"Kentucky","Elliott County",5,20,64,46,18
050,21,063,"Kentucky","Elliott County",5,21,74,43,31
050,21,063,"Kentucky","Elliott County",5,22,98,63,35
050,21,063,"Kentucky","Elliott County",5,23,95,64,31
050,21,063,"Kentucky","Elliott County",5,24,101,69,32
050,21,063,"Kentucky","Elliott County",5,25,97,69,28
050,21,063,"Kentucky","Elliott County",5,26,106,80,26
050,21,063,"Kentucky","Elliott County",5,27,109,78,31
050,21,063,"Kentucky","Elliott County",5,28,104,76,28
050,21,063,"Kentucky","Elliott County",5,29,107,74,33
050,21,063,"Kentucky","Elliott County",5,30,106,77,29
050,21,063,"Kentucky","Elliott County",5,31,139,100,39
050,21,063,"Kentucky","Elliott County",5,32,89,60,29
050,21,063,"Kentucky","Elliott County",5,33,84,52,32
050,21,063,"Kentucky","Elliott County",5,34,96,65,31
050,21,063,"Kentucky","Elliott County",5,35,89,54,35
050,21,063,"Kentucky","Elliott County",5,36,95,60,35
050,21,063,"Kentucky","Elliott County",5,37,89,60,29
050,21,063,"Kentucky","Elliott County",5,38,89,62,27
050,21,063,"Kentucky","Elliott County",5,39,102,68,34
050,21,063,"Kentucky","Elliott County",5,40,97,66,31
050,21,063,"Kentucky","Elliott County",5,41,98,66,32
050,21,063,"Kentucky","Elliott County",5,42,96,59,37
050,21,063,"Kentucky","Elliott County",5,43,97,57,40
050,21,063,"Kentucky","Elliott County",5,44,105,66,39
050,21,063,"Kentucky","Elliott County",5,45,94,61,33
050,21,063,"Kentucky","Elliott County",5,46,108,66,42
050,21,063,"Kentucky","Elliott County",5,47,86,40,46
050,21,063,"Kentucky","Elliott County",5,48,118,71,47
050,21,063,"Kentucky","Elliott County",5,49,106,71,35
050,21,063,"Kentucky","Elliott County",5,50,105,63,42
050,21,063,"Kentucky","Elliott County",5,51,116,69,47
050,21,063,"Kentucky","Elliott County",5,52,109,71,38
050,21,063,"Kentucky","Elliott County",5,53,100,64,36
050,21,063,"Kentucky","Elliott County",5,54,81,52,29
050,21,063,"Kentucky","Elliott County",5,55,79,44,35
050,21,063,"Kentucky","Elliott County",5,56,95,55,40
050,21,063,"Kentucky","Elliott County",5,57,98,59,39
050,21,063,"Kentucky","Elliott County",5,58,116,70,46
050,21,063,"Kentucky","Elliott County",5,59,97,44,53
050,21,063,"Kentucky","Elliott County",5,60,83,40,43
050,21,063,"Kentucky","Elliott County",5,61,80,42,38
050,21,063,"Kentucky","Elliott County",5,62,82,50,32
050,21,063,"Kentucky","Elliott County",5,63,83,52,31
050,21,063,"Kentucky","Elliott County",5,64,86,45,41
050,21,063,"Kentucky","Elliott County",5,65,90,46,44
050,21,063,"Kentucky","Elliott County",5,66,105,50,55
050,21,063,"Kentucky","Elliott County",5,67,97,47,50
050,21,063,"Kentucky","Elliott County",5,68,92,47,45
050,21,063,"Kentucky","Elliott County",5,69,94,50,44
050,21,063,"Kentucky","Elliott County",5,70,91,48,43
050,21,063,"Kentucky","Elliott County",5,71,86,43,43
050,21,063,"Kentucky","Elliott County",5,72,86,40,46
050,21,063,"Kentucky","Elliott County",5,73,73,37,36
050,21,063,"Kentucky","Elliott County",5,74,72,39,33
050,21,063,"Kentucky","Elliott County",5,75,70,35,35
050,21,063,"Kentucky","Elliott County",5,76,76,36,40
050,21,063,"Kentucky","Elliott County",5,77,61,26,35
050,21,063,"Kentucky","Elliott County",5,78,53,26,27
050,21,063,"Kentucky","Elliott County",5,79,58,26,32
050,21,063,"Kentucky","Elliott County",5,80,53,28,25
050,21,063,"Kentucky","Elliott County",5,81,37,19,18
050,21,063,"Kentucky","Elliott County",5,82,42,20,22
050,21,063,"Kentucky","Elliott County",5,83,32,12,20
050,21,063,"Kentucky","Elliott County",5,84,34,15,19
050,21,063,"Kentucky","Elliott County",5,85,180,74,106
050,21,065,"Kentucky","Estill County",1,0,146,74,72
050,21,065,"Kentucky","Estill County",1,1,154,78,76
050,21,065,"Kentucky","Estill County",1,2,153,78,75
050,21,065,"Kentucky","Estill County",1,3,139,62,77
050,21,065,"Kentucky","Estill County",1,4,179,86,93
050,21,065,"Kentucky","Estill County",1,5,168,90,78
050,21,065,"Kentucky","Estill County",1,6,157,79,78
050,21,065,"Kentucky","Estill County",1,7,173,79,94
050,21,065,"Kentucky","Estill County",1,8,160,78,82
050,21,065,"Kentucky","Estill County",1,9,151,86,65
050,21,065,"Kentucky","Estill County",1,10,169,94,75
050,21,065,"Kentucky","Estill County",1,11,186,98,88
050,21,065,"Kentucky","Estill County",1,12,191,89,102
050,21,065,"Kentucky","Estill County",1,13,186,93,93
050,21,065,"Kentucky","Estill County",1,14,206,109,97
050,21,065,"Kentucky","Estill County",1,15,188,94,94
050,21,065,"Kentucky","Estill County",1,16,197,108,89
050,21,065,"Kentucky","Estill County",1,17,186,98,88
050,21,065,"Kentucky","Estill County",1,18,152,85,67
050,21,065,"Kentucky","Estill County",1,19,111,66,45
050,21,065,"Kentucky","Estill County",1,20,119,61,58
050,21,065,"Kentucky","Estill County",1,21,130,65,65
050,21,065,"Kentucky","Estill County",1,22,134,61,73
050,21,065,"Kentucky","Estill County",1,23,154,79,75
050,21,065,"Kentucky","Estill County",1,24,162,83,79
050,21,065,"Kentucky","Estill County",1,25,153,78,75
050,21,065,"Kentucky","Estill County",1,26,160,83,77
050,21,065,"Kentucky","Estill County",1,27,177,92,85
050,21,065,"Kentucky","Estill County",1,28,175,97,78
050,21,065,"Kentucky","Estill County",1,29,195,106,89
050,21,065,"Kentucky","Estill County",1,30,180,86,94
050,21,065,"Kentucky","Estill County",1,31,149,64,85
050,21,065,"Kentucky","Estill County",1,32,143,67,76
050,21,065,"Kentucky","Estill County",1,33,140,86,54
050,21,065,"Kentucky","Estill County",1,34,149,87,62
050,21,065,"Kentucky","Estill County",1,35,152,82,70
050,21,065,"Kentucky","Estill County",1,36,151,80,71
050,21,065,"Kentucky","Estill County",1,37,159,71,88
050,21,065,"Kentucky","Estill County",1,38,158,80,78
050,21,065,"Kentucky","Estill County",1,39,161,78,83
050,21,065,"Kentucky","Estill County",1,40,194,98,96
050,21,065,"Kentucky","Estill County",1,41,186,104,82
050,21,065,"Kentucky","Estill County",1,42,184,98,86
050,21,065,"Kentucky","Estill County",1,43,175,97,78
050,21,065,"Kentucky","Estill County",1,44,171,85,86
050,21,065,"Kentucky","Estill County",1,45,167,67,100
050,21,065,"Kentucky","Estill County",1,46,177,79,98
050,21,065,"Kentucky","Estill County",1,47,165,84,81
050,21,065,"Kentucky","Estill County",1,48,192,98,94
050,21,065,"Kentucky","Estill County",1,49,216,110,106
050,21,065,"Kentucky","Estill County",1,50,213,121,92
050,21,065,"Kentucky","Estill County",1,51,206,109,97
050,21,065,"Kentucky","Estill County",1,52,214,99,115
050,21,065,"Kentucky","Estill County",1,53,218,103,115
050,21,065,"Kentucky","Estill County",1,54,202,106,96
050,21,065,"Kentucky","Estill County",1,55,244,123,121
050,21,065,"Kentucky","Estill County",1,56,222,113,109
050,21,065,"Kentucky","Estill County",1,57,220,106,114
050,21,065,"Kentucky","Estill County",1,58,240,111,129
050,21,065,"Kentucky","Estill County",1,59,245,124,121
050,21,065,"Kentucky","Estill County",1,60,211,118,93
050,21,065,"Kentucky","Estill County",1,61,205,104,101
050,21,065,"Kentucky","Estill County",1,62,195,82,113
050,21,065,"Kentucky","Estill County",1,63,169,76,93
050,21,065,"Kentucky","Estill County",1,64,161,81,80
050,21,065,"Kentucky","Estill County",1,65,157,81,76
050,21,065,"Kentucky","Estill County",1,66,183,82,101
050,21,065,"Kentucky","Estill County",1,67,185,85,100
050,21,065,"Kentucky","Estill County",1,68,180,82,98
050,21,065,"Kentucky","Estill County",1,69,177,79,98
050,21,065,"Kentucky","Estill County",1,70,170,83,87
050,21,065,"Kentucky","Estill County",1,71,170,77,93
050,21,065,"Kentucky","Estill County",1,72,156,71,85
050,21,065,"Kentucky","Estill County",1,73,167,72,95
050,21,065,"Kentucky","Estill County",1,74,121,56,65
050,21,065,"Kentucky","Estill County",1,75,123,60,63
050,21,065,"Kentucky","Estill County",1,76,116,49,67
050,21,065,"Kentucky","Estill County",1,77,116,57,59
050,21,065,"Kentucky","Estill County",1,78,98,50,48
050,21,065,"Kentucky","Estill County",1,79,83,34,49
050,21,065,"Kentucky","Estill County",1,80,88,36,52
050,21,065,"Kentucky","Estill County",1,81,73,33,40
050,21,065,"Kentucky","Estill County",1,82,55,21,34
050,21,065,"Kentucky","Estill County",1,83,45,17,28
050,21,065,"Kentucky","Estill County",1,84,51,20,31
050,21,065,"Kentucky","Estill County",1,85,205,79,126
050,21,065,"Kentucky","Estill County",2,0,149,78,71
050,21,065,"Kentucky","Estill County",2,1,152,79,73
050,21,065,"Kentucky","Estill County",2,2,154,78,76
050,21,065,"Kentucky","Estill County",2,3,143,66,77
050,21,065,"Kentucky","Estill County",2,4,170,81,89
050,21,065,"Kentucky","Estill County",2,5,171,89,82
050,21,065,"Kentucky","Estill County",2,6,162,82,80
050,21,065,"Kentucky","Estill County",2,7,170,79,91
050,21,065,"Kentucky","Estill County",2,8,163,79,84
050,21,065,"Kentucky","Estill County",2,9,153,84,69
050,21,065,"Kentucky","Estill County",2,10,164,91,73
050,21,065,"Kentucky","Estill County",2,11,180,96,84
050,21,065,"Kentucky","Estill County",2,12,190,90,100
050,21,065,"Kentucky","Estill County",2,13,190,93,97
050,21,065,"Kentucky","Estill County",2,14,201,106,95
050,21,065,"Kentucky","Estill County",2,15,192,98,94
050,21,065,"Kentucky","Estill County",2,16,197,106,91
050,21,065,"Kentucky","Estill County",2,17,190,102,88
050,21,065,"Kentucky","Estill County",2,18,150,84,66
050,21,065,"Kentucky","Estill County",2,19,113,66,47
050,21,065,"Kentucky","Estill County",2,20,121,64,57
050,21,065,"Kentucky","Estill County",2,21,132,66,66
050,21,065,"Kentucky","Estill County",2,22,134,62,72
050,21,065,"Kentucky","Estill County",2,23,152,77,75
050,21,065,"Kentucky","Estill County",2,24,159,81,78
050,21,065,"Kentucky","Estill County",2,25,155,79,76
050,21,065,"Kentucky","Estill County",2,26,160,83,77
050,21,065,"Kentucky","Estill County",2,27,173,90,83
050,21,065,"Kentucky","Estill County",2,28,175,95,80
050,21,065,"Kentucky","Estill County",2,29,191,104,87
050,21,065,"Kentucky","Estill County",2,30,183,91,92
050,21,065,"Kentucky","Estill County",2,31,156,69,87
050,21,065,"Kentucky","Estill County",2,32,142,66,76
050,21,065,"Kentucky","Estill County",2,33,140,81,59
050,21,065,"Kentucky","Estill County",2,34,147,86,61
050,21,065,"Kentucky","Estill County",2,35,152,84,68
050,21,065,"Kentucky","Estill County",2,36,151,80,71
050,21,065,"Kentucky","Estill County",2,37,156,73,83
050,21,065,"Kentucky","Estill County",2,38,159,78,81
050,21,065,"Kentucky","Estill County",2,39,161,79,82
050,21,065,"Kentucky","Estill County",2,40,190,95,95
050,21,065,"Kentucky","Estill County",2,41,187,101,86
050,21,065,"Kentucky","Estill County",2,42,187,100,87
050,21,065,"Kentucky","Estill County",2,43,179,99,80
050,21,065,"Kentucky","Estill County",2,44,169,86,83
050,21,065,"Kentucky","Estill County",2,45,168,71,97
050,21,065,"Kentucky","Estill County",2,46,176,77,99
050,21,065,"Kentucky","Estill County",2,47,165,82,83
050,21,065,"Kentucky","Estill County",2,48,188,95,93
050,21,065,"Kentucky","Estill County",2,49,212,109,103
050,21,065,"Kentucky","Estill County",2,50,211,117,94
050,21,065,"Kentucky","Estill County",2,51,206,111,95
050,21,065,"Kentucky","Estill County",2,52,211,101,110
050,21,065,"Kentucky","Estill County",2,53,217,103,114
050,21,065,"Kentucky","Estill County",2,54,205,105,100
050,21,065,"Kentucky","Estill County",2,55,233,118,115
050,21,065,"Kentucky","Estill County",2,56,230,117,113
050,21,065,"Kentucky","Estill County",2,57,221,107,114
050,21,065,"Kentucky","Estill County",2,58,232,107,125
050,21,065,"Kentucky","Estill County",2,59,244,121,123
050,21,065,"Kentucky","Estill County",2,60,219,120,99
050,21,065,"Kentucky","Estill County",2,61,206,110,96
050,21,065,"Kentucky","Estill County",2,62,196,87,109
050,21,065,"Kentucky","Estill County",2,63,178,79,99
050,21,065,"Kentucky","Estill County",2,64,162,79,83
050,21,065,"Kentucky","Estill County",2,65,158,81,77
050,21,065,"Kentucky","Estill County",2,66,177,82,95
050,21,065,"Kentucky","Estill County",2,67,181,82,99
050,21,065,"Kentucky","Estill County",2,68,179,82,97
050,21,065,"Kentucky","Estill County",2,69,178,80,98
050,21,065,"Kentucky","Estill County",2,70,170,82,88
050,21,065,"Kentucky","Estill County",2,71,166,75,91
050,21,065,"Kentucky","Estill County",2,72,156,71,85
050,21,065,"Kentucky","Estill County",2,73,172,76,96
050,21,065,"Kentucky","Estill County",2,74,123,55,68
050,21,065,"Kentucky","Estill County",2,75,123,60,63
050,21,065,"Kentucky","Estill County",2,76,114,50,64
050,21,065,"Kentucky","Estill County",2,77,118,56,62
050,21,065,"Kentucky","Estill County",2,78,97,50,47
050,21,065,"Kentucky","Estill County",2,79,83,37,46
050,21,065,"Kentucky","Estill County",2,80,84,33,51
050,21,065,"Kentucky","Estill County",2,81,77,35,42
050,21,065,"Kentucky","Estill County",2,82,59,24,35
050,21,065,"Kentucky","Estill County",2,83,45,17,28
050,21,065,"Kentucky","Estill County",2,84,49,19,30
050,21,065,"Kentucky","Estill County",2,85,207,79,128
050,21,065,"Kentucky","Estill County",3,0,123,78,45
050,21,065,"Kentucky","Estill County",3,1,148,81,67
050,21,065,"Kentucky","Estill County",3,2,146,72,74
050,21,065,"Kentucky","Estill County",3,3,152,76,76
050,21,065,"Kentucky","Estill County",3,4,143,70,73
050,21,065,"Kentucky","Estill County",3,5,170,80,90
050,21,065,"Kentucky","Estill County",3,6,172,90,82
050,21,065,"Kentucky","Estill County",3,7,167,86,81
050,21,065,"Kentucky","Estill County",3,8,178,82,96
050,21,065,"Kentucky","Estill County",3,9,155,74,81
050,21,065,"Kentucky","Estill County",3,10,155,86,69
050,21,065,"Kentucky","Estill County",3,11,169,96,73
050,21,065,"Kentucky","Estill County",3,12,179,92,87
050,21,065,"Kentucky","Estill County",3,13,204,98,106
050,21,065,"Kentucky","Estill County",3,14,195,99,96
050,21,065,"Kentucky","Estill County",3,15,195,106,89
050,21,065,"Kentucky","Estill County",3,16,187,93,94
050,21,065,"Kentucky","Estill County",3,17,202,103,99
050,21,065,"Kentucky","Estill County",3,18,162,89,73
050,21,065,"Kentucky","Estill County",3,19,116,61,55
050,21,065,"Kentucky","Estill County",3,20,125,74,51
050,21,065,"Kentucky","Estill County",3,21,125,67,58
050,21,065,"Kentucky","Estill County",3,22,149,75,74
050,21,065,"Kentucky","Estill County",3,23,130,63,67
050,21,065,"Kentucky","Estill County",3,24,143,73,70
050,21,065,"Kentucky","Estill County",3,25,161,82,79
050,21,065,"Kentucky","Estill County",3,26,154,75,79
050,21,065,"Kentucky","Estill County",3,27,155,82,73
050,21,065,"Kentucky","Estill County",3,28,171,85,86
050,21,065,"Kentucky","Estill County",3,29,175,97,78
050,21,065,"Kentucky","Estill County",3,30,189,96,93
050,21,065,"Kentucky","Estill County",3,31,187,98,89
050,21,065,"Kentucky","Estill County",3,32,155,67,88
050,21,065,"Kentucky","Estill County",3,33,143,62,81
050,21,065,"Kentucky","Estill County",3,34,149,88,61
050,21,065,"Kentucky","Estill County",3,35,148,85,63
050,21,065,"Kentucky","Estill County",3,36,148,85,63
050,21,065,"Kentucky","Estill County",3,37,155,82,73
050,21,065,"Kentucky","Estill County",3,38,150,67,83
050,21,065,"Kentucky","Estill County",3,39,168,84,84
050,21,065,"Kentucky","Estill County",3,40,156,78,78
050,21,065,"Kentucky","Estill County",3,41,185,89,96
050,21,065,"Kentucky","Estill County",3,42,202,106,96
050,21,065,"Kentucky","Estill County",3,43,190,111,79
050,21,065,"Kentucky","Estill County",3,44,188,107,81
050,21,065,"Kentucky","Estill County",3,45,165,85,80
050,21,065,"Kentucky","Estill County",3,46,169,71,98
050,21,065,"Kentucky","Estill County",3,47,169,74,95
050,21,065,"Kentucky","Estill County",3,48,164,79,85
050,21,065,"Kentucky","Estill County",3,49,195,100,95
050,21,065,"Kentucky","Estill County",3,50,205,104,101
050,21,065,"Kentucky","Estill County",3,51,208,117,91
050,21,065,"Kentucky","Estill County",3,52,200,107,93
050,21,065,"Kentucky","Estill County",3,53,213,105,108
050,21,065,"Kentucky","Estill County",3,54,210,93,117
050,21,065,"Kentucky","Estill County",3,55,201,100,101
050,21,065,"Kentucky","Estill County",3,56,231,120,111
050,21,065,"Kentucky","Estill County",3,57,230,109,121
050,21,065,"Kentucky","Estill County",3,58,222,106,116
050,21,065,"Kentucky","Estill County",3,59,231,112,119
050,21,065,"Kentucky","Estill County",3,60,241,121,120
050,21,065,"Kentucky","Estill County",3,61,213,119,94
050,21,065,"Kentucky","Estill County",3,62,196,99,97
050,21,065,"Kentucky","Estill County",3,63,200,89,111
050,21,065,"Kentucky","Estill County",3,64,169,75,94
050,21,065,"Kentucky","Estill County",3,65,158,75,83
050,21,065,"Kentucky","Estill County",3,66,154,76,78
050,21,065,"Kentucky","Estill County",3,67,178,81,97
050,21,065,"Kentucky","Estill County",3,68,184,85,99
050,21,065,"Kentucky","Estill County",3,69,172,79,93
050,21,065,"Kentucky","Estill County",3,70,170,75,95
050,21,065,"Kentucky","Estill County",3,71,166,82,84
050,21,065,"Kentucky","Estill County",3,72,159,72,87
050,21,065,"Kentucky","Estill County",3,73,152,67,85
050,21,065,"Kentucky","Estill County",3,74,166,73,93
050,21,065,"Kentucky","Estill County",3,75,120,53,67
050,21,065,"Kentucky","Estill County",3,76,118,56,62
050,21,065,"Kentucky","Estill County",3,77,106,45,61
050,21,065,"Kentucky","Estill County",3,78,111,52,59
050,21,065,"Kentucky","Estill County",3,79,88,47,41
050,21,065,"Kentucky","Estill County",3,80,80,36,44
050,21,065,"Kentucky","Estill County",3,81,77,30,47
050,21,065,"Kentucky","Estill County",3,82,72,33,39
050,21,065,"Kentucky","Estill County",3,83,53,22,31
050,21,065,"Kentucky","Estill County",3,84,40,14,26
050,21,065,"Kentucky","Estill County",3,85,211,85,126
050,21,065,"Kentucky","Estill County",4,0,125,78,47
050,21,065,"Kentucky","Estill County",4,1,127,73,54
050,21,065,"Kentucky","Estill County",4,2,148,79,69
050,21,065,"Kentucky","Estill County",4,3,152,78,74
050,21,065,"Kentucky","Estill County",4,4,152,81,71
050,21,065,"Kentucky","Estill County",4,5,136,61,75
050,21,065,"Kentucky","Estill County",4,6,173,84,89
050,21,065,"Kentucky","Estill County",4,7,174,91,83
050,21,065,"Kentucky","Estill County",4,8,161,81,80
050,21,065,"Kentucky","Estill County",4,9,182,85,97
050,21,065,"Kentucky","Estill County",4,10,156,72,84
050,21,065,"Kentucky","Estill County",4,11,155,87,68
050,21,065,"Kentucky","Estill County",4,12,172,101,71
050,21,065,"Kentucky","Estill County",4,13,184,91,93
050,21,065,"Kentucky","Estill County",4,14,207,103,104
050,21,065,"Kentucky","Estill County",4,15,198,99,99
050,21,065,"Kentucky","Estill County",4,16,199,110,89
050,21,065,"Kentucky","Estill County",4,17,193,99,94
050,21,065,"Kentucky","Estill County",4,18,168,87,81
050,21,065,"Kentucky","Estill County",4,19,121,67,54
050,21,065,"Kentucky","Estill County",4,20,126,68,58
050,21,065,"Kentucky","Estill County",4,21,127,70,57
050,21,065,"Kentucky","Estill County",4,22,131,66,65
050,21,065,"Kentucky","Estill County",4,23,157,74,83
050,21,065,"Kentucky","Estill County",4,24,138,65,73
050,21,065,"Kentucky","Estill County",4,25,142,71,71
050,21,065,"Kentucky","Estill County",4,26,165,82,83
050,21,065,"Kentucky","Estill County",4,27,159,76,83
050,21,065,"Kentucky","Estill County",4,28,159,89,70
050,21,065,"Kentucky","Estill County",4,29,172,85,87
050,21,065,"Kentucky","Estill County",4,30,171,98,73
050,21,065,"Kentucky","Estill County",4,31,193,105,88
050,21,065,"Kentucky","Estill County",4,32,183,92,91
050,21,065,"Kentucky","Estill County",4,33,163,76,87
050,21,065,"Kentucky","Estill County",4,34,152,67,85
050,21,065,"Kentucky","Estill County",4,35,155,91,64
050,21,065,"Kentucky","Estill County",4,36,138,78,60
050,21,065,"Kentucky","Estill County",4,37,141,84,57
050,21,065,"Kentucky","Estill County",4,38,153,80,73
050,21,065,"Kentucky","Estill County",4,39,159,70,89
050,21,065,"Kentucky","Estill County",4,40,169,82,87
050,21,065,"Kentucky","Estill County",4,41,154,75,79
050,21,065,"Kentucky","Estill County",4,42,198,94,104
050,21,065,"Kentucky","Estill County",4,43,190,104,86
050,21,065,"Kentucky","Estill County",4,44,186,106,80
050,21,065,"Kentucky","Estill County",4,45,192,107,85
050,21,065,"Kentucky","Estill County",4,46,174,89,85
050,21,065,"Kentucky","Estill County",4,47,168,70,98
050,21,065,"Kentucky","Estill County",4,48,175,76,99
050,21,065,"Kentucky","Estill County",4,49,176,86,90
050,21,065,"Kentucky","Estill County",4,50,201,101,100
050,21,065,"Kentucky","Estill County",4,51,205,99,106
050,21,065,"Kentucky","Estill County",4,52,211,117,94
050,21,065,"Kentucky","Estill County",4,53,204,111,93
050,21,065,"Kentucky","Estill County",4,54,202,98,104
050,21,065,"Kentucky","Estill County",4,55,204,95,109
050,21,065,"Kentucky","Estill County",4,56,198,98,100
050,21,065,"Kentucky","Estill County",4,57,230,116,114
050,21,065,"Kentucky","Estill County",4,58,228,107,121
050,21,065,"Kentucky","Estill County",4,59,219,106,113
050,21,065,"Kentucky","Estill County",4,60,222,107,115
050,21,065,"Kentucky","Estill County",4,61,242,124,118
050,21,065,"Kentucky","Estill County",4,62,209,113,96
050,21,065,"Kentucky","Estill County",4,63,193,100,93
050,21,065,"Kentucky","Estill County",4,64,197,86,111
050,21,065,"Kentucky","Estill County",4,65,163,70,93
050,21,065,"Kentucky","Estill County",4,66,155,71,84
050,21,065,"Kentucky","Estill County",4,67,154,75,79
050,21,065,"Kentucky","Estill County",4,68,171,79,92
050,21,065,"Kentucky","Estill County",4,69,176,79,97
050,21,065,"Kentucky","Estill County",4,70,163,73,90
050,21,065,"Kentucky","Estill County",4,71,165,75,90
050,21,065,"Kentucky","Estill County",4,72,157,77,80
050,21,065,"Kentucky","Estill County",4,73,146,66,80
050,21,065,"Kentucky","Estill County",4,74,143,62,81
050,21,065,"Kentucky","Estill County",4,75,157,69,88
050,21,065,"Kentucky","Estill County",4,76,113,48,65
050,21,065,"Kentucky","Estill County",4,77,110,50,60
050,21,065,"Kentucky","Estill County",4,78,96,39,57
050,21,065,"Kentucky","Estill County",4,79,105,51,54
050,21,065,"Kentucky","Estill County",4,80,83,42,41
050,21,065,"Kentucky","Estill County",4,81,73,32,41
050,21,065,"Kentucky","Estill County",4,82,64,23,41
050,21,065,"Kentucky","Estill County",4,83,66,30,36
050,21,065,"Kentucky","Estill County",4,84,51,21,30
050,21,065,"Kentucky","Estill County",4,85,199,84,115
050,21,065,"Kentucky","Estill County",5,0,127,80,47
050,21,065,"Kentucky","Estill County",5,1,126,81,45
050,21,065,"Kentucky","Estill County",5,2,125,66,59
050,21,065,"Kentucky","Estill County",5,3,152,84,68
050,21,065,"Kentucky","Estill County",5,4,154,75,79
050,21,065,"Kentucky","Estill County",5,5,149,76,73
050,21,065,"Kentucky","Estill County",5,6,145,63,82
050,21,065,"Kentucky","Estill County",5,7,175,83,92
050,21,065,"Kentucky","Estill County",5,8,175,89,86
050,21,065,"Kentucky","Estill County",5,9,161,81,80
050,21,065,"Kentucky","Estill County",5,10,181,84,97
050,21,065,"Kentucky","Estill County",5,11,155,72,83
050,21,065,"Kentucky","Estill County",5,12,158,89,69
050,21,065,"Kentucky","Estill County",5,13,166,96,70
050,21,065,"Kentucky","Estill County",5,14,181,94,87
050,21,065,"Kentucky","Estill County",5,15,216,110,106
050,21,065,"Kentucky","Estill County",5,16,197,96,101
050,21,065,"Kentucky","Estill County",5,17,198,110,88
050,21,065,"Kentucky","Estill County",5,18,157,81,76
050,21,065,"Kentucky","Estill County",5,19,124,65,59
050,21,065,"Kentucky","Estill County",5,20,132,72,60
050,21,065,"Kentucky","Estill County",5,21,136,69,67
050,21,065,"Kentucky","Estill County",5,22,144,75,69
050,21,065,"Kentucky","Estill County",5,23,142,74,68
050,21,065,"Kentucky","Estill County",5,24,162,77,85
050,21,065,"Kentucky","Estill County",5,25,142,68,74
050,21,065,"Kentucky","Estill County",5,26,133,66,67
050,21,065,"Kentucky","Estill County",5,27,152,72,80
050,21,065,"Kentucky","Estill County",5,28,167,83,84
050,21,065,"Kentucky","Estill County",5,29,168,94,74
050,21,065,"Kentucky","Estill County",5,30,167,81,86
050,21,065,"Kentucky","Estill County",5,31,177,100,77
050,21,065,"Kentucky","Estill County",5,32,188,102,86
050,21,065,"Kentucky","Estill County",5,33,183,93,90
050,21,065,"Kentucky","Estill County",5,34,171,81,90
050,21,065,"Kentucky","Estill County",5,35,150,70,80
050,21,065,"Kentucky","Estill County",5,36,156,90,66
050,21,065,"Kentucky","Estill County",5,37,135,75,60
050,21,065,"Kentucky","Estill County",5,38,143,84,59
050,21,065,"Kentucky","Estill County",5,39,164,85,79
050,21,065,"Kentucky","Estill County",5,40,163,70,93
050,21,065,"Kentucky","Estill County",5,41,168,77,91
050,21,065,"Kentucky","Estill County",5,42,158,80,78
050,21,065,"Kentucky","Estill County",5,43,191,93,98
050,21,065,"Kentucky","Estill County",5,44,201,110,91
050,21,065,"Kentucky","Estill County",5,45,179,101,78
050,21,065,"Kentucky","Estill County",5,46,188,100,88
050,21,065,"Kentucky","Estill County",5,47,166,87,79
050,21,065,"Kentucky","Estill County",5,48,166,67,99
050,21,065,"Kentucky","Estill County",5,49,180,79,101
050,21,065,"Kentucky","Estill County",5,50,174,83,91
050,21,065,"Kentucky","Estill County",5,51,198,98,100
050,21,065,"Kentucky","Estill County",5,52,210,101,109
050,21,065,"Kentucky","Estill County",5,53,214,116,98
050,21,065,"Kentucky","Estill County",5,54,197,105,92
050,21,065,"Kentucky","Estill County",5,55,201,101,100
050,21,065,"Kentucky","Estill County",5,56,200,92,108
050,21,065,"Kentucky","Estill County",5,57,197,96,101
050,21,065,"Kentucky","Estill County",5,58,233,118,115
050,21,065,"Kentucky","Estill County",5,59,218,104,114
050,21,065,"Kentucky","Estill County",5,60,204,97,107
050,21,065,"Kentucky","Estill County",5,61,225,112,113
050,21,065,"Kentucky","Estill County",5,62,240,119,121
050,21,065,"Kentucky","Estill County",5,63,211,117,94
050,21,065,"Kentucky","Estill County",5,64,190,96,94
050,21,065,"Kentucky","Estill County",5,65,189,80,109
050,21,065,"Kentucky","Estill County",5,66,158,67,91
050,21,065,"Kentucky","Estill County",5,67,148,70,78
050,21,065,"Kentucky","Estill County",5,68,152,76,76
050,21,065,"Kentucky","Estill County",5,69,162,71,91
050,21,065,"Kentucky","Estill County",5,70,171,74,97
050,21,065,"Kentucky","Estill County",5,71,155,71,84
050,21,065,"Kentucky","Estill County",5,72,163,72,91
050,21,065,"Kentucky","Estill County",5,73,150,73,77
050,21,065,"Kentucky","Estill County",5,74,137,62,75
050,21,065,"Kentucky","Estill County",5,75,138,58,80
050,21,065,"Kentucky","Estill County",5,76,148,62,86
050,21,065,"Kentucky","Estill County",5,77,102,42,60
050,21,065,"Kentucky","Estill County",5,78,101,45,56
050,21,065,"Kentucky","Estill County",5,79,90,40,50
050,21,065,"Kentucky","Estill County",5,80,101,47,54
050,21,065,"Kentucky","Estill County",5,81,73,37,36
050,21,065,"Kentucky","Estill County",5,82,62,25,37
050,21,065,"Kentucky","Estill County",5,83,57,20,37
050,21,065,"Kentucky","Estill County",5,84,67,31,36
050,21,065,"Kentucky","Estill County",5,85,206,92,114
050,21,067,"Kentucky","Fayette County",1,0,3831,1967,1864
050,21,067,"Kentucky","Fayette County",1,1,3815,1943,1872
050,21,067,"Kentucky","Fayette County",1,2,3807,1933,1874
050,21,067,"Kentucky","Fayette County",1,3,3787,1925,1862
050,21,067,"Kentucky","Fayette County",1,4,3868,1974,1894
050,21,067,"Kentucky","Fayette County",1,5,3703,1883,1820
050,21,067,"Kentucky","Fayette County",1,6,3736,1922,1814
050,21,067,"Kentucky","Fayette County",1,7,3796,1916,1880
050,21,067,"Kentucky","Fayette County",1,8,3738,1884,1854
050,21,067,"Kentucky","Fayette County",1,9,3778,1969,1809
050,21,067,"Kentucky","Fayette County",1,10,3753,1978,1775
050,21,067,"Kentucky","Fayette County",1,11,3939,2033,1906
050,21,067,"Kentucky","Fayette County",1,12,3997,2039,1958
050,21,067,"Kentucky","Fayette County",1,13,4045,2080,1965
050,21,067,"Kentucky","Fayette County",1,14,3890,2004,1886
050,21,067,"Kentucky","Fayette County",1,15,3788,1942,1846
050,21,067,"Kentucky","Fayette County",1,16,3837,1957,1880
050,21,067,"Kentucky","Fayette County",1,17,3736,1890,1846
050,21,067,"Kentucky","Fayette County",1,18,5001,2425,2576
050,21,067,"Kentucky","Fayette County",1,19,6755,3389,3366
050,21,067,"Kentucky","Fayette County",1,20,6676,3356,3320
050,21,067,"Kentucky","Fayette County",1,21,6913,3289,3624
050,21,067,"Kentucky","Fayette County",1,22,6653,3364,3289
050,21,067,"Kentucky","Fayette County",1,23,6477,3185,3292
050,21,067,"Kentucky","Fayette County",1,24,5816,2870,2946
050,21,067,"Kentucky","Fayette County",1,25,5683,2898,2785
050,21,067,"Kentucky","Fayette County",1,26,5086,2585,2501
050,21,067,"Kentucky","Fayette County",1,27,4869,2488,2381
050,21,067,"Kentucky","Fayette County",1,28,5020,2565,2455
050,21,067,"Kentucky","Fayette County",1,29,4969,2497,2472
050,21,067,"Kentucky","Fayette County",1,30,4882,2486,2396
050,21,067,"Kentucky","Fayette County",1,31,4707,2396,2311
050,21,067,"Kentucky","Fayette County",1,32,4512,2315,2197
050,21,067,"Kentucky","Fayette County",1,33,4306,2194,2112
050,21,067,"Kentucky","Fayette County",1,34,4349,2188,2161
050,21,067,"Kentucky","Fayette County",1,35,4415,2251,2164
050,21,067,"Kentucky","Fayette County",1,36,4435,2193,2242
050,21,067,"Kentucky","Fayette County",1,37,4572,2299,2273
050,21,067,"Kentucky","Fayette County",1,38,4324,2206,2118
050,21,067,"Kentucky","Fayette County",1,39,4378,2269,2109
050,21,067,"Kentucky","Fayette County",1,40,4324,2215,2109
050,21,067,"Kentucky","Fayette County",1,41,4195,2120,2075
050,21,067,"Kentucky","Fayette County",1,42,4169,2121,2048
050,21,067,"Kentucky","Fayette County",1,43,3980,2016,1964
050,21,067,"Kentucky","Fayette County",1,44,3864,1970,1894
050,21,067,"Kentucky","Fayette County",1,45,3849,1984,1865
050,21,067,"Kentucky","Fayette County",1,46,3660,1827,1833
050,21,067,"Kentucky","Fayette County",1,47,3757,1852,1905
050,21,067,"Kentucky","Fayette County",1,48,3845,1960,1885
050,21,067,"Kentucky","Fayette County",1,49,3972,2051,1921
050,21,067,"Kentucky","Fayette County",1,50,3839,1921,1918
050,21,067,"Kentucky","Fayette County",1,51,3633,1811,1822
050,21,067,"Kentucky","Fayette County",1,52,3516,1803,1713
050,21,067,"Kentucky","Fayette County",1,53,3583,1856,1727
050,21,067,"Kentucky","Fayette County",1,54,3590,1840,1750
050,21,067,"Kentucky","Fayette County",1,55,3728,1837,1891
050,21,067,"Kentucky","Fayette County",1,56,3811,1883,1928
050,21,067,"Kentucky","Fayette County",1,57,3771,1820,1951
050,21,067,"Kentucky","Fayette County",1,58,3804,1826,1978
050,21,067,"Kentucky","Fayette County",1,59,3761,1844,1917
050,21,067,"Kentucky","Fayette County",1,60,3666,1755,1911
050,21,067,"Kentucky","Fayette County",1,61,3672,1718,1954
050,21,067,"Kentucky","Fayette County",1,62,3606,1687,1919
050,21,067,"Kentucky","Fayette County",1,63,3483,1598,1885
050,21,067,"Kentucky","Fayette County",1,64,3445,1581,1864
050,21,067,"Kentucky","Fayette County",1,65,3427,1639,1788
050,21,067,"Kentucky","Fayette County",1,66,3291,1548,1743
050,21,067,"Kentucky","Fayette County",1,67,3093,1400,1693
050,21,067,"Kentucky","Fayette County",1,68,2940,1356,1584
050,21,067,"Kentucky","Fayette County",1,69,2686,1252,1434
050,21,067,"Kentucky","Fayette County",1,70,2639,1185,1454
050,21,067,"Kentucky","Fayette County",1,71,2585,1178,1407
050,21,067,"Kentucky","Fayette County",1,72,2513,1142,1371
050,21,067,"Kentucky","Fayette County",1,73,2484,1119,1365
050,21,067,"Kentucky","Fayette County",1,74,1673,743,930
050,21,067,"Kentucky","Fayette County",1,75,1632,716,916
050,21,067,"Kentucky","Fayette County",1,76,1645,731,914
050,21,067,"Kentucky","Fayette County",1,77,1586,664,922
050,21,067,"Kentucky","Fayette County",1,78,1415,589,826
050,21,067,"Kentucky","Fayette County",1,79,1254,514,740
050,21,067,"Kentucky","Fayette County",1,80,1113,444,669
050,21,067,"Kentucky","Fayette County",1,81,1066,433,633
050,21,067,"Kentucky","Fayette County",1,82,934,378,556
050,21,067,"Kentucky","Fayette County",1,83,806,334,472
050,21,067,"Kentucky","Fayette County",1,84,798,307,491
050,21,067,"Kentucky","Fayette County",1,85,4819,1567,3252
050,21,067,"Kentucky","Fayette County",2,0,3741,1912,1829
050,21,067,"Kentucky","Fayette County",2,1,3800,1938,1862
050,21,067,"Kentucky","Fayette County",2,2,3794,1926,1868
050,21,067,"Kentucky","Fayette County",2,3,3771,1916,1855
050,21,067,"Kentucky","Fayette County",2,4,3839,1953,1886
050,21,067,"Kentucky","Fayette County",2,5,3736,1901,1835
050,21,067,"Kentucky","Fayette County",2,6,3733,1915,1818
050,21,067,"Kentucky","Fayette County",2,7,3779,1913,1866
050,21,067,"Kentucky","Fayette County",2,8,3738,1889,1849
050,21,067,"Kentucky","Fayette County",2,9,3754,1944,1810
050,21,067,"Kentucky","Fayette County",2,10,3744,1972,1772
050,21,067,"Kentucky","Fayette County",2,11,3873,2011,1862
050,21,067,"Kentucky","Fayette County",2,12,4000,2045,1955
050,21,067,"Kentucky","Fayette County",2,13,4024,2066,1958
050,21,067,"Kentucky","Fayette County",2,14,3915,2019,1896
050,21,067,"Kentucky","Fayette County",2,15,3818,1959,1859
050,21,067,"Kentucky","Fayette County",2,16,3833,1958,1875
050,21,067,"Kentucky","Fayette County",2,17,3781,1915,1866
050,21,067,"Kentucky","Fayette County",2,18,5021,2420,2601
050,21,067,"Kentucky","Fayette County",2,19,6771,3391,3380
050,21,067,"Kentucky","Fayette County",2,20,6758,3398,3360
050,21,067,"Kentucky","Fayette County",2,21,6908,3291,3617
050,21,067,"Kentucky","Fayette County",2,22,6670,3375,3295
050,21,067,"Kentucky","Fayette County",2,23,6476,3184,3292
050,21,067,"Kentucky","Fayette County",2,24,5781,2859,2922
050,21,067,"Kentucky","Fayette County",2,25,5589,2849,2740
050,21,067,"Kentucky","Fayette County",2,26,5118,2598,2520
050,21,067,"Kentucky","Fayette County",2,27,4833,2462,2371
050,21,067,"Kentucky","Fayette County",2,28,4976,2546,2430
050,21,067,"Kentucky","Fayette County",2,29,4949,2502,2447
050,21,067,"Kentucky","Fayette County",2,30,4917,2500,2417
050,21,067,"Kentucky","Fayette County",2,31,4729,2407,2322
050,21,067,"Kentucky","Fayette County",2,32,4531,2314,2217
050,21,067,"Kentucky","Fayette County",2,33,4340,2213,2127
050,21,067,"Kentucky","Fayette County",2,34,4329,2183,2146
050,21,067,"Kentucky","Fayette County",2,35,4386,2227,2159
050,21,067,"Kentucky","Fayette County",2,36,4384,2180,2204
050,21,067,"Kentucky","Fayette County",2,37,4528,2269,2259
050,21,067,"Kentucky","Fayette County",2,38,4385,2227,2158
050,21,067,"Kentucky","Fayette County",2,39,4346,2248,2098
050,21,067,"Kentucky","Fayette County",2,40,4336,2217,2119
050,21,067,"Kentucky","Fayette County",2,41,4205,2134,2071
050,21,067,"Kentucky","Fayette County",2,42,4147,2107,2040
050,21,067,"Kentucky","Fayette County",2,43,4038,2045,1993
050,21,067,"Kentucky","Fayette County",2,44,3851,1960,1891
050,21,067,"Kentucky","Fayette County",2,45,3853,1980,1873
050,21,067,"Kentucky","Fayette County",2,46,3684,1849,1835
050,21,067,"Kentucky","Fayette County",2,47,3729,1845,1884
050,21,067,"Kentucky","Fayette County",2,48,3817,1928,1889
050,21,067,"Kentucky","Fayette County",2,49,3952,2031,1921
050,21,067,"Kentucky","Fayette County",2,50,3858,1946,1912
050,21,067,"Kentucky","Fayette County",2,51,3654,1824,1830
050,21,067,"Kentucky","Fayette County",2,52,3533,1797,1736
050,21,067,"Kentucky","Fayette County",2,53,3563,1842,1721
050,21,067,"Kentucky","Fayette County",2,54,3560,1825,1735
050,21,067,"Kentucky","Fayette County",2,55,3675,1820,1855
050,21,067,"Kentucky","Fayette County",2,56,3794,1875,1919
050,21,067,"Kentucky","Fayette County",2,57,3772,1828,1944
050,21,067,"Kentucky","Fayette County",2,58,3783,1825,1958
050,21,067,"Kentucky","Fayette County",2,59,3776,1839,1937
050,21,067,"Kentucky","Fayette County",2,60,3667,1762,1905
050,21,067,"Kentucky","Fayette County",2,61,3653,1718,1935
050,21,067,"Kentucky","Fayette County",2,62,3611,1689,1922
050,21,067,"Kentucky","Fayette County",2,63,3528,1622,1906
050,21,067,"Kentucky","Fayette County",2,64,3424,1570,1854
050,21,067,"Kentucky","Fayette County",2,65,3410,1612,1798
050,21,067,"Kentucky","Fayette County",2,66,3318,1567,1751
050,21,067,"Kentucky","Fayette County",2,67,3117,1421,1696
050,21,067,"Kentucky","Fayette County",2,68,2947,1351,1596
050,21,067,"Kentucky","Fayette County",2,69,2757,1277,1480
050,21,067,"Kentucky","Fayette County",2,70,2630,1187,1443
050,21,067,"Kentucky","Fayette County",2,71,2588,1175,1413
050,21,067,"Kentucky","Fayette County",2,72,2481,1131,1350
050,21,067,"Kentucky","Fayette County",2,73,2582,1158,1424
050,21,067,"Kentucky","Fayette County",2,74,1758,783,975
050,21,067,"Kentucky","Fayette County",2,75,1642,721,921
050,21,067,"Kentucky","Fayette County",2,76,1612,716,896
050,21,067,"Kentucky","Fayette County",2,77,1636,693,943
050,21,067,"Kentucky","Fayette County",2,78,1416,593,823
050,21,067,"Kentucky","Fayette County",2,79,1280,524,756
050,21,067,"Kentucky","Fayette County",2,80,1132,451,681
050,21,067,"Kentucky","Fayette County",2,81,1056,421,635
050,21,067,"Kentucky","Fayette County",2,82,958,386,572
050,21,067,"Kentucky","Fayette County",2,83,823,341,482
050,21,067,"Kentucky","Fayette County",2,84,790,306,484
050,21,067,"Kentucky","Fayette County",2,85,4833,1574,3259
050,21,067,"Kentucky","Fayette County",3,0,3623,1827,1796
050,21,067,"Kentucky","Fayette County",3,1,3625,1854,1771
050,21,067,"Kentucky","Fayette County",3,2,3709,1909,1800
050,21,067,"Kentucky","Fayette County",3,3,3687,1897,1790
050,21,067,"Kentucky","Fayette County",3,4,3708,1897,1811
050,21,067,"Kentucky","Fayette County",3,5,3801,1932,1869
050,21,067,"Kentucky","Fayette County",3,6,3684,1873,1811
050,21,067,"Kentucky","Fayette County",3,7,3682,1886,1796
050,21,067,"Kentucky","Fayette County",3,8,3728,1891,1837
050,21,067,"Kentucky","Fayette County",3,9,3700,1852,1848
050,21,067,"Kentucky","Fayette County",3,10,3708,1928,1780
050,21,067,"Kentucky","Fayette County",3,11,3694,1959,1735
050,21,067,"Kentucky","Fayette County",3,12,3856,1978,1878
050,21,067,"Kentucky","Fayette County",3,13,3962,2011,1951
050,21,067,"Kentucky","Fayette County",3,14,3964,2036,1928
050,21,067,"Kentucky","Fayette County",3,15,3946,2040,1906
050,21,067,"Kentucky","Fayette County",3,16,3797,1929,1868
050,21,067,"Kentucky","Fayette County",3,17,3843,1973,1870
050,21,067,"Kentucky","Fayette County",3,18,4699,2289,2410
050,21,067,"Kentucky","Fayette County",3,19,6162,3067,3095
050,21,067,"Kentucky","Fayette County",3,20,6547,3294,3253
050,21,067,"Kentucky","Fayette County",3,21,6924,3288,3636
050,21,067,"Kentucky","Fayette County",3,22,6681,3365,3316
050,21,067,"Kentucky","Fayette County",3,23,6599,3201,3398
050,21,067,"Kentucky","Fayette County",3,24,5692,2762,2930
050,21,067,"Kentucky","Fayette County",3,25,5350,2735,2615
050,21,067,"Kentucky","Fayette County",3,26,5162,2590,2572
050,21,067,"Kentucky","Fayette County",3,27,4832,2431,2401
050,21,067,"Kentucky","Fayette County",3,28,4841,2486,2355
050,21,067,"Kentucky","Fayette County",3,29,4875,2473,2402
050,21,067,"Kentucky","Fayette County",3,30,4874,2509,2365
050,21,067,"Kentucky","Fayette County",3,31,4812,2437,2375
050,21,067,"Kentucky","Fayette County",3,32,4598,2323,2275
050,21,067,"Kentucky","Fayette County",3,33,4423,2247,2176
050,21,067,"Kentucky","Fayette County",3,34,4303,2186,2117
050,21,067,"Kentucky","Fayette County",3,35,4216,2134,2082
050,21,067,"Kentucky","Fayette County",3,36,4277,2175,2102
050,21,067,"Kentucky","Fayette County",3,37,4345,2163,2182
050,21,067,"Kentucky","Fayette County",3,38,4364,2177,2187
050,21,067,"Kentucky","Fayette County",3,39,4295,2214,2081
050,21,067,"Kentucky","Fayette County",3,40,4225,2142,2083
050,21,067,"Kentucky","Fayette County",3,41,4250,2175,2075
050,21,067,"Kentucky","Fayette County",3,42,4204,2128,2076
050,21,067,"Kentucky","Fayette County",3,43,4108,2088,2020
050,21,067,"Kentucky","Fayette County",3,44,3978,2010,1968
050,21,067,"Kentucky","Fayette County",3,45,3812,1950,1862
050,21,067,"Kentucky","Fayette County",3,46,3751,1895,1856
050,21,067,"Kentucky","Fayette County",3,47,3660,1825,1835
050,21,067,"Kentucky","Fayette County",3,48,3692,1811,1881
050,21,067,"Kentucky","Fayette County",3,49,3766,1906,1860
050,21,067,"Kentucky","Fayette County",3,50,3889,2000,1889
050,21,067,"Kentucky","Fayette County",3,51,3772,1901,1871
050,21,067,"Kentucky","Fayette County",3,52,3591,1786,1805
050,21,067,"Kentucky","Fayette County",3,53,3464,1774,1690
050,21,067,"Kentucky","Fayette County",3,54,3490,1806,1684
050,21,067,"Kentucky","Fayette County",3,55,3498,1762,1736
050,21,067,"Kentucky","Fayette County",3,56,3647,1807,1840
050,21,067,"Kentucky","Fayette County",3,57,3713,1827,1886
050,21,067,"Kentucky","Fayette County",3,58,3709,1811,1898
050,21,067,"Kentucky","Fayette County",3,59,3744,1781,1963
050,21,067,"Kentucky","Fayette County",3,60,3652,1757,1895
050,21,067,"Kentucky","Fayette County",3,61,3595,1733,1862
050,21,067,"Kentucky","Fayette County",3,62,3524,1665,1859
050,21,067,"Kentucky","Fayette County",3,63,3498,1622,1876
050,21,067,"Kentucky","Fayette County",3,64,3463,1569,1894
050,21,067,"Kentucky","Fayette County",3,65,3320,1500,1820
050,21,067,"Kentucky","Fayette County",3,66,3342,1562,1780
050,21,067,"Kentucky","Fayette County",3,67,3245,1516,1729
050,21,067,"Kentucky","Fayette County",3,68,3083,1411,1672
050,21,067,"Kentucky","Fayette County",3,69,2915,1333,1582
050,21,067,"Kentucky","Fayette County",3,70,2705,1237,1468
050,21,067,"Kentucky","Fayette County",3,71,2597,1174,1423
050,21,067,"Kentucky","Fayette County",3,72,2539,1144,1395
050,21,067,"Kentucky","Fayette County",3,73,2436,1096,1340
050,21,067,"Kentucky","Fayette County",3,74,2521,1122,1399
050,21,067,"Kentucky","Fayette County",3,75,1710,764,946
050,21,067,"Kentucky","Fayette County",3,76,1574,670,904
050,21,067,"Kentucky","Fayette County",3,77,1572,695,877
050,21,067,"Kentucky","Fayette County",3,78,1553,657,896
050,21,067,"Kentucky","Fayette County",3,79,1379,564,815
050,21,067,"Kentucky","Fayette County",3,80,1231,498,733
050,21,067,"Kentucky","Fayette County",3,81,1067,418,649
050,21,067,"Kentucky","Fayette County",3,82,1002,404,598
050,21,067,"Kentucky","Fayette County",3,83,899,359,540
050,21,067,"Kentucky","Fayette County",3,84,794,316,478
050,21,067,"Kentucky","Fayette County",3,85,4752,1569,3183
050,21,067,"Kentucky","Fayette County",4,0,3660,1830,1830
050,21,067,"Kentucky","Fayette County",4,1,3529,1781,1748
050,21,067,"Kentucky","Fayette County",4,2,3518,1786,1732
050,21,067,"Kentucky","Fayette County",4,3,3651,1870,1781
050,21,067,"Kentucky","Fayette County",4,4,3633,1864,1769
050,21,067,"Kentucky","Fayette County",4,5,3651,1850,1801
050,21,067,"Kentucky","Fayette County",4,6,3721,1898,1823
050,21,067,"Kentucky","Fayette County",4,7,3678,1864,1814
050,21,067,"Kentucky","Fayette County",4,8,3687,1904,1783
050,21,067,"Kentucky","Fayette County",4,9,3705,1905,1800
050,21,067,"Kentucky","Fayette County",4,10,3684,1849,1835
050,21,067,"Kentucky","Fayette County",4,11,3692,1919,1773
050,21,067,"Kentucky","Fayette County",4,12,3644,1929,1715
050,21,067,"Kentucky","Fayette County",4,13,3834,1980,1854
050,21,067,"Kentucky","Fayette County",4,14,3916,1975,1941
050,21,067,"Kentucky","Fayette County",4,15,4017,2039,1978
050,21,067,"Kentucky","Fayette County",4,16,3946,2035,1911
050,21,067,"Kentucky","Fayette County",4,17,3863,1940,1923
050,21,067,"Kentucky","Fayette County",4,18,4770,2312,2458
050,21,067,"Kentucky","Fayette County",4,19,6174,3101,3073
050,21,067,"Kentucky","Fayette County",4,20,6490,3254,3236
050,21,067,"Kentucky","Fayette County",4,21,6983,3303,3680
050,21,067,"Kentucky","Fayette County",4,22,6821,3444,3377
050,21,067,"Kentucky","Fayette County",4,23,6505,3192,3313
050,21,067,"Kentucky","Fayette County",4,24,5668,2765,2903
050,21,067,"Kentucky","Fayette County",4,25,5329,2696,2633
050,21,067,"Kentucky","Fayette County",4,26,4968,2495,2473
050,21,067,"Kentucky","Fayette County",4,27,4800,2405,2395
050,21,067,"Kentucky","Fayette County",4,28,4785,2437,2348
050,21,067,"Kentucky","Fayette County",4,29,4753,2443,2310
050,21,067,"Kentucky","Fayette County",4,30,4855,2448,2407
050,21,067,"Kentucky","Fayette County",4,31,4840,2498,2342
050,21,067,"Kentucky","Fayette County",4,32,4644,2327,2317
050,21,067,"Kentucky","Fayette County",4,33,4526,2300,2226
050,21,067,"Kentucky","Fayette County",4,34,4374,2223,2151
050,21,067,"Kentucky","Fayette County",4,35,4188,2138,2050
050,21,067,"Kentucky","Fayette County",4,36,4104,2054,2050
050,21,067,"Kentucky","Fayette County",4,37,4259,2184,2075
050,21,067,"Kentucky","Fayette County",4,38,4245,2109,2136
050,21,067,"Kentucky","Fayette County",4,39,4317,2191,2126
050,21,067,"Kentucky","Fayette County",4,40,4240,2160,2080
050,21,067,"Kentucky","Fayette County",4,41,4151,2101,2050
050,21,067,"Kentucky","Fayette County",4,42,4198,2138,2060
050,21,067,"Kentucky","Fayette County",4,43,4139,2100,2039
050,21,067,"Kentucky","Fayette County",4,44,4030,2034,1996
050,21,067,"Kentucky","Fayette County",4,45,3930,1993,1937
050,21,067,"Kentucky","Fayette County",4,46,3767,1912,1855
050,21,067,"Kentucky","Fayette County",4,47,3713,1887,1826
050,21,067,"Kentucky","Fayette County",4,48,3616,1809,1807
050,21,067,"Kentucky","Fayette County",4,49,3660,1791,1869
050,21,067,"Kentucky","Fayette County",4,50,3733,1902,1831
050,21,067,"Kentucky","Fayette County",4,51,3860,1967,1893
050,21,067,"Kentucky","Fayette County",4,52,3675,1852,1823
050,21,067,"Kentucky","Fayette County",4,53,3540,1764,1776
050,21,067,"Kentucky","Fayette County",4,54,3374,1711,1663
050,21,067,"Kentucky","Fayette County",4,55,3401,1736,1665
050,21,067,"Kentucky","Fayette County",4,56,3436,1729,1707
050,21,067,"Kentucky","Fayette County",4,57,3561,1753,1808
050,21,067,"Kentucky","Fayette County",4,58,3685,1844,1841
050,21,067,"Kentucky","Fayette County",4,59,3646,1781,1865
050,21,067,"Kentucky","Fayette County",4,60,3677,1743,1934
050,21,067,"Kentucky","Fayette County",4,61,3614,1722,1892
050,21,067,"Kentucky","Fayette County",4,62,3522,1685,1837
050,21,067,"Kentucky","Fayette County",4,63,3477,1622,1855
050,21,067,"Kentucky","Fayette County",4,64,3422,1567,1855
050,21,067,"Kentucky","Fayette County",4,65,3375,1528,1847
050,21,067,"Kentucky","Fayette County",4,66,3269,1462,1807
050,21,067,"Kentucky","Fayette County",4,67,3297,1530,1767
050,21,067,"Kentucky","Fayette County",4,68,3194,1506,1688
050,21,067,"Kentucky","Fayette County",4,69,3016,1381,1635
050,21,067,"Kentucky","Fayette County",4,70,2854,1295,1559
050,21,067,"Kentucky","Fayette County",4,71,2660,1224,1436
050,21,067,"Kentucky","Fayette County",4,72,2543,1141,1402
050,21,067,"Kentucky","Fayette County",4,73,2500,1100,1400
050,21,067,"Kentucky","Fayette County",4,74,2381,1083,1298
050,21,067,"Kentucky","Fayette County",4,75,2471,1105,1366
050,21,067,"Kentucky","Fayette County",4,76,1665,727,938
050,21,067,"Kentucky","Fayette County",4,77,1530,639,891
050,21,067,"Kentucky","Fayette County",4,78,1495,660,835
050,21,067,"Kentucky","Fayette County",4,79,1522,626,896
050,21,067,"Kentucky","Fayette County",4,80,1315,531,784
050,21,067,"Kentucky","Fayette County",4,81,1153,462,691
050,21,067,"Kentucky","Fayette County",4,82,998,393,605
050,21,067,"Kentucky","Fayette County",4,83,949,371,578
050,21,067,"Kentucky","Fayette County",4,84,878,343,535
050,21,067,"Kentucky","Fayette County",4,85,4722,1594,3128
050,21,067,"Kentucky","Fayette County",5,0,3681,1841,1840
050,21,067,"Kentucky","Fayette County",5,1,3621,1827,1794
050,21,067,"Kentucky","Fayette County",5,2,3514,1792,1722
050,21,067,"Kentucky","Fayette County",5,3,3447,1770,1677
050,21,067,"Kentucky","Fayette County",5,4,3552,1827,1725
050,21,067,"Kentucky","Fayette County",5,5,3627,1872,1755
050,21,067,"Kentucky","Fayette County",5,6,3637,1842,1795
050,21,067,"Kentucky","Fayette County",5,7,3685,1873,1812
050,21,067,"Kentucky","Fayette County",5,8,3635,1868,1767
050,21,067,"Kentucky","Fayette County",5,9,3690,1919,1771
050,21,067,"Kentucky","Fayette County",5,10,3686,1871,1815
050,21,067,"Kentucky","Fayette County",5,11,3653,1830,1823
050,21,067,"Kentucky","Fayette County",5,12,3655,1908,1747
050,21,067,"Kentucky","Fayette County",5,13,3662,1949,1713
050,21,067,"Kentucky","Fayette County",5,14,3839,1973,1866
050,21,067,"Kentucky","Fayette County",5,15,3932,2000,1932
050,21,067,"Kentucky","Fayette County",5,16,3977,2038,1939
050,21,067,"Kentucky","Fayette County",5,17,3952,2015,1937
050,21,067,"Kentucky","Fayette County",5,18,4804,2322,2482
050,21,067,"Kentucky","Fayette County",5,19,6237,3113,3124
050,21,067,"Kentucky","Fayette County",5,20,6504,3288,3216
050,21,067,"Kentucky","Fayette County",5,21,6886,3272,3614
050,21,067,"Kentucky","Fayette County",5,22,6812,3445,3367
050,21,067,"Kentucky","Fayette County",5,23,6622,3247,3375
050,21,067,"Kentucky","Fayette County",5,24,5765,2804,2961
050,21,067,"Kentucky","Fayette County",5,25,5270,2706,2564
050,21,067,"Kentucky","Fayette County",5,26,4919,2463,2456
050,21,067,"Kentucky","Fayette County",5,27,4603,2320,2283
050,21,067,"Kentucky","Fayette County",5,28,4710,2359,2351
050,21,067,"Kentucky","Fayette County",5,29,4663,2390,2273
050,21,067,"Kentucky","Fayette County",5,30,4663,2386,2277
050,21,067,"Kentucky","Fayette County",5,31,4797,2432,2365
050,21,067,"Kentucky","Fayette County",5,32,4659,2407,2252
050,21,067,"Kentucky","Fayette County",5,33,4606,2286,2320
050,21,067,"Kentucky","Fayette County",5,34,4442,2240,2202
050,21,067,"Kentucky","Fayette County",5,35,4296,2180,2116
050,21,067,"Kentucky","Fayette County",5,36,4086,2084,2002
050,21,067,"Kentucky","Fayette County",5,37,4066,2025,2041
050,21,067,"Kentucky","Fayette County",5,38,4166,2115,2051
050,21,067,"Kentucky","Fayette County",5,39,4227,2124,2103
050,21,067,"Kentucky","Fayette County",5,40,4233,2102,2131
050,21,067,"Kentucky","Fayette County",5,41,4155,2111,2044
050,21,067,"Kentucky","Fayette County",5,42,4147,2109,2038
050,21,067,"Kentucky","Fayette County",5,43,4257,2205,2052
050,21,067,"Kentucky","Fayette County",5,44,4074,2070,2004
050,21,067,"Kentucky","Fayette County",5,45,3952,1986,1966
050,21,067,"Kentucky","Fayette County",5,46,3861,1930,1931
050,21,067,"Kentucky","Fayette County",5,47,3697,1885,1812
050,21,067,"Kentucky","Fayette County",5,48,3666,1862,1804
050,21,067,"Kentucky","Fayette County",5,49,3582,1780,1802
050,21,067,"Kentucky","Fayette County",5,50,3617,1786,1831
050,21,067,"Kentucky","Fayette County",5,51,3680,1859,1821
050,21,067,"Kentucky","Fayette County",5,52,3803,1923,1880
050,21,067,"Kentucky","Fayette County",5,53,3646,1853,1793
050,21,067,"Kentucky","Fayette County",5,54,3477,1721,1756
050,21,067,"Kentucky","Fayette County",5,55,3310,1661,1649
050,21,067,"Kentucky","Fayette County",5,56,3348,1708,1640
050,21,067,"Kentucky","Fayette County",5,57,3358,1705,1653
050,21,067,"Kentucky","Fayette County",5,58,3504,1729,1775
050,21,067,"Kentucky","Fayette County",5,59,3621,1806,1815
050,21,067,"Kentucky","Fayette County",5,60,3573,1723,1850
050,21,067,"Kentucky","Fayette County",5,61,3632,1722,1910
050,21,067,"Kentucky","Fayette County",5,62,3509,1662,1847
050,21,067,"Kentucky","Fayette County",5,63,3455,1645,1810
050,21,067,"Kentucky","Fayette County",5,64,3420,1592,1828
050,21,067,"Kentucky","Fayette County",5,65,3364,1533,1831
050,21,067,"Kentucky","Fayette County",5,66,3331,1508,1823
050,21,067,"Kentucky","Fayette County",5,67,3202,1423,1779
050,21,067,"Kentucky","Fayette County",5,68,3250,1493,1757
050,21,067,"Kentucky","Fayette County",5,69,3159,1487,1672
050,21,067,"Kentucky","Fayette County",5,70,2937,1346,1591
050,21,067,"Kentucky","Fayette County",5,71,2813,1276,1537
050,21,067,"Kentucky","Fayette County",5,72,2617,1191,1426
050,21,067,"Kentucky","Fayette County",5,73,2482,1099,1383
050,21,067,"Kentucky","Fayette County",5,74,2460,1088,1372
050,21,067,"Kentucky","Fayette County",5,75,2327,1062,1265
050,21,067,"Kentucky","Fayette County",5,76,2405,1046,1359
050,21,067,"Kentucky","Fayette County",5,77,1613,702,911
050,21,067,"Kentucky","Fayette County",5,78,1466,614,852
050,21,067,"Kentucky","Fayette County",5,79,1456,634,822
050,21,067,"Kentucky","Fayette County",5,80,1447,587,860
050,21,067,"Kentucky","Fayette County",5,81,1255,500,755
050,21,067,"Kentucky","Fayette County",5,82,1070,425,645
050,21,067,"Kentucky","Fayette County",5,83,956,370,586
050,21,067,"Kentucky","Fayette County",5,84,919,353,566
050,21,067,"Kentucky","Fayette County",5,85,4800,1652,3148
050,21,069,"Kentucky","Fleming County",1,0,197,102,95
050,21,069,"Kentucky","Fleming County",1,1,207,109,98
050,21,069,"Kentucky","Fleming County",1,2,199,94,105
050,21,069,"Kentucky","Fleming County",1,3,191,97,94
050,21,069,"Kentucky","Fleming County",1,4,198,98,100
050,21,069,"Kentucky","Fleming County",1,5,199,97,102
050,21,069,"Kentucky","Fleming County",1,6,189,90,99
050,21,069,"Kentucky","Fleming County",1,7,202,107,95
050,21,069,"Kentucky","Fleming County",1,8,194,89,105
050,21,069,"Kentucky","Fleming County",1,9,192,106,86
050,21,069,"Kentucky","Fleming County",1,10,209,113,96
050,21,069,"Kentucky","Fleming County",1,11,213,121,92
050,21,069,"Kentucky","Fleming County",1,12,214,108,106
050,21,069,"Kentucky","Fleming County",1,13,206,104,102
050,21,069,"Kentucky","Fleming County",1,14,209,104,105
050,21,069,"Kentucky","Fleming County",1,15,204,102,102
050,21,069,"Kentucky","Fleming County",1,16,226,112,114
050,21,069,"Kentucky","Fleming County",1,17,233,120,113
050,21,069,"Kentucky","Fleming County",1,18,192,104,88
050,21,069,"Kentucky","Fleming County",1,19,139,78,61
050,21,069,"Kentucky","Fleming County",1,20,171,83,88
050,21,069,"Kentucky","Fleming County",1,21,168,77,91
050,21,069,"Kentucky","Fleming County",1,22,158,81,77
050,21,069,"Kentucky","Fleming County",1,23,164,80,84
050,21,069,"Kentucky","Fleming County",1,24,178,98,80
050,21,069,"Kentucky","Fleming County",1,25,174,91,83
050,21,069,"Kentucky","Fleming County",1,26,183,90,93
050,21,069,"Kentucky","Fleming County",1,27,186,99,87
050,21,069,"Kentucky","Fleming County",1,28,174,89,85
050,21,069,"Kentucky","Fleming County",1,29,171,85,86
050,21,069,"Kentucky","Fleming County",1,30,155,71,84
050,21,069,"Kentucky","Fleming County",1,31,162,72,90
050,21,069,"Kentucky","Fleming County",1,32,161,78,83
050,21,069,"Kentucky","Fleming County",1,33,169,87,82
050,21,069,"Kentucky","Fleming County",1,34,155,76,79
050,21,069,"Kentucky","Fleming County",1,35,155,80,75
050,21,069,"Kentucky","Fleming County",1,36,158,73,85
050,21,069,"Kentucky","Fleming County",1,37,170,72,98
050,21,069,"Kentucky","Fleming County",1,38,172,84,88
050,21,069,"Kentucky","Fleming County",1,39,180,84,96
050,21,069,"Kentucky","Fleming County",1,40,168,86,82
050,21,069,"Kentucky","Fleming County",1,41,176,95,81
050,21,069,"Kentucky","Fleming County",1,42,177,89,88
050,21,069,"Kentucky","Fleming County",1,43,200,96,104
050,21,069,"Kentucky","Fleming County",1,44,181,83,98
050,21,069,"Kentucky","Fleming County",1,45,199,99,100
050,21,069,"Kentucky","Fleming County",1,46,195,98,97
050,21,069,"Kentucky","Fleming County",1,47,191,91,100
050,21,069,"Kentucky","Fleming County",1,48,194,98,96
050,21,069,"Kentucky","Fleming County",1,49,207,97,110
050,21,069,"Kentucky","Fleming County",1,50,197,91,106
050,21,069,"Kentucky","Fleming County",1,51,218,111,107
050,21,069,"Kentucky","Fleming County",1,52,203,107,96
050,21,069,"Kentucky","Fleming County",1,53,205,108,97
050,21,069,"Kentucky","Fleming County",1,54,222,114,108
050,21,069,"Kentucky","Fleming County",1,55,221,112,109
050,21,069,"Kentucky","Fleming County",1,56,216,108,108
050,21,069,"Kentucky","Fleming County",1,57,202,102,100
050,21,069,"Kentucky","Fleming County",1,58,208,99,109
050,21,069,"Kentucky","Fleming County",1,59,175,83,92
050,21,069,"Kentucky","Fleming County",1,60,193,101,92
050,21,069,"Kentucky","Fleming County",1,61,206,104,102
050,21,069,"Kentucky","Fleming County",1,62,195,85,110
050,21,069,"Kentucky","Fleming County",1,63,209,113,96
050,21,069,"Kentucky","Fleming County",1,64,204,104,100
050,21,069,"Kentucky","Fleming County",1,65,196,84,112
050,21,069,"Kentucky","Fleming County",1,66,176,77,99
050,21,069,"Kentucky","Fleming County",1,67,171,89,82
050,21,069,"Kentucky","Fleming County",1,68,175,91,84
050,21,069,"Kentucky","Fleming County",1,69,170,87,83
050,21,069,"Kentucky","Fleming County",1,70,165,86,79
050,21,069,"Kentucky","Fleming County",1,71,160,73,87
050,21,069,"Kentucky","Fleming County",1,72,172,78,94
050,21,069,"Kentucky","Fleming County",1,73,170,75,95
050,21,069,"Kentucky","Fleming County",1,74,116,52,64
050,21,069,"Kentucky","Fleming County",1,75,118,57,61
050,21,069,"Kentucky","Fleming County",1,76,128,56,72
050,21,069,"Kentucky","Fleming County",1,77,113,51,62
050,21,069,"Kentucky","Fleming County",1,78,84,36,48
050,21,069,"Kentucky","Fleming County",1,79,94,42,52
050,21,069,"Kentucky","Fleming County",1,80,79,40,39
050,21,069,"Kentucky","Fleming County",1,81,60,30,30
050,21,069,"Kentucky","Fleming County",1,82,65,29,36
050,21,069,"Kentucky","Fleming County",1,83,50,19,31
050,21,069,"Kentucky","Fleming County",1,84,52,25,27
050,21,069,"Kentucky","Fleming County",1,85,234,85,149
050,21,069,"Kentucky","Fleming County",2,0,201,105,96
050,21,069,"Kentucky","Fleming County",2,1,206,108,98
050,21,069,"Kentucky","Fleming County",2,2,202,98,104
050,21,069,"Kentucky","Fleming County",2,3,194,97,97
050,21,069,"Kentucky","Fleming County",2,4,198,100,98
050,21,069,"Kentucky","Fleming County",2,5,200,97,103
050,21,069,"Kentucky","Fleming County",2,6,192,93,99
050,21,069,"Kentucky","Fleming County",2,7,198,101,97
050,21,069,"Kentucky","Fleming County",2,8,195,93,102
050,21,069,"Kentucky","Fleming County",2,9,191,102,89
050,21,069,"Kentucky","Fleming County",2,10,202,110,92
050,21,069,"Kentucky","Fleming County",2,11,211,118,93
050,21,069,"Kentucky","Fleming County",2,12,212,110,102
050,21,069,"Kentucky","Fleming County",2,13,208,106,102
050,21,069,"Kentucky","Fleming County",2,14,206,102,104
050,21,069,"Kentucky","Fleming County",2,15,206,103,103
050,21,069,"Kentucky","Fleming County",2,16,222,111,111
050,21,069,"Kentucky","Fleming County",2,17,231,119,112
050,21,069,"Kentucky","Fleming County",2,18,189,104,85
050,21,069,"Kentucky","Fleming County",2,19,142,79,63
050,21,069,"Kentucky","Fleming County",2,20,170,83,87
050,21,069,"Kentucky","Fleming County",2,21,171,80,91
050,21,069,"Kentucky","Fleming County",2,22,162,81,81
050,21,069,"Kentucky","Fleming County",2,23,167,83,84
050,21,069,"Kentucky","Fleming County",2,24,172,93,79
050,21,069,"Kentucky","Fleming County",2,25,173,92,81
050,21,069,"Kentucky","Fleming County",2,26,181,90,91
050,21,069,"Kentucky","Fleming County",2,27,187,98,89
050,21,069,"Kentucky","Fleming County",2,28,179,93,86
050,21,069,"Kentucky","Fleming County",2,29,173,86,87
050,21,069,"Kentucky","Fleming County",2,30,160,75,85
050,21,069,"Kentucky","Fleming County",2,31,161,73,88
050,21,069,"Kentucky","Fleming County",2,32,161,77,84
050,21,069,"Kentucky","Fleming County",2,33,165,83,82
050,21,069,"Kentucky","Fleming County",2,34,158,79,79
050,21,069,"Kentucky","Fleming County",2,35,156,79,77
050,21,069,"Kentucky","Fleming County",2,36,157,74,83
050,21,069,"Kentucky","Fleming County",2,37,167,73,94
050,21,069,"Kentucky","Fleming County",2,38,172,81,91
050,21,069,"Kentucky","Fleming County",2,39,178,84,94
050,21,069,"Kentucky","Fleming County",2,40,172,87,85
050,21,069,"Kentucky","Fleming County",2,41,175,92,83
050,21,069,"Kentucky","Fleming County",2,42,174,89,85
050,21,069,"Kentucky","Fleming County",2,43,195,95,100
050,21,069,"Kentucky","Fleming County",2,44,184,85,99
050,21,069,"Kentucky","Fleming County",2,45,197,96,101
050,21,069,"Kentucky","Fleming County",2,46,197,99,98
050,21,069,"Kentucky","Fleming County",2,47,190,92,98
050,21,069,"Kentucky","Fleming County",2,48,193,96,97
050,21,069,"Kentucky","Fleming County",2,49,204,98,106
050,21,069,"Kentucky","Fleming County",2,50,200,93,107
050,21,069,"Kentucky","Fleming County",2,51,213,106,107
050,21,069,"Kentucky","Fleming County",2,52,207,108,99
050,21,069,"Kentucky","Fleming County",2,53,204,107,97
050,21,069,"Kentucky","Fleming County",2,54,217,113,104
050,21,069,"Kentucky","Fleming County",2,55,221,113,108
050,21,069,"Kentucky","Fleming County",2,56,216,108,108
050,21,069,"Kentucky","Fleming County",2,57,205,103,102
050,21,069,"Kentucky","Fleming County",2,58,206,99,107
050,21,069,"Kentucky","Fleming County",2,59,182,87,95
050,21,069,"Kentucky","Fleming County",2,60,189,97,92
050,21,069,"Kentucky","Fleming County",2,61,202,102,100
050,21,069,"Kentucky","Fleming County",2,62,198,89,109
050,21,069,"Kentucky","Fleming County",2,63,208,108,100
050,21,069,"Kentucky","Fleming County",2,64,204,105,99
050,21,069,"Kentucky","Fleming County",2,65,197,89,108
050,21,069,"Kentucky","Fleming County",2,66,181,79,102
050,21,069,"Kentucky","Fleming County",2,67,169,85,84
050,21,069,"Kentucky","Fleming County",2,68,175,91,84
050,21,069,"Kentucky","Fleming County",2,69,171,87,84
050,21,069,"Kentucky","Fleming County",2,70,165,85,80
050,21,069,"Kentucky","Fleming County",2,71,162,76,86
050,21,069,"Kentucky","Fleming County",2,72,167,75,92
050,21,069,"Kentucky","Fleming County",2,73,178,80,98
050,21,069,"Kentucky","Fleming County",2,74,120,54,66
050,21,069,"Kentucky","Fleming County",2,75,117,55,62
050,21,069,"Kentucky","Fleming County",2,76,124,56,68
050,21,069,"Kentucky","Fleming County",2,77,118,51,67
050,21,069,"Kentucky","Fleming County",2,78,87,38,49
050,21,069,"Kentucky","Fleming County",2,79,92,41,51
050,21,069,"Kentucky","Fleming County",2,80,82,41,41
050,21,069,"Kentucky","Fleming County",2,81,63,32,31
050,21,069,"Kentucky","Fleming County",2,82,63,28,35
050,21,069,"Kentucky","Fleming County",2,83,52,21,31
050,21,069,"Kentucky","Fleming County",2,84,51,23,28
050,21,069,"Kentucky","Fleming County",2,85,238,87,151
050,21,069,"Kentucky","Fleming County",3,0,199,90,109
050,21,069,"Kentucky","Fleming County",3,1,204,111,93
050,21,069,"Kentucky","Fleming County",3,2,207,116,91
050,21,069,"Kentucky","Fleming County",3,3,208,108,100
050,21,069,"Kentucky","Fleming County",3,4,196,97,99
050,21,069,"Kentucky","Fleming County",3,5,202,110,92
050,21,069,"Kentucky","Fleming County",3,6,203,93,110
050,21,069,"Kentucky","Fleming County",3,7,201,98,103
050,21,069,"Kentucky","Fleming County",3,8,201,100,101
050,21,069,"Kentucky","Fleming County",3,9,194,92,102
050,21,069,"Kentucky","Fleming County",3,10,203,104,99
050,21,069,"Kentucky","Fleming County",3,11,212,117,95
050,21,069,"Kentucky","Fleming County",3,12,211,120,91
050,21,069,"Kentucky","Fleming County",3,13,214,113,101
050,21,069,"Kentucky","Fleming County",3,14,217,111,106
050,21,069,"Kentucky","Fleming County",3,15,201,101,100
050,21,069,"Kentucky","Fleming County",3,16,208,105,103
050,21,069,"Kentucky","Fleming County",3,17,226,113,113
050,21,069,"Kentucky","Fleming County",3,18,196,101,95
050,21,069,"Kentucky","Fleming County",3,19,150,84,66
050,21,069,"Kentucky","Fleming County",3,20,151,81,70
050,21,069,"Kentucky","Fleming County",3,21,187,85,102
050,21,069,"Kentucky","Fleming County",3,22,184,78,106
050,21,069,"Kentucky","Fleming County",3,23,166,81,85
050,21,069,"Kentucky","Fleming County",3,24,184,93,91
050,21,069,"Kentucky","Fleming County",3,25,176,97,79
050,21,069,"Kentucky","Fleming County",3,26,175,89,86
050,21,069,"Kentucky","Fleming County",3,27,193,97,96
050,21,069,"Kentucky","Fleming County",3,28,190,104,86
050,21,069,"Kentucky","Fleming County",3,29,176,89,87
050,21,069,"Kentucky","Fleming County",3,30,176,90,86
050,21,069,"Kentucky","Fleming County",3,31,156,74,82
050,21,069,"Kentucky","Fleming County",3,32,166,76,90
050,21,069,"Kentucky","Fleming County",3,33,172,84,88
050,21,069,"Kentucky","Fleming County",3,34,168,82,86
050,21,069,"Kentucky","Fleming County",3,35,163,84,79
050,21,069,"Kentucky","Fleming County",3,36,156,79,77
050,21,069,"Kentucky","Fleming County",3,37,159,75,84
050,21,069,"Kentucky","Fleming County",3,38,165,72,93
050,21,069,"Kentucky","Fleming County",3,39,179,86,93
050,21,069,"Kentucky","Fleming County",3,40,179,81,98
050,21,069,"Kentucky","Fleming County",3,41,174,86,88
050,21,069,"Kentucky","Fleming County",3,42,180,92,88
050,21,069,"Kentucky","Fleming County",3,43,181,91,90
050,21,069,"Kentucky","Fleming County",3,44,188,90,98
050,21,069,"Kentucky","Fleming County",3,45,192,88,104
050,21,069,"Kentucky","Fleming County",3,46,203,103,100
050,21,069,"Kentucky","Fleming County",3,47,191,93,98
050,21,069,"Kentucky","Fleming County",3,48,196,94,102
050,21,069,"Kentucky","Fleming County",3,49,198,99,99
050,21,069,"Kentucky","Fleming County",3,50,202,98,104
050,21,069,"Kentucky","Fleming County",3,51,201,96,105
050,21,069,"Kentucky","Fleming County",3,52,216,112,104
050,21,069,"Kentucky","Fleming County",3,53,207,109,98
050,21,069,"Kentucky","Fleming County",3,54,203,103,100
050,21,069,"Kentucky","Fleming County",3,55,216,110,106
050,21,069,"Kentucky","Fleming County",3,56,220,111,109
050,21,069,"Kentucky","Fleming County",3,57,219,106,113
050,21,069,"Kentucky","Fleming County",3,58,201,100,101
050,21,069,"Kentucky","Fleming County",3,59,199,92,107
050,21,069,"Kentucky","Fleming County",3,60,175,85,90
050,21,069,"Kentucky","Fleming County",3,61,197,101,96
050,21,069,"Kentucky","Fleming County",3,62,202,105,97
050,21,069,"Kentucky","Fleming County",3,63,196,86,110
050,21,069,"Kentucky","Fleming County",3,64,203,105,98
050,21,069,"Kentucky","Fleming County",3,65,202,102,100
050,21,069,"Kentucky","Fleming County",3,66,194,88,106
050,21,069,"Kentucky","Fleming County",3,67,174,76,98
050,21,069,"Kentucky","Fleming County",3,68,171,85,86
050,21,069,"Kentucky","Fleming County",3,69,173,89,84
050,21,069,"Kentucky","Fleming County",3,70,163,81,82
050,21,069,"Kentucky","Fleming County",3,71,164,83,81
050,21,069,"Kentucky","Fleming County",3,72,155,72,83
050,21,069,"Kentucky","Fleming County",3,73,164,71,93
050,21,069,"Kentucky","Fleming County",3,74,175,78,97
050,21,069,"Kentucky","Fleming County",3,75,115,52,63
050,21,069,"Kentucky","Fleming County",3,76,107,49,58
050,21,069,"Kentucky","Fleming County",3,77,118,53,65
050,21,069,"Kentucky","Fleming County",3,78,116,50,66
050,21,069,"Kentucky","Fleming County",3,79,81,37,44
050,21,069,"Kentucky","Fleming County",3,80,84,39,45
050,21,069,"Kentucky","Fleming County",3,81,70,38,32
050,21,069,"Kentucky","Fleming County",3,82,54,24,30
050,21,069,"Kentucky","Fleming County",3,83,56,23,33
050,21,069,"Kentucky","Fleming County",3,84,48,19,29
050,21,069,"Kentucky","Fleming County",3,85,247,94,153
050,21,069,"Kentucky","Fleming County",4,0,203,104,99
050,21,069,"Kentucky","Fleming County",4,1,197,95,102
050,21,069,"Kentucky","Fleming County",4,2,201,103,98
050,21,069,"Kentucky","Fleming County",4,3,211,111,100
050,21,069,"Kentucky","Fleming County",4,4,192,98,94
050,21,069,"Kentucky","Fleming County",4,5,186,91,95
050,21,069,"Kentucky","Fleming County",4,6,195,102,93
050,21,069,"Kentucky","Fleming County",4,7,195,86,109
050,21,069,"Kentucky","Fleming County",4,8,201,101,100
050,21,069,"Kentucky","Fleming County",4,9,206,103,103
050,21,069,"Kentucky","Fleming County",4,10,202,98,104
050,21,069,"Kentucky","Fleming County",4,11,209,110,99
050,21,069,"Kentucky","Fleming County",4,12,203,111,92
050,21,069,"Kentucky","Fleming County",4,13,219,122,97
050,21,069,"Kentucky","Fleming County",4,14,210,112,98
050,21,069,"Kentucky","Fleming County",4,15,220,109,111
050,21,069,"Kentucky","Fleming County",4,16,205,102,103
050,21,069,"Kentucky","Fleming County",4,17,200,105,95
050,21,069,"Kentucky","Fleming County",4,18,190,98,92
050,21,069,"Kentucky","Fleming County",4,19,153,80,73
050,21,069,"Kentucky","Fleming County",4,20,162,88,74
050,21,069,"Kentucky","Fleming County",4,21,163,92,71
050,21,069,"Kentucky","Fleming County",4,22,186,84,102
050,21,069,"Kentucky","Fleming County",4,23,195,84,111
050,21,069,"Kentucky","Fleming County",4,24,174,89,85
050,21,069,"Kentucky","Fleming County",4,25,180,91,89
050,21,069,"Kentucky","Fleming County",4,26,181,101,80
050,21,069,"Kentucky","Fleming County",4,27,175,90,85
050,21,069,"Kentucky","Fleming County",4,28,201,96,105
050,21,069,"Kentucky","Fleming County",4,29,192,107,85
050,21,069,"Kentucky","Fleming County",4,30,177,94,83
050,21,069,"Kentucky","Fleming County",4,31,180,91,89
050,21,069,"Kentucky","Fleming County",4,32,169,82,87
050,21,069,"Kentucky","Fleming County",4,33,169,77,92
050,21,069,"Kentucky","Fleming County",4,34,180,87,93
050,21,069,"Kentucky","Fleming County",4,35,179,86,93
050,21,069,"Kentucky","Fleming County",4,36,169,86,83
050,21,069,"Kentucky","Fleming County",4,37,163,83,80
050,21,069,"Kentucky","Fleming County",4,38,155,73,82
050,21,069,"Kentucky","Fleming County",4,39,166,71,95
050,21,069,"Kentucky","Fleming County",4,40,174,86,88
050,21,069,"Kentucky","Fleming County",4,41,182,88,94
050,21,069,"Kentucky","Fleming County",4,42,180,88,92
050,21,069,"Kentucky","Fleming County",4,43,178,92,86
050,21,069,"Kentucky","Fleming County",4,44,174,88,86
050,21,069,"Kentucky","Fleming County",4,45,189,92,97
050,21,069,"Kentucky","Fleming County",4,46,188,86,102
050,21,069,"Kentucky","Fleming County",4,47,197,100,97
050,21,069,"Kentucky","Fleming County",4,48,190,92,98
050,21,069,"Kentucky","Fleming County",4,49,199,97,102
050,21,069,"Kentucky","Fleming County",4,50,194,99,95
050,21,069,"Kentucky","Fleming County",4,51,205,99,106
050,21,069,"Kentucky","Fleming County",4,52,208,100,108
050,21,069,"Kentucky","Fleming County",4,53,211,108,103
050,21,069,"Kentucky","Fleming County",4,54,199,102,97
050,21,069,"Kentucky","Fleming County",4,55,206,105,101
050,21,069,"Kentucky","Fleming County",4,56,211,108,103
050,21,069,"Kentucky","Fleming County",4,57,218,110,108
050,21,069,"Kentucky","Fleming County",4,58,222,107,115
050,21,069,"Kentucky","Fleming County",4,59,195,96,99
050,21,069,"Kentucky","Fleming County",4,60,202,95,107
050,21,069,"Kentucky","Fleming County",4,61,175,85,90
050,21,069,"Kentucky","Fleming County",4,62,189,98,91
050,21,069,"Kentucky","Fleming County",4,63,205,105,100
050,21,069,"Kentucky","Fleming County",4,64,195,82,113
050,21,069,"Kentucky","Fleming County",4,65,197,101,96
050,21,069,"Kentucky","Fleming County",4,66,203,102,101
050,21,069,"Kentucky","Fleming County",4,67,190,88,102
050,21,069,"Kentucky","Fleming County",4,68,172,73,99
050,21,069,"Kentucky","Fleming County",4,69,163,82,81
050,21,069,"Kentucky","Fleming County",4,70,166,84,82
050,21,069,"Kentucky","Fleming County",4,71,156,79,77
050,21,069,"Kentucky","Fleming County",4,72,159,82,77
050,21,069,"Kentucky","Fleming County",4,73,147,67,80
050,21,069,"Kentucky","Fleming County",4,74,159,68,91
050,21,069,"Kentucky","Fleming County",4,75,170,76,94
050,21,069,"Kentucky","Fleming County",4,76,111,49,62
050,21,069,"Kentucky","Fleming County",4,77,107,50,57
050,21,069,"Kentucky","Fleming County",4,78,109,50,59
050,21,069,"Kentucky","Fleming County",4,79,108,45,63
050,21,069,"Kentucky","Fleming County",4,80,74,33,41
050,21,069,"Kentucky","Fleming County",4,81,76,36,40
050,21,069,"Kentucky","Fleming County",4,82,66,35,31
050,21,069,"Kentucky","Fleming County",4,83,47,20,27
050,21,069,"Kentucky","Fleming County",4,84,49,19,30
050,21,069,"Kentucky","Fleming County",4,85,249,92,157
050,21,069,"Kentucky","Fleming County",5,0,204,104,100
050,21,069,"Kentucky","Fleming County",5,1,221,101,120
050,21,069,"Kentucky","Fleming County",5,2,199,93,106
050,21,069,"Kentucky","Fleming County",5,3,209,110,99
050,21,069,"Kentucky","Fleming County",5,4,202,113,89
050,21,069,"Kentucky","Fleming County",5,5,191,104,87
050,21,069,"Kentucky","Fleming County",5,6,202,96,106
050,21,069,"Kentucky","Fleming County",5,7,208,106,102
050,21,069,"Kentucky","Fleming County",5,8,201,92,109
050,21,069,"Kentucky","Fleming County",5,9,198,97,101
050,21,069,"Kentucky","Fleming County",5,10,216,111,105
050,21,069,"Kentucky","Fleming County",5,11,194,92,102
050,21,069,"Kentucky","Fleming County",5,12,205,110,95
050,21,069,"Kentucky","Fleming County",5,13,214,118,96
050,21,069,"Kentucky","Fleming County",5,14,222,121,101
050,21,069,"Kentucky","Fleming County",5,15,210,114,96
050,21,069,"Kentucky","Fleming County",5,16,220,108,112
050,21,069,"Kentucky","Fleming County",5,17,206,99,107
050,21,069,"Kentucky","Fleming County",5,18,174,99,75
050,21,069,"Kentucky","Fleming County",5,19,153,74,79
050,21,069,"Kentucky","Fleming County",5,20,162,86,76
050,21,069,"Kentucky","Fleming County",5,21,172,91,81
050,21,069,"Kentucky","Fleming County",5,22,172,90,82
050,21,069,"Kentucky","Fleming County",5,23,201,92,109
050,21,069,"Kentucky","Fleming County",5,24,189,78,111
050,21,069,"Kentucky","Fleming County",5,25,170,83,87
050,21,069,"Kentucky","Fleming County",5,26,180,87,93
050,21,069,"Kentucky","Fleming County",5,27,175,96,79
050,21,069,"Kentucky","Fleming County",5,28,177,90,87
050,21,069,"Kentucky","Fleming County",5,29,198,94,104
050,21,069,"Kentucky","Fleming County",5,30,190,101,89
050,21,069,"Kentucky","Fleming County",5,31,177,92,85
050,21,069,"Kentucky","Fleming County",5,32,175,86,89
050,21,069,"Kentucky","Fleming County",5,33,179,87,92
050,21,069,"Kentucky","Fleming County",5,34,176,79,97
050,21,069,"Kentucky","Fleming County",5,35,181,91,90
050,21,069,"Kentucky","Fleming County",5,36,177,88,89
050,21,069,"Kentucky","Fleming County",5,37,177,89,88
050,21,069,"Kentucky","Fleming County",5,38,161,83,78
050,21,069,"Kentucky","Fleming County",5,39,161,74,87
050,21,069,"Kentucky","Fleming County",5,40,168,77,91
050,21,069,"Kentucky","Fleming County",5,41,179,89,90
050,21,069,"Kentucky","Fleming County",5,42,188,94,94
050,21,069,"Kentucky","Fleming County",5,43,176,84,92
050,21,069,"Kentucky","Fleming County",5,44,170,90,80
050,21,069,"Kentucky","Fleming County",5,45,181,89,92
050,21,069,"Kentucky","Fleming County",5,46,200,101,99
050,21,069,"Kentucky","Fleming County",5,47,191,90,101
050,21,069,"Kentucky","Fleming County",5,48,200,98,102
050,21,069,"Kentucky","Fleming County",5,49,202,95,107
050,21,069,"Kentucky","Fleming County",5,50,201,97,104
050,21,069,"Kentucky","Fleming County",5,51,204,108,96
050,21,069,"Kentucky","Fleming County",5,52,207,102,105
050,21,069,"Kentucky","Fleming County",5,53,207,102,105
050,21,069,"Kentucky","Fleming County",5,54,215,107,108
050,21,069,"Kentucky","Fleming County",5,55,197,101,96
050,21,069,"Kentucky","Fleming County",5,56,199,100,99
050,21,069,"Kentucky","Fleming County",5,57,211,106,105
050,21,069,"Kentucky","Fleming County",5,58,216,111,105
050,21,069,"Kentucky","Fleming County",5,59,224,105,119
050,21,069,"Kentucky","Fleming County",5,60,193,97,96
050,21,069,"Kentucky","Fleming County",5,61,210,99,111
050,21,069,"Kentucky","Fleming County",5,62,177,85,92
050,21,069,"Kentucky","Fleming County",5,63,194,98,96
050,21,069,"Kentucky","Fleming County",5,64,197,103,94
050,21,069,"Kentucky","Fleming County",5,65,194,77,117
050,21,069,"Kentucky","Fleming County",5,66,194,97,97
050,21,069,"Kentucky","Fleming County",5,67,208,105,103
050,21,069,"Kentucky","Fleming County",5,68,190,83,107
050,21,069,"Kentucky","Fleming County",5,69,165,70,95
050,21,069,"Kentucky","Fleming County",5,70,163,83,80
050,21,069,"Kentucky","Fleming County",5,71,157,77,80
050,21,069,"Kentucky","Fleming County",5,72,152,77,75
050,21,069,"Kentucky","Fleming County",5,73,150,77,73
050,21,069,"Kentucky","Fleming County",5,74,140,63,77
050,21,069,"Kentucky","Fleming County",5,75,158,66,92
050,21,069,"Kentucky","Fleming County",5,76,162,71,91
050,21,069,"Kentucky","Fleming County",5,77,106,48,58
050,21,069,"Kentucky","Fleming County",5,78,104,50,54
050,21,069,"Kentucky","Fleming County",5,79,105,45,60
050,21,069,"Kentucky","Fleming County",5,80,102,42,60
050,21,069,"Kentucky","Fleming County",5,81,62,28,34
050,21,069,"Kentucky","Fleming County",5,82,70,32,38
050,21,069,"Kentucky","Fleming County",5,83,58,31,27
050,21,069,"Kentucky","Fleming County",5,84,43,19,24
050,21,069,"Kentucky","Fleming County",5,85,253,93,160
050,21,071,"Kentucky","Floyd County",1,0,422,214,208
050,21,071,"Kentucky","Floyd County",1,1,428,219,209
050,21,071,"Kentucky","Floyd County",1,2,439,232,207
050,21,071,"Kentucky","Floyd County",1,3,429,212,217
050,21,071,"Kentucky","Floyd County",1,4,440,225,215
050,21,071,"Kentucky","Floyd County",1,5,430,235,195
050,21,071,"Kentucky","Floyd County",1,6,447,231,216
050,21,071,"Kentucky","Floyd County",1,7,466,231,235
050,21,071,"Kentucky","Floyd County",1,8,458,250,208
050,21,071,"Kentucky","Floyd County",1,9,436,226,210
050,21,071,"Kentucky","Floyd County",1,10,453,242,211
050,21,071,"Kentucky","Floyd County",1,11,456,212,244
050,21,071,"Kentucky","Floyd County",1,12,457,234,223
050,21,071,"Kentucky","Floyd County",1,13,480,244,236
050,21,071,"Kentucky","Floyd County",1,14,485,262,223
050,21,071,"Kentucky","Floyd County",1,15,483,265,218
050,21,071,"Kentucky","Floyd County",1,16,471,257,214
050,21,071,"Kentucky","Floyd County",1,17,443,237,206
050,21,071,"Kentucky","Floyd County",1,18,368,202,166
050,21,071,"Kentucky","Floyd County",1,19,292,163,129
050,21,071,"Kentucky","Floyd County",1,20,320,173,147
050,21,071,"Kentucky","Floyd County",1,21,333,169,164
050,21,071,"Kentucky","Floyd County",1,22,361,175,186
050,21,071,"Kentucky","Floyd County",1,23,376,194,182
050,21,071,"Kentucky","Floyd County",1,24,378,199,179
050,21,071,"Kentucky","Floyd County",1,25,377,213,164
050,21,071,"Kentucky","Floyd County",1,26,378,196,182
050,21,071,"Kentucky","Floyd County",1,27,415,188,227
050,21,071,"Kentucky","Floyd County",1,28,447,217,230
050,21,071,"Kentucky","Floyd County",1,29,436,207,229
050,21,071,"Kentucky","Floyd County",1,30,438,198,240
050,21,071,"Kentucky","Floyd County",1,31,372,180,192
050,21,071,"Kentucky","Floyd County",1,32,407,195,212
050,21,071,"Kentucky","Floyd County",1,33,416,203,213
050,21,071,"Kentucky","Floyd County",1,34,399,206,193
050,21,071,"Kentucky","Floyd County",1,35,404,200,204
050,21,071,"Kentucky","Floyd County",1,36,435,203,232
050,21,071,"Kentucky","Floyd County",1,37,434,221,213
050,21,071,"Kentucky","Floyd County",1,38,431,211,220
050,21,071,"Kentucky","Floyd County",1,39,458,233,225
050,21,071,"Kentucky","Floyd County",1,40,473,242,231
050,21,071,"Kentucky","Floyd County",1,41,483,243,240
050,21,071,"Kentucky","Floyd County",1,42,466,227,239
050,21,071,"Kentucky","Floyd County",1,43,469,233,236
050,21,071,"Kentucky","Floyd County",1,44,440,222,218
050,21,071,"Kentucky","Floyd County",1,45,458,225,233
050,21,071,"Kentucky","Floyd County",1,46,475,238,237
050,21,071,"Kentucky","Floyd County",1,47,483,225,258
050,21,071,"Kentucky","Floyd County",1,48,487,238,249
050,21,071,"Kentucky","Floyd County",1,49,494,241,253
050,21,071,"Kentucky","Floyd County",1,50,468,234,234
050,21,071,"Kentucky","Floyd County",1,51,448,215,233
050,21,071,"Kentucky","Floyd County",1,52,474,221,253
050,21,071,"Kentucky","Floyd County",1,53,470,236,234
050,21,071,"Kentucky","Floyd County",1,54,506,254,252
050,21,071,"Kentucky","Floyd County",1,55,536,261,275
050,21,071,"Kentucky","Floyd County",1,56,492,224,268
050,21,071,"Kentucky","Floyd County",1,57,505,238,267
050,21,071,"Kentucky","Floyd County",1,58,547,246,301
050,21,071,"Kentucky","Floyd County",1,59,523,238,285
050,21,071,"Kentucky","Floyd County",1,60,512,254,258
050,21,071,"Kentucky","Floyd County",1,61,517,239,278
050,21,071,"Kentucky","Floyd County",1,62,568,264,304
050,21,071,"Kentucky","Floyd County",1,63,545,247,298
050,21,071,"Kentucky","Floyd County",1,64,531,242,289
050,21,071,"Kentucky","Floyd County",1,65,514,251,263
050,21,071,"Kentucky","Floyd County",1,66,471,232,239
050,21,071,"Kentucky","Floyd County",1,67,470,209,261
050,21,071,"Kentucky","Floyd County",1,68,491,242,249
050,21,071,"Kentucky","Floyd County",1,69,477,231,246
050,21,071,"Kentucky","Floyd County",1,70,431,214,217
050,21,071,"Kentucky","Floyd County",1,71,406,199,207
050,21,071,"Kentucky","Floyd County",1,72,407,186,221
050,21,071,"Kentucky","Floyd County",1,73,396,173,223
050,21,071,"Kentucky","Floyd County",1,74,276,112,164
050,21,071,"Kentucky","Floyd County",1,75,268,110,158
050,21,071,"Kentucky","Floyd County",1,76,269,121,148
050,21,071,"Kentucky","Floyd County",1,77,236,104,132
050,21,071,"Kentucky","Floyd County",1,78,208,92,116
050,21,071,"Kentucky","Floyd County",1,79,182,68,114
050,21,071,"Kentucky","Floyd County",1,80,194,80,114
050,21,071,"Kentucky","Floyd County",1,81,170,73,97
050,21,071,"Kentucky","Floyd County",1,82,148,61,87
050,21,071,"Kentucky","Floyd County",1,83,124,56,68
050,21,071,"Kentucky","Floyd County",1,84,104,42,62
050,21,071,"Kentucky","Floyd County",1,85,531,191,340
050,21,071,"Kentucky","Floyd County",2,0,414,203,211
050,21,071,"Kentucky","Floyd County",2,1,426,217,209
050,21,071,"Kentucky","Floyd County",2,2,434,227,207
050,21,071,"Kentucky","Floyd County",2,3,431,217,214
050,21,071,"Kentucky","Floyd County",2,4,439,222,217
050,21,071,"Kentucky","Floyd County",2,5,434,233,201
050,21,071,"Kentucky","Floyd County",2,6,446,233,213
050,21,071,"Kentucky","Floyd County",2,7,463,229,234
050,21,071,"Kentucky","Floyd County",2,8,458,242,216
050,21,071,"Kentucky","Floyd County",2,9,442,233,209
050,21,071,"Kentucky","Floyd County",2,10,450,239,211
050,21,071,"Kentucky","Floyd County",2,11,451,218,233
050,21,071,"Kentucky","Floyd County",2,12,459,228,231
050,21,071,"Kentucky","Floyd County",2,13,473,240,233
050,21,071,"Kentucky","Floyd County",2,14,482,256,226
050,21,071,"Kentucky","Floyd County",2,15,482,265,217
050,21,071,"Kentucky","Floyd County",2,16,473,259,214
050,21,071,"Kentucky","Floyd County",2,17,448,241,207
050,21,071,"Kentucky","Floyd County",2,18,368,203,165
050,21,071,"Kentucky","Floyd County",2,19,293,162,131
050,21,071,"Kentucky","Floyd County",2,20,319,172,147
050,21,071,"Kentucky","Floyd County",2,21,330,168,162
050,21,071,"Kentucky","Floyd County",2,22,360,176,184
050,21,071,"Kentucky","Floyd County",2,23,372,188,184
050,21,071,"Kentucky","Floyd County",2,24,377,199,178
050,21,071,"Kentucky","Floyd County",2,25,379,213,166
050,21,071,"Kentucky","Floyd County",2,26,374,196,178
050,21,071,"Kentucky","Floyd County",2,27,401,188,213
050,21,071,"Kentucky","Floyd County",2,28,432,205,227
050,21,071,"Kentucky","Floyd County",2,29,434,206,228
050,21,071,"Kentucky","Floyd County",2,30,438,201,237
050,21,071,"Kentucky","Floyd County",2,31,386,184,202
050,21,071,"Kentucky","Floyd County",2,32,400,193,207
050,21,071,"Kentucky","Floyd County",2,33,414,203,211
050,21,071,"Kentucky","Floyd County",2,34,403,205,198
050,21,071,"Kentucky","Floyd County",2,35,403,201,202
050,21,071,"Kentucky","Floyd County",2,36,424,201,223
050,21,071,"Kentucky","Floyd County",2,37,435,217,218
050,21,071,"Kentucky","Floyd County",2,38,432,213,219
050,21,071,"Kentucky","Floyd County",2,39,447,226,221
050,21,071,"Kentucky","Floyd County",2,40,471,240,231
050,21,071,"Kentucky","Floyd County",2,41,477,241,236
050,21,071,"Kentucky","Floyd County",2,42,464,227,237
050,21,071,"Kentucky","Floyd County",2,43,466,231,235
050,21,071,"Kentucky","Floyd County",2,44,441,221,220
050,21,071,"Kentucky","Floyd County",2,45,455,225,230
050,21,071,"Kentucky","Floyd County",2,46,468,234,234
050,21,071,"Kentucky","Floyd County",2,47,474,224,250
050,21,071,"Kentucky","Floyd County",2,48,480,233,247
050,21,071,"Kentucky","Floyd County",2,49,490,239,251
050,21,071,"Kentucky","Floyd County",2,50,474,233,241
050,21,071,"Kentucky","Floyd County",2,51,451,218,233
050,21,071,"Kentucky","Floyd County",2,52,464,218,246
050,21,071,"Kentucky","Floyd County",2,53,466,230,236
050,21,071,"Kentucky","Floyd County",2,54,492,247,245
050,21,071,"Kentucky","Floyd County",2,55,526,256,270
050,21,071,"Kentucky","Floyd County",2,56,503,234,269
050,21,071,"Kentucky","Floyd County",2,57,499,233,266
050,21,071,"Kentucky","Floyd County",2,58,533,242,291
050,21,071,"Kentucky","Floyd County",2,59,531,242,289
050,21,071,"Kentucky","Floyd County",2,60,506,246,260
050,21,071,"Kentucky","Floyd County",2,61,510,239,271
050,21,071,"Kentucky","Floyd County",2,62,554,258,296
050,21,071,"Kentucky","Floyd County",2,63,556,252,304
050,21,071,"Kentucky","Floyd County",2,64,529,242,287
050,21,071,"Kentucky","Floyd County",2,65,515,245,270
050,21,071,"Kentucky","Floyd County",2,66,476,235,241
050,21,071,"Kentucky","Floyd County",2,67,462,212,250
050,21,071,"Kentucky","Floyd County",2,68,482,231,251
050,21,071,"Kentucky","Floyd County",2,69,483,235,248
050,21,071,"Kentucky","Floyd County",2,70,439,216,223
050,21,071,"Kentucky","Floyd County",2,71,406,201,205
050,21,071,"Kentucky","Floyd County",2,72,396,184,212
050,21,071,"Kentucky","Floyd County",2,73,418,184,234
050,21,071,"Kentucky","Floyd County",2,74,286,119,167
050,21,071,"Kentucky","Floyd County",2,75,268,109,159
050,21,071,"Kentucky","Floyd County",2,76,259,114,145
050,21,071,"Kentucky","Floyd County",2,77,247,109,138
050,21,071,"Kentucky","Floyd County",2,78,208,92,116
050,21,071,"Kentucky","Floyd County",2,79,183,73,110
050,21,071,"Kentucky","Floyd County",2,80,185,73,112
050,21,071,"Kentucky","Floyd County",2,81,172,72,100
050,21,071,"Kentucky","Floyd County",2,82,152,63,89
050,21,071,"Kentucky","Floyd County",2,83,124,54,70
050,21,071,"Kentucky","Floyd County",2,84,105,43,62
050,21,071,"Kentucky","Floyd County",2,85,526,188,338
050,21,071,"Kentucky","Floyd County",3,0,371,185,186
050,21,071,"Kentucky","Floyd County",3,1,413,219,194
050,21,071,"Kentucky","Floyd County",3,2,430,215,215
050,21,071,"Kentucky","Floyd County",3,3,419,226,193
050,21,071,"Kentucky","Floyd County",3,4,432,222,210
050,21,071,"Kentucky","Floyd County",3,5,426,222,204
050,21,071,"Kentucky","Floyd County",3,6,420,220,200
050,21,071,"Kentucky","Floyd County",3,7,448,234,214
050,21,071,"Kentucky","Floyd County",3,8,462,228,234
050,21,071,"Kentucky","Floyd County",3,9,444,238,206
050,21,071,"Kentucky","Floyd County",3,10,440,230,210
050,21,071,"Kentucky","Floyd County",3,11,448,242,206
050,21,071,"Kentucky","Floyd County",3,12,435,206,229
050,21,071,"Kentucky","Floyd County",3,13,462,224,238
050,21,071,"Kentucky","Floyd County",3,14,480,247,233
050,21,071,"Kentucky","Floyd County",3,15,480,258,222
050,21,071,"Kentucky","Floyd County",3,16,478,257,221
050,21,071,"Kentucky","Floyd County",3,17,475,257,218
050,21,071,"Kentucky","Floyd County",3,18,396,226,170
050,21,071,"Kentucky","Floyd County",3,19,295,165,130
050,21,071,"Kentucky","Floyd County",3,20,309,163,146
050,21,071,"Kentucky","Floyd County",3,21,322,167,155
050,21,071,"Kentucky","Floyd County",3,22,350,179,171
050,21,071,"Kentucky","Floyd County",3,23,388,190,198
050,21,071,"Kentucky","Floyd County",3,24,377,184,193
050,21,071,"Kentucky","Floyd County",3,25,386,211,175
050,21,071,"Kentucky","Floyd County",3,26,368,210,158
050,21,071,"Kentucky","Floyd County",3,27,381,200,181
050,21,071,"Kentucky","Floyd County",3,28,400,188,212
050,21,071,"Kentucky","Floyd County",3,29,433,209,224
050,21,071,"Kentucky","Floyd County",3,30,432,204,228
050,21,071,"Kentucky","Floyd County",3,31,429,205,224
050,21,071,"Kentucky","Floyd County",3,32,383,176,207
050,21,071,"Kentucky","Floyd County",3,33,400,196,204
050,21,071,"Kentucky","Floyd County",3,34,407,201,206
050,21,071,"Kentucky","Floyd County",3,35,388,198,190
050,21,071,"Kentucky","Floyd County",3,36,401,195,206
050,21,071,"Kentucky","Floyd County",3,37,427,204,223
050,21,071,"Kentucky","Floyd County",3,38,429,220,209
050,21,071,"Kentucky","Floyd County",3,39,419,204,215
050,21,071,"Kentucky","Floyd County",3,40,445,225,220
050,21,071,"Kentucky","Floyd County",3,41,464,239,225
050,21,071,"Kentucky","Floyd County",3,42,467,233,234
050,21,071,"Kentucky","Floyd County",3,43,458,218,240
050,21,071,"Kentucky","Floyd County",3,44,464,225,239
050,21,071,"Kentucky","Floyd County",3,45,429,217,212
050,21,071,"Kentucky","Floyd County",3,46,450,223,227
050,21,071,"Kentucky","Floyd County",3,47,442,217,225
050,21,071,"Kentucky","Floyd County",3,48,461,217,244
050,21,071,"Kentucky","Floyd County",3,49,477,231,246
050,21,071,"Kentucky","Floyd County",3,50,481,236,245
050,21,071,"Kentucky","Floyd County",3,51,470,226,244
050,21,071,"Kentucky","Floyd County",3,52,444,211,233
050,21,071,"Kentucky","Floyd County",3,53,461,216,245
050,21,071,"Kentucky","Floyd County",3,54,471,233,238
050,21,071,"Kentucky","Floyd County",3,55,487,245,242
050,21,071,"Kentucky","Floyd County",3,56,513,250,263
050,21,071,"Kentucky","Floyd County",3,57,482,222,260
050,21,071,"Kentucky","Floyd County",3,58,496,231,265
050,21,071,"Kentucky","Floyd County",3,59,527,237,290
050,21,071,"Kentucky","Floyd County",3,60,511,236,275
050,21,071,"Kentucky","Floyd County",3,61,485,234,251
050,21,071,"Kentucky","Floyd County",3,62,499,233,266
050,21,071,"Kentucky","Floyd County",3,63,546,254,292
050,21,071,"Kentucky","Floyd County",3,64,531,246,285
050,21,071,"Kentucky","Floyd County",3,65,501,227,274
050,21,071,"Kentucky","Floyd County",3,66,504,237,267
050,21,071,"Kentucky","Floyd County",3,67,457,224,233
050,21,071,"Kentucky","Floyd County",3,68,442,199,243
050,21,071,"Kentucky","Floyd County",3,69,476,230,246
050,21,071,"Kentucky","Floyd County",3,70,466,230,236
050,21,071,"Kentucky","Floyd County",3,71,429,209,220
050,21,071,"Kentucky","Floyd County",3,72,386,191,195
050,21,071,"Kentucky","Floyd County",3,73,375,174,201
050,21,071,"Kentucky","Floyd County",3,74,408,180,228
050,21,071,"Kentucky","Floyd County",3,75,264,107,157
050,21,071,"Kentucky","Floyd County",3,76,256,101,155
050,21,071,"Kentucky","Floyd County",3,77,235,103,132
050,21,071,"Kentucky","Floyd County",3,78,232,106,126
050,21,071,"Kentucky","Floyd County",3,79,193,84,109
050,21,071,"Kentucky","Floyd County",3,80,169,68,101
050,21,071,"Kentucky","Floyd County",3,81,162,56,106
050,21,071,"Kentucky","Floyd County",3,82,147,62,85
050,21,071,"Kentucky","Floyd County",3,83,137,58,79
050,21,071,"Kentucky","Floyd County",3,84,103,42,61
050,21,071,"Kentucky","Floyd County",3,85,518,190,328
050,21,071,"Kentucky","Floyd County",4,0,353,187,166
050,21,071,"Kentucky","Floyd County",4,1,382,185,197
050,21,071,"Kentucky","Floyd County",4,2,413,220,193
050,21,071,"Kentucky","Floyd County",4,3,441,214,227
050,21,071,"Kentucky","Floyd County",4,4,434,222,212
050,21,071,"Kentucky","Floyd County",4,5,420,218,202
050,21,071,"Kentucky","Floyd County",4,6,413,214,199
050,21,071,"Kentucky","Floyd County",4,7,445,235,210
050,21,071,"Kentucky","Floyd County",4,8,457,229,228
050,21,071,"Kentucky","Floyd County",4,9,471,233,238
050,21,071,"Kentucky","Floyd County",4,10,444,234,210
050,21,071,"Kentucky","Floyd County",4,11,445,238,207
050,21,071,"Kentucky","Floyd County",4,12,452,240,212
050,21,071,"Kentucky","Floyd County",4,13,440,211,229
050,21,071,"Kentucky","Floyd County",4,14,460,226,234
050,21,071,"Kentucky","Floyd County",4,15,476,243,233
050,21,071,"Kentucky","Floyd County",4,16,480,252,228
050,21,071,"Kentucky","Floyd County",4,17,479,260,219
050,21,071,"Kentucky","Floyd County",4,18,404,232,172
050,21,071,"Kentucky","Floyd County",4,19,316,178,138
050,21,071,"Kentucky","Floyd County",4,20,304,167,137
050,21,071,"Kentucky","Floyd County",4,21,317,167,150
050,21,071,"Kentucky","Floyd County",4,22,346,182,164
050,21,071,"Kentucky","Floyd County",4,23,359,179,180
050,21,071,"Kentucky","Floyd County",4,24,382,188,194
050,21,071,"Kentucky","Floyd County",4,25,389,190,199
050,21,071,"Kentucky","Floyd County",4,26,375,207,168
050,21,071,"Kentucky","Floyd County",4,27,394,218,176
050,21,071,"Kentucky","Floyd County",4,28,362,184,178
050,21,071,"Kentucky","Floyd County",4,29,408,189,219
050,21,071,"Kentucky","Floyd County",4,30,423,196,227
050,21,071,"Kentucky","Floyd County",4,31,432,201,231
050,21,071,"Kentucky","Floyd County",4,32,436,208,228
050,21,071,"Kentucky","Floyd County",4,33,390,184,206
050,21,071,"Kentucky","Floyd County",4,34,397,192,205
050,21,071,"Kentucky","Floyd County",4,35,414,205,209
050,21,071,"Kentucky","Floyd County",4,36,404,204,200
050,21,071,"Kentucky","Floyd County",4,37,400,193,207
050,21,071,"Kentucky","Floyd County",4,38,419,204,215
050,21,071,"Kentucky","Floyd County",4,39,433,217,216
050,21,071,"Kentucky","Floyd County",4,40,423,204,219
050,21,071,"Kentucky","Floyd County",4,41,434,214,220
050,21,071,"Kentucky","Floyd County",4,42,455,232,223
050,21,071,"Kentucky","Floyd County",4,43,462,231,231
050,21,071,"Kentucky","Floyd County",4,44,462,220,242
050,21,071,"Kentucky","Floyd County",4,45,447,214,233
050,21,071,"Kentucky","Floyd County",4,46,421,210,211
050,21,071,"Kentucky","Floyd County",4,47,437,221,216
050,21,071,"Kentucky","Floyd County",4,48,431,210,221
050,21,071,"Kentucky","Floyd County",4,49,461,215,246
050,21,071,"Kentucky","Floyd County",4,50,476,231,245
050,21,071,"Kentucky","Floyd County",4,51,477,226,251
050,21,071,"Kentucky","Floyd County",4,52,460,222,238
050,21,071,"Kentucky","Floyd County",4,53,428,204,224
050,21,071,"Kentucky","Floyd County",4,54,450,208,242
050,21,071,"Kentucky","Floyd County",4,55,460,231,229
050,21,071,"Kentucky","Floyd County",4,56,484,241,243
050,21,071,"Kentucky","Floyd County",4,57,493,248,245
050,21,071,"Kentucky","Floyd County",4,58,479,218,261
050,21,071,"Kentucky","Floyd County",4,59,490,229,261
050,21,071,"Kentucky","Floyd County",4,60,518,235,283
050,21,071,"Kentucky","Floyd County",4,61,492,230,262
050,21,071,"Kentucky","Floyd County",4,62,468,227,241
050,21,071,"Kentucky","Floyd County",4,63,487,225,262
050,21,071,"Kentucky","Floyd County",4,64,516,246,270
050,21,071,"Kentucky","Floyd County",4,65,511,236,275
050,21,071,"Kentucky","Floyd County",4,66,486,220,266
050,21,071,"Kentucky","Floyd County",4,67,483,228,255
050,21,071,"Kentucky","Floyd County",4,68,438,213,225
050,21,071,"Kentucky","Floyd County",4,69,432,191,241
050,21,071,"Kentucky","Floyd County",4,70,443,215,228
050,21,071,"Kentucky","Floyd County",4,71,457,224,233
050,21,071,"Kentucky","Floyd County",4,72,408,205,203
050,21,071,"Kentucky","Floyd County",4,73,375,184,191
050,21,071,"Kentucky","Floyd County",4,74,357,165,192
050,21,071,"Kentucky","Floyd County",4,75,380,169,211
050,21,071,"Kentucky","Floyd County",4,76,245,96,149
050,21,071,"Kentucky","Floyd County",4,77,232,92,140
050,21,071,"Kentucky","Floyd County",4,78,217,95,122
050,21,071,"Kentucky","Floyd County",4,79,210,99,111
050,21,071,"Kentucky","Floyd County",4,80,179,79,100
050,21,071,"Kentucky","Floyd County",4,81,152,54,98
050,21,071,"Kentucky","Floyd County",4,82,142,51,91
050,21,071,"Kentucky","Floyd County",4,83,127,57,70
050,21,071,"Kentucky","Floyd County",4,84,116,48,68
050,21,071,"Kentucky","Floyd County",4,85,508,194,314
050,21,071,"Kentucky","Floyd County",5,0,365,192,173
050,21,071,"Kentucky","Floyd County",5,1,363,193,170
050,21,071,"Kentucky","Floyd County",5,2,369,180,189
050,21,071,"Kentucky","Floyd County",5,3,406,217,189
050,21,071,"Kentucky","Floyd County",5,4,420,210,210
050,21,071,"Kentucky","Floyd County",5,5,435,224,211
050,21,071,"Kentucky","Floyd County",5,6,414,216,198
050,21,071,"Kentucky","Floyd County",5,7,401,211,190
050,21,071,"Kentucky","Floyd County",5,8,443,225,218
050,21,071,"Kentucky","Floyd County",5,9,447,225,222
050,21,071,"Kentucky","Floyd County",5,10,459,232,227
050,21,071,"Kentucky","Floyd County",5,11,457,247,210
050,21,071,"Kentucky","Floyd County",5,12,442,241,201
050,21,071,"Kentucky","Floyd County",5,13,445,243,202
050,21,071,"Kentucky","Floyd County",5,14,443,212,231
050,21,071,"Kentucky","Floyd County",5,15,462,229,233
050,21,071,"Kentucky","Floyd County",5,16,486,250,236
050,21,071,"Kentucky","Floyd County",5,17,469,250,219
050,21,071,"Kentucky","Floyd County",5,18,399,229,170
050,21,071,"Kentucky","Floyd County",5,19,315,178,137
050,21,071,"Kentucky","Floyd County",5,20,327,186,141
050,21,071,"Kentucky","Floyd County",5,21,312,170,142
050,21,071,"Kentucky","Floyd County",5,22,339,179,160
050,21,071,"Kentucky","Floyd County",5,23,359,187,172
050,21,071,"Kentucky","Floyd County",5,24,355,169,186
050,21,071,"Kentucky","Floyd County",5,25,376,191,185
050,21,071,"Kentucky","Floyd County",5,26,380,188,192
050,21,071,"Kentucky","Floyd County",5,27,358,187,171
050,21,071,"Kentucky","Floyd County",5,28,391,224,167
050,21,071,"Kentucky","Floyd County",5,29,367,194,173
050,21,071,"Kentucky","Floyd County",5,30,402,186,216
050,21,071,"Kentucky","Floyd County",5,31,416,196,220
050,21,071,"Kentucky","Floyd County",5,32,429,202,227
050,21,071,"Kentucky","Floyd County",5,33,431,207,224
050,21,071,"Kentucky","Floyd County",5,34,378,175,203
050,21,071,"Kentucky","Floyd County",5,35,400,194,206
050,21,071,"Kentucky","Floyd County",5,36,414,196,218
050,21,071,"Kentucky","Floyd County",5,37,395,203,192
050,21,071,"Kentucky","Floyd County",5,38,395,191,204
050,21,071,"Kentucky","Floyd County",5,39,407,200,207
050,21,071,"Kentucky","Floyd County",5,40,442,219,223
050,21,071,"Kentucky","Floyd County",5,41,420,199,221
050,21,071,"Kentucky","Floyd County",5,42,435,215,220
050,21,071,"Kentucky","Floyd County",5,43,459,234,225
050,21,071,"Kentucky","Floyd County",5,44,455,231,224
050,21,071,"Kentucky","Floyd County",5,45,468,223,245
050,21,071,"Kentucky","Floyd County",5,46,441,211,230
050,21,071,"Kentucky","Floyd County",5,47,417,203,214
050,21,071,"Kentucky","Floyd County",5,48,437,224,213
050,21,071,"Kentucky","Floyd County",5,49,432,205,227
050,21,071,"Kentucky","Floyd County",5,50,448,215,233
050,21,071,"Kentucky","Floyd County",5,51,471,231,240
050,21,071,"Kentucky","Floyd County",5,52,475,224,251
050,21,071,"Kentucky","Floyd County",5,53,453,217,236
050,21,071,"Kentucky","Floyd County",5,54,423,207,216
050,21,071,"Kentucky","Floyd County",5,55,441,203,238
050,21,071,"Kentucky","Floyd County",5,56,453,227,226
050,21,071,"Kentucky","Floyd County",5,57,473,235,238
050,21,071,"Kentucky","Floyd County",5,58,488,243,245
050,21,071,"Kentucky","Floyd County",5,59,476,222,254
050,21,071,"Kentucky","Floyd County",5,60,488,228,260
050,21,071,"Kentucky","Floyd County",5,61,492,220,272
050,21,071,"Kentucky","Floyd County",5,62,476,221,255
050,21,071,"Kentucky","Floyd County",5,63,459,215,244
050,21,071,"Kentucky","Floyd County",5,64,459,218,241
050,21,071,"Kentucky","Floyd County",5,65,513,250,263
050,21,071,"Kentucky","Floyd County",5,66,493,230,263
050,21,071,"Kentucky","Floyd County",5,67,463,212,251
050,21,071,"Kentucky","Floyd County",5,68,467,218,249
050,21,071,"Kentucky","Floyd County",5,69,428,208,220
050,21,071,"Kentucky","Floyd County",5,70,415,182,233
050,21,071,"Kentucky","Floyd County",5,71,435,210,225
050,21,071,"Kentucky","Floyd County",5,72,431,215,216
050,21,071,"Kentucky","Floyd County",5,73,394,195,199
050,21,071,"Kentucky","Floyd County",5,74,360,179,181
050,21,071,"Kentucky","Floyd County",5,75,330,153,177
050,21,071,"Kentucky","Floyd County",5,76,356,157,199
050,21,071,"Kentucky","Floyd County",5,77,219,84,135
050,21,071,"Kentucky","Floyd County",5,78,215,84,131
050,21,071,"Kentucky","Floyd County",5,79,196,87,109
050,21,071,"Kentucky","Floyd County",5,80,198,94,104
050,21,071,"Kentucky","Floyd County",5,81,156,64,92
050,21,071,"Kentucky","Floyd County",5,82,135,51,84
050,21,071,"Kentucky","Floyd County",5,83,124,44,80
050,21,071,"Kentucky","Floyd County",5,84,114,51,63
050,21,071,"Kentucky","Floyd County",5,85,529,208,321
050,21,073,"Kentucky","Franklin County",1,0,540,274,266
050,21,073,"Kentucky","Franklin County",1,1,543,269,274
050,21,073,"Kentucky","Franklin County",1,2,579,306,273
050,21,073,"Kentucky","Franklin County",1,3,590,296,294
050,21,073,"Kentucky","Franklin County",1,4,590,297,293
050,21,073,"Kentucky","Franklin County",1,5,609,318,291
050,21,073,"Kentucky","Franklin County",1,6,598,298,300
050,21,073,"Kentucky","Franklin County",1,7,606,303,303
050,21,073,"Kentucky","Franklin County",1,8,581,289,292
050,21,073,"Kentucky","Franklin County",1,9,581,311,270
050,21,073,"Kentucky","Franklin County",1,10,608,314,294
050,21,073,"Kentucky","Franklin County",1,11,619,316,303
050,21,073,"Kentucky","Franklin County",1,12,646,319,327
050,21,073,"Kentucky","Franklin County",1,13,663,359,304
050,21,073,"Kentucky","Franklin County",1,14,649,337,312
050,21,073,"Kentucky","Franklin County",1,15,645,315,330
050,21,073,"Kentucky","Franklin County",1,16,670,325,345
050,21,073,"Kentucky","Franklin County",1,17,644,330,314
050,21,073,"Kentucky","Franklin County",1,18,685,339,346
050,21,073,"Kentucky","Franklin County",1,19,741,366,375
050,21,073,"Kentucky","Franklin County",1,20,660,339,321
050,21,073,"Kentucky","Franklin County",1,21,590,285,305
050,21,073,"Kentucky","Franklin County",1,22,638,313,325
050,21,073,"Kentucky","Franklin County",1,23,578,286,292
050,21,073,"Kentucky","Franklin County",1,24,615,285,330
050,21,073,"Kentucky","Franklin County",1,25,675,338,337
050,21,073,"Kentucky","Franklin County",1,26,687,362,325
050,21,073,"Kentucky","Franklin County",1,27,712,381,331
050,21,073,"Kentucky","Franklin County",1,28,697,366,331
050,21,073,"Kentucky","Franklin County",1,29,757,365,392
050,21,073,"Kentucky","Franklin County",1,30,661,304,357
050,21,073,"Kentucky","Franklin County",1,31,626,304,322
050,21,073,"Kentucky","Franklin County",1,32,616,313,303
050,21,073,"Kentucky","Franklin County",1,33,621,305,316
050,21,073,"Kentucky","Franklin County",1,34,623,307,316
050,21,073,"Kentucky","Franklin County",1,35,601,306,295
050,21,073,"Kentucky","Franklin County",1,36,628,322,306
050,21,073,"Kentucky","Franklin County",1,37,649,339,310
050,21,073,"Kentucky","Franklin County",1,38,685,333,352
050,21,073,"Kentucky","Franklin County",1,39,650,322,328
050,21,073,"Kentucky","Franklin County",1,40,641,301,340
050,21,073,"Kentucky","Franklin County",1,41,611,309,302
050,21,073,"Kentucky","Franklin County",1,42,649,320,329
050,21,073,"Kentucky","Franklin County",1,43,604,298,306
050,21,073,"Kentucky","Franklin County",1,44,623,303,320
050,21,073,"Kentucky","Franklin County",1,45,632,315,317
050,21,073,"Kentucky","Franklin County",1,46,644,314,330
050,21,073,"Kentucky","Franklin County",1,47,666,324,342
050,21,073,"Kentucky","Franklin County",1,48,711,359,352
050,21,073,"Kentucky","Franklin County",1,49,738,377,361
050,21,073,"Kentucky","Franklin County",1,50,689,348,341
050,21,073,"Kentucky","Franklin County",1,51,659,343,316
050,21,073,"Kentucky","Franklin County",1,52,644,336,308
050,21,073,"Kentucky","Franklin County",1,53,698,352,346
050,21,073,"Kentucky","Franklin County",1,54,681,329,352
050,21,073,"Kentucky","Franklin County",1,55,717,331,386
050,21,073,"Kentucky","Franklin County",1,56,740,333,407
050,21,073,"Kentucky","Franklin County",1,57,731,338,393
050,21,073,"Kentucky","Franklin County",1,58,696,327,369
050,21,073,"Kentucky","Franklin County",1,59,693,326,367
050,21,073,"Kentucky","Franklin County",1,60,692,342,350
050,21,073,"Kentucky","Franklin County",1,61,714,319,395
050,21,073,"Kentucky","Franklin County",1,62,720,339,381
050,21,073,"Kentucky","Franklin County",1,63,654,286,368
050,21,073,"Kentucky","Franklin County",1,64,661,306,355
050,21,073,"Kentucky","Franklin County",1,65,666,322,344
050,21,073,"Kentucky","Franklin County",1,66,636,300,336
050,21,073,"Kentucky","Franklin County",1,67,665,315,350
050,21,073,"Kentucky","Franklin County",1,68,631,295,336
050,21,073,"Kentucky","Franklin County",1,69,595,273,322
050,21,073,"Kentucky","Franklin County",1,70,558,255,303
050,21,073,"Kentucky","Franklin County",1,71,554,265,289
050,21,073,"Kentucky","Franklin County",1,72,567,259,308
050,21,073,"Kentucky","Franklin County",1,73,543,245,298
050,21,073,"Kentucky","Franklin County",1,74,378,166,212
050,21,073,"Kentucky","Franklin County",1,75,354,148,206
050,21,073,"Kentucky","Franklin County",1,76,327,140,187
050,21,073,"Kentucky","Franklin County",1,77,346,155,191
050,21,073,"Kentucky","Franklin County",1,78,292,132,160
050,21,073,"Kentucky","Franklin County",1,79,267,119,148
050,21,073,"Kentucky","Franklin County",1,80,243,113,130
050,21,073,"Kentucky","Franklin County",1,81,239,105,134
050,21,073,"Kentucky","Franklin County",1,82,211,84,127
050,21,073,"Kentucky","Franklin County",1,83,173,65,108
050,21,073,"Kentucky","Franklin County",1,84,157,60,97
050,21,073,"Kentucky","Franklin County",1,85,874,318,556
050,21,073,"Kentucky","Franklin County",2,0,547,277,270
050,21,073,"Kentucky","Franklin County",2,1,541,270,271
050,21,073,"Kentucky","Franklin County",2,2,573,300,273
050,21,073,"Kentucky","Franklin County",2,3,584,297,287
050,21,073,"Kentucky","Franklin County",2,4,590,294,296
050,21,073,"Kentucky","Franklin County",2,5,603,311,292
050,21,073,"Kentucky","Franklin County",2,6,602,304,298
050,21,073,"Kentucky","Franklin County",2,7,604,299,305
050,21,073,"Kentucky","Franklin County",2,8,587,293,294
050,21,073,"Kentucky","Franklin County",2,9,582,306,276
050,21,073,"Kentucky","Franklin County",2,10,605,317,288
050,21,073,"Kentucky","Franklin County",2,11,614,316,298
050,21,073,"Kentucky","Franklin County",2,12,647,324,323
050,21,073,"Kentucky","Franklin County",2,13,662,352,310
050,21,073,"Kentucky","Franklin County",2,14,656,342,314
050,21,073,"Kentucky","Franklin County",2,15,650,319,331
050,21,073,"Kentucky","Franklin County",2,16,669,322,347
050,21,073,"Kentucky","Franklin County",2,17,650,332,318
050,21,073,"Kentucky","Franklin County",2,18,693,342,351
050,21,073,"Kentucky","Franklin County",2,19,737,361,376
050,21,073,"Kentucky","Franklin County",2,20,664,341,323
050,21,073,"Kentucky","Franklin County",2,21,599,290,309
050,21,073,"Kentucky","Franklin County",2,22,625,309,316
050,21,073,"Kentucky","Franklin County",2,23,587,284,303
050,21,073,"Kentucky","Franklin County",2,24,610,289,321
050,21,073,"Kentucky","Franklin County",2,25,664,331,333
050,21,073,"Kentucky","Franklin County",2,26,689,359,330
050,21,073,"Kentucky","Franklin County",2,27,707,379,328
050,21,073,"Kentucky","Franklin County",2,28,694,365,329
050,21,073,"Kentucky","Franklin County",2,29,758,372,386
050,21,073,"Kentucky","Franklin County",2,30,680,311,369
050,21,073,"Kentucky","Franklin County",2,31,630,307,323
050,21,073,"Kentucky","Franklin County",2,32,620,311,309
050,21,073,"Kentucky","Franklin County",2,33,622,309,313
050,21,073,"Kentucky","Franklin County",2,34,626,308,318
050,21,073,"Kentucky","Franklin County",2,35,612,309,303
050,21,073,"Kentucky","Franklin County",2,36,616,315,301
050,21,073,"Kentucky","Franklin County",2,37,648,338,310
050,21,073,"Kentucky","Franklin County",2,38,681,339,342
050,21,073,"Kentucky","Franklin County",2,39,660,325,335
050,21,073,"Kentucky","Franklin County",2,40,652,309,343
050,21,073,"Kentucky","Franklin County",2,41,620,307,313
050,21,073,"Kentucky","Franklin County",2,42,636,314,322
050,21,073,"Kentucky","Franklin County",2,43,620,304,316
050,21,073,"Kentucky","Franklin County",2,44,612,299,313
050,21,073,"Kentucky","Franklin County",2,45,635,314,321
050,21,073,"Kentucky","Franklin County",2,46,641,313,328
050,21,073,"Kentucky","Franklin County",2,47,665,324,341
050,21,073,"Kentucky","Franklin County",2,48,695,347,348
050,21,073,"Kentucky","Franklin County",2,49,731,375,356
050,21,073,"Kentucky","Franklin County",2,50,702,356,346
050,21,073,"Kentucky","Franklin County",2,51,662,341,321
050,21,073,"Kentucky","Franklin County",2,52,645,336,309
050,21,073,"Kentucky","Franklin County",2,53,683,346,337
050,21,073,"Kentucky","Franklin County",2,54,680,331,349
050,21,073,"Kentucky","Franklin County",2,55,709,331,378
050,21,073,"Kentucky","Franklin County",2,56,734,334,400
050,21,073,"Kentucky","Franklin County",2,57,731,334,397
050,21,073,"Kentucky","Franklin County",2,58,702,329,373
050,21,073,"Kentucky","Franklin County",2,59,697,326,371
050,21,073,"Kentucky","Franklin County",2,60,689,334,355
050,21,073,"Kentucky","Franklin County",2,61,708,323,385
050,21,073,"Kentucky","Franklin County",2,62,712,330,382
050,21,073,"Kentucky","Franklin County",2,63,676,301,375
050,21,073,"Kentucky","Franklin County",2,64,655,300,355
050,21,073,"Kentucky","Franklin County",2,65,662,318,344
050,21,073,"Kentucky","Franklin County",2,66,640,302,338
050,21,073,"Kentucky","Franklin County",2,67,655,308,347
050,21,073,"Kentucky","Franklin County",2,68,629,296,333
050,21,073,"Kentucky","Franklin County",2,69,602,276,326
050,21,073,"Kentucky","Franklin County",2,70,564,259,305
050,21,073,"Kentucky","Franklin County",2,71,554,261,293
050,21,073,"Kentucky","Franklin County",2,72,552,255,297
050,21,073,"Kentucky","Franklin County",2,73,571,258,313
050,21,073,"Kentucky","Franklin County",2,74,387,170,217
050,21,073,"Kentucky","Franklin County",2,75,354,151,203
050,21,073,"Kentucky","Franklin County",2,76,327,138,189
050,21,073,"Kentucky","Franklin County",2,77,347,152,195
050,21,073,"Kentucky","Franklin County",2,78,297,133,164
050,21,073,"Kentucky","Franklin County",2,79,268,119,149
050,21,073,"Kentucky","Franklin County",2,80,248,113,135
050,21,073,"Kentucky","Franklin County",2,81,235,105,130
050,21,073,"Kentucky","Franklin County",2,82,216,89,127
050,21,073,"Kentucky","Franklin County",2,83,178,67,111
050,21,073,"Kentucky","Franklin County",2,84,156,60,96
050,21,073,"Kentucky","Franklin County",2,85,872,323,549
050,21,073,"Kentucky","Franklin County",3,0,504,248,256
050,21,073,"Kentucky","Franklin County",3,1,568,275,293
050,21,073,"Kentucky","Franklin County",3,2,530,270,260
050,21,073,"Kentucky","Franklin County",3,3,561,306,255
050,21,073,"Kentucky","Franklin County",3,4,578,301,277
050,21,073,"Kentucky","Franklin County",3,5,583,284,299
050,21,073,"Kentucky","Franklin County",3,6,588,313,275
050,21,073,"Kentucky","Franklin County",3,7,616,311,305
050,21,073,"Kentucky","Franklin County",3,8,606,303,303
050,21,073,"Kentucky","Franklin County",3,9,587,289,298
050,21,073,"Kentucky","Franklin County",3,10,590,313,277
050,21,073,"Kentucky","Franklin County",3,11,609,321,288
050,21,073,"Kentucky","Franklin County",3,12,628,320,308
050,21,073,"Kentucky","Franklin County",3,13,666,330,336
050,21,073,"Kentucky","Franklin County",3,14,655,347,308
050,21,073,"Kentucky","Franklin County",3,15,657,343,314
050,21,073,"Kentucky","Franklin County",3,16,677,325,352
050,21,073,"Kentucky","Franklin County",3,17,705,366,339
050,21,073,"Kentucky","Franklin County",3,18,730,354,376
050,21,073,"Kentucky","Franklin County",3,19,729,353,376
050,21,073,"Kentucky","Franklin County",3,20,653,343,310
050,21,073,"Kentucky","Franklin County",3,21,600,294,306
050,21,073,"Kentucky","Franklin County",3,22,602,297,305
050,21,073,"Kentucky","Franklin County",3,23,605,295,310
050,21,073,"Kentucky","Franklin County",3,24,617,299,318
050,21,073,"Kentucky","Franklin County",3,25,638,303,335
050,21,073,"Kentucky","Franklin County",3,26,674,342,332
050,21,073,"Kentucky","Franklin County",3,27,708,381,327
050,21,073,"Kentucky","Franklin County",3,28,691,356,335
050,21,073,"Kentucky","Franklin County",3,29,760,414,346
050,21,073,"Kentucky","Franklin County",3,30,705,329,376
050,21,073,"Kentucky","Franklin County",3,31,669,321,348
050,21,073,"Kentucky","Franklin County",3,32,617,304,313
050,21,073,"Kentucky","Franklin County",3,33,615,301,314
050,21,073,"Kentucky","Franklin County",3,34,619,296,323
050,21,073,"Kentucky","Franklin County",3,35,630,303,327
050,21,073,"Kentucky","Franklin County",3,36,606,306,300
050,21,073,"Kentucky","Franklin County",3,37,615,309,306
050,21,073,"Kentucky","Franklin County",3,38,667,353,314
050,21,073,"Kentucky","Franklin County",3,39,665,326,339
050,21,073,"Kentucky","Franklin County",3,40,660,324,336
050,21,073,"Kentucky","Franklin County",3,41,642,313,329
050,21,073,"Kentucky","Franklin County",3,42,610,292,318
050,21,073,"Kentucky","Franklin County",3,43,660,330,330
050,21,073,"Kentucky","Franklin County",3,44,638,314,324
050,21,073,"Kentucky","Franklin County",3,45,601,290,311
050,21,073,"Kentucky","Franklin County",3,46,634,309,325
050,21,073,"Kentucky","Franklin County",3,47,638,307,331
050,21,073,"Kentucky","Franklin County",3,48,653,317,336
050,21,073,"Kentucky","Franklin County",3,49,717,366,351
050,21,073,"Kentucky","Franklin County",3,50,742,381,361
050,21,073,"Kentucky","Franklin County",3,51,701,348,353
050,21,073,"Kentucky","Franklin County",3,52,662,344,318
050,21,073,"Kentucky","Franklin County",3,53,649,340,309
050,21,073,"Kentucky","Franklin County",3,54,666,332,334
050,21,073,"Kentucky","Franklin County",3,55,692,335,357
050,21,073,"Kentucky","Franklin County",3,56,695,333,362
050,21,073,"Kentucky","Franklin County",3,57,737,332,405
050,21,073,"Kentucky","Franklin County",3,58,734,330,404
050,21,073,"Kentucky","Franklin County",3,59,693,321,372
050,21,073,"Kentucky","Franklin County",3,60,688,328,360
050,21,073,"Kentucky","Franklin County",3,61,691,333,358
050,21,073,"Kentucky","Franklin County",3,62,692,313,379
050,21,073,"Kentucky","Franklin County",3,63,712,329,383
050,21,073,"Kentucky","Franklin County",3,64,680,305,375
050,21,073,"Kentucky","Franklin County",3,65,644,299,345
050,21,073,"Kentucky","Franklin County",3,66,659,316,343
050,21,073,"Kentucky","Franklin County",3,67,621,293,328
050,21,073,"Kentucky","Franklin County",3,68,641,303,338
050,21,073,"Kentucky","Franklin County",3,69,610,286,324
050,21,073,"Kentucky","Franklin County",3,70,601,282,319
050,21,073,"Kentucky","Franklin County",3,71,567,257,310
050,21,073,"Kentucky","Franklin County",3,72,533,250,283
050,21,073,"Kentucky","Franklin County",3,73,541,250,291
050,21,073,"Kentucky","Franklin County",3,74,549,243,306
050,21,073,"Kentucky","Franklin County",3,75,367,162,205
050,21,073,"Kentucky","Franklin County",3,76,333,142,191
050,21,073,"Kentucky","Franklin County",3,77,307,128,179
050,21,073,"Kentucky","Franklin County",3,78,334,148,186
050,21,073,"Kentucky","Franklin County",3,79,273,121,152
050,21,073,"Kentucky","Franklin County",3,80,259,114,145
050,21,073,"Kentucky","Franklin County",3,81,230,106,124
050,21,073,"Kentucky","Franklin County",3,82,218,97,121
050,21,073,"Kentucky","Franklin County",3,83,192,72,120
050,21,073,"Kentucky","Franklin County",3,84,163,59,104
050,21,073,"Kentucky","Franklin County",3,85,862,303,559
050,21,073,"Kentucky","Franklin County",4,0,508,268,240
050,21,073,"Kentucky","Franklin County",4,1,508,246,262
050,21,073,"Kentucky","Franklin County",4,2,579,283,296
050,21,073,"Kentucky","Franklin County",4,3,525,266,259
050,21,073,"Kentucky","Franklin County",4,4,588,322,266
050,21,073,"Kentucky","Franklin County",4,5,581,300,281
050,21,073,"Kentucky","Franklin County",4,6,607,299,308
050,21,073,"Kentucky","Franklin County",4,7,589,314,275
050,21,073,"Kentucky","Franklin County",4,8,616,307,309
050,21,073,"Kentucky","Franklin County",4,9,589,293,296
050,21,073,"Kentucky","Franklin County",4,10,581,286,295
050,21,073,"Kentucky","Franklin County",4,11,602,319,283
050,21,073,"Kentucky","Franklin County",4,12,622,325,297
050,21,073,"Kentucky","Franklin County",4,13,634,321,313
050,21,073,"Kentucky","Franklin County",4,14,678,337,341
050,21,073,"Kentucky","Franklin County",4,15,651,339,312
050,21,073,"Kentucky","Franklin County",4,16,657,336,321
050,21,073,"Kentucky","Franklin County",4,17,681,335,346
050,21,073,"Kentucky","Franklin County",4,18,758,374,384
050,21,073,"Kentucky","Franklin County",4,19,749,362,387
050,21,073,"Kentucky","Franklin County",4,20,660,338,322
050,21,073,"Kentucky","Franklin County",4,21,606,303,303
050,21,073,"Kentucky","Franklin County",4,22,569,290,279
050,21,073,"Kentucky","Franklin County",4,23,599,281,318
050,21,073,"Kentucky","Franklin County",4,24,644,319,325
050,21,073,"Kentucky","Franklin County",4,25,635,330,305
050,21,073,"Kentucky","Franklin County",4,26,624,288,336
050,21,073,"Kentucky","Franklin County",4,27,670,344,326
050,21,073,"Kentucky","Franklin County",4,28,675,353,322
050,21,073,"Kentucky","Franklin County",4,29,770,406,364
050,21,073,"Kentucky","Franklin County",4,30,717,370,347
050,21,073,"Kentucky","Franklin County",4,31,681,337,344
050,21,073,"Kentucky","Franklin County",4,32,677,313,364
050,21,073,"Kentucky","Franklin County",4,33,616,289,327
050,21,073,"Kentucky","Franklin County",4,34,609,298,311
050,21,073,"Kentucky","Franklin County",4,35,614,301,313
050,21,073,"Kentucky","Franklin County",4,36,603,286,317
050,21,073,"Kentucky","Franklin County",4,37,606,301,305
050,21,073,"Kentucky","Franklin County",4,38,626,309,317
050,21,073,"Kentucky","Franklin County",4,39,646,348,298
050,21,073,"Kentucky","Franklin County",4,40,672,327,345
050,21,073,"Kentucky","Franklin County",4,41,659,319,340
050,21,073,"Kentucky","Franklin County",4,42,645,315,330
050,21,073,"Kentucky","Franklin County",4,43,599,281,318
050,21,073,"Kentucky","Franklin County",4,44,662,336,326
050,21,073,"Kentucky","Franklin County",4,45,638,312,326
050,21,073,"Kentucky","Franklin County",4,46,599,285,314
050,21,073,"Kentucky","Franklin County",4,47,630,309,321
050,21,073,"Kentucky","Franklin County",4,48,628,300,328
050,21,073,"Kentucky","Franklin County",4,49,669,333,336
050,21,073,"Kentucky","Franklin County",4,50,716,360,356
050,21,073,"Kentucky","Franklin County",4,51,722,373,349
050,21,073,"Kentucky","Franklin County",4,52,694,346,348
050,21,073,"Kentucky","Franklin County",4,53,679,349,330
050,21,073,"Kentucky","Franklin County",4,54,653,322,331
050,21,073,"Kentucky","Franklin County",4,55,667,335,332
050,21,073,"Kentucky","Franklin County",4,56,674,325,349
050,21,073,"Kentucky","Franklin County",4,57,693,328,365
050,21,073,"Kentucky","Franklin County",4,58,722,329,393
050,21,073,"Kentucky","Franklin County",4,59,707,324,383
050,21,073,"Kentucky","Franklin County",4,60,684,313,371
050,21,073,"Kentucky","Franklin County",4,61,679,317,362
050,21,073,"Kentucky","Franklin County",4,62,678,325,353
050,21,073,"Kentucky","Franklin County",4,63,697,315,382
050,21,073,"Kentucky","Franklin County",4,64,697,316,381
050,21,073,"Kentucky","Franklin County",4,65,661,298,363
050,21,073,"Kentucky","Franklin County",4,66,639,303,336
050,21,073,"Kentucky","Franklin County",4,67,640,305,335
050,21,073,"Kentucky","Franklin County",4,68,604,284,320
050,21,073,"Kentucky","Franklin County",4,69,624,297,327
050,21,073,"Kentucky","Franklin County",4,70,604,286,318
050,21,073,"Kentucky","Franklin County",4,71,599,279,320
050,21,073,"Kentucky","Franklin County",4,72,543,248,295
050,21,073,"Kentucky","Franklin County",4,73,507,240,267
050,21,073,"Kentucky","Franklin County",4,74,525,236,289
050,21,073,"Kentucky","Franklin County",4,75,506,225,281
050,21,073,"Kentucky","Franklin County",4,76,345,153,192
050,21,073,"Kentucky","Franklin County",4,77,313,131,182
050,21,073,"Kentucky","Franklin County",4,78,299,129,170
050,21,073,"Kentucky","Franklin County",4,79,315,136,179
050,21,073,"Kentucky","Franklin County",4,80,258,113,145
050,21,073,"Kentucky","Franklin County",4,81,241,106,135
050,21,073,"Kentucky","Franklin County",4,82,214,97,117
050,21,073,"Kentucky","Franklin County",4,83,196,81,115
050,21,073,"Kentucky","Franklin County",4,84,175,65,110
050,21,073,"Kentucky","Franklin County",4,85,827,299,528
050,21,073,"Kentucky","Franklin County",5,0,509,267,242
050,21,073,"Kentucky","Franklin County",5,1,521,271,250
050,21,073,"Kentucky","Franklin County",5,2,509,248,261
050,21,073,"Kentucky","Franklin County",5,3,583,284,299
050,21,073,"Kentucky","Franklin County",5,4,546,280,266
050,21,073,"Kentucky","Franklin County",5,5,605,332,273
050,21,073,"Kentucky","Franklin County",5,6,590,308,282
050,21,073,"Kentucky","Franklin County",5,7,612,303,309
050,21,073,"Kentucky","Franklin County",5,8,593,313,280
050,21,073,"Kentucky","Franklin County",5,9,618,307,311
050,21,073,"Kentucky","Franklin County",5,10,598,294,304
050,21,073,"Kentucky","Franklin County",5,11,588,294,294
050,21,073,"Kentucky","Franklin County",5,12,598,315,283
050,21,073,"Kentucky","Franklin County",5,13,625,333,292
050,21,073,"Kentucky","Franklin County",5,14,644,327,317
050,21,073,"Kentucky","Franklin County",5,15,695,346,349
050,21,073,"Kentucky","Franklin County",5,16,663,338,325
050,21,073,"Kentucky","Franklin County",5,17,661,351,310
050,21,073,"Kentucky","Franklin County",5,18,757,370,387
050,21,073,"Kentucky","Franklin County",5,19,778,379,399
050,21,073,"Kentucky","Franklin County",5,20,675,346,329
050,21,073,"Kentucky","Franklin County",5,21,628,310,318
050,21,073,"Kentucky","Franklin County",5,22,599,314,285
050,21,073,"Kentucky","Franklin County",5,23,576,280,296
050,21,073,"Kentucky","Franklin County",5,24,616,298,318
050,21,073,"Kentucky","Franklin County",5,25,657,325,332
050,21,073,"Kentucky","Franklin County",5,26,623,324,299
050,21,073,"Kentucky","Franklin County",5,27,629,296,333
050,21,073,"Kentucky","Franklin County",5,28,630,318,312
050,21,073,"Kentucky","Franklin County",5,29,744,398,346
050,21,073,"Kentucky","Franklin County",5,30,703,356,347
050,21,073,"Kentucky","Franklin County",5,31,715,374,341
050,21,073,"Kentucky","Franklin County",5,32,693,322,371
050,21,073,"Kentucky","Franklin County",5,33,669,317,352
050,21,073,"Kentucky","Franklin County",5,34,647,292,355
050,21,073,"Kentucky","Franklin County",5,35,616,315,301
050,21,073,"Kentucky","Franklin County",5,36,610,297,313
050,21,073,"Kentucky","Franklin County",5,37,589,272,317
050,21,073,"Kentucky","Franklin County",5,38,616,303,313
050,21,073,"Kentucky","Franklin County",5,39,640,324,316
050,21,073,"Kentucky","Franklin County",5,40,648,340,308
050,21,073,"Kentucky","Franklin County",5,41,684,340,344
050,21,073,"Kentucky","Franklin County",5,42,652,316,336
050,21,073,"Kentucky","Franklin County",5,43,641,312,329
050,21,073,"Kentucky","Franklin County",5,44,593,278,315
050,21,073,"Kentucky","Franklin County",5,45,666,334,332
050,21,073,"Kentucky","Franklin County",5,46,646,319,327
050,21,073,"Kentucky","Franklin County",5,47,604,286,318
050,21,073,"Kentucky","Franklin County",5,48,628,302,326
050,21,073,"Kentucky","Franklin County",5,49,615,293,322
050,21,073,"Kentucky","Franklin County",5,50,659,330,329
050,21,073,"Kentucky","Franklin County",5,51,688,346,342
050,21,073,"Kentucky","Franklin County",5,52,732,373,359
050,21,073,"Kentucky","Franklin County",5,53,695,342,353
050,21,073,"Kentucky","Franklin County",5,54,688,353,335
050,21,073,"Kentucky","Franklin County",5,55,661,334,327
050,21,073,"Kentucky","Franklin County",5,56,660,322,338
050,21,073,"Kentucky","Franklin County",5,57,683,326,357
050,21,073,"Kentucky","Franklin County",5,58,685,332,353
050,21,073,"Kentucky","Franklin County",5,59,719,325,394
050,21,073,"Kentucky","Franklin County",5,60,691,321,370
050,21,073,"Kentucky","Franklin County",5,61,679,300,379
050,21,073,"Kentucky","Franklin County",5,62,672,314,358
050,21,073,"Kentucky","Franklin County",5,63,666,313,353
050,21,073,"Kentucky","Franklin County",5,64,676,304,372
050,21,073,"Kentucky","Franklin County",5,65,679,305,374
050,21,073,"Kentucky","Franklin County",5,66,650,296,354
050,21,073,"Kentucky","Franklin County",5,67,636,298,338
050,21,073,"Kentucky","Franklin County",5,68,627,294,333
050,21,073,"Kentucky","Franklin County",5,69,591,270,321
050,21,073,"Kentucky","Franklin County",5,70,620,297,323
050,21,073,"Kentucky","Franklin County",5,71,596,282,314
050,21,073,"Kentucky","Franklin County",5,72,577,268,309
050,21,073,"Kentucky","Franklin County",5,73,529,241,288
050,21,073,"Kentucky","Franklin County",5,74,492,230,262
050,21,073,"Kentucky","Franklin County",5,75,490,217,273
050,21,073,"Kentucky","Franklin County",5,76,482,216,266
050,21,073,"Kentucky","Franklin County",5,77,327,141,186
050,21,073,"Kentucky","Franklin County",5,78,295,128,167
050,21,073,"Kentucky","Franklin County",5,79,274,112,162
050,21,073,"Kentucky","Franklin County",5,80,294,125,169
050,21,073,"Kentucky","Franklin County",5,81,245,105,140
050,21,073,"Kentucky","Franklin County",5,82,225,98,127
050,21,073,"Kentucky","Franklin County",5,83,190,82,108
050,21,073,"Kentucky","Franklin County",5,84,182,76,106
050,21,073,"Kentucky","Franklin County",5,85,844,315,529
050,21,075,"Kentucky","Fulton County",1,0,67,34,33
050,21,075,"Kentucky","Fulton County",1,1,77,38,39
050,21,075,"Kentucky","Fulton County",1,2,68,39,29
050,21,075,"Kentucky","Fulton County",1,3,65,32,33
050,21,075,"Kentucky","Fulton County",1,4,82,39,43
050,21,075,"Kentucky","Fulton County",1,5,90,43,47
050,21,075,"Kentucky","Fulton County",1,6,92,53,39
050,21,075,"Kentucky","Fulton County",1,7,77,52,25
050,21,075,"Kentucky","Fulton County",1,8,72,38,34
050,21,075,"Kentucky","Fulton County",1,9,82,43,39
050,21,075,"Kentucky","Fulton County",1,10,78,46,32
050,21,075,"Kentucky","Fulton County",1,11,80,45,35
050,21,075,"Kentucky","Fulton County",1,12,81,40,41
050,21,075,"Kentucky","Fulton County",1,13,79,44,35
050,21,075,"Kentucky","Fulton County",1,14,75,39,36
050,21,075,"Kentucky","Fulton County",1,15,78,40,38
050,21,075,"Kentucky","Fulton County",1,16,76,39,37
050,21,075,"Kentucky","Fulton County",1,17,77,39,38
050,21,075,"Kentucky","Fulton County",1,18,63,29,34
050,21,075,"Kentucky","Fulton County",1,19,59,29,30
050,21,075,"Kentucky","Fulton County",1,20,56,36,20
050,21,075,"Kentucky","Fulton County",1,21,72,44,28
050,21,075,"Kentucky","Fulton County",1,22,73,40,33
050,21,075,"Kentucky","Fulton County",1,23,76,43,33
050,21,075,"Kentucky","Fulton County",1,24,76,53,23
050,21,075,"Kentucky","Fulton County",1,25,85,52,33
050,21,075,"Kentucky","Fulton County",1,26,89,45,44
050,21,075,"Kentucky","Fulton County",1,27,80,43,37
050,21,075,"Kentucky","Fulton County",1,28,101,57,44
050,21,075,"Kentucky","Fulton County",1,29,104,51,53
050,21,075,"Kentucky","Fulton County",1,30,104,59,45
050,21,075,"Kentucky","Fulton County",1,31,109,71,38
050,21,075,"Kentucky","Fulton County",1,32,86,52,34
050,21,075,"Kentucky","Fulton County",1,33,76,37,39
050,21,075,"Kentucky","Fulton County",1,34,72,44,28
050,21,075,"Kentucky","Fulton County",1,35,74,36,38
050,21,075,"Kentucky","Fulton County",1,36,83,44,39
050,21,075,"Kentucky","Fulton County",1,37,90,55,35
050,21,075,"Kentucky","Fulton County",1,38,69,40,29
050,21,075,"Kentucky","Fulton County",1,39,63,28,35
050,21,075,"Kentucky","Fulton County",1,40,88,48,40
050,21,075,"Kentucky","Fulton County",1,41,82,43,39
050,21,075,"Kentucky","Fulton County",1,42,67,34,33
050,21,075,"Kentucky","Fulton County",1,43,64,31,33
050,21,075,"Kentucky","Fulton County",1,44,60,30,30
050,21,075,"Kentucky","Fulton County",1,45,68,34,34
050,21,075,"Kentucky","Fulton County",1,46,66,37,29
050,21,075,"Kentucky","Fulton County",1,47,64,39,25
050,21,075,"Kentucky","Fulton County",1,48,74,40,34
050,21,075,"Kentucky","Fulton County",1,49,77,50,27
050,21,075,"Kentucky","Fulton County",1,50,57,33,24
050,21,075,"Kentucky","Fulton County",1,51,77,36,41
050,21,075,"Kentucky","Fulton County",1,52,75,36,39
050,21,075,"Kentucky","Fulton County",1,53,82,38,44
050,21,075,"Kentucky","Fulton County",1,54,83,33,50
050,21,075,"Kentucky","Fulton County",1,55,95,50,45
050,21,075,"Kentucky","Fulton County",1,56,83,35,48
050,21,075,"Kentucky","Fulton County",1,57,82,32,50
050,21,075,"Kentucky","Fulton County",1,58,85,30,55
050,21,075,"Kentucky","Fulton County",1,59,84,37,47
050,21,075,"Kentucky","Fulton County",1,60,105,49,56
050,21,075,"Kentucky","Fulton County",1,61,95,44,51
050,21,075,"Kentucky","Fulton County",1,62,85,34,51
050,21,075,"Kentucky","Fulton County",1,63,104,57,47
050,21,075,"Kentucky","Fulton County",1,64,110,61,49
050,21,075,"Kentucky","Fulton County",1,65,103,57,46
050,21,075,"Kentucky","Fulton County",1,66,99,46,53
050,21,075,"Kentucky","Fulton County",1,67,94,37,57
050,21,075,"Kentucky","Fulton County",1,68,87,44,43
050,21,075,"Kentucky","Fulton County",1,69,73,34,39
050,21,075,"Kentucky","Fulton County",1,70,74,32,42
050,21,075,"Kentucky","Fulton County",1,71,68,28,40
050,21,075,"Kentucky","Fulton County",1,72,65,22,43
050,21,075,"Kentucky","Fulton County",1,73,78,36,42
050,21,075,"Kentucky","Fulton County",1,74,65,29,36
050,21,075,"Kentucky","Fulton County",1,75,59,25,34
050,21,075,"Kentucky","Fulton County",1,76,48,20,28
050,21,075,"Kentucky","Fulton County",1,77,55,22,33
050,21,075,"Kentucky","Fulton County",1,78,48,21,27
050,21,075,"Kentucky","Fulton County",1,79,34,17,17
050,21,075,"Kentucky","Fulton County",1,80,38,17,21
050,21,075,"Kentucky","Fulton County",1,81,38,15,23
050,21,075,"Kentucky","Fulton County",1,82,34,16,18
050,21,075,"Kentucky","Fulton County",1,83,30,12,18
050,21,075,"Kentucky","Fulton County",1,84,22,6,16
050,21,075,"Kentucky","Fulton County",1,85,133,49,84
050,21,075,"Kentucky","Fulton County",2,0,68,34,34
050,21,075,"Kentucky","Fulton County",2,1,76,38,38
050,21,075,"Kentucky","Fulton County",2,2,72,40,32
050,21,075,"Kentucky","Fulton County",2,3,66,34,32
050,21,075,"Kentucky","Fulton County",2,4,77,36,41
050,21,075,"Kentucky","Fulton County",2,5,89,42,47
050,21,075,"Kentucky","Fulton County",2,6,90,51,39
050,21,075,"Kentucky","Fulton County",2,7,80,52,28
050,21,075,"Kentucky","Fulton County",2,8,72,41,31
050,21,075,"Kentucky","Fulton County",2,9,78,42,36
050,21,075,"Kentucky","Fulton County",2,10,77,44,33
050,21,075,"Kentucky","Fulton County",2,11,80,45,35
050,21,075,"Kentucky","Fulton County",2,12,79,40,39
050,21,075,"Kentucky","Fulton County",2,13,81,44,37
050,21,075,"Kentucky","Fulton County",2,14,75,40,35
050,21,075,"Kentucky","Fulton County",2,15,78,40,38
050,21,075,"Kentucky","Fulton County",2,16,76,39,37
050,21,075,"Kentucky","Fulton County",2,17,77,38,39
050,21,075,"Kentucky","Fulton County",2,18,64,31,33
050,21,075,"Kentucky","Fulton County",2,19,57,28,29
050,21,075,"Kentucky","Fulton County",2,20,58,36,22
050,21,075,"Kentucky","Fulton County",2,21,70,43,27
050,21,075,"Kentucky","Fulton County",2,22,75,41,34
050,21,075,"Kentucky","Fulton County",2,23,76,44,32
050,21,075,"Kentucky","Fulton County",2,24,78,51,27
050,21,075,"Kentucky","Fulton County",2,25,85,52,33
050,21,075,"Kentucky","Fulton County",2,26,87,47,40
050,21,075,"Kentucky","Fulton County",2,27,83,44,39
050,21,075,"Kentucky","Fulton County",2,28,97,57,40
050,21,075,"Kentucky","Fulton County",2,29,103,51,52
050,21,075,"Kentucky","Fulton County",2,30,106,59,47
050,21,075,"Kentucky","Fulton County",2,31,111,71,40
050,21,075,"Kentucky","Fulton County",2,32,86,52,34
050,21,075,"Kentucky","Fulton County",2,33,77,40,37
050,21,075,"Kentucky","Fulton County",2,34,74,44,30
050,21,075,"Kentucky","Fulton County",2,35,73,37,36
050,21,075,"Kentucky","Fulton County",2,36,82,42,40
050,21,075,"Kentucky","Fulton County",2,37,90,53,37
050,21,075,"Kentucky","Fulton County",2,38,72,42,30
050,21,075,"Kentucky","Fulton County",2,39,62,29,33
050,21,075,"Kentucky","Fulton County",2,40,85,46,39
050,21,075,"Kentucky","Fulton County",2,41,83,43,40
050,21,075,"Kentucky","Fulton County",2,42,72,37,35
050,21,075,"Kentucky","Fulton County",2,43,65,33,32
050,21,075,"Kentucky","Fulton County",2,44,61,30,31
050,21,075,"Kentucky","Fulton County",2,45,66,32,34
050,21,075,"Kentucky","Fulton County",2,46,63,34,29
050,21,075,"Kentucky","Fulton County",2,47,63,38,25
050,21,075,"Kentucky","Fulton County",2,48,72,40,32
050,21,075,"Kentucky","Fulton County",2,49,76,48,28
050,21,075,"Kentucky","Fulton County",2,50,61,36,25
050,21,075,"Kentucky","Fulton County",2,51,70,33,37
050,21,075,"Kentucky","Fulton County",2,52,77,37,40
050,21,075,"Kentucky","Fulton County",2,53,79,37,42
050,21,075,"Kentucky","Fulton County",2,54,83,35,48
050,21,075,"Kentucky","Fulton County",2,55,90,46,44
050,21,075,"Kentucky","Fulton County",2,56,87,39,48
050,21,075,"Kentucky","Fulton County",2,57,82,33,49
050,21,075,"Kentucky","Fulton County",2,58,86,31,55
050,21,075,"Kentucky","Fulton County",2,59,85,35,50
050,21,075,"Kentucky","Fulton County",2,60,99,46,53
050,21,075,"Kentucky","Fulton County",2,61,98,45,53
050,21,075,"Kentucky","Fulton County",2,62,87,36,51
050,21,075,"Kentucky","Fulton County",2,63,100,51,49
050,21,075,"Kentucky","Fulton County",2,64,107,59,48
050,21,075,"Kentucky","Fulton County",2,65,105,58,47
050,21,075,"Kentucky","Fulton County",2,66,100,48,52
050,21,075,"Kentucky","Fulton County",2,67,95,40,55
050,21,075,"Kentucky","Fulton County",2,68,88,42,46
050,21,075,"Kentucky","Fulton County",2,69,78,37,41
050,21,075,"Kentucky","Fulton County",2,70,72,33,39
050,21,075,"Kentucky","Fulton County",2,71,69,29,40
050,21,075,"Kentucky","Fulton County",2,72,64,23,41
050,21,075,"Kentucky","Fulton County",2,73,76,32,44
050,21,075,"Kentucky","Fulton County",2,74,64,29,35
050,21,075,"Kentucky","Fulton County",2,75,61,26,35
050,21,075,"Kentucky","Fulton County",2,76,49,20,29
050,21,075,"Kentucky","Fulton County",2,77,55,23,32
050,21,075,"Kentucky","Fulton County",2,78,48,21,27
050,21,075,"Kentucky","Fulton County",2,79,37,18,19
050,21,075,"Kentucky","Fulton County",2,80,38,18,20
050,21,075,"Kentucky","Fulton County",2,81,37,15,22
050,21,075,"Kentucky","Fulton County",2,82,35,17,18
050,21,075,"Kentucky","Fulton County",2,83,30,12,18
050,21,075,"Kentucky","Fulton County",2,84,23,7,16
050,21,075,"Kentucky","Fulton County",2,85,133,47,86
050,21,075,"Kentucky","Fulton County",3,0,65,37,28
050,21,075,"Kentucky","Fulton County",3,1,66,32,34
050,21,075,"Kentucky","Fulton County",3,2,78,39,39
050,21,075,"Kentucky","Fulton County",3,3,74,39,35
050,21,075,"Kentucky","Fulton County",3,4,70,35,35
050,21,075,"Kentucky","Fulton County",3,5,66,37,29
050,21,075,"Kentucky","Fulton County",3,6,92,43,49
050,21,075,"Kentucky","Fulton County",3,7,84,45,39
050,21,075,"Kentucky","Fulton County",3,8,78,48,30
050,21,075,"Kentucky","Fulton County",3,9,79,44,35
050,21,075,"Kentucky","Fulton County",3,10,78,39,39
050,21,075,"Kentucky","Fulton County",3,11,78,42,36
050,21,075,"Kentucky","Fulton County",3,12,86,48,38
050,21,075,"Kentucky","Fulton County",3,13,78,40,38
050,21,075,"Kentucky","Fulton County",3,14,78,44,34
050,21,075,"Kentucky","Fulton County",3,15,69,33,36
050,21,075,"Kentucky","Fulton County",3,16,72,36,36
050,21,075,"Kentucky","Fulton County",3,17,76,39,37
050,21,075,"Kentucky","Fulton County",3,18,65,34,31
050,21,075,"Kentucky","Fulton County",3,19,67,36,31
050,21,075,"Kentucky","Fulton County",3,20,70,36,34
050,21,075,"Kentucky","Fulton County",3,21,68,42,26
050,21,075,"Kentucky","Fulton County",3,22,71,43,28
050,21,075,"Kentucky","Fulton County",3,23,81,47,34
050,21,075,"Kentucky","Fulton County",3,24,79,49,30
050,21,075,"Kentucky","Fulton County",3,25,76,50,26
050,21,075,"Kentucky","Fulton County",3,26,87,52,35
050,21,075,"Kentucky","Fulton County",3,27,85,44,41
050,21,075,"Kentucky","Fulton County",3,28,86,50,36
050,21,075,"Kentucky","Fulton County",3,29,106,59,47
050,21,075,"Kentucky","Fulton County",3,30,107,59,48
050,21,075,"Kentucky","Fulton County",3,31,113,69,44
050,21,075,"Kentucky","Fulton County",3,32,95,55,40
050,21,075,"Kentucky","Fulton County",3,33,80,46,34
050,21,075,"Kentucky","Fulton County",3,34,87,48,39
050,21,075,"Kentucky","Fulton County",3,35,58,32,26
050,21,075,"Kentucky","Fulton County",3,36,82,40,42
050,21,075,"Kentucky","Fulton County",3,37,88,50,38
050,21,075,"Kentucky","Fulton County",3,38,86,48,38
050,21,075,"Kentucky","Fulton County",3,39,66,35,31
050,21,075,"Kentucky","Fulton County",3,40,68,36,32
050,21,075,"Kentucky","Fulton County",3,41,74,39,35
050,21,075,"Kentucky","Fulton County",3,42,88,44,44
050,21,075,"Kentucky","Fulton County",3,43,72,42,30
050,21,075,"Kentucky","Fulton County",3,44,68,32,36
050,21,075,"Kentucky","Fulton County",3,45,61,32,29
050,21,075,"Kentucky","Fulton County",3,46,70,31,39
050,21,075,"Kentucky","Fulton County",3,47,70,39,31
050,21,075,"Kentucky","Fulton County",3,48,67,38,29
050,21,075,"Kentucky","Fulton County",3,49,75,42,33
050,21,075,"Kentucky","Fulton County",3,50,70,42,28
050,21,075,"Kentucky","Fulton County",3,51,60,35,25
050,21,075,"Kentucky","Fulton County",3,52,74,36,38
050,21,075,"Kentucky","Fulton County",3,53,67,30,37
050,21,075,"Kentucky","Fulton County",3,54,79,37,42
050,21,075,"Kentucky","Fulton County",3,55,84,39,45
050,21,075,"Kentucky","Fulton County",3,56,86,42,44
050,21,075,"Kentucky","Fulton County",3,57,86,37,49
050,21,075,"Kentucky","Fulton County",3,58,83,33,50
050,21,075,"Kentucky","Fulton County",3,59,90,33,57
050,21,075,"Kentucky","Fulton County",3,60,78,29,49
050,21,075,"Kentucky","Fulton County",3,61,96,43,53
050,21,075,"Kentucky","Fulton County",3,62,94,44,50
050,21,075,"Kentucky","Fulton County",3,63,88,34,54
050,21,075,"Kentucky","Fulton County",3,64,99,53,46
050,21,075,"Kentucky","Fulton County",3,65,105,57,48
050,21,075,"Kentucky","Fulton County",3,66,100,55,45
050,21,075,"Kentucky","Fulton County",3,67,96,46,50
050,21,075,"Kentucky","Fulton County",3,68,91,36,55
050,21,075,"Kentucky","Fulton County",3,69,81,38,43
050,21,075,"Kentucky","Fulton County",3,70,78,37,41
050,21,075,"Kentucky","Fulton County",3,71,71,34,37
050,21,075,"Kentucky","Fulton County",3,72,66,29,37
050,21,075,"Kentucky","Fulton County",3,73,61,25,36
050,21,075,"Kentucky","Fulton County",3,74,75,33,42
050,21,075,"Kentucky","Fulton County",3,75,61,28,33
050,21,075,"Kentucky","Fulton County",3,76,54,22,32
050,21,075,"Kentucky","Fulton County",3,77,48,19,29
050,21,075,"Kentucky","Fulton County",3,78,52,18,34
050,21,075,"Kentucky","Fulton County",3,79,43,21,22
050,21,075,"Kentucky","Fulton County",3,80,35,16,19
050,21,075,"Kentucky","Fulton County",3,81,34,16,18
050,21,075,"Kentucky","Fulton County",3,82,34,14,20
050,21,075,"Kentucky","Fulton County",3,83,29,11,18
050,21,075,"Kentucky","Fulton County",3,84,27,11,16
050,21,075,"Kentucky","Fulton County",3,85,129,43,86
050,21,075,"Kentucky","Fulton County",4,0,72,39,33
050,21,075,"Kentucky","Fulton County",4,1,63,35,28
050,21,075,"Kentucky","Fulton County",4,2,61,27,34
050,21,075,"Kentucky","Fulton County",4,3,74,34,40
050,21,075,"Kentucky","Fulton County",4,4,72,38,34
050,21,075,"Kentucky","Fulton County",4,5,69,35,34
050,21,075,"Kentucky","Fulton County",4,6,69,39,30
050,21,075,"Kentucky","Fulton County",4,7,89,41,48
050,21,075,"Kentucky","Fulton County",4,8,88,47,41
050,21,075,"Kentucky","Fulton County",4,9,81,50,31
050,21,075,"Kentucky","Fulton County",4,10,75,48,27
050,21,075,"Kentucky","Fulton County",4,11,84,40,44
050,21,075,"Kentucky","Fulton County",4,12,80,43,37
050,21,075,"Kentucky","Fulton County",4,13,86,47,39
050,21,075,"Kentucky","Fulton County",4,14,79,38,41
050,21,075,"Kentucky","Fulton County",4,15,72,40,32
050,21,075,"Kentucky","Fulton County",4,16,72,35,37
050,21,075,"Kentucky","Fulton County",4,17,69,37,32
050,21,075,"Kentucky","Fulton County",4,18,69,39,30
050,21,075,"Kentucky","Fulton County",4,19,61,31,30
050,21,075,"Kentucky","Fulton County",4,20,71,43,28
050,21,075,"Kentucky","Fulton County",4,21,77,38,39
050,21,075,"Kentucky","Fulton County",4,22,71,39,32
050,21,075,"Kentucky","Fulton County",4,23,75,46,29
050,21,075,"Kentucky","Fulton County",4,24,74,44,30
050,21,075,"Kentucky","Fulton County",4,25,76,49,27
050,21,075,"Kentucky","Fulton County",4,26,73,48,25
050,21,075,"Kentucky","Fulton County",4,27,90,51,39
050,21,075,"Kentucky","Fulton County",4,28,86,50,36
050,21,075,"Kentucky","Fulton County",4,29,85,41,44
050,21,075,"Kentucky","Fulton County",4,30,104,64,40
050,21,075,"Kentucky","Fulton County",4,31,117,68,49
050,21,075,"Kentucky","Fulton County",4,32,103,58,45
050,21,075,"Kentucky","Fulton County",4,33,81,42,39
050,21,075,"Kentucky","Fulton County",4,34,83,52,31
050,21,075,"Kentucky","Fulton County",4,35,76,41,35
050,21,075,"Kentucky","Fulton County",4,36,61,35,26
050,21,075,"Kentucky","Fulton County",4,37,85,45,40
050,21,075,"Kentucky","Fulton County",4,38,81,43,38
050,21,075,"Kentucky","Fulton County",4,39,78,41,37
050,21,075,"Kentucky","Fulton County",4,40,74,43,31
050,21,075,"Kentucky","Fulton County",4,41,66,35,31
050,21,075,"Kentucky","Fulton County",4,42,75,38,37
050,21,075,"Kentucky","Fulton County",4,43,84,41,43
050,21,075,"Kentucky","Fulton County",4,44,75,42,33
050,21,075,"Kentucky","Fulton County",4,45,65,27,38
050,21,075,"Kentucky","Fulton County",4,46,54,26,28
050,21,075,"Kentucky","Fulton County",4,47,66,32,34
050,21,075,"Kentucky","Fulton County",4,48,67,39,28
050,21,075,"Kentucky","Fulton County",4,49,73,44,29
050,21,075,"Kentucky","Fulton County",4,50,68,41,27
050,21,075,"Kentucky","Fulton County",4,51,61,33,28
050,21,075,"Kentucky","Fulton County",4,52,64,35,29
050,21,075,"Kentucky","Fulton County",4,53,59,24,35
050,21,075,"Kentucky","Fulton County",4,54,68,31,37
050,21,075,"Kentucky","Fulton County",4,55,82,38,44
050,21,075,"Kentucky","Fulton County",4,56,85,39,46
050,21,075,"Kentucky","Fulton County",4,57,85,42,43
050,21,075,"Kentucky","Fulton County",4,58,90,40,50
050,21,075,"Kentucky","Fulton County",4,59,80,30,50
050,21,075,"Kentucky","Fulton County",4,60,84,28,56
050,21,075,"Kentucky","Fulton County",4,61,73,29,44
050,21,075,"Kentucky","Fulton County",4,62,99,45,54
050,21,075,"Kentucky","Fulton County",4,63,90,41,49
050,21,075,"Kentucky","Fulton County",4,64,79,34,45
050,21,075,"Kentucky","Fulton County",4,65,103,55,48
050,21,075,"Kentucky","Fulton County",4,66,97,53,44
050,21,075,"Kentucky","Fulton County",4,67,98,52,46
050,21,075,"Kentucky","Fulton County",4,68,90,42,48
050,21,075,"Kentucky","Fulton County",4,69,85,32,53
050,21,075,"Kentucky","Fulton County",4,70,81,36,45
050,21,075,"Kentucky","Fulton County",4,71,75,36,39
050,21,075,"Kentucky","Fulton County",4,72,68,34,34
050,21,075,"Kentucky","Fulton County",4,73,67,29,38
050,21,075,"Kentucky","Fulton County",4,74,59,23,36
050,21,075,"Kentucky","Fulton County",4,75,65,29,36
050,21,075,"Kentucky","Fulton County",4,76,58,26,32
050,21,075,"Kentucky","Fulton County",4,77,52,21,31
050,21,075,"Kentucky","Fulton County",4,78,44,18,26
050,21,075,"Kentucky","Fulton County",4,79,49,20,29
050,21,075,"Kentucky","Fulton County",4,80,41,19,22
050,21,075,"Kentucky","Fulton County",4,81,28,14,14
050,21,075,"Kentucky","Fulton County",4,82,34,17,17
050,21,075,"Kentucky","Fulton County",4,83,28,9,19
050,21,075,"Kentucky","Fulton County",4,84,25,10,15
050,21,075,"Kentucky","Fulton County",4,85,126,45,81
050,21,075,"Kentucky","Fulton County",5,0,71,38,33
050,21,075,"Kentucky","Fulton County",5,1,72,43,29
050,21,075,"Kentucky","Fulton County",5,2,64,38,26
050,21,075,"Kentucky","Fulton County",5,3,67,34,33
050,21,075,"Kentucky","Fulton County",5,4,69,34,35
050,21,075,"Kentucky","Fulton County",5,5,68,36,32
050,21,075,"Kentucky","Fulton County",5,6,75,40,35
050,21,075,"Kentucky","Fulton County",5,7,69,42,27
050,21,075,"Kentucky","Fulton County",5,8,92,43,49
050,21,075,"Kentucky","Fulton County",5,9,98,52,46
050,21,075,"Kentucky","Fulton County",5,10,77,47,30
050,21,075,"Kentucky","Fulton County",5,11,75,47,28
050,21,075,"Kentucky","Fulton County",5,12,85,41,44
050,21,075,"Kentucky","Fulton County",5,13,85,47,38
050,21,075,"Kentucky","Fulton County",5,14,81,46,35
050,21,075,"Kentucky","Fulton County",5,15,84,39,45
050,21,075,"Kentucky","Fulton County",5,16,78,44,34
050,21,075,"Kentucky","Fulton County",5,17,72,36,36
050,21,075,"Kentucky","Fulton County",5,18,60,35,25
050,21,075,"Kentucky","Fulton County",5,19,65,35,30
050,21,075,"Kentucky","Fulton County",5,20,70,42,28
050,21,075,"Kentucky","Fulton County",5,21,75,46,29
050,21,075,"Kentucky","Fulton County",5,22,69,34,35
050,21,075,"Kentucky","Fulton County",5,23,75,46,29
050,21,075,"Kentucky","Fulton County",5,24,66,44,22
050,21,075,"Kentucky","Fulton County",5,25,79,48,31
050,21,075,"Kentucky","Fulton County",5,26,73,49,24
050,21,075,"Kentucky","Fulton County",5,27,77,51,26
050,21,075,"Kentucky","Fulton County",5,28,90,54,36
050,21,075,"Kentucky","Fulton County",5,29,100,47,53
050,21,075,"Kentucky","Fulton County",5,30,91,56,35
050,21,075,"Kentucky","Fulton County",5,31,118,77,41
050,21,075,"Kentucky","Fulton County",5,32,99,49,50
050,21,075,"Kentucky","Fulton County",5,33,100,55,45
050,21,075,"Kentucky","Fulton County",5,34,89,47,42
050,21,075,"Kentucky","Fulton County",5,35,81,49,32
050,21,075,"Kentucky","Fulton County",5,36,79,43,36
050,21,075,"Kentucky","Fulton County",5,37,69,43,26
050,21,075,"Kentucky","Fulton County",5,38,78,36,42
050,21,075,"Kentucky","Fulton County",5,39,77,40,37
050,21,075,"Kentucky","Fulton County",5,40,88,51,37
050,21,075,"Kentucky","Fulton County",5,41,61,35,26
050,21,075,"Kentucky","Fulton County",5,42,69,37,32
050,21,075,"Kentucky","Fulton County",5,43,67,32,35
050,21,075,"Kentucky","Fulton County",5,44,89,41,48
050,21,075,"Kentucky","Fulton County",5,45,75,43,32
050,21,075,"Kentucky","Fulton County",5,46,65,25,40
050,21,075,"Kentucky","Fulton County",5,47,54,29,25
050,21,075,"Kentucky","Fulton County",5,48,62,29,33
050,21,075,"Kentucky","Fulton County",5,49,67,41,26
050,21,075,"Kentucky","Fulton County",5,50,57,37,20
050,21,075,"Kentucky","Fulton County",5,51,57,30,27
050,21,075,"Kentucky","Fulton County",5,52,67,38,29
050,21,075,"Kentucky","Fulton County",5,53,52,27,25
050,21,075,"Kentucky","Fulton County",5,54,64,27,37
050,21,075,"Kentucky","Fulton County",5,55,74,32,42
050,21,075,"Kentucky","Fulton County",5,56,77,38,39
050,21,075,"Kentucky","Fulton County",5,57,85,41,44
050,21,075,"Kentucky","Fulton County",5,58,84,40,44
050,21,075,"Kentucky","Fulton County",5,59,86,38,48
050,21,075,"Kentucky","Fulton County",5,60,75,29,46
050,21,075,"Kentucky","Fulton County",5,61,81,30,51
050,21,075,"Kentucky","Fulton County",5,62,68,27,41
050,21,075,"Kentucky","Fulton County",5,63,95,39,56
050,21,075,"Kentucky","Fulton County",5,64,93,42,51
050,21,075,"Kentucky","Fulton County",5,65,80,35,45
050,21,075,"Kentucky","Fulton County",5,66,95,48,47
050,21,075,"Kentucky","Fulton County",5,67,92,45,47
050,21,075,"Kentucky","Fulton County",5,68,97,51,46
050,21,075,"Kentucky","Fulton County",5,69,91,41,50
050,21,075,"Kentucky","Fulton County",5,70,83,33,50
050,21,075,"Kentucky","Fulton County",5,71,72,33,39
050,21,075,"Kentucky","Fulton County",5,72,74,35,39
050,21,075,"Kentucky","Fulton County",5,73,69,35,34
050,21,075,"Kentucky","Fulton County",5,74,65,27,38
050,21,075,"Kentucky","Fulton County",5,75,53,23,30
050,21,075,"Kentucky","Fulton County",5,76,61,25,36
050,21,075,"Kentucky","Fulton County",5,77,57,25,32
050,21,075,"Kentucky","Fulton County",5,78,49,19,30
050,21,075,"Kentucky","Fulton County",5,79,38,19,19
050,21,075,"Kentucky","Fulton County",5,80,47,17,30
050,21,075,"Kentucky","Fulton County",5,81,38,18,20
050,21,075,"Kentucky","Fulton County",5,82,23,13,10
050,21,075,"Kentucky","Fulton County",5,83,26,11,15
050,21,075,"Kentucky","Fulton County",5,84,25,7,18
050,21,075,"Kentucky","Fulton County",5,85,129,45,84
050,21,077,"Kentucky","Gallatin County",1,0,96,51,45
050,21,077,"Kentucky","Gallatin County",1,1,108,57,51
050,21,077,"Kentucky","Gallatin County",1,2,100,58,42
050,21,077,"Kentucky","Gallatin County",1,3,113,57,56
050,21,077,"Kentucky","Gallatin County",1,4,105,58,47
050,21,077,"Kentucky","Gallatin County",1,5,107,51,56
050,21,077,"Kentucky","Gallatin County",1,6,116,56,60
050,21,077,"Kentucky","Gallatin County",1,7,125,64,61
050,21,077,"Kentucky","Gallatin County",1,8,111,62,49
050,21,077,"Kentucky","Gallatin County",1,9,121,63,58
050,21,077,"Kentucky","Gallatin County",1,10,107,47,60
050,21,077,"Kentucky","Gallatin County",1,11,112,49,63
050,21,077,"Kentucky","Gallatin County",1,12,125,67,58
050,21,077,"Kentucky","Gallatin County",1,13,128,64,64
050,21,077,"Kentucky","Gallatin County",1,14,128,71,57
050,21,077,"Kentucky","Gallatin County",1,15,112,52,60
050,21,077,"Kentucky","Gallatin County",1,16,125,58,67
050,21,077,"Kentucky","Gallatin County",1,17,116,63,53
050,21,077,"Kentucky","Gallatin County",1,18,112,65,47
050,21,077,"Kentucky","Gallatin County",1,19,90,55,35
050,21,077,"Kentucky","Gallatin County",1,20,91,49,42
050,21,077,"Kentucky","Gallatin County",1,21,99,51,48
050,21,077,"Kentucky","Gallatin County",1,22,103,53,50
050,21,077,"Kentucky","Gallatin County",1,23,104,53,51
050,21,077,"Kentucky","Gallatin County",1,24,115,65,50
050,21,077,"Kentucky","Gallatin County",1,25,118,68,50
050,21,077,"Kentucky","Gallatin County",1,26,119,66,53
050,21,077,"Kentucky","Gallatin County",1,27,111,60,51
050,21,077,"Kentucky","Gallatin County",1,28,117,64,53
050,21,077,"Kentucky","Gallatin County",1,29,135,62,73
050,21,077,"Kentucky","Gallatin County",1,30,121,67,54
050,21,077,"Kentucky","Gallatin County",1,31,111,64,47
050,21,077,"Kentucky","Gallatin County",1,32,99,45,54
050,21,077,"Kentucky","Gallatin County",1,33,95,48,47
050,21,077,"Kentucky","Gallatin County",1,34,96,53,43
050,21,077,"Kentucky","Gallatin County",1,35,97,48,49
050,21,077,"Kentucky","Gallatin County",1,36,95,44,51
050,21,077,"Kentucky","Gallatin County",1,37,105,51,54
050,21,077,"Kentucky","Gallatin County",1,38,102,49,53
050,21,077,"Kentucky","Gallatin County",1,39,101,51,50
050,21,077,"Kentucky","Gallatin County",1,40,109,55,54
050,21,077,"Kentucky","Gallatin County",1,41,103,53,50
050,21,077,"Kentucky","Gallatin County",1,42,94,49,45
050,21,077,"Kentucky","Gallatin County",1,43,106,59,47
050,21,077,"Kentucky","Gallatin County",1,44,117,61,56
050,21,077,"Kentucky","Gallatin County",1,45,112,56,56
050,21,077,"Kentucky","Gallatin County",1,46,103,50,53
050,21,077,"Kentucky","Gallatin County",1,47,107,61,46
050,21,077,"Kentucky","Gallatin County",1,48,103,57,46
050,21,077,"Kentucky","Gallatin County",1,49,138,69,69
050,21,077,"Kentucky","Gallatin County",1,50,137,72,65
050,21,077,"Kentucky","Gallatin County",1,51,125,66,59
050,21,077,"Kentucky","Gallatin County",1,52,132,70,62
050,21,077,"Kentucky","Gallatin County",1,53,135,64,71
050,21,077,"Kentucky","Gallatin County",1,54,139,60,79
050,21,077,"Kentucky","Gallatin County",1,55,139,67,72
050,21,077,"Kentucky","Gallatin County",1,56,125,54,71
050,21,077,"Kentucky","Gallatin County",1,57,126,61,65
050,21,077,"Kentucky","Gallatin County",1,58,147,82,65
050,21,077,"Kentucky","Gallatin County",1,59,123,60,63
050,21,077,"Kentucky","Gallatin County",1,60,113,59,54
050,21,077,"Kentucky","Gallatin County",1,61,129,66,63
050,21,077,"Kentucky","Gallatin County",1,62,122,64,58
050,21,077,"Kentucky","Gallatin County",1,63,131,64,67
050,21,077,"Kentucky","Gallatin County",1,64,111,55,56
050,21,077,"Kentucky","Gallatin County",1,65,119,68,51
050,21,077,"Kentucky","Gallatin County",1,66,94,45,49
050,21,077,"Kentucky","Gallatin County",1,67,89,49,40
050,21,077,"Kentucky","Gallatin County",1,68,80,44,36
050,21,077,"Kentucky","Gallatin County",1,69,84,41,43
050,21,077,"Kentucky","Gallatin County",1,70,79,35,44
050,21,077,"Kentucky","Gallatin County",1,71,70,32,38
050,21,077,"Kentucky","Gallatin County",1,72,78,41,37
050,21,077,"Kentucky","Gallatin County",1,73,80,42,38
050,21,077,"Kentucky","Gallatin County",1,74,52,28,24
050,21,077,"Kentucky","Gallatin County",1,75,45,20,25
050,21,077,"Kentucky","Gallatin County",1,76,51,26,25
050,21,077,"Kentucky","Gallatin County",1,77,51,27,24
050,21,077,"Kentucky","Gallatin County",1,78,51,28,23
050,21,077,"Kentucky","Gallatin County",1,79,39,18,21
050,21,077,"Kentucky","Gallatin County",1,80,33,13,20
050,21,077,"Kentucky","Gallatin County",1,81,31,13,18
050,21,077,"Kentucky","Gallatin County",1,82,25,10,15
050,21,077,"Kentucky","Gallatin County",1,83,17,8,9
050,21,077,"Kentucky","Gallatin County",1,84,20,8,12
050,21,077,"Kentucky","Gallatin County",1,85,88,24,64
050,21,077,"Kentucky","Gallatin County",2,0,102,56,46
050,21,077,"Kentucky","Gallatin County",2,1,103,55,48
050,21,077,"Kentucky","Gallatin County",2,2,101,58,43
050,21,077,"Kentucky","Gallatin County",2,3,108,58,50
050,21,077,"Kentucky","Gallatin County",2,4,106,58,48
050,21,077,"Kentucky","Gallatin County",2,5,107,52,55
050,21,077,"Kentucky","Gallatin County",2,6,115,54,61
050,21,077,"Kentucky","Gallatin County",2,7,121,61,60
050,21,077,"Kentucky","Gallatin County",2,8,112,61,51
050,21,077,"Kentucky","Gallatin County",2,9,119,64,55
050,21,077,"Kentucky","Gallatin County",2,10,109,50,59
050,21,077,"Kentucky","Gallatin County",2,11,111,48,63
050,21,077,"Kentucky","Gallatin County",2,12,124,63,61
050,21,077,"Kentucky","Gallatin County",2,13,127,65,62
050,21,077,"Kentucky","Gallatin County",2,14,127,68,59
050,21,077,"Kentucky","Gallatin County",2,15,115,56,59
050,21,077,"Kentucky","Gallatin County",2,16,123,56,67
050,21,077,"Kentucky","Gallatin County",2,17,116,61,55
050,21,077,"Kentucky","Gallatin County",2,18,107,62,45
050,21,077,"Kentucky","Gallatin County",2,19,89,54,35
050,21,077,"Kentucky","Gallatin County",2,20,93,51,42
050,21,077,"Kentucky","Gallatin County",2,21,98,52,46
050,21,077,"Kentucky","Gallatin County",2,22,104,52,52
050,21,077,"Kentucky","Gallatin County",2,23,105,54,51
050,21,077,"Kentucky","Gallatin County",2,24,111,62,49
050,21,077,"Kentucky","Gallatin County",2,25,118,68,50
050,21,077,"Kentucky","Gallatin County",2,26,118,67,51
050,21,077,"Kentucky","Gallatin County",2,27,111,60,51
050,21,077,"Kentucky","Gallatin County",2,28,116,63,53
050,21,077,"Kentucky","Gallatin County",2,29,131,63,68
050,21,077,"Kentucky","Gallatin County",2,30,126,67,59
050,21,077,"Kentucky","Gallatin County",2,31,114,65,49
050,21,077,"Kentucky","Gallatin County",2,32,102,50,52
050,21,077,"Kentucky","Gallatin County",2,33,96,47,49
050,21,077,"Kentucky","Gallatin County",2,34,97,52,45
050,21,077,"Kentucky","Gallatin County",2,35,97,50,47
050,21,077,"Kentucky","Gallatin County",2,36,95,45,50
050,21,077,"Kentucky","Gallatin County",2,37,101,48,53
050,21,077,"Kentucky","Gallatin County",2,38,102,50,52
050,21,077,"Kentucky","Gallatin County",2,39,100,50,50
050,21,077,"Kentucky","Gallatin County",2,40,108,54,54
050,21,077,"Kentucky","Gallatin County",2,41,104,53,51
050,21,077,"Kentucky","Gallatin County",2,42,96,50,46
050,21,077,"Kentucky","Gallatin County",2,43,102,56,46
050,21,077,"Kentucky","Gallatin County",2,44,114,60,54
050,21,077,"Kentucky","Gallatin County",2,45,115,58,57
050,21,077,"Kentucky","Gallatin County",2,46,104,52,52
050,21,077,"Kentucky","Gallatin County",2,47,104,57,47
050,21,077,"Kentucky","Gallatin County",2,48,104,56,48
050,21,077,"Kentucky","Gallatin County",2,49,128,65,63
050,21,077,"Kentucky","Gallatin County",2,50,136,70,66
050,21,077,"Kentucky","Gallatin County",2,51,126,66,60
050,21,077,"Kentucky","Gallatin County",2,52,131,69,62
050,21,077,"Kentucky","Gallatin County",2,53,134,64,70
050,21,077,"Kentucky","Gallatin County",2,54,138,61,77
050,21,077,"Kentucky","Gallatin County",2,55,139,64,75
050,21,077,"Kentucky","Gallatin County",2,56,128,58,70
050,21,077,"Kentucky","Gallatin County",2,57,127,60,67
050,21,077,"Kentucky","Gallatin County",2,58,141,77,64
050,21,077,"Kentucky","Gallatin County",2,59,129,66,63
050,21,077,"Kentucky","Gallatin County",2,60,114,59,55
050,21,077,"Kentucky","Gallatin County",2,61,123,63,60
050,21,077,"Kentucky","Gallatin County",2,62,125,65,60
050,21,077,"Kentucky","Gallatin County",2,63,129,64,65
050,21,077,"Kentucky","Gallatin County",2,64,116,58,58
050,21,077,"Kentucky","Gallatin County",2,65,114,64,50
050,21,077,"Kentucky","Gallatin County",2,66,97,50,47
050,21,077,"Kentucky","Gallatin County",2,67,90,47,43
050,21,077,"Kentucky","Gallatin County",2,68,81,45,36
050,21,077,"Kentucky","Gallatin County",2,69,85,43,42
050,21,077,"Kentucky","Gallatin County",2,70,80,36,44
050,21,077,"Kentucky","Gallatin County",2,71,71,32,39
050,21,077,"Kentucky","Gallatin County",2,72,74,37,37
050,21,077,"Kentucky","Gallatin County",2,73,83,44,39
050,21,077,"Kentucky","Gallatin County",2,74,55,29,26
050,21,077,"Kentucky","Gallatin County",2,75,44,21,23
050,21,077,"Kentucky","Gallatin County",2,76,49,24,25
050,21,077,"Kentucky","Gallatin County",2,77,51,26,25
050,21,077,"Kentucky","Gallatin County",2,78,50,27,23
050,21,077,"Kentucky","Gallatin County",2,79,42,20,22
050,21,077,"Kentucky","Gallatin County",2,80,35,15,20
050,21,077,"Kentucky","Gallatin County",2,81,30,12,18
050,21,077,"Kentucky","Gallatin County",2,82,26,11,15
050,21,077,"Kentucky","Gallatin County",2,83,18,8,10
050,21,077,"Kentucky","Gallatin County",2,84,18,8,10
050,21,077,"Kentucky","Gallatin County",2,85,88,23,65
050,21,077,"Kentucky","Gallatin County",3,0,97,49,48
050,21,077,"Kentucky","Gallatin County",3,1,112,59,53
050,21,077,"Kentucky","Gallatin County",3,2,110,58,52
050,21,077,"Kentucky","Gallatin County",3,3,111,65,46
050,21,077,"Kentucky","Gallatin County",3,4,106,52,54
050,21,077,"Kentucky","Gallatin County",3,5,113,58,55
050,21,077,"Kentucky","Gallatin County",3,6,121,56,65
050,21,077,"Kentucky","Gallatin County",3,7,110,54,56
050,21,077,"Kentucky","Gallatin County",3,8,119,66,53
050,21,077,"Kentucky","Gallatin County",3,9,112,60,52
050,21,077,"Kentucky","Gallatin County",3,10,129,71,58
050,21,077,"Kentucky","Gallatin County",3,11,108,51,57
050,21,077,"Kentucky","Gallatin County",3,12,108,49,59
050,21,077,"Kentucky","Gallatin County",3,13,120,66,54
050,21,077,"Kentucky","Gallatin County",3,14,134,69,65
050,21,077,"Kentucky","Gallatin County",3,15,137,70,67
050,21,077,"Kentucky","Gallatin County",3,16,117,58,59
050,21,077,"Kentucky","Gallatin County",3,17,124,59,65
050,21,077,"Kentucky","Gallatin County",3,18,107,58,49
050,21,077,"Kentucky","Gallatin County",3,19,81,43,38
050,21,077,"Kentucky","Gallatin County",3,20,94,52,42
050,21,077,"Kentucky","Gallatin County",3,21,95,51,44
050,21,077,"Kentucky","Gallatin County",3,22,106,52,54
050,21,077,"Kentucky","Gallatin County",3,23,113,55,58
050,21,077,"Kentucky","Gallatin County",3,24,109,59,50
050,21,077,"Kentucky","Gallatin County",3,25,117,63,54
050,21,077,"Kentucky","Gallatin County",3,26,120,65,55
050,21,077,"Kentucky","Gallatin County",3,27,123,64,59
050,21,077,"Kentucky","Gallatin County",3,28,111,61,50
050,21,077,"Kentucky","Gallatin County",3,29,123,66,57
050,21,077,"Kentucky","Gallatin County",3,30,139,68,71
050,21,077,"Kentucky","Gallatin County",3,31,120,64,56
050,21,077,"Kentucky","Gallatin County",3,32,118,64,54
050,21,077,"Kentucky","Gallatin County",3,33,101,45,56
050,21,077,"Kentucky","Gallatin County",3,34,98,43,55
050,21,077,"Kentucky","Gallatin County",3,35,94,52,42
050,21,077,"Kentucky","Gallatin County",3,36,99,50,49
050,21,077,"Kentucky","Gallatin County",3,37,100,49,51
050,21,077,"Kentucky","Gallatin County",3,38,104,48,56
050,21,077,"Kentucky","Gallatin County",3,39,102,50,52
050,21,077,"Kentucky","Gallatin County",3,40,107,54,53
050,21,077,"Kentucky","Gallatin County",3,41,113,55,58
050,21,077,"Kentucky","Gallatin County",3,42,101,50,51
050,21,077,"Kentucky","Gallatin County",3,43,96,52,44
050,21,077,"Kentucky","Gallatin County",3,44,102,56,46
050,21,077,"Kentucky","Gallatin County",3,45,118,61,57
050,21,077,"Kentucky","Gallatin County",3,46,120,64,56
050,21,077,"Kentucky","Gallatin County",3,47,100,50,50
050,21,077,"Kentucky","Gallatin County",3,48,107,59,48
050,21,077,"Kentucky","Gallatin County",3,49,108,60,48
050,21,077,"Kentucky","Gallatin County",3,50,127,61,66
050,21,077,"Kentucky","Gallatin County",3,51,137,71,66
050,21,077,"Kentucky","Gallatin County",3,52,117,60,57
050,21,077,"Kentucky","Gallatin County",3,53,129,67,62
050,21,077,"Kentucky","Gallatin County",3,54,133,59,74
050,21,077,"Kentucky","Gallatin County",3,55,138,61,77
050,21,077,"Kentucky","Gallatin County",3,56,137,67,70
050,21,077,"Kentucky","Gallatin County",3,57,130,58,72
050,21,077,"Kentucky","Gallatin County",3,58,131,62,69
050,21,077,"Kentucky","Gallatin County",3,59,138,77,61
050,21,077,"Kentucky","Gallatin County",3,60,121,63,58
050,21,077,"Kentucky","Gallatin County",3,61,117,60,57
050,21,077,"Kentucky","Gallatin County",3,62,118,60,58
050,21,077,"Kentucky","Gallatin County",3,63,127,67,60
050,21,077,"Kentucky","Gallatin County",3,64,127,64,63
050,21,077,"Kentucky","Gallatin County",3,65,110,53,57
050,21,077,"Kentucky","Gallatin County",3,66,110,61,49
050,21,077,"Kentucky","Gallatin County",3,67,89,46,43
050,21,077,"Kentucky","Gallatin County",3,68,80,44,36
050,21,077,"Kentucky","Gallatin County",3,69,80,43,37
050,21,077,"Kentucky","Gallatin County",3,70,82,42,40
050,21,077,"Kentucky","Gallatin County",3,71,77,34,43
050,21,077,"Kentucky","Gallatin County",3,72,68,31,37
050,21,077,"Kentucky","Gallatin County",3,73,69,33,36
050,21,077,"Kentucky","Gallatin County",3,74,76,38,38
050,21,077,"Kentucky","Gallatin County",3,75,52,26,26
050,21,077,"Kentucky","Gallatin County",3,76,42,20,22
050,21,077,"Kentucky","Gallatin County",3,77,48,22,26
050,21,077,"Kentucky","Gallatin County",3,78,48,25,23
050,21,077,"Kentucky","Gallatin County",3,79,49,27,22
050,21,077,"Kentucky","Gallatin County",3,80,38,18,20
050,21,077,"Kentucky","Gallatin County",3,81,27,10,17
050,21,077,"Kentucky","Gallatin County",3,82,26,8,18
050,21,077,"Kentucky","Gallatin County",3,83,22,9,13
050,21,077,"Kentucky","Gallatin County",3,84,15,6,9
050,21,077,"Kentucky","Gallatin County",3,85,94,29,65
050,21,077,"Kentucky","Gallatin County",4,0,109,54,55
050,21,077,"Kentucky","Gallatin County",4,1,91,49,42
050,21,077,"Kentucky","Gallatin County",4,2,120,68,52
050,21,077,"Kentucky","Gallatin County",4,3,110,58,52
050,21,077,"Kentucky","Gallatin County",4,4,114,67,47
050,21,077,"Kentucky","Gallatin County",4,5,99,51,48
050,21,077,"Kentucky","Gallatin County",4,6,120,65,55
050,21,077,"Kentucky","Gallatin County",4,7,120,54,66
050,21,077,"Kentucky","Gallatin County",4,8,113,57,56
050,21,077,"Kentucky","Gallatin County",4,9,116,63,53
050,21,077,"Kentucky","Gallatin County",4,10,107,56,51
050,21,077,"Kentucky","Gallatin County",4,11,127,64,63
050,21,077,"Kentucky","Gallatin County",4,12,107,49,58
050,21,077,"Kentucky","Gallatin County",4,13,111,47,64
050,21,077,"Kentucky","Gallatin County",4,14,123,69,54
050,21,077,"Kentucky","Gallatin County",4,15,130,68,62
050,21,077,"Kentucky","Gallatin County",4,16,134,67,67
050,21,077,"Kentucky","Gallatin County",4,17,110,54,56
050,21,077,"Kentucky","Gallatin County",4,18,103,50,53
050,21,077,"Kentucky","Gallatin County",4,19,81,46,35
050,21,077,"Kentucky","Gallatin County",4,20,91,48,43
050,21,077,"Kentucky","Gallatin County",4,21,103,58,45
050,21,077,"Kentucky","Gallatin County",4,22,102,54,48
050,21,077,"Kentucky","Gallatin County",4,23,117,57,60
050,21,077,"Kentucky","Gallatin County",4,24,116,57,59
050,21,077,"Kentucky","Gallatin County",4,25,106,56,50
050,21,077,"Kentucky","Gallatin County",4,26,119,61,58
050,21,077,"Kentucky","Gallatin County",4,27,126,68,58
050,21,077,"Kentucky","Gallatin County",4,28,114,64,50
050,21,077,"Kentucky","Gallatin County",4,29,118,64,54
050,21,077,"Kentucky","Gallatin County",4,30,126,67,59
050,21,077,"Kentucky","Gallatin County",4,31,145,68,77
050,21,077,"Kentucky","Gallatin County",4,32,111,56,55
050,21,077,"Kentucky","Gallatin County",4,33,116,61,55
050,21,077,"Kentucky","Gallatin County",4,34,103,42,61
050,21,077,"Kentucky","Gallatin County",4,35,100,46,54
050,21,077,"Kentucky","Gallatin County",4,36,98,57,41
050,21,077,"Kentucky","Gallatin County",4,37,90,42,48
050,21,077,"Kentucky","Gallatin County",4,38,103,55,48
050,21,077,"Kentucky","Gallatin County",4,39,101,48,53
050,21,077,"Kentucky","Gallatin County",4,40,101,48,53
050,21,077,"Kentucky","Gallatin County",4,41,108,56,52
050,21,077,"Kentucky","Gallatin County",4,42,110,53,57
050,21,077,"Kentucky","Gallatin County",4,43,100,48,52
050,21,077,"Kentucky","Gallatin County",4,44,99,51,48
050,21,077,"Kentucky","Gallatin County",4,45,102,53,49
050,21,077,"Kentucky","Gallatin County",4,46,116,59,57
050,21,077,"Kentucky","Gallatin County",4,47,122,63,59
050,21,077,"Kentucky","Gallatin County",4,48,108,57,51
050,21,077,"Kentucky","Gallatin County",4,49,104,58,46
050,21,077,"Kentucky","Gallatin County",4,50,106,60,46
050,21,077,"Kentucky","Gallatin County",4,51,127,62,65
050,21,077,"Kentucky","Gallatin County",4,52,133,68,65
050,21,077,"Kentucky","Gallatin County",4,53,123,62,61
050,21,077,"Kentucky","Gallatin County",4,54,130,66,64
050,21,077,"Kentucky","Gallatin County",4,55,137,62,75
050,21,077,"Kentucky","Gallatin County",4,56,136,63,73
050,21,077,"Kentucky","Gallatin County",4,57,138,69,69
050,21,077,"Kentucky","Gallatin County",4,58,125,51,74
050,21,077,"Kentucky","Gallatin County",4,59,132,64,68
050,21,077,"Kentucky","Gallatin County",4,60,139,78,61
050,21,077,"Kentucky","Gallatin County",4,61,123,66,57
050,21,077,"Kentucky","Gallatin County",4,62,116,58,58
050,21,077,"Kentucky","Gallatin County",4,63,113,60,53
050,21,077,"Kentucky","Gallatin County",4,64,124,62,62
050,21,077,"Kentucky","Gallatin County",4,65,125,63,62
050,21,077,"Kentucky","Gallatin County",4,66,102,50,52
050,21,077,"Kentucky","Gallatin County",4,67,105,60,45
050,21,077,"Kentucky","Gallatin County",4,68,88,47,41
050,21,077,"Kentucky","Gallatin County",4,69,78,42,36
050,21,077,"Kentucky","Gallatin County",4,70,78,43,35
050,21,077,"Kentucky","Gallatin County",4,71,76,41,35
050,21,077,"Kentucky","Gallatin County",4,72,71,32,39
050,21,077,"Kentucky","Gallatin County",4,73,66,29,37
050,21,077,"Kentucky","Gallatin County",4,74,66,31,35
050,21,077,"Kentucky","Gallatin County",4,75,69,32,37
050,21,077,"Kentucky","Gallatin County",4,76,47,22,25
050,21,077,"Kentucky","Gallatin County",4,77,40,19,21
050,21,077,"Kentucky","Gallatin County",4,78,49,22,27
050,21,077,"Kentucky","Gallatin County",4,79,44,23,21
050,21,077,"Kentucky","Gallatin County",4,80,46,24,22
050,21,077,"Kentucky","Gallatin County",4,81,37,17,20
050,21,077,"Kentucky","Gallatin County",4,82,27,8,19
050,21,077,"Kentucky","Gallatin County",4,83,26,8,18
050,21,077,"Kentucky","Gallatin County",4,84,17,6,11
050,21,077,"Kentucky","Gallatin County",4,85,94,29,65
050,21,077,"Kentucky","Gallatin County",5,0,110,56,54
050,21,077,"Kentucky","Gallatin County",5,1,107,47,60
050,21,077,"Kentucky","Gallatin County",5,2,87,45,42
050,21,077,"Kentucky","Gallatin County",5,3,117,61,56
050,21,077,"Kentucky","Gallatin County",5,4,111,64,47
050,21,077,"Kentucky","Gallatin County",5,5,117,66,51
050,21,077,"Kentucky","Gallatin County",5,6,107,56,51
050,21,077,"Kentucky","Gallatin County",5,7,117,62,55
050,21,077,"Kentucky","Gallatin County",5,8,117,51,66
050,21,077,"Kentucky","Gallatin County",5,9,108,54,54
050,21,077,"Kentucky","Gallatin County",5,10,125,68,57
050,21,077,"Kentucky","Gallatin County",5,11,111,61,50
050,21,077,"Kentucky","Gallatin County",5,12,129,69,60
050,21,077,"Kentucky","Gallatin County",5,13,108,48,60
050,21,077,"Kentucky","Gallatin County",5,14,109,49,60
050,21,077,"Kentucky","Gallatin County",5,15,120,70,50
050,21,077,"Kentucky","Gallatin County",5,16,128,70,58
050,21,077,"Kentucky","Gallatin County",5,17,135,66,69
050,21,077,"Kentucky","Gallatin County",5,18,96,51,45
050,21,077,"Kentucky","Gallatin County",5,19,80,38,42
050,21,077,"Kentucky","Gallatin County",5,20,87,49,38
050,21,077,"Kentucky","Gallatin County",5,21,89,48,41
050,21,077,"Kentucky","Gallatin County",5,22,121,69,52
050,21,077,"Kentucky","Gallatin County",5,23,112,59,53
050,21,077,"Kentucky","Gallatin County",5,24,110,53,57
050,21,077,"Kentucky","Gallatin County",5,25,115,59,56
050,21,077,"Kentucky","Gallatin County",5,26,107,58,49
050,21,077,"Kentucky","Gallatin County",5,27,119,58,61
050,21,077,"Kentucky","Gallatin County",5,28,126,63,63
050,21,077,"Kentucky","Gallatin County",5,29,109,61,48
050,21,077,"Kentucky","Gallatin County",5,30,118,62,56
050,21,077,"Kentucky","Gallatin County",5,31,130,69,61
050,21,077,"Kentucky","Gallatin County",5,32,138,62,76
050,21,077,"Kentucky","Gallatin County",5,33,118,59,59
050,21,077,"Kentucky","Gallatin County",5,34,117,63,54
050,21,077,"Kentucky","Gallatin County",5,35,106,42,64
050,21,077,"Kentucky","Gallatin County",5,36,97,44,53
050,21,077,"Kentucky","Gallatin County",5,37,96,56,40
050,21,077,"Kentucky","Gallatin County",5,38,89,42,47
050,21,077,"Kentucky","Gallatin County",5,39,100,54,46
050,21,077,"Kentucky","Gallatin County",5,40,112,58,54
050,21,077,"Kentucky","Gallatin County",5,41,100,48,52
050,21,077,"Kentucky","Gallatin County",5,42,109,56,53
050,21,077,"Kentucky","Gallatin County",5,43,111,52,59
050,21,077,"Kentucky","Gallatin County",5,44,97,45,52
050,21,077,"Kentucky","Gallatin County",5,45,101,53,48
050,21,077,"Kentucky","Gallatin County",5,46,105,55,50
050,21,077,"Kentucky","Gallatin County",5,47,113,58,55
050,21,077,"Kentucky","Gallatin County",5,48,126,66,60
050,21,077,"Kentucky","Gallatin County",5,49,109,60,49
050,21,077,"Kentucky","Gallatin County",5,50,106,57,49
050,21,077,"Kentucky","Gallatin County",5,51,102,60,42
050,21,077,"Kentucky","Gallatin County",5,52,120,55,65
050,21,077,"Kentucky","Gallatin County",5,53,128,67,61
050,21,077,"Kentucky","Gallatin County",5,54,120,60,60
050,21,077,"Kentucky","Gallatin County",5,55,128,64,64
050,21,077,"Kentucky","Gallatin County",5,56,134,61,73
050,21,077,"Kentucky","Gallatin County",5,57,138,61,77
050,21,077,"Kentucky","Gallatin County",5,58,135,66,69
050,21,077,"Kentucky","Gallatin County",5,59,126,50,76
050,21,077,"Kentucky","Gallatin County",5,60,131,60,71
050,21,077,"Kentucky","Gallatin County",5,61,141,81,60
050,21,077,"Kentucky","Gallatin County",5,62,122,64,58
050,21,077,"Kentucky","Gallatin County",5,63,110,58,52
050,21,077,"Kentucky","Gallatin County",5,64,111,59,52
050,21,077,"Kentucky","Gallatin County",5,65,122,61,61
050,21,077,"Kentucky","Gallatin County",5,66,117,55,62
050,21,077,"Kentucky","Gallatin County",5,67,102,49,53
050,21,077,"Kentucky","Gallatin County",5,68,105,62,43
050,21,077,"Kentucky","Gallatin County",5,69,87,47,40
050,21,077,"Kentucky","Gallatin County",5,70,78,44,34
050,21,077,"Kentucky","Gallatin County",5,71,75,44,31
050,21,077,"Kentucky","Gallatin County",5,72,73,39,34
050,21,077,"Kentucky","Gallatin County",5,73,69,30,39
050,21,077,"Kentucky","Gallatin County",5,74,61,27,34
050,21,077,"Kentucky","Gallatin County",5,75,60,26,34
050,21,077,"Kentucky","Gallatin County",5,76,68,31,37
050,21,077,"Kentucky","Gallatin County",5,77,48,21,27
050,21,077,"Kentucky","Gallatin County",5,78,39,19,20
050,21,077,"Kentucky","Gallatin County",5,79,45,19,26
050,21,077,"Kentucky","Gallatin County",5,80,41,21,20
050,21,077,"Kentucky","Gallatin County",5,81,47,22,25
050,21,077,"Kentucky","Gallatin County",5,82,36,15,21
050,21,077,"Kentucky","Gallatin County",5,83,21,6,15
050,21,077,"Kentucky","Gallatin County",5,84,23,6,17
050,21,077,"Kentucky","Gallatin County",5,85,97,32,65
050,21,079,"Kentucky","Garrard County",1,0,171,87,84
050,21,079,"Kentucky","Garrard County",1,1,176,92,84
050,21,079,"Kentucky","Garrard County",1,2,200,107,93
050,21,079,"Kentucky","Garrard County",1,3,177,90,87
050,21,079,"Kentucky","Garrard County",1,4,195,105,90
050,21,079,"Kentucky","Garrard County",1,5,200,111,89
050,21,079,"Kentucky","Garrard County",1,6,196,106,90
050,21,079,"Kentucky","Garrard County",1,7,228,123,105
050,21,079,"Kentucky","Garrard County",1,8,223,117,106
050,21,079,"Kentucky","Garrard County",1,9,210,122,88
050,21,079,"Kentucky","Garrard County",1,10,205,113,92
050,21,079,"Kentucky","Garrard County",1,11,228,114,114
050,21,079,"Kentucky","Garrard County",1,12,231,123,108
050,21,079,"Kentucky","Garrard County",1,13,229,124,105
050,21,079,"Kentucky","Garrard County",1,14,214,111,103
050,21,079,"Kentucky","Garrard County",1,15,215,119,96
050,21,079,"Kentucky","Garrard County",1,16,206,110,96
050,21,079,"Kentucky","Garrard County",1,17,235,127,108
050,21,079,"Kentucky","Garrard County",1,18,210,114,96
050,21,079,"Kentucky","Garrard County",1,19,140,68,72
050,21,079,"Kentucky","Garrard County",1,20,149,78,71
050,21,079,"Kentucky","Garrard County",1,21,156,81,75
050,21,079,"Kentucky","Garrard County",1,22,166,82,84
050,21,079,"Kentucky","Garrard County",1,23,165,88,77
050,21,079,"Kentucky","Garrard County",1,24,164,88,76
050,21,079,"Kentucky","Garrard County",1,25,161,78,83
050,21,079,"Kentucky","Garrard County",1,26,178,81,97
050,21,079,"Kentucky","Garrard County",1,27,178,81,97
050,21,079,"Kentucky","Garrard County",1,28,197,91,106
050,21,079,"Kentucky","Garrard County",1,29,194,86,108
050,21,079,"Kentucky","Garrard County",1,30,204,102,102
050,21,079,"Kentucky","Garrard County",1,31,194,97,97
050,21,079,"Kentucky","Garrard County",1,32,175,91,84
050,21,079,"Kentucky","Garrard County",1,33,182,87,95
050,21,079,"Kentucky","Garrard County",1,34,187,96,91
050,21,079,"Kentucky","Garrard County",1,35,200,106,94
050,21,079,"Kentucky","Garrard County",1,36,200,95,105
050,21,079,"Kentucky","Garrard County",1,37,193,86,107
050,21,079,"Kentucky","Garrard County",1,38,195,86,109
050,21,079,"Kentucky","Garrard County",1,39,204,92,112
050,21,079,"Kentucky","Garrard County",1,40,204,104,100
050,21,079,"Kentucky","Garrard County",1,41,213,109,104
050,21,079,"Kentucky","Garrard County",1,42,219,108,111
050,21,079,"Kentucky","Garrard County",1,43,187,99,88
050,21,079,"Kentucky","Garrard County",1,44,200,110,90
050,21,079,"Kentucky","Garrard County",1,45,206,111,95
050,21,079,"Kentucky","Garrard County",1,46,223,112,111
050,21,079,"Kentucky","Garrard County",1,47,202,102,100
050,21,079,"Kentucky","Garrard County",1,48,216,110,106
050,21,079,"Kentucky","Garrard County",1,49,254,135,119
050,21,079,"Kentucky","Garrard County",1,50,242,131,111
050,21,079,"Kentucky","Garrard County",1,51,237,116,121
050,21,079,"Kentucky","Garrard County",1,52,243,119,124
050,21,079,"Kentucky","Garrard County",1,53,246,121,125
050,21,079,"Kentucky","Garrard County",1,54,257,129,128
050,21,079,"Kentucky","Garrard County",1,55,284,148,136
050,21,079,"Kentucky","Garrard County",1,56,291,146,145
050,21,079,"Kentucky","Garrard County",1,57,297,143,154
050,21,079,"Kentucky","Garrard County",1,58,291,140,151
050,21,079,"Kentucky","Garrard County",1,59,293,155,138
050,21,079,"Kentucky","Garrard County",1,60,292,155,137
050,21,079,"Kentucky","Garrard County",1,61,256,124,132
050,21,079,"Kentucky","Garrard County",1,62,250,132,118
050,21,079,"Kentucky","Garrard County",1,63,262,136,126
050,21,079,"Kentucky","Garrard County",1,64,246,124,122
050,21,079,"Kentucky","Garrard County",1,65,234,102,132
050,21,079,"Kentucky","Garrard County",1,66,217,89,128
050,21,079,"Kentucky","Garrard County",1,67,218,103,115
050,21,079,"Kentucky","Garrard County",1,68,214,100,114
050,21,079,"Kentucky","Garrard County",1,69,188,90,98
050,21,079,"Kentucky","Garrard County",1,70,172,80,92
050,21,079,"Kentucky","Garrard County",1,71,158,80,78
050,21,079,"Kentucky","Garrard County",1,72,182,95,87
050,21,079,"Kentucky","Garrard County",1,73,190,87,103
050,21,079,"Kentucky","Garrard County",1,74,129,60,69
050,21,079,"Kentucky","Garrard County",1,75,115,55,60
050,21,079,"Kentucky","Garrard County",1,76,122,47,75
050,21,079,"Kentucky","Garrard County",1,77,125,55,70
050,21,079,"Kentucky","Garrard County",1,78,104,49,55
050,21,079,"Kentucky","Garrard County",1,79,87,43,44
050,21,079,"Kentucky","Garrard County",1,80,84,37,47
050,21,079,"Kentucky","Garrard County",1,81,75,28,47
050,21,079,"Kentucky","Garrard County",1,82,68,28,40
050,21,079,"Kentucky","Garrard County",1,83,65,29,36
050,21,079,"Kentucky","Garrard County",1,84,58,24,34
050,21,079,"Kentucky","Garrard County",1,85,299,98,201
050,21,079,"Kentucky","Garrard County",2,0,171,84,87
050,21,079,"Kentucky","Garrard County",2,1,174,89,85
050,21,079,"Kentucky","Garrard County",2,2,193,102,91
050,21,079,"Kentucky","Garrard County",2,3,180,94,86
050,21,079,"Kentucky","Garrard County",2,4,193,102,91
050,21,079,"Kentucky","Garrard County",2,5,198,109,89
050,21,079,"Kentucky","Garrard County",2,6,199,109,90
050,21,079,"Kentucky","Garrard County",2,7,221,119,102
050,21,079,"Kentucky","Garrard County",2,8,224,118,106
050,21,079,"Kentucky","Garrard County",2,9,214,121,93
050,21,079,"Kentucky","Garrard County",2,10,205,114,91
050,21,079,"Kentucky","Garrard County",2,11,223,114,109
050,21,079,"Kentucky","Garrard County",2,12,231,121,110
050,21,079,"Kentucky","Garrard County",2,13,228,123,105
050,21,079,"Kentucky","Garrard County",2,14,219,116,103
050,21,079,"Kentucky","Garrard County",2,15,211,115,96
050,21,079,"Kentucky","Garrard County",2,16,209,112,97
050,21,079,"Kentucky","Garrard County",2,17,230,123,107
050,21,079,"Kentucky","Garrard County",2,18,203,111,92
050,21,079,"Kentucky","Garrard County",2,19,148,75,73
050,21,079,"Kentucky","Garrard County",2,20,153,79,74
050,21,079,"Kentucky","Garrard County",2,21,157,80,77
050,21,079,"Kentucky","Garrard County",2,22,168,83,85
050,21,079,"Kentucky","Garrard County",2,23,169,89,80
050,21,079,"Kentucky","Garrard County",2,24,161,86,75
050,21,079,"Kentucky","Garrard County",2,25,163,80,83
050,21,079,"Kentucky","Garrard County",2,26,176,81,95
050,21,079,"Kentucky","Garrard County",2,27,179,82,97
050,21,079,"Kentucky","Garrard County",2,28,194,91,103
050,21,079,"Kentucky","Garrard County",2,29,196,88,108
050,21,079,"Kentucky","Garrard County",2,30,208,103,105
050,21,079,"Kentucky","Garrard County",2,31,196,99,97
050,21,079,"Kentucky","Garrard County",2,32,180,91,89
050,21,079,"Kentucky","Garrard County",2,33,178,87,91
050,21,079,"Kentucky","Garrard County",2,34,187,96,91
050,21,079,"Kentucky","Garrard County",2,35,197,103,94
050,21,079,"Kentucky","Garrard County",2,36,197,96,101
050,21,079,"Kentucky","Garrard County",2,37,197,89,108
050,21,079,"Kentucky","Garrard County",2,38,196,86,110
050,21,079,"Kentucky","Garrard County",2,39,202,91,111
050,21,079,"Kentucky","Garrard County",2,40,205,102,103
050,21,079,"Kentucky","Garrard County",2,41,210,107,103
050,21,079,"Kentucky","Garrard County",2,42,215,108,107
050,21,079,"Kentucky","Garrard County",2,43,197,103,94
050,21,079,"Kentucky","Garrard County",2,44,195,107,88
050,21,079,"Kentucky","Garrard County",2,45,207,112,95
050,21,079,"Kentucky","Garrard County",2,46,220,113,107
050,21,079,"Kentucky","Garrard County",2,47,207,105,102
050,21,079,"Kentucky","Garrard County",2,48,213,108,105
050,21,079,"Kentucky","Garrard County",2,49,248,130,118
050,21,079,"Kentucky","Garrard County",2,50,244,131,113
050,21,079,"Kentucky","Garrard County",2,51,236,118,118
050,21,079,"Kentucky","Garrard County",2,52,241,118,123
050,21,079,"Kentucky","Garrard County",2,53,248,123,125
050,21,079,"Kentucky","Garrard County",2,54,255,127,128
050,21,079,"Kentucky","Garrard County",2,55,278,143,135
050,21,079,"Kentucky","Garrard County",2,56,290,146,144
050,21,079,"Kentucky","Garrard County",2,57,297,145,152
050,21,079,"Kentucky","Garrard County",2,58,292,141,151
050,21,079,"Kentucky","Garrard County",2,59,292,151,141
050,21,079,"Kentucky","Garrard County",2,60,290,153,137
050,21,079,"Kentucky","Garrard County",2,61,265,132,133
050,21,079,"Kentucky","Garrard County",2,62,250,130,120
050,21,079,"Kentucky","Garrard County",2,63,261,137,124
050,21,079,"Kentucky","Garrard County",2,64,246,124,122
050,21,079,"Kentucky","Garrard County",2,65,237,107,130
050,21,079,"Kentucky","Garrard County",2,66,221,92,129
050,21,079,"Kentucky","Garrard County",2,67,214,97,117
050,21,079,"Kentucky","Garrard County",2,68,213,100,113
050,21,079,"Kentucky","Garrard County",2,69,194,92,102
050,21,079,"Kentucky","Garrard County",2,70,174,82,92
050,21,079,"Kentucky","Garrard County",2,71,159,79,80
050,21,079,"Kentucky","Garrard County",2,72,174,90,84
050,21,079,"Kentucky","Garrard County",2,73,201,94,107
050,21,079,"Kentucky","Garrard County",2,74,136,64,72
050,21,079,"Kentucky","Garrard County",2,75,119,56,63
050,21,079,"Kentucky","Garrard County",2,76,118,47,71
050,21,079,"Kentucky","Garrard County",2,77,124,53,71
050,21,079,"Kentucky","Garrard County",2,78,106,48,58
050,21,079,"Kentucky","Garrard County",2,79,90,44,46
050,21,079,"Kentucky","Garrard County",2,80,82,36,46
050,21,079,"Kentucky","Garrard County",2,81,75,30,45
050,21,079,"Kentucky","Garrard County",2,82,71,28,43
050,21,079,"Kentucky","Garrard County",2,83,63,28,35
050,21,079,"Kentucky","Garrard County",2,84,59,25,34
050,21,079,"Kentucky","Garrard County",2,85,303,101,202
050,21,079,"Kentucky","Garrard County",3,0,149,73,76
050,21,079,"Kentucky","Garrard County",3,1,197,97,100
050,21,079,"Kentucky","Garrard County",3,2,169,85,84
050,21,079,"Kentucky","Garrard County",3,3,209,110,99
050,21,079,"Kentucky","Garrard County",3,4,183,100,83
050,21,079,"Kentucky","Garrard County",3,5,217,118,99
050,21,079,"Kentucky","Garrard County",3,6,202,116,86
050,21,079,"Kentucky","Garrard County",3,7,212,115,97
050,21,079,"Kentucky","Garrard County",3,8,224,132,92
050,21,079,"Kentucky","Garrard County",3,9,250,133,117
050,21,079,"Kentucky","Garrard County",3,10,217,116,101
050,21,079,"Kentucky","Garrard County",3,11,206,110,96
050,21,079,"Kentucky","Garrard County",3,12,232,118,114
050,21,079,"Kentucky","Garrard County",3,13,244,125,119
050,21,079,"Kentucky","Garrard County",3,14,227,124,103
050,21,079,"Kentucky","Garrard County",3,15,232,130,102
050,21,079,"Kentucky","Garrard County",3,16,211,110,101
050,21,079,"Kentucky","Garrard County",3,17,212,119,93
050,21,079,"Kentucky","Garrard County",3,18,196,106,90
050,21,079,"Kentucky","Garrard County",3,19,170,95,75
050,21,079,"Kentucky","Garrard County",3,20,161,82,79
050,21,079,"Kentucky","Garrard County",3,21,154,79,75
050,21,079,"Kentucky","Garrard County",3,22,186,93,93
050,21,079,"Kentucky","Garrard County",3,23,174,86,88
050,21,079,"Kentucky","Garrard County",3,24,180,91,89
050,21,079,"Kentucky","Garrard County",3,25,161,83,78
050,21,079,"Kentucky","Garrard County",3,26,164,78,86
050,21,079,"Kentucky","Garrard County",3,27,190,91,99
050,21,079,"Kentucky","Garrard County",3,28,181,82,99
050,21,079,"Kentucky","Garrard County",3,29,207,94,113
050,21,079,"Kentucky","Garrard County",3,30,221,103,118
050,21,079,"Kentucky","Garrard County",3,31,224,112,112
050,21,079,"Kentucky","Garrard County",3,32,198,104,94
050,21,079,"Kentucky","Garrard County",3,33,186,89,97
050,21,079,"Kentucky","Garrard County",3,34,193,91,102
050,21,079,"Kentucky","Garrard County",3,35,192,107,85
050,21,079,"Kentucky","Garrard County",3,36,203,102,101
050,21,079,"Kentucky","Garrard County",3,37,211,106,105
050,21,079,"Kentucky","Garrard County",3,38,197,90,107
050,21,079,"Kentucky","Garrard County",3,39,196,90,106
050,21,079,"Kentucky","Garrard County",3,40,212,98,114
050,21,079,"Kentucky","Garrard County",3,41,206,105,101
050,21,079,"Kentucky","Garrard County",3,42,224,112,112
050,21,079,"Kentucky","Garrard County",3,43,236,121,115
050,21,079,"Kentucky","Garrard County",3,44,207,110,97
050,21,079,"Kentucky","Garrard County",3,45,207,114,93
050,21,079,"Kentucky","Garrard County",3,46,213,116,97
050,21,079,"Kentucky","Garrard County",3,47,226,117,109
050,21,079,"Kentucky","Garrard County",3,48,213,101,112
050,21,079,"Kentucky","Garrard County",3,49,217,112,105
050,21,079,"Kentucky","Garrard County",3,50,235,128,107
050,21,079,"Kentucky","Garrard County",3,51,248,132,116
050,21,079,"Kentucky","Garrard County",3,52,255,131,124
050,21,079,"Kentucky","Garrard County",3,53,247,122,125
050,21,079,"Kentucky","Garrard County",3,54,245,117,128
050,21,079,"Kentucky","Garrard County",3,55,262,129,133
050,21,079,"Kentucky","Garrard County",3,56,283,144,139
050,21,079,"Kentucky","Garrard County",3,57,287,141,146
050,21,079,"Kentucky","Garrard County",3,58,291,142,149
050,21,079,"Kentucky","Garrard County",3,59,295,142,153
050,21,079,"Kentucky","Garrard County",3,60,294,151,143
050,21,079,"Kentucky","Garrard County",3,61,299,158,141
050,21,079,"Kentucky","Garrard County",3,62,266,133,133
050,21,079,"Kentucky","Garrard County",3,63,252,133,119
050,21,079,"Kentucky","Garrard County",3,64,265,139,126
050,21,079,"Kentucky","Garrard County",3,65,253,129,124
050,21,079,"Kentucky","Garrard County",3,66,237,107,130
050,21,079,"Kentucky","Garrard County",3,67,221,92,129
050,21,079,"Kentucky","Garrard County",3,68,214,96,118
050,21,079,"Kentucky","Garrard County",3,69,202,97,105
050,21,079,"Kentucky","Garrard County",3,70,193,89,104
050,21,079,"Kentucky","Garrard County",3,71,165,78,87
050,21,079,"Kentucky","Garrard County",3,72,151,77,74
050,21,079,"Kentucky","Garrard County",3,73,164,87,77
050,21,079,"Kentucky","Garrard County",3,74,195,94,101
050,21,079,"Kentucky","Garrard County",3,75,133,62,71
050,21,079,"Kentucky","Garrard County",3,76,109,54,55
050,21,079,"Kentucky","Garrard County",3,77,114,45,69
050,21,079,"Kentucky","Garrard County",3,78,118,49,69
050,21,079,"Kentucky","Garrard County",3,79,99,44,55
050,21,079,"Kentucky","Garrard County",3,80,81,37,44
050,21,079,"Kentucky","Garrard County",3,81,79,34,45
050,21,079,"Kentucky","Garrard County",3,82,79,31,48
050,21,079,"Kentucky","Garrard County",3,83,60,22,38
050,21,079,"Kentucky","Garrard County",3,84,59,28,31
050,21,079,"Kentucky","Garrard County",3,85,317,111,206
050,21,079,"Kentucky","Garrard County",4,0,171,90,81
050,21,079,"Kentucky","Garrard County",4,1,160,82,78
050,21,079,"Kentucky","Garrard County",4,2,207,104,103
050,21,079,"Kentucky","Garrard County",4,3,173,83,90
050,21,079,"Kentucky","Garrard County",4,4,206,104,102
050,21,079,"Kentucky","Garrard County",4,5,195,98,97
050,21,079,"Kentucky","Garrard County",4,6,218,119,99
050,21,079,"Kentucky","Garrard County",4,7,213,112,101
050,21,079,"Kentucky","Garrard County",4,8,211,113,98
050,21,079,"Kentucky","Garrard County",4,9,238,133,105
050,21,079,"Kentucky","Garrard County",4,10,248,130,118
050,21,079,"Kentucky","Garrard County",4,11,226,123,103
050,21,079,"Kentucky","Garrard County",4,12,220,112,108
050,21,079,"Kentucky","Garrard County",4,13,235,119,116
050,21,079,"Kentucky","Garrard County",4,14,257,132,125
050,21,079,"Kentucky","Garrard County",4,15,236,126,110
050,21,079,"Kentucky","Garrard County",4,16,233,131,102
050,21,079,"Kentucky","Garrard County",4,17,219,110,109
050,21,079,"Kentucky","Garrard County",4,18,183,107,76
050,21,079,"Kentucky","Garrard County",4,19,152,84,68
050,21,079,"Kentucky","Garrard County",4,20,176,97,79
050,21,079,"Kentucky","Garrard County",4,21,178,88,90
050,21,079,"Kentucky","Garrard County",4,22,162,87,75
050,21,079,"Kentucky","Garrard County",4,23,184,86,98
050,21,079,"Kentucky","Garrard County",4,24,179,89,90
050,21,079,"Kentucky","Garrard County",4,25,173,83,90
050,21,079,"Kentucky","Garrard County",4,26,149,77,72
050,21,079,"Kentucky","Garrard County",4,27,157,75,82
050,21,079,"Kentucky","Garrard County",4,28,199,94,105
050,21,079,"Kentucky","Garrard County",4,29,190,83,107
050,21,079,"Kentucky","Garrard County",4,30,220,92,128
050,21,079,"Kentucky","Garrard County",4,31,228,109,119
050,21,079,"Kentucky","Garrard County",4,32,216,112,104
050,21,079,"Kentucky","Garrard County",4,33,198,104,94
050,21,079,"Kentucky","Garrard County",4,34,192,97,95
050,21,079,"Kentucky","Garrard County",4,35,206,97,109
050,21,079,"Kentucky","Garrard County",4,36,198,107,91
050,21,079,"Kentucky","Garrard County",4,37,214,110,104
050,21,079,"Kentucky","Garrard County",4,38,213,111,102
050,21,079,"Kentucky","Garrard County",4,39,201,95,106
050,21,079,"Kentucky","Garrard County",4,40,201,98,103
050,21,079,"Kentucky","Garrard County",4,41,221,103,118
050,21,079,"Kentucky","Garrard County",4,42,204,105,99
050,21,079,"Kentucky","Garrard County",4,43,236,121,115
050,21,079,"Kentucky","Garrard County",4,44,242,129,113
050,21,079,"Kentucky","Garrard County",4,45,209,117,92
050,21,079,"Kentucky","Garrard County",4,46,210,113,97
050,21,079,"Kentucky","Garrard County",4,47,219,117,102
050,21,079,"Kentucky","Garrard County",4,48,225,115,110
050,21,079,"Kentucky","Garrard County",4,49,219,105,114
050,21,079,"Kentucky","Garrard County",4,50,220,115,105
050,21,079,"Kentucky","Garrard County",4,51,230,126,104
050,21,079,"Kentucky","Garrard County",4,52,261,140,121
050,21,079,"Kentucky","Garrard County",4,53,251,128,123
050,21,079,"Kentucky","Garrard County",4,54,242,120,122
050,21,079,"Kentucky","Garrard County",4,55,245,116,129
050,21,079,"Kentucky","Garrard County",4,56,260,129,131
050,21,079,"Kentucky","Garrard County",4,57,278,140,138
050,21,079,"Kentucky","Garrard County",4,58,280,132,148
050,21,079,"Kentucky","Garrard County",4,59,282,140,142
050,21,079,"Kentucky","Garrard County",4,60,291,141,150
050,21,079,"Kentucky","Garrard County",4,61,292,149,143
050,21,079,"Kentucky","Garrard County",4,62,309,161,148
050,21,079,"Kentucky","Garrard County",4,63,273,133,140
050,21,079,"Kentucky","Garrard County",4,64,257,134,123
050,21,079,"Kentucky","Garrard County",4,65,263,140,123
050,21,079,"Kentucky","Garrard County",4,66,251,128,123
050,21,079,"Kentucky","Garrard County",4,67,232,103,129
050,21,079,"Kentucky","Garrard County",4,68,215,89,126
050,21,079,"Kentucky","Garrard County",4,69,214,98,116
050,21,079,"Kentucky","Garrard County",4,70,196,93,103
050,21,079,"Kentucky","Garrard County",4,71,187,89,98
050,21,079,"Kentucky","Garrard County",4,72,161,76,85
050,21,079,"Kentucky","Garrard County",4,73,150,78,72
050,21,079,"Kentucky","Garrard County",4,74,160,84,76
050,21,079,"Kentucky","Garrard County",4,75,191,92,99
050,21,079,"Kentucky","Garrard County",4,76,125,58,67
050,21,079,"Kentucky","Garrard County",4,77,101,50,51
050,21,079,"Kentucky","Garrard County",4,78,110,41,69
050,21,079,"Kentucky","Garrard County",4,79,116,48,68
050,21,079,"Kentucky","Garrard County",4,80,90,39,51
050,21,079,"Kentucky","Garrard County",4,81,75,31,44
050,21,079,"Kentucky","Garrard County",4,82,81,34,47
050,21,079,"Kentucky","Garrard County",4,83,71,25,46
050,21,079,"Kentucky","Garrard County",4,84,57,22,35
050,21,079,"Kentucky","Garrard County",4,85,329,111,218
050,21,079,"Kentucky","Garrard County",5,0,173,90,83
050,21,079,"Kentucky","Garrard County",5,1,179,102,77
050,21,079,"Kentucky","Garrard County",5,2,169,87,82
050,21,079,"Kentucky","Garrard County",5,3,218,110,108
050,21,079,"Kentucky","Garrard County",5,4,191,98,93
050,21,079,"Kentucky","Garrard County",5,5,221,107,114
050,21,079,"Kentucky","Garrard County",5,6,197,102,95
050,21,079,"Kentucky","Garrard County",5,7,232,126,106
050,21,079,"Kentucky","Garrard County",5,8,220,117,103
050,21,079,"Kentucky","Garrard County",5,9,229,123,106
050,21,079,"Kentucky","Garrard County",5,10,248,139,109
050,21,079,"Kentucky","Garrard County",5,11,249,132,117
050,21,079,"Kentucky","Garrard County",5,12,237,127,110
050,21,079,"Kentucky","Garrard County",5,13,224,115,109
050,21,079,"Kentucky","Garrard County",5,14,251,132,119
050,21,079,"Kentucky","Garrard County",5,15,247,133,114
050,21,079,"Kentucky","Garrard County",5,16,233,129,104
050,21,079,"Kentucky","Garrard County",5,17,232,125,107
050,21,079,"Kentucky","Garrard County",5,18,187,95,92
050,21,079,"Kentucky","Garrard County",5,19,145,87,58
050,21,079,"Kentucky","Garrard County",5,20,151,80,71
050,21,079,"Kentucky","Garrard County",5,21,181,101,80
050,21,079,"Kentucky","Garrard County",5,22,182,89,93
050,21,079,"Kentucky","Garrard County",5,23,192,95,97
050,21,079,"Kentucky","Garrard County",5,24,191,90,101
050,21,079,"Kentucky","Garrard County",5,25,173,84,89
050,21,079,"Kentucky","Garrard County",5,26,171,82,89
050,21,079,"Kentucky","Garrard County",5,27,152,79,73
050,21,079,"Kentucky","Garrard County",5,28,169,77,92
050,21,079,"Kentucky","Garrard County",5,29,210,97,113
050,21,079,"Kentucky","Garrard County",5,30,192,87,105
050,21,079,"Kentucky","Garrard County",5,31,234,109,125
050,21,079,"Kentucky","Garrard County",5,32,243,118,125
050,21,079,"Kentucky","Garrard County",5,33,224,121,103
050,21,079,"Kentucky","Garrard County",5,34,206,105,101
050,21,079,"Kentucky","Garrard County",5,35,211,108,103
050,21,079,"Kentucky","Garrard County",5,36,212,100,112
050,21,079,"Kentucky","Garrard County",5,37,214,114,100
050,21,079,"Kentucky","Garrard County",5,38,212,104,108
050,21,079,"Kentucky","Garrard County",5,39,218,113,105
050,21,079,"Kentucky","Garrard County",5,40,208,104,104
050,21,079,"Kentucky","Garrard County",5,41,205,102,103
050,21,079,"Kentucky","Garrard County",5,42,224,102,122
050,21,079,"Kentucky","Garrard County",5,43,210,107,103
050,21,079,"Kentucky","Garrard County",5,44,252,138,114
050,21,079,"Kentucky","Garrard County",5,45,247,132,115
050,21,079,"Kentucky","Garrard County",5,46,197,102,95
050,21,079,"Kentucky","Garrard County",5,47,212,112,100
050,21,079,"Kentucky","Garrard County",5,48,222,120,102
050,21,079,"Kentucky","Garrard County",5,49,234,124,110
050,21,079,"Kentucky","Garrard County",5,50,219,103,116
050,21,079,"Kentucky","Garrard County",5,51,228,119,109
050,21,079,"Kentucky","Garrard County",5,52,234,132,102
050,21,079,"Kentucky","Garrard County",5,53,254,135,119
050,21,079,"Kentucky","Garrard County",5,54,245,124,121
050,21,079,"Kentucky","Garrard County",5,55,240,122,118
050,21,079,"Kentucky","Garrard County",5,56,246,116,130
050,21,079,"Kentucky","Garrard County",5,57,266,127,139
050,21,079,"Kentucky","Garrard County",5,58,287,140,147
050,21,079,"Kentucky","Garrard County",5,59,274,128,146
050,21,079,"Kentucky","Garrard County",5,60,282,138,144
050,21,079,"Kentucky","Garrard County",5,61,283,140,143
050,21,079,"Kentucky","Garrard County",5,62,290,145,145
050,21,079,"Kentucky","Garrard County",5,63,315,163,152
050,21,079,"Kentucky","Garrard County",5,64,269,133,136
050,21,079,"Kentucky","Garrard County",5,65,267,137,130
050,21,079,"Kentucky","Garrard County",5,66,258,136,122
050,21,079,"Kentucky","Garrard County",5,67,248,127,121
050,21,079,"Kentucky","Garrard County",5,68,226,102,124
050,21,079,"Kentucky","Garrard County",5,69,206,85,121
050,21,079,"Kentucky","Garrard County",5,70,203,94,109
050,21,079,"Kentucky","Garrard County",5,71,188,88,100
050,21,079,"Kentucky","Garrard County",5,72,184,90,94
050,21,079,"Kentucky","Garrard County",5,73,157,76,81
050,21,079,"Kentucky","Garrard County",5,74,145,76,69
050,21,079,"Kentucky","Garrard County",5,75,152,81,71
050,21,079,"Kentucky","Garrard County",5,76,181,83,98
050,21,079,"Kentucky","Garrard County",5,77,114,57,57
050,21,079,"Kentucky","Garrard County",5,78,93,45,48
050,21,079,"Kentucky","Garrard County",5,79,105,41,64
050,21,079,"Kentucky","Garrard County",5,80,103,41,62
050,21,079,"Kentucky","Garrard County",5,81,82,33,49
050,21,079,"Kentucky","Garrard County",5,82,79,32,47
050,21,079,"Kentucky","Garrard County",5,83,69,28,41
050,21,079,"Kentucky","Garrard County",5,84,65,24,41
050,21,079,"Kentucky","Garrard County",5,85,341,109,232
050,21,081,"Kentucky","Grant County",1,0,354,181,173
050,21,081,"Kentucky","Grant County",1,1,360,183,177
050,21,081,"Kentucky","Grant County",1,2,345,165,180
050,21,081,"Kentucky","Grant County",1,3,368,189,179
050,21,081,"Kentucky","Grant County",1,4,349,191,158
050,21,081,"Kentucky","Grant County",1,5,383,202,181
050,21,081,"Kentucky","Grant County",1,6,336,173,163
050,21,081,"Kentucky","Grant County",1,7,331,192,139
050,21,081,"Kentucky","Grant County",1,8,369,184,185
050,21,081,"Kentucky","Grant County",1,9,357,182,175
050,21,081,"Kentucky","Grant County",1,10,359,173,186
050,21,081,"Kentucky","Grant County",1,11,386,187,199
050,21,081,"Kentucky","Grant County",1,12,410,198,212
050,21,081,"Kentucky","Grant County",1,13,432,210,222
050,21,081,"Kentucky","Grant County",1,14,396,187,209
050,21,081,"Kentucky","Grant County",1,15,404,191,213
050,21,081,"Kentucky","Grant County",1,16,391,187,204
050,21,081,"Kentucky","Grant County",1,17,352,167,185
050,21,081,"Kentucky","Grant County",1,18,294,168,126
050,21,081,"Kentucky","Grant County",1,19,269,148,121
050,21,081,"Kentucky","Grant County",1,20,288,144,144
050,21,081,"Kentucky","Grant County",1,21,318,166,152
050,21,081,"Kentucky","Grant County",1,22,310,159,151
050,21,081,"Kentucky","Grant County",1,23,307,166,141
050,21,081,"Kentucky","Grant County",1,24,318,164,154
050,21,081,"Kentucky","Grant County",1,25,303,160,143
050,21,081,"Kentucky","Grant County",1,26,302,163,139
050,21,081,"Kentucky","Grant County",1,27,304,168,136
050,21,081,"Kentucky","Grant County",1,28,332,174,158
050,21,081,"Kentucky","Grant County",1,29,357,184,173
050,21,081,"Kentucky","Grant County",1,30,325,149,176
050,21,081,"Kentucky","Grant County",1,31,291,158,133
050,21,081,"Kentucky","Grant County",1,32,290,161,129
050,21,081,"Kentucky","Grant County",1,33,285,157,128
050,21,081,"Kentucky","Grant County",1,34,303,147,156
050,21,081,"Kentucky","Grant County",1,35,283,142,141
050,21,081,"Kentucky","Grant County",1,36,284,143,141
050,21,081,"Kentucky","Grant County",1,37,277,135,142
050,21,081,"Kentucky","Grant County",1,38,297,141,156
050,21,081,"Kentucky","Grant County",1,39,333,157,176
050,21,081,"Kentucky","Grant County",1,40,317,155,162
050,21,081,"Kentucky","Grant County",1,41,335,175,160
050,21,081,"Kentucky","Grant County",1,42,317,173,144
050,21,081,"Kentucky","Grant County",1,43,290,147,143
050,21,081,"Kentucky","Grant County",1,44,308,162,146
050,21,081,"Kentucky","Grant County",1,45,301,152,149
050,21,081,"Kentucky","Grant County",1,46,294,146,148
050,21,081,"Kentucky","Grant County",1,47,309,163,146
050,21,081,"Kentucky","Grant County",1,48,348,172,176
050,21,081,"Kentucky","Grant County",1,49,374,187,187
050,21,081,"Kentucky","Grant County",1,50,377,187,190
050,21,081,"Kentucky","Grant County",1,51,365,196,169
050,21,081,"Kentucky","Grant County",1,52,319,163,156
050,21,081,"Kentucky","Grant County",1,53,319,158,161
050,21,081,"Kentucky","Grant County",1,54,307,153,154
050,21,081,"Kentucky","Grant County",1,55,340,175,165
050,21,081,"Kentucky","Grant County",1,56,339,176,163
050,21,081,"Kentucky","Grant County",1,57,342,163,179
050,21,081,"Kentucky","Grant County",1,58,341,171,170
050,21,081,"Kentucky","Grant County",1,59,332,169,163
050,21,081,"Kentucky","Grant County",1,60,322,165,157
050,21,081,"Kentucky","Grant County",1,61,324,148,176
050,21,081,"Kentucky","Grant County",1,62,322,155,167
050,21,081,"Kentucky","Grant County",1,63,291,141,150
050,21,081,"Kentucky","Grant County",1,64,279,140,139
050,21,081,"Kentucky","Grant County",1,65,268,139,129
050,21,081,"Kentucky","Grant County",1,66,225,113,112
050,21,081,"Kentucky","Grant County",1,67,232,115,117
050,21,081,"Kentucky","Grant County",1,68,238,113,125
050,21,081,"Kentucky","Grant County",1,69,240,115,125
050,21,081,"Kentucky","Grant County",1,70,211,95,116
050,21,081,"Kentucky","Grant County",1,71,208,101,107
050,21,081,"Kentucky","Grant County",1,72,200,99,101
050,21,081,"Kentucky","Grant County",1,73,188,86,102
050,21,081,"Kentucky","Grant County",1,74,149,67,82
050,21,081,"Kentucky","Grant County",1,75,137,71,66
050,21,081,"Kentucky","Grant County",1,76,155,73,82
050,21,081,"Kentucky","Grant County",1,77,150,76,74
050,21,081,"Kentucky","Grant County",1,78,129,58,71
050,21,081,"Kentucky","Grant County",1,79,113,51,62
050,21,081,"Kentucky","Grant County",1,80,98,46,52
050,21,081,"Kentucky","Grant County",1,81,90,43,47
050,21,081,"Kentucky","Grant County",1,82,74,26,48
050,21,081,"Kentucky","Grant County",1,83,59,23,36
050,21,081,"Kentucky","Grant County",1,84,56,23,33
050,21,081,"Kentucky","Grant County",1,85,261,100,161
050,21,081,"Kentucky","Grant County",2,0,369,198,171
050,21,081,"Kentucky","Grant County",2,1,355,181,174
050,21,081,"Kentucky","Grant County",2,2,349,169,180
050,21,081,"Kentucky","Grant County",2,3,360,182,178
050,21,081,"Kentucky","Grant County",2,4,358,194,164
050,21,081,"Kentucky","Grant County",2,5,377,200,177
050,21,081,"Kentucky","Grant County",2,6,349,181,168
050,21,081,"Kentucky","Grant County",2,7,332,186,146
050,21,081,"Kentucky","Grant County",2,8,360,186,174
050,21,081,"Kentucky","Grant County",2,9,362,184,178
050,21,081,"Kentucky","Grant County",2,10,359,176,183
050,21,081,"Kentucky","Grant County",2,11,380,186,194
050,21,081,"Kentucky","Grant County",2,12,409,200,209
050,21,081,"Kentucky","Grant County",2,13,425,206,219
050,21,081,"Kentucky","Grant County",2,14,408,194,214
050,21,081,"Kentucky","Grant County",2,15,405,192,213
050,21,081,"Kentucky","Grant County",2,16,393,187,206
050,21,081,"Kentucky","Grant County",2,17,362,175,187
050,21,081,"Kentucky","Grant County",2,18,293,161,132
050,21,081,"Kentucky","Grant County",2,19,262,144,118
050,21,081,"Kentucky","Grant County",2,20,294,150,144
050,21,081,"Kentucky","Grant County",2,21,320,167,153
050,21,081,"Kentucky","Grant County",2,22,318,166,152
050,21,081,"Kentucky","Grant County",2,23,312,167,145
050,21,081,"Kentucky","Grant County",2,24,320,165,155
050,21,081,"Kentucky","Grant County",2,25,304,159,145
050,21,081,"Kentucky","Grant County",2,26,305,164,141
050,21,081,"Kentucky","Grant County",2,27,304,168,136
050,21,081,"Kentucky","Grant County",2,28,329,175,154
050,21,081,"Kentucky","Grant County",2,29,351,180,171
050,21,081,"Kentucky","Grant County",2,30,335,158,177
050,21,081,"Kentucky","Grant County",2,31,299,157,142
050,21,081,"Kentucky","Grant County",2,32,290,161,129
050,21,081,"Kentucky","Grant County",2,33,285,157,128
050,21,081,"Kentucky","Grant County",2,34,298,149,149
050,21,081,"Kentucky","Grant County",2,35,288,142,146
050,21,081,"Kentucky","Grant County",2,36,283,143,140
050,21,081,"Kentucky","Grant County",2,37,277,135,142
050,21,081,"Kentucky","Grant County",2,38,296,141,155
050,21,081,"Kentucky","Grant County",2,39,320,149,171
050,21,081,"Kentucky","Grant County",2,40,326,158,168
050,21,081,"Kentucky","Grant County",2,41,330,172,158
050,21,081,"Kentucky","Grant County",2,42,321,173,148
050,21,081,"Kentucky","Grant County",2,43,295,151,144
050,21,081,"Kentucky","Grant County",2,44,302,157,145
050,21,081,"Kentucky","Grant County",2,45,305,155,150
050,21,081,"Kentucky","Grant County",2,46,296,148,148
050,21,081,"Kentucky","Grant County",2,47,307,160,147
050,21,081,"Kentucky","Grant County",2,48,336,167,169
050,21,081,"Kentucky","Grant County",2,49,365,181,184
050,21,081,"Kentucky","Grant County",2,50,378,189,189
050,21,081,"Kentucky","Grant County",2,51,366,192,174
050,21,081,"Kentucky","Grant County",2,52,328,170,158
050,21,081,"Kentucky","Grant County",2,53,319,158,161
050,21,081,"Kentucky","Grant County",2,54,310,154,156
050,21,081,"Kentucky","Grant County",2,55,333,171,162
050,21,081,"Kentucky","Grant County",2,56,341,177,164
050,21,081,"Kentucky","Grant County",2,57,342,166,176
050,21,081,"Kentucky","Grant County",2,58,340,169,171
050,21,081,"Kentucky","Grant County",2,59,335,170,165
050,21,081,"Kentucky","Grant County",2,60,324,166,158
050,21,081,"Kentucky","Grant County",2,61,324,151,173
050,21,081,"Kentucky","Grant County",2,62,321,153,168
050,21,081,"Kentucky","Grant County",2,63,300,145,155
050,21,081,"Kentucky","Grant County",2,64,280,138,142
050,21,081,"Kentucky","Grant County",2,65,268,138,130
050,21,081,"Kentucky","Grant County",2,66,236,119,117
050,21,081,"Kentucky","Grant County",2,67,229,114,115
050,21,081,"Kentucky","Grant County",2,68,233,113,120
050,21,081,"Kentucky","Grant County",2,69,240,116,124
050,21,081,"Kentucky","Grant County",2,70,218,99,119
050,21,081,"Kentucky","Grant County",2,71,209,99,110
050,21,081,"Kentucky","Grant County",2,72,197,98,99
050,21,081,"Kentucky","Grant County",2,73,195,88,107
050,21,081,"Kentucky","Grant County",2,74,147,66,81
050,21,081,"Kentucky","Grant County",2,75,138,68,70
050,21,081,"Kentucky","Grant County",2,76,146,70,76
050,21,081,"Kentucky","Grant County",2,77,150,78,72
050,21,081,"Kentucky","Grant County",2,78,132,62,70
050,21,081,"Kentucky","Grant County",2,79,117,52,65
050,21,081,"Kentucky","Grant County",2,80,96,43,53
050,21,081,"Kentucky","Grant County",2,81,91,43,48
050,21,081,"Kentucky","Grant County",2,82,76,29,47
050,21,081,"Kentucky","Grant County",2,83,59,22,37
050,21,081,"Kentucky","Grant County",2,84,57,23,34
050,21,081,"Kentucky","Grant County",2,85,262,102,160
050,21,081,"Kentucky","Grant County",3,0,329,165,164
050,21,081,"Kentucky","Grant County",3,1,385,201,184
050,21,081,"Kentucky","Grant County",3,2,370,184,186
050,21,081,"Kentucky","Grant County",3,3,362,175,187
050,21,081,"Kentucky","Grant County",3,4,384,203,181
050,21,081,"Kentucky","Grant County",3,5,364,199,165
050,21,081,"Kentucky","Grant County",3,6,372,192,180
050,21,081,"Kentucky","Grant County",3,7,348,184,164
050,21,081,"Kentucky","Grant County",3,8,332,180,152
050,21,081,"Kentucky","Grant County",3,9,373,209,164
050,21,081,"Kentucky","Grant County",3,10,364,178,186
050,21,081,"Kentucky","Grant County",3,11,348,172,176
050,21,081,"Kentucky","Grant County",3,12,382,192,190
050,21,081,"Kentucky","Grant County",3,13,412,196,216
050,21,081,"Kentucky","Grant County",3,14,415,197,218
050,21,081,"Kentucky","Grant County",3,15,415,202,213
050,21,081,"Kentucky","Grant County",3,16,407,194,213
050,21,081,"Kentucky","Grant County",3,17,390,191,199
050,21,081,"Kentucky","Grant County",3,18,293,147,146
050,21,081,"Kentucky","Grant County",3,19,254,138,116
050,21,081,"Kentucky","Grant County",3,20,272,157,115
050,21,081,"Kentucky","Grant County",3,21,331,180,151
050,21,081,"Kentucky","Grant County",3,22,331,171,160
050,21,081,"Kentucky","Grant County",3,23,333,173,160
050,21,081,"Kentucky","Grant County",3,24,310,165,145
050,21,081,"Kentucky","Grant County",3,25,322,164,158
050,21,081,"Kentucky","Grant County",3,26,312,157,155
050,21,081,"Kentucky","Grant County",3,27,327,172,155
050,21,081,"Kentucky","Grant County",3,28,323,175,148
050,21,081,"Kentucky","Grant County",3,29,324,164,160
050,21,081,"Kentucky","Grant County",3,30,356,176,180
050,21,081,"Kentucky","Grant County",3,31,336,172,164
050,21,081,"Kentucky","Grant County",3,32,302,168,134
050,21,081,"Kentucky","Grant County",3,33,306,162,144
050,21,081,"Kentucky","Grant County",3,34,293,157,136
050,21,081,"Kentucky","Grant County",3,35,282,134,148
050,21,081,"Kentucky","Grant County",3,36,309,165,144
050,21,081,"Kentucky","Grant County",3,37,282,140,142
050,21,081,"Kentucky","Grant County",3,38,289,139,150
050,21,081,"Kentucky","Grant County",3,39,288,130,158
050,21,081,"Kentucky","Grant County",3,40,320,156,164
050,21,081,"Kentucky","Grant County",3,41,318,153,165
050,21,081,"Kentucky","Grant County",3,42,341,173,168
050,21,081,"Kentucky","Grant County",3,43,303,162,141
050,21,081,"Kentucky","Grant County",3,44,301,156,145
050,21,081,"Kentucky","Grant County",3,45,307,156,151
050,21,081,"Kentucky","Grant County",3,46,301,147,154
050,21,081,"Kentucky","Grant County",3,47,310,150,160
050,21,081,"Kentucky","Grant County",3,48,310,169,141
050,21,081,"Kentucky","Grant County",3,49,335,161,174
050,21,081,"Kentucky","Grant County",3,50,367,182,185
050,21,081,"Kentucky","Grant County",3,51,377,193,184
050,21,081,"Kentucky","Grant County",3,52,366,185,181
050,21,081,"Kentucky","Grant County",3,53,326,165,161
050,21,081,"Kentucky","Grant County",3,54,320,162,158
050,21,081,"Kentucky","Grant County",3,55,318,155,163
050,21,081,"Kentucky","Grant County",3,56,333,175,158
050,21,081,"Kentucky","Grant County",3,57,357,195,162
050,21,081,"Kentucky","Grant County",3,58,339,161,178
050,21,081,"Kentucky","Grant County",3,59,347,177,170
050,21,081,"Kentucky","Grant County",3,60,323,161,162
050,21,081,"Kentucky","Grant County",3,61,331,173,158
050,21,081,"Kentucky","Grant County",3,62,319,152,167
050,21,081,"Kentucky","Grant County",3,63,315,153,162
050,21,081,"Kentucky","Grant County",3,64,306,147,159
050,21,081,"Kentucky","Grant County",3,65,276,135,141
050,21,081,"Kentucky","Grant County",3,66,261,129,132
050,21,081,"Kentucky","Grant County",3,67,234,117,117
050,21,081,"Kentucky","Grant County",3,68,219,107,112
050,21,081,"Kentucky","Grant County",3,69,230,112,118
050,21,081,"Kentucky","Grant County",3,70,226,107,119
050,21,081,"Kentucky","Grant County",3,71,213,93,120
050,21,081,"Kentucky","Grant County",3,72,200,97,103
050,21,081,"Kentucky","Grant County",3,73,184,91,93
050,21,081,"Kentucky","Grant County",3,74,187,89,98
050,21,081,"Kentucky","Grant County",3,75,143,62,81
050,21,081,"Kentucky","Grant County",3,76,135,64,71
050,21,081,"Kentucky","Grant County",3,77,139,70,69
050,21,081,"Kentucky","Grant County",3,78,140,72,68
050,21,081,"Kentucky","Grant County",3,79,128,61,67
050,21,081,"Kentucky","Grant County",3,80,108,45,63
050,21,081,"Kentucky","Grant County",3,81,85,39,46
050,21,081,"Kentucky","Grant County",3,82,90,43,47
050,21,081,"Kentucky","Grant County",3,83,69,28,41
050,21,081,"Kentucky","Grant County",3,84,57,17,40
050,21,081,"Kentucky","Grant County",3,85,251,95,156
050,21,081,"Kentucky","Grant County",4,0,365,186,179
050,21,081,"Kentucky","Grant County",4,1,340,177,163
050,21,081,"Kentucky","Grant County",4,2,392,206,186
050,21,081,"Kentucky","Grant County",4,3,376,189,187
050,21,081,"Kentucky","Grant County",4,4,381,181,200
050,21,081,"Kentucky","Grant County",4,5,373,198,175
050,21,081,"Kentucky","Grant County",4,6,372,211,161
050,21,081,"Kentucky","Grant County",4,7,356,183,173
050,21,081,"Kentucky","Grant County",4,8,367,191,176
050,21,081,"Kentucky","Grant County",4,9,327,177,150
050,21,081,"Kentucky","Grant County",4,10,370,208,162
050,21,081,"Kentucky","Grant County",4,11,359,182,177
050,21,081,"Kentucky","Grant County",4,12,368,187,181
050,21,081,"Kentucky","Grant County",4,13,389,199,190
050,21,081,"Kentucky","Grant County",4,14,411,199,212
050,21,081,"Kentucky","Grant County",4,15,420,205,215
050,21,081,"Kentucky","Grant County",4,16,410,194,216
050,21,081,"Kentucky","Grant County",4,17,396,191,205
050,21,081,"Kentucky","Grant County",4,18,332,167,165
050,21,081,"Kentucky","Grant County",4,19,234,125,109
050,21,081,"Kentucky","Grant County",4,20,261,140,121
050,21,081,"Kentucky","Grant County",4,21,295,177,118
050,21,081,"Kentucky","Grant County",4,22,336,175,161
050,21,081,"Kentucky","Grant County",4,23,362,186,176
050,21,081,"Kentucky","Grant County",4,24,376,198,178
050,21,081,"Kentucky","Grant County",4,25,292,157,135
050,21,081,"Kentucky","Grant County",4,26,327,174,153
050,21,081,"Kentucky","Grant County",4,27,312,161,151
050,21,081,"Kentucky","Grant County",4,28,343,183,160
050,21,081,"Kentucky","Grant County",4,29,316,168,148
050,21,081,"Kentucky","Grant County",4,30,322,159,163
050,21,081,"Kentucky","Grant County",4,31,353,183,170
050,21,081,"Kentucky","Grant County",4,32,342,181,161
050,21,081,"Kentucky","Grant County",4,33,291,156,135
050,21,081,"Kentucky","Grant County",4,34,308,158,150
050,21,081,"Kentucky","Grant County",4,35,287,151,136
050,21,081,"Kentucky","Grant County",4,36,300,152,148
050,21,081,"Kentucky","Grant County",4,37,308,165,143
050,21,081,"Kentucky","Grant County",4,38,280,133,147
050,21,081,"Kentucky","Grant County",4,39,279,135,144
050,21,081,"Kentucky","Grant County",4,40,285,128,157
050,21,081,"Kentucky","Grant County",4,41,314,150,164
050,21,081,"Kentucky","Grant County",4,42,341,167,174
050,21,081,"Kentucky","Grant County",4,43,332,164,168
050,21,081,"Kentucky","Grant County",4,44,315,173,142
050,21,081,"Kentucky","Grant County",4,45,310,161,149
050,21,081,"Kentucky","Grant County",4,46,301,152,149
050,21,081,"Kentucky","Grant County",4,47,303,149,154
050,21,081,"Kentucky","Grant County",4,48,307,142,165
050,21,081,"Kentucky","Grant County",4,49,315,164,151
050,21,081,"Kentucky","Grant County",4,50,322,156,166
050,21,081,"Kentucky","Grant County",4,51,373,186,187
050,21,081,"Kentucky","Grant County",4,52,370,193,177
050,21,081,"Kentucky","Grant County",4,53,369,188,181
050,21,081,"Kentucky","Grant County",4,54,336,178,158
050,21,081,"Kentucky","Grant County",4,55,326,165,161
050,21,081,"Kentucky","Grant County",4,56,305,146,159
050,21,081,"Kentucky","Grant County",4,57,323,172,151
050,21,081,"Kentucky","Grant County",4,58,354,190,164
050,21,081,"Kentucky","Grant County",4,59,336,160,176
050,21,081,"Kentucky","Grant County",4,60,338,167,171
050,21,081,"Kentucky","Grant County",4,61,325,162,163
050,21,081,"Kentucky","Grant County",4,62,340,182,158
050,21,081,"Kentucky","Grant County",4,63,322,156,166
050,21,081,"Kentucky","Grant County",4,64,307,144,163
050,21,081,"Kentucky","Grant County",4,65,299,140,159
050,21,081,"Kentucky","Grant County",4,66,269,130,139
050,21,081,"Kentucky","Grant County",4,67,256,125,131
050,21,081,"Kentucky","Grant County",4,68,224,115,109
050,21,081,"Kentucky","Grant County",4,69,221,106,115
050,21,081,"Kentucky","Grant County",4,70,228,113,115
050,21,081,"Kentucky","Grant County",4,71,216,101,115
050,21,081,"Kentucky","Grant County",4,72,209,89,120
050,21,081,"Kentucky","Grant County",4,73,189,92,97
050,21,081,"Kentucky","Grant County",4,74,178,92,86
050,21,081,"Kentucky","Grant County",4,75,182,87,95
050,21,081,"Kentucky","Grant County",4,76,138,56,82
050,21,081,"Kentucky","Grant County",4,77,125,63,62
050,21,081,"Kentucky","Grant County",4,78,129,61,68
050,21,081,"Kentucky","Grant County",4,79,135,68,67
050,21,081,"Kentucky","Grant County",4,80,113,49,64
050,21,081,"Kentucky","Grant County",4,81,100,43,57
050,21,081,"Kentucky","Grant County",4,82,80,36,44
050,21,081,"Kentucky","Grant County",4,83,79,41,38
050,21,081,"Kentucky","Grant County",4,84,67,24,43
050,21,081,"Kentucky","Grant County",4,85,240,77,163
050,21,081,"Kentucky","Grant County",5,0,361,184,177
050,21,081,"Kentucky","Grant County",5,1,357,179,178
050,21,081,"Kentucky","Grant County",5,2,326,170,156
050,21,081,"Kentucky","Grant County",5,3,383,201,182
050,21,081,"Kentucky","Grant County",5,4,363,190,173
050,21,081,"Kentucky","Grant County",5,5,375,180,195
050,21,081,"Kentucky","Grant County",5,6,378,205,173
050,21,081,"Kentucky","Grant County",5,7,370,205,165
050,21,081,"Kentucky","Grant County",5,8,366,188,178
050,21,081,"Kentucky","Grant County",5,9,348,187,161
050,21,081,"Kentucky","Grant County",5,10,338,181,157
050,21,081,"Kentucky","Grant County",5,11,376,212,164
050,21,081,"Kentucky","Grant County",5,12,359,185,174
050,21,081,"Kentucky","Grant County",5,13,383,193,190
050,21,081,"Kentucky","Grant County",5,14,400,204,196
050,21,081,"Kentucky","Grant County",5,15,421,196,225
050,21,081,"Kentucky","Grant County",5,16,424,206,218
050,21,081,"Kentucky","Grant County",5,17,423,203,220
050,21,081,"Kentucky","Grant County",5,18,324,166,158
050,21,081,"Kentucky","Grant County",5,19,250,133,117
050,21,081,"Kentucky","Grant County",5,20,247,128,119
050,21,081,"Kentucky","Grant County",5,21,283,158,125
050,21,081,"Kentucky","Grant County",5,22,314,176,138
050,21,081,"Kentucky","Grant County",5,23,364,186,178
050,21,081,"Kentucky","Grant County",5,24,373,193,180
050,21,081,"Kentucky","Grant County",5,25,356,190,166
050,21,081,"Kentucky","Grant County",5,26,316,172,144
050,21,081,"Kentucky","Grant County",5,27,323,165,158
050,21,081,"Kentucky","Grant County",5,28,332,175,157
050,21,081,"Kentucky","Grant County",5,29,340,179,161
050,21,081,"Kentucky","Grant County",5,30,300,153,147
050,21,081,"Kentucky","Grant County",5,31,318,160,158
050,21,081,"Kentucky","Grant County",5,32,359,179,180
050,21,081,"Kentucky","Grant County",5,33,354,183,171
050,21,081,"Kentucky","Grant County",5,34,296,163,133
050,21,081,"Kentucky","Grant County",5,35,307,154,153
050,21,081,"Kentucky","Grant County",5,36,310,167,143
050,21,081,"Kentucky","Grant County",5,37,295,153,142
050,21,081,"Kentucky","Grant County",5,38,308,164,144
050,21,081,"Kentucky","Grant County",5,39,263,121,142
050,21,081,"Kentucky","Grant County",5,40,274,133,141
050,21,081,"Kentucky","Grant County",5,41,282,125,157
050,21,081,"Kentucky","Grant County",5,42,333,161,172
050,21,081,"Kentucky","Grant County",5,43,336,161,175
050,21,081,"Kentucky","Grant County",5,44,342,167,175
050,21,081,"Kentucky","Grant County",5,45,323,177,146
050,21,081,"Kentucky","Grant County",5,46,285,147,138
050,21,081,"Kentucky","Grant County",5,47,308,154,154
050,21,081,"Kentucky","Grant County",5,48,299,148,151
050,21,081,"Kentucky","Grant County",5,49,300,135,165
050,21,081,"Kentucky","Grant County",5,50,312,169,143
050,21,081,"Kentucky","Grant County",5,51,328,161,167
050,21,081,"Kentucky","Grant County",5,52,375,184,191
050,21,081,"Kentucky","Grant County",5,53,372,199,173
050,21,081,"Kentucky","Grant County",5,54,368,187,181
050,21,081,"Kentucky","Grant County",5,55,330,168,162
050,21,081,"Kentucky","Grant County",5,56,318,161,157
050,21,081,"Kentucky","Grant County",5,57,312,152,160
050,21,081,"Kentucky","Grant County",5,58,318,173,145
050,21,081,"Kentucky","Grant County",5,59,367,199,168
050,21,081,"Kentucky","Grant County",5,60,336,158,178
050,21,081,"Kentucky","Grant County",5,61,348,169,179
050,21,081,"Kentucky","Grant County",5,62,322,163,159
050,21,081,"Kentucky","Grant County",5,63,346,183,163
050,21,081,"Kentucky","Grant County",5,64,316,152,164
050,21,081,"Kentucky","Grant County",5,65,305,143,162
050,21,081,"Kentucky","Grant County",5,66,291,139,152
050,21,081,"Kentucky","Grant County",5,67,257,125,132
050,21,081,"Kentucky","Grant County",5,68,248,122,126
050,21,081,"Kentucky","Grant County",5,69,226,115,111
050,21,081,"Kentucky","Grant County",5,70,219,106,113
050,21,081,"Kentucky","Grant County",5,71,227,111,116
050,21,081,"Kentucky","Grant County",5,72,211,100,111
050,21,081,"Kentucky","Grant County",5,73,199,84,115
050,21,081,"Kentucky","Grant County",5,74,186,93,93
050,21,081,"Kentucky","Grant County",5,75,173,87,86
050,21,081,"Kentucky","Grant County",5,76,172,80,92
050,21,081,"Kentucky","Grant County",5,77,123,54,69
050,21,081,"Kentucky","Grant County",5,78,118,57,61
050,21,081,"Kentucky","Grant County",5,79,123,56,67
050,21,081,"Kentucky","Grant County",5,80,118,55,63
050,21,081,"Kentucky","Grant County",5,81,108,48,60
050,21,081,"Kentucky","Grant County",5,82,93,41,52
050,21,081,"Kentucky","Grant County",5,83,69,31,38
050,21,081,"Kentucky","Grant County",5,84,75,35,40
050,21,081,"Kentucky","Grant County",5,85,245,75,170
050,21,083,"Kentucky","Graves County",1,0,479,241,238
050,21,083,"Kentucky","Graves County",1,1,473,221,252
050,21,083,"Kentucky","Graves County",1,2,480,240,240
050,21,083,"Kentucky","Graves County",1,3,529,283,246
050,21,083,"Kentucky","Graves County",1,4,512,275,237
050,21,083,"Kentucky","Graves County",1,5,471,254,217
050,21,083,"Kentucky","Graves County",1,6,491,238,253
050,21,083,"Kentucky","Graves County",1,7,501,261,240
050,21,083,"Kentucky","Graves County",1,8,495,263,232
050,21,083,"Kentucky","Graves County",1,9,506,246,260
050,21,083,"Kentucky","Graves County",1,10,511,252,259
050,21,083,"Kentucky","Graves County",1,11,523,277,246
050,21,083,"Kentucky","Graves County",1,12,503,244,259
050,21,083,"Kentucky","Graves County",1,13,484,238,246
050,21,083,"Kentucky","Graves County",1,14,481,242,239
050,21,083,"Kentucky","Graves County",1,15,493,256,237
050,21,083,"Kentucky","Graves County",1,16,499,250,249
050,21,083,"Kentucky","Graves County",1,17,489,240,249
050,21,083,"Kentucky","Graves County",1,18,420,210,210
050,21,083,"Kentucky","Graves County",1,19,330,181,149
050,21,083,"Kentucky","Graves County",1,20,359,179,180
050,21,083,"Kentucky","Graves County",1,21,349,194,155
050,21,083,"Kentucky","Graves County",1,22,384,207,177
050,21,083,"Kentucky","Graves County",1,23,421,216,205
050,21,083,"Kentucky","Graves County",1,24,395,204,191
050,21,083,"Kentucky","Graves County",1,25,407,215,192
050,21,083,"Kentucky","Graves County",1,26,422,221,201
050,21,083,"Kentucky","Graves County",1,27,431,208,223
050,21,083,"Kentucky","Graves County",1,28,446,210,236
050,21,083,"Kentucky","Graves County",1,29,495,239,256
050,21,083,"Kentucky","Graves County",1,30,486,236,250
050,21,083,"Kentucky","Graves County",1,31,444,218,226
050,21,083,"Kentucky","Graves County",1,32,431,217,214
050,21,083,"Kentucky","Graves County",1,33,430,222,208
050,21,083,"Kentucky","Graves County",1,34,410,214,196
050,21,083,"Kentucky","Graves County",1,35,430,218,212
050,21,083,"Kentucky","Graves County",1,36,427,199,228
050,21,083,"Kentucky","Graves County",1,37,419,203,216
050,21,083,"Kentucky","Graves County",1,38,415,207,208
050,21,083,"Kentucky","Graves County",1,39,479,226,253
050,21,083,"Kentucky","Graves County",1,40,434,208,226
050,21,083,"Kentucky","Graves County",1,41,451,222,229
050,21,083,"Kentucky","Graves County",1,42,439,210,229
050,21,083,"Kentucky","Graves County",1,43,412,205,207
050,21,083,"Kentucky","Graves County",1,44,427,217,210
050,21,083,"Kentucky","Graves County",1,45,430,228,202
050,21,083,"Kentucky","Graves County",1,46,410,221,189
050,21,083,"Kentucky","Graves County",1,47,411,209,202
050,21,083,"Kentucky","Graves County",1,48,432,228,204
050,21,083,"Kentucky","Graves County",1,49,475,243,232
050,21,083,"Kentucky","Graves County",1,50,463,221,242
050,21,083,"Kentucky","Graves County",1,51,444,206,238
050,21,083,"Kentucky","Graves County",1,52,462,231,231
050,21,083,"Kentucky","Graves County",1,53,461,234,227
050,21,083,"Kentucky","Graves County",1,54,462,227,235
050,21,083,"Kentucky","Graves County",1,55,520,268,252
050,21,083,"Kentucky","Graves County",1,56,536,279,257
050,21,083,"Kentucky","Graves County",1,57,528,254,274
050,21,083,"Kentucky","Graves County",1,58,546,267,279
050,21,083,"Kentucky","Graves County",1,59,498,234,264
050,21,083,"Kentucky","Graves County",1,60,477,220,257
050,21,083,"Kentucky","Graves County",1,61,522,244,278
050,21,083,"Kentucky","Graves County",1,62,516,246,270
050,21,083,"Kentucky","Graves County",1,63,473,231,242
050,21,083,"Kentucky","Graves County",1,64,454,229,225
050,21,083,"Kentucky","Graves County",1,65,477,223,254
050,21,083,"Kentucky","Graves County",1,66,451,222,229
050,21,083,"Kentucky","Graves County",1,67,451,226,225
050,21,083,"Kentucky","Graves County",1,68,442,206,236
050,21,083,"Kentucky","Graves County",1,69,412,199,213
050,21,083,"Kentucky","Graves County",1,70,394,193,201
050,21,083,"Kentucky","Graves County",1,71,362,170,192
050,21,083,"Kentucky","Graves County",1,72,394,196,198
050,21,083,"Kentucky","Graves County",1,73,380,184,196
050,21,083,"Kentucky","Graves County",1,74,279,128,151
050,21,083,"Kentucky","Graves County",1,75,275,131,144
050,21,083,"Kentucky","Graves County",1,76,297,130,167
050,21,083,"Kentucky","Graves County",1,77,274,120,154
050,21,083,"Kentucky","Graves County",1,78,220,104,116
050,21,083,"Kentucky","Graves County",1,79,217,90,127
050,21,083,"Kentucky","Graves County",1,80,188,79,109
050,21,083,"Kentucky","Graves County",1,81,193,93,100
050,21,083,"Kentucky","Graves County",1,82,149,62,87
050,21,083,"Kentucky","Graves County",1,83,130,47,83
050,21,083,"Kentucky","Graves County",1,84,129,54,75
050,21,083,"Kentucky","Graves County",1,85,707,253,454
050,21,083,"Kentucky","Graves County",2,0,451,227,224
050,21,083,"Kentucky","Graves County",2,1,466,220,246
050,21,083,"Kentucky","Graves County",2,2,478,236,242
050,21,083,"Kentucky","Graves County",2,3,515,271,244
050,21,083,"Kentucky","Graves County",2,4,514,274,240
050,21,083,"Kentucky","Graves County",2,5,481,259,222
050,21,083,"Kentucky","Graves County",2,6,488,244,244
050,21,083,"Kentucky","Graves County",2,7,498,257,241
050,21,083,"Kentucky","Graves County",2,8,494,262,232
050,21,083,"Kentucky","Graves County",2,9,503,249,254
050,21,083,"Kentucky","Graves County",2,10,508,251,257
050,21,083,"Kentucky","Graves County",2,11,514,266,248
050,21,083,"Kentucky","Graves County",2,12,508,251,257
050,21,083,"Kentucky","Graves County",2,13,488,239,249
050,21,083,"Kentucky","Graves County",2,14,480,241,239
050,21,083,"Kentucky","Graves County",2,15,485,250,235
050,21,083,"Kentucky","Graves County",2,16,495,250,245
050,21,083,"Kentucky","Graves County",2,17,489,242,247
050,21,083,"Kentucky","Graves County",2,18,410,208,202
050,21,083,"Kentucky","Graves County",2,19,334,178,156
050,21,083,"Kentucky","Graves County",2,20,359,183,176
050,21,083,"Kentucky","Graves County",2,21,353,194,159
050,21,083,"Kentucky","Graves County",2,22,382,207,175
050,21,083,"Kentucky","Graves County",2,23,420,220,200
050,21,083,"Kentucky","Graves County",2,24,400,206,194
050,21,083,"Kentucky","Graves County",2,25,397,210,187
050,21,083,"Kentucky","Graves County",2,26,417,218,199
050,21,083,"Kentucky","Graves County",2,27,426,211,215
050,21,083,"Kentucky","Graves County",2,28,443,211,232
050,21,083,"Kentucky","Graves County",2,29,480,228,252
050,21,083,"Kentucky","Graves County",2,30,490,237,253
050,21,083,"Kentucky","Graves County",2,31,451,222,229
050,21,083,"Kentucky","Graves County",2,32,433,217,216
050,21,083,"Kentucky","Graves County",2,33,426,220,206
050,21,083,"Kentucky","Graves County",2,34,412,214,198
050,21,083,"Kentucky","Graves County",2,35,426,217,209
050,21,083,"Kentucky","Graves County",2,36,423,201,222
050,21,083,"Kentucky","Graves County",2,37,421,202,219
050,21,083,"Kentucky","Graves County",2,38,419,208,211
050,21,083,"Kentucky","Graves County",2,39,460,221,239
050,21,083,"Kentucky","Graves County",2,40,447,214,233
050,21,083,"Kentucky","Graves County",2,41,447,219,228
050,21,083,"Kentucky","Graves County",2,42,434,208,226
050,21,083,"Kentucky","Graves County",2,43,422,208,214
050,21,083,"Kentucky","Graves County",2,44,419,214,205
050,21,083,"Kentucky","Graves County",2,45,432,228,204
050,21,083,"Kentucky","Graves County",2,46,412,222,190
050,21,083,"Kentucky","Graves County",2,47,407,210,197
050,21,083,"Kentucky","Graves County",2,48,424,222,202
050,21,083,"Kentucky","Graves County",2,49,466,240,226
050,21,083,"Kentucky","Graves County",2,50,468,227,241
050,21,083,"Kentucky","Graves County",2,51,450,211,239
050,21,083,"Kentucky","Graves County",2,52,456,224,232
050,21,083,"Kentucky","Graves County",2,53,461,235,226
050,21,083,"Kentucky","Graves County",2,54,462,230,232
050,21,083,"Kentucky","Graves County",2,55,502,255,247
050,21,083,"Kentucky","Graves County",2,56,532,275,257
050,21,083,"Kentucky","Graves County",2,57,531,259,272
050,21,083,"Kentucky","Graves County",2,58,543,264,279
050,21,083,"Kentucky","Graves County",2,59,510,241,269
050,21,083,"Kentucky","Graves County",2,60,480,221,259
050,21,083,"Kentucky","Graves County",2,61,507,238,269
050,21,083,"Kentucky","Graves County",2,62,515,243,272
050,21,083,"Kentucky","Graves County",2,63,485,235,250
050,21,083,"Kentucky","Graves County",2,64,454,226,228
050,21,083,"Kentucky","Graves County",2,65,470,223,247
050,21,083,"Kentucky","Graves County",2,66,454,220,234
050,21,083,"Kentucky","Graves County",2,67,447,224,223
050,21,083,"Kentucky","Graves County",2,68,438,208,230
050,21,083,"Kentucky","Graves County",2,69,420,200,220
050,21,083,"Kentucky","Graves County",2,70,391,192,199
050,21,083,"Kentucky","Graves County",2,71,368,175,193
050,21,083,"Kentucky","Graves County",2,72,379,186,193
050,21,083,"Kentucky","Graves County",2,73,405,196,209
050,21,083,"Kentucky","Graves County",2,74,282,132,150
050,21,083,"Kentucky","Graves County",2,75,272,128,144
050,21,083,"Kentucky","Graves County",2,76,291,129,162
050,21,083,"Kentucky","Graves County",2,77,280,122,158
050,21,083,"Kentucky","Graves County",2,78,226,105,121
050,21,083,"Kentucky","Graves County",2,79,215,93,122
050,21,083,"Kentucky","Graves County",2,80,194,81,113
050,21,083,"Kentucky","Graves County",2,81,186,85,101
050,21,083,"Kentucky","Graves County",2,82,155,66,89
050,21,083,"Kentucky","Graves County",2,83,135,50,85
050,21,083,"Kentucky","Graves County",2,84,121,49,72
050,21,083,"Kentucky","Graves County",2,85,696,253,443
050,21,083,"Kentucky","Graves County",3,0,445,232,213
050,21,083,"Kentucky","Graves County",3,1,459,236,223
050,21,083,"Kentucky","Graves County",3,2,457,216,241
050,21,083,"Kentucky","Graves County",3,3,513,247,266
050,21,083,"Kentucky","Graves County",3,4,532,278,254
050,21,083,"Kentucky","Graves County",3,5,512,270,242
050,21,083,"Kentucky","Graves County",3,6,477,261,216
050,21,083,"Kentucky","Graves County",3,7,501,252,249
050,21,083,"Kentucky","Graves County",3,8,494,250,244
050,21,083,"Kentucky","Graves County",3,9,494,260,234
050,21,083,"Kentucky","Graves County",3,10,503,251,252
050,21,083,"Kentucky","Graves County",3,11,515,253,262
050,21,083,"Kentucky","Graves County",3,12,518,267,251
050,21,083,"Kentucky","Graves County",3,13,515,258,257
050,21,083,"Kentucky","Graves County",3,14,487,236,251
050,21,083,"Kentucky","Graves County",3,15,482,237,245
050,21,083,"Kentucky","Graves County",3,16,489,252,237
050,21,083,"Kentucky","Graves County",3,17,515,263,252
050,21,083,"Kentucky","Graves County",3,18,400,206,194
050,21,083,"Kentucky","Graves County",3,19,352,180,172
050,21,083,"Kentucky","Graves County",3,20,350,183,167
050,21,083,"Kentucky","Graves County",3,21,392,201,191
050,21,083,"Kentucky","Graves County",3,22,386,211,175
050,21,083,"Kentucky","Graves County",3,23,403,219,184
050,21,083,"Kentucky","Graves County",3,24,439,228,211
050,21,083,"Kentucky","Graves County",3,25,407,211,196
050,21,083,"Kentucky","Graves County",3,26,403,209,194
050,21,083,"Kentucky","Graves County",3,27,423,218,205
050,21,083,"Kentucky","Graves County",3,28,443,225,218
050,21,083,"Kentucky","Graves County",3,29,435,201,234
050,21,083,"Kentucky","Graves County",3,30,479,227,252
050,21,083,"Kentucky","Graves County",3,31,491,228,263
050,21,083,"Kentucky","Graves County",3,32,455,220,235
050,21,083,"Kentucky","Graves County",3,33,423,200,223
050,21,083,"Kentucky","Graves County",3,34,418,207,211
050,21,083,"Kentucky","Graves County",3,35,421,226,195
050,21,083,"Kentucky","Graves County",3,36,427,218,209
050,21,083,"Kentucky","Graves County",3,37,442,209,233
050,21,083,"Kentucky","Graves County",3,38,432,212,220
050,21,083,"Kentucky","Graves County",3,39,428,211,217
050,21,083,"Kentucky","Graves County",3,40,456,221,235
050,21,083,"Kentucky","Graves County",3,41,459,219,240
050,21,083,"Kentucky","Graves County",3,42,434,208,226
050,21,083,"Kentucky","Graves County",3,43,434,208,226
050,21,083,"Kentucky","Graves County",3,44,424,217,207
050,21,083,"Kentucky","Graves County",3,45,418,215,203
050,21,083,"Kentucky","Graves County",3,46,429,232,197
050,21,083,"Kentucky","Graves County",3,47,399,216,183
050,21,083,"Kentucky","Graves County",3,48,407,208,199
050,21,083,"Kentucky","Graves County",3,49,431,225,206
050,21,083,"Kentucky","Graves County",3,50,472,246,226
050,21,083,"Kentucky","Graves County",3,51,477,228,249
050,21,083,"Kentucky","Graves County",3,52,447,208,239
050,21,083,"Kentucky","Graves County",3,53,453,229,224
050,21,083,"Kentucky","Graves County",3,54,461,234,227
050,21,083,"Kentucky","Graves County",3,55,452,218,234
050,21,083,"Kentucky","Graves County",3,56,492,251,241
050,21,083,"Kentucky","Graves County",3,57,535,277,258
050,21,083,"Kentucky","Graves County",3,58,529,254,275
050,21,083,"Kentucky","Graves County",3,59,545,260,285
050,21,083,"Kentucky","Graves County",3,60,507,239,268
050,21,083,"Kentucky","Graves County",3,61,476,219,257
050,21,083,"Kentucky","Graves County",3,62,491,238,253
050,21,083,"Kentucky","Graves County",3,63,502,239,263
050,21,083,"Kentucky","Graves County",3,64,479,234,245
050,21,083,"Kentucky","Graves County",3,65,445,221,224
050,21,083,"Kentucky","Graves County",3,66,456,214,242
050,21,083,"Kentucky","Graves County",3,67,454,217,237
050,21,083,"Kentucky","Graves County",3,68,434,218,216
050,21,083,"Kentucky","Graves County",3,69,425,203,222
050,21,083,"Kentucky","Graves County",3,70,411,197,214
050,21,083,"Kentucky","Graves County",3,71,388,190,198
050,21,083,"Kentucky","Graves County",3,72,362,170,192
050,21,083,"Kentucky","Graves County",3,73,369,177,192
050,21,083,"Kentucky","Graves County",3,74,384,184,200
050,21,083,"Kentucky","Graves County",3,75,266,121,145
050,21,083,"Kentucky","Graves County",3,76,272,123,149
050,21,083,"Kentucky","Graves County",3,77,285,127,158
050,21,083,"Kentucky","Graves County",3,78,257,114,143
050,21,083,"Kentucky","Graves County",3,79,213,98,115
050,21,083,"Kentucky","Graves County",3,80,197,83,114
050,21,083,"Kentucky","Graves County",3,81,180,75,105
050,21,083,"Kentucky","Graves County",3,82,162,73,89
050,21,083,"Kentucky","Graves County",3,83,153,65,88
050,21,083,"Kentucky","Graves County",3,84,122,44,78
050,21,083,"Kentucky","Graves County",3,85,672,246,426
050,21,083,"Kentucky","Graves County",4,0,463,246,217
050,21,083,"Kentucky","Graves County",4,1,451,238,213
050,21,083,"Kentucky","Graves County",4,2,471,246,225
050,21,083,"Kentucky","Graves County",4,3,455,220,235
050,21,083,"Kentucky","Graves County",4,4,513,259,254
050,21,083,"Kentucky","Graves County",4,5,517,269,248
050,21,083,"Kentucky","Graves County",4,6,524,279,245
050,21,083,"Kentucky","Graves County",4,7,489,273,216
050,21,083,"Kentucky","Graves County",4,8,493,246,247
050,21,083,"Kentucky","Graves County",4,9,485,247,238
050,21,083,"Kentucky","Graves County",4,10,493,267,226
050,21,083,"Kentucky","Graves County",4,11,504,245,259
050,21,083,"Kentucky","Graves County",4,12,519,252,267
050,21,083,"Kentucky","Graves County",4,13,521,270,251
050,21,083,"Kentucky","Graves County",4,14,517,258,259
050,21,083,"Kentucky","Graves County",4,15,492,241,251
050,21,083,"Kentucky","Graves County",4,16,477,240,237
050,21,083,"Kentucky","Graves County",4,17,486,254,232
050,21,083,"Kentucky","Graves County",4,18,432,229,203
050,21,083,"Kentucky","Graves County",4,19,312,162,150
050,21,083,"Kentucky","Graves County",4,20,349,181,168
050,21,083,"Kentucky","Graves County",4,21,360,188,172
050,21,083,"Kentucky","Graves County",4,22,408,211,197
050,21,083,"Kentucky","Graves County",4,23,390,210,180
050,21,083,"Kentucky","Graves County",4,24,408,226,182
050,21,083,"Kentucky","Graves County",4,25,426,218,208
050,21,083,"Kentucky","Graves County",4,26,410,210,200
050,21,083,"Kentucky","Graves County",4,27,402,204,198
050,21,083,"Kentucky","Graves County",4,28,444,235,209
050,21,083,"Kentucky","Graves County",4,29,437,224,213
050,21,083,"Kentucky","Graves County",4,30,442,201,241
050,21,083,"Kentucky","Graves County",4,31,483,232,251
050,21,083,"Kentucky","Graves County",4,32,485,220,265
050,21,083,"Kentucky","Graves County",4,33,476,232,244
050,21,083,"Kentucky","Graves County",4,34,431,200,231
050,21,083,"Kentucky","Graves County",4,35,429,221,208
050,21,083,"Kentucky","Graves County",4,36,421,232,189
050,21,083,"Kentucky","Graves County",4,37,421,212,209
050,21,083,"Kentucky","Graves County",4,38,434,207,227
050,21,083,"Kentucky","Graves County",4,39,432,218,214
050,21,083,"Kentucky","Graves County",4,40,427,214,213
050,21,083,"Kentucky","Graves County",4,41,446,221,225
050,21,083,"Kentucky","Graves County",4,42,445,204,241
050,21,083,"Kentucky","Graves County",4,43,437,204,233
050,21,083,"Kentucky","Graves County",4,44,433,209,224
050,21,083,"Kentucky","Graves County",4,45,413,215,198
050,21,083,"Kentucky","Graves County",4,46,405,206,199
050,21,083,"Kentucky","Graves County",4,47,433,227,206
050,21,083,"Kentucky","Graves County",4,48,402,219,183
050,21,083,"Kentucky","Graves County",4,49,417,210,207
050,21,083,"Kentucky","Graves County",4,50,431,232,199
050,21,083,"Kentucky","Graves County",4,51,471,242,229
050,21,083,"Kentucky","Graves County",4,52,472,222,250
050,21,083,"Kentucky","Graves County",4,53,440,203,237
050,21,083,"Kentucky","Graves County",4,54,457,227,230
050,21,083,"Kentucky","Graves County",4,55,465,234,231
050,21,083,"Kentucky","Graves County",4,56,460,225,235
050,21,083,"Kentucky","Graves County",4,57,492,259,233
050,21,083,"Kentucky","Graves County",4,58,539,276,263
050,21,083,"Kentucky","Graves County",4,59,520,257,263
050,21,083,"Kentucky","Graves County",4,60,541,260,281
050,21,083,"Kentucky","Graves County",4,61,494,230,264
050,21,083,"Kentucky","Graves County",4,62,462,213,249
050,21,083,"Kentucky","Graves County",4,63,485,229,256
050,21,083,"Kentucky","Graves County",4,64,488,233,255
050,21,083,"Kentucky","Graves County",4,65,461,227,234
050,21,083,"Kentucky","Graves County",4,66,432,211,221
050,21,083,"Kentucky","Graves County",4,67,447,214,233
050,21,083,"Kentucky","Graves County",4,68,444,215,229
050,21,083,"Kentucky","Graves County",4,69,417,206,211
050,21,083,"Kentucky","Graves County",4,70,403,193,210
050,21,083,"Kentucky","Graves County",4,71,397,192,205
050,21,083,"Kentucky","Graves County",4,72,377,181,196
050,21,083,"Kentucky","Graves County",4,73,348,161,187
050,21,083,"Kentucky","Graves County",4,74,354,170,184
050,21,083,"Kentucky","Graves County",4,75,359,172,187
050,21,083,"Kentucky","Graves County",4,76,252,116,136
050,21,083,"Kentucky","Graves County",4,77,258,111,147
050,21,083,"Kentucky","Graves County",4,78,259,115,144
050,21,083,"Kentucky","Graves County",4,79,236,105,131
050,21,083,"Kentucky","Graves County",4,80,196,90,106
050,21,083,"Kentucky","Graves County",4,81,185,72,113
050,21,083,"Kentucky","Graves County",4,82,156,66,90
050,21,083,"Kentucky","Graves County",4,83,156,71,85
050,21,083,"Kentucky","Graves County",4,84,140,63,77
050,21,083,"Kentucky","Graves County",4,85,639,232,407
050,21,083,"Kentucky","Graves County",5,0,458,245,213
050,21,083,"Kentucky","Graves County",5,1,468,244,224
050,21,083,"Kentucky","Graves County",5,2,450,234,216
050,21,083,"Kentucky","Graves County",5,3,480,248,232
050,21,083,"Kentucky","Graves County",5,4,456,219,237
050,21,083,"Kentucky","Graves County",5,5,511,252,259
050,21,083,"Kentucky","Graves County",5,6,521,272,249
050,21,083,"Kentucky","Graves County",5,7,525,283,242
050,21,083,"Kentucky","Graves County",5,8,492,278,214
050,21,083,"Kentucky","Graves County",5,9,496,251,245
050,21,083,"Kentucky","Graves County",5,10,491,256,235
050,21,083,"Kentucky","Graves County",5,11,486,258,228
050,21,083,"Kentucky","Graves County",5,12,500,245,255
050,21,083,"Kentucky","Graves County",5,13,513,253,260
050,21,083,"Kentucky","Graves County",5,14,515,260,255
050,21,083,"Kentucky","Graves County",5,15,519,263,256
050,21,083,"Kentucky","Graves County",5,16,486,237,249
050,21,083,"Kentucky","Graves County",5,17,469,240,229
050,21,083,"Kentucky","Graves County",5,18,394,209,185
050,21,083,"Kentucky","Graves County",5,19,347,192,155
050,21,083,"Kentucky","Graves County",5,20,334,166,168
050,21,083,"Kentucky","Graves County",5,21,366,185,181
050,21,083,"Kentucky","Graves County",5,22,400,203,197
050,21,083,"Kentucky","Graves County",5,23,422,215,207
050,21,083,"Kentucky","Graves County",5,24,387,204,183
050,21,083,"Kentucky","Graves County",5,25,418,224,194
050,21,083,"Kentucky","Graves County",5,26,440,233,207
050,21,083,"Kentucky","Graves County",5,27,404,199,205
050,21,083,"Kentucky","Graves County",5,28,394,200,194
050,21,083,"Kentucky","Graves County",5,29,425,216,209
050,21,083,"Kentucky","Graves County",5,30,439,229,210
050,21,083,"Kentucky","Graves County",5,31,440,201,239
050,21,083,"Kentucky","Graves County",5,32,484,234,250
050,21,083,"Kentucky","Graves County",5,33,468,206,262
050,21,083,"Kentucky","Graves County",5,34,481,233,248
050,21,083,"Kentucky","Graves County",5,35,441,209,232
050,21,083,"Kentucky","Graves County",5,36,417,210,207
050,21,083,"Kentucky","Graves County",5,37,413,224,189
050,21,083,"Kentucky","Graves County",5,38,423,214,209
050,21,083,"Kentucky","Graves County",5,39,435,207,228
050,21,083,"Kentucky","Graves County",5,40,442,223,219
050,21,083,"Kentucky","Graves County",5,41,427,216,211
050,21,083,"Kentucky","Graves County",5,42,432,216,216
050,21,083,"Kentucky","Graves County",5,43,452,211,241
050,21,083,"Kentucky","Graves County",5,44,441,204,237
050,21,083,"Kentucky","Graves County",5,45,450,220,230
050,21,083,"Kentucky","Graves County",5,46,425,227,198
050,21,083,"Kentucky","Graves County",5,47,399,199,200
050,21,083,"Kentucky","Graves County",5,48,430,229,201
050,21,083,"Kentucky","Graves County",5,49,419,232,187
050,21,083,"Kentucky","Graves County",5,50,423,214,209
050,21,083,"Kentucky","Graves County",5,51,436,233,203
050,21,083,"Kentucky","Graves County",5,52,466,238,228
050,21,083,"Kentucky","Graves County",5,53,465,221,244
050,21,083,"Kentucky","Graves County",5,54,436,203,233
050,21,083,"Kentucky","Graves County",5,55,444,218,226
050,21,083,"Kentucky","Graves County",5,56,454,230,224
050,21,083,"Kentucky","Graves County",5,57,460,225,235
050,21,083,"Kentucky","Graves County",5,58,480,252,228
050,21,083,"Kentucky","Graves County",5,59,550,284,266
050,21,083,"Kentucky","Graves County",5,60,521,258,263
050,21,083,"Kentucky","Graves County",5,61,542,258,284
050,21,083,"Kentucky","Graves County",5,62,484,223,261
050,21,083,"Kentucky","Graves County",5,63,456,206,250
050,21,083,"Kentucky","Graves County",5,64,481,229,252
050,21,083,"Kentucky","Graves County",5,65,487,235,252
050,21,083,"Kentucky","Graves County",5,66,452,223,229
050,21,083,"Kentucky","Graves County",5,67,427,203,224
050,21,083,"Kentucky","Graves County",5,68,434,204,230
050,21,083,"Kentucky","Graves County",5,69,424,203,221
050,21,083,"Kentucky","Graves County",5,70,399,200,199
050,21,083,"Kentucky","Graves County",5,71,391,189,202
050,21,083,"Kentucky","Graves County",5,72,391,187,204
050,21,083,"Kentucky","Graves County",5,73,363,175,188
050,21,083,"Kentucky","Graves County",5,74,333,152,181
050,21,083,"Kentucky","Graves County",5,75,338,158,180
050,21,083,"Kentucky","Graves County",5,76,345,167,178
050,21,083,"Kentucky","Graves County",5,77,246,115,131
050,21,083,"Kentucky","Graves County",5,78,238,103,135
050,21,083,"Kentucky","Graves County",5,79,247,109,138
050,21,083,"Kentucky","Graves County",5,80,224,101,123
050,21,083,"Kentucky","Graves County",5,81,185,81,104
050,21,083,"Kentucky","Graves County",5,82,162,64,98
050,21,083,"Kentucky","Graves County",5,83,149,64,85
050,21,083,"Kentucky","Graves County",5,84,145,68,77
050,21,083,"Kentucky","Graves County",5,85,658,251,407
050,21,085,"Kentucky","Grayson County",1,0,312,158,154
050,21,085,"Kentucky","Grayson County",1,1,311,163,148
050,21,085,"Kentucky","Grayson County",1,2,327,170,157
050,21,085,"Kentucky","Grayson County",1,3,335,177,158
050,21,085,"Kentucky","Grayson County",1,4,360,182,178
050,21,085,"Kentucky","Grayson County",1,5,358,173,185
050,21,085,"Kentucky","Grayson County",1,6,335,164,171
050,21,085,"Kentucky","Grayson County",1,7,346,179,167
050,21,085,"Kentucky","Grayson County",1,8,343,178,165
050,21,085,"Kentucky","Grayson County",1,9,319,150,169
050,21,085,"Kentucky","Grayson County",1,10,349,185,164
050,21,085,"Kentucky","Grayson County",1,11,337,187,150
050,21,085,"Kentucky","Grayson County",1,12,355,201,154
050,21,085,"Kentucky","Grayson County",1,13,373,202,171
050,21,085,"Kentucky","Grayson County",1,14,365,185,180
050,21,085,"Kentucky","Grayson County",1,15,369,190,179
050,21,085,"Kentucky","Grayson County",1,16,370,199,171
050,21,085,"Kentucky","Grayson County",1,17,359,199,160
050,21,085,"Kentucky","Grayson County",1,18,307,160,147
050,21,085,"Kentucky","Grayson County",1,19,267,146,121
050,21,085,"Kentucky","Grayson County",1,20,256,133,123
050,21,085,"Kentucky","Grayson County",1,21,275,138,137
050,21,085,"Kentucky","Grayson County",1,22,294,150,144
050,21,085,"Kentucky","Grayson County",1,23,298,156,142
050,21,085,"Kentucky","Grayson County",1,24,330,181,149
050,21,085,"Kentucky","Grayson County",1,25,326,176,150
050,21,085,"Kentucky","Grayson County",1,26,313,160,153
050,21,085,"Kentucky","Grayson County",1,27,351,176,175
050,21,085,"Kentucky","Grayson County",1,28,347,175,172
050,21,085,"Kentucky","Grayson County",1,29,346,168,178
050,21,085,"Kentucky","Grayson County",1,30,375,184,191
050,21,085,"Kentucky","Grayson County",1,31,313,156,157
050,21,085,"Kentucky","Grayson County",1,32,273,140,133
050,21,085,"Kentucky","Grayson County",1,33,305,164,141
050,21,085,"Kentucky","Grayson County",1,34,292,162,130
050,21,085,"Kentucky","Grayson County",1,35,297,155,142
050,21,085,"Kentucky","Grayson County",1,36,289,161,128
050,21,085,"Kentucky","Grayson County",1,37,300,164,136
050,21,085,"Kentucky","Grayson County",1,38,327,169,158
050,21,085,"Kentucky","Grayson County",1,39,334,173,161
050,21,085,"Kentucky","Grayson County",1,40,342,175,167
050,21,085,"Kentucky","Grayson County",1,41,334,173,161
050,21,085,"Kentucky","Grayson County",1,42,318,168,150
050,21,085,"Kentucky","Grayson County",1,43,303,157,146
050,21,085,"Kentucky","Grayson County",1,44,316,161,155
050,21,085,"Kentucky","Grayson County",1,45,339,180,159
050,21,085,"Kentucky","Grayson County",1,46,316,151,165
050,21,085,"Kentucky","Grayson County",1,47,322,156,166
050,21,085,"Kentucky","Grayson County",1,48,350,178,172
050,21,085,"Kentucky","Grayson County",1,49,330,172,158
050,21,085,"Kentucky","Grayson County",1,50,320,166,154
050,21,085,"Kentucky","Grayson County",1,51,325,177,148
050,21,085,"Kentucky","Grayson County",1,52,310,162,148
050,21,085,"Kentucky","Grayson County",1,53,333,181,152
050,21,085,"Kentucky","Grayson County",1,54,342,172,170
050,21,085,"Kentucky","Grayson County",1,55,365,176,189
050,21,085,"Kentucky","Grayson County",1,56,378,193,185
050,21,085,"Kentucky","Grayson County",1,57,384,196,188
050,21,085,"Kentucky","Grayson County",1,58,394,219,175
050,21,085,"Kentucky","Grayson County",1,59,384,214,170
050,21,085,"Kentucky","Grayson County",1,60,401,196,205
050,21,085,"Kentucky","Grayson County",1,61,395,185,210
050,21,085,"Kentucky","Grayson County",1,62,367,167,200
050,21,085,"Kentucky","Grayson County",1,63,352,168,184
050,21,085,"Kentucky","Grayson County",1,64,344,180,164
050,21,085,"Kentucky","Grayson County",1,65,338,167,171
050,21,085,"Kentucky","Grayson County",1,66,336,162,174
050,21,085,"Kentucky","Grayson County",1,67,338,166,172
050,21,085,"Kentucky","Grayson County",1,68,328,154,174
050,21,085,"Kentucky","Grayson County",1,69,320,146,174
050,21,085,"Kentucky","Grayson County",1,70,299,145,154
050,21,085,"Kentucky","Grayson County",1,71,269,132,137
050,21,085,"Kentucky","Grayson County",1,72,269,131,138
050,21,085,"Kentucky","Grayson County",1,73,269,134,135
050,21,085,"Kentucky","Grayson County",1,74,183,84,99
050,21,085,"Kentucky","Grayson County",1,75,187,85,102
050,21,085,"Kentucky","Grayson County",1,76,189,91,98
050,21,085,"Kentucky","Grayson County",1,77,202,83,119
050,21,085,"Kentucky","Grayson County",1,78,160,72,88
050,21,085,"Kentucky","Grayson County",1,79,144,67,77
050,21,085,"Kentucky","Grayson County",1,80,133,60,73
050,21,085,"Kentucky","Grayson County",1,81,110,54,56
050,21,085,"Kentucky","Grayson County",1,82,105,44,61
050,21,085,"Kentucky","Grayson County",1,83,99,45,54
050,21,085,"Kentucky","Grayson County",1,84,87,38,49
050,21,085,"Kentucky","Grayson County",1,85,354,119,235
050,21,085,"Kentucky","Grayson County",2,0,322,166,156
050,21,085,"Kentucky","Grayson County",2,1,313,163,150
050,21,085,"Kentucky","Grayson County",2,2,327,170,157
050,21,085,"Kentucky","Grayson County",2,3,338,178,160
050,21,085,"Kentucky","Grayson County",2,4,354,180,174
050,21,085,"Kentucky","Grayson County",2,5,361,178,183
050,21,085,"Kentucky","Grayson County",2,6,343,169,174
050,21,085,"Kentucky","Grayson County",2,7,341,176,165
050,21,085,"Kentucky","Grayson County",2,8,340,176,164
050,21,085,"Kentucky","Grayson County",2,9,325,158,167
050,21,085,"Kentucky","Grayson County",2,10,342,176,166
050,21,085,"Kentucky","Grayson County",2,11,337,184,153
050,21,085,"Kentucky","Grayson County",2,12,350,197,153
050,21,085,"Kentucky","Grayson County",2,13,368,201,167
050,21,085,"Kentucky","Grayson County",2,14,366,189,177
050,21,085,"Kentucky","Grayson County",2,15,367,189,178
050,21,085,"Kentucky","Grayson County",2,16,371,200,171
050,21,085,"Kentucky","Grayson County",2,17,364,201,163
050,21,085,"Kentucky","Grayson County",2,18,305,164,141
050,21,085,"Kentucky","Grayson County",2,19,263,142,121
050,21,085,"Kentucky","Grayson County",2,20,263,138,125
050,21,085,"Kentucky","Grayson County",2,21,276,139,137
050,21,085,"Kentucky","Grayson County",2,22,295,150,145
050,21,085,"Kentucky","Grayson County",2,23,302,156,146
050,21,085,"Kentucky","Grayson County",2,24,323,175,148
050,21,085,"Kentucky","Grayson County",2,25,327,176,151
050,21,085,"Kentucky","Grayson County",2,26,323,165,158
050,21,085,"Kentucky","Grayson County",2,27,345,174,171
050,21,085,"Kentucky","Grayson County",2,28,347,173,174
050,21,085,"Kentucky","Grayson County",2,29,346,170,176
050,21,085,"Kentucky","Grayson County",2,30,373,183,190
050,21,085,"Kentucky","Grayson County",2,31,326,162,164
050,21,085,"Kentucky","Grayson County",2,32,280,142,138
050,21,085,"Kentucky","Grayson County",2,33,296,158,138
050,21,085,"Kentucky","Grayson County",2,34,295,161,134
050,21,085,"Kentucky","Grayson County",2,35,297,157,140
050,21,085,"Kentucky","Grayson County",2,36,290,161,129
050,21,085,"Kentucky","Grayson County",2,37,299,164,135
050,21,085,"Kentucky","Grayson County",2,38,322,169,153
050,21,085,"Kentucky","Grayson County",2,39,328,168,160
050,21,085,"Kentucky","Grayson County",2,40,341,174,167
050,21,085,"Kentucky","Grayson County",2,41,333,172,161
050,21,085,"Kentucky","Grayson County",2,42,321,169,152
050,21,085,"Kentucky","Grayson County",2,43,310,163,147
050,21,085,"Kentucky","Grayson County",2,44,309,158,151
050,21,085,"Kentucky","Grayson County",2,45,339,179,160
050,21,085,"Kentucky","Grayson County",2,46,317,155,162
050,21,085,"Kentucky","Grayson County",2,47,321,155,166
050,21,085,"Kentucky","Grayson County",2,48,339,171,168
050,21,085,"Kentucky","Grayson County",2,49,338,176,162
050,21,085,"Kentucky","Grayson County",2,50,323,168,155
050,21,085,"Kentucky","Grayson County",2,51,325,176,149
050,21,085,"Kentucky","Grayson County",2,52,310,164,146
050,21,085,"Kentucky","Grayson County",2,53,328,177,151
050,21,085,"Kentucky","Grayson County",2,54,340,173,167
050,21,085,"Kentucky","Grayson County",2,55,357,173,184
050,21,085,"Kentucky","Grayson County",2,56,378,190,188
050,21,085,"Kentucky","Grayson County",2,57,385,197,188
050,21,085,"Kentucky","Grayson County",2,58,394,215,179
050,21,085,"Kentucky","Grayson County",2,59,386,214,172
050,21,085,"Kentucky","Grayson County",2,60,395,198,197
050,21,085,"Kentucky","Grayson County",2,61,392,186,206
050,21,085,"Kentucky","Grayson County",2,62,372,168,204
050,21,085,"Kentucky","Grayson County",2,63,360,169,191
050,21,085,"Kentucky","Grayson County",2,64,342,176,166
050,21,085,"Kentucky","Grayson County",2,65,339,170,169
050,21,085,"Kentucky","Grayson County",2,66,334,161,173
050,21,085,"Kentucky","Grayson County",2,67,338,165,173
050,21,085,"Kentucky","Grayson County",2,68,328,155,173
050,21,085,"Kentucky","Grayson County",2,69,323,147,176
050,21,085,"Kentucky","Grayson County",2,70,303,144,159
050,21,085,"Kentucky","Grayson County",2,71,277,135,142
050,21,085,"Kentucky","Grayson County",2,72,263,128,135
050,21,085,"Kentucky","Grayson County",2,73,282,139,143
050,21,085,"Kentucky","Grayson County",2,74,191,90,101
050,21,085,"Kentucky","Grayson County",2,75,187,85,102
050,21,085,"Kentucky","Grayson County",2,76,187,89,98
050,21,085,"Kentucky","Grayson County",2,77,200,86,114
050,21,085,"Kentucky","Grayson County",2,78,164,71,93
050,21,085,"Kentucky","Grayson County",2,79,147,68,79
050,21,085,"Kentucky","Grayson County",2,80,134,60,74
050,21,085,"Kentucky","Grayson County",2,81,109,52,57
050,21,085,"Kentucky","Grayson County",2,82,103,44,59
050,21,085,"Kentucky","Grayson County",2,83,98,43,55
050,21,085,"Kentucky","Grayson County",2,84,90,40,50
050,21,085,"Kentucky","Grayson County",2,85,358,123,235
050,21,085,"Kentucky","Grayson County",3,0,334,188,146
050,21,085,"Kentucky","Grayson County",3,1,328,177,151
050,21,085,"Kentucky","Grayson County",3,2,320,167,153
050,21,085,"Kentucky","Grayson County",3,3,302,154,148
050,21,085,"Kentucky","Grayson County",3,4,336,179,157
050,21,085,"Kentucky","Grayson County",3,5,340,167,173
050,21,085,"Kentucky","Grayson County",3,6,376,183,193
050,21,085,"Kentucky","Grayson County",3,7,342,166,176
050,21,085,"Kentucky","Grayson County",3,8,346,176,170
050,21,085,"Kentucky","Grayson County",3,9,341,176,165
050,21,085,"Kentucky","Grayson County",3,10,319,155,164
050,21,085,"Kentucky","Grayson County",3,11,337,176,161
050,21,085,"Kentucky","Grayson County",3,12,340,188,152
050,21,085,"Kentucky","Grayson County",3,13,343,190,153
050,21,085,"Kentucky","Grayson County",3,14,370,199,171
050,21,085,"Kentucky","Grayson County",3,15,367,185,182
050,21,085,"Kentucky","Grayson County",3,16,364,178,186
050,21,085,"Kentucky","Grayson County",3,17,365,204,161
050,21,085,"Kentucky","Grayson County",3,18,309,172,137
050,21,085,"Kentucky","Grayson County",3,19,251,133,118
050,21,085,"Kentucky","Grayson County",3,20,278,149,129
050,21,085,"Kentucky","Grayson County",3,21,278,154,124
050,21,085,"Kentucky","Grayson County",3,22,292,150,142
050,21,085,"Kentucky","Grayson County",3,23,301,157,144
050,21,085,"Kentucky","Grayson County",3,24,316,159,157
050,21,085,"Kentucky","Grayson County",3,25,328,180,148
050,21,085,"Kentucky","Grayson County",3,26,327,169,158
050,21,085,"Kentucky","Grayson County",3,27,324,168,156
050,21,085,"Kentucky","Grayson County",3,28,323,151,172
050,21,085,"Kentucky","Grayson County",3,29,346,180,166
050,21,085,"Kentucky","Grayson County",3,30,350,178,172
050,21,085,"Kentucky","Grayson County",3,31,367,184,183
050,21,085,"Kentucky","Grayson County",3,32,310,149,161
050,21,085,"Kentucky","Grayson County",3,33,286,151,135
050,21,085,"Kentucky","Grayson County",3,34,311,156,155
050,21,085,"Kentucky","Grayson County",3,35,291,162,129
050,21,085,"Kentucky","Grayson County",3,36,301,167,134
050,21,085,"Kentucky","Grayson County",3,37,291,159,132
050,21,085,"Kentucky","Grayson County",3,38,300,162,138
050,21,085,"Kentucky","Grayson County",3,39,330,168,162
050,21,085,"Kentucky","Grayson County",3,40,327,171,156
050,21,085,"Kentucky","Grayson County",3,41,343,172,171
050,21,085,"Kentucky","Grayson County",3,42,337,171,166
050,21,085,"Kentucky","Grayson County",3,43,319,169,150
050,21,085,"Kentucky","Grayson County",3,44,328,169,159
050,21,085,"Kentucky","Grayson County",3,45,322,171,151
050,21,085,"Kentucky","Grayson County",3,46,342,174,168
050,21,085,"Kentucky","Grayson County",3,47,322,162,160
050,21,085,"Kentucky","Grayson County",3,48,324,147,177
050,21,085,"Kentucky","Grayson County",3,49,340,169,171
050,21,085,"Kentucky","Grayson County",3,50,345,172,173
050,21,085,"Kentucky","Grayson County",3,51,334,176,158
050,21,085,"Kentucky","Grayson County",3,52,316,166,150
050,21,085,"Kentucky","Grayson County",3,53,312,167,145
050,21,085,"Kentucky","Grayson County",3,54,340,182,158
050,21,085,"Kentucky","Grayson County",3,55,348,184,164
050,21,085,"Kentucky","Grayson County",3,56,367,185,182
050,21,085,"Kentucky","Grayson County",3,57,380,183,197
050,21,085,"Kentucky","Grayson County",3,58,393,204,189
050,21,085,"Kentucky","Grayson County",3,59,407,228,179
050,21,085,"Kentucky","Grayson County",3,60,380,214,166
050,21,085,"Kentucky","Grayson County",3,61,396,199,197
050,21,085,"Kentucky","Grayson County",3,62,396,189,207
050,21,085,"Kentucky","Grayson County",3,63,359,159,200
050,21,085,"Kentucky","Grayson County",3,64,366,179,187
050,21,085,"Kentucky","Grayson County",3,65,339,174,165
050,21,085,"Kentucky","Grayson County",3,66,343,165,178
050,21,085,"Kentucky","Grayson County",3,67,331,156,175
050,21,085,"Kentucky","Grayson County",3,68,335,170,165
050,21,085,"Kentucky","Grayson County",3,69,320,152,168
050,21,085,"Kentucky","Grayson County",3,70,321,145,176
050,21,085,"Kentucky","Grayson County",3,71,297,140,157
050,21,085,"Kentucky","Grayson County",3,72,266,130,136
050,21,085,"Kentucky","Grayson County",3,73,246,118,128
050,21,085,"Kentucky","Grayson County",3,74,268,134,134
050,21,085,"Kentucky","Grayson County",3,75,181,85,96
050,21,085,"Kentucky","Grayson County",3,76,175,81,94
050,21,085,"Kentucky","Grayson County",3,77,184,88,96
050,21,085,"Kentucky","Grayson County",3,78,182,79,103
050,21,085,"Kentucky","Grayson County",3,79,152,64,88
050,21,085,"Kentucky","Grayson County",3,80,134,62,72
050,21,085,"Kentucky","Grayson County",3,81,122,55,67
050,21,085,"Kentucky","Grayson County",3,82,108,52,56
050,21,085,"Kentucky","Grayson County",3,83,100,43,57
050,21,085,"Kentucky","Grayson County",3,84,87,38,49
050,21,085,"Kentucky","Grayson County",3,85,369,132,237
050,21,085,"Kentucky","Grayson County",4,0,371,214,157
050,21,085,"Kentucky","Grayson County",4,1,352,193,159
050,21,085,"Kentucky","Grayson County",4,2,339,177,162
050,21,085,"Kentucky","Grayson County",4,3,329,167,162
050,21,085,"Kentucky","Grayson County",4,4,299,156,143
050,21,085,"Kentucky","Grayson County",4,5,358,193,165
050,21,085,"Kentucky","Grayson County",4,6,330,162,168
050,21,085,"Kentucky","Grayson County",4,7,375,185,190
050,21,085,"Kentucky","Grayson County",4,8,347,171,176
050,21,085,"Kentucky","Grayson County",4,9,346,171,175
050,21,085,"Kentucky","Grayson County",4,10,350,178,172
050,21,085,"Kentucky","Grayson County",4,11,320,155,165
050,21,085,"Kentucky","Grayson County",4,12,339,182,157
050,21,085,"Kentucky","Grayson County",4,13,337,179,158
050,21,085,"Kentucky","Grayson County",4,14,344,189,155
050,21,085,"Kentucky","Grayson County",4,15,370,197,173
050,21,085,"Kentucky","Grayson County",4,16,371,188,183
050,21,085,"Kentucky","Grayson County",4,17,368,185,183
050,21,085,"Kentucky","Grayson County",4,18,315,181,134
050,21,085,"Kentucky","Grayson County",4,19,235,135,100
050,21,085,"Kentucky","Grayson County",4,20,251,131,120
050,21,085,"Kentucky","Grayson County",4,21,299,159,140
050,21,085,"Kentucky","Grayson County",4,22,296,164,132
050,21,085,"Kentucky","Grayson County",4,23,312,163,149
050,21,085,"Kentucky","Grayson County",4,24,311,157,154
050,21,085,"Kentucky","Grayson County",4,25,311,165,146
050,21,085,"Kentucky","Grayson County",4,26,346,192,154
050,21,085,"Kentucky","Grayson County",4,27,326,173,153
050,21,085,"Kentucky","Grayson County",4,28,329,168,161
050,21,085,"Kentucky","Grayson County",4,29,331,158,173
050,21,085,"Kentucky","Grayson County",4,30,374,196,178
050,21,085,"Kentucky","Grayson County",4,31,348,176,172
050,21,085,"Kentucky","Grayson County",4,32,358,175,183
050,21,085,"Kentucky","Grayson County",4,33,319,160,159
050,21,085,"Kentucky","Grayson County",4,34,296,152,144
050,21,085,"Kentucky","Grayson County",4,35,297,146,151
050,21,085,"Kentucky","Grayson County",4,36,287,162,125
050,21,085,"Kentucky","Grayson County",4,37,292,158,134
050,21,085,"Kentucky","Grayson County",4,38,281,152,129
050,21,085,"Kentucky","Grayson County",4,39,287,155,132
050,21,085,"Kentucky","Grayson County",4,40,344,176,168
050,21,085,"Kentucky","Grayson County",4,41,321,162,159
050,21,085,"Kentucky","Grayson County",4,42,337,170,167
050,21,085,"Kentucky","Grayson County",4,43,328,166,162
050,21,085,"Kentucky","Grayson County",4,44,320,165,155
050,21,085,"Kentucky","Grayson County",4,45,338,180,158
050,21,085,"Kentucky","Grayson County",4,46,303,154,149
050,21,085,"Kentucky","Grayson County",4,47,337,171,166
050,21,085,"Kentucky","Grayson County",4,48,314,153,161
050,21,085,"Kentucky","Grayson County",4,49,320,146,174
050,21,085,"Kentucky","Grayson County",4,50,342,167,175
050,21,085,"Kentucky","Grayson County",4,51,350,175,175
050,21,085,"Kentucky","Grayson County",4,52,329,170,159
050,21,085,"Kentucky","Grayson County",4,53,317,162,155
050,21,085,"Kentucky","Grayson County",4,54,319,171,148
050,21,085,"Kentucky","Grayson County",4,55,337,184,153
050,21,085,"Kentucky","Grayson County",4,56,346,183,163
050,21,085,"Kentucky","Grayson County",4,57,358,174,184
050,21,085,"Kentucky","Grayson County",4,58,378,184,194
050,21,085,"Kentucky","Grayson County",4,59,390,197,193
050,21,085,"Kentucky","Grayson County",4,60,405,232,173
050,21,085,"Kentucky","Grayson County",4,61,376,210,166
050,21,085,"Kentucky","Grayson County",4,62,402,202,200
050,21,085,"Kentucky","Grayson County",4,63,395,192,203
050,21,085,"Kentucky","Grayson County",4,64,359,166,193
050,21,085,"Kentucky","Grayson County",4,65,352,169,183
050,21,085,"Kentucky","Grayson County",4,66,324,173,151
050,21,085,"Kentucky","Grayson County",4,67,329,159,170
050,21,085,"Kentucky","Grayson County",4,68,321,149,172
050,21,085,"Kentucky","Grayson County",4,69,329,165,164
050,21,085,"Kentucky","Grayson County",4,70,317,148,169
050,21,085,"Kentucky","Grayson County",4,71,301,134,167
050,21,085,"Kentucky","Grayson County",4,72,281,127,154
050,21,085,"Kentucky","Grayson County",4,73,245,121,124
050,21,085,"Kentucky","Grayson County",4,74,236,114,122
050,21,085,"Kentucky","Grayson County",4,75,263,124,139
050,21,085,"Kentucky","Grayson County",4,76,168,80,88
050,21,085,"Kentucky","Grayson County",4,77,176,80,96
050,21,085,"Kentucky","Grayson County",4,78,168,83,85
050,21,085,"Kentucky","Grayson County",4,79,169,76,93
050,21,085,"Kentucky","Grayson County",4,80,145,63,82
050,21,085,"Kentucky","Grayson County",4,81,127,59,68
050,21,085,"Kentucky","Grayson County",4,82,115,51,64
050,21,085,"Kentucky","Grayson County",4,83,98,47,51
050,21,085,"Kentucky","Grayson County",4,84,93,42,51
050,21,085,"Kentucky","Grayson County",4,85,375,143,232
050,21,085,"Kentucky","Grayson County",5,0,373,217,156
050,21,085,"Kentucky","Grayson County",5,1,374,210,164
050,21,085,"Kentucky","Grayson County",5,2,360,193,167
050,21,085,"Kentucky","Grayson County",5,3,338,177,161
050,21,085,"Kentucky","Grayson County",5,4,330,173,157
050,21,085,"Kentucky","Grayson County",5,5,307,160,147
050,21,085,"Kentucky","Grayson County",5,6,332,171,161
050,21,085,"Kentucky","Grayson County",5,7,330,163,167
050,21,085,"Kentucky","Grayson County",5,8,389,197,192
050,21,085,"Kentucky","Grayson County",5,9,353,179,174
050,21,085,"Kentucky","Grayson County",5,10,353,174,179
050,21,085,"Kentucky","Grayson County",5,11,349,179,170
050,21,085,"Kentucky","Grayson County",5,12,327,156,171
050,21,085,"Kentucky","Grayson County",5,13,335,180,155
050,21,085,"Kentucky","Grayson County",5,14,334,177,157
050,21,085,"Kentucky","Grayson County",5,15,335,187,148
050,21,085,"Kentucky","Grayson County",5,16,369,197,172
050,21,085,"Kentucky","Grayson County",5,17,359,179,180
050,21,085,"Kentucky","Grayson County",5,18,308,159,149
050,21,085,"Kentucky","Grayson County",5,19,242,140,102
050,21,085,"Kentucky","Grayson County",5,20,245,139,106
050,21,085,"Kentucky","Grayson County",5,21,290,147,143
050,21,085,"Kentucky","Grayson County",5,22,324,168,156
050,21,085,"Kentucky","Grayson County",5,23,316,173,143
050,21,085,"Kentucky","Grayson County",5,24,329,169,160
050,21,085,"Kentucky","Grayson County",5,25,313,162,151
050,21,085,"Kentucky","Grayson County",5,26,324,170,154
050,21,085,"Kentucky","Grayson County",5,27,345,191,154
050,21,085,"Kentucky","Grayson County",5,28,330,169,161
050,21,085,"Kentucky","Grayson County",5,29,324,174,150
050,21,085,"Kentucky","Grayson County",5,30,349,176,173
050,21,085,"Kentucky","Grayson County",5,31,391,197,194
050,21,085,"Kentucky","Grayson County",5,32,340,176,164
050,21,085,"Kentucky","Grayson County",5,33,372,185,187
050,21,085,"Kentucky","Grayson County",5,34,330,171,159
050,21,085,"Kentucky","Grayson County",5,35,283,145,138
050,21,085,"Kentucky","Grayson County",5,36,308,159,149
050,21,085,"Kentucky","Grayson County",5,37,283,157,126
050,21,085,"Kentucky","Grayson County",5,38,288,155,133
050,21,085,"Kentucky","Grayson County",5,39,281,149,132
050,21,085,"Kentucky","Grayson County",5,40,289,155,134
050,21,085,"Kentucky","Grayson County",5,41,328,169,159
050,21,085,"Kentucky","Grayson County",5,42,322,157,165
050,21,085,"Kentucky","Grayson County",5,43,346,176,170
050,21,085,"Kentucky","Grayson County",5,44,326,163,163
050,21,085,"Kentucky","Grayson County",5,45,340,177,163
050,21,085,"Kentucky","Grayson County",5,46,329,170,159
050,21,085,"Kentucky","Grayson County",5,47,303,157,146
050,21,085,"Kentucky","Grayson County",5,48,344,173,171
050,21,085,"Kentucky","Grayson County",5,49,317,155,162
050,21,085,"Kentucky","Grayson County",5,50,325,151,174
050,21,085,"Kentucky","Grayson County",5,51,346,174,172
050,21,085,"Kentucky","Grayson County",5,52,349,166,183
050,21,085,"Kentucky","Grayson County",5,53,335,173,162
050,21,085,"Kentucky","Grayson County",5,54,313,160,153
050,21,085,"Kentucky","Grayson County",5,55,330,180,150
050,21,085,"Kentucky","Grayson County",5,56,342,187,155
050,21,085,"Kentucky","Grayson County",5,57,342,181,161
050,21,085,"Kentucky","Grayson County",5,58,350,172,178
050,21,085,"Kentucky","Grayson County",5,59,380,182,198
050,21,085,"Kentucky","Grayson County",5,60,396,199,197
050,21,085,"Kentucky","Grayson County",5,61,397,231,166
050,21,085,"Kentucky","Grayson County",5,62,375,210,165
050,21,085,"Kentucky","Grayson County",5,63,406,199,207
050,21,085,"Kentucky","Grayson County",5,64,401,200,201
050,21,085,"Kentucky","Grayson County",5,65,349,163,186
050,21,085,"Kentucky","Grayson County",5,66,349,167,182
050,21,085,"Kentucky","Grayson County",5,67,315,165,150
050,21,085,"Kentucky","Grayson County",5,68,322,155,167
050,21,085,"Kentucky","Grayson County",5,69,311,145,166
050,21,085,"Kentucky","Grayson County",5,70,322,162,160
050,21,085,"Kentucky","Grayson County",5,71,311,144,167
050,21,085,"Kentucky","Grayson County",5,72,292,126,166
050,21,085,"Kentucky","Grayson County",5,73,266,119,147
050,21,085,"Kentucky","Grayson County",5,74,237,116,121
050,21,085,"Kentucky","Grayson County",5,75,227,105,122
050,21,085,"Kentucky","Grayson County",5,76,235,114,121
050,21,085,"Kentucky","Grayson County",5,77,169,81,88
050,21,085,"Kentucky","Grayson County",5,78,161,72,89
050,21,085,"Kentucky","Grayson County",5,79,157,79,78
050,21,085,"Kentucky","Grayson County",5,80,159,72,87
050,21,085,"Kentucky","Grayson County",5,81,131,55,76
050,21,085,"Kentucky","Grayson County",5,82,120,56,64
050,21,085,"Kentucky","Grayson County",5,83,104,48,56
050,21,085,"Kentucky","Grayson County",5,84,92,45,47
050,21,085,"Kentucky","Grayson County",5,85,403,165,238
050,21,087,"Kentucky","Green County",1,0,109,57,52
050,21,087,"Kentucky","Green County",1,1,120,62,58
050,21,087,"Kentucky","Green County",1,2,116,53,63
050,21,087,"Kentucky","Green County",1,3,136,66,70
050,21,087,"Kentucky","Green County",1,4,128,54,74
050,21,087,"Kentucky","Green County",1,5,116,57,59
050,21,087,"Kentucky","Green County",1,6,114,54,60
050,21,087,"Kentucky","Green County",1,7,112,56,56
050,21,087,"Kentucky","Green County",1,8,135,68,67
050,21,087,"Kentucky","Green County",1,9,132,72,60
050,21,087,"Kentucky","Green County",1,10,131,69,62
050,21,087,"Kentucky","Green County",1,11,150,75,75
050,21,087,"Kentucky","Green County",1,12,143,69,74
050,21,087,"Kentucky","Green County",1,13,155,75,80
050,21,087,"Kentucky","Green County",1,14,137,69,68
050,21,087,"Kentucky","Green County",1,15,141,76,65
050,21,087,"Kentucky","Green County",1,16,134,79,55
050,21,087,"Kentucky","Green County",1,17,136,73,63
050,21,087,"Kentucky","Green County",1,18,112,58,54
050,21,087,"Kentucky","Green County",1,19,94,52,42
050,21,087,"Kentucky","Green County",1,20,98,50,48
050,21,087,"Kentucky","Green County",1,21,100,61,39
050,21,087,"Kentucky","Green County",1,22,96,55,41
050,21,087,"Kentucky","Green County",1,23,112,55,57
050,21,087,"Kentucky","Green County",1,24,135,73,62
050,21,087,"Kentucky","Green County",1,25,135,67,68
050,21,087,"Kentucky","Green County",1,26,140,77,63
050,21,087,"Kentucky","Green County",1,27,121,60,61
050,21,087,"Kentucky","Green County",1,28,113,55,58
050,21,087,"Kentucky","Green County",1,29,117,51,66
050,21,087,"Kentucky","Green County",1,30,127,65,62
050,21,087,"Kentucky","Green County",1,31,119,50,69
050,21,087,"Kentucky","Green County",1,32,112,58,54
050,21,087,"Kentucky","Green County",1,33,108,57,51
050,21,087,"Kentucky","Green County",1,34,103,52,51
050,21,087,"Kentucky","Green County",1,35,104,55,49
050,21,087,"Kentucky","Green County",1,36,124,68,56
050,21,087,"Kentucky","Green County",1,37,128,71,57
050,21,087,"Kentucky","Green County",1,38,135,69,66
050,21,087,"Kentucky","Green County",1,39,144,65,79
050,21,087,"Kentucky","Green County",1,40,144,64,80
050,21,087,"Kentucky","Green County",1,41,129,64,65
050,21,087,"Kentucky","Green County",1,42,124,60,64
050,21,087,"Kentucky","Green County",1,43,137,72,65
050,21,087,"Kentucky","Green County",1,44,122,65,57
050,21,087,"Kentucky","Green County",1,45,112,55,57
050,21,087,"Kentucky","Green County",1,46,133,72,61
050,21,087,"Kentucky","Green County",1,47,133,71,62
050,21,087,"Kentucky","Green County",1,48,148,79,69
050,21,087,"Kentucky","Green County",1,49,163,83,80
050,21,087,"Kentucky","Green County",1,50,145,79,66
050,21,087,"Kentucky","Green County",1,51,137,67,70
050,21,087,"Kentucky","Green County",1,52,162,79,83
050,21,087,"Kentucky","Green County",1,53,167,72,95
050,21,087,"Kentucky","Green County",1,54,163,78,85
050,21,087,"Kentucky","Green County",1,55,174,80,94
050,21,087,"Kentucky","Green County",1,56,180,92,88
050,21,087,"Kentucky","Green County",1,57,184,100,84
050,21,087,"Kentucky","Green County",1,58,178,95,83
050,21,087,"Kentucky","Green County",1,59,184,91,93
050,21,087,"Kentucky","Green County",1,60,176,89,87
050,21,087,"Kentucky","Green County",1,61,179,96,83
050,21,087,"Kentucky","Green County",1,62,172,84,88
050,21,087,"Kentucky","Green County",1,63,173,94,79
050,21,087,"Kentucky","Green County",1,64,165,85,80
050,21,087,"Kentucky","Green County",1,65,158,87,71
050,21,087,"Kentucky","Green County",1,66,146,72,74
050,21,087,"Kentucky","Green County",1,67,143,71,72
050,21,087,"Kentucky","Green County",1,68,137,65,72
050,21,087,"Kentucky","Green County",1,69,144,72,72
050,21,087,"Kentucky","Green County",1,70,141,66,75
050,21,087,"Kentucky","Green County",1,71,148,78,70
050,21,087,"Kentucky","Green County",1,72,132,65,67
050,21,087,"Kentucky","Green County",1,73,132,58,74
050,21,087,"Kentucky","Green County",1,74,87,40,47
050,21,087,"Kentucky","Green County",1,75,90,38,52
050,21,087,"Kentucky","Green County",1,76,93,47,46
050,21,087,"Kentucky","Green County",1,77,88,40,48
050,21,087,"Kentucky","Green County",1,78,75,33,42
050,21,087,"Kentucky","Green County",1,79,70,29,41
050,21,087,"Kentucky","Green County",1,80,72,26,46
050,21,087,"Kentucky","Green County",1,81,71,30,41
050,21,087,"Kentucky","Green County",1,82,56,25,31
050,21,087,"Kentucky","Green County",1,83,47,16,31
050,21,087,"Kentucky","Green County",1,84,54,27,27
050,21,087,"Kentucky","Green County",1,85,220,82,138
050,21,087,"Kentucky","Green County",2,0,112,54,58
050,21,087,"Kentucky","Green County",2,1,117,61,56
050,21,087,"Kentucky","Green County",2,2,121,58,63
050,21,087,"Kentucky","Green County",2,3,131,63,68
050,21,087,"Kentucky","Green County",2,4,131,59,72
050,21,087,"Kentucky","Green County",2,5,121,57,64
050,21,087,"Kentucky","Green County",2,6,118,55,63
050,21,087,"Kentucky","Green County",2,7,116,57,59
050,21,087,"Kentucky","Green County",2,8,129,66,63
050,21,087,"Kentucky","Green County",2,9,134,71,63
050,21,087,"Kentucky","Green County",2,10,131,69,62
050,21,087,"Kentucky","Green County",2,11,145,74,71
050,21,087,"Kentucky","Green County",2,12,146,71,75
050,21,087,"Kentucky","Green County",2,13,152,73,79
050,21,087,"Kentucky","Green County",2,14,142,72,70
050,21,087,"Kentucky","Green County",2,15,140,74,66
050,21,087,"Kentucky","Green County",2,16,136,79,57
050,21,087,"Kentucky","Green County",2,17,133,73,60
050,21,087,"Kentucky","Green County",2,18,112,59,53
050,21,087,"Kentucky","Green County",2,19,92,50,42
050,21,087,"Kentucky","Green County",2,20,99,52,47
050,21,087,"Kentucky","Green County",2,21,99,58,41
050,21,087,"Kentucky","Green County",2,22,98,57,41
050,21,087,"Kentucky","Green County",2,23,111,57,54
050,21,087,"Kentucky","Green County",2,24,130,70,60
050,21,087,"Kentucky","Green County",2,25,137,71,66
050,21,087,"Kentucky","Green County",2,26,139,75,64
050,21,087,"Kentucky","Green County",2,27,125,64,61
050,21,087,"Kentucky","Green County",2,28,115,56,59
050,21,087,"Kentucky","Green County",2,29,115,52,63
050,21,087,"Kentucky","Green County",2,30,127,63,64
050,21,087,"Kentucky","Green County",2,31,121,53,68
050,21,087,"Kentucky","Green County",2,32,113,55,58
050,21,087,"Kentucky","Green County",2,33,111,59,52
050,21,087,"Kentucky","Green County",2,34,104,53,51
050,21,087,"Kentucky","Green County",2,35,108,57,51
050,21,087,"Kentucky","Green County",2,36,119,65,54
050,21,087,"Kentucky","Green County",2,37,128,71,57
050,21,087,"Kentucky","Green County",2,38,133,69,64
050,21,087,"Kentucky","Green County",2,39,140,65,75
050,21,087,"Kentucky","Green County",2,40,145,65,80
050,21,087,"Kentucky","Green County",2,41,133,64,69
050,21,087,"Kentucky","Green County",2,42,123,60,63
050,21,087,"Kentucky","Green County",2,43,135,70,65
050,21,087,"Kentucky","Green County",2,44,123,65,58
050,21,087,"Kentucky","Green County",2,45,116,58,58
050,21,087,"Kentucky","Green County",2,46,128,68,60
050,21,087,"Kentucky","Green County",2,47,133,71,62
050,21,087,"Kentucky","Green County",2,48,145,78,67
050,21,087,"Kentucky","Green County",2,49,162,84,78
050,21,087,"Kentucky","Green County",2,50,150,80,70
050,21,087,"Kentucky","Green County",2,51,138,70,68
050,21,087,"Kentucky","Green County",2,52,153,75,78
050,21,087,"Kentucky","Green County",2,53,166,74,92
050,21,087,"Kentucky","Green County",2,54,165,77,88
050,21,087,"Kentucky","Green County",2,55,171,80,91
050,21,087,"Kentucky","Green County",2,56,179,89,90
050,21,087,"Kentucky","Green County",2,57,184,99,85
050,21,087,"Kentucky","Green County",2,58,180,97,83
050,21,087,"Kentucky","Green County",2,59,184,92,92
050,21,087,"Kentucky","Green County",2,60,177,89,88
050,21,087,"Kentucky","Green County",2,61,179,94,85
050,21,087,"Kentucky","Green County",2,62,172,86,86
050,21,087,"Kentucky","Green County",2,63,177,94,83
050,21,087,"Kentucky","Green County",2,64,164,85,79
050,21,087,"Kentucky","Green County",2,65,156,84,72
050,21,087,"Kentucky","Green County",2,66,150,77,73
050,21,087,"Kentucky","Green County",2,67,141,70,71
050,21,087,"Kentucky","Green County",2,68,136,65,71
050,21,087,"Kentucky","Green County",2,69,143,70,73
050,21,087,"Kentucky","Green County",2,70,140,67,73
050,21,087,"Kentucky","Green County",2,71,147,74,73
050,21,087,"Kentucky","Green County",2,72,131,66,65
050,21,087,"Kentucky","Green County",2,73,141,64,77
050,21,087,"Kentucky","Green County",2,74,93,42,51
050,21,087,"Kentucky","Green County",2,75,88,37,51
050,21,087,"Kentucky","Green County",2,76,92,46,46
050,21,087,"Kentucky","Green County",2,77,86,39,47
050,21,087,"Kentucky","Green County",2,78,77,34,43
050,21,087,"Kentucky","Green County",2,79,72,31,41
050,21,087,"Kentucky","Green County",2,80,71,26,45
050,21,087,"Kentucky","Green County",2,81,71,29,42
050,21,087,"Kentucky","Green County",2,82,60,26,34
050,21,087,"Kentucky","Green County",2,83,47,18,29
050,21,087,"Kentucky","Green County",2,84,52,24,28
050,21,087,"Kentucky","Green County",2,85,225,88,137
050,21,087,"Kentucky","Green County",3,0,116,56,60
050,21,087,"Kentucky","Green County",3,1,127,54,73
050,21,087,"Kentucky","Green County",3,2,118,63,55
050,21,087,"Kentucky","Green County",3,3,132,64,68
050,21,087,"Kentucky","Green County",3,4,131,63,68
050,21,087,"Kentucky","Green County",3,5,131,59,72
050,21,087,"Kentucky","Green County",3,6,126,61,65
050,21,087,"Kentucky","Green County",3,7,128,60,68
050,21,087,"Kentucky","Green County",3,8,132,65,67
050,21,087,"Kentucky","Green County",3,9,128,64,64
050,21,087,"Kentucky","Green County",3,10,145,77,68
050,21,087,"Kentucky","Green County",3,11,136,75,61
050,21,087,"Kentucky","Green County",3,12,159,81,78
050,21,087,"Kentucky","Green County",3,13,145,70,75
050,21,087,"Kentucky","Green County",3,14,143,69,74
050,21,087,"Kentucky","Green County",3,15,151,80,71
050,21,087,"Kentucky","Green County",3,16,136,70,66
050,21,087,"Kentucky","Green County",3,17,143,84,59
050,21,087,"Kentucky","Green County",3,18,111,62,49
050,21,087,"Kentucky","Green County",3,19,91,49,42
050,21,087,"Kentucky","Green County",3,20,105,56,49
050,21,087,"Kentucky","Green County",3,21,106,59,47
050,21,087,"Kentucky","Green County",3,22,103,62,41
050,21,087,"Kentucky","Green County",3,23,109,57,52
050,21,087,"Kentucky","Green County",3,24,109,53,56
050,21,087,"Kentucky","Green County",3,25,133,67,66
050,21,087,"Kentucky","Green County",3,26,136,72,64
050,21,087,"Kentucky","Green County",3,27,139,77,62
050,21,087,"Kentucky","Green County",3,28,120,64,56
050,21,087,"Kentucky","Green County",3,29,122,60,62
050,21,087,"Kentucky","Green County",3,30,120,53,67
050,21,087,"Kentucky","Green County",3,31,136,66,70
050,21,087,"Kentucky","Green County",3,32,122,54,68
050,21,087,"Kentucky","Green County",3,33,127,65,62
050,21,087,"Kentucky","Green County",3,34,119,62,57
050,21,087,"Kentucky","Green County",3,35,121,63,58
050,21,087,"Kentucky","Green County",3,36,117,61,56
050,21,087,"Kentucky","Green County",3,37,124,66,58
050,21,087,"Kentucky","Green County",3,38,131,71,60
050,21,087,"Kentucky","Green County",3,39,134,70,64
050,21,087,"Kentucky","Green County",3,40,137,63,74
050,21,087,"Kentucky","Green County",3,41,157,78,79
050,21,087,"Kentucky","Green County",3,42,135,62,73
050,21,087,"Kentucky","Green County",3,43,121,60,61
050,21,087,"Kentucky","Green County",3,44,134,70,64
050,21,087,"Kentucky","Green County",3,45,117,61,56
050,21,087,"Kentucky","Green County",3,46,122,57,65
050,21,087,"Kentucky","Green County",3,47,131,70,61
050,21,087,"Kentucky","Green County",3,48,136,74,62
050,21,087,"Kentucky","Green County",3,49,146,78,68
050,21,087,"Kentucky","Green County",3,50,176,85,91
050,21,087,"Kentucky","Green County",3,51,152,80,72
050,21,087,"Kentucky","Green County",3,52,143,69,74
050,21,087,"Kentucky","Green County",3,53,157,79,78
050,21,087,"Kentucky","Green County",3,54,168,72,96
050,21,087,"Kentucky","Green County",3,55,166,78,88
050,21,087,"Kentucky","Green County",3,56,173,82,91
050,21,087,"Kentucky","Green County",3,57,179,92,87
050,21,087,"Kentucky","Green County",3,58,184,98,86
050,21,087,"Kentucky","Green County",3,59,178,97,81
050,21,087,"Kentucky","Green County",3,60,182,89,93
050,21,087,"Kentucky","Green County",3,61,175,87,88
050,21,087,"Kentucky","Green County",3,62,183,96,87
050,21,087,"Kentucky","Green County",3,63,169,89,80
050,21,087,"Kentucky","Green County",3,64,177,93,84
050,21,087,"Kentucky","Green County",3,65,163,84,79
050,21,087,"Kentucky","Green County",3,66,155,83,72
050,21,087,"Kentucky","Green County",3,67,148,76,72
050,21,087,"Kentucky","Green County",3,68,139,70,69
050,21,087,"Kentucky","Green County",3,69,133,64,69
050,21,087,"Kentucky","Green County",3,70,139,68,71
050,21,087,"Kentucky","Green County",3,71,137,64,73
050,21,087,"Kentucky","Green County",3,72,141,74,67
050,21,087,"Kentucky","Green County",3,73,128,64,64
050,21,087,"Kentucky","Green County",3,74,140,66,74
050,21,087,"Kentucky","Green County",3,75,92,40,52
050,21,087,"Kentucky","Green County",3,76,82,34,48
050,21,087,"Kentucky","Green County",3,77,86,41,45
050,21,087,"Kentucky","Green County",3,78,80,39,41
050,21,087,"Kentucky","Green County",3,79,71,35,36
050,21,087,"Kentucky","Green County",3,80,66,26,40
050,21,087,"Kentucky","Green County",3,81,70,25,45
050,21,087,"Kentucky","Green County",3,82,63,22,41
050,21,087,"Kentucky","Green County",3,83,55,25,30
050,21,087,"Kentucky","Green County",3,84,41,15,26
050,21,087,"Kentucky","Green County",3,85,236,98,138
050,21,087,"Kentucky","Green County",4,0,114,49,65
050,21,087,"Kentucky","Green County",4,1,128,58,70
050,21,087,"Kentucky","Green County",4,2,136,59,77
050,21,087,"Kentucky","Green County",4,3,119,63,56
050,21,087,"Kentucky","Green County",4,4,129,63,66
050,21,087,"Kentucky","Green County",4,5,134,64,70
050,21,087,"Kentucky","Green County",4,6,134,57,77
050,21,087,"Kentucky","Green County",4,7,126,62,64
050,21,087,"Kentucky","Green County",4,8,124,57,67
050,21,087,"Kentucky","Green County",4,9,135,67,68
050,21,087,"Kentucky","Green County",4,10,129,64,65
050,21,087,"Kentucky","Green County",4,11,134,73,61
050,21,087,"Kentucky","Green County",4,12,128,71,57
050,21,087,"Kentucky","Green County",4,13,160,81,79
050,21,087,"Kentucky","Green County",4,14,144,69,75
050,21,087,"Kentucky","Green County",4,15,148,69,79
050,21,087,"Kentucky","Green County",4,16,148,76,72
050,21,087,"Kentucky","Green County",4,17,135,68,67
050,21,087,"Kentucky","Green County",4,18,120,72,48
050,21,087,"Kentucky","Green County",4,19,94,56,38
050,21,087,"Kentucky","Green County",4,20,94,49,45
050,21,087,"Kentucky","Green County",4,21,110,56,54
050,21,087,"Kentucky","Green County",4,22,110,60,50
050,21,087,"Kentucky","Green County",4,23,95,54,41
050,21,087,"Kentucky","Green County",4,24,113,58,55
050,21,087,"Kentucky","Green County",4,25,114,50,64
050,21,087,"Kentucky","Green County",4,26,135,63,72
050,21,087,"Kentucky","Green County",4,27,148,77,71
050,21,087,"Kentucky","Green County",4,28,139,75,64
050,21,087,"Kentucky","Green County",4,29,119,65,54
050,21,087,"Kentucky","Green County",4,30,127,65,62
050,21,087,"Kentucky","Green County",4,31,128,58,70
050,21,087,"Kentucky","Green County",4,32,131,61,70
050,21,087,"Kentucky","Green County",4,33,118,50,68
050,21,087,"Kentucky","Green County",4,34,130,66,64
050,21,087,"Kentucky","Green County",4,35,113,59,54
050,21,087,"Kentucky","Green County",4,36,123,61,62
050,21,087,"Kentucky","Green County",4,37,113,58,55
050,21,087,"Kentucky","Green County",4,38,128,69,59
050,21,087,"Kentucky","Green County",4,39,132,74,58
050,21,087,"Kentucky","Green County",4,40,141,72,69
050,21,087,"Kentucky","Green County",4,41,145,67,78
050,21,087,"Kentucky","Green County",4,42,158,78,80
050,21,087,"Kentucky","Green County",4,43,141,66,75
050,21,087,"Kentucky","Green County",4,44,125,60,65
050,21,087,"Kentucky","Green County",4,45,135,71,64
050,21,087,"Kentucky","Green County",4,46,125,65,60
050,21,087,"Kentucky","Green County",4,47,120,57,63
050,21,087,"Kentucky","Green County",4,48,140,76,64
050,21,087,"Kentucky","Green County",4,49,142,77,65
050,21,087,"Kentucky","Green County",4,50,154,81,73
050,21,087,"Kentucky","Green County",4,51,180,87,93
050,21,087,"Kentucky","Green County",4,52,146,76,70
050,21,087,"Kentucky","Green County",4,53,140,72,68
050,21,087,"Kentucky","Green County",4,54,160,78,82
050,21,087,"Kentucky","Green County",4,55,171,75,96
050,21,087,"Kentucky","Green County",4,56,168,78,90
050,21,087,"Kentucky","Green County",4,57,177,82,95
050,21,087,"Kentucky","Green County",4,58,179,90,89
050,21,087,"Kentucky","Green County",4,59,179,96,83
050,21,087,"Kentucky","Green County",4,60,182,100,82
050,21,087,"Kentucky","Green County",4,61,190,94,96
050,21,087,"Kentucky","Green County",4,62,170,87,83
050,21,087,"Kentucky","Green County",4,63,187,98,89
050,21,087,"Kentucky","Green County",4,64,163,86,77
050,21,087,"Kentucky","Green County",4,65,174,90,84
050,21,087,"Kentucky","Green County",4,66,158,81,77
050,21,087,"Kentucky","Green County",4,67,152,82,70
050,21,087,"Kentucky","Green County",4,68,149,78,71
050,21,087,"Kentucky","Green County",4,69,137,68,69
050,21,087,"Kentucky","Green County",4,70,130,64,66
050,21,087,"Kentucky","Green County",4,71,140,64,76
050,21,087,"Kentucky","Green County",4,72,135,65,70
050,21,087,"Kentucky","Green County",4,73,133,68,65
050,21,087,"Kentucky","Green County",4,74,125,65,60
050,21,087,"Kentucky","Green County",4,75,138,63,75
050,21,087,"Kentucky","Green County",4,76,89,41,48
050,21,087,"Kentucky","Green County",4,77,73,32,41
050,21,087,"Kentucky","Green County",4,78,81,40,41
050,21,087,"Kentucky","Green County",4,79,79,42,37
050,21,087,"Kentucky","Green County",4,80,65,31,34
050,21,087,"Kentucky","Green County",4,81,64,24,40
050,21,087,"Kentucky","Green County",4,82,69,27,42
050,21,087,"Kentucky","Green County",4,83,58,22,36
050,21,087,"Kentucky","Green County",4,84,52,23,29
050,21,087,"Kentucky","Green County",4,85,234,94,140
050,21,087,"Kentucky","Green County",5,0,116,51,65
050,21,087,"Kentucky","Green County",5,1,110,49,61
050,21,087,"Kentucky","Green County",5,2,128,60,68
050,21,087,"Kentucky","Green County",5,3,141,63,78
050,21,087,"Kentucky","Green County",5,4,115,63,52
050,21,087,"Kentucky","Green County",5,5,126,58,68
050,21,087,"Kentucky","Green County",5,6,138,70,68
050,21,087,"Kentucky","Green County",5,7,138,57,81
050,21,087,"Kentucky","Green County",5,8,122,61,61
050,21,087,"Kentucky","Green County",5,9,125,55,70
050,21,087,"Kentucky","Green County",5,10,138,69,69
050,21,087,"Kentucky","Green County",5,11,133,65,68
050,21,087,"Kentucky","Green County",5,12,141,74,67
050,21,087,"Kentucky","Green County",5,13,125,68,57
050,21,087,"Kentucky","Green County",5,14,169,86,83
050,21,087,"Kentucky","Green County",5,15,140,64,76
050,21,087,"Kentucky","Green County",5,16,145,66,79
050,21,087,"Kentucky","Green County",5,17,143,77,66
050,21,087,"Kentucky","Green County",5,18,107,53,54
050,21,087,"Kentucky","Green County",5,19,99,59,40
050,21,087,"Kentucky","Green County",5,20,105,64,41
050,21,087,"Kentucky","Green County",5,21,96,48,48
050,21,087,"Kentucky","Green County",5,22,118,59,59
050,21,087,"Kentucky","Green County",5,23,124,66,58
050,21,087,"Kentucky","Green County",5,24,106,65,41
050,21,087,"Kentucky","Green County",5,25,120,60,60
050,21,087,"Kentucky","Green County",5,26,119,50,69
050,21,087,"Kentucky","Green County",5,27,138,69,69
050,21,087,"Kentucky","Green County",5,28,147,69,78
050,21,087,"Kentucky","Green County",5,29,144,78,66
050,21,087,"Kentucky","Green County",5,30,127,71,56
050,21,087,"Kentucky","Green County",5,31,126,62,64
050,21,087,"Kentucky","Green County",5,32,135,60,75
050,21,087,"Kentucky","Green County",5,33,131,63,68
050,21,087,"Kentucky","Green County",5,34,119,52,67
050,21,087,"Kentucky","Green County",5,35,132,68,64
050,21,087,"Kentucky","Green County",5,36,111,57,54
050,21,087,"Kentucky","Green County",5,37,124,63,61
050,21,087,"Kentucky","Green County",5,38,120,57,63
050,21,087,"Kentucky","Green County",5,39,125,68,57
050,21,087,"Kentucky","Green County",5,40,132,75,57
050,21,087,"Kentucky","Green County",5,41,146,74,72
050,21,087,"Kentucky","Green County",5,42,152,73,79
050,21,087,"Kentucky","Green County",5,43,154,77,77
050,21,087,"Kentucky","Green County",5,44,139,65,74
050,21,087,"Kentucky","Green County",5,45,131,66,65
050,21,087,"Kentucky","Green County",5,46,141,75,66
050,21,087,"Kentucky","Green County",5,47,124,61,63
050,21,087,"Kentucky","Green County",5,48,125,61,64
050,21,087,"Kentucky","Green County",5,49,139,75,64
050,21,087,"Kentucky","Green County",5,50,142,75,67
050,21,087,"Kentucky","Green County",5,51,144,79,65
050,21,087,"Kentucky","Green County",5,52,177,82,95
050,21,087,"Kentucky","Green County",5,53,147,75,72
050,21,087,"Kentucky","Green County",5,54,142,69,73
050,21,087,"Kentucky","Green County",5,55,163,82,81
050,21,087,"Kentucky","Green County",5,56,175,76,99
050,21,087,"Kentucky","Green County",5,57,163,78,85
050,21,087,"Kentucky","Green County",5,58,174,78,96
050,21,087,"Kentucky","Green County",5,59,172,89,83
050,21,087,"Kentucky","Green County",5,60,176,93,83
050,21,087,"Kentucky","Green County",5,61,179,95,84
050,21,087,"Kentucky","Green County",5,62,189,94,95
050,21,087,"Kentucky","Green County",5,63,171,86,85
050,21,087,"Kentucky","Green County",5,64,187,101,86
050,21,087,"Kentucky","Green County",5,65,164,88,76
050,21,087,"Kentucky","Green County",5,66,169,87,82
050,21,087,"Kentucky","Green County",5,67,162,83,79
050,21,087,"Kentucky","Green County",5,68,148,83,65
050,21,087,"Kentucky","Green County",5,69,153,80,73
050,21,087,"Kentucky","Green County",5,70,135,66,69
050,21,087,"Kentucky","Green County",5,71,132,63,69
050,21,087,"Kentucky","Green County",5,72,138,64,74
050,21,087,"Kentucky","Green County",5,73,127,59,68
050,21,087,"Kentucky","Green County",5,74,132,70,62
050,21,087,"Kentucky","Green County",5,75,126,62,64
050,21,087,"Kentucky","Green County",5,76,133,61,72
050,21,087,"Kentucky","Green County",5,77,82,37,45
050,21,087,"Kentucky","Green County",5,78,72,33,39
050,21,087,"Kentucky","Green County",5,79,82,43,39
050,21,087,"Kentucky","Green County",5,80,74,37,37
050,21,087,"Kentucky","Green County",5,81,62,29,33
050,21,087,"Kentucky","Green County",5,82,63,25,38
050,21,087,"Kentucky","Green County",5,83,59,24,35
050,21,087,"Kentucky","Green County",5,84,57,20,37
050,21,087,"Kentucky","Green County",5,85,248,100,148
050,21,089,"Kentucky","Greenup County",1,0,358,184,174
050,21,089,"Kentucky","Greenup County",1,1,363,184,179
050,21,089,"Kentucky","Greenup County",1,2,398,214,184
050,21,089,"Kentucky","Greenup County",1,3,379,194,185
050,21,089,"Kentucky","Greenup County",1,4,402,201,201
050,21,089,"Kentucky","Greenup County",1,5,420,212,208
050,21,089,"Kentucky","Greenup County",1,6,426,212,214
050,21,089,"Kentucky","Greenup County",1,7,416,212,204
050,21,089,"Kentucky","Greenup County",1,8,411,237,174
050,21,089,"Kentucky","Greenup County",1,9,429,232,197
050,21,089,"Kentucky","Greenup County",1,10,435,228,207
050,21,089,"Kentucky","Greenup County",1,11,486,257,229
050,21,089,"Kentucky","Greenup County",1,12,473,242,231
050,21,089,"Kentucky","Greenup County",1,13,481,242,239
050,21,089,"Kentucky","Greenup County",1,14,476,250,226
050,21,089,"Kentucky","Greenup County",1,15,490,253,237
050,21,089,"Kentucky","Greenup County",1,16,501,268,233
050,21,089,"Kentucky","Greenup County",1,17,476,249,227
050,21,089,"Kentucky","Greenup County",1,18,360,198,162
050,21,089,"Kentucky","Greenup County",1,19,308,170,138
050,21,089,"Kentucky","Greenup County",1,20,325,174,151
050,21,089,"Kentucky","Greenup County",1,21,349,182,167
050,21,089,"Kentucky","Greenup County",1,22,358,183,175
050,21,089,"Kentucky","Greenup County",1,23,361,180,181
050,21,089,"Kentucky","Greenup County",1,24,399,212,187
050,21,089,"Kentucky","Greenup County",1,25,377,189,188
050,21,089,"Kentucky","Greenup County",1,26,389,200,189
050,21,089,"Kentucky","Greenup County",1,27,433,221,212
050,21,089,"Kentucky","Greenup County",1,28,430,222,208
050,21,089,"Kentucky","Greenup County",1,29,447,219,228
050,21,089,"Kentucky","Greenup County",1,30,411,212,199
050,21,089,"Kentucky","Greenup County",1,31,392,210,182
050,21,089,"Kentucky","Greenup County",1,32,342,169,173
050,21,089,"Kentucky","Greenup County",1,33,355,159,196
050,21,089,"Kentucky","Greenup County",1,34,379,185,194
050,21,089,"Kentucky","Greenup County",1,35,389,184,205
050,21,089,"Kentucky","Greenup County",1,36,381,181,200
050,21,089,"Kentucky","Greenup County",1,37,413,208,205
050,21,089,"Kentucky","Greenup County",1,38,435,224,211
050,21,089,"Kentucky","Greenup County",1,39,436,224,212
050,21,089,"Kentucky","Greenup County",1,40,435,217,218
050,21,089,"Kentucky","Greenup County",1,41,441,217,224
050,21,089,"Kentucky","Greenup County",1,42,448,227,221
050,21,089,"Kentucky","Greenup County",1,43,474,241,233
050,21,089,"Kentucky","Greenup County",1,44,441,208,233
050,21,089,"Kentucky","Greenup County",1,45,438,214,224
050,21,089,"Kentucky","Greenup County",1,46,433,214,219
050,21,089,"Kentucky","Greenup County",1,47,470,222,248
050,21,089,"Kentucky","Greenup County",1,48,493,235,258
050,21,089,"Kentucky","Greenup County",1,49,505,241,264
050,21,089,"Kentucky","Greenup County",1,50,495,233,262
050,21,089,"Kentucky","Greenup County",1,51,498,231,267
050,21,089,"Kentucky","Greenup County",1,52,442,216,226
050,21,089,"Kentucky","Greenup County",1,53,461,220,241
050,21,089,"Kentucky","Greenup County",1,54,471,228,243
050,21,089,"Kentucky","Greenup County",1,55,495,257,238
050,21,089,"Kentucky","Greenup County",1,56,502,244,258
050,21,089,"Kentucky","Greenup County",1,57,478,235,243
050,21,089,"Kentucky","Greenup County",1,58,494,237,257
050,21,089,"Kentucky","Greenup County",1,59,496,247,249
050,21,089,"Kentucky","Greenup County",1,60,504,232,272
050,21,089,"Kentucky","Greenup County",1,61,512,239,273
050,21,089,"Kentucky","Greenup County",1,62,549,258,291
050,21,089,"Kentucky","Greenup County",1,63,555,268,287
050,21,089,"Kentucky","Greenup County",1,64,538,263,275
050,21,089,"Kentucky","Greenup County",1,65,477,222,255
050,21,089,"Kentucky","Greenup County",1,66,472,219,253
050,21,089,"Kentucky","Greenup County",1,67,473,210,263
050,21,089,"Kentucky","Greenup County",1,68,498,229,269
050,21,089,"Kentucky","Greenup County",1,69,446,201,245
050,21,089,"Kentucky","Greenup County",1,70,435,202,233
050,21,089,"Kentucky","Greenup County",1,71,446,212,234
050,21,089,"Kentucky","Greenup County",1,72,449,199,250
050,21,089,"Kentucky","Greenup County",1,73,480,217,263
050,21,089,"Kentucky","Greenup County",1,74,281,123,158
050,21,089,"Kentucky","Greenup County",1,75,312,151,161
050,21,089,"Kentucky","Greenup County",1,76,332,166,166
050,21,089,"Kentucky","Greenup County",1,77,295,125,170
050,21,089,"Kentucky","Greenup County",1,78,243,98,145
050,21,089,"Kentucky","Greenup County",1,79,223,92,131
050,21,089,"Kentucky","Greenup County",1,80,210,95,115
050,21,089,"Kentucky","Greenup County",1,81,189,80,109
050,21,089,"Kentucky","Greenup County",1,82,188,73,115
050,21,089,"Kentucky","Greenup County",1,83,189,80,109
050,21,089,"Kentucky","Greenup County",1,84,168,75,93
050,21,089,"Kentucky","Greenup County",1,85,795,277,518
050,21,089,"Kentucky","Greenup County",2,0,351,175,176
050,21,089,"Kentucky","Greenup County",2,1,360,184,176
050,21,089,"Kentucky","Greenup County",2,2,388,206,182
050,21,089,"Kentucky","Greenup County",2,3,385,199,186
050,21,089,"Kentucky","Greenup County",2,4,399,201,198
050,21,089,"Kentucky","Greenup County",2,5,419,212,207
050,21,089,"Kentucky","Greenup County",2,6,426,212,214
050,21,089,"Kentucky","Greenup County",2,7,417,213,204
050,21,089,"Kentucky","Greenup County",2,8,411,229,182
050,21,089,"Kentucky","Greenup County",2,9,426,233,193
050,21,089,"Kentucky","Greenup County",2,10,435,229,206
050,21,089,"Kentucky","Greenup County",2,11,472,250,222
050,21,089,"Kentucky","Greenup County",2,12,480,246,234
050,21,089,"Kentucky","Greenup County",2,13,479,244,235
050,21,089,"Kentucky","Greenup County",2,14,474,246,228
050,21,089,"Kentucky","Greenup County",2,15,485,252,233
050,21,089,"Kentucky","Greenup County",2,16,496,262,234
050,21,089,"Kentucky","Greenup County",2,17,480,252,228
050,21,089,"Kentucky","Greenup County",2,18,367,201,166
050,21,089,"Kentucky","Greenup County",2,19,300,166,134
050,21,089,"Kentucky","Greenup County",2,20,331,177,154
050,21,089,"Kentucky","Greenup County",2,21,342,177,165
050,21,089,"Kentucky","Greenup County",2,22,359,186,173
050,21,089,"Kentucky","Greenup County",2,23,365,184,181
050,21,089,"Kentucky","Greenup County",2,24,388,204,184
050,21,089,"Kentucky","Greenup County",2,25,380,192,188
050,21,089,"Kentucky","Greenup County",2,26,391,199,192
050,21,089,"Kentucky","Greenup County",2,27,419,213,206
050,21,089,"Kentucky","Greenup County",2,28,428,220,208
050,21,089,"Kentucky","Greenup County",2,29,439,217,222
050,21,089,"Kentucky","Greenup County",2,30,423,215,208
050,21,089,"Kentucky","Greenup County",2,31,392,209,183
050,21,089,"Kentucky","Greenup County",2,32,350,175,175
050,21,089,"Kentucky","Greenup County",2,33,353,163,190
050,21,089,"Kentucky","Greenup County",2,34,376,180,196
050,21,089,"Kentucky","Greenup County",2,35,391,187,204
050,21,089,"Kentucky","Greenup County",2,36,379,181,198
050,21,089,"Kentucky","Greenup County",2,37,406,200,206
050,21,089,"Kentucky","Greenup County",2,38,430,219,211
050,21,089,"Kentucky","Greenup County",2,39,433,223,210
050,21,089,"Kentucky","Greenup County",2,40,439,221,218
050,21,089,"Kentucky","Greenup County",2,41,437,216,221
050,21,089,"Kentucky","Greenup County",2,42,444,223,221
050,21,089,"Kentucky","Greenup County",2,43,472,239,233
050,21,089,"Kentucky","Greenup County",2,44,444,213,231
050,21,089,"Kentucky","Greenup County",2,45,441,213,228
050,21,089,"Kentucky","Greenup County",2,46,432,212,220
050,21,089,"Kentucky","Greenup County",2,47,458,218,240
050,21,089,"Kentucky","Greenup County",2,48,488,230,258
050,21,089,"Kentucky","Greenup County",2,49,506,241,265
050,21,089,"Kentucky","Greenup County",2,50,499,235,264
050,21,089,"Kentucky","Greenup County",2,51,490,229,261
050,21,089,"Kentucky","Greenup County",2,52,454,219,235
050,21,089,"Kentucky","Greenup County",2,53,457,219,238
050,21,089,"Kentucky","Greenup County",2,54,470,227,243
050,21,089,"Kentucky","Greenup County",2,55,489,251,238
050,21,089,"Kentucky","Greenup County",2,56,501,249,252
050,21,089,"Kentucky","Greenup County",2,57,482,236,246
050,21,089,"Kentucky","Greenup County",2,58,489,235,254
050,21,089,"Kentucky","Greenup County",2,59,496,242,254
050,21,089,"Kentucky","Greenup County",2,60,499,235,264
050,21,089,"Kentucky","Greenup County",2,61,505,235,270
050,21,089,"Kentucky","Greenup County",2,62,539,251,288
050,21,089,"Kentucky","Greenup County",2,63,556,267,289
050,21,089,"Kentucky","Greenup County",2,64,534,262,272
050,21,089,"Kentucky","Greenup County",2,65,486,227,259
050,21,089,"Kentucky","Greenup County",2,66,476,220,256
050,21,089,"Kentucky","Greenup County",2,67,469,210,259
050,21,089,"Kentucky","Greenup County",2,68,486,221,265
050,21,089,"Kentucky","Greenup County",2,69,456,206,250
050,21,089,"Kentucky","Greenup County",2,70,432,199,233
050,21,089,"Kentucky","Greenup County",2,71,439,207,232
050,21,089,"Kentucky","Greenup County",2,72,437,196,241
050,21,089,"Kentucky","Greenup County",2,73,496,223,273
050,21,089,"Kentucky","Greenup County",2,74,304,135,169
050,21,089,"Kentucky","Greenup County",2,75,307,145,162
050,21,089,"Kentucky","Greenup County",2,76,323,160,163
050,21,089,"Kentucky","Greenup County",2,77,305,135,170
050,21,089,"Kentucky","Greenup County",2,78,245,101,144
050,21,089,"Kentucky","Greenup County",2,79,221,89,132
050,21,089,"Kentucky","Greenup County",2,80,213,93,120
050,21,089,"Kentucky","Greenup County",2,81,191,83,108
050,21,089,"Kentucky","Greenup County",2,82,188,75,113
050,21,089,"Kentucky","Greenup County",2,83,187,79,108
050,21,089,"Kentucky","Greenup County",2,84,167,74,93
050,21,089,"Kentucky","Greenup County",2,85,803,279,524
050,21,089,"Kentucky","Greenup County",3,0,296,166,130
050,21,089,"Kentucky","Greenup County",3,1,350,184,166
050,21,089,"Kentucky","Greenup County",3,2,360,188,172
050,21,089,"Kentucky","Greenup County",3,3,394,207,187
050,21,089,"Kentucky","Greenup County",3,4,402,207,195
050,21,089,"Kentucky","Greenup County",3,5,405,209,196
050,21,089,"Kentucky","Greenup County",3,6,396,205,191
050,21,089,"Kentucky","Greenup County",3,7,434,220,214
050,21,089,"Kentucky","Greenup County",3,8,427,215,212
050,21,089,"Kentucky","Greenup County",3,9,430,233,197
050,21,089,"Kentucky","Greenup County",3,10,424,235,189
050,21,089,"Kentucky","Greenup County",3,11,427,230,197
050,21,089,"Kentucky","Greenup County",3,12,475,243,232
050,21,089,"Kentucky","Greenup County",3,13,477,245,232
050,21,089,"Kentucky","Greenup County",3,14,488,245,243
050,21,089,"Kentucky","Greenup County",3,15,478,241,237
050,21,089,"Kentucky","Greenup County",3,16,502,255,247
050,21,089,"Kentucky","Greenup County",3,17,498,262,236
050,21,089,"Kentucky","Greenup County",3,18,413,229,184
050,21,089,"Kentucky","Greenup County",3,19,289,155,134
050,21,089,"Kentucky","Greenup County",3,20,331,187,144
050,21,089,"Kentucky","Greenup County",3,21,328,171,157
050,21,089,"Kentucky","Greenup County",3,22,363,194,169
050,21,089,"Kentucky","Greenup County",3,23,372,190,182
050,21,089,"Kentucky","Greenup County",3,24,374,208,166
050,21,089,"Kentucky","Greenup County",3,25,385,200,185
050,21,089,"Kentucky","Greenup County",3,26,376,188,188
050,21,089,"Kentucky","Greenup County",3,27,406,215,191
050,21,089,"Kentucky","Greenup County",3,28,416,208,208
050,21,089,"Kentucky","Greenup County",3,29,411,210,201
050,21,089,"Kentucky","Greenup County",3,30,451,224,227
050,21,089,"Kentucky","Greenup County",3,31,422,220,202
050,21,089,"Kentucky","Greenup County",3,32,383,198,185
050,21,089,"Kentucky","Greenup County",3,33,357,180,177
050,21,089,"Kentucky","Greenup County",3,34,364,167,197
050,21,089,"Kentucky","Greenup County",3,35,388,180,208
050,21,089,"Kentucky","Greenup County",3,36,391,196,195
050,21,089,"Kentucky","Greenup County",3,37,376,176,200
050,21,089,"Kentucky","Greenup County",3,38,412,202,210
050,21,089,"Kentucky","Greenup County",3,39,422,213,209
050,21,089,"Kentucky","Greenup County",3,40,438,217,221
050,21,089,"Kentucky","Greenup County",3,41,442,226,216
050,21,089,"Kentucky","Greenup County",3,42,421,211,210
050,21,089,"Kentucky","Greenup County",3,43,441,215,226
050,21,089,"Kentucky","Greenup County",3,44,468,234,234
050,21,089,"Kentucky","Greenup County",3,45,434,207,227
050,21,089,"Kentucky","Greenup County",3,46,435,203,232
050,21,089,"Kentucky","Greenup County",3,47,432,216,216
050,21,089,"Kentucky","Greenup County",3,48,451,209,242
050,21,089,"Kentucky","Greenup County",3,49,477,233,244
050,21,089,"Kentucky","Greenup County",3,50,508,247,261
050,21,089,"Kentucky","Greenup County",3,51,500,233,267
050,21,089,"Kentucky","Greenup County",3,52,498,235,263
050,21,089,"Kentucky","Greenup County",3,53,445,217,228
050,21,089,"Kentucky","Greenup County",3,54,458,221,237
050,21,089,"Kentucky","Greenup County",3,55,478,231,247
050,21,089,"Kentucky","Greenup County",3,56,488,253,235
050,21,089,"Kentucky","Greenup County",3,57,487,242,245
050,21,089,"Kentucky","Greenup County",3,58,483,232,251
050,21,089,"Kentucky","Greenup County",3,59,483,233,250
050,21,089,"Kentucky","Greenup County",3,60,479,238,241
050,21,089,"Kentucky","Greenup County",3,61,487,231,256
050,21,089,"Kentucky","Greenup County",3,62,499,231,268
050,21,089,"Kentucky","Greenup County",3,63,535,254,281
050,21,089,"Kentucky","Greenup County",3,64,554,271,283
050,21,089,"Kentucky","Greenup County",3,65,510,246,264
050,21,089,"Kentucky","Greenup County",3,66,492,228,264
050,21,089,"Kentucky","Greenup County",3,67,453,209,244
050,21,089,"Kentucky","Greenup County",3,68,470,209,261
050,21,089,"Kentucky","Greenup County",3,69,462,209,253
050,21,089,"Kentucky","Greenup County",3,70,439,195,244
050,21,089,"Kentucky","Greenup County",3,71,411,194,217
050,21,089,"Kentucky","Greenup County",3,72,415,186,229
050,21,089,"Kentucky","Greenup County",3,73,448,196,252
050,21,089,"Kentucky","Greenup County",3,74,473,210,263
050,21,089,"Kentucky","Greenup County",3,75,301,134,167
050,21,089,"Kentucky","Greenup County",3,76,290,138,152
050,21,089,"Kentucky","Greenup County",3,77,309,149,160
050,21,089,"Kentucky","Greenup County",3,78,284,126,158
050,21,089,"Kentucky","Greenup County",3,79,225,95,130
050,21,089,"Kentucky","Greenup County",3,80,218,81,137
050,21,089,"Kentucky","Greenup County",3,81,188,86,102
050,21,089,"Kentucky","Greenup County",3,82,184,79,105
050,21,089,"Kentucky","Greenup County",3,83,180,72,108
050,21,089,"Kentucky","Greenup County",3,84,164,66,98
050,21,089,"Kentucky","Greenup County",3,85,813,291,522
050,21,089,"Kentucky","Greenup County",4,0,321,167,154
050,21,089,"Kentucky","Greenup County",4,1,289,163,126
050,21,089,"Kentucky","Greenup County",4,2,370,188,182
050,21,089,"Kentucky","Greenup County",4,3,351,183,168
050,21,089,"Kentucky","Greenup County",4,4,401,217,184
050,21,089,"Kentucky","Greenup County",4,5,400,201,199
050,21,089,"Kentucky","Greenup County",4,6,413,208,205
050,21,089,"Kentucky","Greenup County",4,7,407,210,197
050,21,089,"Kentucky","Greenup County",4,8,448,232,216
050,21,089,"Kentucky","Greenup County",4,9,415,209,206
050,21,089,"Kentucky","Greenup County",4,10,428,232,196
050,21,089,"Kentucky","Greenup County",4,11,436,233,203
050,21,089,"Kentucky","Greenup County",4,12,436,235,201
050,21,089,"Kentucky","Greenup County",4,13,483,254,229
050,21,089,"Kentucky","Greenup County",4,14,489,251,238
050,21,089,"Kentucky","Greenup County",4,15,470,231,239
050,21,089,"Kentucky","Greenup County",4,16,473,239,234
050,21,089,"Kentucky","Greenup County",4,17,506,251,255
050,21,089,"Kentucky","Greenup County",4,18,418,225,193
050,21,089,"Kentucky","Greenup County",4,19,314,174,140
050,21,089,"Kentucky","Greenup County",4,20,314,170,144
050,21,089,"Kentucky","Greenup County",4,21,331,185,146
050,21,089,"Kentucky","Greenup County",4,22,346,179,167
050,21,089,"Kentucky","Greenup County",4,23,375,192,183
050,21,089,"Kentucky","Greenup County",4,24,362,187,175
050,21,089,"Kentucky","Greenup County",4,25,372,192,180
050,21,089,"Kentucky","Greenup County",4,26,392,202,190
050,21,089,"Kentucky","Greenup County",4,27,374,189,185
050,21,089,"Kentucky","Greenup County",4,28,422,226,196
050,21,089,"Kentucky","Greenup County",4,29,423,209,214
050,21,089,"Kentucky","Greenup County",4,30,410,201,209
050,21,089,"Kentucky","Greenup County",4,31,448,227,221
050,21,089,"Kentucky","Greenup County",4,32,411,204,207
050,21,089,"Kentucky","Greenup County",4,33,383,199,184
050,21,089,"Kentucky","Greenup County",4,34,385,197,188
050,21,089,"Kentucky","Greenup County",4,35,357,154,203
050,21,089,"Kentucky","Greenup County",4,36,388,178,210
050,21,089,"Kentucky","Greenup County",4,37,405,203,202
050,21,089,"Kentucky","Greenup County",4,38,358,175,183
050,21,089,"Kentucky","Greenup County",4,39,408,196,212
050,21,089,"Kentucky","Greenup County",4,40,431,220,211
050,21,089,"Kentucky","Greenup County",4,41,431,206,225
050,21,089,"Kentucky","Greenup County",4,42,447,224,223
050,21,089,"Kentucky","Greenup County",4,43,427,210,217
050,21,089,"Kentucky","Greenup County",4,44,435,211,224
050,21,089,"Kentucky","Greenup County",4,45,469,234,235
050,21,089,"Kentucky","Greenup County",4,46,430,206,224
050,21,089,"Kentucky","Greenup County",4,47,432,210,222
050,21,089,"Kentucky","Greenup County",4,48,435,214,221
050,21,089,"Kentucky","Greenup County",4,49,433,202,231
050,21,089,"Kentucky","Greenup County",4,50,478,232,246
050,21,089,"Kentucky","Greenup County",4,51,497,244,253
050,21,089,"Kentucky","Greenup County",4,52,492,238,254
050,21,089,"Kentucky","Greenup County",4,53,499,231,268
050,21,089,"Kentucky","Greenup County",4,54,441,212,229
050,21,089,"Kentucky","Greenup County",4,55,463,221,242
050,21,089,"Kentucky","Greenup County",4,56,479,239,240
050,21,089,"Kentucky","Greenup County",4,57,475,243,232
050,21,089,"Kentucky","Greenup County",4,58,489,238,251
050,21,089,"Kentucky","Greenup County",4,59,475,228,247
050,21,089,"Kentucky","Greenup County",4,60,482,232,250
050,21,089,"Kentucky","Greenup County",4,61,470,235,235
050,21,089,"Kentucky","Greenup County",4,62,472,219,253
050,21,089,"Kentucky","Greenup County",4,63,484,222,262
050,21,089,"Kentucky","Greenup County",4,64,522,250,272
050,21,089,"Kentucky","Greenup County",4,65,528,251,277
050,21,089,"Kentucky","Greenup County",4,66,510,248,262
050,21,089,"Kentucky","Greenup County",4,67,476,220,256
050,21,089,"Kentucky","Greenup County",4,68,445,200,245
050,21,089,"Kentucky","Greenup County",4,69,456,203,253
050,21,089,"Kentucky","Greenup County",4,70,445,200,245
050,21,089,"Kentucky","Greenup County",4,71,429,191,238
050,21,089,"Kentucky","Greenup County",4,72,394,182,212
050,21,089,"Kentucky","Greenup County",4,73,414,177,237
050,21,089,"Kentucky","Greenup County",4,74,426,188,238
050,21,089,"Kentucky","Greenup County",4,75,457,204,253
050,21,089,"Kentucky","Greenup County",4,76,281,129,152
050,21,089,"Kentucky","Greenup County",4,77,276,126,150
050,21,089,"Kentucky","Greenup County",4,78,288,143,145
050,21,089,"Kentucky","Greenup County",4,79,268,120,148
050,21,089,"Kentucky","Greenup County",4,80,220,83,137
050,21,089,"Kentucky","Greenup County",4,81,192,72,120
050,21,089,"Kentucky","Greenup County",4,82,187,86,101
050,21,089,"Kentucky","Greenup County",4,83,174,73,101
050,21,089,"Kentucky","Greenup County",4,84,162,67,95
050,21,089,"Kentucky","Greenup County",4,85,827,295,532
050,21,089,"Kentucky","Greenup County",5,0,297,146,151
050,21,089,"Kentucky","Greenup County",5,1,333,171,162
050,21,089,"Kentucky","Greenup County",5,2,304,175,129
050,21,089,"Kentucky","Greenup County",5,3,381,189,192
050,21,089,"Kentucky","Greenup County",5,4,357,194,163
050,21,089,"Kentucky","Greenup County",5,5,404,215,189
050,21,089,"Kentucky","Greenup County",5,6,404,207,197
050,21,089,"Kentucky","Greenup County",5,7,402,199,203
050,21,089,"Kentucky","Greenup County",5,8,421,214,207
050,21,089,"Kentucky","Greenup County",5,9,437,233,204
050,21,089,"Kentucky","Greenup County",5,10,441,234,207
050,21,089,"Kentucky","Greenup County",5,11,432,239,193
050,21,089,"Kentucky","Greenup County",5,12,436,235,201
050,21,089,"Kentucky","Greenup County",5,13,435,241,194
050,21,089,"Kentucky","Greenup County",5,14,476,255,221
050,21,089,"Kentucky","Greenup County",5,15,486,241,245
050,21,089,"Kentucky","Greenup County",5,16,454,226,228
050,21,089,"Kentucky","Greenup County",5,17,470,237,233
050,21,089,"Kentucky","Greenup County",5,18,408,217,191
050,21,089,"Kentucky","Greenup County",5,19,320,171,149
050,21,089,"Kentucky","Greenup County",5,20,343,188,155
050,21,089,"Kentucky","Greenup County",5,21,324,174,150
050,21,089,"Kentucky","Greenup County",5,22,372,209,163
050,21,089,"Kentucky","Greenup County",5,23,368,190,178
050,21,089,"Kentucky","Greenup County",5,24,377,201,176
050,21,089,"Kentucky","Greenup County",5,25,360,193,167
050,21,089,"Kentucky","Greenup County",5,26,384,192,192
050,21,089,"Kentucky","Greenup County",5,27,380,190,190
050,21,089,"Kentucky","Greenup County",5,28,371,185,186
050,21,089,"Kentucky","Greenup County",5,29,425,226,199
050,21,089,"Kentucky","Greenup County",5,30,448,212,236
050,21,089,"Kentucky","Greenup County",5,31,417,211,206
050,21,089,"Kentucky","Greenup County",5,32,441,220,221
050,21,089,"Kentucky","Greenup County",5,33,417,196,221
050,21,089,"Kentucky","Greenup County",5,34,391,203,188
050,21,089,"Kentucky","Greenup County",5,35,381,193,188
050,21,089,"Kentucky","Greenup County",5,36,355,160,195
050,21,089,"Kentucky","Greenup County",5,37,397,180,217
050,21,089,"Kentucky","Greenup County",5,38,416,211,205
050,21,089,"Kentucky","Greenup County",5,39,361,169,192
050,21,089,"Kentucky","Greenup County",5,40,405,201,204
050,21,089,"Kentucky","Greenup County",5,41,433,219,214
050,21,089,"Kentucky","Greenup County",5,42,428,211,217
050,21,089,"Kentucky","Greenup County",5,43,453,227,226
050,21,089,"Kentucky","Greenup County",5,44,416,210,206
050,21,089,"Kentucky","Greenup County",5,45,432,207,225
050,21,089,"Kentucky","Greenup County",5,46,460,232,228
050,21,089,"Kentucky","Greenup County",5,47,434,208,226
050,21,089,"Kentucky","Greenup County",5,48,423,201,222
050,21,089,"Kentucky","Greenup County",5,49,434,217,217
050,21,089,"Kentucky","Greenup County",5,50,433,202,231
050,21,089,"Kentucky","Greenup County",5,51,468,227,241
050,21,089,"Kentucky","Greenup County",5,52,499,242,257
050,21,089,"Kentucky","Greenup County",5,53,492,237,255
050,21,089,"Kentucky","Greenup County",5,54,492,223,269
050,21,089,"Kentucky","Greenup County",5,55,442,212,230
050,21,089,"Kentucky","Greenup County",5,56,463,229,234
050,21,089,"Kentucky","Greenup County",5,57,473,232,241
050,21,089,"Kentucky","Greenup County",5,58,477,237,240
050,21,089,"Kentucky","Greenup County",5,59,479,231,248
050,21,089,"Kentucky","Greenup County",5,60,473,226,247
050,21,089,"Kentucky","Greenup County",5,61,479,229,250
050,21,089,"Kentucky","Greenup County",5,62,463,229,234
050,21,089,"Kentucky","Greenup County",5,63,469,215,254
050,21,089,"Kentucky","Greenup County",5,64,473,217,256
050,21,089,"Kentucky","Greenup County",5,65,513,244,269
050,21,089,"Kentucky","Greenup County",5,66,529,252,277
050,21,089,"Kentucky","Greenup County",5,67,498,243,255
050,21,089,"Kentucky","Greenup County",5,68,473,222,251
050,21,089,"Kentucky","Greenup County",5,69,433,196,237
050,21,089,"Kentucky","Greenup County",5,70,435,188,247
050,21,089,"Kentucky","Greenup County",5,71,436,197,239
050,21,089,"Kentucky","Greenup County",5,72,409,175,234
050,21,089,"Kentucky","Greenup County",5,73,392,176,216
050,21,089,"Kentucky","Greenup County",5,74,395,170,225
050,21,089,"Kentucky","Greenup County",5,75,415,181,234
050,21,089,"Kentucky","Greenup County",5,76,441,199,242
050,21,089,"Kentucky","Greenup County",5,77,268,119,149
050,21,089,"Kentucky","Greenup County",5,78,257,118,139
050,21,089,"Kentucky","Greenup County",5,79,279,137,142
050,21,089,"Kentucky","Greenup County",5,80,260,112,148
050,21,089,"Kentucky","Greenup County",5,81,193,73,120
050,21,089,"Kentucky","Greenup County",5,82,192,72,120
050,21,089,"Kentucky","Greenup County",5,83,176,81,95
050,21,089,"Kentucky","Greenup County",5,84,154,64,90
050,21,089,"Kentucky","Greenup County",5,85,854,309,545
050,21,091,"Kentucky","Hancock County",1,0,101,49,52
050,21,091,"Kentucky","Hancock County",1,1,98,42,56
050,21,091,"Kentucky","Hancock County",1,2,120,76,44
050,21,091,"Kentucky","Hancock County",1,3,117,65,52
050,21,091,"Kentucky","Hancock County",1,4,130,65,65
050,21,091,"Kentucky","Hancock County",1,5,120,65,55
050,21,091,"Kentucky","Hancock County",1,6,114,59,55
050,21,091,"Kentucky","Hancock County",1,7,121,58,63
050,21,091,"Kentucky","Hancock County",1,8,128,69,59
050,21,091,"Kentucky","Hancock County",1,9,115,70,45
050,21,091,"Kentucky","Hancock County",1,10,119,59,60
050,21,091,"Kentucky","Hancock County",1,11,145,88,57
050,21,091,"Kentucky","Hancock County",1,12,142,87,55
050,21,091,"Kentucky","Hancock County",1,13,137,82,55
050,21,091,"Kentucky","Hancock County",1,14,146,81,65
050,21,091,"Kentucky","Hancock County",1,15,145,80,65
050,21,091,"Kentucky","Hancock County",1,16,141,82,59
050,21,091,"Kentucky","Hancock County",1,17,133,75,58
050,21,091,"Kentucky","Hancock County",1,18,122,61,61
050,21,091,"Kentucky","Hancock County",1,19,107,61,46
050,21,091,"Kentucky","Hancock County",1,20,89,48,41
050,21,091,"Kentucky","Hancock County",1,21,92,51,41
050,21,091,"Kentucky","Hancock County",1,22,101,49,52
050,21,091,"Kentucky","Hancock County",1,23,88,42,46
050,21,091,"Kentucky","Hancock County",1,24,101,57,44
050,21,091,"Kentucky","Hancock County",1,25,88,38,50
050,21,091,"Kentucky","Hancock County",1,26,110,50,60
050,21,091,"Kentucky","Hancock County",1,27,96,50,46
050,21,091,"Kentucky","Hancock County",1,28,106,54,52
050,21,091,"Kentucky","Hancock County",1,29,109,54,55
050,21,091,"Kentucky","Hancock County",1,30,116,58,58
050,21,091,"Kentucky","Hancock County",1,31,103,55,48
050,21,091,"Kentucky","Hancock County",1,32,91,48,43
050,21,091,"Kentucky","Hancock County",1,33,86,49,37
050,21,091,"Kentucky","Hancock County",1,34,88,49,39
050,21,091,"Kentucky","Hancock County",1,35,95,50,45
050,21,091,"Kentucky","Hancock County",1,36,89,39,50
050,21,091,"Kentucky","Hancock County",1,37,106,47,59
050,21,091,"Kentucky","Hancock County",1,38,116,60,56
050,21,091,"Kentucky","Hancock County",1,39,114,49,65
050,21,091,"Kentucky","Hancock County",1,40,115,58,57
050,21,091,"Kentucky","Hancock County",1,41,123,70,53
050,21,091,"Kentucky","Hancock County",1,42,120,59,61
050,21,091,"Kentucky","Hancock County",1,43,118,62,56
050,21,091,"Kentucky","Hancock County",1,44,103,49,54
050,21,091,"Kentucky","Hancock County",1,45,98,50,48
050,21,091,"Kentucky","Hancock County",1,46,101,51,50
050,21,091,"Kentucky","Hancock County",1,47,126,64,62
050,21,091,"Kentucky","Hancock County",1,48,130,63,67
050,21,091,"Kentucky","Hancock County",1,49,130,62,68
050,21,091,"Kentucky","Hancock County",1,50,121,63,58
050,21,091,"Kentucky","Hancock County",1,51,118,60,58
050,21,091,"Kentucky","Hancock County",1,52,124,64,60
050,21,091,"Kentucky","Hancock County",1,53,116,59,57
050,21,091,"Kentucky","Hancock County",1,54,113,60,53
050,21,091,"Kentucky","Hancock County",1,55,121,67,54
050,21,091,"Kentucky","Hancock County",1,56,123,68,55
050,21,091,"Kentucky","Hancock County",1,57,135,64,71
050,21,091,"Kentucky","Hancock County",1,58,145,74,71
050,21,091,"Kentucky","Hancock County",1,59,123,56,67
050,21,091,"Kentucky","Hancock County",1,60,115,55,60
050,21,091,"Kentucky","Hancock County",1,61,115,57,58
050,21,091,"Kentucky","Hancock County",1,62,116,61,55
050,21,091,"Kentucky","Hancock County",1,63,116,58,58
050,21,091,"Kentucky","Hancock County",1,64,103,55,48
050,21,091,"Kentucky","Hancock County",1,65,115,66,49
050,21,091,"Kentucky","Hancock County",1,66,121,62,59
050,21,091,"Kentucky","Hancock County",1,67,100,55,45
050,21,091,"Kentucky","Hancock County",1,68,82,50,32
050,21,091,"Kentucky","Hancock County",1,69,90,40,50
050,21,091,"Kentucky","Hancock County",1,70,90,41,49
050,21,091,"Kentucky","Hancock County",1,71,95,43,52
050,21,091,"Kentucky","Hancock County",1,72,100,48,52
050,21,091,"Kentucky","Hancock County",1,73,92,46,46
050,21,091,"Kentucky","Hancock County",1,74,70,36,34
050,21,091,"Kentucky","Hancock County",1,75,68,31,37
050,21,091,"Kentucky","Hancock County",1,76,72,32,40
050,21,091,"Kentucky","Hancock County",1,77,71,32,39
050,21,091,"Kentucky","Hancock County",1,78,53,24,29
050,21,091,"Kentucky","Hancock County",1,79,62,28,34
050,21,091,"Kentucky","Hancock County",1,80,51,26,25
050,21,091,"Kentucky","Hancock County",1,81,38,20,18
050,21,091,"Kentucky","Hancock County",1,82,37,20,17
050,21,091,"Kentucky","Hancock County",1,83,32,17,15
050,21,091,"Kentucky","Hancock County",1,84,24,11,13
050,21,091,"Kentucky","Hancock County",1,85,177,58,119
050,21,091,"Kentucky","Hancock County",2,0,93,45,48
050,21,091,"Kentucky","Hancock County",2,1,99,43,56
050,21,091,"Kentucky","Hancock County",2,2,117,69,48
050,21,091,"Kentucky","Hancock County",2,3,117,66,51
050,21,091,"Kentucky","Hancock County",2,4,129,65,64
050,21,091,"Kentucky","Hancock County",2,5,122,66,56
050,21,091,"Kentucky","Hancock County",2,6,117,61,56
050,21,091,"Kentucky","Hancock County",2,7,120,59,61
050,21,091,"Kentucky","Hancock County",2,8,125,67,58
050,21,091,"Kentucky","Hancock County",2,9,119,70,49
050,21,091,"Kentucky","Hancock County",2,10,119,63,56
050,21,091,"Kentucky","Hancock County",2,11,139,82,57
050,21,091,"Kentucky","Hancock County",2,12,143,87,56
050,21,091,"Kentucky","Hancock County",2,13,138,83,55
050,21,091,"Kentucky","Hancock County",2,14,144,82,62
050,21,091,"Kentucky","Hancock County",2,15,146,81,65
050,21,091,"Kentucky","Hancock County",2,16,144,83,61
050,21,091,"Kentucky","Hancock County",2,17,136,77,59
050,21,091,"Kentucky","Hancock County",2,18,119,62,57
050,21,091,"Kentucky","Hancock County",2,19,104,58,46
050,21,091,"Kentucky","Hancock County",2,20,95,54,41
050,21,091,"Kentucky","Hancock County",2,21,93,50,43
050,21,091,"Kentucky","Hancock County",2,22,98,49,49
050,21,091,"Kentucky","Hancock County",2,23,94,46,48
050,21,091,"Kentucky","Hancock County",2,24,95,51,44
050,21,091,"Kentucky","Hancock County",2,25,92,43,49
050,21,091,"Kentucky","Hancock County",2,26,105,48,57
050,21,091,"Kentucky","Hancock County",2,27,100,51,49
050,21,091,"Kentucky","Hancock County",2,28,105,54,51
050,21,091,"Kentucky","Hancock County",2,29,108,54,54
050,21,091,"Kentucky","Hancock County",2,30,114,56,58
050,21,091,"Kentucky","Hancock County",2,31,105,54,51
050,21,091,"Kentucky","Hancock County",2,32,92,48,44
050,21,091,"Kentucky","Hancock County",2,33,87,49,38
050,21,091,"Kentucky","Hancock County",2,34,87,48,39
050,21,091,"Kentucky","Hancock County",2,35,93,50,43
050,21,091,"Kentucky","Hancock County",2,36,91,42,49
050,21,091,"Kentucky","Hancock County",2,37,103,46,57
050,21,091,"Kentucky","Hancock County",2,38,114,57,57
050,21,091,"Kentucky","Hancock County",2,39,114,51,63
050,21,091,"Kentucky","Hancock County",2,40,117,57,60
050,21,091,"Kentucky","Hancock County",2,41,120,67,53
050,21,091,"Kentucky","Hancock County",2,42,120,61,59
050,21,091,"Kentucky","Hancock County",2,43,118,61,57
050,21,091,"Kentucky","Hancock County",2,44,106,52,54
050,21,091,"Kentucky","Hancock County",2,45,100,50,50
050,21,091,"Kentucky","Hancock County",2,46,99,50,49
050,21,091,"Kentucky","Hancock County",2,47,122,61,61
050,21,091,"Kentucky","Hancock County",2,48,128,62,66
050,21,091,"Kentucky","Hancock County",2,49,131,64,67
050,21,091,"Kentucky","Hancock County",2,50,122,63,59
050,21,091,"Kentucky","Hancock County",2,51,119,61,58
050,21,091,"Kentucky","Hancock County",2,52,121,62,59
050,21,091,"Kentucky","Hancock County",2,53,119,61,58
050,21,091,"Kentucky","Hancock County",2,54,114,60,54
050,21,091,"Kentucky","Hancock County",2,55,119,66,53
050,21,091,"Kentucky","Hancock County",2,56,124,68,56
050,21,091,"Kentucky","Hancock County",2,57,133,66,67
050,21,091,"Kentucky","Hancock County",2,58,143,72,71
050,21,091,"Kentucky","Hancock County",2,59,130,61,69
050,21,091,"Kentucky","Hancock County",2,60,116,55,61
050,21,091,"Kentucky","Hancock County",2,61,115,57,58
050,21,091,"Kentucky","Hancock County",2,62,118,61,57
050,21,091,"Kentucky","Hancock County",2,63,117,59,58
050,21,091,"Kentucky","Hancock County",2,64,103,54,49
050,21,091,"Kentucky","Hancock County",2,65,112,63,49
050,21,091,"Kentucky","Hancock County",2,66,120,63,57
050,21,091,"Kentucky","Hancock County",2,67,106,57,49
050,21,091,"Kentucky","Hancock County",2,68,84,49,35
050,21,091,"Kentucky","Hancock County",2,69,90,43,47
050,21,091,"Kentucky","Hancock County",2,70,89,41,48
050,21,091,"Kentucky","Hancock County",2,71,95,43,52
050,21,091,"Kentucky","Hancock County",2,72,97,46,51
050,21,091,"Kentucky","Hancock County",2,73,99,49,50
050,21,091,"Kentucky","Hancock County",2,74,70,36,34
050,21,091,"Kentucky","Hancock County",2,75,69,32,37
050,21,091,"Kentucky","Hancock County",2,76,71,31,40
050,21,091,"Kentucky","Hancock County",2,77,72,32,40
050,21,091,"Kentucky","Hancock County",2,78,57,26,31
050,21,091,"Kentucky","Hancock County",2,79,60,27,33
050,21,091,"Kentucky","Hancock County",2,80,51,26,25
050,21,091,"Kentucky","Hancock County",2,81,38,21,17
050,21,091,"Kentucky","Hancock County",2,82,38,20,18
050,21,091,"Kentucky","Hancock County",2,83,32,17,15
050,21,091,"Kentucky","Hancock County",2,84,25,11,14
050,21,091,"Kentucky","Hancock County",2,85,177,59,118
050,21,091,"Kentucky","Hancock County",3,0,86,47,39
050,21,091,"Kentucky","Hancock County",3,1,88,48,40
050,21,091,"Kentucky","Hancock County",3,2,97,41,56
050,21,091,"Kentucky","Hancock County",3,3,130,77,53
050,21,091,"Kentucky","Hancock County",3,4,107,67,40
050,21,091,"Kentucky","Hancock County",3,5,133,65,68
050,21,091,"Kentucky","Hancock County",3,6,120,61,59
050,21,091,"Kentucky","Hancock County",3,7,110,58,52
050,21,091,"Kentucky","Hancock County",3,8,119,55,64
050,21,091,"Kentucky","Hancock County",3,9,132,71,61
050,21,091,"Kentucky","Hancock County",3,10,123,70,53
050,21,091,"Kentucky","Hancock County",3,11,119,65,54
050,21,091,"Kentucky","Hancock County",3,12,140,80,60
050,21,091,"Kentucky","Hancock County",3,13,140,88,52
050,21,091,"Kentucky","Hancock County",3,14,140,87,53
050,21,091,"Kentucky","Hancock County",3,15,145,85,60
050,21,091,"Kentucky","Hancock County",3,16,151,82,69
050,21,091,"Kentucky","Hancock County",3,17,131,71,60
050,21,091,"Kentucky","Hancock County",3,18,111,65,46
050,21,091,"Kentucky","Hancock County",3,19,88,43,45
050,21,091,"Kentucky","Hancock County",3,20,107,57,50
050,21,091,"Kentucky","Hancock County",3,21,102,59,43
050,21,091,"Kentucky","Hancock County",3,22,94,54,40
050,21,091,"Kentucky","Hancock County",3,23,109,56,53
050,21,091,"Kentucky","Hancock County",3,24,99,53,46
050,21,091,"Kentucky","Hancock County",3,25,102,50,52
050,21,091,"Kentucky","Hancock County",3,26,94,40,54
050,21,091,"Kentucky","Hancock County",3,27,108,55,53
050,21,091,"Kentucky","Hancock County",3,28,98,49,49
050,21,091,"Kentucky","Hancock County",3,29,110,57,53
050,21,091,"Kentucky","Hancock County",3,30,109,55,54
050,21,091,"Kentucky","Hancock County",3,31,115,52,63
050,21,091,"Kentucky","Hancock County",3,32,106,57,49
050,21,091,"Kentucky","Hancock County",3,33,96,51,45
050,21,091,"Kentucky","Hancock County",3,34,78,40,38
050,21,091,"Kentucky","Hancock County",3,35,87,43,44
050,21,091,"Kentucky","Hancock County",3,36,96,54,42
050,21,091,"Kentucky","Hancock County",3,37,101,44,57
050,21,091,"Kentucky","Hancock County",3,38,104,46,58
050,21,091,"Kentucky","Hancock County",3,39,119,61,58
050,21,091,"Kentucky","Hancock County",3,40,112,52,60
050,21,091,"Kentucky","Hancock County",3,41,114,54,60
050,21,091,"Kentucky","Hancock County",3,42,116,66,50
050,21,091,"Kentucky","Hancock County",3,43,115,59,56
050,21,091,"Kentucky","Hancock County",3,44,123,67,56
050,21,091,"Kentucky","Hancock County",3,45,109,52,57
050,21,091,"Kentucky","Hancock County",3,46,103,54,49
050,21,091,"Kentucky","Hancock County",3,47,100,51,49
050,21,091,"Kentucky","Hancock County",3,48,120,58,62
050,21,091,"Kentucky","Hancock County",3,49,126,61,65
050,21,091,"Kentucky","Hancock County",3,50,135,67,68
050,21,091,"Kentucky","Hancock County",3,51,118,63,55
050,21,091,"Kentucky","Hancock County",3,52,120,61,59
050,21,091,"Kentucky","Hancock County",3,53,124,65,59
050,21,091,"Kentucky","Hancock County",3,54,121,61,60
050,21,091,"Kentucky","Hancock County",3,55,115,61,54
050,21,091,"Kentucky","Hancock County",3,56,125,69,56
050,21,091,"Kentucky","Hancock County",3,57,124,68,56
050,21,091,"Kentucky","Hancock County",3,58,133,68,65
050,21,091,"Kentucky","Hancock County",3,59,141,70,71
050,21,091,"Kentucky","Hancock County",3,60,132,64,68
050,21,091,"Kentucky","Hancock County",3,61,113,52,61
050,21,091,"Kentucky","Hancock County",3,62,115,56,59
050,21,091,"Kentucky","Hancock County",3,63,114,58,56
050,21,091,"Kentucky","Hancock County",3,64,109,57,52
050,21,091,"Kentucky","Hancock County",3,65,105,55,50
050,21,091,"Kentucky","Hancock County",3,66,108,59,49
050,21,091,"Kentucky","Hancock County",3,67,123,64,59
050,21,091,"Kentucky","Hancock County",3,68,104,55,49
050,21,091,"Kentucky","Hancock County",3,69,82,46,36
050,21,091,"Kentucky","Hancock County",3,70,85,41,44
050,21,091,"Kentucky","Hancock County",3,71,86,38,48
050,21,091,"Kentucky","Hancock County",3,72,91,39,52
050,21,091,"Kentucky","Hancock County",3,73,94,43,51
050,21,091,"Kentucky","Hancock County",3,74,91,43,48
050,21,091,"Kentucky","Hancock County",3,75,64,33,31
050,21,091,"Kentucky","Hancock County",3,76,68,32,36
050,21,091,"Kentucky","Hancock County",3,77,64,28,36
050,21,091,"Kentucky","Hancock County",3,78,61,25,36
050,21,091,"Kentucky","Hancock County",3,79,55,25,30
050,21,091,"Kentucky","Hancock County",3,80,49,23,26
050,21,091,"Kentucky","Hancock County",3,81,52,28,24
050,21,091,"Kentucky","Hancock County",3,82,33,18,15
050,21,091,"Kentucky","Hancock County",3,83,33,19,14
050,21,091,"Kentucky","Hancock County",3,84,32,15,17
050,21,091,"Kentucky","Hancock County",3,85,172,55,117
050,21,091,"Kentucky","Hancock County",4,0,93,51,42
050,21,091,"Kentucky","Hancock County",4,1,86,45,41
050,21,091,"Kentucky","Hancock County",4,2,88,52,36
050,21,091,"Kentucky","Hancock County",4,3,93,41,52
050,21,091,"Kentucky","Hancock County",4,4,125,76,49
050,21,091,"Kentucky","Hancock County",4,5,116,68,48
050,21,091,"Kentucky","Hancock County",4,6,134,68,66
050,21,091,"Kentucky","Hancock County",4,7,130,64,66
050,21,091,"Kentucky","Hancock County",4,8,105,59,46
050,21,091,"Kentucky","Hancock County",4,9,124,54,70
050,21,091,"Kentucky","Hancock County",4,10,129,70,59
050,21,091,"Kentucky","Hancock County",4,11,123,68,55
050,21,091,"Kentucky","Hancock County",4,12,121,63,58
050,21,091,"Kentucky","Hancock County",4,13,134,77,57
050,21,091,"Kentucky","Hancock County",4,14,136,84,52
050,21,091,"Kentucky","Hancock County",4,15,144,87,57
050,21,091,"Kentucky","Hancock County",4,16,137,82,55
050,21,091,"Kentucky","Hancock County",4,17,150,78,72
050,21,091,"Kentucky","Hancock County",4,18,116,67,49
050,21,091,"Kentucky","Hancock County",4,19,77,43,34
050,21,091,"Kentucky","Hancock County",4,20,90,41,49
050,21,091,"Kentucky","Hancock County",4,21,114,59,55
050,21,091,"Kentucky","Hancock County",4,22,99,60,39
050,21,091,"Kentucky","Hancock County",4,23,113,63,50
050,21,091,"Kentucky","Hancock County",4,24,94,50,44
050,21,091,"Kentucky","Hancock County",4,25,98,48,50
050,21,091,"Kentucky","Hancock County",4,26,105,53,52
050,21,091,"Kentucky","Hancock County",4,27,99,41,58
050,21,091,"Kentucky","Hancock County",4,28,104,49,55
050,21,091,"Kentucky","Hancock County",4,29,94,45,49
050,21,091,"Kentucky","Hancock County",4,30,114,62,52
050,21,091,"Kentucky","Hancock County",4,31,110,57,53
050,21,091,"Kentucky","Hancock County",4,32,110,45,65
050,21,091,"Kentucky","Hancock County",4,33,107,61,46
050,21,091,"Kentucky","Hancock County",4,34,98,52,46
050,21,091,"Kentucky","Hancock County",4,35,80,42,38
050,21,091,"Kentucky","Hancock County",4,36,88,45,43
050,21,091,"Kentucky","Hancock County",4,37,99,57,42
050,21,091,"Kentucky","Hancock County",4,38,105,43,62
050,21,091,"Kentucky","Hancock County",4,39,95,43,52
050,21,091,"Kentucky","Hancock County",4,40,120,61,59
050,21,091,"Kentucky","Hancock County",4,41,114,56,58
050,21,091,"Kentucky","Hancock County",4,42,109,53,56
050,21,091,"Kentucky","Hancock County",4,43,117,64,53
050,21,091,"Kentucky","Hancock County",4,44,116,61,55
050,21,091,"Kentucky","Hancock County",4,45,119,63,56
050,21,091,"Kentucky","Hancock County",4,46,103,48,55
050,21,091,"Kentucky","Hancock County",4,47,110,60,50
050,21,091,"Kentucky","Hancock County",4,48,98,48,50
050,21,091,"Kentucky","Hancock County",4,49,115,56,59
050,21,091,"Kentucky","Hancock County",4,50,125,62,63
050,21,091,"Kentucky","Hancock County",4,51,142,71,71
050,21,091,"Kentucky","Hancock County",4,52,116,65,51
050,21,091,"Kentucky","Hancock County",4,53,117,61,56
050,21,091,"Kentucky","Hancock County",4,54,121,65,56
050,21,091,"Kentucky","Hancock County",4,55,119,57,62
050,21,091,"Kentucky","Hancock County",4,56,117,64,53
050,21,091,"Kentucky","Hancock County",4,57,127,68,59
050,21,091,"Kentucky","Hancock County",4,58,126,66,60
050,21,091,"Kentucky","Hancock County",4,59,125,63,62
050,21,091,"Kentucky","Hancock County",4,60,142,71,71
050,21,091,"Kentucky","Hancock County",4,61,127,63,64
050,21,091,"Kentucky","Hancock County",4,62,112,48,64
050,21,091,"Kentucky","Hancock County",4,63,112,50,62
050,21,091,"Kentucky","Hancock County",4,64,109,58,51
050,21,091,"Kentucky","Hancock County",4,65,112,59,53
050,21,091,"Kentucky","Hancock County",4,66,102,53,49
050,21,091,"Kentucky","Hancock County",4,67,108,61,47
050,21,091,"Kentucky","Hancock County",4,68,125,64,61
050,21,091,"Kentucky","Hancock County",4,69,107,55,52
050,21,091,"Kentucky","Hancock County",4,70,80,48,32
050,21,091,"Kentucky","Hancock County",4,71,81,38,43
050,21,091,"Kentucky","Hancock County",4,72,83,39,44
050,21,091,"Kentucky","Hancock County",4,73,91,35,56
050,21,091,"Kentucky","Hancock County",4,74,92,42,50
050,21,091,"Kentucky","Hancock County",4,75,82,37,45
050,21,091,"Kentucky","Hancock County",4,76,66,34,32
050,21,091,"Kentucky","Hancock County",4,77,64,29,35
050,21,091,"Kentucky","Hancock County",4,78,56,21,35
050,21,091,"Kentucky","Hancock County",4,79,62,23,39
050,21,091,"Kentucky","Hancock County",4,80,42,18,24
050,21,091,"Kentucky","Hancock County",4,81,48,24,24
050,21,091,"Kentucky","Hancock County",4,82,49,25,24
050,21,091,"Kentucky","Hancock County",4,83,29,15,14
050,21,091,"Kentucky","Hancock County",4,84,33,15,18
050,21,091,"Kentucky","Hancock County",4,85,180,62,118
050,21,091,"Kentucky","Hancock County",5,0,95,53,42
050,21,091,"Kentucky","Hancock County",5,1,85,43,42
050,21,091,"Kentucky","Hancock County",5,2,87,43,44
050,21,091,"Kentucky","Hancock County",5,3,93,52,41
050,21,091,"Kentucky","Hancock County",5,4,104,49,55
050,21,091,"Kentucky","Hancock County",5,5,121,74,47
050,21,091,"Kentucky","Hancock County",5,6,118,69,49
050,21,091,"Kentucky","Hancock County",5,7,133,74,59
050,21,091,"Kentucky","Hancock County",5,8,127,65,62
050,21,091,"Kentucky","Hancock County",5,9,103,56,47
050,21,091,"Kentucky","Hancock County",5,10,106,46,60
050,21,091,"Kentucky","Hancock County",5,11,124,67,57
050,21,091,"Kentucky","Hancock County",5,12,118,68,50
050,21,091,"Kentucky","Hancock County",5,13,120,64,56
050,21,091,"Kentucky","Hancock County",5,14,135,77,58
050,21,091,"Kentucky","Hancock County",5,15,136,84,52
050,21,091,"Kentucky","Hancock County",5,16,137,84,53
050,21,091,"Kentucky","Hancock County",5,17,134,78,56
050,21,091,"Kentucky","Hancock County",5,18,119,69,50
050,21,091,"Kentucky","Hancock County",5,19,88,49,39
050,21,091,"Kentucky","Hancock County",5,20,87,49,38
050,21,091,"Kentucky","Hancock County",5,21,91,43,48
050,21,091,"Kentucky","Hancock County",5,22,124,68,56
050,21,091,"Kentucky","Hancock County",5,23,95,55,40
050,21,091,"Kentucky","Hancock County",5,24,115,64,51
050,21,091,"Kentucky","Hancock County",5,25,84,47,37
050,21,091,"Kentucky","Hancock County",5,26,96,46,50
050,21,091,"Kentucky","Hancock County",5,27,109,56,53
050,21,091,"Kentucky","Hancock County",5,28,102,44,58
050,21,091,"Kentucky","Hancock County",5,29,108,48,60
050,21,091,"Kentucky","Hancock County",5,30,91,46,45
050,21,091,"Kentucky","Hancock County",5,31,112,57,55
050,21,091,"Kentucky","Hancock County",5,32,104,50,54
050,21,091,"Kentucky","Hancock County",5,33,112,49,63
050,21,091,"Kentucky","Hancock County",5,34,97,53,44
050,21,091,"Kentucky","Hancock County",5,35,92,49,43
050,21,091,"Kentucky","Hancock County",5,36,70,34,36
050,21,091,"Kentucky","Hancock County",5,37,87,45,42
050,21,091,"Kentucky","Hancock County",5,38,98,57,41
050,21,091,"Kentucky","Hancock County",5,39,105,44,61
050,21,091,"Kentucky","Hancock County",5,40,97,44,53
050,21,091,"Kentucky","Hancock County",5,41,118,58,60
050,21,091,"Kentucky","Hancock County",5,42,117,59,58
050,21,091,"Kentucky","Hancock County",5,43,105,51,54
050,21,091,"Kentucky","Hancock County",5,44,121,69,52
050,21,091,"Kentucky","Hancock County",5,45,117,65,52
050,21,091,"Kentucky","Hancock County",5,46,117,61,56
050,21,091,"Kentucky","Hancock County",5,47,111,54,57
050,21,091,"Kentucky","Hancock County",5,48,107,57,50
050,21,091,"Kentucky","Hancock County",5,49,101,52,49
050,21,091,"Kentucky","Hancock County",5,50,120,61,59
050,21,091,"Kentucky","Hancock County",5,51,126,60,66
050,21,091,"Kentucky","Hancock County",5,52,143,72,71
050,21,091,"Kentucky","Hancock County",5,53,108,58,50
050,21,091,"Kentucky","Hancock County",5,54,120,61,59
050,21,091,"Kentucky","Hancock County",5,55,123,65,58
050,21,091,"Kentucky","Hancock County",5,56,124,60,64
050,21,091,"Kentucky","Hancock County",5,57,111,61,50
050,21,091,"Kentucky","Hancock County",5,58,126,66,60
050,21,091,"Kentucky","Hancock County",5,59,124,64,60
050,21,091,"Kentucky","Hancock County",5,60,122,61,61
050,21,091,"Kentucky","Hancock County",5,61,139,71,68
050,21,091,"Kentucky","Hancock County",5,62,131,61,70
050,21,091,"Kentucky","Hancock County",5,63,108,44,64
050,21,091,"Kentucky","Hancock County",5,64,107,50,57
050,21,091,"Kentucky","Hancock County",5,65,105,56,49
050,21,091,"Kentucky","Hancock County",5,66,108,56,52
050,21,091,"Kentucky","Hancock County",5,67,104,53,51
050,21,091,"Kentucky","Hancock County",5,68,108,60,48
050,21,091,"Kentucky","Hancock County",5,69,128,63,65
050,21,091,"Kentucky","Hancock County",5,70,104,56,48
050,21,091,"Kentucky","Hancock County",5,71,73,42,31
050,21,091,"Kentucky","Hancock County",5,72,76,38,38
050,21,091,"Kentucky","Hancock County",5,73,81,35,46
050,21,091,"Kentucky","Hancock County",5,74,87,33,54
050,21,091,"Kentucky","Hancock County",5,75,83,37,46
050,21,091,"Kentucky","Hancock County",5,76,87,38,49
050,21,091,"Kentucky","Hancock County",5,77,64,33,31
050,21,091,"Kentucky","Hancock County",5,78,56,23,33
050,21,091,"Kentucky","Hancock County",5,79,56,20,36
050,21,091,"Kentucky","Hancock County",5,80,50,17,33
050,21,091,"Kentucky","Hancock County",5,81,41,20,21
050,21,091,"Kentucky","Hancock County",5,82,44,21,23
050,21,091,"Kentucky","Hancock County",5,83,45,22,23
050,21,091,"Kentucky","Hancock County",5,84,27,11,16
050,21,091,"Kentucky","Hancock County",5,85,188,68,120
050,21,093,"Kentucky","Hardin County",1,0,1351,695,656
050,21,093,"Kentucky","Hardin County",1,1,1374,707,667
050,21,093,"Kentucky","Hardin County",1,2,1462,772,690
050,21,093,"Kentucky","Hardin County",1,3,1445,738,707
050,21,093,"Kentucky","Hardin County",1,4,1489,767,722
050,21,093,"Kentucky","Hardin County",1,5,1546,776,770
050,21,093,"Kentucky","Hardin County",1,6,1560,828,732
050,21,093,"Kentucky","Hardin County",1,7,1542,804,738
050,21,093,"Kentucky","Hardin County",1,8,1485,750,735
050,21,093,"Kentucky","Hardin County",1,9,1554,784,770
050,21,093,"Kentucky","Hardin County",1,10,1520,781,739
050,21,093,"Kentucky","Hardin County",1,11,1524,769,755
050,21,093,"Kentucky","Hardin County",1,12,1642,844,798
050,21,093,"Kentucky","Hardin County",1,13,1682,862,820
050,21,093,"Kentucky","Hardin County",1,14,1606,811,795
050,21,093,"Kentucky","Hardin County",1,15,1582,787,795
050,21,093,"Kentucky","Hardin County",1,16,1498,768,730
050,21,093,"Kentucky","Hardin County",1,17,1499,775,724
050,21,093,"Kentucky","Hardin County",1,18,1305,697,608
050,21,093,"Kentucky","Hardin County",1,19,1213,680,533
050,21,093,"Kentucky","Hardin County",1,20,1341,770,571
050,21,093,"Kentucky","Hardin County",1,21,1343,771,572
050,21,093,"Kentucky","Hardin County",1,22,1425,784,641
050,21,093,"Kentucky","Hardin County",1,23,1463,793,670
050,21,093,"Kentucky","Hardin County",1,24,1434,763,671
050,21,093,"Kentucky","Hardin County",1,25,1428,774,654
050,21,093,"Kentucky","Hardin County",1,26,1453,771,682
050,21,093,"Kentucky","Hardin County",1,27,1482,771,711
050,21,093,"Kentucky","Hardin County",1,28,1523,794,729
050,21,093,"Kentucky","Hardin County",1,29,1497,743,754
050,21,093,"Kentucky","Hardin County",1,30,1532,764,768
050,21,093,"Kentucky","Hardin County",1,31,1402,675,727
050,21,093,"Kentucky","Hardin County",1,32,1473,740,733
050,21,093,"Kentucky","Hardin County",1,33,1422,704,718
050,21,093,"Kentucky","Hardin County",1,34,1473,723,750
050,21,093,"Kentucky","Hardin County",1,35,1497,740,757
050,21,093,"Kentucky","Hardin County",1,36,1497,755,742
050,21,093,"Kentucky","Hardin County",1,37,1540,769,771
050,21,093,"Kentucky","Hardin County",1,38,1595,792,803
050,21,093,"Kentucky","Hardin County",1,39,1571,781,790
050,21,093,"Kentucky","Hardin County",1,40,1471,723,748
050,21,093,"Kentucky","Hardin County",1,41,1432,712,720
050,21,093,"Kentucky","Hardin County",1,42,1406,703,703
050,21,093,"Kentucky","Hardin County",1,43,1411,713,698
050,21,093,"Kentucky","Hardin County",1,44,1325,668,657
050,21,093,"Kentucky","Hardin County",1,45,1306,664,642
050,21,093,"Kentucky","Hardin County",1,46,1348,702,646
050,21,093,"Kentucky","Hardin County",1,47,1346,655,691
050,21,093,"Kentucky","Hardin County",1,48,1418,714,704
050,21,093,"Kentucky","Hardin County",1,49,1503,780,723
050,21,093,"Kentucky","Hardin County",1,50,1427,711,716
050,21,093,"Kentucky","Hardin County",1,51,1385,671,714
050,21,093,"Kentucky","Hardin County",1,52,1277,633,644
050,21,093,"Kentucky","Hardin County",1,53,1351,691,660
050,21,093,"Kentucky","Hardin County",1,54,1410,711,699
050,21,093,"Kentucky","Hardin County",1,55,1483,706,777
050,21,093,"Kentucky","Hardin County",1,56,1530,747,783
050,21,093,"Kentucky","Hardin County",1,57,1597,825,772
050,21,093,"Kentucky","Hardin County",1,58,1546,749,797
050,21,093,"Kentucky","Hardin County",1,59,1516,737,779
050,21,093,"Kentucky","Hardin County",1,60,1518,750,768
050,21,093,"Kentucky","Hardin County",1,61,1411,677,734
050,21,093,"Kentucky","Hardin County",1,62,1352,644,708
050,21,093,"Kentucky","Hardin County",1,63,1318,633,685
050,21,093,"Kentucky","Hardin County",1,64,1273,597,676
050,21,093,"Kentucky","Hardin County",1,65,1263,582,681
050,21,093,"Kentucky","Hardin County",1,66,1133,540,593
050,21,093,"Kentucky","Hardin County",1,67,1096,510,586
050,21,093,"Kentucky","Hardin County",1,68,1053,495,558
050,21,093,"Kentucky","Hardin County",1,69,970,448,522
050,21,093,"Kentucky","Hardin County",1,70,920,451,469
050,21,093,"Kentucky","Hardin County",1,71,953,458,495
050,21,093,"Kentucky","Hardin County",1,72,904,399,505
050,21,093,"Kentucky","Hardin County",1,73,852,367,485
050,21,093,"Kentucky","Hardin County",1,74,624,275,349
050,21,093,"Kentucky","Hardin County",1,75,614,265,349
050,21,093,"Kentucky","Hardin County",1,76,637,268,369
050,21,093,"Kentucky","Hardin County",1,77,599,268,331
050,21,093,"Kentucky","Hardin County",1,78,527,232,295
050,21,093,"Kentucky","Hardin County",1,79,488,206,282
050,21,093,"Kentucky","Hardin County",1,80,451,195,256
050,21,093,"Kentucky","Hardin County",1,81,406,163,243
050,21,093,"Kentucky","Hardin County",1,82,336,123,213
050,21,093,"Kentucky","Hardin County",1,83,273,109,164
050,21,093,"Kentucky","Hardin County",1,84,321,125,196
050,21,093,"Kentucky","Hardin County",1,85,1646,587,1059
050,21,093,"Kentucky","Hardin County",2,0,1359,705,654
050,21,093,"Kentucky","Hardin County",2,1,1367,705,662
050,21,093,"Kentucky","Hardin County",2,2,1439,756,683
050,21,093,"Kentucky","Hardin County",2,3,1442,744,698
050,21,093,"Kentucky","Hardin County",2,4,1482,762,720
050,21,093,"Kentucky","Hardin County",2,5,1534,775,759
050,21,093,"Kentucky","Hardin County",2,6,1570,820,750
050,21,093,"Kentucky","Hardin County",2,7,1539,806,733
050,21,093,"Kentucky","Hardin County",2,8,1496,760,736
050,21,093,"Kentucky","Hardin County",2,9,1531,770,761
050,21,093,"Kentucky","Hardin County",2,10,1518,772,746
050,21,093,"Kentucky","Hardin County",2,11,1520,766,754
050,21,093,"Kentucky","Hardin County",2,12,1629,832,797
050,21,093,"Kentucky","Hardin County",2,13,1672,855,817
050,21,093,"Kentucky","Hardin County",2,14,1625,820,805
050,21,093,"Kentucky","Hardin County",2,15,1585,793,792
050,21,093,"Kentucky","Hardin County",2,16,1519,773,746
050,21,093,"Kentucky","Hardin County",2,17,1498,773,725
050,21,093,"Kentucky","Hardin County",2,18,1306,702,604
050,21,093,"Kentucky","Hardin County",2,19,1215,680,535
050,21,093,"Kentucky","Hardin County",2,20,1354,773,581
050,21,093,"Kentucky","Hardin County",2,21,1355,772,583
050,21,093,"Kentucky","Hardin County",2,22,1421,786,635
050,21,093,"Kentucky","Hardin County",2,23,1467,792,675
050,21,093,"Kentucky","Hardin County",2,24,1441,775,666
050,21,093,"Kentucky","Hardin County",2,25,1430,772,658
050,21,093,"Kentucky","Hardin County",2,26,1450,772,678
050,21,093,"Kentucky","Hardin County",2,27,1484,777,707
050,21,093,"Kentucky","Hardin County",2,28,1504,783,721
050,21,093,"Kentucky","Hardin County",2,29,1511,763,748
050,21,093,"Kentucky","Hardin County",2,30,1522,757,765
050,21,093,"Kentucky","Hardin County",2,31,1427,692,735
050,21,093,"Kentucky","Hardin County",2,32,1456,725,731
050,21,093,"Kentucky","Hardin County",2,33,1435,712,723
050,21,093,"Kentucky","Hardin County",2,34,1462,720,742
050,21,093,"Kentucky","Hardin County",2,35,1500,739,761
050,21,093,"Kentucky","Hardin County",2,36,1488,745,743
050,21,093,"Kentucky","Hardin County",2,37,1532,769,763
050,21,093,"Kentucky","Hardin County",2,38,1586,780,806
050,21,093,"Kentucky","Hardin County",2,39,1567,779,788
050,21,093,"Kentucky","Hardin County",2,40,1496,737,759
050,21,093,"Kentucky","Hardin County",2,41,1439,713,726
050,21,093,"Kentucky","Hardin County",2,42,1412,707,705
050,21,093,"Kentucky","Hardin County",2,43,1420,718,702
050,21,093,"Kentucky","Hardin County",2,44,1328,670,658
050,21,093,"Kentucky","Hardin County",2,45,1319,674,645
050,21,093,"Kentucky","Hardin County",2,46,1336,689,647
050,21,093,"Kentucky","Hardin County",2,47,1340,660,680
050,21,093,"Kentucky","Hardin County",2,48,1404,704,700
050,21,093,"Kentucky","Hardin County",2,49,1490,769,721
050,21,093,"Kentucky","Hardin County",2,50,1444,725,719
050,21,093,"Kentucky","Hardin County",2,51,1386,676,710
050,21,093,"Kentucky","Hardin County",2,52,1291,635,656
050,21,093,"Kentucky","Hardin County",2,53,1336,678,658
050,21,093,"Kentucky","Hardin County",2,54,1381,699,682
050,21,093,"Kentucky","Hardin County",2,55,1462,704,758
050,21,093,"Kentucky","Hardin County",2,56,1521,740,781
050,21,093,"Kentucky","Hardin County",2,57,1575,799,776
050,21,093,"Kentucky","Hardin County",2,58,1556,767,789
050,21,093,"Kentucky","Hardin County",2,59,1533,745,788
050,21,093,"Kentucky","Hardin County",2,60,1512,745,767
050,21,093,"Kentucky","Hardin County",2,61,1430,692,738
050,21,093,"Kentucky","Hardin County",2,62,1366,653,713
050,21,093,"Kentucky","Hardin County",2,63,1332,639,693
050,21,093,"Kentucky","Hardin County",2,64,1273,600,673
050,21,093,"Kentucky","Hardin County",2,65,1258,581,677
050,21,093,"Kentucky","Hardin County",2,66,1161,546,615
050,21,093,"Kentucky","Hardin County",2,67,1098,513,585
050,21,093,"Kentucky","Hardin County",2,68,1054,492,562
050,21,093,"Kentucky","Hardin County",2,69,990,459,531
050,21,093,"Kentucky","Hardin County",2,70,928,448,480
050,21,093,"Kentucky","Hardin County",2,71,946,454,492
050,21,093,"Kentucky","Hardin County",2,72,895,404,491
050,21,093,"Kentucky","Hardin County",2,73,904,392,512
050,21,093,"Kentucky","Hardin County",2,74,638,279,359
050,21,093,"Kentucky","Hardin County",2,75,613,262,351
050,21,093,"Kentucky","Hardin County",2,76,625,264,361
050,21,093,"Kentucky","Hardin County",2,77,615,272,343
050,21,093,"Kentucky","Hardin County",2,78,530,233,297
050,21,093,"Kentucky","Hardin County",2,79,487,204,283
050,21,093,"Kentucky","Hardin County",2,80,457,198,259
050,21,093,"Kentucky","Hardin County",2,81,414,168,246
050,21,093,"Kentucky","Hardin County",2,82,349,129,220
050,21,093,"Kentucky","Hardin County",2,83,282,111,171
050,21,093,"Kentucky","Hardin County",2,84,303,116,187
050,21,093,"Kentucky","Hardin County",2,85,1662,591,1071
050,21,093,"Kentucky","Hardin County",3,0,1441,729,712
050,21,093,"Kentucky","Hardin County",3,1,1425,736,689
050,21,093,"Kentucky","Hardin County",3,2,1395,698,697
050,21,093,"Kentucky","Hardin County",3,3,1484,768,716
050,21,093,"Kentucky","Hardin County",3,4,1485,751,734
050,21,093,"Kentucky","Hardin County",3,5,1537,809,728
050,21,093,"Kentucky","Hardin County",3,6,1598,794,804
050,21,093,"Kentucky","Hardin County",3,7,1595,843,752
050,21,093,"Kentucky","Hardin County",3,8,1575,843,732
050,21,093,"Kentucky","Hardin County",3,9,1507,765,742
050,21,093,"Kentucky","Hardin County",3,10,1557,794,763
050,21,093,"Kentucky","Hardin County",3,11,1554,787,767
050,21,093,"Kentucky","Hardin County",3,12,1555,790,765
050,21,093,"Kentucky","Hardin County",3,13,1686,866,820
050,21,093,"Kentucky","Hardin County",3,14,1689,880,809
050,21,093,"Kentucky","Hardin County",3,15,1600,819,781
050,21,093,"Kentucky","Hardin County",3,16,1595,808,787
050,21,093,"Kentucky","Hardin County",3,17,1559,794,765
050,21,093,"Kentucky","Hardin County",3,18,1324,733,591
050,21,093,"Kentucky","Hardin County",3,19,1170,658,512
050,21,093,"Kentucky","Hardin County",3,20,1331,742,589
050,21,093,"Kentucky","Hardin County",3,21,1379,796,583
050,21,093,"Kentucky","Hardin County",3,22,1392,783,609
050,21,093,"Kentucky","Hardin County",3,23,1462,787,675
050,21,093,"Kentucky","Hardin County",3,24,1510,811,699
050,21,093,"Kentucky","Hardin County",3,25,1428,750,678
050,21,093,"Kentucky","Hardin County",3,26,1405,748,657
050,21,093,"Kentucky","Hardin County",3,27,1477,774,703
050,21,093,"Kentucky","Hardin County",3,28,1489,783,706
050,21,093,"Kentucky","Hardin County",3,29,1507,781,726
050,21,093,"Kentucky","Hardin County",3,30,1526,762,764
050,21,093,"Kentucky","Hardin County",3,31,1523,746,777
050,21,093,"Kentucky","Hardin County",3,32,1519,736,783
050,21,093,"Kentucky","Hardin County",3,33,1450,746,704
050,21,093,"Kentucky","Hardin County",3,34,1455,720,735
050,21,093,"Kentucky","Hardin County",3,35,1489,727,762
050,21,093,"Kentucky","Hardin County",3,36,1560,765,795
050,21,093,"Kentucky","Hardin County",3,37,1548,774,774
050,21,093,"Kentucky","Hardin County",3,38,1570,784,786
050,21,093,"Kentucky","Hardin County",3,39,1618,811,807
050,21,093,"Kentucky","Hardin County",3,40,1593,809,784
050,21,093,"Kentucky","Hardin County",3,41,1512,765,747
050,21,093,"Kentucky","Hardin County",3,42,1419,703,716
050,21,093,"Kentucky","Hardin County",3,43,1418,700,718
050,21,093,"Kentucky","Hardin County",3,44,1400,704,696
050,21,093,"Kentucky","Hardin County",3,45,1326,679,647
050,21,093,"Kentucky","Hardin County",3,46,1339,699,640
050,21,093,"Kentucky","Hardin County",3,47,1330,673,657
050,21,093,"Kentucky","Hardin County",3,48,1339,672,667
050,21,093,"Kentucky","Hardin County",3,49,1407,712,695
050,21,093,"Kentucky","Hardin County",3,50,1468,760,708
050,21,093,"Kentucky","Hardin County",3,51,1435,728,707
050,21,093,"Kentucky","Hardin County",3,52,1343,654,689
050,21,093,"Kentucky","Hardin County",3,53,1283,627,656
050,21,093,"Kentucky","Hardin County",3,54,1300,645,655
050,21,093,"Kentucky","Hardin County",3,55,1371,691,680
050,21,093,"Kentucky","Hardin County",3,56,1457,707,750
050,21,093,"Kentucky","Hardin County",3,57,1487,728,759
050,21,093,"Kentucky","Hardin County",3,58,1532,780,752
050,21,093,"Kentucky","Hardin County",3,59,1538,752,786
050,21,093,"Kentucky","Hardin County",3,60,1496,735,761
050,21,093,"Kentucky","Hardin County",3,61,1478,717,761
050,21,093,"Kentucky","Hardin County",3,62,1398,673,725
050,21,093,"Kentucky","Hardin County",3,63,1353,639,714
050,21,093,"Kentucky","Hardin County",3,64,1310,627,683
050,21,093,"Kentucky","Hardin County",3,65,1227,589,638
050,21,093,"Kentucky","Hardin County",3,66,1231,559,672
050,21,093,"Kentucky","Hardin County",3,67,1132,528,604
050,21,093,"Kentucky","Hardin County",3,68,1085,506,579
050,21,093,"Kentucky","Hardin County",3,69,1032,467,565
050,21,093,"Kentucky","Hardin County",3,70,955,446,509
050,21,093,"Kentucky","Hardin County",3,71,889,422,467
050,21,093,"Kentucky","Hardin County",3,72,918,434,484
050,21,093,"Kentucky","Hardin County",3,73,849,382,467
050,21,093,"Kentucky","Hardin County",3,74,880,389,491
050,21,093,"Kentucky","Hardin County",3,75,608,259,349
050,21,093,"Kentucky","Hardin County",3,76,589,245,344
050,21,093,"Kentucky","Hardin County",3,77,588,250,338
050,21,093,"Kentucky","Hardin County",3,78,588,252,336
050,21,093,"Kentucky","Hardin County",3,79,494,209,285
050,21,093,"Kentucky","Hardin County",3,80,462,201,261
050,21,093,"Kentucky","Hardin County",3,81,422,171,251
050,21,093,"Kentucky","Hardin County",3,82,376,148,228
050,21,093,"Kentucky","Hardin County",3,83,324,125,199
050,21,093,"Kentucky","Hardin County",3,84,269,98,171
050,21,093,"Kentucky","Hardin County",3,85,1659,597,1062
050,21,093,"Kentucky","Hardin County",4,0,1327,672,655
050,21,093,"Kentucky","Hardin County",4,1,1420,735,685
050,21,093,"Kentucky","Hardin County",4,2,1410,717,693
050,21,093,"Kentucky","Hardin County",4,3,1405,718,687
050,21,093,"Kentucky","Hardin County",4,4,1464,773,691
050,21,093,"Kentucky","Hardin County",4,5,1486,747,739
050,21,093,"Kentucky","Hardin County",4,6,1568,840,728
050,21,093,"Kentucky","Hardin County",4,7,1612,790,822
050,21,093,"Kentucky","Hardin County",4,8,1612,834,778
050,21,093,"Kentucky","Hardin County",4,9,1554,816,738
050,21,093,"Kentucky","Hardin County",4,10,1572,809,763
050,21,093,"Kentucky","Hardin County",4,11,1543,796,747
050,21,093,"Kentucky","Hardin County",4,12,1561,787,774
050,21,093,"Kentucky","Hardin County",4,13,1578,792,786
050,21,093,"Kentucky","Hardin County",4,14,1693,869,824
050,21,093,"Kentucky","Hardin County",4,15,1693,883,810
050,21,093,"Kentucky","Hardin County",4,16,1628,833,795
050,21,093,"Kentucky","Hardin County",4,17,1617,821,796
050,21,093,"Kentucky","Hardin County",4,18,1343,728,615
050,21,093,"Kentucky","Hardin County",4,19,1162,674,488
050,21,093,"Kentucky","Hardin County",4,20,1246,699,547
050,21,093,"Kentucky","Hardin County",4,21,1356,746,610
050,21,093,"Kentucky","Hardin County",4,22,1368,746,622
050,21,093,"Kentucky","Hardin County",4,23,1409,760,649
050,21,093,"Kentucky","Hardin County",4,24,1445,775,670
050,21,093,"Kentucky","Hardin County",4,25,1486,789,697
050,21,093,"Kentucky","Hardin County",4,26,1435,750,685
050,21,093,"Kentucky","Hardin County",4,27,1418,742,676
050,21,093,"Kentucky","Hardin County",4,28,1432,742,690
050,21,093,"Kentucky","Hardin County",4,29,1475,754,721
050,21,093,"Kentucky","Hardin County",4,30,1506,781,725
050,21,093,"Kentucky","Hardin County",4,31,1577,781,796
050,21,093,"Kentucky","Hardin County",4,32,1554,755,799
050,21,093,"Kentucky","Hardin County",4,33,1486,734,752
050,21,093,"Kentucky","Hardin County",4,34,1452,736,716
050,21,093,"Kentucky","Hardin County",4,35,1512,748,764
050,21,093,"Kentucky","Hardin County",4,36,1506,724,782
050,21,093,"Kentucky","Hardin County",4,37,1589,784,805
050,21,093,"Kentucky","Hardin County",4,38,1520,748,772
050,21,093,"Kentucky","Hardin County",4,39,1513,757,756
050,21,093,"Kentucky","Hardin County",4,40,1631,818,813
050,21,093,"Kentucky","Hardin County",4,41,1592,806,786
050,21,093,"Kentucky","Hardin County",4,42,1523,761,762
050,21,093,"Kentucky","Hardin County",4,43,1415,691,724
050,21,093,"Kentucky","Hardin County",4,44,1393,697,696
050,21,093,"Kentucky","Hardin County",4,45,1428,716,712
050,21,093,"Kentucky","Hardin County",4,46,1336,684,652
050,21,093,"Kentucky","Hardin County",4,47,1358,681,677
050,21,093,"Kentucky","Hardin County",4,48,1291,658,633
050,21,093,"Kentucky","Hardin County",4,49,1325,674,651
050,21,093,"Kentucky","Hardin County",4,50,1416,723,693
050,21,093,"Kentucky","Hardin County",4,51,1475,771,704
050,21,093,"Kentucky","Hardin County",4,52,1427,724,703
050,21,093,"Kentucky","Hardin County",4,53,1329,646,683
050,21,093,"Kentucky","Hardin County",4,54,1254,609,645
050,21,093,"Kentucky","Hardin County",4,55,1307,655,652
050,21,093,"Kentucky","Hardin County",4,56,1352,685,667
050,21,093,"Kentucky","Hardin County",4,57,1446,696,750
050,21,093,"Kentucky","Hardin County",4,58,1458,715,743
050,21,093,"Kentucky","Hardin County",4,59,1481,743,738
050,21,093,"Kentucky","Hardin County",4,60,1500,731,769
050,21,093,"Kentucky","Hardin County",4,61,1456,710,746
050,21,093,"Kentucky","Hardin County",4,62,1436,695,741
050,21,093,"Kentucky","Hardin County",4,63,1347,649,698
050,21,093,"Kentucky","Hardin County",4,64,1318,622,696
050,21,093,"Kentucky","Hardin County",4,65,1275,606,669
050,21,093,"Kentucky","Hardin County",4,66,1207,573,634
050,21,093,"Kentucky","Hardin County",4,67,1195,546,649
050,21,093,"Kentucky","Hardin County",4,68,1099,512,587
050,21,093,"Kentucky","Hardin County",4,69,1054,473,581
050,21,093,"Kentucky","Hardin County",4,70,998,457,541
050,21,093,"Kentucky","Hardin County",4,71,906,409,497
050,21,093,"Kentucky","Hardin County",4,72,856,404,452
050,21,093,"Kentucky","Hardin County",4,73,886,421,465
050,21,093,"Kentucky","Hardin County",4,74,820,377,443
050,21,093,"Kentucky","Hardin County",4,75,831,363,468
050,21,093,"Kentucky","Hardin County",4,76,577,241,336
050,21,093,"Kentucky","Hardin County",4,77,557,233,324
050,21,093,"Kentucky","Hardin County",4,78,556,233,323
050,21,093,"Kentucky","Hardin County",4,79,559,238,321
050,21,093,"Kentucky","Hardin County",4,80,478,213,265
050,21,093,"Kentucky","Hardin County",4,81,433,172,261
050,21,093,"Kentucky","Hardin County",4,82,372,144,228
050,21,093,"Kentucky","Hardin County",4,83,332,130,202
050,21,093,"Kentucky","Hardin County",4,84,304,109,195
050,21,093,"Kentucky","Hardin County",4,85,1621,585,1036
050,21,093,"Kentucky","Hardin County",5,0,1360,691,669
050,21,093,"Kentucky","Hardin County",5,1,1303,657,646
050,21,093,"Kentucky","Hardin County",5,2,1417,730,687
050,21,093,"Kentucky","Hardin County",5,3,1438,730,708
050,21,093,"Kentucky","Hardin County",5,4,1438,748,690
050,21,093,"Kentucky","Hardin County",5,5,1476,769,707
050,21,093,"Kentucky","Hardin County",5,6,1530,761,769
050,21,093,"Kentucky","Hardin County",5,7,1560,818,742
050,21,093,"Kentucky","Hardin County",5,8,1659,814,845
050,21,093,"Kentucky","Hardin County",5,9,1611,823,788
050,21,093,"Kentucky","Hardin County",5,10,1539,804,735
050,21,093,"Kentucky","Hardin County",5,11,1598,823,775
050,21,093,"Kentucky","Hardin County",5,12,1568,817,751
050,21,093,"Kentucky","Hardin County",5,13,1555,788,767
050,21,093,"Kentucky","Hardin County",5,14,1645,825,820
050,21,093,"Kentucky","Hardin County",5,15,1732,902,830
050,21,093,"Kentucky","Hardin County",5,16,1693,887,806
050,21,093,"Kentucky","Hardin County",5,17,1658,862,796
050,21,093,"Kentucky","Hardin County",5,18,1416,770,646
050,21,093,"Kentucky","Hardin County",5,19,1200,675,525
050,21,093,"Kentucky","Hardin County",5,20,1292,754,538
050,21,093,"Kentucky","Hardin County",5,21,1284,703,581
050,21,093,"Kentucky","Hardin County",5,22,1399,754,645
050,21,093,"Kentucky","Hardin County",5,23,1409,751,658
050,21,093,"Kentucky","Hardin County",5,24,1395,761,634
050,21,093,"Kentucky","Hardin County",5,25,1401,750,651
050,21,093,"Kentucky","Hardin County",5,26,1494,788,706
050,21,093,"Kentucky","Hardin County",5,27,1435,742,693
050,21,093,"Kentucky","Hardin County",5,28,1422,743,679
050,21,093,"Kentucky","Hardin County",5,29,1438,723,715
050,21,093,"Kentucky","Hardin County",5,30,1504,764,740
050,21,093,"Kentucky","Hardin County",5,31,1514,778,736
050,21,093,"Kentucky","Hardin County",5,32,1606,797,809
050,21,093,"Kentucky","Hardin County",5,33,1549,738,811
050,21,093,"Kentucky","Hardin County",5,34,1534,756,778
050,21,093,"Kentucky","Hardin County",5,35,1505,763,742
050,21,093,"Kentucky","Hardin County",5,36,1514,757,757
050,21,093,"Kentucky","Hardin County",5,37,1533,762,771
050,21,093,"Kentucky","Hardin County",5,38,1568,765,803
050,21,093,"Kentucky","Hardin County",5,39,1530,773,757
050,21,093,"Kentucky","Hardin County",5,40,1544,754,790
050,21,093,"Kentucky","Hardin County",5,41,1637,829,808
050,21,093,"Kentucky","Hardin County",5,42,1573,789,784
050,21,093,"Kentucky","Hardin County",5,43,1533,781,752
050,21,093,"Kentucky","Hardin County",5,44,1392,669,723
050,21,093,"Kentucky","Hardin County",5,45,1404,703,701
050,21,093,"Kentucky","Hardin County",5,46,1434,711,723
050,21,093,"Kentucky","Hardin County",5,47,1329,675,654
050,21,093,"Kentucky","Hardin County",5,48,1317,669,648
050,21,093,"Kentucky","Hardin County",5,49,1265,642,623
050,21,093,"Kentucky","Hardin County",5,50,1300,658,642
050,21,093,"Kentucky","Hardin County",5,51,1413,723,690
050,21,093,"Kentucky","Hardin County",5,52,1445,764,681
050,21,093,"Kentucky","Hardin County",5,53,1427,696,731
050,21,093,"Kentucky","Hardin County",5,54,1305,640,665
050,21,093,"Kentucky","Hardin County",5,55,1239,599,640
050,21,093,"Kentucky","Hardin County",5,56,1295,649,646
050,21,093,"Kentucky","Hardin County",5,57,1328,655,673
050,21,093,"Kentucky","Hardin County",5,58,1418,688,730
050,21,093,"Kentucky","Hardin County",5,59,1456,710,746
050,21,093,"Kentucky","Hardin County",5,60,1469,742,727
050,21,093,"Kentucky","Hardin County",5,61,1460,710,750
050,21,093,"Kentucky","Hardin County",5,62,1430,696,734
050,21,093,"Kentucky","Hardin County",5,63,1395,663,732
050,21,093,"Kentucky","Hardin County",5,64,1340,640,700
050,21,093,"Kentucky","Hardin County",5,65,1282,609,673
050,21,093,"Kentucky","Hardin County",5,66,1245,588,657
050,21,093,"Kentucky","Hardin County",5,67,1190,566,624
050,21,093,"Kentucky","Hardin County",5,68,1190,545,645
050,21,093,"Kentucky","Hardin County",5,69,1068,485,583
050,21,093,"Kentucky","Hardin County",5,70,1018,453,565
050,21,093,"Kentucky","Hardin County",5,71,961,433,528
050,21,093,"Kentucky","Hardin County",5,72,889,397,492
050,21,093,"Kentucky","Hardin County",5,73,823,390,433
050,21,093,"Kentucky","Hardin County",5,74,846,409,437
050,21,093,"Kentucky","Hardin County",5,75,779,356,423
050,21,093,"Kentucky","Hardin County",5,76,798,344,454
050,21,093,"Kentucky","Hardin County",5,77,552,237,315
050,21,093,"Kentucky","Hardin County",5,78,538,219,319
050,21,093,"Kentucky","Hardin County",5,79,526,219,307
050,21,093,"Kentucky","Hardin County",5,80,535,240,295
050,21,093,"Kentucky","Hardin County",5,81,453,189,264
050,21,093,"Kentucky","Hardin County",5,82,390,149,241
050,21,093,"Kentucky","Hardin County",5,83,334,130,204
050,21,093,"Kentucky","Hardin County",5,84,315,115,200
050,21,093,"Kentucky","Hardin County",5,85,1671,596,1075
050,21,095,"Kentucky","Harlan County",1,0,305,157,148
050,21,095,"Kentucky","Harlan County",1,1,313,158,155
050,21,095,"Kentucky","Harlan County",1,2,334,158,176
050,21,095,"Kentucky","Harlan County",1,3,356,165,191
050,21,095,"Kentucky","Harlan County",1,4,352,153,199
050,21,095,"Kentucky","Harlan County",1,5,343,163,180
050,21,095,"Kentucky","Harlan County",1,6,379,196,183
050,21,095,"Kentucky","Harlan County",1,7,358,165,193
050,21,095,"Kentucky","Harlan County",1,8,375,179,196
050,21,095,"Kentucky","Harlan County",1,9,378,184,194
050,21,095,"Kentucky","Harlan County",1,10,343,179,164
050,21,095,"Kentucky","Harlan County",1,11,355,185,170
050,21,095,"Kentucky","Harlan County",1,12,365,170,195
050,21,095,"Kentucky","Harlan County",1,13,383,191,192
050,21,095,"Kentucky","Harlan County",1,14,361,193,168
050,21,095,"Kentucky","Harlan County",1,15,332,175,157
050,21,095,"Kentucky","Harlan County",1,16,325,173,152
050,21,095,"Kentucky","Harlan County",1,17,340,184,156
050,21,095,"Kentucky","Harlan County",1,18,272,141,131
050,21,095,"Kentucky","Harlan County",1,19,223,107,116
050,21,095,"Kentucky","Harlan County",1,20,233,115,118
050,21,095,"Kentucky","Harlan County",1,21,240,128,112
050,21,095,"Kentucky","Harlan County",1,22,262,122,140
050,21,095,"Kentucky","Harlan County",1,23,260,131,129
050,21,095,"Kentucky","Harlan County",1,24,278,138,140
050,21,095,"Kentucky","Harlan County",1,25,321,163,158
050,21,095,"Kentucky","Harlan County",1,26,298,132,166
050,21,095,"Kentucky","Harlan County",1,27,307,152,155
050,21,095,"Kentucky","Harlan County",1,28,372,186,186
050,21,095,"Kentucky","Harlan County",1,29,388,189,199
050,21,095,"Kentucky","Harlan County",1,30,359,177,182
050,21,095,"Kentucky","Harlan County",1,31,309,145,164
050,21,095,"Kentucky","Harlan County",1,32,325,174,151
050,21,095,"Kentucky","Harlan County",1,33,314,160,154
050,21,095,"Kentucky","Harlan County",1,34,337,165,172
050,21,095,"Kentucky","Harlan County",1,35,324,146,178
050,21,095,"Kentucky","Harlan County",1,36,288,132,156
050,21,095,"Kentucky","Harlan County",1,37,296,143,153
050,21,095,"Kentucky","Harlan County",1,38,324,165,159
050,21,095,"Kentucky","Harlan County",1,39,338,176,162
050,21,095,"Kentucky","Harlan County",1,40,321,156,165
050,21,095,"Kentucky","Harlan County",1,41,300,139,161
050,21,095,"Kentucky","Harlan County",1,42,301,152,149
050,21,095,"Kentucky","Harlan County",1,43,297,154,143
050,21,095,"Kentucky","Harlan County",1,44,320,161,159
050,21,095,"Kentucky","Harlan County",1,45,312,164,148
050,21,095,"Kentucky","Harlan County",1,46,327,168,159
050,21,095,"Kentucky","Harlan County",1,47,336,167,169
050,21,095,"Kentucky","Harlan County",1,48,346,160,186
050,21,095,"Kentucky","Harlan County",1,49,372,195,177
050,21,095,"Kentucky","Harlan County",1,50,330,162,168
050,21,095,"Kentucky","Harlan County",1,51,352,179,173
050,21,095,"Kentucky","Harlan County",1,52,339,174,165
050,21,095,"Kentucky","Harlan County",1,53,367,179,188
050,21,095,"Kentucky","Harlan County",1,54,383,180,203
050,21,095,"Kentucky","Harlan County",1,55,375,182,193
050,21,095,"Kentucky","Harlan County",1,56,388,179,209
050,21,095,"Kentucky","Harlan County",1,57,405,176,229
050,21,095,"Kentucky","Harlan County",1,58,363,159,204
050,21,095,"Kentucky","Harlan County",1,59,351,158,193
050,21,095,"Kentucky","Harlan County",1,60,358,165,193
050,21,095,"Kentucky","Harlan County",1,61,380,176,204
050,21,095,"Kentucky","Harlan County",1,62,399,198,201
050,21,095,"Kentucky","Harlan County",1,63,403,195,208
050,21,095,"Kentucky","Harlan County",1,64,385,175,210
050,21,095,"Kentucky","Harlan County",1,65,374,169,205
050,21,095,"Kentucky","Harlan County",1,66,366,187,179
050,21,095,"Kentucky","Harlan County",1,67,380,193,187
050,21,095,"Kentucky","Harlan County",1,68,346,159,187
050,21,095,"Kentucky","Harlan County",1,69,323,150,173
050,21,095,"Kentucky","Harlan County",1,70,334,161,173
050,21,095,"Kentucky","Harlan County",1,71,321,144,177
050,21,095,"Kentucky","Harlan County",1,72,282,125,157
050,21,095,"Kentucky","Harlan County",1,73,314,148,166
050,21,095,"Kentucky","Harlan County",1,74,215,96,119
050,21,095,"Kentucky","Harlan County",1,75,177,79,98
050,21,095,"Kentucky","Harlan County",1,76,180,83,97
050,21,095,"Kentucky","Harlan County",1,77,185,84,101
050,21,095,"Kentucky","Harlan County",1,78,151,59,92
050,21,095,"Kentucky","Harlan County",1,79,139,61,78
050,21,095,"Kentucky","Harlan County",1,80,118,54,64
050,21,095,"Kentucky","Harlan County",1,81,112,42,70
050,21,095,"Kentucky","Harlan County",1,82,106,41,65
050,21,095,"Kentucky","Harlan County",1,83,103,44,59
050,21,095,"Kentucky","Harlan County",1,84,88,35,53
050,21,095,"Kentucky","Harlan County",1,85,444,145,299
050,21,095,"Kentucky","Harlan County",2,0,316,164,152
050,21,095,"Kentucky","Harlan County",2,1,309,157,152
050,21,095,"Kentucky","Harlan County",2,2,326,155,171
050,21,095,"Kentucky","Harlan County",2,3,346,161,185
050,21,095,"Kentucky","Harlan County",2,4,349,154,195
050,21,095,"Kentucky","Harlan County",2,5,344,160,184
050,21,095,"Kentucky","Harlan County",2,6,369,188,181
050,21,095,"Kentucky","Harlan County",2,7,365,174,191
050,21,095,"Kentucky","Harlan County",2,8,369,173,196
050,21,095,"Kentucky","Harlan County",2,9,374,181,193
050,21,095,"Kentucky","Harlan County",2,10,352,181,171
050,21,095,"Kentucky","Harlan County",2,11,351,183,168
050,21,095,"Kentucky","Harlan County",2,12,365,175,190
050,21,095,"Kentucky","Harlan County",2,13,380,186,194
050,21,095,"Kentucky","Harlan County",2,14,367,192,175
050,21,095,"Kentucky","Harlan County",2,15,341,181,160
050,21,095,"Kentucky","Harlan County",2,16,325,173,152
050,21,095,"Kentucky","Harlan County",2,17,335,180,155
050,21,095,"Kentucky","Harlan County",2,18,274,145,129
050,21,095,"Kentucky","Harlan County",2,19,226,112,114
050,21,095,"Kentucky","Harlan County",2,20,235,115,120
050,21,095,"Kentucky","Harlan County",2,21,237,125,112
050,21,095,"Kentucky","Harlan County",2,22,264,126,138
050,21,095,"Kentucky","Harlan County",2,23,264,130,134
050,21,095,"Kentucky","Harlan County",2,24,273,137,136
050,21,095,"Kentucky","Harlan County",2,25,312,158,154
050,21,095,"Kentucky","Harlan County",2,26,301,138,163
050,21,095,"Kentucky","Harlan County",2,27,302,145,157
050,21,095,"Kentucky","Harlan County",2,28,353,178,175
050,21,095,"Kentucky","Harlan County",2,29,383,187,196
050,21,095,"Kentucky","Harlan County",2,30,365,178,187
050,21,095,"Kentucky","Harlan County",2,31,319,152,167
050,21,095,"Kentucky","Harlan County",2,32,318,166,152
050,21,095,"Kentucky","Harlan County",2,33,314,162,152
050,21,095,"Kentucky","Harlan County",2,34,331,163,168
050,21,095,"Kentucky","Harlan County",2,35,329,151,178
050,21,095,"Kentucky","Harlan County",2,36,294,133,161
050,21,095,"Kentucky","Harlan County",2,37,293,139,154
050,21,095,"Kentucky","Harlan County",2,38,319,160,159
050,21,095,"Kentucky","Harlan County",2,39,334,172,162
050,21,095,"Kentucky","Harlan County",2,40,326,160,166
050,21,095,"Kentucky","Harlan County",2,41,304,142,162
050,21,095,"Kentucky","Harlan County",2,42,297,147,150
050,21,095,"Kentucky","Harlan County",2,43,299,154,145
050,21,095,"Kentucky","Harlan County",2,44,309,158,151
050,21,095,"Kentucky","Harlan County",2,45,315,164,151
050,21,095,"Kentucky","Harlan County",2,46,319,166,153
050,21,095,"Kentucky","Harlan County",2,47,335,169,166
050,21,095,"Kentucky","Harlan County",2,48,340,160,180
050,21,095,"Kentucky","Harlan County",2,49,368,189,179
050,21,095,"Kentucky","Harlan County",2,50,341,169,172
050,21,095,"Kentucky","Harlan County",2,51,343,174,169
050,21,095,"Kentucky","Harlan County",2,52,341,174,167
050,21,095,"Kentucky","Harlan County",2,53,359,176,183
050,21,095,"Kentucky","Harlan County",2,54,379,180,199
050,21,095,"Kentucky","Harlan County",2,55,373,181,192
050,21,095,"Kentucky","Harlan County",2,56,385,181,204
050,21,095,"Kentucky","Harlan County",2,57,396,174,222
050,21,095,"Kentucky","Harlan County",2,58,371,162,209
050,21,095,"Kentucky","Harlan County",2,59,354,157,197
050,21,095,"Kentucky","Harlan County",2,60,348,160,188
050,21,095,"Kentucky","Harlan County",2,61,373,174,199
050,21,095,"Kentucky","Harlan County",2,62,391,191,200
050,21,095,"Kentucky","Harlan County",2,63,403,196,207
050,21,095,"Kentucky","Harlan County",2,64,385,177,208
050,21,095,"Kentucky","Harlan County",2,65,369,166,203
050,21,095,"Kentucky","Harlan County",2,66,369,183,186
050,21,095,"Kentucky","Harlan County",2,67,376,191,185
050,21,095,"Kentucky","Harlan County",2,68,351,166,185
050,21,095,"Kentucky","Harlan County",2,69,332,153,179
050,21,095,"Kentucky","Harlan County",2,70,326,157,169
050,21,095,"Kentucky","Harlan County",2,71,321,146,175
050,21,095,"Kentucky","Harlan County",2,72,281,124,157
050,21,095,"Kentucky","Harlan County",2,73,321,149,172
050,21,095,"Kentucky","Harlan County",2,74,220,99,121
050,21,095,"Kentucky","Harlan County",2,75,183,80,103
050,21,095,"Kentucky","Harlan County",2,76,172,79,93
050,21,095,"Kentucky","Harlan County",2,77,187,84,103
050,21,095,"Kentucky","Harlan County",2,78,152,64,88
050,21,095,"Kentucky","Harlan County",2,79,139,60,79
050,21,095,"Kentucky","Harlan County",2,80,121,55,66
050,21,095,"Kentucky","Harlan County",2,81,111,43,68
050,21,095,"Kentucky","Harlan County",2,82,106,41,65
050,21,095,"Kentucky","Harlan County",2,83,103,43,60
050,21,095,"Kentucky","Harlan County",2,84,91,38,53
050,21,095,"Kentucky","Harlan County",2,85,446,145,301
050,21,095,"Kentucky","Harlan County",3,0,284,144,140
050,21,095,"Kentucky","Harlan County",3,1,308,162,146
050,21,095,"Kentucky","Harlan County",3,2,302,155,147
050,21,095,"Kentucky","Harlan County",3,3,320,156,164
050,21,095,"Kentucky","Harlan County",3,4,338,155,183
050,21,095,"Kentucky","Harlan County",3,5,340,154,186
050,21,095,"Kentucky","Harlan County",3,6,332,162,170
050,21,095,"Kentucky","Harlan County",3,7,365,189,176
050,21,095,"Kentucky","Harlan County",3,8,372,176,196
050,21,095,"Kentucky","Harlan County",3,9,355,164,191
050,21,095,"Kentucky","Harlan County",3,10,372,182,190
050,21,095,"Kentucky","Harlan County",3,11,358,189,169
050,21,095,"Kentucky","Harlan County",3,12,348,182,166
050,21,095,"Kentucky","Harlan County",3,13,364,174,190
050,21,095,"Kentucky","Harlan County",3,14,372,178,194
050,21,095,"Kentucky","Harlan County",3,15,365,191,174
050,21,095,"Kentucky","Harlan County",3,16,330,175,155
050,21,095,"Kentucky","Harlan County",3,17,325,171,154
050,21,095,"Kentucky","Harlan County",3,18,275,152,123
050,21,095,"Kentucky","Harlan County",3,19,210,111,99
050,21,095,"Kentucky","Harlan County",3,20,242,114,128
050,21,095,"Kentucky","Harlan County",3,21,243,119,124
050,21,095,"Kentucky","Harlan County",3,22,246,122,124
050,21,095,"Kentucky","Harlan County",3,23,270,128,142
050,21,095,"Kentucky","Harlan County",3,24,263,135,128
050,21,095,"Kentucky","Harlan County",3,25,278,140,138
050,21,095,"Kentucky","Harlan County",3,26,309,160,149
050,21,095,"Kentucky","Harlan County",3,27,298,143,155
050,21,095,"Kentucky","Harlan County",3,28,301,144,157
050,21,095,"Kentucky","Harlan County",3,29,350,175,175
050,21,095,"Kentucky","Harlan County",3,30,378,190,188
050,21,095,"Kentucky","Harlan County",3,31,350,172,178
050,21,095,"Kentucky","Harlan County",3,32,309,147,162
050,21,095,"Kentucky","Harlan County",3,33,304,161,143
050,21,095,"Kentucky","Harlan County",3,34,312,163,149
050,21,095,"Kentucky","Harlan County",3,35,332,164,168
050,21,095,"Kentucky","Harlan County",3,36,318,147,171
050,21,095,"Kentucky","Harlan County",3,37,282,126,156
050,21,095,"Kentucky","Harlan County",3,38,298,145,153
050,21,095,"Kentucky","Harlan County",3,39,315,154,161
050,21,095,"Kentucky","Harlan County",3,40,325,168,157
050,21,095,"Kentucky","Harlan County",3,41,329,160,169
050,21,095,"Kentucky","Harlan County",3,42,300,138,162
050,21,095,"Kentucky","Harlan County",3,43,286,138,148
050,21,095,"Kentucky","Harlan County",3,44,295,152,143
050,21,095,"Kentucky","Harlan County",3,45,300,150,150
050,21,095,"Kentucky","Harlan County",3,46,303,157,146
050,21,095,"Kentucky","Harlan County",3,47,327,175,152
050,21,095,"Kentucky","Harlan County",3,48,319,154,165
050,21,095,"Kentucky","Harlan County",3,49,341,166,175
050,21,095,"Kentucky","Harlan County",3,50,346,168,178
050,21,095,"Kentucky","Harlan County",3,51,337,170,167
050,21,095,"Kentucky","Harlan County",3,52,340,169,171
050,21,095,"Kentucky","Harlan County",3,53,332,170,162
050,21,095,"Kentucky","Harlan County",3,54,354,176,178
050,21,095,"Kentucky","Harlan County",3,55,375,173,202
050,21,095,"Kentucky","Harlan County",3,56,349,167,182
050,21,095,"Kentucky","Harlan County",3,57,377,178,199
050,21,095,"Kentucky","Harlan County",3,58,390,173,217
050,21,095,"Kentucky","Harlan County",3,59,370,167,203
050,21,095,"Kentucky","Harlan County",3,60,343,147,196
050,21,095,"Kentucky","Harlan County",3,61,337,154,183
050,21,095,"Kentucky","Harlan County",3,62,365,176,189
050,21,095,"Kentucky","Harlan County",3,63,372,183,189
050,21,095,"Kentucky","Harlan County",3,64,385,184,201
050,21,095,"Kentucky","Harlan County",3,65,372,170,202
050,21,095,"Kentucky","Harlan County",3,66,353,155,198
050,21,095,"Kentucky","Harlan County",3,67,350,176,174
050,21,095,"Kentucky","Harlan County",3,68,364,184,180
050,21,095,"Kentucky","Harlan County",3,69,332,155,177
050,21,095,"Kentucky","Harlan County",3,70,310,139,171
050,21,095,"Kentucky","Harlan County",3,71,312,147,165
050,21,095,"Kentucky","Harlan County",3,72,294,134,160
050,21,095,"Kentucky","Harlan County",3,73,266,113,153
050,21,095,"Kentucky","Harlan County",3,74,302,138,164
050,21,095,"Kentucky","Harlan County",3,75,203,92,111
050,21,095,"Kentucky","Harlan County",3,76,164,69,95
050,21,095,"Kentucky","Harlan County",3,77,165,74,91
050,21,095,"Kentucky","Harlan County",3,78,171,78,93
050,21,095,"Kentucky","Harlan County",3,79,132,55,77
050,21,095,"Kentucky","Harlan County",3,80,122,51,71
050,21,095,"Kentucky","Harlan County",3,81,107,47,60
050,21,095,"Kentucky","Harlan County",3,82,99,34,65
050,21,095,"Kentucky","Harlan County",3,83,93,38,55
050,21,095,"Kentucky","Harlan County",3,84,92,43,49
050,21,095,"Kentucky","Harlan County",3,85,417,134,283
050,21,095,"Kentucky","Harlan County",4,0,282,136,146
050,21,095,"Kentucky","Harlan County",4,1,279,143,136
050,21,095,"Kentucky","Harlan County",4,2,302,154,148
050,21,095,"Kentucky","Harlan County",4,3,303,161,142
050,21,095,"Kentucky","Harlan County",4,4,320,155,165
050,21,095,"Kentucky","Harlan County",4,5,339,151,188
050,21,095,"Kentucky","Harlan County",4,6,343,152,191
050,21,095,"Kentucky","Harlan County",4,7,344,162,182
050,21,095,"Kentucky","Harlan County",4,8,356,184,172
050,21,095,"Kentucky","Harlan County",4,9,364,176,188
050,21,095,"Kentucky","Harlan County",4,10,352,162,190
050,21,095,"Kentucky","Harlan County",4,11,368,188,180
050,21,095,"Kentucky","Harlan County",4,12,366,190,176
050,21,095,"Kentucky","Harlan County",4,13,346,177,169
050,21,095,"Kentucky","Harlan County",4,14,352,166,186
050,21,095,"Kentucky","Harlan County",4,15,389,183,206
050,21,095,"Kentucky","Harlan County",4,16,361,189,172
050,21,095,"Kentucky","Harlan County",4,17,341,182,159
050,21,095,"Kentucky","Harlan County",4,18,267,145,122
050,21,095,"Kentucky","Harlan County",4,19,210,121,89
050,21,095,"Kentucky","Harlan County",4,20,214,111,103
050,21,095,"Kentucky","Harlan County",4,21,232,110,122
050,21,095,"Kentucky","Harlan County",4,22,248,115,133
050,21,095,"Kentucky","Harlan County",4,23,239,118,121
050,21,095,"Kentucky","Harlan County",4,24,261,131,130
050,21,095,"Kentucky","Harlan County",4,25,264,132,132
050,21,095,"Kentucky","Harlan County",4,26,274,142,132
050,21,095,"Kentucky","Harlan County",4,27,304,161,143
050,21,095,"Kentucky","Harlan County",4,28,289,136,153
050,21,095,"Kentucky","Harlan County",4,29,291,140,151
050,21,095,"Kentucky","Harlan County",4,30,347,169,178
050,21,095,"Kentucky","Harlan County",4,31,377,190,187
050,21,095,"Kentucky","Harlan County",4,32,337,163,174
050,21,095,"Kentucky","Harlan County",4,33,297,139,158
050,21,095,"Kentucky","Harlan County",4,34,313,170,143
050,21,095,"Kentucky","Harlan County",4,35,302,159,143
050,21,095,"Kentucky","Harlan County",4,36,328,162,166
050,21,095,"Kentucky","Harlan County",4,37,306,137,169
050,21,095,"Kentucky","Harlan County",4,38,279,127,152
050,21,095,"Kentucky","Harlan County",4,39,293,143,150
050,21,095,"Kentucky","Harlan County",4,40,300,145,155
050,21,095,"Kentucky","Harlan County",4,41,318,164,154
050,21,095,"Kentucky","Harlan County",4,42,329,162,167
050,21,095,"Kentucky","Harlan County",4,43,291,135,156
050,21,095,"Kentucky","Harlan County",4,44,287,138,149
050,21,095,"Kentucky","Harlan County",4,45,287,149,138
050,21,095,"Kentucky","Harlan County",4,46,287,143,144
050,21,095,"Kentucky","Harlan County",4,47,315,164,151
050,21,095,"Kentucky","Harlan County",4,48,305,158,147
050,21,095,"Kentucky","Harlan County",4,49,321,158,163
050,21,095,"Kentucky","Harlan County",4,50,327,154,173
050,21,095,"Kentucky","Harlan County",4,51,347,173,174
050,21,095,"Kentucky","Harlan County",4,52,337,167,170
050,21,095,"Kentucky","Harlan County",4,53,335,172,163
050,21,095,"Kentucky","Harlan County",4,54,330,170,160
050,21,095,"Kentucky","Harlan County",4,55,350,170,180
050,21,095,"Kentucky","Harlan County",4,56,363,168,195
050,21,095,"Kentucky","Harlan County",4,57,339,163,176
050,21,095,"Kentucky","Harlan County",4,58,371,172,199
050,21,095,"Kentucky","Harlan County",4,59,381,172,209
050,21,095,"Kentucky","Harlan County",4,60,347,151,196
050,21,095,"Kentucky","Harlan County",4,61,337,145,192
050,21,095,"Kentucky","Harlan County",4,62,329,150,179
050,21,095,"Kentucky","Harlan County",4,63,367,177,190
050,21,095,"Kentucky","Harlan County",4,64,350,168,182
050,21,095,"Kentucky","Harlan County",4,65,360,172,188
050,21,095,"Kentucky","Harlan County",4,66,348,155,193
050,21,095,"Kentucky","Harlan County",4,67,342,151,191
050,21,095,"Kentucky","Harlan County",4,68,336,168,168
050,21,095,"Kentucky","Harlan County",4,69,349,176,173
050,21,095,"Kentucky","Harlan County",4,70,311,142,169
050,21,095,"Kentucky","Harlan County",4,71,298,134,164
050,21,095,"Kentucky","Harlan County",4,72,293,140,153
050,21,095,"Kentucky","Harlan County",4,73,282,127,155
050,21,095,"Kentucky","Harlan County",4,74,251,106,145
050,21,095,"Kentucky","Harlan County",4,75,286,129,157
050,21,095,"Kentucky","Harlan County",4,76,186,82,104
050,21,095,"Kentucky","Harlan County",4,77,152,60,92
050,21,095,"Kentucky","Harlan County",4,78,155,71,84
050,21,095,"Kentucky","Harlan County",4,79,156,68,88
050,21,095,"Kentucky","Harlan County",4,80,112,48,64
050,21,095,"Kentucky","Harlan County",4,81,108,42,66
050,21,095,"Kentucky","Harlan County",4,82,104,42,62
050,21,095,"Kentucky","Harlan County",4,83,86,30,56
050,21,095,"Kentucky","Harlan County",4,84,83,37,46
050,21,095,"Kentucky","Harlan County",4,85,425,141,284
050,21,095,"Kentucky","Harlan County",5,0,281,135,146
050,21,095,"Kentucky","Harlan County",5,1,278,136,142
050,21,095,"Kentucky","Harlan County",5,2,276,144,132
050,21,095,"Kentucky","Harlan County",5,3,305,155,150
050,21,095,"Kentucky","Harlan County",5,4,304,156,148
050,21,095,"Kentucky","Harlan County",5,5,316,154,162
050,21,095,"Kentucky","Harlan County",5,6,341,156,185
050,21,095,"Kentucky","Harlan County",5,7,338,156,182
050,21,095,"Kentucky","Harlan County",5,8,340,167,173
050,21,095,"Kentucky","Harlan County",5,9,357,180,177
050,21,095,"Kentucky","Harlan County",5,10,367,174,193
050,21,095,"Kentucky","Harlan County",5,11,346,161,185
050,21,095,"Kentucky","Harlan County",5,12,367,184,183
050,21,095,"Kentucky","Harlan County",5,13,357,188,169
050,21,095,"Kentucky","Harlan County",5,14,349,176,173
050,21,095,"Kentucky","Harlan County",5,15,353,169,184
050,21,095,"Kentucky","Harlan County",5,16,393,189,204
050,21,095,"Kentucky","Harlan County",5,17,362,187,175
050,21,095,"Kentucky","Harlan County",5,18,278,152,126
050,21,095,"Kentucky","Harlan County",5,19,202,112,90
050,21,095,"Kentucky","Harlan County",5,20,239,136,103
050,21,095,"Kentucky","Harlan County",5,21,233,122,111
050,21,095,"Kentucky","Harlan County",5,22,251,114,137
050,21,095,"Kentucky","Harlan County",5,23,259,124,135
050,21,095,"Kentucky","Harlan County",5,24,236,119,117
050,21,095,"Kentucky","Harlan County",5,25,266,135,131
050,21,095,"Kentucky","Harlan County",5,26,263,126,137
050,21,095,"Kentucky","Harlan County",5,27,278,147,131
050,21,095,"Kentucky","Harlan County",5,28,297,159,138
050,21,095,"Kentucky","Harlan County",5,29,285,138,147
050,21,095,"Kentucky","Harlan County",5,30,299,139,160
050,21,095,"Kentucky","Harlan County",5,31,343,172,171
050,21,095,"Kentucky","Harlan County",5,32,369,185,184
050,21,095,"Kentucky","Harlan County",5,33,322,154,168
050,21,095,"Kentucky","Harlan County",5,34,290,134,156
050,21,095,"Kentucky","Harlan County",5,35,304,162,142
050,21,095,"Kentucky","Harlan County",5,36,305,163,142
050,21,095,"Kentucky","Harlan County",5,37,326,158,168
050,21,095,"Kentucky","Harlan County",5,38,307,140,167
050,21,095,"Kentucky","Harlan County",5,39,274,125,149
050,21,095,"Kentucky","Harlan County",5,40,289,140,149
050,21,095,"Kentucky","Harlan County",5,41,301,148,153
050,21,095,"Kentucky","Harlan County",5,42,317,163,154
050,21,095,"Kentucky","Harlan County",5,43,326,162,164
050,21,095,"Kentucky","Harlan County",5,44,294,134,160
050,21,095,"Kentucky","Harlan County",5,45,271,130,141
050,21,095,"Kentucky","Harlan County",5,46,281,148,133
050,21,095,"Kentucky","Harlan County",5,47,303,155,148
050,21,095,"Kentucky","Harlan County",5,48,301,153,148
050,21,095,"Kentucky","Harlan County",5,49,304,158,146
050,21,095,"Kentucky","Harlan County",5,50,307,144,163
050,21,095,"Kentucky","Harlan County",5,51,321,156,165
050,21,095,"Kentucky","Harlan County",5,52,338,165,173
050,21,095,"Kentucky","Harlan County",5,53,328,162,166
050,21,095,"Kentucky","Harlan County",5,54,338,173,165
050,21,095,"Kentucky","Harlan County",5,55,315,161,154
050,21,095,"Kentucky","Harlan County",5,56,331,161,170
050,21,095,"Kentucky","Harlan County",5,57,354,165,189
050,21,095,"Kentucky","Harlan County",5,58,338,162,176
050,21,095,"Kentucky","Harlan County",5,59,362,169,193
050,21,095,"Kentucky","Harlan County",5,60,360,160,200
050,21,095,"Kentucky","Harlan County",5,61,349,151,198
050,21,095,"Kentucky","Harlan County",5,62,333,144,189
050,21,095,"Kentucky","Harlan County",5,63,329,149,180
050,21,095,"Kentucky","Harlan County",5,64,349,165,184
050,21,095,"Kentucky","Harlan County",5,65,337,163,174
050,21,095,"Kentucky","Harlan County",5,66,345,162,183
050,21,095,"Kentucky","Harlan County",5,67,337,147,190
050,21,095,"Kentucky","Harlan County",5,68,333,143,190
050,21,095,"Kentucky","Harlan County",5,69,331,161,170
050,21,095,"Kentucky","Harlan County",5,70,326,163,163
050,21,095,"Kentucky","Harlan County",5,71,302,137,165
050,21,095,"Kentucky","Harlan County",5,72,281,129,152
050,21,095,"Kentucky","Harlan County",5,73,279,135,144
050,21,095,"Kentucky","Harlan County",5,74,267,120,147
050,21,095,"Kentucky","Harlan County",5,75,228,95,133
050,21,095,"Kentucky","Harlan County",5,76,267,119,148
050,21,095,"Kentucky","Harlan County",5,77,180,77,103
050,21,095,"Kentucky","Harlan County",5,78,145,59,86
050,21,095,"Kentucky","Harlan County",5,79,136,58,78
050,21,095,"Kentucky","Harlan County",5,80,135,59,76
050,21,095,"Kentucky","Harlan County",5,81,99,39,60
050,21,095,"Kentucky","Harlan County",5,82,103,36,67
050,21,095,"Kentucky","Harlan County",5,83,91,38,53
050,21,095,"Kentucky","Harlan County",5,84,78,30,48
050,21,095,"Kentucky","Harlan County",5,85,429,147,282
050,21,097,"Kentucky","Harrison County",1,0,230,119,111
050,21,097,"Kentucky","Harrison County",1,1,233,110,123
050,21,097,"Kentucky","Harrison County",1,2,219,112,107
050,21,097,"Kentucky","Harrison County",1,3,236,113,123
050,21,097,"Kentucky","Harrison County",1,4,241,129,112
050,21,097,"Kentucky","Harrison County",1,5,218,106,112
050,21,097,"Kentucky","Harrison County",1,6,245,126,119
050,21,097,"Kentucky","Harrison County",1,7,227,113,114
050,21,097,"Kentucky","Harrison County",1,8,198,95,103
050,21,097,"Kentucky","Harrison County",1,9,211,104,107
050,21,097,"Kentucky","Harrison County",1,10,232,112,120
050,21,097,"Kentucky","Harrison County",1,11,253,121,132
050,21,097,"Kentucky","Harrison County",1,12,263,123,140
050,21,097,"Kentucky","Harrison County",1,13,255,135,120
050,21,097,"Kentucky","Harrison County",1,14,241,135,106
050,21,097,"Kentucky","Harrison County",1,15,264,138,126
050,21,097,"Kentucky","Harrison County",1,16,253,126,127
050,21,097,"Kentucky","Harrison County",1,17,256,123,133
050,21,097,"Kentucky","Harrison County",1,18,210,117,93
050,21,097,"Kentucky","Harrison County",1,19,179,100,79
050,21,097,"Kentucky","Harrison County",1,20,193,115,78
050,21,097,"Kentucky","Harrison County",1,21,191,106,85
050,21,097,"Kentucky","Harrison County",1,22,191,92,99
050,21,097,"Kentucky","Harrison County",1,23,222,109,113
050,21,097,"Kentucky","Harrison County",1,24,223,108,115
050,21,097,"Kentucky","Harrison County",1,25,214,107,107
050,21,097,"Kentucky","Harrison County",1,26,227,116,111
050,21,097,"Kentucky","Harrison County",1,27,227,112,115
050,21,097,"Kentucky","Harrison County",1,28,264,141,123
050,21,097,"Kentucky","Harrison County",1,29,242,135,107
050,21,097,"Kentucky","Harrison County",1,30,231,118,113
050,21,097,"Kentucky","Harrison County",1,31,215,106,109
050,21,097,"Kentucky","Harrison County",1,32,198,100,98
050,21,097,"Kentucky","Harrison County",1,33,189,94,95
050,21,097,"Kentucky","Harrison County",1,34,189,86,103
050,21,097,"Kentucky","Harrison County",1,35,187,91,96
050,21,097,"Kentucky","Harrison County",1,36,205,98,107
050,21,097,"Kentucky","Harrison County",1,37,212,97,115
050,21,097,"Kentucky","Harrison County",1,38,199,98,101
050,21,097,"Kentucky","Harrison County",1,39,223,118,105
050,21,097,"Kentucky","Harrison County",1,40,224,111,113
050,21,097,"Kentucky","Harrison County",1,41,212,104,108
050,21,097,"Kentucky","Harrison County",1,42,215,104,111
050,21,097,"Kentucky","Harrison County",1,43,219,107,112
050,21,097,"Kentucky","Harrison County",1,44,216,102,114
050,21,097,"Kentucky","Harrison County",1,45,227,105,122
050,21,097,"Kentucky","Harrison County",1,46,233,122,111
050,21,097,"Kentucky","Harrison County",1,47,225,119,106
050,21,097,"Kentucky","Harrison County",1,48,255,131,124
050,21,097,"Kentucky","Harrison County",1,49,271,142,129
050,21,097,"Kentucky","Harrison County",1,50,267,128,139
050,21,097,"Kentucky","Harrison County",1,51,263,127,136
050,21,097,"Kentucky","Harrison County",1,52,260,127,133
050,21,097,"Kentucky","Harrison County",1,53,256,129,127
050,21,097,"Kentucky","Harrison County",1,54,266,134,132
050,21,097,"Kentucky","Harrison County",1,55,299,147,152
050,21,097,"Kentucky","Harrison County",1,56,276,138,138
050,21,097,"Kentucky","Harrison County",1,57,282,141,141
050,21,097,"Kentucky","Harrison County",1,58,285,139,146
050,21,097,"Kentucky","Harrison County",1,59,302,152,150
050,21,097,"Kentucky","Harrison County",1,60,272,133,139
050,21,097,"Kentucky","Harrison County",1,61,288,144,144
050,21,097,"Kentucky","Harrison County",1,62,281,142,139
050,21,097,"Kentucky","Harrison County",1,63,277,136,141
050,21,097,"Kentucky","Harrison County",1,64,259,131,128
050,21,097,"Kentucky","Harrison County",1,65,245,117,128
050,21,097,"Kentucky","Harrison County",1,66,246,105,141
050,21,097,"Kentucky","Harrison County",1,67,226,109,117
050,21,097,"Kentucky","Harrison County",1,68,228,114,114
050,21,097,"Kentucky","Harrison County",1,69,196,102,94
050,21,097,"Kentucky","Harrison County",1,70,180,83,97
050,21,097,"Kentucky","Harrison County",1,71,208,101,107
050,21,097,"Kentucky","Harrison County",1,72,185,94,91
050,21,097,"Kentucky","Harrison County",1,73,186,90,96
050,21,097,"Kentucky","Harrison County",1,74,129,58,71
050,21,097,"Kentucky","Harrison County",1,75,118,48,70
050,21,097,"Kentucky","Harrison County",1,76,103,45,58
050,21,097,"Kentucky","Harrison County",1,77,103,45,58
050,21,097,"Kentucky","Harrison County",1,78,115,52,63
050,21,097,"Kentucky","Harrison County",1,79,118,51,67
050,21,097,"Kentucky","Harrison County",1,80,92,40,52
050,21,097,"Kentucky","Harrison County",1,81,108,48,60
050,21,097,"Kentucky","Harrison County",1,82,82,28,54
050,21,097,"Kentucky","Harrison County",1,83,59,28,31
050,21,097,"Kentucky","Harrison County",1,84,63,26,37
050,21,097,"Kentucky","Harrison County",1,85,366,104,262
050,21,097,"Kentucky","Harrison County",2,0,221,108,113
050,21,097,"Kentucky","Harrison County",2,1,230,110,120
050,21,097,"Kentucky","Harrison County",2,2,221,109,112
050,21,097,"Kentucky","Harrison County",2,3,231,113,118
050,21,097,"Kentucky","Harrison County",2,4,239,124,115
050,21,097,"Kentucky","Harrison County",2,5,227,114,113
050,21,097,"Kentucky","Harrison County",2,6,238,121,117
050,21,097,"Kentucky","Harrison County",2,7,234,117,117
050,21,097,"Kentucky","Harrison County",2,8,205,100,105
050,21,097,"Kentucky","Harrison County",2,9,210,102,108
050,21,097,"Kentucky","Harrison County",2,10,228,111,117
050,21,097,"Kentucky","Harrison County",2,11,251,120,131
050,21,097,"Kentucky","Harrison County",2,12,262,124,138
050,21,097,"Kentucky","Harrison County",2,13,259,133,126
050,21,097,"Kentucky","Harrison County",2,14,245,135,110
050,21,097,"Kentucky","Harrison County",2,15,257,137,120
050,21,097,"Kentucky","Harrison County",2,16,257,130,127
050,21,097,"Kentucky","Harrison County",2,17,255,125,130
050,21,097,"Kentucky","Harrison County",2,18,210,113,97
050,21,097,"Kentucky","Harrison County",2,19,176,99,77
050,21,097,"Kentucky","Harrison County",2,20,196,116,80
050,21,097,"Kentucky","Harrison County",2,21,195,110,85
050,21,097,"Kentucky","Harrison County",2,22,195,96,99
050,21,097,"Kentucky","Harrison County",2,23,218,107,111
050,21,097,"Kentucky","Harrison County",2,24,223,109,114
050,21,097,"Kentucky","Harrison County",2,25,218,109,109
050,21,097,"Kentucky","Harrison County",2,26,223,113,110
050,21,097,"Kentucky","Harrison County",2,27,232,116,116
050,21,097,"Kentucky","Harrison County",2,28,259,137,122
050,21,097,"Kentucky","Harrison County",2,29,249,138,111
050,21,097,"Kentucky","Harrison County",2,30,235,123,112
050,21,097,"Kentucky","Harrison County",2,31,217,109,108
050,21,097,"Kentucky","Harrison County",2,32,202,101,101
050,21,097,"Kentucky","Harrison County",2,33,192,96,96
050,21,097,"Kentucky","Harrison County",2,34,187,87,100
050,21,097,"Kentucky","Harrison County",2,35,188,89,99
050,21,097,"Kentucky","Harrison County",2,36,198,94,104
050,21,097,"Kentucky","Harrison County",2,37,210,97,113
050,21,097,"Kentucky","Harrison County",2,38,203,100,103
050,21,097,"Kentucky","Harrison County",2,39,216,114,102
050,21,097,"Kentucky","Harrison County",2,40,226,115,111
050,21,097,"Kentucky","Harrison County",2,41,215,105,110
050,21,097,"Kentucky","Harrison County",2,42,212,104,108
050,21,097,"Kentucky","Harrison County",2,43,223,110,113
050,21,097,"Kentucky","Harrison County",2,44,217,104,113
050,21,097,"Kentucky","Harrison County",2,45,227,105,122
050,21,097,"Kentucky","Harrison County",2,46,227,119,108
050,21,097,"Kentucky","Harrison County",2,47,227,119,108
050,21,097,"Kentucky","Harrison County",2,48,247,126,121
050,21,097,"Kentucky","Harrison County",2,49,270,142,128
050,21,097,"Kentucky","Harrison County",2,50,270,131,139
050,21,097,"Kentucky","Harrison County",2,51,262,127,135
050,21,097,"Kentucky","Harrison County",2,52,261,127,134
050,21,097,"Kentucky","Harrison County",2,53,258,129,129
050,21,097,"Kentucky","Harrison County",2,54,263,133,130
050,21,097,"Kentucky","Harrison County",2,55,294,145,149
050,21,097,"Kentucky","Harrison County",2,56,281,139,142
050,21,097,"Kentucky","Harrison County",2,57,280,140,140
050,21,097,"Kentucky","Harrison County",2,58,285,142,143
050,21,097,"Kentucky","Harrison County",2,59,298,148,150
050,21,097,"Kentucky","Harrison County",2,60,277,136,141
050,21,097,"Kentucky","Harrison County",2,61,283,143,140
050,21,097,"Kentucky","Harrison County",2,62,280,141,139
050,21,097,"Kentucky","Harrison County",2,63,278,138,140
050,21,097,"Kentucky","Harrison County",2,64,261,131,130
050,21,097,"Kentucky","Harrison County",2,65,250,122,128
050,21,097,"Kentucky","Harrison County",2,66,245,108,137
050,21,097,"Kentucky","Harrison County",2,67,231,108,123
050,21,097,"Kentucky","Harrison County",2,68,224,111,113
050,21,097,"Kentucky","Harrison County",2,69,205,107,98
050,21,097,"Kentucky","Harrison County",2,70,185,87,98
050,21,097,"Kentucky","Harrison County",2,71,199,96,103
050,21,097,"Kentucky","Harrison County",2,72,184,92,92
050,21,097,"Kentucky","Harrison County",2,73,195,95,100
050,21,097,"Kentucky","Harrison County",2,74,134,61,73
050,21,097,"Kentucky","Harrison County",2,75,119,50,69
050,21,097,"Kentucky","Harrison County",2,76,102,44,58
050,21,097,"Kentucky","Harrison County",2,77,107,47,60
050,21,097,"Kentucky","Harrison County",2,78,107,48,59
050,21,097,"Kentucky","Harrison County",2,79,122,53,69
050,21,097,"Kentucky","Harrison County",2,80,97,42,55
050,21,097,"Kentucky","Harrison County",2,81,100,42,58
050,21,097,"Kentucky","Harrison County",2,82,89,33,56
050,21,097,"Kentucky","Harrison County",2,83,59,27,32
050,21,097,"Kentucky","Harrison County",2,84,59,26,33
050,21,097,"Kentucky","Harrison County",2,85,372,107,265
050,21,097,"Kentucky","Harrison County",3,0,220,114,106
050,21,097,"Kentucky","Harrison County",3,1,239,121,118
050,21,097,"Kentucky","Harrison County",3,2,231,115,116
050,21,097,"Kentucky","Harrison County",3,3,220,106,114
050,21,097,"Kentucky","Harrison County",3,4,235,120,115
050,21,097,"Kentucky","Harrison County",3,5,251,132,119
050,21,097,"Kentucky","Harrison County",3,6,242,121,121
050,21,097,"Kentucky","Harrison County",3,7,241,116,125
050,21,097,"Kentucky","Harrison County",3,8,240,121,119
050,21,097,"Kentucky","Harrison County",3,9,207,101,106
050,21,097,"Kentucky","Harrison County",3,10,211,104,107
050,21,097,"Kentucky","Harrison County",3,11,239,116,123
050,21,097,"Kentucky","Harrison County",3,12,252,117,135
050,21,097,"Kentucky","Harrison County",3,13,267,128,139
050,21,097,"Kentucky","Harrison County",3,14,256,132,124
050,21,097,"Kentucky","Harrison County",3,15,236,129,107
050,21,097,"Kentucky","Harrison County",3,16,263,139,124
050,21,097,"Kentucky","Harrison County",3,17,261,133,128
050,21,097,"Kentucky","Harrison County",3,18,221,112,109
050,21,097,"Kentucky","Harrison County",3,19,169,97,72
050,21,097,"Kentucky","Harrison County",3,20,188,106,82
050,21,097,"Kentucky","Harrison County",3,21,211,120,91
050,21,097,"Kentucky","Harrison County",3,22,202,110,92
050,21,097,"Kentucky","Harrison County",3,23,194,98,96
050,21,097,"Kentucky","Harrison County",3,24,227,114,113
050,21,097,"Kentucky","Harrison County",3,25,226,114,112
050,21,097,"Kentucky","Harrison County",3,26,223,111,112
050,21,097,"Kentucky","Harrison County",3,27,229,115,114
050,21,097,"Kentucky","Harrison County",3,28,224,112,112
050,21,097,"Kentucky","Harrison County",3,29,253,133,120
050,21,097,"Kentucky","Harrison County",3,30,267,147,120
050,21,097,"Kentucky","Harrison County",3,31,250,130,120
050,21,097,"Kentucky","Harrison County",3,32,230,116,114
050,21,097,"Kentucky","Harrison County",3,33,206,104,102
050,21,097,"Kentucky","Harrison County",3,34,204,99,105
050,21,097,"Kentucky","Harrison County",3,35,193,88,105
050,21,097,"Kentucky","Harrison County",3,36,196,93,103
050,21,097,"Kentucky","Harrison County",3,37,208,104,104
050,21,097,"Kentucky","Harrison County",3,38,214,103,111
050,21,097,"Kentucky","Harrison County",3,39,198,92,106
050,21,097,"Kentucky","Harrison County",3,40,219,116,103
050,21,097,"Kentucky","Harrison County",3,41,243,125,118
050,21,097,"Kentucky","Harrison County",3,42,206,104,102
050,21,097,"Kentucky","Harrison County",3,43,223,104,119
050,21,097,"Kentucky","Harrison County",3,44,234,111,123
050,21,097,"Kentucky","Harrison County",3,45,224,109,115
050,21,097,"Kentucky","Harrison County",3,46,228,110,118
050,21,097,"Kentucky","Harrison County",3,47,229,119,110
050,21,097,"Kentucky","Harrison County",3,48,233,122,111
050,21,097,"Kentucky","Harrison County",3,49,245,128,117
050,21,097,"Kentucky","Harrison County",3,50,284,149,135
050,21,097,"Kentucky","Harrison County",3,51,267,131,136
050,21,097,"Kentucky","Harrison County",3,52,272,135,137
050,21,097,"Kentucky","Harrison County",3,53,267,130,137
050,21,097,"Kentucky","Harrison County",3,54,259,132,127
050,21,097,"Kentucky","Harrison County",3,55,271,134,137
050,21,097,"Kentucky","Harrison County",3,56,296,146,150
050,21,097,"Kentucky","Harrison County",3,57,281,137,144
050,21,097,"Kentucky","Harrison County",3,58,287,145,142
050,21,097,"Kentucky","Harrison County",3,59,284,140,144
050,21,097,"Kentucky","Harrison County",3,60,293,140,153
050,21,097,"Kentucky","Harrison County",3,61,281,138,143
050,21,097,"Kentucky","Harrison County",3,62,270,138,132
050,21,097,"Kentucky","Harrison County",3,63,269,134,135
050,21,097,"Kentucky","Harrison County",3,64,275,136,139
050,21,097,"Kentucky","Harrison County",3,65,258,130,128
050,21,097,"Kentucky","Harrison County",3,66,243,117,126
050,21,097,"Kentucky","Harrison County",3,67,249,109,140
050,21,097,"Kentucky","Harrison County",3,68,224,99,125
050,21,097,"Kentucky","Harrison County",3,69,216,108,108
050,21,097,"Kentucky","Harrison County",3,70,204,101,103
050,21,097,"Kentucky","Harrison County",3,71,184,92,92
050,21,097,"Kentucky","Harrison County",3,72,199,97,102
050,21,097,"Kentucky","Harrison County",3,73,180,89,91
050,21,097,"Kentucky","Harrison County",3,74,186,87,99
050,21,097,"Kentucky","Harrison County",3,75,132,59,73
050,21,097,"Kentucky","Harrison County",3,76,112,48,64
050,21,097,"Kentucky","Harrison County",3,77,100,44,56
050,21,097,"Kentucky","Harrison County",3,78,92,36,56
050,21,097,"Kentucky","Harrison County",3,79,111,50,61
050,21,097,"Kentucky","Harrison County",3,80,111,47,64
050,21,097,"Kentucky","Harrison County",3,81,87,39,48
050,21,097,"Kentucky","Harrison County",3,82,94,30,64
050,21,097,"Kentucky","Harrison County",3,83,76,30,46
050,21,097,"Kentucky","Harrison County",3,84,61,27,34
050,21,097,"Kentucky","Harrison County",3,85,354,107,247
050,21,097,"Kentucky","Harrison County",4,0,251,120,131
050,21,097,"Kentucky","Harrison County",4,1,229,121,108
050,21,097,"Kentucky","Harrison County",4,2,241,127,114
050,21,097,"Kentucky","Harrison County",4,3,252,127,125
050,21,097,"Kentucky","Harrison County",4,4,237,116,121
050,21,097,"Kentucky","Harrison County",4,5,233,118,115
050,21,097,"Kentucky","Harrison County",4,6,268,143,125
050,21,097,"Kentucky","Harrison County",4,7,242,120,122
050,21,097,"Kentucky","Harrison County",4,8,238,113,125
050,21,097,"Kentucky","Harrison County",4,9,240,122,118
050,21,097,"Kentucky","Harrison County",4,10,206,100,106
050,21,097,"Kentucky","Harrison County",4,11,207,106,101
050,21,097,"Kentucky","Harrison County",4,12,239,109,130
050,21,097,"Kentucky","Harrison County",4,13,254,118,136
050,21,097,"Kentucky","Harrison County",4,14,273,134,139
050,21,097,"Kentucky","Harrison County",4,15,260,135,125
050,21,097,"Kentucky","Harrison County",4,16,244,134,110
050,21,097,"Kentucky","Harrison County",4,17,258,136,122
050,21,097,"Kentucky","Harrison County",4,18,209,111,98
050,21,097,"Kentucky","Harrison County",4,19,172,90,82
050,21,097,"Kentucky","Harrison County",4,20,190,104,86
050,21,097,"Kentucky","Harrison County",4,21,199,110,89
050,21,097,"Kentucky","Harrison County",4,22,222,125,97
050,21,097,"Kentucky","Harrison County",4,23,218,114,104
050,21,097,"Kentucky","Harrison County",4,24,213,114,99
050,21,097,"Kentucky","Harrison County",4,25,232,114,118
050,21,097,"Kentucky","Harrison County",4,26,239,118,121
050,21,097,"Kentucky","Harrison County",4,27,229,110,119
050,21,097,"Kentucky","Harrison County",4,28,235,116,119
050,21,097,"Kentucky","Harrison County",4,29,231,115,116
050,21,097,"Kentucky","Harrison County",4,30,264,139,125
050,21,097,"Kentucky","Harrison County",4,31,280,153,127
050,21,097,"Kentucky","Harrison County",4,32,250,131,119
050,21,097,"Kentucky","Harrison County",4,33,235,117,118
050,21,097,"Kentucky","Harrison County",4,34,205,103,102
050,21,097,"Kentucky","Harrison County",4,35,203,92,111
050,21,097,"Kentucky","Harrison County",4,36,199,91,108
050,21,097,"Kentucky","Harrison County",4,37,194,95,99
050,21,097,"Kentucky","Harrison County",4,38,207,100,107
050,21,097,"Kentucky","Harrison County",4,39,223,111,112
050,21,097,"Kentucky","Harrison County",4,40,203,98,105
050,21,097,"Kentucky","Harrison County",4,41,232,125,107
050,21,097,"Kentucky","Harrison County",4,42,248,129,119
050,21,097,"Kentucky","Harrison County",4,43,200,101,99
050,21,097,"Kentucky","Harrison County",4,44,227,105,122
050,21,097,"Kentucky","Harrison County",4,45,241,111,130
050,21,097,"Kentucky","Harrison County",4,46,215,103,112
050,21,097,"Kentucky","Harrison County",4,47,216,106,110
050,21,097,"Kentucky","Harrison County",4,48,233,116,117
050,21,097,"Kentucky","Harrison County",4,49,234,126,108
050,21,097,"Kentucky","Harrison County",4,50,267,138,129
050,21,097,"Kentucky","Harrison County",4,51,280,146,134
050,21,097,"Kentucky","Harrison County",4,52,264,127,137
050,21,097,"Kentucky","Harrison County",4,53,276,139,137
050,21,097,"Kentucky","Harrison County",4,54,270,137,133
050,21,097,"Kentucky","Harrison County",4,55,258,135,123
050,21,097,"Kentucky","Harrison County",4,56,258,128,130
050,21,097,"Kentucky","Harrison County",4,57,282,134,148
050,21,097,"Kentucky","Harrison County",4,58,283,139,144
050,21,097,"Kentucky","Harrison County",4,59,279,144,135
050,21,097,"Kentucky","Harrison County",4,60,274,131,143
050,21,097,"Kentucky","Harrison County",4,61,291,141,150
050,21,097,"Kentucky","Harrison County",4,62,277,134,143
050,21,097,"Kentucky","Harrison County",4,63,262,132,130
050,21,097,"Kentucky","Harrison County",4,64,264,127,137
050,21,097,"Kentucky","Harrison County",4,65,279,136,143
050,21,097,"Kentucky","Harrison County",4,66,244,124,120
050,21,097,"Kentucky","Harrison County",4,67,238,113,125
050,21,097,"Kentucky","Harrison County",4,68,236,99,137
050,21,097,"Kentucky","Harrison County",4,69,216,102,114
050,21,097,"Kentucky","Harrison County",4,70,210,100,110
050,21,097,"Kentucky","Harrison County",4,71,198,103,95
050,21,097,"Kentucky","Harrison County",4,72,178,89,89
050,21,097,"Kentucky","Harrison County",4,73,200,94,106
050,21,097,"Kentucky","Harrison County",4,74,171,80,91
050,21,097,"Kentucky","Harrison County",4,75,178,81,97
050,21,097,"Kentucky","Harrison County",4,76,118,55,63
050,21,097,"Kentucky","Harrison County",4,77,112,49,63
050,21,097,"Kentucky","Harrison County",4,78,85,35,50
050,21,097,"Kentucky","Harrison County",4,79,99,38,61
050,21,097,"Kentucky","Harrison County",4,80,100,45,55
050,21,097,"Kentucky","Harrison County",4,81,108,47,61
050,21,097,"Kentucky","Harrison County",4,82,83,32,51
050,21,097,"Kentucky","Harrison County",4,83,81,26,55
050,21,097,"Kentucky","Harrison County",4,84,77,33,44
050,21,097,"Kentucky","Harrison County",4,85,339,107,232
050,21,097,"Kentucky","Harrison County",5,0,254,122,132
050,21,097,"Kentucky","Harrison County",5,1,258,120,138
050,21,097,"Kentucky","Harrison County",5,2,253,131,122
050,21,097,"Kentucky","Harrison County",5,3,248,131,117
050,21,097,"Kentucky","Harrison County",5,4,264,139,125
050,21,097,"Kentucky","Harrison County",5,5,237,117,120
050,21,097,"Kentucky","Harrison County",5,6,232,118,114
050,21,097,"Kentucky","Harrison County",5,7,269,141,128
050,21,097,"Kentucky","Harrison County",5,8,248,116,132
050,21,097,"Kentucky","Harrison County",5,9,251,129,122
050,21,097,"Kentucky","Harrison County",5,10,252,129,123
050,21,097,"Kentucky","Harrison County",5,11,217,101,116
050,21,097,"Kentucky","Harrison County",5,12,215,111,104
050,21,097,"Kentucky","Harrison County",5,13,239,112,127
050,21,097,"Kentucky","Harrison County",5,14,259,120,139
050,21,097,"Kentucky","Harrison County",5,15,274,132,142
050,21,097,"Kentucky","Harrison County",5,16,262,137,125
050,21,097,"Kentucky","Harrison County",5,17,235,132,103
050,21,097,"Kentucky","Harrison County",5,18,217,118,99
050,21,097,"Kentucky","Harrison County",5,19,172,92,80
050,21,097,"Kentucky","Harrison County",5,20,190,96,94
050,21,097,"Kentucky","Harrison County",5,21,205,110,95
050,21,097,"Kentucky","Harrison County",5,22,209,109,100
050,21,097,"Kentucky","Harrison County",5,23,240,138,102
050,21,097,"Kentucky","Harrison County",5,24,242,126,116
050,21,097,"Kentucky","Harrison County",5,25,208,113,95
050,21,097,"Kentucky","Harrison County",5,26,231,107,124
050,21,097,"Kentucky","Harrison County",5,27,246,121,125
050,21,097,"Kentucky","Harrison County",5,28,242,114,128
050,21,097,"Kentucky","Harrison County",5,29,235,115,120
050,21,097,"Kentucky","Harrison County",5,30,238,120,118
050,21,097,"Kentucky","Harrison County",5,31,274,144,130
050,21,097,"Kentucky","Harrison County",5,32,289,157,132
050,21,097,"Kentucky","Harrison County",5,33,263,137,126
050,21,097,"Kentucky","Harrison County",5,34,235,109,126
050,21,097,"Kentucky","Harrison County",5,35,210,106,104
050,21,097,"Kentucky","Harrison County",5,36,210,98,112
050,21,097,"Kentucky","Harrison County",5,37,192,89,103
050,21,097,"Kentucky","Harrison County",5,38,201,101,100
050,21,097,"Kentucky","Harrison County",5,39,212,98,114
050,21,097,"Kentucky","Harrison County",5,40,219,115,104
050,21,097,"Kentucky","Harrison County",5,41,212,98,114
050,21,097,"Kentucky","Harrison County",5,42,240,128,112
050,21,097,"Kentucky","Harrison County",5,43,250,135,115
050,21,097,"Kentucky","Harrison County",5,44,198,106,92
050,21,097,"Kentucky","Harrison County",5,45,241,109,132
050,21,097,"Kentucky","Harrison County",5,46,246,115,131
050,21,097,"Kentucky","Harrison County",5,47,215,103,112
050,21,097,"Kentucky","Harrison County",5,48,211,102,109
050,21,097,"Kentucky","Harrison County",5,49,247,129,118
050,21,097,"Kentucky","Harrison County",5,50,238,125,113
050,21,097,"Kentucky","Harrison County",5,51,272,144,128
050,21,097,"Kentucky","Harrison County",5,52,281,147,134
050,21,097,"Kentucky","Harrison County",5,53,277,142,135
050,21,097,"Kentucky","Harrison County",5,54,270,132,138
050,21,097,"Kentucky","Harrison County",5,55,269,141,128
050,21,097,"Kentucky","Harrison County",5,56,248,128,120
050,21,097,"Kentucky","Harrison County",5,57,263,130,133
050,21,097,"Kentucky","Harrison County",5,58,289,140,149
050,21,097,"Kentucky","Harrison County",5,59,277,135,142
050,21,097,"Kentucky","Harrison County",5,60,271,135,136
050,21,097,"Kentucky","Harrison County",5,61,281,138,143
050,21,097,"Kentucky","Harrison County",5,62,287,140,147
050,21,097,"Kentucky","Harrison County",5,63,276,135,141
050,21,097,"Kentucky","Harrison County",5,64,258,127,131
050,21,097,"Kentucky","Harrison County",5,65,269,128,141
050,21,097,"Kentucky","Harrison County",5,66,272,131,141
050,21,097,"Kentucky","Harrison County",5,67,244,124,120
050,21,097,"Kentucky","Harrison County",5,68,229,106,123
050,21,097,"Kentucky","Harrison County",5,69,225,100,125
050,21,097,"Kentucky","Harrison County",5,70,213,94,119
050,21,097,"Kentucky","Harrison County",5,71,210,107,103
050,21,097,"Kentucky","Harrison County",5,72,198,103,95
050,21,097,"Kentucky","Harrison County",5,73,177,87,90
050,21,097,"Kentucky","Harrison County",5,74,186,83,103
050,21,097,"Kentucky","Harrison County",5,75,172,80,92
050,21,097,"Kentucky","Harrison County",5,76,163,77,86
050,21,097,"Kentucky","Harrison County",5,77,117,54,63
050,21,097,"Kentucky","Harrison County",5,78,98,41,57
050,21,097,"Kentucky","Harrison County",5,79,99,41,58
050,21,097,"Kentucky","Harrison County",5,80,86,31,55
050,21,097,"Kentucky","Harrison County",5,81,96,41,55
050,21,097,"Kentucky","Harrison County",5,82,101,38,63
050,21,097,"Kentucky","Harrison County",5,83,70,30,40
050,21,097,"Kentucky","Harrison County",5,84,80,28,52
050,21,097,"Kentucky","Harrison County",5,85,346,115,231
050,21,099,"Kentucky","Hart County",1,0,259,131,128
050,21,099,"Kentucky","Hart County",1,1,281,135,146
050,21,099,"Kentucky","Hart County",1,2,261,133,128
050,21,099,"Kentucky","Hart County",1,3,266,134,132
050,21,099,"Kentucky","Hart County",1,4,274,115,159
050,21,099,"Kentucky","Hart County",1,5,294,135,159
050,21,099,"Kentucky","Hart County",1,6,246,124,122
050,21,099,"Kentucky","Hart County",1,7,238,124,114
050,21,099,"Kentucky","Hart County",1,8,246,138,108
050,21,099,"Kentucky","Hart County",1,9,240,126,114
050,21,099,"Kentucky","Hart County",1,10,239,115,124
050,21,099,"Kentucky","Hart County",1,11,262,128,134
050,21,099,"Kentucky","Hart County",1,12,282,141,141
050,21,099,"Kentucky","Hart County",1,13,257,138,119
050,21,099,"Kentucky","Hart County",1,14,266,139,127
050,21,099,"Kentucky","Hart County",1,15,279,134,145
050,21,099,"Kentucky","Hart County",1,16,277,139,138
050,21,099,"Kentucky","Hart County",1,17,282,138,144
050,21,099,"Kentucky","Hart County",1,18,224,121,103
050,21,099,"Kentucky","Hart County",1,19,183,91,92
050,21,099,"Kentucky","Hart County",1,20,204,109,95
050,21,099,"Kentucky","Hart County",1,21,203,106,97
050,21,099,"Kentucky","Hart County",1,22,225,114,111
050,21,099,"Kentucky","Hart County",1,23,212,118,94
050,21,099,"Kentucky","Hart County",1,24,234,123,111
050,21,099,"Kentucky","Hart County",1,25,243,128,115
050,21,099,"Kentucky","Hart County",1,26,229,117,112
050,21,099,"Kentucky","Hart County",1,27,239,115,124
050,21,099,"Kentucky","Hart County",1,28,243,130,113
050,21,099,"Kentucky","Hart County",1,29,242,125,117
050,21,099,"Kentucky","Hart County",1,30,248,124,124
050,21,099,"Kentucky","Hart County",1,31,234,118,116
050,21,099,"Kentucky","Hart County",1,32,221,117,104
050,21,099,"Kentucky","Hart County",1,33,217,118,99
050,21,099,"Kentucky","Hart County",1,34,199,100,99
050,21,099,"Kentucky","Hart County",1,35,185,95,90
050,21,099,"Kentucky","Hart County",1,36,191,92,99
050,21,099,"Kentucky","Hart County",1,37,204,97,107
050,21,099,"Kentucky","Hart County",1,38,228,110,118
050,21,099,"Kentucky","Hart County",1,39,246,127,119
050,21,099,"Kentucky","Hart County",1,40,229,122,107
050,21,099,"Kentucky","Hart County",1,41,197,100,97
050,21,099,"Kentucky","Hart County",1,42,212,103,109
050,21,099,"Kentucky","Hart County",1,43,233,121,112
050,21,099,"Kentucky","Hart County",1,44,232,111,121
050,21,099,"Kentucky","Hart County",1,45,241,131,110
050,21,099,"Kentucky","Hart County",1,46,221,117,104
050,21,099,"Kentucky","Hart County",1,47,221,116,105
050,21,099,"Kentucky","Hart County",1,48,239,126,113
050,21,099,"Kentucky","Hart County",1,49,261,133,128
050,21,099,"Kentucky","Hart County",1,50,250,120,130
050,21,099,"Kentucky","Hart County",1,51,252,128,124
050,21,099,"Kentucky","Hart County",1,52,254,120,134
050,21,099,"Kentucky","Hart County",1,53,272,144,128
050,21,099,"Kentucky","Hart County",1,54,278,139,139
050,21,099,"Kentucky","Hart County",1,55,282,136,146
050,21,099,"Kentucky","Hart County",1,56,295,152,143
050,21,099,"Kentucky","Hart County",1,57,294,155,139
050,21,099,"Kentucky","Hart County",1,58,299,135,164
050,21,099,"Kentucky","Hart County",1,59,316,157,159
050,21,099,"Kentucky","Hart County",1,60,306,166,140
050,21,099,"Kentucky","Hart County",1,61,292,144,148
050,21,099,"Kentucky","Hart County",1,62,270,125,145
050,21,099,"Kentucky","Hart County",1,63,251,119,132
050,21,099,"Kentucky","Hart County",1,64,243,121,122
050,21,099,"Kentucky","Hart County",1,65,251,129,122
050,21,099,"Kentucky","Hart County",1,66,230,109,121
050,21,099,"Kentucky","Hart County",1,67,231,115,116
050,21,099,"Kentucky","Hart County",1,68,212,113,99
050,21,099,"Kentucky","Hart County",1,69,191,100,91
050,21,099,"Kentucky","Hart County",1,70,189,91,98
050,21,099,"Kentucky","Hart County",1,71,179,79,100
050,21,099,"Kentucky","Hart County",1,72,193,87,106
050,21,099,"Kentucky","Hart County",1,73,196,89,107
050,21,099,"Kentucky","Hart County",1,74,130,57,73
050,21,099,"Kentucky","Hart County",1,75,120,58,62
050,21,099,"Kentucky","Hart County",1,76,126,57,69
050,21,099,"Kentucky","Hart County",1,77,125,63,62
050,21,099,"Kentucky","Hart County",1,78,104,45,59
050,21,099,"Kentucky","Hart County",1,79,100,51,49
050,21,099,"Kentucky","Hart County",1,80,81,39,42
050,21,099,"Kentucky","Hart County",1,81,90,41,49
050,21,099,"Kentucky","Hart County",1,82,85,42,43
050,21,099,"Kentucky","Hart County",1,83,62,25,37
050,21,099,"Kentucky","Hart County",1,84,56,25,31
050,21,099,"Kentucky","Hart County",1,85,287,83,204
050,21,099,"Kentucky","Hart County",2,0,259,137,122
050,21,099,"Kentucky","Hart County",2,1,271,130,141
050,21,099,"Kentucky","Hart County",2,2,263,132,131
050,21,099,"Kentucky","Hart County",2,3,259,131,128
050,21,099,"Kentucky","Hart County",2,4,274,121,153
050,21,099,"Kentucky","Hart County",2,5,285,128,157
050,21,099,"Kentucky","Hart County",2,6,257,126,131
050,21,099,"Kentucky","Hart County",2,7,241,125,116
050,21,099,"Kentucky","Hart County",2,8,244,133,111
050,21,099,"Kentucky","Hart County",2,9,242,129,113
050,21,099,"Kentucky","Hart County",2,10,241,119,122
050,21,099,"Kentucky","Hart County",2,11,259,126,133
050,21,099,"Kentucky","Hart County",2,12,279,140,139
050,21,099,"Kentucky","Hart County",2,13,261,140,121
050,21,099,"Kentucky","Hart County",2,14,264,139,125
050,21,099,"Kentucky","Hart County",2,15,275,135,140
050,21,099,"Kentucky","Hart County",2,16,280,140,140
050,21,099,"Kentucky","Hart County",2,17,281,139,142
050,21,099,"Kentucky","Hart County",2,18,226,119,107
050,21,099,"Kentucky","Hart County",2,19,183,92,91
050,21,099,"Kentucky","Hart County",2,20,206,109,97
050,21,099,"Kentucky","Hart County",2,21,207,108,99
050,21,099,"Kentucky","Hart County",2,22,224,116,108
050,21,099,"Kentucky","Hart County",2,23,220,120,100
050,21,099,"Kentucky","Hart County",2,24,229,120,109
050,21,099,"Kentucky","Hart County",2,25,243,129,114
050,21,099,"Kentucky","Hart County",2,26,232,120,112
050,21,099,"Kentucky","Hart County",2,27,236,116,120
050,21,099,"Kentucky","Hart County",2,28,240,126,114
050,21,099,"Kentucky","Hart County",2,29,241,125,116
050,21,099,"Kentucky","Hart County",2,30,250,126,124
050,21,099,"Kentucky","Hart County",2,31,234,118,116
050,21,099,"Kentucky","Hart County",2,32,224,117,107
050,21,099,"Kentucky","Hart County",2,33,217,117,100
050,21,099,"Kentucky","Hart County",2,34,203,104,99
050,21,099,"Kentucky","Hart County",2,35,187,95,92
050,21,099,"Kentucky","Hart County",2,36,187,92,95
050,21,099,"Kentucky","Hart County",2,37,202,97,105
050,21,099,"Kentucky","Hart County",2,38,223,108,115
050,21,099,"Kentucky","Hart County",2,39,243,125,118
050,21,099,"Kentucky","Hart County",2,40,232,124,108
050,21,099,"Kentucky","Hart County",2,41,207,108,99
050,21,099,"Kentucky","Hart County",2,42,209,103,106
050,21,099,"Kentucky","Hart County",2,43,228,117,111
050,21,099,"Kentucky","Hart County",2,44,231,112,119
050,21,099,"Kentucky","Hart County",2,45,238,127,111
050,21,099,"Kentucky","Hart County",2,46,228,123,105
050,21,099,"Kentucky","Hart County",2,47,219,115,104
050,21,099,"Kentucky","Hart County",2,48,236,125,111
050,21,099,"Kentucky","Hart County",2,49,258,132,126
050,21,099,"Kentucky","Hart County",2,50,253,123,130
050,21,099,"Kentucky","Hart County",2,51,252,127,125
050,21,099,"Kentucky","Hart County",2,52,254,123,131
050,21,099,"Kentucky","Hart County",2,53,270,140,130
050,21,099,"Kentucky","Hart County",2,54,274,138,136
050,21,099,"Kentucky","Hart County",2,55,279,138,141
050,21,099,"Kentucky","Hart County",2,56,291,147,144
050,21,099,"Kentucky","Hart County",2,57,293,153,140
050,21,099,"Kentucky","Hart County",2,58,295,139,156
050,21,099,"Kentucky","Hart County",2,59,312,152,160
050,21,099,"Kentucky","Hart County",2,60,307,162,145
050,21,099,"Kentucky","Hart County",2,61,293,148,145
050,21,099,"Kentucky","Hart County",2,62,275,129,146
050,21,099,"Kentucky","Hart County",2,63,259,121,138
050,21,099,"Kentucky","Hart County",2,64,244,120,124
050,21,099,"Kentucky","Hart County",2,65,248,126,122
050,21,099,"Kentucky","Hart County",2,66,235,114,121
050,21,099,"Kentucky","Hart County",2,67,230,113,117
050,21,099,"Kentucky","Hart County",2,68,214,113,101
050,21,099,"Kentucky","Hart County",2,69,200,104,96
050,21,099,"Kentucky","Hart County",2,70,188,92,96
050,21,099,"Kentucky","Hart County",2,71,181,81,100
050,21,099,"Kentucky","Hart County",2,72,186,83,103
050,21,099,"Kentucky","Hart County",2,73,206,94,112
050,21,099,"Kentucky","Hart County",2,74,137,61,76
050,21,099,"Kentucky","Hart County",2,75,122,58,64
050,21,099,"Kentucky","Hart County",2,76,122,56,66
050,21,099,"Kentucky","Hart County",2,77,125,61,64
050,21,099,"Kentucky","Hart County",2,78,105,46,59
050,21,099,"Kentucky","Hart County",2,79,99,49,50
050,21,099,"Kentucky","Hart County",2,80,85,41,44
050,21,099,"Kentucky","Hart County",2,81,88,40,48
050,21,099,"Kentucky","Hart County",2,82,84,41,43
050,21,099,"Kentucky","Hart County",2,83,67,29,38
050,21,099,"Kentucky","Hart County",2,84,53,23,30
050,21,099,"Kentucky","Hart County",2,85,286,82,204
050,21,099,"Kentucky","Hart County",3,0,251,122,129
050,21,099,"Kentucky","Hart County",3,1,256,136,120
050,21,099,"Kentucky","Hart County",3,2,273,133,140
050,21,099,"Kentucky","Hart County",3,3,263,135,128
050,21,099,"Kentucky","Hart County",3,4,261,137,124
050,21,099,"Kentucky","Hart County",3,5,286,124,162
050,21,099,"Kentucky","Hart County",3,6,270,119,151
050,21,099,"Kentucky","Hart County",3,7,268,123,145
050,21,099,"Kentucky","Hart County",3,8,241,118,123
050,21,099,"Kentucky","Hart County",3,9,248,134,114
050,21,099,"Kentucky","Hart County",3,10,256,137,119
050,21,099,"Kentucky","Hart County",3,11,247,127,120
050,21,099,"Kentucky","Hart County",3,12,259,124,135
050,21,099,"Kentucky","Hart County",3,13,275,142,133
050,21,099,"Kentucky","Hart County",3,14,283,150,133
050,21,099,"Kentucky","Hart County",3,15,269,141,128
050,21,099,"Kentucky","Hart County",3,16,274,135,139
050,21,099,"Kentucky","Hart County",3,17,282,135,147
050,21,099,"Kentucky","Hart County",3,18,232,119,113
050,21,099,"Kentucky","Hart County",3,19,187,97,90
050,21,099,"Kentucky","Hart County",3,20,199,100,99
050,21,099,"Kentucky","Hart County",3,21,225,120,105
050,21,099,"Kentucky","Hart County",3,22,231,114,117
050,21,099,"Kentucky","Hart County",3,23,253,132,121
050,21,099,"Kentucky","Hart County",3,24,217,116,101
050,21,099,"Kentucky","Hart County",3,25,228,118,110
050,21,099,"Kentucky","Hart County",3,26,243,132,111
050,21,099,"Kentucky","Hart County",3,27,248,132,116
050,21,099,"Kentucky","Hart County",3,28,227,109,118
050,21,099,"Kentucky","Hart County",3,29,242,121,121
050,21,099,"Kentucky","Hart County",3,30,243,126,117
050,21,099,"Kentucky","Hart County",3,31,251,115,136
050,21,099,"Kentucky","Hart County",3,32,231,117,114
050,21,099,"Kentucky","Hart County",3,33,232,123,109
050,21,099,"Kentucky","Hart County",3,34,217,118,99
050,21,099,"Kentucky","Hart County",3,35,198,102,96
050,21,099,"Kentucky","Hart County",3,36,198,98,100
050,21,099,"Kentucky","Hart County",3,37,195,98,97
050,21,099,"Kentucky","Hart County",3,38,208,102,106
050,21,099,"Kentucky","Hart County",3,39,228,114,114
050,21,099,"Kentucky","Hart County",3,40,230,118,112
050,21,099,"Kentucky","Hart County",3,41,232,124,108
050,21,099,"Kentucky","Hart County",3,42,208,106,102
050,21,099,"Kentucky","Hart County",3,43,219,104,115
050,21,099,"Kentucky","Hart County",3,44,232,118,114
050,21,099,"Kentucky","Hart County",3,45,229,116,113
050,21,099,"Kentucky","Hart County",3,46,256,137,119
050,21,099,"Kentucky","Hart County",3,47,228,123,105
050,21,099,"Kentucky","Hart County",3,48,221,118,103
050,21,099,"Kentucky","Hart County",3,49,233,126,107
050,21,099,"Kentucky","Hart County",3,50,251,127,124
050,21,099,"Kentucky","Hart County",3,51,256,125,131
050,21,099,"Kentucky","Hart County",3,52,250,125,125
050,21,099,"Kentucky","Hart County",3,53,248,119,129
050,21,099,"Kentucky","Hart County",3,54,270,135,135
050,21,099,"Kentucky","Hart County",3,55,285,142,143
050,21,099,"Kentucky","Hart County",3,56,286,137,149
050,21,099,"Kentucky","Hart County",3,57,303,153,150
050,21,099,"Kentucky","Hart County",3,58,290,152,138
050,21,099,"Kentucky","Hart County",3,59,299,142,157
050,21,099,"Kentucky","Hart County",3,60,317,157,160
050,21,099,"Kentucky","Hart County",3,61,302,157,145
050,21,099,"Kentucky","Hart County",3,62,293,148,145
050,21,099,"Kentucky","Hart County",3,63,275,127,148
050,21,099,"Kentucky","Hart County",3,64,261,124,137
050,21,099,"Kentucky","Hart County",3,65,244,121,123
050,21,099,"Kentucky","Hart County",3,66,242,122,120
050,21,099,"Kentucky","Hart County",3,67,235,119,116
050,21,099,"Kentucky","Hart County",3,68,227,114,113
050,21,099,"Kentucky","Hart County",3,69,212,108,104
050,21,099,"Kentucky","Hart County",3,70,193,98,95
050,21,099,"Kentucky","Hart County",3,71,184,92,92
050,21,099,"Kentucky","Hart County",3,72,168,75,93
050,21,099,"Kentucky","Hart County",3,73,170,75,95
050,21,099,"Kentucky","Hart County",3,74,200,92,108
050,21,099,"Kentucky","Hart County",3,75,129,60,69
050,21,099,"Kentucky","Hart County",3,76,119,54,65
050,21,099,"Kentucky","Hart County",3,77,111,50,61
050,21,099,"Kentucky","Hart County",3,78,115,53,62
050,21,099,"Kentucky","Hart County",3,79,95,43,52
050,21,099,"Kentucky","Hart County",3,80,90,44,46
050,21,099,"Kentucky","Hart County",3,81,80,36,44
050,21,099,"Kentucky","Hart County",3,82,76,37,39
050,21,099,"Kentucky","Hart County",3,83,78,38,40
050,21,099,"Kentucky","Hart County",3,84,63,25,38
050,21,099,"Kentucky","Hart County",3,85,277,85,192
050,21,099,"Kentucky","Hart County",4,0,249,125,124
050,21,099,"Kentucky","Hart County",4,1,251,121,130
050,21,099,"Kentucky","Hart County",4,2,271,144,127
050,21,099,"Kentucky","Hart County",4,3,279,128,151
050,21,099,"Kentucky","Hart County",4,4,264,130,134
050,21,099,"Kentucky","Hart County",4,5,271,146,125
050,21,099,"Kentucky","Hart County",4,6,277,119,158
050,21,099,"Kentucky","Hart County",4,7,284,129,155
050,21,099,"Kentucky","Hart County",4,8,263,119,144
050,21,099,"Kentucky","Hart County",4,9,238,112,126
050,21,099,"Kentucky","Hart County",4,10,257,143,114
050,21,099,"Kentucky","Hart County",4,11,266,137,129
050,21,099,"Kentucky","Hart County",4,12,261,133,128
050,21,099,"Kentucky","Hart County",4,13,270,135,135
050,21,099,"Kentucky","Hart County",4,14,272,138,134
050,21,099,"Kentucky","Hart County",4,15,279,148,131
050,21,099,"Kentucky","Hart County",4,16,266,140,126
050,21,099,"Kentucky","Hart County",4,17,274,135,139
050,21,099,"Kentucky","Hart County",4,18,244,122,122
050,21,099,"Kentucky","Hart County",4,19,172,85,87
050,21,099,"Kentucky","Hart County",4,20,199,104,95
050,21,099,"Kentucky","Hart County",4,21,206,103,103
050,21,099,"Kentucky","Hart County",4,22,230,117,113
050,21,099,"Kentucky","Hart County",4,23,247,126,121
050,21,099,"Kentucky","Hart County",4,24,250,132,118
050,21,099,"Kentucky","Hart County",4,25,221,118,103
050,21,099,"Kentucky","Hart County",4,26,223,112,111
050,21,099,"Kentucky","Hart County",4,27,253,138,115
050,21,099,"Kentucky","Hart County",4,28,237,133,104
050,21,099,"Kentucky","Hart County",4,29,235,111,124
050,21,099,"Kentucky","Hart County",4,30,239,114,125
050,21,099,"Kentucky","Hart County",4,31,232,115,117
050,21,099,"Kentucky","Hart County",4,32,245,115,130
050,21,099,"Kentucky","Hart County",4,33,224,111,113
050,21,099,"Kentucky","Hart County",4,34,232,128,104
050,21,099,"Kentucky","Hart County",4,35,220,114,106
050,21,099,"Kentucky","Hart County",4,36,199,104,95
050,21,099,"Kentucky","Hart County",4,37,199,103,96
050,21,099,"Kentucky","Hart County",4,38,202,97,105
050,21,099,"Kentucky","Hart County",4,39,199,96,103
050,21,099,"Kentucky","Hart County",4,40,223,111,112
050,21,099,"Kentucky","Hart County",4,41,236,118,118
050,21,099,"Kentucky","Hart County",4,42,237,130,107
050,21,099,"Kentucky","Hart County",4,43,209,103,106
050,21,099,"Kentucky","Hart County",4,44,221,102,119
050,21,099,"Kentucky","Hart County",4,45,235,117,118
050,21,099,"Kentucky","Hart County",4,46,233,117,116
050,21,099,"Kentucky","Hart County",4,47,251,134,117
050,21,099,"Kentucky","Hart County",4,48,229,129,100
050,21,099,"Kentucky","Hart County",4,49,220,118,102
050,21,099,"Kentucky","Hart County",4,50,236,128,108
050,21,099,"Kentucky","Hart County",4,51,255,129,126
050,21,099,"Kentucky","Hart County",4,52,261,131,130
050,21,099,"Kentucky","Hart County",4,53,245,122,123
050,21,099,"Kentucky","Hart County",4,54,254,117,137
050,21,099,"Kentucky","Hart County",4,55,270,135,135
050,21,099,"Kentucky","Hart County",4,56,279,138,141
050,21,099,"Kentucky","Hart County",4,57,286,139,147
050,21,099,"Kentucky","Hart County",4,58,307,156,151
050,21,099,"Kentucky","Hart County",4,59,293,155,138
050,21,099,"Kentucky","Hart County",4,60,302,142,160
050,21,099,"Kentucky","Hart County",4,61,320,158,162
050,21,099,"Kentucky","Hart County",4,62,293,154,139
050,21,099,"Kentucky","Hart County",4,63,296,149,147
050,21,099,"Kentucky","Hart County",4,64,279,130,149
050,21,099,"Kentucky","Hart County",4,65,261,122,139
050,21,099,"Kentucky","Hart County",4,66,242,121,121
050,21,099,"Kentucky","Hart County",4,67,250,125,125
050,21,099,"Kentucky","Hart County",4,68,227,117,110
050,21,099,"Kentucky","Hart County",4,69,231,116,115
050,21,099,"Kentucky","Hart County",4,70,214,110,104
050,21,099,"Kentucky","Hart County",4,71,185,93,92
050,21,099,"Kentucky","Hart County",4,72,176,85,91
050,21,099,"Kentucky","Hart County",4,73,154,67,87
050,21,099,"Kentucky","Hart County",4,74,163,73,90
050,21,099,"Kentucky","Hart County",4,75,185,87,98
050,21,099,"Kentucky","Hart County",4,76,123,54,69
050,21,099,"Kentucky","Hart County",4,77,110,50,60
050,21,099,"Kentucky","Hart County",4,78,111,45,66
050,21,099,"Kentucky","Hart County",4,79,105,50,55
050,21,099,"Kentucky","Hart County",4,80,88,39,49
050,21,099,"Kentucky","Hart County",4,81,89,41,48
050,21,099,"Kentucky","Hart County",4,82,72,33,39
050,21,099,"Kentucky","Hart County",4,83,79,37,42
050,21,099,"Kentucky","Hart County",4,84,68,31,37
050,21,099,"Kentucky","Hart County",4,85,291,89,202
050,21,099,"Kentucky","Hart County",5,0,259,132,127
050,21,099,"Kentucky","Hart County",5,1,246,117,129
050,21,099,"Kentucky","Hart County",5,2,250,124,126
050,21,099,"Kentucky","Hart County",5,3,267,140,127
050,21,099,"Kentucky","Hart County",5,4,268,123,145
050,21,099,"Kentucky","Hart County",5,5,262,132,130
050,21,099,"Kentucky","Hart County",5,6,273,143,130
050,21,099,"Kentucky","Hart County",5,7,292,134,158
050,21,099,"Kentucky","Hart County",5,8,276,124,152
050,21,099,"Kentucky","Hart County",5,9,269,126,143
050,21,099,"Kentucky","Hart County",5,10,234,116,118
050,21,099,"Kentucky","Hart County",5,11,261,145,116
050,21,099,"Kentucky","Hart County",5,12,264,139,125
050,21,099,"Kentucky","Hart County",5,13,256,127,129
050,21,099,"Kentucky","Hart County",5,14,258,122,136
050,21,099,"Kentucky","Hart County",5,15,277,139,138
050,21,099,"Kentucky","Hart County",5,16,286,150,136
050,21,099,"Kentucky","Hart County",5,17,251,126,125
050,21,099,"Kentucky","Hart County",5,18,234,122,112
050,21,099,"Kentucky","Hart County",5,19,186,95,91
050,21,099,"Kentucky","Hart County",5,20,203,101,102
050,21,099,"Kentucky","Hart County",5,21,194,103,91
050,21,099,"Kentucky","Hart County",5,22,223,110,113
050,21,099,"Kentucky","Hart County",5,23,267,137,130
050,21,099,"Kentucky","Hart County",5,24,243,124,119
050,21,099,"Kentucky","Hart County",5,25,253,128,125
050,21,099,"Kentucky","Hart County",5,26,227,117,110
050,21,099,"Kentucky","Hart County",5,27,228,123,105
050,21,099,"Kentucky","Hart County",5,28,234,121,113
050,21,099,"Kentucky","Hart County",5,29,230,128,102
050,21,099,"Kentucky","Hart County",5,30,245,121,124
050,21,099,"Kentucky","Hart County",5,31,242,113,129
050,21,099,"Kentucky","Hart County",5,32,236,119,117
050,21,099,"Kentucky","Hart County",5,33,251,111,140
050,21,099,"Kentucky","Hart County",5,34,223,111,112
050,21,099,"Kentucky","Hart County",5,35,231,125,106
050,21,099,"Kentucky","Hart County",5,36,228,113,115
050,21,099,"Kentucky","Hart County",5,37,212,111,101
050,21,099,"Kentucky","Hart County",5,38,197,108,89
050,21,099,"Kentucky","Hart County",5,39,203,97,106
050,21,099,"Kentucky","Hart County",5,40,189,95,94
050,21,099,"Kentucky","Hart County",5,41,232,115,117
050,21,099,"Kentucky","Hart County",5,42,244,123,121
050,21,099,"Kentucky","Hart County",5,43,238,133,105
050,21,099,"Kentucky","Hart County",5,44,211,102,109
050,21,099,"Kentucky","Hart County",5,45,209,96,113
050,21,099,"Kentucky","Hart County",5,46,235,121,114
050,21,099,"Kentucky","Hart County",5,47,232,111,121
050,21,099,"Kentucky","Hart County",5,48,252,136,116
050,21,099,"Kentucky","Hart County",5,49,235,126,109
050,21,099,"Kentucky","Hart County",5,50,236,128,108
050,21,099,"Kentucky","Hart County",5,51,244,138,106
050,21,099,"Kentucky","Hart County",5,52,263,132,131
050,21,099,"Kentucky","Hart County",5,53,260,130,130
050,21,099,"Kentucky","Hart County",5,54,254,123,131
050,21,099,"Kentucky","Hart County",5,55,265,126,139
050,21,099,"Kentucky","Hart County",5,56,272,131,141
050,21,099,"Kentucky","Hart County",5,57,273,132,141
050,21,099,"Kentucky","Hart County",5,58,287,144,143
050,21,099,"Kentucky","Hart County",5,59,303,153,150
050,21,099,"Kentucky","Hart County",5,60,298,155,143
050,21,099,"Kentucky","Hart County",5,61,304,143,161
050,21,099,"Kentucky","Hart County",5,62,324,163,161
050,21,099,"Kentucky","Hart County",5,63,294,155,139
050,21,099,"Kentucky","Hart County",5,64,289,147,142
050,21,099,"Kentucky","Hart County",5,65,281,130,151
050,21,099,"Kentucky","Hart County",5,66,258,121,137
050,21,099,"Kentucky","Hart County",5,67,240,123,117
050,21,099,"Kentucky","Hart County",5,68,241,119,122
050,21,099,"Kentucky","Hart County",5,69,225,118,107
050,21,099,"Kentucky","Hart County",5,70,232,115,117
050,21,099,"Kentucky","Hart County",5,71,211,107,104
050,21,099,"Kentucky","Hart County",5,72,176,86,90
050,21,099,"Kentucky","Hart County",5,73,168,81,87
050,21,099,"Kentucky","Hart County",5,74,150,66,84
050,21,099,"Kentucky","Hart County",5,75,151,68,83
050,21,099,"Kentucky","Hart County",5,76,178,81,97
050,21,099,"Kentucky","Hart County",5,77,114,49,65
050,21,099,"Kentucky","Hart County",5,78,106,44,62
050,21,099,"Kentucky","Hart County",5,79,101,42,59
050,21,099,"Kentucky","Hart County",5,80,96,44,52
050,21,099,"Kentucky","Hart County",5,81,84,35,49
050,21,099,"Kentucky","Hart County",5,82,82,39,43
050,21,099,"Kentucky","Hart County",5,83,70,32,38
050,21,099,"Kentucky","Hart County",5,84,73,35,38
050,21,099,"Kentucky","Hart County",5,85,305,99,206
050,21,101,"Kentucky","Henderson County",1,0,490,255,235
050,21,101,"Kentucky","Henderson County",1,1,520,289,231
050,21,101,"Kentucky","Henderson County",1,2,543,306,237
050,21,101,"Kentucky","Henderson County",1,3,506,257,249
050,21,101,"Kentucky","Henderson County",1,4,510,253,257
050,21,101,"Kentucky","Henderson County",1,5,551,270,281
050,21,101,"Kentucky","Henderson County",1,6,555,291,264
050,21,101,"Kentucky","Henderson County",1,7,560,309,251
050,21,101,"Kentucky","Henderson County",1,8,541,290,251
050,21,101,"Kentucky","Henderson County",1,9,565,296,269
050,21,101,"Kentucky","Henderson County",1,10,577,296,281
050,21,101,"Kentucky","Henderson County",1,11,656,337,319
050,21,101,"Kentucky","Henderson County",1,12,645,331,314
050,21,101,"Kentucky","Henderson County",1,13,659,325,334
050,21,101,"Kentucky","Henderson County",1,14,625,300,325
050,21,101,"Kentucky","Henderson County",1,15,604,294,310
050,21,101,"Kentucky","Henderson County",1,16,614,303,311
050,21,101,"Kentucky","Henderson County",1,17,590,298,292
050,21,101,"Kentucky","Henderson County",1,18,504,260,244
050,21,101,"Kentucky","Henderson County",1,19,423,232,191
050,21,101,"Kentucky","Henderson County",1,20,463,254,209
050,21,101,"Kentucky","Henderson County",1,21,481,246,235
050,21,101,"Kentucky","Henderson County",1,22,486,250,236
050,21,101,"Kentucky","Henderson County",1,23,496,253,243
050,21,101,"Kentucky","Henderson County",1,24,529,273,256
050,21,101,"Kentucky","Henderson County",1,25,530,277,253
050,21,101,"Kentucky","Henderson County",1,26,508,266,242
050,21,101,"Kentucky","Henderson County",1,27,526,264,262
050,21,101,"Kentucky","Henderson County",1,28,530,275,255
050,21,101,"Kentucky","Henderson County",1,29,580,273,307
050,21,101,"Kentucky","Henderson County",1,30,603,283,320
050,21,101,"Kentucky","Henderson County",1,31,554,274,280
050,21,101,"Kentucky","Henderson County",1,32,518,266,252
050,21,101,"Kentucky","Henderson County",1,33,523,260,263
050,21,101,"Kentucky","Henderson County",1,34,495,246,249
050,21,101,"Kentucky","Henderson County",1,35,549,252,297
050,21,101,"Kentucky","Henderson County",1,36,562,269,293
050,21,101,"Kentucky","Henderson County",1,37,587,286,301
050,21,101,"Kentucky","Henderson County",1,38,568,284,284
050,21,101,"Kentucky","Henderson County",1,39,598,289,309
050,21,101,"Kentucky","Henderson County",1,40,561,278,283
050,21,101,"Kentucky","Henderson County",1,41,546,272,274
050,21,101,"Kentucky","Henderson County",1,42,554,273,281
050,21,101,"Kentucky","Henderson County",1,43,519,266,253
050,21,101,"Kentucky","Henderson County",1,44,490,244,246
050,21,101,"Kentucky","Henderson County",1,45,519,250,269
050,21,101,"Kentucky","Henderson County",1,46,531,249,282
050,21,101,"Kentucky","Henderson County",1,47,549,275,274
050,21,101,"Kentucky","Henderson County",1,48,572,285,287
050,21,101,"Kentucky","Henderson County",1,49,581,297,284
050,21,101,"Kentucky","Henderson County",1,50,588,310,278
050,21,101,"Kentucky","Henderson County",1,51,571,289,282
050,21,101,"Kentucky","Henderson County",1,52,558,272,286
050,21,101,"Kentucky","Henderson County",1,53,571,280,291
050,21,101,"Kentucky","Henderson County",1,54,574,280,294
050,21,101,"Kentucky","Henderson County",1,55,595,287,308
050,21,101,"Kentucky","Henderson County",1,56,634,318,316
050,21,101,"Kentucky","Henderson County",1,57,641,314,327
050,21,101,"Kentucky","Henderson County",1,58,643,320,323
050,21,101,"Kentucky","Henderson County",1,59,655,317,338
050,21,101,"Kentucky","Henderson County",1,60,659,317,342
050,21,101,"Kentucky","Henderson County",1,61,685,331,354
050,21,101,"Kentucky","Henderson County",1,62,677,321,356
050,21,101,"Kentucky","Henderson County",1,63,641,306,335
050,21,101,"Kentucky","Henderson County",1,64,627,291,336
050,21,101,"Kentucky","Henderson County",1,65,610,276,334
050,21,101,"Kentucky","Henderson County",1,66,575,264,311
050,21,101,"Kentucky","Henderson County",1,67,569,269,300
050,21,101,"Kentucky","Henderson County",1,68,538,235,303
050,21,101,"Kentucky","Henderson County",1,69,495,228,267
050,21,101,"Kentucky","Henderson County",1,70,483,230,253
050,21,101,"Kentucky","Henderson County",1,71,453,213,240
050,21,101,"Kentucky","Henderson County",1,72,451,205,246
050,21,101,"Kentucky","Henderson County",1,73,445,210,235
050,21,101,"Kentucky","Henderson County",1,74,328,141,187
050,21,101,"Kentucky","Henderson County",1,75,342,149,193
050,21,101,"Kentucky","Henderson County",1,76,335,149,186
050,21,101,"Kentucky","Henderson County",1,77,294,129,165
050,21,101,"Kentucky","Henderson County",1,78,263,124,139
050,21,101,"Kentucky","Henderson County",1,79,246,114,132
050,21,101,"Kentucky","Henderson County",1,80,230,97,133
050,21,101,"Kentucky","Henderson County",1,81,194,76,118
050,21,101,"Kentucky","Henderson County",1,82,156,54,102
050,21,101,"Kentucky","Henderson County",1,83,145,58,87
050,21,101,"Kentucky","Henderson County",1,84,152,67,85
050,21,101,"Kentucky","Henderson County",1,85,829,283,546
050,21,101,"Kentucky","Henderson County",2,0,489,267,222
050,21,101,"Kentucky","Henderson County",2,1,509,277,232
050,21,101,"Kentucky","Henderson County",2,2,534,298,236
050,21,101,"Kentucky","Henderson County",2,3,509,266,243
050,21,101,"Kentucky","Henderson County",2,4,510,255,255
050,21,101,"Kentucky","Henderson County",2,5,538,266,272
050,21,101,"Kentucky","Henderson County",2,6,555,286,269
050,21,101,"Kentucky","Henderson County",2,7,556,303,253
050,21,101,"Kentucky","Henderson County",2,8,540,292,248
050,21,101,"Kentucky","Henderson County",2,9,556,293,263
050,21,101,"Kentucky","Henderson County",2,10,579,299,280
050,21,101,"Kentucky","Henderson County",2,11,631,325,306
050,21,101,"Kentucky","Henderson County",2,12,649,334,315
050,21,101,"Kentucky","Henderson County",2,13,653,325,328
050,21,101,"Kentucky","Henderson County",2,14,627,303,324
050,21,101,"Kentucky","Henderson County",2,15,609,296,313
050,21,101,"Kentucky","Henderson County",2,16,616,303,313
050,21,101,"Kentucky","Henderson County",2,17,600,301,299
050,21,101,"Kentucky","Henderson County",2,18,504,261,243
050,21,101,"Kentucky","Henderson County",2,19,423,228,195
050,21,101,"Kentucky","Henderson County",2,20,467,256,211
050,21,101,"Kentucky","Henderson County",2,21,479,250,229
050,21,101,"Kentucky","Henderson County",2,22,489,251,238
050,21,101,"Kentucky","Henderson County",2,23,496,256,240
050,21,101,"Kentucky","Henderson County",2,24,517,267,250
050,21,101,"Kentucky","Henderson County",2,25,527,277,250
050,21,101,"Kentucky","Henderson County",2,26,511,265,246
050,21,101,"Kentucky","Henderson County",2,27,520,261,259
050,21,101,"Kentucky","Henderson County",2,28,528,272,256
050,21,101,"Kentucky","Henderson County",2,29,560,268,292
050,21,101,"Kentucky","Henderson County",2,30,606,285,321
050,21,101,"Kentucky","Henderson County",2,31,563,276,287
050,21,101,"Kentucky","Henderson County",2,32,524,269,255
050,21,101,"Kentucky","Henderson County",2,33,517,260,257
050,21,101,"Kentucky","Henderson County",2,34,498,246,252
050,21,101,"Kentucky","Henderson County",2,35,539,252,287
050,21,101,"Kentucky","Henderson County",2,36,552,261,291
050,21,101,"Kentucky","Henderson County",2,37,580,282,298
050,21,101,"Kentucky","Henderson County",2,38,572,283,289
050,21,101,"Kentucky","Henderson County",2,39,585,287,298
050,21,101,"Kentucky","Henderson County",2,40,571,283,288
050,21,101,"Kentucky","Henderson County",2,41,543,270,273
050,21,101,"Kentucky","Henderson County",2,42,548,271,277
050,21,101,"Kentucky","Henderson County",2,43,536,273,263
050,21,101,"Kentucky","Henderson County",2,44,492,246,246
050,21,101,"Kentucky","Henderson County",2,45,515,247,268
050,21,101,"Kentucky","Henderson County",2,46,524,246,278
050,21,101,"Kentucky","Henderson County",2,47,543,269,274
050,21,101,"Kentucky","Henderson County",2,48,562,280,282
050,21,101,"Kentucky","Henderson County",2,49,580,295,285
050,21,101,"Kentucky","Henderson County",2,50,584,308,276
050,21,101,"Kentucky","Henderson County",2,51,573,293,280
050,21,101,"Kentucky","Henderson County",2,52,559,274,285
050,21,101,"Kentucky","Henderson County",2,53,567,279,288
050,21,101,"Kentucky","Henderson County",2,54,569,277,292
050,21,101,"Kentucky","Henderson County",2,55,588,284,304
050,21,101,"Kentucky","Henderson County",2,56,621,308,313
050,21,101,"Kentucky","Henderson County",2,57,643,317,326
050,21,101,"Kentucky","Henderson County",2,58,638,315,323
050,21,101,"Kentucky","Henderson County",2,59,656,320,336
050,21,101,"Kentucky","Henderson County",2,60,653,315,338
050,21,101,"Kentucky","Henderson County",2,61,666,319,347
050,21,101,"Kentucky","Henderson County",2,62,675,322,353
050,21,101,"Kentucky","Henderson County",2,63,653,312,341
050,21,101,"Kentucky","Henderson County",2,64,624,292,332
050,21,101,"Kentucky","Henderson County",2,65,614,282,332
050,21,101,"Kentucky","Henderson County",2,66,582,265,317
050,21,101,"Kentucky","Henderson County",2,67,566,265,301
050,21,101,"Kentucky","Henderson County",2,68,533,238,295
050,21,101,"Kentucky","Henderson County",2,69,505,227,278
050,21,101,"Kentucky","Henderson County",2,70,480,229,251
050,21,101,"Kentucky","Henderson County",2,71,460,218,242
050,21,101,"Kentucky","Henderson County",2,72,441,203,238
050,21,101,"Kentucky","Henderson County",2,73,462,216,246
050,21,101,"Kentucky","Henderson County",2,74,333,146,187
050,21,101,"Kentucky","Henderson County",2,75,337,145,192
050,21,101,"Kentucky","Henderson County",2,76,330,146,184
050,21,101,"Kentucky","Henderson County",2,77,310,134,176
050,21,101,"Kentucky","Henderson County",2,78,264,123,141
050,21,101,"Kentucky","Henderson County",2,79,246,114,132
050,21,101,"Kentucky","Henderson County",2,80,235,101,134
050,21,101,"Kentucky","Henderson County",2,81,197,78,119
050,21,101,"Kentucky","Henderson County",2,82,162,59,103
050,21,101,"Kentucky","Henderson County",2,83,146,56,90
050,21,101,"Kentucky","Henderson County",2,84,143,62,81
050,21,101,"Kentucky","Henderson County",2,85,832,289,543
050,21,101,"Kentucky","Henderson County",3,0,482,247,235
050,21,101,"Kentucky","Henderson County",3,1,466,243,223
050,21,101,"Kentucky","Henderson County",3,2,511,275,236
050,21,101,"Kentucky","Henderson County",3,3,554,308,246
050,21,101,"Kentucky","Henderson County",3,4,525,275,250
050,21,101,"Kentucky","Henderson County",3,5,514,259,255
050,21,101,"Kentucky","Henderson County",3,6,532,268,264
050,21,101,"Kentucky","Henderson County",3,7,547,284,263
050,21,101,"Kentucky","Henderson County",3,8,531,293,238
050,21,101,"Kentucky","Henderson County",3,9,547,291,256
050,21,101,"Kentucky","Henderson County",3,10,560,290,270
050,21,101,"Kentucky","Henderson County",3,11,582,297,285
050,21,101,"Kentucky","Henderson County",3,12,634,330,304
050,21,101,"Kentucky","Henderson County",3,13,647,331,316
050,21,101,"Kentucky","Henderson County",3,14,648,320,328
050,21,101,"Kentucky","Henderson County",3,15,624,300,324
050,21,101,"Kentucky","Henderson County",3,16,605,297,308
050,21,101,"Kentucky","Henderson County",3,17,619,299,320
050,21,101,"Kentucky","Henderson County",3,18,512,275,237
050,21,101,"Kentucky","Henderson County",3,19,412,211,201
050,21,101,"Kentucky","Henderson County",3,20,464,244,220
050,21,101,"Kentucky","Henderson County",3,21,487,258,229
050,21,101,"Kentucky","Henderson County",3,22,519,265,254
050,21,101,"Kentucky","Henderson County",3,23,534,269,265
050,21,101,"Kentucky","Henderson County",3,24,504,256,248
050,21,101,"Kentucky","Henderson County",3,25,507,284,223
050,21,101,"Kentucky","Henderson County",3,26,514,259,255
050,21,101,"Kentucky","Henderson County",3,27,504,261,243
050,21,101,"Kentucky","Henderson County",3,28,547,276,271
050,21,101,"Kentucky","Henderson County",3,29,516,265,251
050,21,101,"Kentucky","Henderson County",3,30,578,273,305
050,21,101,"Kentucky","Henderson County",3,31,586,273,313
050,21,101,"Kentucky","Henderson County",3,32,532,266,266
050,21,101,"Kentucky","Henderson County",3,33,519,258,261
050,21,101,"Kentucky","Henderson County",3,34,506,252,254
050,21,101,"Kentucky","Henderson County",3,35,503,249,254
050,21,101,"Kentucky","Henderson County",3,36,541,252,289
050,21,101,"Kentucky","Henderson County",3,37,558,259,299
050,21,101,"Kentucky","Henderson County",3,38,576,277,299
050,21,101,"Kentucky","Henderson County",3,39,567,275,292
050,21,101,"Kentucky","Henderson County",3,40,587,284,303
050,21,101,"Kentucky","Henderson County",3,41,564,289,275
050,21,101,"Kentucky","Henderson County",3,42,530,262,268
050,21,101,"Kentucky","Henderson County",3,43,539,272,267
050,21,101,"Kentucky","Henderson County",3,44,519,269,250
050,21,101,"Kentucky","Henderson County",3,45,492,236,256
050,21,101,"Kentucky","Henderson County",3,46,516,244,272
050,21,101,"Kentucky","Henderson County",3,47,519,249,270
050,21,101,"Kentucky","Henderson County",3,48,536,262,274
050,21,101,"Kentucky","Henderson County",3,49,559,277,282
050,21,101,"Kentucky","Henderson County",3,50,571,300,271
050,21,101,"Kentucky","Henderson County",3,51,577,302,275
050,21,101,"Kentucky","Henderson County",3,52,575,294,281
050,21,101,"Kentucky","Henderson County",3,53,558,275,283
050,21,101,"Kentucky","Henderson County",3,54,560,270,290
050,21,101,"Kentucky","Henderson County",3,55,551,266,285
050,21,101,"Kentucky","Henderson County",3,56,576,275,301
050,21,101,"Kentucky","Henderson County",3,57,626,316,310
050,21,101,"Kentucky","Henderson County",3,58,626,302,324
050,21,101,"Kentucky","Henderson County",3,59,628,312,316
050,21,101,"Kentucky","Henderson County",3,60,650,319,331
050,21,101,"Kentucky","Henderson County",3,61,626,304,322
050,21,101,"Kentucky","Henderson County",3,62,663,312,351
050,21,101,"Kentucky","Henderson County",3,63,661,317,344
050,21,101,"Kentucky","Henderson County",3,64,630,301,329
050,21,101,"Kentucky","Henderson County",3,65,614,289,325
050,21,101,"Kentucky","Henderson County",3,66,589,270,319
050,21,101,"Kentucky","Henderson County",3,67,566,256,310
050,21,101,"Kentucky","Henderson County",3,68,552,256,296
050,21,101,"Kentucky","Henderson County",3,69,518,231,287
050,21,101,"Kentucky","Henderson County",3,70,497,222,275
050,21,101,"Kentucky","Henderson County",3,71,473,222,251
050,21,101,"Kentucky","Henderson County",3,72,443,206,237
050,21,101,"Kentucky","Henderson County",3,73,420,192,228
050,21,101,"Kentucky","Henderson County",3,74,447,209,238
050,21,101,"Kentucky","Henderson County",3,75,325,140,185
050,21,101,"Kentucky","Henderson County",3,76,314,134,180
050,21,101,"Kentucky","Henderson County",3,77,317,137,180
050,21,101,"Kentucky","Henderson County",3,78,293,125,168
050,21,101,"Kentucky","Henderson County",3,79,253,114,139
050,21,101,"Kentucky","Henderson County",3,80,239,111,128
050,21,101,"Kentucky","Henderson County",3,81,225,93,132
050,21,101,"Kentucky","Henderson County",3,82,177,73,104
050,21,101,"Kentucky","Henderson County",3,83,161,54,107
050,21,101,"Kentucky","Henderson County",3,84,128,48,80
050,21,101,"Kentucky","Henderson County",3,85,814,287,527
050,21,101,"Kentucky","Henderson County",4,0,470,253,217
050,21,101,"Kentucky","Henderson County",4,1,494,256,238
050,21,101,"Kentucky","Henderson County",4,2,460,242,218
050,21,101,"Kentucky","Henderson County",4,3,497,271,226
050,21,101,"Kentucky","Henderson County",4,4,530,293,237
050,21,101,"Kentucky","Henderson County",4,5,515,272,243
050,21,101,"Kentucky","Henderson County",4,6,515,263,252
050,21,101,"Kentucky","Henderson County",4,7,532,265,267
050,21,101,"Kentucky","Henderson County",4,8,559,288,271
050,21,101,"Kentucky","Henderson County",4,9,540,297,243
050,21,101,"Kentucky","Henderson County",4,10,555,294,261
050,21,101,"Kentucky","Henderson County",4,11,556,279,277
050,21,101,"Kentucky","Henderson County",4,12,595,316,279
050,21,101,"Kentucky","Henderson County",4,13,621,318,303
050,21,101,"Kentucky","Henderson County",4,14,624,320,304
050,21,101,"Kentucky","Henderson County",4,15,653,324,329
050,21,101,"Kentucky","Henderson County",4,16,604,287,317
050,21,101,"Kentucky","Henderson County",4,17,605,298,307
050,21,101,"Kentucky","Henderson County",4,18,528,274,254
050,21,101,"Kentucky","Henderson County",4,19,403,222,181
050,21,101,"Kentucky","Henderson County",4,20,454,229,225
050,21,101,"Kentucky","Henderson County",4,21,481,256,225
050,21,101,"Kentucky","Henderson County",4,22,510,264,246
050,21,101,"Kentucky","Henderson County",4,23,531,283,248
050,21,101,"Kentucky","Henderson County",4,24,513,263,250
050,21,101,"Kentucky","Henderson County",4,25,485,260,225
050,21,101,"Kentucky","Henderson County",4,26,485,267,218
050,21,101,"Kentucky","Henderson County",4,27,527,269,258
050,21,101,"Kentucky","Henderson County",4,28,477,247,230
050,21,101,"Kentucky","Henderson County",4,29,522,256,266
050,21,101,"Kentucky","Henderson County",4,30,545,281,264
050,21,101,"Kentucky","Henderson County",4,31,564,273,291
050,21,101,"Kentucky","Henderson County",4,32,577,266,311
050,21,101,"Kentucky","Henderson County",4,33,552,268,284
050,21,101,"Kentucky","Henderson County",4,34,505,248,257
050,21,101,"Kentucky","Henderson County",4,35,513,256,257
050,21,101,"Kentucky","Henderson County",4,36,524,251,273
050,21,101,"Kentucky","Henderson County",4,37,536,247,289
050,21,101,"Kentucky","Henderson County",4,38,544,256,288
050,21,101,"Kentucky","Henderson County",4,39,575,275,300
050,21,101,"Kentucky","Henderson County",4,40,577,291,286
050,21,101,"Kentucky","Henderson County",4,41,568,271,297
050,21,101,"Kentucky","Henderson County",4,42,568,295,273
050,21,101,"Kentucky","Henderson County",4,43,529,266,263
050,21,101,"Kentucky","Henderson County",4,44,527,262,265
050,21,101,"Kentucky","Henderson County",4,45,515,263,252
050,21,101,"Kentucky","Henderson County",4,46,488,235,253
050,21,101,"Kentucky","Henderson County",4,47,509,248,261
050,21,101,"Kentucky","Henderson County",4,48,507,233,274
050,21,101,"Kentucky","Henderson County",4,49,525,252,273
050,21,101,"Kentucky","Henderson County",4,50,542,278,264
050,21,101,"Kentucky","Henderson County",4,51,567,303,264
050,21,101,"Kentucky","Henderson County",4,52,578,292,286
050,21,101,"Kentucky","Henderson County",4,53,563,289,274
050,21,101,"Kentucky","Henderson County",4,54,551,266,285
050,21,101,"Kentucky","Henderson County",4,55,555,267,288
050,21,101,"Kentucky","Henderson County",4,56,550,265,285
050,21,101,"Kentucky","Henderson County",4,57,575,279,296
050,21,101,"Kentucky","Henderson County",4,58,614,306,308
050,21,101,"Kentucky","Henderson County",4,59,624,300,324
050,21,101,"Kentucky","Henderson County",4,60,615,306,309
050,21,101,"Kentucky","Henderson County",4,61,627,302,325
050,21,101,"Kentucky","Henderson County",4,62,619,298,321
050,21,101,"Kentucky","Henderson County",4,63,651,304,347
050,21,101,"Kentucky","Henderson County",4,64,651,313,338
050,21,101,"Kentucky","Henderson County",4,65,627,299,328
050,21,101,"Kentucky","Henderson County",4,66,607,280,327
050,21,101,"Kentucky","Henderson County",4,67,569,255,314
050,21,101,"Kentucky","Henderson County",4,68,546,244,302
050,21,101,"Kentucky","Henderson County",4,69,536,249,287
050,21,101,"Kentucky","Henderson County",4,70,511,228,283
050,21,101,"Kentucky","Henderson County",4,71,489,215,274
050,21,101,"Kentucky","Henderson County",4,72,451,210,241
050,21,101,"Kentucky","Henderson County",4,73,422,196,226
050,21,101,"Kentucky","Henderson County",4,74,408,187,221
050,21,101,"Kentucky","Henderson County",4,75,429,202,227
050,21,101,"Kentucky","Henderson County",4,76,304,129,175
050,21,101,"Kentucky","Henderson County",4,77,294,119,175
050,21,101,"Kentucky","Henderson County",4,78,297,126,171
050,21,101,"Kentucky","Henderson County",4,79,283,120,163
050,21,101,"Kentucky","Henderson County",4,80,246,110,136
050,21,101,"Kentucky","Henderson County",4,81,230,103,127
050,21,101,"Kentucky","Henderson County",4,82,207,84,123
050,21,101,"Kentucky","Henderson County",4,83,174,71,103
050,21,101,"Kentucky","Henderson County",4,84,139,43,96
050,21,101,"Kentucky","Henderson County",4,85,792,269,523
050,21,101,"Kentucky","Henderson County",5,0,511,278,233
050,21,101,"Kentucky","Henderson County",5,1,472,247,225
050,21,101,"Kentucky","Henderson County",5,2,500,263,237
050,21,101,"Kentucky","Henderson County",5,3,474,248,226
050,21,101,"Kentucky","Henderson County",5,4,514,275,239
050,21,101,"Kentucky","Henderson County",5,5,519,285,234
050,21,101,"Kentucky","Henderson County",5,6,526,272,254
050,21,101,"Kentucky","Henderson County",5,7,525,267,258
050,21,101,"Kentucky","Henderson County",5,8,547,281,266
050,21,101,"Kentucky","Henderson County",5,9,556,289,267
050,21,101,"Kentucky","Henderson County",5,10,540,302,238
050,21,101,"Kentucky","Henderson County",5,11,567,299,268
050,21,101,"Kentucky","Henderson County",5,12,562,288,274
050,21,101,"Kentucky","Henderson County",5,13,591,310,281
050,21,101,"Kentucky","Henderson County",5,14,619,320,299
050,21,101,"Kentucky","Henderson County",5,15,648,330,318
050,21,101,"Kentucky","Henderson County",5,16,642,324,318
050,21,101,"Kentucky","Henderson County",5,17,604,287,317
050,21,101,"Kentucky","Henderson County",5,18,520,267,253
050,21,101,"Kentucky","Henderson County",5,19,415,214,201
050,21,101,"Kentucky","Henderson County",5,20,451,251,200
050,21,101,"Kentucky","Henderson County",5,21,491,252,239
050,21,101,"Kentucky","Henderson County",5,22,506,259,247
050,21,101,"Kentucky","Henderson County",5,23,534,282,252
050,21,101,"Kentucky","Henderson County",5,24,563,291,272
050,21,101,"Kentucky","Henderson County",5,25,520,265,255
050,21,101,"Kentucky","Henderson County",5,26,485,261,224
050,21,101,"Kentucky","Henderson County",5,27,482,266,216
050,21,101,"Kentucky","Henderson County",5,28,549,280,269
050,21,101,"Kentucky","Henderson County",5,29,455,227,228
050,21,101,"Kentucky","Henderson County",5,30,543,273,270
050,21,101,"Kentucky","Henderson County",5,31,530,287,243
050,21,101,"Kentucky","Henderson County",5,32,555,270,285
050,21,101,"Kentucky","Henderson County",5,33,578,268,310
050,21,101,"Kentucky","Henderson County",5,34,548,263,285
050,21,101,"Kentucky","Henderson County",5,35,525,268,257
050,21,101,"Kentucky","Henderson County",5,36,525,258,267
050,21,101,"Kentucky","Henderson County",5,37,524,255,269
050,21,101,"Kentucky","Henderson County",5,38,534,243,291
050,21,101,"Kentucky","Henderson County",5,39,552,261,291
050,21,101,"Kentucky","Henderson County",5,40,588,289,299
050,21,101,"Kentucky","Henderson County",5,41,565,281,284
050,21,101,"Kentucky","Henderson County",5,42,567,280,287
050,21,101,"Kentucky","Henderson County",5,43,567,284,283
050,21,101,"Kentucky","Henderson County",5,44,533,266,267
050,21,101,"Kentucky","Henderson County",5,45,531,261,270
050,21,101,"Kentucky","Henderson County",5,46,516,255,261
050,21,101,"Kentucky","Henderson County",5,47,495,249,246
050,21,101,"Kentucky","Henderson County",5,48,500,241,259
050,21,101,"Kentucky","Henderson County",5,49,497,225,272
050,21,101,"Kentucky","Henderson County",5,50,525,255,270
050,21,101,"Kentucky","Henderson County",5,51,539,278,261
050,21,101,"Kentucky","Henderson County",5,52,556,295,261
050,21,101,"Kentucky","Henderson County",5,53,561,284,277
050,21,101,"Kentucky","Henderson County",5,54,561,284,277
050,21,101,"Kentucky","Henderson County",5,55,542,263,279
050,21,101,"Kentucky","Henderson County",5,56,560,267,293
050,21,101,"Kentucky","Henderson County",5,57,565,274,291
050,21,101,"Kentucky","Henderson County",5,58,562,268,294
050,21,101,"Kentucky","Henderson County",5,59,618,311,307
050,21,101,"Kentucky","Henderson County",5,60,627,304,323
050,21,101,"Kentucky","Henderson County",5,61,592,294,298
050,21,101,"Kentucky","Henderson County",5,62,608,294,314
050,21,101,"Kentucky","Henderson County",5,63,595,288,307
050,21,101,"Kentucky","Henderson County",5,64,642,298,344
050,21,101,"Kentucky","Henderson County",5,65,647,307,340
050,21,101,"Kentucky","Henderson County",5,66,613,292,321
050,21,101,"Kentucky","Henderson County",5,67,594,269,325
050,21,101,"Kentucky","Henderson County",5,68,554,246,308
050,21,101,"Kentucky","Henderson County",5,69,535,238,297
050,21,101,"Kentucky","Henderson County",5,70,520,240,280
050,21,101,"Kentucky","Henderson County",5,71,499,220,279
050,21,101,"Kentucky","Henderson County",5,72,476,208,268
050,21,101,"Kentucky","Henderson County",5,73,434,200,234
050,21,101,"Kentucky","Henderson County",5,74,398,184,214
050,21,101,"Kentucky","Henderson County",5,75,401,189,212
050,21,101,"Kentucky","Henderson County",5,76,402,186,216
050,21,101,"Kentucky","Henderson County",5,77,284,116,168
050,21,101,"Kentucky","Henderson County",5,78,273,108,165
050,21,101,"Kentucky","Henderson County",5,79,287,122,165
050,21,101,"Kentucky","Henderson County",5,80,280,120,160
050,21,101,"Kentucky","Henderson County",5,81,232,101,131
050,21,101,"Kentucky","Henderson County",5,82,206,93,113
050,21,101,"Kentucky","Henderson County",5,83,200,81,119
050,21,101,"Kentucky","Henderson County",5,84,158,61,97
050,21,101,"Kentucky","Henderson County",5,85,812,265,547
050,21,103,"Kentucky","Henry County",1,0,159,82,77
050,21,103,"Kentucky","Henry County",1,1,165,83,82
050,21,103,"Kentucky","Henry County",1,2,192,97,95
050,21,103,"Kentucky","Henry County",1,3,189,111,78
050,21,103,"Kentucky","Henry County",1,4,195,102,93
050,21,103,"Kentucky","Henry County",1,5,184,93,91
050,21,103,"Kentucky","Henry County",1,6,202,97,105
050,21,103,"Kentucky","Henry County",1,7,201,104,97
050,21,103,"Kentucky","Henry County",1,8,209,113,96
050,21,103,"Kentucky","Henry County",1,9,217,109,108
050,21,103,"Kentucky","Henry County",1,10,203,107,96
050,21,103,"Kentucky","Henry County",1,11,210,105,105
050,21,103,"Kentucky","Henry County",1,12,226,127,99
050,21,103,"Kentucky","Henry County",1,13,231,135,96
050,21,103,"Kentucky","Henry County",1,14,228,125,103
050,21,103,"Kentucky","Henry County",1,15,212,111,101
050,21,103,"Kentucky","Henry County",1,16,217,113,104
050,21,103,"Kentucky","Henry County",1,17,250,118,132
050,21,103,"Kentucky","Henry County",1,18,198,110,88
050,21,103,"Kentucky","Henry County",1,19,164,87,77
050,21,103,"Kentucky","Henry County",1,20,161,82,79
050,21,103,"Kentucky","Henry County",1,21,150,88,62
050,21,103,"Kentucky","Henry County",1,22,160,85,75
050,21,103,"Kentucky","Henry County",1,23,176,96,80
050,21,103,"Kentucky","Henry County",1,24,174,92,82
050,21,103,"Kentucky","Henry County",1,25,172,80,92
050,21,103,"Kentucky","Henry County",1,26,178,93,85
050,21,103,"Kentucky","Henry County",1,27,177,85,92
050,21,103,"Kentucky","Henry County",1,28,185,95,90
050,21,103,"Kentucky","Henry County",1,29,187,98,89
050,21,103,"Kentucky","Henry County",1,30,184,79,105
050,21,103,"Kentucky","Henry County",1,31,182,93,89
050,21,103,"Kentucky","Henry County",1,32,169,84,85
050,21,103,"Kentucky","Henry County",1,33,186,86,100
050,21,103,"Kentucky","Henry County",1,34,179,87,92
050,21,103,"Kentucky","Henry County",1,35,181,88,93
050,21,103,"Kentucky","Henry County",1,36,178,91,87
050,21,103,"Kentucky","Henry County",1,37,204,101,103
050,21,103,"Kentucky","Henry County",1,38,189,98,91
050,21,103,"Kentucky","Henry County",1,39,191,89,102
050,21,103,"Kentucky","Henry County",1,40,199,93,106
050,21,103,"Kentucky","Henry County",1,41,162,74,88
050,21,103,"Kentucky","Henry County",1,42,160,81,79
050,21,103,"Kentucky","Henry County",1,43,198,103,95
050,21,103,"Kentucky","Henry County",1,44,201,104,97
050,21,103,"Kentucky","Henry County",1,45,174,94,80
050,21,103,"Kentucky","Henry County",1,46,175,96,79
050,21,103,"Kentucky","Henry County",1,47,186,90,96
050,21,103,"Kentucky","Henry County",1,48,190,90,100
050,21,103,"Kentucky","Henry County",1,49,229,117,112
050,21,103,"Kentucky","Henry County",1,50,226,117,109
050,21,103,"Kentucky","Henry County",1,51,198,89,109
050,21,103,"Kentucky","Henry County",1,52,206,93,113
050,21,103,"Kentucky","Henry County",1,53,219,115,104
050,21,103,"Kentucky","Henry County",1,54,219,109,110
050,21,103,"Kentucky","Henry County",1,55,264,121,143
050,21,103,"Kentucky","Henry County",1,56,232,111,121
050,21,103,"Kentucky","Henry County",1,57,246,127,119
050,21,103,"Kentucky","Henry County",1,58,235,114,121
050,21,103,"Kentucky","Henry County",1,59,224,104,120
050,21,103,"Kentucky","Henry County",1,60,229,114,115
050,21,103,"Kentucky","Henry County",1,61,215,107,108
050,21,103,"Kentucky","Henry County",1,62,252,122,130
050,21,103,"Kentucky","Henry County",1,63,232,120,112
050,21,103,"Kentucky","Henry County",1,64,211,108,103
050,21,103,"Kentucky","Henry County",1,65,197,102,95
050,21,103,"Kentucky","Henry County",1,66,200,94,106
050,21,103,"Kentucky","Henry County",1,67,185,89,96
050,21,103,"Kentucky","Henry County",1,68,193,94,99
050,21,103,"Kentucky","Henry County",1,69,184,89,95
050,21,103,"Kentucky","Henry County",1,70,193,87,106
050,21,103,"Kentucky","Henry County",1,71,173,75,98
050,21,103,"Kentucky","Henry County",1,72,167,76,91
050,21,103,"Kentucky","Henry County",1,73,153,70,83
050,21,103,"Kentucky","Henry County",1,74,104,46,58
050,21,103,"Kentucky","Henry County",1,75,100,45,55
050,21,103,"Kentucky","Henry County",1,76,104,47,57
050,21,103,"Kentucky","Henry County",1,77,115,46,69
050,21,103,"Kentucky","Henry County",1,78,87,43,44
050,21,103,"Kentucky","Henry County",1,79,88,50,38
050,21,103,"Kentucky","Henry County",1,80,68,31,37
050,21,103,"Kentucky","Henry County",1,81,64,29,35
050,21,103,"Kentucky","Henry County",1,82,71,29,42
050,21,103,"Kentucky","Henry County",1,83,50,23,27
050,21,103,"Kentucky","Henry County",1,84,48,21,27
050,21,103,"Kentucky","Henry County",1,85,240,76,164
050,21,103,"Kentucky","Henry County",2,0,167,85,82
050,21,103,"Kentucky","Henry County",2,1,163,82,81
050,21,103,"Kentucky","Henry County",2,2,186,94,92
050,21,103,"Kentucky","Henry County",2,3,192,109,83
050,21,103,"Kentucky","Henry County",2,4,195,105,90
050,21,103,"Kentucky","Henry County",2,5,187,96,91
050,21,103,"Kentucky","Henry County",2,6,197,96,101
050,21,103,"Kentucky","Henry County",2,7,204,103,101
050,21,103,"Kentucky","Henry County",2,8,208,110,98
050,21,103,"Kentucky","Henry County",2,9,212,109,103
050,21,103,"Kentucky","Henry County",2,10,207,108,99
050,21,103,"Kentucky","Henry County",2,11,209,106,103
050,21,103,"Kentucky","Henry County",2,12,223,122,101
050,21,103,"Kentucky","Henry County",2,13,230,134,96
050,21,103,"Kentucky","Henry County",2,14,229,126,103
050,21,103,"Kentucky","Henry County",2,15,216,113,103
050,21,103,"Kentucky","Henry County",2,16,220,114,106
050,21,103,"Kentucky","Henry County",2,17,246,117,129
050,21,103,"Kentucky","Henry County",2,18,201,108,93
050,21,103,"Kentucky","Henry County",2,19,163,87,76
050,21,103,"Kentucky","Henry County",2,20,164,84,80
050,21,103,"Kentucky","Henry County",2,21,155,88,67
050,21,103,"Kentucky","Henry County",2,22,163,88,75
050,21,103,"Kentucky","Henry County",2,23,175,95,80
050,21,103,"Kentucky","Henry County",2,24,174,93,81
050,21,103,"Kentucky","Henry County",2,25,173,83,90
050,21,103,"Kentucky","Henry County",2,26,177,90,87
050,21,103,"Kentucky","Henry County",2,27,181,89,92
050,21,103,"Kentucky","Henry County",2,28,189,96,93
050,21,103,"Kentucky","Henry County",2,29,189,98,91
050,21,103,"Kentucky","Henry County",2,30,186,84,102
050,21,103,"Kentucky","Henry County",2,31,181,88,93
050,21,103,"Kentucky","Henry County",2,32,172,85,87
050,21,103,"Kentucky","Henry County",2,33,180,85,95
050,21,103,"Kentucky","Henry County",2,34,181,87,94
050,21,103,"Kentucky","Henry County",2,35,182,89,93
050,21,103,"Kentucky","Henry County",2,36,177,88,89
050,21,103,"Kentucky","Henry County",2,37,197,99,98
050,21,103,"Kentucky","Henry County",2,38,194,100,94
050,21,103,"Kentucky","Henry County",2,39,190,91,99
050,21,103,"Kentucky","Henry County",2,40,198,92,106
050,21,103,"Kentucky","Henry County",2,41,172,79,93
050,21,103,"Kentucky","Henry County",2,42,161,79,82
050,21,103,"Kentucky","Henry County",2,43,189,98,91
050,21,103,"Kentucky","Henry County",2,44,196,101,95
050,21,103,"Kentucky","Henry County",2,45,183,98,85
050,21,103,"Kentucky","Henry County",2,46,173,97,76
050,21,103,"Kentucky","Henry County",2,47,183,91,92
050,21,103,"Kentucky","Henry County",2,48,189,91,98
050,21,103,"Kentucky","Henry County",2,49,217,109,108
050,21,103,"Kentucky","Henry County",2,50,227,116,111
050,21,103,"Kentucky","Henry County",2,51,203,93,110
050,21,103,"Kentucky","Henry County",2,52,201,92,109
050,21,103,"Kentucky","Henry County",2,53,216,110,106
050,21,103,"Kentucky","Henry County",2,54,219,111,108
050,21,103,"Kentucky","Henry County",2,55,253,117,136
050,21,103,"Kentucky","Henry County",2,56,239,112,127
050,21,103,"Kentucky","Henry County",2,57,245,123,122
050,21,103,"Kentucky","Henry County",2,58,238,116,122
050,21,103,"Kentucky","Henry County",2,59,226,106,120
050,21,103,"Kentucky","Henry County",2,60,225,111,114
050,21,103,"Kentucky","Henry County",2,61,215,107,108
050,21,103,"Kentucky","Henry County",2,62,242,118,124
050,21,103,"Kentucky","Henry County",2,63,237,122,115
050,21,103,"Kentucky","Henry County",2,64,213,108,105
050,21,103,"Kentucky","Henry County",2,65,197,102,95
050,21,103,"Kentucky","Henry County",2,66,200,96,104
050,21,103,"Kentucky","Henry County",2,67,188,90,98
050,21,103,"Kentucky","Henry County",2,68,189,92,97
050,21,103,"Kentucky","Henry County",2,69,186,90,96
050,21,103,"Kentucky","Henry County",2,70,191,88,103
050,21,103,"Kentucky","Henry County",2,71,177,78,99
050,21,103,"Kentucky","Henry County",2,72,165,76,89
050,21,103,"Kentucky","Henry County",2,73,163,74,89
050,21,103,"Kentucky","Henry County",2,74,109,49,60
050,21,103,"Kentucky","Henry County",2,75,101,45,56
050,21,103,"Kentucky","Henry County",2,76,100,46,54
050,21,103,"Kentucky","Henry County",2,77,113,47,66
050,21,103,"Kentucky","Henry County",2,78,91,42,49
050,21,103,"Kentucky","Henry County",2,79,87,47,40
050,21,103,"Kentucky","Henry County",2,80,70,33,37
050,21,103,"Kentucky","Henry County",2,81,65,29,36
050,21,103,"Kentucky","Henry County",2,82,70,29,41
050,21,103,"Kentucky","Henry County",2,83,54,24,30
050,21,103,"Kentucky","Henry County",2,84,49,21,28
050,21,103,"Kentucky","Henry County",2,85,238,74,164
050,21,103,"Kentucky","Henry County",3,0,190,108,82
050,21,103,"Kentucky","Henry County",3,1,173,96,77
050,21,103,"Kentucky","Henry County",3,2,154,85,69
050,21,103,"Kentucky","Henry County",3,3,180,90,90
050,21,103,"Kentucky","Henry County",3,4,191,104,87
050,21,103,"Kentucky","Henry County",3,5,179,93,86
050,21,103,"Kentucky","Henry County",3,6,194,101,93
050,21,103,"Kentucky","Henry County",3,7,194,97,97
050,21,103,"Kentucky","Henry County",3,8,209,103,106
050,21,103,"Kentucky","Henry County",3,9,204,107,97
050,21,103,"Kentucky","Henry County",3,10,199,104,95
050,21,103,"Kentucky","Henry County",3,11,223,112,111
050,21,103,"Kentucky","Henry County",3,12,209,110,99
050,21,103,"Kentucky","Henry County",3,13,215,115,100
050,21,103,"Kentucky","Henry County",3,14,232,139,93
050,21,103,"Kentucky","Henry County",3,15,232,123,109
050,21,103,"Kentucky","Henry County",3,16,217,121,96
050,21,103,"Kentucky","Henry County",3,17,213,112,101
050,21,103,"Kentucky","Henry County",3,18,222,115,107
050,21,103,"Kentucky","Henry County",3,19,158,83,75
050,21,103,"Kentucky","Henry County",3,20,179,102,77
050,21,103,"Kentucky","Henry County",3,21,173,87,86
050,21,103,"Kentucky","Henry County",3,22,161,92,69
050,21,103,"Kentucky","Henry County",3,23,167,89,78
050,21,103,"Kentucky","Henry County",3,24,170,90,80
050,21,103,"Kentucky","Henry County",3,25,164,84,80
050,21,103,"Kentucky","Henry County",3,26,174,85,89
050,21,103,"Kentucky","Henry County",3,27,182,92,90
050,21,103,"Kentucky","Henry County",3,28,192,97,95
050,21,103,"Kentucky","Henry County",3,29,193,97,96
050,21,103,"Kentucky","Henry County",3,30,188,100,88
050,21,103,"Kentucky","Henry County",3,31,200,94,106
050,21,103,"Kentucky","Henry County",3,32,185,97,88
050,21,103,"Kentucky","Henry County",3,33,188,92,96
050,21,103,"Kentucky","Henry County",3,34,177,81,96
050,21,103,"Kentucky","Henry County",3,35,178,84,94
050,21,103,"Kentucky","Henry County",3,36,184,96,88
050,21,103,"Kentucky","Henry County",3,37,175,86,89
050,21,103,"Kentucky","Henry County",3,38,197,100,97
050,21,103,"Kentucky","Henry County",3,39,191,94,97
050,21,103,"Kentucky","Henry County",3,40,193,94,99
050,21,103,"Kentucky","Henry County",3,41,189,92,97
050,21,103,"Kentucky","Henry County",3,42,169,76,93
050,21,103,"Kentucky","Henry County",3,43,161,79,82
050,21,103,"Kentucky","Henry County",3,44,185,93,92
050,21,103,"Kentucky","Henry County",3,45,190,98,92
050,21,103,"Kentucky","Henry County",3,46,200,108,92
050,21,103,"Kentucky","Henry County",3,47,176,100,76
050,21,103,"Kentucky","Henry County",3,48,181,92,89
050,21,103,"Kentucky","Henry County",3,49,199,97,102
050,21,103,"Kentucky","Henry County",3,50,227,114,113
050,21,103,"Kentucky","Henry County",3,51,224,112,112
050,21,103,"Kentucky","Henry County",3,52,206,89,117
050,21,103,"Kentucky","Henry County",3,53,195,87,108
050,21,103,"Kentucky","Henry County",3,54,211,109,102
050,21,103,"Kentucky","Henry County",3,55,222,114,108
050,21,103,"Kentucky","Henry County",3,56,254,117,137
050,21,103,"Kentucky","Henry County",3,57,226,101,125
050,21,103,"Kentucky","Henry County",3,58,233,119,114
050,21,103,"Kentucky","Henry County",3,59,239,125,114
050,21,103,"Kentucky","Henry County",3,60,232,112,120
050,21,103,"Kentucky","Henry County",3,61,223,110,113
050,21,103,"Kentucky","Henry County",3,62,216,109,107
050,21,103,"Kentucky","Henry County",3,63,245,120,125
050,21,103,"Kentucky","Henry County",3,64,232,116,116
050,21,103,"Kentucky","Henry County",3,65,212,104,108
050,21,103,"Kentucky","Henry County",3,66,192,97,95
050,21,103,"Kentucky","Henry County",3,67,195,92,103
050,21,103,"Kentucky","Henry County",3,68,187,88,99
050,21,103,"Kentucky","Henry County",3,69,182,89,93
050,21,103,"Kentucky","Henry County",3,70,179,83,96
050,21,103,"Kentucky","Henry County",3,71,181,83,98
050,21,103,"Kentucky","Henry County",3,72,179,77,102
050,21,103,"Kentucky","Henry County",3,73,160,76,84
050,21,103,"Kentucky","Henry County",3,74,165,77,88
050,21,103,"Kentucky","Henry County",3,75,101,47,54
050,21,103,"Kentucky","Henry County",3,76,90,39,51
050,21,103,"Kentucky","Henry County",3,77,101,44,57
050,21,103,"Kentucky","Henry County",3,78,107,44,63
050,21,103,"Kentucky","Henry County",3,79,91,44,47
050,21,103,"Kentucky","Henry County",3,80,73,42,31
050,21,103,"Kentucky","Henry County",3,81,66,31,35
050,21,103,"Kentucky","Henry County",3,82,60,23,37
050,21,103,"Kentucky","Henry County",3,83,60,24,36
050,21,103,"Kentucky","Henry County",3,84,52,22,30
050,21,103,"Kentucky","Henry County",3,85,241,78,163
050,21,103,"Kentucky","Henry County",4,0,197,104,93
050,21,103,"Kentucky","Henry County",4,1,179,101,78
050,21,103,"Kentucky","Henry County",4,2,185,103,82
050,21,103,"Kentucky","Henry County",4,3,168,95,73
050,21,103,"Kentucky","Henry County",4,4,183,96,87
050,21,103,"Kentucky","Henry County",4,5,197,101,96
050,21,103,"Kentucky","Henry County",4,6,193,100,93
050,21,103,"Kentucky","Henry County",4,7,196,106,90
050,21,103,"Kentucky","Henry County",4,8,199,104,95
050,21,103,"Kentucky","Henry County",4,9,195,105,90
050,21,103,"Kentucky","Henry County",4,10,197,103,94
050,21,103,"Kentucky","Henry County",4,11,209,107,102
050,21,103,"Kentucky","Henry County",4,12,228,113,115
050,21,103,"Kentucky","Henry County",4,13,218,118,100
050,21,103,"Kentucky","Henry County",4,14,224,117,107
050,21,103,"Kentucky","Henry County",4,15,244,139,105
050,21,103,"Kentucky","Henry County",4,16,234,130,104
050,21,103,"Kentucky","Henry County",4,17,218,116,102
050,21,103,"Kentucky","Henry County",4,18,186,100,86
050,21,103,"Kentucky","Henry County",4,19,157,87,70
050,21,103,"Kentucky","Henry County",4,20,158,87,71
050,21,103,"Kentucky","Henry County",4,21,189,106,83
050,21,103,"Kentucky","Henry County",4,22,170,86,84
050,21,103,"Kentucky","Henry County",4,23,161,90,71
050,21,103,"Kentucky","Henry County",4,24,164,85,79
050,21,103,"Kentucky","Henry County",4,25,162,91,71
050,21,103,"Kentucky","Henry County",4,26,173,85,88
050,21,103,"Kentucky","Henry County",4,27,173,85,88
050,21,103,"Kentucky","Henry County",4,28,177,93,84
050,21,103,"Kentucky","Henry County",4,29,174,87,87
050,21,103,"Kentucky","Henry County",4,30,186,97,89
050,21,103,"Kentucky","Henry County",4,31,193,97,96
050,21,103,"Kentucky","Henry County",4,32,202,97,105
050,21,103,"Kentucky","Henry County",4,33,189,101,88
050,21,103,"Kentucky","Henry County",4,34,183,89,94
050,21,103,"Kentucky","Henry County",4,35,204,98,106
050,21,103,"Kentucky","Henry County",4,36,189,93,96
050,21,103,"Kentucky","Henry County",4,37,189,101,88
050,21,103,"Kentucky","Henry County",4,38,187,92,95
050,21,103,"Kentucky","Henry County",4,39,200,107,93
050,21,103,"Kentucky","Henry County",4,40,192,93,99
050,21,103,"Kentucky","Henry County",4,41,196,94,102
050,21,103,"Kentucky","Henry County",4,42,194,95,99
050,21,103,"Kentucky","Henry County",4,43,160,73,87
050,21,103,"Kentucky","Henry County",4,44,166,87,79
050,21,103,"Kentucky","Henry County",4,45,177,89,88
050,21,103,"Kentucky","Henry County",4,46,198,99,99
050,21,103,"Kentucky","Henry County",4,47,197,105,92
050,21,103,"Kentucky","Henry County",4,48,171,96,75
050,21,103,"Kentucky","Henry County",4,49,187,94,93
050,21,103,"Kentucky","Henry County",4,50,200,98,102
050,21,103,"Kentucky","Henry County",4,51,231,117,114
050,21,103,"Kentucky","Henry County",4,52,228,118,110
050,21,103,"Kentucky","Henry County",4,53,208,94,114
050,21,103,"Kentucky","Henry County",4,54,198,90,108
050,21,103,"Kentucky","Henry County",4,55,214,112,102
050,21,103,"Kentucky","Henry County",4,56,217,111,106
050,21,103,"Kentucky","Henry County",4,57,250,119,131
050,21,103,"Kentucky","Henry County",4,58,214,93,121
050,21,103,"Kentucky","Henry County",4,59,229,122,107
050,21,103,"Kentucky","Henry County",4,60,239,125,114
050,21,103,"Kentucky","Henry County",4,61,228,107,121
050,21,103,"Kentucky","Henry County",4,62,226,110,116
050,21,103,"Kentucky","Henry County",4,63,217,110,107
050,21,103,"Kentucky","Henry County",4,64,244,119,125
050,21,103,"Kentucky","Henry County",4,65,227,113,114
050,21,103,"Kentucky","Henry County",4,66,213,102,111
050,21,103,"Kentucky","Henry County",4,67,185,93,92
050,21,103,"Kentucky","Henry County",4,68,196,93,103
050,21,103,"Kentucky","Henry County",4,69,186,87,99
050,21,103,"Kentucky","Henry County",4,70,178,84,94
050,21,103,"Kentucky","Henry County",4,71,172,80,92
050,21,103,"Kentucky","Henry County",4,72,176,78,98
050,21,103,"Kentucky","Henry County",4,73,179,77,102
050,21,103,"Kentucky","Henry County",4,74,152,74,78
050,21,103,"Kentucky","Henry County",4,75,158,69,89
050,21,103,"Kentucky","Henry County",4,76,90,43,47
050,21,103,"Kentucky","Henry County",4,77,87,32,55
050,21,103,"Kentucky","Henry County",4,78,91,39,52
050,21,103,"Kentucky","Henry County",4,79,107,47,60
050,21,103,"Kentucky","Henry County",4,80,77,34,43
050,21,103,"Kentucky","Henry County",4,81,66,39,27
050,21,103,"Kentucky","Henry County",4,82,64,29,35
050,21,103,"Kentucky","Henry County",4,83,48,16,32
050,21,103,"Kentucky","Henry County",4,84,61,23,38
050,21,103,"Kentucky","Henry County",4,85,236,77,159
050,21,103,"Kentucky","Henry County",5,0,197,105,92
050,21,103,"Kentucky","Henry County",5,1,211,107,104
050,21,103,"Kentucky","Henry County",5,2,193,112,81
050,21,103,"Kentucky","Henry County",5,3,185,104,81
050,21,103,"Kentucky","Henry County",5,4,185,101,84
050,21,103,"Kentucky","Henry County",5,5,190,98,92
050,21,103,"Kentucky","Henry County",5,6,214,114,100
050,21,103,"Kentucky","Henry County",5,7,191,104,87
050,21,103,"Kentucky","Henry County",5,8,204,110,94
050,21,103,"Kentucky","Henry County",5,9,200,105,95
050,21,103,"Kentucky","Henry County",5,10,205,104,101
050,21,103,"Kentucky","Henry County",5,11,206,109,97
050,21,103,"Kentucky","Henry County",5,12,204,105,99
050,21,103,"Kentucky","Henry County",5,13,221,107,114
050,21,103,"Kentucky","Henry County",5,14,210,115,95
050,21,103,"Kentucky","Henry County",5,15,235,128,107
050,21,103,"Kentucky","Henry County",5,16,242,142,100
050,21,103,"Kentucky","Henry County",5,17,237,129,108
050,21,103,"Kentucky","Henry County",5,18,191,103,88
050,21,103,"Kentucky","Henry County",5,19,138,74,64
050,21,103,"Kentucky","Henry County",5,20,167,87,80
050,21,103,"Kentucky","Henry County",5,21,167,90,77
050,21,103,"Kentucky","Henry County",5,22,203,106,97
050,21,103,"Kentucky","Henry County",5,23,183,91,92
050,21,103,"Kentucky","Henry County",5,24,170,95,75
050,21,103,"Kentucky","Henry County",5,25,175,91,84
050,21,103,"Kentucky","Henry County",5,26,174,98,76
050,21,103,"Kentucky","Henry County",5,27,178,90,88
050,21,103,"Kentucky","Henry County",5,28,178,89,89
050,21,103,"Kentucky","Henry County",5,29,178,93,85
050,21,103,"Kentucky","Henry County",5,30,173,86,87
050,21,103,"Kentucky","Henry County",5,31,202,109,93
050,21,103,"Kentucky","Henry County",5,32,190,96,94
050,21,103,"Kentucky","Henry County",5,33,195,89,106
050,21,103,"Kentucky","Henry County",5,34,201,104,97
050,21,103,"Kentucky","Henry County",5,35,179,91,88
050,21,103,"Kentucky","Henry County",5,36,207,101,106
050,21,103,"Kentucky","Henry County",5,37,182,92,90
050,21,103,"Kentucky","Henry County",5,38,200,103,97
050,21,103,"Kentucky","Henry County",5,39,185,97,88
050,21,103,"Kentucky","Henry County",5,40,206,111,95
050,21,103,"Kentucky","Henry County",5,41,191,89,102
050,21,103,"Kentucky","Henry County",5,42,202,97,105
050,21,103,"Kentucky","Henry County",5,43,195,93,102
050,21,103,"Kentucky","Henry County",5,44,173,82,91
050,21,103,"Kentucky","Henry County",5,45,169,88,81
050,21,103,"Kentucky","Henry County",5,46,170,82,88
050,21,103,"Kentucky","Henry County",5,47,208,103,105
050,21,103,"Kentucky","Henry County",5,48,192,102,90
050,21,103,"Kentucky","Henry County",5,49,174,100,74
050,21,103,"Kentucky","Henry County",5,50,189,95,94
050,21,103,"Kentucky","Henry County",5,51,213,106,107
050,21,103,"Kentucky","Henry County",5,52,230,113,117
050,21,103,"Kentucky","Henry County",5,53,237,123,114
050,21,103,"Kentucky","Henry County",5,54,207,93,114
050,21,103,"Kentucky","Henry County",5,55,201,95,106
050,21,103,"Kentucky","Henry County",5,56,219,116,103
050,21,103,"Kentucky","Henry County",5,57,222,116,106
050,21,103,"Kentucky","Henry County",5,58,248,113,135
050,21,103,"Kentucky","Henry County",5,59,213,97,116
050,21,103,"Kentucky","Henry County",5,60,228,121,107
050,21,103,"Kentucky","Henry County",5,61,235,121,114
050,21,103,"Kentucky","Henry County",5,62,229,105,124
050,21,103,"Kentucky","Henry County",5,63,219,108,111
050,21,103,"Kentucky","Henry County",5,64,208,99,109
050,21,103,"Kentucky","Henry County",5,65,233,114,119
050,21,103,"Kentucky","Henry County",5,66,227,116,111
050,21,103,"Kentucky","Henry County",5,67,210,102,108
050,21,103,"Kentucky","Henry County",5,68,185,92,93
050,21,103,"Kentucky","Henry County",5,69,196,92,104
050,21,103,"Kentucky","Henry County",5,70,184,81,103
050,21,103,"Kentucky","Henry County",5,71,171,80,91
050,21,103,"Kentucky","Henry County",5,72,171,77,94
050,21,103,"Kentucky","Henry County",5,73,168,75,93
050,21,103,"Kentucky","Henry County",5,74,173,73,100
050,21,103,"Kentucky","Henry County",5,75,143,67,76
050,21,103,"Kentucky","Henry County",5,76,144,63,81
050,21,103,"Kentucky","Henry County",5,77,85,38,47
050,21,103,"Kentucky","Henry County",5,78,81,30,51
050,21,103,"Kentucky","Henry County",5,79,93,43,50
050,21,103,"Kentucky","Henry County",5,80,95,39,56
050,21,103,"Kentucky","Henry County",5,81,72,31,41
050,21,103,"Kentucky","Henry County",5,82,66,38,28
050,21,103,"Kentucky","Henry County",5,83,51,22,29
050,21,103,"Kentucky","Henry County",5,84,47,12,35
050,21,103,"Kentucky","Henry County",5,85,254,77,177
050,21,105,"Kentucky","Hickman County",1,0,40,22,18
050,21,105,"Kentucky","Hickman County",1,1,39,23,16
050,21,105,"Kentucky","Hickman County",1,2,42,16,26
050,21,105,"Kentucky","Hickman County",1,3,45,22,23
050,21,105,"Kentucky","Hickman County",1,4,46,25,21
050,21,105,"Kentucky","Hickman County",1,5,48,24,24
050,21,105,"Kentucky","Hickman County",1,6,39,20,19
050,21,105,"Kentucky","Hickman County",1,7,43,21,22
050,21,105,"Kentucky","Hickman County",1,8,45,26,19
050,21,105,"Kentucky","Hickman County",1,9,48,22,26
050,21,105,"Kentucky","Hickman County",1,10,50,19,31
050,21,105,"Kentucky","Hickman County",1,11,59,28,31
050,21,105,"Kentucky","Hickman County",1,12,54,21,33
050,21,105,"Kentucky","Hickman County",1,13,60,30,30
050,21,105,"Kentucky","Hickman County",1,14,56,30,26
050,21,105,"Kentucky","Hickman County",1,15,56,29,27
050,21,105,"Kentucky","Hickman County",1,16,54,26,28
050,21,105,"Kentucky","Hickman County",1,17,59,24,35
050,21,105,"Kentucky","Hickman County",1,18,47,25,22
050,21,105,"Kentucky","Hickman County",1,19,42,27,15
050,21,105,"Kentucky","Hickman County",1,20,45,25,20
050,21,105,"Kentucky","Hickman County",1,21,36,18,18
050,21,105,"Kentucky","Hickman County",1,22,39,20,19
050,21,105,"Kentucky","Hickman County",1,23,40,21,19
050,21,105,"Kentucky","Hickman County",1,24,46,24,22
050,21,105,"Kentucky","Hickman County",1,25,42,18,24
050,21,105,"Kentucky","Hickman County",1,26,35,13,22
050,21,105,"Kentucky","Hickman County",1,27,42,20,22
050,21,105,"Kentucky","Hickman County",1,28,40,22,18
050,21,105,"Kentucky","Hickman County",1,29,42,19,23
050,21,105,"Kentucky","Hickman County",1,30,48,21,27
050,21,105,"Kentucky","Hickman County",1,31,36,15,21
050,21,105,"Kentucky","Hickman County",1,32,53,25,28
050,21,105,"Kentucky","Hickman County",1,33,53,22,31
050,21,105,"Kentucky","Hickman County",1,34,46,20,26
050,21,105,"Kentucky","Hickman County",1,35,47,25,22
050,21,105,"Kentucky","Hickman County",1,36,43,22,21
050,21,105,"Kentucky","Hickman County",1,37,36,17,19
050,21,105,"Kentucky","Hickman County",1,38,53,26,27
050,21,105,"Kentucky","Hickman County",1,39,45,26,19
050,21,105,"Kentucky","Hickman County",1,40,53,29,24
050,21,105,"Kentucky","Hickman County",1,41,49,27,22
050,21,105,"Kentucky","Hickman County",1,42,44,25,19
050,21,105,"Kentucky","Hickman County",1,43,35,19,16
050,21,105,"Kentucky","Hickman County",1,44,54,32,22
050,21,105,"Kentucky","Hickman County",1,45,57,22,35
050,21,105,"Kentucky","Hickman County",1,46,52,20,32
050,21,105,"Kentucky","Hickman County",1,47,55,26,29
050,21,105,"Kentucky","Hickman County",1,48,58,25,33
050,21,105,"Kentucky","Hickman County",1,49,63,31,32
050,21,105,"Kentucky","Hickman County",1,50,56,26,30
050,21,105,"Kentucky","Hickman County",1,51,67,40,27
050,21,105,"Kentucky","Hickman County",1,52,66,38,28
050,21,105,"Kentucky","Hickman County",1,53,64,33,31
050,21,105,"Kentucky","Hickman County",1,54,67,33,34
050,21,105,"Kentucky","Hickman County",1,55,62,29,33
050,21,105,"Kentucky","Hickman County",1,56,81,45,36
050,21,105,"Kentucky","Hickman County",1,57,81,40,41
050,21,105,"Kentucky","Hickman County",1,58,66,30,36
050,21,105,"Kentucky","Hickman County",1,59,65,26,39
050,21,105,"Kentucky","Hickman County",1,60,74,32,42
050,21,105,"Kentucky","Hickman County",1,61,66,32,34
050,21,105,"Kentucky","Hickman County",1,62,64,28,36
050,21,105,"Kentucky","Hickman County",1,63,66,30,36
050,21,105,"Kentucky","Hickman County",1,64,64,27,37
050,21,105,"Kentucky","Hickman County",1,65,72,33,39
050,21,105,"Kentucky","Hickman County",1,66,67,32,35
050,21,105,"Kentucky","Hickman County",1,67,66,35,31
050,21,105,"Kentucky","Hickman County",1,68,63,29,34
050,21,105,"Kentucky","Hickman County",1,69,60,28,32
050,21,105,"Kentucky","Hickman County",1,70,54,23,31
050,21,105,"Kentucky","Hickman County",1,71,67,32,35
050,21,105,"Kentucky","Hickman County",1,72,75,35,40
050,21,105,"Kentucky","Hickman County",1,73,60,30,30
050,21,105,"Kentucky","Hickman County",1,74,47,23,24
050,21,105,"Kentucky","Hickman County",1,75,49,21,28
050,21,105,"Kentucky","Hickman County",1,76,61,27,34
050,21,105,"Kentucky","Hickman County",1,77,37,16,21
050,21,105,"Kentucky","Hickman County",1,78,38,19,19
050,21,105,"Kentucky","Hickman County",1,79,40,17,23
050,21,105,"Kentucky","Hickman County",1,80,31,14,17
050,21,105,"Kentucky","Hickman County",1,81,27,13,14
050,21,105,"Kentucky","Hickman County",1,82,35,16,19
050,21,105,"Kentucky","Hickman County",1,83,26,9,17
050,21,105,"Kentucky","Hickman County",1,84,24,10,14
050,21,105,"Kentucky","Hickman County",1,85,154,50,104
050,21,105,"Kentucky","Hickman County",2,0,36,19,17
050,21,105,"Kentucky","Hickman County",2,1,40,23,17
050,21,105,"Kentucky","Hickman County",2,2,43,19,24
050,21,105,"Kentucky","Hickman County",2,3,47,22,25
050,21,105,"Kentucky","Hickman County",2,4,46,25,21
050,21,105,"Kentucky","Hickman County",2,5,48,25,23
050,21,105,"Kentucky","Hickman County",2,6,43,22,21
050,21,105,"Kentucky","Hickman County",2,7,42,20,22
050,21,105,"Kentucky","Hickman County",2,8,46,25,21
050,21,105,"Kentucky","Hickman County",2,9,47,22,25
050,21,105,"Kentucky","Hickman County",2,10,49,20,29
050,21,105,"Kentucky","Hickman County",2,11,55,24,31
050,21,105,"Kentucky","Hickman County",2,12,55,23,32
050,21,105,"Kentucky","Hickman County",2,13,61,30,31
050,21,105,"Kentucky","Hickman County",2,14,57,31,26
050,21,105,"Kentucky","Hickman County",2,15,57,30,27
050,21,105,"Kentucky","Hickman County",2,16,54,27,27
050,21,105,"Kentucky","Hickman County",2,17,59,26,33
050,21,105,"Kentucky","Hickman County",2,18,47,24,23
050,21,105,"Kentucky","Hickman County",2,19,40,25,15
050,21,105,"Kentucky","Hickman County",2,20,47,27,20
050,21,105,"Kentucky","Hickman County",2,21,38,19,19
050,21,105,"Kentucky","Hickman County",2,22,37,19,18
050,21,105,"Kentucky","Hickman County",2,23,41,21,20
050,21,105,"Kentucky","Hickman County",2,24,45,23,22
050,21,105,"Kentucky","Hickman County",2,25,42,18,24
050,21,105,"Kentucky","Hickman County",2,26,36,14,22
050,21,105,"Kentucky","Hickman County",2,27,41,19,22
050,21,105,"Kentucky","Hickman County",2,28,40,22,18
050,21,105,"Kentucky","Hickman County",2,29,42,20,22
050,21,105,"Kentucky","Hickman County",2,30,47,21,26
050,21,105,"Kentucky","Hickman County",2,31,39,17,22
050,21,105,"Kentucky","Hickman County",2,32,51,24,27
050,21,105,"Kentucky","Hickman County",2,33,52,22,30
050,21,105,"Kentucky","Hickman County",2,34,47,20,27
050,21,105,"Kentucky","Hickman County",2,35,47,24,23
050,21,105,"Kentucky","Hickman County",2,36,44,23,21
050,21,105,"Kentucky","Hickman County",2,37,39,19,20
050,21,105,"Kentucky","Hickman County",2,38,50,25,25
050,21,105,"Kentucky","Hickman County",2,39,47,26,21
050,21,105,"Kentucky","Hickman County",2,40,52,29,23
050,21,105,"Kentucky","Hickman County",2,41,49,27,22
050,21,105,"Kentucky","Hickman County",2,42,47,27,20
050,21,105,"Kentucky","Hickman County",2,43,38,21,17
050,21,105,"Kentucky","Hickman County",2,44,50,29,21
050,21,105,"Kentucky","Hickman County",2,45,56,24,32
050,21,105,"Kentucky","Hickman County",2,46,52,20,32
050,21,105,"Kentucky","Hickman County",2,47,53,24,29
050,21,105,"Kentucky","Hickman County",2,48,57,25,32
050,21,105,"Kentucky","Hickman County",2,49,63,31,32
050,21,105,"Kentucky","Hickman County",2,50,59,28,31
050,21,105,"Kentucky","Hickman County",2,51,64,37,27
050,21,105,"Kentucky","Hickman County",2,52,65,38,27
050,21,105,"Kentucky","Hickman County",2,53,65,35,30
050,21,105,"Kentucky","Hickman County",2,54,67,33,34
050,21,105,"Kentucky","Hickman County",2,55,61,29,32
050,21,105,"Kentucky","Hickman County",2,56,76,41,35
050,21,105,"Kentucky","Hickman County",2,57,82,42,40
050,21,105,"Kentucky","Hickman County",2,58,70,32,38
050,21,105,"Kentucky","Hickman County",2,59,65,27,38
050,21,105,"Kentucky","Hickman County",2,60,73,32,41
050,21,105,"Kentucky","Hickman County",2,61,68,32,36
050,21,105,"Kentucky","Hickman County",2,62,64,29,35
050,21,105,"Kentucky","Hickman County",2,63,66,30,36
050,21,105,"Kentucky","Hickman County",2,64,64,27,37
050,21,105,"Kentucky","Hickman County",2,65,70,31,39
050,21,105,"Kentucky","Hickman County",2,66,68,33,35
050,21,105,"Kentucky","Hickman County",2,67,65,33,32
050,21,105,"Kentucky","Hickman County",2,68,64,30,34
050,21,105,"Kentucky","Hickman County",2,69,61,29,32
050,21,105,"Kentucky","Hickman County",2,70,55,25,30
050,21,105,"Kentucky","Hickman County",2,71,65,30,35
050,21,105,"Kentucky","Hickman County",2,72,70,32,38
050,21,105,"Kentucky","Hickman County",2,73,68,34,34
050,21,105,"Kentucky","Hickman County",2,74,47,23,24
050,21,105,"Kentucky","Hickman County",2,75,49,22,27
050,21,105,"Kentucky","Hickman County",2,76,57,25,32
050,21,105,"Kentucky","Hickman County",2,77,42,18,24
050,21,105,"Kentucky","Hickman County",2,78,37,18,19
050,21,105,"Kentucky","Hickman County",2,79,40,18,22
050,21,105,"Kentucky","Hickman County",2,80,32,14,18
050,21,105,"Kentucky","Hickman County",2,81,28,14,14
050,21,105,"Kentucky","Hickman County",2,82,34,16,18
050,21,105,"Kentucky","Hickman County",2,83,28,10,18
050,21,105,"Kentucky","Hickman County",2,84,23,9,14
050,21,105,"Kentucky","Hickman County",2,85,156,51,105
050,21,105,"Kentucky","Hickman County",3,0,32,19,13
050,21,105,"Kentucky","Hickman County",3,1,36,17,19
050,21,105,"Kentucky","Hickman County",3,2,37,23,14
050,21,105,"Kentucky","Hickman County",3,3,40,19,21
050,21,105,"Kentucky","Hickman County",3,4,51,27,24
050,21,105,"Kentucky","Hickman County",3,5,45,23,22
050,21,105,"Kentucky","Hickman County",3,6,47,23,24
050,21,105,"Kentucky","Hickman County",3,7,45,23,22
050,21,105,"Kentucky","Hickman County",3,8,41,19,22
050,21,105,"Kentucky","Hickman County",3,9,40,21,19
050,21,105,"Kentucky","Hickman County",3,10,49,22,27
050,21,105,"Kentucky","Hickman County",3,11,50,22,28
050,21,105,"Kentucky","Hickman County",3,12,54,21,33
050,21,105,"Kentucky","Hickman County",3,13,59,22,37
050,21,105,"Kentucky","Hickman County",3,14,68,34,34
050,21,105,"Kentucky","Hickman County",3,15,50,27,23
050,21,105,"Kentucky","Hickman County",3,16,57,29,28
050,21,105,"Kentucky","Hickman County",3,17,52,26,26
050,21,105,"Kentucky","Hickman County",3,18,49,21,28
050,21,105,"Kentucky","Hickman County",3,19,33,18,15
050,21,105,"Kentucky","Hickman County",3,20,42,26,16
050,21,105,"Kentucky","Hickman County",3,21,45,24,21
050,21,105,"Kentucky","Hickman County",3,22,40,17,23
050,21,105,"Kentucky","Hickman County",3,23,38,21,17
050,21,105,"Kentucky","Hickman County",3,24,43,23,20
050,21,105,"Kentucky","Hickman County",3,25,36,18,18
050,21,105,"Kentucky","Hickman County",3,26,43,18,25
050,21,105,"Kentucky","Hickman County",3,27,36,14,22
050,21,105,"Kentucky","Hickman County",3,28,42,18,24
050,21,105,"Kentucky","Hickman County",3,29,37,21,16
050,21,105,"Kentucky","Hickman County",3,30,41,19,22
050,21,105,"Kentucky","Hickman County",3,31,44,21,23
050,21,105,"Kentucky","Hickman County",3,32,39,21,18
050,21,105,"Kentucky","Hickman County",3,33,49,24,25
050,21,105,"Kentucky","Hickman County",3,34,55,22,33
050,21,105,"Kentucky","Hickman County",3,35,46,19,27
050,21,105,"Kentucky","Hickman County",3,36,44,21,23
050,21,105,"Kentucky","Hickman County",3,37,45,22,23
050,21,105,"Kentucky","Hickman County",3,38,42,21,21
050,21,105,"Kentucky","Hickman County",3,39,48,24,24
050,21,105,"Kentucky","Hickman County",3,40,43,20,23
050,21,105,"Kentucky","Hickman County",3,41,50,27,23
050,21,105,"Kentucky","Hickman County",3,42,53,29,24
050,21,105,"Kentucky","Hickman County",3,43,47,26,21
050,21,105,"Kentucky","Hickman County",3,44,44,22,22
050,21,105,"Kentucky","Hickman County",3,45,46,26,20
050,21,105,"Kentucky","Hickman County",3,46,54,23,31
050,21,105,"Kentucky","Hickman County",3,47,56,24,32
050,21,105,"Kentucky","Hickman County",3,48,47,18,29
050,21,105,"Kentucky","Hickman County",3,49,59,26,33
050,21,105,"Kentucky","Hickman County",3,50,62,30,32
050,21,105,"Kentucky","Hickman County",3,51,57,27,30
050,21,105,"Kentucky","Hickman County",3,52,57,33,24
050,21,105,"Kentucky","Hickman County",3,53,64,36,28
050,21,105,"Kentucky","Hickman County",3,54,68,37,31
050,21,105,"Kentucky","Hickman County",3,55,67,34,33
050,21,105,"Kentucky","Hickman County",3,56,58,27,31
050,21,105,"Kentucky","Hickman County",3,57,84,46,38
050,21,105,"Kentucky","Hickman County",3,58,77,39,38
050,21,105,"Kentucky","Hickman County",3,59,63,28,35
050,21,105,"Kentucky","Hickman County",3,60,68,27,41
050,21,105,"Kentucky","Hickman County",3,61,70,30,40
050,21,105,"Kentucky","Hickman County",3,62,68,34,34
050,21,105,"Kentucky","Hickman County",3,63,63,30,33
050,21,105,"Kentucky","Hickman County",3,64,63,28,35
050,21,105,"Kentucky","Hickman County",3,65,64,27,37
050,21,105,"Kentucky","Hickman County",3,66,66,31,35
050,21,105,"Kentucky","Hickman County",3,67,68,31,37
050,21,105,"Kentucky","Hickman County",3,68,63,31,32
050,21,105,"Kentucky","Hickman County",3,69,66,33,33
050,21,105,"Kentucky","Hickman County",3,70,57,27,30
050,21,105,"Kentucky","Hickman County",3,71,54,23,31
050,21,105,"Kentucky","Hickman County",3,72,56,25,31
050,21,105,"Kentucky","Hickman County",3,73,67,29,38
050,21,105,"Kentucky","Hickman County",3,74,69,34,35
050,21,105,"Kentucky","Hickman County",3,75,41,19,22
050,21,105,"Kentucky","Hickman County",3,76,49,24,25
050,21,105,"Kentucky","Hickman County",3,77,48,20,28
050,21,105,"Kentucky","Hickman County",3,78,43,19,24
050,21,105,"Kentucky","Hickman County",3,79,37,18,19
050,21,105,"Kentucky","Hickman County",3,80,32,13,19
050,21,105,"Kentucky","Hickman County",3,81,31,13,18
050,21,105,"Kentucky","Hickman County",3,82,27,12,15
050,21,105,"Kentucky","Hickman County",3,83,34,15,19
050,21,105,"Kentucky","Hickman County",3,84,22,9,13
050,21,105,"Kentucky","Hickman County",3,85,154,47,107
050,21,105,"Kentucky","Hickman County",4,0,45,24,21
050,21,105,"Kentucky","Hickman County",4,1,37,21,16
050,21,105,"Kentucky","Hickman County",4,2,41,21,20
050,21,105,"Kentucky","Hickman County",4,3,38,24,14
050,21,105,"Kentucky","Hickman County",4,4,40,18,22
050,21,105,"Kentucky","Hickman County",4,5,45,24,21
050,21,105,"Kentucky","Hickman County",4,6,46,25,21
050,21,105,"Kentucky","Hickman County",4,7,45,24,21
050,21,105,"Kentucky","Hickman County",4,8,48,25,23
050,21,105,"Kentucky","Hickman County",4,9,43,22,21
050,21,105,"Kentucky","Hickman County",4,10,37,18,19
050,21,105,"Kentucky","Hickman County",4,11,48,20,28
050,21,105,"Kentucky","Hickman County",4,12,53,26,27
050,21,105,"Kentucky","Hickman County",4,13,53,21,32
050,21,105,"Kentucky","Hickman County",4,14,61,19,42
050,21,105,"Kentucky","Hickman County",4,15,65,30,35
050,21,105,"Kentucky","Hickman County",4,16,56,32,24
050,21,105,"Kentucky","Hickman County",4,17,55,30,25
050,21,105,"Kentucky","Hickman County",4,18,49,26,23
050,21,105,"Kentucky","Hickman County",4,19,38,19,19
050,21,105,"Kentucky","Hickman County",4,20,33,15,18
050,21,105,"Kentucky","Hickman County",4,21,42,26,16
050,21,105,"Kentucky","Hickman County",4,22,54,29,25
050,21,105,"Kentucky","Hickman County",4,23,41,17,24
050,21,105,"Kentucky","Hickman County",4,24,37,22,15
050,21,105,"Kentucky","Hickman County",4,25,45,26,19
050,21,105,"Kentucky","Hickman County",4,26,39,22,17
050,21,105,"Kentucky","Hickman County",4,27,45,20,25
050,21,105,"Kentucky","Hickman County",4,28,37,14,23
050,21,105,"Kentucky","Hickman County",4,29,42,19,23
050,21,105,"Kentucky","Hickman County",4,30,36,21,15
050,21,105,"Kentucky","Hickman County",4,31,46,24,22
050,21,105,"Kentucky","Hickman County",4,32,42,20,22
050,21,105,"Kentucky","Hickman County",4,33,36,18,18
050,21,105,"Kentucky","Hickman County",4,34,54,23,31
050,21,105,"Kentucky","Hickman County",4,35,60,24,36
050,21,105,"Kentucky","Hickman County",4,36,47,19,28
050,21,105,"Kentucky","Hickman County",4,37,42,22,20
050,21,105,"Kentucky","Hickman County",4,38,46,24,22
050,21,105,"Kentucky","Hickman County",4,39,36,14,22
050,21,105,"Kentucky","Hickman County",4,40,50,25,25
050,21,105,"Kentucky","Hickman County",4,41,45,18,27
050,21,105,"Kentucky","Hickman County",4,42,54,30,24
050,21,105,"Kentucky","Hickman County",4,43,54,29,25
050,21,105,"Kentucky","Hickman County",4,44,53,31,22
050,21,105,"Kentucky","Hickman County",4,45,42,21,21
050,21,105,"Kentucky","Hickman County",4,46,48,30,18
050,21,105,"Kentucky","Hickman County",4,47,54,23,31
050,21,105,"Kentucky","Hickman County",4,48,59,24,35
050,21,105,"Kentucky","Hickman County",4,49,50,21,29
050,21,105,"Kentucky","Hickman County",4,50,57,25,32
050,21,105,"Kentucky","Hickman County",4,51,65,31,34
050,21,105,"Kentucky","Hickman County",4,52,51,24,27
050,21,105,"Kentucky","Hickman County",4,53,56,33,23
050,21,105,"Kentucky","Hickman County",4,54,69,37,32
050,21,105,"Kentucky","Hickman County",4,55,64,34,30
050,21,105,"Kentucky","Hickman County",4,56,66,34,32
050,21,105,"Kentucky","Hickman County",4,57,61,28,33
050,21,105,"Kentucky","Hickman County",4,58,81,44,37
050,21,105,"Kentucky","Hickman County",4,59,71,34,37
050,21,105,"Kentucky","Hickman County",4,60,65,29,36
050,21,105,"Kentucky","Hickman County",4,61,67,24,43
050,21,105,"Kentucky","Hickman County",4,62,68,29,39
050,21,105,"Kentucky","Hickman County",4,63,63,31,32
050,21,105,"Kentucky","Hickman County",4,64,63,29,34
050,21,105,"Kentucky","Hickman County",4,65,64,28,36
050,21,105,"Kentucky","Hickman County",4,66,60,28,32
050,21,105,"Kentucky","Hickman County",4,67,64,28,36
050,21,105,"Kentucky","Hickman County",4,68,67,29,38
050,21,105,"Kentucky","Hickman County",4,69,63,33,30
050,21,105,"Kentucky","Hickman County",4,70,61,31,30
050,21,105,"Kentucky","Hickman County",4,71,58,25,33
050,21,105,"Kentucky","Hickman County",4,72,52,22,30
050,21,105,"Kentucky","Hickman County",4,73,51,24,27
050,21,105,"Kentucky","Hickman County",4,74,67,31,36
050,21,105,"Kentucky","Hickman County",4,75,67,34,33
050,21,105,"Kentucky","Hickman County",4,76,43,22,21
050,21,105,"Kentucky","Hickman County",4,77,43,21,22
050,21,105,"Kentucky","Hickman County",4,78,49,21,28
050,21,105,"Kentucky","Hickman County",4,79,42,17,25
050,21,105,"Kentucky","Hickman County",4,80,34,16,18
050,21,105,"Kentucky","Hickman County",4,81,32,15,17
050,21,105,"Kentucky","Hickman County",4,82,31,12,19
050,21,105,"Kentucky","Hickman County",4,83,25,9,16
050,21,105,"Kentucky","Hickman County",4,84,32,13,19
050,21,105,"Kentucky","Hickman County",4,85,150,46,104
050,21,105,"Kentucky","Hickman County",5,0,41,22,19
050,21,105,"Kentucky","Hickman County",5,1,44,22,22
050,21,105,"Kentucky","Hickman County",5,2,38,22,16
050,21,105,"Kentucky","Hickman County",5,3,40,23,17
050,21,105,"Kentucky","Hickman County",5,4,42,27,15
050,21,105,"Kentucky","Hickman County",5,5,41,20,21
050,21,105,"Kentucky","Hickman County",5,6,47,24,23
050,21,105,"Kentucky","Hickman County",5,7,52,27,25
050,21,105,"Kentucky","Hickman County",5,8,46,24,22
050,21,105,"Kentucky","Hickman County",5,9,44,24,20
050,21,105,"Kentucky","Hickman County",5,10,42,23,19
050,21,105,"Kentucky","Hickman County",5,11,40,19,21
050,21,105,"Kentucky","Hickman County",5,12,52,24,28
050,21,105,"Kentucky","Hickman County",5,13,56,26,30
050,21,105,"Kentucky","Hickman County",5,14,55,23,32
050,21,105,"Kentucky","Hickman County",5,15,63,23,40
050,21,105,"Kentucky","Hickman County",5,16,67,31,36
050,21,105,"Kentucky","Hickman County",5,17,53,29,24
050,21,105,"Kentucky","Hickman County",5,18,51,31,20
050,21,105,"Kentucky","Hickman County",5,19,32,18,14
050,21,105,"Kentucky","Hickman County",5,20,38,19,19
050,21,105,"Kentucky","Hickman County",5,21,37,18,19
050,21,105,"Kentucky","Hickman County",5,22,40,24,16
050,21,105,"Kentucky","Hickman County",5,23,59,30,29
050,21,105,"Kentucky","Hickman County",5,24,41,17,24
050,21,105,"Kentucky","Hickman County",5,25,40,22,18
050,21,105,"Kentucky","Hickman County",5,26,45,22,23
050,21,105,"Kentucky","Hickman County",5,27,45,28,17
050,21,105,"Kentucky","Hickman County",5,28,46,20,26
050,21,105,"Kentucky","Hickman County",5,29,38,14,24
050,21,105,"Kentucky","Hickman County",5,30,38,16,22
050,21,105,"Kentucky","Hickman County",5,31,32,21,11
050,21,105,"Kentucky","Hickman County",5,32,46,24,22
050,21,105,"Kentucky","Hickman County",5,33,45,23,22
050,21,105,"Kentucky","Hickman County",5,34,36,17,19
050,21,105,"Kentucky","Hickman County",5,35,57,25,32
050,21,105,"Kentucky","Hickman County",5,36,58,24,34
050,21,105,"Kentucky","Hickman County",5,37,51,19,32
050,21,105,"Kentucky","Hickman County",5,38,47,27,20
050,21,105,"Kentucky","Hickman County",5,39,44,24,20
050,21,105,"Kentucky","Hickman County",5,40,34,15,19
050,21,105,"Kentucky","Hickman County",5,41,48,23,25
050,21,105,"Kentucky","Hickman County",5,42,43,19,24
050,21,105,"Kentucky","Hickman County",5,43,56,29,27
050,21,105,"Kentucky","Hickman County",5,44,56,29,27
050,21,105,"Kentucky","Hickman County",5,45,48,28,20
050,21,105,"Kentucky","Hickman County",5,46,41,18,23
050,21,105,"Kentucky","Hickman County",5,47,47,28,19
050,21,105,"Kentucky","Hickman County",5,48,55,23,32
050,21,105,"Kentucky","Hickman County",5,49,65,29,36
050,21,105,"Kentucky","Hickman County",5,50,49,20,29
050,21,105,"Kentucky","Hickman County",5,51,56,23,33
050,21,105,"Kentucky","Hickman County",5,52,63,28,35
050,21,105,"Kentucky","Hickman County",5,53,54,24,30
050,21,105,"Kentucky","Hickman County",5,54,64,37,27
050,21,105,"Kentucky","Hickman County",5,55,68,35,33
050,21,105,"Kentucky","Hickman County",5,56,65,33,32
050,21,105,"Kentucky","Hickman County",5,57,74,37,37
050,21,105,"Kentucky","Hickman County",5,58,60,27,33
050,21,105,"Kentucky","Hickman County",5,59,76,43,33
050,21,105,"Kentucky","Hickman County",5,60,73,35,38
050,21,105,"Kentucky","Hickman County",5,61,66,28,38
050,21,105,"Kentucky","Hickman County",5,62,70,28,42
050,21,105,"Kentucky","Hickman County",5,63,67,29,38
050,21,105,"Kentucky","Hickman County",5,64,59,28,31
050,21,105,"Kentucky","Hickman County",5,65,62,28,34
050,21,105,"Kentucky","Hickman County",5,66,65,31,34
050,21,105,"Kentucky","Hickman County",5,67,61,29,32
050,21,105,"Kentucky","Hickman County",5,68,61,26,35
050,21,105,"Kentucky","Hickman County",5,69,69,32,37
050,21,105,"Kentucky","Hickman County",5,70,60,31,29
050,21,105,"Kentucky","Hickman County",5,71,62,29,33
050,21,105,"Kentucky","Hickman County",5,72,53,21,32
050,21,105,"Kentucky","Hickman County",5,73,51,21,30
050,21,105,"Kentucky","Hickman County",5,74,51,24,27
050,21,105,"Kentucky","Hickman County",5,75,63,28,35
050,21,105,"Kentucky","Hickman County",5,76,67,34,33
050,21,105,"Kentucky","Hickman County",5,77,35,17,18
050,21,105,"Kentucky","Hickman County",5,78,41,20,21
050,21,105,"Kentucky","Hickman County",5,79,48,21,27
050,21,105,"Kentucky","Hickman County",5,80,35,14,21
050,21,105,"Kentucky","Hickman County",5,81,32,15,17
050,21,105,"Kentucky","Hickman County",5,82,31,14,17
050,21,105,"Kentucky","Hickman County",5,83,31,11,20
050,21,105,"Kentucky","Hickman County",5,84,21,7,14
050,21,105,"Kentucky","Hickman County",5,85,162,51,111
050,21,107,"Kentucky","Hopkins County",1,0,528,271,257
050,21,107,"Kentucky","Hopkins County",1,1,564,280,284
050,21,107,"Kentucky","Hopkins County",1,2,556,262,294
050,21,107,"Kentucky","Hopkins County",1,3,535,262,273
050,21,107,"Kentucky","Hopkins County",1,4,556,292,264
050,21,107,"Kentucky","Hopkins County",1,5,589,298,291
050,21,107,"Kentucky","Hopkins County",1,6,550,252,298
050,21,107,"Kentucky","Hopkins County",1,7,545,275,270
050,21,107,"Kentucky","Hopkins County",1,8,538,271,267
050,21,107,"Kentucky","Hopkins County",1,9,566,288,278
050,21,107,"Kentucky","Hopkins County",1,10,610,303,307
050,21,107,"Kentucky","Hopkins County",1,11,643,329,314
050,21,107,"Kentucky","Hopkins County",1,12,672,343,329
050,21,107,"Kentucky","Hopkins County",1,13,644,314,330
050,21,107,"Kentucky","Hopkins County",1,14,625,335,290
050,21,107,"Kentucky","Hopkins County",1,15,595,307,288
050,21,107,"Kentucky","Hopkins County",1,16,613,320,293
050,21,107,"Kentucky","Hopkins County",1,17,560,288,272
050,21,107,"Kentucky","Hopkins County",1,18,526,294,232
050,21,107,"Kentucky","Hopkins County",1,19,424,229,195
050,21,107,"Kentucky","Hopkins County",1,20,442,234,208
050,21,107,"Kentucky","Hopkins County",1,21,469,227,242
050,21,107,"Kentucky","Hopkins County",1,22,457,230,227
050,21,107,"Kentucky","Hopkins County",1,23,508,233,275
050,21,107,"Kentucky","Hopkins County",1,24,519,257,262
050,21,107,"Kentucky","Hopkins County",1,25,537,267,270
050,21,107,"Kentucky","Hopkins County",1,26,559,287,272
050,21,107,"Kentucky","Hopkins County",1,27,560,276,284
050,21,107,"Kentucky","Hopkins County",1,28,599,290,309
050,21,107,"Kentucky","Hopkins County",1,29,594,304,290
050,21,107,"Kentucky","Hopkins County",1,30,559,282,277
050,21,107,"Kentucky","Hopkins County",1,31,563,285,278
050,21,107,"Kentucky","Hopkins County",1,32,521,265,256
050,21,107,"Kentucky","Hopkins County",1,33,553,273,280
050,21,107,"Kentucky","Hopkins County",1,34,540,267,273
050,21,107,"Kentucky","Hopkins County",1,35,504,246,258
050,21,107,"Kentucky","Hopkins County",1,36,513,252,261
050,21,107,"Kentucky","Hopkins County",1,37,545,267,278
050,21,107,"Kentucky","Hopkins County",1,38,568,277,291
050,21,107,"Kentucky","Hopkins County",1,39,599,299,300
050,21,107,"Kentucky","Hopkins County",1,40,521,255,266
050,21,107,"Kentucky","Hopkins County",1,41,540,260,280
050,21,107,"Kentucky","Hopkins County",1,42,584,293,291
050,21,107,"Kentucky","Hopkins County",1,43,587,302,285
050,21,107,"Kentucky","Hopkins County",1,44,552,277,275
050,21,107,"Kentucky","Hopkins County",1,45,542,269,273
050,21,107,"Kentucky","Hopkins County",1,46,509,248,261
050,21,107,"Kentucky","Hopkins County",1,47,500,250,250
050,21,107,"Kentucky","Hopkins County",1,48,561,296,265
050,21,107,"Kentucky","Hopkins County",1,49,610,318,292
050,21,107,"Kentucky","Hopkins County",1,50,567,279,288
050,21,107,"Kentucky","Hopkins County",1,51,555,286,269
050,21,107,"Kentucky","Hopkins County",1,52,600,307,293
050,21,107,"Kentucky","Hopkins County",1,53,621,301,320
050,21,107,"Kentucky","Hopkins County",1,54,604,286,318
050,21,107,"Kentucky","Hopkins County",1,55,631,325,306
050,21,107,"Kentucky","Hopkins County",1,56,619,316,303
050,21,107,"Kentucky","Hopkins County",1,57,605,300,305
050,21,107,"Kentucky","Hopkins County",1,58,638,289,349
050,21,107,"Kentucky","Hopkins County",1,59,669,291,378
050,21,107,"Kentucky","Hopkins County",1,60,642,303,339
050,21,107,"Kentucky","Hopkins County",1,61,663,319,344
050,21,107,"Kentucky","Hopkins County",1,62,667,314,353
050,21,107,"Kentucky","Hopkins County",1,63,640,305,335
050,21,107,"Kentucky","Hopkins County",1,64,620,301,319
050,21,107,"Kentucky","Hopkins County",1,65,602,297,305
050,21,107,"Kentucky","Hopkins County",1,66,591,276,315
050,21,107,"Kentucky","Hopkins County",1,67,566,267,299
050,21,107,"Kentucky","Hopkins County",1,68,578,267,311
050,21,107,"Kentucky","Hopkins County",1,69,515,237,278
050,21,107,"Kentucky","Hopkins County",1,70,465,213,252
050,21,107,"Kentucky","Hopkins County",1,71,475,227,248
050,21,107,"Kentucky","Hopkins County",1,72,476,233,243
050,21,107,"Kentucky","Hopkins County",1,73,480,236,244
050,21,107,"Kentucky","Hopkins County",1,74,345,162,183
050,21,107,"Kentucky","Hopkins County",1,75,326,146,180
050,21,107,"Kentucky","Hopkins County",1,76,325,143,182
050,21,107,"Kentucky","Hopkins County",1,77,330,139,191
050,21,107,"Kentucky","Hopkins County",1,78,277,140,137
050,21,107,"Kentucky","Hopkins County",1,79,257,123,134
050,21,107,"Kentucky","Hopkins County",1,80,223,80,143
050,21,107,"Kentucky","Hopkins County",1,81,215,84,131
050,21,107,"Kentucky","Hopkins County",1,82,212,94,118
050,21,107,"Kentucky","Hopkins County",1,83,173,72,101
050,21,107,"Kentucky","Hopkins County",1,84,148,62,86
050,21,107,"Kentucky","Hopkins County",1,85,847,296,551
050,21,107,"Kentucky","Hopkins County",2,0,505,256,249
050,21,107,"Kentucky","Hopkins County",2,1,555,278,277
050,21,107,"Kentucky","Hopkins County",2,2,560,268,292
050,21,107,"Kentucky","Hopkins County",2,3,539,261,278
050,21,107,"Kentucky","Hopkins County",2,4,557,285,272
050,21,107,"Kentucky","Hopkins County",2,5,583,296,287
050,21,107,"Kentucky","Hopkins County",2,6,564,266,298
050,21,107,"Kentucky","Hopkins County",2,7,543,268,275
050,21,107,"Kentucky","Hopkins County",2,8,538,270,268
050,21,107,"Kentucky","Hopkins County",2,9,562,286,276
050,21,107,"Kentucky","Hopkins County",2,10,599,298,301
050,21,107,"Kentucky","Hopkins County",2,11,636,323,313
050,21,107,"Kentucky","Hopkins County",2,12,668,341,327
050,21,107,"Kentucky","Hopkins County",2,13,650,320,330
050,21,107,"Kentucky","Hopkins County",2,14,627,328,299
050,21,107,"Kentucky","Hopkins County",2,15,600,313,287
050,21,107,"Kentucky","Hopkins County",2,16,607,316,291
050,21,107,"Kentucky","Hopkins County",2,17,573,296,277
050,21,107,"Kentucky","Hopkins County",2,18,511,282,229
050,21,107,"Kentucky","Hopkins County",2,19,429,233,196
050,21,107,"Kentucky","Hopkins County",2,20,456,240,216
050,21,107,"Kentucky","Hopkins County",2,21,468,233,235
050,21,107,"Kentucky","Hopkins County",2,22,468,232,236
050,21,107,"Kentucky","Hopkins County",2,23,503,237,266
050,21,107,"Kentucky","Hopkins County",2,24,526,258,268
050,21,107,"Kentucky","Hopkins County",2,25,536,266,270
050,21,107,"Kentucky","Hopkins County",2,26,556,283,273
050,21,107,"Kentucky","Hopkins County",2,27,561,277,284
050,21,107,"Kentucky","Hopkins County",2,28,590,286,304
050,21,107,"Kentucky","Hopkins County",2,29,599,303,296
050,21,107,"Kentucky","Hopkins County",2,30,572,289,283
050,21,107,"Kentucky","Hopkins County",2,31,562,285,277
050,21,107,"Kentucky","Hopkins County",2,32,529,269,260
050,21,107,"Kentucky","Hopkins County",2,33,543,270,273
050,21,107,"Kentucky","Hopkins County",2,34,541,268,273
050,21,107,"Kentucky","Hopkins County",2,35,517,253,264
050,21,107,"Kentucky","Hopkins County",2,36,503,245,258
050,21,107,"Kentucky","Hopkins County",2,37,538,264,274
050,21,107,"Kentucky","Hopkins County",2,38,567,276,291
050,21,107,"Kentucky","Hopkins County",2,39,591,297,294
050,21,107,"Kentucky","Hopkins County",2,40,538,263,275
050,21,107,"Kentucky","Hopkins County",2,41,535,257,278
050,21,107,"Kentucky","Hopkins County",2,42,570,283,287
050,21,107,"Kentucky","Hopkins County",2,43,592,302,290
050,21,107,"Kentucky","Hopkins County",2,44,554,280,274
050,21,107,"Kentucky","Hopkins County",2,45,547,272,275
050,21,107,"Kentucky","Hopkins County",2,46,514,251,263
050,21,107,"Kentucky","Hopkins County",2,47,500,247,253
050,21,107,"Kentucky","Hopkins County",2,48,543,284,259
050,21,107,"Kentucky","Hopkins County",2,49,603,314,289
050,21,107,"Kentucky","Hopkins County",2,50,575,288,287
050,21,107,"Kentucky","Hopkins County",2,51,555,283,272
050,21,107,"Kentucky","Hopkins County",2,52,585,300,285
050,21,107,"Kentucky","Hopkins County",2,53,618,304,314
050,21,107,"Kentucky","Hopkins County",2,54,607,289,318
050,21,107,"Kentucky","Hopkins County",2,55,625,316,309
050,21,107,"Kentucky","Hopkins County",2,56,624,318,306
050,21,107,"Kentucky","Hopkins County",2,57,609,301,308
050,21,107,"Kentucky","Hopkins County",2,58,632,290,342
050,21,107,"Kentucky","Hopkins County",2,59,658,290,368
050,21,107,"Kentucky","Hopkins County",2,60,641,299,342
050,21,107,"Kentucky","Hopkins County",2,61,654,314,340
050,21,107,"Kentucky","Hopkins County",2,62,662,313,349
050,21,107,"Kentucky","Hopkins County",2,63,649,311,338
050,21,107,"Kentucky","Hopkins County",2,64,618,298,320
050,21,107,"Kentucky","Hopkins County",2,65,595,293,302
050,21,107,"Kentucky","Hopkins County",2,66,594,282,312
050,21,107,"Kentucky","Hopkins County",2,67,560,263,297
050,21,107,"Kentucky","Hopkins County",2,68,570,265,305
050,21,107,"Kentucky","Hopkins County",2,69,529,240,289
050,21,107,"Kentucky","Hopkins County",2,70,471,215,256
050,21,107,"Kentucky","Hopkins County",2,71,474,224,250
050,21,107,"Kentucky","Hopkins County",2,72,464,227,237
050,21,107,"Kentucky","Hopkins County",2,73,498,244,254
050,21,107,"Kentucky","Hopkins County",2,74,352,167,185
050,21,107,"Kentucky","Hopkins County",2,75,326,146,180
050,21,107,"Kentucky","Hopkins County",2,76,320,141,179
050,21,107,"Kentucky","Hopkins County",2,77,331,141,190
050,21,107,"Kentucky","Hopkins County",2,78,279,137,142
050,21,107,"Kentucky","Hopkins County",2,79,253,124,129
050,21,107,"Kentucky","Hopkins County",2,80,229,86,143
050,21,107,"Kentucky","Hopkins County",2,81,208,83,125
050,21,107,"Kentucky","Hopkins County",2,82,207,90,117
050,21,107,"Kentucky","Hopkins County",2,83,177,77,100
050,21,107,"Kentucky","Hopkins County",2,84,153,63,90
050,21,107,"Kentucky","Hopkins County",2,85,839,295,544
050,21,107,"Kentucky","Hopkins County",3,0,523,272,251
050,21,107,"Kentucky","Hopkins County",3,1,517,255,262
050,21,107,"Kentucky","Hopkins County",3,2,565,281,284
050,21,107,"Kentucky","Hopkins County",3,3,569,278,291
050,21,107,"Kentucky","Hopkins County",3,4,547,260,287
050,21,107,"Kentucky","Hopkins County",3,5,554,279,275
050,21,107,"Kentucky","Hopkins County",3,6,579,290,289
050,21,107,"Kentucky","Hopkins County",3,7,564,276,288
050,21,107,"Kentucky","Hopkins County",3,8,536,263,273
050,21,107,"Kentucky","Hopkins County",3,9,547,263,284
050,21,107,"Kentucky","Hopkins County",3,10,548,274,274
050,21,107,"Kentucky","Hopkins County",3,11,593,287,306
050,21,107,"Kentucky","Hopkins County",3,12,634,322,312
050,21,107,"Kentucky","Hopkins County",3,13,677,342,335
050,21,107,"Kentucky","Hopkins County",3,14,643,310,333
050,21,107,"Kentucky","Hopkins County",3,15,623,327,296
050,21,107,"Kentucky","Hopkins County",3,16,596,309,287
050,21,107,"Kentucky","Hopkins County",3,17,624,322,302
050,21,107,"Kentucky","Hopkins County",3,18,495,266,229
050,21,107,"Kentucky","Hopkins County",3,19,421,235,186
050,21,107,"Kentucky","Hopkins County",3,20,463,247,216
050,21,107,"Kentucky","Hopkins County",3,21,471,246,225
050,21,107,"Kentucky","Hopkins County",3,22,504,252,252
050,21,107,"Kentucky","Hopkins County",3,23,473,236,237
050,21,107,"Kentucky","Hopkins County",3,24,528,252,276
050,21,107,"Kentucky","Hopkins County",3,25,523,248,275
050,21,107,"Kentucky","Hopkins County",3,26,542,274,268
050,21,107,"Kentucky","Hopkins County",3,27,569,291,278
050,21,107,"Kentucky","Hopkins County",3,28,555,276,279
050,21,107,"Kentucky","Hopkins County",3,29,585,292,293
050,21,107,"Kentucky","Hopkins County",3,30,595,302,293
050,21,107,"Kentucky","Hopkins County",3,31,572,290,282
050,21,107,"Kentucky","Hopkins County",3,32,546,274,272
050,21,107,"Kentucky","Hopkins County",3,33,535,267,268
050,21,107,"Kentucky","Hopkins County",3,34,535,272,263
050,21,107,"Kentucky","Hopkins County",3,35,536,261,275
050,21,107,"Kentucky","Hopkins County",3,36,504,247,257
050,21,107,"Kentucky","Hopkins County",3,37,507,248,259
050,21,107,"Kentucky","Hopkins County",3,38,530,256,274
050,21,107,"Kentucky","Hopkins County",3,39,594,297,297
050,21,107,"Kentucky","Hopkins County",3,40,581,285,296
050,21,107,"Kentucky","Hopkins County",3,41,555,270,285
050,21,107,"Kentucky","Hopkins County",3,42,542,269,273
050,21,107,"Kentucky","Hopkins County",3,43,576,290,286
050,21,107,"Kentucky","Hopkins County",3,44,585,302,283
050,21,107,"Kentucky","Hopkins County",3,45,551,280,271
050,21,107,"Kentucky","Hopkins County",3,46,544,277,267
050,21,107,"Kentucky","Hopkins County",3,47,520,251,269
050,21,107,"Kentucky","Hopkins County",3,48,486,247,239
050,21,107,"Kentucky","Hopkins County",3,49,539,280,259
050,21,107,"Kentucky","Hopkins County",3,50,583,303,280
050,21,107,"Kentucky","Hopkins County",3,51,585,292,293
050,21,107,"Kentucky","Hopkins County",3,52,547,280,267
050,21,107,"Kentucky","Hopkins County",3,53,567,293,274
050,21,107,"Kentucky","Hopkins County",3,54,610,301,309
050,21,107,"Kentucky","Hopkins County",3,55,603,298,305
050,21,107,"Kentucky","Hopkins County",3,56,617,308,309
050,21,107,"Kentucky","Hopkins County",3,57,601,307,294
050,21,107,"Kentucky","Hopkins County",3,58,598,293,305
050,21,107,"Kentucky","Hopkins County",3,59,631,289,342
050,21,107,"Kentucky","Hopkins County",3,60,645,280,365
050,21,107,"Kentucky","Hopkins County",3,61,626,295,331
050,21,107,"Kentucky","Hopkins County",3,62,638,304,334
050,21,107,"Kentucky","Hopkins County",3,63,649,309,340
050,21,107,"Kentucky","Hopkins County",3,64,633,302,331
050,21,107,"Kentucky","Hopkins County",3,65,591,280,311
050,21,107,"Kentucky","Hopkins County",3,66,586,283,303
050,21,107,"Kentucky","Hopkins County",3,67,578,275,303
050,21,107,"Kentucky","Hopkins County",3,68,538,256,282
050,21,107,"Kentucky","Hopkins County",3,69,552,252,300
050,21,107,"Kentucky","Hopkins County",3,70,518,237,281
050,21,107,"Kentucky","Hopkins County",3,71,467,214,253
050,21,107,"Kentucky","Hopkins County",3,72,463,214,249
050,21,107,"Kentucky","Hopkins County",3,73,446,217,229
050,21,107,"Kentucky","Hopkins County",3,74,483,237,246
050,21,107,"Kentucky","Hopkins County",3,75,331,161,170
050,21,107,"Kentucky","Hopkins County",3,76,313,137,176
050,21,107,"Kentucky","Hopkins County",3,77,302,129,173
050,21,107,"Kentucky","Hopkins County",3,78,317,142,175
050,21,107,"Kentucky","Hopkins County",3,79,256,120,136
050,21,107,"Kentucky","Hopkins County",3,80,239,108,131
050,21,107,"Kentucky","Hopkins County",3,81,219,87,132
050,21,107,"Kentucky","Hopkins County",3,82,171,68,103
050,21,107,"Kentucky","Hopkins County",3,83,192,86,106
050,21,107,"Kentucky","Hopkins County",3,84,160,64,96
050,21,107,"Kentucky","Hopkins County",3,85,833,287,546
050,21,107,"Kentucky","Hopkins County",4,0,509,268,241
050,21,107,"Kentucky","Hopkins County",4,1,524,265,259
050,21,107,"Kentucky","Hopkins County",4,2,514,260,254
050,21,107,"Kentucky","Hopkins County",4,3,552,275,277
050,21,107,"Kentucky","Hopkins County",4,4,551,264,287
050,21,107,"Kentucky","Hopkins County",4,5,572,276,296
050,21,107,"Kentucky","Hopkins County",4,6,559,285,274
050,21,107,"Kentucky","Hopkins County",4,7,578,293,285
050,21,107,"Kentucky","Hopkins County",4,8,570,275,295
050,21,107,"Kentucky","Hopkins County",4,9,545,270,275
050,21,107,"Kentucky","Hopkins County",4,10,542,264,278
050,21,107,"Kentucky","Hopkins County",4,11,562,285,277
050,21,107,"Kentucky","Hopkins County",4,12,600,302,298
050,21,107,"Kentucky","Hopkins County",4,13,648,324,324
050,21,107,"Kentucky","Hopkins County",4,14,668,342,326
050,21,107,"Kentucky","Hopkins County",4,15,657,323,334
050,21,107,"Kentucky","Hopkins County",4,16,618,324,294
050,21,107,"Kentucky","Hopkins County",4,17,608,321,287
050,21,107,"Kentucky","Hopkins County",4,18,530,285,245
050,21,107,"Kentucky","Hopkins County",4,19,381,204,177
050,21,107,"Kentucky","Hopkins County",4,20,462,257,205
050,21,107,"Kentucky","Hopkins County",4,21,468,241,227
050,21,107,"Kentucky","Hopkins County",4,22,498,264,234
050,21,107,"Kentucky","Hopkins County",4,23,542,278,264
050,21,107,"Kentucky","Hopkins County",4,24,499,255,244
050,21,107,"Kentucky","Hopkins County",4,25,510,237,273
050,21,107,"Kentucky","Hopkins County",4,26,521,242,279
050,21,107,"Kentucky","Hopkins County",4,27,541,271,270
050,21,107,"Kentucky","Hopkins County",4,28,568,295,273
050,21,107,"Kentucky","Hopkins County",4,29,558,276,282
050,21,107,"Kentucky","Hopkins County",4,30,572,283,289
050,21,107,"Kentucky","Hopkins County",4,31,609,304,305
050,21,107,"Kentucky","Hopkins County",4,32,572,286,286
050,21,107,"Kentucky","Hopkins County",4,33,548,270,278
050,21,107,"Kentucky","Hopkins County",4,34,536,261,275
050,21,107,"Kentucky","Hopkins County",4,35,549,289,260
050,21,107,"Kentucky","Hopkins County",4,36,527,257,270
050,21,107,"Kentucky","Hopkins County",4,37,495,242,253
050,21,107,"Kentucky","Hopkins County",4,38,503,240,263
050,21,107,"Kentucky","Hopkins County",4,39,558,273,285
050,21,107,"Kentucky","Hopkins County",4,40,573,282,291
050,21,107,"Kentucky","Hopkins County",4,41,575,278,297
050,21,107,"Kentucky","Hopkins County",4,42,562,275,287
050,21,107,"Kentucky","Hopkins County",4,43,541,269,272
050,21,107,"Kentucky","Hopkins County",4,44,562,289,273
050,21,107,"Kentucky","Hopkins County",4,45,585,296,289
050,21,107,"Kentucky","Hopkins County",4,46,539,273,266
050,21,107,"Kentucky","Hopkins County",4,47,534,267,267
050,21,107,"Kentucky","Hopkins County",4,48,504,241,263
050,21,107,"Kentucky","Hopkins County",4,49,500,255,245
050,21,107,"Kentucky","Hopkins County",4,50,523,273,250
050,21,107,"Kentucky","Hopkins County",4,51,581,295,286
050,21,107,"Kentucky","Hopkins County",4,52,576,287,289
050,21,107,"Kentucky","Hopkins County",4,53,551,285,266
050,21,107,"Kentucky","Hopkins County",4,54,558,285,273
050,21,107,"Kentucky","Hopkins County",4,55,610,304,306
050,21,107,"Kentucky","Hopkins County",4,56,602,301,301
050,21,107,"Kentucky","Hopkins County",4,57,607,301,306
050,21,107,"Kentucky","Hopkins County",4,58,594,301,293
050,21,107,"Kentucky","Hopkins County",4,59,578,282,296
050,21,107,"Kentucky","Hopkins County",4,60,611,278,333
050,21,107,"Kentucky","Hopkins County",4,61,624,275,349
050,21,107,"Kentucky","Hopkins County",4,62,602,276,326
050,21,107,"Kentucky","Hopkins County",4,63,632,309,323
050,21,107,"Kentucky","Hopkins County",4,64,637,296,341
050,21,107,"Kentucky","Hopkins County",4,65,618,292,326
050,21,107,"Kentucky","Hopkins County",4,66,575,267,308
050,21,107,"Kentucky","Hopkins County",4,67,558,273,285
050,21,107,"Kentucky","Hopkins County",4,68,567,271,296
050,21,107,"Kentucky","Hopkins County",4,69,500,236,264
050,21,107,"Kentucky","Hopkins County",4,70,543,247,296
050,21,107,"Kentucky","Hopkins County",4,71,502,228,274
050,21,107,"Kentucky","Hopkins County",4,72,450,207,243
050,21,107,"Kentucky","Hopkins County",4,73,446,209,237
050,21,107,"Kentucky","Hopkins County",4,74,437,211,226
050,21,107,"Kentucky","Hopkins County",4,75,448,224,224
050,21,107,"Kentucky","Hopkins County",4,76,308,147,161
050,21,107,"Kentucky","Hopkins County",4,77,297,127,170
050,21,107,"Kentucky","Hopkins County",4,78,281,128,153
050,21,107,"Kentucky","Hopkins County",4,79,293,126,167
050,21,107,"Kentucky","Hopkins County",4,80,240,102,138
050,21,107,"Kentucky","Hopkins County",4,81,220,106,114
050,21,107,"Kentucky","Hopkins County",4,82,189,73,116
050,21,107,"Kentucky","Hopkins County",4,83,159,68,91
050,21,107,"Kentucky","Hopkins County",4,84,169,72,97
050,21,107,"Kentucky","Hopkins County",4,85,841,292,549
050,21,107,"Kentucky","Hopkins County",5,0,521,272,249
050,21,107,"Kentucky","Hopkins County",5,1,511,275,236
050,21,107,"Kentucky","Hopkins County",5,2,522,263,259
050,21,107,"Kentucky","Hopkins County",5,3,530,264,266
050,21,107,"Kentucky","Hopkins County",5,4,546,280,266
050,21,107,"Kentucky","Hopkins County",5,5,560,270,290
050,21,107,"Kentucky","Hopkins County",5,6,557,267,290
050,21,107,"Kentucky","Hopkins County",5,7,560,279,281
050,21,107,"Kentucky","Hopkins County",5,8,582,293,289
050,21,107,"Kentucky","Hopkins County",5,9,569,275,294
050,21,107,"Kentucky","Hopkins County",5,10,566,278,288
050,21,107,"Kentucky","Hopkins County",5,11,557,269,288
050,21,107,"Kentucky","Hopkins County",5,12,572,286,286
050,21,107,"Kentucky","Hopkins County",5,13,613,306,307
050,21,107,"Kentucky","Hopkins County",5,14,641,319,322
050,21,107,"Kentucky","Hopkins County",5,15,669,341,328
050,21,107,"Kentucky","Hopkins County",5,16,658,324,334
050,21,107,"Kentucky","Hopkins County",5,17,604,318,286
050,21,107,"Kentucky","Hopkins County",5,18,509,271,238
050,21,107,"Kentucky","Hopkins County",5,19,421,228,193
050,21,107,"Kentucky","Hopkins County",5,20,429,227,202
050,21,107,"Kentucky","Hopkins County",5,21,493,275,218
050,21,107,"Kentucky","Hopkins County",5,22,500,253,247
050,21,107,"Kentucky","Hopkins County",5,23,524,269,255
050,21,107,"Kentucky","Hopkins County",5,24,558,286,272
050,21,107,"Kentucky","Hopkins County",5,25,481,233,248
050,21,107,"Kentucky","Hopkins County",5,26,510,246,264
050,21,107,"Kentucky","Hopkins County",5,27,526,245,281
050,21,107,"Kentucky","Hopkins County",5,28,544,275,269
050,21,107,"Kentucky","Hopkins County",5,29,564,294,270
050,21,107,"Kentucky","Hopkins County",5,30,553,260,293
050,21,107,"Kentucky","Hopkins County",5,31,605,301,304
050,21,107,"Kentucky","Hopkins County",5,32,606,306,300
050,21,107,"Kentucky","Hopkins County",5,33,577,281,296
050,21,107,"Kentucky","Hopkins County",5,34,545,263,282
050,21,107,"Kentucky","Hopkins County",5,35,541,258,283
050,21,107,"Kentucky","Hopkins County",5,36,536,280,256
050,21,107,"Kentucky","Hopkins County",5,37,525,255,270
050,21,107,"Kentucky","Hopkins County",5,38,501,253,248
050,21,107,"Kentucky","Hopkins County",5,39,515,247,268
050,21,107,"Kentucky","Hopkins County",5,40,543,263,280
050,21,107,"Kentucky","Hopkins County",5,41,578,281,297
050,21,107,"Kentucky","Hopkins County",5,42,575,279,296
050,21,107,"Kentucky","Hopkins County",5,43,566,276,290
050,21,107,"Kentucky","Hopkins County",5,44,525,258,267
050,21,107,"Kentucky","Hopkins County",5,45,567,287,280
050,21,107,"Kentucky","Hopkins County",5,46,596,306,290
050,21,107,"Kentucky","Hopkins County",5,47,545,274,271
050,21,107,"Kentucky","Hopkins County",5,48,540,270,270
050,21,107,"Kentucky","Hopkins County",5,49,510,244,266
050,21,107,"Kentucky","Hopkins County",5,50,494,251,243
050,21,107,"Kentucky","Hopkins County",5,51,520,271,249
050,21,107,"Kentucky","Hopkins County",5,52,561,290,271
050,21,107,"Kentucky","Hopkins County",5,53,578,288,290
050,21,107,"Kentucky","Hopkins County",5,54,542,279,263
050,21,107,"Kentucky","Hopkins County",5,55,565,289,276
050,21,107,"Kentucky","Hopkins County",5,56,601,303,298
050,21,107,"Kentucky","Hopkins County",5,57,590,292,298
050,21,107,"Kentucky","Hopkins County",5,58,606,300,306
050,21,107,"Kentucky","Hopkins County",5,59,583,294,289
050,21,107,"Kentucky","Hopkins County",5,60,573,278,295
050,21,107,"Kentucky","Hopkins County",5,61,599,272,327
050,21,107,"Kentucky","Hopkins County",5,62,610,262,348
050,21,107,"Kentucky","Hopkins County",5,63,598,273,325
050,21,107,"Kentucky","Hopkins County",5,64,628,310,318
050,21,107,"Kentucky","Hopkins County",5,65,617,284,333
050,21,107,"Kentucky","Hopkins County",5,66,605,277,328
050,21,107,"Kentucky","Hopkins County",5,67,567,265,302
050,21,107,"Kentucky","Hopkins County",5,68,550,265,285
050,21,107,"Kentucky","Hopkins County",5,69,545,257,288
050,21,107,"Kentucky","Hopkins County",5,70,494,235,259
050,21,107,"Kentucky","Hopkins County",5,71,529,241,288
050,21,107,"Kentucky","Hopkins County",5,72,485,218,267
050,21,107,"Kentucky","Hopkins County",5,73,429,195,234
050,21,107,"Kentucky","Hopkins County",5,74,448,208,240
050,21,107,"Kentucky","Hopkins County",5,75,408,198,210
050,21,107,"Kentucky","Hopkins County",5,76,435,210,225
050,21,107,"Kentucky","Hopkins County",5,77,299,141,158
050,21,107,"Kentucky","Hopkins County",5,78,283,125,158
050,21,107,"Kentucky","Hopkins County",5,79,258,111,147
050,21,107,"Kentucky","Hopkins County",5,80,271,107,164
050,21,107,"Kentucky","Hopkins County",5,81,223,98,125
050,21,107,"Kentucky","Hopkins County",5,82,196,97,99
050,21,107,"Kentucky","Hopkins County",5,83,180,73,107
050,21,107,"Kentucky","Hopkins County",5,84,137,54,83
050,21,107,"Kentucky","Hopkins County",5,85,876,309,567
050,21,109,"Kentucky","Jackson County",1,0,149,77,72
050,21,109,"Kentucky","Jackson County",1,1,153,85,68
050,21,109,"Kentucky","Jackson County",1,2,157,85,72
050,21,109,"Kentucky","Jackson County",1,3,175,83,92
050,21,109,"Kentucky","Jackson County",1,4,182,93,89
050,21,109,"Kentucky","Jackson County",1,5,174,91,83
050,21,109,"Kentucky","Jackson County",1,6,165,82,83
050,21,109,"Kentucky","Jackson County",1,7,181,93,88
050,21,109,"Kentucky","Jackson County",1,8,154,89,65
050,21,109,"Kentucky","Jackson County",1,9,154,83,71
050,21,109,"Kentucky","Jackson County",1,10,158,90,68
050,21,109,"Kentucky","Jackson County",1,11,156,74,82
050,21,109,"Kentucky","Jackson County",1,12,169,94,75
050,21,109,"Kentucky","Jackson County",1,13,175,94,81
050,21,109,"Kentucky","Jackson County",1,14,173,92,81
050,21,109,"Kentucky","Jackson County",1,15,174,100,74
050,21,109,"Kentucky","Jackson County",1,16,163,94,69
050,21,109,"Kentucky","Jackson County",1,17,149,77,72
050,21,109,"Kentucky","Jackson County",1,18,141,75,66
050,21,109,"Kentucky","Jackson County",1,19,130,68,62
050,21,109,"Kentucky","Jackson County",1,20,127,74,53
050,21,109,"Kentucky","Jackson County",1,21,124,68,56
050,21,109,"Kentucky","Jackson County",1,22,118,63,55
050,21,109,"Kentucky","Jackson County",1,23,147,79,68
050,21,109,"Kentucky","Jackson County",1,24,140,69,71
050,21,109,"Kentucky","Jackson County",1,25,158,81,77
050,21,109,"Kentucky","Jackson County",1,26,155,81,74
050,21,109,"Kentucky","Jackson County",1,27,148,72,76
050,21,109,"Kentucky","Jackson County",1,28,164,75,89
050,21,109,"Kentucky","Jackson County",1,29,152,77,75
050,21,109,"Kentucky","Jackson County",1,30,137,75,62
050,21,109,"Kentucky","Jackson County",1,31,137,60,77
050,21,109,"Kentucky","Jackson County",1,32,133,68,65
050,21,109,"Kentucky","Jackson County",1,33,139,69,70
050,21,109,"Kentucky","Jackson County",1,34,159,82,77
050,21,109,"Kentucky","Jackson County",1,35,135,69,66
050,21,109,"Kentucky","Jackson County",1,36,136,60,76
050,21,109,"Kentucky","Jackson County",1,37,144,75,69
050,21,109,"Kentucky","Jackson County",1,38,170,87,83
050,21,109,"Kentucky","Jackson County",1,39,179,84,95
050,21,109,"Kentucky","Jackson County",1,40,178,90,88
050,21,109,"Kentucky","Jackson County",1,41,176,91,85
050,21,109,"Kentucky","Jackson County",1,42,172,92,80
050,21,109,"Kentucky","Jackson County",1,43,170,87,83
050,21,109,"Kentucky","Jackson County",1,44,164,76,88
050,21,109,"Kentucky","Jackson County",1,45,176,76,100
050,21,109,"Kentucky","Jackson County",1,46,172,86,86
050,21,109,"Kentucky","Jackson County",1,47,183,89,94
050,21,109,"Kentucky","Jackson County",1,48,193,94,99
050,21,109,"Kentucky","Jackson County",1,49,201,107,94
050,21,109,"Kentucky","Jackson County",1,50,180,100,80
050,21,109,"Kentucky","Jackson County",1,51,171,89,82
050,21,109,"Kentucky","Jackson County",1,52,158,73,85
050,21,109,"Kentucky","Jackson County",1,53,181,86,95
050,21,109,"Kentucky","Jackson County",1,54,193,94,99
050,21,109,"Kentucky","Jackson County",1,55,190,89,101
050,21,109,"Kentucky","Jackson County",1,56,202,103,99
050,21,109,"Kentucky","Jackson County",1,57,180,92,88
050,21,109,"Kentucky","Jackson County",1,58,169,84,85
050,21,109,"Kentucky","Jackson County",1,59,184,92,92
050,21,109,"Kentucky","Jackson County",1,60,195,91,104
050,21,109,"Kentucky","Jackson County",1,61,187,92,95
050,21,109,"Kentucky","Jackson County",1,62,185,88,97
050,21,109,"Kentucky","Jackson County",1,63,191,91,100
050,21,109,"Kentucky","Jackson County",1,64,186,95,91
050,21,109,"Kentucky","Jackson County",1,65,181,87,94
050,21,109,"Kentucky","Jackson County",1,66,176,87,89
050,21,109,"Kentucky","Jackson County",1,67,166,77,89
050,21,109,"Kentucky","Jackson County",1,68,175,94,81
050,21,109,"Kentucky","Jackson County",1,69,140,72,68
050,21,109,"Kentucky","Jackson County",1,70,117,56,61
050,21,109,"Kentucky","Jackson County",1,71,128,54,74
050,21,109,"Kentucky","Jackson County",1,72,132,65,67
050,21,109,"Kentucky","Jackson County",1,73,136,63,73
050,21,109,"Kentucky","Jackson County",1,74,96,48,48
050,21,109,"Kentucky","Jackson County",1,75,106,51,55
050,21,109,"Kentucky","Jackson County",1,76,89,41,48
050,21,109,"Kentucky","Jackson County",1,77,86,36,50
050,21,109,"Kentucky","Jackson County",1,78,83,36,47
050,21,109,"Kentucky","Jackson County",1,79,66,30,36
050,21,109,"Kentucky","Jackson County",1,80,69,35,34
050,21,109,"Kentucky","Jackson County",1,81,46,23,23
050,21,109,"Kentucky","Jackson County",1,82,47,16,31
050,21,109,"Kentucky","Jackson County",1,83,37,10,27
050,21,109,"Kentucky","Jackson County",1,84,39,17,22
050,21,109,"Kentucky","Jackson County",1,85,171,68,103
050,21,109,"Kentucky","Jackson County",2,0,155,81,74
050,21,109,"Kentucky","Jackson County",2,1,152,82,70
050,21,109,"Kentucky","Jackson County",2,2,158,85,73
050,21,109,"Kentucky","Jackson County",2,3,171,84,87
050,21,109,"Kentucky","Jackson County",2,4,182,91,91
050,21,109,"Kentucky","Jackson County",2,5,176,91,85
050,21,109,"Kentucky","Jackson County",2,6,168,85,83
050,21,109,"Kentucky","Jackson County",2,7,174,89,85
050,21,109,"Kentucky","Jackson County",2,8,159,88,71
050,21,109,"Kentucky","Jackson County",2,9,153,83,70
050,21,109,"Kentucky","Jackson County",2,10,155,87,68
050,21,109,"Kentucky","Jackson County",2,11,157,79,78
050,21,109,"Kentucky","Jackson County",2,12,167,90,77
050,21,109,"Kentucky","Jackson County",2,13,174,93,81
050,21,109,"Kentucky","Jackson County",2,14,174,93,81
050,21,109,"Kentucky","Jackson County",2,15,174,99,75
050,21,109,"Kentucky","Jackson County",2,16,167,97,70
050,21,109,"Kentucky","Jackson County",2,17,153,81,72
050,21,109,"Kentucky","Jackson County",2,18,137,73,64
050,21,109,"Kentucky","Jackson County",2,19,126,66,60
050,21,109,"Kentucky","Jackson County",2,20,129,74,55
050,21,109,"Kentucky","Jackson County",2,21,127,71,56
050,21,109,"Kentucky","Jackson County",2,22,121,65,56
050,21,109,"Kentucky","Jackson County",2,23,141,75,66
050,21,109,"Kentucky","Jackson County",2,24,142,72,70
050,21,109,"Kentucky","Jackson County",2,25,154,77,77
050,21,109,"Kentucky","Jackson County",2,26,155,80,75
050,21,109,"Kentucky","Jackson County",2,27,149,73,76
050,21,109,"Kentucky","Jackson County",2,28,162,76,86
050,21,109,"Kentucky","Jackson County",2,29,154,76,78
050,21,109,"Kentucky","Jackson County",2,30,144,77,67
050,21,109,"Kentucky","Jackson County",2,31,138,65,73
050,21,109,"Kentucky","Jackson County",2,32,134,66,68
050,21,109,"Kentucky","Jackson County",2,33,137,69,68
050,21,109,"Kentucky","Jackson County",2,34,155,79,76
050,21,109,"Kentucky","Jackson County",2,35,141,72,69
050,21,109,"Kentucky","Jackson County",2,36,134,62,72
050,21,109,"Kentucky","Jackson County",2,37,141,71,70
050,21,109,"Kentucky","Jackson County",2,38,162,82,80
050,21,109,"Kentucky","Jackson County",2,39,175,84,91
050,21,109,"Kentucky","Jackson County",2,40,179,89,90
050,21,109,"Kentucky","Jackson County",2,41,175,89,86
050,21,109,"Kentucky","Jackson County",2,42,173,93,80
050,21,109,"Kentucky","Jackson County",2,43,171,88,83
050,21,109,"Kentucky","Jackson County",2,44,164,78,86
050,21,109,"Kentucky","Jackson County",2,45,176,78,98
050,21,109,"Kentucky","Jackson County",2,46,173,84,89
050,21,109,"Kentucky","Jackson County",2,47,182,89,93
050,21,109,"Kentucky","Jackson County",2,48,190,92,98
050,21,109,"Kentucky","Jackson County",2,49,201,106,95
050,21,109,"Kentucky","Jackson County",2,50,185,101,84
050,21,109,"Kentucky","Jackson County",2,51,173,92,81
050,21,109,"Kentucky","Jackson County",2,52,158,77,81
050,21,109,"Kentucky","Jackson County",2,53,176,83,93
050,21,109,"Kentucky","Jackson County",2,54,189,92,97
050,21,109,"Kentucky","Jackson County",2,55,192,90,102
050,21,109,"Kentucky","Jackson County",2,56,202,101,101
050,21,109,"Kentucky","Jackson County",2,57,186,95,91
050,21,109,"Kentucky","Jackson County",2,58,173,87,86
050,21,109,"Kentucky","Jackson County",2,59,180,91,89
050,21,109,"Kentucky","Jackson County",2,60,190,91,99
050,21,109,"Kentucky","Jackson County",2,61,190,92,98
050,21,109,"Kentucky","Jackson County",2,62,184,88,96
050,21,109,"Kentucky","Jackson County",2,63,192,92,100
050,21,109,"Kentucky","Jackson County",2,64,187,94,93
050,21,109,"Kentucky","Jackson County",2,65,179,89,90
050,21,109,"Kentucky","Jackson County",2,66,178,87,91
050,21,109,"Kentucky","Jackson County",2,67,167,79,88
050,21,109,"Kentucky","Jackson County",2,68,172,89,83
050,21,109,"Kentucky","Jackson County",2,69,149,77,72
050,21,109,"Kentucky","Jackson County",2,70,121,60,61
050,21,109,"Kentucky","Jackson County",2,71,124,53,71
050,21,109,"Kentucky","Jackson County",2,72,129,62,67
050,21,109,"Kentucky","Jackson County",2,73,142,67,75
050,21,109,"Kentucky","Jackson County",2,74,99,48,51
050,21,109,"Kentucky","Jackson County",2,75,101,48,53
050,21,109,"Kentucky","Jackson County",2,76,90,42,48
050,21,109,"Kentucky","Jackson County",2,77,89,38,51
050,21,109,"Kentucky","Jackson County",2,78,80,34,46
050,21,109,"Kentucky","Jackson County",2,79,67,30,37
050,21,109,"Kentucky","Jackson County",2,80,66,32,34
050,21,109,"Kentucky","Jackson County",2,81,52,26,26
050,21,109,"Kentucky","Jackson County",2,82,45,17,28
050,21,109,"Kentucky","Jackson County",2,83,40,12,28
050,21,109,"Kentucky","Jackson County",2,84,35,14,21
050,21,109,"Kentucky","Jackson County",2,85,170,67,103
050,21,109,"Kentucky","Jackson County",3,0,137,65,72
050,21,109,"Kentucky","Jackson County",3,1,158,79,79
050,21,109,"Kentucky","Jackson County",3,2,154,84,70
050,21,109,"Kentucky","Jackson County",3,3,168,86,82
050,21,109,"Kentucky","Jackson County",3,4,173,89,84
050,21,109,"Kentucky","Jackson County",3,5,174,91,83
050,21,109,"Kentucky","Jackson County",3,6,176,90,86
050,21,109,"Kentucky","Jackson County",3,7,176,95,81
050,21,109,"Kentucky","Jackson County",3,8,176,90,86
050,21,109,"Kentucky","Jackson County",3,9,163,90,73
050,21,109,"Kentucky","Jackson County",3,10,155,83,72
050,21,109,"Kentucky","Jackson County",3,11,158,88,70
050,21,109,"Kentucky","Jackson County",3,12,159,81,78
050,21,109,"Kentucky","Jackson County",3,13,178,97,81
050,21,109,"Kentucky","Jackson County",3,14,175,97,78
050,21,109,"Kentucky","Jackson County",3,15,167,88,79
050,21,109,"Kentucky","Jackson County",3,16,175,100,75
050,21,109,"Kentucky","Jackson County",3,17,172,100,72
050,21,109,"Kentucky","Jackson County",3,18,125,65,60
050,21,109,"Kentucky","Jackson County",3,19,107,59,48
050,21,109,"Kentucky","Jackson County",3,20,138,77,61
050,21,109,"Kentucky","Jackson County",3,21,135,77,58
050,21,109,"Kentucky","Jackson County",3,22,135,74,61
050,21,109,"Kentucky","Jackson County",3,23,129,72,57
050,21,109,"Kentucky","Jackson County",3,24,148,80,68
050,21,109,"Kentucky","Jackson County",3,25,138,69,69
050,21,109,"Kentucky","Jackson County",3,26,146,72,74
050,21,109,"Kentucky","Jackson County",3,27,148,75,73
050,21,109,"Kentucky","Jackson County",3,28,163,76,87
050,21,109,"Kentucky","Jackson County",3,29,165,73,92
050,21,109,"Kentucky","Jackson County",3,30,163,81,82
050,21,109,"Kentucky","Jackson County",3,31,147,79,68
050,21,109,"Kentucky","Jackson County",3,32,146,71,75
050,21,109,"Kentucky","Jackson County",3,33,135,66,69
050,21,109,"Kentucky","Jackson County",3,34,144,78,66
050,21,109,"Kentucky","Jackson County",3,35,158,83,75
050,21,109,"Kentucky","Jackson County",3,36,150,79,71
050,21,109,"Kentucky","Jackson County",3,37,133,60,73
050,21,109,"Kentucky","Jackson County",3,38,142,69,73
050,21,109,"Kentucky","Jackson County",3,39,166,86,80
050,21,109,"Kentucky","Jackson County",3,40,166,82,84
050,21,109,"Kentucky","Jackson County",3,41,188,90,98
050,21,109,"Kentucky","Jackson County",3,42,173,89,84
050,21,109,"Kentucky","Jackson County",3,43,170,90,80
050,21,109,"Kentucky","Jackson County",3,44,167,85,82
050,21,109,"Kentucky","Jackson County",3,45,164,79,85
050,21,109,"Kentucky","Jackson County",3,46,171,72,99
050,21,109,"Kentucky","Jackson County",3,47,173,83,90
050,21,109,"Kentucky","Jackson County",3,48,182,90,92
050,21,109,"Kentucky","Jackson County",3,49,192,93,99
050,21,109,"Kentucky","Jackson County",3,50,196,100,96
050,21,109,"Kentucky","Jackson County",3,51,191,106,85
050,21,109,"Kentucky","Jackson County",3,52,172,90,82
050,21,109,"Kentucky","Jackson County",3,53,159,77,82
050,21,109,"Kentucky","Jackson County",3,54,174,83,91
050,21,109,"Kentucky","Jackson County",3,55,188,89,99
050,21,109,"Kentucky","Jackson County",3,56,181,85,96
050,21,109,"Kentucky","Jackson County",3,57,195,96,99
050,21,109,"Kentucky","Jackson County",3,58,189,96,93
050,21,109,"Kentucky","Jackson County",3,59,171,84,87
050,21,109,"Kentucky","Jackson County",3,60,176,89,87
050,21,109,"Kentucky","Jackson County",3,61,198,96,102
050,21,109,"Kentucky","Jackson County",3,62,185,91,94
050,21,109,"Kentucky","Jackson County",3,63,187,93,94
050,21,109,"Kentucky","Jackson County",3,64,191,90,101
050,21,109,"Kentucky","Jackson County",3,65,184,92,92
050,21,109,"Kentucky","Jackson County",3,66,168,83,85
050,21,109,"Kentucky","Jackson County",3,67,176,88,88
050,21,109,"Kentucky","Jackson County",3,68,161,74,87
050,21,109,"Kentucky","Jackson County",3,69,171,90,81
050,21,109,"Kentucky","Jackson County",3,70,144,74,70
050,21,109,"Kentucky","Jackson County",3,71,115,55,60
050,21,109,"Kentucky","Jackson County",3,72,115,47,68
050,21,109,"Kentucky","Jackson County",3,73,122,60,62
050,21,109,"Kentucky","Jackson County",3,74,134,60,74
050,21,109,"Kentucky","Jackson County",3,75,98,44,54
050,21,109,"Kentucky","Jackson County",3,76,89,44,45
050,21,109,"Kentucky","Jackson County",3,77,80,37,43
050,21,109,"Kentucky","Jackson County",3,78,85,38,47
050,21,109,"Kentucky","Jackson County",3,79,74,30,44
050,21,109,"Kentucky","Jackson County",3,80,57,25,32
050,21,109,"Kentucky","Jackson County",3,81,60,27,33
050,21,109,"Kentucky","Jackson County",3,82,45,24,21
050,21,109,"Kentucky","Jackson County",3,83,37,14,23
050,21,109,"Kentucky","Jackson County",3,84,37,11,26
050,21,109,"Kentucky","Jackson County",3,85,174,66,108
050,21,109,"Kentucky","Jackson County",4,0,156,77,79
050,21,109,"Kentucky","Jackson County",4,1,143,69,74
050,21,109,"Kentucky","Jackson County",4,2,168,83,85
050,21,109,"Kentucky","Jackson County",4,3,154,82,72
050,21,109,"Kentucky","Jackson County",4,4,169,87,82
050,21,109,"Kentucky","Jackson County",4,5,178,89,89
050,21,109,"Kentucky","Jackson County",4,6,177,95,82
050,21,109,"Kentucky","Jackson County",4,7,175,86,89
050,21,109,"Kentucky","Jackson County",4,8,181,95,86
050,21,109,"Kentucky","Jackson County",4,9,165,86,79
050,21,109,"Kentucky","Jackson County",4,10,164,91,73
050,21,109,"Kentucky","Jackson County",4,11,161,84,77
050,21,109,"Kentucky","Jackson County",4,12,166,93,73
050,21,109,"Kentucky","Jackson County",4,13,158,79,79
050,21,109,"Kentucky","Jackson County",4,14,184,100,84
050,21,109,"Kentucky","Jackson County",4,15,178,96,82
050,21,109,"Kentucky","Jackson County",4,16,170,92,78
050,21,109,"Kentucky","Jackson County",4,17,177,101,76
050,21,109,"Kentucky","Jackson County",4,18,142,81,61
050,21,109,"Kentucky","Jackson County",4,19,93,48,45
050,21,109,"Kentucky","Jackson County",4,20,107,59,48
050,21,109,"Kentucky","Jackson County",4,21,146,76,70
050,21,109,"Kentucky","Jackson County",4,22,143,79,64
050,21,109,"Kentucky","Jackson County",4,23,150,85,65
050,21,109,"Kentucky","Jackson County",4,24,131,73,58
050,21,109,"Kentucky","Jackson County",4,25,150,78,72
050,21,109,"Kentucky","Jackson County",4,26,136,68,68
050,21,109,"Kentucky","Jackson County",4,27,156,78,78
050,21,109,"Kentucky","Jackson County",4,28,145,73,72
050,21,109,"Kentucky","Jackson County",4,29,165,75,90
050,21,109,"Kentucky","Jackson County",4,30,169,74,95
050,21,109,"Kentucky","Jackson County",4,31,164,76,88
050,21,109,"Kentucky","Jackson County",4,32,149,78,71
050,21,109,"Kentucky","Jackson County",4,33,138,68,70
050,21,109,"Kentucky","Jackson County",4,34,136,66,70
050,21,109,"Kentucky","Jackson County",4,35,139,74,65
050,21,109,"Kentucky","Jackson County",4,36,167,87,80
050,21,109,"Kentucky","Jackson County",4,37,145,75,70
050,21,109,"Kentucky","Jackson County",4,38,132,61,71
050,21,109,"Kentucky","Jackson County",4,39,141,70,71
050,21,109,"Kentucky","Jackson County",4,40,173,93,80
050,21,109,"Kentucky","Jackson County",4,41,158,73,85
050,21,109,"Kentucky","Jackson County",4,42,192,93,99
050,21,109,"Kentucky","Jackson County",4,43,178,90,88
050,21,109,"Kentucky","Jackson County",4,44,175,95,80
050,21,109,"Kentucky","Jackson County",4,45,167,85,82
050,21,109,"Kentucky","Jackson County",4,46,161,76,85
050,21,109,"Kentucky","Jackson County",4,47,177,77,100
050,21,109,"Kentucky","Jackson County",4,48,165,79,86
050,21,109,"Kentucky","Jackson County",4,49,185,91,94
050,21,109,"Kentucky","Jackson County",4,50,192,91,101
050,21,109,"Kentucky","Jackson County",4,51,188,99,89
050,21,109,"Kentucky","Jackson County",4,52,186,100,86
050,21,109,"Kentucky","Jackson County",4,53,163,83,80
050,21,109,"Kentucky","Jackson County",4,54,156,73,83
050,21,109,"Kentucky","Jackson County",4,55,173,85,88
050,21,109,"Kentucky","Jackson County",4,56,201,96,105
050,21,109,"Kentucky","Jackson County",4,57,179,85,94
050,21,109,"Kentucky","Jackson County",4,58,196,96,100
050,21,109,"Kentucky","Jackson County",4,59,184,92,92
050,21,109,"Kentucky","Jackson County",4,60,161,80,81
050,21,109,"Kentucky","Jackson County",4,61,181,90,91
050,21,109,"Kentucky","Jackson County",4,62,185,91,94
050,21,109,"Kentucky","Jackson County",4,63,185,90,95
050,21,109,"Kentucky","Jackson County",4,64,182,88,94
050,21,109,"Kentucky","Jackson County",4,65,191,87,104
050,21,109,"Kentucky","Jackson County",4,66,179,89,90
050,21,109,"Kentucky","Jackson County",4,67,168,80,88
050,21,109,"Kentucky","Jackson County",4,68,171,85,86
050,21,109,"Kentucky","Jackson County",4,69,156,73,83
050,21,109,"Kentucky","Jackson County",4,70,159,83,76
050,21,109,"Kentucky","Jackson County",4,71,139,69,70
050,21,109,"Kentucky","Jackson County",4,72,111,53,58
050,21,109,"Kentucky","Jackson County",4,73,107,42,65
050,21,109,"Kentucky","Jackson County",4,74,118,60,58
050,21,109,"Kentucky","Jackson County",4,75,135,59,76
050,21,109,"Kentucky","Jackson County",4,76,87,39,48
050,21,109,"Kentucky","Jackson County",4,77,80,40,40
050,21,109,"Kentucky","Jackson County",4,78,79,38,41
050,21,109,"Kentucky","Jackson County",4,79,74,33,41
050,21,109,"Kentucky","Jackson County",4,80,69,27,42
050,21,109,"Kentucky","Jackson County",4,81,55,22,33
050,21,109,"Kentucky","Jackson County",4,82,54,25,29
050,21,109,"Kentucky","Jackson County",4,83,40,20,20
050,21,109,"Kentucky","Jackson County",4,84,34,13,21
050,21,109,"Kentucky","Jackson County",4,85,172,60,112
050,21,109,"Kentucky","Jackson County",5,0,161,82,79
050,21,109,"Kentucky","Jackson County",5,1,162,89,73
050,21,109,"Kentucky","Jackson County",5,2,155,80,75
050,21,109,"Kentucky","Jackson County",5,3,167,83,84
050,21,109,"Kentucky","Jackson County",5,4,161,78,83
050,21,109,"Kentucky","Jackson County",5,5,167,86,81
050,21,109,"Kentucky","Jackson County",5,6,187,95,92
050,21,109,"Kentucky","Jackson County",5,7,177,95,82
050,21,109,"Kentucky","Jackson County",5,8,173,89,84
050,21,109,"Kentucky","Jackson County",5,9,184,100,84
050,21,109,"Kentucky","Jackson County",5,10,176,96,80
050,21,109,"Kentucky","Jackson County",5,11,161,91,70
050,21,109,"Kentucky","Jackson County",5,12,163,86,77
050,21,109,"Kentucky","Jackson County",5,13,162,88,74
050,21,109,"Kentucky","Jackson County",5,14,156,80,76
050,21,109,"Kentucky","Jackson County",5,15,179,101,78
050,21,109,"Kentucky","Jackson County",5,16,183,99,84
050,21,109,"Kentucky","Jackson County",5,17,181,99,82
050,21,109,"Kentucky","Jackson County",5,18,145,86,59
050,21,109,"Kentucky","Jackson County",5,19,110,60,50
050,21,109,"Kentucky","Jackson County",5,20,101,51,50
050,21,109,"Kentucky","Jackson County",5,21,117,65,52
050,21,109,"Kentucky","Jackson County",5,22,152,75,77
050,21,109,"Kentucky","Jackson County",5,23,156,82,74
050,21,109,"Kentucky","Jackson County",5,24,155,85,70
050,21,109,"Kentucky","Jackson County",5,25,144,80,64
050,21,109,"Kentucky","Jackson County",5,26,148,79,69
050,21,109,"Kentucky","Jackson County",5,27,148,76,72
050,21,109,"Kentucky","Jackson County",5,28,161,83,78
050,21,109,"Kentucky","Jackson County",5,29,148,74,74
050,21,109,"Kentucky","Jackson County",5,30,161,75,86
050,21,109,"Kentucky","Jackson County",5,31,170,74,96
050,21,109,"Kentucky","Jackson County",5,32,165,76,89
050,21,109,"Kentucky","Jackson County",5,33,154,81,73
050,21,109,"Kentucky","Jackson County",5,34,148,69,79
050,21,109,"Kentucky","Jackson County",5,35,140,69,71
050,21,109,"Kentucky","Jackson County",5,36,145,80,65
050,21,109,"Kentucky","Jackson County",5,37,164,85,79
050,21,109,"Kentucky","Jackson County",5,38,154,78,76
050,21,109,"Kentucky","Jackson County",5,39,139,67,72
050,21,109,"Kentucky","Jackson County",5,40,146,74,72
050,21,109,"Kentucky","Jackson County",5,41,168,91,77
050,21,109,"Kentucky","Jackson County",5,42,159,75,84
050,21,109,"Kentucky","Jackson County",5,43,189,94,95
050,21,109,"Kentucky","Jackson County",5,44,183,93,90
050,21,109,"Kentucky","Jackson County",5,45,173,91,82
050,21,109,"Kentucky","Jackson County",5,46,163,84,79
050,21,109,"Kentucky","Jackson County",5,47,168,83,85
050,21,109,"Kentucky","Jackson County",5,48,173,73,100
050,21,109,"Kentucky","Jackson County",5,49,160,76,84
050,21,109,"Kentucky","Jackson County",5,50,181,86,95
050,21,109,"Kentucky","Jackson County",5,51,191,93,98
050,21,109,"Kentucky","Jackson County",5,52,192,103,89
050,21,109,"Kentucky","Jackson County",5,53,195,101,94
050,21,109,"Kentucky","Jackson County",5,54,164,81,83
050,21,109,"Kentucky","Jackson County",5,55,156,73,83
050,21,109,"Kentucky","Jackson County",5,56,178,88,90
050,21,109,"Kentucky","Jackson County",5,57,200,92,108
050,21,109,"Kentucky","Jackson County",5,58,173,81,92
050,21,109,"Kentucky","Jackson County",5,59,192,94,98
050,21,109,"Kentucky","Jackson County",5,60,178,91,87
050,21,109,"Kentucky","Jackson County",5,61,164,80,84
050,21,109,"Kentucky","Jackson County",5,62,173,90,83
050,21,109,"Kentucky","Jackson County",5,63,182,87,95
050,21,109,"Kentucky","Jackson County",5,64,182,86,96
050,21,109,"Kentucky","Jackson County",5,65,178,84,94
050,21,109,"Kentucky","Jackson County",5,66,181,83,98
050,21,109,"Kentucky","Jackson County",5,67,177,86,91
050,21,109,"Kentucky","Jackson County",5,68,166,78,88
050,21,109,"Kentucky","Jackson County",5,69,165,82,83
050,21,109,"Kentucky","Jackson County",5,70,146,67,79
050,21,109,"Kentucky","Jackson County",5,71,157,81,76
050,21,109,"Kentucky","Jackson County",5,72,131,64,67
050,21,109,"Kentucky","Jackson County",5,73,105,49,56
050,21,109,"Kentucky","Jackson County",5,74,103,42,61
050,21,109,"Kentucky","Jackson County",5,75,120,58,62
050,21,109,"Kentucky","Jackson County",5,76,127,56,71
050,21,109,"Kentucky","Jackson County",5,77,81,36,45
050,21,109,"Kentucky","Jackson County",5,78,81,41,40
050,21,109,"Kentucky","Jackson County",5,79,71,33,38
050,21,109,"Kentucky","Jackson County",5,80,71,31,40
050,21,109,"Kentucky","Jackson County",5,81,69,25,44
050,21,109,"Kentucky","Jackson County",5,82,51,20,31
050,21,109,"Kentucky","Jackson County",5,83,49,20,29
050,21,109,"Kentucky","Jackson County",5,84,37,19,18
050,21,109,"Kentucky","Jackson County",5,85,175,57,118
050,21,111,"Kentucky","Jefferson County",1,0,9681,4954,4727
050,21,111,"Kentucky","Jefferson County",1,1,9678,4964,4714
050,21,111,"Kentucky","Jefferson County",1,2,9795,5001,4794
050,21,111,"Kentucky","Jefferson County",1,3,9755,4974,4781
050,21,111,"Kentucky","Jefferson County",1,4,9792,5014,4778
050,21,111,"Kentucky","Jefferson County",1,5,9743,5055,4688
050,21,111,"Kentucky","Jefferson County",1,6,9621,4917,4704
050,21,111,"Kentucky","Jefferson County",1,7,9493,4836,4657
050,21,111,"Kentucky","Jefferson County",1,8,9439,4804,4635
050,21,111,"Kentucky","Jefferson County",1,9,9505,4952,4553
050,21,111,"Kentucky","Jefferson County",1,10,9640,4971,4669
050,21,111,"Kentucky","Jefferson County",1,11,9900,5053,4847
050,21,111,"Kentucky","Jefferson County",1,12,10224,5304,4920
050,21,111,"Kentucky","Jefferson County",1,13,10129,5262,4867
050,21,111,"Kentucky","Jefferson County",1,14,9753,5031,4722
050,21,111,"Kentucky","Jefferson County",1,15,9700,4910,4790
050,21,111,"Kentucky","Jefferson County",1,16,9735,4888,4847
050,21,111,"Kentucky","Jefferson County",1,17,9601,4846,4755
050,21,111,"Kentucky","Jefferson County",1,18,9177,4652,4525
050,21,111,"Kentucky","Jefferson County",1,19,9035,4640,4395
050,21,111,"Kentucky","Jefferson County",1,20,9027,4632,4395
050,21,111,"Kentucky","Jefferson County",1,21,8915,4478,4437
050,21,111,"Kentucky","Jefferson County",1,22,9319,4622,4697
050,21,111,"Kentucky","Jefferson County",1,23,9999,4925,5074
050,21,111,"Kentucky","Jefferson County",1,24,10525,5252,5273
050,21,111,"Kentucky","Jefferson County",1,25,10925,5462,5463
050,21,111,"Kentucky","Jefferson County",1,26,11320,5733,5587
050,21,111,"Kentucky","Jefferson County",1,27,11745,5936,5809
050,21,111,"Kentucky","Jefferson County",1,28,12105,5915,6190
050,21,111,"Kentucky","Jefferson County",1,29,12385,6058,6327
050,21,111,"Kentucky","Jefferson County",1,30,12327,5970,6357
050,21,111,"Kentucky","Jefferson County",1,31,11718,5694,6024
050,21,111,"Kentucky","Jefferson County",1,32,11139,5530,5609
050,21,111,"Kentucky","Jefferson County",1,33,10856,5509,5347
050,21,111,"Kentucky","Jefferson County",1,34,10650,5414,5236
050,21,111,"Kentucky","Jefferson County",1,35,10639,5333,5306
050,21,111,"Kentucky","Jefferson County",1,36,10493,5229,5264
050,21,111,"Kentucky","Jefferson County",1,37,10607,5294,5313
050,21,111,"Kentucky","Jefferson County",1,38,10421,5177,5244
050,21,111,"Kentucky","Jefferson County",1,39,10375,5104,5271
050,21,111,"Kentucky","Jefferson County",1,40,10324,5154,5170
050,21,111,"Kentucky","Jefferson County",1,41,9909,4948,4961
050,21,111,"Kentucky","Jefferson County",1,42,9544,4707,4837
050,21,111,"Kentucky","Jefferson County",1,43,9294,4554,4740
050,21,111,"Kentucky","Jefferson County",1,44,9028,4495,4533
050,21,111,"Kentucky","Jefferson County",1,45,8950,4401,4549
050,21,111,"Kentucky","Jefferson County",1,46,8920,4349,4571
050,21,111,"Kentucky","Jefferson County",1,47,9218,4501,4717
050,21,111,"Kentucky","Jefferson County",1,48,9831,4759,5072
050,21,111,"Kentucky","Jefferson County",1,49,10290,4995,5295
050,21,111,"Kentucky","Jefferson County",1,50,9601,4716,4885
050,21,111,"Kentucky","Jefferson County",1,51,9193,4473,4720
050,21,111,"Kentucky","Jefferson County",1,52,9112,4446,4666
050,21,111,"Kentucky","Jefferson County",1,53,9245,4554,4691
050,21,111,"Kentucky","Jefferson County",1,54,9318,4621,4697
050,21,111,"Kentucky","Jefferson County",1,55,10290,5022,5268
050,21,111,"Kentucky","Jefferson County",1,56,10597,5099,5498
050,21,111,"Kentucky","Jefferson County",1,57,10563,5055,5508
050,21,111,"Kentucky","Jefferson County",1,58,10828,5197,5631
050,21,111,"Kentucky","Jefferson County",1,59,10724,5186,5538
050,21,111,"Kentucky","Jefferson County",1,60,10543,5021,5522
050,21,111,"Kentucky","Jefferson County",1,61,10609,5056,5553
050,21,111,"Kentucky","Jefferson County",1,62,10579,5022,5557
050,21,111,"Kentucky","Jefferson County",1,63,10041,4768,5273
050,21,111,"Kentucky","Jefferson County",1,64,9738,4549,5189
050,21,111,"Kentucky","Jefferson County",1,65,9475,4426,5049
050,21,111,"Kentucky","Jefferson County",1,66,9174,4260,4914
050,21,111,"Kentucky","Jefferson County",1,67,8734,3978,4756
050,21,111,"Kentucky","Jefferson County",1,68,8638,3991,4647
050,21,111,"Kentucky","Jefferson County",1,69,7934,3656,4278
050,21,111,"Kentucky","Jefferson County",1,70,7660,3521,4139
050,21,111,"Kentucky","Jefferson County",1,71,7407,3369,4038
050,21,111,"Kentucky","Jefferson County",1,72,7308,3357,3951
050,21,111,"Kentucky","Jefferson County",1,73,7205,3312,3893
050,21,111,"Kentucky","Jefferson County",1,74,4734,2124,2610
050,21,111,"Kentucky","Jefferson County",1,75,4603,2041,2562
050,21,111,"Kentucky","Jefferson County",1,76,4671,2042,2629
050,21,111,"Kentucky","Jefferson County",1,77,4579,1961,2618
050,21,111,"Kentucky","Jefferson County",1,78,3908,1633,2275
050,21,111,"Kentucky","Jefferson County",1,79,3487,1437,2050
050,21,111,"Kentucky","Jefferson County",1,80,3231,1321,1910
050,21,111,"Kentucky","Jefferson County",1,81,3163,1288,1875
050,21,111,"Kentucky","Jefferson County",1,82,2814,1134,1680
050,21,111,"Kentucky","Jefferson County",1,83,2431,959,1472
050,21,111,"Kentucky","Jefferson County",1,84,2297,888,1409
050,21,111,"Kentucky","Jefferson County",1,85,14336,4737,9599
050,21,111,"Kentucky","Jefferson County",2,0,9578,4903,4675
050,21,111,"Kentucky","Jefferson County",2,1,9656,4947,4709
050,21,111,"Kentucky","Jefferson County",2,2,9770,4983,4787
050,21,111,"Kentucky","Jefferson County",2,3,9707,4951,4756
050,21,111,"Kentucky","Jefferson County",2,4,9787,5006,4781
050,21,111,"Kentucky","Jefferson County",2,5,9735,5032,4703
050,21,111,"Kentucky","Jefferson County",2,6,9655,4955,4700
050,21,111,"Kentucky","Jefferson County",2,7,9494,4842,4652
050,21,111,"Kentucky","Jefferson County",2,8,9412,4800,4612
050,21,111,"Kentucky","Jefferson County",2,9,9471,4905,4566
050,21,111,"Kentucky","Jefferson County",2,10,9592,4955,4637
050,21,111,"Kentucky","Jefferson County",2,11,9795,5019,4776
050,21,111,"Kentucky","Jefferson County",2,12,10168,5251,4917
050,21,111,"Kentucky","Jefferson County",2,13,10126,5260,4866
050,21,111,"Kentucky","Jefferson County",2,14,9821,5075,4746
050,21,111,"Kentucky","Jefferson County",2,15,9716,4938,4778
050,21,111,"Kentucky","Jefferson County",2,16,9727,4891,4836
050,21,111,"Kentucky","Jefferson County",2,17,9646,4856,4790
050,21,111,"Kentucky","Jefferson County",2,18,9157,4635,4522
050,21,111,"Kentucky","Jefferson County",2,19,9067,4643,4424
050,21,111,"Kentucky","Jefferson County",2,20,9132,4688,4444
050,21,111,"Kentucky","Jefferson County",2,21,8931,4494,4437
050,21,111,"Kentucky","Jefferson County",2,22,9391,4658,4733
050,21,111,"Kentucky","Jefferson County",2,23,10005,4922,5083
050,21,111,"Kentucky","Jefferson County",2,24,10480,5226,5254
050,21,111,"Kentucky","Jefferson County",2,25,10882,5444,5438
050,21,111,"Kentucky","Jefferson County",2,26,11291,5706,5585
050,21,111,"Kentucky","Jefferson County",2,27,11621,5891,5730
050,21,111,"Kentucky","Jefferson County",2,28,11998,5916,6082
050,21,111,"Kentucky","Jefferson County",2,29,12307,6019,6288
050,21,111,"Kentucky","Jefferson County",2,30,12383,6018,6365
050,21,111,"Kentucky","Jefferson County",2,31,11815,5742,6073
050,21,111,"Kentucky","Jefferson County",2,32,11260,5562,5698
050,21,111,"Kentucky","Jefferson County",2,33,10883,5489,5394
050,21,111,"Kentucky","Jefferson County",2,34,10681,5429,5252
050,21,111,"Kentucky","Jefferson County",2,35,10669,5374,5295
050,21,111,"Kentucky","Jefferson County",2,36,10462,5224,5238
050,21,111,"Kentucky","Jefferson County",2,37,10572,5272,5300
050,21,111,"Kentucky","Jefferson County",2,38,10470,5206,5264
050,21,111,"Kentucky","Jefferson County",2,39,10331,5084,5247
050,21,111,"Kentucky","Jefferson County",2,40,10385,5161,5224
050,21,111,"Kentucky","Jefferson County",2,41,9965,4974,4991
050,21,111,"Kentucky","Jefferson County",2,42,9551,4724,4827
050,21,111,"Kentucky","Jefferson County",2,43,9392,4605,4787
050,21,111,"Kentucky","Jefferson County",2,44,8992,4463,4529
050,21,111,"Kentucky","Jefferson County",2,45,8986,4430,4556
050,21,111,"Kentucky","Jefferson County",2,46,8877,4338,4539
050,21,111,"Kentucky","Jefferson County",2,47,9111,4455,4656
050,21,111,"Kentucky","Jefferson County",2,48,9661,4681,4980
050,21,111,"Kentucky","Jefferson County",2,49,10203,4949,5254
050,21,111,"Kentucky","Jefferson County",2,50,9747,4777,4970
050,21,111,"Kentucky","Jefferson County",2,51,9234,4500,4734
050,21,111,"Kentucky","Jefferson County",2,52,9096,4438,4658
050,21,111,"Kentucky","Jefferson County",2,53,9189,4508,4681
050,21,111,"Kentucky","Jefferson County",2,54,9261,4582,4679
050,21,111,"Kentucky","Jefferson County",2,55,10009,4898,5111
050,21,111,"Kentucky","Jefferson County",2,56,10509,5074,5435
050,21,111,"Kentucky","Jefferson County",2,57,10545,5052,5493
050,21,111,"Kentucky","Jefferson County",2,58,10701,5124,5577
050,21,111,"Kentucky","Jefferson County",2,59,10753,5189,5564
050,21,111,"Kentucky","Jefferson County",2,60,10520,5027,5493
050,21,111,"Kentucky","Jefferson County",2,61,10531,5007,5524
050,21,111,"Kentucky","Jefferson County",2,62,10513,4988,5525
050,21,111,"Kentucky","Jefferson County",2,63,10204,4839,5365
050,21,111,"Kentucky","Jefferson County",2,64,9713,4553,5160
050,21,111,"Kentucky","Jefferson County",2,65,9475,4415,5060
050,21,111,"Kentucky","Jefferson County",2,66,9227,4286,4941
050,21,111,"Kentucky","Jefferson County",2,67,8772,4013,4759
050,21,111,"Kentucky","Jefferson County",2,68,8560,3942,4618
050,21,111,"Kentucky","Jefferson County",2,69,8107,3739,4368
050,21,111,"Kentucky","Jefferson County",2,70,7658,3520,4138
050,21,111,"Kentucky","Jefferson County",2,71,7415,3378,4037
050,21,111,"Kentucky","Jefferson County",2,72,7186,3290,3896
050,21,111,"Kentucky","Jefferson County",2,73,7525,3460,4065
050,21,111,"Kentucky","Jefferson County",2,74,4997,2248,2749
050,21,111,"Kentucky","Jefferson County",2,75,4612,2050,2562
050,21,111,"Kentucky","Jefferson County",2,76,4571,1997,2574
050,21,111,"Kentucky","Jefferson County",2,77,4653,2006,2647
050,21,111,"Kentucky","Jefferson County",2,78,3955,1651,2304
050,21,111,"Kentucky","Jefferson County",2,79,3535,1463,2072
050,21,111,"Kentucky","Jefferson County",2,80,3266,1345,1921
050,21,111,"Kentucky","Jefferson County",2,81,3113,1265,1848
050,21,111,"Kentucky","Jefferson County",2,82,2854,1153,1701
050,21,111,"Kentucky","Jefferson County",2,83,2471,985,1486
050,21,111,"Kentucky","Jefferson County",2,84,2284,888,1396
050,21,111,"Kentucky","Jefferson County",2,85,14317,4742,9575
050,21,111,"Kentucky","Jefferson County",3,0,9192,4634,4558
050,21,111,"Kentucky","Jefferson County",3,1,9344,4755,4589
050,21,111,"Kentucky","Jefferson County",3,2,9540,4872,4668
050,21,111,"Kentucky","Jefferson County",3,3,9588,4888,4700
050,21,111,"Kentucky","Jefferson County",3,4,9648,4917,4731
050,21,111,"Kentucky","Jefferson County",3,5,9648,4953,4695
050,21,111,"Kentucky","Jefferson County",3,6,9606,4940,4666
050,21,111,"Kentucky","Jefferson County",3,7,9511,4886,4625
050,21,111,"Kentucky","Jefferson County",3,8,9391,4802,4589
050,21,111,"Kentucky","Jefferson County",3,9,9356,4781,4575
050,21,111,"Kentucky","Jefferson County",3,10,9451,4891,4560
050,21,111,"Kentucky","Jefferson County",3,11,9549,4969,4580
050,21,111,"Kentucky","Jefferson County",3,12,9764,4973,4791
050,21,111,"Kentucky","Jefferson County",3,13,10112,5198,4914
050,21,111,"Kentucky","Jefferson County",3,14,10122,5221,4901
050,21,111,"Kentucky","Jefferson County",3,15,9826,5064,4762
050,21,111,"Kentucky","Jefferson County",3,16,9731,4944,4787
050,21,111,"Kentucky","Jefferson County",3,17,9718,4851,4867
050,21,111,"Kentucky","Jefferson County",3,18,8880,4517,4363
050,21,111,"Kentucky","Jefferson County",3,19,8352,4269,4083
050,21,111,"Kentucky","Jefferson County",3,20,8746,4492,4254
050,21,111,"Kentucky","Jefferson County",3,21,8952,4503,4449
050,21,111,"Kentucky","Jefferson County",3,22,9238,4568,4670
050,21,111,"Kentucky","Jefferson County",3,23,10027,4884,5143
050,21,111,"Kentucky","Jefferson County",3,24,10530,5238,5292
050,21,111,"Kentucky","Jefferson County",3,25,10757,5320,5437
050,21,111,"Kentucky","Jefferson County",3,26,10940,5452,5488
050,21,111,"Kentucky","Jefferson County",3,27,11251,5698,5553
050,21,111,"Kentucky","Jefferson County",3,28,11423,5749,5674
050,21,111,"Kentucky","Jefferson County",3,29,11775,5801,5974
050,21,111,"Kentucky","Jefferson County",3,30,12056,5862,6194
050,21,111,"Kentucky","Jefferson County",3,31,12141,5908,6233
050,21,111,"Kentucky","Jefferson County",3,32,11600,5656,5944
050,21,111,"Kentucky","Jefferson County",3,33,11142,5536,5606
050,21,111,"Kentucky","Jefferson County",3,34,10761,5444,5317
050,21,111,"Kentucky","Jefferson County",3,35,10563,5354,5209
050,21,111,"Kentucky","Jefferson County",3,36,10526,5281,5245
050,21,111,"Kentucky","Jefferson County",3,37,10268,5096,5172
050,21,111,"Kentucky","Jefferson County",3,38,10452,5212,5240
050,21,111,"Kentucky","Jefferson County",3,39,10353,5122,5231
050,21,111,"Kentucky","Jefferson County",3,40,10156,4970,5186
050,21,111,"Kentucky","Jefferson County",3,41,10294,5097,5197
050,21,111,"Kentucky","Jefferson County",3,42,9843,4903,4940
050,21,111,"Kentucky","Jefferson County",3,43,9468,4695,4773
050,21,111,"Kentucky","Jefferson County",3,44,9334,4576,4758
050,21,111,"Kentucky","Jefferson County",3,45,8916,4395,4521
050,21,111,"Kentucky","Jefferson County",3,46,8960,4425,4535
050,21,111,"Kentucky","Jefferson County",3,47,8738,4275,4463
050,21,111,"Kentucky","Jefferson County",3,48,8977,4324,4653
050,21,111,"Kentucky","Jefferson County",3,49,9550,4637,4913
050,21,111,"Kentucky","Jefferson County",3,50,10049,4879,5170
050,21,111,"Kentucky","Jefferson County",3,51,9582,4677,4905
050,21,111,"Kentucky","Jefferson County",3,52,9098,4433,4665
050,21,111,"Kentucky","Jefferson County",3,53,9021,4416,4605
050,21,111,"Kentucky","Jefferson County",3,54,9079,4475,4604
050,21,111,"Kentucky","Jefferson County",3,55,9095,4490,4605
050,21,111,"Kentucky","Jefferson County",3,56,9804,4823,4981
050,21,111,"Kentucky","Jefferson County",3,57,10334,4965,5369
050,21,111,"Kentucky","Jefferson County",3,58,10320,4881,5439
050,21,111,"Kentucky","Jefferson County",3,59,10516,5006,5510
050,21,111,"Kentucky","Jefferson County",3,60,10520,5062,5458
050,21,111,"Kentucky","Jefferson County",3,61,10302,4926,5376
050,21,111,"Kentucky","Jefferson County",3,62,10284,4839,5445
050,21,111,"Kentucky","Jefferson County",3,63,10193,4836,5357
050,21,111,"Kentucky","Jefferson County",3,64,9953,4711,5242
050,21,111,"Kentucky","Jefferson County",3,65,9484,4413,5071
050,21,111,"Kentucky","Jefferson County",3,66,9216,4291,4925
050,21,111,"Kentucky","Jefferson County",3,67,8970,4141,4829
050,21,111,"Kentucky","Jefferson County",3,68,8533,3881,4652
050,21,111,"Kentucky","Jefferson County",3,69,8308,3797,4511
050,21,111,"Kentucky","Jefferson County",3,70,7882,3608,4274
050,21,111,"Kentucky","Jefferson County",3,71,7424,3393,4031
050,21,111,"Kentucky","Jefferson County",3,72,7162,3241,3921
050,21,111,"Kentucky","Jefferson County",3,73,6921,3137,3784
050,21,111,"Kentucky","Jefferson County",3,74,7270,3302,3968
050,21,111,"Kentucky","Jefferson County",3,75,4780,2119,2661
050,21,111,"Kentucky","Jefferson County",3,76,4444,1951,2493
050,21,111,"Kentucky","Jefferson County",3,77,4384,1898,2486
050,21,111,"Kentucky","Jefferson County",3,78,4443,1893,2550
050,21,111,"Kentucky","Jefferson County",3,79,3733,1551,2182
050,21,111,"Kentucky","Jefferson County",3,80,3361,1387,1974
050,21,111,"Kentucky","Jefferson County",3,81,3055,1235,1820
050,21,111,"Kentucky","Jefferson County",3,82,2835,1143,1692
050,21,111,"Kentucky","Jefferson County",3,83,2608,1048,1560
050,21,111,"Kentucky","Jefferson County",3,84,2276,899,1377
050,21,111,"Kentucky","Jefferson County",3,85,13946,4621,9325
050,21,111,"Kentucky","Jefferson County",4,0,9393,4740,4653
050,21,111,"Kentucky","Jefferson County",4,1,9062,4571,4491
050,21,111,"Kentucky","Jefferson County",4,2,9267,4765,4502
050,21,111,"Kentucky","Jefferson County",4,3,9436,4843,4593
050,21,111,"Kentucky","Jefferson County",4,4,9588,4913,4675
050,21,111,"Kentucky","Jefferson County",4,5,9544,4859,4685
050,21,111,"Kentucky","Jefferson County",4,6,9607,4914,4693
050,21,111,"Kentucky","Jefferson County",4,7,9441,4877,4564
050,21,111,"Kentucky","Jefferson County",4,8,9452,4856,4596
050,21,111,"Kentucky","Jefferson County",4,9,9263,4724,4539
050,21,111,"Kentucky","Jefferson County",4,10,9217,4746,4471
050,21,111,"Kentucky","Jefferson County",4,11,9383,4860,4523
050,21,111,"Kentucky","Jefferson County",4,12,9513,4921,4592
050,21,111,"Kentucky","Jefferson County",4,13,9676,4909,4767
050,21,111,"Kentucky","Jefferson County",4,14,10106,5187,4919
050,21,111,"Kentucky","Jefferson County",4,15,10092,5190,4902
050,21,111,"Kentucky","Jefferson County",4,16,9856,5049,4807
050,21,111,"Kentucky","Jefferson County",4,17,9687,4915,4772
050,21,111,"Kentucky","Jefferson County",4,18,8799,4453,4346
050,21,111,"Kentucky","Jefferson County",4,19,8063,4081,3982
050,21,111,"Kentucky","Jefferson County",4,20,8355,4256,4099
050,21,111,"Kentucky","Jefferson County",4,21,8718,4393,4325
050,21,111,"Kentucky","Jefferson County",4,22,9443,4670,4773
050,21,111,"Kentucky","Jefferson County",4,23,9986,4907,5079
050,21,111,"Kentucky","Jefferson County",4,24,10566,5182,5384
050,21,111,"Kentucky","Jefferson County",4,25,10726,5369,5357
050,21,111,"Kentucky","Jefferson County",4,26,10816,5390,5426
050,21,111,"Kentucky","Jefferson County",4,27,11018,5495,5523
050,21,111,"Kentucky","Jefferson County",4,28,11180,5619,5561
050,21,111,"Kentucky","Jefferson County",4,29,11301,5693,5608
050,21,111,"Kentucky","Jefferson County",4,30,11712,5780,5932
050,21,111,"Kentucky","Jefferson County",4,31,11795,5805,5990
050,21,111,"Kentucky","Jefferson County",4,32,11949,5840,6109
050,21,111,"Kentucky","Jefferson County",4,33,11503,5583,5920
050,21,111,"Kentucky","Jefferson County",4,34,10952,5409,5543
050,21,111,"Kentucky","Jefferson County",4,35,10581,5304,5277
050,21,111,"Kentucky","Jefferson County",4,36,10412,5262,5150
050,21,111,"Kentucky","Jefferson County",4,37,10402,5192,5210
050,21,111,"Kentucky","Jefferson County",4,38,10098,4994,5104
050,21,111,"Kentucky","Jefferson County",4,39,10365,5149,5216
050,21,111,"Kentucky","Jefferson County",4,40,10175,5063,5112
050,21,111,"Kentucky","Jefferson County",4,41,9990,4839,5151
050,21,111,"Kentucky","Jefferson County",4,42,10228,5075,5153
050,21,111,"Kentucky","Jefferson County",4,43,9708,4851,4857
050,21,111,"Kentucky","Jefferson County",4,44,9427,4673,4754
050,21,111,"Kentucky","Jefferson County",4,45,9234,4517,4717
050,21,111,"Kentucky","Jefferson County",4,46,8827,4338,4489
050,21,111,"Kentucky","Jefferson County",4,47,8792,4327,4465
050,21,111,"Kentucky","Jefferson County",4,48,8719,4254,4465
050,21,111,"Kentucky","Jefferson County",4,49,8949,4328,4621
050,21,111,"Kentucky","Jefferson County",4,50,9450,4575,4875
050,21,111,"Kentucky","Jefferson County",4,51,9877,4787,5090
050,21,111,"Kentucky","Jefferson County",4,52,9453,4598,4855
050,21,111,"Kentucky","Jefferson County",4,53,9037,4419,4618
050,21,111,"Kentucky","Jefferson County",4,54,8855,4325,4530
050,21,111,"Kentucky","Jefferson County",4,55,8897,4398,4499
050,21,111,"Kentucky","Jefferson County",4,56,8919,4362,4557
050,21,111,"Kentucky","Jefferson County",4,57,9626,4693,4933
050,21,111,"Kentucky","Jefferson County",4,58,10140,4832,5308
050,21,111,"Kentucky","Jefferson County",4,59,10112,4774,5338
050,21,111,"Kentucky","Jefferson County",4,60,10300,4907,5393
050,21,111,"Kentucky","Jefferson County",4,61,10257,4933,5324
050,21,111,"Kentucky","Jefferson County",4,62,10068,4757,5311
050,21,111,"Kentucky","Jefferson County",4,63,10000,4689,5311
050,21,111,"Kentucky","Jefferson County",4,64,9931,4678,5253
050,21,111,"Kentucky","Jefferson County",4,65,9713,4579,5134
050,21,111,"Kentucky","Jefferson County",4,66,9277,4319,4958
050,21,111,"Kentucky","Jefferson County",4,67,8958,4118,4840
050,21,111,"Kentucky","Jefferson County",4,68,8762,4023,4739
050,21,111,"Kentucky","Jefferson County",4,69,8332,3781,4551
050,21,111,"Kentucky","Jefferson County",4,70,8051,3655,4396
050,21,111,"Kentucky","Jefferson County",4,71,7595,3456,4139
050,21,111,"Kentucky","Jefferson County",4,72,7202,3249,3953
050,21,111,"Kentucky","Jefferson County",4,73,6937,3097,3840
050,21,111,"Kentucky","Jefferson County",4,74,6672,2988,3684
050,21,111,"Kentucky","Jefferson County",4,75,6988,3136,3852
050,21,111,"Kentucky","Jefferson County",4,76,4599,2001,2598
050,21,111,"Kentucky","Jefferson County",4,77,4255,1869,2386
050,21,111,"Kentucky","Jefferson County",4,78,4176,1775,2401
050,21,111,"Kentucky","Jefferson County",4,79,4217,1790,2427
050,21,111,"Kentucky","Jefferson County",4,80,3519,1463,2056
050,21,111,"Kentucky","Jefferson County",4,81,3157,1297,1860
050,21,111,"Kentucky","Jefferson County",4,82,2780,1109,1671
050,21,111,"Kentucky","Jefferson County",4,83,2583,1034,1549
050,21,111,"Kentucky","Jefferson County",4,84,2410,964,1446
050,21,111,"Kentucky","Jefferson County",4,85,13618,4540,9078
050,21,111,"Kentucky","Jefferson County",5,0,9562,4821,4741
050,21,111,"Kentucky","Jefferson County",5,1,9315,4694,4621
050,21,111,"Kentucky","Jefferson County",5,2,9048,4584,4464
050,21,111,"Kentucky","Jefferson County",5,3,9261,4795,4466
050,21,111,"Kentucky","Jefferson County",5,4,9449,4838,4611
050,21,111,"Kentucky","Jefferson County",5,5,9496,4873,4623
050,21,111,"Kentucky","Jefferson County",5,6,9518,4813,4705
050,21,111,"Kentucky","Jefferson County",5,7,9568,4904,4664
050,21,111,"Kentucky","Jefferson County",5,8,9436,4863,4573
050,21,111,"Kentucky","Jefferson County",5,9,9410,4836,4574
050,21,111,"Kentucky","Jefferson County",5,10,9246,4715,4531
050,21,111,"Kentucky","Jefferson County",5,11,9224,4733,4491
050,21,111,"Kentucky","Jefferson County",5,12,9338,4869,4469
050,21,111,"Kentucky","Jefferson County",5,13,9428,4898,4530
050,21,111,"Kentucky","Jefferson County",5,14,9645,4882,4763
050,21,111,"Kentucky","Jefferson County",5,15,10075,5137,4938
050,21,111,"Kentucky","Jefferson County",5,16,10041,5118,4923
050,21,111,"Kentucky","Jefferson County",5,17,9794,5000,4794
050,21,111,"Kentucky","Jefferson County",5,18,8692,4454,4238
050,21,111,"Kentucky","Jefferson County",5,19,8077,4077,4000
050,21,111,"Kentucky","Jefferson County",5,20,8368,4215,4153
050,21,111,"Kentucky","Jefferson County",5,21,8624,4317,4307
050,21,111,"Kentucky","Jefferson County",5,22,9232,4622,4610
050,21,111,"Kentucky","Jefferson County",5,23,10013,4917,5096
050,21,111,"Kentucky","Jefferson County",5,24,10453,5196,5257
050,21,111,"Kentucky","Jefferson County",5,25,10749,5210,5539
050,21,111,"Kentucky","Jefferson County",5,26,10821,5388,5433
050,21,111,"Kentucky","Jefferson County",5,27,10891,5427,5464
050,21,111,"Kentucky","Jefferson County",5,28,11011,5471,5540
050,21,111,"Kentucky","Jefferson County",5,29,11109,5572,5537
050,21,111,"Kentucky","Jefferson County",5,30,11186,5638,5548
050,21,111,"Kentucky","Jefferson County",5,31,11493,5657,5836
050,21,111,"Kentucky","Jefferson County",5,32,11554,5659,5895
050,21,111,"Kentucky","Jefferson County",5,33,11855,5828,6027
050,21,111,"Kentucky","Jefferson County",5,34,11408,5535,5873
050,21,111,"Kentucky","Jefferson County",5,35,10804,5342,5462
050,21,111,"Kentucky","Jefferson County",5,36,10472,5191,5281
050,21,111,"Kentucky","Jefferson County",5,37,10357,5233,5124
050,21,111,"Kentucky","Jefferson County",5,38,10224,5096,5128
050,21,111,"Kentucky","Jefferson County",5,39,10016,4924,5092
050,21,111,"Kentucky","Jefferson County",5,40,10254,5107,5147
050,21,111,"Kentucky","Jefferson County",5,41,10048,5003,5045
050,21,111,"Kentucky","Jefferson County",5,42,9904,4790,5114
050,21,111,"Kentucky","Jefferson County",5,43,10077,5000,5077
050,21,111,"Kentucky","Jefferson County",5,44,9667,4832,4835
050,21,111,"Kentucky","Jefferson County",5,45,9296,4609,4687
050,21,111,"Kentucky","Jefferson County",5,46,9175,4458,4717
050,21,111,"Kentucky","Jefferson County",5,47,8733,4295,4438
050,21,111,"Kentucky","Jefferson County",5,48,8744,4268,4476
050,21,111,"Kentucky","Jefferson County",5,49,8683,4221,4462
050,21,111,"Kentucky","Jefferson County",5,50,8801,4296,4505
050,21,111,"Kentucky","Jefferson County",5,51,9342,4508,4834
050,21,111,"Kentucky","Jefferson County",5,52,9809,4757,5052
050,21,111,"Kentucky","Jefferson County",5,53,9408,4561,4847
050,21,111,"Kentucky","Jefferson County",5,54,8864,4316,4548
050,21,111,"Kentucky","Jefferson County",5,55,8698,4237,4461
050,21,111,"Kentucky","Jefferson County",5,56,8784,4327,4457
050,21,111,"Kentucky","Jefferson County",5,57,8827,4315,4512
050,21,111,"Kentucky","Jefferson County",5,58,9430,4560,4870
050,21,111,"Kentucky","Jefferson County",5,59,9982,4731,5251
050,21,111,"Kentucky","Jefferson County",5,60,9922,4674,5248
050,21,111,"Kentucky","Jefferson County",5,61,10177,4828,5349
050,21,111,"Kentucky","Jefferson County",5,62,10113,4823,5290
050,21,111,"Kentucky","Jefferson County",5,63,9883,4646,5237
050,21,111,"Kentucky","Jefferson County",5,64,9819,4619,5200
050,21,111,"Kentucky","Jefferson County",5,65,9711,4559,5152
050,21,111,"Kentucky","Jefferson County",5,66,9555,4516,5039
050,21,111,"Kentucky","Jefferson County",5,67,9033,4183,4850
050,21,111,"Kentucky","Jefferson County",5,68,8800,4050,4750
050,21,111,"Kentucky","Jefferson County",5,69,8585,3926,4659
050,21,111,"Kentucky","Jefferson County",5,70,8109,3652,4457
050,21,111,"Kentucky","Jefferson County",5,71,7836,3527,4309
050,21,111,"Kentucky","Jefferson County",5,72,7396,3330,4066
050,21,111,"Kentucky","Jefferson County",5,73,6989,3136,3853
050,21,111,"Kentucky","Jefferson County",5,74,6735,2973,3762
050,21,111,"Kentucky","Jefferson County",5,75,6434,2858,3576
050,21,111,"Kentucky","Jefferson County",5,76,6773,3006,3767
050,21,111,"Kentucky","Jefferson County",5,77,4464,1929,2535
050,21,111,"Kentucky","Jefferson County",5,78,4086,1768,2318
050,21,111,"Kentucky","Jefferson County",5,79,3988,1706,2282
050,21,111,"Kentucky","Jefferson County",5,80,4038,1711,2327
050,21,111,"Kentucky","Jefferson County",5,81,3319,1363,1956
050,21,111,"Kentucky","Jefferson County",5,82,2898,1174,1724
050,21,111,"Kentucky","Jefferson County",5,83,2568,1027,1541
050,21,111,"Kentucky","Jefferson County",5,84,2410,950,1460
050,21,111,"Kentucky","Jefferson County",5,85,13714,4619,9095
050,21,113,"Kentucky","Jessamine County",1,0,597,306,291
050,21,113,"Kentucky","Jessamine County",1,1,614,318,296
050,21,113,"Kentucky","Jessamine County",1,2,658,327,331
050,21,113,"Kentucky","Jessamine County",1,3,673,350,323
050,21,113,"Kentucky","Jessamine County",1,4,701,371,330
050,21,113,"Kentucky","Jessamine County",1,5,699,374,325
050,21,113,"Kentucky","Jessamine County",1,6,733,393,340
050,21,113,"Kentucky","Jessamine County",1,7,711,351,360
050,21,113,"Kentucky","Jessamine County",1,8,718,356,362
050,21,113,"Kentucky","Jessamine County",1,9,694,348,346
050,21,113,"Kentucky","Jessamine County",1,10,735,384,351
050,21,113,"Kentucky","Jessamine County",1,11,791,416,375
050,21,113,"Kentucky","Jessamine County",1,12,786,398,388
050,21,113,"Kentucky","Jessamine County",1,13,773,382,391
050,21,113,"Kentucky","Jessamine County",1,14,730,364,366
050,21,113,"Kentucky","Jessamine County",1,15,702,355,347
050,21,113,"Kentucky","Jessamine County",1,16,702,370,332
050,21,113,"Kentucky","Jessamine County",1,17,753,382,371
050,21,113,"Kentucky","Jessamine County",1,18,716,370,346
050,21,113,"Kentucky","Jessamine County",1,19,760,356,404
050,21,113,"Kentucky","Jessamine County",1,20,791,381,410
050,21,113,"Kentucky","Jessamine County",1,21,730,365,365
050,21,113,"Kentucky","Jessamine County",1,22,704,344,360
050,21,113,"Kentucky","Jessamine County",1,23,659,339,320
050,21,113,"Kentucky","Jessamine County",1,24,640,327,313
050,21,113,"Kentucky","Jessamine County",1,25,655,310,345
050,21,113,"Kentucky","Jessamine County",1,26,673,329,344
050,21,113,"Kentucky","Jessamine County",1,27,654,332,322
050,21,113,"Kentucky","Jessamine County",1,28,672,341,331
050,21,113,"Kentucky","Jessamine County",1,29,692,358,334
050,21,113,"Kentucky","Jessamine County",1,30,663,306,357
050,21,113,"Kentucky","Jessamine County",1,31,620,285,335
050,21,113,"Kentucky","Jessamine County",1,32,616,305,311
050,21,113,"Kentucky","Jessamine County",1,33,615,302,313
050,21,113,"Kentucky","Jessamine County",1,34,665,309,356
050,21,113,"Kentucky","Jessamine County",1,35,677,330,347
050,21,113,"Kentucky","Jessamine County",1,36,655,304,351
050,21,113,"Kentucky","Jessamine County",1,37,682,337,345
050,21,113,"Kentucky","Jessamine County",1,38,660,326,334
050,21,113,"Kentucky","Jessamine County",1,39,690,325,365
050,21,113,"Kentucky","Jessamine County",1,40,689,332,357
050,21,113,"Kentucky","Jessamine County",1,41,649,307,342
050,21,113,"Kentucky","Jessamine County",1,42,709,360,349
050,21,113,"Kentucky","Jessamine County",1,43,680,353,327
050,21,113,"Kentucky","Jessamine County",1,44,635,298,337
050,21,113,"Kentucky","Jessamine County",1,45,655,326,329
050,21,113,"Kentucky","Jessamine County",1,46,627,298,329
050,21,113,"Kentucky","Jessamine County",1,47,633,292,341
050,21,113,"Kentucky","Jessamine County",1,48,747,370,377
050,21,113,"Kentucky","Jessamine County",1,49,742,380,362
050,21,113,"Kentucky","Jessamine County",1,50,708,353,355
050,21,113,"Kentucky","Jessamine County",1,51,702,343,359
050,21,113,"Kentucky","Jessamine County",1,52,636,295,341
050,21,113,"Kentucky","Jessamine County",1,53,635,306,329
050,21,113,"Kentucky","Jessamine County",1,54,626,295,331
050,21,113,"Kentucky","Jessamine County",1,55,705,341,364
050,21,113,"Kentucky","Jessamine County",1,56,728,358,370
050,21,113,"Kentucky","Jessamine County",1,57,719,341,378
050,21,113,"Kentucky","Jessamine County",1,58,750,341,409
050,21,113,"Kentucky","Jessamine County",1,59,729,353,376
050,21,113,"Kentucky","Jessamine County",1,60,715,346,369
050,21,113,"Kentucky","Jessamine County",1,61,690,319,371
050,21,113,"Kentucky","Jessamine County",1,62,732,329,403
050,21,113,"Kentucky","Jessamine County",1,63,672,322,350
050,21,113,"Kentucky","Jessamine County",1,64,651,305,346
050,21,113,"Kentucky","Jessamine County",1,65,626,294,332
050,21,113,"Kentucky","Jessamine County",1,66,576,280,296
050,21,113,"Kentucky","Jessamine County",1,67,534,263,271
050,21,113,"Kentucky","Jessamine County",1,68,556,274,282
050,21,113,"Kentucky","Jessamine County",1,69,462,214,248
050,21,113,"Kentucky","Jessamine County",1,70,453,200,253
050,21,113,"Kentucky","Jessamine County",1,71,470,213,257
050,21,113,"Kentucky","Jessamine County",1,72,493,229,264
050,21,113,"Kentucky","Jessamine County",1,73,489,231,258
050,21,113,"Kentucky","Jessamine County",1,74,344,164,180
050,21,113,"Kentucky","Jessamine County",1,75,325,150,175
050,21,113,"Kentucky","Jessamine County",1,76,311,140,171
050,21,113,"Kentucky","Jessamine County",1,77,276,128,148
050,21,113,"Kentucky","Jessamine County",1,78,234,105,129
050,21,113,"Kentucky","Jessamine County",1,79,224,105,119
050,21,113,"Kentucky","Jessamine County",1,80,204,96,108
050,21,113,"Kentucky","Jessamine County",1,81,192,85,107
050,21,113,"Kentucky","Jessamine County",1,82,179,79,100
050,21,113,"Kentucky","Jessamine County",1,83,163,77,86
050,21,113,"Kentucky","Jessamine County",1,84,148,67,81
050,21,113,"Kentucky","Jessamine County",1,85,908,393,515
050,21,113,"Kentucky","Jessamine County",2,0,604,305,299
050,21,113,"Kentucky","Jessamine County",2,1,612,316,296
050,21,113,"Kentucky","Jessamine County",2,2,647,325,322
050,21,113,"Kentucky","Jessamine County",2,3,666,341,325
050,21,113,"Kentucky","Jessamine County",2,4,693,365,328
050,21,113,"Kentucky","Jessamine County",2,5,699,373,326
050,21,113,"Kentucky","Jessamine County",2,6,725,387,338
050,21,113,"Kentucky","Jessamine County",2,7,712,359,353
050,21,113,"Kentucky","Jessamine County",2,8,717,353,364
050,21,113,"Kentucky","Jessamine County",2,9,704,353,351
050,21,113,"Kentucky","Jessamine County",2,10,730,378,352
050,21,113,"Kentucky","Jessamine County",2,11,777,408,369
050,21,113,"Kentucky","Jessamine County",2,12,793,405,388
050,21,113,"Kentucky","Jessamine County",2,13,773,384,389
050,21,113,"Kentucky","Jessamine County",2,14,741,368,373
050,21,113,"Kentucky","Jessamine County",2,15,707,356,351
050,21,113,"Kentucky","Jessamine County",2,16,701,365,336
050,21,113,"Kentucky","Jessamine County",2,17,736,378,358
050,21,113,"Kentucky","Jessamine County",2,18,719,370,349
050,21,113,"Kentucky","Jessamine County",2,19,757,354,403
050,21,113,"Kentucky","Jessamine County",2,20,796,385,411
050,21,113,"Kentucky","Jessamine County",2,21,735,367,368
050,21,113,"Kentucky","Jessamine County",2,22,706,349,357
050,21,113,"Kentucky","Jessamine County",2,23,654,334,320
050,21,113,"Kentucky","Jessamine County",2,24,643,325,318
050,21,113,"Kentucky","Jessamine County",2,25,653,316,337
050,21,113,"Kentucky","Jessamine County",2,26,664,325,339
050,21,113,"Kentucky","Jessamine County",2,27,658,333,325
050,21,113,"Kentucky","Jessamine County",2,28,664,338,326
050,21,113,"Kentucky","Jessamine County",2,29,682,347,335
050,21,113,"Kentucky","Jessamine County",2,30,674,316,358
050,21,113,"Kentucky","Jessamine County",2,31,633,288,345
050,21,113,"Kentucky","Jessamine County",2,32,614,299,315
050,21,113,"Kentucky","Jessamine County",2,33,617,303,314
050,21,113,"Kentucky","Jessamine County",2,34,657,311,346
050,21,113,"Kentucky","Jessamine County",2,35,687,332,355
050,21,113,"Kentucky","Jessamine County",2,36,660,313,347
050,21,113,"Kentucky","Jessamine County",2,37,674,331,343
050,21,113,"Kentucky","Jessamine County",2,38,664,326,338
050,21,113,"Kentucky","Jessamine County",2,39,679,325,354
050,21,113,"Kentucky","Jessamine County",2,40,692,330,362
050,21,113,"Kentucky","Jessamine County",2,41,655,312,343
050,21,113,"Kentucky","Jessamine County",2,42,692,348,344
050,21,113,"Kentucky","Jessamine County",2,43,692,357,335
050,21,113,"Kentucky","Jessamine County",2,44,639,306,333
050,21,113,"Kentucky","Jessamine County",2,45,647,316,331
050,21,113,"Kentucky","Jessamine County",2,46,632,304,328
050,21,113,"Kentucky","Jessamine County",2,47,627,289,338
050,21,113,"Kentucky","Jessamine County",2,48,715,351,364
050,21,113,"Kentucky","Jessamine County",2,49,748,382,366
050,21,113,"Kentucky","Jessamine County",2,50,720,360,360
050,21,113,"Kentucky","Jessamine County",2,51,701,346,355
050,21,113,"Kentucky","Jessamine County",2,52,644,303,341
050,21,113,"Kentucky","Jessamine County",2,53,634,301,333
050,21,113,"Kentucky","Jessamine County",2,54,622,295,327
050,21,113,"Kentucky","Jessamine County",2,55,685,330,355
050,21,113,"Kentucky","Jessamine County",2,56,725,354,371
050,21,113,"Kentucky","Jessamine County",2,57,721,344,377
050,21,113,"Kentucky","Jessamine County",2,58,735,338,397
050,21,113,"Kentucky","Jessamine County",2,59,732,349,383
050,21,113,"Kentucky","Jessamine County",2,60,715,346,369
050,21,113,"Kentucky","Jessamine County",2,61,693,323,370
050,21,113,"Kentucky","Jessamine County",2,62,718,324,394
050,21,113,"Kentucky","Jessamine County",2,63,693,325,368
050,21,113,"Kentucky","Jessamine County",2,64,652,307,345
050,21,113,"Kentucky","Jessamine County",2,65,635,298,337
050,21,113,"Kentucky","Jessamine County",2,66,589,284,305
050,21,113,"Kentucky","Jessamine County",2,67,542,266,276
050,21,113,"Kentucky","Jessamine County",2,68,549,272,277
050,21,113,"Kentucky","Jessamine County",2,69,489,230,259
050,21,113,"Kentucky","Jessamine County",2,70,454,202,252
050,21,113,"Kentucky","Jessamine County",2,71,465,210,255
050,21,113,"Kentucky","Jessamine County",2,72,478,222,256
050,21,113,"Kentucky","Jessamine County",2,73,514,240,274
050,21,113,"Kentucky","Jessamine County",2,74,355,171,184
050,21,113,"Kentucky","Jessamine County",2,75,332,154,178
050,21,113,"Kentucky","Jessamine County",2,76,309,137,172
050,21,113,"Kentucky","Jessamine County",2,77,289,136,153
050,21,113,"Kentucky","Jessamine County",2,78,237,107,130
050,21,113,"Kentucky","Jessamine County",2,79,227,106,121
050,21,113,"Kentucky","Jessamine County",2,80,209,98,111
050,21,113,"Kentucky","Jessamine County",2,81,191,86,105
050,21,113,"Kentucky","Jessamine County",2,82,180,77,103
050,21,113,"Kentucky","Jessamine County",2,83,167,78,89
050,21,113,"Kentucky","Jessamine County",2,84,144,67,77
050,21,113,"Kentucky","Jessamine County",2,85,913,399,514
050,21,113,"Kentucky","Jessamine County",3,0,593,307,286
050,21,113,"Kentucky","Jessamine County",3,1,609,316,293
050,21,113,"Kentucky","Jessamine County",3,2,639,332,307
050,21,113,"Kentucky","Jessamine County",3,3,669,332,337
050,21,113,"Kentucky","Jessamine County",3,4,663,343,320
050,21,113,"Kentucky","Jessamine County",3,5,687,362,325
050,21,113,"Kentucky","Jessamine County",3,6,707,359,348
050,21,113,"Kentucky","Jessamine County",3,7,724,388,336
050,21,113,"Kentucky","Jessamine County",3,8,716,354,362
050,21,113,"Kentucky","Jessamine County",3,9,720,357,363
050,21,113,"Kentucky","Jessamine County",3,10,720,366,354
050,21,113,"Kentucky","Jessamine County",3,11,717,369,348
050,21,113,"Kentucky","Jessamine County",3,12,799,419,380
050,21,113,"Kentucky","Jessamine County",3,13,816,416,400
050,21,113,"Kentucky","Jessamine County",3,14,809,408,401
050,21,113,"Kentucky","Jessamine County",3,15,761,367,394
050,21,113,"Kentucky","Jessamine County",3,16,701,369,332
050,21,113,"Kentucky","Jessamine County",3,17,709,367,342
050,21,113,"Kentucky","Jessamine County",3,18,732,365,367
050,21,113,"Kentucky","Jessamine County",3,19,715,329,386
050,21,113,"Kentucky","Jessamine County",3,20,766,382,384
050,21,113,"Kentucky","Jessamine County",3,21,740,367,373
050,21,113,"Kentucky","Jessamine County",3,22,694,360,334
050,21,113,"Kentucky","Jessamine County",3,23,689,349,340
050,21,113,"Kentucky","Jessamine County",3,24,673,343,330
050,21,113,"Kentucky","Jessamine County",3,25,685,343,342
050,21,113,"Kentucky","Jessamine County",3,26,686,342,344
050,21,113,"Kentucky","Jessamine County",3,27,669,338,331
050,21,113,"Kentucky","Jessamine County",3,28,658,333,325
050,21,113,"Kentucky","Jessamine County",3,29,672,326,346
050,21,113,"Kentucky","Jessamine County",3,30,701,336,365
050,21,113,"Kentucky","Jessamine County",3,31,665,296,369
050,21,113,"Kentucky","Jessamine County",3,32,612,287,325
050,21,113,"Kentucky","Jessamine County",3,33,643,321,322
050,21,113,"Kentucky","Jessamine County",3,34,624,303,321
050,21,113,"Kentucky","Jessamine County",3,35,660,314,346
050,21,113,"Kentucky","Jessamine County",3,36,715,348,367
050,21,113,"Kentucky","Jessamine County",3,37,652,317,335
050,21,113,"Kentucky","Jessamine County",3,38,699,335,364
050,21,113,"Kentucky","Jessamine County",3,39,652,322,330
050,21,113,"Kentucky","Jessamine County",3,40,696,331,365
050,21,113,"Kentucky","Jessamine County",3,41,700,325,375
050,21,113,"Kentucky","Jessamine County",3,42,671,318,353
050,21,113,"Kentucky","Jessamine County",3,43,692,357,335
050,21,113,"Kentucky","Jessamine County",3,44,709,364,345
050,21,113,"Kentucky","Jessamine County",3,45,644,312,332
050,21,113,"Kentucky","Jessamine County",3,46,649,321,328
050,21,113,"Kentucky","Jessamine County",3,47,633,306,327
050,21,113,"Kentucky","Jessamine County",3,48,631,287,344
050,21,113,"Kentucky","Jessamine County",3,49,715,348,367
050,21,113,"Kentucky","Jessamine County",3,50,725,366,359
050,21,113,"Kentucky","Jessamine County",3,51,726,370,356
050,21,113,"Kentucky","Jessamine County",3,52,698,340,358
050,21,113,"Kentucky","Jessamine County",3,53,633,302,331
050,21,113,"Kentucky","Jessamine County",3,54,648,311,337
050,21,113,"Kentucky","Jessamine County",3,55,622,305,317
050,21,113,"Kentucky","Jessamine County",3,56,692,320,372
050,21,113,"Kentucky","Jessamine County",3,57,722,356,366
050,21,113,"Kentucky","Jessamine County",3,58,727,342,385
050,21,113,"Kentucky","Jessamine County",3,59,749,346,403
050,21,113,"Kentucky","Jessamine County",3,60,732,347,385
050,21,113,"Kentucky","Jessamine County",3,61,713,339,374
050,21,113,"Kentucky","Jessamine County",3,62,685,315,370
050,21,113,"Kentucky","Jessamine County",3,63,733,330,403
050,21,113,"Kentucky","Jessamine County",3,64,691,327,364
050,21,113,"Kentucky","Jessamine County",3,65,636,296,340
050,21,113,"Kentucky","Jessamine County",3,66,633,297,336
050,21,113,"Kentucky","Jessamine County",3,67,574,285,289
050,21,113,"Kentucky","Jessamine County",3,68,538,258,280
050,21,113,"Kentucky","Jessamine County",3,69,538,269,269
050,21,113,"Kentucky","Jessamine County",3,70,491,226,265
050,21,113,"Kentucky","Jessamine County",3,71,457,202,255
050,21,113,"Kentucky","Jessamine County",3,72,459,203,256
050,21,113,"Kentucky","Jessamine County",3,73,470,213,257
050,21,113,"Kentucky","Jessamine County",3,74,499,232,267
050,21,113,"Kentucky","Jessamine County",3,75,340,168,172
050,21,113,"Kentucky","Jessamine County",3,76,320,142,178
050,21,113,"Kentucky","Jessamine County",3,77,298,136,162
050,21,113,"Kentucky","Jessamine County",3,78,282,127,155
050,21,113,"Kentucky","Jessamine County",3,79,224,102,122
050,21,113,"Kentucky","Jessamine County",3,80,216,98,118
050,21,113,"Kentucky","Jessamine County",3,81,201,97,104
050,21,113,"Kentucky","Jessamine County",3,82,176,76,100
050,21,113,"Kentucky","Jessamine County",3,83,167,77,90
050,21,113,"Kentucky","Jessamine County",3,84,160,77,83
050,21,113,"Kentucky","Jessamine County",3,85,927,403,524
050,21,113,"Kentucky","Jessamine County",4,0,612,310,302
050,21,113,"Kentucky","Jessamine County",4,1,591,324,267
050,21,113,"Kentucky","Jessamine County",4,2,621,325,296
050,21,113,"Kentucky","Jessamine County",4,3,662,354,308
050,21,113,"Kentucky","Jessamine County",4,4,671,341,330
050,21,113,"Kentucky","Jessamine County",4,5,699,366,333
050,21,113,"Kentucky","Jessamine County",4,6,715,378,337
050,21,113,"Kentucky","Jessamine County",4,7,713,359,354
050,21,113,"Kentucky","Jessamine County",4,8,729,397,332
050,21,113,"Kentucky","Jessamine County",4,9,739,355,384
050,21,113,"Kentucky","Jessamine County",4,10,737,360,377
050,21,113,"Kentucky","Jessamine County",4,11,733,370,363
050,21,113,"Kentucky","Jessamine County",4,12,711,365,346
050,21,113,"Kentucky","Jessamine County",4,13,798,408,390
050,21,113,"Kentucky","Jessamine County",4,14,813,419,394
050,21,113,"Kentucky","Jessamine County",4,15,820,417,403
050,21,113,"Kentucky","Jessamine County",4,16,786,376,410
050,21,113,"Kentucky","Jessamine County",4,17,695,359,336
050,21,113,"Kentucky","Jessamine County",4,18,712,354,358
050,21,113,"Kentucky","Jessamine County",4,19,725,334,391
050,21,113,"Kentucky","Jessamine County",4,20,728,348,380
050,21,113,"Kentucky","Jessamine County",4,21,726,386,340
050,21,113,"Kentucky","Jessamine County",4,22,742,379,363
050,21,113,"Kentucky","Jessamine County",4,23,648,334,314
050,21,113,"Kentucky","Jessamine County",4,24,689,331,358
050,21,113,"Kentucky","Jessamine County",4,25,702,345,357
050,21,113,"Kentucky","Jessamine County",4,26,693,345,348
050,21,113,"Kentucky","Jessamine County",4,27,726,358,368
050,21,113,"Kentucky","Jessamine County",4,28,693,355,338
050,21,113,"Kentucky","Jessamine County",4,29,714,355,359
050,21,113,"Kentucky","Jessamine County",4,30,690,341,349
050,21,113,"Kentucky","Jessamine County",4,31,700,343,357
050,21,113,"Kentucky","Jessamine County",4,32,681,315,366
050,21,113,"Kentucky","Jessamine County",4,33,619,294,325
050,21,113,"Kentucky","Jessamine County",4,34,646,318,328
050,21,113,"Kentucky","Jessamine County",4,35,629,294,335
050,21,113,"Kentucky","Jessamine County",4,36,694,340,354
050,21,113,"Kentucky","Jessamine County",4,37,708,342,366
050,21,113,"Kentucky","Jessamine County",4,38,673,333,340
050,21,113,"Kentucky","Jessamine County",4,39,701,340,361
050,21,113,"Kentucky","Jessamine County",4,40,655,319,336
050,21,113,"Kentucky","Jessamine County",4,41,700,342,358
050,21,113,"Kentucky","Jessamine County",4,42,705,330,375
050,21,113,"Kentucky","Jessamine County",4,43,681,318,363
050,21,113,"Kentucky","Jessamine County",4,44,683,350,333
050,21,113,"Kentucky","Jessamine County",4,45,713,357,356
050,21,113,"Kentucky","Jessamine County",4,46,642,303,339
050,21,113,"Kentucky","Jessamine County",4,47,647,320,327
050,21,113,"Kentucky","Jessamine County",4,48,614,295,319
050,21,113,"Kentucky","Jessamine County",4,49,630,284,346
050,21,113,"Kentucky","Jessamine County",4,50,701,351,350
050,21,113,"Kentucky","Jessamine County",4,51,718,358,360
050,21,113,"Kentucky","Jessamine County",4,52,727,371,356
050,21,113,"Kentucky","Jessamine County",4,53,706,345,361
050,21,113,"Kentucky","Jessamine County",4,54,648,309,339
050,21,113,"Kentucky","Jessamine County",4,55,654,315,339
050,21,113,"Kentucky","Jessamine County",4,56,613,299,314
050,21,113,"Kentucky","Jessamine County",4,57,701,320,381
050,21,113,"Kentucky","Jessamine County",4,58,748,370,378
050,21,113,"Kentucky","Jessamine County",4,59,730,342,388
050,21,113,"Kentucky","Jessamine County",4,60,736,329,407
050,21,113,"Kentucky","Jessamine County",4,61,734,352,382
050,21,113,"Kentucky","Jessamine County",4,62,705,344,361
050,21,113,"Kentucky","Jessamine County",4,63,674,312,362
050,21,113,"Kentucky","Jessamine County",4,64,719,324,395
050,21,113,"Kentucky","Jessamine County",4,65,709,327,382
050,21,113,"Kentucky","Jessamine County",4,66,623,286,337
050,21,113,"Kentucky","Jessamine County",4,67,613,285,328
050,21,113,"Kentucky","Jessamine County",4,68,553,275,278
050,21,113,"Kentucky","Jessamine County",4,69,528,247,281
050,21,113,"Kentucky","Jessamine County",4,70,530,261,269
050,21,113,"Kentucky","Jessamine County",4,71,476,217,259
050,21,113,"Kentucky","Jessamine County",4,72,453,196,257
050,21,113,"Kentucky","Jessamine County",4,73,451,198,253
050,21,113,"Kentucky","Jessamine County",4,74,463,210,253
050,21,113,"Kentucky","Jessamine County",4,75,486,233,253
050,21,113,"Kentucky","Jessamine County",4,76,326,149,177
050,21,113,"Kentucky","Jessamine County",4,77,310,143,167
050,21,113,"Kentucky","Jessamine County",4,78,281,126,155
050,21,113,"Kentucky","Jessamine County",4,79,270,116,154
050,21,113,"Kentucky","Jessamine County",4,80,218,97,121
050,21,113,"Kentucky","Jessamine County",4,81,197,94,103
050,21,113,"Kentucky","Jessamine County",4,82,197,95,102
050,21,113,"Kentucky","Jessamine County",4,83,175,79,96
050,21,113,"Kentucky","Jessamine County",4,84,155,72,83
050,21,113,"Kentucky","Jessamine County",4,85,954,424,530
050,21,113,"Kentucky","Jessamine County",5,0,616,314,302
050,21,113,"Kentucky","Jessamine County",5,1,645,315,330
050,21,113,"Kentucky","Jessamine County",5,2,612,320,292
050,21,113,"Kentucky","Jessamine County",5,3,654,345,309
050,21,113,"Kentucky","Jessamine County",5,4,660,346,314
050,21,113,"Kentucky","Jessamine County",5,5,671,343,328
050,21,113,"Kentucky","Jessamine County",5,6,700,366,334
050,21,113,"Kentucky","Jessamine County",5,7,722,386,336
050,21,113,"Kentucky","Jessamine County",5,8,728,377,351
050,21,113,"Kentucky","Jessamine County",5,9,731,398,333
050,21,113,"Kentucky","Jessamine County",5,10,737,356,381
050,21,113,"Kentucky","Jessamine County",5,11,755,372,383
050,21,113,"Kentucky","Jessamine County",5,12,719,358,361
050,21,113,"Kentucky","Jessamine County",5,13,721,359,362
050,21,113,"Kentucky","Jessamine County",5,14,790,399,391
050,21,113,"Kentucky","Jessamine County",5,15,816,424,392
050,21,113,"Kentucky","Jessamine County",5,16,836,424,412
050,21,113,"Kentucky","Jessamine County",5,17,806,387,419
050,21,113,"Kentucky","Jessamine County",5,18,691,350,341
050,21,113,"Kentucky","Jessamine County",5,19,721,330,391
050,21,113,"Kentucky","Jessamine County",5,20,779,381,398
050,21,113,"Kentucky","Jessamine County",5,21,722,365,357
050,21,113,"Kentucky","Jessamine County",5,22,735,385,350
050,21,113,"Kentucky","Jessamine County",5,23,713,365,348
050,21,113,"Kentucky","Jessamine County",5,24,683,349,334
050,21,113,"Kentucky","Jessamine County",5,25,695,337,358
050,21,113,"Kentucky","Jessamine County",5,26,718,342,376
050,21,113,"Kentucky","Jessamine County",5,27,738,374,364
050,21,113,"Kentucky","Jessamine County",5,28,771,377,394
050,21,113,"Kentucky","Jessamine County",5,29,730,369,361
050,21,113,"Kentucky","Jessamine County",5,30,708,361,347
050,21,113,"Kentucky","Jessamine County",5,31,675,329,346
050,21,113,"Kentucky","Jessamine County",5,32,714,348,366
050,21,113,"Kentucky","Jessamine County",5,33,696,331,365
050,21,113,"Kentucky","Jessamine County",5,34,645,314,331
050,21,113,"Kentucky","Jessamine County",5,35,650,302,348
050,21,113,"Kentucky","Jessamine County",5,36,625,289,336
050,21,113,"Kentucky","Jessamine County",5,37,693,351,342
050,21,113,"Kentucky","Jessamine County",5,38,731,363,368
050,21,113,"Kentucky","Jessamine County",5,39,687,340,347
050,21,113,"Kentucky","Jessamine County",5,40,703,338,365
050,21,113,"Kentucky","Jessamine County",5,41,659,324,335
050,21,113,"Kentucky","Jessamine County",5,42,713,345,368
050,21,113,"Kentucky","Jessamine County",5,43,705,339,366
050,21,113,"Kentucky","Jessamine County",5,44,689,322,367
050,21,113,"Kentucky","Jessamine County",5,45,694,355,339
050,21,113,"Kentucky","Jessamine County",5,46,704,354,350
050,21,113,"Kentucky","Jessamine County",5,47,653,310,343
050,21,113,"Kentucky","Jessamine County",5,48,675,331,344
050,21,113,"Kentucky","Jessamine County",5,49,621,301,320
050,21,113,"Kentucky","Jessamine County",5,50,615,278,337
050,21,113,"Kentucky","Jessamine County",5,51,700,349,351
050,21,113,"Kentucky","Jessamine County",5,52,702,353,349
050,21,113,"Kentucky","Jessamine County",5,53,714,365,349
050,21,113,"Kentucky","Jessamine County",5,54,726,349,377
050,21,113,"Kentucky","Jessamine County",5,55,650,309,341
050,21,113,"Kentucky","Jessamine County",5,56,648,311,337
050,21,113,"Kentucky","Jessamine County",5,57,599,292,307
050,21,113,"Kentucky","Jessamine County",5,58,699,327,372
050,21,113,"Kentucky","Jessamine County",5,59,749,372,377
050,21,113,"Kentucky","Jessamine County",5,60,718,340,378
050,21,113,"Kentucky","Jessamine County",5,61,746,334,412
050,21,113,"Kentucky","Jessamine County",5,62,735,354,381
050,21,113,"Kentucky","Jessamine County",5,63,708,346,362
050,21,113,"Kentucky","Jessamine County",5,64,669,307,362
050,21,113,"Kentucky","Jessamine County",5,65,701,310,391
050,21,113,"Kentucky","Jessamine County",5,66,698,324,374
050,21,113,"Kentucky","Jessamine County",5,67,602,274,328
050,21,113,"Kentucky","Jessamine County",5,68,603,279,324
050,21,113,"Kentucky","Jessamine County",5,69,549,275,274
050,21,113,"Kentucky","Jessamine County",5,70,533,246,287
050,21,113,"Kentucky","Jessamine County",5,71,514,253,261
050,21,113,"Kentucky","Jessamine County",5,72,463,207,256
050,21,113,"Kentucky","Jessamine County",5,73,450,190,260
050,21,113,"Kentucky","Jessamine County",5,74,448,199,249
050,21,113,"Kentucky","Jessamine County",5,75,453,206,247
050,21,113,"Kentucky","Jessamine County",5,76,475,219,256
050,21,113,"Kentucky","Jessamine County",5,77,315,144,171
050,21,113,"Kentucky","Jessamine County",5,78,294,131,163
050,21,113,"Kentucky","Jessamine County",5,79,271,120,151
050,21,113,"Kentucky","Jessamine County",5,80,274,116,158
050,21,113,"Kentucky","Jessamine County",5,81,204,97,107
050,21,113,"Kentucky","Jessamine County",5,82,191,93,98
050,21,113,"Kentucky","Jessamine County",5,83,185,94,91
050,21,113,"Kentucky","Jessamine County",5,84,169,79,90
050,21,113,"Kentucky","Jessamine County",5,85,992,451,541
050,21,115,"Kentucky","Johnson County",1,0,225,113,112
050,21,115,"Kentucky","Johnson County",1,1,246,125,121
050,21,115,"Kentucky","Johnson County",1,2,256,146,110
050,21,115,"Kentucky","Johnson County",1,3,253,132,121
050,21,115,"Kentucky","Johnson County",1,4,262,132,130
050,21,115,"Kentucky","Johnson County",1,5,264,134,130
050,21,115,"Kentucky","Johnson County",1,6,293,147,146
050,21,115,"Kentucky","Johnson County",1,7,303,151,152
050,21,115,"Kentucky","Johnson County",1,8,303,143,160
050,21,115,"Kentucky","Johnson County",1,9,264,134,130
050,21,115,"Kentucky","Johnson County",1,10,279,137,142
050,21,115,"Kentucky","Johnson County",1,11,292,152,140
050,21,115,"Kentucky","Johnson County",1,12,300,160,140
050,21,115,"Kentucky","Johnson County",1,13,315,158,157
050,21,115,"Kentucky","Johnson County",1,14,311,161,150
050,21,115,"Kentucky","Johnson County",1,15,311,170,141
050,21,115,"Kentucky","Johnson County",1,16,318,185,133
050,21,115,"Kentucky","Johnson County",1,17,311,167,144
050,21,115,"Kentucky","Johnson County",1,18,265,142,123
050,21,115,"Kentucky","Johnson County",1,19,207,112,95
050,21,115,"Kentucky","Johnson County",1,20,228,123,105
050,21,115,"Kentucky","Johnson County",1,21,243,129,114
050,21,115,"Kentucky","Johnson County",1,22,223,120,103
050,21,115,"Kentucky","Johnson County",1,23,228,116,112
050,21,115,"Kentucky","Johnson County",1,24,237,114,123
050,21,115,"Kentucky","Johnson County",1,25,217,111,106
050,21,115,"Kentucky","Johnson County",1,26,245,129,116
050,21,115,"Kentucky","Johnson County",1,27,247,123,124
050,21,115,"Kentucky","Johnson County",1,28,233,118,115
050,21,115,"Kentucky","Johnson County",1,29,255,124,131
050,21,115,"Kentucky","Johnson County",1,30,280,124,156
050,21,115,"Kentucky","Johnson County",1,31,259,123,136
050,21,115,"Kentucky","Johnson County",1,32,253,129,124
050,21,115,"Kentucky","Johnson County",1,33,258,135,123
050,21,115,"Kentucky","Johnson County",1,34,245,128,117
050,21,115,"Kentucky","Johnson County",1,35,264,136,128
050,21,115,"Kentucky","Johnson County",1,36,294,136,158
050,21,115,"Kentucky","Johnson County",1,37,304,147,157
050,21,115,"Kentucky","Johnson County",1,38,294,141,153
050,21,115,"Kentucky","Johnson County",1,39,287,135,152
050,21,115,"Kentucky","Johnson County",1,40,273,139,134
050,21,115,"Kentucky","Johnson County",1,41,281,143,138
050,21,115,"Kentucky","Johnson County",1,42,304,156,148
050,21,115,"Kentucky","Johnson County",1,43,295,157,138
050,21,115,"Kentucky","Johnson County",1,44,288,144,144
050,21,115,"Kentucky","Johnson County",1,45,274,120,154
050,21,115,"Kentucky","Johnson County",1,46,285,137,148
050,21,115,"Kentucky","Johnson County",1,47,302,160,142
050,21,115,"Kentucky","Johnson County",1,48,332,163,169
050,21,115,"Kentucky","Johnson County",1,49,322,159,163
050,21,115,"Kentucky","Johnson County",1,50,308,143,165
050,21,115,"Kentucky","Johnson County",1,51,299,140,159
050,21,115,"Kentucky","Johnson County",1,52,306,146,160
050,21,115,"Kentucky","Johnson County",1,53,317,150,167
050,21,115,"Kentucky","Johnson County",1,54,296,151,145
050,21,115,"Kentucky","Johnson County",1,55,335,165,170
050,21,115,"Kentucky","Johnson County",1,56,362,176,186
050,21,115,"Kentucky","Johnson County",1,57,337,161,176
050,21,115,"Kentucky","Johnson County",1,58,328,167,161
050,21,115,"Kentucky","Johnson County",1,59,296,143,153
050,21,115,"Kentucky","Johnson County",1,60,321,143,178
050,21,115,"Kentucky","Johnson County",1,61,342,155,187
050,21,115,"Kentucky","Johnson County",1,62,322,141,181
050,21,115,"Kentucky","Johnson County",1,63,313,162,151
050,21,115,"Kentucky","Johnson County",1,64,295,135,160
050,21,115,"Kentucky","Johnson County",1,65,309,151,158
050,21,115,"Kentucky","Johnson County",1,66,300,139,161
050,21,115,"Kentucky","Johnson County",1,67,301,140,161
050,21,115,"Kentucky","Johnson County",1,68,287,140,147
050,21,115,"Kentucky","Johnson County",1,69,261,129,132
050,21,115,"Kentucky","Johnson County",1,70,256,128,128
050,21,115,"Kentucky","Johnson County",1,71,268,145,123
050,21,115,"Kentucky","Johnson County",1,72,268,148,120
050,21,115,"Kentucky","Johnson County",1,73,257,139,118
050,21,115,"Kentucky","Johnson County",1,74,181,90,91
050,21,115,"Kentucky","Johnson County",1,75,164,73,91
050,21,115,"Kentucky","Johnson County",1,76,183,86,97
050,21,115,"Kentucky","Johnson County",1,77,159,74,85
050,21,115,"Kentucky","Johnson County",1,78,143,61,82
050,21,115,"Kentucky","Johnson County",1,79,135,59,76
050,21,115,"Kentucky","Johnson County",1,80,124,57,67
050,21,115,"Kentucky","Johnson County",1,81,90,42,48
050,21,115,"Kentucky","Johnson County",1,82,86,38,48
050,21,115,"Kentucky","Johnson County",1,83,89,36,53
050,21,115,"Kentucky","Johnson County",1,84,65,24,41
050,21,115,"Kentucky","Johnson County",1,85,348,123,225
050,21,115,"Kentucky","Johnson County",2,0,230,123,107
050,21,115,"Kentucky","Johnson County",2,1,239,121,118
050,21,115,"Kentucky","Johnson County",2,2,252,140,112
050,21,115,"Kentucky","Johnson County",2,3,252,133,119
050,21,115,"Kentucky","Johnson County",2,4,263,133,130
050,21,115,"Kentucky","Johnson County",2,5,263,132,131
050,21,115,"Kentucky","Johnson County",2,6,291,147,144
050,21,115,"Kentucky","Johnson County",2,7,302,151,151
050,21,115,"Kentucky","Johnson County",2,8,303,145,158
050,21,115,"Kentucky","Johnson County",2,9,275,137,138
050,21,115,"Kentucky","Johnson County",2,10,275,137,138
050,21,115,"Kentucky","Johnson County",2,11,288,149,139
050,21,115,"Kentucky","Johnson County",2,12,300,160,140
050,21,115,"Kentucky","Johnson County",2,13,311,159,152
050,21,115,"Kentucky","Johnson County",2,14,312,161,151
050,21,115,"Kentucky","Johnson County",2,15,313,169,144
050,21,115,"Kentucky","Johnson County",2,16,316,181,135
050,21,115,"Kentucky","Johnson County",2,17,312,170,142
050,21,115,"Kentucky","Johnson County",2,18,259,140,119
050,21,115,"Kentucky","Johnson County",2,19,210,114,96
050,21,115,"Kentucky","Johnson County",2,20,231,124,107
050,21,115,"Kentucky","Johnson County",2,21,239,127,112
050,21,115,"Kentucky","Johnson County",2,22,230,125,105
050,21,115,"Kentucky","Johnson County",2,23,229,118,111
050,21,115,"Kentucky","Johnson County",2,24,232,113,119
050,21,115,"Kentucky","Johnson County",2,25,222,113,109
050,21,115,"Kentucky","Johnson County",2,26,238,124,114
050,21,115,"Kentucky","Johnson County",2,27,248,126,122
050,21,115,"Kentucky","Johnson County",2,28,237,119,118
050,21,115,"Kentucky","Johnson County",2,29,251,124,127
050,21,115,"Kentucky","Johnson County",2,30,275,124,151
050,21,115,"Kentucky","Johnson County",2,31,264,123,141
050,21,115,"Kentucky","Johnson County",2,32,255,129,126
050,21,115,"Kentucky","Johnson County",2,33,253,133,120
050,21,115,"Kentucky","Johnson County",2,34,247,130,117
050,21,115,"Kentucky","Johnson County",2,35,262,137,125
050,21,115,"Kentucky","Johnson County",2,36,283,133,150
050,21,115,"Kentucky","Johnson County",2,37,305,146,159
050,21,115,"Kentucky","Johnson County",2,38,297,143,154
050,21,115,"Kentucky","Johnson County",2,39,289,138,151
050,21,115,"Kentucky","Johnson County",2,40,278,139,139
050,21,115,"Kentucky","Johnson County",2,41,281,143,138
050,21,115,"Kentucky","Johnson County",2,42,296,152,144
050,21,115,"Kentucky","Johnson County",2,43,299,159,140
050,21,115,"Kentucky","Johnson County",2,44,283,143,140
050,21,115,"Kentucky","Johnson County",2,45,278,126,152
050,21,115,"Kentucky","Johnson County",2,46,281,134,147
050,21,115,"Kentucky","Johnson County",2,47,296,154,142
050,21,115,"Kentucky","Johnson County",2,48,321,160,161
050,21,115,"Kentucky","Johnson County",2,49,323,158,165
050,21,115,"Kentucky","Johnson County",2,50,309,145,164
050,21,115,"Kentucky","Johnson County",2,51,300,140,160
050,21,115,"Kentucky","Johnson County",2,52,303,145,158
050,21,115,"Kentucky","Johnson County",2,53,316,150,166
050,21,115,"Kentucky","Johnson County",2,54,298,150,148
050,21,115,"Kentucky","Johnson County",2,55,324,161,163
050,21,115,"Kentucky","Johnson County",2,56,357,175,182
050,21,115,"Kentucky","Johnson County",2,57,345,167,178
050,21,115,"Kentucky","Johnson County",2,58,329,166,163
050,21,115,"Kentucky","Johnson County",2,59,307,149,158
050,21,115,"Kentucky","Johnson County",2,60,310,140,170
050,21,115,"Kentucky","Johnson County",2,61,337,152,185
050,21,115,"Kentucky","Johnson County",2,62,325,143,182
050,21,115,"Kentucky","Johnson County",2,63,317,158,159
050,21,115,"Kentucky","Johnson County",2,64,293,138,155
050,21,115,"Kentucky","Johnson County",2,65,305,147,158
050,21,115,"Kentucky","Johnson County",2,66,303,142,161
050,21,115,"Kentucky","Johnson County",2,67,301,139,162
050,21,115,"Kentucky","Johnson County",2,68,286,139,147
050,21,115,"Kentucky","Johnson County",2,69,267,132,135
050,21,115,"Kentucky","Johnson County",2,70,253,126,127
050,21,115,"Kentucky","Johnson County",2,71,263,141,122
050,21,115,"Kentucky","Johnson County",2,72,260,142,118
050,21,115,"Kentucky","Johnson County",2,73,272,148,124
050,21,115,"Kentucky","Johnson County",2,74,188,96,92
050,21,115,"Kentucky","Johnson County",2,75,167,77,90
050,21,115,"Kentucky","Johnson County",2,76,174,81,93
050,21,115,"Kentucky","Johnson County",2,77,166,77,89
050,21,115,"Kentucky","Johnson County",2,78,143,61,82
050,21,115,"Kentucky","Johnson County",2,79,136,58,78
050,21,115,"Kentucky","Johnson County",2,80,124,57,67
050,21,115,"Kentucky","Johnson County",2,81,95,43,52
050,21,115,"Kentucky","Johnson County",2,82,85,38,47
050,21,115,"Kentucky","Johnson County",2,83,86,36,50
050,21,115,"Kentucky","Johnson County",2,84,68,27,41
050,21,115,"Kentucky","Johnson County",2,85,347,122,225
050,21,115,"Kentucky","Johnson County",3,0,228,116,112
050,21,115,"Kentucky","Johnson County",3,1,232,127,105
050,21,115,"Kentucky","Johnson County",3,2,238,117,121
050,21,115,"Kentucky","Johnson County",3,3,256,140,116
050,21,115,"Kentucky","Johnson County",3,4,267,145,122
050,21,115,"Kentucky","Johnson County",3,5,256,131,125
050,21,115,"Kentucky","Johnson County",3,6,261,127,134
050,21,115,"Kentucky","Johnson County",3,7,294,148,146
050,21,115,"Kentucky","Johnson County",3,8,295,147,148
050,21,115,"Kentucky","Johnson County",3,9,314,152,162
050,21,115,"Kentucky","Johnson County",3,10,275,140,135
050,21,115,"Kentucky","Johnson County",3,11,296,149,147
050,21,115,"Kentucky","Johnson County",3,12,290,153,137
050,21,115,"Kentucky","Johnson County",3,13,301,159,142
050,21,115,"Kentucky","Johnson County",3,14,314,156,158
050,21,115,"Kentucky","Johnson County",3,15,318,168,150
050,21,115,"Kentucky","Johnson County",3,16,305,168,137
050,21,115,"Kentucky","Johnson County",3,17,311,182,129
050,21,115,"Kentucky","Johnson County",3,18,272,151,121
050,21,115,"Kentucky","Johnson County",3,19,212,120,92
050,21,115,"Kentucky","Johnson County",3,20,233,125,108
050,21,115,"Kentucky","Johnson County",3,21,233,126,107
050,21,115,"Kentucky","Johnson County",3,22,253,127,126
050,21,115,"Kentucky","Johnson County",3,23,245,133,112
050,21,115,"Kentucky","Johnson County",3,24,221,108,113
050,21,115,"Kentucky","Johnson County",3,25,225,108,117
050,21,115,"Kentucky","Johnson County",3,26,220,113,107
050,21,115,"Kentucky","Johnson County",3,27,245,127,118
050,21,115,"Kentucky","Johnson County",3,28,240,121,119
050,21,115,"Kentucky","Johnson County",3,29,244,127,117
050,21,115,"Kentucky","Johnson County",3,30,252,119,133
050,21,115,"Kentucky","Johnson County",3,31,290,133,157
050,21,115,"Kentucky","Johnson County",3,32,256,119,137
050,21,115,"Kentucky","Johnson County",3,33,259,129,130
050,21,115,"Kentucky","Johnson County",3,34,268,136,132
050,21,115,"Kentucky","Johnson County",3,35,246,128,118
050,21,115,"Kentucky","Johnson County",3,36,273,144,129
050,21,115,"Kentucky","Johnson County",3,37,292,141,151
050,21,115,"Kentucky","Johnson County",3,38,303,144,159
050,21,115,"Kentucky","Johnson County",3,39,286,139,147
050,21,115,"Kentucky","Johnson County",3,40,287,140,147
050,21,115,"Kentucky","Johnson County",3,41,275,140,135
050,21,115,"Kentucky","Johnson County",3,42,278,142,136
050,21,115,"Kentucky","Johnson County",3,43,300,156,144
050,21,115,"Kentucky","Johnson County",3,44,301,155,146
050,21,115,"Kentucky","Johnson County",3,45,285,144,141
050,21,115,"Kentucky","Johnson County",3,46,287,132,155
050,21,115,"Kentucky","Johnson County",3,47,277,130,147
050,21,115,"Kentucky","Johnson County",3,48,298,152,146
050,21,115,"Kentucky","Johnson County",3,49,320,163,157
050,21,115,"Kentucky","Johnson County",3,50,320,159,161
050,21,115,"Kentucky","Johnson County",3,51,307,145,162
050,21,115,"Kentucky","Johnson County",3,52,291,138,153
050,21,115,"Kentucky","Johnson County",3,53,295,137,158
050,21,115,"Kentucky","Johnson County",3,54,307,147,160
050,21,115,"Kentucky","Johnson County",3,55,295,147,148
050,21,115,"Kentucky","Johnson County",3,56,316,156,160
050,21,115,"Kentucky","Johnson County",3,57,367,179,188
050,21,115,"Kentucky","Johnson County",3,58,336,160,176
050,21,115,"Kentucky","Johnson County",3,59,328,162,166
050,21,115,"Kentucky","Johnson County",3,60,302,143,159
050,21,115,"Kentucky","Johnson County",3,61,312,140,172
050,21,115,"Kentucky","Johnson County",3,62,321,142,179
050,21,115,"Kentucky","Johnson County",3,63,318,140,178
050,21,115,"Kentucky","Johnson County",3,64,307,151,156
050,21,115,"Kentucky","Johnson County",3,65,289,137,152
050,21,115,"Kentucky","Johnson County",3,66,302,147,155
050,21,115,"Kentucky","Johnson County",3,67,300,140,160
050,21,115,"Kentucky","Johnson County",3,68,291,133,158
050,21,115,"Kentucky","Johnson County",3,69,267,126,141
050,21,115,"Kentucky","Johnson County",3,70,251,125,126
050,21,115,"Kentucky","Johnson County",3,71,245,123,122
050,21,115,"Kentucky","Johnson County",3,72,252,134,118
050,21,115,"Kentucky","Johnson County",3,73,246,134,112
050,21,115,"Kentucky","Johnson County",3,74,259,138,121
050,21,115,"Kentucky","Johnson County",3,75,175,88,87
050,21,115,"Kentucky","Johnson County",3,76,156,72,84
050,21,115,"Kentucky","Johnson County",3,77,153,72,81
050,21,115,"Kentucky","Johnson County",3,78,153,69,84
050,21,115,"Kentucky","Johnson County",3,79,136,55,81
050,21,115,"Kentucky","Johnson County",3,80,127,55,72
050,21,115,"Kentucky","Johnson County",3,81,107,50,57
050,21,115,"Kentucky","Johnson County",3,82,97,44,53
050,21,115,"Kentucky","Johnson County",3,83,78,32,46
050,21,115,"Kentucky","Johnson County",3,84,80,33,47
050,21,115,"Kentucky","Johnson County",3,85,335,119,216
050,21,115,"Kentucky","Johnson County",4,0,234,111,123
050,21,115,"Kentucky","Johnson County",4,1,231,116,115
050,21,115,"Kentucky","Johnson County",4,2,233,128,105
050,21,115,"Kentucky","Johnson County",4,3,231,119,112
050,21,115,"Kentucky","Johnson County",4,4,244,134,110
050,21,115,"Kentucky","Johnson County",4,5,256,132,124
050,21,115,"Kentucky","Johnson County",4,6,265,134,131
050,21,115,"Kentucky","Johnson County",4,7,251,122,129
050,21,115,"Kentucky","Johnson County",4,8,288,147,141
050,21,115,"Kentucky","Johnson County",4,9,301,153,148
050,21,115,"Kentucky","Johnson County",4,10,308,153,155
050,21,115,"Kentucky","Johnson County",4,11,285,141,144
050,21,115,"Kentucky","Johnson County",4,12,300,151,149
050,21,115,"Kentucky","Johnson County",4,13,291,150,141
050,21,115,"Kentucky","Johnson County",4,14,292,153,139
050,21,115,"Kentucky","Johnson County",4,15,326,160,166
050,21,115,"Kentucky","Johnson County",4,16,315,165,150
050,21,115,"Kentucky","Johnson County",4,17,311,172,139
050,21,115,"Kentucky","Johnson County",4,18,260,155,105
050,21,115,"Kentucky","Johnson County",4,19,206,119,87
050,21,115,"Kentucky","Johnson County",4,20,231,127,104
050,21,115,"Kentucky","Johnson County",4,21,240,130,110
050,21,115,"Kentucky","Johnson County",4,22,237,127,110
050,21,115,"Kentucky","Johnson County",4,23,257,126,131
050,21,115,"Kentucky","Johnson County",4,24,259,145,114
050,21,115,"Kentucky","Johnson County",4,25,224,119,105
050,21,115,"Kentucky","Johnson County",4,26,219,105,114
050,21,115,"Kentucky","Johnson County",4,27,203,106,97
050,21,115,"Kentucky","Johnson County",4,28,239,122,117
050,21,115,"Kentucky","Johnson County",4,29,238,119,119
050,21,115,"Kentucky","Johnson County",4,30,232,125,107
050,21,115,"Kentucky","Johnson County",4,31,252,128,124
050,21,115,"Kentucky","Johnson County",4,32,295,134,161
050,21,115,"Kentucky","Johnson County",4,33,249,115,134
050,21,115,"Kentucky","Johnson County",4,34,255,131,124
050,21,115,"Kentucky","Johnson County",4,35,272,137,135
050,21,115,"Kentucky","Johnson County",4,36,242,125,117
050,21,115,"Kentucky","Johnson County",4,37,265,139,126
050,21,115,"Kentucky","Johnson County",4,38,298,142,156
050,21,115,"Kentucky","Johnson County",4,39,293,141,152
050,21,115,"Kentucky","Johnson County",4,40,290,139,151
050,21,115,"Kentucky","Johnson County",4,41,291,142,149
050,21,115,"Kentucky","Johnson County",4,42,269,141,128
050,21,115,"Kentucky","Johnson County",4,43,281,146,135
050,21,115,"Kentucky","Johnson County",4,44,299,150,149
050,21,115,"Kentucky","Johnson County",4,45,297,153,144
050,21,115,"Kentucky","Johnson County",4,46,294,148,146
050,21,115,"Kentucky","Johnson County",4,47,284,135,149
050,21,115,"Kentucky","Johnson County",4,48,271,125,146
050,21,115,"Kentucky","Johnson County",4,49,295,150,145
050,21,115,"Kentucky","Johnson County",4,50,319,165,154
050,21,115,"Kentucky","Johnson County",4,51,311,153,158
050,21,115,"Kentucky","Johnson County",4,52,305,145,160
050,21,115,"Kentucky","Johnson County",4,53,297,142,155
050,21,115,"Kentucky","Johnson County",4,54,286,139,147
050,21,115,"Kentucky","Johnson County",4,55,299,140,159
050,21,115,"Kentucky","Johnson County",4,56,289,143,146
050,21,115,"Kentucky","Johnson County",4,57,310,149,161
050,21,115,"Kentucky","Johnson County",4,58,352,177,175
050,21,115,"Kentucky","Johnson County",4,59,327,150,177
050,21,115,"Kentucky","Johnson County",4,60,317,151,166
050,21,115,"Kentucky","Johnson County",4,61,303,141,162
050,21,115,"Kentucky","Johnson County",4,62,301,132,169
050,21,115,"Kentucky","Johnson County",4,63,317,139,178
050,21,115,"Kentucky","Johnson County",4,64,308,138,170
050,21,115,"Kentucky","Johnson County",4,65,298,148,150
050,21,115,"Kentucky","Johnson County",4,66,282,134,148
050,21,115,"Kentucky","Johnson County",4,67,289,141,148
050,21,115,"Kentucky","Johnson County",4,68,285,135,150
050,21,115,"Kentucky","Johnson County",4,69,279,122,157
050,21,115,"Kentucky","Johnson County",4,70,253,121,132
050,21,115,"Kentucky","Johnson County",4,71,237,115,122
050,21,115,"Kentucky","Johnson County",4,72,235,117,118
050,21,115,"Kentucky","Johnson County",4,73,245,126,119
050,21,115,"Kentucky","Johnson County",4,74,237,130,107
050,21,115,"Kentucky","Johnson County",4,75,240,126,114
050,21,115,"Kentucky","Johnson County",4,76,163,81,82
050,21,115,"Kentucky","Johnson County",4,77,139,62,77
050,21,115,"Kentucky","Johnson County",4,78,144,66,78
050,21,115,"Kentucky","Johnson County",4,79,138,61,77
050,21,115,"Kentucky","Johnson County",4,80,125,50,75
050,21,115,"Kentucky","Johnson County",4,81,100,42,58
050,21,115,"Kentucky","Johnson County",4,82,107,49,58
050,21,115,"Kentucky","Johnson County",4,83,89,38,51
050,21,115,"Kentucky","Johnson County",4,84,75,31,44
050,21,115,"Kentucky","Johnson County",4,85,335,122,213
050,21,115,"Kentucky","Johnson County",5,0,231,109,122
050,21,115,"Kentucky","Johnson County",5,1,236,118,118
050,21,115,"Kentucky","Johnson County",5,2,232,115,117
050,21,115,"Kentucky","Johnson County",5,3,247,138,109
050,21,115,"Kentucky","Johnson County",5,4,235,118,117
050,21,115,"Kentucky","Johnson County",5,5,248,134,114
050,21,115,"Kentucky","Johnson County",5,6,271,148,123
050,21,115,"Kentucky","Johnson County",5,7,257,131,126
050,21,115,"Kentucky","Johnson County",5,8,249,120,129
050,21,115,"Kentucky","Johnson County",5,9,285,148,137
050,21,115,"Kentucky","Johnson County",5,10,305,155,150
050,21,115,"Kentucky","Johnson County",5,11,311,157,154
050,21,115,"Kentucky","Johnson County",5,12,272,140,132
050,21,115,"Kentucky","Johnson County",5,13,299,153,146
050,21,115,"Kentucky","Johnson County",5,14,287,152,135
050,21,115,"Kentucky","Johnson County",5,15,300,150,150
050,21,115,"Kentucky","Johnson County",5,16,322,154,168
050,21,115,"Kentucky","Johnson County",5,17,304,158,146
050,21,115,"Kentucky","Johnson County",5,18,255,138,117
050,21,115,"Kentucky","Johnson County",5,19,203,126,77
050,21,115,"Kentucky","Johnson County",5,20,226,128,98
050,21,115,"Kentucky","Johnson County",5,21,250,131,119
050,21,115,"Kentucky","Johnson County",5,22,248,131,117
050,21,115,"Kentucky","Johnson County",5,23,243,125,118
050,21,115,"Kentucky","Johnson County",5,24,272,127,145
050,21,115,"Kentucky","Johnson County",5,25,249,141,108
050,21,115,"Kentucky","Johnson County",5,26,227,112,115
050,21,115,"Kentucky","Johnson County",5,27,234,112,122
050,21,115,"Kentucky","Johnson County",5,28,198,98,100
050,21,115,"Kentucky","Johnson County",5,29,245,128,117
050,21,115,"Kentucky","Johnson County",5,30,230,112,118
050,21,115,"Kentucky","Johnson County",5,31,238,127,111
050,21,115,"Kentucky","Johnson County",5,32,263,123,140
050,21,115,"Kentucky","Johnson County",5,33,295,130,165
050,21,115,"Kentucky","Johnson County",5,34,249,118,131
050,21,115,"Kentucky","Johnson County",5,35,262,134,128
050,21,115,"Kentucky","Johnson County",5,36,261,134,127
050,21,115,"Kentucky","Johnson County",5,37,246,129,117
050,21,115,"Kentucky","Johnson County",5,38,269,144,125
050,21,115,"Kentucky","Johnson County",5,39,297,146,151
050,21,115,"Kentucky","Johnson County",5,40,298,140,158
050,21,115,"Kentucky","Johnson County",5,41,290,138,152
050,21,115,"Kentucky","Johnson County",5,42,298,146,152
050,21,115,"Kentucky","Johnson County",5,43,275,145,130
050,21,115,"Kentucky","Johnson County",5,44,272,138,134
050,21,115,"Kentucky","Johnson County",5,45,298,145,153
050,21,115,"Kentucky","Johnson County",5,46,296,152,144
050,21,115,"Kentucky","Johnson County",5,47,285,153,132
050,21,115,"Kentucky","Johnson County",5,48,274,128,146
050,21,115,"Kentucky","Johnson County",5,49,273,124,149
050,21,115,"Kentucky","Johnson County",5,50,299,151,148
050,21,115,"Kentucky","Johnson County",5,51,307,162,145
050,21,115,"Kentucky","Johnson County",5,52,315,160,155
050,21,115,"Kentucky","Johnson County",5,53,308,142,166
050,21,115,"Kentucky","Johnson County",5,54,290,142,148
050,21,115,"Kentucky","Johnson County",5,55,280,136,144
050,21,115,"Kentucky","Johnson County",5,56,299,140,159
050,21,115,"Kentucky","Johnson County",5,57,289,140,149
050,21,115,"Kentucky","Johnson County",5,58,304,147,157
050,21,115,"Kentucky","Johnson County",5,59,349,176,173
050,21,115,"Kentucky","Johnson County",5,60,309,139,170
050,21,115,"Kentucky","Johnson County",5,61,312,149,163
050,21,115,"Kentucky","Johnson County",5,62,294,136,158
050,21,115,"Kentucky","Johnson County",5,63,302,133,169
050,21,115,"Kentucky","Johnson County",5,64,306,134,172
050,21,115,"Kentucky","Johnson County",5,65,294,134,160
050,21,115,"Kentucky","Johnson County",5,66,290,144,146
050,21,115,"Kentucky","Johnson County",5,67,281,132,149
050,21,115,"Kentucky","Johnson County",5,68,280,140,140
050,21,115,"Kentucky","Johnson County",5,69,269,124,145
050,21,115,"Kentucky","Johnson County",5,70,261,114,147
050,21,115,"Kentucky","Johnson County",5,71,246,115,131
050,21,115,"Kentucky","Johnson County",5,72,227,108,119
050,21,115,"Kentucky","Johnson County",5,73,229,115,114
050,21,115,"Kentucky","Johnson County",5,74,241,125,116
050,21,115,"Kentucky","Johnson County",5,75,220,120,100
050,21,115,"Kentucky","Johnson County",5,76,222,117,105
050,21,115,"Kentucky","Johnson County",5,77,155,76,79
050,21,115,"Kentucky","Johnson County",5,78,137,59,78
050,21,115,"Kentucky","Johnson County",5,79,135,60,75
050,21,115,"Kentucky","Johnson County",5,80,126,54,72
050,21,115,"Kentucky","Johnson County",5,81,99,39,60
050,21,115,"Kentucky","Johnson County",5,82,102,42,60
050,21,115,"Kentucky","Johnson County",5,83,97,43,54
050,21,115,"Kentucky","Johnson County",5,84,83,36,47
050,21,115,"Kentucky","Johnson County",5,85,349,130,219
050,21,117,"Kentucky","Kenton County",1,0,2202,1126,1076
050,21,117,"Kentucky","Kenton County",1,1,2208,1120,1088
050,21,117,"Kentucky","Kenton County",1,2,2181,1103,1078
050,21,117,"Kentucky","Kenton County",1,3,2132,1100,1032
050,21,117,"Kentucky","Kenton County",1,4,2197,1150,1047
050,21,117,"Kentucky","Kenton County",1,5,2218,1149,1069
050,21,117,"Kentucky","Kenton County",1,6,2254,1166,1088
050,21,117,"Kentucky","Kenton County",1,7,2160,1105,1055
050,21,117,"Kentucky","Kenton County",1,8,2203,1159,1044
050,21,117,"Kentucky","Kenton County",1,9,2239,1185,1054
050,21,117,"Kentucky","Kenton County",1,10,2348,1257,1091
050,21,117,"Kentucky","Kenton County",1,11,2387,1182,1205
050,21,117,"Kentucky","Kenton County",1,12,2372,1192,1180
050,21,117,"Kentucky","Kenton County",1,13,2398,1201,1197
050,21,117,"Kentucky","Kenton County",1,14,2260,1118,1142
050,21,117,"Kentucky","Kenton County",1,15,2275,1161,1114
050,21,117,"Kentucky","Kenton County",1,16,2301,1176,1125
050,21,117,"Kentucky","Kenton County",1,17,2223,1135,1088
050,21,117,"Kentucky","Kenton County",1,18,1904,1033,871
050,21,117,"Kentucky","Kenton County",1,19,1648,881,767
050,21,117,"Kentucky","Kenton County",1,20,1702,884,818
050,21,117,"Kentucky","Kenton County",1,21,1831,930,901
050,21,117,"Kentucky","Kenton County",1,22,1907,934,973
050,21,117,"Kentucky","Kenton County",1,23,2074,1055,1019
050,21,117,"Kentucky","Kenton County",1,24,2243,1137,1106
050,21,117,"Kentucky","Kenton County",1,25,2344,1165,1179
050,21,117,"Kentucky","Kenton County",1,26,2414,1212,1202
050,21,117,"Kentucky","Kenton County",1,27,2519,1269,1250
050,21,117,"Kentucky","Kenton County",1,28,2587,1304,1283
050,21,117,"Kentucky","Kenton County",1,29,2666,1355,1311
050,21,117,"Kentucky","Kenton County",1,30,2554,1278,1276
050,21,117,"Kentucky","Kenton County",1,31,2586,1306,1280
050,21,117,"Kentucky","Kenton County",1,32,2515,1286,1229
050,21,117,"Kentucky","Kenton County",1,33,2442,1211,1231
050,21,117,"Kentucky","Kenton County",1,34,2438,1246,1192
050,21,117,"Kentucky","Kenton County",1,35,2377,1176,1201
050,21,117,"Kentucky","Kenton County",1,36,2211,1098,1113
050,21,117,"Kentucky","Kenton County",1,37,2309,1187,1122
050,21,117,"Kentucky","Kenton County",1,38,2299,1164,1135
050,21,117,"Kentucky","Kenton County",1,39,2286,1138,1148
050,21,117,"Kentucky","Kenton County",1,40,2336,1154,1182
050,21,117,"Kentucky","Kenton County",1,41,2240,1114,1126
050,21,117,"Kentucky","Kenton County",1,42,2196,1110,1086
050,21,117,"Kentucky","Kenton County",1,43,2086,1063,1023
050,21,117,"Kentucky","Kenton County",1,44,1954,981,973
050,21,117,"Kentucky","Kenton County",1,45,1979,1010,969
050,21,117,"Kentucky","Kenton County",1,46,1859,985,874
050,21,117,"Kentucky","Kenton County",1,47,1861,945,916
050,21,117,"Kentucky","Kenton County",1,48,1987,1011,976
050,21,117,"Kentucky","Kenton County",1,49,2171,1094,1077
050,21,117,"Kentucky","Kenton County",1,50,2064,1029,1035
050,21,117,"Kentucky","Kenton County",1,51,2089,1057,1032
050,21,117,"Kentucky","Kenton County",1,52,2108,1020,1088
050,21,117,"Kentucky","Kenton County",1,53,2166,1067,1099
050,21,117,"Kentucky","Kenton County",1,54,2196,1102,1094
050,21,117,"Kentucky","Kenton County",1,55,2260,1125,1135
050,21,117,"Kentucky","Kenton County",1,56,2348,1123,1225
050,21,117,"Kentucky","Kenton County",1,57,2292,1117,1175
050,21,117,"Kentucky","Kenton County",1,58,2370,1161,1209
050,21,117,"Kentucky","Kenton County",1,59,2288,1163,1125
050,21,117,"Kentucky","Kenton County",1,60,2238,1144,1094
050,21,117,"Kentucky","Kenton County",1,61,2245,1092,1153
050,21,117,"Kentucky","Kenton County",1,62,2268,1098,1170
050,21,117,"Kentucky","Kenton County",1,63,2121,1034,1087
050,21,117,"Kentucky","Kenton County",1,64,2049,1013,1036
050,21,117,"Kentucky","Kenton County",1,65,1944,962,982
050,21,117,"Kentucky","Kenton County",1,66,1848,912,936
050,21,117,"Kentucky","Kenton County",1,67,1763,852,911
050,21,117,"Kentucky","Kenton County",1,68,1732,821,911
050,21,117,"Kentucky","Kenton County",1,69,1614,757,857
050,21,117,"Kentucky","Kenton County",1,70,1569,719,850
050,21,117,"Kentucky","Kenton County",1,71,1517,712,805
050,21,117,"Kentucky","Kenton County",1,72,1470,691,779
050,21,117,"Kentucky","Kenton County",1,73,1393,660,733
050,21,117,"Kentucky","Kenton County",1,74,941,439,502
050,21,117,"Kentucky","Kenton County",1,75,891,402,489
050,21,117,"Kentucky","Kenton County",1,76,886,392,494
050,21,117,"Kentucky","Kenton County",1,77,831,370,461
050,21,117,"Kentucky","Kenton County",1,78,754,332,422
050,21,117,"Kentucky","Kenton County",1,79,666,288,378
050,21,117,"Kentucky","Kenton County",1,80,618,263,355
050,21,117,"Kentucky","Kenton County",1,81,591,228,363
050,21,117,"Kentucky","Kenton County",1,82,531,230,301
050,21,117,"Kentucky","Kenton County",1,83,443,196,247
050,21,117,"Kentucky","Kenton County",1,84,431,163,268
050,21,117,"Kentucky","Kenton County",1,85,2424,811,1613
050,21,117,"Kentucky","Kenton County",2,0,2190,1103,1087
050,21,117,"Kentucky","Kenton County",2,1,2193,1119,1074
050,21,117,"Kentucky","Kenton County",2,2,2184,1104,1080
050,21,117,"Kentucky","Kenton County",2,3,2132,1097,1035
050,21,117,"Kentucky","Kenton County",2,4,2178,1138,1040
050,21,117,"Kentucky","Kenton County",2,5,2206,1144,1062
050,21,117,"Kentucky","Kenton County",2,6,2241,1163,1078
050,21,117,"Kentucky","Kenton County",2,7,2181,1121,1060
050,21,117,"Kentucky","Kenton County",2,8,2183,1141,1042
050,21,117,"Kentucky","Kenton County",2,9,2216,1171,1045
050,21,117,"Kentucky","Kenton County",2,10,2314,1234,1080
050,21,117,"Kentucky","Kenton County",2,11,2372,1200,1172
050,21,117,"Kentucky","Kenton County",2,12,2381,1193,1188
050,21,117,"Kentucky","Kenton County",2,13,2389,1198,1191
050,21,117,"Kentucky","Kenton County",2,14,2293,1139,1154
050,21,117,"Kentucky","Kenton County",2,15,2272,1151,1121
050,21,117,"Kentucky","Kenton County",2,16,2292,1169,1123
050,21,117,"Kentucky","Kenton County",2,17,2245,1144,1101
050,21,117,"Kentucky","Kenton County",2,18,1916,1027,889
050,21,117,"Kentucky","Kenton County",2,19,1665,896,769
050,21,117,"Kentucky","Kenton County",2,20,1730,899,831
050,21,117,"Kentucky","Kenton County",2,21,1817,923,894
050,21,117,"Kentucky","Kenton County",2,22,1927,945,982
050,21,117,"Kentucky","Kenton County",2,23,2098,1052,1046
050,21,117,"Kentucky","Kenton County",2,24,2232,1129,1103
050,21,117,"Kentucky","Kenton County",2,25,2338,1174,1164
050,21,117,"Kentucky","Kenton County",2,26,2416,1214,1202
050,21,117,"Kentucky","Kenton County",2,27,2514,1269,1245
050,21,117,"Kentucky","Kenton County",2,28,2596,1312,1284
050,21,117,"Kentucky","Kenton County",2,29,2653,1345,1308
050,21,117,"Kentucky","Kenton County",2,30,2591,1299,1292
050,21,117,"Kentucky","Kenton County",2,31,2570,1294,1276
050,21,117,"Kentucky","Kenton County",2,32,2528,1289,1239
050,21,117,"Kentucky","Kenton County",2,33,2466,1232,1234
050,21,117,"Kentucky","Kenton County",2,34,2436,1234,1202
050,21,117,"Kentucky","Kenton County",2,35,2394,1194,1200
050,21,117,"Kentucky","Kenton County",2,36,2231,1109,1122
050,21,117,"Kentucky","Kenton County",2,37,2285,1169,1116
050,21,117,"Kentucky","Kenton County",2,38,2301,1170,1131
050,21,117,"Kentucky","Kenton County",2,39,2288,1142,1146
050,21,117,"Kentucky","Kenton County",2,40,2329,1155,1174
050,21,117,"Kentucky","Kenton County",2,41,2258,1124,1134
050,21,117,"Kentucky","Kenton County",2,42,2194,1105,1089
050,21,117,"Kentucky","Kenton County",2,43,2128,1083,1045
050,21,117,"Kentucky","Kenton County",2,44,1966,992,974
050,21,117,"Kentucky","Kenton County",2,45,1983,1014,969
050,21,117,"Kentucky","Kenton County",2,46,1886,988,898
050,21,117,"Kentucky","Kenton County",2,47,1855,953,902
050,21,117,"Kentucky","Kenton County",2,48,1953,991,962
050,21,117,"Kentucky","Kenton County",2,49,2140,1083,1057
050,21,117,"Kentucky","Kenton County",2,50,2089,1041,1048
050,21,117,"Kentucky","Kenton County",2,51,2086,1052,1034
050,21,117,"Kentucky","Kenton County",2,52,2099,1028,1071
050,21,117,"Kentucky","Kenton County",2,53,2147,1056,1091
050,21,117,"Kentucky","Kenton County",2,54,2186,1093,1093
050,21,117,"Kentucky","Kenton County",2,55,2225,1104,1121
050,21,117,"Kentucky","Kenton County",2,56,2327,1121,1206
050,21,117,"Kentucky","Kenton County",2,57,2303,1117,1186
050,21,117,"Kentucky","Kenton County",2,58,2340,1147,1193
050,21,117,"Kentucky","Kenton County",2,59,2322,1168,1154
050,21,117,"Kentucky","Kenton County",2,60,2240,1142,1098
050,21,117,"Kentucky","Kenton County",2,61,2232,1098,1134
050,21,117,"Kentucky","Kenton County",2,62,2260,1098,1162
050,21,117,"Kentucky","Kenton County",2,63,2166,1053,1113
050,21,117,"Kentucky","Kenton County",2,64,2059,1016,1043
050,21,117,"Kentucky","Kenton County",2,65,1956,967,989
050,21,117,"Kentucky","Kenton County",2,66,1856,918,938
050,21,117,"Kentucky","Kenton County",2,67,1776,861,915
050,21,117,"Kentucky","Kenton County",2,68,1714,814,900
050,21,117,"Kentucky","Kenton County",2,69,1638,771,867
050,21,117,"Kentucky","Kenton County",2,70,1566,720,846
050,21,117,"Kentucky","Kenton County",2,71,1527,713,814
050,21,117,"Kentucky","Kenton County",2,72,1455,679,776
050,21,117,"Kentucky","Kenton County",2,73,1472,698,774
050,21,117,"Kentucky","Kenton County",2,74,982,461,521
050,21,117,"Kentucky","Kenton County",2,75,905,410,495
050,21,117,"Kentucky","Kenton County",2,76,871,386,485
050,21,117,"Kentucky","Kenton County",2,77,854,375,479
050,21,117,"Kentucky","Kenton County",2,78,757,334,423
050,21,117,"Kentucky","Kenton County",2,79,673,293,380
050,21,117,"Kentucky","Kenton County",2,80,623,266,357
050,21,117,"Kentucky","Kenton County",2,81,589,235,354
050,21,117,"Kentucky","Kenton County",2,82,540,227,313
050,21,117,"Kentucky","Kenton County",2,83,451,197,254
050,21,117,"Kentucky","Kenton County",2,84,427,165,262
050,21,117,"Kentucky","Kenton County",2,85,2412,815,1597
050,21,117,"Kentucky","Kenton County",3,0,2107,1083,1024
050,21,117,"Kentucky","Kenton County",3,1,2243,1120,1123
050,21,117,"Kentucky","Kenton County",3,2,2114,1072,1042
050,21,117,"Kentucky","Kenton County",3,3,2166,1091,1075
050,21,117,"Kentucky","Kenton County",3,4,2074,1062,1012
050,21,117,"Kentucky","Kenton County",3,5,2135,1100,1035
050,21,117,"Kentucky","Kenton County",3,6,2179,1142,1037
050,21,117,"Kentucky","Kenton County",3,7,2230,1172,1058
050,21,117,"Kentucky","Kenton County",3,8,2131,1085,1046
050,21,117,"Kentucky","Kenton County",3,9,2192,1135,1057
050,21,117,"Kentucky","Kenton County",3,10,2210,1152,1058
050,21,117,"Kentucky","Kenton County",3,11,2314,1235,1079
050,21,117,"Kentucky","Kenton County",3,12,2324,1177,1147
050,21,117,"Kentucky","Kenton County",3,13,2376,1204,1172
050,21,117,"Kentucky","Kenton County",3,14,2360,1188,1172
050,21,117,"Kentucky","Kenton County",3,15,2268,1123,1145
050,21,117,"Kentucky","Kenton County",3,16,2285,1140,1145
050,21,117,"Kentucky","Kenton County",3,17,2307,1174,1133
050,21,117,"Kentucky","Kenton County",3,18,2003,1043,960
050,21,117,"Kentucky","Kenton County",3,19,1628,876,752
050,21,117,"Kentucky","Kenton County",3,20,1796,959,837
050,21,117,"Kentucky","Kenton County",3,21,1804,917,887
050,21,117,"Kentucky","Kenton County",3,22,1951,962,989
050,21,117,"Kentucky","Kenton County",3,23,2113,1053,1060
050,21,117,"Kentucky","Kenton County",3,24,2315,1159,1156
050,21,117,"Kentucky","Kenton County",3,25,2385,1224,1161
050,21,117,"Kentucky","Kenton County",3,26,2446,1252,1194
050,21,117,"Kentucky","Kenton County",3,27,2453,1244,1209
050,21,117,"Kentucky","Kenton County",3,28,2534,1299,1235
050,21,117,"Kentucky","Kenton County",3,29,2564,1289,1275
050,21,117,"Kentucky","Kenton County",3,30,2678,1339,1339
050,21,117,"Kentucky","Kenton County",3,31,2582,1279,1303
050,21,117,"Kentucky","Kenton County",3,32,2538,1289,1249
050,21,117,"Kentucky","Kenton County",3,33,2501,1278,1223
050,21,117,"Kentucky","Kenton County",3,34,2453,1251,1202
050,21,117,"Kentucky","Kenton County",3,35,2368,1210,1158
050,21,117,"Kentucky","Kenton County",3,36,2362,1168,1194
050,21,117,"Kentucky","Kenton County",3,37,2207,1096,1111
050,21,117,"Kentucky","Kenton County",3,38,2282,1189,1093
050,21,117,"Kentucky","Kenton County",3,39,2252,1122,1130
050,21,117,"Kentucky","Kenton County",3,40,2280,1124,1156
050,21,117,"Kentucky","Kenton County",3,41,2312,1139,1173
050,21,117,"Kentucky","Kenton County",3,42,2229,1101,1128
050,21,117,"Kentucky","Kenton County",3,43,2201,1112,1089
050,21,117,"Kentucky","Kenton County",3,44,2104,1069,1035
050,21,117,"Kentucky","Kenton County",3,45,1928,980,948
050,21,117,"Kentucky","Kenton County",3,46,1965,1004,961
050,21,117,"Kentucky","Kenton County",3,47,1888,989,899
050,21,117,"Kentucky","Kenton County",3,48,1868,952,916
050,21,117,"Kentucky","Kenton County",3,49,1955,1017,938
050,21,117,"Kentucky","Kenton County",3,50,2122,1061,1061
050,21,117,"Kentucky","Kenton County",3,51,2078,1035,1043
050,21,117,"Kentucky","Kenton County",3,52,2084,1051,1033
050,21,117,"Kentucky","Kenton County",3,53,2075,1014,1061
050,21,117,"Kentucky","Kenton County",3,54,2124,1038,1086
050,21,117,"Kentucky","Kenton County",3,55,2148,1063,1085
050,21,117,"Kentucky","Kenton County",3,56,2201,1097,1104
050,21,117,"Kentucky","Kenton County",3,57,2292,1105,1187
050,21,117,"Kentucky","Kenton County",3,58,2265,1096,1169
050,21,117,"Kentucky","Kenton County",3,59,2318,1128,1190
050,21,117,"Kentucky","Kenton County",3,60,2323,1157,1166
050,21,117,"Kentucky","Kenton County",3,61,2214,1117,1097
050,21,117,"Kentucky","Kenton County",3,62,2191,1075,1116
050,21,117,"Kentucky","Kenton County",3,63,2222,1073,1149
050,21,117,"Kentucky","Kenton County",3,64,2144,1043,1101
050,21,117,"Kentucky","Kenton County",3,65,2042,1011,1031
050,21,117,"Kentucky","Kenton County",3,66,1926,955,971
050,21,117,"Kentucky","Kenton County",3,67,1841,909,932
050,21,117,"Kentucky","Kenton County",3,68,1722,843,879
050,21,117,"Kentucky","Kenton County",3,69,1697,802,895
050,21,117,"Kentucky","Kenton County",3,70,1621,765,856
050,21,117,"Kentucky","Kenton County",3,71,1511,703,808
050,21,117,"Kentucky","Kenton County",3,72,1489,684,805
050,21,117,"Kentucky","Kenton County",3,73,1395,655,740
050,21,117,"Kentucky","Kenton County",3,74,1421,674,747
050,21,117,"Kentucky","Kenton County",3,75,968,454,514
050,21,117,"Kentucky","Kenton County",3,76,861,382,479
050,21,117,"Kentucky","Kenton County",3,77,818,361,457
050,21,117,"Kentucky","Kenton County",3,78,836,364,472
050,21,117,"Kentucky","Kenton County",3,79,706,314,392
050,21,117,"Kentucky","Kenton County",3,80,648,277,371
050,21,117,"Kentucky","Kenton County",3,81,576,238,338
050,21,117,"Kentucky","Kenton County",3,82,562,222,340
050,21,117,"Kentucky","Kenton County",3,83,477,192,285
050,21,117,"Kentucky","Kenton County",3,84,431,185,246
050,21,117,"Kentucky","Kenton County",3,85,2389,798,1591
050,21,117,"Kentucky","Kenton County",4,0,2182,1114,1068
050,21,117,"Kentucky","Kenton County",4,1,2065,1053,1012
050,21,117,"Kentucky","Kenton County",4,2,2224,1110,1114
050,21,117,"Kentucky","Kenton County",4,3,2103,1068,1035
050,21,117,"Kentucky","Kenton County",4,4,2146,1108,1038
050,21,117,"Kentucky","Kenton County",4,5,2041,1032,1009
050,21,117,"Kentucky","Kenton County",4,6,2116,1093,1023
050,21,117,"Kentucky","Kenton County",4,7,2175,1142,1033
050,21,117,"Kentucky","Kenton County",4,8,2190,1144,1046
050,21,117,"Kentucky","Kenton County",4,9,2112,1081,1031
050,21,117,"Kentucky","Kenton County",4,10,2160,1104,1056
050,21,117,"Kentucky","Kenton County",4,11,2194,1121,1073
050,21,117,"Kentucky","Kenton County",4,12,2326,1248,1078
050,21,117,"Kentucky","Kenton County",4,13,2310,1168,1142
050,21,117,"Kentucky","Kenton County",4,14,2390,1194,1196
050,21,117,"Kentucky","Kenton County",4,15,2370,1176,1194
050,21,117,"Kentucky","Kenton County",4,16,2273,1136,1137
050,21,117,"Kentucky","Kenton County",4,17,2308,1171,1137
050,21,117,"Kentucky","Kenton County",4,18,1989,1044,945
050,21,117,"Kentucky","Kenton County",4,19,1652,871,781
050,21,117,"Kentucky","Kenton County",4,20,1690,886,804
050,21,117,"Kentucky","Kenton County",4,21,1869,999,870
050,21,117,"Kentucky","Kenton County",4,22,1940,970,970
050,21,117,"Kentucky","Kenton County",4,23,2153,1088,1065
050,21,117,"Kentucky","Kenton County",4,24,2288,1161,1127
050,21,117,"Kentucky","Kenton County",4,25,2403,1193,1210
050,21,117,"Kentucky","Kenton County",4,26,2458,1277,1181
050,21,117,"Kentucky","Kenton County",4,27,2472,1281,1191
050,21,117,"Kentucky","Kenton County",4,28,2468,1255,1213
050,21,117,"Kentucky","Kenton County",4,29,2549,1334,1215
050,21,117,"Kentucky","Kenton County",4,30,2538,1296,1242
050,21,117,"Kentucky","Kenton County",4,31,2684,1351,1333
050,21,117,"Kentucky","Kenton County",4,32,2563,1267,1296
050,21,117,"Kentucky","Kenton County",4,33,2510,1233,1277
050,21,117,"Kentucky","Kenton County",4,34,2447,1250,1197
050,21,117,"Kentucky","Kenton County",4,35,2449,1232,1217
050,21,117,"Kentucky","Kenton County",4,36,2347,1194,1153
050,21,117,"Kentucky","Kenton County",4,37,2331,1167,1164
050,21,117,"Kentucky","Kenton County",4,38,2216,1092,1124
050,21,117,"Kentucky","Kenton County",4,39,2261,1171,1090
050,21,117,"Kentucky","Kenton County",4,40,2254,1135,1119
050,21,117,"Kentucky","Kenton County",4,41,2250,1106,1144
050,21,117,"Kentucky","Kenton County",4,42,2314,1137,1177
050,21,117,"Kentucky","Kenton County",4,43,2237,1118,1119
050,21,117,"Kentucky","Kenton County",4,44,2195,1099,1096
050,21,117,"Kentucky","Kenton County",4,45,2092,1080,1012
050,21,117,"Kentucky","Kenton County",4,46,1954,987,967
050,21,117,"Kentucky","Kenton County",4,47,1990,1019,971
050,21,117,"Kentucky","Kenton County",4,48,1921,992,929
050,21,117,"Kentucky","Kenton County",4,49,1897,962,935
050,21,117,"Kentucky","Kenton County",4,50,1938,990,948
050,21,117,"Kentucky","Kenton County",4,51,2136,1073,1063
050,21,117,"Kentucky","Kenton County",4,52,2087,1041,1046
050,21,117,"Kentucky","Kenton County",4,53,2082,1050,1032
050,21,117,"Kentucky","Kenton County",4,54,2068,1017,1051
050,21,117,"Kentucky","Kenton County",4,55,2098,1029,1069
050,21,117,"Kentucky","Kenton County",4,56,2123,1049,1074
050,21,117,"Kentucky","Kenton County",4,57,2204,1110,1094
050,21,117,"Kentucky","Kenton County",4,58,2284,1090,1194
050,21,117,"Kentucky","Kenton County",4,59,2198,1059,1139
050,21,117,"Kentucky","Kenton County",4,60,2286,1094,1192
050,21,117,"Kentucky","Kenton County",4,61,2309,1155,1154
050,21,117,"Kentucky","Kenton County",4,62,2173,1090,1083
050,21,117,"Kentucky","Kenton County",4,63,2155,1051,1104
050,21,117,"Kentucky","Kenton County",4,64,2183,1043,1140
050,21,117,"Kentucky","Kenton County",4,65,2088,1011,1077
050,21,117,"Kentucky","Kenton County",4,66,1995,990,1005
050,21,117,"Kentucky","Kenton County",4,67,1929,943,986
050,21,117,"Kentucky","Kenton County",4,68,1802,889,913
050,21,117,"Kentucky","Kenton County",4,69,1706,835,871
050,21,117,"Kentucky","Kenton County",4,70,1655,777,878
050,21,117,"Kentucky","Kenton County",4,71,1577,756,821
050,21,117,"Kentucky","Kenton County",4,72,1493,680,813
050,21,117,"Kentucky","Kenton County",4,73,1444,672,772
050,21,117,"Kentucky","Kenton County",4,74,1345,634,711
050,21,117,"Kentucky","Kenton County",4,75,1383,637,746
050,21,117,"Kentucky","Kenton County",4,76,926,431,495
050,21,117,"Kentucky","Kenton County",4,77,818,367,451
050,21,117,"Kentucky","Kenton County",4,78,794,346,448
050,21,117,"Kentucky","Kenton County",4,79,769,334,435
050,21,117,"Kentucky","Kenton County",4,80,670,281,389
050,21,117,"Kentucky","Kenton County",4,81,602,247,355
050,21,117,"Kentucky","Kenton County",4,82,546,218,328
050,21,117,"Kentucky","Kenton County",4,83,494,185,309
050,21,117,"Kentucky","Kenton County",4,84,463,180,283
050,21,117,"Kentucky","Kenton County",4,85,2391,829,1562
050,21,117,"Kentucky","Kenton County",5,0,2144,1089,1055
050,21,117,"Kentucky","Kenton County",5,1,2164,1116,1048
050,21,117,"Kentucky","Kenton County",5,2,2064,1044,1020
050,21,117,"Kentucky","Kenton County",5,3,2223,1129,1094
050,21,117,"Kentucky","Kenton County",5,4,2109,1076,1033
050,21,117,"Kentucky","Kenton County",5,5,2146,1104,1042
050,21,117,"Kentucky","Kenton County",5,6,2066,1060,1006
050,21,117,"Kentucky","Kenton County",5,7,2141,1090,1051
050,21,117,"Kentucky","Kenton County",5,8,2204,1166,1038
050,21,117,"Kentucky","Kenton County",5,9,2135,1109,1026
050,21,117,"Kentucky","Kenton County",5,10,2097,1075,1022
050,21,117,"Kentucky","Kenton County",5,11,2135,1107,1028
050,21,117,"Kentucky","Kenton County",5,12,2184,1120,1064
050,21,117,"Kentucky","Kenton County",5,13,2305,1240,1065
050,21,117,"Kentucky","Kenton County",5,14,2293,1153,1140
050,21,117,"Kentucky","Kenton County",5,15,2404,1223,1181
050,21,117,"Kentucky","Kenton County",5,16,2349,1157,1192
050,21,117,"Kentucky","Kenton County",5,17,2257,1109,1148
050,21,117,"Kentucky","Kenton County",5,18,1997,1038,959
050,21,117,"Kentucky","Kenton County",5,19,1682,888,794
050,21,117,"Kentucky","Kenton County",5,20,1740,913,827
050,21,117,"Kentucky","Kenton County",5,21,1779,916,863
050,21,117,"Kentucky","Kenton County",5,22,2005,1030,975
050,21,117,"Kentucky","Kenton County",5,23,2195,1103,1092
050,21,117,"Kentucky","Kenton County",5,24,2333,1175,1158
050,21,117,"Kentucky","Kenton County",5,25,2385,1203,1182
050,21,117,"Kentucky","Kenton County",5,26,2458,1239,1219
050,21,117,"Kentucky","Kenton County",5,27,2535,1306,1229
050,21,117,"Kentucky","Kenton County",5,28,2495,1280,1215
050,21,117,"Kentucky","Kenton County",5,29,2516,1294,1222
050,21,117,"Kentucky","Kenton County",5,30,2553,1342,1211
050,21,117,"Kentucky","Kenton County",5,31,2565,1310,1255
050,21,117,"Kentucky","Kenton County",5,32,2669,1362,1307
050,21,117,"Kentucky","Kenton County",5,33,2564,1294,1270
050,21,117,"Kentucky","Kenton County",5,34,2509,1242,1267
050,21,117,"Kentucky","Kenton County",5,35,2447,1260,1187
050,21,117,"Kentucky","Kenton County",5,36,2448,1224,1224
050,21,117,"Kentucky","Kenton County",5,37,2316,1168,1148
050,21,117,"Kentucky","Kenton County",5,38,2310,1151,1159
050,21,117,"Kentucky","Kenton County",5,39,2210,1086,1124
050,21,117,"Kentucky","Kenton County",5,40,2247,1151,1096
050,21,117,"Kentucky","Kenton County",5,41,2267,1150,1117
050,21,117,"Kentucky","Kenton County",5,42,2242,1110,1132
050,21,117,"Kentucky","Kenton County",5,43,2318,1148,1170
050,21,117,"Kentucky","Kenton County",5,44,2262,1121,1141
050,21,117,"Kentucky","Kenton County",5,45,2216,1118,1098
050,21,117,"Kentucky","Kenton County",5,46,2123,1084,1039
050,21,117,"Kentucky","Kenton County",5,47,1917,966,951
050,21,117,"Kentucky","Kenton County",5,48,1990,1026,964
050,21,117,"Kentucky","Kenton County",5,49,1931,1000,931
050,21,117,"Kentucky","Kenton County",5,50,1881,935,946
050,21,117,"Kentucky","Kenton County",5,51,1925,993,932
050,21,117,"Kentucky","Kenton County",5,52,2127,1072,1055
050,21,117,"Kentucky","Kenton County",5,53,2053,1023,1030
050,21,117,"Kentucky","Kenton County",5,54,2101,1069,1032
050,21,117,"Kentucky","Kenton County",5,55,2029,982,1047
050,21,117,"Kentucky","Kenton County",5,56,2077,1025,1052
050,21,117,"Kentucky","Kenton County",5,57,2105,1036,1069
050,21,117,"Kentucky","Kenton County",5,58,2146,1078,1068
050,21,117,"Kentucky","Kenton County",5,59,2241,1072,1169
050,21,117,"Kentucky","Kenton County",5,60,2208,1061,1147
050,21,117,"Kentucky","Kenton County",5,61,2243,1081,1162
050,21,117,"Kentucky","Kenton County",5,62,2270,1124,1146
050,21,117,"Kentucky","Kenton County",5,63,2154,1077,1077
050,21,117,"Kentucky","Kenton County",5,64,2148,1050,1098
050,21,117,"Kentucky","Kenton County",5,65,2144,1026,1118
050,21,117,"Kentucky","Kenton County",5,66,2037,988,1049
050,21,117,"Kentucky","Kenton County",5,67,1989,989,1000
050,21,117,"Kentucky","Kenton County",5,68,1866,923,943
050,21,117,"Kentucky","Kenton County",5,69,1770,866,904
050,21,117,"Kentucky","Kenton County",5,70,1676,816,860
050,21,117,"Kentucky","Kenton County",5,71,1619,765,854
050,21,117,"Kentucky","Kenton County",5,72,1559,733,826
050,21,117,"Kentucky","Kenton County",5,73,1442,662,780
050,21,117,"Kentucky","Kenton County",5,74,1394,649,745
050,21,117,"Kentucky","Kenton County",5,75,1337,623,714
050,21,117,"Kentucky","Kenton County",5,76,1350,617,733
050,21,117,"Kentucky","Kenton County",5,77,883,409,474
050,21,117,"Kentucky","Kenton County",5,78,803,355,448
050,21,117,"Kentucky","Kenton County",5,79,734,319,415
050,21,117,"Kentucky","Kenton County",5,80,751,316,435
050,21,117,"Kentucky","Kenton County",5,81,621,256,365
050,21,117,"Kentucky","Kenton County",5,82,559,231,328
050,21,117,"Kentucky","Kenton County",5,83,476,186,290
050,21,117,"Kentucky","Kenton County",5,84,467,171,296
050,21,117,"Kentucky","Kenton County",5,85,2492,866,1626
050,21,119,"Kentucky","Knott County",1,0,134,69,65
050,21,119,"Kentucky","Knott County",1,1,137,70,67
050,21,119,"Kentucky","Knott County",1,2,136,73,63
050,21,119,"Kentucky","Knott County",1,3,149,76,73
050,21,119,"Kentucky","Knott County",1,4,164,78,86
050,21,119,"Kentucky","Knott County",1,5,175,92,83
050,21,119,"Kentucky","Knott County",1,6,176,94,82
050,21,119,"Kentucky","Knott County",1,7,157,81,76
050,21,119,"Kentucky","Knott County",1,8,161,82,79
050,21,119,"Kentucky","Knott County",1,9,153,82,71
050,21,119,"Kentucky","Knott County",1,10,175,94,81
050,21,119,"Kentucky","Knott County",1,11,174,85,89
050,21,119,"Kentucky","Knott County",1,12,179,81,98
050,21,119,"Kentucky","Knott County",1,13,159,75,84
050,21,119,"Kentucky","Knott County",1,14,152,79,73
050,21,119,"Kentucky","Knott County",1,15,172,89,83
050,21,119,"Kentucky","Knott County",1,16,179,95,84
050,21,119,"Kentucky","Knott County",1,17,191,105,86
050,21,119,"Kentucky","Knott County",1,18,185,94,91
050,21,119,"Kentucky","Knott County",1,19,227,114,113
050,21,119,"Kentucky","Knott County",1,20,207,114,93
050,21,119,"Kentucky","Knott County",1,21,200,114,86
050,21,119,"Kentucky","Knott County",1,22,174,104,70
050,21,119,"Kentucky","Knott County",1,23,164,87,77
050,21,119,"Kentucky","Knott County",1,24,146,62,84
050,21,119,"Kentucky","Knott County",1,25,142,64,78
050,21,119,"Kentucky","Knott County",1,26,154,82,72
050,21,119,"Kentucky","Knott County",1,27,172,81,91
050,21,119,"Kentucky","Knott County",1,28,165,76,89
050,21,119,"Kentucky","Knott County",1,29,174,80,94
050,21,119,"Kentucky","Knott County",1,30,127,58,69
050,21,119,"Kentucky","Knott County",1,31,128,66,62
050,21,119,"Kentucky","Knott County",1,32,135,68,67
050,21,119,"Kentucky","Knott County",1,33,127,64,63
050,21,119,"Kentucky","Knott County",1,34,136,66,70
050,21,119,"Kentucky","Knott County",1,35,138,65,73
050,21,119,"Kentucky","Knott County",1,36,137,65,72
050,21,119,"Kentucky","Knott County",1,37,156,78,78
050,21,119,"Kentucky","Knott County",1,38,160,78,82
050,21,119,"Kentucky","Knott County",1,39,161,87,74
050,21,119,"Kentucky","Knott County",1,40,157,78,79
050,21,119,"Kentucky","Knott County",1,41,161,77,84
050,21,119,"Kentucky","Knott County",1,42,162,78,84
050,21,119,"Kentucky","Knott County",1,43,171,84,87
050,21,119,"Kentucky","Knott County",1,44,181,91,90
050,21,119,"Kentucky","Knott County",1,45,176,87,89
050,21,119,"Kentucky","Knott County",1,46,172,88,84
050,21,119,"Kentucky","Knott County",1,47,188,89,99
050,21,119,"Kentucky","Knott County",1,48,199,102,97
050,21,119,"Kentucky","Knott County",1,49,187,98,89
050,21,119,"Kentucky","Knott County",1,50,188,92,96
050,21,119,"Kentucky","Knott County",1,51,199,94,105
050,21,119,"Kentucky","Knott County",1,52,204,104,100
050,21,119,"Kentucky","Knott County",1,53,222,107,115
050,21,119,"Kentucky","Knott County",1,54,229,110,119
050,21,119,"Kentucky","Knott County",1,55,217,105,112
050,21,119,"Kentucky","Knott County",1,56,230,106,124
050,21,119,"Kentucky","Knott County",1,57,216,101,115
050,21,119,"Kentucky","Knott County",1,58,207,106,101
050,21,119,"Kentucky","Knott County",1,59,226,121,105
050,21,119,"Kentucky","Knott County",1,60,224,114,110
050,21,119,"Kentucky","Knott County",1,61,240,121,119
050,21,119,"Kentucky","Knott County",1,62,237,123,114
050,21,119,"Kentucky","Knott County",1,63,227,117,110
050,21,119,"Kentucky","Knott County",1,64,200,110,90
050,21,119,"Kentucky","Knott County",1,65,208,115,93
050,21,119,"Kentucky","Knott County",1,66,206,106,100
050,21,119,"Kentucky","Knott County",1,67,192,88,104
050,21,119,"Kentucky","Knott County",1,68,189,90,99
050,21,119,"Kentucky","Knott County",1,69,188,84,104
050,21,119,"Kentucky","Knott County",1,70,177,86,91
050,21,119,"Kentucky","Knott County",1,71,177,98,79
050,21,119,"Kentucky","Knott County",1,72,182,97,85
050,21,119,"Kentucky","Knott County",1,73,153,74,79
050,21,119,"Kentucky","Knott County",1,74,110,52,58
050,21,119,"Kentucky","Knott County",1,75,122,61,61
050,21,119,"Kentucky","Knott County",1,76,104,48,56
050,21,119,"Kentucky","Knott County",1,77,88,32,56
050,21,119,"Kentucky","Knott County",1,78,91,44,47
050,21,119,"Kentucky","Knott County",1,79,87,39,48
050,21,119,"Kentucky","Knott County",1,80,71,31,40
050,21,119,"Kentucky","Knott County",1,81,67,29,38
050,21,119,"Kentucky","Knott County",1,82,52,21,31
050,21,119,"Kentucky","Knott County",1,83,58,19,39
050,21,119,"Kentucky","Knott County",1,84,43,18,25
050,21,119,"Kentucky","Knott County",1,85,223,74,149
050,21,119,"Kentucky","Knott County",2,0,126,68,58
050,21,119,"Kentucky","Knott County",2,1,134,68,66
050,21,119,"Kentucky","Knott County",2,2,135,72,63
050,21,119,"Kentucky","Knott County",2,3,144,75,69
050,21,119,"Kentucky","Knott County",2,4,162,79,83
050,21,119,"Kentucky","Knott County",2,5,174,89,85
050,21,119,"Kentucky","Knott County",2,6,176,92,84
050,21,119,"Kentucky","Knott County",2,7,161,84,77
050,21,119,"Kentucky","Knott County",2,8,160,82,78
050,21,119,"Kentucky","Knott County",2,9,155,82,73
050,21,119,"Kentucky","Knott County",2,10,168,90,78
050,21,119,"Kentucky","Knott County",2,11,172,86,86
050,21,119,"Kentucky","Knott County",2,12,178,82,96
050,21,119,"Kentucky","Knott County",2,13,162,76,86
050,21,119,"Kentucky","Knott County",2,14,154,79,75
050,21,119,"Kentucky","Knott County",2,15,167,86,81
050,21,119,"Kentucky","Knott County",2,16,180,95,85
050,21,119,"Kentucky","Knott County",2,17,187,102,85
050,21,119,"Kentucky","Knott County",2,18,190,97,93
050,21,119,"Kentucky","Knott County",2,19,224,112,112
050,21,119,"Kentucky","Knott County",2,20,207,112,95
050,21,119,"Kentucky","Knott County",2,21,200,114,86
050,21,119,"Kentucky","Knott County",2,22,174,104,70
050,21,119,"Kentucky","Knott County",2,23,163,88,75
050,21,119,"Kentucky","Knott County",2,24,143,64,79
050,21,119,"Kentucky","Knott County",2,25,142,64,78
050,21,119,"Kentucky","Knott County",2,26,151,77,74
050,21,119,"Kentucky","Knott County",2,27,163,78,85
050,21,119,"Kentucky","Knott County",2,28,164,76,88
050,21,119,"Kentucky","Knott County",2,29,170,78,92
050,21,119,"Kentucky","Knott County",2,30,137,62,75
050,21,119,"Kentucky","Knott County",2,31,127,63,64
050,21,119,"Kentucky","Knott County",2,32,132,67,65
050,21,119,"Kentucky","Knott County",2,33,128,64,64
050,21,119,"Kentucky","Knott County",2,34,133,66,67
050,21,119,"Kentucky","Knott County",2,35,139,66,73
050,21,119,"Kentucky","Knott County",2,36,136,64,72
050,21,119,"Kentucky","Knott County",2,37,151,74,77
050,21,119,"Kentucky","Knott County",2,38,160,78,82
050,21,119,"Kentucky","Knott County",2,39,158,83,75
050,21,119,"Kentucky","Knott County",2,40,160,81,79
050,21,119,"Kentucky","Knott County",2,41,158,76,82
050,21,119,"Kentucky","Knott County",2,42,162,78,84
050,21,119,"Kentucky","Knott County",2,43,168,82,86
050,21,119,"Kentucky","Knott County",2,44,177,88,89
050,21,119,"Kentucky","Knott County",2,45,176,88,88
050,21,119,"Kentucky","Knott County",2,46,171,86,85
050,21,119,"Kentucky","Knott County",2,47,181,87,94
050,21,119,"Kentucky","Knott County",2,48,194,97,97
050,21,119,"Kentucky","Knott County",2,49,189,99,90
050,21,119,"Kentucky","Knott County",2,50,189,94,95
050,21,119,"Kentucky","Knott County",2,51,195,94,101
050,21,119,"Kentucky","Knott County",2,52,200,100,100
050,21,119,"Kentucky","Knott County",2,53,218,106,112
050,21,119,"Kentucky","Knott County",2,54,225,108,117
050,21,119,"Kentucky","Knott County",2,55,217,103,114
050,21,119,"Kentucky","Knott County",2,56,227,105,122
050,21,119,"Kentucky","Knott County",2,57,219,103,116
050,21,119,"Kentucky","Knott County",2,58,207,104,103
050,21,119,"Kentucky","Knott County",2,59,219,115,104
050,21,119,"Kentucky","Knott County",2,60,221,114,107
050,21,119,"Kentucky","Knott County",2,61,233,117,116
050,21,119,"Kentucky","Knott County",2,62,237,121,116
050,21,119,"Kentucky","Knott County",2,63,229,118,111
050,21,119,"Kentucky","Knott County",2,64,204,111,93
050,21,119,"Kentucky","Knott County",2,65,206,113,93
050,21,119,"Kentucky","Knott County",2,66,206,107,99
050,21,119,"Kentucky","Knott County",2,67,192,91,101
050,21,119,"Kentucky","Knott County",2,68,188,89,99
050,21,119,"Kentucky","Knott County",2,69,188,85,103
050,21,119,"Kentucky","Knott County",2,70,176,85,91
050,21,119,"Kentucky","Knott County",2,71,178,95,83
050,21,119,"Kentucky","Knott County",2,72,177,95,82
050,21,119,"Kentucky","Knott County",2,73,167,84,83
050,21,119,"Kentucky","Knott County",2,74,112,53,59
050,21,119,"Kentucky","Knott County",2,75,120,60,60
050,21,119,"Kentucky","Knott County",2,76,107,50,57
050,21,119,"Kentucky","Knott County",2,77,94,37,57
050,21,119,"Kentucky","Knott County",2,78,87,40,47
050,21,119,"Kentucky","Knott County",2,79,87,39,48
050,21,119,"Kentucky","Knott County",2,80,73,33,40
050,21,119,"Kentucky","Knott County",2,81,65,27,38
050,21,119,"Kentucky","Knott County",2,82,53,22,31
050,21,119,"Kentucky","Knott County",2,83,51,18,33
050,21,119,"Kentucky","Knott County",2,84,43,16,27
050,21,119,"Kentucky","Knott County",2,85,225,73,152
050,21,119,"Kentucky","Knott County",3,0,120,60,60
050,21,119,"Kentucky","Knott County",3,1,142,74,68
050,21,119,"Kentucky","Knott County",3,2,132,67,65
050,21,119,"Kentucky","Knott County",3,3,138,69,69
050,21,119,"Kentucky","Knott County",3,4,155,76,79
050,21,119,"Kentucky","Knott County",3,5,160,73,87
050,21,119,"Kentucky","Knott County",3,6,165,80,85
050,21,119,"Kentucky","Knott County",3,7,169,88,81
050,21,119,"Kentucky","Knott County",3,8,157,82,75
050,21,119,"Kentucky","Knott County",3,9,159,79,80
050,21,119,"Kentucky","Knott County",3,10,160,84,76
050,21,119,"Kentucky","Knott County",3,11,169,88,81
050,21,119,"Kentucky","Knott County",3,12,175,88,87
050,21,119,"Kentucky","Knott County",3,13,184,83,101
050,21,119,"Kentucky","Knott County",3,14,167,84,83
050,21,119,"Kentucky","Knott County",3,15,157,79,78
050,21,119,"Kentucky","Knott County",3,16,169,84,85
050,21,119,"Kentucky","Knott County",3,17,176,91,85
050,21,119,"Kentucky","Knott County",3,18,206,108,98
050,21,119,"Kentucky","Knott County",3,19,222,112,110
050,21,119,"Kentucky","Knott County",3,20,208,109,99
050,21,119,"Kentucky","Knott County",3,21,200,112,88
050,21,119,"Kentucky","Knott County",3,22,180,106,74
050,21,119,"Kentucky","Knott County",3,23,162,93,69
050,21,119,"Kentucky","Knott County",3,24,139,71,68
050,21,119,"Kentucky","Knott County",3,25,148,69,79
050,21,119,"Kentucky","Knott County",3,26,146,67,79
050,21,119,"Kentucky","Knott County",3,27,143,77,66
050,21,119,"Kentucky","Knott County",3,28,178,84,94
050,21,119,"Kentucky","Knott County",3,29,159,77,82
050,21,119,"Kentucky","Knott County",3,30,166,78,88
050,21,119,"Kentucky","Knott County",3,31,132,58,74
050,21,119,"Kentucky","Knott County",3,32,126,63,63
050,21,119,"Kentucky","Knott County",3,33,138,69,69
050,21,119,"Kentucky","Knott County",3,34,123,63,60
050,21,119,"Kentucky","Knott County",3,35,138,70,68
050,21,119,"Kentucky","Knott County",3,36,134,65,69
050,21,119,"Kentucky","Knott County",3,37,136,64,72
050,21,119,"Kentucky","Knott County",3,38,155,80,75
050,21,119,"Kentucky","Knott County",3,39,161,79,82
050,21,119,"Kentucky","Knott County",3,40,163,86,77
050,21,119,"Kentucky","Knott County",3,41,152,71,81
050,21,119,"Kentucky","Knott County",3,42,155,75,80
050,21,119,"Kentucky","Knott County",3,43,152,73,79
050,21,119,"Kentucky","Knott County",3,44,166,80,86
050,21,119,"Kentucky","Knott County",3,45,172,85,87
050,21,119,"Kentucky","Knott County",3,46,177,89,88
050,21,119,"Kentucky","Knott County",3,47,170,85,85
050,21,119,"Kentucky","Knott County",3,48,180,88,92
050,21,119,"Kentucky","Knott County",3,49,198,105,93
050,21,119,"Kentucky","Knott County",3,50,184,96,88
050,21,119,"Kentucky","Knott County",3,51,188,94,94
050,21,119,"Kentucky","Knott County",3,52,185,86,99
050,21,119,"Kentucky","Knott County",3,53,202,98,104
050,21,119,"Kentucky","Knott County",3,54,212,106,106
050,21,119,"Kentucky","Knott County",3,55,218,105,113
050,21,119,"Kentucky","Knott County",3,56,213,103,110
050,21,119,"Kentucky","Knott County",3,57,230,105,125
050,21,119,"Kentucky","Knott County",3,58,220,103,117
050,21,119,"Kentucky","Knott County",3,59,200,104,96
050,21,119,"Kentucky","Knott County",3,60,218,117,101
050,21,119,"Kentucky","Knott County",3,61,207,108,99
050,21,119,"Kentucky","Knott County",3,62,218,108,110
050,21,119,"Kentucky","Knott County",3,63,228,117,111
050,21,119,"Kentucky","Knott County",3,64,216,112,104
050,21,119,"Kentucky","Knott County",3,65,204,111,93
050,21,119,"Kentucky","Knott County",3,66,200,110,90
050,21,119,"Kentucky","Knott County",3,67,201,107,94
050,21,119,"Kentucky","Knott County",3,68,191,94,97
050,21,119,"Kentucky","Knott County",3,69,182,85,97
050,21,119,"Kentucky","Knott County",3,70,183,82,101
050,21,119,"Kentucky","Knott County",3,71,168,81,87
050,21,119,"Kentucky","Knott County",3,72,177,96,81
050,21,119,"Kentucky","Knott County",3,73,165,88,77
050,21,119,"Kentucky","Knott County",3,74,166,82,84
050,21,119,"Kentucky","Knott County",3,75,98,49,49
050,21,119,"Kentucky","Knott County",3,76,115,55,60
050,21,119,"Kentucky","Knott County",3,77,96,45,51
050,21,119,"Kentucky","Knott County",3,78,88,37,51
050,21,119,"Kentucky","Knott County",3,79,83,38,45
050,21,119,"Kentucky","Knott County",3,80,82,36,46
050,21,119,"Kentucky","Knott County",3,81,67,29,38
050,21,119,"Kentucky","Knott County",3,82,65,26,39
050,21,119,"Kentucky","Knott County",3,83,47,17,30
050,21,119,"Kentucky","Knott County",3,84,45,16,29
050,21,119,"Kentucky","Knott County",3,85,231,78,153
050,21,119,"Kentucky","Knott County",4,0,106,56,50
050,21,119,"Kentucky","Knott County",4,1,118,59,59
050,21,119,"Kentucky","Knott County",4,2,149,80,69
050,21,119,"Kentucky","Knott County",4,3,134,69,65
050,21,119,"Kentucky","Knott County",4,4,132,69,63
050,21,119,"Kentucky","Knott County",4,5,161,77,84
050,21,119,"Kentucky","Knott County",4,6,160,72,88
050,21,119,"Kentucky","Knott County",4,7,155,73,82
050,21,119,"Kentucky","Knott County",4,8,175,92,83
050,21,119,"Kentucky","Knott County",4,9,165,90,75
050,21,119,"Kentucky","Knott County",4,10,158,78,80
050,21,119,"Kentucky","Knott County",4,11,150,78,72
050,21,119,"Kentucky","Knott County",4,12,166,88,78
050,21,119,"Kentucky","Knott County",4,13,181,89,92
050,21,119,"Kentucky","Knott County",4,14,189,85,104
050,21,119,"Kentucky","Knott County",4,15,175,88,87
050,21,119,"Kentucky","Knott County",4,16,167,88,79
050,21,119,"Kentucky","Knott County",4,17,160,80,80
050,21,119,"Kentucky","Knott County",4,18,199,100,99
050,21,119,"Kentucky","Knott County",4,19,239,121,118
050,21,119,"Kentucky","Knott County",4,20,204,104,100
050,21,119,"Kentucky","Knott County",4,21,204,105,99
050,21,119,"Kentucky","Knott County",4,22,174,105,69
050,21,119,"Kentucky","Knott County",4,23,179,98,81
050,21,119,"Kentucky","Knott County",4,24,143,76,67
050,21,119,"Kentucky","Knott County",4,25,129,62,67
050,21,119,"Kentucky","Knott County",4,26,155,69,86
050,21,119,"Kentucky","Knott County",4,27,144,68,76
050,21,119,"Kentucky","Knott County",4,28,140,76,64
050,21,119,"Kentucky","Knott County",4,29,175,86,89
050,21,119,"Kentucky","Knott County",4,30,163,81,82
050,21,119,"Kentucky","Knott County",4,31,169,74,95
050,21,119,"Kentucky","Knott County",4,32,135,62,73
050,21,119,"Kentucky","Knott County",4,33,126,62,64
050,21,119,"Kentucky","Knott County",4,34,141,69,72
050,21,119,"Kentucky","Knott County",4,35,115,59,56
050,21,119,"Kentucky","Knott County",4,36,127,65,62
050,21,119,"Kentucky","Knott County",4,37,135,66,69
050,21,119,"Kentucky","Knott County",4,38,132,63,69
050,21,119,"Kentucky","Knott County",4,39,157,80,77
050,21,119,"Kentucky","Knott County",4,40,164,75,89
050,21,119,"Kentucky","Knott County",4,41,169,90,79
050,21,119,"Kentucky","Knott County",4,42,154,71,83
050,21,119,"Kentucky","Knott County",4,43,155,74,81
050,21,119,"Kentucky","Knott County",4,44,155,78,77
050,21,119,"Kentucky","Knott County",4,45,162,79,83
050,21,119,"Kentucky","Knott County",4,46,168,82,86
050,21,119,"Kentucky","Knott County",4,47,171,85,86
050,21,119,"Kentucky","Knott County",4,48,175,89,86
050,21,119,"Kentucky","Knott County",4,49,182,88,94
050,21,119,"Kentucky","Knott County",4,50,194,103,91
050,21,119,"Kentucky","Knott County",4,51,185,95,90
050,21,119,"Kentucky","Knott County",4,52,184,94,90
050,21,119,"Kentucky","Knott County",4,53,178,83,95
050,21,119,"Kentucky","Knott County",4,54,190,91,99
050,21,119,"Kentucky","Knott County",4,55,209,106,103
050,21,119,"Kentucky","Knott County",4,56,211,101,110
050,21,119,"Kentucky","Knott County",4,57,213,100,113
050,21,119,"Kentucky","Knott County",4,58,219,99,120
050,21,119,"Kentucky","Knott County",4,59,208,96,112
050,21,119,"Kentucky","Knott County",4,60,198,102,96
050,21,119,"Kentucky","Knott County",4,61,211,108,103
050,21,119,"Kentucky","Knott County",4,62,199,102,97
050,21,119,"Kentucky","Knott County",4,63,216,108,108
050,21,119,"Kentucky","Knott County",4,64,220,112,108
050,21,119,"Kentucky","Knott County",4,65,214,111,103
050,21,119,"Kentucky","Knott County",4,66,195,111,84
050,21,119,"Kentucky","Knott County",4,67,194,109,85
050,21,119,"Kentucky","Knott County",4,68,193,102,91
050,21,119,"Kentucky","Knott County",4,69,180,86,94
050,21,119,"Kentucky","Knott County",4,70,177,82,95
050,21,119,"Kentucky","Knott County",4,71,175,77,98
050,21,119,"Kentucky","Knott County",4,72,157,77,80
050,21,119,"Kentucky","Knott County",4,73,170,90,80
050,21,119,"Kentucky","Knott County",4,74,161,86,75
050,21,119,"Kentucky","Knott County",4,75,150,76,74
050,21,119,"Kentucky","Knott County",4,76,91,45,46
050,21,119,"Kentucky","Knott County",4,77,104,49,55
050,21,119,"Kentucky","Knott County",4,78,89,43,46
050,21,119,"Kentucky","Knott County",4,79,84,34,50
050,21,119,"Kentucky","Knott County",4,80,74,36,38
050,21,119,"Kentucky","Knott County",4,81,75,33,42
050,21,119,"Kentucky","Knott County",4,82,64,28,36
050,21,119,"Kentucky","Knott County",4,83,63,26,37
050,21,119,"Kentucky","Knott County",4,84,42,15,27
050,21,119,"Kentucky","Knott County",4,85,219,74,145
050,21,119,"Kentucky","Knott County",5,0,105,56,49
050,21,119,"Kentucky","Knott County",5,1,109,53,56
050,21,119,"Kentucky","Knott County",5,2,117,59,58
050,21,119,"Kentucky","Knott County",5,3,143,75,68
050,21,119,"Kentucky","Knott County",5,4,134,67,67
050,21,119,"Kentucky","Knott County",5,5,126,60,66
050,21,119,"Kentucky","Knott County",5,6,160,77,83
050,21,119,"Kentucky","Knott County",5,7,148,62,86
050,21,119,"Kentucky","Knott County",5,8,148,74,74
050,21,119,"Kentucky","Knott County",5,9,172,93,79
050,21,119,"Kentucky","Knott County",5,10,158,87,71
050,21,119,"Kentucky","Knott County",5,11,157,79,78
050,21,119,"Kentucky","Knott County",5,12,156,83,73
050,21,119,"Kentucky","Knott County",5,13,176,95,81
050,21,119,"Kentucky","Knott County",5,14,175,87,88
050,21,119,"Kentucky","Knott County",5,15,194,93,101
050,21,119,"Kentucky","Knott County",5,16,185,98,87
050,21,119,"Kentucky","Knott County",5,17,150,75,75
050,21,119,"Kentucky","Knott County",5,18,196,93,103
050,21,119,"Kentucky","Knott County",5,19,261,131,130
050,21,119,"Kentucky","Knott County",5,20,246,128,118
050,21,119,"Kentucky","Knott County",5,21,216,113,103
050,21,119,"Kentucky","Knott County",5,22,181,102,79
050,21,119,"Kentucky","Knott County",5,23,161,92,69
050,21,119,"Kentucky","Knott County",5,24,156,85,71
050,21,119,"Kentucky","Knott County",5,25,130,68,62
050,21,119,"Kentucky","Knott County",5,26,116,55,61
050,21,119,"Kentucky","Knott County",5,27,151,71,80
050,21,119,"Kentucky","Knott County",5,28,148,71,77
050,21,119,"Kentucky","Knott County",5,29,131,70,61
050,21,119,"Kentucky","Knott County",5,30,177,90,87
050,21,119,"Kentucky","Knott County",5,31,165,84,81
050,21,119,"Kentucky","Knott County",5,32,169,80,89
050,21,119,"Kentucky","Knott County",5,33,126,58,68
050,21,119,"Kentucky","Knott County",5,34,120,62,58
050,21,119,"Kentucky","Knott County",5,35,144,70,74
050,21,119,"Kentucky","Knott County",5,36,117,58,59
050,21,119,"Kentucky","Knott County",5,37,127,67,60
050,21,119,"Kentucky","Knott County",5,38,136,66,70
050,21,119,"Kentucky","Knott County",5,39,129,63,66
050,21,119,"Kentucky","Knott County",5,40,166,85,81
050,21,119,"Kentucky","Knott County",5,41,161,75,86
050,21,119,"Kentucky","Knott County",5,42,173,94,79
050,21,119,"Kentucky","Knott County",5,43,160,76,84
050,21,119,"Kentucky","Knott County",5,44,146,67,79
050,21,119,"Kentucky","Knott County",5,45,148,77,71
050,21,119,"Kentucky","Knott County",5,46,165,79,86
050,21,119,"Kentucky","Knott County",5,47,160,78,82
050,21,119,"Kentucky","Knott County",5,48,167,84,83
050,21,119,"Kentucky","Knott County",5,49,169,89,80
050,21,119,"Kentucky","Knott County",5,50,181,86,95
050,21,119,"Kentucky","Knott County",5,51,199,103,96
050,21,119,"Kentucky","Knott County",5,52,178,91,87
050,21,119,"Kentucky","Knott County",5,53,182,96,86
050,21,119,"Kentucky","Knott County",5,54,171,79,92
050,21,119,"Kentucky","Knott County",5,55,176,86,90
050,21,119,"Kentucky","Knott County",5,56,207,101,106
050,21,119,"Kentucky","Knott County",5,57,208,98,110
050,21,119,"Kentucky","Knott County",5,58,212,101,111
050,21,119,"Kentucky","Knott County",5,59,210,95,115
050,21,119,"Kentucky","Knott County",5,60,208,98,110
050,21,119,"Kentucky","Knott County",5,61,189,101,88
050,21,119,"Kentucky","Knott County",5,62,203,101,102
050,21,119,"Kentucky","Knott County",5,63,195,99,96
050,21,119,"Kentucky","Knott County",5,64,206,105,101
050,21,119,"Kentucky","Knott County",5,65,216,108,108
050,21,119,"Kentucky","Knott County",5,66,213,110,103
050,21,119,"Kentucky","Knott County",5,67,190,109,81
050,21,119,"Kentucky","Knott County",5,68,188,107,81
050,21,119,"Kentucky","Knott County",5,69,188,99,89
050,21,119,"Kentucky","Knott County",5,70,169,81,88
050,21,119,"Kentucky","Knott County",5,71,172,80,92
050,21,119,"Kentucky","Knott County",5,72,167,75,92
050,21,119,"Kentucky","Knott County",5,73,150,74,76
050,21,119,"Kentucky","Knott County",5,74,163,84,79
050,21,119,"Kentucky","Knott County",5,75,144,79,65
050,21,119,"Kentucky","Knott County",5,76,142,71,71
050,21,119,"Kentucky","Knott County",5,77,80,41,39
050,21,119,"Kentucky","Knott County",5,78,92,45,47
050,21,119,"Kentucky","Knott County",5,79,83,41,42
050,21,119,"Kentucky","Knott County",5,80,76,32,44
050,21,119,"Kentucky","Knott County",5,81,65,30,35
050,21,119,"Kentucky","Knott County",5,82,70,30,40
050,21,119,"Kentucky","Knott County",5,83,62,27,35
050,21,119,"Kentucky","Knott County",5,84,57,23,34
050,21,119,"Kentucky","Knott County",5,85,216,70,146
050,21,121,"Kentucky","Knox County",1,0,371,187,184
050,21,121,"Kentucky","Knox County",1,1,377,194,183
050,21,121,"Kentucky","Knox County",1,2,382,190,192
050,21,121,"Kentucky","Knox County",1,3,361,183,178
050,21,121,"Kentucky","Knox County",1,4,383,180,203
050,21,121,"Kentucky","Knox County",1,5,375,197,178
050,21,121,"Kentucky","Knox County",1,6,386,198,188
050,21,121,"Kentucky","Knox County",1,7,400,207,193
050,21,121,"Kentucky","Knox County",1,8,376,187,189
050,21,121,"Kentucky","Knox County",1,9,360,175,185
050,21,121,"Kentucky","Knox County",1,10,397,204,193
050,21,121,"Kentucky","Knox County",1,11,410,224,186
050,21,121,"Kentucky","Knox County",1,12,417,211,206
050,21,121,"Kentucky","Knox County",1,13,420,218,202
050,21,121,"Kentucky","Knox County",1,14,428,220,208
050,21,121,"Kentucky","Knox County",1,15,386,197,189
050,21,121,"Kentucky","Knox County",1,16,420,223,197
050,21,121,"Kentucky","Knox County",1,17,408,209,199
050,21,121,"Kentucky","Knox County",1,18,344,173,171
050,21,121,"Kentucky","Knox County",1,19,317,165,152
050,21,121,"Kentucky","Knox County",1,20,345,185,160
050,21,121,"Kentucky","Knox County",1,21,364,203,161
050,21,121,"Kentucky","Knox County",1,22,370,206,164
050,21,121,"Kentucky","Knox County",1,23,385,196,189
050,21,121,"Kentucky","Knox County",1,24,383,216,167
050,21,121,"Kentucky","Knox County",1,25,403,220,183
050,21,121,"Kentucky","Knox County",1,26,409,209,200
050,21,121,"Kentucky","Knox County",1,27,367,180,187
050,21,121,"Kentucky","Knox County",1,28,384,180,204
050,21,121,"Kentucky","Knox County",1,29,437,214,223
050,21,121,"Kentucky","Knox County",1,30,398,204,194
050,21,121,"Kentucky","Knox County",1,31,391,204,187
050,21,121,"Kentucky","Knox County",1,32,377,178,199
050,21,121,"Kentucky","Knox County",1,33,377,195,182
050,21,121,"Kentucky","Knox County",1,34,365,188,177
050,21,121,"Kentucky","Knox County",1,35,335,167,168
050,21,121,"Kentucky","Knox County",1,36,326,165,161
050,21,121,"Kentucky","Knox County",1,37,349,176,173
050,21,121,"Kentucky","Knox County",1,38,359,181,178
050,21,121,"Kentucky","Knox County",1,39,367,187,180
050,21,121,"Kentucky","Knox County",1,40,383,192,191
050,21,121,"Kentucky","Knox County",1,41,357,180,177
050,21,121,"Kentucky","Knox County",1,42,354,183,171
050,21,121,"Kentucky","Knox County",1,43,353,172,181
050,21,121,"Kentucky","Knox County",1,44,361,166,195
050,21,121,"Kentucky","Knox County",1,45,373,181,192
050,21,121,"Kentucky","Knox County",1,46,378,199,179
050,21,121,"Kentucky","Knox County",1,47,388,187,201
050,21,121,"Kentucky","Knox County",1,48,437,223,214
050,21,121,"Kentucky","Knox County",1,49,437,223,214
050,21,121,"Kentucky","Knox County",1,50,391,199,192
050,21,121,"Kentucky","Knox County",1,51,366,190,176
050,21,121,"Kentucky","Knox County",1,52,363,186,177
050,21,121,"Kentucky","Knox County",1,53,405,197,208
050,21,121,"Kentucky","Knox County",1,54,432,213,219
050,21,121,"Kentucky","Knox County",1,55,436,203,233
050,21,121,"Kentucky","Knox County",1,56,416,203,213
050,21,121,"Kentucky","Knox County",1,57,422,215,207
050,21,121,"Kentucky","Knox County",1,58,417,205,212
050,21,121,"Kentucky","Knox County",1,59,396,190,206
050,21,121,"Kentucky","Knox County",1,60,377,171,206
050,21,121,"Kentucky","Knox County",1,61,369,185,184
050,21,121,"Kentucky","Knox County",1,62,375,190,185
050,21,121,"Kentucky","Knox County",1,63,350,171,179
050,21,121,"Kentucky","Knox County",1,64,355,167,188
050,21,121,"Kentucky","Knox County",1,65,349,160,189
050,21,121,"Kentucky","Knox County",1,66,346,163,183
050,21,121,"Kentucky","Knox County",1,67,340,148,192
050,21,121,"Kentucky","Knox County",1,68,310,140,170
050,21,121,"Kentucky","Knox County",1,69,277,122,155
050,21,121,"Kentucky","Knox County",1,70,284,121,163
050,21,121,"Kentucky","Knox County",1,71,302,146,156
050,21,121,"Kentucky","Knox County",1,72,326,152,174
050,21,121,"Kentucky","Knox County",1,73,313,145,168
050,21,121,"Kentucky","Knox County",1,74,216,97,119
050,21,121,"Kentucky","Knox County",1,75,255,112,143
050,21,121,"Kentucky","Knox County",1,76,213,90,123
050,21,121,"Kentucky","Knox County",1,77,228,98,130
050,21,121,"Kentucky","Knox County",1,78,196,86,110
050,21,121,"Kentucky","Knox County",1,79,189,82,107
050,21,121,"Kentucky","Knox County",1,80,157,70,87
050,21,121,"Kentucky","Knox County",1,81,138,54,84
050,21,121,"Kentucky","Knox County",1,82,120,54,66
050,21,121,"Kentucky","Knox County",1,83,111,43,68
050,21,121,"Kentucky","Knox County",1,84,97,38,59
050,21,121,"Kentucky","Knox County",1,85,530,171,359
050,21,121,"Kentucky","Knox County",2,0,386,195,191
050,21,121,"Kentucky","Knox County",2,1,374,192,182
050,21,121,"Kentucky","Knox County",2,2,384,194,190
050,21,121,"Kentucky","Knox County",2,3,367,184,183
050,21,121,"Kentucky","Knox County",2,4,378,180,198
050,21,121,"Kentucky","Knox County",2,5,377,193,184
050,21,121,"Kentucky","Knox County",2,6,385,200,185
050,21,121,"Kentucky","Knox County",2,7,394,203,191
050,21,121,"Kentucky","Knox County",2,8,380,189,191
050,21,121,"Kentucky","Knox County",2,9,367,180,187
050,21,121,"Kentucky","Knox County",2,10,389,198,191
050,21,121,"Kentucky","Knox County",2,11,407,219,188
050,21,121,"Kentucky","Knox County",2,12,414,212,202
050,21,121,"Kentucky","Knox County",2,13,418,215,203
050,21,121,"Kentucky","Knox County",2,14,424,218,206
050,21,121,"Kentucky","Knox County",2,15,394,202,192
050,21,121,"Kentucky","Knox County",2,16,413,218,195
050,21,121,"Kentucky","Knox County",2,17,412,213,199
050,21,121,"Kentucky","Knox County",2,18,343,172,171
050,21,121,"Kentucky","Knox County",2,19,318,163,155
050,21,121,"Kentucky","Knox County",2,20,350,186,164
050,21,121,"Kentucky","Knox County",2,21,360,200,160
050,21,121,"Kentucky","Knox County",2,22,375,209,166
050,21,121,"Kentucky","Knox County",2,23,379,196,183
050,21,121,"Kentucky","Knox County",2,24,386,214,172
050,21,121,"Kentucky","Knox County",2,25,406,226,180
050,21,121,"Kentucky","Knox County",2,26,405,211,194
050,21,121,"Kentucky","Knox County",2,27,374,184,190
050,21,121,"Kentucky","Knox County",2,28,377,178,199
050,21,121,"Kentucky","Knox County",2,29,420,204,216
050,21,121,"Kentucky","Knox County",2,30,411,210,201
050,21,121,"Kentucky","Knox County",2,31,388,201,187
050,21,121,"Kentucky","Knox County",2,32,386,186,200
050,21,121,"Kentucky","Knox County",2,33,373,191,182
050,21,121,"Kentucky","Knox County",2,34,364,187,177
050,21,121,"Kentucky","Knox County",2,35,341,172,169
050,21,121,"Kentucky","Knox County",2,36,324,162,162
050,21,121,"Kentucky","Knox County",2,37,351,179,172
050,21,121,"Kentucky","Knox County",2,38,354,177,177
050,21,121,"Kentucky","Knox County",2,39,364,185,179
050,21,121,"Kentucky","Knox County",2,40,383,195,188
050,21,121,"Kentucky","Knox County",2,41,363,181,182
050,21,121,"Kentucky","Knox County",2,42,353,180,173
050,21,121,"Kentucky","Knox County",2,43,353,175,178
050,21,121,"Kentucky","Knox County",2,44,354,164,190
050,21,121,"Kentucky","Knox County",2,45,375,181,194
050,21,121,"Kentucky","Knox County",2,46,377,193,184
050,21,121,"Kentucky","Knox County",2,47,385,190,195
050,21,121,"Kentucky","Knox County",2,48,427,215,212
050,21,121,"Kentucky","Knox County",2,49,441,228,213
050,21,121,"Kentucky","Knox County",2,50,403,205,198
050,21,121,"Kentucky","Knox County",2,51,368,189,179
050,21,121,"Kentucky","Knox County",2,52,364,188,176
050,21,121,"Kentucky","Knox County",2,53,393,193,200
050,21,121,"Kentucky","Knox County",2,54,423,208,215
050,21,121,"Kentucky","Knox County",2,55,434,206,228
050,21,121,"Kentucky","Knox County",2,56,420,201,219
050,21,121,"Kentucky","Knox County",2,57,420,212,208
050,21,121,"Kentucky","Knox County",2,58,414,205,209
050,21,121,"Kentucky","Knox County",2,59,399,193,206
050,21,121,"Kentucky","Knox County",2,60,373,172,201
050,21,121,"Kentucky","Knox County",2,61,370,182,188
050,21,121,"Kentucky","Knox County",2,62,371,188,183
050,21,121,"Kentucky","Knox County",2,63,361,178,183
050,21,121,"Kentucky","Knox County",2,64,349,166,183
050,21,121,"Kentucky","Knox County",2,65,348,160,188
050,21,121,"Kentucky","Knox County",2,66,347,162,185
050,21,121,"Kentucky","Knox County",2,67,342,152,190
050,21,121,"Kentucky","Knox County",2,68,313,140,173
050,21,121,"Kentucky","Knox County",2,69,287,128,159
050,21,121,"Kentucky","Knox County",2,70,282,121,161
050,21,121,"Kentucky","Knox County",2,71,291,134,157
050,21,121,"Kentucky","Knox County",2,72,315,149,166
050,21,121,"Kentucky","Knox County",2,73,328,150,178
050,21,121,"Kentucky","Knox County",2,74,219,99,120
050,21,121,"Kentucky","Knox County",2,75,244,106,138
050,21,121,"Kentucky","Knox County",2,76,220,94,126
050,21,121,"Kentucky","Knox County",2,77,228,97,131
050,21,121,"Kentucky","Knox County",2,78,192,84,108
050,21,121,"Kentucky","Knox County",2,79,187,81,106
050,21,121,"Kentucky","Knox County",2,80,158,70,88
050,21,121,"Kentucky","Knox County",2,81,140,57,83
050,21,121,"Kentucky","Knox County",2,82,123,53,70
050,21,121,"Kentucky","Knox County",2,83,113,45,68
050,21,121,"Kentucky","Knox County",2,84,97,38,59
050,21,121,"Kentucky","Knox County",2,85,526,168,358
050,21,121,"Kentucky","Knox County",3,0,356,180,176
050,21,121,"Kentucky","Knox County",3,1,364,189,175
050,21,121,"Kentucky","Knox County",3,2,371,187,184
050,21,121,"Kentucky","Knox County",3,3,385,193,192
050,21,121,"Kentucky","Knox County",3,4,378,187,191
050,21,121,"Kentucky","Knox County",3,5,380,185,195
050,21,121,"Kentucky","Knox County",3,6,371,186,185
050,21,121,"Kentucky","Knox County",3,7,392,209,183
050,21,121,"Kentucky","Knox County",3,8,393,201,192
050,21,121,"Kentucky","Knox County",3,9,375,182,193
050,21,121,"Kentucky","Knox County",3,10,364,174,190
050,21,121,"Kentucky","Knox County",3,11,392,195,197
050,21,121,"Kentucky","Knox County",3,12,395,211,184
050,21,121,"Kentucky","Knox County",3,13,402,201,201
050,21,121,"Kentucky","Knox County",3,14,422,211,211
050,21,121,"Kentucky","Knox County",3,15,406,211,195
050,21,121,"Kentucky","Knox County",3,16,416,212,204
050,21,121,"Kentucky","Knox County",3,17,421,225,196
050,21,121,"Kentucky","Knox County",3,18,358,179,179
050,21,121,"Kentucky","Knox County",3,19,318,157,161
050,21,121,"Kentucky","Knox County",3,20,353,183,170
050,21,121,"Kentucky","Knox County",3,21,356,199,157
050,21,121,"Kentucky","Knox County",3,22,390,218,172
050,21,121,"Kentucky","Knox County",3,23,362,196,166
050,21,121,"Kentucky","Knox County",3,24,396,206,190
050,21,121,"Kentucky","Knox County",3,25,402,225,177
050,21,121,"Kentucky","Knox County",3,26,404,222,182
050,21,121,"Kentucky","Knox County",3,27,398,205,193
050,21,121,"Kentucky","Knox County",3,28,370,180,190
050,21,121,"Kentucky","Knox County",3,29,386,190,196
050,21,121,"Kentucky","Knox County",3,30,409,200,209
050,21,121,"Kentucky","Knox County",3,31,413,207,206
050,21,121,"Kentucky","Knox County",3,32,394,196,198
050,21,121,"Kentucky","Knox County",3,33,374,185,189
050,21,121,"Kentucky","Knox County",3,34,341,170,171
050,21,121,"Kentucky","Knox County",3,35,346,171,175
050,21,121,"Kentucky","Knox County",3,36,335,163,172
050,21,121,"Kentucky","Knox County",3,37,355,188,167
050,21,121,"Kentucky","Knox County",3,38,313,154,159
050,21,121,"Kentucky","Knox County",3,39,358,171,187
050,21,121,"Kentucky","Knox County",3,40,368,194,174
050,21,121,"Kentucky","Knox County",3,41,381,191,190
050,21,121,"Kentucky","Knox County",3,42,374,188,186
050,21,121,"Kentucky","Knox County",3,43,339,172,167
050,21,121,"Kentucky","Knox County",3,44,341,169,172
050,21,121,"Kentucky","Knox County",3,45,356,167,189
050,21,121,"Kentucky","Knox County",3,46,375,176,199
050,21,121,"Kentucky","Knox County",3,47,370,196,174
050,21,121,"Kentucky","Knox County",3,48,394,196,198
050,21,121,"Kentucky","Knox County",3,49,440,223,217
050,21,121,"Kentucky","Knox County",3,50,437,224,213
050,21,121,"Kentucky","Knox County",3,51,390,198,192
050,21,121,"Kentucky","Knox County",3,52,387,198,189
050,21,121,"Kentucky","Knox County",3,53,349,182,167
050,21,121,"Kentucky","Knox County",3,54,404,196,208
050,21,121,"Kentucky","Knox County",3,55,411,207,204
050,21,121,"Kentucky","Knox County",3,56,424,197,227
050,21,121,"Kentucky","Knox County",3,57,420,204,216
050,21,121,"Kentucky","Knox County",3,58,418,208,210
050,21,121,"Kentucky","Knox County",3,59,401,192,209
050,21,121,"Kentucky","Knox County",3,60,384,191,193
050,21,121,"Kentucky","Knox County",3,61,362,163,199
050,21,121,"Kentucky","Knox County",3,62,369,182,187
050,21,121,"Kentucky","Knox County",3,63,365,183,182
050,21,121,"Kentucky","Knox County",3,64,348,174,174
050,21,121,"Kentucky","Knox County",3,65,332,154,178
050,21,121,"Kentucky","Knox County",3,66,337,154,183
050,21,121,"Kentucky","Knox County",3,67,351,157,194
050,21,121,"Kentucky","Knox County",3,68,327,146,181
050,21,121,"Kentucky","Knox County",3,69,296,136,160
050,21,121,"Kentucky","Knox County",3,70,283,125,158
050,21,121,"Kentucky","Knox County",3,71,266,108,158
050,21,121,"Kentucky","Knox County",3,72,282,128,154
050,21,121,"Kentucky","Knox County",3,73,301,141,160
050,21,121,"Kentucky","Knox County",3,74,307,139,168
050,21,121,"Kentucky","Knox County",3,75,206,89,117
050,21,121,"Kentucky","Knox County",3,76,227,98,129
050,21,121,"Kentucky","Knox County",3,77,215,88,127
050,21,121,"Kentucky","Knox County",3,78,209,88,121
050,21,121,"Kentucky","Knox County",3,79,176,72,104
050,21,121,"Kentucky","Knox County",3,80,171,73,98
050,21,121,"Kentucky","Knox County",3,81,148,66,82
050,21,121,"Kentucky","Knox County",3,82,114,45,69
050,21,121,"Kentucky","Knox County",3,83,120,49,71
050,21,121,"Kentucky","Knox County",3,84,95,40,55
050,21,121,"Kentucky","Knox County",3,85,541,179,362
050,21,121,"Kentucky","Knox County",4,0,380,203,177
050,21,121,"Kentucky","Knox County",4,1,338,157,181
050,21,121,"Kentucky","Knox County",4,2,367,193,174
050,21,121,"Kentucky","Knox County",4,3,364,182,182
050,21,121,"Kentucky","Knox County",4,4,387,198,189
050,21,121,"Kentucky","Knox County",4,5,376,183,193
050,21,121,"Kentucky","Knox County",4,6,388,197,191
050,21,121,"Kentucky","Knox County",4,7,368,181,187
050,21,121,"Kentucky","Knox County",4,8,400,213,187
050,21,121,"Kentucky","Knox County",4,9,382,185,197
050,21,121,"Kentucky","Knox County",4,10,366,184,182
050,21,121,"Kentucky","Knox County",4,11,379,186,193
050,21,121,"Kentucky","Knox County",4,12,390,204,186
050,21,121,"Kentucky","Knox County",4,13,395,213,182
050,21,121,"Kentucky","Knox County",4,14,420,210,210
050,21,121,"Kentucky","Knox County",4,15,435,223,212
050,21,121,"Kentucky","Knox County",4,16,419,217,202
050,21,121,"Kentucky","Knox County",4,17,408,207,201
050,21,121,"Kentucky","Knox County",4,18,355,192,163
050,21,121,"Kentucky","Knox County",4,19,312,159,153
050,21,121,"Kentucky","Knox County",4,20,322,156,166
050,21,121,"Kentucky","Knox County",4,21,339,180,159
050,21,121,"Kentucky","Knox County",4,22,393,222,171
050,21,121,"Kentucky","Knox County",4,23,379,205,174
050,21,121,"Kentucky","Knox County",4,24,369,190,179
050,21,121,"Kentucky","Knox County",4,25,409,211,198
050,21,121,"Kentucky","Knox County",4,26,364,201,163
050,21,121,"Kentucky","Knox County",4,27,392,213,179
050,21,121,"Kentucky","Knox County",4,28,387,200,187
050,21,121,"Kentucky","Knox County",4,29,363,186,177
050,21,121,"Kentucky","Knox County",4,30,382,189,193
050,21,121,"Kentucky","Knox County",4,31,409,193,216
050,21,121,"Kentucky","Knox County",4,32,441,229,212
050,21,121,"Kentucky","Knox County",4,33,381,198,183
050,21,121,"Kentucky","Knox County",4,34,348,168,180
050,21,121,"Kentucky","Knox County",4,35,344,167,177
050,21,121,"Kentucky","Knox County",4,36,356,174,182
050,21,121,"Kentucky","Knox County",4,37,345,182,163
050,21,121,"Kentucky","Knox County",4,38,332,168,164
050,21,121,"Kentucky","Knox County",4,39,308,153,155
050,21,121,"Kentucky","Knox County",4,40,360,184,176
050,21,121,"Kentucky","Knox County",4,41,363,183,180
050,21,121,"Kentucky","Knox County",4,42,385,193,192
050,21,121,"Kentucky","Knox County",4,43,361,178,183
050,21,121,"Kentucky","Knox County",4,44,330,170,160
050,21,121,"Kentucky","Knox County",4,45,343,173,170
050,21,121,"Kentucky","Knox County",4,46,353,159,194
050,21,121,"Kentucky","Knox County",4,47,377,178,199
050,21,121,"Kentucky","Knox County",4,48,357,188,169
050,21,121,"Kentucky","Knox County",4,49,401,206,195
050,21,121,"Kentucky","Knox County",4,50,432,220,212
050,21,121,"Kentucky","Knox County",4,51,417,207,210
050,21,121,"Kentucky","Knox County",4,52,401,200,201
050,21,121,"Kentucky","Knox County",4,53,364,187,177
050,21,121,"Kentucky","Knox County",4,54,350,174,176
050,21,121,"Kentucky","Knox County",4,55,396,196,200
050,21,121,"Kentucky","Knox County",4,56,410,199,211
050,21,121,"Kentucky","Knox County",4,57,423,205,218
050,21,121,"Kentucky","Knox County",4,58,418,204,214
050,21,121,"Kentucky","Knox County",4,59,414,201,213
050,21,121,"Kentucky","Knox County",4,60,401,191,210
050,21,121,"Kentucky","Knox County",4,61,374,182,192
050,21,121,"Kentucky","Knox County",4,62,350,153,197
050,21,121,"Kentucky","Knox County",4,63,356,175,181
050,21,121,"Kentucky","Knox County",4,64,354,181,173
050,21,121,"Kentucky","Knox County",4,65,334,168,166
050,21,121,"Kentucky","Knox County",4,66,313,147,166
050,21,121,"Kentucky","Knox County",4,67,333,148,185
050,21,121,"Kentucky","Knox County",4,68,343,154,189
050,21,121,"Kentucky","Knox County",4,69,322,148,174
050,21,121,"Kentucky","Knox County",4,70,290,127,163
050,21,121,"Kentucky","Knox County",4,71,260,113,147
050,21,121,"Kentucky","Knox County",4,72,249,101,148
050,21,121,"Kentucky","Knox County",4,73,270,122,148
050,21,121,"Kentucky","Knox County",4,74,282,127,155
050,21,121,"Kentucky","Knox County",4,75,295,133,162
050,21,121,"Kentucky","Knox County",4,76,188,80,108
050,21,121,"Kentucky","Knox County",4,77,223,92,131
050,21,121,"Kentucky","Knox County",4,78,196,79,117
050,21,121,"Kentucky","Knox County",4,79,191,73,118
050,21,121,"Kentucky","Knox County",4,80,157,63,94
050,21,121,"Kentucky","Knox County",4,81,150,63,87
050,21,121,"Kentucky","Knox County",4,82,129,61,68
050,21,121,"Kentucky","Knox County",4,83,116,44,72
050,21,121,"Kentucky","Knox County",4,84,104,44,60
050,21,121,"Kentucky","Knox County",4,85,546,192,354
050,21,121,"Kentucky","Knox County",5,0,373,199,174
050,21,121,"Kentucky","Knox County",5,1,372,193,179
050,21,121,"Kentucky","Knox County",5,2,334,167,167
050,21,121,"Kentucky","Knox County",5,3,363,195,168
050,21,121,"Kentucky","Knox County",5,4,367,184,183
050,21,121,"Kentucky","Knox County",5,5,405,212,193
050,21,121,"Kentucky","Knox County",5,6,384,189,195
050,21,121,"Kentucky","Knox County",5,7,383,188,195
050,21,121,"Kentucky","Knox County",5,8,369,187,182
050,21,121,"Kentucky","Knox County",5,9,392,210,182
050,21,121,"Kentucky","Knox County",5,10,392,197,195
050,21,121,"Kentucky","Knox County",5,11,373,183,190
050,21,121,"Kentucky","Knox County",5,12,387,184,203
050,21,121,"Kentucky","Knox County",5,13,381,196,185
050,21,121,"Kentucky","Knox County",5,14,401,217,184
050,21,121,"Kentucky","Knox County",5,15,410,201,209
050,21,121,"Kentucky","Knox County",5,16,447,236,211
050,21,121,"Kentucky","Knox County",5,17,424,212,212
050,21,121,"Kentucky","Knox County",5,18,359,185,174
050,21,121,"Kentucky","Knox County",5,19,299,162,137
050,21,121,"Kentucky","Knox County",5,20,341,176,165
050,21,121,"Kentucky","Knox County",5,21,342,171,171
050,21,121,"Kentucky","Knox County",5,22,375,199,176
050,21,121,"Kentucky","Knox County",5,23,387,212,175
050,21,121,"Kentucky","Knox County",5,24,385,200,185
050,21,121,"Kentucky","Knox County",5,25,372,193,179
050,21,121,"Kentucky","Knox County",5,26,404,208,196
050,21,121,"Kentucky","Knox County",5,27,359,205,154
050,21,121,"Kentucky","Knox County",5,28,400,221,179
050,21,121,"Kentucky","Knox County",5,29,402,206,196
050,21,121,"Kentucky","Knox County",5,30,392,200,192
050,21,121,"Kentucky","Knox County",5,31,395,197,198
050,21,121,"Kentucky","Knox County",5,32,432,194,238
050,21,121,"Kentucky","Knox County",5,33,432,230,202
050,21,121,"Kentucky","Knox County",5,34,383,187,196
050,21,121,"Kentucky","Knox County",5,35,350,172,178
050,21,121,"Kentucky","Knox County",5,36,338,167,171
050,21,121,"Kentucky","Knox County",5,37,390,199,191
050,21,121,"Kentucky","Knox County",5,38,317,162,155
050,21,121,"Kentucky","Knox County",5,39,347,175,172
050,21,121,"Kentucky","Knox County",5,40,303,159,144
050,21,121,"Kentucky","Knox County",5,41,357,182,175
050,21,121,"Kentucky","Knox County",5,42,383,194,189
050,21,121,"Kentucky","Knox County",5,43,378,183,195
050,21,121,"Kentucky","Knox County",5,44,350,173,177
050,21,121,"Kentucky","Knox County",5,45,340,176,164
050,21,121,"Kentucky","Knox County",5,46,332,163,169
050,21,121,"Kentucky","Knox County",5,47,345,158,187
050,21,121,"Kentucky","Knox County",5,48,373,176,197
050,21,121,"Kentucky","Knox County",5,49,365,195,170
050,21,121,"Kentucky","Knox County",5,50,386,199,187
050,21,121,"Kentucky","Knox County",5,51,421,213,208
050,21,121,"Kentucky","Knox County",5,52,435,216,219
050,21,121,"Kentucky","Knox County",5,53,392,195,197
050,21,121,"Kentucky","Knox County",5,54,363,178,185
050,21,121,"Kentucky","Knox County",5,55,348,182,166
050,21,121,"Kentucky","Knox County",5,56,390,190,200
050,21,121,"Kentucky","Knox County",5,57,409,205,204
050,21,121,"Kentucky","Knox County",5,58,415,198,217
050,21,121,"Kentucky","Knox County",5,59,407,200,207
050,21,121,"Kentucky","Knox County",5,60,418,205,213
050,21,121,"Kentucky","Knox County",5,61,401,190,211
050,21,121,"Kentucky","Knox County",5,62,355,173,182
050,21,121,"Kentucky","Knox County",5,63,335,152,183
050,21,121,"Kentucky","Knox County",5,64,351,172,179
050,21,121,"Kentucky","Knox County",5,65,352,179,173
050,21,121,"Kentucky","Knox County",5,66,319,161,158
050,21,121,"Kentucky","Knox County",5,67,301,140,161
050,21,121,"Kentucky","Knox County",5,68,318,140,178
050,21,121,"Kentucky","Knox County",5,69,339,158,181
050,21,121,"Kentucky","Knox County",5,70,317,141,176
050,21,121,"Kentucky","Knox County",5,71,264,112,152
050,21,121,"Kentucky","Knox County",5,72,253,108,145
050,21,121,"Kentucky","Knox County",5,73,233,94,139
050,21,121,"Kentucky","Knox County",5,74,248,105,143
050,21,121,"Kentucky","Knox County",5,75,273,121,152
050,21,121,"Kentucky","Knox County",5,76,276,126,150
050,21,121,"Kentucky","Knox County",5,77,182,74,108
050,21,121,"Kentucky","Knox County",5,78,208,84,124
050,21,121,"Kentucky","Knox County",5,79,179,71,108
050,21,121,"Kentucky","Knox County",5,80,168,61,107
050,21,121,"Kentucky","Knox County",5,81,134,51,83
050,21,121,"Kentucky","Knox County",5,82,131,56,75
050,21,121,"Kentucky","Knox County",5,83,124,57,67
050,21,121,"Kentucky","Knox County",5,84,102,40,62
050,21,121,"Kentucky","Knox County",5,85,563,208,355
050,21,123,"Kentucky","Larue County",1,0,165,82,83
050,21,123,"Kentucky","Larue County",1,1,192,97,95
050,21,123,"Kentucky","Larue County",1,2,157,83,74
050,21,123,"Kentucky","Larue County",1,3,171,87,84
050,21,123,"Kentucky","Larue County",1,4,169,85,84
050,21,123,"Kentucky","Larue County",1,5,176,93,83
050,21,123,"Kentucky","Larue County",1,6,196,97,99
050,21,123,"Kentucky","Larue County",1,7,191,90,101
050,21,123,"Kentucky","Larue County",1,8,181,99,82
050,21,123,"Kentucky","Larue County",1,9,175,93,82
050,21,123,"Kentucky","Larue County",1,10,179,94,85
050,21,123,"Kentucky","Larue County",1,11,197,99,98
050,21,123,"Kentucky","Larue County",1,12,211,104,107
050,21,123,"Kentucky","Larue County",1,13,215,112,103
050,21,123,"Kentucky","Larue County",1,14,243,126,117
050,21,123,"Kentucky","Larue County",1,15,201,110,91
050,21,123,"Kentucky","Larue County",1,16,201,104,97
050,21,123,"Kentucky","Larue County",1,17,197,117,80
050,21,123,"Kentucky","Larue County",1,18,173,97,76
050,21,123,"Kentucky","Larue County",1,19,123,62,61
050,21,123,"Kentucky","Larue County",1,20,139,77,62
050,21,123,"Kentucky","Larue County",1,21,159,82,77
050,21,123,"Kentucky","Larue County",1,22,148,81,67
050,21,123,"Kentucky","Larue County",1,23,170,87,83
050,21,123,"Kentucky","Larue County",1,24,179,87,92
050,21,123,"Kentucky","Larue County",1,25,186,102,84
050,21,123,"Kentucky","Larue County",1,26,181,95,86
050,21,123,"Kentucky","Larue County",1,27,174,85,89
050,21,123,"Kentucky","Larue County",1,28,170,88,82
050,21,123,"Kentucky","Larue County",1,29,202,105,97
050,21,123,"Kentucky","Larue County",1,30,195,109,86
050,21,123,"Kentucky","Larue County",1,31,170,82,88
050,21,123,"Kentucky","Larue County",1,32,176,96,80
050,21,123,"Kentucky","Larue County",1,33,174,80,94
050,21,123,"Kentucky","Larue County",1,34,167,76,91
050,21,123,"Kentucky","Larue County",1,35,184,91,93
050,21,123,"Kentucky","Larue County",1,36,197,89,108
050,21,123,"Kentucky","Larue County",1,37,194,92,102
050,21,123,"Kentucky","Larue County",1,38,191,96,95
050,21,123,"Kentucky","Larue County",1,39,209,111,98
050,21,123,"Kentucky","Larue County",1,40,206,108,98
050,21,123,"Kentucky","Larue County",1,41,196,91,105
050,21,123,"Kentucky","Larue County",1,42,183,91,92
050,21,123,"Kentucky","Larue County",1,43,186,93,93
050,21,123,"Kentucky","Larue County",1,44,163,84,79
050,21,123,"Kentucky","Larue County",1,45,173,86,87
050,21,123,"Kentucky","Larue County",1,46,166,79,87
050,21,123,"Kentucky","Larue County",1,47,182,89,93
050,21,123,"Kentucky","Larue County",1,48,184,92,92
050,21,123,"Kentucky","Larue County",1,49,208,99,109
050,21,123,"Kentucky","Larue County",1,50,195,87,108
050,21,123,"Kentucky","Larue County",1,51,175,92,83
050,21,123,"Kentucky","Larue County",1,52,183,98,85
050,21,123,"Kentucky","Larue County",1,53,196,99,97
050,21,123,"Kentucky","Larue County",1,54,206,95,111
050,21,123,"Kentucky","Larue County",1,55,240,118,122
050,21,123,"Kentucky","Larue County",1,56,262,128,134
050,21,123,"Kentucky","Larue County",1,57,232,117,115
050,21,123,"Kentucky","Larue County",1,58,213,102,111
050,21,123,"Kentucky","Larue County",1,59,237,125,112
050,21,123,"Kentucky","Larue County",1,60,222,102,120
050,21,123,"Kentucky","Larue County",1,61,207,109,98
050,21,123,"Kentucky","Larue County",1,62,204,104,100
050,21,123,"Kentucky","Larue County",1,63,204,92,112
050,21,123,"Kentucky","Larue County",1,64,194,96,98
050,21,123,"Kentucky","Larue County",1,65,194,95,99
050,21,123,"Kentucky","Larue County",1,66,201,102,99
050,21,123,"Kentucky","Larue County",1,67,187,94,93
050,21,123,"Kentucky","Larue County",1,68,181,90,91
050,21,123,"Kentucky","Larue County",1,69,140,64,76
050,21,123,"Kentucky","Larue County",1,70,157,74,83
050,21,123,"Kentucky","Larue County",1,71,144,76,68
050,21,123,"Kentucky","Larue County",1,72,141,76,65
050,21,123,"Kentucky","Larue County",1,73,133,59,74
050,21,123,"Kentucky","Larue County",1,74,108,56,52
050,21,123,"Kentucky","Larue County",1,75,99,49,50
050,21,123,"Kentucky","Larue County",1,76,90,42,48
050,21,123,"Kentucky","Larue County",1,77,87,40,47
050,21,123,"Kentucky","Larue County",1,78,74,29,45
050,21,123,"Kentucky","Larue County",1,79,80,31,49
050,21,123,"Kentucky","Larue County",1,80,71,27,44
050,21,123,"Kentucky","Larue County",1,81,73,29,44
050,21,123,"Kentucky","Larue County",1,82,72,34,38
050,21,123,"Kentucky","Larue County",1,83,64,28,36
050,21,123,"Kentucky","Larue County",1,84,50,25,25
050,21,123,"Kentucky","Larue County",1,85,220,87,133
050,21,123,"Kentucky","Larue County",2,0,169,87,82
050,21,123,"Kentucky","Larue County",2,1,184,93,91
050,21,123,"Kentucky","Larue County",2,2,166,86,80
050,21,123,"Kentucky","Larue County",2,3,170,87,83
050,21,123,"Kentucky","Larue County",2,4,173,88,85
050,21,123,"Kentucky","Larue County",2,5,179,94,85
050,21,123,"Kentucky","Larue County",2,6,192,97,95
050,21,123,"Kentucky","Larue County",2,7,191,91,100
050,21,123,"Kentucky","Larue County",2,8,182,95,87
050,21,123,"Kentucky","Larue County",2,9,175,93,82
050,21,123,"Kentucky","Larue County",2,10,178,93,85
050,21,123,"Kentucky","Larue County",2,11,193,97,96
050,21,123,"Kentucky","Larue County",2,12,206,102,104
050,21,123,"Kentucky","Larue County",2,13,214,110,104
050,21,123,"Kentucky","Larue County",2,14,232,121,111
050,21,123,"Kentucky","Larue County",2,15,211,115,96
050,21,123,"Kentucky","Larue County",2,16,199,105,94
050,21,123,"Kentucky","Larue County",2,17,196,113,83
050,21,123,"Kentucky","Larue County",2,18,170,98,72
050,21,123,"Kentucky","Larue County",2,19,124,64,60
050,21,123,"Kentucky","Larue County",2,20,139,76,63
050,21,123,"Kentucky","Larue County",2,21,154,81,73
050,21,123,"Kentucky","Larue County",2,22,154,83,71
050,21,123,"Kentucky","Larue County",2,23,166,86,80
050,21,123,"Kentucky","Larue County",2,24,179,87,92
050,21,123,"Kentucky","Larue County",2,25,187,101,86
050,21,123,"Kentucky","Larue County",2,26,180,95,85
050,21,123,"Kentucky","Larue County",2,27,176,89,87
050,21,123,"Kentucky","Larue County",2,28,172,88,84
050,21,123,"Kentucky","Larue County",2,29,194,102,92
050,21,123,"Kentucky","Larue County",2,30,197,109,88
050,21,123,"Kentucky","Larue County",2,31,174,87,87
050,21,123,"Kentucky","Larue County",2,32,176,94,82
050,21,123,"Kentucky","Larue County",2,33,173,82,91
050,21,123,"Kentucky","Larue County",2,34,167,76,91
050,21,123,"Kentucky","Larue County",2,35,182,88,94
050,21,123,"Kentucky","Larue County",2,36,192,88,104
050,21,123,"Kentucky","Larue County",2,37,194,92,102
050,21,123,"Kentucky","Larue County",2,38,190,92,98
050,21,123,"Kentucky","Larue County",2,39,205,107,98
050,21,123,"Kentucky","Larue County",2,40,206,108,98
050,21,123,"Kentucky","Larue County",2,41,197,94,103
050,21,123,"Kentucky","Larue County",2,42,184,90,94
050,21,123,"Kentucky","Larue County",2,43,187,94,93
050,21,123,"Kentucky","Larue County",2,44,168,85,83
050,21,123,"Kentucky","Larue County",2,45,171,87,84
050,21,123,"Kentucky","Larue County",2,46,168,79,89
050,21,123,"Kentucky","Larue County",2,47,178,87,91
050,21,123,"Kentucky","Larue County",2,48,184,92,92
050,21,123,"Kentucky","Larue County",2,49,206,100,106
050,21,123,"Kentucky","Larue County",2,50,198,89,109
050,21,123,"Kentucky","Larue County",2,51,178,89,89
050,21,123,"Kentucky","Larue County",2,52,180,96,84
050,21,123,"Kentucky","Larue County",2,53,194,99,95
050,21,123,"Kentucky","Larue County",2,54,205,97,108
050,21,123,"Kentucky","Larue County",2,55,236,114,122
050,21,123,"Kentucky","Larue County",2,56,257,125,132
050,21,123,"Kentucky","Larue County",2,57,241,121,120
050,21,123,"Kentucky","Larue County",2,58,217,106,111
050,21,123,"Kentucky","Larue County",2,59,230,118,112
050,21,123,"Kentucky","Larue County",2,60,225,108,117
050,21,123,"Kentucky","Larue County",2,61,211,108,103
050,21,123,"Kentucky","Larue County",2,62,205,105,100
050,21,123,"Kentucky","Larue County",2,63,205,95,110
050,21,123,"Kentucky","Larue County",2,64,196,95,101
050,21,123,"Kentucky","Larue County",2,65,194,95,99
050,21,123,"Kentucky","Larue County",2,66,200,100,100
050,21,123,"Kentucky","Larue County",2,67,192,97,95
050,21,123,"Kentucky","Larue County",2,68,180,90,90
050,21,123,"Kentucky","Larue County",2,69,152,71,81
050,21,123,"Kentucky","Larue County",2,70,151,71,80
050,21,123,"Kentucky","Larue County",2,71,149,77,72
050,21,123,"Kentucky","Larue County",2,72,140,74,66
050,21,123,"Kentucky","Larue County",2,73,143,67,76
050,21,123,"Kentucky","Larue County",2,74,105,52,53
050,21,123,"Kentucky","Larue County",2,75,99,49,50
050,21,123,"Kentucky","Larue County",2,76,92,44,48
050,21,123,"Kentucky","Larue County",2,77,90,42,48
050,21,123,"Kentucky","Larue County",2,78,72,29,43
050,21,123,"Kentucky","Larue County",2,79,78,30,48
050,21,123,"Kentucky","Larue County",2,80,72,27,45
050,21,123,"Kentucky","Larue County",2,81,73,29,44
050,21,123,"Kentucky","Larue County",2,82,74,34,40
050,21,123,"Kentucky","Larue County",2,83,65,29,36
050,21,123,"Kentucky","Larue County",2,84,52,25,27
050,21,123,"Kentucky","Larue County",2,85,218,90,128
050,21,123,"Kentucky","Larue County",3,0,156,77,79
050,21,123,"Kentucky","Larue County",3,1,180,95,85
050,21,123,"Kentucky","Larue County",3,2,190,99,91
050,21,123,"Kentucky","Larue County",3,3,177,101,76
050,21,123,"Kentucky","Larue County",3,4,186,94,92
050,21,123,"Kentucky","Larue County",3,5,175,90,85
050,21,123,"Kentucky","Larue County",3,6,176,89,87
050,21,123,"Kentucky","Larue County",3,7,189,93,96
050,21,123,"Kentucky","Larue County",3,8,195,89,106
050,21,123,"Kentucky","Larue County",3,9,190,96,94
050,21,123,"Kentucky","Larue County",3,10,174,91,83
050,21,123,"Kentucky","Larue County",3,11,185,98,87
050,21,123,"Kentucky","Larue County",3,12,206,102,104
050,21,123,"Kentucky","Larue County",3,13,215,108,107
050,21,123,"Kentucky","Larue County",3,14,220,111,109
050,21,123,"Kentucky","Larue County",3,15,235,125,110
050,21,123,"Kentucky","Larue County",3,16,204,115,89
050,21,123,"Kentucky","Larue County",3,17,202,108,94
050,21,123,"Kentucky","Larue County",3,18,176,102,74
050,21,123,"Kentucky","Larue County",3,19,137,74,63
050,21,123,"Kentucky","Larue County",3,20,133,70,63
050,21,123,"Kentucky","Larue County",3,21,151,84,67
050,21,123,"Kentucky","Larue County",3,22,172,92,80
050,21,123,"Kentucky","Larue County",3,23,170,92,78
050,21,123,"Kentucky","Larue County",3,24,179,95,84
050,21,123,"Kentucky","Larue County",3,25,175,90,85
050,21,123,"Kentucky","Larue County",3,26,194,100,94
050,21,123,"Kentucky","Larue County",3,27,180,99,81
050,21,123,"Kentucky","Larue County",3,28,185,93,92
050,21,123,"Kentucky","Larue County",3,29,165,85,80
050,21,123,"Kentucky","Larue County",3,30,207,107,100
050,21,123,"Kentucky","Larue County",3,31,192,106,86
050,21,123,"Kentucky","Larue County",3,32,178,97,81
050,21,123,"Kentucky","Larue County",3,33,185,95,90
050,21,123,"Kentucky","Larue County",3,34,170,80,90
050,21,123,"Kentucky","Larue County",3,35,169,74,95
050,21,123,"Kentucky","Larue County",3,36,186,91,95
050,21,123,"Kentucky","Larue County",3,37,199,96,103
050,21,123,"Kentucky","Larue County",3,38,185,84,101
050,21,123,"Kentucky","Larue County",3,39,185,90,95
050,21,123,"Kentucky","Larue County",3,40,206,111,95
050,21,123,"Kentucky","Larue County",3,41,211,110,101
050,21,123,"Kentucky","Larue County",3,42,204,96,108
050,21,123,"Kentucky","Larue County",3,43,195,94,101
050,21,123,"Kentucky","Larue County",3,44,201,104,97
050,21,123,"Kentucky","Larue County",3,45,168,84,84
050,21,123,"Kentucky","Larue County",3,46,167,83,84
050,21,123,"Kentucky","Larue County",3,47,162,77,85
050,21,123,"Kentucky","Larue County",3,48,183,90,93
050,21,123,"Kentucky","Larue County",3,49,191,98,93
050,21,123,"Kentucky","Larue County",3,50,203,98,105
050,21,123,"Kentucky","Larue County",3,51,202,92,110
050,21,123,"Kentucky","Larue County",3,52,173,84,89
050,21,123,"Kentucky","Larue County",3,53,182,99,83
050,21,123,"Kentucky","Larue County",3,54,193,98,95
050,21,123,"Kentucky","Larue County",3,55,198,91,107
050,21,123,"Kentucky","Larue County",3,56,232,113,119
050,21,123,"Kentucky","Larue County",3,57,260,126,134
050,21,123,"Kentucky","Larue County",3,58,237,118,119
050,21,123,"Kentucky","Larue County",3,59,212,102,110
050,21,123,"Kentucky","Larue County",3,60,230,118,112
050,21,123,"Kentucky","Larue County",3,61,231,111,120
050,21,123,"Kentucky","Larue County",3,62,208,106,102
050,21,123,"Kentucky","Larue County",3,63,204,108,96
050,21,123,"Kentucky","Larue County",3,64,209,93,116
050,21,123,"Kentucky","Larue County",3,65,200,99,101
050,21,123,"Kentucky","Larue County",3,66,188,91,97
050,21,123,"Kentucky","Larue County",3,67,201,99,102
050,21,123,"Kentucky","Larue County",3,68,189,94,95
050,21,123,"Kentucky","Larue County",3,69,175,87,88
050,21,123,"Kentucky","Larue County",3,70,147,69,78
050,21,123,"Kentucky","Larue County",3,71,145,67,78
050,21,123,"Kentucky","Larue County",3,72,150,77,73
050,21,123,"Kentucky","Larue County",3,73,133,70,63
050,21,123,"Kentucky","Larue County",3,74,136,63,73
050,21,123,"Kentucky","Larue County",3,75,99,48,51
050,21,123,"Kentucky","Larue County",3,76,95,48,47
050,21,123,"Kentucky","Larue County",3,77,89,44,45
050,21,123,"Kentucky","Larue County",3,78,84,39,45
050,21,123,"Kentucky","Larue County",3,79,66,26,40
050,21,123,"Kentucky","Larue County",3,80,71,28,43
050,21,123,"Kentucky","Larue County",3,81,68,26,42
050,21,123,"Kentucky","Larue County",3,82,68,27,41
050,21,123,"Kentucky","Larue County",3,83,67,31,36
050,21,123,"Kentucky","Larue County",3,84,59,25,34
050,21,123,"Kentucky","Larue County",3,85,207,92,115
050,21,123,"Kentucky","Larue County",4,0,153,68,85
050,21,123,"Kentucky","Larue County",4,1,157,80,77
050,21,123,"Kentucky","Larue County",4,2,181,92,89
050,21,123,"Kentucky","Larue County",4,3,183,96,87
050,21,123,"Kentucky","Larue County",4,4,196,106,90
050,21,123,"Kentucky","Larue County",4,5,179,93,86
050,21,123,"Kentucky","Larue County",4,6,179,96,83
050,21,123,"Kentucky","Larue County",4,7,186,102,84
050,21,123,"Kentucky","Larue County",4,8,192,94,98
050,21,123,"Kentucky","Larue County",4,9,195,92,103
050,21,123,"Kentucky","Larue County",4,10,187,91,96
050,21,123,"Kentucky","Larue County",4,11,174,91,83
050,21,123,"Kentucky","Larue County",4,12,188,99,89
050,21,123,"Kentucky","Larue County",4,13,203,101,102
050,21,123,"Kentucky","Larue County",4,14,219,111,108
050,21,123,"Kentucky","Larue County",4,15,223,114,109
050,21,123,"Kentucky","Larue County",4,16,232,120,112
050,21,123,"Kentucky","Larue County",4,17,205,115,90
050,21,123,"Kentucky","Larue County",4,18,170,94,76
050,21,123,"Kentucky","Larue County",4,19,139,72,67
050,21,123,"Kentucky","Larue County",4,20,137,76,61
050,21,123,"Kentucky","Larue County",4,21,149,75,74
050,21,123,"Kentucky","Larue County",4,22,171,94,77
050,21,123,"Kentucky","Larue County",4,23,174,89,85
050,21,123,"Kentucky","Larue County",4,24,174,84,90
050,21,123,"Kentucky","Larue County",4,25,198,112,86
050,21,123,"Kentucky","Larue County",4,26,188,90,98
050,21,123,"Kentucky","Larue County",4,27,196,107,89
050,21,123,"Kentucky","Larue County",4,28,180,98,82
050,21,123,"Kentucky","Larue County",4,29,174,84,90
050,21,123,"Kentucky","Larue County",4,30,183,101,82
050,21,123,"Kentucky","Larue County",4,31,201,92,109
050,21,123,"Kentucky","Larue County",4,32,203,113,90
050,21,123,"Kentucky","Larue County",4,33,188,101,87
050,21,123,"Kentucky","Larue County",4,34,182,93,89
050,21,123,"Kentucky","Larue County",4,35,157,74,83
050,21,123,"Kentucky","Larue County",4,36,170,71,99
050,21,123,"Kentucky","Larue County",4,37,193,99,94
050,21,123,"Kentucky","Larue County",4,38,213,103,110
050,21,123,"Kentucky","Larue County",4,39,195,97,98
050,21,123,"Kentucky","Larue County",4,40,197,93,104
050,21,123,"Kentucky","Larue County",4,41,200,107,93
050,21,123,"Kentucky","Larue County",4,42,214,114,100
050,21,123,"Kentucky","Larue County",4,43,210,100,110
050,21,123,"Kentucky","Larue County",4,44,196,90,106
050,21,123,"Kentucky","Larue County",4,45,189,103,86
050,21,123,"Kentucky","Larue County",4,46,178,85,93
050,21,123,"Kentucky","Larue County",4,47,173,89,84
050,21,123,"Kentucky","Larue County",4,48,160,80,80
050,21,123,"Kentucky","Larue County",4,49,180,88,92
050,21,123,"Kentucky","Larue County",4,50,192,95,97
050,21,123,"Kentucky","Larue County",4,51,205,104,101
050,21,123,"Kentucky","Larue County",4,52,201,89,112
050,21,123,"Kentucky","Larue County",4,53,184,88,96
050,21,123,"Kentucky","Larue County",4,54,186,101,85
050,21,123,"Kentucky","Larue County",4,55,194,91,103
050,21,123,"Kentucky","Larue County",4,56,201,90,111
050,21,123,"Kentucky","Larue County",4,57,233,111,122
050,21,123,"Kentucky","Larue County",4,58,260,121,139
050,21,123,"Kentucky","Larue County",4,59,234,117,117
050,21,123,"Kentucky","Larue County",4,60,211,102,109
050,21,123,"Kentucky","Larue County",4,61,233,119,114
050,21,123,"Kentucky","Larue County",4,62,229,112,117
050,21,123,"Kentucky","Larue County",4,63,204,101,103
050,21,123,"Kentucky","Larue County",4,64,204,106,98
050,21,123,"Kentucky","Larue County",4,65,205,88,117
050,21,123,"Kentucky","Larue County",4,66,196,100,96
050,21,123,"Kentucky","Larue County",4,67,189,92,97
050,21,123,"Kentucky","Larue County",4,68,199,99,100
050,21,123,"Kentucky","Larue County",4,69,184,90,94
050,21,123,"Kentucky","Larue County",4,70,172,88,84
050,21,123,"Kentucky","Larue County",4,71,145,68,77
050,21,123,"Kentucky","Larue County",4,72,146,70,76
050,21,123,"Kentucky","Larue County",4,73,144,73,71
050,21,123,"Kentucky","Larue County",4,74,127,66,61
050,21,123,"Kentucky","Larue County",4,75,128,60,68
050,21,123,"Kentucky","Larue County",4,76,98,48,50
050,21,123,"Kentucky","Larue County",4,77,91,47,44
050,21,123,"Kentucky","Larue County",4,78,84,39,45
050,21,123,"Kentucky","Larue County",4,79,78,35,43
050,21,123,"Kentucky","Larue County",4,80,57,22,35
050,21,123,"Kentucky","Larue County",4,81,66,26,40
050,21,123,"Kentucky","Larue County",4,82,61,24,37
050,21,123,"Kentucky","Larue County",4,83,63,25,38
050,21,123,"Kentucky","Larue County",4,84,61,25,36
050,21,123,"Kentucky","Larue County",4,85,221,99,122
050,21,123,"Kentucky","Larue County",5,0,154,69,85
050,21,123,"Kentucky","Larue County",5,1,173,77,96
050,21,123,"Kentucky","Larue County",5,2,154,78,76
050,21,123,"Kentucky","Larue County",5,3,179,85,94
050,21,123,"Kentucky","Larue County",5,4,182,95,87
050,21,123,"Kentucky","Larue County",5,5,195,111,84
050,21,123,"Kentucky","Larue County",5,6,194,97,97
050,21,123,"Kentucky","Larue County",5,7,174,86,88
050,21,123,"Kentucky","Larue County",5,8,183,94,89
050,21,123,"Kentucky","Larue County",5,9,194,95,99
050,21,123,"Kentucky","Larue County",5,10,201,83,118
050,21,123,"Kentucky","Larue County",5,11,199,98,101
050,21,123,"Kentucky","Larue County",5,12,178,96,82
050,21,123,"Kentucky","Larue County",5,13,202,107,95
050,21,123,"Kentucky","Larue County",5,14,222,114,108
050,21,123,"Kentucky","Larue County",5,15,217,110,107
050,21,123,"Kentucky","Larue County",5,16,224,111,113
050,21,123,"Kentucky","Larue County",5,17,232,122,110
050,21,123,"Kentucky","Larue County",5,18,175,103,72
050,21,123,"Kentucky","Larue County",5,19,135,73,62
050,21,123,"Kentucky","Larue County",5,20,144,75,69
050,21,123,"Kentucky","Larue County",5,21,157,86,71
050,21,123,"Kentucky","Larue County",5,22,161,80,81
050,21,123,"Kentucky","Larue County",5,23,190,105,85
050,21,123,"Kentucky","Larue County",5,24,175,90,85
050,21,123,"Kentucky","Larue County",5,25,187,97,90
050,21,123,"Kentucky","Larue County",5,26,204,118,86
050,21,123,"Kentucky","Larue County",5,27,186,91,95
050,21,123,"Kentucky","Larue County",5,28,206,112,94
050,21,123,"Kentucky","Larue County",5,29,195,102,93
050,21,123,"Kentucky","Larue County",5,30,178,86,92
050,21,123,"Kentucky","Larue County",5,31,177,89,88
050,21,123,"Kentucky","Larue County",5,32,210,102,108
050,21,123,"Kentucky","Larue County",5,33,216,119,97
050,21,123,"Kentucky","Larue County",5,34,183,90,93
050,21,123,"Kentucky","Larue County",5,35,178,95,83
050,21,123,"Kentucky","Larue County",5,36,149,66,83
050,21,123,"Kentucky","Larue County",5,37,172,75,97
050,21,123,"Kentucky","Larue County",5,38,192,94,98
050,21,123,"Kentucky","Larue County",5,39,222,112,110
050,21,123,"Kentucky","Larue County",5,40,203,99,104
050,21,123,"Kentucky","Larue County",5,41,198,91,107
050,21,123,"Kentucky","Larue County",5,42,202,111,91
050,21,123,"Kentucky","Larue County",5,43,211,111,100
050,21,123,"Kentucky","Larue County",5,44,212,100,112
050,21,123,"Kentucky","Larue County",5,45,191,91,100
050,21,123,"Kentucky","Larue County",5,46,194,105,89
050,21,123,"Kentucky","Larue County",5,47,179,89,90
050,21,123,"Kentucky","Larue County",5,48,167,83,84
050,21,123,"Kentucky","Larue County",5,49,165,85,80
050,21,123,"Kentucky","Larue County",5,50,177,85,92
050,21,123,"Kentucky","Larue County",5,51,202,105,97
050,21,123,"Kentucky","Larue County",5,52,201,101,100
050,21,123,"Kentucky","Larue County",5,53,198,87,111
050,21,123,"Kentucky","Larue County",5,54,183,87,96
050,21,123,"Kentucky","Larue County",5,55,178,93,85
050,21,123,"Kentucky","Larue County",5,56,194,91,103
050,21,123,"Kentucky","Larue County",5,57,208,94,114
050,21,123,"Kentucky","Larue County",5,58,240,114,126
050,21,123,"Kentucky","Larue County",5,59,260,122,138
050,21,123,"Kentucky","Larue County",5,60,236,117,119
050,21,123,"Kentucky","Larue County",5,61,213,99,114
050,21,123,"Kentucky","Larue County",5,62,229,121,108
050,21,123,"Kentucky","Larue County",5,63,232,114,118
050,21,123,"Kentucky","Larue County",5,64,202,96,106
050,21,123,"Kentucky","Larue County",5,65,200,103,97
050,21,123,"Kentucky","Larue County",5,66,201,89,112
050,21,123,"Kentucky","Larue County",5,67,195,97,98
050,21,123,"Kentucky","Larue County",5,68,182,88,94
050,21,123,"Kentucky","Larue County",5,69,199,96,103
050,21,123,"Kentucky","Larue County",5,70,178,88,90
050,21,123,"Kentucky","Larue County",5,71,168,85,83
050,21,123,"Kentucky","Larue County",5,72,145,67,78
050,21,123,"Kentucky","Larue County",5,73,137,66,71
050,21,123,"Kentucky","Larue County",5,74,140,71,69
050,21,123,"Kentucky","Larue County",5,75,117,61,56
050,21,123,"Kentucky","Larue County",5,76,122,58,64
050,21,123,"Kentucky","Larue County",5,77,93,47,46
050,21,123,"Kentucky","Larue County",5,78,87,46,41
050,21,123,"Kentucky","Larue County",5,79,80,38,42
050,21,123,"Kentucky","Larue County",5,80,70,30,40
050,21,123,"Kentucky","Larue County",5,81,55,21,34
050,21,123,"Kentucky","Larue County",5,82,60,24,36
050,21,123,"Kentucky","Larue County",5,83,54,21,33
050,21,123,"Kentucky","Larue County",5,84,57,22,35
050,21,123,"Kentucky","Larue County",5,85,239,109,130
050,21,125,"Kentucky","Laurel County",1,0,713,368,345
050,21,125,"Kentucky","Laurel County",1,1,750,393,357
050,21,125,"Kentucky","Laurel County",1,2,772,392,380
050,21,125,"Kentucky","Laurel County",1,3,796,387,409
050,21,125,"Kentucky","Laurel County",1,4,779,393,386
050,21,125,"Kentucky","Laurel County",1,5,796,391,405
050,21,125,"Kentucky","Laurel County",1,6,787,402,385
050,21,125,"Kentucky","Laurel County",1,7,795,417,378
050,21,125,"Kentucky","Laurel County",1,8,779,401,378
050,21,125,"Kentucky","Laurel County",1,9,790,414,376
050,21,125,"Kentucky","Laurel County",1,10,806,419,387
050,21,125,"Kentucky","Laurel County",1,11,851,431,420
050,21,125,"Kentucky","Laurel County",1,12,869,432,437
050,21,125,"Kentucky","Laurel County",1,13,853,436,417
050,21,125,"Kentucky","Laurel County",1,14,849,433,416
050,21,125,"Kentucky","Laurel County",1,15,850,420,430
050,21,125,"Kentucky","Laurel County",1,16,840,435,405
050,21,125,"Kentucky","Laurel County",1,17,855,439,416
050,21,125,"Kentucky","Laurel County",1,18,723,370,353
050,21,125,"Kentucky","Laurel County",1,19,574,287,287
050,21,125,"Kentucky","Laurel County",1,20,651,357,294
050,21,125,"Kentucky","Laurel County",1,21,648,362,286
050,21,125,"Kentucky","Laurel County",1,22,741,391,350
050,21,125,"Kentucky","Laurel County",1,23,758,382,376
050,21,125,"Kentucky","Laurel County",1,24,734,370,364
050,21,125,"Kentucky","Laurel County",1,25,787,403,384
050,21,125,"Kentucky","Laurel County",1,26,774,403,371
050,21,125,"Kentucky","Laurel County",1,27,832,432,400
050,21,125,"Kentucky","Laurel County",1,28,828,413,415
050,21,125,"Kentucky","Laurel County",1,29,855,408,447
050,21,125,"Kentucky","Laurel County",1,30,829,415,414
050,21,125,"Kentucky","Laurel County",1,31,784,375,409
050,21,125,"Kentucky","Laurel County",1,32,829,394,435
050,21,125,"Kentucky","Laurel County",1,33,786,394,392
050,21,125,"Kentucky","Laurel County",1,34,767,389,378
050,21,125,"Kentucky","Laurel County",1,35,769,398,371
050,21,125,"Kentucky","Laurel County",1,36,756,373,383
050,21,125,"Kentucky","Laurel County",1,37,803,400,403
050,21,125,"Kentucky","Laurel County",1,38,813,400,413
050,21,125,"Kentucky","Laurel County",1,39,848,408,440
050,21,125,"Kentucky","Laurel County",1,40,831,413,418
050,21,125,"Kentucky","Laurel County",1,41,820,407,413
050,21,125,"Kentucky","Laurel County",1,42,811,393,418
050,21,125,"Kentucky","Laurel County",1,43,825,405,420
050,21,125,"Kentucky","Laurel County",1,44,799,401,398
050,21,125,"Kentucky","Laurel County",1,45,796,402,394
050,21,125,"Kentucky","Laurel County",1,46,770,389,381
050,21,125,"Kentucky","Laurel County",1,47,777,391,386
050,21,125,"Kentucky","Laurel County",1,48,852,448,404
050,21,125,"Kentucky","Laurel County",1,49,914,488,426
050,21,125,"Kentucky","Laurel County",1,50,866,455,411
050,21,125,"Kentucky","Laurel County",1,51,840,444,396
050,21,125,"Kentucky","Laurel County",1,52,847,430,417
050,21,125,"Kentucky","Laurel County",1,53,830,430,400
050,21,125,"Kentucky","Laurel County",1,54,839,396,443
050,21,125,"Kentucky","Laurel County",1,55,884,410,474
050,21,125,"Kentucky","Laurel County",1,56,909,439,470
050,21,125,"Kentucky","Laurel County",1,57,846,415,431
050,21,125,"Kentucky","Laurel County",1,58,833,387,446
050,21,125,"Kentucky","Laurel County",1,59,823,402,421
050,21,125,"Kentucky","Laurel County",1,60,850,418,432
050,21,125,"Kentucky","Laurel County",1,61,852,402,450
050,21,125,"Kentucky","Laurel County",1,62,840,404,436
050,21,125,"Kentucky","Laurel County",1,63,812,380,432
050,21,125,"Kentucky","Laurel County",1,64,817,361,456
050,21,125,"Kentucky","Laurel County",1,65,760,359,401
050,21,125,"Kentucky","Laurel County",1,66,703,358,345
050,21,125,"Kentucky","Laurel County",1,67,701,351,350
050,21,125,"Kentucky","Laurel County",1,68,709,336,373
050,21,125,"Kentucky","Laurel County",1,69,628,292,336
050,21,125,"Kentucky","Laurel County",1,70,600,283,317
050,21,125,"Kentucky","Laurel County",1,71,629,317,312
050,21,125,"Kentucky","Laurel County",1,72,603,299,304
050,21,125,"Kentucky","Laurel County",1,73,605,304,301
050,21,125,"Kentucky","Laurel County",1,74,422,194,228
050,21,125,"Kentucky","Laurel County",1,75,424,185,239
050,21,125,"Kentucky","Laurel County",1,76,400,160,240
050,21,125,"Kentucky","Laurel County",1,77,371,164,207
050,21,125,"Kentucky","Laurel County",1,78,352,167,185
050,21,125,"Kentucky","Laurel County",1,79,331,144,187
050,21,125,"Kentucky","Laurel County",1,80,267,122,145
050,21,125,"Kentucky","Laurel County",1,81,251,102,149
050,21,125,"Kentucky","Laurel County",1,82,246,104,142
050,21,125,"Kentucky","Laurel County",1,83,198,86,112
050,21,125,"Kentucky","Laurel County",1,84,185,81,104
050,21,125,"Kentucky","Laurel County",1,85,921,337,584
050,21,125,"Kentucky","Laurel County",2,0,719,382,337
050,21,125,"Kentucky","Laurel County",2,1,743,387,356
050,21,125,"Kentucky","Laurel County",2,2,767,393,374
050,21,125,"Kentucky","Laurel County",2,3,790,389,401
050,21,125,"Kentucky","Laurel County",2,4,788,393,395
050,21,125,"Kentucky","Laurel County",2,5,795,393,402
050,21,125,"Kentucky","Laurel County",2,6,791,399,392
050,21,125,"Kentucky","Laurel County",2,7,790,412,378
050,21,125,"Kentucky","Laurel County",2,8,781,404,377
050,21,125,"Kentucky","Laurel County",2,9,788,410,378
050,21,125,"Kentucky","Laurel County",2,10,801,418,383
050,21,125,"Kentucky","Laurel County",2,11,839,427,412
050,21,125,"Kentucky","Laurel County",2,12,872,434,438
050,21,125,"Kentucky","Laurel County",2,13,861,435,426
050,21,125,"Kentucky","Laurel County",2,14,857,438,419
050,21,125,"Kentucky","Laurel County",2,15,850,424,426
050,21,125,"Kentucky","Laurel County",2,16,842,432,410
050,21,125,"Kentucky","Laurel County",2,17,852,441,411
050,21,125,"Kentucky","Laurel County",2,18,721,374,347
050,21,125,"Kentucky","Laurel County",2,19,580,291,289
050,21,125,"Kentucky","Laurel County",2,20,660,355,305
050,21,125,"Kentucky","Laurel County",2,21,661,366,295
050,21,125,"Kentucky","Laurel County",2,22,745,398,347
050,21,125,"Kentucky","Laurel County",2,23,760,382,378
050,21,125,"Kentucky","Laurel County",2,24,754,380,374
050,21,125,"Kentucky","Laurel County",2,25,781,401,380
050,21,125,"Kentucky","Laurel County",2,26,783,407,376
050,21,125,"Kentucky","Laurel County",2,27,816,422,394
050,21,125,"Kentucky","Laurel County",2,28,828,414,414
050,21,125,"Kentucky","Laurel County",2,29,849,412,437
050,21,125,"Kentucky","Laurel County",2,30,846,417,429
050,21,125,"Kentucky","Laurel County",2,31,794,383,411
050,21,125,"Kentucky","Laurel County",2,32,821,392,429
050,21,125,"Kentucky","Laurel County",2,33,792,391,401
050,21,125,"Kentucky","Laurel County",2,34,778,395,383
050,21,125,"Kentucky","Laurel County",2,35,776,399,377
050,21,125,"Kentucky","Laurel County",2,36,752,374,378
050,21,125,"Kentucky","Laurel County",2,37,798,399,399
050,21,125,"Kentucky","Laurel County",2,38,805,396,409
050,21,125,"Kentucky","Laurel County",2,39,843,410,433
050,21,125,"Kentucky","Laurel County",2,40,841,416,425
050,21,125,"Kentucky","Laurel County",2,41,824,412,412
050,21,125,"Kentucky","Laurel County",2,42,808,393,415
050,21,125,"Kentucky","Laurel County",2,43,821,400,421
050,21,125,"Kentucky","Laurel County",2,44,798,400,398
050,21,125,"Kentucky","Laurel County",2,45,803,403,400
050,21,125,"Kentucky","Laurel County",2,46,778,392,386
050,21,125,"Kentucky","Laurel County",2,47,771,388,383
050,21,125,"Kentucky","Laurel County",2,48,838,439,399
050,21,125,"Kentucky","Laurel County",2,49,900,479,421
050,21,125,"Kentucky","Laurel County",2,50,876,459,417
050,21,125,"Kentucky","Laurel County",2,51,844,445,399
050,21,125,"Kentucky","Laurel County",2,52,848,435,413
050,21,125,"Kentucky","Laurel County",2,53,833,430,403
050,21,125,"Kentucky","Laurel County",2,54,830,401,429
050,21,125,"Kentucky","Laurel County",2,55,876,409,467
050,21,125,"Kentucky","Laurel County",2,56,906,434,472
050,21,125,"Kentucky","Laurel County",2,57,860,422,438
050,21,125,"Kentucky","Laurel County",2,58,832,391,441
050,21,125,"Kentucky","Laurel County",2,59,829,400,429
050,21,125,"Kentucky","Laurel County",2,60,844,414,430
050,21,125,"Kentucky","Laurel County",2,61,846,402,444
050,21,125,"Kentucky","Laurel County",2,62,835,400,435
050,21,125,"Kentucky","Laurel County",2,63,822,386,436
050,21,125,"Kentucky","Laurel County",2,64,810,361,449
050,21,125,"Kentucky","Laurel County",2,65,771,358,413
050,21,125,"Kentucky","Laurel County",2,66,717,359,358
050,21,125,"Kentucky","Laurel County",2,67,694,346,348
050,21,125,"Kentucky","Laurel County",2,68,701,338,363
050,21,125,"Kentucky","Laurel County",2,69,648,304,344
050,21,125,"Kentucky","Laurel County",2,70,602,283,319
050,21,125,"Kentucky","Laurel County",2,71,620,305,315
050,21,125,"Kentucky","Laurel County",2,72,596,296,300
050,21,125,"Kentucky","Laurel County",2,73,627,312,315
050,21,125,"Kentucky","Laurel County",2,74,437,206,231
050,21,125,"Kentucky","Laurel County",2,75,425,186,239
050,21,125,"Kentucky","Laurel County",2,76,397,162,235
050,21,125,"Kentucky","Laurel County",2,77,389,168,221
050,21,125,"Kentucky","Laurel County",2,78,345,160,185
050,21,125,"Kentucky","Laurel County",2,79,331,148,183
050,21,125,"Kentucky","Laurel County",2,80,276,124,152
050,21,125,"Kentucky","Laurel County",2,81,254,106,148
050,21,125,"Kentucky","Laurel County",2,82,244,102,142
050,21,125,"Kentucky","Laurel County",2,83,196,85,111
050,21,125,"Kentucky","Laurel County",2,84,188,84,104
050,21,125,"Kentucky","Laurel County",2,85,927,340,587
050,21,125,"Kentucky","Laurel County",3,0,669,311,358
050,21,125,"Kentucky","Laurel County",3,1,729,381,348
050,21,125,"Kentucky","Laurel County",3,2,748,392,356
050,21,125,"Kentucky","Laurel County",3,3,755,383,372
050,21,125,"Kentucky","Laurel County",3,4,789,382,407
050,21,125,"Kentucky","Laurel County",3,5,789,382,407
050,21,125,"Kentucky","Laurel County",3,6,791,398,393
050,21,125,"Kentucky","Laurel County",3,7,796,406,390
050,21,125,"Kentucky","Laurel County",3,8,770,405,365
050,21,125,"Kentucky","Laurel County",3,9,775,402,373
050,21,125,"Kentucky","Laurel County",3,10,787,405,382
050,21,125,"Kentucky","Laurel County",3,11,788,409,379
050,21,125,"Kentucky","Laurel County",3,12,843,431,412
050,21,125,"Kentucky","Laurel County",3,13,863,431,432
050,21,125,"Kentucky","Laurel County",3,14,854,434,420
050,21,125,"Kentucky","Laurel County",3,15,865,436,429
050,21,125,"Kentucky","Laurel County",3,16,856,430,426
050,21,125,"Kentucky","Laurel County",3,17,851,434,417
050,21,125,"Kentucky","Laurel County",3,18,731,389,342
050,21,125,"Kentucky","Laurel County",3,19,568,292,276
050,21,125,"Kentucky","Laurel County",3,20,653,319,334
050,21,125,"Kentucky","Laurel County",3,21,690,372,318
050,21,125,"Kentucky","Laurel County",3,22,754,415,339
050,21,125,"Kentucky","Laurel County",3,23,767,385,382
050,21,125,"Kentucky","Laurel County",3,24,791,395,396
050,21,125,"Kentucky","Laurel County",3,25,779,407,372
050,21,125,"Kentucky","Laurel County",3,26,759,396,363
050,21,125,"Kentucky","Laurel County",3,27,764,391,373
050,21,125,"Kentucky","Laurel County",3,28,801,421,380
050,21,125,"Kentucky","Laurel County",3,29,844,429,415
050,21,125,"Kentucky","Laurel County",3,30,871,429,442
050,21,125,"Kentucky","Laurel County",3,31,823,400,423
050,21,125,"Kentucky","Laurel County",3,32,821,404,417
050,21,125,"Kentucky","Laurel County",3,33,794,364,430
050,21,125,"Kentucky","Laurel County",3,34,825,414,411
050,21,125,"Kentucky","Laurel County",3,35,787,399,388
050,21,125,"Kentucky","Laurel County",3,36,754,381,373
050,21,125,"Kentucky","Laurel County",3,37,782,404,378
050,21,125,"Kentucky","Laurel County",3,38,751,356,395
050,21,125,"Kentucky","Laurel County",3,39,838,413,425
050,21,125,"Kentucky","Laurel County",3,40,830,398,432
050,21,125,"Kentucky","Laurel County",3,41,844,428,416
050,21,125,"Kentucky","Laurel County",3,42,827,408,419
050,21,125,"Kentucky","Laurel County",3,43,775,372,403
050,21,125,"Kentucky","Laurel County",3,44,818,404,414
050,21,125,"Kentucky","Laurel County",3,45,806,414,392
050,21,125,"Kentucky","Laurel County",3,46,817,407,410
050,21,125,"Kentucky","Laurel County",3,47,766,378,388
050,21,125,"Kentucky","Laurel County",3,48,789,407,382
050,21,125,"Kentucky","Laurel County",3,49,831,442,389
050,21,125,"Kentucky","Laurel County",3,50,874,458,416
050,21,125,"Kentucky","Laurel County",3,51,871,467,404
050,21,125,"Kentucky","Laurel County",3,52,839,436,403
050,21,125,"Kentucky","Laurel County",3,53,825,417,408
050,21,125,"Kentucky","Laurel County",3,54,811,419,392
050,21,125,"Kentucky","Laurel County",3,55,833,398,435
050,21,125,"Kentucky","Laurel County",3,56,883,408,475
050,21,125,"Kentucky","Laurel County",3,57,894,434,460
050,21,125,"Kentucky","Laurel County",3,58,854,413,441
050,21,125,"Kentucky","Laurel County",3,59,829,394,435
050,21,125,"Kentucky","Laurel County",3,60,818,391,427
050,21,125,"Kentucky","Laurel County",3,61,840,406,434
050,21,125,"Kentucky","Laurel County",3,62,827,391,436
050,21,125,"Kentucky","Laurel County",3,63,815,398,417
050,21,125,"Kentucky","Laurel County",3,64,815,382,433
050,21,125,"Kentucky","Laurel County",3,65,790,350,440
050,21,125,"Kentucky","Laurel County",3,66,760,352,408
050,21,125,"Kentucky","Laurel County",3,67,688,343,345
050,21,125,"Kentucky","Laurel County",3,68,686,336,350
050,21,125,"Kentucky","Laurel County",3,69,669,324,345
050,21,125,"Kentucky","Laurel County",3,70,648,300,348
050,21,125,"Kentucky","Laurel County",3,71,587,280,307
050,21,125,"Kentucky","Laurel County",3,72,605,293,312
050,21,125,"Kentucky","Laurel County",3,73,563,278,285
050,21,125,"Kentucky","Laurel County",3,74,604,302,302
050,21,125,"Kentucky","Laurel County",3,75,413,196,217
050,21,125,"Kentucky","Laurel County",3,76,402,171,231
050,21,125,"Kentucky","Laurel County",3,77,373,146,227
050,21,125,"Kentucky","Laurel County",3,78,361,155,206
050,21,125,"Kentucky","Laurel County",3,79,319,143,176
050,21,125,"Kentucky","Laurel County",3,80,300,140,160
050,21,125,"Kentucky","Laurel County",3,81,269,116,153
050,21,125,"Kentucky","Laurel County",3,82,228,90,138
050,21,125,"Kentucky","Laurel County",3,83,219,94,125
050,21,125,"Kentucky","Laurel County",3,84,178,79,99
050,21,125,"Kentucky","Laurel County",3,85,922,345,577
050,21,125,"Kentucky","Laurel County",4,0,686,360,326
050,21,125,"Kentucky","Laurel County",4,1,710,330,380
050,21,125,"Kentucky","Laurel County",4,2,724,385,339
050,21,125,"Kentucky","Laurel County",4,3,743,390,353
050,21,125,"Kentucky","Laurel County",4,4,767,393,374
050,21,125,"Kentucky","Laurel County",4,5,806,395,411
050,21,125,"Kentucky","Laurel County",4,6,799,389,410
050,21,125,"Kentucky","Laurel County",4,7,804,414,390
050,21,125,"Kentucky","Laurel County",4,8,810,416,394
050,21,125,"Kentucky","Laurel County",4,9,790,415,375
050,21,125,"Kentucky","Laurel County",4,10,778,401,377
050,21,125,"Kentucky","Laurel County",4,11,801,413,388
050,21,125,"Kentucky","Laurel County",4,12,805,415,390
050,21,125,"Kentucky","Laurel County",4,13,838,426,412
050,21,125,"Kentucky","Laurel County",4,14,855,436,419
050,21,125,"Kentucky","Laurel County",4,15,839,420,419
050,21,125,"Kentucky","Laurel County",4,16,876,436,440
050,21,125,"Kentucky","Laurel County",4,17,871,439,432
050,21,125,"Kentucky","Laurel County",4,18,713,383,330
050,21,125,"Kentucky","Laurel County",4,19,566,295,271
050,21,125,"Kentucky","Laurel County",4,20,638,328,310
050,21,125,"Kentucky","Laurel County",4,21,687,332,355
050,21,125,"Kentucky","Laurel County",4,22,761,410,351
050,21,125,"Kentucky","Laurel County",4,23,784,425,359
050,21,125,"Kentucky","Laurel County",4,24,789,409,380
050,21,125,"Kentucky","Laurel County",4,25,791,410,381
050,21,125,"Kentucky","Laurel County",4,26,800,416,384
050,21,125,"Kentucky","Laurel County",4,27,765,396,369
050,21,125,"Kentucky","Laurel County",4,28,769,384,385
050,21,125,"Kentucky","Laurel County",4,29,811,417,394
050,21,125,"Kentucky","Laurel County",4,30,853,428,425
050,21,125,"Kentucky","Laurel County",4,31,885,431,454
050,21,125,"Kentucky","Laurel County",4,32,846,413,433
050,21,125,"Kentucky","Laurel County",4,33,791,390,401
050,21,125,"Kentucky","Laurel County",4,34,817,379,438
050,21,125,"Kentucky","Laurel County",4,35,819,398,421
050,21,125,"Kentucky","Laurel County",4,36,784,399,385
050,21,125,"Kentucky","Laurel County",4,37,799,421,378
050,21,125,"Kentucky","Laurel County",4,38,740,367,373
050,21,125,"Kentucky","Laurel County",4,39,775,369,406
050,21,125,"Kentucky","Laurel County",4,40,819,409,410
050,21,125,"Kentucky","Laurel County",4,41,846,419,427
050,21,125,"Kentucky","Laurel County",4,42,863,433,430
050,21,125,"Kentucky","Laurel County",4,43,808,400,408
050,21,125,"Kentucky","Laurel County",4,44,796,390,406
050,21,125,"Kentucky","Laurel County",4,45,843,418,425
050,21,125,"Kentucky","Laurel County",4,46,826,420,406
050,21,125,"Kentucky","Laurel County",4,47,806,396,410
050,21,125,"Kentucky","Laurel County",4,48,795,399,396
050,21,125,"Kentucky","Laurel County",4,49,781,407,374
050,21,125,"Kentucky","Laurel County",4,50,818,432,386
050,21,125,"Kentucky","Laurel County",4,51,877,449,428
050,21,125,"Kentucky","Laurel County",4,52,882,463,419
050,21,125,"Kentucky","Laurel County",4,53,841,437,404
050,21,125,"Kentucky","Laurel County",4,54,813,410,403
050,21,125,"Kentucky","Laurel County",4,55,835,433,402
050,21,125,"Kentucky","Laurel County",4,56,815,388,427
050,21,125,"Kentucky","Laurel County",4,57,875,404,471
050,21,125,"Kentucky","Laurel County",4,58,889,428,461
050,21,125,"Kentucky","Laurel County",4,59,846,404,442
050,21,125,"Kentucky","Laurel County",4,60,819,394,425
050,21,125,"Kentucky","Laurel County",4,61,825,395,430
050,21,125,"Kentucky","Laurel County",4,62,846,401,445
050,21,125,"Kentucky","Laurel County",4,63,821,390,431
050,21,125,"Kentucky","Laurel County",4,64,801,387,414
050,21,125,"Kentucky","Laurel County",4,65,795,364,431
050,21,125,"Kentucky","Laurel County",4,66,788,354,434
050,21,125,"Kentucky","Laurel County",4,67,746,339,407
050,21,125,"Kentucky","Laurel County",4,68,683,338,345
050,21,125,"Kentucky","Laurel County",4,69,651,317,334
050,21,125,"Kentucky","Laurel County",4,70,654,322,332
050,21,125,"Kentucky","Laurel County",4,71,639,297,342
050,21,125,"Kentucky","Laurel County",4,72,570,269,301
050,21,125,"Kentucky","Laurel County",4,73,568,272,296
050,21,125,"Kentucky","Laurel County",4,74,532,266,266
050,21,125,"Kentucky","Laurel County",4,75,576,280,296
050,21,125,"Kentucky","Laurel County",4,76,394,182,212
050,21,125,"Kentucky","Laurel County",4,77,376,155,221
050,21,125,"Kentucky","Laurel County",4,78,352,133,219
050,21,125,"Kentucky","Laurel County",4,79,335,140,195
050,21,125,"Kentucky","Laurel County",4,80,286,130,156
050,21,125,"Kentucky","Laurel County",4,81,295,131,164
050,21,125,"Kentucky","Laurel County",4,82,250,103,147
050,21,125,"Kentucky","Laurel County",4,83,196,80,116
050,21,125,"Kentucky","Laurel County",4,84,195,84,111
050,21,125,"Kentucky","Laurel County",4,85,927,347,580
050,21,125,"Kentucky","Laurel County",5,0,695,364,331
050,21,125,"Kentucky","Laurel County",5,1,677,359,318
050,21,125,"Kentucky","Laurel County",5,2,721,323,398
050,21,125,"Kentucky","Laurel County",5,3,747,388,359
050,21,125,"Kentucky","Laurel County",5,4,733,389,344
050,21,125,"Kentucky","Laurel County",5,5,772,391,381
050,21,125,"Kentucky","Laurel County",5,6,803,397,406
050,21,125,"Kentucky","Laurel County",5,7,809,392,417
050,21,125,"Kentucky","Laurel County",5,8,831,420,411
050,21,125,"Kentucky","Laurel County",5,9,797,419,378
050,21,125,"Kentucky","Laurel County",5,10,793,417,376
050,21,125,"Kentucky","Laurel County",5,11,794,413,381
050,21,125,"Kentucky","Laurel County",5,12,813,419,394
050,21,125,"Kentucky","Laurel County",5,13,832,427,405
050,21,125,"Kentucky","Laurel County",5,14,844,426,418
050,21,125,"Kentucky","Laurel County",5,15,866,441,425
050,21,125,"Kentucky","Laurel County",5,16,861,429,432
050,21,125,"Kentucky","Laurel County",5,17,885,440,445
050,21,125,"Kentucky","Laurel County",5,18,719,378,341
050,21,125,"Kentucky","Laurel County",5,19,560,299,261
050,21,125,"Kentucky","Laurel County",5,20,660,343,317
050,21,125,"Kentucky","Laurel County",5,21,663,334,329
050,21,125,"Kentucky","Laurel County",5,22,791,388,403
050,21,125,"Kentucky","Laurel County",5,23,813,427,386
050,21,125,"Kentucky","Laurel County",5,24,816,436,380
050,21,125,"Kentucky","Laurel County",5,25,806,428,378
050,21,125,"Kentucky","Laurel County",5,26,784,424,360
050,21,125,"Kentucky","Laurel County",5,27,778,388,390
050,21,125,"Kentucky","Laurel County",5,28,766,390,376
050,21,125,"Kentucky","Laurel County",5,29,782,389,393
050,21,125,"Kentucky","Laurel County",5,30,835,443,392
050,21,125,"Kentucky","Laurel County",5,31,839,422,417
050,21,125,"Kentucky","Laurel County",5,32,912,452,460
050,21,125,"Kentucky","Laurel County",5,33,823,399,424
050,21,125,"Kentucky","Laurel County",5,34,810,415,395
050,21,125,"Kentucky","Laurel County",5,35,806,361,445
050,21,125,"Kentucky","Laurel County",5,36,814,397,417
050,21,125,"Kentucky","Laurel County",5,37,805,430,375
050,21,125,"Kentucky","Laurel County",5,38,792,407,385
050,21,125,"Kentucky","Laurel County",5,39,761,379,382
050,21,125,"Kentucky","Laurel County",5,40,780,363,417
050,21,125,"Kentucky","Laurel County",5,41,832,415,417
050,21,125,"Kentucky","Laurel County",5,42,870,437,433
050,21,125,"Kentucky","Laurel County",5,43,853,420,433
050,21,125,"Kentucky","Laurel County",5,44,820,413,407
050,21,125,"Kentucky","Laurel County",5,45,814,395,419
050,21,125,"Kentucky","Laurel County",5,46,845,425,420
050,21,125,"Kentucky","Laurel County",5,47,831,420,411
050,21,125,"Kentucky","Laurel County",5,48,820,409,411
050,21,125,"Kentucky","Laurel County",5,49,800,406,394
050,21,125,"Kentucky","Laurel County",5,50,778,392,386
050,21,125,"Kentucky","Laurel County",5,51,810,418,392
050,21,125,"Kentucky","Laurel County",5,52,879,436,443
050,21,125,"Kentucky","Laurel County",5,53,868,458,410
050,21,125,"Kentucky","Laurel County",5,54,830,429,401
050,21,125,"Kentucky","Laurel County",5,55,824,425,399
050,21,125,"Kentucky","Laurel County",5,56,845,437,408
050,21,125,"Kentucky","Laurel County",5,57,806,392,414
050,21,125,"Kentucky","Laurel County",5,58,871,393,478
050,21,125,"Kentucky","Laurel County",5,59,899,432,467
050,21,125,"Kentucky","Laurel County",5,60,837,392,445
050,21,125,"Kentucky","Laurel County",5,61,816,382,434
050,21,125,"Kentucky","Laurel County",5,62,828,394,434
050,21,125,"Kentucky","Laurel County",5,63,836,395,441
050,21,125,"Kentucky","Laurel County",5,64,818,388,430
050,21,125,"Kentucky","Laurel County",5,65,785,377,408
050,21,125,"Kentucky","Laurel County",5,66,790,365,425
050,21,125,"Kentucky","Laurel County",5,67,768,345,423
050,21,125,"Kentucky","Laurel County",5,68,749,336,413
050,21,125,"Kentucky","Laurel County",5,69,659,332,327
050,21,125,"Kentucky","Laurel County",5,70,647,311,336
050,21,125,"Kentucky","Laurel County",5,71,643,318,325
050,21,125,"Kentucky","Laurel County",5,72,621,283,338
050,21,125,"Kentucky","Laurel County",5,73,549,253,296
050,21,125,"Kentucky","Laurel County",5,74,544,264,280
050,21,125,"Kentucky","Laurel County",5,75,520,251,269
050,21,125,"Kentucky","Laurel County",5,76,551,269,282
050,21,125,"Kentucky","Laurel County",5,77,377,173,204
050,21,125,"Kentucky","Laurel County",5,78,351,143,208
050,21,125,"Kentucky","Laurel County",5,79,322,112,210
050,21,125,"Kentucky","Laurel County",5,80,293,122,171
050,21,125,"Kentucky","Laurel County",5,81,276,118,158
050,21,125,"Kentucky","Laurel County",5,82,274,120,154
050,21,125,"Kentucky","Laurel County",5,83,224,93,131
050,21,125,"Kentucky","Laurel County",5,84,174,71,103
050,21,125,"Kentucky","Laurel County",5,85,961,362,599
050,21,127,"Kentucky","Lawrence County",1,0,223,115,108
050,21,127,"Kentucky","Lawrence County",1,1,218,111,107
050,21,127,"Kentucky","Lawrence County",1,2,212,113,99
050,21,127,"Kentucky","Lawrence County",1,3,201,108,93
050,21,127,"Kentucky","Lawrence County",1,4,212,115,97
050,21,127,"Kentucky","Lawrence County",1,5,224,125,99
050,21,127,"Kentucky","Lawrence County",1,6,217,116,101
050,21,127,"Kentucky","Lawrence County",1,7,193,95,98
050,21,127,"Kentucky","Lawrence County",1,8,221,122,99
050,21,127,"Kentucky","Lawrence County",1,9,213,116,97
050,21,127,"Kentucky","Lawrence County",1,10,241,134,107
050,21,127,"Kentucky","Lawrence County",1,11,244,120,124
050,21,127,"Kentucky","Lawrence County",1,12,230,110,120
050,21,127,"Kentucky","Lawrence County",1,13,212,103,109
050,21,127,"Kentucky","Lawrence County",1,14,225,109,116
050,21,127,"Kentucky","Lawrence County",1,15,223,114,109
050,21,127,"Kentucky","Lawrence County",1,16,218,124,94
050,21,127,"Kentucky","Lawrence County",1,17,213,118,95
050,21,127,"Kentucky","Lawrence County",1,18,185,91,94
050,21,127,"Kentucky","Lawrence County",1,19,152,83,69
050,21,127,"Kentucky","Lawrence County",1,20,154,82,72
050,21,127,"Kentucky","Lawrence County",1,21,140,73,67
050,21,127,"Kentucky","Lawrence County",1,22,146,73,73
050,21,127,"Kentucky","Lawrence County",1,23,171,86,85
050,21,127,"Kentucky","Lawrence County",1,24,173,87,86
050,21,127,"Kentucky","Lawrence County",1,25,170,91,79
050,21,127,"Kentucky","Lawrence County",1,26,179,87,92
050,21,127,"Kentucky","Lawrence County",1,27,193,97,96
050,21,127,"Kentucky","Lawrence County",1,28,189,100,89
050,21,127,"Kentucky","Lawrence County",1,29,223,108,115
050,21,127,"Kentucky","Lawrence County",1,30,218,107,111
050,21,127,"Kentucky","Lawrence County",1,31,179,94,85
050,21,127,"Kentucky","Lawrence County",1,32,178,86,92
050,21,127,"Kentucky","Lawrence County",1,33,159,82,77
050,21,127,"Kentucky","Lawrence County",1,34,178,93,85
050,21,127,"Kentucky","Lawrence County",1,35,164,87,77
050,21,127,"Kentucky","Lawrence County",1,36,180,97,83
050,21,127,"Kentucky","Lawrence County",1,37,187,90,97
050,21,127,"Kentucky","Lawrence County",1,38,223,96,127
050,21,127,"Kentucky","Lawrence County",1,39,218,105,113
050,21,127,"Kentucky","Lawrence County",1,40,193,95,98
050,21,127,"Kentucky","Lawrence County",1,41,213,104,109
050,21,127,"Kentucky","Lawrence County",1,42,215,110,105
050,21,127,"Kentucky","Lawrence County",1,43,209,109,100
050,21,127,"Kentucky","Lawrence County",1,44,197,99,98
050,21,127,"Kentucky","Lawrence County",1,45,209,109,100
050,21,127,"Kentucky","Lawrence County",1,46,186,99,87
050,21,127,"Kentucky","Lawrence County",1,47,196,106,90
050,21,127,"Kentucky","Lawrence County",1,48,224,115,109
050,21,127,"Kentucky","Lawrence County",1,49,226,108,118
050,21,127,"Kentucky","Lawrence County",1,50,216,101,115
050,21,127,"Kentucky","Lawrence County",1,51,226,106,120
050,21,127,"Kentucky","Lawrence County",1,52,222,118,104
050,21,127,"Kentucky","Lawrence County",1,53,214,115,99
050,21,127,"Kentucky","Lawrence County",1,54,218,111,107
050,21,127,"Kentucky","Lawrence County",1,55,221,111,110
050,21,127,"Kentucky","Lawrence County",1,56,256,132,124
050,21,127,"Kentucky","Lawrence County",1,57,240,117,123
050,21,127,"Kentucky","Lawrence County",1,58,247,115,132
050,21,127,"Kentucky","Lawrence County",1,59,242,120,122
050,21,127,"Kentucky","Lawrence County",1,60,242,124,118
050,21,127,"Kentucky","Lawrence County",1,61,220,97,123
050,21,127,"Kentucky","Lawrence County",1,62,204,96,108
050,21,127,"Kentucky","Lawrence County",1,63,211,97,114
050,21,127,"Kentucky","Lawrence County",1,64,248,119,129
050,21,127,"Kentucky","Lawrence County",1,65,257,127,130
050,21,127,"Kentucky","Lawrence County",1,66,229,107,122
050,21,127,"Kentucky","Lawrence County",1,67,189,82,107
050,21,127,"Kentucky","Lawrence County",1,68,195,93,102
050,21,127,"Kentucky","Lawrence County",1,69,179,99,80
050,21,127,"Kentucky","Lawrence County",1,70,184,96,88
050,21,127,"Kentucky","Lawrence County",1,71,168,78,90
050,21,127,"Kentucky","Lawrence County",1,72,164,81,83
050,21,127,"Kentucky","Lawrence County",1,73,181,87,94
050,21,127,"Kentucky","Lawrence County",1,74,120,61,59
050,21,127,"Kentucky","Lawrence County",1,75,122,61,61
050,21,127,"Kentucky","Lawrence County",1,76,108,56,52
050,21,127,"Kentucky","Lawrence County",1,77,115,54,61
050,21,127,"Kentucky","Lawrence County",1,78,91,47,44
050,21,127,"Kentucky","Lawrence County",1,79,76,30,46
050,21,127,"Kentucky","Lawrence County",1,80,75,37,38
050,21,127,"Kentucky","Lawrence County",1,81,69,37,32
050,21,127,"Kentucky","Lawrence County",1,82,58,26,32
050,21,127,"Kentucky","Lawrence County",1,83,50,12,38
050,21,127,"Kentucky","Lawrence County",1,84,48,18,30
050,21,127,"Kentucky","Lawrence County",1,85,219,78,141
050,21,127,"Kentucky","Lawrence County",2,0,210,114,96
050,21,127,"Kentucky","Lawrence County",2,1,218,111,107
050,21,127,"Kentucky","Lawrence County",2,2,211,111,100
050,21,127,"Kentucky","Lawrence County",2,3,200,107,93
050,21,127,"Kentucky","Lawrence County",2,4,209,113,96
050,21,127,"Kentucky","Lawrence County",2,5,220,122,98
050,21,127,"Kentucky","Lawrence County",2,6,217,118,99
050,21,127,"Kentucky","Lawrence County",2,7,199,101,98
050,21,127,"Kentucky","Lawrence County",2,8,211,114,97
050,21,127,"Kentucky","Lawrence County",2,9,216,119,97
050,21,127,"Kentucky","Lawrence County",2,10,237,132,105
050,21,127,"Kentucky","Lawrence County",2,11,241,122,119
050,21,127,"Kentucky","Lawrence County",2,12,235,114,121
050,21,127,"Kentucky","Lawrence County",2,13,222,108,114
050,21,127,"Kentucky","Lawrence County",2,14,224,107,117
050,21,127,"Kentucky","Lawrence County",2,15,225,113,112
050,21,127,"Kentucky","Lawrence County",2,16,220,122,98
050,21,127,"Kentucky","Lawrence County",2,17,218,121,97
050,21,127,"Kentucky","Lawrence County",2,18,182,93,89
050,21,127,"Kentucky","Lawrence County",2,19,152,81,71
050,21,127,"Kentucky","Lawrence County",2,20,157,84,73
050,21,127,"Kentucky","Lawrence County",2,21,143,75,68
050,21,127,"Kentucky","Lawrence County",2,22,148,75,73
050,21,127,"Kentucky","Lawrence County",2,23,168,84,84
050,21,127,"Kentucky","Lawrence County",2,24,174,89,85
050,21,127,"Kentucky","Lawrence County",2,25,170,89,81
050,21,127,"Kentucky","Lawrence County",2,26,177,88,89
050,21,127,"Kentucky","Lawrence County",2,27,190,95,95
050,21,127,"Kentucky","Lawrence County",2,28,189,98,91
050,21,127,"Kentucky","Lawrence County",2,29,215,105,110
050,21,127,"Kentucky","Lawrence County",2,30,221,109,112
050,21,127,"Kentucky","Lawrence County",2,31,189,97,92
050,21,127,"Kentucky","Lawrence County",2,32,176,88,88
050,21,127,"Kentucky","Lawrence County",2,33,164,83,81
050,21,127,"Kentucky","Lawrence County",2,34,173,89,84
050,21,127,"Kentucky","Lawrence County",2,35,170,90,80
050,21,127,"Kentucky","Lawrence County",2,36,173,94,79
050,21,127,"Kentucky","Lawrence County",2,37,185,90,95
050,21,127,"Kentucky","Lawrence County",2,38,217,96,121
050,21,127,"Kentucky","Lawrence County",2,39,222,105,117
050,21,127,"Kentucky","Lawrence County",2,40,201,98,103
050,21,127,"Kentucky","Lawrence County",2,41,209,102,107
050,21,127,"Kentucky","Lawrence County",2,42,213,108,105
050,21,127,"Kentucky","Lawrence County",2,43,214,112,102
050,21,127,"Kentucky","Lawrence County",2,44,200,103,97
050,21,127,"Kentucky","Lawrence County",2,45,206,106,100
050,21,127,"Kentucky","Lawrence County",2,46,190,100,90
050,21,127,"Kentucky","Lawrence County",2,47,193,104,89
050,21,127,"Kentucky","Lawrence County",2,48,217,112,105
050,21,127,"Kentucky","Lawrence County",2,49,225,109,116
050,21,127,"Kentucky","Lawrence County",2,50,219,103,116
050,21,127,"Kentucky","Lawrence County",2,51,223,104,119
050,21,127,"Kentucky","Lawrence County",2,52,222,115,107
050,21,127,"Kentucky","Lawrence County",2,53,217,117,100
050,21,127,"Kentucky","Lawrence County",2,54,216,112,104
050,21,127,"Kentucky","Lawrence County",2,55,221,112,109
050,21,127,"Kentucky","Lawrence County",2,56,248,127,121
050,21,127,"Kentucky","Lawrence County",2,57,243,120,123
050,21,127,"Kentucky","Lawrence County",2,58,246,115,131
050,21,127,"Kentucky","Lawrence County",2,59,247,121,126
050,21,127,"Kentucky","Lawrence County",2,60,242,123,119
050,21,127,"Kentucky","Lawrence County",2,61,225,104,121
050,21,127,"Kentucky","Lawrence County",2,62,208,97,111
050,21,127,"Kentucky","Lawrence County",2,63,211,98,113
050,21,127,"Kentucky","Lawrence County",2,64,238,115,123
050,21,127,"Kentucky","Lawrence County",2,65,255,125,130
050,21,127,"Kentucky","Lawrence County",2,66,237,113,124
050,21,127,"Kentucky","Lawrence County",2,67,195,86,109
050,21,127,"Kentucky","Lawrence County",2,68,187,87,100
050,21,127,"Kentucky","Lawrence County",2,69,186,100,86
050,21,127,"Kentucky","Lawrence County",2,70,181,97,84
050,21,127,"Kentucky","Lawrence County",2,71,173,82,91
050,21,127,"Kentucky","Lawrence County",2,72,160,78,82
050,21,127,"Kentucky","Lawrence County",2,73,184,89,95
050,21,127,"Kentucky","Lawrence County",2,74,125,62,63
050,21,127,"Kentucky","Lawrence County",2,75,121,60,61
050,21,127,"Kentucky","Lawrence County",2,76,106,55,51
050,21,127,"Kentucky","Lawrence County",2,77,112,54,58
050,21,127,"Kentucky","Lawrence County",2,78,94,48,46
050,21,127,"Kentucky","Lawrence County",2,79,78,33,45
050,21,127,"Kentucky","Lawrence County",2,80,75,35,40
050,21,127,"Kentucky","Lawrence County",2,81,69,36,33
050,21,127,"Kentucky","Lawrence County",2,82,60,28,32
050,21,127,"Kentucky","Lawrence County",2,83,52,15,37
050,21,127,"Kentucky","Lawrence County",2,84,48,17,31
050,21,127,"Kentucky","Lawrence County",2,85,223,78,145
050,21,127,"Kentucky","Lawrence County",3,0,171,85,86
050,21,127,"Kentucky","Lawrence County",3,1,203,110,93
050,21,127,"Kentucky","Lawrence County",3,2,222,109,113
050,21,127,"Kentucky","Lawrence County",3,3,201,109,92
050,21,127,"Kentucky","Lawrence County",3,4,210,115,95
050,21,127,"Kentucky","Lawrence County",3,5,214,113,101
050,21,127,"Kentucky","Lawrence County",3,6,226,119,107
050,21,127,"Kentucky","Lawrence County",3,7,226,124,102
050,21,127,"Kentucky","Lawrence County",3,8,207,99,108
050,21,127,"Kentucky","Lawrence County",3,9,216,119,97
050,21,127,"Kentucky","Lawrence County",3,10,226,122,104
050,21,127,"Kentucky","Lawrence County",3,11,223,127,96
050,21,127,"Kentucky","Lawrence County",3,12,249,127,122
050,21,127,"Kentucky","Lawrence County",3,13,229,116,113
050,21,127,"Kentucky","Lawrence County",3,14,232,117,115
050,21,127,"Kentucky","Lawrence County",3,15,228,104,124
050,21,127,"Kentucky","Lawrence County",3,16,227,116,111
050,21,127,"Kentucky","Lawrence County",3,17,222,119,103
050,21,127,"Kentucky","Lawrence County",3,18,176,100,76
050,21,127,"Kentucky","Lawrence County",3,19,135,65,70
050,21,127,"Kentucky","Lawrence County",3,20,165,87,78
050,21,127,"Kentucky","Lawrence County",3,21,168,91,77
050,21,127,"Kentucky","Lawrence County",3,22,161,82,79
050,21,127,"Kentucky","Lawrence County",3,23,164,88,76
050,21,127,"Kentucky","Lawrence County",3,24,177,94,83
050,21,127,"Kentucky","Lawrence County",3,25,174,83,91
050,21,127,"Kentucky","Lawrence County",3,26,169,86,83
050,21,127,"Kentucky","Lawrence County",3,27,183,91,92
050,21,127,"Kentucky","Lawrence County",3,28,194,97,97
050,21,127,"Kentucky","Lawrence County",3,29,185,97,88
050,21,127,"Kentucky","Lawrence County",3,30,214,105,109
050,21,127,"Kentucky","Lawrence County",3,31,217,105,112
050,21,127,"Kentucky","Lawrence County",3,32,196,101,95
050,21,127,"Kentucky","Lawrence County",3,33,171,86,85
050,21,127,"Kentucky","Lawrence County",3,34,171,89,82
050,21,127,"Kentucky","Lawrence County",3,35,171,86,85
050,21,127,"Kentucky","Lawrence County",3,36,167,89,78
050,21,127,"Kentucky","Lawrence County",3,37,169,90,79
050,21,127,"Kentucky","Lawrence County",3,38,189,90,99
050,21,127,"Kentucky","Lawrence County",3,39,213,97,116
050,21,127,"Kentucky","Lawrence County",3,40,214,103,111
050,21,127,"Kentucky","Lawrence County",3,41,197,98,99
050,21,127,"Kentucky","Lawrence County",3,42,208,101,107
050,21,127,"Kentucky","Lawrence County",3,43,219,111,108
050,21,127,"Kentucky","Lawrence County",3,44,210,107,103
050,21,127,"Kentucky","Lawrence County",3,45,195,98,97
050,21,127,"Kentucky","Lawrence County",3,46,205,105,100
050,21,127,"Kentucky","Lawrence County",3,47,199,108,91
050,21,127,"Kentucky","Lawrence County",3,48,196,108,88
050,21,127,"Kentucky","Lawrence County",3,49,218,114,104
050,21,127,"Kentucky","Lawrence County",3,50,220,111,109
050,21,127,"Kentucky","Lawrence County",3,51,217,102,115
050,21,127,"Kentucky","Lawrence County",3,52,218,100,118
050,21,127,"Kentucky","Lawrence County",3,53,222,114,108
050,21,127,"Kentucky","Lawrence County",3,54,213,116,97
050,21,127,"Kentucky","Lawrence County",3,55,211,108,103
050,21,127,"Kentucky","Lawrence County",3,56,215,104,111
050,21,127,"Kentucky","Lawrence County",3,57,245,130,115
050,21,127,"Kentucky","Lawrence County",3,58,228,113,115
050,21,127,"Kentucky","Lawrence County",3,59,242,116,126
050,21,127,"Kentucky","Lawrence County",3,60,234,113,121
050,21,127,"Kentucky","Lawrence County",3,61,240,122,118
050,21,127,"Kentucky","Lawrence County",3,62,225,104,121
050,21,127,"Kentucky","Lawrence County",3,63,210,96,114
050,21,127,"Kentucky","Lawrence County",3,64,208,98,110
050,21,127,"Kentucky","Lawrence County",3,65,226,106,120
050,21,127,"Kentucky","Lawrence County",3,66,256,127,129
050,21,127,"Kentucky","Lawrence County",3,67,235,111,124
050,21,127,"Kentucky","Lawrence County",3,68,182,79,103
050,21,127,"Kentucky","Lawrence County",3,69,182,84,98
050,21,127,"Kentucky","Lawrence County",3,70,180,96,84
050,21,127,"Kentucky","Lawrence County",3,71,178,94,84
050,21,127,"Kentucky","Lawrence County",3,72,168,79,89
050,21,127,"Kentucky","Lawrence County",3,73,158,74,84
050,21,127,"Kentucky","Lawrence County",3,74,177,88,89
050,21,127,"Kentucky","Lawrence County",3,75,123,60,63
050,21,127,"Kentucky","Lawrence County",3,76,115,58,57
050,21,127,"Kentucky","Lawrence County",3,77,103,55,48
050,21,127,"Kentucky","Lawrence County",3,78,100,48,52
050,21,127,"Kentucky","Lawrence County",3,79,89,47,42
050,21,127,"Kentucky","Lawrence County",3,80,72,32,40
050,21,127,"Kentucky","Lawrence County",3,81,67,31,36
050,21,127,"Kentucky","Lawrence County",3,82,66,35,31
050,21,127,"Kentucky","Lawrence County",3,83,53,22,31
050,21,127,"Kentucky","Lawrence County",3,84,53,15,38
050,21,127,"Kentucky","Lawrence County",3,85,231,77,154
050,21,127,"Kentucky","Lawrence County",4,0,162,85,77
050,21,127,"Kentucky","Lawrence County",4,1,157,82,75
050,21,127,"Kentucky","Lawrence County",4,2,198,105,93
050,21,127,"Kentucky","Lawrence County",4,3,216,107,109
050,21,127,"Kentucky","Lawrence County",4,4,207,115,92
050,21,127,"Kentucky","Lawrence County",4,5,215,113,102
050,21,127,"Kentucky","Lawrence County",4,6,212,116,96
050,21,127,"Kentucky","Lawrence County",4,7,229,126,103
050,21,127,"Kentucky","Lawrence County",4,8,231,125,106
050,21,127,"Kentucky","Lawrence County",4,9,209,101,108
050,21,127,"Kentucky","Lawrence County",4,10,218,114,104
050,21,127,"Kentucky","Lawrence County",4,11,227,123,104
050,21,127,"Kentucky","Lawrence County",4,12,233,130,103
050,21,127,"Kentucky","Lawrence County",4,13,246,124,122
050,21,127,"Kentucky","Lawrence County",4,14,243,124,119
050,21,127,"Kentucky","Lawrence County",4,15,226,117,109
050,21,127,"Kentucky","Lawrence County",4,16,231,109,122
050,21,127,"Kentucky","Lawrence County",4,17,218,116,102
050,21,127,"Kentucky","Lawrence County",4,18,183,105,78
050,21,127,"Kentucky","Lawrence County",4,19,142,82,60
050,21,127,"Kentucky","Lawrence County",4,20,143,62,81
050,21,127,"Kentucky","Lawrence County",4,21,169,80,89
050,21,127,"Kentucky","Lawrence County",4,22,171,93,78
050,21,127,"Kentucky","Lawrence County",4,23,170,87,83
050,21,127,"Kentucky","Lawrence County",4,24,170,92,78
050,21,127,"Kentucky","Lawrence County",4,25,167,87,80
050,21,127,"Kentucky","Lawrence County",4,26,164,82,82
050,21,127,"Kentucky","Lawrence County",4,27,165,83,82
050,21,127,"Kentucky","Lawrence County",4,28,173,85,88
050,21,127,"Kentucky","Lawrence County",4,29,199,97,102
050,21,127,"Kentucky","Lawrence County",4,30,183,96,87
050,21,127,"Kentucky","Lawrence County",4,31,215,106,109
050,21,127,"Kentucky","Lawrence County",4,32,215,100,115
050,21,127,"Kentucky","Lawrence County",4,33,185,97,88
050,21,127,"Kentucky","Lawrence County",4,34,177,86,91
050,21,127,"Kentucky","Lawrence County",4,35,162,86,76
050,21,127,"Kentucky","Lawrence County",4,36,164,82,82
050,21,127,"Kentucky","Lawrence County",4,37,173,90,83
050,21,127,"Kentucky","Lawrence County",4,38,165,87,78
050,21,127,"Kentucky","Lawrence County",4,39,192,94,98
050,21,127,"Kentucky","Lawrence County",4,40,210,93,117
050,21,127,"Kentucky","Lawrence County",4,41,215,106,109
050,21,127,"Kentucky","Lawrence County",4,42,187,92,95
050,21,127,"Kentucky","Lawrence County",4,43,208,102,106
050,21,127,"Kentucky","Lawrence County",4,44,212,109,103
050,21,127,"Kentucky","Lawrence County",4,45,204,108,96
050,21,127,"Kentucky","Lawrence County",4,46,189,96,93
050,21,127,"Kentucky","Lawrence County",4,47,205,107,98
050,21,127,"Kentucky","Lawrence County",4,48,188,102,86
050,21,127,"Kentucky","Lawrence County",4,49,202,105,97
050,21,127,"Kentucky","Lawrence County",4,50,218,111,107
050,21,127,"Kentucky","Lawrence County",4,51,214,104,110
050,21,127,"Kentucky","Lawrence County",4,52,220,100,120
050,21,127,"Kentucky","Lawrence County",4,53,220,102,118
050,21,127,"Kentucky","Lawrence County",4,54,218,110,108
050,21,127,"Kentucky","Lawrence County",4,55,211,117,94
050,21,127,"Kentucky","Lawrence County",4,56,210,108,102
050,21,127,"Kentucky","Lawrence County",4,57,212,103,109
050,21,127,"Kentucky","Lawrence County",4,58,234,119,115
050,21,127,"Kentucky","Lawrence County",4,59,222,109,113
050,21,127,"Kentucky","Lawrence County",4,60,235,115,120
050,21,127,"Kentucky","Lawrence County",4,61,229,109,120
050,21,127,"Kentucky","Lawrence County",4,62,232,121,111
050,21,127,"Kentucky","Lawrence County",4,63,217,101,116
050,21,127,"Kentucky","Lawrence County",4,64,204,94,110
050,21,127,"Kentucky","Lawrence County",4,65,200,91,109
050,21,127,"Kentucky","Lawrence County",4,66,219,106,113
050,21,127,"Kentucky","Lawrence County",4,67,249,124,125
050,21,127,"Kentucky","Lawrence County",4,68,225,107,118
050,21,127,"Kentucky","Lawrence County",4,69,181,79,102
050,21,127,"Kentucky","Lawrence County",4,70,178,80,98
050,21,127,"Kentucky","Lawrence County",4,71,178,94,84
050,21,127,"Kentucky","Lawrence County",4,72,170,93,77
050,21,127,"Kentucky","Lawrence County",4,73,170,82,88
050,21,127,"Kentucky","Lawrence County",4,74,150,69,81
050,21,127,"Kentucky","Lawrence County",4,75,174,86,88
050,21,127,"Kentucky","Lawrence County",4,76,117,54,63
050,21,127,"Kentucky","Lawrence County",4,77,107,52,55
050,21,127,"Kentucky","Lawrence County",4,78,94,51,43
050,21,127,"Kentucky","Lawrence County",4,79,95,45,50
050,21,127,"Kentucky","Lawrence County",4,80,80,46,34
050,21,127,"Kentucky","Lawrence County",4,81,68,29,39
050,21,127,"Kentucky","Lawrence County",4,82,59,25,34
050,21,127,"Kentucky","Lawrence County",4,83,55,28,27
050,21,127,"Kentucky","Lawrence County",4,84,49,19,30
050,21,127,"Kentucky","Lawrence County",4,85,238,75,163
050,21,127,"Kentucky","Lawrence County",5,0,141,74,67
050,21,127,"Kentucky","Lawrence County",5,1,163,86,77
050,21,127,"Kentucky","Lawrence County",5,2,162,86,76
050,21,127,"Kentucky","Lawrence County",5,3,194,103,91
050,21,127,"Kentucky","Lawrence County",5,4,212,102,110
050,21,127,"Kentucky","Lawrence County",5,5,203,112,91
050,21,127,"Kentucky","Lawrence County",5,6,209,105,104
050,21,127,"Kentucky","Lawrence County",5,7,216,116,100
050,21,127,"Kentucky","Lawrence County",5,8,222,121,101
050,21,127,"Kentucky","Lawrence County",5,9,233,125,108
050,21,127,"Kentucky","Lawrence County",5,10,215,102,113
050,21,127,"Kentucky","Lawrence County",5,11,214,110,104
050,21,127,"Kentucky","Lawrence County",5,12,231,125,106
050,21,127,"Kentucky","Lawrence County",5,13,238,136,102
050,21,127,"Kentucky","Lawrence County",5,14,255,124,131
050,21,127,"Kentucky","Lawrence County",5,15,246,127,119
050,21,127,"Kentucky","Lawrence County",5,16,234,123,111
050,21,127,"Kentucky","Lawrence County",5,17,247,125,122
050,21,127,"Kentucky","Lawrence County",5,18,179,94,85
050,21,127,"Kentucky","Lawrence County",5,19,131,74,57
050,21,127,"Kentucky","Lawrence County",5,20,160,90,70
050,21,127,"Kentucky","Lawrence County",5,21,152,70,82
050,21,127,"Kentucky","Lawrence County",5,22,180,83,97
050,21,127,"Kentucky","Lawrence County",5,23,174,97,77
050,21,127,"Kentucky","Lawrence County",5,24,172,93,79
050,21,127,"Kentucky","Lawrence County",5,25,164,86,78
050,21,127,"Kentucky","Lawrence County",5,26,153,79,74
050,21,127,"Kentucky","Lawrence County",5,27,172,84,88
050,21,127,"Kentucky","Lawrence County",5,28,165,82,83
050,21,127,"Kentucky","Lawrence County",5,29,167,84,83
050,21,127,"Kentucky","Lawrence County",5,30,201,97,104
050,21,127,"Kentucky","Lawrence County",5,31,181,92,89
050,21,127,"Kentucky","Lawrence County",5,32,223,111,112
050,21,127,"Kentucky","Lawrence County",5,33,213,102,111
050,21,127,"Kentucky","Lawrence County",5,34,190,105,85
050,21,127,"Kentucky","Lawrence County",5,35,172,82,90
050,21,127,"Kentucky","Lawrence County",5,36,162,83,79
050,21,127,"Kentucky","Lawrence County",5,37,154,75,79
050,21,127,"Kentucky","Lawrence County",5,38,168,91,77
050,21,127,"Kentucky","Lawrence County",5,39,166,83,83
050,21,127,"Kentucky","Lawrence County",5,40,193,98,95
050,21,127,"Kentucky","Lawrence County",5,41,207,95,112
050,21,127,"Kentucky","Lawrence County",5,42,223,105,118
050,21,127,"Kentucky","Lawrence County",5,43,193,98,95
050,21,127,"Kentucky","Lawrence County",5,44,206,97,109
050,21,127,"Kentucky","Lawrence County",5,45,211,109,102
050,21,127,"Kentucky","Lawrence County",5,46,198,99,99
050,21,127,"Kentucky","Lawrence County",5,47,198,104,94
050,21,127,"Kentucky","Lawrence County",5,48,205,106,99
050,21,127,"Kentucky","Lawrence County",5,49,187,101,86
050,21,127,"Kentucky","Lawrence County",5,50,207,107,100
050,21,127,"Kentucky","Lawrence County",5,51,219,110,109
050,21,127,"Kentucky","Lawrence County",5,52,213,105,108
050,21,127,"Kentucky","Lawrence County",5,53,217,100,117
050,21,127,"Kentucky","Lawrence County",5,54,222,97,125
050,21,127,"Kentucky","Lawrence County",5,55,220,112,108
050,21,127,"Kentucky","Lawrence County",5,56,205,111,94
050,21,127,"Kentucky","Lawrence County",5,57,215,107,108
050,21,127,"Kentucky","Lawrence County",5,58,198,90,108
050,21,127,"Kentucky","Lawrence County",5,59,227,116,111
050,21,127,"Kentucky","Lawrence County",5,60,221,112,109
050,21,127,"Kentucky","Lawrence County",5,61,224,109,115
050,21,127,"Kentucky","Lawrence County",5,62,221,107,114
050,21,127,"Kentucky","Lawrence County",5,63,227,118,109
050,21,127,"Kentucky","Lawrence County",5,64,211,97,114
050,21,127,"Kentucky","Lawrence County",5,65,202,87,115
050,21,127,"Kentucky","Lawrence County",5,66,193,91,102
050,21,127,"Kentucky","Lawrence County",5,67,211,108,103
050,21,127,"Kentucky","Lawrence County",5,68,247,119,128
050,21,127,"Kentucky","Lawrence County",5,69,221,105,116
050,21,127,"Kentucky","Lawrence County",5,70,175,72,103
050,21,127,"Kentucky","Lawrence County",5,71,175,77,98
050,21,127,"Kentucky","Lawrence County",5,72,175,94,81
050,21,127,"Kentucky","Lawrence County",5,73,165,92,73
050,21,127,"Kentucky","Lawrence County",5,74,161,78,83
050,21,127,"Kentucky","Lawrence County",5,75,144,65,79
050,21,127,"Kentucky","Lawrence County",5,76,164,81,83
050,21,127,"Kentucky","Lawrence County",5,77,109,49,60
050,21,127,"Kentucky","Lawrence County",5,78,101,49,52
050,21,127,"Kentucky","Lawrence County",5,79,89,50,39
050,21,127,"Kentucky","Lawrence County",5,80,85,43,42
050,21,127,"Kentucky","Lawrence County",5,81,73,42,31
050,21,127,"Kentucky","Lawrence County",5,82,58,23,35
050,21,127,"Kentucky","Lawrence County",5,83,51,18,33
050,21,127,"Kentucky","Lawrence County",5,84,51,25,26
050,21,127,"Kentucky","Lawrence County",5,85,248,80,168
050,21,129,"Kentucky","Lee County",1,0,72,38,34
050,21,129,"Kentucky","Lee County",1,1,70,34,36
050,21,129,"Kentucky","Lee County",1,2,72,34,38
050,21,129,"Kentucky","Lee County",1,3,77,45,32
050,21,129,"Kentucky","Lee County",1,4,85,43,42
050,21,129,"Kentucky","Lee County",1,5,71,39,32
050,21,129,"Kentucky","Lee County",1,6,82,47,35
050,21,129,"Kentucky","Lee County",1,7,58,36,22
050,21,129,"Kentucky","Lee County",1,8,64,39,25
050,21,129,"Kentucky","Lee County",1,9,68,36,32
050,21,129,"Kentucky","Lee County",1,10,60,34,26
050,21,129,"Kentucky","Lee County",1,11,76,39,37
050,21,129,"Kentucky","Lee County",1,12,78,42,36
050,21,129,"Kentucky","Lee County",1,13,76,41,35
050,21,129,"Kentucky","Lee County",1,14,78,39,39
050,21,129,"Kentucky","Lee County",1,15,81,40,41
050,21,129,"Kentucky","Lee County",1,16,78,39,39
050,21,129,"Kentucky","Lee County",1,17,75,43,32
050,21,129,"Kentucky","Lee County",1,18,66,33,33
050,21,129,"Kentucky","Lee County",1,19,54,31,23
050,21,129,"Kentucky","Lee County",1,20,51,27,24
050,21,129,"Kentucky","Lee County",1,21,77,53,24
050,21,129,"Kentucky","Lee County",1,22,77,48,29
050,21,129,"Kentucky","Lee County",1,23,92,51,41
050,21,129,"Kentucky","Lee County",1,24,103,65,38
050,21,129,"Kentucky","Lee County",1,25,113,83,30
050,21,129,"Kentucky","Lee County",1,26,103,71,32
050,21,129,"Kentucky","Lee County",1,27,105,72,33
050,21,129,"Kentucky","Lee County",1,28,113,68,45
050,21,129,"Kentucky","Lee County",1,29,96,62,34
050,21,129,"Kentucky","Lee County",1,30,108,73,35
050,21,129,"Kentucky","Lee County",1,31,104,71,33
050,21,129,"Kentucky","Lee County",1,32,100,67,33
050,21,129,"Kentucky","Lee County",1,33,108,74,34
050,21,129,"Kentucky","Lee County",1,34,99,54,45
050,21,129,"Kentucky","Lee County",1,35,86,45,41
050,21,129,"Kentucky","Lee County",1,36,90,56,34
050,21,129,"Kentucky","Lee County",1,37,87,58,29
050,21,129,"Kentucky","Lee County",1,38,105,70,35
050,21,129,"Kentucky","Lee County",1,39,107,71,36
050,21,129,"Kentucky","Lee County",1,40,96,68,28
050,21,129,"Kentucky","Lee County",1,41,97,58,39
050,21,129,"Kentucky","Lee County",1,42,111,69,42
050,21,129,"Kentucky","Lee County",1,43,94,59,35
050,21,129,"Kentucky","Lee County",1,44,75,48,27
050,21,129,"Kentucky","Lee County",1,45,96,55,41
050,21,129,"Kentucky","Lee County",1,46,81,50,31
050,21,129,"Kentucky","Lee County",1,47,79,45,34
050,21,129,"Kentucky","Lee County",1,48,104,63,41
050,21,129,"Kentucky","Lee County",1,49,111,70,41
050,21,129,"Kentucky","Lee County",1,50,113,71,42
050,21,129,"Kentucky","Lee County",1,51,124,74,50
050,21,129,"Kentucky","Lee County",1,52,112,59,53
050,21,129,"Kentucky","Lee County",1,53,113,60,53
050,21,129,"Kentucky","Lee County",1,54,120,66,54
050,21,129,"Kentucky","Lee County",1,55,125,65,60
050,21,129,"Kentucky","Lee County",1,56,110,55,55
050,21,129,"Kentucky","Lee County",1,57,127,61,66
050,21,129,"Kentucky","Lee County",1,58,115,59,56
050,21,129,"Kentucky","Lee County",1,59,121,63,58
050,21,129,"Kentucky","Lee County",1,60,108,55,53
050,21,129,"Kentucky","Lee County",1,61,98,58,40
050,21,129,"Kentucky","Lee County",1,62,110,62,48
050,21,129,"Kentucky","Lee County",1,63,95,50,45
050,21,129,"Kentucky","Lee County",1,64,102,62,40
050,21,129,"Kentucky","Lee County",1,65,100,57,43
050,21,129,"Kentucky","Lee County",1,66,98,48,50
050,21,129,"Kentucky","Lee County",1,67,101,51,50
050,21,129,"Kentucky","Lee County",1,68,88,45,43
050,21,129,"Kentucky","Lee County",1,69,91,44,47
050,21,129,"Kentucky","Lee County",1,70,87,46,41
050,21,129,"Kentucky","Lee County",1,71,88,45,43
050,21,129,"Kentucky","Lee County",1,72,86,38,48
050,21,129,"Kentucky","Lee County",1,73,81,37,44
050,21,129,"Kentucky","Lee County",1,74,57,30,27
050,21,129,"Kentucky","Lee County",1,75,58,30,28
050,21,129,"Kentucky","Lee County",1,76,51,26,25
050,21,129,"Kentucky","Lee County",1,77,49,23,26
050,21,129,"Kentucky","Lee County",1,78,41,13,28
050,21,129,"Kentucky","Lee County",1,79,34,14,20
050,21,129,"Kentucky","Lee County",1,80,30,11,19
050,21,129,"Kentucky","Lee County",1,81,33,15,18
050,21,129,"Kentucky","Lee County",1,82,27,15,12
050,21,129,"Kentucky","Lee County",1,83,25,11,14
050,21,129,"Kentucky","Lee County",1,84,29,11,18
050,21,129,"Kentucky","Lee County",1,85,135,37,98
050,21,129,"Kentucky","Lee County",2,0,72,37,35
050,21,129,"Kentucky","Lee County",2,1,68,34,34
050,21,129,"Kentucky","Lee County",2,2,70,33,37
050,21,129,"Kentucky","Lee County",2,3,75,42,33
050,21,129,"Kentucky","Lee County",2,4,82,42,40
050,21,129,"Kentucky","Lee County",2,5,74,40,34
050,21,129,"Kentucky","Lee County",2,6,79,45,34
050,21,129,"Kentucky","Lee County",2,7,64,39,25
050,21,129,"Kentucky","Lee County",2,8,63,38,25
050,21,129,"Kentucky","Lee County",2,9,65,35,30
050,21,129,"Kentucky","Lee County",2,10,61,34,27
050,21,129,"Kentucky","Lee County",2,11,73,38,35
050,21,129,"Kentucky","Lee County",2,12,77,41,36
050,21,129,"Kentucky","Lee County",2,13,76,40,36
050,21,129,"Kentucky","Lee County",2,14,77,39,38
050,21,129,"Kentucky","Lee County",2,15,78,39,39
050,21,129,"Kentucky","Lee County",2,16,78,39,39
050,21,129,"Kentucky","Lee County",2,17,76,42,34
050,21,129,"Kentucky","Lee County",2,18,67,35,32
050,21,129,"Kentucky","Lee County",2,19,53,29,24
050,21,129,"Kentucky","Lee County",2,20,52,28,24
050,21,129,"Kentucky","Lee County",2,21,73,49,24
050,21,129,"Kentucky","Lee County",2,22,77,49,28
050,21,129,"Kentucky","Lee County",2,23,90,51,39
050,21,129,"Kentucky","Lee County",2,24,104,64,40
050,21,129,"Kentucky","Lee County",2,25,115,82,33
050,21,129,"Kentucky","Lee County",2,26,103,72,31
050,21,129,"Kentucky","Lee County",2,27,107,75,32
050,21,129,"Kentucky","Lee County",2,28,110,67,43
050,21,129,"Kentucky","Lee County",2,29,98,63,35
050,21,129,"Kentucky","Lee County",2,30,107,71,36
050,21,129,"Kentucky","Lee County",2,31,98,67,31
050,21,129,"Kentucky","Lee County",2,32,101,68,33
050,21,129,"Kentucky","Lee County",2,33,108,75,33
050,21,129,"Kentucky","Lee County",2,34,96,55,41
050,21,129,"Kentucky","Lee County",2,35,89,46,43
050,21,129,"Kentucky","Lee County",2,36,89,54,35
050,21,129,"Kentucky","Lee County",2,37,88,57,31
050,21,129,"Kentucky","Lee County",2,38,103,69,34
050,21,129,"Kentucky","Lee County",2,39,105,69,36
050,21,129,"Kentucky","Lee County",2,40,97,67,30
050,21,129,"Kentucky","Lee County",2,41,95,59,36
050,21,129,"Kentucky","Lee County",2,42,109,69,40
050,21,129,"Kentucky","Lee County",2,43,93,58,35
050,21,129,"Kentucky","Lee County",2,44,79,51,28
050,21,129,"Kentucky","Lee County",2,45,93,55,38
050,21,129,"Kentucky","Lee County",2,46,82,48,34
050,21,129,"Kentucky","Lee County",2,47,77,45,32
050,21,129,"Kentucky","Lee County",2,48,101,62,39
050,21,129,"Kentucky","Lee County",2,49,109,68,41
050,21,129,"Kentucky","Lee County",2,50,113,70,43
050,21,129,"Kentucky","Lee County",2,51,123,74,49
050,21,129,"Kentucky","Lee County",2,52,115,61,54
050,21,129,"Kentucky","Lee County",2,53,112,59,53
050,21,129,"Kentucky","Lee County",2,54,117,63,54
050,21,129,"Kentucky","Lee County",2,55,125,66,59
050,21,129,"Kentucky","Lee County",2,56,113,56,57
050,21,129,"Kentucky","Lee County",2,57,124,62,62
050,21,129,"Kentucky","Lee County",2,58,115,57,58
050,21,129,"Kentucky","Lee County",2,59,122,64,58
050,21,129,"Kentucky","Lee County",2,60,111,57,54
050,21,129,"Kentucky","Lee County",2,61,100,56,44
050,21,129,"Kentucky","Lee County",2,62,108,61,47
050,21,129,"Kentucky","Lee County",2,63,96,51,45
050,21,129,"Kentucky","Lee County",2,64,101,60,41
050,21,129,"Kentucky","Lee County",2,65,99,57,42
050,21,129,"Kentucky","Lee County",2,66,99,50,49
050,21,129,"Kentucky","Lee County",2,67,102,52,50
050,21,129,"Kentucky","Lee County",2,68,90,45,45
050,21,129,"Kentucky","Lee County",2,69,91,45,46
050,21,129,"Kentucky","Lee County",2,70,87,45,42
050,21,129,"Kentucky","Lee County",2,71,88,45,43
050,21,129,"Kentucky","Lee County",2,72,83,37,46
050,21,129,"Kentucky","Lee County",2,73,84,38,46
050,21,129,"Kentucky","Lee County",2,74,59,30,29
050,21,129,"Kentucky","Lee County",2,75,57,29,28
050,21,129,"Kentucky","Lee County",2,76,51,25,26
050,21,129,"Kentucky","Lee County",2,77,51,24,27
050,21,129,"Kentucky","Lee County",2,78,42,15,27
050,21,129,"Kentucky","Lee County",2,79,35,13,22
050,21,129,"Kentucky","Lee County",2,80,31,12,19
050,21,129,"Kentucky","Lee County",2,81,33,14,19
050,21,129,"Kentucky","Lee County",2,82,29,15,14
050,21,129,"Kentucky","Lee County",2,83,24,11,13
050,21,129,"Kentucky","Lee County",2,84,27,11,16
050,21,129,"Kentucky","Lee County",2,85,135,39,96
050,21,129,"Kentucky","Lee County",3,0,70,40,30
050,21,129,"Kentucky","Lee County",3,1,71,36,35
050,21,129,"Kentucky","Lee County",3,2,68,35,33
050,21,129,"Kentucky","Lee County",3,3,74,32,42
050,21,129,"Kentucky","Lee County",3,4,69,40,29
050,21,129,"Kentucky","Lee County",3,5,88,41,47
050,21,129,"Kentucky","Lee County",3,6,80,45,35
050,21,129,"Kentucky","Lee County",3,7,86,51,35
050,21,129,"Kentucky","Lee County",3,8,65,36,29
050,21,129,"Kentucky","Lee County",3,9,68,41,27
050,21,129,"Kentucky","Lee County",3,10,67,36,31
050,21,129,"Kentucky","Lee County",3,11,61,34,27
050,21,129,"Kentucky","Lee County",3,12,84,43,41
050,21,129,"Kentucky","Lee County",3,13,72,39,33
050,21,129,"Kentucky","Lee County",3,14,79,42,37
050,21,129,"Kentucky","Lee County",3,15,80,42,38
050,21,129,"Kentucky","Lee County",3,16,79,40,39
050,21,129,"Kentucky","Lee County",3,17,81,41,40
050,21,129,"Kentucky","Lee County",3,18,65,39,26
050,21,129,"Kentucky","Lee County",3,19,62,34,28
050,21,129,"Kentucky","Lee County",3,20,55,29,26
050,21,129,"Kentucky","Lee County",3,21,67,42,25
050,21,129,"Kentucky","Lee County",3,22,75,53,22
050,21,129,"Kentucky","Lee County",3,23,84,56,28
050,21,129,"Kentucky","Lee County",3,24,102,59,43
050,21,129,"Kentucky","Lee County",3,25,118,76,42
050,21,129,"Kentucky","Lee County",3,26,109,76,33
050,21,129,"Kentucky","Lee County",3,27,118,89,29
050,21,129,"Kentucky","Lee County",3,28,107,71,36
050,21,129,"Kentucky","Lee County",3,29,111,71,40
050,21,129,"Kentucky","Lee County",3,30,111,75,36
050,21,129,"Kentucky","Lee County",3,31,99,65,34
050,21,129,"Kentucky","Lee County",3,32,102,69,33
050,21,129,"Kentucky","Lee County",3,33,115,82,33
050,21,129,"Kentucky","Lee County",3,34,105,68,37
050,21,129,"Kentucky","Lee County",3,35,94,49,45
050,21,129,"Kentucky","Lee County",3,36,96,53,43
050,21,129,"Kentucky","Lee County",3,37,91,56,35
050,21,129,"Kentucky","Lee County",3,38,100,70,30
050,21,129,"Kentucky","Lee County",3,39,102,67,35
050,21,129,"Kentucky","Lee County",3,40,98,64,34
050,21,129,"Kentucky","Lee County",3,41,105,72,33
050,21,129,"Kentucky","Lee County",3,42,111,70,41
050,21,129,"Kentucky","Lee County",3,43,99,57,42
050,21,129,"Kentucky","Lee County",3,44,95,62,33
050,21,129,"Kentucky","Lee County",3,45,83,54,29
050,21,129,"Kentucky","Lee County",3,46,85,46,39
050,21,129,"Kentucky","Lee County",3,47,82,48,34
050,21,129,"Kentucky","Lee County",3,48,86,54,32
050,21,129,"Kentucky","Lee County",3,49,106,66,40
050,21,129,"Kentucky","Lee County",3,50,105,63,42
050,21,129,"Kentucky","Lee County",3,51,112,71,41
050,21,129,"Kentucky","Lee County",3,52,113,65,48
050,21,129,"Kentucky","Lee County",3,53,116,63,53
050,21,129,"Kentucky","Lee County",3,54,115,61,54
050,21,129,"Kentucky","Lee County",3,55,118,61,57
050,21,129,"Kentucky","Lee County",3,56,117,58,59
050,21,129,"Kentucky","Lee County",3,57,120,65,55
050,21,129,"Kentucky","Lee County",3,58,114,53,61
050,21,129,"Kentucky","Lee County",3,59,121,65,56
050,21,129,"Kentucky","Lee County",3,60,121,62,59
050,21,129,"Kentucky","Lee County",3,61,104,51,53
050,21,129,"Kentucky","Lee County",3,62,100,55,45
050,21,129,"Kentucky","Lee County",3,63,104,58,46
050,21,129,"Kentucky","Lee County",3,64,104,57,47
050,21,129,"Kentucky","Lee County",3,65,88,48,40
050,21,129,"Kentucky","Lee County",3,66,100,57,43
050,21,129,"Kentucky","Lee County",3,67,105,55,50
050,21,129,"Kentucky","Lee County",3,68,97,43,54
050,21,129,"Kentucky","Lee County",3,69,87,43,44
050,21,129,"Kentucky","Lee County",3,70,84,42,42
050,21,129,"Kentucky","Lee County",3,71,89,47,42
050,21,129,"Kentucky","Lee County",3,72,78,39,39
050,21,129,"Kentucky","Lee County",3,73,73,34,39
050,21,129,"Kentucky","Lee County",3,74,84,37,47
050,21,129,"Kentucky","Lee County",3,75,57,30,27
050,21,129,"Kentucky","Lee County",3,76,50,27,23
050,21,129,"Kentucky","Lee County",3,77,47,26,21
050,21,129,"Kentucky","Lee County",3,78,48,21,27
050,21,129,"Kentucky","Lee County",3,79,39,14,25
050,21,129,"Kentucky","Lee County",3,80,28,12,16
050,21,129,"Kentucky","Lee County",3,81,27,9,18
050,21,129,"Kentucky","Lee County",3,82,30,12,18
050,21,129,"Kentucky","Lee County",3,83,27,13,14
050,21,129,"Kentucky","Lee County",3,84,21,10,11
050,21,129,"Kentucky","Lee County",3,85,139,43,96
050,21,129,"Kentucky","Lee County",4,0,64,38,26
050,21,129,"Kentucky","Lee County",4,1,66,37,29
050,21,129,"Kentucky","Lee County",4,2,66,34,32
050,21,129,"Kentucky","Lee County",4,3,61,31,30
050,21,129,"Kentucky","Lee County",4,4,72,35,37
050,21,129,"Kentucky","Lee County",4,5,70,40,30
050,21,129,"Kentucky","Lee County",4,6,94,43,51
050,21,129,"Kentucky","Lee County",4,7,75,43,32
050,21,129,"Kentucky","Lee County",4,8,77,42,35
050,21,129,"Kentucky","Lee County",4,9,69,39,30
050,21,129,"Kentucky","Lee County",4,10,67,41,26
050,21,129,"Kentucky","Lee County",4,11,62,33,29
050,21,129,"Kentucky","Lee County",4,12,61,34,27
050,21,129,"Kentucky","Lee County",4,13,84,44,40
050,21,129,"Kentucky","Lee County",4,14,74,37,37
050,21,129,"Kentucky","Lee County",4,15,72,39,33
050,21,129,"Kentucky","Lee County",4,16,77,40,37
050,21,129,"Kentucky","Lee County",4,17,79,41,38
050,21,129,"Kentucky","Lee County",4,18,62,32,30
050,21,129,"Kentucky","Lee County",4,19,55,33,22
050,21,129,"Kentucky","Lee County",4,20,62,29,33
050,21,129,"Kentucky","Lee County",4,21,68,44,24
050,21,129,"Kentucky","Lee County",4,22,70,47,23
050,21,129,"Kentucky","Lee County",4,23,76,54,22
050,21,129,"Kentucky","Lee County",4,24,94,63,31
050,21,129,"Kentucky","Lee County",4,25,116,72,44
050,21,129,"Kentucky","Lee County",4,26,100,65,35
050,21,129,"Kentucky","Lee County",4,27,112,84,28
050,21,129,"Kentucky","Lee County",4,28,106,73,33
050,21,129,"Kentucky","Lee County",4,29,99,63,36
050,21,129,"Kentucky","Lee County",4,30,115,75,40
050,21,129,"Kentucky","Lee County",4,31,91,61,30
050,21,129,"Kentucky","Lee County",4,32,100,62,38
050,21,129,"Kentucky","Lee County",4,33,120,81,39
050,21,129,"Kentucky","Lee County",4,34,99,66,33
050,21,129,"Kentucky","Lee County",4,35,92,57,35
050,21,129,"Kentucky","Lee County",4,36,96,54,42
050,21,129,"Kentucky","Lee County",4,37,97,55,42
050,21,129,"Kentucky","Lee County",4,38,105,73,32
050,21,129,"Kentucky","Lee County",4,39,96,62,34
050,21,129,"Kentucky","Lee County",4,40,92,61,31
050,21,129,"Kentucky","Lee County",4,41,95,61,34
050,21,129,"Kentucky","Lee County",4,42,109,74,35
050,21,129,"Kentucky","Lee County",4,43,99,57,42
050,21,129,"Kentucky","Lee County",4,44,101,61,40
050,21,129,"Kentucky","Lee County",4,45,94,64,30
050,21,129,"Kentucky","Lee County",4,46,68,41,27
050,21,129,"Kentucky","Lee County",4,47,75,40,35
050,21,129,"Kentucky","Lee County",4,48,91,58,33
050,21,129,"Kentucky","Lee County",4,49,78,48,30
050,21,129,"Kentucky","Lee County",4,50,99,59,40
050,21,129,"Kentucky","Lee County",4,51,112,69,43
050,21,129,"Kentucky","Lee County",4,52,100,61,39
050,21,129,"Kentucky","Lee County",4,53,112,65,47
050,21,129,"Kentucky","Lee County",4,54,112,60,52
050,21,129,"Kentucky","Lee County",4,55,117,63,54
050,21,129,"Kentucky","Lee County",4,56,113,55,58
050,21,129,"Kentucky","Lee County",4,57,121,65,56
050,21,129,"Kentucky","Lee County",4,58,106,53,53
050,21,129,"Kentucky","Lee County",4,59,114,56,58
050,21,129,"Kentucky","Lee County",4,60,117,62,55
050,21,129,"Kentucky","Lee County",4,61,113,57,56
050,21,129,"Kentucky","Lee County",4,62,102,49,53
050,21,129,"Kentucky","Lee County",4,63,96,51,45
050,21,129,"Kentucky","Lee County",4,64,109,61,48
050,21,129,"Kentucky","Lee County",4,65,93,50,43
050,21,129,"Kentucky","Lee County",4,66,87,48,39
050,21,129,"Kentucky","Lee County",4,67,101,59,42
050,21,129,"Kentucky","Lee County",4,68,93,42,51
050,21,129,"Kentucky","Lee County",4,69,95,40,55
050,21,129,"Kentucky","Lee County",4,70,85,42,43
050,21,129,"Kentucky","Lee County",4,71,84,44,40
050,21,129,"Kentucky","Lee County",4,72,86,43,43
050,21,129,"Kentucky","Lee County",4,73,73,38,35
050,21,129,"Kentucky","Lee County",4,74,72,33,39
050,21,129,"Kentucky","Lee County",4,75,80,35,45
050,21,129,"Kentucky","Lee County",4,76,54,29,25
050,21,129,"Kentucky","Lee County",4,77,46,26,20
050,21,129,"Kentucky","Lee County",4,78,45,24,21
050,21,129,"Kentucky","Lee County",4,79,47,21,26
050,21,129,"Kentucky","Lee County",4,80,35,13,22
050,21,129,"Kentucky","Lee County",4,81,26,10,16
050,21,129,"Kentucky","Lee County",4,82,23,6,17
050,21,129,"Kentucky","Lee County",4,83,28,10,18
050,21,129,"Kentucky","Lee County",4,84,22,11,11
050,21,129,"Kentucky","Lee County",4,85,132,42,90
050,21,129,"Kentucky","Lee County",5,0,64,38,26
050,21,129,"Kentucky","Lee County",5,1,76,44,32
050,21,129,"Kentucky","Lee County",5,2,70,39,31
050,21,129,"Kentucky","Lee County",5,3,59,28,31
050,21,129,"Kentucky","Lee County",5,4,69,37,32
050,21,129,"Kentucky","Lee County",5,5,67,31,36
050,21,129,"Kentucky","Lee County",5,6,67,39,28
050,21,129,"Kentucky","Lee County",5,7,96,43,53
050,21,129,"Kentucky","Lee County",5,8,74,40,34
050,21,129,"Kentucky","Lee County",5,9,81,45,36
050,21,129,"Kentucky","Lee County",5,10,69,39,30
050,21,129,"Kentucky","Lee County",5,11,64,41,23
050,21,129,"Kentucky","Lee County",5,12,69,39,30
050,21,129,"Kentucky","Lee County",5,13,62,35,27
050,21,129,"Kentucky","Lee County",5,14,80,42,38
050,21,129,"Kentucky","Lee County",5,15,75,39,36
050,21,129,"Kentucky","Lee County",5,16,68,35,33
050,21,129,"Kentucky","Lee County",5,17,81,42,39
050,21,129,"Kentucky","Lee County",5,18,62,35,27
050,21,129,"Kentucky","Lee County",5,19,55,32,23
050,21,129,"Kentucky","Lee County",5,20,51,28,23
050,21,129,"Kentucky","Lee County",5,21,71,40,31
050,21,129,"Kentucky","Lee County",5,22,79,50,29
050,21,129,"Kentucky","Lee County",5,23,83,56,27
050,21,129,"Kentucky","Lee County",5,24,92,69,23
050,21,129,"Kentucky","Lee County",5,25,113,79,34
050,21,129,"Kentucky","Lee County",5,26,94,58,36
050,21,129,"Kentucky","Lee County",5,27,110,72,38
050,21,129,"Kentucky","Lee County",5,28,105,73,32
050,21,129,"Kentucky","Lee County",5,29,106,71,35
050,21,129,"Kentucky","Lee County",5,30,110,74,36
050,21,129,"Kentucky","Lee County",5,31,98,65,33
050,21,129,"Kentucky","Lee County",5,32,88,58,30
050,21,129,"Kentucky","Lee County",5,33,114,74,40
050,21,129,"Kentucky","Lee County",5,34,110,68,42
050,21,129,"Kentucky","Lee County",5,35,98,63,35
050,21,129,"Kentucky","Lee County",5,36,95,62,33
050,21,129,"Kentucky","Lee County",5,37,96,54,42
050,21,129,"Kentucky","Lee County",5,38,112,71,41
050,21,129,"Kentucky","Lee County",5,39,107,72,35
050,21,129,"Kentucky","Lee County",5,40,93,58,35
050,21,129,"Kentucky","Lee County",5,41,93,62,31
050,21,129,"Kentucky","Lee County",5,42,104,71,33
050,21,129,"Kentucky","Lee County",5,43,104,64,40
050,21,129,"Kentucky","Lee County",5,44,100,62,38
050,21,129,"Kentucky","Lee County",5,45,103,65,38
050,21,129,"Kentucky","Lee County",5,46,85,53,32
050,21,129,"Kentucky","Lee County",5,47,67,36,31
050,21,129,"Kentucky","Lee County",5,48,88,54,34
050,21,129,"Kentucky","Lee County",5,49,89,57,32
050,21,129,"Kentucky","Lee County",5,50,74,44,30
050,21,129,"Kentucky","Lee County",5,51,103,62,41
050,21,129,"Kentucky","Lee County",5,52,104,61,43
050,21,129,"Kentucky","Lee County",5,53,99,59,40
050,21,129,"Kentucky","Lee County",5,54,108,64,44
050,21,129,"Kentucky","Lee County",5,55,113,62,51
050,21,129,"Kentucky","Lee County",5,56,102,51,51
050,21,129,"Kentucky","Lee County",5,57,126,65,61
050,21,129,"Kentucky","Lee County",5,58,111,56,55
050,21,129,"Kentucky","Lee County",5,59,108,58,50
050,21,129,"Kentucky","Lee County",5,60,119,58,61
050,21,129,"Kentucky","Lee County",5,61,107,54,53
050,21,129,"Kentucky","Lee County",5,62,114,55,59
050,21,129,"Kentucky","Lee County",5,63,98,47,51
050,21,129,"Kentucky","Lee County",5,64,100,56,44
050,21,129,"Kentucky","Lee County",5,65,101,54,47
050,21,129,"Kentucky","Lee County",5,66,92,49,43
050,21,129,"Kentucky","Lee County",5,67,94,54,40
050,21,129,"Kentucky","Lee County",5,68,92,50,42
050,21,129,"Kentucky","Lee County",5,69,90,38,52
050,21,129,"Kentucky","Lee County",5,70,92,38,54
050,21,129,"Kentucky","Lee County",5,71,87,43,44
050,21,129,"Kentucky","Lee County",5,72,82,42,40
050,21,129,"Kentucky","Lee County",5,73,82,41,41
050,21,129,"Kentucky","Lee County",5,74,70,35,35
050,21,129,"Kentucky","Lee County",5,75,66,32,34
050,21,129,"Kentucky","Lee County",5,76,75,33,42
050,21,129,"Kentucky","Lee County",5,77,49,28,21
050,21,129,"Kentucky","Lee County",5,78,41,22,19
050,21,129,"Kentucky","Lee County",5,79,44,24,20
050,21,129,"Kentucky","Lee County",5,80,46,20,26
050,21,129,"Kentucky","Lee County",5,81,32,10,22
050,21,129,"Kentucky","Lee County",5,82,24,8,16
050,21,129,"Kentucky","Lee County",5,83,24,6,18
050,21,129,"Kentucky","Lee County",5,84,24,8,16
050,21,129,"Kentucky","Lee County",5,85,134,45,89
050,21,131,"Kentucky","Leslie County",1,0,104,53,51
050,21,131,"Kentucky","Leslie County",1,1,113,51,62
050,21,131,"Kentucky","Leslie County",1,2,104,54,50
050,21,131,"Kentucky","Leslie County",1,3,111,59,52
050,21,131,"Kentucky","Leslie County",1,4,119,70,49
050,21,131,"Kentucky","Leslie County",1,5,130,72,58
050,21,131,"Kentucky","Leslie County",1,6,131,67,64
050,21,131,"Kentucky","Leslie County",1,7,123,63,60
050,21,131,"Kentucky","Leslie County",1,8,147,81,66
050,21,131,"Kentucky","Leslie County",1,9,138,82,56
050,21,131,"Kentucky","Leslie County",1,10,133,67,66
050,21,131,"Kentucky","Leslie County",1,11,137,75,62
050,21,131,"Kentucky","Leslie County",1,12,140,74,66
050,21,131,"Kentucky","Leslie County",1,13,135,71,64
050,21,131,"Kentucky","Leslie County",1,14,122,61,61
050,21,131,"Kentucky","Leslie County",1,15,121,57,64
050,21,131,"Kentucky","Leslie County",1,16,115,57,58
050,21,131,"Kentucky","Leslie County",1,17,132,72,60
050,21,131,"Kentucky","Leslie County",1,18,111,62,49
050,21,131,"Kentucky","Leslie County",1,19,88,46,42
050,21,131,"Kentucky","Leslie County",1,20,87,45,42
050,21,131,"Kentucky","Leslie County",1,21,90,53,37
050,21,131,"Kentucky","Leslie County",1,22,106,61,45
050,21,131,"Kentucky","Leslie County",1,23,108,60,48
050,21,131,"Kentucky","Leslie County",1,24,112,51,61
050,21,131,"Kentucky","Leslie County",1,25,114,50,64
050,21,131,"Kentucky","Leslie County",1,26,113,60,53
050,21,131,"Kentucky","Leslie County",1,27,122,55,67
050,21,131,"Kentucky","Leslie County",1,28,134,66,68
050,21,131,"Kentucky","Leslie County",1,29,157,81,76
050,21,131,"Kentucky","Leslie County",1,30,146,72,74
050,21,131,"Kentucky","Leslie County",1,31,144,70,74
050,21,131,"Kentucky","Leslie County",1,32,144,76,68
050,21,131,"Kentucky","Leslie County",1,33,124,73,51
050,21,131,"Kentucky","Leslie County",1,34,121,64,57
050,21,131,"Kentucky","Leslie County",1,35,117,61,56
050,21,131,"Kentucky","Leslie County",1,36,128,67,61
050,21,131,"Kentucky","Leslie County",1,37,118,59,59
050,21,131,"Kentucky","Leslie County",1,38,118,66,52
050,21,131,"Kentucky","Leslie County",1,39,112,56,56
050,21,131,"Kentucky","Leslie County",1,40,123,59,64
050,21,131,"Kentucky","Leslie County",1,41,126,63,63
050,21,131,"Kentucky","Leslie County",1,42,158,80,78
050,21,131,"Kentucky","Leslie County",1,43,137,65,72
050,21,131,"Kentucky","Leslie County",1,44,115,60,55
050,21,131,"Kentucky","Leslie County",1,45,126,63,63
050,21,131,"Kentucky","Leslie County",1,46,147,71,76
050,21,131,"Kentucky","Leslie County",1,47,144,62,82
050,21,131,"Kentucky","Leslie County",1,48,146,74,72
050,21,131,"Kentucky","Leslie County",1,49,139,76,63
050,21,131,"Kentucky","Leslie County",1,50,126,65,61
050,21,131,"Kentucky","Leslie County",1,51,145,71,74
050,21,131,"Kentucky","Leslie County",1,52,150,76,74
050,21,131,"Kentucky","Leslie County",1,53,154,83,71
050,21,131,"Kentucky","Leslie County",1,54,162,85,77
050,21,131,"Kentucky","Leslie County",1,55,178,84,94
050,21,131,"Kentucky","Leslie County",1,56,162,78,84
050,21,131,"Kentucky","Leslie County",1,57,160,87,73
050,21,131,"Kentucky","Leslie County",1,58,152,74,78
050,21,131,"Kentucky","Leslie County",1,59,170,84,86
050,21,131,"Kentucky","Leslie County",1,60,173,92,81
050,21,131,"Kentucky","Leslie County",1,61,165,85,80
050,21,131,"Kentucky","Leslie County",1,62,160,82,78
050,21,131,"Kentucky","Leslie County",1,63,167,79,88
050,21,131,"Kentucky","Leslie County",1,64,147,73,74
050,21,131,"Kentucky","Leslie County",1,65,148,71,77
050,21,131,"Kentucky","Leslie County",1,66,138,67,71
050,21,131,"Kentucky","Leslie County",1,67,135,66,69
050,21,131,"Kentucky","Leslie County",1,68,121,65,56
050,21,131,"Kentucky","Leslie County",1,69,124,56,68
050,21,131,"Kentucky","Leslie County",1,70,120,51,69
050,21,131,"Kentucky","Leslie County",1,71,114,54,60
050,21,131,"Kentucky","Leslie County",1,72,105,55,50
050,21,131,"Kentucky","Leslie County",1,73,107,58,49
050,21,131,"Kentucky","Leslie County",1,74,78,43,35
050,21,131,"Kentucky","Leslie County",1,75,67,33,34
050,21,131,"Kentucky","Leslie County",1,76,76,37,39
050,21,131,"Kentucky","Leslie County",1,77,68,23,45
050,21,131,"Kentucky","Leslie County",1,78,66,30,36
050,21,131,"Kentucky","Leslie County",1,79,55,20,35
050,21,131,"Kentucky","Leslie County",1,80,46,20,26
050,21,131,"Kentucky","Leslie County",1,81,47,25,22
050,21,131,"Kentucky","Leslie County",1,82,52,18,34
050,21,131,"Kentucky","Leslie County",1,83,32,9,23
050,21,131,"Kentucky","Leslie County",1,84,40,17,23
050,21,131,"Kentucky","Leslie County",1,85,173,61,112
050,21,131,"Kentucky","Leslie County",2,0,106,57,49
050,21,131,"Kentucky","Leslie County",2,1,109,50,59
050,21,131,"Kentucky","Leslie County",2,2,105,52,53
050,21,131,"Kentucky","Leslie County",2,3,109,58,51
050,21,131,"Kentucky","Leslie County",2,4,117,67,50
050,21,131,"Kentucky","Leslie County",2,5,126,70,56
050,21,131,"Kentucky","Leslie County",2,6,131,69,62
050,21,131,"Kentucky","Leslie County",2,7,126,64,62
050,21,131,"Kentucky","Leslie County",2,8,141,76,65
050,21,131,"Kentucky","Leslie County",2,9,139,81,58
050,21,131,"Kentucky","Leslie County",2,10,133,70,63
050,21,131,"Kentucky","Leslie County",2,11,134,72,62
050,21,131,"Kentucky","Leslie County",2,12,139,74,65
050,21,131,"Kentucky","Leslie County",2,13,135,72,63
050,21,131,"Kentucky","Leslie County",2,14,124,63,61
050,21,131,"Kentucky","Leslie County",2,15,120,57,63
050,21,131,"Kentucky","Leslie County",2,16,116,56,60
050,21,131,"Kentucky","Leslie County",2,17,126,66,60
050,21,131,"Kentucky","Leslie County",2,18,110,62,48
050,21,131,"Kentucky","Leslie County",2,19,88,47,41
050,21,131,"Kentucky","Leslie County",2,20,88,45,43
050,21,131,"Kentucky","Leslie County",2,21,92,54,38
050,21,131,"Kentucky","Leslie County",2,22,102,59,43
050,21,131,"Kentucky","Leslie County",2,23,108,60,48
050,21,131,"Kentucky","Leslie County",2,24,110,53,57
050,21,131,"Kentucky","Leslie County",2,25,116,52,64
050,21,131,"Kentucky","Leslie County",2,26,112,57,55
050,21,131,"Kentucky","Leslie County",2,27,119,54,65
050,21,131,"Kentucky","Leslie County",2,28,131,64,67
050,21,131,"Kentucky","Leslie County",2,29,150,76,74
050,21,131,"Kentucky","Leslie County",2,30,149,74,75
050,21,131,"Kentucky","Leslie County",2,31,143,69,74
050,21,131,"Kentucky","Leslie County",2,32,145,76,69
050,21,131,"Kentucky","Leslie County",2,33,131,75,56
050,21,131,"Kentucky","Leslie County",2,34,120,64,56
050,21,131,"Kentucky","Leslie County",2,35,117,62,55
050,21,131,"Kentucky","Leslie County",2,36,125,66,59
050,21,131,"Kentucky","Leslie County",2,37,117,60,57
050,21,131,"Kentucky","Leslie County",2,38,121,66,55
050,21,131,"Kentucky","Leslie County",2,39,111,57,54
050,21,131,"Kentucky","Leslie County",2,40,121,59,62
050,21,131,"Kentucky","Leslie County",2,41,125,62,63
050,21,131,"Kentucky","Leslie County",2,42,152,78,74
050,21,131,"Kentucky","Leslie County",2,43,141,67,74
050,21,131,"Kentucky","Leslie County",2,44,118,61,57
050,21,131,"Kentucky","Leslie County",2,45,124,62,62
050,21,131,"Kentucky","Leslie County",2,46,138,67,71
050,21,131,"Kentucky","Leslie County",2,47,145,64,81
050,21,131,"Kentucky","Leslie County",2,48,147,74,73
050,21,131,"Kentucky","Leslie County",2,49,137,72,65
050,21,131,"Kentucky","Leslie County",2,50,131,70,61
050,21,131,"Kentucky","Leslie County",2,51,140,69,71
050,21,131,"Kentucky","Leslie County",2,52,149,74,75
050,21,131,"Kentucky","Leslie County",2,53,150,79,71
050,21,131,"Kentucky","Leslie County",2,54,161,85,76
050,21,131,"Kentucky","Leslie County",2,55,173,84,89
050,21,131,"Kentucky","Leslie County",2,56,165,79,86
050,21,131,"Kentucky","Leslie County",2,57,159,83,76
050,21,131,"Kentucky","Leslie County",2,58,153,77,76
050,21,131,"Kentucky","Leslie County",2,59,164,82,82
050,21,131,"Kentucky","Leslie County",2,60,171,89,82
050,21,131,"Kentucky","Leslie County",2,61,165,86,79
050,21,131,"Kentucky","Leslie County",2,62,161,82,79
050,21,131,"Kentucky","Leslie County",2,63,164,78,86
050,21,131,"Kentucky","Leslie County",2,64,151,73,78
050,21,131,"Kentucky","Leslie County",2,65,146,69,77
050,21,131,"Kentucky","Leslie County",2,66,141,69,72
050,21,131,"Kentucky","Leslie County",2,67,135,65,70
050,21,131,"Kentucky","Leslie County",2,68,123,64,59
050,21,131,"Kentucky","Leslie County",2,69,124,59,65
050,21,131,"Kentucky","Leslie County",2,70,119,51,68
050,21,131,"Kentucky","Leslie County",2,71,116,54,62
050,21,131,"Kentucky","Leslie County",2,72,105,54,51
050,21,131,"Kentucky","Leslie County",2,73,111,59,52
050,21,131,"Kentucky","Leslie County",2,74,79,44,35
050,21,131,"Kentucky","Leslie County",2,75,68,34,34
050,21,131,"Kentucky","Leslie County",2,76,72,34,38
050,21,131,"Kentucky","Leslie County",2,77,71,27,44
050,21,131,"Kentucky","Leslie County",2,78,64,28,36
050,21,131,"Kentucky","Leslie County",2,79,58,23,35
050,21,131,"Kentucky","Leslie County",2,80,46,18,28
050,21,131,"Kentucky","Leslie County",2,81,45,23,22
050,21,131,"Kentucky","Leslie County",2,82,51,20,31
050,21,131,"Kentucky","Leslie County",2,83,33,10,23
050,21,131,"Kentucky","Leslie County",2,84,36,14,22
050,21,131,"Kentucky","Leslie County",2,85,179,64,115
050,21,131,"Kentucky","Leslie County",3,0,102,51,51
050,21,131,"Kentucky","Leslie County",3,1,103,50,53
050,21,131,"Kentucky","Leslie County",3,2,110,53,57
050,21,131,"Kentucky","Leslie County",3,3,98,51,47
050,21,131,"Kentucky","Leslie County",3,4,112,58,54
050,21,131,"Kentucky","Leslie County",3,5,103,60,43
050,21,131,"Kentucky","Leslie County",3,6,125,65,60
050,21,131,"Kentucky","Leslie County",3,7,129,67,62
050,21,131,"Kentucky","Leslie County",3,8,126,65,61
050,21,131,"Kentucky","Leslie County",3,9,135,78,57
050,21,131,"Kentucky","Leslie County",3,10,131,74,57
050,21,131,"Kentucky","Leslie County",3,11,131,66,65
050,21,131,"Kentucky","Leslie County",3,12,140,73,67
050,21,131,"Kentucky","Leslie County",3,13,145,81,64
050,21,131,"Kentucky","Leslie County",3,14,143,75,68
050,21,131,"Kentucky","Leslie County",3,15,123,60,63
050,21,131,"Kentucky","Leslie County",3,16,119,56,63
050,21,131,"Kentucky","Leslie County",3,17,112,54,58
050,21,131,"Kentucky","Leslie County",3,18,104,56,48
050,21,131,"Kentucky","Leslie County",3,19,82,45,37
050,21,131,"Kentucky","Leslie County",3,20,104,55,49
050,21,131,"Kentucky","Leslie County",3,21,95,53,42
050,21,131,"Kentucky","Leslie County",3,22,104,58,46
050,21,131,"Kentucky","Leslie County",3,23,102,59,43
050,21,131,"Kentucky","Leslie County",3,24,106,60,46
050,21,131,"Kentucky","Leslie County",3,25,117,55,62
050,21,131,"Kentucky","Leslie County",3,26,106,52,54
050,21,131,"Kentucky","Leslie County",3,27,111,49,62
050,21,131,"Kentucky","Leslie County",3,28,115,58,57
050,21,131,"Kentucky","Leslie County",3,29,132,64,68
050,21,131,"Kentucky","Leslie County",3,30,150,82,68
050,21,131,"Kentucky","Leslie County",3,31,142,67,75
050,21,131,"Kentucky","Leslie County",3,32,152,76,76
050,21,131,"Kentucky","Leslie County",3,33,145,73,72
050,21,131,"Kentucky","Leslie County",3,34,127,69,58
050,21,131,"Kentucky","Leslie County",3,35,111,58,53
050,21,131,"Kentucky","Leslie County",3,36,119,64,55
050,21,131,"Kentucky","Leslie County",3,37,117,63,54
050,21,131,"Kentucky","Leslie County",3,38,125,61,64
050,21,131,"Kentucky","Leslie County",3,39,117,60,57
050,21,131,"Kentucky","Leslie County",3,40,112,61,51
050,21,131,"Kentucky","Leslie County",3,41,120,57,63
050,21,131,"Kentucky","Leslie County",3,42,132,70,62
050,21,131,"Kentucky","Leslie County",3,43,135,64,71
050,21,131,"Kentucky","Leslie County",3,44,134,61,73
050,21,131,"Kentucky","Leslie County",3,45,119,63,56
050,21,131,"Kentucky","Leslie County",3,46,117,60,57
050,21,131,"Kentucky","Leslie County",3,47,136,70,66
050,21,131,"Kentucky","Leslie County",3,48,145,68,77
050,21,131,"Kentucky","Leslie County",3,49,138,65,73
050,21,131,"Kentucky","Leslie County",3,50,140,75,65
050,21,131,"Kentucky","Leslie County",3,51,130,70,60
050,21,131,"Kentucky","Leslie County",3,52,140,65,75
050,21,131,"Kentucky","Leslie County",3,53,138,66,72
050,21,131,"Kentucky","Leslie County",3,54,144,74,70
050,21,131,"Kentucky","Leslie County",3,55,152,77,75
050,21,131,"Kentucky","Leslie County",3,56,166,80,86
050,21,131,"Kentucky","Leslie County",3,57,156,74,82
050,21,131,"Kentucky","Leslie County",3,58,150,83,67
050,21,131,"Kentucky","Leslie County",3,59,151,73,78
050,21,131,"Kentucky","Leslie County",3,60,159,79,80
050,21,131,"Kentucky","Leslie County",3,61,165,87,78
050,21,131,"Kentucky","Leslie County",3,62,165,87,78
050,21,131,"Kentucky","Leslie County",3,63,154,76,78
050,21,131,"Kentucky","Leslie County",3,64,165,79,86
050,21,131,"Kentucky","Leslie County",3,65,140,67,73
050,21,131,"Kentucky","Leslie County",3,66,146,73,73
050,21,131,"Kentucky","Leslie County",3,67,140,67,73
050,21,131,"Kentucky","Leslie County",3,68,130,63,67
050,21,131,"Kentucky","Leslie County",3,69,116,59,57
050,21,131,"Kentucky","Leslie County",3,70,118,57,61
050,21,131,"Kentucky","Leslie County",3,71,113,49,64
050,21,131,"Kentucky","Leslie County",3,72,113,54,59
050,21,131,"Kentucky","Leslie County",3,73,98,50,48
050,21,131,"Kentucky","Leslie County",3,74,105,56,49
050,21,131,"Kentucky","Leslie County",3,75,73,40,33
050,21,131,"Kentucky","Leslie County",3,76,65,31,34
050,21,131,"Kentucky","Leslie County",3,77,65,31,34
050,21,131,"Kentucky","Leslie County",3,78,66,27,39
050,21,131,"Kentucky","Leslie County",3,79,61,28,33
050,21,131,"Kentucky","Leslie County",3,80,48,17,31
050,21,131,"Kentucky","Leslie County",3,81,39,15,24
050,21,131,"Kentucky","Leslie County",3,82,43,21,22
050,21,131,"Kentucky","Leslie County",3,83,46,18,28
050,21,131,"Kentucky","Leslie County",3,84,32,12,20
050,21,131,"Kentucky","Leslie County",3,85,190,71,119
050,21,131,"Kentucky","Leslie County",4,0,95,48,47
050,21,131,"Kentucky","Leslie County",4,1,108,57,51
050,21,131,"Kentucky","Leslie County",4,2,102,50,52
050,21,131,"Kentucky","Leslie County",4,3,111,54,57
050,21,131,"Kentucky","Leslie County",4,4,95,49,46
050,21,131,"Kentucky","Leslie County",4,5,110,53,57
050,21,131,"Kentucky","Leslie County",4,6,101,59,42
050,21,131,"Kentucky","Leslie County",4,7,126,66,60
050,21,131,"Kentucky","Leslie County",4,8,131,69,62
050,21,131,"Kentucky","Leslie County",4,9,123,64,59
050,21,131,"Kentucky","Leslie County",4,10,136,76,60
050,21,131,"Kentucky","Leslie County",4,11,130,77,53
050,21,131,"Kentucky","Leslie County",4,12,134,64,70
050,21,131,"Kentucky","Leslie County",4,13,137,71,66
050,21,131,"Kentucky","Leslie County",4,14,140,76,64
050,21,131,"Kentucky","Leslie County",4,15,134,70,64
050,21,131,"Kentucky","Leslie County",4,16,122,62,60
050,21,131,"Kentucky","Leslie County",4,17,119,56,63
050,21,131,"Kentucky","Leslie County",4,18,90,46,44
050,21,131,"Kentucky","Leslie County",4,19,76,42,34
050,21,131,"Kentucky","Leslie County",4,20,88,48,40
050,21,131,"Kentucky","Leslie County",4,21,106,60,46
050,21,131,"Kentucky","Leslie County",4,22,101,58,43
050,21,131,"Kentucky","Leslie County",4,23,103,56,47
050,21,131,"Kentucky","Leslie County",4,24,103,53,50
050,21,131,"Kentucky","Leslie County",4,25,102,58,44
050,21,131,"Kentucky","Leslie County",4,26,108,52,56
050,21,131,"Kentucky","Leslie County",4,27,103,45,58
050,21,131,"Kentucky","Leslie County",4,28,105,53,52
050,21,131,"Kentucky","Leslie County",4,29,106,56,50
050,21,131,"Kentucky","Leslie County",4,30,130,63,67
050,21,131,"Kentucky","Leslie County",4,31,142,77,65
050,21,131,"Kentucky","Leslie County",4,32,151,76,75
050,21,131,"Kentucky","Leslie County",4,33,157,75,82
050,21,131,"Kentucky","Leslie County",4,34,130,59,71
050,21,131,"Kentucky","Leslie County",4,35,113,62,51
050,21,131,"Kentucky","Leslie County",4,36,114,59,55
050,21,131,"Kentucky","Leslie County",4,37,113,61,52
050,21,131,"Kentucky","Leslie County",4,38,127,64,63
050,21,131,"Kentucky","Leslie County",4,39,119,57,62
050,21,131,"Kentucky","Leslie County",4,40,118,64,54
050,21,131,"Kentucky","Leslie County",4,41,105,55,50
050,21,131,"Kentucky","Leslie County",4,42,127,62,65
050,21,131,"Kentucky","Leslie County",4,43,122,58,64
050,21,131,"Kentucky","Leslie County",4,44,129,61,68
050,21,131,"Kentucky","Leslie County",4,45,135,63,72
050,21,131,"Kentucky","Leslie County",4,46,113,62,51
050,21,131,"Kentucky","Leslie County",4,47,116,58,58
050,21,131,"Kentucky","Leslie County",4,48,137,76,61
050,21,131,"Kentucky","Leslie County",4,49,140,60,80
050,21,131,"Kentucky","Leslie County",4,50,144,72,72
050,21,131,"Kentucky","Leslie County",4,51,137,71,66
050,21,131,"Kentucky","Leslie County",4,52,135,70,65
050,21,131,"Kentucky","Leslie County",4,53,124,53,71
050,21,131,"Kentucky","Leslie County",4,54,137,65,72
050,21,131,"Kentucky","Leslie County",4,55,137,70,67
050,21,131,"Kentucky","Leslie County",4,56,151,80,71
050,21,131,"Kentucky","Leslie County",4,57,157,73,84
050,21,131,"Kentucky","Leslie County",4,58,153,72,81
050,21,131,"Kentucky","Leslie County",4,59,147,81,66
050,21,131,"Kentucky","Leslie County",4,60,145,69,76
050,21,131,"Kentucky","Leslie County",4,61,148,73,75
050,21,131,"Kentucky","Leslie County",4,62,165,90,75
050,21,131,"Kentucky","Leslie County",4,63,156,80,76
050,21,131,"Kentucky","Leslie County",4,64,146,74,72
050,21,131,"Kentucky","Leslie County",4,65,157,75,82
050,21,131,"Kentucky","Leslie County",4,66,137,67,70
050,21,131,"Kentucky","Leslie County",4,67,140,67,73
050,21,131,"Kentucky","Leslie County",4,68,131,63,68
050,21,131,"Kentucky","Leslie County",4,69,130,64,66
050,21,131,"Kentucky","Leslie County",4,70,108,54,54
050,21,131,"Kentucky","Leslie County",4,71,106,51,55
050,21,131,"Kentucky","Leslie County",4,72,108,49,59
050,21,131,"Kentucky","Leslie County",4,73,105,49,56
050,21,131,"Kentucky","Leslie County",4,74,95,48,47
050,21,131,"Kentucky","Leslie County",4,75,104,53,51
050,21,131,"Kentucky","Leslie County",4,76,70,36,34
050,21,131,"Kentucky","Leslie County",4,77,61,29,32
050,21,131,"Kentucky","Leslie County",4,78,61,31,30
050,21,131,"Kentucky","Leslie County",4,79,64,26,38
050,21,131,"Kentucky","Leslie County",4,80,53,24,29
050,21,131,"Kentucky","Leslie County",4,81,43,15,28
050,21,131,"Kentucky","Leslie County",4,82,42,14,28
050,21,131,"Kentucky","Leslie County",4,83,37,17,20
050,21,131,"Kentucky","Leslie County",4,84,41,17,24
050,21,131,"Kentucky","Leslie County",4,85,191,71,120
050,21,131,"Kentucky","Leslie County",5,0,94,47,47
050,21,131,"Kentucky","Leslie County",5,1,98,45,53
050,21,131,"Kentucky","Leslie County",5,2,103,53,50
050,21,131,"Kentucky","Leslie County",5,3,100,47,53
050,21,131,"Kentucky","Leslie County",5,4,109,55,54
050,21,131,"Kentucky","Leslie County",5,5,100,51,49
050,21,131,"Kentucky","Leslie County",5,6,103,53,50
050,21,131,"Kentucky","Leslie County",5,7,103,58,45
050,21,131,"Kentucky","Leslie County",5,8,121,64,57
050,21,131,"Kentucky","Leslie County",5,9,127,65,62
050,21,131,"Kentucky","Leslie County",5,10,120,65,55
050,21,131,"Kentucky","Leslie County",5,11,142,75,67
050,21,131,"Kentucky","Leslie County",5,12,127,76,51
050,21,131,"Kentucky","Leslie County",5,13,123,60,63
050,21,131,"Kentucky","Leslie County",5,14,140,75,65
050,21,131,"Kentucky","Leslie County",5,15,137,73,64
050,21,131,"Kentucky","Leslie County",5,16,139,67,72
050,21,131,"Kentucky","Leslie County",5,17,117,60,57
050,21,131,"Kentucky","Leslie County",5,18,97,50,47
050,21,131,"Kentucky","Leslie County",5,19,71,35,36
050,21,131,"Kentucky","Leslie County",5,20,84,44,40
050,21,131,"Kentucky","Leslie County",5,21,93,55,38
050,21,131,"Kentucky","Leslie County",5,22,114,65,49
050,21,131,"Kentucky","Leslie County",5,23,99,53,46
050,21,131,"Kentucky","Leslie County",5,24,101,57,44
050,21,131,"Kentucky","Leslie County",5,25,102,55,47
050,21,131,"Kentucky","Leslie County",5,26,94,53,41
050,21,131,"Kentucky","Leslie County",5,27,109,47,62
050,21,131,"Kentucky","Leslie County",5,28,100,48,52
050,21,131,"Kentucky","Leslie County",5,29,108,54,54
050,21,131,"Kentucky","Leslie County",5,30,116,62,54
050,21,131,"Kentucky","Leslie County",5,31,125,57,68
050,21,131,"Kentucky","Leslie County",5,32,145,80,65
050,21,131,"Kentucky","Leslie County",5,33,154,79,75
050,21,131,"Kentucky","Leslie County",5,34,149,66,83
050,21,131,"Kentucky","Leslie County",5,35,125,61,64
050,21,131,"Kentucky","Leslie County",5,36,119,65,54
050,21,131,"Kentucky","Leslie County",5,37,107,56,51
050,21,131,"Kentucky","Leslie County",5,38,118,64,54
050,21,131,"Kentucky","Leslie County",5,39,110,53,57
050,21,131,"Kentucky","Leslie County",5,40,120,61,59
050,21,131,"Kentucky","Leslie County",5,41,115,61,54
050,21,131,"Kentucky","Leslie County",5,42,114,68,46
050,21,131,"Kentucky","Leslie County",5,43,126,55,71
050,21,131,"Kentucky","Leslie County",5,44,118,54,64
050,21,131,"Kentucky","Leslie County",5,45,131,62,69
050,21,131,"Kentucky","Leslie County",5,46,133,62,71
050,21,131,"Kentucky","Leslie County",5,47,118,63,55
050,21,131,"Kentucky","Leslie County",5,48,115,65,50
050,21,131,"Kentucky","Leslie County",5,49,125,65,60
050,21,131,"Kentucky","Leslie County",5,50,150,68,82
050,21,131,"Kentucky","Leslie County",5,51,136,68,68
050,21,131,"Kentucky","Leslie County",5,52,138,71,67
050,21,131,"Kentucky","Leslie County",5,53,122,61,61
050,21,131,"Kentucky","Leslie County",5,54,127,55,72
050,21,131,"Kentucky","Leslie County",5,55,126,60,66
050,21,131,"Kentucky","Leslie County",5,56,139,71,68
050,21,131,"Kentucky","Leslie County",5,57,144,78,66
050,21,131,"Kentucky","Leslie County",5,58,154,73,81
050,21,131,"Kentucky","Leslie County",5,59,143,63,80
050,21,131,"Kentucky","Leslie County",5,60,143,76,67
050,21,131,"Kentucky","Leslie County",5,61,140,67,73
050,21,131,"Kentucky","Leslie County",5,62,148,75,73
050,21,131,"Kentucky","Leslie County",5,63,155,85,70
050,21,131,"Kentucky","Leslie County",5,64,149,79,70
050,21,131,"Kentucky","Leslie County",5,65,136,68,68
050,21,131,"Kentucky","Leslie County",5,66,156,76,80
050,21,131,"Kentucky","Leslie County",5,67,134,63,71
050,21,131,"Kentucky","Leslie County",5,68,133,65,68
050,21,131,"Kentucky","Leslie County",5,69,128,62,66
050,21,131,"Kentucky","Leslie County",5,70,123,61,62
050,21,131,"Kentucky","Leslie County",5,71,96,49,47
050,21,131,"Kentucky","Leslie County",5,72,99,49,50
050,21,131,"Kentucky","Leslie County",5,73,97,42,55
050,21,131,"Kentucky","Leslie County",5,74,101,49,52
050,21,131,"Kentucky","Leslie County",5,75,88,44,44
050,21,131,"Kentucky","Leslie County",5,76,98,47,51
050,21,131,"Kentucky","Leslie County",5,77,65,34,31
050,21,131,"Kentucky","Leslie County",5,78,55,28,27
050,21,131,"Kentucky","Leslie County",5,79,61,31,30
050,21,131,"Kentucky","Leslie County",5,80,56,22,34
050,21,131,"Kentucky","Leslie County",5,81,46,22,24
050,21,131,"Kentucky","Leslie County",5,82,47,16,31
050,21,131,"Kentucky","Leslie County",5,83,37,10,27
050,21,131,"Kentucky","Leslie County",5,84,34,17,17
050,21,131,"Kentucky","Leslie County",5,85,202,77,125
050,21,133,"Kentucky","Letcher County",1,0,226,117,109
050,21,133,"Kentucky","Letcher County",1,1,224,126,98
050,21,133,"Kentucky","Letcher County",1,2,244,123,121
050,21,133,"Kentucky","Letcher County",1,3,249,133,116
050,21,133,"Kentucky","Letcher County",1,4,258,132,126
050,21,133,"Kentucky","Letcher County",1,5,259,142,117
050,21,133,"Kentucky","Letcher County",1,6,271,137,134
050,21,133,"Kentucky","Letcher County",1,7,254,120,134
050,21,133,"Kentucky","Letcher County",1,8,263,135,128
050,21,133,"Kentucky","Letcher County",1,9,278,146,132
050,21,133,"Kentucky","Letcher County",1,10,264,136,128
050,21,133,"Kentucky","Letcher County",1,11,271,139,132
050,21,133,"Kentucky","Letcher County",1,12,272,142,130
050,21,133,"Kentucky","Letcher County",1,13,286,149,137
050,21,133,"Kentucky","Letcher County",1,14,290,156,134
050,21,133,"Kentucky","Letcher County",1,15,282,150,132
050,21,133,"Kentucky","Letcher County",1,16,283,147,136
050,21,133,"Kentucky","Letcher County",1,17,251,135,116
050,21,133,"Kentucky","Letcher County",1,18,201,110,91
050,21,133,"Kentucky","Letcher County",1,19,163,80,83
050,21,133,"Kentucky","Letcher County",1,20,198,103,95
050,21,133,"Kentucky","Letcher County",1,21,196,103,93
050,21,133,"Kentucky","Letcher County",1,22,210,106,104
050,21,133,"Kentucky","Letcher County",1,23,199,93,106
050,21,133,"Kentucky","Letcher County",1,24,199,109,90
050,21,133,"Kentucky","Letcher County",1,25,218,116,102
050,21,133,"Kentucky","Letcher County",1,26,213,109,104
050,21,133,"Kentucky","Letcher County",1,27,240,121,119
050,21,133,"Kentucky","Letcher County",1,28,244,123,121
050,21,133,"Kentucky","Letcher County",1,29,271,142,129
050,21,133,"Kentucky","Letcher County",1,30,234,119,115
050,21,133,"Kentucky","Letcher County",1,31,256,130,126
050,21,133,"Kentucky","Letcher County",1,32,240,125,115
050,21,133,"Kentucky","Letcher County",1,33,240,124,116
050,21,133,"Kentucky","Letcher County",1,34,248,124,124
050,21,133,"Kentucky","Letcher County",1,35,251,120,131
050,21,133,"Kentucky","Letcher County",1,36,240,122,118
050,21,133,"Kentucky","Letcher County",1,37,267,133,134
050,21,133,"Kentucky","Letcher County",1,38,279,136,143
050,21,133,"Kentucky","Letcher County",1,39,278,138,140
050,21,133,"Kentucky","Letcher County",1,40,281,129,152
050,21,133,"Kentucky","Letcher County",1,41,273,129,144
050,21,133,"Kentucky","Letcher County",1,42,267,133,134
050,21,133,"Kentucky","Letcher County",1,43,272,143,129
050,21,133,"Kentucky","Letcher County",1,44,266,129,137
050,21,133,"Kentucky","Letcher County",1,45,254,134,120
050,21,133,"Kentucky","Letcher County",1,46,247,126,121
050,21,133,"Kentucky","Letcher County",1,47,260,121,139
050,21,133,"Kentucky","Letcher County",1,48,276,131,145
050,21,133,"Kentucky","Letcher County",1,49,299,150,149
050,21,133,"Kentucky","Letcher County",1,50,289,152,137
050,21,133,"Kentucky","Letcher County",1,51,290,150,140
050,21,133,"Kentucky","Letcher County",1,52,287,137,150
050,21,133,"Kentucky","Letcher County",1,53,276,129,147
050,21,133,"Kentucky","Letcher County",1,54,302,140,162
050,21,133,"Kentucky","Letcher County",1,55,327,158,169
050,21,133,"Kentucky","Letcher County",1,56,318,160,158
050,21,133,"Kentucky","Letcher County",1,57,354,171,183
050,21,133,"Kentucky","Letcher County",1,58,347,158,189
050,21,133,"Kentucky","Letcher County",1,59,316,150,166
050,21,133,"Kentucky","Letcher County",1,60,312,152,160
050,21,133,"Kentucky","Letcher County",1,61,330,152,178
050,21,133,"Kentucky","Letcher County",1,62,347,165,182
050,21,133,"Kentucky","Letcher County",1,63,350,165,185
050,21,133,"Kentucky","Letcher County",1,64,305,151,154
050,21,133,"Kentucky","Letcher County",1,65,310,156,154
050,21,133,"Kentucky","Letcher County",1,66,290,141,149
050,21,133,"Kentucky","Letcher County",1,67,318,147,171
050,21,133,"Kentucky","Letcher County",1,68,310,151,159
050,21,133,"Kentucky","Letcher County",1,69,305,148,157
050,21,133,"Kentucky","Letcher County",1,70,289,132,157
050,21,133,"Kentucky","Letcher County",1,71,265,122,143
050,21,133,"Kentucky","Letcher County",1,72,249,122,127
050,21,133,"Kentucky","Letcher County",1,73,247,130,117
050,21,133,"Kentucky","Letcher County",1,74,181,91,90
050,21,133,"Kentucky","Letcher County",1,75,164,82,82
050,21,133,"Kentucky","Letcher County",1,76,155,72,83
050,21,133,"Kentucky","Letcher County",1,77,159,80,79
050,21,133,"Kentucky","Letcher County",1,78,130,57,73
050,21,133,"Kentucky","Letcher County",1,79,119,51,68
050,21,133,"Kentucky","Letcher County",1,80,116,48,68
050,21,133,"Kentucky","Letcher County",1,81,111,45,66
050,21,133,"Kentucky","Letcher County",1,82,96,38,58
050,21,133,"Kentucky","Letcher County",1,83,85,32,53
050,21,133,"Kentucky","Letcher County",1,84,75,32,43
050,21,133,"Kentucky","Letcher County",1,85,321,116,205
050,21,133,"Kentucky","Letcher County",2,0,217,117,100
050,21,133,"Kentucky","Letcher County",2,1,220,122,98
050,21,133,"Kentucky","Letcher County",2,2,239,124,115
050,21,133,"Kentucky","Letcher County",2,3,247,131,116
050,21,133,"Kentucky","Letcher County",2,4,256,133,123
050,21,133,"Kentucky","Letcher County",2,5,258,139,119
050,21,133,"Kentucky","Letcher County",2,6,270,139,131
050,21,133,"Kentucky","Letcher County",2,7,258,125,133
050,21,133,"Kentucky","Letcher County",2,8,259,131,128
050,21,133,"Kentucky","Letcher County",2,9,272,143,129
050,21,133,"Kentucky","Letcher County",2,10,267,139,128
050,21,133,"Kentucky","Letcher County",2,11,266,137,129
050,21,133,"Kentucky","Letcher County",2,12,270,141,129
050,21,133,"Kentucky","Letcher County",2,13,282,147,135
050,21,133,"Kentucky","Letcher County",2,14,287,154,133
050,21,133,"Kentucky","Letcher County",2,15,284,151,133
050,21,133,"Kentucky","Letcher County",2,16,284,148,136
050,21,133,"Kentucky","Letcher County",2,17,259,138,121
050,21,133,"Kentucky","Letcher County",2,18,202,110,92
050,21,133,"Kentucky","Letcher County",2,19,163,82,81
050,21,133,"Kentucky","Letcher County",2,20,195,100,95
050,21,133,"Kentucky","Letcher County",2,21,198,104,94
050,21,133,"Kentucky","Letcher County",2,22,210,106,104
050,21,133,"Kentucky","Letcher County",2,23,201,96,105
050,21,133,"Kentucky","Letcher County",2,24,199,106,93
050,21,133,"Kentucky","Letcher County",2,25,212,112,100
050,21,133,"Kentucky","Letcher County",2,26,213,110,103
050,21,133,"Kentucky","Letcher County",2,27,235,120,115
050,21,133,"Kentucky","Letcher County",2,28,243,123,120
050,21,133,"Kentucky","Letcher County",2,29,263,136,127
050,21,133,"Kentucky","Letcher County",2,30,245,126,119
050,21,133,"Kentucky","Letcher County",2,31,249,128,121
050,21,133,"Kentucky","Letcher County",2,32,241,125,116
050,21,133,"Kentucky","Letcher County",2,33,238,123,115
050,21,133,"Kentucky","Letcher County",2,34,246,123,123
050,21,133,"Kentucky","Letcher County",2,35,250,121,129
050,21,133,"Kentucky","Letcher County",2,36,243,122,121
050,21,133,"Kentucky","Letcher County",2,37,259,129,130
050,21,133,"Kentucky","Letcher County",2,38,275,135,140
050,21,133,"Kentucky","Letcher County",2,39,276,137,139
050,21,133,"Kentucky","Letcher County",2,40,280,131,149
050,21,133,"Kentucky","Letcher County",2,41,273,127,146
050,21,133,"Kentucky","Letcher County",2,42,266,131,135
050,21,133,"Kentucky","Letcher County",2,43,273,141,132
050,21,133,"Kentucky","Letcher County",2,44,263,131,132
050,21,133,"Kentucky","Letcher County",2,45,257,133,124
050,21,133,"Kentucky","Letcher County",2,46,243,125,118
050,21,133,"Kentucky","Letcher County",2,47,253,122,131
050,21,133,"Kentucky","Letcher County",2,48,269,127,142
050,21,133,"Kentucky","Letcher County",2,49,294,146,148
050,21,133,"Kentucky","Letcher County",2,50,292,152,140
050,21,133,"Kentucky","Letcher County",2,51,290,151,139
050,21,133,"Kentucky","Letcher County",2,52,287,140,147
050,21,133,"Kentucky","Letcher County",2,53,277,130,147
050,21,133,"Kentucky","Letcher County",2,54,294,137,157
050,21,133,"Kentucky","Letcher County",2,55,320,153,167
050,21,133,"Kentucky","Letcher County",2,56,320,160,160
050,21,133,"Kentucky","Letcher County",2,57,346,168,178
050,21,133,"Kentucky","Letcher County",2,58,348,160,188
050,21,133,"Kentucky","Letcher County",2,59,324,153,171
050,21,133,"Kentucky","Letcher County",2,60,308,149,159
050,21,133,"Kentucky","Letcher County",2,61,325,152,173
050,21,133,"Kentucky","Letcher County",2,62,341,161,180
050,21,133,"Kentucky","Letcher County",2,63,351,166,185
050,21,133,"Kentucky","Letcher County",2,64,311,152,159
050,21,133,"Kentucky","Letcher County",2,65,306,153,153
050,21,133,"Kentucky","Letcher County",2,66,295,145,150
050,21,133,"Kentucky","Letcher County",2,67,308,144,164
050,21,133,"Kentucky","Letcher County",2,68,306,146,160
050,21,133,"Kentucky","Letcher County",2,69,309,150,159
050,21,133,"Kentucky","Letcher County",2,70,292,135,157
050,21,133,"Kentucky","Letcher County",2,71,267,122,145
050,21,133,"Kentucky","Letcher County",2,72,247,120,127
050,21,133,"Kentucky","Letcher County",2,73,261,136,125
050,21,133,"Kentucky","Letcher County",2,74,179,91,88
050,21,133,"Kentucky","Letcher County",2,75,167,83,84
050,21,133,"Kentucky","Letcher County",2,76,154,73,81
050,21,133,"Kentucky","Letcher County",2,77,157,76,81
050,21,133,"Kentucky","Letcher County",2,78,135,60,75
050,21,133,"Kentucky","Letcher County",2,79,117,50,67
050,21,133,"Kentucky","Letcher County",2,80,115,49,66
050,21,133,"Kentucky","Letcher County",2,81,111,44,67
050,21,133,"Kentucky","Letcher County",2,82,99,40,59
050,21,133,"Kentucky","Letcher County",2,83,86,32,54
050,21,133,"Kentucky","Letcher County",2,84,74,32,42
050,21,133,"Kentucky","Letcher County",2,85,324,116,208
050,21,133,"Kentucky","Letcher County",3,0,197,94,103
050,21,133,"Kentucky","Letcher County",3,1,232,124,108
050,21,133,"Kentucky","Letcher County",3,2,221,125,96
050,21,133,"Kentucky","Letcher County",3,3,240,123,117
050,21,133,"Kentucky","Letcher County",3,4,250,134,116
050,21,133,"Kentucky","Letcher County",3,5,248,129,119
050,21,133,"Kentucky","Letcher County",3,6,250,135,115
050,21,133,"Kentucky","Letcher County",3,7,270,136,134
050,21,133,"Kentucky","Letcher County",3,8,262,130,132
050,21,133,"Kentucky","Letcher County",3,9,261,136,125
050,21,133,"Kentucky","Letcher County",3,10,272,142,130
050,21,133,"Kentucky","Letcher County",3,11,277,140,137
050,21,133,"Kentucky","Letcher County",3,12,261,136,125
050,21,133,"Kentucky","Letcher County",3,13,266,143,123
050,21,133,"Kentucky","Letcher County",3,14,278,145,133
050,21,133,"Kentucky","Letcher County",3,15,294,156,138
050,21,133,"Kentucky","Letcher County",3,16,281,148,133
050,21,133,"Kentucky","Letcher County",3,17,280,143,137
050,21,133,"Kentucky","Letcher County",3,18,227,130,97
050,21,133,"Kentucky","Letcher County",3,19,159,85,74
050,21,133,"Kentucky","Letcher County",3,20,173,88,85
050,21,133,"Kentucky","Letcher County",3,21,202,104,98
050,21,133,"Kentucky","Letcher County",3,22,216,114,102
050,21,133,"Kentucky","Letcher County",3,23,217,108,109
050,21,133,"Kentucky","Letcher County",3,24,210,107,103
050,21,133,"Kentucky","Letcher County",3,25,199,105,94
050,21,133,"Kentucky","Letcher County",3,26,214,118,96
050,21,133,"Kentucky","Letcher County",3,27,211,111,100
050,21,133,"Kentucky","Letcher County",3,28,231,117,114
050,21,133,"Kentucky","Letcher County",3,29,238,122,116
050,21,133,"Kentucky","Letcher County",3,30,273,140,133
050,21,133,"Kentucky","Letcher County",3,31,244,128,116
050,21,133,"Kentucky","Letcher County",3,32,236,119,117
050,21,133,"Kentucky","Letcher County",3,33,244,125,119
050,21,133,"Kentucky","Letcher County",3,34,227,117,110
050,21,133,"Kentucky","Letcher County",3,35,252,127,125
050,21,133,"Kentucky","Letcher County",3,36,254,123,131
050,21,133,"Kentucky","Letcher County",3,37,236,116,120
050,21,133,"Kentucky","Letcher County",3,38,249,125,124
050,21,133,"Kentucky","Letcher County",3,39,271,132,139
050,21,133,"Kentucky","Letcher County",3,40,269,132,137
050,21,133,"Kentucky","Letcher County",3,41,290,137,153
050,21,133,"Kentucky","Letcher County",3,42,261,124,137
050,21,133,"Kentucky","Letcher County",3,43,267,133,134
050,21,133,"Kentucky","Letcher County",3,44,272,142,130
050,21,133,"Kentucky","Letcher County",3,45,270,134,136
050,21,133,"Kentucky","Letcher County",3,46,242,123,119
050,21,133,"Kentucky","Letcher County",3,47,247,126,121
050,21,133,"Kentucky","Letcher County",3,48,248,113,135
050,21,133,"Kentucky","Letcher County",3,49,268,126,142
050,21,133,"Kentucky","Letcher County",3,50,286,142,144
050,21,133,"Kentucky","Letcher County",3,51,294,157,137
050,21,133,"Kentucky","Letcher County",3,52,289,155,134
050,21,133,"Kentucky","Letcher County",3,53,282,140,142
050,21,133,"Kentucky","Letcher County",3,54,276,129,147
050,21,133,"Kentucky","Letcher County",3,55,276,132,144
050,21,133,"Kentucky","Letcher County",3,56,307,145,162
050,21,133,"Kentucky","Letcher County",3,57,320,155,165
050,21,133,"Kentucky","Letcher County",3,58,339,160,179
050,21,133,"Kentucky","Letcher County",3,59,334,158,176
050,21,133,"Kentucky","Letcher County",3,60,325,152,173
050,21,133,"Kentucky","Letcher County",3,61,305,148,157
050,21,133,"Kentucky","Letcher County",3,62,311,137,174
050,21,133,"Kentucky","Letcher County",3,63,343,166,177
050,21,133,"Kentucky","Letcher County",3,64,335,157,178
050,21,133,"Kentucky","Letcher County",3,65,302,144,158
050,21,133,"Kentucky","Letcher County",3,66,297,147,150
050,21,133,"Kentucky","Letcher County",3,67,289,142,147
050,21,133,"Kentucky","Letcher County",3,68,303,136,167
050,21,133,"Kentucky","Letcher County",3,69,292,141,151
050,21,133,"Kentucky","Letcher County",3,70,298,142,156
050,21,133,"Kentucky","Letcher County",3,71,282,129,153
050,21,133,"Kentucky","Letcher County",3,72,254,114,140
050,21,133,"Kentucky","Letcher County",3,73,238,115,123
050,21,133,"Kentucky","Letcher County",3,74,247,126,121
050,21,133,"Kentucky","Letcher County",3,75,160,80,80
050,21,133,"Kentucky","Letcher County",3,76,155,80,75
050,21,133,"Kentucky","Letcher County",3,77,138,66,72
050,21,133,"Kentucky","Letcher County",3,78,158,75,83
050,21,133,"Kentucky","Letcher County",3,79,122,54,68
050,21,133,"Kentucky","Letcher County",3,80,112,51,61
050,21,133,"Kentucky","Letcher County",3,81,100,42,58
050,21,133,"Kentucky","Letcher County",3,82,101,41,60
050,21,133,"Kentucky","Letcher County",3,83,94,33,61
050,21,133,"Kentucky","Letcher County",3,84,72,28,44
050,21,133,"Kentucky","Letcher County",3,85,331,122,209
050,21,133,"Kentucky","Letcher County",4,0,178,86,92
050,21,133,"Kentucky","Letcher County",4,1,196,94,102
050,21,133,"Kentucky","Letcher County",4,2,233,130,103
050,21,133,"Kentucky","Letcher County",4,3,222,128,94
050,21,133,"Kentucky","Letcher County",4,4,246,128,118
050,21,133,"Kentucky","Letcher County",4,5,245,132,113
050,21,133,"Kentucky","Letcher County",4,6,246,125,121
050,21,133,"Kentucky","Letcher County",4,7,261,139,122
050,21,133,"Kentucky","Letcher County",4,8,268,137,131
050,21,133,"Kentucky","Letcher County",4,9,254,120,134
050,21,133,"Kentucky","Letcher County",4,10,266,136,130
050,21,133,"Kentucky","Letcher County",4,11,275,148,127
050,21,133,"Kentucky","Letcher County",4,12,271,139,132
050,21,133,"Kentucky","Letcher County",4,13,264,137,127
050,21,133,"Kentucky","Letcher County",4,14,259,138,121
050,21,133,"Kentucky","Letcher County",4,15,276,148,128
050,21,133,"Kentucky","Letcher County",4,16,293,153,140
050,21,133,"Kentucky","Letcher County",4,17,280,145,135
050,21,133,"Kentucky","Letcher County",4,18,240,128,112
050,21,133,"Kentucky","Letcher County",4,19,163,89,74
050,21,133,"Kentucky","Letcher County",4,20,162,85,77
050,21,133,"Kentucky","Letcher County",4,21,175,91,84
050,21,133,"Kentucky","Letcher County",4,22,215,105,110
050,21,133,"Kentucky","Letcher County",4,23,217,112,105
050,21,133,"Kentucky","Letcher County",4,24,227,111,116
050,21,133,"Kentucky","Letcher County",4,25,214,108,106
050,21,133,"Kentucky","Letcher County",4,26,197,103,94
050,21,133,"Kentucky","Letcher County",4,27,216,120,96
050,21,133,"Kentucky","Letcher County",4,28,213,111,102
050,21,133,"Kentucky","Letcher County",4,29,227,113,114
050,21,133,"Kentucky","Letcher County",4,30,242,125,117
050,21,133,"Kentucky","Letcher County",4,31,278,146,132
050,21,133,"Kentucky","Letcher County",4,32,232,116,116
050,21,133,"Kentucky","Letcher County",4,33,243,125,118
050,21,133,"Kentucky","Letcher County",4,34,236,115,121
050,21,133,"Kentucky","Letcher County",4,35,222,120,102
050,21,133,"Kentucky","Letcher County",4,36,247,128,119
050,21,133,"Kentucky","Letcher County",4,37,243,115,128
050,21,133,"Kentucky","Letcher County",4,38,223,108,115
050,21,133,"Kentucky","Letcher County",4,39,248,125,123
050,21,133,"Kentucky","Letcher County",4,40,259,126,133
050,21,133,"Kentucky","Letcher County",4,41,263,130,133
050,21,133,"Kentucky","Letcher County",4,42,282,132,150
050,21,133,"Kentucky","Letcher County",4,43,264,126,138
050,21,133,"Kentucky","Letcher County",4,44,268,132,136
050,21,133,"Kentucky","Letcher County",4,45,281,145,136
050,21,133,"Kentucky","Letcher County",4,46,256,122,134
050,21,133,"Kentucky","Letcher County",4,47,243,129,114
050,21,133,"Kentucky","Letcher County",4,48,241,122,119
050,21,133,"Kentucky","Letcher County",4,49,247,110,137
050,21,133,"Kentucky","Letcher County",4,50,263,123,140
050,21,133,"Kentucky","Letcher County",4,51,288,142,146
050,21,133,"Kentucky","Letcher County",4,52,287,153,134
050,21,133,"Kentucky","Letcher County",4,53,270,143,127
050,21,133,"Kentucky","Letcher County",4,54,279,138,141
050,21,133,"Kentucky","Letcher County",4,55,269,128,141
050,21,133,"Kentucky","Letcher County",4,56,272,131,141
050,21,133,"Kentucky","Letcher County",4,57,307,144,163
050,21,133,"Kentucky","Letcher County",4,58,305,147,158
050,21,133,"Kentucky","Letcher County",4,59,330,158,172
050,21,133,"Kentucky","Letcher County",4,60,328,154,174
050,21,133,"Kentucky","Letcher County",4,61,310,143,167
050,21,133,"Kentucky","Letcher County",4,62,292,135,157
050,21,133,"Kentucky","Letcher County",4,63,306,136,170
050,21,133,"Kentucky","Letcher County",4,64,322,157,165
050,21,133,"Kentucky","Letcher County",4,65,322,149,173
050,21,133,"Kentucky","Letcher County",4,66,297,139,158
050,21,133,"Kentucky","Letcher County",4,67,285,142,143
050,21,133,"Kentucky","Letcher County",4,68,276,133,143
050,21,133,"Kentucky","Letcher County",4,69,293,130,163
050,21,133,"Kentucky","Letcher County",4,70,284,131,153
050,21,133,"Kentucky","Letcher County",4,71,287,137,150
050,21,133,"Kentucky","Letcher County",4,72,266,122,144
050,21,133,"Kentucky","Letcher County",4,73,244,111,133
050,21,133,"Kentucky","Letcher County",4,74,227,109,118
050,21,133,"Kentucky","Letcher County",4,75,231,114,117
050,21,133,"Kentucky","Letcher County",4,76,146,78,68
050,21,133,"Kentucky","Letcher County",4,77,140,71,69
050,21,133,"Kentucky","Letcher County",4,78,132,59,73
050,21,133,"Kentucky","Letcher County",4,79,145,70,75
050,21,133,"Kentucky","Letcher County",4,80,117,53,64
050,21,133,"Kentucky","Letcher County",4,81,99,46,53
050,21,133,"Kentucky","Letcher County",4,82,91,35,56
050,21,133,"Kentucky","Letcher County",4,83,96,36,60
050,21,133,"Kentucky","Letcher County",4,84,70,23,47
050,21,133,"Kentucky","Letcher County",4,85,334,118,216
050,21,133,"Kentucky","Letcher County",5,0,176,86,90
050,21,133,"Kentucky","Letcher County",5,1,175,81,94
050,21,133,"Kentucky","Letcher County",5,2,201,95,106
050,21,133,"Kentucky","Letcher County",5,3,226,119,107
050,21,133,"Kentucky","Letcher County",5,4,221,126,95
050,21,133,"Kentucky","Letcher County",5,5,244,121,123
050,21,133,"Kentucky","Letcher County",5,6,248,131,117
050,21,133,"Kentucky","Letcher County",5,7,255,126,129
050,21,133,"Kentucky","Letcher County",5,8,259,138,121
050,21,133,"Kentucky","Letcher County",5,9,260,130,130
050,21,133,"Kentucky","Letcher County",5,10,254,124,130
050,21,133,"Kentucky","Letcher County",5,11,263,134,129
050,21,133,"Kentucky","Letcher County",5,12,265,138,127
050,21,133,"Kentucky","Letcher County",5,13,265,138,127
050,21,133,"Kentucky","Letcher County",5,14,265,139,126
050,21,133,"Kentucky","Letcher County",5,15,261,142,119
050,21,133,"Kentucky","Letcher County",5,16,279,149,130
050,21,133,"Kentucky","Letcher County",5,17,289,153,136
050,21,133,"Kentucky","Letcher County",5,18,225,123,102
050,21,133,"Kentucky","Letcher County",5,19,183,98,85
050,21,133,"Kentucky","Letcher County",5,20,169,87,82
050,21,133,"Kentucky","Letcher County",5,21,166,88,78
050,21,133,"Kentucky","Letcher County",5,22,192,96,96
050,21,133,"Kentucky","Letcher County",5,23,216,105,111
050,21,133,"Kentucky","Letcher County",5,24,208,110,98
050,21,133,"Kentucky","Letcher County",5,25,235,118,117
050,21,133,"Kentucky","Letcher County",5,26,207,100,107
050,21,133,"Kentucky","Letcher County",5,27,207,109,98
050,21,133,"Kentucky","Letcher County",5,28,209,116,93
050,21,133,"Kentucky","Letcher County",5,29,208,110,98
050,21,133,"Kentucky","Letcher County",5,30,227,113,114
050,21,133,"Kentucky","Letcher County",5,31,236,121,115
050,21,133,"Kentucky","Letcher County",5,32,277,148,129
050,21,133,"Kentucky","Letcher County",5,33,242,127,115
050,21,133,"Kentucky","Letcher County",5,34,239,120,119
050,21,133,"Kentucky","Letcher County",5,35,221,108,113
050,21,133,"Kentucky","Letcher County",5,36,225,125,100
050,21,133,"Kentucky","Letcher County",5,37,241,123,118
050,21,133,"Kentucky","Letcher County",5,38,235,112,123
050,21,133,"Kentucky","Letcher County",5,39,224,111,113
050,21,133,"Kentucky","Letcher County",5,40,235,116,119
050,21,133,"Kentucky","Letcher County",5,41,259,127,132
050,21,133,"Kentucky","Letcher County",5,42,251,124,127
050,21,133,"Kentucky","Letcher County",5,43,275,128,147
050,21,133,"Kentucky","Letcher County",5,44,266,127,139
050,21,133,"Kentucky","Letcher County",5,45,269,133,136
050,21,133,"Kentucky","Letcher County",5,46,270,136,134
050,21,133,"Kentucky","Letcher County",5,47,258,128,130
050,21,133,"Kentucky","Letcher County",5,48,240,126,114
050,21,133,"Kentucky","Letcher County",5,49,233,117,116
050,21,133,"Kentucky","Letcher County",5,50,238,105,133
050,21,133,"Kentucky","Letcher County",5,51,254,117,137
050,21,133,"Kentucky","Letcher County",5,52,285,140,145
050,21,133,"Kentucky","Letcher County",5,53,281,150,131
050,21,133,"Kentucky","Letcher County",5,54,269,138,131
050,21,133,"Kentucky","Letcher County",5,55,278,140,138
050,21,133,"Kentucky","Letcher County",5,56,264,125,139
050,21,133,"Kentucky","Letcher County",5,57,271,127,144
050,21,133,"Kentucky","Letcher County",5,58,295,137,158
050,21,133,"Kentucky","Letcher County",5,59,293,145,148
050,21,133,"Kentucky","Letcher County",5,60,325,155,170
050,21,133,"Kentucky","Letcher County",5,61,314,146,168
050,21,133,"Kentucky","Letcher County",5,62,300,133,167
050,21,133,"Kentucky","Letcher County",5,63,293,135,158
050,21,133,"Kentucky","Letcher County",5,64,288,125,163
050,21,133,"Kentucky","Letcher County",5,65,315,149,166
050,21,133,"Kentucky","Letcher County",5,66,317,145,172
050,21,133,"Kentucky","Letcher County",5,67,289,133,156
050,21,133,"Kentucky","Letcher County",5,68,271,132,139
050,21,133,"Kentucky","Letcher County",5,69,266,127,139
050,21,133,"Kentucky","Letcher County",5,70,281,123,158
050,21,133,"Kentucky","Letcher County",5,71,273,125,148
050,21,133,"Kentucky","Letcher County",5,72,279,135,144
050,21,133,"Kentucky","Letcher County",5,73,252,114,138
050,21,133,"Kentucky","Letcher County",5,74,229,106,123
050,21,133,"Kentucky","Letcher County",5,75,208,99,109
050,21,133,"Kentucky","Letcher County",5,76,209,107,102
050,21,133,"Kentucky","Letcher County",5,77,132,71,61
050,21,133,"Kentucky","Letcher County",5,78,137,65,72
050,21,133,"Kentucky","Letcher County",5,79,121,54,67
050,21,133,"Kentucky","Letcher County",5,80,138,68,70
050,21,133,"Kentucky","Letcher County",5,81,102,48,54
050,21,133,"Kentucky","Letcher County",5,82,87,38,49
050,21,133,"Kentucky","Letcher County",5,83,87,30,57
050,21,133,"Kentucky","Letcher County",5,84,77,29,48
050,21,133,"Kentucky","Letcher County",5,85,351,119,232
050,21,135,"Kentucky","Lewis County",1,0,164,85,79
050,21,135,"Kentucky","Lewis County",1,1,170,95,75
050,21,135,"Kentucky","Lewis County",1,2,153,80,73
050,21,135,"Kentucky","Lewis County",1,3,160,84,76
050,21,135,"Kentucky","Lewis County",1,4,127,64,63
050,21,135,"Kentucky","Lewis County",1,5,156,74,82
050,21,135,"Kentucky","Lewis County",1,6,150,78,72
050,21,135,"Kentucky","Lewis County",1,7,170,82,88
050,21,135,"Kentucky","Lewis County",1,8,156,79,77
050,21,135,"Kentucky","Lewis County",1,9,161,81,80
050,21,135,"Kentucky","Lewis County",1,10,156,86,70
050,21,135,"Kentucky","Lewis County",1,11,167,87,80
050,21,135,"Kentucky","Lewis County",1,12,163,88,75
050,21,135,"Kentucky","Lewis County",1,13,187,96,91
050,21,135,"Kentucky","Lewis County",1,14,184,92,92
050,21,135,"Kentucky","Lewis County",1,15,178,92,86
050,21,135,"Kentucky","Lewis County",1,16,177,89,88
050,21,135,"Kentucky","Lewis County",1,17,167,78,89
050,21,135,"Kentucky","Lewis County",1,18,148,77,71
050,21,135,"Kentucky","Lewis County",1,19,123,69,54
050,21,135,"Kentucky","Lewis County",1,20,115,61,54
050,21,135,"Kentucky","Lewis County",1,21,132,71,61
050,21,135,"Kentucky","Lewis County",1,22,138,62,76
050,21,135,"Kentucky","Lewis County",1,23,134,74,60
050,21,135,"Kentucky","Lewis County",1,24,150,73,77
050,21,135,"Kentucky","Lewis County",1,25,162,87,75
050,21,135,"Kentucky","Lewis County",1,26,154,88,66
050,21,135,"Kentucky","Lewis County",1,27,153,77,76
050,21,135,"Kentucky","Lewis County",1,28,166,88,78
050,21,135,"Kentucky","Lewis County",1,29,169,91,78
050,21,135,"Kentucky","Lewis County",1,30,151,76,75
050,21,135,"Kentucky","Lewis County",1,31,149,80,69
050,21,135,"Kentucky","Lewis County",1,32,119,63,56
050,21,135,"Kentucky","Lewis County",1,33,139,66,73
050,21,135,"Kentucky","Lewis County",1,34,141,73,68
050,21,135,"Kentucky","Lewis County",1,35,138,71,67
050,21,135,"Kentucky","Lewis County",1,36,135,63,72
050,21,135,"Kentucky","Lewis County",1,37,135,57,78
050,21,135,"Kentucky","Lewis County",1,38,142,59,83
050,21,135,"Kentucky","Lewis County",1,39,162,74,88
050,21,135,"Kentucky","Lewis County",1,40,169,86,83
050,21,135,"Kentucky","Lewis County",1,41,154,76,78
050,21,135,"Kentucky","Lewis County",1,42,147,67,80
050,21,135,"Kentucky","Lewis County",1,43,169,84,85
050,21,135,"Kentucky","Lewis County",1,44,168,88,80
050,21,135,"Kentucky","Lewis County",1,45,171,92,79
050,21,135,"Kentucky","Lewis County",1,46,174,95,79
050,21,135,"Kentucky","Lewis County",1,47,171,96,75
050,21,135,"Kentucky","Lewis County",1,48,168,92,76
050,21,135,"Kentucky","Lewis County",1,49,175,92,83
050,21,135,"Kentucky","Lewis County",1,50,179,89,90
050,21,135,"Kentucky","Lewis County",1,51,164,84,80
050,21,135,"Kentucky","Lewis County",1,52,163,81,82
050,21,135,"Kentucky","Lewis County",1,53,177,96,81
050,21,135,"Kentucky","Lewis County",1,54,186,101,85
050,21,135,"Kentucky","Lewis County",1,55,186,89,97
050,21,135,"Kentucky","Lewis County",1,56,192,90,102
050,21,135,"Kentucky","Lewis County",1,57,209,92,117
050,21,135,"Kentucky","Lewis County",1,58,228,99,129
050,21,135,"Kentucky","Lewis County",1,59,207,98,109
050,21,135,"Kentucky","Lewis County",1,60,177,91,86
050,21,135,"Kentucky","Lewis County",1,61,198,96,102
050,21,135,"Kentucky","Lewis County",1,62,200,99,101
050,21,135,"Kentucky","Lewis County",1,63,198,106,92
050,21,135,"Kentucky","Lewis County",1,64,195,100,95
050,21,135,"Kentucky","Lewis County",1,65,184,90,94
050,21,135,"Kentucky","Lewis County",1,66,165,82,83
050,21,135,"Kentucky","Lewis County",1,67,177,86,91
050,21,135,"Kentucky","Lewis County",1,68,159,68,91
050,21,135,"Kentucky","Lewis County",1,69,141,60,81
050,21,135,"Kentucky","Lewis County",1,70,153,78,75
050,21,135,"Kentucky","Lewis County",1,71,142,74,68
050,21,135,"Kentucky","Lewis County",1,72,129,66,63
050,21,135,"Kentucky","Lewis County",1,73,138,70,68
050,21,135,"Kentucky","Lewis County",1,74,102,48,54
050,21,135,"Kentucky","Lewis County",1,75,94,47,47
050,21,135,"Kentucky","Lewis County",1,76,90,50,40
050,21,135,"Kentucky","Lewis County",1,77,96,55,41
050,21,135,"Kentucky","Lewis County",1,78,92,37,55
050,21,135,"Kentucky","Lewis County",1,79,74,33,41
050,21,135,"Kentucky","Lewis County",1,80,67,31,36
050,21,135,"Kentucky","Lewis County",1,81,63,29,34
050,21,135,"Kentucky","Lewis County",1,82,53,28,25
050,21,135,"Kentucky","Lewis County",1,83,56,26,30
050,21,135,"Kentucky","Lewis County",1,84,45,21,24
050,21,135,"Kentucky","Lewis County",1,85,237,97,140
050,21,135,"Kentucky","Lewis County",2,0,166,85,81
050,21,135,"Kentucky","Lewis County",2,1,166,90,76
050,21,135,"Kentucky","Lewis County",2,2,158,85,73
050,21,135,"Kentucky","Lewis County",2,3,156,82,74
050,21,135,"Kentucky","Lewis County",2,4,135,69,66
050,21,135,"Kentucky","Lewis County",2,5,149,71,78
050,21,135,"Kentucky","Lewis County",2,6,153,77,76
050,21,135,"Kentucky","Lewis County",2,7,166,82,84
050,21,135,"Kentucky","Lewis County",2,8,159,80,79
050,21,135,"Kentucky","Lewis County",2,9,160,80,80
050,21,135,"Kentucky","Lewis County",2,10,156,84,72
050,21,135,"Kentucky","Lewis County",2,11,164,86,78
050,21,135,"Kentucky","Lewis County",2,12,165,88,77
050,21,135,"Kentucky","Lewis County",2,13,182,94,88
050,21,135,"Kentucky","Lewis County",2,14,187,94,93
050,21,135,"Kentucky","Lewis County",2,15,179,93,86
050,21,135,"Kentucky","Lewis County",2,16,176,90,86
050,21,135,"Kentucky","Lewis County",2,17,171,81,90
050,21,135,"Kentucky","Lewis County",2,18,145,75,70
050,21,135,"Kentucky","Lewis County",2,19,120,66,54
050,21,135,"Kentucky","Lewis County",2,20,120,64,56
050,21,135,"Kentucky","Lewis County",2,21,129,69,60
050,21,135,"Kentucky","Lewis County",2,22,137,64,73
050,21,135,"Kentucky","Lewis County",2,23,137,72,65
050,21,135,"Kentucky","Lewis County",2,24,145,72,73
050,21,135,"Kentucky","Lewis County",2,25,158,84,74
050,21,135,"Kentucky","Lewis County",2,26,157,89,68
050,21,135,"Kentucky","Lewis County",2,27,151,78,73
050,21,135,"Kentucky","Lewis County",2,28,164,87,77
050,21,135,"Kentucky","Lewis County",2,29,167,89,78
050,21,135,"Kentucky","Lewis County",2,30,155,79,76
050,21,135,"Kentucky","Lewis County",2,31,148,78,70
050,21,135,"Kentucky","Lewis County",2,32,127,67,60
050,21,135,"Kentucky","Lewis County",2,33,135,66,69
050,21,135,"Kentucky","Lewis County",2,34,141,71,70
050,21,135,"Kentucky","Lewis County",2,35,140,72,68
050,21,135,"Kentucky","Lewis County",2,36,135,65,70
050,21,135,"Kentucky","Lewis County",2,37,135,59,76
050,21,135,"Kentucky","Lewis County",2,38,141,58,83
050,21,135,"Kentucky","Lewis County",2,39,156,71,85
050,21,135,"Kentucky","Lewis County",2,40,167,83,84
050,21,135,"Kentucky","Lewis County",2,41,157,77,80
050,21,135,"Kentucky","Lewis County",2,42,146,68,78
050,21,135,"Kentucky","Lewis County",2,43,166,81,85
050,21,135,"Kentucky","Lewis County",2,44,167,87,80
050,21,135,"Kentucky","Lewis County",2,45,173,93,80
050,21,135,"Kentucky","Lewis County",2,46,173,94,79
050,21,135,"Kentucky","Lewis County",2,47,169,94,75
050,21,135,"Kentucky","Lewis County",2,48,168,93,75
050,21,135,"Kentucky","Lewis County",2,49,174,92,82
050,21,135,"Kentucky","Lewis County",2,50,177,89,88
050,21,135,"Kentucky","Lewis County",2,51,168,85,83
050,21,135,"Kentucky","Lewis County",2,52,164,82,82
050,21,135,"Kentucky","Lewis County",2,53,176,94,82
050,21,135,"Kentucky","Lewis County",2,54,184,100,84
050,21,135,"Kentucky","Lewis County",2,55,185,90,95
050,21,135,"Kentucky","Lewis County",2,56,189,90,99
050,21,135,"Kentucky","Lewis County",2,57,205,91,114
050,21,135,"Kentucky","Lewis County",2,58,225,99,126
050,21,135,"Kentucky","Lewis County",2,59,210,98,112
050,21,135,"Kentucky","Lewis County",2,60,185,93,92
050,21,135,"Kentucky","Lewis County",2,61,193,95,98
050,21,135,"Kentucky","Lewis County",2,62,197,98,99
050,21,135,"Kentucky","Lewis County",2,63,201,106,95
050,21,135,"Kentucky","Lewis County",2,64,194,100,94
050,21,135,"Kentucky","Lewis County",2,65,186,92,94
050,21,135,"Kentucky","Lewis County",2,66,169,84,85
050,21,135,"Kentucky","Lewis County",2,67,176,86,90
050,21,135,"Kentucky","Lewis County",2,68,160,71,89
050,21,135,"Kentucky","Lewis County",2,69,146,61,85
050,21,135,"Kentucky","Lewis County",2,70,150,74,76
050,21,135,"Kentucky","Lewis County",2,71,143,74,69
050,21,135,"Kentucky","Lewis County",2,72,129,66,63
050,21,135,"Kentucky","Lewis County",2,73,144,73,71
050,21,135,"Kentucky","Lewis County",2,74,102,48,54
050,21,135,"Kentucky","Lewis County",2,75,97,48,49
050,21,135,"Kentucky","Lewis County",2,76,88,47,41
050,21,135,"Kentucky","Lewis County",2,77,93,54,39
050,21,135,"Kentucky","Lewis County",2,78,92,41,51
050,21,135,"Kentucky","Lewis County",2,79,76,33,43
050,21,135,"Kentucky","Lewis County",2,80,67,31,36
050,21,135,"Kentucky","Lewis County",2,81,64,29,35
050,21,135,"Kentucky","Lewis County",2,82,55,28,27
050,21,135,"Kentucky","Lewis County",2,83,56,27,29
050,21,135,"Kentucky","Lewis County",2,84,46,21,25
050,21,135,"Kentucky","Lewis County",2,85,244,101,143
050,21,135,"Kentucky","Lewis County",3,0,169,85,84
050,21,135,"Kentucky","Lewis County",3,1,158,77,81
050,21,135,"Kentucky","Lewis County",3,2,163,94,69
050,21,135,"Kentucky","Lewis County",3,3,155,80,75
050,21,135,"Kentucky","Lewis County",3,4,153,80,73
050,21,135,"Kentucky","Lewis County",3,5,136,70,66
050,21,135,"Kentucky","Lewis County",3,6,149,73,76
050,21,135,"Kentucky","Lewis County",3,7,157,78,79
050,21,135,"Kentucky","Lewis County",3,8,181,94,87
050,21,135,"Kentucky","Lewis County",3,9,150,77,73
050,21,135,"Kentucky","Lewis County",3,10,171,83,88
050,21,135,"Kentucky","Lewis County",3,11,153,83,70
050,21,135,"Kentucky","Lewis County",3,12,167,89,78
050,21,135,"Kentucky","Lewis County",3,13,166,87,79
050,21,135,"Kentucky","Lewis County",3,14,182,94,88
050,21,135,"Kentucky","Lewis County",3,15,190,97,93
050,21,135,"Kentucky","Lewis County",3,16,181,95,86
050,21,135,"Kentucky","Lewis County",3,17,185,91,94
050,21,135,"Kentucky","Lewis County",3,18,147,72,75
050,21,135,"Kentucky","Lewis County",3,19,112,57,55
050,21,135,"Kentucky","Lewis County",3,20,127,68,59
050,21,135,"Kentucky","Lewis County",3,21,131,71,60
050,21,135,"Kentucky","Lewis County",3,22,130,67,63
050,21,135,"Kentucky","Lewis County",3,23,154,71,83
050,21,135,"Kentucky","Lewis County",3,24,123,66,57
050,21,135,"Kentucky","Lewis County",3,25,143,72,71
050,21,135,"Kentucky","Lewis County",3,26,162,88,74
050,21,135,"Kentucky","Lewis County",3,27,146,78,68
050,21,135,"Kentucky","Lewis County",3,28,153,77,76
050,21,135,"Kentucky","Lewis County",3,29,168,92,76
050,21,135,"Kentucky","Lewis County",3,30,163,82,81
050,21,135,"Kentucky","Lewis County",3,31,140,73,67
050,21,135,"Kentucky","Lewis County",3,32,149,81,68
050,21,135,"Kentucky","Lewis County",3,33,123,68,55
050,21,135,"Kentucky","Lewis County",3,34,132,67,65
050,21,135,"Kentucky","Lewis County",3,35,139,68,71
050,21,135,"Kentucky","Lewis County",3,36,135,70,65
050,21,135,"Kentucky","Lewis County",3,37,137,66,71
050,21,135,"Kentucky","Lewis County",3,38,135,52,83
050,21,135,"Kentucky","Lewis County",3,39,138,58,80
050,21,135,"Kentucky","Lewis County",3,40,158,74,84
050,21,135,"Kentucky","Lewis County",3,41,166,82,84
050,21,135,"Kentucky","Lewis County",3,42,154,79,75
050,21,135,"Kentucky","Lewis County",3,43,144,70,74
050,21,135,"Kentucky","Lewis County",3,44,162,79,83
050,21,135,"Kentucky","Lewis County",3,45,170,91,79
050,21,135,"Kentucky","Lewis County",3,46,174,93,81
050,21,135,"Kentucky","Lewis County",3,47,172,91,81
050,21,135,"Kentucky","Lewis County",3,48,164,92,72
050,21,135,"Kentucky","Lewis County",3,49,162,89,73
050,21,135,"Kentucky","Lewis County",3,50,171,91,80
050,21,135,"Kentucky","Lewis County",3,51,177,88,89
050,21,135,"Kentucky","Lewis County",3,52,167,83,84
050,21,135,"Kentucky","Lewis County",3,53,166,82,84
050,21,135,"Kentucky","Lewis County",3,54,173,96,77
050,21,135,"Kentucky","Lewis County",3,55,180,96,84
050,21,135,"Kentucky","Lewis County",3,56,187,88,99
050,21,135,"Kentucky","Lewis County",3,57,190,94,96
050,21,135,"Kentucky","Lewis County",3,58,210,96,114
050,21,135,"Kentucky","Lewis County",3,59,216,91,125
050,21,135,"Kentucky","Lewis County",3,60,206,94,112
050,21,135,"Kentucky","Lewis County",3,61,189,94,95
050,21,135,"Kentucky","Lewis County",3,62,178,87,91
050,21,135,"Kentucky","Lewis County",3,63,189,94,95
050,21,135,"Kentucky","Lewis County",3,64,200,105,95
050,21,135,"Kentucky","Lewis County",3,65,195,103,92
050,21,135,"Kentucky","Lewis County",3,66,180,88,92
050,21,135,"Kentucky","Lewis County",3,67,173,89,84
050,21,135,"Kentucky","Lewis County",3,68,168,78,90
050,21,135,"Kentucky","Lewis County",3,69,159,69,90
050,21,135,"Kentucky","Lewis County",3,70,144,62,82
050,21,135,"Kentucky","Lewis County",3,71,143,70,73
050,21,135,"Kentucky","Lewis County",3,72,138,69,69
050,21,135,"Kentucky","Lewis County",3,73,123,64,59
050,21,135,"Kentucky","Lewis County",3,74,132,64,68
050,21,135,"Kentucky","Lewis County",3,75,97,42,55
050,21,135,"Kentucky","Lewis County",3,76,88,42,46
050,21,135,"Kentucky","Lewis County",3,77,78,42,36
050,21,135,"Kentucky","Lewis County",3,78,87,51,36
050,21,135,"Kentucky","Lewis County",3,79,82,37,45
050,21,135,"Kentucky","Lewis County",3,80,70,30,40
050,21,135,"Kentucky","Lewis County",3,81,62,28,34
050,21,135,"Kentucky","Lewis County",3,82,48,22,26
050,21,135,"Kentucky","Lewis County",3,83,52,26,26
050,21,135,"Kentucky","Lewis County",3,84,49,24,25
050,21,135,"Kentucky","Lewis County",3,85,245,102,143
050,21,135,"Kentucky","Lewis County",4,0,166,75,91
050,21,135,"Kentucky","Lewis County",4,1,166,80,86
050,21,135,"Kentucky","Lewis County",4,2,163,83,80
050,21,135,"Kentucky","Lewis County",4,3,162,87,75
050,21,135,"Kentucky","Lewis County",4,4,158,85,73
050,21,135,"Kentucky","Lewis County",4,5,155,80,75
050,21,135,"Kentucky","Lewis County",4,6,144,76,68
050,21,135,"Kentucky","Lewis County",4,7,155,74,81
050,21,135,"Kentucky","Lewis County",4,8,160,81,79
050,21,135,"Kentucky","Lewis County",4,9,179,94,85
050,21,135,"Kentucky","Lewis County",4,10,147,73,74
050,21,135,"Kentucky","Lewis County",4,11,175,87,88
050,21,135,"Kentucky","Lewis County",4,12,150,81,69
050,21,135,"Kentucky","Lewis County",4,13,165,87,78
050,21,135,"Kentucky","Lewis County",4,14,160,83,77
050,21,135,"Kentucky","Lewis County",4,15,182,95,87
050,21,135,"Kentucky","Lewis County",4,16,185,95,90
050,21,135,"Kentucky","Lewis County",4,17,176,95,81
050,21,135,"Kentucky","Lewis County",4,18,150,78,72
050,21,135,"Kentucky","Lewis County",4,19,111,54,57
050,21,135,"Kentucky","Lewis County",4,20,121,61,60
050,21,135,"Kentucky","Lewis County",4,21,134,75,59
050,21,135,"Kentucky","Lewis County",4,22,135,72,63
050,21,135,"Kentucky","Lewis County",4,23,137,75,62
050,21,135,"Kentucky","Lewis County",4,24,156,69,87
050,21,135,"Kentucky","Lewis County",4,25,139,75,64
050,21,135,"Kentucky","Lewis County",4,26,153,82,71
050,21,135,"Kentucky","Lewis County",4,27,160,84,76
050,21,135,"Kentucky","Lewis County",4,28,145,74,71
050,21,135,"Kentucky","Lewis County",4,29,154,75,79
050,21,135,"Kentucky","Lewis County",4,30,172,87,85
050,21,135,"Kentucky","Lewis County",4,31,173,90,83
050,21,135,"Kentucky","Lewis County",4,32,139,72,67
050,21,135,"Kentucky","Lewis County",4,33,144,75,69
050,21,135,"Kentucky","Lewis County",4,34,123,66,57
050,21,135,"Kentucky","Lewis County",4,35,127,66,61
050,21,135,"Kentucky","Lewis County",4,36,137,72,65
050,21,135,"Kentucky","Lewis County",4,37,135,72,63
050,21,135,"Kentucky","Lewis County",4,38,137,61,76
050,21,135,"Kentucky","Lewis County",4,39,133,52,81
050,21,135,"Kentucky","Lewis County",4,40,136,59,77
050,21,135,"Kentucky","Lewis County",4,41,154,69,85
050,21,135,"Kentucky","Lewis County",4,42,157,81,76
050,21,135,"Kentucky","Lewis County",4,43,155,81,74
050,21,135,"Kentucky","Lewis County",4,44,147,73,74
050,21,135,"Kentucky","Lewis County",4,45,160,77,83
050,21,135,"Kentucky","Lewis County",4,46,171,91,80
050,21,135,"Kentucky","Lewis County",4,47,173,90,83
050,21,135,"Kentucky","Lewis County",4,48,170,92,78
050,21,135,"Kentucky","Lewis County",4,49,167,91,76
050,21,135,"Kentucky","Lewis County",4,50,163,87,76
050,21,135,"Kentucky","Lewis County",4,51,173,90,83
050,21,135,"Kentucky","Lewis County",4,52,173,88,85
050,21,135,"Kentucky","Lewis County",4,53,170,86,84
050,21,135,"Kentucky","Lewis County",4,54,165,84,81
050,21,135,"Kentucky","Lewis County",4,55,166,86,80
050,21,135,"Kentucky","Lewis County",4,56,181,94,87
050,21,135,"Kentucky","Lewis County",4,57,185,89,96
050,21,135,"Kentucky","Lewis County",4,58,190,96,94
050,21,135,"Kentucky","Lewis County",4,59,203,90,113
050,21,135,"Kentucky","Lewis County",4,60,218,92,126
050,21,135,"Kentucky","Lewis County",4,61,205,92,113
050,21,135,"Kentucky","Lewis County",4,62,181,92,89
050,21,135,"Kentucky","Lewis County",4,63,177,86,91
050,21,135,"Kentucky","Lewis County",4,64,189,92,97
050,21,135,"Kentucky","Lewis County",4,65,202,106,96
050,21,135,"Kentucky","Lewis County",4,66,190,100,90
050,21,135,"Kentucky","Lewis County",4,67,181,93,88
050,21,135,"Kentucky","Lewis County",4,68,168,82,86
050,21,135,"Kentucky","Lewis County",4,69,160,71,89
050,21,135,"Kentucky","Lewis County",4,70,152,67,85
050,21,135,"Kentucky","Lewis County",4,71,127,53,74
050,21,135,"Kentucky","Lewis County",4,72,136,64,72
050,21,135,"Kentucky","Lewis County",4,73,125,64,61
050,21,135,"Kentucky","Lewis County",4,74,114,56,58
050,21,135,"Kentucky","Lewis County",4,75,135,64,71
050,21,135,"Kentucky","Lewis County",4,76,92,40,52
050,21,135,"Kentucky","Lewis County",4,77,79,39,40
050,21,135,"Kentucky","Lewis County",4,78,77,41,36
050,21,135,"Kentucky","Lewis County",4,79,79,47,32
050,21,135,"Kentucky","Lewis County",4,80,73,32,41
050,21,135,"Kentucky","Lewis County",4,81,65,28,37
050,21,135,"Kentucky","Lewis County",4,82,56,27,29
050,21,135,"Kentucky","Lewis County",4,83,42,22,20
050,21,135,"Kentucky","Lewis County",4,84,44,24,20
050,21,135,"Kentucky","Lewis County",4,85,248,107,141
050,21,135,"Kentucky","Lewis County",5,0,159,73,86
050,21,135,"Kentucky","Lewis County",5,1,166,69,97
050,21,135,"Kentucky","Lewis County",5,2,169,80,89
050,21,135,"Kentucky","Lewis County",5,3,168,80,88
050,21,135,"Kentucky","Lewis County",5,4,163,86,77
050,21,135,"Kentucky","Lewis County",5,5,161,84,77
050,21,135,"Kentucky","Lewis County",5,6,155,82,73
050,21,135,"Kentucky","Lewis County",5,7,145,80,65
050,21,135,"Kentucky","Lewis County",5,8,151,70,81
050,21,135,"Kentucky","Lewis County",5,9,161,81,80
050,21,135,"Kentucky","Lewis County",5,10,175,96,79
050,21,135,"Kentucky","Lewis County",5,11,155,81,74
050,21,135,"Kentucky","Lewis County",5,12,191,98,93
050,21,135,"Kentucky","Lewis County",5,13,152,83,69
050,21,135,"Kentucky","Lewis County",5,14,175,95,80
050,21,135,"Kentucky","Lewis County",5,15,161,86,75
050,21,135,"Kentucky","Lewis County",5,16,187,97,90
050,21,135,"Kentucky","Lewis County",5,17,182,94,88
050,21,135,"Kentucky","Lewis County",5,18,144,80,64
050,21,135,"Kentucky","Lewis County",5,19,115,58,57
050,21,135,"Kentucky","Lewis County",5,20,120,58,62
050,21,135,"Kentucky","Lewis County",5,21,131,65,66
050,21,135,"Kentucky","Lewis County",5,22,139,78,61
050,21,135,"Kentucky","Lewis County",5,23,148,83,65
050,21,135,"Kentucky","Lewis County",5,24,135,71,64
050,21,135,"Kentucky","Lewis County",5,25,158,72,86
050,21,135,"Kentucky","Lewis County",5,26,136,80,56
050,21,135,"Kentucky","Lewis County",5,27,150,74,76
050,21,135,"Kentucky","Lewis County",5,28,169,89,80
050,21,135,"Kentucky","Lewis County",5,29,146,82,64
050,21,135,"Kentucky","Lewis County",5,30,154,77,77
050,21,135,"Kentucky","Lewis County",5,31,170,84,86
050,21,135,"Kentucky","Lewis County",5,32,173,89,84
050,21,135,"Kentucky","Lewis County",5,33,140,75,65
050,21,135,"Kentucky","Lewis County",5,34,142,74,68
050,21,135,"Kentucky","Lewis County",5,35,125,65,60
050,21,135,"Kentucky","Lewis County",5,36,127,66,61
050,21,135,"Kentucky","Lewis County",5,37,137,70,67
050,21,135,"Kentucky","Lewis County",5,38,139,69,70
050,21,135,"Kentucky","Lewis County",5,39,136,62,74
050,21,135,"Kentucky","Lewis County",5,40,132,49,83
050,21,135,"Kentucky","Lewis County",5,41,143,57,86
050,21,135,"Kentucky","Lewis County",5,42,156,74,82
050,21,135,"Kentucky","Lewis County",5,43,161,82,79
050,21,135,"Kentucky","Lewis County",5,44,160,81,79
050,21,135,"Kentucky","Lewis County",5,45,147,74,73
050,21,135,"Kentucky","Lewis County",5,46,156,75,81
050,21,135,"Kentucky","Lewis County",5,47,171,89,82
050,21,135,"Kentucky","Lewis County",5,48,169,87,82
050,21,135,"Kentucky","Lewis County",5,49,169,92,77
050,21,135,"Kentucky","Lewis County",5,50,163,91,72
050,21,135,"Kentucky","Lewis County",5,51,160,83,77
050,21,135,"Kentucky","Lewis County",5,52,174,98,76
050,21,135,"Kentucky","Lewis County",5,53,177,89,88
050,21,135,"Kentucky","Lewis County",5,54,172,83,89
050,21,135,"Kentucky","Lewis County",5,55,161,82,79
050,21,135,"Kentucky","Lewis County",5,56,178,94,84
050,21,135,"Kentucky","Lewis County",5,57,183,97,86
050,21,135,"Kentucky","Lewis County",5,58,180,90,90
050,21,135,"Kentucky","Lewis County",5,59,180,86,94
050,21,135,"Kentucky","Lewis County",5,60,199,85,114
050,21,135,"Kentucky","Lewis County",5,61,220,92,128
050,21,135,"Kentucky","Lewis County",5,62,195,91,104
050,21,135,"Kentucky","Lewis County",5,63,178,90,88
050,21,135,"Kentucky","Lewis County",5,64,180,87,93
050,21,135,"Kentucky","Lewis County",5,65,191,94,97
050,21,135,"Kentucky","Lewis County",5,66,200,103,97
050,21,135,"Kentucky","Lewis County",5,67,191,103,88
050,21,135,"Kentucky","Lewis County",5,68,172,85,87
050,21,135,"Kentucky","Lewis County",5,69,161,76,85
050,21,135,"Kentucky","Lewis County",5,70,157,71,86
050,21,135,"Kentucky","Lewis County",5,71,144,61,83
050,21,135,"Kentucky","Lewis County",5,72,126,49,77
050,21,135,"Kentucky","Lewis County",5,73,129,63,66
050,21,135,"Kentucky","Lewis County",5,74,118,59,59
050,21,135,"Kentucky","Lewis County",5,75,113,55,58
050,21,135,"Kentucky","Lewis County",5,76,129,62,67
050,21,135,"Kentucky","Lewis County",5,77,82,35,47
050,21,135,"Kentucky","Lewis County",5,78,77,36,41
050,21,135,"Kentucky","Lewis County",5,79,69,37,32
050,21,135,"Kentucky","Lewis County",5,80,70,40,30
050,21,135,"Kentucky","Lewis County",5,81,68,29,39
050,21,135,"Kentucky","Lewis County",5,82,59,27,32
050,21,135,"Kentucky","Lewis County",5,83,56,30,26
050,21,135,"Kentucky","Lewis County",5,84,34,20,14
050,21,135,"Kentucky","Lewis County",5,85,253,117,136
050,21,137,"Kentucky","Lincoln County",1,0,313,159,154
050,21,137,"Kentucky","Lincoln County",1,1,309,162,147
050,21,137,"Kentucky","Lincoln County",1,2,336,165,171
050,21,137,"Kentucky","Lincoln County",1,3,345,167,178
050,21,137,"Kentucky","Lincoln County",1,4,320,187,133
050,21,137,"Kentucky","Lincoln County",1,5,312,163,149
050,21,137,"Kentucky","Lincoln County",1,6,312,157,155
050,21,137,"Kentucky","Lincoln County",1,7,310,170,140
050,21,137,"Kentucky","Lincoln County",1,8,317,163,154
050,21,137,"Kentucky","Lincoln County",1,9,319,151,168
050,21,137,"Kentucky","Lincoln County",1,10,323,165,158
050,21,137,"Kentucky","Lincoln County",1,11,334,174,160
050,21,137,"Kentucky","Lincoln County",1,12,325,180,145
050,21,137,"Kentucky","Lincoln County",1,13,344,189,155
050,21,137,"Kentucky","Lincoln County",1,14,348,177,171
050,21,137,"Kentucky","Lincoln County",1,15,342,168,174
050,21,137,"Kentucky","Lincoln County",1,16,320,156,164
050,21,137,"Kentucky","Lincoln County",1,17,319,165,154
050,21,137,"Kentucky","Lincoln County",1,18,288,153,135
050,21,137,"Kentucky","Lincoln County",1,19,225,120,105
050,21,137,"Kentucky","Lincoln County",1,20,232,112,120
050,21,137,"Kentucky","Lincoln County",1,21,251,133,118
050,21,137,"Kentucky","Lincoln County",1,22,260,132,128
050,21,137,"Kentucky","Lincoln County",1,23,245,115,130
050,21,137,"Kentucky","Lincoln County",1,24,265,138,127
050,21,137,"Kentucky","Lincoln County",1,25,281,140,141
050,21,137,"Kentucky","Lincoln County",1,26,274,139,135
050,21,137,"Kentucky","Lincoln County",1,27,291,141,150
050,21,137,"Kentucky","Lincoln County",1,28,301,143,158
050,21,137,"Kentucky","Lincoln County",1,29,301,151,150
050,21,137,"Kentucky","Lincoln County",1,30,313,171,142
050,21,137,"Kentucky","Lincoln County",1,31,275,143,132
050,21,137,"Kentucky","Lincoln County",1,32,253,122,131
050,21,137,"Kentucky","Lincoln County",1,33,261,134,127
050,21,137,"Kentucky","Lincoln County",1,34,266,137,129
050,21,137,"Kentucky","Lincoln County",1,35,267,135,132
050,21,137,"Kentucky","Lincoln County",1,36,265,131,134
050,21,137,"Kentucky","Lincoln County",1,37,253,119,134
050,21,137,"Kentucky","Lincoln County",1,38,249,118,131
050,21,137,"Kentucky","Lincoln County",1,39,285,132,153
050,21,137,"Kentucky","Lincoln County",1,40,273,117,156
050,21,137,"Kentucky","Lincoln County",1,41,301,139,162
050,21,137,"Kentucky","Lincoln County",1,42,303,157,146
050,21,137,"Kentucky","Lincoln County",1,43,281,135,146
050,21,137,"Kentucky","Lincoln County",1,44,260,133,127
050,21,137,"Kentucky","Lincoln County",1,45,266,137,129
050,21,137,"Kentucky","Lincoln County",1,46,297,137,160
050,21,137,"Kentucky","Lincoln County",1,47,315,156,159
050,21,137,"Kentucky","Lincoln County",1,48,332,169,163
050,21,137,"Kentucky","Lincoln County",1,49,376,185,191
050,21,137,"Kentucky","Lincoln County",1,50,326,145,181
050,21,137,"Kentucky","Lincoln County",1,51,336,156,180
050,21,137,"Kentucky","Lincoln County",1,52,345,165,180
050,21,137,"Kentucky","Lincoln County",1,53,331,177,154
050,21,137,"Kentucky","Lincoln County",1,54,354,180,174
050,21,137,"Kentucky","Lincoln County",1,55,381,196,185
050,21,137,"Kentucky","Lincoln County",1,56,362,188,174
050,21,137,"Kentucky","Lincoln County",1,57,356,179,177
050,21,137,"Kentucky","Lincoln County",1,58,348,184,164
050,21,137,"Kentucky","Lincoln County",1,59,343,174,169
050,21,137,"Kentucky","Lincoln County",1,60,313,151,162
050,21,137,"Kentucky","Lincoln County",1,61,311,155,156
050,21,137,"Kentucky","Lincoln County",1,62,342,185,157
050,21,137,"Kentucky","Lincoln County",1,63,315,153,162
050,21,137,"Kentucky","Lincoln County",1,64,300,131,169
050,21,137,"Kentucky","Lincoln County",1,65,313,158,155
050,21,137,"Kentucky","Lincoln County",1,66,296,136,160
050,21,137,"Kentucky","Lincoln County",1,67,288,130,158
050,21,137,"Kentucky","Lincoln County",1,68,290,151,139
050,21,137,"Kentucky","Lincoln County",1,69,276,131,145
050,21,137,"Kentucky","Lincoln County",1,70,270,129,141
050,21,137,"Kentucky","Lincoln County",1,71,266,124,142
050,21,137,"Kentucky","Lincoln County",1,72,233,102,131
050,21,137,"Kentucky","Lincoln County",1,73,229,98,131
050,21,137,"Kentucky","Lincoln County",1,74,189,82,107
050,21,137,"Kentucky","Lincoln County",1,75,186,90,96
050,21,137,"Kentucky","Lincoln County",1,76,190,84,106
050,21,137,"Kentucky","Lincoln County",1,77,188,85,103
050,21,137,"Kentucky","Lincoln County",1,78,134,64,70
050,21,137,"Kentucky","Lincoln County",1,79,125,65,60
050,21,137,"Kentucky","Lincoln County",1,80,134,46,88
050,21,137,"Kentucky","Lincoln County",1,81,125,56,69
050,21,137,"Kentucky","Lincoln County",1,82,118,59,59
050,21,137,"Kentucky","Lincoln County",1,83,94,36,58
050,21,137,"Kentucky","Lincoln County",1,84,78,29,49
050,21,137,"Kentucky","Lincoln County",1,85,443,173,270
050,21,137,"Kentucky","Lincoln County",2,0,302,152,150
050,21,137,"Kentucky","Lincoln County",2,1,311,161,150
050,21,137,"Kentucky","Lincoln County",2,2,329,163,166
050,21,137,"Kentucky","Lincoln County",2,3,340,167,173
050,21,137,"Kentucky","Lincoln County",2,4,328,184,144
050,21,137,"Kentucky","Lincoln County",2,5,314,169,145
050,21,137,"Kentucky","Lincoln County",2,6,310,159,151
050,21,137,"Kentucky","Lincoln County",2,7,311,168,143
050,21,137,"Kentucky","Lincoln County",2,8,314,165,149
050,21,137,"Kentucky","Lincoln County",2,9,314,152,162
050,21,137,"Kentucky","Lincoln County",2,10,322,162,160
050,21,137,"Kentucky","Lincoln County",2,11,327,170,157
050,21,137,"Kentucky","Lincoln County",2,12,329,178,151
050,21,137,"Kentucky","Lincoln County",2,13,339,186,153
050,21,137,"Kentucky","Lincoln County",2,14,349,180,169
050,21,137,"Kentucky","Lincoln County",2,15,345,172,173
050,21,137,"Kentucky","Lincoln County",2,16,328,162,166
050,21,137,"Kentucky","Lincoln County",2,17,321,162,159
050,21,137,"Kentucky","Lincoln County",2,18,284,151,133
050,21,137,"Kentucky","Lincoln County",2,19,230,122,108
050,21,137,"Kentucky","Lincoln County",2,20,238,117,121
050,21,137,"Kentucky","Lincoln County",2,21,249,130,119
050,21,137,"Kentucky","Lincoln County",2,22,257,129,128
050,21,137,"Kentucky","Lincoln County",2,23,251,120,131
050,21,137,"Kentucky","Lincoln County",2,24,261,134,127
050,21,137,"Kentucky","Lincoln County",2,25,276,140,136
050,21,137,"Kentucky","Lincoln County",2,26,275,140,135
050,21,137,"Kentucky","Lincoln County",2,27,288,141,147
050,21,137,"Kentucky","Lincoln County",2,28,299,143,156
050,21,137,"Kentucky","Lincoln County",2,29,303,151,152
050,21,137,"Kentucky","Lincoln County",2,30,313,166,147
050,21,137,"Kentucky","Lincoln County",2,31,281,147,134
050,21,137,"Kentucky","Lincoln County",2,32,255,126,129
050,21,137,"Kentucky","Lincoln County",2,33,260,131,129
050,21,137,"Kentucky","Lincoln County",2,34,267,138,129
050,21,137,"Kentucky","Lincoln County",2,35,268,136,132
050,21,137,"Kentucky","Lincoln County",2,36,262,129,133
050,21,137,"Kentucky","Lincoln County",2,37,256,121,135
050,21,137,"Kentucky","Lincoln County",2,38,251,117,134
050,21,137,"Kentucky","Lincoln County",2,39,275,128,147
050,21,137,"Kentucky","Lincoln County",2,40,280,120,160
050,21,137,"Kentucky","Lincoln County",2,41,295,134,161
050,21,137,"Kentucky","Lincoln County",2,42,301,152,149
050,21,137,"Kentucky","Lincoln County",2,43,290,141,149
050,21,137,"Kentucky","Lincoln County",2,44,263,131,132
050,21,137,"Kentucky","Lincoln County",2,45,267,137,130
050,21,137,"Kentucky","Lincoln County",2,46,289,137,152
050,21,137,"Kentucky","Lincoln County",2,47,310,150,160
050,21,137,"Kentucky","Lincoln County",2,48,330,166,164
050,21,137,"Kentucky","Lincoln County",2,49,366,181,185
050,21,137,"Kentucky","Lincoln County",2,50,340,156,184
050,21,137,"Kentucky","Lincoln County",2,51,331,152,179
050,21,137,"Kentucky","Lincoln County",2,52,340,163,177
050,21,137,"Kentucky","Lincoln County",2,53,333,175,158
050,21,137,"Kentucky","Lincoln County",2,54,345,176,169
050,21,137,"Kentucky","Lincoln County",2,55,375,192,183
050,21,137,"Kentucky","Lincoln County",2,56,365,190,175
050,21,137,"Kentucky","Lincoln County",2,57,357,182,175
050,21,137,"Kentucky","Lincoln County",2,58,347,180,167
050,21,137,"Kentucky","Lincoln County",2,59,344,176,168
050,21,137,"Kentucky","Lincoln County",2,60,319,156,163
050,21,137,"Kentucky","Lincoln County",2,61,309,155,154
050,21,137,"Kentucky","Lincoln County",2,62,331,176,155
050,21,137,"Kentucky","Lincoln County",2,63,321,161,160
050,21,137,"Kentucky","Lincoln County",2,64,302,136,166
050,21,137,"Kentucky","Lincoln County",2,65,306,150,156
050,21,137,"Kentucky","Lincoln County",2,66,301,141,160
050,21,137,"Kentucky","Lincoln County",2,67,289,132,157
050,21,137,"Kentucky","Lincoln County",2,68,282,141,141
050,21,137,"Kentucky","Lincoln County",2,69,280,135,145
050,21,137,"Kentucky","Lincoln County",2,70,268,128,140
050,21,137,"Kentucky","Lincoln County",2,71,260,119,141
050,21,137,"Kentucky","Lincoln County",2,72,235,103,132
050,21,137,"Kentucky","Lincoln County",2,73,243,105,138
050,21,137,"Kentucky","Lincoln County",2,74,185,79,106
050,21,137,"Kentucky","Lincoln County",2,75,186,87,99
050,21,137,"Kentucky","Lincoln County",2,76,182,83,99
050,21,137,"Kentucky","Lincoln County",2,77,194,87,107
050,21,137,"Kentucky","Lincoln County",2,78,144,69,75
050,21,137,"Kentucky","Lincoln County",2,79,123,62,61
050,21,137,"Kentucky","Lincoln County",2,80,132,51,81
050,21,137,"Kentucky","Lincoln County",2,81,121,50,71
050,21,137,"Kentucky","Lincoln County",2,82,116,57,59
050,21,137,"Kentucky","Lincoln County",2,83,99,40,59
050,21,137,"Kentucky","Lincoln County",2,84,80,31,49
050,21,137,"Kentucky","Lincoln County",2,85,447,176,271
050,21,137,"Kentucky","Lincoln County",3,0,325,160,165
050,21,137,"Kentucky","Lincoln County",3,1,311,148,163
050,21,137,"Kentucky","Lincoln County",3,2,318,181,137
050,21,137,"Kentucky","Lincoln County",3,3,319,151,168
050,21,137,"Kentucky","Lincoln County",3,4,349,163,186
050,21,137,"Kentucky","Lincoln County",3,5,340,182,158
050,21,137,"Kentucky","Lincoln County",3,6,311,164,147
050,21,137,"Kentucky","Lincoln County",3,7,325,162,163
050,21,137,"Kentucky","Lincoln County",3,8,325,162,163
050,21,137,"Kentucky","Lincoln County",3,9,310,165,145
050,21,137,"Kentucky","Lincoln County",3,10,318,147,171
050,21,137,"Kentucky","Lincoln County",3,11,328,172,156
050,21,137,"Kentucky","Lincoln County",3,12,328,169,159
050,21,137,"Kentucky","Lincoln County",3,13,334,175,159
050,21,137,"Kentucky","Lincoln County",3,14,336,188,148
050,21,137,"Kentucky","Lincoln County",3,15,343,171,172
050,21,137,"Kentucky","Lincoln County",3,16,340,169,171
050,21,137,"Kentucky","Lincoln County",3,17,334,162,172
050,21,137,"Kentucky","Lincoln County",3,18,277,147,130
050,21,137,"Kentucky","Lincoln County",3,19,232,125,107
050,21,137,"Kentucky","Lincoln County",3,20,239,129,110
050,21,137,"Kentucky","Lincoln County",3,21,247,124,123
050,21,137,"Kentucky","Lincoln County",3,22,259,124,135
050,21,137,"Kentucky","Lincoln County",3,23,280,133,147
050,21,137,"Kentucky","Lincoln County",3,24,270,136,134
050,21,137,"Kentucky","Lincoln County",3,25,275,142,133
050,21,137,"Kentucky","Lincoln County",3,26,291,153,138
050,21,137,"Kentucky","Lincoln County",3,27,270,137,133
050,21,137,"Kentucky","Lincoln County",3,28,281,133,148
050,21,137,"Kentucky","Lincoln County",3,29,294,140,154
050,21,137,"Kentucky","Lincoln County",3,30,294,150,144
050,21,137,"Kentucky","Lincoln County",3,31,307,161,146
050,21,137,"Kentucky","Lincoln County",3,32,300,162,138
050,21,137,"Kentucky","Lincoln County",3,33,273,136,137
050,21,137,"Kentucky","Lincoln County",3,34,260,129,131
050,21,137,"Kentucky","Lincoln County",3,35,263,141,122
050,21,137,"Kentucky","Lincoln County",3,36,262,125,137
050,21,137,"Kentucky","Lincoln County",3,37,258,129,129
050,21,137,"Kentucky","Lincoln County",3,38,254,117,137
050,21,137,"Kentucky","Lincoln County",3,39,247,115,132
050,21,137,"Kentucky","Lincoln County",3,40,274,127,147
050,21,137,"Kentucky","Lincoln County",3,41,297,129,168
050,21,137,"Kentucky","Lincoln County",3,42,307,136,171
050,21,137,"Kentucky","Lincoln County",3,43,298,147,151
050,21,137,"Kentucky","Lincoln County",3,44,283,139,144
050,21,137,"Kentucky","Lincoln County",3,45,253,130,123
050,21,137,"Kentucky","Lincoln County",3,46,261,130,131
050,21,137,"Kentucky","Lincoln County",3,47,284,135,149
050,21,137,"Kentucky","Lincoln County",3,48,310,147,163
050,21,137,"Kentucky","Lincoln County",3,49,325,162,163
050,21,137,"Kentucky","Lincoln County",3,50,369,186,183
050,21,137,"Kentucky","Lincoln County",3,51,339,153,186
050,21,137,"Kentucky","Lincoln County",3,52,334,152,182
050,21,137,"Kentucky","Lincoln County",3,53,345,167,178
050,21,137,"Kentucky","Lincoln County",3,54,314,162,152
050,21,137,"Kentucky","Lincoln County",3,55,349,178,171
050,21,137,"Kentucky","Lincoln County",3,56,365,186,179
050,21,137,"Kentucky","Lincoln County",3,57,355,185,170
050,21,137,"Kentucky","Lincoln County",3,58,350,178,172
050,21,137,"Kentucky","Lincoln County",3,59,337,175,162
050,21,137,"Kentucky","Lincoln County",3,60,334,173,161
050,21,137,"Kentucky","Lincoln County",3,61,304,150,154
050,21,137,"Kentucky","Lincoln County",3,62,315,159,156
050,21,137,"Kentucky","Lincoln County",3,63,325,167,158
050,21,137,"Kentucky","Lincoln County",3,64,319,157,162
050,21,137,"Kentucky","Lincoln County",3,65,301,141,160
050,21,137,"Kentucky","Lincoln County",3,66,303,145,158
050,21,137,"Kentucky","Lincoln County",3,67,302,146,156
050,21,137,"Kentucky","Lincoln County",3,68,276,124,152
050,21,137,"Kentucky","Lincoln County",3,69,279,138,141
050,21,137,"Kentucky","Lincoln County",3,70,270,127,143
050,21,137,"Kentucky","Lincoln County",3,71,258,122,136
050,21,137,"Kentucky","Lincoln County",3,72,252,111,141
050,21,137,"Kentucky","Lincoln County",3,73,228,100,128
050,21,137,"Kentucky","Lincoln County",3,74,238,103,135
050,21,137,"Kentucky","Lincoln County",3,75,173,77,96
050,21,137,"Kentucky","Lincoln County",3,76,173,78,95
050,21,137,"Kentucky","Lincoln County",3,77,170,75,95
050,21,137,"Kentucky","Lincoln County",3,78,181,83,98
050,21,137,"Kentucky","Lincoln County",3,79,136,65,71
050,21,137,"Kentucky","Lincoln County",3,80,114,56,58
050,21,137,"Kentucky","Lincoln County",3,81,123,45,78
050,21,137,"Kentucky","Lincoln County",3,82,109,43,66
050,21,137,"Kentucky","Lincoln County",3,83,107,54,53
050,21,137,"Kentucky","Lincoln County",3,84,91,35,56
050,21,137,"Kentucky","Lincoln County",3,85,438,168,270
050,21,137,"Kentucky","Lincoln County",4,0,310,152,158
050,21,137,"Kentucky","Lincoln County",4,1,348,179,169
050,21,137,"Kentucky","Lincoln County",4,2,315,147,168
050,21,137,"Kentucky","Lincoln County",4,3,321,185,136
050,21,137,"Kentucky","Lincoln County",4,4,330,157,173
050,21,137,"Kentucky","Lincoln County",4,5,331,165,166
050,21,137,"Kentucky","Lincoln County",4,6,342,188,154
050,21,137,"Kentucky","Lincoln County",4,7,311,166,145
050,21,137,"Kentucky","Lincoln County",4,8,336,169,167
050,21,137,"Kentucky","Lincoln County",4,9,328,172,156
050,21,137,"Kentucky","Lincoln County",4,10,324,171,153
050,21,137,"Kentucky","Lincoln County",4,11,324,151,173
050,21,137,"Kentucky","Lincoln County",4,12,341,181,160
050,21,137,"Kentucky","Lincoln County",4,13,335,169,166
050,21,137,"Kentucky","Lincoln County",4,14,352,196,156
050,21,137,"Kentucky","Lincoln County",4,15,350,195,155
050,21,137,"Kentucky","Lincoln County",4,16,346,167,179
050,21,137,"Kentucky","Lincoln County",4,17,338,171,167
050,21,137,"Kentucky","Lincoln County",4,18,275,136,139
050,21,137,"Kentucky","Lincoln County",4,19,215,114,101
050,21,137,"Kentucky","Lincoln County",4,20,235,129,106
050,21,137,"Kentucky","Lincoln County",4,21,262,138,124
050,21,137,"Kentucky","Lincoln County",4,22,272,126,146
050,21,137,"Kentucky","Lincoln County",4,23,274,133,141
050,21,137,"Kentucky","Lincoln County",4,24,290,144,146
050,21,137,"Kentucky","Lincoln County",4,25,278,148,130
050,21,137,"Kentucky","Lincoln County",4,26,261,132,129
050,21,137,"Kentucky","Lincoln County",4,27,303,151,152
050,21,137,"Kentucky","Lincoln County",4,28,248,127,121
050,21,137,"Kentucky","Lincoln County",4,29,282,133,149
050,21,137,"Kentucky","Lincoln County",4,30,305,146,159
050,21,137,"Kentucky","Lincoln County",4,31,281,141,140
050,21,137,"Kentucky","Lincoln County",4,32,312,164,148
050,21,137,"Kentucky","Lincoln County",4,33,325,168,157
050,21,137,"Kentucky","Lincoln County",4,34,281,142,139
050,21,137,"Kentucky","Lincoln County",4,35,268,129,139
050,21,137,"Kentucky","Lincoln County",4,36,261,141,120
050,21,137,"Kentucky","Lincoln County",4,37,272,133,139
050,21,137,"Kentucky","Lincoln County",4,38,261,125,136
050,21,137,"Kentucky","Lincoln County",4,39,252,117,135
050,21,137,"Kentucky","Lincoln County",4,40,272,132,140
050,21,137,"Kentucky","Lincoln County",4,41,281,131,150
050,21,137,"Kentucky","Lincoln County",4,42,295,129,166
050,21,137,"Kentucky","Lincoln County",4,43,298,138,160
050,21,137,"Kentucky","Lincoln County",4,44,297,145,152
050,21,137,"Kentucky","Lincoln County",4,45,285,138,147
050,21,137,"Kentucky","Lincoln County",4,46,260,129,131
050,21,137,"Kentucky","Lincoln County",4,47,257,129,128
050,21,137,"Kentucky","Lincoln County",4,48,294,140,154
050,21,137,"Kentucky","Lincoln County",4,49,309,156,153
050,21,137,"Kentucky","Lincoln County",4,50,316,158,158
050,21,137,"Kentucky","Lincoln County",4,51,372,185,187
050,21,137,"Kentucky","Lincoln County",4,52,327,146,181
050,21,137,"Kentucky","Lincoln County",4,53,333,149,184
050,21,137,"Kentucky","Lincoln County",4,54,350,169,181
050,21,137,"Kentucky","Lincoln County",4,55,318,163,155
050,21,137,"Kentucky","Lincoln County",4,56,347,168,179
050,21,137,"Kentucky","Lincoln County",4,57,371,194,177
050,21,137,"Kentucky","Lincoln County",4,58,354,184,170
050,21,137,"Kentucky","Lincoln County",4,59,355,178,177
050,21,137,"Kentucky","Lincoln County",4,60,330,172,158
050,21,137,"Kentucky","Lincoln County",4,61,323,174,149
050,21,137,"Kentucky","Lincoln County",4,62,303,148,155
050,21,137,"Kentucky","Lincoln County",4,63,314,155,159
050,21,137,"Kentucky","Lincoln County",4,64,327,165,162
050,21,137,"Kentucky","Lincoln County",4,65,310,153,157
050,21,137,"Kentucky","Lincoln County",4,66,294,138,156
050,21,137,"Kentucky","Lincoln County",4,67,298,150,148
050,21,137,"Kentucky","Lincoln County",4,68,303,148,155
050,21,137,"Kentucky","Lincoln County",4,69,266,116,150
050,21,137,"Kentucky","Lincoln County",4,70,263,129,134
050,21,137,"Kentucky","Lincoln County",4,71,263,127,136
050,21,137,"Kentucky","Lincoln County",4,72,245,113,132
050,21,137,"Kentucky","Lincoln County",4,73,232,104,128
050,21,137,"Kentucky","Lincoln County",4,74,217,94,123
050,21,137,"Kentucky","Lincoln County",4,75,220,94,126
050,21,137,"Kentucky","Lincoln County",4,76,153,66,87
050,21,137,"Kentucky","Lincoln County",4,77,163,72,91
050,21,137,"Kentucky","Lincoln County",4,78,162,71,91
050,21,137,"Kentucky","Lincoln County",4,79,171,74,97
050,21,137,"Kentucky","Lincoln County",4,80,126,58,68
050,21,137,"Kentucky","Lincoln County",4,81,107,50,57
050,21,137,"Kentucky","Lincoln County",4,82,107,37,70
050,21,137,"Kentucky","Lincoln County",4,83,100,40,60
050,21,137,"Kentucky","Lincoln County",4,84,104,54,50
050,21,137,"Kentucky","Lincoln County",4,85,432,162,270
050,21,137,"Kentucky","Lincoln County",5,0,310,152,158
050,21,137,"Kentucky","Lincoln County",5,1,314,159,155
050,21,137,"Kentucky","Lincoln County",5,2,344,171,173
050,21,137,"Kentucky","Lincoln County",5,3,323,154,169
050,21,137,"Kentucky","Lincoln County",5,4,337,187,150
050,21,137,"Kentucky","Lincoln County",5,5,339,160,179
050,21,137,"Kentucky","Lincoln County",5,6,335,164,171
050,21,137,"Kentucky","Lincoln County",5,7,357,194,163
050,21,137,"Kentucky","Lincoln County",5,8,321,166,155
050,21,137,"Kentucky","Lincoln County",5,9,338,164,174
050,21,137,"Kentucky","Lincoln County",5,10,350,181,169
050,21,137,"Kentucky","Lincoln County",5,11,335,174,161
050,21,137,"Kentucky","Lincoln County",5,12,326,155,171
050,21,137,"Kentucky","Lincoln County",5,13,354,184,170
050,21,137,"Kentucky","Lincoln County",5,14,340,173,167
050,21,137,"Kentucky","Lincoln County",5,15,348,182,166
050,21,137,"Kentucky","Lincoln County",5,16,352,195,157
050,21,137,"Kentucky","Lincoln County",5,17,357,169,188
050,21,137,"Kentucky","Lincoln County",5,18,274,135,139
050,21,137,"Kentucky","Lincoln County",5,19,212,108,104
050,21,137,"Kentucky","Lincoln County",5,20,235,126,109
050,21,137,"Kentucky","Lincoln County",5,21,268,149,119
050,21,137,"Kentucky","Lincoln County",5,22,274,136,138
050,21,137,"Kentucky","Lincoln County",5,23,289,129,160
050,21,137,"Kentucky","Lincoln County",5,24,284,136,148
050,21,137,"Kentucky","Lincoln County",5,25,300,155,145
050,21,137,"Kentucky","Lincoln County",5,26,279,146,133
050,21,137,"Kentucky","Lincoln County",5,27,278,133,145
050,21,137,"Kentucky","Lincoln County",5,28,299,152,147
050,21,137,"Kentucky","Lincoln County",5,29,259,135,124
050,21,137,"Kentucky","Lincoln County",5,30,303,139,164
050,21,137,"Kentucky","Lincoln County",5,31,317,158,159
050,21,137,"Kentucky","Lincoln County",5,32,302,152,150
050,21,137,"Kentucky","Lincoln County",5,33,320,167,153
050,21,137,"Kentucky","Lincoln County",5,34,338,180,158
050,21,137,"Kentucky","Lincoln County",5,35,286,141,145
050,21,137,"Kentucky","Lincoln County",5,36,264,130,134
050,21,137,"Kentucky","Lincoln County",5,37,270,144,126
050,21,137,"Kentucky","Lincoln County",5,38,277,133,144
050,21,137,"Kentucky","Lincoln County",5,39,262,132,130
050,21,137,"Kentucky","Lincoln County",5,40,267,127,140
050,21,137,"Kentucky","Lincoln County",5,41,278,135,143
050,21,137,"Kentucky","Lincoln County",5,42,293,135,158
050,21,137,"Kentucky","Lincoln County",5,43,300,136,164
050,21,137,"Kentucky","Lincoln County",5,44,306,138,168
050,21,137,"Kentucky","Lincoln County",5,45,302,143,159
050,21,137,"Kentucky","Lincoln County",5,46,295,142,153
050,21,137,"Kentucky","Lincoln County",5,47,258,129,129
050,21,137,"Kentucky","Lincoln County",5,48,280,136,144
050,21,137,"Kentucky","Lincoln County",5,49,302,142,160
050,21,137,"Kentucky","Lincoln County",5,50,310,158,152
050,21,137,"Kentucky","Lincoln County",5,51,312,149,163
050,21,137,"Kentucky","Lincoln County",5,52,366,178,188
050,21,137,"Kentucky","Lincoln County",5,53,324,149,175
050,21,137,"Kentucky","Lincoln County",5,54,323,145,178
050,21,137,"Kentucky","Lincoln County",5,55,349,167,182
050,21,137,"Kentucky","Lincoln County",5,56,324,163,161
050,21,137,"Kentucky","Lincoln County",5,57,353,173,180
050,21,137,"Kentucky","Lincoln County",5,58,367,194,173
050,21,137,"Kentucky","Lincoln County",5,59,352,183,169
050,21,137,"Kentucky","Lincoln County",5,60,363,184,179
050,21,137,"Kentucky","Lincoln County",5,61,328,171,157
050,21,137,"Kentucky","Lincoln County",5,62,322,173,149
050,21,137,"Kentucky","Lincoln County",5,63,303,142,161
050,21,137,"Kentucky","Lincoln County",5,64,312,152,160
050,21,137,"Kentucky","Lincoln County",5,65,329,169,160
050,21,137,"Kentucky","Lincoln County",5,66,310,152,158
050,21,137,"Kentucky","Lincoln County",5,67,286,136,150
050,21,137,"Kentucky","Lincoln County",5,68,290,144,146
050,21,137,"Kentucky","Lincoln County",5,69,301,150,151
050,21,137,"Kentucky","Lincoln County",5,70,260,113,147
050,21,137,"Kentucky","Lincoln County",5,71,251,124,127
050,21,137,"Kentucky","Lincoln County",5,72,250,118,132
050,21,137,"Kentucky","Lincoln County",5,73,239,109,130
050,21,137,"Kentucky","Lincoln County",5,74,228,99,129
050,21,137,"Kentucky","Lincoln County",5,75,206,89,117
050,21,137,"Kentucky","Lincoln County",5,76,198,86,112
050,21,137,"Kentucky","Lincoln County",5,77,140,62,78
050,21,137,"Kentucky","Lincoln County",5,78,157,72,85
050,21,137,"Kentucky","Lincoln County",5,79,155,70,85
050,21,137,"Kentucky","Lincoln County",5,80,161,69,92
050,21,137,"Kentucky","Lincoln County",5,81,120,53,67
050,21,137,"Kentucky","Lincoln County",5,82,94,45,49
050,21,137,"Kentucky","Lincoln County",5,83,97,34,63
050,21,137,"Kentucky","Lincoln County",5,84,92,38,54
050,21,137,"Kentucky","Lincoln County",5,85,453,178,275
050,21,139,"Kentucky","Livingston County",1,0,80,42,38
050,21,139,"Kentucky","Livingston County",1,1,90,52,38
050,21,139,"Kentucky","Livingston County",1,2,86,44,42
050,21,139,"Kentucky","Livingston County",1,3,91,41,50
050,21,139,"Kentucky","Livingston County",1,4,95,51,44
050,21,139,"Kentucky","Livingston County",1,5,103,61,42
050,21,139,"Kentucky","Livingston County",1,6,104,54,50
050,21,139,"Kentucky","Livingston County",1,7,103,56,47
050,21,139,"Kentucky","Livingston County",1,8,90,53,37
050,21,139,"Kentucky","Livingston County",1,9,103,65,38
050,21,139,"Kentucky","Livingston County",1,10,105,54,51
050,21,139,"Kentucky","Livingston County",1,11,104,50,54
050,21,139,"Kentucky","Livingston County",1,12,105,56,49
050,21,139,"Kentucky","Livingston County",1,13,111,64,47
050,21,139,"Kentucky","Livingston County",1,14,116,57,59
050,21,139,"Kentucky","Livingston County",1,15,117,54,63
050,21,139,"Kentucky","Livingston County",1,16,100,46,54
050,21,139,"Kentucky","Livingston County",1,17,99,47,52
050,21,139,"Kentucky","Livingston County",1,18,94,49,45
050,21,139,"Kentucky","Livingston County",1,19,76,40,36
050,21,139,"Kentucky","Livingston County",1,20,74,34,40
050,21,139,"Kentucky","Livingston County",1,21,71,38,33
050,21,139,"Kentucky","Livingston County",1,22,82,48,34
050,21,139,"Kentucky","Livingston County",1,23,90,44,46
050,21,139,"Kentucky","Livingston County",1,24,88,46,42
050,21,139,"Kentucky","Livingston County",1,25,102,51,51
050,21,139,"Kentucky","Livingston County",1,26,93,43,50
050,21,139,"Kentucky","Livingston County",1,27,90,46,44
050,21,139,"Kentucky","Livingston County",1,28,89,48,41
050,21,139,"Kentucky","Livingston County",1,29,101,49,52
050,21,139,"Kentucky","Livingston County",1,30,120,53,67
050,21,139,"Kentucky","Livingston County",1,31,98,47,51
050,21,139,"Kentucky","Livingston County",1,32,83,42,41
050,21,139,"Kentucky","Livingston County",1,33,96,50,46
050,21,139,"Kentucky","Livingston County",1,34,82,43,39
050,21,139,"Kentucky","Livingston County",1,35,83,42,41
050,21,139,"Kentucky","Livingston County",1,36,92,47,45
050,21,139,"Kentucky","Livingston County",1,37,70,33,37
050,21,139,"Kentucky","Livingston County",1,38,88,39,49
050,21,139,"Kentucky","Livingston County",1,39,98,46,52
050,21,139,"Kentucky","Livingston County",1,40,99,52,47
050,21,139,"Kentucky","Livingston County",1,41,114,63,51
050,21,139,"Kentucky","Livingston County",1,42,101,53,48
050,21,139,"Kentucky","Livingston County",1,43,100,48,52
050,21,139,"Kentucky","Livingston County",1,44,93,46,47
050,21,139,"Kentucky","Livingston County",1,45,111,56,55
050,21,139,"Kentucky","Livingston County",1,46,97,51,46
050,21,139,"Kentucky","Livingston County",1,47,101,51,50
050,21,139,"Kentucky","Livingston County",1,48,118,58,60
050,21,139,"Kentucky","Livingston County",1,49,113,56,57
050,21,139,"Kentucky","Livingston County",1,50,136,73,63
050,21,139,"Kentucky","Livingston County",1,51,139,64,75
050,21,139,"Kentucky","Livingston County",1,52,116,56,60
050,21,139,"Kentucky","Livingston County",1,53,129,68,61
050,21,139,"Kentucky","Livingston County",1,54,136,65,71
050,21,139,"Kentucky","Livingston County",1,55,144,66,78
050,21,139,"Kentucky","Livingston County",1,56,145,67,78
050,21,139,"Kentucky","Livingston County",1,57,145,74,71
050,21,139,"Kentucky","Livingston County",1,58,151,69,82
050,21,139,"Kentucky","Livingston County",1,59,157,73,84
050,21,139,"Kentucky","Livingston County",1,60,141,76,65
050,21,139,"Kentucky","Livingston County",1,61,129,65,64
050,21,139,"Kentucky","Livingston County",1,62,134,65,69
050,21,139,"Kentucky","Livingston County",1,63,142,66,76
050,21,139,"Kentucky","Livingston County",1,64,147,73,74
050,21,139,"Kentucky","Livingston County",1,65,163,80,83
050,21,139,"Kentucky","Livingston County",1,66,143,78,65
050,21,139,"Kentucky","Livingston County",1,67,120,60,60
050,21,139,"Kentucky","Livingston County",1,68,123,59,64
050,21,139,"Kentucky","Livingston County",1,69,113,57,56
050,21,139,"Kentucky","Livingston County",1,70,110,56,54
050,21,139,"Kentucky","Livingston County",1,71,116,54,62
050,21,139,"Kentucky","Livingston County",1,72,106,53,53
050,21,139,"Kentucky","Livingston County",1,73,121,57,64
050,21,139,"Kentucky","Livingston County",1,74,84,39,45
050,21,139,"Kentucky","Livingston County",1,75,85,36,49
050,21,139,"Kentucky","Livingston County",1,76,79,35,44
050,21,139,"Kentucky","Livingston County",1,77,90,42,48
050,21,139,"Kentucky","Livingston County",1,78,74,39,35
050,21,139,"Kentucky","Livingston County",1,79,65,33,32
050,21,139,"Kentucky","Livingston County",1,80,55,23,32
050,21,139,"Kentucky","Livingston County",1,81,49,24,25
050,21,139,"Kentucky","Livingston County",1,82,49,26,23
050,21,139,"Kentucky","Livingston County",1,83,36,21,15
050,21,139,"Kentucky","Livingston County",1,84,34,15,19
050,21,139,"Kentucky","Livingston County",1,85,173,56,117
050,21,139,"Kentucky","Livingston County",2,0,85,47,38
050,21,139,"Kentucky","Livingston County",2,1,84,47,37
050,21,139,"Kentucky","Livingston County",2,2,86,44,42
050,21,139,"Kentucky","Livingston County",2,3,88,41,47
050,21,139,"Kentucky","Livingston County",2,4,93,49,44
050,21,139,"Kentucky","Livingston County",2,5,100,57,43
050,21,139,"Kentucky","Livingston County",2,6,105,56,49
050,21,139,"Kentucky","Livingston County",2,7,103,56,47
050,21,139,"Kentucky","Livingston County",2,8,93,54,39
050,21,139,"Kentucky","Livingston County",2,9,100,63,37
050,21,139,"Kentucky","Livingston County",2,10,101,55,46
050,21,139,"Kentucky","Livingston County",2,11,102,50,52
050,21,139,"Kentucky","Livingston County",2,12,105,55,50
050,21,139,"Kentucky","Livingston County",2,13,107,61,46
050,21,139,"Kentucky","Livingston County",2,14,112,55,57
050,21,139,"Kentucky","Livingston County",2,15,119,55,64
050,21,139,"Kentucky","Livingston County",2,16,104,47,57
050,21,139,"Kentucky","Livingston County",2,17,102,48,54
050,21,139,"Kentucky","Livingston County",2,18,90,47,43
050,21,139,"Kentucky","Livingston County",2,19,76,40,36
050,21,139,"Kentucky","Livingston County",2,20,75,35,40
050,21,139,"Kentucky","Livingston County",2,21,70,36,34
050,21,139,"Kentucky","Livingston County",2,22,80,45,35
050,21,139,"Kentucky","Livingston County",2,23,90,46,44
050,21,139,"Kentucky","Livingston County",2,24,88,46,42
050,21,139,"Kentucky","Livingston County",2,25,98,49,49
050,21,139,"Kentucky","Livingston County",2,26,95,46,49
050,21,139,"Kentucky","Livingston County",2,27,90,45,45
050,21,139,"Kentucky","Livingston County",2,28,89,48,41
050,21,139,"Kentucky","Livingston County",2,29,100,49,51
050,21,139,"Kentucky","Livingston County",2,30,116,53,63
050,21,139,"Kentucky","Livingston County",2,31,104,49,55
050,21,139,"Kentucky","Livingston County",2,32,86,42,44
050,21,139,"Kentucky","Livingston County",2,33,92,47,45
050,21,139,"Kentucky","Livingston County",2,34,86,45,41
050,21,139,"Kentucky","Livingston County",2,35,85,43,42
050,21,139,"Kentucky","Livingston County",2,36,87,44,43
050,21,139,"Kentucky","Livingston County",2,37,75,36,39
050,21,139,"Kentucky","Livingston County",2,38,86,38,48
050,21,139,"Kentucky","Livingston County",2,39,96,45,51
050,21,139,"Kentucky","Livingston County",2,40,102,52,50
050,21,139,"Kentucky","Livingston County",2,41,108,60,48
050,21,139,"Kentucky","Livingston County",2,42,104,56,48
050,21,139,"Kentucky","Livingston County",2,43,102,50,52
050,21,139,"Kentucky","Livingston County",2,44,95,47,48
050,21,139,"Kentucky","Livingston County",2,45,108,55,53
050,21,139,"Kentucky","Livingston County",2,46,102,54,48
050,21,139,"Kentucky","Livingston County",2,47,100,51,49
050,21,139,"Kentucky","Livingston County",2,48,113,56,57
050,21,139,"Kentucky","Livingston County",2,49,116,58,58
050,21,139,"Kentucky","Livingston County",2,50,131,69,62
050,21,139,"Kentucky","Livingston County",2,51,137,65,72
050,21,139,"Kentucky","Livingston County",2,52,119,57,62
050,21,139,"Kentucky","Livingston County",2,53,125,65,60
050,21,139,"Kentucky","Livingston County",2,54,134,65,69
050,21,139,"Kentucky","Livingston County",2,55,140,64,76
050,21,139,"Kentucky","Livingston County",2,56,144,67,77
050,21,139,"Kentucky","Livingston County",2,57,144,72,72
050,21,139,"Kentucky","Livingston County",2,58,150,70,80
050,21,139,"Kentucky","Livingston County",2,59,157,72,85
050,21,139,"Kentucky","Livingston County",2,60,144,75,69
050,21,139,"Kentucky","Livingston County",2,61,130,66,64
050,21,139,"Kentucky","Livingston County",2,62,132,64,68
050,21,139,"Kentucky","Livingston County",2,63,141,67,74
050,21,139,"Kentucky","Livingston County",2,64,145,71,74
050,21,139,"Kentucky","Livingston County",2,65,160,79,81
050,21,139,"Kentucky","Livingston County",2,66,147,78,69
050,21,139,"Kentucky","Livingston County",2,67,126,65,61
050,21,139,"Kentucky","Livingston County",2,68,119,56,63
050,21,139,"Kentucky","Livingston County",2,69,116,58,58
050,21,139,"Kentucky","Livingston County",2,70,111,56,55
050,21,139,"Kentucky","Livingston County",2,71,113,54,59
050,21,139,"Kentucky","Livingston County",2,72,107,52,55
050,21,139,"Kentucky","Livingston County",2,73,124,61,63
050,21,139,"Kentucky","Livingston County",2,74,85,40,45
050,21,139,"Kentucky","Livingston County",2,75,85,37,48
050,21,139,"Kentucky","Livingston County",2,76,81,36,45
050,21,139,"Kentucky","Livingston County",2,77,87,40,47
050,21,139,"Kentucky","Livingston County",2,78,75,38,37
050,21,139,"Kentucky","Livingston County",2,79,67,35,32
050,21,139,"Kentucky","Livingston County",2,80,57,25,32
050,21,139,"Kentucky","Livingston County",2,81,51,24,27
050,21,139,"Kentucky","Livingston County",2,82,48,26,22
050,21,139,"Kentucky","Livingston County",2,83,38,22,16
050,21,139,"Kentucky","Livingston County",2,84,33,15,18
050,21,139,"Kentucky","Livingston County",2,85,175,57,118
050,21,139,"Kentucky","Livingston County",3,0,93,40,53
050,21,139,"Kentucky","Livingston County",3,1,65,33,32
050,21,139,"Kentucky","Livingston County",3,2,90,47,43
050,21,139,"Kentucky","Livingston County",3,3,92,50,42
050,21,139,"Kentucky","Livingston County",3,4,98,49,49
050,21,139,"Kentucky","Livingston County",3,5,99,50,49
050,21,139,"Kentucky","Livingston County",3,6,102,55,47
050,21,139,"Kentucky","Livingston County",3,7,108,61,47
050,21,139,"Kentucky","Livingston County",3,8,115,59,56
050,21,139,"Kentucky","Livingston County",3,9,99,58,41
050,21,139,"Kentucky","Livingston County",3,10,109,67,42
050,21,139,"Kentucky","Livingston County",3,11,107,60,47
050,21,139,"Kentucky","Livingston County",3,12,120,56,64
050,21,139,"Kentucky","Livingston County",3,13,113,55,58
050,21,139,"Kentucky","Livingston County",3,14,124,66,58
050,21,139,"Kentucky","Livingston County",3,15,126,62,64
050,21,139,"Kentucky","Livingston County",3,16,114,55,59
050,21,139,"Kentucky","Livingston County",3,17,102,50,52
050,21,139,"Kentucky","Livingston County",3,18,84,42,42
050,21,139,"Kentucky","Livingston County",3,19,68,37,31
050,21,139,"Kentucky","Livingston County",3,20,84,44,40
050,21,139,"Kentucky","Livingston County",3,21,81,40,41
050,21,139,"Kentucky","Livingston County",3,22,77,40,37
050,21,139,"Kentucky","Livingston County",3,23,93,50,43
050,21,139,"Kentucky","Livingston County",3,24,81,41,40
050,21,139,"Kentucky","Livingston County",3,25,99,46,53
050,21,139,"Kentucky","Livingston County",3,26,95,47,48
050,21,139,"Kentucky","Livingston County",3,27,99,45,54
050,21,139,"Kentucky","Livingston County",3,28,104,50,54
050,21,139,"Kentucky","Livingston County",3,29,99,53,46
050,21,139,"Kentucky","Livingston County",3,30,102,50,52
050,21,139,"Kentucky","Livingston County",3,31,118,57,61
050,21,139,"Kentucky","Livingston County",3,32,109,54,55
050,21,139,"Kentucky","Livingston County",3,33,84,42,42
050,21,139,"Kentucky","Livingston County",3,34,97,48,49
050,21,139,"Kentucky","Livingston County",3,35,87,42,45
050,21,139,"Kentucky","Livingston County",3,36,88,46,42
050,21,139,"Kentucky","Livingston County",3,37,89,45,44
050,21,139,"Kentucky","Livingston County",3,38,85,44,41
050,21,139,"Kentucky","Livingston County",3,39,88,41,47
050,21,139,"Kentucky","Livingston County",3,40,94,42,52
050,21,139,"Kentucky","Livingston County",3,41,99,52,47
050,21,139,"Kentucky","Livingston County",3,42,116,60,56
050,21,139,"Kentucky","Livingston County",3,43,101,54,47
050,21,139,"Kentucky","Livingston County",3,44,98,46,52
050,21,139,"Kentucky","Livingston County",3,45,94,47,47
050,21,139,"Kentucky","Livingston County",3,46,111,55,56
050,21,139,"Kentucky","Livingston County",3,47,107,58,49
050,21,139,"Kentucky","Livingston County",3,48,97,50,47
050,21,139,"Kentucky","Livingston County",3,49,125,63,62
050,21,139,"Kentucky","Livingston County",3,50,127,59,68
050,21,139,"Kentucky","Livingston County",3,51,132,69,63
050,21,139,"Kentucky","Livingston County",3,52,137,68,69
050,21,139,"Kentucky","Livingston County",3,53,120,59,61
050,21,139,"Kentucky","Livingston County",3,54,127,66,61
050,21,139,"Kentucky","Livingston County",3,55,127,63,64
050,21,139,"Kentucky","Livingston County",3,56,141,66,75
050,21,139,"Kentucky","Livingston County",3,57,138,64,74
050,21,139,"Kentucky","Livingston County",3,58,148,74,74
050,21,139,"Kentucky","Livingston County",3,59,151,71,80
050,21,139,"Kentucky","Livingston County",3,60,158,76,82
050,21,139,"Kentucky","Livingston County",3,61,140,71,69
050,21,139,"Kentucky","Livingston County",3,62,138,72,66
050,21,139,"Kentucky","Livingston County",3,63,137,65,72
050,21,139,"Kentucky","Livingston County",3,64,138,69,69
050,21,139,"Kentucky","Livingston County",3,65,149,71,78
050,21,139,"Kentucky","Livingston County",3,66,146,70,76
050,21,139,"Kentucky","Livingston County",3,67,137,70,67
050,21,139,"Kentucky","Livingston County",3,68,121,63,58
050,21,139,"Kentucky","Livingston County",3,69,109,50,59
050,21,139,"Kentucky","Livingston County",3,70,108,54,54
050,21,139,"Kentucky","Livingston County",3,71,103,51,52
050,21,139,"Kentucky","Livingston County",3,72,110,51,59
050,21,139,"Kentucky","Livingston County",3,73,102,45,57
050,21,139,"Kentucky","Livingston County",3,74,119,55,64
050,21,139,"Kentucky","Livingston County",3,75,80,39,41
050,21,139,"Kentucky","Livingston County",3,76,75,32,43
050,21,139,"Kentucky","Livingston County",3,77,75,36,39
050,21,139,"Kentucky","Livingston County",3,78,83,39,44
050,21,139,"Kentucky","Livingston County",3,79,70,35,35
050,21,139,"Kentucky","Livingston County",3,80,60,29,31
050,21,139,"Kentucky","Livingston County",3,81,53,23,30
050,21,139,"Kentucky","Livingston County",3,82,46,20,26
050,21,139,"Kentucky","Livingston County",3,83,42,22,20
050,21,139,"Kentucky","Livingston County",3,84,32,15,17
050,21,139,"Kentucky","Livingston County",3,85,172,57,115
050,21,139,"Kentucky","Livingston County",4,0,95,39,56
050,21,139,"Kentucky","Livingston County",4,1,96,42,54
050,21,139,"Kentucky","Livingston County",4,2,75,39,36
050,21,139,"Kentucky","Livingston County",4,3,88,44,44
050,21,139,"Kentucky","Livingston County",4,4,93,45,48
050,21,139,"Kentucky","Livingston County",4,5,94,45,49
050,21,139,"Kentucky","Livingston County",4,6,98,50,48
050,21,139,"Kentucky","Livingston County",4,7,100,54,46
050,21,139,"Kentucky","Livingston County",4,8,104,57,47
050,21,139,"Kentucky","Livingston County",4,9,124,69,55
050,21,139,"Kentucky","Livingston County",4,10,98,56,42
050,21,139,"Kentucky","Livingston County",4,11,105,64,41
050,21,139,"Kentucky","Livingston County",4,12,99,57,42
050,21,139,"Kentucky","Livingston County",4,13,115,51,64
050,21,139,"Kentucky","Livingston County",4,14,116,55,61
050,21,139,"Kentucky","Livingston County",4,15,117,65,52
050,21,139,"Kentucky","Livingston County",4,16,110,53,57
050,21,139,"Kentucky","Livingston County",4,17,115,61,54
050,21,139,"Kentucky","Livingston County",4,18,90,45,45
050,21,139,"Kentucky","Livingston County",4,19,61,35,26
050,21,139,"Kentucky","Livingston County",4,20,72,38,34
050,21,139,"Kentucky","Livingston County",4,21,94,48,46
050,21,139,"Kentucky","Livingston County",4,22,88,46,42
050,21,139,"Kentucky","Livingston County",4,23,85,41,44
050,21,139,"Kentucky","Livingston County",4,24,96,48,48
050,21,139,"Kentucky","Livingston County",4,25,86,43,43
050,21,139,"Kentucky","Livingston County",4,26,102,45,57
050,21,139,"Kentucky","Livingston County",4,27,89,47,42
050,21,139,"Kentucky","Livingston County",4,28,100,47,53
050,21,139,"Kentucky","Livingston County",4,29,108,52,56
050,21,139,"Kentucky","Livingston County",4,30,97,57,40
050,21,139,"Kentucky","Livingston County",4,31,97,44,53
050,21,139,"Kentucky","Livingston County",4,32,119,61,58
050,21,139,"Kentucky","Livingston County",4,33,112,55,57
050,21,139,"Kentucky","Livingston County",4,34,88,43,45
050,21,139,"Kentucky","Livingston County",4,35,96,46,50
050,21,139,"Kentucky","Livingston County",4,36,91,45,46
050,21,139,"Kentucky","Livingston County",4,37,85,42,43
050,21,139,"Kentucky","Livingston County",4,38,84,43,41
050,21,139,"Kentucky","Livingston County",4,39,81,39,42
050,21,139,"Kentucky","Livingston County",4,40,90,41,49
050,21,139,"Kentucky","Livingston County",4,41,89,41,48
050,21,139,"Kentucky","Livingston County",4,42,102,54,48
050,21,139,"Kentucky","Livingston County",4,43,110,60,50
050,21,139,"Kentucky","Livingston County",4,44,105,55,50
050,21,139,"Kentucky","Livingston County",4,45,97,45,52
050,21,139,"Kentucky","Livingston County",4,46,99,52,47
050,21,139,"Kentucky","Livingston County",4,47,112,58,54
050,21,139,"Kentucky","Livingston County",4,48,108,59,49
050,21,139,"Kentucky","Livingston County",4,49,92,48,44
050,21,139,"Kentucky","Livingston County",4,50,124,63,61
050,21,139,"Kentucky","Livingston County",4,51,130,66,64
050,21,139,"Kentucky","Livingston County",4,52,124,64,60
050,21,139,"Kentucky","Livingston County",4,53,148,75,73
050,21,139,"Kentucky","Livingston County",4,54,128,59,69
050,21,139,"Kentucky","Livingston County",4,55,132,70,62
050,21,139,"Kentucky","Livingston County",4,56,124,56,68
050,21,139,"Kentucky","Livingston County",4,57,146,68,78
050,21,139,"Kentucky","Livingston County",4,58,139,63,76
050,21,139,"Kentucky","Livingston County",4,59,152,75,77
050,21,139,"Kentucky","Livingston County",4,60,150,67,83
050,21,139,"Kentucky","Livingston County",4,61,152,74,78
050,21,139,"Kentucky","Livingston County",4,62,140,73,67
050,21,139,"Kentucky","Livingston County",4,63,144,76,68
050,21,139,"Kentucky","Livingston County",4,64,136,65,71
050,21,139,"Kentucky","Livingston County",4,65,135,66,69
050,21,139,"Kentucky","Livingston County",4,66,142,68,74
050,21,139,"Kentucky","Livingston County",4,67,149,73,76
050,21,139,"Kentucky","Livingston County",4,68,138,72,66
050,21,139,"Kentucky","Livingston County",4,69,115,58,57
050,21,139,"Kentucky","Livingston County",4,70,109,50,59
050,21,139,"Kentucky","Livingston County",4,71,97,51,46
050,21,139,"Kentucky","Livingston County",4,72,102,48,54
050,21,139,"Kentucky","Livingston County",4,73,110,50,60
050,21,139,"Kentucky","Livingston County",4,74,92,39,53
050,21,139,"Kentucky","Livingston County",4,75,114,56,58
050,21,139,"Kentucky","Livingston County",4,76,82,40,42
050,21,139,"Kentucky","Livingston County",4,77,69,30,39
050,21,139,"Kentucky","Livingston County",4,78,69,33,36
050,21,139,"Kentucky","Livingston County",4,79,80,36,44
050,21,139,"Kentucky","Livingston County",4,80,65,33,32
050,21,139,"Kentucky","Livingston County",4,81,60,28,32
050,21,139,"Kentucky","Livingston County",4,82,50,22,28
050,21,139,"Kentucky","Livingston County",4,83,37,15,22
050,21,139,"Kentucky","Livingston County",4,84,42,20,22
050,21,139,"Kentucky","Livingston County",4,85,175,64,111
050,21,139,"Kentucky","Livingston County",5,0,94,39,55
050,21,139,"Kentucky","Livingston County",5,1,97,37,60
050,21,139,"Kentucky","Livingston County",5,2,100,44,56
050,21,139,"Kentucky","Livingston County",5,3,72,36,36
050,21,139,"Kentucky","Livingston County",5,4,89,47,42
050,21,139,"Kentucky","Livingston County",5,5,84,43,41
050,21,139,"Kentucky","Livingston County",5,6,96,48,48
050,21,139,"Kentucky","Livingston County",5,7,96,50,46
050,21,139,"Kentucky","Livingston County",5,8,98,51,47
050,21,139,"Kentucky","Livingston County",5,9,107,60,47
050,21,139,"Kentucky","Livingston County",5,10,111,63,48
050,21,139,"Kentucky","Livingston County",5,11,92,52,40
050,21,139,"Kentucky","Livingston County",5,12,112,61,51
050,21,139,"Kentucky","Livingston County",5,13,111,70,41
050,21,139,"Kentucky","Livingston County",5,14,119,54,65
050,21,139,"Kentucky","Livingston County",5,15,112,52,60
050,21,139,"Kentucky","Livingston County",5,16,115,61,54
050,21,139,"Kentucky","Livingston County",5,17,116,56,60
050,21,139,"Kentucky","Livingston County",5,18,99,51,48
050,21,139,"Kentucky","Livingston County",5,19,71,37,34
050,21,139,"Kentucky","Livingston County",5,20,67,42,25
050,21,139,"Kentucky","Livingston County",5,21,73,39,34
050,21,139,"Kentucky","Livingston County",5,22,103,49,54
050,21,139,"Kentucky","Livingston County",5,23,97,49,48
050,21,139,"Kentucky","Livingston County",5,24,96,46,50
050,21,139,"Kentucky","Livingston County",5,25,92,45,47
050,21,139,"Kentucky","Livingston County",5,26,87,46,41
050,21,139,"Kentucky","Livingston County",5,27,92,39,53
050,21,139,"Kentucky","Livingston County",5,28,83,44,39
050,21,139,"Kentucky","Livingston County",5,29,107,50,57
050,21,139,"Kentucky","Livingston County",5,30,111,55,56
050,21,139,"Kentucky","Livingston County",5,31,92,54,38
050,21,139,"Kentucky","Livingston County",5,32,95,44,51
050,21,139,"Kentucky","Livingston County",5,33,114,55,59
050,21,139,"Kentucky","Livingston County",5,34,114,56,58
050,21,139,"Kentucky","Livingston County",5,35,90,41,49
050,21,139,"Kentucky","Livingston County",5,36,98,49,49
050,21,139,"Kentucky","Livingston County",5,37,91,45,46
050,21,139,"Kentucky","Livingston County",5,38,90,41,49
050,21,139,"Kentucky","Livingston County",5,39,82,40,42
050,21,139,"Kentucky","Livingston County",5,40,81,39,42
050,21,139,"Kentucky","Livingston County",5,41,94,41,53
050,21,139,"Kentucky","Livingston County",5,42,89,48,41
050,21,139,"Kentucky","Livingston County",5,43,93,49,44
050,21,139,"Kentucky","Livingston County",5,44,104,57,47
050,21,139,"Kentucky","Livingston County",5,45,104,52,52
050,21,139,"Kentucky","Livingston County",5,46,94,44,50
050,21,139,"Kentucky","Livingston County",5,47,105,54,51
050,21,139,"Kentucky","Livingston County",5,48,114,59,55
050,21,139,"Kentucky","Livingston County",5,49,101,57,44
050,21,139,"Kentucky","Livingston County",5,50,89,44,45
050,21,139,"Kentucky","Livingston County",5,51,122,63,59
050,21,139,"Kentucky","Livingston County",5,52,125,61,64
050,21,139,"Kentucky","Livingston County",5,53,137,72,65
050,21,139,"Kentucky","Livingston County",5,54,150,77,73
050,21,139,"Kentucky","Livingston County",5,55,124,62,62
050,21,139,"Kentucky","Livingston County",5,56,126,63,63
050,21,139,"Kentucky","Livingston County",5,57,121,51,70
050,21,139,"Kentucky","Livingston County",5,58,140,65,75
050,21,139,"Kentucky","Livingston County",5,59,135,62,73
050,21,139,"Kentucky","Livingston County",5,60,144,71,73
050,21,139,"Kentucky","Livingston County",5,61,150,71,79
050,21,139,"Kentucky","Livingston County",5,62,155,75,80
050,21,139,"Kentucky","Livingston County",5,63,141,76,65
050,21,139,"Kentucky","Livingston County",5,64,137,70,67
050,21,139,"Kentucky","Livingston County",5,65,135,66,69
050,21,139,"Kentucky","Livingston County",5,66,128,64,64
050,21,139,"Kentucky","Livingston County",5,67,138,63,75
050,21,139,"Kentucky","Livingston County",5,68,140,70,70
050,21,139,"Kentucky","Livingston County",5,69,131,66,65
050,21,139,"Kentucky","Livingston County",5,70,117,59,58
050,21,139,"Kentucky","Livingston County",5,71,98,43,55
050,21,139,"Kentucky","Livingston County",5,72,92,49,43
050,21,139,"Kentucky","Livingston County",5,73,102,47,55
050,21,139,"Kentucky","Livingston County",5,74,101,45,56
050,21,139,"Kentucky","Livingston County",5,75,82,37,45
050,21,139,"Kentucky","Livingston County",5,76,112,55,57
050,21,139,"Kentucky","Livingston County",5,77,72,35,37
050,21,139,"Kentucky","Livingston County",5,78,66,29,37
050,21,139,"Kentucky","Livingston County",5,79,69,34,35
050,21,139,"Kentucky","Livingston County",5,80,74,32,42
050,21,139,"Kentucky","Livingston County",5,81,64,30,34
050,21,139,"Kentucky","Livingston County",5,82,56,27,29
050,21,139,"Kentucky","Livingston County",5,83,45,18,27
050,21,139,"Kentucky","Livingston County",5,84,35,13,22
050,21,139,"Kentucky","Livingston County",5,85,195,77,118
050,21,141,"Kentucky","Logan County",1,0,372,192,180
050,21,141,"Kentucky","Logan County",1,1,362,194,168
050,21,141,"Kentucky","Logan County",1,2,353,176,177
050,21,141,"Kentucky","Logan County",1,3,343,176,167
050,21,141,"Kentucky","Logan County",1,4,371,189,182
050,21,141,"Kentucky","Logan County",1,5,357,200,157
050,21,141,"Kentucky","Logan County",1,6,368,192,176
050,21,141,"Kentucky","Logan County",1,7,381,190,191
050,21,141,"Kentucky","Logan County",1,8,368,182,186
050,21,141,"Kentucky","Logan County",1,9,350,181,169
050,21,141,"Kentucky","Logan County",1,10,357,188,169
050,21,141,"Kentucky","Logan County",1,11,347,184,163
050,21,141,"Kentucky","Logan County",1,12,362,187,175
050,21,141,"Kentucky","Logan County",1,13,370,185,185
050,21,141,"Kentucky","Logan County",1,14,350,173,177
050,21,141,"Kentucky","Logan County",1,15,387,199,188
050,21,141,"Kentucky","Logan County",1,16,369,195,174
050,21,141,"Kentucky","Logan County",1,17,352,178,174
050,21,141,"Kentucky","Logan County",1,18,307,163,144
050,21,141,"Kentucky","Logan County",1,19,256,142,114
050,21,141,"Kentucky","Logan County",1,20,293,153,140
050,21,141,"Kentucky","Logan County",1,21,277,137,140
050,21,141,"Kentucky","Logan County",1,22,304,141,163
050,21,141,"Kentucky","Logan County",1,23,317,165,152
050,21,141,"Kentucky","Logan County",1,24,330,169,161
050,21,141,"Kentucky","Logan County",1,25,339,186,153
050,21,141,"Kentucky","Logan County",1,26,317,161,156
050,21,141,"Kentucky","Logan County",1,27,328,169,159
050,21,141,"Kentucky","Logan County",1,28,356,186,170
050,21,141,"Kentucky","Logan County",1,29,362,172,190
050,21,141,"Kentucky","Logan County",1,30,346,165,181
050,21,141,"Kentucky","Logan County",1,31,304,153,151
050,21,141,"Kentucky","Logan County",1,32,302,167,135
050,21,141,"Kentucky","Logan County",1,33,289,153,136
050,21,141,"Kentucky","Logan County",1,34,296,136,160
050,21,141,"Kentucky","Logan County",1,35,336,160,176
050,21,141,"Kentucky","Logan County",1,36,343,169,174
050,21,141,"Kentucky","Logan County",1,37,354,180,174
050,21,141,"Kentucky","Logan County",1,38,339,167,172
050,21,141,"Kentucky","Logan County",1,39,354,177,177
050,21,141,"Kentucky","Logan County",1,40,341,166,175
050,21,141,"Kentucky","Logan County",1,41,314,164,150
050,21,141,"Kentucky","Logan County",1,42,303,148,155
050,21,141,"Kentucky","Logan County",1,43,317,158,159
050,21,141,"Kentucky","Logan County",1,44,295,144,151
050,21,141,"Kentucky","Logan County",1,45,291,136,155
050,21,141,"Kentucky","Logan County",1,46,298,154,144
050,21,141,"Kentucky","Logan County",1,47,310,155,155
050,21,141,"Kentucky","Logan County",1,48,347,176,171
050,21,141,"Kentucky","Logan County",1,49,354,189,165
050,21,141,"Kentucky","Logan County",1,50,361,199,162
050,21,141,"Kentucky","Logan County",1,51,362,189,173
050,21,141,"Kentucky","Logan County",1,52,353,174,179
050,21,141,"Kentucky","Logan County",1,53,350,166,184
050,21,141,"Kentucky","Logan County",1,54,367,177,190
050,21,141,"Kentucky","Logan County",1,55,376,180,196
050,21,141,"Kentucky","Logan County",1,56,372,178,194
050,21,141,"Kentucky","Logan County",1,57,406,198,208
050,21,141,"Kentucky","Logan County",1,58,412,210,202
050,21,141,"Kentucky","Logan County",1,59,386,199,187
050,21,141,"Kentucky","Logan County",1,60,396,198,198
050,21,141,"Kentucky","Logan County",1,61,402,213,189
050,21,141,"Kentucky","Logan County",1,62,383,193,190
050,21,141,"Kentucky","Logan County",1,63,371,178,193
050,21,141,"Kentucky","Logan County",1,64,353,162,191
050,21,141,"Kentucky","Logan County",1,65,338,143,195
050,21,141,"Kentucky","Logan County",1,66,315,144,171
050,21,141,"Kentucky","Logan County",1,67,326,161,165
050,21,141,"Kentucky","Logan County",1,68,333,153,180
050,21,141,"Kentucky","Logan County",1,69,304,150,154
050,21,141,"Kentucky","Logan County",1,70,262,124,138
050,21,141,"Kentucky","Logan County",1,71,265,125,140
050,21,141,"Kentucky","Logan County",1,72,290,127,163
050,21,141,"Kentucky","Logan County",1,73,298,133,165
050,21,141,"Kentucky","Logan County",1,74,209,92,117
050,21,141,"Kentucky","Logan County",1,75,220,102,118
050,21,141,"Kentucky","Logan County",1,76,215,103,112
050,21,141,"Kentucky","Logan County",1,77,196,96,100
050,21,141,"Kentucky","Logan County",1,78,193,89,104
050,21,141,"Kentucky","Logan County",1,79,168,76,92
050,21,141,"Kentucky","Logan County",1,80,156,74,82
050,21,141,"Kentucky","Logan County",1,81,128,57,71
050,21,141,"Kentucky","Logan County",1,82,110,46,64
050,21,141,"Kentucky","Logan County",1,83,101,48,53
050,21,141,"Kentucky","Logan County",1,84,90,43,47
050,21,141,"Kentucky","Logan County",1,85,524,195,329
050,21,141,"Kentucky","Logan County",2,0,392,197,195
050,21,141,"Kentucky","Logan County",2,1,364,193,171
050,21,141,"Kentucky","Logan County",2,2,355,181,174
050,21,141,"Kentucky","Logan County",2,3,347,178,169
050,21,141,"Kentucky","Logan County",2,4,365,188,177
050,21,141,"Kentucky","Logan County",2,5,363,197,166
050,21,141,"Kentucky","Logan County",2,6,368,195,173
050,21,141,"Kentucky","Logan County",2,7,381,192,189
050,21,141,"Kentucky","Logan County",2,8,371,182,189
050,21,141,"Kentucky","Logan County",2,9,356,182,174
050,21,141,"Kentucky","Logan County",2,10,353,186,167
050,21,141,"Kentucky","Logan County",2,11,350,184,166
050,21,141,"Kentucky","Logan County",2,12,365,189,176
050,21,141,"Kentucky","Logan County",2,13,368,186,182
050,21,141,"Kentucky","Logan County",2,14,357,177,180
050,21,141,"Kentucky","Logan County",2,15,382,194,188
050,21,141,"Kentucky","Logan County",2,16,377,197,180
050,21,141,"Kentucky","Logan County",2,17,357,182,175
050,21,141,"Kentucky","Logan County",2,18,302,160,142
050,21,141,"Kentucky","Logan County",2,19,254,137,117
050,21,141,"Kentucky","Logan County",2,20,292,154,138
050,21,141,"Kentucky","Logan County",2,21,284,142,142
050,21,141,"Kentucky","Logan County",2,22,304,144,160
050,21,141,"Kentucky","Logan County",2,23,321,164,157
050,21,141,"Kentucky","Logan County",2,24,329,169,160
050,21,141,"Kentucky","Logan County",2,25,339,181,158
050,21,141,"Kentucky","Logan County",2,26,325,170,155
050,21,141,"Kentucky","Logan County",2,27,327,168,159
050,21,141,"Kentucky","Logan County",2,28,349,182,167
050,21,141,"Kentucky","Logan County",2,29,362,174,188
050,21,141,"Kentucky","Logan County",2,30,350,167,183
050,21,141,"Kentucky","Logan County",2,31,311,154,157
050,21,141,"Kentucky","Logan County",2,32,301,162,139
050,21,141,"Kentucky","Logan County",2,33,290,154,136
050,21,141,"Kentucky","Logan County",2,34,298,142,156
050,21,141,"Kentucky","Logan County",2,35,328,154,174
050,21,141,"Kentucky","Logan County",2,36,344,168,176
050,21,141,"Kentucky","Logan County",2,37,352,176,176
050,21,141,"Kentucky","Logan County",2,38,345,171,174
050,21,141,"Kentucky","Logan County",2,39,355,177,178
050,21,141,"Kentucky","Logan County",2,40,346,169,177
050,21,141,"Kentucky","Logan County",2,41,319,163,156
050,21,141,"Kentucky","Logan County",2,42,303,150,153
050,21,141,"Kentucky","Logan County",2,43,317,159,158
050,21,141,"Kentucky","Logan County",2,44,296,144,152
050,21,141,"Kentucky","Logan County",2,45,295,140,155
050,21,141,"Kentucky","Logan County",2,46,297,150,147
050,21,141,"Kentucky","Logan County",2,47,306,154,152
050,21,141,"Kentucky","Logan County",2,48,340,173,167
050,21,141,"Kentucky","Logan County",2,49,358,189,169
050,21,141,"Kentucky","Logan County",2,50,366,200,166
050,21,141,"Kentucky","Logan County",2,51,362,191,171
050,21,141,"Kentucky","Logan County",2,52,356,177,179
050,21,141,"Kentucky","Logan County",2,53,349,167,182
050,21,141,"Kentucky","Logan County",2,54,359,172,187
050,21,141,"Kentucky","Logan County",2,55,373,178,195
050,21,141,"Kentucky","Logan County",2,56,377,182,195
050,21,141,"Kentucky","Logan County",2,57,400,195,205
050,21,141,"Kentucky","Logan County",2,58,413,207,206
050,21,141,"Kentucky","Logan County",2,59,392,202,190
050,21,141,"Kentucky","Logan County",2,60,392,198,194
050,21,141,"Kentucky","Logan County",2,61,399,209,190
050,21,141,"Kentucky","Logan County",2,62,385,196,189
050,21,141,"Kentucky","Logan County",2,63,378,184,194
050,21,141,"Kentucky","Logan County",2,64,354,165,189
050,21,141,"Kentucky","Logan County",2,65,341,146,195
050,21,141,"Kentucky","Logan County",2,66,320,142,178
050,21,141,"Kentucky","Logan County",2,67,325,157,168
050,21,141,"Kentucky","Logan County",2,68,328,155,173
050,21,141,"Kentucky","Logan County",2,69,311,149,162
050,21,141,"Kentucky","Logan County",2,70,270,131,139
050,21,141,"Kentucky","Logan County",2,71,263,124,139
050,21,141,"Kentucky","Logan County",2,72,277,124,153
050,21,141,"Kentucky","Logan County",2,73,310,137,173
050,21,141,"Kentucky","Logan County",2,74,216,94,122
050,21,141,"Kentucky","Logan County",2,75,213,97,116
050,21,141,"Kentucky","Logan County",2,76,212,101,111
050,21,141,"Kentucky","Logan County",2,77,205,102,103
050,21,141,"Kentucky","Logan County",2,78,184,86,98
050,21,141,"Kentucky","Logan County",2,79,169,77,92
050,21,141,"Kentucky","Logan County",2,80,157,73,84
050,21,141,"Kentucky","Logan County",2,81,128,58,70
050,21,141,"Kentucky","Logan County",2,82,113,48,65
050,21,141,"Kentucky","Logan County",2,83,100,45,55
050,21,141,"Kentucky","Logan County",2,84,85,40,45
050,21,141,"Kentucky","Logan County",2,85,521,193,328
050,21,141,"Kentucky","Logan County",3,0,356,189,167
050,21,141,"Kentucky","Logan County",3,1,401,190,211
050,21,141,"Kentucky","Logan County",3,2,373,202,171
050,21,141,"Kentucky","Logan County",3,3,361,180,181
050,21,141,"Kentucky","Logan County",3,4,339,179,160
050,21,141,"Kentucky","Logan County",3,5,385,198,187
050,21,141,"Kentucky","Logan County",3,6,378,198,180
050,21,141,"Kentucky","Logan County",3,7,368,200,168
050,21,141,"Kentucky","Logan County",3,8,393,207,186
050,21,141,"Kentucky","Logan County",3,9,372,183,189
050,21,141,"Kentucky","Logan County",3,10,354,181,173
050,21,141,"Kentucky","Logan County",3,11,367,191,176
050,21,141,"Kentucky","Logan County",3,12,371,196,175
050,21,141,"Kentucky","Logan County",3,13,379,191,188
050,21,141,"Kentucky","Logan County",3,14,368,190,178
050,21,141,"Kentucky","Logan County",3,15,375,188,187
050,21,141,"Kentucky","Logan County",3,16,385,199,186
050,21,141,"Kentucky","Logan County",3,17,388,206,182
050,21,141,"Kentucky","Logan County",3,18,304,156,148
050,21,141,"Kentucky","Logan County",3,19,251,135,116
050,21,141,"Kentucky","Logan County",3,20,283,156,127
050,21,141,"Kentucky","Logan County",3,21,310,164,146
050,21,141,"Kentucky","Logan County",3,22,310,157,153
050,21,141,"Kentucky","Logan County",3,23,333,159,174
050,21,141,"Kentucky","Logan County",3,24,335,176,159
050,21,141,"Kentucky","Logan County",3,25,346,181,165
050,21,141,"Kentucky","Logan County",3,26,337,183,154
050,21,141,"Kentucky","Logan County",3,27,343,183,160
050,21,141,"Kentucky","Logan County",3,28,323,159,164
050,21,141,"Kentucky","Logan County",3,29,345,188,157
050,21,141,"Kentucky","Logan County",3,30,361,170,191
050,21,141,"Kentucky","Logan County",3,31,344,164,180
050,21,141,"Kentucky","Logan County",3,32,315,158,157
050,21,141,"Kentucky","Logan County",3,33,308,170,138
050,21,141,"Kentucky","Logan County",3,34,298,162,136
050,21,141,"Kentucky","Logan County",3,35,308,147,161
050,21,141,"Kentucky","Logan County",3,36,337,159,178
050,21,141,"Kentucky","Logan County",3,37,341,168,173
050,21,141,"Kentucky","Logan County",3,38,369,186,183
050,21,141,"Kentucky","Logan County",3,39,350,180,170
050,21,141,"Kentucky","Logan County",3,40,360,181,179
050,21,141,"Kentucky","Logan County",3,41,350,168,182
050,21,141,"Kentucky","Logan County",3,42,316,166,150
050,21,141,"Kentucky","Logan County",3,43,302,150,152
050,21,141,"Kentucky","Logan County",3,44,304,149,155
050,21,141,"Kentucky","Logan County",3,45,299,151,148
050,21,141,"Kentucky","Logan County",3,46,295,137,158
050,21,141,"Kentucky","Logan County",3,47,294,148,146
050,21,141,"Kentucky","Logan County",3,48,314,159,155
050,21,141,"Kentucky","Logan County",3,49,338,167,171
050,21,141,"Kentucky","Logan County",3,50,362,191,171
050,21,141,"Kentucky","Logan County",3,51,364,197,167
050,21,141,"Kentucky","Logan County",3,52,368,200,168
050,21,141,"Kentucky","Logan County",3,53,345,175,170
050,21,141,"Kentucky","Logan County",3,54,359,170,189
050,21,141,"Kentucky","Logan County",3,55,352,167,185
050,21,141,"Kentucky","Logan County",3,56,369,179,190
050,21,141,"Kentucky","Logan County",3,57,379,184,195
050,21,141,"Kentucky","Logan County",3,58,402,193,209
050,21,141,"Kentucky","Logan County",3,59,408,204,204
050,21,141,"Kentucky","Logan County",3,60,386,198,188
050,21,141,"Kentucky","Logan County",3,61,397,206,191
050,21,141,"Kentucky","Logan County",3,62,397,205,192
050,21,141,"Kentucky","Logan County",3,63,370,191,179
050,21,141,"Kentucky","Logan County",3,64,379,184,195
050,21,141,"Kentucky","Logan County",3,65,334,148,186
050,21,141,"Kentucky","Logan County",3,66,332,143,189
050,21,141,"Kentucky","Logan County",3,67,318,142,176
050,21,141,"Kentucky","Logan County",3,68,317,154,163
050,21,141,"Kentucky","Logan County",3,69,327,152,175
050,21,141,"Kentucky","Logan County",3,70,297,140,157
050,21,141,"Kentucky","Logan County",3,71,256,126,130
050,21,141,"Kentucky","Logan County",3,72,255,119,136
050,21,141,"Kentucky","Logan County",3,73,266,118,148
050,21,141,"Kentucky","Logan County",3,74,298,128,170
050,21,141,"Kentucky","Logan County",3,75,210,95,115
050,21,141,"Kentucky","Logan County",3,76,210,93,117
050,21,141,"Kentucky","Logan County",3,77,203,96,107
050,21,141,"Kentucky","Logan County",3,78,191,99,92
050,21,141,"Kentucky","Logan County",3,79,178,81,97
050,21,141,"Kentucky","Logan County",3,80,147,68,79
050,21,141,"Kentucky","Logan County",3,81,151,68,83
050,21,141,"Kentucky","Logan County",3,82,118,55,63
050,21,141,"Kentucky","Logan County",3,83,107,48,59
050,21,141,"Kentucky","Logan County",3,84,83,40,43
050,21,141,"Kentucky","Logan County",3,85,533,200,333
050,21,141,"Kentucky","Logan County",4,0,373,184,189
050,21,141,"Kentucky","Logan County",4,1,367,191,176
050,21,141,"Kentucky","Logan County",4,2,393,179,214
050,21,141,"Kentucky","Logan County",4,3,374,191,183
050,21,141,"Kentucky","Logan County",4,4,359,185,174
050,21,141,"Kentucky","Logan County",4,5,343,172,171
050,21,141,"Kentucky","Logan County",4,6,383,194,189
050,21,141,"Kentucky","Logan County",4,7,374,199,175
050,21,141,"Kentucky","Logan County",4,8,383,208,175
050,21,141,"Kentucky","Logan County",4,9,397,214,183
050,21,141,"Kentucky","Logan County",4,10,381,189,192
050,21,141,"Kentucky","Logan County",4,11,361,186,175
050,21,141,"Kentucky","Logan County",4,12,370,192,178
050,21,141,"Kentucky","Logan County",4,13,375,194,181
050,21,141,"Kentucky","Logan County",4,14,393,203,190
050,21,141,"Kentucky","Logan County",4,15,371,191,180
050,21,141,"Kentucky","Logan County",4,16,377,190,187
050,21,141,"Kentucky","Logan County",4,17,402,207,195
050,21,141,"Kentucky","Logan County",4,18,325,174,151
050,21,141,"Kentucky","Logan County",4,19,235,120,115
050,21,141,"Kentucky","Logan County",4,20,254,136,118
050,21,141,"Kentucky","Logan County",4,21,288,158,130
050,21,141,"Kentucky","Logan County",4,22,331,176,155
050,21,141,"Kentucky","Logan County",4,23,317,173,144
050,21,141,"Kentucky","Logan County",4,24,330,155,175
050,21,141,"Kentucky","Logan County",4,25,346,187,159
050,21,141,"Kentucky","Logan County",4,26,339,187,152
050,21,141,"Kentucky","Logan County",4,27,333,180,153
050,21,141,"Kentucky","Logan County",4,28,338,176,162
050,21,141,"Kentucky","Logan County",4,29,328,164,164
050,21,141,"Kentucky","Logan County",4,30,330,179,151
050,21,141,"Kentucky","Logan County",4,31,353,167,186
050,21,141,"Kentucky","Logan County",4,32,347,161,186
050,21,141,"Kentucky","Logan County",4,33,314,163,151
050,21,141,"Kentucky","Logan County",4,34,317,177,140
050,21,141,"Kentucky","Logan County",4,35,315,170,145
050,21,141,"Kentucky","Logan County",4,36,315,147,168
050,21,141,"Kentucky","Logan County",4,37,336,163,173
050,21,141,"Kentucky","Logan County",4,38,350,170,180
050,21,141,"Kentucky","Logan County",4,39,366,181,185
050,21,141,"Kentucky","Logan County",4,40,336,174,162
050,21,141,"Kentucky","Logan County",4,41,358,182,176
050,21,141,"Kentucky","Logan County",4,42,345,164,181
050,21,141,"Kentucky","Logan County",4,43,318,174,144
050,21,141,"Kentucky","Logan County",4,44,287,141,146
050,21,141,"Kentucky","Logan County",4,45,303,151,152
050,21,141,"Kentucky","Logan County",4,46,299,147,152
050,21,141,"Kentucky","Logan County",4,47,293,138,155
050,21,141,"Kentucky","Logan County",4,48,305,155,150
050,21,141,"Kentucky","Logan County",4,49,315,163,152
050,21,141,"Kentucky","Logan County",4,50,339,169,170
050,21,141,"Kentucky","Logan County",4,51,361,185,176
050,21,141,"Kentucky","Logan County",4,52,363,196,167
050,21,141,"Kentucky","Logan County",4,53,365,199,166
050,21,141,"Kentucky","Logan County",4,54,344,172,172
050,21,141,"Kentucky","Logan County",4,55,337,161,176
050,21,141,"Kentucky","Logan County",4,56,347,163,184
050,21,141,"Kentucky","Logan County",4,57,377,181,196
050,21,141,"Kentucky","Logan County",4,58,384,185,199
050,21,141,"Kentucky","Logan County",4,59,398,188,210
050,21,141,"Kentucky","Logan County",4,60,406,201,205
050,21,141,"Kentucky","Logan County",4,61,378,197,181
050,21,141,"Kentucky","Logan County",4,62,387,195,192
050,21,141,"Kentucky","Logan County",4,63,389,201,188
050,21,141,"Kentucky","Logan County",4,64,362,191,171
050,21,141,"Kentucky","Logan County",4,65,367,173,194
050,21,141,"Kentucky","Logan County",4,66,336,148,188
050,21,141,"Kentucky","Logan County",4,67,340,142,198
050,21,141,"Kentucky","Logan County",4,68,309,135,174
050,21,141,"Kentucky","Logan County",4,69,318,148,170
050,21,141,"Kentucky","Logan County",4,70,322,150,172
050,21,141,"Kentucky","Logan County",4,71,298,143,155
050,21,141,"Kentucky","Logan County",4,72,252,117,135
050,21,141,"Kentucky","Logan County",4,73,237,113,124
050,21,141,"Kentucky","Logan County",4,74,263,115,148
050,21,141,"Kentucky","Logan County",4,75,282,125,157
050,21,141,"Kentucky","Logan County",4,76,199,89,110
050,21,141,"Kentucky","Logan County",4,77,204,90,114
050,21,141,"Kentucky","Logan County",4,78,194,87,107
050,21,141,"Kentucky","Logan County",4,79,179,93,86
050,21,141,"Kentucky","Logan County",4,80,156,66,90
050,21,141,"Kentucky","Logan County",4,81,142,67,75
050,21,141,"Kentucky","Logan County",4,82,147,65,82
050,21,141,"Kentucky","Logan County",4,83,114,51,63
050,21,141,"Kentucky","Logan County",4,84,88,40,48
050,21,141,"Kentucky","Logan County",4,85,530,204,326
050,21,141,"Kentucky","Logan County",5,0,361,175,186
050,21,141,"Kentucky","Logan County",5,1,378,188,190
050,21,141,"Kentucky","Logan County",5,2,378,197,181
050,21,141,"Kentucky","Logan County",5,3,403,175,228
050,21,141,"Kentucky","Logan County",5,4,386,202,184
050,21,141,"Kentucky","Logan County",5,5,361,181,180
050,21,141,"Kentucky","Logan County",5,6,346,175,171
050,21,141,"Kentucky","Logan County",5,7,378,194,184
050,21,141,"Kentucky","Logan County",5,8,381,213,168
050,21,141,"Kentucky","Logan County",5,9,388,209,179
050,21,141,"Kentucky","Logan County",5,10,407,217,190
050,21,141,"Kentucky","Logan County",5,11,395,203,192
050,21,141,"Kentucky","Logan County",5,12,375,194,181
050,21,141,"Kentucky","Logan County",5,13,375,196,179
050,21,141,"Kentucky","Logan County",5,14,366,190,176
050,21,141,"Kentucky","Logan County",5,15,400,213,187
050,21,141,"Kentucky","Logan County",5,16,391,207,184
050,21,141,"Kentucky","Logan County",5,17,368,185,183
050,21,141,"Kentucky","Logan County",5,18,336,177,159
050,21,141,"Kentucky","Logan County",5,19,248,138,110
050,21,141,"Kentucky","Logan County",5,20,256,130,126
050,21,141,"Kentucky","Logan County",5,21,277,143,134
050,21,141,"Kentucky","Logan County",5,22,306,158,148
050,21,141,"Kentucky","Logan County",5,23,358,190,168
050,21,141,"Kentucky","Logan County",5,24,352,172,180
050,21,141,"Kentucky","Logan County",5,25,345,164,181
050,21,141,"Kentucky","Logan County",5,26,354,186,168
050,21,141,"Kentucky","Logan County",5,27,353,194,159
050,21,141,"Kentucky","Logan County",5,28,339,178,161
050,21,141,"Kentucky","Logan County",5,29,349,188,161
050,21,141,"Kentucky","Logan County",5,30,336,168,168
050,21,141,"Kentucky","Logan County",5,31,347,181,166
050,21,141,"Kentucky","Logan County",5,32,359,166,193
050,21,141,"Kentucky","Logan County",5,33,360,172,188
050,21,141,"Kentucky","Logan County",5,34,335,173,162
050,21,141,"Kentucky","Logan County",5,35,318,176,142
050,21,141,"Kentucky","Logan County",5,36,326,171,155
050,21,141,"Kentucky","Logan County",5,37,317,141,176
050,21,141,"Kentucky","Logan County",5,38,337,168,169
050,21,141,"Kentucky","Logan County",5,39,360,178,182
050,21,141,"Kentucky","Logan County",5,40,364,187,177
050,21,141,"Kentucky","Logan County",5,41,339,179,160
050,21,141,"Kentucky","Logan County",5,42,373,185,188
050,21,141,"Kentucky","Logan County",5,43,355,171,184
050,21,141,"Kentucky","Logan County",5,44,316,169,147
050,21,141,"Kentucky","Logan County",5,45,292,145,147
050,21,141,"Kentucky","Logan County",5,46,309,153,156
050,21,141,"Kentucky","Logan County",5,47,308,148,160
050,21,141,"Kentucky","Logan County",5,48,304,145,159
050,21,141,"Kentucky","Logan County",5,49,313,159,154
050,21,141,"Kentucky","Logan County",5,50,338,172,166
050,21,141,"Kentucky","Logan County",5,51,337,168,169
050,21,141,"Kentucky","Logan County",5,52,369,193,176
050,21,141,"Kentucky","Logan County",5,53,359,196,163
050,21,141,"Kentucky","Logan County",5,54,361,187,174
050,21,141,"Kentucky","Logan County",5,55,341,170,171
050,21,141,"Kentucky","Logan County",5,56,329,159,170
050,21,141,"Kentucky","Logan County",5,57,359,168,191
050,21,141,"Kentucky","Logan County",5,58,374,180,194
050,21,141,"Kentucky","Logan County",5,59,379,182,197
050,21,141,"Kentucky","Logan County",5,60,394,184,210
050,21,141,"Kentucky","Logan County",5,61,409,201,208
050,21,141,"Kentucky","Logan County",5,62,378,195,183
050,21,141,"Kentucky","Logan County",5,63,379,192,187
050,21,141,"Kentucky","Logan County",5,64,385,200,185
050,21,141,"Kentucky","Logan County",5,65,343,184,159
050,21,141,"Kentucky","Logan County",5,66,362,174,188
050,21,141,"Kentucky","Logan County",5,67,344,148,196
050,21,141,"Kentucky","Logan County",5,68,332,138,194
050,21,141,"Kentucky","Logan County",5,69,309,131,178
050,21,141,"Kentucky","Logan County",5,70,312,146,166
050,21,141,"Kentucky","Logan County",5,71,319,153,166
050,21,141,"Kentucky","Logan County",5,72,296,138,158
050,21,141,"Kentucky","Logan County",5,73,240,113,127
050,21,141,"Kentucky","Logan County",5,74,236,113,123
050,21,141,"Kentucky","Logan County",5,75,253,113,140
050,21,141,"Kentucky","Logan County",5,76,268,113,155
050,21,141,"Kentucky","Logan County",5,77,192,83,109
050,21,141,"Kentucky","Logan County",5,78,191,81,110
050,21,141,"Kentucky","Logan County",5,79,185,81,104
050,21,141,"Kentucky","Logan County",5,80,160,81,79
050,21,141,"Kentucky","Logan County",5,81,151,66,85
050,21,141,"Kentucky","Logan County",5,82,135,60,75
050,21,141,"Kentucky","Logan County",5,83,143,61,82
050,21,141,"Kentucky","Logan County",5,84,94,41,53
050,21,141,"Kentucky","Logan County",5,85,549,217,332
050,21,143,"Kentucky","Lyon County",1,0,45,22,23
050,21,143,"Kentucky","Lyon County",1,1,52,26,26
050,21,143,"Kentucky","Lyon County",1,2,56,28,28
050,21,143,"Kentucky","Lyon County",1,3,55,30,25
050,21,143,"Kentucky","Lyon County",1,4,54,33,21
050,21,143,"Kentucky","Lyon County",1,5,57,30,27
050,21,143,"Kentucky","Lyon County",1,6,69,38,31
050,21,143,"Kentucky","Lyon County",1,7,55,24,31
050,21,143,"Kentucky","Lyon County",1,8,57,28,29
050,21,143,"Kentucky","Lyon County",1,9,64,36,28
050,21,143,"Kentucky","Lyon County",1,10,64,35,29
050,21,143,"Kentucky","Lyon County",1,11,82,44,38
050,21,143,"Kentucky","Lyon County",1,12,82,52,30
050,21,143,"Kentucky","Lyon County",1,13,87,46,41
050,21,143,"Kentucky","Lyon County",1,14,87,41,46
050,21,143,"Kentucky","Lyon County",1,15,89,49,40
050,21,143,"Kentucky","Lyon County",1,16,74,34,40
050,21,143,"Kentucky","Lyon County",1,17,73,39,34
050,21,143,"Kentucky","Lyon County",1,18,55,27,28
050,21,143,"Kentucky","Lyon County",1,19,59,33,26
050,21,143,"Kentucky","Lyon County",1,20,70,40,30
050,21,143,"Kentucky","Lyon County",1,21,75,44,31
050,21,143,"Kentucky","Lyon County",1,22,97,71,26
050,21,143,"Kentucky","Lyon County",1,23,94,65,29
050,21,143,"Kentucky","Lyon County",1,24,111,80,31
050,21,143,"Kentucky","Lyon County",1,25,100,71,29
050,21,143,"Kentucky","Lyon County",1,26,114,84,30
050,21,143,"Kentucky","Lyon County",1,27,120,92,28
050,21,143,"Kentucky","Lyon County",1,28,93,65,28
050,21,143,"Kentucky","Lyon County",1,29,136,108,28
050,21,143,"Kentucky","Lyon County",1,30,124,94,30
050,21,143,"Kentucky","Lyon County",1,31,122,93,29
050,21,143,"Kentucky","Lyon County",1,32,115,86,29
050,21,143,"Kentucky","Lyon County",1,33,103,74,29
050,21,143,"Kentucky","Lyon County",1,34,105,77,28
050,21,143,"Kentucky","Lyon County",1,35,89,64,25
050,21,143,"Kentucky","Lyon County",1,36,110,83,27
050,21,143,"Kentucky","Lyon County",1,37,111,79,32
050,21,143,"Kentucky","Lyon County",1,38,110,74,36
050,21,143,"Kentucky","Lyon County",1,39,101,70,31
050,21,143,"Kentucky","Lyon County",1,40,113,78,35
050,21,143,"Kentucky","Lyon County",1,41,119,75,44
050,21,143,"Kentucky","Lyon County",1,42,121,77,44
050,21,143,"Kentucky","Lyon County",1,43,119,87,32
050,21,143,"Kentucky","Lyon County",1,44,109,77,32
050,21,143,"Kentucky","Lyon County",1,45,111,72,39
050,21,143,"Kentucky","Lyon County",1,46,106,69,37
050,21,143,"Kentucky","Lyon County",1,47,108,77,31
050,21,143,"Kentucky","Lyon County",1,48,113,71,42
050,21,143,"Kentucky","Lyon County",1,49,133,92,41
050,21,143,"Kentucky","Lyon County",1,50,136,73,63
050,21,143,"Kentucky","Lyon County",1,51,115,69,46
050,21,143,"Kentucky","Lyon County",1,52,119,72,47
050,21,143,"Kentucky","Lyon County",1,53,122,73,49
050,21,143,"Kentucky","Lyon County",1,54,116,66,50
050,21,143,"Kentucky","Lyon County",1,55,146,81,65
050,21,143,"Kentucky","Lyon County",1,56,136,75,61
050,21,143,"Kentucky","Lyon County",1,57,125,67,58
050,21,143,"Kentucky","Lyon County",1,58,134,72,62
050,21,143,"Kentucky","Lyon County",1,59,138,66,72
050,21,143,"Kentucky","Lyon County",1,60,141,71,70
050,21,143,"Kentucky","Lyon County",1,61,140,70,70
050,21,143,"Kentucky","Lyon County",1,62,132,71,61
050,21,143,"Kentucky","Lyon County",1,63,148,76,72
050,21,143,"Kentucky","Lyon County",1,64,147,65,82
050,21,143,"Kentucky","Lyon County",1,65,151,73,78
050,21,143,"Kentucky","Lyon County",1,66,134,70,64
050,21,143,"Kentucky","Lyon County",1,67,129,68,61
050,21,143,"Kentucky","Lyon County",1,68,132,71,61
050,21,143,"Kentucky","Lyon County",1,69,138,64,74
050,21,143,"Kentucky","Lyon County",1,70,130,59,71
050,21,143,"Kentucky","Lyon County",1,71,134,63,71
050,21,143,"Kentucky","Lyon County",1,72,137,72,65
050,21,143,"Kentucky","Lyon County",1,73,129,72,57
050,21,143,"Kentucky","Lyon County",1,74,72,30,42
050,21,143,"Kentucky","Lyon County",1,75,74,33,41
050,21,143,"Kentucky","Lyon County",1,76,89,38,51
050,21,143,"Kentucky","Lyon County",1,77,82,36,46
050,21,143,"Kentucky","Lyon County",1,78,67,33,34
050,21,143,"Kentucky","Lyon County",1,79,72,40,32
050,21,143,"Kentucky","Lyon County",1,80,61,26,35
050,21,143,"Kentucky","Lyon County",1,81,57,23,34
050,21,143,"Kentucky","Lyon County",1,82,57,29,28
050,21,143,"Kentucky","Lyon County",1,83,40,17,23
050,21,143,"Kentucky","Lyon County",1,84,42,20,22
050,21,143,"Kentucky","Lyon County",1,85,195,72,123
050,21,143,"Kentucky","Lyon County",2,0,50,26,24
050,21,143,"Kentucky","Lyon County",2,1,52,26,26
050,21,143,"Kentucky","Lyon County",2,2,55,27,28
050,21,143,"Kentucky","Lyon County",2,3,55,29,26
050,21,143,"Kentucky","Lyon County",2,4,54,33,21
050,21,143,"Kentucky","Lyon County",2,5,56,31,25
050,21,143,"Kentucky","Lyon County",2,6,64,35,29
050,21,143,"Kentucky","Lyon County",2,7,58,27,31
050,21,143,"Kentucky","Lyon County",2,8,56,27,29
050,21,143,"Kentucky","Lyon County",2,9,62,34,28
050,21,143,"Kentucky","Lyon County",2,10,66,36,30
050,21,143,"Kentucky","Lyon County",2,11,81,43,38
050,21,143,"Kentucky","Lyon County",2,12,82,50,32
050,21,143,"Kentucky","Lyon County",2,13,84,46,38
050,21,143,"Kentucky","Lyon County",2,14,88,42,46
050,21,143,"Kentucky","Lyon County",2,15,87,46,41
050,21,143,"Kentucky","Lyon County",2,16,77,37,40
050,21,143,"Kentucky","Lyon County",2,17,72,37,35
050,21,143,"Kentucky","Lyon County",2,18,58,29,29
050,21,143,"Kentucky","Lyon County",2,19,56,31,25
050,21,143,"Kentucky","Lyon County",2,20,72,41,31
050,21,143,"Kentucky","Lyon County",2,21,75,44,31
050,21,143,"Kentucky","Lyon County",2,22,97,70,27
050,21,143,"Kentucky","Lyon County",2,23,96,67,29
050,21,143,"Kentucky","Lyon County",2,24,110,80,30
050,21,143,"Kentucky","Lyon County",2,25,101,72,29
050,21,143,"Kentucky","Lyon County",2,26,109,81,28
050,21,143,"Kentucky","Lyon County",2,27,121,92,29
050,21,143,"Kentucky","Lyon County",2,28,94,67,27
050,21,143,"Kentucky","Lyon County",2,29,130,102,28
050,21,143,"Kentucky","Lyon County",2,30,129,99,30
050,21,143,"Kentucky","Lyon County",2,31,122,92,30
050,21,143,"Kentucky","Lyon County",2,32,119,89,30
050,21,143,"Kentucky","Lyon County",2,33,103,73,30
050,21,143,"Kentucky","Lyon County",2,34,104,76,28
050,21,143,"Kentucky","Lyon County",2,35,91,65,26
050,21,143,"Kentucky","Lyon County",2,36,109,83,26
050,21,143,"Kentucky","Lyon County",2,37,108,77,31
050,21,143,"Kentucky","Lyon County",2,38,109,74,35
050,21,143,"Kentucky","Lyon County",2,39,102,70,32
050,21,143,"Kentucky","Lyon County",2,40,113,78,35
050,21,143,"Kentucky","Lyon County",2,41,117,74,43
050,21,143,"Kentucky","Lyon County",2,42,119,75,44
050,21,143,"Kentucky","Lyon County",2,43,122,87,35
050,21,143,"Kentucky","Lyon County",2,44,109,77,32
050,21,143,"Kentucky","Lyon County",2,45,109,71,38
050,21,143,"Kentucky","Lyon County",2,46,107,71,36
050,21,143,"Kentucky","Lyon County",2,47,107,76,31
050,21,143,"Kentucky","Lyon County",2,48,108,70,38
050,21,143,"Kentucky","Lyon County",2,49,135,92,43
050,21,143,"Kentucky","Lyon County",2,50,131,74,57
050,21,143,"Kentucky","Lyon County",2,51,121,70,51
050,21,143,"Kentucky","Lyon County",2,52,120,72,48
050,21,143,"Kentucky","Lyon County",2,53,120,71,49
050,21,143,"Kentucky","Lyon County",2,54,117,67,50
050,21,143,"Kentucky","Lyon County",2,55,140,79,61
050,21,143,"Kentucky","Lyon County",2,56,138,75,63
050,21,143,"Kentucky","Lyon County",2,57,128,70,58
050,21,143,"Kentucky","Lyon County",2,58,132,71,61
050,21,143,"Kentucky","Lyon County",2,59,136,67,69
050,21,143,"Kentucky","Lyon County",2,60,141,71,70
050,21,143,"Kentucky","Lyon County",2,61,140,70,70
050,21,143,"Kentucky","Lyon County",2,62,135,71,64
050,21,143,"Kentucky","Lyon County",2,63,145,75,70
050,21,143,"Kentucky","Lyon County",2,64,144,66,78
050,21,143,"Kentucky","Lyon County",2,65,150,70,80
050,21,143,"Kentucky","Lyon County",2,66,140,71,69
050,21,143,"Kentucky","Lyon County",2,67,132,69,63
050,21,143,"Kentucky","Lyon County",2,68,129,69,60
050,21,143,"Kentucky","Lyon County",2,69,136,65,71
050,21,143,"Kentucky","Lyon County",2,70,132,60,72
050,21,143,"Kentucky","Lyon County",2,71,135,63,72
050,21,143,"Kentucky","Lyon County",2,72,132,68,64
050,21,143,"Kentucky","Lyon County",2,73,135,74,61
050,21,143,"Kentucky","Lyon County",2,74,79,37,42
050,21,143,"Kentucky","Lyon County",2,75,75,33,42
050,21,143,"Kentucky","Lyon County",2,76,84,36,48
050,21,143,"Kentucky","Lyon County",2,77,86,38,48
050,21,143,"Kentucky","Lyon County",2,78,65,31,34
050,21,143,"Kentucky","Lyon County",2,79,72,39,33
050,21,143,"Kentucky","Lyon County",2,80,57,27,30
050,21,143,"Kentucky","Lyon County",2,81,57,23,34
050,21,143,"Kentucky","Lyon County",2,82,55,27,28
050,21,143,"Kentucky","Lyon County",2,83,43,19,24
050,21,143,"Kentucky","Lyon County",2,84,39,19,20
050,21,143,"Kentucky","Lyon County",2,85,198,74,124
050,21,143,"Kentucky","Lyon County",3,0,51,26,25
050,21,143,"Kentucky","Lyon County",3,1,46,27,19
050,21,143,"Kentucky","Lyon County",3,2,48,23,25
050,21,143,"Kentucky","Lyon County",3,3,63,27,36
050,21,143,"Kentucky","Lyon County",3,4,51,29,22
050,21,143,"Kentucky","Lyon County",3,5,57,33,24
050,21,143,"Kentucky","Lyon County",3,6,64,34,30
050,21,143,"Kentucky","Lyon County",3,7,67,37,30
050,21,143,"Kentucky","Lyon County",3,8,61,27,34
050,21,143,"Kentucky","Lyon County",3,9,61,29,32
050,21,143,"Kentucky","Lyon County",3,10,69,36,33
050,21,143,"Kentucky","Lyon County",3,11,74,39,35
050,21,143,"Kentucky","Lyon County",3,12,77,39,38
050,21,143,"Kentucky","Lyon County",3,13,76,49,27
050,21,143,"Kentucky","Lyon County",3,14,89,50,39
050,21,143,"Kentucky","Lyon County",3,15,102,52,50
050,21,143,"Kentucky","Lyon County",3,16,86,45,41
050,21,143,"Kentucky","Lyon County",3,17,77,41,36
050,21,143,"Kentucky","Lyon County",3,18,72,39,33
050,21,143,"Kentucky","Lyon County",3,19,56,31,25
050,21,143,"Kentucky","Lyon County",3,20,70,45,25
050,21,143,"Kentucky","Lyon County",3,21,68,43,25
050,21,143,"Kentucky","Lyon County",3,22,91,54,37
050,21,143,"Kentucky","Lyon County",3,23,95,64,31
050,21,143,"Kentucky","Lyon County",3,24,104,75,29
050,21,143,"Kentucky","Lyon County",3,25,94,67,27
050,21,143,"Kentucky","Lyon County",3,26,88,58,30
050,21,143,"Kentucky","Lyon County",3,27,105,75,30
050,21,143,"Kentucky","Lyon County",3,28,85,60,25
050,21,143,"Kentucky","Lyon County",3,29,100,79,21
050,21,143,"Kentucky","Lyon County",3,30,117,87,30
050,21,143,"Kentucky","Lyon County",3,31,124,87,37
050,21,143,"Kentucky","Lyon County",3,32,109,79,30
050,21,143,"Kentucky","Lyon County",3,33,91,60,31
050,21,143,"Kentucky","Lyon County",3,34,99,67,32
050,21,143,"Kentucky","Lyon County",3,35,92,63,29
050,21,143,"Kentucky","Lyon County",3,36,98,72,26
050,21,143,"Kentucky","Lyon County",3,37,87,59,28
050,21,143,"Kentucky","Lyon County",3,38,96,62,34
050,21,143,"Kentucky","Lyon County",3,39,96,62,34
050,21,143,"Kentucky","Lyon County",3,40,108,73,35
050,21,143,"Kentucky","Lyon County",3,41,104,70,34
050,21,143,"Kentucky","Lyon County",3,42,103,61,42
050,21,143,"Kentucky","Lyon County",3,43,120,74,46
050,21,143,"Kentucky","Lyon County",3,44,115,75,40
050,21,143,"Kentucky","Lyon County",3,45,91,60,31
050,21,143,"Kentucky","Lyon County",3,46,105,67,38
050,21,143,"Kentucky","Lyon County",3,47,116,72,44
050,21,143,"Kentucky","Lyon County",3,48,94,59,35
050,21,143,"Kentucky","Lyon County",3,49,124,84,40
050,21,143,"Kentucky","Lyon County",3,50,110,68,42
050,21,143,"Kentucky","Lyon County",3,51,123,68,55
050,21,143,"Kentucky","Lyon County",3,52,123,72,51
050,21,143,"Kentucky","Lyon County",3,53,111,62,49
050,21,143,"Kentucky","Lyon County",3,54,119,67,52
050,21,143,"Kentucky","Lyon County",3,55,119,66,53
050,21,143,"Kentucky","Lyon County",3,56,127,61,66
050,21,143,"Kentucky","Lyon County",3,57,141,75,66
050,21,143,"Kentucky","Lyon County",3,58,133,72,61
050,21,143,"Kentucky","Lyon County",3,59,131,67,64
050,21,143,"Kentucky","Lyon County",3,60,144,69,75
050,21,143,"Kentucky","Lyon County",3,61,148,70,78
050,21,143,"Kentucky","Lyon County",3,62,140,71,69
050,21,143,"Kentucky","Lyon County",3,63,136,68,68
050,21,143,"Kentucky","Lyon County",3,64,143,73,70
050,21,143,"Kentucky","Lyon County",3,65,151,69,82
050,21,143,"Kentucky","Lyon County",3,66,151,71,80
050,21,143,"Kentucky","Lyon County",3,67,136,66,70
050,21,143,"Kentucky","Lyon County",3,68,123,62,61
050,21,143,"Kentucky","Lyon County",3,69,129,66,63
050,21,143,"Kentucky","Lyon County",3,70,137,68,69
050,21,143,"Kentucky","Lyon County",3,71,133,64,69
050,21,143,"Kentucky","Lyon County",3,72,131,60,71
050,21,143,"Kentucky","Lyon County",3,73,113,58,55
050,21,143,"Kentucky","Lyon County",3,74,134,76,58
050,21,143,"Kentucky","Lyon County",3,75,80,38,42
050,21,143,"Kentucky","Lyon County",3,76,72,30,42
050,21,143,"Kentucky","Lyon County",3,77,78,35,43
050,21,143,"Kentucky","Lyon County",3,78,73,33,40
050,21,143,"Kentucky","Lyon County",3,79,58,26,32
050,21,143,"Kentucky","Lyon County",3,80,62,34,28
050,21,143,"Kentucky","Lyon County",3,81,56,27,29
050,21,143,"Kentucky","Lyon County",3,82,53,22,31
050,21,143,"Kentucky","Lyon County",3,83,53,23,30
050,21,143,"Kentucky","Lyon County",3,84,32,14,18
050,21,143,"Kentucky","Lyon County",3,85,196,75,121
050,21,143,"Kentucky","Lyon County",4,0,53,24,29
050,21,143,"Kentucky","Lyon County",4,1,48,28,20
050,21,143,"Kentucky","Lyon County",4,2,53,30,23
050,21,143,"Kentucky","Lyon County",4,3,44,20,24
050,21,143,"Kentucky","Lyon County",4,4,62,26,36
050,21,143,"Kentucky","Lyon County",4,5,60,35,25
050,21,143,"Kentucky","Lyon County",4,6,62,35,27
050,21,143,"Kentucky","Lyon County",4,7,64,36,28
050,21,143,"Kentucky","Lyon County",4,8,72,41,31
050,21,143,"Kentucky","Lyon County",4,9,63,30,33
050,21,143,"Kentucky","Lyon County",4,10,64,30,34
050,21,143,"Kentucky","Lyon County",4,11,79,45,34
050,21,143,"Kentucky","Lyon County",4,12,80,39,41
050,21,143,"Kentucky","Lyon County",4,13,85,42,43
050,21,143,"Kentucky","Lyon County",4,14,82,53,29
050,21,143,"Kentucky","Lyon County",4,15,94,56,38
050,21,143,"Kentucky","Lyon County",4,16,100,47,53
050,21,143,"Kentucky","Lyon County",4,17,86,49,37
050,21,143,"Kentucky","Lyon County",4,18,68,36,32
050,21,143,"Kentucky","Lyon County",4,19,61,35,26
050,21,143,"Kentucky","Lyon County",4,20,71,45,26
050,21,143,"Kentucky","Lyon County",4,21,87,54,33
050,21,143,"Kentucky","Lyon County",4,22,100,73,27
050,21,143,"Kentucky","Lyon County",4,23,109,68,41
050,21,143,"Kentucky","Lyon County",4,24,119,92,27
050,21,143,"Kentucky","Lyon County",4,25,117,88,29
050,21,143,"Kentucky","Lyon County",4,26,123,96,27
050,21,143,"Kentucky","Lyon County",4,27,121,89,32
050,21,143,"Kentucky","Lyon County",4,28,109,73,36
050,21,143,"Kentucky","Lyon County",4,29,130,103,27
050,21,143,"Kentucky","Lyon County",4,30,136,113,23
050,21,143,"Kentucky","Lyon County",4,31,135,106,29
050,21,143,"Kentucky","Lyon County",4,32,156,116,40
050,21,143,"Kentucky","Lyon County",4,33,114,82,32
050,21,143,"Kentucky","Lyon County",4,34,106,75,31
050,21,143,"Kentucky","Lyon County",4,35,106,76,30
050,21,143,"Kentucky","Lyon County",4,36,138,106,32
050,21,143,"Kentucky","Lyon County",4,37,114,86,28
050,21,143,"Kentucky","Lyon County",4,38,105,74,31
050,21,143,"Kentucky","Lyon County",4,39,112,72,40
050,21,143,"Kentucky","Lyon County",4,40,121,87,34
050,21,143,"Kentucky","Lyon County",4,41,121,87,34
050,21,143,"Kentucky","Lyon County",4,42,119,84,35
050,21,143,"Kentucky","Lyon County",4,43,130,88,42
050,21,143,"Kentucky","Lyon County",4,44,135,83,52
050,21,143,"Kentucky","Lyon County",4,45,110,71,39
050,21,143,"Kentucky","Lyon County",4,46,112,80,32
050,21,143,"Kentucky","Lyon County",4,47,132,86,46
050,21,143,"Kentucky","Lyon County",4,48,119,74,45
050,21,143,"Kentucky","Lyon County",4,49,132,93,39
050,21,143,"Kentucky","Lyon County",4,50,112,74,38
050,21,143,"Kentucky","Lyon County",4,51,129,77,52
050,21,143,"Kentucky","Lyon County",4,52,132,76,56
050,21,143,"Kentucky","Lyon County",4,53,125,74,51
050,21,143,"Kentucky","Lyon County",4,54,112,64,48
050,21,143,"Kentucky","Lyon County",4,55,128,80,48
050,21,143,"Kentucky","Lyon County",4,56,118,64,54
050,21,143,"Kentucky","Lyon County",4,57,127,65,62
050,21,143,"Kentucky","Lyon County",4,58,156,87,69
050,21,143,"Kentucky","Lyon County",4,59,141,75,66
050,21,143,"Kentucky","Lyon County",4,60,142,72,70
050,21,143,"Kentucky","Lyon County",4,61,145,67,78
050,21,143,"Kentucky","Lyon County",4,62,157,78,79
050,21,143,"Kentucky","Lyon County",4,63,161,88,73
050,21,143,"Kentucky","Lyon County",4,64,139,71,68
050,21,143,"Kentucky","Lyon County",4,65,142,74,68
050,21,143,"Kentucky","Lyon County",4,66,151,71,80
050,21,143,"Kentucky","Lyon County",4,67,158,76,82
050,21,143,"Kentucky","Lyon County",4,68,124,58,66
050,21,143,"Kentucky","Lyon County",4,69,121,63,58
050,21,143,"Kentucky","Lyon County",4,70,124,65,59
050,21,143,"Kentucky","Lyon County",4,71,133,67,66
050,21,143,"Kentucky","Lyon County",4,72,128,64,64
050,21,143,"Kentucky","Lyon County",4,73,124,51,73
050,21,143,"Kentucky","Lyon County",4,74,97,50,47
050,21,143,"Kentucky","Lyon County",4,75,124,70,54
050,21,143,"Kentucky","Lyon County",4,76,79,38,41
050,21,143,"Kentucky","Lyon County",4,77,64,27,37
050,21,143,"Kentucky","Lyon County",4,78,69,34,35
050,21,143,"Kentucky","Lyon County",4,79,64,26,38
050,21,143,"Kentucky","Lyon County",4,80,46,23,23
050,21,143,"Kentucky","Lyon County",4,81,63,33,30
050,21,143,"Kentucky","Lyon County",4,82,51,23,28
050,21,143,"Kentucky","Lyon County",4,83,54,21,33
050,21,143,"Kentucky","Lyon County",4,84,44,21,23
050,21,143,"Kentucky","Lyon County",4,85,196,78,118
050,21,143,"Kentucky","Lyon County",5,0,53,24,29
050,21,143,"Kentucky","Lyon County",5,1,55,29,26
050,21,143,"Kentucky","Lyon County",5,2,50,28,22
050,21,143,"Kentucky","Lyon County",5,3,60,35,25
050,21,143,"Kentucky","Lyon County",5,4,55,25,30
050,21,143,"Kentucky","Lyon County",5,5,63,28,35
050,21,143,"Kentucky","Lyon County",5,6,74,40,34
050,21,143,"Kentucky","Lyon County",5,7,70,42,28
050,21,143,"Kentucky","Lyon County",5,8,68,36,32
050,21,143,"Kentucky","Lyon County",5,9,83,43,40
050,21,143,"Kentucky","Lyon County",5,10,67,30,37
050,21,143,"Kentucky","Lyon County",5,11,63,29,34
050,21,143,"Kentucky","Lyon County",5,12,78,44,34
050,21,143,"Kentucky","Lyon County",5,13,86,40,46
050,21,143,"Kentucky","Lyon County",5,14,83,42,41
050,21,143,"Kentucky","Lyon County",5,15,84,55,29
050,21,143,"Kentucky","Lyon County",5,16,86,49,37
050,21,143,"Kentucky","Lyon County",5,17,107,49,58
050,21,143,"Kentucky","Lyon County",5,18,78,41,37
050,21,143,"Kentucky","Lyon County",5,19,53,31,22
050,21,143,"Kentucky","Lyon County",5,20,80,52,28
050,21,143,"Kentucky","Lyon County",5,21,74,49,25
050,21,143,"Kentucky","Lyon County",5,22,108,75,33
050,21,143,"Kentucky","Lyon County",5,23,102,73,29
050,21,143,"Kentucky","Lyon County",5,24,136,96,40
050,21,143,"Kentucky","Lyon County",5,25,117,91,26
050,21,143,"Kentucky","Lyon County",5,26,127,94,33
050,21,143,"Kentucky","Lyon County",5,27,140,108,32
050,21,143,"Kentucky","Lyon County",5,28,97,66,31
050,21,143,"Kentucky","Lyon County",5,29,139,99,40
050,21,143,"Kentucky","Lyon County",5,30,134,107,27
050,21,143,"Kentucky","Lyon County",5,31,137,106,31
050,21,143,"Kentucky","Lyon County",5,32,145,114,31
050,21,143,"Kentucky","Lyon County",5,33,133,94,39
050,21,143,"Kentucky","Lyon County",5,34,107,77,30
050,21,143,"Kentucky","Lyon County",5,35,102,65,37
050,21,143,"Kentucky","Lyon County",5,36,136,107,29
050,21,143,"Kentucky","Lyon County",5,37,125,90,35
050,21,143,"Kentucky","Lyon County",5,38,108,78,30
050,21,143,"Kentucky","Lyon County",5,39,101,73,28
050,21,143,"Kentucky","Lyon County",5,40,126,81,45
050,21,143,"Kentucky","Lyon County",5,41,118,85,33
050,21,143,"Kentucky","Lyon County",5,42,117,81,36
050,21,143,"Kentucky","Lyon County",5,43,133,98,35
050,21,143,"Kentucky","Lyon County",5,44,128,83,45
050,21,143,"Kentucky","Lyon County",5,45,126,73,53
050,21,143,"Kentucky","Lyon County",5,46,115,76,39
050,21,143,"Kentucky","Lyon County",5,47,119,83,36
050,21,143,"Kentucky","Lyon County",5,48,122,74,48
050,21,143,"Kentucky","Lyon County",5,49,145,93,52
050,21,143,"Kentucky","Lyon County",5,50,107,70,37
050,21,143,"Kentucky","Lyon County",5,51,111,72,39
050,21,143,"Kentucky","Lyon County",5,52,142,85,57
050,21,143,"Kentucky","Lyon County",5,53,123,74,49
050,21,143,"Kentucky","Lyon County",5,54,122,73,49
050,21,143,"Kentucky","Lyon County",5,55,120,70,50
050,21,143,"Kentucky","Lyon County",5,56,122,68,54
050,21,143,"Kentucky","Lyon County",5,57,113,61,52
050,21,143,"Kentucky","Lyon County",5,58,129,68,61
050,21,143,"Kentucky","Lyon County",5,59,155,83,72
050,21,143,"Kentucky","Lyon County",5,60,149,78,71
050,21,143,"Kentucky","Lyon County",5,61,141,67,74
050,21,143,"Kentucky","Lyon County",5,62,150,71,79
050,21,143,"Kentucky","Lyon County",5,63,150,80,70
050,21,143,"Kentucky","Lyon County",5,64,161,90,71
050,21,143,"Kentucky","Lyon County",5,65,133,69,64
050,21,143,"Kentucky","Lyon County",5,66,142,76,66
050,21,143,"Kentucky","Lyon County",5,67,154,74,80
050,21,143,"Kentucky","Lyon County",5,68,151,70,81
050,21,143,"Kentucky","Lyon County",5,69,125,58,67
050,21,143,"Kentucky","Lyon County",5,70,119,64,55
050,21,143,"Kentucky","Lyon County",5,71,124,66,58
050,21,143,"Kentucky","Lyon County",5,72,132,66,66
050,21,143,"Kentucky","Lyon County",5,73,120,56,64
050,21,143,"Kentucky","Lyon County",5,74,112,48,64
050,21,143,"Kentucky","Lyon County",5,75,96,45,51
050,21,143,"Kentucky","Lyon County",5,76,118,66,52
050,21,143,"Kentucky","Lyon County",5,77,70,34,36
050,21,143,"Kentucky","Lyon County",5,78,56,26,30
050,21,143,"Kentucky","Lyon County",5,79,63,26,37
050,21,143,"Kentucky","Lyon County",5,80,54,25,29
050,21,143,"Kentucky","Lyon County",5,81,44,22,22
050,21,143,"Kentucky","Lyon County",5,82,54,30,24
050,21,143,"Kentucky","Lyon County",5,83,51,21,30
050,21,143,"Kentucky","Lyon County",5,84,46,19,27
050,21,143,"Kentucky","Lyon County",5,85,215,88,127
050,21,145,"Kentucky","McCracken County",1,0,745,379,366
050,21,145,"Kentucky","McCracken County",1,1,765,388,377
050,21,145,"Kentucky","McCracken County",1,2,786,416,370
050,21,145,"Kentucky","McCracken County",1,3,824,412,412
050,21,145,"Kentucky","McCracken County",1,4,827,432,395
050,21,145,"Kentucky","McCracken County",1,5,799,424,375
050,21,145,"Kentucky","McCracken County",1,6,818,421,397
050,21,145,"Kentucky","McCracken County",1,7,845,423,422
050,21,145,"Kentucky","McCracken County",1,8,850,433,417
050,21,145,"Kentucky","McCracken County",1,9,898,470,428
050,21,145,"Kentucky","McCracken County",1,10,831,440,391
050,21,145,"Kentucky","McCracken County",1,11,852,425,427
050,21,145,"Kentucky","McCracken County",1,12,900,450,450
050,21,145,"Kentucky","McCracken County",1,13,874,440,434
050,21,145,"Kentucky","McCracken County",1,14,857,437,420
050,21,145,"Kentucky","McCracken County",1,15,882,444,438
050,21,145,"Kentucky","McCracken County",1,16,860,428,432
050,21,145,"Kentucky","McCracken County",1,17,878,438,440
050,21,145,"Kentucky","McCracken County",1,18,727,384,343
050,21,145,"Kentucky","McCracken County",1,19,589,296,293
050,21,145,"Kentucky","McCracken County",1,20,688,364,324
050,21,145,"Kentucky","McCracken County",1,21,668,333,335
050,21,145,"Kentucky","McCracken County",1,22,714,333,381
050,21,145,"Kentucky","McCracken County",1,23,736,356,380
050,21,145,"Kentucky","McCracken County",1,24,767,404,363
050,21,145,"Kentucky","McCracken County",1,25,790,408,382
050,21,145,"Kentucky","McCracken County",1,26,795,399,396
050,21,145,"Kentucky","McCracken County",1,27,845,434,411
050,21,145,"Kentucky","McCracken County",1,28,853,412,441
050,21,145,"Kentucky","McCracken County",1,29,863,403,460
050,21,145,"Kentucky","McCracken County",1,30,895,426,469
050,21,145,"Kentucky","McCracken County",1,31,853,382,471
050,21,145,"Kentucky","McCracken County",1,32,820,388,432
050,21,145,"Kentucky","McCracken County",1,33,776,378,398
050,21,145,"Kentucky","McCracken County",1,34,820,433,387
050,21,145,"Kentucky","McCracken County",1,35,830,427,403
050,21,145,"Kentucky","McCracken County",1,36,853,415,438
050,21,145,"Kentucky","McCracken County",1,37,833,435,398
050,21,145,"Kentucky","McCracken County",1,38,847,408,439
050,21,145,"Kentucky","McCracken County",1,39,838,415,423
050,21,145,"Kentucky","McCracken County",1,40,882,454,428
050,21,145,"Kentucky","McCracken County",1,41,806,395,411
050,21,145,"Kentucky","McCracken County",1,42,850,420,430
050,21,145,"Kentucky","McCracken County",1,43,821,414,407
050,21,145,"Kentucky","McCracken County",1,44,837,409,428
050,21,145,"Kentucky","McCracken County",1,45,811,391,420
050,21,145,"Kentucky","McCracken County",1,46,828,411,417
050,21,145,"Kentucky","McCracken County",1,47,859,432,427
050,21,145,"Kentucky","McCracken County",1,48,927,486,441
050,21,145,"Kentucky","McCracken County",1,49,929,506,423
050,21,145,"Kentucky","McCracken County",1,50,857,442,415
050,21,145,"Kentucky","McCracken County",1,51,805,393,412
050,21,145,"Kentucky","McCracken County",1,52,791,399,392
050,21,145,"Kentucky","McCracken County",1,53,830,429,401
050,21,145,"Kentucky","McCracken County",1,54,847,400,447
050,21,145,"Kentucky","McCracken County",1,55,875,420,455
050,21,145,"Kentucky","McCracken County",1,56,961,468,493
050,21,145,"Kentucky","McCracken County",1,57,933,444,489
050,21,145,"Kentucky","McCracken County",1,58,950,456,494
050,21,145,"Kentucky","McCracken County",1,59,928,431,497
050,21,145,"Kentucky","McCracken County",1,60,908,443,465
050,21,145,"Kentucky","McCracken County",1,61,960,468,492
050,21,145,"Kentucky","McCracken County",1,62,971,465,506
050,21,145,"Kentucky","McCracken County",1,63,920,440,480
050,21,145,"Kentucky","McCracken County",1,64,887,425,462
050,21,145,"Kentucky","McCracken County",1,65,896,434,462
050,21,145,"Kentucky","McCracken County",1,66,907,429,478
050,21,145,"Kentucky","McCracken County",1,67,874,382,492
050,21,145,"Kentucky","McCracken County",1,68,841,390,451
050,21,145,"Kentucky","McCracken County",1,69,824,383,441
050,21,145,"Kentucky","McCracken County",1,70,789,374,415
050,21,145,"Kentucky","McCracken County",1,71,733,335,398
050,21,145,"Kentucky","McCracken County",1,72,734,325,409
050,21,145,"Kentucky","McCracken County",1,73,724,324,400
050,21,145,"Kentucky","McCracken County",1,74,517,227,290
050,21,145,"Kentucky","McCracken County",1,75,532,238,294
050,21,145,"Kentucky","McCracken County",1,76,517,221,296
050,21,145,"Kentucky","McCracken County",1,77,515,215,300
050,21,145,"Kentucky","McCracken County",1,78,478,202,276
050,21,145,"Kentucky","McCracken County",1,79,426,173,253
050,21,145,"Kentucky","McCracken County",1,80,359,162,197
050,21,145,"Kentucky","McCracken County",1,81,317,137,180
050,21,145,"Kentucky","McCracken County",1,82,298,126,172
050,21,145,"Kentucky","McCracken County",1,83,270,99,171
050,21,145,"Kentucky","McCracken County",1,84,258,103,155
050,21,145,"Kentucky","McCracken County",1,85,1599,497,1102
050,21,145,"Kentucky","McCracken County",2,0,727,375,352
050,21,145,"Kentucky","McCracken County",2,1,759,386,373
050,21,145,"Kentucky","McCracken County",2,2,782,409,373
050,21,145,"Kentucky","McCracken County",2,3,813,411,402
050,21,145,"Kentucky","McCracken County",2,4,826,426,400
050,21,145,"Kentucky","McCracken County",2,5,807,424,383
050,21,145,"Kentucky","McCracken County",2,6,812,422,390
050,21,145,"Kentucky","McCracken County",2,7,837,422,415
050,21,145,"Kentucky","McCracken County",2,8,850,428,422
050,21,145,"Kentucky","McCracken County",2,9,892,464,428
050,21,145,"Kentucky","McCracken County",2,10,841,440,401
050,21,145,"Kentucky","McCracken County",2,11,849,432,417
050,21,145,"Kentucky","McCracken County",2,12,890,445,445
050,21,145,"Kentucky","McCracken County",2,13,887,446,441
050,21,145,"Kentucky","McCracken County",2,14,858,435,423
050,21,145,"Kentucky","McCracken County",2,15,879,444,435
050,21,145,"Kentucky","McCracken County",2,16,869,432,437
050,21,145,"Kentucky","McCracken County",2,17,876,438,438
050,21,145,"Kentucky","McCracken County",2,18,731,381,350
050,21,145,"Kentucky","McCracken County",2,19,597,305,292
050,21,145,"Kentucky","McCracken County",2,20,694,366,328
050,21,145,"Kentucky","McCracken County",2,21,677,338,339
050,21,145,"Kentucky","McCracken County",2,22,711,337,374
050,21,145,"Kentucky","McCracken County",2,23,740,352,388
050,21,145,"Kentucky","McCracken County",2,24,762,397,365
050,21,145,"Kentucky","McCracken County",2,25,790,410,380
050,21,145,"Kentucky","McCracken County",2,26,795,401,394
050,21,145,"Kentucky","McCracken County",2,27,832,425,407
050,21,145,"Kentucky","McCracken County",2,28,850,420,430
050,21,145,"Kentucky","McCracken County",2,29,848,397,451
050,21,145,"Kentucky","McCracken County",2,30,903,431,472
050,21,145,"Kentucky","McCracken County",2,31,861,386,475
050,21,145,"Kentucky","McCracken County",2,32,818,383,435
050,21,145,"Kentucky","McCracken County",2,33,790,381,409
050,21,145,"Kentucky","McCracken County",2,34,811,419,392
050,21,145,"Kentucky","McCracken County",2,35,828,429,399
050,21,145,"Kentucky","McCracken County",2,36,846,418,428
050,21,145,"Kentucky","McCracken County",2,37,834,426,408
050,21,145,"Kentucky","McCracken County",2,38,849,418,431
050,21,145,"Kentucky","McCracken County",2,39,833,411,422
050,21,145,"Kentucky","McCracken County",2,40,887,453,434
050,21,145,"Kentucky","McCracken County",2,41,812,400,412
050,21,145,"Kentucky","McCracken County",2,42,850,423,427
050,21,145,"Kentucky","McCracken County",2,43,843,423,420
050,21,145,"Kentucky","McCracken County",2,44,820,402,418
050,21,145,"Kentucky","McCracken County",2,45,812,391,421
050,21,145,"Kentucky","McCracken County",2,46,834,412,422
050,21,145,"Kentucky","McCracken County",2,47,849,426,423
050,21,145,"Kentucky","McCracken County",2,48,916,481,435
050,21,145,"Kentucky","McCracken County",2,49,927,498,429
050,21,145,"Kentucky","McCracken County",2,50,871,446,425
050,21,145,"Kentucky","McCracken County",2,51,809,400,409
050,21,145,"Kentucky","McCracken County",2,52,793,399,394
050,21,145,"Kentucky","McCracken County",2,53,824,425,399
050,21,145,"Kentucky","McCracken County",2,54,836,400,436
050,21,145,"Kentucky","McCracken County",2,55,865,412,453
050,21,145,"Kentucky","McCracken County",2,56,939,456,483
050,21,145,"Kentucky","McCracken County",2,57,939,447,492
050,21,145,"Kentucky","McCracken County",2,58,944,455,489
050,21,145,"Kentucky","McCracken County",2,59,930,433,497
050,21,145,"Kentucky","McCracken County",2,60,914,440,474
050,21,145,"Kentucky","McCracken County",2,61,946,462,484
050,21,145,"Kentucky","McCracken County",2,62,965,462,503
050,21,145,"Kentucky","McCracken County",2,63,938,448,490
050,21,145,"Kentucky","McCracken County",2,64,893,427,466
050,21,145,"Kentucky","McCracken County",2,65,889,430,459
050,21,145,"Kentucky","McCracken County",2,66,904,428,476
050,21,145,"Kentucky","McCracken County",2,67,876,390,486
050,21,145,"Kentucky","McCracken County",2,68,844,385,459
050,21,145,"Kentucky","McCracken County",2,69,832,386,446
050,21,145,"Kentucky","McCracken County",2,70,796,373,423
050,21,145,"Kentucky","McCracken County",2,71,739,342,397
050,21,145,"Kentucky","McCracken County",2,72,722,321,401
050,21,145,"Kentucky","McCracken County",2,73,761,339,422
050,21,145,"Kentucky","McCracken County",2,74,534,235,299
050,21,145,"Kentucky","McCracken County",2,75,524,233,291
050,21,145,"Kentucky","McCracken County",2,76,510,221,289
050,21,145,"Kentucky","McCracken County",2,77,525,222,303
050,21,145,"Kentucky","McCracken County",2,78,477,202,275
050,21,145,"Kentucky","McCracken County",2,79,434,178,256
050,21,145,"Kentucky","McCracken County",2,80,371,162,209
050,21,145,"Kentucky","McCracken County",2,81,322,142,180
050,21,145,"Kentucky","McCracken County",2,82,304,127,177
050,21,145,"Kentucky","McCracken County",2,83,274,104,170
050,21,145,"Kentucky","McCracken County",2,84,256,100,156
050,21,145,"Kentucky","McCracken County",2,85,1613,502,1111
050,21,145,"Kentucky","McCracken County",3,0,662,331,331
050,21,145,"Kentucky","McCracken County",3,1,755,384,371
050,21,145,"Kentucky","McCracken County",3,2,765,394,371
050,21,145,"Kentucky","McCracken County",3,3,781,402,379
050,21,145,"Kentucky","McCracken County",3,4,816,408,408
050,21,145,"Kentucky","McCracken County",3,5,833,424,409
050,21,145,"Kentucky","McCracken County",3,6,815,435,380
050,21,145,"Kentucky","McCracken County",3,7,816,421,395
050,21,145,"Kentucky","McCracken County",3,8,843,421,422
050,21,145,"Kentucky","McCracken County",3,9,876,449,427
050,21,145,"Kentucky","McCracken County",3,10,866,443,423
050,21,145,"Kentucky","McCracken County",3,11,831,432,399
050,21,145,"Kentucky","McCracken County",3,12,827,431,396
050,21,145,"Kentucky","McCracken County",3,13,899,446,453
050,21,145,"Kentucky","McCracken County",3,14,881,449,432
050,21,145,"Kentucky","McCracken County",3,15,843,429,414
050,21,145,"Kentucky","McCracken County",3,16,892,450,442
050,21,145,"Kentucky","McCracken County",3,17,854,425,429
050,21,145,"Kentucky","McCracken County",3,18,755,382,373
050,21,145,"Kentucky","McCracken County",3,19,589,299,290
050,21,145,"Kentucky","McCracken County",3,20,670,342,328
050,21,145,"Kentucky","McCracken County",3,21,692,347,345
050,21,145,"Kentucky","McCracken County",3,22,735,351,384
050,21,145,"Kentucky","McCracken County",3,23,744,350,394
050,21,145,"Kentucky","McCracken County",3,24,730,355,375
050,21,145,"Kentucky","McCracken County",3,25,785,408,377
050,21,145,"Kentucky","McCracken County",3,26,785,399,386
050,21,145,"Kentucky","McCracken County",3,27,824,411,413
050,21,145,"Kentucky","McCracken County",3,28,843,440,403
050,21,145,"Kentucky","McCracken County",3,29,817,390,427
050,21,145,"Kentucky","McCracken County",3,30,891,436,455
050,21,145,"Kentucky","McCracken County",3,31,878,411,467
050,21,145,"Kentucky","McCracken County",3,32,837,382,455
050,21,145,"Kentucky","McCracken County",3,33,831,392,439
050,21,145,"Kentucky","McCracken County",3,34,826,392,434
050,21,145,"Kentucky","McCracken County",3,35,815,421,394
050,21,145,"Kentucky","McCracken County",3,36,839,441,398
050,21,145,"Kentucky","McCracken County",3,37,820,394,426
050,21,145,"Kentucky","McCracken County",3,38,847,424,423
050,21,145,"Kentucky","McCracken County",3,39,814,405,409
050,21,145,"Kentucky","McCracken County",3,40,867,446,421
050,21,145,"Kentucky","McCracken County",3,41,840,415,425
050,21,145,"Kentucky","McCracken County",3,42,847,436,411
050,21,145,"Kentucky","McCracken County",3,43,861,421,440
050,21,145,"Kentucky","McCracken County",3,44,818,396,422
050,21,145,"Kentucky","McCracken County",3,45,770,368,402
050,21,145,"Kentucky","McCracken County",3,46,852,423,429
050,21,145,"Kentucky","McCracken County",3,47,824,401,423
050,21,145,"Kentucky","McCracken County",3,48,866,460,406
050,21,145,"Kentucky","McCracken County",3,49,879,465,414
050,21,145,"Kentucky","McCracken County",3,50,909,460,449
050,21,145,"Kentucky","McCracken County",3,51,850,443,407
050,21,145,"Kentucky","McCracken County",3,52,799,403,396
050,21,145,"Kentucky","McCracken County",3,53,808,408,400
050,21,145,"Kentucky","McCracken County",3,54,809,409,400
050,21,145,"Kentucky","McCracken County",3,55,812,387,425
050,21,145,"Kentucky","McCracken County",3,56,859,413,446
050,21,145,"Kentucky","McCracken County",3,57,916,434,482
050,21,145,"Kentucky","McCracken County",3,58,946,466,480
050,21,145,"Kentucky","McCracken County",3,59,902,418,484
050,21,145,"Kentucky","McCracken County",3,60,929,432,497
050,21,145,"Kentucky","McCracken County",3,61,899,438,461
050,21,145,"Kentucky","McCracken County",3,62,925,444,481
050,21,145,"Kentucky","McCracken County",3,63,965,456,509
050,21,145,"Kentucky","McCracken County",3,64,930,438,492
050,21,145,"Kentucky","McCracken County",3,65,861,411,450
050,21,145,"Kentucky","McCracken County",3,66,871,416,455
050,21,145,"Kentucky","McCracken County",3,67,891,415,476
050,21,145,"Kentucky","McCracken County",3,68,847,375,472
050,21,145,"Kentucky","McCracken County",3,69,833,378,455
050,21,145,"Kentucky","McCracken County",3,70,827,376,451
050,21,145,"Kentucky","McCracken County",3,71,764,366,398
050,21,145,"Kentucky","McCracken County",3,72,713,327,386
050,21,145,"Kentucky","McCracken County",3,73,712,310,402
050,21,145,"Kentucky","McCracken County",3,74,727,317,410
050,21,145,"Kentucky","McCracken County",3,75,513,225,288
050,21,145,"Kentucky","McCracken County",3,76,508,227,281
050,21,145,"Kentucky","McCracken County",3,77,480,207,273
050,21,145,"Kentucky","McCracken County",3,78,499,212,287
050,21,145,"Kentucky","McCracken County",3,79,448,181,267
050,21,145,"Kentucky","McCracken County",3,80,414,169,245
050,21,145,"Kentucky","McCracken County",3,81,335,141,194
050,21,145,"Kentucky","McCracken County",3,82,299,127,172
050,21,145,"Kentucky","McCracken County",3,83,281,108,173
050,21,145,"Kentucky","McCracken County",3,84,242,96,146
050,21,145,"Kentucky","McCracken County",3,85,1577,493,1084
050,21,145,"Kentucky","McCracken County",4,0,690,333,357
050,21,145,"Kentucky","McCracken County",4,1,673,347,326
050,21,145,"Kentucky","McCracken County",4,2,765,396,369
050,21,145,"Kentucky","McCracken County",4,3,790,408,382
050,21,145,"Kentucky","McCracken County",4,4,770,397,373
050,21,145,"Kentucky","McCracken County",4,5,835,414,421
050,21,145,"Kentucky","McCracken County",4,6,841,422,419
050,21,145,"Kentucky","McCracken County",4,7,810,413,397
050,21,145,"Kentucky","McCracken County",4,8,814,420,394
050,21,145,"Kentucky","McCracken County",4,9,869,446,423
050,21,145,"Kentucky","McCracken County",4,10,844,425,419
050,21,145,"Kentucky","McCracken County",4,11,864,455,409
050,21,145,"Kentucky","McCracken County",4,12,826,422,404
050,21,145,"Kentucky","McCracken County",4,13,839,434,405
050,21,145,"Kentucky","McCracken County",4,14,875,441,434
050,21,145,"Kentucky","McCracken County",4,15,882,450,432
050,21,145,"Kentucky","McCracken County",4,16,840,410,430
050,21,145,"Kentucky","McCracken County",4,17,879,441,438
050,21,145,"Kentucky","McCracken County",4,18,720,368,352
050,21,145,"Kentucky","McCracken County",4,19,609,299,310
050,21,145,"Kentucky","McCracken County",4,20,668,350,318
050,21,145,"Kentucky","McCracken County",4,21,658,330,328
050,21,145,"Kentucky","McCracken County",4,22,711,358,353
050,21,145,"Kentucky","McCracken County",4,23,786,366,420
050,21,145,"Kentucky","McCracken County",4,24,745,371,374
050,21,145,"Kentucky","McCracken County",4,25,757,364,393
050,21,145,"Kentucky","McCracken County",4,26,779,404,375
050,21,145,"Kentucky","McCracken County",4,27,828,419,409
050,21,145,"Kentucky","McCracken County",4,28,808,426,382
050,21,145,"Kentucky","McCracken County",4,29,829,419,410
050,21,145,"Kentucky","McCracken County",4,30,872,432,440
050,21,145,"Kentucky","McCracken County",4,31,875,423,452
050,21,145,"Kentucky","McCracken County",4,32,866,413,453
050,21,145,"Kentucky","McCracken County",4,33,864,402,462
050,21,145,"Kentucky","McCracken County",4,34,849,410,439
050,21,145,"Kentucky","McCracken County",4,35,805,384,421
050,21,145,"Kentucky","McCracken County",4,36,834,440,394
050,21,145,"Kentucky","McCracken County",4,37,804,417,387
050,21,145,"Kentucky","McCracken County",4,38,842,406,436
050,21,145,"Kentucky","McCracken County",4,39,829,423,406
050,21,145,"Kentucky","McCracken County",4,40,846,434,412
050,21,145,"Kentucky","McCracken County",4,41,818,402,416
050,21,145,"Kentucky","McCracken County",4,42,876,449,427
050,21,145,"Kentucky","McCracken County",4,43,877,435,442
050,21,145,"Kentucky","McCracken County",4,44,855,404,451
050,21,145,"Kentucky","McCracken County",4,45,787,372,415
050,21,145,"Kentucky","McCracken County",4,46,823,418,405
050,21,145,"Kentucky","McCracken County",4,47,840,427,413
050,21,145,"Kentucky","McCracken County",4,48,811,423,388
050,21,145,"Kentucky","McCracken County",4,49,859,453,406
050,21,145,"Kentucky","McCracken County",4,50,863,424,439
050,21,145,"Kentucky","McCracken County",4,51,871,440,431
050,21,145,"Kentucky","McCracken County",4,52,850,457,393
050,21,145,"Kentucky","McCracken County",4,53,817,418,399
050,21,145,"Kentucky","McCracken County",4,54,796,393,403
050,21,145,"Kentucky","McCracken County",4,55,781,390,391
050,21,145,"Kentucky","McCracken County",4,56,805,395,410
050,21,145,"Kentucky","McCracken County",4,57,817,378,439
050,21,145,"Kentucky","McCracken County",4,58,922,444,478
050,21,145,"Kentucky","McCracken County",4,59,919,439,480
050,21,145,"Kentucky","McCracken County",4,60,895,408,487
050,21,145,"Kentucky","McCracken County",4,61,938,436,502
050,21,145,"Kentucky","McCracken County",4,62,879,419,460
050,21,145,"Kentucky","McCracken County",4,63,924,429,495
050,21,145,"Kentucky","McCracken County",4,64,955,456,499
050,21,145,"Kentucky","McCracken County",4,65,904,422,482
050,21,145,"Kentucky","McCracken County",4,66,878,405,473
050,21,145,"Kentucky","McCracken County",4,67,858,399,459
050,21,145,"Kentucky","McCracken County",4,68,854,392,462
050,21,145,"Kentucky","McCracken County",4,69,838,375,463
050,21,145,"Kentucky","McCracken County",4,70,830,370,460
050,21,145,"Kentucky","McCracken County",4,71,803,366,437
050,21,145,"Kentucky","McCracken County",4,72,736,352,384
050,21,145,"Kentucky","McCracken County",4,73,703,316,387
050,21,145,"Kentucky","McCracken County",4,74,693,292,401
050,21,145,"Kentucky","McCracken County",4,75,697,298,399
050,21,145,"Kentucky","McCracken County",4,76,495,217,278
050,21,145,"Kentucky","McCracken County",4,77,484,214,270
050,21,145,"Kentucky","McCracken County",4,78,465,205,260
050,21,145,"Kentucky","McCracken County",4,79,476,191,285
050,21,145,"Kentucky","McCracken County",4,80,420,167,253
050,21,145,"Kentucky","McCracken County",4,81,377,146,231
050,21,145,"Kentucky","McCracken County",4,82,315,136,179
050,21,145,"Kentucky","McCracken County",4,83,277,109,168
050,21,145,"Kentucky","McCracken County",4,84,253,100,153
050,21,145,"Kentucky","McCracken County",4,85,1542,488,1054
050,21,145,"Kentucky","McCracken County",5,0,689,329,360
050,21,145,"Kentucky","McCracken County",5,1,700,351,349
050,21,145,"Kentucky","McCracken County",5,2,685,365,320
050,21,145,"Kentucky","McCracken County",5,3,765,385,380
050,21,145,"Kentucky","McCracken County",5,4,793,403,390
050,21,145,"Kentucky","McCracken County",5,5,780,394,386
050,21,145,"Kentucky","McCracken County",5,6,835,407,428
050,21,145,"Kentucky","McCracken County",5,7,847,418,429
050,21,145,"Kentucky","McCracken County",5,8,810,420,390
050,21,145,"Kentucky","McCracken County",5,9,843,438,405
050,21,145,"Kentucky","McCracken County",5,10,827,423,404
050,21,145,"Kentucky","McCracken County",5,11,866,445,421
050,21,145,"Kentucky","McCracken County",5,12,857,455,402
050,21,145,"Kentucky","McCracken County",5,13,836,419,417
050,21,145,"Kentucky","McCracken County",5,14,826,423,403
050,21,145,"Kentucky","McCracken County",5,15,870,445,425
050,21,145,"Kentucky","McCracken County",5,16,893,451,442
050,21,145,"Kentucky","McCracken County",5,17,859,431,428
050,21,145,"Kentucky","McCracken County",5,18,740,383,357
050,21,145,"Kentucky","McCracken County",5,19,574,287,287
050,21,145,"Kentucky","McCracken County",5,20,683,344,339
050,21,145,"Kentucky","McCracken County",5,21,701,350,351
050,21,145,"Kentucky","McCracken County",5,22,708,347,361
050,21,145,"Kentucky","McCracken County",5,23,760,364,396
050,21,145,"Kentucky","McCracken County",5,24,797,400,397
050,21,145,"Kentucky","McCracken County",5,25,772,373,399
050,21,145,"Kentucky","McCracken County",5,26,760,361,399
050,21,145,"Kentucky","McCracken County",5,27,796,422,374
050,21,145,"Kentucky","McCracken County",5,28,863,446,417
050,21,145,"Kentucky","McCracken County",5,29,814,426,388
050,21,145,"Kentucky","McCracken County",5,30,884,462,422
050,21,145,"Kentucky","McCracken County",5,31,848,417,431
050,21,145,"Kentucky","McCracken County",5,32,882,446,436
050,21,145,"Kentucky","McCracken County",5,33,890,430,460
050,21,145,"Kentucky","McCracken County",5,34,883,407,476
050,21,145,"Kentucky","McCracken County",5,35,833,403,430
050,21,145,"Kentucky","McCracken County",5,36,827,390,437
050,21,145,"Kentucky","McCracken County",5,37,820,419,401
050,21,145,"Kentucky","McCracken County",5,38,833,425,408
050,21,145,"Kentucky","McCracken County",5,39,835,405,430
050,21,145,"Kentucky","McCracken County",5,40,867,456,411
050,21,145,"Kentucky","McCracken County",5,41,811,409,402
050,21,145,"Kentucky","McCracken County",5,42,866,434,432
050,21,145,"Kentucky","McCracken County",5,43,893,450,443
050,21,145,"Kentucky","McCracken County",5,44,870,426,444
050,21,145,"Kentucky","McCracken County",5,45,818,371,447
050,21,145,"Kentucky","McCracken County",5,46,819,398,421
050,21,145,"Kentucky","McCracken County",5,47,827,429,398
050,21,145,"Kentucky","McCracken County",5,48,861,459,402
050,21,145,"Kentucky","McCracken County",5,49,817,420,397
050,21,145,"Kentucky","McCracken County",5,50,846,418,428
050,21,145,"Kentucky","McCracken County",5,51,831,413,418
050,21,145,"Kentucky","McCracken County",5,52,880,454,426
050,21,145,"Kentucky","McCracken County",5,53,861,457,404
050,21,145,"Kentucky","McCracken County",5,54,805,397,408
050,21,145,"Kentucky","McCracken County",5,55,781,388,393
050,21,145,"Kentucky","McCracken County",5,56,791,394,397
050,21,145,"Kentucky","McCracken County",5,57,772,373,399
050,21,145,"Kentucky","McCracken County",5,58,838,396,442
050,21,145,"Kentucky","McCracken County",5,59,899,420,479
050,21,145,"Kentucky","McCracken County",5,60,903,437,466
050,21,145,"Kentucky","McCracken County",5,61,887,408,479
050,21,145,"Kentucky","McCracken County",5,62,913,407,506
050,21,145,"Kentucky","McCracken County",5,63,872,416,456
050,21,145,"Kentucky","McCracken County",5,64,896,416,480
050,21,145,"Kentucky","McCracken County",5,65,938,440,498
050,21,145,"Kentucky","McCracken County",5,66,885,411,474
050,21,145,"Kentucky","McCracken County",5,67,852,389,463
050,21,145,"Kentucky","McCracken County",5,68,832,385,447
050,21,145,"Kentucky","McCracken County",5,69,844,393,451
050,21,145,"Kentucky","McCracken County",5,70,831,368,463
050,21,145,"Kentucky","McCracken County",5,71,799,357,442
050,21,145,"Kentucky","McCracken County",5,72,780,359,421
050,21,145,"Kentucky","McCracken County",5,73,717,343,374
050,21,145,"Kentucky","McCracken County",5,74,688,301,387
050,21,145,"Kentucky","McCracken County",5,75,649,270,379
050,21,145,"Kentucky","McCracken County",5,76,676,290,386
050,21,145,"Kentucky","McCracken County",5,77,465,204,261
050,21,145,"Kentucky","McCracken County",5,78,469,212,257
050,21,145,"Kentucky","McCracken County",5,79,451,192,259
050,21,145,"Kentucky","McCracken County",5,80,456,186,270
050,21,145,"Kentucky","McCracken County",5,81,386,146,240
050,21,145,"Kentucky","McCracken County",5,82,356,134,222
050,21,145,"Kentucky","McCracken County",5,83,292,117,175
050,21,145,"Kentucky","McCracken County",5,84,250,103,147
050,21,145,"Kentucky","McCracken County",5,85,1504,480,1024
050,21,147,"Kentucky","McCreary County",1,0,189,96,93
050,21,147,"Kentucky","McCreary County",1,1,190,94,96
050,21,147,"Kentucky","McCreary County",1,2,194,95,99
050,21,147,"Kentucky","McCreary County",1,3,189,95,94
050,21,147,"Kentucky","McCreary County",1,4,203,104,99
050,21,147,"Kentucky","McCreary County",1,5,194,101,93
050,21,147,"Kentucky","McCreary County",1,6,204,99,105
050,21,147,"Kentucky","McCreary County",1,7,210,110,100
050,21,147,"Kentucky","McCreary County",1,8,233,117,116
050,21,147,"Kentucky","McCreary County",1,9,216,109,107
050,21,147,"Kentucky","McCreary County",1,10,186,104,82
050,21,147,"Kentucky","McCreary County",1,11,187,93,94
050,21,147,"Kentucky","McCreary County",1,12,213,110,103
050,21,147,"Kentucky","McCreary County",1,13,217,111,106
050,21,147,"Kentucky","McCreary County",1,14,218,119,99
050,21,147,"Kentucky","McCreary County",1,15,231,126,105
050,21,147,"Kentucky","McCreary County",1,16,238,132,106
050,21,147,"Kentucky","McCreary County",1,17,208,124,84
050,21,147,"Kentucky","McCreary County",1,18,195,113,82
050,21,147,"Kentucky","McCreary County",1,19,170,94,76
050,21,147,"Kentucky","McCreary County",1,20,166,98,68
050,21,147,"Kentucky","McCreary County",1,21,160,79,81
050,21,147,"Kentucky","McCreary County",1,22,171,87,84
050,21,147,"Kentucky","McCreary County",1,23,197,109,88
050,21,147,"Kentucky","McCreary County",1,24,176,98,78
050,21,147,"Kentucky","McCreary County",1,25,202,114,88
050,21,147,"Kentucky","McCreary County",1,26,229,128,101
050,21,147,"Kentucky","McCreary County",1,27,226,127,99
050,21,147,"Kentucky","McCreary County",1,28,258,149,109
050,21,147,"Kentucky","McCreary County",1,29,262,164,98
050,21,147,"Kentucky","McCreary County",1,30,290,187,103
050,21,147,"Kentucky","McCreary County",1,31,263,177,86
050,21,147,"Kentucky","McCreary County",1,32,256,169,87
050,21,147,"Kentucky","McCreary County",1,33,240,158,82
050,21,147,"Kentucky","McCreary County",1,34,205,117,88
050,21,147,"Kentucky","McCreary County",1,35,197,119,78
050,21,147,"Kentucky","McCreary County",1,36,234,150,84
050,21,147,"Kentucky","McCreary County",1,37,205,117,88
050,21,147,"Kentucky","McCreary County",1,38,223,138,85
050,21,147,"Kentucky","McCreary County",1,39,256,168,88
050,21,147,"Kentucky","McCreary County",1,40,259,169,90
050,21,147,"Kentucky","McCreary County",1,41,280,178,102
050,21,147,"Kentucky","McCreary County",1,42,239,138,101
050,21,147,"Kentucky","McCreary County",1,43,228,127,101
050,21,147,"Kentucky","McCreary County",1,44,242,149,93
050,21,147,"Kentucky","McCreary County",1,45,210,100,110
050,21,147,"Kentucky","McCreary County",1,46,229,118,111
050,21,147,"Kentucky","McCreary County",1,47,248,144,104
050,21,147,"Kentucky","McCreary County",1,48,223,129,94
050,21,147,"Kentucky","McCreary County",1,49,214,117,97
050,21,147,"Kentucky","McCreary County",1,50,225,133,92
050,21,147,"Kentucky","McCreary County",1,51,224,116,108
050,21,147,"Kentucky","McCreary County",1,52,210,108,102
050,21,147,"Kentucky","McCreary County",1,53,230,133,97
050,21,147,"Kentucky","McCreary County",1,54,263,146,117
050,21,147,"Kentucky","McCreary County",1,55,247,136,111
050,21,147,"Kentucky","McCreary County",1,56,223,106,117
050,21,147,"Kentucky","McCreary County",1,57,232,116,116
050,21,147,"Kentucky","McCreary County",1,58,232,122,110
050,21,147,"Kentucky","McCreary County",1,59,204,111,93
050,21,147,"Kentucky","McCreary County",1,60,196,84,112
050,21,147,"Kentucky","McCreary County",1,61,217,116,101
050,21,147,"Kentucky","McCreary County",1,62,206,115,91
050,21,147,"Kentucky","McCreary County",1,63,192,103,89
050,21,147,"Kentucky","McCreary County",1,64,167,89,78
050,21,147,"Kentucky","McCreary County",1,65,184,85,99
050,21,147,"Kentucky","McCreary County",1,66,191,97,94
050,21,147,"Kentucky","McCreary County",1,67,184,83,101
050,21,147,"Kentucky","McCreary County",1,68,189,90,99
050,21,147,"Kentucky","McCreary County",1,69,166,80,86
050,21,147,"Kentucky","McCreary County",1,70,157,75,82
050,21,147,"Kentucky","McCreary County",1,71,174,79,95
050,21,147,"Kentucky","McCreary County",1,72,168,73,95
050,21,147,"Kentucky","McCreary County",1,73,164,81,83
050,21,147,"Kentucky","McCreary County",1,74,124,62,62
050,21,147,"Kentucky","McCreary County",1,75,132,66,66
050,21,147,"Kentucky","McCreary County",1,76,118,54,64
050,21,147,"Kentucky","McCreary County",1,77,111,53,58
050,21,147,"Kentucky","McCreary County",1,78,105,45,60
050,21,147,"Kentucky","McCreary County",1,79,85,39,46
050,21,147,"Kentucky","McCreary County",1,80,66,31,35
050,21,147,"Kentucky","McCreary County",1,81,65,36,29
050,21,147,"Kentucky","McCreary County",1,82,53,24,29
050,21,147,"Kentucky","McCreary County",1,83,50,24,26
050,21,147,"Kentucky","McCreary County",1,84,48,19,29
050,21,147,"Kentucky","McCreary County",1,85,211,88,123
050,21,147,"Kentucky","McCreary County",2,0,181,94,87
050,21,147,"Kentucky","McCreary County",2,1,187,93,94
050,21,147,"Kentucky","McCreary County",2,2,192,94,98
050,21,147,"Kentucky","McCreary County",2,3,187,94,93
050,21,147,"Kentucky","McCreary County",2,4,199,101,98
050,21,147,"Kentucky","McCreary County",2,5,196,101,95
050,21,147,"Kentucky","McCreary County",2,6,202,101,101
050,21,147,"Kentucky","McCreary County",2,7,210,109,101
050,21,147,"Kentucky","McCreary County",2,8,228,115,113
050,21,147,"Kentucky","McCreary County",2,9,217,109,108
050,21,147,"Kentucky","McCreary County",2,10,192,104,88
050,21,147,"Kentucky","McCreary County",2,11,185,94,91
050,21,147,"Kentucky","McCreary County",2,12,209,107,102
050,21,147,"Kentucky","McCreary County",2,13,217,112,105
050,21,147,"Kentucky","McCreary County",2,14,218,118,100
050,21,147,"Kentucky","McCreary County",2,15,228,123,105
050,21,147,"Kentucky","McCreary County",2,16,236,131,105
050,21,147,"Kentucky","McCreary County",2,17,216,126,90
050,21,147,"Kentucky","McCreary County",2,18,191,112,79
050,21,147,"Kentucky","McCreary County",2,19,169,97,72
050,21,147,"Kentucky","McCreary County",2,20,164,94,70
050,21,147,"Kentucky","McCreary County",2,21,159,81,78
050,21,147,"Kentucky","McCreary County",2,22,170,85,85
050,21,147,"Kentucky","McCreary County",2,23,194,106,88
050,21,147,"Kentucky","McCreary County",2,24,178,99,79
050,21,147,"Kentucky","McCreary County",2,25,198,114,84
050,21,147,"Kentucky","McCreary County",2,26,223,123,100
050,21,147,"Kentucky","McCreary County",2,27,225,126,99
050,21,147,"Kentucky","McCreary County",2,28,252,146,106
050,21,147,"Kentucky","McCreary County",2,29,259,160,99
050,21,147,"Kentucky","McCreary County",2,30,287,187,100
050,21,147,"Kentucky","McCreary County",2,31,273,183,90
050,21,147,"Kentucky","McCreary County",2,32,258,171,87
050,21,147,"Kentucky","McCreary County",2,33,242,157,85
050,21,147,"Kentucky","McCreary County",2,34,205,119,86
050,21,147,"Kentucky","McCreary County",2,35,200,120,80
050,21,147,"Kentucky","McCreary County",2,36,228,146,82
050,21,147,"Kentucky","McCreary County",2,37,208,120,88
050,21,147,"Kentucky","McCreary County",2,38,218,132,86
050,21,147,"Kentucky","McCreary County",2,39,251,164,87
050,21,147,"Kentucky","McCreary County",2,40,263,172,91
050,21,147,"Kentucky","McCreary County",2,41,275,177,98
050,21,147,"Kentucky","McCreary County",2,42,242,140,102
050,21,147,"Kentucky","McCreary County",2,43,230,129,101
050,21,147,"Kentucky","McCreary County",2,44,242,148,94
050,21,147,"Kentucky","McCreary County",2,45,210,104,106
050,21,147,"Kentucky","McCreary County",2,46,227,115,112
050,21,147,"Kentucky","McCreary County",2,47,246,141,105
050,21,147,"Kentucky","McCreary County",2,48,226,130,96
050,21,147,"Kentucky","McCreary County",2,49,210,115,95
050,21,147,"Kentucky","McCreary County",2,50,225,131,94
050,21,147,"Kentucky","McCreary County",2,51,221,117,104
050,21,147,"Kentucky","McCreary County",2,52,211,108,103
050,21,147,"Kentucky","McCreary County",2,53,228,130,98
050,21,147,"Kentucky","McCreary County",2,54,255,144,111
050,21,147,"Kentucky","McCreary County",2,55,248,135,113
050,21,147,"Kentucky","McCreary County",2,56,226,110,116
050,21,147,"Kentucky","McCreary County",2,57,232,116,116
050,21,147,"Kentucky","McCreary County",2,58,231,120,111
050,21,147,"Kentucky","McCreary County",2,59,208,112,96
050,21,147,"Kentucky","McCreary County",2,60,195,90,105
050,21,147,"Kentucky","McCreary County",2,61,210,108,102
050,21,147,"Kentucky","McCreary County",2,62,209,116,93
050,21,147,"Kentucky","McCreary County",2,63,196,107,89
050,21,147,"Kentucky","McCreary County",2,64,171,91,80
050,21,147,"Kentucky","McCreary County",2,65,179,86,93
050,21,147,"Kentucky","McCreary County",2,66,191,96,95
050,21,147,"Kentucky","McCreary County",2,67,183,84,99
050,21,147,"Kentucky","McCreary County",2,68,185,87,98
050,21,147,"Kentucky","McCreary County",2,69,169,80,89
050,21,147,"Kentucky","McCreary County",2,70,158,76,82
050,21,147,"Kentucky","McCreary County",2,71,168,77,91
050,21,147,"Kentucky","McCreary County",2,72,166,74,92
050,21,147,"Kentucky","McCreary County",2,73,174,84,90
050,21,147,"Kentucky","McCreary County",2,74,121,60,61
050,21,147,"Kentucky","McCreary County",2,75,130,65,65
050,21,147,"Kentucky","McCreary County",2,76,120,57,63
050,21,147,"Kentucky","McCreary County",2,77,114,54,60
050,21,147,"Kentucky","McCreary County",2,78,102,45,57
050,21,147,"Kentucky","McCreary County",2,79,89,41,48
050,21,147,"Kentucky","McCreary County",2,80,68,32,36
050,21,147,"Kentucky","McCreary County",2,81,65,35,30
050,21,147,"Kentucky","McCreary County",2,82,56,27,29
050,21,147,"Kentucky","McCreary County",2,83,49,23,26
050,21,147,"Kentucky","McCreary County",2,84,49,21,28
050,21,147,"Kentucky","McCreary County",2,85,215,88,127
050,21,147,"Kentucky","McCreary County",3,0,203,99,104
050,21,147,"Kentucky","McCreary County",3,1,188,99,89
050,21,147,"Kentucky","McCreary County",3,2,190,93,97
050,21,147,"Kentucky","McCreary County",3,3,197,96,101
050,21,147,"Kentucky","McCreary County",3,4,191,98,93
050,21,147,"Kentucky","McCreary County",3,5,202,99,103
050,21,147,"Kentucky","McCreary County",3,6,193,101,92
050,21,147,"Kentucky","McCreary County",3,7,210,105,105
050,21,147,"Kentucky","McCreary County",3,8,216,114,102
050,21,147,"Kentucky","McCreary County",3,9,229,116,113
050,21,147,"Kentucky","McCreary County",3,10,224,113,111
050,21,147,"Kentucky","McCreary County",3,11,196,109,87
050,21,147,"Kentucky","McCreary County",3,12,188,97,91
050,21,147,"Kentucky","McCreary County",3,13,201,106,95
050,21,147,"Kentucky","McCreary County",3,14,210,110,100
050,21,147,"Kentucky","McCreary County",3,15,221,117,104
050,21,147,"Kentucky","McCreary County",3,16,228,123,105
050,21,147,"Kentucky","McCreary County",3,17,234,134,100
050,21,147,"Kentucky","McCreary County",3,18,194,118,76
050,21,147,"Kentucky","McCreary County",3,19,155,90,65
050,21,147,"Kentucky","McCreary County",3,20,158,82,76
050,21,147,"Kentucky","McCreary County",3,21,151,79,72
050,21,147,"Kentucky","McCreary County",3,22,177,93,84
050,21,147,"Kentucky","McCreary County",3,23,190,108,82
050,21,147,"Kentucky","McCreary County",3,24,179,98,81
050,21,147,"Kentucky","McCreary County",3,25,198,120,78
050,21,147,"Kentucky","McCreary County",3,26,193,111,82
050,21,147,"Kentucky","McCreary County",3,27,218,120,98
050,21,147,"Kentucky","McCreary County",3,28,240,140,100
050,21,147,"Kentucky","McCreary County",3,29,248,145,103
050,21,147,"Kentucky","McCreary County",3,30,294,186,108
050,21,147,"Kentucky","McCreary County",3,31,315,209,106
050,21,147,"Kentucky","McCreary County",3,32,282,191,91
050,21,147,"Kentucky","McCreary County",3,33,247,159,88
050,21,147,"Kentucky","McCreary County",3,34,216,129,87
050,21,147,"Kentucky","McCreary County",3,35,217,134,83
050,21,147,"Kentucky","McCreary County",3,36,218,139,79
050,21,147,"Kentucky","McCreary County",3,37,206,124,82
050,21,147,"Kentucky","McCreary County",3,38,213,126,87
050,21,147,"Kentucky","McCreary County",3,39,239,154,85
050,21,147,"Kentucky","McCreary County",3,40,256,171,85
050,21,147,"Kentucky","McCreary County",3,41,267,176,91
050,21,147,"Kentucky","McCreary County",3,42,251,151,100
050,21,147,"Kentucky","McCreary County",3,43,232,131,101
050,21,147,"Kentucky","McCreary County",3,44,249,149,100
050,21,147,"Kentucky","McCreary County",3,45,206,113,93
050,21,147,"Kentucky","McCreary County",3,46,219,111,108
050,21,147,"Kentucky","McCreary County",3,47,238,128,110
050,21,147,"Kentucky","McCreary County",3,48,229,125,104
050,21,147,"Kentucky","McCreary County",3,49,205,108,97
050,21,147,"Kentucky","McCreary County",3,50,210,119,91
050,21,147,"Kentucky","McCreary County",3,51,206,115,91
050,21,147,"Kentucky","McCreary County",3,52,217,116,101
050,21,147,"Kentucky","McCreary County",3,53,227,125,102
050,21,147,"Kentucky","McCreary County",3,54,237,140,97
050,21,147,"Kentucky","McCreary County",3,55,245,131,114
050,21,147,"Kentucky","McCreary County",3,56,228,112,116
050,21,147,"Kentucky","McCreary County",3,57,220,110,110
050,21,147,"Kentucky","McCreary County",3,58,234,118,116
050,21,147,"Kentucky","McCreary County",3,59,223,111,112
050,21,147,"Kentucky","McCreary County",3,60,198,103,95
050,21,147,"Kentucky","McCreary County",3,61,194,87,107
050,21,147,"Kentucky","McCreary County",3,62,210,111,99
050,21,147,"Kentucky","McCreary County",3,63,202,112,90
050,21,147,"Kentucky","McCreary County",3,64,188,102,86
050,21,147,"Kentucky","McCreary County",3,65,160,86,74
050,21,147,"Kentucky","McCreary County",3,66,182,87,95
050,21,147,"Kentucky","McCreary County",3,67,180,86,94
050,21,147,"Kentucky","McCreary County",3,68,174,80,94
050,21,147,"Kentucky","McCreary County",3,69,173,77,96
050,21,147,"Kentucky","McCreary County",3,70,165,76,89
050,21,147,"Kentucky","McCreary County",3,71,154,75,79
050,21,147,"Kentucky","McCreary County",3,72,158,73,85
050,21,147,"Kentucky","McCreary County",3,73,162,75,87
050,21,147,"Kentucky","McCreary County",3,74,172,78,94
050,21,147,"Kentucky","McCreary County",3,75,112,54,58
050,21,147,"Kentucky","McCreary County",3,76,125,63,62
050,21,147,"Kentucky","McCreary County",3,77,112,51,61
050,21,147,"Kentucky","McCreary County",3,78,109,52,57
050,21,147,"Kentucky","McCreary County",3,79,93,41,52
050,21,147,"Kentucky","McCreary County",3,80,79,38,41
050,21,147,"Kentucky","McCreary County",3,81,57,27,30
050,21,147,"Kentucky","McCreary County",3,82,62,33,29
050,21,147,"Kentucky","McCreary County",3,83,49,24,25
050,21,147,"Kentucky","McCreary County",3,84,47,22,25
050,21,147,"Kentucky","McCreary County",3,85,219,84,135
050,21,147,"Kentucky","McCreary County",4,0,179,82,97
050,21,147,"Kentucky","McCreary County",4,1,201,101,100
050,21,147,"Kentucky","McCreary County",4,2,189,96,93
050,21,147,"Kentucky","McCreary County",4,3,188,90,98
050,21,147,"Kentucky","McCreary County",4,4,199,99,100
050,21,147,"Kentucky","McCreary County",4,5,193,96,97
050,21,147,"Kentucky","McCreary County",4,6,198,102,96
050,21,147,"Kentucky","McCreary County",4,7,192,98,94
050,21,147,"Kentucky","McCreary County",4,8,200,101,99
050,21,147,"Kentucky","McCreary County",4,9,212,115,97
050,21,147,"Kentucky","McCreary County",4,10,229,113,116
050,21,147,"Kentucky","McCreary County",4,11,223,115,108
050,21,147,"Kentucky","McCreary County",4,12,201,112,89
050,21,147,"Kentucky","McCreary County",4,13,196,103,93
050,21,147,"Kentucky","McCreary County",4,14,199,103,96
050,21,147,"Kentucky","McCreary County",4,15,213,110,103
050,21,147,"Kentucky","McCreary County",4,16,217,118,99
050,21,147,"Kentucky","McCreary County",4,17,233,130,103
050,21,147,"Kentucky","McCreary County",4,18,201,115,86
050,21,147,"Kentucky","McCreary County",4,19,159,103,56
050,21,147,"Kentucky","McCreary County",4,20,154,79,75
050,21,147,"Kentucky","McCreary County",4,21,162,81,81
050,21,147,"Kentucky","McCreary County",4,22,169,88,81
050,21,147,"Kentucky","McCreary County",4,23,195,113,82
050,21,147,"Kentucky","McCreary County",4,24,186,104,82
050,21,147,"Kentucky","McCreary County",4,25,197,117,80
050,21,147,"Kentucky","McCreary County",4,26,202,119,83
050,21,147,"Kentucky","McCreary County",4,27,190,106,84
050,21,147,"Kentucky","McCreary County",4,28,248,142,106
050,21,147,"Kentucky","McCreary County",4,29,253,148,105
050,21,147,"Kentucky","McCreary County",4,30,269,172,97
050,21,147,"Kentucky","McCreary County",4,31,314,213,101
050,21,147,"Kentucky","McCreary County",4,32,323,217,106
050,21,147,"Kentucky","McCreary County",4,33,269,178,91
050,21,147,"Kentucky","McCreary County",4,34,222,128,94
050,21,147,"Kentucky","McCreary County",4,35,233,148,85
050,21,147,"Kentucky","McCreary County",4,36,232,151,81
050,21,147,"Kentucky","McCreary County",4,37,203,120,83
050,21,147,"Kentucky","McCreary County",4,38,199,122,77
050,21,147,"Kentucky","McCreary County",4,39,234,146,88
050,21,147,"Kentucky","McCreary County",4,40,249,164,85
050,21,147,"Kentucky","McCreary County",4,41,264,179,85
050,21,147,"Kentucky","McCreary County",4,42,237,146,91
050,21,147,"Kentucky","McCreary County",4,43,242,143,99
050,21,147,"Kentucky","McCreary County",4,44,254,156,98
050,21,147,"Kentucky","McCreary County",4,45,214,116,98
050,21,147,"Kentucky","McCreary County",4,46,219,125,94
050,21,147,"Kentucky","McCreary County",4,47,237,129,108
050,21,147,"Kentucky","McCreary County",4,48,219,118,101
050,21,147,"Kentucky","McCreary County",4,49,217,110,107
050,21,147,"Kentucky","McCreary County",4,50,216,121,95
050,21,147,"Kentucky","McCreary County",4,51,185,98,87
050,21,147,"Kentucky","McCreary County",4,52,206,115,91
050,21,147,"Kentucky","McCreary County",4,53,234,132,102
050,21,147,"Kentucky","McCreary County",4,54,237,134,103
050,21,147,"Kentucky","McCreary County",4,55,221,128,93
050,21,147,"Kentucky","McCreary County",4,56,227,114,113
050,21,147,"Kentucky","McCreary County",4,57,231,120,111
050,21,147,"Kentucky","McCreary County",4,58,220,113,107
050,21,147,"Kentucky","McCreary County",4,59,221,105,116
050,21,147,"Kentucky","McCreary County",4,60,214,107,107
050,21,147,"Kentucky","McCreary County",4,61,187,96,91
050,21,147,"Kentucky","McCreary County",4,62,186,86,100
050,21,147,"Kentucky","McCreary County",4,63,208,110,98
050,21,147,"Kentucky","McCreary County",4,64,194,107,87
050,21,147,"Kentucky","McCreary County",4,65,178,93,85
050,21,147,"Kentucky","McCreary County",4,66,160,85,75
050,21,147,"Kentucky","McCreary County",4,67,169,79,90
050,21,147,"Kentucky","McCreary County",4,68,176,83,93
050,21,147,"Kentucky","McCreary County",4,69,167,75,92
050,21,147,"Kentucky","McCreary County",4,70,174,76,98
050,21,147,"Kentucky","McCreary County",4,71,165,77,88
050,21,147,"Kentucky","McCreary County",4,72,149,72,77
050,21,147,"Kentucky","McCreary County",4,73,148,68,80
050,21,147,"Kentucky","McCreary County",4,74,159,71,88
050,21,147,"Kentucky","McCreary County",4,75,164,72,92
050,21,147,"Kentucky","McCreary County",4,76,106,52,54
050,21,147,"Kentucky","McCreary County",4,77,117,60,57
050,21,147,"Kentucky","McCreary County",4,78,102,48,54
050,21,147,"Kentucky","McCreary County",4,79,100,47,53
050,21,147,"Kentucky","McCreary County",4,80,85,36,49
050,21,147,"Kentucky","McCreary County",4,81,69,31,38
050,21,147,"Kentucky","McCreary County",4,82,54,25,29
050,21,147,"Kentucky","McCreary County",4,83,53,27,26
050,21,147,"Kentucky","McCreary County",4,84,46,25,21
050,21,147,"Kentucky","McCreary County",4,85,227,83,144
050,21,147,"Kentucky","McCreary County",5,0,179,84,95
050,21,147,"Kentucky","McCreary County",5,1,180,82,98
050,21,147,"Kentucky","McCreary County",5,2,207,103,104
050,21,147,"Kentucky","McCreary County",5,3,209,108,101
050,21,147,"Kentucky","McCreary County",5,4,185,90,95
050,21,147,"Kentucky","McCreary County",5,5,212,105,107
050,21,147,"Kentucky","McCreary County",5,6,198,102,96
050,21,147,"Kentucky","McCreary County",5,7,198,100,98
050,21,147,"Kentucky","McCreary County",5,8,182,93,89
050,21,147,"Kentucky","McCreary County",5,9,202,102,100
050,21,147,"Kentucky","McCreary County",5,10,215,113,102
050,21,147,"Kentucky","McCreary County",5,11,236,118,118
050,21,147,"Kentucky","McCreary County",5,12,224,114,110
050,21,147,"Kentucky","McCreary County",5,13,210,118,92
050,21,147,"Kentucky","McCreary County",5,14,199,110,89
050,21,147,"Kentucky","McCreary County",5,15,203,109,94
050,21,147,"Kentucky","McCreary County",5,16,217,114,103
050,21,147,"Kentucky","McCreary County",5,17,229,129,100
050,21,147,"Kentucky","McCreary County",5,18,210,120,90
050,21,147,"Kentucky","McCreary County",5,19,175,107,68
050,21,147,"Kentucky","McCreary County",5,20,166,104,62
050,21,147,"Kentucky","McCreary County",5,21,166,87,79
050,21,147,"Kentucky","McCreary County",5,22,178,88,90
050,21,147,"Kentucky","McCreary County",5,23,200,112,88
050,21,147,"Kentucky","McCreary County",5,24,195,113,82
050,21,147,"Kentucky","McCreary County",5,25,219,134,85
050,21,147,"Kentucky","McCreary County",5,26,204,115,89
050,21,147,"Kentucky","McCreary County",5,27,207,119,88
050,21,147,"Kentucky","McCreary County",5,28,207,125,82
050,21,147,"Kentucky","McCreary County",5,29,246,143,103
050,21,147,"Kentucky","McCreary County",5,30,288,181,107
050,21,147,"Kentucky","McCreary County",5,31,297,201,96
050,21,147,"Kentucky","McCreary County",5,32,327,224,103
050,21,147,"Kentucky","McCreary County",5,33,313,208,105
050,21,147,"Kentucky","McCreary County",5,34,243,149,94
050,21,147,"Kentucky","McCreary County",5,35,241,146,95
050,21,147,"Kentucky","McCreary County",5,36,262,178,84
050,21,147,"Kentucky","McCreary County",5,37,217,131,86
050,21,147,"Kentucky","McCreary County",5,38,211,126,85
050,21,147,"Kentucky","McCreary County",5,39,233,151,82
050,21,147,"Kentucky","McCreary County",5,40,244,157,87
050,21,147,"Kentucky","McCreary County",5,41,256,170,86
050,21,147,"Kentucky","McCreary County",5,42,240,153,87
050,21,147,"Kentucky","McCreary County",5,43,235,140,95
050,21,147,"Kentucky","McCreary County",5,44,272,170,102
050,21,147,"Kentucky","McCreary County",5,45,215,117,98
050,21,147,"Kentucky","McCreary County",5,46,227,132,95
050,21,147,"Kentucky","McCreary County",5,47,237,142,95
050,21,147,"Kentucky","McCreary County",5,48,231,120,111
050,21,147,"Kentucky","McCreary County",5,49,197,96,101
050,21,147,"Kentucky","McCreary County",5,50,226,121,105
050,21,147,"Kentucky","McCreary County",5,51,206,105,101
050,21,147,"Kentucky","McCreary County",5,52,195,107,88
050,21,147,"Kentucky","McCreary County",5,53,227,135,92
050,21,147,"Kentucky","McCreary County",5,54,247,143,104
050,21,147,"Kentucky","McCreary County",5,55,226,125,101
050,21,147,"Kentucky","McCreary County",5,56,212,117,95
050,21,147,"Kentucky","McCreary County",5,57,231,122,109
050,21,147,"Kentucky","McCreary County",5,58,233,122,111
050,21,147,"Kentucky","McCreary County",5,59,214,104,110
050,21,147,"Kentucky","McCreary County",5,60,213,99,114
050,21,147,"Kentucky","McCreary County",5,61,213,106,107
050,21,147,"Kentucky","McCreary County",5,62,193,100,93
050,21,147,"Kentucky","McCreary County",5,63,182,82,100
050,21,147,"Kentucky","McCreary County",5,64,203,107,96
050,21,147,"Kentucky","McCreary County",5,65,181,99,82
050,21,147,"Kentucky","McCreary County",5,66,174,92,82
050,21,147,"Kentucky","McCreary County",5,67,151,76,75
050,21,147,"Kentucky","McCreary County",5,68,165,78,87
050,21,147,"Kentucky","McCreary County",5,69,172,79,93
050,21,147,"Kentucky","McCreary County",5,70,171,77,94
050,21,147,"Kentucky","McCreary County",5,71,179,84,95
050,21,147,"Kentucky","McCreary County",5,72,155,69,86
050,21,147,"Kentucky","McCreary County",5,73,140,68,72
050,21,147,"Kentucky","McCreary County",5,74,144,65,79
050,21,147,"Kentucky","McCreary County",5,75,152,67,85
050,21,147,"Kentucky","McCreary County",5,76,156,67,89
050,21,147,"Kentucky","McCreary County",5,77,99,48,51
050,21,147,"Kentucky","McCreary County",5,78,110,57,53
050,21,147,"Kentucky","McCreary County",5,79,87,40,47
050,21,147,"Kentucky","McCreary County",5,80,89,41,48
050,21,147,"Kentucky","McCreary County",5,81,72,28,44
050,21,147,"Kentucky","McCreary County",5,82,64,28,36
050,21,147,"Kentucky","McCreary County",5,83,46,20,26
050,21,147,"Kentucky","McCreary County",5,84,48,26,22
050,21,147,"Kentucky","McCreary County",5,85,230,83,147
050,21,149,"Kentucky","McLean County",1,0,95,47,48
050,21,149,"Kentucky","McLean County",1,1,103,50,53
050,21,149,"Kentucky","McLean County",1,2,113,55,58
050,21,149,"Kentucky","McLean County",1,3,103,54,49
050,21,149,"Kentucky","McLean County",1,4,91,48,43
050,21,149,"Kentucky","McLean County",1,5,95,45,50
050,21,149,"Kentucky","McLean County",1,6,120,65,55
050,21,149,"Kentucky","McLean County",1,7,110,56,54
050,21,149,"Kentucky","McLean County",1,8,131,73,58
050,21,149,"Kentucky","McLean County",1,9,134,73,61
050,21,149,"Kentucky","McLean County",1,10,120,60,60
050,21,149,"Kentucky","McLean County",1,11,115,62,53
050,21,149,"Kentucky","McLean County",1,12,134,69,65
050,21,149,"Kentucky","McLean County",1,13,140,66,74
050,21,149,"Kentucky","McLean County",1,14,142,67,75
050,21,149,"Kentucky","McLean County",1,15,126,62,64
050,21,149,"Kentucky","McLean County",1,16,143,78,65
050,21,149,"Kentucky","McLean County",1,17,139,77,62
050,21,149,"Kentucky","McLean County",1,18,119,68,51
050,21,149,"Kentucky","McLean County",1,19,98,54,44
050,21,149,"Kentucky","McLean County",1,20,99,59,40
050,21,149,"Kentucky","McLean County",1,21,93,48,45
050,21,149,"Kentucky","McLean County",1,22,77,41,36
050,21,149,"Kentucky","McLean County",1,23,103,51,52
050,21,149,"Kentucky","McLean County",1,24,90,43,47
050,21,149,"Kentucky","McLean County",1,25,84,41,43
050,21,149,"Kentucky","McLean County",1,26,96,46,50
050,21,149,"Kentucky","McLean County",1,27,99,48,51
050,21,149,"Kentucky","McLean County",1,28,97,49,48
050,21,149,"Kentucky","McLean County",1,29,121,72,49
050,21,149,"Kentucky","McLean County",1,30,94,48,46
050,21,149,"Kentucky","McLean County",1,31,78,39,39
050,21,149,"Kentucky","McLean County",1,32,99,45,54
050,21,149,"Kentucky","McLean County",1,33,100,52,48
050,21,149,"Kentucky","McLean County",1,34,93,51,42
050,21,149,"Kentucky","McLean County",1,35,99,46,53
050,21,149,"Kentucky","McLean County",1,36,100,51,49
050,21,149,"Kentucky","McLean County",1,37,110,51,59
050,21,149,"Kentucky","McLean County",1,38,115,57,58
050,21,149,"Kentucky","McLean County",1,39,102,52,50
050,21,149,"Kentucky","McLean County",1,40,96,44,52
050,21,149,"Kentucky","McLean County",1,41,95,43,52
050,21,149,"Kentucky","McLean County",1,42,106,54,52
050,21,149,"Kentucky","McLean County",1,43,118,57,61
050,21,149,"Kentucky","McLean County",1,44,109,52,57
050,21,149,"Kentucky","McLean County",1,45,112,56,56
050,21,149,"Kentucky","McLean County",1,46,120,59,61
050,21,149,"Kentucky","McLean County",1,47,121,59,62
050,21,149,"Kentucky","McLean County",1,48,106,49,57
050,21,149,"Kentucky","McLean County",1,49,127,64,63
050,21,149,"Kentucky","McLean County",1,50,103,51,52
050,21,149,"Kentucky","McLean County",1,51,118,61,57
050,21,149,"Kentucky","McLean County",1,52,131,71,60
050,21,149,"Kentucky","McLean County",1,53,126,65,61
050,21,149,"Kentucky","McLean County",1,54,117,55,62
050,21,149,"Kentucky","McLean County",1,55,128,67,61
050,21,149,"Kentucky","McLean County",1,56,150,80,70
050,21,149,"Kentucky","McLean County",1,57,134,62,72
050,21,149,"Kentucky","McLean County",1,58,123,60,63
050,21,149,"Kentucky","McLean County",1,59,125,64,61
050,21,149,"Kentucky","McLean County",1,60,141,71,70
050,21,149,"Kentucky","McLean County",1,61,142,66,76
050,21,149,"Kentucky","McLean County",1,62,130,62,68
050,21,149,"Kentucky","McLean County",1,63,134,70,64
050,21,149,"Kentucky","McLean County",1,64,130,62,68
050,21,149,"Kentucky","McLean County",1,65,120,60,60
050,21,149,"Kentucky","McLean County",1,66,111,54,57
050,21,149,"Kentucky","McLean County",1,67,122,56,66
050,21,149,"Kentucky","McLean County",1,68,114,55,59
050,21,149,"Kentucky","McLean County",1,69,99,46,53
050,21,149,"Kentucky","McLean County",1,70,94,47,47
050,21,149,"Kentucky","McLean County",1,71,93,41,52
050,21,149,"Kentucky","McLean County",1,72,97,42,55
050,21,149,"Kentucky","McLean County",1,73,116,61,55
050,21,149,"Kentucky","McLean County",1,74,79,36,43
050,21,149,"Kentucky","McLean County",1,75,81,37,44
050,21,149,"Kentucky","McLean County",1,76,85,38,47
050,21,149,"Kentucky","McLean County",1,77,79,36,43
050,21,149,"Kentucky","McLean County",1,78,56,26,30
050,21,149,"Kentucky","McLean County",1,79,53,23,30
050,21,149,"Kentucky","McLean County",1,80,54,27,27
050,21,149,"Kentucky","McLean County",1,81,49,23,26
050,21,149,"Kentucky","McLean County",1,82,44,20,24
050,21,149,"Kentucky","McLean County",1,83,30,16,14
050,21,149,"Kentucky","McLean County",1,84,35,16,19
050,21,149,"Kentucky","McLean County",1,85,180,75,105
050,21,149,"Kentucky","McLean County",2,0,94,51,43
050,21,149,"Kentucky","McLean County",2,1,101,49,52
050,21,149,"Kentucky","McLean County",2,2,109,54,55
050,21,149,"Kentucky","McLean County",2,3,103,54,49
050,21,149,"Kentucky","McLean County",2,4,94,49,45
050,21,149,"Kentucky","McLean County",2,5,95,47,48
050,21,149,"Kentucky","McLean County",2,6,114,60,54
050,21,149,"Kentucky","McLean County",2,7,113,59,54
050,21,149,"Kentucky","McLean County",2,8,125,68,57
050,21,149,"Kentucky","McLean County",2,9,132,72,60
050,21,149,"Kentucky","McLean County",2,10,123,64,59
050,21,149,"Kentucky","McLean County",2,11,115,61,54
050,21,149,"Kentucky","McLean County",2,12,129,66,63
050,21,149,"Kentucky","McLean County",2,13,140,67,73
050,21,149,"Kentucky","McLean County",2,14,142,67,75
050,21,149,"Kentucky","McLean County",2,15,131,65,66
050,21,149,"Kentucky","McLean County",2,16,140,75,65
050,21,149,"Kentucky","McLean County",2,17,139,76,63
050,21,149,"Kentucky","McLean County",2,18,120,69,51
050,21,149,"Kentucky","McLean County",2,19,99,55,44
050,21,149,"Kentucky","McLean County",2,20,104,60,44
050,21,149,"Kentucky","McLean County",2,21,93,51,42
050,21,149,"Kentucky","McLean County",2,22,83,43,40
050,21,149,"Kentucky","McLean County",2,23,97,48,49
050,21,149,"Kentucky","McLean County",2,24,90,44,46
050,21,149,"Kentucky","McLean County",2,25,86,42,44
050,21,149,"Kentucky","McLean County",2,26,93,45,48
050,21,149,"Kentucky","McLean County",2,27,98,48,50
050,21,149,"Kentucky","McLean County",2,28,99,50,49
050,21,149,"Kentucky","McLean County",2,29,117,67,50
050,21,149,"Kentucky","McLean County",2,30,100,53,47
050,21,149,"Kentucky","McLean County",2,31,81,41,40
050,21,149,"Kentucky","McLean County",2,32,93,43,50
050,21,149,"Kentucky","McLean County",2,33,100,50,50
050,21,149,"Kentucky","McLean County",2,34,95,51,44
050,21,149,"Kentucky","McLean County",2,35,99,48,51
050,21,149,"Kentucky","McLean County",2,36,98,50,48
050,21,149,"Kentucky","McLean County",2,37,109,51,58
050,21,149,"Kentucky","McLean County",2,38,112,55,57
050,21,149,"Kentucky","McLean County",2,39,104,52,52
050,21,149,"Kentucky","McLean County",2,40,98,45,53
050,21,149,"Kentucky","McLean County",2,41,96,44,52
050,21,149,"Kentucky","McLean County",2,42,103,51,52
050,21,149,"Kentucky","McLean County",2,43,114,56,58
050,21,149,"Kentucky","McLean County",2,44,110,52,58
050,21,149,"Kentucky","McLean County",2,45,113,56,57
050,21,149,"Kentucky","McLean County",2,46,116,58,58
050,21,149,"Kentucky","McLean County",2,47,119,58,61
050,21,149,"Kentucky","McLean County",2,48,110,52,58
050,21,149,"Kentucky","McLean County",2,49,123,61,62
050,21,149,"Kentucky","McLean County",2,50,108,53,55
050,21,149,"Kentucky","McLean County",2,51,114,59,55
050,21,149,"Kentucky","McLean County",2,52,125,68,57
050,21,149,"Kentucky","McLean County",2,53,127,67,60
050,21,149,"Kentucky","McLean County",2,54,117,56,61
050,21,149,"Kentucky","McLean County",2,55,127,65,62
050,21,149,"Kentucky","McLean County",2,56,141,76,65
050,21,149,"Kentucky","McLean County",2,57,136,65,71
050,21,149,"Kentucky","McLean County",2,58,126,61,65
050,21,149,"Kentucky","McLean County",2,59,124,62,62
050,21,149,"Kentucky","McLean County",2,60,138,70,68
050,21,149,"Kentucky","McLean County",2,61,140,67,73
050,21,149,"Kentucky","McLean County",2,62,134,63,71
050,21,149,"Kentucky","McLean County",2,63,135,69,66
050,21,149,"Kentucky","McLean County",2,64,131,64,67
050,21,149,"Kentucky","McLean County",2,65,120,60,60
050,21,149,"Kentucky","McLean County",2,66,113,54,59
050,21,149,"Kentucky","McLean County",2,67,120,56,64
050,21,149,"Kentucky","McLean County",2,68,115,55,60
050,21,149,"Kentucky","McLean County",2,69,102,48,54
050,21,149,"Kentucky","McLean County",2,70,94,47,47
050,21,149,"Kentucky","McLean County",2,71,94,43,51
050,21,149,"Kentucky","McLean County",2,72,94,40,54
050,21,149,"Kentucky","McLean County",2,73,118,60,58
050,21,149,"Kentucky","McLean County",2,74,81,39,42
050,21,149,"Kentucky","McLean County",2,75,80,36,44
050,21,149,"Kentucky","McLean County",2,76,84,38,46
050,21,149,"Kentucky","McLean County",2,77,82,37,45
050,21,149,"Kentucky","McLean County",2,78,60,28,32
050,21,149,"Kentucky","McLean County",2,79,53,23,30
050,21,149,"Kentucky","McLean County",2,80,53,26,27
050,21,149,"Kentucky","McLean County",2,81,49,22,27
050,21,149,"Kentucky","McLean County",2,82,45,21,24
050,21,149,"Kentucky","McLean County",2,83,32,17,15
050,21,149,"Kentucky","McLean County",2,84,33,16,17
050,21,149,"Kentucky","McLean County",2,85,180,76,104
050,21,149,"Kentucky","McLean County",3,0,103,59,44
050,21,149,"Kentucky","McLean County",3,1,97,55,42
050,21,149,"Kentucky","McLean County",3,2,105,53,52
050,21,149,"Kentucky","McLean County",3,3,112,56,56
050,21,149,"Kentucky","McLean County",3,4,102,53,49
050,21,149,"Kentucky","McLean County",3,5,96,46,50
050,21,149,"Kentucky","McLean County",3,6,99,48,51
050,21,149,"Kentucky","McLean County",3,7,116,60,56
050,21,149,"Kentucky","McLean County",3,8,116,62,54
050,21,149,"Kentucky","McLean County",3,9,122,65,57
050,21,149,"Kentucky","McLean County",3,10,130,71,59
050,21,149,"Kentucky","McLean County",3,11,129,66,63
050,21,149,"Kentucky","McLean County",3,12,120,61,59
050,21,149,"Kentucky","McLean County",3,13,131,69,62
050,21,149,"Kentucky","McLean County",3,14,153,75,78
050,21,149,"Kentucky","McLean County",3,15,141,64,77
050,21,149,"Kentucky","McLean County",3,16,126,62,64
050,21,149,"Kentucky","McLean County",3,17,138,75,63
050,21,149,"Kentucky","McLean County",3,18,129,72,57
050,21,149,"Kentucky","McLean County",3,19,95,53,42
050,21,149,"Kentucky","McLean County",3,20,104,58,46
050,21,149,"Kentucky","McLean County",3,21,106,59,47
050,21,149,"Kentucky","McLean County",3,22,101,54,47
050,21,149,"Kentucky","McLean County",3,23,91,42,49
050,21,149,"Kentucky","McLean County",3,24,93,47,46
050,21,149,"Kentucky","McLean County",3,25,90,41,49
050,21,149,"Kentucky","McLean County",3,26,91,44,47
050,21,149,"Kentucky","McLean County",3,27,96,48,48
050,21,149,"Kentucky","McLean County",3,28,103,49,54
050,21,149,"Kentucky","McLean County",3,29,100,45,55
050,21,149,"Kentucky","McLean County",3,30,115,60,55
050,21,149,"Kentucky","McLean County",3,31,94,53,41
050,21,149,"Kentucky","McLean County",3,32,83,42,41
050,21,149,"Kentucky","McLean County",3,33,92,45,47
050,21,149,"Kentucky","McLean County",3,34,102,51,51
050,21,149,"Kentucky","McLean County",3,35,96,51,45
050,21,149,"Kentucky","McLean County",3,36,99,48,51
050,21,149,"Kentucky","McLean County",3,37,94,47,47
050,21,149,"Kentucky","McLean County",3,38,113,56,57
050,21,149,"Kentucky","McLean County",3,39,114,55,59
050,21,149,"Kentucky","McLean County",3,40,107,57,50
050,21,149,"Kentucky","McLean County",3,41,100,46,54
050,21,149,"Kentucky","McLean County",3,42,98,46,52
050,21,149,"Kentucky","McLean County",3,43,103,51,52
050,21,149,"Kentucky","McLean County",3,44,121,62,59
050,21,149,"Kentucky","McLean County",3,45,109,53,56
050,21,149,"Kentucky","McLean County",3,46,114,54,60
050,21,149,"Kentucky","McLean County",3,47,113,56,57
050,21,149,"Kentucky","McLean County",3,48,122,61,61
050,21,149,"Kentucky","McLean County",3,49,112,54,58
050,21,149,"Kentucky","McLean County",3,50,123,60,63
050,21,149,"Kentucky","McLean County",3,51,112,55,57
050,21,149,"Kentucky","McLean County",3,52,117,62,55
050,21,149,"Kentucky","McLean County",3,53,126,69,57
050,21,149,"Kentucky","McLean County",3,54,122,64,58
050,21,149,"Kentucky","McLean County",3,55,116,55,61
050,21,149,"Kentucky","McLean County",3,56,127,67,60
050,21,149,"Kentucky","McLean County",3,57,136,74,62
050,21,149,"Kentucky","McLean County",3,58,130,64,66
050,21,149,"Kentucky","McLean County",3,59,118,58,60
050,21,149,"Kentucky","McLean County",3,60,123,61,62
050,21,149,"Kentucky","McLean County",3,61,124,67,57
050,21,149,"Kentucky","McLean County",3,62,137,65,72
050,21,149,"Kentucky","McLean County",3,63,131,60,71
050,21,149,"Kentucky","McLean County",3,64,133,68,65
050,21,149,"Kentucky","McLean County",3,65,130,62,68
050,21,149,"Kentucky","McLean County",3,66,117,58,59
050,21,149,"Kentucky","McLean County",3,67,113,54,59
050,21,149,"Kentucky","McLean County",3,68,118,56,62
050,21,149,"Kentucky","McLean County",3,69,109,52,57
050,21,149,"Kentucky","McLean County",3,70,102,47,55
050,21,149,"Kentucky","McLean County",3,71,91,43,48
050,21,149,"Kentucky","McLean County",3,72,91,40,51
050,21,149,"Kentucky","McLean County",3,73,92,41,51
050,21,149,"Kentucky","McLean County",3,74,112,57,55
050,21,149,"Kentucky","McLean County",3,75,76,36,40
050,21,149,"Kentucky","McLean County",3,76,77,33,44
050,21,149,"Kentucky","McLean County",3,77,79,35,44
050,21,149,"Kentucky","McLean County",3,78,76,34,42
050,21,149,"Kentucky","McLean County",3,79,54,23,31
050,21,149,"Kentucky","McLean County",3,80,49,22,27
050,21,149,"Kentucky","McLean County",3,81,50,23,27
050,21,149,"Kentucky","McLean County",3,82,40,16,24
050,21,149,"Kentucky","McLean County",3,83,36,18,18
050,21,149,"Kentucky","McLean County",3,84,30,16,14
050,21,149,"Kentucky","McLean County",3,85,169,77,92
050,21,149,"Kentucky","McLean County",4,0,92,53,39
050,21,149,"Kentucky","McLean County",4,1,101,58,43
050,21,149,"Kentucky","McLean County",4,2,93,52,41
050,21,149,"Kentucky","McLean County",4,3,108,55,53
050,21,149,"Kentucky","McLean County",4,4,111,54,57
050,21,149,"Kentucky","McLean County",4,5,110,54,56
050,21,149,"Kentucky","McLean County",4,6,104,47,57
050,21,149,"Kentucky","McLean County",4,7,100,49,51
050,21,149,"Kentucky","McLean County",4,8,114,60,54
050,21,149,"Kentucky","McLean County",4,9,120,67,53
050,21,149,"Kentucky","McLean County",4,10,127,70,57
050,21,149,"Kentucky","McLean County",4,11,141,76,65
050,21,149,"Kentucky","McLean County",4,12,133,71,62
050,21,149,"Kentucky","McLean County",4,13,114,57,57
050,21,149,"Kentucky","McLean County",4,14,136,75,61
050,21,149,"Kentucky","McLean County",4,15,148,76,72
050,21,149,"Kentucky","McLean County",4,16,146,66,80
050,21,149,"Kentucky","McLean County",4,17,125,65,60
050,21,149,"Kentucky","McLean County",4,18,121,68,53
050,21,149,"Kentucky","McLean County",4,19,97,57,40
050,21,149,"Kentucky","McLean County",4,20,94,53,41
050,21,149,"Kentucky","McLean County",4,21,101,61,40
050,21,149,"Kentucky","McLean County",4,22,121,66,55
050,21,149,"Kentucky","McLean County",4,23,97,50,47
050,21,149,"Kentucky","McLean County",4,24,93,51,42
050,21,149,"Kentucky","McLean County",4,25,86,44,42
050,21,149,"Kentucky","McLean County",4,26,99,46,53
050,21,149,"Kentucky","McLean County",4,27,97,44,53
050,21,149,"Kentucky","McLean County",4,28,100,49,51
050,21,149,"Kentucky","McLean County",4,29,98,41,57
050,21,149,"Kentucky","McLean County",4,30,99,44,55
050,21,149,"Kentucky","McLean County",4,31,115,61,54
050,21,149,"Kentucky","McLean County",4,32,93,51,42
050,21,149,"Kentucky","McLean County",4,33,91,46,45
050,21,149,"Kentucky","McLean County",4,34,98,43,55
050,21,149,"Kentucky","McLean County",4,35,103,53,50
050,21,149,"Kentucky","McLean County",4,36,93,49,44
050,21,149,"Kentucky","McLean County",4,37,104,52,52
050,21,149,"Kentucky","McLean County",4,38,88,42,46
050,21,149,"Kentucky","McLean County",4,39,118,59,59
050,21,149,"Kentucky","McLean County",4,40,115,56,59
050,21,149,"Kentucky","McLean County",4,41,112,60,52
050,21,149,"Kentucky","McLean County",4,42,100,44,56
050,21,149,"Kentucky","McLean County",4,43,99,48,51
050,21,149,"Kentucky","McLean County",4,44,106,54,52
050,21,149,"Kentucky","McLean County",4,45,122,63,59
050,21,149,"Kentucky","McLean County",4,46,111,55,56
050,21,149,"Kentucky","McLean County",4,47,113,55,58
050,21,149,"Kentucky","McLean County",4,48,117,60,57
050,21,149,"Kentucky","McLean County",4,49,117,59,58
050,21,149,"Kentucky","McLean County",4,50,111,49,62
050,21,149,"Kentucky","McLean County",4,51,126,63,63
050,21,149,"Kentucky","McLean County",4,52,111,53,58
050,21,149,"Kentucky","McLean County",4,53,115,61,54
050,21,149,"Kentucky","McLean County",4,54,125,67,58
050,21,149,"Kentucky","McLean County",4,55,121,63,58
050,21,149,"Kentucky","McLean County",4,56,113,53,60
050,21,149,"Kentucky","McLean County",4,57,125,65,60
050,21,149,"Kentucky","McLean County",4,58,136,74,62
050,21,149,"Kentucky","McLean County",4,59,132,64,68
050,21,149,"Kentucky","McLean County",4,60,117,58,59
050,21,149,"Kentucky","McLean County",4,61,116,58,58
050,21,149,"Kentucky","McLean County",4,62,123,67,56
050,21,149,"Kentucky","McLean County",4,63,138,62,76
050,21,149,"Kentucky","McLean County",4,64,125,56,69
050,21,149,"Kentucky","McLean County",4,65,129,66,63
050,21,149,"Kentucky","McLean County",4,66,125,59,66
050,21,149,"Kentucky","McLean County",4,67,114,55,59
050,21,149,"Kentucky","McLean County",4,68,107,52,55
050,21,149,"Kentucky","McLean County",4,69,114,55,59
050,21,149,"Kentucky","McLean County",4,70,106,48,58
050,21,149,"Kentucky","McLean County",4,71,99,43,56
050,21,149,"Kentucky","McLean County",4,72,92,42,50
050,21,149,"Kentucky","McLean County",4,73,90,40,50
050,21,149,"Kentucky","McLean County",4,74,91,39,52
050,21,149,"Kentucky","McLean County",4,75,105,52,53
050,21,149,"Kentucky","McLean County",4,76,74,35,39
050,21,149,"Kentucky","McLean County",4,77,69,29,40
050,21,149,"Kentucky","McLean County",4,78,73,32,41
050,21,149,"Kentucky","McLean County",4,79,71,28,43
050,21,149,"Kentucky","McLean County",4,80,49,21,28
050,21,149,"Kentucky","McLean County",4,81,50,20,30
050,21,149,"Kentucky","McLean County",4,82,47,23,24
050,21,149,"Kentucky","McLean County",4,83,28,10,18
050,21,149,"Kentucky","McLean County",4,84,34,16,18
050,21,149,"Kentucky","McLean County",4,85,165,77,88
050,21,149,"Kentucky","McLean County",5,0,94,53,41
050,21,149,"Kentucky","McLean County",5,1,97,48,49
050,21,149,"Kentucky","McLean County",5,2,99,55,44
050,21,149,"Kentucky","McLean County",5,3,90,52,38
050,21,149,"Kentucky","McLean County",5,4,110,54,56
050,21,149,"Kentucky","McLean County",5,5,112,54,58
050,21,149,"Kentucky","McLean County",5,6,118,63,55
050,21,149,"Kentucky","McLean County",5,7,97,45,52
050,21,149,"Kentucky","McLean County",5,8,108,54,54
050,21,149,"Kentucky","McLean County",5,9,121,64,57
050,21,149,"Kentucky","McLean County",5,10,120,69,51
050,21,149,"Kentucky","McLean County",5,11,125,66,59
050,21,149,"Kentucky","McLean County",5,12,136,74,62
050,21,149,"Kentucky","McLean County",5,13,143,77,66
050,21,149,"Kentucky","McLean County",5,14,115,54,61
050,21,149,"Kentucky","McLean County",5,15,128,70,58
050,21,149,"Kentucky","McLean County",5,16,149,77,72
050,21,149,"Kentucky","McLean County",5,17,137,63,74
050,21,149,"Kentucky","McLean County",5,18,108,61,47
050,21,149,"Kentucky","McLean County",5,19,91,50,41
050,21,149,"Kentucky","McLean County",5,20,104,62,42
050,21,149,"Kentucky","McLean County",5,21,94,51,43
050,21,149,"Kentucky","McLean County",5,22,101,67,34
050,21,149,"Kentucky","McLean County",5,23,121,67,54
050,21,149,"Kentucky","McLean County",5,24,96,47,49
050,21,149,"Kentucky","McLean County",5,25,99,56,43
050,21,149,"Kentucky","McLean County",5,26,89,46,43
050,21,149,"Kentucky","McLean County",5,27,101,50,51
050,21,149,"Kentucky","McLean County",5,28,90,40,50
050,21,149,"Kentucky","McLean County",5,29,94,41,53
050,21,149,"Kentucky","McLean County",5,30,100,44,56
050,21,149,"Kentucky","McLean County",5,31,97,44,53
050,21,149,"Kentucky","McLean County",5,32,122,67,55
050,21,149,"Kentucky","McLean County",5,33,96,50,46
050,21,149,"Kentucky","McLean County",5,34,90,44,46
050,21,149,"Kentucky","McLean County",5,35,100,43,57
050,21,149,"Kentucky","McLean County",5,36,97,46,51
050,21,149,"Kentucky","McLean County",5,37,94,54,40
050,21,149,"Kentucky","McLean County",5,38,104,53,51
050,21,149,"Kentucky","McLean County",5,39,97,46,51
050,21,149,"Kentucky","McLean County",5,40,123,61,62
050,21,149,"Kentucky","McLean County",5,41,124,58,66
050,21,149,"Kentucky","McLean County",5,42,108,60,48
050,21,149,"Kentucky","McLean County",5,43,98,45,53
050,21,149,"Kentucky","McLean County",5,44,100,52,48
050,21,149,"Kentucky","McLean County",5,45,107,55,52
050,21,149,"Kentucky","McLean County",5,46,123,63,60
050,21,149,"Kentucky","McLean County",5,47,104,49,55
050,21,149,"Kentucky","McLean County",5,48,112,53,59
050,21,149,"Kentucky","McLean County",5,49,115,61,54
050,21,149,"Kentucky","McLean County",5,50,116,58,58
050,21,149,"Kentucky","McLean County",5,51,113,52,61
050,21,149,"Kentucky","McLean County",5,52,124,63,61
050,21,149,"Kentucky","McLean County",5,53,113,57,56
050,21,149,"Kentucky","McLean County",5,54,111,59,52
050,21,149,"Kentucky","McLean County",5,55,125,69,56
050,21,149,"Kentucky","McLean County",5,56,115,61,54
050,21,149,"Kentucky","McLean County",5,57,106,50,56
050,21,149,"Kentucky","McLean County",5,58,124,65,59
050,21,149,"Kentucky","McLean County",5,59,132,76,56
050,21,149,"Kentucky","McLean County",5,60,134,62,72
050,21,149,"Kentucky","McLean County",5,61,110,55,55
050,21,149,"Kentucky","McLean County",5,62,116,59,57
050,21,149,"Kentucky","McLean County",5,63,119,63,56
050,21,149,"Kentucky","McLean County",5,64,131,59,72
050,21,149,"Kentucky","McLean County",5,65,124,56,68
050,21,149,"Kentucky","McLean County",5,66,125,61,64
050,21,149,"Kentucky","McLean County",5,67,125,59,66
050,21,149,"Kentucky","McLean County",5,68,112,54,58
050,21,149,"Kentucky","McLean County",5,69,111,54,57
050,21,149,"Kentucky","McLean County",5,70,106,50,56
050,21,149,"Kentucky","McLean County",5,71,98,43,55
050,21,149,"Kentucky","McLean County",5,72,97,41,56
050,21,149,"Kentucky","McLean County",5,73,93,41,52
050,21,149,"Kentucky","McLean County",5,74,88,38,50
050,21,149,"Kentucky","McLean County",5,75,85,35,50
050,21,149,"Kentucky","McLean County",5,76,103,50,53
050,21,149,"Kentucky","McLean County",5,77,73,34,39
050,21,149,"Kentucky","McLean County",5,78,66,27,39
050,21,149,"Kentucky","McLean County",5,79,67,27,40
050,21,149,"Kentucky","McLean County",5,80,67,27,40
050,21,149,"Kentucky","McLean County",5,81,50,19,31
050,21,149,"Kentucky","McLean County",5,82,44,17,27
050,21,149,"Kentucky","McLean County",5,83,38,20,18
050,21,149,"Kentucky","McLean County",5,84,26,8,18
050,21,149,"Kentucky","McLean County",5,85,169,78,91
050,21,151,"Kentucky","Madison County",1,0,1001,513,488
050,21,151,"Kentucky","Madison County",1,1,1020,510,510
050,21,151,"Kentucky","Madison County",1,2,1048,523,525
050,21,151,"Kentucky","Madison County",1,3,1064,541,523
050,21,151,"Kentucky","Madison County",1,4,1113,566,547
050,21,151,"Kentucky","Madison County",1,5,1037,526,511
050,21,151,"Kentucky","Madison County",1,6,1023,498,525
050,21,151,"Kentucky","Madison County",1,7,1095,561,534
050,21,151,"Kentucky","Madison County",1,8,1112,562,550
050,21,151,"Kentucky","Madison County",1,9,1041,534,507
050,21,151,"Kentucky","Madison County",1,10,1075,543,532
050,21,151,"Kentucky","Madison County",1,11,1162,594,568
050,21,151,"Kentucky","Madison County",1,12,1159,588,571
050,21,151,"Kentucky","Madison County",1,13,1140,569,571
050,21,151,"Kentucky","Madison County",1,14,1129,580,549
050,21,151,"Kentucky","Madison County",1,15,1116,580,536
050,21,151,"Kentucky","Madison County",1,16,1094,561,533
050,21,151,"Kentucky","Madison County",1,17,1098,553,545
050,21,151,"Kentucky","Madison County",1,18,1754,783,971
050,21,151,"Kentucky","Madison County",1,19,2718,1212,1506
050,21,151,"Kentucky","Madison County",1,20,2683,1244,1439
050,21,151,"Kentucky","Madison County",1,21,2408,1102,1306
050,21,151,"Kentucky","Madison County",1,22,2247,1110,1137
050,21,151,"Kentucky","Madison County",1,23,1865,955,910
050,21,151,"Kentucky","Madison County",1,24,1643,862,781
050,21,151,"Kentucky","Madison County",1,25,1365,725,640
050,21,151,"Kentucky","Madison County",1,26,1327,680,647
050,21,151,"Kentucky","Madison County",1,27,1289,654,635
050,21,151,"Kentucky","Madison County",1,28,1229,648,581
050,21,151,"Kentucky","Madison County",1,29,1242,618,624
050,21,151,"Kentucky","Madison County",1,30,1209,631,578
050,21,151,"Kentucky","Madison County",1,31,1093,582,511
050,21,151,"Kentucky","Madison County",1,32,1036,531,505
050,21,151,"Kentucky","Madison County",1,33,980,486,494
050,21,151,"Kentucky","Madison County",1,34,991,484,507
050,21,151,"Kentucky","Madison County",1,35,1049,520,529
050,21,151,"Kentucky","Madison County",1,36,1065,519,546
050,21,151,"Kentucky","Madison County",1,37,1137,547,590
050,21,151,"Kentucky","Madison County",1,38,1139,576,563
050,21,151,"Kentucky","Madison County",1,39,1120,549,571
050,21,151,"Kentucky","Madison County",1,40,1150,578,572
050,21,151,"Kentucky","Madison County",1,41,1131,569,562
050,21,151,"Kentucky","Madison County",1,42,1138,574,564
050,21,151,"Kentucky","Madison County",1,43,1123,572,551
050,21,151,"Kentucky","Madison County",1,44,1087,553,534
050,21,151,"Kentucky","Madison County",1,45,1105,567,538
050,21,151,"Kentucky","Madison County",1,46,1032,501,531
050,21,151,"Kentucky","Madison County",1,47,1091,548,543
050,21,151,"Kentucky","Madison County",1,48,1174,581,593
050,21,151,"Kentucky","Madison County",1,49,1221,595,626
050,21,151,"Kentucky","Madison County",1,50,1160,584,576
050,21,151,"Kentucky","Madison County",1,51,1096,537,559
050,21,151,"Kentucky","Madison County",1,52,1074,538,536
050,21,151,"Kentucky","Madison County",1,53,1061,519,542
050,21,151,"Kentucky","Madison County",1,54,1094,526,568
050,21,151,"Kentucky","Madison County",1,55,1130,551,579
050,21,151,"Kentucky","Madison County",1,56,1121,544,577
050,21,151,"Kentucky","Madison County",1,57,1120,550,570
050,21,151,"Kentucky","Madison County",1,58,1124,544,580
050,21,151,"Kentucky","Madison County",1,59,1143,553,590
050,21,151,"Kentucky","Madison County",1,60,1088,529,559
050,21,151,"Kentucky","Madison County",1,61,1022,492,530
050,21,151,"Kentucky","Madison County",1,62,1028,492,536
050,21,151,"Kentucky","Madison County",1,63,1000,473,527
050,21,151,"Kentucky","Madison County",1,64,977,456,521
050,21,151,"Kentucky","Madison County",1,65,946,442,504
050,21,151,"Kentucky","Madison County",1,66,932,441,491
050,21,151,"Kentucky","Madison County",1,67,894,424,470
050,21,151,"Kentucky","Madison County",1,68,899,427,472
050,21,151,"Kentucky","Madison County",1,69,810,390,420
050,21,151,"Kentucky","Madison County",1,70,771,351,420
050,21,151,"Kentucky","Madison County",1,71,753,338,415
050,21,151,"Kentucky","Madison County",1,72,793,381,412
050,21,151,"Kentucky","Madison County",1,73,766,362,404
050,21,151,"Kentucky","Madison County",1,74,535,242,293
050,21,151,"Kentucky","Madison County",1,75,561,240,321
050,21,151,"Kentucky","Madison County",1,76,512,247,265
050,21,151,"Kentucky","Madison County",1,77,520,240,280
050,21,151,"Kentucky","Madison County",1,78,417,187,230
050,21,151,"Kentucky","Madison County",1,79,346,149,197
050,21,151,"Kentucky","Madison County",1,80,308,116,192
050,21,151,"Kentucky","Madison County",1,81,304,122,182
050,21,151,"Kentucky","Madison County",1,82,292,126,166
050,21,151,"Kentucky","Madison County",1,83,242,93,149
050,21,151,"Kentucky","Madison County",1,84,235,100,135
050,21,151,"Kentucky","Madison County",1,85,1263,400,863
050,21,151,"Kentucky","Madison County",2,0,994,514,480
050,21,151,"Kentucky","Madison County",2,1,1018,510,508
050,21,151,"Kentucky","Madison County",2,2,1049,523,526
050,21,151,"Kentucky","Madison County",2,3,1063,536,527
050,21,151,"Kentucky","Madison County",2,4,1105,562,543
050,21,151,"Kentucky","Madison County",2,5,1055,535,520
050,21,151,"Kentucky","Madison County",2,6,1032,509,523
050,21,151,"Kentucky","Madison County",2,7,1079,546,533
050,21,151,"Kentucky","Madison County",2,8,1103,563,540
050,21,151,"Kentucky","Madison County",2,9,1054,540,514
050,21,151,"Kentucky","Madison County",2,10,1075,545,530
050,21,151,"Kentucky","Madison County",2,11,1138,581,557
050,21,151,"Kentucky","Madison County",2,12,1162,593,569
050,21,151,"Kentucky","Madison County",2,13,1145,575,570
050,21,151,"Kentucky","Madison County",2,14,1136,579,557
050,21,151,"Kentucky","Madison County",2,15,1122,579,543
050,21,151,"Kentucky","Madison County",2,16,1104,568,536
050,21,151,"Kentucky","Madison County",2,17,1100,553,547
050,21,151,"Kentucky","Madison County",2,18,1770,787,983
050,21,151,"Kentucky","Madison County",2,19,2712,1212,1500
050,21,151,"Kentucky","Madison County",2,20,2712,1257,1455
050,21,151,"Kentucky","Madison County",2,21,2408,1105,1303
050,21,151,"Kentucky","Madison County",2,22,2251,1107,1144
050,21,151,"Kentucky","Madison County",2,23,1869,955,914
050,21,151,"Kentucky","Madison County",2,24,1636,856,780
050,21,151,"Kentucky","Madison County",2,25,1379,728,651
050,21,151,"Kentucky","Madison County",2,26,1320,681,639
050,21,151,"Kentucky","Madison County",2,27,1290,661,629
050,21,151,"Kentucky","Madison County",2,28,1235,644,591
050,21,151,"Kentucky","Madison County",2,29,1243,626,617
050,21,151,"Kentucky","Madison County",2,30,1237,637,600
050,21,151,"Kentucky","Madison County",2,31,1124,594,530
050,21,151,"Kentucky","Madison County",2,32,1050,545,505
050,21,151,"Kentucky","Madison County",2,33,996,498,498
050,21,151,"Kentucky","Madison County",2,34,1000,490,510
050,21,151,"Kentucky","Madison County",2,35,1043,518,525
050,21,151,"Kentucky","Madison County",2,36,1054,517,537
050,21,151,"Kentucky","Madison County",2,37,1126,545,581
050,21,151,"Kentucky","Madison County",2,38,1145,573,572
050,21,151,"Kentucky","Madison County",2,39,1121,552,569
050,21,151,"Kentucky","Madison County",2,40,1148,574,574
050,21,151,"Kentucky","Madison County",2,41,1137,569,568
050,21,151,"Kentucky","Madison County",2,42,1135,573,562
050,21,151,"Kentucky","Madison County",2,43,1136,578,558
050,21,151,"Kentucky","Madison County",2,44,1087,557,530
050,21,151,"Kentucky","Madison County",2,45,1105,564,541
050,21,151,"Kentucky","Madison County",2,46,1047,515,532
050,21,151,"Kentucky","Madison County",2,47,1076,535,541
050,21,151,"Kentucky","Madison County",2,48,1148,571,577
050,21,151,"Kentucky","Madison County",2,49,1217,594,623
050,21,151,"Kentucky","Madison County",2,50,1178,585,593
050,21,151,"Kentucky","Madison County",2,51,1112,549,563
050,21,151,"Kentucky","Madison County",2,52,1077,535,542
050,21,151,"Kentucky","Madison County",2,53,1068,526,542
050,21,151,"Kentucky","Madison County",2,54,1081,521,560
050,21,151,"Kentucky","Madison County",2,55,1116,538,578
050,21,151,"Kentucky","Madison County",2,56,1126,548,578
050,21,151,"Kentucky","Madison County",2,57,1126,550,576
050,21,151,"Kentucky","Madison County",2,58,1125,545,580
050,21,151,"Kentucky","Madison County",2,59,1149,554,595
050,21,151,"Kentucky","Madison County",2,60,1096,531,565
050,21,151,"Kentucky","Madison County",2,61,1031,494,537
050,21,151,"Kentucky","Madison County",2,62,1025,490,535
050,21,151,"Kentucky","Madison County",2,63,1012,480,532
050,21,151,"Kentucky","Madison County",2,64,977,457,520
050,21,151,"Kentucky","Madison County",2,65,948,440,508
050,21,151,"Kentucky","Madison County",2,66,938,443,495
050,21,151,"Kentucky","Madison County",2,67,900,427,473
050,21,151,"Kentucky","Madison County",2,68,888,421,467
050,21,151,"Kentucky","Madison County",2,69,834,400,434
050,21,151,"Kentucky","Madison County",2,70,781,360,421
050,21,151,"Kentucky","Madison County",2,71,749,336,413
050,21,151,"Kentucky","Madison County",2,72,769,363,406
050,21,151,"Kentucky","Madison County",2,73,809,385,424
050,21,151,"Kentucky","Madison County",2,74,556,255,301
050,21,151,"Kentucky","Madison County",2,75,556,243,313
050,21,151,"Kentucky","Madison County",2,76,511,240,271
050,21,151,"Kentucky","Madison County",2,77,526,244,282
050,21,151,"Kentucky","Madison County",2,78,428,193,235
050,21,151,"Kentucky","Madison County",2,79,355,154,201
050,21,151,"Kentucky","Madison County",2,80,317,125,192
050,21,151,"Kentucky","Madison County",2,81,299,117,182
050,21,151,"Kentucky","Madison County",2,82,293,123,170
050,21,151,"Kentucky","Madison County",2,83,248,97,151
050,21,151,"Kentucky","Madison County",2,84,235,98,137
050,21,151,"Kentucky","Madison County",2,85,1263,402,861
050,21,151,"Kentucky","Madison County",3,0,1021,507,514
050,21,151,"Kentucky","Madison County",3,1,1045,538,507
050,21,151,"Kentucky","Madison County",3,2,1032,527,505
050,21,151,"Kentucky","Madison County",3,3,1082,543,539
050,21,151,"Kentucky","Madison County",3,4,1110,556,554
050,21,151,"Kentucky","Madison County",3,5,1121,587,534
050,21,151,"Kentucky","Madison County",3,6,1107,557,550
050,21,151,"Kentucky","Madison County",3,7,1052,532,520
050,21,151,"Kentucky","Madison County",3,8,1111,561,550
050,21,151,"Kentucky","Madison County",3,9,1106,565,541
050,21,151,"Kentucky","Madison County",3,10,1068,556,512
050,21,151,"Kentucky","Madison County",3,11,1105,549,556
050,21,151,"Kentucky","Madison County",3,12,1150,589,561
050,21,151,"Kentucky","Madison County",3,13,1154,578,576
050,21,151,"Kentucky","Madison County",3,14,1178,585,593
050,21,151,"Kentucky","Madison County",3,15,1168,588,580
050,21,151,"Kentucky","Madison County",3,16,1147,591,556
050,21,151,"Kentucky","Madison County",3,17,1141,584,557
050,21,151,"Kentucky","Madison County",3,18,1605,732,873
050,21,151,"Kentucky","Madison County",3,19,2273,1027,1246
050,21,151,"Kentucky","Madison County",3,20,2399,1127,1272
050,21,151,"Kentucky","Madison County",3,21,2291,1047,1244
050,21,151,"Kentucky","Madison County",3,22,2175,1044,1131
050,21,151,"Kentucky","Madison County",3,23,1885,943,942
050,21,151,"Kentucky","Madison County",3,24,1692,870,822
050,21,151,"Kentucky","Madison County",3,25,1452,737,715
050,21,151,"Kentucky","Madison County",3,26,1339,692,647
050,21,151,"Kentucky","Madison County",3,27,1282,648,634
050,21,151,"Kentucky","Madison County",3,28,1327,682,645
050,21,151,"Kentucky","Madison County",3,29,1267,675,592
050,21,151,"Kentucky","Madison County",3,30,1287,639,648
050,21,151,"Kentucky","Madison County",3,31,1256,654,602
050,21,151,"Kentucky","Madison County",3,32,1139,594,545
050,21,151,"Kentucky","Madison County",3,33,1056,549,507
050,21,151,"Kentucky","Madison County",3,34,1040,507,533
050,21,151,"Kentucky","Madison County",3,35,1039,506,533
050,21,151,"Kentucky","Madison County",3,36,1060,529,531
050,21,151,"Kentucky","Madison County",3,37,1072,531,541
050,21,151,"Kentucky","Madison County",3,38,1126,545,581
050,21,151,"Kentucky","Madison County",3,39,1132,551,581
050,21,151,"Kentucky","Madison County",3,40,1159,568,591
050,21,151,"Kentucky","Madison County",3,41,1155,582,573
050,21,151,"Kentucky","Madison County",3,42,1152,585,567
050,21,151,"Kentucky","Madison County",3,43,1125,572,553
050,21,151,"Kentucky","Madison County",3,44,1151,595,556
050,21,151,"Kentucky","Madison County",3,45,1094,550,544
050,21,151,"Kentucky","Madison County",3,46,1116,561,555
050,21,151,"Kentucky","Madison County",3,47,1077,535,542
050,21,151,"Kentucky","Madison County",3,48,1085,522,563
050,21,151,"Kentucky","Madison County",3,49,1147,567,580
050,21,151,"Kentucky","Madison County",3,50,1235,596,639
050,21,151,"Kentucky","Madison County",3,51,1214,603,611
050,21,151,"Kentucky","Madison County",3,52,1095,539,556
050,21,151,"Kentucky","Madison County",3,53,1079,529,550
050,21,151,"Kentucky","Madison County",3,54,1085,537,548
050,21,151,"Kentucky","Madison County",3,55,1093,531,562
050,21,151,"Kentucky","Madison County",3,56,1117,532,585
050,21,151,"Kentucky","Madison County",3,57,1121,545,576
050,21,151,"Kentucky","Madison County",3,58,1116,545,571
050,21,151,"Kentucky","Madison County",3,59,1113,536,577
050,21,151,"Kentucky","Madison County",3,60,1151,561,590
050,21,151,"Kentucky","Madison County",3,61,1081,512,569
050,21,151,"Kentucky","Madison County",3,62,1036,491,545
050,21,151,"Kentucky","Madison County",3,63,1007,472,535
050,21,151,"Kentucky","Madison County",3,64,987,469,518
050,21,151,"Kentucky","Madison County",3,65,962,447,515
050,21,151,"Kentucky","Madison County",3,66,949,433,516
050,21,151,"Kentucky","Madison County",3,67,932,434,498
050,21,151,"Kentucky","Madison County",3,68,880,418,462
050,21,151,"Kentucky","Madison County",3,69,878,414,464
050,21,151,"Kentucky","Madison County",3,70,828,402,426
050,21,151,"Kentucky","Madison County",3,71,754,344,410
050,21,151,"Kentucky","Madison County",3,72,726,326,400
050,21,151,"Kentucky","Madison County",3,73,758,364,394
050,21,151,"Kentucky","Madison County",3,74,781,364,417
050,21,151,"Kentucky","Madison County",3,75,535,246,289
050,21,151,"Kentucky","Madison County",3,76,522,221,301
050,21,151,"Kentucky","Madison County",3,77,493,230,263
050,21,151,"Kentucky","Madison County",3,78,511,234,277
050,21,151,"Kentucky","Madison County",3,79,416,184,232
050,21,151,"Kentucky","Madison County",3,80,335,145,190
050,21,151,"Kentucky","Madison County",3,81,290,110,180
050,21,151,"Kentucky","Madison County",3,82,282,115,167
050,21,151,"Kentucky","Madison County",3,83,267,107,160
050,21,151,"Kentucky","Madison County",3,84,228,92,136
050,21,151,"Kentucky","Madison County",3,85,1264,409,855
050,21,151,"Kentucky","Madison County",4,0,1053,545,508
050,21,151,"Kentucky","Madison County",4,1,1082,562,520
050,21,151,"Kentucky","Madison County",4,2,1080,560,520
050,21,151,"Kentucky","Madison County",4,3,1095,554,541
050,21,151,"Kentucky","Madison County",4,4,1103,552,551
050,21,151,"Kentucky","Madison County",4,5,1104,561,543
050,21,151,"Kentucky","Madison County",4,6,1160,610,550
050,21,151,"Kentucky","Madison County",4,7,1133,577,556
050,21,151,"Kentucky","Madison County",4,8,1077,541,536
050,21,151,"Kentucky","Madison County",4,9,1126,573,553
050,21,151,"Kentucky","Madison County",4,10,1148,593,555
050,21,151,"Kentucky","Madison County",4,11,1076,546,530
050,21,151,"Kentucky","Madison County",4,12,1117,567,550
050,21,151,"Kentucky","Madison County",4,13,1152,590,562
050,21,151,"Kentucky","Madison County",4,14,1190,586,604
050,21,151,"Kentucky","Madison County",4,15,1172,585,587
050,21,151,"Kentucky","Madison County",4,16,1158,597,561
050,21,151,"Kentucky","Madison County",4,17,1144,594,550
050,21,151,"Kentucky","Madison County",4,18,1675,772,903
050,21,151,"Kentucky","Madison County",4,19,2354,1059,1295
050,21,151,"Kentucky","Madison County",4,20,2468,1164,1304
050,21,151,"Kentucky","Madison County",4,21,2319,1075,1244
050,21,151,"Kentucky","Madison County",4,22,2246,1090,1156
050,21,151,"Kentucky","Madison County",4,23,1925,974,951
050,21,151,"Kentucky","Madison County",4,24,1746,878,868
050,21,151,"Kentucky","Madison County",4,25,1441,730,711
050,21,151,"Kentucky","Madison County",4,26,1349,654,695
050,21,151,"Kentucky","Madison County",4,27,1292,674,618
050,21,151,"Kentucky","Madison County",4,28,1301,668,633
050,21,151,"Kentucky","Madison County",4,29,1337,686,651
050,21,151,"Kentucky","Madison County",4,30,1305,685,620
050,21,151,"Kentucky","Madison County",4,31,1317,661,656
050,21,151,"Kentucky","Madison County",4,32,1248,661,587
050,21,151,"Kentucky","Madison County",4,33,1159,588,571
050,21,151,"Kentucky","Madison County",4,34,1067,550,517
050,21,151,"Kentucky","Madison County",4,35,1041,508,533
050,21,151,"Kentucky","Madison County",4,36,1056,506,550
050,21,151,"Kentucky","Madison County",4,37,1086,549,537
050,21,151,"Kentucky","Madison County",4,38,1114,549,565
050,21,151,"Kentucky","Madison County",4,39,1127,548,579
050,21,151,"Kentucky","Madison County",4,40,1165,584,581
050,21,151,"Kentucky","Madison County",4,41,1164,559,605
050,21,151,"Kentucky","Madison County",4,42,1166,587,579
050,21,151,"Kentucky","Madison County",4,43,1174,594,580
050,21,151,"Kentucky","Madison County",4,44,1139,584,555
050,21,151,"Kentucky","Madison County",4,45,1176,610,566
050,21,151,"Kentucky","Madison County",4,46,1107,554,553
050,21,151,"Kentucky","Madison County",4,47,1113,555,558
050,21,151,"Kentucky","Madison County",4,48,1084,539,545
050,21,151,"Kentucky","Madison County",4,49,1100,537,563
050,21,151,"Kentucky","Madison County",4,50,1144,572,572
050,21,151,"Kentucky","Madison County",4,51,1247,600,647
050,21,151,"Kentucky","Madison County",4,52,1212,605,607
050,21,151,"Kentucky","Madison County",4,53,1092,530,562
050,21,151,"Kentucky","Madison County",4,54,1072,522,550
050,21,151,"Kentucky","Madison County",4,55,1075,538,537
050,21,151,"Kentucky","Madison County",4,56,1087,515,572
050,21,151,"Kentucky","Madison County",4,57,1119,541,578
050,21,151,"Kentucky","Madison County",4,58,1105,537,568
050,21,151,"Kentucky","Madison County",4,59,1115,544,571
050,21,151,"Kentucky","Madison County",4,60,1112,541,571
050,21,151,"Kentucky","Madison County",4,61,1150,557,593
050,21,151,"Kentucky","Madison County",4,62,1068,515,553
050,21,151,"Kentucky","Madison County",4,63,1022,487,535
050,21,151,"Kentucky","Madison County",4,64,994,473,521
050,21,151,"Kentucky","Madison County",4,65,979,462,517
050,21,151,"Kentucky","Madison County",4,66,951,437,514
050,21,151,"Kentucky","Madison County",4,67,961,437,524
050,21,151,"Kentucky","Madison County",4,68,924,424,500
050,21,151,"Kentucky","Madison County",4,69,853,404,449
050,21,151,"Kentucky","Madison County",4,70,867,405,462
050,21,151,"Kentucky","Madison County",4,71,790,381,409
050,21,151,"Kentucky","Madison County",4,72,732,332,400
050,21,151,"Kentucky","Madison County",4,73,709,318,391
050,21,151,"Kentucky","Madison County",4,74,752,355,397
050,21,151,"Kentucky","Madison County",4,75,760,352,408
050,21,151,"Kentucky","Madison County",4,76,512,236,276
050,21,151,"Kentucky","Madison County",4,77,506,212,294
050,21,151,"Kentucky","Madison County",4,78,472,223,249
050,21,151,"Kentucky","Madison County",4,79,483,219,264
050,21,151,"Kentucky","Madison County",4,80,396,174,222
050,21,151,"Kentucky","Madison County",4,81,301,124,177
050,21,151,"Kentucky","Madison County",4,82,273,110,163
050,21,151,"Kentucky","Madison County",4,83,256,98,158
050,21,151,"Kentucky","Madison County",4,84,250,105,145
050,21,151,"Kentucky","Madison County",4,85,1279,422,857
050,21,151,"Kentucky","Madison County",5,0,1051,541,510
050,21,151,"Kentucky","Madison County",5,1,1113,573,540
050,21,151,"Kentucky","Madison County",5,2,1104,574,530
050,21,151,"Kentucky","Madison County",5,3,1117,583,534
050,21,151,"Kentucky","Madison County",5,4,1112,556,556
050,21,151,"Kentucky","Madison County",5,5,1115,566,549
050,21,151,"Kentucky","Madison County",5,6,1143,579,564
050,21,151,"Kentucky","Madison County",5,7,1150,612,538
050,21,151,"Kentucky","Madison County",5,8,1154,582,572
050,21,151,"Kentucky","Madison County",5,9,1093,549,544
050,21,151,"Kentucky","Madison County",5,10,1147,591,556
050,21,151,"Kentucky","Madison County",5,11,1162,598,564
050,21,151,"Kentucky","Madison County",5,12,1079,540,539
050,21,151,"Kentucky","Madison County",5,13,1136,566,570
050,21,151,"Kentucky","Madison County",5,14,1185,594,591
050,21,151,"Kentucky","Madison County",5,15,1204,607,597
050,21,151,"Kentucky","Madison County",5,16,1196,602,594
050,21,151,"Kentucky","Madison County",5,17,1224,617,607
050,21,151,"Kentucky","Madison County",5,18,1661,753,908
050,21,151,"Kentucky","Madison County",5,19,2396,1096,1300
050,21,151,"Kentucky","Madison County",5,20,2460,1166,1294
050,21,151,"Kentucky","Madison County",5,21,2246,1042,1204
050,21,151,"Kentucky","Madison County",5,22,2259,1111,1148
050,21,151,"Kentucky","Madison County",5,23,1939,966,973
050,21,151,"Kentucky","Madison County",5,24,1762,896,866
050,21,151,"Kentucky","Madison County",5,25,1522,743,779
050,21,151,"Kentucky","Madison County",5,26,1409,705,704
050,21,151,"Kentucky","Madison County",5,27,1349,680,669
050,21,151,"Kentucky","Madison County",5,28,1264,666,598
050,21,151,"Kentucky","Madison County",5,29,1312,672,640
050,21,151,"Kentucky","Madison County",5,30,1369,705,664
050,21,151,"Kentucky","Madison County",5,31,1297,671,626
050,21,151,"Kentucky","Madison County",5,32,1344,690,654
050,21,151,"Kentucky","Madison County",5,33,1262,674,588
050,21,151,"Kentucky","Madison County",5,34,1205,615,590
050,21,151,"Kentucky","Madison County",5,35,1078,548,530
050,21,151,"Kentucky","Madison County",5,36,1068,519,549
050,21,151,"Kentucky","Madison County",5,37,1095,525,570
050,21,151,"Kentucky","Madison County",5,38,1099,556,543
050,21,151,"Kentucky","Madison County",5,39,1117,540,577
050,21,151,"Kentucky","Madison County",5,40,1167,571,596
050,21,151,"Kentucky","Madison County",5,41,1146,569,577
050,21,151,"Kentucky","Madison County",5,42,1182,581,601
050,21,151,"Kentucky","Madison County",5,43,1141,574,567
050,21,151,"Kentucky","Madison County",5,44,1174,594,580
050,21,151,"Kentucky","Madison County",5,45,1143,578,565
050,21,151,"Kentucky","Madison County",5,46,1198,615,583
050,21,151,"Kentucky","Madison County",5,47,1133,569,564
050,21,151,"Kentucky","Madison County",5,48,1127,564,563
050,21,151,"Kentucky","Madison County",5,49,1068,525,543
050,21,151,"Kentucky","Madison County",5,50,1128,546,582
050,21,151,"Kentucky","Madison County",5,51,1164,587,577
050,21,151,"Kentucky","Madison County",5,52,1239,603,636
050,21,151,"Kentucky","Madison County",5,53,1209,604,605
050,21,151,"Kentucky","Madison County",5,54,1100,542,558
050,21,151,"Kentucky","Madison County",5,55,1081,529,552
050,21,151,"Kentucky","Madison County",5,56,1072,530,542
050,21,151,"Kentucky","Madison County",5,57,1102,525,577
050,21,151,"Kentucky","Madison County",5,58,1111,536,575
050,21,151,"Kentucky","Madison County",5,59,1094,530,564
050,21,151,"Kentucky","Madison County",5,60,1099,542,557
050,21,151,"Kentucky","Madison County",5,61,1115,531,584
050,21,151,"Kentucky","Madison County",5,62,1152,558,594
050,21,151,"Kentucky","Madison County",5,63,1058,505,553
050,21,151,"Kentucky","Madison County",5,64,1016,483,533
050,21,151,"Kentucky","Madison County",5,65,962,454,508
050,21,151,"Kentucky","Madison County",5,66,985,464,521
050,21,151,"Kentucky","Madison County",5,67,969,448,521
050,21,151,"Kentucky","Madison County",5,68,934,423,511
050,21,151,"Kentucky","Madison County",5,69,919,421,498
050,21,151,"Kentucky","Madison County",5,70,843,394,449
050,21,151,"Kentucky","Madison County",5,71,859,399,460
050,21,151,"Kentucky","Madison County",5,72,778,370,408
050,21,151,"Kentucky","Madison County",5,73,717,320,397
050,21,151,"Kentucky","Madison County",5,74,701,311,390
050,21,151,"Kentucky","Madison County",5,75,739,347,392
050,21,151,"Kentucky","Madison County",5,76,720,332,388
050,21,151,"Kentucky","Madison County",5,77,496,227,269
050,21,151,"Kentucky","Madison County",5,78,488,209,279
050,21,151,"Kentucky","Madison County",5,79,454,214,240
050,21,151,"Kentucky","Madison County",5,80,464,214,250
050,21,151,"Kentucky","Madison County",5,81,371,161,210
050,21,151,"Kentucky","Madison County",5,82,288,123,165
050,21,151,"Kentucky","Madison County",5,83,247,91,156
050,21,151,"Kentucky","Madison County",5,84,243,95,148
050,21,151,"Kentucky","Madison County",5,85,1341,455,886
050,21,153,"Kentucky","Magoffin County",1,0,131,66,65
050,21,153,"Kentucky","Magoffin County",1,1,133,68,65
050,21,153,"Kentucky","Magoffin County",1,2,133,74,59
050,21,153,"Kentucky","Magoffin County",1,3,145,75,70
050,21,153,"Kentucky","Magoffin County",1,4,142,79,63
050,21,153,"Kentucky","Magoffin County",1,5,138,74,64
050,21,153,"Kentucky","Magoffin County",1,6,163,83,80
050,21,153,"Kentucky","Magoffin County",1,7,147,82,65
050,21,153,"Kentucky","Magoffin County",1,8,143,78,65
050,21,153,"Kentucky","Magoffin County",1,9,141,77,64
050,21,153,"Kentucky","Magoffin County",1,10,144,79,65
050,21,153,"Kentucky","Magoffin County",1,11,137,62,75
050,21,153,"Kentucky","Magoffin County",1,12,148,76,72
050,21,153,"Kentucky","Magoffin County",1,13,168,83,85
050,21,153,"Kentucky","Magoffin County",1,14,165,85,80
050,21,153,"Kentucky","Magoffin County",1,15,153,66,87
050,21,153,"Kentucky","Magoffin County",1,16,145,72,73
050,21,153,"Kentucky","Magoffin County",1,17,144,74,70
050,21,153,"Kentucky","Magoffin County",1,18,130,65,65
050,21,153,"Kentucky","Magoffin County",1,19,106,63,43
050,21,153,"Kentucky","Magoffin County",1,20,120,64,56
050,21,153,"Kentucky","Magoffin County",1,21,110,54,56
050,21,153,"Kentucky","Magoffin County",1,22,109,50,59
050,21,153,"Kentucky","Magoffin County",1,23,121,55,66
050,21,153,"Kentucky","Magoffin County",1,24,125,68,57
050,21,153,"Kentucky","Magoffin County",1,25,121,63,58
050,21,153,"Kentucky","Magoffin County",1,26,117,62,55
050,21,153,"Kentucky","Magoffin County",1,27,128,66,62
050,21,153,"Kentucky","Magoffin County",1,28,151,82,69
050,21,153,"Kentucky","Magoffin County",1,29,172,95,77
050,21,153,"Kentucky","Magoffin County",1,30,154,72,82
050,21,153,"Kentucky","Magoffin County",1,31,126,62,64
050,21,153,"Kentucky","Magoffin County",1,32,112,53,59
050,21,153,"Kentucky","Magoffin County",1,33,124,61,63
050,21,153,"Kentucky","Magoffin County",1,34,141,76,65
050,21,153,"Kentucky","Magoffin County",1,35,131,64,67
050,21,153,"Kentucky","Magoffin County",1,36,113,51,62
050,21,153,"Kentucky","Magoffin County",1,37,113,54,59
050,21,153,"Kentucky","Magoffin County",1,38,123,68,55
050,21,153,"Kentucky","Magoffin County",1,39,141,74,67
050,21,153,"Kentucky","Magoffin County",1,40,126,58,68
050,21,153,"Kentucky","Magoffin County",1,41,145,69,76
050,21,153,"Kentucky","Magoffin County",1,42,158,79,79
050,21,153,"Kentucky","Magoffin County",1,43,153,78,75
050,21,153,"Kentucky","Magoffin County",1,44,154,72,82
050,21,153,"Kentucky","Magoffin County",1,45,147,74,73
050,21,153,"Kentucky","Magoffin County",1,46,140,69,71
050,21,153,"Kentucky","Magoffin County",1,47,168,88,80
050,21,153,"Kentucky","Magoffin County",1,48,170,95,75
050,21,153,"Kentucky","Magoffin County",1,49,187,105,82
050,21,153,"Kentucky","Magoffin County",1,50,154,79,75
050,21,153,"Kentucky","Magoffin County",1,51,160,77,83
050,21,153,"Kentucky","Magoffin County",1,52,162,75,87
050,21,153,"Kentucky","Magoffin County",1,53,166,89,77
050,21,153,"Kentucky","Magoffin County",1,54,175,95,80
050,21,153,"Kentucky","Magoffin County",1,55,183,98,85
050,21,153,"Kentucky","Magoffin County",1,56,168,86,82
050,21,153,"Kentucky","Magoffin County",1,57,170,84,86
050,21,153,"Kentucky","Magoffin County",1,58,190,94,96
050,21,153,"Kentucky","Magoffin County",1,59,178,86,92
050,21,153,"Kentucky","Magoffin County",1,60,181,86,95
050,21,153,"Kentucky","Magoffin County",1,61,192,101,91
050,21,153,"Kentucky","Magoffin County",1,62,174,90,84
050,21,153,"Kentucky","Magoffin County",1,63,166,81,85
050,21,153,"Kentucky","Magoffin County",1,64,164,77,87
050,21,153,"Kentucky","Magoffin County",1,65,170,87,83
050,21,153,"Kentucky","Magoffin County",1,66,154,73,81
050,21,153,"Kentucky","Magoffin County",1,67,140,64,76
050,21,153,"Kentucky","Magoffin County",1,68,150,74,76
050,21,153,"Kentucky","Magoffin County",1,69,137,77,60
050,21,153,"Kentucky","Magoffin County",1,70,134,65,69
050,21,153,"Kentucky","Magoffin County",1,71,117,54,63
050,21,153,"Kentucky","Magoffin County",1,72,114,53,61
050,21,153,"Kentucky","Magoffin County",1,73,126,55,71
050,21,153,"Kentucky","Magoffin County",1,74,89,36,53
050,21,153,"Kentucky","Magoffin County",1,75,87,36,51
050,21,153,"Kentucky","Magoffin County",1,76,83,43,40
050,21,153,"Kentucky","Magoffin County",1,77,72,38,34
050,21,153,"Kentucky","Magoffin County",1,78,76,31,45
050,21,153,"Kentucky","Magoffin County",1,79,64,31,33
050,21,153,"Kentucky","Magoffin County",1,80,53,20,33
050,21,153,"Kentucky","Magoffin County",1,81,49,16,33
050,21,153,"Kentucky","Magoffin County",1,82,53,25,28
050,21,153,"Kentucky","Magoffin County",1,83,47,19,28
050,21,153,"Kentucky","Magoffin County",1,84,27,15,12
050,21,153,"Kentucky","Magoffin County",1,85,157,77,80
050,21,153,"Kentucky","Magoffin County",2,0,133,65,68
050,21,153,"Kentucky","Magoffin County",2,1,131,67,64
050,21,153,"Kentucky","Magoffin County",2,2,135,73,62
050,21,153,"Kentucky","Magoffin County",2,3,142,75,67
050,21,153,"Kentucky","Magoffin County",2,4,143,80,63
050,21,153,"Kentucky","Magoffin County",2,5,138,75,63
050,21,153,"Kentucky","Magoffin County",2,6,155,79,76
050,21,153,"Kentucky","Magoffin County",2,7,151,83,68
050,21,153,"Kentucky","Magoffin County",2,8,144,79,65
050,21,153,"Kentucky","Magoffin County",2,9,141,77,64
050,21,153,"Kentucky","Magoffin County",2,10,141,77,64
050,21,153,"Kentucky","Magoffin County",2,11,137,64,73
050,21,153,"Kentucky","Magoffin County",2,12,146,72,74
050,21,153,"Kentucky","Magoffin County",2,13,162,81,81
050,21,153,"Kentucky","Magoffin County",2,14,165,84,81
050,21,153,"Kentucky","Magoffin County",2,15,154,69,85
050,21,153,"Kentucky","Magoffin County",2,16,146,70,76
050,21,153,"Kentucky","Magoffin County",2,17,144,73,71
050,21,153,"Kentucky","Magoffin County",2,18,126,65,61
050,21,153,"Kentucky","Magoffin County",2,19,105,59,46
050,21,153,"Kentucky","Magoffin County",2,20,120,65,55
050,21,153,"Kentucky","Magoffin County",2,21,112,57,55
050,21,153,"Kentucky","Magoffin County",2,22,110,51,59
050,21,153,"Kentucky","Magoffin County",2,23,120,54,66
050,21,153,"Kentucky","Magoffin County",2,24,126,65,61
050,21,153,"Kentucky","Magoffin County",2,25,121,64,57
050,21,153,"Kentucky","Magoffin County",2,26,118,62,56
050,21,153,"Kentucky","Magoffin County",2,27,124,64,60
050,21,153,"Kentucky","Magoffin County",2,28,145,78,67
050,21,153,"Kentucky","Magoffin County",2,29,167,92,75
050,21,153,"Kentucky","Magoffin County",2,30,160,78,82
050,21,153,"Kentucky","Magoffin County",2,31,132,64,68
050,21,153,"Kentucky","Magoffin County",2,32,117,56,61
050,21,153,"Kentucky","Magoffin County",2,33,121,59,62
050,21,153,"Kentucky","Magoffin County",2,34,136,72,64
050,21,153,"Kentucky","Magoffin County",2,35,134,67,67
050,21,153,"Kentucky","Magoffin County",2,36,116,54,62
050,21,153,"Kentucky","Magoffin County",2,37,114,54,60
050,21,153,"Kentucky","Magoffin County",2,38,121,65,56
050,21,153,"Kentucky","Magoffin County",2,39,136,72,64
050,21,153,"Kentucky","Magoffin County",2,40,130,62,68
050,21,153,"Kentucky","Magoffin County",2,41,136,64,72
050,21,153,"Kentucky","Magoffin County",2,42,154,76,78
050,21,153,"Kentucky","Magoffin County",2,43,155,79,76
050,21,153,"Kentucky","Magoffin County",2,44,152,74,78
050,21,153,"Kentucky","Magoffin County",2,45,149,74,75
050,21,153,"Kentucky","Magoffin County",2,46,142,70,72
050,21,153,"Kentucky","Magoffin County",2,47,161,84,77
050,21,153,"Kentucky","Magoffin County",2,48,167,91,76
050,21,153,"Kentucky","Magoffin County",2,49,184,103,81
050,21,153,"Kentucky","Magoffin County",2,50,159,82,77
050,21,153,"Kentucky","Magoffin County",2,51,158,77,81
050,21,153,"Kentucky","Magoffin County",2,52,160,75,85
050,21,153,"Kentucky","Magoffin County",2,53,165,86,79
050,21,153,"Kentucky","Magoffin County",2,54,173,93,80
050,21,153,"Kentucky","Magoffin County",2,55,178,95,83
050,21,153,"Kentucky","Magoffin County",2,56,171,89,82
050,21,153,"Kentucky","Magoffin County",2,57,169,84,85
050,21,153,"Kentucky","Magoffin County",2,58,185,91,94
050,21,153,"Kentucky","Magoffin County",2,59,181,88,93
050,21,153,"Kentucky","Magoffin County",2,60,181,85,96
050,21,153,"Kentucky","Magoffin County",2,61,186,97,89
050,21,153,"Kentucky","Magoffin County",2,62,177,93,84
050,21,153,"Kentucky","Magoffin County",2,63,168,84,84
050,21,153,"Kentucky","Magoffin County",2,64,161,77,84
050,21,153,"Kentucky","Magoffin County",2,65,166,83,83
050,21,153,"Kentucky","Magoffin County",2,66,158,76,82
050,21,153,"Kentucky","Magoffin County",2,67,144,67,77
050,21,153,"Kentucky","Magoffin County",2,68,147,71,76
050,21,153,"Kentucky","Magoffin County",2,69,141,75,66
050,21,153,"Kentucky","Magoffin County",2,70,134,67,67
050,21,153,"Kentucky","Magoffin County",2,71,119,56,63
050,21,153,"Kentucky","Magoffin County",2,72,112,52,60
050,21,153,"Kentucky","Magoffin County",2,73,131,58,73
050,21,153,"Kentucky","Magoffin County",2,74,92,38,54
050,21,153,"Kentucky","Magoffin County",2,75,85,36,49
050,21,153,"Kentucky","Magoffin County",2,76,85,42,43
050,21,153,"Kentucky","Magoffin County",2,77,74,38,36
050,21,153,"Kentucky","Magoffin County",2,78,74,32,42
050,21,153,"Kentucky","Magoffin County",2,79,64,29,35
050,21,153,"Kentucky","Magoffin County",2,80,52,20,32
050,21,153,"Kentucky","Magoffin County",2,81,50,17,33
050,21,153,"Kentucky","Magoffin County",2,82,52,23,29
050,21,153,"Kentucky","Magoffin County",2,83,46,18,28
050,21,153,"Kentucky","Magoffin County",2,84,31,16,15
050,21,153,"Kentucky","Magoffin County",2,85,155,75,80
050,21,153,"Kentucky","Magoffin County",3,0,130,81,49
050,21,153,"Kentucky","Magoffin County",3,1,133,64,69
050,21,153,"Kentucky","Magoffin County",3,2,132,67,65
050,21,153,"Kentucky","Magoffin County",3,3,127,67,60
050,21,153,"Kentucky","Magoffin County",3,4,140,72,68
050,21,153,"Kentucky","Magoffin County",3,5,142,74,68
050,21,153,"Kentucky","Magoffin County",3,6,133,71,62
050,21,153,"Kentucky","Magoffin County",3,7,157,79,78
050,21,153,"Kentucky","Magoffin County",3,8,156,85,71
050,21,153,"Kentucky","Magoffin County",3,9,140,79,61
050,21,153,"Kentucky","Magoffin County",3,10,143,79,64
050,21,153,"Kentucky","Magoffin County",3,11,141,78,63
050,21,153,"Kentucky","Magoffin County",3,12,137,66,71
050,21,153,"Kentucky","Magoffin County",3,13,141,74,67
050,21,153,"Kentucky","Magoffin County",3,14,159,80,79
050,21,153,"Kentucky","Magoffin County",3,15,165,83,82
050,21,153,"Kentucky","Magoffin County",3,16,147,66,81
050,21,153,"Kentucky","Magoffin County",3,17,146,72,74
050,21,153,"Kentucky","Magoffin County",3,18,118,59,59
050,21,153,"Kentucky","Magoffin County",3,19,92,47,45
050,21,153,"Kentucky","Magoffin County",3,20,117,65,52
050,21,153,"Kentucky","Magoffin County",3,21,128,70,58
050,21,153,"Kentucky","Magoffin County",3,22,121,57,64
050,21,153,"Kentucky","Magoffin County",3,23,113,54,59
050,21,153,"Kentucky","Magoffin County",3,24,124,58,66
050,21,153,"Kentucky","Magoffin County",3,25,131,69,62
050,21,153,"Kentucky","Magoffin County",3,26,115,61,54
050,21,153,"Kentucky","Magoffin County",3,27,122,67,55
050,21,153,"Kentucky","Magoffin County",3,28,130,69,61
050,21,153,"Kentucky","Magoffin County",3,29,141,75,66
050,21,153,"Kentucky","Magoffin County",3,30,160,88,72
050,21,153,"Kentucky","Magoffin County",3,31,158,76,82
050,21,153,"Kentucky","Magoffin County",3,32,129,60,69
050,21,153,"Kentucky","Magoffin County",3,33,115,54,61
050,21,153,"Kentucky","Magoffin County",3,34,118,59,59
050,21,153,"Kentucky","Magoffin County",3,35,143,79,64
050,21,153,"Kentucky","Magoffin County",3,36,133,64,69
050,21,153,"Kentucky","Magoffin County",3,37,111,51,60
050,21,153,"Kentucky","Magoffin County",3,38,117,53,64
050,21,153,"Kentucky","Magoffin County",3,39,122,66,56
050,21,153,"Kentucky","Magoffin County",3,40,136,74,62
050,21,153,"Kentucky","Magoffin County",3,41,128,61,67
050,21,153,"Kentucky","Magoffin County",3,42,137,62,75
050,21,153,"Kentucky","Magoffin County",3,43,155,77,78
050,21,153,"Kentucky","Magoffin County",3,44,147,74,73
050,21,153,"Kentucky","Magoffin County",3,45,151,74,77
050,21,153,"Kentucky","Magoffin County",3,46,151,75,76
050,21,153,"Kentucky","Magoffin County",3,47,147,72,75
050,21,153,"Kentucky","Magoffin County",3,48,156,81,75
050,21,153,"Kentucky","Magoffin County",3,49,172,98,74
050,21,153,"Kentucky","Magoffin County",3,50,175,93,82
050,21,153,"Kentucky","Magoffin County",3,51,153,80,73
050,21,153,"Kentucky","Magoffin County",3,52,153,76,77
050,21,153,"Kentucky","Magoffin County",3,53,155,72,83
050,21,153,"Kentucky","Magoffin County",3,54,168,87,81
050,21,153,"Kentucky","Magoffin County",3,55,169,91,78
050,21,153,"Kentucky","Magoffin County",3,56,175,92,83
050,21,153,"Kentucky","Magoffin County",3,57,157,79,78
050,21,153,"Kentucky","Magoffin County",3,58,170,83,87
050,21,153,"Kentucky","Magoffin County",3,59,170,83,87
050,21,153,"Kentucky","Magoffin County",3,60,180,86,94
050,21,153,"Kentucky","Magoffin County",3,61,177,86,91
050,21,153,"Kentucky","Magoffin County",3,62,187,98,89
050,21,153,"Kentucky","Magoffin County",3,63,171,87,84
050,21,153,"Kentucky","Magoffin County",3,64,164,79,85
050,21,153,"Kentucky","Magoffin County",3,65,152,73,79
050,21,153,"Kentucky","Magoffin County",3,66,164,81,83
050,21,153,"Kentucky","Magoffin County",3,67,156,75,81
050,21,153,"Kentucky","Magoffin County",3,68,139,67,72
050,21,153,"Kentucky","Magoffin County",3,69,140,70,70
050,21,153,"Kentucky","Magoffin County",3,70,136,69,67
050,21,153,"Kentucky","Magoffin County",3,71,133,68,65
050,21,153,"Kentucky","Magoffin County",3,72,116,56,60
050,21,153,"Kentucky","Magoffin County",3,73,110,49,61
050,21,153,"Kentucky","Magoffin County",3,74,125,57,68
050,21,153,"Kentucky","Magoffin County",3,75,84,34,50
050,21,153,"Kentucky","Magoffin County",3,76,85,37,48
050,21,153,"Kentucky","Magoffin County",3,77,79,37,42
050,21,153,"Kentucky","Magoffin County",3,78,78,41,37
050,21,153,"Kentucky","Magoffin County",3,79,64,25,39
050,21,153,"Kentucky","Magoffin County",3,80,60,26,34
050,21,153,"Kentucky","Magoffin County",3,81,49,18,31
050,21,153,"Kentucky","Magoffin County",3,82,45,16,29
050,21,153,"Kentucky","Magoffin County",3,83,49,21,28
050,21,153,"Kentucky","Magoffin County",3,84,32,11,21
050,21,153,"Kentucky","Magoffin County",3,85,162,80,82
050,21,153,"Kentucky","Magoffin County",4,0,129,61,68
050,21,153,"Kentucky","Magoffin County",4,1,130,81,49
050,21,153,"Kentucky","Magoffin County",4,2,135,66,69
050,21,153,"Kentucky","Magoffin County",4,3,133,70,63
050,21,153,"Kentucky","Magoffin County",4,4,126,68,58
050,21,153,"Kentucky","Magoffin County",4,5,141,73,68
050,21,153,"Kentucky","Magoffin County",4,6,142,72,70
050,21,153,"Kentucky","Magoffin County",4,7,127,67,60
050,21,153,"Kentucky","Magoffin County",4,8,153,77,76
050,21,153,"Kentucky","Magoffin County",4,9,154,81,73
050,21,153,"Kentucky","Magoffin County",4,10,144,85,59
050,21,153,"Kentucky","Magoffin County",4,11,138,75,63
050,21,153,"Kentucky","Magoffin County",4,12,141,79,62
050,21,153,"Kentucky","Magoffin County",4,13,132,63,69
050,21,153,"Kentucky","Magoffin County",4,14,151,81,70
050,21,153,"Kentucky","Magoffin County",4,15,159,82,77
050,21,153,"Kentucky","Magoffin County",4,16,169,83,86
050,21,153,"Kentucky","Magoffin County",4,17,151,71,80
050,21,153,"Kentucky","Magoffin County",4,18,126,65,61
050,21,153,"Kentucky","Magoffin County",4,19,88,43,45
050,21,153,"Kentucky","Magoffin County",4,20,101,53,48
050,21,153,"Kentucky","Magoffin County",4,21,119,66,53
050,21,153,"Kentucky","Magoffin County",4,22,139,72,67
050,21,153,"Kentucky","Magoffin County",4,23,122,57,65
050,21,153,"Kentucky","Magoffin County",4,24,111,50,61
050,21,153,"Kentucky","Magoffin County",4,25,120,59,61
050,21,153,"Kentucky","Magoffin County",4,26,128,65,63
050,21,153,"Kentucky","Magoffin County",4,27,117,63,54
050,21,153,"Kentucky","Magoffin County",4,28,118,64,54
050,21,153,"Kentucky","Magoffin County",4,29,128,67,61
050,21,153,"Kentucky","Magoffin County",4,30,140,72,68
050,21,153,"Kentucky","Magoffin County",4,31,154,85,69
050,21,153,"Kentucky","Magoffin County",4,32,157,77,80
050,21,153,"Kentucky","Magoffin County",4,33,136,64,72
050,21,153,"Kentucky","Magoffin County",4,34,110,54,56
050,21,153,"Kentucky","Magoffin County",4,35,116,56,60
050,21,153,"Kentucky","Magoffin County",4,36,143,79,64
050,21,153,"Kentucky","Magoffin County",4,37,138,66,72
050,21,153,"Kentucky","Magoffin County",4,38,112,54,58
050,21,153,"Kentucky","Magoffin County",4,39,116,52,64
050,21,153,"Kentucky","Magoffin County",4,40,118,61,57
050,21,153,"Kentucky","Magoffin County",4,41,132,71,61
050,21,153,"Kentucky","Magoffin County",4,42,128,60,68
050,21,153,"Kentucky","Magoffin County",4,43,131,57,74
050,21,153,"Kentucky","Magoffin County",4,44,148,71,77
050,21,153,"Kentucky","Magoffin County",4,45,149,73,76
050,21,153,"Kentucky","Magoffin County",4,46,146,73,73
050,21,153,"Kentucky","Magoffin County",4,47,150,76,74
050,21,153,"Kentucky","Magoffin County",4,48,142,70,72
050,21,153,"Kentucky","Magoffin County",4,49,160,86,74
050,21,153,"Kentucky","Magoffin County",4,50,159,91,68
050,21,153,"Kentucky","Magoffin County",4,51,174,92,82
050,21,153,"Kentucky","Magoffin County",4,52,150,81,69
050,21,153,"Kentucky","Magoffin County",4,53,148,71,77
050,21,153,"Kentucky","Magoffin County",4,54,160,75,85
050,21,153,"Kentucky","Magoffin County",4,55,159,85,74
050,21,153,"Kentucky","Magoffin County",4,56,168,89,79
050,21,153,"Kentucky","Magoffin County",4,57,175,90,85
050,21,153,"Kentucky","Magoffin County",4,58,161,81,80
050,21,153,"Kentucky","Magoffin County",4,59,158,76,82
050,21,153,"Kentucky","Magoffin County",4,60,163,78,85
050,21,153,"Kentucky","Magoffin County",4,61,180,90,90
050,21,153,"Kentucky","Magoffin County",4,62,174,87,87
050,21,153,"Kentucky","Magoffin County",4,63,182,95,87
050,21,153,"Kentucky","Magoffin County",4,64,167,82,85
050,21,153,"Kentucky","Magoffin County",4,65,156,74,82
050,21,153,"Kentucky","Magoffin County",4,66,148,73,75
050,21,153,"Kentucky","Magoffin County",4,67,163,80,83
050,21,153,"Kentucky","Magoffin County",4,68,153,79,74
050,21,153,"Kentucky","Magoffin County",4,69,137,68,69
050,21,153,"Kentucky","Magoffin County",4,70,132,63,69
050,21,153,"Kentucky","Magoffin County",4,71,131,66,65
050,21,153,"Kentucky","Magoffin County",4,72,125,66,59
050,21,153,"Kentucky","Magoffin County",4,73,111,51,60
050,21,153,"Kentucky","Magoffin County",4,74,104,48,56
050,21,153,"Kentucky","Magoffin County",4,75,111,50,61
050,21,153,"Kentucky","Magoffin County",4,76,79,35,44
050,21,153,"Kentucky","Magoffin County",4,77,74,33,41
050,21,153,"Kentucky","Magoffin County",4,78,81,37,44
050,21,153,"Kentucky","Magoffin County",4,79,64,31,33
050,21,153,"Kentucky","Magoffin County",4,80,62,22,40
050,21,153,"Kentucky","Magoffin County",4,81,54,19,35
050,21,153,"Kentucky","Magoffin County",4,82,44,18,26
050,21,153,"Kentucky","Magoffin County",4,83,40,12,28
050,21,153,"Kentucky","Magoffin County",4,84,35,15,20
050,21,153,"Kentucky","Magoffin County",4,85,168,81,87
050,21,153,"Kentucky","Magoffin County",5,0,126,59,67
050,21,153,"Kentucky","Magoffin County",5,1,133,61,72
050,21,153,"Kentucky","Magoffin County",5,2,132,83,49
050,21,153,"Kentucky","Magoffin County",5,3,135,67,68
050,21,153,"Kentucky","Magoffin County",5,4,134,72,62
050,21,153,"Kentucky","Magoffin County",5,5,135,73,62
050,21,153,"Kentucky","Magoffin County",5,6,138,72,66
050,21,153,"Kentucky","Magoffin County",5,7,137,71,66
050,21,153,"Kentucky","Magoffin County",5,8,136,77,59
050,21,153,"Kentucky","Magoffin County",5,9,157,78,79
050,21,153,"Kentucky","Magoffin County",5,10,160,85,75
050,21,153,"Kentucky","Magoffin County",5,11,139,78,61
050,21,153,"Kentucky","Magoffin County",5,12,131,72,59
050,21,153,"Kentucky","Magoffin County",5,13,139,80,59
050,21,153,"Kentucky","Magoffin County",5,14,133,67,66
050,21,153,"Kentucky","Magoffin County",5,15,145,77,68
050,21,153,"Kentucky","Magoffin County",5,16,160,79,81
050,21,153,"Kentucky","Magoffin County",5,17,174,86,88
050,21,153,"Kentucky","Magoffin County",5,18,114,54,60
050,21,153,"Kentucky","Magoffin County",5,19,89,48,41
050,21,153,"Kentucky","Magoffin County",5,20,96,44,52
050,21,153,"Kentucky","Magoffin County",5,21,108,55,53
050,21,153,"Kentucky","Magoffin County",5,22,125,68,57
050,21,153,"Kentucky","Magoffin County",5,23,145,78,67
050,21,153,"Kentucky","Magoffin County",5,24,123,57,66
050,21,153,"Kentucky","Magoffin County",5,25,115,55,60
050,21,153,"Kentucky","Magoffin County",5,26,117,54,63
050,21,153,"Kentucky","Magoffin County",5,27,125,61,64
050,21,153,"Kentucky","Magoffin County",5,28,121,62,59
050,21,153,"Kentucky","Magoffin County",5,29,118,64,54
050,21,153,"Kentucky","Magoffin County",5,30,135,70,65
050,21,153,"Kentucky","Magoffin County",5,31,145,72,73
050,21,153,"Kentucky","Magoffin County",5,32,157,92,65
050,21,153,"Kentucky","Magoffin County",5,33,157,77,80
050,21,153,"Kentucky","Magoffin County",5,34,138,66,72
050,21,153,"Kentucky","Magoffin County",5,35,110,53,57
050,21,153,"Kentucky","Magoffin County",5,36,108,53,55
050,21,153,"Kentucky","Magoffin County",5,37,142,77,65
050,21,153,"Kentucky","Magoffin County",5,38,134,63,71
050,21,153,"Kentucky","Magoffin County",5,39,109,53,56
050,21,153,"Kentucky","Magoffin County",5,40,117,52,65
050,21,153,"Kentucky","Magoffin County",5,41,114,57,57
050,21,153,"Kentucky","Magoffin County",5,42,127,66,61
050,21,153,"Kentucky","Magoffin County",5,43,119,56,63
050,21,153,"Kentucky","Magoffin County",5,44,129,58,71
050,21,153,"Kentucky","Magoffin County",5,45,140,68,72
050,21,153,"Kentucky","Magoffin County",5,46,146,70,76
050,21,153,"Kentucky","Magoffin County",5,47,149,73,76
050,21,153,"Kentucky","Magoffin County",5,48,140,69,71
050,21,153,"Kentucky","Magoffin County",5,49,147,77,70
050,21,153,"Kentucky","Magoffin County",5,50,154,80,74
050,21,153,"Kentucky","Magoffin County",5,51,157,89,68
050,21,153,"Kentucky","Magoffin County",5,52,173,93,80
050,21,153,"Kentucky","Magoffin County",5,53,149,78,71
050,21,153,"Kentucky","Magoffin County",5,54,155,76,79
050,21,153,"Kentucky","Magoffin County",5,55,157,77,80
050,21,153,"Kentucky","Magoffin County",5,56,155,79,76
050,21,153,"Kentucky","Magoffin County",5,57,172,89,83
050,21,153,"Kentucky","Magoffin County",5,58,174,89,85
050,21,153,"Kentucky","Magoffin County",5,59,150,73,77
050,21,153,"Kentucky","Magoffin County",5,60,163,76,87
050,21,153,"Kentucky","Magoffin County",5,61,156,75,81
050,21,153,"Kentucky","Magoffin County",5,62,180,91,89
050,21,153,"Kentucky","Magoffin County",5,63,169,83,86
050,21,153,"Kentucky","Magoffin County",5,64,181,93,88
050,21,153,"Kentucky","Magoffin County",5,65,158,79,79
050,21,153,"Kentucky","Magoffin County",5,66,150,72,78
050,21,153,"Kentucky","Magoffin County",5,67,149,75,74
050,21,153,"Kentucky","Magoffin County",5,68,160,83,77
050,21,153,"Kentucky","Magoffin County",5,69,151,78,73
050,21,153,"Kentucky","Magoffin County",5,70,125,58,67
050,21,153,"Kentucky","Magoffin County",5,71,128,62,66
050,21,153,"Kentucky","Magoffin County",5,72,126,66,60
050,21,153,"Kentucky","Magoffin County",5,73,121,62,59
050,21,153,"Kentucky","Magoffin County",5,74,106,50,56
050,21,153,"Kentucky","Magoffin County",5,75,93,41,52
050,21,153,"Kentucky","Magoffin County",5,76,106,51,55
050,21,153,"Kentucky","Magoffin County",5,77,69,29,40
050,21,153,"Kentucky","Magoffin County",5,78,75,34,41
050,21,153,"Kentucky","Magoffin County",5,79,65,26,39
050,21,153,"Kentucky","Magoffin County",5,80,59,28,31
050,21,153,"Kentucky","Magoffin County",5,81,54,14,40
050,21,153,"Kentucky","Magoffin County",5,82,46,18,28
050,21,153,"Kentucky","Magoffin County",5,83,39,14,25
050,21,153,"Kentucky","Magoffin County",5,84,29,6,23
050,21,153,"Kentucky","Magoffin County",5,85,171,82,89
050,21,155,"Kentucky","Marion County",1,0,233,120,113
050,21,155,"Kentucky","Marion County",1,1,241,137,104
050,21,155,"Kentucky","Marion County",1,2,247,135,112
050,21,155,"Kentucky","Marion County",1,3,248,127,121
050,21,155,"Kentucky","Marion County",1,4,258,144,114
050,21,155,"Kentucky","Marion County",1,5,259,140,119
050,21,155,"Kentucky","Marion County",1,6,235,120,115
050,21,155,"Kentucky","Marion County",1,7,256,120,136
050,21,155,"Kentucky","Marion County",1,8,267,134,133
050,21,155,"Kentucky","Marion County",1,9,270,129,141
050,21,155,"Kentucky","Marion County",1,10,291,143,148
050,21,155,"Kentucky","Marion County",1,11,301,154,147
050,21,155,"Kentucky","Marion County",1,12,294,156,138
050,21,155,"Kentucky","Marion County",1,13,286,141,145
050,21,155,"Kentucky","Marion County",1,14,261,130,131
050,21,155,"Kentucky","Marion County",1,15,269,132,137
050,21,155,"Kentucky","Marion County",1,16,272,121,151
050,21,155,"Kentucky","Marion County",1,17,274,128,146
050,21,155,"Kentucky","Marion County",1,18,223,117,106
050,21,155,"Kentucky","Marion County",1,19,173,90,83
050,21,155,"Kentucky","Marion County",1,20,206,109,97
050,21,155,"Kentucky","Marion County",1,21,231,125,106
050,21,155,"Kentucky","Marion County",1,22,235,129,106
050,21,155,"Kentucky","Marion County",1,23,235,118,117
050,21,155,"Kentucky","Marion County",1,24,240,126,114
050,21,155,"Kentucky","Marion County",1,25,254,127,127
050,21,155,"Kentucky","Marion County",1,26,271,135,136
050,21,155,"Kentucky","Marion County",1,27,232,128,104
050,21,155,"Kentucky","Marion County",1,28,246,137,109
050,21,155,"Kentucky","Marion County",1,29,245,135,110
050,21,155,"Kentucky","Marion County",1,30,221,118,103
050,21,155,"Kentucky","Marion County",1,31,210,114,96
050,21,155,"Kentucky","Marion County",1,32,205,105,100
050,21,155,"Kentucky","Marion County",1,33,211,109,102
050,21,155,"Kentucky","Marion County",1,34,213,104,109
050,21,155,"Kentucky","Marion County",1,35,235,127,108
050,21,155,"Kentucky","Marion County",1,36,226,126,100
050,21,155,"Kentucky","Marion County",1,37,226,119,107
050,21,155,"Kentucky","Marion County",1,38,244,121,123
050,21,155,"Kentucky","Marion County",1,39,269,130,139
050,21,155,"Kentucky","Marion County",1,40,298,153,145
050,21,155,"Kentucky","Marion County",1,41,265,144,121
050,21,155,"Kentucky","Marion County",1,42,241,122,119
050,21,155,"Kentucky","Marion County",1,43,236,123,113
050,21,155,"Kentucky","Marion County",1,44,215,124,91
050,21,155,"Kentucky","Marion County",1,45,232,123,109
050,21,155,"Kentucky","Marion County",1,46,228,115,113
050,21,155,"Kentucky","Marion County",1,47,234,116,118
050,21,155,"Kentucky","Marion County",1,48,232,110,122
050,21,155,"Kentucky","Marion County",1,49,255,121,134
050,21,155,"Kentucky","Marion County",1,50,255,117,138
050,21,155,"Kentucky","Marion County",1,51,227,103,124
050,21,155,"Kentucky","Marion County",1,52,262,125,137
050,21,155,"Kentucky","Marion County",1,53,271,139,132
050,21,155,"Kentucky","Marion County",1,54,297,160,137
050,21,155,"Kentucky","Marion County",1,55,304,158,146
050,21,155,"Kentucky","Marion County",1,56,294,144,150
050,21,155,"Kentucky","Marion County",1,57,281,146,135
050,21,155,"Kentucky","Marion County",1,58,274,141,133
050,21,155,"Kentucky","Marion County",1,59,284,137,147
050,21,155,"Kentucky","Marion County",1,60,287,156,131
050,21,155,"Kentucky","Marion County",1,61,274,142,132
050,21,155,"Kentucky","Marion County",1,62,269,135,134
050,21,155,"Kentucky","Marion County",1,63,245,116,129
050,21,155,"Kentucky","Marion County",1,64,245,117,128
050,21,155,"Kentucky","Marion County",1,65,237,124,113
050,21,155,"Kentucky","Marion County",1,66,221,112,109
050,21,155,"Kentucky","Marion County",1,67,211,99,112
050,21,155,"Kentucky","Marion County",1,68,202,93,109
050,21,155,"Kentucky","Marion County",1,69,199,103,96
050,21,155,"Kentucky","Marion County",1,70,196,91,105
050,21,155,"Kentucky","Marion County",1,71,189,91,98
050,21,155,"Kentucky","Marion County",1,72,186,87,99
050,21,155,"Kentucky","Marion County",1,73,198,84,114
050,21,155,"Kentucky","Marion County",1,74,137,64,73
050,21,155,"Kentucky","Marion County",1,75,123,66,57
050,21,155,"Kentucky","Marion County",1,76,134,59,75
050,21,155,"Kentucky","Marion County",1,77,129,57,72
050,21,155,"Kentucky","Marion County",1,78,94,48,46
050,21,155,"Kentucky","Marion County",1,79,87,41,46
050,21,155,"Kentucky","Marion County",1,80,84,33,51
050,21,155,"Kentucky","Marion County",1,81,80,37,43
050,21,155,"Kentucky","Marion County",1,82,65,16,49
050,21,155,"Kentucky","Marion County",1,83,56,23,33
050,21,155,"Kentucky","Marion County",1,84,59,21,38
050,21,155,"Kentucky","Marion County",1,85,374,99,275
050,21,155,"Kentucky","Marion County",2,0,227,124,103
050,21,155,"Kentucky","Marion County",2,1,239,134,105
050,21,155,"Kentucky","Marion County",2,2,245,136,109
050,21,155,"Kentucky","Marion County",2,3,248,129,119
050,21,155,"Kentucky","Marion County",2,4,258,140,118
050,21,155,"Kentucky","Marion County",2,5,259,140,119
050,21,155,"Kentucky","Marion County",2,6,240,123,117
050,21,155,"Kentucky","Marion County",2,7,251,120,131
050,21,155,"Kentucky","Marion County",2,8,266,131,135
050,21,155,"Kentucky","Marion County",2,9,269,130,139
050,21,155,"Kentucky","Marion County",2,10,285,139,146
050,21,155,"Kentucky","Marion County",2,11,295,150,145
050,21,155,"Kentucky","Marion County",2,12,297,156,141
050,21,155,"Kentucky","Marion County",2,13,286,143,143
050,21,155,"Kentucky","Marion County",2,14,266,132,134
050,21,155,"Kentucky","Marion County",2,15,265,131,134
050,21,155,"Kentucky","Marion County",2,16,274,124,150
050,21,155,"Kentucky","Marion County",2,17,273,126,147
050,21,155,"Kentucky","Marion County",2,18,219,112,107
050,21,155,"Kentucky","Marion County",2,19,174,91,83
050,21,155,"Kentucky","Marion County",2,20,204,107,97
050,21,155,"Kentucky","Marion County",2,21,231,125,106
050,21,155,"Kentucky","Marion County",2,22,239,129,110
050,21,155,"Kentucky","Marion County",2,23,237,122,115
050,21,155,"Kentucky","Marion County",2,24,242,126,116
050,21,155,"Kentucky","Marion County",2,25,250,125,125
050,21,155,"Kentucky","Marion County",2,26,265,131,134
050,21,155,"Kentucky","Marion County",2,27,242,132,110
050,21,155,"Kentucky","Marion County",2,28,242,134,108
050,21,155,"Kentucky","Marion County",2,29,247,137,110
050,21,155,"Kentucky","Marion County",2,30,227,122,105
050,21,155,"Kentucky","Marion County",2,31,215,118,97
050,21,155,"Kentucky","Marion County",2,32,205,107,98
050,21,155,"Kentucky","Marion County",2,33,211,109,102
050,21,155,"Kentucky","Marion County",2,34,213,105,108
050,21,155,"Kentucky","Marion County",2,35,232,123,109
050,21,155,"Kentucky","Marion County",2,36,229,126,103
050,21,155,"Kentucky","Marion County",2,37,228,119,109
050,21,155,"Kentucky","Marion County",2,38,241,120,121
050,21,155,"Kentucky","Marion County",2,39,266,130,136
050,21,155,"Kentucky","Marion County",2,40,294,149,145
050,21,155,"Kentucky","Marion County",2,41,271,145,126
050,21,155,"Kentucky","Marion County",2,42,244,127,117
050,21,155,"Kentucky","Marion County",2,43,239,123,116
050,21,155,"Kentucky","Marion County",2,44,217,122,95
050,21,155,"Kentucky","Marion County",2,45,229,123,106
050,21,155,"Kentucky","Marion County",2,46,229,116,113
050,21,155,"Kentucky","Marion County",2,47,231,116,115
050,21,155,"Kentucky","Marion County",2,48,232,110,122
050,21,155,"Kentucky","Marion County",2,49,254,121,133
050,21,155,"Kentucky","Marion County",2,50,252,117,135
050,21,155,"Kentucky","Marion County",2,51,234,108,126
050,21,155,"Kentucky","Marion County",2,52,252,119,133
050,21,155,"Kentucky","Marion County",2,53,268,136,132
050,21,155,"Kentucky","Marion County",2,54,293,156,137
050,21,155,"Kentucky","Marion County",2,55,300,156,144
050,21,155,"Kentucky","Marion County",2,56,295,146,149
050,21,155,"Kentucky","Marion County",2,57,284,146,138
050,21,155,"Kentucky","Marion County",2,58,275,142,133
050,21,155,"Kentucky","Marion County",2,59,281,139,142
050,21,155,"Kentucky","Marion County",2,60,290,154,136
050,21,155,"Kentucky","Marion County",2,61,275,143,132
050,21,155,"Kentucky","Marion County",2,62,270,137,133
050,21,155,"Kentucky","Marion County",2,63,253,121,132
050,21,155,"Kentucky","Marion County",2,64,242,117,125
050,21,155,"Kentucky","Marion County",2,65,237,121,116
050,21,155,"Kentucky","Marion County",2,66,223,114,109
050,21,155,"Kentucky","Marion County",2,67,212,101,111
050,21,155,"Kentucky","Marion County",2,68,203,95,108
050,21,155,"Kentucky","Marion County",2,69,200,100,100
050,21,155,"Kentucky","Marion County",2,70,197,93,104
050,21,155,"Kentucky","Marion County",2,71,192,91,101
050,21,155,"Kentucky","Marion County",2,72,183,86,97
050,21,155,"Kentucky","Marion County",2,73,206,88,118
050,21,155,"Kentucky","Marion County",2,74,141,64,77
050,21,155,"Kentucky","Marion County",2,75,120,63,57
050,21,155,"Kentucky","Marion County",2,76,131,61,70
050,21,155,"Kentucky","Marion County",2,77,133,57,76
050,21,155,"Kentucky","Marion County",2,78,99,49,50
050,21,155,"Kentucky","Marion County",2,79,88,41,47
050,21,155,"Kentucky","Marion County",2,80,84,34,50
050,21,155,"Kentucky","Marion County",2,81,79,36,43
050,21,155,"Kentucky","Marion County",2,82,69,19,50
050,21,155,"Kentucky","Marion County",2,83,54,20,34
050,21,155,"Kentucky","Marion County",2,84,58,21,37
050,21,155,"Kentucky","Marion County",2,85,377,100,277
050,21,155,"Kentucky","Marion County",3,0,197,90,107
050,21,155,"Kentucky","Marion County",3,1,247,124,123
050,21,155,"Kentucky","Marion County",3,2,241,137,104
050,21,155,"Kentucky","Marion County",3,3,253,142,111
050,21,155,"Kentucky","Marion County",3,4,263,132,131
050,21,155,"Kentucky","Marion County",3,5,263,140,123
050,21,155,"Kentucky","Marion County",3,6,261,143,118
050,21,155,"Kentucky","Marion County",3,7,246,128,118
050,21,155,"Kentucky","Marion County",3,8,263,125,138
050,21,155,"Kentucky","Marion County",3,9,265,134,131
050,21,155,"Kentucky","Marion County",3,10,273,135,138
050,21,155,"Kentucky","Marion County",3,11,284,139,145
050,21,155,"Kentucky","Marion County",3,12,296,154,142
050,21,155,"Kentucky","Marion County",3,13,298,156,142
050,21,155,"Kentucky","Marion County",3,14,279,141,138
050,21,155,"Kentucky","Marion County",3,15,268,128,140
050,21,155,"Kentucky","Marion County",3,16,272,140,132
050,21,155,"Kentucky","Marion County",3,17,276,132,144
050,21,155,"Kentucky","Marion County",3,18,235,111,124
050,21,155,"Kentucky","Marion County",3,19,184,94,90
050,21,155,"Kentucky","Marion County",3,20,200,102,98
050,21,155,"Kentucky","Marion County",3,21,213,116,97
050,21,155,"Kentucky","Marion County",3,22,244,130,114
050,21,155,"Kentucky","Marion County",3,23,247,135,112
050,21,155,"Kentucky","Marion County",3,24,250,139,111
050,21,155,"Kentucky","Marion County",3,25,250,129,121
050,21,155,"Kentucky","Marion County",3,26,251,127,124
050,21,155,"Kentucky","Marion County",3,27,270,130,140
050,21,155,"Kentucky","Marion County",3,28,218,113,105
050,21,155,"Kentucky","Marion County",3,29,250,140,110
050,21,155,"Kentucky","Marion County",3,30,233,125,108
050,21,155,"Kentucky","Marion County",3,31,237,132,105
050,21,155,"Kentucky","Marion County",3,32,216,121,95
050,21,155,"Kentucky","Marion County",3,33,211,105,106
050,21,155,"Kentucky","Marion County",3,34,213,110,103
050,21,155,"Kentucky","Marion County",3,35,221,108,113
050,21,155,"Kentucky","Marion County",3,36,230,121,109
050,21,155,"Kentucky","Marion County",3,37,229,122,107
050,21,155,"Kentucky","Marion County",3,38,231,122,109
050,21,155,"Kentucky","Marion County",3,39,252,132,120
050,21,155,"Kentucky","Marion County",3,40,257,121,136
050,21,155,"Kentucky","Marion County",3,41,296,151,145
050,21,155,"Kentucky","Marion County",3,42,277,146,131
050,21,155,"Kentucky","Marion County",3,43,244,125,119
050,21,155,"Kentucky","Marion County",3,44,240,125,115
050,21,155,"Kentucky","Marion County",3,45,223,119,104
050,21,155,"Kentucky","Marion County",3,46,225,118,107
050,21,155,"Kentucky","Marion County",3,47,230,119,111
050,21,155,"Kentucky","Marion County",3,48,227,115,112
050,21,155,"Kentucky","Marion County",3,49,236,115,121
050,21,155,"Kentucky","Marion County",3,50,260,120,140
050,21,155,"Kentucky","Marion County",3,51,249,115,134
050,21,155,"Kentucky","Marion County",3,52,249,114,135
050,21,155,"Kentucky","Marion County",3,53,247,124,123
050,21,155,"Kentucky","Marion County",3,54,270,137,133
050,21,155,"Kentucky","Marion County",3,55,293,156,137
050,21,155,"Kentucky","Marion County",3,56,293,150,143
050,21,155,"Kentucky","Marion County",3,57,288,142,146
050,21,155,"Kentucky","Marion County",3,58,288,147,141
050,21,155,"Kentucky","Marion County",3,59,273,142,131
050,21,155,"Kentucky","Marion County",3,60,291,146,145
050,21,155,"Kentucky","Marion County",3,61,295,152,143
050,21,155,"Kentucky","Marion County",3,62,277,147,130
050,21,155,"Kentucky","Marion County",3,63,269,130,139
050,21,155,"Kentucky","Marion County",3,64,252,118,134
050,21,155,"Kentucky","Marion County",3,65,238,116,122
050,21,155,"Kentucky","Marion County",3,66,230,115,115
050,21,155,"Kentucky","Marion County",3,67,215,107,108
050,21,155,"Kentucky","Marion County",3,68,200,97,103
050,21,155,"Kentucky","Marion County",3,69,197,93,104
050,21,155,"Kentucky","Marion County",3,70,200,96,104
050,21,155,"Kentucky","Marion County",3,71,197,92,105
050,21,155,"Kentucky","Marion County",3,72,177,82,95
050,21,155,"Kentucky","Marion County",3,73,190,85,105
050,21,155,"Kentucky","Marion County",3,74,191,81,110
050,21,155,"Kentucky","Marion County",3,75,131,61,70
050,21,155,"Kentucky","Marion County",3,76,111,53,58
050,21,155,"Kentucky","Marion County",3,77,130,62,68
050,21,155,"Kentucky","Marion County",3,78,124,54,70
050,21,155,"Kentucky","Marion County",3,79,93,45,48
050,21,155,"Kentucky","Marion County",3,80,90,38,52
050,21,155,"Kentucky","Marion County",3,81,77,34,43
050,21,155,"Kentucky","Marion County",3,82,85,36,49
050,21,155,"Kentucky","Marion County",3,83,54,17,37
050,21,155,"Kentucky","Marion County",3,84,55,17,38
050,21,155,"Kentucky","Marion County",3,85,375,104,271
050,21,155,"Kentucky","Marion County",4,0,211,102,109
050,21,155,"Kentucky","Marion County",4,1,196,89,107
050,21,155,"Kentucky","Marion County",4,2,240,114,126
050,21,155,"Kentucky","Marion County",4,3,238,131,107
050,21,155,"Kentucky","Marion County",4,4,249,146,103
050,21,155,"Kentucky","Marion County",4,5,266,135,131
050,21,155,"Kentucky","Marion County",4,6,272,143,129
050,21,155,"Kentucky","Marion County",4,7,263,146,117
050,21,155,"Kentucky","Marion County",4,8,251,126,125
050,21,155,"Kentucky","Marion County",4,9,273,131,142
050,21,155,"Kentucky","Marion County",4,10,266,127,139
050,21,155,"Kentucky","Marion County",4,11,283,138,145
050,21,155,"Kentucky","Marion County",4,12,278,130,148
050,21,155,"Kentucky","Marion County",4,13,300,156,144
050,21,155,"Kentucky","Marion County",4,14,297,160,137
050,21,155,"Kentucky","Marion County",4,15,287,146,141
050,21,155,"Kentucky","Marion County",4,16,263,126,137
050,21,155,"Kentucky","Marion County",4,17,276,138,138
050,21,155,"Kentucky","Marion County",4,18,239,116,123
050,21,155,"Kentucky","Marion County",4,19,176,85,91
050,21,155,"Kentucky","Marion County",4,20,194,97,97
050,21,155,"Kentucky","Marion County",4,21,220,110,110
050,21,155,"Kentucky","Marion County",4,22,217,113,104
050,21,155,"Kentucky","Marion County",4,23,249,132,117
050,21,155,"Kentucky","Marion County",4,24,247,138,109
050,21,155,"Kentucky","Marion County",4,25,247,135,112
050,21,155,"Kentucky","Marion County",4,26,235,122,113
050,21,155,"Kentucky","Marion County",4,27,250,130,120
050,21,155,"Kentucky","Marion County",4,28,265,132,133
050,21,155,"Kentucky","Marion County",4,29,232,122,110
050,21,155,"Kentucky","Marion County",4,30,249,137,112
050,21,155,"Kentucky","Marion County",4,31,244,132,112
050,21,155,"Kentucky","Marion County",4,32,242,131,111
050,21,155,"Kentucky","Marion County",4,33,219,121,98
050,21,155,"Kentucky","Marion County",4,34,209,102,107
050,21,155,"Kentucky","Marion County",4,35,218,114,104
050,21,155,"Kentucky","Marion County",4,36,222,112,110
050,21,155,"Kentucky","Marion County",4,37,231,116,115
050,21,155,"Kentucky","Marion County",4,38,229,122,107
050,21,155,"Kentucky","Marion County",4,39,237,126,111
050,21,155,"Kentucky","Marion County",4,40,252,127,125
050,21,155,"Kentucky","Marion County",4,41,276,134,142
050,21,155,"Kentucky","Marion County",4,42,301,153,148
050,21,155,"Kentucky","Marion County",4,43,275,147,128
050,21,155,"Kentucky","Marion County",4,44,248,127,121
050,21,155,"Kentucky","Marion County",4,45,238,119,119
050,21,155,"Kentucky","Marion County",4,46,227,122,105
050,21,155,"Kentucky","Marion County",4,47,217,117,100
050,21,155,"Kentucky","Marion County",4,48,227,115,112
050,21,155,"Kentucky","Marion County",4,49,234,122,112
050,21,155,"Kentucky","Marion County",4,50,233,110,123
050,21,155,"Kentucky","Marion County",4,51,253,120,133
050,21,155,"Kentucky","Marion County",4,52,258,114,144
050,21,155,"Kentucky","Marion County",4,53,233,106,127
050,21,155,"Kentucky","Marion County",4,54,249,125,124
050,21,155,"Kentucky","Marion County",4,55,271,135,136
050,21,155,"Kentucky","Marion County",4,56,289,153,136
050,21,155,"Kentucky","Marion County",4,57,289,151,138
050,21,155,"Kentucky","Marion County",4,58,290,145,145
050,21,155,"Kentucky","Marion County",4,59,284,146,138
050,21,155,"Kentucky","Marion County",4,60,265,139,126
050,21,155,"Kentucky","Marion County",4,61,281,139,142
050,21,155,"Kentucky","Marion County",4,62,304,158,146
050,21,155,"Kentucky","Marion County",4,63,265,139,126
050,21,155,"Kentucky","Marion County",4,64,266,127,139
050,21,155,"Kentucky","Marion County",4,65,246,116,130
050,21,155,"Kentucky","Marion County",4,66,232,113,119
050,21,155,"Kentucky","Marion County",4,67,225,112,113
050,21,155,"Kentucky","Marion County",4,68,213,107,106
050,21,155,"Kentucky","Marion County",4,69,194,96,98
050,21,155,"Kentucky","Marion County",4,70,200,87,113
050,21,155,"Kentucky","Marion County",4,71,194,97,97
050,21,155,"Kentucky","Marion County",4,72,189,88,101
050,21,155,"Kentucky","Marion County",4,73,176,76,100
050,21,155,"Kentucky","Marion County",4,74,170,75,95
050,21,155,"Kentucky","Marion County",4,75,183,79,104
050,21,155,"Kentucky","Marion County",4,76,125,53,72
050,21,155,"Kentucky","Marion County",4,77,108,49,59
050,21,155,"Kentucky","Marion County",4,78,124,61,63
050,21,155,"Kentucky","Marion County",4,79,119,52,67
050,21,155,"Kentucky","Marion County",4,80,95,40,55
050,21,155,"Kentucky","Marion County",4,81,79,34,45
050,21,155,"Kentucky","Marion County",4,82,81,32,49
050,21,155,"Kentucky","Marion County",4,83,67,32,35
050,21,155,"Kentucky","Marion County",4,84,52,12,40
050,21,155,"Kentucky","Marion County",4,85,371,105,266
050,21,155,"Kentucky","Marion County",5,0,211,103,108
050,21,155,"Kentucky","Marion County",5,1,201,96,105
050,21,155,"Kentucky","Marion County",5,2,202,97,105
050,21,155,"Kentucky","Marion County",5,3,262,128,134
050,21,155,"Kentucky","Marion County",5,4,234,133,101
050,21,155,"Kentucky","Marion County",5,5,249,143,106
050,21,155,"Kentucky","Marion County",5,6,255,123,132
050,21,155,"Kentucky","Marion County",5,7,283,149,134
050,21,155,"Kentucky","Marion County",5,8,273,154,119
050,21,155,"Kentucky","Marion County",5,9,252,129,123
050,21,155,"Kentucky","Marion County",5,10,277,132,145
050,21,155,"Kentucky","Marion County",5,11,264,132,132
050,21,155,"Kentucky","Marion County",5,12,285,143,142
050,21,155,"Kentucky","Marion County",5,13,282,134,148
050,21,155,"Kentucky","Marion County",5,14,301,154,147
050,21,155,"Kentucky","Marion County",5,15,307,166,141
050,21,155,"Kentucky","Marion County",5,16,287,148,139
050,21,155,"Kentucky","Marion County",5,17,265,126,139
050,21,155,"Kentucky","Marion County",5,18,227,119,108
050,21,155,"Kentucky","Marion County",5,19,184,92,92
050,21,155,"Kentucky","Marion County",5,20,200,95,105
050,21,155,"Kentucky","Marion County",5,21,213,108,105
050,21,155,"Kentucky","Marion County",5,22,236,119,117
050,21,155,"Kentucky","Marion County",5,23,234,116,118
050,21,155,"Kentucky","Marion County",5,24,257,136,121
050,21,155,"Kentucky","Marion County",5,25,245,141,104
050,21,155,"Kentucky","Marion County",5,26,238,124,114
050,21,155,"Kentucky","Marion County",5,27,244,128,116
050,21,155,"Kentucky","Marion County",5,28,250,124,126
050,21,155,"Kentucky","Marion County",5,29,283,142,141
050,21,155,"Kentucky","Marion County",5,30,229,124,105
050,21,155,"Kentucky","Marion County",5,31,258,141,117
050,21,155,"Kentucky","Marion County",5,32,250,133,117
050,21,155,"Kentucky","Marion County",5,33,241,134,107
050,21,155,"Kentucky","Marion County",5,34,217,113,104
050,21,155,"Kentucky","Marion County",5,35,218,109,109
050,21,155,"Kentucky","Marion County",5,36,223,113,110
050,21,155,"Kentucky","Marion County",5,37,214,106,108
050,21,155,"Kentucky","Marion County",5,38,229,115,114
050,21,155,"Kentucky","Marion County",5,39,239,125,114
050,21,155,"Kentucky","Marion County",5,40,229,115,114
050,21,155,"Kentucky","Marion County",5,41,247,128,119
050,21,155,"Kentucky","Marion County",5,42,268,128,140
050,21,155,"Kentucky","Marion County",5,43,285,142,143
050,21,155,"Kentucky","Marion County",5,44,284,150,134
050,21,155,"Kentucky","Marion County",5,45,250,125,125
050,21,155,"Kentucky","Marion County",5,46,244,122,122
050,21,155,"Kentucky","Marion County",5,47,225,123,102
050,21,155,"Kentucky","Marion County",5,48,217,115,102
050,21,155,"Kentucky","Marion County",5,49,231,121,110
050,21,155,"Kentucky","Marion County",5,50,224,113,111
050,21,155,"Kentucky","Marion County",5,51,233,106,127
050,21,155,"Kentucky","Marion County",5,52,267,120,147
050,21,155,"Kentucky","Marion County",5,53,256,118,138
050,21,155,"Kentucky","Marion County",5,54,233,104,129
050,21,155,"Kentucky","Marion County",5,55,239,119,120
050,21,155,"Kentucky","Marion County",5,56,267,135,132
050,21,155,"Kentucky","Marion County",5,57,287,152,135
050,21,155,"Kentucky","Marion County",5,58,290,154,136
050,21,155,"Kentucky","Marion County",5,59,285,144,141
050,21,155,"Kentucky","Marion County",5,60,283,147,136
050,21,155,"Kentucky","Marion County",5,61,273,141,132
050,21,155,"Kentucky","Marion County",5,62,281,139,142
050,21,155,"Kentucky","Marion County",5,63,300,153,147
050,21,155,"Kentucky","Marion County",5,64,266,140,126
050,21,155,"Kentucky","Marion County",5,65,257,122,135
050,21,155,"Kentucky","Marion County",5,66,246,118,128
050,21,155,"Kentucky","Marion County",5,67,225,107,118
050,21,155,"Kentucky","Marion County",5,68,224,114,110
050,21,155,"Kentucky","Marion County",5,69,203,105,98
050,21,155,"Kentucky","Marion County",5,70,194,89,105
050,21,155,"Kentucky","Marion County",5,71,193,85,108
050,21,155,"Kentucky","Marion County",5,72,189,97,92
050,21,155,"Kentucky","Marion County",5,73,191,83,108
050,21,155,"Kentucky","Marion County",5,74,160,70,90
050,21,155,"Kentucky","Marion County",5,75,159,72,87
050,21,155,"Kentucky","Marion County",5,76,175,73,102
050,21,155,"Kentucky","Marion County",5,77,122,49,73
050,21,155,"Kentucky","Marion County",5,78,101,48,53
050,21,155,"Kentucky","Marion County",5,79,118,56,62
050,21,155,"Kentucky","Marion County",5,80,118,44,74
050,21,155,"Kentucky","Marion County",5,81,83,37,46
050,21,155,"Kentucky","Marion County",5,82,84,31,53
050,21,155,"Kentucky","Marion County",5,83,65,30,35
050,21,155,"Kentucky","Marion County",5,84,69,28,41
050,21,155,"Kentucky","Marion County",5,85,375,101,274
050,21,157,"Kentucky","Marshall County",1,0,281,146,135
050,21,157,"Kentucky","Marshall County",1,1,285,158,127
050,21,157,"Kentucky","Marshall County",1,2,339,179,160
050,21,157,"Kentucky","Marshall County",1,3,342,171,171
050,21,157,"Kentucky","Marshall County",1,4,354,199,155
050,21,157,"Kentucky","Marshall County",1,5,370,196,174
050,21,157,"Kentucky","Marshall County",1,6,380,205,175
050,21,157,"Kentucky","Marshall County",1,7,336,177,159
050,21,157,"Kentucky","Marshall County",1,8,365,190,175
050,21,157,"Kentucky","Marshall County",1,9,353,181,172
050,21,157,"Kentucky","Marshall County",1,10,369,183,186
050,21,157,"Kentucky","Marshall County",1,11,386,200,186
050,21,157,"Kentucky","Marshall County",1,12,394,208,186
050,21,157,"Kentucky","Marshall County",1,13,367,194,173
050,21,157,"Kentucky","Marshall County",1,14,386,203,183
050,21,157,"Kentucky","Marshall County",1,15,420,216,204
050,21,157,"Kentucky","Marshall County",1,16,392,197,195
050,21,157,"Kentucky","Marshall County",1,17,411,206,205
050,21,157,"Kentucky","Marshall County",1,18,342,185,157
050,21,157,"Kentucky","Marshall County",1,19,271,145,126
050,21,157,"Kentucky","Marshall County",1,20,284,150,134
050,21,157,"Kentucky","Marshall County",1,21,293,156,137
050,21,157,"Kentucky","Marshall County",1,22,307,154,153
050,21,157,"Kentucky","Marshall County",1,23,320,169,151
050,21,157,"Kentucky","Marshall County",1,24,328,164,164
050,21,157,"Kentucky","Marshall County",1,25,345,170,175
050,21,157,"Kentucky","Marshall County",1,26,344,170,174
050,21,157,"Kentucky","Marshall County",1,27,366,191,175
050,21,157,"Kentucky","Marshall County",1,28,366,184,182
050,21,157,"Kentucky","Marshall County",1,29,381,195,186
050,21,157,"Kentucky","Marshall County",1,30,359,179,180
050,21,157,"Kentucky","Marshall County",1,31,369,186,183
050,21,157,"Kentucky","Marshall County",1,32,323,176,147
050,21,157,"Kentucky","Marshall County",1,33,318,160,158
050,21,157,"Kentucky","Marshall County",1,34,320,154,166
050,21,157,"Kentucky","Marshall County",1,35,340,164,176
050,21,157,"Kentucky","Marshall County",1,36,354,156,198
050,21,157,"Kentucky","Marshall County",1,37,374,177,197
050,21,157,"Kentucky","Marshall County",1,38,382,195,187
050,21,157,"Kentucky","Marshall County",1,39,375,187,188
050,21,157,"Kentucky","Marshall County",1,40,395,191,204
050,21,157,"Kentucky","Marshall County",1,41,399,202,197
050,21,157,"Kentucky","Marshall County",1,42,373,191,182
050,21,157,"Kentucky","Marshall County",1,43,374,184,190
050,21,157,"Kentucky","Marshall County",1,44,349,179,170
050,21,157,"Kentucky","Marshall County",1,45,363,187,176
050,21,157,"Kentucky","Marshall County",1,46,368,180,188
050,21,157,"Kentucky","Marshall County",1,47,388,196,192
050,21,157,"Kentucky","Marshall County",1,48,432,231,201
050,21,157,"Kentucky","Marshall County",1,49,433,217,216
050,21,157,"Kentucky","Marshall County",1,50,427,209,218
050,21,157,"Kentucky","Marshall County",1,51,412,212,200
050,21,157,"Kentucky","Marshall County",1,52,400,206,194
050,21,157,"Kentucky","Marshall County",1,53,424,223,201
050,21,157,"Kentucky","Marshall County",1,54,442,224,218
050,21,157,"Kentucky","Marshall County",1,55,472,238,234
050,21,157,"Kentucky","Marshall County",1,56,468,228,240
050,21,157,"Kentucky","Marshall County",1,57,479,228,251
050,21,157,"Kentucky","Marshall County",1,58,462,216,246
050,21,157,"Kentucky","Marshall County",1,59,522,248,274
050,21,157,"Kentucky","Marshall County",1,60,492,247,245
050,21,157,"Kentucky","Marshall County",1,61,459,230,229
050,21,157,"Kentucky","Marshall County",1,62,444,214,230
050,21,157,"Kentucky","Marshall County",1,63,481,233,248
050,21,157,"Kentucky","Marshall County",1,64,497,237,260
050,21,157,"Kentucky","Marshall County",1,65,497,246,251
050,21,157,"Kentucky","Marshall County",1,66,437,220,217
050,21,157,"Kentucky","Marshall County",1,67,453,231,222
050,21,157,"Kentucky","Marshall County",1,68,450,218,232
050,21,157,"Kentucky","Marshall County",1,69,397,221,176
050,21,157,"Kentucky","Marshall County",1,70,380,186,194
050,21,157,"Kentucky","Marshall County",1,71,380,192,188
050,21,157,"Kentucky","Marshall County",1,72,399,199,200
050,21,157,"Kentucky","Marshall County",1,73,391,189,202
050,21,157,"Kentucky","Marshall County",1,74,294,135,159
050,21,157,"Kentucky","Marshall County",1,75,308,140,168
050,21,157,"Kentucky","Marshall County",1,76,296,140,156
050,21,157,"Kentucky","Marshall County",1,77,263,122,141
050,21,157,"Kentucky","Marshall County",1,78,240,108,132
050,21,157,"Kentucky","Marshall County",1,79,225,103,122
050,21,157,"Kentucky","Marshall County",1,80,206,97,109
050,21,157,"Kentucky","Marshall County",1,81,196,90,106
050,21,157,"Kentucky","Marshall County",1,82,183,79,104
050,21,157,"Kentucky","Marshall County",1,83,137,50,87
050,21,157,"Kentucky","Marshall County",1,84,135,47,88
050,21,157,"Kentucky","Marshall County",1,85,651,248,403
050,21,157,"Kentucky","Marshall County",2,0,276,144,132
050,21,157,"Kentucky","Marshall County",2,1,287,157,130
050,21,157,"Kentucky","Marshall County",2,2,327,175,152
050,21,157,"Kentucky","Marshall County",2,3,339,175,164
050,21,157,"Kentucky","Marshall County",2,4,351,192,159
050,21,157,"Kentucky","Marshall County",2,5,370,199,171
050,21,157,"Kentucky","Marshall County",2,6,377,203,174
050,21,157,"Kentucky","Marshall County",2,7,350,184,166
050,21,157,"Kentucky","Marshall County",2,8,359,187,172
050,21,157,"Kentucky","Marshall County",2,9,356,184,172
050,21,157,"Kentucky","Marshall County",2,10,365,181,184
050,21,157,"Kentucky","Marshall County",2,11,377,192,185
050,21,157,"Kentucky","Marshall County",2,12,393,206,187
050,21,157,"Kentucky","Marshall County",2,13,372,198,174
050,21,157,"Kentucky","Marshall County",2,14,383,201,182
050,21,157,"Kentucky","Marshall County",2,15,410,212,198
050,21,157,"Kentucky","Marshall County",2,16,403,203,200
050,21,157,"Kentucky","Marshall County",2,17,409,205,204
050,21,157,"Kentucky","Marshall County",2,18,343,182,161
050,21,157,"Kentucky","Marshall County",2,19,275,146,129
050,21,157,"Kentucky","Marshall County",2,20,291,153,138
050,21,157,"Kentucky","Marshall County",2,21,299,159,140
050,21,157,"Kentucky","Marshall County",2,22,306,155,151
050,21,157,"Kentucky","Marshall County",2,23,323,169,154
050,21,157,"Kentucky","Marshall County",2,24,326,164,162
050,21,157,"Kentucky","Marshall County",2,25,338,168,170
050,21,157,"Kentucky","Marshall County",2,26,346,171,175
050,21,157,"Kentucky","Marshall County",2,27,359,185,174
050,21,157,"Kentucky","Marshall County",2,28,366,186,180
050,21,157,"Kentucky","Marshall County",2,29,381,194,187
050,21,157,"Kentucky","Marshall County",2,30,368,184,184
050,21,157,"Kentucky","Marshall County",2,31,364,184,180
050,21,157,"Kentucky","Marshall County",2,32,334,178,156
050,21,157,"Kentucky","Marshall County",2,33,319,164,155
050,21,157,"Kentucky","Marshall County",2,34,324,160,164
050,21,157,"Kentucky","Marshall County",2,35,337,162,175
050,21,157,"Kentucky","Marshall County",2,36,347,158,189
050,21,157,"Kentucky","Marshall County",2,37,370,171,199
050,21,157,"Kentucky","Marshall County",2,38,382,193,189
050,21,157,"Kentucky","Marshall County",2,39,371,186,185
050,21,157,"Kentucky","Marshall County",2,40,393,193,200
050,21,157,"Kentucky","Marshall County",2,41,400,200,200
050,21,157,"Kentucky","Marshall County",2,42,373,189,184
050,21,157,"Kentucky","Marshall County",2,43,379,188,191
050,21,157,"Kentucky","Marshall County",2,44,351,178,173
050,21,157,"Kentucky","Marshall County",2,45,363,186,177
050,21,157,"Kentucky","Marshall County",2,46,368,182,186
050,21,157,"Kentucky","Marshall County",2,47,382,192,190
050,21,157,"Kentucky","Marshall County",2,48,422,223,199
050,21,157,"Kentucky","Marshall County",2,49,440,224,216
050,21,157,"Kentucky","Marshall County",2,50,432,214,218
050,21,157,"Kentucky","Marshall County",2,51,414,210,204
050,21,157,"Kentucky","Marshall County",2,52,406,210,196
050,21,157,"Kentucky","Marshall County",2,53,420,219,201
050,21,157,"Kentucky","Marshall County",2,54,437,223,214
050,21,157,"Kentucky","Marshall County",2,55,463,234,229
050,21,157,"Kentucky","Marshall County",2,56,472,231,241
050,21,157,"Kentucky","Marshall County",2,57,480,229,251
050,21,157,"Kentucky","Marshall County",2,58,469,220,249
050,21,157,"Kentucky","Marshall County",2,59,512,243,269
050,21,157,"Kentucky","Marshall County",2,60,500,246,254
050,21,157,"Kentucky","Marshall County",2,61,468,236,232
050,21,157,"Kentucky","Marshall County",2,62,449,220,229
050,21,157,"Kentucky","Marshall County",2,63,476,231,245
050,21,157,"Kentucky","Marshall County",2,64,492,236,256
050,21,157,"Kentucky","Marshall County",2,65,496,243,253
050,21,157,"Kentucky","Marshall County",2,66,450,226,224
050,21,157,"Kentucky","Marshall County",2,67,446,227,219
050,21,157,"Kentucky","Marshall County",2,68,449,220,229
050,21,157,"Kentucky","Marshall County",2,69,410,221,189
050,21,157,"Kentucky","Marshall County",2,70,385,196,189
050,21,157,"Kentucky","Marshall County",2,71,379,190,189
050,21,157,"Kentucky","Marshall County",2,72,383,193,190
050,21,157,"Kentucky","Marshall County",2,73,413,203,210
050,21,157,"Kentucky","Marshall County",2,74,297,139,158
050,21,157,"Kentucky","Marshall County",2,75,304,140,164
050,21,157,"Kentucky","Marshall County",2,76,293,138,155
050,21,157,"Kentucky","Marshall County",2,77,274,128,146
050,21,157,"Kentucky","Marshall County",2,78,239,109,130
050,21,157,"Kentucky","Marshall County",2,79,219,98,121
050,21,157,"Kentucky","Marshall County",2,80,207,96,111
050,21,157,"Kentucky","Marshall County",2,81,192,87,105
050,21,157,"Kentucky","Marshall County",2,82,182,80,102
050,21,157,"Kentucky","Marshall County",2,83,147,55,92
050,21,157,"Kentucky","Marshall County",2,84,133,47,86
050,21,157,"Kentucky","Marshall County",2,85,659,248,411
050,21,157,"Kentucky","Marshall County",3,0,304,157,147
050,21,157,"Kentucky","Marshall County",3,1,299,160,139
050,21,157,"Kentucky","Marshall County",3,2,290,153,137
050,21,157,"Kentucky","Marshall County",3,3,316,168,148
050,21,157,"Kentucky","Marshall County",3,4,339,173,166
050,21,157,"Kentucky","Marshall County",3,5,350,187,163
050,21,157,"Kentucky","Marshall County",3,6,371,199,172
050,21,157,"Kentucky","Marshall County",3,7,367,196,171
050,21,157,"Kentucky","Marshall County",3,8,366,196,170
050,21,157,"Kentucky","Marshall County",3,9,362,193,169
050,21,157,"Kentucky","Marshall County",3,10,358,189,169
050,21,157,"Kentucky","Marshall County",3,11,380,186,194
050,21,157,"Kentucky","Marshall County",3,12,391,207,184
050,21,157,"Kentucky","Marshall County",3,13,388,203,185
050,21,157,"Kentucky","Marshall County",3,14,372,197,175
050,21,157,"Kentucky","Marshall County",3,15,393,206,187
050,21,157,"Kentucky","Marshall County",3,16,416,218,198
050,21,157,"Kentucky","Marshall County",3,17,407,205,202
050,21,157,"Kentucky","Marshall County",3,18,351,184,167
050,21,157,"Kentucky","Marshall County",3,19,271,141,130
050,21,157,"Kentucky","Marshall County",3,20,294,160,134
050,21,157,"Kentucky","Marshall County",3,21,320,168,152
050,21,157,"Kentucky","Marshall County",3,22,305,153,152
050,21,157,"Kentucky","Marshall County",3,23,330,174,156
050,21,157,"Kentucky","Marshall County",3,24,341,169,172
050,21,157,"Kentucky","Marshall County",3,25,315,158,157
050,21,157,"Kentucky","Marshall County",3,26,342,166,176
050,21,157,"Kentucky","Marshall County",3,27,341,184,157
050,21,157,"Kentucky","Marshall County",3,28,367,182,185
050,21,157,"Kentucky","Marshall County",3,29,385,195,190
050,21,157,"Kentucky","Marshall County",3,30,377,187,190
050,21,157,"Kentucky","Marshall County",3,31,359,188,171
050,21,157,"Kentucky","Marshall County",3,32,364,175,189
050,21,157,"Kentucky","Marshall County",3,33,340,186,154
050,21,157,"Kentucky","Marshall County",3,34,320,159,161
050,21,157,"Kentucky","Marshall County",3,35,322,165,157
050,21,157,"Kentucky","Marshall County",3,36,341,162,179
050,21,157,"Kentucky","Marshall County",3,37,350,154,196
050,21,157,"Kentucky","Marshall County",3,38,377,179,198
050,21,157,"Kentucky","Marshall County",3,39,378,188,190
050,21,157,"Kentucky","Marshall County",3,40,379,191,188
050,21,157,"Kentucky","Marshall County",3,41,410,201,209
050,21,157,"Kentucky","Marshall County",3,42,396,198,198
050,21,157,"Kentucky","Marshall County",3,43,379,187,192
050,21,157,"Kentucky","Marshall County",3,44,390,195,195
050,21,157,"Kentucky","Marshall County",3,45,361,186,175
050,21,157,"Kentucky","Marshall County",3,46,367,187,180
050,21,157,"Kentucky","Marshall County",3,47,365,177,188
050,21,157,"Kentucky","Marshall County",3,48,390,195,195
050,21,157,"Kentucky","Marshall County",3,49,430,230,200
050,21,157,"Kentucky","Marshall County",3,50,451,225,226
050,21,157,"Kentucky","Marshall County",3,51,435,214,221
050,21,157,"Kentucky","Marshall County",3,52,435,224,211
050,21,157,"Kentucky","Marshall County",3,53,403,206,197
050,21,157,"Kentucky","Marshall County",3,54,431,228,203
050,21,157,"Kentucky","Marshall County",3,55,444,223,221
050,21,157,"Kentucky","Marshall County",3,56,470,235,235
050,21,157,"Kentucky","Marshall County",3,57,481,236,245
050,21,157,"Kentucky","Marshall County",3,58,484,229,255
050,21,157,"Kentucky","Marshall County",3,59,482,229,253
050,21,157,"Kentucky","Marshall County",3,60,504,246,258
050,21,157,"Kentucky","Marshall County",3,61,513,253,260
050,21,157,"Kentucky","Marshall County",3,62,470,239,231
050,21,157,"Kentucky","Marshall County",3,63,449,212,237
050,21,157,"Kentucky","Marshall County",3,64,496,239,257
050,21,157,"Kentucky","Marshall County",3,65,497,237,260
050,21,157,"Kentucky","Marshall County",3,66,490,236,254
050,21,157,"Kentucky","Marshall County",3,67,442,222,220
050,21,157,"Kentucky","Marshall County",3,68,456,227,229
050,21,157,"Kentucky","Marshall County",3,69,439,216,223
050,21,157,"Kentucky","Marshall County",3,70,400,211,189
050,21,157,"Kentucky","Marshall County",3,71,372,189,183
050,21,157,"Kentucky","Marshall County",3,72,366,183,183
050,21,157,"Kentucky","Marshall County",3,73,373,188,185
050,21,157,"Kentucky","Marshall County",3,74,398,193,205
050,21,157,"Kentucky","Marshall County",3,75,283,129,154
050,21,157,"Kentucky","Marshall County",3,76,282,129,153
050,21,157,"Kentucky","Marshall County",3,77,271,128,143
050,21,157,"Kentucky","Marshall County",3,78,266,119,147
050,21,157,"Kentucky","Marshall County",3,79,215,102,113
050,21,157,"Kentucky","Marshall County",3,80,196,91,105
050,21,157,"Kentucky","Marshall County",3,81,193,87,106
050,21,157,"Kentucky","Marshall County",3,82,177,82,95
050,21,157,"Kentucky","Marshall County",3,83,163,71,92
050,21,157,"Kentucky","Marshall County",3,84,129,50,79
050,21,157,"Kentucky","Marshall County",3,85,647,237,410
050,21,157,"Kentucky","Marshall County",4,0,299,145,154
050,21,157,"Kentucky","Marshall County",4,1,308,165,143
050,21,157,"Kentucky","Marshall County",4,2,286,150,136
050,21,157,"Kentucky","Marshall County",4,3,290,154,136
050,21,157,"Kentucky","Marshall County",4,4,327,175,152
050,21,157,"Kentucky","Marshall County",4,5,337,175,162
050,21,157,"Kentucky","Marshall County",4,6,350,183,167
050,21,157,"Kentucky","Marshall County",4,7,368,190,178
050,21,157,"Kentucky","Marshall County",4,8,380,197,183
050,21,157,"Kentucky","Marshall County",4,9,362,199,163
050,21,157,"Kentucky","Marshall County",4,10,362,188,174
050,21,157,"Kentucky","Marshall County",4,11,357,195,162
050,21,157,"Kentucky","Marshall County",4,12,386,198,188
050,21,157,"Kentucky","Marshall County",4,13,392,203,189
050,21,157,"Kentucky","Marshall County",4,14,409,215,194
050,21,157,"Kentucky","Marshall County",4,15,371,189,182
050,21,157,"Kentucky","Marshall County",4,16,388,202,186
050,21,157,"Kentucky","Marshall County",4,17,421,221,200
050,21,157,"Kentucky","Marshall County",4,18,336,175,161
050,21,157,"Kentucky","Marshall County",4,19,262,135,127
050,21,157,"Kentucky","Marshall County",4,20,275,143,132
050,21,157,"Kentucky","Marshall County",4,21,319,175,144
050,21,157,"Kentucky","Marshall County",4,22,318,166,152
050,21,157,"Kentucky","Marshall County",4,23,328,169,159
050,21,157,"Kentucky","Marshall County",4,24,322,167,155
050,21,157,"Kentucky","Marshall County",4,25,335,172,163
050,21,157,"Kentucky","Marshall County",4,26,316,149,167
050,21,157,"Kentucky","Marshall County",4,27,347,173,174
050,21,157,"Kentucky","Marshall County",4,28,347,175,172
050,21,157,"Kentucky","Marshall County",4,29,365,187,178
050,21,157,"Kentucky","Marshall County",4,30,382,186,196
050,21,157,"Kentucky","Marshall County",4,31,367,179,188
050,21,157,"Kentucky","Marshall County",4,32,356,185,171
050,21,157,"Kentucky","Marshall County",4,33,370,185,185
050,21,157,"Kentucky","Marshall County",4,34,350,192,158
050,21,157,"Kentucky","Marshall County",4,35,330,158,172
050,21,157,"Kentucky","Marshall County",4,36,333,165,168
050,21,157,"Kentucky","Marshall County",4,37,351,167,184
050,21,157,"Kentucky","Marshall County",4,38,364,162,202
050,21,157,"Kentucky","Marshall County",4,39,389,182,207
050,21,157,"Kentucky","Marshall County",4,40,386,193,193
050,21,157,"Kentucky","Marshall County",4,41,387,191,196
050,21,157,"Kentucky","Marshall County",4,42,405,198,207
050,21,157,"Kentucky","Marshall County",4,43,405,209,196
050,21,157,"Kentucky","Marshall County",4,44,380,193,187
050,21,157,"Kentucky","Marshall County",4,45,397,198,199
050,21,157,"Kentucky","Marshall County",4,46,355,185,170
050,21,157,"Kentucky","Marshall County",4,47,360,190,170
050,21,157,"Kentucky","Marshall County",4,48,378,182,196
050,21,157,"Kentucky","Marshall County",4,49,393,197,196
050,21,157,"Kentucky","Marshall County",4,50,427,224,203
050,21,157,"Kentucky","Marshall County",4,51,444,219,225
050,21,157,"Kentucky","Marshall County",4,52,444,216,228
050,21,157,"Kentucky","Marshall County",4,53,410,208,202
050,21,157,"Kentucky","Marshall County",4,54,411,211,200
050,21,157,"Kentucky","Marshall County",4,55,431,220,211
050,21,157,"Kentucky","Marshall County",4,56,440,225,215
050,21,157,"Kentucky","Marshall County",4,57,472,236,236
050,21,157,"Kentucky","Marshall County",4,58,485,238,247
050,21,157,"Kentucky","Marshall County",4,59,497,238,259
050,21,157,"Kentucky","Marshall County",4,60,480,241,239
050,21,157,"Kentucky","Marshall County",4,61,496,239,257
050,21,157,"Kentucky","Marshall County",4,62,500,243,257
050,21,157,"Kentucky","Marshall County",4,63,469,239,230
050,21,157,"Kentucky","Marshall County",4,64,459,219,240
050,21,157,"Kentucky","Marshall County",4,65,498,238,260
050,21,157,"Kentucky","Marshall County",4,66,494,236,258
050,21,157,"Kentucky","Marshall County",4,67,499,238,261
050,21,157,"Kentucky","Marshall County",4,68,445,220,225
050,21,157,"Kentucky","Marshall County",4,69,449,225,224
050,21,157,"Kentucky","Marshall County",4,70,441,211,230
050,21,157,"Kentucky","Marshall County",4,71,384,200,184
050,21,157,"Kentucky","Marshall County",4,72,358,187,171
050,21,157,"Kentucky","Marshall County",4,73,355,181,174
050,21,157,"Kentucky","Marshall County",4,74,360,180,180
050,21,157,"Kentucky","Marshall County",4,75,372,175,197
050,21,157,"Kentucky","Marshall County",4,76,272,121,151
050,21,157,"Kentucky","Marshall County",4,77,268,125,143
050,21,157,"Kentucky","Marshall County",4,78,263,119,144
050,21,157,"Kentucky","Marshall County",4,79,243,113,130
050,21,157,"Kentucky","Marshall County",4,80,195,89,106
050,21,157,"Kentucky","Marshall County",4,81,185,87,98
050,21,157,"Kentucky","Marshall County",4,82,186,86,100
050,21,157,"Kentucky","Marshall County",4,83,159,71,88
050,21,157,"Kentucky","Marshall County",4,84,145,65,80
050,21,157,"Kentucky","Marshall County",4,85,653,238,415
050,21,157,"Kentucky","Marshall County",5,0,299,146,153
050,21,157,"Kentucky","Marshall County",5,1,311,148,163
050,21,157,"Kentucky","Marshall County",5,2,308,153,155
050,21,157,"Kentucky","Marshall County",5,3,287,159,128
050,21,157,"Kentucky","Marshall County",5,4,291,161,130
050,21,157,"Kentucky","Marshall County",5,5,326,176,150
050,21,157,"Kentucky","Marshall County",5,6,343,177,166
050,21,157,"Kentucky","Marshall County",5,7,350,184,166
050,21,157,"Kentucky","Marshall County",5,8,384,198,186
050,21,157,"Kentucky","Marshall County",5,9,377,197,180
050,21,157,"Kentucky","Marshall County",5,10,367,200,167
050,21,157,"Kentucky","Marshall County",5,11,362,183,179
050,21,157,"Kentucky","Marshall County",5,12,359,198,161
050,21,157,"Kentucky","Marshall County",5,13,381,196,185
050,21,157,"Kentucky","Marshall County",5,14,378,197,181
050,21,157,"Kentucky","Marshall County",5,15,400,207,193
050,21,157,"Kentucky","Marshall County",5,16,372,193,179
050,21,157,"Kentucky","Marshall County",5,17,390,203,187
050,21,157,"Kentucky","Marshall County",5,18,357,197,160
050,21,157,"Kentucky","Marshall County",5,19,270,138,132
050,21,157,"Kentucky","Marshall County",5,20,301,150,151
050,21,157,"Kentucky","Marshall County",5,21,281,148,133
050,21,157,"Kentucky","Marshall County",5,22,335,176,159
050,21,157,"Kentucky","Marshall County",5,23,366,195,171
050,21,157,"Kentucky","Marshall County",5,24,328,175,153
050,21,157,"Kentucky","Marshall County",5,25,315,170,145
050,21,157,"Kentucky","Marshall County",5,26,346,177,169
050,21,157,"Kentucky","Marshall County",5,27,327,156,171
050,21,157,"Kentucky","Marshall County",5,28,362,179,183
050,21,157,"Kentucky","Marshall County",5,29,352,176,176
050,21,157,"Kentucky","Marshall County",5,30,360,188,172
050,21,157,"Kentucky","Marshall County",5,31,393,187,206
050,21,157,"Kentucky","Marshall County",5,32,366,175,191
050,21,157,"Kentucky","Marshall County",5,33,359,184,175
050,21,157,"Kentucky","Marshall County",5,34,366,184,182
050,21,157,"Kentucky","Marshall County",5,35,357,192,165
050,21,157,"Kentucky","Marshall County",5,36,319,157,162
050,21,157,"Kentucky","Marshall County",5,37,334,163,171
050,21,157,"Kentucky","Marshall County",5,38,351,181,170
050,21,157,"Kentucky","Marshall County",5,39,360,149,211
050,21,157,"Kentucky","Marshall County",5,40,370,176,194
050,21,157,"Kentucky","Marshall County",5,41,382,188,194
050,21,157,"Kentucky","Marshall County",5,42,370,181,189
050,21,157,"Kentucky","Marshall County",5,43,425,211,214
050,21,157,"Kentucky","Marshall County",5,44,396,205,191
050,21,157,"Kentucky","Marshall County",5,45,394,207,187
050,21,157,"Kentucky","Marshall County",5,46,390,192,198
050,21,157,"Kentucky","Marshall County",5,47,342,176,166
050,21,157,"Kentucky","Marshall County",5,48,358,185,173
050,21,157,"Kentucky","Marshall County",5,49,370,179,191
050,21,157,"Kentucky","Marshall County",5,50,395,199,196
050,21,157,"Kentucky","Marshall County",5,51,421,221,200
050,21,157,"Kentucky","Marshall County",5,52,455,227,228
050,21,157,"Kentucky","Marshall County",5,53,439,213,226
050,21,157,"Kentucky","Marshall County",5,54,423,213,210
050,21,157,"Kentucky","Marshall County",5,55,416,211,205
050,21,157,"Kentucky","Marshall County",5,56,433,222,211
050,21,157,"Kentucky","Marshall County",5,57,441,222,219
050,21,157,"Kentucky","Marshall County",5,58,467,231,236
050,21,157,"Kentucky","Marshall County",5,59,500,243,257
050,21,157,"Kentucky","Marshall County",5,60,499,239,260
050,21,157,"Kentucky","Marshall County",5,61,476,238,238
050,21,157,"Kentucky","Marshall County",5,62,484,233,251
050,21,157,"Kentucky","Marshall County",5,63,491,237,254
050,21,157,"Kentucky","Marshall County",5,64,466,240,226
050,21,157,"Kentucky","Marshall County",5,65,452,220,232
050,21,157,"Kentucky","Marshall County",5,66,496,236,260
050,21,157,"Kentucky","Marshall County",5,67,498,240,258
050,21,157,"Kentucky","Marshall County",5,68,491,235,256
050,21,157,"Kentucky","Marshall County",5,69,432,213,219
050,21,157,"Kentucky","Marshall County",5,70,439,218,221
050,21,157,"Kentucky","Marshall County",5,71,439,209,230
050,21,157,"Kentucky","Marshall County",5,72,368,192,176
050,21,157,"Kentucky","Marshall County",5,73,352,181,171
050,21,157,"Kentucky","Marshall County",5,74,338,174,164
050,21,157,"Kentucky","Marshall County",5,75,339,165,174
050,21,157,"Kentucky","Marshall County",5,76,354,164,190
050,21,157,"Kentucky","Marshall County",5,77,258,113,145
050,21,157,"Kentucky","Marshall County",5,78,263,121,142
050,21,157,"Kentucky","Marshall County",5,79,236,109,127
050,21,157,"Kentucky","Marshall County",5,80,215,95,120
050,21,157,"Kentucky","Marshall County",5,81,184,84,100
050,21,157,"Kentucky","Marshall County",5,82,177,86,91
050,21,157,"Kentucky","Marshall County",5,83,175,80,95
050,21,157,"Kentucky","Marshall County",5,84,146,64,82
050,21,157,"Kentucky","Marshall County",5,85,699,265,434
050,21,159,"Kentucky","Martin County",1,0,104,53,51
050,21,159,"Kentucky","Martin County",1,1,102,55,47
050,21,159,"Kentucky","Martin County",1,2,99,59,40
050,21,159,"Kentucky","Martin County",1,3,119,65,54
050,21,159,"Kentucky","Martin County",1,4,104,54,50
050,21,159,"Kentucky","Martin County",1,5,108,55,53
050,21,159,"Kentucky","Martin County",1,6,104,59,45
050,21,159,"Kentucky","Martin County",1,7,120,59,61
050,21,159,"Kentucky","Martin County",1,8,127,63,64
050,21,159,"Kentucky","Martin County",1,9,125,58,67
050,21,159,"Kentucky","Martin County",1,10,130,74,56
050,21,159,"Kentucky","Martin County",1,11,137,73,64
050,21,159,"Kentucky","Martin County",1,12,146,77,69
050,21,159,"Kentucky","Martin County",1,13,135,69,66
050,21,159,"Kentucky","Martin County",1,14,132,70,62
050,21,159,"Kentucky","Martin County",1,15,131,75,56
050,21,159,"Kentucky","Martin County",1,16,143,76,67
050,21,159,"Kentucky","Martin County",1,17,138,79,59
050,21,159,"Kentucky","Martin County",1,18,114,69,45
050,21,159,"Kentucky","Martin County",1,19,92,48,44
050,21,159,"Kentucky","Martin County",1,20,103,50,53
050,21,159,"Kentucky","Martin County",1,21,107,53,54
050,21,159,"Kentucky","Martin County",1,22,119,70,49
050,21,159,"Kentucky","Martin County",1,23,132,84,48
050,21,159,"Kentucky","Martin County",1,24,157,113,44
050,21,159,"Kentucky","Martin County",1,25,164,123,41
050,21,159,"Kentucky","Martin County",1,26,156,108,48
050,21,159,"Kentucky","Martin County",1,27,168,124,44
050,21,159,"Kentucky","Martin County",1,28,173,120,53
050,21,159,"Kentucky","Martin County",1,29,199,133,66
050,21,159,"Kentucky","Martin County",1,30,209,149,60
050,21,159,"Kentucky","Martin County",1,31,182,127,55
050,21,159,"Kentucky","Martin County",1,32,164,111,53
050,21,159,"Kentucky","Martin County",1,33,185,139,46
050,21,159,"Kentucky","Martin County",1,34,176,118,58
050,21,159,"Kentucky","Martin County",1,35,180,126,54
050,21,159,"Kentucky","Martin County",1,36,172,110,62
050,21,159,"Kentucky","Martin County",1,37,162,101,61
050,21,159,"Kentucky","Martin County",1,38,166,112,54
050,21,159,"Kentucky","Martin County",1,39,167,108,59
050,21,159,"Kentucky","Martin County",1,40,172,105,67
050,21,159,"Kentucky","Martin County",1,41,138,78,60
050,21,159,"Kentucky","Martin County",1,42,128,67,61
050,21,159,"Kentucky","Martin County",1,43,144,76,68
050,21,159,"Kentucky","Martin County",1,44,164,97,67
050,21,159,"Kentucky","Martin County",1,45,131,79,52
050,21,159,"Kentucky","Martin County",1,46,147,83,64
050,21,159,"Kentucky","Martin County",1,47,159,94,65
050,21,159,"Kentucky","Martin County",1,48,146,76,70
050,21,159,"Kentucky","Martin County",1,49,166,90,76
050,21,159,"Kentucky","Martin County",1,50,155,84,71
050,21,159,"Kentucky","Martin County",1,51,139,68,71
050,21,159,"Kentucky","Martin County",1,52,156,77,79
050,21,159,"Kentucky","Martin County",1,53,155,73,82
050,21,159,"Kentucky","Martin County",1,54,130,60,70
050,21,159,"Kentucky","Martin County",1,55,141,78,63
050,21,159,"Kentucky","Martin County",1,56,167,91,76
050,21,159,"Kentucky","Martin County",1,57,142,73,69
050,21,159,"Kentucky","Martin County",1,58,149,66,83
050,21,159,"Kentucky","Martin County",1,59,146,65,81
050,21,159,"Kentucky","Martin County",1,60,140,55,85
050,21,159,"Kentucky","Martin County",1,61,149,66,83
050,21,159,"Kentucky","Martin County",1,62,164,86,78
050,21,159,"Kentucky","Martin County",1,63,145,71,74
050,21,159,"Kentucky","Martin County",1,64,131,64,67
050,21,159,"Kentucky","Martin County",1,65,129,58,71
050,21,159,"Kentucky","Martin County",1,66,143,74,69
050,21,159,"Kentucky","Martin County",1,67,148,79,69
050,21,159,"Kentucky","Martin County",1,68,142,76,66
050,21,159,"Kentucky","Martin County",1,69,132,62,70
050,21,159,"Kentucky","Martin County",1,70,128,60,68
050,21,159,"Kentucky","Martin County",1,71,122,55,67
050,21,159,"Kentucky","Martin County",1,72,121,64,57
050,21,159,"Kentucky","Martin County",1,73,113,60,53
050,21,159,"Kentucky","Martin County",1,74,72,34,38
050,21,159,"Kentucky","Martin County",1,75,65,28,37
050,21,159,"Kentucky","Martin County",1,76,59,25,34
050,21,159,"Kentucky","Martin County",1,77,68,29,39
050,21,159,"Kentucky","Martin County",1,78,58,24,34
050,21,159,"Kentucky","Martin County",1,79,47,20,27
050,21,159,"Kentucky","Martin County",1,80,48,25,23
050,21,159,"Kentucky","Martin County",1,81,36,17,19
050,21,159,"Kentucky","Martin County",1,82,43,19,24
050,21,159,"Kentucky","Martin County",1,83,34,11,23
050,21,159,"Kentucky","Martin County",1,84,39,14,25
050,21,159,"Kentucky","Martin County",1,85,188,59,129
050,21,159,"Kentucky","Martin County",2,0,105,55,50
050,21,159,"Kentucky","Martin County",2,1,103,55,48
050,21,159,"Kentucky","Martin County",2,2,101,58,43
050,21,159,"Kentucky","Martin County",2,3,113,63,50
050,21,159,"Kentucky","Martin County",2,4,107,57,50
050,21,159,"Kentucky","Martin County",2,5,105,54,51
050,21,159,"Kentucky","Martin County",2,6,105,58,47
050,21,159,"Kentucky","Martin County",2,7,116,59,57
050,21,159,"Kentucky","Martin County",2,8,124,61,63
050,21,159,"Kentucky","Martin County",2,9,125,60,65
050,21,159,"Kentucky","Martin County",2,10,127,69,58
050,21,159,"Kentucky","Martin County",2,11,134,72,62
050,21,159,"Kentucky","Martin County",2,12,142,75,67
050,21,159,"Kentucky","Martin County",2,13,136,70,66
050,21,159,"Kentucky","Martin County",2,14,132,70,62
050,21,159,"Kentucky","Martin County",2,15,131,74,57
050,21,159,"Kentucky","Martin County",2,16,141,77,64
050,21,159,"Kentucky","Martin County",2,17,139,78,61
050,21,159,"Kentucky","Martin County",2,18,111,67,44
050,21,159,"Kentucky","Martin County",2,19,91,50,41
050,21,159,"Kentucky","Martin County",2,20,104,52,52
050,21,159,"Kentucky","Martin County",2,21,107,53,54
050,21,159,"Kentucky","Martin County",2,22,120,69,51
050,21,159,"Kentucky","Martin County",2,23,132,83,49
050,21,159,"Kentucky","Martin County",2,24,156,111,45
050,21,159,"Kentucky","Martin County",2,25,166,125,41
050,21,159,"Kentucky","Martin County",2,26,157,110,47
050,21,159,"Kentucky","Martin County",2,27,168,124,44
050,21,159,"Kentucky","Martin County",2,28,169,118,51
050,21,159,"Kentucky","Martin County",2,29,193,131,62
050,21,159,"Kentucky","Martin County",2,30,211,150,61
050,21,159,"Kentucky","Martin County",2,31,186,130,56
050,21,159,"Kentucky","Martin County",2,32,160,107,53
050,21,159,"Kentucky","Martin County",2,33,188,140,48
050,21,159,"Kentucky","Martin County",2,34,171,116,55
050,21,159,"Kentucky","Martin County",2,35,180,124,56
050,21,159,"Kentucky","Martin County",2,36,173,114,59
050,21,159,"Kentucky","Martin County",2,37,161,100,61
050,21,159,"Kentucky","Martin County",2,38,170,113,57
050,21,159,"Kentucky","Martin County",2,39,162,104,58
050,21,159,"Kentucky","Martin County",2,40,168,103,65
050,21,159,"Kentucky","Martin County",2,41,144,83,61
050,21,159,"Kentucky","Martin County",2,42,127,66,61
050,21,159,"Kentucky","Martin County",2,43,140,74,66
050,21,159,"Kentucky","Martin County",2,44,160,95,65
050,21,159,"Kentucky","Martin County",2,45,134,80,54
050,21,159,"Kentucky","Martin County",2,46,145,83,62
050,21,159,"Kentucky","Martin County",2,47,154,90,64
050,21,159,"Kentucky","Martin County",2,48,146,77,69
050,21,159,"Kentucky","Martin County",2,49,163,88,75
050,21,159,"Kentucky","Martin County",2,50,159,86,73
050,21,159,"Kentucky","Martin County",2,51,143,72,71
050,21,159,"Kentucky","Martin County",2,52,148,71,77
050,21,159,"Kentucky","Martin County",2,53,154,73,81
050,21,159,"Kentucky","Martin County",2,54,134,62,72
050,21,159,"Kentucky","Martin County",2,55,137,72,65
050,21,159,"Kentucky","Martin County",2,56,161,88,73
050,21,159,"Kentucky","Martin County",2,57,145,76,69
050,21,159,"Kentucky","Martin County",2,58,148,68,80
050,21,159,"Kentucky","Martin County",2,59,147,65,82
050,21,159,"Kentucky","Martin County",2,60,141,58,83
050,21,159,"Kentucky","Martin County",2,61,148,64,84
050,21,159,"Kentucky","Martin County",2,62,160,80,80
050,21,159,"Kentucky","Martin County",2,63,150,74,76
050,21,159,"Kentucky","Martin County",2,64,132,65,67
050,21,159,"Kentucky","Martin County",2,65,128,58,70
050,21,159,"Kentucky","Martin County",2,66,139,70,69
050,21,159,"Kentucky","Martin County",2,67,145,76,69
050,21,159,"Kentucky","Martin County",2,68,141,76,65
050,21,159,"Kentucky","Martin County",2,69,135,66,69
050,21,159,"Kentucky","Martin County",2,70,129,61,68
050,21,159,"Kentucky","Martin County",2,71,124,56,68
050,21,159,"Kentucky","Martin County",2,72,117,58,59
050,21,159,"Kentucky","Martin County",2,73,121,64,57
050,21,159,"Kentucky","Martin County",2,74,75,36,39
050,21,159,"Kentucky","Martin County",2,75,66,29,37
050,21,159,"Kentucky","Martin County",2,76,59,26,33
050,21,159,"Kentucky","Martin County",2,77,66,29,37
050,21,159,"Kentucky","Martin County",2,78,58,24,34
050,21,159,"Kentucky","Martin County",2,79,50,21,29
050,21,159,"Kentucky","Martin County",2,80,48,24,24
050,21,159,"Kentucky","Martin County",2,81,38,18,20
050,21,159,"Kentucky","Martin County",2,82,42,19,23
050,21,159,"Kentucky","Martin County",2,83,35,12,23
050,21,159,"Kentucky","Martin County",2,84,38,13,25
050,21,159,"Kentucky","Martin County",2,85,189,60,129
050,21,159,"Kentucky","Martin County",3,0,129,61,68
050,21,159,"Kentucky","Martin County",3,1,109,57,52
050,21,159,"Kentucky","Martin County",3,2,105,54,51
050,21,159,"Kentucky","Martin County",3,3,106,61,45
050,21,159,"Kentucky","Martin County",3,4,114,61,53
050,21,159,"Kentucky","Martin County",3,5,112,58,54
050,21,159,"Kentucky","Martin County",3,6,112,53,59
050,21,159,"Kentucky","Martin County",3,7,108,59,49
050,21,159,"Kentucky","Martin County",3,8,120,64,56
050,21,159,"Kentucky","Martin County",3,9,125,59,66
050,21,159,"Kentucky","Martin County",3,10,117,57,60
050,21,159,"Kentucky","Martin County",3,11,130,67,63
050,21,159,"Kentucky","Martin County",3,12,133,70,63
050,21,159,"Kentucky","Martin County",3,13,138,71,67
050,21,159,"Kentucky","Martin County",3,14,138,72,66
050,21,159,"Kentucky","Martin County",3,15,130,68,62
050,21,159,"Kentucky","Martin County",3,16,126,76,50
050,21,159,"Kentucky","Martin County",3,17,142,77,65
050,21,159,"Kentucky","Martin County",3,18,117,68,49
050,21,159,"Kentucky","Martin County",3,19,86,50,36
050,21,159,"Kentucky","Martin County",3,20,110,58,52
050,21,159,"Kentucky","Martin County",3,21,106,54,52
050,21,159,"Kentucky","Martin County",3,22,116,56,60
050,21,159,"Kentucky","Martin County",3,23,128,77,51
050,21,159,"Kentucky","Martin County",3,24,148,98,50
050,21,159,"Kentucky","Martin County",3,25,171,123,48
050,21,159,"Kentucky","Martin County",3,26,158,121,37
050,21,159,"Kentucky","Martin County",3,27,171,124,47
050,21,159,"Kentucky","Martin County",3,28,167,120,47
050,21,159,"Kentucky","Martin County",3,29,180,129,51
050,21,159,"Kentucky","Martin County",3,30,211,153,58
050,21,159,"Kentucky","Martin County",3,31,202,139,63
050,21,159,"Kentucky","Martin County",3,32,154,104,50
050,21,159,"Kentucky","Martin County",3,33,190,141,49
050,21,159,"Kentucky","Martin County",3,34,154,110,44
050,21,159,"Kentucky","Martin County",3,35,174,116,58
050,21,159,"Kentucky","Martin County",3,36,175,120,55
050,21,159,"Kentucky","Martin County",3,37,153,95,58
050,21,159,"Kentucky","Martin County",3,38,168,111,57
050,21,159,"Kentucky","Martin County",3,39,151,95,56
050,21,159,"Kentucky","Martin County",3,40,154,98,56
050,21,159,"Kentucky","Martin County",3,41,159,93,66
050,21,159,"Kentucky","Martin County",3,42,128,70,58
050,21,159,"Kentucky","Martin County",3,43,118,58,60
050,21,159,"Kentucky","Martin County",3,44,154,87,67
050,21,159,"Kentucky","Martin County",3,45,154,85,69
050,21,159,"Kentucky","Martin County",3,46,138,83,55
050,21,159,"Kentucky","Martin County",3,47,142,84,58
050,21,159,"Kentucky","Martin County",3,48,145,80,65
050,21,159,"Kentucky","Martin County",3,49,147,80,67
050,21,159,"Kentucky","Martin County",3,50,166,90,76
050,21,159,"Kentucky","Martin County",3,51,157,83,74
050,21,159,"Kentucky","Martin County",3,52,133,65,68
050,21,159,"Kentucky","Martin County",3,53,148,70,78
050,21,159,"Kentucky","Martin County",3,54,149,67,82
050,21,159,"Kentucky","Martin County",3,55,127,57,70
050,21,159,"Kentucky","Martin County",3,56,140,77,63
050,21,159,"Kentucky","Martin County",3,57,155,83,72
050,21,159,"Kentucky","Martin County",3,58,145,75,70
050,21,159,"Kentucky","Martin County",3,59,140,61,79
050,21,159,"Kentucky","Martin County",3,60,145,67,78
050,21,159,"Kentucky","Martin County",3,61,140,57,83
050,21,159,"Kentucky","Martin County",3,62,143,60,83
050,21,159,"Kentucky","Martin County",3,63,160,77,83
050,21,159,"Kentucky","Martin County",3,64,149,75,74
050,21,159,"Kentucky","Martin County",3,65,129,67,62
050,21,159,"Kentucky","Martin County",3,66,118,54,64
050,21,159,"Kentucky","Martin County",3,67,131,64,67
050,21,159,"Kentucky","Martin County",3,68,140,76,64
050,21,159,"Kentucky","Martin County",3,69,137,73,64
050,21,159,"Kentucky","Martin County",3,70,132,61,71
050,21,159,"Kentucky","Martin County",3,71,124,58,66
050,21,159,"Kentucky","Martin County",3,72,116,52,64
050,21,159,"Kentucky","Martin County",3,73,116,58,58
050,21,159,"Kentucky","Martin County",3,74,114,62,52
050,21,159,"Kentucky","Martin County",3,75,71,33,38
050,21,159,"Kentucky","Martin County",3,76,65,29,36
050,21,159,"Kentucky","Martin County",3,77,53,23,30
050,21,159,"Kentucky","Martin County",3,78,64,27,37
050,21,159,"Kentucky","Martin County",3,79,57,25,32
050,21,159,"Kentucky","Martin County",3,80,47,19,28
050,21,159,"Kentucky","Martin County",3,81,41,21,20
050,21,159,"Kentucky","Martin County",3,82,34,17,17
050,21,159,"Kentucky","Martin County",3,83,33,16,17
050,21,159,"Kentucky","Martin County",3,84,31,10,21
050,21,159,"Kentucky","Martin County",3,85,192,64,128
050,21,159,"Kentucky","Martin County",4,0,104,47,57
050,21,159,"Kentucky","Martin County",4,1,138,63,75
050,21,159,"Kentucky","Martin County",4,2,103,50,53
050,21,159,"Kentucky","Martin County",4,3,102,53,49
050,21,159,"Kentucky","Martin County",4,4,102,58,44
050,21,159,"Kentucky","Martin County",4,5,109,62,47
050,21,159,"Kentucky","Martin County",4,6,119,61,58
050,21,159,"Kentucky","Martin County",4,7,114,55,59
050,21,159,"Kentucky","Martin County",4,8,103,57,46
050,21,159,"Kentucky","Martin County",4,9,123,64,59
050,21,159,"Kentucky","Martin County",4,10,124,56,68
050,21,159,"Kentucky","Martin County",4,11,120,59,61
050,21,159,"Kentucky","Martin County",4,12,127,72,55
050,21,159,"Kentucky","Martin County",4,13,135,73,62
050,21,159,"Kentucky","Martin County",4,14,136,66,70
050,21,159,"Kentucky","Martin County",4,15,139,71,68
050,21,159,"Kentucky","Martin County",4,16,120,64,56
050,21,159,"Kentucky","Martin County",4,17,117,68,49
050,21,159,"Kentucky","Martin County",4,18,117,67,50
050,21,159,"Kentucky","Martin County",4,19,86,52,34
050,21,159,"Kentucky","Martin County",4,20,95,60,35
050,21,159,"Kentucky","Martin County",4,21,116,64,52
050,21,159,"Kentucky","Martin County",4,22,110,55,55
050,21,159,"Kentucky","Martin County",4,23,131,69,62
050,21,159,"Kentucky","Martin County",4,24,147,98,49
050,21,159,"Kentucky","Martin County",4,25,161,112,49
050,21,159,"Kentucky","Martin County",4,26,165,120,45
050,21,159,"Kentucky","Martin County",4,27,186,145,41
050,21,159,"Kentucky","Martin County",4,28,169,122,47
050,21,159,"Kentucky","Martin County",4,29,181,138,43
050,21,159,"Kentucky","Martin County",4,30,204,155,49
050,21,159,"Kentucky","Martin County",4,31,207,151,56
050,21,159,"Kentucky","Martin County",4,32,186,122,64
050,21,159,"Kentucky","Martin County",4,33,205,150,55
050,21,159,"Kentucky","Martin County",4,34,164,116,48
050,21,159,"Kentucky","Martin County",4,35,160,114,46
050,21,159,"Kentucky","Martin County",4,36,180,122,58
050,21,159,"Kentucky","Martin County",4,37,157,107,50
050,21,159,"Kentucky","Martin County",4,38,172,116,56
050,21,159,"Kentucky","Martin County",4,39,149,94,55
050,21,159,"Kentucky","Martin County",4,40,145,93,52
050,21,159,"Kentucky","Martin County",4,41,138,87,51
050,21,159,"Kentucky","Martin County",4,42,148,83,65
050,21,159,"Kentucky","Martin County",4,43,131,72,59
050,21,159,"Kentucky","Martin County",4,44,132,76,56
050,21,159,"Kentucky","Martin County",4,45,144,79,65
050,21,159,"Kentucky","Martin County",4,46,158,91,67
050,21,159,"Kentucky","Martin County",4,47,138,83,55
050,21,159,"Kentucky","Martin County",4,48,137,76,61
050,21,159,"Kentucky","Martin County",4,49,148,85,63
050,21,159,"Kentucky","Martin County",4,50,152,83,69
050,21,159,"Kentucky","Martin County",4,51,165,89,76
050,21,159,"Kentucky","Martin County",4,52,148,78,70
050,21,159,"Kentucky","Martin County",4,53,129,64,65
050,21,159,"Kentucky","Martin County",4,54,141,65,76
050,21,159,"Kentucky","Martin County",4,55,142,63,79
050,21,159,"Kentucky","Martin County",4,56,125,60,65
050,21,159,"Kentucky","Martin County",4,57,137,73,64
050,21,159,"Kentucky","Martin County",4,58,151,84,67
050,21,159,"Kentucky","Martin County",4,59,140,70,70
050,21,159,"Kentucky","Martin County",4,60,130,58,72
050,21,159,"Kentucky","Martin County",4,61,143,67,76
050,21,159,"Kentucky","Martin County",4,62,135,55,80
050,21,159,"Kentucky","Martin County",4,63,142,57,85
050,21,159,"Kentucky","Martin County",4,64,157,76,81
050,21,159,"Kentucky","Martin County",4,65,143,73,70
050,21,159,"Kentucky","Martin County",4,66,122,64,58
050,21,159,"Kentucky","Martin County",4,67,117,52,65
050,21,159,"Kentucky","Martin County",4,68,128,60,68
050,21,159,"Kentucky","Martin County",4,69,133,71,62
050,21,159,"Kentucky","Martin County",4,70,128,70,58
050,21,159,"Kentucky","Martin County",4,71,132,59,73
050,21,159,"Kentucky","Martin County",4,72,115,52,63
050,21,159,"Kentucky","Martin County",4,73,113,53,60
050,21,159,"Kentucky","Martin County",4,74,106,52,54
050,21,159,"Kentucky","Martin County",4,75,113,62,51
050,21,159,"Kentucky","Martin County",4,76,65,29,36
050,21,159,"Kentucky","Martin County",4,77,58,27,31
050,21,159,"Kentucky","Martin County",4,78,49,23,26
050,21,159,"Kentucky","Martin County",4,79,62,27,35
050,21,159,"Kentucky","Martin County",4,80,53,23,30
050,21,159,"Kentucky","Martin County",4,81,42,15,27
050,21,159,"Kentucky","Martin County",4,82,37,18,19
050,21,159,"Kentucky","Martin County",4,83,28,16,12
050,21,159,"Kentucky","Martin County",4,84,28,13,15
050,21,159,"Kentucky","Martin County",4,85,185,63,122
050,21,159,"Kentucky","Martin County",5,0,100,43,57
050,21,159,"Kentucky","Martin County",5,1,101,45,56
050,21,159,"Kentucky","Martin County",5,2,135,60,75
050,21,159,"Kentucky","Martin County",5,3,103,50,53
050,21,159,"Kentucky","Martin County",5,4,104,54,50
050,21,159,"Kentucky","Martin County",5,5,105,62,43
050,21,159,"Kentucky","Martin County",5,6,111,61,50
050,21,159,"Kentucky","Martin County",5,7,125,63,62
050,21,159,"Kentucky","Martin County",5,8,113,55,58
050,21,159,"Kentucky","Martin County",5,9,103,56,47
050,21,159,"Kentucky","Martin County",5,10,116,60,56
050,21,159,"Kentucky","Martin County",5,11,114,45,69
050,21,159,"Kentucky","Martin County",5,12,118,53,65
050,21,159,"Kentucky","Martin County",5,13,119,63,56
050,21,159,"Kentucky","Martin County",5,14,128,69,59
050,21,159,"Kentucky","Martin County",5,15,140,70,70
050,21,159,"Kentucky","Martin County",5,16,139,73,66
050,21,159,"Kentucky","Martin County",5,17,126,64,62
050,21,159,"Kentucky","Martin County",5,18,104,66,38
050,21,159,"Kentucky","Martin County",5,19,89,49,40
050,21,159,"Kentucky","Martin County",5,20,93,60,33
050,21,159,"Kentucky","Martin County",5,21,107,70,37
050,21,159,"Kentucky","Martin County",5,22,134,74,60
050,21,159,"Kentucky","Martin County",5,23,121,68,53
050,21,159,"Kentucky","Martin County",5,24,164,99,65
050,21,159,"Kentucky","Martin County",5,25,164,116,48
050,21,159,"Kentucky","Martin County",5,26,146,99,47
050,21,159,"Kentucky","Martin County",5,27,180,140,40
050,21,159,"Kentucky","Martin County",5,28,189,150,39
050,21,159,"Kentucky","Martin County",5,29,178,129,49
050,21,159,"Kentucky","Martin County",5,30,191,153,38
050,21,159,"Kentucky","Martin County",5,31,190,139,51
050,21,159,"Kentucky","Martin County",5,32,180,126,54
050,21,159,"Kentucky","Martin County",5,33,215,159,56
050,21,159,"Kentucky","Martin County",5,34,180,121,59
050,21,159,"Kentucky","Martin County",5,35,164,115,49
050,21,159,"Kentucky","Martin County",5,36,158,112,46
050,21,159,"Kentucky","Martin County",5,37,158,103,55
050,21,159,"Kentucky","Martin County",5,38,167,118,49
050,21,159,"Kentucky","Martin County",5,39,151,96,55
050,21,159,"Kentucky","Martin County",5,40,139,87,52
050,21,159,"Kentucky","Martin County",5,41,134,83,51
050,21,159,"Kentucky","Martin County",5,42,120,72,48
050,21,159,"Kentucky","Martin County",5,43,147,82,65
050,21,159,"Kentucky","Martin County",5,44,147,88,59
050,21,159,"Kentucky","Martin County",5,45,119,64,55
050,21,159,"Kentucky","Martin County",5,46,145,83,62
050,21,159,"Kentucky","Martin County",5,47,155,92,63
050,21,159,"Kentucky","Martin County",5,48,127,70,57
050,21,159,"Kentucky","Martin County",5,49,136,78,58
050,21,159,"Kentucky","Martin County",5,50,148,87,61
050,21,159,"Kentucky","Martin County",5,51,146,77,69
050,21,159,"Kentucky","Martin County",5,52,153,78,75
050,21,159,"Kentucky","Martin County",5,53,138,71,67
050,21,159,"Kentucky","Martin County",5,54,121,57,64
050,21,159,"Kentucky","Martin County",5,55,135,63,72
050,21,159,"Kentucky","Martin County",5,56,143,64,79
050,21,159,"Kentucky","Martin County",5,57,118,52,66
050,21,159,"Kentucky","Martin County",5,58,142,77,65
050,21,159,"Kentucky","Martin County",5,59,153,81,72
050,21,159,"Kentucky","Martin County",5,60,138,71,67
050,21,159,"Kentucky","Martin County",5,61,127,58,69
050,21,159,"Kentucky","Martin County",5,62,135,64,71
050,21,159,"Kentucky","Martin County",5,63,131,56,75
050,21,159,"Kentucky","Martin County",5,64,135,56,79
050,21,159,"Kentucky","Martin County",5,65,151,74,77
050,21,159,"Kentucky","Martin County",5,66,135,70,65
050,21,159,"Kentucky","Martin County",5,67,120,61,59
050,21,159,"Kentucky","Martin County",5,68,109,49,60
050,21,159,"Kentucky","Martin County",5,69,115,53,62
050,21,159,"Kentucky","Martin County",5,70,126,69,57
050,21,159,"Kentucky","Martin County",5,71,127,68,59
050,21,159,"Kentucky","Martin County",5,72,122,54,68
050,21,159,"Kentucky","Martin County",5,73,113,52,61
050,21,159,"Kentucky","Martin County",5,74,105,48,57
050,21,159,"Kentucky","Martin County",5,75,103,51,52
050,21,159,"Kentucky","Martin County",5,76,105,54,51
050,21,159,"Kentucky","Martin County",5,77,60,27,33
050,21,159,"Kentucky","Martin County",5,78,55,26,29
050,21,159,"Kentucky","Martin County",5,79,46,23,23
050,21,159,"Kentucky","Martin County",5,80,59,26,33
050,21,159,"Kentucky","Martin County",5,81,47,18,29
050,21,159,"Kentucky","Martin County",5,82,37,13,24
050,21,159,"Kentucky","Martin County",5,83,30,16,14
050,21,159,"Kentucky","Martin County",5,84,25,13,12
050,21,159,"Kentucky","Martin County",5,85,183,67,116
050,21,161,"Kentucky","Mason County",1,0,206,106,100
050,21,161,"Kentucky","Mason County",1,1,214,108,106
050,21,161,"Kentucky","Mason County",1,2,208,111,97
050,21,161,"Kentucky","Mason County",1,3,205,100,105
050,21,161,"Kentucky","Mason County",1,4,216,110,106
050,21,161,"Kentucky","Mason County",1,5,208,103,105
050,21,161,"Kentucky","Mason County",1,6,229,123,106
050,21,161,"Kentucky","Mason County",1,7,234,119,115
050,21,161,"Kentucky","Mason County",1,8,209,94,115
050,21,161,"Kentucky","Mason County",1,9,229,113,116
050,21,161,"Kentucky","Mason County",1,10,223,124,99
050,21,161,"Kentucky","Mason County",1,11,235,123,112
050,21,161,"Kentucky","Mason County",1,12,244,125,119
050,21,161,"Kentucky","Mason County",1,13,269,145,124
050,21,161,"Kentucky","Mason County",1,14,241,137,104
050,21,161,"Kentucky","Mason County",1,15,232,126,106
050,21,161,"Kentucky","Mason County",1,16,226,115,111
050,21,161,"Kentucky","Mason County",1,17,209,110,99
050,21,161,"Kentucky","Mason County",1,18,196,111,85
050,21,161,"Kentucky","Mason County",1,19,168,83,85
050,21,161,"Kentucky","Mason County",1,20,185,91,94
050,21,161,"Kentucky","Mason County",1,21,183,99,84
050,21,161,"Kentucky","Mason County",1,22,177,97,80
050,21,161,"Kentucky","Mason County",1,23,191,104,87
050,21,161,"Kentucky","Mason County",1,24,200,109,91
050,21,161,"Kentucky","Mason County",1,25,207,102,105
050,21,161,"Kentucky","Mason County",1,26,204,106,98
050,21,161,"Kentucky","Mason County",1,27,206,103,103
050,21,161,"Kentucky","Mason County",1,28,231,110,121
050,21,161,"Kentucky","Mason County",1,29,230,101,129
050,21,161,"Kentucky","Mason County",1,30,222,111,111
050,21,161,"Kentucky","Mason County",1,31,219,112,107
050,21,161,"Kentucky","Mason County",1,32,202,107,95
050,21,161,"Kentucky","Mason County",1,33,204,107,97
050,21,161,"Kentucky","Mason County",1,34,192,95,97
050,21,161,"Kentucky","Mason County",1,35,157,81,76
050,21,161,"Kentucky","Mason County",1,36,167,80,87
050,21,161,"Kentucky","Mason County",1,37,179,88,91
050,21,161,"Kentucky","Mason County",1,38,181,85,96
050,21,161,"Kentucky","Mason County",1,39,185,85,100
050,21,161,"Kentucky","Mason County",1,40,205,91,114
050,21,161,"Kentucky","Mason County",1,41,196,95,101
050,21,161,"Kentucky","Mason County",1,42,204,105,99
050,21,161,"Kentucky","Mason County",1,43,190,88,102
050,21,161,"Kentucky","Mason County",1,44,171,79,92
050,21,161,"Kentucky","Mason County",1,45,213,99,114
050,21,161,"Kentucky","Mason County",1,46,209,106,103
050,21,161,"Kentucky","Mason County",1,47,218,113,105
050,21,161,"Kentucky","Mason County",1,48,242,123,119
050,21,161,"Kentucky","Mason County",1,49,217,105,112
050,21,161,"Kentucky","Mason County",1,50,225,112,113
050,21,161,"Kentucky","Mason County",1,51,246,114,132
050,21,161,"Kentucky","Mason County",1,52,239,117,122
050,21,161,"Kentucky","Mason County",1,53,247,132,115
050,21,161,"Kentucky","Mason County",1,54,244,128,116
050,21,161,"Kentucky","Mason County",1,55,260,129,131
050,21,161,"Kentucky","Mason County",1,56,249,124,125
050,21,161,"Kentucky","Mason County",1,57,243,116,127
050,21,161,"Kentucky","Mason County",1,58,224,105,119
050,21,161,"Kentucky","Mason County",1,59,242,123,119
050,21,161,"Kentucky","Mason County",1,60,233,116,117
050,21,161,"Kentucky","Mason County",1,61,248,116,132
050,21,161,"Kentucky","Mason County",1,62,238,105,133
050,21,161,"Kentucky","Mason County",1,63,212,100,112
050,21,161,"Kentucky","Mason County",1,64,237,107,130
050,21,161,"Kentucky","Mason County",1,65,239,111,128
050,21,161,"Kentucky","Mason County",1,66,223,115,108
050,21,161,"Kentucky","Mason County",1,67,219,107,112
050,21,161,"Kentucky","Mason County",1,68,232,108,124
050,21,161,"Kentucky","Mason County",1,69,202,98,104
050,21,161,"Kentucky","Mason County",1,70,183,86,97
050,21,161,"Kentucky","Mason County",1,71,201,97,104
050,21,161,"Kentucky","Mason County",1,72,185,81,104
050,21,161,"Kentucky","Mason County",1,73,188,84,104
050,21,161,"Kentucky","Mason County",1,74,114,49,65
050,21,161,"Kentucky","Mason County",1,75,97,34,63
050,21,161,"Kentucky","Mason County",1,76,107,45,62
050,21,161,"Kentucky","Mason County",1,77,117,57,60
050,21,161,"Kentucky","Mason County",1,78,114,46,68
050,21,161,"Kentucky","Mason County",1,79,100,42,58
050,21,161,"Kentucky","Mason County",1,80,91,29,62
050,21,161,"Kentucky","Mason County",1,81,88,35,53
050,21,161,"Kentucky","Mason County",1,82,76,32,44
050,21,161,"Kentucky","Mason County",1,83,52,22,30
050,21,161,"Kentucky","Mason County",1,84,50,21,29
050,21,161,"Kentucky","Mason County",1,85,269,90,179
050,21,161,"Kentucky","Mason County",2,0,207,106,101
050,21,161,"Kentucky","Mason County",2,1,213,108,105
050,21,161,"Kentucky","Mason County",2,2,208,109,99
050,21,161,"Kentucky","Mason County",2,3,205,102,103
050,21,161,"Kentucky","Mason County",2,4,215,108,107
050,21,161,"Kentucky","Mason County",2,5,213,105,108
050,21,161,"Kentucky","Mason County",2,6,225,118,107
050,21,161,"Kentucky","Mason County",2,7,235,121,114
050,21,161,"Kentucky","Mason County",2,8,213,100,113
050,21,161,"Kentucky","Mason County",2,9,223,110,113
050,21,161,"Kentucky","Mason County",2,10,223,120,103
050,21,161,"Kentucky","Mason County",2,11,232,123,109
050,21,161,"Kentucky","Mason County",2,12,245,125,120
050,21,161,"Kentucky","Mason County",2,13,262,139,123
050,21,161,"Kentucky","Mason County",2,14,246,138,108
050,21,161,"Kentucky","Mason County",2,15,233,128,105
050,21,161,"Kentucky","Mason County",2,16,229,119,110
050,21,161,"Kentucky","Mason County",2,17,213,112,101
050,21,161,"Kentucky","Mason County",2,18,191,107,84
050,21,161,"Kentucky","Mason County",2,19,166,85,81
050,21,161,"Kentucky","Mason County",2,20,185,90,95
050,21,161,"Kentucky","Mason County",2,21,182,95,87
050,21,161,"Kentucky","Mason County",2,22,182,100,82
050,21,161,"Kentucky","Mason County",2,23,186,102,84
050,21,161,"Kentucky","Mason County",2,24,199,107,92
050,21,161,"Kentucky","Mason County",2,25,206,104,102
050,21,161,"Kentucky","Mason County",2,26,205,106,99
050,21,161,"Kentucky","Mason County",2,27,205,103,102
050,21,161,"Kentucky","Mason County",2,28,223,106,117
050,21,161,"Kentucky","Mason County",2,29,228,103,125
050,21,161,"Kentucky","Mason County",2,30,226,109,117
050,21,161,"Kentucky","Mason County",2,31,220,113,107
050,21,161,"Kentucky","Mason County",2,32,204,107,97
050,21,161,"Kentucky","Mason County",2,33,201,105,96
050,21,161,"Kentucky","Mason County",2,34,194,97,97
050,21,161,"Kentucky","Mason County",2,35,166,84,82
050,21,161,"Kentucky","Mason County",2,36,164,82,82
050,21,161,"Kentucky","Mason County",2,37,176,86,90
050,21,161,"Kentucky","Mason County",2,38,183,87,96
050,21,161,"Kentucky","Mason County",2,39,183,85,98
050,21,161,"Kentucky","Mason County",2,40,201,91,110
050,21,161,"Kentucky","Mason County",2,41,200,95,105
050,21,161,"Kentucky","Mason County",2,42,206,105,101
050,21,161,"Kentucky","Mason County",2,43,196,94,102
050,21,161,"Kentucky","Mason County",2,44,173,80,93
050,21,161,"Kentucky","Mason County",2,45,205,95,110
050,21,161,"Kentucky","Mason County",2,46,206,103,103
050,21,161,"Kentucky","Mason County",2,47,214,110,104
050,21,161,"Kentucky","Mason County",2,48,234,120,114
050,21,161,"Kentucky","Mason County",2,49,225,110,115
050,21,161,"Kentucky","Mason County",2,50,222,109,113
050,21,161,"Kentucky","Mason County",2,51,240,113,127
050,21,161,"Kentucky","Mason County",2,52,239,114,125
050,21,161,"Kentucky","Mason County",2,53,246,129,117
050,21,161,"Kentucky","Mason County",2,54,242,126,116
050,21,161,"Kentucky","Mason County",2,55,258,130,128
050,21,161,"Kentucky","Mason County",2,56,251,125,126
050,21,161,"Kentucky","Mason County",2,57,247,118,129
050,21,161,"Kentucky","Mason County",2,58,229,107,122
050,21,161,"Kentucky","Mason County",2,59,237,118,119
050,21,161,"Kentucky","Mason County",2,60,236,117,119
050,21,161,"Kentucky","Mason County",2,61,243,116,127
050,21,161,"Kentucky","Mason County",2,62,240,107,133
050,21,161,"Kentucky","Mason County",2,63,221,103,118
050,21,161,"Kentucky","Mason County",2,64,230,105,125
050,21,161,"Kentucky","Mason County",2,65,239,110,129
050,21,161,"Kentucky","Mason County",2,66,229,115,114
050,21,161,"Kentucky","Mason County",2,67,219,109,110
050,21,161,"Kentucky","Mason County",2,68,228,107,121
050,21,161,"Kentucky","Mason County",2,69,211,101,110
050,21,161,"Kentucky","Mason County",2,70,186,88,98
050,21,161,"Kentucky","Mason County",2,71,195,93,102
050,21,161,"Kentucky","Mason County",2,72,186,83,103
050,21,161,"Kentucky","Mason County",2,73,197,87,110
050,21,161,"Kentucky","Mason County",2,74,122,53,69
050,21,161,"Kentucky","Mason County",2,75,101,37,64
050,21,161,"Kentucky","Mason County",2,76,103,41,62
050,21,161,"Kentucky","Mason County",2,77,116,55,61
050,21,161,"Kentucky","Mason County",2,78,114,47,67
050,21,161,"Kentucky","Mason County",2,79,101,42,59
050,21,161,"Kentucky","Mason County",2,80,92,31,61
050,21,161,"Kentucky","Mason County",2,81,85,34,51
050,21,161,"Kentucky","Mason County",2,82,80,32,48
050,21,161,"Kentucky","Mason County",2,83,54,22,32
050,21,161,"Kentucky","Mason County",2,84,49,21,28
050,21,161,"Kentucky","Mason County",2,85,270,89,181
050,21,161,"Kentucky","Mason County",3,0,198,87,111
050,21,161,"Kentucky","Mason County",3,1,200,93,107
050,21,161,"Kentucky","Mason County",3,2,207,103,104
050,21,161,"Kentucky","Mason County",3,3,206,108,98
050,21,161,"Kentucky","Mason County",3,4,219,116,103
050,21,161,"Kentucky","Mason County",3,5,210,107,103
050,21,161,"Kentucky","Mason County",3,6,195,105,90
050,21,161,"Kentucky","Mason County",3,7,224,116,108
050,21,161,"Kentucky","Mason County",3,8,234,122,112
050,21,161,"Kentucky","Mason County",3,9,215,105,110
050,21,161,"Kentucky","Mason County",3,10,218,109,109
050,21,161,"Kentucky","Mason County",3,11,222,120,102
050,21,161,"Kentucky","Mason County",3,12,232,123,109
050,21,161,"Kentucky","Mason County",3,13,244,134,110
050,21,161,"Kentucky","Mason County",3,14,250,134,116
050,21,161,"Kentucky","Mason County",3,15,246,140,106
050,21,161,"Kentucky","Mason County",3,16,222,120,102
050,21,161,"Kentucky","Mason County",3,17,226,121,105
050,21,161,"Kentucky","Mason County",3,18,175,97,78
050,21,161,"Kentucky","Mason County",3,19,155,85,70
050,21,161,"Kentucky","Mason County",3,20,181,89,92
050,21,161,"Kentucky","Mason County",3,21,197,96,101
050,21,161,"Kentucky","Mason County",3,22,195,103,92
050,21,161,"Kentucky","Mason County",3,23,188,99,89
050,21,161,"Kentucky","Mason County",3,24,188,105,83
050,21,161,"Kentucky","Mason County",3,25,197,101,96
050,21,161,"Kentucky","Mason County",3,26,199,98,101
050,21,161,"Kentucky","Mason County",3,27,197,106,91
050,21,161,"Kentucky","Mason County",3,28,212,105,107
050,21,161,"Kentucky","Mason County",3,29,211,102,109
050,21,161,"Kentucky","Mason County",3,30,233,109,124
050,21,161,"Kentucky","Mason County",3,31,222,101,121
050,21,161,"Kentucky","Mason County",3,32,226,118,108
050,21,161,"Kentucky","Mason County",3,33,201,106,95
050,21,161,"Kentucky","Mason County",3,34,197,101,96
050,21,161,"Kentucky","Mason County",3,35,198,102,96
050,21,161,"Kentucky","Mason County",3,36,172,90,82
050,21,161,"Kentucky","Mason County",3,37,158,80,78
050,21,161,"Kentucky","Mason County",3,38,179,89,90
050,21,161,"Kentucky","Mason County",3,39,169,82,87
050,21,161,"Kentucky","Mason County",3,40,190,91,99
050,21,161,"Kentucky","Mason County",3,41,195,86,109
050,21,161,"Kentucky","Mason County",3,42,200,97,103
050,21,161,"Kentucky","Mason County",3,43,208,106,102
050,21,161,"Kentucky","Mason County",3,44,192,94,98
050,21,161,"Kentucky","Mason County",3,45,179,82,97
050,21,161,"Kentucky","Mason County",3,46,190,90,100
050,21,161,"Kentucky","Mason County",3,47,205,102,103
050,21,161,"Kentucky","Mason County",3,48,197,100,97
050,21,161,"Kentucky","Mason County",3,49,223,112,111
050,21,161,"Kentucky","Mason County",3,50,221,110,111
050,21,161,"Kentucky","Mason County",3,51,222,108,114
050,21,161,"Kentucky","Mason County",3,52,238,113,125
050,21,161,"Kentucky","Mason County",3,53,243,110,133
050,21,161,"Kentucky","Mason County",3,54,245,125,120
050,21,161,"Kentucky","Mason County",3,55,241,126,115
050,21,161,"Kentucky","Mason County",3,56,250,122,128
050,21,161,"Kentucky","Mason County",3,57,250,121,129
050,21,161,"Kentucky","Mason County",3,58,243,116,127
050,21,161,"Kentucky","Mason County",3,59,227,109,118
050,21,161,"Kentucky","Mason County",3,60,235,112,123
050,21,161,"Kentucky","Mason County",3,61,235,115,120
050,21,161,"Kentucky","Mason County",3,62,238,118,120
050,21,161,"Kentucky","Mason County",3,63,234,102,132
050,21,161,"Kentucky","Mason County",3,64,219,104,115
050,21,161,"Kentucky","Mason County",3,65,223,100,123
050,21,161,"Kentucky","Mason County",3,66,239,110,129
050,21,161,"Kentucky","Mason County",3,67,221,112,109
050,21,161,"Kentucky","Mason County",3,68,206,100,106
050,21,161,"Kentucky","Mason County",3,69,224,102,122
050,21,161,"Kentucky","Mason County",3,70,201,93,108
050,21,161,"Kentucky","Mason County",3,71,179,84,95
050,21,161,"Kentucky","Mason County",3,72,181,88,93
050,21,161,"Kentucky","Mason County",3,73,175,73,102
050,21,161,"Kentucky","Mason County",3,74,191,86,105
050,21,161,"Kentucky","Mason County",3,75,114,48,66
050,21,161,"Kentucky","Mason County",3,76,98,34,64
050,21,161,"Kentucky","Mason County",3,77,104,43,61
050,21,161,"Kentucky","Mason County",3,78,113,51,62
050,21,161,"Kentucky","Mason County",3,79,111,46,65
050,21,161,"Kentucky","Mason County",3,80,98,38,60
050,21,161,"Kentucky","Mason County",3,81,81,28,53
050,21,161,"Kentucky","Mason County",3,82,85,29,56
050,21,161,"Kentucky","Mason County",3,83,68,27,41
050,21,161,"Kentucky","Mason County",3,84,49,21,28
050,21,161,"Kentucky","Mason County",3,85,261,93,168
050,21,161,"Kentucky","Mason County",4,0,185,84,101
050,21,161,"Kentucky","Mason County",4,1,203,85,118
050,21,161,"Kentucky","Mason County",4,2,193,92,101
050,21,161,"Kentucky","Mason County",4,3,203,103,100
050,21,161,"Kentucky","Mason County",4,4,207,106,101
050,21,161,"Kentucky","Mason County",4,5,217,114,103
050,21,161,"Kentucky","Mason County",4,6,209,106,103
050,21,161,"Kentucky","Mason County",4,7,198,103,95
050,21,161,"Kentucky","Mason County",4,8,220,116,104
050,21,161,"Kentucky","Mason County",4,9,240,125,115
050,21,161,"Kentucky","Mason County",4,10,212,103,109
050,21,161,"Kentucky","Mason County",4,11,213,105,108
050,21,161,"Kentucky","Mason County",4,12,227,122,105
050,21,161,"Kentucky","Mason County",4,13,229,121,108
050,21,161,"Kentucky","Mason County",4,14,254,142,112
050,21,161,"Kentucky","Mason County",4,15,258,136,122
050,21,161,"Kentucky","Mason County",4,16,232,131,101
050,21,161,"Kentucky","Mason County",4,17,229,125,104
050,21,161,"Kentucky","Mason County",4,18,191,105,86
050,21,161,"Kentucky","Mason County",4,19,144,82,62
050,21,161,"Kentucky","Mason County",4,20,160,84,76
050,21,161,"Kentucky","Mason County",4,21,186,88,98
050,21,161,"Kentucky","Mason County",4,22,208,99,109
050,21,161,"Kentucky","Mason County",4,23,190,100,90
050,21,161,"Kentucky","Mason County",4,24,190,97,93
050,21,161,"Kentucky","Mason County",4,25,195,108,87
050,21,161,"Kentucky","Mason County",4,26,208,110,98
050,21,161,"Kentucky","Mason County",4,27,190,93,97
050,21,161,"Kentucky","Mason County",4,28,186,98,88
050,21,161,"Kentucky","Mason County",4,29,201,101,100
050,21,161,"Kentucky","Mason County",4,30,204,94,110
050,21,161,"Kentucky","Mason County",4,31,240,110,130
050,21,161,"Kentucky","Mason County",4,32,219,103,116
050,21,161,"Kentucky","Mason County",4,33,214,109,105
050,21,161,"Kentucky","Mason County",4,34,192,99,93
050,21,161,"Kentucky","Mason County",4,35,195,98,97
050,21,161,"Kentucky","Mason County",4,36,207,112,95
050,21,161,"Kentucky","Mason County",4,37,169,89,80
050,21,161,"Kentucky","Mason County",4,38,162,83,79
050,21,161,"Kentucky","Mason County",4,39,182,88,94
050,21,161,"Kentucky","Mason County",4,40,176,86,90
050,21,161,"Kentucky","Mason County",4,41,180,89,91
050,21,161,"Kentucky","Mason County",4,42,208,94,114
050,21,161,"Kentucky","Mason County",4,43,202,101,101
050,21,161,"Kentucky","Mason County",4,44,206,109,97
050,21,161,"Kentucky","Mason County",4,45,195,91,104
050,21,161,"Kentucky","Mason County",4,46,182,87,95
050,21,161,"Kentucky","Mason County",4,47,195,91,104
050,21,161,"Kentucky","Mason County",4,48,207,105,102
050,21,161,"Kentucky","Mason County",4,49,212,110,102
050,21,161,"Kentucky","Mason County",4,50,222,109,113
050,21,161,"Kentucky","Mason County",4,51,221,109,112
050,21,161,"Kentucky","Mason County",4,52,221,105,116
050,21,161,"Kentucky","Mason County",4,53,235,115,120
050,21,161,"Kentucky","Mason County",4,54,244,110,134
050,21,161,"Kentucky","Mason County",4,55,243,125,118
050,21,161,"Kentucky","Mason County",4,56,234,124,110
050,21,161,"Kentucky","Mason County",4,57,252,118,134
050,21,161,"Kentucky","Mason County",4,58,245,121,124
050,21,161,"Kentucky","Mason County",4,59,239,115,124
050,21,161,"Kentucky","Mason County",4,60,228,105,123
050,21,161,"Kentucky","Mason County",4,61,232,108,124
050,21,161,"Kentucky","Mason County",4,62,231,111,120
050,21,161,"Kentucky","Mason County",4,63,231,115,116
050,21,161,"Kentucky","Mason County",4,64,232,102,130
050,21,161,"Kentucky","Mason County",4,65,217,102,115
050,21,161,"Kentucky","Mason County",4,66,220,101,119
050,21,161,"Kentucky","Mason County",4,67,227,101,126
050,21,161,"Kentucky","Mason County",4,68,207,104,103
050,21,161,"Kentucky","Mason County",4,69,202,96,106
050,21,161,"Kentucky","Mason County",4,70,221,100,121
050,21,161,"Kentucky","Mason County",4,71,197,93,104
050,21,161,"Kentucky","Mason County",4,72,165,79,86
050,21,161,"Kentucky","Mason County",4,73,182,86,96
050,21,161,"Kentucky","Mason County",4,74,168,73,95
050,21,161,"Kentucky","Mason County",4,75,181,78,103
050,21,161,"Kentucky","Mason County",4,76,109,43,66
050,21,161,"Kentucky","Mason County",4,77,106,36,70
050,21,161,"Kentucky","Mason County",4,78,103,39,64
050,21,161,"Kentucky","Mason County",4,79,106,47,59
050,21,161,"Kentucky","Mason County",4,80,103,41,62
050,21,161,"Kentucky","Mason County",4,81,82,32,50
050,21,161,"Kentucky","Mason County",4,82,77,21,56
050,21,161,"Kentucky","Mason County",4,83,73,23,50
050,21,161,"Kentucky","Mason County",4,84,64,28,36
050,21,161,"Kentucky","Mason County",4,85,258,97,161
050,21,161,"Kentucky","Mason County",5,0,184,83,101
050,21,161,"Kentucky","Mason County",5,1,184,87,97
050,21,161,"Kentucky","Mason County",5,2,188,92,96
050,21,161,"Kentucky","Mason County",5,3,200,102,98
050,21,161,"Kentucky","Mason County",5,4,198,103,95
050,21,161,"Kentucky","Mason County",5,5,200,103,97
050,21,161,"Kentucky","Mason County",5,6,213,112,101
050,21,161,"Kentucky","Mason County",5,7,216,108,108
050,21,161,"Kentucky","Mason County",5,8,194,104,90
050,21,161,"Kentucky","Mason County",5,9,224,117,107
050,21,161,"Kentucky","Mason County",5,10,244,129,115
050,21,161,"Kentucky","Mason County",5,11,212,102,110
050,21,161,"Kentucky","Mason County",5,12,223,107,116
050,21,161,"Kentucky","Mason County",5,13,225,118,107
050,21,161,"Kentucky","Mason County",5,14,232,121,111
050,21,161,"Kentucky","Mason County",5,15,266,147,119
050,21,161,"Kentucky","Mason County",5,16,261,143,118
050,21,161,"Kentucky","Mason County",5,17,234,138,96
050,21,161,"Kentucky","Mason County",5,18,192,109,83
050,21,161,"Kentucky","Mason County",5,19,157,87,70
050,21,161,"Kentucky","Mason County",5,20,160,90,70
050,21,161,"Kentucky","Mason County",5,21,171,88,83
050,21,161,"Kentucky","Mason County",5,22,190,87,103
050,21,161,"Kentucky","Mason County",5,23,205,95,110
050,21,161,"Kentucky","Mason County",5,24,184,104,80
050,21,161,"Kentucky","Mason County",5,25,194,98,96
050,21,161,"Kentucky","Mason County",5,26,194,109,85
050,21,161,"Kentucky","Mason County",5,27,211,100,111
050,21,161,"Kentucky","Mason County",5,28,200,101,99
050,21,161,"Kentucky","Mason County",5,29,187,101,86
050,21,161,"Kentucky","Mason County",5,30,207,96,111
050,21,161,"Kentucky","Mason County",5,31,200,95,105
050,21,161,"Kentucky","Mason County",5,32,240,114,126
050,21,161,"Kentucky","Mason County",5,33,213,104,109
050,21,161,"Kentucky","Mason County",5,34,214,107,107
050,21,161,"Kentucky","Mason County",5,35,188,99,89
050,21,161,"Kentucky","Mason County",5,36,203,103,100
050,21,161,"Kentucky","Mason County",5,37,189,94,95
050,21,161,"Kentucky","Mason County",5,38,169,83,86
050,21,161,"Kentucky","Mason County",5,39,164,83,81
050,21,161,"Kentucky","Mason County",5,40,182,87,95
050,21,161,"Kentucky","Mason County",5,41,180,83,97
050,21,161,"Kentucky","Mason County",5,42,188,96,92
050,21,161,"Kentucky","Mason County",5,43,204,96,108
050,21,161,"Kentucky","Mason County",5,44,181,93,88
050,21,161,"Kentucky","Mason County",5,45,210,112,98
050,21,161,"Kentucky","Mason County",5,46,191,89,102
050,21,161,"Kentucky","Mason County",5,47,184,88,96
050,21,161,"Kentucky","Mason County",5,48,191,91,100
050,21,161,"Kentucky","Mason County",5,49,207,103,104
050,21,161,"Kentucky","Mason County",5,50,218,113,105
050,21,161,"Kentucky","Mason County",5,51,223,110,113
050,21,161,"Kentucky","Mason County",5,52,219,104,115
050,21,161,"Kentucky","Mason County",5,53,223,106,117
050,21,161,"Kentucky","Mason County",5,54,229,111,118
050,21,161,"Kentucky","Mason County",5,55,243,108,135
050,21,161,"Kentucky","Mason County",5,56,247,128,119
050,21,161,"Kentucky","Mason County",5,57,232,123,109
050,21,161,"Kentucky","Mason County",5,58,248,121,127
050,21,161,"Kentucky","Mason County",5,59,245,122,123
050,21,161,"Kentucky","Mason County",5,60,244,112,132
050,21,161,"Kentucky","Mason County",5,61,229,107,122
050,21,161,"Kentucky","Mason County",5,62,225,107,118
050,21,161,"Kentucky","Mason County",5,63,229,115,114
050,21,161,"Kentucky","Mason County",5,64,237,117,120
050,21,161,"Kentucky","Mason County",5,65,230,100,130
050,21,161,"Kentucky","Mason County",5,66,216,102,114
050,21,161,"Kentucky","Mason County",5,67,212,94,118
050,21,161,"Kentucky","Mason County",5,68,218,95,123
050,21,161,"Kentucky","Mason County",5,69,205,104,101
050,21,161,"Kentucky","Mason County",5,70,195,93,102
050,21,161,"Kentucky","Mason County",5,71,209,99,110
050,21,161,"Kentucky","Mason County",5,72,182,88,94
050,21,161,"Kentucky","Mason County",5,73,162,75,87
050,21,161,"Kentucky","Mason County",5,74,173,84,89
050,21,161,"Kentucky","Mason County",5,75,157,66,91
050,21,161,"Kentucky","Mason County",5,76,170,71,99
050,21,161,"Kentucky","Mason County",5,77,109,42,67
050,21,161,"Kentucky","Mason County",5,78,100,31,69
050,21,161,"Kentucky","Mason County",5,79,97,35,62
050,21,161,"Kentucky","Mason County",5,80,95,40,55
050,21,161,"Kentucky","Mason County",5,81,90,35,55
050,21,161,"Kentucky","Mason County",5,82,78,25,53
050,21,161,"Kentucky","Mason County",5,83,67,18,49
050,21,161,"Kentucky","Mason County",5,84,67,23,44
050,21,161,"Kentucky","Mason County",5,85,270,106,164
050,21,163,"Kentucky","Meade County",1,0,261,133,128
050,21,163,"Kentucky","Meade County",1,1,287,151,136
050,21,163,"Kentucky","Meade County",1,2,301,145,156
050,21,163,"Kentucky","Meade County",1,3,329,178,151
050,21,163,"Kentucky","Meade County",1,4,364,185,179
050,21,163,"Kentucky","Meade County",1,5,375,186,189
050,21,163,"Kentucky","Meade County",1,6,362,178,184
050,21,163,"Kentucky","Meade County",1,7,355,191,164
050,21,163,"Kentucky","Meade County",1,8,386,205,181
050,21,163,"Kentucky","Meade County",1,9,401,209,192
050,21,163,"Kentucky","Meade County",1,10,407,211,196
050,21,163,"Kentucky","Meade County",1,11,447,242,205
050,21,163,"Kentucky","Meade County",1,12,402,199,203
050,21,163,"Kentucky","Meade County",1,13,408,211,197
050,21,163,"Kentucky","Meade County",1,14,414,219,195
050,21,163,"Kentucky","Meade County",1,15,422,209,213
050,21,163,"Kentucky","Meade County",1,16,402,200,202
050,21,163,"Kentucky","Meade County",1,17,393,201,192
050,21,163,"Kentucky","Meade County",1,18,351,195,156
050,21,163,"Kentucky","Meade County",1,19,286,154,132
050,21,163,"Kentucky","Meade County",1,20,325,181,144
050,21,163,"Kentucky","Meade County",1,21,348,185,163
050,21,163,"Kentucky","Meade County",1,22,373,200,173
050,21,163,"Kentucky","Meade County",1,23,366,182,184
050,21,163,"Kentucky","Meade County",1,24,391,207,184
050,21,163,"Kentucky","Meade County",1,25,320,167,153
050,21,163,"Kentucky","Meade County",1,26,341,180,161
050,21,163,"Kentucky","Meade County",1,27,387,198,189
050,21,163,"Kentucky","Meade County",1,28,413,210,203
050,21,163,"Kentucky","Meade County",1,29,372,190,182
050,21,163,"Kentucky","Meade County",1,30,339,171,168
050,21,163,"Kentucky","Meade County",1,31,401,187,214
050,21,163,"Kentucky","Meade County",1,32,437,206,231
050,21,163,"Kentucky","Meade County",1,33,433,232,201
050,21,163,"Kentucky","Meade County",1,34,442,217,225
050,21,163,"Kentucky","Meade County",1,35,430,204,226
050,21,163,"Kentucky","Meade County",1,36,414,207,207
050,21,163,"Kentucky","Meade County",1,37,445,217,228
050,21,163,"Kentucky","Meade County",1,38,442,238,204
050,21,163,"Kentucky","Meade County",1,39,443,242,201
050,21,163,"Kentucky","Meade County",1,40,416,220,196
050,21,163,"Kentucky","Meade County",1,41,414,213,201
050,21,163,"Kentucky","Meade County",1,42,411,197,214
050,21,163,"Kentucky","Meade County",1,43,406,208,198
050,21,163,"Kentucky","Meade County",1,44,380,202,178
050,21,163,"Kentucky","Meade County",1,45,392,201,191
050,21,163,"Kentucky","Meade County",1,46,397,188,209
050,21,163,"Kentucky","Meade County",1,47,403,213,190
050,21,163,"Kentucky","Meade County",1,48,420,214,206
050,21,163,"Kentucky","Meade County",1,49,451,227,224
050,21,163,"Kentucky","Meade County",1,50,426,207,219
050,21,163,"Kentucky","Meade County",1,51,359,178,181
050,21,163,"Kentucky","Meade County",1,52,369,188,181
050,21,163,"Kentucky","Meade County",1,53,402,215,187
050,21,163,"Kentucky","Meade County",1,54,412,221,191
050,21,163,"Kentucky","Meade County",1,55,460,222,238
050,21,163,"Kentucky","Meade County",1,56,487,244,243
050,21,163,"Kentucky","Meade County",1,57,437,228,209
050,21,163,"Kentucky","Meade County",1,58,447,234,213
050,21,163,"Kentucky","Meade County",1,59,462,226,236
050,21,163,"Kentucky","Meade County",1,60,428,210,218
050,21,163,"Kentucky","Meade County",1,61,399,197,202
050,21,163,"Kentucky","Meade County",1,62,402,202,200
050,21,163,"Kentucky","Meade County",1,63,387,201,186
050,21,163,"Kentucky","Meade County",1,64,392,205,187
050,21,163,"Kentucky","Meade County",1,65,375,203,172
050,21,163,"Kentucky","Meade County",1,66,383,197,186
050,21,163,"Kentucky","Meade County",1,67,311,162,149
050,21,163,"Kentucky","Meade County",1,68,278,129,149
050,21,163,"Kentucky","Meade County",1,69,249,127,122
050,21,163,"Kentucky","Meade County",1,70,257,134,123
050,21,163,"Kentucky","Meade County",1,71,260,128,132
050,21,163,"Kentucky","Meade County",1,72,254,135,119
050,21,163,"Kentucky","Meade County",1,73,273,147,126
050,21,163,"Kentucky","Meade County",1,74,200,97,103
050,21,163,"Kentucky","Meade County",1,75,180,81,99
050,21,163,"Kentucky","Meade County",1,76,159,66,93
050,21,163,"Kentucky","Meade County",1,77,174,83,91
050,21,163,"Kentucky","Meade County",1,78,128,60,68
050,21,163,"Kentucky","Meade County",1,79,116,55,61
050,21,163,"Kentucky","Meade County",1,80,123,58,65
050,21,163,"Kentucky","Meade County",1,81,113,59,54
050,21,163,"Kentucky","Meade County",1,82,88,36,52
050,21,163,"Kentucky","Meade County",1,83,86,42,44
050,21,163,"Kentucky","Meade County",1,84,72,41,31
050,21,163,"Kentucky","Meade County",1,85,352,141,211
050,21,163,"Kentucky","Meade County",2,0,276,141,135
050,21,163,"Kentucky","Meade County",2,1,280,145,135
050,21,163,"Kentucky","Meade County",2,2,300,147,153
050,21,163,"Kentucky","Meade County",2,3,329,172,157
050,21,163,"Kentucky","Meade County",2,4,361,186,175
050,21,163,"Kentucky","Meade County",2,5,373,186,187
050,21,163,"Kentucky","Meade County",2,6,366,182,184
050,21,163,"Kentucky","Meade County",2,7,361,189,172
050,21,163,"Kentucky","Meade County",2,8,382,200,182
050,21,163,"Kentucky","Meade County",2,9,396,205,191
050,21,163,"Kentucky","Meade County",2,10,405,209,196
050,21,163,"Kentucky","Meade County",2,11,435,233,202
050,21,163,"Kentucky","Meade County",2,12,414,209,205
050,21,163,"Kentucky","Meade County",2,13,405,207,198
050,21,163,"Kentucky","Meade County",2,14,416,219,197
050,21,163,"Kentucky","Meade County",2,15,419,211,208
050,21,163,"Kentucky","Meade County",2,16,405,200,205
050,21,163,"Kentucky","Meade County",2,17,395,201,194
050,21,163,"Kentucky","Meade County",2,18,345,189,156
050,21,163,"Kentucky","Meade County",2,19,283,152,131
050,21,163,"Kentucky","Meade County",2,20,328,179,149
050,21,163,"Kentucky","Meade County",2,21,346,184,162
050,21,163,"Kentucky","Meade County",2,22,369,198,171
050,21,163,"Kentucky","Meade County",2,23,373,191,182
050,21,163,"Kentucky","Meade County",2,24,380,199,181
050,21,163,"Kentucky","Meade County",2,25,341,177,164
050,21,163,"Kentucky","Meade County",2,26,342,181,161
050,21,163,"Kentucky","Meade County",2,27,376,196,180
050,21,163,"Kentucky","Meade County",2,28,406,207,199
050,21,163,"Kentucky","Meade County",2,29,382,194,188
050,21,163,"Kentucky","Meade County",2,30,352,177,175
050,21,163,"Kentucky","Meade County",2,31,389,185,204
050,21,163,"Kentucky","Meade County",2,32,431,206,225
050,21,163,"Kentucky","Meade County",2,33,432,223,209
050,21,163,"Kentucky","Meade County",2,34,441,219,222
050,21,163,"Kentucky","Meade County",2,35,432,207,225
050,21,163,"Kentucky","Meade County",2,36,413,203,210
050,21,163,"Kentucky","Meade County",2,37,445,221,224
050,21,163,"Kentucky","Meade County",2,38,449,237,212
050,21,163,"Kentucky","Meade County",2,39,442,240,202
050,21,163,"Kentucky","Meade County",2,40,426,228,198
050,21,163,"Kentucky","Meade County",2,41,415,215,200
050,21,163,"Kentucky","Meade County",2,42,407,199,208
050,21,163,"Kentucky","Meade County",2,43,408,205,203
050,21,163,"Kentucky","Meade County",2,44,385,204,181
050,21,163,"Kentucky","Meade County",2,45,388,200,188
050,21,163,"Kentucky","Meade County",2,46,398,193,205
050,21,163,"Kentucky","Meade County",2,47,398,204,194
050,21,163,"Kentucky","Meade County",2,48,415,212,203
050,21,163,"Kentucky","Meade County",2,49,444,224,220
050,21,163,"Kentucky","Meade County",2,50,433,212,221
050,21,163,"Kentucky","Meade County",2,51,370,183,187
050,21,163,"Kentucky","Meade County",2,52,360,182,178
050,21,163,"Kentucky","Meade County",2,53,390,206,184
050,21,163,"Kentucky","Meade County",2,54,408,218,190
050,21,163,"Kentucky","Meade County",2,55,446,220,226
050,21,163,"Kentucky","Meade County",2,56,481,239,242
050,21,163,"Kentucky","Meade County",2,57,448,231,217
050,21,163,"Kentucky","Meade County",2,58,443,232,211
050,21,163,"Kentucky","Meade County",2,59,457,227,230
050,21,163,"Kentucky","Meade County",2,60,435,214,221
050,21,163,"Kentucky","Meade County",2,61,403,199,204
050,21,163,"Kentucky","Meade County",2,62,402,202,200
050,21,163,"Kentucky","Meade County",2,63,391,201,190
050,21,163,"Kentucky","Meade County",2,64,388,203,185
050,21,163,"Kentucky","Meade County",2,65,379,203,176
050,21,163,"Kentucky","Meade County",2,66,380,197,183
050,21,163,"Kentucky","Meade County",2,67,326,168,158
050,21,163,"Kentucky","Meade County",2,68,281,133,148
050,21,163,"Kentucky","Meade County",2,69,255,127,128
050,21,163,"Kentucky","Meade County",2,70,252,130,122
050,21,163,"Kentucky","Meade County",2,71,256,128,128
050,21,163,"Kentucky","Meade County",2,72,250,130,120
050,21,163,"Kentucky","Meade County",2,73,281,150,131
050,21,163,"Kentucky","Meade County",2,74,204,103,101
050,21,163,"Kentucky","Meade County",2,75,185,86,99
050,21,163,"Kentucky","Meade County",2,76,161,69,92
050,21,163,"Kentucky","Meade County",2,77,172,77,95
050,21,163,"Kentucky","Meade County",2,78,135,64,71
050,21,163,"Kentucky","Meade County",2,79,114,54,60
050,21,163,"Kentucky","Meade County",2,80,123,59,64
050,21,163,"Kentucky","Meade County",2,81,113,57,56
050,21,163,"Kentucky","Meade County",2,82,95,41,54
050,21,163,"Kentucky","Meade County",2,83,85,40,45
050,21,163,"Kentucky","Meade County",2,84,76,41,35
050,21,163,"Kentucky","Meade County",2,85,349,140,209
050,21,163,"Kentucky","Meade County",3,0,247,116,131
050,21,163,"Kentucky","Meade County",3,1,298,159,139
050,21,163,"Kentucky","Meade County",3,2,293,152,141
050,21,163,"Kentucky","Meade County",3,3,336,160,176
050,21,163,"Kentucky","Meade County",3,4,372,202,170
050,21,163,"Kentucky","Meade County",3,5,376,199,177
050,21,163,"Kentucky","Meade County",3,6,387,190,197
050,21,163,"Kentucky","Meade County",3,7,376,181,195
050,21,163,"Kentucky","Meade County",3,8,373,185,188
050,21,163,"Kentucky","Meade County",3,9,381,196,185
050,21,163,"Kentucky","Meade County",3,10,395,206,189
050,21,163,"Kentucky","Meade County",3,11,425,227,198
050,21,163,"Kentucky","Meade County",3,12,446,236,210
050,21,163,"Kentucky","Meade County",3,13,427,221,206
050,21,163,"Kentucky","Meade County",3,14,400,202,198
050,21,163,"Kentucky","Meade County",3,15,398,209,189
050,21,163,"Kentucky","Meade County",3,16,408,205,203
050,21,163,"Kentucky","Meade County",3,17,397,194,203
050,21,163,"Kentucky","Meade County",3,18,352,193,159
050,21,163,"Kentucky","Meade County",3,19,278,149,129
050,21,163,"Kentucky","Meade County",3,20,323,174,149
050,21,163,"Kentucky","Meade County",3,21,334,175,159
050,21,163,"Kentucky","Meade County",3,22,355,184,171
050,21,163,"Kentucky","Meade County",3,23,367,198,169
050,21,163,"Kentucky","Meade County",3,24,361,182,179
050,21,163,"Kentucky","Meade County",3,25,369,190,179
050,21,163,"Kentucky","Meade County",3,26,355,185,170
050,21,163,"Kentucky","Meade County",3,27,330,170,160
050,21,163,"Kentucky","Meade County",3,28,381,192,189
050,21,163,"Kentucky","Meade County",3,29,413,213,200
050,21,163,"Kentucky","Meade County",3,30,412,217,195
050,21,163,"Kentucky","Meade County",3,31,370,179,191
050,21,163,"Kentucky","Meade County",3,32,420,209,211
050,21,163,"Kentucky","Meade County",3,33,429,193,236
050,21,163,"Kentucky","Meade County",3,34,452,230,222
050,21,163,"Kentucky","Meade County",3,35,450,227,223
050,21,163,"Kentucky","Meade County",3,36,441,215,226
050,21,163,"Kentucky","Meade County",3,37,435,217,218
050,21,163,"Kentucky","Meade County",3,38,443,211,232
050,21,163,"Kentucky","Meade County",3,39,433,225,208
050,21,163,"Kentucky","Meade County",3,40,437,239,198
050,21,163,"Kentucky","Meade County",3,41,431,227,204
050,21,163,"Kentucky","Meade County",3,42,425,218,207
050,21,163,"Kentucky","Meade County",3,43,393,191,202
050,21,163,"Kentucky","Meade County",3,44,411,205,206
050,21,163,"Kentucky","Meade County",3,45,380,205,175
050,21,163,"Kentucky","Meade County",3,46,388,203,185
050,21,163,"Kentucky","Meade County",3,47,397,194,203
050,21,163,"Kentucky","Meade County",3,48,394,198,196
050,21,163,"Kentucky","Meade County",3,49,410,213,197
050,21,163,"Kentucky","Meade County",3,50,426,216,210
050,21,163,"Kentucky","Meade County",3,51,426,212,214
050,21,163,"Kentucky","Meade County",3,52,379,189,190
050,21,163,"Kentucky","Meade County",3,53,363,182,181
050,21,163,"Kentucky","Meade County",3,54,381,201,180
050,21,163,"Kentucky","Meade County",3,55,409,217,192
050,21,163,"Kentucky","Meade County",3,56,432,212,220
050,21,163,"Kentucky","Meade County",3,57,474,247,227
050,21,163,"Kentucky","Meade County",3,58,461,230,231
050,21,163,"Kentucky","Meade County",3,59,433,224,209
050,21,163,"Kentucky","Meade County",3,60,456,235,221
050,21,163,"Kentucky","Meade County",3,61,424,207,217
050,21,163,"Kentucky","Meade County",3,62,395,198,197
050,21,163,"Kentucky","Meade County",3,63,381,189,192
050,21,163,"Kentucky","Meade County",3,64,378,194,184
050,21,163,"Kentucky","Meade County",3,65,379,194,185
050,21,163,"Kentucky","Meade County",3,66,373,199,174
050,21,163,"Kentucky","Meade County",3,67,378,199,179
050,21,163,"Kentucky","Meade County",3,68,316,160,156
050,21,163,"Kentucky","Meade County",3,69,279,129,150
050,21,163,"Kentucky","Meade County",3,70,245,126,119
050,21,163,"Kentucky","Meade County",3,71,239,118,121
050,21,163,"Kentucky","Meade County",3,72,243,119,124
050,21,163,"Kentucky","Meade County",3,73,237,115,122
050,21,163,"Kentucky","Meade County",3,74,263,146,117
050,21,163,"Kentucky","Meade County",3,75,199,97,102
050,21,163,"Kentucky","Meade County",3,76,171,82,89
050,21,163,"Kentucky","Meade County",3,77,152,62,90
050,21,163,"Kentucky","Meade County",3,78,161,76,85
050,21,163,"Kentucky","Meade County",3,79,126,56,70
050,21,163,"Kentucky","Meade County",3,80,112,51,61
050,21,163,"Kentucky","Meade County",3,81,108,47,61
050,21,163,"Kentucky","Meade County",3,82,100,46,54
050,21,163,"Kentucky","Meade County",3,83,83,34,49
050,21,163,"Kentucky","Meade County",3,84,80,38,42
050,21,163,"Kentucky","Meade County",3,85,353,152,201
050,21,163,"Kentucky","Meade County",4,0,250,132,118
050,21,163,"Kentucky","Meade County",4,1,252,113,139
050,21,163,"Kentucky","Meade County",4,2,305,167,138
050,21,163,"Kentucky","Meade County",4,3,311,160,151
050,21,163,"Kentucky","Meade County",4,4,333,161,172
050,21,163,"Kentucky","Meade County",4,5,387,206,181
050,21,163,"Kentucky","Meade County",4,6,348,184,164
050,21,163,"Kentucky","Meade County",4,7,367,178,189
050,21,163,"Kentucky","Meade County",4,8,387,187,200
050,21,163,"Kentucky","Meade County",4,9,386,182,204
050,21,163,"Kentucky","Meade County",4,10,385,195,190
050,21,163,"Kentucky","Meade County",4,11,393,206,187
050,21,163,"Kentucky","Meade County",4,12,426,232,194
050,21,163,"Kentucky","Meade County",4,13,442,232,210
050,21,163,"Kentucky","Meade County",4,14,442,224,218
050,21,163,"Kentucky","Meade County",4,15,386,200,186
050,21,163,"Kentucky","Meade County",4,16,390,207,183
050,21,163,"Kentucky","Meade County",4,17,400,203,197
050,21,163,"Kentucky","Meade County",4,18,345,178,167
050,21,163,"Kentucky","Meade County",4,19,272,151,121
050,21,163,"Kentucky","Meade County",4,20,293,150,143
050,21,163,"Kentucky","Meade County",4,21,329,183,146
050,21,163,"Kentucky","Meade County",4,22,344,183,161
050,21,163,"Kentucky","Meade County",4,23,365,192,173
050,21,163,"Kentucky","Meade County",4,24,364,205,159
050,21,163,"Kentucky","Meade County",4,25,373,182,191
050,21,163,"Kentucky","Meade County",4,26,359,183,176
050,21,163,"Kentucky","Meade County",4,27,347,175,172
050,21,163,"Kentucky","Meade County",4,28,344,187,157
050,21,163,"Kentucky","Meade County",4,29,366,169,197
050,21,163,"Kentucky","Meade County",4,30,410,211,199
050,21,163,"Kentucky","Meade County",4,31,403,210,193
050,21,163,"Kentucky","Meade County",4,32,399,205,194
050,21,163,"Kentucky","Meade County",4,33,428,197,231
050,21,163,"Kentucky","Meade County",4,34,433,193,240
050,21,163,"Kentucky","Meade County",4,35,429,218,211
050,21,163,"Kentucky","Meade County",4,36,463,239,224
050,21,163,"Kentucky","Meade County",4,37,444,222,222
050,21,163,"Kentucky","Meade County",4,38,425,217,208
050,21,163,"Kentucky","Meade County",4,39,469,226,243
050,21,163,"Kentucky","Meade County",4,40,420,213,207
050,21,163,"Kentucky","Meade County",4,41,445,245,200
050,21,163,"Kentucky","Meade County",4,42,442,231,211
050,21,163,"Kentucky","Meade County",4,43,410,214,196
050,21,163,"Kentucky","Meade County",4,44,402,200,202
050,21,163,"Kentucky","Meade County",4,45,395,199,196
050,21,163,"Kentucky","Meade County",4,46,378,209,169
050,21,163,"Kentucky","Meade County",4,47,373,195,178
050,21,163,"Kentucky","Meade County",4,48,392,192,200
050,21,163,"Kentucky","Meade County",4,49,388,195,193
050,21,163,"Kentucky","Meade County",4,50,400,210,190
050,21,163,"Kentucky","Meade County",4,51,448,223,225
050,21,163,"Kentucky","Meade County",4,52,419,207,212
050,21,163,"Kentucky","Meade County",4,53,379,187,192
050,21,163,"Kentucky","Meade County",4,54,358,181,177
050,21,163,"Kentucky","Meade County",4,55,386,208,178
050,21,163,"Kentucky","Meade County",4,56,404,208,196
050,21,163,"Kentucky","Meade County",4,57,444,229,215
050,21,163,"Kentucky","Meade County",4,58,477,244,233
050,21,163,"Kentucky","Meade County",4,59,462,228,234
050,21,163,"Kentucky","Meade County",4,60,431,215,216
050,21,163,"Kentucky","Meade County",4,61,457,234,223
050,21,163,"Kentucky","Meade County",4,62,423,206,217
050,21,163,"Kentucky","Meade County",4,63,401,196,205
050,21,163,"Kentucky","Meade County",4,64,376,185,191
050,21,163,"Kentucky","Meade County",4,65,378,194,184
050,21,163,"Kentucky","Meade County",4,66,362,186,176
050,21,163,"Kentucky","Meade County",4,67,353,187,166
050,21,163,"Kentucky","Meade County",4,68,367,188,179
050,21,163,"Kentucky","Meade County",4,69,304,152,152
050,21,163,"Kentucky","Meade County",4,70,267,125,142
050,21,163,"Kentucky","Meade County",4,71,239,123,116
050,21,163,"Kentucky","Meade County",4,72,230,113,117
050,21,163,"Kentucky","Meade County",4,73,231,110,121
050,21,163,"Kentucky","Meade County",4,74,223,116,107
050,21,163,"Kentucky","Meade County",4,75,260,144,116
050,21,163,"Kentucky","Meade County",4,76,189,91,98
050,21,163,"Kentucky","Meade County",4,77,164,78,86
050,21,163,"Kentucky","Meade County",4,78,137,56,81
050,21,163,"Kentucky","Meade County",4,79,151,70,81
050,21,163,"Kentucky","Meade County",4,80,120,54,66
050,21,163,"Kentucky","Meade County",4,81,102,43,59
050,21,163,"Kentucky","Meade County",4,82,95,36,59
050,21,163,"Kentucky","Meade County",4,83,83,34,49
050,21,163,"Kentucky","Meade County",4,84,76,32,44
050,21,163,"Kentucky","Meade County",4,85,375,162,213
050,21,163,"Kentucky","Meade County",5,0,257,137,120
050,21,163,"Kentucky","Meade County",5,1,290,156,134
050,21,163,"Kentucky","Meade County",5,2,287,131,156
050,21,163,"Kentucky","Meade County",5,3,307,174,133
050,21,163,"Kentucky","Meade County",5,4,318,152,166
050,21,163,"Kentucky","Meade County",5,5,339,164,175
050,21,163,"Kentucky","Meade County",5,6,360,190,170
050,21,163,"Kentucky","Meade County",5,7,356,184,172
050,21,163,"Kentucky","Meade County",5,8,388,191,197
050,21,163,"Kentucky","Meade County",5,9,397,193,204
050,21,163,"Kentucky","Meade County",5,10,384,195,189
050,21,163,"Kentucky","Meade County",5,11,379,193,186
050,21,163,"Kentucky","Meade County",5,12,411,219,192
050,21,163,"Kentucky","Meade County",5,13,428,232,196
050,21,163,"Kentucky","Meade County",5,14,426,229,197
050,21,163,"Kentucky","Meade County",5,15,445,233,212
050,21,163,"Kentucky","Meade County",5,16,379,190,189
050,21,163,"Kentucky","Meade County",5,17,373,199,174
050,21,163,"Kentucky","Meade County",5,18,350,183,167
050,21,163,"Kentucky","Meade County",5,19,265,138,127
050,21,163,"Kentucky","Meade County",5,20,303,162,141
050,21,163,"Kentucky","Meade County",5,21,307,160,147
050,21,163,"Kentucky","Meade County",5,22,352,186,166
050,21,163,"Kentucky","Meade County",5,23,355,195,160
050,21,163,"Kentucky","Meade County",5,24,375,188,187
050,21,163,"Kentucky","Meade County",5,25,374,215,159
050,21,163,"Kentucky","Meade County",5,26,344,166,178
050,21,163,"Kentucky","Meade County",5,27,367,179,188
050,21,163,"Kentucky","Meade County",5,28,333,180,153
050,21,163,"Kentucky","Meade County",5,29,337,182,155
050,21,163,"Kentucky","Meade County",5,30,381,184,197
050,21,163,"Kentucky","Meade County",5,31,436,225,211
050,21,163,"Kentucky","Meade County",5,32,419,215,204
050,21,163,"Kentucky","Meade County",5,33,417,217,200
050,21,163,"Kentucky","Meade County",5,34,441,210,231
050,21,163,"Kentucky","Meade County",5,35,429,191,238
050,21,163,"Kentucky","Meade County",5,36,435,224,211
050,21,163,"Kentucky","Meade County",5,37,469,247,222
050,21,163,"Kentucky","Meade County",5,38,467,240,227
050,21,163,"Kentucky","Meade County",5,39,431,210,221
050,21,163,"Kentucky","Meade County",5,40,454,225,229
050,21,163,"Kentucky","Meade County",5,41,432,220,212
050,21,163,"Kentucky","Meade County",5,42,450,251,199
050,21,163,"Kentucky","Meade County",5,43,452,236,216
050,21,163,"Kentucky","Meade County",5,44,414,218,196
050,21,163,"Kentucky","Meade County",5,45,391,191,200
050,21,163,"Kentucky","Meade County",5,46,396,201,195
050,21,163,"Kentucky","Meade County",5,47,392,206,186
050,21,163,"Kentucky","Meade County",5,48,371,194,177
050,21,163,"Kentucky","Meade County",5,49,387,185,202
050,21,163,"Kentucky","Meade County",5,50,386,199,187
050,21,163,"Kentucky","Meade County",5,51,396,206,190
050,21,163,"Kentucky","Meade County",5,52,443,222,221
050,21,163,"Kentucky","Meade County",5,53,415,207,208
050,21,163,"Kentucky","Meade County",5,54,393,194,199
050,21,163,"Kentucky","Meade County",5,55,360,182,178
050,21,163,"Kentucky","Meade County",5,56,379,201,178
050,21,163,"Kentucky","Meade County",5,57,399,210,189
050,21,163,"Kentucky","Meade County",5,58,439,220,219
050,21,163,"Kentucky","Meade County",5,59,461,235,226
050,21,163,"Kentucky","Meade County",5,60,455,220,235
050,21,163,"Kentucky","Meade County",5,61,422,213,209
050,21,163,"Kentucky","Meade County",5,62,454,233,221
050,21,163,"Kentucky","Meade County",5,63,415,202,213
050,21,163,"Kentucky","Meade County",5,64,386,186,200
050,21,163,"Kentucky","Meade County",5,65,372,181,191
050,21,163,"Kentucky","Meade County",5,66,370,188,182
050,21,163,"Kentucky","Meade County",5,67,355,182,173
050,21,163,"Kentucky","Meade County",5,68,346,178,168
050,21,163,"Kentucky","Meade County",5,69,358,181,177
050,21,163,"Kentucky","Meade County",5,70,294,150,144
050,21,163,"Kentucky","Meade County",5,71,260,122,138
050,21,163,"Kentucky","Meade County",5,72,230,119,111
050,21,163,"Kentucky","Meade County",5,73,227,109,118
050,21,163,"Kentucky","Meade County",5,74,225,111,114
050,21,163,"Kentucky","Meade County",5,75,223,115,108
050,21,163,"Kentucky","Meade County",5,76,252,140,112
050,21,163,"Kentucky","Meade County",5,77,179,85,94
050,21,163,"Kentucky","Meade County",5,78,152,75,77
050,21,163,"Kentucky","Meade County",5,79,131,52,79
050,21,163,"Kentucky","Meade County",5,80,152,69,83
050,21,163,"Kentucky","Meade County",5,81,105,46,59
050,21,163,"Kentucky","Meade County",5,82,90,33,57
050,21,163,"Kentucky","Meade County",5,83,84,28,56
050,21,163,"Kentucky","Meade County",5,84,77,31,46
050,21,163,"Kentucky","Meade County",5,85,396,171,225
050,21,165,"Kentucky","Menifee County",1,0,54,28,26
050,21,165,"Kentucky","Menifee County",1,1,47,21,26
050,21,165,"Kentucky","Menifee County",1,2,57,29,28
050,21,165,"Kentucky","Menifee County",1,3,67,33,34
050,21,165,"Kentucky","Menifee County",1,4,63,29,34
050,21,165,"Kentucky","Menifee County",1,5,58,31,27
050,21,165,"Kentucky","Menifee County",1,6,57,30,27
050,21,165,"Kentucky","Menifee County",1,7,53,24,29
050,21,165,"Kentucky","Menifee County",1,8,60,28,32
050,21,165,"Kentucky","Menifee County",1,9,61,31,30
050,21,165,"Kentucky","Menifee County",1,10,55,26,29
050,21,165,"Kentucky","Menifee County",1,11,64,36,28
050,21,165,"Kentucky","Menifee County",1,12,70,33,37
050,21,165,"Kentucky","Menifee County",1,13,72,32,40
050,21,165,"Kentucky","Menifee County",1,14,55,27,28
050,21,165,"Kentucky","Menifee County",1,15,61,30,31
050,21,165,"Kentucky","Menifee County",1,16,69,36,33
050,21,165,"Kentucky","Menifee County",1,17,78,44,34
050,21,165,"Kentucky","Menifee County",1,18,52,28,24
050,21,165,"Kentucky","Menifee County",1,19,39,23,16
050,21,165,"Kentucky","Menifee County",1,20,56,31,25
050,21,165,"Kentucky","Menifee County",1,21,61,35,26
050,21,165,"Kentucky","Menifee County",1,22,63,32,31
050,21,165,"Kentucky","Menifee County",1,23,58,29,29
050,21,165,"Kentucky","Menifee County",1,24,59,29,30
050,21,165,"Kentucky","Menifee County",1,25,61,30,31
050,21,165,"Kentucky","Menifee County",1,26,63,32,31
050,21,165,"Kentucky","Menifee County",1,27,67,35,32
050,21,165,"Kentucky","Menifee County",1,28,79,46,33
050,21,165,"Kentucky","Menifee County",1,29,65,35,30
050,21,165,"Kentucky","Menifee County",1,30,74,41,33
050,21,165,"Kentucky","Menifee County",1,31,68,42,26
050,21,165,"Kentucky","Menifee County",1,32,64,40,24
050,21,165,"Kentucky","Menifee County",1,33,62,37,25
050,21,165,"Kentucky","Menifee County",1,34,56,24,32
050,21,165,"Kentucky","Menifee County",1,35,66,28,38
050,21,165,"Kentucky","Menifee County",1,36,67,29,38
050,21,165,"Kentucky","Menifee County",1,37,75,35,40
050,21,165,"Kentucky","Menifee County",1,38,68,31,37
050,21,165,"Kentucky","Menifee County",1,39,66,32,34
050,21,165,"Kentucky","Menifee County",1,40,66,34,32
050,21,165,"Kentucky","Menifee County",1,41,66,33,33
050,21,165,"Kentucky","Menifee County",1,42,87,46,41
050,21,165,"Kentucky","Menifee County",1,43,69,35,34
050,21,165,"Kentucky","Menifee County",1,44,71,28,43
050,21,165,"Kentucky","Menifee County",1,45,93,47,46
050,21,165,"Kentucky","Menifee County",1,46,88,46,42
050,21,165,"Kentucky","Menifee County",1,47,90,49,41
050,21,165,"Kentucky","Menifee County",1,48,97,54,43
050,21,165,"Kentucky","Menifee County",1,49,86,39,47
050,21,165,"Kentucky","Menifee County",1,50,84,39,45
050,21,165,"Kentucky","Menifee County",1,51,89,48,41
050,21,165,"Kentucky","Menifee County",1,52,85,46,39
050,21,165,"Kentucky","Menifee County",1,53,95,53,42
050,21,165,"Kentucky","Menifee County",1,54,93,51,42
050,21,165,"Kentucky","Menifee County",1,55,109,55,54
050,21,165,"Kentucky","Menifee County",1,56,107,50,57
050,21,165,"Kentucky","Menifee County",1,57,113,55,58
050,21,165,"Kentucky","Menifee County",1,58,112,57,55
050,21,165,"Kentucky","Menifee County",1,59,106,53,53
050,21,165,"Kentucky","Menifee County",1,60,112,57,55
050,21,165,"Kentucky","Menifee County",1,61,97,48,49
050,21,165,"Kentucky","Menifee County",1,62,98,51,47
050,21,165,"Kentucky","Menifee County",1,63,100,55,45
050,21,165,"Kentucky","Menifee County",1,64,96,51,45
050,21,165,"Kentucky","Menifee County",1,65,90,42,48
050,21,165,"Kentucky","Menifee County",1,66,94,53,41
050,21,165,"Kentucky","Menifee County",1,67,93,51,42
050,21,165,"Kentucky","Menifee County",1,68,96,47,49
050,21,165,"Kentucky","Menifee County",1,69,87,42,45
050,21,165,"Kentucky","Menifee County",1,70,93,43,50
050,21,165,"Kentucky","Menifee County",1,71,76,38,38
050,21,165,"Kentucky","Menifee County",1,72,69,34,35
050,21,165,"Kentucky","Menifee County",1,73,81,35,46
050,21,165,"Kentucky","Menifee County",1,74,45,19,26
050,21,165,"Kentucky","Menifee County",1,75,39,17,22
050,21,165,"Kentucky","Menifee County",1,76,46,23,23
050,21,165,"Kentucky","Menifee County",1,77,51,21,30
050,21,165,"Kentucky","Menifee County",1,78,43,15,28
050,21,165,"Kentucky","Menifee County",1,79,41,19,22
050,21,165,"Kentucky","Menifee County",1,80,34,17,17
050,21,165,"Kentucky","Menifee County",1,81,29,13,16
050,21,165,"Kentucky","Menifee County",1,82,33,15,18
050,21,165,"Kentucky","Menifee County",1,83,26,10,16
050,21,165,"Kentucky","Menifee County",1,84,30,16,14
050,21,165,"Kentucky","Menifee County",1,85,119,38,81
050,21,165,"Kentucky","Menifee County",2,0,67,42,25
050,21,165,"Kentucky","Menifee County",2,1,47,22,25
050,21,165,"Kentucky","Menifee County",2,2,54,26,28
050,21,165,"Kentucky","Menifee County",2,3,65,31,34
050,21,165,"Kentucky","Menifee County",2,4,64,29,35
050,21,165,"Kentucky","Menifee County",2,5,60,31,29
050,21,165,"Kentucky","Menifee County",2,6,57,30,27
050,21,165,"Kentucky","Menifee County",2,7,54,26,28
050,21,165,"Kentucky","Menifee County",2,8,58,28,30
050,21,165,"Kentucky","Menifee County",2,9,59,30,29
050,21,165,"Kentucky","Menifee County",2,10,57,28,29
050,21,165,"Kentucky","Menifee County",2,11,61,33,28
050,21,165,"Kentucky","Menifee County",2,12,69,34,35
050,21,165,"Kentucky","Menifee County",2,13,70,32,38
050,21,165,"Kentucky","Menifee County",2,14,60,29,31
050,21,165,"Kentucky","Menifee County",2,15,60,29,31
050,21,165,"Kentucky","Menifee County",2,16,70,36,34
050,21,165,"Kentucky","Menifee County",2,17,79,44,35
050,21,165,"Kentucky","Menifee County",2,18,56,31,25
050,21,165,"Kentucky","Menifee County",2,19,43,26,17
050,21,165,"Kentucky","Menifee County",2,20,56,32,24
050,21,165,"Kentucky","Menifee County",2,21,61,34,27
050,21,165,"Kentucky","Menifee County",2,22,62,33,29
050,21,165,"Kentucky","Menifee County",2,23,59,30,29
050,21,165,"Kentucky","Menifee County",2,24,60,29,31
050,21,165,"Kentucky","Menifee County",2,25,62,30,32
050,21,165,"Kentucky","Menifee County",2,26,62,31,31
050,21,165,"Kentucky","Menifee County",2,27,65,34,31
050,21,165,"Kentucky","Menifee County",2,28,77,44,33
050,21,165,"Kentucky","Menifee County",2,29,68,38,30
050,21,165,"Kentucky","Menifee County",2,30,72,40,32
050,21,165,"Kentucky","Menifee County",2,31,69,41,28
050,21,165,"Kentucky","Menifee County",2,32,65,40,25
050,21,165,"Kentucky","Menifee County",2,33,62,38,24
050,21,165,"Kentucky","Menifee County",2,34,58,28,30
050,21,165,"Kentucky","Menifee County",2,35,66,28,38
050,21,165,"Kentucky","Menifee County",2,36,66,29,37
050,21,165,"Kentucky","Menifee County",2,37,72,34,38
050,21,165,"Kentucky","Menifee County",2,38,70,32,38
050,21,165,"Kentucky","Menifee County",2,39,67,32,35
050,21,165,"Kentucky","Menifee County",2,40,66,33,33
050,21,165,"Kentucky","Menifee County",2,41,67,34,33
050,21,165,"Kentucky","Menifee County",2,42,81,42,39
050,21,165,"Kentucky","Menifee County",2,43,72,36,36
050,21,165,"Kentucky","Menifee County",2,44,69,29,40
050,21,165,"Kentucky","Menifee County",2,45,89,43,46
050,21,165,"Kentucky","Menifee County",2,46,89,46,43
050,21,165,"Kentucky","Menifee County",2,47,89,48,41
050,21,165,"Kentucky","Menifee County",2,48,95,53,42
050,21,165,"Kentucky","Menifee County",2,49,90,43,47
050,21,165,"Kentucky","Menifee County",2,50,85,39,46
050,21,165,"Kentucky","Menifee County",2,51,90,47,43
050,21,165,"Kentucky","Menifee County",2,52,85,46,39
050,21,165,"Kentucky","Menifee County",2,53,94,51,43
050,21,165,"Kentucky","Menifee County",2,54,93,51,42
050,21,165,"Kentucky","Menifee County",2,55,106,54,52
050,21,165,"Kentucky","Menifee County",2,56,109,52,57
050,21,165,"Kentucky","Menifee County",2,57,113,55,58
050,21,165,"Kentucky","Menifee County",2,58,113,58,55
050,21,165,"Kentucky","Menifee County",2,59,108,55,53
050,21,165,"Kentucky","Menifee County",2,60,111,56,55
050,21,165,"Kentucky","Menifee County",2,61,101,50,51
050,21,165,"Kentucky","Menifee County",2,62,98,51,47
050,21,165,"Kentucky","Menifee County",2,63,101,54,47
050,21,165,"Kentucky","Menifee County",2,64,96,52,44
050,21,165,"Kentucky","Menifee County",2,65,92,45,47
050,21,165,"Kentucky","Menifee County",2,66,94,51,43
050,21,165,"Kentucky","Menifee County",2,67,93,51,42
050,21,165,"Kentucky","Menifee County",2,68,92,45,47
050,21,165,"Kentucky","Menifee County",2,69,90,44,46
050,21,165,"Kentucky","Menifee County",2,70,91,43,48
050,21,165,"Kentucky","Menifee County",2,71,80,39,41
050,21,165,"Kentucky","Menifee County",2,72,70,35,35
050,21,165,"Kentucky","Menifee County",2,73,83,37,46
050,21,165,"Kentucky","Menifee County",2,74,50,21,29
050,21,165,"Kentucky","Menifee County",2,75,41,18,23
050,21,165,"Kentucky","Menifee County",2,76,44,21,23
050,21,165,"Kentucky","Menifee County",2,77,51,22,29
050,21,165,"Kentucky","Menifee County",2,78,44,16,28
050,21,165,"Kentucky","Menifee County",2,79,40,18,22
050,21,165,"Kentucky","Menifee County",2,80,37,18,19
050,21,165,"Kentucky","Menifee County",2,81,28,12,16
050,21,165,"Kentucky","Menifee County",2,82,32,15,17
050,21,165,"Kentucky","Menifee County",2,83,25,11,14
050,21,165,"Kentucky","Menifee County",2,84,28,15,13
050,21,165,"Kentucky","Menifee County",2,85,122,39,83
050,21,165,"Kentucky","Menifee County",3,0,61,29,32
050,21,165,"Kentucky","Menifee County",3,1,68,39,29
050,21,165,"Kentucky","Menifee County",3,2,54,25,29
050,21,165,"Kentucky","Menifee County",3,3,61,29,32
050,21,165,"Kentucky","Menifee County",3,4,70,36,34
050,21,165,"Kentucky","Menifee County",3,5,68,29,39
050,21,165,"Kentucky","Menifee County",3,6,58,27,31
050,21,165,"Kentucky","Menifee County",3,7,60,31,29
050,21,165,"Kentucky","Menifee County",3,8,46,22,24
050,21,165,"Kentucky","Menifee County",3,9,57,26,31
050,21,165,"Kentucky","Menifee County",3,10,56,29,27
050,21,165,"Kentucky","Menifee County",3,11,58,27,31
050,21,165,"Kentucky","Menifee County",3,12,64,35,29
050,21,165,"Kentucky","Menifee County",3,13,72,37,35
050,21,165,"Kentucky","Menifee County",3,14,75,34,41
050,21,165,"Kentucky","Menifee County",3,15,68,32,36
050,21,165,"Kentucky","Menifee County",3,16,63,26,37
050,21,165,"Kentucky","Menifee County",3,17,72,36,36
050,21,165,"Kentucky","Menifee County",3,18,56,29,27
050,21,165,"Kentucky","Menifee County",3,19,44,22,22
050,21,165,"Kentucky","Menifee County",3,20,47,27,20
050,21,165,"Kentucky","Menifee County",3,21,63,32,31
050,21,165,"Kentucky","Menifee County",3,22,63,33,30
050,21,165,"Kentucky","Menifee County",3,23,75,41,34
050,21,165,"Kentucky","Menifee County",3,24,69,36,33
050,21,165,"Kentucky","Menifee County",3,25,66,30,36
050,21,165,"Kentucky","Menifee County",3,26,52,30,22
050,21,165,"Kentucky","Menifee County",3,27,70,36,34
050,21,165,"Kentucky","Menifee County",3,28,72,38,34
050,21,165,"Kentucky","Menifee County",3,29,79,47,32
050,21,165,"Kentucky","Menifee County",3,30,64,35,29
050,21,165,"Kentucky","Menifee County",3,31,71,42,29
050,21,165,"Kentucky","Menifee County",3,32,72,43,29
050,21,165,"Kentucky","Menifee County",3,33,64,40,24
050,21,165,"Kentucky","Menifee County",3,34,69,41,28
050,21,165,"Kentucky","Menifee County",3,35,62,27,35
050,21,165,"Kentucky","Menifee County",3,36,73,31,42
050,21,165,"Kentucky","Menifee County",3,37,76,35,41
050,21,165,"Kentucky","Menifee County",3,38,65,26,39
050,21,165,"Kentucky","Menifee County",3,39,68,34,34
050,21,165,"Kentucky","Menifee County",3,40,68,33,35
050,21,165,"Kentucky","Menifee County",3,41,70,34,36
050,21,165,"Kentucky","Menifee County",3,42,65,32,33
050,21,165,"Kentucky","Menifee County",3,43,87,48,39
050,21,165,"Kentucky","Menifee County",3,44,78,36,42
050,21,165,"Kentucky","Menifee County",3,45,69,29,40
050,21,165,"Kentucky","Menifee County",3,46,95,45,50
050,21,165,"Kentucky","Menifee County",3,47,88,45,43
050,21,165,"Kentucky","Menifee County",3,48,93,48,45
050,21,165,"Kentucky","Menifee County",3,49,89,49,40
050,21,165,"Kentucky","Menifee County",3,50,93,45,48
050,21,165,"Kentucky","Menifee County",3,51,86,39,47
050,21,165,"Kentucky","Menifee County",3,52,91,49,42
050,21,165,"Kentucky","Menifee County",3,53,81,44,37
050,21,165,"Kentucky","Menifee County",3,54,91,51,40
050,21,165,"Kentucky","Menifee County",3,55,94,50,44
050,21,165,"Kentucky","Menifee County",3,56,104,52,52
050,21,165,"Kentucky","Menifee County",3,57,103,52,51
050,21,165,"Kentucky","Menifee County",3,58,114,57,57
050,21,165,"Kentucky","Menifee County",3,59,109,57,52
050,21,165,"Kentucky","Menifee County",3,60,108,53,55
050,21,165,"Kentucky","Menifee County",3,61,109,55,54
050,21,165,"Kentucky","Menifee County",3,62,108,53,55
050,21,165,"Kentucky","Menifee County",3,63,94,50,44
050,21,165,"Kentucky","Menifee County",3,64,99,53,46
050,21,165,"Kentucky","Menifee County",3,65,98,54,44
050,21,165,"Kentucky","Menifee County",3,66,86,41,45
050,21,165,"Kentucky","Menifee County",3,67,91,49,42
050,21,165,"Kentucky","Menifee County",3,68,92,50,42
050,21,165,"Kentucky","Menifee County",3,69,91,45,46
050,21,165,"Kentucky","Menifee County",3,70,82,40,42
050,21,165,"Kentucky","Menifee County",3,71,90,44,46
050,21,165,"Kentucky","Menifee County",3,72,77,35,42
050,21,165,"Kentucky","Menifee County",3,73,68,34,34
050,21,165,"Kentucky","Menifee County",3,74,77,34,43
050,21,165,"Kentucky","Menifee County",3,75,48,22,26
050,21,165,"Kentucky","Menifee County",3,76,35,15,20
050,21,165,"Kentucky","Menifee County",3,77,45,22,23
050,21,165,"Kentucky","Menifee County",3,78,50,21,29
050,21,165,"Kentucky","Menifee County",3,79,35,12,23
050,21,165,"Kentucky","Menifee County",3,80,38,15,23
050,21,165,"Kentucky","Menifee County",3,81,30,16,14
050,21,165,"Kentucky","Menifee County",3,82,25,12,13
050,21,165,"Kentucky","Menifee County",3,83,24,12,12
050,21,165,"Kentucky","Menifee County",3,84,20,8,12
050,21,165,"Kentucky","Menifee County",3,85,126,45,81
050,21,165,"Kentucky","Menifee County",4,0,68,33,35
050,21,165,"Kentucky","Menifee County",4,1,62,25,37
050,21,165,"Kentucky","Menifee County",4,2,76,43,33
050,21,165,"Kentucky","Menifee County",4,3,50,26,24
050,21,165,"Kentucky","Menifee County",4,4,59,25,34
050,21,165,"Kentucky","Menifee County",4,5,68,31,37
050,21,165,"Kentucky","Menifee County",4,6,70,27,43
050,21,165,"Kentucky","Menifee County",4,7,63,31,32
050,21,165,"Kentucky","Menifee County",4,8,69,34,35
050,21,165,"Kentucky","Menifee County",4,9,52,28,24
050,21,165,"Kentucky","Menifee County",4,10,64,27,37
050,21,165,"Kentucky","Menifee County",4,11,60,32,28
050,21,165,"Kentucky","Menifee County",4,12,60,31,29
050,21,165,"Kentucky","Menifee County",4,13,63,34,29
050,21,165,"Kentucky","Menifee County",4,14,68,31,37
050,21,165,"Kentucky","Menifee County",4,15,76,38,38
050,21,165,"Kentucky","Menifee County",4,16,63,32,31
050,21,165,"Kentucky","Menifee County",4,17,64,30,34
050,21,165,"Kentucky","Menifee County",4,18,59,29,30
050,21,165,"Kentucky","Menifee County",4,19,43,21,22
050,21,165,"Kentucky","Menifee County",4,20,49,26,23
050,21,165,"Kentucky","Menifee County",4,21,60,35,25
050,21,165,"Kentucky","Menifee County",4,22,68,33,35
050,21,165,"Kentucky","Menifee County",4,23,70,37,33
050,21,165,"Kentucky","Menifee County",4,24,77,40,37
050,21,165,"Kentucky","Menifee County",4,25,67,34,33
050,21,165,"Kentucky","Menifee County",4,26,65,33,32
050,21,165,"Kentucky","Menifee County",4,27,52,29,23
050,21,165,"Kentucky","Menifee County",4,28,73,42,31
050,21,165,"Kentucky","Menifee County",4,29,74,40,34
050,21,165,"Kentucky","Menifee County",4,30,79,43,36
050,21,165,"Kentucky","Menifee County",4,31,61,34,27
050,21,165,"Kentucky","Menifee County",4,32,77,46,31
050,21,165,"Kentucky","Menifee County",4,33,73,43,30
050,21,165,"Kentucky","Menifee County",4,34,67,42,25
050,21,165,"Kentucky","Menifee County",4,35,70,41,29
050,21,165,"Kentucky","Menifee County",4,36,60,25,35
050,21,165,"Kentucky","Menifee County",4,37,69,29,40
050,21,165,"Kentucky","Menifee County",4,38,78,37,41
050,21,165,"Kentucky","Menifee County",4,39,68,29,39
050,21,165,"Kentucky","Menifee County",4,40,66,35,31
050,21,165,"Kentucky","Menifee County",4,41,73,36,37
050,21,165,"Kentucky","Menifee County",4,42,73,35,38
050,21,165,"Kentucky","Menifee County",4,43,62,32,30
050,21,165,"Kentucky","Menifee County",4,44,88,52,36
050,21,165,"Kentucky","Menifee County",4,45,78,36,42
050,21,165,"Kentucky","Menifee County",4,46,69,30,39
050,21,165,"Kentucky","Menifee County",4,47,96,45,51
050,21,165,"Kentucky","Menifee County",4,48,85,44,41
050,21,165,"Kentucky","Menifee County",4,49,88,43,45
050,21,165,"Kentucky","Menifee County",4,50,94,51,43
050,21,165,"Kentucky","Menifee County",4,51,94,46,48
050,21,165,"Kentucky","Menifee County",4,52,90,41,49
050,21,165,"Kentucky","Menifee County",4,53,90,48,42
050,21,165,"Kentucky","Menifee County",4,54,79,46,33
050,21,165,"Kentucky","Menifee County",4,55,93,53,40
050,21,165,"Kentucky","Menifee County",4,56,94,49,45
050,21,165,"Kentucky","Menifee County",4,57,107,55,52
050,21,165,"Kentucky","Menifee County",4,58,107,54,53
050,21,165,"Kentucky","Menifee County",4,59,121,61,60
050,21,165,"Kentucky","Menifee County",4,60,115,59,56
050,21,165,"Kentucky","Menifee County",4,61,111,51,60
050,21,165,"Kentucky","Menifee County",4,62,111,53,58
050,21,165,"Kentucky","Menifee County",4,63,103,53,50
050,21,165,"Kentucky","Menifee County",4,64,94,49,45
050,21,165,"Kentucky","Menifee County",4,65,95,51,44
050,21,165,"Kentucky","Menifee County",4,66,94,51,43
050,21,165,"Kentucky","Menifee County",4,67,81,39,42
050,21,165,"Kentucky","Menifee County",4,68,93,49,44
050,21,165,"Kentucky","Menifee County",4,69,88,49,39
050,21,165,"Kentucky","Menifee County",4,70,88,43,45
050,21,165,"Kentucky","Menifee County",4,71,84,42,42
050,21,165,"Kentucky","Menifee County",4,72,87,42,45
050,21,165,"Kentucky","Menifee County",4,73,73,31,42
050,21,165,"Kentucky","Menifee County",4,74,64,31,33
050,21,165,"Kentucky","Menifee County",4,75,70,32,38
050,21,165,"Kentucky","Menifee County",4,76,44,20,24
050,21,165,"Kentucky","Menifee County",4,77,30,13,17
050,21,165,"Kentucky","Menifee County",4,78,46,22,24
050,21,165,"Kentucky","Menifee County",4,79,43,18,25
050,21,165,"Kentucky","Menifee County",4,80,35,12,23
050,21,165,"Kentucky","Menifee County",4,81,34,13,21
050,21,165,"Kentucky","Menifee County",4,82,24,13,11
050,21,165,"Kentucky","Menifee County",4,83,18,7,11
050,21,165,"Kentucky","Menifee County",4,84,23,13,10
050,21,165,"Kentucky","Menifee County",4,85,127,47,80
050,21,165,"Kentucky","Menifee County",5,0,68,33,35
050,21,165,"Kentucky","Menifee County",5,1,74,34,40
050,21,165,"Kentucky","Menifee County",5,2,63,26,37
050,21,165,"Kentucky","Menifee County",5,3,77,42,35
050,21,165,"Kentucky","Menifee County",5,4,50,24,26
050,21,165,"Kentucky","Menifee County",5,5,58,26,32
050,21,165,"Kentucky","Menifee County",5,6,62,31,31
050,21,165,"Kentucky","Menifee County",5,7,61,22,39
050,21,165,"Kentucky","Menifee County",5,8,71,38,33
050,21,165,"Kentucky","Menifee County",5,9,65,32,33
050,21,165,"Kentucky","Menifee County",5,10,59,30,29
050,21,165,"Kentucky","Menifee County",5,11,59,24,35
050,21,165,"Kentucky","Menifee County",5,12,67,32,35
050,21,165,"Kentucky","Menifee County",5,13,66,34,32
050,21,165,"Kentucky","Menifee County",5,14,74,41,33
050,21,165,"Kentucky","Menifee County",5,15,67,34,33
050,21,165,"Kentucky","Menifee County",5,16,69,34,35
050,21,165,"Kentucky","Menifee County",5,17,64,32,32
050,21,165,"Kentucky","Menifee County",5,18,62,30,32
050,21,165,"Kentucky","Menifee County",5,19,43,21,22
050,21,165,"Kentucky","Menifee County",5,20,49,24,25
050,21,165,"Kentucky","Menifee County",5,21,57,30,27
050,21,165,"Kentucky","Menifee County",5,22,67,38,29
050,21,165,"Kentucky","Menifee County",5,23,78,33,45
050,21,165,"Kentucky","Menifee County",5,24,74,42,32
050,21,165,"Kentucky","Menifee County",5,25,70,35,35
050,21,165,"Kentucky","Menifee County",5,26,67,35,32
050,21,165,"Kentucky","Menifee County",5,27,67,37,30
050,21,165,"Kentucky","Menifee County",5,28,58,35,23
050,21,165,"Kentucky","Menifee County",5,29,81,44,37
050,21,165,"Kentucky","Menifee County",5,30,77,41,36
050,21,165,"Kentucky","Menifee County",5,31,77,43,34
050,21,165,"Kentucky","Menifee County",5,32,56,27,29
050,21,165,"Kentucky","Menifee County",5,33,75,43,32
050,21,165,"Kentucky","Menifee County",5,34,71,39,32
050,21,165,"Kentucky","Menifee County",5,35,65,39,26
050,21,165,"Kentucky","Menifee County",5,36,75,46,29
050,21,165,"Kentucky","Menifee County",5,37,62,26,36
050,21,165,"Kentucky","Menifee County",5,38,75,34,41
050,21,165,"Kentucky","Menifee County",5,39,76,38,38
050,21,165,"Kentucky","Menifee County",5,40,70,32,38
050,21,165,"Kentucky","Menifee County",5,41,63,34,29
050,21,165,"Kentucky","Menifee County",5,42,74,36,38
050,21,165,"Kentucky","Menifee County",5,43,77,38,39
050,21,165,"Kentucky","Menifee County",5,44,77,39,38
050,21,165,"Kentucky","Menifee County",5,45,84,48,36
050,21,165,"Kentucky","Menifee County",5,46,77,37,40
050,21,165,"Kentucky","Menifee County",5,47,71,33,38
050,21,165,"Kentucky","Menifee County",5,48,85,40,45
050,21,165,"Kentucky","Menifee County",5,49,83,44,39
050,21,165,"Kentucky","Menifee County",5,50,92,43,49
050,21,165,"Kentucky","Menifee County",5,51,97,55,42
050,21,165,"Kentucky","Menifee County",5,52,96,47,49
050,21,165,"Kentucky","Menifee County",5,53,88,40,48
050,21,165,"Kentucky","Menifee County",5,54,85,44,41
050,21,165,"Kentucky","Menifee County",5,55,80,47,33
050,21,165,"Kentucky","Menifee County",5,56,92,51,41
050,21,165,"Kentucky","Menifee County",5,57,97,53,44
050,21,165,"Kentucky","Menifee County",5,58,102,54,48
050,21,165,"Kentucky","Menifee County",5,59,106,55,51
050,21,165,"Kentucky","Menifee County",5,60,120,57,63
050,21,165,"Kentucky","Menifee County",5,61,112,57,55
050,21,165,"Kentucky","Menifee County",5,62,109,50,59
050,21,165,"Kentucky","Menifee County",5,63,110,53,57
050,21,165,"Kentucky","Menifee County",5,64,102,52,50
050,21,165,"Kentucky","Menifee County",5,65,92,47,45
050,21,165,"Kentucky","Menifee County",5,66,94,51,43
050,21,165,"Kentucky","Menifee County",5,67,92,50,42
050,21,165,"Kentucky","Menifee County",5,68,84,42,42
050,21,165,"Kentucky","Menifee County",5,69,89,47,42
050,21,165,"Kentucky","Menifee County",5,70,82,46,36
050,21,165,"Kentucky","Menifee County",5,71,89,43,46
050,21,165,"Kentucky","Menifee County",5,72,84,40,44
050,21,165,"Kentucky","Menifee County",5,73,87,40,47
050,21,165,"Kentucky","Menifee County",5,74,72,30,42
050,21,165,"Kentucky","Menifee County",5,75,63,31,32
050,21,165,"Kentucky","Menifee County",5,76,69,32,37
050,21,165,"Kentucky","Menifee County",5,77,45,20,25
050,21,165,"Kentucky","Menifee County",5,78,33,14,19
050,21,165,"Kentucky","Menifee County",5,79,36,19,17
050,21,165,"Kentucky","Menifee County",5,80,38,14,24
050,21,165,"Kentucky","Menifee County",5,81,32,12,20
050,21,165,"Kentucky","Menifee County",5,82,32,11,21
050,21,165,"Kentucky","Menifee County",5,83,18,9,9
050,21,165,"Kentucky","Menifee County",5,84,16,7,9
050,21,165,"Kentucky","Menifee County",5,85,134,56,78
050,21,167,"Kentucky","Mercer County",1,0,243,123,120
050,21,167,"Kentucky","Mercer County",1,1,255,131,124
050,21,167,"Kentucky","Mercer County",1,2,288,152,136
050,21,167,"Kentucky","Mercer County",1,3,262,148,114
050,21,167,"Kentucky","Mercer County",1,4,286,151,135
050,21,167,"Kentucky","Mercer County",1,5,267,135,132
050,21,167,"Kentucky","Mercer County",1,6,262,142,120
050,21,167,"Kentucky","Mercer County",1,7,260,147,113
050,21,167,"Kentucky","Mercer County",1,8,280,157,123
050,21,167,"Kentucky","Mercer County",1,9,259,133,126
050,21,167,"Kentucky","Mercer County",1,10,288,131,157
050,21,167,"Kentucky","Mercer County",1,11,307,160,147
050,21,167,"Kentucky","Mercer County",1,12,305,157,148
050,21,167,"Kentucky","Mercer County",1,13,290,150,140
050,21,167,"Kentucky","Mercer County",1,14,283,148,135
050,21,167,"Kentucky","Mercer County",1,15,293,153,140
050,21,167,"Kentucky","Mercer County",1,16,321,163,158
050,21,167,"Kentucky","Mercer County",1,17,292,160,132
050,21,167,"Kentucky","Mercer County",1,18,254,143,111
050,21,167,"Kentucky","Mercer County",1,19,220,108,112
050,21,167,"Kentucky","Mercer County",1,20,225,114,111
050,21,167,"Kentucky","Mercer County",1,21,257,134,123
050,21,167,"Kentucky","Mercer County",1,22,245,130,115
050,21,167,"Kentucky","Mercer County",1,23,247,118,129
050,21,167,"Kentucky","Mercer County",1,24,246,127,119
050,21,167,"Kentucky","Mercer County",1,25,281,143,138
050,21,167,"Kentucky","Mercer County",1,26,289,143,146
050,21,167,"Kentucky","Mercer County",1,27,280,142,138
050,21,167,"Kentucky","Mercer County",1,28,292,153,139
050,21,167,"Kentucky","Mercer County",1,29,262,128,134
050,21,167,"Kentucky","Mercer County",1,30,263,139,124
050,21,167,"Kentucky","Mercer County",1,31,258,130,128
050,21,167,"Kentucky","Mercer County",1,32,257,130,127
050,21,167,"Kentucky","Mercer County",1,33,255,130,125
050,21,167,"Kentucky","Mercer County",1,34,236,116,120
050,21,167,"Kentucky","Mercer County",1,35,259,131,128
050,21,167,"Kentucky","Mercer County",1,36,248,120,128
050,21,167,"Kentucky","Mercer County",1,37,247,121,126
050,21,167,"Kentucky","Mercer County",1,38,270,142,128
050,21,167,"Kentucky","Mercer County",1,39,252,123,129
050,21,167,"Kentucky","Mercer County",1,40,254,119,135
050,21,167,"Kentucky","Mercer County",1,41,262,133,129
050,21,167,"Kentucky","Mercer County",1,42,250,126,124
050,21,167,"Kentucky","Mercer County",1,43,254,133,121
050,21,167,"Kentucky","Mercer County",1,44,238,116,122
050,21,167,"Kentucky","Mercer County",1,45,242,118,124
050,21,167,"Kentucky","Mercer County",1,46,259,124,135
050,21,167,"Kentucky","Mercer County",1,47,261,131,130
050,21,167,"Kentucky","Mercer County",1,48,295,143,152
050,21,167,"Kentucky","Mercer County",1,49,325,159,166
050,21,167,"Kentucky","Mercer County",1,50,305,158,147
050,21,167,"Kentucky","Mercer County",1,51,302,154,148
050,21,167,"Kentucky","Mercer County",1,52,298,147,151
050,21,167,"Kentucky","Mercer County",1,53,319,152,167
050,21,167,"Kentucky","Mercer County",1,54,362,167,195
050,21,167,"Kentucky","Mercer County",1,55,377,183,194
050,21,167,"Kentucky","Mercer County",1,56,359,169,190
050,21,167,"Kentucky","Mercer County",1,57,372,185,187
050,21,167,"Kentucky","Mercer County",1,58,378,192,186
050,21,167,"Kentucky","Mercer County",1,59,352,178,174
050,21,167,"Kentucky","Mercer County",1,60,342,171,171
050,21,167,"Kentucky","Mercer County",1,61,345,182,163
050,21,167,"Kentucky","Mercer County",1,62,345,180,165
050,21,167,"Kentucky","Mercer County",1,63,305,149,156
050,21,167,"Kentucky","Mercer County",1,64,334,168,166
050,21,167,"Kentucky","Mercer County",1,65,327,164,163
050,21,167,"Kentucky","Mercer County",1,66,270,140,130
050,21,167,"Kentucky","Mercer County",1,67,257,120,137
050,21,167,"Kentucky","Mercer County",1,68,268,127,141
050,21,167,"Kentucky","Mercer County",1,69,267,129,138
050,21,167,"Kentucky","Mercer County",1,70,251,122,129
050,21,167,"Kentucky","Mercer County",1,71,231,98,133
050,21,167,"Kentucky","Mercer County",1,72,236,103,133
050,21,167,"Kentucky","Mercer County",1,73,262,123,139
050,21,167,"Kentucky","Mercer County",1,74,176,86,90
050,21,167,"Kentucky","Mercer County",1,75,165,65,100
050,21,167,"Kentucky","Mercer County",1,76,174,72,102
050,21,167,"Kentucky","Mercer County",1,77,168,71,97
050,21,167,"Kentucky","Mercer County",1,78,161,76,85
050,21,167,"Kentucky","Mercer County",1,79,128,56,72
050,21,167,"Kentucky","Mercer County",1,80,101,48,53
050,21,167,"Kentucky","Mercer County",1,81,112,49,63
050,21,167,"Kentucky","Mercer County",1,82,109,39,70
050,21,167,"Kentucky","Mercer County",1,83,94,40,54
050,21,167,"Kentucky","Mercer County",1,84,76,32,44
050,21,167,"Kentucky","Mercer County",1,85,392,107,285
050,21,167,"Kentucky","Mercer County",2,0,237,123,114
050,21,167,"Kentucky","Mercer County",2,1,253,130,123
050,21,167,"Kentucky","Mercer County",2,2,278,145,133
050,21,167,"Kentucky","Mercer County",2,3,267,147,120
050,21,167,"Kentucky","Mercer County",2,4,282,151,131
050,21,167,"Kentucky","Mercer County",2,5,273,140,133
050,21,167,"Kentucky","Mercer County",2,6,266,141,125
050,21,167,"Kentucky","Mercer County",2,7,259,145,114
050,21,167,"Kentucky","Mercer County",2,8,273,153,120
050,21,167,"Kentucky","Mercer County",2,9,264,138,126
050,21,167,"Kentucky","Mercer County",2,10,280,132,148
050,21,167,"Kentucky","Mercer County",2,11,300,151,149
050,21,167,"Kentucky","Mercer County",2,12,310,160,150
050,21,167,"Kentucky","Mercer County",2,13,293,151,142
050,21,167,"Kentucky","Mercer County",2,14,283,148,135
050,21,167,"Kentucky","Mercer County",2,15,291,152,139
050,21,167,"Kentucky","Mercer County",2,16,315,161,154
050,21,167,"Kentucky","Mercer County",2,17,302,163,139
050,21,167,"Kentucky","Mercer County",2,18,254,140,114
050,21,167,"Kentucky","Mercer County",2,19,223,113,110
050,21,167,"Kentucky","Mercer County",2,20,228,115,113
050,21,167,"Kentucky","Mercer County",2,21,251,129,122
050,21,167,"Kentucky","Mercer County",2,22,251,131,120
050,21,167,"Kentucky","Mercer County",2,23,243,119,124
050,21,167,"Kentucky","Mercer County",2,24,247,125,122
050,21,167,"Kentucky","Mercer County",2,25,277,140,137
050,21,167,"Kentucky","Mercer County",2,26,290,144,146
050,21,167,"Kentucky","Mercer County",2,27,284,144,140
050,21,167,"Kentucky","Mercer County",2,28,289,151,138
050,21,167,"Kentucky","Mercer County",2,29,269,135,134
050,21,167,"Kentucky","Mercer County",2,30,264,137,127
050,21,167,"Kentucky","Mercer County",2,31,258,131,127
050,21,167,"Kentucky","Mercer County",2,32,255,129,126
050,21,167,"Kentucky","Mercer County",2,33,256,131,125
050,21,167,"Kentucky","Mercer County",2,34,240,119,121
050,21,167,"Kentucky","Mercer County",2,35,256,128,128
050,21,167,"Kentucky","Mercer County",2,36,249,122,127
050,21,167,"Kentucky","Mercer County",2,37,249,122,127
050,21,167,"Kentucky","Mercer County",2,38,263,136,127
050,21,167,"Kentucky","Mercer County",2,39,255,125,130
050,21,167,"Kentucky","Mercer County",2,40,254,121,133
050,21,167,"Kentucky","Mercer County",2,41,261,131,130
050,21,167,"Kentucky","Mercer County",2,42,253,129,124
050,21,167,"Kentucky","Mercer County",2,43,257,134,123
050,21,167,"Kentucky","Mercer County",2,44,240,120,120
050,21,167,"Kentucky","Mercer County",2,45,243,118,125
050,21,167,"Kentucky","Mercer County",2,46,253,122,131
050,21,167,"Kentucky","Mercer County",2,47,260,130,130
050,21,167,"Kentucky","Mercer County",2,48,284,138,146
050,21,167,"Kentucky","Mercer County",2,49,321,158,163
050,21,167,"Kentucky","Mercer County",2,50,309,159,150
050,21,167,"Kentucky","Mercer County",2,51,302,155,147
050,21,167,"Kentucky","Mercer County",2,52,301,149,152
050,21,167,"Kentucky","Mercer County",2,53,314,150,164
050,21,167,"Kentucky","Mercer County",2,54,352,165,187
050,21,167,"Kentucky","Mercer County",2,55,375,180,195
050,21,167,"Kentucky","Mercer County",2,56,369,175,194
050,21,167,"Kentucky","Mercer County",2,57,368,181,187
050,21,167,"Kentucky","Mercer County",2,58,376,191,185
050,21,167,"Kentucky","Mercer County",2,59,361,182,179
050,21,167,"Kentucky","Mercer County",2,60,343,173,170
050,21,167,"Kentucky","Mercer County",2,61,346,181,165
050,21,167,"Kentucky","Mercer County",2,62,340,179,161
050,21,167,"Kentucky","Mercer County",2,63,313,156,157
050,21,167,"Kentucky","Mercer County",2,64,324,162,162
050,21,167,"Kentucky","Mercer County",2,65,328,163,165
050,21,167,"Kentucky","Mercer County",2,66,282,143,139
050,21,167,"Kentucky","Mercer County",2,67,256,124,132
050,21,167,"Kentucky","Mercer County",2,68,264,124,140
050,21,167,"Kentucky","Mercer County",2,69,267,127,140
050,21,167,"Kentucky","Mercer County",2,70,254,124,130
050,21,167,"Kentucky","Mercer County",2,71,238,104,134
050,21,167,"Kentucky","Mercer County",2,72,230,100,130
050,21,167,"Kentucky","Mercer County",2,73,267,123,144
050,21,167,"Kentucky","Mercer County",2,74,184,88,96
050,21,167,"Kentucky","Mercer County",2,75,169,71,98
050,21,167,"Kentucky","Mercer County",2,76,170,70,100
050,21,167,"Kentucky","Mercer County",2,77,172,72,100
050,21,167,"Kentucky","Mercer County",2,78,159,73,86
050,21,167,"Kentucky","Mercer County",2,79,132,57,75
050,21,167,"Kentucky","Mercer County",2,80,105,49,56
050,21,167,"Kentucky","Mercer County",2,81,106,47,59
050,21,167,"Kentucky","Mercer County",2,82,109,42,67
050,21,167,"Kentucky","Mercer County",2,83,94,39,55
050,21,167,"Kentucky","Mercer County",2,84,78,33,45
050,21,167,"Kentucky","Mercer County",2,85,395,109,286
050,21,167,"Kentucky","Mercer County",3,0,230,125,105
050,21,167,"Kentucky","Mercer County",3,1,238,127,111
050,21,167,"Kentucky","Mercer County",3,2,255,131,124
050,21,167,"Kentucky","Mercer County",3,3,295,146,149
050,21,167,"Kentucky","Mercer County",3,4,264,146,118
050,21,167,"Kentucky","Mercer County",3,5,272,148,124
050,21,167,"Kentucky","Mercer County",3,6,290,156,134
050,21,167,"Kentucky","Mercer County",3,7,275,146,129
050,21,167,"Kentucky","Mercer County",3,8,267,149,118
050,21,167,"Kentucky","Mercer County",3,9,296,163,133
050,21,167,"Kentucky","Mercer County",3,10,274,140,134
050,21,167,"Kentucky","Mercer County",3,11,304,149,155
050,21,167,"Kentucky","Mercer County",3,12,313,164,149
050,21,167,"Kentucky","Mercer County",3,13,318,165,153
050,21,167,"Kentucky","Mercer County",3,14,299,150,149
050,21,167,"Kentucky","Mercer County",3,15,292,150,142
050,21,167,"Kentucky","Mercer County",3,16,293,154,139
050,21,167,"Kentucky","Mercer County",3,17,335,170,165
050,21,167,"Kentucky","Mercer County",3,18,269,149,120
050,21,167,"Kentucky","Mercer County",3,19,222,124,98
050,21,167,"Kentucky","Mercer County",3,20,228,113,115
050,21,167,"Kentucky","Mercer County",3,21,230,116,114
050,21,167,"Kentucky","Mercer County",3,22,258,130,128
050,21,167,"Kentucky","Mercer County",3,23,247,125,122
050,21,167,"Kentucky","Mercer County",3,24,247,121,126
050,21,167,"Kentucky","Mercer County",3,25,252,120,132
050,21,167,"Kentucky","Mercer County",3,26,261,131,130
050,21,167,"Kentucky","Mercer County",3,27,294,144,150
050,21,167,"Kentucky","Mercer County",3,28,301,154,147
050,21,167,"Kentucky","Mercer County",3,29,283,144,139
050,21,167,"Kentucky","Mercer County",3,30,275,137,138
050,21,167,"Kentucky","Mercer County",3,31,274,140,134
050,21,167,"Kentucky","Mercer County",3,32,265,130,135
050,21,167,"Kentucky","Mercer County",3,33,269,138,131
050,21,167,"Kentucky","Mercer County",3,34,263,129,134
050,21,167,"Kentucky","Mercer County",3,35,244,122,122
050,21,167,"Kentucky","Mercer County",3,36,258,126,132
050,21,167,"Kentucky","Mercer County",3,37,255,123,132
050,21,167,"Kentucky","Mercer County",3,38,244,121,123
050,21,167,"Kentucky","Mercer County",3,39,273,141,132
050,21,167,"Kentucky","Mercer County",3,40,268,132,136
050,21,167,"Kentucky","Mercer County",3,41,257,128,129
050,21,167,"Kentucky","Mercer County",3,42,275,139,136
050,21,167,"Kentucky","Mercer County",3,43,260,135,125
050,21,167,"Kentucky","Mercer County",3,44,276,142,134
050,21,167,"Kentucky","Mercer County",3,45,243,117,126
050,21,167,"Kentucky","Mercer County",3,46,257,134,123
050,21,167,"Kentucky","Mercer County",3,47,254,128,126
050,21,167,"Kentucky","Mercer County",3,48,261,130,131
050,21,167,"Kentucky","Mercer County",3,49,286,142,144
050,21,167,"Kentucky","Mercer County",3,50,323,153,170
050,21,167,"Kentucky","Mercer County",3,51,306,156,150
050,21,167,"Kentucky","Mercer County",3,52,300,151,149
050,21,167,"Kentucky","Mercer County",3,53,299,147,152
050,21,167,"Kentucky","Mercer County",3,54,316,152,164
050,21,167,"Kentucky","Mercer County",3,55,336,157,179
050,21,167,"Kentucky","Mercer County",3,56,373,184,189
050,21,167,"Kentucky","Mercer County",3,57,381,181,200
050,21,167,"Kentucky","Mercer County",3,58,376,187,189
050,21,167,"Kentucky","Mercer County",3,59,367,182,185
050,21,167,"Kentucky","Mercer County",3,60,369,186,183
050,21,167,"Kentucky","Mercer County",3,61,356,182,174
050,21,167,"Kentucky","Mercer County",3,62,339,178,161
050,21,167,"Kentucky","Mercer County",3,63,338,173,165
050,21,167,"Kentucky","Mercer County",3,64,306,152,154
050,21,167,"Kentucky","Mercer County",3,65,316,153,163
050,21,167,"Kentucky","Mercer County",3,66,322,162,160
050,21,167,"Kentucky","Mercer County",3,67,276,142,134
050,21,167,"Kentucky","Mercer County",3,68,254,123,131
050,21,167,"Kentucky","Mercer County",3,69,256,118,138
050,21,167,"Kentucky","Mercer County",3,70,258,123,135
050,21,167,"Kentucky","Mercer County",3,71,259,125,134
050,21,167,"Kentucky","Mercer County",3,72,227,100,127
050,21,167,"Kentucky","Mercer County",3,73,219,92,127
050,21,167,"Kentucky","Mercer County",3,74,248,113,135
050,21,167,"Kentucky","Mercer County",3,75,176,83,93
050,21,167,"Kentucky","Mercer County",3,76,158,67,91
050,21,167,"Kentucky","Mercer County",3,77,158,65,93
050,21,167,"Kentucky","Mercer County",3,78,172,71,101
050,21,167,"Kentucky","Mercer County",3,79,149,67,82
050,21,167,"Kentucky","Mercer County",3,80,118,49,69
050,21,167,"Kentucky","Mercer County",3,81,96,44,52
050,21,167,"Kentucky","Mercer County",3,82,99,45,54
050,21,167,"Kentucky","Mercer County",3,83,94,36,58
050,21,167,"Kentucky","Mercer County",3,84,85,33,52
050,21,167,"Kentucky","Mercer County",3,85,376,101,275
050,21,167,"Kentucky","Mercer County",4,0,248,135,113
050,21,167,"Kentucky","Mercer County",4,1,226,114,112
050,21,167,"Kentucky","Mercer County",4,2,239,126,113
050,21,167,"Kentucky","Mercer County",4,3,268,128,140
050,21,167,"Kentucky","Mercer County",4,4,297,147,150
050,21,167,"Kentucky","Mercer County",4,5,263,146,117
050,21,167,"Kentucky","Mercer County",4,6,277,147,130
050,21,167,"Kentucky","Mercer County",4,7,286,154,132
050,21,167,"Kentucky","Mercer County",4,8,275,150,125
050,21,167,"Kentucky","Mercer County",4,9,259,143,116
050,21,167,"Kentucky","Mercer County",4,10,296,161,135
050,21,167,"Kentucky","Mercer County",4,11,282,144,138
050,21,167,"Kentucky","Mercer County",4,12,296,145,151
050,21,167,"Kentucky","Mercer County",4,13,314,162,152
050,21,167,"Kentucky","Mercer County",4,14,315,167,148
050,21,167,"Kentucky","Mercer County",4,15,302,153,149
050,21,167,"Kentucky","Mercer County",4,16,301,159,142
050,21,167,"Kentucky","Mercer County",4,17,294,151,143
050,21,167,"Kentucky","Mercer County",4,18,295,157,138
050,21,167,"Kentucky","Mercer County",4,19,224,121,103
050,21,167,"Kentucky","Mercer County",4,20,229,126,103
050,21,167,"Kentucky","Mercer County",4,21,223,113,110
050,21,167,"Kentucky","Mercer County",4,22,243,120,123
050,21,167,"Kentucky","Mercer County",4,23,264,132,132
050,21,167,"Kentucky","Mercer County",4,24,252,122,130
050,21,167,"Kentucky","Mercer County",4,25,237,110,127
050,21,167,"Kentucky","Mercer County",4,26,269,132,137
050,21,167,"Kentucky","Mercer County",4,27,257,127,130
050,21,167,"Kentucky","Mercer County",4,28,300,153,147
050,21,167,"Kentucky","Mercer County",4,29,302,154,148
050,21,167,"Kentucky","Mercer County",4,30,292,154,138
050,21,167,"Kentucky","Mercer County",4,31,281,146,135
050,21,167,"Kentucky","Mercer County",4,32,286,149,137
050,21,167,"Kentucky","Mercer County",4,33,260,126,134
050,21,167,"Kentucky","Mercer County",4,34,264,140,124
050,21,167,"Kentucky","Mercer County",4,35,273,134,139
050,21,167,"Kentucky","Mercer County",4,36,252,124,128
050,21,167,"Kentucky","Mercer County",4,37,257,124,133
050,21,167,"Kentucky","Mercer County",4,38,256,125,131
050,21,167,"Kentucky","Mercer County",4,39,242,118,124
050,21,167,"Kentucky","Mercer County",4,40,274,138,136
050,21,167,"Kentucky","Mercer County",4,41,270,128,142
050,21,167,"Kentucky","Mercer County",4,42,261,125,136
050,21,167,"Kentucky","Mercer County",4,43,290,145,145
050,21,167,"Kentucky","Mercer County",4,44,261,133,128
050,21,167,"Kentucky","Mercer County",4,45,271,135,136
050,21,167,"Kentucky","Mercer County",4,46,247,116,131
050,21,167,"Kentucky","Mercer County",4,47,263,137,126
050,21,167,"Kentucky","Mercer County",4,48,262,139,123
050,21,167,"Kentucky","Mercer County",4,49,277,129,148
050,21,167,"Kentucky","Mercer County",4,50,282,141,141
050,21,167,"Kentucky","Mercer County",4,51,333,157,176
050,21,167,"Kentucky","Mercer County",4,52,304,159,145
050,21,167,"Kentucky","Mercer County",4,53,304,156,148
050,21,167,"Kentucky","Mercer County",4,54,308,145,163
050,21,167,"Kentucky","Mercer County",4,55,307,145,162
050,21,167,"Kentucky","Mercer County",4,56,330,149,181
050,21,167,"Kentucky","Mercer County",4,57,388,193,195
050,21,167,"Kentucky","Mercer County",4,58,381,181,200
050,21,167,"Kentucky","Mercer County",4,59,371,177,194
050,21,167,"Kentucky","Mercer County",4,60,358,172,186
050,21,167,"Kentucky","Mercer County",4,61,375,188,187
050,21,167,"Kentucky","Mercer County",4,62,354,175,179
050,21,167,"Kentucky","Mercer County",4,63,341,173,168
050,21,167,"Kentucky","Mercer County",4,64,328,169,159
050,21,167,"Kentucky","Mercer County",4,65,301,150,151
050,21,167,"Kentucky","Mercer County",4,66,314,153,161
050,21,167,"Kentucky","Mercer County",4,67,308,159,149
050,21,167,"Kentucky","Mercer County",4,68,270,139,131
050,21,167,"Kentucky","Mercer County",4,69,252,119,133
050,21,167,"Kentucky","Mercer County",4,70,240,109,131
050,21,167,"Kentucky","Mercer County",4,71,254,118,136
050,21,167,"Kentucky","Mercer County",4,72,243,119,124
050,21,167,"Kentucky","Mercer County",4,73,228,99,129
050,21,167,"Kentucky","Mercer County",4,74,203,79,124
050,21,167,"Kentucky","Mercer County",4,75,232,104,128
050,21,167,"Kentucky","Mercer County",4,76,166,77,89
050,21,167,"Kentucky","Mercer County",4,77,146,61,85
050,21,167,"Kentucky","Mercer County",4,78,150,60,90
050,21,167,"Kentucky","Mercer County",4,79,162,61,101
050,21,167,"Kentucky","Mercer County",4,80,134,60,74
050,21,167,"Kentucky","Mercer County",4,81,116,46,70
050,21,167,"Kentucky","Mercer County",4,82,88,43,45
050,21,167,"Kentucky","Mercer County",4,83,86,41,45
050,21,167,"Kentucky","Mercer County",4,84,91,34,57
050,21,167,"Kentucky","Mercer County",4,85,380,99,281
050,21,167,"Kentucky","Mercer County",5,0,253,138,115
050,21,167,"Kentucky","Mercer County",5,1,252,126,126
050,21,167,"Kentucky","Mercer County",5,2,231,124,107
050,21,167,"Kentucky","Mercer County",5,3,244,135,109
050,21,167,"Kentucky","Mercer County",5,4,272,129,143
050,21,167,"Kentucky","Mercer County",5,5,296,146,150
050,21,167,"Kentucky","Mercer County",5,6,265,147,118
050,21,167,"Kentucky","Mercer County",5,7,271,147,124
050,21,167,"Kentucky","Mercer County",5,8,286,153,133
050,21,167,"Kentucky","Mercer County",5,9,279,153,126
050,21,167,"Kentucky","Mercer County",5,10,259,140,119
050,21,167,"Kentucky","Mercer County",5,11,290,159,131
050,21,167,"Kentucky","Mercer County",5,12,286,144,142
050,21,167,"Kentucky","Mercer County",5,13,305,145,160
050,21,167,"Kentucky","Mercer County",5,14,313,161,152
050,21,167,"Kentucky","Mercer County",5,15,311,165,146
050,21,167,"Kentucky","Mercer County",5,16,303,153,150
050,21,167,"Kentucky","Mercer County",5,17,303,166,137
050,21,167,"Kentucky","Mercer County",5,18,255,133,122
050,21,167,"Kentucky","Mercer County",5,19,258,129,129
050,21,167,"Kentucky","Mercer County",5,20,234,131,103
050,21,167,"Kentucky","Mercer County",5,21,239,130,109
050,21,167,"Kentucky","Mercer County",5,22,257,135,122
050,21,167,"Kentucky","Mercer County",5,23,252,122,130
050,21,167,"Kentucky","Mercer County",5,24,272,146,126
050,21,167,"Kentucky","Mercer County",5,25,240,111,129
050,21,167,"Kentucky","Mercer County",5,26,246,114,132
050,21,167,"Kentucky","Mercer County",5,27,257,127,130
050,21,167,"Kentucky","Mercer County",5,28,268,130,138
050,21,167,"Kentucky","Mercer County",5,29,307,157,150
050,21,167,"Kentucky","Mercer County",5,30,314,161,153
050,21,167,"Kentucky","Mercer County",5,31,299,156,143
050,21,167,"Kentucky","Mercer County",5,32,273,142,131
050,21,167,"Kentucky","Mercer County",5,33,284,148,136
050,21,167,"Kentucky","Mercer County",5,34,263,125,138
050,21,167,"Kentucky","Mercer County",5,35,260,134,126
050,21,167,"Kentucky","Mercer County",5,36,274,135,139
050,21,167,"Kentucky","Mercer County",5,37,257,130,127
050,21,167,"Kentucky","Mercer County",5,38,254,119,135
050,21,167,"Kentucky","Mercer County",5,39,254,126,128
050,21,167,"Kentucky","Mercer County",5,40,242,121,121
050,21,167,"Kentucky","Mercer County",5,41,275,139,136
050,21,167,"Kentucky","Mercer County",5,42,278,132,146
050,21,167,"Kentucky","Mercer County",5,43,268,124,144
050,21,167,"Kentucky","Mercer County",5,44,297,155,142
050,21,167,"Kentucky","Mercer County",5,45,274,142,132
050,21,167,"Kentucky","Mercer County",5,46,266,137,129
050,21,167,"Kentucky","Mercer County",5,47,256,126,130
050,21,167,"Kentucky","Mercer County",5,48,261,134,127
050,21,167,"Kentucky","Mercer County",5,49,268,139,129
050,21,167,"Kentucky","Mercer County",5,50,289,141,148
050,21,167,"Kentucky","Mercer County",5,51,289,140,149
050,21,167,"Kentucky","Mercer County",5,52,333,157,176
050,21,167,"Kentucky","Mercer County",5,53,299,152,147
050,21,167,"Kentucky","Mercer County",5,54,314,162,152
050,21,167,"Kentucky","Mercer County",5,55,317,153,164
050,21,167,"Kentucky","Mercer County",5,56,319,154,165
050,21,167,"Kentucky","Mercer County",5,57,339,153,186
050,21,167,"Kentucky","Mercer County",5,58,399,198,201
050,21,167,"Kentucky","Mercer County",5,59,379,177,202
050,21,167,"Kentucky","Mercer County",5,60,366,170,196
050,21,167,"Kentucky","Mercer County",5,61,366,175,191
050,21,167,"Kentucky","Mercer County",5,62,375,182,193
050,21,167,"Kentucky","Mercer County",5,63,357,170,187
050,21,167,"Kentucky","Mercer County",5,64,340,175,165
050,21,167,"Kentucky","Mercer County",5,65,339,172,167
050,21,167,"Kentucky","Mercer County",5,66,296,143,153
050,21,167,"Kentucky","Mercer County",5,67,308,150,158
050,21,167,"Kentucky","Mercer County",5,68,310,159,151
050,21,167,"Kentucky","Mercer County",5,69,269,136,133
050,21,167,"Kentucky","Mercer County",5,70,240,114,126
050,21,167,"Kentucky","Mercer County",5,71,238,106,132
050,21,167,"Kentucky","Mercer County",5,72,238,110,128
050,21,167,"Kentucky","Mercer County",5,73,237,116,121
050,21,167,"Kentucky","Mercer County",5,74,217,91,126
050,21,167,"Kentucky","Mercer County",5,75,188,67,121
050,21,167,"Kentucky","Mercer County",5,76,216,95,121
050,21,167,"Kentucky","Mercer County",5,77,160,74,86
050,21,167,"Kentucky","Mercer County",5,78,145,58,87
050,21,167,"Kentucky","Mercer County",5,79,138,50,88
050,21,167,"Kentucky","Mercer County",5,80,149,54,95
050,21,167,"Kentucky","Mercer County",5,81,130,55,75
050,21,167,"Kentucky","Mercer County",5,82,109,44,65
050,21,167,"Kentucky","Mercer County",5,83,78,42,36
050,21,167,"Kentucky","Mercer County",5,84,85,39,46
050,21,167,"Kentucky","Mercer County",5,85,405,102,303
050,21,169,"Kentucky","Metcalfe County",1,0,116,60,56
050,21,169,"Kentucky","Metcalfe County",1,1,122,62,60
050,21,169,"Kentucky","Metcalfe County",1,2,126,66,60
050,21,169,"Kentucky","Metcalfe County",1,3,119,60,59
050,21,169,"Kentucky","Metcalfe County",1,4,139,68,71
050,21,169,"Kentucky","Metcalfe County",1,5,136,64,72
050,21,169,"Kentucky","Metcalfe County",1,6,129,72,57
050,21,169,"Kentucky","Metcalfe County",1,7,134,67,67
050,21,169,"Kentucky","Metcalfe County",1,8,138,76,62
050,21,169,"Kentucky","Metcalfe County",1,9,153,83,70
050,21,169,"Kentucky","Metcalfe County",1,10,151,87,64
050,21,169,"Kentucky","Metcalfe County",1,11,142,74,68
050,21,169,"Kentucky","Metcalfe County",1,12,143,78,65
050,21,169,"Kentucky","Metcalfe County",1,13,125,64,61
050,21,169,"Kentucky","Metcalfe County",1,14,132,72,60
050,21,169,"Kentucky","Metcalfe County",1,15,146,73,73
050,21,169,"Kentucky","Metcalfe County",1,16,148,71,77
050,21,169,"Kentucky","Metcalfe County",1,17,142,72,70
050,21,169,"Kentucky","Metcalfe County",1,18,114,64,50
050,21,169,"Kentucky","Metcalfe County",1,19,81,42,39
050,21,169,"Kentucky","Metcalfe County",1,20,89,50,39
050,21,169,"Kentucky","Metcalfe County",1,21,105,50,55
050,21,169,"Kentucky","Metcalfe County",1,22,106,56,50
050,21,169,"Kentucky","Metcalfe County",1,23,112,55,57
050,21,169,"Kentucky","Metcalfe County",1,24,101,48,53
050,21,169,"Kentucky","Metcalfe County",1,25,126,62,64
050,21,169,"Kentucky","Metcalfe County",1,26,107,54,53
050,21,169,"Kentucky","Metcalfe County",1,27,123,61,62
050,21,169,"Kentucky","Metcalfe County",1,28,128,69,59
050,21,169,"Kentucky","Metcalfe County",1,29,123,62,61
050,21,169,"Kentucky","Metcalfe County",1,30,125,65,60
050,21,169,"Kentucky","Metcalfe County",1,31,116,56,60
050,21,169,"Kentucky","Metcalfe County",1,32,109,58,51
050,21,169,"Kentucky","Metcalfe County",1,33,103,53,50
050,21,169,"Kentucky","Metcalfe County",1,34,107,59,48
050,21,169,"Kentucky","Metcalfe County",1,35,118,57,61
050,21,169,"Kentucky","Metcalfe County",1,36,104,51,53
050,21,169,"Kentucky","Metcalfe County",1,37,115,54,61
050,21,169,"Kentucky","Metcalfe County",1,38,120,62,58
050,21,169,"Kentucky","Metcalfe County",1,39,128,60,68
050,21,169,"Kentucky","Metcalfe County",1,40,141,74,67
050,21,169,"Kentucky","Metcalfe County",1,41,113,53,60
050,21,169,"Kentucky","Metcalfe County",1,42,125,63,62
050,21,169,"Kentucky","Metcalfe County",1,43,113,54,59
050,21,169,"Kentucky","Metcalfe County",1,44,118,59,59
050,21,169,"Kentucky","Metcalfe County",1,45,114,60,54
050,21,169,"Kentucky","Metcalfe County",1,46,113,47,66
050,21,169,"Kentucky","Metcalfe County",1,47,125,64,61
050,21,169,"Kentucky","Metcalfe County",1,48,122,70,52
050,21,169,"Kentucky","Metcalfe County",1,49,142,79,63
050,21,169,"Kentucky","Metcalfe County",1,50,139,71,68
050,21,169,"Kentucky","Metcalfe County",1,51,134,68,66
050,21,169,"Kentucky","Metcalfe County",1,52,139,75,64
050,21,169,"Kentucky","Metcalfe County",1,53,148,74,74
050,21,169,"Kentucky","Metcalfe County",1,54,150,68,82
050,21,169,"Kentucky","Metcalfe County",1,55,152,68,84
050,21,169,"Kentucky","Metcalfe County",1,56,163,82,81
050,21,169,"Kentucky","Metcalfe County",1,57,147,75,72
050,21,169,"Kentucky","Metcalfe County",1,58,150,80,70
050,21,169,"Kentucky","Metcalfe County",1,59,152,67,85
050,21,169,"Kentucky","Metcalfe County",1,60,145,69,76
050,21,169,"Kentucky","Metcalfe County",1,61,144,78,66
050,21,169,"Kentucky","Metcalfe County",1,62,145,68,77
050,21,169,"Kentucky","Metcalfe County",1,63,145,74,71
050,21,169,"Kentucky","Metcalfe County",1,64,138,69,69
050,21,169,"Kentucky","Metcalfe County",1,65,152,75,77
050,21,169,"Kentucky","Metcalfe County",1,66,147,76,71
050,21,169,"Kentucky","Metcalfe County",1,67,120,62,58
050,21,169,"Kentucky","Metcalfe County",1,68,126,62,64
050,21,169,"Kentucky","Metcalfe County",1,69,104,45,59
050,21,169,"Kentucky","Metcalfe County",1,70,118,48,70
050,21,169,"Kentucky","Metcalfe County",1,71,101,47,54
050,21,169,"Kentucky","Metcalfe County",1,72,99,46,53
050,21,169,"Kentucky","Metcalfe County",1,73,106,45,61
050,21,169,"Kentucky","Metcalfe County",1,74,71,30,41
050,21,169,"Kentucky","Metcalfe County",1,75,85,41,44
050,21,169,"Kentucky","Metcalfe County",1,76,89,48,41
050,21,169,"Kentucky","Metcalfe County",1,77,88,43,45
050,21,169,"Kentucky","Metcalfe County",1,78,61,31,30
050,21,169,"Kentucky","Metcalfe County",1,79,54,24,30
050,21,169,"Kentucky","Metcalfe County",1,80,50,22,28
050,21,169,"Kentucky","Metcalfe County",1,81,67,28,39
050,21,169,"Kentucky","Metcalfe County",1,82,55,22,33
050,21,169,"Kentucky","Metcalfe County",1,83,54,26,28
050,21,169,"Kentucky","Metcalfe County",1,84,43,20,23
050,21,169,"Kentucky","Metcalfe County",1,85,182,53,129
050,21,169,"Kentucky","Metcalfe County",2,0,114,58,56
050,21,169,"Kentucky","Metcalfe County",2,1,122,62,60
050,21,169,"Kentucky","Metcalfe County",2,2,127,66,61
050,21,169,"Kentucky","Metcalfe County",2,3,119,60,59
050,21,169,"Kentucky","Metcalfe County",2,4,136,67,69
050,21,169,"Kentucky","Metcalfe County",2,5,139,67,72
050,21,169,"Kentucky","Metcalfe County",2,6,132,71,61
050,21,169,"Kentucky","Metcalfe County",2,7,131,68,63
050,21,169,"Kentucky","Metcalfe County",2,8,136,73,63
050,21,169,"Kentucky","Metcalfe County",2,9,146,81,65
050,21,169,"Kentucky","Metcalfe County",2,10,153,88,65
050,21,169,"Kentucky","Metcalfe County",2,11,143,76,67
050,21,169,"Kentucky","Metcalfe County",2,12,142,76,66
050,21,169,"Kentucky","Metcalfe County",2,13,129,68,61
050,21,169,"Kentucky","Metcalfe County",2,14,131,71,60
050,21,169,"Kentucky","Metcalfe County",2,15,143,73,70
050,21,169,"Kentucky","Metcalfe County",2,16,150,73,77
050,21,169,"Kentucky","Metcalfe County",2,17,142,72,70
050,21,169,"Kentucky","Metcalfe County",2,18,114,63,51
050,21,169,"Kentucky","Metcalfe County",2,19,83,44,39
050,21,169,"Kentucky","Metcalfe County",2,20,91,49,42
050,21,169,"Kentucky","Metcalfe County",2,21,102,50,52
050,21,169,"Kentucky","Metcalfe County",2,22,107,55,52
050,21,169,"Kentucky","Metcalfe County",2,23,111,55,56
050,21,169,"Kentucky","Metcalfe County",2,24,106,51,55
050,21,169,"Kentucky","Metcalfe County",2,25,121,58,63
050,21,169,"Kentucky","Metcalfe County",2,26,111,55,56
050,21,169,"Kentucky","Metcalfe County",2,27,119,60,59
050,21,169,"Kentucky","Metcalfe County",2,28,126,67,59
050,21,169,"Kentucky","Metcalfe County",2,29,123,64,59
050,21,169,"Kentucky","Metcalfe County",2,30,126,64,62
050,21,169,"Kentucky","Metcalfe County",2,31,119,59,60
050,21,169,"Kentucky","Metcalfe County",2,32,109,57,52
050,21,169,"Kentucky","Metcalfe County",2,33,104,54,50
050,21,169,"Kentucky","Metcalfe County",2,34,106,58,48
050,21,169,"Kentucky","Metcalfe County",2,35,115,57,58
050,21,169,"Kentucky","Metcalfe County",2,36,106,52,54
050,21,169,"Kentucky","Metcalfe County",2,37,114,54,60
050,21,169,"Kentucky","Metcalfe County",2,38,121,61,60
050,21,169,"Kentucky","Metcalfe County",2,39,127,61,66
050,21,169,"Kentucky","Metcalfe County",2,40,138,71,67
050,21,169,"Kentucky","Metcalfe County",2,41,120,58,62
050,21,169,"Kentucky","Metcalfe County",2,42,121,60,61
050,21,169,"Kentucky","Metcalfe County",2,43,119,57,62
050,21,169,"Kentucky","Metcalfe County",2,44,118,59,59
050,21,169,"Kentucky","Metcalfe County",2,45,116,60,56
050,21,169,"Kentucky","Metcalfe County",2,46,114,51,63
050,21,169,"Kentucky","Metcalfe County",2,47,121,60,61
050,21,169,"Kentucky","Metcalfe County",2,48,123,69,54
050,21,169,"Kentucky","Metcalfe County",2,49,139,78,61
050,21,169,"Kentucky","Metcalfe County",2,50,140,73,67
050,21,169,"Kentucky","Metcalfe County",2,51,134,68,66
050,21,169,"Kentucky","Metcalfe County",2,52,138,73,65
050,21,169,"Kentucky","Metcalfe County",2,53,144,74,70
050,21,169,"Kentucky","Metcalfe County",2,54,150,70,80
050,21,169,"Kentucky","Metcalfe County",2,55,152,68,84
050,21,169,"Kentucky","Metcalfe County",2,56,161,79,82
050,21,169,"Kentucky","Metcalfe County",2,57,151,77,74
050,21,169,"Kentucky","Metcalfe County",2,58,149,79,70
050,21,169,"Kentucky","Metcalfe County",2,59,153,71,82
050,21,169,"Kentucky","Metcalfe County",2,60,145,68,77
050,21,169,"Kentucky","Metcalfe County",2,61,142,75,67
050,21,169,"Kentucky","Metcalfe County",2,62,145,70,75
050,21,169,"Kentucky","Metcalfe County",2,63,145,71,74
050,21,169,"Kentucky","Metcalfe County",2,64,139,70,69
050,21,169,"Kentucky","Metcalfe County",2,65,149,74,75
050,21,169,"Kentucky","Metcalfe County",2,66,146,73,73
050,21,169,"Kentucky","Metcalfe County",2,67,125,64,61
050,21,169,"Kentucky","Metcalfe County",2,68,122,62,60
050,21,169,"Kentucky","Metcalfe County",2,69,110,49,61
050,21,169,"Kentucky","Metcalfe County",2,70,114,47,67
050,21,169,"Kentucky","Metcalfe County",2,71,106,47,59
050,21,169,"Kentucky","Metcalfe County",2,72,97,46,51
050,21,169,"Kentucky","Metcalfe County",2,73,110,48,62
050,21,169,"Kentucky","Metcalfe County",2,74,72,30,42
050,21,169,"Kentucky","Metcalfe County",2,75,83,39,44
050,21,169,"Kentucky","Metcalfe County",2,76,86,45,41
050,21,169,"Kentucky","Metcalfe County",2,77,90,45,45
050,21,169,"Kentucky","Metcalfe County",2,78,62,32,30
050,21,169,"Kentucky","Metcalfe County",2,79,54,24,30
050,21,169,"Kentucky","Metcalfe County",2,80,48,21,27
050,21,169,"Kentucky","Metcalfe County",2,81,61,26,35
050,21,169,"Kentucky","Metcalfe County",2,82,56,23,33
050,21,169,"Kentucky","Metcalfe County",2,83,55,25,30
050,21,169,"Kentucky","Metcalfe County",2,84,44,21,23
050,21,169,"Kentucky","Metcalfe County",2,85,185,54,131
050,21,169,"Kentucky","Metcalfe County",3,0,106,52,54
050,21,169,"Kentucky","Metcalfe County",3,1,115,60,55
050,21,169,"Kentucky","Metcalfe County",3,2,133,74,59
050,21,169,"Kentucky","Metcalfe County",3,3,120,64,56
050,21,169,"Kentucky","Metcalfe County",3,4,120,65,55
050,21,169,"Kentucky","Metcalfe County",3,5,146,64,82
050,21,169,"Kentucky","Metcalfe County",3,6,135,66,69
050,21,169,"Kentucky","Metcalfe County",3,7,130,71,59
050,21,169,"Kentucky","Metcalfe County",3,8,139,73,66
050,21,169,"Kentucky","Metcalfe County",3,9,138,70,68
050,21,169,"Kentucky","Metcalfe County",3,10,153,88,65
050,21,169,"Kentucky","Metcalfe County",3,11,163,89,74
050,21,169,"Kentucky","Metcalfe County",3,12,146,80,66
050,21,169,"Kentucky","Metcalfe County",3,13,155,84,71
050,21,169,"Kentucky","Metcalfe County",3,14,134,74,60
050,21,169,"Kentucky","Metcalfe County",3,15,125,67,58
050,21,169,"Kentucky","Metcalfe County",3,16,146,79,67
050,21,169,"Kentucky","Metcalfe County",3,17,153,76,77
050,21,169,"Kentucky","Metcalfe County",3,18,124,67,57
050,21,169,"Kentucky","Metcalfe County",3,19,86,51,35
050,21,169,"Kentucky","Metcalfe County",3,20,97,55,42
050,21,169,"Kentucky","Metcalfe County",3,21,103,57,46
050,21,169,"Kentucky","Metcalfe County",3,22,105,55,50
050,21,169,"Kentucky","Metcalfe County",3,23,111,57,54
050,21,169,"Kentucky","Metcalfe County",3,24,120,62,58
050,21,169,"Kentucky","Metcalfe County",3,25,109,50,59
050,21,169,"Kentucky","Metcalfe County",3,26,125,64,61
050,21,169,"Kentucky","Metcalfe County",3,27,115,56,59
050,21,169,"Kentucky","Metcalfe County",3,28,127,68,59
050,21,169,"Kentucky","Metcalfe County",3,29,138,69,69
050,21,169,"Kentucky","Metcalfe County",3,30,121,68,53
050,21,169,"Kentucky","Metcalfe County",3,31,144,74,70
050,21,169,"Kentucky","Metcalfe County",3,32,124,64,60
050,21,169,"Kentucky","Metcalfe County",3,33,112,61,51
050,21,169,"Kentucky","Metcalfe County",3,34,102,53,49
050,21,169,"Kentucky","Metcalfe County",3,35,108,59,49
050,21,169,"Kentucky","Metcalfe County",3,36,112,52,60
050,21,169,"Kentucky","Metcalfe County",3,37,107,51,56
050,21,169,"Kentucky","Metcalfe County",3,38,119,55,64
050,21,169,"Kentucky","Metcalfe County",3,39,123,60,63
050,21,169,"Kentucky","Metcalfe County",3,40,118,56,62
050,21,169,"Kentucky","Metcalfe County",3,41,143,77,66
050,21,169,"Kentucky","Metcalfe County",3,42,123,57,66
050,21,169,"Kentucky","Metcalfe County",3,43,121,63,58
050,21,169,"Kentucky","Metcalfe County",3,44,119,57,62
050,21,169,"Kentucky","Metcalfe County",3,45,118,56,62
050,21,169,"Kentucky","Metcalfe County",3,46,123,61,62
050,21,169,"Kentucky","Metcalfe County",3,47,113,54,59
050,21,169,"Kentucky","Metcalfe County",3,48,115,57,58
050,21,169,"Kentucky","Metcalfe County",3,49,127,72,55
050,21,169,"Kentucky","Metcalfe County",3,50,138,77,61
050,21,169,"Kentucky","Metcalfe County",3,51,146,76,70
050,21,169,"Kentucky","Metcalfe County",3,52,128,65,63
050,21,169,"Kentucky","Metcalfe County",3,53,134,71,63
050,21,169,"Kentucky","Metcalfe County",3,54,147,76,71
050,21,169,"Kentucky","Metcalfe County",3,55,147,68,79
050,21,169,"Kentucky","Metcalfe County",3,56,155,72,83
050,21,169,"Kentucky","Metcalfe County",3,57,158,75,83
050,21,169,"Kentucky","Metcalfe County",3,58,149,74,75
050,21,169,"Kentucky","Metcalfe County",3,59,147,79,68
050,21,169,"Kentucky","Metcalfe County",3,60,150,73,77
050,21,169,"Kentucky","Metcalfe County",3,61,149,72,77
050,21,169,"Kentucky","Metcalfe County",3,62,142,78,64
050,21,169,"Kentucky","Metcalfe County",3,63,139,68,71
050,21,169,"Kentucky","Metcalfe County",3,64,138,65,73
050,21,169,"Kentucky","Metcalfe County",3,65,139,68,71
050,21,169,"Kentucky","Metcalfe County",3,66,156,77,79
050,21,169,"Kentucky","Metcalfe County",3,67,142,70,72
050,21,169,"Kentucky","Metcalfe County",3,68,122,63,59
050,21,169,"Kentucky","Metcalfe County",3,69,122,63,59
050,21,169,"Kentucky","Metcalfe County",3,70,109,49,60
050,21,169,"Kentucky","Metcalfe County",3,71,112,44,68
050,21,169,"Kentucky","Metcalfe County",3,72,101,42,59
050,21,169,"Kentucky","Metcalfe County",3,73,98,48,50
050,21,169,"Kentucky","Metcalfe County",3,74,100,44,56
050,21,169,"Kentucky","Metcalfe County",3,75,78,33,45
050,21,169,"Kentucky","Metcalfe County",3,76,76,37,39
050,21,169,"Kentucky","Metcalfe County",3,77,77,41,36
050,21,169,"Kentucky","Metcalfe County",3,78,74,36,38
050,21,169,"Kentucky","Metcalfe County",3,79,61,30,31
050,21,169,"Kentucky","Metcalfe County",3,80,53,23,30
050,21,169,"Kentucky","Metcalfe County",3,81,46,18,28
050,21,169,"Kentucky","Metcalfe County",3,82,56,25,31
050,21,169,"Kentucky","Metcalfe County",3,83,57,23,34
050,21,169,"Kentucky","Metcalfe County",3,84,49,22,27
050,21,169,"Kentucky","Metcalfe County",3,85,187,58,129
050,21,169,"Kentucky","Metcalfe County",4,0,116,61,55
050,21,169,"Kentucky","Metcalfe County",4,1,103,56,47
050,21,169,"Kentucky","Metcalfe County",4,2,117,65,52
050,21,169,"Kentucky","Metcalfe County",4,3,128,71,57
050,21,169,"Kentucky","Metcalfe County",4,4,122,63,59
050,21,169,"Kentucky","Metcalfe County",4,5,113,62,51
050,21,169,"Kentucky","Metcalfe County",4,6,140,66,74
050,21,169,"Kentucky","Metcalfe County",4,7,142,70,72
050,21,169,"Kentucky","Metcalfe County",4,8,136,71,65
050,21,169,"Kentucky","Metcalfe County",4,9,142,73,69
050,21,169,"Kentucky","Metcalfe County",4,10,136,70,66
050,21,169,"Kentucky","Metcalfe County",4,11,153,86,67
050,21,169,"Kentucky","Metcalfe County",4,12,172,98,74
050,21,169,"Kentucky","Metcalfe County",4,13,147,79,68
050,21,169,"Kentucky","Metcalfe County",4,14,153,84,69
050,21,169,"Kentucky","Metcalfe County",4,15,137,74,63
050,21,169,"Kentucky","Metcalfe County",4,16,130,72,58
050,21,169,"Kentucky","Metcalfe County",4,17,147,84,63
050,21,169,"Kentucky","Metcalfe County",4,18,126,63,63
050,21,169,"Kentucky","Metcalfe County",4,19,94,51,43
050,21,169,"Kentucky","Metcalfe County",4,20,105,61,44
050,21,169,"Kentucky","Metcalfe County",4,21,99,51,48
050,21,169,"Kentucky","Metcalfe County",4,22,112,60,52
050,21,169,"Kentucky","Metcalfe County",4,23,103,54,49
050,21,169,"Kentucky","Metcalfe County",4,24,114,62,52
050,21,169,"Kentucky","Metcalfe County",4,25,110,57,53
050,21,169,"Kentucky","Metcalfe County",4,26,105,50,55
050,21,169,"Kentucky","Metcalfe County",4,27,109,53,56
050,21,169,"Kentucky","Metcalfe County",4,28,113,59,54
050,21,169,"Kentucky","Metcalfe County",4,29,117,67,50
050,21,169,"Kentucky","Metcalfe County",4,30,134,67,67
050,21,169,"Kentucky","Metcalfe County",4,31,124,68,56
050,21,169,"Kentucky","Metcalfe County",4,32,138,70,68
050,21,169,"Kentucky","Metcalfe County",4,33,122,60,62
050,21,169,"Kentucky","Metcalfe County",4,34,111,60,51
050,21,169,"Kentucky","Metcalfe County",4,35,95,47,48
050,21,169,"Kentucky","Metcalfe County",4,36,107,61,46
050,21,169,"Kentucky","Metcalfe County",4,37,111,51,60
050,21,169,"Kentucky","Metcalfe County",4,38,115,55,60
050,21,169,"Kentucky","Metcalfe County",4,39,126,58,68
050,21,169,"Kentucky","Metcalfe County",4,40,123,59,64
050,21,169,"Kentucky","Metcalfe County",4,41,124,64,60
050,21,169,"Kentucky","Metcalfe County",4,42,145,74,71
050,21,169,"Kentucky","Metcalfe County",4,43,127,62,65
050,21,169,"Kentucky","Metcalfe County",4,44,126,67,59
050,21,169,"Kentucky","Metcalfe County",4,45,122,59,63
050,21,169,"Kentucky","Metcalfe County",4,46,120,57,63
050,21,169,"Kentucky","Metcalfe County",4,47,127,60,67
050,21,169,"Kentucky","Metcalfe County",4,48,116,53,63
050,21,169,"Kentucky","Metcalfe County",4,49,118,59,59
050,21,169,"Kentucky","Metcalfe County",4,50,126,71,55
050,21,169,"Kentucky","Metcalfe County",4,51,139,77,62
050,21,169,"Kentucky","Metcalfe County",4,52,151,80,71
050,21,169,"Kentucky","Metcalfe County",4,53,134,67,67
050,21,169,"Kentucky","Metcalfe County",4,54,145,77,68
050,21,169,"Kentucky","Metcalfe County",4,55,149,75,74
050,21,169,"Kentucky","Metcalfe County",4,56,149,72,77
050,21,169,"Kentucky","Metcalfe County",4,57,148,67,81
050,21,169,"Kentucky","Metcalfe County",4,58,163,79,84
050,21,169,"Kentucky","Metcalfe County",4,59,153,79,74
050,21,169,"Kentucky","Metcalfe County",4,60,141,76,65
050,21,169,"Kentucky","Metcalfe County",4,61,154,75,79
050,21,169,"Kentucky","Metcalfe County",4,62,145,70,75
050,21,169,"Kentucky","Metcalfe County",4,63,139,74,65
050,21,169,"Kentucky","Metcalfe County",4,64,138,67,71
050,21,169,"Kentucky","Metcalfe County",4,65,135,63,72
050,21,169,"Kentucky","Metcalfe County",4,66,133,62,71
050,21,169,"Kentucky","Metcalfe County",4,67,156,77,79
050,21,169,"Kentucky","Metcalfe County",4,68,139,66,73
050,21,169,"Kentucky","Metcalfe County",4,69,124,64,60
050,21,169,"Kentucky","Metcalfe County",4,70,123,65,58
050,21,169,"Kentucky","Metcalfe County",4,71,108,48,60
050,21,169,"Kentucky","Metcalfe County",4,72,109,44,65
050,21,169,"Kentucky","Metcalfe County",4,73,98,40,58
050,21,169,"Kentucky","Metcalfe County",4,74,91,45,46
050,21,169,"Kentucky","Metcalfe County",4,75,101,44,57
050,21,169,"Kentucky","Metcalfe County",4,76,78,34,44
050,21,169,"Kentucky","Metcalfe County",4,77,73,33,40
050,21,169,"Kentucky","Metcalfe County",4,78,67,36,31
050,21,169,"Kentucky","Metcalfe County",4,79,70,33,37
050,21,169,"Kentucky","Metcalfe County",4,80,59,28,31
050,21,169,"Kentucky","Metcalfe County",4,81,51,23,28
050,21,169,"Kentucky","Metcalfe County",4,82,43,13,30
050,21,169,"Kentucky","Metcalfe County",4,83,56,25,31
050,21,169,"Kentucky","Metcalfe County",4,84,50,20,30
050,21,169,"Kentucky","Metcalfe County",4,85,198,65,133
050,21,169,"Kentucky","Metcalfe County",5,0,119,61,58
050,21,169,"Kentucky","Metcalfe County",5,1,125,66,59
050,21,169,"Kentucky","Metcalfe County",5,2,101,52,49
050,21,169,"Kentucky","Metcalfe County",5,3,116,62,54
050,21,169,"Kentucky","Metcalfe County",5,4,129,64,65
050,21,169,"Kentucky","Metcalfe County",5,5,129,64,65
050,21,169,"Kentucky","Metcalfe County",5,6,114,62,52
050,21,169,"Kentucky","Metcalfe County",5,7,152,75,77
050,21,169,"Kentucky","Metcalfe County",5,8,143,69,74
050,21,169,"Kentucky","Metcalfe County",5,9,135,70,65
050,21,169,"Kentucky","Metcalfe County",5,10,142,75,67
050,21,169,"Kentucky","Metcalfe County",5,11,136,70,66
050,21,169,"Kentucky","Metcalfe County",5,12,150,84,66
050,21,169,"Kentucky","Metcalfe County",5,13,178,99,79
050,21,169,"Kentucky","Metcalfe County",5,14,150,84,66
050,21,169,"Kentucky","Metcalfe County",5,15,150,83,67
050,21,169,"Kentucky","Metcalfe County",5,16,134,73,61
050,21,169,"Kentucky","Metcalfe County",5,17,137,75,62
050,21,169,"Kentucky","Metcalfe County",5,18,129,77,52
050,21,169,"Kentucky","Metcalfe County",5,19,98,52,46
050,21,169,"Kentucky","Metcalfe County",5,20,98,53,45
050,21,169,"Kentucky","Metcalfe County",5,21,107,66,41
050,21,169,"Kentucky","Metcalfe County",5,22,107,55,52
050,21,169,"Kentucky","Metcalfe County",5,23,112,63,49
050,21,169,"Kentucky","Metcalfe County",5,24,108,56,52
050,21,169,"Kentucky","Metcalfe County",5,25,120,64,56
050,21,169,"Kentucky","Metcalfe County",5,26,120,57,63
050,21,169,"Kentucky","Metcalfe County",5,27,99,45,54
050,21,169,"Kentucky","Metcalfe County",5,28,112,54,58
050,21,169,"Kentucky","Metcalfe County",5,29,114,60,54
050,21,169,"Kentucky","Metcalfe County",5,30,115,67,48
050,21,169,"Kentucky","Metcalfe County",5,31,128,66,62
050,21,169,"Kentucky","Metcalfe County",5,32,125,68,57
050,21,169,"Kentucky","Metcalfe County",5,33,141,71,70
050,21,169,"Kentucky","Metcalfe County",5,34,130,65,65
050,21,169,"Kentucky","Metcalfe County",5,35,110,58,52
050,21,169,"Kentucky","Metcalfe County",5,36,94,47,47
050,21,169,"Kentucky","Metcalfe County",5,37,103,61,42
050,21,169,"Kentucky","Metcalfe County",5,38,120,53,67
050,21,169,"Kentucky","Metcalfe County",5,39,113,53,60
050,21,169,"Kentucky","Metcalfe County",5,40,129,59,70
050,21,169,"Kentucky","Metcalfe County",5,41,126,63,63
050,21,169,"Kentucky","Metcalfe County",5,42,120,64,56
050,21,169,"Kentucky","Metcalfe County",5,43,147,77,70
050,21,169,"Kentucky","Metcalfe County",5,44,137,64,73
050,21,169,"Kentucky","Metcalfe County",5,45,126,66,60
050,21,169,"Kentucky","Metcalfe County",5,46,123,59,64
050,21,169,"Kentucky","Metcalfe County",5,47,124,61,63
050,21,169,"Kentucky","Metcalfe County",5,48,130,63,67
050,21,169,"Kentucky","Metcalfe County",5,49,120,54,66
050,21,169,"Kentucky","Metcalfe County",5,50,111,55,56
050,21,169,"Kentucky","Metcalfe County",5,51,137,74,63
050,21,169,"Kentucky","Metcalfe County",5,52,141,83,58
050,21,169,"Kentucky","Metcalfe County",5,53,149,75,74
050,21,169,"Kentucky","Metcalfe County",5,54,133,66,67
050,21,169,"Kentucky","Metcalfe County",5,55,143,74,69
050,21,169,"Kentucky","Metcalfe County",5,56,145,76,69
050,21,169,"Kentucky","Metcalfe County",5,57,150,71,79
050,21,169,"Kentucky","Metcalfe County",5,58,149,68,81
050,21,169,"Kentucky","Metcalfe County",5,59,159,75,84
050,21,169,"Kentucky","Metcalfe County",5,60,153,81,72
050,21,169,"Kentucky","Metcalfe County",5,61,139,79,60
050,21,169,"Kentucky","Metcalfe County",5,62,153,73,80
050,21,169,"Kentucky","Metcalfe County",5,63,143,67,76
050,21,169,"Kentucky","Metcalfe County",5,64,139,72,67
050,21,169,"Kentucky","Metcalfe County",5,65,132,63,69
050,21,169,"Kentucky","Metcalfe County",5,66,133,62,71
050,21,169,"Kentucky","Metcalfe County",5,67,132,60,72
050,21,169,"Kentucky","Metcalfe County",5,68,157,76,81
050,21,169,"Kentucky","Metcalfe County",5,69,138,65,73
050,21,169,"Kentucky","Metcalfe County",5,70,125,62,63
050,21,169,"Kentucky","Metcalfe County",5,71,121,63,58
050,21,169,"Kentucky","Metcalfe County",5,72,107,47,60
050,21,169,"Kentucky","Metcalfe County",5,73,109,45,64
050,21,169,"Kentucky","Metcalfe County",5,74,94,38,56
050,21,169,"Kentucky","Metcalfe County",5,75,93,46,47
050,21,169,"Kentucky","Metcalfe County",5,76,100,45,55
050,21,169,"Kentucky","Metcalfe County",5,77,73,29,44
050,21,169,"Kentucky","Metcalfe County",5,78,65,28,37
050,21,169,"Kentucky","Metcalfe County",5,79,62,32,30
050,21,169,"Kentucky","Metcalfe County",5,80,69,33,36
050,21,169,"Kentucky","Metcalfe County",5,81,55,26,29
050,21,169,"Kentucky","Metcalfe County",5,82,49,19,30
050,21,169,"Kentucky","Metcalfe County",5,83,41,12,29
050,21,169,"Kentucky","Metcalfe County",5,84,47,22,25
050,21,169,"Kentucky","Metcalfe County",5,85,211,72,139
050,21,171,"Kentucky","Monroe County",1,0,132,68,64
050,21,171,"Kentucky","Monroe County",1,1,137,73,64
050,21,171,"Kentucky","Monroe County",1,2,173,91,82
050,21,171,"Kentucky","Monroe County",1,3,154,79,75
050,21,171,"Kentucky","Monroe County",1,4,153,83,70
050,21,171,"Kentucky","Monroe County",1,5,153,85,68
050,21,171,"Kentucky","Monroe County",1,6,158,87,71
050,21,171,"Kentucky","Monroe County",1,7,146,73,73
050,21,171,"Kentucky","Monroe County",1,8,134,76,58
050,21,171,"Kentucky","Monroe County",1,9,125,71,54
050,21,171,"Kentucky","Monroe County",1,10,144,82,62
050,21,171,"Kentucky","Monroe County",1,11,146,78,68
050,21,171,"Kentucky","Monroe County",1,12,165,88,77
050,21,171,"Kentucky","Monroe County",1,13,148,80,68
050,21,171,"Kentucky","Monroe County",1,14,147,80,67
050,21,171,"Kentucky","Monroe County",1,15,156,86,70
050,21,171,"Kentucky","Monroe County",1,16,156,84,72
050,21,171,"Kentucky","Monroe County",1,17,149,78,71
050,21,171,"Kentucky","Monroe County",1,18,131,71,60
050,21,171,"Kentucky","Monroe County",1,19,105,60,45
050,21,171,"Kentucky","Monroe County",1,20,119,59,60
050,21,171,"Kentucky","Monroe County",1,21,117,61,56
050,21,171,"Kentucky","Monroe County",1,22,116,59,57
050,21,171,"Kentucky","Monroe County",1,23,136,68,68
050,21,171,"Kentucky","Monroe County",1,24,134,79,55
050,21,171,"Kentucky","Monroe County",1,25,131,66,65
050,21,171,"Kentucky","Monroe County",1,26,136,59,77
050,21,171,"Kentucky","Monroe County",1,27,127,59,68
050,21,171,"Kentucky","Monroe County",1,28,113,60,53
050,21,171,"Kentucky","Monroe County",1,29,137,72,65
050,21,171,"Kentucky","Monroe County",1,30,129,63,66
050,21,171,"Kentucky","Monroe County",1,31,109,55,54
050,21,171,"Kentucky","Monroe County",1,32,122,71,51
050,21,171,"Kentucky","Monroe County",1,33,116,56,60
050,21,171,"Kentucky","Monroe County",1,34,116,52,64
050,21,171,"Kentucky","Monroe County",1,35,125,69,56
050,21,171,"Kentucky","Monroe County",1,36,122,67,55
050,21,171,"Kentucky","Monroe County",1,37,127,66,61
050,21,171,"Kentucky","Monroe County",1,38,136,59,77
050,21,171,"Kentucky","Monroe County",1,39,132,61,71
050,21,171,"Kentucky","Monroe County",1,40,143,66,77
050,21,171,"Kentucky","Monroe County",1,41,140,69,71
050,21,171,"Kentucky","Monroe County",1,42,130,72,58
050,21,171,"Kentucky","Monroe County",1,43,137,76,61
050,21,171,"Kentucky","Monroe County",1,44,115,57,58
050,21,171,"Kentucky","Monroe County",1,45,127,68,59
050,21,171,"Kentucky","Monroe County",1,46,142,70,72
050,21,171,"Kentucky","Monroe County",1,47,143,70,73
050,21,171,"Kentucky","Monroe County",1,48,151,75,76
050,21,171,"Kentucky","Monroe County",1,49,143,76,67
050,21,171,"Kentucky","Monroe County",1,50,136,67,69
050,21,171,"Kentucky","Monroe County",1,51,153,70,83
050,21,171,"Kentucky","Monroe County",1,52,161,73,88
050,21,171,"Kentucky","Monroe County",1,53,165,83,82
050,21,171,"Kentucky","Monroe County",1,54,152,89,63
050,21,171,"Kentucky","Monroe County",1,55,145,81,64
050,21,171,"Kentucky","Monroe County",1,56,163,89,74
050,21,171,"Kentucky","Monroe County",1,57,177,83,94
050,21,171,"Kentucky","Monroe County",1,58,183,95,88
050,21,171,"Kentucky","Monroe County",1,59,175,96,79
050,21,171,"Kentucky","Monroe County",1,60,166,77,89
050,21,171,"Kentucky","Monroe County",1,61,156,76,80
050,21,171,"Kentucky","Monroe County",1,62,174,87,87
050,21,171,"Kentucky","Monroe County",1,63,163,80,83
050,21,171,"Kentucky","Monroe County",1,64,159,78,81
050,21,171,"Kentucky","Monroe County",1,65,144,75,69
050,21,171,"Kentucky","Monroe County",1,66,147,75,72
050,21,171,"Kentucky","Monroe County",1,67,134,61,73
050,21,171,"Kentucky","Monroe County",1,68,136,65,71
050,21,171,"Kentucky","Monroe County",1,69,138,71,67
050,21,171,"Kentucky","Monroe County",1,70,110,52,58
050,21,171,"Kentucky","Monroe County",1,71,117,50,67
050,21,171,"Kentucky","Monroe County",1,72,116,51,65
050,21,171,"Kentucky","Monroe County",1,73,118,55,63
050,21,171,"Kentucky","Monroe County",1,74,97,49,48
050,21,171,"Kentucky","Monroe County",1,75,92,48,44
050,21,171,"Kentucky","Monroe County",1,76,101,47,54
050,21,171,"Kentucky","Monroe County",1,77,90,35,55
050,21,171,"Kentucky","Monroe County",1,78,71,30,41
050,21,171,"Kentucky","Monroe County",1,79,70,36,34
050,21,171,"Kentucky","Monroe County",1,80,74,35,39
050,21,171,"Kentucky","Monroe County",1,81,61,26,35
050,21,171,"Kentucky","Monroe County",1,82,46,12,34
050,21,171,"Kentucky","Monroe County",1,83,54,22,32
050,21,171,"Kentucky","Monroe County",1,84,41,15,26
050,21,171,"Kentucky","Monroe County",1,85,168,55,113
050,21,171,"Kentucky","Monroe County",2,0,128,63,65
050,21,171,"Kentucky","Monroe County",2,1,135,71,64
050,21,171,"Kentucky","Monroe County",2,2,165,87,78
050,21,171,"Kentucky","Monroe County",2,3,158,82,76
050,21,171,"Kentucky","Monroe County",2,4,156,83,73
050,21,171,"Kentucky","Monroe County",2,5,155,84,71
050,21,171,"Kentucky","Monroe County",2,6,158,87,71
050,21,171,"Kentucky","Monroe County",2,7,150,76,74
050,21,171,"Kentucky","Monroe County",2,8,136,76,60
050,21,171,"Kentucky","Monroe County",2,9,126,72,54
050,21,171,"Kentucky","Monroe County",2,10,140,79,61
050,21,171,"Kentucky","Monroe County",2,11,145,79,66
050,21,171,"Kentucky","Monroe County",2,12,163,87,76
050,21,171,"Kentucky","Monroe County",2,13,151,82,69
050,21,171,"Kentucky","Monroe County",2,14,148,80,68
050,21,171,"Kentucky","Monroe County",2,15,156,87,69
050,21,171,"Kentucky","Monroe County",2,16,157,85,72
050,21,171,"Kentucky","Monroe County",2,17,152,80,72
050,21,171,"Kentucky","Monroe County",2,18,129,70,59
050,21,171,"Kentucky","Monroe County",2,19,103,58,45
050,21,171,"Kentucky","Monroe County",2,20,120,61,59
050,21,171,"Kentucky","Monroe County",2,21,117,60,57
050,21,171,"Kentucky","Monroe County",2,22,118,60,58
050,21,171,"Kentucky","Monroe County",2,23,134,68,66
050,21,171,"Kentucky","Monroe County",2,24,134,76,58
050,21,171,"Kentucky","Monroe County",2,25,131,68,63
050,21,171,"Kentucky","Monroe County",2,26,134,60,74
050,21,171,"Kentucky","Monroe County",2,27,127,58,69
050,21,171,"Kentucky","Monroe County",2,28,116,60,56
050,21,171,"Kentucky","Monroe County",2,29,130,68,62
050,21,171,"Kentucky","Monroe County",2,30,130,64,66
050,21,171,"Kentucky","Monroe County",2,31,113,57,56
050,21,171,"Kentucky","Monroe County",2,32,116,66,50
050,21,171,"Kentucky","Monroe County",2,33,118,60,58
050,21,171,"Kentucky","Monroe County",2,34,116,53,63
050,21,171,"Kentucky","Monroe County",2,35,124,65,59
050,21,171,"Kentucky","Monroe County",2,36,124,69,55
050,21,171,"Kentucky","Monroe County",2,37,127,68,59
050,21,171,"Kentucky","Monroe County",2,38,135,61,74
050,21,171,"Kentucky","Monroe County",2,39,133,61,72
050,21,171,"Kentucky","Monroe County",2,40,140,65,75
050,21,171,"Kentucky","Monroe County",2,41,139,67,72
050,21,171,"Kentucky","Monroe County",2,42,132,71,61
050,21,171,"Kentucky","Monroe County",2,43,135,74,61
050,21,171,"Kentucky","Monroe County",2,44,118,61,57
050,21,171,"Kentucky","Monroe County",2,45,124,65,59
050,21,171,"Kentucky","Monroe County",2,46,136,68,68
050,21,171,"Kentucky","Monroe County",2,47,140,68,72
050,21,171,"Kentucky","Monroe County",2,48,149,74,75
050,21,171,"Kentucky","Monroe County",2,49,146,76,70
050,21,171,"Kentucky","Monroe County",2,50,138,70,68
050,21,171,"Kentucky","Monroe County",2,51,145,67,78
050,21,171,"Kentucky","Monroe County",2,52,159,72,87
050,21,171,"Kentucky","Monroe County",2,53,161,79,82
050,21,171,"Kentucky","Monroe County",2,54,155,88,67
050,21,171,"Kentucky","Monroe County",2,55,146,82,64
050,21,171,"Kentucky","Monroe County",2,56,159,87,72
050,21,171,"Kentucky","Monroe County",2,57,172,84,88
050,21,171,"Kentucky","Monroe County",2,58,181,92,89
050,21,171,"Kentucky","Monroe County",2,59,178,96,82
050,21,171,"Kentucky","Monroe County",2,60,169,82,87
050,21,171,"Kentucky","Monroe County",2,61,158,76,82
050,21,171,"Kentucky","Monroe County",2,62,169,85,84
050,21,171,"Kentucky","Monroe County",2,63,166,81,85
050,21,171,"Kentucky","Monroe County",2,64,156,76,80
050,21,171,"Kentucky","Monroe County",2,65,148,77,71
050,21,171,"Kentucky","Monroe County",2,66,146,74,72
050,21,171,"Kentucky","Monroe County",2,67,137,65,72
050,21,171,"Kentucky","Monroe County",2,68,134,63,71
050,21,171,"Kentucky","Monroe County",2,69,139,70,69
050,21,171,"Kentucky","Monroe County",2,70,115,55,60
050,21,171,"Kentucky","Monroe County",2,71,115,50,65
050,21,171,"Kentucky","Monroe County",2,72,114,49,65
050,21,171,"Kentucky","Monroe County",2,73,122,55,67
050,21,171,"Kentucky","Monroe County",2,74,94,47,47
050,21,171,"Kentucky","Monroe County",2,75,93,48,45
050,21,171,"Kentucky","Monroe County",2,76,98,47,51
050,21,171,"Kentucky","Monroe County",2,77,91,37,54
050,21,171,"Kentucky","Monroe County",2,78,74,31,43
050,21,171,"Kentucky","Monroe County",2,79,69,33,36
050,21,171,"Kentucky","Monroe County",2,80,73,35,38
050,21,171,"Kentucky","Monroe County",2,81,65,28,37
050,21,171,"Kentucky","Monroe County",2,82,48,15,33
050,21,171,"Kentucky","Monroe County",2,83,51,18,33
050,21,171,"Kentucky","Monroe County",2,84,42,17,25
050,21,171,"Kentucky","Monroe County",2,85,172,57,115
050,21,171,"Kentucky","Monroe County",3,0,136,69,67
050,21,171,"Kentucky","Monroe County",3,1,126,61,65
050,21,171,"Kentucky","Monroe County",3,2,134,68,66
050,21,171,"Kentucky","Monroe County",3,3,172,89,83
050,21,171,"Kentucky","Monroe County",3,4,149,79,70
050,21,171,"Kentucky","Monroe County",3,5,162,88,74
050,21,171,"Kentucky","Monroe County",3,6,150,80,70
050,21,171,"Kentucky","Monroe County",3,7,157,92,65
050,21,171,"Kentucky","Monroe County",3,8,155,77,78
050,21,171,"Kentucky","Monroe County",3,9,143,77,66
050,21,171,"Kentucky","Monroe County",3,10,127,68,59
050,21,171,"Kentucky","Monroe County",3,11,135,76,59
050,21,171,"Kentucky","Monroe County",3,12,142,75,67
050,21,171,"Kentucky","Monroe County",3,13,158,84,74
050,21,171,"Kentucky","Monroe County",3,14,146,77,69
050,21,171,"Kentucky","Monroe County",3,15,151,80,71
050,21,171,"Kentucky","Monroe County",3,16,157,90,67
050,21,171,"Kentucky","Monroe County",3,17,149,78,71
050,21,171,"Kentucky","Monroe County",3,18,131,72,59
050,21,171,"Kentucky","Monroe County",3,19,97,51,46
050,21,171,"Kentucky","Monroe County",3,20,111,64,47
050,21,171,"Kentucky","Monroe County",3,21,119,62,57
050,21,171,"Kentucky","Monroe County",3,22,120,62,58
050,21,171,"Kentucky","Monroe County",3,23,120,65,55
050,21,171,"Kentucky","Monroe County",3,24,128,67,61
050,21,171,"Kentucky","Monroe County",3,25,130,72,58
050,21,171,"Kentucky","Monroe County",3,26,128,68,60
050,21,171,"Kentucky","Monroe County",3,27,122,54,68
050,21,171,"Kentucky","Monroe County",3,28,130,63,67
050,21,171,"Kentucky","Monroe County",3,29,126,60,66
050,21,171,"Kentucky","Monroe County",3,30,135,73,62
050,21,171,"Kentucky","Monroe County",3,31,139,70,69
050,21,171,"Kentucky","Monroe County",3,32,116,62,54
050,21,171,"Kentucky","Monroe County",3,33,119,64,55
050,21,171,"Kentucky","Monroe County",3,34,115,62,53
050,21,171,"Kentucky","Monroe County",3,35,129,61,68
050,21,171,"Kentucky","Monroe County",3,36,122,63,59
050,21,171,"Kentucky","Monroe County",3,37,118,67,51
050,21,171,"Kentucky","Monroe County",3,38,128,69,59
050,21,171,"Kentucky","Monroe County",3,39,146,65,81
050,21,171,"Kentucky","Monroe County",3,40,129,56,73
050,21,171,"Kentucky","Monroe County",3,41,145,69,76
050,21,171,"Kentucky","Monroe County",3,42,135,64,71
050,21,171,"Kentucky","Monroe County",3,43,129,69,60
050,21,171,"Kentucky","Monroe County",3,44,138,74,64
050,21,171,"Kentucky","Monroe County",3,45,114,61,53
050,21,171,"Kentucky","Monroe County",3,46,128,66,62
050,21,171,"Kentucky","Monroe County",3,47,137,68,69
050,21,171,"Kentucky","Monroe County",3,48,141,71,70
050,21,171,"Kentucky","Monroe County",3,49,147,73,74
050,21,171,"Kentucky","Monroe County",3,50,149,76,73
050,21,171,"Kentucky","Monroe County",3,51,133,68,65
050,21,171,"Kentucky","Monroe County",3,52,148,69,79
050,21,171,"Kentucky","Monroe County",3,53,158,69,89
050,21,171,"Kentucky","Monroe County",3,54,160,78,82
050,21,171,"Kentucky","Monroe County",3,55,151,80,71
050,21,171,"Kentucky","Monroe County",3,56,141,78,63
050,21,171,"Kentucky","Monroe County",3,57,156,83,73
050,21,171,"Kentucky","Monroe County",3,58,169,81,88
050,21,171,"Kentucky","Monroe County",3,59,182,93,89
050,21,171,"Kentucky","Monroe County",3,60,177,94,83
050,21,171,"Kentucky","Monroe County",3,61,169,80,89
050,21,171,"Kentucky","Monroe County",3,62,158,75,83
050,21,171,"Kentucky","Monroe County",3,63,171,87,84
050,21,171,"Kentucky","Monroe County",3,64,164,79,85
050,21,171,"Kentucky","Monroe County",3,65,153,77,76
050,21,171,"Kentucky","Monroe County",3,66,146,75,71
050,21,171,"Kentucky","Monroe County",3,67,139,69,70
050,21,171,"Kentucky","Monroe County",3,68,128,61,67
050,21,171,"Kentucky","Monroe County",3,69,131,62,69
050,21,171,"Kentucky","Monroe County",3,70,131,67,64
050,21,171,"Kentucky","Monroe County",3,71,109,53,56
050,21,171,"Kentucky","Monroe County",3,72,109,46,63
050,21,171,"Kentucky","Monroe County",3,73,113,46,67
050,21,171,"Kentucky","Monroe County",3,74,114,53,61
050,21,171,"Kentucky","Monroe County",3,75,83,38,45
050,21,171,"Kentucky","Monroe County",3,76,93,45,48
050,21,171,"Kentucky","Monroe County",3,77,86,40,46
050,21,171,"Kentucky","Monroe County",3,78,90,40,50
050,21,171,"Kentucky","Monroe County",3,79,68,29,39
050,21,171,"Kentucky","Monroe County",3,80,62,29,33
050,21,171,"Kentucky","Monroe County",3,81,71,36,35
050,21,171,"Kentucky","Monroe County",3,82,62,26,36
050,21,171,"Kentucky","Monroe County",3,83,49,14,35
050,21,171,"Kentucky","Monroe County",3,84,43,17,26
050,21,171,"Kentucky","Monroe County",3,85,173,60,113
050,21,171,"Kentucky","Monroe County",4,0,148,69,79
050,21,171,"Kentucky","Monroe County",4,1,149,78,71
050,21,171,"Kentucky","Monroe County",4,2,129,65,64
050,21,171,"Kentucky","Monroe County",4,3,139,73,66
050,21,171,"Kentucky","Monroe County",4,4,168,87,81
050,21,171,"Kentucky","Monroe County",4,5,148,78,70
050,21,171,"Kentucky","Monroe County",4,6,167,88,79
050,21,171,"Kentucky","Monroe County",4,7,152,82,70
050,21,171,"Kentucky","Monroe County",4,8,163,98,65
050,21,171,"Kentucky","Monroe County",4,9,152,74,78
050,21,171,"Kentucky","Monroe County",4,10,151,85,66
050,21,171,"Kentucky","Monroe County",4,11,131,67,64
050,21,171,"Kentucky","Monroe County",4,12,141,79,62
050,21,171,"Kentucky","Monroe County",4,13,150,79,71
050,21,171,"Kentucky","Monroe County",4,14,159,82,77
050,21,171,"Kentucky","Monroe County",4,15,148,79,69
050,21,171,"Kentucky","Monroe County",4,16,146,76,70
050,21,171,"Kentucky","Monroe County",4,17,160,93,67
050,21,171,"Kentucky","Monroe County",4,18,123,67,56
050,21,171,"Kentucky","Monroe County",4,19,108,58,50
050,21,171,"Kentucky","Monroe County",4,20,104,54,50
050,21,171,"Kentucky","Monroe County",4,21,116,69,47
050,21,171,"Kentucky","Monroe County",4,22,123,60,63
050,21,171,"Kentucky","Monroe County",4,23,135,66,69
050,21,171,"Kentucky","Monroe County",4,24,127,66,61
050,21,171,"Kentucky","Monroe County",4,25,136,69,67
050,21,171,"Kentucky","Monroe County",4,26,141,80,61
050,21,171,"Kentucky","Monroe County",4,27,138,74,64
050,21,171,"Kentucky","Monroe County",4,28,116,53,63
050,21,171,"Kentucky","Monroe County",4,29,127,61,66
050,21,171,"Kentucky","Monroe County",4,30,124,57,67
050,21,171,"Kentucky","Monroe County",4,31,135,77,58
050,21,171,"Kentucky","Monroe County",4,32,132,66,66
050,21,171,"Kentucky","Monroe County",4,33,119,64,55
050,21,171,"Kentucky","Monroe County",4,34,121,63,58
050,21,171,"Kentucky","Monroe County",4,35,121,62,59
050,21,171,"Kentucky","Monroe County",4,36,136,65,71
050,21,171,"Kentucky","Monroe County",4,37,120,60,60
050,21,171,"Kentucky","Monroe County",4,38,117,66,51
050,21,171,"Kentucky","Monroe County",4,39,135,73,62
050,21,171,"Kentucky","Monroe County",4,40,144,63,81
050,21,171,"Kentucky","Monroe County",4,41,133,58,75
050,21,171,"Kentucky","Monroe County",4,42,140,66,74
050,21,171,"Kentucky","Monroe County",4,43,137,66,71
050,21,171,"Kentucky","Monroe County",4,44,134,72,62
050,21,171,"Kentucky","Monroe County",4,45,145,77,68
050,21,171,"Kentucky","Monroe County",4,46,114,60,54
050,21,171,"Kentucky","Monroe County",4,47,129,68,61
050,21,171,"Kentucky","Monroe County",4,48,139,71,68
050,21,171,"Kentucky","Monroe County",4,49,145,73,72
050,21,171,"Kentucky","Monroe County",4,50,147,73,74
050,21,171,"Kentucky","Monroe County",4,51,148,75,73
050,21,171,"Kentucky","Monroe County",4,52,134,69,65
050,21,171,"Kentucky","Monroe County",4,53,147,68,79
050,21,171,"Kentucky","Monroe County",4,54,152,65,87
050,21,171,"Kentucky","Monroe County",4,55,160,77,83
050,21,171,"Kentucky","Monroe County",4,56,144,76,68
050,21,171,"Kentucky","Monroe County",4,57,137,76,61
050,21,171,"Kentucky","Monroe County",4,58,158,84,74
050,21,171,"Kentucky","Monroe County",4,59,165,77,88
050,21,171,"Kentucky","Monroe County",4,60,179,92,87
050,21,171,"Kentucky","Monroe County",4,61,184,98,86
050,21,171,"Kentucky","Monroe County",4,62,175,82,93
050,21,171,"Kentucky","Monroe County",4,63,157,73,84
050,21,171,"Kentucky","Monroe County",4,64,160,81,79
050,21,171,"Kentucky","Monroe County",4,65,155,76,79
050,21,171,"Kentucky","Monroe County",4,66,147,75,72
050,21,171,"Kentucky","Monroe County",4,67,138,71,67
050,21,171,"Kentucky","Monroe County",4,68,130,64,66
050,21,171,"Kentucky","Monroe County",4,69,130,61,69
050,21,171,"Kentucky","Monroe County",4,70,123,59,64
050,21,171,"Kentucky","Monroe County",4,71,127,65,62
050,21,171,"Kentucky","Monroe County",4,72,106,49,57
050,21,171,"Kentucky","Monroe County",4,73,110,43,67
050,21,171,"Kentucky","Monroe County",4,74,105,42,63
050,21,171,"Kentucky","Monroe County",4,75,103,47,56
050,21,171,"Kentucky","Monroe County",4,76,86,38,48
050,21,171,"Kentucky","Monroe County",4,77,85,40,45
050,21,171,"Kentucky","Monroe County",4,78,85,41,44
050,21,171,"Kentucky","Monroe County",4,79,88,40,48
050,21,171,"Kentucky","Monroe County",4,80,60,22,38
050,21,171,"Kentucky","Monroe County",4,81,61,31,30
050,21,171,"Kentucky","Monroe County",4,82,68,35,33
050,21,171,"Kentucky","Monroe County",4,83,61,22,39
050,21,171,"Kentucky","Monroe County",4,84,42,13,29
050,21,171,"Kentucky","Monroe County",4,85,181,65,116
050,21,171,"Kentucky","Monroe County",5,0,145,68,77
050,21,171,"Kentucky","Monroe County",5,1,147,65,82
050,21,171,"Kentucky","Monroe County",5,2,154,83,71
050,21,171,"Kentucky","Monroe County",5,3,129,66,63
050,21,171,"Kentucky","Monroe County",5,4,144,74,70
050,21,171,"Kentucky","Monroe County",5,5,177,90,87
050,21,171,"Kentucky","Monroe County",5,6,153,78,75
050,21,171,"Kentucky","Monroe County",5,7,171,86,85
050,21,171,"Kentucky","Monroe County",5,8,149,80,69
050,21,171,"Kentucky","Monroe County",5,9,158,94,64
050,21,171,"Kentucky","Monroe County",5,10,154,76,78
050,21,171,"Kentucky","Monroe County",5,11,153,84,69
050,21,171,"Kentucky","Monroe County",5,12,127,62,65
050,21,171,"Kentucky","Monroe County",5,13,142,80,62
050,21,171,"Kentucky","Monroe County",5,14,148,80,68
050,21,171,"Kentucky","Monroe County",5,15,156,81,75
050,21,171,"Kentucky","Monroe County",5,16,139,73,66
050,21,171,"Kentucky","Monroe County",5,17,145,73,72
050,21,171,"Kentucky","Monroe County",5,18,131,78,53
050,21,171,"Kentucky","Monroe County",5,19,98,55,43
050,21,171,"Kentucky","Monroe County",5,20,120,66,54
050,21,171,"Kentucky","Monroe County",5,21,115,57,58
050,21,171,"Kentucky","Monroe County",5,22,123,69,54
050,21,171,"Kentucky","Monroe County",5,23,128,63,65
050,21,171,"Kentucky","Monroe County",5,24,134,63,71
050,21,171,"Kentucky","Monroe County",5,25,125,64,61
050,21,171,"Kentucky","Monroe County",5,26,140,71,69
050,21,171,"Kentucky","Monroe County",5,27,142,83,59
050,21,171,"Kentucky","Monroe County",5,28,137,71,66
050,21,171,"Kentucky","Monroe County",5,29,118,53,65
050,21,171,"Kentucky","Monroe County",5,30,122,60,62
050,21,171,"Kentucky","Monroe County",5,31,127,60,67
050,21,171,"Kentucky","Monroe County",5,32,137,74,63
050,21,171,"Kentucky","Monroe County",5,33,134,67,67
050,21,171,"Kentucky","Monroe County",5,34,118,65,53
050,21,171,"Kentucky","Monroe County",5,35,123,64,59
050,21,171,"Kentucky","Monroe County",5,36,119,63,56
050,21,171,"Kentucky","Monroe County",5,37,132,65,67
050,21,171,"Kentucky","Monroe County",5,38,121,60,61
050,21,171,"Kentucky","Monroe County",5,39,120,69,51
050,21,171,"Kentucky","Monroe County",5,40,137,75,62
050,21,171,"Kentucky","Monroe County",5,41,145,66,79
050,21,171,"Kentucky","Monroe County",5,42,128,57,71
050,21,171,"Kentucky","Monroe County",5,43,142,66,76
050,21,171,"Kentucky","Monroe County",5,44,142,68,74
050,21,171,"Kentucky","Monroe County",5,45,129,68,61
050,21,171,"Kentucky","Monroe County",5,46,140,76,64
050,21,171,"Kentucky","Monroe County",5,47,112,59,53
050,21,171,"Kentucky","Monroe County",5,48,122,67,55
050,21,171,"Kentucky","Monroe County",5,49,131,66,65
050,21,171,"Kentucky","Monroe County",5,50,142,72,70
050,21,171,"Kentucky","Monroe County",5,51,142,69,73
050,21,171,"Kentucky","Monroe County",5,52,150,73,77
050,21,171,"Kentucky","Monroe County",5,53,132,68,64
050,21,171,"Kentucky","Monroe County",5,54,145,68,77
050,21,171,"Kentucky","Monroe County",5,55,144,62,82
050,21,171,"Kentucky","Monroe County",5,56,156,75,81
050,21,171,"Kentucky","Monroe County",5,57,147,80,67
050,21,171,"Kentucky","Monroe County",5,58,132,75,57
050,21,171,"Kentucky","Monroe County",5,59,157,81,76
050,21,171,"Kentucky","Monroe County",5,60,169,79,90
050,21,171,"Kentucky","Monroe County",5,61,176,91,85
050,21,171,"Kentucky","Monroe County",5,62,180,95,85
050,21,171,"Kentucky","Monroe County",5,63,172,79,93
050,21,171,"Kentucky","Monroe County",5,64,148,69,79
050,21,171,"Kentucky","Monroe County",5,65,159,79,80
050,21,171,"Kentucky","Monroe County",5,66,155,73,82
050,21,171,"Kentucky","Monroe County",5,67,137,68,69
050,21,171,"Kentucky","Monroe County",5,68,131,68,63
050,21,171,"Kentucky","Monroe County",5,69,132,64,68
050,21,171,"Kentucky","Monroe County",5,70,123,60,63
050,21,171,"Kentucky","Monroe County",5,71,119,57,62
050,21,171,"Kentucky","Monroe County",5,72,122,60,62
050,21,171,"Kentucky","Monroe County",5,73,105,46,59
050,21,171,"Kentucky","Monroe County",5,74,103,39,64
050,21,171,"Kentucky","Monroe County",5,75,97,38,59
050,21,171,"Kentucky","Monroe County",5,76,106,48,58
050,21,171,"Kentucky","Monroe County",5,77,76,33,43
050,21,171,"Kentucky","Monroe County",5,78,82,40,42
050,21,171,"Kentucky","Monroe County",5,79,84,40,44
050,21,171,"Kentucky","Monroe County",5,80,80,34,46
050,21,171,"Kentucky","Monroe County",5,81,55,22,33
050,21,171,"Kentucky","Monroe County",5,82,59,30,29
050,21,171,"Kentucky","Monroe County",5,83,66,30,36
050,21,171,"Kentucky","Monroe County",5,84,53,21,32
050,21,171,"Kentucky","Monroe County",5,85,187,67,120
050,21,173,"Kentucky","Montgomery County",1,0,338,169,169
050,21,173,"Kentucky","Montgomery County",1,1,365,192,173
050,21,173,"Kentucky","Montgomery County",1,2,367,191,176
050,21,173,"Kentucky","Montgomery County",1,3,344,157,187
050,21,173,"Kentucky","Montgomery County",1,4,356,174,182
050,21,173,"Kentucky","Montgomery County",1,5,359,193,166
050,21,173,"Kentucky","Montgomery County",1,6,346,182,164
050,21,173,"Kentucky","Montgomery County",1,7,369,212,157
050,21,173,"Kentucky","Montgomery County",1,8,350,186,164
050,21,173,"Kentucky","Montgomery County",1,9,364,196,168
050,21,173,"Kentucky","Montgomery County",1,10,355,162,193
050,21,173,"Kentucky","Montgomery County",1,11,410,210,200
050,21,173,"Kentucky","Montgomery County",1,12,396,200,196
050,21,173,"Kentucky","Montgomery County",1,13,398,218,180
050,21,173,"Kentucky","Montgomery County",1,14,352,189,163
050,21,173,"Kentucky","Montgomery County",1,15,365,192,173
050,21,173,"Kentucky","Montgomery County",1,16,374,209,165
050,21,173,"Kentucky","Montgomery County",1,17,363,186,177
050,21,173,"Kentucky","Montgomery County",1,18,317,171,146
050,21,173,"Kentucky","Montgomery County",1,19,249,137,112
050,21,173,"Kentucky","Montgomery County",1,20,301,162,139
050,21,173,"Kentucky","Montgomery County",1,21,299,151,148
050,21,173,"Kentucky","Montgomery County",1,22,303,142,161
050,21,173,"Kentucky","Montgomery County",1,23,321,174,147
050,21,173,"Kentucky","Montgomery County",1,24,334,176,158
050,21,173,"Kentucky","Montgomery County",1,25,355,188,167
050,21,173,"Kentucky","Montgomery County",1,26,357,191,166
050,21,173,"Kentucky","Montgomery County",1,27,389,190,199
050,21,173,"Kentucky","Montgomery County",1,28,411,214,197
050,21,173,"Kentucky","Montgomery County",1,29,415,215,200
050,21,173,"Kentucky","Montgomery County",1,30,398,196,202
050,21,173,"Kentucky","Montgomery County",1,31,338,161,177
050,21,173,"Kentucky","Montgomery County",1,32,347,169,178
050,21,173,"Kentucky","Montgomery County",1,33,326,166,160
050,21,173,"Kentucky","Montgomery County",1,34,331,166,165
050,21,173,"Kentucky","Montgomery County",1,35,335,169,166
050,21,173,"Kentucky","Montgomery County",1,36,332,178,154
050,21,173,"Kentucky","Montgomery County",1,37,354,173,181
050,21,173,"Kentucky","Montgomery County",1,38,332,147,185
050,21,173,"Kentucky","Montgomery County",1,39,352,174,178
050,21,173,"Kentucky","Montgomery County",1,40,369,177,192
050,21,173,"Kentucky","Montgomery County",1,41,345,167,178
050,21,173,"Kentucky","Montgomery County",1,42,371,182,189
050,21,173,"Kentucky","Montgomery County",1,43,399,185,214
050,21,173,"Kentucky","Montgomery County",1,44,397,200,197
050,21,173,"Kentucky","Montgomery County",1,45,419,196,223
050,21,173,"Kentucky","Montgomery County",1,46,385,187,198
050,21,173,"Kentucky","Montgomery County",1,47,399,199,200
050,21,173,"Kentucky","Montgomery County",1,48,387,185,202
050,21,173,"Kentucky","Montgomery County",1,49,409,203,206
050,21,173,"Kentucky","Montgomery County",1,50,417,210,207
050,21,173,"Kentucky","Montgomery County",1,51,383,198,185
050,21,173,"Kentucky","Montgomery County",1,52,368,200,168
050,21,173,"Kentucky","Montgomery County",1,53,356,169,187
050,21,173,"Kentucky","Montgomery County",1,54,396,177,219
050,21,173,"Kentucky","Montgomery County",1,55,416,195,221
050,21,173,"Kentucky","Montgomery County",1,56,399,202,197
050,21,173,"Kentucky","Montgomery County",1,57,402,197,205
050,21,173,"Kentucky","Montgomery County",1,58,378,182,196
050,21,173,"Kentucky","Montgomery County",1,59,365,181,184
050,21,173,"Kentucky","Montgomery County",1,60,328,161,167
050,21,173,"Kentucky","Montgomery County",1,61,339,152,187
050,21,173,"Kentucky","Montgomery County",1,62,366,170,196
050,21,173,"Kentucky","Montgomery County",1,63,351,158,193
050,21,173,"Kentucky","Montgomery County",1,64,346,165,181
050,21,173,"Kentucky","Montgomery County",1,65,323,147,176
050,21,173,"Kentucky","Montgomery County",1,66,311,149,162
050,21,173,"Kentucky","Montgomery County",1,67,297,138,159
050,21,173,"Kentucky","Montgomery County",1,68,291,131,160
050,21,173,"Kentucky","Montgomery County",1,69,268,133,135
050,21,173,"Kentucky","Montgomery County",1,70,286,129,157
050,21,173,"Kentucky","Montgomery County",1,71,297,129,168
050,21,173,"Kentucky","Montgomery County",1,72,279,117,162
050,21,173,"Kentucky","Montgomery County",1,73,258,114,144
050,21,173,"Kentucky","Montgomery County",1,74,190,84,106
050,21,173,"Kentucky","Montgomery County",1,75,189,91,98
050,21,173,"Kentucky","Montgomery County",1,76,166,77,89
050,21,173,"Kentucky","Montgomery County",1,77,171,73,98
050,21,173,"Kentucky","Montgomery County",1,78,156,68,88
050,21,173,"Kentucky","Montgomery County",1,79,141,60,81
050,21,173,"Kentucky","Montgomery County",1,80,121,55,66
050,21,173,"Kentucky","Montgomery County",1,81,107,49,58
050,21,173,"Kentucky","Montgomery County",1,82,103,41,62
050,21,173,"Kentucky","Montgomery County",1,83,76,37,39
050,21,173,"Kentucky","Montgomery County",1,84,72,21,51
050,21,173,"Kentucky","Montgomery County",1,85,450,148,302
050,21,173,"Kentucky","Montgomery County",2,0,339,168,171
050,21,173,"Kentucky","Montgomery County",2,1,357,186,171
050,21,173,"Kentucky","Montgomery County",2,2,362,187,175
050,21,173,"Kentucky","Montgomery County",2,3,344,163,181
050,21,173,"Kentucky","Montgomery County",2,4,352,169,183
050,21,173,"Kentucky","Montgomery County",2,5,359,188,171
050,21,173,"Kentucky","Montgomery County",2,6,351,187,164
050,21,173,"Kentucky","Montgomery County",2,7,362,205,157
050,21,173,"Kentucky","Montgomery County",2,8,354,191,163
050,21,173,"Kentucky","Montgomery County",2,9,359,190,169
050,21,173,"Kentucky","Montgomery County",2,10,359,172,187
050,21,173,"Kentucky","Montgomery County",2,11,394,197,197
050,21,173,"Kentucky","Montgomery County",2,12,403,206,197
050,21,173,"Kentucky","Montgomery County",2,13,395,212,183
050,21,173,"Kentucky","Montgomery County",2,14,362,195,167
050,21,173,"Kentucky","Montgomery County",2,15,364,193,171
050,21,173,"Kentucky","Montgomery County",2,16,373,206,167
050,21,173,"Kentucky","Montgomery County",2,17,365,190,175
050,21,173,"Kentucky","Montgomery County",2,18,313,168,145
050,21,173,"Kentucky","Montgomery County",2,19,250,136,114
050,21,173,"Kentucky","Montgomery County",2,20,299,160,139
050,21,173,"Kentucky","Montgomery County",2,21,299,152,147
050,21,173,"Kentucky","Montgomery County",2,22,305,146,159
050,21,173,"Kentucky","Montgomery County",2,23,324,172,152
050,21,173,"Kentucky","Montgomery County",2,24,334,178,156
050,21,173,"Kentucky","Montgomery County",2,25,347,183,164
050,21,173,"Kentucky","Montgomery County",2,26,356,192,164
050,21,173,"Kentucky","Montgomery County",2,27,380,190,190
050,21,173,"Kentucky","Montgomery County",2,28,409,211,198
050,21,173,"Kentucky","Montgomery County",2,29,418,216,202
050,21,173,"Kentucky","Montgomery County",2,30,403,202,201
050,21,173,"Kentucky","Montgomery County",2,31,353,171,182
050,21,173,"Kentucky","Montgomery County",2,32,345,167,178
050,21,173,"Kentucky","Montgomery County",2,33,329,165,164
050,21,173,"Kentucky","Montgomery County",2,34,332,166,166
050,21,173,"Kentucky","Montgomery County",2,35,332,168,164
050,21,173,"Kentucky","Montgomery County",2,36,334,176,158
050,21,173,"Kentucky","Montgomery County",2,37,349,173,176
050,21,173,"Kentucky","Montgomery County",2,38,334,151,183
050,21,173,"Kentucky","Montgomery County",2,39,346,167,179
050,21,173,"Kentucky","Montgomery County",2,40,367,179,188
050,21,173,"Kentucky","Montgomery County",2,41,350,169,181
050,21,173,"Kentucky","Montgomery County",2,42,363,177,186
050,21,173,"Kentucky","Montgomery County",2,43,395,184,211
050,21,173,"Kentucky","Montgomery County",2,44,396,195,201
050,21,173,"Kentucky","Montgomery County",2,45,419,199,220
050,21,173,"Kentucky","Montgomery County",2,46,389,187,202
050,21,173,"Kentucky","Montgomery County",2,47,394,195,199
050,21,173,"Kentucky","Montgomery County",2,48,389,188,201
050,21,173,"Kentucky","Montgomery County",2,49,406,200,206
050,21,173,"Kentucky","Montgomery County",2,50,413,208,205
050,21,173,"Kentucky","Montgomery County",2,51,390,199,191
050,21,173,"Kentucky","Montgomery County",2,52,368,197,171
050,21,173,"Kentucky","Montgomery County",2,53,356,174,182
050,21,173,"Kentucky","Montgomery County",2,54,387,177,210
050,21,173,"Kentucky","Montgomery County",2,55,413,192,221
050,21,173,"Kentucky","Montgomery County",2,56,407,203,204
050,21,173,"Kentucky","Montgomery County",2,57,402,200,202
050,21,173,"Kentucky","Montgomery County",2,58,382,183,199
050,21,173,"Kentucky","Montgomery County",2,59,367,181,186
050,21,173,"Kentucky","Montgomery County",2,60,337,166,171
050,21,173,"Kentucky","Montgomery County",2,61,334,153,181
050,21,173,"Kentucky","Montgomery County",2,62,358,165,193
050,21,173,"Kentucky","Montgomery County",2,63,357,162,195
050,21,173,"Kentucky","Montgomery County",2,64,345,163,182
050,21,173,"Kentucky","Montgomery County",2,65,328,151,177
050,21,173,"Kentucky","Montgomery County",2,66,315,148,167
050,21,173,"Kentucky","Montgomery County",2,67,297,138,159
050,21,173,"Kentucky","Montgomery County",2,68,291,132,159
050,21,173,"Kentucky","Montgomery County",2,69,276,132,144
050,21,173,"Kentucky","Montgomery County",2,70,282,131,151
050,21,173,"Kentucky","Montgomery County",2,71,294,129,165
050,21,173,"Kentucky","Montgomery County",2,72,274,115,159
050,21,173,"Kentucky","Montgomery County",2,73,277,121,156
050,21,173,"Kentucky","Montgomery County",2,74,194,85,109
050,21,173,"Kentucky","Montgomery County",2,75,188,90,98
050,21,173,"Kentucky","Montgomery County",2,76,168,79,89
050,21,173,"Kentucky","Montgomery County",2,77,170,75,95
050,21,173,"Kentucky","Montgomery County",2,78,152,66,86
050,21,173,"Kentucky","Montgomery County",2,79,144,61,83
050,21,173,"Kentucky","Montgomery County",2,80,123,55,68
050,21,173,"Kentucky","Montgomery County",2,81,106,48,58
050,21,173,"Kentucky","Montgomery County",2,82,101,41,60
050,21,173,"Kentucky","Montgomery County",2,83,78,36,42
050,21,173,"Kentucky","Montgomery County",2,84,74,24,50
050,21,173,"Kentucky","Montgomery County",2,85,451,146,305
050,21,173,"Kentucky","Montgomery County",3,0,324,165,159
050,21,173,"Kentucky","Montgomery County",3,1,347,176,171
050,21,173,"Kentucky","Montgomery County",3,2,355,189,166
050,21,173,"Kentucky","Montgomery County",3,3,372,197,175
050,21,173,"Kentucky","Montgomery County",3,4,365,185,180
050,21,173,"Kentucky","Montgomery County",3,5,349,158,191
050,21,173,"Kentucky","Montgomery County",3,6,377,201,176
050,21,173,"Kentucky","Montgomery County",3,7,359,191,168
050,21,173,"Kentucky","Montgomery County",3,8,365,210,155
050,21,173,"Kentucky","Montgomery County",3,9,357,188,169
050,21,173,"Kentucky","Montgomery County",3,10,357,192,165
050,21,173,"Kentucky","Montgomery County",3,11,356,173,183
050,21,173,"Kentucky","Montgomery County",3,12,391,191,200
050,21,173,"Kentucky","Montgomery County",3,13,411,209,202
050,21,173,"Kentucky","Montgomery County",3,14,397,213,184
050,21,173,"Kentucky","Montgomery County",3,15,354,185,169
050,21,173,"Kentucky","Montgomery County",3,16,348,190,158
050,21,173,"Kentucky","Montgomery County",3,17,365,199,166
050,21,173,"Kentucky","Montgomery County",3,18,306,166,140
050,21,173,"Kentucky","Montgomery County",3,19,260,137,123
050,21,173,"Kentucky","Montgomery County",3,20,284,153,131
050,21,173,"Kentucky","Montgomery County",3,21,309,161,148
050,21,173,"Kentucky","Montgomery County",3,22,347,167,180
050,21,173,"Kentucky","Montgomery County",3,23,341,171,170
050,21,173,"Kentucky","Montgomery County",3,24,348,175,173
050,21,173,"Kentucky","Montgomery County",3,25,362,186,176
050,21,173,"Kentucky","Montgomery County",3,26,368,194,174
050,21,173,"Kentucky","Montgomery County",3,27,350,186,164
050,21,173,"Kentucky","Montgomery County",3,28,364,180,184
050,21,173,"Kentucky","Montgomery County",3,29,390,193,197
050,21,173,"Kentucky","Montgomery County",3,30,422,218,204
050,21,173,"Kentucky","Montgomery County",3,31,408,203,205
050,21,173,"Kentucky","Montgomery County",3,32,352,163,189
050,21,173,"Kentucky","Montgomery County",3,33,333,157,176
050,21,173,"Kentucky","Montgomery County",3,34,349,180,169
050,21,173,"Kentucky","Montgomery County",3,35,325,171,154
050,21,173,"Kentucky","Montgomery County",3,36,341,171,170
050,21,173,"Kentucky","Montgomery County",3,37,320,172,148
050,21,173,"Kentucky","Montgomery County",3,38,337,169,168
050,21,173,"Kentucky","Montgomery County",3,39,335,153,182
050,21,173,"Kentucky","Montgomery County",3,40,361,173,188
050,21,173,"Kentucky","Montgomery County",3,41,363,177,186
050,21,173,"Kentucky","Montgomery County",3,42,351,169,182
050,21,173,"Kentucky","Montgomery County",3,43,357,174,183
050,21,173,"Kentucky","Montgomery County",3,44,387,188,199
050,21,173,"Kentucky","Montgomery County",3,45,401,197,204
050,21,173,"Kentucky","Montgomery County",3,46,412,195,217
050,21,173,"Kentucky","Montgomery County",3,47,385,183,202
050,21,173,"Kentucky","Montgomery County",3,48,391,189,202
050,21,173,"Kentucky","Montgomery County",3,49,388,189,199
050,21,173,"Kentucky","Montgomery County",3,50,417,208,209
050,21,173,"Kentucky","Montgomery County",3,51,411,197,214
050,21,173,"Kentucky","Montgomery County",3,52,393,199,194
050,21,173,"Kentucky","Montgomery County",3,53,362,188,174
050,21,173,"Kentucky","Montgomery County",3,54,360,175,185
050,21,173,"Kentucky","Montgomery County",3,55,390,180,210
050,21,173,"Kentucky","Montgomery County",3,56,391,182,209
050,21,173,"Kentucky","Montgomery County",3,57,408,204,204
050,21,173,"Kentucky","Montgomery County",3,58,405,193,212
050,21,173,"Kentucky","Montgomery County",3,59,379,185,194
050,21,173,"Kentucky","Montgomery County",3,60,356,181,175
050,21,173,"Kentucky","Montgomery County",3,61,347,171,176
050,21,173,"Kentucky","Montgomery County",3,62,320,151,169
050,21,173,"Kentucky","Montgomery County",3,63,348,161,187
050,21,173,"Kentucky","Montgomery County",3,64,353,157,196
050,21,173,"Kentucky","Montgomery County",3,65,342,157,185
050,21,173,"Kentucky","Montgomery County",3,66,323,142,181
050,21,173,"Kentucky","Montgomery County",3,67,307,144,163
050,21,173,"Kentucky","Montgomery County",3,68,295,137,158
050,21,173,"Kentucky","Montgomery County",3,69,278,124,154
050,21,173,"Kentucky","Montgomery County",3,70,269,125,144
050,21,173,"Kentucky","Montgomery County",3,71,276,125,151
050,21,173,"Kentucky","Montgomery County",3,72,284,124,160
050,21,173,"Kentucky","Montgomery County",3,73,259,109,150
050,21,173,"Kentucky","Montgomery County",3,74,261,111,150
050,21,173,"Kentucky","Montgomery County",3,75,181,75,106
050,21,173,"Kentucky","Montgomery County",3,76,176,81,95
050,21,173,"Kentucky","Montgomery County",3,77,155,72,83
050,21,173,"Kentucky","Montgomery County",3,78,172,79,93
050,21,173,"Kentucky","Montgomery County",3,79,147,63,84
050,21,173,"Kentucky","Montgomery County",3,80,134,54,80
050,21,173,"Kentucky","Montgomery County",3,81,117,51,66
050,21,173,"Kentucky","Montgomery County",3,82,108,46,62
050,21,173,"Kentucky","Montgomery County",3,83,92,38,54
050,21,173,"Kentucky","Montgomery County",3,84,77,32,45
050,21,173,"Kentucky","Montgomery County",3,85,441,148,293
050,21,173,"Kentucky","Montgomery County",4,0,322,172,150
050,21,173,"Kentucky","Montgomery County",4,1,320,153,167
050,21,173,"Kentucky","Montgomery County",4,2,343,179,164
050,21,173,"Kentucky","Montgomery County",4,3,373,198,175
050,21,173,"Kentucky","Montgomery County",4,4,383,190,193
050,21,173,"Kentucky","Montgomery County",4,5,365,182,183
050,21,173,"Kentucky","Montgomery County",4,6,353,174,179
050,21,173,"Kentucky","Montgomery County",4,7,384,209,175
050,21,173,"Kentucky","Montgomery County",4,8,365,197,168
050,21,173,"Kentucky","Montgomery County",4,9,378,211,167
050,21,173,"Kentucky","Montgomery County",4,10,369,198,171
050,21,173,"Kentucky","Montgomery County",4,11,354,187,167
050,21,173,"Kentucky","Montgomery County",4,12,363,174,189
050,21,173,"Kentucky","Montgomery County",4,13,402,201,201
050,21,173,"Kentucky","Montgomery County",4,14,410,213,197
050,21,173,"Kentucky","Montgomery County",4,15,387,212,175
050,21,173,"Kentucky","Montgomery County",4,16,364,194,170
050,21,173,"Kentucky","Montgomery County",4,17,357,187,170
050,21,173,"Kentucky","Montgomery County",4,18,307,173,134
050,21,173,"Kentucky","Montgomery County",4,19,241,127,114
050,21,173,"Kentucky","Montgomery County",4,20,283,151,132
050,21,173,"Kentucky","Montgomery County",4,21,293,158,135
050,21,173,"Kentucky","Montgomery County",4,22,340,176,164
050,21,173,"Kentucky","Montgomery County",4,23,376,188,188
050,21,173,"Kentucky","Montgomery County",4,24,341,164,177
050,21,173,"Kentucky","Montgomery County",4,25,362,189,173
050,21,173,"Kentucky","Montgomery County",4,26,358,185,173
050,21,173,"Kentucky","Montgomery County",4,27,368,193,175
050,21,173,"Kentucky","Montgomery County",4,28,367,198,169
050,21,173,"Kentucky","Montgomery County",4,29,355,180,175
050,21,173,"Kentucky","Montgomery County",4,30,398,198,200
050,21,173,"Kentucky","Montgomery County",4,31,427,227,200
050,21,173,"Kentucky","Montgomery County",4,32,430,212,218
050,21,173,"Kentucky","Montgomery County",4,33,362,167,195
050,21,173,"Kentucky","Montgomery County",4,34,337,160,177
050,21,173,"Kentucky","Montgomery County",4,35,347,177,170
050,21,173,"Kentucky","Montgomery County",4,36,341,182,159
050,21,173,"Kentucky","Montgomery County",4,37,340,172,168
050,21,173,"Kentucky","Montgomery County",4,38,323,169,154
050,21,173,"Kentucky","Montgomery County",4,39,335,169,166
050,21,173,"Kentucky","Montgomery County",4,40,340,159,181
050,21,173,"Kentucky","Montgomery County",4,41,348,159,189
050,21,173,"Kentucky","Montgomery County",4,42,361,175,186
050,21,173,"Kentucky","Montgomery County",4,43,348,163,185
050,21,173,"Kentucky","Montgomery County",4,44,370,177,193
050,21,173,"Kentucky","Montgomery County",4,45,384,182,202
050,21,173,"Kentucky","Montgomery County",4,46,390,198,192
050,21,173,"Kentucky","Montgomery County",4,47,416,192,224
050,21,173,"Kentucky","Montgomery County",4,48,372,174,198
050,21,173,"Kentucky","Montgomery County",4,49,373,177,196
050,21,173,"Kentucky","Montgomery County",4,50,412,196,216
050,21,173,"Kentucky","Montgomery County",4,51,407,212,195
050,21,173,"Kentucky","Montgomery County",4,52,406,196,210
050,21,173,"Kentucky","Montgomery County",4,53,390,201,189
050,21,173,"Kentucky","Montgomery County",4,54,371,192,179
050,21,173,"Kentucky","Montgomery County",4,55,359,172,187
050,21,173,"Kentucky","Montgomery County",4,56,394,182,212
050,21,173,"Kentucky","Montgomery County",4,57,386,178,208
050,21,173,"Kentucky","Montgomery County",4,58,404,203,201
050,21,173,"Kentucky","Montgomery County",4,59,393,186,207
050,21,173,"Kentucky","Montgomery County",4,60,372,185,187
050,21,173,"Kentucky","Montgomery County",4,61,358,184,174
050,21,173,"Kentucky","Montgomery County",4,62,342,173,169
050,21,173,"Kentucky","Montgomery County",4,63,321,152,169
050,21,173,"Kentucky","Montgomery County",4,64,348,162,186
050,21,173,"Kentucky","Montgomery County",4,65,350,150,200
050,21,173,"Kentucky","Montgomery County",4,66,340,154,186
050,21,173,"Kentucky","Montgomery County",4,67,317,139,178
050,21,173,"Kentucky","Montgomery County",4,68,302,143,159
050,21,173,"Kentucky","Montgomery County",4,69,283,129,154
050,21,173,"Kentucky","Montgomery County",4,70,265,117,148
050,21,173,"Kentucky","Montgomery County",4,71,254,121,133
050,21,173,"Kentucky","Montgomery County",4,72,261,121,140
050,21,173,"Kentucky","Montgomery County",4,73,272,121,151
050,21,173,"Kentucky","Montgomery County",4,74,240,102,138
050,21,173,"Kentucky","Montgomery County",4,75,241,99,142
050,21,173,"Kentucky","Montgomery County",4,76,167,68,99
050,21,173,"Kentucky","Montgomery County",4,77,169,80,89
050,21,173,"Kentucky","Montgomery County",4,78,143,67,76
050,21,173,"Kentucky","Montgomery County",4,79,159,68,91
050,21,173,"Kentucky","Montgomery County",4,80,124,50,74
050,21,173,"Kentucky","Montgomery County",4,81,126,51,75
050,21,173,"Kentucky","Montgomery County",4,82,117,50,67
050,21,173,"Kentucky","Montgomery County",4,83,97,45,52
050,21,173,"Kentucky","Montgomery County",4,84,94,32,62
050,21,173,"Kentucky","Montgomery County",4,85,448,161,287
050,21,173,"Kentucky","Montgomery County",5,0,320,170,150
050,21,173,"Kentucky","Montgomery County",5,1,332,190,142
050,21,173,"Kentucky","Montgomery County",5,2,312,140,172
050,21,173,"Kentucky","Montgomery County",5,3,350,185,165
050,21,173,"Kentucky","Montgomery County",5,4,364,184,180
050,21,173,"Kentucky","Montgomery County",5,5,375,186,189
050,21,173,"Kentucky","Montgomery County",5,6,386,186,200
050,21,173,"Kentucky","Montgomery County",5,7,378,184,194
050,21,173,"Kentucky","Montgomery County",5,8,382,212,170
050,21,173,"Kentucky","Montgomery County",5,9,375,206,169
050,21,173,"Kentucky","Montgomery County",5,10,394,227,167
050,21,173,"Kentucky","Montgomery County",5,11,378,200,178
050,21,173,"Kentucky","Montgomery County",5,12,342,194,148
050,21,173,"Kentucky","Montgomery County",5,13,367,173,194
050,21,173,"Kentucky","Montgomery County",5,14,400,198,202
050,21,173,"Kentucky","Montgomery County",5,15,420,211,209
050,21,173,"Kentucky","Montgomery County",5,16,393,211,182
050,21,173,"Kentucky","Montgomery County",5,17,352,184,168
050,21,173,"Kentucky","Montgomery County",5,18,300,167,133
050,21,173,"Kentucky","Montgomery County",5,19,249,139,110
050,21,173,"Kentucky","Montgomery County",5,20,274,140,134
050,21,173,"Kentucky","Montgomery County",5,21,307,152,155
050,21,173,"Kentucky","Montgomery County",5,22,325,167,158
050,21,173,"Kentucky","Montgomery County",5,23,368,190,178
050,21,173,"Kentucky","Montgomery County",5,24,378,192,186
050,21,173,"Kentucky","Montgomery County",5,25,351,179,172
050,21,173,"Kentucky","Montgomery County",5,26,393,204,189
050,21,173,"Kentucky","Montgomery County",5,27,358,172,186
050,21,173,"Kentucky","Montgomery County",5,28,348,184,164
050,21,173,"Kentucky","Montgomery County",5,29,358,187,171
050,21,173,"Kentucky","Montgomery County",5,30,368,185,183
050,21,173,"Kentucky","Montgomery County",5,31,411,207,204
050,21,173,"Kentucky","Montgomery County",5,32,443,228,215
050,21,173,"Kentucky","Montgomery County",5,33,412,197,215
050,21,173,"Kentucky","Montgomery County",5,34,377,178,199
050,21,173,"Kentucky","Montgomery County",5,35,328,153,175
050,21,173,"Kentucky","Montgomery County",5,36,343,173,170
050,21,173,"Kentucky","Montgomery County",5,37,348,181,167
050,21,173,"Kentucky","Montgomery County",5,38,326,160,166
050,21,173,"Kentucky","Montgomery County",5,39,334,178,156
050,21,173,"Kentucky","Montgomery County",5,40,343,177,166
050,21,173,"Kentucky","Montgomery County",5,41,335,153,182
050,21,173,"Kentucky","Montgomery County",5,42,350,166,184
050,21,173,"Kentucky","Montgomery County",5,43,366,176,190
050,21,173,"Kentucky","Montgomery County",5,44,349,164,185
050,21,173,"Kentucky","Montgomery County",5,45,376,179,197
050,21,173,"Kentucky","Montgomery County",5,46,401,190,211
050,21,173,"Kentucky","Montgomery County",5,47,391,202,189
050,21,173,"Kentucky","Montgomery County",5,48,407,188,219
050,21,173,"Kentucky","Montgomery County",5,49,370,178,192
050,21,173,"Kentucky","Montgomery County",5,50,377,177,200
050,21,173,"Kentucky","Montgomery County",5,51,391,182,209
050,21,173,"Kentucky","Montgomery County",5,52,406,206,200
050,21,173,"Kentucky","Montgomery County",5,53,396,198,198
050,21,173,"Kentucky","Montgomery County",5,54,397,199,198
050,21,173,"Kentucky","Montgomery County",5,55,375,194,181
050,21,173,"Kentucky","Montgomery County",5,56,362,174,188
050,21,173,"Kentucky","Montgomery County",5,57,391,182,209
050,21,173,"Kentucky","Montgomery County",5,58,381,174,207
050,21,173,"Kentucky","Montgomery County",5,59,414,206,208
050,21,173,"Kentucky","Montgomery County",5,60,394,186,208
050,21,173,"Kentucky","Montgomery County",5,61,373,187,186
050,21,173,"Kentucky","Montgomery County",5,62,356,182,174
050,21,173,"Kentucky","Montgomery County",5,63,337,170,167
050,21,173,"Kentucky","Montgomery County",5,64,315,146,169
050,21,173,"Kentucky","Montgomery County",5,65,345,157,188
050,21,173,"Kentucky","Montgomery County",5,66,352,147,205
050,21,173,"Kentucky","Montgomery County",5,67,325,147,178
050,21,173,"Kentucky","Montgomery County",5,68,308,135,173
050,21,173,"Kentucky","Montgomery County",5,69,294,139,155
050,21,173,"Kentucky","Montgomery County",5,70,268,122,146
050,21,173,"Kentucky","Montgomery County",5,71,252,115,137
050,21,173,"Kentucky","Montgomery County",5,72,245,115,130
050,21,173,"Kentucky","Montgomery County",5,73,248,116,132
050,21,173,"Kentucky","Montgomery County",5,74,255,116,139
050,21,173,"Kentucky","Montgomery County",5,75,226,92,134
050,21,173,"Kentucky","Montgomery County",5,76,227,90,137
050,21,173,"Kentucky","Montgomery County",5,77,166,68,98
050,21,173,"Kentucky","Montgomery County",5,78,167,77,90
050,21,173,"Kentucky","Montgomery County",5,79,133,57,76
050,21,173,"Kentucky","Montgomery County",5,80,142,57,85
050,21,173,"Kentucky","Montgomery County",5,81,115,48,67
050,21,173,"Kentucky","Montgomery County",5,82,125,50,75
050,21,173,"Kentucky","Montgomery County",5,83,103,46,57
050,21,173,"Kentucky","Montgomery County",5,84,94,39,55
050,21,173,"Kentucky","Montgomery County",5,85,465,170,295
050,21,175,"Kentucky","Morgan County",1,0,117,61,56
050,21,175,"Kentucky","Morgan County",1,1,124,62,62
050,21,175,"Kentucky","Morgan County",1,2,128,69,59
050,21,175,"Kentucky","Morgan County",1,3,117,63,54
050,21,175,"Kentucky","Morgan County",1,4,140,77,63
050,21,175,"Kentucky","Morgan County",1,5,149,83,66
050,21,175,"Kentucky","Morgan County",1,6,144,89,55
050,21,175,"Kentucky","Morgan County",1,7,120,66,54
050,21,175,"Kentucky","Morgan County",1,8,140,71,69
050,21,175,"Kentucky","Morgan County",1,9,142,78,64
050,21,175,"Kentucky","Morgan County",1,10,133,78,55
050,21,175,"Kentucky","Morgan County",1,11,133,67,66
050,21,175,"Kentucky","Morgan County",1,12,150,78,72
050,21,175,"Kentucky","Morgan County",1,13,161,93,68
050,21,175,"Kentucky","Morgan County",1,14,151,83,68
050,21,175,"Kentucky","Morgan County",1,15,158,83,75
050,21,175,"Kentucky","Morgan County",1,16,148,71,77
050,21,175,"Kentucky","Morgan County",1,17,154,80,74
050,21,175,"Kentucky","Morgan County",1,18,139,81,58
050,21,175,"Kentucky","Morgan County",1,19,108,70,38
050,21,175,"Kentucky","Morgan County",1,20,130,81,49
050,21,175,"Kentucky","Morgan County",1,21,160,104,56
050,21,175,"Kentucky","Morgan County",1,22,176,125,51
050,21,175,"Kentucky","Morgan County",1,23,189,128,61
050,21,175,"Kentucky","Morgan County",1,24,182,125,57
050,21,175,"Kentucky","Morgan County",1,25,221,154,67
050,21,175,"Kentucky","Morgan County",1,26,215,134,81
050,21,175,"Kentucky","Morgan County",1,27,201,136,65
050,21,175,"Kentucky","Morgan County",1,28,215,147,68
050,21,175,"Kentucky","Morgan County",1,29,220,141,79
050,21,175,"Kentucky","Morgan County",1,30,204,131,73
050,21,175,"Kentucky","Morgan County",1,31,207,149,58
050,21,175,"Kentucky","Morgan County",1,32,205,138,67
050,21,175,"Kentucky","Morgan County",1,33,187,126,61
050,21,175,"Kentucky","Morgan County",1,34,185,119,66
050,21,175,"Kentucky","Morgan County",1,35,173,106,67
050,21,175,"Kentucky","Morgan County",1,36,193,126,67
050,21,175,"Kentucky","Morgan County",1,37,189,107,82
050,21,175,"Kentucky","Morgan County",1,38,189,108,81
050,21,175,"Kentucky","Morgan County",1,39,191,112,79
050,21,175,"Kentucky","Morgan County",1,40,203,123,80
050,21,175,"Kentucky","Morgan County",1,41,202,123,79
050,21,175,"Kentucky","Morgan County",1,42,197,121,76
050,21,175,"Kentucky","Morgan County",1,43,171,98,73
050,21,175,"Kentucky","Morgan County",1,44,209,133,76
050,21,175,"Kentucky","Morgan County",1,45,215,132,83
050,21,175,"Kentucky","Morgan County",1,46,199,124,75
050,21,175,"Kentucky","Morgan County",1,47,205,129,76
050,21,175,"Kentucky","Morgan County",1,48,214,122,92
050,21,175,"Kentucky","Morgan County",1,49,202,112,90
050,21,175,"Kentucky","Morgan County",1,50,195,107,88
050,21,175,"Kentucky","Morgan County",1,51,181,101,80
050,21,175,"Kentucky","Morgan County",1,52,189,104,85
050,21,175,"Kentucky","Morgan County",1,53,179,89,90
050,21,175,"Kentucky","Morgan County",1,54,176,93,83
050,21,175,"Kentucky","Morgan County",1,55,187,105,82
050,21,175,"Kentucky","Morgan County",1,56,178,94,84
050,21,175,"Kentucky","Morgan County",1,57,177,86,91
050,21,175,"Kentucky","Morgan County",1,58,192,105,87
050,21,175,"Kentucky","Morgan County",1,59,189,101,88
050,21,175,"Kentucky","Morgan County",1,60,182,103,79
050,21,175,"Kentucky","Morgan County",1,61,202,109,93
050,21,175,"Kentucky","Morgan County",1,62,200,103,97
050,21,175,"Kentucky","Morgan County",1,63,211,124,87
050,21,175,"Kentucky","Morgan County",1,64,189,106,83
050,21,175,"Kentucky","Morgan County",1,65,172,86,86
050,21,175,"Kentucky","Morgan County",1,66,175,91,84
050,21,175,"Kentucky","Morgan County",1,67,193,97,96
050,21,175,"Kentucky","Morgan County",1,68,179,85,94
050,21,175,"Kentucky","Morgan County",1,69,148,74,74
050,21,175,"Kentucky","Morgan County",1,70,132,71,61
050,21,175,"Kentucky","Morgan County",1,71,136,72,64
050,21,175,"Kentucky","Morgan County",1,72,119,59,60
050,21,175,"Kentucky","Morgan County",1,73,136,70,66
050,21,175,"Kentucky","Morgan County",1,74,79,43,36
050,21,175,"Kentucky","Morgan County",1,75,85,40,45
050,21,175,"Kentucky","Morgan County",1,76,89,38,51
050,21,175,"Kentucky","Morgan County",1,77,82,39,43
050,21,175,"Kentucky","Morgan County",1,78,60,26,34
050,21,175,"Kentucky","Morgan County",1,79,60,22,38
050,21,175,"Kentucky","Morgan County",1,80,53,23,30
050,21,175,"Kentucky","Morgan County",1,81,54,31,23
050,21,175,"Kentucky","Morgan County",1,82,48,31,17
050,21,175,"Kentucky","Morgan County",1,83,43,18,25
050,21,175,"Kentucky","Morgan County",1,84,51,25,26
050,21,175,"Kentucky","Morgan County",1,85,203,86,117
050,21,175,"Kentucky","Morgan County",2,0,119,62,57
050,21,175,"Kentucky","Morgan County",2,1,121,61,60
050,21,175,"Kentucky","Morgan County",2,2,126,67,59
050,21,175,"Kentucky","Morgan County",2,3,118,63,55
050,21,175,"Kentucky","Morgan County",2,4,135,74,61
050,21,175,"Kentucky","Morgan County",2,5,149,83,66
050,21,175,"Kentucky","Morgan County",2,6,145,88,57
050,21,175,"Kentucky","Morgan County",2,7,128,71,57
050,21,175,"Kentucky","Morgan County",2,8,135,70,65
050,21,175,"Kentucky","Morgan County",2,9,142,77,65
050,21,175,"Kentucky","Morgan County",2,10,135,79,56
050,21,175,"Kentucky","Morgan County",2,11,132,69,63
050,21,175,"Kentucky","Morgan County",2,12,146,76,70
050,21,175,"Kentucky","Morgan County",2,13,158,90,68
050,21,175,"Kentucky","Morgan County",2,14,154,86,68
050,21,175,"Kentucky","Morgan County",2,15,155,82,73
050,21,175,"Kentucky","Morgan County",2,16,153,75,78
050,21,175,"Kentucky","Morgan County",2,17,154,79,75
050,21,175,"Kentucky","Morgan County",2,18,134,76,58
050,21,175,"Kentucky","Morgan County",2,19,112,71,41
050,21,175,"Kentucky","Morgan County",2,20,132,84,48
050,21,175,"Kentucky","Morgan County",2,21,159,104,55
050,21,175,"Kentucky","Morgan County",2,22,182,128,54
050,21,175,"Kentucky","Morgan County",2,23,185,126,59
050,21,175,"Kentucky","Morgan County",2,24,183,125,58
050,21,175,"Kentucky","Morgan County",2,25,219,154,65
050,21,175,"Kentucky","Morgan County",2,26,210,134,76
050,21,175,"Kentucky","Morgan County",2,27,204,134,70
050,21,175,"Kentucky","Morgan County",2,28,216,149,67
050,21,175,"Kentucky","Morgan County",2,29,219,142,77
050,21,175,"Kentucky","Morgan County",2,30,210,135,75
050,21,175,"Kentucky","Morgan County",2,31,204,144,60
050,21,175,"Kentucky","Morgan County",2,32,206,141,65
050,21,175,"Kentucky","Morgan County",2,33,187,125,62
050,21,175,"Kentucky","Morgan County",2,34,190,123,67
050,21,175,"Kentucky","Morgan County",2,35,173,106,67
050,21,175,"Kentucky","Morgan County",2,36,190,125,65
050,21,175,"Kentucky","Morgan County",2,37,188,109,79
050,21,175,"Kentucky","Morgan County",2,38,187,105,82
050,21,175,"Kentucky","Morgan County",2,39,193,113,80
050,21,175,"Kentucky","Morgan County",2,40,201,122,79
050,21,175,"Kentucky","Morgan County",2,41,200,121,79
050,21,175,"Kentucky","Morgan County",2,42,197,121,76
050,21,175,"Kentucky","Morgan County",2,43,176,101,75
050,21,175,"Kentucky","Morgan County",2,44,203,127,76
050,21,175,"Kentucky","Morgan County",2,45,214,133,81
050,21,175,"Kentucky","Morgan County",2,46,200,123,77
050,21,175,"Kentucky","Morgan County",2,47,205,129,76
050,21,175,"Kentucky","Morgan County",2,48,210,122,88
050,21,175,"Kentucky","Morgan County",2,49,208,116,92
050,21,175,"Kentucky","Morgan County",2,50,197,107,90
050,21,175,"Kentucky","Morgan County",2,51,183,101,82
050,21,175,"Kentucky","Morgan County",2,52,185,103,82
050,21,175,"Kentucky","Morgan County",2,53,180,92,88
050,21,175,"Kentucky","Morgan County",2,54,176,92,84
050,21,175,"Kentucky","Morgan County",2,55,188,105,83
050,21,175,"Kentucky","Morgan County",2,56,179,94,85
050,21,175,"Kentucky","Morgan County",2,57,176,86,90
050,21,175,"Kentucky","Morgan County",2,58,186,100,86
050,21,175,"Kentucky","Morgan County",2,59,189,101,88
050,21,175,"Kentucky","Morgan County",2,60,185,103,82
050,21,175,"Kentucky","Morgan County",2,61,198,108,90
050,21,175,"Kentucky","Morgan County",2,62,200,103,97
050,21,175,"Kentucky","Morgan County",2,63,211,120,91
050,21,175,"Kentucky","Morgan County",2,64,191,108,83
050,21,175,"Kentucky","Morgan County",2,65,174,91,83
050,21,175,"Kentucky","Morgan County",2,66,173,89,84
050,21,175,"Kentucky","Morgan County",2,67,187,95,92
050,21,175,"Kentucky","Morgan County",2,68,181,87,94
050,21,175,"Kentucky","Morgan County",2,69,156,77,79
050,21,175,"Kentucky","Morgan County",2,70,133,69,64
050,21,175,"Kentucky","Morgan County",2,71,134,71,63
050,21,175,"Kentucky","Morgan County",2,72,121,61,60
050,21,175,"Kentucky","Morgan County",2,73,138,71,67
050,21,175,"Kentucky","Morgan County",2,74,87,46,41
050,21,175,"Kentucky","Morgan County",2,75,84,41,43
050,21,175,"Kentucky","Morgan County",2,76,85,36,49
050,21,175,"Kentucky","Morgan County",2,77,85,40,45
050,21,175,"Kentucky","Morgan County",2,78,63,28,35
050,21,175,"Kentucky","Morgan County",2,79,59,22,37
050,21,175,"Kentucky","Morgan County",2,80,54,23,31
050,21,175,"Kentucky","Morgan County",2,81,50,27,23
050,21,175,"Kentucky","Morgan County",2,82,48,29,19
050,21,175,"Kentucky","Morgan County",2,83,43,21,22
050,21,175,"Kentucky","Morgan County",2,84,46,22,24
050,21,175,"Kentucky","Morgan County",2,85,208,91,117
050,21,175,"Kentucky","Morgan County",3,0,134,72,62
050,21,175,"Kentucky","Morgan County",3,1,122,59,63
050,21,175,"Kentucky","Morgan County",3,2,132,68,64
050,21,175,"Kentucky","Morgan County",3,3,122,63,59
050,21,175,"Kentucky","Morgan County",3,4,122,61,61
050,21,175,"Kentucky","Morgan County",3,5,143,81,62
050,21,175,"Kentucky","Morgan County",3,6,152,83,69
050,21,175,"Kentucky","Morgan County",3,7,141,83,58
050,21,175,"Kentucky","Morgan County",3,8,129,68,61
050,21,175,"Kentucky","Morgan County",3,9,139,70,69
050,21,175,"Kentucky","Morgan County",3,10,142,80,62
050,21,175,"Kentucky","Morgan County",3,11,134,78,56
050,21,175,"Kentucky","Morgan County",3,12,140,74,66
050,21,175,"Kentucky","Morgan County",3,13,144,74,70
050,21,175,"Kentucky","Morgan County",3,14,161,90,71
050,21,175,"Kentucky","Morgan County",3,15,155,85,70
050,21,175,"Kentucky","Morgan County",3,16,154,77,77
050,21,175,"Kentucky","Morgan County",3,17,159,82,77
050,21,175,"Kentucky","Morgan County",3,18,124,61,63
050,21,175,"Kentucky","Morgan County",3,19,118,72,46
050,21,175,"Kentucky","Morgan County",3,20,133,91,42
050,21,175,"Kentucky","Morgan County",3,21,149,101,48
050,21,175,"Kentucky","Morgan County",3,22,179,123,56
050,21,175,"Kentucky","Morgan County",3,23,180,124,56
050,21,175,"Kentucky","Morgan County",3,24,189,126,63
050,21,175,"Kentucky","Morgan County",3,25,200,146,54
050,21,175,"Kentucky","Morgan County",3,26,185,122,63
050,21,175,"Kentucky","Morgan County",3,27,198,124,74
050,21,175,"Kentucky","Morgan County",3,28,222,153,69
050,21,175,"Kentucky","Morgan County",3,29,209,140,69
050,21,175,"Kentucky","Morgan County",3,30,221,143,78
050,21,175,"Kentucky","Morgan County",3,31,204,133,71
050,21,175,"Kentucky","Morgan County",3,32,198,137,61
050,21,175,"Kentucky","Morgan County",3,33,189,124,65
050,21,175,"Kentucky","Morgan County",3,34,192,123,69
050,21,175,"Kentucky","Morgan County",3,35,176,107,69
050,21,175,"Kentucky","Morgan County",3,36,193,127,66
050,21,175,"Kentucky","Morgan County",3,37,173,109,64
050,21,175,"Kentucky","Morgan County",3,38,174,92,82
050,21,175,"Kentucky","Morgan County",3,39,197,110,87
050,21,175,"Kentucky","Morgan County",3,40,192,116,76
050,21,175,"Kentucky","Morgan County",3,41,199,121,78
050,21,175,"Kentucky","Morgan County",3,42,197,119,78
050,21,175,"Kentucky","Morgan County",3,43,184,107,77
050,21,175,"Kentucky","Morgan County",3,44,187,113,74
050,21,175,"Kentucky","Morgan County",3,45,197,123,74
050,21,175,"Kentucky","Morgan County",3,46,209,127,82
050,21,175,"Kentucky","Morgan County",3,47,200,124,76
050,21,175,"Kentucky","Morgan County",3,48,191,116,75
050,21,175,"Kentucky","Morgan County",3,49,203,119,84
050,21,175,"Kentucky","Morgan County",3,50,199,107,92
050,21,175,"Kentucky","Morgan County",3,51,200,108,92
050,21,175,"Kentucky","Morgan County",3,52,183,100,83
050,21,175,"Kentucky","Morgan County",3,53,185,99,86
050,21,175,"Kentucky","Morgan County",3,54,182,92,90
050,21,175,"Kentucky","Morgan County",3,55,183,100,83
050,21,175,"Kentucky","Morgan County",3,56,178,92,86
050,21,175,"Kentucky","Morgan County",3,57,179,90,89
050,21,175,"Kentucky","Morgan County",3,58,176,89,87
050,21,175,"Kentucky","Morgan County",3,59,181,96,85
050,21,175,"Kentucky","Morgan County",3,60,193,100,93
050,21,175,"Kentucky","Morgan County",3,61,194,112,82
050,21,175,"Kentucky","Morgan County",3,62,186,101,85
050,21,175,"Kentucky","Morgan County",3,63,196,102,94
050,21,175,"Kentucky","Morgan County",3,64,209,116,93
050,21,175,"Kentucky","Morgan County",3,65,183,102,81
050,21,175,"Kentucky","Morgan County",3,66,179,94,85
050,21,175,"Kentucky","Morgan County",3,67,171,89,82
050,21,175,"Kentucky","Morgan County",3,68,181,89,92
050,21,175,"Kentucky","Morgan County",3,69,172,84,88
050,21,175,"Kentucky","Morgan County",3,70,146,73,73
050,21,175,"Kentucky","Morgan County",3,71,132,69,63
050,21,175,"Kentucky","Morgan County",3,72,128,70,58
050,21,175,"Kentucky","Morgan County",3,73,127,65,62
050,21,175,"Kentucky","Morgan County",3,74,137,69,68
050,21,175,"Kentucky","Morgan County",3,75,78,41,37
050,21,175,"Kentucky","Morgan County",3,76,87,39,48
050,21,175,"Kentucky","Morgan County",3,77,74,31,43
050,21,175,"Kentucky","Morgan County",3,78,79,38,41
050,21,175,"Kentucky","Morgan County",3,79,58,27,31
050,21,175,"Kentucky","Morgan County",3,80,56,20,36
050,21,175,"Kentucky","Morgan County",3,81,52,24,28
050,21,175,"Kentucky","Morgan County",3,82,43,22,21
050,21,175,"Kentucky","Morgan County",3,83,49,29,20
050,21,175,"Kentucky","Morgan County",3,84,38,18,20
050,21,175,"Kentucky","Morgan County",3,85,208,93,115
050,21,175,"Kentucky","Morgan County",4,0,128,62,66
050,21,175,"Kentucky","Morgan County",4,1,138,72,66
050,21,175,"Kentucky","Morgan County",4,2,129,67,62
050,21,175,"Kentucky","Morgan County",4,3,145,78,67
050,21,175,"Kentucky","Morgan County",4,4,119,65,54
050,21,175,"Kentucky","Morgan County",4,5,120,61,59
050,21,175,"Kentucky","Morgan County",4,6,133,77,56
050,21,175,"Kentucky","Morgan County",4,7,159,83,76
050,21,175,"Kentucky","Morgan County",4,8,148,82,66
050,21,175,"Kentucky","Morgan County",4,9,138,73,65
050,21,175,"Kentucky","Morgan County",4,10,143,70,73
050,21,175,"Kentucky","Morgan County",4,11,146,83,63
050,21,175,"Kentucky","Morgan County",4,12,137,74,63
050,21,175,"Kentucky","Morgan County",4,13,143,73,70
050,21,175,"Kentucky","Morgan County",4,14,153,81,72
050,21,175,"Kentucky","Morgan County",4,15,163,92,71
050,21,175,"Kentucky","Morgan County",4,16,159,89,70
050,21,175,"Kentucky","Morgan County",4,17,164,82,82
050,21,175,"Kentucky","Morgan County",4,18,133,68,65
050,21,175,"Kentucky","Morgan County",4,19,105,55,50
050,21,175,"Kentucky","Morgan County",4,20,144,89,55
050,21,175,"Kentucky","Morgan County",4,21,156,113,43
050,21,175,"Kentucky","Morgan County",4,22,191,140,51
050,21,175,"Kentucky","Morgan County",4,23,194,135,59
050,21,175,"Kentucky","Morgan County",4,24,194,139,55
050,21,175,"Kentucky","Morgan County",4,25,237,173,64
050,21,175,"Kentucky","Morgan County",4,26,191,139,52
050,21,175,"Kentucky","Morgan County",4,27,209,135,74
050,21,175,"Kentucky","Morgan County",4,28,234,161,73
050,21,175,"Kentucky","Morgan County",4,29,244,169,75
050,21,175,"Kentucky","Morgan County",4,30,223,156,67
050,21,175,"Kentucky","Morgan County",4,31,226,150,76
050,21,175,"Kentucky","Morgan County",4,32,210,139,71
050,21,175,"Kentucky","Morgan County",4,33,195,136,59
050,21,175,"Kentucky","Morgan County",4,34,213,145,68
050,21,175,"Kentucky","Morgan County",4,35,187,117,70
050,21,175,"Kentucky","Morgan County",4,36,205,136,69
050,21,175,"Kentucky","Morgan County",4,37,191,123,68
050,21,175,"Kentucky","Morgan County",4,38,170,101,69
050,21,175,"Kentucky","Morgan County",4,39,184,101,83
050,21,175,"Kentucky","Morgan County",4,40,208,122,86
050,21,175,"Kentucky","Morgan County",4,41,198,123,75
050,21,175,"Kentucky","Morgan County",4,42,208,130,78
050,21,175,"Kentucky","Morgan County",4,43,192,112,80
050,21,175,"Kentucky","Morgan County",4,44,217,139,78
050,21,175,"Kentucky","Morgan County",4,45,200,126,74
050,21,175,"Kentucky","Morgan County",4,46,199,125,74
050,21,175,"Kentucky","Morgan County",4,47,225,141,84
050,21,175,"Kentucky","Morgan County",4,48,204,125,79
050,21,175,"Kentucky","Morgan County",4,49,192,121,71
050,21,175,"Kentucky","Morgan County",4,50,208,121,87
050,21,175,"Kentucky","Morgan County",4,51,201,109,92
050,21,175,"Kentucky","Morgan County",4,52,202,107,95
050,21,175,"Kentucky","Morgan County",4,53,189,103,86
050,21,175,"Kentucky","Morgan County",4,54,188,105,83
050,21,175,"Kentucky","Morgan County",4,55,189,100,89
050,21,175,"Kentucky","Morgan County",4,56,178,89,89
050,21,175,"Kentucky","Morgan County",4,57,174,89,85
050,21,175,"Kentucky","Morgan County",4,58,177,91,86
050,21,175,"Kentucky","Morgan County",4,59,174,91,83
050,21,175,"Kentucky","Morgan County",4,60,182,98,84
050,21,175,"Kentucky","Morgan County",4,61,197,103,94
050,21,175,"Kentucky","Morgan County",4,62,191,109,82
050,21,175,"Kentucky","Morgan County",4,63,188,102,86
050,21,175,"Kentucky","Morgan County",4,64,189,97,92
050,21,175,"Kentucky","Morgan County",4,65,205,113,92
050,21,175,"Kentucky","Morgan County",4,66,186,103,83
050,21,175,"Kentucky","Morgan County",4,67,182,97,85
050,21,175,"Kentucky","Morgan County",4,68,163,84,79
050,21,175,"Kentucky","Morgan County",4,69,173,86,87
050,21,175,"Kentucky","Morgan County",4,70,169,79,90
050,21,175,"Kentucky","Morgan County",4,71,146,74,72
050,21,175,"Kentucky","Morgan County",4,72,124,66,58
050,21,175,"Kentucky","Morgan County",4,73,131,72,59
050,21,175,"Kentucky","Morgan County",4,74,124,63,61
050,21,175,"Kentucky","Morgan County",4,75,130,65,65
050,21,175,"Kentucky","Morgan County",4,76,77,38,39
050,21,175,"Kentucky","Morgan County",4,77,80,35,45
050,21,175,"Kentucky","Morgan County",4,78,71,30,41
050,21,175,"Kentucky","Morgan County",4,79,74,40,34
050,21,175,"Kentucky","Morgan County",4,80,53,25,28
050,21,175,"Kentucky","Morgan County",4,81,54,20,34
050,21,175,"Kentucky","Morgan County",4,82,50,22,28
050,21,175,"Kentucky","Morgan County",4,83,41,20,21
050,21,175,"Kentucky","Morgan County",4,84,44,25,19
050,21,175,"Kentucky","Morgan County",4,85,198,87,111
050,21,175,"Kentucky","Morgan County",5,0,127,61,66
050,21,175,"Kentucky","Morgan County",5,1,136,60,76
050,21,175,"Kentucky","Morgan County",5,2,140,76,64
050,21,175,"Kentucky","Morgan County",5,3,137,70,67
050,21,175,"Kentucky","Morgan County",5,4,154,88,66
050,21,175,"Kentucky","Morgan County",5,5,123,66,57
050,21,175,"Kentucky","Morgan County",5,6,127,63,64
050,21,175,"Kentucky","Morgan County",5,7,149,87,62
050,21,175,"Kentucky","Morgan County",5,8,165,88,77
050,21,175,"Kentucky","Morgan County",5,9,150,84,66
050,21,175,"Kentucky","Morgan County",5,10,148,84,64
050,21,175,"Kentucky","Morgan County",5,11,149,73,76
050,21,175,"Kentucky","Morgan County",5,12,146,85,61
050,21,175,"Kentucky","Morgan County",5,13,138,76,62
050,21,175,"Kentucky","Morgan County",5,14,138,71,67
050,21,175,"Kentucky","Morgan County",5,15,154,84,70
050,21,175,"Kentucky","Morgan County",5,16,167,94,73
050,21,175,"Kentucky","Morgan County",5,17,165,94,71
050,21,175,"Kentucky","Morgan County",5,18,134,70,64
050,21,175,"Kentucky","Morgan County",5,19,113,63,50
050,21,175,"Kentucky","Morgan County",5,20,130,75,55
050,21,175,"Kentucky","Morgan County",5,21,169,112,57
050,21,175,"Kentucky","Morgan County",5,22,191,142,49
050,21,175,"Kentucky","Morgan County",5,23,188,137,51
050,21,175,"Kentucky","Morgan County",5,24,194,142,52
050,21,175,"Kentucky","Morgan County",5,25,225,166,59
050,21,175,"Kentucky","Morgan County",5,26,197,134,63
050,21,175,"Kentucky","Morgan County",5,27,185,130,55
050,21,175,"Kentucky","Morgan County",5,28,240,162,78
050,21,175,"Kentucky","Morgan County",5,29,227,154,73
050,21,175,"Kentucky","Morgan County",5,30,258,177,81
050,21,175,"Kentucky","Morgan County",5,31,223,155,68
050,21,175,"Kentucky","Morgan County",5,32,225,148,77
050,21,175,"Kentucky","Morgan County",5,33,194,127,67
050,21,175,"Kentucky","Morgan County",5,34,205,142,63
050,21,175,"Kentucky","Morgan County",5,35,197,127,70
050,21,175,"Kentucky","Morgan County",5,36,212,138,74
050,21,175,"Kentucky","Morgan County",5,37,194,125,69
050,21,175,"Kentucky","Morgan County",5,38,183,109,74
050,21,175,"Kentucky","Morgan County",5,39,179,106,73
050,21,175,"Kentucky","Morgan County",5,40,196,111,85
050,21,175,"Kentucky","Morgan County",5,41,209,123,86
050,21,175,"Kentucky","Morgan County",5,42,206,128,78
050,21,175,"Kentucky","Morgan County",5,43,196,119,77
050,21,175,"Kentucky","Morgan County",5,44,215,132,83
050,21,175,"Kentucky","Morgan County",5,45,223,144,79
050,21,175,"Kentucky","Morgan County",5,46,187,112,75
050,21,175,"Kentucky","Morgan County",5,47,206,131,75
050,21,175,"Kentucky","Morgan County",5,48,208,129,79
050,21,175,"Kentucky","Morgan County",5,49,199,122,77
050,21,175,"Kentucky","Morgan County",5,50,181,113,68
050,21,175,"Kentucky","Morgan County",5,51,204,119,85
050,21,175,"Kentucky","Morgan County",5,52,199,106,93
050,21,175,"Kentucky","Morgan County",5,53,200,103,97
050,21,175,"Kentucky","Morgan County",5,54,191,105,86
050,21,175,"Kentucky","Morgan County",5,55,191,109,82
050,21,175,"Kentucky","Morgan County",5,56,178,89,89
050,21,175,"Kentucky","Morgan County",5,57,171,81,90
050,21,175,"Kentucky","Morgan County",5,58,181,92,89
050,21,175,"Kentucky","Morgan County",5,59,178,92,86
050,21,175,"Kentucky","Morgan County",5,60,171,89,82
050,21,175,"Kentucky","Morgan County",5,61,189,102,87
050,21,175,"Kentucky","Morgan County",5,62,190,99,91
050,21,175,"Kentucky","Morgan County",5,63,189,108,81
050,21,175,"Kentucky","Morgan County",5,64,186,98,88
050,21,175,"Kentucky","Morgan County",5,65,187,94,93
050,21,175,"Kentucky","Morgan County",5,66,209,115,94
050,21,175,"Kentucky","Morgan County",5,67,186,108,78
050,21,175,"Kentucky","Morgan County",5,68,177,95,82
050,21,175,"Kentucky","Morgan County",5,69,156,80,76
050,21,175,"Kentucky","Morgan County",5,70,168,83,85
050,21,175,"Kentucky","Morgan County",5,71,169,78,91
050,21,175,"Kentucky","Morgan County",5,72,139,72,67
050,21,175,"Kentucky","Morgan County",5,73,125,68,57
050,21,175,"Kentucky","Morgan County",5,74,129,70,59
050,21,175,"Kentucky","Morgan County",5,75,112,57,55
050,21,175,"Kentucky","Morgan County",5,76,127,61,66
050,21,175,"Kentucky","Morgan County",5,77,69,35,34
050,21,175,"Kentucky","Morgan County",5,78,75,33,42
050,21,175,"Kentucky","Morgan County",5,79,69,31,38
050,21,175,"Kentucky","Morgan County",5,80,68,41,27
050,21,175,"Kentucky","Morgan County",5,81,52,26,26
050,21,175,"Kentucky","Morgan County",5,82,50,17,33
050,21,175,"Kentucky","Morgan County",5,83,50,21,29
050,21,175,"Kentucky","Morgan County",5,84,37,18,19
050,21,175,"Kentucky","Morgan County",5,85,209,96,113
050,21,177,"Kentucky","Muhlenberg County",1,0,381,203,178
050,21,177,"Kentucky","Muhlenberg County",1,1,373,199,174
050,21,177,"Kentucky","Muhlenberg County",1,2,340,189,151
050,21,177,"Kentucky","Muhlenberg County",1,3,349,177,172
050,21,177,"Kentucky","Muhlenberg County",1,4,363,192,171
050,21,177,"Kentucky","Muhlenberg County",1,5,357,193,164
050,21,177,"Kentucky","Muhlenberg County",1,6,335,161,174
050,21,177,"Kentucky","Muhlenberg County",1,7,358,184,174
050,21,177,"Kentucky","Muhlenberg County",1,8,348,188,160
050,21,177,"Kentucky","Muhlenberg County",1,9,333,176,157
050,21,177,"Kentucky","Muhlenberg County",1,10,365,184,181
050,21,177,"Kentucky","Muhlenberg County",1,11,335,180,155
050,21,177,"Kentucky","Muhlenberg County",1,12,377,214,163
050,21,177,"Kentucky","Muhlenberg County",1,13,384,203,181
050,21,177,"Kentucky","Muhlenberg County",1,14,397,211,186
050,21,177,"Kentucky","Muhlenberg County",1,15,384,190,194
050,21,177,"Kentucky","Muhlenberg County",1,16,398,204,194
050,21,177,"Kentucky","Muhlenberg County",1,17,349,185,164
050,21,177,"Kentucky","Muhlenberg County",1,18,325,171,154
050,21,177,"Kentucky","Muhlenberg County",1,19,297,157,140
050,21,177,"Kentucky","Muhlenberg County",1,20,324,163,161
050,21,177,"Kentucky","Muhlenberg County",1,21,331,180,151
050,21,177,"Kentucky","Muhlenberg County",1,22,359,197,162
050,21,177,"Kentucky","Muhlenberg County",1,23,353,201,152
050,21,177,"Kentucky","Muhlenberg County",1,24,353,192,161
050,21,177,"Kentucky","Muhlenberg County",1,25,366,208,158
050,21,177,"Kentucky","Muhlenberg County",1,26,366,210,156
050,21,177,"Kentucky","Muhlenberg County",1,27,396,216,180
050,21,177,"Kentucky","Muhlenberg County",1,28,378,208,170
050,21,177,"Kentucky","Muhlenberg County",1,29,398,231,167
050,21,177,"Kentucky","Muhlenberg County",1,30,389,206,183
050,21,177,"Kentucky","Muhlenberg County",1,31,392,207,185
050,21,177,"Kentucky","Muhlenberg County",1,32,376,204,172
050,21,177,"Kentucky","Muhlenberg County",1,33,367,216,151
050,21,177,"Kentucky","Muhlenberg County",1,34,356,188,168
050,21,177,"Kentucky","Muhlenberg County",1,35,365,195,170
050,21,177,"Kentucky","Muhlenberg County",1,36,346,187,159
050,21,177,"Kentucky","Muhlenberg County",1,37,374,195,179
050,21,177,"Kentucky","Muhlenberg County",1,38,383,196,187
050,21,177,"Kentucky","Muhlenberg County",1,39,378,191,187
050,21,177,"Kentucky","Muhlenberg County",1,40,392,192,200
050,21,177,"Kentucky","Muhlenberg County",1,41,397,209,188
050,21,177,"Kentucky","Muhlenberg County",1,42,389,218,171
050,21,177,"Kentucky","Muhlenberg County",1,43,388,209,179
050,21,177,"Kentucky","Muhlenberg County",1,44,392,217,175
050,21,177,"Kentucky","Muhlenberg County",1,45,369,202,167
050,21,177,"Kentucky","Muhlenberg County",1,46,401,212,189
050,21,177,"Kentucky","Muhlenberg County",1,47,409,214,195
050,21,177,"Kentucky","Muhlenberg County",1,48,441,237,204
050,21,177,"Kentucky","Muhlenberg County",1,49,427,225,202
050,21,177,"Kentucky","Muhlenberg County",1,50,390,200,190
050,21,177,"Kentucky","Muhlenberg County",1,51,393,209,184
050,21,177,"Kentucky","Muhlenberg County",1,52,415,219,196
050,21,177,"Kentucky","Muhlenberg County",1,53,410,208,202
050,21,177,"Kentucky","Muhlenberg County",1,54,415,216,199
050,21,177,"Kentucky","Muhlenberg County",1,55,426,215,211
050,21,177,"Kentucky","Muhlenberg County",1,56,410,205,205
050,21,177,"Kentucky","Muhlenberg County",1,57,452,225,227
050,21,177,"Kentucky","Muhlenberg County",1,58,475,223,252
050,21,177,"Kentucky","Muhlenberg County",1,59,449,228,221
050,21,177,"Kentucky","Muhlenberg County",1,60,419,214,205
050,21,177,"Kentucky","Muhlenberg County",1,61,427,196,231
050,21,177,"Kentucky","Muhlenberg County",1,62,432,210,222
050,21,177,"Kentucky","Muhlenberg County",1,63,412,207,205
050,21,177,"Kentucky","Muhlenberg County",1,64,400,203,197
050,21,177,"Kentucky","Muhlenberg County",1,65,409,199,210
050,21,177,"Kentucky","Muhlenberg County",1,66,405,182,223
050,21,177,"Kentucky","Muhlenberg County",1,67,364,183,181
050,21,177,"Kentucky","Muhlenberg County",1,68,365,182,183
050,21,177,"Kentucky","Muhlenberg County",1,69,353,175,178
050,21,177,"Kentucky","Muhlenberg County",1,70,359,170,189
050,21,177,"Kentucky","Muhlenberg County",1,71,352,161,191
050,21,177,"Kentucky","Muhlenberg County",1,72,367,180,187
050,21,177,"Kentucky","Muhlenberg County",1,73,354,187,167
050,21,177,"Kentucky","Muhlenberg County",1,74,254,118,136
050,21,177,"Kentucky","Muhlenberg County",1,75,261,115,146
050,21,177,"Kentucky","Muhlenberg County",1,76,267,120,147
050,21,177,"Kentucky","Muhlenberg County",1,77,223,106,117
050,21,177,"Kentucky","Muhlenberg County",1,78,222,99,123
050,21,177,"Kentucky","Muhlenberg County",1,79,205,79,126
050,21,177,"Kentucky","Muhlenberg County",1,80,177,75,102
050,21,177,"Kentucky","Muhlenberg County",1,81,166,67,99
050,21,177,"Kentucky","Muhlenberg County",1,82,142,61,81
050,21,177,"Kentucky","Muhlenberg County",1,83,115,42,73
050,21,177,"Kentucky","Muhlenberg County",1,84,118,41,77
050,21,177,"Kentucky","Muhlenberg County",1,85,627,199,428
050,21,177,"Kentucky","Muhlenberg County",2,0,359,193,166
050,21,177,"Kentucky","Muhlenberg County",2,1,369,197,172
050,21,177,"Kentucky","Muhlenberg County",2,2,344,187,157
050,21,177,"Kentucky","Muhlenberg County",2,3,347,181,166
050,21,177,"Kentucky","Muhlenberg County",2,4,364,190,174
050,21,177,"Kentucky","Muhlenberg County",2,5,356,192,164
050,21,177,"Kentucky","Muhlenberg County",2,6,342,169,173
050,21,177,"Kentucky","Muhlenberg County",2,7,358,179,179
050,21,177,"Kentucky","Muhlenberg County",2,8,350,188,162
050,21,177,"Kentucky","Muhlenberg County",2,9,338,181,157
050,21,177,"Kentucky","Muhlenberg County",2,10,357,183,174
050,21,177,"Kentucky","Muhlenberg County",2,11,342,180,162
050,21,177,"Kentucky","Muhlenberg County",2,12,370,207,163
050,21,177,"Kentucky","Muhlenberg County",2,13,382,206,176
050,21,177,"Kentucky","Muhlenberg County",2,14,393,207,186
050,21,177,"Kentucky","Muhlenberg County",2,15,387,194,193
050,21,177,"Kentucky","Muhlenberg County",2,16,392,199,193
050,21,177,"Kentucky","Muhlenberg County",2,17,360,188,172
050,21,177,"Kentucky","Muhlenberg County",2,18,314,166,148
050,21,177,"Kentucky","Muhlenberg County",2,19,291,153,138
050,21,177,"Kentucky","Muhlenberg County",2,20,329,168,161
050,21,177,"Kentucky","Muhlenberg County",2,21,332,179,153
050,21,177,"Kentucky","Muhlenberg County",2,22,357,195,162
050,21,177,"Kentucky","Muhlenberg County",2,23,356,203,153
050,21,177,"Kentucky","Muhlenberg County",2,24,351,192,159
050,21,177,"Kentucky","Muhlenberg County",2,25,367,208,159
050,21,177,"Kentucky","Muhlenberg County",2,26,366,207,159
050,21,177,"Kentucky","Muhlenberg County",2,27,390,219,171
050,21,177,"Kentucky","Muhlenberg County",2,28,378,208,170
050,21,177,"Kentucky","Muhlenberg County",2,29,392,226,166
050,21,177,"Kentucky","Muhlenberg County",2,30,395,215,180
050,21,177,"Kentucky","Muhlenberg County",2,31,389,208,181
050,21,177,"Kentucky","Muhlenberg County",2,32,382,206,176
050,21,177,"Kentucky","Muhlenberg County",2,33,366,211,155
050,21,177,"Kentucky","Muhlenberg County",2,34,354,191,163
050,21,177,"Kentucky","Muhlenberg County",2,35,367,196,171
050,21,177,"Kentucky","Muhlenberg County",2,36,349,188,161
050,21,177,"Kentucky","Muhlenberg County",2,37,366,191,175
050,21,177,"Kentucky","Muhlenberg County",2,38,378,196,182
050,21,177,"Kentucky","Muhlenberg County",2,39,378,192,186
050,21,177,"Kentucky","Muhlenberg County",2,40,388,192,196
050,21,177,"Kentucky","Muhlenberg County",2,41,395,204,191
050,21,177,"Kentucky","Muhlenberg County",2,42,383,210,173
050,21,177,"Kentucky","Muhlenberg County",2,43,393,214,179
050,21,177,"Kentucky","Muhlenberg County",2,44,388,215,173
050,21,177,"Kentucky","Muhlenberg County",2,45,373,202,171
050,21,177,"Kentucky","Muhlenberg County",2,46,398,212,186
050,21,177,"Kentucky","Muhlenberg County",2,47,411,214,197
050,21,177,"Kentucky","Muhlenberg County",2,48,431,229,202
050,21,177,"Kentucky","Muhlenberg County",2,49,431,228,203
050,21,177,"Kentucky","Muhlenberg County",2,50,397,205,192
050,21,177,"Kentucky","Muhlenberg County",2,51,389,207,182
050,21,177,"Kentucky","Muhlenberg County",2,52,410,218,192
050,21,177,"Kentucky","Muhlenberg County",2,53,407,207,200
050,21,177,"Kentucky","Muhlenberg County",2,54,415,214,201
050,21,177,"Kentucky","Muhlenberg County",2,55,420,213,207
050,21,177,"Kentucky","Muhlenberg County",2,56,415,208,207
050,21,177,"Kentucky","Muhlenberg County",2,57,438,218,220
050,21,177,"Kentucky","Muhlenberg County",2,58,469,223,246
050,21,177,"Kentucky","Muhlenberg County",2,59,454,226,228
050,21,177,"Kentucky","Muhlenberg County",2,60,423,215,208
050,21,177,"Kentucky","Muhlenberg County",2,61,424,200,224
050,21,177,"Kentucky","Muhlenberg County",2,62,429,208,221
050,21,177,"Kentucky","Muhlenberg County",2,63,420,209,211
050,21,177,"Kentucky","Muhlenberg County",2,64,401,203,198
050,21,177,"Kentucky","Muhlenberg County",2,65,407,201,206
050,21,177,"Kentucky","Muhlenberg County",2,66,407,186,221
050,21,177,"Kentucky","Muhlenberg County",2,67,369,181,188
050,21,177,"Kentucky","Muhlenberg County",2,68,362,181,181
050,21,177,"Kentucky","Muhlenberg County",2,69,358,177,181
050,21,177,"Kentucky","Muhlenberg County",2,70,354,170,184
050,21,177,"Kentucky","Muhlenberg County",2,71,353,163,190
050,21,177,"Kentucky","Muhlenberg County",2,72,354,172,182
050,21,177,"Kentucky","Muhlenberg County",2,73,375,196,179
050,21,177,"Kentucky","Muhlenberg County",2,74,258,124,134
050,21,177,"Kentucky","Muhlenberg County",2,75,254,112,142
050,21,177,"Kentucky","Muhlenberg County",2,76,261,116,145
050,21,177,"Kentucky","Muhlenberg County",2,77,237,110,127
050,21,177,"Kentucky","Muhlenberg County",2,78,215,97,118
050,21,177,"Kentucky","Muhlenberg County",2,79,208,82,126
050,21,177,"Kentucky","Muhlenberg County",2,80,183,76,107
050,21,177,"Kentucky","Muhlenberg County",2,81,163,67,96
050,21,177,"Kentucky","Muhlenberg County",2,82,149,64,85
050,21,177,"Kentucky","Muhlenberg County",2,83,119,45,74
050,21,177,"Kentucky","Muhlenberg County",2,84,117,42,75
050,21,177,"Kentucky","Muhlenberg County",2,85,632,197,435
050,21,177,"Kentucky","Muhlenberg County",3,0,351,191,160
050,21,177,"Kentucky","Muhlenberg County",3,1,338,180,158
050,21,177,"Kentucky","Muhlenberg County",3,2,361,193,168
050,21,177,"Kentucky","Muhlenberg County",3,3,333,185,148
050,21,177,"Kentucky","Muhlenberg County",3,4,358,191,167
050,21,177,"Kentucky","Muhlenberg County",3,5,358,190,168
050,21,177,"Kentucky","Muhlenberg County",3,6,360,189,171
050,21,177,"Kentucky","Muhlenberg County",3,7,362,169,193
050,21,177,"Kentucky","Muhlenberg County",3,8,344,177,167
050,21,177,"Kentucky","Muhlenberg County",3,9,354,191,163
050,21,177,"Kentucky","Muhlenberg County",3,10,347,182,165
050,21,177,"Kentucky","Muhlenberg County",3,11,354,183,171
050,21,177,"Kentucky","Muhlenberg County",3,12,331,170,161
050,21,177,"Kentucky","Muhlenberg County",3,13,383,214,169
050,21,177,"Kentucky","Muhlenberg County",3,14,383,205,178
050,21,177,"Kentucky","Muhlenberg County",3,15,402,213,189
050,21,177,"Kentucky","Muhlenberg County",3,16,385,193,192
050,21,177,"Kentucky","Muhlenberg County",3,17,385,199,186
050,21,177,"Kentucky","Muhlenberg County",3,18,300,162,138
050,21,177,"Kentucky","Muhlenberg County",3,19,266,143,123
050,21,177,"Kentucky","Muhlenberg County",3,20,310,159,151
050,21,177,"Kentucky","Muhlenberg County",3,21,312,173,139
050,21,177,"Kentucky","Muhlenberg County",3,22,336,176,160
050,21,177,"Kentucky","Muhlenberg County",3,23,361,189,172
050,21,177,"Kentucky","Muhlenberg County",3,24,349,191,158
050,21,177,"Kentucky","Muhlenberg County",3,25,343,181,162
050,21,177,"Kentucky","Muhlenberg County",3,26,348,186,162
050,21,177,"Kentucky","Muhlenberg County",3,27,357,205,152
050,21,177,"Kentucky","Muhlenberg County",3,28,383,201,182
050,21,177,"Kentucky","Muhlenberg County",3,29,367,197,170
050,21,177,"Kentucky","Muhlenberg County",3,30,385,212,173
050,21,177,"Kentucky","Muhlenberg County",3,31,378,199,179
050,21,177,"Kentucky","Muhlenberg County",3,32,365,188,177
050,21,177,"Kentucky","Muhlenberg County",3,33,361,189,172
050,21,177,"Kentucky","Muhlenberg County",3,34,343,183,160
050,21,177,"Kentucky","Muhlenberg County",3,35,352,193,159
050,21,177,"Kentucky","Muhlenberg County",3,36,365,192,173
050,21,177,"Kentucky","Muhlenberg County",3,37,331,166,165
050,21,177,"Kentucky","Muhlenberg County",3,38,352,182,170
050,21,177,"Kentucky","Muhlenberg County",3,39,366,187,179
050,21,177,"Kentucky","Muhlenberg County",3,40,359,177,182
050,21,177,"Kentucky","Muhlenberg County",3,41,381,188,193
050,21,177,"Kentucky","Muhlenberg County",3,42,379,191,188
050,21,177,"Kentucky","Muhlenberg County",3,43,378,209,169
050,21,177,"Kentucky","Muhlenberg County",3,44,377,202,175
050,21,177,"Kentucky","Muhlenberg County",3,45,367,188,179
050,21,177,"Kentucky","Muhlenberg County",3,46,378,208,170
050,21,177,"Kentucky","Muhlenberg County",3,47,386,192,194
050,21,177,"Kentucky","Muhlenberg County",3,48,401,204,197
050,21,177,"Kentucky","Muhlenberg County",3,49,422,222,200
050,21,177,"Kentucky","Muhlenberg County",3,50,425,221,204
050,21,177,"Kentucky","Muhlenberg County",3,51,382,197,185
050,21,177,"Kentucky","Muhlenberg County",3,52,388,209,179
050,21,177,"Kentucky","Muhlenberg County",3,53,388,195,193
050,21,177,"Kentucky","Muhlenberg County",3,54,395,192,203
050,21,177,"Kentucky","Muhlenberg County",3,55,398,204,194
050,21,177,"Kentucky","Muhlenberg County",3,56,415,206,209
050,21,177,"Kentucky","Muhlenberg County",3,57,407,200,207
050,21,177,"Kentucky","Muhlenberg County",3,58,445,217,228
050,21,177,"Kentucky","Muhlenberg County",3,59,453,224,229
050,21,177,"Kentucky","Muhlenberg County",3,60,443,216,227
050,21,177,"Kentucky","Muhlenberg County",3,61,426,213,213
050,21,177,"Kentucky","Muhlenberg County",3,62,417,203,214
050,21,177,"Kentucky","Muhlenberg County",3,63,407,190,217
050,21,177,"Kentucky","Muhlenberg County",3,64,420,205,215
050,21,177,"Kentucky","Muhlenberg County",3,65,398,201,197
050,21,177,"Kentucky","Muhlenberg County",3,66,415,201,214
050,21,177,"Kentucky","Muhlenberg County",3,67,392,184,208
050,21,177,"Kentucky","Muhlenberg County",3,68,366,177,189
050,21,177,"Kentucky","Muhlenberg County",3,69,353,169,184
050,21,177,"Kentucky","Muhlenberg County",3,70,339,166,173
050,21,177,"Kentucky","Muhlenberg County",3,71,348,167,181
050,21,177,"Kentucky","Muhlenberg County",3,72,330,152,178
050,21,177,"Kentucky","Muhlenberg County",3,73,351,179,172
050,21,177,"Kentucky","Muhlenberg County",3,74,345,170,175
050,21,177,"Kentucky","Muhlenberg County",3,75,240,111,129
050,21,177,"Kentucky","Muhlenberg County",3,76,246,111,135
050,21,177,"Kentucky","Muhlenberg County",3,77,245,103,142
050,21,177,"Kentucky","Muhlenberg County",3,78,223,100,123
050,21,177,"Kentucky","Muhlenberg County",3,79,199,80,119
050,21,177,"Kentucky","Muhlenberg County",3,80,192,81,111
050,21,177,"Kentucky","Muhlenberg County",3,81,162,68,94
050,21,177,"Kentucky","Muhlenberg County",3,82,152,63,89
050,21,177,"Kentucky","Muhlenberg County",3,83,138,58,80
050,21,177,"Kentucky","Muhlenberg County",3,84,120,49,71
050,21,177,"Kentucky","Muhlenberg County",3,85,613,180,433
050,21,177,"Kentucky","Muhlenberg County",4,0,340,179,161
050,21,177,"Kentucky","Muhlenberg County",4,1,351,198,153
050,21,177,"Kentucky","Muhlenberg County",4,2,339,179,160
050,21,177,"Kentucky","Muhlenberg County",4,3,362,191,171
050,21,177,"Kentucky","Muhlenberg County",4,4,329,175,154
050,21,177,"Kentucky","Muhlenberg County",4,5,354,185,169
050,21,177,"Kentucky","Muhlenberg County",4,6,364,189,175
050,21,177,"Kentucky","Muhlenberg County",4,7,374,195,179
050,21,177,"Kentucky","Muhlenberg County",4,8,350,165,185
050,21,177,"Kentucky","Muhlenberg County",4,9,345,173,172
050,21,177,"Kentucky","Muhlenberg County",4,10,354,192,162
050,21,177,"Kentucky","Muhlenberg County",4,11,350,178,172
050,21,177,"Kentucky","Muhlenberg County",4,12,354,185,169
050,21,177,"Kentucky","Muhlenberg County",4,13,338,182,156
050,21,177,"Kentucky","Muhlenberg County",4,14,390,211,179
050,21,177,"Kentucky","Muhlenberg County",4,15,387,202,185
050,21,177,"Kentucky","Muhlenberg County",4,16,403,211,192
050,21,177,"Kentucky","Muhlenberg County",4,17,380,191,189
050,21,177,"Kentucky","Muhlenberg County",4,18,341,186,155
050,21,177,"Kentucky","Muhlenberg County",4,19,255,135,120
050,21,177,"Kentucky","Muhlenberg County",4,20,298,160,138
050,21,177,"Kentucky","Muhlenberg County",4,21,319,173,146
050,21,177,"Kentucky","Muhlenberg County",4,22,337,194,143
050,21,177,"Kentucky","Muhlenberg County",4,23,370,202,168
050,21,177,"Kentucky","Muhlenberg County",4,24,393,210,183
050,21,177,"Kentucky","Muhlenberg County",4,25,386,218,168
050,21,177,"Kentucky","Muhlenberg County",4,26,358,194,164
050,21,177,"Kentucky","Muhlenberg County",4,27,371,209,162
050,21,177,"Kentucky","Muhlenberg County",4,28,375,218,157
050,21,177,"Kentucky","Muhlenberg County",4,29,407,228,179
050,21,177,"Kentucky","Muhlenberg County",4,30,396,216,180
050,21,177,"Kentucky","Muhlenberg County",4,31,388,223,165
050,21,177,"Kentucky","Muhlenberg County",4,32,399,216,183
050,21,177,"Kentucky","Muhlenberg County",4,33,374,194,180
050,21,177,"Kentucky","Muhlenberg County",4,34,347,185,162
050,21,177,"Kentucky","Muhlenberg County",4,35,372,201,171
050,21,177,"Kentucky","Muhlenberg County",4,36,372,211,161
050,21,177,"Kentucky","Muhlenberg County",4,37,381,195,186
050,21,177,"Kentucky","Muhlenberg County",4,38,342,180,162
050,21,177,"Kentucky","Muhlenberg County",4,39,362,191,171
050,21,177,"Kentucky","Muhlenberg County",4,40,375,193,182
050,21,177,"Kentucky","Muhlenberg County",4,41,375,191,184
050,21,177,"Kentucky","Muhlenberg County",4,42,377,183,194
050,21,177,"Kentucky","Muhlenberg County",4,43,392,198,194
050,21,177,"Kentucky","Muhlenberg County",4,44,387,223,164
050,21,177,"Kentucky","Muhlenberg County",4,45,378,198,180
050,21,177,"Kentucky","Muhlenberg County",4,46,376,205,171
050,21,177,"Kentucky","Muhlenberg County",4,47,392,210,182
050,21,177,"Kentucky","Muhlenberg County",4,48,393,198,195
050,21,177,"Kentucky","Muhlenberg County",4,49,411,212,199
050,21,177,"Kentucky","Muhlenberg County",4,50,426,225,201
050,21,177,"Kentucky","Muhlenberg County",4,51,423,229,194
050,21,177,"Kentucky","Muhlenberg County",4,52,386,209,177
050,21,177,"Kentucky","Muhlenberg County",4,53,376,198,178
050,21,177,"Kentucky","Muhlenberg County",4,54,399,196,203
050,21,177,"Kentucky","Muhlenberg County",4,55,379,185,194
050,21,177,"Kentucky","Muhlenberg County",4,56,401,206,195
050,21,177,"Kentucky","Muhlenberg County",4,57,417,212,205
050,21,177,"Kentucky","Muhlenberg County",4,58,416,200,216
050,21,177,"Kentucky","Muhlenberg County",4,59,440,225,215
050,21,177,"Kentucky","Muhlenberg County",4,60,439,209,230
050,21,177,"Kentucky","Muhlenberg County",4,61,448,214,234
050,21,177,"Kentucky","Muhlenberg County",4,62,417,211,206
050,21,177,"Kentucky","Muhlenberg County",4,63,403,195,208
050,21,177,"Kentucky","Muhlenberg County",4,64,408,187,221
050,21,177,"Kentucky","Muhlenberg County",4,65,417,202,215
050,21,177,"Kentucky","Muhlenberg County",4,66,405,206,199
050,21,177,"Kentucky","Muhlenberg County",4,67,406,203,203
050,21,177,"Kentucky","Muhlenberg County",4,68,392,188,204
050,21,177,"Kentucky","Muhlenberg County",4,69,352,165,187
050,21,177,"Kentucky","Muhlenberg County",4,70,331,156,175
050,21,177,"Kentucky","Muhlenberg County",4,71,334,167,167
050,21,177,"Kentucky","Muhlenberg County",4,72,324,154,170
050,21,177,"Kentucky","Muhlenberg County",4,73,337,160,177
050,21,177,"Kentucky","Muhlenberg County",4,74,334,161,173
050,21,177,"Kentucky","Muhlenberg County",4,75,332,160,172
050,21,177,"Kentucky","Muhlenberg County",4,76,233,109,124
050,21,177,"Kentucky","Muhlenberg County",4,77,227,102,125
050,21,177,"Kentucky","Muhlenberg County",4,78,230,92,138
050,21,177,"Kentucky","Muhlenberg County",4,79,206,83,123
050,21,177,"Kentucky","Muhlenberg County",4,80,183,78,105
050,21,177,"Kentucky","Muhlenberg County",4,81,172,70,102
050,21,177,"Kentucky","Muhlenberg County",4,82,155,62,93
050,21,177,"Kentucky","Muhlenberg County",4,83,138,58,80
050,21,177,"Kentucky","Muhlenberg County",4,84,139,62,77
050,21,177,"Kentucky","Muhlenberg County",4,85,608,180,428
050,21,177,"Kentucky","Muhlenberg County",5,0,350,186,164
050,21,177,"Kentucky","Muhlenberg County",5,1,339,179,160
050,21,177,"Kentucky","Muhlenberg County",5,2,340,186,154
050,21,177,"Kentucky","Muhlenberg County",5,3,322,165,157
050,21,177,"Kentucky","Muhlenberg County",5,4,365,190,175
050,21,177,"Kentucky","Muhlenberg County",5,5,336,176,160
050,21,177,"Kentucky","Muhlenberg County",5,6,355,185,170
050,21,177,"Kentucky","Muhlenberg County",5,7,374,185,189
050,21,177,"Kentucky","Muhlenberg County",5,8,364,197,167
050,21,177,"Kentucky","Muhlenberg County",5,9,372,176,196
050,21,177,"Kentucky","Muhlenberg County",5,10,355,181,174
050,21,177,"Kentucky","Muhlenberg County",5,11,348,191,157
050,21,177,"Kentucky","Muhlenberg County",5,12,351,177,174
050,21,177,"Kentucky","Muhlenberg County",5,13,344,178,166
050,21,177,"Kentucky","Muhlenberg County",5,14,342,192,150
050,21,177,"Kentucky","Muhlenberg County",5,15,402,217,185
050,21,177,"Kentucky","Muhlenberg County",5,16,376,195,181
050,21,177,"Kentucky","Muhlenberg County",5,17,407,210,197
050,21,177,"Kentucky","Muhlenberg County",5,18,319,174,145
050,21,177,"Kentucky","Muhlenberg County",5,19,285,153,132
050,21,177,"Kentucky","Muhlenberg County",5,20,287,145,142
050,21,177,"Kentucky","Muhlenberg County",5,21,293,168,125
050,21,177,"Kentucky","Muhlenberg County",5,22,356,192,164
050,21,177,"Kentucky","Muhlenberg County",5,23,348,200,148
050,21,177,"Kentucky","Muhlenberg County",5,24,359,197,162
050,21,177,"Kentucky","Muhlenberg County",5,25,395,218,177
050,21,177,"Kentucky","Muhlenberg County",5,26,367,199,168
050,21,177,"Kentucky","Muhlenberg County",5,27,357,211,146
050,21,177,"Kentucky","Muhlenberg County",5,28,365,201,164
050,21,177,"Kentucky","Muhlenberg County",5,29,396,230,166
050,21,177,"Kentucky","Muhlenberg County",5,30,413,224,189
050,21,177,"Kentucky","Muhlenberg County",5,31,389,216,173
050,21,177,"Kentucky","Muhlenberg County",5,32,403,231,172
050,21,177,"Kentucky","Muhlenberg County",5,33,395,208,187
050,21,177,"Kentucky","Muhlenberg County",5,34,353,183,170
050,21,177,"Kentucky","Muhlenberg County",5,35,356,197,159
050,21,177,"Kentucky","Muhlenberg County",5,36,381,212,169
050,21,177,"Kentucky","Muhlenberg County",5,37,377,206,171
050,21,177,"Kentucky","Muhlenberg County",5,38,375,195,180
050,21,177,"Kentucky","Muhlenberg County",5,39,352,190,162
050,21,177,"Kentucky","Muhlenberg County",5,40,344,179,165
050,21,177,"Kentucky","Muhlenberg County",5,41,378,195,183
050,21,177,"Kentucky","Muhlenberg County",5,42,365,185,180
050,21,177,"Kentucky","Muhlenberg County",5,43,375,187,188
050,21,177,"Kentucky","Muhlenberg County",5,44,383,195,188
050,21,177,"Kentucky","Muhlenberg County",5,45,368,205,163
050,21,177,"Kentucky","Muhlenberg County",5,46,393,209,184
050,21,177,"Kentucky","Muhlenberg County",5,47,372,196,176
050,21,177,"Kentucky","Muhlenberg County",5,48,388,206,182
050,21,177,"Kentucky","Muhlenberg County",5,49,386,195,191
050,21,177,"Kentucky","Muhlenberg County",5,50,399,200,199
050,21,177,"Kentucky","Muhlenberg County",5,51,414,223,191
050,21,177,"Kentucky","Muhlenberg County",5,52,417,235,182
050,21,177,"Kentucky","Muhlenberg County",5,53,377,195,182
050,21,177,"Kentucky","Muhlenberg County",5,54,381,197,184
050,21,177,"Kentucky","Muhlenberg County",5,55,377,184,193
050,21,177,"Kentucky","Muhlenberg County",5,56,381,185,196
050,21,177,"Kentucky","Muhlenberg County",5,57,403,203,200
050,21,177,"Kentucky","Muhlenberg County",5,58,423,214,209
050,21,177,"Kentucky","Muhlenberg County",5,59,400,199,201
050,21,177,"Kentucky","Muhlenberg County",5,60,422,217,205
050,21,177,"Kentucky","Muhlenberg County",5,61,445,207,238
050,21,177,"Kentucky","Muhlenberg County",5,62,453,225,228
050,21,177,"Kentucky","Muhlenberg County",5,63,398,199,199
050,21,177,"Kentucky","Muhlenberg County",5,64,414,198,216
050,21,177,"Kentucky","Muhlenberg County",5,65,403,183,220
050,21,177,"Kentucky","Muhlenberg County",5,66,412,198,214
050,21,177,"Kentucky","Muhlenberg County",5,67,391,204,187
050,21,177,"Kentucky","Muhlenberg County",5,68,402,203,199
050,21,177,"Kentucky","Muhlenberg County",5,69,381,175,206
050,21,177,"Kentucky","Muhlenberg County",5,70,335,155,180
050,21,177,"Kentucky","Muhlenberg County",5,71,329,157,172
050,21,177,"Kentucky","Muhlenberg County",5,72,305,155,150
050,21,177,"Kentucky","Muhlenberg County",5,73,334,165,169
050,21,177,"Kentucky","Muhlenberg County",5,74,313,140,173
050,21,177,"Kentucky","Muhlenberg County",5,75,323,152,171
050,21,177,"Kentucky","Muhlenberg County",5,76,325,160,165
050,21,177,"Kentucky","Muhlenberg County",5,77,219,101,118
050,21,177,"Kentucky","Muhlenberg County",5,78,216,94,122
050,21,177,"Kentucky","Muhlenberg County",5,79,218,78,140
050,21,177,"Kentucky","Muhlenberg County",5,80,193,81,112
050,21,177,"Kentucky","Muhlenberg County",5,81,161,66,95
050,21,177,"Kentucky","Muhlenberg County",5,82,160,63,97
050,21,177,"Kentucky","Muhlenberg County",5,83,145,57,88
050,21,177,"Kentucky","Muhlenberg County",5,84,136,59,77
050,21,177,"Kentucky","Muhlenberg County",5,85,648,204,444
050,21,179,"Kentucky","Nelson County",1,0,552,284,268
050,21,179,"Kentucky","Nelson County",1,1,555,299,256
050,21,179,"Kentucky","Nelson County",1,2,543,294,249
050,21,179,"Kentucky","Nelson County",1,3,573,291,282
050,21,179,"Kentucky","Nelson County",1,4,595,318,277
050,21,179,"Kentucky","Nelson County",1,5,608,312,296
050,21,179,"Kentucky","Nelson County",1,6,602,321,281
050,21,179,"Kentucky","Nelson County",1,7,630,323,307
050,21,179,"Kentucky","Nelson County",1,8,623,319,304
050,21,179,"Kentucky","Nelson County",1,9,610,326,284
050,21,179,"Kentucky","Nelson County",1,10,631,326,305
050,21,179,"Kentucky","Nelson County",1,11,627,334,293
050,21,179,"Kentucky","Nelson County",1,12,668,356,312
050,21,179,"Kentucky","Nelson County",1,13,632,339,293
050,21,179,"Kentucky","Nelson County",1,14,628,342,286
050,21,179,"Kentucky","Nelson County",1,15,648,355,293
050,21,179,"Kentucky","Nelson County",1,16,649,321,328
050,21,179,"Kentucky","Nelson County",1,17,638,322,316
050,21,179,"Kentucky","Nelson County",1,18,530,285,245
050,21,179,"Kentucky","Nelson County",1,19,417,222,195
050,21,179,"Kentucky","Nelson County",1,20,454,236,218
050,21,179,"Kentucky","Nelson County",1,21,494,257,237
050,21,179,"Kentucky","Nelson County",1,22,525,263,262
050,21,179,"Kentucky","Nelson County",1,23,555,282,273
050,21,179,"Kentucky","Nelson County",1,24,583,280,303
050,21,179,"Kentucky","Nelson County",1,25,610,311,299
050,21,179,"Kentucky","Nelson County",1,26,600,300,300
050,21,179,"Kentucky","Nelson County",1,27,616,311,305
050,21,179,"Kentucky","Nelson County",1,28,696,330,366
050,21,179,"Kentucky","Nelson County",1,29,643,309,334
050,21,179,"Kentucky","Nelson County",1,30,613,304,309
050,21,179,"Kentucky","Nelson County",1,31,552,276,276
050,21,179,"Kentucky","Nelson County",1,32,559,266,293
050,21,179,"Kentucky","Nelson County",1,33,561,279,282
050,21,179,"Kentucky","Nelson County",1,34,553,294,259
050,21,179,"Kentucky","Nelson County",1,35,545,274,271
050,21,179,"Kentucky","Nelson County",1,36,535,257,278
050,21,179,"Kentucky","Nelson County",1,37,577,285,292
050,21,179,"Kentucky","Nelson County",1,38,593,287,306
050,21,179,"Kentucky","Nelson County",1,39,641,323,318
050,21,179,"Kentucky","Nelson County",1,40,613,326,287
050,21,179,"Kentucky","Nelson County",1,41,609,311,298
050,21,179,"Kentucky","Nelson County",1,42,610,306,304
050,21,179,"Kentucky","Nelson County",1,43,570,285,285
050,21,179,"Kentucky","Nelson County",1,44,532,270,262
050,21,179,"Kentucky","Nelson County",1,45,539,263,276
050,21,179,"Kentucky","Nelson County",1,46,529,272,257
050,21,179,"Kentucky","Nelson County",1,47,558,282,276
050,21,179,"Kentucky","Nelson County",1,48,609,311,298
050,21,179,"Kentucky","Nelson County",1,49,678,347,331
050,21,179,"Kentucky","Nelson County",1,50,652,302,350
050,21,179,"Kentucky","Nelson County",1,51,601,286,315
050,21,179,"Kentucky","Nelson County",1,52,617,297,320
050,21,179,"Kentucky","Nelson County",1,53,648,332,316
050,21,179,"Kentucky","Nelson County",1,54,664,350,314
050,21,179,"Kentucky","Nelson County",1,55,659,333,326
050,21,179,"Kentucky","Nelson County",1,56,667,321,346
050,21,179,"Kentucky","Nelson County",1,57,708,340,368
050,21,179,"Kentucky","Nelson County",1,58,712,351,361
050,21,179,"Kentucky","Nelson County",1,59,668,334,334
050,21,179,"Kentucky","Nelson County",1,60,656,331,325
050,21,179,"Kentucky","Nelson County",1,61,673,341,332
050,21,179,"Kentucky","Nelson County",1,62,638,325,313
050,21,179,"Kentucky","Nelson County",1,63,626,326,300
050,21,179,"Kentucky","Nelson County",1,64,625,300,325
050,21,179,"Kentucky","Nelson County",1,65,591,279,312
050,21,179,"Kentucky","Nelson County",1,66,551,255,296
050,21,179,"Kentucky","Nelson County",1,67,528,260,268
050,21,179,"Kentucky","Nelson County",1,68,554,262,292
050,21,179,"Kentucky","Nelson County",1,69,467,220,247
050,21,179,"Kentucky","Nelson County",1,70,474,222,252
050,21,179,"Kentucky","Nelson County",1,71,454,225,229
050,21,179,"Kentucky","Nelson County",1,72,446,212,234
050,21,179,"Kentucky","Nelson County",1,73,448,210,238
050,21,179,"Kentucky","Nelson County",1,74,297,144,153
050,21,179,"Kentucky","Nelson County",1,75,283,137,146
050,21,179,"Kentucky","Nelson County",1,76,308,136,172
050,21,179,"Kentucky","Nelson County",1,77,285,126,159
050,21,179,"Kentucky","Nelson County",1,78,235,91,144
050,21,179,"Kentucky","Nelson County",1,79,213,94,119
050,21,179,"Kentucky","Nelson County",1,80,197,73,124
050,21,179,"Kentucky","Nelson County",1,81,169,70,99
050,21,179,"Kentucky","Nelson County",1,82,152,72,80
050,21,179,"Kentucky","Nelson County",1,83,133,50,83
050,21,179,"Kentucky","Nelson County",1,84,129,46,83
050,21,179,"Kentucky","Nelson County",1,85,688,203,485
050,21,179,"Kentucky","Nelson County",2,0,524,271,253
050,21,179,"Kentucky","Nelson County",2,1,550,292,258
050,21,179,"Kentucky","Nelson County",2,2,547,295,252
050,21,179,"Kentucky","Nelson County",2,3,565,291,274
050,21,179,"Kentucky","Nelson County",2,4,595,314,281
050,21,179,"Kentucky","Nelson County",2,5,606,315,291
050,21,179,"Kentucky","Nelson County",2,6,606,321,285
050,21,179,"Kentucky","Nelson County",2,7,624,323,301
050,21,179,"Kentucky","Nelson County",2,8,623,320,303
050,21,179,"Kentucky","Nelson County",2,9,612,324,288
050,21,179,"Kentucky","Nelson County",2,10,624,326,298
050,21,179,"Kentucky","Nelson County",2,11,627,332,295
050,21,179,"Kentucky","Nelson County",2,12,661,353,308
050,21,179,"Kentucky","Nelson County",2,13,641,343,298
050,21,179,"Kentucky","Nelson County",2,14,628,342,286
050,21,179,"Kentucky","Nelson County",2,15,644,351,293
050,21,179,"Kentucky","Nelson County",2,16,654,332,322
050,21,179,"Kentucky","Nelson County",2,17,640,323,317
050,21,179,"Kentucky","Nelson County",2,18,529,281,248
050,21,179,"Kentucky","Nelson County",2,19,422,225,197
050,21,179,"Kentucky","Nelson County",2,20,458,239,219
050,21,179,"Kentucky","Nelson County",2,21,491,256,235
050,21,179,"Kentucky","Nelson County",2,22,528,265,263
050,21,179,"Kentucky","Nelson County",2,23,559,282,277
050,21,179,"Kentucky","Nelson County",2,24,584,285,299
050,21,179,"Kentucky","Nelson County",2,25,613,308,305
050,21,179,"Kentucky","Nelson County",2,26,604,303,301
050,21,179,"Kentucky","Nelson County",2,27,618,311,307
050,21,179,"Kentucky","Nelson County",2,28,676,326,350
050,21,179,"Kentucky","Nelson County",2,29,655,316,339
050,21,179,"Kentucky","Nelson County",2,30,625,307,318
050,21,179,"Kentucky","Nelson County",2,31,567,285,282
050,21,179,"Kentucky","Nelson County",2,32,558,269,289
050,21,179,"Kentucky","Nelson County",2,33,555,274,281
050,21,179,"Kentucky","Nelson County",2,34,554,290,264
050,21,179,"Kentucky","Nelson County",2,35,543,276,267
050,21,179,"Kentucky","Nelson County",2,36,530,258,272
050,21,179,"Kentucky","Nelson County",2,37,565,278,287
050,21,179,"Kentucky","Nelson County",2,38,591,289,302
050,21,179,"Kentucky","Nelson County",2,39,627,315,312
050,21,179,"Kentucky","Nelson County",2,40,620,326,294
050,21,179,"Kentucky","Nelson County",2,41,608,314,294
050,21,179,"Kentucky","Nelson County",2,42,606,305,301
050,21,179,"Kentucky","Nelson County",2,43,585,294,291
050,21,179,"Kentucky","Nelson County",2,44,536,270,266
050,21,179,"Kentucky","Nelson County",2,45,542,267,275
050,21,179,"Kentucky","Nelson County",2,46,531,270,261
050,21,179,"Kentucky","Nelson County",2,47,553,281,272
050,21,179,"Kentucky","Nelson County",2,48,598,304,294
050,21,179,"Kentucky","Nelson County",2,49,665,340,325
050,21,179,"Kentucky","Nelson County",2,50,658,312,346
050,21,179,"Kentucky","Nelson County",2,51,614,290,324
050,21,179,"Kentucky","Nelson County",2,52,612,294,318
050,21,179,"Kentucky","Nelson County",2,53,644,325,319
050,21,179,"Kentucky","Nelson County",2,54,657,345,312
050,21,179,"Kentucky","Nelson County",2,55,660,337,323
050,21,179,"Kentucky","Nelson County",2,56,668,325,343
050,21,179,"Kentucky","Nelson County",2,57,699,336,363
050,21,179,"Kentucky","Nelson County",2,58,713,348,365
050,21,179,"Kentucky","Nelson County",2,59,686,343,343
050,21,179,"Kentucky","Nelson County",2,60,656,328,328
050,21,179,"Kentucky","Nelson County",2,61,665,336,329
050,21,179,"Kentucky","Nelson County",2,62,646,329,317
050,21,179,"Kentucky","Nelson County",2,63,637,330,307
050,21,179,"Kentucky","Nelson County",2,64,618,301,317
050,21,179,"Kentucky","Nelson County",2,65,594,280,314
050,21,179,"Kentucky","Nelson County",2,66,561,262,299
050,21,179,"Kentucky","Nelson County",2,67,534,262,272
050,21,179,"Kentucky","Nelson County",2,68,544,256,288
050,21,179,"Kentucky","Nelson County",2,69,488,231,257
050,21,179,"Kentucky","Nelson County",2,70,467,218,249
050,21,179,"Kentucky","Nelson County",2,71,458,224,234
050,21,179,"Kentucky","Nelson County",2,72,439,208,231
050,21,179,"Kentucky","Nelson County",2,73,470,221,249
050,21,179,"Kentucky","Nelson County",2,74,314,149,165
050,21,179,"Kentucky","Nelson County",2,75,283,138,145
050,21,179,"Kentucky","Nelson County",2,76,300,133,167
050,21,179,"Kentucky","Nelson County",2,77,293,133,160
050,21,179,"Kentucky","Nelson County",2,78,240,93,147
050,21,179,"Kentucky","Nelson County",2,79,216,95,121
050,21,179,"Kentucky","Nelson County",2,80,198,76,122
050,21,179,"Kentucky","Nelson County",2,81,172,71,101
050,21,179,"Kentucky","Nelson County",2,82,152,68,84
050,21,179,"Kentucky","Nelson County",2,83,137,55,82
050,21,179,"Kentucky","Nelson County",2,84,128,45,83
050,21,179,"Kentucky","Nelson County",2,85,691,204,487
050,21,179,"Kentucky","Nelson County",3,0,543,270,273
050,21,179,"Kentucky","Nelson County",3,1,540,274,266
050,21,179,"Kentucky","Nelson County",3,2,567,304,263
050,21,179,"Kentucky","Nelson County",3,3,574,312,262
050,21,179,"Kentucky","Nelson County",3,4,576,303,273
050,21,179,"Kentucky","Nelson County",3,5,602,318,284
050,21,179,"Kentucky","Nelson County",3,6,621,327,294
050,21,179,"Kentucky","Nelson County",3,7,607,329,278
050,21,179,"Kentucky","Nelson County",3,8,614,316,298
050,21,179,"Kentucky","Nelson County",3,9,627,321,306
050,21,179,"Kentucky","Nelson County",3,10,623,322,301
050,21,179,"Kentucky","Nelson County",3,11,630,329,301
050,21,179,"Kentucky","Nelson County",3,12,630,338,292
050,21,179,"Kentucky","Nelson County",3,13,661,357,304
050,21,179,"Kentucky","Nelson County",3,14,648,347,301
050,21,179,"Kentucky","Nelson County",3,15,627,338,289
050,21,179,"Kentucky","Nelson County",3,16,654,351,303
050,21,179,"Kentucky","Nelson County",3,17,641,324,317
050,21,179,"Kentucky","Nelson County",3,18,540,282,258
050,21,179,"Kentucky","Nelson County",3,19,418,222,196
050,21,179,"Kentucky","Nelson County",3,20,435,232,203
050,21,179,"Kentucky","Nelson County",3,21,495,262,233
050,21,179,"Kentucky","Nelson County",3,22,526,270,256
050,21,179,"Kentucky","Nelson County",3,23,547,266,281
050,21,179,"Kentucky","Nelson County",3,24,582,286,296
050,21,179,"Kentucky","Nelson County",3,25,608,305,303
050,21,179,"Kentucky","Nelson County",3,26,625,317,308
050,21,179,"Kentucky","Nelson County",3,27,611,302,309
050,21,179,"Kentucky","Nelson County",3,28,613,304,309
050,21,179,"Kentucky","Nelson County",3,29,689,334,355
050,21,179,"Kentucky","Nelson County",3,30,680,335,345
050,21,179,"Kentucky","Nelson County",3,31,626,309,317
050,21,179,"Kentucky","Nelson County",3,32,579,282,297
050,21,179,"Kentucky","Nelson County",3,33,583,291,292
050,21,179,"Kentucky","Nelson County",3,34,559,272,287
050,21,179,"Kentucky","Nelson County",3,35,550,277,273
050,21,179,"Kentucky","Nelson County",3,36,558,291,267
050,21,179,"Kentucky","Nelson County",3,37,533,253,280
050,21,179,"Kentucky","Nelson County",3,38,567,283,284
050,21,179,"Kentucky","Nelson County",3,39,581,278,303
050,21,179,"Kentucky","Nelson County",3,40,634,325,309
050,21,179,"Kentucky","Nelson County",3,41,618,329,289
050,21,179,"Kentucky","Nelson County",3,42,608,313,295
050,21,179,"Kentucky","Nelson County",3,43,619,310,309
050,21,179,"Kentucky","Nelson County",3,44,567,285,282
050,21,179,"Kentucky","Nelson County",3,45,529,265,264
050,21,179,"Kentucky","Nelson County",3,46,531,256,275
050,21,179,"Kentucky","Nelson County",3,47,538,278,260
050,21,179,"Kentucky","Nelson County",3,48,554,279,275
050,21,179,"Kentucky","Nelson County",3,49,605,305,300
050,21,179,"Kentucky","Nelson County",3,50,675,341,334
050,21,179,"Kentucky","Nelson County",3,51,659,307,352
050,21,179,"Kentucky","Nelson County",3,52,636,297,339
050,21,179,"Kentucky","Nelson County",3,53,622,292,330
050,21,179,"Kentucky","Nelson County",3,54,642,327,315
050,21,179,"Kentucky","Nelson County",3,55,644,337,307
050,21,179,"Kentucky","Nelson County",3,56,663,339,324
050,21,179,"Kentucky","Nelson County",3,57,676,329,347
050,21,179,"Kentucky","Nelson County",3,58,699,336,363
050,21,179,"Kentucky","Nelson County",3,59,712,353,359
050,21,179,"Kentucky","Nelson County",3,60,685,338,347
050,21,179,"Kentucky","Nelson County",3,61,655,328,327
050,21,179,"Kentucky","Nelson County",3,62,663,330,333
050,21,179,"Kentucky","Nelson County",3,63,641,330,311
050,21,179,"Kentucky","Nelson County",3,64,646,337,309
050,21,179,"Kentucky","Nelson County",3,65,593,281,312
050,21,179,"Kentucky","Nelson County",3,66,580,268,312
050,21,179,"Kentucky","Nelson County",3,67,556,266,290
050,21,179,"Kentucky","Nelson County",3,68,527,244,283
050,21,179,"Kentucky","Nelson County",3,69,527,250,277
050,21,179,"Kentucky","Nelson County",3,70,486,224,262
050,21,179,"Kentucky","Nelson County",3,71,464,214,250
050,21,179,"Kentucky","Nelson County",3,72,440,208,232
050,21,179,"Kentucky","Nelson County",3,73,426,208,218
050,21,179,"Kentucky","Nelson County",3,74,460,219,241
050,21,179,"Kentucky","Nelson County",3,75,292,139,153
050,21,179,"Kentucky","Nelson County",3,76,283,133,150
050,21,179,"Kentucky","Nelson County",3,77,272,123,149
050,21,179,"Kentucky","Nelson County",3,78,288,126,162
050,21,179,"Kentucky","Nelson County",3,79,234,98,136
050,21,179,"Kentucky","Nelson County",3,80,204,85,119
050,21,179,"Kentucky","Nelson County",3,81,189,76,113
050,21,179,"Kentucky","Nelson County",3,82,152,65,87
050,21,179,"Kentucky","Nelson County",3,83,145,67,78
050,21,179,"Kentucky","Nelson County",3,84,122,40,82
050,21,179,"Kentucky","Nelson County",3,85,676,190,486
050,21,179,"Kentucky","Nelson County",4,0,545,276,269
050,21,179,"Kentucky","Nelson County",4,1,555,278,277
050,21,179,"Kentucky","Nelson County",4,2,554,282,272
050,21,179,"Kentucky","Nelson County",4,3,560,303,257
050,21,179,"Kentucky","Nelson County",4,4,576,316,260
050,21,179,"Kentucky","Nelson County",4,5,573,298,275
050,21,179,"Kentucky","Nelson County",4,6,605,319,286
050,21,179,"Kentucky","Nelson County",4,7,637,322,315
050,21,179,"Kentucky","Nelson County",4,8,608,327,281
050,21,179,"Kentucky","Nelson County",4,9,617,308,309
050,21,179,"Kentucky","Nelson County",4,10,629,322,307
050,21,179,"Kentucky","Nelson County",4,11,628,327,301
050,21,179,"Kentucky","Nelson County",4,12,624,329,295
050,21,179,"Kentucky","Nelson County",4,13,624,340,284
050,21,179,"Kentucky","Nelson County",4,14,676,358,318
050,21,179,"Kentucky","Nelson County",4,15,633,340,293
050,21,179,"Kentucky","Nelson County",4,16,643,352,291
050,21,179,"Kentucky","Nelson County",4,17,648,350,298
050,21,179,"Kentucky","Nelson County",4,18,535,277,258
050,21,179,"Kentucky","Nelson County",4,19,431,227,204
050,21,179,"Kentucky","Nelson County",4,20,436,230,206
050,21,179,"Kentucky","Nelson County",4,21,463,240,223
050,21,179,"Kentucky","Nelson County",4,22,523,272,251
050,21,179,"Kentucky","Nelson County",4,23,554,289,265
050,21,179,"Kentucky","Nelson County",4,24,589,298,291
050,21,179,"Kentucky","Nelson County",4,25,600,301,299
050,21,179,"Kentucky","Nelson County",4,26,595,293,302
050,21,179,"Kentucky","Nelson County",4,27,644,326,318
050,21,179,"Kentucky","Nelson County",4,28,620,309,311
050,21,179,"Kentucky","Nelson County",4,29,644,326,318
050,21,179,"Kentucky","Nelson County",4,30,666,321,345
050,21,179,"Kentucky","Nelson County",4,31,681,334,347
050,21,179,"Kentucky","Nelson County",4,32,650,322,328
050,21,179,"Kentucky","Nelson County",4,33,580,280,300
050,21,179,"Kentucky","Nelson County",4,34,604,302,302
050,21,179,"Kentucky","Nelson County",4,35,557,265,292
050,21,179,"Kentucky","Nelson County",4,36,570,276,294
050,21,179,"Kentucky","Nelson County",4,37,570,300,270
050,21,179,"Kentucky","Nelson County",4,38,534,251,283
050,21,179,"Kentucky","Nelson County",4,39,580,294,286
050,21,179,"Kentucky","Nelson County",4,40,573,275,298
050,21,179,"Kentucky","Nelson County",4,41,637,327,310
050,21,179,"Kentucky","Nelson County",4,42,623,332,291
050,21,179,"Kentucky","Nelson County",4,43,606,310,296
050,21,179,"Kentucky","Nelson County",4,44,607,302,305
050,21,179,"Kentucky","Nelson County",4,45,574,286,288
050,21,179,"Kentucky","Nelson County",4,46,526,260,266
050,21,179,"Kentucky","Nelson County",4,47,551,271,280
050,21,179,"Kentucky","Nelson County",4,48,550,282,268
050,21,179,"Kentucky","Nelson County",4,49,545,274,271
050,21,179,"Kentucky","Nelson County",4,50,607,304,303
050,21,179,"Kentucky","Nelson County",4,51,673,346,327
050,21,179,"Kentucky","Nelson County",4,52,660,312,348
050,21,179,"Kentucky","Nelson County",4,53,630,286,344
050,21,179,"Kentucky","Nelson County",4,54,618,292,326
050,21,179,"Kentucky","Nelson County",4,55,634,318,316
050,21,179,"Kentucky","Nelson County",4,56,643,337,306
050,21,179,"Kentucky","Nelson County",4,57,659,344,315
050,21,179,"Kentucky","Nelson County",4,58,665,319,346
050,21,179,"Kentucky","Nelson County",4,59,682,333,349
050,21,179,"Kentucky","Nelson County",4,60,719,358,361
050,21,179,"Kentucky","Nelson County",4,61,688,338,350
050,21,179,"Kentucky","Nelson County",4,62,652,320,332
050,21,179,"Kentucky","Nelson County",4,63,676,340,336
050,21,179,"Kentucky","Nelson County",4,64,650,333,317
050,21,179,"Kentucky","Nelson County",4,65,625,322,303
050,21,179,"Kentucky","Nelson County",4,66,591,277,314
050,21,179,"Kentucky","Nelson County",4,67,573,271,302
050,21,179,"Kentucky","Nelson County",4,68,555,253,302
050,21,179,"Kentucky","Nelson County",4,69,487,228,259
050,21,179,"Kentucky","Nelson County",4,70,514,241,273
050,21,179,"Kentucky","Nelson County",4,71,476,219,257
050,21,179,"Kentucky","Nelson County",4,72,454,196,258
050,21,179,"Kentucky","Nelson County",4,73,427,203,224
050,21,179,"Kentucky","Nelson County",4,74,416,207,209
050,21,179,"Kentucky","Nelson County",4,75,434,205,229
050,21,179,"Kentucky","Nelson County",4,76,293,134,159
050,21,179,"Kentucky","Nelson County",4,77,252,120,132
050,21,179,"Kentucky","Nelson County",4,78,270,116,154
050,21,179,"Kentucky","Nelson County",4,79,273,128,145
050,21,179,"Kentucky","Nelson County",4,80,219,87,132
050,21,179,"Kentucky","Nelson County",4,81,189,81,108
050,21,179,"Kentucky","Nelson County",4,82,169,68,101
050,21,179,"Kentucky","Nelson County",4,83,143,59,84
050,21,179,"Kentucky","Nelson County",4,84,130,54,76
050,21,179,"Kentucky","Nelson County",4,85,660,175,485
050,21,179,"Kentucky","Nelson County",5,0,549,280,269
050,21,179,"Kentucky","Nelson County",5,1,550,287,263
050,21,179,"Kentucky","Nelson County",5,2,557,273,284
050,21,179,"Kentucky","Nelson County",5,3,551,272,279
050,21,179,"Kentucky","Nelson County",5,4,583,308,275
050,21,179,"Kentucky","Nelson County",5,5,566,313,253
050,21,179,"Kentucky","Nelson County",5,6,578,304,274
050,21,179,"Kentucky","Nelson County",5,7,612,323,289
050,21,179,"Kentucky","Nelson County",5,8,629,318,311
050,21,179,"Kentucky","Nelson County",5,9,612,335,277
050,21,179,"Kentucky","Nelson County",5,10,627,314,313
050,21,179,"Kentucky","Nelson County",5,11,632,329,303
050,21,179,"Kentucky","Nelson County",5,12,615,318,297
050,21,179,"Kentucky","Nelson County",5,13,636,330,306
050,21,179,"Kentucky","Nelson County",5,14,640,355,285
050,21,179,"Kentucky","Nelson County",5,15,675,364,311
050,21,179,"Kentucky","Nelson County",5,16,648,343,305
050,21,179,"Kentucky","Nelson County",5,17,634,340,294
050,21,179,"Kentucky","Nelson County",5,18,548,304,244
050,21,179,"Kentucky","Nelson County",5,19,424,229,195
050,21,179,"Kentucky","Nelson County",5,20,472,244,228
050,21,179,"Kentucky","Nelson County",5,21,467,240,227
050,21,179,"Kentucky","Nelson County",5,22,516,265,251
050,21,179,"Kentucky","Nelson County",5,23,552,278,274
050,21,179,"Kentucky","Nelson County",5,24,594,326,268
050,21,179,"Kentucky","Nelson County",5,25,619,317,302
050,21,179,"Kentucky","Nelson County",5,26,598,294,304
050,21,179,"Kentucky","Nelson County",5,27,622,303,319
050,21,179,"Kentucky","Nelson County",5,28,648,327,321
050,21,179,"Kentucky","Nelson County",5,29,650,320,330
050,21,179,"Kentucky","Nelson County",5,30,646,322,324
050,21,179,"Kentucky","Nelson County",5,31,665,325,340
050,21,179,"Kentucky","Nelson County",5,32,695,333,362
050,21,179,"Kentucky","Nelson County",5,33,654,330,324
050,21,179,"Kentucky","Nelson County",5,34,603,292,311
050,21,179,"Kentucky","Nelson County",5,35,609,300,309
050,21,179,"Kentucky","Nelson County",5,36,558,267,291
050,21,179,"Kentucky","Nelson County",5,37,575,276,299
050,21,179,"Kentucky","Nelson County",5,38,589,312,277
050,21,179,"Kentucky","Nelson County",5,39,531,253,278
050,21,179,"Kentucky","Nelson County",5,40,567,278,289
050,21,179,"Kentucky","Nelson County",5,41,581,274,307
050,21,179,"Kentucky","Nelson County",5,42,638,323,315
050,21,179,"Kentucky","Nelson County",5,43,617,328,289
050,21,179,"Kentucky","Nelson County",5,44,593,299,294
050,21,179,"Kentucky","Nelson County",5,45,600,301,299
050,21,179,"Kentucky","Nelson County",5,46,578,290,288
050,21,179,"Kentucky","Nelson County",5,47,530,264,266
050,21,179,"Kentucky","Nelson County",5,48,543,261,282
050,21,179,"Kentucky","Nelson County",5,49,553,283,270
050,21,179,"Kentucky","Nelson County",5,50,558,280,278
050,21,179,"Kentucky","Nelson County",5,51,596,293,303
050,21,179,"Kentucky","Nelson County",5,52,689,354,335
050,21,179,"Kentucky","Nelson County",5,53,679,322,357
050,21,179,"Kentucky","Nelson County",5,54,615,275,340
050,21,179,"Kentucky","Nelson County",5,55,620,293,327
050,21,179,"Kentucky","Nelson County",5,56,625,312,313
050,21,179,"Kentucky","Nelson County",5,57,652,343,309
050,21,179,"Kentucky","Nelson County",5,58,653,338,315
050,21,179,"Kentucky","Nelson County",5,59,666,327,339
050,21,179,"Kentucky","Nelson County",5,60,686,333,353
050,21,179,"Kentucky","Nelson County",5,61,717,355,362
050,21,179,"Kentucky","Nelson County",5,62,680,329,351
050,21,179,"Kentucky","Nelson County",5,63,650,321,329
050,21,179,"Kentucky","Nelson County",5,64,678,335,343
050,21,179,"Kentucky","Nelson County",5,65,640,327,313
050,21,179,"Kentucky","Nelson County",5,66,617,314,303
050,21,179,"Kentucky","Nelson County",5,67,587,280,307
050,21,179,"Kentucky","Nelson County",5,68,578,260,318
050,21,179,"Kentucky","Nelson County",5,69,537,251,286
050,21,179,"Kentucky","Nelson County",5,70,479,218,261
050,21,179,"Kentucky","Nelson County",5,71,510,246,264
050,21,179,"Kentucky","Nelson County",5,72,461,205,256
050,21,179,"Kentucky","Nelson County",5,73,435,191,244
050,21,179,"Kentucky","Nelson County",5,74,422,203,219
050,21,179,"Kentucky","Nelson County",5,75,390,194,196
050,21,179,"Kentucky","Nelson County",5,76,436,194,242
050,21,179,"Kentucky","Nelson County",5,77,266,125,141
050,21,179,"Kentucky","Nelson County",5,78,245,110,135
050,21,179,"Kentucky","Nelson County",5,79,253,114,139
050,21,179,"Kentucky","Nelson County",5,80,250,111,139
050,21,179,"Kentucky","Nelson County",5,81,207,84,123
050,21,179,"Kentucky","Nelson County",5,82,166,70,96
050,21,179,"Kentucky","Nelson County",5,83,166,66,100
050,21,179,"Kentucky","Nelson County",5,84,131,49,82
050,21,179,"Kentucky","Nelson County",5,85,661,181,480
050,21,181,"Kentucky","Nicholas County",1,0,82,43,39
050,21,181,"Kentucky","Nicholas County",1,1,90,50,40
050,21,181,"Kentucky","Nicholas County",1,2,91,41,50
050,21,181,"Kentucky","Nicholas County",1,3,98,48,50
050,21,181,"Kentucky","Nicholas County",1,4,98,43,55
050,21,181,"Kentucky","Nicholas County",1,5,103,54,49
050,21,181,"Kentucky","Nicholas County",1,6,108,58,50
050,21,181,"Kentucky","Nicholas County",1,7,98,47,51
050,21,181,"Kentucky","Nicholas County",1,8,108,54,54
050,21,181,"Kentucky","Nicholas County",1,9,99,49,50
050,21,181,"Kentucky","Nicholas County",1,10,94,47,47
050,21,181,"Kentucky","Nicholas County",1,11,119,67,52
050,21,181,"Kentucky","Nicholas County",1,12,115,59,56
050,21,181,"Kentucky","Nicholas County",1,13,111,50,61
050,21,181,"Kentucky","Nicholas County",1,14,95,45,50
050,21,181,"Kentucky","Nicholas County",1,15,101,52,49
050,21,181,"Kentucky","Nicholas County",1,16,111,60,51
050,21,181,"Kentucky","Nicholas County",1,17,109,57,52
050,21,181,"Kentucky","Nicholas County",1,18,101,55,46
050,21,181,"Kentucky","Nicholas County",1,19,70,37,33
050,21,181,"Kentucky","Nicholas County",1,20,83,41,42
050,21,181,"Kentucky","Nicholas County",1,21,85,45,40
050,21,181,"Kentucky","Nicholas County",1,22,79,45,34
050,21,181,"Kentucky","Nicholas County",1,23,84,45,39
050,21,181,"Kentucky","Nicholas County",1,24,88,40,48
050,21,181,"Kentucky","Nicholas County",1,25,85,41,44
050,21,181,"Kentucky","Nicholas County",1,26,87,44,43
050,21,181,"Kentucky","Nicholas County",1,27,96,44,52
050,21,181,"Kentucky","Nicholas County",1,28,86,44,42
050,21,181,"Kentucky","Nicholas County",1,29,88,44,44
050,21,181,"Kentucky","Nicholas County",1,30,95,48,47
050,21,181,"Kentucky","Nicholas County",1,31,81,35,46
050,21,181,"Kentucky","Nicholas County",1,32,72,40,32
050,21,181,"Kentucky","Nicholas County",1,33,79,44,35
050,21,181,"Kentucky","Nicholas County",1,34,82,45,37
050,21,181,"Kentucky","Nicholas County",1,35,77,33,44
050,21,181,"Kentucky","Nicholas County",1,36,65,27,38
050,21,181,"Kentucky","Nicholas County",1,37,93,36,57
050,21,181,"Kentucky","Nicholas County",1,38,101,53,48
050,21,181,"Kentucky","Nicholas County",1,39,94,47,47
050,21,181,"Kentucky","Nicholas County",1,40,93,45,48
050,21,181,"Kentucky","Nicholas County",1,41,101,51,50
050,21,181,"Kentucky","Nicholas County",1,42,94,45,49
050,21,181,"Kentucky","Nicholas County",1,43,91,47,44
050,21,181,"Kentucky","Nicholas County",1,44,83,45,38
050,21,181,"Kentucky","Nicholas County",1,45,89,49,40
050,21,181,"Kentucky","Nicholas County",1,46,102,56,46
050,21,181,"Kentucky","Nicholas County",1,47,88,40,48
050,21,181,"Kentucky","Nicholas County",1,48,99,45,54
050,21,181,"Kentucky","Nicholas County",1,49,103,47,56
050,21,181,"Kentucky","Nicholas County",1,50,118,57,61
050,21,181,"Kentucky","Nicholas County",1,51,102,57,45
050,21,181,"Kentucky","Nicholas County",1,52,113,66,47
050,21,181,"Kentucky","Nicholas County",1,53,109,59,50
050,21,181,"Kentucky","Nicholas County",1,54,119,65,54
050,21,181,"Kentucky","Nicholas County",1,55,119,63,56
050,21,181,"Kentucky","Nicholas County",1,56,103,58,45
050,21,181,"Kentucky","Nicholas County",1,57,118,62,56
050,21,181,"Kentucky","Nicholas County",1,58,116,61,55
050,21,181,"Kentucky","Nicholas County",1,59,114,55,59
050,21,181,"Kentucky","Nicholas County",1,60,118,59,59
050,21,181,"Kentucky","Nicholas County",1,61,111,54,57
050,21,181,"Kentucky","Nicholas County",1,62,100,52,48
050,21,181,"Kentucky","Nicholas County",1,63,93,50,43
050,21,181,"Kentucky","Nicholas County",1,64,83,38,45
050,21,181,"Kentucky","Nicholas County",1,65,103,49,54
050,21,181,"Kentucky","Nicholas County",1,66,91,38,53
050,21,181,"Kentucky","Nicholas County",1,67,69,32,37
050,21,181,"Kentucky","Nicholas County",1,68,72,34,38
050,21,181,"Kentucky","Nicholas County",1,69,76,34,42
050,21,181,"Kentucky","Nicholas County",1,70,71,34,37
050,21,181,"Kentucky","Nicholas County",1,71,71,28,43
050,21,181,"Kentucky","Nicholas County",1,72,68,34,34
050,21,181,"Kentucky","Nicholas County",1,73,85,42,43
050,21,181,"Kentucky","Nicholas County",1,74,55,28,27
050,21,181,"Kentucky","Nicholas County",1,75,55,32,23
050,21,181,"Kentucky","Nicholas County",1,76,50,22,28
050,21,181,"Kentucky","Nicholas County",1,77,44,20,24
050,21,181,"Kentucky","Nicholas County",1,78,35,15,20
050,21,181,"Kentucky","Nicholas County",1,79,38,17,21
050,21,181,"Kentucky","Nicholas County",1,80,34,15,19
050,21,181,"Kentucky","Nicholas County",1,81,30,14,16
050,21,181,"Kentucky","Nicholas County",1,82,28,13,15
050,21,181,"Kentucky","Nicholas County",1,83,23,9,14
050,21,181,"Kentucky","Nicholas County",1,84,26,7,19
050,21,181,"Kentucky","Nicholas County",1,85,128,60,68
050,21,181,"Kentucky","Nicholas County",2,0,87,50,37
050,21,181,"Kentucky","Nicholas County",2,1,86,47,39
050,21,181,"Kentucky","Nicholas County",2,2,91,44,47
050,21,181,"Kentucky","Nicholas County",2,3,94,45,49
050,21,181,"Kentucky","Nicholas County",2,4,99,45,54
050,21,181,"Kentucky","Nicholas County",2,5,104,53,51
050,21,181,"Kentucky","Nicholas County",2,6,106,57,49
050,21,181,"Kentucky","Nicholas County",2,7,101,51,50
050,21,181,"Kentucky","Nicholas County",2,8,105,53,52
050,21,181,"Kentucky","Nicholas County",2,9,100,49,51
050,21,181,"Kentucky","Nicholas County",2,10,96,48,48
050,21,181,"Kentucky","Nicholas County",2,11,114,63,51
050,21,181,"Kentucky","Nicholas County",2,12,119,63,56
050,21,181,"Kentucky","Nicholas County",2,13,113,53,60
050,21,181,"Kentucky","Nicholas County",2,14,97,45,52
050,21,181,"Kentucky","Nicholas County",2,15,100,50,50
050,21,181,"Kentucky","Nicholas County",2,16,109,58,51
050,21,181,"Kentucky","Nicholas County",2,17,110,58,52
050,21,181,"Kentucky","Nicholas County",2,18,98,53,45
050,21,181,"Kentucky","Nicholas County",2,19,74,39,35
050,21,181,"Kentucky","Nicholas County",2,20,82,41,41
050,21,181,"Kentucky","Nicholas County",2,21,84,43,41
050,21,181,"Kentucky","Nicholas County",2,22,79,44,35
050,21,181,"Kentucky","Nicholas County",2,23,82,44,38
050,21,181,"Kentucky","Nicholas County",2,24,86,41,45
050,21,181,"Kentucky","Nicholas County",2,25,86,42,44
050,21,181,"Kentucky","Nicholas County",2,26,87,43,44
050,21,181,"Kentucky","Nicholas County",2,27,93,44,49
050,21,181,"Kentucky","Nicholas County",2,28,88,44,44
050,21,181,"Kentucky","Nicholas County",2,29,89,45,44
050,21,181,"Kentucky","Nicholas County",2,30,95,47,48
050,21,181,"Kentucky","Nicholas County",2,31,84,39,45
050,21,181,"Kentucky","Nicholas County",2,32,75,40,35
050,21,181,"Kentucky","Nicholas County",2,33,77,42,35
050,21,181,"Kentucky","Nicholas County",2,34,81,44,37
050,21,181,"Kentucky","Nicholas County",2,35,78,36,42
050,21,181,"Kentucky","Nicholas County",2,36,67,28,39
050,21,181,"Kentucky","Nicholas County",2,37,88,35,53
050,21,181,"Kentucky","Nicholas County",2,38,99,49,50
050,21,181,"Kentucky","Nicholas County",2,39,96,48,48
050,21,181,"Kentucky","Nicholas County",2,40,94,46,48
050,21,181,"Kentucky","Nicholas County",2,41,98,49,49
050,21,181,"Kentucky","Nicholas County",2,42,96,47,49
050,21,181,"Kentucky","Nicholas County",2,43,93,48,45
050,21,181,"Kentucky","Nicholas County",2,44,83,44,39
050,21,181,"Kentucky","Nicholas County",2,45,89,49,40
050,21,181,"Kentucky","Nicholas County",2,46,98,54,44
050,21,181,"Kentucky","Nicholas County",2,47,92,44,48
050,21,181,"Kentucky","Nicholas County",2,48,97,44,53
050,21,181,"Kentucky","Nicholas County",2,49,101,45,56
050,21,181,"Kentucky","Nicholas County",2,50,113,55,58
050,21,181,"Kentucky","Nicholas County",2,51,106,56,50
050,21,181,"Kentucky","Nicholas County",2,52,111,64,47
050,21,181,"Kentucky","Nicholas County",2,53,110,61,49
050,21,181,"Kentucky","Nicholas County",2,54,115,64,51
050,21,181,"Kentucky","Nicholas County",2,55,120,64,56
050,21,181,"Kentucky","Nicholas County",2,56,108,60,48
050,21,181,"Kentucky","Nicholas County",2,57,112,59,53
050,21,181,"Kentucky","Nicholas County",2,58,117,62,55
050,21,181,"Kentucky","Nicholas County",2,59,116,57,59
050,21,181,"Kentucky","Nicholas County",2,60,116,57,59
050,21,181,"Kentucky","Nicholas County",2,61,112,55,57
050,21,181,"Kentucky","Nicholas County",2,62,103,52,51
050,21,181,"Kentucky","Nicholas County",2,63,97,51,46
050,21,181,"Kentucky","Nicholas County",2,64,84,41,43
050,21,181,"Kentucky","Nicholas County",2,65,99,47,52
050,21,181,"Kentucky","Nicholas County",2,66,94,40,54
050,21,181,"Kentucky","Nicholas County",2,67,72,34,38
050,21,181,"Kentucky","Nicholas County",2,68,70,33,37
050,21,181,"Kentucky","Nicholas County",2,69,76,34,42
050,21,181,"Kentucky","Nicholas County",2,70,71,35,36
050,21,181,"Kentucky","Nicholas County",2,71,72,30,42
050,21,181,"Kentucky","Nicholas County",2,72,68,33,35
050,21,181,"Kentucky","Nicholas County",2,73,85,41,44
050,21,181,"Kentucky","Nicholas County",2,74,57,28,29
050,21,181,"Kentucky","Nicholas County",2,75,55,31,24
050,21,181,"Kentucky","Nicholas County",2,76,51,23,28
050,21,181,"Kentucky","Nicholas County",2,77,45,21,24
050,21,181,"Kentucky","Nicholas County",2,78,38,17,21
050,21,181,"Kentucky","Nicholas County",2,79,38,17,21
050,21,181,"Kentucky","Nicholas County",2,80,33,14,19
050,21,181,"Kentucky","Nicholas County",2,81,30,14,16
050,21,181,"Kentucky","Nicholas County",2,82,28,14,14
050,21,181,"Kentucky","Nicholas County",2,83,23,9,14
050,21,181,"Kentucky","Nicholas County",2,84,26,8,18
050,21,181,"Kentucky","Nicholas County",2,85,130,60,70
050,21,181,"Kentucky","Nicholas County",3,0,77,38,39
050,21,181,"Kentucky","Nicholas County",3,1,90,51,39
050,21,181,"Kentucky","Nicholas County",3,2,96,50,46
050,21,181,"Kentucky","Nicholas County",3,3,87,42,45
050,21,181,"Kentucky","Nicholas County",3,4,100,46,54
050,21,181,"Kentucky","Nicholas County",3,5,106,47,59
050,21,181,"Kentucky","Nicholas County",3,6,105,56,49
050,21,181,"Kentucky","Nicholas County",3,7,112,61,51
050,21,181,"Kentucky","Nicholas County",3,8,118,59,59
050,21,181,"Kentucky","Nicholas County",3,9,108,55,53
050,21,181,"Kentucky","Nicholas County",3,10,100,48,52
050,21,181,"Kentucky","Nicholas County",3,11,110,54,56
050,21,181,"Kentucky","Nicholas County",3,12,127,74,53
050,21,181,"Kentucky","Nicholas County",3,13,122,60,62
050,21,181,"Kentucky","Nicholas County",3,14,111,56,55
050,21,181,"Kentucky","Nicholas County",3,15,104,47,57
050,21,181,"Kentucky","Nicholas County",3,16,107,56,51
050,21,181,"Kentucky","Nicholas County",3,17,115,59,56
050,21,181,"Kentucky","Nicholas County",3,18,92,51,41
050,21,181,"Kentucky","Nicholas County",3,19,82,44,38
050,21,181,"Kentucky","Nicholas County",3,20,83,43,40
050,21,181,"Kentucky","Nicholas County",3,21,85,44,41
050,21,181,"Kentucky","Nicholas County",3,22,90,44,46
050,21,181,"Kentucky","Nicholas County",3,23,86,51,35
050,21,181,"Kentucky","Nicholas County",3,24,82,42,40
050,21,181,"Kentucky","Nicholas County",3,25,95,48,47
050,21,181,"Kentucky","Nicholas County",3,26,89,44,45
050,21,181,"Kentucky","Nicholas County",3,27,95,47,48
050,21,181,"Kentucky","Nicholas County",3,28,91,42,49
050,21,181,"Kentucky","Nicholas County",3,29,93,44,49
050,21,181,"Kentucky","Nicholas County",3,30,94,49,45
050,21,181,"Kentucky","Nicholas County",3,31,94,47,47
050,21,181,"Kentucky","Nicholas County",3,32,82,38,44
050,21,181,"Kentucky","Nicholas County",3,33,83,44,39
050,21,181,"Kentucky","Nicholas County",3,34,83,47,36
050,21,181,"Kentucky","Nicholas County",3,35,91,48,43
050,21,181,"Kentucky","Nicholas County",3,36,82,38,44
050,21,181,"Kentucky","Nicholas County",3,37,75,33,42
050,21,181,"Kentucky","Nicholas County",3,38,91,37,54
050,21,181,"Kentucky","Nicholas County",3,39,107,54,53
050,21,181,"Kentucky","Nicholas County",3,40,100,49,51
050,21,181,"Kentucky","Nicholas County",3,41,97,51,46
050,21,181,"Kentucky","Nicholas County",3,42,94,49,45
050,21,181,"Kentucky","Nicholas County",3,43,102,50,52
050,21,181,"Kentucky","Nicholas County",3,44,95,47,48
050,21,181,"Kentucky","Nicholas County",3,45,80,42,38
050,21,181,"Kentucky","Nicholas County",3,46,97,50,47
050,21,181,"Kentucky","Nicholas County",3,47,94,53,41
050,21,181,"Kentucky","Nicholas County",3,48,96,48,48
050,21,181,"Kentucky","Nicholas County",3,49,103,50,53
050,21,181,"Kentucky","Nicholas County",3,50,106,48,58
050,21,181,"Kentucky","Nicholas County",3,51,112,54,58
050,21,181,"Kentucky","Nicholas County",3,52,110,60,50
050,21,181,"Kentucky","Nicholas County",3,53,111,63,48
050,21,181,"Kentucky","Nicholas County",3,54,105,59,46
050,21,181,"Kentucky","Nicholas County",3,55,117,66,51
050,21,181,"Kentucky","Nicholas County",3,56,121,67,54
050,21,181,"Kentucky","Nicholas County",3,57,106,59,47
050,21,181,"Kentucky","Nicholas County",3,58,115,60,55
050,21,181,"Kentucky","Nicholas County",3,59,112,59,53
050,21,181,"Kentucky","Nicholas County",3,60,120,59,61
050,21,181,"Kentucky","Nicholas County",3,61,112,55,57
050,21,181,"Kentucky","Nicholas County",3,62,109,52,57
050,21,181,"Kentucky","Nicholas County",3,63,107,53,54
050,21,181,"Kentucky","Nicholas County",3,64,93,52,41
050,21,181,"Kentucky","Nicholas County",3,65,89,44,45
050,21,181,"Kentucky","Nicholas County",3,66,94,41,53
050,21,181,"Kentucky","Nicholas County",3,67,87,38,49
050,21,181,"Kentucky","Nicholas County",3,68,71,33,38
050,21,181,"Kentucky","Nicholas County",3,69,64,27,37
050,21,181,"Kentucky","Nicholas County",3,70,76,36,40
050,21,181,"Kentucky","Nicholas County",3,71,73,36,37
050,21,181,"Kentucky","Nicholas County",3,72,69,30,39
050,21,181,"Kentucky","Nicholas County",3,73,67,30,37
050,21,181,"Kentucky","Nicholas County",3,74,76,38,38
050,21,181,"Kentucky","Nicholas County",3,75,51,24,27
050,21,181,"Kentucky","Nicholas County",3,76,57,29,28
050,21,181,"Kentucky","Nicholas County",3,77,46,23,23
050,21,181,"Kentucky","Nicholas County",3,78,45,23,22
050,21,181,"Kentucky","Nicholas County",3,79,40,17,23
050,21,181,"Kentucky","Nicholas County",3,80,34,15,19
050,21,181,"Kentucky","Nicholas County",3,81,29,13,16
050,21,181,"Kentucky","Nicholas County",3,82,33,16,17
050,21,181,"Kentucky","Nicholas County",3,83,24,11,13
050,21,181,"Kentucky","Nicholas County",3,84,24,8,16
050,21,181,"Kentucky","Nicholas County",3,85,130,62,68
050,21,181,"Kentucky","Nicholas County",4,0,97,50,47
050,21,181,"Kentucky","Nicholas County",4,1,79,39,40
050,21,181,"Kentucky","Nicholas County",4,2,90,49,41
050,21,181,"Kentucky","Nicholas County",4,3,88,52,36
050,21,181,"Kentucky","Nicholas County",4,4,88,43,45
050,21,181,"Kentucky","Nicholas County",4,5,109,49,60
050,21,181,"Kentucky","Nicholas County",4,6,105,47,58
050,21,181,"Kentucky","Nicholas County",4,7,105,55,50
050,21,181,"Kentucky","Nicholas County",4,8,116,63,53
050,21,181,"Kentucky","Nicholas County",4,9,114,55,59
050,21,181,"Kentucky","Nicholas County",4,10,121,62,59
050,21,181,"Kentucky","Nicholas County",4,11,106,53,53
050,21,181,"Kentucky","Nicholas County",4,12,110,54,56
050,21,181,"Kentucky","Nicholas County",4,13,134,76,58
050,21,181,"Kentucky","Nicholas County",4,14,128,65,63
050,21,181,"Kentucky","Nicholas County",4,15,115,56,59
050,21,181,"Kentucky","Nicholas County",4,16,105,47,58
050,21,181,"Kentucky","Nicholas County",4,17,103,52,51
050,21,181,"Kentucky","Nicholas County",4,18,97,52,45
050,21,181,"Kentucky","Nicholas County",4,19,70,38,32
050,21,181,"Kentucky","Nicholas County",4,20,85,48,37
050,21,181,"Kentucky","Nicholas County",4,21,95,50,45
050,21,181,"Kentucky","Nicholas County",4,22,98,51,47
050,21,181,"Kentucky","Nicholas County",4,23,99,45,54
050,21,181,"Kentucky","Nicholas County",4,24,86,53,33
050,21,181,"Kentucky","Nicholas County",4,25,84,44,40
050,21,181,"Kentucky","Nicholas County",4,26,94,46,48
050,21,181,"Kentucky","Nicholas County",4,27,84,40,44
050,21,181,"Kentucky","Nicholas County",4,28,93,44,49
050,21,181,"Kentucky","Nicholas County",4,29,97,49,48
050,21,181,"Kentucky","Nicholas County",4,30,92,46,46
050,21,181,"Kentucky","Nicholas County",4,31,99,51,48
050,21,181,"Kentucky","Nicholas County",4,32,99,53,46
050,21,181,"Kentucky","Nicholas County",4,33,87,39,48
050,21,181,"Kentucky","Nicholas County",4,34,79,38,41
050,21,181,"Kentucky","Nicholas County",4,35,80,44,36
050,21,181,"Kentucky","Nicholas County",4,36,95,51,44
050,21,181,"Kentucky","Nicholas County",4,37,83,39,44
050,21,181,"Kentucky","Nicholas County",4,38,78,34,44
050,21,181,"Kentucky","Nicholas County",4,39,94,40,54
050,21,181,"Kentucky","Nicholas County",4,40,106,48,58
050,21,181,"Kentucky","Nicholas County",4,41,99,50,49
050,21,181,"Kentucky","Nicholas County",4,42,100,54,46
050,21,181,"Kentucky","Nicholas County",4,43,98,50,48
050,21,181,"Kentucky","Nicholas County",4,44,107,52,55
050,21,181,"Kentucky","Nicholas County",4,45,100,51,49
050,21,181,"Kentucky","Nicholas County",4,46,81,42,39
050,21,181,"Kentucky","Nicholas County",4,47,100,52,48
050,21,181,"Kentucky","Nicholas County",4,48,95,50,45
050,21,181,"Kentucky","Nicholas County",4,49,93,43,50
050,21,181,"Kentucky","Nicholas County",4,50,107,52,55
050,21,181,"Kentucky","Nicholas County",4,51,104,48,56
050,21,181,"Kentucky","Nicholas County",4,52,110,55,55
050,21,181,"Kentucky","Nicholas County",4,53,108,55,53
050,21,181,"Kentucky","Nicholas County",4,54,111,64,47
050,21,181,"Kentucky","Nicholas County",4,55,106,58,48
050,21,181,"Kentucky","Nicholas County",4,56,122,69,53
050,21,181,"Kentucky","Nicholas County",4,57,122,66,56
050,21,181,"Kentucky","Nicholas County",4,58,107,61,46
050,21,181,"Kentucky","Nicholas County",4,59,110,57,53
050,21,181,"Kentucky","Nicholas County",4,60,112,59,53
050,21,181,"Kentucky","Nicholas County",4,61,112,54,58
050,21,181,"Kentucky","Nicholas County",4,62,103,49,54
050,21,181,"Kentucky","Nicholas County",4,63,109,51,58
050,21,181,"Kentucky","Nicholas County",4,64,100,52,48
050,21,181,"Kentucky","Nicholas County",4,65,91,53,38
050,21,181,"Kentucky","Nicholas County",4,66,85,38,47
050,21,181,"Kentucky","Nicholas County",4,67,86,41,45
050,21,181,"Kentucky","Nicholas County",4,68,82,35,47
050,21,181,"Kentucky","Nicholas County",4,69,68,30,38
050,21,181,"Kentucky","Nicholas County",4,70,62,27,35
050,21,181,"Kentucky","Nicholas County",4,71,77,36,41
050,21,181,"Kentucky","Nicholas County",4,72,73,37,36
050,21,181,"Kentucky","Nicholas County",4,73,69,27,42
050,21,181,"Kentucky","Nicholas County",4,74,58,24,34
050,21,181,"Kentucky","Nicholas County",4,75,69,33,36
050,21,181,"Kentucky","Nicholas County",4,76,52,22,30
050,21,181,"Kentucky","Nicholas County",4,77,48,29,19
050,21,181,"Kentucky","Nicholas County",4,78,45,25,20
050,21,181,"Kentucky","Nicholas County",4,79,46,22,24
050,21,181,"Kentucky","Nicholas County",4,80,34,14,20
050,21,181,"Kentucky","Nicholas County",4,81,28,12,16
050,21,181,"Kentucky","Nicholas County",4,82,28,14,14
050,21,181,"Kentucky","Nicholas County",4,83,30,14,16
050,21,181,"Kentucky","Nicholas County",4,84,25,10,15
050,21,181,"Kentucky","Nicholas County",4,85,127,59,68
050,21,181,"Kentucky","Nicholas County",5,0,98,50,48
050,21,181,"Kentucky","Nicholas County",5,1,89,45,44
050,21,181,"Kentucky","Nicholas County",5,2,82,43,39
050,21,181,"Kentucky","Nicholas County",5,3,87,52,35
050,21,181,"Kentucky","Nicholas County",5,4,102,54,48
050,21,181,"Kentucky","Nicholas County",5,5,88,43,45
050,21,181,"Kentucky","Nicholas County",5,6,109,51,58
050,21,181,"Kentucky","Nicholas County",5,7,105,50,55
050,21,181,"Kentucky","Nicholas County",5,8,114,60,54
050,21,181,"Kentucky","Nicholas County",5,9,116,63,53
050,21,181,"Kentucky","Nicholas County",5,10,104,51,53
050,21,181,"Kentucky","Nicholas County",5,11,106,52,54
050,21,181,"Kentucky","Nicholas County",5,12,98,48,50
050,21,181,"Kentucky","Nicholas County",5,13,107,55,52
050,21,181,"Kentucky","Nicholas County",5,14,124,69,55
050,21,181,"Kentucky","Nicholas County",5,15,129,67,62
050,21,181,"Kentucky","Nicholas County",5,16,112,56,56
050,21,181,"Kentucky","Nicholas County",5,17,107,46,61
050,21,181,"Kentucky","Nicholas County",5,18,89,47,42
050,21,181,"Kentucky","Nicholas County",5,19,65,35,30
050,21,181,"Kentucky","Nicholas County",5,20,73,39,34
050,21,181,"Kentucky","Nicholas County",5,21,84,45,39
050,21,181,"Kentucky","Nicholas County",5,22,91,46,45
050,21,181,"Kentucky","Nicholas County",5,23,96,51,45
050,21,181,"Kentucky","Nicholas County",5,24,94,49,45
050,21,181,"Kentucky","Nicholas County",5,25,91,54,37
050,21,181,"Kentucky","Nicholas County",5,26,84,45,39
050,21,181,"Kentucky","Nicholas County",5,27,96,48,48
050,21,181,"Kentucky","Nicholas County",5,28,97,47,50
050,21,181,"Kentucky","Nicholas County",5,29,91,44,47
050,21,181,"Kentucky","Nicholas County",5,30,104,51,53
050,21,181,"Kentucky","Nicholas County",5,31,99,51,48
050,21,181,"Kentucky","Nicholas County",5,32,101,52,49
050,21,181,"Kentucky","Nicholas County",5,33,95,51,44
050,21,181,"Kentucky","Nicholas County",5,34,82,41,41
050,21,181,"Kentucky","Nicholas County",5,35,78,35,43
050,21,181,"Kentucky","Nicholas County",5,36,78,41,37
050,21,181,"Kentucky","Nicholas County",5,37,101,57,44
050,21,181,"Kentucky","Nicholas County",5,38,77,37,40
050,21,181,"Kentucky","Nicholas County",5,39,79,34,45
050,21,181,"Kentucky","Nicholas County",5,40,92,35,57
050,21,181,"Kentucky","Nicholas County",5,41,97,49,48
050,21,181,"Kentucky","Nicholas County",5,42,97,49,48
050,21,181,"Kentucky","Nicholas County",5,43,101,57,44
050,21,181,"Kentucky","Nicholas County",5,44,102,53,49
050,21,181,"Kentucky","Nicholas County",5,45,104,48,56
050,21,181,"Kentucky","Nicholas County",5,46,101,51,50
050,21,181,"Kentucky","Nicholas County",5,47,83,41,42
050,21,181,"Kentucky","Nicholas County",5,48,99,50,49
050,21,181,"Kentucky","Nicholas County",5,49,89,46,43
050,21,181,"Kentucky","Nicholas County",5,50,91,43,48
050,21,181,"Kentucky","Nicholas County",5,51,105,49,56
050,21,181,"Kentucky","Nicholas County",5,52,103,50,53
050,21,181,"Kentucky","Nicholas County",5,53,107,50,57
050,21,181,"Kentucky","Nicholas County",5,54,113,58,55
050,21,181,"Kentucky","Nicholas County",5,55,109,60,49
050,21,181,"Kentucky","Nicholas County",5,56,108,59,49
050,21,181,"Kentucky","Nicholas County",5,57,118,65,53
050,21,181,"Kentucky","Nicholas County",5,58,120,65,55
050,21,181,"Kentucky","Nicholas County",5,59,104,60,44
050,21,181,"Kentucky","Nicholas County",5,60,112,56,56
050,21,181,"Kentucky","Nicholas County",5,61,111,57,54
050,21,181,"Kentucky","Nicholas County",5,62,109,51,58
050,21,181,"Kentucky","Nicholas County",5,63,98,48,50
050,21,181,"Kentucky","Nicholas County",5,64,97,48,49
050,21,181,"Kentucky","Nicholas County",5,65,99,53,46
050,21,181,"Kentucky","Nicholas County",5,66,87,49,38
050,21,181,"Kentucky","Nicholas County",5,67,80,37,43
050,21,181,"Kentucky","Nicholas County",5,68,83,38,45
050,21,181,"Kentucky","Nicholas County",5,69,81,34,47
050,21,181,"Kentucky","Nicholas County",5,70,66,31,35
050,21,181,"Kentucky","Nicholas County",5,71,62,27,35
050,21,181,"Kentucky","Nicholas County",5,72,73,35,38
050,21,181,"Kentucky","Nicholas County",5,73,73,34,39
050,21,181,"Kentucky","Nicholas County",5,74,60,23,37
050,21,181,"Kentucky","Nicholas County",5,75,53,22,31
050,21,181,"Kentucky","Nicholas County",5,76,67,31,36
050,21,181,"Kentucky","Nicholas County",5,77,43,22,21
050,21,181,"Kentucky","Nicholas County",5,78,44,28,16
050,21,181,"Kentucky","Nicholas County",5,79,45,25,20
050,21,181,"Kentucky","Nicholas County",5,80,40,19,21
050,21,181,"Kentucky","Nicholas County",5,81,28,13,15
050,21,181,"Kentucky","Nicholas County",5,82,27,12,15
050,21,181,"Kentucky","Nicholas County",5,83,24,10,14
050,21,181,"Kentucky","Nicholas County",5,84,30,12,18
050,21,181,"Kentucky","Nicholas County",5,85,129,60,69
050,21,183,"Kentucky","Ohio County",1,0,267,135,132
050,21,183,"Kentucky","Ohio County",1,1,269,146,123
050,21,183,"Kentucky","Ohio County",1,2,296,163,133
050,21,183,"Kentucky","Ohio County",1,3,286,156,130
050,21,183,"Kentucky","Ohio County",1,4,330,181,149
050,21,183,"Kentucky","Ohio County",1,5,291,149,142
050,21,183,"Kentucky","Ohio County",1,6,283,135,148
050,21,183,"Kentucky","Ohio County",1,7,310,154,156
050,21,183,"Kentucky","Ohio County",1,8,307,152,155
050,21,183,"Kentucky","Ohio County",1,9,333,173,160
050,21,183,"Kentucky","Ohio County",1,10,329,175,154
050,21,183,"Kentucky","Ohio County",1,11,351,171,180
050,21,183,"Kentucky","Ohio County",1,12,369,191,178
050,21,183,"Kentucky","Ohio County",1,13,373,195,178
050,21,183,"Kentucky","Ohio County",1,14,402,205,197
050,21,183,"Kentucky","Ohio County",1,15,376,182,194
050,21,183,"Kentucky","Ohio County",1,16,353,183,170
050,21,183,"Kentucky","Ohio County",1,17,339,186,153
050,21,183,"Kentucky","Ohio County",1,18,278,154,124
050,21,183,"Kentucky","Ohio County",1,19,221,124,97
050,21,183,"Kentucky","Ohio County",1,20,235,132,103
050,21,183,"Kentucky","Ohio County",1,21,243,132,111
050,21,183,"Kentucky","Ohio County",1,22,244,130,114
050,21,183,"Kentucky","Ohio County",1,23,245,124,121
050,21,183,"Kentucky","Ohio County",1,24,249,137,112
050,21,183,"Kentucky","Ohio County",1,25,247,126,121
050,21,183,"Kentucky","Ohio County",1,26,289,144,145
050,21,183,"Kentucky","Ohio County",1,27,289,159,130
050,21,183,"Kentucky","Ohio County",1,28,317,167,150
050,21,183,"Kentucky","Ohio County",1,29,301,169,132
050,21,183,"Kentucky","Ohio County",1,30,265,147,118
050,21,183,"Kentucky","Ohio County",1,31,250,129,121
050,21,183,"Kentucky","Ohio County",1,32,255,122,133
050,21,183,"Kentucky","Ohio County",1,33,255,120,135
050,21,183,"Kentucky","Ohio County",1,34,279,120,159
050,21,183,"Kentucky","Ohio County",1,35,301,151,150
050,21,183,"Kentucky","Ohio County",1,36,259,129,130
050,21,183,"Kentucky","Ohio County",1,37,292,153,139
050,21,183,"Kentucky","Ohio County",1,38,293,153,140
050,21,183,"Kentucky","Ohio County",1,39,298,146,152
050,21,183,"Kentucky","Ohio County",1,40,317,163,154
050,21,183,"Kentucky","Ohio County",1,41,331,178,153
050,21,183,"Kentucky","Ohio County",1,42,312,167,145
050,21,183,"Kentucky","Ohio County",1,43,296,151,145
050,21,183,"Kentucky","Ohio County",1,44,285,138,147
050,21,183,"Kentucky","Ohio County",1,45,270,134,136
050,21,183,"Kentucky","Ohio County",1,46,277,136,141
050,21,183,"Kentucky","Ohio County",1,47,316,152,164
050,21,183,"Kentucky","Ohio County",1,48,320,167,153
050,21,183,"Kentucky","Ohio County",1,49,325,174,151
050,21,183,"Kentucky","Ohio County",1,50,286,147,139
050,21,183,"Kentucky","Ohio County",1,51,282,139,143
050,21,183,"Kentucky","Ohio County",1,52,279,130,149
050,21,183,"Kentucky","Ohio County",1,53,300,154,146
050,21,183,"Kentucky","Ohio County",1,54,318,166,152
050,21,183,"Kentucky","Ohio County",1,55,322,156,166
050,21,183,"Kentucky","Ohio County",1,56,323,163,160
050,21,183,"Kentucky","Ohio County",1,57,326,167,159
050,21,183,"Kentucky","Ohio County",1,58,340,168,172
050,21,183,"Kentucky","Ohio County",1,59,315,150,165
050,21,183,"Kentucky","Ohio County",1,60,326,164,162
050,21,183,"Kentucky","Ohio County",1,61,336,174,162
050,21,183,"Kentucky","Ohio County",1,62,297,142,155
050,21,183,"Kentucky","Ohio County",1,63,295,141,154
050,21,183,"Kentucky","Ohio County",1,64,307,140,167
050,21,183,"Kentucky","Ohio County",1,65,307,153,154
050,21,183,"Kentucky","Ohio County",1,66,292,153,139
050,21,183,"Kentucky","Ohio County",1,67,275,147,128
050,21,183,"Kentucky","Ohio County",1,68,264,136,128
050,21,183,"Kentucky","Ohio County",1,69,247,111,136
050,21,183,"Kentucky","Ohio County",1,70,269,122,147
050,21,183,"Kentucky","Ohio County",1,71,254,114,140
050,21,183,"Kentucky","Ohio County",1,72,250,126,124
050,21,183,"Kentucky","Ohio County",1,73,236,105,131
050,21,183,"Kentucky","Ohio County",1,74,167,76,91
050,21,183,"Kentucky","Ohio County",1,75,181,87,94
050,21,183,"Kentucky","Ohio County",1,76,177,84,93
050,21,183,"Kentucky","Ohio County",1,77,165,82,83
050,21,183,"Kentucky","Ohio County",1,78,121,62,59
050,21,183,"Kentucky","Ohio County",1,79,143,74,69
050,21,183,"Kentucky","Ohio County",1,80,130,63,67
050,21,183,"Kentucky","Ohio County",1,81,122,53,69
050,21,183,"Kentucky","Ohio County",1,82,94,46,48
050,21,183,"Kentucky","Ohio County",1,83,84,37,47
050,21,183,"Kentucky","Ohio County",1,84,81,28,53
050,21,183,"Kentucky","Ohio County",1,85,442,149,293
050,21,183,"Kentucky","Ohio County",2,0,266,137,129
050,21,183,"Kentucky","Ohio County",2,1,271,143,128
050,21,183,"Kentucky","Ohio County",2,2,287,157,130
050,21,183,"Kentucky","Ohio County",2,3,287,157,130
050,21,183,"Kentucky","Ohio County",2,4,321,174,147
050,21,183,"Kentucky","Ohio County",2,5,302,158,144
050,21,183,"Kentucky","Ohio County",2,6,286,140,146
050,21,183,"Kentucky","Ohio County",2,7,303,149,154
050,21,183,"Kentucky","Ohio County",2,8,308,153,155
050,21,183,"Kentucky","Ohio County",2,9,326,170,156
050,21,183,"Kentucky","Ohio County",2,10,330,174,156
050,21,183,"Kentucky","Ohio County",2,11,342,171,171
050,21,183,"Kentucky","Ohio County",2,12,363,185,178
050,21,183,"Kentucky","Ohio County",2,13,374,195,179
050,21,183,"Kentucky","Ohio County",2,14,392,201,191
050,21,183,"Kentucky","Ohio County",2,15,378,186,192
050,21,183,"Kentucky","Ohio County",2,16,356,183,173
050,21,183,"Kentucky","Ohio County",2,17,345,186,159
050,21,183,"Kentucky","Ohio County",2,18,276,154,122
050,21,183,"Kentucky","Ohio County",2,19,220,123,97
050,21,183,"Kentucky","Ohio County",2,20,236,132,104
050,21,183,"Kentucky","Ohio County",2,21,242,133,109
050,21,183,"Kentucky","Ohio County",2,22,245,130,115
050,21,183,"Kentucky","Ohio County",2,23,248,127,121
050,21,183,"Kentucky","Ohio County",2,24,246,132,114
050,21,183,"Kentucky","Ohio County",2,25,252,130,122
050,21,183,"Kentucky","Ohio County",2,26,282,142,140
050,21,183,"Kentucky","Ohio County",2,27,291,156,135
050,21,183,"Kentucky","Ohio County",2,28,312,167,145
050,21,183,"Kentucky","Ohio County",2,29,300,166,134
050,21,183,"Kentucky","Ohio County",2,30,274,152,122
050,21,183,"Kentucky","Ohio County",2,31,250,131,119
050,21,183,"Kentucky","Ohio County",2,32,252,123,129
050,21,183,"Kentucky","Ohio County",2,33,257,121,136
050,21,183,"Kentucky","Ohio County",2,34,275,121,154
050,21,183,"Kentucky","Ohio County",2,35,296,142,154
050,21,183,"Kentucky","Ohio County",2,36,267,133,134
050,21,183,"Kentucky","Ohio County",2,37,286,149,137
050,21,183,"Kentucky","Ohio County",2,38,296,155,141
050,21,183,"Kentucky","Ohio County",2,39,294,148,146
050,21,183,"Kentucky","Ohio County",2,40,312,159,153
050,21,183,"Kentucky","Ohio County",2,41,327,175,152
050,21,183,"Kentucky","Ohio County",2,42,315,168,147
050,21,183,"Kentucky","Ohio County",2,43,301,156,145
050,21,183,"Kentucky","Ohio County",2,44,283,139,144
050,21,183,"Kentucky","Ohio County",2,45,272,135,137
050,21,183,"Kentucky","Ohio County",2,46,275,135,140
050,21,183,"Kentucky","Ohio County",2,47,302,145,157
050,21,183,"Kentucky","Ohio County",2,48,320,165,155
050,21,183,"Kentucky","Ohio County",2,49,324,173,151
050,21,183,"Kentucky","Ohio County",2,50,299,155,144
050,21,183,"Kentucky","Ohio County",2,51,283,140,143
050,21,183,"Kentucky","Ohio County",2,52,280,133,147
050,21,183,"Kentucky","Ohio County",2,53,295,148,147
050,21,183,"Kentucky","Ohio County",2,54,313,164,149
050,21,183,"Kentucky","Ohio County",2,55,323,159,164
050,21,183,"Kentucky","Ohio County",2,56,320,160,160
050,21,183,"Kentucky","Ohio County",2,57,329,169,160
050,21,183,"Kentucky","Ohio County",2,58,335,168,167
050,21,183,"Kentucky","Ohio County",2,59,323,156,167
050,21,183,"Kentucky","Ohio County",2,60,322,161,161
050,21,183,"Kentucky","Ohio County",2,61,333,171,162
050,21,183,"Kentucky","Ohio County",2,62,302,147,155
050,21,183,"Kentucky","Ohio County",2,63,296,141,155
050,21,183,"Kentucky","Ohio County",2,64,304,140,164
050,21,183,"Kentucky","Ohio County",2,65,304,149,155
050,21,183,"Kentucky","Ohio County",2,66,295,153,142
050,21,183,"Kentucky","Ohio County",2,67,278,148,130
050,21,183,"Kentucky","Ohio County",2,68,265,137,128
050,21,183,"Kentucky","Ohio County",2,69,253,117,136
050,21,183,"Kentucky","Ohio County",2,70,261,119,142
050,21,183,"Kentucky","Ohio County",2,71,257,115,142
050,21,183,"Kentucky","Ohio County",2,72,244,118,126
050,21,183,"Kentucky","Ohio County",2,73,247,114,133
050,21,183,"Kentucky","Ohio County",2,74,172,78,94
050,21,183,"Kentucky","Ohio County",2,75,176,84,92
050,21,183,"Kentucky","Ohio County",2,76,173,81,92
050,21,183,"Kentucky","Ohio County",2,77,171,84,87
050,21,183,"Kentucky","Ohio County",2,78,129,65,64
050,21,183,"Kentucky","Ohio County",2,79,138,71,67
050,21,183,"Kentucky","Ohio County",2,80,130,65,65
050,21,183,"Kentucky","Ohio County",2,81,120,53,67
050,21,183,"Kentucky","Ohio County",2,82,101,48,53
050,21,183,"Kentucky","Ohio County",2,83,84,36,48
050,21,183,"Kentucky","Ohio County",2,84,80,28,52
050,21,183,"Kentucky","Ohio County",2,85,447,153,294
050,21,183,"Kentucky","Ohio County",3,0,264,129,135
050,21,183,"Kentucky","Ohio County",3,1,275,144,131
050,21,183,"Kentucky","Ohio County",3,2,277,140,137
050,21,183,"Kentucky","Ohio County",3,3,294,168,126
050,21,183,"Kentucky","Ohio County",3,4,292,161,131
050,21,183,"Kentucky","Ohio County",3,5,320,176,144
050,21,183,"Kentucky","Ohio County",3,6,310,168,142
050,21,183,"Kentucky","Ohio County",3,7,281,140,141
050,21,183,"Kentucky","Ohio County",3,8,309,154,155
050,21,183,"Kentucky","Ohio County",3,9,306,155,151
050,21,183,"Kentucky","Ohio County",3,10,330,169,161
050,21,183,"Kentucky","Ohio County",3,11,322,158,164
050,21,183,"Kentucky","Ohio County",3,12,332,168,164
050,21,183,"Kentucky","Ohio County",3,13,354,182,172
050,21,183,"Kentucky","Ohio County",3,14,376,196,180
050,21,183,"Kentucky","Ohio County",3,15,391,198,193
050,21,183,"Kentucky","Ohio County",3,16,387,194,193
050,21,183,"Kentucky","Ohio County",3,17,361,190,171
050,21,183,"Kentucky","Ohio County",3,18,289,160,129
050,21,183,"Kentucky","Ohio County",3,19,218,126,92
050,21,183,"Kentucky","Ohio County",3,20,248,134,114
050,21,183,"Kentucky","Ohio County",3,21,252,139,113
050,21,183,"Kentucky","Ohio County",3,22,257,137,120
050,21,183,"Kentucky","Ohio County",3,23,266,138,128
050,21,183,"Kentucky","Ohio County",3,24,257,132,125
050,21,183,"Kentucky","Ohio County",3,25,242,134,108
050,21,183,"Kentucky","Ohio County",3,26,257,132,125
050,21,183,"Kentucky","Ohio County",3,27,296,148,148
050,21,183,"Kentucky","Ohio County",3,28,280,149,131
050,21,183,"Kentucky","Ohio County",3,29,318,168,150
050,21,183,"Kentucky","Ohio County",3,30,299,165,134
050,21,183,"Kentucky","Ohio County",3,31,266,143,123
050,21,183,"Kentucky","Ohio County",3,32,264,142,122
050,21,183,"Kentucky","Ohio County",3,33,266,132,134
050,21,183,"Kentucky","Ohio County",3,34,266,128,138
050,21,183,"Kentucky","Ohio County",3,35,268,118,150
050,21,183,"Kentucky","Ohio County",3,36,295,142,153
050,21,183,"Kentucky","Ohio County",3,37,262,130,132
050,21,183,"Kentucky","Ohio County",3,38,280,146,134
050,21,183,"Kentucky","Ohio County",3,39,291,146,145
050,21,183,"Kentucky","Ohio County",3,40,293,142,151
050,21,183,"Kentucky","Ohio County",3,41,298,152,146
050,21,183,"Kentucky","Ohio County",3,42,322,173,149
050,21,183,"Kentucky","Ohio County",3,43,310,166,144
050,21,183,"Kentucky","Ohio County",3,44,304,157,147
050,21,183,"Kentucky","Ohio County",3,45,282,137,145
050,21,183,"Kentucky","Ohio County",3,46,275,137,138
050,21,183,"Kentucky","Ohio County",3,47,260,128,132
050,21,183,"Kentucky","Ohio County",3,48,298,140,158
050,21,183,"Kentucky","Ohio County",3,49,333,170,163
050,21,183,"Kentucky","Ohio County",3,50,319,175,144
050,21,183,"Kentucky","Ohio County",3,51,303,156,147
050,21,183,"Kentucky","Ohio County",3,52,288,143,145
050,21,183,"Kentucky","Ohio County",3,53,271,128,143
050,21,183,"Kentucky","Ohio County",3,54,296,152,144
050,21,183,"Kentucky","Ohio County",3,55,313,163,150
050,21,183,"Kentucky","Ohio County",3,56,322,154,168
050,21,183,"Kentucky","Ohio County",3,57,310,153,157
050,21,183,"Kentucky","Ohio County",3,58,338,173,165
050,21,183,"Kentucky","Ohio County",3,59,335,172,163
050,21,183,"Kentucky","Ohio County",3,60,325,158,167
050,21,183,"Kentucky","Ohio County",3,61,315,156,159
050,21,183,"Kentucky","Ohio County",3,62,336,173,163
050,21,183,"Kentucky","Ohio County",3,63,306,149,157
050,21,183,"Kentucky","Ohio County",3,64,300,138,162
050,21,183,"Kentucky","Ohio County",3,65,292,138,154
050,21,183,"Kentucky","Ohio County",3,66,305,152,153
050,21,183,"Kentucky","Ohio County",3,67,288,147,141
050,21,183,"Kentucky","Ohio County",3,68,267,140,127
050,21,183,"Kentucky","Ohio County",3,69,260,134,126
050,21,183,"Kentucky","Ohio County",3,70,255,119,136
050,21,183,"Kentucky","Ohio County",3,71,258,118,140
050,21,183,"Kentucky","Ohio County",3,72,243,106,137
050,21,183,"Kentucky","Ohio County",3,73,233,110,123
050,21,183,"Kentucky","Ohio County",3,74,235,107,128
050,21,183,"Kentucky","Ohio County",3,75,162,75,87
050,21,183,"Kentucky","Ohio County",3,76,165,78,87
050,21,183,"Kentucky","Ohio County",3,77,159,72,87
050,21,183,"Kentucky","Ohio County",3,78,156,77,79
050,21,183,"Kentucky","Ohio County",3,79,133,64,69
050,21,183,"Kentucky","Ohio County",3,80,125,66,59
050,21,183,"Kentucky","Ohio County",3,81,113,58,55
050,21,183,"Kentucky","Ohio County",3,82,102,50,52
050,21,183,"Kentucky","Ohio County",3,83,98,45,53
050,21,183,"Kentucky","Ohio County",3,84,78,34,44
050,21,183,"Kentucky","Ohio County",3,85,447,156,291
050,21,183,"Kentucky","Ohio County",4,0,246,121,125
050,21,183,"Kentucky","Ohio County",4,1,256,109,147
050,21,183,"Kentucky","Ohio County",4,2,271,140,131
050,21,183,"Kentucky","Ohio County",4,3,264,131,133
050,21,183,"Kentucky","Ohio County",4,4,294,169,125
050,21,183,"Kentucky","Ohio County",4,5,288,160,128
050,21,183,"Kentucky","Ohio County",4,6,313,172,141
050,21,183,"Kentucky","Ohio County",4,7,298,156,142
050,21,183,"Kentucky","Ohio County",4,8,280,138,142
050,21,183,"Kentucky","Ohio County",4,9,293,141,152
050,21,183,"Kentucky","Ohio County",4,10,330,169,161
050,21,183,"Kentucky","Ohio County",4,11,322,163,159
050,21,183,"Kentucky","Ohio County",4,12,333,168,165
050,21,183,"Kentucky","Ohio County",4,13,326,157,169
050,21,183,"Kentucky","Ohio County",4,14,356,180,176
050,21,183,"Kentucky","Ohio County",4,15,364,191,173
050,21,183,"Kentucky","Ohio County",4,16,401,206,195
050,21,183,"Kentucky","Ohio County",4,17,387,192,195
050,21,183,"Kentucky","Ohio County",4,18,293,163,130
050,21,183,"Kentucky","Ohio County",4,19,211,116,95
050,21,183,"Kentucky","Ohio County",4,20,225,130,95
050,21,183,"Kentucky","Ohio County",4,21,259,135,124
050,21,183,"Kentucky","Ohio County",4,22,262,145,117
050,21,183,"Kentucky","Ohio County",4,23,263,144,119
050,21,183,"Kentucky","Ohio County",4,24,263,132,131
050,21,183,"Kentucky","Ohio County",4,25,248,128,120
050,21,183,"Kentucky","Ohio County",4,26,232,115,117
050,21,183,"Kentucky","Ohio County",4,27,246,132,114
050,21,183,"Kentucky","Ohio County",4,28,284,142,142
050,21,183,"Kentucky","Ohio County",4,29,260,133,127
050,21,183,"Kentucky","Ohio County",4,30,306,163,143
050,21,183,"Kentucky","Ohio County",4,31,304,165,139
050,21,183,"Kentucky","Ohio County",4,32,271,144,127
050,21,183,"Kentucky","Ohio County",4,33,262,131,131
050,21,183,"Kentucky","Ohio County",4,34,274,132,142
050,21,183,"Kentucky","Ohio County",4,35,269,132,137
050,21,183,"Kentucky","Ohio County",4,36,275,123,152
050,21,183,"Kentucky","Ohio County",4,37,293,142,151
050,21,183,"Kentucky","Ohio County",4,38,271,139,132
050,21,183,"Kentucky","Ohio County",4,39,286,147,139
050,21,183,"Kentucky","Ohio County",4,40,301,150,151
050,21,183,"Kentucky","Ohio County",4,41,290,135,155
050,21,183,"Kentucky","Ohio County",4,42,304,156,148
050,21,183,"Kentucky","Ohio County",4,43,331,177,154
050,21,183,"Kentucky","Ohio County",4,44,315,167,148
050,21,183,"Kentucky","Ohio County",4,45,305,160,145
050,21,183,"Kentucky","Ohio County",4,46,289,138,151
050,21,183,"Kentucky","Ohio County",4,47,260,132,128
050,21,183,"Kentucky","Ohio County",4,48,259,131,128
050,21,183,"Kentucky","Ohio County",4,49,299,137,162
050,21,183,"Kentucky","Ohio County",4,50,334,170,164
050,21,183,"Kentucky","Ohio County",4,51,321,172,149
050,21,183,"Kentucky","Ohio County",4,52,309,161,148
050,21,183,"Kentucky","Ohio County",4,53,287,141,146
050,21,183,"Kentucky","Ohio County",4,54,263,125,138
050,21,183,"Kentucky","Ohio County",4,55,293,151,142
050,21,183,"Kentucky","Ohio County",4,56,311,162,149
050,21,183,"Kentucky","Ohio County",4,57,320,154,166
050,21,183,"Kentucky","Ohio County",4,58,302,148,154
050,21,183,"Kentucky","Ohio County",4,59,336,170,166
050,21,183,"Kentucky","Ohio County",4,60,332,171,161
050,21,183,"Kentucky","Ohio County",4,61,313,153,160
050,21,183,"Kentucky","Ohio County",4,62,318,156,162
050,21,183,"Kentucky","Ohio County",4,63,326,165,161
050,21,183,"Kentucky","Ohio County",4,64,307,146,161
050,21,183,"Kentucky","Ohio County",4,65,291,138,153
050,21,183,"Kentucky","Ohio County",4,66,281,129,152
050,21,183,"Kentucky","Ohio County",4,67,300,150,150
050,21,183,"Kentucky","Ohio County",4,68,289,150,139
050,21,183,"Kentucky","Ohio County",4,69,262,136,126
050,21,183,"Kentucky","Ohio County",4,70,246,130,116
050,21,183,"Kentucky","Ohio County",4,71,250,118,132
050,21,183,"Kentucky","Ohio County",4,72,255,114,141
050,21,183,"Kentucky","Ohio County",4,73,230,99,131
050,21,183,"Kentucky","Ohio County",4,74,218,101,117
050,21,183,"Kentucky","Ohio County",4,75,213,101,112
050,21,183,"Kentucky","Ohio County",4,76,155,70,85
050,21,183,"Kentucky","Ohio County",4,77,157,72,85
050,21,183,"Kentucky","Ohio County",4,78,139,64,75
050,21,183,"Kentucky","Ohio County",4,79,151,70,81
050,21,183,"Kentucky","Ohio County",4,80,120,60,60
050,21,183,"Kentucky","Ohio County",4,81,107,57,50
050,21,183,"Kentucky","Ohio County",4,82,99,54,45
050,21,183,"Kentucky","Ohio County",4,83,100,49,51
050,21,183,"Kentucky","Ohio County",4,84,87,40,47
050,21,183,"Kentucky","Ohio County",4,85,442,157,285
050,21,183,"Kentucky","Ohio County",5,0,249,121,128
050,21,183,"Kentucky","Ohio County",5,1,258,125,133
050,21,183,"Kentucky","Ohio County",5,2,256,108,148
050,21,183,"Kentucky","Ohio County",5,3,284,143,141
050,21,183,"Kentucky","Ohio County",5,4,264,130,134
050,21,183,"Kentucky","Ohio County",5,5,292,166,126
050,21,183,"Kentucky","Ohio County",5,6,301,164,137
050,21,183,"Kentucky","Ohio County",5,7,328,180,148
050,21,183,"Kentucky","Ohio County",5,8,296,150,146
050,21,183,"Kentucky","Ohio County",5,9,285,145,140
050,21,183,"Kentucky","Ohio County",5,10,318,153,165
050,21,183,"Kentucky","Ohio County",5,11,326,168,158
050,21,183,"Kentucky","Ohio County",5,12,331,169,162
050,21,183,"Kentucky","Ohio County",5,13,330,160,170
050,21,183,"Kentucky","Ohio County",5,14,321,153,168
050,21,183,"Kentucky","Ohio County",5,15,362,185,177
050,21,183,"Kentucky","Ohio County",5,16,363,189,174
050,21,183,"Kentucky","Ohio County",5,17,400,208,192
050,21,183,"Kentucky","Ohio County",5,18,327,171,156
050,21,183,"Kentucky","Ohio County",5,19,232,127,105
050,21,183,"Kentucky","Ohio County",5,20,239,129,110
050,21,183,"Kentucky","Ohio County",5,21,235,133,102
050,21,183,"Kentucky","Ohio County",5,22,256,134,122
050,21,183,"Kentucky","Ohio County",5,23,281,153,128
050,21,183,"Kentucky","Ohio County",5,24,277,147,130
050,21,183,"Kentucky","Ohio County",5,25,258,131,127
050,21,183,"Kentucky","Ohio County",5,26,252,126,126
050,21,183,"Kentucky","Ohio County",5,27,247,125,122
050,21,183,"Kentucky","Ohio County",5,28,270,152,118
050,21,183,"Kentucky","Ohio County",5,29,285,147,138
050,21,183,"Kentucky","Ohio County",5,30,264,139,125
050,21,183,"Kentucky","Ohio County",5,31,319,167,152
050,21,183,"Kentucky","Ohio County",5,32,290,158,132
050,21,183,"Kentucky","Ohio County",5,33,298,148,150
050,21,183,"Kentucky","Ohio County",5,34,272,134,138
050,21,183,"Kentucky","Ohio County",5,35,277,139,138
050,21,183,"Kentucky","Ohio County",5,36,269,132,137
050,21,183,"Kentucky","Ohio County",5,37,276,121,155
050,21,183,"Kentucky","Ohio County",5,38,297,142,155
050,21,183,"Kentucky","Ohio County",5,39,271,139,132
050,21,183,"Kentucky","Ohio County",5,40,285,145,140
050,21,183,"Kentucky","Ohio County",5,41,301,154,147
050,21,183,"Kentucky","Ohio County",5,42,298,135,163
050,21,183,"Kentucky","Ohio County",5,43,298,156,142
050,21,183,"Kentucky","Ohio County",5,44,332,180,152
050,21,183,"Kentucky","Ohio County",5,45,319,167,152
050,21,183,"Kentucky","Ohio County",5,46,312,162,150
050,21,183,"Kentucky","Ohio County",5,47,309,140,169
050,21,183,"Kentucky","Ohio County",5,48,266,135,131
050,21,183,"Kentucky","Ohio County",5,49,255,129,126
050,21,183,"Kentucky","Ohio County",5,50,304,146,158
050,21,183,"Kentucky","Ohio County",5,51,330,165,165
050,21,183,"Kentucky","Ohio County",5,52,325,175,150
050,21,183,"Kentucky","Ohio County",5,53,305,162,143
050,21,183,"Kentucky","Ohio County",5,54,286,138,148
050,21,183,"Kentucky","Ohio County",5,55,265,127,138
050,21,183,"Kentucky","Ohio County",5,56,294,152,142
050,21,183,"Kentucky","Ohio County",5,57,310,162,148
050,21,183,"Kentucky","Ohio County",5,58,327,161,166
050,21,183,"Kentucky","Ohio County",5,59,305,147,158
050,21,183,"Kentucky","Ohio County",5,60,343,172,171
050,21,183,"Kentucky","Ohio County",5,61,333,170,163
050,21,183,"Kentucky","Ohio County",5,62,312,152,160
050,21,183,"Kentucky","Ohio County",5,63,308,151,157
050,21,183,"Kentucky","Ohio County",5,64,319,157,162
050,21,183,"Kentucky","Ohio County",5,65,296,141,155
050,21,183,"Kentucky","Ohio County",5,66,289,141,148
050,21,183,"Kentucky","Ohio County",5,67,272,124,148
050,21,183,"Kentucky","Ohio County",5,68,297,147,150
050,21,183,"Kentucky","Ohio County",5,69,281,144,137
050,21,183,"Kentucky","Ohio County",5,70,260,135,125
050,21,183,"Kentucky","Ohio County",5,71,235,127,108
050,21,183,"Kentucky","Ohio County",5,72,244,111,133
050,21,183,"Kentucky","Ohio County",5,73,239,109,130
050,21,183,"Kentucky","Ohio County",5,74,216,91,125
050,21,183,"Kentucky","Ohio County",5,75,202,98,104
050,21,183,"Kentucky","Ohio County",5,76,206,97,109
050,21,183,"Kentucky","Ohio County",5,77,150,66,84
050,21,183,"Kentucky","Ohio County",5,78,137,63,74
050,21,183,"Kentucky","Ohio County",5,79,134,57,77
050,21,183,"Kentucky","Ohio County",5,80,134,64,70
050,21,183,"Kentucky","Ohio County",5,81,100,47,53
050,21,183,"Kentucky","Ohio County",5,82,96,56,40
050,21,183,"Kentucky","Ohio County",5,83,92,50,42
050,21,183,"Kentucky","Ohio County",5,84,93,44,49
050,21,183,"Kentucky","Ohio County",5,85,456,171,285
050,21,185,"Kentucky","Oldham County",1,0,574,300,274
050,21,185,"Kentucky","Oldham County",1,1,646,358,288
050,21,185,"Kentucky","Oldham County",1,2,711,358,353
050,21,185,"Kentucky","Oldham County",1,3,750,358,392
050,21,185,"Kentucky","Oldham County",1,4,771,395,376
050,21,185,"Kentucky","Oldham County",1,5,880,448,432
050,21,185,"Kentucky","Oldham County",1,6,917,457,460
050,21,185,"Kentucky","Oldham County",1,7,970,511,459
050,21,185,"Kentucky","Oldham County",1,8,1012,524,488
050,21,185,"Kentucky","Oldham County",1,9,1000,482,518
050,21,185,"Kentucky","Oldham County",1,10,1001,501,500
050,21,185,"Kentucky","Oldham County",1,11,1108,568,540
050,21,185,"Kentucky","Oldham County",1,12,1155,606,549
050,21,185,"Kentucky","Oldham County",1,13,1152,583,569
050,21,185,"Kentucky","Oldham County",1,14,1163,573,590
050,21,185,"Kentucky","Oldham County",1,15,1210,589,621
050,21,185,"Kentucky","Oldham County",1,16,1196,596,600
050,21,185,"Kentucky","Oldham County",1,17,1195,620,575
050,21,185,"Kentucky","Oldham County",1,18,974,532,442
050,21,185,"Kentucky","Oldham County",1,19,776,429,347
050,21,185,"Kentucky","Oldham County",1,20,795,443,352
050,21,185,"Kentucky","Oldham County",1,21,792,433,359
050,21,185,"Kentucky","Oldham County",1,22,785,435,350
050,21,185,"Kentucky","Oldham County",1,23,763,419,344
050,21,185,"Kentucky","Oldham County",1,24,669,375,294
050,21,185,"Kentucky","Oldham County",1,25,599,367,232
050,21,185,"Kentucky","Oldham County",1,26,605,358,247
050,21,185,"Kentucky","Oldham County",1,27,630,363,267
050,21,185,"Kentucky","Oldham County",1,28,614,369,245
050,21,185,"Kentucky","Oldham County",1,29,615,351,264
050,21,185,"Kentucky","Oldham County",1,30,659,373,286
050,21,185,"Kentucky","Oldham County",1,31,627,350,277
050,21,185,"Kentucky","Oldham County",1,32,669,352,317
050,21,185,"Kentucky","Oldham County",1,33,737,396,341
050,21,185,"Kentucky","Oldham County",1,34,815,454,361
050,21,185,"Kentucky","Oldham County",1,35,818,455,363
050,21,185,"Kentucky","Oldham County",1,36,873,470,403
050,21,185,"Kentucky","Oldham County",1,37,970,501,469
050,21,185,"Kentucky","Oldham County",1,38,994,545,449
050,21,185,"Kentucky","Oldham County",1,39,1023,547,476
050,21,185,"Kentucky","Oldham County",1,40,1034,544,490
050,21,185,"Kentucky","Oldham County",1,41,1127,624,503
050,21,185,"Kentucky","Oldham County",1,42,1087,599,488
050,21,185,"Kentucky","Oldham County",1,43,993,527,466
050,21,185,"Kentucky","Oldham County",1,44,982,502,480
050,21,185,"Kentucky","Oldham County",1,45,969,524,445
050,21,185,"Kentucky","Oldham County",1,46,992,551,441
050,21,185,"Kentucky","Oldham County",1,47,1029,552,477
050,21,185,"Kentucky","Oldham County",1,48,1100,586,514
050,21,185,"Kentucky","Oldham County",1,49,1189,627,562
050,21,185,"Kentucky","Oldham County",1,50,1056,556,500
050,21,185,"Kentucky","Oldham County",1,51,1064,590,474
050,21,185,"Kentucky","Oldham County",1,52,967,510,457
050,21,185,"Kentucky","Oldham County",1,53,961,517,444
050,21,185,"Kentucky","Oldham County",1,54,1009,567,442
050,21,185,"Kentucky","Oldham County",1,55,951,497,454
050,21,185,"Kentucky","Oldham County",1,56,978,514,464
050,21,185,"Kentucky","Oldham County",1,57,948,490,458
050,21,185,"Kentucky","Oldham County",1,58,911,459,452
050,21,185,"Kentucky","Oldham County",1,59,887,449,438
050,21,185,"Kentucky","Oldham County",1,60,856,446,410
050,21,185,"Kentucky","Oldham County",1,61,823,417,406
050,21,185,"Kentucky","Oldham County",1,62,742,386,356
050,21,185,"Kentucky","Oldham County",1,63,760,388,372
050,21,185,"Kentucky","Oldham County",1,64,737,360,377
050,21,185,"Kentucky","Oldham County",1,65,706,341,365
050,21,185,"Kentucky","Oldham County",1,66,651,312,339
050,21,185,"Kentucky","Oldham County",1,67,680,346,334
050,21,185,"Kentucky","Oldham County",1,68,639,327,312
050,21,185,"Kentucky","Oldham County",1,69,573,272,301
050,21,185,"Kentucky","Oldham County",1,70,587,287,300
050,21,185,"Kentucky","Oldham County",1,71,579,288,291
050,21,185,"Kentucky","Oldham County",1,72,606,315,291
050,21,185,"Kentucky","Oldham County",1,73,591,288,303
050,21,185,"Kentucky","Oldham County",1,74,391,192,199
050,21,185,"Kentucky","Oldham County",1,75,379,174,205
050,21,185,"Kentucky","Oldham County",1,76,384,175,209
050,21,185,"Kentucky","Oldham County",1,77,357,182,175
050,21,185,"Kentucky","Oldham County",1,78,303,147,156
050,21,185,"Kentucky","Oldham County",1,79,242,115,127
050,21,185,"Kentucky","Oldham County",1,80,204,86,118
050,21,185,"Kentucky","Oldham County",1,81,183,87,96
050,21,185,"Kentucky","Oldham County",1,82,178,94,84
050,21,185,"Kentucky","Oldham County",1,83,150,71,79
050,21,185,"Kentucky","Oldham County",1,84,130,56,74
050,21,185,"Kentucky","Oldham County",1,85,729,255,474
050,21,185,"Kentucky","Oldham County",2,0,570,295,275
050,21,185,"Kentucky","Oldham County",2,1,641,351,290
050,21,185,"Kentucky","Oldham County",2,2,710,364,346
050,21,185,"Kentucky","Oldham County",2,3,747,365,382
050,21,185,"Kentucky","Oldham County",2,4,777,393,384
050,21,185,"Kentucky","Oldham County",2,5,868,440,428
050,21,185,"Kentucky","Oldham County",2,6,919,462,457
050,21,185,"Kentucky","Oldham County",2,7,964,502,462
050,21,185,"Kentucky","Oldham County",2,8,1002,521,481
050,21,185,"Kentucky","Oldham County",2,9,1005,492,513
050,21,185,"Kentucky","Oldham County",2,10,1006,500,506
050,21,185,"Kentucky","Oldham County",2,11,1085,555,530
050,21,185,"Kentucky","Oldham County",2,12,1152,601,551
050,21,185,"Kentucky","Oldham County",2,13,1154,588,566
050,21,185,"Kentucky","Oldham County",2,14,1164,577,587
050,21,185,"Kentucky","Oldham County",2,15,1194,583,611
050,21,185,"Kentucky","Oldham County",2,16,1200,596,604
050,21,185,"Kentucky","Oldham County",2,17,1197,618,579
050,21,185,"Kentucky","Oldham County",2,18,970,529,441
050,21,185,"Kentucky","Oldham County",2,19,776,430,346
050,21,185,"Kentucky","Oldham County",2,20,805,448,357
050,21,185,"Kentucky","Oldham County",2,21,797,441,356
050,21,185,"Kentucky","Oldham County",2,22,785,431,354
050,21,185,"Kentucky","Oldham County",2,23,767,424,343
050,21,185,"Kentucky","Oldham County",2,24,685,386,299
050,21,185,"Kentucky","Oldham County",2,25,609,367,242
050,21,185,"Kentucky","Oldham County",2,26,608,362,246
050,21,185,"Kentucky","Oldham County",2,27,623,362,261
050,21,185,"Kentucky","Oldham County",2,28,616,365,251
050,21,185,"Kentucky","Oldham County",2,29,623,358,265
050,21,185,"Kentucky","Oldham County",2,30,663,374,289
050,21,185,"Kentucky","Oldham County",2,31,637,351,286
050,21,185,"Kentucky","Oldham County",2,32,667,354,313
050,21,185,"Kentucky","Oldham County",2,33,736,395,341
050,21,185,"Kentucky","Oldham County",2,34,809,448,361
050,21,185,"Kentucky","Oldham County",2,35,828,455,373
050,21,185,"Kentucky","Oldham County",2,36,861,464,397
050,21,185,"Kentucky","Oldham County",2,37,965,506,459
050,21,185,"Kentucky","Oldham County",2,38,992,533,459
050,21,185,"Kentucky","Oldham County",2,39,1026,553,473
050,21,185,"Kentucky","Oldham County",2,40,1039,548,491
050,21,185,"Kentucky","Oldham County",2,41,1111,608,503
050,21,185,"Kentucky","Oldham County",2,42,1093,601,492
050,21,185,"Kentucky","Oldham County",2,43,1021,543,478
050,21,185,"Kentucky","Oldham County",2,44,978,506,472
050,21,185,"Kentucky","Oldham County",2,45,974,521,453
050,21,185,"Kentucky","Oldham County",2,46,981,546,435
050,21,185,"Kentucky","Oldham County",2,47,1010,546,464
050,21,185,"Kentucky","Oldham County",2,48,1080,577,503
050,21,185,"Kentucky","Oldham County",2,49,1178,628,550
050,21,185,"Kentucky","Oldham County",2,50,1073,560,513
050,21,185,"Kentucky","Oldham County",2,51,1065,590,475
050,21,185,"Kentucky","Oldham County",2,52,977,517,460
050,21,185,"Kentucky","Oldham County",2,53,966,519,447
050,21,185,"Kentucky","Oldham County",2,54,993,554,439
050,21,185,"Kentucky","Oldham County",2,55,953,501,452
050,21,185,"Kentucky","Oldham County",2,56,976,511,465
050,21,185,"Kentucky","Oldham County",2,57,950,493,457
050,21,185,"Kentucky","Oldham County",2,58,914,464,450
050,21,185,"Kentucky","Oldham County",2,59,895,451,444
050,21,185,"Kentucky","Oldham County",2,60,856,441,415
050,21,185,"Kentucky","Oldham County",2,61,826,422,404
050,21,185,"Kentucky","Oldham County",2,62,753,387,366
050,21,185,"Kentucky","Oldham County",2,63,764,395,369
050,21,185,"Kentucky","Oldham County",2,64,730,360,370
050,21,185,"Kentucky","Oldham County",2,65,712,347,365
050,21,185,"Kentucky","Oldham County",2,66,661,316,345
050,21,185,"Kentucky","Oldham County",2,67,674,339,335
050,21,185,"Kentucky","Oldham County",2,68,640,325,315
050,21,185,"Kentucky","Oldham County",2,69,589,282,307
050,21,185,"Kentucky","Oldham County",2,70,584,284,300
050,21,185,"Kentucky","Oldham County",2,71,580,286,294
050,21,185,"Kentucky","Oldham County",2,72,588,303,285
050,21,185,"Kentucky","Oldham County",2,73,619,306,313
050,21,185,"Kentucky","Oldham County",2,74,413,203,210
050,21,185,"Kentucky","Oldham County",2,75,381,175,206
050,21,185,"Kentucky","Oldham County",2,76,376,172,204
050,21,185,"Kentucky","Oldham County",2,77,371,183,188
050,21,185,"Kentucky","Oldham County",2,78,308,153,155
050,21,185,"Kentucky","Oldham County",2,79,248,116,132
050,21,185,"Kentucky","Oldham County",2,80,213,91,122
050,21,185,"Kentucky","Oldham County",2,81,181,83,98
050,21,185,"Kentucky","Oldham County",2,82,182,94,88
050,21,185,"Kentucky","Oldham County",2,83,150,71,79
050,21,185,"Kentucky","Oldham County",2,84,133,57,76
050,21,185,"Kentucky","Oldham County",2,85,731,261,470
050,21,185,"Kentucky","Oldham County",3,0,519,257,262
050,21,185,"Kentucky","Oldham County",3,1,664,345,319
050,21,185,"Kentucky","Oldham County",3,2,705,378,327
050,21,185,"Kentucky","Oldham County",3,3,785,396,389
050,21,185,"Kentucky","Oldham County",3,4,798,394,404
050,21,185,"Kentucky","Oldham County",3,5,848,436,412
050,21,185,"Kentucky","Oldham County",3,6,954,491,463
050,21,185,"Kentucky","Oldham County",3,7,953,477,476
050,21,185,"Kentucky","Oldham County",3,8,1004,519,485
050,21,185,"Kentucky","Oldham County",3,9,1020,531,489
050,21,185,"Kentucky","Oldham County",3,10,1053,525,528
050,21,185,"Kentucky","Oldham County",3,11,1043,517,526
050,21,185,"Kentucky","Oldham County",3,12,1085,561,524
050,21,185,"Kentucky","Oldham County",3,13,1182,614,568
050,21,185,"Kentucky","Oldham County",3,14,1161,586,575
050,21,185,"Kentucky","Oldham County",3,15,1157,575,582
050,21,185,"Kentucky","Oldham County",3,16,1162,559,603
050,21,185,"Kentucky","Oldham County",3,17,1200,593,607
050,21,185,"Kentucky","Oldham County",3,18,1008,531,477
050,21,185,"Kentucky","Oldham County",3,19,756,417,339
050,21,185,"Kentucky","Oldham County",3,20,828,447,381
050,21,185,"Kentucky","Oldham County",3,21,829,467,362
050,21,185,"Kentucky","Oldham County",3,22,809,440,369
050,21,185,"Kentucky","Oldham County",3,23,773,443,330
050,21,185,"Kentucky","Oldham County",3,24,693,381,312
050,21,185,"Kentucky","Oldham County",3,25,597,344,253
050,21,185,"Kentucky","Oldham County",3,26,592,339,253
050,21,185,"Kentucky","Oldham County",3,27,619,355,264
050,21,185,"Kentucky","Oldham County",3,28,647,368,279
050,21,185,"Kentucky","Oldham County",3,29,638,365,273
050,21,185,"Kentucky","Oldham County",3,30,651,371,280
050,21,185,"Kentucky","Oldham County",3,31,645,334,311
050,21,185,"Kentucky","Oldham County",3,32,668,349,319
050,21,185,"Kentucky","Oldham County",3,33,718,385,333
050,21,185,"Kentucky","Oldham County",3,34,812,428,384
050,21,185,"Kentucky","Oldham County",3,35,832,442,390
050,21,185,"Kentucky","Oldham County",3,36,905,491,414
050,21,185,"Kentucky","Oldham County",3,37,905,490,415
050,21,185,"Kentucky","Oldham County",3,38,1000,519,481
050,21,185,"Kentucky","Oldham County",3,39,1021,544,477
050,21,185,"Kentucky","Oldham County",3,40,1026,545,481
050,21,185,"Kentucky","Oldham County",3,41,1093,583,510
050,21,185,"Kentucky","Oldham County",3,42,1121,597,524
050,21,185,"Kentucky","Oldham County",3,43,1092,584,508
050,21,185,"Kentucky","Oldham County",3,44,1046,552,494
050,21,185,"Kentucky","Oldham County",3,45,957,486,471
050,21,185,"Kentucky","Oldham County",3,46,987,536,451
050,21,185,"Kentucky","Oldham County",3,47,962,519,443
050,21,185,"Kentucky","Oldham County",3,48,1013,545,468
050,21,185,"Kentucky","Oldham County",3,49,1088,600,488
050,21,185,"Kentucky","Oldham County",3,50,1138,589,549
050,21,185,"Kentucky","Oldham County",3,51,1118,605,513
050,21,185,"Kentucky","Oldham County",3,52,1007,534,473
050,21,185,"Kentucky","Oldham County",3,53,968,514,454
050,21,185,"Kentucky","Oldham County",3,54,949,513,436
050,21,185,"Kentucky","Oldham County",3,55,920,500,420
050,21,185,"Kentucky","Oldham County",3,56,942,491,451
050,21,185,"Kentucky","Oldham County",3,57,964,494,470
050,21,185,"Kentucky","Oldham County",3,58,934,482,452
050,21,185,"Kentucky","Oldham County",3,59,880,439,441
050,21,185,"Kentucky","Oldham County",3,60,883,434,449
050,21,185,"Kentucky","Oldham County",3,61,844,443,401
050,21,185,"Kentucky","Oldham County",3,62,823,415,408
050,21,185,"Kentucky","Oldham County",3,63,749,394,355
050,21,185,"Kentucky","Oldham County",3,64,727,361,366
050,21,185,"Kentucky","Oldham County",3,65,719,357,362
050,21,185,"Kentucky","Oldham County",3,66,685,332,353
050,21,185,"Kentucky","Oldham County",3,67,665,317,348
050,21,185,"Kentucky","Oldham County",3,68,659,327,332
050,21,185,"Kentucky","Oldham County",3,69,634,314,320
050,21,185,"Kentucky","Oldham County",3,70,584,283,301
050,21,185,"Kentucky","Oldham County",3,71,557,266,291
050,21,185,"Kentucky","Oldham County",3,72,582,279,303
050,21,185,"Kentucky","Oldham County",3,73,575,291,284
050,21,185,"Kentucky","Oldham County",3,74,603,299,304
050,21,185,"Kentucky","Oldham County",3,75,402,189,213
050,21,185,"Kentucky","Oldham County",3,76,372,171,201
050,21,185,"Kentucky","Oldham County",3,77,354,161,193
050,21,185,"Kentucky","Oldham County",3,78,371,188,183
050,21,185,"Kentucky","Oldham County",3,79,287,135,152
050,21,185,"Kentucky","Oldham County",3,80,249,111,138
050,21,185,"Kentucky","Oldham County",3,81,198,86,112
050,21,185,"Kentucky","Oldham County",3,82,183,83,100
050,21,185,"Kentucky","Oldham County",3,83,158,79,79
050,21,185,"Kentucky","Oldham County",3,84,143,66,77
050,21,185,"Kentucky","Oldham County",3,85,788,290,498
050,21,185,"Kentucky","Oldham County",4,0,535,275,260
050,21,185,"Kentucky","Oldham County",4,1,598,324,274
050,21,185,"Kentucky","Oldham County",4,2,731,375,356
050,21,185,"Kentucky","Oldham County",4,3,775,409,366
050,21,185,"Kentucky","Oldham County",4,4,823,412,411
050,21,185,"Kentucky","Oldham County",4,5,857,430,427
050,21,185,"Kentucky","Oldham County",4,6,889,466,423
050,21,185,"Kentucky","Oldham County",4,7,993,518,475
050,21,185,"Kentucky","Oldham County",4,8,971,482,489
050,21,185,"Kentucky","Oldham County",4,9,1038,530,508
050,21,185,"Kentucky","Oldham County",4,10,1059,555,504
050,21,185,"Kentucky","Oldham County",4,11,1083,538,545
050,21,185,"Kentucky","Oldham County",4,12,1060,523,537
050,21,185,"Kentucky","Oldham County",4,13,1069,563,506
050,21,185,"Kentucky","Oldham County",4,14,1169,603,566
050,21,185,"Kentucky","Oldham County",4,15,1184,586,598
050,21,185,"Kentucky","Oldham County",4,16,1146,581,565
050,21,185,"Kentucky","Oldham County",4,17,1156,559,597
050,21,185,"Kentucky","Oldham County",4,18,987,507,480
050,21,185,"Kentucky","Oldham County",4,19,749,407,342
050,21,185,"Kentucky","Oldham County",4,20,814,452,362
050,21,185,"Kentucky","Oldham County",4,21,868,478,390
050,21,185,"Kentucky","Oldham County",4,22,862,493,369
050,21,185,"Kentucky","Oldham County",4,23,782,458,324
050,21,185,"Kentucky","Oldham County",4,24,723,427,296
050,21,185,"Kentucky","Oldham County",4,25,647,369,278
050,21,185,"Kentucky","Oldham County",4,26,609,365,244
050,21,185,"Kentucky","Oldham County",4,27,634,373,261
050,21,185,"Kentucky","Oldham County",4,28,637,376,261
050,21,185,"Kentucky","Oldham County",4,29,698,409,289
050,21,185,"Kentucky","Oldham County",4,30,711,421,290
050,21,185,"Kentucky","Oldham County",4,31,694,389,305
050,21,185,"Kentucky","Oldham County",4,32,707,358,349
050,21,185,"Kentucky","Oldham County",4,33,789,433,356
050,21,185,"Kentucky","Oldham County",4,34,796,448,348
050,21,185,"Kentucky","Oldham County",4,35,871,464,407
050,21,185,"Kentucky","Oldham County",4,36,888,481,407
050,21,185,"Kentucky","Oldham County",4,37,994,556,438
050,21,185,"Kentucky","Oldham County",4,38,945,524,421
050,21,185,"Kentucky","Oldham County",4,39,1028,548,480
050,21,185,"Kentucky","Oldham County",4,40,1044,555,489
050,21,185,"Kentucky","Oldham County",4,41,1092,610,482
050,21,185,"Kentucky","Oldham County",4,42,1132,603,529
050,21,185,"Kentucky","Oldham County",4,43,1134,599,535
050,21,185,"Kentucky","Oldham County",4,44,1117,610,507
050,21,185,"Kentucky","Oldham County",4,45,1065,572,493
050,21,185,"Kentucky","Oldham County",4,46,996,530,466
050,21,185,"Kentucky","Oldham County",4,47,986,533,453
050,21,185,"Kentucky","Oldham County",4,48,996,553,443
050,21,185,"Kentucky","Oldham County",4,49,1050,588,462
050,21,185,"Kentucky","Oldham County",4,50,1067,572,495
050,21,185,"Kentucky","Oldham County",4,51,1180,651,529
050,21,185,"Kentucky","Oldham County",4,52,1104,594,510
050,21,185,"Kentucky","Oldham County",4,53,1014,550,464
050,21,185,"Kentucky","Oldham County",4,54,982,536,446
050,21,185,"Kentucky","Oldham County",4,55,919,487,432
050,21,185,"Kentucky","Oldham County",4,56,912,498,414
050,21,185,"Kentucky","Oldham County",4,57,925,483,442
050,21,185,"Kentucky","Oldham County",4,58,962,497,465
050,21,185,"Kentucky","Oldham County",4,59,914,460,454
050,21,185,"Kentucky","Oldham County",4,60,874,434,440
050,21,185,"Kentucky","Oldham County",4,61,899,453,446
050,21,185,"Kentucky","Oldham County",4,62,820,428,392
050,21,185,"Kentucky","Oldham County",4,63,808,415,393
050,21,185,"Kentucky","Oldham County",4,64,716,369,347
050,21,185,"Kentucky","Oldham County",4,65,730,366,364
050,21,185,"Kentucky","Oldham County",4,66,695,341,354
050,21,185,"Kentucky","Oldham County",4,67,697,348,349
050,21,185,"Kentucky","Oldham County",4,68,647,313,334
050,21,185,"Kentucky","Oldham County",4,69,642,313,329
050,21,185,"Kentucky","Oldham County",4,70,630,319,311
050,21,185,"Kentucky","Oldham County",4,71,573,266,307
050,21,185,"Kentucky","Oldham County",4,72,545,262,283
050,21,185,"Kentucky","Oldham County",4,73,560,271,289
050,21,185,"Kentucky","Oldham County",4,74,564,293,271
050,21,185,"Kentucky","Oldham County",4,75,585,285,300
050,21,185,"Kentucky","Oldham County",4,76,393,190,203
050,21,185,"Kentucky","Oldham County",4,77,359,161,198
050,21,185,"Kentucky","Oldham County",4,78,353,160,193
050,21,185,"Kentucky","Oldham County",4,79,348,172,176
050,21,185,"Kentucky","Oldham County",4,80,283,129,154
050,21,185,"Kentucky","Oldham County",4,81,239,108,131
050,21,185,"Kentucky","Oldham County",4,82,193,84,109
050,21,185,"Kentucky","Oldham County",4,83,149,68,81
050,21,185,"Kentucky","Oldham County",4,84,149,76,73
050,21,185,"Kentucky","Oldham County",4,85,833,324,509
050,21,185,"Kentucky","Oldham County",5,0,546,279,267
050,21,185,"Kentucky","Oldham County",5,1,589,286,303
050,21,185,"Kentucky","Oldham County",5,2,628,330,298
050,21,185,"Kentucky","Oldham County",5,3,805,410,395
050,21,185,"Kentucky","Oldham County",5,4,792,419,373
050,21,185,"Kentucky","Oldham County",5,5,888,442,446
050,21,185,"Kentucky","Oldham County",5,6,902,439,463
050,21,185,"Kentucky","Oldham County",5,7,924,485,439
050,21,185,"Kentucky","Oldham County",5,8,984,504,480
050,21,185,"Kentucky","Oldham County",5,9,1007,505,502
050,21,185,"Kentucky","Oldham County",5,10,1059,551,508
050,21,185,"Kentucky","Oldham County",5,11,1074,563,511
050,21,185,"Kentucky","Oldham County",5,12,1101,544,557
050,21,185,"Kentucky","Oldham County",5,13,1089,545,544
050,21,185,"Kentucky","Oldham County",5,14,1094,561,533
050,21,185,"Kentucky","Oldham County",5,15,1191,618,573
050,21,185,"Kentucky","Oldham County",5,16,1171,587,584
050,21,185,"Kentucky","Oldham County",5,17,1142,592,550
050,21,185,"Kentucky","Oldham County",5,18,961,489,472
050,21,185,"Kentucky","Oldham County",5,19,775,405,370
050,21,185,"Kentucky","Oldham County",5,20,835,451,384
050,21,185,"Kentucky","Oldham County",5,21,862,498,364
050,21,185,"Kentucky","Oldham County",5,22,893,471,422
050,21,185,"Kentucky","Oldham County",5,23,840,499,341
050,21,185,"Kentucky","Oldham County",5,24,741,435,306
050,21,185,"Kentucky","Oldham County",5,25,670,401,269
050,21,185,"Kentucky","Oldham County",5,26,660,378,282
050,21,185,"Kentucky","Oldham County",5,27,630,386,244
050,21,185,"Kentucky","Oldham County",5,28,636,366,270
050,21,185,"Kentucky","Oldham County",5,29,657,384,273
050,21,185,"Kentucky","Oldham County",5,30,747,430,317
050,21,185,"Kentucky","Oldham County",5,31,704,397,307
050,21,185,"Kentucky","Oldham County",5,32,739,399,340
050,21,185,"Kentucky","Oldham County",5,33,767,391,376
050,21,185,"Kentucky","Oldham County",5,34,836,450,386
050,21,185,"Kentucky","Oldham County",5,35,840,464,376
050,21,185,"Kentucky","Oldham County",5,36,926,494,432
050,21,185,"Kentucky","Oldham County",5,37,952,522,430
050,21,185,"Kentucky","Oldham County",5,38,983,549,434
050,21,185,"Kentucky","Oldham County",5,39,982,530,452
050,21,185,"Kentucky","Oldham County",5,40,1050,533,517
050,21,185,"Kentucky","Oldham County",5,41,1094,602,492
050,21,185,"Kentucky","Oldham County",5,42,1093,603,490
050,21,185,"Kentucky","Oldham County",5,43,1134,598,536
050,21,185,"Kentucky","Oldham County",5,44,1167,617,550
050,21,185,"Kentucky","Oldham County",5,45,1115,621,494
050,21,185,"Kentucky","Oldham County",5,46,1107,597,510
050,21,185,"Kentucky","Oldham County",5,47,964,501,463
050,21,185,"Kentucky","Oldham County",5,48,1013,555,458
050,21,185,"Kentucky","Oldham County",5,49,1023,581,442
050,21,185,"Kentucky","Oldham County",5,50,993,533,460
050,21,185,"Kentucky","Oldham County",5,51,1103,621,482
050,21,185,"Kentucky","Oldham County",5,52,1144,617,527
050,21,185,"Kentucky","Oldham County",5,53,1092,597,495
050,21,185,"Kentucky","Oldham County",5,54,998,550,448
050,21,185,"Kentucky","Oldham County",5,55,935,483,452
050,21,185,"Kentucky","Oldham County",5,56,918,495,423
050,21,185,"Kentucky","Oldham County",5,57,924,502,422
050,21,185,"Kentucky","Oldham County",5,58,927,487,440
050,21,185,"Kentucky","Oldham County",5,59,925,468,457
050,21,185,"Kentucky","Oldham County",5,60,884,441,443
050,21,185,"Kentucky","Oldham County",5,61,884,448,436
050,21,185,"Kentucky","Oldham County",5,62,861,419,442
050,21,185,"Kentucky","Oldham County",5,63,811,431,380
050,21,185,"Kentucky","Oldham County",5,64,798,411,387
050,21,185,"Kentucky","Oldham County",5,65,728,373,355
050,21,185,"Kentucky","Oldham County",5,66,705,348,357
050,21,185,"Kentucky","Oldham County",5,67,706,353,353
050,21,185,"Kentucky","Oldham County",5,68,685,335,350
050,21,185,"Kentucky","Oldham County",5,69,615,286,329
050,21,185,"Kentucky","Oldham County",5,70,643,324,319
050,21,185,"Kentucky","Oldham County",5,71,616,301,315
050,21,185,"Kentucky","Oldham County",5,72,567,262,305
050,21,185,"Kentucky","Oldham County",5,73,524,246,278
050,21,185,"Kentucky","Oldham County",5,74,542,264,278
050,21,185,"Kentucky","Oldham County",5,75,546,278,268
050,21,185,"Kentucky","Oldham County",5,76,587,285,302
050,21,185,"Kentucky","Oldham County",5,77,385,182,203
050,21,185,"Kentucky","Oldham County",5,78,361,169,192
050,21,185,"Kentucky","Oldham County",5,79,339,148,191
050,21,185,"Kentucky","Oldham County",5,80,341,166,175
050,21,185,"Kentucky","Oldham County",5,81,273,123,150
050,21,185,"Kentucky","Oldham County",5,82,239,106,133
050,21,185,"Kentucky","Oldham County",5,83,165,71,94
050,21,185,"Kentucky","Oldham County",5,84,140,62,78
050,21,185,"Kentucky","Oldham County",5,85,897,369,528
050,21,187,"Kentucky","Owen County",1,0,106,55,51
050,21,187,"Kentucky","Owen County",1,1,109,52,57
050,21,187,"Kentucky","Owen County",1,2,125,67,58
050,21,187,"Kentucky","Owen County",1,3,125,62,63
050,21,187,"Kentucky","Owen County",1,4,122,67,55
050,21,187,"Kentucky","Owen County",1,5,119,66,53
050,21,187,"Kentucky","Owen County",1,6,124,63,61
050,21,187,"Kentucky","Owen County",1,7,120,61,59
050,21,187,"Kentucky","Owen County",1,8,131,65,66
050,21,187,"Kentucky","Owen County",1,9,125,64,61
050,21,187,"Kentucky","Owen County",1,10,148,83,65
050,21,187,"Kentucky","Owen County",1,11,168,82,86
050,21,187,"Kentucky","Owen County",1,12,166,78,88
050,21,187,"Kentucky","Owen County",1,13,152,74,78
050,21,187,"Kentucky","Owen County",1,14,166,80,86
050,21,187,"Kentucky","Owen County",1,15,170,80,90
050,21,187,"Kentucky","Owen County",1,16,168,83,85
050,21,187,"Kentucky","Owen County",1,17,141,65,76
050,21,187,"Kentucky","Owen County",1,18,133,67,66
050,21,187,"Kentucky","Owen County",1,19,108,56,52
050,21,187,"Kentucky","Owen County",1,20,110,57,53
050,21,187,"Kentucky","Owen County",1,21,114,62,52
050,21,187,"Kentucky","Owen County",1,22,114,62,52
050,21,187,"Kentucky","Owen County",1,23,118,57,61
050,21,187,"Kentucky","Owen County",1,24,119,58,61
050,21,187,"Kentucky","Owen County",1,25,131,63,68
050,21,187,"Kentucky","Owen County",1,26,110,58,52
050,21,187,"Kentucky","Owen County",1,27,117,58,59
050,21,187,"Kentucky","Owen County",1,28,116,54,62
050,21,187,"Kentucky","Owen County",1,29,142,77,65
050,21,187,"Kentucky","Owen County",1,30,142,69,73
050,21,187,"Kentucky","Owen County",1,31,140,64,76
050,21,187,"Kentucky","Owen County",1,32,114,57,57
050,21,187,"Kentucky","Owen County",1,33,121,67,54
050,21,187,"Kentucky","Owen County",1,34,115,58,57
050,21,187,"Kentucky","Owen County",1,35,103,47,56
050,21,187,"Kentucky","Owen County",1,36,127,65,62
050,21,187,"Kentucky","Owen County",1,37,134,68,66
050,21,187,"Kentucky","Owen County",1,38,135,64,71
050,21,187,"Kentucky","Owen County",1,39,135,77,58
050,21,187,"Kentucky","Owen County",1,40,154,84,70
050,21,187,"Kentucky","Owen County",1,41,145,71,74
050,21,187,"Kentucky","Owen County",1,42,131,55,76
050,21,187,"Kentucky","Owen County",1,43,133,70,63
050,21,187,"Kentucky","Owen County",1,44,139,65,74
050,21,187,"Kentucky","Owen County",1,45,131,62,69
050,21,187,"Kentucky","Owen County",1,46,143,65,78
050,21,187,"Kentucky","Owen County",1,47,134,72,62
050,21,187,"Kentucky","Owen County",1,48,162,84,78
050,21,187,"Kentucky","Owen County",1,49,187,95,92
050,21,187,"Kentucky","Owen County",1,50,160,78,82
050,21,187,"Kentucky","Owen County",1,51,170,90,80
050,21,187,"Kentucky","Owen County",1,52,145,79,66
050,21,187,"Kentucky","Owen County",1,53,137,73,64
050,21,187,"Kentucky","Owen County",1,54,153,80,73
050,21,187,"Kentucky","Owen County",1,55,159,80,79
050,21,187,"Kentucky","Owen County",1,56,169,82,87
050,21,187,"Kentucky","Owen County",1,57,160,83,77
050,21,187,"Kentucky","Owen County",1,58,173,86,87
050,21,187,"Kentucky","Owen County",1,59,178,86,92
050,21,187,"Kentucky","Owen County",1,60,161,92,69
050,21,187,"Kentucky","Owen County",1,61,166,85,81
050,21,187,"Kentucky","Owen County",1,62,165,81,84
050,21,187,"Kentucky","Owen County",1,63,175,87,88
050,21,187,"Kentucky","Owen County",1,64,158,73,85
050,21,187,"Kentucky","Owen County",1,65,166,80,86
050,21,187,"Kentucky","Owen County",1,66,171,84,87
050,21,187,"Kentucky","Owen County",1,67,154,84,70
050,21,187,"Kentucky","Owen County",1,68,148,81,67
050,21,187,"Kentucky","Owen County",1,69,142,77,65
050,21,187,"Kentucky","Owen County",1,70,127,64,63
050,21,187,"Kentucky","Owen County",1,71,116,54,62
050,21,187,"Kentucky","Owen County",1,72,116,55,61
050,21,187,"Kentucky","Owen County",1,73,124,61,63
050,21,187,"Kentucky","Owen County",1,74,86,41,45
050,21,187,"Kentucky","Owen County",1,75,84,35,49
050,21,187,"Kentucky","Owen County",1,76,89,44,45
050,21,187,"Kentucky","Owen County",1,77,95,52,43
050,21,187,"Kentucky","Owen County",1,78,71,37,34
050,21,187,"Kentucky","Owen County",1,79,67,32,35
050,21,187,"Kentucky","Owen County",1,80,54,28,26
050,21,187,"Kentucky","Owen County",1,81,55,28,27
050,21,187,"Kentucky","Owen County",1,82,47,23,24
050,21,187,"Kentucky","Owen County",1,83,42,15,27
050,21,187,"Kentucky","Owen County",1,84,36,14,22
050,21,187,"Kentucky","Owen County",1,85,206,60,146
050,21,187,"Kentucky","Owen County",2,0,101,50,51
050,21,187,"Kentucky","Owen County",2,1,111,54,57
050,21,187,"Kentucky","Owen County",2,2,124,64,60
050,21,187,"Kentucky","Owen County",2,3,129,65,64
050,21,187,"Kentucky","Owen County",2,4,126,68,58
050,21,187,"Kentucky","Owen County",2,5,121,68,53
050,21,187,"Kentucky","Owen County",2,6,123,64,59
050,21,187,"Kentucky","Owen County",2,7,121,61,60
050,21,187,"Kentucky","Owen County",2,8,129,64,65
050,21,187,"Kentucky","Owen County",2,9,126,65,61
050,21,187,"Kentucky","Owen County",2,10,144,78,66
050,21,187,"Kentucky","Owen County",2,11,163,83,80
050,21,187,"Kentucky","Owen County",2,12,168,80,88
050,21,187,"Kentucky","Owen County",2,13,157,76,81
050,21,187,"Kentucky","Owen County",2,14,164,80,84
050,21,187,"Kentucky","Owen County",2,15,168,81,87
050,21,187,"Kentucky","Owen County",2,16,168,83,85
050,21,187,"Kentucky","Owen County",2,17,149,69,80
050,21,187,"Kentucky","Owen County",2,18,129,63,66
050,21,187,"Kentucky","Owen County",2,19,109,56,53
050,21,187,"Kentucky","Owen County",2,20,113,59,54
050,21,187,"Kentucky","Owen County",2,21,113,62,51
050,21,187,"Kentucky","Owen County",2,22,115,62,53
050,21,187,"Kentucky","Owen County",2,23,117,59,58
050,21,187,"Kentucky","Owen County",2,24,119,58,61
050,21,187,"Kentucky","Owen County",2,25,126,60,66
050,21,187,"Kentucky","Owen County",2,26,115,59,56
050,21,187,"Kentucky","Owen County",2,27,116,58,58
050,21,187,"Kentucky","Owen County",2,28,118,56,62
050,21,187,"Kentucky","Owen County",2,29,136,71,65
050,21,187,"Kentucky","Owen County",2,30,145,73,72
050,21,187,"Kentucky","Owen County",2,31,142,66,76
050,21,187,"Kentucky","Owen County",2,32,123,60,63
050,21,187,"Kentucky","Owen County",2,33,120,65,55
050,21,187,"Kentucky","Owen County",2,34,117,60,57
050,21,187,"Kentucky","Owen County",2,35,108,51,57
050,21,187,"Kentucky","Owen County",2,36,120,60,60
050,21,187,"Kentucky","Owen County",2,37,134,68,66
050,21,187,"Kentucky","Owen County",2,38,136,65,71
050,21,187,"Kentucky","Owen County",2,39,135,73,62
050,21,187,"Kentucky","Owen County",2,40,150,82,68
050,21,187,"Kentucky","Owen County",2,41,146,73,73
050,21,187,"Kentucky","Owen County",2,42,134,59,75
050,21,187,"Kentucky","Owen County",2,43,136,68,68
050,21,187,"Kentucky","Owen County",2,44,135,65,70
050,21,187,"Kentucky","Owen County",2,45,135,64,71
050,21,187,"Kentucky","Owen County",2,46,140,65,75
050,21,187,"Kentucky","Owen County",2,47,137,71,66
050,21,187,"Kentucky","Owen County",2,48,156,82,74
050,21,187,"Kentucky","Owen County",2,49,183,94,89
050,21,187,"Kentucky","Owen County",2,50,166,81,85
050,21,187,"Kentucky","Owen County",2,51,169,87,82
050,21,187,"Kentucky","Owen County",2,52,152,82,70
050,21,187,"Kentucky","Owen County",2,53,141,75,66
050,21,187,"Kentucky","Owen County",2,54,151,79,72
050,21,187,"Kentucky","Owen County",2,55,160,81,79
050,21,187,"Kentucky","Owen County",2,56,168,83,85
050,21,187,"Kentucky","Owen County",2,57,161,83,78
050,21,187,"Kentucky","Owen County",2,58,170,86,84
050,21,187,"Kentucky","Owen County",2,59,176,85,91
050,21,187,"Kentucky","Owen County",2,60,161,89,72
050,21,187,"Kentucky","Owen County",2,61,163,86,77
050,21,187,"Kentucky","Owen County",2,62,165,81,84
050,21,187,"Kentucky","Owen County",2,63,174,87,87
050,21,187,"Kentucky","Owen County",2,64,159,74,85
050,21,187,"Kentucky","Owen County",2,65,164,78,86
050,21,187,"Kentucky","Owen County",2,66,170,83,87
050,21,187,"Kentucky","Owen County",2,67,157,83,74
050,21,187,"Kentucky","Owen County",2,68,148,81,67
050,21,187,"Kentucky","Owen County",2,69,144,79,65
050,21,187,"Kentucky","Owen County",2,70,130,66,64
050,21,187,"Kentucky","Owen County",2,71,117,56,61
050,21,187,"Kentucky","Owen County",2,72,113,53,60
050,21,187,"Kentucky","Owen County",2,73,128,63,65
050,21,187,"Kentucky","Owen County",2,74,89,43,46
050,21,187,"Kentucky","Owen County",2,75,83,36,47
050,21,187,"Kentucky","Owen County",2,76,86,41,45
050,21,187,"Kentucky","Owen County",2,77,95,50,45
050,21,187,"Kentucky","Owen County",2,78,76,40,36
050,21,187,"Kentucky","Owen County",2,79,67,33,34
050,21,187,"Kentucky","Owen County",2,80,56,29,27
050,21,187,"Kentucky","Owen County",2,81,54,28,26
050,21,187,"Kentucky","Owen County",2,82,49,24,25
050,21,187,"Kentucky","Owen County",2,83,43,17,26
050,21,187,"Kentucky","Owen County",2,84,36,14,22
050,21,187,"Kentucky","Owen County",2,85,210,63,147
050,21,187,"Kentucky","Owen County",3,0,96,48,48
050,21,187,"Kentucky","Owen County",3,1,95,47,48
050,21,187,"Kentucky","Owen County",3,2,121,59,62
050,21,187,"Kentucky","Owen County",3,3,131,61,70
050,21,187,"Kentucky","Owen County",3,4,138,75,63
050,21,187,"Kentucky","Owen County",3,5,124,68,56
050,21,187,"Kentucky","Owen County",3,6,118,66,52
050,21,187,"Kentucky","Owen County",3,7,124,61,63
050,21,187,"Kentucky","Owen County",3,8,119,59,60
050,21,187,"Kentucky","Owen County",3,9,130,65,65
050,21,187,"Kentucky","Owen County",3,10,117,61,56
050,21,187,"Kentucky","Owen County",3,11,155,84,71
050,21,187,"Kentucky","Owen County",3,12,162,82,80
050,21,187,"Kentucky","Owen County",3,13,165,81,84
050,21,187,"Kentucky","Owen County",3,14,159,78,81
050,21,187,"Kentucky","Owen County",3,15,167,84,83
050,21,187,"Kentucky","Owen County",3,16,169,78,91
050,21,187,"Kentucky","Owen County",3,17,168,81,87
050,21,187,"Kentucky","Owen County",3,18,129,62,67
050,21,187,"Kentucky","Owen County",3,19,102,53,49
050,21,187,"Kentucky","Owen County",3,20,113,57,56
050,21,187,"Kentucky","Owen County",3,21,123,63,60
050,21,187,"Kentucky","Owen County",3,22,115,59,56
050,21,187,"Kentucky","Owen County",3,23,118,62,56
050,21,187,"Kentucky","Owen County",3,24,117,60,57
050,21,187,"Kentucky","Owen County",3,25,125,61,64
050,21,187,"Kentucky","Owen County",3,26,125,65,60
050,21,187,"Kentucky","Owen County",3,27,119,64,55
050,21,187,"Kentucky","Owen County",3,28,114,55,59
050,21,187,"Kentucky","Owen County",3,29,117,58,59
050,21,187,"Kentucky","Owen County",3,30,143,72,71
050,21,187,"Kentucky","Owen County",3,31,142,74,68
050,21,187,"Kentucky","Owen County",3,32,136,61,75
050,21,187,"Kentucky","Owen County",3,33,132,63,69
050,21,187,"Kentucky","Owen County",3,34,113,62,51
050,21,187,"Kentucky","Owen County",3,35,123,65,58
050,21,187,"Kentucky","Owen County",3,36,118,56,62
050,21,187,"Kentucky","Owen County",3,37,115,56,59
050,21,187,"Kentucky","Owen County",3,38,140,70,70
050,21,187,"Kentucky","Owen County",3,39,134,62,72
050,21,187,"Kentucky","Owen County",3,40,132,68,64
050,21,187,"Kentucky","Owen County",3,41,153,86,67
050,21,187,"Kentucky","Owen County",3,42,136,68,68
050,21,187,"Kentucky","Owen County",3,43,138,59,79
050,21,187,"Kentucky","Owen County",3,44,129,67,62
050,21,187,"Kentucky","Owen County",3,45,144,68,76
050,21,187,"Kentucky","Owen County",3,46,143,67,76
050,21,187,"Kentucky","Owen County",3,47,142,68,74
050,21,187,"Kentucky","Owen County",3,48,141,73,68
050,21,187,"Kentucky","Owen County",3,49,156,81,75
050,21,187,"Kentucky","Owen County",3,50,191,101,90
050,21,187,"Kentucky","Owen County",3,51,168,81,87
050,21,187,"Kentucky","Owen County",3,52,173,91,82
050,21,187,"Kentucky","Owen County",3,53,152,85,67
050,21,187,"Kentucky","Owen County",3,54,137,71,66
050,21,187,"Kentucky","Owen County",3,55,152,76,76
050,21,187,"Kentucky","Owen County",3,56,166,84,82
050,21,187,"Kentucky","Owen County",3,57,174,86,88
050,21,187,"Kentucky","Owen County",3,58,165,80,85
050,21,187,"Kentucky","Owen County",3,59,169,88,81
050,21,187,"Kentucky","Owen County",3,60,184,87,97
050,21,187,"Kentucky","Owen County",3,61,155,86,69
050,21,187,"Kentucky","Owen County",3,62,156,83,73
050,21,187,"Kentucky","Owen County",3,63,163,81,82
050,21,187,"Kentucky","Owen County",3,64,170,82,88
050,21,187,"Kentucky","Owen County",3,65,158,74,84
050,21,187,"Kentucky","Owen County",3,66,158,75,83
050,21,187,"Kentucky","Owen County",3,67,166,81,85
050,21,187,"Kentucky","Owen County",3,68,149,77,72
050,21,187,"Kentucky","Owen County",3,69,143,78,65
050,21,187,"Kentucky","Owen County",3,70,143,77,66
050,21,187,"Kentucky","Owen County",3,71,125,66,59
050,21,187,"Kentucky","Owen County",3,72,107,51,56
050,21,187,"Kentucky","Owen County",3,73,110,52,58
050,21,187,"Kentucky","Owen County",3,74,122,61,61
050,21,187,"Kentucky","Owen County",3,75,83,41,42
050,21,187,"Kentucky","Owen County",3,76,81,34,47
050,21,187,"Kentucky","Owen County",3,77,81,38,43
050,21,187,"Kentucky","Owen County",3,78,84,44,40
050,21,187,"Kentucky","Owen County",3,79,70,37,33
050,21,187,"Kentucky","Owen County",3,80,62,31,31
050,21,187,"Kentucky","Owen County",3,81,49,25,24
050,21,187,"Kentucky","Owen County",3,82,55,29,26
050,21,187,"Kentucky","Owen County",3,83,44,19,25
050,21,187,"Kentucky","Owen County",3,84,41,15,26
050,21,187,"Kentucky","Owen County",3,85,207,63,144
050,21,187,"Kentucky","Owen County",4,0,105,54,51
050,21,187,"Kentucky","Owen County",4,1,99,54,45
050,21,187,"Kentucky","Owen County",4,2,102,48,54
050,21,187,"Kentucky","Owen County",4,3,123,61,62
050,21,187,"Kentucky","Owen County",4,4,125,57,68
050,21,187,"Kentucky","Owen County",4,5,142,73,69
050,21,187,"Kentucky","Owen County",4,6,128,72,56
050,21,187,"Kentucky","Owen County",4,7,116,63,53
050,21,187,"Kentucky","Owen County",4,8,114,57,57
050,21,187,"Kentucky","Owen County",4,9,124,62,62
050,21,187,"Kentucky","Owen County",4,10,140,73,67
050,21,187,"Kentucky","Owen County",4,11,122,66,56
050,21,187,"Kentucky","Owen County",4,12,142,76,66
050,21,187,"Kentucky","Owen County",4,13,162,84,78
050,21,187,"Kentucky","Owen County",4,14,168,83,85
050,21,187,"Kentucky","Owen County",4,15,156,83,73
050,21,187,"Kentucky","Owen County",4,16,167,87,80
050,21,187,"Kentucky","Owen County",4,17,179,83,96
050,21,187,"Kentucky","Owen County",4,18,140,67,73
050,21,187,"Kentucky","Owen County",4,19,97,44,53
050,21,187,"Kentucky","Owen County",4,20,104,56,48
050,21,187,"Kentucky","Owen County",4,21,123,59,64
050,21,187,"Kentucky","Owen County",4,22,117,59,58
050,21,187,"Kentucky","Owen County",4,23,122,60,62
050,21,187,"Kentucky","Owen County",4,24,123,65,58
050,21,187,"Kentucky","Owen County",4,25,117,61,56
050,21,187,"Kentucky","Owen County",4,26,123,60,63
050,21,187,"Kentucky","Owen County",4,27,134,75,59
050,21,187,"Kentucky","Owen County",4,28,117,62,55
050,21,187,"Kentucky","Owen County",4,29,113,57,56
050,21,187,"Kentucky","Owen County",4,30,112,54,58
050,21,187,"Kentucky","Owen County",4,31,152,75,77
050,21,187,"Kentucky","Owen County",4,32,136,64,72
050,21,187,"Kentucky","Owen County",4,33,145,68,77
050,21,187,"Kentucky","Owen County",4,34,137,67,70
050,21,187,"Kentucky","Owen County",4,35,115,61,54
050,21,187,"Kentucky","Owen County",4,36,128,70,58
050,21,187,"Kentucky","Owen County",4,37,113,54,59
050,21,187,"Kentucky","Owen County",4,38,107,52,55
050,21,187,"Kentucky","Owen County",4,39,137,70,67
050,21,187,"Kentucky","Owen County",4,40,135,64,71
050,21,187,"Kentucky","Owen County",4,41,134,70,64
050,21,187,"Kentucky","Owen County",4,42,154,83,71
050,21,187,"Kentucky","Owen County",4,43,140,71,69
050,21,187,"Kentucky","Owen County",4,44,145,64,81
050,21,187,"Kentucky","Owen County",4,45,135,67,68
050,21,187,"Kentucky","Owen County",4,46,139,64,75
050,21,187,"Kentucky","Owen County",4,47,141,65,76
050,21,187,"Kentucky","Owen County",4,48,146,70,76
050,21,187,"Kentucky","Owen County",4,49,145,74,71
050,21,187,"Kentucky","Owen County",4,50,155,79,76
050,21,187,"Kentucky","Owen County",4,51,189,101,88
050,21,187,"Kentucky","Owen County",4,52,171,79,92
050,21,187,"Kentucky","Owen County",4,53,173,91,82
050,21,187,"Kentucky","Owen County",4,54,152,87,65
050,21,187,"Kentucky","Owen County",4,55,139,70,69
050,21,187,"Kentucky","Owen County",4,56,150,74,76
050,21,187,"Kentucky","Owen County",4,57,169,88,81
050,21,187,"Kentucky","Owen County",4,58,167,80,87
050,21,187,"Kentucky","Owen County",4,59,174,85,89
050,21,187,"Kentucky","Owen County",4,60,166,85,81
050,21,187,"Kentucky","Owen County",4,61,187,86,101
050,21,187,"Kentucky","Owen County",4,62,147,82,65
050,21,187,"Kentucky","Owen County",4,63,152,80,72
050,21,187,"Kentucky","Owen County",4,64,159,80,79
050,21,187,"Kentucky","Owen County",4,65,168,82,86
050,21,187,"Kentucky","Owen County",4,66,158,76,82
050,21,187,"Kentucky","Owen County",4,67,156,75,81
050,21,187,"Kentucky","Owen County",4,68,166,80,86
050,21,187,"Kentucky","Owen County",4,69,147,76,71
050,21,187,"Kentucky","Owen County",4,70,138,74,64
050,21,187,"Kentucky","Owen County",4,71,139,73,66
050,21,187,"Kentucky","Owen County",4,72,117,62,55
050,21,187,"Kentucky","Owen County",4,73,105,51,54
050,21,187,"Kentucky","Owen County",4,74,106,50,56
050,21,187,"Kentucky","Owen County",4,75,116,58,58
050,21,187,"Kentucky","Owen County",4,76,78,37,41
050,21,187,"Kentucky","Owen County",4,77,79,32,47
050,21,187,"Kentucky","Owen County",4,78,75,37,38
050,21,187,"Kentucky","Owen County",4,79,75,39,36
050,21,187,"Kentucky","Owen County",4,80,69,36,33
050,21,187,"Kentucky","Owen County",4,81,58,28,30
050,21,187,"Kentucky","Owen County",4,82,49,25,24
050,21,187,"Kentucky","Owen County",4,83,52,25,27
050,21,187,"Kentucky","Owen County",4,84,41,17,24
050,21,187,"Kentucky","Owen County",4,85,212,62,150
050,21,187,"Kentucky","Owen County",5,0,106,55,51
050,21,187,"Kentucky","Owen County",5,1,107,54,53
050,21,187,"Kentucky","Owen County",5,2,98,51,47
050,21,187,"Kentucky","Owen County",5,3,106,50,56
050,21,187,"Kentucky","Owen County",5,4,131,71,60
050,21,187,"Kentucky","Owen County",5,5,116,51,65
050,21,187,"Kentucky","Owen County",5,6,147,79,68
050,21,187,"Kentucky","Owen County",5,7,128,70,58
050,21,187,"Kentucky","Owen County",5,8,124,67,57
050,21,187,"Kentucky","Owen County",5,9,122,62,60
050,21,187,"Kentucky","Owen County",5,10,120,62,58
050,21,187,"Kentucky","Owen County",5,11,147,74,73
050,21,187,"Kentucky","Owen County",5,12,114,62,52
050,21,187,"Kentucky","Owen County",5,13,136,70,66
050,21,187,"Kentucky","Owen County",5,14,161,82,79
050,21,187,"Kentucky","Owen County",5,15,169,89,80
050,21,187,"Kentucky","Owen County",5,16,151,76,75
050,21,187,"Kentucky","Owen County",5,17,162,85,77
050,21,187,"Kentucky","Owen County",5,18,142,65,77
050,21,187,"Kentucky","Owen County",5,19,107,51,56
050,21,187,"Kentucky","Owen County",5,20,101,47,54
050,21,187,"Kentucky","Owen County",5,21,110,52,58
050,21,187,"Kentucky","Owen County",5,22,124,62,62
050,21,187,"Kentucky","Owen County",5,23,124,65,59
050,21,187,"Kentucky","Owen County",5,24,120,63,57
050,21,187,"Kentucky","Owen County",5,25,126,67,59
050,21,187,"Kentucky","Owen County",5,26,126,65,61
050,21,187,"Kentucky","Owen County",5,27,124,62,62
050,21,187,"Kentucky","Owen County",5,28,129,65,64
050,21,187,"Kentucky","Owen County",5,29,124,63,61
050,21,187,"Kentucky","Owen County",5,30,114,54,60
050,21,187,"Kentucky","Owen County",5,31,118,56,62
050,21,187,"Kentucky","Owen County",5,32,163,79,84
050,21,187,"Kentucky","Owen County",5,33,139,60,79
050,21,187,"Kentucky","Owen County",5,34,140,70,70
050,21,187,"Kentucky","Owen County",5,35,142,68,74
050,21,187,"Kentucky","Owen County",5,36,112,59,53
050,21,187,"Kentucky","Owen County",5,37,130,72,58
050,21,187,"Kentucky","Owen County",5,38,120,59,61
050,21,187,"Kentucky","Owen County",5,39,116,57,59
050,21,187,"Kentucky","Owen County",5,40,137,68,69
050,21,187,"Kentucky","Owen County",5,41,135,64,71
050,21,187,"Kentucky","Owen County",5,42,142,77,65
050,21,187,"Kentucky","Owen County",5,43,151,83,68
050,21,187,"Kentucky","Owen County",5,44,147,75,72
050,21,187,"Kentucky","Owen County",5,45,149,68,81
050,21,187,"Kentucky","Owen County",5,46,130,65,65
050,21,187,"Kentucky","Owen County",5,47,139,67,72
050,21,187,"Kentucky","Owen County",5,48,137,65,72
050,21,187,"Kentucky","Owen County",5,49,149,68,81
050,21,187,"Kentucky","Owen County",5,50,146,74,72
050,21,187,"Kentucky","Owen County",5,51,161,83,78
050,21,187,"Kentucky","Owen County",5,52,183,99,84
050,21,187,"Kentucky","Owen County",5,53,169,77,92
050,21,187,"Kentucky","Owen County",5,54,173,93,80
050,21,187,"Kentucky","Owen County",5,55,146,87,59
050,21,187,"Kentucky","Owen County",5,56,142,73,69
050,21,187,"Kentucky","Owen County",5,57,147,74,73
050,21,187,"Kentucky","Owen County",5,58,166,82,84
050,21,187,"Kentucky","Owen County",5,59,161,78,83
050,21,187,"Kentucky","Owen County",5,60,176,85,91
050,21,187,"Kentucky","Owen County",5,61,180,93,87
050,21,187,"Kentucky","Owen County",5,62,192,89,103
050,21,187,"Kentucky","Owen County",5,63,141,78,63
050,21,187,"Kentucky","Owen County",5,64,151,80,71
050,21,187,"Kentucky","Owen County",5,65,162,79,83
050,21,187,"Kentucky","Owen County",5,66,169,80,89
050,21,187,"Kentucky","Owen County",5,67,157,79,78
050,21,187,"Kentucky","Owen County",5,68,158,73,85
050,21,187,"Kentucky","Owen County",5,69,158,74,84
050,21,187,"Kentucky","Owen County",5,70,142,74,68
050,21,187,"Kentucky","Owen County",5,71,136,73,63
050,21,187,"Kentucky","Owen County",5,72,133,69,64
050,21,187,"Kentucky","Owen County",5,73,115,60,55
050,21,187,"Kentucky","Owen County",5,74,101,47,54
050,21,187,"Kentucky","Owen County",5,75,99,49,50
050,21,187,"Kentucky","Owen County",5,76,111,55,56
050,21,187,"Kentucky","Owen County",5,77,77,35,42
050,21,187,"Kentucky","Owen County",5,78,71,30,41
050,21,187,"Kentucky","Owen County",5,79,65,31,34
050,21,187,"Kentucky","Owen County",5,80,71,37,34
050,21,187,"Kentucky","Owen County",5,81,66,32,34
050,21,187,"Kentucky","Owen County",5,82,57,28,29
050,21,187,"Kentucky","Owen County",5,83,47,22,25
050,21,187,"Kentucky","Owen County",5,84,49,23,26
050,21,187,"Kentucky","Owen County",5,85,223,69,154
050,21,189,"Kentucky","Owsley County",1,0,48,24,24
050,21,189,"Kentucky","Owsley County",1,1,48,23,25
050,21,189,"Kentucky","Owsley County",1,2,59,30,29
050,21,189,"Kentucky","Owsley County",1,3,49,27,22
050,21,189,"Kentucky","Owsley County",1,4,52,29,23
050,21,189,"Kentucky","Owsley County",1,5,53,28,25
050,21,189,"Kentucky","Owsley County",1,6,55,27,28
050,21,189,"Kentucky","Owsley County",1,7,40,14,26
050,21,189,"Kentucky","Owsley County",1,8,44,15,29
050,21,189,"Kentucky","Owsley County",1,9,51,25,26
050,21,189,"Kentucky","Owsley County",1,10,50,24,26
050,21,189,"Kentucky","Owsley County",1,11,49,24,25
050,21,189,"Kentucky","Owsley County",1,12,50,22,28
050,21,189,"Kentucky","Owsley County",1,13,51,28,23
050,21,189,"Kentucky","Owsley County",1,14,54,31,23
050,21,189,"Kentucky","Owsley County",1,15,55,26,29
050,21,189,"Kentucky","Owsley County",1,16,52,29,23
050,21,189,"Kentucky","Owsley County",1,17,58,28,30
050,21,189,"Kentucky","Owsley County",1,18,47,22,25
050,21,189,"Kentucky","Owsley County",1,19,39,21,18
050,21,189,"Kentucky","Owsley County",1,20,30,18,12
050,21,189,"Kentucky","Owsley County",1,21,48,24,24
050,21,189,"Kentucky","Owsley County",1,22,38,18,20
050,21,189,"Kentucky","Owsley County",1,23,33,19,14
050,21,189,"Kentucky","Owsley County",1,24,43,18,25
050,21,189,"Kentucky","Owsley County",1,25,42,21,21
050,21,189,"Kentucky","Owsley County",1,26,45,23,22
050,21,189,"Kentucky","Owsley County",1,27,36,21,15
050,21,189,"Kentucky","Owsley County",1,28,49,25,24
050,21,189,"Kentucky","Owsley County",1,29,48,24,24
050,21,189,"Kentucky","Owsley County",1,30,53,28,25
050,21,189,"Kentucky","Owsley County",1,31,48,22,26
050,21,189,"Kentucky","Owsley County",1,32,52,26,26
050,21,189,"Kentucky","Owsley County",1,33,42,25,17
050,21,189,"Kentucky","Owsley County",1,34,47,25,22
050,21,189,"Kentucky","Owsley County",1,35,59,33,26
050,21,189,"Kentucky","Owsley County",1,36,55,27,28
050,21,189,"Kentucky","Owsley County",1,37,48,23,25
050,21,189,"Kentucky","Owsley County",1,38,43,24,19
050,21,189,"Kentucky","Owsley County",1,39,49,25,24
050,21,189,"Kentucky","Owsley County",1,40,39,18,21
050,21,189,"Kentucky","Owsley County",1,41,41,20,21
050,21,189,"Kentucky","Owsley County",1,42,39,17,22
050,21,189,"Kentucky","Owsley County",1,43,51,26,25
050,21,189,"Kentucky","Owsley County",1,44,54,31,23
050,21,189,"Kentucky","Owsley County",1,45,38,23,15
050,21,189,"Kentucky","Owsley County",1,46,44,22,22
050,21,189,"Kentucky","Owsley County",1,47,50,24,26
050,21,189,"Kentucky","Owsley County",1,48,58,28,30
050,21,189,"Kentucky","Owsley County",1,49,51,23,28
050,21,189,"Kentucky","Owsley County",1,50,54,28,26
050,21,189,"Kentucky","Owsley County",1,51,57,30,27
050,21,189,"Kentucky","Owsley County",1,52,53,20,33
050,21,189,"Kentucky","Owsley County",1,53,60,26,34
050,21,189,"Kentucky","Owsley County",1,54,62,32,30
050,21,189,"Kentucky","Owsley County",1,55,53,29,24
050,21,189,"Kentucky","Owsley County",1,56,59,31,28
050,21,189,"Kentucky","Owsley County",1,57,56,33,23
050,21,189,"Kentucky","Owsley County",1,58,66,35,31
050,21,189,"Kentucky","Owsley County",1,59,59,30,29
050,21,189,"Kentucky","Owsley County",1,60,57,32,25
050,21,189,"Kentucky","Owsley County",1,61,56,28,28
050,21,189,"Kentucky","Owsley County",1,62,63,26,37
050,21,189,"Kentucky","Owsley County",1,63,60,32,28
050,21,189,"Kentucky","Owsley County",1,64,55,27,28
050,21,189,"Kentucky","Owsley County",1,65,58,30,28
050,21,189,"Kentucky","Owsley County",1,66,60,30,30
050,21,189,"Kentucky","Owsley County",1,67,57,25,32
050,21,189,"Kentucky","Owsley County",1,68,64,34,30
050,21,189,"Kentucky","Owsley County",1,69,56,31,25
050,21,189,"Kentucky","Owsley County",1,70,36,17,19
050,21,189,"Kentucky","Owsley County",1,71,44,23,21
050,21,189,"Kentucky","Owsley County",1,72,34,16,18
050,21,189,"Kentucky","Owsley County",1,73,36,13,23
050,21,189,"Kentucky","Owsley County",1,74,24,12,12
050,21,189,"Kentucky","Owsley County",1,75,31,15,16
050,21,189,"Kentucky","Owsley County",1,76,38,19,19
050,21,189,"Kentucky","Owsley County",1,77,40,16,24
050,21,189,"Kentucky","Owsley County",1,78,32,14,18
050,21,189,"Kentucky","Owsley County",1,79,28,11,17
050,21,189,"Kentucky","Owsley County",1,80,22,13,9
050,21,189,"Kentucky","Owsley County",1,81,20,6,14
050,21,189,"Kentucky","Owsley County",1,82,16,6,10
050,21,189,"Kentucky","Owsley County",1,83,14,7,7
050,21,189,"Kentucky","Owsley County",1,84,13,6,7
050,21,189,"Kentucky","Owsley County",1,85,83,32,51
050,21,189,"Kentucky","Owsley County",2,0,48,21,27
050,21,189,"Kentucky","Owsley County",2,1,47,23,24
050,21,189,"Kentucky","Owsley County",2,2,56,29,27
050,21,189,"Kentucky","Owsley County",2,3,50,26,24
050,21,189,"Kentucky","Owsley County",2,4,50,28,22
050,21,189,"Kentucky","Owsley County",2,5,53,28,25
050,21,189,"Kentucky","Owsley County",2,6,55,27,28
050,21,189,"Kentucky","Owsley County",2,7,44,18,26
050,21,189,"Kentucky","Owsley County",2,8,42,14,28
050,21,189,"Kentucky","Owsley County",2,9,49,23,26
050,21,189,"Kentucky","Owsley County",2,10,51,25,26
050,21,189,"Kentucky","Owsley County",2,11,50,24,26
050,21,189,"Kentucky","Owsley County",2,12,51,23,28
050,21,189,"Kentucky","Owsley County",2,13,51,27,24
050,21,189,"Kentucky","Owsley County",2,14,52,29,23
050,21,189,"Kentucky","Owsley County",2,15,54,26,28
050,21,189,"Kentucky","Owsley County",2,16,52,28,24
050,21,189,"Kentucky","Owsley County",2,17,55,27,28
050,21,189,"Kentucky","Owsley County",2,18,48,23,25
050,21,189,"Kentucky","Owsley County",2,19,38,20,18
050,21,189,"Kentucky","Owsley County",2,20,34,20,14
050,21,189,"Kentucky","Owsley County",2,21,44,23,21
050,21,189,"Kentucky","Owsley County",2,22,39,20,19
050,21,189,"Kentucky","Owsley County",2,23,35,19,16
050,21,189,"Kentucky","Owsley County",2,24,40,18,22
050,21,189,"Kentucky","Owsley County",2,25,42,20,22
050,21,189,"Kentucky","Owsley County",2,26,46,24,22
050,21,189,"Kentucky","Owsley County",2,27,38,21,17
050,21,189,"Kentucky","Owsley County",2,28,45,24,21
050,21,189,"Kentucky","Owsley County",2,29,47,24,23
050,21,189,"Kentucky","Owsley County",2,30,53,27,26
050,21,189,"Kentucky","Owsley County",2,31,49,23,26
050,21,189,"Kentucky","Owsley County",2,32,50,24,26
050,21,189,"Kentucky","Owsley County",2,33,44,25,19
050,21,189,"Kentucky","Owsley County",2,34,45,25,20
050,21,189,"Kentucky","Owsley County",2,35,57,31,26
050,21,189,"Kentucky","Owsley County",2,36,56,29,27
050,21,189,"Kentucky","Owsley County",2,37,48,24,24
050,21,189,"Kentucky","Owsley County",2,38,44,24,20
050,21,189,"Kentucky","Owsley County",2,39,48,25,23
050,21,189,"Kentucky","Owsley County",2,40,42,20,22
050,21,189,"Kentucky","Owsley County",2,41,40,19,21
050,21,189,"Kentucky","Owsley County",2,42,38,17,21
050,21,189,"Kentucky","Owsley County",2,43,49,24,25
050,21,189,"Kentucky","Owsley County",2,44,53,30,23
050,21,189,"Kentucky","Owsley County",2,45,42,25,17
050,21,189,"Kentucky","Owsley County",2,46,42,22,20
050,21,189,"Kentucky","Owsley County",2,47,49,24,25
050,21,189,"Kentucky","Owsley County",2,48,54,27,27
050,21,189,"Kentucky","Owsley County",2,49,53,24,29
050,21,189,"Kentucky","Owsley County",2,50,52,27,25
050,21,189,"Kentucky","Owsley County",2,51,55,29,26
050,21,189,"Kentucky","Owsley County",2,52,54,22,32
050,21,189,"Kentucky","Owsley County",2,53,57,24,33
050,21,189,"Kentucky","Owsley County",2,54,62,31,31
050,21,189,"Kentucky","Owsley County",2,55,55,30,25
050,21,189,"Kentucky","Owsley County",2,56,58,31,27
050,21,189,"Kentucky","Owsley County",2,57,57,32,25
050,21,189,"Kentucky","Owsley County",2,58,61,32,29
050,21,189,"Kentucky","Owsley County",2,59,59,30,29
050,21,189,"Kentucky","Owsley County",2,60,57,31,26
050,21,189,"Kentucky","Owsley County",2,61,58,30,28
050,21,189,"Kentucky","Owsley County",2,62,61,26,35
050,21,189,"Kentucky","Owsley County",2,63,62,31,31
050,21,189,"Kentucky","Owsley County",2,64,54,27,27
050,21,189,"Kentucky","Owsley County",2,65,58,30,28
050,21,189,"Kentucky","Owsley County",2,66,58,29,29
050,21,189,"Kentucky","Owsley County",2,67,57,26,31
050,21,189,"Kentucky","Owsley County",2,68,62,32,30
050,21,189,"Kentucky","Owsley County",2,69,58,32,26
050,21,189,"Kentucky","Owsley County",2,70,40,20,20
050,21,189,"Kentucky","Owsley County",2,71,42,21,21
050,21,189,"Kentucky","Owsley County",2,72,36,17,19
050,21,189,"Kentucky","Owsley County",2,73,36,13,23
050,21,189,"Kentucky","Owsley County",2,74,27,13,14
050,21,189,"Kentucky","Owsley County",2,75,29,13,16
050,21,189,"Kentucky","Owsley County",2,76,36,18,18
050,21,189,"Kentucky","Owsley County",2,77,40,16,24
050,21,189,"Kentucky","Owsley County",2,78,33,14,19
050,21,189,"Kentucky","Owsley County",2,79,27,11,16
050,21,189,"Kentucky","Owsley County",2,80,23,12,11
050,21,189,"Kentucky","Owsley County",2,81,20,8,12
050,21,189,"Kentucky","Owsley County",2,82,17,6,11
050,21,189,"Kentucky","Owsley County",2,83,14,7,7
050,21,189,"Kentucky","Owsley County",2,84,13,6,7
050,21,189,"Kentucky","Owsley County",2,85,82,31,51
050,21,189,"Kentucky","Owsley County",3,0,50,21,29
050,21,189,"Kentucky","Owsley County",3,1,58,32,26
050,21,189,"Kentucky","Owsley County",3,2,50,24,26
050,21,189,"Kentucky","Owsley County",3,3,57,30,27
050,21,189,"Kentucky","Owsley County",3,4,49,28,21
050,21,189,"Kentucky","Owsley County",3,5,52,29,23
050,21,189,"Kentucky","Owsley County",3,6,51,29,22
050,21,189,"Kentucky","Owsley County",3,7,52,25,27
050,21,189,"Kentucky","Owsley County",3,8,40,15,25
050,21,189,"Kentucky","Owsley County",3,9,40,14,26
050,21,189,"Kentucky","Owsley County",3,10,47,24,23
050,21,189,"Kentucky","Owsley County",3,11,47,24,23
050,21,189,"Kentucky","Owsley County",3,12,47,25,22
050,21,189,"Kentucky","Owsley County",3,13,47,21,26
050,21,189,"Kentucky","Owsley County",3,14,52,27,25
050,21,189,"Kentucky","Owsley County",3,15,50,27,23
050,21,189,"Kentucky","Owsley County",3,16,49,23,26
050,21,189,"Kentucky","Owsley County",3,17,54,30,24
050,21,189,"Kentucky","Owsley County",3,18,46,24,22
050,21,189,"Kentucky","Owsley County",3,19,36,15,21
050,21,189,"Kentucky","Owsley County",3,20,38,22,16
050,21,189,"Kentucky","Owsley County",3,21,36,20,16
050,21,189,"Kentucky","Owsley County",3,22,39,21,18
050,21,189,"Kentucky","Owsley County",3,23,47,23,24
050,21,189,"Kentucky","Owsley County",3,24,42,21,21
050,21,189,"Kentucky","Owsley County",3,25,40,18,22
050,21,189,"Kentucky","Owsley County",3,26,48,22,26
050,21,189,"Kentucky","Owsley County",3,27,47,25,22
050,21,189,"Kentucky","Owsley County",3,28,36,21,15
050,21,189,"Kentucky","Owsley County",3,29,45,24,21
050,21,189,"Kentucky","Owsley County",3,30,49,27,22
050,21,189,"Kentucky","Owsley County",3,31,48,24,24
050,21,189,"Kentucky","Owsley County",3,32,48,23,25
050,21,189,"Kentucky","Owsley County",3,33,53,25,28
050,21,189,"Kentucky","Owsley County",3,34,41,24,17
050,21,189,"Kentucky","Owsley County",3,35,46,26,20
050,21,189,"Kentucky","Owsley County",3,36,56,28,28
050,21,189,"Kentucky","Owsley County",3,37,58,32,26
050,21,189,"Kentucky","Owsley County",3,38,45,20,25
050,21,189,"Kentucky","Owsley County",3,39,44,21,23
050,21,189,"Kentucky","Owsley County",3,40,45,22,23
050,21,189,"Kentucky","Owsley County",3,41,40,20,20
050,21,189,"Kentucky","Owsley County",3,42,39,18,21
050,21,189,"Kentucky","Owsley County",3,43,38,18,20
050,21,189,"Kentucky","Owsley County",3,44,46,23,23
050,21,189,"Kentucky","Owsley County",3,45,50,27,23
050,21,189,"Kentucky","Owsley County",3,46,39,24,15
050,21,189,"Kentucky","Owsley County",3,47,43,22,21
050,21,189,"Kentucky","Owsley County",3,48,51,25,26
050,21,189,"Kentucky","Owsley County",3,49,51,22,29
050,21,189,"Kentucky","Owsley County",3,50,52,25,27
050,21,189,"Kentucky","Owsley County",3,51,55,26,29
050,21,189,"Kentucky","Owsley County",3,52,52,28,24
050,21,189,"Kentucky","Owsley County",3,53,50,19,31
050,21,189,"Kentucky","Owsley County",3,54,56,23,33
050,21,189,"Kentucky","Owsley County",3,55,59,29,30
050,21,189,"Kentucky","Owsley County",3,56,55,30,25
050,21,189,"Kentucky","Owsley County",3,57,59,31,28
050,21,189,"Kentucky","Owsley County",3,58,57,32,25
050,21,189,"Kentucky","Owsley County",3,59,57,28,29
050,21,189,"Kentucky","Owsley County",3,60,58,29,29
050,21,189,"Kentucky","Owsley County",3,61,60,32,28
050,21,189,"Kentucky","Owsley County",3,62,56,29,27
050,21,189,"Kentucky","Owsley County",3,63,57,25,32
050,21,189,"Kentucky","Owsley County",3,64,61,32,29
050,21,189,"Kentucky","Owsley County",3,65,55,28,27
050,21,189,"Kentucky","Owsley County",3,66,53,25,28
050,21,189,"Kentucky","Owsley County",3,67,51,25,26
050,21,189,"Kentucky","Owsley County",3,68,59,28,31
050,21,189,"Kentucky","Owsley County",3,69,61,32,29
050,21,189,"Kentucky","Owsley County",3,70,54,29,25
050,21,189,"Kentucky","Owsley County",3,71,38,19,19
050,21,189,"Kentucky","Owsley County",3,72,44,22,22
050,21,189,"Kentucky","Owsley County",3,73,35,17,18
050,21,189,"Kentucky","Owsley County",3,74,34,14,20
050,21,189,"Kentucky","Owsley County",3,75,23,11,12
050,21,189,"Kentucky","Owsley County",3,76,27,13,14
050,21,189,"Kentucky","Owsley County",3,77,34,16,18
050,21,189,"Kentucky","Owsley County",3,78,33,13,20
050,21,189,"Kentucky","Owsley County",3,79,31,13,18
050,21,189,"Kentucky","Owsley County",3,80,23,9,14
050,21,189,"Kentucky","Owsley County",3,81,26,14,12
050,21,189,"Kentucky","Owsley County",3,82,18,7,11
050,21,189,"Kentucky","Owsley County",3,83,16,5,11
050,21,189,"Kentucky","Owsley County",3,84,17,8,9
050,21,189,"Kentucky","Owsley County",3,85,76,25,51
050,21,189,"Kentucky","Owsley County",4,0,54,28,26
050,21,189,"Kentucky","Owsley County",4,1,48,23,25
050,21,189,"Kentucky","Owsley County",4,2,56,30,26
050,21,189,"Kentucky","Owsley County",4,3,50,24,26
050,21,189,"Kentucky","Owsley County",4,4,56,31,25
050,21,189,"Kentucky","Owsley County",4,5,47,25,22
050,21,189,"Kentucky","Owsley County",4,6,48,28,20
050,21,189,"Kentucky","Owsley County",4,7,44,25,19
050,21,189,"Kentucky","Owsley County",4,8,53,26,27
050,21,189,"Kentucky","Owsley County",4,9,36,13,23
050,21,189,"Kentucky","Owsley County",4,10,43,15,28
050,21,189,"Kentucky","Owsley County",4,11,48,24,24
050,21,189,"Kentucky","Owsley County",4,12,52,25,27
050,21,189,"Kentucky","Owsley County",4,13,49,30,19
050,21,189,"Kentucky","Owsley County",4,14,52,22,30
050,21,189,"Kentucky","Owsley County",4,15,55,26,29
050,21,189,"Kentucky","Owsley County",4,16,53,29,24
050,21,189,"Kentucky","Owsley County",4,17,52,25,27
050,21,189,"Kentucky","Owsley County",4,18,48,27,21
050,21,189,"Kentucky","Owsley County",4,19,32,16,16
050,21,189,"Kentucky","Owsley County",4,20,35,15,20
050,21,189,"Kentucky","Owsley County",4,21,44,23,21
050,21,189,"Kentucky","Owsley County",4,22,37,22,15
050,21,189,"Kentucky","Owsley County",4,23,38,20,18
050,21,189,"Kentucky","Owsley County",4,24,52,26,26
050,21,189,"Kentucky","Owsley County",4,25,38,21,17
050,21,189,"Kentucky","Owsley County",4,26,42,20,22
050,21,189,"Kentucky","Owsley County",4,27,48,22,26
050,21,189,"Kentucky","Owsley County",4,28,46,25,21
050,21,189,"Kentucky","Owsley County",4,29,37,22,15
050,21,189,"Kentucky","Owsley County",4,30,44,23,21
050,21,189,"Kentucky","Owsley County",4,31,46,23,23
050,21,189,"Kentucky","Owsley County",4,32,51,28,23
050,21,189,"Kentucky","Owsley County",4,33,46,27,19
050,21,189,"Kentucky","Owsley County",4,34,52,23,29
050,21,189,"Kentucky","Owsley County",4,35,43,23,20
050,21,189,"Kentucky","Owsley County",4,36,48,27,21
050,21,189,"Kentucky","Owsley County",4,37,55,28,27
050,21,189,"Kentucky","Owsley County",4,38,60,32,28
050,21,189,"Kentucky","Owsley County",4,39,44,19,25
050,21,189,"Kentucky","Owsley County",4,40,48,23,25
050,21,189,"Kentucky","Owsley County",4,41,51,26,25
050,21,189,"Kentucky","Owsley County",4,42,37,18,19
050,21,189,"Kentucky","Owsley County",4,43,41,18,23
050,21,189,"Kentucky","Owsley County",4,44,34,16,18
050,21,189,"Kentucky","Owsley County",4,45,42,22,20
050,21,189,"Kentucky","Owsley County",4,46,53,27,26
050,21,189,"Kentucky","Owsley County",4,47,43,28,15
050,21,189,"Kentucky","Owsley County",4,48,43,22,21
050,21,189,"Kentucky","Owsley County",4,49,46,22,24
050,21,189,"Kentucky","Owsley County",4,50,52,24,28
050,21,189,"Kentucky","Owsley County",4,51,55,25,30
050,21,189,"Kentucky","Owsley County",4,52,54,24,30
050,21,189,"Kentucky","Owsley County",4,53,53,28,25
050,21,189,"Kentucky","Owsley County",4,54,53,20,33
050,21,189,"Kentucky","Owsley County",4,55,49,20,29
050,21,189,"Kentucky","Owsley County",4,56,57,27,30
050,21,189,"Kentucky","Owsley County",4,57,50,27,23
050,21,189,"Kentucky","Owsley County",4,58,54,30,24
050,21,189,"Kentucky","Owsley County",4,59,61,34,27
050,21,189,"Kentucky","Owsley County",4,60,59,28,31
050,21,189,"Kentucky","Owsley County",4,61,55,26,29
050,21,189,"Kentucky","Owsley County",4,62,59,31,28
050,21,189,"Kentucky","Owsley County",4,63,54,28,26
050,21,189,"Kentucky","Owsley County",4,64,53,21,32
050,21,189,"Kentucky","Owsley County",4,65,63,33,30
050,21,189,"Kentucky","Owsley County",4,66,52,22,30
050,21,189,"Kentucky","Owsley County",4,67,48,23,25
050,21,189,"Kentucky","Owsley County",4,68,56,29,27
050,21,189,"Kentucky","Owsley County",4,69,57,27,30
050,21,189,"Kentucky","Owsley County",4,70,56,28,28
050,21,189,"Kentucky","Owsley County",4,71,53,28,25
050,21,189,"Kentucky","Owsley County",4,72,38,19,19
050,21,189,"Kentucky","Owsley County",4,73,44,21,23
050,21,189,"Kentucky","Owsley County",4,74,34,17,17
050,21,189,"Kentucky","Owsley County",4,75,34,13,21
050,21,189,"Kentucky","Owsley County",4,76,18,9,9
050,21,189,"Kentucky","Owsley County",4,77,24,12,12
050,21,189,"Kentucky","Owsley County",4,78,34,16,18
050,21,189,"Kentucky","Owsley County",4,79,29,11,18
050,21,189,"Kentucky","Owsley County",4,80,28,11,17
050,21,189,"Kentucky","Owsley County",4,81,23,9,14
050,21,189,"Kentucky","Owsley County",4,82,20,11,9
050,21,189,"Kentucky","Owsley County",4,83,13,5,8
050,21,189,"Kentucky","Owsley County",4,84,15,5,10
050,21,189,"Kentucky","Owsley County",4,85,81,25,56
050,21,189,"Kentucky","Owsley County",5,0,55,29,26
050,21,189,"Kentucky","Owsley County",5,1,52,26,26
050,21,189,"Kentucky","Owsley County",5,2,45,21,24
050,21,189,"Kentucky","Owsley County",5,3,62,36,26
050,21,189,"Kentucky","Owsley County",5,4,50,22,28
050,21,189,"Kentucky","Owsley County",5,5,61,32,29
050,21,189,"Kentucky","Owsley County",5,6,50,27,23
050,21,189,"Kentucky","Owsley County",5,7,52,27,25
050,21,189,"Kentucky","Owsley County",5,8,47,27,20
050,21,189,"Kentucky","Owsley County",5,9,49,25,24
050,21,189,"Kentucky","Owsley County",5,10,39,16,23
050,21,189,"Kentucky","Owsley County",5,11,44,15,29
050,21,189,"Kentucky","Owsley County",5,12,51,23,28
050,21,189,"Kentucky","Owsley County",5,13,51,27,24
050,21,189,"Kentucky","Owsley County",5,14,50,30,20
050,21,189,"Kentucky","Owsley County",5,15,55,21,34
050,21,189,"Kentucky","Owsley County",5,16,55,26,29
050,21,189,"Kentucky","Owsley County",5,17,49,29,20
050,21,189,"Kentucky","Owsley County",5,18,43,21,22
050,21,189,"Kentucky","Owsley County",5,19,39,23,16
050,21,189,"Kentucky","Owsley County",5,20,36,19,17
050,21,189,"Kentucky","Owsley County",5,21,39,17,22
050,21,189,"Kentucky","Owsley County",5,22,43,23,20
050,21,189,"Kentucky","Owsley County",5,23,35,20,15
050,21,189,"Kentucky","Owsley County",5,24,40,23,17
050,21,189,"Kentucky","Owsley County",5,25,46,23,23
050,21,189,"Kentucky","Owsley County",5,26,43,22,21
050,21,189,"Kentucky","Owsley County",5,27,43,22,21
050,21,189,"Kentucky","Owsley County",5,28,52,25,27
050,21,189,"Kentucky","Owsley County",5,29,51,29,22
050,21,189,"Kentucky","Owsley County",5,30,39,22,17
050,21,189,"Kentucky","Owsley County",5,31,45,24,21
050,21,189,"Kentucky","Owsley County",5,32,44,25,19
050,21,189,"Kentucky","Owsley County",5,33,52,26,26
050,21,189,"Kentucky","Owsley County",5,34,46,27,19
050,21,189,"Kentucky","Owsley County",5,35,52,22,30
050,21,189,"Kentucky","Owsley County",5,36,44,23,21
050,21,189,"Kentucky","Owsley County",5,37,48,28,20
050,21,189,"Kentucky","Owsley County",5,38,53,26,27
050,21,189,"Kentucky","Owsley County",5,39,57,29,28
050,21,189,"Kentucky","Owsley County",5,40,44,20,24
050,21,189,"Kentucky","Owsley County",5,41,49,23,26
050,21,189,"Kentucky","Owsley County",5,42,53,24,29
050,21,189,"Kentucky","Owsley County",5,43,33,16,17
050,21,189,"Kentucky","Owsley County",5,44,39,16,23
050,21,189,"Kentucky","Owsley County",5,45,36,18,18
050,21,189,"Kentucky","Owsley County",5,46,47,24,23
050,21,189,"Kentucky","Owsley County",5,47,54,27,27
050,21,189,"Kentucky","Owsley County",5,48,45,30,15
050,21,189,"Kentucky","Owsley County",5,49,45,22,23
050,21,189,"Kentucky","Owsley County",5,50,50,24,26
050,21,189,"Kentucky","Owsley County",5,51,54,26,28
050,21,189,"Kentucky","Owsley County",5,52,55,23,32
050,21,189,"Kentucky","Owsley County",5,53,56,27,29
050,21,189,"Kentucky","Owsley County",5,54,56,29,27
050,21,189,"Kentucky","Owsley County",5,55,48,19,29
050,21,189,"Kentucky","Owsley County",5,56,52,23,29
050,21,189,"Kentucky","Owsley County",5,57,55,24,31
050,21,189,"Kentucky","Owsley County",5,58,48,27,21
050,21,189,"Kentucky","Owsley County",5,59,60,36,24
050,21,189,"Kentucky","Owsley County",5,60,64,35,29
050,21,189,"Kentucky","Owsley County",5,61,63,29,34
050,21,189,"Kentucky","Owsley County",5,62,54,25,29
050,21,189,"Kentucky","Owsley County",5,63,61,34,27
050,21,189,"Kentucky","Owsley County",5,64,53,27,26
050,21,189,"Kentucky","Owsley County",5,65,56,23,33
050,21,189,"Kentucky","Owsley County",5,66,56,26,30
050,21,189,"Kentucky","Owsley County",5,67,45,20,25
050,21,189,"Kentucky","Owsley County",5,68,51,26,25
050,21,189,"Kentucky","Owsley County",5,69,54,28,26
050,21,189,"Kentucky","Owsley County",5,70,52,23,29
050,21,189,"Kentucky","Owsley County",5,71,54,26,28
050,21,189,"Kentucky","Owsley County",5,72,53,27,26
050,21,189,"Kentucky","Owsley County",5,73,39,19,20
050,21,189,"Kentucky","Owsley County",5,74,42,20,22
050,21,189,"Kentucky","Owsley County",5,75,34,18,16
050,21,189,"Kentucky","Owsley County",5,76,28,11,17
050,21,189,"Kentucky","Owsley County",5,77,14,7,7
050,21,189,"Kentucky","Owsley County",5,78,25,13,12
050,21,189,"Kentucky","Owsley County",5,79,30,14,16
050,21,189,"Kentucky","Owsley County",5,80,25,9,16
050,21,189,"Kentucky","Owsley County",5,81,30,12,18
050,21,189,"Kentucky","Owsley County",5,82,19,8,11
050,21,189,"Kentucky","Owsley County",5,83,16,10,6
050,21,189,"Kentucky","Owsley County",5,84,13,5,8
050,21,189,"Kentucky","Owsley County",5,85,84,23,61
050,21,191,"Kentucky","Pendleton County",1,0,180,91,89
050,21,191,"Kentucky","Pendleton County",1,1,182,89,93
050,21,191,"Kentucky","Pendleton County",1,2,181,113,68
050,21,191,"Kentucky","Pendleton County",1,3,177,100,77
050,21,191,"Kentucky","Pendleton County",1,4,184,96,88
050,21,191,"Kentucky","Pendleton County",1,5,186,90,96
050,21,191,"Kentucky","Pendleton County",1,6,173,85,88
050,21,191,"Kentucky","Pendleton County",1,7,182,85,97
050,21,191,"Kentucky","Pendleton County",1,8,174,88,86
050,21,191,"Kentucky","Pendleton County",1,9,162,93,69
050,21,191,"Kentucky","Pendleton County",1,10,186,101,85
050,21,191,"Kentucky","Pendleton County",1,11,214,119,95
050,21,191,"Kentucky","Pendleton County",1,12,206,105,101
050,21,191,"Kentucky","Pendleton County",1,13,206,113,93
050,21,191,"Kentucky","Pendleton County",1,14,225,119,106
050,21,191,"Kentucky","Pendleton County",1,15,199,105,94
050,21,191,"Kentucky","Pendleton County",1,16,200,103,97
050,21,191,"Kentucky","Pendleton County",1,17,191,100,91
050,21,191,"Kentucky","Pendleton County",1,18,180,91,89
050,21,191,"Kentucky","Pendleton County",1,19,139,79,60
050,21,191,"Kentucky","Pendleton County",1,20,143,71,72
050,21,191,"Kentucky","Pendleton County",1,21,152,77,75
050,21,191,"Kentucky","Pendleton County",1,22,148,78,70
050,21,191,"Kentucky","Pendleton County",1,23,141,70,71
050,21,191,"Kentucky","Pendleton County",1,24,162,94,68
050,21,191,"Kentucky","Pendleton County",1,25,181,99,82
050,21,191,"Kentucky","Pendleton County",1,26,194,105,89
050,21,191,"Kentucky","Pendleton County",1,27,206,112,94
050,21,191,"Kentucky","Pendleton County",1,28,195,105,90
050,21,191,"Kentucky","Pendleton County",1,29,189,95,94
050,21,191,"Kentucky","Pendleton County",1,30,193,100,93
050,21,191,"Kentucky","Pendleton County",1,31,179,94,85
050,21,191,"Kentucky","Pendleton County",1,32,170,79,91
050,21,191,"Kentucky","Pendleton County",1,33,153,82,71
050,21,191,"Kentucky","Pendleton County",1,34,136,68,68
050,21,191,"Kentucky","Pendleton County",1,35,155,82,73
050,21,191,"Kentucky","Pendleton County",1,36,164,81,83
050,21,191,"Kentucky","Pendleton County",1,37,159,79,80
050,21,191,"Kentucky","Pendleton County",1,38,160,77,83
050,21,191,"Kentucky","Pendleton County",1,39,164,81,83
050,21,191,"Kentucky","Pendleton County",1,40,170,87,83
050,21,191,"Kentucky","Pendleton County",1,41,156,79,77
050,21,191,"Kentucky","Pendleton County",1,42,187,102,85
050,21,191,"Kentucky","Pendleton County",1,43,170,84,86
050,21,191,"Kentucky","Pendleton County",1,44,161,86,75
050,21,191,"Kentucky","Pendleton County",1,45,169,94,75
050,21,191,"Kentucky","Pendleton County",1,46,178,100,78
050,21,191,"Kentucky","Pendleton County",1,47,186,101,85
050,21,191,"Kentucky","Pendleton County",1,48,203,103,100
050,21,191,"Kentucky","Pendleton County",1,49,216,111,105
050,21,191,"Kentucky","Pendleton County",1,50,208,103,105
050,21,191,"Kentucky","Pendleton County",1,51,208,113,95
050,21,191,"Kentucky","Pendleton County",1,52,197,99,98
050,21,191,"Kentucky","Pendleton County",1,53,227,112,115
050,21,191,"Kentucky","Pendleton County",1,54,254,145,109
050,21,191,"Kentucky","Pendleton County",1,55,243,123,120
050,21,191,"Kentucky","Pendleton County",1,56,234,133,101
050,21,191,"Kentucky","Pendleton County",1,57,245,131,114
050,21,191,"Kentucky","Pendleton County",1,58,214,109,105
050,21,191,"Kentucky","Pendleton County",1,59,234,111,123
050,21,191,"Kentucky","Pendleton County",1,60,239,119,120
050,21,191,"Kentucky","Pendleton County",1,61,225,116,109
050,21,191,"Kentucky","Pendleton County",1,62,231,124,107
050,21,191,"Kentucky","Pendleton County",1,63,243,131,112
050,21,191,"Kentucky","Pendleton County",1,64,215,111,104
050,21,191,"Kentucky","Pendleton County",1,65,186,90,96
050,21,191,"Kentucky","Pendleton County",1,66,165,80,85
050,21,191,"Kentucky","Pendleton County",1,67,155,66,89
050,21,191,"Kentucky","Pendleton County",1,68,165,84,81
050,21,191,"Kentucky","Pendleton County",1,69,147,78,69
050,21,191,"Kentucky","Pendleton County",1,70,149,74,75
050,21,191,"Kentucky","Pendleton County",1,71,156,85,71
050,21,191,"Kentucky","Pendleton County",1,72,145,76,69
050,21,191,"Kentucky","Pendleton County",1,73,140,75,65
050,21,191,"Kentucky","Pendleton County",1,74,97,47,50
050,21,191,"Kentucky","Pendleton County",1,75,94,45,49
050,21,191,"Kentucky","Pendleton County",1,76,91,33,58
050,21,191,"Kentucky","Pendleton County",1,77,81,36,45
050,21,191,"Kentucky","Pendleton County",1,78,68,30,38
050,21,191,"Kentucky","Pendleton County",1,79,60,27,33
050,21,191,"Kentucky","Pendleton County",1,80,65,28,37
050,21,191,"Kentucky","Pendleton County",1,81,58,28,30
050,21,191,"Kentucky","Pendleton County",1,82,49,28,21
050,21,191,"Kentucky","Pendleton County",1,83,38,19,19
050,21,191,"Kentucky","Pendleton County",1,84,38,19,19
050,21,191,"Kentucky","Pendleton County",1,85,217,78,139
050,21,191,"Kentucky","Pendleton County",2,0,171,89,82
050,21,191,"Kentucky","Pendleton County",2,1,181,89,92
050,21,191,"Kentucky","Pendleton County",2,2,181,107,74
050,21,191,"Kentucky","Pendleton County",2,3,177,102,75
050,21,191,"Kentucky","Pendleton County",2,4,184,98,86
050,21,191,"Kentucky","Pendleton County",2,5,187,91,96
050,21,191,"Kentucky","Pendleton County",2,6,178,86,92
050,21,191,"Kentucky","Pendleton County",2,7,181,86,95
050,21,191,"Kentucky","Pendleton County",2,8,175,87,88
050,21,191,"Kentucky","Pendleton County",2,9,167,92,75
050,21,191,"Kentucky","Pendleton County",2,10,184,102,82
050,21,191,"Kentucky","Pendleton County",2,11,206,114,92
050,21,191,"Kentucky","Pendleton County",2,12,209,109,100
050,21,191,"Kentucky","Pendleton County",2,13,207,111,96
050,21,191,"Kentucky","Pendleton County",2,14,220,117,103
050,21,191,"Kentucky","Pendleton County",2,15,207,109,98
050,21,191,"Kentucky","Pendleton County",2,16,199,102,97
050,21,191,"Kentucky","Pendleton County",2,17,194,101,93
050,21,191,"Kentucky","Pendleton County",2,18,173,89,84
050,21,191,"Kentucky","Pendleton County",2,19,141,79,62
050,21,191,"Kentucky","Pendleton County",2,20,146,74,72
050,21,191,"Kentucky","Pendleton County",2,21,152,76,76
050,21,191,"Kentucky","Pendleton County",2,22,151,78,73
050,21,191,"Kentucky","Pendleton County",2,23,143,73,70
050,21,191,"Kentucky","Pendleton County",2,24,157,89,68
050,21,191,"Kentucky","Pendleton County",2,25,175,96,79
050,21,191,"Kentucky","Pendleton County",2,26,192,105,87
050,21,191,"Kentucky","Pendleton County",2,27,204,111,93
050,21,191,"Kentucky","Pendleton County",2,28,198,107,91
050,21,191,"Kentucky","Pendleton County",2,29,190,97,93
050,21,191,"Kentucky","Pendleton County",2,30,193,100,93
050,21,191,"Kentucky","Pendleton County",2,31,182,95,87
050,21,191,"Kentucky","Pendleton County",2,32,173,83,90
050,21,191,"Kentucky","Pendleton County",2,33,158,82,76
050,21,191,"Kentucky","Pendleton County",2,34,141,72,69
050,21,191,"Kentucky","Pendleton County",2,35,150,78,72
050,21,191,"Kentucky","Pendleton County",2,36,160,80,80
050,21,191,"Kentucky","Pendleton County",2,37,160,78,82
050,21,191,"Kentucky","Pendleton County",2,38,160,77,83
050,21,191,"Kentucky","Pendleton County",2,39,163,81,82
050,21,191,"Kentucky","Pendleton County",2,40,168,84,84
050,21,191,"Kentucky","Pendleton County",2,41,159,81,78
050,21,191,"Kentucky","Pendleton County",2,42,179,96,83
050,21,191,"Kentucky","Pendleton County",2,43,175,89,86
050,21,191,"Kentucky","Pendleton County",2,44,164,86,78
050,21,191,"Kentucky","Pendleton County",2,45,169,93,76
050,21,191,"Kentucky","Pendleton County",2,46,174,97,77
050,21,191,"Kentucky","Pendleton County",2,47,182,100,82
050,21,191,"Kentucky","Pendleton County",2,48,201,102,99
050,21,191,"Kentucky","Pendleton County",2,49,214,109,105
050,21,191,"Kentucky","Pendleton County",2,50,212,106,106
050,21,191,"Kentucky","Pendleton County",2,51,207,111,96
050,21,191,"Kentucky","Pendleton County",2,52,198,100,98
050,21,191,"Kentucky","Pendleton County",2,53,223,112,111
050,21,191,"Kentucky","Pendleton County",2,54,244,135,109
050,21,191,"Kentucky","Pendleton County",2,55,244,127,117
050,21,191,"Kentucky","Pendleton County",2,56,238,133,105
050,21,191,"Kentucky","Pendleton County",2,57,242,131,111
050,21,191,"Kentucky","Pendleton County",2,58,222,114,108
050,21,191,"Kentucky","Pendleton County",2,59,229,112,117
050,21,191,"Kentucky","Pendleton County",2,60,237,118,119
050,21,191,"Kentucky","Pendleton County",2,61,227,115,112
050,21,191,"Kentucky","Pendleton County",2,62,227,120,107
050,21,191,"Kentucky","Pendleton County",2,63,241,129,112
050,21,191,"Kentucky","Pendleton County",2,64,218,113,105
050,21,191,"Kentucky","Pendleton County",2,65,194,96,98
050,21,191,"Kentucky","Pendleton County",2,66,168,81,87
050,21,191,"Kentucky","Pendleton County",2,67,157,70,87
050,21,191,"Kentucky","Pendleton County",2,68,160,77,83
050,21,191,"Kentucky","Pendleton County",2,69,150,80,70
050,21,191,"Kentucky","Pendleton County",2,70,146,73,73
050,21,191,"Kentucky","Pendleton County",2,71,153,81,72
050,21,191,"Kentucky","Pendleton County",2,72,145,77,68
050,21,191,"Kentucky","Pendleton County",2,73,147,78,69
050,21,191,"Kentucky","Pendleton County",2,74,99,50,49
050,21,191,"Kentucky","Pendleton County",2,75,95,45,50
050,21,191,"Kentucky","Pendleton County",2,76,87,36,51
050,21,191,"Kentucky","Pendleton County",2,77,85,36,49
050,21,191,"Kentucky","Pendleton County",2,78,70,31,39
050,21,191,"Kentucky","Pendleton County",2,79,60,26,34
050,21,191,"Kentucky","Pendleton County",2,80,64,28,36
050,21,191,"Kentucky","Pendleton County",2,81,60,28,32
050,21,191,"Kentucky","Pendleton County",2,82,46,24,22
050,21,191,"Kentucky","Pendleton County",2,83,41,21,20
050,21,191,"Kentucky","Pendleton County",2,84,37,19,18
050,21,191,"Kentucky","Pendleton County",2,85,220,80,140
050,21,191,"Kentucky","Pendleton County",3,0,169,88,81
050,21,191,"Kentucky","Pendleton County",3,1,173,94,79
050,21,191,"Kentucky","Pendleton County",3,2,177,86,91
050,21,191,"Kentucky","Pendleton County",3,3,182,104,78
050,21,191,"Kentucky","Pendleton County",3,4,180,100,80
050,21,191,"Kentucky","Pendleton County",3,5,195,107,88
050,21,191,"Kentucky","Pendleton County",3,6,189,88,101
050,21,191,"Kentucky","Pendleton County",3,7,172,77,95
050,21,191,"Kentucky","Pendleton County",3,8,187,86,101
050,21,191,"Kentucky","Pendleton County",3,9,183,90,93
050,21,191,"Kentucky","Pendleton County",3,10,172,99,73
050,21,191,"Kentucky","Pendleton County",3,11,188,107,81
050,21,191,"Kentucky","Pendleton County",3,12,208,115,93
050,21,191,"Kentucky","Pendleton County",3,13,212,109,103
050,21,191,"Kentucky","Pendleton County",3,14,205,108,97
050,21,191,"Kentucky","Pendleton County",3,15,225,119,106
050,21,191,"Kentucky","Pendleton County",3,16,205,115,90
050,21,191,"Kentucky","Pendleton County",3,17,192,99,93
050,21,191,"Kentucky","Pendleton County",3,18,161,86,75
050,21,191,"Kentucky","Pendleton County",3,19,141,74,67
050,21,191,"Kentucky","Pendleton County",3,20,146,81,65
050,21,191,"Kentucky","Pendleton County",3,21,153,79,74
050,21,191,"Kentucky","Pendleton County",3,22,161,80,81
050,21,191,"Kentucky","Pendleton County",3,23,158,87,71
050,21,191,"Kentucky","Pendleton County",3,24,130,69,61
050,21,191,"Kentucky","Pendleton County",3,25,150,86,64
050,21,191,"Kentucky","Pendleton County",3,26,174,95,79
050,21,191,"Kentucky","Pendleton County",3,27,195,114,81
050,21,191,"Kentucky","Pendleton County",3,28,194,103,91
050,21,191,"Kentucky","Pendleton County",3,29,196,106,90
050,21,191,"Kentucky","Pendleton County",3,30,200,101,99
050,21,191,"Kentucky","Pendleton County",3,31,194,102,92
050,21,191,"Kentucky","Pendleton County",3,32,181,85,96
050,21,191,"Kentucky","Pendleton County",3,33,170,84,86
050,21,191,"Kentucky","Pendleton County",3,34,155,86,69
050,21,191,"Kentucky","Pendleton County",3,35,138,66,72
050,21,191,"Kentucky","Pendleton County",3,36,151,79,72
050,21,191,"Kentucky","Pendleton County",3,37,160,79,81
050,21,191,"Kentucky","Pendleton County",3,38,155,76,79
050,21,191,"Kentucky","Pendleton County",3,39,160,81,79
050,21,191,"Kentucky","Pendleton County",3,40,158,77,81
050,21,191,"Kentucky","Pendleton County",3,41,168,83,85
050,21,191,"Kentucky","Pendleton County",3,42,168,84,84
050,21,191,"Kentucky","Pendleton County",3,43,184,100,84
050,21,191,"Kentucky","Pendleton County",3,44,171,88,83
050,21,191,"Kentucky","Pendleton County",3,45,159,80,79
050,21,191,"Kentucky","Pendleton County",3,46,170,92,78
050,21,191,"Kentucky","Pendleton County",3,47,178,101,77
050,21,191,"Kentucky","Pendleton County",3,48,188,103,85
050,21,191,"Kentucky","Pendleton County",3,49,201,102,99
050,21,191,"Kentucky","Pendleton County",3,50,211,111,100
050,21,191,"Kentucky","Pendleton County",3,51,213,109,104
050,21,191,"Kentucky","Pendleton County",3,52,195,103,92
050,21,191,"Kentucky","Pendleton County",3,53,198,100,98
050,21,191,"Kentucky","Pendleton County",3,54,217,109,108
050,21,191,"Kentucky","Pendleton County",3,55,245,132,113
050,21,191,"Kentucky","Pendleton County",3,56,250,131,119
050,21,191,"Kentucky","Pendleton County",3,57,234,127,107
050,21,191,"Kentucky","Pendleton County",3,58,246,132,114
050,21,191,"Kentucky","Pendleton County",3,59,226,121,105
050,21,191,"Kentucky","Pendleton County",3,60,231,114,117
050,21,191,"Kentucky","Pendleton County",3,61,223,110,113
050,21,191,"Kentucky","Pendleton County",3,62,225,114,111
050,21,191,"Kentucky","Pendleton County",3,63,214,112,102
050,21,191,"Kentucky","Pendleton County",3,64,240,129,111
050,21,191,"Kentucky","Pendleton County",3,65,217,111,106
050,21,191,"Kentucky","Pendleton County",3,66,181,87,94
050,21,191,"Kentucky","Pendleton County",3,67,172,82,90
050,21,191,"Kentucky","Pendleton County",3,68,160,69,91
050,21,191,"Kentucky","Pendleton County",3,69,155,74,81
050,21,191,"Kentucky","Pendleton County",3,70,149,80,69
050,21,191,"Kentucky","Pendleton County",3,71,143,71,72
050,21,191,"Kentucky","Pendleton County",3,72,153,79,74
050,21,191,"Kentucky","Pendleton County",3,73,145,76,69
050,21,191,"Kentucky","Pendleton County",3,74,141,75,66
050,21,191,"Kentucky","Pendleton County",3,75,96,47,49
050,21,191,"Kentucky","Pendleton County",3,76,89,40,49
050,21,191,"Kentucky","Pendleton County",3,77,80,31,49
050,21,191,"Kentucky","Pendleton County",3,78,78,33,45
050,21,191,"Kentucky","Pendleton County",3,79,69,28,41
050,21,191,"Kentucky","Pendleton County",3,80,55,23,32
050,21,191,"Kentucky","Pendleton County",3,81,62,24,38
050,21,191,"Kentucky","Pendleton County",3,82,52,24,28
050,21,191,"Kentucky","Pendleton County",3,83,42,20,22
050,21,191,"Kentucky","Pendleton County",3,84,38,20,18
050,21,191,"Kentucky","Pendleton County",3,85,208,84,124
050,21,191,"Kentucky","Pendleton County",4,0,162,79,83
050,21,191,"Kentucky","Pendleton County",4,1,163,88,75
050,21,191,"Kentucky","Pendleton County",4,2,180,98,82
050,21,191,"Kentucky","Pendleton County",4,3,180,86,94
050,21,191,"Kentucky","Pendleton County",4,4,175,100,75
050,21,191,"Kentucky","Pendleton County",4,5,186,101,85
050,21,191,"Kentucky","Pendleton County",4,6,204,109,95
050,21,191,"Kentucky","Pendleton County",4,7,184,90,94
050,21,191,"Kentucky","Pendleton County",4,8,180,83,97
050,21,191,"Kentucky","Pendleton County",4,9,194,92,102
050,21,191,"Kentucky","Pendleton County",4,10,190,96,94
050,21,191,"Kentucky","Pendleton County",4,11,171,96,75
050,21,191,"Kentucky","Pendleton County",4,12,190,109,81
050,21,191,"Kentucky","Pendleton County",4,13,206,111,95
050,21,191,"Kentucky","Pendleton County",4,14,203,103,100
050,21,191,"Kentucky","Pendleton County",4,15,207,111,96
050,21,191,"Kentucky","Pendleton County",4,16,222,119,103
050,21,191,"Kentucky","Pendleton County",4,17,194,110,84
050,21,191,"Kentucky","Pendleton County",4,18,160,85,75
050,21,191,"Kentucky","Pendleton County",4,19,120,64,56
050,21,191,"Kentucky","Pendleton County",4,20,137,66,71
050,21,191,"Kentucky","Pendleton County",4,21,155,85,70
050,21,191,"Kentucky","Pendleton County",4,22,157,78,79
050,21,191,"Kentucky","Pendleton County",4,23,166,80,86
050,21,191,"Kentucky","Pendleton County",4,24,184,105,79
050,21,191,"Kentucky","Pendleton County",4,25,137,72,65
050,21,191,"Kentucky","Pendleton County",4,26,158,89,69
050,21,191,"Kentucky","Pendleton County",4,27,177,106,71
050,21,191,"Kentucky","Pendleton County",4,28,199,112,87
050,21,191,"Kentucky","Pendleton County",4,29,199,103,96
050,21,191,"Kentucky","Pendleton County",4,30,198,110,88
050,21,191,"Kentucky","Pendleton County",4,31,212,105,107
050,21,191,"Kentucky","Pendleton County",4,32,195,94,101
050,21,191,"Kentucky","Pendleton County",4,33,189,91,98
050,21,191,"Kentucky","Pendleton County",4,34,177,88,89
050,21,191,"Kentucky","Pendleton County",4,35,147,82,65
050,21,191,"Kentucky","Pendleton County",4,36,145,71,74
050,21,191,"Kentucky","Pendleton County",4,37,150,80,70
050,21,191,"Kentucky","Pendleton County",4,38,158,76,82
050,21,191,"Kentucky","Pendleton County",4,39,165,86,79
050,21,191,"Kentucky","Pendleton County",4,40,159,79,80
050,21,191,"Kentucky","Pendleton County",4,41,167,78,89
050,21,191,"Kentucky","Pendleton County",4,42,171,89,82
050,21,191,"Kentucky","Pendleton County",4,43,169,83,86
050,21,191,"Kentucky","Pendleton County",4,44,174,99,75
050,21,191,"Kentucky","Pendleton County",4,45,170,88,82
050,21,191,"Kentucky","Pendleton County",4,46,156,77,79
050,21,191,"Kentucky","Pendleton County",4,47,178,95,83
050,21,191,"Kentucky","Pendleton County",4,48,193,109,84
050,21,191,"Kentucky","Pendleton County",4,49,180,95,85
050,21,191,"Kentucky","Pendleton County",4,50,201,103,98
050,21,191,"Kentucky","Pendleton County",4,51,217,118,99
050,21,191,"Kentucky","Pendleton County",4,52,213,111,102
050,21,191,"Kentucky","Pendleton County",4,53,192,104,88
050,21,191,"Kentucky","Pendleton County",4,54,196,96,100
050,21,191,"Kentucky","Pendleton County",4,55,216,106,110
050,21,191,"Kentucky","Pendleton County",4,56,254,135,119
050,21,191,"Kentucky","Pendleton County",4,57,248,131,117
050,21,191,"Kentucky","Pendleton County",4,58,231,129,102
050,21,191,"Kentucky","Pendleton County",4,59,246,134,112
050,21,191,"Kentucky","Pendleton County",4,60,225,120,105
050,21,191,"Kentucky","Pendleton County",4,61,226,112,114
050,21,191,"Kentucky","Pendleton County",4,62,221,111,110
050,21,191,"Kentucky","Pendleton County",4,63,224,114,110
050,21,191,"Kentucky","Pendleton County",4,64,209,109,100
050,21,191,"Kentucky","Pendleton County",4,65,245,133,112
050,21,191,"Kentucky","Pendleton County",4,66,212,107,105
050,21,191,"Kentucky","Pendleton County",4,67,178,87,91
050,21,191,"Kentucky","Pendleton County",4,68,170,79,91
050,21,191,"Kentucky","Pendleton County",4,69,148,67,81
050,21,191,"Kentucky","Pendleton County",4,70,152,71,81
050,21,191,"Kentucky","Pendleton County",4,71,144,76,68
050,21,191,"Kentucky","Pendleton County",4,72,142,70,72
050,21,191,"Kentucky","Pendleton County",4,73,149,75,74
050,21,191,"Kentucky","Pendleton County",4,74,140,72,68
050,21,191,"Kentucky","Pendleton County",4,75,134,72,62
050,21,191,"Kentucky","Pendleton County",4,76,99,46,53
050,21,191,"Kentucky","Pendleton County",4,77,82,36,46
050,21,191,"Kentucky","Pendleton County",4,78,71,28,43
050,21,191,"Kentucky","Pendleton County",4,79,74,31,43
050,21,191,"Kentucky","Pendleton County",4,80,65,25,40
050,21,191,"Kentucky","Pendleton County",4,81,50,21,29
050,21,191,"Kentucky","Pendleton County",4,82,51,20,31
050,21,191,"Kentucky","Pendleton County",4,83,49,22,27
050,21,191,"Kentucky","Pendleton County",4,84,36,15,21
050,21,191,"Kentucky","Pendleton County",4,85,200,88,112
050,21,191,"Kentucky","Pendleton County",5,0,166,79,87
050,21,191,"Kentucky","Pendleton County",5,1,164,87,77
050,21,191,"Kentucky","Pendleton County",5,2,171,89,82
050,21,191,"Kentucky","Pendleton County",5,3,198,112,86
050,21,191,"Kentucky","Pendleton County",5,4,185,87,98
050,21,191,"Kentucky","Pendleton County",5,5,184,105,79
050,21,191,"Kentucky","Pendleton County",5,6,193,108,85
050,21,191,"Kentucky","Pendleton County",5,7,204,107,97
050,21,191,"Kentucky","Pendleton County",5,8,180,90,90
050,21,191,"Kentucky","Pendleton County",5,9,168,71,97
050,21,191,"Kentucky","Pendleton County",5,10,202,99,103
050,21,191,"Kentucky","Pendleton County",5,11,188,101,87
050,21,191,"Kentucky","Pendleton County",5,12,160,91,69
050,21,191,"Kentucky","Pendleton County",5,13,193,115,78
050,21,191,"Kentucky","Pendleton County",5,14,221,118,103
050,21,191,"Kentucky","Pendleton County",5,15,203,100,103
050,21,191,"Kentucky","Pendleton County",5,16,208,110,98
050,21,191,"Kentucky","Pendleton County",5,17,226,125,101
050,21,191,"Kentucky","Pendleton County",5,18,164,95,69
050,21,191,"Kentucky","Pendleton County",5,19,122,66,56
050,21,191,"Kentucky","Pendleton County",5,20,130,62,68
050,21,191,"Kentucky","Pendleton County",5,21,152,72,80
050,21,191,"Kentucky","Pendleton County",5,22,160,84,76
050,21,191,"Kentucky","Pendleton County",5,23,171,88,83
050,21,191,"Kentucky","Pendleton County",5,24,177,89,88
050,21,191,"Kentucky","Pendleton County",5,25,176,102,74
050,21,191,"Kentucky","Pendleton County",5,26,124,67,57
050,21,191,"Kentucky","Pendleton County",5,27,162,98,64
050,21,191,"Kentucky","Pendleton County",5,28,177,105,72
050,21,191,"Kentucky","Pendleton County",5,29,194,107,87
050,21,191,"Kentucky","Pendleton County",5,30,195,101,94
050,21,191,"Kentucky","Pendleton County",5,31,192,108,84
050,21,191,"Kentucky","Pendleton County",5,32,209,99,110
050,21,191,"Kentucky","Pendleton County",5,33,202,100,102
050,21,191,"Kentucky","Pendleton County",5,34,191,94,97
050,21,191,"Kentucky","Pendleton County",5,35,182,92,90
050,21,191,"Kentucky","Pendleton County",5,36,152,87,65
050,21,191,"Kentucky","Pendleton County",5,37,143,65,78
050,21,191,"Kentucky","Pendleton County",5,38,144,77,67
050,21,191,"Kentucky","Pendleton County",5,39,160,82,78
050,21,191,"Kentucky","Pendleton County",5,40,170,81,89
050,21,191,"Kentucky","Pendleton County",5,41,160,80,80
050,21,191,"Kentucky","Pendleton County",5,42,159,76,83
050,21,191,"Kentucky","Pendleton County",5,43,181,90,91
050,21,191,"Kentucky","Pendleton County",5,44,166,84,82
050,21,191,"Kentucky","Pendleton County",5,45,173,98,75
050,21,191,"Kentucky","Pendleton County",5,46,179,93,86
050,21,191,"Kentucky","Pendleton County",5,47,170,86,84
050,21,191,"Kentucky","Pendleton County",5,48,191,99,92
050,21,191,"Kentucky","Pendleton County",5,49,182,99,83
050,21,191,"Kentucky","Pendleton County",5,50,180,94,86
050,21,191,"Kentucky","Pendleton County",5,51,210,111,99
050,21,191,"Kentucky","Pendleton County",5,52,211,115,96
050,21,191,"Kentucky","Pendleton County",5,53,224,119,105
050,21,191,"Kentucky","Pendleton County",5,54,191,101,90
050,21,191,"Kentucky","Pendleton County",5,55,200,95,105
050,21,191,"Kentucky","Pendleton County",5,56,224,112,112
050,21,191,"Kentucky","Pendleton County",5,57,250,136,114
050,21,191,"Kentucky","Pendleton County",5,58,248,131,117
050,21,191,"Kentucky","Pendleton County",5,59,223,125,98
050,21,191,"Kentucky","Pendleton County",5,60,246,135,111
050,21,191,"Kentucky","Pendleton County",5,61,227,118,109
050,21,191,"Kentucky","Pendleton County",5,62,228,113,115
050,21,191,"Kentucky","Pendleton County",5,63,217,108,109
050,21,191,"Kentucky","Pendleton County",5,64,221,111,110
050,21,191,"Kentucky","Pendleton County",5,65,207,112,95
050,21,191,"Kentucky","Pendleton County",5,66,239,127,112
050,21,191,"Kentucky","Pendleton County",5,67,211,108,103
050,21,191,"Kentucky","Pendleton County",5,68,177,82,95
050,21,191,"Kentucky","Pendleton County",5,69,160,77,83
050,21,191,"Kentucky","Pendleton County",5,70,148,64,84
050,21,191,"Kentucky","Pendleton County",5,71,148,68,80
050,21,191,"Kentucky","Pendleton County",5,72,143,71,72
050,21,191,"Kentucky","Pendleton County",5,73,137,68,69
050,21,191,"Kentucky","Pendleton County",5,74,142,73,69
050,21,191,"Kentucky","Pendleton County",5,75,136,67,69
050,21,191,"Kentucky","Pendleton County",5,76,136,73,63
050,21,191,"Kentucky","Pendleton County",5,77,95,42,53
050,21,191,"Kentucky","Pendleton County",5,78,77,32,45
050,21,191,"Kentucky","Pendleton County",5,79,69,27,42
050,21,191,"Kentucky","Pendleton County",5,80,68,28,40
050,21,191,"Kentucky","Pendleton County",5,81,61,22,39
050,21,191,"Kentucky","Pendleton County",5,82,40,16,24
050,21,191,"Kentucky","Pendleton County",5,83,49,19,30
050,21,191,"Kentucky","Pendleton County",5,84,42,17,25
050,21,191,"Kentucky","Pendleton County",5,85,201,92,109
050,21,193,"Kentucky","Perry County",1,0,342,177,165
050,21,193,"Kentucky","Perry County",1,1,344,183,161
050,21,193,"Kentucky","Perry County",1,2,372,200,172
050,21,193,"Kentucky","Perry County",1,3,389,193,196
050,21,193,"Kentucky","Perry County",1,4,397,200,197
050,21,193,"Kentucky","Perry County",1,5,373,193,180
050,21,193,"Kentucky","Perry County",1,6,381,201,180
050,21,193,"Kentucky","Perry County",1,7,363,189,174
050,21,193,"Kentucky","Perry County",1,8,360,186,174
050,21,193,"Kentucky","Perry County",1,9,354,192,162
050,21,193,"Kentucky","Perry County",1,10,366,202,164
050,21,193,"Kentucky","Perry County",1,11,360,185,175
050,21,193,"Kentucky","Perry County",1,12,384,188,196
050,21,193,"Kentucky","Perry County",1,13,382,218,164
050,21,193,"Kentucky","Perry County",1,14,359,192,167
050,21,193,"Kentucky","Perry County",1,15,371,204,167
050,21,193,"Kentucky","Perry County",1,16,376,191,185
050,21,193,"Kentucky","Perry County",1,17,377,213,164
050,21,193,"Kentucky","Perry County",1,18,296,158,138
050,21,193,"Kentucky","Perry County",1,19,256,131,125
050,21,193,"Kentucky","Perry County",1,20,255,133,122
050,21,193,"Kentucky","Perry County",1,21,255,140,115
050,21,193,"Kentucky","Perry County",1,22,289,160,129
050,21,193,"Kentucky","Perry County",1,23,291,147,144
050,21,193,"Kentucky","Perry County",1,24,293,134,159
050,21,193,"Kentucky","Perry County",1,25,330,165,165
050,21,193,"Kentucky","Perry County",1,26,330,169,161
050,21,193,"Kentucky","Perry County",1,27,346,184,162
050,21,193,"Kentucky","Perry County",1,28,369,184,185
050,21,193,"Kentucky","Perry County",1,29,380,180,200
050,21,193,"Kentucky","Perry County",1,30,352,171,181
050,21,193,"Kentucky","Perry County",1,31,359,176,183
050,21,193,"Kentucky","Perry County",1,32,330,169,161
050,21,193,"Kentucky","Perry County",1,33,338,181,157
050,21,193,"Kentucky","Perry County",1,34,366,190,176
050,21,193,"Kentucky","Perry County",1,35,331,163,168
050,21,193,"Kentucky","Perry County",1,36,333,164,169
050,21,193,"Kentucky","Perry County",1,37,365,185,180
050,21,193,"Kentucky","Perry County",1,38,348,173,175
050,21,193,"Kentucky","Perry County",1,39,348,175,173
050,21,193,"Kentucky","Perry County",1,40,350,172,178
050,21,193,"Kentucky","Perry County",1,41,375,186,189
050,21,193,"Kentucky","Perry County",1,42,359,176,183
050,21,193,"Kentucky","Perry County",1,43,373,177,196
050,21,193,"Kentucky","Perry County",1,44,365,174,191
050,21,193,"Kentucky","Perry County",1,45,346,181,165
050,21,193,"Kentucky","Perry County",1,46,362,188,174
050,21,193,"Kentucky","Perry County",1,47,338,163,175
050,21,193,"Kentucky","Perry County",1,48,366,172,194
050,21,193,"Kentucky","Perry County",1,49,403,180,223
050,21,193,"Kentucky","Perry County",1,50,402,197,205
050,21,193,"Kentucky","Perry County",1,51,372,211,161
050,21,193,"Kentucky","Perry County",1,52,423,211,212
050,21,193,"Kentucky","Perry County",1,53,432,207,225
050,21,193,"Kentucky","Perry County",1,54,417,204,213
050,21,193,"Kentucky","Perry County",1,55,414,198,216
050,21,193,"Kentucky","Perry County",1,56,409,197,212
050,21,193,"Kentucky","Perry County",1,57,367,159,208
050,21,193,"Kentucky","Perry County",1,58,392,169,223
050,21,193,"Kentucky","Perry County",1,59,424,199,225
050,21,193,"Kentucky","Perry County",1,60,436,206,230
050,21,193,"Kentucky","Perry County",1,61,398,192,206
050,21,193,"Kentucky","Perry County",1,62,422,223,199
050,21,193,"Kentucky","Perry County",1,63,412,208,204
050,21,193,"Kentucky","Perry County",1,64,391,184,207
050,21,193,"Kentucky","Perry County",1,65,386,180,206
050,21,193,"Kentucky","Perry County",1,66,382,182,200
050,21,193,"Kentucky","Perry County",1,67,378,171,207
050,21,193,"Kentucky","Perry County",1,68,354,164,190
050,21,193,"Kentucky","Perry County",1,69,339,167,172
050,21,193,"Kentucky","Perry County",1,70,314,170,144
050,21,193,"Kentucky","Perry County",1,71,284,151,133
050,21,193,"Kentucky","Perry County",1,72,269,136,133
050,21,193,"Kentucky","Perry County",1,73,270,114,156
050,21,193,"Kentucky","Perry County",1,74,192,81,111
050,21,193,"Kentucky","Perry County",1,75,194,94,100
050,21,193,"Kentucky","Perry County",1,76,177,73,104
050,21,193,"Kentucky","Perry County",1,77,169,65,104
050,21,193,"Kentucky","Perry County",1,78,139,64,75
050,21,193,"Kentucky","Perry County",1,79,130,59,71
050,21,193,"Kentucky","Perry County",1,80,118,63,55
050,21,193,"Kentucky","Perry County",1,81,121,61,60
050,21,193,"Kentucky","Perry County",1,82,122,58,64
050,21,193,"Kentucky","Perry County",1,83,116,56,60
050,21,193,"Kentucky","Perry County",1,84,84,30,54
050,21,193,"Kentucky","Perry County",1,85,374,164,210
050,21,193,"Kentucky","Perry County",2,0,327,167,160
050,21,193,"Kentucky","Perry County",2,1,341,180,161
050,21,193,"Kentucky","Perry County",2,2,368,196,172
050,21,193,"Kentucky","Perry County",2,3,384,194,190
050,21,193,"Kentucky","Perry County",2,4,396,199,197
050,21,193,"Kentucky","Perry County",2,5,378,195,183
050,21,193,"Kentucky","Perry County",2,6,379,198,181
050,21,193,"Kentucky","Perry County",2,7,364,190,174
050,21,193,"Kentucky","Perry County",2,8,361,186,175
050,21,193,"Kentucky","Perry County",2,9,353,190,163
050,21,193,"Kentucky","Perry County",2,10,362,198,164
050,21,193,"Kentucky","Perry County",2,11,358,186,172
050,21,193,"Kentucky","Perry County",2,12,377,186,191
050,21,193,"Kentucky","Perry County",2,13,384,213,171
050,21,193,"Kentucky","Perry County",2,14,365,197,168
050,21,193,"Kentucky","Perry County",2,15,366,200,166
050,21,193,"Kentucky","Perry County",2,16,373,192,181
050,21,193,"Kentucky","Perry County",2,17,379,211,168
050,21,193,"Kentucky","Perry County",2,18,297,162,135
050,21,193,"Kentucky","Perry County",2,19,252,129,123
050,21,193,"Kentucky","Perry County",2,20,260,134,126
050,21,193,"Kentucky","Perry County",2,21,254,137,117
050,21,193,"Kentucky","Perry County",2,22,285,157,128
050,21,193,"Kentucky","Perry County",2,23,295,150,145
050,21,193,"Kentucky","Perry County",2,24,293,137,156
050,21,193,"Kentucky","Perry County",2,25,324,159,165
050,21,193,"Kentucky","Perry County",2,26,331,168,163
050,21,193,"Kentucky","Perry County",2,27,343,179,164
050,21,193,"Kentucky","Perry County",2,28,362,187,175
050,21,193,"Kentucky","Perry County",2,29,378,183,195
050,21,193,"Kentucky","Perry County",2,30,361,175,186
050,21,193,"Kentucky","Perry County",2,31,356,173,183
050,21,193,"Kentucky","Perry County",2,32,332,170,162
050,21,193,"Kentucky","Perry County",2,33,332,174,158
050,21,193,"Kentucky","Perry County",2,34,356,188,168
050,21,193,"Kentucky","Perry County",2,35,340,169,171
050,21,193,"Kentucky","Perry County",2,36,331,164,167
050,21,193,"Kentucky","Perry County",2,37,358,179,179
050,21,193,"Kentucky","Perry County",2,38,352,176,176
050,21,193,"Kentucky","Perry County",2,39,344,171,173
050,21,193,"Kentucky","Perry County",2,40,348,173,175
050,21,193,"Kentucky","Perry County",2,41,366,182,184
050,21,193,"Kentucky","Perry County",2,42,355,175,180
050,21,193,"Kentucky","Perry County",2,43,370,176,194
050,21,193,"Kentucky","Perry County",2,44,365,174,191
050,21,193,"Kentucky","Perry County",2,45,350,178,172
050,21,193,"Kentucky","Perry County",2,46,357,187,170
050,21,193,"Kentucky","Perry County",2,47,339,165,174
050,21,193,"Kentucky","Perry County",2,48,357,167,190
050,21,193,"Kentucky","Perry County",2,49,396,180,216
050,21,193,"Kentucky","Perry County",2,50,404,193,211
050,21,193,"Kentucky","Perry County",2,51,375,206,169
050,21,193,"Kentucky","Perry County",2,52,410,210,200
050,21,193,"Kentucky","Perry County",2,53,429,207,222
050,21,193,"Kentucky","Perry County",2,54,415,200,215
050,21,193,"Kentucky","Perry County",2,55,413,198,215
050,21,193,"Kentucky","Perry County",2,56,412,198,214
050,21,193,"Kentucky","Perry County",2,57,377,169,208
050,21,193,"Kentucky","Perry County",2,58,386,167,219
050,21,193,"Kentucky","Perry County",2,59,415,193,222
050,21,193,"Kentucky","Perry County",2,60,425,199,226
050,21,193,"Kentucky","Perry County",2,61,403,192,211
050,21,193,"Kentucky","Perry County",2,62,413,213,200
050,21,193,"Kentucky","Perry County",2,63,417,214,203
050,21,193,"Kentucky","Perry County",2,64,388,186,202
050,21,193,"Kentucky","Perry County",2,65,385,180,205
050,21,193,"Kentucky","Perry County",2,66,379,182,197
050,21,193,"Kentucky","Perry County",2,67,376,172,204
050,21,193,"Kentucky","Perry County",2,68,357,165,192
050,21,193,"Kentucky","Perry County",2,69,337,161,176
050,21,193,"Kentucky","Perry County",2,70,318,169,149
050,21,193,"Kentucky","Perry County",2,71,288,154,134
050,21,193,"Kentucky","Perry County",2,72,262,136,126
050,21,193,"Kentucky","Perry County",2,73,281,124,157
050,21,193,"Kentucky","Perry County",2,74,196,82,114
050,21,193,"Kentucky","Perry County",2,75,192,90,102
050,21,193,"Kentucky","Perry County",2,76,177,76,101
050,21,193,"Kentucky","Perry County",2,77,172,66,106
050,21,193,"Kentucky","Perry County",2,78,141,63,78
050,21,193,"Kentucky","Perry County",2,79,128,58,70
050,21,193,"Kentucky","Perry County",2,80,120,62,58
050,21,193,"Kentucky","Perry County",2,81,119,61,58
050,21,193,"Kentucky","Perry County",2,82,122,59,63
050,21,193,"Kentucky","Perry County",2,83,114,56,58
050,21,193,"Kentucky","Perry County",2,84,88,35,53
050,21,193,"Kentucky","Perry County",2,85,379,163,216
050,21,193,"Kentucky","Perry County",3,0,327,173,154
050,21,193,"Kentucky","Perry County",3,1,325,162,163
050,21,193,"Kentucky","Perry County",3,2,342,179,163
050,21,193,"Kentucky","Perry County",3,3,360,187,173
050,21,193,"Kentucky","Perry County",3,4,364,188,176
050,21,193,"Kentucky","Perry County",3,5,386,192,194
050,21,193,"Kentucky","Perry County",3,6,373,198,175
050,21,193,"Kentucky","Perry County",3,7,368,196,172
050,21,193,"Kentucky","Perry County",3,8,362,193,169
050,21,193,"Kentucky","Perry County",3,9,354,177,177
050,21,193,"Kentucky","Perry County",3,10,365,199,166
050,21,193,"Kentucky","Perry County",3,11,352,195,157
050,21,193,"Kentucky","Perry County",3,12,361,183,178
050,21,193,"Kentucky","Perry County",3,13,392,201,191
050,21,193,"Kentucky","Perry County",3,14,384,205,179
050,21,193,"Kentucky","Perry County",3,15,353,193,160
050,21,193,"Kentucky","Perry County",3,16,360,190,170
050,21,193,"Kentucky","Perry County",3,17,378,205,173
050,21,193,"Kentucky","Perry County",3,18,297,165,132
050,21,193,"Kentucky","Perry County",3,19,228,128,100
050,21,193,"Kentucky","Perry County",3,20,259,128,131
050,21,193,"Kentucky","Perry County",3,21,267,139,128
050,21,193,"Kentucky","Perry County",3,22,275,147,128
050,21,193,"Kentucky","Perry County",3,23,299,162,137
050,21,193,"Kentucky","Perry County",3,24,295,149,146
050,21,193,"Kentucky","Perry County",3,25,290,135,155
050,21,193,"Kentucky","Perry County",3,26,317,154,163
050,21,193,"Kentucky","Perry County",3,27,328,155,173
050,21,193,"Kentucky","Perry County",3,28,328,179,149
050,21,193,"Kentucky","Perry County",3,29,360,173,187
050,21,193,"Kentucky","Perry County",3,30,370,174,196
050,21,193,"Kentucky","Perry County",3,31,376,178,198
050,21,193,"Kentucky","Perry County",3,32,366,180,186
050,21,193,"Kentucky","Perry County",3,33,329,159,170
050,21,193,"Kentucky","Perry County",3,34,324,177,147
050,21,193,"Kentucky","Perry County",3,35,347,184,163
050,21,193,"Kentucky","Perry County",3,36,345,170,175
050,21,193,"Kentucky","Perry County",3,37,334,167,167
050,21,193,"Kentucky","Perry County",3,38,345,169,176
050,21,193,"Kentucky","Perry County",3,39,342,171,171
050,21,193,"Kentucky","Perry County",3,40,337,166,171
050,21,193,"Kentucky","Perry County",3,41,349,173,176
050,21,193,"Kentucky","Perry County",3,42,364,182,182
050,21,193,"Kentucky","Perry County",3,43,357,174,183
050,21,193,"Kentucky","Perry County",3,44,364,174,190
050,21,193,"Kentucky","Perry County",3,45,347,169,178
050,21,193,"Kentucky","Perry County",3,46,352,184,168
050,21,193,"Kentucky","Perry County",3,47,340,173,167
050,21,193,"Kentucky","Perry County",3,48,335,166,169
050,21,193,"Kentucky","Perry County",3,49,347,165,182
050,21,193,"Kentucky","Perry County",3,50,394,179,215
050,21,193,"Kentucky","Perry County",3,51,391,189,202
050,21,193,"Kentucky","Perry County",3,52,374,203,171
050,21,193,"Kentucky","Perry County",3,53,399,209,190
050,21,193,"Kentucky","Perry County",3,54,410,196,214
050,21,193,"Kentucky","Perry County",3,55,405,192,213
050,21,193,"Kentucky","Perry County",3,56,397,192,205
050,21,193,"Kentucky","Perry County",3,57,406,193,213
050,21,193,"Kentucky","Perry County",3,58,373,165,208
050,21,193,"Kentucky","Perry County",3,59,377,162,215
050,21,193,"Kentucky","Perry County",3,60,400,183,217
050,21,193,"Kentucky","Perry County",3,61,416,188,228
050,21,193,"Kentucky","Perry County",3,62,381,180,201
050,21,193,"Kentucky","Perry County",3,63,411,214,197
050,21,193,"Kentucky","Perry County",3,64,400,202,198
050,21,193,"Kentucky","Perry County",3,65,372,174,198
050,21,193,"Kentucky","Perry County",3,66,369,172,197
050,21,193,"Kentucky","Perry County",3,67,369,175,194
050,21,193,"Kentucky","Perry County",3,68,376,176,200
050,21,193,"Kentucky","Perry County",3,69,341,151,190
050,21,193,"Kentucky","Perry County",3,70,326,160,166
050,21,193,"Kentucky","Perry County",3,71,292,156,136
050,21,193,"Kentucky","Perry County",3,72,268,143,125
050,21,193,"Kentucky","Perry County",3,73,249,127,122
050,21,193,"Kentucky","Perry County",3,74,272,120,152
050,21,193,"Kentucky","Perry County",3,75,189,78,111
050,21,193,"Kentucky","Perry County",3,76,179,87,92
050,21,193,"Kentucky","Perry County",3,77,157,65,92
050,21,193,"Kentucky","Perry County",3,78,158,61,97
050,21,193,"Kentucky","Perry County",3,79,124,54,70
050,21,193,"Kentucky","Perry County",3,80,117,52,65
050,21,193,"Kentucky","Perry County",3,81,105,57,48
050,21,193,"Kentucky","Perry County",3,82,110,52,58
050,21,193,"Kentucky","Perry County",3,83,108,58,50
050,21,193,"Kentucky","Perry County",3,84,105,50,55
050,21,193,"Kentucky","Perry County",3,85,388,173,215
050,21,193,"Kentucky","Perry County",4,0,305,159,146
050,21,193,"Kentucky","Perry County",4,1,325,169,156
050,21,193,"Kentucky","Perry County",4,2,312,151,161
050,21,193,"Kentucky","Perry County",4,3,326,173,153
050,21,193,"Kentucky","Perry County",4,4,345,177,168
050,21,193,"Kentucky","Perry County",4,5,357,182,175
050,21,193,"Kentucky","Perry County",4,6,377,185,192
050,21,193,"Kentucky","Perry County",4,7,374,202,172
050,21,193,"Kentucky","Perry County",4,8,364,191,173
050,21,193,"Kentucky","Perry County",4,9,360,197,163
050,21,193,"Kentucky","Perry County",4,10,354,182,172
050,21,193,"Kentucky","Perry County",4,11,358,192,166
050,21,193,"Kentucky","Perry County",4,12,341,185,156
050,21,193,"Kentucky","Perry County",4,13,379,196,183
050,21,193,"Kentucky","Perry County",4,14,397,196,201
050,21,193,"Kentucky","Perry County",4,15,374,198,176
050,21,193,"Kentucky","Perry County",4,16,339,175,164
050,21,193,"Kentucky","Perry County",4,17,375,199,176
050,21,193,"Kentucky","Perry County",4,18,292,161,131
050,21,193,"Kentucky","Perry County",4,19,224,129,95
050,21,193,"Kentucky","Perry County",4,20,245,135,110
050,21,193,"Kentucky","Perry County",4,21,254,122,132
050,21,193,"Kentucky","Perry County",4,22,290,156,134
050,21,193,"Kentucky","Perry County",4,23,292,155,137
050,21,193,"Kentucky","Perry County",4,24,288,157,131
050,21,193,"Kentucky","Perry County",4,25,304,154,150
050,21,193,"Kentucky","Perry County",4,26,268,117,151
050,21,193,"Kentucky","Perry County",4,27,315,145,170
050,21,193,"Kentucky","Perry County",4,28,327,163,164
050,21,193,"Kentucky","Perry County",4,29,335,179,156
050,21,193,"Kentucky","Perry County",4,30,352,175,177
050,21,193,"Kentucky","Perry County",4,31,365,172,193
050,21,193,"Kentucky","Perry County",4,32,363,174,189
050,21,193,"Kentucky","Perry County",4,33,369,173,196
050,21,193,"Kentucky","Perry County",4,34,319,159,160
050,21,193,"Kentucky","Perry County",4,35,321,177,144
050,21,193,"Kentucky","Perry County",4,36,345,190,155
050,21,193,"Kentucky","Perry County",4,37,350,169,181
050,21,193,"Kentucky","Perry County",4,38,316,153,163
050,21,193,"Kentucky","Perry County",4,39,335,161,174
050,21,193,"Kentucky","Perry County",4,40,342,171,171
050,21,193,"Kentucky","Perry County",4,41,334,164,170
050,21,193,"Kentucky","Perry County",4,42,345,176,169
050,21,193,"Kentucky","Perry County",4,43,353,173,180
050,21,193,"Kentucky","Perry County",4,44,364,172,192
050,21,193,"Kentucky","Perry County",4,45,344,167,177
050,21,193,"Kentucky","Perry County",4,46,352,172,180
050,21,193,"Kentucky","Perry County",4,47,337,170,167
050,21,193,"Kentucky","Perry County",4,48,337,169,168
050,21,193,"Kentucky","Perry County",4,49,322,160,162
050,21,193,"Kentucky","Perry County",4,50,345,163,182
050,21,193,"Kentucky","Perry County",4,51,385,178,207
050,21,193,"Kentucky","Perry County",4,52,374,175,199
050,21,193,"Kentucky","Perry County",4,53,368,207,161
050,21,193,"Kentucky","Perry County",4,54,376,196,180
050,21,193,"Kentucky","Perry County",4,55,395,189,206
050,21,193,"Kentucky","Perry County",4,56,387,183,204
050,21,193,"Kentucky","Perry County",4,57,399,193,206
050,21,193,"Kentucky","Perry County",4,58,391,184,207
050,21,193,"Kentucky","Perry County",4,59,359,158,201
050,21,193,"Kentucky","Perry County",4,60,365,160,205
050,21,193,"Kentucky","Perry County",4,61,402,183,219
050,21,193,"Kentucky","Perry County",4,62,394,179,215
050,21,193,"Kentucky","Perry County",4,63,368,173,195
050,21,193,"Kentucky","Perry County",4,64,400,206,194
050,21,193,"Kentucky","Perry County",4,65,381,193,188
050,21,193,"Kentucky","Perry County",4,66,359,168,191
050,21,193,"Kentucky","Perry County",4,67,357,165,192
050,21,193,"Kentucky","Perry County",4,68,359,172,187
050,21,193,"Kentucky","Perry County",4,69,357,161,196
050,21,193,"Kentucky","Perry County",4,70,334,149,185
050,21,193,"Kentucky","Perry County",4,71,294,146,148
050,21,193,"Kentucky","Perry County",4,72,282,152,130
050,21,193,"Kentucky","Perry County",4,73,253,133,120
050,21,193,"Kentucky","Perry County",4,74,235,119,116
050,21,193,"Kentucky","Perry County",4,75,252,112,140
050,21,193,"Kentucky","Perry County",4,76,182,78,104
050,21,193,"Kentucky","Perry County",4,77,164,78,86
050,21,193,"Kentucky","Perry County",4,78,138,61,77
050,21,193,"Kentucky","Perry County",4,79,138,50,88
050,21,193,"Kentucky","Perry County",4,80,109,47,62
050,21,193,"Kentucky","Perry County",4,81,109,51,58
050,21,193,"Kentucky","Perry County",4,82,96,51,45
050,21,193,"Kentucky","Perry County",4,83,98,52,46
050,21,193,"Kentucky","Perry County",4,84,95,52,43
050,21,193,"Kentucky","Perry County",4,85,406,189,217
050,21,193,"Kentucky","Perry County",5,0,310,163,147
050,21,193,"Kentucky","Perry County",5,1,321,167,154
050,21,193,"Kentucky","Perry County",5,2,332,174,158
050,21,193,"Kentucky","Perry County",5,3,320,158,162
050,21,193,"Kentucky","Perry County",5,4,339,178,161
050,21,193,"Kentucky","Perry County",5,5,346,179,167
050,21,193,"Kentucky","Perry County",5,6,362,187,175
050,21,193,"Kentucky","Perry County",5,7,376,189,187
050,21,193,"Kentucky","Perry County",5,8,371,203,168
050,21,193,"Kentucky","Perry County",5,9,355,184,171
050,21,193,"Kentucky","Perry County",5,10,355,190,165
050,21,193,"Kentucky","Perry County",5,11,348,183,165
050,21,193,"Kentucky","Perry County",5,12,356,188,168
050,21,193,"Kentucky","Perry County",5,13,366,198,168
050,21,193,"Kentucky","Perry County",5,14,392,193,199
050,21,193,"Kentucky","Perry County",5,15,387,193,194
050,21,193,"Kentucky","Perry County",5,16,364,185,179
050,21,193,"Kentucky","Perry County",5,17,351,192,159
050,21,193,"Kentucky","Perry County",5,18,294,160,134
050,21,193,"Kentucky","Perry County",5,19,232,129,103
050,21,193,"Kentucky","Perry County",5,20,238,135,103
050,21,193,"Kentucky","Perry County",5,21,264,147,117
050,21,193,"Kentucky","Perry County",5,22,293,143,150
050,21,193,"Kentucky","Perry County",5,23,307,159,148
050,21,193,"Kentucky","Perry County",5,24,297,162,135
050,21,193,"Kentucky","Perry County",5,25,290,156,134
050,21,193,"Kentucky","Perry County",5,26,306,142,164
050,21,193,"Kentucky","Perry County",5,27,283,122,161
050,21,193,"Kentucky","Perry County",5,28,318,160,158
050,21,193,"Kentucky","Perry County",5,29,326,166,160
050,21,193,"Kentucky","Perry County",5,30,324,165,159
050,21,193,"Kentucky","Perry County",5,31,351,172,179
050,21,193,"Kentucky","Perry County",5,32,371,178,193
050,21,193,"Kentucky","Perry County",5,33,359,158,201
050,21,193,"Kentucky","Perry County",5,34,363,174,189
050,21,193,"Kentucky","Perry County",5,35,311,156,155
050,21,193,"Kentucky","Perry County",5,36,321,180,141
050,21,193,"Kentucky","Perry County",5,37,344,188,156
050,21,193,"Kentucky","Perry County",5,38,337,154,183
050,21,193,"Kentucky","Perry County",5,39,311,147,164
050,21,193,"Kentucky","Perry County",5,40,333,162,171
050,21,193,"Kentucky","Perry County",5,41,347,175,172
050,21,193,"Kentucky","Perry County",5,42,330,161,169
050,21,193,"Kentucky","Perry County",5,43,334,166,168
050,21,193,"Kentucky","Perry County",5,44,359,183,176
050,21,193,"Kentucky","Perry County",5,45,344,162,182
050,21,193,"Kentucky","Perry County",5,46,346,170,176
050,21,193,"Kentucky","Perry County",5,47,337,159,178
050,21,193,"Kentucky","Perry County",5,48,335,169,166
050,21,193,"Kentucky","Perry County",5,49,341,174,167
050,21,193,"Kentucky","Perry County",5,50,319,155,164
050,21,193,"Kentucky","Perry County",5,51,343,161,182
050,21,193,"Kentucky","Perry County",5,52,382,171,211
050,21,193,"Kentucky","Perry County",5,53,365,173,192
050,21,193,"Kentucky","Perry County",5,54,347,195,152
050,21,193,"Kentucky","Perry County",5,55,382,198,184
050,21,193,"Kentucky","Perry County",5,56,381,184,197
050,21,193,"Kentucky","Perry County",5,57,390,184,206
050,21,193,"Kentucky","Perry County",5,58,377,180,197
050,21,193,"Kentucky","Perry County",5,59,381,178,203
050,21,193,"Kentucky","Perry County",5,60,348,155,193
050,21,193,"Kentucky","Perry County",5,61,370,161,209
050,21,193,"Kentucky","Perry County",5,62,387,178,209
050,21,193,"Kentucky","Perry County",5,63,384,179,205
050,21,193,"Kentucky","Perry County",5,64,355,164,191
050,21,193,"Kentucky","Perry County",5,65,377,190,187
050,21,193,"Kentucky","Perry County",5,66,367,187,180
050,21,193,"Kentucky","Perry County",5,67,347,161,186
050,21,193,"Kentucky","Perry County",5,68,346,164,182
050,21,193,"Kentucky","Perry County",5,69,345,161,184
050,21,193,"Kentucky","Perry County",5,70,345,160,185
050,21,193,"Kentucky","Perry County",5,71,303,136,167
050,21,193,"Kentucky","Perry County",5,72,280,138,142
050,21,193,"Kentucky","Perry County",5,73,270,140,130
050,21,193,"Kentucky","Perry County",5,74,239,129,110
050,21,193,"Kentucky","Perry County",5,75,222,117,105
050,21,193,"Kentucky","Perry County",5,76,240,110,130
050,21,193,"Kentucky","Perry County",5,77,164,68,96
050,21,193,"Kentucky","Perry County",5,78,152,77,75
050,21,193,"Kentucky","Perry County",5,79,122,50,72
050,21,193,"Kentucky","Perry County",5,80,119,41,78
050,21,193,"Kentucky","Perry County",5,81,98,43,55
050,21,193,"Kentucky","Perry County",5,82,100,45,55
050,21,193,"Kentucky","Perry County",5,83,87,52,35
050,21,193,"Kentucky","Perry County",5,84,86,46,40
050,21,193,"Kentucky","Perry County",5,85,416,205,211
050,21,195,"Kentucky","Pike County",1,0,582,295,287
050,21,195,"Kentucky","Pike County",1,1,565,289,276
050,21,195,"Kentucky","Pike County",1,2,621,322,299
050,21,195,"Kentucky","Pike County",1,3,629,322,307
050,21,195,"Kentucky","Pike County",1,4,642,329,313
050,21,195,"Kentucky","Pike County",1,5,671,345,326
050,21,195,"Kentucky","Pike County",1,6,676,342,334
050,21,195,"Kentucky","Pike County",1,7,683,339,344
050,21,195,"Kentucky","Pike County",1,8,662,355,307
050,21,195,"Kentucky","Pike County",1,9,669,343,326
050,21,195,"Kentucky","Pike County",1,10,686,352,334
050,21,195,"Kentucky","Pike County",1,11,692,343,349
050,21,195,"Kentucky","Pike County",1,12,753,368,385
050,21,195,"Kentucky","Pike County",1,13,759,384,375
050,21,195,"Kentucky","Pike County",1,14,721,363,358
050,21,195,"Kentucky","Pike County",1,15,739,364,375
050,21,195,"Kentucky","Pike County",1,16,750,386,364
050,21,195,"Kentucky","Pike County",1,17,733,383,350
050,21,195,"Kentucky","Pike County",1,18,675,346,329
050,21,195,"Kentucky","Pike County",1,19,632,359,273
050,21,195,"Kentucky","Pike County",1,20,629,327,302
050,21,195,"Kentucky","Pike County",1,21,637,366,271
050,21,195,"Kentucky","Pike County",1,22,645,327,318
050,21,195,"Kentucky","Pike County",1,23,661,364,297
050,21,195,"Kentucky","Pike County",1,24,689,372,317
050,21,195,"Kentucky","Pike County",1,25,651,344,307
050,21,195,"Kentucky","Pike County",1,26,697,346,351
050,21,195,"Kentucky","Pike County",1,27,696,368,328
050,21,195,"Kentucky","Pike County",1,28,712,382,330
050,21,195,"Kentucky","Pike County",1,29,711,417,294
050,21,195,"Kentucky","Pike County",1,30,761,395,366
050,21,195,"Kentucky","Pike County",1,31,651,342,309
050,21,195,"Kentucky","Pike County",1,32,611,316,295
050,21,195,"Kentucky","Pike County",1,33,622,319,303
050,21,195,"Kentucky","Pike County",1,34,637,325,312
050,21,195,"Kentucky","Pike County",1,35,606,310,296
050,21,195,"Kentucky","Pike County",1,36,673,359,314
050,21,195,"Kentucky","Pike County",1,37,729,369,360
050,21,195,"Kentucky","Pike County",1,38,693,336,357
050,21,195,"Kentucky","Pike County",1,39,703,353,350
050,21,195,"Kentucky","Pike County",1,40,721,375,346
050,21,195,"Kentucky","Pike County",1,41,788,407,381
050,21,195,"Kentucky","Pike County",1,42,798,384,414
050,21,195,"Kentucky","Pike County",1,43,793,389,404
050,21,195,"Kentucky","Pike County",1,44,821,428,393
050,21,195,"Kentucky","Pike County",1,45,774,398,376
050,21,195,"Kentucky","Pike County",1,46,745,375,370
050,21,195,"Kentucky","Pike County",1,47,757,366,391
050,21,195,"Kentucky","Pike County",1,48,817,401,416
050,21,195,"Kentucky","Pike County",1,49,845,400,445
050,21,195,"Kentucky","Pike County",1,50,783,381,402
050,21,195,"Kentucky","Pike County",1,51,849,420,429
050,21,195,"Kentucky","Pike County",1,52,819,394,425
050,21,195,"Kentucky","Pike County",1,53,777,370,407
050,21,195,"Kentucky","Pike County",1,54,818,396,422
050,21,195,"Kentucky","Pike County",1,55,855,409,446
050,21,195,"Kentucky","Pike County",1,56,826,411,415
050,21,195,"Kentucky","Pike County",1,57,838,406,432
050,21,195,"Kentucky","Pike County",1,58,853,416,437
050,21,195,"Kentucky","Pike County",1,59,863,434,429
050,21,195,"Kentucky","Pike County",1,60,855,421,434
050,21,195,"Kentucky","Pike County",1,61,908,445,463
050,21,195,"Kentucky","Pike County",1,62,902,455,447
050,21,195,"Kentucky","Pike County",1,63,878,417,461
050,21,195,"Kentucky","Pike County",1,64,838,410,428
050,21,195,"Kentucky","Pike County",1,65,836,423,413
050,21,195,"Kentucky","Pike County",1,66,816,374,442
050,21,195,"Kentucky","Pike County",1,67,770,370,400
050,21,195,"Kentucky","Pike County",1,68,775,374,401
050,21,195,"Kentucky","Pike County",1,69,708,331,377
050,21,195,"Kentucky","Pike County",1,70,679,318,361
050,21,195,"Kentucky","Pike County",1,71,686,313,373
050,21,195,"Kentucky","Pike County",1,72,657,269,388
050,21,195,"Kentucky","Pike County",1,73,639,281,358
050,21,195,"Kentucky","Pike County",1,74,463,198,265
050,21,195,"Kentucky","Pike County",1,75,449,215,234
050,21,195,"Kentucky","Pike County",1,76,428,201,227
050,21,195,"Kentucky","Pike County",1,77,405,188,217
050,21,195,"Kentucky","Pike County",1,78,363,146,217
050,21,195,"Kentucky","Pike County",1,79,336,139,197
050,21,195,"Kentucky","Pike County",1,80,275,105,170
050,21,195,"Kentucky","Pike County",1,81,275,112,163
050,21,195,"Kentucky","Pike County",1,82,265,118,147
050,21,195,"Kentucky","Pike County",1,83,203,93,110
050,21,195,"Kentucky","Pike County",1,84,175,74,101
050,21,195,"Kentucky","Pike County",1,85,985,330,655
050,21,195,"Kentucky","Pike County",2,0,557,278,279
050,21,195,"Kentucky","Pike County",2,1,566,290,276
050,21,195,"Kentucky","Pike County",2,2,609,315,294
050,21,195,"Kentucky","Pike County",2,3,622,320,302
050,21,195,"Kentucky","Pike County",2,4,646,328,318
050,21,195,"Kentucky","Pike County",2,5,660,341,319
050,21,195,"Kentucky","Pike County",2,6,671,343,328
050,21,195,"Kentucky","Pike County",2,7,681,342,339
050,21,195,"Kentucky","Pike County",2,8,662,350,312
050,21,195,"Kentucky","Pike County",2,9,669,347,322
050,21,195,"Kentucky","Pike County",2,10,680,347,333
050,21,195,"Kentucky","Pike County",2,11,689,343,346
050,21,195,"Kentucky","Pike County",2,12,739,364,375
050,21,195,"Kentucky","Pike County",2,13,752,377,375
050,21,195,"Kentucky","Pike County",2,14,727,366,361
050,21,195,"Kentucky","Pike County",2,15,731,362,369
050,21,195,"Kentucky","Pike County",2,16,749,381,368
050,21,195,"Kentucky","Pike County",2,17,739,386,353
050,21,195,"Kentucky","Pike County",2,18,670,347,323
050,21,195,"Kentucky","Pike County",2,19,635,358,277
050,21,195,"Kentucky","Pike County",2,20,629,329,300
050,21,195,"Kentucky","Pike County",2,21,641,362,279
050,21,195,"Kentucky","Pike County",2,22,651,337,314
050,21,195,"Kentucky","Pike County",2,23,661,359,302
050,21,195,"Kentucky","Pike County",2,24,680,367,313
050,21,195,"Kentucky","Pike County",2,25,660,348,312
050,21,195,"Kentucky","Pike County",2,26,686,350,336
050,21,195,"Kentucky","Pike County",2,27,698,365,333
050,21,195,"Kentucky","Pike County",2,28,705,379,326
050,21,195,"Kentucky","Pike County",2,29,702,404,298
050,21,195,"Kentucky","Pike County",2,30,745,397,348
050,21,195,"Kentucky","Pike County",2,31,672,352,320
050,21,195,"Kentucky","Pike County",2,32,616,319,297
050,21,195,"Kentucky","Pike County",2,33,626,325,301
050,21,195,"Kentucky","Pike County",2,34,622,316,306
050,21,195,"Kentucky","Pike County",2,35,613,314,299
050,21,195,"Kentucky","Pike County",2,36,648,341,307
050,21,195,"Kentucky","Pike County",2,37,716,369,347
050,21,195,"Kentucky","Pike County",2,38,697,341,356
050,21,195,"Kentucky","Pike County",2,39,698,350,348
050,21,195,"Kentucky","Pike County",2,40,709,364,345
050,21,195,"Kentucky","Pike County",2,41,775,403,372
050,21,195,"Kentucky","Pike County",2,42,783,381,402
050,21,195,"Kentucky","Pike County",2,43,799,390,409
050,21,195,"Kentucky","Pike County",2,44,811,419,392
050,21,195,"Kentucky","Pike County",2,45,784,404,380
050,21,195,"Kentucky","Pike County",2,46,750,379,371
050,21,195,"Kentucky","Pike County",2,47,751,367,384
050,21,195,"Kentucky","Pike County",2,48,800,391,409
050,21,195,"Kentucky","Pike County",2,49,847,406,441
050,21,195,"Kentucky","Pike County",2,50,801,387,414
050,21,195,"Kentucky","Pike County",2,51,831,408,423
050,21,195,"Kentucky","Pike County",2,52,820,395,425
050,21,195,"Kentucky","Pike County",2,53,786,375,411
050,21,195,"Kentucky","Pike County",2,54,801,386,415
050,21,195,"Kentucky","Pike County",2,55,842,404,438
050,21,195,"Kentucky","Pike County",2,56,826,409,417
050,21,195,"Kentucky","Pike County",2,57,834,406,428
050,21,195,"Kentucky","Pike County",2,58,841,409,432
050,21,195,"Kentucky","Pike County",2,59,858,426,432
050,21,195,"Kentucky","Pike County",2,60,845,418,427
050,21,195,"Kentucky","Pike County",2,61,890,438,452
050,21,195,"Kentucky","Pike County",2,62,896,447,449
050,21,195,"Kentucky","Pike County",2,63,886,427,459
050,21,195,"Kentucky","Pike County",2,64,838,408,430
050,21,195,"Kentucky","Pike County",2,65,829,415,414
050,21,195,"Kentucky","Pike County",2,66,818,381,437
050,21,195,"Kentucky","Pike County",2,67,769,366,403
050,21,195,"Kentucky","Pike County",2,68,765,368,397
050,21,195,"Kentucky","Pike County",2,69,725,338,387
050,21,195,"Kentucky","Pike County",2,70,682,319,363
050,21,195,"Kentucky","Pike County",2,71,686,314,372
050,21,195,"Kentucky","Pike County",2,72,642,268,374
050,21,195,"Kentucky","Pike County",2,73,668,290,378
050,21,195,"Kentucky","Pike County",2,74,465,200,265
050,21,195,"Kentucky","Pike County",2,75,447,207,240
050,21,195,"Kentucky","Pike County",2,76,430,202,228
050,21,195,"Kentucky","Pike County",2,77,420,196,224
050,21,195,"Kentucky","Pike County",2,78,359,149,210
050,21,195,"Kentucky","Pike County",2,79,330,135,195
050,21,195,"Kentucky","Pike County",2,80,280,107,173
050,21,195,"Kentucky","Pike County",2,81,265,103,162
050,21,195,"Kentucky","Pike County",2,82,264,115,149
050,21,195,"Kentucky","Pike County",2,83,207,92,115
050,21,195,"Kentucky","Pike County",2,84,179,78,101
050,21,195,"Kentucky","Pike County",2,85,987,334,653
050,21,195,"Kentucky","Pike County",3,0,551,281,270
050,21,195,"Kentucky","Pike County",3,1,556,269,287
050,21,195,"Kentucky","Pike County",3,2,550,278,272
050,21,195,"Kentucky","Pike County",3,3,610,319,291
050,21,195,"Kentucky","Pike County",3,4,636,317,319
050,21,195,"Kentucky","Pike County",3,5,626,319,307
050,21,195,"Kentucky","Pike County",3,6,645,340,305
050,21,195,"Kentucky","Pike County",3,7,664,334,330
050,21,195,"Kentucky","Pike County",3,8,657,341,316
050,21,195,"Kentucky","Pike County",3,9,652,340,312
050,21,195,"Kentucky","Pike County",3,10,652,344,308
050,21,195,"Kentucky","Pike County",3,11,668,342,326
050,21,195,"Kentucky","Pike County",3,12,686,343,343
050,21,195,"Kentucky","Pike County",3,13,721,360,361
050,21,195,"Kentucky","Pike County",3,14,747,367,380
050,21,195,"Kentucky","Pike County",3,15,715,356,359
050,21,195,"Kentucky","Pike County",3,16,726,363,363
050,21,195,"Kentucky","Pike County",3,17,755,389,366
050,21,195,"Kentucky","Pike County",3,18,668,354,314
050,21,195,"Kentucky","Pike County",3,19,645,360,285
050,21,195,"Kentucky","Pike County",3,20,623,326,297
050,21,195,"Kentucky","Pike County",3,21,642,352,290
050,21,195,"Kentucky","Pike County",3,22,643,352,291
050,21,195,"Kentucky","Pike County",3,23,652,340,312
050,21,195,"Kentucky","Pike County",3,24,655,352,303
050,21,195,"Kentucky","Pike County",3,25,650,337,313
050,21,195,"Kentucky","Pike County",3,26,674,355,319
050,21,195,"Kentucky","Pike County",3,27,678,357,321
050,21,195,"Kentucky","Pike County",3,28,668,337,331
050,21,195,"Kentucky","Pike County",3,29,675,369,306
050,21,195,"Kentucky","Pike County",3,30,689,391,298
050,21,195,"Kentucky","Pike County",3,31,702,362,340
050,21,195,"Kentucky","Pike County",3,32,668,342,326
050,21,195,"Kentucky","Pike County",3,33,638,343,295
050,21,195,"Kentucky","Pike County",3,34,599,310,289
050,21,195,"Kentucky","Pike County",3,35,613,310,303
050,21,195,"Kentucky","Pike County",3,36,597,302,295
050,21,195,"Kentucky","Pike County",3,37,655,344,311
050,21,195,"Kentucky","Pike County",3,38,701,352,349
050,21,195,"Kentucky","Pike County",3,39,716,359,357
050,21,195,"Kentucky","Pike County",3,40,643,322,321
050,21,195,"Kentucky","Pike County",3,41,736,381,355
050,21,195,"Kentucky","Pike County",3,42,739,371,368
050,21,195,"Kentucky","Pike County",3,43,759,369,390
050,21,195,"Kentucky","Pike County",3,44,801,400,401
050,21,195,"Kentucky","Pike County",3,45,787,403,384
050,21,195,"Kentucky","Pike County",3,46,777,402,375
050,21,195,"Kentucky","Pike County",3,47,744,380,364
050,21,195,"Kentucky","Pike County",3,48,730,362,368
050,21,195,"Kentucky","Pike County",3,49,786,382,404
050,21,195,"Kentucky","Pike County",3,50,825,401,424
050,21,195,"Kentucky","Pike County",3,51,790,384,406
050,21,195,"Kentucky","Pike County",3,52,818,405,413
050,21,195,"Kentucky","Pike County",3,53,789,388,401
050,21,195,"Kentucky","Pike County",3,54,765,364,401
050,21,195,"Kentucky","Pike County",3,55,777,371,406
050,21,195,"Kentucky","Pike County",3,56,822,387,435
050,21,195,"Kentucky","Pike County",3,57,821,396,425
050,21,195,"Kentucky","Pike County",3,58,801,382,419
050,21,195,"Kentucky","Pike County",3,59,824,398,426
050,21,195,"Kentucky","Pike County",3,60,853,430,423
050,21,195,"Kentucky","Pike County",3,61,817,408,409
050,21,195,"Kentucky","Pike County",3,62,879,432,447
050,21,195,"Kentucky","Pike County",3,63,867,430,437
050,21,195,"Kentucky","Pike County",3,64,851,407,444
050,21,195,"Kentucky","Pike County",3,65,802,383,419
050,21,195,"Kentucky","Pike County",3,66,817,404,413
050,21,195,"Kentucky","Pike County",3,67,791,375,416
050,21,195,"Kentucky","Pike County",3,68,738,347,391
050,21,195,"Kentucky","Pike County",3,69,739,351,388
050,21,195,"Kentucky","Pike County",3,70,710,325,385
050,21,195,"Kentucky","Pike County",3,71,656,306,350
050,21,195,"Kentucky","Pike County",3,72,654,292,362
050,21,195,"Kentucky","Pike County",3,73,607,250,357
050,21,195,"Kentucky","Pike County",3,74,631,266,365
050,21,195,"Kentucky","Pike County",3,75,449,195,254
050,21,195,"Kentucky","Pike County",3,76,420,188,232
050,21,195,"Kentucky","Pike County",3,77,405,196,209
050,21,195,"Kentucky","Pike County",3,78,400,177,223
050,21,195,"Kentucky","Pike County",3,79,334,143,191
050,21,195,"Kentucky","Pike County",3,80,304,124,180
050,21,195,"Kentucky","Pike County",3,81,262,95,167
050,21,195,"Kentucky","Pike County",3,82,241,89,152
050,21,195,"Kentucky","Pike County",3,83,235,106,129
050,21,195,"Kentucky","Pike County",3,84,186,88,98
050,21,195,"Kentucky","Pike County",3,85,966,343,623
050,21,195,"Kentucky","Pike County",4,0,537,266,271
050,21,195,"Kentucky","Pike County",4,1,550,273,277
050,21,195,"Kentucky","Pike County",4,2,551,255,296
050,21,195,"Kentucky","Pike County",4,3,548,276,272
050,21,195,"Kentucky","Pike County",4,4,612,312,300
050,21,195,"Kentucky","Pike County",4,5,625,317,308
050,21,195,"Kentucky","Pike County",4,6,638,323,315
050,21,195,"Kentucky","Pike County",4,7,646,340,306
050,21,195,"Kentucky","Pike County",4,8,665,342,323
050,21,195,"Kentucky","Pike County",4,9,649,334,315
050,21,195,"Kentucky","Pike County",4,10,649,337,312
050,21,195,"Kentucky","Pike County",4,11,640,343,297
050,21,195,"Kentucky","Pike County",4,12,662,334,328
050,21,195,"Kentucky","Pike County",4,13,696,349,347
050,21,195,"Kentucky","Pike County",4,14,712,361,351
050,21,195,"Kentucky","Pike County",4,15,737,357,380
050,21,195,"Kentucky","Pike County",4,16,713,355,358
050,21,195,"Kentucky","Pike County",4,17,730,375,355
050,21,195,"Kentucky","Pike County",4,18,661,344,317
050,21,195,"Kentucky","Pike County",4,19,597,337,260
050,21,195,"Kentucky","Pike County",4,20,586,306,280
050,21,195,"Kentucky","Pike County",4,21,629,345,284
050,21,195,"Kentucky","Pike County",4,22,660,344,316
050,21,195,"Kentucky","Pike County",4,23,635,361,274
050,21,195,"Kentucky","Pike County",4,24,642,344,298
050,21,195,"Kentucky","Pike County",4,25,649,345,304
050,21,195,"Kentucky","Pike County",4,26,663,349,314
050,21,195,"Kentucky","Pike County",4,27,687,369,318
050,21,195,"Kentucky","Pike County",4,28,682,355,327
050,21,195,"Kentucky","Pike County",4,29,617,319,298
050,21,195,"Kentucky","Pike County",4,30,679,362,317
050,21,195,"Kentucky","Pike County",4,31,654,370,284
050,21,195,"Kentucky","Pike County",4,32,665,329,336
050,21,195,"Kentucky","Pike County",4,33,683,366,317
050,21,195,"Kentucky","Pike County",4,34,620,324,296
050,21,195,"Kentucky","Pike County",4,35,580,291,289
050,21,195,"Kentucky","Pike County",4,36,603,308,295
050,21,195,"Kentucky","Pike County",4,37,576,294,282
050,21,195,"Kentucky","Pike County",4,38,638,322,316
050,21,195,"Kentucky","Pike County",4,39,715,369,346
050,21,195,"Kentucky","Pike County",4,40,682,342,340
050,21,195,"Kentucky","Pike County",4,41,672,345,327
050,21,195,"Kentucky","Pike County",4,42,709,363,346
050,21,195,"Kentucky","Pike County",4,43,723,358,365
050,21,195,"Kentucky","Pike County",4,44,753,372,381
050,21,195,"Kentucky","Pike County",4,45,770,381,389
050,21,195,"Kentucky","Pike County",4,46,765,386,379
050,21,195,"Kentucky","Pike County",4,47,761,393,368
050,21,195,"Kentucky","Pike County",4,48,735,370,365
050,21,195,"Kentucky","Pike County",4,49,704,347,357
050,21,195,"Kentucky","Pike County",4,50,755,360,395
050,21,195,"Kentucky","Pike County",4,51,816,407,409
050,21,195,"Kentucky","Pike County",4,52,762,367,395
050,21,195,"Kentucky","Pike County",4,53,792,390,402
050,21,195,"Kentucky","Pike County",4,54,781,386,395
050,21,195,"Kentucky","Pike County",4,55,760,360,400
050,21,195,"Kentucky","Pike County",4,56,759,359,400
050,21,195,"Kentucky","Pike County",4,57,812,375,437
050,21,195,"Kentucky","Pike County",4,58,794,388,406
050,21,195,"Kentucky","Pike County",4,59,769,364,405
050,21,195,"Kentucky","Pike County",4,60,790,384,406
050,21,195,"Kentucky","Pike County",4,61,835,423,412
050,21,195,"Kentucky","Pike County",4,62,798,390,408
050,21,195,"Kentucky","Pike County",4,63,846,407,439
050,21,195,"Kentucky","Pike County",4,64,840,409,431
050,21,195,"Kentucky","Pike County",4,65,817,388,429
050,21,195,"Kentucky","Pike County",4,66,788,372,416
050,21,195,"Kentucky","Pike County",4,67,781,391,390
050,21,195,"Kentucky","Pike County",4,68,763,354,409
050,21,195,"Kentucky","Pike County",4,69,721,337,384
050,21,195,"Kentucky","Pike County",4,70,716,336,380
050,21,195,"Kentucky","Pike County",4,71,686,311,375
050,21,195,"Kentucky","Pike County",4,72,621,276,345
050,21,195,"Kentucky","Pike County",4,73,617,282,335
050,21,195,"Kentucky","Pike County",4,74,571,225,346
050,21,195,"Kentucky","Pike County",4,75,613,257,356
050,21,195,"Kentucky","Pike County",4,76,408,172,236
050,21,195,"Kentucky","Pike County",4,77,392,177,215
050,21,195,"Kentucky","Pike County",4,78,391,184,207
050,21,195,"Kentucky","Pike County",4,79,351,159,192
050,21,195,"Kentucky","Pike County",4,80,312,132,180
050,21,195,"Kentucky","Pike County",4,81,280,114,166
050,21,195,"Kentucky","Pike County",4,82,236,83,153
050,21,195,"Kentucky","Pike County",4,83,216,80,136
050,21,195,"Kentucky","Pike County",4,84,214,100,114
050,21,195,"Kentucky","Pike County",4,85,959,369,590
050,21,195,"Kentucky","Pike County",5,0,539,267,272
050,21,195,"Kentucky","Pike County",5,1,528,261,267
050,21,195,"Kentucky","Pike County",5,2,551,275,276
050,21,195,"Kentucky","Pike County",5,3,563,268,295
050,21,195,"Kentucky","Pike County",5,4,586,289,297
050,21,195,"Kentucky","Pike County",5,5,594,302,292
050,21,195,"Kentucky","Pike County",5,6,624,318,306
050,21,195,"Kentucky","Pike County",5,7,651,319,332
050,21,195,"Kentucky","Pike County",5,8,629,345,284
050,21,195,"Kentucky","Pike County",5,9,661,334,327
050,21,195,"Kentucky","Pike County",5,10,646,328,318
050,21,195,"Kentucky","Pike County",5,11,642,329,313
050,21,195,"Kentucky","Pike County",5,12,644,341,303
050,21,195,"Kentucky","Pike County",5,13,673,347,326
050,21,195,"Kentucky","Pike County",5,14,697,347,350
050,21,195,"Kentucky","Pike County",5,15,716,369,347
050,21,195,"Kentucky","Pike County",5,16,724,349,375
050,21,195,"Kentucky","Pike County",5,17,716,358,358
050,21,195,"Kentucky","Pike County",5,18,673,351,322
050,21,195,"Kentucky","Pike County",5,19,642,363,279
050,21,195,"Kentucky","Pike County",5,20,609,322,287
050,21,195,"Kentucky","Pike County",5,21,650,349,301
050,21,195,"Kentucky","Pike County",5,22,675,347,328
050,21,195,"Kentucky","Pike County",5,23,660,350,310
050,21,195,"Kentucky","Pike County",5,24,663,368,295
050,21,195,"Kentucky","Pike County",5,25,652,344,308
050,21,195,"Kentucky","Pike County",5,26,639,347,292
050,21,195,"Kentucky","Pike County",5,27,661,362,299
050,21,195,"Kentucky","Pike County",5,28,682,360,322
050,21,195,"Kentucky","Pike County",5,29,669,351,318
050,21,195,"Kentucky","Pike County",5,30,625,322,303
050,21,195,"Kentucky","Pike County",5,31,656,345,311
050,21,195,"Kentucky","Pike County",5,32,632,355,277
050,21,195,"Kentucky","Pike County",5,33,693,358,335
050,21,195,"Kentucky","Pike County",5,34,656,345,311
050,21,195,"Kentucky","Pike County",5,35,609,321,288
050,21,195,"Kentucky","Pike County",5,36,569,285,284
050,21,195,"Kentucky","Pike County",5,37,602,307,295
050,21,195,"Kentucky","Pike County",5,38,577,281,296
050,21,195,"Kentucky","Pike County",5,39,654,337,317
050,21,195,"Kentucky","Pike County",5,40,687,351,336
050,21,195,"Kentucky","Pike County",5,41,716,372,344
050,21,195,"Kentucky","Pike County",5,42,636,320,316
050,21,195,"Kentucky","Pike County",5,43,692,351,341
050,21,195,"Kentucky","Pike County",5,44,737,369,368
050,21,195,"Kentucky","Pike County",5,45,748,363,385
050,21,195,"Kentucky","Pike County",5,46,761,374,387
050,21,195,"Kentucky","Pike County",5,47,765,379,386
050,21,195,"Kentucky","Pike County",5,48,754,394,360
050,21,195,"Kentucky","Pike County",5,49,745,383,362
050,21,195,"Kentucky","Pike County",5,50,697,340,357
050,21,195,"Kentucky","Pike County",5,51,759,365,394
050,21,195,"Kentucky","Pike County",5,52,806,395,411
050,21,195,"Kentucky","Pike County",5,53,748,360,388
050,21,195,"Kentucky","Pike County",5,54,787,381,406
050,21,195,"Kentucky","Pike County",5,55,772,380,392
050,21,195,"Kentucky","Pike County",5,56,736,352,384
050,21,195,"Kentucky","Pike County",5,57,758,351,407
050,21,195,"Kentucky","Pike County",5,58,786,364,422
050,21,195,"Kentucky","Pike County",5,59,772,378,394
050,21,195,"Kentucky","Pike County",5,60,750,353,397
050,21,195,"Kentucky","Pike County",5,61,783,376,407
050,21,195,"Kentucky","Pike County",5,62,824,424,400
050,21,195,"Kentucky","Pike County",5,63,774,373,401
050,21,195,"Kentucky","Pike County",5,64,819,394,425
050,21,195,"Kentucky","Pike County",5,65,801,386,415
050,21,195,"Kentucky","Pike County",5,66,809,375,434
050,21,195,"Kentucky","Pike County",5,67,755,360,395
050,21,195,"Kentucky","Pike County",5,68,758,379,379
050,21,195,"Kentucky","Pike County",5,69,739,340,399
050,21,195,"Kentucky","Pike County",5,70,697,320,377
050,21,195,"Kentucky","Pike County",5,71,701,332,369
050,21,195,"Kentucky","Pike County",5,72,649,284,365
050,21,195,"Kentucky","Pike County",5,73,597,270,327
050,21,195,"Kentucky","Pike County",5,74,589,264,325
050,21,195,"Kentucky","Pike County",5,75,552,217,335
050,21,195,"Kentucky","Pike County",5,76,569,232,337
050,21,195,"Kentucky","Pike County",5,77,380,163,217
050,21,195,"Kentucky","Pike County",5,78,380,162,218
050,21,195,"Kentucky","Pike County",5,79,358,173,185
050,21,195,"Kentucky","Pike County",5,80,332,150,182
050,21,195,"Kentucky","Pike County",5,81,293,122,171
050,21,195,"Kentucky","Pike County",5,82,261,101,160
050,21,195,"Kentucky","Pike County",5,83,211,74,137
050,21,195,"Kentucky","Pike County",5,84,189,70,119
050,21,195,"Kentucky","Pike County",5,85,1009,414,595
050,21,197,"Kentucky","Powell County",1,0,167,86,81
050,21,197,"Kentucky","Powell County",1,1,157,84,73
050,21,197,"Kentucky","Powell County",1,2,169,89,80
050,21,197,"Kentucky","Powell County",1,3,167,89,78
050,21,197,"Kentucky","Powell County",1,4,177,84,93
050,21,197,"Kentucky","Powell County",1,5,195,105,90
050,21,197,"Kentucky","Powell County",1,6,184,95,89
050,21,197,"Kentucky","Powell County",1,7,174,90,84
050,21,197,"Kentucky","Powell County",1,8,176,99,77
050,21,197,"Kentucky","Powell County",1,9,166,95,71
050,21,197,"Kentucky","Powell County",1,10,174,81,93
050,21,197,"Kentucky","Powell County",1,11,175,87,88
050,21,197,"Kentucky","Powell County",1,12,188,102,86
050,21,197,"Kentucky","Powell County",1,13,192,96,96
050,21,197,"Kentucky","Powell County",1,14,167,86,81
050,21,197,"Kentucky","Powell County",1,15,166,79,87
050,21,197,"Kentucky","Powell County",1,16,184,90,94
050,21,197,"Kentucky","Powell County",1,17,164,80,84
050,21,197,"Kentucky","Powell County",1,18,148,76,72
050,21,197,"Kentucky","Powell County",1,19,121,66,55
050,21,197,"Kentucky","Powell County",1,20,136,78,58
050,21,197,"Kentucky","Powell County",1,21,143,71,72
050,21,197,"Kentucky","Powell County",1,22,145,74,71
050,21,197,"Kentucky","Powell County",1,23,164,87,77
050,21,197,"Kentucky","Powell County",1,24,157,72,85
050,21,197,"Kentucky","Powell County",1,25,173,86,87
050,21,197,"Kentucky","Powell County",1,26,191,102,89
050,21,197,"Kentucky","Powell County",1,27,169,90,79
050,21,197,"Kentucky","Powell County",1,28,168,76,92
050,21,197,"Kentucky","Powell County",1,29,188,96,92
050,21,197,"Kentucky","Powell County",1,30,161,92,69
050,21,197,"Kentucky","Powell County",1,31,174,90,84
050,21,197,"Kentucky","Powell County",1,32,159,78,81
050,21,197,"Kentucky","Powell County",1,33,145,72,73
050,21,197,"Kentucky","Powell County",1,34,143,75,68
050,21,197,"Kentucky","Powell County",1,35,153,80,73
050,21,197,"Kentucky","Powell County",1,36,165,86,79
050,21,197,"Kentucky","Powell County",1,37,180,95,85
050,21,197,"Kentucky","Powell County",1,38,188,104,84
050,21,197,"Kentucky","Powell County",1,39,166,80,86
050,21,197,"Kentucky","Powell County",1,40,171,83,88
050,21,197,"Kentucky","Powell County",1,41,184,98,86
050,21,197,"Kentucky","Powell County",1,42,175,92,83
050,21,197,"Kentucky","Powell County",1,43,157,82,75
050,21,197,"Kentucky","Powell County",1,44,163,85,78
050,21,197,"Kentucky","Powell County",1,45,160,79,81
050,21,197,"Kentucky","Powell County",1,46,167,91,76
050,21,197,"Kentucky","Powell County",1,47,166,80,86
050,21,197,"Kentucky","Powell County",1,48,187,92,95
050,21,197,"Kentucky","Powell County",1,49,214,115,99
050,21,197,"Kentucky","Powell County",1,50,165,87,78
050,21,197,"Kentucky","Powell County",1,51,170,87,83
050,21,197,"Kentucky","Powell County",1,52,155,85,70
050,21,197,"Kentucky","Powell County",1,53,156,86,70
050,21,197,"Kentucky","Powell County",1,54,181,102,79
050,21,197,"Kentucky","Powell County",1,55,191,103,88
050,21,197,"Kentucky","Powell County",1,56,188,95,93
050,21,197,"Kentucky","Powell County",1,57,179,85,94
050,21,197,"Kentucky","Powell County",1,58,175,79,96
050,21,197,"Kentucky","Powell County",1,59,164,73,91
050,21,197,"Kentucky","Powell County",1,60,187,87,100
050,21,197,"Kentucky","Powell County",1,61,192,96,96
050,21,197,"Kentucky","Powell County",1,62,177,90,87
050,21,197,"Kentucky","Powell County",1,63,174,90,84
050,21,197,"Kentucky","Powell County",1,64,158,75,83
050,21,197,"Kentucky","Powell County",1,65,176,85,91
050,21,197,"Kentucky","Powell County",1,66,168,94,74
050,21,197,"Kentucky","Powell County",1,67,136,64,72
050,21,197,"Kentucky","Powell County",1,68,143,59,84
050,21,197,"Kentucky","Powell County",1,69,134,62,72
050,21,197,"Kentucky","Powell County",1,70,135,65,70
050,21,197,"Kentucky","Powell County",1,71,120,57,63
050,21,197,"Kentucky","Powell County",1,72,125,59,66
050,21,197,"Kentucky","Powell County",1,73,140,69,71
050,21,197,"Kentucky","Powell County",1,74,93,45,48
050,21,197,"Kentucky","Powell County",1,75,95,42,53
050,21,197,"Kentucky","Powell County",1,76,73,30,43
050,21,197,"Kentucky","Powell County",1,77,75,33,42
050,21,197,"Kentucky","Powell County",1,78,65,33,32
050,21,197,"Kentucky","Powell County",1,79,62,27,35
050,21,197,"Kentucky","Powell County",1,80,47,23,24
050,21,197,"Kentucky","Powell County",1,81,50,20,30
050,21,197,"Kentucky","Powell County",1,82,47,16,31
050,21,197,"Kentucky","Powell County",1,83,36,14,22
050,21,197,"Kentucky","Powell County",1,84,32,16,16
050,21,197,"Kentucky","Powell County",1,85,138,39,99
050,21,197,"Kentucky","Powell County",2,0,162,85,77
050,21,197,"Kentucky","Powell County",2,1,158,83,75
050,21,197,"Kentucky","Powell County",2,2,167,90,77
050,21,197,"Kentucky","Powell County",2,3,165,89,76
050,21,197,"Kentucky","Powell County",2,4,176,86,90
050,21,197,"Kentucky","Powell County",2,5,191,99,92
050,21,197,"Kentucky","Powell County",2,6,184,95,89
050,21,197,"Kentucky","Powell County",2,7,176,92,84
050,21,197,"Kentucky","Powell County",2,8,175,97,78
050,21,197,"Kentucky","Powell County",2,9,166,95,71
050,21,197,"Kentucky","Powell County",2,10,171,84,87
050,21,197,"Kentucky","Powell County",2,11,175,86,89
050,21,197,"Kentucky","Powell County",2,12,184,97,87
050,21,197,"Kentucky","Powell County",2,13,189,97,92
050,21,197,"Kentucky","Powell County",2,14,170,87,83
050,21,197,"Kentucky","Powell County",2,15,168,82,86
050,21,197,"Kentucky","Powell County",2,16,179,88,91
050,21,197,"Kentucky","Powell County",2,17,168,82,86
050,21,197,"Kentucky","Powell County",2,18,142,72,70
050,21,197,"Kentucky","Powell County",2,19,121,65,56
050,21,197,"Kentucky","Powell County",2,20,134,76,58
050,21,197,"Kentucky","Powell County",2,21,141,73,68
050,21,197,"Kentucky","Powell County",2,22,147,75,72
050,21,197,"Kentucky","Powell County",2,23,162,85,77
050,21,197,"Kentucky","Powell County",2,24,159,76,83
050,21,197,"Kentucky","Powell County",2,25,174,87,87
050,21,197,"Kentucky","Powell County",2,26,186,99,87
050,21,197,"Kentucky","Powell County",2,27,172,92,80
050,21,197,"Kentucky","Powell County",2,28,168,79,89
050,21,197,"Kentucky","Powell County",2,29,183,92,91
050,21,197,"Kentucky","Powell County",2,30,167,92,75
050,21,197,"Kentucky","Powell County",2,31,170,89,81
050,21,197,"Kentucky","Powell County",2,32,159,78,81
050,21,197,"Kentucky","Powell County",2,33,147,73,74
050,21,197,"Kentucky","Powell County",2,34,144,75,69
050,21,197,"Kentucky","Powell County",2,35,154,81,73
050,21,197,"Kentucky","Powell County",2,36,157,80,77
050,21,197,"Kentucky","Powell County",2,37,179,95,84
050,21,197,"Kentucky","Powell County",2,38,186,102,84
050,21,197,"Kentucky","Powell County",2,39,166,82,84
050,21,197,"Kentucky","Powell County",2,40,173,84,89
050,21,197,"Kentucky","Powell County",2,41,180,95,85
050,21,197,"Kentucky","Powell County",2,42,173,90,83
050,21,197,"Kentucky","Powell County",2,43,163,86,77
050,21,197,"Kentucky","Powell County",2,44,160,84,76
050,21,197,"Kentucky","Powell County",2,45,161,81,80
050,21,197,"Kentucky","Powell County",2,46,163,87,76
050,21,197,"Kentucky","Powell County",2,47,166,82,84
050,21,197,"Kentucky","Powell County",2,48,178,86,92
050,21,197,"Kentucky","Powell County",2,49,211,113,98
050,21,197,"Kentucky","Powell County",2,50,173,89,84
050,21,197,"Kentucky","Powell County",2,51,168,86,82
050,21,197,"Kentucky","Powell County",2,52,158,86,72
050,21,197,"Kentucky","Powell County",2,53,155,86,69
050,21,197,"Kentucky","Powell County",2,54,176,100,76
050,21,197,"Kentucky","Powell County",2,55,192,105,87
050,21,197,"Kentucky","Powell County",2,56,185,94,91
050,21,197,"Kentucky","Powell County",2,57,178,86,92
050,21,197,"Kentucky","Powell County",2,58,174,79,95
050,21,197,"Kentucky","Powell County",2,59,168,76,92
050,21,197,"Kentucky","Powell County",2,60,184,86,98
050,21,197,"Kentucky","Powell County",2,61,191,94,97
050,21,197,"Kentucky","Powell County",2,62,179,91,88
050,21,197,"Kentucky","Powell County",2,63,178,92,86
050,21,197,"Kentucky","Powell County",2,64,162,79,83
050,21,197,"Kentucky","Powell County",2,65,170,82,88
050,21,197,"Kentucky","Powell County",2,66,171,91,80
050,21,197,"Kentucky","Powell County",2,67,142,71,71
050,21,197,"Kentucky","Powell County",2,68,142,61,81
050,21,197,"Kentucky","Powell County",2,69,134,59,75
050,21,197,"Kentucky","Powell County",2,70,135,64,71
050,21,197,"Kentucky","Powell County",2,71,123,58,65
050,21,197,"Kentucky","Powell County",2,72,120,57,63
050,21,197,"Kentucky","Powell County",2,73,142,69,73
050,21,197,"Kentucky","Powell County",2,74,95,46,49
050,21,197,"Kentucky","Powell County",2,75,95,43,52
050,21,197,"Kentucky","Powell County",2,76,77,32,45
050,21,197,"Kentucky","Powell County",2,77,76,32,44
050,21,197,"Kentucky","Powell County",2,78,68,33,35
050,21,197,"Kentucky","Powell County",2,79,60,28,32
050,21,197,"Kentucky","Powell County",2,80,49,23,26
050,21,197,"Kentucky","Powell County",2,81,49,21,28
050,21,197,"Kentucky","Powell County",2,82,48,16,32
050,21,197,"Kentucky","Powell County",2,83,35,12,23
050,21,197,"Kentucky","Powell County",2,84,31,14,17
050,21,197,"Kentucky","Powell County",2,85,140,41,99
050,21,197,"Kentucky","Powell County",3,0,143,65,78
050,21,197,"Kentucky","Powell County",3,1,160,87,73
050,21,197,"Kentucky","Powell County",3,2,140,68,72
050,21,197,"Kentucky","Powell County",3,3,163,86,77
050,21,197,"Kentucky","Powell County",3,4,161,85,76
050,21,197,"Kentucky","Powell County",3,5,186,91,95
050,21,197,"Kentucky","Powell County",3,6,187,96,91
050,21,197,"Kentucky","Powell County",3,7,185,95,90
050,21,197,"Kentucky","Powell County",3,8,182,92,90
050,21,197,"Kentucky","Powell County",3,9,173,92,81
050,21,197,"Kentucky","Powell County",3,10,167,92,75
050,21,197,"Kentucky","Powell County",3,11,179,89,90
050,21,197,"Kentucky","Powell County",3,12,177,84,93
050,21,197,"Kentucky","Powell County",3,13,195,102,93
050,21,197,"Kentucky","Powell County",3,14,197,102,95
050,21,197,"Kentucky","Powell County",3,15,180,90,90
050,21,197,"Kentucky","Powell County",3,16,170,84,86
050,21,197,"Kentucky","Powell County",3,17,178,88,90
050,21,197,"Kentucky","Powell County",3,18,142,70,72
050,21,197,"Kentucky","Powell County",3,19,115,60,55
050,21,197,"Kentucky","Powell County",3,20,131,70,61
050,21,197,"Kentucky","Powell County",3,21,136,75,61
050,21,197,"Kentucky","Powell County",3,22,144,84,60
050,21,197,"Kentucky","Powell County",3,23,167,76,91
050,21,197,"Kentucky","Powell County",3,24,160,89,71
050,21,197,"Kentucky","Powell County",3,25,163,84,79
050,21,197,"Kentucky","Powell County",3,26,169,92,77
050,21,197,"Kentucky","Powell County",3,27,184,93,91
050,21,197,"Kentucky","Powell County",3,28,164,87,77
050,21,197,"Kentucky","Powell County",3,29,180,91,89
050,21,197,"Kentucky","Powell County",3,30,183,94,89
050,21,197,"Kentucky","Powell County",3,31,180,97,83
050,21,197,"Kentucky","Powell County",3,32,163,82,81
050,21,197,"Kentucky","Powell County",3,33,167,83,84
050,21,197,"Kentucky","Powell County",3,34,143,68,75
050,21,197,"Kentucky","Powell County",3,35,154,83,71
050,21,197,"Kentucky","Powell County",3,36,158,81,77
050,21,197,"Kentucky","Powell County",3,37,164,82,82
050,21,197,"Kentucky","Powell County",3,38,189,102,87
050,21,197,"Kentucky","Powell County",3,39,179,90,89
050,21,197,"Kentucky","Powell County",3,40,180,89,91
050,21,197,"Kentucky","Powell County",3,41,174,89,85
050,21,197,"Kentucky","Powell County",3,42,163,75,88
050,21,197,"Kentucky","Powell County",3,43,175,88,87
050,21,197,"Kentucky","Powell County",3,44,159,79,80
050,21,197,"Kentucky","Powell County",3,45,160,79,81
050,21,197,"Kentucky","Powell County",3,46,169,85,84
050,21,197,"Kentucky","Powell County",3,47,171,97,74
050,21,197,"Kentucky","Powell County",3,48,164,81,83
050,21,197,"Kentucky","Powell County",3,49,188,96,92
050,21,197,"Kentucky","Powell County",3,50,193,101,92
050,21,197,"Kentucky","Powell County",3,51,172,86,86
050,21,197,"Kentucky","Powell County",3,52,169,90,79
050,21,197,"Kentucky","Powell County",3,53,152,77,75
050,21,197,"Kentucky","Powell County",3,54,157,88,69
050,21,197,"Kentucky","Powell County",3,55,176,103,73
050,21,197,"Kentucky","Powell County",3,56,197,105,92
050,21,197,"Kentucky","Powell County",3,57,186,97,89
050,21,197,"Kentucky","Powell County",3,58,173,85,88
050,21,197,"Kentucky","Powell County",3,59,162,76,86
050,21,197,"Kentucky","Powell County",3,60,169,76,93
050,21,197,"Kentucky","Powell County",3,61,179,82,97
050,21,197,"Kentucky","Powell County",3,62,179,91,88
050,21,197,"Kentucky","Powell County",3,63,171,87,84
050,21,197,"Kentucky","Powell County",3,64,177,92,85
050,21,197,"Kentucky","Powell County",3,65,151,73,78
050,21,197,"Kentucky","Powell County",3,66,167,76,91
050,21,197,"Kentucky","Powell County",3,67,166,91,75
050,21,197,"Kentucky","Powell County",3,68,139,72,67
050,21,197,"Kentucky","Powell County",3,69,133,58,75
050,21,197,"Kentucky","Powell County",3,70,129,55,74
050,21,197,"Kentucky","Powell County",3,71,131,64,67
050,21,197,"Kentucky","Powell County",3,72,118,54,64
050,21,197,"Kentucky","Powell County",3,73,107,52,55
050,21,197,"Kentucky","Powell County",3,74,139,69,70
050,21,197,"Kentucky","Powell County",3,75,86,43,43
050,21,197,"Kentucky","Powell County",3,76,95,42,53
050,21,197,"Kentucky","Powell County",3,77,75,32,43
050,21,197,"Kentucky","Powell County",3,78,76,32,44
050,21,197,"Kentucky","Powell County",3,79,58,30,28
050,21,197,"Kentucky","Powell County",3,80,54,25,29
050,21,197,"Kentucky","Powell County",3,81,44,23,21
050,21,197,"Kentucky","Powell County",3,82,42,18,24
050,21,197,"Kentucky","Powell County",3,83,39,12,27
050,21,197,"Kentucky","Powell County",3,84,36,13,23
050,21,197,"Kentucky","Powell County",3,85,128,36,92
050,21,197,"Kentucky","Powell County",4,0,157,79,78
050,21,197,"Kentucky","Powell County",4,1,152,76,76
050,21,197,"Kentucky","Powell County",4,2,169,93,76
050,21,197,"Kentucky","Powell County",4,3,150,73,77
050,21,197,"Kentucky","Powell County",4,4,155,76,79
050,21,197,"Kentucky","Powell County",4,5,176,93,83
050,21,197,"Kentucky","Powell County",4,6,179,89,90
050,21,197,"Kentucky","Powell County",4,7,187,94,93
050,21,197,"Kentucky","Powell County",4,8,174,87,87
050,21,197,"Kentucky","Powell County",4,9,184,91,93
050,21,197,"Kentucky","Powell County",4,10,170,88,82
050,21,197,"Kentucky","Powell County",4,11,162,87,75
050,21,197,"Kentucky","Powell County",4,12,190,91,99
050,21,197,"Kentucky","Powell County",4,13,177,86,91
050,21,197,"Kentucky","Powell County",4,14,195,103,92
050,21,197,"Kentucky","Powell County",4,15,203,106,97
050,21,197,"Kentucky","Powell County",4,16,181,94,87
050,21,197,"Kentucky","Powell County",4,17,175,89,86
050,21,197,"Kentucky","Powell County",4,18,144,75,69
050,21,197,"Kentucky","Powell County",4,19,108,56,52
050,21,197,"Kentucky","Powell County",4,20,120,59,61
050,21,197,"Kentucky","Powell County",4,21,137,68,69
050,21,197,"Kentucky","Powell County",4,22,153,78,75
050,21,197,"Kentucky","Powell County",4,23,157,85,72
050,21,197,"Kentucky","Powell County",4,24,166,75,91
050,21,197,"Kentucky","Powell County",4,25,169,96,73
050,21,197,"Kentucky","Powell County",4,26,169,90,79
050,21,197,"Kentucky","Powell County",4,27,161,86,75
050,21,197,"Kentucky","Powell County",4,28,172,75,97
050,21,197,"Kentucky","Powell County",4,29,169,92,77
050,21,197,"Kentucky","Powell County",4,30,168,81,87
050,21,197,"Kentucky","Powell County",4,31,190,95,95
050,21,197,"Kentucky","Powell County",4,32,170,88,82
050,21,197,"Kentucky","Powell County",4,33,154,86,68
050,21,197,"Kentucky","Powell County",4,34,154,72,82
050,21,197,"Kentucky","Powell County",4,35,153,75,78
050,21,197,"Kentucky","Powell County",4,36,138,73,65
050,21,197,"Kentucky","Powell County",4,37,164,84,80
050,21,197,"Kentucky","Powell County",4,38,166,91,75
050,21,197,"Kentucky","Powell County",4,39,176,88,88
050,21,197,"Kentucky","Powell County",4,40,187,91,96
050,21,197,"Kentucky","Powell County",4,41,189,96,93
050,21,197,"Kentucky","Powell County",4,42,164,79,85
050,21,197,"Kentucky","Powell County",4,43,166,79,87
050,21,197,"Kentucky","Powell County",4,44,171,85,86
050,21,197,"Kentucky","Powell County",4,45,155,76,79
050,21,197,"Kentucky","Powell County",4,46,158,79,79
050,21,197,"Kentucky","Powell County",4,47,172,89,83
050,21,197,"Kentucky","Powell County",4,48,170,95,75
050,21,197,"Kentucky","Powell County",4,49,190,98,92
050,21,197,"Kentucky","Powell County",4,50,171,78,93
050,21,197,"Kentucky","Powell County",4,51,193,98,95
050,21,197,"Kentucky","Powell County",4,52,176,92,84
050,21,197,"Kentucky","Powell County",4,53,168,88,80
050,21,197,"Kentucky","Powell County",4,54,147,79,68
050,21,197,"Kentucky","Powell County",4,55,159,90,69
050,21,197,"Kentucky","Powell County",4,56,173,98,75
050,21,197,"Kentucky","Powell County",4,57,190,101,89
050,21,197,"Kentucky","Powell County",4,58,186,97,89
050,21,197,"Kentucky","Powell County",4,59,173,85,88
050,21,197,"Kentucky","Powell County",4,60,163,76,87
050,21,197,"Kentucky","Powell County",4,61,162,72,90
050,21,197,"Kentucky","Powell County",4,62,172,80,92
050,21,197,"Kentucky","Powell County",4,63,176,89,87
050,21,197,"Kentucky","Powell County",4,64,170,88,82
050,21,197,"Kentucky","Powell County",4,65,165,86,79
050,21,197,"Kentucky","Powell County",4,66,148,68,80
050,21,197,"Kentucky","Powell County",4,67,161,76,85
050,21,197,"Kentucky","Powell County",4,68,173,95,78
050,21,197,"Kentucky","Powell County",4,69,136,72,64
050,21,197,"Kentucky","Powell County",4,70,129,55,74
050,21,197,"Kentucky","Powell County",4,71,124,55,69
050,21,197,"Kentucky","Powell County",4,72,130,63,67
050,21,197,"Kentucky","Powell County",4,73,113,50,63
050,21,197,"Kentucky","Powell County",4,74,102,50,52
050,21,197,"Kentucky","Powell County",4,75,132,66,66
050,21,197,"Kentucky","Powell County",4,76,80,37,43
050,21,197,"Kentucky","Powell County",4,77,95,42,53
050,21,197,"Kentucky","Powell County",4,78,73,30,43
050,21,197,"Kentucky","Powell County",4,79,64,28,36
050,21,197,"Kentucky","Powell County",4,80,46,27,19
050,21,197,"Kentucky","Powell County",4,81,47,24,23
050,21,197,"Kentucky","Powell County",4,82,35,17,18
050,21,197,"Kentucky","Powell County",4,83,32,13,19
050,21,197,"Kentucky","Powell County",4,84,36,10,26
050,21,197,"Kentucky","Powell County",4,85,125,32,93
050,21,197,"Kentucky","Powell County",5,0,166,85,81
050,21,197,"Kentucky","Powell County",5,1,161,75,86
050,21,197,"Kentucky","Powell County",5,2,160,85,75
050,21,197,"Kentucky","Powell County",5,3,166,88,78
050,21,197,"Kentucky","Powell County",5,4,145,73,72
050,21,197,"Kentucky","Powell County",5,5,163,83,80
050,21,197,"Kentucky","Powell County",5,6,165,90,75
050,21,197,"Kentucky","Powell County",5,7,165,78,87
050,21,197,"Kentucky","Powell County",5,8,181,95,86
050,21,197,"Kentucky","Powell County",5,9,179,91,88
050,21,197,"Kentucky","Powell County",5,10,169,81,88
050,21,197,"Kentucky","Powell County",5,11,174,95,79
050,21,197,"Kentucky","Powell County",5,12,162,86,76
050,21,197,"Kentucky","Powell County",5,13,182,85,97
050,21,197,"Kentucky","Powell County",5,14,180,84,96
050,21,197,"Kentucky","Powell County",5,15,192,97,95
050,21,197,"Kentucky","Powell County",5,16,202,103,99
050,21,197,"Kentucky","Powell County",5,17,176,88,88
050,21,197,"Kentucky","Powell County",5,18,152,79,73
050,21,197,"Kentucky","Powell County",5,19,115,62,53
050,21,197,"Kentucky","Powell County",5,20,110,58,52
050,21,197,"Kentucky","Powell County",5,21,127,61,66
050,21,197,"Kentucky","Powell County",5,22,149,73,76
050,21,197,"Kentucky","Powell County",5,23,169,86,83
050,21,197,"Kentucky","Powell County",5,24,157,87,70
050,21,197,"Kentucky","Powell County",5,25,174,82,92
050,21,197,"Kentucky","Powell County",5,26,171,98,73
050,21,197,"Kentucky","Powell County",5,27,173,91,82
050,21,197,"Kentucky","Powell County",5,28,161,80,81
050,21,197,"Kentucky","Powell County",5,29,191,94,97
050,21,197,"Kentucky","Powell County",5,30,172,90,82
050,21,197,"Kentucky","Powell County",5,31,172,86,86
050,21,197,"Kentucky","Powell County",5,32,176,85,91
050,21,197,"Kentucky","Powell County",5,33,172,95,77
050,21,197,"Kentucky","Powell County",5,34,154,81,73
050,21,197,"Kentucky","Powell County",5,35,155,76,79
050,21,197,"Kentucky","Powell County",5,36,140,66,74
050,21,197,"Kentucky","Powell County",5,37,140,72,68
050,21,197,"Kentucky","Powell County",5,38,166,89,77
050,21,197,"Kentucky","Powell County",5,39,161,86,75
050,21,197,"Kentucky","Powell County",5,40,184,90,94
050,21,197,"Kentucky","Powell County",5,41,192,101,91
050,21,197,"Kentucky","Powell County",5,42,171,78,93
050,21,197,"Kentucky","Powell County",5,43,168,83,85
050,21,197,"Kentucky","Powell County",5,44,157,76,81
050,21,197,"Kentucky","Powell County",5,45,172,82,90
050,21,197,"Kentucky","Powell County",5,46,151,73,78
050,21,197,"Kentucky","Powell County",5,47,159,82,77
050,21,197,"Kentucky","Powell County",5,48,171,90,81
050,21,197,"Kentucky","Powell County",5,49,181,106,75
050,21,197,"Kentucky","Powell County",5,50,170,83,87
050,21,197,"Kentucky","Powell County",5,51,165,75,90
050,21,197,"Kentucky","Powell County",5,52,200,106,94
050,21,197,"Kentucky","Powell County",5,53,170,87,83
050,21,197,"Kentucky","Powell County",5,54,164,89,75
050,21,197,"Kentucky","Powell County",5,55,153,83,70
050,21,197,"Kentucky","Powell County",5,56,162,91,71
050,21,197,"Kentucky","Powell County",5,57,169,95,74
050,21,197,"Kentucky","Powell County",5,58,191,104,87
050,21,197,"Kentucky","Powell County",5,59,182,92,90
050,21,197,"Kentucky","Powell County",5,60,171,82,89
050,21,197,"Kentucky","Powell County",5,61,158,69,89
050,21,197,"Kentucky","Powell County",5,62,161,72,89
050,21,197,"Kentucky","Powell County",5,63,162,75,87
050,21,197,"Kentucky","Powell County",5,64,177,92,85
050,21,197,"Kentucky","Powell County",5,65,165,92,73
050,21,197,"Kentucky","Powell County",5,66,158,79,79
050,21,197,"Kentucky","Powell County",5,67,139,65,74
050,21,197,"Kentucky","Powell County",5,68,161,77,84
050,21,197,"Kentucky","Powell County",5,69,165,92,73
050,21,197,"Kentucky","Powell County",5,70,133,68,65
050,21,197,"Kentucky","Powell County",5,71,126,53,73
050,21,197,"Kentucky","Powell County",5,72,123,53,70
050,21,197,"Kentucky","Powell County",5,73,123,59,64
050,21,197,"Kentucky","Powell County",5,74,105,49,56
050,21,197,"Kentucky","Powell County",5,75,93,47,46
050,21,197,"Kentucky","Powell County",5,76,123,57,66
050,21,197,"Kentucky","Powell County",5,77,75,34,41
050,21,197,"Kentucky","Powell County",5,78,89,40,49
050,21,197,"Kentucky","Powell County",5,79,62,28,34
050,21,197,"Kentucky","Powell County",5,80,53,24,29
050,21,197,"Kentucky","Powell County",5,81,44,27,17
050,21,197,"Kentucky","Powell County",5,82,39,20,19
050,21,197,"Kentucky","Powell County",5,83,25,13,12
050,21,197,"Kentucky","Powell County",5,84,31,12,19
050,21,197,"Kentucky","Powell County",5,85,134,31,103
050,21,199,"Kentucky","Pulaski County",1,0,727,371,356
050,21,199,"Kentucky","Pulaski County",1,1,719,374,345
050,21,199,"Kentucky","Pulaski County",1,2,779,407,372
050,21,199,"Kentucky","Pulaski County",1,3,759,396,363
050,21,199,"Kentucky","Pulaski County",1,4,756,365,391
050,21,199,"Kentucky","Pulaski County",1,5,759,388,371
050,21,199,"Kentucky","Pulaski County",1,6,738,369,369
050,21,199,"Kentucky","Pulaski County",1,7,789,412,377
050,21,199,"Kentucky","Pulaski County",1,8,782,416,366
050,21,199,"Kentucky","Pulaski County",1,9,786,434,352
050,21,199,"Kentucky","Pulaski County",1,10,816,422,394
050,21,199,"Kentucky","Pulaski County",1,11,877,439,438
050,21,199,"Kentucky","Pulaski County",1,12,868,446,422
050,21,199,"Kentucky","Pulaski County",1,13,856,447,409
050,21,199,"Kentucky","Pulaski County",1,14,864,426,438
050,21,199,"Kentucky","Pulaski County",1,15,889,443,446
050,21,199,"Kentucky","Pulaski County",1,16,881,457,424
050,21,199,"Kentucky","Pulaski County",1,17,867,458,409
050,21,199,"Kentucky","Pulaski County",1,18,741,392,349
050,21,199,"Kentucky","Pulaski County",1,19,572,304,268
050,21,199,"Kentucky","Pulaski County",1,20,607,324,283
050,21,199,"Kentucky","Pulaski County",1,21,624,321,303
050,21,199,"Kentucky","Pulaski County",1,22,666,319,347
050,21,199,"Kentucky","Pulaski County",1,23,689,355,334
050,21,199,"Kentucky","Pulaski County",1,24,727,380,347
050,21,199,"Kentucky","Pulaski County",1,25,726,381,345
050,21,199,"Kentucky","Pulaski County",1,26,761,386,375
050,21,199,"Kentucky","Pulaski County",1,27,795,423,372
050,21,199,"Kentucky","Pulaski County",1,28,824,406,418
050,21,199,"Kentucky","Pulaski County",1,29,834,392,442
050,21,199,"Kentucky","Pulaski County",1,30,835,416,419
050,21,199,"Kentucky","Pulaski County",1,31,775,384,391
050,21,199,"Kentucky","Pulaski County",1,32,704,337,367
050,21,199,"Kentucky","Pulaski County",1,33,742,353,389
050,21,199,"Kentucky","Pulaski County",1,34,728,340,388
050,21,199,"Kentucky","Pulaski County",1,35,735,366,369
050,21,199,"Kentucky","Pulaski County",1,36,758,367,391
050,21,199,"Kentucky","Pulaski County",1,37,792,379,413
050,21,199,"Kentucky","Pulaski County",1,38,776,380,396
050,21,199,"Kentucky","Pulaski County",1,39,774,393,381
050,21,199,"Kentucky","Pulaski County",1,40,827,402,425
050,21,199,"Kentucky","Pulaski County",1,41,799,390,409
050,21,199,"Kentucky","Pulaski County",1,42,847,437,410
050,21,199,"Kentucky","Pulaski County",1,43,798,405,393
050,21,199,"Kentucky","Pulaski County",1,44,771,356,415
050,21,199,"Kentucky","Pulaski County",1,45,807,420,387
050,21,199,"Kentucky","Pulaski County",1,46,795,406,389
050,21,199,"Kentucky","Pulaski County",1,47,802,411,391
050,21,199,"Kentucky","Pulaski County",1,48,889,452,437
050,21,199,"Kentucky","Pulaski County",1,49,971,498,473
050,21,199,"Kentucky","Pulaski County",1,50,902,436,466
050,21,199,"Kentucky","Pulaski County",1,51,878,422,456
050,21,199,"Kentucky","Pulaski County",1,52,821,410,411
050,21,199,"Kentucky","Pulaski County",1,53,919,452,467
050,21,199,"Kentucky","Pulaski County",1,54,871,437,434
050,21,199,"Kentucky","Pulaski County",1,55,916,427,489
050,21,199,"Kentucky","Pulaski County",1,56,940,463,477
050,21,199,"Kentucky","Pulaski County",1,57,929,433,496
050,21,199,"Kentucky","Pulaski County",1,58,970,464,506
050,21,199,"Kentucky","Pulaski County",1,59,948,457,491
050,21,199,"Kentucky","Pulaski County",1,60,923,444,479
050,21,199,"Kentucky","Pulaski County",1,61,903,439,464
050,21,199,"Kentucky","Pulaski County",1,62,902,449,453
050,21,199,"Kentucky","Pulaski County",1,63,901,421,480
050,21,199,"Kentucky","Pulaski County",1,64,901,447,454
050,21,199,"Kentucky","Pulaski County",1,65,878,435,443
050,21,199,"Kentucky","Pulaski County",1,66,834,389,445
050,21,199,"Kentucky","Pulaski County",1,67,794,395,399
050,21,199,"Kentucky","Pulaski County",1,68,789,377,412
050,21,199,"Kentucky","Pulaski County",1,69,751,347,404
050,21,199,"Kentucky","Pulaski County",1,70,771,370,401
050,21,199,"Kentucky","Pulaski County",1,71,712,337,375
050,21,199,"Kentucky","Pulaski County",1,72,715,339,376
050,21,199,"Kentucky","Pulaski County",1,73,744,353,391
050,21,199,"Kentucky","Pulaski County",1,74,517,235,282
050,21,199,"Kentucky","Pulaski County",1,75,534,247,287
050,21,199,"Kentucky","Pulaski County",1,76,519,233,286
050,21,199,"Kentucky","Pulaski County",1,77,478,206,272
050,21,199,"Kentucky","Pulaski County",1,78,414,188,226
050,21,199,"Kentucky","Pulaski County",1,79,368,168,200
050,21,199,"Kentucky","Pulaski County",1,80,349,148,201
050,21,199,"Kentucky","Pulaski County",1,81,330,157,173
050,21,199,"Kentucky","Pulaski County",1,82,305,130,175
050,21,199,"Kentucky","Pulaski County",1,83,254,104,150
050,21,199,"Kentucky","Pulaski County",1,84,242,99,143
050,21,199,"Kentucky","Pulaski County",1,85,1114,367,747
050,21,199,"Kentucky","Pulaski County",2,0,719,371,348
050,21,199,"Kentucky","Pulaski County",2,1,722,373,349
050,21,199,"Kentucky","Pulaski County",2,2,764,402,362
050,21,199,"Kentucky","Pulaski County",2,3,757,395,362
050,21,199,"Kentucky","Pulaski County",2,4,756,374,382
050,21,199,"Kentucky","Pulaski County",2,5,759,382,377
050,21,199,"Kentucky","Pulaski County",2,6,748,375,373
050,21,199,"Kentucky","Pulaski County",2,7,773,398,375
050,21,199,"Kentucky","Pulaski County",2,8,781,416,365
050,21,199,"Kentucky","Pulaski County",2,9,785,431,354
050,21,199,"Kentucky","Pulaski County",2,10,810,423,387
050,21,199,"Kentucky","Pulaski County",2,11,863,432,431
050,21,199,"Kentucky","Pulaski County",2,12,876,448,428
050,21,199,"Kentucky","Pulaski County",2,13,863,451,412
050,21,199,"Kentucky","Pulaski County",2,14,862,435,427
050,21,199,"Kentucky","Pulaski County",2,15,887,443,444
050,21,199,"Kentucky","Pulaski County",2,16,887,457,430
050,21,199,"Kentucky","Pulaski County",2,17,873,459,414
050,21,199,"Kentucky","Pulaski County",2,18,738,392,346
050,21,199,"Kentucky","Pulaski County",2,19,583,310,273
050,21,199,"Kentucky","Pulaski County",2,20,617,331,286
050,21,199,"Kentucky","Pulaski County",2,21,627,323,304
050,21,199,"Kentucky","Pulaski County",2,22,663,320,343
050,21,199,"Kentucky","Pulaski County",2,23,689,351,338
050,21,199,"Kentucky","Pulaski County",2,24,721,376,345
050,21,199,"Kentucky","Pulaski County",2,25,731,383,348
050,21,199,"Kentucky","Pulaski County",2,26,756,390,366
050,21,199,"Kentucky","Pulaski County",2,27,781,409,372
050,21,199,"Kentucky","Pulaski County",2,28,812,407,405
050,21,199,"Kentucky","Pulaski County",2,29,827,391,436
050,21,199,"Kentucky","Pulaski County",2,30,846,416,430
050,21,199,"Kentucky","Pulaski County",2,31,790,392,398
050,21,199,"Kentucky","Pulaski County",2,32,728,350,378
050,21,199,"Kentucky","Pulaski County",2,33,734,347,387
050,21,199,"Kentucky","Pulaski County",2,34,728,341,387
050,21,199,"Kentucky","Pulaski County",2,35,739,363,376
050,21,199,"Kentucky","Pulaski County",2,36,744,360,384
050,21,199,"Kentucky","Pulaski County",2,37,791,378,413
050,21,199,"Kentucky","Pulaski County",2,38,781,377,404
050,21,199,"Kentucky","Pulaski County",2,39,771,389,382
050,21,199,"Kentucky","Pulaski County",2,40,820,404,416
050,21,199,"Kentucky","Pulaski County",2,41,812,395,417
050,21,199,"Kentucky","Pulaski County",2,42,838,427,411
050,21,199,"Kentucky","Pulaski County",2,43,815,414,401
050,21,199,"Kentucky","Pulaski County",2,44,775,370,405
050,21,199,"Kentucky","Pulaski County",2,45,807,409,398
050,21,199,"Kentucky","Pulaski County",2,46,794,406,388
050,21,199,"Kentucky","Pulaski County",2,47,803,412,391
050,21,199,"Kentucky","Pulaski County",2,48,867,443,424
050,21,199,"Kentucky","Pulaski County",2,49,959,494,465
050,21,199,"Kentucky","Pulaski County",2,50,923,452,471
050,21,199,"Kentucky","Pulaski County",2,51,880,420,460
050,21,199,"Kentucky","Pulaski County",2,52,834,413,421
050,21,199,"Kentucky","Pulaski County",2,53,898,441,457
050,21,199,"Kentucky","Pulaski County",2,54,877,439,438
050,21,199,"Kentucky","Pulaski County",2,55,908,430,478
050,21,199,"Kentucky","Pulaski County",2,56,938,455,483
050,21,199,"Kentucky","Pulaski County",2,57,941,445,496
050,21,199,"Kentucky","Pulaski County",2,58,954,450,504
050,21,199,"Kentucky","Pulaski County",2,59,958,459,499
050,21,199,"Kentucky","Pulaski County",2,60,924,442,482
050,21,199,"Kentucky","Pulaski County",2,61,909,442,467
050,21,199,"Kentucky","Pulaski County",2,62,902,447,455
050,21,199,"Kentucky","Pulaski County",2,63,908,430,478
050,21,199,"Kentucky","Pulaski County",2,64,895,438,457
050,21,199,"Kentucky","Pulaski County",2,65,880,434,446
050,21,199,"Kentucky","Pulaski County",2,66,842,398,444
050,21,199,"Kentucky","Pulaski County",2,67,798,391,407
050,21,199,"Kentucky","Pulaski County",2,68,785,379,406
050,21,199,"Kentucky","Pulaski County",2,69,764,355,409
050,21,199,"Kentucky","Pulaski County",2,70,764,365,399
050,21,199,"Kentucky","Pulaski County",2,71,728,347,381
050,21,199,"Kentucky","Pulaski County",2,72,702,333,369
050,21,199,"Kentucky","Pulaski County",2,73,774,368,406
050,21,199,"Kentucky","Pulaski County",2,74,527,241,286
050,21,199,"Kentucky","Pulaski County",2,75,529,241,288
050,21,199,"Kentucky","Pulaski County",2,76,516,235,281
050,21,199,"Kentucky","Pulaski County",2,77,496,215,281
050,21,199,"Kentucky","Pulaski County",2,78,415,186,229
050,21,199,"Kentucky","Pulaski County",2,79,372,172,200
050,21,199,"Kentucky","Pulaski County",2,80,348,150,198
050,21,199,"Kentucky","Pulaski County",2,81,324,149,175
050,21,199,"Kentucky","Pulaski County",2,82,313,136,177
050,21,199,"Kentucky","Pulaski County",2,83,257,108,149
050,21,199,"Kentucky","Pulaski County",2,84,240,99,141
050,21,199,"Kentucky","Pulaski County",2,85,1121,367,754
050,21,199,"Kentucky","Pulaski County",3,0,681,346,335
050,21,199,"Kentucky","Pulaski County",3,1,718,386,332
050,21,199,"Kentucky","Pulaski County",3,2,738,392,346
050,21,199,"Kentucky","Pulaski County",3,3,781,409,372
050,21,199,"Kentucky","Pulaski County",3,4,787,419,368
050,21,199,"Kentucky","Pulaski County",3,5,770,387,383
050,21,199,"Kentucky","Pulaski County",3,6,779,395,384
050,21,199,"Kentucky","Pulaski County",3,7,758,383,375
050,21,199,"Kentucky","Pulaski County",3,8,798,418,380
050,21,199,"Kentucky","Pulaski County",3,9,783,421,362
050,21,199,"Kentucky","Pulaski County",3,10,801,438,363
050,21,199,"Kentucky","Pulaski County",3,11,823,427,396
050,21,199,"Kentucky","Pulaski County",3,12,882,446,436
050,21,199,"Kentucky","Pulaski County",3,13,896,454,442
050,21,199,"Kentucky","Pulaski County",3,14,862,445,417
050,21,199,"Kentucky","Pulaski County",3,15,875,448,427
050,21,199,"Kentucky","Pulaski County",3,16,903,464,439
050,21,199,"Kentucky","Pulaski County",3,17,896,461,435
050,21,199,"Kentucky","Pulaski County",3,18,742,400,342
050,21,199,"Kentucky","Pulaski County",3,19,589,318,271
050,21,199,"Kentucky","Pulaski County",3,20,645,346,299
050,21,199,"Kentucky","Pulaski County",3,21,651,336,315
050,21,199,"Kentucky","Pulaski County",3,22,674,342,332
050,21,199,"Kentucky","Pulaski County",3,23,717,358,359
050,21,199,"Kentucky","Pulaski County",3,24,708,365,343
050,21,199,"Kentucky","Pulaski County",3,25,717,375,342
050,21,199,"Kentucky","Pulaski County",3,26,755,381,374
050,21,199,"Kentucky","Pulaski County",3,27,781,400,381
050,21,199,"Kentucky","Pulaski County",3,28,807,427,380
050,21,199,"Kentucky","Pulaski County",3,29,809,406,403
050,21,199,"Kentucky","Pulaski County",3,30,820,394,426
050,21,199,"Kentucky","Pulaski County",3,31,859,422,437
050,21,199,"Kentucky","Pulaski County",3,32,816,404,412
050,21,199,"Kentucky","Pulaski County",3,33,751,367,384
050,21,199,"Kentucky","Pulaski County",3,34,733,351,382
050,21,199,"Kentucky","Pulaski County",3,35,731,347,384
050,21,199,"Kentucky","Pulaski County",3,36,742,353,389
050,21,199,"Kentucky","Pulaski County",3,37,757,368,389
050,21,199,"Kentucky","Pulaski County",3,38,805,383,422
050,21,199,"Kentucky","Pulaski County",3,39,791,386,405
050,21,199,"Kentucky","Pulaski County",3,40,785,388,397
050,21,199,"Kentucky","Pulaski County",3,41,831,406,425
050,21,199,"Kentucky","Pulaski County",3,42,833,416,417
050,21,199,"Kentucky","Pulaski County",3,43,826,415,411
050,21,199,"Kentucky","Pulaski County",3,44,838,432,406
050,21,199,"Kentucky","Pulaski County",3,45,792,389,403
050,21,199,"Kentucky","Pulaski County",3,46,808,395,413
050,21,199,"Kentucky","Pulaski County",3,47,792,408,384
050,21,199,"Kentucky","Pulaski County",3,48,808,420,388
050,21,199,"Kentucky","Pulaski County",3,49,863,443,420
050,21,199,"Kentucky","Pulaski County",3,50,968,494,474
050,21,199,"Kentucky","Pulaski County",3,51,916,441,475
050,21,199,"Kentucky","Pulaski County",3,52,876,417,459
050,21,199,"Kentucky","Pulaski County",3,53,845,417,428
050,21,199,"Kentucky","Pulaski County",3,54,898,442,456
050,21,199,"Kentucky","Pulaski County",3,55,856,423,433
050,21,199,"Kentucky","Pulaski County",3,56,923,436,487
050,21,199,"Kentucky","Pulaski County",3,57,943,457,486
050,21,199,"Kentucky","Pulaski County",3,58,949,448,501
050,21,199,"Kentucky","Pulaski County",3,59,961,457,504
050,21,199,"Kentucky","Pulaski County",3,60,955,463,492
050,21,199,"Kentucky","Pulaski County",3,61,915,438,477
050,21,199,"Kentucky","Pulaski County",3,62,920,444,476
050,21,199,"Kentucky","Pulaski County",3,63,894,436,458
050,21,199,"Kentucky","Pulaski County",3,64,895,426,469
050,21,199,"Kentucky","Pulaski County",3,65,876,425,451
050,21,199,"Kentucky","Pulaski County",3,66,874,421,453
050,21,199,"Kentucky","Pulaski County",3,67,812,385,427
050,21,199,"Kentucky","Pulaski County",3,68,798,385,413
050,21,199,"Kentucky","Pulaski County",3,69,768,375,393
050,21,199,"Kentucky","Pulaski County",3,70,758,352,406
050,21,199,"Kentucky","Pulaski County",3,71,737,351,386
050,21,199,"Kentucky","Pulaski County",3,72,716,342,374
050,21,199,"Kentucky","Pulaski County",3,73,667,310,357
050,21,199,"Kentucky","Pulaski County",3,74,754,356,398
050,21,199,"Kentucky","Pulaski County",3,75,513,223,290
050,21,199,"Kentucky","Pulaski County",3,76,505,236,269
050,21,199,"Kentucky","Pulaski County",3,77,496,229,267
050,21,199,"Kentucky","Pulaski County",3,78,464,198,266
050,21,199,"Kentucky","Pulaski County",3,79,402,179,223
050,21,199,"Kentucky","Pulaski County",3,80,347,156,191
050,21,199,"Kentucky","Pulaski County",3,81,313,134,179
050,21,199,"Kentucky","Pulaski County",3,82,308,136,172
050,21,199,"Kentucky","Pulaski County",3,83,288,125,163
050,21,199,"Kentucky","Pulaski County",3,84,225,94,131
050,21,199,"Kentucky","Pulaski County",3,85,1129,383,746
050,21,199,"Kentucky","Pulaski County",4,0,687,382,305
050,21,199,"Kentucky","Pulaski County",4,1,697,354,343
050,21,199,"Kentucky","Pulaski County",4,2,724,385,339
050,21,199,"Kentucky","Pulaski County",4,3,744,392,352
050,21,199,"Kentucky","Pulaski County",4,4,784,418,366
050,21,199,"Kentucky","Pulaski County",4,5,808,418,390
050,21,199,"Kentucky","Pulaski County",4,6,772,391,381
050,21,199,"Kentucky","Pulaski County",4,7,792,401,391
050,21,199,"Kentucky","Pulaski County",4,8,770,389,381
050,21,199,"Kentucky","Pulaski County",4,9,825,431,394
050,21,199,"Kentucky","Pulaski County",4,10,799,435,364
050,21,199,"Kentucky","Pulaski County",4,11,808,442,366
050,21,199,"Kentucky","Pulaski County",4,12,819,427,392
050,21,199,"Kentucky","Pulaski County",4,13,883,448,435
050,21,199,"Kentucky","Pulaski County",4,14,891,451,440
050,21,199,"Kentucky","Pulaski County",4,15,855,448,407
050,21,199,"Kentucky","Pulaski County",4,16,861,437,424
050,21,199,"Kentucky","Pulaski County",4,17,903,453,450
050,21,199,"Kentucky","Pulaski County",4,18,747,400,347
050,21,199,"Kentucky","Pulaski County",4,19,563,306,257
050,21,199,"Kentucky","Pulaski County",4,20,627,342,285
050,21,199,"Kentucky","Pulaski County",4,21,656,342,314
050,21,199,"Kentucky","Pulaski County",4,22,677,340,337
050,21,199,"Kentucky","Pulaski County",4,23,713,376,337
050,21,199,"Kentucky","Pulaski County",4,24,716,357,359
050,21,199,"Kentucky","Pulaski County",4,25,709,367,342
050,21,199,"Kentucky","Pulaski County",4,26,751,386,365
050,21,199,"Kentucky","Pulaski County",4,27,744,385,359
050,21,199,"Kentucky","Pulaski County",4,28,802,406,396
050,21,199,"Kentucky","Pulaski County",4,29,804,426,378
050,21,199,"Kentucky","Pulaski County",4,30,809,423,386
050,21,199,"Kentucky","Pulaski County",4,31,831,391,440
050,21,199,"Kentucky","Pulaski County",4,32,871,431,440
050,21,199,"Kentucky","Pulaski County",4,33,818,396,422
050,21,199,"Kentucky","Pulaski County",4,34,753,368,385
050,21,199,"Kentucky","Pulaski County",4,35,740,356,384
050,21,199,"Kentucky","Pulaski County",4,36,736,339,397
050,21,199,"Kentucky","Pulaski County",4,37,747,357,390
050,21,199,"Kentucky","Pulaski County",4,38,748,355,393
050,21,199,"Kentucky","Pulaski County",4,39,803,380,423
050,21,199,"Kentucky","Pulaski County",4,40,794,389,405
050,21,199,"Kentucky","Pulaski County",4,41,802,404,398
050,21,199,"Kentucky","Pulaski County",4,42,857,429,428
050,21,199,"Kentucky","Pulaski County",4,43,828,412,416
050,21,199,"Kentucky","Pulaski County",4,44,844,429,415
050,21,199,"Kentucky","Pulaski County",4,45,839,432,407
050,21,199,"Kentucky","Pulaski County",4,46,786,382,404
050,21,199,"Kentucky","Pulaski County",4,47,811,400,411
050,21,199,"Kentucky","Pulaski County",4,48,798,406,392
050,21,199,"Kentucky","Pulaski County",4,49,809,425,384
050,21,199,"Kentucky","Pulaski County",4,50,881,446,435
050,21,199,"Kentucky","Pulaski County",4,51,975,496,479
050,21,199,"Kentucky","Pulaski County",4,52,920,441,479
050,21,199,"Kentucky","Pulaski County",4,53,871,412,459
050,21,199,"Kentucky","Pulaski County",4,54,862,427,435
050,21,199,"Kentucky","Pulaski County",4,55,919,455,464
050,21,199,"Kentucky","Pulaski County",4,56,874,427,447
050,21,199,"Kentucky","Pulaski County",4,57,914,427,487
050,21,199,"Kentucky","Pulaski County",4,58,939,458,481
050,21,199,"Kentucky","Pulaski County",4,59,954,453,501
050,21,199,"Kentucky","Pulaski County",4,60,961,461,500
050,21,199,"Kentucky","Pulaski County",4,61,946,455,491
050,21,199,"Kentucky","Pulaski County",4,62,934,443,491
050,21,199,"Kentucky","Pulaski County",4,63,919,433,486
050,21,199,"Kentucky","Pulaski County",4,64,894,447,447
050,21,199,"Kentucky","Pulaski County",4,65,880,423,457
050,21,199,"Kentucky","Pulaski County",4,66,860,406,454
050,21,199,"Kentucky","Pulaski County",4,67,864,419,445
050,21,199,"Kentucky","Pulaski County",4,68,813,378,435
050,21,199,"Kentucky","Pulaski County",4,69,791,380,411
050,21,199,"Kentucky","Pulaski County",4,70,754,369,385
050,21,199,"Kentucky","Pulaski County",4,71,741,340,401
050,21,199,"Kentucky","Pulaski County",4,72,720,333,387
050,21,199,"Kentucky","Pulaski County",4,73,708,340,368
050,21,199,"Kentucky","Pulaski County",4,74,657,306,351
050,21,199,"Kentucky","Pulaski County",4,75,721,332,389
050,21,199,"Kentucky","Pulaski County",4,76,476,215,261
050,21,199,"Kentucky","Pulaski County",4,77,483,233,250
050,21,199,"Kentucky","Pulaski County",4,78,474,217,257
050,21,199,"Kentucky","Pulaski County",4,79,448,189,259
050,21,199,"Kentucky","Pulaski County",4,80,375,162,213
050,21,199,"Kentucky","Pulaski County",4,81,319,143,176
050,21,199,"Kentucky","Pulaski County",4,82,294,120,174
050,21,199,"Kentucky","Pulaski County",4,83,280,123,157
050,21,199,"Kentucky","Pulaski County",4,84,256,110,146
050,21,199,"Kentucky","Pulaski County",4,85,1135,393,742
050,21,199,"Kentucky","Pulaski County",5,0,685,381,304
050,21,199,"Kentucky","Pulaski County",5,1,694,394,300
050,21,199,"Kentucky","Pulaski County",5,2,704,345,359
050,21,199,"Kentucky","Pulaski County",5,3,732,386,346
050,21,199,"Kentucky","Pulaski County",5,4,751,393,358
050,21,199,"Kentucky","Pulaski County",5,5,800,429,371
050,21,199,"Kentucky","Pulaski County",5,6,798,403,395
050,21,199,"Kentucky","Pulaski County",5,7,791,399,392
050,21,199,"Kentucky","Pulaski County",5,8,797,407,390
050,21,199,"Kentucky","Pulaski County",5,9,786,399,387
050,21,199,"Kentucky","Pulaski County",5,10,829,423,406
050,21,199,"Kentucky","Pulaski County",5,11,803,441,362
050,21,199,"Kentucky","Pulaski County",5,12,820,451,369
050,21,199,"Kentucky","Pulaski County",5,13,859,445,414
050,21,199,"Kentucky","Pulaski County",5,14,896,463,433
050,21,199,"Kentucky","Pulaski County",5,15,902,465,437
050,21,199,"Kentucky","Pulaski County",5,16,871,452,419
050,21,199,"Kentucky","Pulaski County",5,17,869,448,421
050,21,199,"Kentucky","Pulaski County",5,18,765,400,365
050,21,199,"Kentucky","Pulaski County",5,19,597,320,277
050,21,199,"Kentucky","Pulaski County",5,20,631,339,292
050,21,199,"Kentucky","Pulaski County",5,21,667,342,325
050,21,199,"Kentucky","Pulaski County",5,22,698,361,337
050,21,199,"Kentucky","Pulaski County",5,23,727,370,357
050,21,199,"Kentucky","Pulaski County",5,24,751,384,367
050,21,199,"Kentucky","Pulaski County",5,25,697,350,347
050,21,199,"Kentucky","Pulaski County",5,26,738,396,342
050,21,199,"Kentucky","Pulaski County",5,27,763,390,373
050,21,199,"Kentucky","Pulaski County",5,28,761,389,372
050,21,199,"Kentucky","Pulaski County",5,29,815,406,409
050,21,199,"Kentucky","Pulaski County",5,30,815,434,381
050,21,199,"Kentucky","Pulaski County",5,31,807,418,389
050,21,199,"Kentucky","Pulaski County",5,32,818,379,439
050,21,199,"Kentucky","Pulaski County",5,33,869,433,436
050,21,199,"Kentucky","Pulaski County",5,34,811,390,421
050,21,199,"Kentucky","Pulaski County",5,35,755,373,382
050,21,199,"Kentucky","Pulaski County",5,36,740,343,397
050,21,199,"Kentucky","Pulaski County",5,37,747,345,402
050,21,199,"Kentucky","Pulaski County",5,38,763,354,409
050,21,199,"Kentucky","Pulaski County",5,39,761,361,400
050,21,199,"Kentucky","Pulaski County",5,40,815,389,426
050,21,199,"Kentucky","Pulaski County",5,41,794,385,409
050,21,199,"Kentucky","Pulaski County",5,42,802,414,388
050,21,199,"Kentucky","Pulaski County",5,43,859,427,432
050,21,199,"Kentucky","Pulaski County",5,44,844,421,423
050,21,199,"Kentucky","Pulaski County",5,45,869,444,425
050,21,199,"Kentucky","Pulaski County",5,46,848,428,420
050,21,199,"Kentucky","Pulaski County",5,47,804,392,412
050,21,199,"Kentucky","Pulaski County",5,48,803,402,401
050,21,199,"Kentucky","Pulaski County",5,49,815,422,393
050,21,199,"Kentucky","Pulaski County",5,50,809,418,391
050,21,199,"Kentucky","Pulaski County",5,51,865,436,429
050,21,199,"Kentucky","Pulaski County",5,52,969,496,473
050,21,199,"Kentucky","Pulaski County",5,53,916,438,478
050,21,199,"Kentucky","Pulaski County",5,54,892,426,466
050,21,199,"Kentucky","Pulaski County",5,55,852,414,438
050,21,199,"Kentucky","Pulaski County",5,56,902,443,459
050,21,199,"Kentucky","Pulaski County",5,57,874,427,447
050,21,199,"Kentucky","Pulaski County",5,58,917,430,487
050,21,199,"Kentucky","Pulaski County",5,59,933,457,476
050,21,199,"Kentucky","Pulaski County",5,60,960,454,506
050,21,199,"Kentucky","Pulaski County",5,61,948,454,494
050,21,199,"Kentucky","Pulaski County",5,62,946,457,489
050,21,199,"Kentucky","Pulaski County",5,63,942,434,508
050,21,199,"Kentucky","Pulaski County",5,64,915,435,480
050,21,199,"Kentucky","Pulaski County",5,65,886,446,440
050,21,199,"Kentucky","Pulaski County",5,66,878,410,468
050,21,199,"Kentucky","Pulaski County",5,67,865,410,455
050,21,199,"Kentucky","Pulaski County",5,68,848,401,447
050,21,199,"Kentucky","Pulaski County",5,69,809,377,432
050,21,199,"Kentucky","Pulaski County",5,70,791,379,412
050,21,199,"Kentucky","Pulaski County",5,71,734,358,376
050,21,199,"Kentucky","Pulaski County",5,72,725,330,395
050,21,199,"Kentucky","Pulaski County",5,73,704,327,377
050,21,199,"Kentucky","Pulaski County",5,74,681,329,352
050,21,199,"Kentucky","Pulaski County",5,75,630,289,341
050,21,199,"Kentucky","Pulaski County",5,76,680,320,360
050,21,199,"Kentucky","Pulaski County",5,77,460,209,251
050,21,199,"Kentucky","Pulaski County",5,78,457,219,238
050,21,199,"Kentucky","Pulaski County",5,79,462,208,254
050,21,199,"Kentucky","Pulaski County",5,80,418,173,245
050,21,199,"Kentucky","Pulaski County",5,81,349,149,200
050,21,199,"Kentucky","Pulaski County",5,82,307,132,175
050,21,199,"Kentucky","Pulaski County",5,83,273,112,161
050,21,199,"Kentucky","Pulaski County",5,84,252,110,142
050,21,199,"Kentucky","Pulaski County",5,85,1206,429,777
050,21,201,"Kentucky","Robertson County",1,0,19,9,10
050,21,201,"Kentucky","Robertson County",1,1,25,12,13
050,21,201,"Kentucky","Robertson County",1,2,25,14,11
050,21,201,"Kentucky","Robertson County",1,3,21,12,9
050,21,201,"Kentucky","Robertson County",1,4,26,12,14
050,21,201,"Kentucky","Robertson County",1,5,19,11,8
050,21,201,"Kentucky","Robertson County",1,6,27,16,11
050,21,201,"Kentucky","Robertson County",1,7,26,10,16
050,21,201,"Kentucky","Robertson County",1,8,25,9,16
050,21,201,"Kentucky","Robertson County",1,9,21,10,11
050,21,201,"Kentucky","Robertson County",1,10,16,11,5
050,21,201,"Kentucky","Robertson County",1,11,34,17,17
050,21,201,"Kentucky","Robertson County",1,12,40,19,21
050,21,201,"Kentucky","Robertson County",1,13,32,14,18
050,21,201,"Kentucky","Robertson County",1,14,26,12,14
050,21,201,"Kentucky","Robertson County",1,15,19,11,8
050,21,201,"Kentucky","Robertson County",1,16,21,14,7
050,21,201,"Kentucky","Robertson County",1,17,25,17,8
050,21,201,"Kentucky","Robertson County",1,18,24,14,10
050,21,201,"Kentucky","Robertson County",1,19,16,10,6
050,21,201,"Kentucky","Robertson County",1,20,22,11,11
050,21,201,"Kentucky","Robertson County",1,21,15,7,8
050,21,201,"Kentucky","Robertson County",1,22,22,12,10
050,21,201,"Kentucky","Robertson County",1,23,26,13,13
050,21,201,"Kentucky","Robertson County",1,24,25,14,11
050,21,201,"Kentucky","Robertson County",1,25,23,10,13
050,21,201,"Kentucky","Robertson County",1,26,28,16,12
050,21,201,"Kentucky","Robertson County",1,27,26,12,14
050,21,201,"Kentucky","Robertson County",1,28,28,17,11
050,21,201,"Kentucky","Robertson County",1,29,21,9,12
050,21,201,"Kentucky","Robertson County",1,30,21,11,10
050,21,201,"Kentucky","Robertson County",1,31,16,10,6
050,21,201,"Kentucky","Robertson County",1,32,15,8,7
050,21,201,"Kentucky","Robertson County",1,33,23,12,11
050,21,201,"Kentucky","Robertson County",1,34,24,16,8
050,21,201,"Kentucky","Robertson County",1,35,21,11,10
050,21,201,"Kentucky","Robertson County",1,36,18,8,10
050,21,201,"Kentucky","Robertson County",1,37,10,4,6
050,21,201,"Kentucky","Robertson County",1,38,20,7,13
050,21,201,"Kentucky","Robertson County",1,39,30,12,18
050,21,201,"Kentucky","Robertson County",1,40,20,10,10
050,21,201,"Kentucky","Robertson County",1,41,24,13,11
050,21,201,"Kentucky","Robertson County",1,42,31,15,16
050,21,201,"Kentucky","Robertson County",1,43,29,14,15
050,21,201,"Kentucky","Robertson County",1,44,24,15,9
050,21,201,"Kentucky","Robertson County",1,45,25,15,10
050,21,201,"Kentucky","Robertson County",1,46,28,13,15
050,21,201,"Kentucky","Robertson County",1,47,25,13,12
050,21,201,"Kentucky","Robertson County",1,48,27,12,15
050,21,201,"Kentucky","Robertson County",1,49,24,10,14
050,21,201,"Kentucky","Robertson County",1,50,33,16,17
050,21,201,"Kentucky","Robertson County",1,51,29,13,16
050,21,201,"Kentucky","Robertson County",1,52,31,18,13
050,21,201,"Kentucky","Robertson County",1,53,32,19,13
050,21,201,"Kentucky","Robertson County",1,54,32,16,16
050,21,201,"Kentucky","Robertson County",1,55,34,20,14
050,21,201,"Kentucky","Robertson County",1,56,38,20,18
050,21,201,"Kentucky","Robertson County",1,57,45,22,23
050,21,201,"Kentucky","Robertson County",1,58,39,23,16
050,21,201,"Kentucky","Robertson County",1,59,32,17,15
050,21,201,"Kentucky","Robertson County",1,60,33,15,18
050,21,201,"Kentucky","Robertson County",1,61,32,12,20
050,21,201,"Kentucky","Robertson County",1,62,36,13,23
050,21,201,"Kentucky","Robertson County",1,63,29,14,15
050,21,201,"Kentucky","Robertson County",1,64,33,19,14
050,21,201,"Kentucky","Robertson County",1,65,35,18,17
050,21,201,"Kentucky","Robertson County",1,66,36,17,19
050,21,201,"Kentucky","Robertson County",1,67,32,21,11
050,21,201,"Kentucky","Robertson County",1,68,28,17,11
050,21,201,"Kentucky","Robertson County",1,69,24,13,11
050,21,201,"Kentucky","Robertson County",1,70,13,9,4
050,21,201,"Kentucky","Robertson County",1,71,20,9,11
050,21,201,"Kentucky","Robertson County",1,72,29,16,13
050,21,201,"Kentucky","Robertson County",1,73,29,11,18
050,21,201,"Kentucky","Robertson County",1,74,24,11,13
050,21,201,"Kentucky","Robertson County",1,75,24,9,15
050,21,201,"Kentucky","Robertson County",1,76,19,7,12
050,21,201,"Kentucky","Robertson County",1,77,27,13,14
050,21,201,"Kentucky","Robertson County",1,78,20,11,9
050,21,201,"Kentucky","Robertson County",1,79,22,13,9
050,21,201,"Kentucky","Robertson County",1,80,19,9,10
050,21,201,"Kentucky","Robertson County",1,81,14,6,8
050,21,201,"Kentucky","Robertson County",1,82,13,5,8
050,21,201,"Kentucky","Robertson County",1,83,8,5,3
050,21,201,"Kentucky","Robertson County",1,84,7,1,6
050,21,201,"Kentucky","Robertson County",1,85,66,33,33
050,21,201,"Kentucky","Robertson County",2,0,18,9,9
050,21,201,"Kentucky","Robertson County",2,1,24,12,12
050,21,201,"Kentucky","Robertson County",2,2,25,14,11
050,21,201,"Kentucky","Robertson County",2,3,21,12,9
050,21,201,"Kentucky","Robertson County",2,4,25,12,13
050,21,201,"Kentucky","Robertson County",2,5,19,11,8
050,21,201,"Kentucky","Robertson County",2,6,26,16,10
050,21,201,"Kentucky","Robertson County",2,7,26,11,15
050,21,201,"Kentucky","Robertson County",2,8,26,10,16
050,21,201,"Kentucky","Robertson County",2,9,21,9,12
050,21,201,"Kentucky","Robertson County",2,10,18,11,7
050,21,201,"Kentucky","Robertson County",2,11,30,16,14
050,21,201,"Kentucky","Robertson County",2,12,38,19,19
050,21,201,"Kentucky","Robertson County",2,13,35,16,19
050,21,201,"Kentucky","Robertson County",2,14,26,12,14
050,21,201,"Kentucky","Robertson County",2,15,22,12,10
050,21,201,"Kentucky","Robertson County",2,16,20,13,7
050,21,201,"Kentucky","Robertson County",2,17,24,16,8
050,21,201,"Kentucky","Robertson County",2,18,23,14,9
050,21,201,"Kentucky","Robertson County",2,19,17,10,7
050,21,201,"Kentucky","Robertson County",2,20,21,10,11
050,21,201,"Kentucky","Robertson County",2,21,18,9,9
050,21,201,"Kentucky","Robertson County",2,22,20,10,10
050,21,201,"Kentucky","Robertson County",2,23,26,13,13
050,21,201,"Kentucky","Robertson County",2,24,25,13,12
050,21,201,"Kentucky","Robertson County",2,25,23,11,12
050,21,201,"Kentucky","Robertson County",2,26,27,15,12
050,21,201,"Kentucky","Robertson County",2,27,26,13,13
050,21,201,"Kentucky","Robertson County",2,28,28,16,12
050,21,201,"Kentucky","Robertson County",2,29,24,12,12
050,21,201,"Kentucky","Robertson County",2,30,22,11,11
050,21,201,"Kentucky","Robertson County",2,31,17,10,7
050,21,201,"Kentucky","Robertson County",2,32,14,8,6
050,21,201,"Kentucky","Robertson County",2,33,22,12,10
050,21,201,"Kentucky","Robertson County",2,34,23,15,8
050,21,201,"Kentucky","Robertson County",2,35,22,13,9
050,21,201,"Kentucky","Robertson County",2,36,19,9,10
050,21,201,"Kentucky","Robertson County",2,37,12,5,7
050,21,201,"Kentucky","Robertson County",2,38,17,6,11
050,21,201,"Kentucky","Robertson County",2,39,27,11,16
050,21,201,"Kentucky","Robertson County",2,40,23,11,12
050,21,201,"Kentucky","Robertson County",2,41,21,11,10
050,21,201,"Kentucky","Robertson County",2,42,29,14,15
050,21,201,"Kentucky","Robertson County",2,43,30,14,16
050,21,201,"Kentucky","Robertson County",2,44,25,15,10
050,21,201,"Kentucky","Robertson County",2,45,26,16,10
050,21,201,"Kentucky","Robertson County",2,46,26,13,13
050,21,201,"Kentucky","Robertson County",2,47,26,13,13
050,21,201,"Kentucky","Robertson County",2,48,25,12,13
050,21,201,"Kentucky","Robertson County",2,49,24,11,13
050,21,201,"Kentucky","Robertson County",2,50,31,15,16
050,21,201,"Kentucky","Robertson County",2,51,30,14,16
050,21,201,"Kentucky","Robertson County",2,52,30,16,14
050,21,201,"Kentucky","Robertson County",2,53,32,19,13
050,21,201,"Kentucky","Robertson County",2,54,32,17,15
050,21,201,"Kentucky","Robertson County",2,55,34,19,15
050,21,201,"Kentucky","Robertson County",2,56,37,20,17
050,21,201,"Kentucky","Robertson County",2,57,44,22,22
050,21,201,"Kentucky","Robertson County",2,58,40,23,17
050,21,201,"Kentucky","Robertson County",2,59,35,19,16
050,21,201,"Kentucky","Robertson County",2,60,32,15,17
050,21,201,"Kentucky","Robertson County",2,61,31,12,19
050,21,201,"Kentucky","Robertson County",2,62,35,13,22
050,21,201,"Kentucky","Robertson County",2,63,30,14,16
050,21,201,"Kentucky","Robertson County",2,64,32,18,14
050,21,201,"Kentucky","Robertson County",2,65,34,18,16
050,21,201,"Kentucky","Robertson County",2,66,37,18,19
050,21,201,"Kentucky","Robertson County",2,67,33,20,13
050,21,201,"Kentucky","Robertson County",2,68,29,18,11
050,21,201,"Kentucky","Robertson County",2,69,24,13,11
050,21,201,"Kentucky","Robertson County",2,70,15,10,5
050,21,201,"Kentucky","Robertson County",2,71,18,9,9
050,21,201,"Kentucky","Robertson County",2,72,27,14,13
050,21,201,"Kentucky","Robertson County",2,73,31,13,18
050,21,201,"Kentucky","Robertson County",2,74,22,9,13
050,21,201,"Kentucky","Robertson County",2,75,25,10,15
050,21,201,"Kentucky","Robertson County",2,76,19,7,12
050,21,201,"Kentucky","Robertson County",2,77,25,11,14
050,21,201,"Kentucky","Robertson County",2,78,21,11,10
050,21,201,"Kentucky","Robertson County",2,79,20,12,8
050,21,201,"Kentucky","Robertson County",2,80,20,10,10
050,21,201,"Kentucky","Robertson County",2,81,14,6,8
050,21,201,"Kentucky","Robertson County",2,82,13,5,8
050,21,201,"Kentucky","Robertson County",2,83,9,5,4
050,21,201,"Kentucky","Robertson County",2,84,6,2,4
050,21,201,"Kentucky","Robertson County",2,85,65,32,33
050,21,201,"Kentucky","Robertson County",3,0,18,8,10
050,21,201,"Kentucky","Robertson County",3,1,19,8,11
050,21,201,"Kentucky","Robertson County",3,2,25,12,13
050,21,201,"Kentucky","Robertson County",3,3,31,18,13
050,21,201,"Kentucky","Robertson County",3,4,26,14,12
050,21,201,"Kentucky","Robertson County",3,5,24,10,14
050,21,201,"Kentucky","Robertson County",3,6,23,12,11
050,21,201,"Kentucky","Robertson County",3,7,29,17,12
050,21,201,"Kentucky","Robertson County",3,8,26,10,16
050,21,201,"Kentucky","Robertson County",3,9,35,11,24
050,21,201,"Kentucky","Robertson County",3,10,23,13,10
050,21,201,"Kentucky","Robertson County",3,11,19,11,8
050,21,201,"Kentucky","Robertson County",3,12,32,17,15
050,21,201,"Kentucky","Robertson County",3,13,41,21,20
050,21,201,"Kentucky","Robertson County",3,14,37,14,23
050,21,201,"Kentucky","Robertson County",3,15,32,13,19
050,21,201,"Kentucky","Robertson County",3,16,24,14,10
050,21,201,"Kentucky","Robertson County",3,17,18,11,7
050,21,201,"Kentucky","Robertson County",3,18,23,16,7
050,21,201,"Kentucky","Robertson County",3,19,20,13,7
050,21,201,"Kentucky","Robertson County",3,20,19,11,8
050,21,201,"Kentucky","Robertson County",3,21,24,11,13
050,21,201,"Kentucky","Robertson County",3,22,21,10,11
050,21,201,"Kentucky","Robertson County",3,23,21,9,12
050,21,201,"Kentucky","Robertson County",3,24,21,13,8
050,21,201,"Kentucky","Robertson County",3,25,24,12,12
050,21,201,"Kentucky","Robertson County",3,26,22,11,11
050,21,201,"Kentucky","Robertson County",3,27,29,14,15
050,21,201,"Kentucky","Robertson County",3,28,28,14,14
050,21,201,"Kentucky","Robertson County",3,29,28,15,13
050,21,201,"Kentucky","Robertson County",3,30,28,12,16
050,21,201,"Kentucky","Robertson County",3,31,21,9,12
050,21,201,"Kentucky","Robertson County",3,32,17,10,7
050,21,201,"Kentucky","Robertson County",3,33,14,8,6
050,21,201,"Kentucky","Robertson County",3,34,23,12,11
050,21,201,"Kentucky","Robertson County",3,35,20,13,7
050,21,201,"Kentucky","Robertson County",3,36,26,16,10
050,21,201,"Kentucky","Robertson County",3,37,25,14,11
050,21,201,"Kentucky","Robertson County",3,38,13,4,9
050,21,201,"Kentucky","Robertson County",3,39,18,6,12
050,21,201,"Kentucky","Robertson County",3,40,28,12,16
050,21,201,"Kentucky","Robertson County",3,41,24,11,13
050,21,201,"Kentucky","Robertson County",3,42,23,11,12
050,21,201,"Kentucky","Robertson County",3,43,28,13,15
050,21,201,"Kentucky","Robertson County",3,44,33,17,16
050,21,201,"Kentucky","Robertson County",3,45,27,16,11
050,21,201,"Kentucky","Robertson County",3,46,29,19,10
050,21,201,"Kentucky","Robertson County",3,47,27,14,13
050,21,201,"Kentucky","Robertson County",3,48,26,14,12
050,21,201,"Kentucky","Robertson County",3,49,24,11,13
050,21,201,"Kentucky","Robertson County",3,50,27,12,15
050,21,201,"Kentucky","Robertson County",3,51,30,16,14
050,21,201,"Kentucky","Robertson County",3,52,29,12,17
050,21,201,"Kentucky","Robertson County",3,53,30,15,15
050,21,201,"Kentucky","Robertson County",3,54,34,20,14
050,21,201,"Kentucky","Robertson County",3,55,31,16,15
050,21,201,"Kentucky","Robertson County",3,56,34,21,13
050,21,201,"Kentucky","Robertson County",3,57,35,18,17
050,21,201,"Kentucky","Robertson County",3,58,48,27,21
050,21,201,"Kentucky","Robertson County",3,59,41,24,17
050,21,201,"Kentucky","Robertson County",3,60,33,17,16
050,21,201,"Kentucky","Robertson County",3,61,32,14,18
050,21,201,"Kentucky","Robertson County",3,62,31,12,19
050,21,201,"Kentucky","Robertson County",3,63,35,12,23
050,21,201,"Kentucky","Robertson County",3,64,31,14,17
050,21,201,"Kentucky","Robertson County",3,65,30,17,13
050,21,201,"Kentucky","Robertson County",3,66,35,19,16
050,21,201,"Kentucky","Robertson County",3,67,37,18,19
050,21,201,"Kentucky","Robertson County",3,68,35,21,14
050,21,201,"Kentucky","Robertson County",3,69,31,18,13
050,21,201,"Kentucky","Robertson County",3,70,23,13,10
050,21,201,"Kentucky","Robertson County",3,71,13,8,5
050,21,201,"Kentucky","Robertson County",3,72,19,9,10
050,21,201,"Kentucky","Robertson County",3,73,30,15,15
050,21,201,"Kentucky","Robertson County",3,74,26,11,15
050,21,201,"Kentucky","Robertson County",3,75,21,8,13
050,21,201,"Kentucky","Robertson County",3,76,23,10,13
050,21,201,"Kentucky","Robertson County",3,77,20,8,12
050,21,201,"Kentucky","Robertson County",3,78,27,11,16
050,21,201,"Kentucky","Robertson County",3,79,20,11,9
050,21,201,"Kentucky","Robertson County",3,80,21,13,8
050,21,201,"Kentucky","Robertson County",3,81,15,7,8
050,21,201,"Kentucky","Robertson County",3,82,13,3,10
050,21,201,"Kentucky","Robertson County",3,83,9,2,7
050,21,201,"Kentucky","Robertson County",3,84,8,5,3
050,21,201,"Kentucky","Robertson County",3,85,64,34,30
050,21,201,"Kentucky","Robertson County",4,0,20,7,13
050,21,201,"Kentucky","Robertson County",4,1,18,10,8
050,21,201,"Kentucky","Robertson County",4,2,18,10,8
050,21,201,"Kentucky","Robertson County",4,3,23,7,16
050,21,201,"Kentucky","Robertson County",4,4,30,15,15
050,21,201,"Kentucky","Robertson County",4,5,24,14,10
050,21,201,"Kentucky","Robertson County",4,6,22,10,12
050,21,201,"Kentucky","Robertson County",4,7,23,11,12
050,21,201,"Kentucky","Robertson County",4,8,24,15,9
050,21,201,"Kentucky","Robertson County",4,9,33,13,20
050,21,201,"Kentucky","Robertson County",4,10,33,12,21
050,21,201,"Kentucky","Robertson County",4,11,24,12,12
050,21,201,"Kentucky","Robertson County",4,12,21,13,8
050,21,201,"Kentucky","Robertson County",4,13,33,15,18
050,21,201,"Kentucky","Robertson County",4,14,38,21,17
050,21,201,"Kentucky","Robertson County",4,15,37,14,23
050,21,201,"Kentucky","Robertson County",4,16,31,13,18
050,21,201,"Kentucky","Robertson County",4,17,28,17,11
050,21,201,"Kentucky","Robertson County",4,18,20,12,8
050,21,201,"Kentucky","Robertson County",4,19,18,13,5
050,21,201,"Kentucky","Robertson County",4,20,22,14,8
050,21,201,"Kentucky","Robertson County",4,21,16,7,9
050,21,201,"Kentucky","Robertson County",4,22,29,13,16
050,21,201,"Kentucky","Robertson County",4,23,20,11,9
050,21,201,"Kentucky","Robertson County",4,24,21,9,12
050,21,201,"Kentucky","Robertson County",4,25,21,13,8
050,21,201,"Kentucky","Robertson County",4,26,17,8,9
050,21,201,"Kentucky","Robertson County",4,27,17,7,10
050,21,201,"Kentucky","Robertson County",4,28,27,13,14
050,21,201,"Kentucky","Robertson County",4,29,30,16,14
050,21,201,"Kentucky","Robertson County",4,30,26,15,11
050,21,201,"Kentucky","Robertson County",4,31,28,12,16
050,21,201,"Kentucky","Robertson County",4,32,21,11,10
050,21,201,"Kentucky","Robertson County",4,33,21,12,9
050,21,201,"Kentucky","Robertson County",4,34,13,7,6
050,21,201,"Kentucky","Robertson County",4,35,26,14,12
050,21,201,"Kentucky","Robertson County",4,36,17,10,7
050,21,201,"Kentucky","Robertson County",4,37,25,14,11
050,21,201,"Kentucky","Robertson County",4,38,27,15,12
050,21,201,"Kentucky","Robertson County",4,39,14,5,9
050,21,201,"Kentucky","Robertson County",4,40,19,7,12
050,21,201,"Kentucky","Robertson County",4,41,28,12,16
050,21,201,"Kentucky","Robertson County",4,42,25,11,14
050,21,201,"Kentucky","Robertson County",4,43,25,11,14
050,21,201,"Kentucky","Robertson County",4,44,31,13,18
050,21,201,"Kentucky","Robertson County",4,45,30,17,13
050,21,201,"Kentucky","Robertson County",4,46,26,14,12
050,21,201,"Kentucky","Robertson County",4,47,31,20,11
050,21,201,"Kentucky","Robertson County",4,48,23,12,11
050,21,201,"Kentucky","Robertson County",4,49,27,15,12
050,21,201,"Kentucky","Robertson County",4,50,23,10,13
050,21,201,"Kentucky","Robertson County",4,51,29,14,15
050,21,201,"Kentucky","Robertson County",4,52,31,17,14
050,21,201,"Kentucky","Robertson County",4,53,29,12,17
050,21,201,"Kentucky","Robertson County",4,54,34,15,19
050,21,201,"Kentucky","Robertson County",4,55,33,21,12
050,21,201,"Kentucky","Robertson County",4,56,33,18,15
050,21,201,"Kentucky","Robertson County",4,57,32,18,14
050,21,201,"Kentucky","Robertson County",4,58,35,19,16
050,21,201,"Kentucky","Robertson County",4,59,46,27,19
050,21,201,"Kentucky","Robertson County",4,60,38,21,17
050,21,201,"Kentucky","Robertson County",4,61,33,17,16
050,21,201,"Kentucky","Robertson County",4,62,29,14,15
050,21,201,"Kentucky","Robertson County",4,63,31,12,19
050,21,201,"Kentucky","Robertson County",4,64,38,13,25
050,21,201,"Kentucky","Robertson County",4,65,29,13,16
050,21,201,"Kentucky","Robertson County",4,66,31,18,13
050,21,201,"Kentucky","Robertson County",4,67,32,18,14
050,21,201,"Kentucky","Robertson County",4,68,37,17,20
050,21,201,"Kentucky","Robertson County",4,69,38,22,16
050,21,201,"Kentucky","Robertson County",4,70,28,16,12
050,21,201,"Kentucky","Robertson County",4,71,22,13,9
050,21,201,"Kentucky","Robertson County",4,72,11,7,4
050,21,201,"Kentucky","Robertson County",4,73,22,10,12
050,21,201,"Kentucky","Robertson County",4,74,28,15,13
050,21,201,"Kentucky","Robertson County",4,75,28,11,17
050,21,201,"Kentucky","Robertson County",4,76,17,6,11
050,21,201,"Kentucky","Robertson County",4,77,22,11,11
050,21,201,"Kentucky","Robertson County",4,78,22,8,14
050,21,201,"Kentucky","Robertson County",4,79,26,11,15
050,21,201,"Kentucky","Robertson County",4,80,23,12,11
050,21,201,"Kentucky","Robertson County",4,81,16,10,6
050,21,201,"Kentucky","Robertson County",4,82,14,4,10
050,21,201,"Kentucky","Robertson County",4,83,12,3,9
050,21,201,"Kentucky","Robertson County",4,84,9,3,6
050,21,201,"Kentucky","Robertson County",4,85,65,37,28
050,21,201,"Kentucky","Robertson County",5,0,20,7,13
050,21,201,"Kentucky","Robertson County",5,1,22,5,17
050,21,201,"Kentucky","Robertson County",5,2,15,11,4
050,21,201,"Kentucky","Robertson County",5,3,21,11,10
050,21,201,"Kentucky","Robertson County",5,4,24,9,15
050,21,201,"Kentucky","Robertson County",5,5,34,19,15
050,21,201,"Kentucky","Robertson County",5,6,24,14,10
050,21,201,"Kentucky","Robertson County",5,7,24,11,13
050,21,201,"Kentucky","Robertson County",5,8,33,17,16
050,21,201,"Kentucky","Robertson County",5,9,32,18,14
050,21,201,"Kentucky","Robertson County",5,10,34,17,17
050,21,201,"Kentucky","Robertson County",5,11,38,11,27
050,21,201,"Kentucky","Robertson County",5,12,31,15,16
050,21,201,"Kentucky","Robertson County",5,13,23,10,13
050,21,201,"Kentucky","Robertson County",5,14,33,16,17
050,21,201,"Kentucky","Robertson County",5,15,39,20,19
050,21,201,"Kentucky","Robertson County",5,16,33,14,19
050,21,201,"Kentucky","Robertson County",5,17,34,17,17
050,21,201,"Kentucky","Robertson County",5,18,26,16,10
050,21,201,"Kentucky","Robertson County",5,19,15,9,6
050,21,201,"Kentucky","Robertson County",5,20,19,14,5
050,21,201,"Kentucky","Robertson County",5,21,21,12,9
050,21,201,"Kentucky","Robertson County",5,22,18,7,11
050,21,201,"Kentucky","Robertson County",5,23,31,15,16
050,21,201,"Kentucky","Robertson County",5,24,25,14,11
050,21,201,"Kentucky","Robertson County",5,25,29,12,17
050,21,201,"Kentucky","Robertson County",5,26,25,17,8
050,21,201,"Kentucky","Robertson County",5,27,15,9,6
050,21,201,"Kentucky","Robertson County",5,28,17,6,11
050,21,201,"Kentucky","Robertson County",5,29,26,12,14
050,21,201,"Kentucky","Robertson County",5,30,31,17,14
050,21,201,"Kentucky","Robertson County",5,31,31,16,15
050,21,201,"Kentucky","Robertson County",5,32,28,13,15
050,21,201,"Kentucky","Robertson County",5,33,22,10,12
050,21,201,"Kentucky","Robertson County",5,34,25,16,9
050,21,201,"Kentucky","Robertson County",5,35,15,8,7
050,21,201,"Kentucky","Robertson County",5,36,26,15,11
050,21,201,"Kentucky","Robertson County",5,37,17,11,6
050,21,201,"Kentucky","Robertson County",5,38,27,14,13
050,21,201,"Kentucky","Robertson County",5,39,25,15,10
050,21,201,"Kentucky","Robertson County",5,40,15,6,9
050,21,201,"Kentucky","Robertson County",5,41,19,7,12
050,21,201,"Kentucky","Robertson County",5,42,29,12,17
050,21,201,"Kentucky","Robertson County",5,43,23,8,15
050,21,201,"Kentucky","Robertson County",5,44,27,12,15
050,21,201,"Kentucky","Robertson County",5,45,29,14,15
050,21,201,"Kentucky","Robertson County",5,46,30,18,12
050,21,201,"Kentucky","Robertson County",5,47,23,12,11
050,21,201,"Kentucky","Robertson County",5,48,28,16,12
050,21,201,"Kentucky","Robertson County",5,49,22,11,11
050,21,201,"Kentucky","Robertson County",5,50,27,16,11
050,21,201,"Kentucky","Robertson County",5,51,26,11,15
050,21,201,"Kentucky","Robertson County",5,52,26,13,13
050,21,201,"Kentucky","Robertson County",5,53,28,15,13
050,21,201,"Kentucky","Robertson County",5,54,29,12,17
050,21,201,"Kentucky","Robertson County",5,55,32,16,16
050,21,201,"Kentucky","Robertson County",5,56,33,20,13
050,21,201,"Kentucky","Robertson County",5,57,34,18,16
050,21,201,"Kentucky","Robertson County",5,58,35,21,14
050,21,201,"Kentucky","Robertson County",5,59,36,20,16
050,21,201,"Kentucky","Robertson County",5,60,44,26,18
050,21,201,"Kentucky","Robertson County",5,61,42,24,18
050,21,201,"Kentucky","Robertson County",5,62,33,14,19
050,21,201,"Kentucky","Robertson County",5,63,27,12,15
050,21,201,"Kentucky","Robertson County",5,64,35,13,22
050,21,201,"Kentucky","Robertson County",5,65,37,13,24
050,21,201,"Kentucky","Robertson County",5,66,30,15,15
050,21,201,"Kentucky","Robertson County",5,67,29,16,13
050,21,201,"Kentucky","Robertson County",5,68,32,19,13
050,21,201,"Kentucky","Robertson County",5,69,38,17,21
050,21,201,"Kentucky","Robertson County",5,70,37,21,16
050,21,201,"Kentucky","Robertson County",5,71,25,14,11
050,21,201,"Kentucky","Robertson County",5,72,21,13,8
050,21,201,"Kentucky","Robertson County",5,73,12,7,5
050,21,201,"Kentucky","Robertson County",5,74,19,10,9
050,21,201,"Kentucky","Robertson County",5,75,28,15,13
050,21,201,"Kentucky","Robertson County",5,76,27,10,17
050,21,201,"Kentucky","Robertson County",5,77,19,7,12
050,21,201,"Kentucky","Robertson County",5,78,24,11,13
050,21,201,"Kentucky","Robertson County",5,79,20,8,12
050,21,201,"Kentucky","Robertson County",5,80,29,13,16
050,21,201,"Kentucky","Robertson County",5,81,18,9,9
050,21,201,"Kentucky","Robertson County",5,82,15,7,8
050,21,201,"Kentucky","Robertson County",5,83,12,4,8
050,21,201,"Kentucky","Robertson County",5,84,11,3,8
050,21,201,"Kentucky","Robertson County",5,85,70,40,30
050,21,203,"Kentucky","Rockcastle County",1,0,148,75,73
050,21,203,"Kentucky","Rockcastle County",1,1,154,73,81
050,21,203,"Kentucky","Rockcastle County",1,2,171,90,81
050,21,203,"Kentucky","Rockcastle County",1,3,161,84,77
050,21,203,"Kentucky","Rockcastle County",1,4,194,110,84
050,21,203,"Kentucky","Rockcastle County",1,5,184,97,87
050,21,203,"Kentucky","Rockcastle County",1,6,177,85,92
050,21,203,"Kentucky","Rockcastle County",1,7,192,98,94
050,21,203,"Kentucky","Rockcastle County",1,8,202,101,101
050,21,203,"Kentucky","Rockcastle County",1,9,164,79,85
050,21,203,"Kentucky","Rockcastle County",1,10,182,85,97
050,21,203,"Kentucky","Rockcastle County",1,11,197,93,104
050,21,203,"Kentucky","Rockcastle County",1,12,217,103,114
050,21,203,"Kentucky","Rockcastle County",1,13,214,104,110
050,21,203,"Kentucky","Rockcastle County",1,14,206,106,100
050,21,203,"Kentucky","Rockcastle County",1,15,211,95,116
050,21,203,"Kentucky","Rockcastle County",1,16,216,100,116
050,21,203,"Kentucky","Rockcastle County",1,17,216,108,108
050,21,203,"Kentucky","Rockcastle County",1,18,200,109,91
050,21,203,"Kentucky","Rockcastle County",1,19,148,88,60
050,21,203,"Kentucky","Rockcastle County",1,20,164,95,69
050,21,203,"Kentucky","Rockcastle County",1,21,153,83,70
050,21,203,"Kentucky","Rockcastle County",1,22,147,73,74
050,21,203,"Kentucky","Rockcastle County",1,23,154,79,75
050,21,203,"Kentucky","Rockcastle County",1,24,182,85,97
050,21,203,"Kentucky","Rockcastle County",1,25,196,98,98
050,21,203,"Kentucky","Rockcastle County",1,26,179,90,89
050,21,203,"Kentucky","Rockcastle County",1,27,188,95,93
050,21,203,"Kentucky","Rockcastle County",1,28,195,99,96
050,21,203,"Kentucky","Rockcastle County",1,29,194,103,91
050,21,203,"Kentucky","Rockcastle County",1,30,189,95,94
050,21,203,"Kentucky","Rockcastle County",1,31,192,88,104
050,21,203,"Kentucky","Rockcastle County",1,32,185,100,85
050,21,203,"Kentucky","Rockcastle County",1,33,183,97,86
050,21,203,"Kentucky","Rockcastle County",1,34,182,91,91
050,21,203,"Kentucky","Rockcastle County",1,35,180,92,88
050,21,203,"Kentucky","Rockcastle County",1,36,174,86,88
050,21,203,"Kentucky","Rockcastle County",1,37,169,79,90
050,21,203,"Kentucky","Rockcastle County",1,38,163,71,92
050,21,203,"Kentucky","Rockcastle County",1,39,180,87,93
050,21,203,"Kentucky","Rockcastle County",1,40,194,102,92
050,21,203,"Kentucky","Rockcastle County",1,41,173,84,89
050,21,203,"Kentucky","Rockcastle County",1,42,184,82,102
050,21,203,"Kentucky","Rockcastle County",1,43,205,96,109
050,21,203,"Kentucky","Rockcastle County",1,44,189,92,97
050,21,203,"Kentucky","Rockcastle County",1,45,201,88,113
050,21,203,"Kentucky","Rockcastle County",1,46,193,97,96
050,21,203,"Kentucky","Rockcastle County",1,47,226,113,113
050,21,203,"Kentucky","Rockcastle County",1,48,237,121,116
050,21,203,"Kentucky","Rockcastle County",1,49,239,116,123
050,21,203,"Kentucky","Rockcastle County",1,50,226,109,117
050,21,203,"Kentucky","Rockcastle County",1,51,248,123,125
050,21,203,"Kentucky","Rockcastle County",1,52,255,135,120
050,21,203,"Kentucky","Rockcastle County",1,53,256,150,106
050,21,203,"Kentucky","Rockcastle County",1,54,246,143,103
050,21,203,"Kentucky","Rockcastle County",1,55,270,126,144
050,21,203,"Kentucky","Rockcastle County",1,56,258,122,136
050,21,203,"Kentucky","Rockcastle County",1,57,246,125,121
050,21,203,"Kentucky","Rockcastle County",1,58,250,129,121
050,21,203,"Kentucky","Rockcastle County",1,59,235,113,122
050,21,203,"Kentucky","Rockcastle County",1,60,234,112,122
050,21,203,"Kentucky","Rockcastle County",1,61,234,114,120
050,21,203,"Kentucky","Rockcastle County",1,62,249,127,122
050,21,203,"Kentucky","Rockcastle County",1,63,243,133,110
050,21,203,"Kentucky","Rockcastle County",1,64,208,115,93
050,21,203,"Kentucky","Rockcastle County",1,65,206,108,98
050,21,203,"Kentucky","Rockcastle County",1,66,205,98,107
050,21,203,"Kentucky","Rockcastle County",1,67,205,101,104
050,21,203,"Kentucky","Rockcastle County",1,68,183,84,99
050,21,203,"Kentucky","Rockcastle County",1,69,194,85,109
050,21,203,"Kentucky","Rockcastle County",1,70,187,93,94
050,21,203,"Kentucky","Rockcastle County",1,71,171,78,93
050,21,203,"Kentucky","Rockcastle County",1,72,173,70,103
050,21,203,"Kentucky","Rockcastle County",1,73,179,75,104
050,21,203,"Kentucky","Rockcastle County",1,74,133,58,75
050,21,203,"Kentucky","Rockcastle County",1,75,127,58,69
050,21,203,"Kentucky","Rockcastle County",1,76,129,64,65
050,21,203,"Kentucky","Rockcastle County",1,77,135,69,66
050,21,203,"Kentucky","Rockcastle County",1,78,106,45,61
050,21,203,"Kentucky","Rockcastle County",1,79,98,38,60
050,21,203,"Kentucky","Rockcastle County",1,80,83,39,44
050,21,203,"Kentucky","Rockcastle County",1,81,75,36,39
050,21,203,"Kentucky","Rockcastle County",1,82,66,31,35
050,21,203,"Kentucky","Rockcastle County",1,83,55,25,30
050,21,203,"Kentucky","Rockcastle County",1,84,54,24,30
050,21,203,"Kentucky","Rockcastle County",1,85,270,103,167
050,21,203,"Kentucky","Rockcastle County",2,0,146,72,74
050,21,203,"Kentucky","Rockcastle County",2,1,153,73,80
050,21,203,"Kentucky","Rockcastle County",2,2,165,85,80
050,21,203,"Kentucky","Rockcastle County",2,3,165,87,78
050,21,203,"Kentucky","Rockcastle County",2,4,188,104,84
050,21,203,"Kentucky","Rockcastle County",2,5,187,101,86
050,21,203,"Kentucky","Rockcastle County",2,6,180,87,93
050,21,203,"Kentucky","Rockcastle County",2,7,190,94,96
050,21,203,"Kentucky","Rockcastle County",2,8,199,99,100
050,21,203,"Kentucky","Rockcastle County",2,9,174,84,90
050,21,203,"Kentucky","Rockcastle County",2,10,178,83,95
050,21,203,"Kentucky","Rockcastle County",2,11,192,91,101
050,21,203,"Kentucky","Rockcastle County",2,12,214,102,112
050,21,203,"Kentucky","Rockcastle County",2,13,215,104,111
050,21,203,"Kentucky","Rockcastle County",2,14,209,106,103
050,21,203,"Kentucky","Rockcastle County",2,15,210,98,112
050,21,203,"Kentucky","Rockcastle County",2,16,213,98,115
050,21,203,"Kentucky","Rockcastle County",2,17,217,107,110
050,21,203,"Kentucky","Rockcastle County",2,18,196,108,88
050,21,203,"Kentucky","Rockcastle County",2,19,150,88,62
050,21,203,"Kentucky","Rockcastle County",2,20,166,96,70
050,21,203,"Kentucky","Rockcastle County",2,21,154,84,70
050,21,203,"Kentucky","Rockcastle County",2,22,150,76,74
050,21,203,"Kentucky","Rockcastle County",2,23,153,77,76
050,21,203,"Kentucky","Rockcastle County",2,24,178,86,92
050,21,203,"Kentucky","Rockcastle County",2,25,193,95,98
050,21,203,"Kentucky","Rockcastle County",2,26,186,94,92
050,21,203,"Kentucky","Rockcastle County",2,27,186,93,93
050,21,203,"Kentucky","Rockcastle County",2,28,194,98,96
050,21,203,"Kentucky","Rockcastle County",2,29,192,100,92
050,21,203,"Kentucky","Rockcastle County",2,30,190,97,93
050,21,203,"Kentucky","Rockcastle County",2,31,194,93,101
050,21,203,"Kentucky","Rockcastle County",2,32,187,98,89
050,21,203,"Kentucky","Rockcastle County",2,33,181,97,84
050,21,203,"Kentucky","Rockcastle County",2,34,182,93,89
050,21,203,"Kentucky","Rockcastle County",2,35,182,93,89
050,21,203,"Kentucky","Rockcastle County",2,36,173,84,89
050,21,203,"Kentucky","Rockcastle County",2,37,168,79,89
050,21,203,"Kentucky","Rockcastle County",2,38,165,73,92
050,21,203,"Kentucky","Rockcastle County",2,39,176,83,93
050,21,203,"Kentucky","Rockcastle County",2,40,193,100,93
050,21,203,"Kentucky","Rockcastle County",2,41,177,88,89
050,21,203,"Kentucky","Rockcastle County",2,42,179,82,97
050,21,203,"Kentucky","Rockcastle County",2,43,202,94,108
050,21,203,"Kentucky","Rockcastle County",2,44,193,92,101
050,21,203,"Kentucky","Rockcastle County",2,45,200,90,110
050,21,203,"Kentucky","Rockcastle County",2,46,196,96,100
050,21,203,"Kentucky","Rockcastle County",2,47,218,109,109
050,21,203,"Kentucky","Rockcastle County",2,48,235,119,116
050,21,203,"Kentucky","Rockcastle County",2,49,241,117,124
050,21,203,"Kentucky","Rockcastle County",2,50,230,111,119
050,21,203,"Kentucky","Rockcastle County",2,51,242,120,122
050,21,203,"Kentucky","Rockcastle County",2,52,252,130,122
050,21,203,"Kentucky","Rockcastle County",2,53,255,145,110
050,21,203,"Kentucky","Rockcastle County",2,54,249,145,104
050,21,203,"Kentucky","Rockcastle County",2,55,266,132,134
050,21,203,"Kentucky","Rockcastle County",2,56,264,124,140
050,21,203,"Kentucky","Rockcastle County",2,57,251,126,125
050,21,203,"Kentucky","Rockcastle County",2,58,249,127,122
050,21,203,"Kentucky","Rockcastle County",2,59,242,118,124
050,21,203,"Kentucky","Rockcastle County",2,60,236,114,122
050,21,203,"Kentucky","Rockcastle County",2,61,231,112,119
050,21,203,"Kentucky","Rockcastle County",2,62,243,122,121
050,21,203,"Kentucky","Rockcastle County",2,63,245,132,113
050,21,203,"Kentucky","Rockcastle County",2,64,215,119,96
050,21,203,"Kentucky","Rockcastle County",2,65,207,109,98
050,21,203,"Kentucky","Rockcastle County",2,66,209,102,107
050,21,203,"Kentucky","Rockcastle County",2,67,204,100,104
050,21,203,"Kentucky","Rockcastle County",2,68,187,88,99
050,21,203,"Kentucky","Rockcastle County",2,69,192,85,107
050,21,203,"Kentucky","Rockcastle County",2,70,190,92,98
050,21,203,"Kentucky","Rockcastle County",2,71,176,82,94
050,21,203,"Kentucky","Rockcastle County",2,72,168,70,98
050,21,203,"Kentucky","Rockcastle County",2,73,188,78,110
050,21,203,"Kentucky","Rockcastle County",2,74,136,59,77
050,21,203,"Kentucky","Rockcastle County",2,75,125,56,69
050,21,203,"Kentucky","Rockcastle County",2,76,126,61,65
050,21,203,"Kentucky","Rockcastle County",2,77,135,70,65
050,21,203,"Kentucky","Rockcastle County",2,78,110,48,62
050,21,203,"Kentucky","Rockcastle County",2,79,98,39,59
050,21,203,"Kentucky","Rockcastle County",2,80,88,39,49
050,21,203,"Kentucky","Rockcastle County",2,81,75,35,40
050,21,203,"Kentucky","Rockcastle County",2,82,66,32,34
050,21,203,"Kentucky","Rockcastle County",2,83,56,26,30
050,21,203,"Kentucky","Rockcastle County",2,84,53,24,29
050,21,203,"Kentucky","Rockcastle County",2,85,275,105,170
050,21,203,"Kentucky","Rockcastle County",3,0,156,88,68
050,21,203,"Kentucky","Rockcastle County",3,1,150,85,65
050,21,203,"Kentucky","Rockcastle County",3,2,159,79,80
050,21,203,"Kentucky","Rockcastle County",3,3,173,86,87
050,21,203,"Kentucky","Rockcastle County",3,4,168,87,81
050,21,203,"Kentucky","Rockcastle County",3,5,186,104,82
050,21,203,"Kentucky","Rockcastle County",3,6,191,95,96
050,21,203,"Kentucky","Rockcastle County",3,7,187,91,96
050,21,203,"Kentucky","Rockcastle County",3,8,185,92,93
050,21,203,"Kentucky","Rockcastle County",3,9,204,102,102
050,21,203,"Kentucky","Rockcastle County",3,10,174,82,92
050,21,203,"Kentucky","Rockcastle County",3,11,186,84,102
050,21,203,"Kentucky","Rockcastle County",3,12,197,92,105
050,21,203,"Kentucky","Rockcastle County",3,13,220,105,115
050,21,203,"Kentucky","Rockcastle County",3,14,225,112,113
050,21,203,"Kentucky","Rockcastle County",3,15,211,106,105
050,21,203,"Kentucky","Rockcastle County",3,16,214,107,107
050,21,203,"Kentucky","Rockcastle County",3,17,218,108,110
050,21,203,"Kentucky","Rockcastle County",3,18,192,100,92
050,21,203,"Kentucky","Rockcastle County",3,19,153,83,70
050,21,203,"Kentucky","Rockcastle County",3,20,171,93,78
050,21,203,"Kentucky","Rockcastle County",3,21,171,97,74
050,21,203,"Kentucky","Rockcastle County",3,22,154,85,69
050,21,203,"Kentucky","Rockcastle County",3,23,152,78,74
050,21,203,"Kentucky","Rockcastle County",3,24,155,79,76
050,21,203,"Kentucky","Rockcastle County",3,25,172,86,86
050,21,203,"Kentucky","Rockcastle County",3,26,188,100,88
050,21,203,"Kentucky","Rockcastle County",3,27,184,90,94
050,21,203,"Kentucky","Rockcastle County",3,28,182,88,94
050,21,203,"Kentucky","Rockcastle County",3,29,199,98,101
050,21,203,"Kentucky","Rockcastle County",3,30,200,104,96
050,21,203,"Kentucky","Rockcastle County",3,31,198,99,99
050,21,203,"Kentucky","Rockcastle County",3,32,200,94,106
050,21,203,"Kentucky","Rockcastle County",3,33,197,100,97
050,21,203,"Kentucky","Rockcastle County",3,34,187,100,87
050,21,203,"Kentucky","Rockcastle County",3,35,185,91,94
050,21,203,"Kentucky","Rockcastle County",3,36,197,101,96
050,21,203,"Kentucky","Rockcastle County",3,37,174,84,90
050,21,203,"Kentucky","Rockcastle County",3,38,172,85,87
050,21,203,"Kentucky","Rockcastle County",3,39,175,76,99
050,21,203,"Kentucky","Rockcastle County",3,40,189,93,96
050,21,203,"Kentucky","Rockcastle County",3,41,194,100,94
050,21,203,"Kentucky","Rockcastle County",3,42,175,89,86
050,21,203,"Kentucky","Rockcastle County",3,43,189,89,100
050,21,203,"Kentucky","Rockcastle County",3,44,203,93,110
050,21,203,"Kentucky","Rockcastle County",3,45,197,91,106
050,21,203,"Kentucky","Rockcastle County",3,46,203,91,112
050,21,203,"Kentucky","Rockcastle County",3,47,195,91,104
050,21,203,"Kentucky","Rockcastle County",3,48,222,108,114
050,21,203,"Kentucky","Rockcastle County",3,49,233,116,117
050,21,203,"Kentucky","Rockcastle County",3,50,241,116,125
050,21,203,"Kentucky","Rockcastle County",3,51,227,112,115
050,21,203,"Kentucky","Rockcastle County",3,52,243,121,122
050,21,203,"Kentucky","Rockcastle County",3,53,251,134,117
050,21,203,"Kentucky","Rockcastle County",3,54,245,139,106
050,21,203,"Kentucky","Rockcastle County",3,55,245,146,99
050,21,203,"Kentucky","Rockcastle County",3,56,266,127,139
050,21,203,"Kentucky","Rockcastle County",3,57,254,117,137
050,21,203,"Kentucky","Rockcastle County",3,58,253,125,128
050,21,203,"Kentucky","Rockcastle County",3,59,257,132,125
050,21,203,"Kentucky","Rockcastle County",3,60,248,120,128
050,21,203,"Kentucky","Rockcastle County",3,61,229,109,120
050,21,203,"Kentucky","Rockcastle County",3,62,235,114,121
050,21,203,"Kentucky","Rockcastle County",3,63,234,117,117
050,21,203,"Kentucky","Rockcastle County",3,64,249,131,118
050,21,203,"Kentucky","Rockcastle County",3,65,211,113,98
050,21,203,"Kentucky","Rockcastle County",3,66,204,108,96
050,21,203,"Kentucky","Rockcastle County",3,67,205,99,106
050,21,203,"Kentucky","Rockcastle County",3,68,197,94,103
050,21,203,"Kentucky","Rockcastle County",3,69,178,85,93
050,21,203,"Kentucky","Rockcastle County",3,70,188,83,105
050,21,203,"Kentucky","Rockcastle County",3,71,181,84,97
050,21,203,"Kentucky","Rockcastle County",3,72,163,74,89
050,21,203,"Kentucky","Rockcastle County",3,73,165,67,98
050,21,203,"Kentucky","Rockcastle County",3,74,184,76,108
050,21,203,"Kentucky","Rockcastle County",3,75,116,45,71
050,21,203,"Kentucky","Rockcastle County",3,76,117,50,67
050,21,203,"Kentucky","Rockcastle County",3,77,121,61,60
050,21,203,"Kentucky","Rockcastle County",3,78,123,59,64
050,21,203,"Kentucky","Rockcastle County",3,79,100,47,53
050,21,203,"Kentucky","Rockcastle County",3,80,98,39,59
050,21,203,"Kentucky","Rockcastle County",3,81,82,33,49
050,21,203,"Kentucky","Rockcastle County",3,82,69,37,32
050,21,203,"Kentucky","Rockcastle County",3,83,61,28,33
050,21,203,"Kentucky","Rockcastle County",3,84,47,23,24
050,21,203,"Kentucky","Rockcastle County",3,85,285,111,174
050,21,203,"Kentucky","Rockcastle County",4,0,155,84,71
050,21,203,"Kentucky","Rockcastle County",4,1,174,97,77
050,21,203,"Kentucky","Rockcastle County",4,2,166,95,71
050,21,203,"Kentucky","Rockcastle County",4,3,167,86,81
050,21,203,"Kentucky","Rockcastle County",4,4,182,92,90
050,21,203,"Kentucky","Rockcastle County",4,5,180,95,85
050,21,203,"Kentucky","Rockcastle County",4,6,196,105,91
050,21,203,"Kentucky","Rockcastle County",4,7,201,103,98
050,21,203,"Kentucky","Rockcastle County",4,8,189,93,96
050,21,203,"Kentucky","Rockcastle County",4,9,185,91,94
050,21,203,"Kentucky","Rockcastle County",4,10,205,103,102
050,21,203,"Kentucky","Rockcastle County",4,11,175,79,96
050,21,203,"Kentucky","Rockcastle County",4,12,191,88,103
050,21,203,"Kentucky","Rockcastle County",4,13,202,99,103
050,21,203,"Kentucky","Rockcastle County",4,14,227,111,116
050,21,203,"Kentucky","Rockcastle County",4,15,232,115,117
050,21,203,"Kentucky","Rockcastle County",4,16,213,108,105
050,21,203,"Kentucky","Rockcastle County",4,17,218,110,108
050,21,203,"Kentucky","Rockcastle County",4,18,179,89,90
050,21,203,"Kentucky","Rockcastle County",4,19,152,85,67
050,21,203,"Kentucky","Rockcastle County",4,20,161,90,71
050,21,203,"Kentucky","Rockcastle County",4,21,175,89,86
050,21,203,"Kentucky","Rockcastle County",4,22,180,100,80
050,21,203,"Kentucky","Rockcastle County",4,23,168,86,82
050,21,203,"Kentucky","Rockcastle County",4,24,170,87,83
050,21,203,"Kentucky","Rockcastle County",4,25,165,84,81
050,21,203,"Kentucky","Rockcastle County",4,26,185,99,86
050,21,203,"Kentucky","Rockcastle County",4,27,197,105,92
050,21,203,"Kentucky","Rockcastle County",4,28,190,88,102
050,21,203,"Kentucky","Rockcastle County",4,29,193,87,106
050,21,203,"Kentucky","Rockcastle County",4,30,199,103,96
050,21,203,"Kentucky","Rockcastle County",4,31,204,110,94
050,21,203,"Kentucky","Rockcastle County",4,32,198,101,97
050,21,203,"Kentucky","Rockcastle County",4,33,208,96,112
050,21,203,"Kentucky","Rockcastle County",4,34,201,104,97
050,21,203,"Kentucky","Rockcastle County",4,35,183,98,85
050,21,203,"Kentucky","Rockcastle County",4,36,189,89,100
050,21,203,"Kentucky","Rockcastle County",4,37,196,103,93
050,21,203,"Kentucky","Rockcastle County",4,38,173,83,90
050,21,203,"Kentucky","Rockcastle County",4,39,175,84,91
050,21,203,"Kentucky","Rockcastle County",4,40,189,91,98
050,21,203,"Kentucky","Rockcastle County",4,41,188,88,100
050,21,203,"Kentucky","Rockcastle County",4,42,188,95,93
050,21,203,"Kentucky","Rockcastle County",4,43,172,84,88
050,21,203,"Kentucky","Rockcastle County",4,44,197,94,103
050,21,203,"Kentucky","Rockcastle County",4,45,208,97,111
050,21,203,"Kentucky","Rockcastle County",4,46,201,95,106
050,21,203,"Kentucky","Rockcastle County",4,47,197,92,105
050,21,203,"Kentucky","Rockcastle County",4,48,198,89,109
050,21,203,"Kentucky","Rockcastle County",4,49,211,104,107
050,21,203,"Kentucky","Rockcastle County",4,50,236,114,122
050,21,203,"Kentucky","Rockcastle County",4,51,239,118,121
050,21,203,"Kentucky","Rockcastle County",4,52,227,113,114
050,21,203,"Kentucky","Rockcastle County",4,53,244,122,122
050,21,203,"Kentucky","Rockcastle County",4,54,246,133,113
050,21,203,"Kentucky","Rockcastle County",4,55,242,139,103
050,21,203,"Kentucky","Rockcastle County",4,56,238,140,98
050,21,203,"Kentucky","Rockcastle County",4,57,254,118,136
050,21,203,"Kentucky","Rockcastle County",4,58,248,116,132
050,21,203,"Kentucky","Rockcastle County",4,59,249,122,127
050,21,203,"Kentucky","Rockcastle County",4,60,272,142,130
050,21,203,"Kentucky","Rockcastle County",4,61,240,111,129
050,21,203,"Kentucky","Rockcastle County",4,62,230,105,125
050,21,203,"Kentucky","Rockcastle County",4,63,232,112,120
050,21,203,"Kentucky","Rockcastle County",4,64,225,110,115
050,21,203,"Kentucky","Rockcastle County",4,65,239,124,115
050,21,203,"Kentucky","Rockcastle County",4,66,211,110,101
050,21,203,"Kentucky","Rockcastle County",4,67,205,112,93
050,21,203,"Kentucky","Rockcastle County",4,68,195,95,100
050,21,203,"Kentucky","Rockcastle County",4,69,184,89,95
050,21,203,"Kentucky","Rockcastle County",4,70,173,84,89
050,21,203,"Kentucky","Rockcastle County",4,71,183,83,100
050,21,203,"Kentucky","Rockcastle County",4,72,166,74,92
050,21,203,"Kentucky","Rockcastle County",4,73,159,73,86
050,21,203,"Kentucky","Rockcastle County",4,74,166,70,96
050,21,203,"Kentucky","Rockcastle County",4,75,169,69,100
050,21,203,"Kentucky","Rockcastle County",4,76,105,35,70
050,21,203,"Kentucky","Rockcastle County",4,77,110,49,61
050,21,203,"Kentucky","Rockcastle County",4,78,109,52,57
050,21,203,"Kentucky","Rockcastle County",4,79,115,60,55
050,21,203,"Kentucky","Rockcastle County",4,80,101,45,56
050,21,203,"Kentucky","Rockcastle County",4,81,91,33,58
050,21,203,"Kentucky","Rockcastle County",4,82,76,34,42
050,21,203,"Kentucky","Rockcastle County",4,83,66,33,33
050,21,203,"Kentucky","Rockcastle County",4,84,48,22,26
050,21,203,"Kentucky","Rockcastle County",4,85,284,112,172
050,21,203,"Kentucky","Rockcastle County",5,0,155,85,70
050,21,203,"Kentucky","Rockcastle County",5,1,163,91,72
050,21,203,"Kentucky","Rockcastle County",5,2,181,98,83
050,21,203,"Kentucky","Rockcastle County",5,3,168,95,73
050,21,203,"Kentucky","Rockcastle County",5,4,171,80,91
050,21,203,"Kentucky","Rockcastle County",5,5,187,90,97
050,21,203,"Kentucky","Rockcastle County",5,6,179,93,86
050,21,203,"Kentucky","Rockcastle County",5,7,188,99,89
050,21,203,"Kentucky","Rockcastle County",5,8,203,99,104
050,21,203,"Kentucky","Rockcastle County",5,9,187,93,94
050,21,203,"Kentucky","Rockcastle County",5,10,183,89,94
050,21,203,"Kentucky","Rockcastle County",5,11,196,98,98
050,21,203,"Kentucky","Rockcastle County",5,12,181,86,95
050,21,203,"Kentucky","Rockcastle County",5,13,189,86,103
050,21,203,"Kentucky","Rockcastle County",5,14,207,102,105
050,21,203,"Kentucky","Rockcastle County",5,15,222,105,117
050,21,203,"Kentucky","Rockcastle County",5,16,232,116,116
050,21,203,"Kentucky","Rockcastle County",5,17,218,112,106
050,21,203,"Kentucky","Rockcastle County",5,18,171,92,79
050,21,203,"Kentucky","Rockcastle County",5,19,138,66,72
050,21,203,"Kentucky","Rockcastle County",5,20,175,92,83
050,21,203,"Kentucky","Rockcastle County",5,21,174,97,77
050,21,203,"Kentucky","Rockcastle County",5,22,191,95,96
050,21,203,"Kentucky","Rockcastle County",5,23,195,106,89
050,21,203,"Kentucky","Rockcastle County",5,24,174,99,75
050,21,203,"Kentucky","Rockcastle County",5,25,162,78,84
050,21,203,"Kentucky","Rockcastle County",5,26,173,90,83
050,21,203,"Kentucky","Rockcastle County",5,27,179,100,79
050,21,203,"Kentucky","Rockcastle County",5,28,191,99,92
050,21,203,"Kentucky","Rockcastle County",5,29,173,81,92
050,21,203,"Kentucky","Rockcastle County",5,30,196,91,105
050,21,203,"Kentucky","Rockcastle County",5,31,207,106,101
050,21,203,"Kentucky","Rockcastle County",5,32,214,112,102
050,21,203,"Kentucky","Rockcastle County",5,33,205,107,98
050,21,203,"Kentucky","Rockcastle County",5,34,205,94,111
050,21,203,"Kentucky","Rockcastle County",5,35,193,97,96
050,21,203,"Kentucky","Rockcastle County",5,36,190,100,90
050,21,203,"Kentucky","Rockcastle County",5,37,198,93,105
050,21,203,"Kentucky","Rockcastle County",5,38,193,103,90
050,21,203,"Kentucky","Rockcastle County",5,39,174,80,94
050,21,203,"Kentucky","Rockcastle County",5,40,180,96,84
050,21,203,"Kentucky","Rockcastle County",5,41,195,92,103
050,21,203,"Kentucky","Rockcastle County",5,42,185,86,99
050,21,203,"Kentucky","Rockcastle County",5,43,189,93,96
050,21,203,"Kentucky","Rockcastle County",5,44,170,86,84
050,21,203,"Kentucky","Rockcastle County",5,45,193,91,102
050,21,203,"Kentucky","Rockcastle County",5,46,202,96,106
050,21,203,"Kentucky","Rockcastle County",5,47,197,89,108
050,21,203,"Kentucky","Rockcastle County",5,48,199,91,108
050,21,203,"Kentucky","Rockcastle County",5,49,183,86,97
050,21,203,"Kentucky","Rockcastle County",5,50,203,103,100
050,21,203,"Kentucky","Rockcastle County",5,51,232,115,117
050,21,203,"Kentucky","Rockcastle County",5,52,243,116,127
050,21,203,"Kentucky","Rockcastle County",5,53,224,109,115
050,21,203,"Kentucky","Rockcastle County",5,54,246,124,122
050,21,203,"Kentucky","Rockcastle County",5,55,244,131,113
050,21,203,"Kentucky","Rockcastle County",5,56,249,144,105
050,21,203,"Kentucky","Rockcastle County",5,57,229,136,93
050,21,203,"Kentucky","Rockcastle County",5,58,255,116,139
050,21,203,"Kentucky","Rockcastle County",5,59,245,113,132
050,21,203,"Kentucky","Rockcastle County",5,60,257,130,127
050,21,203,"Kentucky","Rockcastle County",5,61,270,138,132
050,21,203,"Kentucky","Rockcastle County",5,62,237,109,128
050,21,203,"Kentucky","Rockcastle County",5,63,226,103,123
050,21,203,"Kentucky","Rockcastle County",5,64,237,111,126
050,21,203,"Kentucky","Rockcastle County",5,65,217,105,112
050,21,203,"Kentucky","Rockcastle County",5,66,244,125,119
050,21,203,"Kentucky","Rockcastle County",5,67,209,110,99
050,21,203,"Kentucky","Rockcastle County",5,68,202,111,91
050,21,203,"Kentucky","Rockcastle County",5,69,186,93,93
050,21,203,"Kentucky","Rockcastle County",5,70,179,88,91
050,21,203,"Kentucky","Rockcastle County",5,71,171,84,87
050,21,203,"Kentucky","Rockcastle County",5,72,172,78,94
050,21,203,"Kentucky","Rockcastle County",5,73,161,72,89
050,21,203,"Kentucky","Rockcastle County",5,74,161,78,83
050,21,203,"Kentucky","Rockcastle County",5,75,146,58,88
050,21,203,"Kentucky","Rockcastle County",5,76,159,59,100
050,21,203,"Kentucky","Rockcastle County",5,77,101,37,64
050,21,203,"Kentucky","Rockcastle County",5,78,101,40,61
050,21,203,"Kentucky","Rockcastle County",5,79,102,52,50
050,21,203,"Kentucky","Rockcastle County",5,80,115,58,57
050,21,203,"Kentucky","Rockcastle County",5,81,94,40,54
050,21,203,"Kentucky","Rockcastle County",5,82,82,34,48
050,21,203,"Kentucky","Rockcastle County",5,83,73,32,41
050,21,203,"Kentucky","Rockcastle County",5,84,51,27,24
050,21,203,"Kentucky","Rockcastle County",5,85,293,115,178
050,21,205,"Kentucky","Rowan County",1,0,249,131,118
050,21,205,"Kentucky","Rowan County",1,1,273,143,130
050,21,205,"Kentucky","Rowan County",1,2,278,126,152
050,21,205,"Kentucky","Rowan County",1,3,267,123,144
050,21,205,"Kentucky","Rowan County",1,4,262,129,133
050,21,205,"Kentucky","Rowan County",1,5,248,135,113
050,21,205,"Kentucky","Rowan County",1,6,277,139,138
050,21,205,"Kentucky","Rowan County",1,7,279,141,138
050,21,205,"Kentucky","Rowan County",1,8,263,147,116
050,21,205,"Kentucky","Rowan County",1,9,256,128,128
050,21,205,"Kentucky","Rowan County",1,10,288,144,144
050,21,205,"Kentucky","Rowan County",1,11,280,154,126
050,21,205,"Kentucky","Rowan County",1,12,285,148,137
050,21,205,"Kentucky","Rowan County",1,13,283,144,139
050,21,205,"Kentucky","Rowan County",1,14,252,128,124
050,21,205,"Kentucky","Rowan County",1,15,259,135,124
050,21,205,"Kentucky","Rowan County",1,16,262,141,121
050,21,205,"Kentucky","Rowan County",1,17,256,138,118
050,21,205,"Kentucky","Rowan County",1,18,640,285,355
050,21,205,"Kentucky","Rowan County",1,19,1162,540,622
050,21,205,"Kentucky","Rowan County",1,20,1001,451,550
050,21,205,"Kentucky","Rowan County",1,21,889,456,433
050,21,205,"Kentucky","Rowan County",1,22,681,311,370
050,21,205,"Kentucky","Rowan County",1,23,612,360,252
050,21,205,"Kentucky","Rowan County",1,24,406,202,204
050,21,205,"Kentucky","Rowan County",1,25,370,202,168
050,21,205,"Kentucky","Rowan County",1,26,354,189,165
050,21,205,"Kentucky","Rowan County",1,27,344,174,170
050,21,205,"Kentucky","Rowan County",1,28,347,191,156
050,21,205,"Kentucky","Rowan County",1,29,362,203,159
050,21,205,"Kentucky","Rowan County",1,30,327,166,161
050,21,205,"Kentucky","Rowan County",1,31,276,150,126
050,21,205,"Kentucky","Rowan County",1,32,234,119,115
050,21,205,"Kentucky","Rowan County",1,33,262,136,126
050,21,205,"Kentucky","Rowan County",1,34,254,133,121
050,21,205,"Kentucky","Rowan County",1,35,245,125,120
050,21,205,"Kentucky","Rowan County",1,36,236,118,118
050,21,205,"Kentucky","Rowan County",1,37,227,121,106
050,21,205,"Kentucky","Rowan County",1,38,257,123,134
050,21,205,"Kentucky","Rowan County",1,39,276,147,129
050,21,205,"Kentucky","Rowan County",1,40,271,142,129
050,21,205,"Kentucky","Rowan County",1,41,235,112,123
050,21,205,"Kentucky","Rowan County",1,42,259,123,136
050,21,205,"Kentucky","Rowan County",1,43,233,106,127
050,21,205,"Kentucky","Rowan County",1,44,248,127,121
050,21,205,"Kentucky","Rowan County",1,45,238,115,123
050,21,205,"Kentucky","Rowan County",1,46,228,122,106
050,21,205,"Kentucky","Rowan County",1,47,237,124,113
050,21,205,"Kentucky","Rowan County",1,48,249,121,128
050,21,205,"Kentucky","Rowan County",1,49,285,140,145
050,21,205,"Kentucky","Rowan County",1,50,279,133,146
050,21,205,"Kentucky","Rowan County",1,51,268,132,136
050,21,205,"Kentucky","Rowan County",1,52,269,133,136
050,21,205,"Kentucky","Rowan County",1,53,289,137,152
050,21,205,"Kentucky","Rowan County",1,54,277,126,151
050,21,205,"Kentucky","Rowan County",1,55,269,131,138
050,21,205,"Kentucky","Rowan County",1,56,304,154,150
050,21,205,"Kentucky","Rowan County",1,57,281,133,148
050,21,205,"Kentucky","Rowan County",1,58,279,133,146
050,21,205,"Kentucky","Rowan County",1,59,265,125,140
050,21,205,"Kentucky","Rowan County",1,60,259,124,135
050,21,205,"Kentucky","Rowan County",1,61,256,125,131
050,21,205,"Kentucky","Rowan County",1,62,285,143,142
050,21,205,"Kentucky","Rowan County",1,63,290,151,139
050,21,205,"Kentucky","Rowan County",1,64,252,121,131
050,21,205,"Kentucky","Rowan County",1,65,232,90,142
050,21,205,"Kentucky","Rowan County",1,66,234,107,127
050,21,205,"Kentucky","Rowan County",1,67,231,111,120
050,21,205,"Kentucky","Rowan County",1,68,229,95,134
050,21,205,"Kentucky","Rowan County",1,69,203,87,116
050,21,205,"Kentucky","Rowan County",1,70,184,86,98
050,21,205,"Kentucky","Rowan County",1,71,191,96,95
050,21,205,"Kentucky","Rowan County",1,72,195,88,107
050,21,205,"Kentucky","Rowan County",1,73,196,82,114
050,21,205,"Kentucky","Rowan County",1,74,134,56,78
050,21,205,"Kentucky","Rowan County",1,75,150,71,79
050,21,205,"Kentucky","Rowan County",1,76,161,70,91
050,21,205,"Kentucky","Rowan County",1,77,137,58,79
050,21,205,"Kentucky","Rowan County",1,78,109,45,64
050,21,205,"Kentucky","Rowan County",1,79,111,51,60
050,21,205,"Kentucky","Rowan County",1,80,107,46,61
050,21,205,"Kentucky","Rowan County",1,81,99,40,59
050,21,205,"Kentucky","Rowan County",1,82,91,38,53
050,21,205,"Kentucky","Rowan County",1,83,80,29,51
050,21,205,"Kentucky","Rowan County",1,84,65,28,37
050,21,205,"Kentucky","Rowan County",1,85,333,128,205
050,21,205,"Kentucky","Rowan County",2,0,249,126,123
050,21,205,"Kentucky","Rowan County",2,1,270,140,130
050,21,205,"Kentucky","Rowan County",2,2,279,132,147
050,21,205,"Kentucky","Rowan County",2,3,271,125,146
050,21,205,"Kentucky","Rowan County",2,4,262,128,134
050,21,205,"Kentucky","Rowan County",2,5,251,132,119
050,21,205,"Kentucky","Rowan County",2,6,271,138,133
050,21,205,"Kentucky","Rowan County",2,7,277,141,136
050,21,205,"Kentucky","Rowan County",2,8,266,145,121
050,21,205,"Kentucky","Rowan County",2,9,259,133,126
050,21,205,"Kentucky","Rowan County",2,10,281,141,140
050,21,205,"Kentucky","Rowan County",2,11,280,150,130
050,21,205,"Kentucky","Rowan County",2,12,286,151,135
050,21,205,"Kentucky","Rowan County",2,13,286,147,139
050,21,205,"Kentucky","Rowan County",2,14,260,131,129
050,21,205,"Kentucky","Rowan County",2,15,260,134,126
050,21,205,"Kentucky","Rowan County",2,16,260,140,120
050,21,205,"Kentucky","Rowan County",2,17,259,138,121
050,21,205,"Kentucky","Rowan County",2,18,635,281,354
050,21,205,"Kentucky","Rowan County",2,19,1162,541,621
050,21,205,"Kentucky","Rowan County",2,20,1009,456,553
050,21,205,"Kentucky","Rowan County",2,21,889,455,434
050,21,205,"Kentucky","Rowan County",2,22,686,313,373
050,21,205,"Kentucky","Rowan County",2,23,614,359,255
050,21,205,"Kentucky","Rowan County",2,24,407,200,207
050,21,205,"Kentucky","Rowan County",2,25,372,202,170
050,21,205,"Kentucky","Rowan County",2,26,352,187,165
050,21,205,"Kentucky","Rowan County",2,27,340,175,165
050,21,205,"Kentucky","Rowan County",2,28,344,188,156
050,21,205,"Kentucky","Rowan County",2,29,358,201,157
050,21,205,"Kentucky","Rowan County",2,30,337,175,162
050,21,205,"Kentucky","Rowan County",2,31,281,151,130
050,21,205,"Kentucky","Rowan County",2,32,244,126,118
050,21,205,"Kentucky","Rowan County",2,33,258,134,124
050,21,205,"Kentucky","Rowan County",2,34,257,134,123
050,21,205,"Kentucky","Rowan County",2,35,246,127,119
050,21,205,"Kentucky","Rowan County",2,36,235,119,116
050,21,205,"Kentucky","Rowan County",2,37,232,122,110
050,21,205,"Kentucky","Rowan County",2,38,251,122,129
050,21,205,"Kentucky","Rowan County",2,39,271,142,129
050,21,205,"Kentucky","Rowan County",2,40,270,141,129
050,21,205,"Kentucky","Rowan County",2,41,244,116,128
050,21,205,"Kentucky","Rowan County",2,42,251,121,130
050,21,205,"Kentucky","Rowan County",2,43,240,109,131
050,21,205,"Kentucky","Rowan County",2,44,246,124,122
050,21,205,"Kentucky","Rowan County",2,45,240,117,123
050,21,205,"Kentucky","Rowan County",2,46,227,118,109
050,21,205,"Kentucky","Rowan County",2,47,235,124,111
050,21,205,"Kentucky","Rowan County",2,48,246,122,124
050,21,205,"Kentucky","Rowan County",2,49,279,137,142
050,21,205,"Kentucky","Rowan County",2,50,281,134,147
050,21,205,"Kentucky","Rowan County",2,51,271,133,138
050,21,205,"Kentucky","Rowan County",2,52,272,134,138
050,21,205,"Kentucky","Rowan County",2,53,287,138,149
050,21,205,"Kentucky","Rowan County",2,54,279,129,150
050,21,205,"Kentucky","Rowan County",2,55,270,129,141
050,21,205,"Kentucky","Rowan County",2,56,297,148,149
050,21,205,"Kentucky","Rowan County",2,57,290,139,151
050,21,205,"Kentucky","Rowan County",2,58,279,133,146
050,21,205,"Kentucky","Rowan County",2,59,271,129,142
050,21,205,"Kentucky","Rowan County",2,60,262,126,136
050,21,205,"Kentucky","Rowan County",2,61,257,124,133
050,21,205,"Kentucky","Rowan County",2,62,276,138,138
050,21,205,"Kentucky","Rowan County",2,63,291,150,141
050,21,205,"Kentucky","Rowan County",2,64,256,126,130
050,21,205,"Kentucky","Rowan County",2,65,239,98,141
050,21,205,"Kentucky","Rowan County",2,66,234,104,130
050,21,205,"Kentucky","Rowan County",2,67,230,109,121
050,21,205,"Kentucky","Rowan County",2,68,227,97,130
050,21,205,"Kentucky","Rowan County",2,69,209,89,120
050,21,205,"Kentucky","Rowan County",2,70,184,83,101
050,21,205,"Kentucky","Rowan County",2,71,191,95,96
050,21,205,"Kentucky","Rowan County",2,72,190,89,101
050,21,205,"Kentucky","Rowan County",2,73,205,86,119
050,21,205,"Kentucky","Rowan County",2,74,140,59,81
050,21,205,"Kentucky","Rowan County",2,75,146,69,77
050,21,205,"Kentucky","Rowan County",2,76,153,69,84
050,21,205,"Kentucky","Rowan County",2,77,142,59,83
050,21,205,"Kentucky","Rowan County",2,78,112,47,65
050,21,205,"Kentucky","Rowan County",2,79,110,49,61
050,21,205,"Kentucky","Rowan County",2,80,102,43,59
050,21,205,"Kentucky","Rowan County",2,81,100,41,59
050,21,205,"Kentucky","Rowan County",2,82,94,38,56
050,21,205,"Kentucky","Rowan County",2,83,82,30,52
050,21,205,"Kentucky","Rowan County",2,84,67,29,38
050,21,205,"Kentucky","Rowan County",2,85,341,133,208
050,21,205,"Kentucky","Rowan County",3,0,259,140,119
050,21,205,"Kentucky","Rowan County",3,1,261,129,132
050,21,205,"Kentucky","Rowan County",3,2,257,134,123
050,21,205,"Kentucky","Rowan County",3,3,275,131,144
050,21,205,"Kentucky","Rowan County",3,4,263,124,139
050,21,205,"Kentucky","Rowan County",3,5,267,126,141
050,21,205,"Kentucky","Rowan County",3,6,238,132,106
050,21,205,"Kentucky","Rowan County",3,7,264,141,123
050,21,205,"Kentucky","Rowan County",3,8,266,144,122
050,21,205,"Kentucky","Rowan County",3,9,262,142,120
050,21,205,"Kentucky","Rowan County",3,10,257,130,127
050,21,205,"Kentucky","Rowan County",3,11,273,132,141
050,21,205,"Kentucky","Rowan County",3,12,281,153,128
050,21,205,"Kentucky","Rowan County",3,13,290,155,135
050,21,205,"Kentucky","Rowan County",3,14,302,147,155
050,21,205,"Kentucky","Rowan County",3,15,264,130,134
050,21,205,"Kentucky","Rowan County",3,16,266,140,126
050,21,205,"Kentucky","Rowan County",3,17,267,147,120
050,21,205,"Kentucky","Rowan County",3,18,605,261,344
050,21,205,"Kentucky","Rowan County",3,19,1090,519,571
050,21,205,"Kentucky","Rowan County",3,20,960,445,515
050,21,205,"Kentucky","Rowan County",3,21,873,448,425
050,21,205,"Kentucky","Rowan County",3,22,679,323,356
050,21,205,"Kentucky","Rowan County",3,23,597,356,241
050,21,205,"Kentucky","Rowan County",3,24,411,209,202
050,21,205,"Kentucky","Rowan County",3,25,362,195,167
050,21,205,"Kentucky","Rowan County",3,26,346,189,157
050,21,205,"Kentucky","Rowan County",3,27,330,173,157
050,21,205,"Kentucky","Rowan County",3,28,321,166,155
050,21,205,"Kentucky","Rowan County",3,29,333,178,155
050,21,205,"Kentucky","Rowan County",3,30,349,187,162
050,21,205,"Kentucky","Rowan County",3,31,333,177,156
050,21,205,"Kentucky","Rowan County",3,32,265,140,125
050,21,205,"Kentucky","Rowan County",3,33,246,132,114
050,21,205,"Kentucky","Rowan County",3,34,262,131,131
050,21,205,"Kentucky","Rowan County",3,35,237,121,116
050,21,205,"Kentucky","Rowan County",3,36,248,123,125
050,21,205,"Kentucky","Rowan County",3,37,253,129,124
050,21,205,"Kentucky","Rowan County",3,38,241,126,115
050,21,205,"Kentucky","Rowan County",3,39,254,117,137
050,21,205,"Kentucky","Rowan County",3,40,263,135,128
050,21,205,"Kentucky","Rowan County",3,41,267,132,135
050,21,205,"Kentucky","Rowan County",3,42,244,127,117
050,21,205,"Kentucky","Rowan County",3,43,243,112,131
050,21,205,"Kentucky","Rowan County",3,44,259,127,132
050,21,205,"Kentucky","Rowan County",3,45,231,108,123
050,21,205,"Kentucky","Rowan County",3,46,234,113,121
050,21,205,"Kentucky","Rowan County",3,47,239,129,110
050,21,205,"Kentucky","Rowan County",3,48,231,112,119
050,21,205,"Kentucky","Rowan County",3,49,255,125,130
050,21,205,"Kentucky","Rowan County",3,50,274,135,139
050,21,205,"Kentucky","Rowan County",3,51,287,137,150
050,21,205,"Kentucky","Rowan County",3,52,255,120,135
050,21,205,"Kentucky","Rowan County",3,53,277,138,139
050,21,205,"Kentucky","Rowan County",3,54,287,141,146
050,21,205,"Kentucky","Rowan County",3,55,281,134,147
050,21,205,"Kentucky","Rowan County",3,56,269,126,143
050,21,205,"Kentucky","Rowan County",3,57,293,142,151
050,21,205,"Kentucky","Rowan County",3,58,282,132,150
050,21,205,"Kentucky","Rowan County",3,59,285,133,152
050,21,205,"Kentucky","Rowan County",3,60,267,128,139
050,21,205,"Kentucky","Rowan County",3,61,246,114,132
050,21,205,"Kentucky","Rowan County",3,62,258,127,131
050,21,205,"Kentucky","Rowan County",3,63,278,141,137
050,21,205,"Kentucky","Rowan County",3,64,281,145,136
050,21,205,"Kentucky","Rowan County",3,65,260,121,139
050,21,205,"Kentucky","Rowan County",3,66,241,100,141
050,21,205,"Kentucky","Rowan County",3,67,226,102,124
050,21,205,"Kentucky","Rowan County",3,68,238,113,125
050,21,205,"Kentucky","Rowan County",3,69,221,98,123
050,21,205,"Kentucky","Rowan County",3,70,199,84,115
050,21,205,"Kentucky","Rowan County",3,71,184,85,99
050,21,205,"Kentucky","Rowan County",3,72,187,94,93
050,21,205,"Kentucky","Rowan County",3,73,183,81,102
050,21,205,"Kentucky","Rowan County",3,74,196,76,120
050,21,205,"Kentucky","Rowan County",3,75,129,52,77
050,21,205,"Kentucky","Rowan County",3,76,133,67,66
050,21,205,"Kentucky","Rowan County",3,77,144,63,81
050,21,205,"Kentucky","Rowan County",3,78,133,54,79
050,21,205,"Kentucky","Rowan County",3,79,112,47,65
050,21,205,"Kentucky","Rowan County",3,80,91,39,52
050,21,205,"Kentucky","Rowan County",3,81,94,39,55
050,21,205,"Kentucky","Rowan County",3,82,99,40,59
050,21,205,"Kentucky","Rowan County",3,83,87,34,53
050,21,205,"Kentucky","Rowan County",3,84,67,26,41
050,21,205,"Kentucky","Rowan County",3,85,352,141,211
050,21,205,"Kentucky","Rowan County",4,0,265,143,122
050,21,205,"Kentucky","Rowan County",4,1,256,126,130
050,21,205,"Kentucky","Rowan County",4,2,243,118,125
050,21,205,"Kentucky","Rowan County",4,3,271,140,131
050,21,205,"Kentucky","Rowan County",4,4,282,135,147
050,21,205,"Kentucky","Rowan County",4,5,275,131,144
050,21,205,"Kentucky","Rowan County",4,6,277,130,147
050,21,205,"Kentucky","Rowan County",4,7,240,129,111
050,21,205,"Kentucky","Rowan County",4,8,264,136,128
050,21,205,"Kentucky","Rowan County",4,9,267,136,131
050,21,205,"Kentucky","Rowan County",4,10,266,146,120
050,21,205,"Kentucky","Rowan County",4,11,246,122,124
050,21,205,"Kentucky","Rowan County",4,12,278,134,144
050,21,205,"Kentucky","Rowan County",4,13,275,148,127
050,21,205,"Kentucky","Rowan County",4,14,308,162,146
050,21,205,"Kentucky","Rowan County",4,15,321,150,171
050,21,205,"Kentucky","Rowan County",4,16,261,130,131
050,21,205,"Kentucky","Rowan County",4,17,280,146,134
050,21,205,"Kentucky","Rowan County",4,18,562,256,306
050,21,205,"Kentucky","Rowan County",4,19,1025,486,539
050,21,205,"Kentucky","Rowan County",4,20,903,420,483
050,21,205,"Kentucky","Rowan County",4,21,821,430,391
050,21,205,"Kentucky","Rowan County",4,22,670,305,365
050,21,205,"Kentucky","Rowan County",4,23,626,378,248
050,21,205,"Kentucky","Rowan County",4,24,412,202,210
050,21,205,"Kentucky","Rowan County",4,25,350,186,164
050,21,205,"Kentucky","Rowan County",4,26,320,170,150
050,21,205,"Kentucky","Rowan County",4,27,317,172,145
050,21,205,"Kentucky","Rowan County",4,28,338,178,160
050,21,205,"Kentucky","Rowan County",4,29,317,163,154
050,21,205,"Kentucky","Rowan County",4,30,310,159,151
050,21,205,"Kentucky","Rowan County",4,31,345,181,164
050,21,205,"Kentucky","Rowan County",4,32,324,162,162
050,21,205,"Kentucky","Rowan County",4,33,257,140,117
050,21,205,"Kentucky","Rowan County",4,34,250,130,120
050,21,205,"Kentucky","Rowan County",4,35,244,125,119
050,21,205,"Kentucky","Rowan County",4,36,245,129,116
050,21,205,"Kentucky","Rowan County",4,37,249,128,121
050,21,205,"Kentucky","Rowan County",4,38,247,129,118
050,21,205,"Kentucky","Rowan County",4,39,247,122,125
050,21,205,"Kentucky","Rowan County",4,40,249,115,134
050,21,205,"Kentucky","Rowan County",4,41,278,130,148
050,21,205,"Kentucky","Rowan County",4,42,254,133,121
050,21,205,"Kentucky","Rowan County",4,43,238,113,125
050,21,205,"Kentucky","Rowan County",4,44,248,119,129
050,21,205,"Kentucky","Rowan County",4,45,246,113,133
050,21,205,"Kentucky","Rowan County",4,46,232,110,122
050,21,205,"Kentucky","Rowan County",4,47,243,115,128
050,21,205,"Kentucky","Rowan County",4,48,227,118,109
050,21,205,"Kentucky","Rowan County",4,49,236,118,118
050,21,205,"Kentucky","Rowan County",4,50,244,117,127
050,21,205,"Kentucky","Rowan County",4,51,277,132,145
050,21,205,"Kentucky","Rowan County",4,52,272,125,147
050,21,205,"Kentucky","Rowan County",4,53,252,120,132
050,21,205,"Kentucky","Rowan County",4,54,278,141,137
050,21,205,"Kentucky","Rowan County",4,55,275,138,137
050,21,205,"Kentucky","Rowan County",4,56,277,129,148
050,21,205,"Kentucky","Rowan County",4,57,271,122,149
050,21,205,"Kentucky","Rowan County",4,58,294,143,151
050,21,205,"Kentucky","Rowan County",4,59,267,124,143
050,21,205,"Kentucky","Rowan County",4,60,279,134,145
050,21,205,"Kentucky","Rowan County",4,61,259,121,138
050,21,205,"Kentucky","Rowan County",4,62,254,122,132
050,21,205,"Kentucky","Rowan County",4,63,254,124,130
050,21,205,"Kentucky","Rowan County",4,64,267,132,135
050,21,205,"Kentucky","Rowan County",4,65,277,139,138
050,21,205,"Kentucky","Rowan County",4,66,248,115,133
050,21,205,"Kentucky","Rowan County",4,67,234,97,137
050,21,205,"Kentucky","Rowan County",4,68,223,98,125
050,21,205,"Kentucky","Rowan County",4,69,223,106,117
050,21,205,"Kentucky","Rowan County",4,70,212,93,119
050,21,205,"Kentucky","Rowan County",4,71,206,89,117
050,21,205,"Kentucky","Rowan County",4,72,179,82,97
050,21,205,"Kentucky","Rowan County",4,73,179,86,93
050,21,205,"Kentucky","Rowan County",4,74,182,79,103
050,21,205,"Kentucky","Rowan County",4,75,183,72,111
050,21,205,"Kentucky","Rowan County",4,76,132,55,77
050,21,205,"Kentucky","Rowan County",4,77,123,54,69
050,21,205,"Kentucky","Rowan County",4,78,130,58,72
050,21,205,"Kentucky","Rowan County",4,79,130,52,78
050,21,205,"Kentucky","Rowan County",4,80,93,35,58
050,21,205,"Kentucky","Rowan County",4,81,86,33,53
050,21,205,"Kentucky","Rowan County",4,82,91,37,54
050,21,205,"Kentucky","Rowan County",4,83,90,34,56
050,21,205,"Kentucky","Rowan County",4,84,73,28,45
050,21,205,"Kentucky","Rowan County",4,85,353,141,212
050,21,205,"Kentucky","Rowan County",5,0,272,146,126
050,21,205,"Kentucky","Rowan County",5,1,281,159,122
050,21,205,"Kentucky","Rowan County",5,2,250,130,120
050,21,205,"Kentucky","Rowan County",5,3,242,113,129
050,21,205,"Kentucky","Rowan County",5,4,285,150,135
050,21,205,"Kentucky","Rowan County",5,5,282,128,154
050,21,205,"Kentucky","Rowan County",5,6,272,133,139
050,21,205,"Kentucky","Rowan County",5,7,278,132,146
050,21,205,"Kentucky","Rowan County",5,8,244,128,116
050,21,205,"Kentucky","Rowan County",5,9,264,137,127
050,21,205,"Kentucky","Rowan County",5,10,267,136,131
050,21,205,"Kentucky","Rowan County",5,11,253,142,111
050,21,205,"Kentucky","Rowan County",5,12,260,127,133
050,21,205,"Kentucky","Rowan County",5,13,258,122,136
050,21,205,"Kentucky","Rowan County",5,14,278,150,128
050,21,205,"Kentucky","Rowan County",5,15,315,172,143
050,21,205,"Kentucky","Rowan County",5,16,301,144,157
050,21,205,"Kentucky","Rowan County",5,17,259,120,139
050,21,205,"Kentucky","Rowan County",5,18,579,259,320
050,21,205,"Kentucky","Rowan County",5,19,1018,485,533
050,21,205,"Kentucky","Rowan County",5,20,898,407,491
050,21,205,"Kentucky","Rowan County",5,21,816,431,385
050,21,205,"Kentucky","Rowan County",5,22,666,311,355
050,21,205,"Kentucky","Rowan County",5,23,635,366,269
050,21,205,"Kentucky","Rowan County",5,24,429,215,214
050,21,205,"Kentucky","Rowan County",5,25,388,207,181
050,21,205,"Kentucky","Rowan County",5,26,304,162,142
050,21,205,"Kentucky","Rowan County",5,27,303,159,144
050,21,205,"Kentucky","Rowan County",5,28,313,167,146
050,21,205,"Kentucky","Rowan County",5,29,331,173,158
050,21,205,"Kentucky","Rowan County",5,30,313,157,156
050,21,205,"Kentucky","Rowan County",5,31,304,152,152
050,21,205,"Kentucky","Rowan County",5,32,351,188,163
050,21,205,"Kentucky","Rowan County",5,33,311,151,160
050,21,205,"Kentucky","Rowan County",5,34,260,145,115
050,21,205,"Kentucky","Rowan County",5,35,253,131,122
050,21,205,"Kentucky","Rowan County",5,36,247,129,118
050,21,205,"Kentucky","Rowan County",5,37,238,131,107
050,21,205,"Kentucky","Rowan County",5,38,244,127,117
050,21,205,"Kentucky","Rowan County",5,39,241,119,122
050,21,205,"Kentucky","Rowan County",5,40,243,126,117
050,21,205,"Kentucky","Rowan County",5,41,254,110,144
050,21,205,"Kentucky","Rowan County",5,42,273,136,137
050,21,205,"Kentucky","Rowan County",5,43,249,125,124
050,21,205,"Kentucky","Rowan County",5,44,257,131,126
050,21,205,"Kentucky","Rowan County",5,45,224,104,120
050,21,205,"Kentucky","Rowan County",5,46,244,109,135
050,21,205,"Kentucky","Rowan County",5,47,232,103,129
050,21,205,"Kentucky","Rowan County",5,48,243,118,125
050,21,205,"Kentucky","Rowan County",5,49,233,120,113
050,21,205,"Kentucky","Rowan County",5,50,233,113,120
050,21,205,"Kentucky","Rowan County",5,51,245,116,129
050,21,205,"Kentucky","Rowan County",5,52,270,126,144
050,21,205,"Kentucky","Rowan County",5,53,261,121,140
050,21,205,"Kentucky","Rowan County",5,54,256,125,131
050,21,205,"Kentucky","Rowan County",5,55,286,143,143
050,21,205,"Kentucky","Rowan County",5,56,274,140,134
050,21,205,"Kentucky","Rowan County",5,57,274,127,147
050,21,205,"Kentucky","Rowan County",5,58,263,119,144
050,21,205,"Kentucky","Rowan County",5,59,296,147,149
050,21,205,"Kentucky","Rowan County",5,60,261,122,139
050,21,205,"Kentucky","Rowan County",5,61,274,131,143
050,21,205,"Kentucky","Rowan County",5,62,252,120,132
050,21,205,"Kentucky","Rowan County",5,63,248,115,133
050,21,205,"Kentucky","Rowan County",5,64,238,117,121
050,21,205,"Kentucky","Rowan County",5,65,263,131,132
050,21,205,"Kentucky","Rowan County",5,66,268,139,129
050,21,205,"Kentucky","Rowan County",5,67,244,113,131
050,21,205,"Kentucky","Rowan County",5,68,232,94,138
050,21,205,"Kentucky","Rowan County",5,69,215,96,119
050,21,205,"Kentucky","Rowan County",5,70,216,106,110
050,21,205,"Kentucky","Rowan County",5,71,210,98,112
050,21,205,"Kentucky","Rowan County",5,72,202,85,117
050,21,205,"Kentucky","Rowan County",5,73,171,72,99
050,21,205,"Kentucky","Rowan County",5,74,181,82,99
050,21,205,"Kentucky","Rowan County",5,75,162,71,91
050,21,205,"Kentucky","Rowan County",5,76,182,75,107
050,21,205,"Kentucky","Rowan County",5,77,122,47,75
050,21,205,"Kentucky","Rowan County",5,78,110,47,63
050,21,205,"Kentucky","Rowan County",5,79,126,55,71
050,21,205,"Kentucky","Rowan County",5,80,112,42,70
050,21,205,"Kentucky","Rowan County",5,81,88,31,57
050,21,205,"Kentucky","Rowan County",5,82,86,30,56
050,21,205,"Kentucky","Rowan County",5,83,86,31,55
050,21,205,"Kentucky","Rowan County",5,84,74,29,45
050,21,205,"Kentucky","Rowan County",5,85,373,147,226
050,21,207,"Kentucky","Russell County",1,0,207,106,101
050,21,207,"Kentucky","Russell County",1,1,218,108,110
050,21,207,"Kentucky","Russell County",1,2,221,114,107
050,21,207,"Kentucky","Russell County",1,3,224,114,110
050,21,207,"Kentucky","Russell County",1,4,231,126,105
050,21,207,"Kentucky","Russell County",1,5,232,121,111
050,21,207,"Kentucky","Russell County",1,6,220,109,111
050,21,207,"Kentucky","Russell County",1,7,238,116,122
050,21,207,"Kentucky","Russell County",1,8,226,115,111
050,21,207,"Kentucky","Russell County",1,9,246,129,117
050,21,207,"Kentucky","Russell County",1,10,251,128,123
050,21,207,"Kentucky","Russell County",1,11,250,129,121
050,21,207,"Kentucky","Russell County",1,12,246,127,119
050,21,207,"Kentucky","Russell County",1,13,226,109,117
050,21,207,"Kentucky","Russell County",1,14,229,113,116
050,21,207,"Kentucky","Russell County",1,15,218,115,103
050,21,207,"Kentucky","Russell County",1,16,241,128,113
050,21,207,"Kentucky","Russell County",1,17,225,117,108
050,21,207,"Kentucky","Russell County",1,18,181,94,87
050,21,207,"Kentucky","Russell County",1,19,159,80,79
050,21,207,"Kentucky","Russell County",1,20,169,94,75
050,21,207,"Kentucky","Russell County",1,21,169,93,76
050,21,207,"Kentucky","Russell County",1,22,170,86,84
050,21,207,"Kentucky","Russell County",1,23,200,103,97
050,21,207,"Kentucky","Russell County",1,24,194,107,87
050,21,207,"Kentucky","Russell County",1,25,189,100,89
050,21,207,"Kentucky","Russell County",1,26,182,90,92
050,21,207,"Kentucky","Russell County",1,27,200,92,108
050,21,207,"Kentucky","Russell County",1,28,215,97,118
050,21,207,"Kentucky","Russell County",1,29,224,117,107
050,21,207,"Kentucky","Russell County",1,30,194,102,92
050,21,207,"Kentucky","Russell County",1,31,197,92,105
050,21,207,"Kentucky","Russell County",1,32,208,98,110
050,21,207,"Kentucky","Russell County",1,33,195,97,98
050,21,207,"Kentucky","Russell County",1,34,174,92,82
050,21,207,"Kentucky","Russell County",1,35,181,97,84
050,21,207,"Kentucky","Russell County",1,36,161,78,83
050,21,207,"Kentucky","Russell County",1,37,189,102,87
050,21,207,"Kentucky","Russell County",1,38,215,109,106
050,21,207,"Kentucky","Russell County",1,39,212,105,107
050,21,207,"Kentucky","Russell County",1,40,192,93,99
050,21,207,"Kentucky","Russell County",1,41,210,99,111
050,21,207,"Kentucky","Russell County",1,42,213,102,111
050,21,207,"Kentucky","Russell County",1,43,184,93,91
050,21,207,"Kentucky","Russell County",1,44,206,99,107
050,21,207,"Kentucky","Russell County",1,45,211,100,111
050,21,207,"Kentucky","Russell County",1,46,210,103,107
050,21,207,"Kentucky","Russell County",1,47,220,119,101
050,21,207,"Kentucky","Russell County",1,48,258,134,124
050,21,207,"Kentucky","Russell County",1,49,257,133,124
050,21,207,"Kentucky","Russell County",1,50,237,113,124
050,21,207,"Kentucky","Russell County",1,51,240,111,129
050,21,207,"Kentucky","Russell County",1,52,243,118,125
050,21,207,"Kentucky","Russell County",1,53,233,112,121
050,21,207,"Kentucky","Russell County",1,54,261,129,132
050,21,207,"Kentucky","Russell County",1,55,296,150,146
050,21,207,"Kentucky","Russell County",1,56,285,140,145
050,21,207,"Kentucky","Russell County",1,57,260,132,128
050,21,207,"Kentucky","Russell County",1,58,255,128,127
050,21,207,"Kentucky","Russell County",1,59,245,122,123
050,21,207,"Kentucky","Russell County",1,60,249,118,131
050,21,207,"Kentucky","Russell County",1,61,279,134,145
050,21,207,"Kentucky","Russell County",1,62,284,127,157
050,21,207,"Kentucky","Russell County",1,63,274,127,147
050,21,207,"Kentucky","Russell County",1,64,256,127,129
050,21,207,"Kentucky","Russell County",1,65,235,109,126
050,21,207,"Kentucky","Russell County",1,66,236,107,129
050,21,207,"Kentucky","Russell County",1,67,250,113,137
050,21,207,"Kentucky","Russell County",1,68,251,124,127
050,21,207,"Kentucky","Russell County",1,69,221,114,107
050,21,207,"Kentucky","Russell County",1,70,212,114,98
050,21,207,"Kentucky","Russell County",1,71,209,116,93
050,21,207,"Kentucky","Russell County",1,72,205,113,92
050,21,207,"Kentucky","Russell County",1,73,205,104,101
050,21,207,"Kentucky","Russell County",1,74,148,72,76
050,21,207,"Kentucky","Russell County",1,75,131,62,69
050,21,207,"Kentucky","Russell County",1,76,137,63,74
050,21,207,"Kentucky","Russell County",1,77,136,64,72
050,21,207,"Kentucky","Russell County",1,78,107,48,59
050,21,207,"Kentucky","Russell County",1,79,110,51,59
050,21,207,"Kentucky","Russell County",1,80,99,47,52
050,21,207,"Kentucky","Russell County",1,81,115,56,59
050,21,207,"Kentucky","Russell County",1,82,90,40,50
050,21,207,"Kentucky","Russell County",1,83,69,27,42
050,21,207,"Kentucky","Russell County",1,84,59,25,34
050,21,207,"Kentucky","Russell County",1,85,386,130,256
050,21,207,"Kentucky","Russell County",2,0,207,103,104
050,21,207,"Kentucky","Russell County",2,1,214,107,107
050,21,207,"Kentucky","Russell County",2,2,220,113,107
050,21,207,"Kentucky","Russell County",2,3,225,116,109
050,21,207,"Kentucky","Russell County",2,4,232,124,108
050,21,207,"Kentucky","Russell County",2,5,231,121,110
050,21,207,"Kentucky","Russell County",2,6,223,112,111
050,21,207,"Kentucky","Russell County",2,7,232,115,117
050,21,207,"Kentucky","Russell County",2,8,231,116,115
050,21,207,"Kentucky","Russell County",2,9,242,126,116
050,21,207,"Kentucky","Russell County",2,10,250,128,122
050,21,207,"Kentucky","Russell County",2,11,247,127,120
050,21,207,"Kentucky","Russell County",2,12,248,129,119
050,21,207,"Kentucky","Russell County",2,13,232,114,118
050,21,207,"Kentucky","Russell County",2,14,229,113,116
050,21,207,"Kentucky","Russell County",2,15,221,115,106
050,21,207,"Kentucky","Russell County",2,16,238,126,112
050,21,207,"Kentucky","Russell County",2,17,227,119,108
050,21,207,"Kentucky","Russell County",2,18,182,96,86
050,21,207,"Kentucky","Russell County",2,19,157,79,78
050,21,207,"Kentucky","Russell County",2,20,173,94,79
050,21,207,"Kentucky","Russell County",2,21,169,92,77
050,21,207,"Kentucky","Russell County",2,22,172,90,82
050,21,207,"Kentucky","Russell County",2,23,197,102,95
050,21,207,"Kentucky","Russell County",2,24,197,108,89
050,21,207,"Kentucky","Russell County",2,25,187,101,86
050,21,207,"Kentucky","Russell County",2,26,185,92,93
050,21,207,"Kentucky","Russell County",2,27,196,92,104
050,21,207,"Kentucky","Russell County",2,28,211,96,115
050,21,207,"Kentucky","Russell County",2,29,223,114,109
050,21,207,"Kentucky","Russell County",2,30,203,105,98
050,21,207,"Kentucky","Russell County",2,31,197,94,103
050,21,207,"Kentucky","Russell County",2,32,204,94,110
050,21,207,"Kentucky","Russell County",2,33,199,99,100
050,21,207,"Kentucky","Russell County",2,34,180,93,87
050,21,207,"Kentucky","Russell County",2,35,181,97,84
050,21,207,"Kentucky","Russell County",2,36,164,81,83
050,21,207,"Kentucky","Russell County",2,37,182,96,86
050,21,207,"Kentucky","Russell County",2,38,210,108,102
050,21,207,"Kentucky","Russell County",2,39,209,104,105
050,21,207,"Kentucky","Russell County",2,40,198,95,103
050,21,207,"Kentucky","Russell County",2,41,206,97,109
050,21,207,"Kentucky","Russell County",2,42,213,102,111
050,21,207,"Kentucky","Russell County",2,43,193,96,97
050,21,207,"Kentucky","Russell County",2,44,198,97,101
050,21,207,"Kentucky","Russell County",2,45,212,100,112
050,21,207,"Kentucky","Russell County",2,46,208,100,108
050,21,207,"Kentucky","Russell County",2,47,216,114,102
050,21,207,"Kentucky","Russell County",2,48,251,131,120
050,21,207,"Kentucky","Russell County",2,49,259,134,125
050,21,207,"Kentucky","Russell County",2,50,243,118,125
050,21,207,"Kentucky","Russell County",2,51,237,110,127
050,21,207,"Kentucky","Russell County",2,52,241,116,125
050,21,207,"Kentucky","Russell County",2,53,238,115,123
050,21,207,"Kentucky","Russell County",2,54,253,125,128
050,21,207,"Kentucky","Russell County",2,55,287,143,144
050,21,207,"Kentucky","Russell County",2,56,289,143,146
050,21,207,"Kentucky","Russell County",2,57,265,133,132
050,21,207,"Kentucky","Russell County",2,58,255,128,127
050,21,207,"Kentucky","Russell County",2,59,249,125,124
050,21,207,"Kentucky","Russell County",2,60,248,118,130
050,21,207,"Kentucky","Russell County",2,61,271,129,142
050,21,207,"Kentucky","Russell County",2,62,283,129,154
050,21,207,"Kentucky","Russell County",2,63,278,128,150
050,21,207,"Kentucky","Russell County",2,64,258,125,133
050,21,207,"Kentucky","Russell County",2,65,241,114,127
050,21,207,"Kentucky","Russell County",2,66,234,106,128
050,21,207,"Kentucky","Russell County",2,67,246,111,135
050,21,207,"Kentucky","Russell County",2,68,248,120,128
050,21,207,"Kentucky","Russell County",2,69,228,115,113
050,21,207,"Kentucky","Russell County",2,70,212,113,99
050,21,207,"Kentucky","Russell County",2,71,208,115,93
050,21,207,"Kentucky","Russell County",2,72,201,112,89
050,21,207,"Kentucky","Russell County",2,73,214,112,102
050,21,207,"Kentucky","Russell County",2,74,150,73,77
050,21,207,"Kentucky","Russell County",2,75,132,62,70
050,21,207,"Kentucky","Russell County",2,76,133,62,71
050,21,207,"Kentucky","Russell County",2,77,140,66,74
050,21,207,"Kentucky","Russell County",2,78,107,46,61
050,21,207,"Kentucky","Russell County",2,79,107,50,57
050,21,207,"Kentucky","Russell County",2,80,100,47,53
050,21,207,"Kentucky","Russell County",2,81,111,53,58
050,21,207,"Kentucky","Russell County",2,82,97,44,53
050,21,207,"Kentucky","Russell County",2,83,73,29,44
050,21,207,"Kentucky","Russell County",2,84,59,26,33
050,21,207,"Kentucky","Russell County",2,85,385,130,255
050,21,207,"Kentucky","Russell County",3,0,167,85,82
050,21,207,"Kentucky","Russell County",3,1,228,113,115
050,21,207,"Kentucky","Russell County",3,2,222,107,115
050,21,207,"Kentucky","Russell County",3,3,224,109,115
050,21,207,"Kentucky","Russell County",3,4,231,114,117
050,21,207,"Kentucky","Russell County",3,5,231,123,108
050,21,207,"Kentucky","Russell County",3,6,237,124,113
050,21,207,"Kentucky","Russell County",3,7,228,116,112
050,21,207,"Kentucky","Russell County",3,8,243,129,114
050,21,207,"Kentucky","Russell County",3,9,238,119,119
050,21,207,"Kentucky","Russell County",3,10,246,131,115
050,21,207,"Kentucky","Russell County",3,11,247,127,120
050,21,207,"Kentucky","Russell County",3,12,254,128,126
050,21,207,"Kentucky","Russell County",3,13,254,131,123
050,21,207,"Kentucky","Russell County",3,14,233,118,115
050,21,207,"Kentucky","Russell County",3,15,228,114,114
050,21,207,"Kentucky","Russell County",3,16,227,113,114
050,21,207,"Kentucky","Russell County",3,17,230,118,112
050,21,207,"Kentucky","Russell County",3,18,193,106,87
050,21,207,"Kentucky","Russell County",3,19,149,82,67
050,21,207,"Kentucky","Russell County",3,20,177,86,91
050,21,207,"Kentucky","Russell County",3,21,182,100,82
050,21,207,"Kentucky","Russell County",3,22,179,93,86
050,21,207,"Kentucky","Russell County",3,23,192,101,91
050,21,207,"Kentucky","Russell County",3,24,210,105,105
050,21,207,"Kentucky","Russell County",3,25,207,113,94
050,21,207,"Kentucky","Russell County",3,26,197,102,95
050,21,207,"Kentucky","Russell County",3,27,201,99,102
050,21,207,"Kentucky","Russell County",3,28,203,96,107
050,21,207,"Kentucky","Russell County",3,29,213,100,113
050,21,207,"Kentucky","Russell County",3,30,227,114,113
050,21,207,"Kentucky","Russell County",3,31,210,108,102
050,21,207,"Kentucky","Russell County",3,32,197,91,106
050,21,207,"Kentucky","Russell County",3,33,208,100,108
050,21,207,"Kentucky","Russell County",3,34,199,101,98
050,21,207,"Kentucky","Russell County",3,35,181,90,91
050,21,207,"Kentucky","Russell County",3,36,179,95,84
050,21,207,"Kentucky","Russell County",3,37,163,80,83
050,21,207,"Kentucky","Russell County",3,38,188,101,87
050,21,207,"Kentucky","Russell County",3,39,211,113,98
050,21,207,"Kentucky","Russell County",3,40,213,109,104
050,21,207,"Kentucky","Russell County",3,41,198,96,102
050,21,207,"Kentucky","Russell County",3,42,203,92,111
050,21,207,"Kentucky","Russell County",3,43,208,99,109
050,21,207,"Kentucky","Russell County",3,44,188,97,91
050,21,207,"Kentucky","Russell County",3,45,203,98,105
050,21,207,"Kentucky","Russell County",3,46,202,94,108
050,21,207,"Kentucky","Russell County",3,47,206,98,108
050,21,207,"Kentucky","Russell County",3,48,223,115,108
050,21,207,"Kentucky","Russell County",3,49,254,132,122
050,21,207,"Kentucky","Russell County",3,50,261,134,127
050,21,207,"Kentucky","Russell County",3,51,249,125,124
050,21,207,"Kentucky","Russell County",3,52,239,110,129
050,21,207,"Kentucky","Russell County",3,53,246,121,125
050,21,207,"Kentucky","Russell County",3,54,243,120,123
050,21,207,"Kentucky","Russell County",3,55,251,124,127
050,21,207,"Kentucky","Russell County",3,56,293,145,148
050,21,207,"Kentucky","Russell County",3,57,286,140,146
050,21,207,"Kentucky","Russell County",3,58,261,131,130
050,21,207,"Kentucky","Russell County",3,59,252,124,128
050,21,207,"Kentucky","Russell County",3,60,257,130,127
050,21,207,"Kentucky","Russell County",3,61,250,118,132
050,21,207,"Kentucky","Russell County",3,62,275,134,141
050,21,207,"Kentucky","Russell County",3,63,271,125,146
050,21,207,"Kentucky","Russell County",3,64,292,138,154
050,21,207,"Kentucky","Russell County",3,65,263,129,134
050,21,207,"Kentucky","Russell County",3,66,242,113,129
050,21,207,"Kentucky","Russell County",3,67,231,107,124
050,21,207,"Kentucky","Russell County",3,68,249,112,137
050,21,207,"Kentucky","Russell County",3,69,245,114,131
050,21,207,"Kentucky","Russell County",3,70,207,99,108
050,21,207,"Kentucky","Russell County",3,71,215,111,104
050,21,207,"Kentucky","Russell County",3,72,205,116,89
050,21,207,"Kentucky","Russell County",3,73,198,107,91
050,21,207,"Kentucky","Russell County",3,74,210,112,98
050,21,207,"Kentucky","Russell County",3,75,146,70,76
050,21,207,"Kentucky","Russell County",3,76,128,62,66
050,21,207,"Kentucky","Russell County",3,77,126,54,72
050,21,207,"Kentucky","Russell County",3,78,134,64,70
050,21,207,"Kentucky","Russell County",3,79,99,42,57
050,21,207,"Kentucky","Russell County",3,80,96,43,53
050,21,207,"Kentucky","Russell County",3,81,90,38,52
050,21,207,"Kentucky","Russell County",3,82,103,47,56
050,21,207,"Kentucky","Russell County",3,83,88,40,48
050,21,207,"Kentucky","Russell County",3,84,71,25,46
050,21,207,"Kentucky","Russell County",3,85,368,131,237
050,21,207,"Kentucky","Russell County",4,0,212,114,98
050,21,207,"Kentucky","Russell County",4,1,148,85,63
050,21,207,"Kentucky","Russell County",4,2,226,110,116
050,21,207,"Kentucky","Russell County",4,3,217,107,110
050,21,207,"Kentucky","Russell County",4,4,218,110,108
050,21,207,"Kentucky","Russell County",4,5,237,119,118
050,21,207,"Kentucky","Russell County",4,6,243,128,115
050,21,207,"Kentucky","Russell County",4,7,240,132,108
050,21,207,"Kentucky","Russell County",4,8,235,116,119
050,21,207,"Kentucky","Russell County",4,9,240,127,113
050,21,207,"Kentucky","Russell County",4,10,246,127,119
050,21,207,"Kentucky","Russell County",4,11,235,125,110
050,21,207,"Kentucky","Russell County",4,12,259,136,123
050,21,207,"Kentucky","Russell County",4,13,252,132,120
050,21,207,"Kentucky","Russell County",4,14,267,140,127
050,21,207,"Kentucky","Russell County",4,15,233,108,125
050,21,207,"Kentucky","Russell County",4,16,229,114,115
050,21,207,"Kentucky","Russell County",4,17,231,108,123
050,21,207,"Kentucky","Russell County",4,18,201,109,92
050,21,207,"Kentucky","Russell County",4,19,157,88,69
050,21,207,"Kentucky","Russell County",4,20,152,83,69
050,21,207,"Kentucky","Russell County",4,21,187,91,96
050,21,207,"Kentucky","Russell County",4,22,202,105,97
050,21,207,"Kentucky","Russell County",4,23,185,96,89
050,21,207,"Kentucky","Russell County",4,24,192,102,90
050,21,207,"Kentucky","Russell County",4,25,203,97,106
050,21,207,"Kentucky","Russell County",4,26,208,113,95
050,21,207,"Kentucky","Russell County",4,27,197,107,90
050,21,207,"Kentucky","Russell County",4,28,196,95,101
050,21,207,"Kentucky","Russell County",4,29,201,92,109
050,21,207,"Kentucky","Russell County",4,30,209,99,110
050,21,207,"Kentucky","Russell County",4,31,225,117,108
050,21,207,"Kentucky","Russell County",4,32,209,105,104
050,21,207,"Kentucky","Russell County",4,33,205,101,104
050,21,207,"Kentucky","Russell County",4,34,216,101,115
050,21,207,"Kentucky","Russell County",4,35,192,96,96
050,21,207,"Kentucky","Russell County",4,36,178,91,87
050,21,207,"Kentucky","Russell County",4,37,179,98,81
050,21,207,"Kentucky","Russell County",4,38,175,86,89
050,21,207,"Kentucky","Russell County",4,39,185,97,88
050,21,207,"Kentucky","Russell County",4,40,212,109,103
050,21,207,"Kentucky","Russell County",4,41,219,108,111
050,21,207,"Kentucky","Russell County",4,42,203,96,107
050,21,207,"Kentucky","Russell County",4,43,203,93,110
050,21,207,"Kentucky","Russell County",4,44,215,105,110
050,21,207,"Kentucky","Russell County",4,45,200,104,96
050,21,207,"Kentucky","Russell County",4,46,200,95,105
050,21,207,"Kentucky","Russell County",4,47,209,97,112
050,21,207,"Kentucky","Russell County",4,48,203,92,111
050,21,207,"Kentucky","Russell County",4,49,224,115,109
050,21,207,"Kentucky","Russell County",4,50,250,130,120
050,21,207,"Kentucky","Russell County",4,51,257,132,125
050,21,207,"Kentucky","Russell County",4,52,237,114,123
050,21,207,"Kentucky","Russell County",4,53,237,111,126
050,21,207,"Kentucky","Russell County",4,54,237,116,121
050,21,207,"Kentucky","Russell County",4,55,238,117,121
050,21,207,"Kentucky","Russell County",4,56,261,128,133
050,21,207,"Kentucky","Russell County",4,57,288,140,148
050,21,207,"Kentucky","Russell County",4,58,289,138,151
050,21,207,"Kentucky","Russell County",4,59,267,134,133
050,21,207,"Kentucky","Russell County",4,60,247,120,127
050,21,207,"Kentucky","Russell County",4,61,255,124,131
050,21,207,"Kentucky","Russell County",4,62,251,119,132
050,21,207,"Kentucky","Russell County",4,63,273,136,137
050,21,207,"Kentucky","Russell County",4,64,273,126,147
050,21,207,"Kentucky","Russell County",4,65,286,138,148
050,21,207,"Kentucky","Russell County",4,66,267,130,137
050,21,207,"Kentucky","Russell County",4,67,236,110,126
050,21,207,"Kentucky","Russell County",4,68,235,110,125
050,21,207,"Kentucky","Russell County",4,69,241,110,131
050,21,207,"Kentucky","Russell County",4,70,239,113,126
050,21,207,"Kentucky","Russell County",4,71,198,94,104
050,21,207,"Kentucky","Russell County",4,72,213,111,102
050,21,207,"Kentucky","Russell County",4,73,200,111,89
050,21,207,"Kentucky","Russell County",4,74,187,103,84
050,21,207,"Kentucky","Russell County",4,75,200,105,95
050,21,207,"Kentucky","Russell County",4,76,139,68,71
050,21,207,"Kentucky","Russell County",4,77,119,56,63
050,21,207,"Kentucky","Russell County",4,78,118,47,71
050,21,207,"Kentucky","Russell County",4,79,123,58,65
050,21,207,"Kentucky","Russell County",4,80,92,36,56
050,21,207,"Kentucky","Russell County",4,81,93,38,55
050,21,207,"Kentucky","Russell County",4,82,83,32,51
050,21,207,"Kentucky","Russell County",4,83,94,45,49
050,21,207,"Kentucky","Russell County",4,84,81,38,43
050,21,207,"Kentucky","Russell County",4,85,371,134,237
050,21,207,"Kentucky","Russell County",5,0,211,112,99
050,21,207,"Kentucky","Russell County",5,1,209,109,100
050,21,207,"Kentucky","Russell County",5,2,157,90,67
050,21,207,"Kentucky","Russell County",5,3,226,109,117
050,21,207,"Kentucky","Russell County",5,4,214,112,102
050,21,207,"Kentucky","Russell County",5,5,221,106,115
050,21,207,"Kentucky","Russell County",5,6,240,123,117
050,21,207,"Kentucky","Russell County",5,7,247,135,112
050,21,207,"Kentucky","Russell County",5,8,236,129,107
050,21,207,"Kentucky","Russell County",5,9,235,116,119
050,21,207,"Kentucky","Russell County",5,10,243,129,114
050,21,207,"Kentucky","Russell County",5,11,247,124,123
050,21,207,"Kentucky","Russell County",5,12,244,133,111
050,21,207,"Kentucky","Russell County",5,13,260,133,127
050,21,207,"Kentucky","Russell County",5,14,260,131,129
050,21,207,"Kentucky","Russell County",5,15,276,140,136
050,21,207,"Kentucky","Russell County",5,16,249,121,128
050,21,207,"Kentucky","Russell County",5,17,240,116,124
050,21,207,"Kentucky","Russell County",5,18,201,96,105
050,21,207,"Kentucky","Russell County",5,19,158,88,70
050,21,207,"Kentucky","Russell County",5,20,170,96,74
050,21,207,"Kentucky","Russell County",5,21,160,84,76
050,21,207,"Kentucky","Russell County",5,22,205,103,102
050,21,207,"Kentucky","Russell County",5,23,220,114,106
050,21,207,"Kentucky","Russell County",5,24,185,105,80
050,21,207,"Kentucky","Russell County",5,25,199,104,95
050,21,207,"Kentucky","Russell County",5,26,198,95,103
050,21,207,"Kentucky","Russell County",5,27,210,115,95
050,21,207,"Kentucky","Russell County",5,28,206,110,96
050,21,207,"Kentucky","Russell County",5,29,191,92,99
050,21,207,"Kentucky","Russell County",5,30,196,93,103
050,21,207,"Kentucky","Russell County",5,31,217,108,109
050,21,207,"Kentucky","Russell County",5,32,232,121,111
050,21,207,"Kentucky","Russell County",5,33,215,104,111
050,21,207,"Kentucky","Russell County",5,34,202,96,106
050,21,207,"Kentucky","Russell County",5,35,218,104,114
050,21,207,"Kentucky","Russell County",5,36,191,96,95
050,21,207,"Kentucky","Russell County",5,37,174,88,86
050,21,207,"Kentucky","Russell County",5,38,189,104,85
050,21,207,"Kentucky","Russell County",5,39,175,87,88
050,21,207,"Kentucky","Russell County",5,40,189,95,94
050,21,207,"Kentucky","Russell County",5,41,215,108,107
050,21,207,"Kentucky","Russell County",5,42,218,105,113
050,21,207,"Kentucky","Russell County",5,43,199,93,106
050,21,207,"Kentucky","Russell County",5,44,202,93,109
050,21,207,"Kentucky","Russell County",5,45,217,105,112
050,21,207,"Kentucky","Russell County",5,46,202,101,101
050,21,207,"Kentucky","Russell County",5,47,193,92,101
050,21,207,"Kentucky","Russell County",5,48,204,94,110
050,21,207,"Kentucky","Russell County",5,49,200,90,110
050,21,207,"Kentucky","Russell County",5,50,224,113,111
050,21,207,"Kentucky","Russell County",5,51,249,130,119
050,21,207,"Kentucky","Russell County",5,52,250,128,122
050,21,207,"Kentucky","Russell County",5,53,233,115,118
050,21,207,"Kentucky","Russell County",5,54,232,106,126
050,21,207,"Kentucky","Russell County",5,55,248,118,130
050,21,207,"Kentucky","Russell County",5,56,243,122,121
050,21,207,"Kentucky","Russell County",5,57,257,121,136
050,21,207,"Kentucky","Russell County",5,58,288,140,148
050,21,207,"Kentucky","Russell County",5,59,290,141,149
050,21,207,"Kentucky","Russell County",5,60,278,138,140
050,21,207,"Kentucky","Russell County",5,61,245,116,129
050,21,207,"Kentucky","Russell County",5,62,249,123,126
050,21,207,"Kentucky","Russell County",5,63,254,124,130
050,21,207,"Kentucky","Russell County",5,64,282,144,138
050,21,207,"Kentucky","Russell County",5,65,273,126,147
050,21,207,"Kentucky","Russell County",5,66,287,137,150
050,21,207,"Kentucky","Russell County",5,67,262,132,130
050,21,207,"Kentucky","Russell County",5,68,231,107,124
050,21,207,"Kentucky","Russell County",5,69,226,109,117
050,21,207,"Kentucky","Russell County",5,70,233,107,126
050,21,207,"Kentucky","Russell County",5,71,228,104,124
050,21,207,"Kentucky","Russell County",5,72,197,96,101
050,21,207,"Kentucky","Russell County",5,73,206,106,100
050,21,207,"Kentucky","Russell County",5,74,194,109,85
050,21,207,"Kentucky","Russell County",5,75,172,93,79
050,21,207,"Kentucky","Russell County",5,76,189,102,87
050,21,207,"Kentucky","Russell County",5,77,130,62,68
050,21,207,"Kentucky","Russell County",5,78,104,47,57
050,21,207,"Kentucky","Russell County",5,79,111,44,67
050,21,207,"Kentucky","Russell County",5,80,110,48,62
050,21,207,"Kentucky","Russell County",5,81,89,33,56
050,21,207,"Kentucky","Russell County",5,82,87,32,55
050,21,207,"Kentucky","Russell County",5,83,77,29,48
050,21,207,"Kentucky","Russell County",5,84,86,43,43
050,21,207,"Kentucky","Russell County",5,85,399,157,242
050,21,209,"Kentucky","Scott County",1,0,691,356,335
050,21,209,"Kentucky","Scott County",1,1,699,355,344
050,21,209,"Kentucky","Scott County",1,2,717,345,372
050,21,209,"Kentucky","Scott County",1,3,749,390,359
050,21,209,"Kentucky","Scott County",1,4,774,424,350
050,21,209,"Kentucky","Scott County",1,5,769,378,391
050,21,209,"Kentucky","Scott County",1,6,767,386,381
050,21,209,"Kentucky","Scott County",1,7,795,433,362
050,21,209,"Kentucky","Scott County",1,8,770,389,381
050,21,209,"Kentucky","Scott County",1,9,788,385,403
050,21,209,"Kentucky","Scott County",1,10,872,425,447
050,21,209,"Kentucky","Scott County",1,11,865,433,432
050,21,209,"Kentucky","Scott County",1,12,872,415,457
050,21,209,"Kentucky","Scott County",1,13,887,455,432
050,21,209,"Kentucky","Scott County",1,14,855,435,420
050,21,209,"Kentucky","Scott County",1,15,855,419,436
050,21,209,"Kentucky","Scott County",1,16,847,440,407
050,21,209,"Kentucky","Scott County",1,17,780,388,392
050,21,209,"Kentucky","Scott County",1,18,794,389,405
050,21,209,"Kentucky","Scott County",1,19,764,369,395
050,21,209,"Kentucky","Scott County",1,20,742,384,358
050,21,209,"Kentucky","Scott County",1,21,767,379,388
050,21,209,"Kentucky","Scott County",1,22,702,364,338
050,21,209,"Kentucky","Scott County",1,23,697,361,336
050,21,209,"Kentucky","Scott County",1,24,718,371,347
050,21,209,"Kentucky","Scott County",1,25,775,402,373
050,21,209,"Kentucky","Scott County",1,26,811,406,405
050,21,209,"Kentucky","Scott County",1,27,854,446,408
050,21,209,"Kentucky","Scott County",1,28,839,420,419
050,21,209,"Kentucky","Scott County",1,29,866,458,408
050,21,209,"Kentucky","Scott County",1,30,815,412,403
050,21,209,"Kentucky","Scott County",1,31,803,406,397
050,21,209,"Kentucky","Scott County",1,32,743,351,392
050,21,209,"Kentucky","Scott County",1,33,752,366,386
050,21,209,"Kentucky","Scott County",1,34,731,360,371
050,21,209,"Kentucky","Scott County",1,35,764,393,371
050,21,209,"Kentucky","Scott County",1,36,846,430,416
050,21,209,"Kentucky","Scott County",1,37,834,407,427
050,21,209,"Kentucky","Scott County",1,38,844,409,435
050,21,209,"Kentucky","Scott County",1,39,840,404,436
050,21,209,"Kentucky","Scott County",1,40,795,394,401
050,21,209,"Kentucky","Scott County",1,41,802,391,411
050,21,209,"Kentucky","Scott County",1,42,795,391,404
050,21,209,"Kentucky","Scott County",1,43,808,382,426
050,21,209,"Kentucky","Scott County",1,44,769,380,389
050,21,209,"Kentucky","Scott County",1,45,811,410,401
050,21,209,"Kentucky","Scott County",1,46,803,390,413
050,21,209,"Kentucky","Scott County",1,47,813,430,383
050,21,209,"Kentucky","Scott County",1,48,858,450,408
050,21,209,"Kentucky","Scott County",1,49,853,436,417
050,21,209,"Kentucky","Scott County",1,50,773,391,382
050,21,209,"Kentucky","Scott County",1,51,759,385,374
050,21,209,"Kentucky","Scott County",1,52,730,367,363
050,21,209,"Kentucky","Scott County",1,53,719,372,347
050,21,209,"Kentucky","Scott County",1,54,727,378,349
050,21,209,"Kentucky","Scott County",1,55,737,358,379
050,21,209,"Kentucky","Scott County",1,56,723,380,343
050,21,209,"Kentucky","Scott County",1,57,745,370,375
050,21,209,"Kentucky","Scott County",1,58,747,379,368
050,21,209,"Kentucky","Scott County",1,59,658,338,320
050,21,209,"Kentucky","Scott County",1,60,642,321,321
050,21,209,"Kentucky","Scott County",1,61,643,322,321
050,21,209,"Kentucky","Scott County",1,62,645,306,339
050,21,209,"Kentucky","Scott County",1,63,593,273,320
050,21,209,"Kentucky","Scott County",1,64,579,275,304
050,21,209,"Kentucky","Scott County",1,65,566,265,301
050,21,209,"Kentucky","Scott County",1,66,538,256,282
050,21,209,"Kentucky","Scott County",1,67,514,249,265
050,21,209,"Kentucky","Scott County",1,68,526,246,280
050,21,209,"Kentucky","Scott County",1,69,475,229,246
050,21,209,"Kentucky","Scott County",1,70,448,219,229
050,21,209,"Kentucky","Scott County",1,71,433,194,239
050,21,209,"Kentucky","Scott County",1,72,405,172,233
050,21,209,"Kentucky","Scott County",1,73,385,181,204
050,21,209,"Kentucky","Scott County",1,74,264,118,146
050,21,209,"Kentucky","Scott County",1,75,265,126,139
050,21,209,"Kentucky","Scott County",1,76,274,116,158
050,21,209,"Kentucky","Scott County",1,77,251,111,140
050,21,209,"Kentucky","Scott County",1,78,221,96,125
050,21,209,"Kentucky","Scott County",1,79,188,83,105
050,21,209,"Kentucky","Scott County",1,80,180,89,91
050,21,209,"Kentucky","Scott County",1,81,148,74,74
050,21,209,"Kentucky","Scott County",1,82,135,52,83
050,21,209,"Kentucky","Scott County",1,83,111,43,68
050,21,209,"Kentucky","Scott County",1,84,96,35,61
050,21,209,"Kentucky","Scott County",1,85,557,192,365
050,21,209,"Kentucky","Scott County",2,0,692,352,340
050,21,209,"Kentucky","Scott County",2,1,699,354,345
050,21,209,"Kentucky","Scott County",2,2,719,353,366
050,21,209,"Kentucky","Scott County",2,3,740,382,358
050,21,209,"Kentucky","Scott County",2,4,768,417,351
050,21,209,"Kentucky","Scott County",2,5,771,392,379
050,21,209,"Kentucky","Scott County",2,6,777,393,384
050,21,209,"Kentucky","Scott County",2,7,790,423,367
050,21,209,"Kentucky","Scott County",2,8,779,400,379
050,21,209,"Kentucky","Scott County",2,9,791,391,400
050,21,209,"Kentucky","Scott County",2,10,853,415,438
050,21,209,"Kentucky","Scott County",2,11,870,433,437
050,21,209,"Kentucky","Scott County",2,12,880,424,456
050,21,209,"Kentucky","Scott County",2,13,884,446,438
050,21,209,"Kentucky","Scott County",2,14,865,440,425
050,21,209,"Kentucky","Scott County",2,15,857,424,433
050,21,209,"Kentucky","Scott County",2,16,853,437,416
050,21,209,"Kentucky","Scott County",2,17,797,400,397
050,21,209,"Kentucky","Scott County",2,18,788,386,402
050,21,209,"Kentucky","Scott County",2,19,778,376,402
050,21,209,"Kentucky","Scott County",2,20,759,391,368
050,21,209,"Kentucky","Scott County",2,21,773,385,388
050,21,209,"Kentucky","Scott County",2,22,719,368,351
050,21,209,"Kentucky","Scott County",2,23,705,367,338
050,21,209,"Kentucky","Scott County",2,24,727,376,351
050,21,209,"Kentucky","Scott County",2,25,782,402,380
050,21,209,"Kentucky","Scott County",2,26,819,413,406
050,21,209,"Kentucky","Scott County",2,27,856,442,414
050,21,209,"Kentucky","Scott County",2,28,853,432,421
050,21,209,"Kentucky","Scott County",2,29,870,454,416
050,21,209,"Kentucky","Scott County",2,30,841,429,412
050,21,209,"Kentucky","Scott County",2,31,804,408,396
050,21,209,"Kentucky","Scott County",2,32,762,364,398
050,21,209,"Kentucky","Scott County",2,33,752,363,389
050,21,209,"Kentucky","Scott County",2,34,744,366,378
050,21,209,"Kentucky","Scott County",2,35,766,389,377
050,21,209,"Kentucky","Scott County",2,36,828,420,408
050,21,209,"Kentucky","Scott County",2,37,846,418,428
050,21,209,"Kentucky","Scott County",2,38,850,411,439
050,21,209,"Kentucky","Scott County",2,39,843,404,439
050,21,209,"Kentucky","Scott County",2,40,810,398,412
050,21,209,"Kentucky","Scott County",2,41,802,393,409
050,21,209,"Kentucky","Scott County",2,42,795,391,404
050,21,209,"Kentucky","Scott County",2,43,807,387,420
050,21,209,"Kentucky","Scott County",2,44,776,380,396
050,21,209,"Kentucky","Scott County",2,45,809,407,402
050,21,209,"Kentucky","Scott County",2,46,807,395,412
050,21,209,"Kentucky","Scott County",2,47,809,418,391
050,21,209,"Kentucky","Scott County",2,48,847,446,401
050,21,209,"Kentucky","Scott County",2,49,857,440,417
050,21,209,"Kentucky","Scott County",2,50,796,404,392
050,21,209,"Kentucky","Scott County",2,51,765,388,377
050,21,209,"Kentucky","Scott County",2,52,731,368,363
050,21,209,"Kentucky","Scott County",2,53,722,372,350
050,21,209,"Kentucky","Scott County",2,54,724,377,347
050,21,209,"Kentucky","Scott County",2,55,736,365,371
050,21,209,"Kentucky","Scott County",2,56,727,374,353
050,21,209,"Kentucky","Scott County",2,57,745,374,371
050,21,209,"Kentucky","Scott County",2,58,749,377,372
050,21,209,"Kentucky","Scott County",2,59,680,348,332
050,21,209,"Kentucky","Scott County",2,60,646,326,320
050,21,209,"Kentucky","Scott County",2,61,641,320,321
050,21,209,"Kentucky","Scott County",2,62,646,308,338
050,21,209,"Kentucky","Scott County",2,63,607,280,327
050,21,209,"Kentucky","Scott County",2,64,579,273,306
050,21,209,"Kentucky","Scott County",2,65,569,266,303
050,21,209,"Kentucky","Scott County",2,66,547,260,287
050,21,209,"Kentucky","Scott County",2,67,516,250,266
050,21,209,"Kentucky","Scott County",2,68,518,242,276
050,21,209,"Kentucky","Scott County",2,69,491,235,256
050,21,209,"Kentucky","Scott County",2,70,454,220,234
050,21,209,"Kentucky","Scott County",2,71,436,198,238
050,21,209,"Kentucky","Scott County",2,72,405,174,231
050,21,209,"Kentucky","Scott County",2,73,407,183,224
050,21,209,"Kentucky","Scott County",2,74,274,123,151
050,21,209,"Kentucky","Scott County",2,75,265,123,142
050,21,209,"Kentucky","Scott County",2,76,266,115,151
050,21,209,"Kentucky","Scott County",2,77,261,114,147
050,21,209,"Kentucky","Scott County",2,78,227,100,127
050,21,209,"Kentucky","Scott County",2,79,192,84,108
050,21,209,"Kentucky","Scott County",2,80,182,87,95
050,21,209,"Kentucky","Scott County",2,81,154,77,77
050,21,209,"Kentucky","Scott County",2,82,140,57,83
050,21,209,"Kentucky","Scott County",2,83,114,44,70
050,21,209,"Kentucky","Scott County",2,84,98,36,62
050,21,209,"Kentucky","Scott County",2,85,552,186,366
050,21,209,"Kentucky","Scott County",3,0,678,341,337
050,21,209,"Kentucky","Scott County",3,1,692,347,345
050,21,209,"Kentucky","Scott County",3,2,740,368,372
050,21,209,"Kentucky","Scott County",3,3,751,368,383
050,21,209,"Kentucky","Scott County",3,4,732,384,348
050,21,209,"Kentucky","Scott County",3,5,794,417,377
050,21,209,"Kentucky","Scott County",3,6,793,393,400
050,21,209,"Kentucky","Scott County",3,7,773,380,393
050,21,209,"Kentucky","Scott County",3,8,799,418,381
050,21,209,"Kentucky","Scott County",3,9,791,404,387
050,21,209,"Kentucky","Scott County",3,10,807,398,409
050,21,209,"Kentucky","Scott County",3,11,819,394,425
050,21,209,"Kentucky","Scott County",3,12,878,444,434
050,21,209,"Kentucky","Scott County",3,13,871,409,462
050,21,209,"Kentucky","Scott County",3,14,887,451,436
050,21,209,"Kentucky","Scott County",3,15,858,432,426
050,21,209,"Kentucky","Scott County",3,16,867,428,439
050,21,209,"Kentucky","Scott County",3,17,858,436,422
050,21,209,"Kentucky","Scott County",3,18,790,392,398
050,21,209,"Kentucky","Scott County",3,19,813,396,417
050,21,209,"Kentucky","Scott County",3,20,773,385,388
050,21,209,"Kentucky","Scott County",3,21,777,397,380
050,21,209,"Kentucky","Scott County",3,22,750,365,385
050,21,209,"Kentucky","Scott County",3,23,700,358,342
050,21,209,"Kentucky","Scott County",3,24,744,379,365
050,21,209,"Kentucky","Scott County",3,25,746,378,368
050,21,209,"Kentucky","Scott County",3,26,801,410,391
050,21,209,"Kentucky","Scott County",3,27,865,441,424
050,21,209,"Kentucky","Scott County",3,28,851,430,421
050,21,209,"Kentucky","Scott County",3,29,892,462,430
050,21,209,"Kentucky","Scott County",3,30,893,459,434
050,21,209,"Kentucky","Scott County",3,31,868,453,415
050,21,209,"Kentucky","Scott County",3,32,808,422,386
050,21,209,"Kentucky","Scott County",3,33,752,358,394
050,21,209,"Kentucky","Scott County",3,34,781,392,389
050,21,209,"Kentucky","Scott County",3,35,758,360,398
050,21,209,"Kentucky","Scott County",3,36,800,399,401
050,21,209,"Kentucky","Scott County",3,37,825,414,411
050,21,209,"Kentucky","Scott County",3,38,873,440,433
050,21,209,"Kentucky","Scott County",3,39,863,417,446
050,21,209,"Kentucky","Scott County",3,40,855,419,436
050,21,209,"Kentucky","Scott County",3,41,824,407,417
050,21,209,"Kentucky","Scott County",3,42,787,392,395
050,21,209,"Kentucky","Scott County",3,43,788,395,393
050,21,209,"Kentucky","Scott County",3,44,811,385,426
050,21,209,"Kentucky","Scott County",3,45,774,375,399
050,21,209,"Kentucky","Scott County",3,46,827,423,404
050,21,209,"Kentucky","Scott County",3,47,800,393,407
050,21,209,"Kentucky","Scott County",3,48,790,415,375
050,21,209,"Kentucky","Scott County",3,49,849,440,409
050,21,209,"Kentucky","Scott County",3,50,858,443,415
050,21,209,"Kentucky","Scott County",3,51,798,411,387
050,21,209,"Kentucky","Scott County",3,52,769,381,388
050,21,209,"Kentucky","Scott County",3,53,726,366,360
050,21,209,"Kentucky","Scott County",3,54,726,376,350
050,21,209,"Kentucky","Scott County",3,55,709,365,344
050,21,209,"Kentucky","Scott County",3,56,733,363,370
050,21,209,"Kentucky","Scott County",3,57,734,381,353
050,21,209,"Kentucky","Scott County",3,58,728,366,362
050,21,209,"Kentucky","Scott County",3,59,733,360,373
050,21,209,"Kentucky","Scott County",3,60,683,346,337
050,21,209,"Kentucky","Scott County",3,61,643,325,318
050,21,209,"Kentucky","Scott County",3,62,641,320,321
050,21,209,"Kentucky","Scott County",3,63,640,307,333
050,21,209,"Kentucky","Scott County",3,64,598,282,316
050,21,209,"Kentucky","Scott County",3,65,584,276,308
050,21,209,"Kentucky","Scott County",3,66,549,261,288
050,21,209,"Kentucky","Scott County",3,67,550,258,292
050,21,209,"Kentucky","Scott County",3,68,497,237,260
050,21,209,"Kentucky","Scott County",3,69,514,236,278
050,21,209,"Kentucky","Scott County",3,70,502,240,262
050,21,209,"Kentucky","Scott County",3,71,430,202,228
050,21,209,"Kentucky","Scott County",3,72,427,187,240
050,21,209,"Kentucky","Scott County",3,73,399,172,227
050,21,209,"Kentucky","Scott County",3,74,394,174,220
050,21,209,"Kentucky","Scott County",3,75,278,125,153
050,21,209,"Kentucky","Scott County",3,76,249,114,135
050,21,209,"Kentucky","Scott County",3,77,242,109,133
050,21,209,"Kentucky","Scott County",3,78,267,114,153
050,21,209,"Kentucky","Scott County",3,79,210,90,120
050,21,209,"Kentucky","Scott County",3,80,180,77,103
050,21,209,"Kentucky","Scott County",3,81,164,78,86
050,21,209,"Kentucky","Scott County",3,82,154,72,82
050,21,209,"Kentucky","Scott County",3,83,128,54,74
050,21,209,"Kentucky","Scott County",3,84,93,30,63
050,21,209,"Kentucky","Scott County",3,85,570,195,375
050,21,209,"Kentucky","Scott County",4,0,693,331,362
050,21,209,"Kentucky","Scott County",4,1,710,363,347
050,21,209,"Kentucky","Scott County",4,2,707,355,352
050,21,209,"Kentucky","Scott County",4,3,779,379,400
050,21,209,"Kentucky","Scott County",4,4,750,365,385
050,21,209,"Kentucky","Scott County",4,5,745,381,364
050,21,209,"Kentucky","Scott County",4,6,822,428,394
050,21,209,"Kentucky","Scott County",4,7,796,391,405
050,21,209,"Kentucky","Scott County",4,8,782,379,403
050,21,209,"Kentucky","Scott County",4,9,820,432,388
050,21,209,"Kentucky","Scott County",4,10,789,407,382
050,21,209,"Kentucky","Scott County",4,11,816,407,409
050,21,209,"Kentucky","Scott County",4,12,834,412,422
050,21,209,"Kentucky","Scott County",4,13,911,467,444
050,21,209,"Kentucky","Scott County",4,14,860,416,444
050,21,209,"Kentucky","Scott County",4,15,880,446,434
050,21,209,"Kentucky","Scott County",4,16,875,443,432
050,21,209,"Kentucky","Scott County",4,17,861,426,435
050,21,209,"Kentucky","Scott County",4,18,834,427,407
050,21,209,"Kentucky","Scott County",4,19,766,374,392
050,21,209,"Kentucky","Scott County",4,20,795,400,395
050,21,209,"Kentucky","Scott County",4,21,789,385,404
050,21,209,"Kentucky","Scott County",4,22,763,390,373
050,21,209,"Kentucky","Scott County",4,23,727,363,364
050,21,209,"Kentucky","Scott County",4,24,718,356,362
050,21,209,"Kentucky","Scott County",4,25,771,378,393
050,21,209,"Kentucky","Scott County",4,26,747,390,357
050,21,209,"Kentucky","Scott County",4,27,842,432,410
050,21,209,"Kentucky","Scott County",4,28,863,440,423
050,21,209,"Kentucky","Scott County",4,29,874,441,433
050,21,209,"Kentucky","Scott County",4,30,894,456,438
050,21,209,"Kentucky","Scott County",4,31,907,479,428
050,21,209,"Kentucky","Scott County",4,32,881,451,430
050,21,209,"Kentucky","Scott County",4,33,841,439,402
050,21,209,"Kentucky","Scott County",4,34,793,384,409
050,21,209,"Kentucky","Scott County",4,35,787,390,397
050,21,209,"Kentucky","Scott County",4,36,766,361,405
050,21,209,"Kentucky","Scott County",4,37,808,409,399
050,21,209,"Kentucky","Scott County",4,38,855,431,424
050,21,209,"Kentucky","Scott County",4,39,875,444,431
050,21,209,"Kentucky","Scott County",4,40,864,412,452
050,21,209,"Kentucky","Scott County",4,41,860,414,446
050,21,209,"Kentucky","Scott County",4,42,835,419,416
050,21,209,"Kentucky","Scott County",4,43,787,383,404
050,21,209,"Kentucky","Scott County",4,44,777,395,382
050,21,209,"Kentucky","Scott County",4,45,812,396,416
050,21,209,"Kentucky","Scott County",4,46,787,378,409
050,21,209,"Kentucky","Scott County",4,47,819,419,400
050,21,209,"Kentucky","Scott County",4,48,793,394,399
050,21,209,"Kentucky","Scott County",4,49,760,395,365
050,21,209,"Kentucky","Scott County",4,50,844,437,407
050,21,209,"Kentucky","Scott County",4,51,872,451,421
050,21,209,"Kentucky","Scott County",4,52,788,402,386
050,21,209,"Kentucky","Scott County",4,53,754,376,378
050,21,209,"Kentucky","Scott County",4,54,717,366,351
050,21,209,"Kentucky","Scott County",4,55,749,386,363
050,21,209,"Kentucky","Scott County",4,56,717,368,349
050,21,209,"Kentucky","Scott County",4,57,740,366,374
050,21,209,"Kentucky","Scott County",4,58,735,382,353
050,21,209,"Kentucky","Scott County",4,59,725,357,368
050,21,209,"Kentucky","Scott County",4,60,727,352,375
050,21,209,"Kentucky","Scott County",4,61,653,329,324
050,21,209,"Kentucky","Scott County",4,62,649,321,328
050,21,209,"Kentucky","Scott County",4,63,618,302,316
050,21,209,"Kentucky","Scott County",4,64,635,310,325
050,21,209,"Kentucky","Scott County",4,65,593,277,316
050,21,209,"Kentucky","Scott County",4,66,568,267,301
050,21,209,"Kentucky","Scott County",4,67,539,250,289
050,21,209,"Kentucky","Scott County",4,68,548,251,297
050,21,209,"Kentucky","Scott County",4,69,492,230,262
050,21,209,"Kentucky","Scott County",4,70,506,234,272
050,21,209,"Kentucky","Scott County",4,71,496,237,259
050,21,209,"Kentucky","Scott County",4,72,428,203,225
050,21,209,"Kentucky","Scott County",4,73,426,188,238
050,21,209,"Kentucky","Scott County",4,74,382,160,222
050,21,209,"Kentucky","Scott County",4,75,392,173,219
050,21,209,"Kentucky","Scott County",4,76,272,118,154
050,21,209,"Kentucky","Scott County",4,77,231,106,125
050,21,209,"Kentucky","Scott County",4,78,243,111,132
050,21,209,"Kentucky","Scott County",4,79,245,105,140
050,21,209,"Kentucky","Scott County",4,80,202,88,114
050,21,209,"Kentucky","Scott County",4,81,161,70,91
050,21,209,"Kentucky","Scott County",4,82,171,74,97
050,21,209,"Kentucky","Scott County",4,83,138,74,64
050,21,209,"Kentucky","Scott County",4,84,112,47,65
050,21,209,"Kentucky","Scott County",4,85,589,203,386
050,21,209,"Kentucky","Scott County",5,0,692,331,361
050,21,209,"Kentucky","Scott County",5,1,704,369,335
050,21,209,"Kentucky","Scott County",5,2,726,360,366
050,21,209,"Kentucky","Scott County",5,3,736,374,362
050,21,209,"Kentucky","Scott County",5,4,795,383,412
050,21,209,"Kentucky","Scott County",5,5,770,384,386
050,21,209,"Kentucky","Scott County",5,6,780,398,382
050,21,209,"Kentucky","Scott County",5,7,848,444,404
050,21,209,"Kentucky","Scott County",5,8,809,407,402
050,21,209,"Kentucky","Scott County",5,9,793,386,407
050,21,209,"Kentucky","Scott County",5,10,820,422,398
050,21,209,"Kentucky","Scott County",5,11,817,414,403
050,21,209,"Kentucky","Scott County",5,12,839,422,417
050,21,209,"Kentucky","Scott County",5,13,824,410,414
050,21,209,"Kentucky","Scott County",5,14,900,448,452
050,21,209,"Kentucky","Scott County",5,15,871,421,450
050,21,209,"Kentucky","Scott County",5,16,903,442,461
050,21,209,"Kentucky","Scott County",5,17,865,432,433
050,21,209,"Kentucky","Scott County",5,18,833,413,420
050,21,209,"Kentucky","Scott County",5,19,811,421,390
050,21,209,"Kentucky","Scott County",5,20,786,396,390
050,21,209,"Kentucky","Scott County",5,21,851,425,426
050,21,209,"Kentucky","Scott County",5,22,758,378,380
050,21,209,"Kentucky","Scott County",5,23,768,410,358
050,21,209,"Kentucky","Scott County",5,24,751,369,382
050,21,209,"Kentucky","Scott County",5,25,761,381,380
050,21,209,"Kentucky","Scott County",5,26,818,402,416
050,21,209,"Kentucky","Scott County",5,27,811,415,396
050,21,209,"Kentucky","Scott County",5,28,863,426,437
050,21,209,"Kentucky","Scott County",5,29,880,433,447
050,21,209,"Kentucky","Scott County",5,30,890,450,440
050,21,209,"Kentucky","Scott County",5,31,893,467,426
050,21,209,"Kentucky","Scott County",5,32,944,499,445
050,21,209,"Kentucky","Scott County",5,33,876,442,434
050,21,209,"Kentucky","Scott County",5,34,898,472,426
050,21,209,"Kentucky","Scott County",5,35,817,388,429
050,21,209,"Kentucky","Scott County",5,36,788,384,404
050,21,209,"Kentucky","Scott County",5,37,783,378,405
050,21,209,"Kentucky","Scott County",5,38,809,407,402
050,21,209,"Kentucky","Scott County",5,39,849,423,426
050,21,209,"Kentucky","Scott County",5,40,888,443,445
050,21,209,"Kentucky","Scott County",5,41,858,405,453
050,21,209,"Kentucky","Scott County",5,42,872,419,453
050,21,209,"Kentucky","Scott County",5,43,837,414,423
050,21,209,"Kentucky","Scott County",5,44,816,398,418
050,21,209,"Kentucky","Scott County",5,45,792,409,383
050,21,209,"Kentucky","Scott County",5,46,822,403,419
050,21,209,"Kentucky","Scott County",5,47,791,384,407
050,21,209,"Kentucky","Scott County",5,48,817,420,397
050,21,209,"Kentucky","Scott County",5,49,788,387,401
050,21,209,"Kentucky","Scott County",5,50,757,385,372
050,21,209,"Kentucky","Scott County",5,51,841,431,410
050,21,209,"Kentucky","Scott County",5,52,877,453,424
050,21,209,"Kentucky","Scott County",5,53,781,390,391
050,21,209,"Kentucky","Scott County",5,54,760,380,380
050,21,209,"Kentucky","Scott County",5,55,731,374,357
050,21,209,"Kentucky","Scott County",5,56,753,395,358
050,21,209,"Kentucky","Scott County",5,57,704,360,344
050,21,209,"Kentucky","Scott County",5,58,729,353,376
050,21,209,"Kentucky","Scott County",5,59,748,392,356
050,21,209,"Kentucky","Scott County",5,60,714,360,354
050,21,209,"Kentucky","Scott County",5,61,705,342,363
050,21,209,"Kentucky","Scott County",5,62,640,321,319
050,21,209,"Kentucky","Scott County",5,63,641,308,333
050,21,209,"Kentucky","Scott County",5,64,620,305,315
050,21,209,"Kentucky","Scott County",5,65,634,308,326
050,21,209,"Kentucky","Scott County",5,66,590,281,309
050,21,209,"Kentucky","Scott County",5,67,573,266,307
050,21,209,"Kentucky","Scott County",5,68,549,251,298
050,21,209,"Kentucky","Scott County",5,69,542,244,298
050,21,209,"Kentucky","Scott County",5,70,487,223,264
050,21,209,"Kentucky","Scott County",5,71,496,228,268
050,21,209,"Kentucky","Scott County",5,72,491,232,259
050,21,209,"Kentucky","Scott County",5,73,419,199,220
050,21,209,"Kentucky","Scott County",5,74,427,183,244
050,21,209,"Kentucky","Scott County",5,75,381,160,221
050,21,209,"Kentucky","Scott County",5,76,384,166,218
050,21,209,"Kentucky","Scott County",5,77,250,108,142
050,21,209,"Kentucky","Scott County",5,78,226,109,117
050,21,209,"Kentucky","Scott County",5,79,231,105,126
050,21,209,"Kentucky","Scott County",5,80,232,101,131
050,21,209,"Kentucky","Scott County",5,81,183,82,101
050,21,209,"Kentucky","Scott County",5,82,165,64,101
050,21,209,"Kentucky","Scott County",5,83,155,75,80
050,21,209,"Kentucky","Scott County",5,84,122,68,54
050,21,209,"Kentucky","Scott County",5,85,619,221,398
050,21,211,"Kentucky","Shelby County",1,0,545,277,268
050,21,211,"Kentucky","Shelby County",1,1,539,250,289
050,21,211,"Kentucky","Shelby County",1,2,594,311,283
050,21,211,"Kentucky","Shelby County",1,3,599,307,292
050,21,211,"Kentucky","Shelby County",1,4,622,300,322
050,21,211,"Kentucky","Shelby County",1,5,610,308,302
050,21,211,"Kentucky","Shelby County",1,6,593,325,268
050,21,211,"Kentucky","Shelby County",1,7,626,346,280
050,21,211,"Kentucky","Shelby County",1,8,602,330,272
050,21,211,"Kentucky","Shelby County",1,9,609,321,288
050,21,211,"Kentucky","Shelby County",1,10,613,330,283
050,21,211,"Kentucky","Shelby County",1,11,616,318,298
050,21,211,"Kentucky","Shelby County",1,12,630,326,304
050,21,211,"Kentucky","Shelby County",1,13,630,313,317
050,21,211,"Kentucky","Shelby County",1,14,628,312,316
050,21,211,"Kentucky","Shelby County",1,15,581,296,285
050,21,211,"Kentucky","Shelby County",1,16,638,322,316
050,21,211,"Kentucky","Shelby County",1,17,661,353,308
050,21,211,"Kentucky","Shelby County",1,18,554,292,262
050,21,211,"Kentucky","Shelby County",1,19,464,232,232
050,21,211,"Kentucky","Shelby County",1,20,505,256,249
050,21,211,"Kentucky","Shelby County",1,21,514,242,272
050,21,211,"Kentucky","Shelby County",1,22,547,243,304
050,21,211,"Kentucky","Shelby County",1,23,586,294,292
050,21,211,"Kentucky","Shelby County",1,24,614,296,318
050,21,211,"Kentucky","Shelby County",1,25,646,305,341
050,21,211,"Kentucky","Shelby County",1,26,630,305,325
050,21,211,"Kentucky","Shelby County",1,27,617,307,310
050,21,211,"Kentucky","Shelby County",1,28,609,291,318
050,21,211,"Kentucky","Shelby County",1,29,616,290,326
050,21,211,"Kentucky","Shelby County",1,30,578,272,306
050,21,211,"Kentucky","Shelby County",1,31,552,243,309
050,21,211,"Kentucky","Shelby County",1,32,562,269,293
050,21,211,"Kentucky","Shelby County",1,33,606,283,323
050,21,211,"Kentucky","Shelby County",1,34,643,294,349
050,21,211,"Kentucky","Shelby County",1,35,601,297,304
050,21,211,"Kentucky","Shelby County",1,36,637,313,324
050,21,211,"Kentucky","Shelby County",1,37,675,320,355
050,21,211,"Kentucky","Shelby County",1,38,664,316,348
050,21,211,"Kentucky","Shelby County",1,39,638,316,322
050,21,211,"Kentucky","Shelby County",1,40,617,297,320
050,21,211,"Kentucky","Shelby County",1,41,647,304,343
050,21,211,"Kentucky","Shelby County",1,42,663,335,328
050,21,211,"Kentucky","Shelby County",1,43,605,305,300
050,21,211,"Kentucky","Shelby County",1,44,589,273,316
050,21,211,"Kentucky","Shelby County",1,45,655,295,360
050,21,211,"Kentucky","Shelby County",1,46,656,320,336
050,21,211,"Kentucky","Shelby County",1,47,653,332,321
050,21,211,"Kentucky","Shelby County",1,48,706,336,370
050,21,211,"Kentucky","Shelby County",1,49,699,351,348
050,21,211,"Kentucky","Shelby County",1,50,683,318,365
050,21,211,"Kentucky","Shelby County",1,51,659,329,330
050,21,211,"Kentucky","Shelby County",1,52,639,325,314
050,21,211,"Kentucky","Shelby County",1,53,659,327,332
050,21,211,"Kentucky","Shelby County",1,54,697,358,339
050,21,211,"Kentucky","Shelby County",1,55,731,349,382
050,21,211,"Kentucky","Shelby County",1,56,701,365,336
050,21,211,"Kentucky","Shelby County",1,57,680,344,336
050,21,211,"Kentucky","Shelby County",1,58,689,333,356
050,21,211,"Kentucky","Shelby County",1,59,690,341,349
050,21,211,"Kentucky","Shelby County",1,60,727,364,363
050,21,211,"Kentucky","Shelby County",1,61,625,322,303
050,21,211,"Kentucky","Shelby County",1,62,622,317,305
050,21,211,"Kentucky","Shelby County",1,63,614,302,312
050,21,211,"Kentucky","Shelby County",1,64,587,280,307
050,21,211,"Kentucky","Shelby County",1,65,589,269,320
050,21,211,"Kentucky","Shelby County",1,66,549,260,289
050,21,211,"Kentucky","Shelby County",1,67,528,244,284
050,21,211,"Kentucky","Shelby County",1,68,529,256,273
050,21,211,"Kentucky","Shelby County",1,69,449,207,242
050,21,211,"Kentucky","Shelby County",1,70,443,209,234
050,21,211,"Kentucky","Shelby County",1,71,435,217,218
050,21,211,"Kentucky","Shelby County",1,72,476,229,247
050,21,211,"Kentucky","Shelby County",1,73,509,253,256
050,21,211,"Kentucky","Shelby County",1,74,305,140,165
050,21,211,"Kentucky","Shelby County",1,75,301,141,160
050,21,211,"Kentucky","Shelby County",1,76,293,149,144
050,21,211,"Kentucky","Shelby County",1,77,319,156,163
050,21,211,"Kentucky","Shelby County",1,78,271,119,152
050,21,211,"Kentucky","Shelby County",1,79,222,104,118
050,21,211,"Kentucky","Shelby County",1,80,184,90,94
050,21,211,"Kentucky","Shelby County",1,81,163,68,95
050,21,211,"Kentucky","Shelby County",1,82,160,75,85
050,21,211,"Kentucky","Shelby County",1,83,135,59,76
050,21,211,"Kentucky","Shelby County",1,84,108,48,60
050,21,211,"Kentucky","Shelby County",1,85,646,241,405
050,21,211,"Kentucky","Shelby County",2,0,542,271,271
050,21,211,"Kentucky","Shelby County",2,1,549,262,287
050,21,211,"Kentucky","Shelby County",2,2,588,301,287
050,21,211,"Kentucky","Shelby County",2,3,602,309,293
050,21,211,"Kentucky","Shelby County",2,4,615,299,316
050,21,211,"Kentucky","Shelby County",2,5,613,306,307
050,21,211,"Kentucky","Shelby County",2,6,599,321,278
050,21,211,"Kentucky","Shelby County",2,7,614,338,276
050,21,211,"Kentucky","Shelby County",2,8,608,335,273
050,21,211,"Kentucky","Shelby County",2,9,607,325,282
050,21,211,"Kentucky","Shelby County",2,10,614,329,285
050,21,211,"Kentucky","Shelby County",2,11,614,322,292
050,21,211,"Kentucky","Shelby County",2,12,630,326,304
050,21,211,"Kentucky","Shelby County",2,13,632,316,316
050,21,211,"Kentucky","Shelby County",2,14,628,311,317
050,21,211,"Kentucky","Shelby County",2,15,596,301,295
050,21,211,"Kentucky","Shelby County",2,16,628,315,313
050,21,211,"Kentucky","Shelby County",2,17,651,343,308
050,21,211,"Kentucky","Shelby County",2,18,557,298,259
050,21,211,"Kentucky","Shelby County",2,19,467,235,232
050,21,211,"Kentucky","Shelby County",2,20,507,256,251
050,21,211,"Kentucky","Shelby County",2,21,520,244,276
050,21,211,"Kentucky","Shelby County",2,22,549,247,302
050,21,211,"Kentucky","Shelby County",2,23,580,283,297
050,21,211,"Kentucky","Shelby County",2,24,616,296,320
050,21,211,"Kentucky","Shelby County",2,25,647,305,342
050,21,211,"Kentucky","Shelby County",2,26,633,310,323
050,21,211,"Kentucky","Shelby County",2,27,621,306,315
050,21,211,"Kentucky","Shelby County",2,28,614,297,317
050,21,211,"Kentucky","Shelby County",2,29,618,295,323
050,21,211,"Kentucky","Shelby County",2,30,592,277,315
050,21,211,"Kentucky","Shelby County",2,31,563,252,311
050,21,211,"Kentucky","Shelby County",2,32,560,263,297
050,21,211,"Kentucky","Shelby County",2,33,599,283,316
050,21,211,"Kentucky","Shelby County",2,34,638,292,346
050,21,211,"Kentucky","Shelby County",2,35,615,301,314
050,21,211,"Kentucky","Shelby County",2,36,628,310,318
050,21,211,"Kentucky","Shelby County",2,37,668,318,350
050,21,211,"Kentucky","Shelby County",2,38,671,318,353
050,21,211,"Kentucky","Shelby County",2,39,640,316,324
050,21,211,"Kentucky","Shelby County",2,40,625,302,323
050,21,211,"Kentucky","Shelby County",2,41,641,302,339
050,21,211,"Kentucky","Shelby County",2,42,659,327,332
050,21,211,"Kentucky","Shelby County",2,43,618,313,305
050,21,211,"Kentucky","Shelby County",2,44,595,281,314
050,21,211,"Kentucky","Shelby County",2,45,650,291,359
050,21,211,"Kentucky","Shelby County",2,46,649,311,338
050,21,211,"Kentucky","Shelby County",2,47,651,327,324
050,21,211,"Kentucky","Shelby County",2,48,695,332,363
050,21,211,"Kentucky","Shelby County",2,49,705,351,354
050,21,211,"Kentucky","Shelby County",2,50,692,328,364
050,21,211,"Kentucky","Shelby County",2,51,659,327,332
050,21,211,"Kentucky","Shelby County",2,52,646,329,317
050,21,211,"Kentucky","Shelby County",2,53,650,326,324
050,21,211,"Kentucky","Shelby County",2,54,690,352,338
050,21,211,"Kentucky","Shelby County",2,55,722,350,372
050,21,211,"Kentucky","Shelby County",2,56,709,361,348
050,21,211,"Kentucky","Shelby County",2,57,688,350,338
050,21,211,"Kentucky","Shelby County",2,58,682,332,350
050,21,211,"Kentucky","Shelby County",2,59,697,341,356
050,21,211,"Kentucky","Shelby County",2,60,714,358,356
050,21,211,"Kentucky","Shelby County",2,61,646,330,316
050,21,211,"Kentucky","Shelby County",2,62,622,316,306
050,21,211,"Kentucky","Shelby County",2,63,624,311,313
050,21,211,"Kentucky","Shelby County",2,64,583,280,303
050,21,211,"Kentucky","Shelby County",2,65,587,270,317
050,21,211,"Kentucky","Shelby County",2,66,558,261,297
050,21,211,"Kentucky","Shelby County",2,67,532,247,285
050,21,211,"Kentucky","Shelby County",2,68,523,249,274
050,21,211,"Kentucky","Shelby County",2,69,470,221,249
050,21,211,"Kentucky","Shelby County",2,70,441,208,233
050,21,211,"Kentucky","Shelby County",2,71,439,215,224
050,21,211,"Kentucky","Shelby County",2,72,460,222,238
050,21,211,"Kentucky","Shelby County",2,73,524,258,266
050,21,211,"Kentucky","Shelby County",2,74,330,155,175
050,21,211,"Kentucky","Shelby County",2,75,304,142,162
050,21,211,"Kentucky","Shelby County",2,76,294,147,147
050,21,211,"Kentucky","Shelby County",2,77,320,157,163
050,21,211,"Kentucky","Shelby County",2,78,276,124,152
050,21,211,"Kentucky","Shelby County",2,79,226,103,123
050,21,211,"Kentucky","Shelby County",2,80,191,94,97
050,21,211,"Kentucky","Shelby County",2,81,162,70,92
050,21,211,"Kentucky","Shelby County",2,82,159,72,87
050,21,211,"Kentucky","Shelby County",2,83,140,62,78
050,21,211,"Kentucky","Shelby County",2,84,115,51,64
050,21,211,"Kentucky","Shelby County",2,85,648,243,405
050,21,211,"Kentucky","Shelby County",3,0,525,289,236
050,21,211,"Kentucky","Shelby County",3,1,547,271,276
050,21,211,"Kentucky","Shelby County",3,2,543,263,280
050,21,211,"Kentucky","Shelby County",3,3,576,292,284
050,21,211,"Kentucky","Shelby County",3,4,603,301,302
050,21,211,"Kentucky","Shelby County",3,5,601,307,294
050,21,211,"Kentucky","Shelby County",3,6,613,310,303
050,21,211,"Kentucky","Shelby County",3,7,602,320,282
050,21,211,"Kentucky","Shelby County",3,8,595,335,260
050,21,211,"Kentucky","Shelby County",3,9,628,350,278
050,21,211,"Kentucky","Shelby County",3,10,602,315,287
050,21,211,"Kentucky","Shelby County",3,11,646,338,308
050,21,211,"Kentucky","Shelby County",3,12,623,325,298
050,21,211,"Kentucky","Shelby County",3,13,640,335,305
050,21,211,"Kentucky","Shelby County",3,14,626,308,318
050,21,211,"Kentucky","Shelby County",3,15,640,317,323
050,21,211,"Kentucky","Shelby County",3,16,618,311,307
050,21,211,"Kentucky","Shelby County",3,17,636,317,319
050,21,211,"Kentucky","Shelby County",3,18,568,306,262
050,21,211,"Kentucky","Shelby County",3,19,463,244,219
050,21,211,"Kentucky","Shelby County",3,20,502,255,247
050,21,211,"Kentucky","Shelby County",3,21,525,261,264
050,21,211,"Kentucky","Shelby County",3,22,541,254,287
050,21,211,"Kentucky","Shelby County",3,23,542,257,285
050,21,211,"Kentucky","Shelby County",3,24,606,293,313
050,21,211,"Kentucky","Shelby County",3,25,599,288,311
050,21,211,"Kentucky","Shelby County",3,26,622,302,320
050,21,211,"Kentucky","Shelby County",3,27,649,315,334
050,21,211,"Kentucky","Shelby County",3,28,638,309,329
050,21,211,"Kentucky","Shelby County",3,29,634,293,341
050,21,211,"Kentucky","Shelby County",3,30,634,300,334
050,21,211,"Kentucky","Shelby County",3,31,640,301,339
050,21,211,"Kentucky","Shelby County",3,32,557,245,312
050,21,211,"Kentucky","Shelby County",3,33,555,264,291
050,21,211,"Kentucky","Shelby County",3,34,619,291,328
050,21,211,"Kentucky","Shelby County",3,35,616,289,327
050,21,211,"Kentucky","Shelby County",3,36,613,301,312
050,21,211,"Kentucky","Shelby County",3,37,650,326,324
050,21,211,"Kentucky","Shelby County",3,38,697,317,380
050,21,211,"Kentucky","Shelby County",3,39,680,332,348
050,21,211,"Kentucky","Shelby County",3,40,643,318,325
050,21,211,"Kentucky","Shelby County",3,41,645,306,339
050,21,211,"Kentucky","Shelby County",3,42,632,284,348
050,21,211,"Kentucky","Shelby County",3,43,657,326,331
050,21,211,"Kentucky","Shelby County",3,44,626,319,307
050,21,211,"Kentucky","Shelby County",3,45,622,283,339
050,21,211,"Kentucky","Shelby County",3,46,628,292,336
050,21,211,"Kentucky","Shelby County",3,47,643,319,324
050,21,211,"Kentucky","Shelby County",3,48,668,338,330
050,21,211,"Kentucky","Shelby County",3,49,643,308,335
050,21,211,"Kentucky","Shelby County",3,50,707,343,364
050,21,211,"Kentucky","Shelby County",3,51,681,332,349
050,21,211,"Kentucky","Shelby County",3,52,675,329,346
050,21,211,"Kentucky","Shelby County",3,53,655,332,323
050,21,211,"Kentucky","Shelby County",3,54,657,323,334
050,21,211,"Kentucky","Shelby County",3,55,689,357,332
050,21,211,"Kentucky","Shelby County",3,56,713,351,362
050,21,211,"Kentucky","Shelby County",3,57,725,366,359
050,21,211,"Kentucky","Shelby County",3,58,676,344,332
050,21,211,"Kentucky","Shelby County",3,59,673,330,343
050,21,211,"Kentucky","Shelby County",3,60,692,342,350
050,21,211,"Kentucky","Shelby County",3,61,723,350,373
050,21,211,"Kentucky","Shelby County",3,62,643,322,321
050,21,211,"Kentucky","Shelby County",3,63,628,313,315
050,21,211,"Kentucky","Shelby County",3,64,623,311,312
050,21,211,"Kentucky","Shelby County",3,65,587,289,298
050,21,211,"Kentucky","Shelby County",3,66,590,277,313
050,21,211,"Kentucky","Shelby County",3,67,548,255,293
050,21,211,"Kentucky","Shelby County",3,68,527,244,283
050,21,211,"Kentucky","Shelby County",3,69,522,250,272
050,21,211,"Kentucky","Shelby County",3,70,449,206,243
050,21,211,"Kentucky","Shelby County",3,71,432,206,226
050,21,211,"Kentucky","Shelby County",3,72,431,209,222
050,21,211,"Kentucky","Shelby County",3,73,446,218,228
050,21,211,"Kentucky","Shelby County",3,74,503,243,260
050,21,211,"Kentucky","Shelby County",3,75,318,151,167
050,21,211,"Kentucky","Shelby County",3,76,299,137,162
050,21,211,"Kentucky","Shelby County",3,77,272,133,139
050,21,211,"Kentucky","Shelby County",3,78,313,153,160
050,21,211,"Kentucky","Shelby County",3,79,267,123,144
050,21,211,"Kentucky","Shelby County",3,80,218,100,118
050,21,211,"Kentucky","Shelby County",3,81,185,88,97
050,21,211,"Kentucky","Shelby County",3,82,161,69,92
050,21,211,"Kentucky","Shelby County",3,83,146,68,78
050,21,211,"Kentucky","Shelby County",3,84,117,51,66
050,21,211,"Kentucky","Shelby County",3,85,676,257,419
050,21,211,"Kentucky","Shelby County",4,0,553,296,257
050,21,211,"Kentucky","Shelby County",4,1,540,303,237
050,21,211,"Kentucky","Shelby County",4,2,554,270,284
050,21,211,"Kentucky","Shelby County",4,3,558,280,278
050,21,211,"Kentucky","Shelby County",4,4,582,293,289
050,21,211,"Kentucky","Shelby County",4,5,615,308,307
050,21,211,"Kentucky","Shelby County",4,6,604,319,285
050,21,211,"Kentucky","Shelby County",4,7,603,290,313
050,21,211,"Kentucky","Shelby County",4,8,621,320,301
050,21,211,"Kentucky","Shelby County",4,9,595,332,263
050,21,211,"Kentucky","Shelby County",4,10,645,362,283
050,21,211,"Kentucky","Shelby County",4,11,585,307,278
050,21,211,"Kentucky","Shelby County",4,12,627,332,295
050,21,211,"Kentucky","Shelby County",4,13,627,330,297
050,21,211,"Kentucky","Shelby County",4,14,639,334,305
050,21,211,"Kentucky","Shelby County",4,15,618,302,316
050,21,211,"Kentucky","Shelby County",4,16,623,302,321
050,21,211,"Kentucky","Shelby County",4,17,589,292,297
050,21,211,"Kentucky","Shelby County",4,18,538,272,266
050,21,211,"Kentucky","Shelby County",4,19,468,256,212
050,21,211,"Kentucky","Shelby County",4,20,467,245,222
050,21,211,"Kentucky","Shelby County",4,21,540,257,283
050,21,211,"Kentucky","Shelby County",4,22,554,263,291
050,21,211,"Kentucky","Shelby County",4,23,561,249,312
050,21,211,"Kentucky","Shelby County",4,24,585,271,314
050,21,211,"Kentucky","Shelby County",4,25,621,294,327
050,21,211,"Kentucky","Shelby County",4,26,621,305,316
050,21,211,"Kentucky","Shelby County",4,27,623,290,333
050,21,211,"Kentucky","Shelby County",4,28,644,315,329
050,21,211,"Kentucky","Shelby County",4,29,654,317,337
050,21,211,"Kentucky","Shelby County",4,30,627,288,339
050,21,211,"Kentucky","Shelby County",4,31,667,309,358
050,21,211,"Kentucky","Shelby County",4,32,645,308,337
050,21,211,"Kentucky","Shelby County",4,33,553,246,307
050,21,211,"Kentucky","Shelby County",4,34,568,267,301
050,21,211,"Kentucky","Shelby County",4,35,606,288,318
050,21,211,"Kentucky","Shelby County",4,36,623,293,330
050,21,211,"Kentucky","Shelby County",4,37,639,307,332
050,21,211,"Kentucky","Shelby County",4,38,648,319,329
050,21,211,"Kentucky","Shelby County",4,39,691,324,367
050,21,211,"Kentucky","Shelby County",4,40,689,334,355
050,21,211,"Kentucky","Shelby County",4,41,666,324,342
050,21,211,"Kentucky","Shelby County",4,42,655,313,342
050,21,211,"Kentucky","Shelby County",4,43,608,283,325
050,21,211,"Kentucky","Shelby County",4,44,683,345,338
050,21,211,"Kentucky","Shelby County",4,45,664,327,337
050,21,211,"Kentucky","Shelby County",4,46,597,279,318
050,21,211,"Kentucky","Shelby County",4,47,621,287,334
050,21,211,"Kentucky","Shelby County",4,48,637,302,335
050,21,211,"Kentucky","Shelby County",4,49,632,319,313
050,21,211,"Kentucky","Shelby County",4,50,659,309,350
050,21,211,"Kentucky","Shelby County",4,51,709,359,350
050,21,211,"Kentucky","Shelby County",4,52,688,324,364
050,21,211,"Kentucky","Shelby County",4,53,668,325,343
050,21,211,"Kentucky","Shelby County",4,54,659,328,331
050,21,211,"Kentucky","Shelby County",4,55,653,312,341
050,21,211,"Kentucky","Shelby County",4,56,681,353,328
050,21,211,"Kentucky","Shelby County",4,57,698,350,348
050,21,211,"Kentucky","Shelby County",4,58,718,364,354
050,21,211,"Kentucky","Shelby County",4,59,691,350,341
050,21,211,"Kentucky","Shelby County",4,60,655,312,343
050,21,211,"Kentucky","Shelby County",4,61,684,332,352
050,21,211,"Kentucky","Shelby County",4,62,718,347,371
050,21,211,"Kentucky","Shelby County",4,63,648,326,322
050,21,211,"Kentucky","Shelby County",4,64,625,309,316
050,21,211,"Kentucky","Shelby County",4,65,630,307,323
050,21,211,"Kentucky","Shelby County",4,66,591,300,291
050,21,211,"Kentucky","Shelby County",4,67,582,267,315
050,21,211,"Kentucky","Shelby County",4,68,539,247,292
050,21,211,"Kentucky","Shelby County",4,69,519,241,278
050,21,211,"Kentucky","Shelby County",4,70,504,241,263
050,21,211,"Kentucky","Shelby County",4,71,436,199,237
050,21,211,"Kentucky","Shelby County",4,72,413,190,223
050,21,211,"Kentucky","Shelby County",4,73,415,201,214
050,21,211,"Kentucky","Shelby County",4,74,438,213,225
050,21,211,"Kentucky","Shelby County",4,75,483,233,250
050,21,211,"Kentucky","Shelby County",4,76,313,145,168
050,21,211,"Kentucky","Shelby County",4,77,284,128,156
050,21,211,"Kentucky","Shelby County",4,78,261,127,134
050,21,211,"Kentucky","Shelby County",4,79,290,144,146
050,21,211,"Kentucky","Shelby County",4,80,254,115,139
050,21,211,"Kentucky","Shelby County",4,81,207,91,116
050,21,211,"Kentucky","Shelby County",4,82,185,84,101
050,21,211,"Kentucky","Shelby County",4,83,155,67,88
050,21,211,"Kentucky","Shelby County",4,84,135,62,73
050,21,211,"Kentucky","Shelby County",4,85,681,261,420
050,21,211,"Kentucky","Shelby County",5,0,561,302,259
050,21,211,"Kentucky","Shelby County",5,1,547,306,241
050,21,211,"Kentucky","Shelby County",5,2,563,320,243
050,21,211,"Kentucky","Shelby County",5,3,554,275,279
050,21,211,"Kentucky","Shelby County",5,4,564,281,283
050,21,211,"Kentucky","Shelby County",5,5,599,302,297
050,21,211,"Kentucky","Shelby County",5,6,591,291,300
050,21,211,"Kentucky","Shelby County",5,7,608,317,291
050,21,211,"Kentucky","Shelby County",5,8,619,307,312
050,21,211,"Kentucky","Shelby County",5,9,629,324,305
050,21,211,"Kentucky","Shelby County",5,10,602,353,249
050,21,211,"Kentucky","Shelby County",5,11,638,354,284
050,21,211,"Kentucky","Shelby County",5,12,611,318,293
050,21,211,"Kentucky","Shelby County",5,13,636,330,306
050,21,211,"Kentucky","Shelby County",5,14,633,336,297
050,21,211,"Kentucky","Shelby County",5,15,638,333,305
050,21,211,"Kentucky","Shelby County",5,16,635,302,333
050,21,211,"Kentucky","Shelby County",5,17,645,318,327
050,21,211,"Kentucky","Shelby County",5,18,518,261,257
050,21,211,"Kentucky","Shelby County",5,19,460,226,234
050,21,211,"Kentucky","Shelby County",5,20,494,270,224
050,21,211,"Kentucky","Shelby County",5,21,524,261,263
050,21,211,"Kentucky","Shelby County",5,22,578,262,316
050,21,211,"Kentucky","Shelby County",5,23,568,270,298
050,21,211,"Kentucky","Shelby County",5,24,575,242,333
050,21,211,"Kentucky","Shelby County",5,25,642,289,353
050,21,211,"Kentucky","Shelby County",5,26,599,278,321
050,21,211,"Kentucky","Shelby County",5,27,625,310,315
050,21,211,"Kentucky","Shelby County",5,28,613,298,315
050,21,211,"Kentucky","Shelby County",5,29,646,314,332
050,21,211,"Kentucky","Shelby County",5,30,653,310,343
050,21,211,"Kentucky","Shelby County",5,31,658,294,364
050,21,211,"Kentucky","Shelby County",5,32,679,310,369
050,21,211,"Kentucky","Shelby County",5,33,659,319,340
050,21,211,"Kentucky","Shelby County",5,34,585,273,312
050,21,211,"Kentucky","Shelby County",5,35,578,264,314
050,21,211,"Kentucky","Shelby County",5,36,628,300,328
050,21,211,"Kentucky","Shelby County",5,37,653,315,338
050,21,211,"Kentucky","Shelby County",5,38,661,305,356
050,21,211,"Kentucky","Shelby County",5,39,643,336,307
050,21,211,"Kentucky","Shelby County",5,40,678,321,357
050,21,211,"Kentucky","Shelby County",5,41,696,346,350
050,21,211,"Kentucky","Shelby County",5,42,684,330,354
050,21,211,"Kentucky","Shelby County",5,43,656,323,333
050,21,211,"Kentucky","Shelby County",5,44,629,307,322
050,21,211,"Kentucky","Shelby County",5,45,723,356,367
050,21,211,"Kentucky","Shelby County",5,46,638,321,317
050,21,211,"Kentucky","Shelby County",5,47,603,292,311
050,21,211,"Kentucky","Shelby County",5,48,658,297,361
050,21,211,"Kentucky","Shelby County",5,49,619,302,317
050,21,211,"Kentucky","Shelby County",5,50,659,328,331
050,21,211,"Kentucky","Shelby County",5,51,657,324,333
050,21,211,"Kentucky","Shelby County",5,52,708,358,350
050,21,211,"Kentucky","Shelby County",5,53,667,324,343
050,21,211,"Kentucky","Shelby County",5,54,680,329,351
050,21,211,"Kentucky","Shelby County",5,55,657,314,343
050,21,211,"Kentucky","Shelby County",5,56,652,315,337
050,21,211,"Kentucky","Shelby County",5,57,678,353,325
050,21,211,"Kentucky","Shelby County",5,58,696,348,348
050,21,211,"Kentucky","Shelby County",5,59,713,362,351
050,21,211,"Kentucky","Shelby County",5,60,694,353,341
050,21,211,"Kentucky","Shelby County",5,61,655,317,338
050,21,211,"Kentucky","Shelby County",5,62,694,334,360
050,21,211,"Kentucky","Shelby County",5,63,725,346,379
050,21,211,"Kentucky","Shelby County",5,64,630,319,311
050,21,211,"Kentucky","Shelby County",5,65,627,312,315
050,21,211,"Kentucky","Shelby County",5,66,629,307,322
050,21,211,"Kentucky","Shelby County",5,67,584,295,289
050,21,211,"Kentucky","Shelby County",5,68,578,266,312
050,21,211,"Kentucky","Shelby County",5,69,530,243,287
050,21,211,"Kentucky","Shelby County",5,70,506,233,273
050,21,211,"Kentucky","Shelby County",5,71,494,231,263
050,21,211,"Kentucky","Shelby County",5,72,422,191,231
050,21,211,"Kentucky","Shelby County",5,73,408,188,220
050,21,211,"Kentucky","Shelby County",5,74,408,190,218
050,21,211,"Kentucky","Shelby County",5,75,426,203,223
050,21,211,"Kentucky","Shelby County",5,76,470,227,243
050,21,211,"Kentucky","Shelby County",5,77,295,133,162
050,21,211,"Kentucky","Shelby County",5,78,277,124,153
050,21,211,"Kentucky","Shelby County",5,79,248,124,124
050,21,211,"Kentucky","Shelby County",5,80,267,130,137
050,21,211,"Kentucky","Shelby County",5,81,238,102,136
050,21,211,"Kentucky","Shelby County",5,82,201,86,115
050,21,211,"Kentucky","Shelby County",5,83,175,78,97
050,21,211,"Kentucky","Shelby County",5,84,143,64,79
050,21,211,"Kentucky","Shelby County",5,85,728,289,439
050,21,213,"Kentucky","Simpson County",1,0,227,114,113
050,21,213,"Kentucky","Simpson County",1,1,224,106,118
050,21,213,"Kentucky","Simpson County",1,2,229,108,121
050,21,213,"Kentucky","Simpson County",1,3,247,127,120
050,21,213,"Kentucky","Simpson County",1,4,253,123,130
050,21,213,"Kentucky","Simpson County",1,5,264,133,131
050,21,213,"Kentucky","Simpson County",1,6,262,140,122
050,21,213,"Kentucky","Simpson County",1,7,270,145,125
050,21,213,"Kentucky","Simpson County",1,8,252,127,125
050,21,213,"Kentucky","Simpson County",1,9,255,138,117
050,21,213,"Kentucky","Simpson County",1,10,251,130,121
050,21,213,"Kentucky","Simpson County",1,11,280,141,139
050,21,213,"Kentucky","Simpson County",1,12,294,151,143
050,21,213,"Kentucky","Simpson County",1,13,280,154,126
050,21,213,"Kentucky","Simpson County",1,14,270,147,123
050,21,213,"Kentucky","Simpson County",1,15,263,128,135
050,21,213,"Kentucky","Simpson County",1,16,268,120,148
050,21,213,"Kentucky","Simpson County",1,17,271,138,133
050,21,213,"Kentucky","Simpson County",1,18,225,113,112
050,21,213,"Kentucky","Simpson County",1,19,201,116,85
050,21,213,"Kentucky","Simpson County",1,20,230,134,96
050,21,213,"Kentucky","Simpson County",1,21,224,116,108
050,21,213,"Kentucky","Simpson County",1,22,236,114,122
050,21,213,"Kentucky","Simpson County",1,23,246,127,119
050,21,213,"Kentucky","Simpson County",1,24,251,126,125
050,21,213,"Kentucky","Simpson County",1,25,261,126,135
050,21,213,"Kentucky","Simpson County",1,26,272,153,119
050,21,213,"Kentucky","Simpson County",1,27,273,147,126
050,21,213,"Kentucky","Simpson County",1,28,270,143,127
050,21,213,"Kentucky","Simpson County",1,29,273,164,109
050,21,213,"Kentucky","Simpson County",1,30,289,162,127
050,21,213,"Kentucky","Simpson County",1,31,255,132,123
050,21,213,"Kentucky","Simpson County",1,32,254,124,130
050,21,213,"Kentucky","Simpson County",1,33,233,106,127
050,21,213,"Kentucky","Simpson County",1,34,215,104,111
050,21,213,"Kentucky","Simpson County",1,35,237,111,126
050,21,213,"Kentucky","Simpson County",1,36,226,108,118
050,21,213,"Kentucky","Simpson County",1,37,219,117,102
050,21,213,"Kentucky","Simpson County",1,38,233,119,114
050,21,213,"Kentucky","Simpson County",1,39,236,107,129
050,21,213,"Kentucky","Simpson County",1,40,263,136,127
050,21,213,"Kentucky","Simpson County",1,41,253,135,118
050,21,213,"Kentucky","Simpson County",1,42,251,116,135
050,21,213,"Kentucky","Simpson County",1,43,219,114,105
050,21,213,"Kentucky","Simpson County",1,44,211,120,91
050,21,213,"Kentucky","Simpson County",1,45,223,113,110
050,21,213,"Kentucky","Simpson County",1,46,231,114,117
050,21,213,"Kentucky","Simpson County",1,47,257,129,128
050,21,213,"Kentucky","Simpson County",1,48,270,130,140
050,21,213,"Kentucky","Simpson County",1,49,269,138,131
050,21,213,"Kentucky","Simpson County",1,50,246,117,129
050,21,213,"Kentucky","Simpson County",1,51,260,131,129
050,21,213,"Kentucky","Simpson County",1,52,247,120,127
050,21,213,"Kentucky","Simpson County",1,53,242,128,114
050,21,213,"Kentucky","Simpson County",1,54,263,127,136
050,21,213,"Kentucky","Simpson County",1,55,281,132,149
050,21,213,"Kentucky","Simpson County",1,56,281,132,149
050,21,213,"Kentucky","Simpson County",1,57,278,136,142
050,21,213,"Kentucky","Simpson County",1,58,299,150,149
050,21,213,"Kentucky","Simpson County",1,59,286,144,142
050,21,213,"Kentucky","Simpson County",1,60,274,132,142
050,21,213,"Kentucky","Simpson County",1,61,283,144,139
050,21,213,"Kentucky","Simpson County",1,62,250,121,129
050,21,213,"Kentucky","Simpson County",1,63,249,119,130
050,21,213,"Kentucky","Simpson County",1,64,226,116,110
050,21,213,"Kentucky","Simpson County",1,65,235,120,115
050,21,213,"Kentucky","Simpson County",1,66,207,101,106
050,21,213,"Kentucky","Simpson County",1,67,215,92,123
050,21,213,"Kentucky","Simpson County",1,68,194,88,106
050,21,213,"Kentucky","Simpson County",1,69,212,94,118
050,21,213,"Kentucky","Simpson County",1,70,188,80,108
050,21,213,"Kentucky","Simpson County",1,71,187,94,93
050,21,213,"Kentucky","Simpson County",1,72,169,71,98
050,21,213,"Kentucky","Simpson County",1,73,199,91,108
050,21,213,"Kentucky","Simpson County",1,74,141,65,76
050,21,213,"Kentucky","Simpson County",1,75,138,58,80
050,21,213,"Kentucky","Simpson County",1,76,133,64,69
050,21,213,"Kentucky","Simpson County",1,77,116,49,67
050,21,213,"Kentucky","Simpson County",1,78,92,36,56
050,21,213,"Kentucky","Simpson County",1,79,99,36,63
050,21,213,"Kentucky","Simpson County",1,80,98,42,56
050,21,213,"Kentucky","Simpson County",1,81,85,38,47
050,21,213,"Kentucky","Simpson County",1,82,74,33,41
050,21,213,"Kentucky","Simpson County",1,83,61,27,34
050,21,213,"Kentucky","Simpson County",1,84,58,24,34
050,21,213,"Kentucky","Simpson County",1,85,269,97,172
050,21,213,"Kentucky","Simpson County",2,0,230,118,112
050,21,213,"Kentucky","Simpson County",2,1,224,107,117
050,21,213,"Kentucky","Simpson County",2,2,228,107,121
050,21,213,"Kentucky","Simpson County",2,3,241,121,120
050,21,213,"Kentucky","Simpson County",2,4,252,123,129
050,21,213,"Kentucky","Simpson County",2,5,260,129,131
050,21,213,"Kentucky","Simpson County",2,6,266,140,126
050,21,213,"Kentucky","Simpson County",2,7,270,144,126
050,21,213,"Kentucky","Simpson County",2,8,257,132,125
050,21,213,"Kentucky","Simpson County",2,9,254,136,118
050,21,213,"Kentucky","Simpson County",2,10,250,131,119
050,21,213,"Kentucky","Simpson County",2,11,274,140,134
050,21,213,"Kentucky","Simpson County",2,12,294,152,142
050,21,213,"Kentucky","Simpson County",2,13,284,155,129
050,21,213,"Kentucky","Simpson County",2,14,272,147,125
050,21,213,"Kentucky","Simpson County",2,15,265,131,134
050,21,213,"Kentucky","Simpson County",2,16,269,122,147
050,21,213,"Kentucky","Simpson County",2,17,272,133,139
050,21,213,"Kentucky","Simpson County",2,18,224,114,110
050,21,213,"Kentucky","Simpson County",2,19,198,111,87
050,21,213,"Kentucky","Simpson County",2,20,233,135,98
050,21,213,"Kentucky","Simpson County",2,21,228,120,108
050,21,213,"Kentucky","Simpson County",2,22,237,116,121
050,21,213,"Kentucky","Simpson County",2,23,250,127,123
050,21,213,"Kentucky","Simpson County",2,24,249,124,125
050,21,213,"Kentucky","Simpson County",2,25,262,128,134
050,21,213,"Kentucky","Simpson County",2,26,270,149,121
050,21,213,"Kentucky","Simpson County",2,27,269,146,123
050,21,213,"Kentucky","Simpson County",2,28,268,144,124
050,21,213,"Kentucky","Simpson County",2,29,272,157,115
050,21,213,"Kentucky","Simpson County",2,30,285,161,124
050,21,213,"Kentucky","Simpson County",2,31,266,139,127
050,21,213,"Kentucky","Simpson County",2,32,255,125,130
050,21,213,"Kentucky","Simpson County",2,33,236,109,127
050,21,213,"Kentucky","Simpson County",2,34,225,110,115
050,21,213,"Kentucky","Simpson County",2,35,233,109,124
050,21,213,"Kentucky","Simpson County",2,36,223,105,118
050,21,213,"Kentucky","Simpson County",2,37,222,116,106
050,21,213,"Kentucky","Simpson County",2,38,235,121,114
050,21,213,"Kentucky","Simpson County",2,39,235,110,125
050,21,213,"Kentucky","Simpson County",2,40,262,133,129
050,21,213,"Kentucky","Simpson County",2,41,254,133,121
050,21,213,"Kentucky","Simpson County",2,42,246,119,127
050,21,213,"Kentucky","Simpson County",2,43,225,114,111
050,21,213,"Kentucky","Simpson County",2,44,213,120,93
050,21,213,"Kentucky","Simpson County",2,45,226,119,107
050,21,213,"Kentucky","Simpson County",2,46,227,111,116
050,21,213,"Kentucky","Simpson County",2,47,253,127,126
050,21,213,"Kentucky","Simpson County",2,48,265,128,137
050,21,213,"Kentucky","Simpson County",2,49,274,138,136
050,21,213,"Kentucky","Simpson County",2,50,252,121,131
050,21,213,"Kentucky","Simpson County",2,51,257,127,130
050,21,213,"Kentucky","Simpson County",2,52,248,122,126
050,21,213,"Kentucky","Simpson County",2,53,242,124,118
050,21,213,"Kentucky","Simpson County",2,54,258,128,130
050,21,213,"Kentucky","Simpson County",2,55,273,128,145
050,21,213,"Kentucky","Simpson County",2,56,282,132,150
050,21,213,"Kentucky","Simpson County",2,57,277,134,143
050,21,213,"Kentucky","Simpson County",2,58,292,145,147
050,21,213,"Kentucky","Simpson County",2,59,291,146,145
050,21,213,"Kentucky","Simpson County",2,60,276,135,141
050,21,213,"Kentucky","Simpson County",2,61,277,140,137
050,21,213,"Kentucky","Simpson County",2,62,259,128,131
050,21,213,"Kentucky","Simpson County",2,63,249,120,129
050,21,213,"Kentucky","Simpson County",2,64,229,114,115
050,21,213,"Kentucky","Simpson County",2,65,230,118,112
050,21,213,"Kentucky","Simpson County",2,66,214,105,109
050,21,213,"Kentucky","Simpson County",2,67,209,93,116
050,21,213,"Kentucky","Simpson County",2,68,197,89,108
050,21,213,"Kentucky","Simpson County",2,69,207,91,116
050,21,213,"Kentucky","Simpson County",2,70,194,84,110
050,21,213,"Kentucky","Simpson County",2,71,186,88,98
050,21,213,"Kentucky","Simpson County",2,72,167,73,94
050,21,213,"Kentucky","Simpson County",2,73,203,93,110
050,21,213,"Kentucky","Simpson County",2,74,145,66,79
050,21,213,"Kentucky","Simpson County",2,75,139,60,79
050,21,213,"Kentucky","Simpson County",2,76,132,61,71
050,21,213,"Kentucky","Simpson County",2,77,123,53,70
050,21,213,"Kentucky","Simpson County",2,78,95,37,58
050,21,213,"Kentucky","Simpson County",2,79,98,37,61
050,21,213,"Kentucky","Simpson County",2,80,96,40,56
050,21,213,"Kentucky","Simpson County",2,81,86,39,47
050,21,213,"Kentucky","Simpson County",2,82,74,32,42
050,21,213,"Kentucky","Simpson County",2,83,62,27,35
050,21,213,"Kentucky","Simpson County",2,84,59,24,35
050,21,213,"Kentucky","Simpson County",2,85,273,98,175
050,21,213,"Kentucky","Simpson County",3,0,227,122,105
050,21,213,"Kentucky","Simpson County",3,1,240,122,118
050,21,213,"Kentucky","Simpson County",3,2,228,111,117
050,21,213,"Kentucky","Simpson County",3,3,237,112,125
050,21,213,"Kentucky","Simpson County",3,4,238,116,122
050,21,213,"Kentucky","Simpson County",3,5,236,112,124
050,21,213,"Kentucky","Simpson County",3,6,273,135,138
050,21,213,"Kentucky","Simpson County",3,7,265,136,129
050,21,213,"Kentucky","Simpson County",3,8,264,138,126
050,21,213,"Kentucky","Simpson County",3,9,272,143,129
050,21,213,"Kentucky","Simpson County",3,10,257,142,115
050,21,213,"Kentucky","Simpson County",3,11,264,133,131
050,21,213,"Kentucky","Simpson County",3,12,266,131,135
050,21,213,"Kentucky","Simpson County",3,13,294,152,142
050,21,213,"Kentucky","Simpson County",3,14,276,148,128
050,21,213,"Kentucky","Simpson County",3,15,259,135,124
050,21,213,"Kentucky","Simpson County",3,16,274,135,139
050,21,213,"Kentucky","Simpson County",3,17,263,120,143
050,21,213,"Kentucky","Simpson County",3,18,232,118,114
050,21,213,"Kentucky","Simpson County",3,19,184,92,92
050,21,213,"Kentucky","Simpson County",3,20,226,134,92
050,21,213,"Kentucky","Simpson County",3,21,225,119,106
050,21,213,"Kentucky","Simpson County",3,22,236,121,115
050,21,213,"Kentucky","Simpson County",3,23,258,128,130
050,21,213,"Kentucky","Simpson County",3,24,234,129,105
050,21,213,"Kentucky","Simpson County",3,25,249,124,125
050,21,213,"Kentucky","Simpson County",3,26,273,140,133
050,21,213,"Kentucky","Simpson County",3,27,301,172,129
050,21,213,"Kentucky","Simpson County",3,28,260,136,124
050,21,213,"Kentucky","Simpson County",3,29,265,133,132
050,21,213,"Kentucky","Simpson County",3,30,282,168,114
050,21,213,"Kentucky","Simpson County",3,31,277,159,118
050,21,213,"Kentucky","Simpson County",3,32,258,130,128
050,21,213,"Kentucky","Simpson County",3,33,243,120,123
050,21,213,"Kentucky","Simpson County",3,34,253,125,128
050,21,213,"Kentucky","Simpson County",3,35,209,102,107
050,21,213,"Kentucky","Simpson County",3,36,231,100,131
050,21,213,"Kentucky","Simpson County",3,37,224,108,116
050,21,213,"Kentucky","Simpson County",3,38,240,124,116
050,21,213,"Kentucky","Simpson County",3,39,222,114,108
050,21,213,"Kentucky","Simpson County",3,40,241,123,118
050,21,213,"Kentucky","Simpson County",3,41,260,123,137
050,21,213,"Kentucky","Simpson County",3,42,261,134,127
050,21,213,"Kentucky","Simpson County",3,43,242,113,129
050,21,213,"Kentucky","Simpson County",3,44,244,128,116
050,21,213,"Kentucky","Simpson County",3,45,226,129,97
050,21,213,"Kentucky","Simpson County",3,46,212,101,111
050,21,213,"Kentucky","Simpson County",3,47,225,115,110
050,21,213,"Kentucky","Simpson County",3,48,227,111,116
050,21,213,"Kentucky","Simpson County",3,49,288,138,150
050,21,213,"Kentucky","Simpson County",3,50,274,130,144
050,21,213,"Kentucky","Simpson County",3,51,262,126,136
050,21,213,"Kentucky","Simpson County",3,52,250,121,129
050,21,213,"Kentucky","Simpson County",3,53,252,119,133
050,21,213,"Kentucky","Simpson County",3,54,254,132,122
050,21,213,"Kentucky","Simpson County",3,55,256,129,127
050,21,213,"Kentucky","Simpson County",3,56,272,128,144
050,21,213,"Kentucky","Simpson County",3,57,289,135,154
050,21,213,"Kentucky","Simpson County",3,58,276,132,144
050,21,213,"Kentucky","Simpson County",3,59,285,139,146
050,21,213,"Kentucky","Simpson County",3,60,292,150,142
050,21,213,"Kentucky","Simpson County",3,61,276,136,140
050,21,213,"Kentucky","Simpson County",3,62,277,136,141
050,21,213,"Kentucky","Simpson County",3,63,258,130,128
050,21,213,"Kentucky","Simpson County",3,64,235,108,127
050,21,213,"Kentucky","Simpson County",3,65,226,114,112
050,21,213,"Kentucky","Simpson County",3,66,236,119,117
050,21,213,"Kentucky","Simpson County",3,67,213,103,110
050,21,213,"Kentucky","Simpson County",3,68,208,93,115
050,21,213,"Kentucky","Simpson County",3,69,195,85,110
050,21,213,"Kentucky","Simpson County",3,70,204,91,113
050,21,213,"Kentucky","Simpson County",3,71,196,84,112
050,21,213,"Kentucky","Simpson County",3,72,183,85,98
050,21,213,"Kentucky","Simpson County",3,73,169,71,98
050,21,213,"Kentucky","Simpson County",3,74,197,88,109
050,21,213,"Kentucky","Simpson County",3,75,141,67,74
050,21,213,"Kentucky","Simpson County",3,76,132,59,73
050,21,213,"Kentucky","Simpson County",3,77,125,57,68
050,21,213,"Kentucky","Simpson County",3,78,117,50,67
050,21,213,"Kentucky","Simpson County",3,79,94,35,59
050,21,213,"Kentucky","Simpson County",3,80,90,36,54
050,21,213,"Kentucky","Simpson County",3,81,84,36,48
050,21,213,"Kentucky","Simpson County",3,82,70,32,38
050,21,213,"Kentucky","Simpson County",3,83,74,33,41
050,21,213,"Kentucky","Simpson County",3,84,55,22,33
050,21,213,"Kentucky","Simpson County",3,85,276,100,176
050,21,213,"Kentucky","Simpson County",4,0,215,130,85
050,21,213,"Kentucky","Simpson County",4,1,235,130,105
050,21,213,"Kentucky","Simpson County",4,2,230,117,113
050,21,213,"Kentucky","Simpson County",4,3,231,112,119
050,21,213,"Kentucky","Simpson County",4,4,242,116,126
050,21,213,"Kentucky","Simpson County",4,5,254,125,129
050,21,213,"Kentucky","Simpson County",4,6,248,127,121
050,21,213,"Kentucky","Simpson County",4,7,267,131,136
050,21,213,"Kentucky","Simpson County",4,8,262,131,131
050,21,213,"Kentucky","Simpson County",4,9,281,145,136
050,21,213,"Kentucky","Simpson County",4,10,253,139,114
050,21,213,"Kentucky","Simpson County",4,11,259,141,118
050,21,213,"Kentucky","Simpson County",4,12,252,129,123
050,21,213,"Kentucky","Simpson County",4,13,270,135,135
050,21,213,"Kentucky","Simpson County",4,14,296,148,148
050,21,213,"Kentucky","Simpson County",4,15,275,154,121
050,21,213,"Kentucky","Simpson County",4,16,274,150,124
050,21,213,"Kentucky","Simpson County",4,17,276,132,144
050,21,213,"Kentucky","Simpson County",4,18,218,106,112
050,21,213,"Kentucky","Simpson County",4,19,179,90,89
050,21,213,"Kentucky","Simpson County",4,20,200,106,94
050,21,213,"Kentucky","Simpson County",4,21,238,135,103
050,21,213,"Kentucky","Simpson County",4,22,234,119,115
050,21,213,"Kentucky","Simpson County",4,23,250,125,125
050,21,213,"Kentucky","Simpson County",4,24,266,133,133
050,21,213,"Kentucky","Simpson County",4,25,250,133,117
050,21,213,"Kentucky","Simpson County",4,26,268,136,132
050,21,213,"Kentucky","Simpson County",4,27,265,137,128
050,21,213,"Kentucky","Simpson County",4,28,291,161,130
050,21,213,"Kentucky","Simpson County",4,29,265,141,124
050,21,213,"Kentucky","Simpson County",4,30,282,151,131
050,21,213,"Kentucky","Simpson County",4,31,283,167,116
050,21,213,"Kentucky","Simpson County",4,32,290,167,123
050,21,213,"Kentucky","Simpson County",4,33,262,131,131
050,21,213,"Kentucky","Simpson County",4,34,259,137,122
050,21,213,"Kentucky","Simpson County",4,35,256,126,130
050,21,213,"Kentucky","Simpson County",4,36,219,102,117
050,21,213,"Kentucky","Simpson County",4,37,235,100,135
050,21,213,"Kentucky","Simpson County",4,38,249,120,129
050,21,213,"Kentucky","Simpson County",4,39,234,116,118
050,21,213,"Kentucky","Simpson County",4,40,236,126,110
050,21,213,"Kentucky","Simpson County",4,41,249,134,115
050,21,213,"Kentucky","Simpson County",4,42,259,128,131
050,21,213,"Kentucky","Simpson County",4,43,267,135,132
050,21,213,"Kentucky","Simpson County",4,44,253,121,132
050,21,213,"Kentucky","Simpson County",4,45,258,137,121
050,21,213,"Kentucky","Simpson County",4,46,215,120,95
050,21,213,"Kentucky","Simpson County",4,47,216,110,106
050,21,213,"Kentucky","Simpson County",4,48,220,103,117
050,21,213,"Kentucky","Simpson County",4,49,233,124,109
050,21,213,"Kentucky","Simpson County",4,50,279,130,149
050,21,213,"Kentucky","Simpson County",4,51,277,133,144
050,21,213,"Kentucky","Simpson County",4,52,268,123,145
050,21,213,"Kentucky","Simpson County",4,53,249,119,130
050,21,213,"Kentucky","Simpson County",4,54,264,129,135
050,21,213,"Kentucky","Simpson County",4,55,256,133,123
050,21,213,"Kentucky","Simpson County",4,56,248,121,127
050,21,213,"Kentucky","Simpson County",4,57,267,124,143
050,21,213,"Kentucky","Simpson County",4,58,290,131,159
050,21,213,"Kentucky","Simpson County",4,59,274,127,147
050,21,213,"Kentucky","Simpson County",4,60,285,139,146
050,21,213,"Kentucky","Simpson County",4,61,294,147,147
050,21,213,"Kentucky","Simpson County",4,62,262,134,128
050,21,213,"Kentucky","Simpson County",4,63,270,130,140
050,21,213,"Kentucky","Simpson County",4,64,256,129,127
050,21,213,"Kentucky","Simpson County",4,65,238,107,131
050,21,213,"Kentucky","Simpson County",4,66,227,114,113
050,21,213,"Kentucky","Simpson County",4,67,226,112,114
050,21,213,"Kentucky","Simpson County",4,68,201,104,97
050,21,213,"Kentucky","Simpson County",4,69,208,93,115
050,21,213,"Kentucky","Simpson County",4,70,189,80,109
050,21,213,"Kentucky","Simpson County",4,71,212,99,113
050,21,213,"Kentucky","Simpson County",4,72,193,80,113
050,21,213,"Kentucky","Simpson County",4,73,186,84,102
050,21,213,"Kentucky","Simpson County",4,74,168,71,97
050,21,213,"Kentucky","Simpson County",4,75,190,84,106
050,21,213,"Kentucky","Simpson County",4,76,139,68,71
050,21,213,"Kentucky","Simpson County",4,77,125,55,70
050,21,213,"Kentucky","Simpson County",4,78,122,57,65
050,21,213,"Kentucky","Simpson County",4,79,117,50,67
050,21,213,"Kentucky","Simpson County",4,80,89,37,52
050,21,213,"Kentucky","Simpson County",4,81,79,32,47
050,21,213,"Kentucky","Simpson County",4,82,76,31,45
050,21,213,"Kentucky","Simpson County",4,83,61,31,30
050,21,213,"Kentucky","Simpson County",4,84,73,30,43
050,21,213,"Kentucky","Simpson County",4,85,271,94,177
050,21,213,"Kentucky","Simpson County",5,0,211,131,80
050,21,213,"Kentucky","Simpson County",5,1,213,129,84
050,21,213,"Kentucky","Simpson County",5,2,230,120,110
050,21,213,"Kentucky","Simpson County",5,3,260,129,131
050,21,213,"Kentucky","Simpson County",5,4,238,110,128
050,21,213,"Kentucky","Simpson County",5,5,250,115,135
050,21,213,"Kentucky","Simpson County",5,6,267,132,135
050,21,213,"Kentucky","Simpson County",5,7,249,128,121
050,21,213,"Kentucky","Simpson County",5,8,277,138,139
050,21,213,"Kentucky","Simpson County",5,9,267,129,138
050,21,213,"Kentucky","Simpson County",5,10,285,147,138
050,21,213,"Kentucky","Simpson County",5,11,260,149,111
050,21,213,"Kentucky","Simpson County",5,12,268,143,125
050,21,213,"Kentucky","Simpson County",5,13,274,143,131
050,21,213,"Kentucky","Simpson County",5,14,287,140,147
050,21,213,"Kentucky","Simpson County",5,15,312,160,152
050,21,213,"Kentucky","Simpson County",5,16,269,142,127
050,21,213,"Kentucky","Simpson County",5,17,267,144,123
050,21,213,"Kentucky","Simpson County",5,18,236,118,118
050,21,213,"Kentucky","Simpson County",5,19,176,89,87
050,21,213,"Kentucky","Simpson County",5,20,212,107,105
050,21,213,"Kentucky","Simpson County",5,21,211,102,109
050,21,213,"Kentucky","Simpson County",5,22,251,148,103
050,21,213,"Kentucky","Simpson County",5,23,237,127,110
050,21,213,"Kentucky","Simpson County",5,24,279,137,142
050,21,213,"Kentucky","Simpson County",5,25,272,139,133
050,21,213,"Kentucky","Simpson County",5,26,263,140,123
050,21,213,"Kentucky","Simpson County",5,27,276,146,130
050,21,213,"Kentucky","Simpson County",5,28,266,136,130
050,21,213,"Kentucky","Simpson County",5,29,284,158,126
050,21,213,"Kentucky","Simpson County",5,30,261,140,121
050,21,213,"Kentucky","Simpson County",5,31,291,147,144
050,21,213,"Kentucky","Simpson County",5,32,277,155,122
050,21,213,"Kentucky","Simpson County",5,33,283,162,121
050,21,213,"Kentucky","Simpson County",5,34,291,148,143
050,21,213,"Kentucky","Simpson County",5,35,259,130,129
050,21,213,"Kentucky","Simpson County",5,36,252,119,133
050,21,213,"Kentucky","Simpson County",5,37,227,107,120
050,21,213,"Kentucky","Simpson County",5,38,261,116,145
050,21,213,"Kentucky","Simpson County",5,39,233,110,123
050,21,213,"Kentucky","Simpson County",5,40,237,121,116
050,21,213,"Kentucky","Simpson County",5,41,223,115,108
050,21,213,"Kentucky","Simpson County",5,42,252,127,125
050,21,213,"Kentucky","Simpson County",5,43,250,126,124
050,21,213,"Kentucky","Simpson County",5,44,271,139,132
050,21,213,"Kentucky","Simpson County",5,45,261,130,131
050,21,213,"Kentucky","Simpson County",5,46,231,115,116
050,21,213,"Kentucky","Simpson County",5,47,215,125,90
050,21,213,"Kentucky","Simpson County",5,48,206,102,104
050,21,213,"Kentucky","Simpson County",5,49,247,122,125
050,21,213,"Kentucky","Simpson County",5,50,224,112,112
050,21,213,"Kentucky","Simpson County",5,51,282,129,153
050,21,213,"Kentucky","Simpson County",5,52,282,134,148
050,21,213,"Kentucky","Simpson County",5,53,262,121,141
050,21,213,"Kentucky","Simpson County",5,54,261,129,132
050,21,213,"Kentucky","Simpson County",5,55,256,130,126
050,21,213,"Kentucky","Simpson County",5,56,257,131,126
050,21,213,"Kentucky","Simpson County",5,57,256,124,132
050,21,213,"Kentucky","Simpson County",5,58,279,131,148
050,21,213,"Kentucky","Simpson County",5,59,287,124,163
050,21,213,"Kentucky","Simpson County",5,60,271,124,147
050,21,213,"Kentucky","Simpson County",5,61,286,138,148
050,21,213,"Kentucky","Simpson County",5,62,295,147,148
050,21,213,"Kentucky","Simpson County",5,63,264,134,130
050,21,213,"Kentucky","Simpson County",5,64,274,138,136
050,21,213,"Kentucky","Simpson County",5,65,255,128,127
050,21,213,"Kentucky","Simpson County",5,66,239,104,135
050,21,213,"Kentucky","Simpson County",5,67,220,109,111
050,21,213,"Kentucky","Simpson County",5,68,229,113,116
050,21,213,"Kentucky","Simpson County",5,69,196,101,95
050,21,213,"Kentucky","Simpson County",5,70,206,90,116
050,21,213,"Kentucky","Simpson County",5,71,190,83,107
050,21,213,"Kentucky","Simpson County",5,72,198,92,106
050,21,213,"Kentucky","Simpson County",5,73,189,76,113
050,21,213,"Kentucky","Simpson County",5,74,179,81,98
050,21,213,"Kentucky","Simpson County",5,75,166,69,97
050,21,213,"Kentucky","Simpson County",5,76,187,85,102
050,21,213,"Kentucky","Simpson County",5,77,123,60,63
050,21,213,"Kentucky","Simpson County",5,78,117,52,65
050,21,213,"Kentucky","Simpson County",5,79,118,54,64
050,21,213,"Kentucky","Simpson County",5,80,107,49,58
050,21,213,"Kentucky","Simpson County",5,81,74,33,41
050,21,213,"Kentucky","Simpson County",5,82,72,27,45
050,21,213,"Kentucky","Simpson County",5,83,67,30,37
050,21,213,"Kentucky","Simpson County",5,84,63,30,33
050,21,213,"Kentucky","Simpson County",5,85,289,104,185
050,21,215,"Kentucky","Spencer County",1,0,187,96,91
050,21,215,"Kentucky","Spencer County",1,1,203,107,96
050,21,215,"Kentucky","Spencer County",1,2,217,105,112
050,21,215,"Kentucky","Spencer County",1,3,231,118,113
050,21,215,"Kentucky","Spencer County",1,4,226,124,102
050,21,215,"Kentucky","Spencer County",1,5,260,136,124
050,21,215,"Kentucky","Spencer County",1,6,236,118,118
050,21,215,"Kentucky","Spencer County",1,7,227,113,114
050,21,215,"Kentucky","Spencer County",1,8,242,125,117
050,21,215,"Kentucky","Spencer County",1,9,231,119,112
050,21,215,"Kentucky","Spencer County",1,10,246,118,128
050,21,215,"Kentucky","Spencer County",1,11,256,150,106
050,21,215,"Kentucky","Spencer County",1,12,260,136,124
050,21,215,"Kentucky","Spencer County",1,13,292,147,145
050,21,215,"Kentucky","Spencer County",1,14,275,142,133
050,21,215,"Kentucky","Spencer County",1,15,283,153,130
050,21,215,"Kentucky","Spencer County",1,16,263,143,120
050,21,215,"Kentucky","Spencer County",1,17,265,136,129
050,21,215,"Kentucky","Spencer County",1,18,228,123,105
050,21,215,"Kentucky","Spencer County",1,19,182,94,88
050,21,215,"Kentucky","Spencer County",1,20,195,103,92
050,21,215,"Kentucky","Spencer County",1,21,192,99,93
050,21,215,"Kentucky","Spencer County",1,22,184,91,93
050,21,215,"Kentucky","Spencer County",1,23,185,92,93
050,21,215,"Kentucky","Spencer County",1,24,169,80,89
050,21,215,"Kentucky","Spencer County",1,25,200,109,91
050,21,215,"Kentucky","Spencer County",1,26,182,91,91
050,21,215,"Kentucky","Spencer County",1,27,192,93,99
050,21,215,"Kentucky","Spencer County",1,28,209,107,102
050,21,215,"Kentucky","Spencer County",1,29,192,97,95
050,21,215,"Kentucky","Spencer County",1,30,202,95,107
050,21,215,"Kentucky","Spencer County",1,31,218,104,114
050,21,215,"Kentucky","Spencer County",1,32,208,105,103
050,21,215,"Kentucky","Spencer County",1,33,254,126,128
050,21,215,"Kentucky","Spencer County",1,34,260,130,130
050,21,215,"Kentucky","Spencer County",1,35,251,117,134
050,21,215,"Kentucky","Spencer County",1,36,242,112,130
050,21,215,"Kentucky","Spencer County",1,37,250,124,126
050,21,215,"Kentucky","Spencer County",1,38,274,133,141
050,21,215,"Kentucky","Spencer County",1,39,266,131,135
050,21,215,"Kentucky","Spencer County",1,40,282,142,140
050,21,215,"Kentucky","Spencer County",1,41,270,143,127
050,21,215,"Kentucky","Spencer County",1,42,248,123,125
050,21,215,"Kentucky","Spencer County",1,43,258,135,123
050,21,215,"Kentucky","Spencer County",1,44,269,144,125
050,21,215,"Kentucky","Spencer County",1,45,283,139,144
050,21,215,"Kentucky","Spencer County",1,46,260,118,142
050,21,215,"Kentucky","Spencer County",1,47,277,149,128
050,21,215,"Kentucky","Spencer County",1,48,313,168,145
050,21,215,"Kentucky","Spencer County",1,49,331,165,166
050,21,215,"Kentucky","Spencer County",1,50,333,178,155
050,21,215,"Kentucky","Spencer County",1,51,304,156,148
050,21,215,"Kentucky","Spencer County",1,52,290,156,134
050,21,215,"Kentucky","Spencer County",1,53,305,160,145
050,21,215,"Kentucky","Spencer County",1,54,297,137,160
050,21,215,"Kentucky","Spencer County",1,55,334,163,171
050,21,215,"Kentucky","Spencer County",1,56,356,181,175
050,21,215,"Kentucky","Spencer County",1,57,332,161,171
050,21,215,"Kentucky","Spencer County",1,58,321,162,159
050,21,215,"Kentucky","Spencer County",1,59,325,171,154
050,21,215,"Kentucky","Spencer County",1,60,316,163,153
050,21,215,"Kentucky","Spencer County",1,61,305,160,145
050,21,215,"Kentucky","Spencer County",1,62,282,154,128
050,21,215,"Kentucky","Spencer County",1,63,289,150,139
050,21,215,"Kentucky","Spencer County",1,64,274,133,141
050,21,215,"Kentucky","Spencer County",1,65,237,131,106
050,21,215,"Kentucky","Spencer County",1,66,231,126,105
050,21,215,"Kentucky","Spencer County",1,67,211,99,112
050,21,215,"Kentucky","Spencer County",1,68,205,98,107
050,21,215,"Kentucky","Spencer County",1,69,195,96,99
050,21,215,"Kentucky","Spencer County",1,70,194,93,101
050,21,215,"Kentucky","Spencer County",1,71,167,93,74
050,21,215,"Kentucky","Spencer County",1,72,155,75,80
050,21,215,"Kentucky","Spencer County",1,73,169,84,85
050,21,215,"Kentucky","Spencer County",1,74,124,61,63
050,21,215,"Kentucky","Spencer County",1,75,116,57,59
050,21,215,"Kentucky","Spencer County",1,76,112,53,59
050,21,215,"Kentucky","Spencer County",1,77,104,50,54
050,21,215,"Kentucky","Spencer County",1,78,96,51,45
050,21,215,"Kentucky","Spencer County",1,79,79,38,41
050,21,215,"Kentucky","Spencer County",1,80,67,34,33
050,21,215,"Kentucky","Spencer County",1,81,56,25,31
050,21,215,"Kentucky","Spencer County",1,82,54,25,29
050,21,215,"Kentucky","Spencer County",1,83,35,18,17
050,21,215,"Kentucky","Spencer County",1,84,26,12,14
050,21,215,"Kentucky","Spencer County",1,85,211,88,123
050,21,215,"Kentucky","Spencer County",2,0,181,97,84
050,21,215,"Kentucky","Spencer County",2,1,199,103,96
050,21,215,"Kentucky","Spencer County",2,2,218,107,111
050,21,215,"Kentucky","Spencer County",2,3,231,117,114
050,21,215,"Kentucky","Spencer County",2,4,231,124,107
050,21,215,"Kentucky","Spencer County",2,5,252,134,118
050,21,215,"Kentucky","Spencer County",2,6,245,124,121
050,21,215,"Kentucky","Spencer County",2,7,232,115,117
050,21,215,"Kentucky","Spencer County",2,8,239,123,116
050,21,215,"Kentucky","Spencer County",2,9,237,121,116
050,21,215,"Kentucky","Spencer County",2,10,243,121,122
050,21,215,"Kentucky","Spencer County",2,11,254,143,111
050,21,215,"Kentucky","Spencer County",2,12,261,140,121
050,21,215,"Kentucky","Spencer County",2,13,284,144,140
050,21,215,"Kentucky","Spencer County",2,14,281,145,136
050,21,215,"Kentucky","Spencer County",2,15,282,151,131
050,21,215,"Kentucky","Spencer County",2,16,267,144,123
050,21,215,"Kentucky","Spencer County",2,17,267,138,129
050,21,215,"Kentucky","Spencer County",2,18,224,120,104
050,21,215,"Kentucky","Spencer County",2,19,180,93,87
050,21,215,"Kentucky","Spencer County",2,20,196,101,95
050,21,215,"Kentucky","Spencer County",2,21,193,101,92
050,21,215,"Kentucky","Spencer County",2,22,186,92,94
050,21,215,"Kentucky","Spencer County",2,23,184,90,94
050,21,215,"Kentucky","Spencer County",2,24,176,85,91
050,21,215,"Kentucky","Spencer County",2,25,192,101,91
050,21,215,"Kentucky","Spencer County",2,26,188,95,93
050,21,215,"Kentucky","Spencer County",2,27,190,92,98
050,21,215,"Kentucky","Spencer County",2,28,207,106,101
050,21,215,"Kentucky","Spencer County",2,29,199,101,98
050,21,215,"Kentucky","Spencer County",2,30,207,100,107
050,21,215,"Kentucky","Spencer County",2,31,215,101,114
050,21,215,"Kentucky","Spencer County",2,32,213,107,106
050,21,215,"Kentucky","Spencer County",2,33,247,123,124
050,21,215,"Kentucky","Spencer County",2,34,262,130,132
050,21,215,"Kentucky","Spencer County",2,35,260,123,137
050,21,215,"Kentucky","Spencer County",2,36,246,114,132
050,21,215,"Kentucky","Spencer County",2,37,252,123,129
050,21,215,"Kentucky","Spencer County",2,38,269,130,139
050,21,215,"Kentucky","Spencer County",2,39,270,133,137
050,21,215,"Kentucky","Spencer County",2,40,281,143,138
050,21,215,"Kentucky","Spencer County",2,41,274,144,130
050,21,215,"Kentucky","Spencer County",2,42,254,127,127
050,21,215,"Kentucky","Spencer County",2,43,257,134,123
050,21,215,"Kentucky","Spencer County",2,44,264,141,123
050,21,215,"Kentucky","Spencer County",2,45,281,141,140
050,21,215,"Kentucky","Spencer County",2,46,262,123,139
050,21,215,"Kentucky","Spencer County",2,47,272,141,131
050,21,215,"Kentucky","Spencer County",2,48,304,162,142
050,21,215,"Kentucky","Spencer County",2,49,328,167,161
050,21,215,"Kentucky","Spencer County",2,50,336,175,161
050,21,215,"Kentucky","Spencer County",2,51,312,162,150
050,21,215,"Kentucky","Spencer County",2,52,294,156,138
050,21,215,"Kentucky","Spencer County",2,53,302,159,143
050,21,215,"Kentucky","Spencer County",2,54,298,142,156
050,21,215,"Kentucky","Spencer County",2,55,325,156,169
050,21,215,"Kentucky","Spencer County",2,56,352,177,175
050,21,215,"Kentucky","Spencer County",2,57,342,169,173
050,21,215,"Kentucky","Spencer County",2,58,326,163,163
050,21,215,"Kentucky","Spencer County",2,59,328,171,157
050,21,215,"Kentucky","Spencer County",2,60,320,167,153
050,21,215,"Kentucky","Spencer County",2,61,309,161,148
050,21,215,"Kentucky","Spencer County",2,62,287,155,132
050,21,215,"Kentucky","Spencer County",2,63,290,152,138
050,21,215,"Kentucky","Spencer County",2,64,275,136,139
050,21,215,"Kentucky","Spencer County",2,65,246,131,115
050,21,215,"Kentucky","Spencer County",2,66,230,126,104
050,21,215,"Kentucky","Spencer County",2,67,215,105,110
050,21,215,"Kentucky","Spencer County",2,68,206,98,108
050,21,215,"Kentucky","Spencer County",2,69,199,97,102
050,21,215,"Kentucky","Spencer County",2,70,192,93,99
050,21,215,"Kentucky","Spencer County",2,71,174,93,81
050,21,215,"Kentucky","Spencer County",2,72,155,78,77
050,21,215,"Kentucky","Spencer County",2,73,173,86,87
050,21,215,"Kentucky","Spencer County",2,74,124,61,63
050,21,215,"Kentucky","Spencer County",2,75,118,58,60
050,21,215,"Kentucky","Spencer County",2,76,111,51,60
050,21,215,"Kentucky","Spencer County",2,77,107,52,55
050,21,215,"Kentucky","Spencer County",2,78,96,50,46
050,21,215,"Kentucky","Spencer County",2,79,80,40,40
050,21,215,"Kentucky","Spencer County",2,80,67,34,33
050,21,215,"Kentucky","Spencer County",2,81,59,27,32
050,21,215,"Kentucky","Spencer County",2,82,52,24,28
050,21,215,"Kentucky","Spencer County",2,83,39,20,19
050,21,215,"Kentucky","Spencer County",2,84,28,14,14
050,21,215,"Kentucky","Spencer County",2,85,207,84,123
050,21,215,"Kentucky","Spencer County",3,0,182,91,91
050,21,215,"Kentucky","Spencer County",3,1,198,102,96
050,21,215,"Kentucky","Spencer County",3,2,217,119,98
050,21,215,"Kentucky","Spencer County",3,3,224,116,108
050,21,215,"Kentucky","Spencer County",3,4,258,128,130
050,21,215,"Kentucky","Spencer County",3,5,245,137,108
050,21,215,"Kentucky","Spencer County",3,6,252,139,113
050,21,215,"Kentucky","Spencer County",3,7,257,134,123
050,21,215,"Kentucky","Spencer County",3,8,229,108,121
050,21,215,"Kentucky","Spencer County",3,9,251,132,119
050,21,215,"Kentucky","Spencer County",3,10,265,136,129
050,21,215,"Kentucky","Spencer County",3,11,252,124,128
050,21,215,"Kentucky","Spencer County",3,12,270,150,120
050,21,215,"Kentucky","Spencer County",3,13,273,146,127
050,21,215,"Kentucky","Spencer County",3,14,285,140,145
050,21,215,"Kentucky","Spencer County",3,15,278,147,131
050,21,215,"Kentucky","Spencer County",3,16,271,148,123
050,21,215,"Kentucky","Spencer County",3,17,276,152,124
050,21,215,"Kentucky","Spencer County",3,18,223,120,103
050,21,215,"Kentucky","Spencer County",3,19,179,95,84
050,21,215,"Kentucky","Spencer County",3,20,193,97,96
050,21,215,"Kentucky","Spencer County",3,21,200,103,97
050,21,215,"Kentucky","Spencer County",3,22,204,102,102
050,21,215,"Kentucky","Spencer County",3,23,180,88,92
050,21,215,"Kentucky","Spencer County",3,24,168,85,83
050,21,215,"Kentucky","Spencer County",3,25,165,77,88
050,21,215,"Kentucky","Spencer County",3,26,190,103,87
050,21,215,"Kentucky","Spencer County",3,27,194,101,93
050,21,215,"Kentucky","Spencer County",3,28,208,100,108
050,21,215,"Kentucky","Spencer County",3,29,221,115,106
050,21,215,"Kentucky","Spencer County",3,30,218,113,105
050,21,215,"Kentucky","Spencer County",3,31,222,102,120
050,21,215,"Kentucky","Spencer County",3,32,242,108,134
050,21,215,"Kentucky","Spencer County",3,33,217,111,106
050,21,215,"Kentucky","Spencer County",3,34,281,140,141
050,21,215,"Kentucky","Spencer County",3,35,262,122,140
050,21,215,"Kentucky","Spencer County",3,36,282,141,141
050,21,215,"Kentucky","Spencer County",3,37,259,127,132
050,21,215,"Kentucky","Spencer County",3,38,266,130,136
050,21,215,"Kentucky","Spencer County",3,39,274,135,139
050,21,215,"Kentucky","Spencer County",3,40,296,151,145
050,21,215,"Kentucky","Spencer County",3,41,285,142,143
050,21,215,"Kentucky","Spencer County",3,42,288,153,135
050,21,215,"Kentucky","Spencer County",3,43,254,130,124
050,21,215,"Kentucky","Spencer County",3,44,261,134,127
050,21,215,"Kentucky","Spencer County",3,45,270,146,124
050,21,215,"Kentucky","Spencer County",3,46,290,140,150
050,21,215,"Kentucky","Spencer County",3,47,257,124,133
050,21,215,"Kentucky","Spencer County",3,48,273,137,136
050,21,215,"Kentucky","Spencer County",3,49,314,169,145
050,21,215,"Kentucky","Spencer County",3,50,328,162,166
050,21,215,"Kentucky","Spencer County",3,51,340,181,159
050,21,215,"Kentucky","Spencer County",3,52,309,158,151
050,21,215,"Kentucky","Spencer County",3,53,298,162,136
050,21,215,"Kentucky","Spencer County",3,54,303,160,143
050,21,215,"Kentucky","Spencer County",3,55,310,147,163
050,21,215,"Kentucky","Spencer County",3,56,319,151,168
050,21,215,"Kentucky","Spencer County",3,57,358,181,177
050,21,215,"Kentucky","Spencer County",3,58,341,170,171
050,21,215,"Kentucky","Spencer County",3,59,324,159,165
050,21,215,"Kentucky","Spencer County",3,60,331,177,154
050,21,215,"Kentucky","Spencer County",3,61,317,171,146
050,21,215,"Kentucky","Spencer County",3,62,297,157,140
050,21,215,"Kentucky","Spencer County",3,63,279,148,131
050,21,215,"Kentucky","Spencer County",3,64,292,153,139
050,21,215,"Kentucky","Spencer County",3,65,272,139,133
050,21,215,"Kentucky","Spencer County",3,66,240,126,114
050,21,215,"Kentucky","Spencer County",3,67,230,125,105
050,21,215,"Kentucky","Spencer County",3,68,212,105,107
050,21,215,"Kentucky","Spencer County",3,69,204,94,110
050,21,215,"Kentucky","Spencer County",3,70,189,88,101
050,21,215,"Kentucky","Spencer County",3,71,181,87,94
050,21,215,"Kentucky","Spencer County",3,72,173,90,83
050,21,215,"Kentucky","Spencer County",3,73,147,74,73
050,21,215,"Kentucky","Spencer County",3,74,174,84,90
050,21,215,"Kentucky","Spencer County",3,75,120,59,61
050,21,215,"Kentucky","Spencer County",3,76,117,60,57
050,21,215,"Kentucky","Spencer County",3,77,106,50,56
050,21,215,"Kentucky","Spencer County",3,78,101,50,51
050,21,215,"Kentucky","Spencer County",3,79,89,45,44
050,21,215,"Kentucky","Spencer County",3,80,72,35,37
050,21,215,"Kentucky","Spencer County",3,81,62,31,31
050,21,215,"Kentucky","Spencer County",3,82,56,26,30
050,21,215,"Kentucky","Spencer County",3,83,52,24,28
050,21,215,"Kentucky","Spencer County",3,84,36,17,19
050,21,215,"Kentucky","Spencer County",3,85,189,79,110
050,21,215,"Kentucky","Spencer County",4,0,199,112,87
050,21,215,"Kentucky","Spencer County",4,1,205,105,100
050,21,215,"Kentucky","Spencer County",4,2,201,98,103
050,21,215,"Kentucky","Spencer County",4,3,222,122,100
050,21,215,"Kentucky","Spencer County",4,4,242,126,116
050,21,215,"Kentucky","Spencer County",4,5,275,135,140
050,21,215,"Kentucky","Spencer County",4,6,254,145,109
050,21,215,"Kentucky","Spencer County",4,7,265,149,116
050,21,215,"Kentucky","Spencer County",4,8,273,140,133
050,21,215,"Kentucky","Spencer County",4,9,242,120,122
050,21,215,"Kentucky","Spencer County",4,10,246,130,116
050,21,215,"Kentucky","Spencer County",4,11,281,150,131
050,21,215,"Kentucky","Spencer County",4,12,265,129,136
050,21,215,"Kentucky","Spencer County",4,13,294,161,133
050,21,215,"Kentucky","Spencer County",4,14,279,149,130
050,21,215,"Kentucky","Spencer County",4,15,283,148,135
050,21,215,"Kentucky","Spencer County",4,16,276,144,132
050,21,215,"Kentucky","Spencer County",4,17,280,155,125
050,21,215,"Kentucky","Spencer County",4,18,222,127,95
050,21,215,"Kentucky","Spencer County",4,19,168,94,74
050,21,215,"Kentucky","Spencer County",4,20,183,95,88
050,21,215,"Kentucky","Spencer County",4,21,193,94,99
050,21,215,"Kentucky","Spencer County",4,22,210,108,102
050,21,215,"Kentucky","Spencer County",4,23,199,104,95
050,21,215,"Kentucky","Spencer County",4,24,174,90,84
050,21,215,"Kentucky","Spencer County",4,25,166,82,84
050,21,215,"Kentucky","Spencer County",4,26,168,81,87
050,21,215,"Kentucky","Spencer County",4,27,191,105,86
050,21,215,"Kentucky","Spencer County",4,28,199,100,99
050,21,215,"Kentucky","Spencer County",4,29,223,109,114
050,21,215,"Kentucky","Spencer County",4,30,209,102,107
050,21,215,"Kentucky","Spencer County",4,31,232,118,114
050,21,215,"Kentucky","Spencer County",4,32,231,103,128
050,21,215,"Kentucky","Spencer County",4,33,256,116,140
050,21,215,"Kentucky","Spencer County",4,34,232,118,114
050,21,215,"Kentucky","Spencer County",4,35,290,143,147
050,21,215,"Kentucky","Spencer County",4,36,269,122,147
050,21,215,"Kentucky","Spencer County",4,37,279,134,145
050,21,215,"Kentucky","Spencer County",4,38,261,128,133
050,21,215,"Kentucky","Spencer County",4,39,277,133,144
050,21,215,"Kentucky","Spencer County",4,40,307,151,156
050,21,215,"Kentucky","Spencer County",4,41,322,169,153
050,21,215,"Kentucky","Spencer County",4,42,295,154,141
050,21,215,"Kentucky","Spencer County",4,43,292,159,133
050,21,215,"Kentucky","Spencer County",4,44,260,131,129
050,21,215,"Kentucky","Spencer County",4,45,268,142,126
050,21,215,"Kentucky","Spencer County",4,46,277,153,124
050,21,215,"Kentucky","Spencer County",4,47,298,145,153
050,21,215,"Kentucky","Spencer County",4,48,260,124,136
050,21,215,"Kentucky","Spencer County",4,49,286,145,141
050,21,215,"Kentucky","Spencer County",4,50,322,173,149
050,21,215,"Kentucky","Spencer County",4,51,328,165,163
050,21,215,"Kentucky","Spencer County",4,52,333,175,158
050,21,215,"Kentucky","Spencer County",4,53,316,168,148
050,21,215,"Kentucky","Spencer County",4,54,294,160,134
050,21,215,"Kentucky","Spencer County",4,55,306,156,150
050,21,215,"Kentucky","Spencer County",4,56,310,150,160
050,21,215,"Kentucky","Spencer County",4,57,317,152,165
050,21,215,"Kentucky","Spencer County",4,58,348,179,169
050,21,215,"Kentucky","Spencer County",4,59,333,167,166
050,21,215,"Kentucky","Spencer County",4,60,316,151,165
050,21,215,"Kentucky","Spencer County",4,61,326,175,151
050,21,215,"Kentucky","Spencer County",4,62,314,165,149
050,21,215,"Kentucky","Spencer County",4,63,291,155,136
050,21,215,"Kentucky","Spencer County",4,64,280,148,132
050,21,215,"Kentucky","Spencer County",4,65,287,149,138
050,21,215,"Kentucky","Spencer County",4,66,263,132,131
050,21,215,"Kentucky","Spencer County",4,67,238,120,118
050,21,215,"Kentucky","Spencer County",4,68,226,115,111
050,21,215,"Kentucky","Spencer County",4,69,211,107,104
050,21,215,"Kentucky","Spencer County",4,70,203,92,111
050,21,215,"Kentucky","Spencer County",4,71,184,87,97
050,21,215,"Kentucky","Spencer County",4,72,178,85,93
050,21,215,"Kentucky","Spencer County",4,73,173,86,87
050,21,215,"Kentucky","Spencer County",4,74,143,71,72
050,21,215,"Kentucky","Spencer County",4,75,167,81,86
050,21,215,"Kentucky","Spencer County",4,76,115,57,58
050,21,215,"Kentucky","Spencer County",4,77,112,54,58
050,21,215,"Kentucky","Spencer County",4,78,108,51,57
050,21,215,"Kentucky","Spencer County",4,79,94,45,49
050,21,215,"Kentucky","Spencer County",4,80,78,38,40
050,21,215,"Kentucky","Spencer County",4,81,67,31,36
050,21,215,"Kentucky","Spencer County",4,82,59,30,29
050,21,215,"Kentucky","Spencer County",4,83,52,26,26
050,21,215,"Kentucky","Spencer County",4,84,41,18,23
050,21,215,"Kentucky","Spencer County",4,85,200,80,120
050,21,215,"Kentucky","Spencer County",5,0,199,112,87
050,21,215,"Kentucky","Spencer County",5,1,230,120,110
050,21,215,"Kentucky","Spencer County",5,2,205,99,106
050,21,215,"Kentucky","Spencer County",5,3,207,100,107
050,21,215,"Kentucky","Spencer County",5,4,231,124,107
050,21,215,"Kentucky","Spencer County",5,5,245,122,123
050,21,215,"Kentucky","Spencer County",5,6,284,143,141
050,21,215,"Kentucky","Spencer County",5,7,260,148,112
050,21,215,"Kentucky","Spencer County",5,8,279,155,124
050,21,215,"Kentucky","Spencer County",5,9,278,144,134
050,21,215,"Kentucky","Spencer County",5,10,249,124,125
050,21,215,"Kentucky","Spencer County",5,11,251,136,115
050,21,215,"Kentucky","Spencer County",5,12,283,149,134
050,21,215,"Kentucky","Spencer County",5,13,277,134,143
050,21,215,"Kentucky","Spencer County",5,14,296,158,138
050,21,215,"Kentucky","Spencer County",5,15,282,152,130
050,21,215,"Kentucky","Spencer County",5,16,294,154,140
050,21,215,"Kentucky","Spencer County",5,17,275,143,132
050,21,215,"Kentucky","Spencer County",5,18,230,129,101
050,21,215,"Kentucky","Spencer County",5,19,173,101,72
050,21,215,"Kentucky","Spencer County",5,20,178,95,83
050,21,215,"Kentucky","Spencer County",5,21,195,96,99
050,21,215,"Kentucky","Spencer County",5,22,202,92,110
050,21,215,"Kentucky","Spencer County",5,23,220,115,105
050,21,215,"Kentucky","Spencer County",5,24,191,101,90
050,21,215,"Kentucky","Spencer County",5,25,174,98,76
050,21,215,"Kentucky","Spencer County",5,26,169,80,89
050,21,215,"Kentucky","Spencer County",5,27,190,88,102
050,21,215,"Kentucky","Spencer County",5,28,197,102,95
050,21,215,"Kentucky","Spencer County",5,29,202,102,100
050,21,215,"Kentucky","Spencer County",5,30,228,109,119
050,21,215,"Kentucky","Spencer County",5,31,222,111,111
050,21,215,"Kentucky","Spencer County",5,32,254,126,128
050,21,215,"Kentucky","Spencer County",5,33,249,111,138
050,21,215,"Kentucky","Spencer County",5,34,258,119,139
050,21,215,"Kentucky","Spencer County",5,35,233,128,105
050,21,215,"Kentucky","Spencer County",5,36,295,149,146
050,21,215,"Kentucky","Spencer County",5,37,275,124,151
050,21,215,"Kentucky","Spencer County",5,38,284,137,147
050,21,215,"Kentucky","Spencer County",5,39,265,130,135
050,21,215,"Kentucky","Spencer County",5,40,282,136,146
050,21,215,"Kentucky","Spencer County",5,41,309,155,154
050,21,215,"Kentucky","Spencer County",5,42,329,172,157
050,21,215,"Kentucky","Spencer County",5,43,306,159,147
050,21,215,"Kentucky","Spencer County",5,44,298,162,136
050,21,215,"Kentucky","Spencer County",5,45,271,133,138
050,21,215,"Kentucky","Spencer County",5,46,268,143,125
050,21,215,"Kentucky","Spencer County",5,47,278,153,125
050,21,215,"Kentucky","Spencer County",5,48,292,143,149
050,21,215,"Kentucky","Spencer County",5,49,264,124,140
050,21,215,"Kentucky","Spencer County",5,50,293,150,143
050,21,215,"Kentucky","Spencer County",5,51,329,174,155
050,21,215,"Kentucky","Spencer County",5,52,331,165,166
050,21,215,"Kentucky","Spencer County",5,53,335,176,159
050,21,215,"Kentucky","Spencer County",5,54,320,168,152
050,21,215,"Kentucky","Spencer County",5,55,305,162,143
050,21,215,"Kentucky","Spencer County",5,56,294,145,149
050,21,215,"Kentucky","Spencer County",5,57,318,153,165
050,21,215,"Kentucky","Spencer County",5,58,319,154,165
050,21,215,"Kentucky","Spencer County",5,59,346,177,169
050,21,215,"Kentucky","Spencer County",5,60,330,170,160
050,21,215,"Kentucky","Spencer County",5,61,313,151,162
050,21,215,"Kentucky","Spencer County",5,62,325,170,155
050,21,215,"Kentucky","Spencer County",5,63,314,164,150
050,21,215,"Kentucky","Spencer County",5,64,287,154,133
050,21,215,"Kentucky","Spencer County",5,65,282,147,135
050,21,215,"Kentucky","Spencer County",5,66,288,150,138
050,21,215,"Kentucky","Spencer County",5,67,262,132,130
050,21,215,"Kentucky","Spencer County",5,68,238,115,123
050,21,215,"Kentucky","Spencer County",5,69,218,112,106
050,21,215,"Kentucky","Spencer County",5,70,200,99,101
050,21,215,"Kentucky","Spencer County",5,71,196,90,106
050,21,215,"Kentucky","Spencer County",5,72,179,83,96
050,21,215,"Kentucky","Spencer County",5,73,170,82,88
050,21,215,"Kentucky","Spencer County",5,74,172,86,86
050,21,215,"Kentucky","Spencer County",5,75,131,65,66
050,21,215,"Kentucky","Spencer County",5,76,166,81,85
050,21,215,"Kentucky","Spencer County",5,77,111,53,58
050,21,215,"Kentucky","Spencer County",5,78,115,55,60
050,21,215,"Kentucky","Spencer County",5,79,100,45,55
050,21,215,"Kentucky","Spencer County",5,80,86,39,47
050,21,215,"Kentucky","Spencer County",5,81,75,36,39
050,21,215,"Kentucky","Spencer County",5,82,60,30,30
050,21,215,"Kentucky","Spencer County",5,83,57,31,26
050,21,215,"Kentucky","Spencer County",5,84,45,21,24
050,21,215,"Kentucky","Spencer County",5,85,215,84,131
050,21,217,"Kentucky","Taylor County",1,0,309,159,150
050,21,217,"Kentucky","Taylor County",1,1,322,166,156
050,21,217,"Kentucky","Taylor County",1,2,348,181,167
050,21,217,"Kentucky","Taylor County",1,3,326,165,161
050,21,217,"Kentucky","Taylor County",1,4,324,164,160
050,21,217,"Kentucky","Taylor County",1,5,308,159,149
050,21,217,"Kentucky","Taylor County",1,6,345,167,178
050,21,217,"Kentucky","Taylor County",1,7,343,173,170
050,21,217,"Kentucky","Taylor County",1,8,300,162,138
050,21,217,"Kentucky","Taylor County",1,9,327,163,164
050,21,217,"Kentucky","Taylor County",1,10,343,182,161
050,21,217,"Kentucky","Taylor County",1,11,344,187,157
050,21,217,"Kentucky","Taylor County",1,12,356,185,171
050,21,217,"Kentucky","Taylor County",1,13,319,162,157
050,21,217,"Kentucky","Taylor County",1,14,315,160,155
050,21,217,"Kentucky","Taylor County",1,15,316,167,149
050,21,217,"Kentucky","Taylor County",1,16,319,153,166
050,21,217,"Kentucky","Taylor County",1,17,328,156,172
050,21,217,"Kentucky","Taylor County",1,18,452,229,223
050,21,217,"Kentucky","Taylor County",1,19,546,282,264
050,21,217,"Kentucky","Taylor County",1,20,463,228,235
050,21,217,"Kentucky","Taylor County",1,21,428,216,212
050,21,217,"Kentucky","Taylor County",1,22,356,183,173
050,21,217,"Kentucky","Taylor County",1,23,369,193,176
050,21,217,"Kentucky","Taylor County",1,24,374,199,175
050,21,217,"Kentucky","Taylor County",1,25,343,179,164
050,21,217,"Kentucky","Taylor County",1,26,287,151,136
050,21,217,"Kentucky","Taylor County",1,27,319,175,144
050,21,217,"Kentucky","Taylor County",1,28,302,150,152
050,21,217,"Kentucky","Taylor County",1,29,343,178,165
050,21,217,"Kentucky","Taylor County",1,30,334,157,177
050,21,217,"Kentucky","Taylor County",1,31,342,174,168
050,21,217,"Kentucky","Taylor County",1,32,301,162,139
050,21,217,"Kentucky","Taylor County",1,33,315,159,156
050,21,217,"Kentucky","Taylor County",1,34,318,161,157
050,21,217,"Kentucky","Taylor County",1,35,317,168,149
050,21,217,"Kentucky","Taylor County",1,36,308,151,157
050,21,217,"Kentucky","Taylor County",1,37,287,149,138
050,21,217,"Kentucky","Taylor County",1,38,287,153,134
050,21,217,"Kentucky","Taylor County",1,39,309,159,150
050,21,217,"Kentucky","Taylor County",1,40,322,167,155
050,21,217,"Kentucky","Taylor County",1,41,292,146,146
050,21,217,"Kentucky","Taylor County",1,42,274,132,142
050,21,217,"Kentucky","Taylor County",1,43,277,144,133
050,21,217,"Kentucky","Taylor County",1,44,238,124,114
050,21,217,"Kentucky","Taylor County",1,45,262,135,127
050,21,217,"Kentucky","Taylor County",1,46,244,127,117
050,21,217,"Kentucky","Taylor County",1,47,275,144,131
050,21,217,"Kentucky","Taylor County",1,48,266,127,139
050,21,217,"Kentucky","Taylor County",1,49,310,152,158
050,21,217,"Kentucky","Taylor County",1,50,289,140,149
050,21,217,"Kentucky","Taylor County",1,51,295,139,156
050,21,217,"Kentucky","Taylor County",1,52,322,168,154
050,21,217,"Kentucky","Taylor County",1,53,294,147,147
050,21,217,"Kentucky","Taylor County",1,54,310,139,171
050,21,217,"Kentucky","Taylor County",1,55,335,166,169
050,21,217,"Kentucky","Taylor County",1,56,336,167,169
050,21,217,"Kentucky","Taylor County",1,57,343,181,162
050,21,217,"Kentucky","Taylor County",1,58,374,179,195
050,21,217,"Kentucky","Taylor County",1,59,352,157,195
050,21,217,"Kentucky","Taylor County",1,60,358,169,189
050,21,217,"Kentucky","Taylor County",1,61,348,154,194
050,21,217,"Kentucky","Taylor County",1,62,351,159,192
050,21,217,"Kentucky","Taylor County",1,63,341,168,173
050,21,217,"Kentucky","Taylor County",1,64,347,163,184
050,21,217,"Kentucky","Taylor County",1,65,305,144,161
050,21,217,"Kentucky","Taylor County",1,66,314,145,169
050,21,217,"Kentucky","Taylor County",1,67,299,147,152
050,21,217,"Kentucky","Taylor County",1,68,274,131,143
050,21,217,"Kentucky","Taylor County",1,69,256,102,154
050,21,217,"Kentucky","Taylor County",1,70,288,124,164
050,21,217,"Kentucky","Taylor County",1,71,264,129,135
050,21,217,"Kentucky","Taylor County",1,72,276,139,137
050,21,217,"Kentucky","Taylor County",1,73,272,132,140
050,21,217,"Kentucky","Taylor County",1,74,204,79,125
050,21,217,"Kentucky","Taylor County",1,75,186,83,103
050,21,217,"Kentucky","Taylor County",1,76,171,81,90
050,21,217,"Kentucky","Taylor County",1,77,182,84,98
050,21,217,"Kentucky","Taylor County",1,78,155,66,89
050,21,217,"Kentucky","Taylor County",1,79,136,61,75
050,21,217,"Kentucky","Taylor County",1,80,156,70,86
050,21,217,"Kentucky","Taylor County",1,81,150,66,84
050,21,217,"Kentucky","Taylor County",1,82,125,51,74
050,21,217,"Kentucky","Taylor County",1,83,97,43,54
050,21,217,"Kentucky","Taylor County",1,84,93,35,58
050,21,217,"Kentucky","Taylor County",1,85,470,136,334
050,21,217,"Kentucky","Taylor County",2,0,307,161,146
050,21,217,"Kentucky","Taylor County",2,1,318,162,156
050,21,217,"Kentucky","Taylor County",2,2,337,174,163
050,21,217,"Kentucky","Taylor County",2,3,327,167,160
050,21,217,"Kentucky","Taylor County",2,4,327,165,162
050,21,217,"Kentucky","Taylor County",2,5,312,160,152
050,21,217,"Kentucky","Taylor County",2,6,335,165,170
050,21,217,"Kentucky","Taylor County",2,7,338,170,168
050,21,217,"Kentucky","Taylor County",2,8,310,165,145
050,21,217,"Kentucky","Taylor County",2,9,323,166,157
050,21,217,"Kentucky","Taylor County",2,10,339,178,161
050,21,217,"Kentucky","Taylor County",2,11,345,186,159
050,21,217,"Kentucky","Taylor County",2,12,353,185,168
050,21,217,"Kentucky","Taylor County",2,13,331,170,161
050,21,217,"Kentucky","Taylor County",2,14,319,163,156
050,21,217,"Kentucky","Taylor County",2,15,318,167,151
050,21,217,"Kentucky","Taylor County",2,16,320,158,162
050,21,217,"Kentucky","Taylor County",2,17,327,157,170
050,21,217,"Kentucky","Taylor County",2,18,446,221,225
050,21,217,"Kentucky","Taylor County",2,19,543,281,262
050,21,217,"Kentucky","Taylor County",2,20,465,228,237
050,21,217,"Kentucky","Taylor County",2,21,425,215,210
050,21,217,"Kentucky","Taylor County",2,22,357,181,176
050,21,217,"Kentucky","Taylor County",2,23,366,191,175
050,21,217,"Kentucky","Taylor County",2,24,370,196,174
050,21,217,"Kentucky","Taylor County",2,25,343,179,164
050,21,217,"Kentucky","Taylor County",2,26,299,156,143
050,21,217,"Kentucky","Taylor County",2,27,304,163,141
050,21,217,"Kentucky","Taylor County",2,28,302,154,148
050,21,217,"Kentucky","Taylor County",2,29,335,171,164
050,21,217,"Kentucky","Taylor County",2,30,338,162,176
050,21,217,"Kentucky","Taylor County",2,31,336,169,167
050,21,217,"Kentucky","Taylor County",2,32,310,164,146
050,21,217,"Kentucky","Taylor County",2,33,312,160,152
050,21,217,"Kentucky","Taylor County",2,34,319,161,158
050,21,217,"Kentucky","Taylor County",2,35,321,167,154
050,21,217,"Kentucky","Taylor County",2,36,308,154,154
050,21,217,"Kentucky","Taylor County",2,37,292,150,142
050,21,217,"Kentucky","Taylor County",2,38,286,151,135
050,21,217,"Kentucky","Taylor County",2,39,304,158,146
050,21,217,"Kentucky","Taylor County",2,40,323,168,155
050,21,217,"Kentucky","Taylor County",2,41,298,151,147
050,21,217,"Kentucky","Taylor County",2,42,276,133,143
050,21,217,"Kentucky","Taylor County",2,43,280,144,136
050,21,217,"Kentucky","Taylor County",2,44,247,130,117
050,21,217,"Kentucky","Taylor County",2,45,260,134,126
050,21,217,"Kentucky","Taylor County",2,46,248,129,119
050,21,217,"Kentucky","Taylor County",2,47,267,139,128
050,21,217,"Kentucky","Taylor County",2,48,264,129,135
050,21,217,"Kentucky","Taylor County",2,49,301,149,152
050,21,217,"Kentucky","Taylor County",2,50,296,143,153
050,21,217,"Kentucky","Taylor County",2,51,294,139,155
050,21,217,"Kentucky","Taylor County",2,52,312,159,153
050,21,217,"Kentucky","Taylor County",2,53,299,150,149
050,21,217,"Kentucky","Taylor County",2,54,306,142,164
050,21,217,"Kentucky","Taylor County",2,55,328,160,168
050,21,217,"Kentucky","Taylor County",2,56,336,166,170
050,21,217,"Kentucky","Taylor County",2,57,339,174,165
050,21,217,"Kentucky","Taylor County",2,58,366,179,187
050,21,217,"Kentucky","Taylor County",2,59,357,162,195
050,21,217,"Kentucky","Taylor County",2,60,355,166,189
050,21,217,"Kentucky","Taylor County",2,61,350,157,193
050,21,217,"Kentucky","Taylor County",2,62,353,160,193
050,21,217,"Kentucky","Taylor County",2,63,347,167,180
050,21,217,"Kentucky","Taylor County",2,64,343,163,180
050,21,217,"Kentucky","Taylor County",2,65,312,147,165
050,21,217,"Kentucky","Taylor County",2,66,312,143,169
050,21,217,"Kentucky","Taylor County",2,67,301,145,156
050,21,217,"Kentucky","Taylor County",2,68,278,134,144
050,21,217,"Kentucky","Taylor County",2,69,261,110,151
050,21,217,"Kentucky","Taylor County",2,70,280,117,163
050,21,217,"Kentucky","Taylor County",2,71,267,126,141
050,21,217,"Kentucky","Taylor County",2,72,268,135,133
050,21,217,"Kentucky","Taylor County",2,73,286,140,146
050,21,217,"Kentucky","Taylor County",2,74,206,85,121
050,21,217,"Kentucky","Taylor County",2,75,190,82,108
050,21,217,"Kentucky","Taylor County",2,76,173,80,93
050,21,217,"Kentucky","Taylor County",2,77,181,83,98
050,21,217,"Kentucky","Taylor County",2,78,156,68,88
050,21,217,"Kentucky","Taylor County",2,79,136,60,76
050,21,217,"Kentucky","Taylor County",2,80,150,68,82
050,21,217,"Kentucky","Taylor County",2,81,149,67,82
050,21,217,"Kentucky","Taylor County",2,82,127,52,75
050,21,217,"Kentucky","Taylor County",2,83,101,45,56
050,21,217,"Kentucky","Taylor County",2,84,92,36,56
050,21,217,"Kentucky","Taylor County",2,85,462,133,329
050,21,217,"Kentucky","Taylor County",3,0,320,154,166
050,21,217,"Kentucky","Taylor County",3,1,330,179,151
050,21,217,"Kentucky","Taylor County",3,2,326,166,160
050,21,217,"Kentucky","Taylor County",3,3,317,166,151
050,21,217,"Kentucky","Taylor County",3,4,334,167,167
050,21,217,"Kentucky","Taylor County",3,5,330,165,165
050,21,217,"Kentucky","Taylor County",3,6,330,173,157
050,21,217,"Kentucky","Taylor County",3,7,340,165,175
050,21,217,"Kentucky","Taylor County",3,8,341,173,168
050,21,217,"Kentucky","Taylor County",3,9,311,169,142
050,21,217,"Kentucky","Taylor County",3,10,317,163,154
050,21,217,"Kentucky","Taylor County",3,11,342,176,166
050,21,217,"Kentucky","Taylor County",3,12,343,187,156
050,21,217,"Kentucky","Taylor County",3,13,366,195,171
050,21,217,"Kentucky","Taylor County",3,14,325,167,158
050,21,217,"Kentucky","Taylor County",3,15,318,162,156
050,21,217,"Kentucky","Taylor County",3,16,330,176,154
050,21,217,"Kentucky","Taylor County",3,17,326,157,169
050,21,217,"Kentucky","Taylor County",3,18,440,213,227
050,21,217,"Kentucky","Taylor County",3,19,519,271,248
050,21,217,"Kentucky","Taylor County",3,20,452,220,232
050,21,217,"Kentucky","Taylor County",3,21,407,199,208
050,21,217,"Kentucky","Taylor County",3,22,374,192,182
050,21,217,"Kentucky","Taylor County",3,23,356,175,181
050,21,217,"Kentucky","Taylor County",3,24,357,190,167
050,21,217,"Kentucky","Taylor County",3,25,364,200,164
050,21,217,"Kentucky","Taylor County",3,26,342,174,168
050,21,217,"Kentucky","Taylor County",3,27,305,157,148
050,21,217,"Kentucky","Taylor County",3,28,308,169,139
050,21,217,"Kentucky","Taylor County",3,29,322,164,158
050,21,217,"Kentucky","Taylor County",3,30,345,177,168
050,21,217,"Kentucky","Taylor County",3,31,353,168,185
050,21,217,"Kentucky","Taylor County",3,32,334,164,170
050,21,217,"Kentucky","Taylor County",3,33,307,164,143
050,21,217,"Kentucky","Taylor County",3,34,313,162,151
050,21,217,"Kentucky","Taylor County",3,35,328,167,161
050,21,217,"Kentucky","Taylor County",3,36,324,169,155
050,21,217,"Kentucky","Taylor County",3,37,309,160,149
050,21,217,"Kentucky","Taylor County",3,38,280,140,140
050,21,217,"Kentucky","Taylor County",3,39,290,149,141
050,21,217,"Kentucky","Taylor County",3,40,307,160,147
050,21,217,"Kentucky","Taylor County",3,41,316,162,154
050,21,217,"Kentucky","Taylor County",3,42,287,146,141
050,21,217,"Kentucky","Taylor County",3,43,285,142,143
050,21,217,"Kentucky","Taylor County",3,44,282,145,137
050,21,217,"Kentucky","Taylor County",3,45,259,134,125
050,21,217,"Kentucky","Taylor County",3,46,270,136,134
050,21,217,"Kentucky","Taylor County",3,47,253,137,116
050,21,217,"Kentucky","Taylor County",3,48,263,134,129
050,21,217,"Kentucky","Taylor County",3,49,268,132,136
050,21,217,"Kentucky","Taylor County",3,50,302,151,151
050,21,217,"Kentucky","Taylor County",3,51,299,143,156
050,21,217,"Kentucky","Taylor County",3,52,291,146,145
050,21,217,"Kentucky","Taylor County",3,53,309,147,162
050,21,217,"Kentucky","Taylor County",3,54,303,151,152
050,21,217,"Kentucky","Taylor County",3,55,323,150,173
050,21,217,"Kentucky","Taylor County",3,56,333,160,173
050,21,217,"Kentucky","Taylor County",3,57,341,164,177
050,21,217,"Kentucky","Taylor County",3,58,333,171,162
050,21,217,"Kentucky","Taylor County",3,59,365,176,189
050,21,217,"Kentucky","Taylor County",3,60,351,157,194
050,21,217,"Kentucky","Taylor County",3,61,342,156,186
050,21,217,"Kentucky","Taylor County",3,62,352,158,194
050,21,217,"Kentucky","Taylor County",3,63,353,161,192
050,21,217,"Kentucky","Taylor County",3,64,351,172,179
050,21,217,"Kentucky","Taylor County",3,65,342,165,177
050,21,217,"Kentucky","Taylor County",3,66,301,140,161
050,21,217,"Kentucky","Taylor County",3,67,307,141,166
050,21,217,"Kentucky","Taylor County",3,68,296,138,158
050,21,217,"Kentucky","Taylor County",3,69,274,134,140
050,21,217,"Kentucky","Taylor County",3,70,272,112,160
050,21,217,"Kentucky","Taylor County",3,71,272,116,156
050,21,217,"Kentucky","Taylor County",3,72,272,130,142
050,21,217,"Kentucky","Taylor County",3,73,252,130,122
050,21,217,"Kentucky","Taylor County",3,74,279,134,145
050,21,217,"Kentucky","Taylor County",3,75,197,84,113
050,21,217,"Kentucky","Taylor County",3,76,173,78,95
050,21,217,"Kentucky","Taylor County",3,77,173,77,96
050,21,217,"Kentucky","Taylor County",3,78,175,78,97
050,21,217,"Kentucky","Taylor County",3,79,137,59,78
050,21,217,"Kentucky","Taylor County",3,80,138,58,80
050,21,217,"Kentucky","Taylor County",3,81,141,68,73
050,21,217,"Kentucky","Taylor County",3,82,127,52,75
050,21,217,"Kentucky","Taylor County",3,83,114,46,68
050,21,217,"Kentucky","Taylor County",3,84,92,38,54
050,21,217,"Kentucky","Taylor County",3,85,440,130,310
050,21,217,"Kentucky","Taylor County",4,0,321,160,161
050,21,217,"Kentucky","Taylor County",4,1,332,161,171
050,21,217,"Kentucky","Taylor County",4,2,321,171,150
050,21,217,"Kentucky","Taylor County",4,3,324,164,160
050,21,217,"Kentucky","Taylor County",4,4,310,162,148
050,21,217,"Kentucky","Taylor County",4,5,336,172,164
050,21,217,"Kentucky","Taylor County",4,6,333,160,173
050,21,217,"Kentucky","Taylor County",4,7,341,180,161
050,21,217,"Kentucky","Taylor County",4,8,356,174,182
050,21,217,"Kentucky","Taylor County",4,9,356,176,180
050,21,217,"Kentucky","Taylor County",4,10,312,175,137
050,21,217,"Kentucky","Taylor County",4,11,321,164,157
050,21,217,"Kentucky","Taylor County",4,12,356,186,170
050,21,217,"Kentucky","Taylor County",4,13,350,190,160
050,21,217,"Kentucky","Taylor County",4,14,372,201,171
050,21,217,"Kentucky","Taylor County",4,15,340,180,160
050,21,217,"Kentucky","Taylor County",4,16,322,166,156
050,21,217,"Kentucky","Taylor County",4,17,342,181,161
050,21,217,"Kentucky","Taylor County",4,18,446,209,237
050,21,217,"Kentucky","Taylor County",4,19,545,276,269
050,21,217,"Kentucky","Taylor County",4,20,458,230,228
050,21,217,"Kentucky","Taylor County",4,21,452,224,228
050,21,217,"Kentucky","Taylor County",4,22,362,175,187
050,21,217,"Kentucky","Taylor County",4,23,379,200,179
050,21,217,"Kentucky","Taylor County",4,24,351,179,172
050,21,217,"Kentucky","Taylor County",4,25,360,195,165
050,21,217,"Kentucky","Taylor County",4,26,340,184,156
050,21,217,"Kentucky","Taylor County",4,27,341,172,169
050,21,217,"Kentucky","Taylor County",4,28,312,155,157
050,21,217,"Kentucky","Taylor County",4,29,329,184,145
050,21,217,"Kentucky","Taylor County",4,30,317,159,158
050,21,217,"Kentucky","Taylor County",4,31,337,173,164
050,21,217,"Kentucky","Taylor County",4,32,349,164,185
050,21,217,"Kentucky","Taylor County",4,33,332,162,170
050,21,217,"Kentucky","Taylor County",4,34,305,162,143
050,21,217,"Kentucky","Taylor County",4,35,322,168,154
050,21,217,"Kentucky","Taylor County",4,36,319,169,150
050,21,217,"Kentucky","Taylor County",4,37,333,174,159
050,21,217,"Kentucky","Taylor County",4,38,300,153,147
050,21,217,"Kentucky","Taylor County",4,39,289,152,137
050,21,217,"Kentucky","Taylor County",4,40,286,152,134
050,21,217,"Kentucky","Taylor County",4,41,292,152,140
050,21,217,"Kentucky","Taylor County",4,42,319,161,158
050,21,217,"Kentucky","Taylor County",4,43,276,135,141
050,21,217,"Kentucky","Taylor County",4,44,283,139,144
050,21,217,"Kentucky","Taylor County",4,45,297,146,151
050,21,217,"Kentucky","Taylor County",4,46,259,128,131
050,21,217,"Kentucky","Taylor County",4,47,265,134,131
050,21,217,"Kentucky","Taylor County",4,48,256,138,118
050,21,217,"Kentucky","Taylor County",4,49,269,145,124
050,21,217,"Kentucky","Taylor County",4,50,275,137,138
050,21,217,"Kentucky","Taylor County",4,51,296,146,150
050,21,217,"Kentucky","Taylor County",4,52,291,134,157
050,21,217,"Kentucky","Taylor County",4,53,286,144,142
050,21,217,"Kentucky","Taylor County",4,54,314,147,167
050,21,217,"Kentucky","Taylor County",4,55,305,153,152
050,21,217,"Kentucky","Taylor County",4,56,317,147,170
050,21,217,"Kentucky","Taylor County",4,57,329,161,168
050,21,217,"Kentucky","Taylor County",4,58,329,157,172
050,21,217,"Kentucky","Taylor County",4,59,340,174,166
050,21,217,"Kentucky","Taylor County",4,60,369,177,192
050,21,217,"Kentucky","Taylor County",4,61,352,153,199
050,21,217,"Kentucky","Taylor County",4,62,349,164,185
050,21,217,"Kentucky","Taylor County",4,63,352,161,191
050,21,217,"Kentucky","Taylor County",4,64,353,158,195
050,21,217,"Kentucky","Taylor County",4,65,357,170,187
050,21,217,"Kentucky","Taylor County",4,66,336,160,176
050,21,217,"Kentucky","Taylor County",4,67,289,134,155
050,21,217,"Kentucky","Taylor County",4,68,293,134,159
050,21,217,"Kentucky","Taylor County",4,69,292,136,156
050,21,217,"Kentucky","Taylor County",4,70,276,132,144
050,21,217,"Kentucky","Taylor County",4,71,264,114,150
050,21,217,"Kentucky","Taylor County",4,72,270,116,154
050,21,217,"Kentucky","Taylor County",4,73,260,128,132
050,21,217,"Kentucky","Taylor County",4,74,243,118,125
050,21,217,"Kentucky","Taylor County",4,75,275,135,140
050,21,217,"Kentucky","Taylor County",4,76,177,78,99
050,21,217,"Kentucky","Taylor County",4,77,168,73,95
050,21,217,"Kentucky","Taylor County",4,78,162,69,93
050,21,217,"Kentucky","Taylor County",4,79,147,60,87
050,21,217,"Kentucky","Taylor County",4,80,131,53,78
050,21,217,"Kentucky","Taylor County",4,81,129,61,68
050,21,217,"Kentucky","Taylor County",4,82,126,56,70
050,21,217,"Kentucky","Taylor County",4,83,109,43,66
050,21,217,"Kentucky","Taylor County",4,84,97,38,59
050,21,217,"Kentucky","Taylor County",4,85,413,126,287
050,21,217,"Kentucky","Taylor County",5,0,322,160,162
050,21,217,"Kentucky","Taylor County",5,1,297,153,144
050,21,217,"Kentucky","Taylor County",5,2,338,155,183
050,21,217,"Kentucky","Taylor County",5,3,332,182,150
050,21,217,"Kentucky","Taylor County",5,4,330,174,156
050,21,217,"Kentucky","Taylor County",5,5,314,174,140
050,21,217,"Kentucky","Taylor County",5,6,324,169,155
050,21,217,"Kentucky","Taylor County",5,7,336,166,170
050,21,217,"Kentucky","Taylor County",5,8,340,174,166
050,21,217,"Kentucky","Taylor County",5,9,356,172,184
050,21,217,"Kentucky","Taylor County",5,10,359,176,183
050,21,217,"Kentucky","Taylor County",5,11,323,185,138
050,21,217,"Kentucky","Taylor County",5,12,326,164,162
050,21,217,"Kentucky","Taylor County",5,13,359,190,169
050,21,217,"Kentucky","Taylor County",5,14,358,193,165
050,21,217,"Kentucky","Taylor County",5,15,366,203,163
050,21,217,"Kentucky","Taylor County",5,16,347,186,161
050,21,217,"Kentucky","Taylor County",5,17,330,166,164
050,21,217,"Kentucky","Taylor County",5,18,461,239,222
050,21,217,"Kentucky","Taylor County",5,19,539,273,266
050,21,217,"Kentucky","Taylor County",5,20,467,222,245
050,21,217,"Kentucky","Taylor County",5,21,422,213,209
050,21,217,"Kentucky","Taylor County",5,22,394,193,201
050,21,217,"Kentucky","Taylor County",5,23,362,178,184
050,21,217,"Kentucky","Taylor County",5,24,364,189,175
050,21,217,"Kentucky","Taylor County",5,25,337,167,170
050,21,217,"Kentucky","Taylor County",5,26,352,183,169
050,21,217,"Kentucky","Taylor County",5,27,323,170,153
050,21,217,"Kentucky","Taylor County",5,28,321,164,157
050,21,217,"Kentucky","Taylor County",5,29,318,164,154
050,21,217,"Kentucky","Taylor County",5,30,311,165,146
050,21,217,"Kentucky","Taylor County",5,31,300,150,150
050,21,217,"Kentucky","Taylor County",5,32,326,162,164
050,21,217,"Kentucky","Taylor County",5,33,354,164,190
050,21,217,"Kentucky","Taylor County",5,34,326,161,165
050,21,217,"Kentucky","Taylor County",5,35,306,155,151
050,21,217,"Kentucky","Taylor County",5,36,339,173,166
050,21,217,"Kentucky","Taylor County",5,37,326,169,157
050,21,217,"Kentucky","Taylor County",5,38,325,174,151
050,21,217,"Kentucky","Taylor County",5,39,297,155,142
050,21,217,"Kentucky","Taylor County",5,40,282,142,140
050,21,217,"Kentucky","Taylor County",5,41,292,158,134
050,21,217,"Kentucky","Taylor County",5,42,292,148,144
050,21,217,"Kentucky","Taylor County",5,43,322,162,160
050,21,217,"Kentucky","Taylor County",5,44,281,138,143
050,21,217,"Kentucky","Taylor County",5,45,289,141,148
050,21,217,"Kentucky","Taylor County",5,46,296,142,154
050,21,217,"Kentucky","Taylor County",5,47,250,128,122
050,21,217,"Kentucky","Taylor County",5,48,262,128,134
050,21,217,"Kentucky","Taylor County",5,49,263,142,121
050,21,217,"Kentucky","Taylor County",5,50,275,143,132
050,21,217,"Kentucky","Taylor County",5,51,281,138,143
050,21,217,"Kentucky","Taylor County",5,52,292,145,147
050,21,217,"Kentucky","Taylor County",5,53,293,134,159
050,21,217,"Kentucky","Taylor County",5,54,295,149,146
050,21,217,"Kentucky","Taylor County",5,55,318,147,171
050,21,217,"Kentucky","Taylor County",5,56,307,153,154
050,21,217,"Kentucky","Taylor County",5,57,323,149,174
050,21,217,"Kentucky","Taylor County",5,58,325,155,170
050,21,217,"Kentucky","Taylor County",5,59,328,156,172
050,21,217,"Kentucky","Taylor County",5,60,333,172,161
050,21,217,"Kentucky","Taylor County",5,61,373,176,197
050,21,217,"Kentucky","Taylor County",5,62,350,152,198
050,21,217,"Kentucky","Taylor County",5,63,356,172,184
050,21,217,"Kentucky","Taylor County",5,64,339,149,190
050,21,217,"Kentucky","Taylor County",5,65,358,158,200
050,21,217,"Kentucky","Taylor County",5,66,356,167,189
050,21,217,"Kentucky","Taylor County",5,67,328,156,172
050,21,217,"Kentucky","Taylor County",5,68,279,128,151
050,21,217,"Kentucky","Taylor County",5,69,287,128,159
050,21,217,"Kentucky","Taylor County",5,70,295,134,161
050,21,217,"Kentucky","Taylor County",5,71,269,133,136
050,21,217,"Kentucky","Taylor County",5,72,266,115,151
050,21,217,"Kentucky","Taylor County",5,73,262,117,145
050,21,217,"Kentucky","Taylor County",5,74,255,121,134
050,21,217,"Kentucky","Taylor County",5,75,240,118,122
050,21,217,"Kentucky","Taylor County",5,76,254,126,128
050,21,217,"Kentucky","Taylor County",5,77,169,72,97
050,21,217,"Kentucky","Taylor County",5,78,159,67,92
050,21,217,"Kentucky","Taylor County",5,79,137,55,82
050,21,217,"Kentucky","Taylor County",5,80,141,53,88
050,21,217,"Kentucky","Taylor County",5,81,123,56,67
050,21,217,"Kentucky","Taylor County",5,82,109,47,62
050,21,217,"Kentucky","Taylor County",5,83,107,46,61
050,21,217,"Kentucky","Taylor County",5,84,93,36,57
050,21,217,"Kentucky","Taylor County",5,85,412,128,284
050,21,219,"Kentucky","Todd County",1,0,166,85,81
050,21,219,"Kentucky","Todd County",1,1,177,100,77
050,21,219,"Kentucky","Todd County",1,2,182,106,76
050,21,219,"Kentucky","Todd County",1,3,164,79,85
050,21,219,"Kentucky","Todd County",1,4,192,93,99
050,21,219,"Kentucky","Todd County",1,5,180,86,94
050,21,219,"Kentucky","Todd County",1,6,164,91,73
050,21,219,"Kentucky","Todd County",1,7,202,105,97
050,21,219,"Kentucky","Todd County",1,8,171,81,90
050,21,219,"Kentucky","Todd County",1,9,164,76,88
050,21,219,"Kentucky","Todd County",1,10,182,91,91
050,21,219,"Kentucky","Todd County",1,11,182,95,87
050,21,219,"Kentucky","Todd County",1,12,195,97,98
050,21,219,"Kentucky","Todd County",1,13,214,106,108
050,21,219,"Kentucky","Todd County",1,14,218,115,103
050,21,219,"Kentucky","Todd County",1,15,192,99,93
050,21,219,"Kentucky","Todd County",1,16,176,89,87
050,21,219,"Kentucky","Todd County",1,17,187,95,92
050,21,219,"Kentucky","Todd County",1,18,159,93,66
050,21,219,"Kentucky","Todd County",1,19,126,67,59
050,21,219,"Kentucky","Todd County",1,20,142,78,64
050,21,219,"Kentucky","Todd County",1,21,139,74,65
050,21,219,"Kentucky","Todd County",1,22,149,75,74
050,21,219,"Kentucky","Todd County",1,23,144,75,69
050,21,219,"Kentucky","Todd County",1,24,139,68,71
050,21,219,"Kentucky","Todd County",1,25,144,79,65
050,21,219,"Kentucky","Todd County",1,26,136,67,69
050,21,219,"Kentucky","Todd County",1,27,130,69,61
050,21,219,"Kentucky","Todd County",1,28,137,73,64
050,21,219,"Kentucky","Todd County",1,29,132,70,62
050,21,219,"Kentucky","Todd County",1,30,159,74,85
050,21,219,"Kentucky","Todd County",1,31,142,59,83
050,21,219,"Kentucky","Todd County",1,32,138,62,76
050,21,219,"Kentucky","Todd County",1,33,126,63,63
050,21,219,"Kentucky","Todd County",1,34,156,82,74
050,21,219,"Kentucky","Todd County",1,35,152,75,77
050,21,219,"Kentucky","Todd County",1,36,137,77,60
050,21,219,"Kentucky","Todd County",1,37,129,70,59
050,21,219,"Kentucky","Todd County",1,38,135,64,71
050,21,219,"Kentucky","Todd County",1,39,126,61,65
050,21,219,"Kentucky","Todd County",1,40,159,81,78
050,21,219,"Kentucky","Todd County",1,41,152,69,83
050,21,219,"Kentucky","Todd County",1,42,140,70,70
050,21,219,"Kentucky","Todd County",1,43,148,77,71
050,21,219,"Kentucky","Todd County",1,44,147,77,70
050,21,219,"Kentucky","Todd County",1,45,142,71,71
050,21,219,"Kentucky","Todd County",1,46,150,69,81
050,21,219,"Kentucky","Todd County",1,47,151,77,74
050,21,219,"Kentucky","Todd County",1,48,150,73,77
050,21,219,"Kentucky","Todd County",1,49,147,76,71
050,21,219,"Kentucky","Todd County",1,50,147,77,70
050,21,219,"Kentucky","Todd County",1,51,150,70,80
050,21,219,"Kentucky","Todd County",1,52,140,67,73
050,21,219,"Kentucky","Todd County",1,53,158,81,77
050,21,219,"Kentucky","Todd County",1,54,159,82,77
050,21,219,"Kentucky","Todd County",1,55,175,97,78
050,21,219,"Kentucky","Todd County",1,56,173,91,82
050,21,219,"Kentucky","Todd County",1,57,169,87,82
050,21,219,"Kentucky","Todd County",1,58,167,71,96
050,21,219,"Kentucky","Todd County",1,59,170,87,83
050,21,219,"Kentucky","Todd County",1,60,157,85,72
050,21,219,"Kentucky","Todd County",1,61,153,81,72
050,21,219,"Kentucky","Todd County",1,62,174,84,90
050,21,219,"Kentucky","Todd County",1,63,156,81,75
050,21,219,"Kentucky","Todd County",1,64,144,83,61
050,21,219,"Kentucky","Todd County",1,65,146,87,59
050,21,219,"Kentucky","Todd County",1,66,127,64,63
050,21,219,"Kentucky","Todd County",1,67,141,68,73
050,21,219,"Kentucky","Todd County",1,68,130,62,68
050,21,219,"Kentucky","Todd County",1,69,116,50,66
050,21,219,"Kentucky","Todd County",1,70,112,57,55
050,21,219,"Kentucky","Todd County",1,71,112,52,60
050,21,219,"Kentucky","Todd County",1,72,115,62,53
050,21,219,"Kentucky","Todd County",1,73,105,51,54
050,21,219,"Kentucky","Todd County",1,74,81,39,42
050,21,219,"Kentucky","Todd County",1,75,78,41,37
050,21,219,"Kentucky","Todd County",1,76,92,45,47
050,21,219,"Kentucky","Todd County",1,77,78,37,41
050,21,219,"Kentucky","Todd County",1,78,69,34,35
050,21,219,"Kentucky","Todd County",1,79,52,25,27
050,21,219,"Kentucky","Todd County",1,80,59,25,34
050,21,219,"Kentucky","Todd County",1,81,42,18,24
050,21,219,"Kentucky","Todd County",1,82,38,18,20
050,21,219,"Kentucky","Todd County",1,83,43,25,18
050,21,219,"Kentucky","Todd County",1,84,40,21,19
050,21,219,"Kentucky","Todd County",1,85,209,64,145
050,21,219,"Kentucky","Todd County",2,0,170,88,82
050,21,219,"Kentucky","Todd County",2,1,174,97,77
050,21,219,"Kentucky","Todd County",2,2,182,105,77
050,21,219,"Kentucky","Todd County",2,3,167,85,82
050,21,219,"Kentucky","Todd County",2,4,189,92,97
050,21,219,"Kentucky","Todd County",2,5,182,88,94
050,21,219,"Kentucky","Todd County",2,6,168,91,77
050,21,219,"Kentucky","Todd County",2,7,194,102,92
050,21,219,"Kentucky","Todd County",2,8,180,88,92
050,21,219,"Kentucky","Todd County",2,9,169,80,89
050,21,219,"Kentucky","Todd County",2,10,180,89,91
050,21,219,"Kentucky","Todd County",2,11,182,94,88
050,21,219,"Kentucky","Todd County",2,12,194,98,96
050,21,219,"Kentucky","Todd County",2,13,211,104,107
050,21,219,"Kentucky","Todd County",2,14,219,114,105
050,21,219,"Kentucky","Todd County",2,15,200,103,97
050,21,219,"Kentucky","Todd County",2,16,181,92,89
050,21,219,"Kentucky","Todd County",2,17,184,95,89
050,21,219,"Kentucky","Todd County",2,18,159,92,67
050,21,219,"Kentucky","Todd County",2,19,125,69,56
050,21,219,"Kentucky","Todd County",2,20,144,80,64
050,21,219,"Kentucky","Todd County",2,21,140,74,66
050,21,219,"Kentucky","Todd County",2,22,147,74,73
050,21,219,"Kentucky","Todd County",2,23,146,75,71
050,21,219,"Kentucky","Todd County",2,24,142,71,71
050,21,219,"Kentucky","Todd County",2,25,142,76,66
050,21,219,"Kentucky","Todd County",2,26,141,72,69
050,21,219,"Kentucky","Todd County",2,27,131,68,63
050,21,219,"Kentucky","Todd County",2,28,134,70,64
050,21,219,"Kentucky","Todd County",2,29,133,71,62
050,21,219,"Kentucky","Todd County",2,30,153,73,80
050,21,219,"Kentucky","Todd County",2,31,146,63,83
050,21,219,"Kentucky","Todd County",2,32,144,64,80
050,21,219,"Kentucky","Todd County",2,33,130,64,66
050,21,219,"Kentucky","Todd County",2,34,149,77,72
050,21,219,"Kentucky","Todd County",2,35,152,77,75
050,21,219,"Kentucky","Todd County",2,36,139,76,63
050,21,219,"Kentucky","Todd County",2,37,131,70,61
050,21,219,"Kentucky","Todd County",2,38,131,65,66
050,21,219,"Kentucky","Todd County",2,39,128,62,66
050,21,219,"Kentucky","Todd County",2,40,153,77,76
050,21,219,"Kentucky","Todd County",2,41,155,73,82
050,21,219,"Kentucky","Todd County",2,42,143,69,74
050,21,219,"Kentucky","Todd County",2,43,149,76,73
050,21,219,"Kentucky","Todd County",2,44,145,76,69
050,21,219,"Kentucky","Todd County",2,45,143,73,70
050,21,219,"Kentucky","Todd County",2,46,146,68,78
050,21,219,"Kentucky","Todd County",2,47,148,74,74
050,21,219,"Kentucky","Todd County",2,48,149,73,76
050,21,219,"Kentucky","Todd County",2,49,149,76,73
050,21,219,"Kentucky","Todd County",2,50,150,78,72
050,21,219,"Kentucky","Todd County",2,51,148,72,76
050,21,219,"Kentucky","Todd County",2,52,143,70,73
050,21,219,"Kentucky","Todd County",2,53,155,78,77
050,21,219,"Kentucky","Todd County",2,54,159,82,77
050,21,219,"Kentucky","Todd County",2,55,171,94,77
050,21,219,"Kentucky","Todd County",2,56,175,93,82
050,21,219,"Kentucky","Todd County",2,57,171,89,82
050,21,219,"Kentucky","Todd County",2,58,168,76,92
050,21,219,"Kentucky","Todd County",2,59,167,82,85
050,21,219,"Kentucky","Todd County",2,60,159,85,74
050,21,219,"Kentucky","Todd County",2,61,155,83,72
050,21,219,"Kentucky","Todd County",2,62,170,84,86
050,21,219,"Kentucky","Todd County",2,63,161,82,79
050,21,219,"Kentucky","Todd County",2,64,145,81,64
050,21,219,"Kentucky","Todd County",2,65,144,86,58
050,21,219,"Kentucky","Todd County",2,66,134,70,64
050,21,219,"Kentucky","Todd County",2,67,137,66,71
050,21,219,"Kentucky","Todd County",2,68,133,63,70
050,21,219,"Kentucky","Todd County",2,69,119,53,66
050,21,219,"Kentucky","Todd County",2,70,111,54,57
050,21,219,"Kentucky","Todd County",2,71,113,54,59
050,21,219,"Kentucky","Todd County",2,72,113,59,54
050,21,219,"Kentucky","Todd County",2,73,114,56,58
050,21,219,"Kentucky","Todd County",2,74,82,40,42
050,21,219,"Kentucky","Todd County",2,75,78,40,38
050,21,219,"Kentucky","Todd County",2,76,87,42,45
050,21,219,"Kentucky","Todd County",2,77,82,40,42
050,21,219,"Kentucky","Todd County",2,78,68,33,35
050,21,219,"Kentucky","Todd County",2,79,55,27,28
050,21,219,"Kentucky","Todd County",2,80,55,23,32
050,21,219,"Kentucky","Todd County",2,81,46,20,26
050,21,219,"Kentucky","Todd County",2,82,39,18,21
050,21,219,"Kentucky","Todd County",2,83,40,22,18
050,21,219,"Kentucky","Todd County",2,84,41,22,19
050,21,219,"Kentucky","Todd County",2,85,207,65,142
050,21,219,"Kentucky","Todd County",3,0,172,92,80
050,21,219,"Kentucky","Todd County",3,1,186,101,85
050,21,219,"Kentucky","Todd County",3,2,172,92,80
050,21,219,"Kentucky","Todd County",3,3,188,104,84
050,21,219,"Kentucky","Todd County",3,4,166,83,83
050,21,219,"Kentucky","Todd County",3,5,192,93,99
050,21,219,"Kentucky","Todd County",3,6,189,90,99
050,21,219,"Kentucky","Todd County",3,7,168,93,75
050,21,219,"Kentucky","Todd County",3,8,194,100,94
050,21,219,"Kentucky","Todd County",3,9,172,81,91
050,21,219,"Kentucky","Todd County",3,10,170,79,91
050,21,219,"Kentucky","Todd County",3,11,184,92,92
050,21,219,"Kentucky","Todd County",3,12,183,91,92
050,21,219,"Kentucky","Todd County",3,13,196,101,95
050,21,219,"Kentucky","Todd County",3,14,217,106,111
050,21,219,"Kentucky","Todd County",3,15,205,113,92
050,21,219,"Kentucky","Todd County",3,16,206,110,96
050,21,219,"Kentucky","Todd County",3,17,180,91,89
050,21,219,"Kentucky","Todd County",3,18,166,93,73
050,21,219,"Kentucky","Todd County",3,19,124,70,54
050,21,219,"Kentucky","Todd County",3,20,143,75,68
050,21,219,"Kentucky","Todd County",3,21,132,71,61
050,21,219,"Kentucky","Todd County",3,22,149,79,70
050,21,219,"Kentucky","Todd County",3,23,149,77,72
050,21,219,"Kentucky","Todd County",3,24,138,71,67
050,21,219,"Kentucky","Todd County",3,25,130,64,66
050,21,219,"Kentucky","Todd County",3,26,145,81,64
050,21,219,"Kentucky","Todd County",3,27,138,65,73
050,21,219,"Kentucky","Todd County",3,28,132,72,60
050,21,219,"Kentucky","Todd County",3,29,137,67,70
050,21,219,"Kentucky","Todd County",3,30,132,69,63
050,21,219,"Kentucky","Todd County",3,31,159,75,84
050,21,219,"Kentucky","Todd County",3,32,148,66,82
050,21,219,"Kentucky","Todd County",3,33,147,61,86
050,21,219,"Kentucky","Todd County",3,34,142,72,70
050,21,219,"Kentucky","Todd County",3,35,147,74,73
050,21,219,"Kentucky","Todd County",3,36,155,82,73
050,21,219,"Kentucky","Todd County",3,37,131,67,64
050,21,219,"Kentucky","Todd County",3,38,125,73,52
050,21,219,"Kentucky","Todd County",3,39,126,60,66
050,21,219,"Kentucky","Todd County",3,40,131,64,67
050,21,219,"Kentucky","Todd County",3,41,156,82,74
050,21,219,"Kentucky","Todd County",3,42,149,67,82
050,21,219,"Kentucky","Todd County",3,43,153,69,84
050,21,219,"Kentucky","Todd County",3,44,140,72,68
050,21,219,"Kentucky","Todd County",3,45,147,79,68
050,21,219,"Kentucky","Todd County",3,46,144,73,71
050,21,219,"Kentucky","Todd County",3,47,147,69,78
050,21,219,"Kentucky","Todd County",3,48,146,74,72
050,21,219,"Kentucky","Todd County",3,49,154,74,80
050,21,219,"Kentucky","Todd County",3,50,157,82,75
050,21,219,"Kentucky","Todd County",3,51,151,82,69
050,21,219,"Kentucky","Todd County",3,52,141,70,71
050,21,219,"Kentucky","Todd County",3,53,144,70,74
050,21,219,"Kentucky","Todd County",3,54,153,77,76
050,21,219,"Kentucky","Todd County",3,55,151,77,74
050,21,219,"Kentucky","Todd County",3,56,161,87,74
050,21,219,"Kentucky","Todd County",3,57,171,89,82
050,21,219,"Kentucky","Todd County",3,58,174,87,87
050,21,219,"Kentucky","Todd County",3,59,158,68,90
050,21,219,"Kentucky","Todd County",3,60,168,82,86
050,21,219,"Kentucky","Todd County",3,61,163,85,78
050,21,219,"Kentucky","Todd County",3,62,155,82,73
050,21,219,"Kentucky","Todd County",3,63,163,80,83
050,21,219,"Kentucky","Todd County",3,64,155,79,76
050,21,219,"Kentucky","Todd County",3,65,141,78,63
050,21,219,"Kentucky","Todd County",3,66,142,85,57
050,21,219,"Kentucky","Todd County",3,67,133,69,64
050,21,219,"Kentucky","Todd County",3,68,131,63,68
050,21,219,"Kentucky","Todd County",3,69,129,62,67
050,21,219,"Kentucky","Todd County",3,70,117,54,63
050,21,219,"Kentucky","Todd County",3,71,108,50,58
050,21,219,"Kentucky","Todd County",3,72,109,55,54
050,21,219,"Kentucky","Todd County",3,73,108,56,52
050,21,219,"Kentucky","Todd County",3,74,117,58,59
050,21,219,"Kentucky","Todd County",3,75,74,37,37
050,21,219,"Kentucky","Todd County",3,76,75,37,38
050,21,219,"Kentucky","Todd County",3,77,83,40,43
050,21,219,"Kentucky","Todd County",3,78,75,35,40
050,21,219,"Kentucky","Todd County",3,79,68,34,34
050,21,219,"Kentucky","Todd County",3,80,53,26,27
050,21,219,"Kentucky","Todd County",3,81,51,21,30
050,21,219,"Kentucky","Todd County",3,82,45,21,24
050,21,219,"Kentucky","Todd County",3,83,36,15,21
050,21,219,"Kentucky","Todd County",3,84,31,17,14
050,21,219,"Kentucky","Todd County",3,85,208,74,134
050,21,219,"Kentucky","Todd County",4,0,184,98,86
050,21,219,"Kentucky","Todd County",4,1,181,99,82
050,21,219,"Kentucky","Todd County",4,2,193,107,86
050,21,219,"Kentucky","Todd County",4,3,178,101,77
050,21,219,"Kentucky","Todd County",4,4,178,97,81
050,21,219,"Kentucky","Todd County",4,5,170,90,80
050,21,219,"Kentucky","Todd County",4,6,188,94,94
050,21,219,"Kentucky","Todd County",4,7,188,90,98
050,21,219,"Kentucky","Todd County",4,8,176,99,77
050,21,219,"Kentucky","Todd County",4,9,196,104,92
050,21,219,"Kentucky","Todd County",4,10,176,83,93
050,21,219,"Kentucky","Todd County",4,11,172,84,88
050,21,219,"Kentucky","Todd County",4,12,186,94,92
050,21,219,"Kentucky","Todd County",4,13,186,98,88
050,21,219,"Kentucky","Todd County",4,14,197,106,91
050,21,219,"Kentucky","Todd County",4,15,224,110,114
050,21,219,"Kentucky","Todd County",4,16,213,116,97
050,21,219,"Kentucky","Todd County",4,17,204,102,102
050,21,219,"Kentucky","Todd County",4,18,153,84,69
050,21,219,"Kentucky","Todd County",4,19,131,74,57
050,21,219,"Kentucky","Todd County",4,20,137,78,59
050,21,219,"Kentucky","Todd County",4,21,140,70,70
050,21,219,"Kentucky","Todd County",4,22,139,77,62
050,21,219,"Kentucky","Todd County",4,23,153,78,75
050,21,219,"Kentucky","Todd County",4,24,167,88,79
050,21,219,"Kentucky","Todd County",4,25,130,68,62
050,21,219,"Kentucky","Todd County",4,26,131,65,66
050,21,219,"Kentucky","Todd County",4,27,150,78,72
050,21,219,"Kentucky","Todd County",4,28,142,67,75
050,21,219,"Kentucky","Todd County",4,29,141,74,67
050,21,219,"Kentucky","Todd County",4,30,134,71,63
050,21,219,"Kentucky","Todd County",4,31,129,67,62
050,21,219,"Kentucky","Todd County",4,32,160,78,82
050,21,219,"Kentucky","Todd County",4,33,150,61,89
050,21,219,"Kentucky","Todd County",4,34,148,60,88
050,21,219,"Kentucky","Todd County",4,35,144,66,78
050,21,219,"Kentucky","Todd County",4,36,151,78,73
050,21,219,"Kentucky","Todd County",4,37,161,87,74
050,21,219,"Kentucky","Todd County",4,38,132,70,62
050,21,219,"Kentucky","Todd County",4,39,121,72,49
050,21,219,"Kentucky","Todd County",4,40,127,65,62
050,21,219,"Kentucky","Todd County",4,41,132,66,66
050,21,219,"Kentucky","Todd County",4,42,150,79,71
050,21,219,"Kentucky","Todd County",4,43,141,65,76
050,21,219,"Kentucky","Todd County",4,44,147,67,80
050,21,219,"Kentucky","Todd County",4,45,138,70,68
050,21,219,"Kentucky","Todd County",4,46,148,78,70
050,21,219,"Kentucky","Todd County",4,47,152,76,76
050,21,219,"Kentucky","Todd County",4,48,145,66,79
050,21,219,"Kentucky","Todd County",4,49,142,71,71
050,21,219,"Kentucky","Todd County",4,50,158,76,82
050,21,219,"Kentucky","Todd County",4,51,160,82,78
050,21,219,"Kentucky","Todd County",4,52,160,88,72
050,21,219,"Kentucky","Todd County",4,53,135,69,66
050,21,219,"Kentucky","Todd County",4,54,142,69,73
050,21,219,"Kentucky","Todd County",4,55,155,75,80
050,21,219,"Kentucky","Todd County",4,56,146,71,75
050,21,219,"Kentucky","Todd County",4,57,164,86,78
050,21,219,"Kentucky","Todd County",4,58,173,90,83
050,21,219,"Kentucky","Todd County",4,59,170,84,86
050,21,219,"Kentucky","Todd County",4,60,159,71,88
050,21,219,"Kentucky","Todd County",4,61,173,84,89
050,21,219,"Kentucky","Todd County",4,62,164,84,80
050,21,219,"Kentucky","Todd County",4,63,151,82,69
050,21,219,"Kentucky","Todd County",4,64,159,79,80
050,21,219,"Kentucky","Todd County",4,65,148,73,75
050,21,219,"Kentucky","Todd County",4,66,134,74,60
050,21,219,"Kentucky","Todd County",4,67,138,83,55
050,21,219,"Kentucky","Todd County",4,68,129,67,62
050,21,219,"Kentucky","Todd County",4,69,123,60,63
050,21,219,"Kentucky","Todd County",4,70,126,63,63
050,21,219,"Kentucky","Todd County",4,71,114,50,64
050,21,219,"Kentucky","Todd County",4,72,102,48,54
050,21,219,"Kentucky","Todd County",4,73,104,54,50
050,21,219,"Kentucky","Todd County",4,74,108,56,52
050,21,219,"Kentucky","Todd County",4,75,113,57,56
050,21,219,"Kentucky","Todd County",4,76,72,35,37
050,21,219,"Kentucky","Todd County",4,77,71,36,35
050,21,219,"Kentucky","Todd County",4,78,78,36,42
050,21,219,"Kentucky","Todd County",4,79,72,34,38
050,21,219,"Kentucky","Todd County",4,80,64,33,31
050,21,219,"Kentucky","Todd County",4,81,47,23,24
050,21,219,"Kentucky","Todd County",4,82,49,21,28
050,21,219,"Kentucky","Todd County",4,83,42,19,23
050,21,219,"Kentucky","Todd County",4,84,28,11,17
050,21,219,"Kentucky","Todd County",4,85,207,82,125
050,21,219,"Kentucky","Todd County",5,0,174,92,82
050,21,219,"Kentucky","Todd County",5,1,192,100,92
050,21,219,"Kentucky","Todd County",5,2,186,96,90
050,21,219,"Kentucky","Todd County",5,3,192,104,88
050,21,219,"Kentucky","Todd County",5,4,181,103,78
050,21,219,"Kentucky","Todd County",5,5,184,99,85
050,21,219,"Kentucky","Todd County",5,6,178,91,87
050,21,219,"Kentucky","Todd County",5,7,180,85,95
050,21,219,"Kentucky","Todd County",5,8,198,87,111
050,21,219,"Kentucky","Todd County",5,9,178,95,83
050,21,219,"Kentucky","Todd County",5,10,198,105,93
050,21,219,"Kentucky","Todd County",5,11,178,81,97
050,21,219,"Kentucky","Todd County",5,12,170,80,90
050,21,219,"Kentucky","Todd County",5,13,184,92,92
050,21,219,"Kentucky","Todd County",5,14,183,93,90
050,21,219,"Kentucky","Todd County",5,15,187,95,92
050,21,219,"Kentucky","Todd County",5,16,222,110,112
050,21,219,"Kentucky","Todd County",5,17,202,105,97
050,21,219,"Kentucky","Todd County",5,18,170,91,79
050,21,219,"Kentucky","Todd County",5,19,112,65,47
050,21,219,"Kentucky","Todd County",5,20,149,83,66
050,21,219,"Kentucky","Todd County",5,21,143,78,65
050,21,219,"Kentucky","Todd County",5,22,151,71,80
050,21,219,"Kentucky","Todd County",5,23,157,86,71
050,21,219,"Kentucky","Todd County",5,24,166,87,79
050,21,219,"Kentucky","Todd County",5,25,167,91,76
050,21,219,"Kentucky","Todd County",5,26,150,81,69
050,21,219,"Kentucky","Todd County",5,27,139,71,68
050,21,219,"Kentucky","Todd County",5,28,154,81,73
050,21,219,"Kentucky","Todd County",5,29,151,76,75
050,21,219,"Kentucky","Todd County",5,30,142,74,68
050,21,219,"Kentucky","Todd County",5,31,140,71,69
050,21,219,"Kentucky","Todd County",5,32,142,75,67
050,21,219,"Kentucky","Todd County",5,33,163,77,86
050,21,219,"Kentucky","Todd County",5,34,156,63,93
050,21,219,"Kentucky","Todd County",5,35,152,54,98
050,21,219,"Kentucky","Todd County",5,36,145,72,73
050,21,219,"Kentucky","Todd County",5,37,145,74,71
050,21,219,"Kentucky","Todd County",5,38,163,86,77
050,21,219,"Kentucky","Todd County",5,39,131,70,61
050,21,219,"Kentucky","Todd County",5,40,121,69,52
050,21,219,"Kentucky","Todd County",5,41,130,70,60
050,21,219,"Kentucky","Todd County",5,42,134,68,66
050,21,219,"Kentucky","Todd County",5,43,152,79,73
050,21,219,"Kentucky","Todd County",5,44,138,65,73
050,21,219,"Kentucky","Todd County",5,45,148,70,78
050,21,219,"Kentucky","Todd County",5,46,139,69,70
050,21,219,"Kentucky","Todd County",5,47,147,78,69
050,21,219,"Kentucky","Todd County",5,48,147,74,73
050,21,219,"Kentucky","Todd County",5,49,137,63,74
050,21,219,"Kentucky","Todd County",5,50,142,70,72
050,21,219,"Kentucky","Todd County",5,51,154,73,81
050,21,219,"Kentucky","Todd County",5,52,157,84,73
050,21,219,"Kentucky","Todd County",5,53,162,92,70
050,21,219,"Kentucky","Todd County",5,54,136,70,66
050,21,219,"Kentucky","Todd County",5,55,140,69,71
050,21,219,"Kentucky","Todd County",5,56,158,78,80
050,21,219,"Kentucky","Todd County",5,57,151,73,78
050,21,219,"Kentucky","Todd County",5,58,161,84,77
050,21,219,"Kentucky","Todd County",5,59,171,91,80
050,21,219,"Kentucky","Todd County",5,60,169,84,85
050,21,219,"Kentucky","Todd County",5,61,159,72,87
050,21,219,"Kentucky","Todd County",5,62,170,82,88
050,21,219,"Kentucky","Todd County",5,63,160,84,76
050,21,219,"Kentucky","Todd County",5,64,143,78,65
050,21,219,"Kentucky","Todd County",5,65,157,77,80
050,21,219,"Kentucky","Todd County",5,66,150,72,78
050,21,219,"Kentucky","Todd County",5,67,131,73,58
050,21,219,"Kentucky","Todd County",5,68,132,81,51
050,21,219,"Kentucky","Todd County",5,69,123,64,59
050,21,219,"Kentucky","Todd County",5,70,121,59,62
050,21,219,"Kentucky","Todd County",5,71,123,58,65
050,21,219,"Kentucky","Todd County",5,72,108,49,59
050,21,219,"Kentucky","Todd County",5,73,96,45,51
050,21,219,"Kentucky","Todd County",5,74,105,55,50
050,21,219,"Kentucky","Todd County",5,75,102,51,51
050,21,219,"Kentucky","Todd County",5,76,110,53,57
050,21,219,"Kentucky","Todd County",5,77,69,33,36
050,21,219,"Kentucky","Todd County",5,78,63,31,32
050,21,219,"Kentucky","Todd County",5,79,75,35,40
050,21,219,"Kentucky","Todd County",5,80,69,33,36
050,21,219,"Kentucky","Todd County",5,81,59,31,28
050,21,219,"Kentucky","Todd County",5,82,41,22,19
050,21,219,"Kentucky","Todd County",5,83,45,19,26
050,21,219,"Kentucky","Todd County",5,84,34,14,20
050,21,219,"Kentucky","Todd County",5,85,200,81,119
050,21,221,"Kentucky","Trigg County",1,0,156,81,75
050,21,221,"Kentucky","Trigg County",1,1,141,79,62
050,21,221,"Kentucky","Trigg County",1,2,154,91,63
050,21,221,"Kentucky","Trigg County",1,3,156,93,63
050,21,221,"Kentucky","Trigg County",1,4,146,80,66
050,21,221,"Kentucky","Trigg County",1,5,160,84,76
050,21,221,"Kentucky","Trigg County",1,6,163,93,70
050,21,221,"Kentucky","Trigg County",1,7,168,87,81
050,21,221,"Kentucky","Trigg County",1,8,161,87,74
050,21,221,"Kentucky","Trigg County",1,9,165,79,86
050,21,221,"Kentucky","Trigg County",1,10,191,93,98
050,21,221,"Kentucky","Trigg County",1,11,179,80,99
050,21,221,"Kentucky","Trigg County",1,12,170,74,96
050,21,221,"Kentucky","Trigg County",1,13,180,91,89
050,21,221,"Kentucky","Trigg County",1,14,200,107,93
050,21,221,"Kentucky","Trigg County",1,15,203,101,102
050,21,221,"Kentucky","Trigg County",1,16,188,94,94
050,21,221,"Kentucky","Trigg County",1,17,189,94,95
050,21,221,"Kentucky","Trigg County",1,18,160,87,73
050,21,221,"Kentucky","Trigg County",1,19,132,64,68
050,21,221,"Kentucky","Trigg County",1,20,131,76,55
050,21,221,"Kentucky","Trigg County",1,21,116,57,59
050,21,221,"Kentucky","Trigg County",1,22,142,73,69
050,21,221,"Kentucky","Trigg County",1,23,134,70,64
050,21,221,"Kentucky","Trigg County",1,24,133,66,67
050,21,221,"Kentucky","Trigg County",1,25,119,66,53
050,21,221,"Kentucky","Trigg County",1,26,118,72,46
050,21,221,"Kentucky","Trigg County",1,27,133,75,58
050,21,221,"Kentucky","Trigg County",1,28,142,74,68
050,21,221,"Kentucky","Trigg County",1,29,160,82,78
050,21,221,"Kentucky","Trigg County",1,30,153,83,70
050,21,221,"Kentucky","Trigg County",1,31,128,58,70
050,21,221,"Kentucky","Trigg County",1,32,122,63,59
050,21,221,"Kentucky","Trigg County",1,33,137,72,65
050,21,221,"Kentucky","Trigg County",1,34,137,64,73
050,21,221,"Kentucky","Trigg County",1,35,133,63,70
050,21,221,"Kentucky","Trigg County",1,36,132,54,78
050,21,221,"Kentucky","Trigg County",1,37,141,67,74
050,21,221,"Kentucky","Trigg County",1,38,148,77,71
050,21,221,"Kentucky","Trigg County",1,39,146,72,74
050,21,221,"Kentucky","Trigg County",1,40,149,71,78
050,21,221,"Kentucky","Trigg County",1,41,144,62,82
050,21,221,"Kentucky","Trigg County",1,42,151,76,75
050,21,221,"Kentucky","Trigg County",1,43,154,80,74
050,21,221,"Kentucky","Trigg County",1,44,141,70,71
050,21,221,"Kentucky","Trigg County",1,45,150,78,72
050,21,221,"Kentucky","Trigg County",1,46,181,94,87
050,21,221,"Kentucky","Trigg County",1,47,167,83,84
050,21,221,"Kentucky","Trigg County",1,48,182,95,87
050,21,221,"Kentucky","Trigg County",1,49,190,99,91
050,21,221,"Kentucky","Trigg County",1,50,188,90,98
050,21,221,"Kentucky","Trigg County",1,51,186,89,97
050,21,221,"Kentucky","Trigg County",1,52,180,82,98
050,21,221,"Kentucky","Trigg County",1,53,194,91,103
050,21,221,"Kentucky","Trigg County",1,54,197,99,98
050,21,221,"Kentucky","Trigg County",1,55,214,99,115
050,21,221,"Kentucky","Trigg County",1,56,236,111,125
050,21,221,"Kentucky","Trigg County",1,57,215,103,112
050,21,221,"Kentucky","Trigg County",1,58,230,115,115
050,21,221,"Kentucky","Trigg County",1,59,222,108,114
050,21,221,"Kentucky","Trigg County",1,60,245,122,123
050,21,221,"Kentucky","Trigg County",1,61,222,112,110
050,21,221,"Kentucky","Trigg County",1,62,217,95,122
050,21,221,"Kentucky","Trigg County",1,63,194,100,94
050,21,221,"Kentucky","Trigg County",1,64,219,105,114
050,21,221,"Kentucky","Trigg County",1,65,248,114,134
050,21,221,"Kentucky","Trigg County",1,66,231,125,106
050,21,221,"Kentucky","Trigg County",1,67,185,95,90
050,21,221,"Kentucky","Trigg County",1,68,195,95,100
050,21,221,"Kentucky","Trigg County",1,69,187,91,96
050,21,221,"Kentucky","Trigg County",1,70,194,94,100
050,21,221,"Kentucky","Trigg County",1,71,193,96,97
050,21,221,"Kentucky","Trigg County",1,72,187,90,97
050,21,221,"Kentucky","Trigg County",1,73,185,100,85
050,21,221,"Kentucky","Trigg County",1,74,149,77,72
050,21,221,"Kentucky","Trigg County",1,75,156,77,79
050,21,221,"Kentucky","Trigg County",1,76,145,66,79
050,21,221,"Kentucky","Trigg County",1,77,132,63,69
050,21,221,"Kentucky","Trigg County",1,78,111,52,59
050,21,221,"Kentucky","Trigg County",1,79,95,50,45
050,21,221,"Kentucky","Trigg County",1,80,95,49,46
050,21,221,"Kentucky","Trigg County",1,81,88,58,30
050,21,221,"Kentucky","Trigg County",1,82,72,45,27
050,21,221,"Kentucky","Trigg County",1,83,59,27,32
050,21,221,"Kentucky","Trigg County",1,84,56,25,31
050,21,221,"Kentucky","Trigg County",1,85,255,104,151
050,21,221,"Kentucky","Trigg County",2,0,150,76,74
050,21,221,"Kentucky","Trigg County",2,1,144,79,65
050,21,221,"Kentucky","Trigg County",2,2,154,89,65
050,21,221,"Kentucky","Trigg County",2,3,156,92,64
050,21,221,"Kentucky","Trigg County",2,4,150,83,67
050,21,221,"Kentucky","Trigg County",2,5,161,85,76
050,21,221,"Kentucky","Trigg County",2,6,164,91,73
050,21,221,"Kentucky","Trigg County",2,7,166,88,78
050,21,221,"Kentucky","Trigg County",2,8,162,87,75
050,21,221,"Kentucky","Trigg County",2,9,166,83,83
050,21,221,"Kentucky","Trigg County",2,10,187,91,96
050,21,221,"Kentucky","Trigg County",2,11,178,81,97
050,21,221,"Kentucky","Trigg County",2,12,174,76,98
050,21,221,"Kentucky","Trigg County",2,13,179,88,91
050,21,221,"Kentucky","Trigg County",2,14,199,105,94
050,21,221,"Kentucky","Trigg County",2,15,203,102,101
050,21,221,"Kentucky","Trigg County",2,16,193,96,97
050,21,221,"Kentucky","Trigg County",2,17,189,95,94
050,21,221,"Kentucky","Trigg County",2,18,157,83,74
050,21,221,"Kentucky","Trigg County",2,19,135,68,67
050,21,221,"Kentucky","Trigg County",2,20,128,69,59
050,21,221,"Kentucky","Trigg County",2,21,121,62,59
050,21,221,"Kentucky","Trigg County",2,22,136,69,67
050,21,221,"Kentucky","Trigg County",2,23,138,73,65
050,21,221,"Kentucky","Trigg County",2,24,134,68,66
050,21,221,"Kentucky","Trigg County",2,25,121,66,55
050,21,221,"Kentucky","Trigg County",2,26,118,70,48
050,21,221,"Kentucky","Trigg County",2,27,128,73,55
050,21,221,"Kentucky","Trigg County",2,28,141,74,67
050,21,221,"Kentucky","Trigg County",2,29,158,83,75
050,21,221,"Kentucky","Trigg County",2,30,156,83,73
050,21,221,"Kentucky","Trigg County",2,31,134,65,69
050,21,221,"Kentucky","Trigg County",2,32,126,63,63
050,21,221,"Kentucky","Trigg County",2,33,133,70,63
050,21,221,"Kentucky","Trigg County",2,34,137,66,71
050,21,221,"Kentucky","Trigg County",2,35,134,63,71
050,21,221,"Kentucky","Trigg County",2,36,131,55,76
050,21,221,"Kentucky","Trigg County",2,37,139,64,75
050,21,221,"Kentucky","Trigg County",2,38,146,73,73
050,21,221,"Kentucky","Trigg County",2,39,145,71,74
050,21,221,"Kentucky","Trigg County",2,40,148,70,78
050,21,221,"Kentucky","Trigg County",2,41,144,63,81
050,21,221,"Kentucky","Trigg County",2,42,148,72,76
050,21,221,"Kentucky","Trigg County",2,43,155,79,76
050,21,221,"Kentucky","Trigg County",2,44,144,72,72
050,21,221,"Kentucky","Trigg County",2,45,149,77,72
050,21,221,"Kentucky","Trigg County",2,46,173,89,84
050,21,221,"Kentucky","Trigg County",2,47,169,85,84
050,21,221,"Kentucky","Trigg County",2,48,177,90,87
050,21,221,"Kentucky","Trigg County",2,49,189,97,92
050,21,221,"Kentucky","Trigg County",2,50,188,92,96
050,21,221,"Kentucky","Trigg County",2,51,184,88,96
050,21,221,"Kentucky","Trigg County",2,52,182,84,98
050,21,221,"Kentucky","Trigg County",2,53,190,87,103
050,21,221,"Kentucky","Trigg County",2,54,197,97,100
050,21,221,"Kentucky","Trigg County",2,55,213,100,113
050,21,221,"Kentucky","Trigg County",2,56,235,110,125
050,21,221,"Kentucky","Trigg County",2,57,222,107,115
050,21,221,"Kentucky","Trigg County",2,58,226,111,115
050,21,221,"Kentucky","Trigg County",2,59,228,112,116
050,21,221,"Kentucky","Trigg County",2,60,243,120,123
050,21,221,"Kentucky","Trigg County",2,61,227,113,114
050,21,221,"Kentucky","Trigg County",2,62,221,102,119
050,21,221,"Kentucky","Trigg County",2,63,202,101,101
050,21,221,"Kentucky","Trigg County",2,64,213,103,110
050,21,221,"Kentucky","Trigg County",2,65,242,114,128
050,21,221,"Kentucky","Trigg County",2,66,234,123,111
050,21,221,"Kentucky","Trigg County",2,67,196,102,94
050,21,221,"Kentucky","Trigg County",2,68,192,95,97
050,21,221,"Kentucky","Trigg County",2,69,190,92,98
050,21,221,"Kentucky","Trigg County",2,70,191,93,98
050,21,221,"Kentucky","Trigg County",2,71,194,96,98
050,21,221,"Kentucky","Trigg County",2,72,181,89,92
050,21,221,"Kentucky","Trigg County",2,73,196,104,92
050,21,221,"Kentucky","Trigg County",2,74,147,76,71
050,21,221,"Kentucky","Trigg County",2,75,155,76,79
050,21,221,"Kentucky","Trigg County",2,76,148,69,79
050,21,221,"Kentucky","Trigg County",2,77,137,65,72
050,21,221,"Kentucky","Trigg County",2,78,113,54,59
050,21,221,"Kentucky","Trigg County",2,79,96,48,48
050,21,221,"Kentucky","Trigg County",2,80,94,50,44
050,21,221,"Kentucky","Trigg County",2,81,90,56,34
050,21,221,"Kentucky","Trigg County",2,82,73,47,26
050,21,221,"Kentucky","Trigg County",2,83,61,30,31
050,21,221,"Kentucky","Trigg County",2,84,55,24,31
050,21,221,"Kentucky","Trigg County",2,85,255,105,150
050,21,221,"Kentucky","Trigg County",3,0,155,76,79
050,21,221,"Kentucky","Trigg County",3,1,154,81,73
050,21,221,"Kentucky","Trigg County",3,2,149,83,66
050,21,221,"Kentucky","Trigg County",3,3,148,87,61
050,21,221,"Kentucky","Trigg County",3,4,163,99,64
050,21,221,"Kentucky","Trigg County",3,5,145,83,62
050,21,221,"Kentucky","Trigg County",3,6,160,86,74
050,21,221,"Kentucky","Trigg County",3,7,167,92,75
050,21,221,"Kentucky","Trigg County",3,8,166,93,73
050,21,221,"Kentucky","Trigg County",3,9,173,88,85
050,21,221,"Kentucky","Trigg County",3,10,171,84,87
050,21,221,"Kentucky","Trigg County",3,11,176,87,89
050,21,221,"Kentucky","Trigg County",3,12,184,80,104
050,21,221,"Kentucky","Trigg County",3,13,184,83,101
050,21,221,"Kentucky","Trigg County",3,14,185,92,93
050,21,221,"Kentucky","Trigg County",3,15,198,103,95
050,21,221,"Kentucky","Trigg County",3,16,209,107,102
050,21,221,"Kentucky","Trigg County",3,17,198,103,95
050,21,221,"Kentucky","Trigg County",3,18,157,90,67
050,21,221,"Kentucky","Trigg County",3,19,128,70,58
050,21,221,"Kentucky","Trigg County",3,20,145,74,71
050,21,221,"Kentucky","Trigg County",3,21,129,65,64
050,21,221,"Kentucky","Trigg County",3,22,120,64,56
050,21,221,"Kentucky","Trigg County",3,23,144,77,67
050,21,221,"Kentucky","Trigg County",3,24,141,75,66
050,21,221,"Kentucky","Trigg County",3,25,135,66,69
050,21,221,"Kentucky","Trigg County",3,26,127,73,54
050,21,221,"Kentucky","Trigg County",3,27,126,71,55
050,21,221,"Kentucky","Trigg County",3,28,140,82,58
050,21,221,"Kentucky","Trigg County",3,29,152,81,71
050,21,221,"Kentucky","Trigg County",3,30,157,81,76
050,21,221,"Kentucky","Trigg County",3,31,166,84,82
050,21,221,"Kentucky","Trigg County",3,32,138,65,73
050,21,221,"Kentucky","Trigg County",3,33,127,64,63
050,21,221,"Kentucky","Trigg County",3,34,131,67,64
050,21,221,"Kentucky","Trigg County",3,35,147,69,78
050,21,221,"Kentucky","Trigg County",3,36,138,65,73
050,21,221,"Kentucky","Trigg County",3,37,137,60,77
050,21,221,"Kentucky","Trigg County",3,38,141,65,76
050,21,221,"Kentucky","Trigg County",3,39,153,75,78
050,21,221,"Kentucky","Trigg County",3,40,145,69,76
050,21,221,"Kentucky","Trigg County",3,41,153,73,80
050,21,221,"Kentucky","Trigg County",3,42,151,67,84
050,21,221,"Kentucky","Trigg County",3,43,147,74,73
050,21,221,"Kentucky","Trigg County",3,44,159,79,80
050,21,221,"Kentucky","Trigg County",3,45,146,75,71
050,21,221,"Kentucky","Trigg County",3,46,160,88,72
050,21,221,"Kentucky","Trigg County",3,47,177,92,85
050,21,221,"Kentucky","Trigg County",3,48,180,93,87
050,21,221,"Kentucky","Trigg County",3,49,177,91,86
050,21,221,"Kentucky","Trigg County",3,50,193,98,95
050,21,221,"Kentucky","Trigg County",3,51,186,93,93
050,21,221,"Kentucky","Trigg County",3,52,183,91,92
050,21,221,"Kentucky","Trigg County",3,53,191,88,103
050,21,221,"Kentucky","Trigg County",3,54,204,98,106
050,21,221,"Kentucky","Trigg County",3,55,201,98,103
050,21,221,"Kentucky","Trigg County",3,56,213,101,112
050,21,221,"Kentucky","Trigg County",3,57,240,110,130
050,21,221,"Kentucky","Trigg County",3,58,223,105,118
050,21,221,"Kentucky","Trigg County",3,59,235,117,118
050,21,221,"Kentucky","Trigg County",3,60,232,121,111
050,21,221,"Kentucky","Trigg County",3,61,245,121,124
050,21,221,"Kentucky","Trigg County",3,62,219,109,110
050,21,221,"Kentucky","Trigg County",3,63,216,96,120
050,21,221,"Kentucky","Trigg County",3,64,206,102,104
050,21,221,"Kentucky","Trigg County",3,65,211,100,111
050,21,221,"Kentucky","Trigg County",3,66,238,113,125
050,21,221,"Kentucky","Trigg County",3,67,232,120,112
050,21,221,"Kentucky","Trigg County",3,68,203,103,100
050,21,221,"Kentucky","Trigg County",3,69,192,97,95
050,21,221,"Kentucky","Trigg County",3,70,186,90,96
050,21,221,"Kentucky","Trigg County",3,71,185,90,95
050,21,221,"Kentucky","Trigg County",3,72,185,93,92
050,21,221,"Kentucky","Trigg County",3,73,165,80,85
050,21,221,"Kentucky","Trigg County",3,74,188,97,91
050,21,221,"Kentucky","Trigg County",3,75,139,70,69
050,21,221,"Kentucky","Trigg County",3,76,153,72,81
050,21,221,"Kentucky","Trigg County",3,77,142,66,76
050,21,221,"Kentucky","Trigg County",3,78,129,62,67
050,21,221,"Kentucky","Trigg County",3,79,102,46,56
050,21,221,"Kentucky","Trigg County",3,80,93,49,44
050,21,221,"Kentucky","Trigg County",3,81,85,48,37
050,21,221,"Kentucky","Trigg County",3,82,82,49,33
050,21,221,"Kentucky","Trigg County",3,83,66,41,25
050,21,221,"Kentucky","Trigg County",3,84,53,24,29
050,21,221,"Kentucky","Trigg County",3,85,245,102,143
050,21,221,"Kentucky","Trigg County",4,0,154,72,82
050,21,221,"Kentucky","Trigg County",4,1,164,83,81
050,21,221,"Kentucky","Trigg County",4,2,160,86,74
050,21,221,"Kentucky","Trigg County",4,3,154,89,65
050,21,221,"Kentucky","Trigg County",4,4,159,92,67
050,21,221,"Kentucky","Trigg County",4,5,186,111,75
050,21,221,"Kentucky","Trigg County",4,6,151,92,59
050,21,221,"Kentucky","Trigg County",4,7,172,96,76
050,21,221,"Kentucky","Trigg County",4,8,173,95,78
050,21,221,"Kentucky","Trigg County",4,9,171,97,74
050,21,221,"Kentucky","Trigg County",4,10,168,87,81
050,21,221,"Kentucky","Trigg County",4,11,158,85,73
050,21,221,"Kentucky","Trigg County",4,12,192,92,100
050,21,221,"Kentucky","Trigg County",4,13,190,86,104
050,21,221,"Kentucky","Trigg County",4,14,193,84,109
050,21,221,"Kentucky","Trigg County",4,15,191,96,95
050,21,221,"Kentucky","Trigg County",4,16,197,103,94
050,21,221,"Kentucky","Trigg County",4,17,199,101,98
050,21,221,"Kentucky","Trigg County",4,18,168,90,78
050,21,221,"Kentucky","Trigg County",4,19,125,66,59
050,21,221,"Kentucky","Trigg County",4,20,131,75,56
050,21,221,"Kentucky","Trigg County",4,21,146,74,72
050,21,221,"Kentucky","Trigg County",4,22,132,67,65
050,21,221,"Kentucky","Trigg County",4,23,123,65,58
050,21,221,"Kentucky","Trigg County",4,24,150,76,74
050,21,221,"Kentucky","Trigg County",4,25,141,71,70
050,21,221,"Kentucky","Trigg County",4,26,134,66,68
050,21,221,"Kentucky","Trigg County",4,27,129,75,54
050,21,221,"Kentucky","Trigg County",4,28,132,67,65
050,21,221,"Kentucky","Trigg County",4,29,138,77,61
050,21,221,"Kentucky","Trigg County",4,30,149,78,71
050,21,221,"Kentucky","Trigg County",4,31,145,73,72
050,21,221,"Kentucky","Trigg County",4,32,179,89,90
050,21,221,"Kentucky","Trigg County",4,33,143,71,72
050,21,221,"Kentucky","Trigg County",4,34,133,65,68
050,21,221,"Kentucky","Trigg County",4,35,129,65,64
050,21,221,"Kentucky","Trigg County",4,36,149,77,72
050,21,221,"Kentucky","Trigg County",4,37,136,58,78
050,21,221,"Kentucky","Trigg County",4,38,146,65,81
050,21,221,"Kentucky","Trigg County",4,39,141,67,74
050,21,221,"Kentucky","Trigg County",4,40,162,79,83
050,21,221,"Kentucky","Trigg County",4,41,146,69,77
050,21,221,"Kentucky","Trigg County",4,42,149,70,79
050,21,221,"Kentucky","Trigg County",4,43,166,79,87
050,21,221,"Kentucky","Trigg County",4,44,146,75,71
050,21,221,"Kentucky","Trigg County",4,45,167,83,84
050,21,221,"Kentucky","Trigg County",4,46,145,72,73
050,21,221,"Kentucky","Trigg County",4,47,159,81,78
050,21,221,"Kentucky","Trigg County",4,48,177,88,89
050,21,221,"Kentucky","Trigg County",4,49,180,90,90
050,21,221,"Kentucky","Trigg County",4,50,184,94,90
050,21,221,"Kentucky","Trigg County",4,51,192,98,94
050,21,221,"Kentucky","Trigg County",4,52,193,99,94
050,21,221,"Kentucky","Trigg County",4,53,190,97,93
050,21,221,"Kentucky","Trigg County",4,54,192,93,99
050,21,221,"Kentucky","Trigg County",4,55,201,91,110
050,21,221,"Kentucky","Trigg County",4,56,208,102,106
050,21,221,"Kentucky","Trigg County",4,57,226,105,121
050,21,221,"Kentucky","Trigg County",4,58,238,108,130
050,21,221,"Kentucky","Trigg County",4,59,223,110,113
050,21,221,"Kentucky","Trigg County",4,60,230,112,118
050,21,221,"Kentucky","Trigg County",4,61,237,127,110
050,21,221,"Kentucky","Trigg County",4,62,245,123,122
050,21,221,"Kentucky","Trigg County",4,63,221,110,111
050,21,221,"Kentucky","Trigg County",4,64,216,95,121
050,21,221,"Kentucky","Trigg County",4,65,200,98,102
050,21,221,"Kentucky","Trigg County",4,66,203,95,108
050,21,221,"Kentucky","Trigg County",4,67,238,114,124
050,21,221,"Kentucky","Trigg County",4,68,238,125,113
050,21,221,"Kentucky","Trigg County",4,69,202,102,100
050,21,221,"Kentucky","Trigg County",4,70,185,91,94
050,21,221,"Kentucky","Trigg County",4,71,175,84,91
050,21,221,"Kentucky","Trigg County",4,72,175,84,91
050,21,221,"Kentucky","Trigg County",4,73,176,89,87
050,21,221,"Kentucky","Trigg County",4,74,158,73,85
050,21,221,"Kentucky","Trigg County",4,75,190,98,92
050,21,221,"Kentucky","Trigg County",4,76,137,68,69
050,21,221,"Kentucky","Trigg County",4,77,148,67,81
050,21,221,"Kentucky","Trigg County",4,78,132,59,73
050,21,221,"Kentucky","Trigg County",4,79,123,56,67
050,21,221,"Kentucky","Trigg County",4,80,95,41,54
050,21,221,"Kentucky","Trigg County",4,81,88,44,44
050,21,221,"Kentucky","Trigg County",4,82,76,43,33
050,21,221,"Kentucky","Trigg County",4,83,78,45,33
050,21,221,"Kentucky","Trigg County",4,84,59,36,23
050,21,221,"Kentucky","Trigg County",4,85,248,96,152
050,21,221,"Kentucky","Trigg County",5,0,154,71,83
050,21,221,"Kentucky","Trigg County",5,1,160,63,97
050,21,221,"Kentucky","Trigg County",5,2,157,79,78
050,21,221,"Kentucky","Trigg County",5,3,157,90,67
050,21,221,"Kentucky","Trigg County",5,4,159,92,67
050,21,221,"Kentucky","Trigg County",5,5,158,94,64
050,21,221,"Kentucky","Trigg County",5,6,181,111,70
050,21,221,"Kentucky","Trigg County",5,7,147,88,59
050,21,221,"Kentucky","Trigg County",5,8,178,95,83
050,21,221,"Kentucky","Trigg County",5,9,172,94,78
050,21,221,"Kentucky","Trigg County",5,10,176,95,81
050,21,221,"Kentucky","Trigg County",5,11,174,90,84
050,21,221,"Kentucky","Trigg County",5,12,167,81,86
050,21,221,"Kentucky","Trigg County",5,13,187,88,99
050,21,221,"Kentucky","Trigg County",5,14,194,95,99
050,21,221,"Kentucky","Trigg County",5,15,192,88,104
050,21,221,"Kentucky","Trigg County",5,16,187,94,93
050,21,221,"Kentucky","Trigg County",5,17,189,101,88
050,21,221,"Kentucky","Trigg County",5,18,169,88,81
050,21,221,"Kentucky","Trigg County",5,19,133,76,57
050,21,221,"Kentucky","Trigg County",5,20,128,67,61
050,21,221,"Kentucky","Trigg County",5,21,144,80,64
050,21,221,"Kentucky","Trigg County",5,22,155,76,79
050,21,221,"Kentucky","Trigg County",5,23,131,70,61
050,21,221,"Kentucky","Trigg County",5,24,129,71,58
050,21,221,"Kentucky","Trigg County",5,25,146,76,70
050,21,221,"Kentucky","Trigg County",5,26,137,64,73
050,21,221,"Kentucky","Trigg County",5,27,141,72,69
050,21,221,"Kentucky","Trigg County",5,28,129,75,54
050,21,221,"Kentucky","Trigg County",5,29,135,70,65
050,21,221,"Kentucky","Trigg County",5,30,144,77,67
050,21,221,"Kentucky","Trigg County",5,31,140,76,64
050,21,221,"Kentucky","Trigg County",5,32,149,77,72
050,21,221,"Kentucky","Trigg County",5,33,184,89,95
050,21,221,"Kentucky","Trigg County",5,34,146,78,68
050,21,221,"Kentucky","Trigg County",5,35,136,66,70
050,21,221,"Kentucky","Trigg County",5,36,131,63,68
050,21,221,"Kentucky","Trigg County",5,37,151,79,72
050,21,221,"Kentucky","Trigg County",5,38,146,65,81
050,21,221,"Kentucky","Trigg County",5,39,150,66,84
050,21,221,"Kentucky","Trigg County",5,40,143,67,76
050,21,221,"Kentucky","Trigg County",5,41,159,75,84
050,21,221,"Kentucky","Trigg County",5,42,151,70,81
050,21,221,"Kentucky","Trigg County",5,43,150,70,80
050,21,221,"Kentucky","Trigg County",5,44,164,76,88
050,21,221,"Kentucky","Trigg County",5,45,148,76,72
050,21,221,"Kentucky","Trigg County",5,46,167,80,87
050,21,221,"Kentucky","Trigg County",5,47,146,75,71
050,21,221,"Kentucky","Trigg County",5,48,163,85,78
050,21,221,"Kentucky","Trigg County",5,49,183,95,88
050,21,221,"Kentucky","Trigg County",5,50,177,87,90
050,21,221,"Kentucky","Trigg County",5,51,194,100,94
050,21,221,"Kentucky","Trigg County",5,52,198,94,104
050,21,221,"Kentucky","Trigg County",5,53,196,102,94
050,21,221,"Kentucky","Trigg County",5,54,185,93,92
050,21,221,"Kentucky","Trigg County",5,55,187,89,98
050,21,221,"Kentucky","Trigg County",5,56,201,93,108
050,21,221,"Kentucky","Trigg County",5,57,208,99,109
050,21,221,"Kentucky","Trigg County",5,58,223,102,121
050,21,221,"Kentucky","Trigg County",5,59,241,105,136
050,21,221,"Kentucky","Trigg County",5,60,220,109,111
050,21,221,"Kentucky","Trigg County",5,61,233,117,116
050,21,221,"Kentucky","Trigg County",5,62,241,130,111
050,21,221,"Kentucky","Trigg County",5,63,250,125,125
050,21,221,"Kentucky","Trigg County",5,64,217,110,107
050,21,221,"Kentucky","Trigg County",5,65,207,90,117
050,21,221,"Kentucky","Trigg County",5,66,200,101,99
050,21,221,"Kentucky","Trigg County",5,67,203,94,109
050,21,221,"Kentucky","Trigg County",5,68,235,110,125
050,21,221,"Kentucky","Trigg County",5,69,227,118,109
050,21,221,"Kentucky","Trigg County",5,70,197,98,99
050,21,221,"Kentucky","Trigg County",5,71,170,83,87
050,21,221,"Kentucky","Trigg County",5,72,168,81,87
050,21,221,"Kentucky","Trigg County",5,73,170,80,90
050,21,221,"Kentucky","Trigg County",5,74,173,85,88
050,21,221,"Kentucky","Trigg County",5,75,149,69,80
050,21,221,"Kentucky","Trigg County",5,76,189,98,91
050,21,221,"Kentucky","Trigg County",5,77,132,62,70
050,21,221,"Kentucky","Trigg County",5,78,139,61,78
050,21,221,"Kentucky","Trigg County",5,79,125,52,73
050,21,221,"Kentucky","Trigg County",5,80,116,53,63
050,21,221,"Kentucky","Trigg County",5,81,92,38,54
050,21,221,"Kentucky","Trigg County",5,82,84,41,43
050,21,221,"Kentucky","Trigg County",5,83,72,41,31
050,21,221,"Kentucky","Trigg County",5,84,70,42,28
050,21,221,"Kentucky","Trigg County",5,85,263,112,151
050,21,223,"Kentucky","Trimble County",1,0,91,47,44
050,21,223,"Kentucky","Trimble County",1,1,102,53,49
050,21,223,"Kentucky","Trimble County",1,2,85,48,37
050,21,223,"Kentucky","Trimble County",1,3,95,53,42
050,21,223,"Kentucky","Trimble County",1,4,91,50,41
050,21,223,"Kentucky","Trimble County",1,5,95,47,48
050,21,223,"Kentucky","Trimble County",1,6,100,49,51
050,21,223,"Kentucky","Trimble County",1,7,99,52,47
050,21,223,"Kentucky","Trimble County",1,8,95,51,44
050,21,223,"Kentucky","Trimble County",1,9,105,56,49
050,21,223,"Kentucky","Trimble County",1,10,98,54,44
050,21,223,"Kentucky","Trimble County",1,11,112,55,57
050,21,223,"Kentucky","Trimble County",1,12,121,57,64
050,21,223,"Kentucky","Trimble County",1,13,110,61,49
050,21,223,"Kentucky","Trimble County",1,14,115,57,58
050,21,223,"Kentucky","Trimble County",1,15,124,64,60
050,21,223,"Kentucky","Trimble County",1,16,116,66,50
050,21,223,"Kentucky","Trimble County",1,17,106,51,55
050,21,223,"Kentucky","Trimble County",1,18,88,44,44
050,21,223,"Kentucky","Trimble County",1,19,74,41,33
050,21,223,"Kentucky","Trimble County",1,20,80,43,37
050,21,223,"Kentucky","Trimble County",1,21,87,41,46
050,21,223,"Kentucky","Trimble County",1,22,86,38,48
050,21,223,"Kentucky","Trimble County",1,23,94,49,45
050,21,223,"Kentucky","Trimble County",1,24,91,42,49
050,21,223,"Kentucky","Trimble County",1,25,101,53,48
050,21,223,"Kentucky","Trimble County",1,26,108,54,54
050,21,223,"Kentucky","Trimble County",1,27,114,64,50
050,21,223,"Kentucky","Trimble County",1,28,106,52,54
050,21,223,"Kentucky","Trimble County",1,29,105,51,54
050,21,223,"Kentucky","Trimble County",1,30,99,46,53
050,21,223,"Kentucky","Trimble County",1,31,102,53,49
050,21,223,"Kentucky","Trimble County",1,32,80,41,39
050,21,223,"Kentucky","Trimble County",1,33,82,37,45
050,21,223,"Kentucky","Trimble County",1,34,78,40,38
050,21,223,"Kentucky","Trimble County",1,35,89,42,47
050,21,223,"Kentucky","Trimble County",1,36,88,38,50
050,21,223,"Kentucky","Trimble County",1,37,93,43,50
050,21,223,"Kentucky","Trimble County",1,38,119,56,63
050,21,223,"Kentucky","Trimble County",1,39,106,57,49
050,21,223,"Kentucky","Trimble County",1,40,98,50,48
050,21,223,"Kentucky","Trimble County",1,41,89,46,43
050,21,223,"Kentucky","Trimble County",1,42,99,55,44
050,21,223,"Kentucky","Trimble County",1,43,84,38,46
050,21,223,"Kentucky","Trimble County",1,44,99,46,53
050,21,223,"Kentucky","Trimble County",1,45,113,52,61
050,21,223,"Kentucky","Trimble County",1,46,111,49,62
050,21,223,"Kentucky","Trimble County",1,47,106,49,57
050,21,223,"Kentucky","Trimble County",1,48,123,57,66
050,21,223,"Kentucky","Trimble County",1,49,138,75,63
050,21,223,"Kentucky","Trimble County",1,50,131,69,62
050,21,223,"Kentucky","Trimble County",1,51,145,77,68
050,21,223,"Kentucky","Trimble County",1,52,132,77,55
050,21,223,"Kentucky","Trimble County",1,53,131,82,49
050,21,223,"Kentucky","Trimble County",1,54,109,51,58
050,21,223,"Kentucky","Trimble County",1,55,132,64,68
050,21,223,"Kentucky","Trimble County",1,56,130,60,70
050,21,223,"Kentucky","Trimble County",1,57,150,78,72
050,21,223,"Kentucky","Trimble County",1,58,137,73,64
050,21,223,"Kentucky","Trimble County",1,59,138,73,65
050,21,223,"Kentucky","Trimble County",1,60,132,76,56
050,21,223,"Kentucky","Trimble County",1,61,122,65,57
050,21,223,"Kentucky","Trimble County",1,62,134,65,69
050,21,223,"Kentucky","Trimble County",1,63,121,63,58
050,21,223,"Kentucky","Trimble County",1,64,101,43,58
050,21,223,"Kentucky","Trimble County",1,65,111,60,51
050,21,223,"Kentucky","Trimble County",1,66,101,50,51
050,21,223,"Kentucky","Trimble County",1,67,90,42,48
050,21,223,"Kentucky","Trimble County",1,68,108,54,54
050,21,223,"Kentucky","Trimble County",1,69,94,46,48
050,21,223,"Kentucky","Trimble County",1,70,91,47,44
050,21,223,"Kentucky","Trimble County",1,71,81,37,44
050,21,223,"Kentucky","Trimble County",1,72,102,46,56
050,21,223,"Kentucky","Trimble County",1,73,109,54,55
050,21,223,"Kentucky","Trimble County",1,74,74,37,37
050,21,223,"Kentucky","Trimble County",1,75,71,38,33
050,21,223,"Kentucky","Trimble County",1,76,57,29,28
050,21,223,"Kentucky","Trimble County",1,77,59,22,37
050,21,223,"Kentucky","Trimble County",1,78,50,20,30
050,21,223,"Kentucky","Trimble County",1,79,38,16,22
050,21,223,"Kentucky","Trimble County",1,80,39,19,20
050,21,223,"Kentucky","Trimble County",1,81,33,13,20
050,21,223,"Kentucky","Trimble County",1,82,34,14,20
050,21,223,"Kentucky","Trimble County",1,83,32,14,18
050,21,223,"Kentucky","Trimble County",1,84,34,15,19
050,21,223,"Kentucky","Trimble County",1,85,125,59,66
050,21,223,"Kentucky","Trimble County",2,0,94,48,46
050,21,223,"Kentucky","Trimble County",2,1,102,54,48
050,21,223,"Kentucky","Trimble County",2,2,90,48,42
050,21,223,"Kentucky","Trimble County",2,3,90,50,40
050,21,223,"Kentucky","Trimble County",2,4,93,50,43
050,21,223,"Kentucky","Trimble County",2,5,95,47,48
050,21,223,"Kentucky","Trimble County",2,6,99,48,51
050,21,223,"Kentucky","Trimble County",2,7,99,51,48
050,21,223,"Kentucky","Trimble County",2,8,96,52,44
050,21,223,"Kentucky","Trimble County",2,9,101,54,47
050,21,223,"Kentucky","Trimble County",2,10,100,54,46
050,21,223,"Kentucky","Trimble County",2,11,108,53,55
050,21,223,"Kentucky","Trimble County",2,12,117,56,61
050,21,223,"Kentucky","Trimble County",2,13,115,62,53
050,21,223,"Kentucky","Trimble County",2,14,115,59,56
050,21,223,"Kentucky","Trimble County",2,15,121,62,59
050,21,223,"Kentucky","Trimble County",2,16,117,64,53
050,21,223,"Kentucky","Trimble County",2,17,108,54,54
050,21,223,"Kentucky","Trimble County",2,18,87,43,44
050,21,223,"Kentucky","Trimble County",2,19,73,39,34
050,21,223,"Kentucky","Trimble County",2,20,81,43,38
050,21,223,"Kentucky","Trimble County",2,21,88,41,47
050,21,223,"Kentucky","Trimble County",2,22,87,40,47
050,21,223,"Kentucky","Trimble County",2,23,90,46,44
050,21,223,"Kentucky","Trimble County",2,24,92,44,48
050,21,223,"Kentucky","Trimble County",2,25,99,51,48
050,21,223,"Kentucky","Trimble County",2,26,108,55,53
050,21,223,"Kentucky","Trimble County",2,27,110,60,50
050,21,223,"Kentucky","Trimble County",2,28,108,55,53
050,21,223,"Kentucky","Trimble County",2,29,105,52,53
050,21,223,"Kentucky","Trimble County",2,30,98,46,52
050,21,223,"Kentucky","Trimble County",2,31,99,50,49
050,21,223,"Kentucky","Trimble County",2,32,86,44,42
050,21,223,"Kentucky","Trimble County",2,33,81,37,44
050,21,223,"Kentucky","Trimble County",2,34,78,39,39
050,21,223,"Kentucky","Trimble County",2,35,87,42,45
050,21,223,"Kentucky","Trimble County",2,36,89,40,49
050,21,223,"Kentucky","Trimble County",2,37,92,42,50
050,21,223,"Kentucky","Trimble County",2,38,114,54,60
050,21,223,"Kentucky","Trimble County",2,39,108,57,51
050,21,223,"Kentucky","Trimble County",2,40,99,51,48
050,21,223,"Kentucky","Trimble County",2,41,92,48,44
050,21,223,"Kentucky","Trimble County",2,42,95,52,43
050,21,223,"Kentucky","Trimble County",2,43,87,41,46
050,21,223,"Kentucky","Trimble County",2,44,95,44,51
050,21,223,"Kentucky","Trimble County",2,45,111,51,60
050,21,223,"Kentucky","Trimble County",2,46,111,49,62
050,21,223,"Kentucky","Trimble County",2,47,107,49,58
050,21,223,"Kentucky","Trimble County",2,48,120,56,64
050,21,223,"Kentucky","Trimble County",2,49,135,71,64
050,21,223,"Kentucky","Trimble County",2,50,136,72,64
050,21,223,"Kentucky","Trimble County",2,51,143,77,66
050,21,223,"Kentucky","Trimble County",2,52,134,77,57
050,21,223,"Kentucky","Trimble County",2,53,131,80,51
050,21,223,"Kentucky","Trimble County",2,54,115,59,56
050,21,223,"Kentucky","Trimble County",2,55,128,62,66
050,21,223,"Kentucky","Trimble County",2,56,131,61,70
050,21,223,"Kentucky","Trimble County",2,57,145,74,71
050,21,223,"Kentucky","Trimble County",2,58,139,73,66
050,21,223,"Kentucky","Trimble County",2,59,137,72,65
050,21,223,"Kentucky","Trimble County",2,60,131,73,58
050,21,223,"Kentucky","Trimble County",2,61,123,67,56
050,21,223,"Kentucky","Trimble County",2,62,131,64,67
050,21,223,"Kentucky","Trimble County",2,63,126,64,62
050,21,223,"Kentucky","Trimble County",2,64,104,47,57
050,21,223,"Kentucky","Trimble County",2,65,109,56,53
050,21,223,"Kentucky","Trimble County",2,66,103,53,50
050,21,223,"Kentucky","Trimble County",2,67,90,44,46
050,21,223,"Kentucky","Trimble County",2,68,101,51,50
050,21,223,"Kentucky","Trimble County",2,69,97,47,50
050,21,223,"Kentucky","Trimble County",2,70,90,46,44
050,21,223,"Kentucky","Trimble County",2,71,83,39,44
050,21,223,"Kentucky","Trimble County",2,72,94,43,51
050,21,223,"Kentucky","Trimble County",2,73,111,53,58
050,21,223,"Kentucky","Trimble County",2,74,77,38,39
050,21,223,"Kentucky","Trimble County",2,75,73,38,35
050,21,223,"Kentucky","Trimble County",2,76,59,31,28
050,21,223,"Kentucky","Trimble County",2,77,59,24,35
050,21,223,"Kentucky","Trimble County",2,78,51,20,31
050,21,223,"Kentucky","Trimble County",2,79,41,17,24
050,21,223,"Kentucky","Trimble County",2,80,36,18,18
050,21,223,"Kentucky","Trimble County",2,81,33,14,19
050,21,223,"Kentucky","Trimble County",2,82,33,14,19
050,21,223,"Kentucky","Trimble County",2,83,32,14,18
050,21,223,"Kentucky","Trimble County",2,84,33,14,19
050,21,223,"Kentucky","Trimble County",2,85,129,62,67
050,21,223,"Kentucky","Trimble County",3,0,87,39,48
050,21,223,"Kentucky","Trimble County",3,1,85,41,44
050,21,223,"Kentucky","Trimble County",3,2,114,55,59
050,21,223,"Kentucky","Trimble County",3,3,91,48,43
050,21,223,"Kentucky","Trimble County",3,4,99,53,46
050,21,223,"Kentucky","Trimble County",3,5,99,53,46
050,21,223,"Kentucky","Trimble County",3,6,96,50,46
050,21,223,"Kentucky","Trimble County",3,7,99,51,48
050,21,223,"Kentucky","Trimble County",3,8,98,51,47
050,21,223,"Kentucky","Trimble County",3,9,100,54,46
050,21,223,"Kentucky","Trimble County",3,10,108,55,53
050,21,223,"Kentucky","Trimble County",3,11,107,59,48
050,21,223,"Kentucky","Trimble County",3,12,119,58,61
050,21,223,"Kentucky","Trimble County",3,13,126,67,59
050,21,223,"Kentucky","Trimble County",3,14,121,60,61
050,21,223,"Kentucky","Trimble County",3,15,111,54,57
050,21,223,"Kentucky","Trimble County",3,16,115,58,57
050,21,223,"Kentucky","Trimble County",3,17,108,54,54
050,21,223,"Kentucky","Trimble County",3,18,89,45,44
050,21,223,"Kentucky","Trimble County",3,19,67,39,28
050,21,223,"Kentucky","Trimble County",3,20,70,40,30
050,21,223,"Kentucky","Trimble County",3,21,90,46,44
050,21,223,"Kentucky","Trimble County",3,22,105,49,56
050,21,223,"Kentucky","Trimble County",3,23,99,49,50
050,21,223,"Kentucky","Trimble County",3,24,97,50,47
050,21,223,"Kentucky","Trimble County",3,25,104,54,50
050,21,223,"Kentucky","Trimble County",3,26,100,57,43
050,21,223,"Kentucky","Trimble County",3,27,107,51,56
050,21,223,"Kentucky","Trimble County",3,28,108,59,49
050,21,223,"Kentucky","Trimble County",3,29,108,53,55
050,21,223,"Kentucky","Trimble County",3,30,110,54,56
050,21,223,"Kentucky","Trimble County",3,31,103,48,55
050,21,223,"Kentucky","Trimble County",3,32,101,54,47
050,21,223,"Kentucky","Trimble County",3,33,90,47,43
050,21,223,"Kentucky","Trimble County",3,34,88,42,46
050,21,223,"Kentucky","Trimble County",3,35,83,42,41
050,21,223,"Kentucky","Trimble County",3,36,89,42,47
050,21,223,"Kentucky","Trimble County",3,37,76,37,39
050,21,223,"Kentucky","Trimble County",3,38,88,38,50
050,21,223,"Kentucky","Trimble County",3,39,119,55,64
050,21,223,"Kentucky","Trimble County",3,40,105,52,53
050,21,223,"Kentucky","Trimble County",3,41,108,55,53
050,21,223,"Kentucky","Trimble County",3,42,99,52,47
050,21,223,"Kentucky","Trimble County",3,43,98,55,43
050,21,223,"Kentucky","Trimble County",3,44,96,46,50
050,21,223,"Kentucky","Trimble County",3,45,99,47,52
050,21,223,"Kentucky","Trimble County",3,46,112,51,61
050,21,223,"Kentucky","Trimble County",3,47,113,53,60
050,21,223,"Kentucky","Trimble County",3,48,112,53,59
050,21,223,"Kentucky","Trimble County",3,49,121,56,65
050,21,223,"Kentucky","Trimble County",3,50,135,73,62
050,21,223,"Kentucky","Trimble County",3,51,137,76,61
050,21,223,"Kentucky","Trimble County",3,52,139,74,65
050,21,223,"Kentucky","Trimble County",3,53,138,76,62
050,21,223,"Kentucky","Trimble County",3,54,137,81,56
050,21,223,"Kentucky","Trimble County",3,55,108,56,52
050,21,223,"Kentucky","Trimble County",3,56,130,63,67
050,21,223,"Kentucky","Trimble County",3,57,125,55,70
050,21,223,"Kentucky","Trimble County",3,58,150,80,70
050,21,223,"Kentucky","Trimble County",3,59,136,70,66
050,21,223,"Kentucky","Trimble County",3,60,134,70,64
050,21,223,"Kentucky","Trimble County",3,61,134,73,61
050,21,223,"Kentucky","Trimble County",3,62,121,69,52
050,21,223,"Kentucky","Trimble County",3,63,129,63,66
050,21,223,"Kentucky","Trimble County",3,64,118,60,58
050,21,223,"Kentucky","Trimble County",3,65,102,41,61
050,21,223,"Kentucky","Trimble County",3,66,107,55,52
050,21,223,"Kentucky","Trimble County",3,67,102,55,47
050,21,223,"Kentucky","Trimble County",3,68,86,39,47
050,21,223,"Kentucky","Trimble County",3,69,95,46,49
050,21,223,"Kentucky","Trimble County",3,70,91,45,46
050,21,223,"Kentucky","Trimble County",3,71,86,44,42
050,21,223,"Kentucky","Trimble County",3,72,78,36,42
050,21,223,"Kentucky","Trimble County",3,73,94,41,53
050,21,223,"Kentucky","Trimble County",3,74,108,51,57
050,21,223,"Kentucky","Trimble County",3,75,74,37,37
050,21,223,"Kentucky","Trimble County",3,76,65,33,32
050,21,223,"Kentucky","Trimble County",3,77,54,29,25
050,21,223,"Kentucky","Trimble County",3,78,55,23,32
050,21,223,"Kentucky","Trimble County",3,79,52,22,30
050,21,223,"Kentucky","Trimble County",3,80,36,15,21
050,21,223,"Kentucky","Trimble County",3,81,34,19,15
050,21,223,"Kentucky","Trimble County",3,82,31,13,18
050,21,223,"Kentucky","Trimble County",3,83,29,10,19
050,21,223,"Kentucky","Trimble County",3,84,30,13,17
050,21,223,"Kentucky","Trimble County",3,85,132,63,69
050,21,223,"Kentucky","Trimble County",4,0,80,39,41
050,21,223,"Kentucky","Trimble County",4,1,98,46,52
050,21,223,"Kentucky","Trimble County",4,2,80,39,41
050,21,223,"Kentucky","Trimble County",4,3,99,52,47
050,21,223,"Kentucky","Trimble County",4,4,97,47,50
050,21,223,"Kentucky","Trimble County",4,5,101,51,50
050,21,223,"Kentucky","Trimble County",4,6,102,54,48
050,21,223,"Kentucky","Trimble County",4,7,94,47,47
050,21,223,"Kentucky","Trimble County",4,8,101,54,47
050,21,223,"Kentucky","Trimble County",4,9,105,55,50
050,21,223,"Kentucky","Trimble County",4,10,103,55,48
050,21,223,"Kentucky","Trimble County",4,11,115,61,54
050,21,223,"Kentucky","Trimble County",4,12,96,52,44
050,21,223,"Kentucky","Trimble County",4,13,127,57,70
050,21,223,"Kentucky","Trimble County",4,14,117,60,57
050,21,223,"Kentucky","Trimble County",4,15,125,64,61
050,21,223,"Kentucky","Trimble County",4,16,110,55,55
050,21,223,"Kentucky","Trimble County",4,17,125,66,59
050,21,223,"Kentucky","Trimble County",4,18,94,48,46
050,21,223,"Kentucky","Trimble County",4,19,75,37,38
050,21,223,"Kentucky","Trimble County",4,20,72,39,33
050,21,223,"Kentucky","Trimble County",4,21,81,46,35
050,21,223,"Kentucky","Trimble County",4,22,92,44,48
050,21,223,"Kentucky","Trimble County",4,23,103,51,52
050,21,223,"Kentucky","Trimble County",4,24,101,53,48
050,21,223,"Kentucky","Trimble County",4,25,88,47,41
050,21,223,"Kentucky","Trimble County",4,26,98,50,48
050,21,223,"Kentucky","Trimble County",4,27,104,55,49
050,21,223,"Kentucky","Trimble County",4,28,114,53,61
050,21,223,"Kentucky","Trimble County",4,29,111,63,48
050,21,223,"Kentucky","Trimble County",4,30,102,53,49
050,21,223,"Kentucky","Trimble County",4,31,106,53,53
050,21,223,"Kentucky","Trimble County",4,32,109,55,54
050,21,223,"Kentucky","Trimble County",4,33,92,50,42
050,21,223,"Kentucky","Trimble County",4,34,91,44,47
050,21,223,"Kentucky","Trimble County",4,35,95,48,47
050,21,223,"Kentucky","Trimble County",4,36,87,40,47
050,21,223,"Kentucky","Trimble County",4,37,92,42,50
050,21,223,"Kentucky","Trimble County",4,38,90,46,44
050,21,223,"Kentucky","Trimble County",4,39,86,35,51
050,21,223,"Kentucky","Trimble County",4,40,111,49,62
050,21,223,"Kentucky","Trimble County",4,41,108,52,56
050,21,223,"Kentucky","Trimble County",4,42,110,56,54
050,21,223,"Kentucky","Trimble County",4,43,95,49,46
050,21,223,"Kentucky","Trimble County",4,44,94,56,38
050,21,223,"Kentucky","Trimble County",4,45,93,43,50
050,21,223,"Kentucky","Trimble County",4,46,97,47,50
050,21,223,"Kentucky","Trimble County",4,47,116,54,62
050,21,223,"Kentucky","Trimble County",4,48,122,59,63
050,21,223,"Kentucky","Trimble County",4,49,111,54,57
050,21,223,"Kentucky","Trimble County",4,50,116,54,62
050,21,223,"Kentucky","Trimble County",4,51,140,77,63
050,21,223,"Kentucky","Trimble County",4,52,136,73,63
050,21,223,"Kentucky","Trimble County",4,53,130,68,62
050,21,223,"Kentucky","Trimble County",4,54,131,73,58
050,21,223,"Kentucky","Trimble County",4,55,133,81,52
050,21,223,"Kentucky","Trimble County",4,56,110,55,55
050,21,223,"Kentucky","Trimble County",4,57,129,62,67
050,21,223,"Kentucky","Trimble County",4,58,122,55,67
050,21,223,"Kentucky","Trimble County",4,59,150,81,69
050,21,223,"Kentucky","Trimble County",4,60,134,69,65
050,21,223,"Kentucky","Trimble County",4,61,130,68,62
050,21,223,"Kentucky","Trimble County",4,62,129,71,58
050,21,223,"Kentucky","Trimble County",4,63,117,64,53
050,21,223,"Kentucky","Trimble County",4,64,134,62,72
050,21,223,"Kentucky","Trimble County",4,65,111,58,53
050,21,223,"Kentucky","Trimble County",4,66,93,34,59
050,21,223,"Kentucky","Trimble County",4,67,108,55,53
050,21,223,"Kentucky","Trimble County",4,68,105,58,47
050,21,223,"Kentucky","Trimble County",4,69,85,38,47
050,21,223,"Kentucky","Trimble County",4,70,96,47,49
050,21,223,"Kentucky","Trimble County",4,71,87,42,45
050,21,223,"Kentucky","Trimble County",4,72,82,42,40
050,21,223,"Kentucky","Trimble County",4,73,68,29,39
050,21,223,"Kentucky","Trimble County",4,74,89,40,49
050,21,223,"Kentucky","Trimble County",4,75,104,48,56
050,21,223,"Kentucky","Trimble County",4,76,75,37,38
050,21,223,"Kentucky","Trimble County",4,77,58,30,28
050,21,223,"Kentucky","Trimble County",4,78,54,28,26
050,21,223,"Kentucky","Trimble County",4,79,53,24,29
050,21,223,"Kentucky","Trimble County",4,80,47,20,27
050,21,223,"Kentucky","Trimble County",4,81,33,15,18
050,21,223,"Kentucky","Trimble County",4,82,30,17,13
050,21,223,"Kentucky","Trimble County",4,83,30,13,17
050,21,223,"Kentucky","Trimble County",4,84,27,8,19
050,21,223,"Kentucky","Trimble County",4,85,136,65,71
050,21,223,"Kentucky","Trimble County",5,0,85,42,43
050,21,223,"Kentucky","Trimble County",5,1,93,42,51
050,21,223,"Kentucky","Trimble County",5,2,93,44,49
050,21,223,"Kentucky","Trimble County",5,3,84,40,44
050,21,223,"Kentucky","Trimble County",5,4,109,52,57
050,21,223,"Kentucky","Trimble County",5,5,99,48,51
050,21,223,"Kentucky","Trimble County",5,6,101,54,47
050,21,223,"Kentucky","Trimble County",5,7,106,57,49
050,21,223,"Kentucky","Trimble County",5,8,84,46,38
050,21,223,"Kentucky","Trimble County",5,9,105,53,52
050,21,223,"Kentucky","Trimble County",5,10,109,58,51
050,21,223,"Kentucky","Trimble County",5,11,105,57,48
050,21,223,"Kentucky","Trimble County",5,12,129,66,63
050,21,223,"Kentucky","Trimble County",5,13,109,60,49
050,21,223,"Kentucky","Trimble County",5,14,120,55,65
050,21,223,"Kentucky","Trimble County",5,15,129,67,62
050,21,223,"Kentucky","Trimble County",5,16,131,68,63
050,21,223,"Kentucky","Trimble County",5,17,107,58,49
050,21,223,"Kentucky","Trimble County",5,18,98,53,45
050,21,223,"Kentucky","Trimble County",5,19,79,41,38
050,21,223,"Kentucky","Trimble County",5,20,83,40,43
050,21,223,"Kentucky","Trimble County",5,21,74,40,34
050,21,223,"Kentucky","Trimble County",5,22,85,45,40
050,21,223,"Kentucky","Trimble County",5,23,103,50,53
050,21,223,"Kentucky","Trimble County",5,24,99,51,48
050,21,223,"Kentucky","Trimble County",5,25,106,56,50
050,21,223,"Kentucky","Trimble County",5,26,91,48,43
050,21,223,"Kentucky","Trimble County",5,27,101,53,48
050,21,223,"Kentucky","Trimble County",5,28,96,54,42
050,21,223,"Kentucky","Trimble County",5,29,112,49,63
050,21,223,"Kentucky","Trimble County",5,30,110,63,47
050,21,223,"Kentucky","Trimble County",5,31,95,51,44
050,21,223,"Kentucky","Trimble County",5,32,113,52,61
050,21,223,"Kentucky","Trimble County",5,33,108,54,54
050,21,223,"Kentucky","Trimble County",5,34,93,49,44
050,21,223,"Kentucky","Trimble County",5,35,89,45,44
050,21,223,"Kentucky","Trimble County",5,36,105,51,54
050,21,223,"Kentucky","Trimble County",5,37,92,44,48
050,21,223,"Kentucky","Trimble County",5,38,93,41,52
050,21,223,"Kentucky","Trimble County",5,39,92,44,48
050,21,223,"Kentucky","Trimble County",5,40,90,35,55
050,21,223,"Kentucky","Trimble County",5,41,116,54,62
050,21,223,"Kentucky","Trimble County",5,42,105,50,55
050,21,223,"Kentucky","Trimble County",5,43,114,60,54
050,21,223,"Kentucky","Trimble County",5,44,101,53,48
050,21,223,"Kentucky","Trimble County",5,45,96,54,42
050,21,223,"Kentucky","Trimble County",5,46,96,46,50
050,21,223,"Kentucky","Trimble County",5,47,96,49,47
050,21,223,"Kentucky","Trimble County",5,48,115,50,65
050,21,223,"Kentucky","Trimble County",5,49,120,57,63
050,21,223,"Kentucky","Trimble County",5,50,106,51,55
050,21,223,"Kentucky","Trimble County",5,51,121,54,67
050,21,223,"Kentucky","Trimble County",5,52,135,72,63
050,21,223,"Kentucky","Trimble County",5,53,138,74,64
050,21,223,"Kentucky","Trimble County",5,54,131,70,61
050,21,223,"Kentucky","Trimble County",5,55,131,74,57
050,21,223,"Kentucky","Trimble County",5,56,139,82,57
050,21,223,"Kentucky","Trimble County",5,57,107,55,52
050,21,223,"Kentucky","Trimble County",5,58,130,62,68
050,21,223,"Kentucky","Trimble County",5,59,121,53,68
050,21,223,"Kentucky","Trimble County",5,60,149,79,70
050,21,223,"Kentucky","Trimble County",5,61,133,66,67
050,21,223,"Kentucky","Trimble County",5,62,125,65,60
050,21,223,"Kentucky","Trimble County",5,63,134,75,59
050,21,223,"Kentucky","Trimble County",5,64,115,62,53
050,21,223,"Kentucky","Trimble County",5,65,132,61,71
050,21,223,"Kentucky","Trimble County",5,66,105,52,53
050,21,223,"Kentucky","Trimble County",5,67,91,33,58
050,21,223,"Kentucky","Trimble County",5,68,105,53,52
050,21,223,"Kentucky","Trimble County",5,69,98,55,43
050,21,223,"Kentucky","Trimble County",5,70,82,38,44
050,21,223,"Kentucky","Trimble County",5,71,87,40,47
050,21,223,"Kentucky","Trimble County",5,72,85,41,44
050,21,223,"Kentucky","Trimble County",5,73,78,38,40
050,21,223,"Kentucky","Trimble County",5,74,67,30,37
050,21,223,"Kentucky","Trimble County",5,75,86,36,50
050,21,223,"Kentucky","Trimble County",5,76,104,48,56
050,21,223,"Kentucky","Trimble County",5,77,70,34,36
050,21,223,"Kentucky","Trimble County",5,78,60,30,30
050,21,223,"Kentucky","Trimble County",5,79,51,27,24
050,21,223,"Kentucky","Trimble County",5,80,50,24,26
050,21,223,"Kentucky","Trimble County",5,81,45,20,25
050,21,223,"Kentucky","Trimble County",5,82,30,13,17
050,21,223,"Kentucky","Trimble County",5,83,29,17,12
050,21,223,"Kentucky","Trimble County",5,84,32,14,18
050,21,223,"Kentucky","Trimble County",5,85,141,63,78
050,21,225,"Kentucky","Union County",1,0,145,76,69
050,21,225,"Kentucky","Union County",1,1,130,72,58
050,21,225,"Kentucky","Union County",1,2,124,62,62
050,21,225,"Kentucky","Union County",1,3,141,73,68
050,21,225,"Kentucky","Union County",1,4,129,64,65
050,21,225,"Kentucky","Union County",1,5,145,75,70
050,21,225,"Kentucky","Union County",1,6,151,85,66
050,21,225,"Kentucky","Union County",1,7,141,76,65
050,21,225,"Kentucky","Union County",1,8,130,67,63
050,21,225,"Kentucky","Union County",1,9,132,76,56
050,21,225,"Kentucky","Union County",1,10,141,80,61
050,21,225,"Kentucky","Union County",1,11,144,64,80
050,21,225,"Kentucky","Union County",1,12,151,76,75
050,21,225,"Kentucky","Union County",1,13,167,82,85
050,21,225,"Kentucky","Union County",1,14,132,66,66
050,21,225,"Kentucky","Union County",1,15,126,69,57
050,21,225,"Kentucky","Union County",1,16,139,67,72
050,21,225,"Kentucky","Union County",1,17,162,86,76
050,21,225,"Kentucky","Union County",1,18,196,108,88
050,21,225,"Kentucky","Union County",1,19,213,133,80
050,21,225,"Kentucky","Union County",1,20,204,125,79
050,21,225,"Kentucky","Union County",1,21,190,114,76
050,21,225,"Kentucky","Union County",1,22,176,102,74
050,21,225,"Kentucky","Union County",1,23,174,103,71
050,21,225,"Kentucky","Union County",1,24,189,111,78
050,21,225,"Kentucky","Union County",1,25,180,107,73
050,21,225,"Kentucky","Union County",1,26,152,81,71
050,21,225,"Kentucky","Union County",1,27,183,91,92
050,21,225,"Kentucky","Union County",1,28,175,88,87
050,21,225,"Kentucky","Union County",1,29,168,85,83
050,21,225,"Kentucky","Union County",1,30,171,88,83
050,21,225,"Kentucky","Union County",1,31,150,68,82
050,21,225,"Kentucky","Union County",1,32,162,79,83
050,21,225,"Kentucky","Union County",1,33,158,82,76
050,21,225,"Kentucky","Union County",1,34,162,78,84
050,21,225,"Kentucky","Union County",1,35,165,90,75
050,21,225,"Kentucky","Union County",1,36,138,71,67
050,21,225,"Kentucky","Union County",1,37,176,82,94
050,21,225,"Kentucky","Union County",1,38,180,86,94
050,21,225,"Kentucky","Union County",1,39,196,98,98
050,21,225,"Kentucky","Union County",1,40,185,92,93
050,21,225,"Kentucky","Union County",1,41,176,86,90
050,21,225,"Kentucky","Union County",1,42,158,82,76
050,21,225,"Kentucky","Union County",1,43,170,90,80
050,21,225,"Kentucky","Union County",1,44,183,87,96
050,21,225,"Kentucky","Union County",1,45,185,94,91
050,21,225,"Kentucky","Union County",1,46,160,75,85
050,21,225,"Kentucky","Union County",1,47,168,76,92
050,21,225,"Kentucky","Union County",1,48,187,95,92
050,21,225,"Kentucky","Union County",1,49,189,102,87
050,21,225,"Kentucky","Union County",1,50,180,90,90
050,21,225,"Kentucky","Union County",1,51,162,77,85
050,21,225,"Kentucky","Union County",1,52,168,84,84
050,21,225,"Kentucky","Union County",1,53,167,83,84
050,21,225,"Kentucky","Union County",1,54,199,99,100
050,21,225,"Kentucky","Union County",1,55,209,100,109
050,21,225,"Kentucky","Union County",1,56,199,98,101
050,21,225,"Kentucky","Union County",1,57,184,94,90
050,21,225,"Kentucky","Union County",1,58,184,84,100
050,21,225,"Kentucky","Union County",1,59,198,92,106
050,21,225,"Kentucky","Union County",1,60,193,95,98
050,21,225,"Kentucky","Union County",1,61,224,100,124
050,21,225,"Kentucky","Union County",1,62,229,96,133
050,21,225,"Kentucky","Union County",1,63,197,87,110
050,21,225,"Kentucky","Union County",1,64,213,108,105
050,21,225,"Kentucky","Union County",1,65,203,105,98
050,21,225,"Kentucky","Union County",1,66,203,115,88
050,21,225,"Kentucky","Union County",1,67,191,102,89
050,21,225,"Kentucky","Union County",1,68,196,90,106
050,21,225,"Kentucky","Union County",1,69,182,87,95
050,21,225,"Kentucky","Union County",1,70,164,75,89
050,21,225,"Kentucky","Union County",1,71,156,83,73
050,21,225,"Kentucky","Union County",1,72,158,80,78
050,21,225,"Kentucky","Union County",1,73,154,72,82
050,21,225,"Kentucky","Union County",1,74,104,50,54
050,21,225,"Kentucky","Union County",1,75,107,50,57
050,21,225,"Kentucky","Union County",1,76,86,47,39
050,21,225,"Kentucky","Union County",1,77,71,32,39
050,21,225,"Kentucky","Union County",1,78,74,31,43
050,21,225,"Kentucky","Union County",1,79,66,26,40
050,21,225,"Kentucky","Union County",1,80,60,25,35
050,21,225,"Kentucky","Union County",1,81,60,23,37
050,21,225,"Kentucky","Union County",1,82,55,24,31
050,21,225,"Kentucky","Union County",1,83,41,17,24
050,21,225,"Kentucky","Union County",1,84,43,18,25
050,21,225,"Kentucky","Union County",1,85,241,66,175
050,21,225,"Kentucky","Union County",2,0,143,76,67
050,21,225,"Kentucky","Union County",2,1,132,73,59
050,21,225,"Kentucky","Union County",2,2,127,66,61
050,21,225,"Kentucky","Union County",2,3,135,70,65
050,21,225,"Kentucky","Union County",2,4,132,66,66
050,21,225,"Kentucky","Union County",2,5,141,73,68
050,21,225,"Kentucky","Union County",2,6,151,84,67
050,21,225,"Kentucky","Union County",2,7,142,77,65
050,21,225,"Kentucky","Union County",2,8,132,69,63
050,21,225,"Kentucky","Union County",2,9,131,74,57
050,21,225,"Kentucky","Union County",2,10,140,78,62
050,21,225,"Kentucky","Union County",2,11,142,67,75
050,21,225,"Kentucky","Union County",2,12,150,73,77
050,21,225,"Kentucky","Union County",2,13,161,79,82
050,21,225,"Kentucky","Union County",2,14,139,70,69
050,21,225,"Kentucky","Union County",2,15,127,68,59
050,21,225,"Kentucky","Union County",2,16,137,69,68
050,21,225,"Kentucky","Union County",2,17,158,83,75
050,21,225,"Kentucky","Union County",2,18,191,107,84
050,21,225,"Kentucky","Union County",2,19,211,129,82
050,21,225,"Kentucky","Union County",2,20,201,122,79
050,21,225,"Kentucky","Union County",2,21,188,112,76
050,21,225,"Kentucky","Union County",2,22,177,102,75
050,21,225,"Kentucky","Union County",2,23,168,97,71
050,21,225,"Kentucky","Union County",2,24,184,109,75
050,21,225,"Kentucky","Union County",2,25,180,105,75
050,21,225,"Kentucky","Union County",2,26,158,85,73
050,21,225,"Kentucky","Union County",2,27,177,91,86
050,21,225,"Kentucky","Union County",2,28,177,90,87
050,21,225,"Kentucky","Union County",2,29,168,86,82
050,21,225,"Kentucky","Union County",2,30,171,88,83
050,21,225,"Kentucky","Union County",2,31,153,70,83
050,21,225,"Kentucky","Union County",2,32,159,76,83
050,21,225,"Kentucky","Union County",2,33,159,82,77
050,21,225,"Kentucky","Union County",2,34,161,79,82
050,21,225,"Kentucky","Union County",2,35,165,88,77
050,21,225,"Kentucky","Union County",2,36,143,74,69
050,21,225,"Kentucky","Union County",2,37,168,81,87
050,21,225,"Kentucky","Union County",2,38,180,86,94
050,21,225,"Kentucky","Union County",2,39,193,95,98
050,21,225,"Kentucky","Union County",2,40,191,95,96
050,21,225,"Kentucky","Union County",2,41,178,87,91
050,21,225,"Kentucky","Union County",2,42,162,82,80
050,21,225,"Kentucky","Union County",2,43,169,90,79
050,21,225,"Kentucky","Union County",2,44,176,86,90
050,21,225,"Kentucky","Union County",2,45,185,92,93
050,21,225,"Kentucky","Union County",2,46,165,79,86
050,21,225,"Kentucky","Union County",2,47,166,75,91
050,21,225,"Kentucky","Union County",2,48,183,91,92
050,21,225,"Kentucky","Union County",2,49,191,102,89
050,21,225,"Kentucky","Union County",2,50,184,94,90
050,21,225,"Kentucky","Union County",2,51,166,80,86
050,21,225,"Kentucky","Union County",2,52,166,81,85
050,21,225,"Kentucky","Union County",2,53,167,83,84
050,21,225,"Kentucky","Union County",2,54,193,96,97
050,21,225,"Kentucky","Union County",2,55,204,99,105
050,21,225,"Kentucky","Union County",2,56,202,98,104
050,21,225,"Kentucky","Union County",2,57,187,94,93
050,21,225,"Kentucky","Union County",2,58,184,86,98
050,21,225,"Kentucky","Union County",2,59,197,91,106
050,21,225,"Kentucky","Union County",2,60,193,94,99
050,21,225,"Kentucky","Union County",2,61,216,98,118
050,21,225,"Kentucky","Union County",2,62,226,96,130
050,21,225,"Kentucky","Union County",2,63,203,89,114
050,21,225,"Kentucky","Union County",2,64,206,101,105
050,21,225,"Kentucky","Union County",2,65,204,106,98
050,21,225,"Kentucky","Union County",2,66,204,114,90
050,21,225,"Kentucky","Union County",2,67,194,105,89
050,21,225,"Kentucky","Union County",2,68,193,92,101
050,21,225,"Kentucky","Union County",2,69,185,87,98
050,21,225,"Kentucky","Union County",2,70,168,78,90
050,21,225,"Kentucky","Union County",2,71,155,79,76
050,21,225,"Kentucky","Union County",2,72,154,79,75
050,21,225,"Kentucky","Union County",2,73,162,76,86
050,21,225,"Kentucky","Union County",2,74,108,52,56
050,21,225,"Kentucky","Union County",2,75,107,50,57
050,21,225,"Kentucky","Union County",2,76,87,45,42
050,21,225,"Kentucky","Union County",2,77,74,35,39
050,21,225,"Kentucky","Union County",2,78,74,32,42
050,21,225,"Kentucky","Union County",2,79,67,27,40
050,21,225,"Kentucky","Union County",2,80,62,25,37
050,21,225,"Kentucky","Union County",2,81,59,23,36
050,21,225,"Kentucky","Union County",2,82,55,23,32
050,21,225,"Kentucky","Union County",2,83,42,19,23
050,21,225,"Kentucky","Union County",2,84,43,18,25
050,21,225,"Kentucky","Union County",2,85,243,66,177
050,21,225,"Kentucky","Union County",3,0,148,85,63
050,21,225,"Kentucky","Union County",3,1,144,78,66
050,21,225,"Kentucky","Union County",3,2,129,74,55
050,21,225,"Kentucky","Union County",3,3,122,62,60
050,21,225,"Kentucky","Union County",3,4,135,63,72
050,21,225,"Kentucky","Union County",3,5,140,68,72
050,21,225,"Kentucky","Union County",3,6,131,66,65
050,21,225,"Kentucky","Union County",3,7,142,81,61
050,21,225,"Kentucky","Union County",3,8,152,84,68
050,21,225,"Kentucky","Union County",3,9,125,63,62
050,21,225,"Kentucky","Union County",3,10,140,76,64
050,21,225,"Kentucky","Union County",3,11,151,88,63
050,21,225,"Kentucky","Union County",3,12,139,66,73
050,21,225,"Kentucky","Union County",3,13,152,75,77
050,21,225,"Kentucky","Union County",3,14,157,78,79
050,21,225,"Kentucky","Union County",3,15,136,69,67
050,21,225,"Kentucky","Union County",3,16,133,68,65
050,21,225,"Kentucky","Union County",3,17,136,66,70
050,21,225,"Kentucky","Union County",3,18,150,73,77
050,21,225,"Kentucky","Union County",3,19,149,77,72
050,21,225,"Kentucky","Union County",3,20,150,77,73
050,21,225,"Kentucky","Union County",3,21,140,80,60
050,21,225,"Kentucky","Union County",3,22,153,83,70
050,21,225,"Kentucky","Union County",3,23,136,72,64
050,21,225,"Kentucky","Union County",3,24,146,79,67
050,21,225,"Kentucky","Union County",3,25,146,73,73
050,21,225,"Kentucky","Union County",3,26,174,98,76
050,21,225,"Kentucky","Union County",3,27,153,85,68
050,21,225,"Kentucky","Union County",3,28,164,84,80
050,21,225,"Kentucky","Union County",3,29,174,86,88
050,21,225,"Kentucky","Union County",3,30,176,87,89
050,21,225,"Kentucky","Union County",3,31,172,90,82
050,21,225,"Kentucky","Union County",3,32,153,72,81
050,21,225,"Kentucky","Union County",3,33,161,80,81
050,21,225,"Kentucky","Union County",3,34,151,75,76
050,21,225,"Kentucky","Union County",3,35,167,83,84
050,21,225,"Kentucky","Union County",3,36,160,82,78
050,21,225,"Kentucky","Union County",3,37,147,76,71
050,21,225,"Kentucky","Union County",3,38,172,81,91
050,21,225,"Kentucky","Union County",3,39,183,86,97
050,21,225,"Kentucky","Union County",3,40,196,96,100
050,21,225,"Kentucky","Union County",3,41,179,90,89
050,21,225,"Kentucky","Union County",3,42,180,86,94
050,21,225,"Kentucky","Union County",3,43,162,85,77
050,21,225,"Kentucky","Union County",3,44,156,84,72
050,21,225,"Kentucky","Union County",3,45,174,84,90
050,21,225,"Kentucky","Union County",3,46,180,88,92
050,21,225,"Kentucky","Union County",3,47,166,74,92
050,21,225,"Kentucky","Union County",3,48,165,74,91
050,21,225,"Kentucky","Union County",3,49,178,87,91
050,21,225,"Kentucky","Union County",3,50,190,100,90
050,21,225,"Kentucky","Union County",3,51,190,98,92
050,21,225,"Kentucky","Union County",3,52,169,78,91
050,21,225,"Kentucky","Union County",3,53,166,79,87
050,21,225,"Kentucky","Union County",3,54,170,87,83
050,21,225,"Kentucky","Union County",3,55,189,93,96
050,21,225,"Kentucky","Union County",3,56,195,98,97
050,21,225,"Kentucky","Union County",3,57,198,95,103
050,21,225,"Kentucky","Union County",3,58,186,96,90
050,21,225,"Kentucky","Union County",3,59,180,84,96
050,21,225,"Kentucky","Union County",3,60,190,88,102
050,21,225,"Kentucky","Union County",3,61,196,92,104
050,21,225,"Kentucky","Union County",3,62,203,92,111
050,21,225,"Kentucky","Union County",3,63,219,95,124
050,21,225,"Kentucky","Union County",3,64,204,88,116
050,21,225,"Kentucky","Union County",3,65,198,97,101
050,21,225,"Kentucky","Union County",3,66,204,104,100
050,21,225,"Kentucky","Union County",3,67,200,111,89
050,21,225,"Kentucky","Union County",3,68,194,104,90
050,21,225,"Kentucky","Union County",3,69,183,89,94
050,21,225,"Kentucky","Union County",3,70,178,82,96
050,21,225,"Kentucky","Union County",3,71,165,74,91
050,21,225,"Kentucky","Union County",3,72,147,74,73
050,21,225,"Kentucky","Union County",3,73,143,72,71
050,21,225,"Kentucky","Union County",3,74,151,73,78
050,21,225,"Kentucky","Union County",3,75,108,50,58
050,21,225,"Kentucky","Union County",3,76,98,45,53
050,21,225,"Kentucky","Union County",3,77,83,42,41
050,21,225,"Kentucky","Union County",3,78,74,36,38
050,21,225,"Kentucky","Union County",3,79,64,26,38
050,21,225,"Kentucky","Union County",3,80,62,24,38
050,21,225,"Kentucky","Union County",3,81,60,21,39
050,21,225,"Kentucky","Union County",3,82,51,19,32
050,21,225,"Kentucky","Union County",3,83,48,21,27
050,21,225,"Kentucky","Union County",3,84,39,16,23
050,21,225,"Kentucky","Union County",3,85,234,66,168
050,21,225,"Kentucky","Union County",4,0,143,72,71
050,21,225,"Kentucky","Union County",4,1,141,82,59
050,21,225,"Kentucky","Union County",4,2,149,84,65
050,21,225,"Kentucky","Union County",4,3,132,76,56
050,21,225,"Kentucky","Union County",4,4,130,65,65
050,21,225,"Kentucky","Union County",4,5,142,67,75
050,21,225,"Kentucky","Union County",4,6,137,68,69
050,21,225,"Kentucky","Union County",4,7,139,72,67
050,21,225,"Kentucky","Union County",4,8,145,79,66
050,21,225,"Kentucky","Union County",4,9,151,83,68
050,21,225,"Kentucky","Union County",4,10,130,66,64
050,21,225,"Kentucky","Union County",4,11,132,71,61
050,21,225,"Kentucky","Union County",4,12,142,85,57
050,21,225,"Kentucky","Union County",4,13,142,66,76
050,21,225,"Kentucky","Union County",4,14,147,73,74
050,21,225,"Kentucky","Union County",4,15,153,79,74
050,21,225,"Kentucky","Union County",4,16,140,74,66
050,21,225,"Kentucky","Union County",4,17,126,68,58
050,21,225,"Kentucky","Union County",4,18,137,72,65
050,21,225,"Kentucky","Union County",4,19,151,78,73
050,21,225,"Kentucky","Union County",4,20,150,79,71
050,21,225,"Kentucky","Union County",4,21,153,85,68
050,21,225,"Kentucky","Union County",4,22,141,77,64
050,21,225,"Kentucky","Union County",4,23,147,80,67
050,21,225,"Kentucky","Union County",4,24,138,74,64
050,21,225,"Kentucky","Union County",4,25,144,75,69
050,21,225,"Kentucky","Union County",4,26,153,78,75
050,21,225,"Kentucky","Union County",4,27,176,102,74
050,21,225,"Kentucky","Union County",4,28,156,82,74
050,21,225,"Kentucky","Union County",4,29,157,80,77
050,21,225,"Kentucky","Union County",4,30,183,88,95
050,21,225,"Kentucky","Union County",4,31,181,87,94
050,21,225,"Kentucky","Union County",4,32,177,92,85
050,21,225,"Kentucky","Union County",4,33,146,70,76
050,21,225,"Kentucky","Union County",4,34,156,80,76
050,21,225,"Kentucky","Union County",4,35,154,77,77
050,21,225,"Kentucky","Union County",4,36,154,71,83
050,21,225,"Kentucky","Union County",4,37,160,85,75
050,21,225,"Kentucky","Union County",4,38,142,72,70
050,21,225,"Kentucky","Union County",4,39,173,81,92
050,21,225,"Kentucky","Union County",4,40,184,88,96
050,21,225,"Kentucky","Union County",4,41,188,95,93
050,21,225,"Kentucky","Union County",4,42,180,87,93
050,21,225,"Kentucky","Union County",4,43,177,89,88
050,21,225,"Kentucky","Union County",4,44,157,80,77
050,21,225,"Kentucky","Union County",4,45,158,87,71
050,21,225,"Kentucky","Union County",4,46,161,74,87
050,21,225,"Kentucky","Union County",4,47,176,84,92
050,21,225,"Kentucky","Union County",4,48,165,75,90
050,21,225,"Kentucky","Union County",4,49,153,68,85
050,21,225,"Kentucky","Union County",4,50,179,87,92
050,21,225,"Kentucky","Union County",4,51,197,99,98
050,21,225,"Kentucky","Union County",4,52,182,91,91
050,21,225,"Kentucky","Union County",4,53,168,76,92
050,21,225,"Kentucky","Union County",4,54,162,79,83
050,21,225,"Kentucky","Union County",4,55,169,82,87
050,21,225,"Kentucky","Union County",4,56,186,91,95
050,21,225,"Kentucky","Union County",4,57,189,96,93
050,21,225,"Kentucky","Union County",4,58,200,96,104
050,21,225,"Kentucky","Union County",4,59,180,94,86
050,21,225,"Kentucky","Union County",4,60,172,79,93
050,21,225,"Kentucky","Union County",4,61,186,87,99
050,21,225,"Kentucky","Union County",4,62,189,88,101
050,21,225,"Kentucky","Union County",4,63,191,86,105
050,21,225,"Kentucky","Union County",4,64,216,92,124
050,21,225,"Kentucky","Union County",4,65,201,86,115
050,21,225,"Kentucky","Union County",4,66,189,90,99
050,21,225,"Kentucky","Union County",4,67,200,101,99
050,21,225,"Kentucky","Union County",4,68,187,104,83
050,21,225,"Kentucky","Union County",4,69,183,98,85
050,21,225,"Kentucky","Union County",4,70,176,83,93
050,21,225,"Kentucky","Union County",4,71,169,75,94
050,21,225,"Kentucky","Union County",4,72,154,69,85
050,21,225,"Kentucky","Union County",4,73,141,71,70
050,21,225,"Kentucky","Union County",4,74,131,67,64
050,21,225,"Kentucky","Union County",4,75,150,70,80
050,21,225,"Kentucky","Union County",4,76,94,44,50
050,21,225,"Kentucky","Union County",4,77,91,42,49
050,21,225,"Kentucky","Union County",4,78,82,42,40
050,21,225,"Kentucky","Union County",4,79,62,30,32
050,21,225,"Kentucky","Union County",4,80,61,26,35
050,21,225,"Kentucky","Union County",4,81,61,20,41
050,21,225,"Kentucky","Union County",4,82,51,19,32
050,21,225,"Kentucky","Union County",4,83,50,18,32
050,21,225,"Kentucky","Union County",4,84,45,18,27
050,21,225,"Kentucky","Union County",4,85,211,56,155
050,21,225,"Kentucky","Union County",5,0,160,82,78
050,21,225,"Kentucky","Union County",5,1,136,69,67
050,21,225,"Kentucky","Union County",5,2,138,83,55
050,21,225,"Kentucky","Union County",5,3,144,81,63
050,21,225,"Kentucky","Union County",5,4,133,77,56
050,21,225,"Kentucky","Union County",5,5,129,68,61
050,21,225,"Kentucky","Union County",5,6,136,65,71
050,21,225,"Kentucky","Union County",5,7,131,69,62
050,21,225,"Kentucky","Union County",5,8,132,62,70
050,21,225,"Kentucky","Union County",5,9,146,82,64
050,21,225,"Kentucky","Union County",5,10,148,84,64
050,21,225,"Kentucky","Union County",5,11,126,66,60
050,21,225,"Kentucky","Union County",5,12,133,72,61
050,21,225,"Kentucky","Union County",5,13,146,84,62
050,21,225,"Kentucky","Union County",5,14,145,68,77
050,21,225,"Kentucky","Union County",5,15,144,72,72
050,21,225,"Kentucky","Union County",5,16,162,85,77
050,21,225,"Kentucky","Union County",5,17,158,90,68
050,21,225,"Kentucky","Union County",5,18,144,82,62
050,21,225,"Kentucky","Union County",5,19,168,97,71
050,21,225,"Kentucky","Union County",5,20,164,89,75
050,21,225,"Kentucky","Union County",5,21,171,86,85
050,21,225,"Kentucky","Union County",5,22,161,94,67
050,21,225,"Kentucky","Union County",5,23,143,78,65
050,21,225,"Kentucky","Union County",5,24,152,89,63
050,21,225,"Kentucky","Union County",5,25,140,71,69
050,21,225,"Kentucky","Union County",5,26,138,70,68
050,21,225,"Kentucky","Union County",5,27,154,79,75
050,21,225,"Kentucky","Union County",5,28,170,95,75
050,21,225,"Kentucky","Union County",5,29,145,78,67
050,21,225,"Kentucky","Union County",5,30,164,89,75
050,21,225,"Kentucky","Union County",5,31,168,76,92
050,21,225,"Kentucky","Union County",5,32,172,83,89
050,21,225,"Kentucky","Union County",5,33,174,93,81
050,21,225,"Kentucky","Union County",5,34,137,61,76
050,21,225,"Kentucky","Union County",5,35,160,86,74
050,21,225,"Kentucky","Union County",5,36,146,72,74
050,21,225,"Kentucky","Union County",5,37,157,72,85
050,21,225,"Kentucky","Union County",5,38,159,87,72
050,21,225,"Kentucky","Union County",5,39,143,71,72
050,21,225,"Kentucky","Union County",5,40,175,81,94
050,21,225,"Kentucky","Union County",5,41,180,86,94
050,21,225,"Kentucky","Union County",5,42,184,91,93
050,21,225,"Kentucky","Union County",5,43,186,92,94
050,21,225,"Kentucky","Union County",5,44,177,86,91
050,21,225,"Kentucky","Union County",5,45,159,80,79
050,21,225,"Kentucky","Union County",5,46,154,82,72
050,21,225,"Kentucky","Union County",5,47,165,73,92
050,21,225,"Kentucky","Union County",5,48,173,79,94
050,21,225,"Kentucky","Union County",5,49,162,74,88
050,21,225,"Kentucky","Union County",5,50,156,74,82
050,21,225,"Kentucky","Union County",5,51,190,95,95
050,21,225,"Kentucky","Union County",5,52,192,95,97
050,21,225,"Kentucky","Union County",5,53,174,90,84
050,21,225,"Kentucky","Union County",5,54,166,78,88
050,21,225,"Kentucky","Union County",5,55,156,75,81
050,21,225,"Kentucky","Union County",5,56,160,76,84
050,21,225,"Kentucky","Union County",5,57,181,88,93
050,21,225,"Kentucky","Union County",5,58,187,97,90
050,21,225,"Kentucky","Union County",5,59,199,95,104
050,21,225,"Kentucky","Union County",5,60,169,90,79
050,21,225,"Kentucky","Union County",5,61,173,81,92
050,21,225,"Kentucky","Union County",5,62,183,83,100
050,21,225,"Kentucky","Union County",5,63,184,86,98
050,21,225,"Kentucky","Union County",5,64,183,81,102
050,21,225,"Kentucky","Union County",5,65,208,92,116
050,21,225,"Kentucky","Union County",5,66,197,85,112
050,21,225,"Kentucky","Union County",5,67,187,88,99
050,21,225,"Kentucky","Union County",5,68,197,100,97
050,21,225,"Kentucky","Union County",5,69,182,101,81
050,21,225,"Kentucky","Union County",5,70,183,97,86
050,21,225,"Kentucky","Union County",5,71,169,79,90
050,21,225,"Kentucky","Union County",5,72,164,73,91
050,21,225,"Kentucky","Union County",5,73,149,66,83
050,21,225,"Kentucky","Union County",5,74,129,66,63
050,21,225,"Kentucky","Union County",5,75,131,65,66
050,21,225,"Kentucky","Union County",5,76,133,59,74
050,21,225,"Kentucky","Union County",5,77,91,43,48
050,21,225,"Kentucky","Union County",5,78,92,44,48
050,21,225,"Kentucky","Union County",5,79,72,36,36
050,21,225,"Kentucky","Union County",5,80,62,29,33
050,21,225,"Kentucky","Union County",5,81,58,22,36
050,21,225,"Kentucky","Union County",5,82,51,18,33
050,21,225,"Kentucky","Union County",5,83,49,15,34
050,21,225,"Kentucky","Union County",5,84,49,16,33
050,21,225,"Kentucky","Union County",5,85,208,54,154
050,21,227,"Kentucky","Warren County",1,0,1739,894,845
050,21,227,"Kentucky","Warren County",1,1,1774,930,844
050,21,227,"Kentucky","Warren County",1,2,1712,907,805
050,21,227,"Kentucky","Warren County",1,3,1737,881,856
050,21,227,"Kentucky","Warren County",1,4,1778,880,898
050,21,227,"Kentucky","Warren County",1,5,1811,861,950
050,21,227,"Kentucky","Warren County",1,6,1744,885,859
050,21,227,"Kentucky","Warren County",1,7,1743,878,865
050,21,227,"Kentucky","Warren County",1,8,1709,870,839
050,21,227,"Kentucky","Warren County",1,9,1737,873,864
050,21,227,"Kentucky","Warren County",1,10,1782,880,902
050,21,227,"Kentucky","Warren County",1,11,1761,876,885
050,21,227,"Kentucky","Warren County",1,12,1806,907,899
050,21,227,"Kentucky","Warren County",1,13,1851,945,906
050,21,227,"Kentucky","Warren County",1,14,1826,908,918
050,21,227,"Kentucky","Warren County",1,15,1763,910,853
050,21,227,"Kentucky","Warren County",1,16,1766,910,856
050,21,227,"Kentucky","Warren County",1,17,1733,874,859
050,21,227,"Kentucky","Warren County",1,18,2423,1119,1304
050,21,227,"Kentucky","Warren County",1,19,3364,1588,1776
050,21,227,"Kentucky","Warren County",1,20,3180,1583,1597
050,21,227,"Kentucky","Warren County",1,21,3239,1658,1581
050,21,227,"Kentucky","Warren County",1,22,3158,1517,1641
050,21,227,"Kentucky","Warren County",1,23,2752,1428,1324
050,21,227,"Kentucky","Warren County",1,24,2293,1203,1090
050,21,227,"Kentucky","Warren County",1,25,2143,1163,980
050,21,227,"Kentucky","Warren County",1,26,1950,1045,905
050,21,227,"Kentucky","Warren County",1,27,1887,976,911
050,21,227,"Kentucky","Warren County",1,28,1949,1008,941
050,21,227,"Kentucky","Warren County",1,29,1828,916,912
050,21,227,"Kentucky","Warren County",1,30,1770,857,913
050,21,227,"Kentucky","Warren County",1,31,1722,857,865
050,21,227,"Kentucky","Warren County",1,32,1681,857,824
050,21,227,"Kentucky","Warren County",1,33,1600,811,789
050,21,227,"Kentucky","Warren County",1,34,1562,808,754
050,21,227,"Kentucky","Warren County",1,35,1618,822,796
050,21,227,"Kentucky","Warren County",1,36,1654,841,813
050,21,227,"Kentucky","Warren County",1,37,1697,864,833
050,21,227,"Kentucky","Warren County",1,38,1718,849,869
050,21,227,"Kentucky","Warren County",1,39,1810,925,885
050,21,227,"Kentucky","Warren County",1,40,1767,853,914
050,21,227,"Kentucky","Warren County",1,41,1661,796,865
050,21,227,"Kentucky","Warren County",1,42,1583,770,813
050,21,227,"Kentucky","Warren County",1,43,1570,743,827
050,21,227,"Kentucky","Warren County",1,44,1568,764,804
050,21,227,"Kentucky","Warren County",1,45,1591,816,775
050,21,227,"Kentucky","Warren County",1,46,1536,785,751
050,21,227,"Kentucky","Warren County",1,47,1568,807,761
050,21,227,"Kentucky","Warren County",1,48,1597,804,793
050,21,227,"Kentucky","Warren County",1,49,1668,838,830
050,21,227,"Kentucky","Warren County",1,50,1563,797,766
050,21,227,"Kentucky","Warren County",1,51,1431,738,693
050,21,227,"Kentucky","Warren County",1,52,1408,688,720
050,21,227,"Kentucky","Warren County",1,53,1421,699,722
050,21,227,"Kentucky","Warren County",1,54,1494,722,772
050,21,227,"Kentucky","Warren County",1,55,1597,798,799
050,21,227,"Kentucky","Warren County",1,56,1595,799,796
050,21,227,"Kentucky","Warren County",1,57,1604,832,772
050,21,227,"Kentucky","Warren County",1,58,1570,759,811
050,21,227,"Kentucky","Warren County",1,59,1436,661,775
050,21,227,"Kentucky","Warren County",1,60,1453,711,742
050,21,227,"Kentucky","Warren County",1,61,1474,720,754
050,21,227,"Kentucky","Warren County",1,62,1404,664,740
050,21,227,"Kentucky","Warren County",1,63,1338,626,712
050,21,227,"Kentucky","Warren County",1,64,1318,605,713
050,21,227,"Kentucky","Warren County",1,65,1310,620,690
050,21,227,"Kentucky","Warren County",1,66,1276,607,669
050,21,227,"Kentucky","Warren County",1,67,1196,552,644
050,21,227,"Kentucky","Warren County",1,68,1142,519,623
050,21,227,"Kentucky","Warren County",1,69,1044,479,565
050,21,227,"Kentucky","Warren County",1,70,1054,507,547
050,21,227,"Kentucky","Warren County",1,71,1019,488,531
050,21,227,"Kentucky","Warren County",1,72,1026,489,537
050,21,227,"Kentucky","Warren County",1,73,1007,466,541
050,21,227,"Kentucky","Warren County",1,74,715,334,381
050,21,227,"Kentucky","Warren County",1,75,700,326,374
050,21,227,"Kentucky","Warren County",1,76,676,308,368
050,21,227,"Kentucky","Warren County",1,77,653,308,345
050,21,227,"Kentucky","Warren County",1,78,565,263,302
050,21,227,"Kentucky","Warren County",1,79,528,221,307
050,21,227,"Kentucky","Warren County",1,80,437,183,254
050,21,227,"Kentucky","Warren County",1,81,417,173,244
050,21,227,"Kentucky","Warren County",1,82,400,183,217
050,21,227,"Kentucky","Warren County",1,83,335,147,188
050,21,227,"Kentucky","Warren County",1,84,283,110,173
050,21,227,"Kentucky","Warren County",1,85,1790,595,1195
050,21,227,"Kentucky","Warren County",2,0,1711,877,834
050,21,227,"Kentucky","Warren County",2,1,1767,925,842
050,21,227,"Kentucky","Warren County",2,2,1730,916,814
050,21,227,"Kentucky","Warren County",2,3,1725,885,840
050,21,227,"Kentucky","Warren County",2,4,1780,886,894
050,21,227,"Kentucky","Warren County",2,5,1814,872,942
050,21,227,"Kentucky","Warren County",2,6,1773,886,887
050,21,227,"Kentucky","Warren County",2,7,1752,887,865
050,21,227,"Kentucky","Warren County",2,8,1719,874,845
050,21,227,"Kentucky","Warren County",2,9,1735,873,862
050,21,227,"Kentucky","Warren County",2,10,1776,882,894
050,21,227,"Kentucky","Warren County",2,11,1768,879,889
050,21,227,"Kentucky","Warren County",2,12,1804,906,898
050,21,227,"Kentucky","Warren County",2,13,1846,937,909
050,21,227,"Kentucky","Warren County",2,14,1839,923,916
050,21,227,"Kentucky","Warren County",2,15,1788,914,874
050,21,227,"Kentucky","Warren County",2,16,1780,918,862
050,21,227,"Kentucky","Warren County",2,17,1763,893,870
050,21,227,"Kentucky","Warren County",2,18,2420,1117,1303
050,21,227,"Kentucky","Warren County",2,19,3375,1593,1782
050,21,227,"Kentucky","Warren County",2,20,3206,1588,1618
050,21,227,"Kentucky","Warren County",2,21,3232,1651,1581
050,21,227,"Kentucky","Warren County",2,22,3154,1513,1641
050,21,227,"Kentucky","Warren County",2,23,2752,1431,1321
050,21,227,"Kentucky","Warren County",2,24,2276,1200,1076
050,21,227,"Kentucky","Warren County",2,25,2148,1157,991
050,21,227,"Kentucky","Warren County",2,26,1946,1044,902
050,21,227,"Kentucky","Warren County",2,27,1894,986,908
050,21,227,"Kentucky","Warren County",2,28,1931,997,934
050,21,227,"Kentucky","Warren County",2,29,1859,941,918
050,21,227,"Kentucky","Warren County",2,30,1800,882,918
050,21,227,"Kentucky","Warren County",2,31,1731,857,874
050,21,227,"Kentucky","Warren County",2,32,1689,855,834
050,21,227,"Kentucky","Warren County",2,33,1617,821,796
050,21,227,"Kentucky","Warren County",2,34,1578,813,765
050,21,227,"Kentucky","Warren County",2,35,1619,825,794
050,21,227,"Kentucky","Warren County",2,36,1640,834,806
050,21,227,"Kentucky","Warren County",2,37,1690,859,831
050,21,227,"Kentucky","Warren County",2,38,1725,855,870
050,21,227,"Kentucky","Warren County",2,39,1787,905,882
050,21,227,"Kentucky","Warren County",2,40,1789,875,914
050,21,227,"Kentucky","Warren County",2,41,1692,814,878
050,21,227,"Kentucky","Warren County",2,42,1596,773,823
050,21,227,"Kentucky","Warren County",2,43,1587,754,833
050,21,227,"Kentucky","Warren County",2,44,1558,752,806
050,21,227,"Kentucky","Warren County",2,45,1602,814,788
050,21,227,"Kentucky","Warren County",2,46,1548,790,758
050,21,227,"Kentucky","Warren County",2,47,1560,802,758
050,21,227,"Kentucky","Warren County",2,48,1592,808,784
050,21,227,"Kentucky","Warren County",2,49,1665,840,825
050,21,227,"Kentucky","Warren County",2,50,1598,813,785
050,21,227,"Kentucky","Warren County",2,51,1460,750,710
050,21,227,"Kentucky","Warren County",2,52,1408,697,711
050,21,227,"Kentucky","Warren County",2,53,1421,697,724
050,21,227,"Kentucky","Warren County",2,54,1473,714,759
050,21,227,"Kentucky","Warren County",2,55,1576,784,792
050,21,227,"Kentucky","Warren County",2,56,1593,800,793
050,21,227,"Kentucky","Warren County",2,57,1605,824,781
050,21,227,"Kentucky","Warren County",2,58,1579,779,800
050,21,227,"Kentucky","Warren County",2,59,1481,690,791
050,21,227,"Kentucky","Warren County",2,60,1445,698,747
050,21,227,"Kentucky","Warren County",2,61,1461,713,748
050,21,227,"Kentucky","Warren County",2,62,1417,679,738
050,21,227,"Kentucky","Warren County",2,63,1364,640,724
050,21,227,"Kentucky","Warren County",2,64,1309,604,705
050,21,227,"Kentucky","Warren County",2,65,1304,610,694
050,21,227,"Kentucky","Warren County",2,66,1279,604,675
050,21,227,"Kentucky","Warren County",2,67,1209,561,648
050,21,227,"Kentucky","Warren County",2,68,1145,522,623
050,21,227,"Kentucky","Warren County",2,69,1076,492,584
050,21,227,"Kentucky","Warren County",2,70,1049,498,551
050,21,227,"Kentucky","Warren County",2,71,1028,492,536
050,21,227,"Kentucky","Warren County",2,72,1000,474,526
050,21,227,"Kentucky","Warren County",2,73,1057,495,562
050,21,227,"Kentucky","Warren County",2,74,733,344,389
050,21,227,"Kentucky","Warren County",2,75,703,328,375
050,21,227,"Kentucky","Warren County",2,76,673,309,364
050,21,227,"Kentucky","Warren County",2,77,672,313,359
050,21,227,"Kentucky","Warren County",2,78,575,270,305
050,21,227,"Kentucky","Warren County",2,79,528,226,302
050,21,227,"Kentucky","Warren County",2,80,455,191,264
050,21,227,"Kentucky","Warren County",2,81,412,173,239
050,21,227,"Kentucky","Warren County",2,82,401,180,221
050,21,227,"Kentucky","Warren County",2,83,343,153,190
050,21,227,"Kentucky","Warren County",2,84,289,112,177
050,21,227,"Kentucky","Warren County",2,85,1779,593,1186
050,21,227,"Kentucky","Warren County",3,0,1763,889,874
050,21,227,"Kentucky","Warren County",3,1,1701,885,816
050,21,227,"Kentucky","Warren County",3,2,1803,932,871
050,21,227,"Kentucky","Warren County",3,3,1759,927,832
050,21,227,"Kentucky","Warren County",3,4,1782,913,869
050,21,227,"Kentucky","Warren County",3,5,1816,896,920
050,21,227,"Kentucky","Warren County",3,6,1825,881,944
050,21,227,"Kentucky","Warren County",3,7,1815,918,897
050,21,227,"Kentucky","Warren County",3,8,1775,903,872
050,21,227,"Kentucky","Warren County",3,9,1730,875,855
050,21,227,"Kentucky","Warren County",3,10,1761,891,870
050,21,227,"Kentucky","Warren County",3,11,1797,886,911
050,21,227,"Kentucky","Warren County",3,12,1815,903,912
050,21,227,"Kentucky","Warren County",3,13,1837,929,908
050,21,227,"Kentucky","Warren County",3,14,1891,967,924
050,21,227,"Kentucky","Warren County",3,15,1844,935,909
050,21,227,"Kentucky","Warren County",3,16,1835,949,886
050,21,227,"Kentucky","Warren County",3,17,1786,910,876
050,21,227,"Kentucky","Warren County",3,18,2374,1103,1271
050,21,227,"Kentucky","Warren County",3,19,3283,1544,1739
050,21,227,"Kentucky","Warren County",3,20,3160,1559,1601
050,21,227,"Kentucky","Warren County",3,21,3308,1676,1632
050,21,227,"Kentucky","Warren County",3,22,3192,1521,1671
050,21,227,"Kentucky","Warren County",3,23,2826,1474,1352
050,21,227,"Kentucky","Warren County",3,24,2369,1256,1113
050,21,227,"Kentucky","Warren County",3,25,2194,1145,1049
050,21,227,"Kentucky","Warren County",3,26,1983,1048,935
050,21,227,"Kentucky","Warren County",3,27,1899,1012,887
050,21,227,"Kentucky","Warren County",3,28,1865,975,890
050,21,227,"Kentucky","Warren County",3,29,1959,1007,952
050,21,227,"Kentucky","Warren County",3,30,1901,950,951
050,21,227,"Kentucky","Warren County",3,31,1817,886,931
050,21,227,"Kentucky","Warren County",3,32,1738,867,871
050,21,227,"Kentucky","Warren County",3,33,1715,864,851
050,21,227,"Kentucky","Warren County",3,34,1640,833,807
050,21,227,"Kentucky","Warren County",3,35,1629,826,803
050,21,227,"Kentucky","Warren County",3,36,1635,828,807
050,21,227,"Kentucky","Warren County",3,37,1685,859,826
050,21,227,"Kentucky","Warren County",3,38,1702,865,837
050,21,227,"Kentucky","Warren County",3,39,1736,863,873
050,21,227,"Kentucky","Warren County",3,40,1841,921,920
050,21,227,"Kentucky","Warren County",3,41,1810,886,924
050,21,227,"Kentucky","Warren County",3,42,1706,813,893
050,21,227,"Kentucky","Warren County",3,43,1627,807,820
050,21,227,"Kentucky","Warren County",3,44,1602,758,844
050,21,227,"Kentucky","Warren County",3,45,1579,774,805
050,21,227,"Kentucky","Warren County",3,46,1620,823,797
050,21,227,"Kentucky","Warren County",3,47,1571,808,763
050,21,227,"Kentucky","Warren County",3,48,1546,793,753
050,21,227,"Kentucky","Warren County",3,49,1607,821,786
050,21,227,"Kentucky","Warren County",3,50,1729,855,874
050,21,227,"Kentucky","Warren County",3,51,1588,805,783
050,21,227,"Kentucky","Warren County",3,52,1495,760,735
050,21,227,"Kentucky","Warren County",3,53,1435,717,718
050,21,227,"Kentucky","Warren County",3,54,1400,690,710
050,21,227,"Kentucky","Warren County",3,55,1501,721,780
050,21,227,"Kentucky","Warren County",3,56,1554,774,780
050,21,227,"Kentucky","Warren County",3,57,1578,792,786
050,21,227,"Kentucky","Warren County",3,58,1599,818,781
050,21,227,"Kentucky","Warren County",3,59,1573,778,795
050,21,227,"Kentucky","Warren County",3,60,1480,692,788
050,21,227,"Kentucky","Warren County",3,61,1423,686,737
050,21,227,"Kentucky","Warren County",3,62,1440,699,741
050,21,227,"Kentucky","Warren County",3,63,1403,669,734
050,21,227,"Kentucky","Warren County",3,64,1362,643,719
050,21,227,"Kentucky","Warren County",3,65,1306,605,701
050,21,227,"Kentucky","Warren County",3,66,1269,588,681
050,21,227,"Kentucky","Warren County",3,67,1286,600,686
050,21,227,"Kentucky","Warren County",3,68,1187,549,638
050,21,227,"Kentucky","Warren County",3,69,1126,513,613
050,21,227,"Kentucky","Warren County",3,70,1059,484,575
050,21,227,"Kentucky","Warren County",3,71,1019,475,544
050,21,227,"Kentucky","Warren County",3,72,1005,469,536
050,21,227,"Kentucky","Warren County",3,73,982,466,516
050,21,227,"Kentucky","Warren County",3,74,1012,481,531
050,21,227,"Kentucky","Warren County",3,75,695,319,376
050,21,227,"Kentucky","Warren County",3,76,677,309,368
050,21,227,"Kentucky","Warren County",3,77,661,296,365
050,21,227,"Kentucky","Warren County",3,78,634,299,335
050,21,227,"Kentucky","Warren County",3,79,546,256,290
050,21,227,"Kentucky","Warren County",3,80,504,213,291
050,21,227,"Kentucky","Warren County",3,81,423,173,250
050,21,227,"Kentucky","Warren County",3,82,388,159,229
050,21,227,"Kentucky","Warren County",3,83,370,171,199
050,21,227,"Kentucky","Warren County",3,84,300,132,168
050,21,227,"Kentucky","Warren County",3,85,1762,609,1153
050,21,227,"Kentucky","Warren County",4,0,1846,947,899
050,21,227,"Kentucky","Warren County",4,1,1785,924,861
050,21,227,"Kentucky","Warren County",4,2,1772,911,861
050,21,227,"Kentucky","Warren County",4,3,1900,985,915
050,21,227,"Kentucky","Warren County",4,4,1806,937,869
050,21,227,"Kentucky","Warren County",4,5,1786,904,882
050,21,227,"Kentucky","Warren County",4,6,1861,929,932
050,21,227,"Kentucky","Warren County",4,7,1913,938,975
050,21,227,"Kentucky","Warren County",4,8,1847,931,916
050,21,227,"Kentucky","Warren County",4,9,1795,913,882
050,21,227,"Kentucky","Warren County",4,10,1764,878,886
050,21,227,"Kentucky","Warren County",4,11,1776,910,866
050,21,227,"Kentucky","Warren County",4,12,1854,917,937
050,21,227,"Kentucky","Warren County",4,13,1868,937,931
050,21,227,"Kentucky","Warren County",4,14,1893,964,929
050,21,227,"Kentucky","Warren County",4,15,1891,971,920
050,21,227,"Kentucky","Warren County",4,16,1913,965,948
050,21,227,"Kentucky","Warren County",4,17,1888,965,923
050,21,227,"Kentucky","Warren County",4,18,2417,1146,1271
050,21,227,"Kentucky","Warren County",4,19,3279,1541,1738
050,21,227,"Kentucky","Warren County",4,20,3125,1526,1599
050,21,227,"Kentucky","Warren County",4,21,3281,1657,1624
050,21,227,"Kentucky","Warren County",4,22,3349,1575,1774
050,21,227,"Kentucky","Warren County",4,23,2918,1509,1409
050,21,227,"Kentucky","Warren County",4,24,2382,1291,1091
050,21,227,"Kentucky","Warren County",4,25,2242,1175,1067
050,21,227,"Kentucky","Warren County",4,26,1984,1009,975
050,21,227,"Kentucky","Warren County",4,27,1952,1020,932
050,21,227,"Kentucky","Warren County",4,28,1915,991,924
050,21,227,"Kentucky","Warren County",4,29,1881,984,897
050,21,227,"Kentucky","Warren County",4,30,1985,1001,984
050,21,227,"Kentucky","Warren County",4,31,1895,958,937
050,21,227,"Kentucky","Warren County",4,32,1864,920,944
050,21,227,"Kentucky","Warren County",4,33,1778,887,891
050,21,227,"Kentucky","Warren County",4,34,1721,851,870
050,21,227,"Kentucky","Warren County",4,35,1639,814,825
050,21,227,"Kentucky","Warren County",4,36,1648,839,809
050,21,227,"Kentucky","Warren County",4,37,1692,848,844
050,21,227,"Kentucky","Warren County",4,38,1714,871,843
050,21,227,"Kentucky","Warren County",4,39,1747,880,867
050,21,227,"Kentucky","Warren County",4,40,1778,886,892
050,21,227,"Kentucky","Warren County",4,41,1901,957,944
050,21,227,"Kentucky","Warren County",4,42,1843,901,942
050,21,227,"Kentucky","Warren County",4,43,1719,809,910
050,21,227,"Kentucky","Warren County",4,44,1635,803,832
050,21,227,"Kentucky","Warren County",4,45,1637,787,850
050,21,227,"Kentucky","Warren County",4,46,1574,776,798
050,21,227,"Kentucky","Warren County",4,47,1631,831,800
050,21,227,"Kentucky","Warren County",4,48,1561,792,769
050,21,227,"Kentucky","Warren County",4,49,1569,800,769
050,21,227,"Kentucky","Warren County",4,50,1629,849,780
050,21,227,"Kentucky","Warren County",4,51,1726,859,867
050,21,227,"Kentucky","Warren County",4,52,1602,807,795
050,21,227,"Kentucky","Warren County",4,53,1513,775,738
050,21,227,"Kentucky","Warren County",4,54,1436,719,717
050,21,227,"Kentucky","Warren County",4,55,1424,700,724
050,21,227,"Kentucky","Warren County",4,56,1505,709,796
050,21,227,"Kentucky","Warren County",4,57,1582,788,794
050,21,227,"Kentucky","Warren County",4,58,1550,777,773
050,21,227,"Kentucky","Warren County",4,59,1607,826,781
050,21,227,"Kentucky","Warren County",4,60,1579,777,802
050,21,227,"Kentucky","Warren County",4,61,1490,709,781
050,21,227,"Kentucky","Warren County",4,62,1408,669,739
050,21,227,"Kentucky","Warren County",4,63,1434,692,742
050,21,227,"Kentucky","Warren County",4,64,1366,651,715
050,21,227,"Kentucky","Warren County",4,65,1344,636,708
050,21,227,"Kentucky","Warren County",4,66,1284,588,696
050,21,227,"Kentucky","Warren County",4,67,1259,583,676
050,21,227,"Kentucky","Warren County",4,68,1279,599,680
050,21,227,"Kentucky","Warren County",4,69,1158,533,625
050,21,227,"Kentucky","Warren County",4,70,1132,510,622
050,21,227,"Kentucky","Warren County",4,71,1033,467,566
050,21,227,"Kentucky","Warren County",4,72,989,453,536
050,21,227,"Kentucky","Warren County",4,73,973,453,520
050,21,227,"Kentucky","Warren County",4,74,957,455,502
050,21,227,"Kentucky","Warren County",4,75,981,453,528
050,21,227,"Kentucky","Warren County",4,76,674,311,363
050,21,227,"Kentucky","Warren County",4,77,654,296,358
050,21,227,"Kentucky","Warren County",4,78,633,283,350
050,21,227,"Kentucky","Warren County",4,79,605,280,325
050,21,227,"Kentucky","Warren County",4,80,507,241,266
050,21,227,"Kentucky","Warren County",4,81,468,195,273
050,21,227,"Kentucky","Warren County",4,82,399,160,239
050,21,227,"Kentucky","Warren County",4,83,357,146,211
050,21,227,"Kentucky","Warren County",4,84,327,138,189
050,21,227,"Kentucky","Warren County",4,85,1768,643,1125
050,21,227,"Kentucky","Warren County",5,0,1889,970,919
050,21,227,"Kentucky","Warren County",5,1,1957,968,989
050,21,227,"Kentucky","Warren County",5,2,1775,924,851
050,21,227,"Kentucky","Warren County",5,3,1821,931,890
050,21,227,"Kentucky","Warren County",5,4,1875,964,911
050,21,227,"Kentucky","Warren County",5,5,1811,950,861
050,21,227,"Kentucky","Warren County",5,6,1815,921,894
050,21,227,"Kentucky","Warren County",5,7,1863,922,941
050,21,227,"Kentucky","Warren County",5,8,1941,957,984
050,21,227,"Kentucky","Warren County",5,9,1858,934,924
050,21,227,"Kentucky","Warren County",5,10,1798,924,874
050,21,227,"Kentucky","Warren County",5,11,1792,870,922
050,21,227,"Kentucky","Warren County",5,12,1779,888,891
050,21,227,"Kentucky","Warren County",5,13,1897,940,957
050,21,227,"Kentucky","Warren County",5,14,1881,966,915
050,21,227,"Kentucky","Warren County",5,15,1871,942,929
050,21,227,"Kentucky","Warren County",5,16,1937,990,947
050,21,227,"Kentucky","Warren County",5,17,1915,959,956
050,21,227,"Kentucky","Warren County",5,18,2451,1154,1297
050,21,227,"Kentucky","Warren County",5,19,3295,1568,1727
050,21,227,"Kentucky","Warren County",5,20,3164,1548,1616
050,21,227,"Kentucky","Warren County",5,21,3259,1636,1623
050,21,227,"Kentucky","Warren County",5,22,3312,1566,1746
050,21,227,"Kentucky","Warren County",5,23,2994,1557,1437
050,21,227,"Kentucky","Warren County",5,24,2456,1314,1142
050,21,227,"Kentucky","Warren County",5,25,2277,1192,1085
050,21,227,"Kentucky","Warren County",5,26,2034,1057,977
050,21,227,"Kentucky","Warren County",5,27,1976,1006,970
050,21,227,"Kentucky","Warren County",5,28,1945,1013,932
050,21,227,"Kentucky","Warren County",5,29,1921,991,930
050,21,227,"Kentucky","Warren County",5,30,1917,993,924
050,21,227,"Kentucky","Warren County",5,31,2003,1026,977
050,21,227,"Kentucky","Warren County",5,32,1901,964,937
050,21,227,"Kentucky","Warren County",5,33,1909,934,975
050,21,227,"Kentucky","Warren County",5,34,1772,888,884
050,21,227,"Kentucky","Warren County",5,35,1732,842,890
050,21,227,"Kentucky","Warren County",5,36,1687,836,851
050,21,227,"Kentucky","Warren County",5,37,1692,876,816
050,21,227,"Kentucky","Warren County",5,38,1734,870,864
050,21,227,"Kentucky","Warren County",5,39,1736,877,859
050,21,227,"Kentucky","Warren County",5,40,1779,895,884
050,21,227,"Kentucky","Warren County",5,41,1815,910,905
050,21,227,"Kentucky","Warren County",5,42,1883,956,927
050,21,227,"Kentucky","Warren County",5,43,1820,893,927
050,21,227,"Kentucky","Warren County",5,44,1722,812,910
050,21,227,"Kentucky","Warren County",5,45,1642,809,833
050,21,227,"Kentucky","Warren County",5,46,1640,782,858
050,21,227,"Kentucky","Warren County",5,47,1593,781,812
050,21,227,"Kentucky","Warren County",5,48,1622,830,792
050,21,227,"Kentucky","Warren County",5,49,1557,778,779
050,21,227,"Kentucky","Warren County",5,50,1581,801,780
050,21,227,"Kentucky","Warren County",5,51,1643,859,784
050,21,227,"Kentucky","Warren County",5,52,1737,849,888
050,21,227,"Kentucky","Warren County",5,53,1619,809,810
050,21,227,"Kentucky","Warren County",5,54,1499,771,728
050,21,227,"Kentucky","Warren County",5,55,1449,713,736
050,21,227,"Kentucky","Warren County",5,56,1427,693,734
050,21,227,"Kentucky","Warren County",5,57,1538,731,807
050,21,227,"Kentucky","Warren County",5,58,1549,765,784
050,21,227,"Kentucky","Warren County",5,59,1560,785,775
050,21,227,"Kentucky","Warren County",5,60,1588,805,783
050,21,227,"Kentucky","Warren County",5,61,1555,770,785
050,21,227,"Kentucky","Warren County",5,62,1494,706,788
050,21,227,"Kentucky","Warren County",5,63,1423,681,742
050,21,227,"Kentucky","Warren County",5,64,1430,693,737
050,21,227,"Kentucky","Warren County",5,65,1380,661,719
050,21,227,"Kentucky","Warren County",5,66,1327,619,708
050,21,227,"Kentucky","Warren County",5,67,1278,582,696
050,21,227,"Kentucky","Warren County",5,68,1250,581,669
050,21,227,"Kentucky","Warren County",5,69,1239,576,663
050,21,227,"Kentucky","Warren County",5,70,1143,519,624
050,21,227,"Kentucky","Warren County",5,71,1103,494,609
050,21,227,"Kentucky","Warren County",5,72,1010,447,563
050,21,227,"Kentucky","Warren County",5,73,969,449,520
050,21,227,"Kentucky","Warren County",5,74,953,434,519
050,21,227,"Kentucky","Warren County",5,75,926,430,496
050,21,227,"Kentucky","Warren County",5,76,950,432,518
050,21,227,"Kentucky","Warren County",5,77,651,302,349
050,21,227,"Kentucky","Warren County",5,78,628,278,350
050,21,227,"Kentucky","Warren County",5,79,603,274,329
050,21,227,"Kentucky","Warren County",5,80,574,267,307
050,21,227,"Kentucky","Warren County",5,81,470,219,251
050,21,227,"Kentucky","Warren County",5,82,438,177,261
050,21,227,"Kentucky","Warren County",5,83,365,147,218
050,21,227,"Kentucky","Warren County",5,84,320,123,197
050,21,227,"Kentucky","Warren County",5,85,1845,691,1154
050,21,229,"Kentucky","Washington County",1,0,152,79,73
050,21,229,"Kentucky","Washington County",1,1,151,79,72
050,21,229,"Kentucky","Washington County",1,2,148,77,71
050,21,229,"Kentucky","Washington County",1,3,148,81,67
050,21,229,"Kentucky","Washington County",1,4,151,80,71
050,21,229,"Kentucky","Washington County",1,5,146,76,70
050,21,229,"Kentucky","Washington County",1,6,165,85,80
050,21,229,"Kentucky","Washington County",1,7,159,81,78
050,21,229,"Kentucky","Washington County",1,8,146,75,71
050,21,229,"Kentucky","Washington County",1,9,147,83,64
050,21,229,"Kentucky","Washington County",1,10,139,68,71
050,21,229,"Kentucky","Washington County",1,11,171,94,77
050,21,229,"Kentucky","Washington County",1,12,168,102,66
050,21,229,"Kentucky","Washington County",1,13,152,77,75
050,21,229,"Kentucky","Washington County",1,14,158,67,91
050,21,229,"Kentucky","Washington County",1,15,149,76,73
050,21,229,"Kentucky","Washington County",1,16,163,83,80
050,21,229,"Kentucky","Washington County",1,17,167,99,68
050,21,229,"Kentucky","Washington County",1,18,138,71,67
050,21,229,"Kentucky","Washington County",1,19,112,58,54
050,21,229,"Kentucky","Washington County",1,20,124,68,56
050,21,229,"Kentucky","Washington County",1,21,127,74,53
050,21,229,"Kentucky","Washington County",1,22,139,71,68
050,21,229,"Kentucky","Washington County",1,23,144,71,73
050,21,229,"Kentucky","Washington County",1,24,148,76,72
050,21,229,"Kentucky","Washington County",1,25,145,72,73
050,21,229,"Kentucky","Washington County",1,26,136,71,65
050,21,229,"Kentucky","Washington County",1,27,130,69,61
050,21,229,"Kentucky","Washington County",1,28,138,65,73
050,21,229,"Kentucky","Washington County",1,29,163,76,87
050,21,229,"Kentucky","Washington County",1,30,154,79,75
050,21,229,"Kentucky","Washington County",1,31,123,66,57
050,21,229,"Kentucky","Washington County",1,32,125,58,67
050,21,229,"Kentucky","Washington County",1,33,119,50,69
050,21,229,"Kentucky","Washington County",1,34,137,65,72
050,21,229,"Kentucky","Washington County",1,35,125,70,55
050,21,229,"Kentucky","Washington County",1,36,130,64,66
050,21,229,"Kentucky","Washington County",1,37,116,64,52
050,21,229,"Kentucky","Washington County",1,38,130,70,60
050,21,229,"Kentucky","Washington County",1,39,143,69,74
050,21,229,"Kentucky","Washington County",1,40,143,76,67
050,21,229,"Kentucky","Washington County",1,41,146,82,64
050,21,229,"Kentucky","Washington County",1,42,149,73,76
050,21,229,"Kentucky","Washington County",1,43,130,60,70
050,21,229,"Kentucky","Washington County",1,44,140,69,71
050,21,229,"Kentucky","Washington County",1,45,133,69,64
050,21,229,"Kentucky","Washington County",1,46,144,76,68
050,21,229,"Kentucky","Washington County",1,47,155,70,85
050,21,229,"Kentucky","Washington County",1,48,162,82,80
050,21,229,"Kentucky","Washington County",1,49,164,75,89
050,21,229,"Kentucky","Washington County",1,50,161,77,84
050,21,229,"Kentucky","Washington County",1,51,151,75,76
050,21,229,"Kentucky","Washington County",1,52,163,85,78
050,21,229,"Kentucky","Washington County",1,53,161,86,75
050,21,229,"Kentucky","Washington County",1,54,178,98,80
050,21,229,"Kentucky","Washington County",1,55,199,104,95
050,21,229,"Kentucky","Washington County",1,56,203,103,100
050,21,229,"Kentucky","Washington County",1,57,183,91,92
050,21,229,"Kentucky","Washington County",1,58,161,80,81
050,21,229,"Kentucky","Washington County",1,59,185,95,90
050,21,229,"Kentucky","Washington County",1,60,170,79,91
050,21,229,"Kentucky","Washington County",1,61,164,81,83
050,21,229,"Kentucky","Washington County",1,62,166,87,79
050,21,229,"Kentucky","Washington County",1,63,163,80,83
050,21,229,"Kentucky","Washington County",1,64,161,77,84
050,21,229,"Kentucky","Washington County",1,65,140,66,74
050,21,229,"Kentucky","Washington County",1,66,152,70,82
050,21,229,"Kentucky","Washington County",1,67,142,70,72
050,21,229,"Kentucky","Washington County",1,68,151,80,71
050,21,229,"Kentucky","Washington County",1,69,139,66,73
050,21,229,"Kentucky","Washington County",1,70,127,62,65
050,21,229,"Kentucky","Washington County",1,71,113,56,57
050,21,229,"Kentucky","Washington County",1,72,119,56,63
050,21,229,"Kentucky","Washington County",1,73,121,55,66
050,21,229,"Kentucky","Washington County",1,74,74,33,41
050,21,229,"Kentucky","Washington County",1,75,81,39,42
050,21,229,"Kentucky","Washington County",1,76,94,44,50
050,21,229,"Kentucky","Washington County",1,77,80,41,39
050,21,229,"Kentucky","Washington County",1,78,70,28,42
050,21,229,"Kentucky","Washington County",1,79,68,24,44
050,21,229,"Kentucky","Washington County",1,80,65,24,41
050,21,229,"Kentucky","Washington County",1,81,61,18,43
050,21,229,"Kentucky","Washington County",1,82,74,23,51
050,21,229,"Kentucky","Washington County",1,83,70,18,52
050,21,229,"Kentucky","Washington County",1,84,49,15,34
050,21,229,"Kentucky","Washington County",1,85,278,62,216
050,21,229,"Kentucky","Washington County",2,0,147,81,66
050,21,229,"Kentucky","Washington County",2,1,151,79,72
050,21,229,"Kentucky","Washington County",2,2,149,78,71
050,21,229,"Kentucky","Washington County",2,3,149,80,69
050,21,229,"Kentucky","Washington County",2,4,151,80,71
050,21,229,"Kentucky","Washington County",2,5,147,77,70
050,21,229,"Kentucky","Washington County",2,6,161,82,79
050,21,229,"Kentucky","Washington County",2,7,159,81,78
050,21,229,"Kentucky","Washington County",2,8,149,77,72
050,21,229,"Kentucky","Washington County",2,9,145,80,65
050,21,229,"Kentucky","Washington County",2,10,140,71,69
050,21,229,"Kentucky","Washington County",2,11,163,88,75
050,21,229,"Kentucky","Washington County",2,12,171,102,69
050,21,229,"Kentucky","Washington County",2,13,155,82,73
050,21,229,"Kentucky","Washington County",2,14,157,69,88
050,21,229,"Kentucky","Washington County",2,15,151,73,78
050,21,229,"Kentucky","Washington County",2,16,160,81,79
050,21,229,"Kentucky","Washington County",2,17,166,95,71
050,21,229,"Kentucky","Washington County",2,18,137,74,63
050,21,229,"Kentucky","Washington County",2,19,113,58,55
050,21,229,"Kentucky","Washington County",2,20,125,68,57
050,21,229,"Kentucky","Washington County",2,21,128,74,54
050,21,229,"Kentucky","Washington County",2,22,136,71,65
050,21,229,"Kentucky","Washington County",2,23,146,72,74
050,21,229,"Kentucky","Washington County",2,24,149,75,74
050,21,229,"Kentucky","Washington County",2,25,145,72,73
050,21,229,"Kentucky","Washington County",2,26,138,71,67
050,21,229,"Kentucky","Washington County",2,27,128,67,61
050,21,229,"Kentucky","Washington County",2,28,135,67,68
050,21,229,"Kentucky","Washington County",2,29,159,75,84
050,21,229,"Kentucky","Washington County",2,30,157,79,78
050,21,229,"Kentucky","Washington County",2,31,132,72,60
050,21,229,"Kentucky","Washington County",2,32,125,58,67
050,21,229,"Kentucky","Washington County",2,33,122,53,69
050,21,229,"Kentucky","Washington County",2,34,134,63,71
050,21,229,"Kentucky","Washington County",2,35,131,70,61
050,21,229,"Kentucky","Washington County",2,36,130,66,64
050,21,229,"Kentucky","Washington County",2,37,122,65,57
050,21,229,"Kentucky","Washington County",2,38,127,69,58
050,21,229,"Kentucky","Washington County",2,39,138,68,70
050,21,229,"Kentucky","Washington County",2,40,143,75,68
050,21,229,"Kentucky","Washington County",2,41,145,80,65
050,21,229,"Kentucky","Washington County",2,42,147,75,72
050,21,229,"Kentucky","Washington County",2,43,135,63,72
050,21,229,"Kentucky","Washington County",2,44,140,69,71
050,21,229,"Kentucky","Washington County",2,45,134,68,66
050,21,229,"Kentucky","Washington County",2,46,142,75,67
050,21,229,"Kentucky","Washington County",2,47,149,70,79
050,21,229,"Kentucky","Washington County",2,48,163,81,82
050,21,229,"Kentucky","Washington County",2,49,163,76,87
050,21,229,"Kentucky","Washington County",2,50,163,76,87
050,21,229,"Kentucky","Washington County",2,51,152,75,77
050,21,229,"Kentucky","Washington County",2,52,158,81,77
050,21,229,"Kentucky","Washington County",2,53,163,87,76
050,21,229,"Kentucky","Washington County",2,54,173,94,79
050,21,229,"Kentucky","Washington County",2,55,195,103,92
050,21,229,"Kentucky","Washington County",2,56,204,105,99
050,21,229,"Kentucky","Washington County",2,57,187,94,93
050,21,229,"Kentucky","Washington County",2,58,166,83,83
050,21,229,"Kentucky","Washington County",2,59,180,91,89
050,21,229,"Kentucky","Washington County",2,60,172,82,90
050,21,229,"Kentucky","Washington County",2,61,166,81,85
050,21,229,"Kentucky","Washington County",2,62,164,85,79
050,21,229,"Kentucky","Washington County",2,63,165,82,83
050,21,229,"Kentucky","Washington County",2,64,161,78,83
050,21,229,"Kentucky","Washington County",2,65,147,69,78
050,21,229,"Kentucky","Washington County",2,66,149,69,80
050,21,229,"Kentucky","Washington County",2,67,142,70,72
050,21,229,"Kentucky","Washington County",2,68,147,76,71
050,21,229,"Kentucky","Washington County",2,69,144,70,74
050,21,229,"Kentucky","Washington County",2,70,129,63,66
050,21,229,"Kentucky","Washington County",2,71,117,57,60
050,21,229,"Kentucky","Washington County",2,72,116,55,61
050,21,229,"Kentucky","Washington County",2,73,128,58,70
050,21,229,"Kentucky","Washington County",2,74,77,35,42
050,21,229,"Kentucky","Washington County",2,75,81,39,42
050,21,229,"Kentucky","Washington County",2,76,90,42,48
050,21,229,"Kentucky","Washington County",2,77,83,41,42
050,21,229,"Kentucky","Washington County",2,78,69,29,40
050,21,229,"Kentucky","Washington County",2,79,69,25,44
050,21,229,"Kentucky","Washington County",2,80,65,24,41
050,21,229,"Kentucky","Washington County",2,81,59,19,40
050,21,229,"Kentucky","Washington County",2,82,72,20,52
050,21,229,"Kentucky","Washington County",2,83,71,20,51
050,21,229,"Kentucky","Washington County",2,84,49,15,34
050,21,229,"Kentucky","Washington County",2,85,281,62,219
050,21,229,"Kentucky","Washington County",3,0,122,61,61
050,21,229,"Kentucky","Washington County",3,1,155,85,70
050,21,229,"Kentucky","Washington County",3,2,155,75,80
050,21,229,"Kentucky","Washington County",3,3,149,78,71
050,21,229,"Kentucky","Washington County",3,4,140,69,71
050,21,229,"Kentucky","Washington County",3,5,154,83,71
050,21,229,"Kentucky","Washington County",3,6,163,88,75
050,21,229,"Kentucky","Washington County",3,7,164,83,81
050,21,229,"Kentucky","Washington County",3,8,165,82,83
050,21,229,"Kentucky","Washington County",3,9,155,78,77
050,21,229,"Kentucky","Washington County",3,10,143,77,66
050,21,229,"Kentucky","Washington County",3,11,149,74,75
050,21,229,"Kentucky","Washington County",3,12,160,84,76
050,21,229,"Kentucky","Washington County",3,13,178,106,72
050,21,229,"Kentucky","Washington County",3,14,160,85,75
050,21,229,"Kentucky","Washington County",3,15,164,78,86
050,21,229,"Kentucky","Washington County",3,16,150,64,86
050,21,229,"Kentucky","Washington County",3,17,155,78,77
050,21,229,"Kentucky","Washington County",3,18,143,82,61
050,21,229,"Kentucky","Washington County",3,19,104,54,50
050,21,229,"Kentucky","Washington County",3,20,116,55,61
050,21,229,"Kentucky","Washington County",3,21,130,70,60
050,21,229,"Kentucky","Washington County",3,22,142,76,66
050,21,229,"Kentucky","Washington County",3,23,144,75,69
050,21,229,"Kentucky","Washington County",3,24,137,70,67
050,21,229,"Kentucky","Washington County",3,25,143,66,77
050,21,229,"Kentucky","Washington County",3,26,148,71,77
050,21,229,"Kentucky","Washington County",3,27,141,76,65
050,21,229,"Kentucky","Washington County",3,28,126,66,60
050,21,229,"Kentucky","Washington County",3,29,139,73,66
050,21,229,"Kentucky","Washington County",3,30,166,72,94
050,21,229,"Kentucky","Washington County",3,31,163,82,81
050,21,229,"Kentucky","Washington County",3,32,124,63,61
050,21,229,"Kentucky","Washington County",3,33,116,53,63
050,21,229,"Kentucky","Washington County",3,34,123,46,77
050,21,229,"Kentucky","Washington County",3,35,136,64,72
050,21,229,"Kentucky","Washington County",3,36,142,78,64
050,21,229,"Kentucky","Washington County",3,37,129,73,56
050,21,229,"Kentucky","Washington County",3,38,125,66,59
050,21,229,"Kentucky","Washington County",3,39,139,80,59
050,21,229,"Kentucky","Washington County",3,40,137,66,71
050,21,229,"Kentucky","Washington County",3,41,146,75,71
050,21,229,"Kentucky","Washington County",3,42,157,85,72
050,21,229,"Kentucky","Washington County",3,43,146,77,69
050,21,229,"Kentucky","Washington County",3,44,151,74,77
050,21,229,"Kentucky","Washington County",3,45,127,64,63
050,21,229,"Kentucky","Washington County",3,46,127,67,60
050,21,229,"Kentucky","Washington County",3,47,140,73,67
050,21,229,"Kentucky","Washington County",3,48,152,74,78
050,21,229,"Kentucky","Washington County",3,49,162,78,84
050,21,229,"Kentucky","Washington County",3,50,159,72,87
050,21,229,"Kentucky","Washington County",3,51,174,82,92
050,21,229,"Kentucky","Washington County",3,52,146,67,79
050,21,229,"Kentucky","Washington County",3,53,166,86,80
050,21,229,"Kentucky","Washington County",3,54,162,87,75
050,21,229,"Kentucky","Washington County",3,55,172,89,83
050,21,229,"Kentucky","Washington County",3,56,194,104,90
050,21,229,"Kentucky","Washington County",3,57,203,106,97
050,21,229,"Kentucky","Washington County",3,58,190,97,93
050,21,229,"Kentucky","Washington County",3,59,170,85,85
050,21,229,"Kentucky","Washington County",3,60,171,87,84
050,21,229,"Kentucky","Washington County",3,61,171,84,87
050,21,229,"Kentucky","Washington County",3,62,158,73,85
050,21,229,"Kentucky","Washington County",3,63,165,88,77
050,21,229,"Kentucky","Washington County",3,64,166,83,83
050,21,229,"Kentucky","Washington County",3,65,164,79,85
050,21,229,"Kentucky","Washington County",3,66,147,68,79
050,21,229,"Kentucky","Washington County",3,67,144,67,77
050,21,229,"Kentucky","Washington County",3,68,139,63,76
050,21,229,"Kentucky","Washington County",3,69,139,74,65
050,21,229,"Kentucky","Washington County",3,70,137,67,70
050,21,229,"Kentucky","Washington County",3,71,121,58,63
050,21,229,"Kentucky","Washington County",3,72,120,58,62
050,21,229,"Kentucky","Washington County",3,73,124,57,67
050,21,229,"Kentucky","Washington County",3,74,109,49,60
050,21,229,"Kentucky","Washington County",3,75,72,31,41
050,21,229,"Kentucky","Washington County",3,76,76,37,39
050,21,229,"Kentucky","Washington County",3,77,83,39,44
050,21,229,"Kentucky","Washington County",3,78,76,36,40
050,21,229,"Kentucky","Washington County",3,79,69,29,40
050,21,229,"Kentucky","Washington County",3,80,77,27,50
050,21,229,"Kentucky","Washington County",3,81,56,19,37
050,21,229,"Kentucky","Washington County",3,82,61,17,44
050,21,229,"Kentucky","Washington County",3,83,69,19,50
050,21,229,"Kentucky","Washington County",3,84,52,15,37
050,21,229,"Kentucky","Washington County",3,85,276,59,217
050,21,229,"Kentucky","Washington County",4,0,132,68,64
050,21,229,"Kentucky","Washington County",4,1,122,63,59
050,21,229,"Kentucky","Washington County",4,2,159,89,70
050,21,229,"Kentucky","Washington County",4,3,154,75,79
050,21,229,"Kentucky","Washington County",4,4,138,67,71
050,21,229,"Kentucky","Washington County",4,5,153,74,79
050,21,229,"Kentucky","Washington County",4,6,160,87,73
050,21,229,"Kentucky","Washington County",4,7,157,86,71
050,21,229,"Kentucky","Washington County",4,8,166,82,84
050,21,229,"Kentucky","Washington County",4,9,162,87,75
050,21,229,"Kentucky","Washington County",4,10,157,84,73
050,21,229,"Kentucky","Washington County",4,11,143,75,68
050,21,229,"Kentucky","Washington County",4,12,152,78,74
050,21,229,"Kentucky","Washington County",4,13,164,91,73
050,21,229,"Kentucky","Washington County",4,14,171,101,70
050,21,229,"Kentucky","Washington County",4,15,157,82,75
050,21,229,"Kentucky","Washington County",4,16,167,80,87
050,21,229,"Kentucky","Washington County",4,17,144,66,78
050,21,229,"Kentucky","Washington County",4,18,136,71,65
050,21,229,"Kentucky","Washington County",4,19,109,63,46
050,21,229,"Kentucky","Washington County",4,20,118,66,52
050,21,229,"Kentucky","Washington County",4,21,117,55,62
050,21,229,"Kentucky","Washington County",4,22,139,71,68
050,21,229,"Kentucky","Washington County",4,23,148,80,68
050,21,229,"Kentucky","Washington County",4,24,140,80,60
050,21,229,"Kentucky","Washington County",4,25,128,70,58
050,21,229,"Kentucky","Washington County",4,26,145,68,77
050,21,229,"Kentucky","Washington County",4,27,150,72,78
050,21,229,"Kentucky","Washington County",4,28,140,69,71
050,21,229,"Kentucky","Washington County",4,29,129,65,64
050,21,229,"Kentucky","Washington County",4,30,149,79,70
050,21,229,"Kentucky","Washington County",4,31,167,80,87
050,21,229,"Kentucky","Washington County",4,32,157,74,83
050,21,229,"Kentucky","Washington County",4,33,123,66,57
050,21,229,"Kentucky","Washington County",4,34,123,57,66
050,21,229,"Kentucky","Washington County",4,35,122,52,70
050,21,229,"Kentucky","Washington County",4,36,131,65,66
050,21,229,"Kentucky","Washington County",4,37,144,81,63
050,21,229,"Kentucky","Washington County",4,38,133,75,58
050,21,229,"Kentucky","Washington County",4,39,123,64,59
050,21,229,"Kentucky","Washington County",4,40,138,74,64
050,21,229,"Kentucky","Washington County",4,41,142,74,68
050,21,229,"Kentucky","Washington County",4,42,141,70,71
050,21,229,"Kentucky","Washington County",4,43,159,86,73
050,21,229,"Kentucky","Washington County",4,44,152,81,71
050,21,229,"Kentucky","Washington County",4,45,147,72,75
050,21,229,"Kentucky","Washington County",4,46,129,65,64
050,21,229,"Kentucky","Washington County",4,47,135,70,65
050,21,229,"Kentucky","Washington County",4,48,145,84,61
050,21,229,"Kentucky","Washington County",4,49,145,70,75
050,21,229,"Kentucky","Washington County",4,50,165,76,89
050,21,229,"Kentucky","Washington County",4,51,164,77,87
050,21,229,"Kentucky","Washington County",4,52,167,76,91
050,21,229,"Kentucky","Washington County",4,53,146,65,81
050,21,229,"Kentucky","Washington County",4,54,166,87,79
050,21,229,"Kentucky","Washington County",4,55,150,78,72
050,21,229,"Kentucky","Washington County",4,56,170,92,78
050,21,229,"Kentucky","Washington County",4,57,190,100,90
050,21,229,"Kentucky","Washington County",4,58,197,102,95
050,21,229,"Kentucky","Washington County",4,59,195,97,98
050,21,229,"Kentucky","Washington County",4,60,173,88,85
050,21,229,"Kentucky","Washington County",4,61,179,92,87
050,21,229,"Kentucky","Washington County",4,62,167,82,85
050,21,229,"Kentucky","Washington County",4,63,170,83,87
050,21,229,"Kentucky","Washington County",4,64,169,95,74
050,21,229,"Kentucky","Washington County",4,65,167,81,86
050,21,229,"Kentucky","Washington County",4,66,161,78,83
050,21,229,"Kentucky","Washington County",4,67,138,64,74
050,21,229,"Kentucky","Washington County",4,68,138,59,79
050,21,229,"Kentucky","Washington County",4,69,136,63,73
050,21,229,"Kentucky","Washington County",4,70,128,68,60
050,21,229,"Kentucky","Washington County",4,71,132,62,70
050,21,229,"Kentucky","Washington County",4,72,124,58,66
050,21,229,"Kentucky","Washington County",4,73,125,60,65
050,21,229,"Kentucky","Washington County",4,74,107,51,56
050,21,229,"Kentucky","Washington County",4,75,100,43,57
050,21,229,"Kentucky","Washington County",4,76,71,31,40
050,21,229,"Kentucky","Washington County",4,77,69,33,36
050,21,229,"Kentucky","Washington County",4,78,76,36,40
050,21,229,"Kentucky","Washington County",4,79,71,36,35
050,21,229,"Kentucky","Washington County",4,80,73,29,44
050,21,229,"Kentucky","Washington County",4,81,64,22,42
050,21,229,"Kentucky","Washington County",4,82,63,15,48
050,21,229,"Kentucky","Washington County",4,83,57,14,43
050,21,229,"Kentucky","Washington County",4,84,57,16,41
050,21,229,"Kentucky","Washington County",4,85,273,49,224
050,21,229,"Kentucky","Washington County",5,0,129,66,63
050,21,229,"Kentucky","Washington County",5,1,149,73,76
050,21,229,"Kentucky","Washington County",5,2,126,65,61
050,21,229,"Kentucky","Washington County",5,3,151,84,67
050,21,229,"Kentucky","Washington County",5,4,150,72,78
050,21,229,"Kentucky","Washington County",5,5,151,74,77
050,21,229,"Kentucky","Washington County",5,6,156,74,82
050,21,229,"Kentucky","Washington County",5,7,162,84,78
050,21,229,"Kentucky","Washington County",5,8,165,89,76
050,21,229,"Kentucky","Washington County",5,9,170,83,87
050,21,229,"Kentucky","Washington County",5,10,170,86,84
050,21,229,"Kentucky","Washington County",5,11,171,88,83
050,21,229,"Kentucky","Washington County",5,12,153,82,71
050,21,229,"Kentucky","Washington County",5,13,163,86,77
050,21,229,"Kentucky","Washington County",5,14,161,87,74
050,21,229,"Kentucky","Washington County",5,15,175,99,76
050,21,229,"Kentucky","Washington County",5,16,169,94,75
050,21,229,"Kentucky","Washington County",5,17,176,86,90
050,21,229,"Kentucky","Washington County",5,18,127,59,68
050,21,229,"Kentucky","Washington County",5,19,111,55,56
050,21,229,"Kentucky","Washington County",5,20,118,68,50
050,21,229,"Kentucky","Washington County",5,21,116,66,50
050,21,229,"Kentucky","Washington County",5,22,123,57,66
050,21,229,"Kentucky","Washington County",5,23,137,69,68
050,21,229,"Kentucky","Washington County",5,24,157,84,73
050,21,229,"Kentucky","Washington County",5,25,139,76,63
050,21,229,"Kentucky","Washington County",5,26,143,81,62
050,21,229,"Kentucky","Washington County",5,27,152,77,75
050,21,229,"Kentucky","Washington County",5,28,156,69,87
050,21,229,"Kentucky","Washington County",5,29,153,74,79
050,21,229,"Kentucky","Washington County",5,30,136,66,70
050,21,229,"Kentucky","Washington County",5,31,162,90,72
050,21,229,"Kentucky","Washington County",5,32,166,76,90
050,21,229,"Kentucky","Washington County",5,33,167,79,88
050,21,229,"Kentucky","Washington County",5,34,112,57,55
050,21,229,"Kentucky","Washington County",5,35,126,58,68
050,21,229,"Kentucky","Washington County",5,36,134,60,74
050,21,229,"Kentucky","Washington County",5,37,136,67,69
050,21,229,"Kentucky","Washington County",5,38,153,84,69
050,21,229,"Kentucky","Washington County",5,39,136,78,58
050,21,229,"Kentucky","Washington County",5,40,142,73,69
050,21,229,"Kentucky","Washington County",5,41,135,73,62
050,21,229,"Kentucky","Washington County",5,42,151,74,77
050,21,229,"Kentucky","Washington County",5,43,146,73,73
050,21,229,"Kentucky","Washington County",5,44,160,92,68
050,21,229,"Kentucky","Washington County",5,45,146,77,69
050,21,229,"Kentucky","Washington County",5,46,146,70,76
050,21,229,"Kentucky","Washington County",5,47,123,59,64
050,21,229,"Kentucky","Washington County",5,48,141,77,64
050,21,229,"Kentucky","Washington County",5,49,146,81,65
050,21,229,"Kentucky","Washington County",5,50,148,71,77
050,21,229,"Kentucky","Washington County",5,51,168,78,90
050,21,229,"Kentucky","Washington County",5,52,167,81,86
050,21,229,"Kentucky","Washington County",5,53,171,80,91
050,21,229,"Kentucky","Washington County",5,54,145,67,78
050,21,229,"Kentucky","Washington County",5,55,158,80,78
050,21,229,"Kentucky","Washington County",5,56,151,80,71
050,21,229,"Kentucky","Washington County",5,57,169,91,78
050,21,229,"Kentucky","Washington County",5,58,196,102,94
050,21,229,"Kentucky","Washington County",5,59,201,104,97
050,21,229,"Kentucky","Washington County",5,60,193,95,98
050,21,229,"Kentucky","Washington County",5,61,177,96,81
050,21,229,"Kentucky","Washington County",5,62,177,92,85
050,21,229,"Kentucky","Washington County",5,63,165,83,82
050,21,229,"Kentucky","Washington County",5,64,172,83,89
050,21,229,"Kentucky","Washington County",5,65,172,94,78
050,21,229,"Kentucky","Washington County",5,66,162,76,86
050,21,229,"Kentucky","Washington County",5,67,155,77,78
050,21,229,"Kentucky","Washington County",5,68,140,60,80
050,21,229,"Kentucky","Washington County",5,69,136,61,75
050,21,229,"Kentucky","Washington County",5,70,127,59,68
050,21,229,"Kentucky","Washington County",5,71,118,59,59
050,21,229,"Kentucky","Washington County",5,72,134,60,74
050,21,229,"Kentucky","Washington County",5,73,125,57,68
050,21,229,"Kentucky","Washington County",5,74,103,52,51
050,21,229,"Kentucky","Washington County",5,75,101,46,55
050,21,229,"Kentucky","Washington County",5,76,98,44,54
050,21,229,"Kentucky","Washington County",5,77,62,25,37
050,21,229,"Kentucky","Washington County",5,78,66,31,35
050,21,229,"Kentucky","Washington County",5,79,71,33,38
050,21,229,"Kentucky","Washington County",5,80,75,35,40
050,21,229,"Kentucky","Washington County",5,81,60,23,37
050,21,229,"Kentucky","Washington County",5,82,70,20,50
050,21,229,"Kentucky","Washington County",5,83,62,12,50
050,21,229,"Kentucky","Washington County",5,84,44,12,32
050,21,229,"Kentucky","Washington County",5,85,285,46,239
050,21,231,"Kentucky","Wayne County",1,0,204,104,100
050,21,231,"Kentucky","Wayne County",1,1,210,105,105
050,21,231,"Kentucky","Wayne County",1,2,210,108,102
050,21,231,"Kentucky","Wayne County",1,3,231,117,114
050,21,231,"Kentucky","Wayne County",1,4,237,124,113
050,21,231,"Kentucky","Wayne County",1,5,228,125,103
050,21,231,"Kentucky","Wayne County",1,6,217,118,99
050,21,231,"Kentucky","Wayne County",1,7,236,131,105
050,21,231,"Kentucky","Wayne County",1,8,223,109,114
050,21,231,"Kentucky","Wayne County",1,9,210,107,103
050,21,231,"Kentucky","Wayne County",1,10,225,107,118
050,21,231,"Kentucky","Wayne County",1,11,228,122,106
050,21,231,"Kentucky","Wayne County",1,12,227,108,119
050,21,231,"Kentucky","Wayne County",1,13,242,119,123
050,21,231,"Kentucky","Wayne County",1,14,223,110,113
050,21,231,"Kentucky","Wayne County",1,15,237,125,112
050,21,231,"Kentucky","Wayne County",1,16,249,129,120
050,21,231,"Kentucky","Wayne County",1,17,253,141,112
050,21,231,"Kentucky","Wayne County",1,18,193,109,84
050,21,231,"Kentucky","Wayne County",1,19,171,90,81
050,21,231,"Kentucky","Wayne County",1,20,198,100,98
050,21,231,"Kentucky","Wayne County",1,21,208,106,102
050,21,231,"Kentucky","Wayne County",1,22,195,100,95
050,21,231,"Kentucky","Wayne County",1,23,223,113,110
050,21,231,"Kentucky","Wayne County",1,24,226,123,103
050,21,231,"Kentucky","Wayne County",1,25,209,112,97
050,21,231,"Kentucky","Wayne County",1,26,225,113,112
050,21,231,"Kentucky","Wayne County",1,27,231,117,114
050,21,231,"Kentucky","Wayne County",1,28,239,120,119
050,21,231,"Kentucky","Wayne County",1,29,261,122,139
050,21,231,"Kentucky","Wayne County",1,30,237,120,117
050,21,231,"Kentucky","Wayne County",1,31,221,120,101
050,21,231,"Kentucky","Wayne County",1,32,219,116,103
050,21,231,"Kentucky","Wayne County",1,33,212,116,96
050,21,231,"Kentucky","Wayne County",1,34,202,104,98
050,21,231,"Kentucky","Wayne County",1,35,195,92,103
050,21,231,"Kentucky","Wayne County",1,36,211,100,111
050,21,231,"Kentucky","Wayne County",1,37,200,103,97
050,21,231,"Kentucky","Wayne County",1,38,192,101,91
050,21,231,"Kentucky","Wayne County",1,39,240,126,114
050,21,231,"Kentucky","Wayne County",1,40,255,132,123
050,21,231,"Kentucky","Wayne County",1,41,257,126,131
050,21,231,"Kentucky","Wayne County",1,42,226,109,117
050,21,231,"Kentucky","Wayne County",1,43,227,123,104
050,21,231,"Kentucky","Wayne County",1,44,219,112,107
050,21,231,"Kentucky","Wayne County",1,45,210,107,103
050,21,231,"Kentucky","Wayne County",1,46,234,122,112
050,21,231,"Kentucky","Wayne County",1,47,241,116,125
050,21,231,"Kentucky","Wayne County",1,48,256,136,120
050,21,231,"Kentucky","Wayne County",1,49,261,134,127
050,21,231,"Kentucky","Wayne County",1,50,276,143,133
050,21,231,"Kentucky","Wayne County",1,51,287,150,137
050,21,231,"Kentucky","Wayne County",1,52,249,130,119
050,21,231,"Kentucky","Wayne County",1,53,253,118,135
050,21,231,"Kentucky","Wayne County",1,54,259,124,135
050,21,231,"Kentucky","Wayne County",1,55,264,139,125
050,21,231,"Kentucky","Wayne County",1,56,288,141,147
050,21,231,"Kentucky","Wayne County",1,57,281,128,153
050,21,231,"Kentucky","Wayne County",1,58,262,129,133
050,21,231,"Kentucky","Wayne County",1,59,297,136,161
050,21,231,"Kentucky","Wayne County",1,60,305,142,163
050,21,231,"Kentucky","Wayne County",1,61,292,141,151
050,21,231,"Kentucky","Wayne County",1,62,299,147,152
050,21,231,"Kentucky","Wayne County",1,63,288,141,147
050,21,231,"Kentucky","Wayne County",1,64,300,151,149
050,21,231,"Kentucky","Wayne County",1,65,276,120,156
050,21,231,"Kentucky","Wayne County",1,66,273,135,138
050,21,231,"Kentucky","Wayne County",1,67,271,137,134
050,21,231,"Kentucky","Wayne County",1,68,273,139,134
050,21,231,"Kentucky","Wayne County",1,69,254,141,113
050,21,231,"Kentucky","Wayne County",1,70,252,123,129
050,21,231,"Kentucky","Wayne County",1,71,246,117,129
050,21,231,"Kentucky","Wayne County",1,72,231,105,126
050,21,231,"Kentucky","Wayne County",1,73,239,110,129
050,21,231,"Kentucky","Wayne County",1,74,177,80,97
050,21,231,"Kentucky","Wayne County",1,75,176,75,101
050,21,231,"Kentucky","Wayne County",1,76,182,84,98
050,21,231,"Kentucky","Wayne County",1,77,162,69,93
050,21,231,"Kentucky","Wayne County",1,78,142,61,81
050,21,231,"Kentucky","Wayne County",1,79,148,73,75
050,21,231,"Kentucky","Wayne County",1,80,113,61,52
050,21,231,"Kentucky","Wayne County",1,81,119,52,67
050,21,231,"Kentucky","Wayne County",1,82,108,52,56
050,21,231,"Kentucky","Wayne County",1,83,84,38,46
050,21,231,"Kentucky","Wayne County",1,84,81,37,44
050,21,231,"Kentucky","Wayne County",1,85,363,144,219
050,21,231,"Kentucky","Wayne County",2,0,204,98,106
050,21,231,"Kentucky","Wayne County",2,1,207,104,103
050,21,231,"Kentucky","Wayne County",2,2,211,107,104
050,21,231,"Kentucky","Wayne County",2,3,225,114,111
050,21,231,"Kentucky","Wayne County",2,4,237,123,114
050,21,231,"Kentucky","Wayne County",2,5,228,124,104
050,21,231,"Kentucky","Wayne County",2,6,219,122,97
050,21,231,"Kentucky","Wayne County",2,7,230,126,104
050,21,231,"Kentucky","Wayne County",2,8,225,113,112
050,21,231,"Kentucky","Wayne County",2,9,213,108,105
050,21,231,"Kentucky","Wayne County",2,10,223,108,115
050,21,231,"Kentucky","Wayne County",2,11,223,117,106
050,21,231,"Kentucky","Wayne County",2,12,230,113,117
050,21,231,"Kentucky","Wayne County",2,13,237,116,121
050,21,231,"Kentucky","Wayne County",2,14,226,111,115
050,21,231,"Kentucky","Wayne County",2,15,234,120,114
050,21,231,"Kentucky","Wayne County",2,16,250,131,119
050,21,231,"Kentucky","Wayne County",2,17,255,143,112
050,21,231,"Kentucky","Wayne County",2,18,198,112,86
050,21,231,"Kentucky","Wayne County",2,19,164,86,78
050,21,231,"Kentucky","Wayne County",2,20,200,101,99
050,21,231,"Kentucky","Wayne County",2,21,208,103,105
050,21,231,"Kentucky","Wayne County",2,22,203,103,100
050,21,231,"Kentucky","Wayne County",2,23,221,112,109
050,21,231,"Kentucky","Wayne County",2,24,229,123,106
050,21,231,"Kentucky","Wayne County",2,25,213,114,99
050,21,231,"Kentucky","Wayne County",2,26,222,112,110
050,21,231,"Kentucky","Wayne County",2,27,229,117,112
050,21,231,"Kentucky","Wayne County",2,28,237,120,117
050,21,231,"Kentucky","Wayne County",2,29,253,122,131
050,21,231,"Kentucky","Wayne County",2,30,245,123,122
050,21,231,"Kentucky","Wayne County",2,31,223,118,105
050,21,231,"Kentucky","Wayne County",2,32,215,113,102
050,21,231,"Kentucky","Wayne County",2,33,215,118,97
050,21,231,"Kentucky","Wayne County",2,34,202,104,98
050,21,231,"Kentucky","Wayne County",2,35,198,95,103
050,21,231,"Kentucky","Wayne County",2,36,207,98,109
050,21,231,"Kentucky","Wayne County",2,37,202,101,101
050,21,231,"Kentucky","Wayne County",2,38,195,104,91
050,21,231,"Kentucky","Wayne County",2,39,229,121,108
050,21,231,"Kentucky","Wayne County",2,40,254,131,123
050,21,231,"Kentucky","Wayne County",2,41,255,125,130
050,21,231,"Kentucky","Wayne County",2,42,231,112,119
050,21,231,"Kentucky","Wayne County",2,43,229,120,109
050,21,231,"Kentucky","Wayne County",2,44,218,113,105
050,21,231,"Kentucky","Wayne County",2,45,211,107,104
050,21,231,"Kentucky","Wayne County",2,46,228,118,110
050,21,231,"Kentucky","Wayne County",2,47,239,117,122
050,21,231,"Kentucky","Wayne County",2,48,250,129,121
050,21,231,"Kentucky","Wayne County",2,49,261,136,125
050,21,231,"Kentucky","Wayne County",2,50,272,142,130
050,21,231,"Kentucky","Wayne County",2,51,283,149,134
050,21,231,"Kentucky","Wayne County",2,52,257,134,123
050,21,231,"Kentucky","Wayne County",2,53,250,120,130
050,21,231,"Kentucky","Wayne County",2,54,254,120,134
050,21,231,"Kentucky","Wayne County",2,55,263,136,127
050,21,231,"Kentucky","Wayne County",2,56,283,141,142
050,21,231,"Kentucky","Wayne County",2,57,281,131,150
050,21,231,"Kentucky","Wayne County",2,58,267,130,137
050,21,231,"Kentucky","Wayne County",2,59,289,133,156
050,21,231,"Kentucky","Wayne County",2,60,303,142,161
050,21,231,"Kentucky","Wayne County",2,61,297,142,155
050,21,231,"Kentucky","Wayne County",2,62,296,144,152
050,21,231,"Kentucky","Wayne County",2,63,290,141,149
050,21,231,"Kentucky","Wayne County",2,64,295,147,148
050,21,231,"Kentucky","Wayne County",2,65,281,126,155
050,21,231,"Kentucky","Wayne County",2,66,276,133,143
050,21,231,"Kentucky","Wayne County",2,67,270,135,135
050,21,231,"Kentucky","Wayne County",2,68,270,136,134
050,21,231,"Kentucky","Wayne County",2,69,257,140,117
050,21,231,"Kentucky","Wayne County",2,70,249,125,124
050,21,231,"Kentucky","Wayne County",2,71,246,117,129
050,21,231,"Kentucky","Wayne County",2,72,230,107,123
050,21,231,"Kentucky","Wayne County",2,73,244,112,132
050,21,231,"Kentucky","Wayne County",2,74,180,81,99
050,21,231,"Kentucky","Wayne County",2,75,175,76,99
050,21,231,"Kentucky","Wayne County",2,76,179,81,98
050,21,231,"Kentucky","Wayne County",2,77,168,73,95
050,21,231,"Kentucky","Wayne County",2,78,144,62,82
050,21,231,"Kentucky","Wayne County",2,79,146,70,76
050,21,231,"Kentucky","Wayne County",2,80,121,64,57
050,21,231,"Kentucky","Wayne County",2,81,114,53,61
050,21,231,"Kentucky","Wayne County",2,82,112,52,60
050,21,231,"Kentucky","Wayne County",2,83,84,38,46
050,21,231,"Kentucky","Wayne County",2,84,83,38,45
050,21,231,"Kentucky","Wayne County",2,85,369,148,221
050,21,231,"Kentucky","Wayne County",3,0,217,112,105
050,21,231,"Kentucky","Wayne County",3,1,218,106,112
050,21,231,"Kentucky","Wayne County",3,2,204,104,100
050,21,231,"Kentucky","Wayne County",3,3,211,109,102
050,21,231,"Kentucky","Wayne County",3,4,244,121,123
050,21,231,"Kentucky","Wayne County",3,5,230,119,111
050,21,231,"Kentucky","Wayne County",3,6,224,122,102
050,21,231,"Kentucky","Wayne County",3,7,209,112,97
050,21,231,"Kentucky","Wayne County",3,8,228,122,106
050,21,231,"Kentucky","Wayne County",3,9,228,117,111
050,21,231,"Kentucky","Wayne County",3,10,207,104,103
050,21,231,"Kentucky","Wayne County",3,11,219,104,115
050,21,231,"Kentucky","Wayne County",3,12,218,111,107
050,21,231,"Kentucky","Wayne County",3,13,226,114,112
050,21,231,"Kentucky","Wayne County",3,14,232,110,122
050,21,231,"Kentucky","Wayne County",3,15,223,109,114
050,21,231,"Kentucky","Wayne County",3,16,236,126,110
050,21,231,"Kentucky","Wayne County",3,17,262,144,118
050,21,231,"Kentucky","Wayne County",3,18,215,121,94
050,21,231,"Kentucky","Wayne County",3,19,160,85,75
050,21,231,"Kentucky","Wayne County",3,20,181,91,90
050,21,231,"Kentucky","Wayne County",3,21,216,107,109
050,21,231,"Kentucky","Wayne County",3,22,221,116,105
050,21,231,"Kentucky","Wayne County",3,23,222,110,112
050,21,231,"Kentucky","Wayne County",3,24,226,116,110
050,21,231,"Kentucky","Wayne County",3,25,236,120,116
050,21,231,"Kentucky","Wayne County",3,26,216,114,102
050,21,231,"Kentucky","Wayne County",3,27,225,114,111
050,21,231,"Kentucky","Wayne County",3,28,228,117,111
050,21,231,"Kentucky","Wayne County",3,29,225,117,108
050,21,231,"Kentucky","Wayne County",3,30,253,124,129
050,21,231,"Kentucky","Wayne County",3,31,244,120,124
050,21,231,"Kentucky","Wayne County",3,32,216,116,100
050,21,231,"Kentucky","Wayne County",3,33,227,124,103
050,21,231,"Kentucky","Wayne County",3,34,202,106,96
050,21,231,"Kentucky","Wayne County",3,35,205,107,98
050,21,231,"Kentucky","Wayne County",3,36,201,95,106
050,21,231,"Kentucky","Wayne County",3,37,201,93,108
050,21,231,"Kentucky","Wayne County",3,38,203,107,96
050,21,231,"Kentucky","Wayne County",3,39,201,110,91
050,21,231,"Kentucky","Wayne County",3,40,221,118,103
050,21,231,"Kentucky","Wayne County",3,41,253,130,123
050,21,231,"Kentucky","Wayne County",3,42,253,124,129
050,21,231,"Kentucky","Wayne County",3,43,240,118,122
050,21,231,"Kentucky","Wayne County",3,44,230,121,109
050,21,231,"Kentucky","Wayne County",3,45,226,115,111
050,21,231,"Kentucky","Wayne County",3,46,209,109,100
050,21,231,"Kentucky","Wayne County",3,47,236,122,114
050,21,231,"Kentucky","Wayne County",3,48,243,119,124
050,21,231,"Kentucky","Wayne County",3,49,253,129,124
050,21,231,"Kentucky","Wayne County",3,50,260,130,130
050,21,231,"Kentucky","Wayne County",3,51,268,139,129
050,21,231,"Kentucky","Wayne County",3,52,276,145,131
050,21,231,"Kentucky","Wayne County",3,53,264,138,126
050,21,231,"Kentucky","Wayne County",3,54,255,122,133
050,21,231,"Kentucky","Wayne County",3,55,254,120,134
050,21,231,"Kentucky","Wayne County",3,56,255,134,121
050,21,231,"Kentucky","Wayne County",3,57,276,134,142
050,21,231,"Kentucky","Wayne County",3,58,284,133,151
050,21,231,"Kentucky","Wayne County",3,59,275,131,144
050,21,231,"Kentucky","Wayne County",3,60,281,127,154
050,21,231,"Kentucky","Wayne County",3,61,296,140,156
050,21,231,"Kentucky","Wayne County",3,62,301,145,156
050,21,231,"Kentucky","Wayne County",3,63,298,140,158
050,21,231,"Kentucky","Wayne County",3,64,300,146,154
050,21,231,"Kentucky","Wayne County",3,65,300,150,150
050,21,231,"Kentucky","Wayne County",3,66,280,124,156
050,21,231,"Kentucky","Wayne County",3,67,271,129,142
050,21,231,"Kentucky","Wayne County",3,68,268,132,136
050,21,231,"Kentucky","Wayne County",3,69,261,135,126
050,21,231,"Kentucky","Wayne County",3,70,251,135,116
050,21,231,"Kentucky","Wayne County",3,71,245,123,122
050,21,231,"Kentucky","Wayne County",3,72,238,113,125
050,21,231,"Kentucky","Wayne County",3,73,226,108,118
050,21,231,"Kentucky","Wayne County",3,74,238,106,132
050,21,231,"Kentucky","Wayne County",3,75,165,73,92
050,21,231,"Kentucky","Wayne County",3,76,170,74,96
050,21,231,"Kentucky","Wayne County",3,77,168,75,93
050,21,231,"Kentucky","Wayne County",3,78,150,64,86
050,21,231,"Kentucky","Wayne County",3,79,136,53,83
050,21,231,"Kentucky","Wayne County",3,80,129,62,67
050,21,231,"Kentucky","Wayne County",3,81,109,58,51
050,21,231,"Kentucky","Wayne County",3,82,109,48,61
050,21,231,"Kentucky","Wayne County",3,83,97,47,50
050,21,231,"Kentucky","Wayne County",3,84,80,38,42
050,21,231,"Kentucky","Wayne County",3,85,377,158,219
050,21,231,"Kentucky","Wayne County",4,0,208,115,93
050,21,231,"Kentucky","Wayne County",4,1,219,115,104
050,21,231,"Kentucky","Wayne County",4,2,208,102,106
050,21,231,"Kentucky","Wayne County",4,3,208,106,102
050,21,231,"Kentucky","Wayne County",4,4,209,110,99
050,21,231,"Kentucky","Wayne County",4,5,237,121,116
050,21,231,"Kentucky","Wayne County",4,6,221,113,108
050,21,231,"Kentucky","Wayne County",4,7,235,133,102
050,21,231,"Kentucky","Wayne County",4,8,220,121,99
050,21,231,"Kentucky","Wayne County",4,9,238,126,112
050,21,231,"Kentucky","Wayne County",4,10,224,114,110
050,21,231,"Kentucky","Wayne County",4,11,212,108,104
050,21,231,"Kentucky","Wayne County",4,12,226,111,115
050,21,231,"Kentucky","Wayne County",4,13,227,118,109
050,21,231,"Kentucky","Wayne County",4,14,221,110,111
050,21,231,"Kentucky","Wayne County",4,15,236,113,123
050,21,231,"Kentucky","Wayne County",4,16,230,116,114
050,21,231,"Kentucky","Wayne County",4,17,254,143,111
050,21,231,"Kentucky","Wayne County",4,18,214,113,101
050,21,231,"Kentucky","Wayne County",4,19,166,92,74
050,21,231,"Kentucky","Wayne County",4,20,170,92,78
050,21,231,"Kentucky","Wayne County",4,21,190,96,94
050,21,231,"Kentucky","Wayne County",4,22,223,111,112
050,21,231,"Kentucky","Wayne County",4,23,241,125,116
050,21,231,"Kentucky","Wayne County",4,24,225,117,108
050,21,231,"Kentucky","Wayne County",4,25,216,104,112
050,21,231,"Kentucky","Wayne County",4,26,233,126,107
050,21,231,"Kentucky","Wayne County",4,27,215,113,102
050,21,231,"Kentucky","Wayne County",4,28,227,117,110
050,21,231,"Kentucky","Wayne County",4,29,223,122,101
050,21,231,"Kentucky","Wayne County",4,30,238,118,120
050,21,231,"Kentucky","Wayne County",4,31,257,126,131
050,21,231,"Kentucky","Wayne County",4,32,247,122,125
050,21,231,"Kentucky","Wayne County",4,33,230,128,102
050,21,231,"Kentucky","Wayne County",4,34,221,120,101
050,21,231,"Kentucky","Wayne County",4,35,210,113,97
050,21,231,"Kentucky","Wayne County",4,36,209,113,96
050,21,231,"Kentucky","Wayne County",4,37,211,96,115
050,21,231,"Kentucky","Wayne County",4,38,200,95,105
050,21,231,"Kentucky","Wayne County",4,39,207,113,94
050,21,231,"Kentucky","Wayne County",4,40,199,107,92
050,21,231,"Kentucky","Wayne County",4,41,227,120,107
050,21,231,"Kentucky","Wayne County",4,42,257,131,126
050,21,231,"Kentucky","Wayne County",4,43,261,127,134
050,21,231,"Kentucky","Wayne County",4,44,240,122,118
050,21,231,"Kentucky","Wayne County",4,45,236,127,109
050,21,231,"Kentucky","Wayne County",4,46,239,126,113
050,21,231,"Kentucky","Wayne County",4,47,222,112,110
050,21,231,"Kentucky","Wayne County",4,48,228,116,112
050,21,231,"Kentucky","Wayne County",4,49,236,122,114
050,21,231,"Kentucky","Wayne County",4,50,252,129,123
050,21,231,"Kentucky","Wayne County",4,51,259,131,128
050,21,231,"Kentucky","Wayne County",4,52,266,136,130
050,21,231,"Kentucky","Wayne County",4,53,269,141,128
050,21,231,"Kentucky","Wayne County",4,54,268,137,131
050,21,231,"Kentucky","Wayne County",4,55,259,121,138
050,21,231,"Kentucky","Wayne County",4,56,242,114,128
050,21,231,"Kentucky","Wayne County",4,57,248,127,121
050,21,231,"Kentucky","Wayne County",4,58,279,135,144
050,21,231,"Kentucky","Wayne County",4,59,284,136,148
050,21,231,"Kentucky","Wayne County",4,60,279,136,143
050,21,231,"Kentucky","Wayne County",4,61,284,131,153
050,21,231,"Kentucky","Wayne County",4,62,304,143,161
050,21,231,"Kentucky","Wayne County",4,63,301,140,161
050,21,231,"Kentucky","Wayne County",4,64,303,138,165
050,21,231,"Kentucky","Wayne County",4,65,301,149,152
050,21,231,"Kentucky","Wayne County",4,66,303,148,155
050,21,231,"Kentucky","Wayne County",4,67,277,122,155
050,21,231,"Kentucky","Wayne County",4,68,273,131,142
050,21,231,"Kentucky","Wayne County",4,69,257,126,131
050,21,231,"Kentucky","Wayne County",4,70,249,128,121
050,21,231,"Kentucky","Wayne County",4,71,248,133,115
050,21,231,"Kentucky","Wayne County",4,72,246,123,123
050,21,231,"Kentucky","Wayne County",4,73,232,111,121
050,21,231,"Kentucky","Wayne County",4,74,225,108,117
050,21,231,"Kentucky","Wayne County",4,75,222,100,122
050,21,231,"Kentucky","Wayne County",4,76,163,70,93
050,21,231,"Kentucky","Wayne County",4,77,167,73,94
050,21,231,"Kentucky","Wayne County",4,78,155,64,91
050,21,231,"Kentucky","Wayne County",4,79,155,66,89
050,21,231,"Kentucky","Wayne County",4,80,112,44,68
050,21,231,"Kentucky","Wayne County",4,81,123,59,64
050,21,231,"Kentucky","Wayne County",4,82,103,51,52
050,21,231,"Kentucky","Wayne County",4,83,99,45,54
050,21,231,"Kentucky","Wayne County",4,84,88,45,43
050,21,231,"Kentucky","Wayne County",4,85,388,170,218
050,21,231,"Kentucky","Wayne County",5,0,207,116,91
050,21,231,"Kentucky","Wayne County",5,1,203,116,87
050,21,231,"Kentucky","Wayne County",5,2,214,113,101
050,21,231,"Kentucky","Wayne County",5,3,204,98,106
050,21,231,"Kentucky","Wayne County",5,4,201,100,101
050,21,231,"Kentucky","Wayne County",5,5,207,110,97
050,21,231,"Kentucky","Wayne County",5,6,248,125,123
050,21,231,"Kentucky","Wayne County",5,7,206,109,97
050,21,231,"Kentucky","Wayne County",5,8,238,130,108
050,21,231,"Kentucky","Wayne County",5,9,225,124,101
050,21,231,"Kentucky","Wayne County",5,10,227,124,103
050,21,231,"Kentucky","Wayne County",5,11,226,116,110
050,21,231,"Kentucky","Wayne County",5,12,209,109,100
050,21,231,"Kentucky","Wayne County",5,13,225,112,113
050,21,231,"Kentucky","Wayne County",5,14,221,116,105
050,21,231,"Kentucky","Wayne County",5,15,225,113,112
050,21,231,"Kentucky","Wayne County",5,16,232,116,116
050,21,231,"Kentucky","Wayne County",5,17,254,141,113
050,21,231,"Kentucky","Wayne County",5,18,205,114,91
050,21,231,"Kentucky","Wayne County",5,19,165,83,82
050,21,231,"Kentucky","Wayne County",5,20,178,100,78
050,21,231,"Kentucky","Wayne County",5,21,182,96,86
050,21,231,"Kentucky","Wayne County",5,22,207,103,104
050,21,231,"Kentucky","Wayne County",5,23,221,116,105
050,21,231,"Kentucky","Wayne County",5,24,251,132,119
050,21,231,"Kentucky","Wayne County",5,25,221,108,113
050,21,231,"Kentucky","Wayne County",5,26,205,96,109
050,21,231,"Kentucky","Wayne County",5,27,243,133,110
050,21,231,"Kentucky","Wayne County",5,28,213,109,104
050,21,231,"Kentucky","Wayne County",5,29,216,116,100
050,21,231,"Kentucky","Wayne County",5,30,221,118,103
050,21,231,"Kentucky","Wayne County",5,31,247,118,129
050,21,231,"Kentucky","Wayne County",5,32,255,128,127
050,21,231,"Kentucky","Wayne County",5,33,261,133,128
050,21,231,"Kentucky","Wayne County",5,34,223,120,103
050,21,231,"Kentucky","Wayne County",5,35,211,113,98
050,21,231,"Kentucky","Wayne County",5,36,216,116,100
050,21,231,"Kentucky","Wayne County",5,37,208,111,97
050,21,231,"Kentucky","Wayne County",5,38,200,92,108
050,21,231,"Kentucky","Wayne County",5,39,212,100,112
050,21,231,"Kentucky","Wayne County",5,40,214,117,97
050,21,231,"Kentucky","Wayne County",5,41,202,111,91
050,21,231,"Kentucky","Wayne County",5,42,227,119,108
050,21,231,"Kentucky","Wayne County",5,43,256,131,125
050,21,231,"Kentucky","Wayne County",5,44,272,138,134
050,21,231,"Kentucky","Wayne County",5,45,239,122,117
050,21,231,"Kentucky","Wayne County",5,46,232,122,110
050,21,231,"Kentucky","Wayne County",5,47,240,123,117
050,21,231,"Kentucky","Wayne County",5,48,224,111,113
050,21,231,"Kentucky","Wayne County",5,49,226,116,110
050,21,231,"Kentucky","Wayne County",5,50,241,122,119
050,21,231,"Kentucky","Wayne County",5,51,259,133,126
050,21,231,"Kentucky","Wayne County",5,52,251,124,127
050,21,231,"Kentucky","Wayne County",5,53,267,135,132
050,21,231,"Kentucky","Wayne County",5,54,269,140,129
050,21,231,"Kentucky","Wayne County",5,55,266,135,131
050,21,231,"Kentucky","Wayne County",5,56,254,114,140
050,21,231,"Kentucky","Wayne County",5,57,237,115,122
050,21,231,"Kentucky","Wayne County",5,58,249,128,121
050,21,231,"Kentucky","Wayne County",5,59,283,138,145
050,21,231,"Kentucky","Wayne County",5,60,282,136,146
050,21,231,"Kentucky","Wayne County",5,61,281,138,143
050,21,231,"Kentucky","Wayne County",5,62,285,133,152
050,21,231,"Kentucky","Wayne County",5,63,305,142,163
050,21,231,"Kentucky","Wayne County",5,64,299,142,157
050,21,231,"Kentucky","Wayne County",5,65,300,135,165
050,21,231,"Kentucky","Wayne County",5,66,298,146,152
050,21,231,"Kentucky","Wayne County",5,67,295,144,151
050,21,231,"Kentucky","Wayne County",5,68,282,126,156
050,21,231,"Kentucky","Wayne County",5,69,262,129,133
050,21,231,"Kentucky","Wayne County",5,70,247,119,128
050,21,231,"Kentucky","Wayne County",5,71,242,123,119
050,21,231,"Kentucky","Wayne County",5,72,240,131,109
050,21,231,"Kentucky","Wayne County",5,73,246,122,124
050,21,231,"Kentucky","Wayne County",5,74,236,112,124
050,21,231,"Kentucky","Wayne County",5,75,212,104,108
050,21,231,"Kentucky","Wayne County",5,76,212,96,116
050,21,231,"Kentucky","Wayne County",5,77,154,66,88
050,21,231,"Kentucky","Wayne County",5,78,157,66,91
050,21,231,"Kentucky","Wayne County",5,79,161,66,95
050,21,231,"Kentucky","Wayne County",5,80,131,56,75
050,21,231,"Kentucky","Wayne County",5,81,106,41,65
050,21,231,"Kentucky","Wayne County",5,82,117,54,63
050,21,231,"Kentucky","Wayne County",5,83,90,48,42
050,21,231,"Kentucky","Wayne County",5,84,94,42,52
050,21,231,"Kentucky","Wayne County",5,85,405,189,216
050,21,233,"Kentucky","Webster County",1,0,174,88,86
050,21,233,"Kentucky","Webster County",1,1,179,89,90
050,21,233,"Kentucky","Webster County",1,2,176,88,88
050,21,233,"Kentucky","Webster County",1,3,169,85,84
050,21,233,"Kentucky","Webster County",1,4,167,89,78
050,21,233,"Kentucky","Webster County",1,5,174,83,91
050,21,233,"Kentucky","Webster County",1,6,159,75,84
050,21,233,"Kentucky","Webster County",1,7,152,89,63
050,21,233,"Kentucky","Webster County",1,8,145,71,74
050,21,233,"Kentucky","Webster County",1,9,173,83,90
050,21,233,"Kentucky","Webster County",1,10,179,88,91
050,21,233,"Kentucky","Webster County",1,11,178,90,88
050,21,233,"Kentucky","Webster County",1,12,190,97,93
050,21,233,"Kentucky","Webster County",1,13,183,100,83
050,21,233,"Kentucky","Webster County",1,14,171,83,88
050,21,233,"Kentucky","Webster County",1,15,182,92,90
050,21,233,"Kentucky","Webster County",1,16,167,86,81
050,21,233,"Kentucky","Webster County",1,17,163,83,80
050,21,233,"Kentucky","Webster County",1,18,144,72,72
050,21,233,"Kentucky","Webster County",1,19,116,61,55
050,21,233,"Kentucky","Webster County",1,20,119,62,57
050,21,233,"Kentucky","Webster County",1,21,140,76,64
050,21,233,"Kentucky","Webster County",1,22,141,65,76
050,21,233,"Kentucky","Webster County",1,23,146,79,67
050,21,233,"Kentucky","Webster County",1,24,147,71,76
050,21,233,"Kentucky","Webster County",1,25,138,77,61
050,21,233,"Kentucky","Webster County",1,26,140,72,68
050,21,233,"Kentucky","Webster County",1,27,154,80,74
050,21,233,"Kentucky","Webster County",1,28,155,83,72
050,21,233,"Kentucky","Webster County",1,29,151,74,77
050,21,233,"Kentucky","Webster County",1,30,170,99,71
050,21,233,"Kentucky","Webster County",1,31,159,85,74
050,21,233,"Kentucky","Webster County",1,32,149,83,66
050,21,233,"Kentucky","Webster County",1,33,146,76,70
050,21,233,"Kentucky","Webster County",1,34,160,82,78
050,21,233,"Kentucky","Webster County",1,35,158,76,82
050,21,233,"Kentucky","Webster County",1,36,169,92,77
050,21,233,"Kentucky","Webster County",1,37,160,80,80
050,21,233,"Kentucky","Webster County",1,38,166,86,80
050,21,233,"Kentucky","Webster County",1,39,170,93,77
050,21,233,"Kentucky","Webster County",1,40,170,91,79
050,21,233,"Kentucky","Webster County",1,41,177,98,79
050,21,233,"Kentucky","Webster County",1,42,198,99,99
050,21,233,"Kentucky","Webster County",1,43,168,90,78
050,21,233,"Kentucky","Webster County",1,44,140,77,63
050,21,233,"Kentucky","Webster County",1,45,156,80,76
050,21,233,"Kentucky","Webster County",1,46,153,74,79
050,21,233,"Kentucky","Webster County",1,47,164,90,74
050,21,233,"Kentucky","Webster County",1,48,165,88,77
050,21,233,"Kentucky","Webster County",1,49,167,84,83
050,21,233,"Kentucky","Webster County",1,50,169,88,81
050,21,233,"Kentucky","Webster County",1,51,189,90,99
050,21,233,"Kentucky","Webster County",1,52,176,91,85
050,21,233,"Kentucky","Webster County",1,53,164,80,84
050,21,233,"Kentucky","Webster County",1,54,168,88,80
050,21,233,"Kentucky","Webster County",1,55,176,89,87
050,21,233,"Kentucky","Webster County",1,56,171,87,84
050,21,233,"Kentucky","Webster County",1,57,165,83,82
050,21,233,"Kentucky","Webster County",1,58,176,74,102
050,21,233,"Kentucky","Webster County",1,59,196,91,105
050,21,233,"Kentucky","Webster County",1,60,187,94,93
050,21,233,"Kentucky","Webster County",1,61,172,91,81
050,21,233,"Kentucky","Webster County",1,62,192,97,95
050,21,233,"Kentucky","Webster County",1,63,181,85,96
050,21,233,"Kentucky","Webster County",1,64,174,88,86
050,21,233,"Kentucky","Webster County",1,65,178,93,85
050,21,233,"Kentucky","Webster County",1,66,180,82,98
050,21,233,"Kentucky","Webster County",1,67,168,84,84
050,21,233,"Kentucky","Webster County",1,68,161,80,81
050,21,233,"Kentucky","Webster County",1,69,157,80,77
050,21,233,"Kentucky","Webster County",1,70,133,69,64
050,21,233,"Kentucky","Webster County",1,71,124,60,64
050,21,233,"Kentucky","Webster County",1,72,121,51,70
050,21,233,"Kentucky","Webster County",1,73,126,61,65
050,21,233,"Kentucky","Webster County",1,74,76,40,36
050,21,233,"Kentucky","Webster County",1,75,86,47,39
050,21,233,"Kentucky","Webster County",1,76,87,47,40
050,21,233,"Kentucky","Webster County",1,77,84,44,40
050,21,233,"Kentucky","Webster County",1,78,66,33,33
050,21,233,"Kentucky","Webster County",1,79,58,23,35
050,21,233,"Kentucky","Webster County",1,80,68,26,42
050,21,233,"Kentucky","Webster County",1,81,66,30,36
050,21,233,"Kentucky","Webster County",1,82,66,30,36
050,21,233,"Kentucky","Webster County",1,83,48,20,28
050,21,233,"Kentucky","Webster County",1,84,44,16,28
050,21,233,"Kentucky","Webster County",1,85,224,75,149
050,21,233,"Kentucky","Webster County",2,0,167,86,81
050,21,233,"Kentucky","Webster County",2,1,177,89,88
050,21,233,"Kentucky","Webster County",2,2,176,89,87
050,21,233,"Kentucky","Webster County",2,3,171,85,86
050,21,233,"Kentucky","Webster County",2,4,168,88,80
050,21,233,"Kentucky","Webster County",2,5,173,85,88
050,21,233,"Kentucky","Webster County",2,6,163,77,86
050,21,233,"Kentucky","Webster County",2,7,151,84,67
050,21,233,"Kentucky","Webster County",2,8,147,75,72
050,21,233,"Kentucky","Webster County",2,9,166,80,86
050,21,233,"Kentucky","Webster County",2,10,177,87,90
050,21,233,"Kentucky","Webster County",2,11,176,89,87
050,21,233,"Kentucky","Webster County",2,12,188,96,92
050,21,233,"Kentucky","Webster County",2,13,185,100,85
050,21,233,"Kentucky","Webster County",2,14,174,88,86
050,21,233,"Kentucky","Webster County",2,15,180,89,91
050,21,233,"Kentucky","Webster County",2,16,170,87,83
050,21,233,"Kentucky","Webster County",2,17,164,84,80
050,21,233,"Kentucky","Webster County",2,18,142,72,70
050,21,233,"Kentucky","Webster County",2,19,118,62,56
050,21,233,"Kentucky","Webster County",2,20,123,64,59
050,21,233,"Kentucky","Webster County",2,21,139,75,64
050,21,233,"Kentucky","Webster County",2,22,138,64,74
050,21,233,"Kentucky","Webster County",2,23,147,77,70
050,21,233,"Kentucky","Webster County",2,24,146,74,72
050,21,233,"Kentucky","Webster County",2,25,137,73,64
050,21,233,"Kentucky","Webster County",2,26,141,73,68
050,21,233,"Kentucky","Webster County",2,27,151,80,71
050,21,233,"Kentucky","Webster County",2,28,154,79,75
050,21,233,"Kentucky","Webster County",2,29,151,77,74
050,21,233,"Kentucky","Webster County",2,30,165,93,72
050,21,233,"Kentucky","Webster County",2,31,161,88,73
050,21,233,"Kentucky","Webster County",2,32,151,83,68
050,21,233,"Kentucky","Webster County",2,33,147,77,70
050,21,233,"Kentucky","Webster County",2,34,156,79,77
050,21,233,"Kentucky","Webster County",2,35,157,75,82
050,21,233,"Kentucky","Webster County",2,36,166,88,78
050,21,233,"Kentucky","Webster County",2,37,164,84,80
050,21,233,"Kentucky","Webster County",2,38,169,88,81
050,21,233,"Kentucky","Webster County",2,39,169,93,76
050,21,233,"Kentucky","Webster County",2,40,171,92,79
050,21,233,"Kentucky","Webster County",2,41,178,97,81
050,21,233,"Kentucky","Webster County",2,42,192,99,93
050,21,233,"Kentucky","Webster County",2,43,175,92,83
050,21,233,"Kentucky","Webster County",2,44,145,79,66
050,21,233,"Kentucky","Webster County",2,45,154,80,74
050,21,233,"Kentucky","Webster County",2,46,152,74,78
050,21,233,"Kentucky","Webster County",2,47,162,88,74
050,21,233,"Kentucky","Webster County",2,48,164,87,77
050,21,233,"Kentucky","Webster County",2,49,167,85,82
050,21,233,"Kentucky","Webster County",2,50,170,88,82
050,21,233,"Kentucky","Webster County",2,51,183,89,94
050,21,233,"Kentucky","Webster County",2,52,177,90,87
050,21,233,"Kentucky","Webster County",2,53,167,82,85
050,21,233,"Kentucky","Webster County",2,54,168,86,82
050,21,233,"Kentucky","Webster County",2,55,174,89,85
050,21,233,"Kentucky","Webster County",2,56,173,89,84
050,21,233,"Kentucky","Webster County",2,57,166,84,82
050,21,233,"Kentucky","Webster County",2,58,171,76,95
050,21,233,"Kentucky","Webster County",2,59,193,88,105
050,21,233,"Kentucky","Webster County",2,60,188,92,96
050,21,233,"Kentucky","Webster County",2,61,173,89,84
050,21,233,"Kentucky","Webster County",2,62,187,95,92
050,21,233,"Kentucky","Webster County",2,63,187,89,98
050,21,233,"Kentucky","Webster County",2,64,172,86,86
050,21,233,"Kentucky","Webster County",2,65,177,92,85
050,21,233,"Kentucky","Webster County",2,66,180,85,95
050,21,233,"Kentucky","Webster County",2,67,170,82,88
050,21,233,"Kentucky","Webster County",2,68,161,80,81
050,21,233,"Kentucky","Webster County",2,69,159,80,79
050,21,233,"Kentucky","Webster County",2,70,136,71,65
050,21,233,"Kentucky","Webster County",2,71,127,63,64
050,21,233,"Kentucky","Webster County",2,72,119,52,67
050,21,233,"Kentucky","Webster County",2,73,129,60,69
050,21,233,"Kentucky","Webster County",2,74,82,43,39
050,21,233,"Kentucky","Webster County",2,75,84,45,39
050,21,233,"Kentucky","Webster County",2,76,86,47,39
050,21,233,"Kentucky","Webster County",2,77,85,44,41
050,21,233,"Kentucky","Webster County",2,78,70,35,35
050,21,233,"Kentucky","Webster County",2,79,55,23,32
050,21,233,"Kentucky","Webster County",2,80,66,25,41
050,21,233,"Kentucky","Webster County",2,81,67,30,37
050,21,233,"Kentucky","Webster County",2,82,65,29,36
050,21,233,"Kentucky","Webster County",2,83,51,23,28
050,21,233,"Kentucky","Webster County",2,84,44,17,27
050,21,233,"Kentucky","Webster County",2,85,231,78,153
050,21,233,"Kentucky","Webster County",3,0,155,88,67
050,21,233,"Kentucky","Webster County",3,1,168,90,78
050,21,233,"Kentucky","Webster County",3,2,169,78,91
050,21,233,"Kentucky","Webster County",3,3,176,86,90
050,21,233,"Kentucky","Webster County",3,4,152,79,73
050,21,233,"Kentucky","Webster County",3,5,165,89,76
050,21,233,"Kentucky","Webster County",3,6,177,88,89
050,21,233,"Kentucky","Webster County",3,7,156,70,86
050,21,233,"Kentucky","Webster County",3,8,159,85,74
050,21,233,"Kentucky","Webster County",3,9,153,80,73
050,21,233,"Kentucky","Webster County",3,10,174,88,86
050,21,233,"Kentucky","Webster County",3,11,177,93,84
050,21,233,"Kentucky","Webster County",3,12,176,84,92
050,21,233,"Kentucky","Webster County",3,13,180,92,88
050,21,233,"Kentucky","Webster County",3,14,190,102,88
050,21,233,"Kentucky","Webster County",3,15,172,86,86
050,21,233,"Kentucky","Webster County",3,16,178,90,88
050,21,233,"Kentucky","Webster County",3,17,164,87,77
050,21,233,"Kentucky","Webster County",3,18,150,81,69
050,21,233,"Kentucky","Webster County",3,19,122,61,61
050,21,233,"Kentucky","Webster County",3,20,135,73,62
050,21,233,"Kentucky","Webster County",3,21,132,74,58
050,21,233,"Kentucky","Webster County",3,22,130,66,64
050,21,233,"Kentucky","Webster County",3,23,142,71,71
050,21,233,"Kentucky","Webster County",3,24,145,74,71
050,21,233,"Kentucky","Webster County",3,25,148,75,73
050,21,233,"Kentucky","Webster County",3,26,124,62,62
050,21,233,"Kentucky","Webster County",3,27,140,74,66
050,21,233,"Kentucky","Webster County",3,28,137,69,68
050,21,233,"Kentucky","Webster County",3,29,159,86,73
050,21,233,"Kentucky","Webster County",3,30,154,78,76
050,21,233,"Kentucky","Webster County",3,31,169,92,77
050,21,233,"Kentucky","Webster County",3,32,163,90,73
050,21,233,"Kentucky","Webster County",3,33,142,76,66
050,21,233,"Kentucky","Webster County",3,34,137,68,69
050,21,233,"Kentucky","Webster County",3,35,149,74,75
050,21,233,"Kentucky","Webster County",3,36,159,82,77
050,21,233,"Kentucky","Webster County",3,37,167,92,75
050,21,233,"Kentucky","Webster County",3,38,169,89,80
050,21,233,"Kentucky","Webster County",3,39,166,86,80
050,21,233,"Kentucky","Webster County",3,40,165,91,74
050,21,233,"Kentucky","Webster County",3,41,166,93,73
050,21,233,"Kentucky","Webster County",3,42,173,88,85
050,21,233,"Kentucky","Webster County",3,43,185,93,92
050,21,233,"Kentucky","Webster County",3,44,173,92,81
050,21,233,"Kentucky","Webster County",3,45,142,78,64
050,21,233,"Kentucky","Webster County",3,46,147,73,74
050,21,233,"Kentucky","Webster County",3,47,153,76,77
050,21,233,"Kentucky","Webster County",3,48,153,82,71
050,21,233,"Kentucky","Webster County",3,49,162,84,78
050,21,233,"Kentucky","Webster County",3,50,166,87,79
050,21,233,"Kentucky","Webster County",3,51,166,82,84
050,21,233,"Kentucky","Webster County",3,52,186,97,89
050,21,233,"Kentucky","Webster County",3,53,179,89,90
050,21,233,"Kentucky","Webster County",3,54,161,80,81
050,21,233,"Kentucky","Webster County",3,55,168,85,83
050,21,233,"Kentucky","Webster County",3,56,173,92,81
050,21,233,"Kentucky","Webster County",3,57,175,87,88
050,21,233,"Kentucky","Webster County",3,58,157,78,79
050,21,233,"Kentucky","Webster County",3,59,165,73,92
050,21,233,"Kentucky","Webster County",3,60,193,88,105
050,21,233,"Kentucky","Webster County",3,61,186,90,96
050,21,233,"Kentucky","Webster County",3,62,169,85,84
050,21,233,"Kentucky","Webster County",3,63,184,95,89
050,21,233,"Kentucky","Webster County",3,64,177,83,94
050,21,233,"Kentucky","Webster County",3,65,172,87,85
050,21,233,"Kentucky","Webster County",3,66,169,87,82
050,21,233,"Kentucky","Webster County",3,67,174,82,92
050,21,233,"Kentucky","Webster County",3,68,168,80,88
050,21,233,"Kentucky","Webster County",3,69,156,77,79
050,21,233,"Kentucky","Webster County",3,70,149,76,73
050,21,233,"Kentucky","Webster County",3,71,131,67,64
050,21,233,"Kentucky","Webster County",3,72,116,57,59
050,21,233,"Kentucky","Webster County",3,73,114,49,65
050,21,233,"Kentucky","Webster County",3,74,125,57,68
050,21,233,"Kentucky","Webster County",3,75,82,40,42
050,21,233,"Kentucky","Webster County",3,76,78,41,37
050,21,233,"Kentucky","Webster County",3,77,77,42,35
050,21,233,"Kentucky","Webster County",3,78,81,42,39
050,21,233,"Kentucky","Webster County",3,79,61,30,31
050,21,233,"Kentucky","Webster County",3,80,49,20,29
050,21,233,"Kentucky","Webster County",3,81,58,21,37
050,21,233,"Kentucky","Webster County",3,82,64,25,39
050,21,233,"Kentucky","Webster County",3,83,53,27,26
050,21,233,"Kentucky","Webster County",3,84,47,19,28
050,21,233,"Kentucky","Webster County",3,85,224,78,146
050,21,233,"Kentucky","Webster County",4,0,161,89,72
050,21,233,"Kentucky","Webster County",4,1,163,92,71
050,21,233,"Kentucky","Webster County",4,2,166,84,82
050,21,233,"Kentucky","Webster County",4,3,166,81,85
050,21,233,"Kentucky","Webster County",4,4,178,90,88
050,21,233,"Kentucky","Webster County",4,5,152,76,76
050,21,233,"Kentucky","Webster County",4,6,170,93,77
050,21,233,"Kentucky","Webster County",4,7,178,87,91
050,21,233,"Kentucky","Webster County",4,8,166,74,92
050,21,233,"Kentucky","Webster County",4,9,156,82,74
050,21,233,"Kentucky","Webster County",4,10,144,73,71
050,21,233,"Kentucky","Webster County",4,11,183,94,89
050,21,233,"Kentucky","Webster County",4,12,166,85,81
050,21,233,"Kentucky","Webster County",4,13,176,87,89
050,21,233,"Kentucky","Webster County",4,14,194,103,91
050,21,233,"Kentucky","Webster County",4,15,180,91,89
050,21,233,"Kentucky","Webster County",4,16,174,87,87
050,21,233,"Kentucky","Webster County",4,17,177,86,91
050,21,233,"Kentucky","Webster County",4,18,147,80,67
050,21,233,"Kentucky","Webster County",4,19,121,63,58
050,21,233,"Kentucky","Webster County",4,20,132,69,63
050,21,233,"Kentucky","Webster County",4,21,149,82,67
050,21,233,"Kentucky","Webster County",4,22,135,61,74
050,21,233,"Kentucky","Webster County",4,23,151,80,71
050,21,233,"Kentucky","Webster County",4,24,137,72,65
050,21,233,"Kentucky","Webster County",4,25,135,67,68
050,21,233,"Kentucky","Webster County",4,26,150,77,73
050,21,233,"Kentucky","Webster County",4,27,125,69,56
050,21,233,"Kentucky","Webster County",4,28,135,71,64
050,21,233,"Kentucky","Webster County",4,29,142,73,69
050,21,233,"Kentucky","Webster County",4,30,154,79,75
050,21,233,"Kentucky","Webster County",4,31,152,74,78
050,21,233,"Kentucky","Webster County",4,32,154,84,70
050,21,233,"Kentucky","Webster County",4,33,163,89,74
050,21,233,"Kentucky","Webster County",4,34,142,78,64
050,21,233,"Kentucky","Webster County",4,35,124,60,64
050,21,233,"Kentucky","Webster County",4,36,140,73,67
050,21,233,"Kentucky","Webster County",4,37,157,79,78
050,21,233,"Kentucky","Webster County",4,38,165,89,76
050,21,233,"Kentucky","Webster County",4,39,159,81,78
050,21,233,"Kentucky","Webster County",4,40,156,80,76
050,21,233,"Kentucky","Webster County",4,41,166,91,75
050,21,233,"Kentucky","Webster County",4,42,163,91,72
050,21,233,"Kentucky","Webster County",4,43,171,87,84
050,21,233,"Kentucky","Webster County",4,44,190,96,94
050,21,233,"Kentucky","Webster County",4,45,166,85,81
050,21,233,"Kentucky","Webster County",4,46,140,77,63
050,21,233,"Kentucky","Webster County",4,47,155,79,76
050,21,233,"Kentucky","Webster County",4,48,149,76,73
050,21,233,"Kentucky","Webster County",4,49,150,77,73
050,21,233,"Kentucky","Webster County",4,50,165,86,79
050,21,233,"Kentucky","Webster County",4,51,162,84,78
050,21,233,"Kentucky","Webster County",4,52,173,90,83
050,21,233,"Kentucky","Webster County",4,53,184,90,94
050,21,233,"Kentucky","Webster County",4,54,163,78,85
050,21,233,"Kentucky","Webster County",4,55,160,80,80
050,21,233,"Kentucky","Webster County",4,56,174,89,85
050,21,233,"Kentucky","Webster County",4,57,179,96,83
050,21,233,"Kentucky","Webster County",4,58,163,84,79
050,21,233,"Kentucky","Webster County",4,59,153,74,79
050,21,233,"Kentucky","Webster County",4,60,167,74,93
050,21,233,"Kentucky","Webster County",4,61,189,87,102
050,21,233,"Kentucky","Webster County",4,62,184,86,98
050,21,233,"Kentucky","Webster County",4,63,167,83,84
050,21,233,"Kentucky","Webster County",4,64,180,94,86
050,21,233,"Kentucky","Webster County",4,65,178,87,91
050,21,233,"Kentucky","Webster County",4,66,161,83,78
050,21,233,"Kentucky","Webster County",4,67,163,83,80
050,21,233,"Kentucky","Webster County",4,68,166,77,89
050,21,233,"Kentucky","Webster County",4,69,165,79,86
050,21,233,"Kentucky","Webster County",4,70,149,70,79
050,21,233,"Kentucky","Webster County",4,71,143,71,72
050,21,233,"Kentucky","Webster County",4,72,122,61,61
050,21,233,"Kentucky","Webster County",4,73,108,52,56
050,21,233,"Kentucky","Webster County",4,74,109,45,64
050,21,233,"Kentucky","Webster County",4,75,117,53,64
050,21,233,"Kentucky","Webster County",4,76,75,36,39
050,21,233,"Kentucky","Webster County",4,77,72,37,35
050,21,233,"Kentucky","Webster County",4,78,77,40,37
050,21,233,"Kentucky","Webster County",4,79,72,36,36
050,21,233,"Kentucky","Webster County",4,80,55,24,31
050,21,233,"Kentucky","Webster County",4,81,44,18,26
050,21,233,"Kentucky","Webster County",4,82,54,15,39
050,21,233,"Kentucky","Webster County",4,83,59,22,37
050,21,233,"Kentucky","Webster County",4,84,43,17,26
050,21,233,"Kentucky","Webster County",4,85,219,74,145
050,21,233,"Kentucky","Webster County",5,0,170,93,77
050,21,233,"Kentucky","Webster County",5,1,157,82,75
050,21,233,"Kentucky","Webster County",5,2,165,89,76
050,21,233,"Kentucky","Webster County",5,3,174,85,89
050,21,233,"Kentucky","Webster County",5,4,166,79,87
050,21,233,"Kentucky","Webster County",5,5,188,102,86
050,21,233,"Kentucky","Webster County",5,6,150,76,74
050,21,233,"Kentucky","Webster County",5,7,162,90,72
050,21,233,"Kentucky","Webster County",5,8,177,92,85
050,21,233,"Kentucky","Webster County",5,9,168,75,93
050,21,233,"Kentucky","Webster County",5,10,162,83,79
050,21,233,"Kentucky","Webster County",5,11,143,72,71
050,21,233,"Kentucky","Webster County",5,12,187,93,94
050,21,233,"Kentucky","Webster County",5,13,178,91,87
050,21,233,"Kentucky","Webster County",5,14,189,92,97
050,21,233,"Kentucky","Webster County",5,15,185,94,91
050,21,233,"Kentucky","Webster County",5,16,181,88,93
050,21,233,"Kentucky","Webster County",5,17,189,94,95
050,21,233,"Kentucky","Webster County",5,18,153,80,73
050,21,233,"Kentucky","Webster County",5,19,114,62,52
050,21,233,"Kentucky","Webster County",5,20,132,69,63
050,21,233,"Kentucky","Webster County",5,21,144,75,69
050,21,233,"Kentucky","Webster County",5,22,142,73,69
050,21,233,"Kentucky","Webster County",5,23,143,72,71
050,21,233,"Kentucky","Webster County",5,24,148,76,72
050,21,233,"Kentucky","Webster County",5,25,141,77,64
050,21,233,"Kentucky","Webster County",5,26,128,68,60
050,21,233,"Kentucky","Webster County",5,27,164,86,78
050,21,233,"Kentucky","Webster County",5,28,119,60,59
050,21,233,"Kentucky","Webster County",5,29,137,75,62
050,21,233,"Kentucky","Webster County",5,30,140,71,69
050,21,233,"Kentucky","Webster County",5,31,150,76,74
050,21,233,"Kentucky","Webster County",5,32,151,73,78
050,21,233,"Kentucky","Webster County",5,33,153,85,68
050,21,233,"Kentucky","Webster County",5,34,163,85,78
050,21,233,"Kentucky","Webster County",5,35,142,76,66
050,21,233,"Kentucky","Webster County",5,36,139,68,71
050,21,233,"Kentucky","Webster County",5,37,151,83,68
050,21,233,"Kentucky","Webster County",5,38,156,79,77
050,21,233,"Kentucky","Webster County",5,39,168,95,73
050,21,233,"Kentucky","Webster County",5,40,155,81,74
050,21,233,"Kentucky","Webster County",5,41,157,78,79
050,21,233,"Kentucky","Webster County",5,42,160,85,75
050,21,233,"Kentucky","Webster County",5,43,160,96,64
050,21,233,"Kentucky","Webster County",5,44,175,90,85
050,21,233,"Kentucky","Webster County",5,45,184,89,95
050,21,233,"Kentucky","Webster County",5,46,158,83,75
050,21,233,"Kentucky","Webster County",5,47,140,77,63
050,21,233,"Kentucky","Webster County",5,48,150,75,75
050,21,233,"Kentucky","Webster County",5,49,144,71,73
050,21,233,"Kentucky","Webster County",5,50,151,82,69
050,21,233,"Kentucky","Webster County",5,51,166,84,82
050,21,233,"Kentucky","Webster County",5,52,165,85,80
050,21,233,"Kentucky","Webster County",5,53,168,87,81
050,21,233,"Kentucky","Webster County",5,54,181,85,96
050,21,233,"Kentucky","Webster County",5,55,161,74,87
050,21,233,"Kentucky","Webster County",5,56,160,80,80
050,21,233,"Kentucky","Webster County",5,57,168,86,82
050,21,233,"Kentucky","Webster County",5,58,175,94,81
050,21,233,"Kentucky","Webster County",5,59,158,81,77
050,21,233,"Kentucky","Webster County",5,60,155,74,81
050,21,233,"Kentucky","Webster County",5,61,165,70,95
050,21,233,"Kentucky","Webster County",5,62,184,87,97
050,21,233,"Kentucky","Webster County",5,63,180,83,97
050,21,233,"Kentucky","Webster County",5,64,165,83,82
050,21,233,"Kentucky","Webster County",5,65,174,92,82
050,21,233,"Kentucky","Webster County",5,66,174,86,88
050,21,233,"Kentucky","Webster County",5,67,153,81,72
050,21,233,"Kentucky","Webster County",5,68,156,79,77
050,21,233,"Kentucky","Webster County",5,69,166,77,89
050,21,233,"Kentucky","Webster County",5,70,152,72,80
050,21,233,"Kentucky","Webster County",5,71,142,64,78
050,21,233,"Kentucky","Webster County",5,72,138,66,72
050,21,233,"Kentucky","Webster County",5,73,116,59,57
050,21,233,"Kentucky","Webster County",5,74,106,52,54
050,21,233,"Kentucky","Webster County",5,75,100,39,61
050,21,233,"Kentucky","Webster County",5,76,112,51,61
050,21,233,"Kentucky","Webster County",5,77,69,32,37
050,21,233,"Kentucky","Webster County",5,78,73,35,38
050,21,233,"Kentucky","Webster County",5,79,69,35,34
050,21,233,"Kentucky","Webster County",5,80,69,33,36
050,21,233,"Kentucky","Webster County",5,81,47,21,26
050,21,233,"Kentucky","Webster County",5,82,40,15,25
050,21,233,"Kentucky","Webster County",5,83,47,13,34
050,21,233,"Kentucky","Webster County",5,84,50,17,33
050,21,233,"Kentucky","Webster County",5,85,219,75,144
050,21,235,"Kentucky","Whitley County",1,0,509,261,248
050,21,235,"Kentucky","Whitley County",1,1,509,265,244
050,21,235,"Kentucky","Whitley County",1,2,552,290,262
050,21,235,"Kentucky","Whitley County",1,3,559,288,271
050,21,235,"Kentucky","Whitley County",1,4,523,265,258
050,21,235,"Kentucky","Whitley County",1,5,559,305,254
050,21,235,"Kentucky","Whitley County",1,6,544,308,236
050,21,235,"Kentucky","Whitley County",1,7,535,294,241
050,21,235,"Kentucky","Whitley County",1,8,537,288,249
050,21,235,"Kentucky","Whitley County",1,9,521,262,259
050,21,235,"Kentucky","Whitley County",1,10,496,242,254
050,21,235,"Kentucky","Whitley County",1,11,494,259,235
050,21,235,"Kentucky","Whitley County",1,12,534,271,263
050,21,235,"Kentucky","Whitley County",1,13,518,263,255
050,21,235,"Kentucky","Whitley County",1,14,492,275,217
050,21,235,"Kentucky","Whitley County",1,15,514,281,233
050,21,235,"Kentucky","Whitley County",1,16,501,266,235
050,21,235,"Kentucky","Whitley County",1,17,513,253,260
050,21,235,"Kentucky","Whitley County",1,18,576,280,296
050,21,235,"Kentucky","Whitley County",1,19,714,366,348
050,21,235,"Kentucky","Whitley County",1,20,680,334,346
050,21,235,"Kentucky","Whitley County",1,21,620,306,314
050,21,235,"Kentucky","Whitley County",1,22,532,282,250
050,21,235,"Kentucky","Whitley County",1,23,495,276,219
050,21,235,"Kentucky","Whitley County",1,24,483,251,232
050,21,235,"Kentucky","Whitley County",1,25,443,230,213
050,21,235,"Kentucky","Whitley County",1,26,455,220,235
050,21,235,"Kentucky","Whitley County",1,27,447,215,232
050,21,235,"Kentucky","Whitley County",1,28,488,239,249
050,21,235,"Kentucky","Whitley County",1,29,491,254,237
050,21,235,"Kentucky","Whitley County",1,30,463,224,239
050,21,235,"Kentucky","Whitley County",1,31,452,210,242
050,21,235,"Kentucky","Whitley County",1,32,444,222,222
050,21,235,"Kentucky","Whitley County",1,33,401,203,198
050,21,235,"Kentucky","Whitley County",1,34,395,190,205
050,21,235,"Kentucky","Whitley County",1,35,395,193,202
050,21,235,"Kentucky","Whitley County",1,36,381,189,192
050,21,235,"Kentucky","Whitley County",1,37,429,218,211
050,21,235,"Kentucky","Whitley County",1,38,385,195,190
050,21,235,"Kentucky","Whitley County",1,39,421,208,213
050,21,235,"Kentucky","Whitley County",1,40,458,225,233
050,21,235,"Kentucky","Whitley County",1,41,419,206,213
050,21,235,"Kentucky","Whitley County",1,42,427,221,206
050,21,235,"Kentucky","Whitley County",1,43,425,214,211
050,21,235,"Kentucky","Whitley County",1,44,406,194,212
050,21,235,"Kentucky","Whitley County",1,45,395,192,203
050,21,235,"Kentucky","Whitley County",1,46,390,190,200
050,21,235,"Kentucky","Whitley County",1,47,427,206,221
050,21,235,"Kentucky","Whitley County",1,48,461,234,227
050,21,235,"Kentucky","Whitley County",1,49,438,216,222
050,21,235,"Kentucky","Whitley County",1,50,425,212,213
050,21,235,"Kentucky","Whitley County",1,51,444,208,236
050,21,235,"Kentucky","Whitley County",1,52,449,208,241
050,21,235,"Kentucky","Whitley County",1,53,447,218,229
050,21,235,"Kentucky","Whitley County",1,54,446,207,239
050,21,235,"Kentucky","Whitley County",1,55,489,236,253
050,21,235,"Kentucky","Whitley County",1,56,467,235,232
050,21,235,"Kentucky","Whitley County",1,57,425,205,220
050,21,235,"Kentucky","Whitley County",1,58,475,229,246
050,21,235,"Kentucky","Whitley County",1,59,450,229,221
050,21,235,"Kentucky","Whitley County",1,60,405,201,204
050,21,235,"Kentucky","Whitley County",1,61,425,202,223
050,21,235,"Kentucky","Whitley County",1,62,450,207,243
050,21,235,"Kentucky","Whitley County",1,63,467,221,246
050,21,235,"Kentucky","Whitley County",1,64,447,225,222
050,21,235,"Kentucky","Whitley County",1,65,382,180,202
050,21,235,"Kentucky","Whitley County",1,66,418,194,224
050,21,235,"Kentucky","Whitley County",1,67,373,178,195
050,21,235,"Kentucky","Whitley County",1,68,341,155,186
050,21,235,"Kentucky","Whitley County",1,69,340,180,160
050,21,235,"Kentucky","Whitley County",1,70,327,159,168
050,21,235,"Kentucky","Whitley County",1,71,345,165,180
050,21,235,"Kentucky","Whitley County",1,72,323,149,174
050,21,235,"Kentucky","Whitley County",1,73,341,169,172
050,21,235,"Kentucky","Whitley County",1,74,222,110,112
050,21,235,"Kentucky","Whitley County",1,75,232,102,130
050,21,235,"Kentucky","Whitley County",1,76,238,104,134
050,21,235,"Kentucky","Whitley County",1,77,244,108,136
050,21,235,"Kentucky","Whitley County",1,78,190,71,119
050,21,235,"Kentucky","Whitley County",1,79,165,65,100
050,21,235,"Kentucky","Whitley County",1,80,179,84,95
050,21,235,"Kentucky","Whitley County",1,81,172,70,102
050,21,235,"Kentucky","Whitley County",1,82,152,76,76
050,21,235,"Kentucky","Whitley County",1,83,125,53,72
050,21,235,"Kentucky","Whitley County",1,84,119,46,73
050,21,235,"Kentucky","Whitley County",1,85,529,186,343
050,21,235,"Kentucky","Whitley County",2,0,505,260,245
050,21,235,"Kentucky","Whitley County",2,1,506,263,243
050,21,235,"Kentucky","Whitley County",2,2,540,283,257
050,21,235,"Kentucky","Whitley County",2,3,554,286,268
050,21,235,"Kentucky","Whitley County",2,4,535,272,263
050,21,235,"Kentucky","Whitley County",2,5,548,293,255
050,21,235,"Kentucky","Whitley County",2,6,547,306,241
050,21,235,"Kentucky","Whitley County",2,7,537,298,239
050,21,235,"Kentucky","Whitley County",2,8,533,289,244
050,21,235,"Kentucky","Whitley County",2,9,524,269,255
050,21,235,"Kentucky","Whitley County",2,10,503,249,254
050,21,235,"Kentucky","Whitley County",2,11,495,255,240
050,21,235,"Kentucky","Whitley County",2,12,526,269,257
050,21,235,"Kentucky","Whitley County",2,13,522,266,256
050,21,235,"Kentucky","Whitley County",2,14,501,274,227
050,21,235,"Kentucky","Whitley County",2,15,512,281,231
050,21,235,"Kentucky","Whitley County",2,16,509,270,239
050,21,235,"Kentucky","Whitley County",2,17,511,257,254
050,21,235,"Kentucky","Whitley County",2,18,576,278,298
050,21,235,"Kentucky","Whitley County",2,19,714,365,349
050,21,235,"Kentucky","Whitley County",2,20,683,337,346
050,21,235,"Kentucky","Whitley County",2,21,622,306,316
050,21,235,"Kentucky","Whitley County",2,22,527,276,251
050,21,235,"Kentucky","Whitley County",2,23,490,272,218
050,21,235,"Kentucky","Whitley County",2,24,473,247,226
050,21,235,"Kentucky","Whitley County",2,25,446,230,216
050,21,235,"Kentucky","Whitley County",2,26,447,219,228
050,21,235,"Kentucky","Whitley County",2,27,445,214,231
050,21,235,"Kentucky","Whitley County",2,28,478,232,246
050,21,235,"Kentucky","Whitley County",2,29,495,254,241
050,21,235,"Kentucky","Whitley County",2,30,473,230,243
050,21,235,"Kentucky","Whitley County",2,31,457,214,243
050,21,235,"Kentucky","Whitley County",2,32,442,218,224
050,21,235,"Kentucky","Whitley County",2,33,413,209,204
050,21,235,"Kentucky","Whitley County",2,34,401,194,207
050,21,235,"Kentucky","Whitley County",2,35,398,194,204
050,21,235,"Kentucky","Whitley County",2,36,381,188,193
050,21,235,"Kentucky","Whitley County",2,37,414,209,205
050,21,235,"Kentucky","Whitley County",2,38,395,199,196
050,21,235,"Kentucky","Whitley County",2,39,415,206,209
050,21,235,"Kentucky","Whitley County",2,40,450,220,230
050,21,235,"Kentucky","Whitley County",2,41,427,207,220
050,21,235,"Kentucky","Whitley County",2,42,426,218,208
050,21,235,"Kentucky","Whitley County",2,43,427,216,211
050,21,235,"Kentucky","Whitley County",2,44,405,197,208
050,21,235,"Kentucky","Whitley County",2,45,399,194,205
050,21,235,"Kentucky","Whitley County",2,46,389,189,200
050,21,235,"Kentucky","Whitley County",2,47,415,200,215
050,21,235,"Kentucky","Whitley County",2,48,456,229,227
050,21,235,"Kentucky","Whitley County",2,49,447,224,223
050,21,235,"Kentucky","Whitley County",2,50,428,213,215
050,21,235,"Kentucky","Whitley County",2,51,436,208,228
050,21,235,"Kentucky","Whitley County",2,52,442,205,237
050,21,235,"Kentucky","Whitley County",2,53,447,215,232
050,21,235,"Kentucky","Whitley County",2,54,447,212,235
050,21,235,"Kentucky","Whitley County",2,55,479,230,249
050,21,235,"Kentucky","Whitley County",2,56,471,235,236
050,21,235,"Kentucky","Whitley County",2,57,435,212,223
050,21,235,"Kentucky","Whitley County",2,58,461,223,238
050,21,235,"Kentucky","Whitley County",2,59,455,228,227
050,21,235,"Kentucky","Whitley County",2,60,414,206,208
050,21,235,"Kentucky","Whitley County",2,61,416,199,217
050,21,235,"Kentucky","Whitley County",2,62,441,205,236
050,21,235,"Kentucky","Whitley County",2,63,466,220,246
050,21,235,"Kentucky","Whitley County",2,64,446,220,226
050,21,235,"Kentucky","Whitley County",2,65,393,187,206
050,21,235,"Kentucky","Whitley County",2,66,409,190,219
050,21,235,"Kentucky","Whitley County",2,67,379,179,200
050,21,235,"Kentucky","Whitley County",2,68,339,154,185
050,21,235,"Kentucky","Whitley County",2,69,342,177,165
050,21,235,"Kentucky","Whitley County",2,70,329,163,166
050,21,235,"Kentucky","Whitley County",2,71,338,162,176
050,21,235,"Kentucky","Whitley County",2,72,321,150,171
050,21,235,"Kentucky","Whitley County",2,73,351,169,182
050,21,235,"Kentucky","Whitley County",2,74,235,117,118
050,21,235,"Kentucky","Whitley County",2,75,228,105,123
050,21,235,"Kentucky","Whitley County",2,76,232,101,131
050,21,235,"Kentucky","Whitley County",2,77,247,109,138
050,21,235,"Kentucky","Whitley County",2,78,197,78,119
050,21,235,"Kentucky","Whitley County",2,79,167,64,103
050,21,235,"Kentucky","Whitley County",2,80,173,76,97
050,21,235,"Kentucky","Whitley County",2,81,170,72,98
050,21,235,"Kentucky","Whitley County",2,82,156,75,81
050,21,235,"Kentucky","Whitley County",2,83,128,55,73
050,21,235,"Kentucky","Whitley County",2,84,118,47,71
050,21,235,"Kentucky","Whitley County",2,85,528,188,340
050,21,235,"Kentucky","Whitley County",3,0,544,264,280
050,21,235,"Kentucky","Whitley County",3,1,520,268,252
050,21,235,"Kentucky","Whitley County",3,2,500,249,251
050,21,235,"Kentucky","Whitley County",3,3,552,293,259
050,21,235,"Kentucky","Whitley County",3,4,554,290,264
050,21,235,"Kentucky","Whitley County",3,5,545,274,271
050,21,235,"Kentucky","Whitley County",3,6,565,303,262
050,21,235,"Kentucky","Whitley County",3,7,541,299,242
050,21,235,"Kentucky","Whitley County",3,8,553,309,244
050,21,235,"Kentucky","Whitley County",3,9,542,296,246
050,21,235,"Kentucky","Whitley County",3,10,532,275,257
050,21,235,"Kentucky","Whitley County",3,11,509,257,252
050,21,235,"Kentucky","Whitley County",3,12,521,267,254
050,21,235,"Kentucky","Whitley County",3,13,527,269,258
050,21,235,"Kentucky","Whitley County",3,14,530,266,264
050,21,235,"Kentucky","Whitley County",3,15,504,272,232
050,21,235,"Kentucky","Whitley County",3,16,510,280,230
050,21,235,"Kentucky","Whitley County",3,17,524,280,244
050,21,235,"Kentucky","Whitley County",3,18,556,279,277
050,21,235,"Kentucky","Whitley County",3,19,640,328,312
050,21,235,"Kentucky","Whitley County",3,20,629,314,315
050,21,235,"Kentucky","Whitley County",3,21,606,299,307
050,21,235,"Kentucky","Whitley County",3,22,509,257,252
050,21,235,"Kentucky","Whitley County",3,23,484,269,215
050,21,235,"Kentucky","Whitley County",3,24,477,262,215
050,21,235,"Kentucky","Whitley County",3,25,465,237,228
050,21,235,"Kentucky","Whitley County",3,26,437,223,214
050,21,235,"Kentucky","Whitley County",3,27,463,223,240
050,21,235,"Kentucky","Whitley County",3,28,457,210,247
050,21,235,"Kentucky","Whitley County",3,29,484,239,245
050,21,235,"Kentucky","Whitley County",3,30,488,246,242
050,21,235,"Kentucky","Whitley County",3,31,479,236,243
050,21,235,"Kentucky","Whitley County",3,32,451,210,241
050,21,235,"Kentucky","Whitley County",3,33,444,227,217
050,21,235,"Kentucky","Whitley County",3,34,417,213,204
050,21,235,"Kentucky","Whitley County",3,35,408,195,213
050,21,235,"Kentucky","Whitley County",3,36,417,209,208
050,21,235,"Kentucky","Whitley County",3,37,391,184,207
050,21,235,"Kentucky","Whitley County",3,38,407,210,197
050,21,235,"Kentucky","Whitley County",3,39,414,219,195
050,21,235,"Kentucky","Whitley County",3,40,402,200,202
050,21,235,"Kentucky","Whitley County",3,41,448,217,231
050,21,235,"Kentucky","Whitley County",3,42,431,206,225
050,21,235,"Kentucky","Whitley County",3,43,436,218,218
050,21,235,"Kentucky","Whitley County",3,44,410,207,203
050,21,235,"Kentucky","Whitley County",3,45,409,198,211
050,21,235,"Kentucky","Whitley County",3,46,416,204,212
050,21,235,"Kentucky","Whitley County",3,47,391,192,199
050,21,235,"Kentucky","Whitley County",3,48,403,198,205
050,21,235,"Kentucky","Whitley County",3,49,445,227,218
050,21,235,"Kentucky","Whitley County",3,50,430,213,217
050,21,235,"Kentucky","Whitley County",3,51,431,214,217
050,21,235,"Kentucky","Whitley County",3,52,432,203,229
050,21,235,"Kentucky","Whitley County",3,53,440,198,242
050,21,235,"Kentucky","Whitley County",3,54,452,224,228
050,21,235,"Kentucky","Whitley County",3,55,442,204,238
050,21,235,"Kentucky","Whitley County",3,56,478,240,238
050,21,235,"Kentucky","Whitley County",3,57,459,229,230
050,21,235,"Kentucky","Whitley County",3,58,432,216,216
050,21,235,"Kentucky","Whitley County",3,59,454,217,237
050,21,235,"Kentucky","Whitley County",3,60,454,221,233
050,21,235,"Kentucky","Whitley County",3,61,407,202,205
050,21,235,"Kentucky","Whitley County",3,62,405,191,214
050,21,235,"Kentucky","Whitley County",3,63,425,196,229
050,21,235,"Kentucky","Whitley County",3,64,446,203,243
050,21,235,"Kentucky","Whitley County",3,65,428,213,215
050,21,235,"Kentucky","Whitley County",3,66,384,179,205
050,21,235,"Kentucky","Whitley County",3,67,404,187,217
050,21,235,"Kentucky","Whitley County",3,68,371,172,199
050,21,235,"Kentucky","Whitley County",3,69,339,155,184
050,21,235,"Kentucky","Whitley County",3,70,333,171,162
050,21,235,"Kentucky","Whitley County",3,71,323,161,162
050,21,235,"Kentucky","Whitley County",3,72,324,149,175
050,21,235,"Kentucky","Whitley County",3,73,313,143,170
050,21,235,"Kentucky","Whitley County",3,74,331,159,172
050,21,235,"Kentucky","Whitley County",3,75,228,111,117
050,21,235,"Kentucky","Whitley County",3,76,215,100,115
050,21,235,"Kentucky","Whitley County",3,77,216,93,123
050,21,235,"Kentucky","Whitley County",3,78,230,100,130
050,21,235,"Kentucky","Whitley County",3,79,188,74,114
050,21,235,"Kentucky","Whitley County",3,80,150,53,97
050,21,235,"Kentucky","Whitley County",3,81,162,74,88
050,21,235,"Kentucky","Whitley County",3,82,164,67,97
050,21,235,"Kentucky","Whitley County",3,83,132,62,70
050,21,235,"Kentucky","Whitley County",3,84,120,50,70
050,21,235,"Kentucky","Whitley County",3,85,532,191,341
050,21,235,"Kentucky","Whitley County",4,0,543,274,269
050,21,235,"Kentucky","Whitley County",4,1,544,269,275
050,21,235,"Kentucky","Whitley County",4,2,530,273,257
050,21,235,"Kentucky","Whitley County",4,3,495,252,243
050,21,235,"Kentucky","Whitley County",4,4,535,280,255
050,21,235,"Kentucky","Whitley County",4,5,558,292,266
050,21,235,"Kentucky","Whitley County",4,6,538,267,271
050,21,235,"Kentucky","Whitley County",4,7,556,291,265
050,21,235,"Kentucky","Whitley County",4,8,539,296,243
050,21,235,"Kentucky","Whitley County",4,9,559,310,249
050,21,235,"Kentucky","Whitley County",4,10,561,303,258
050,21,235,"Kentucky","Whitley County",4,11,537,277,260
050,21,235,"Kentucky","Whitley County",4,12,528,270,258
050,21,235,"Kentucky","Whitley County",4,13,529,278,251
050,21,235,"Kentucky","Whitley County",4,14,540,273,267
050,21,235,"Kentucky","Whitley County",4,15,544,278,266
050,21,235,"Kentucky","Whitley County",4,16,499,274,225
050,21,235,"Kentucky","Whitley County",4,17,517,286,231
050,21,235,"Kentucky","Whitley County",4,18,577,296,281
050,21,235,"Kentucky","Whitley County",4,19,666,346,320
050,21,235,"Kentucky","Whitley County",4,20,632,321,311
050,21,235,"Kentucky","Whitley County",4,21,613,308,305
050,21,235,"Kentucky","Whitley County",4,22,539,270,269
050,21,235,"Kentucky","Whitley County",4,23,477,250,227
050,21,235,"Kentucky","Whitley County",4,24,463,254,209
050,21,235,"Kentucky","Whitley County",4,25,489,271,218
050,21,235,"Kentucky","Whitley County",4,26,456,232,224
050,21,235,"Kentucky","Whitley County",4,27,452,234,218
050,21,235,"Kentucky","Whitley County",4,28,459,222,237
050,21,235,"Kentucky","Whitley County",4,29,458,216,242
050,21,235,"Kentucky","Whitley County",4,30,483,243,240
050,21,235,"Kentucky","Whitley County",4,31,490,240,250
050,21,235,"Kentucky","Whitley County",4,32,492,235,257
050,21,235,"Kentucky","Whitley County",4,33,457,218,239
050,21,235,"Kentucky","Whitley County",4,34,446,226,220
050,21,235,"Kentucky","Whitley County",4,35,444,230,214
050,21,235,"Kentucky","Whitley County",4,36,404,192,212
050,21,235,"Kentucky","Whitley County",4,37,417,197,220
050,21,235,"Kentucky","Whitley County",4,38,402,192,210
050,21,235,"Kentucky","Whitley County",4,39,420,220,200
050,21,235,"Kentucky","Whitley County",4,40,419,220,199
050,21,235,"Kentucky","Whitley County",4,41,411,196,215
050,21,235,"Kentucky","Whitley County",4,42,448,217,231
050,21,235,"Kentucky","Whitley County",4,43,437,209,228
050,21,235,"Kentucky","Whitley County",4,44,427,207,220
050,21,235,"Kentucky","Whitley County",4,45,412,211,201
050,21,235,"Kentucky","Whitley County",4,46,408,199,209
050,21,235,"Kentucky","Whitley County",4,47,405,191,214
050,21,235,"Kentucky","Whitley County",4,48,391,195,196
050,21,235,"Kentucky","Whitley County",4,49,392,186,206
050,21,235,"Kentucky","Whitley County",4,50,441,214,227
050,21,235,"Kentucky","Whitley County",4,51,428,215,213
050,21,235,"Kentucky","Whitley County",4,52,419,213,206
050,21,235,"Kentucky","Whitley County",4,53,430,201,229
050,21,235,"Kentucky","Whitley County",4,54,437,200,237
050,21,235,"Kentucky","Whitley County",4,55,431,206,225
050,21,235,"Kentucky","Whitley County",4,56,429,201,228
050,21,235,"Kentucky","Whitley County",4,57,461,223,238
050,21,235,"Kentucky","Whitley County",4,58,461,231,230
050,21,235,"Kentucky","Whitley County",4,59,423,205,218
050,21,235,"Kentucky","Whitley County",4,60,451,210,241
050,21,235,"Kentucky","Whitley County",4,61,447,218,229
050,21,235,"Kentucky","Whitley County",4,62,397,192,205
050,21,235,"Kentucky","Whitley County",4,63,397,196,201
050,21,235,"Kentucky","Whitley County",4,64,414,187,227
050,21,235,"Kentucky","Whitley County",4,65,421,196,225
050,21,235,"Kentucky","Whitley County",4,66,413,202,211
050,21,235,"Kentucky","Whitley County",4,67,365,167,198
050,21,235,"Kentucky","Whitley County",4,68,393,183,210
050,21,235,"Kentucky","Whitley County",4,69,370,168,202
050,21,235,"Kentucky","Whitley County",4,70,325,149,176
050,21,235,"Kentucky","Whitley County",4,71,325,165,160
050,21,235,"Kentucky","Whitley County",4,72,314,154,160
050,21,235,"Kentucky","Whitley County",4,73,310,144,166
050,21,235,"Kentucky","Whitley County",4,74,292,133,159
050,21,235,"Kentucky","Whitley County",4,75,322,155,167
050,21,235,"Kentucky","Whitley County",4,76,207,100,107
050,21,235,"Kentucky","Whitley County",4,77,194,95,99
050,21,235,"Kentucky","Whitley County",4,78,202,86,116
050,21,235,"Kentucky","Whitley County",4,79,204,84,120
050,21,235,"Kentucky","Whitley County",4,80,168,63,105
050,21,235,"Kentucky","Whitley County",4,81,129,41,88
050,21,235,"Kentucky","Whitley County",4,82,154,70,84
050,21,235,"Kentucky","Whitley County",4,83,140,55,85
050,21,235,"Kentucky","Whitley County",4,84,124,58,66
050,21,235,"Kentucky","Whitley County",4,85,532,194,338
050,21,235,"Kentucky","Whitley County",5,0,544,279,265
050,21,235,"Kentucky","Whitley County",5,1,545,273,272
050,21,235,"Kentucky","Whitley County",5,2,536,263,273
050,21,235,"Kentucky","Whitley County",5,3,530,278,252
050,21,235,"Kentucky","Whitley County",5,4,484,239,245
050,21,235,"Kentucky","Whitley County",5,5,524,277,247
050,21,235,"Kentucky","Whitley County",5,6,555,282,273
050,21,235,"Kentucky","Whitley County",5,7,544,274,270
050,21,235,"Kentucky","Whitley County",5,8,561,294,267
050,21,235,"Kentucky","Whitley County",5,9,544,299,245
050,21,235,"Kentucky","Whitley County",5,10,567,317,250
050,21,235,"Kentucky","Whitley County",5,11,555,307,248
050,21,235,"Kentucky","Whitley County",5,12,522,268,254
050,21,235,"Kentucky","Whitley County",5,13,537,274,263
050,21,235,"Kentucky","Whitley County",5,14,540,279,261
050,21,235,"Kentucky","Whitley County",5,15,530,265,265
050,21,235,"Kentucky","Whitley County",5,16,543,266,277
050,21,235,"Kentucky","Whitley County",5,17,501,280,221
050,21,235,"Kentucky","Whitley County",5,18,570,298,272
050,21,235,"Kentucky","Whitley County",5,19,678,355,323
050,21,235,"Kentucky","Whitley County",5,20,645,327,318
050,21,235,"Kentucky","Whitley County",5,21,566,288,278
050,21,235,"Kentucky","Whitley County",5,22,543,280,263
050,21,235,"Kentucky","Whitley County",5,23,503,271,232
050,21,235,"Kentucky","Whitley County",5,24,449,233,216
050,21,235,"Kentucky","Whitley County",5,25,468,256,212
050,21,235,"Kentucky","Whitley County",5,26,469,248,221
050,21,235,"Kentucky","Whitley County",5,27,453,230,223
050,21,235,"Kentucky","Whitley County",5,28,449,225,224
050,21,235,"Kentucky","Whitley County",5,29,452,219,233
050,21,235,"Kentucky","Whitley County",5,30,437,212,225
050,21,235,"Kentucky","Whitley County",5,31,476,236,240
050,21,235,"Kentucky","Whitley County",5,32,470,229,241
050,21,235,"Kentucky","Whitley County",5,33,487,238,249
050,21,235,"Kentucky","Whitley County",5,34,460,220,240
050,21,235,"Kentucky","Whitley County",5,35,455,233,222
050,21,235,"Kentucky","Whitley County",5,36,432,225,207
050,21,235,"Kentucky","Whitley County",5,37,406,193,213
050,21,235,"Kentucky","Whitley County",5,38,408,194,214
050,21,235,"Kentucky","Whitley County",5,39,411,199,212
050,21,235,"Kentucky","Whitley County",5,40,413,211,202
050,21,235,"Kentucky","Whitley County",5,41,408,211,197
050,21,235,"Kentucky","Whitley County",5,42,413,194,219
050,21,235,"Kentucky","Whitley County",5,43,451,215,236
050,21,235,"Kentucky","Whitley County",5,44,444,214,230
050,21,235,"Kentucky","Whitley County",5,45,437,215,222
050,21,235,"Kentucky","Whitley County",5,46,407,204,203
050,21,235,"Kentucky","Whitley County",5,47,397,188,209
050,21,235,"Kentucky","Whitley County",5,48,426,203,223
050,21,235,"Kentucky","Whitley County",5,49,387,197,190
050,21,235,"Kentucky","Whitley County",5,50,395,187,208
050,21,235,"Kentucky","Whitley County",5,51,452,226,226
050,21,235,"Kentucky","Whitley County",5,52,415,208,207
050,21,235,"Kentucky","Whitley County",5,53,423,211,212
050,21,235,"Kentucky","Whitley County",5,54,421,203,218
050,21,235,"Kentucky","Whitley County",5,55,435,194,241
050,21,235,"Kentucky","Whitley County",5,56,418,202,216
050,21,235,"Kentucky","Whitley County",5,57,422,202,220
050,21,235,"Kentucky","Whitley County",5,58,449,216,233
050,21,235,"Kentucky","Whitley County",5,59,458,226,232
050,21,235,"Kentucky","Whitley County",5,60,411,199,212
050,21,235,"Kentucky","Whitley County",5,61,443,207,236
050,21,235,"Kentucky","Whitley County",5,62,439,213,226
050,21,235,"Kentucky","Whitley County",5,63,395,195,200
050,21,235,"Kentucky","Whitley County",5,64,386,188,198
050,21,235,"Kentucky","Whitley County",5,65,402,180,222
050,21,235,"Kentucky","Whitley County",5,66,418,192,226
050,21,235,"Kentucky","Whitley County",5,67,400,189,211
050,21,235,"Kentucky","Whitley County",5,68,344,153,191
050,21,235,"Kentucky","Whitley County",5,69,390,182,208
050,21,235,"Kentucky","Whitley County",5,70,359,166,193
050,21,235,"Kentucky","Whitley County",5,71,311,140,171
050,21,235,"Kentucky","Whitley County",5,72,317,162,155
050,21,235,"Kentucky","Whitley County",5,73,298,145,153
050,21,235,"Kentucky","Whitley County",5,74,287,137,150
050,21,235,"Kentucky","Whitley County",5,75,276,126,150
050,21,235,"Kentucky","Whitley County",5,76,301,142,159
050,21,235,"Kentucky","Whitley County",5,77,194,96,98
050,21,235,"Kentucky","Whitley County",5,78,181,88,93
050,21,235,"Kentucky","Whitley County",5,79,183,73,110
050,21,235,"Kentucky","Whitley County",5,80,183,71,112
050,21,235,"Kentucky","Whitley County",5,81,144,49,95
050,21,235,"Kentucky","Whitley County",5,82,120,36,84
050,21,235,"Kentucky","Whitley County",5,83,131,58,73
050,21,235,"Kentucky","Whitley County",5,84,135,54,81
050,21,235,"Kentucky","Whitley County",5,85,557,219,338
050,21,237,"Kentucky","Wolfe County",1,0,75,38,37
050,21,237,"Kentucky","Wolfe County",1,1,83,42,41
050,21,237,"Kentucky","Wolfe County",1,2,85,42,43
050,21,237,"Kentucky","Wolfe County",1,3,98,56,42
050,21,237,"Kentucky","Wolfe County",1,4,95,52,43
050,21,237,"Kentucky","Wolfe County",1,5,70,32,38
050,21,237,"Kentucky","Wolfe County",1,6,80,43,37
050,21,237,"Kentucky","Wolfe County",1,7,66,36,30
050,21,237,"Kentucky","Wolfe County",1,8,76,43,33
050,21,237,"Kentucky","Wolfe County",1,9,81,40,41
050,21,237,"Kentucky","Wolfe County",1,10,70,32,38
050,21,237,"Kentucky","Wolfe County",1,11,75,41,34
050,21,237,"Kentucky","Wolfe County",1,12,83,45,38
050,21,237,"Kentucky","Wolfe County",1,13,103,57,46
050,21,237,"Kentucky","Wolfe County",1,14,83,42,41
050,21,237,"Kentucky","Wolfe County",1,15,94,47,47
050,21,237,"Kentucky","Wolfe County",1,16,112,61,51
050,21,237,"Kentucky","Wolfe County",1,17,98,53,45
050,21,237,"Kentucky","Wolfe County",1,18,74,40,34
050,21,237,"Kentucky","Wolfe County",1,19,46,25,21
050,21,237,"Kentucky","Wolfe County",1,20,54,24,30
050,21,237,"Kentucky","Wolfe County",1,21,61,30,31
050,21,237,"Kentucky","Wolfe County",1,22,72,36,36
050,21,237,"Kentucky","Wolfe County",1,23,72,38,34
050,21,237,"Kentucky","Wolfe County",1,24,71,36,35
050,21,237,"Kentucky","Wolfe County",1,25,69,39,30
050,21,237,"Kentucky","Wolfe County",1,26,63,31,32
050,21,237,"Kentucky","Wolfe County",1,27,74,34,40
050,21,237,"Kentucky","Wolfe County",1,28,79,37,42
050,21,237,"Kentucky","Wolfe County",1,29,74,40,34
050,21,237,"Kentucky","Wolfe County",1,30,62,34,28
050,21,237,"Kentucky","Wolfe County",1,31,68,37,31
050,21,237,"Kentucky","Wolfe County",1,32,80,37,43
050,21,237,"Kentucky","Wolfe County",1,33,54,29,25
050,21,237,"Kentucky","Wolfe County",1,34,71,33,38
050,21,237,"Kentucky","Wolfe County",1,35,78,33,45
050,21,237,"Kentucky","Wolfe County",1,36,70,28,42
050,21,237,"Kentucky","Wolfe County",1,37,75,25,50
050,21,237,"Kentucky","Wolfe County",1,38,77,37,40
050,21,237,"Kentucky","Wolfe County",1,39,69,37,32
050,21,237,"Kentucky","Wolfe County",1,40,84,48,36
050,21,237,"Kentucky","Wolfe County",1,41,90,47,43
050,21,237,"Kentucky","Wolfe County",1,42,95,51,44
050,21,237,"Kentucky","Wolfe County",1,43,93,46,47
050,21,237,"Kentucky","Wolfe County",1,44,77,35,42
050,21,237,"Kentucky","Wolfe County",1,45,72,33,39
050,21,237,"Kentucky","Wolfe County",1,46,84,39,45
050,21,237,"Kentucky","Wolfe County",1,47,89,43,46
050,21,237,"Kentucky","Wolfe County",1,48,79,41,38
050,21,237,"Kentucky","Wolfe County",1,49,79,41,38
050,21,237,"Kentucky","Wolfe County",1,50,74,36,38
050,21,237,"Kentucky","Wolfe County",1,51,85,36,49
050,21,237,"Kentucky","Wolfe County",1,52,77,42,35
050,21,237,"Kentucky","Wolfe County",1,53,79,40,39
050,21,237,"Kentucky","Wolfe County",1,54,87,38,49
050,21,237,"Kentucky","Wolfe County",1,55,104,54,50
050,21,237,"Kentucky","Wolfe County",1,56,107,57,50
050,21,237,"Kentucky","Wolfe County",1,57,98,45,53
050,21,237,"Kentucky","Wolfe County",1,58,112,47,65
050,21,237,"Kentucky","Wolfe County",1,59,101,48,53
050,21,237,"Kentucky","Wolfe County",1,60,106,60,46
050,21,237,"Kentucky","Wolfe County",1,61,108,58,50
050,21,237,"Kentucky","Wolfe County",1,62,93,42,51
050,21,237,"Kentucky","Wolfe County",1,63,86,43,43
050,21,237,"Kentucky","Wolfe County",1,64,95,47,48
050,21,237,"Kentucky","Wolfe County",1,65,85,34,51
050,21,237,"Kentucky","Wolfe County",1,66,87,44,43
050,21,237,"Kentucky","Wolfe County",1,67,85,42,43
050,21,237,"Kentucky","Wolfe County",1,68,88,38,50
050,21,237,"Kentucky","Wolfe County",1,69,90,42,48
050,21,237,"Kentucky","Wolfe County",1,70,68,39,29
050,21,237,"Kentucky","Wolfe County",1,71,80,50,30
050,21,237,"Kentucky","Wolfe County",1,72,70,34,36
050,21,237,"Kentucky","Wolfe County",1,73,74,44,30
050,21,237,"Kentucky","Wolfe County",1,74,52,23,29
050,21,237,"Kentucky","Wolfe County",1,75,55,26,29
050,21,237,"Kentucky","Wolfe County",1,76,63,28,35
050,21,237,"Kentucky","Wolfe County",1,77,50,22,28
050,21,237,"Kentucky","Wolfe County",1,78,41,14,27
050,21,237,"Kentucky","Wolfe County",1,79,38,10,28
050,21,237,"Kentucky","Wolfe County",1,80,31,12,19
050,21,237,"Kentucky","Wolfe County",1,81,17,7,10
050,21,237,"Kentucky","Wolfe County",1,82,31,15,16
050,21,237,"Kentucky","Wolfe County",1,83,27,15,12
050,21,237,"Kentucky","Wolfe County",1,84,23,8,15
050,21,237,"Kentucky","Wolfe County",1,85,115,37,78
050,21,237,"Kentucky","Wolfe County",2,0,77,39,38
050,21,237,"Kentucky","Wolfe County",2,1,81,41,40
050,21,237,"Kentucky","Wolfe County",2,2,85,43,42
050,21,237,"Kentucky","Wolfe County",2,3,95,53,42
050,21,237,"Kentucky","Wolfe County",2,4,94,52,42
050,21,237,"Kentucky","Wolfe County",2,5,76,37,39
050,21,237,"Kentucky","Wolfe County",2,6,76,39,37
050,21,237,"Kentucky","Wolfe County",2,7,69,37,32
050,21,237,"Kentucky","Wolfe County",2,8,73,41,32
050,21,237,"Kentucky","Wolfe County",2,9,79,40,39
050,21,237,"Kentucky","Wolfe County",2,10,73,34,39
050,21,237,"Kentucky","Wolfe County",2,11,72,38,34
050,21,237,"Kentucky","Wolfe County",2,12,82,45,37
050,21,237,"Kentucky","Wolfe County",2,13,99,55,44
050,21,237,"Kentucky","Wolfe County",2,14,87,45,42
050,21,237,"Kentucky","Wolfe County",2,15,92,46,46
050,21,237,"Kentucky","Wolfe County",2,16,109,60,49
050,21,237,"Kentucky","Wolfe County",2,17,102,55,47
050,21,237,"Kentucky","Wolfe County",2,18,75,42,33
050,21,237,"Kentucky","Wolfe County",2,19,50,27,23
050,21,237,"Kentucky","Wolfe County",2,20,54,25,29
050,21,237,"Kentucky","Wolfe County",2,21,60,28,32
050,21,237,"Kentucky","Wolfe County",2,22,70,35,35
050,21,237,"Kentucky","Wolfe County",2,23,73,37,36
050,21,237,"Kentucky","Wolfe County",2,24,74,39,35
050,21,237,"Kentucky","Wolfe County",2,25,70,38,32
050,21,237,"Kentucky","Wolfe County",2,26,65,33,32
050,21,237,"Kentucky","Wolfe County",2,27,71,33,38
050,21,237,"Kentucky","Wolfe County",2,28,76,35,41
050,21,237,"Kentucky","Wolfe County",2,29,75,39,36
050,21,237,"Kentucky","Wolfe County",2,30,66,36,30
050,21,237,"Kentucky","Wolfe County",2,31,67,36,31
050,21,237,"Kentucky","Wolfe County",2,32,76,37,39
050,21,237,"Kentucky","Wolfe County",2,33,60,31,29
050,21,237,"Kentucky","Wolfe County",2,34,67,32,35
050,21,237,"Kentucky","Wolfe County",2,35,76,33,43
050,21,237,"Kentucky","Wolfe County",2,36,71,29,42
050,21,237,"Kentucky","Wolfe County",2,37,74,26,48
050,21,237,"Kentucky","Wolfe County",2,38,77,34,43
050,21,237,"Kentucky","Wolfe County",2,39,70,37,33
050,21,237,"Kentucky","Wolfe County",2,40,80,45,35
050,21,237,"Kentucky","Wolfe County",2,41,89,48,41
050,21,237,"Kentucky","Wolfe County",2,42,94,50,44
050,21,237,"Kentucky","Wolfe County",2,43,96,49,47
050,21,237,"Kentucky","Wolfe County",2,44,80,38,42
050,21,237,"Kentucky","Wolfe County",2,45,74,34,40
050,21,237,"Kentucky","Wolfe County",2,46,81,38,43
050,21,237,"Kentucky","Wolfe County",2,47,87,42,45
050,21,237,"Kentucky","Wolfe County",2,48,82,41,41
050,21,237,"Kentucky","Wolfe County",2,49,80,42,38
050,21,237,"Kentucky","Wolfe County",2,50,75,37,38
050,21,237,"Kentucky","Wolfe County",2,51,81,36,45
050,21,237,"Kentucky","Wolfe County",2,52,78,41,37
050,21,237,"Kentucky","Wolfe County",2,53,78,40,38
050,21,237,"Kentucky","Wolfe County",2,54,85,39,46
050,21,237,"Kentucky","Wolfe County",2,55,100,51,49
050,21,237,"Kentucky","Wolfe County",2,56,104,56,48
050,21,237,"Kentucky","Wolfe County",2,57,99,48,51
050,21,237,"Kentucky","Wolfe County",2,58,111,48,63
050,21,237,"Kentucky","Wolfe County",2,59,104,48,56
050,21,237,"Kentucky","Wolfe County",2,60,105,57,48
050,21,237,"Kentucky","Wolfe County",2,61,108,58,50
050,21,237,"Kentucky","Wolfe County",2,62,95,45,50
050,21,237,"Kentucky","Wolfe County",2,63,88,44,44
050,21,237,"Kentucky","Wolfe County",2,64,90,44,46
050,21,237,"Kentucky","Wolfe County",2,65,88,37,51
050,21,237,"Kentucky","Wolfe County",2,66,87,43,44
050,21,237,"Kentucky","Wolfe County",2,67,85,42,43
050,21,237,"Kentucky","Wolfe County",2,68,86,38,48
050,21,237,"Kentucky","Wolfe County",2,69,90,41,49
050,21,237,"Kentucky","Wolfe County",2,70,72,39,33
050,21,237,"Kentucky","Wolfe County",2,71,77,47,30
050,21,237,"Kentucky","Wolfe County",2,72,72,38,34
050,21,237,"Kentucky","Wolfe County",2,73,75,43,32
050,21,237,"Kentucky","Wolfe County",2,74,53,25,28
050,21,237,"Kentucky","Wolfe County",2,75,53,25,28
050,21,237,"Kentucky","Wolfe County",2,76,60,27,33
050,21,237,"Kentucky","Wolfe County",2,77,53,23,30
050,21,237,"Kentucky","Wolfe County",2,78,42,16,26
050,21,237,"Kentucky","Wolfe County",2,79,39,10,29
050,21,237,"Kentucky","Wolfe County",2,80,33,12,21
050,21,237,"Kentucky","Wolfe County",2,81,18,7,11
050,21,237,"Kentucky","Wolfe County",2,82,28,13,15
050,21,237,"Kentucky","Wolfe County",2,83,27,14,13
050,21,237,"Kentucky","Wolfe County",2,84,22,10,12
050,21,237,"Kentucky","Wolfe County",2,85,117,38,79
050,21,237,"Kentucky","Wolfe County",3,0,82,41,41
050,21,237,"Kentucky","Wolfe County",3,1,69,33,36
050,21,237,"Kentucky","Wolfe County",3,2,78,40,38
050,21,237,"Kentucky","Wolfe County",3,3,86,42,44
050,21,237,"Kentucky","Wolfe County",3,4,94,49,45
050,21,237,"Kentucky","Wolfe County",3,5,88,51,37
050,21,237,"Kentucky","Wolfe County",3,6,76,39,37
050,21,237,"Kentucky","Wolfe County",3,7,74,40,34
050,21,237,"Kentucky","Wolfe County",3,8,74,43,31
050,21,237,"Kentucky","Wolfe County",3,9,69,41,28
050,21,237,"Kentucky","Wolfe County",3,10,81,40,41
050,21,237,"Kentucky","Wolfe County",3,11,68,32,36
050,21,237,"Kentucky","Wolfe County",3,12,72,39,33
050,21,237,"Kentucky","Wolfe County",3,13,87,48,39
050,21,237,"Kentucky","Wolfe County",3,14,95,53,42
050,21,237,"Kentucky","Wolfe County",3,15,94,47,47
050,21,237,"Kentucky","Wolfe County",3,16,100,55,45
050,21,237,"Kentucky","Wolfe County",3,17,110,59,51
050,21,237,"Kentucky","Wolfe County",3,18,77,43,34
050,21,237,"Kentucky","Wolfe County",3,19,55,30,25
050,21,237,"Kentucky","Wolfe County",3,20,59,31,28
050,21,237,"Kentucky","Wolfe County",3,21,59,29,30
050,21,237,"Kentucky","Wolfe County",3,22,62,28,34
050,21,237,"Kentucky","Wolfe County",3,23,73,38,35
050,21,237,"Kentucky","Wolfe County",3,24,75,38,37
050,21,237,"Kentucky","Wolfe County",3,25,68,36,32
050,21,237,"Kentucky","Wolfe County",3,26,66,33,33
050,21,237,"Kentucky","Wolfe County",3,27,70,34,36
050,21,237,"Kentucky","Wolfe County",3,28,71,32,39
050,21,237,"Kentucky","Wolfe County",3,29,72,33,39
050,21,237,"Kentucky","Wolfe County",3,30,73,36,37
050,21,237,"Kentucky","Wolfe County",3,31,65,36,29
050,21,237,"Kentucky","Wolfe County",3,32,62,31,31
050,21,237,"Kentucky","Wolfe County",3,33,76,36,40
050,21,237,"Kentucky","Wolfe County",3,34,64,34,30
050,21,237,"Kentucky","Wolfe County",3,35,69,35,34
050,21,237,"Kentucky","Wolfe County",3,36,77,33,44
050,21,237,"Kentucky","Wolfe County",3,37,67,27,40
050,21,237,"Kentucky","Wolfe County",3,38,80,30,50
050,21,237,"Kentucky","Wolfe County",3,39,81,37,44
050,21,237,"Kentucky","Wolfe County",3,40,73,40,33
050,21,237,"Kentucky","Wolfe County",3,41,82,43,39
050,21,237,"Kentucky","Wolfe County",3,42,84,46,38
050,21,237,"Kentucky","Wolfe County",3,43,93,48,45
050,21,237,"Kentucky","Wolfe County",3,44,89,44,45
050,21,237,"Kentucky","Wolfe County",3,45,80,38,42
050,21,237,"Kentucky","Wolfe County",3,46,80,37,43
050,21,237,"Kentucky","Wolfe County",3,47,82,39,43
050,21,237,"Kentucky","Wolfe County",3,48,87,42,45
050,21,237,"Kentucky","Wolfe County",3,49,84,40,44
050,21,237,"Kentucky","Wolfe County",3,50,80,42,38
050,21,237,"Kentucky","Wolfe County",3,51,77,39,38
050,21,237,"Kentucky","Wolfe County",3,52,72,36,36
050,21,237,"Kentucky","Wolfe County",3,53,77,41,36
050,21,237,"Kentucky","Wolfe County",3,54,76,38,38
050,21,237,"Kentucky","Wolfe County",3,55,82,37,45
050,21,237,"Kentucky","Wolfe County",3,56,100,49,51
050,21,237,"Kentucky","Wolfe County",3,57,97,54,43
050,21,237,"Kentucky","Wolfe County",3,58,96,46,50
050,21,237,"Kentucky","Wolfe County",3,59,110,48,62
050,21,237,"Kentucky","Wolfe County",3,60,100,47,53
050,21,237,"Kentucky","Wolfe County",3,61,102,57,45
050,21,237,"Kentucky","Wolfe County",3,62,105,57,48
050,21,237,"Kentucky","Wolfe County",3,63,96,47,49
050,21,237,"Kentucky","Wolfe County",3,64,86,44,42
050,21,237,"Kentucky","Wolfe County",3,65,87,41,46
050,21,237,"Kentucky","Wolfe County",3,66,90,42,48
050,21,237,"Kentucky","Wolfe County",3,67,80,37,43
050,21,237,"Kentucky","Wolfe County",3,68,86,42,44
050,21,237,"Kentucky","Wolfe County",3,69,86,37,49
050,21,237,"Kentucky","Wolfe County",3,70,84,38,46
050,21,237,"Kentucky","Wolfe County",3,71,68,36,32
050,21,237,"Kentucky","Wolfe County",3,72,75,46,29
050,21,237,"Kentucky","Wolfe County",3,73,69,36,33
050,21,237,"Kentucky","Wolfe County",3,74,72,37,35
050,21,237,"Kentucky","Wolfe County",3,75,50,26,24
050,21,237,"Kentucky","Wolfe County",3,76,53,23,30
050,21,237,"Kentucky","Wolfe County",3,77,55,27,28
050,21,237,"Kentucky","Wolfe County",3,78,47,20,27
050,21,237,"Kentucky","Wolfe County",3,79,44,14,30
050,21,237,"Kentucky","Wolfe County",3,80,39,13,26
050,21,237,"Kentucky","Wolfe County",3,81,23,6,17
050,21,237,"Kentucky","Wolfe County",3,82,21,9,12
050,21,237,"Kentucky","Wolfe County",3,83,23,7,16
050,21,237,"Kentucky","Wolfe County",3,84,25,15,10
050,21,237,"Kentucky","Wolfe County",3,85,122,41,81
050,21,237,"Kentucky","Wolfe County",4,0,85,41,44
050,21,237,"Kentucky","Wolfe County",4,1,75,45,30
050,21,237,"Kentucky","Wolfe County",4,2,69,30,39
050,21,237,"Kentucky","Wolfe County",4,3,79,35,44
050,21,237,"Kentucky","Wolfe County",4,4,86,42,44
050,21,237,"Kentucky","Wolfe County",4,5,89,47,42
050,21,237,"Kentucky","Wolfe County",4,6,86,48,38
050,21,237,"Kentucky","Wolfe County",4,7,75,38,37
050,21,237,"Kentucky","Wolfe County",4,8,80,46,34
050,21,237,"Kentucky","Wolfe County",4,9,74,39,35
050,21,237,"Kentucky","Wolfe County",4,10,70,43,27
050,21,237,"Kentucky","Wolfe County",4,11,78,37,41
050,21,237,"Kentucky","Wolfe County",4,12,68,31,37
050,21,237,"Kentucky","Wolfe County",4,13,74,38,36
050,21,237,"Kentucky","Wolfe County",4,14,86,50,36
050,21,237,"Kentucky","Wolfe County",4,15,100,54,46
050,21,237,"Kentucky","Wolfe County",4,16,92,45,47
050,21,237,"Kentucky","Wolfe County",4,17,97,53,44
050,21,237,"Kentucky","Wolfe County",4,18,83,45,38
050,21,237,"Kentucky","Wolfe County",4,19,55,32,23
050,21,237,"Kentucky","Wolfe County",4,20,61,33,28
050,21,237,"Kentucky","Wolfe County",4,21,58,31,27
050,21,237,"Kentucky","Wolfe County",4,22,63,29,34
050,21,237,"Kentucky","Wolfe County",4,23,66,29,37
050,21,237,"Kentucky","Wolfe County",4,24,67,31,36
050,21,237,"Kentucky","Wolfe County",4,25,72,37,35
050,21,237,"Kentucky","Wolfe County",4,26,66,35,31
050,21,237,"Kentucky","Wolfe County",4,27,69,34,35
050,21,237,"Kentucky","Wolfe County",4,28,71,34,37
050,21,237,"Kentucky","Wolfe County",4,29,66,29,37
050,21,237,"Kentucky","Wolfe County",4,30,65,32,33
050,21,237,"Kentucky","Wolfe County",4,31,76,40,36
050,21,237,"Kentucky","Wolfe County",4,32,72,42,30
050,21,237,"Kentucky","Wolfe County",4,33,59,31,28
050,21,237,"Kentucky","Wolfe County",4,34,72,37,35
050,21,237,"Kentucky","Wolfe County",4,35,63,34,29
050,21,237,"Kentucky","Wolfe County",4,36,72,33,39
050,21,237,"Kentucky","Wolfe County",4,37,77,32,45
050,21,237,"Kentucky","Wolfe County",4,38,68,28,40
050,21,237,"Kentucky","Wolfe County",4,39,81,32,49
050,21,237,"Kentucky","Wolfe County",4,40,82,36,46
050,21,237,"Kentucky","Wolfe County",4,41,74,41,33
050,21,237,"Kentucky","Wolfe County",4,42,79,42,37
050,21,237,"Kentucky","Wolfe County",4,43,91,50,41
050,21,237,"Kentucky","Wolfe County",4,44,86,43,43
050,21,237,"Kentucky","Wolfe County",4,45,87,44,43
050,21,237,"Kentucky","Wolfe County",4,46,83,41,42
050,21,237,"Kentucky","Wolfe County",4,47,84,38,46
050,21,237,"Kentucky","Wolfe County",4,48,79,35,44
050,21,237,"Kentucky","Wolfe County",4,49,81,39,42
050,21,237,"Kentucky","Wolfe County",4,50,84,41,43
050,21,237,"Kentucky","Wolfe County",4,51,85,45,40
050,21,237,"Kentucky","Wolfe County",4,52,73,36,37
050,21,237,"Kentucky","Wolfe County",4,53,74,38,36
050,21,237,"Kentucky","Wolfe County",4,54,74,39,35
050,21,237,"Kentucky","Wolfe County",4,55,80,42,38
050,21,237,"Kentucky","Wolfe County",4,56,87,41,46
050,21,237,"Kentucky","Wolfe County",4,57,96,49,47
050,21,237,"Kentucky","Wolfe County",4,58,97,50,47
050,21,237,"Kentucky","Wolfe County",4,59,99,46,53
050,21,237,"Kentucky","Wolfe County",4,60,108,48,60
050,21,237,"Kentucky","Wolfe County",4,61,98,43,55
050,21,237,"Kentucky","Wolfe County",4,62,100,57,43
050,21,237,"Kentucky","Wolfe County",4,63,98,55,43
050,21,237,"Kentucky","Wolfe County",4,64,92,47,45
050,21,237,"Kentucky","Wolfe County",4,65,85,42,43
050,21,237,"Kentucky","Wolfe County",4,66,86,45,41
050,21,237,"Kentucky","Wolfe County",4,67,82,35,47
050,21,237,"Kentucky","Wolfe County",4,68,79,37,42
050,21,237,"Kentucky","Wolfe County",4,69,83,40,43
050,21,237,"Kentucky","Wolfe County",4,70,81,34,47
050,21,237,"Kentucky","Wolfe County",4,71,81,35,46
050,21,237,"Kentucky","Wolfe County",4,72,60,33,27
050,21,237,"Kentucky","Wolfe County",4,73,72,43,29
050,21,237,"Kentucky","Wolfe County",4,74,67,32,35
050,21,237,"Kentucky","Wolfe County",4,75,61,33,28
050,21,237,"Kentucky","Wolfe County",4,76,43,21,22
050,21,237,"Kentucky","Wolfe County",4,77,45,21,24
050,21,237,"Kentucky","Wolfe County",4,78,47,24,23
050,21,237,"Kentucky","Wolfe County",4,79,49,18,31
050,21,237,"Kentucky","Wolfe County",4,80,42,16,26
050,21,237,"Kentucky","Wolfe County",4,81,29,9,20
050,21,237,"Kentucky","Wolfe County",4,82,27,9,18
050,21,237,"Kentucky","Wolfe County",4,83,16,3,13
050,21,237,"Kentucky","Wolfe County",4,84,17,5,12
050,21,237,"Kentucky","Wolfe County",4,85,128,47,81
050,21,237,"Kentucky","Wolfe County",5,0,88,41,47
050,21,237,"Kentucky","Wolfe County",5,1,75,40,35
050,21,237,"Kentucky","Wolfe County",5,2,76,39,37
050,21,237,"Kentucky","Wolfe County",5,3,61,25,36
050,21,237,"Kentucky","Wolfe County",5,4,78,34,44
050,21,237,"Kentucky","Wolfe County",5,5,84,42,42
050,21,237,"Kentucky","Wolfe County",5,6,87,46,41
050,21,237,"Kentucky","Wolfe County",5,7,80,44,36
050,21,237,"Kentucky","Wolfe County",5,8,76,38,38
050,21,237,"Kentucky","Wolfe County",5,9,76,39,37
050,21,237,"Kentucky","Wolfe County",5,10,74,39,35
050,21,237,"Kentucky","Wolfe County",5,11,66,40,26
050,21,237,"Kentucky","Wolfe County",5,12,78,36,42
050,21,237,"Kentucky","Wolfe County",5,13,71,30,41
050,21,237,"Kentucky","Wolfe County",5,14,74,39,35
050,21,237,"Kentucky","Wolfe County",5,15,89,49,40
050,21,237,"Kentucky","Wolfe County",5,16,100,57,43
050,21,237,"Kentucky","Wolfe County",5,17,91,42,49
050,21,237,"Kentucky","Wolfe County",5,18,76,45,31
050,21,237,"Kentucky","Wolfe County",5,19,58,34,24
050,21,237,"Kentucky","Wolfe County",5,20,55,30,25
050,21,237,"Kentucky","Wolfe County",5,21,65,36,29
050,21,237,"Kentucky","Wolfe County",5,22,63,35,28
050,21,237,"Kentucky","Wolfe County",5,23,72,33,39
050,21,237,"Kentucky","Wolfe County",5,24,65,31,34
050,21,237,"Kentucky","Wolfe County",5,25,69,33,36
050,21,237,"Kentucky","Wolfe County",5,26,72,35,37
050,21,237,"Kentucky","Wolfe County",5,27,61,33,28
050,21,237,"Kentucky","Wolfe County",5,28,74,36,38
050,21,237,"Kentucky","Wolfe County",5,29,68,33,35
050,21,237,"Kentucky","Wolfe County",5,30,68,31,37
050,21,237,"Kentucky","Wolfe County",5,31,63,30,33
050,21,237,"Kentucky","Wolfe County",5,32,72,36,36
050,21,237,"Kentucky","Wolfe County",5,33,66,37,29
050,21,237,"Kentucky","Wolfe County",5,34,60,34,26
050,21,237,"Kentucky","Wolfe County",5,35,70,37,33
050,21,237,"Kentucky","Wolfe County",5,36,61,32,29
050,21,237,"Kentucky","Wolfe County",5,37,67,32,35
050,21,237,"Kentucky","Wolfe County",5,38,73,32,41
050,21,237,"Kentucky","Wolfe County",5,39,61,25,36
050,21,237,"Kentucky","Wolfe County",5,40,83,33,50
050,21,237,"Kentucky","Wolfe County",5,41,83,37,46
050,21,237,"Kentucky","Wolfe County",5,42,74,41,33
050,21,237,"Kentucky","Wolfe County",5,43,77,40,37
050,21,237,"Kentucky","Wolfe County",5,44,90,45,45
050,21,237,"Kentucky","Wolfe County",5,45,86,43,43
050,21,237,"Kentucky","Wolfe County",5,46,88,44,44
050,21,237,"Kentucky","Wolfe County",5,47,79,39,40
050,21,237,"Kentucky","Wolfe County",5,48,83,35,48
050,21,237,"Kentucky","Wolfe County",5,49,82,34,48
050,21,237,"Kentucky","Wolfe County",5,50,86,45,41
050,21,237,"Kentucky","Wolfe County",5,51,87,44,43
050,21,237,"Kentucky","Wolfe County",5,52,78,39,39
050,21,237,"Kentucky","Wolfe County",5,53,78,38,40
050,21,237,"Kentucky","Wolfe County",5,54,71,38,33
050,21,237,"Kentucky","Wolfe County",5,55,74,40,34
050,21,237,"Kentucky","Wolfe County",5,56,80,40,40
050,21,237,"Kentucky","Wolfe County",5,57,81,37,44
050,21,237,"Kentucky","Wolfe County",5,58,99,49,50
050,21,237,"Kentucky","Wolfe County",5,59,91,49,42
050,21,237,"Kentucky","Wolfe County",5,60,93,46,47
050,21,237,"Kentucky","Wolfe County",5,61,107,47,60
050,21,237,"Kentucky","Wolfe County",5,62,93,40,53
050,21,237,"Kentucky","Wolfe County",5,63,94,54,40
050,21,237,"Kentucky","Wolfe County",5,64,93,53,40
050,21,237,"Kentucky","Wolfe County",5,65,92,44,48
050,21,237,"Kentucky","Wolfe County",5,66,82,46,36
050,21,237,"Kentucky","Wolfe County",5,67,80,38,42
050,21,237,"Kentucky","Wolfe County",5,68,78,33,45
050,21,237,"Kentucky","Wolfe County",5,69,79,34,45
050,21,237,"Kentucky","Wolfe County",5,70,78,39,39
050,21,237,"Kentucky","Wolfe County",5,71,78,32,46
050,21,237,"Kentucky","Wolfe County",5,72,74,32,42
050,21,237,"Kentucky","Wolfe County",5,73,56,30,26
050,21,237,"Kentucky","Wolfe County",5,74,66,39,27
050,21,237,"Kentucky","Wolfe County",5,75,57,30,27
050,21,237,"Kentucky","Wolfe County",5,76,59,32,27
050,21,237,"Kentucky","Wolfe County",5,77,38,21,17
050,21,237,"Kentucky","Wolfe County",5,78,40,20,20
050,21,237,"Kentucky","Wolfe County",5,79,46,20,26
050,21,237,"Kentucky","Wolfe County",5,80,46,20,26
050,21,237,"Kentucky","Wolfe County",5,81,31,12,19
050,21,237,"Kentucky","Wolfe County",5,82,31,12,19
050,21,237,"Kentucky","Wolfe County",5,83,23,3,20
050,21,237,"Kentucky","Wolfe County",5,84,12,3,9
050,21,237,"Kentucky","Wolfe County",5,85,123,42,81
050,21,239,"Kentucky","Woodford County",1,0,260,133,127
050,21,239,"Kentucky","Woodford County",1,1,269,149,120
050,21,239,"Kentucky","Woodford County",1,2,293,171,122
050,21,239,"Kentucky","Woodford County",1,3,304,165,139
050,21,239,"Kentucky","Woodford County",1,4,332,173,159
050,21,239,"Kentucky","Woodford County",1,5,316,176,140
050,21,239,"Kentucky","Woodford County",1,6,338,174,164
050,21,239,"Kentucky","Woodford County",1,7,325,157,168
050,21,239,"Kentucky","Woodford County",1,8,339,167,172
050,21,239,"Kentucky","Woodford County",1,9,336,167,169
050,21,239,"Kentucky","Woodford County",1,10,337,168,169
050,21,239,"Kentucky","Woodford County",1,11,351,171,180
050,21,239,"Kentucky","Woodford County",1,12,377,183,194
050,21,239,"Kentucky","Woodford County",1,13,367,184,183
050,21,239,"Kentucky","Woodford County",1,14,321,165,156
050,21,239,"Kentucky","Woodford County",1,15,346,153,193
050,21,239,"Kentucky","Woodford County",1,16,374,190,184
050,21,239,"Kentucky","Woodford County",1,17,345,183,162
050,21,239,"Kentucky","Woodford County",1,18,357,161,196
050,21,239,"Kentucky","Woodford County",1,19,332,126,206
050,21,239,"Kentucky","Woodford County",1,20,310,124,186
050,21,239,"Kentucky","Woodford County",1,21,325,110,215
050,21,239,"Kentucky","Woodford County",1,22,311,133,178
050,21,239,"Kentucky","Woodford County",1,23,301,150,151
050,21,239,"Kentucky","Woodford County",1,24,271,136,135
050,21,239,"Kentucky","Woodford County",1,25,280,131,149
050,21,239,"Kentucky","Woodford County",1,26,255,123,132
050,21,239,"Kentucky","Woodford County",1,27,273,129,144
050,21,239,"Kentucky","Woodford County",1,28,272,128,144
050,21,239,"Kentucky","Woodford County",1,29,284,144,140
050,21,239,"Kentucky","Woodford County",1,30,234,118,116
050,21,239,"Kentucky","Woodford County",1,31,266,137,129
050,21,239,"Kentucky","Woodford County",1,32,300,153,147
050,21,239,"Kentucky","Woodford County",1,33,250,130,120
050,21,239,"Kentucky","Woodford County",1,34,306,152,154
050,21,239,"Kentucky","Woodford County",1,35,305,158,147
050,21,239,"Kentucky","Woodford County",1,36,313,166,147
050,21,239,"Kentucky","Woodford County",1,37,312,150,162
050,21,239,"Kentucky","Woodford County",1,38,359,178,181
050,21,239,"Kentucky","Woodford County",1,39,350,182,168
050,21,239,"Kentucky","Woodford County",1,40,325,149,176
050,21,239,"Kentucky","Woodford County",1,41,336,166,170
050,21,239,"Kentucky","Woodford County",1,42,350,178,172
050,21,239,"Kentucky","Woodford County",1,43,354,178,176
050,21,239,"Kentucky","Woodford County",1,44,340,173,167
050,21,239,"Kentucky","Woodford County",1,45,341,184,157
050,21,239,"Kentucky","Woodford County",1,46,309,156,153
050,21,239,"Kentucky","Woodford County",1,47,323,163,160
050,21,239,"Kentucky","Woodford County",1,48,340,168,172
050,21,239,"Kentucky","Woodford County",1,49,381,183,198
050,21,239,"Kentucky","Woodford County",1,50,352,182,170
050,21,239,"Kentucky","Woodford County",1,51,338,164,174
050,21,239,"Kentucky","Woodford County",1,52,340,159,181
050,21,239,"Kentucky","Woodford County",1,53,333,164,169
050,21,239,"Kentucky","Woodford County",1,54,336,171,165
050,21,239,"Kentucky","Woodford County",1,55,395,196,199
050,21,239,"Kentucky","Woodford County",1,56,411,194,217
050,21,239,"Kentucky","Woodford County",1,57,409,202,207
050,21,239,"Kentucky","Woodford County",1,58,421,201,220
050,21,239,"Kentucky","Woodford County",1,59,434,215,219
050,21,239,"Kentucky","Woodford County",1,60,441,223,218
050,21,239,"Kentucky","Woodford County",1,61,419,204,215
050,21,239,"Kentucky","Woodford County",1,62,381,172,209
050,21,239,"Kentucky","Woodford County",1,63,405,192,213
050,21,239,"Kentucky","Woodford County",1,64,403,200,203
050,21,239,"Kentucky","Woodford County",1,65,365,184,181
050,21,239,"Kentucky","Woodford County",1,66,360,167,193
050,21,239,"Kentucky","Woodford County",1,67,371,166,205
050,21,239,"Kentucky","Woodford County",1,68,365,167,198
050,21,239,"Kentucky","Woodford County",1,69,323,162,161
050,21,239,"Kentucky","Woodford County",1,70,322,160,162
050,21,239,"Kentucky","Woodford County",1,71,323,160,163
050,21,239,"Kentucky","Woodford County",1,72,310,165,145
050,21,239,"Kentucky","Woodford County",1,73,312,160,152
050,21,239,"Kentucky","Woodford County",1,74,200,95,105
050,21,239,"Kentucky","Woodford County",1,75,216,93,123
050,21,239,"Kentucky","Woodford County",1,76,187,83,104
050,21,239,"Kentucky","Woodford County",1,77,182,79,103
050,21,239,"Kentucky","Woodford County",1,78,160,73,87
050,21,239,"Kentucky","Woodford County",1,79,161,70,91
050,21,239,"Kentucky","Woodford County",1,80,110,46,64
050,21,239,"Kentucky","Woodford County",1,81,122,44,78
050,21,239,"Kentucky","Woodford County",1,82,108,44,64
050,21,239,"Kentucky","Woodford County",1,83,89,38,51
050,21,239,"Kentucky","Woodford County",1,84,92,39,53
050,21,239,"Kentucky","Woodford County",1,85,482,169,313
050,21,239,"Kentucky","Woodford County",2,0,258,136,122
050,21,239,"Kentucky","Woodford County",2,1,267,146,121
050,21,239,"Kentucky","Woodford County",2,2,289,166,123
050,21,239,"Kentucky","Woodford County",2,3,304,166,138
050,21,239,"Kentucky","Woodford County",2,4,328,173,155
050,21,239,"Kentucky","Woodford County",2,5,324,178,146
050,21,239,"Kentucky","Woodford County",2,6,336,177,159
050,21,239,"Kentucky","Woodford County",2,7,329,162,167
050,21,239,"Kentucky","Woodford County",2,8,337,164,173
050,21,239,"Kentucky","Woodford County",2,9,338,166,172
050,21,239,"Kentucky","Woodford County",2,10,338,168,170
050,21,239,"Kentucky","Woodford County",2,11,351,172,179
050,21,239,"Kentucky","Woodford County",2,12,374,182,192
050,21,239,"Kentucky","Woodford County",2,13,369,184,185
050,21,239,"Kentucky","Woodford County",2,14,333,168,165
050,21,239,"Kentucky","Woodford County",2,15,343,157,186
050,21,239,"Kentucky","Woodford County",2,16,365,180,185
050,21,239,"Kentucky","Woodford County",2,17,347,182,165
050,21,239,"Kentucky","Woodford County",2,18,353,160,193
050,21,239,"Kentucky","Woodford County",2,19,329,127,202
050,21,239,"Kentucky","Woodford County",2,20,320,128,192
050,21,239,"Kentucky","Woodford County",2,21,331,114,217
050,21,239,"Kentucky","Woodford County",2,22,303,127,176
050,21,239,"Kentucky","Woodford County",2,23,300,148,152
050,21,239,"Kentucky","Woodford County",2,24,276,137,139
050,21,239,"Kentucky","Woodford County",2,25,280,134,146
050,21,239,"Kentucky","Woodford County",2,26,262,125,137
050,21,239,"Kentucky","Woodford County",2,27,269,126,143
050,21,239,"Kentucky","Woodford County",2,28,272,130,142
050,21,239,"Kentucky","Woodford County",2,29,279,139,140
050,21,239,"Kentucky","Woodford County",2,30,245,126,119
050,21,239,"Kentucky","Woodford County",2,31,262,136,126
050,21,239,"Kentucky","Woodford County",2,32,295,149,146
050,21,239,"Kentucky","Woodford County",2,33,262,134,128
050,21,239,"Kentucky","Woodford County",2,34,295,150,145
050,21,239,"Kentucky","Woodford County",2,35,307,159,148
050,21,239,"Kentucky","Woodford County",2,36,309,162,147
050,21,239,"Kentucky","Woodford County",2,37,314,154,160
050,21,239,"Kentucky","Woodford County",2,38,351,173,178
050,21,239,"Kentucky","Woodford County",2,39,350,179,171
050,21,239,"Kentucky","Woodford County",2,40,335,158,177
050,21,239,"Kentucky","Woodford County",2,41,336,162,174
050,21,239,"Kentucky","Woodford County",2,42,346,175,171
050,21,239,"Kentucky","Woodford County",2,43,358,184,174
050,21,239,"Kentucky","Woodford County",2,44,339,173,166
050,21,239,"Kentucky","Woodford County",2,45,341,181,160
050,21,239,"Kentucky","Woodford County",2,46,317,162,155
050,21,239,"Kentucky","Woodford County",2,47,317,160,157
050,21,239,"Kentucky","Woodford County",2,48,336,167,169
050,21,239,"Kentucky","Woodford County",2,49,370,178,192
050,21,239,"Kentucky","Woodford County",2,50,360,183,177
050,21,239,"Kentucky","Woodford County",2,51,340,168,172
050,21,239,"Kentucky","Woodford County",2,52,340,162,178
050,21,239,"Kentucky","Woodford County",2,53,334,163,171
050,21,239,"Kentucky","Woodford County",2,54,334,170,164
050,21,239,"Kentucky","Woodford County",2,55,379,189,190
050,21,239,"Kentucky","Woodford County",2,56,410,195,215
050,21,239,"Kentucky","Woodford County",2,57,409,200,209
050,21,239,"Kentucky","Woodford County",2,58,417,200,217
050,21,239,"Kentucky","Woodford County",2,59,429,211,218
050,21,239,"Kentucky","Woodford County",2,60,439,221,218
050,21,239,"Kentucky","Woodford County",2,61,421,208,213
050,21,239,"Kentucky","Woodford County",2,62,389,181,208
050,21,239,"Kentucky","Woodford County",2,63,404,189,215
050,21,239,"Kentucky","Woodford County",2,64,399,195,204
050,21,239,"Kentucky","Woodford County",2,65,375,188,187
050,21,239,"Kentucky","Woodford County",2,66,360,170,190
050,21,239,"Kentucky","Woodford County",2,67,368,166,202
050,21,239,"Kentucky","Woodford County",2,68,359,164,195
050,21,239,"Kentucky","Woodford County",2,69,336,165,171
050,21,239,"Kentucky","Woodford County",2,70,321,159,162
050,21,239,"Kentucky","Woodford County",2,71,320,158,162
050,21,239,"Kentucky","Woodford County",2,72,305,161,144
050,21,239,"Kentucky","Woodford County",2,73,324,167,157
050,21,239,"Kentucky","Woodford County",2,74,211,103,108
050,21,239,"Kentucky","Woodford County",2,75,211,92,119
050,21,239,"Kentucky","Woodford County",2,76,188,82,106
050,21,239,"Kentucky","Woodford County",2,77,188,82,106
050,21,239,"Kentucky","Woodford County",2,78,161,73,88
050,21,239,"Kentucky","Woodford County",2,79,161,71,90
050,21,239,"Kentucky","Woodford County",2,80,122,52,70
050,21,239,"Kentucky","Woodford County",2,81,118,42,76
050,21,239,"Kentucky","Woodford County",2,82,107,43,64
050,21,239,"Kentucky","Woodford County",2,83,92,38,54
050,21,239,"Kentucky","Woodford County",2,84,93,39,54
050,21,239,"Kentucky","Woodford County",2,85,491,178,313
050,21,239,"Kentucky","Woodford County",3,0,239,116,123
050,21,239,"Kentucky","Woodford County",3,1,275,134,141
050,21,239,"Kentucky","Woodford County",3,2,284,165,119
050,21,239,"Kentucky","Woodford County",3,3,291,168,123
050,21,239,"Kentucky","Woodford County",3,4,316,166,150
050,21,239,"Kentucky","Woodford County",3,5,338,179,159
050,21,239,"Kentucky","Woodford County",3,6,320,173,147
050,21,239,"Kentucky","Woodford County",3,7,341,178,163
050,21,239,"Kentucky","Woodford County",3,8,323,150,173
050,21,239,"Kentucky","Woodford County",3,9,353,176,177
050,21,239,"Kentucky","Woodford County",3,10,347,172,175
050,21,239,"Kentucky","Woodford County",3,11,337,160,177
050,21,239,"Kentucky","Woodford County",3,12,343,175,168
050,21,239,"Kentucky","Woodford County",3,13,376,185,191
050,21,239,"Kentucky","Woodford County",3,14,372,189,183
050,21,239,"Kentucky","Woodford County",3,15,333,169,164
050,21,239,"Kentucky","Woodford County",3,16,339,151,188
050,21,239,"Kentucky","Woodford County",3,17,376,188,188
050,21,239,"Kentucky","Woodford County",3,18,367,173,194
050,21,239,"Kentucky","Woodford County",3,19,318,136,182
050,21,239,"Kentucky","Woodford County",3,20,329,135,194
050,21,239,"Kentucky","Woodford County",3,21,354,135,219
050,21,239,"Kentucky","Woodford County",3,22,284,116,168
050,21,239,"Kentucky","Woodford County",3,23,281,130,151
050,21,239,"Kentucky","Woodford County",3,24,295,142,153
050,21,239,"Kentucky","Woodford County",3,25,286,148,138
050,21,239,"Kentucky","Woodford County",3,26,264,131,133
050,21,239,"Kentucky","Woodford County",3,27,269,122,147
050,21,239,"Kentucky","Woodford County",3,28,267,127,140
050,21,239,"Kentucky","Woodford County",3,29,293,139,154
050,21,239,"Kentucky","Woodford County",3,30,278,137,141
050,21,239,"Kentucky","Woodford County",3,31,264,137,127
050,21,239,"Kentucky","Woodford County",3,32,299,152,147
050,21,239,"Kentucky","Woodford County",3,33,292,154,138
050,21,239,"Kentucky","Woodford County",3,34,270,141,129
050,21,239,"Kentucky","Woodford County",3,35,292,150,142
050,21,239,"Kentucky","Woodford County",3,36,308,156,152
050,21,239,"Kentucky","Woodford County",3,37,322,171,151
050,21,239,"Kentucky","Woodford County",3,38,324,155,169
050,21,239,"Kentucky","Woodford County",3,39,355,167,188
050,21,239,"Kentucky","Woodford County",3,40,374,197,177
050,21,239,"Kentucky","Woodford County",3,41,330,148,182
050,21,239,"Kentucky","Woodford County",3,42,338,167,171
050,21,239,"Kentucky","Woodford County",3,43,348,180,168
050,21,239,"Kentucky","Woodford County",3,44,348,172,176
050,21,239,"Kentucky","Woodford County",3,45,333,174,159
050,21,239,"Kentucky","Woodford County",3,46,323,169,154
050,21,239,"Kentucky","Woodford County",3,47,322,165,157
050,21,239,"Kentucky","Woodford County",3,48,324,166,158
050,21,239,"Kentucky","Woodford County",3,49,337,172,165
050,21,239,"Kentucky","Woodford County",3,50,367,179,188
050,21,239,"Kentucky","Woodford County",3,51,355,180,175
050,21,239,"Kentucky","Woodford County",3,52,339,174,165
050,21,239,"Kentucky","Woodford County",3,53,338,160,178
050,21,239,"Kentucky","Woodford County",3,54,315,151,164
050,21,239,"Kentucky","Woodford County",3,55,327,162,165
050,21,239,"Kentucky","Woodford County",3,56,374,187,187
050,21,239,"Kentucky","Woodford County",3,57,419,203,216
050,21,239,"Kentucky","Woodford County",3,58,411,197,214
050,21,239,"Kentucky","Woodford County",3,59,430,201,229
050,21,239,"Kentucky","Woodford County",3,60,416,206,210
050,21,239,"Kentucky","Woodford County",3,61,437,217,220
050,21,239,"Kentucky","Woodford County",3,62,419,210,209
050,21,239,"Kentucky","Woodford County",3,63,384,180,204
050,21,239,"Kentucky","Woodford County",3,64,400,188,212
050,21,239,"Kentucky","Woodford County",3,65,403,196,207
050,21,239,"Kentucky","Woodford County",3,66,374,184,190
050,21,239,"Kentucky","Woodford County",3,67,357,168,189
050,21,239,"Kentucky","Woodford County",3,68,369,160,209
050,21,239,"Kentucky","Woodford County",3,69,361,166,195
050,21,239,"Kentucky","Woodford County",3,70,334,162,172
050,21,239,"Kentucky","Woodford County",3,71,314,155,159
050,21,239,"Kentucky","Woodford County",3,72,314,153,161
050,21,239,"Kentucky","Woodford County",3,73,302,154,148
050,21,239,"Kentucky","Woodford County",3,74,315,162,153
050,21,239,"Kentucky","Woodford County",3,75,208,100,108
050,21,239,"Kentucky","Woodford County",3,76,211,91,120
050,21,239,"Kentucky","Woodford County",3,77,179,76,103
050,21,239,"Kentucky","Woodford County",3,78,175,77,98
050,21,239,"Kentucky","Woodford County",3,79,159,72,87
050,21,239,"Kentucky","Woodford County",3,80,156,69,87
050,21,239,"Kentucky","Woodford County",3,81,121,48,73
050,21,239,"Kentucky","Woodford County",3,82,97,37,60
050,21,239,"Kentucky","Woodford County",3,83,99,41,58
050,21,239,"Kentucky","Woodford County",3,84,89,35,54
050,21,239,"Kentucky","Woodford County",3,85,523,190,333
050,21,239,"Kentucky","Woodford County",4,0,268,135,133
050,21,239,"Kentucky","Woodford County",4,1,246,117,129
050,21,239,"Kentucky","Woodford County",4,2,284,135,149
050,21,239,"Kentucky","Woodford County",4,3,303,173,130
050,21,239,"Kentucky","Woodford County",4,4,289,165,124
050,21,239,"Kentucky","Woodford County",4,5,312,162,150
050,21,239,"Kentucky","Woodford County",4,6,344,185,159
050,21,239,"Kentucky","Woodford County",4,7,341,179,162
050,21,239,"Kentucky","Woodford County",4,8,335,179,156
050,21,239,"Kentucky","Woodford County",4,9,317,143,174
050,21,239,"Kentucky","Woodford County",4,10,347,170,177
050,21,239,"Kentucky","Woodford County",4,11,354,173,181
050,21,239,"Kentucky","Woodford County",4,12,336,157,179
050,21,239,"Kentucky","Woodford County",4,13,350,181,169
050,21,239,"Kentucky","Woodford County",4,14,370,184,186
050,21,239,"Kentucky","Woodford County",4,15,364,188,176
050,21,239,"Kentucky","Woodford County",4,16,349,173,176
050,21,239,"Kentucky","Woodford County",4,17,333,146,187
050,21,239,"Kentucky","Woodford County",4,18,379,164,215
050,21,239,"Kentucky","Woodford County",4,19,319,137,182
050,21,239,"Kentucky","Woodford County",4,20,326,147,179
050,21,239,"Kentucky","Woodford County",4,21,359,131,228
050,21,239,"Kentucky","Woodford County",4,22,304,129,175
050,21,239,"Kentucky","Woodford County",4,23,264,129,135
050,21,239,"Kentucky","Woodford County",4,24,261,115,146
050,21,239,"Kentucky","Woodford County",4,25,282,132,150
050,21,239,"Kentucky","Woodford County",4,26,267,134,133
050,21,239,"Kentucky","Woodford County",4,27,280,137,143
050,21,239,"Kentucky","Woodford County",4,28,264,122,142
050,21,239,"Kentucky","Woodford County",4,29,289,140,149
050,21,239,"Kentucky","Woodford County",4,30,286,137,149
050,21,239,"Kentucky","Woodford County",4,31,283,145,138
050,21,239,"Kentucky","Woodford County",4,32,279,150,129
050,21,239,"Kentucky","Woodford County",4,33,296,154,142
050,21,239,"Kentucky","Woodford County",4,34,302,152,150
050,21,239,"Kentucky","Woodford County",4,35,279,145,134
050,21,239,"Kentucky","Woodford County",4,36,288,146,142
050,21,239,"Kentucky","Woodford County",4,37,309,149,160
050,21,239,"Kentucky","Woodford County",4,38,319,171,148
050,21,239,"Kentucky","Woodford County",4,39,330,155,175
050,21,239,"Kentucky","Woodford County",4,40,350,164,186
050,21,239,"Kentucky","Woodford County",4,41,381,195,186
050,21,239,"Kentucky","Woodford County",4,42,333,160,173
050,21,239,"Kentucky","Woodford County",4,43,341,169,172
050,21,239,"Kentucky","Woodford County",4,44,340,177,163
050,21,239,"Kentucky","Woodford County",4,45,351,175,176
050,21,239,"Kentucky","Woodford County",4,46,330,169,161
050,21,239,"Kentucky","Woodford County",4,47,333,175,158
050,21,239,"Kentucky","Woodford County",4,48,332,175,157
050,21,239,"Kentucky","Woodford County",4,49,320,167,153
050,21,239,"Kentucky","Woodford County",4,50,339,172,167
050,21,239,"Kentucky","Woodford County",4,51,351,174,177
050,21,239,"Kentucky","Woodford County",4,52,358,184,174
050,21,239,"Kentucky","Woodford County",4,53,339,175,164
050,21,239,"Kentucky","Woodford County",4,54,336,156,180
050,21,239,"Kentucky","Woodford County",4,55,312,146,166
050,21,239,"Kentucky","Woodford County",4,56,330,159,171
050,21,239,"Kentucky","Woodford County",4,57,369,187,182
050,21,239,"Kentucky","Woodford County",4,58,411,205,206
050,21,239,"Kentucky","Woodford County",4,59,407,195,212
050,21,239,"Kentucky","Woodford County",4,60,426,200,226
050,21,239,"Kentucky","Woodford County",4,61,421,212,209
050,21,239,"Kentucky","Woodford County",4,62,433,207,226
050,21,239,"Kentucky","Woodford County",4,63,415,210,205
050,21,239,"Kentucky","Woodford County",4,64,375,179,196
050,21,239,"Kentucky","Woodford County",4,65,392,186,206
050,21,239,"Kentucky","Woodford County",4,66,402,196,206
050,21,239,"Kentucky","Woodford County",4,67,356,178,178
050,21,239,"Kentucky","Woodford County",4,68,349,167,182
050,21,239,"Kentucky","Woodford County",4,69,366,157,209
050,21,239,"Kentucky","Woodford County",4,70,343,155,188
050,21,239,"Kentucky","Woodford County",4,71,328,163,165
050,21,239,"Kentucky","Woodford County",4,72,300,149,151
050,21,239,"Kentucky","Woodford County",4,73,306,145,161
050,21,239,"Kentucky","Woodford County",4,74,293,150,143
050,21,239,"Kentucky","Woodford County",4,75,303,155,148
050,21,239,"Kentucky","Woodford County",4,76,192,90,102
050,21,239,"Kentucky","Woodford County",4,77,209,90,119
050,21,239,"Kentucky","Woodford County",4,78,169,71,98
050,21,239,"Kentucky","Woodford County",4,79,172,71,101
050,21,239,"Kentucky","Woodford County",4,80,147,66,81
050,21,239,"Kentucky","Woodford County",4,81,156,66,90
050,21,239,"Kentucky","Woodford County",4,82,106,49,57
050,21,239,"Kentucky","Woodford County",4,83,93,35,58
050,21,239,"Kentucky","Woodford County",4,84,92,32,60
050,21,239,"Kentucky","Woodford County",4,85,539,197,342
050,21,239,"Kentucky","Woodford County",5,0,270,136,134
050,21,239,"Kentucky","Woodford County",5,1,296,142,154
050,21,239,"Kentucky","Woodford County",5,2,251,120,131
050,21,239,"Kentucky","Woodford County",5,3,288,140,148
050,21,239,"Kentucky","Woodford County",5,4,317,182,135
050,21,239,"Kentucky","Woodford County",5,5,279,168,111
050,21,239,"Kentucky","Woodford County",5,6,323,158,165
050,21,239,"Kentucky","Woodford County",5,7,351,188,163
050,21,239,"Kentucky","Woodford County",5,8,338,177,161
050,21,239,"Kentucky","Woodford County",5,9,341,181,160
050,21,239,"Kentucky","Woodford County",5,10,319,148,171
050,21,239,"Kentucky","Woodford County",5,11,350,172,178
050,21,239,"Kentucky","Woodford County",5,12,360,180,180
050,21,239,"Kentucky","Woodford County",5,13,333,157,176
050,21,239,"Kentucky","Woodford County",5,14,357,183,174
050,21,239,"Kentucky","Woodford County",5,15,365,175,190
050,21,239,"Kentucky","Woodford County",5,16,365,190,175
050,21,239,"Kentucky","Woodford County",5,17,342,176,166
050,21,239,"Kentucky","Woodford County",5,18,331,129,202
050,21,239,"Kentucky","Woodford County",5,19,350,140,210
050,21,239,"Kentucky","Woodford County",5,20,324,150,174
050,21,239,"Kentucky","Woodford County",5,21,376,149,227
050,21,239,"Kentucky","Woodford County",5,22,316,139,177
050,21,239,"Kentucky","Woodford County",5,23,296,143,153
050,21,239,"Kentucky","Woodford County",5,24,250,124,126
050,21,239,"Kentucky","Woodford County",5,25,278,124,154
050,21,239,"Kentucky","Woodford County",5,26,271,123,148
050,21,239,"Kentucky","Woodford County",5,27,265,134,131
050,21,239,"Kentucky","Woodford County",5,28,283,147,136
050,21,239,"Kentucky","Woodford County",5,29,276,124,152
050,21,239,"Kentucky","Woodford County",5,30,287,139,148
050,21,239,"Kentucky","Woodford County",5,31,287,138,149
050,21,239,"Kentucky","Woodford County",5,32,300,152,148
050,21,239,"Kentucky","Woodford County",5,33,290,149,141
050,21,239,"Kentucky","Woodford County",5,34,304,153,151
050,21,239,"Kentucky","Woodford County",5,35,311,159,152
050,21,239,"Kentucky","Woodford County",5,36,283,140,143
050,21,239,"Kentucky","Woodford County",5,37,277,137,140
050,21,239,"Kentucky","Woodford County",5,38,317,158,159
050,21,239,"Kentucky","Woodford County",5,39,319,164,155
050,21,239,"Kentucky","Woodford County",5,40,335,163,172
050,21,239,"Kentucky","Woodford County",5,41,353,161,192
050,21,239,"Kentucky","Woodford County",5,42,378,199,179
050,21,239,"Kentucky","Woodford County",5,43,354,171,183
050,21,239,"Kentucky","Woodford County",5,44,329,158,171
050,21,239,"Kentucky","Woodford County",5,45,342,179,163
050,21,239,"Kentucky","Woodford County",5,46,352,178,174
050,21,239,"Kentucky","Woodford County",5,47,327,171,156
050,21,239,"Kentucky","Woodford County",5,48,327,175,152
050,21,239,"Kentucky","Woodford County",5,49,326,174,152
050,21,239,"Kentucky","Woodford County",5,50,333,175,158
050,21,239,"Kentucky","Woodford County",5,51,338,172,166
050,21,239,"Kentucky","Woodford County",5,52,357,176,181
050,21,239,"Kentucky","Woodford County",5,53,359,182,177
050,21,239,"Kentucky","Woodford County",5,54,335,168,167
050,21,239,"Kentucky","Woodford County",5,55,326,148,178
050,21,239,"Kentucky","Woodford County",5,56,310,148,162
050,21,239,"Kentucky","Woodford County",5,57,331,160,171
050,21,239,"Kentucky","Woodford County",5,58,378,183,195
050,21,239,"Kentucky","Woodford County",5,59,411,202,209
050,21,239,"Kentucky","Woodford County",5,60,400,197,203
050,21,239,"Kentucky","Woodford County",5,61,430,203,227
050,21,239,"Kentucky","Woodford County",5,62,419,201,218
050,21,239,"Kentucky","Woodford County",5,63,434,208,226
050,21,239,"Kentucky","Woodford County",5,64,422,211,211
050,21,239,"Kentucky","Woodford County",5,65,373,175,198
050,21,239,"Kentucky","Woodford County",5,66,384,179,205
050,21,239,"Kentucky","Woodford County",5,67,394,190,204
050,21,239,"Kentucky","Woodford County",5,68,355,176,179
050,21,239,"Kentucky","Woodford County",5,69,372,168,204
050,21,239,"Kentucky","Woodford County",5,70,357,150,207
050,21,239,"Kentucky","Woodford County",5,71,339,155,184
050,21,239,"Kentucky","Woodford County",5,72,318,158,160
050,21,239,"Kentucky","Woodford County",5,73,302,146,156
050,21,239,"Kentucky","Woodford County",5,74,290,138,152
050,21,239,"Kentucky","Woodford County",5,75,285,144,141
050,21,239,"Kentucky","Woodford County",5,76,289,145,144
050,21,239,"Kentucky","Woodford County",5,77,186,85,101
050,21,239,"Kentucky","Woodford County",5,78,202,86,116
050,21,239,"Kentucky","Woodford County",5,79,163,64,99
050,21,239,"Kentucky","Woodford County",5,80,164,65,99
050,21,239,"Kentucky","Woodford County",5,81,147,65,82
050,21,239,"Kentucky","Woodford County",5,82,140,65,75
050,21,239,"Kentucky","Woodford County",5,83,105,47,58
050,21,239,"Kentucky","Woodford County",5,84,84,28,56
050,21,239,"Kentucky","Woodford County",5,85,577,217,360

