"SUMLEV","STATE","COUNTY","STNAME","CTYNAME","YEAR","AGE","TOT_POP","TOT_MALE","TOT_FEMALE"
050,10,001,"Delaware","Kent County",1,0,2120,1090,1030
050,10,001,"Delaware","Kent County",1,1,2151,1109,1042
050,10,001,"Delaware","Kent County",1,2,2164,1132,1032
050,10,001,"Delaware","Kent County",1,3,2296,1171,1125
050,10,001,"Delaware","Kent County",1,4,2374,1178,1196
050,10,001,"Delaware","Kent County",1,5,2312,1166,1146
050,10,001,"Delaware","Kent County",1,6,2340,1217,1123
050,10,001,"Delaware","Kent County",1,7,2314,1200,1114
050,10,001,"Delaware","Kent County",1,8,2362,1263,1099
050,10,001,"Delaware","Kent County",1,9,2328,1220,1108
050,10,001,"Delaware","Kent County",1,10,2367,1221,1146
050,10,001,"Delaware","Kent County",1,11,2452,1258,1194
050,10,001,"Delaware","Kent County",1,12,2475,1260,1215
050,10,001,"Delaware","Kent County",1,13,2412,1223,1189
050,10,001,"Delaware","Kent County",1,14,2450,1230,1220
050,10,001,"Delaware","Kent County",1,15,2360,1172,1188
050,10,001,"Delaware","Kent County",1,16,2424,1208,1216
050,10,001,"Delaware","Kent County",1,17,2375,1204,1171
050,10,001,"Delaware","Kent County",1,18,2592,1277,1315
050,10,001,"Delaware","Kent County",1,19,2512,1246,1266
050,10,001,"Delaware","Kent County",1,20,2522,1215,1307
050,10,001,"Delaware","Kent County",1,21,2516,1217,1299
050,10,001,"Delaware","Kent County",1,22,2458,1247,1211
050,10,001,"Delaware","Kent County",1,23,2322,1177,1145
050,10,001,"Delaware","Kent County",1,24,2283,1153,1130
050,10,001,"Delaware","Kent County",1,25,2375,1187,1188
050,10,001,"Delaware","Kent County",1,26,2383,1229,1154
050,10,001,"Delaware","Kent County",1,27,2396,1211,1185
050,10,001,"Delaware","Kent County",1,28,2529,1285,1244
050,10,001,"Delaware","Kent County",1,29,2587,1285,1302
050,10,001,"Delaware","Kent County",1,30,2477,1224,1253
050,10,001,"Delaware","Kent County",1,31,2474,1229,1245
050,10,001,"Delaware","Kent County",1,32,2435,1203,1232
050,10,001,"Delaware","Kent County",1,33,2329,1140,1189
050,10,001,"Delaware","Kent County",1,34,2332,1131,1201
050,10,001,"Delaware","Kent County",1,35,2302,1107,1195
050,10,001,"Delaware","Kent County",1,36,2318,1109,1209
050,10,001,"Delaware","Kent County",1,37,2352,1140,1212
050,10,001,"Delaware","Kent County",1,38,2207,1067,1140
050,10,001,"Delaware","Kent County",1,39,2235,1088,1147
050,10,001,"Delaware","Kent County",1,40,2194,1057,1137
050,10,001,"Delaware","Kent County",1,41,2120,1011,1109
050,10,001,"Delaware","Kent County",1,42,2128,979,1149
050,10,001,"Delaware","Kent County",1,43,1999,932,1067
050,10,001,"Delaware","Kent County",1,44,1962,936,1026
050,10,001,"Delaware","Kent County",1,45,1909,886,1023
050,10,001,"Delaware","Kent County",1,46,1870,863,1007
050,10,001,"Delaware","Kent County",1,47,1958,908,1050
050,10,001,"Delaware","Kent County",1,48,2129,998,1131
050,10,001,"Delaware","Kent County",1,49,2226,1080,1146
050,10,001,"Delaware","Kent County",1,50,2164,1038,1126
050,10,001,"Delaware","Kent County",1,51,2068,1017,1051
050,10,001,"Delaware","Kent County",1,52,2073,987,1086
050,10,001,"Delaware","Kent County",1,53,2204,1072,1132
050,10,001,"Delaware","Kent County",1,54,2307,1103,1204
050,10,001,"Delaware","Kent County",1,55,2370,1100,1270
050,10,001,"Delaware","Kent County",1,56,2494,1202,1292
050,10,001,"Delaware","Kent County",1,57,2482,1173,1309
050,10,001,"Delaware","Kent County",1,58,2451,1185,1266
050,10,001,"Delaware","Kent County",1,59,2446,1192,1254
050,10,001,"Delaware","Kent County",1,60,2360,1103,1257
050,10,001,"Delaware","Kent County",1,61,2344,1104,1240
050,10,001,"Delaware","Kent County",1,62,2333,1082,1251
050,10,001,"Delaware","Kent County",1,63,2270,1049,1221
050,10,001,"Delaware","Kent County",1,64,2228,1022,1206
050,10,001,"Delaware","Kent County",1,65,2169,1009,1160
050,10,001,"Delaware","Kent County",1,66,2098,962,1136
050,10,001,"Delaware","Kent County",1,67,2048,938,1110
050,10,001,"Delaware","Kent County",1,68,1927,863,1064
050,10,001,"Delaware","Kent County",1,69,1780,815,965
050,10,001,"Delaware","Kent County",1,70,1817,862,955
050,10,001,"Delaware","Kent County",1,71,1885,840,1045
050,10,001,"Delaware","Kent County",1,72,1896,890,1006
050,10,001,"Delaware","Kent County",1,73,1967,911,1056
050,10,001,"Delaware","Kent County",1,74,1399,612,787
050,10,001,"Delaware","Kent County",1,75,1371,617,754
050,10,001,"Delaware","Kent County",1,76,1374,623,751
050,10,001,"Delaware","Kent County",1,77,1327,629,698
050,10,001,"Delaware","Kent County",1,78,1103,482,621
050,10,001,"Delaware","Kent County",1,79,996,427,569
050,10,001,"Delaware","Kent County",1,80,873,370,503
050,10,001,"Delaware","Kent County",1,81,806,363,443
050,10,001,"Delaware","Kent County",1,82,772,335,437
050,10,001,"Delaware","Kent County",1,83,657,289,368
050,10,001,"Delaware","Kent County",1,84,572,235,337
050,10,001,"Delaware","Kent County",1,85,2920,1137,1783
050,10,001,"Delaware","Kent County",2,0,2120,1087,1033
050,10,001,"Delaware","Kent County",2,1,2141,1101,1040
050,10,001,"Delaware","Kent County",2,2,2179,1134,1045
050,10,001,"Delaware","Kent County",2,3,2266,1167,1099
050,10,001,"Delaware","Kent County",2,4,2365,1183,1182
050,10,001,"Delaware","Kent County",2,5,2334,1174,1160
050,10,001,"Delaware","Kent County",2,6,2346,1214,1132
050,10,001,"Delaware","Kent County",2,7,2326,1209,1117
050,10,001,"Delaware","Kent County",2,8,2355,1252,1103
050,10,001,"Delaware","Kent County",2,9,2339,1233,1106
050,10,001,"Delaware","Kent County",2,10,2358,1216,1142
050,10,001,"Delaware","Kent County",2,11,2428,1247,1181
050,10,001,"Delaware","Kent County",2,12,2489,1270,1219
050,10,001,"Delaware","Kent County",2,13,2430,1234,1196
050,10,001,"Delaware","Kent County",2,14,2446,1229,1217
050,10,001,"Delaware","Kent County",2,15,2396,1192,1204
050,10,001,"Delaware","Kent County",2,16,2416,1202,1214
050,10,001,"Delaware","Kent County",2,17,2392,1208,1184
050,10,001,"Delaware","Kent County",2,18,2604,1282,1322
050,10,001,"Delaware","Kent County",2,19,2532,1253,1279
050,10,001,"Delaware","Kent County",2,20,2542,1222,1320
050,10,001,"Delaware","Kent County",2,21,2516,1221,1295
050,10,001,"Delaware","Kent County",2,22,2459,1242,1217
050,10,001,"Delaware","Kent County",2,23,2348,1195,1153
050,10,001,"Delaware","Kent County",2,24,2283,1149,1134
050,10,001,"Delaware","Kent County",2,25,2356,1183,1173
050,10,001,"Delaware","Kent County",2,26,2383,1216,1167
050,10,001,"Delaware","Kent County",2,27,2395,1214,1181
050,10,001,"Delaware","Kent County",2,28,2498,1265,1233
050,10,001,"Delaware","Kent County",2,29,2573,1276,1297
050,10,001,"Delaware","Kent County",2,30,2517,1241,1276
050,10,001,"Delaware","Kent County",2,31,2473,1224,1249
050,10,001,"Delaware","Kent County",2,32,2434,1206,1228
050,10,001,"Delaware","Kent County",2,33,2352,1156,1196
050,10,001,"Delaware","Kent County",2,34,2332,1128,1204
050,10,001,"Delaware","Kent County",2,35,2329,1122,1207
050,10,001,"Delaware","Kent County",2,36,2308,1105,1203
050,10,001,"Delaware","Kent County",2,37,2351,1134,1217
050,10,001,"Delaware","Kent County",2,38,2252,1086,1166
050,10,001,"Delaware","Kent County",2,39,2220,1083,1137
050,10,001,"Delaware","Kent County",2,40,2218,1070,1148
050,10,001,"Delaware","Kent County",2,41,2139,1020,1119
050,10,001,"Delaware","Kent County",2,42,2114,981,1133
050,10,001,"Delaware","Kent County",2,43,2040,951,1089
050,10,001,"Delaware","Kent County",2,44,1955,930,1025
050,10,001,"Delaware","Kent County",2,45,1935,903,1032
050,10,001,"Delaware","Kent County",2,46,1879,867,1012
050,10,001,"Delaware","Kent County",2,47,1933,893,1040
050,10,001,"Delaware","Kent County",2,48,2093,978,1115
050,10,001,"Delaware","Kent County",2,49,2214,1064,1150
050,10,001,"Delaware","Kent County",2,50,2172,1046,1126
050,10,001,"Delaware","Kent County",2,51,2077,1012,1065
050,10,001,"Delaware","Kent County",2,52,2077,997,1080
050,10,001,"Delaware","Kent County",2,53,2172,1055,1117
050,10,001,"Delaware","Kent County",2,54,2276,1095,1181
050,10,001,"Delaware","Kent County",2,55,2356,1101,1255
050,10,001,"Delaware","Kent County",2,56,2479,1182,1297
050,10,001,"Delaware","Kent County",2,57,2482,1176,1306
050,10,001,"Delaware","Kent County",2,58,2460,1179,1281
050,10,001,"Delaware","Kent County",2,59,2454,1187,1267
050,10,001,"Delaware","Kent County",2,60,2381,1124,1257
050,10,001,"Delaware","Kent County",2,61,2354,1107,1247
050,10,001,"Delaware","Kent County",2,62,2342,1091,1251
050,10,001,"Delaware","Kent County",2,63,2316,1069,1247
050,10,001,"Delaware","Kent County",2,64,2231,1024,1207
050,10,001,"Delaware","Kent County",2,65,2190,1019,1171
050,10,001,"Delaware","Kent County",2,66,2129,980,1149
050,10,001,"Delaware","Kent County",2,67,2058,943,1115
050,10,001,"Delaware","Kent County",2,68,1941,873,1068
050,10,001,"Delaware","Kent County",2,69,1827,830,997
050,10,001,"Delaware","Kent County",2,70,1805,850,955
050,10,001,"Delaware","Kent County",2,71,1862,839,1023
050,10,001,"Delaware","Kent County",2,72,1863,863,1000
050,10,001,"Delaware","Kent County",2,73,2025,940,1085
050,10,001,"Delaware","Kent County",2,74,1443,641,802
050,10,001,"Delaware","Kent County",2,75,1377,617,760
050,10,001,"Delaware","Kent County",2,76,1355,608,747
050,10,001,"Delaware","Kent County",2,77,1347,625,722
050,10,001,"Delaware","Kent County",2,78,1128,502,626
050,10,001,"Delaware","Kent County",2,79,1006,432,574
050,10,001,"Delaware","Kent County",2,80,885,379,506
050,10,001,"Delaware","Kent County",2,81,805,359,446
050,10,001,"Delaware","Kent County",2,82,777,339,438
050,10,001,"Delaware","Kent County",2,83,659,291,368
050,10,001,"Delaware","Kent County",2,84,581,242,339
050,10,001,"Delaware","Kent County",2,85,2920,1140,1780
050,10,001,"Delaware","Kent County",3,0,1995,1039,956
050,10,001,"Delaware","Kent County",3,1,2138,1084,1054
050,10,001,"Delaware","Kent County",3,2,2192,1132,1060
050,10,001,"Delaware","Kent County",3,3,2206,1166,1040
050,10,001,"Delaware","Kent County",3,4,2281,1173,1108
050,10,001,"Delaware","Kent County",3,5,2376,1170,1206
050,10,001,"Delaware","Kent County",3,6,2339,1181,1158
050,10,001,"Delaware","Kent County",3,7,2378,1219,1159
050,10,001,"Delaware","Kent County",3,8,2369,1238,1131
050,10,001,"Delaware","Kent County",3,9,2405,1283,1122
050,10,001,"Delaware","Kent County",3,10,2355,1238,1117
050,10,001,"Delaware","Kent County",3,11,2382,1225,1157
050,10,001,"Delaware","Kent County",3,12,2484,1271,1213
050,10,001,"Delaware","Kent County",3,13,2517,1286,1231
050,10,001,"Delaware","Kent County",3,14,2454,1227,1227
050,10,001,"Delaware","Kent County",3,15,2513,1255,1258
050,10,001,"Delaware","Kent County",3,16,2401,1174,1227
050,10,001,"Delaware","Kent County",3,17,2449,1222,1227
050,10,001,"Delaware","Kent County",3,18,2858,1382,1476
050,10,001,"Delaware","Kent County",3,19,2746,1338,1408
050,10,001,"Delaware","Kent County",3,20,2742,1295,1447
050,10,001,"Delaware","Kent County",3,21,2665,1301,1364
050,10,001,"Delaware","Kent County",3,22,2544,1288,1256
050,10,001,"Delaware","Kent County",3,23,2406,1236,1170
050,10,001,"Delaware","Kent County",3,24,2338,1173,1165
050,10,001,"Delaware","Kent County",3,25,2310,1154,1156
050,10,001,"Delaware","Kent County",3,26,2336,1178,1158
050,10,001,"Delaware","Kent County",3,27,2369,1191,1178
050,10,001,"Delaware","Kent County",3,28,2405,1214,1191
050,10,001,"Delaware","Kent County",3,29,2509,1259,1250
050,10,001,"Delaware","Kent County",3,30,2589,1267,1322
050,10,001,"Delaware","Kent County",3,31,2524,1240,1284
050,10,001,"Delaware","Kent County",3,32,2546,1258,1288
050,10,001,"Delaware","Kent County",3,33,2443,1204,1239
050,10,001,"Delaware","Kent County",3,34,2374,1166,1208
050,10,001,"Delaware","Kent County",3,35,2351,1134,1217
050,10,001,"Delaware","Kent County",3,36,2375,1135,1240
050,10,001,"Delaware","Kent County",3,37,2333,1101,1232
050,10,001,"Delaware","Kent County",3,38,2391,1150,1241
050,10,001,"Delaware","Kent County",3,39,2286,1130,1156
050,10,001,"Delaware","Kent County",3,40,2231,1087,1144
050,10,001,"Delaware","Kent County",3,41,2232,1079,1153
050,10,001,"Delaware","Kent County",3,42,2165,1017,1148
050,10,001,"Delaware","Kent County",3,43,2120,982,1138
050,10,001,"Delaware","Kent County",3,44,2076,965,1111
050,10,001,"Delaware","Kent County",3,45,1950,934,1016
050,10,001,"Delaware","Kent County",3,46,1941,892,1049
050,10,001,"Delaware","Kent County",3,47,1868,862,1006
050,10,001,"Delaware","Kent County",3,48,1957,904,1053
050,10,001,"Delaware","Kent County",3,49,2097,979,1118
050,10,001,"Delaware","Kent County",3,50,2190,1047,1143
050,10,001,"Delaware","Kent County",3,51,2209,1054,1155
050,10,001,"Delaware","Kent County",3,52,2092,1022,1070
050,10,001,"Delaware","Kent County",3,53,2098,994,1104
050,10,001,"Delaware","Kent County",3,54,2171,1050,1121
050,10,001,"Delaware","Kent County",3,55,2298,1099,1199
050,10,001,"Delaware","Kent County",3,56,2367,1106,1261
050,10,001,"Delaware","Kent County",3,57,2515,1189,1326
050,10,001,"Delaware","Kent County",3,58,2499,1181,1318
050,10,001,"Delaware","Kent County",3,59,2458,1165,1293
050,10,001,"Delaware","Kent County",3,60,2444,1179,1265
050,10,001,"Delaware","Kent County",3,61,2397,1135,1262
050,10,001,"Delaware","Kent County",3,62,2368,1107,1261
050,10,001,"Delaware","Kent County",3,63,2362,1086,1276
050,10,001,"Delaware","Kent County",3,64,2327,1070,1257
050,10,001,"Delaware","Kent County",3,65,2269,1047,1222
050,10,001,"Delaware","Kent County",3,66,2179,1015,1164
050,10,001,"Delaware","Kent County",3,67,2143,978,1165
050,10,001,"Delaware","Kent County",3,68,2036,933,1103
050,10,001,"Delaware","Kent County",3,69,1920,864,1056
050,10,001,"Delaware","Kent County",3,70,1810,809,1001
050,10,001,"Delaware","Kent County",3,71,1787,836,951
050,10,001,"Delaware","Kent County",3,72,1823,830,993
050,10,001,"Delaware","Kent County",3,73,1792,833,959
050,10,001,"Delaware","Kent County",3,74,1957,909,1048
050,10,001,"Delaware","Kent County",3,75,1420,626,794
050,10,001,"Delaware","Kent County",3,76,1321,579,742
050,10,001,"Delaware","Kent County",3,77,1299,560,739
050,10,001,"Delaware","Kent County",3,78,1291,599,692
050,10,001,"Delaware","Kent County",3,79,1083,482,601
050,10,001,"Delaware","Kent County",3,80,941,395,546
050,10,001,"Delaware","Kent County",3,81,834,356,478
050,10,001,"Delaware","Kent County",3,82,760,334,426
050,10,001,"Delaware","Kent County",3,83,706,305,401
050,10,001,"Delaware","Kent County",3,84,623,272,351
050,10,001,"Delaware","Kent County",3,85,2943,1156,1787
050,10,001,"Delaware","Kent County",4,0,2142,1090,1052
050,10,001,"Delaware","Kent County",4,1,2069,1074,995
050,10,001,"Delaware","Kent County",4,2,2171,1093,1078
050,10,001,"Delaware","Kent County",4,3,2239,1136,1103
050,10,001,"Delaware","Kent County",4,4,2269,1205,1064
050,10,001,"Delaware","Kent County",4,5,2330,1208,1122
050,10,001,"Delaware","Kent County",4,6,2420,1218,1202
050,10,001,"Delaware","Kent County",4,7,2405,1207,1198
050,10,001,"Delaware","Kent County",4,8,2420,1246,1174
050,10,001,"Delaware","Kent County",4,9,2401,1253,1148
050,10,001,"Delaware","Kent County",4,10,2465,1305,1160
050,10,001,"Delaware","Kent County",4,11,2429,1265,1164
050,10,001,"Delaware","Kent County",4,12,2449,1261,1188
050,10,001,"Delaware","Kent County",4,13,2530,1300,1230
050,10,001,"Delaware","Kent County",4,14,2551,1302,1249
050,10,001,"Delaware","Kent County",4,15,2509,1266,1243
050,10,001,"Delaware","Kent County",4,16,2532,1252,1280
050,10,001,"Delaware","Kent County",4,17,2416,1181,1235
050,10,001,"Delaware","Kent County",4,18,2979,1421,1558
050,10,001,"Delaware","Kent County",4,19,2895,1379,1516
050,10,001,"Delaware","Kent County",4,20,2736,1287,1449
050,10,001,"Delaware","Kent County",4,21,2735,1321,1414
050,10,001,"Delaware","Kent County",4,22,2623,1326,1297
050,10,001,"Delaware","Kent County",4,23,2403,1225,1178
050,10,001,"Delaware","Kent County",4,24,2358,1168,1190
050,10,001,"Delaware","Kent County",4,25,2304,1150,1154
050,10,001,"Delaware","Kent County",4,26,2320,1175,1145
050,10,001,"Delaware","Kent County",4,27,2337,1160,1177
050,10,001,"Delaware","Kent County",4,28,2365,1164,1201
050,10,001,"Delaware","Kent County",4,29,2403,1205,1198
050,10,001,"Delaware","Kent County",4,30,2498,1246,1252
050,10,001,"Delaware","Kent County",4,31,2619,1269,1350
050,10,001,"Delaware","Kent County",4,32,2528,1250,1278
050,10,001,"Delaware","Kent County",4,33,2620,1271,1349
050,10,001,"Delaware","Kent County",4,34,2534,1252,1282
050,10,001,"Delaware","Kent County",4,35,2382,1158,1224
050,10,001,"Delaware","Kent County",4,36,2353,1139,1214
050,10,001,"Delaware","Kent County",4,37,2397,1148,1249
050,10,001,"Delaware","Kent County",4,38,2343,1097,1246
050,10,001,"Delaware","Kent County",4,39,2386,1129,1257
050,10,001,"Delaware","Kent County",4,40,2334,1154,1180
050,10,001,"Delaware","Kent County",4,41,2252,1091,1161
050,10,001,"Delaware","Kent County",4,42,2276,1089,1187
050,10,001,"Delaware","Kent County",4,43,2194,1021,1173
050,10,001,"Delaware","Kent County",4,44,2121,976,1145
050,10,001,"Delaware","Kent County",4,45,2089,969,1120
050,10,001,"Delaware","Kent County",4,46,1949,918,1031
050,10,001,"Delaware","Kent County",4,47,1941,881,1060
050,10,001,"Delaware","Kent County",4,48,1864,856,1008
050,10,001,"Delaware","Kent County",4,49,1965,901,1064
050,10,001,"Delaware","Kent County",4,50,2110,985,1125
050,10,001,"Delaware","Kent County",4,51,2210,1046,1164
050,10,001,"Delaware","Kent County",4,52,2227,1059,1168
050,10,001,"Delaware","Kent County",4,53,2076,1003,1073
050,10,001,"Delaware","Kent County",4,54,2100,1001,1099
050,10,001,"Delaware","Kent County",4,55,2166,1043,1123
050,10,001,"Delaware","Kent County",4,56,2329,1108,1221
050,10,001,"Delaware","Kent County",4,57,2369,1095,1274
050,10,001,"Delaware","Kent County",4,58,2518,1189,1329
050,10,001,"Delaware","Kent County",4,59,2486,1161,1325
050,10,001,"Delaware","Kent County",4,60,2472,1158,1314
050,10,001,"Delaware","Kent County",4,61,2461,1197,1264
050,10,001,"Delaware","Kent County",4,62,2450,1160,1290
050,10,001,"Delaware","Kent County",4,63,2419,1117,1302
050,10,001,"Delaware","Kent County",4,64,2368,1091,1277
050,10,001,"Delaware","Kent County",4,65,2372,1095,1277
050,10,001,"Delaware","Kent County",4,66,2298,1064,1234
050,10,001,"Delaware","Kent County",4,67,2202,1031,1171
050,10,001,"Delaware","Kent County",4,68,2165,987,1178
050,10,001,"Delaware","Kent County",4,69,2066,967,1099
050,10,001,"Delaware","Kent County",4,70,1911,866,1045
050,10,001,"Delaware","Kent County",4,71,1824,825,999
050,10,001,"Delaware","Kent County",4,72,1772,828,944
050,10,001,"Delaware","Kent County",4,73,1758,799,959
050,10,001,"Delaware","Kent County",4,74,1726,794,932
050,10,001,"Delaware","Kent County",4,75,1911,882,1029
050,10,001,"Delaware","Kent County",4,76,1368,603,765
050,10,001,"Delaware","Kent County",4,77,1260,538,722
050,10,001,"Delaware","Kent County",4,78,1262,542,720
050,10,001,"Delaware","Kent County",4,79,1233,562,671
050,10,001,"Delaware","Kent County",4,80,1017,434,583
050,10,001,"Delaware","Kent County",4,81,875,369,506
050,10,001,"Delaware","Kent County",4,82,786,332,454
050,10,001,"Delaware","Kent County",4,83,689,300,389
050,10,001,"Delaware","Kent County",4,84,653,278,375
050,10,001,"Delaware","Kent County",4,85,2999,1175,1824
050,10,001,"Delaware","Kent County",5,0,2138,1084,1054
050,10,001,"Delaware","Kent County",5,1,2202,1123,1079
050,10,001,"Delaware","Kent County",5,2,2065,1069,996
050,10,001,"Delaware","Kent County",5,3,2199,1135,1064
050,10,001,"Delaware","Kent County",5,4,2276,1170,1106
050,10,001,"Delaware","Kent County",5,5,2308,1240,1068
050,10,001,"Delaware","Kent County",5,6,2394,1246,1148
050,10,001,"Delaware","Kent County",5,7,2430,1206,1224
050,10,001,"Delaware","Kent County",5,8,2422,1217,1205
050,10,001,"Delaware","Kent County",5,9,2445,1244,1201
050,10,001,"Delaware","Kent County",5,10,2438,1275,1163
050,10,001,"Delaware","Kent County",5,11,2514,1340,1174
050,10,001,"Delaware","Kent County",5,12,2458,1279,1179
050,10,001,"Delaware","Kent County",5,13,2468,1271,1197
050,10,001,"Delaware","Kent County",5,14,2545,1314,1231
050,10,001,"Delaware","Kent County",5,15,2588,1316,1272
050,10,001,"Delaware","Kent County",5,16,2547,1270,1277
050,10,001,"Delaware","Kent County",5,17,2552,1256,1296
050,10,001,"Delaware","Kent County",5,18,2933,1387,1546
050,10,001,"Delaware","Kent County",5,19,2953,1398,1555
050,10,001,"Delaware","Kent County",5,20,2812,1287,1525
050,10,001,"Delaware","Kent County",5,21,2687,1281,1406
050,10,001,"Delaware","Kent County",5,22,2631,1341,1290
050,10,001,"Delaware","Kent County",5,23,2486,1257,1229
050,10,001,"Delaware","Kent County",5,24,2272,1125,1147
050,10,001,"Delaware","Kent County",5,25,2389,1189,1200
050,10,001,"Delaware","Kent County",5,26,2271,1122,1149
050,10,001,"Delaware","Kent County",5,27,2302,1146,1156
050,10,001,"Delaware","Kent County",5,28,2313,1136,1177
050,10,001,"Delaware","Kent County",5,29,2332,1129,1203
050,10,001,"Delaware","Kent County",5,30,2399,1186,1213
050,10,001,"Delaware","Kent County",5,31,2533,1258,1275
050,10,001,"Delaware","Kent County",5,32,2669,1294,1375
050,10,001,"Delaware","Kent County",5,33,2579,1253,1326
050,10,001,"Delaware","Kent County",5,34,2620,1265,1355
050,10,001,"Delaware","Kent County",5,35,2561,1270,1291
050,10,001,"Delaware","Kent County",5,36,2381,1155,1226
050,10,001,"Delaware","Kent County",5,37,2330,1119,1211
050,10,001,"Delaware","Kent County",5,38,2389,1132,1257
050,10,001,"Delaware","Kent County",5,39,2375,1124,1251
050,10,001,"Delaware","Kent County",5,40,2370,1112,1258
050,10,001,"Delaware","Kent County",5,41,2341,1154,1187
050,10,001,"Delaware","Kent County",5,42,2265,1082,1183
050,10,001,"Delaware","Kent County",5,43,2289,1091,1198
050,10,001,"Delaware","Kent County",5,44,2215,1022,1193
050,10,001,"Delaware","Kent County",5,45,2091,950,1141
050,10,001,"Delaware","Kent County",5,46,2103,971,1132
050,10,001,"Delaware","Kent County",5,47,1986,935,1051
050,10,001,"Delaware","Kent County",5,48,1951,883,1068
050,10,001,"Delaware","Kent County",5,49,1894,857,1037
050,10,001,"Delaware","Kent County",5,50,2009,927,1082
050,10,001,"Delaware","Kent County",5,51,2124,983,1141
050,10,001,"Delaware","Kent County",5,52,2226,1041,1185
050,10,001,"Delaware","Kent County",5,53,2277,1090,1187
050,10,001,"Delaware","Kent County",5,54,2083,999,1084
050,10,001,"Delaware","Kent County",5,55,2114,1014,1100
050,10,001,"Delaware","Kent County",5,56,2185,1034,1151
050,10,001,"Delaware","Kent County",5,57,2346,1122,1224
050,10,001,"Delaware","Kent County",5,58,2388,1094,1294
050,10,001,"Delaware","Kent County",5,59,2507,1182,1325
050,10,001,"Delaware","Kent County",5,60,2507,1171,1336
050,10,001,"Delaware","Kent County",5,61,2493,1172,1321
050,10,001,"Delaware","Kent County",5,62,2488,1193,1295
050,10,001,"Delaware","Kent County",5,63,2518,1181,1337
050,10,001,"Delaware","Kent County",5,64,2475,1148,1327
050,10,001,"Delaware","Kent County",5,65,2375,1097,1278
050,10,001,"Delaware","Kent County",5,66,2397,1100,1297
050,10,001,"Delaware","Kent County",5,67,2306,1051,1255
050,10,001,"Delaware","Kent County",5,68,2234,1026,1208
050,10,001,"Delaware","Kent County",5,69,2135,968,1167
050,10,001,"Delaware","Kent County",5,70,2049,956,1093
050,10,001,"Delaware","Kent County",5,71,1890,858,1032
050,10,001,"Delaware","Kent County",5,72,1794,820,974
050,10,001,"Delaware","Kent County",5,73,1738,810,928
050,10,001,"Delaware","Kent County",5,74,1711,773,938
050,10,001,"Delaware","Kent County",5,75,1697,779,918
050,10,001,"Delaware","Kent County",5,76,1837,837,1000
050,10,001,"Delaware","Kent County",5,77,1306,577,729
050,10,001,"Delaware","Kent County",5,78,1213,510,703
050,10,001,"Delaware","Kent County",5,79,1218,523,695
050,10,001,"Delaware","Kent County",5,80,1151,520,631
050,10,001,"Delaware","Kent County",5,81,954,403,551
050,10,001,"Delaware","Kent County",5,82,823,348,475
050,10,001,"Delaware","Kent County",5,83,729,310,419
050,10,001,"Delaware","Kent County",5,84,642,273,369
050,10,001,"Delaware","Kent County",5,85,3139,1228,1911
050,10,003,"Delaware","New Castle County",1,0,6122,3138,2984
050,10,003,"Delaware","New Castle County",1,1,6179,3159,3020
050,10,003,"Delaware","New Castle County",1,2,6430,3276,3154
050,10,003,"Delaware","New Castle County",1,3,6583,3357,3226
050,10,003,"Delaware","New Castle County",1,4,6610,3330,3280
050,10,003,"Delaware","New Castle County",1,5,6650,3372,3278
050,10,003,"Delaware","New Castle County",1,6,6582,3388,3194
050,10,003,"Delaware","New Castle County",1,7,6613,3362,3251
050,10,003,"Delaware","New Castle County",1,8,6900,3519,3381
050,10,003,"Delaware","New Castle County",1,9,7000,3524,3476
050,10,003,"Delaware","New Castle County",1,10,6978,3486,3492
050,10,003,"Delaware","New Castle County",1,11,7134,3626,3508
050,10,003,"Delaware","New Castle County",1,12,7337,3688,3649
050,10,003,"Delaware","New Castle County",1,13,7317,3649,3668
050,10,003,"Delaware","New Castle County",1,14,7095,3549,3546
050,10,003,"Delaware","New Castle County",1,15,7154,3553,3601
050,10,003,"Delaware","New Castle County",1,16,7314,3725,3589
050,10,003,"Delaware","New Castle County",1,17,7291,3756,3535
050,10,003,"Delaware","New Castle County",1,18,8250,4058,4192
050,10,003,"Delaware","New Castle County",1,19,8530,4172,4358
050,10,003,"Delaware","New Castle County",1,20,7617,3743,3874
050,10,003,"Delaware","New Castle County",1,21,6694,3385,3309
050,10,003,"Delaware","New Castle County",1,22,6683,3354,3329
050,10,003,"Delaware","New Castle County",1,23,6742,3403,3339
050,10,003,"Delaware","New Castle County",1,24,6928,3454,3474
050,10,003,"Delaware","New Castle County",1,25,7244,3597,3647
050,10,003,"Delaware","New Castle County",1,26,7566,3771,3795
050,10,003,"Delaware","New Castle County",1,27,7762,3847,3915
050,10,003,"Delaware","New Castle County",1,28,8086,4002,4084
050,10,003,"Delaware","New Castle County",1,29,8575,4239,4336
050,10,003,"Delaware","New Castle County",1,30,8808,4324,4484
050,10,003,"Delaware","New Castle County",1,31,8831,4352,4479
050,10,003,"Delaware","New Castle County",1,32,8326,4143,4183
050,10,003,"Delaware","New Castle County",1,33,7921,3964,3957
050,10,003,"Delaware","New Castle County",1,34,7864,3908,3956
050,10,003,"Delaware","New Castle County",1,35,7686,3873,3813
050,10,003,"Delaware","New Castle County",1,36,7590,3838,3752
050,10,003,"Delaware","New Castle County",1,37,7653,3922,3731
050,10,003,"Delaware","New Castle County",1,38,7562,3780,3782
050,10,003,"Delaware","New Castle County",1,39,7560,3696,3864
050,10,003,"Delaware","New Castle County",1,40,7390,3612,3778
050,10,003,"Delaware","New Castle County",1,41,7316,3589,3727
050,10,003,"Delaware","New Castle County",1,42,6958,3376,3582
050,10,003,"Delaware","New Castle County",1,43,6594,3203,3391
050,10,003,"Delaware","New Castle County",1,44,6418,3129,3289
050,10,003,"Delaware","New Castle County",1,45,6530,3240,3290
050,10,003,"Delaware","New Castle County",1,46,6459,3171,3288
050,10,003,"Delaware","New Castle County",1,47,6656,3261,3395
050,10,003,"Delaware","New Castle County",1,48,7063,3438,3625
050,10,003,"Delaware","New Castle County",1,49,7800,3782,4018
050,10,003,"Delaware","New Castle County",1,50,7705,3719,3986
050,10,003,"Delaware","New Castle County",1,51,7454,3566,3888
050,10,003,"Delaware","New Castle County",1,52,7425,3475,3950
050,10,003,"Delaware","New Castle County",1,53,7687,3656,4031
050,10,003,"Delaware","New Castle County",1,54,7876,3777,4099
050,10,003,"Delaware","New Castle County",1,55,8077,3906,4171
050,10,003,"Delaware","New Castle County",1,56,8133,3964,4169
050,10,003,"Delaware","New Castle County",1,57,8161,3942,4219
050,10,003,"Delaware","New Castle County",1,58,8175,3943,4232
050,10,003,"Delaware","New Castle County",1,59,8007,3829,4178
050,10,003,"Delaware","New Castle County",1,60,7764,3720,4044
050,10,003,"Delaware","New Castle County",1,61,7675,3687,3988
050,10,003,"Delaware","New Castle County",1,62,7776,3750,4026
050,10,003,"Delaware","New Castle County",1,63,7393,3586,3807
050,10,003,"Delaware","New Castle County",1,64,7091,3394,3697
050,10,003,"Delaware","New Castle County",1,65,6741,3215,3526
050,10,003,"Delaware","New Castle County",1,66,6352,2995,3357
050,10,003,"Delaware","New Castle County",1,67,6151,2812,3339
050,10,003,"Delaware","New Castle County",1,68,5888,2663,3225
050,10,003,"Delaware","New Castle County",1,69,5433,2442,2991
050,10,003,"Delaware","New Castle County",1,70,5243,2400,2843
050,10,003,"Delaware","New Castle County",1,71,5093,2354,2739
050,10,003,"Delaware","New Castle County",1,72,5161,2354,2807
050,10,003,"Delaware","New Castle County",1,73,5117,2376,2741
050,10,003,"Delaware","New Castle County",1,74,3613,1597,2016
050,10,003,"Delaware","New Castle County",1,75,3572,1576,1996
050,10,003,"Delaware","New Castle County",1,76,3510,1548,1962
050,10,003,"Delaware","New Castle County",1,77,3492,1514,1978
050,10,003,"Delaware","New Castle County",1,78,3037,1330,1707
050,10,003,"Delaware","New Castle County",1,79,2624,1126,1498
050,10,003,"Delaware","New Castle County",1,80,2345,994,1351
050,10,003,"Delaware","New Castle County",1,81,2195,920,1275
050,10,003,"Delaware","New Castle County",1,82,2055,868,1187
050,10,003,"Delaware","New Castle County",1,83,1781,739,1042
050,10,003,"Delaware","New Castle County",1,84,1689,691,998
050,10,003,"Delaware","New Castle County",1,85,10271,3715,6556
050,10,003,"Delaware","New Castle County",2,0,6109,3096,3013
050,10,003,"Delaware","New Castle County",2,1,6175,3158,3017
050,10,003,"Delaware","New Castle County",2,2,6385,3255,3130
050,10,003,"Delaware","New Castle County",2,3,6524,3329,3195
050,10,003,"Delaware","New Castle County",2,4,6607,3341,3266
050,10,003,"Delaware","New Castle County",2,5,6662,3377,3285
050,10,003,"Delaware","New Castle County",2,6,6617,3395,3222
050,10,003,"Delaware","New Castle County",2,7,6613,3372,3241
050,10,003,"Delaware","New Castle County",2,8,6824,3474,3350
050,10,003,"Delaware","New Castle County",2,9,6967,3520,3447
050,10,003,"Delaware","New Castle County",2,10,6980,3496,3484
050,10,003,"Delaware","New Castle County",2,11,7073,3573,3500
050,10,003,"Delaware","New Castle County",2,12,7334,3695,3639
050,10,003,"Delaware","New Castle County",2,13,7322,3659,3663
050,10,003,"Delaware","New Castle County",2,14,7153,3571,3582
050,10,003,"Delaware","New Castle County",2,15,7162,3566,3596
050,10,003,"Delaware","New Castle County",2,16,7290,3697,3593
050,10,003,"Delaware","New Castle County",2,17,7298,3745,3553
050,10,003,"Delaware","New Castle County",2,18,8256,4062,4194
050,10,003,"Delaware","New Castle County",2,19,8553,4185,4368
050,10,003,"Delaware","New Castle County",2,20,7692,3785,3907
050,10,003,"Delaware","New Castle County",2,21,6730,3399,3331
050,10,003,"Delaware","New Castle County",2,22,6676,3361,3315
050,10,003,"Delaware","New Castle County",2,23,6761,3405,3356
050,10,003,"Delaware","New Castle County",2,24,6871,3428,3443
050,10,003,"Delaware","New Castle County",2,25,7180,3577,3603
050,10,003,"Delaware","New Castle County",2,26,7518,3738,3780
050,10,003,"Delaware","New Castle County",2,27,7725,3835,3890
050,10,003,"Delaware","New Castle County",2,28,8014,3973,4041
050,10,003,"Delaware","New Castle County",2,29,8464,4188,4276
050,10,003,"Delaware","New Castle County",2,30,8771,4308,4463
050,10,003,"Delaware","New Castle County",2,31,8790,4324,4466
050,10,003,"Delaware","New Castle County",2,32,8416,4171,4245
050,10,003,"Delaware","New Castle County",2,33,8019,4005,4014
050,10,003,"Delaware","New Castle County",2,34,7849,3902,3947
050,10,003,"Delaware","New Castle County",2,35,7770,3899,3871
050,10,003,"Delaware","New Castle County",2,36,7561,3817,3744
050,10,003,"Delaware","New Castle County",2,37,7656,3915,3741
050,10,003,"Delaware","New Castle County",2,38,7627,3829,3798
050,10,003,"Delaware","New Castle County",2,39,7546,3713,3833
050,10,003,"Delaware","New Castle County",2,40,7484,3663,3821
050,10,003,"Delaware","New Castle County",2,41,7332,3590,3742
050,10,003,"Delaware","New Castle County",2,42,7010,3415,3595
050,10,003,"Delaware","New Castle County",2,43,6730,3266,3464
050,10,003,"Delaware","New Castle County",2,44,6413,3126,3287
050,10,003,"Delaware","New Castle County",2,45,6535,3227,3308
050,10,003,"Delaware","New Castle County",2,46,6462,3181,3281
050,10,003,"Delaware","New Castle County",2,47,6601,3236,3365
050,10,003,"Delaware","New Castle County",2,48,6967,3396,3571
050,10,003,"Delaware","New Castle County",2,49,7658,3713,3945
050,10,003,"Delaware","New Castle County",2,50,7743,3739,4004
050,10,003,"Delaware","New Castle County",2,51,7479,3582,3897
050,10,003,"Delaware","New Castle County",2,52,7408,3483,3925
050,10,003,"Delaware","New Castle County",2,53,7609,3608,4001
050,10,003,"Delaware","New Castle County",2,54,7792,3727,4065
050,10,003,"Delaware","New Castle County",2,55,8017,3865,4152
050,10,003,"Delaware","New Castle County",2,56,8134,3952,4182
050,10,003,"Delaware","New Castle County",2,57,8145,3938,4207
050,10,003,"Delaware","New Castle County",2,58,8159,3941,4218
050,10,003,"Delaware","New Castle County",2,59,8051,3853,4198
050,10,003,"Delaware","New Castle County",2,60,7801,3744,4057
050,10,003,"Delaware","New Castle County",2,61,7656,3668,3988
050,10,003,"Delaware","New Castle County",2,62,7721,3728,3993
050,10,003,"Delaware","New Castle County",2,63,7515,3642,3873
050,10,003,"Delaware","New Castle County",2,64,7101,3404,3697
050,10,003,"Delaware","New Castle County",2,65,6793,3243,3550
050,10,003,"Delaware","New Castle County",2,66,6436,3037,3399
050,10,003,"Delaware","New Castle County",2,67,6154,2833,3321
050,10,003,"Delaware","New Castle County",2,68,5891,2668,3223
050,10,003,"Delaware","New Castle County",2,69,5549,2492,3057
050,10,003,"Delaware","New Castle County",2,70,5259,2397,2862
050,10,003,"Delaware","New Castle County",2,71,5087,2342,2745
050,10,003,"Delaware","New Castle County",2,72,5035,2303,2732
050,10,003,"Delaware","New Castle County",2,73,5307,2452,2855
050,10,003,"Delaware","New Castle County",2,74,3741,1671,2070
050,10,003,"Delaware","New Castle County",2,75,3580,1579,2001
050,10,003,"Delaware","New Castle County",2,76,3469,1531,1938
050,10,003,"Delaware","New Castle County",2,77,3532,1537,1995
050,10,003,"Delaware","New Castle County",2,78,3080,1347,1733
050,10,003,"Delaware","New Castle County",2,79,2673,1141,1532
050,10,003,"Delaware","New Castle County",2,80,2384,1020,1364
050,10,003,"Delaware","New Castle County",2,81,2180,919,1261
050,10,003,"Delaware","New Castle County",2,82,2064,872,1192
050,10,003,"Delaware","New Castle County",2,83,1812,751,1061
050,10,003,"Delaware","New Castle County",2,84,1672,684,988
050,10,003,"Delaware","New Castle County",2,85,10157,3685,6472
050,10,003,"Delaware","New Castle County",3,0,6014,3080,2934
050,10,003,"Delaware","New Castle County",3,1,6160,3115,3045
050,10,003,"Delaware","New Castle County",3,2,6178,3135,3043
050,10,003,"Delaware","New Castle County",3,3,6422,3284,3138
050,10,003,"Delaware","New Castle County",3,4,6486,3333,3153
050,10,003,"Delaware","New Castle County",3,5,6591,3333,3258
050,10,003,"Delaware","New Castle County",3,6,6732,3409,3323
050,10,003,"Delaware","New Castle County",3,7,6588,3391,3197
050,10,003,"Delaware","New Castle County",3,8,6655,3394,3261
050,10,003,"Delaware","New Castle County",3,9,6866,3484,3382
050,10,003,"Delaware","New Castle County",3,10,6944,3501,3443
050,10,003,"Delaware","New Castle County",3,11,7000,3503,3497
050,10,003,"Delaware","New Castle County",3,12,7110,3586,3524
050,10,003,"Delaware","New Castle County",3,13,7358,3710,3648
050,10,003,"Delaware","New Castle County",3,14,7329,3667,3662
050,10,003,"Delaware","New Castle County",3,15,7261,3623,3638
050,10,003,"Delaware","New Castle County",3,16,7206,3579,3627
050,10,003,"Delaware","New Castle County",3,17,7345,3711,3634
050,10,003,"Delaware","New Castle County",3,18,8269,4072,4197
050,10,003,"Delaware","New Castle County",3,19,8339,4104,4235
050,10,003,"Delaware","New Castle County",3,20,7560,3772,3788
050,10,003,"Delaware","New Castle County",3,21,6860,3462,3398
050,10,003,"Delaware","New Castle County",3,22,6697,3394,3303
050,10,003,"Delaware","New Castle County",3,23,6785,3450,3335
050,10,003,"Delaware","New Castle County",3,24,6882,3453,3429
050,10,003,"Delaware","New Castle County",3,25,6916,3477,3439
050,10,003,"Delaware","New Castle County",3,26,7292,3638,3654
050,10,003,"Delaware","New Castle County",3,27,7635,3785,3850
050,10,003,"Delaware","New Castle County",3,28,7790,3887,3903
050,10,003,"Delaware","New Castle County",3,29,8078,3984,4094
050,10,003,"Delaware","New Castle County",3,30,8483,4159,4324
050,10,003,"Delaware","New Castle County",3,31,8830,4306,4524
050,10,003,"Delaware","New Castle County",3,32,8745,4305,4440
050,10,003,"Delaware","New Castle County",3,33,8393,4145,4248
050,10,003,"Delaware","New Castle County",3,34,8025,4014,4011
050,10,003,"Delaware","New Castle County",3,35,7847,3906,3941
050,10,003,"Delaware","New Castle County",3,36,7772,3881,3891
050,10,003,"Delaware","New Castle County",3,37,7551,3798,3753
050,10,003,"Delaware","New Castle County",3,38,7668,3876,3792
050,10,003,"Delaware","New Castle County",3,39,7654,3810,3844
050,10,003,"Delaware","New Castle County",3,40,7535,3703,3832
050,10,003,"Delaware","New Castle County",3,41,7508,3657,3851
050,10,003,"Delaware","New Castle County",3,42,7355,3606,3749
050,10,003,"Delaware","New Castle County",3,43,6992,3403,3589
050,10,003,"Delaware","New Castle County",3,44,6697,3253,3444
050,10,003,"Delaware","New Castle County",3,45,6376,3081,3295
050,10,003,"Delaware","New Castle County",3,46,6518,3219,3299
050,10,003,"Delaware","New Castle County",3,47,6534,3200,3334
050,10,003,"Delaware","New Castle County",3,48,6566,3209,3357
050,10,003,"Delaware","New Castle County",3,49,6946,3370,3576
050,10,003,"Delaware","New Castle County",3,50,7644,3699,3945
050,10,003,"Delaware","New Castle County",3,51,7768,3752,4016
050,10,003,"Delaware","New Castle County",3,52,7462,3579,3883
050,10,003,"Delaware","New Castle County",3,53,7426,3490,3936
050,10,003,"Delaware","New Castle County",3,54,7537,3566,3971
050,10,003,"Delaware","New Castle County",3,55,7707,3708,3999
050,10,003,"Delaware","New Castle County",3,56,7940,3830,4110
050,10,003,"Delaware","New Castle County",3,57,8047,3908,4139
050,10,003,"Delaware","New Castle County",3,58,8087,3912,4175
050,10,003,"Delaware","New Castle County",3,59,8006,3859,4147
050,10,003,"Delaware","New Castle County",3,60,7893,3782,4111
050,10,003,"Delaware","New Castle County",3,61,7760,3702,4058
050,10,003,"Delaware","New Castle County",3,62,7575,3617,3958
050,10,003,"Delaware","New Castle County",3,63,7580,3643,3937
050,10,003,"Delaware","New Castle County",3,64,7395,3555,3840
050,10,003,"Delaware","New Castle County",3,65,6951,3319,3632
050,10,003,"Delaware","New Castle County",3,66,6702,3183,3519
050,10,003,"Delaware","New Castle County",3,67,6340,2974,3366
050,10,003,"Delaware","New Castle County",3,68,6040,2763,3277
050,10,003,"Delaware","New Castle County",3,69,5806,2613,3193
050,10,003,"Delaware","New Castle County",3,70,5454,2446,3008
050,10,003,"Delaware","New Castle County",3,71,5159,2325,2834
050,10,003,"Delaware","New Castle County",3,72,4992,2289,2703
050,10,003,"Delaware","New Castle County",3,73,4880,2200,2680
050,10,003,"Delaware","New Castle County",3,74,5181,2365,2816
050,10,003,"Delaware","New Castle County",3,75,3620,1601,2019
050,10,003,"Delaware","New Castle County",3,76,3443,1516,1927
050,10,003,"Delaware","New Castle County",3,77,3339,1449,1890
050,10,003,"Delaware","New Castle County",3,78,3412,1477,1935
050,10,003,"Delaware","New Castle County",3,79,2944,1260,1684
050,10,003,"Delaware","New Castle County",3,80,2550,1095,1455
050,10,003,"Delaware","New Castle County",3,81,2254,962,1292
050,10,003,"Delaware","New Castle County",3,82,2020,839,1181
050,10,003,"Delaware","New Castle County",3,83,1966,820,1146
050,10,003,"Delaware","New Castle County",3,84,1666,687,979
050,10,003,"Delaware","New Castle County",3,85,10140,3708,6432
050,10,003,"Delaware","New Castle County",4,0,6250,3132,3118
050,10,003,"Delaware","New Castle County",4,1,6119,3096,3023
050,10,003,"Delaware","New Castle County",4,2,6285,3155,3130
050,10,003,"Delaware","New Castle County",4,3,6298,3230,3068
050,10,003,"Delaware","New Castle County",4,4,6481,3307,3174
050,10,003,"Delaware","New Castle County",4,5,6529,3373,3156
050,10,003,"Delaware","New Castle County",4,6,6638,3373,3265
050,10,003,"Delaware","New Castle County",4,7,6774,3435,3339
050,10,003,"Delaware","New Castle County",4,8,6679,3444,3235
050,10,003,"Delaware","New Castle County",4,9,6724,3415,3309
050,10,003,"Delaware","New Castle County",4,10,6924,3512,3412
050,10,003,"Delaware","New Castle County",4,11,7021,3533,3488
050,10,003,"Delaware","New Castle County",4,12,7049,3539,3510
050,10,003,"Delaware","New Castle County",4,13,7148,3597,3551
050,10,003,"Delaware","New Castle County",4,14,7448,3779,3669
050,10,003,"Delaware","New Castle County",4,15,7428,3733,3695
050,10,003,"Delaware","New Castle County",4,16,7336,3662,3674
050,10,003,"Delaware","New Castle County",4,17,7207,3575,3632
050,10,003,"Delaware","New Castle County",4,18,8340,4091,4249
050,10,003,"Delaware","New Castle County",4,19,8466,4156,4310
050,10,003,"Delaware","New Castle County",4,20,7589,3787,3802
050,10,003,"Delaware","New Castle County",4,21,6876,3486,3390
050,10,003,"Delaware","New Castle County",4,22,6873,3442,3431
050,10,003,"Delaware","New Castle County",4,23,6851,3491,3360
050,10,003,"Delaware","New Castle County",4,24,7049,3559,3490
050,10,003,"Delaware","New Castle County",4,25,6984,3518,3466
050,10,003,"Delaware","New Castle County",4,26,7082,3500,3582
050,10,003,"Delaware","New Castle County",4,27,7433,3713,3720
050,10,003,"Delaware","New Castle County",4,28,7593,3751,3842
050,10,003,"Delaware","New Castle County",4,29,7885,3933,3952
050,10,003,"Delaware","New Castle County",4,30,8096,3962,4134
050,10,003,"Delaware","New Castle County",4,31,8603,4240,4363
050,10,003,"Delaware","New Castle County",4,32,8823,4304,4519
050,10,003,"Delaware","New Castle County",4,33,8709,4239,4470
050,10,003,"Delaware","New Castle County",4,34,8402,4166,4236
050,10,003,"Delaware","New Castle County",4,35,8102,4052,4050
050,10,003,"Delaware","New Castle County",4,36,7953,3929,4024
050,10,003,"Delaware","New Castle County",4,37,7779,3897,3882
050,10,003,"Delaware","New Castle County",4,38,7519,3754,3765
050,10,003,"Delaware","New Castle County",4,39,7750,3913,3837
050,10,003,"Delaware","New Castle County",4,40,7673,3816,3857
050,10,003,"Delaware","New Castle County",4,41,7579,3707,3872
050,10,003,"Delaware","New Castle County",4,42,7501,3634,3867
050,10,003,"Delaware","New Castle County",4,43,7378,3620,3758
050,10,003,"Delaware","New Castle County",4,44,6996,3409,3587
050,10,003,"Delaware","New Castle County",4,45,6676,3226,3450
050,10,003,"Delaware","New Castle County",4,46,6388,3066,3322
050,10,003,"Delaware","New Castle County",4,47,6564,3247,3317
050,10,003,"Delaware","New Castle County",4,48,6508,3179,3329
050,10,003,"Delaware","New Castle County",4,49,6570,3207,3363
050,10,003,"Delaware","New Castle County",4,50,6921,3346,3575
050,10,003,"Delaware","New Castle County",4,51,7621,3689,3932
050,10,003,"Delaware","New Castle County",4,52,7716,3739,3977
050,10,003,"Delaware","New Castle County",4,53,7421,3568,3853
050,10,003,"Delaware","New Castle County",4,54,7358,3446,3912
050,10,003,"Delaware","New Castle County",4,55,7450,3510,3940
050,10,003,"Delaware","New Castle County",4,56,7654,3685,3969
050,10,003,"Delaware","New Castle County",4,57,7824,3754,4070
050,10,003,"Delaware","New Castle County",4,58,7965,3867,4098
050,10,003,"Delaware","New Castle County",4,59,7937,3830,4107
050,10,003,"Delaware","New Castle County",4,60,7947,3828,4119
050,10,003,"Delaware","New Castle County",4,61,7781,3709,4072
050,10,003,"Delaware","New Castle County",4,62,7640,3633,4007
050,10,003,"Delaware","New Castle County",4,63,7395,3504,3891
050,10,003,"Delaware","New Castle County",4,64,7444,3544,3900
050,10,003,"Delaware","New Castle County",4,65,7339,3519,3820
050,10,003,"Delaware","New Castle County",4,66,6869,3260,3609
050,10,003,"Delaware","New Castle County",4,67,6610,3121,3489
050,10,003,"Delaware","New Castle County",4,68,6234,2910,3324
050,10,003,"Delaware","New Castle County",4,69,5924,2703,3221
050,10,003,"Delaware","New Castle County",4,70,5690,2552,3138
050,10,003,"Delaware","New Castle County",4,71,5363,2382,2981
050,10,003,"Delaware","New Castle County",4,72,5051,2284,2767
050,10,003,"Delaware","New Castle County",4,73,4890,2222,2668
050,10,003,"Delaware","New Castle County",4,74,4737,2097,2640
050,10,003,"Delaware","New Castle County",4,75,5016,2259,2757
050,10,003,"Delaware","New Castle County",4,76,3486,1526,1960
050,10,003,"Delaware","New Castle County",4,77,3303,1440,1863
050,10,003,"Delaware","New Castle County",4,78,3211,1382,1829
050,10,003,"Delaware","New Castle County",4,79,3284,1399,1885
050,10,003,"Delaware","New Castle County",4,80,2825,1213,1612
050,10,003,"Delaware","New Castle County",4,81,2425,1027,1398
050,10,003,"Delaware","New Castle County",4,82,2099,884,1215
050,10,003,"Delaware","New Castle County",4,83,1912,766,1146
050,10,003,"Delaware","New Castle County",4,84,1821,757,1064
050,10,003,"Delaware","New Castle County",4,85,10163,3736,6427
050,10,003,"Delaware","New Castle County",5,0,6089,3053,3036
050,10,003,"Delaware","New Castle County",5,1,6417,3227,3190
050,10,003,"Delaware","New Castle County",5,2,6200,3142,3058
050,10,003,"Delaware","New Castle County",5,3,6312,3194,3118
050,10,003,"Delaware","New Castle County",5,4,6322,3251,3071
050,10,003,"Delaware","New Castle County",5,5,6508,3319,3189
050,10,003,"Delaware","New Castle County",5,6,6611,3421,3190
050,10,003,"Delaware","New Castle County",5,7,6678,3424,3254
050,10,003,"Delaware","New Castle County",5,8,6816,3461,3355
050,10,003,"Delaware","New Castle County",5,9,6768,3500,3268
050,10,003,"Delaware","New Castle County",5,10,6760,3432,3328
050,10,003,"Delaware","New Castle County",5,11,6913,3488,3425
050,10,003,"Delaware","New Castle County",5,12,7118,3575,3543
050,10,003,"Delaware","New Castle County",5,13,7106,3546,3560
050,10,003,"Delaware","New Castle County",5,14,7189,3616,3573
050,10,003,"Delaware","New Castle County",5,15,7551,3821,3730
050,10,003,"Delaware","New Castle County",5,16,7466,3751,3715
050,10,003,"Delaware","New Castle County",5,17,7436,3706,3730
050,10,003,"Delaware","New Castle County",5,18,8207,3962,4245
050,10,003,"Delaware","New Castle County",5,19,8552,4188,4364
050,10,003,"Delaware","New Castle County",5,20,7703,3826,3877
050,10,003,"Delaware","New Castle County",5,21,6875,3513,3362
050,10,003,"Delaware","New Castle County",5,22,6865,3502,3363
050,10,003,"Delaware","New Castle County",5,23,7064,3584,3480
050,10,003,"Delaware","New Castle County",5,24,7105,3597,3508
050,10,003,"Delaware","New Castle County",5,25,7053,3547,3506
050,10,003,"Delaware","New Castle County",5,26,7036,3481,3555
050,10,003,"Delaware","New Castle County",5,27,7082,3479,3603
050,10,003,"Delaware","New Castle County",5,28,7415,3691,3724
050,10,003,"Delaware","New Castle County",5,29,7719,3818,3901
050,10,003,"Delaware","New Castle County",5,30,7908,3908,4000
050,10,003,"Delaware","New Castle County",5,31,8202,4038,4164
050,10,003,"Delaware","New Castle County",5,32,8570,4230,4340
050,10,003,"Delaware","New Castle County",5,33,8785,4300,4485
050,10,003,"Delaware","New Castle County",5,34,8690,4248,4442
050,10,003,"Delaware","New Castle County",5,35,8420,4151,4269
050,10,003,"Delaware","New Castle County",5,36,8146,4068,4078
050,10,003,"Delaware","New Castle County",5,37,8033,3965,4068
050,10,003,"Delaware","New Castle County",5,38,7775,3866,3909
050,10,003,"Delaware","New Castle County",5,39,7579,3785,3794
050,10,003,"Delaware","New Castle County",5,40,7756,3890,3866
050,10,003,"Delaware","New Castle County",5,41,7707,3837,3870
050,10,003,"Delaware","New Castle County",5,42,7617,3720,3897
050,10,003,"Delaware","New Castle County",5,43,7527,3633,3894
050,10,003,"Delaware","New Castle County",5,44,7360,3589,3771
050,10,003,"Delaware","New Castle County",5,45,6979,3370,3609
050,10,003,"Delaware","New Castle County",5,46,6674,3214,3460
050,10,003,"Delaware","New Castle County",5,47,6406,3079,3327
050,10,003,"Delaware","New Castle County",5,48,6544,3220,3324
050,10,003,"Delaware","New Castle County",5,49,6523,3204,3319
050,10,003,"Delaware","New Castle County",5,50,6620,3207,3413
050,10,003,"Delaware","New Castle County",5,51,6935,3341,3594
050,10,003,"Delaware","New Castle County",5,52,7561,3663,3898
050,10,003,"Delaware","New Castle County",5,53,7695,3729,3966
050,10,003,"Delaware","New Castle County",5,54,7384,3539,3845
050,10,003,"Delaware","New Castle County",5,55,7330,3437,3893
050,10,003,"Delaware","New Castle County",5,56,7380,3482,3898
050,10,003,"Delaware","New Castle County",5,57,7585,3648,3937
050,10,003,"Delaware","New Castle County",5,58,7799,3720,4079
050,10,003,"Delaware","New Castle County",5,59,7906,3838,4068
050,10,003,"Delaware","New Castle County",5,60,7885,3810,4075
050,10,003,"Delaware","New Castle County",5,61,7918,3796,4122
050,10,003,"Delaware","New Castle County",5,62,7752,3685,4067
050,10,003,"Delaware","New Castle County",5,63,7478,3550,3928
050,10,003,"Delaware","New Castle County",5,64,7339,3456,3883
050,10,003,"Delaware","New Castle County",5,65,7364,3493,3871
050,10,003,"Delaware","New Castle County",5,66,7240,3472,3768
050,10,003,"Delaware","New Castle County",5,67,6793,3208,3585
050,10,003,"Delaware","New Castle County",5,68,6523,3073,3450
050,10,003,"Delaware","New Castle County",5,69,6138,2855,3283
050,10,003,"Delaware","New Castle County",5,70,5847,2665,3182
050,10,003,"Delaware","New Castle County",5,71,5579,2486,3093
050,10,003,"Delaware","New Castle County",5,72,5249,2333,2916
050,10,003,"Delaware","New Castle County",5,73,4974,2243,2731
050,10,003,"Delaware","New Castle County",5,74,4763,2139,2624
050,10,003,"Delaware","New Castle County",5,75,4623,2027,2596
050,10,003,"Delaware","New Castle County",5,76,4878,2194,2684
050,10,003,"Delaware","New Castle County",5,77,3354,1459,1895
050,10,003,"Delaware","New Castle County",5,78,3215,1387,1828
050,10,003,"Delaware","New Castle County",5,79,3075,1282,1793
050,10,003,"Delaware","New Castle County",5,80,3136,1338,1798
050,10,003,"Delaware","New Castle County",5,81,2700,1150,1550
050,10,003,"Delaware","New Castle County",5,82,2273,946,1327
050,10,003,"Delaware","New Castle County",5,83,2000,821,1179
050,10,003,"Delaware","New Castle County",5,84,1773,719,1054
050,10,003,"Delaware","New Castle County",5,85,10391,3835,6556
050,10,005,"Delaware","Sussex County",1,0,2330,1179,1151
050,10,005,"Delaware","Sussex County",1,1,2398,1221,1177
050,10,005,"Delaware","Sussex County",1,2,2409,1261,1148
050,10,005,"Delaware","Sussex County",1,3,2390,1239,1151
050,10,005,"Delaware","Sussex County",1,4,2467,1204,1263
050,10,005,"Delaware","Sussex County",1,5,2388,1181,1207
050,10,005,"Delaware","Sussex County",1,6,2411,1207,1204
050,10,005,"Delaware","Sussex County",1,7,2403,1210,1193
050,10,005,"Delaware","Sussex County",1,8,2437,1258,1179
050,10,005,"Delaware","Sussex County",1,9,2446,1277,1169
050,10,005,"Delaware","Sussex County",1,10,2586,1361,1225
050,10,005,"Delaware","Sussex County",1,11,2635,1354,1281
050,10,005,"Delaware","Sussex County",1,12,2685,1363,1322
050,10,005,"Delaware","Sussex County",1,13,2667,1344,1323
050,10,005,"Delaware","Sussex County",1,14,2654,1325,1329
050,10,005,"Delaware","Sussex County",1,15,2588,1312,1276
050,10,005,"Delaware","Sussex County",1,16,2454,1256,1198
050,10,005,"Delaware","Sussex County",1,17,2439,1232,1207
050,10,005,"Delaware","Sussex County",1,18,2137,1143,994
050,10,005,"Delaware","Sussex County",1,19,1830,973,857
050,10,005,"Delaware","Sussex County",1,20,1936,1027,909
050,10,005,"Delaware","Sussex County",1,21,2043,1074,969
050,10,005,"Delaware","Sussex County",1,22,2078,1084,994
050,10,005,"Delaware","Sussex County",1,23,2082,1062,1020
050,10,005,"Delaware","Sussex County",1,24,2155,1106,1049
050,10,005,"Delaware","Sussex County",1,25,2244,1167,1077
050,10,005,"Delaware","Sussex County",1,26,2333,1206,1127
050,10,005,"Delaware","Sussex County",1,27,2360,1203,1157
050,10,005,"Delaware","Sussex County",1,28,2359,1190,1169
050,10,005,"Delaware","Sussex County",1,29,2427,1226,1201
050,10,005,"Delaware","Sussex County",1,30,2473,1257,1216
050,10,005,"Delaware","Sussex County",1,31,2282,1102,1180
050,10,005,"Delaware","Sussex County",1,32,2260,1091,1169
050,10,005,"Delaware","Sussex County",1,33,2351,1145,1206
050,10,005,"Delaware","Sussex County",1,34,2342,1139,1203
050,10,005,"Delaware","Sussex County",1,35,2425,1244,1181
050,10,005,"Delaware","Sussex County",1,36,2407,1242,1165
050,10,005,"Delaware","Sussex County",1,37,2390,1200,1190
050,10,005,"Delaware","Sussex County",1,38,2354,1140,1214
050,10,005,"Delaware","Sussex County",1,39,2270,1114,1156
050,10,005,"Delaware","Sussex County",1,40,2292,1161,1131
050,10,005,"Delaware","Sussex County",1,41,2231,1128,1103
050,10,005,"Delaware","Sussex County",1,42,2246,1114,1132
050,10,005,"Delaware","Sussex County",1,43,2169,1063,1106
050,10,005,"Delaware","Sussex County",1,44,2108,1013,1095
050,10,005,"Delaware","Sussex County",1,45,2181,1049,1132
050,10,005,"Delaware","Sussex County",1,46,2163,1050,1113
050,10,005,"Delaware","Sussex County",1,47,2345,1192,1153
050,10,005,"Delaware","Sussex County",1,48,2472,1233,1239
050,10,005,"Delaware","Sussex County",1,49,2681,1289,1392
050,10,005,"Delaware","Sussex County",1,50,2622,1280,1342
050,10,005,"Delaware","Sussex County",1,51,2552,1258,1294
050,10,005,"Delaware","Sussex County",1,52,2661,1320,1341
050,10,005,"Delaware","Sussex County",1,53,2873,1378,1495
050,10,005,"Delaware","Sussex County",1,54,3009,1467,1542
050,10,005,"Delaware","Sussex County",1,55,3286,1555,1731
050,10,005,"Delaware","Sussex County",1,56,3427,1627,1800
050,10,005,"Delaware","Sussex County",1,57,3576,1673,1903
050,10,005,"Delaware","Sussex County",1,58,3664,1680,1984
050,10,005,"Delaware","Sussex County",1,59,3822,1742,2080
050,10,005,"Delaware","Sussex County",1,60,3885,1818,2067
050,10,005,"Delaware","Sussex County",1,61,4096,1894,2202
050,10,005,"Delaware","Sussex County",1,62,4348,1990,2358
050,10,005,"Delaware","Sussex County",1,63,4344,1940,2404
050,10,005,"Delaware","Sussex County",1,64,4511,2041,2470
050,10,005,"Delaware","Sussex County",1,65,4604,2102,2502
050,10,005,"Delaware","Sussex County",1,66,4749,2230,2519
050,10,005,"Delaware","Sussex County",1,67,4685,2197,2488
050,10,005,"Delaware","Sussex County",1,68,4630,2144,2486
050,10,005,"Delaware","Sussex County",1,69,4341,2068,2273
050,10,005,"Delaware","Sussex County",1,70,4242,2036,2206
050,10,005,"Delaware","Sussex County",1,71,4163,1969,2194
050,10,005,"Delaware","Sussex County",1,72,4300,2058,2242
050,10,005,"Delaware","Sussex County",1,73,4245,2060,2185
050,10,005,"Delaware","Sussex County",1,74,2882,1397,1485
050,10,005,"Delaware","Sussex County",1,75,2846,1411,1435
050,10,005,"Delaware","Sussex County",1,76,2793,1356,1437
050,10,005,"Delaware","Sussex County",1,77,2725,1321,1404
050,10,005,"Delaware","Sussex County",1,78,2195,1073,1122
050,10,005,"Delaware","Sussex County",1,79,1884,914,970
050,10,005,"Delaware","Sussex County",1,80,1685,798,887
050,10,005,"Delaware","Sussex County",1,81,1554,741,813
050,10,005,"Delaware","Sussex County",1,82,1399,681,718
050,10,005,"Delaware","Sussex County",1,83,1192,548,644
050,10,005,"Delaware","Sussex County",1,84,1048,503,545
050,10,005,"Delaware","Sussex County",1,85,5324,2033,3291
050,10,005,"Delaware","Sussex County",2,0,2308,1177,1131
050,10,005,"Delaware","Sussex County",2,1,2387,1215,1172
050,10,005,"Delaware","Sussex County",2,2,2404,1252,1152
050,10,005,"Delaware","Sussex County",2,3,2383,1239,1144
050,10,005,"Delaware","Sussex County",2,4,2458,1219,1239
050,10,005,"Delaware","Sussex County",2,5,2414,1189,1225
050,10,005,"Delaware","Sussex County",2,6,2410,1203,1207
050,10,005,"Delaware","Sussex County",2,7,2408,1213,1195
050,10,005,"Delaware","Sussex County",2,8,2430,1247,1183
050,10,005,"Delaware","Sussex County",2,9,2460,1282,1178
050,10,005,"Delaware","Sussex County",2,10,2564,1346,1218
050,10,005,"Delaware","Sussex County",2,11,2623,1356,1267
050,10,005,"Delaware","Sussex County",2,12,2693,1371,1322
050,10,005,"Delaware","Sussex County",2,13,2679,1353,1326
050,10,005,"Delaware","Sussex County",2,14,2663,1331,1332
050,10,005,"Delaware","Sussex County",2,15,2613,1316,1297
050,10,005,"Delaware","Sussex County",2,16,2504,1277,1227
050,10,005,"Delaware","Sussex County",2,17,2454,1242,1212
050,10,005,"Delaware","Sussex County",2,18,2133,1131,1002
050,10,005,"Delaware","Sussex County",2,19,1844,979,865
050,10,005,"Delaware","Sussex County",2,20,1963,1035,928
050,10,005,"Delaware","Sussex County",2,21,2032,1059,973
050,10,005,"Delaware","Sussex County",2,22,2091,1079,1012
050,10,005,"Delaware","Sussex County",2,23,2097,1068,1029
050,10,005,"Delaware","Sussex County",2,24,2134,1088,1046
050,10,005,"Delaware","Sussex County",2,25,2222,1145,1077
050,10,005,"Delaware","Sussex County",2,26,2315,1192,1123
050,10,005,"Delaware","Sussex County",2,27,2351,1197,1154
050,10,005,"Delaware","Sussex County",2,28,2360,1190,1170
050,10,005,"Delaware","Sussex County",2,29,2415,1214,1201
050,10,005,"Delaware","Sussex County",2,30,2472,1246,1226
050,10,005,"Delaware","Sussex County",2,31,2321,1135,1186
050,10,005,"Delaware","Sussex County",2,32,2267,1089,1178
050,10,005,"Delaware","Sussex County",2,33,2327,1129,1198
050,10,005,"Delaware","Sussex County",2,34,2348,1138,1210
050,10,005,"Delaware","Sussex County",2,35,2430,1227,1203
050,10,005,"Delaware","Sussex County",2,36,2396,1230,1166
050,10,005,"Delaware","Sussex County",2,37,2400,1205,1195
050,10,005,"Delaware","Sussex County",2,38,2371,1156,1215
050,10,005,"Delaware","Sussex County",2,39,2290,1119,1171
050,10,005,"Delaware","Sussex County",2,40,2311,1159,1152
050,10,005,"Delaware","Sussex County",2,41,2252,1137,1115
050,10,005,"Delaware","Sussex County",2,42,2238,1113,1125
050,10,005,"Delaware","Sussex County",2,43,2205,1079,1126
050,10,005,"Delaware","Sussex County",2,44,2106,1014,1092
050,10,005,"Delaware","Sussex County",2,45,2174,1044,1130
050,10,005,"Delaware","Sussex County",2,46,2157,1043,1114
050,10,005,"Delaware","Sussex County",2,47,2305,1160,1145
050,10,005,"Delaware","Sussex County",2,48,2446,1219,1227
050,10,005,"Delaware","Sussex County",2,49,2658,1289,1369
050,10,005,"Delaware","Sussex County",2,50,2643,1282,1361
050,10,005,"Delaware","Sussex County",2,51,2568,1256,1312
050,10,005,"Delaware","Sussex County",2,52,2647,1306,1341
050,10,005,"Delaware","Sussex County",2,53,2846,1374,1472
050,10,005,"Delaware","Sussex County",2,54,2999,1456,1543
050,10,005,"Delaware","Sussex County",2,55,3255,1548,1707
050,10,005,"Delaware","Sussex County",2,56,3454,1638,1816
050,10,005,"Delaware","Sussex County",2,57,3588,1681,1907
050,10,005,"Delaware","Sussex County",2,58,3688,1691,1997
050,10,005,"Delaware","Sussex County",2,59,3853,1753,2100
050,10,005,"Delaware","Sussex County",2,60,3927,1827,2100
050,10,005,"Delaware","Sussex County",2,61,4104,1899,2205
050,10,005,"Delaware","Sussex County",2,62,4356,1994,2362
050,10,005,"Delaware","Sussex County",2,63,4480,2011,2469
050,10,005,"Delaware","Sussex County",2,64,4527,2043,2484
050,10,005,"Delaware","Sussex County",2,65,4663,2125,2538
050,10,005,"Delaware","Sussex County",2,66,4783,2236,2547
050,10,005,"Delaware","Sussex County",2,67,4750,2230,2520
050,10,005,"Delaware","Sussex County",2,68,4657,2170,2487
050,10,005,"Delaware","Sussex County",2,69,4469,2112,2357
050,10,005,"Delaware","Sussex County",2,70,4285,2052,2233
050,10,005,"Delaware","Sussex County",2,71,4201,1997,2204
050,10,005,"Delaware","Sussex County",2,72,4204,2010,2194
050,10,005,"Delaware","Sussex County",2,73,4474,2166,2308
050,10,005,"Delaware","Sussex County",2,74,3019,1462,1557
050,10,005,"Delaware","Sussex County",2,75,2848,1409,1439
050,10,005,"Delaware","Sussex County",2,76,2766,1346,1420
050,10,005,"Delaware","Sussex County",2,77,2800,1363,1437
050,10,005,"Delaware","Sussex County",2,78,2255,1099,1156
050,10,005,"Delaware","Sussex County",2,79,1930,934,996
050,10,005,"Delaware","Sussex County",2,80,1708,811,897
050,10,005,"Delaware","Sussex County",2,81,1552,738,814
050,10,005,"Delaware","Sussex County",2,82,1422,681,741
050,10,005,"Delaware","Sussex County",2,83,1219,565,654
050,10,005,"Delaware","Sussex County",2,84,1056,505,551
050,10,005,"Delaware","Sussex County",2,85,5347,2069,3278
050,10,005,"Delaware","Sussex County",3,0,2154,1115,1039
050,10,005,"Delaware","Sussex County",3,1,2393,1231,1162
050,10,005,"Delaware","Sussex County",3,2,2409,1207,1202
050,10,005,"Delaware","Sussex County",3,3,2441,1262,1179
050,10,005,"Delaware","Sussex County",3,4,2444,1260,1184
050,10,005,"Delaware","Sussex County",3,5,2530,1252,1278
050,10,005,"Delaware","Sussex County",3,6,2472,1215,1257
050,10,005,"Delaware","Sussex County",3,7,2504,1254,1250
050,10,005,"Delaware","Sussex County",3,8,2448,1241,1207
050,10,005,"Delaware","Sussex County",3,9,2475,1254,1221
050,10,005,"Delaware","Sussex County",3,10,2510,1310,1200
050,10,005,"Delaware","Sussex County",3,11,2612,1374,1238
050,10,005,"Delaware","Sussex County",3,12,2655,1394,1261
050,10,005,"Delaware","Sussex County",3,13,2725,1390,1335
050,10,005,"Delaware","Sussex County",3,14,2724,1383,1341
050,10,005,"Delaware","Sussex County",3,15,2701,1351,1350
050,10,005,"Delaware","Sussex County",3,16,2644,1336,1308
050,10,005,"Delaware","Sussex County",3,17,2564,1312,1252
050,10,005,"Delaware","Sussex County",3,18,2189,1141,1048
050,10,005,"Delaware","Sussex County",3,19,1931,1027,904
050,10,005,"Delaware","Sussex County",3,20,2053,1097,956
050,10,005,"Delaware","Sussex County",3,21,2101,1096,1005
050,10,005,"Delaware","Sussex County",3,22,2265,1168,1097
050,10,005,"Delaware","Sussex County",3,23,2220,1137,1083
050,10,005,"Delaware","Sussex County",3,24,2205,1143,1062
050,10,005,"Delaware","Sussex County",3,25,2228,1154,1074
050,10,005,"Delaware","Sussex County",3,26,2310,1183,1127
050,10,005,"Delaware","Sussex County",3,27,2367,1225,1142
050,10,005,"Delaware","Sussex County",3,28,2456,1244,1212
050,10,005,"Delaware","Sussex County",3,29,2450,1244,1206
050,10,005,"Delaware","Sussex County",3,30,2503,1264,1239
050,10,005,"Delaware","Sussex County",3,31,2557,1287,1270
050,10,005,"Delaware","Sussex County",3,32,2372,1167,1205
050,10,005,"Delaware","Sussex County",3,33,2362,1145,1217
050,10,005,"Delaware","Sussex County",3,34,2400,1154,1246
050,10,005,"Delaware","Sussex County",3,35,2453,1210,1243
050,10,005,"Delaware","Sussex County",3,36,2553,1294,1259
050,10,005,"Delaware","Sussex County",3,37,2436,1253,1183
050,10,005,"Delaware","Sussex County",3,38,2481,1252,1229
050,10,005,"Delaware","Sussex County",3,39,2440,1191,1249
050,10,005,"Delaware","Sussex County",3,40,2367,1162,1205
050,10,005,"Delaware","Sussex County",3,41,2411,1213,1198
050,10,005,"Delaware","Sussex County",3,42,2352,1187,1165
050,10,005,"Delaware","Sussex County",3,43,2340,1180,1160
050,10,005,"Delaware","Sussex County",3,44,2269,1110,1159
050,10,005,"Delaware","Sussex County",3,45,2161,1031,1130
050,10,005,"Delaware","Sussex County",3,46,2231,1088,1143
050,10,005,"Delaware","Sussex County",3,47,2251,1086,1165
050,10,005,"Delaware","Sussex County",3,48,2366,1190,1176
050,10,005,"Delaware","Sussex County",3,49,2559,1272,1287
050,10,005,"Delaware","Sussex County",3,50,2769,1361,1408
050,10,005,"Delaware","Sussex County",3,51,2770,1343,1427
050,10,005,"Delaware","Sussex County",3,52,2688,1310,1378
050,10,005,"Delaware","Sussex County",3,53,2792,1371,1421
050,10,005,"Delaware","Sussex County",3,54,2995,1448,1547
050,10,005,"Delaware","Sussex County",3,55,3188,1536,1652
050,10,005,"Delaware","Sussex County",3,56,3499,1648,1851
050,10,005,"Delaware","Sussex County",3,57,3761,1752,2009
050,10,005,"Delaware","Sussex County",3,58,3875,1824,2051
050,10,005,"Delaware","Sussex County",3,59,4028,1823,2205
050,10,005,"Delaware","Sussex County",3,60,4272,1918,2354
050,10,005,"Delaware","Sussex County",3,61,4314,2012,2302
050,10,005,"Delaware","Sussex County",3,62,4494,2060,2434
050,10,005,"Delaware","Sussex County",3,63,4820,2183,2637
050,10,005,"Delaware","Sussex County",3,64,4952,2247,2705
050,10,005,"Delaware","Sussex County",3,65,4902,2230,2672
050,10,005,"Delaware","Sussex County",3,66,4947,2259,2688
050,10,005,"Delaware","Sussex County",3,67,5029,2357,2672
050,10,005,"Delaware","Sussex County",3,68,4925,2313,2612
050,10,005,"Delaware","Sussex County",3,69,4855,2273,2582
050,10,005,"Delaware","Sussex County",3,70,4532,2138,2394
050,10,005,"Delaware","Sussex County",3,71,4336,2090,2246
050,10,005,"Delaware","Sussex County",3,72,4231,2015,2216
050,10,005,"Delaware","Sussex County",3,73,4203,2020,2183
050,10,005,"Delaware","Sussex County",3,74,4470,2164,2306
050,10,005,"Delaware","Sussex County",3,75,2943,1425,1518
050,10,005,"Delaware","Sussex County",3,76,2783,1365,1418
050,10,005,"Delaware","Sussex County",3,77,2695,1325,1370
050,10,005,"Delaware","Sussex County",3,78,2698,1287,1411
050,10,005,"Delaware","Sussex County",3,79,2160,1054,1106
050,10,005,"Delaware","Sussex County",3,80,1864,899,965
050,10,005,"Delaware","Sussex County",3,81,1583,742,841
050,10,005,"Delaware","Sussex County",3,82,1423,666,757
050,10,005,"Delaware","Sussex County",3,83,1348,628,720
050,10,005,"Delaware","Sussex County",3,84,1105,521,584
050,10,005,"Delaware","Sussex County",3,85,5516,2149,3367
050,10,005,"Delaware","Sussex County",4,0,2507,1287,1220
050,10,005,"Delaware","Sussex County",4,1,2191,1142,1049
050,10,005,"Delaware","Sussex County",4,2,2408,1263,1145
050,10,005,"Delaware","Sussex County",4,3,2443,1225,1218
050,10,005,"Delaware","Sussex County",4,4,2490,1279,1211
050,10,005,"Delaware","Sussex County",4,5,2478,1282,1196
050,10,005,"Delaware","Sussex County",4,6,2581,1274,1307
050,10,005,"Delaware","Sussex County",4,7,2541,1252,1289
050,10,005,"Delaware","Sussex County",4,8,2554,1282,1272
050,10,005,"Delaware","Sussex County",4,9,2500,1258,1242
050,10,005,"Delaware","Sussex County",4,10,2530,1275,1255
050,10,005,"Delaware","Sussex County",4,11,2552,1318,1234
050,10,005,"Delaware","Sussex County",4,12,2674,1407,1267
050,10,005,"Delaware","Sussex County",4,13,2702,1444,1258
050,10,005,"Delaware","Sussex County",4,14,2812,1433,1379
050,10,005,"Delaware","Sussex County",4,15,2771,1411,1360
050,10,005,"Delaware","Sussex County",4,16,2742,1365,1377
050,10,005,"Delaware","Sussex County",4,17,2698,1341,1357
050,10,005,"Delaware","Sussex County",4,18,2250,1200,1050
050,10,005,"Delaware","Sussex County",4,19,1891,999,892
050,10,005,"Delaware","Sussex County",4,20,2088,1083,1005
050,10,005,"Delaware","Sussex County",4,21,2217,1150,1067
050,10,005,"Delaware","Sussex County",4,22,2278,1208,1070
050,10,005,"Delaware","Sussex County",4,23,2401,1225,1176
050,10,005,"Delaware","Sussex County",4,24,2280,1163,1117
050,10,005,"Delaware","Sussex County",4,25,2310,1168,1142
050,10,005,"Delaware","Sussex County",4,26,2227,1157,1070
050,10,005,"Delaware","Sussex County",4,27,2361,1210,1151
050,10,005,"Delaware","Sussex County",4,28,2398,1223,1175
050,10,005,"Delaware","Sussex County",4,29,2479,1265,1214
050,10,005,"Delaware","Sussex County",4,30,2508,1244,1264
050,10,005,"Delaware","Sussex County",4,31,2564,1290,1274
050,10,005,"Delaware","Sussex County",4,32,2627,1332,1295
050,10,005,"Delaware","Sussex County",4,33,2468,1242,1226
050,10,005,"Delaware","Sussex County",4,34,2420,1183,1237
050,10,005,"Delaware","Sussex County",4,35,2490,1212,1278
050,10,005,"Delaware","Sussex County",4,36,2530,1233,1297
050,10,005,"Delaware","Sussex County",4,37,2607,1307,1300
050,10,005,"Delaware","Sussex County",4,38,2527,1294,1233
050,10,005,"Delaware","Sussex County",4,39,2562,1294,1268
050,10,005,"Delaware","Sussex County",4,40,2460,1206,1254
050,10,005,"Delaware","Sussex County",4,41,2424,1177,1247
050,10,005,"Delaware","Sussex County",4,42,2435,1217,1218
050,10,005,"Delaware","Sussex County",4,43,2410,1210,1200
050,10,005,"Delaware","Sussex County",4,44,2403,1217,1186
050,10,005,"Delaware","Sussex County",4,45,2327,1134,1193
050,10,005,"Delaware","Sussex County",4,46,2145,1018,1127
050,10,005,"Delaware","Sussex County",4,47,2329,1132,1197
050,10,005,"Delaware","Sussex County",4,48,2284,1087,1197
050,10,005,"Delaware","Sussex County",4,49,2445,1218,1227
050,10,005,"Delaware","Sussex County",4,50,2659,1320,1339
050,10,005,"Delaware","Sussex County",4,51,2858,1405,1453
050,10,005,"Delaware","Sussex County",4,52,2858,1399,1459
050,10,005,"Delaware","Sussex County",4,53,2816,1359,1457
050,10,005,"Delaware","Sussex County",4,54,2926,1415,1511
050,10,005,"Delaware","Sussex County",4,55,3174,1503,1671
050,10,005,"Delaware","Sussex County",4,56,3437,1646,1791
050,10,005,"Delaware","Sussex County",4,57,3771,1775,1996
050,10,005,"Delaware","Sussex County",4,58,4049,1887,2162
050,10,005,"Delaware","Sussex County",4,59,4187,1982,2205
050,10,005,"Delaware","Sussex County",4,60,4386,1970,2416
050,10,005,"Delaware","Sussex County",4,61,4698,2084,2614
050,10,005,"Delaware","Sussex County",4,62,4716,2177,2539
050,10,005,"Delaware","Sussex County",4,63,4973,2287,2686
050,10,005,"Delaware","Sussex County",4,64,5263,2382,2881
050,10,005,"Delaware","Sussex County",4,65,5345,2421,2924
050,10,005,"Delaware","Sussex County",4,66,5237,2392,2845
050,10,005,"Delaware","Sussex County",4,67,5310,2452,2858
050,10,005,"Delaware","Sussex County",4,68,5260,2461,2799
050,10,005,"Delaware","Sussex County",4,69,5129,2403,2726
050,10,005,"Delaware","Sussex County",4,70,4967,2320,2647
050,10,005,"Delaware","Sussex County",4,71,4635,2197,2438
050,10,005,"Delaware","Sussex County",4,72,4358,2077,2281
050,10,005,"Delaware","Sussex County",4,73,4232,2009,2223
050,10,005,"Delaware","Sussex County",4,74,4172,2016,2156
050,10,005,"Delaware","Sussex County",4,75,4392,2128,2264
050,10,005,"Delaware","Sussex County",4,76,2879,1394,1485
050,10,005,"Delaware","Sussex County",4,77,2722,1342,1380
050,10,005,"Delaware","Sussex County",4,78,2603,1266,1337
050,10,005,"Delaware","Sussex County",4,79,2580,1228,1352
050,10,005,"Delaware","Sussex County",4,80,2078,1024,1054
050,10,005,"Delaware","Sussex County",4,81,1752,834,918
050,10,005,"Delaware","Sussex County",4,82,1477,681,796
050,10,005,"Delaware","Sussex County",4,83,1331,606,725
050,10,005,"Delaware","Sussex County",4,84,1222,586,636
050,10,005,"Delaware","Sussex County",4,85,5676,2187,3489
050,10,005,"Delaware","Sussex County",5,0,2518,1289,1229
050,10,005,"Delaware","Sussex County",5,1,2531,1283,1248
050,10,005,"Delaware","Sussex County",5,2,2249,1166,1083
050,10,005,"Delaware","Sussex County",5,3,2476,1282,1194
050,10,005,"Delaware","Sussex County",5,4,2477,1238,1239
050,10,005,"Delaware","Sussex County",5,5,2533,1314,1219
050,10,005,"Delaware","Sussex County",5,6,2458,1273,1185
050,10,005,"Delaware","Sussex County",5,7,2647,1306,1341
050,10,005,"Delaware","Sussex County",5,8,2590,1283,1307
050,10,005,"Delaware","Sussex County",5,9,2584,1310,1274
050,10,005,"Delaware","Sussex County",5,10,2555,1275,1280
050,10,005,"Delaware","Sussex County",5,11,2557,1285,1272
050,10,005,"Delaware","Sussex County",5,12,2597,1337,1260
050,10,005,"Delaware","Sussex County",5,13,2742,1448,1294
050,10,005,"Delaware","Sussex County",5,14,2740,1458,1282
050,10,005,"Delaware","Sussex County",5,15,2846,1445,1401
050,10,005,"Delaware","Sussex County",5,16,2804,1413,1391
050,10,005,"Delaware","Sussex County",5,17,2785,1379,1406
050,10,005,"Delaware","Sussex County",5,18,2347,1189,1158
050,10,005,"Delaware","Sussex County",5,19,1972,1058,914
050,10,005,"Delaware","Sussex County",5,20,2093,1096,997
050,10,005,"Delaware","Sussex County",5,21,2299,1190,1109
050,10,005,"Delaware","Sussex County",5,22,2435,1265,1170
050,10,005,"Delaware","Sussex County",5,23,2373,1222,1151
050,10,005,"Delaware","Sussex County",5,24,2451,1254,1197
050,10,005,"Delaware","Sussex County",5,25,2332,1190,1142
050,10,005,"Delaware","Sussex County",5,26,2323,1148,1175
050,10,005,"Delaware","Sussex County",5,27,2278,1190,1088
050,10,005,"Delaware","Sussex County",5,28,2402,1225,1177
050,10,005,"Delaware","Sussex County",5,29,2456,1234,1222
050,10,005,"Delaware","Sussex County",5,30,2542,1289,1253
050,10,005,"Delaware","Sussex County",5,31,2592,1296,1296
050,10,005,"Delaware","Sussex County",5,32,2621,1311,1310
050,10,005,"Delaware","Sussex County",5,33,2721,1379,1342
050,10,005,"Delaware","Sussex County",5,34,2486,1241,1245
050,10,005,"Delaware","Sussex County",5,35,2464,1212,1252
050,10,005,"Delaware","Sussex County",5,36,2534,1230,1304
050,10,005,"Delaware","Sussex County",5,37,2584,1249,1335
050,10,005,"Delaware","Sussex County",5,38,2644,1312,1332
050,10,005,"Delaware","Sussex County",5,39,2579,1327,1252
050,10,005,"Delaware","Sussex County",5,40,2584,1306,1278
050,10,005,"Delaware","Sussex County",5,41,2515,1223,1292
050,10,005,"Delaware","Sussex County",5,42,2477,1201,1276
050,10,005,"Delaware","Sussex County",5,43,2450,1225,1225
050,10,005,"Delaware","Sussex County",5,44,2450,1219,1231
050,10,005,"Delaware","Sussex County",5,45,2454,1248,1206
050,10,005,"Delaware","Sussex County",5,46,2347,1149,1198
050,10,005,"Delaware","Sussex County",5,47,2198,1043,1155
050,10,005,"Delaware","Sussex County",5,48,2366,1145,1221
050,10,005,"Delaware","Sussex County",5,49,2332,1099,1233
050,10,005,"Delaware","Sussex County",5,50,2468,1225,1243
050,10,005,"Delaware","Sussex County",5,51,2737,1354,1383
050,10,005,"Delaware","Sussex County",5,52,2941,1448,1493
050,10,005,"Delaware","Sussex County",5,53,2971,1442,1529
050,10,005,"Delaware","Sussex County",5,54,2924,1380,1544
050,10,005,"Delaware","Sussex County",5,55,3076,1491,1585
050,10,005,"Delaware","Sussex County",5,56,3327,1547,1780
050,10,005,"Delaware","Sussex County",5,57,3635,1718,1917
050,10,005,"Delaware","Sussex County",5,58,4029,1897,2132
050,10,005,"Delaware","Sussex County",5,59,4271,1964,2307
050,10,005,"Delaware","Sussex County",5,60,4453,2092,2361
050,10,005,"Delaware","Sussex County",5,61,4741,2113,2628
050,10,005,"Delaware","Sussex County",5,62,4993,2218,2775
050,10,005,"Delaware","Sussex County",5,63,5117,2378,2739
050,10,005,"Delaware","Sussex County",5,64,5344,2447,2897
050,10,005,"Delaware","Sussex County",5,65,5633,2581,3052
050,10,005,"Delaware","Sussex County",5,66,5609,2547,3062
050,10,005,"Delaware","Sussex County",5,67,5479,2504,2975
050,10,005,"Delaware","Sussex County",5,68,5439,2525,2914
050,10,005,"Delaware","Sussex County",5,69,5409,2543,2866
050,10,005,"Delaware","Sussex County",5,70,5214,2431,2783
050,10,005,"Delaware","Sussex County",5,71,5028,2362,2666
050,10,005,"Delaware","Sussex County",5,72,4673,2193,2480
050,10,005,"Delaware","Sussex County",5,73,4361,2093,2268
050,10,005,"Delaware","Sussex County",5,74,4219,2018,2201
050,10,005,"Delaware","Sussex County",5,75,4119,1996,2123
050,10,005,"Delaware","Sussex County",5,76,4309,2062,2247
050,10,005,"Delaware","Sussex County",5,77,2814,1361,1453
050,10,005,"Delaware","Sussex County",5,78,2623,1281,1342
050,10,005,"Delaware","Sussex County",5,79,2490,1205,1285
050,10,005,"Delaware","Sussex County",5,80,2490,1188,1302
050,10,005,"Delaware","Sussex County",5,81,1962,968,994
050,10,005,"Delaware","Sussex County",5,82,1621,764,857
050,10,005,"Delaware","Sussex County",5,83,1385,617,768
050,10,005,"Delaware","Sussex County",5,84,1237,575,662
050,10,005,"Delaware","Sussex County",5,85,5978,2331,3647

