"SUMLEV","STATE","COUNTY","STNAME","CTYNAME","YEAR","AGE","TOT_POP","TOT_MALE","TOT_FEMALE"
050,49,001,"Utah","Beaver County",1,0,106,55,51
050,49,001,"Utah","Beaver County",1,1,108,57,51
050,49,001,"Utah","Beaver County",1,2,93,44,49
050,49,001,"Utah","Beaver County",1,3,106,55,51
050,49,001,"Utah","Beaver County",1,4,109,49,60
050,49,001,"Utah","Beaver County",1,5,121,61,60
050,49,001,"Utah","Beaver County",1,6,113,61,52
050,49,001,"Utah","Beaver County",1,7,117,62,55
050,49,001,"Utah","Beaver County",1,8,110,62,48
050,49,001,"Utah","Beaver County",1,9,122,68,54
050,49,001,"Utah","Beaver County",1,10,125,68,57
050,49,001,"Utah","Beaver County",1,11,142,66,76
050,49,001,"Utah","Beaver County",1,12,148,72,76
050,49,001,"Utah","Beaver County",1,13,115,55,60
050,49,001,"Utah","Beaver County",1,14,130,74,56
050,49,001,"Utah","Beaver County",1,15,143,83,60
050,49,001,"Utah","Beaver County",1,16,144,69,75
050,49,001,"Utah","Beaver County",1,17,119,60,59
050,49,001,"Utah","Beaver County",1,18,110,55,55
050,49,001,"Utah","Beaver County",1,19,89,55,34
050,49,001,"Utah","Beaver County",1,20,99,55,44
050,49,001,"Utah","Beaver County",1,21,96,49,47
050,49,001,"Utah","Beaver County",1,22,95,53,42
050,49,001,"Utah","Beaver County",1,23,89,52,37
050,49,001,"Utah","Beaver County",1,24,96,48,48
050,49,001,"Utah","Beaver County",1,25,81,50,31
050,49,001,"Utah","Beaver County",1,26,77,47,30
050,49,001,"Utah","Beaver County",1,27,85,42,43
050,49,001,"Utah","Beaver County",1,28,84,47,37
050,49,001,"Utah","Beaver County",1,29,86,51,35
050,49,001,"Utah","Beaver County",1,30,84,45,39
050,49,001,"Utah","Beaver County",1,31,76,46,30
050,49,001,"Utah","Beaver County",1,32,63,37,26
050,49,001,"Utah","Beaver County",1,33,72,41,31
050,49,001,"Utah","Beaver County",1,34,78,40,38
050,49,001,"Utah","Beaver County",1,35,105,56,49
050,49,001,"Utah","Beaver County",1,36,95,44,51
050,49,001,"Utah","Beaver County",1,37,90,46,44
050,49,001,"Utah","Beaver County",1,38,93,53,40
050,49,001,"Utah","Beaver County",1,39,100,48,52
050,49,001,"Utah","Beaver County",1,40,111,61,50
050,49,001,"Utah","Beaver County",1,41,102,53,49
050,49,001,"Utah","Beaver County",1,42,93,52,41
050,49,001,"Utah","Beaver County",1,43,90,50,40
050,49,001,"Utah","Beaver County",1,44,83,46,37
050,49,001,"Utah","Beaver County",1,45,84,43,41
050,49,001,"Utah","Beaver County",1,46,74,37,37
050,49,001,"Utah","Beaver County",1,47,67,34,33
050,49,001,"Utah","Beaver County",1,48,69,37,32
050,49,001,"Utah","Beaver County",1,49,74,39,35
050,49,001,"Utah","Beaver County",1,50,76,48,28
050,49,001,"Utah","Beaver County",1,51,71,39,32
050,49,001,"Utah","Beaver County",1,52,57,29,28
050,49,001,"Utah","Beaver County",1,53,55,32,23
050,49,001,"Utah","Beaver County",1,54,58,33,25
050,49,001,"Utah","Beaver County",1,55,74,44,30
050,49,001,"Utah","Beaver County",1,56,72,38,34
050,49,001,"Utah","Beaver County",1,57,79,46,33
050,49,001,"Utah","Beaver County",1,58,76,45,31
050,49,001,"Utah","Beaver County",1,59,93,50,43
050,49,001,"Utah","Beaver County",1,60,75,38,37
050,49,001,"Utah","Beaver County",1,61,78,42,36
050,49,001,"Utah","Beaver County",1,62,88,46,42
050,49,001,"Utah","Beaver County",1,63,92,44,48
050,49,001,"Utah","Beaver County",1,64,80,37,43
050,49,001,"Utah","Beaver County",1,65,74,38,36
050,49,001,"Utah","Beaver County",1,66,74,41,33
050,49,001,"Utah","Beaver County",1,67,66,36,30
050,49,001,"Utah","Beaver County",1,68,67,35,32
050,49,001,"Utah","Beaver County",1,69,67,36,31
050,49,001,"Utah","Beaver County",1,70,72,43,29
050,49,001,"Utah","Beaver County",1,71,58,32,26
050,49,001,"Utah","Beaver County",1,72,49,23,26
050,49,001,"Utah","Beaver County",1,73,48,18,30
050,49,001,"Utah","Beaver County",1,74,32,15,17
050,49,001,"Utah","Beaver County",1,75,41,17,24
050,49,001,"Utah","Beaver County",1,76,41,22,19
050,49,001,"Utah","Beaver County",1,77,41,21,20
050,49,001,"Utah","Beaver County",1,78,31,11,20
050,49,001,"Utah","Beaver County",1,79,32,13,19
050,49,001,"Utah","Beaver County",1,80,26,12,14
050,49,001,"Utah","Beaver County",1,81,28,15,13
050,49,001,"Utah","Beaver County",1,82,26,18,8
050,49,001,"Utah","Beaver County",1,83,22,12,10
050,49,001,"Utah","Beaver County",1,84,14,6,8
050,49,001,"Utah","Beaver County",1,85,75,38,37
050,49,001,"Utah","Beaver County",2,0,106,58,48
050,49,001,"Utah","Beaver County",2,1,109,57,52
050,49,001,"Utah","Beaver County",2,2,95,46,49
050,49,001,"Utah","Beaver County",2,3,102,52,50
050,49,001,"Utah","Beaver County",2,4,108,50,58
050,49,001,"Utah","Beaver County",2,5,116,58,58
050,49,001,"Utah","Beaver County",2,6,115,62,53
050,49,001,"Utah","Beaver County",2,7,115,61,54
050,49,001,"Utah","Beaver County",2,8,113,63,50
050,49,001,"Utah","Beaver County",2,9,119,66,53
050,49,001,"Utah","Beaver County",2,10,126,69,57
050,49,001,"Utah","Beaver County",2,11,137,66,71
050,49,001,"Utah","Beaver County",2,12,147,70,77
050,49,001,"Utah","Beaver County",2,13,122,59,63
050,49,001,"Utah","Beaver County",2,14,128,70,58
050,49,001,"Utah","Beaver County",2,15,138,79,59
050,49,001,"Utah","Beaver County",2,16,143,73,70
050,49,001,"Utah","Beaver County",2,17,126,63,63
050,49,001,"Utah","Beaver County",2,18,107,55,52
050,49,001,"Utah","Beaver County",2,19,89,53,36
050,49,001,"Utah","Beaver County",2,20,100,57,43
050,49,001,"Utah","Beaver County",2,21,98,51,47
050,49,001,"Utah","Beaver County",2,22,95,53,42
050,49,001,"Utah","Beaver County",2,23,91,52,39
050,49,001,"Utah","Beaver County",2,24,95,50,45
050,49,001,"Utah","Beaver County",2,25,84,49,35
050,49,001,"Utah","Beaver County",2,26,78,47,31
050,49,001,"Utah","Beaver County",2,27,83,43,40
050,49,001,"Utah","Beaver County",2,28,85,46,39
050,49,001,"Utah","Beaver County",2,29,87,51,36
050,49,001,"Utah","Beaver County",2,30,85,47,38
050,49,001,"Utah","Beaver County",2,31,79,46,33
050,49,001,"Utah","Beaver County",2,32,64,38,26
050,49,001,"Utah","Beaver County",2,33,71,41,30
050,49,001,"Utah","Beaver County",2,34,79,41,38
050,49,001,"Utah","Beaver County",2,35,100,51,49
050,49,001,"Utah","Beaver County",2,36,97,46,51
050,49,001,"Utah","Beaver County",2,37,90,45,45
050,49,001,"Utah","Beaver County",2,38,92,52,40
050,49,001,"Utah","Beaver County",2,39,95,48,47
050,49,001,"Utah","Beaver County",2,40,110,60,50
050,49,001,"Utah","Beaver County",2,41,103,54,49
050,49,001,"Utah","Beaver County",2,42,94,51,43
050,49,001,"Utah","Beaver County",2,43,92,52,40
050,49,001,"Utah","Beaver County",2,44,84,46,38
050,49,001,"Utah","Beaver County",2,45,86,45,41
050,49,001,"Utah","Beaver County",2,46,75,39,36
050,49,001,"Utah","Beaver County",2,47,69,34,35
050,49,001,"Utah","Beaver County",2,48,68,36,32
050,49,001,"Utah","Beaver County",2,49,73,39,34
050,49,001,"Utah","Beaver County",2,50,77,46,31
050,49,001,"Utah","Beaver County",2,51,71,40,31
050,49,001,"Utah","Beaver County",2,52,60,31,29
050,49,001,"Utah","Beaver County",2,53,55,30,25
050,49,001,"Utah","Beaver County",2,54,57,33,24
050,49,001,"Utah","Beaver County",2,55,70,41,29
050,49,001,"Utah","Beaver County",2,56,74,41,33
050,49,001,"Utah","Beaver County",2,57,77,44,33
050,49,001,"Utah","Beaver County",2,58,74,43,31
050,49,001,"Utah","Beaver County",2,59,91,49,42
050,49,001,"Utah","Beaver County",2,60,81,41,40
050,49,001,"Utah","Beaver County",2,61,78,41,37
050,49,001,"Utah","Beaver County",2,62,86,45,41
050,49,001,"Utah","Beaver County",2,63,91,45,46
050,49,001,"Utah","Beaver County",2,64,80,38,42
050,49,001,"Utah","Beaver County",2,65,76,38,38
050,49,001,"Utah","Beaver County",2,66,75,41,34
050,49,001,"Utah","Beaver County",2,67,68,38,30
050,49,001,"Utah","Beaver County",2,68,66,35,31
050,49,001,"Utah","Beaver County",2,69,67,36,31
050,49,001,"Utah","Beaver County",2,70,72,42,30
050,49,001,"Utah","Beaver County",2,71,62,35,27
050,49,001,"Utah","Beaver County",2,72,50,25,25
050,49,001,"Utah","Beaver County",2,73,51,21,30
050,49,001,"Utah","Beaver County",2,74,32,14,18
050,49,001,"Utah","Beaver County",2,75,38,17,21
050,49,001,"Utah","Beaver County",2,76,41,21,20
050,49,001,"Utah","Beaver County",2,77,42,21,21
050,49,001,"Utah","Beaver County",2,78,32,13,19
050,49,001,"Utah","Beaver County",2,79,32,13,19
050,49,001,"Utah","Beaver County",2,80,27,13,14
050,49,001,"Utah","Beaver County",2,81,27,14,13
050,49,001,"Utah","Beaver County",2,82,26,17,9
050,49,001,"Utah","Beaver County",2,83,22,13,9
050,49,001,"Utah","Beaver County",2,84,16,7,9
050,49,001,"Utah","Beaver County",2,85,76,40,36
050,49,001,"Utah","Beaver County",3,0,92,49,43
050,49,001,"Utah","Beaver County",3,1,106,60,46
050,49,001,"Utah","Beaver County",3,2,106,54,52
050,49,001,"Utah","Beaver County",3,3,94,48,46
050,49,001,"Utah","Beaver County",3,4,102,52,50
050,49,001,"Utah","Beaver County",3,5,110,51,59
050,49,001,"Utah","Beaver County",3,6,113,58,55
050,49,001,"Utah","Beaver County",3,7,114,58,56
050,49,001,"Utah","Beaver County",3,8,121,64,57
050,49,001,"Utah","Beaver County",3,9,116,66,50
050,49,001,"Utah","Beaver County",3,10,116,64,52
050,49,001,"Utah","Beaver County",3,11,130,70,60
050,49,001,"Utah","Beaver County",3,12,133,60,73
050,49,001,"Utah","Beaver County",3,13,155,72,83
050,49,001,"Utah","Beaver County",3,14,124,61,63
050,49,001,"Utah","Beaver County",3,15,142,77,65
050,49,001,"Utah","Beaver County",3,16,139,79,60
050,49,001,"Utah","Beaver County",3,17,150,79,71
050,49,001,"Utah","Beaver County",3,18,115,58,57
050,49,001,"Utah","Beaver County",3,19,89,47,42
050,49,001,"Utah","Beaver County",3,20,97,58,39
050,49,001,"Utah","Beaver County",3,21,116,67,49
050,49,001,"Utah","Beaver County",3,22,106,53,53
050,49,001,"Utah","Beaver County",3,23,98,55,43
050,49,001,"Utah","Beaver County",3,24,94,56,38
050,49,001,"Utah","Beaver County",3,25,100,54,46
050,49,001,"Utah","Beaver County",3,26,89,51,38
050,49,001,"Utah","Beaver County",3,27,80,44,36
050,49,001,"Utah","Beaver County",3,28,80,41,39
050,49,001,"Utah","Beaver County",3,29,88,46,42
050,49,001,"Utah","Beaver County",3,30,83,49,34
050,49,001,"Utah","Beaver County",3,31,86,45,41
050,49,001,"Utah","Beaver County",3,32,80,46,34
050,49,001,"Utah","Beaver County",3,33,64,38,26
050,49,001,"Utah","Beaver County",3,34,65,37,28
050,49,001,"Utah","Beaver County",3,35,81,44,37
050,49,001,"Utah","Beaver County",3,36,106,55,51
050,49,001,"Utah","Beaver County",3,37,99,50,49
050,49,001,"Utah","Beaver County",3,38,89,47,42
050,49,001,"Utah","Beaver County",3,39,95,54,41
050,49,001,"Utah","Beaver County",3,40,97,50,47
050,49,001,"Utah","Beaver County",3,41,111,61,50
050,49,001,"Utah","Beaver County",3,42,113,60,53
050,49,001,"Utah","Beaver County",3,43,91,51,40
050,49,001,"Utah","Beaver County",3,44,91,51,40
050,49,001,"Utah","Beaver County",3,45,85,47,38
050,49,001,"Utah","Beaver County",3,46,89,49,40
050,49,001,"Utah","Beaver County",3,47,76,39,37
050,49,001,"Utah","Beaver County",3,48,67,35,32
050,49,001,"Utah","Beaver County",3,49,70,35,35
050,49,001,"Utah","Beaver County",3,50,75,41,34
050,49,001,"Utah","Beaver County",3,51,79,47,32
050,49,001,"Utah","Beaver County",3,52,70,40,30
050,49,001,"Utah","Beaver County",3,53,58,29,29
050,49,001,"Utah","Beaver County",3,54,54,30,24
050,49,001,"Utah","Beaver County",3,55,57,34,23
050,49,001,"Utah","Beaver County",3,56,71,41,30
050,49,001,"Utah","Beaver County",3,57,78,44,34
050,49,001,"Utah","Beaver County",3,58,70,42,28
050,49,001,"Utah","Beaver County",3,59,78,44,34
050,49,001,"Utah","Beaver County",3,60,91,48,43
050,49,001,"Utah","Beaver County",3,61,79,40,39
050,49,001,"Utah","Beaver County",3,62,81,44,37
050,49,001,"Utah","Beaver County",3,63,88,47,41
050,49,001,"Utah","Beaver County",3,64,91,44,47
050,49,001,"Utah","Beaver County",3,65,83,39,44
050,49,001,"Utah","Beaver County",3,66,78,37,41
050,49,001,"Utah","Beaver County",3,67,77,43,34
050,49,001,"Utah","Beaver County",3,68,73,42,31
050,49,001,"Utah","Beaver County",3,69,63,32,31
050,49,001,"Utah","Beaver County",3,70,67,36,31
050,49,001,"Utah","Beaver County",3,71,72,43,29
050,49,001,"Utah","Beaver County",3,72,62,36,26
050,49,001,"Utah","Beaver County",3,73,52,27,25
050,49,001,"Utah","Beaver County",3,74,53,23,30
050,49,001,"Utah","Beaver County",3,75,30,12,18
050,49,001,"Utah","Beaver County",3,76,34,15,19
050,49,001,"Utah","Beaver County",3,77,36,18,18
050,49,001,"Utah","Beaver County",3,78,40,20,20
050,49,001,"Utah","Beaver County",3,79,33,14,19
050,49,001,"Utah","Beaver County",3,80,29,11,18
050,49,001,"Utah","Beaver County",3,81,23,11,12
050,49,001,"Utah","Beaver County",3,82,25,13,12
050,49,001,"Utah","Beaver County",3,83,20,16,4
050,49,001,"Utah","Beaver County",3,84,19,11,8
050,49,001,"Utah","Beaver County",3,85,71,33,38
050,49,001,"Utah","Beaver County",4,0,102,58,44
050,49,001,"Utah","Beaver County",4,1,91,49,42
050,49,001,"Utah","Beaver County",4,2,102,54,48
050,49,001,"Utah","Beaver County",4,3,110,55,55
050,49,001,"Utah","Beaver County",4,4,99,51,48
050,49,001,"Utah","Beaver County",4,5,107,54,53
050,49,001,"Utah","Beaver County",4,6,122,60,62
050,49,001,"Utah","Beaver County",4,7,112,60,52
050,49,001,"Utah","Beaver County",4,8,121,63,58
050,49,001,"Utah","Beaver County",4,9,116,64,52
050,49,001,"Utah","Beaver County",4,10,123,66,57
050,49,001,"Utah","Beaver County",4,11,119,67,52
050,49,001,"Utah","Beaver County",4,12,134,68,66
050,49,001,"Utah","Beaver County",4,13,138,64,74
050,49,001,"Utah","Beaver County",4,14,151,72,79
050,49,001,"Utah","Beaver County",4,15,120,60,60
050,49,001,"Utah","Beaver County",4,16,135,75,60
050,49,001,"Utah","Beaver County",4,17,135,80,55
050,49,001,"Utah","Beaver County",4,18,128,68,60
050,49,001,"Utah","Beaver County",4,19,92,48,44
050,49,001,"Utah","Beaver County",4,20,87,46,41
050,49,001,"Utah","Beaver County",4,21,97,57,40
050,49,001,"Utah","Beaver County",4,22,110,66,44
050,49,001,"Utah","Beaver County",4,23,103,47,56
050,49,001,"Utah","Beaver County",4,24,102,59,43
050,49,001,"Utah","Beaver County",4,25,96,55,41
050,49,001,"Utah","Beaver County",4,26,99,56,43
050,49,001,"Utah","Beaver County",4,27,98,58,40
050,49,001,"Utah","Beaver County",4,28,85,46,39
050,49,001,"Utah","Beaver County",4,29,86,45,41
050,49,001,"Utah","Beaver County",4,30,91,48,43
050,49,001,"Utah","Beaver County",4,31,86,48,38
050,49,001,"Utah","Beaver County",4,32,89,49,40
050,49,001,"Utah","Beaver County",4,33,91,49,42
050,49,001,"Utah","Beaver County",4,34,64,42,22
050,49,001,"Utah","Beaver County",4,35,66,40,26
050,49,001,"Utah","Beaver County",4,36,78,38,40
050,49,001,"Utah","Beaver County",4,37,101,51,50
050,49,001,"Utah","Beaver County",4,38,97,51,46
050,49,001,"Utah","Beaver County",4,39,88,46,42
050,49,001,"Utah","Beaver County",4,40,94,54,40
050,49,001,"Utah","Beaver County",4,41,97,49,48
050,49,001,"Utah","Beaver County",4,42,116,63,53
050,49,001,"Utah","Beaver County",4,43,110,59,51
050,49,001,"Utah","Beaver County",4,44,93,54,39
050,49,001,"Utah","Beaver County",4,45,91,53,38
050,49,001,"Utah","Beaver County",4,46,90,50,40
050,49,001,"Utah","Beaver County",4,47,89,49,40
050,49,001,"Utah","Beaver County",4,48,77,38,39
050,49,001,"Utah","Beaver County",4,49,70,37,33
050,49,001,"Utah","Beaver County",4,50,69,34,35
050,49,001,"Utah","Beaver County",4,51,77,43,34
050,49,001,"Utah","Beaver County",4,52,80,50,30
050,49,001,"Utah","Beaver County",4,53,69,36,33
050,49,001,"Utah","Beaver County",4,54,57,28,29
050,49,001,"Utah","Beaver County",4,55,56,32,24
050,49,001,"Utah","Beaver County",4,56,59,37,22
050,49,001,"Utah","Beaver County",4,57,73,40,33
050,49,001,"Utah","Beaver County",4,58,69,38,31
050,49,001,"Utah","Beaver County",4,59,77,46,31
050,49,001,"Utah","Beaver County",4,60,85,49,36
050,49,001,"Utah","Beaver County",4,61,94,48,46
050,49,001,"Utah","Beaver County",4,62,78,38,40
050,49,001,"Utah","Beaver County",4,63,81,43,38
050,49,001,"Utah","Beaver County",4,64,90,47,43
050,49,001,"Utah","Beaver County",4,65,91,46,45
050,49,001,"Utah","Beaver County",4,66,84,37,47
050,49,001,"Utah","Beaver County",4,67,74,33,41
050,49,001,"Utah","Beaver County",4,68,79,41,38
050,49,001,"Utah","Beaver County",4,69,72,41,31
050,49,001,"Utah","Beaver County",4,70,67,34,33
050,49,001,"Utah","Beaver County",4,71,68,38,30
050,49,001,"Utah","Beaver County",4,72,69,41,28
050,49,001,"Utah","Beaver County",4,73,63,35,28
050,49,001,"Utah","Beaver County",4,74,52,28,24
050,49,001,"Utah","Beaver County",4,75,53,22,31
050,49,001,"Utah","Beaver County",4,76,28,12,16
050,49,001,"Utah","Beaver County",4,77,33,14,19
050,49,001,"Utah","Beaver County",4,78,36,19,17
050,49,001,"Utah","Beaver County",4,79,36,19,17
050,49,001,"Utah","Beaver County",4,80,33,15,18
050,49,001,"Utah","Beaver County",4,81,27,10,17
050,49,001,"Utah","Beaver County",4,82,24,10,14
050,49,001,"Utah","Beaver County",4,83,23,12,11
050,49,001,"Utah","Beaver County",4,84,18,14,4
050,49,001,"Utah","Beaver County",4,85,75,34,41
050,49,001,"Utah","Beaver County",5,0,105,61,44
050,49,001,"Utah","Beaver County",5,1,103,57,46
050,49,001,"Utah","Beaver County",5,2,96,53,43
050,49,001,"Utah","Beaver County",5,3,101,54,47
050,49,001,"Utah","Beaver County",5,4,112,57,55
050,49,001,"Utah","Beaver County",5,5,95,49,46
050,49,001,"Utah","Beaver County",5,6,106,56,50
050,49,001,"Utah","Beaver County",5,7,116,55,61
050,49,001,"Utah","Beaver County",5,8,107,56,51
050,49,001,"Utah","Beaver County",5,9,118,62,56
050,49,001,"Utah","Beaver County",5,10,125,65,60
050,49,001,"Utah","Beaver County",5,11,119,63,56
050,49,001,"Utah","Beaver County",5,12,121,65,56
050,49,001,"Utah","Beaver County",5,13,129,64,65
050,49,001,"Utah","Beaver County",5,14,135,64,71
050,49,001,"Utah","Beaver County",5,15,151,73,78
050,49,001,"Utah","Beaver County",5,16,115,58,57
050,49,001,"Utah","Beaver County",5,17,133,75,58
050,49,001,"Utah","Beaver County",5,18,118,71,47
050,49,001,"Utah","Beaver County",5,19,105,58,47
050,49,001,"Utah","Beaver County",5,20,102,54,48
050,49,001,"Utah","Beaver County",5,21,96,50,46
050,49,001,"Utah","Beaver County",5,22,98,57,41
050,49,001,"Utah","Beaver County",5,23,121,70,51
050,49,001,"Utah","Beaver County",5,24,108,50,58
050,49,001,"Utah","Beaver County",5,25,96,54,42
050,49,001,"Utah","Beaver County",5,26,101,60,41
050,49,001,"Utah","Beaver County",5,27,104,58,46
050,49,001,"Utah","Beaver County",5,28,92,53,39
050,49,001,"Utah","Beaver County",5,29,85,48,37
050,49,001,"Utah","Beaver County",5,30,78,41,37
050,49,001,"Utah","Beaver County",5,31,86,44,42
050,49,001,"Utah","Beaver County",5,32,78,45,33
050,49,001,"Utah","Beaver County",5,33,87,45,42
050,49,001,"Utah","Beaver County",5,34,72,42,30
050,49,001,"Utah","Beaver County",5,35,61,40,21
050,49,001,"Utah","Beaver County",5,36,63,35,28
050,49,001,"Utah","Beaver County",5,37,75,37,38
050,49,001,"Utah","Beaver County",5,38,103,52,51
050,49,001,"Utah","Beaver County",5,39,94,47,47
050,49,001,"Utah","Beaver County",5,40,89,48,41
050,49,001,"Utah","Beaver County",5,41,85,48,37
050,49,001,"Utah","Beaver County",5,42,86,39,47
050,49,001,"Utah","Beaver County",5,43,111,58,53
050,49,001,"Utah","Beaver County",5,44,101,54,47
050,49,001,"Utah","Beaver County",5,45,95,54,41
050,49,001,"Utah","Beaver County",5,46,85,48,37
050,49,001,"Utah","Beaver County",5,47,87,50,37
050,49,001,"Utah","Beaver County",5,48,87,47,40
050,49,001,"Utah","Beaver County",5,49,75,39,36
050,49,001,"Utah","Beaver County",5,50,72,40,32
050,49,001,"Utah","Beaver County",5,51,66,30,36
050,49,001,"Utah","Beaver County",5,52,75,42,33
050,49,001,"Utah","Beaver County",5,53,80,49,31
050,49,001,"Utah","Beaver County",5,54,67,35,32
050,49,001,"Utah","Beaver County",5,55,56,27,29
050,49,001,"Utah","Beaver County",5,56,54,30,24
050,49,001,"Utah","Beaver County",5,57,60,37,23
050,49,001,"Utah","Beaver County",5,58,68,35,33
050,49,001,"Utah","Beaver County",5,59,69,40,29
050,49,001,"Utah","Beaver County",5,60,78,46,32
050,49,001,"Utah","Beaver County",5,61,82,46,36
050,49,001,"Utah","Beaver County",5,62,87,44,43
050,49,001,"Utah","Beaver County",5,63,76,39,37
050,49,001,"Utah","Beaver County",5,64,83,46,37
050,49,001,"Utah","Beaver County",5,65,87,45,42
050,49,001,"Utah","Beaver County",5,66,89,43,46
050,49,001,"Utah","Beaver County",5,67,84,37,47
050,49,001,"Utah","Beaver County",5,68,77,33,44
050,49,001,"Utah","Beaver County",5,69,76,40,36
050,49,001,"Utah","Beaver County",5,70,75,42,33
050,49,001,"Utah","Beaver County",5,71,66,34,32
050,49,001,"Utah","Beaver County",5,72,65,38,27
050,49,001,"Utah","Beaver County",5,73,68,41,27
050,49,001,"Utah","Beaver County",5,74,59,34,25
050,49,001,"Utah","Beaver County",5,75,51,26,25
050,49,001,"Utah","Beaver County",5,76,50,22,28
050,49,001,"Utah","Beaver County",5,77,25,11,14
050,49,001,"Utah","Beaver County",5,78,31,13,18
050,49,001,"Utah","Beaver County",5,79,37,19,18
050,49,001,"Utah","Beaver County",5,80,35,18,17
050,49,001,"Utah","Beaver County",5,81,28,12,16
050,49,001,"Utah","Beaver County",5,82,26,9,17
050,49,001,"Utah","Beaver County",5,83,21,9,12
050,49,001,"Utah","Beaver County",5,84,22,10,12
050,49,001,"Utah","Beaver County",5,85,77,37,40
050,49,003,"Utah","Box Elder County",1,0,830,431,399
050,49,003,"Utah","Box Elder County",1,1,882,463,419
050,49,003,"Utah","Box Elder County",1,2,828,422,406
050,49,003,"Utah","Box Elder County",1,3,906,477,429
050,49,003,"Utah","Box Elder County",1,4,991,519,472
050,49,003,"Utah","Box Elder County",1,5,1013,538,475
050,49,003,"Utah","Box Elder County",1,6,968,503,465
050,49,003,"Utah","Box Elder County",1,7,995,491,504
050,49,003,"Utah","Box Elder County",1,8,967,483,484
050,49,003,"Utah","Box Elder County",1,9,1000,530,470
050,49,003,"Utah","Box Elder County",1,10,1088,552,536
050,49,003,"Utah","Box Elder County",1,11,1145,600,545
050,49,003,"Utah","Box Elder County",1,12,1109,574,535
050,49,003,"Utah","Box Elder County",1,13,1150,610,540
050,49,003,"Utah","Box Elder County",1,14,1059,568,491
050,49,003,"Utah","Box Elder County",1,15,1076,563,513
050,49,003,"Utah","Box Elder County",1,16,1079,561,518
050,49,003,"Utah","Box Elder County",1,17,1015,550,465
050,49,003,"Utah","Box Elder County",1,18,838,449,389
050,49,003,"Utah","Box Elder County",1,19,654,348,306
050,49,003,"Utah","Box Elder County",1,20,709,378,331
050,49,003,"Utah","Box Elder County",1,21,732,401,331
050,49,003,"Utah","Box Elder County",1,22,716,381,335
050,49,003,"Utah","Box Elder County",1,23,721,393,328
050,49,003,"Utah","Box Elder County",1,24,738,386,352
050,49,003,"Utah","Box Elder County",1,25,707,374,333
050,49,003,"Utah","Box Elder County",1,26,734,387,347
050,49,003,"Utah","Box Elder County",1,27,788,399,389
050,49,003,"Utah","Box Elder County",1,28,717,351,366
050,49,003,"Utah","Box Elder County",1,29,758,368,390
050,49,003,"Utah","Box Elder County",1,30,703,358,345
050,49,003,"Utah","Box Elder County",1,31,691,361,330
050,49,003,"Utah","Box Elder County",1,32,675,331,344
050,49,003,"Utah","Box Elder County",1,33,681,331,350
050,49,003,"Utah","Box Elder County",1,34,702,351,351
050,49,003,"Utah","Box Elder County",1,35,770,387,383
050,49,003,"Utah","Box Elder County",1,36,840,442,398
050,49,003,"Utah","Box Elder County",1,37,809,402,407
050,49,003,"Utah","Box Elder County",1,38,865,433,432
050,49,003,"Utah","Box Elder County",1,39,819,445,374
050,49,003,"Utah","Box Elder County",1,40,809,439,370
050,49,003,"Utah","Box Elder County",1,41,793,398,395
050,49,003,"Utah","Box Elder County",1,42,812,409,403
050,49,003,"Utah","Box Elder County",1,43,770,380,390
050,49,003,"Utah","Box Elder County",1,44,724,356,368
050,49,003,"Utah","Box Elder County",1,45,690,336,354
050,49,003,"Utah","Box Elder County",1,46,619,307,312
050,49,003,"Utah","Box Elder County",1,47,577,284,293
050,49,003,"Utah","Box Elder County",1,48,561,295,266
050,49,003,"Utah","Box Elder County",1,49,597,314,283
050,49,003,"Utah","Box Elder County",1,50,564,297,267
050,49,003,"Utah","Box Elder County",1,51,539,272,267
050,49,003,"Utah","Box Elder County",1,52,556,293,263
050,49,003,"Utah","Box Elder County",1,53,514,259,255
050,49,003,"Utah","Box Elder County",1,54,527,253,274
050,49,003,"Utah","Box Elder County",1,55,554,277,277
050,49,003,"Utah","Box Elder County",1,56,597,298,299
050,49,003,"Utah","Box Elder County",1,57,615,312,303
050,49,003,"Utah","Box Elder County",1,58,667,346,321
050,49,003,"Utah","Box Elder County",1,59,658,341,317
050,49,003,"Utah","Box Elder County",1,60,651,333,318
050,49,003,"Utah","Box Elder County",1,61,627,307,320
050,49,003,"Utah","Box Elder County",1,62,625,308,317
050,49,003,"Utah","Box Elder County",1,63,620,320,300
050,49,003,"Utah","Box Elder County",1,64,554,266,288
050,49,003,"Utah","Box Elder County",1,65,548,275,273
050,49,003,"Utah","Box Elder County",1,66,552,277,275
050,49,003,"Utah","Box Elder County",1,67,524,248,276
050,49,003,"Utah","Box Elder County",1,68,492,259,233
050,49,003,"Utah","Box Elder County",1,69,456,233,223
050,49,003,"Utah","Box Elder County",1,70,395,209,186
050,49,003,"Utah","Box Elder County",1,71,366,185,181
050,49,003,"Utah","Box Elder County",1,72,378,182,196
050,49,003,"Utah","Box Elder County",1,73,363,190,173
050,49,003,"Utah","Box Elder County",1,74,278,143,135
050,49,003,"Utah","Box Elder County",1,75,308,145,163
050,49,003,"Utah","Box Elder County",1,76,298,140,158
050,49,003,"Utah","Box Elder County",1,77,283,140,143
050,49,003,"Utah","Box Elder County",1,78,242,116,126
050,49,003,"Utah","Box Elder County",1,79,213,101,112
050,49,003,"Utah","Box Elder County",1,80,186,83,103
050,49,003,"Utah","Box Elder County",1,81,215,94,121
050,49,003,"Utah","Box Elder County",1,82,199,89,110
050,49,003,"Utah","Box Elder County",1,83,185,79,106
050,49,003,"Utah","Box Elder County",1,84,168,82,86
050,49,003,"Utah","Box Elder County",1,85,727,328,399
050,49,003,"Utah","Box Elder County",2,0,856,428,428
050,49,003,"Utah","Box Elder County",2,1,867,451,416
050,49,003,"Utah","Box Elder County",2,2,847,434,413
050,49,003,"Utah","Box Elder County",2,3,887,463,424
050,49,003,"Utah","Box Elder County",2,4,977,511,466
050,49,003,"Utah","Box Elder County",2,5,1008,533,475
050,49,003,"Utah","Box Elder County",2,6,986,515,471
050,49,003,"Utah","Box Elder County",2,7,992,497,495
050,49,003,"Utah","Box Elder County",2,8,976,489,487
050,49,003,"Utah","Box Elder County",2,9,1001,524,477
050,49,003,"Utah","Box Elder County",2,10,1070,548,522
050,49,003,"Utah","Box Elder County",2,11,1131,588,543
050,49,003,"Utah","Box Elder County",2,12,1133,589,544
050,49,003,"Utah","Box Elder County",2,13,1140,603,537
050,49,003,"Utah","Box Elder County",2,14,1085,581,504
050,49,003,"Utah","Box Elder County",2,15,1084,570,514
050,49,003,"Utah","Box Elder County",2,16,1083,568,515
050,49,003,"Utah","Box Elder County",2,17,1030,550,480
050,49,003,"Utah","Box Elder County",2,18,832,449,383
050,49,003,"Utah","Box Elder County",2,19,661,352,309
050,49,003,"Utah","Box Elder County",2,20,714,379,335
050,49,003,"Utah","Box Elder County",2,21,737,397,340
050,49,003,"Utah","Box Elder County",2,22,733,391,342
050,49,003,"Utah","Box Elder County",2,23,736,397,339
050,49,003,"Utah","Box Elder County",2,24,737,391,346
050,49,003,"Utah","Box Elder County",2,25,718,380,338
050,49,003,"Utah","Box Elder County",2,26,735,388,347
050,49,003,"Utah","Box Elder County",2,27,771,394,377
050,49,003,"Utah","Box Elder County",2,28,743,368,375
050,49,003,"Utah","Box Elder County",2,29,753,367,386
050,49,003,"Utah","Box Elder County",2,30,727,369,358
050,49,003,"Utah","Box Elder County",2,31,693,360,333
050,49,003,"Utah","Box Elder County",2,32,679,338,341
050,49,003,"Utah","Box Elder County",2,33,680,330,350
050,49,003,"Utah","Box Elder County",2,34,701,347,354
050,49,003,"Utah","Box Elder County",2,35,766,383,383
050,49,003,"Utah","Box Elder County",2,36,818,427,391
050,49,003,"Utah","Box Elder County",2,37,825,415,410
050,49,003,"Utah","Box Elder County",2,38,862,432,430
050,49,003,"Utah","Box Elder County",2,39,832,444,388
050,49,003,"Utah","Box Elder County",2,40,820,444,376
050,49,003,"Utah","Box Elder County",2,41,795,405,390
050,49,003,"Utah","Box Elder County",2,42,805,406,399
050,49,003,"Utah","Box Elder County",2,43,791,393,398
050,49,003,"Utah","Box Elder County",2,44,731,361,370
050,49,003,"Utah","Box Elder County",2,45,704,344,360
050,49,003,"Utah","Box Elder County",2,46,634,312,322
050,49,003,"Utah","Box Elder County",2,47,590,292,298
050,49,003,"Utah","Box Elder County",2,48,566,292,274
050,49,003,"Utah","Box Elder County",2,49,593,312,281
050,49,003,"Utah","Box Elder County",2,50,576,303,273
050,49,003,"Utah","Box Elder County",2,51,549,281,268
050,49,003,"Utah","Box Elder County",2,52,553,289,264
050,49,003,"Utah","Box Elder County",2,53,524,267,257
050,49,003,"Utah","Box Elder County",2,54,523,256,267
050,49,003,"Utah","Box Elder County",2,55,545,269,276
050,49,003,"Utah","Box Elder County",2,56,594,298,296
050,49,003,"Utah","Box Elder County",2,57,612,310,302
050,49,003,"Utah","Box Elder County",2,58,653,339,314
050,49,003,"Utah","Box Elder County",2,59,663,344,319
050,49,003,"Utah","Box Elder County",2,60,649,333,316
050,49,003,"Utah","Box Elder County",2,61,629,309,320
050,49,003,"Utah","Box Elder County",2,62,623,304,319
050,49,003,"Utah","Box Elder County",2,63,626,318,308
050,49,003,"Utah","Box Elder County",2,64,563,276,287
050,49,003,"Utah","Box Elder County",2,65,552,274,278
050,49,003,"Utah","Box Elder County",2,66,554,276,278
050,49,003,"Utah","Box Elder County",2,67,530,255,275
050,49,003,"Utah","Box Elder County",2,68,493,252,241
050,49,003,"Utah","Box Elder County",2,69,465,240,225
050,49,003,"Utah","Box Elder County",2,70,408,213,195
050,49,003,"Utah","Box Elder County",2,71,373,190,183
050,49,003,"Utah","Box Elder County",2,72,368,178,190
050,49,003,"Utah","Box Elder County",2,73,384,197,187
050,49,003,"Utah","Box Elder County",2,74,277,143,134
050,49,003,"Utah","Box Elder County",2,75,302,143,159
050,49,003,"Utah","Box Elder County",2,76,293,138,155
050,49,003,"Utah","Box Elder County",2,77,296,144,152
050,49,003,"Utah","Box Elder County",2,78,246,119,127
050,49,003,"Utah","Box Elder County",2,79,218,105,113
050,49,003,"Utah","Box Elder County",2,80,188,87,101
050,49,003,"Utah","Box Elder County",2,81,203,89,114
050,49,003,"Utah","Box Elder County",2,82,202,89,113
050,49,003,"Utah","Box Elder County",2,83,177,77,100
050,49,003,"Utah","Box Elder County",2,84,168,81,87
050,49,003,"Utah","Box Elder County",2,85,732,334,398
050,49,003,"Utah","Box Elder County",3,0,772,407,365
050,49,003,"Utah","Box Elder County",3,1,910,465,445
050,49,003,"Utah","Box Elder County",3,2,903,470,433
050,49,003,"Utah","Box Elder County",3,3,899,461,438
050,49,003,"Utah","Box Elder County",3,4,941,487,454
050,49,003,"Utah","Box Elder County",3,5,1040,546,494
050,49,003,"Utah","Box Elder County",3,6,1045,563,482
050,49,003,"Utah","Box Elder County",3,7,1040,547,493
050,49,003,"Utah","Box Elder County",3,8,1028,525,503
050,49,003,"Utah","Box Elder County",3,9,1016,511,505
050,49,003,"Utah","Box Elder County",3,10,1027,537,490
050,49,003,"Utah","Box Elder County",3,11,1075,547,528
050,49,003,"Utah","Box Elder County",3,12,1154,605,549
050,49,003,"Utah","Box Elder County",3,13,1139,596,543
050,49,003,"Utah","Box Elder County",3,14,1185,628,557
050,49,003,"Utah","Box Elder County",3,15,1120,608,512
050,49,003,"Utah","Box Elder County",3,16,1122,601,521
050,49,003,"Utah","Box Elder County",3,17,1064,557,507
050,49,003,"Utah","Box Elder County",3,18,892,483,409
050,49,003,"Utah","Box Elder County",3,19,670,365,305
050,49,003,"Utah","Box Elder County",3,20,715,365,350
050,49,003,"Utah","Box Elder County",3,21,751,397,354
050,49,003,"Utah","Box Elder County",3,22,797,418,379
050,49,003,"Utah","Box Elder County",3,23,801,426,375
050,49,003,"Utah","Box Elder County",3,24,755,417,338
050,49,003,"Utah","Box Elder County",3,25,785,415,370
050,49,003,"Utah","Box Elder County",3,26,762,408,354
050,49,003,"Utah","Box Elder County",3,27,778,395,383
050,49,003,"Utah","Box Elder County",3,28,769,392,377
050,49,003,"Utah","Box Elder County",3,29,768,383,385
050,49,003,"Utah","Box Elder County",3,30,754,379,375
050,49,003,"Utah","Box Elder County",3,31,771,386,385
050,49,003,"Utah","Box Elder County",3,32,718,381,337
050,49,003,"Utah","Box Elder County",3,33,718,352,366
050,49,003,"Utah","Box Elder County",3,34,723,354,369
050,49,003,"Utah","Box Elder County",3,35,743,363,380
050,49,003,"Utah","Box Elder County",3,36,798,403,395
050,49,003,"Utah","Box Elder County",3,37,823,423,400
050,49,003,"Utah","Box Elder County",3,38,860,431,429
050,49,003,"Utah","Box Elder County",3,39,889,454,435
050,49,003,"Utah","Box Elder County",3,40,855,462,393
050,49,003,"Utah","Box Elder County",3,41,852,462,390
050,49,003,"Utah","Box Elder County",3,42,813,416,397
050,49,003,"Utah","Box Elder County",3,43,839,424,415
050,49,003,"Utah","Box Elder County",3,44,807,409,398
050,49,003,"Utah","Box Elder County",3,45,746,367,379
050,49,003,"Utah","Box Elder County",3,46,721,356,365
050,49,003,"Utah","Box Elder County",3,47,649,319,330
050,49,003,"Utah","Box Elder County",3,48,588,294,294
050,49,003,"Utah","Box Elder County",3,49,584,294,290
050,49,003,"Utah","Box Elder County",3,50,608,317,291
050,49,003,"Utah","Box Elder County",3,51,592,315,277
050,49,003,"Utah","Box Elder County",3,52,556,282,274
050,49,003,"Utah","Box Elder County",3,53,552,286,266
050,49,003,"Utah","Box Elder County",3,54,537,276,261
050,49,003,"Utah","Box Elder County",3,55,533,264,269
050,49,003,"Utah","Box Elder County",3,56,544,265,279
050,49,003,"Utah","Box Elder County",3,57,602,298,304
050,49,003,"Utah","Box Elder County",3,58,629,319,310
050,49,003,"Utah","Box Elder County",3,59,656,344,312
050,49,003,"Utah","Box Elder County",3,60,689,362,327
050,49,003,"Utah","Box Elder County",3,61,663,343,320
050,49,003,"Utah","Box Elder County",3,62,646,315,331
050,49,003,"Utah","Box Elder County",3,63,616,296,320
050,49,003,"Utah","Box Elder County",3,64,627,322,305
050,49,003,"Utah","Box Elder County",3,65,576,287,289
050,49,003,"Utah","Box Elder County",3,66,540,274,266
050,49,003,"Utah","Box Elder County",3,67,554,272,282
050,49,003,"Utah","Box Elder County",3,68,523,247,276
050,49,003,"Utah","Box Elder County",3,69,487,252,235
050,49,003,"Utah","Box Elder County",3,70,464,240,224
050,49,003,"Utah","Box Elder County",3,71,405,210,195
050,49,003,"Utah","Box Elder County",3,72,374,192,182
050,49,003,"Utah","Box Elder County",3,73,358,166,192
050,49,003,"Utah","Box Elder County",3,74,377,190,187
050,49,003,"Utah","Box Elder County",3,75,274,135,139
050,49,003,"Utah","Box Elder County",3,76,283,132,151
050,49,003,"Utah","Box Elder County",3,77,290,137,153
050,49,003,"Utah","Box Elder County",3,78,283,136,147
050,49,003,"Utah","Box Elder County",3,79,229,114,115
050,49,003,"Utah","Box Elder County",3,80,206,99,107
050,49,003,"Utah","Box Elder County",3,81,174,76,98
050,49,003,"Utah","Box Elder County",3,82,181,80,101
050,49,003,"Utah","Box Elder County",3,83,184,80,104
050,49,003,"Utah","Box Elder County",3,84,157,65,92
050,49,003,"Utah","Box Elder County",3,85,742,339,403
050,49,003,"Utah","Box Elder County",4,0,828,413,415
050,49,003,"Utah","Box Elder County",4,1,822,415,407
050,49,003,"Utah","Box Elder County",4,2,964,482,482
050,49,003,"Utah","Box Elder County",4,3,982,504,478
050,49,003,"Utah","Box Elder County",4,4,957,490,467
050,49,003,"Utah","Box Elder County",4,5,989,515,474
050,49,003,"Utah","Box Elder County",4,6,1075,570,505
050,49,003,"Utah","Box Elder County",4,7,1086,582,504
050,49,003,"Utah","Box Elder County",4,8,1075,573,502
050,49,003,"Utah","Box Elder County",4,9,1061,547,514
050,49,003,"Utah","Box Elder County",4,10,1036,530,506
050,49,003,"Utah","Box Elder County",4,11,1051,549,502
050,49,003,"Utah","Box Elder County",4,12,1104,566,538
050,49,003,"Utah","Box Elder County",4,13,1172,602,570
050,49,003,"Utah","Box Elder County",4,14,1176,627,549
050,49,003,"Utah","Box Elder County",4,15,1214,645,569
050,49,003,"Utah","Box Elder County",4,16,1164,634,530
050,49,003,"Utah","Box Elder County",4,17,1127,596,531
050,49,003,"Utah","Box Elder County",4,18,909,484,425
050,49,003,"Utah","Box Elder County",4,19,685,370,315
050,49,003,"Utah","Box Elder County",4,20,712,385,327
050,49,003,"Utah","Box Elder County",4,21,718,376,342
050,49,003,"Utah","Box Elder County",4,22,802,423,379
050,49,003,"Utah","Box Elder County",4,23,868,461,407
050,49,003,"Utah","Box Elder County",4,24,876,458,418
050,49,003,"Utah","Box Elder County",4,25,806,446,360
050,49,003,"Utah","Box Elder County",4,26,816,433,383
050,49,003,"Utah","Box Elder County",4,27,811,429,382
050,49,003,"Utah","Box Elder County",4,28,812,424,388
050,49,003,"Utah","Box Elder County",4,29,810,410,400
050,49,003,"Utah","Box Elder County",4,30,804,399,405
050,49,003,"Utah","Box Elder County",4,31,800,411,389
050,49,003,"Utah","Box Elder County",4,32,817,408,409
050,49,003,"Utah","Box Elder County",4,33,744,389,355
050,49,003,"Utah","Box Elder County",4,34,750,363,387
050,49,003,"Utah","Box Elder County",4,35,774,380,394
050,49,003,"Utah","Box Elder County",4,36,771,379,392
050,49,003,"Utah","Box Elder County",4,37,836,430,406
050,49,003,"Utah","Box Elder County",4,38,851,441,410
050,49,003,"Utah","Box Elder County",4,39,883,453,430
050,49,003,"Utah","Box Elder County",4,40,912,469,443
050,49,003,"Utah","Box Elder County",4,41,888,482,406
050,49,003,"Utah","Box Elder County",4,42,870,478,392
050,49,003,"Utah","Box Elder County",4,43,810,417,393
050,49,003,"Utah","Box Elder County",4,44,839,423,416
050,49,003,"Utah","Box Elder County",4,45,822,418,404
050,49,003,"Utah","Box Elder County",4,46,756,373,383
050,49,003,"Utah","Box Elder County",4,47,745,368,377
050,49,003,"Utah","Box Elder County",4,48,679,337,342
050,49,003,"Utah","Box Elder County",4,49,612,299,313
050,49,003,"Utah","Box Elder County",4,50,597,302,295
050,49,003,"Utah","Box Elder County",4,51,615,320,295
050,49,003,"Utah","Box Elder County",4,52,591,324,267
050,49,003,"Utah","Box Elder County",4,53,544,276,268
050,49,003,"Utah","Box Elder County",4,54,556,290,266
050,49,003,"Utah","Box Elder County",4,55,536,275,261
050,49,003,"Utah","Box Elder County",4,56,543,269,274
050,49,003,"Utah","Box Elder County",4,57,565,274,291
050,49,003,"Utah","Box Elder County",4,58,606,308,298
050,49,003,"Utah","Box Elder County",4,59,639,327,312
050,49,003,"Utah","Box Elder County",4,60,668,348,320
050,49,003,"Utah","Box Elder County",4,61,708,368,340
050,49,003,"Utah","Box Elder County",4,62,670,348,322
050,49,003,"Utah","Box Elder County",4,63,642,316,326
050,49,003,"Utah","Box Elder County",4,64,620,296,324
050,49,003,"Utah","Box Elder County",4,65,622,322,300
050,49,003,"Utah","Box Elder County",4,66,574,287,287
050,49,003,"Utah","Box Elder County",4,67,523,262,261
050,49,003,"Utah","Box Elder County",4,68,553,269,284
050,49,003,"Utah","Box Elder County",4,69,519,245,274
050,49,003,"Utah","Box Elder County",4,70,485,252,233
050,49,003,"Utah","Box Elder County",4,71,454,233,221
050,49,003,"Utah","Box Elder County",4,72,400,209,191
050,49,003,"Utah","Box Elder County",4,73,367,187,180
050,49,003,"Utah","Box Elder County",4,74,348,165,183
050,49,003,"Utah","Box Elder County",4,75,375,185,190
050,49,003,"Utah","Box Elder County",4,76,265,132,133
050,49,003,"Utah","Box Elder County",4,77,277,127,150
050,49,003,"Utah","Box Elder County",4,78,267,126,141
050,49,003,"Utah","Box Elder County",4,79,270,133,137
050,49,003,"Utah","Box Elder County",4,80,221,109,112
050,49,003,"Utah","Box Elder County",4,81,191,91,100
050,49,003,"Utah","Box Elder County",4,82,159,73,86
050,49,003,"Utah","Box Elder County",4,83,171,78,93
050,49,003,"Utah","Box Elder County",4,84,167,71,96
050,49,003,"Utah","Box Elder County",4,85,744,321,423
050,49,003,"Utah","Box Elder County",5,0,823,412,411
050,49,003,"Utah","Box Elder County",5,1,845,404,441
050,49,003,"Utah","Box Elder County",5,2,855,435,420
050,49,003,"Utah","Box Elder County",5,3,980,486,494
050,49,003,"Utah","Box Elder County",5,4,1002,511,491
050,49,003,"Utah","Box Elder County",5,5,950,496,454
050,49,003,"Utah","Box Elder County",5,6,1000,523,477
050,49,003,"Utah","Box Elder County",5,7,1103,578,525
050,49,003,"Utah","Box Elder County",5,8,1103,592,511
050,49,003,"Utah","Box Elder County",5,9,1089,575,514
050,49,003,"Utah","Box Elder County",5,10,1067,547,520
050,49,003,"Utah","Box Elder County",5,11,1069,549,520
050,49,003,"Utah","Box Elder County",5,12,1081,563,518
050,49,003,"Utah","Box Elder County",5,13,1096,553,543
050,49,003,"Utah","Box Elder County",5,14,1197,621,576
050,49,003,"Utah","Box Elder County",5,15,1193,641,552
050,49,003,"Utah","Box Elder County",5,16,1219,663,556
050,49,003,"Utah","Box Elder County",5,17,1167,624,543
050,49,003,"Utah","Box Elder County",5,18,919,493,426
050,49,003,"Utah","Box Elder County",5,19,708,377,331
050,49,003,"Utah","Box Elder County",5,20,746,397,349
050,49,003,"Utah","Box Elder County",5,21,775,421,354
050,49,003,"Utah","Box Elder County",5,22,739,385,354
050,49,003,"Utah","Box Elder County",5,23,891,470,421
050,49,003,"Utah","Box Elder County",5,24,887,463,424
050,49,003,"Utah","Box Elder County",5,25,879,465,414
050,49,003,"Utah","Box Elder County",5,26,826,446,380
050,49,003,"Utah","Box Elder County",5,27,863,466,397
050,49,003,"Utah","Box Elder County",5,28,841,442,399
050,49,003,"Utah","Box Elder County",5,29,831,432,399
050,49,003,"Utah","Box Elder County",5,30,856,438,418
050,49,003,"Utah","Box Elder County",5,31,807,402,405
050,49,003,"Utah","Box Elder County",5,32,845,433,412
050,49,003,"Utah","Box Elder County",5,33,835,423,412
050,49,003,"Utah","Box Elder County",5,34,769,397,372
050,49,003,"Utah","Box Elder County",5,35,792,388,404
050,49,003,"Utah","Box Elder County",5,36,785,384,401
050,49,003,"Utah","Box Elder County",5,37,783,389,394
050,49,003,"Utah","Box Elder County",5,38,846,434,412
050,49,003,"Utah","Box Elder County",5,39,879,457,422
050,49,003,"Utah","Box Elder County",5,40,908,465,443
050,49,003,"Utah","Box Elder County",5,41,940,491,449
050,49,003,"Utah","Box Elder County",5,42,899,480,419
050,49,003,"Utah","Box Elder County",5,43,881,484,397
050,49,003,"Utah","Box Elder County",5,44,807,411,396
050,49,003,"Utah","Box Elder County",5,45,850,428,422
050,49,003,"Utah","Box Elder County",5,46,833,428,405
050,49,003,"Utah","Box Elder County",5,47,773,384,389
050,49,003,"Utah","Box Elder County",5,48,751,374,377
050,49,003,"Utah","Box Elder County",5,49,685,343,342
050,49,003,"Utah","Box Elder County",5,50,633,308,325
050,49,003,"Utah","Box Elder County",5,51,593,300,293
050,49,003,"Utah","Box Elder County",5,52,616,321,295
050,49,003,"Utah","Box Elder County",5,53,595,323,272
050,49,003,"Utah","Box Elder County",5,54,551,273,278
050,49,003,"Utah","Box Elder County",5,55,560,287,273
050,49,003,"Utah","Box Elder County",5,56,551,284,267
050,49,003,"Utah","Box Elder County",5,57,545,273,272
050,49,003,"Utah","Box Elder County",5,58,580,287,293
050,49,003,"Utah","Box Elder County",5,59,621,312,309
050,49,003,"Utah","Box Elder County",5,60,657,328,329
050,49,003,"Utah","Box Elder County",5,61,668,344,324
050,49,003,"Utah","Box Elder County",5,62,696,359,337
050,49,003,"Utah","Box Elder County",5,63,667,349,318
050,49,003,"Utah","Box Elder County",5,64,628,308,320
050,49,003,"Utah","Box Elder County",5,65,618,301,317
050,49,003,"Utah","Box Elder County",5,66,612,309,303
050,49,003,"Utah","Box Elder County",5,67,566,275,291
050,49,003,"Utah","Box Elder County",5,68,529,263,266
050,49,003,"Utah","Box Elder County",5,69,553,269,284
050,49,003,"Utah","Box Elder County",5,70,522,249,273
050,49,003,"Utah","Box Elder County",5,71,471,240,231
050,49,003,"Utah","Box Elder County",5,72,442,227,215
050,49,003,"Utah","Box Elder County",5,73,397,205,192
050,49,003,"Utah","Box Elder County",5,74,359,185,174
050,49,003,"Utah","Box Elder County",5,75,354,166,188
050,49,003,"Utah","Box Elder County",5,76,360,180,180
050,49,003,"Utah","Box Elder County",5,77,256,127,129
050,49,003,"Utah","Box Elder County",5,78,260,116,144
050,49,003,"Utah","Box Elder County",5,79,258,125,133
050,49,003,"Utah","Box Elder County",5,80,253,124,129
050,49,003,"Utah","Box Elder County",5,81,208,101,107
050,49,003,"Utah","Box Elder County",5,82,175,84,91
050,49,003,"Utah","Box Elder County",5,83,143,64,79
050,49,003,"Utah","Box Elder County",5,84,158,68,90
050,49,003,"Utah","Box Elder County",5,85,761,323,438
050,49,005,"Utah","Cache County",1,0,2129,1088,1041
050,49,005,"Utah","Cache County",1,1,2045,1032,1013
050,49,005,"Utah","Cache County",1,2,2055,1026,1029
050,49,005,"Utah","Cache County",1,3,2122,1082,1040
050,49,005,"Utah","Cache County",1,4,2149,1106,1043
050,49,005,"Utah","Cache County",1,5,2192,1114,1078
050,49,005,"Utah","Cache County",1,6,2220,1139,1081
050,49,005,"Utah","Cache County",1,7,2227,1101,1126
050,49,005,"Utah","Cache County",1,8,2237,1137,1100
050,49,005,"Utah","Cache County",1,9,2271,1180,1091
050,49,005,"Utah","Cache County",1,10,2353,1214,1139
050,49,005,"Utah","Cache County",1,11,2322,1165,1157
050,49,005,"Utah","Cache County",1,12,2350,1213,1137
050,49,005,"Utah","Cache County",1,13,2375,1215,1160
050,49,005,"Utah","Cache County",1,14,2333,1190,1143
050,49,005,"Utah","Cache County",1,15,2302,1144,1158
050,49,005,"Utah","Cache County",1,16,2301,1151,1150
050,49,005,"Utah","Cache County",1,17,2278,1155,1123
050,49,005,"Utah","Cache County",1,18,2731,1301,1430
050,49,005,"Utah","Cache County",1,19,3320,1322,1998
050,49,005,"Utah","Cache County",1,20,3377,1269,2108
050,49,005,"Utah","Cache County",1,21,3792,1686,2106
050,49,005,"Utah","Cache County",1,22,4165,2196,1969
050,49,005,"Utah","Cache County",1,23,4059,2233,1826
050,49,005,"Utah","Cache County",1,24,3468,1966,1502
050,49,005,"Utah","Cache County",1,25,2728,1518,1210
050,49,005,"Utah","Cache County",1,26,2231,1204,1027
050,49,005,"Utah","Cache County",1,27,1990,1084,906
050,49,005,"Utah","Cache County",1,28,1905,1002,903
050,49,005,"Utah","Cache County",1,29,1810,911,899
050,49,005,"Utah","Cache County",1,30,1613,855,758
050,49,005,"Utah","Cache County",1,31,1518,810,708
050,49,005,"Utah","Cache County",1,32,1457,767,690
050,49,005,"Utah","Cache County",1,33,1362,661,701
050,49,005,"Utah","Cache County",1,34,1462,736,726
050,49,005,"Utah","Cache County",1,35,1542,792,750
050,49,005,"Utah","Cache County",1,36,1578,808,770
050,49,005,"Utah","Cache County",1,37,1670,860,810
050,49,005,"Utah","Cache County",1,38,1678,860,818
050,49,005,"Utah","Cache County",1,39,1684,846,838
050,49,005,"Utah","Cache County",1,40,1614,809,805
050,49,005,"Utah","Cache County",1,41,1555,764,791
050,49,005,"Utah","Cache County",1,42,1603,802,801
050,49,005,"Utah","Cache County",1,43,1534,791,743
050,49,005,"Utah","Cache County",1,44,1433,739,694
050,49,005,"Utah","Cache County",1,45,1352,684,668
050,49,005,"Utah","Cache County",1,46,1244,620,624
050,49,005,"Utah","Cache County",1,47,1184,605,579
050,49,005,"Utah","Cache County",1,48,1186,599,587
050,49,005,"Utah","Cache County",1,49,1177,585,592
050,49,005,"Utah","Cache County",1,50,1071,543,528
050,49,005,"Utah","Cache County",1,51,1040,554,486
050,49,005,"Utah","Cache County",1,52,964,493,471
050,49,005,"Utah","Cache County",1,53,973,513,460
050,49,005,"Utah","Cache County",1,54,957,497,460
050,49,005,"Utah","Cache County",1,55,972,480,492
050,49,005,"Utah","Cache County",1,56,1006,492,514
050,49,005,"Utah","Cache County",1,57,1016,512,504
050,49,005,"Utah","Cache County",1,58,1029,498,531
050,49,005,"Utah","Cache County",1,59,1057,502,555
050,49,005,"Utah","Cache County",1,60,1006,500,506
050,49,005,"Utah","Cache County",1,61,978,497,481
050,49,005,"Utah","Cache County",1,62,981,480,501
050,49,005,"Utah","Cache County",1,63,951,450,501
050,49,005,"Utah","Cache County",1,64,922,441,481
050,49,005,"Utah","Cache County",1,65,948,460,488
050,49,005,"Utah","Cache County",1,66,919,445,474
050,49,005,"Utah","Cache County",1,67,878,428,450
050,49,005,"Utah","Cache County",1,68,838,418,420
050,49,005,"Utah","Cache County",1,69,802,392,410
050,49,005,"Utah","Cache County",1,70,743,351,392
050,49,005,"Utah","Cache County",1,71,713,350,363
050,49,005,"Utah","Cache County",1,72,681,334,347
050,49,005,"Utah","Cache County",1,73,705,359,346
050,49,005,"Utah","Cache County",1,74,494,238,256
050,49,005,"Utah","Cache County",1,75,490,230,260
050,49,005,"Utah","Cache County",1,76,503,247,256
050,49,005,"Utah","Cache County",1,77,500,232,268
050,49,005,"Utah","Cache County",1,78,432,192,240
050,49,005,"Utah","Cache County",1,79,388,166,222
050,49,005,"Utah","Cache County",1,80,355,157,198
050,49,005,"Utah","Cache County",1,81,333,166,167
050,49,005,"Utah","Cache County",1,82,331,158,173
050,49,005,"Utah","Cache County",1,83,298,138,160
050,49,005,"Utah","Cache County",1,84,265,124,141
050,49,005,"Utah","Cache County",1,85,1336,571,765
050,49,005,"Utah","Cache County",2,0,2124,1095,1029
050,49,005,"Utah","Cache County",2,1,2044,1034,1010
050,49,005,"Utah","Cache County",2,2,2043,1024,1019
050,49,005,"Utah","Cache County",2,3,2094,1064,1030
050,49,005,"Utah","Cache County",2,4,2156,1110,1046
050,49,005,"Utah","Cache County",2,5,2186,1116,1070
050,49,005,"Utah","Cache County",2,6,2220,1134,1086
050,49,005,"Utah","Cache County",2,7,2230,1110,1120
050,49,005,"Utah","Cache County",2,8,2233,1128,1105
050,49,005,"Utah","Cache County",2,9,2264,1171,1093
050,49,005,"Utah","Cache County",2,10,2342,1205,1137
050,49,005,"Utah","Cache County",2,11,2326,1176,1150
050,49,005,"Utah","Cache County",2,12,2357,1207,1150
050,49,005,"Utah","Cache County",2,13,2371,1213,1158
050,49,005,"Utah","Cache County",2,14,2346,1195,1151
050,49,005,"Utah","Cache County",2,15,2318,1158,1160
050,49,005,"Utah","Cache County",2,16,2318,1157,1161
050,49,005,"Utah","Cache County",2,17,2312,1167,1145
050,49,005,"Utah","Cache County",2,18,2788,1324,1464
050,49,005,"Utah","Cache County",2,19,3316,1325,1991
050,49,005,"Utah","Cache County",2,20,3430,1295,2135
050,49,005,"Utah","Cache County",2,21,3802,1698,2104
050,49,005,"Utah","Cache County",2,22,4158,2197,1961
050,49,005,"Utah","Cache County",2,23,4023,2209,1814
050,49,005,"Utah","Cache County",2,24,3446,1944,1502
050,49,005,"Utah","Cache County",2,25,2745,1531,1214
050,49,005,"Utah","Cache County",2,26,2239,1215,1024
050,49,005,"Utah","Cache County",2,27,1992,1070,922
050,49,005,"Utah","Cache County",2,28,1906,1008,898
050,49,005,"Utah","Cache County",2,29,1820,924,896
050,49,005,"Utah","Cache County",2,30,1656,866,790
050,49,005,"Utah","Cache County",2,31,1531,816,715
050,49,005,"Utah","Cache County",2,32,1467,771,696
050,49,005,"Utah","Cache County",2,33,1383,683,700
050,49,005,"Utah","Cache County",2,34,1435,716,719
050,49,005,"Utah","Cache County",2,35,1529,780,749
050,49,005,"Utah","Cache County",2,36,1563,801,762
050,49,005,"Utah","Cache County",2,37,1651,849,802
050,49,005,"Utah","Cache County",2,38,1684,862,822
050,49,005,"Utah","Cache County",2,39,1680,847,833
050,49,005,"Utah","Cache County",2,40,1637,822,815
050,49,005,"Utah","Cache County",2,41,1567,775,792
050,49,005,"Utah","Cache County",2,42,1583,789,794
050,49,005,"Utah","Cache County",2,43,1562,800,762
050,49,005,"Utah","Cache County",2,44,1446,750,696
050,49,005,"Utah","Cache County",2,45,1381,705,676
050,49,005,"Utah","Cache County",2,46,1266,634,632
050,49,005,"Utah","Cache County",2,47,1200,610,590
050,49,005,"Utah","Cache County",2,48,1183,597,586
050,49,005,"Utah","Cache County",2,49,1185,592,593
050,49,005,"Utah","Cache County",2,50,1100,554,546
050,49,005,"Utah","Cache County",2,51,1050,552,498
050,49,005,"Utah","Cache County",2,52,979,503,476
050,49,005,"Utah","Cache County",2,53,974,511,463
050,49,005,"Utah","Cache County",2,54,963,503,460
050,49,005,"Utah","Cache County",2,55,973,487,486
050,49,005,"Utah","Cache County",2,56,1000,491,509
050,49,005,"Utah","Cache County",2,57,1015,509,506
050,49,005,"Utah","Cache County",2,58,1025,501,524
050,49,005,"Utah","Cache County",2,59,1056,505,551
050,49,005,"Utah","Cache County",2,60,1018,499,519
050,49,005,"Utah","Cache County",2,61,981,496,485
050,49,005,"Utah","Cache County",2,62,982,486,496
050,49,005,"Utah","Cache County",2,63,964,461,503
050,49,005,"Utah","Cache County",2,64,924,439,485
050,49,005,"Utah","Cache County",2,65,942,454,488
050,49,005,"Utah","Cache County",2,66,927,449,478
050,49,005,"Utah","Cache County",2,67,881,428,453
050,49,005,"Utah","Cache County",2,68,847,420,427
050,49,005,"Utah","Cache County",2,69,819,402,417
050,49,005,"Utah","Cache County",2,70,757,361,396
050,49,005,"Utah","Cache County",2,71,726,353,373
050,49,005,"Utah","Cache County",2,72,677,330,347
050,49,005,"Utah","Cache County",2,73,735,372,363
050,49,005,"Utah","Cache County",2,74,512,252,260
050,49,005,"Utah","Cache County",2,75,489,232,257
050,49,005,"Utah","Cache County",2,76,495,241,254
050,49,005,"Utah","Cache County",2,77,507,239,268
050,49,005,"Utah","Cache County",2,78,441,199,242
050,49,005,"Utah","Cache County",2,79,391,170,221
050,49,005,"Utah","Cache County",2,80,360,157,203
050,49,005,"Utah","Cache County",2,81,336,164,172
050,49,005,"Utah","Cache County",2,82,328,157,171
050,49,005,"Utah","Cache County",2,83,300,141,159
050,49,005,"Utah","Cache County",2,84,267,123,144
050,49,005,"Utah","Cache County",2,85,1352,578,774
050,49,005,"Utah","Cache County",3,0,2062,1037,1025
050,49,005,"Utah","Cache County",3,1,2116,1081,1035
050,49,005,"Utah","Cache County",3,2,2083,1054,1029
050,49,005,"Utah","Cache County",3,3,2113,1064,1049
050,49,005,"Utah","Cache County",3,4,2120,1068,1052
050,49,005,"Utah","Cache County",3,5,2247,1171,1076
050,49,005,"Utah","Cache County",3,6,2269,1165,1104
050,49,005,"Utah","Cache County",3,7,2265,1125,1140
050,49,005,"Utah","Cache County",3,8,2283,1158,1125
050,49,005,"Utah","Cache County",3,9,2277,1151,1126
050,49,005,"Utah","Cache County",3,10,2302,1198,1104
050,49,005,"Utah","Cache County",3,11,2405,1242,1163
050,49,005,"Utah","Cache County",3,12,2375,1185,1190
050,49,005,"Utah","Cache County",3,13,2425,1242,1183
050,49,005,"Utah","Cache County",3,14,2429,1253,1176
050,49,005,"Utah","Cache County",3,15,2434,1230,1204
050,49,005,"Utah","Cache County",3,16,2385,1182,1203
050,49,005,"Utah","Cache County",3,17,2384,1192,1192
050,49,005,"Utah","Cache County",3,18,2843,1331,1512
050,49,005,"Utah","Cache County",3,19,3426,1374,2052
050,49,005,"Utah","Cache County",3,20,3508,1358,2150
050,49,005,"Utah","Cache County",3,21,3939,1801,2138
050,49,005,"Utah","Cache County",3,22,4299,2265,2034
050,49,005,"Utah","Cache County",3,23,4102,2236,1866
050,49,005,"Utah","Cache County",3,24,3508,1962,1546
050,49,005,"Utah","Cache County",3,25,2846,1608,1238
050,49,005,"Utah","Cache County",3,26,2330,1277,1053
050,49,005,"Utah","Cache County",3,27,2068,1071,997
050,49,005,"Utah","Cache County",3,28,1969,1015,954
050,49,005,"Utah","Cache County",3,29,1901,993,908
050,49,005,"Utah","Cache County",3,30,1835,939,896
050,49,005,"Utah","Cache County",3,31,1716,891,825
050,49,005,"Utah","Cache County",3,32,1567,833,734
050,49,005,"Utah","Cache County",3,33,1515,781,734
050,49,005,"Utah","Cache County",3,34,1396,705,691
050,49,005,"Utah","Cache County",3,35,1454,722,732
050,49,005,"Utah","Cache County",3,36,1591,808,783
050,49,005,"Utah","Cache County",3,37,1589,808,781
050,49,005,"Utah","Cache County",3,38,1673,857,816
050,49,005,"Utah","Cache County",3,39,1708,876,832
050,49,005,"Utah","Cache County",3,40,1708,858,850
050,49,005,"Utah","Cache County",3,41,1660,833,827
050,49,005,"Utah","Cache County",3,42,1574,764,810
050,49,005,"Utah","Cache County",3,43,1615,815,800
050,49,005,"Utah","Cache County",3,44,1581,817,764
050,49,005,"Utah","Cache County",3,45,1451,753,698
050,49,005,"Utah","Cache County",3,46,1368,699,669
050,49,005,"Utah","Cache County",3,47,1284,640,644
050,49,005,"Utah","Cache County",3,48,1219,615,604
050,49,005,"Utah","Cache County",3,49,1205,615,590
050,49,005,"Utah","Cache County",3,50,1193,602,591
050,49,005,"Utah","Cache County",3,51,1138,588,550
050,49,005,"Utah","Cache County",3,52,1060,551,509
050,49,005,"Utah","Cache County",3,53,991,517,474
050,49,005,"Utah","Cache County",3,54,992,519,473
050,49,005,"Utah","Cache County",3,55,961,491,470
050,49,005,"Utah","Cache County",3,56,970,488,482
050,49,005,"Utah","Cache County",3,57,1014,493,521
050,49,005,"Utah","Cache County",3,58,1013,499,514
050,49,005,"Utah","Cache County",3,59,1047,522,525
050,49,005,"Utah","Cache County",3,60,1062,505,557
050,49,005,"Utah","Cache County",3,61,1024,500,524
050,49,005,"Utah","Cache County",3,62,991,499,492
050,49,005,"Utah","Cache County",3,63,986,491,495
050,49,005,"Utah","Cache County",3,64,973,461,512
050,49,005,"Utah","Cache County",3,65,912,438,474
050,49,005,"Utah","Cache County",3,66,941,454,487
050,49,005,"Utah","Cache County",3,67,918,448,470
050,49,005,"Utah","Cache County",3,68,883,424,459
050,49,005,"Utah","Cache County",3,69,847,412,435
050,49,005,"Utah","Cache County",3,70,811,394,417
050,49,005,"Utah","Cache County",3,71,761,358,403
050,49,005,"Utah","Cache County",3,72,716,341,375
050,49,005,"Utah","Cache County",3,73,661,326,335
050,49,005,"Utah","Cache County",3,74,734,371,363
050,49,005,"Utah","Cache County",3,75,513,248,265
050,49,005,"Utah","Cache County",3,76,488,233,255
050,49,005,"Utah","Cache County",3,77,500,243,257
050,49,005,"Utah","Cache County",3,78,498,229,269
050,49,005,"Utah","Cache County",3,79,431,194,237
050,49,005,"Utah","Cache County",3,80,388,168,220
050,49,005,"Utah","Cache County",3,81,338,150,188
050,49,005,"Utah","Cache County",3,82,318,152,166
050,49,005,"Utah","Cache County",3,83,310,150,160
050,49,005,"Utah","Cache County",3,84,273,124,149
050,49,005,"Utah","Cache County",3,85,1380,594,786
050,49,005,"Utah","Cache County",4,0,2102,1047,1055
050,49,005,"Utah","Cache County",4,1,2010,1003,1007
050,49,005,"Utah","Cache County",4,2,2148,1110,1038
050,49,005,"Utah","Cache County",4,3,2045,1023,1022
050,49,005,"Utah","Cache County",4,4,2140,1078,1062
050,49,005,"Utah","Cache County",4,5,2158,1098,1060
050,49,005,"Utah","Cache County",4,6,2278,1183,1095
050,49,005,"Utah","Cache County",4,7,2303,1183,1120
050,49,005,"Utah","Cache County",4,8,2286,1144,1142
050,49,005,"Utah","Cache County",4,9,2326,1175,1151
050,49,005,"Utah","Cache County",4,10,2316,1156,1160
050,49,005,"Utah","Cache County",4,11,2329,1212,1117
050,49,005,"Utah","Cache County",4,12,2416,1250,1166
050,49,005,"Utah","Cache County",4,13,2407,1205,1202
050,49,005,"Utah","Cache County",4,14,2465,1244,1221
050,49,005,"Utah","Cache County",4,15,2481,1281,1200
050,49,005,"Utah","Cache County",4,16,2458,1243,1215
050,49,005,"Utah","Cache County",4,17,2394,1197,1197
050,49,005,"Utah","Cache County",4,18,2918,1377,1541
050,49,005,"Utah","Cache County",4,19,3489,1393,2096
050,49,005,"Utah","Cache County",4,20,3643,1382,2261
050,49,005,"Utah","Cache County",4,21,4083,1885,2198
050,49,005,"Utah","Cache County",4,22,4441,2369,2072
050,49,005,"Utah","Cache County",4,23,4172,2288,1884
050,49,005,"Utah","Cache County",4,24,3512,1940,1572
050,49,005,"Utah","Cache County",4,25,2851,1568,1283
050,49,005,"Utah","Cache County",4,26,2383,1304,1079
050,49,005,"Utah","Cache County",4,27,2146,1130,1016
050,49,005,"Utah","Cache County",4,28,2000,1013,987
050,49,005,"Utah","Cache County",4,29,1922,1008,914
050,49,005,"Utah","Cache County",4,30,1870,973,897
050,49,005,"Utah","Cache County",4,31,1855,937,918
050,49,005,"Utah","Cache County",4,32,1723,897,826
050,49,005,"Utah","Cache County",4,33,1602,850,752
050,49,005,"Utah","Cache County",4,34,1553,809,744
050,49,005,"Utah","Cache County",4,35,1425,734,691
050,49,005,"Utah","Cache County",4,36,1510,758,752
050,49,005,"Utah","Cache County",4,37,1616,827,789
050,49,005,"Utah","Cache County",4,38,1593,803,790
050,49,005,"Utah","Cache County",4,39,1671,846,825
050,49,005,"Utah","Cache County",4,40,1707,879,828
050,49,005,"Utah","Cache County",4,41,1719,871,848
050,49,005,"Utah","Cache County",4,42,1658,828,830
050,49,005,"Utah","Cache County",4,43,1587,778,809
050,49,005,"Utah","Cache County",4,44,1643,823,820
050,49,005,"Utah","Cache County",4,45,1582,817,765
050,49,005,"Utah","Cache County",4,46,1472,766,706
050,49,005,"Utah","Cache County",4,47,1387,701,686
050,49,005,"Utah","Cache County",4,48,1321,664,657
050,49,005,"Utah","Cache County",4,49,1244,628,616
050,49,005,"Utah","Cache County",4,50,1202,615,587
050,49,005,"Utah","Cache County",4,51,1218,620,598
050,49,005,"Utah","Cache County",4,52,1127,572,555
050,49,005,"Utah","Cache County",4,53,1058,555,503
050,49,005,"Utah","Cache County",4,54,994,521,473
050,49,005,"Utah","Cache County",4,55,996,526,470
050,49,005,"Utah","Cache County",4,56,962,484,478
050,49,005,"Utah","Cache County",4,57,973,490,483
050,49,005,"Utah","Cache County",4,58,1020,496,524
050,49,005,"Utah","Cache County",4,59,1007,495,512
050,49,005,"Utah","Cache County",4,60,1045,516,529
050,49,005,"Utah","Cache County",4,61,1061,505,556
050,49,005,"Utah","Cache County",4,62,1032,498,534
050,49,005,"Utah","Cache County",4,63,976,496,480
050,49,005,"Utah","Cache County",4,64,980,485,495
050,49,005,"Utah","Cache County",4,65,980,461,519
050,49,005,"Utah","Cache County",4,66,907,424,483
050,49,005,"Utah","Cache County",4,67,948,457,491
050,49,005,"Utah","Cache County",4,68,910,440,470
050,49,005,"Utah","Cache County",4,69,884,429,455
050,49,005,"Utah","Cache County",4,70,838,403,435
050,49,005,"Utah","Cache County",4,71,810,392,418
050,49,005,"Utah","Cache County",4,72,751,359,392
050,49,005,"Utah","Cache County",4,73,704,337,367
050,49,005,"Utah","Cache County",4,74,659,319,340
050,49,005,"Utah","Cache County",4,75,717,360,357
050,49,005,"Utah","Cache County",4,76,505,247,258
050,49,005,"Utah","Cache County",4,77,480,222,258
050,49,005,"Utah","Cache County",4,78,478,228,250
050,49,005,"Utah","Cache County",4,79,473,222,251
050,49,005,"Utah","Cache County",4,80,418,184,234
050,49,005,"Utah","Cache County",4,81,371,161,210
050,49,005,"Utah","Cache County",4,82,324,140,184
050,49,005,"Utah","Cache County",4,83,300,145,155
050,49,005,"Utah","Cache County",4,84,279,133,146
050,49,005,"Utah","Cache County",4,85,1398,601,797
050,49,005,"Utah","Cache County",5,0,2120,1057,1063
050,49,005,"Utah","Cache County",5,1,2063,1039,1024
050,49,005,"Utah","Cache County",5,2,2012,1001,1011
050,49,005,"Utah","Cache County",5,3,2124,1103,1021
050,49,005,"Utah","Cache County",5,4,2058,1038,1020
050,49,005,"Utah","Cache County",5,5,2158,1095,1063
050,49,005,"Utah","Cache County",5,6,2203,1114,1089
050,49,005,"Utah","Cache County",5,7,2296,1204,1092
050,49,005,"Utah","Cache County",5,8,2310,1192,1118
050,49,005,"Utah","Cache County",5,9,2302,1147,1155
050,49,005,"Utah","Cache County",5,10,2317,1187,1130
050,49,005,"Utah","Cache County",5,11,2327,1161,1166
050,49,005,"Utah","Cache County",5,12,2384,1239,1145
050,49,005,"Utah","Cache County",5,13,2430,1245,1185
050,49,005,"Utah","Cache County",5,14,2435,1221,1214
050,49,005,"Utah","Cache County",5,15,2497,1265,1232
050,49,005,"Utah","Cache County",5,16,2508,1289,1219
050,49,005,"Utah","Cache County",5,17,2475,1265,1210
050,49,005,"Utah","Cache County",5,18,2988,1401,1587
050,49,005,"Utah","Cache County",5,19,3570,1407,2163
050,49,005,"Utah","Cache County",5,20,3702,1417,2285
050,49,005,"Utah","Cache County",5,21,4169,1903,2266
050,49,005,"Utah","Cache County",5,22,4534,2427,2107
050,49,005,"Utah","Cache County",5,23,4408,2452,1956
050,49,005,"Utah","Cache County",5,24,3699,2066,1633
050,49,005,"Utah","Cache County",5,25,2839,1551,1288
050,49,005,"Utah","Cache County",5,26,2345,1261,1084
050,49,005,"Utah","Cache County",5,27,2149,1127,1022
050,49,005,"Utah","Cache County",5,28,2054,1059,995
050,49,005,"Utah","Cache County",5,29,1937,986,951
050,49,005,"Utah","Cache County",5,30,1917,1004,913
050,49,005,"Utah","Cache County",5,31,1812,933,879
050,49,005,"Utah","Cache County",5,32,1847,938,909
050,49,005,"Utah","Cache County",5,33,1710,879,831
050,49,005,"Utah","Cache County",5,34,1610,857,753
050,49,005,"Utah","Cache County",5,35,1540,799,741
050,49,005,"Utah","Cache County",5,36,1435,735,700
050,49,005,"Utah","Cache County",5,37,1525,767,758
050,49,005,"Utah","Cache County",5,38,1596,808,788
050,49,005,"Utah","Cache County",5,39,1600,791,809
050,49,005,"Utah","Cache County",5,40,1680,859,821
050,49,005,"Utah","Cache County",5,41,1709,891,818
050,49,005,"Utah","Cache County",5,42,1725,870,855
050,49,005,"Utah","Cache County",5,43,1653,829,824
050,49,005,"Utah","Cache County",5,44,1606,796,810
050,49,005,"Utah","Cache County",5,45,1640,816,824
050,49,005,"Utah","Cache County",5,46,1598,817,781
050,49,005,"Utah","Cache County",5,47,1462,760,702
050,49,005,"Utah","Cache County",5,48,1405,713,692
050,49,005,"Utah","Cache County",5,49,1332,673,659
050,49,005,"Utah","Cache County",5,50,1255,620,635
050,49,005,"Utah","Cache County",5,51,1206,620,586
050,49,005,"Utah","Cache County",5,52,1218,620,598
050,49,005,"Utah","Cache County",5,53,1113,569,544
050,49,005,"Utah","Cache County",5,54,1076,561,515
050,49,005,"Utah","Cache County",5,55,1003,531,472
050,49,005,"Utah","Cache County",5,56,995,522,473
050,49,005,"Utah","Cache County",5,57,961,480,481
050,49,005,"Utah","Cache County",5,58,964,486,478
050,49,005,"Utah","Cache County",5,59,1025,498,527
050,49,005,"Utah","Cache County",5,60,992,489,503
050,49,005,"Utah","Cache County",5,61,1040,518,522
050,49,005,"Utah","Cache County",5,62,1060,509,551
050,49,005,"Utah","Cache County",5,63,1017,488,529
050,49,005,"Utah","Cache County",5,64,971,493,478
050,49,005,"Utah","Cache County",5,65,970,477,493
050,49,005,"Utah","Cache County",5,66,973,453,520
050,49,005,"Utah","Cache County",5,67,905,428,477
050,49,005,"Utah","Cache County",5,68,950,448,502
050,49,005,"Utah","Cache County",5,69,914,440,474
050,49,005,"Utah","Cache County",5,70,861,418,443
050,49,005,"Utah","Cache County",5,71,829,400,429
050,49,005,"Utah","Cache County",5,72,790,378,412
050,49,005,"Utah","Cache County",5,73,754,359,395
050,49,005,"Utah","Cache County",5,74,708,334,374
050,49,005,"Utah","Cache County",5,75,649,318,331
050,49,005,"Utah","Cache County",5,76,715,359,356
050,49,005,"Utah","Cache County",5,77,495,237,258
050,49,005,"Utah","Cache County",5,78,466,205,261
050,49,005,"Utah","Cache County",5,79,467,221,246
050,49,005,"Utah","Cache County",5,80,462,216,246
050,49,005,"Utah","Cache County",5,81,392,168,224
050,49,005,"Utah","Cache County",5,82,356,149,207
050,49,005,"Utah","Cache County",5,83,304,134,170
050,49,005,"Utah","Cache County",5,84,272,127,145
050,49,005,"Utah","Cache County",5,85,1450,620,830
050,49,007,"Utah","Carbon County",1,0,245,126,119
050,49,007,"Utah","Carbon County",1,1,270,136,134
050,49,007,"Utah","Carbon County",1,2,256,127,129
050,49,007,"Utah","Carbon County",1,3,246,128,118
050,49,007,"Utah","Carbon County",1,4,271,146,125
050,49,007,"Utah","Carbon County",1,5,258,139,119
050,49,007,"Utah","Carbon County",1,6,292,155,137
050,49,007,"Utah","Carbon County",1,7,318,166,152
050,49,007,"Utah","Carbon County",1,8,305,175,130
050,49,007,"Utah","Carbon County",1,9,295,165,130
050,49,007,"Utah","Carbon County",1,10,299,158,141
050,49,007,"Utah","Carbon County",1,11,341,184,157
050,49,007,"Utah","Carbon County",1,12,346,184,162
050,49,007,"Utah","Carbon County",1,13,334,167,167
050,49,007,"Utah","Carbon County",1,14,320,153,167
050,49,007,"Utah","Carbon County",1,15,336,168,168
050,49,007,"Utah","Carbon County",1,16,325,153,172
050,49,007,"Utah","Carbon County",1,17,321,150,171
050,49,007,"Utah","Carbon County",1,18,277,123,154
050,49,007,"Utah","Carbon County",1,19,253,122,131
050,49,007,"Utah","Carbon County",1,20,259,140,119
050,49,007,"Utah","Carbon County",1,21,221,117,104
050,49,007,"Utah","Carbon County",1,22,233,111,122
050,49,007,"Utah","Carbon County",1,23,232,114,118
050,49,007,"Utah","Carbon County",1,24,220,112,108
050,49,007,"Utah","Carbon County",1,25,216,112,104
050,49,007,"Utah","Carbon County",1,26,224,115,109
050,49,007,"Utah","Carbon County",1,27,214,106,108
050,49,007,"Utah","Carbon County",1,28,256,133,123
050,49,007,"Utah","Carbon County",1,29,249,126,123
050,49,007,"Utah","Carbon County",1,30,247,128,119
050,49,007,"Utah","Carbon County",1,31,215,94,121
050,49,007,"Utah","Carbon County",1,32,227,111,116
050,49,007,"Utah","Carbon County",1,33,236,122,114
050,49,007,"Utah","Carbon County",1,34,237,108,129
050,49,007,"Utah","Carbon County",1,35,251,130,121
050,49,007,"Utah","Carbon County",1,36,260,123,137
050,49,007,"Utah","Carbon County",1,37,294,148,146
050,49,007,"Utah","Carbon County",1,38,283,133,150
050,49,007,"Utah","Carbon County",1,39,273,138,135
050,49,007,"Utah","Carbon County",1,40,285,147,138
050,49,007,"Utah","Carbon County",1,41,266,131,135
050,49,007,"Utah","Carbon County",1,42,264,131,133
050,49,007,"Utah","Carbon County",1,43,259,132,127
050,49,007,"Utah","Carbon County",1,44,233,123,110
050,49,007,"Utah","Carbon County",1,45,244,116,128
050,49,007,"Utah","Carbon County",1,46,221,115,106
050,49,007,"Utah","Carbon County",1,47,237,114,123
050,49,007,"Utah","Carbon County",1,48,205,99,106
050,49,007,"Utah","Carbon County",1,49,225,118,107
050,49,007,"Utah","Carbon County",1,50,212,104,108
050,49,007,"Utah","Carbon County",1,51,201,95,106
050,49,007,"Utah","Carbon County",1,52,186,93,93
050,49,007,"Utah","Carbon County",1,53,192,103,89
050,49,007,"Utah","Carbon County",1,54,185,99,86
050,49,007,"Utah","Carbon County",1,55,212,106,106
050,49,007,"Utah","Carbon County",1,56,225,108,117
050,49,007,"Utah","Carbon County",1,57,240,105,135
050,49,007,"Utah","Carbon County",1,58,252,109,143
050,49,007,"Utah","Carbon County",1,59,252,139,113
050,49,007,"Utah","Carbon County",1,60,231,132,99
050,49,007,"Utah","Carbon County",1,61,262,128,134
050,49,007,"Utah","Carbon County",1,62,285,139,146
050,49,007,"Utah","Carbon County",1,63,305,150,155
050,49,007,"Utah","Carbon County",1,64,289,148,141
050,49,007,"Utah","Carbon County",1,65,294,158,136
050,49,007,"Utah","Carbon County",1,66,280,144,136
050,49,007,"Utah","Carbon County",1,67,241,133,108
050,49,007,"Utah","Carbon County",1,68,244,131,113
050,49,007,"Utah","Carbon County",1,69,234,113,121
050,49,007,"Utah","Carbon County",1,70,231,108,123
050,49,007,"Utah","Carbon County",1,71,220,107,113
050,49,007,"Utah","Carbon County",1,72,215,110,105
050,49,007,"Utah","Carbon County",1,73,211,104,107
050,49,007,"Utah","Carbon County",1,74,151,79,72
050,49,007,"Utah","Carbon County",1,75,140,70,70
050,49,007,"Utah","Carbon County",1,76,143,66,77
050,49,007,"Utah","Carbon County",1,77,133,64,69
050,49,007,"Utah","Carbon County",1,78,101,48,53
050,49,007,"Utah","Carbon County",1,79,99,47,52
050,49,007,"Utah","Carbon County",1,80,88,43,45
050,49,007,"Utah","Carbon County",1,81,92,39,53
050,49,007,"Utah","Carbon County",1,82,86,39,47
050,49,007,"Utah","Carbon County",1,83,72,27,45
050,49,007,"Utah","Carbon County",1,84,70,30,40
050,49,007,"Utah","Carbon County",1,85,348,130,218
050,49,007,"Utah","Carbon County",2,0,255,125,130
050,49,007,"Utah","Carbon County",2,1,263,132,131
050,49,007,"Utah","Carbon County",2,2,260,129,131
050,49,007,"Utah","Carbon County",2,3,250,129,121
050,49,007,"Utah","Carbon County",2,4,265,143,122
050,49,007,"Utah","Carbon County",2,5,263,141,122
050,49,007,"Utah","Carbon County",2,6,287,152,135
050,49,007,"Utah","Carbon County",2,7,311,165,146
050,49,007,"Utah","Carbon County",2,8,308,172,136
050,49,007,"Utah","Carbon County",2,9,296,166,130
050,49,007,"Utah","Carbon County",2,10,302,161,141
050,49,007,"Utah","Carbon County",2,11,332,178,154
050,49,007,"Utah","Carbon County",2,12,347,186,161
050,49,007,"Utah","Carbon County",2,13,337,170,167
050,49,007,"Utah","Carbon County",2,14,324,156,168
050,49,007,"Utah","Carbon County",2,15,332,163,169
050,49,007,"Utah","Carbon County",2,16,331,157,174
050,49,007,"Utah","Carbon County",2,17,324,151,173
050,49,007,"Utah","Carbon County",2,18,283,128,155
050,49,007,"Utah","Carbon County",2,19,251,120,131
050,49,007,"Utah","Carbon County",2,20,261,138,123
050,49,007,"Utah","Carbon County",2,21,230,122,108
050,49,007,"Utah","Carbon County",2,22,233,115,118
050,49,007,"Utah","Carbon County",2,23,234,115,119
050,49,007,"Utah","Carbon County",2,24,223,114,109
050,49,007,"Utah","Carbon County",2,25,221,114,107
050,49,007,"Utah","Carbon County",2,26,223,115,108
050,49,007,"Utah","Carbon County",2,27,215,108,107
050,49,007,"Utah","Carbon County",2,28,249,129,120
050,49,007,"Utah","Carbon County",2,29,252,128,124
050,49,007,"Utah","Carbon County",2,30,249,127,122
050,49,007,"Utah","Carbon County",2,31,224,103,121
050,49,007,"Utah","Carbon County",2,32,225,109,116
050,49,007,"Utah","Carbon County",2,33,234,120,114
050,49,007,"Utah","Carbon County",2,34,234,110,124
050,49,007,"Utah","Carbon County",2,35,252,126,126
050,49,007,"Utah","Carbon County",2,36,254,122,132
050,49,007,"Utah","Carbon County",2,37,289,143,146
050,49,007,"Utah","Carbon County",2,38,287,138,149
050,49,007,"Utah","Carbon County",2,39,276,136,140
050,49,007,"Utah","Carbon County",2,40,286,147,139
050,49,007,"Utah","Carbon County",2,41,269,135,134
050,49,007,"Utah","Carbon County",2,42,264,131,133
050,49,007,"Utah","Carbon County",2,43,261,133,128
050,49,007,"Utah","Carbon County",2,44,241,127,114
050,49,007,"Utah","Carbon County",2,45,243,118,125
050,49,007,"Utah","Carbon County",2,46,228,117,111
050,49,007,"Utah","Carbon County",2,47,234,115,119
050,49,007,"Utah","Carbon County",2,48,211,103,108
050,49,007,"Utah","Carbon County",2,49,223,116,107
050,49,007,"Utah","Carbon County",2,50,217,108,109
050,49,007,"Utah","Carbon County",2,51,208,101,107
050,49,007,"Utah","Carbon County",2,52,185,91,94
050,49,007,"Utah","Carbon County",2,53,191,101,90
050,49,007,"Utah","Carbon County",2,54,185,99,86
050,49,007,"Utah","Carbon County",2,55,205,104,101
050,49,007,"Utah","Carbon County",2,56,223,108,115
050,49,007,"Utah","Carbon County",2,57,233,103,130
050,49,007,"Utah","Carbon County",2,58,248,109,139
050,49,007,"Utah","Carbon County",2,59,250,131,119
050,49,007,"Utah","Carbon County",2,60,235,133,102
050,49,007,"Utah","Carbon County",2,61,255,130,125
050,49,007,"Utah","Carbon County",2,62,277,134,143
050,49,007,"Utah","Carbon County",2,63,306,150,156
050,49,007,"Utah","Carbon County",2,64,292,149,143
050,49,007,"Utah","Carbon County",2,65,293,155,138
050,49,007,"Utah","Carbon County",2,66,284,148,136
050,49,007,"Utah","Carbon County",2,67,247,134,113
050,49,007,"Utah","Carbon County",2,68,242,130,112
050,49,007,"Utah","Carbon County",2,69,235,117,118
050,49,007,"Utah","Carbon County",2,70,234,110,124
050,49,007,"Utah","Carbon County",2,71,221,106,115
050,49,007,"Utah","Carbon County",2,72,215,108,107
050,49,007,"Utah","Carbon County",2,73,223,110,113
050,49,007,"Utah","Carbon County",2,74,154,80,74
050,49,007,"Utah","Carbon County",2,75,142,72,70
050,49,007,"Utah","Carbon County",2,76,139,66,73
050,49,007,"Utah","Carbon County",2,77,139,66,73
050,49,007,"Utah","Carbon County",2,78,108,51,57
050,49,007,"Utah","Carbon County",2,79,95,45,50
050,49,007,"Utah","Carbon County",2,80,92,44,48
050,49,007,"Utah","Carbon County",2,81,89,39,50
050,49,007,"Utah","Carbon County",2,82,87,39,48
050,49,007,"Utah","Carbon County",2,83,75,30,45
050,49,007,"Utah","Carbon County",2,84,70,30,40
050,49,007,"Utah","Carbon County",2,85,347,127,220
050,49,007,"Utah","Carbon County",3,0,230,116,114
050,49,007,"Utah","Carbon County",3,1,254,126,128
050,49,007,"Utah","Carbon County",3,2,245,122,123
050,49,007,"Utah","Carbon County",3,3,239,123,116
050,49,007,"Utah","Carbon County",3,4,234,125,109
050,49,007,"Utah","Carbon County",3,5,274,141,133
050,49,007,"Utah","Carbon County",3,6,274,141,133
050,49,007,"Utah","Carbon County",3,7,280,146,134
050,49,007,"Utah","Carbon County",3,8,300,158,142
050,49,007,"Utah","Carbon County",3,9,314,170,144
050,49,007,"Utah","Carbon County",3,10,301,170,131
050,49,007,"Utah","Carbon County",3,11,302,162,140
050,49,007,"Utah","Carbon County",3,12,323,173,150
050,49,007,"Utah","Carbon County",3,13,338,181,157
050,49,007,"Utah","Carbon County",3,14,336,166,170
050,49,007,"Utah","Carbon County",3,15,316,152,164
050,49,007,"Utah","Carbon County",3,16,324,158,166
050,49,007,"Utah","Carbon County",3,17,328,150,178
050,49,007,"Utah","Carbon County",3,18,291,138,153
050,49,007,"Utah","Carbon County",3,19,242,109,133
050,49,007,"Utah","Carbon County",3,20,253,119,134
050,49,007,"Utah","Carbon County",3,21,275,144,131
050,49,007,"Utah","Carbon County",3,22,230,129,101
050,49,007,"Utah","Carbon County",3,23,232,111,121
050,49,007,"Utah","Carbon County",3,24,230,117,113
050,49,007,"Utah","Carbon County",3,25,224,115,109
050,49,007,"Utah","Carbon County",3,26,218,114,104
050,49,007,"Utah","Carbon County",3,27,226,117,109
050,49,007,"Utah","Carbon County",3,28,216,104,112
050,49,007,"Utah","Carbon County",3,29,260,140,120
050,49,007,"Utah","Carbon County",3,30,251,127,124
050,49,007,"Utah","Carbon County",3,31,248,129,119
050,49,007,"Utah","Carbon County",3,32,234,110,124
050,49,007,"Utah","Carbon County",3,33,221,111,110
050,49,007,"Utah","Carbon County",3,34,237,121,116
050,49,007,"Utah","Carbon County",3,35,244,115,129
050,49,007,"Utah","Carbon County",3,36,252,124,128
050,49,007,"Utah","Carbon County",3,37,252,119,133
050,49,007,"Utah","Carbon County",3,38,285,147,138
050,49,007,"Utah","Carbon County",3,39,290,144,146
050,49,007,"Utah","Carbon County",3,40,272,131,141
050,49,007,"Utah","Carbon County",3,41,290,149,141
050,49,007,"Utah","Carbon County",3,42,258,127,131
050,49,007,"Utah","Carbon County",3,43,256,132,124
050,49,007,"Utah","Carbon County",3,44,268,142,126
050,49,007,"Utah","Carbon County",3,45,243,121,122
050,49,007,"Utah","Carbon County",3,46,233,114,119
050,49,007,"Utah","Carbon County",3,47,226,115,111
050,49,007,"Utah","Carbon County",3,48,220,109,111
050,49,007,"Utah","Carbon County",3,49,209,104,105
050,49,007,"Utah","Carbon County",3,50,220,111,109
050,49,007,"Utah","Carbon County",3,51,232,122,110
050,49,007,"Utah","Carbon County",3,52,195,91,104
050,49,007,"Utah","Carbon County",3,53,192,92,100
050,49,007,"Utah","Carbon County",3,54,198,101,97
050,49,007,"Utah","Carbon County",3,55,178,91,87
050,49,007,"Utah","Carbon County",3,56,206,100,106
050,49,007,"Utah","Carbon County",3,57,226,110,116
050,49,007,"Utah","Carbon County",3,58,244,117,127
050,49,007,"Utah","Carbon County",3,59,234,101,133
050,49,007,"Utah","Carbon County",3,60,248,124,124
050,49,007,"Utah","Carbon County",3,61,243,138,105
050,49,007,"Utah","Carbon County",3,62,261,134,127
050,49,007,"Utah","Carbon County",3,63,279,135,144
050,49,007,"Utah","Carbon County",3,64,301,153,148
050,49,007,"Utah","Carbon County",3,65,286,145,141
050,49,007,"Utah","Carbon County",3,66,292,155,137
050,49,007,"Utah","Carbon County",3,67,285,148,137
050,49,007,"Utah","Carbon County",3,68,247,131,116
050,49,007,"Utah","Carbon County",3,69,236,125,111
050,49,007,"Utah","Carbon County",3,70,232,114,118
050,49,007,"Utah","Carbon County",3,71,235,109,126
050,49,007,"Utah","Carbon County",3,72,205,96,109
050,49,007,"Utah","Carbon County",3,73,210,104,106
050,49,007,"Utah","Carbon County",3,74,216,109,107
050,49,007,"Utah","Carbon County",3,75,150,76,74
050,49,007,"Utah","Carbon County",3,76,131,67,64
050,49,007,"Utah","Carbon County",3,77,135,65,70
050,49,007,"Utah","Carbon County",3,78,118,50,68
050,49,007,"Utah","Carbon County",3,79,105,50,55
050,49,007,"Utah","Carbon County",3,80,91,41,50
050,49,007,"Utah","Carbon County",3,81,78,35,43
050,49,007,"Utah","Carbon County",3,82,82,40,42
050,49,007,"Utah","Carbon County",3,83,71,25,46
050,49,007,"Utah","Carbon County",3,84,74,33,41
050,49,007,"Utah","Carbon County",3,85,326,111,215
050,49,007,"Utah","Carbon County",4,0,224,114,110
050,49,007,"Utah","Carbon County",4,1,222,119,103
050,49,007,"Utah","Carbon County",4,2,267,133,134
050,49,007,"Utah","Carbon County",4,3,255,127,128
050,49,007,"Utah","Carbon County",4,4,253,136,117
050,49,007,"Utah","Carbon County",4,5,225,120,105
050,49,007,"Utah","Carbon County",4,6,282,146,136
050,49,007,"Utah","Carbon County",4,7,277,138,139
050,49,007,"Utah","Carbon County",4,8,274,151,123
050,49,007,"Utah","Carbon County",4,9,306,158,148
050,49,007,"Utah","Carbon County",4,10,330,182,148
050,49,007,"Utah","Carbon County",4,11,310,175,135
050,49,007,"Utah","Carbon County",4,12,308,158,150
050,49,007,"Utah","Carbon County",4,13,330,177,153
050,49,007,"Utah","Carbon County",4,14,342,192,150
050,49,007,"Utah","Carbon County",4,15,347,174,173
050,49,007,"Utah","Carbon County",4,16,320,157,163
050,49,007,"Utah","Carbon County",4,17,330,157,173
050,49,007,"Utah","Carbon County",4,18,294,138,156
050,49,007,"Utah","Carbon County",4,19,242,118,124
050,49,007,"Utah","Carbon County",4,20,253,119,134
050,49,007,"Utah","Carbon County",4,21,252,124,128
050,49,007,"Utah","Carbon County",4,22,277,150,127
050,49,007,"Utah","Carbon County",4,23,221,116,105
050,49,007,"Utah","Carbon County",4,24,232,105,127
050,49,007,"Utah","Carbon County",4,25,237,127,110
050,49,007,"Utah","Carbon County",4,26,228,110,118
050,49,007,"Utah","Carbon County",4,27,217,115,102
050,49,007,"Utah","Carbon County",4,28,233,122,111
050,49,007,"Utah","Carbon County",4,29,208,98,110
050,49,007,"Utah","Carbon County",4,30,257,139,118
050,49,007,"Utah","Carbon County",4,31,256,122,134
050,49,007,"Utah","Carbon County",4,32,245,128,117
050,49,007,"Utah","Carbon County",4,33,229,108,121
050,49,007,"Utah","Carbon County",4,34,229,109,120
050,49,007,"Utah","Carbon County",4,35,252,132,120
050,49,007,"Utah","Carbon County",4,36,237,115,122
050,49,007,"Utah","Carbon County",4,37,267,127,140
050,49,007,"Utah","Carbon County",4,38,250,116,134
050,49,007,"Utah","Carbon County",4,39,284,143,141
050,49,007,"Utah","Carbon County",4,40,285,132,153
050,49,007,"Utah","Carbon County",4,41,286,139,147
050,49,007,"Utah","Carbon County",4,42,293,151,142
050,49,007,"Utah","Carbon County",4,43,270,132,138
050,49,007,"Utah","Carbon County",4,44,277,147,130
050,49,007,"Utah","Carbon County",4,45,274,138,136
050,49,007,"Utah","Carbon County",4,46,248,125,123
050,49,007,"Utah","Carbon County",4,47,234,113,121
050,49,007,"Utah","Carbon County",4,48,236,123,113
050,49,007,"Utah","Carbon County",4,49,222,114,108
050,49,007,"Utah","Carbon County",4,50,220,103,117
050,49,007,"Utah","Carbon County",4,51,236,126,110
050,49,007,"Utah","Carbon County",4,52,221,112,109
050,49,007,"Utah","Carbon County",4,53,201,92,109
050,49,007,"Utah","Carbon County",4,54,199,89,110
050,49,007,"Utah","Carbon County",4,55,187,97,90
050,49,007,"Utah","Carbon County",4,56,180,90,90
050,49,007,"Utah","Carbon County",4,57,205,101,104
050,49,007,"Utah","Carbon County",4,58,239,122,117
050,49,007,"Utah","Carbon County",4,59,240,115,125
050,49,007,"Utah","Carbon County",4,60,235,102,133
050,49,007,"Utah","Carbon County",4,61,251,124,127
050,49,007,"Utah","Carbon County",4,62,243,137,106
050,49,007,"Utah","Carbon County",4,63,256,130,126
050,49,007,"Utah","Carbon County",4,64,288,142,146
050,49,007,"Utah","Carbon County",4,65,293,151,142
050,49,007,"Utah","Carbon County",4,66,285,147,138
050,49,007,"Utah","Carbon County",4,67,291,152,139
050,49,007,"Utah","Carbon County",4,68,281,144,137
050,49,007,"Utah","Carbon County",4,69,242,126,116
050,49,007,"Utah","Carbon County",4,70,237,125,112
050,49,007,"Utah","Carbon County",4,71,230,111,119
050,49,007,"Utah","Carbon County",4,72,225,103,122
050,49,007,"Utah","Carbon County",4,73,203,96,107
050,49,007,"Utah","Carbon County",4,74,207,103,104
050,49,007,"Utah","Carbon County",4,75,213,102,111
050,49,007,"Utah","Carbon County",4,76,143,77,66
050,49,007,"Utah","Carbon County",4,77,133,69,64
050,49,007,"Utah","Carbon County",4,78,113,51,62
050,49,007,"Utah","Carbon County",4,79,111,44,67
050,49,007,"Utah","Carbon County",4,80,99,49,50
050,49,007,"Utah","Carbon County",4,81,84,37,47
050,49,007,"Utah","Carbon County",4,82,75,36,39
050,49,007,"Utah","Carbon County",4,83,69,27,42
050,49,007,"Utah","Carbon County",4,84,66,27,39
050,49,007,"Utah","Carbon County",4,85,312,104,208
050,49,007,"Utah","Carbon County",5,0,225,115,110
050,49,007,"Utah","Carbon County",5,1,212,104,108
050,49,007,"Utah","Carbon County",5,2,239,125,114
050,49,007,"Utah","Carbon County",5,3,274,141,133
050,49,007,"Utah","Carbon County",5,4,267,138,129
050,49,007,"Utah","Carbon County",5,5,258,135,123
050,49,007,"Utah","Carbon County",5,6,234,128,106
050,49,007,"Utah","Carbon County",5,7,285,154,131
050,49,007,"Utah","Carbon County",5,8,286,146,140
050,49,007,"Utah","Carbon County",5,9,274,149,125
050,49,007,"Utah","Carbon County",5,10,311,162,149
050,49,007,"Utah","Carbon County",5,11,324,182,142
050,49,007,"Utah","Carbon County",5,12,320,182,138
050,49,007,"Utah","Carbon County",5,13,313,161,152
050,49,007,"Utah","Carbon County",5,14,333,181,152
050,49,007,"Utah","Carbon County",5,15,343,187,156
050,49,007,"Utah","Carbon County",5,16,354,175,179
050,49,007,"Utah","Carbon County",5,17,328,162,166
050,49,007,"Utah","Carbon County",5,18,288,140,148
050,49,007,"Utah","Carbon County",5,19,235,116,119
050,49,007,"Utah","Carbon County",5,20,252,122,130
050,49,007,"Utah","Carbon County",5,21,246,108,138
050,49,007,"Utah","Carbon County",5,22,260,120,140
050,49,007,"Utah","Carbon County",5,23,289,147,142
050,49,007,"Utah","Carbon County",5,24,232,123,109
050,49,007,"Utah","Carbon County",5,25,227,119,108
050,49,007,"Utah","Carbon County",5,26,236,130,106
050,49,007,"Utah","Carbon County",5,27,217,106,111
050,49,007,"Utah","Carbon County",5,28,228,117,111
050,49,007,"Utah","Carbon County",5,29,228,120,108
050,49,007,"Utah","Carbon County",5,30,210,95,115
050,49,007,"Utah","Carbon County",5,31,256,135,121
050,49,007,"Utah","Carbon County",5,32,262,126,136
050,49,007,"Utah","Carbon County",5,33,254,137,117
050,49,007,"Utah","Carbon County",5,34,234,110,124
050,49,007,"Utah","Carbon County",5,35,248,121,127
050,49,007,"Utah","Carbon County",5,36,250,132,118
050,49,007,"Utah","Carbon County",5,37,233,110,123
050,49,007,"Utah","Carbon County",5,38,277,134,143
050,49,007,"Utah","Carbon County",5,39,252,115,137
050,49,007,"Utah","Carbon County",5,40,286,138,148
050,49,007,"Utah","Carbon County",5,41,284,135,149
050,49,007,"Utah","Carbon County",5,42,291,142,149
050,49,007,"Utah","Carbon County",5,43,302,156,146
050,49,007,"Utah","Carbon County",5,44,273,137,136
050,49,007,"Utah","Carbon County",5,45,271,139,132
050,49,007,"Utah","Carbon County",5,46,282,139,143
050,49,007,"Utah","Carbon County",5,47,247,124,123
050,49,007,"Utah","Carbon County",5,48,233,113,120
050,49,007,"Utah","Carbon County",5,49,237,129,108
050,49,007,"Utah","Carbon County",5,50,218,109,109
050,49,007,"Utah","Carbon County",5,51,230,116,114
050,49,007,"Utah","Carbon County",5,52,217,113,104
050,49,007,"Utah","Carbon County",5,53,227,117,110
050,49,007,"Utah","Carbon County",5,54,202,93,109
050,49,007,"Utah","Carbon County",5,55,196,85,111
050,49,007,"Utah","Carbon County",5,56,186,93,93
050,49,007,"Utah","Carbon County",5,57,178,87,91
050,49,007,"Utah","Carbon County",5,58,197,98,99
050,49,007,"Utah","Carbon County",5,59,220,113,107
050,49,007,"Utah","Carbon County",5,60,232,104,128
050,49,007,"Utah","Carbon County",5,61,238,102,136
050,49,007,"Utah","Carbon County",5,62,251,126,125
050,49,007,"Utah","Carbon County",5,63,242,137,105
050,49,007,"Utah","Carbon County",5,64,254,127,127
050,49,007,"Utah","Carbon County",5,65,281,138,143
050,49,007,"Utah","Carbon County",5,66,293,153,140
050,49,007,"Utah","Carbon County",5,67,287,145,142
050,49,007,"Utah","Carbon County",5,68,284,145,139
050,49,007,"Utah","Carbon County",5,69,281,145,136
050,49,007,"Utah","Carbon County",5,70,243,128,115
050,49,007,"Utah","Carbon County",5,71,237,121,116
050,49,007,"Utah","Carbon County",5,72,218,103,115
050,49,007,"Utah","Carbon County",5,73,222,100,122
050,49,007,"Utah","Carbon County",5,74,207,99,108
050,49,007,"Utah","Carbon County",5,75,201,96,105
050,49,007,"Utah","Carbon County",5,76,197,96,101
050,49,007,"Utah","Carbon County",5,77,142,77,65
050,49,007,"Utah","Carbon County",5,78,108,53,55
050,49,007,"Utah","Carbon County",5,79,107,49,58
050,49,007,"Utah","Carbon County",5,80,104,44,60
050,49,007,"Utah","Carbon County",5,81,88,44,44
050,49,007,"Utah","Carbon County",5,82,83,35,48
050,49,007,"Utah","Carbon County",5,83,69,29,40
050,49,007,"Utah","Carbon County",5,84,63,30,33
050,49,007,"Utah","Carbon County",5,85,306,98,208
050,49,009,"Utah","Daggett County",1,0,6,3,3
050,49,009,"Utah","Daggett County",1,1,9,4,5
050,49,009,"Utah","Daggett County",1,2,8,5,3
050,49,009,"Utah","Daggett County",1,3,8,5,3
050,49,009,"Utah","Daggett County",1,4,12,4,8
050,49,009,"Utah","Daggett County",1,5,11,5,6
050,49,009,"Utah","Daggett County",1,6,9,4,5
050,49,009,"Utah","Daggett County",1,7,11,6,5
050,49,009,"Utah","Daggett County",1,8,11,8,3
050,49,009,"Utah","Daggett County",1,9,11,8,3
050,49,009,"Utah","Daggett County",1,10,12,8,4
050,49,009,"Utah","Daggett County",1,11,15,10,5
050,49,009,"Utah","Daggett County",1,12,14,7,7
050,49,009,"Utah","Daggett County",1,13,16,10,6
050,49,009,"Utah","Daggett County",1,14,17,12,5
050,49,009,"Utah","Daggett County",1,15,11,9,2
050,49,009,"Utah","Daggett County",1,16,19,12,7
050,49,009,"Utah","Daggett County",1,17,21,15,6
050,49,009,"Utah","Daggett County",1,18,11,6,5
050,49,009,"Utah","Daggett County",1,19,5,4,1
050,49,009,"Utah","Daggett County",1,20,7,4,3
050,49,009,"Utah","Daggett County",1,21,6,4,2
050,49,009,"Utah","Daggett County",1,22,9,3,6
050,49,009,"Utah","Daggett County",1,23,2,0,2
050,49,009,"Utah","Daggett County",1,24,6,1,5
050,49,009,"Utah","Daggett County",1,25,5,3,2
050,49,009,"Utah","Daggett County",1,26,5,2,3
050,49,009,"Utah","Daggett County",1,27,5,2,3
050,49,009,"Utah","Daggett County",1,28,4,1,3
050,49,009,"Utah","Daggett County",1,29,5,2,3
050,49,009,"Utah","Daggett County",1,30,7,4,3
050,49,009,"Utah","Daggett County",1,31,9,5,4
050,49,009,"Utah","Daggett County",1,32,11,5,6
050,49,009,"Utah","Daggett County",1,33,3,1,2
050,49,009,"Utah","Daggett County",1,34,9,6,3
050,49,009,"Utah","Daggett County",1,35,11,5,6
050,49,009,"Utah","Daggett County",1,36,14,8,6
050,49,009,"Utah","Daggett County",1,37,11,6,5
050,49,009,"Utah","Daggett County",1,38,9,4,5
050,49,009,"Utah","Daggett County",1,39,15,6,9
050,49,009,"Utah","Daggett County",1,40,12,4,8
050,49,009,"Utah","Daggett County",1,41,11,6,5
050,49,009,"Utah","Daggett County",1,42,14,10,4
050,49,009,"Utah","Daggett County",1,43,15,7,8
050,49,009,"Utah","Daggett County",1,44,13,7,6
050,49,009,"Utah","Daggett County",1,45,8,4,4
050,49,009,"Utah","Daggett County",1,46,8,5,3
050,49,009,"Utah","Daggett County",1,47,13,7,6
050,49,009,"Utah","Daggett County",1,48,14,8,6
050,49,009,"Utah","Daggett County",1,49,8,4,4
050,49,009,"Utah","Daggett County",1,50,7,4,3
050,49,009,"Utah","Daggett County",1,51,10,6,4
050,49,009,"Utah","Daggett County",1,52,9,5,4
050,49,009,"Utah","Daggett County",1,53,15,11,4
050,49,009,"Utah","Daggett County",1,54,15,8,7
050,49,009,"Utah","Daggett County",1,55,11,8,3
050,49,009,"Utah","Daggett County",1,56,12,6,6
050,49,009,"Utah","Daggett County",1,57,8,4,4
050,49,009,"Utah","Daggett County",1,58,15,6,9
050,49,009,"Utah","Daggett County",1,59,18,9,9
050,49,009,"Utah","Daggett County",1,60,22,15,7
050,49,009,"Utah","Daggett County",1,61,13,8,5
050,49,009,"Utah","Daggett County",1,62,8,4,4
050,49,009,"Utah","Daggett County",1,63,13,6,7
050,49,009,"Utah","Daggett County",1,64,14,7,7
050,49,009,"Utah","Daggett County",1,65,14,7,7
050,49,009,"Utah","Daggett County",1,66,22,15,7
050,49,009,"Utah","Daggett County",1,67,19,11,8
050,49,009,"Utah","Daggett County",1,68,20,12,8
050,49,009,"Utah","Daggett County",1,69,12,7,5
050,49,009,"Utah","Daggett County",1,70,8,3,5
050,49,009,"Utah","Daggett County",1,71,16,8,8
050,49,009,"Utah","Daggett County",1,72,16,9,7
050,49,009,"Utah","Daggett County",1,73,16,8,8
050,49,009,"Utah","Daggett County",1,74,8,3,5
050,49,009,"Utah","Daggett County",1,75,14,9,5
050,49,009,"Utah","Daggett County",1,76,13,9,4
050,49,009,"Utah","Daggett County",1,77,8,5,3
050,49,009,"Utah","Daggett County",1,78,7,4,3
050,49,009,"Utah","Daggett County",1,79,10,5,5
050,49,009,"Utah","Daggett County",1,80,6,4,2
050,49,009,"Utah","Daggett County",1,81,3,3,0
050,49,009,"Utah","Daggett County",1,82,4,3,1
050,49,009,"Utah","Daggett County",1,83,3,1,2
050,49,009,"Utah","Daggett County",1,84,4,2,2
050,49,009,"Utah","Daggett County",1,85,17,14,3
050,49,009,"Utah","Daggett County",2,0,6,3,3
050,49,009,"Utah","Daggett County",2,1,9,4,5
050,49,009,"Utah","Daggett County",2,2,9,5,4
050,49,009,"Utah","Daggett County",2,3,9,5,4
050,49,009,"Utah","Daggett County",2,4,11,4,7
050,49,009,"Utah","Daggett County",2,5,12,5,7
050,49,009,"Utah","Daggett County",2,6,11,5,6
050,49,009,"Utah","Daggett County",2,7,11,6,5
050,49,009,"Utah","Daggett County",2,8,11,7,4
050,49,009,"Utah","Daggett County",2,9,11,8,3
050,49,009,"Utah","Daggett County",2,10,12,8,4
050,49,009,"Utah","Daggett County",2,11,14,9,5
050,49,009,"Utah","Daggett County",2,12,15,8,7
050,49,009,"Utah","Daggett County",2,13,15,9,6
050,49,009,"Utah","Daggett County",2,14,16,11,5
050,49,009,"Utah","Daggett County",2,15,13,10,3
050,49,009,"Utah","Daggett County",2,16,18,12,6
050,49,009,"Utah","Daggett County",2,17,20,14,6
050,49,009,"Utah","Daggett County",2,18,13,8,5
050,49,009,"Utah","Daggett County",2,19,7,5,2
050,49,009,"Utah","Daggett County",2,20,7,4,3
050,49,009,"Utah","Daggett County",2,21,7,4,3
050,49,009,"Utah","Daggett County",2,22,8,3,5
050,49,009,"Utah","Daggett County",2,23,3,0,3
050,49,009,"Utah","Daggett County",2,24,5,1,4
050,49,009,"Utah","Daggett County",2,25,6,3,3
050,49,009,"Utah","Daggett County",2,26,5,2,3
050,49,009,"Utah","Daggett County",2,27,5,2,3
050,49,009,"Utah","Daggett County",2,28,4,1,3
050,49,009,"Utah","Daggett County",2,29,5,2,3
050,49,009,"Utah","Daggett County",2,30,7,4,3
050,49,009,"Utah","Daggett County",2,31,9,5,4
050,49,009,"Utah","Daggett County",2,32,11,5,6
050,49,009,"Utah","Daggett County",2,33,5,2,3
050,49,009,"Utah","Daggett County",2,34,8,5,3
050,49,009,"Utah","Daggett County",2,35,11,6,5
050,49,009,"Utah","Daggett County",2,36,14,8,6
050,49,009,"Utah","Daggett County",2,37,12,7,5
050,49,009,"Utah","Daggett County",2,38,10,5,5
050,49,009,"Utah","Daggett County",2,39,13,5,8
050,49,009,"Utah","Daggett County",2,40,13,5,8
050,49,009,"Utah","Daggett County",2,41,11,6,5
050,49,009,"Utah","Daggett County",2,42,13,9,4
050,49,009,"Utah","Daggett County",2,43,15,8,7
050,49,009,"Utah","Daggett County",2,44,13,7,6
050,49,009,"Utah","Daggett County",2,45,10,5,5
050,49,009,"Utah","Daggett County",2,46,8,5,3
050,49,009,"Utah","Daggett County",2,47,11,6,5
050,49,009,"Utah","Daggett County",2,48,14,8,6
050,49,009,"Utah","Daggett County",2,49,9,5,4
050,49,009,"Utah","Daggett County",2,50,7,4,3
050,49,009,"Utah","Daggett County",2,51,10,6,4
050,49,009,"Utah","Daggett County",2,52,10,6,4
050,49,009,"Utah","Daggett County",2,53,14,10,4
050,49,009,"Utah","Daggett County",2,54,16,9,7
050,49,009,"Utah","Daggett County",2,55,13,9,4
050,49,009,"Utah","Daggett County",2,56,12,7,5
050,49,009,"Utah","Daggett County",2,57,9,5,4
050,49,009,"Utah","Daggett County",2,58,14,6,8
050,49,009,"Utah","Daggett County",2,59,17,8,9
050,49,009,"Utah","Daggett County",2,60,21,14,7
050,49,009,"Utah","Daggett County",2,61,15,9,6
050,49,009,"Utah","Daggett County",2,62,10,5,5
050,49,009,"Utah","Daggett County",2,63,13,6,7
050,49,009,"Utah","Daggett County",2,64,15,7,8
050,49,009,"Utah","Daggett County",2,65,15,8,7
050,49,009,"Utah","Daggett County",2,66,20,13,7
050,49,009,"Utah","Daggett County",2,67,20,12,8
050,49,009,"Utah","Daggett County",2,68,20,12,8
050,49,009,"Utah","Daggett County",2,69,15,9,6
050,49,009,"Utah","Daggett County",2,70,9,4,5
050,49,009,"Utah","Daggett County",2,71,14,7,7
050,49,009,"Utah","Daggett County",2,72,16,9,7
050,49,009,"Utah","Daggett County",2,73,15,8,7
050,49,009,"Utah","Daggett County",2,74,9,4,5
050,49,009,"Utah","Daggett County",2,75,13,8,5
050,49,009,"Utah","Daggett County",2,76,13,9,4
050,49,009,"Utah","Daggett County",2,77,9,6,3
050,49,009,"Utah","Daggett County",2,78,7,4,3
050,49,009,"Utah","Daggett County",2,79,9,5,4
050,49,009,"Utah","Daggett County",2,80,7,4,3
050,49,009,"Utah","Daggett County",2,81,4,3,1
050,49,009,"Utah","Daggett County",2,82,4,3,1
050,49,009,"Utah","Daggett County",2,83,3,1,2
050,49,009,"Utah","Daggett County",2,84,4,2,2
050,49,009,"Utah","Daggett County",2,85,15,13,2
050,49,009,"Utah","Daggett County",3,0,15,10,5
050,49,009,"Utah","Daggett County",3,1,6,3,3
050,49,009,"Utah","Daggett County",3,2,10,5,5
050,49,009,"Utah","Daggett County",3,3,10,8,2
050,49,009,"Utah","Daggett County",3,4,9,5,4
050,49,009,"Utah","Daggett County",3,5,10,4,6
050,49,009,"Utah","Daggett County",3,6,12,5,7
050,49,009,"Utah","Daggett County",3,7,13,4,9
050,49,009,"Utah","Daggett County",3,8,10,6,4
050,49,009,"Utah","Daggett County",3,9,10,5,5
050,49,009,"Utah","Daggett County",3,10,11,8,3
050,49,009,"Utah","Daggett County",3,11,13,8,5
050,49,009,"Utah","Daggett County",3,12,13,8,5
050,49,009,"Utah","Daggett County",3,13,16,8,8
050,49,009,"Utah","Daggett County",3,14,16,10,6
050,49,009,"Utah","Daggett County",3,15,16,11,5
050,49,009,"Utah","Daggett County",3,16,15,10,5
050,49,009,"Utah","Daggett County",3,17,20,13,7
050,49,009,"Utah","Daggett County",3,18,17,11,6
050,49,009,"Utah","Daggett County",3,19,11,7,4
050,49,009,"Utah","Daggett County",3,20,6,4,2
050,49,009,"Utah","Daggett County",3,21,9,5,4
050,49,009,"Utah","Daggett County",3,22,6,3,3
050,49,009,"Utah","Daggett County",3,23,6,4,2
050,49,009,"Utah","Daggett County",3,24,0,0,0
050,49,009,"Utah","Daggett County",3,25,4,1,3
050,49,009,"Utah","Daggett County",3,26,5,3,2
050,49,009,"Utah","Daggett County",3,27,8,3,5
050,49,009,"Utah","Daggett County",3,28,5,2,3
050,49,009,"Utah","Daggett County",3,29,0,0,0
050,49,009,"Utah","Daggett County",3,30,9,4,5
050,49,009,"Utah","Daggett County",3,31,7,3,4
050,49,009,"Utah","Daggett County",3,32,7,5,2
050,49,009,"Utah","Daggett County",3,33,12,7,5
050,49,009,"Utah","Daggett County",3,34,7,4,3
050,49,009,"Utah","Daggett County",3,35,6,3,3
050,49,009,"Utah","Daggett County",3,36,10,5,5
050,49,009,"Utah","Daggett County",3,37,14,8,6
050,49,009,"Utah","Daggett County",3,38,13,8,5
050,49,009,"Utah","Daggett County",3,39,11,5,6
050,49,009,"Utah","Daggett County",3,40,15,5,10
050,49,009,"Utah","Daggett County",3,41,15,5,10
050,49,009,"Utah","Daggett County",3,42,11,6,5
050,49,009,"Utah","Daggett County",3,43,15,9,6
050,49,009,"Utah","Daggett County",3,44,14,8,6
050,49,009,"Utah","Daggett County",3,45,14,7,7
050,49,009,"Utah","Daggett County",3,46,10,5,5
050,49,009,"Utah","Daggett County",3,47,7,5,2
050,49,009,"Utah","Daggett County",3,48,14,7,7
050,49,009,"Utah","Daggett County",3,49,17,8,9
050,49,009,"Utah","Daggett County",3,50,10,6,4
050,49,009,"Utah","Daggett County",3,51,8,5,3
050,49,009,"Utah","Daggett County",3,52,11,6,5
050,49,009,"Utah","Daggett County",3,53,9,5,4
050,49,009,"Utah","Daggett County",3,54,18,10,8
050,49,009,"Utah","Daggett County",3,55,16,9,7
050,49,009,"Utah","Daggett County",3,56,14,11,3
050,49,009,"Utah","Daggett County",3,57,11,7,4
050,49,009,"Utah","Daggett County",3,58,13,9,4
050,49,009,"Utah","Daggett County",3,59,15,7,8
050,49,009,"Utah","Daggett County",3,60,18,9,9
050,49,009,"Utah","Daggett County",3,61,19,13,6
050,49,009,"Utah","Daggett County",3,62,17,9,8
050,49,009,"Utah","Daggett County",3,63,11,7,4
050,49,009,"Utah","Daggett County",3,64,14,4,10
050,49,009,"Utah","Daggett County",3,65,17,8,9
050,49,009,"Utah","Daggett County",3,66,15,8,7
050,49,009,"Utah","Daggett County",3,67,18,12,6
050,49,009,"Utah","Daggett County",3,68,19,11,8
050,49,009,"Utah","Daggett County",3,69,20,12,8
050,49,009,"Utah","Daggett County",3,70,17,11,6
050,49,009,"Utah","Daggett County",3,71,10,5,5
050,49,009,"Utah","Daggett County",3,72,15,7,8
050,49,009,"Utah","Daggett County",3,73,14,9,5
050,49,009,"Utah","Daggett County",3,74,14,8,6
050,49,009,"Utah","Daggett County",3,75,10,5,5
050,49,009,"Utah","Daggett County",3,76,11,6,5
050,49,009,"Utah","Daggett County",3,77,13,9,4
050,49,009,"Utah","Daggett County",3,78,9,6,3
050,49,009,"Utah","Daggett County",3,79,6,3,3
050,49,009,"Utah","Daggett County",3,80,9,5,4
050,49,009,"Utah","Daggett County",3,81,6,3,3
050,49,009,"Utah","Daggett County",3,82,4,3,1
050,49,009,"Utah","Daggett County",3,83,3,3,0
050,49,009,"Utah","Daggett County",3,84,3,1,2
050,49,009,"Utah","Daggett County",3,85,15,11,4
050,49,009,"Utah","Daggett County",4,0,8,6,2
050,49,009,"Utah","Daggett County",4,1,17,12,5
050,49,009,"Utah","Daggett County",4,2,6,4,2
050,49,009,"Utah","Daggett County",4,3,9,5,4
050,49,009,"Utah","Daggett County",4,4,10,7,3
050,49,009,"Utah","Daggett County",4,5,8,4,4
050,49,009,"Utah","Daggett County",4,6,13,6,7
050,49,009,"Utah","Daggett County",4,7,12,5,7
050,49,009,"Utah","Daggett County",4,8,12,4,8
050,49,009,"Utah","Daggett County",4,9,12,7,5
050,49,009,"Utah","Daggett County",4,10,10,5,5
050,49,009,"Utah","Daggett County",4,11,13,9,4
050,49,009,"Utah","Daggett County",4,12,13,8,5
050,49,009,"Utah","Daggett County",4,13,13,9,4
050,49,009,"Utah","Daggett County",4,14,18,9,9
050,49,009,"Utah","Daggett County",4,15,18,12,6
050,49,009,"Utah","Daggett County",4,16,16,11,5
050,49,009,"Utah","Daggett County",4,17,15,11,4
050,49,009,"Utah","Daggett County",4,18,16,10,6
050,49,009,"Utah","Daggett County",4,19,13,9,4
050,49,009,"Utah","Daggett County",4,20,8,5,3
050,49,009,"Utah","Daggett County",4,21,7,4,3
050,49,009,"Utah","Daggett County",4,22,7,3,4
050,49,009,"Utah","Daggett County",4,23,10,4,6
050,49,009,"Utah","Daggett County",4,24,7,5,2
050,49,009,"Utah","Daggett County",4,25,3,1,2
050,49,009,"Utah","Daggett County",4,26,4,1,3
050,49,009,"Utah","Daggett County",4,27,4,3,1
050,49,009,"Utah","Daggett County",4,28,7,3,4
050,49,009,"Utah","Daggett County",4,29,6,1,5
050,49,009,"Utah","Daggett County",4,30,3,3,0
050,49,009,"Utah","Daggett County",4,31,11,4,7
050,49,009,"Utah","Daggett County",4,32,8,4,4
050,49,009,"Utah","Daggett County",4,33,7,5,2
050,49,009,"Utah","Daggett County",4,34,15,10,5
050,49,009,"Utah","Daggett County",4,35,9,5,4
050,49,009,"Utah","Daggett County",4,36,5,3,2
050,49,009,"Utah","Daggett County",4,37,9,5,4
050,49,009,"Utah","Daggett County",4,38,14,8,6
050,49,009,"Utah","Daggett County",4,39,14,8,6
050,49,009,"Utah","Daggett County",4,40,12,6,6
050,49,009,"Utah","Daggett County",4,41,15,5,10
050,49,009,"Utah","Daggett County",4,42,13,4,9
050,49,009,"Utah","Daggett County",4,43,11,6,5
050,49,009,"Utah","Daggett County",4,44,15,9,6
050,49,009,"Utah","Daggett County",4,45,12,7,5
050,49,009,"Utah","Daggett County",4,46,12,5,7
050,49,009,"Utah","Daggett County",4,47,10,5,5
050,49,009,"Utah","Daggett County",4,48,10,8,2
050,49,009,"Utah","Daggett County",4,49,15,8,7
050,49,009,"Utah","Daggett County",4,50,19,8,11
050,49,009,"Utah","Daggett County",4,51,9,5,4
050,49,009,"Utah","Daggett County",4,52,8,5,3
050,49,009,"Utah","Daggett County",4,53,10,4,6
050,49,009,"Utah","Daggett County",4,54,15,8,7
050,49,009,"Utah","Daggett County",4,55,18,10,8
050,49,009,"Utah","Daggett County",4,56,16,9,7
050,49,009,"Utah","Daggett County",4,57,8,8,0
050,49,009,"Utah","Daggett County",4,58,13,9,4
050,49,009,"Utah","Daggett County",4,59,15,11,4
050,49,009,"Utah","Daggett County",4,60,19,11,8
050,49,009,"Utah","Daggett County",4,61,18,9,9
050,49,009,"Utah","Daggett County",4,62,20,14,6
050,49,009,"Utah","Daggett County",4,63,16,10,6
050,49,009,"Utah","Daggett County",4,64,10,6,4
050,49,009,"Utah","Daggett County",4,65,14,4,10
050,49,009,"Utah","Daggett County",4,66,19,8,11
050,49,009,"Utah","Daggett County",4,67,15,7,8
050,49,009,"Utah","Daggett County",4,68,18,12,6
050,49,009,"Utah","Daggett County",4,69,19,11,8
050,49,009,"Utah","Daggett County",4,70,21,13,8
050,49,009,"Utah","Daggett County",4,71,17,12,5
050,49,009,"Utah","Daggett County",4,72,10,5,5
050,49,009,"Utah","Daggett County",4,73,15,7,8
050,49,009,"Utah","Daggett County",4,74,13,8,5
050,49,009,"Utah","Daggett County",4,75,13,7,6
050,49,009,"Utah","Daggett County",4,76,9,4,5
050,49,009,"Utah","Daggett County",4,77,13,8,5
050,49,009,"Utah","Daggett County",4,78,13,9,4
050,49,009,"Utah","Daggett County",4,79,10,7,3
050,49,009,"Utah","Daggett County",4,80,7,3,4
050,49,009,"Utah","Daggett County",4,81,9,5,4
050,49,009,"Utah","Daggett County",4,82,6,3,3
050,49,009,"Utah","Daggett County",4,83,4,3,1
050,49,009,"Utah","Daggett County",4,84,3,3,0
050,49,009,"Utah","Daggett County",4,85,18,13,5
050,49,009,"Utah","Daggett County",5,0,10,8,2
050,49,009,"Utah","Daggett County",5,1,8,6,2
050,49,009,"Utah","Daggett County",5,2,14,9,5
050,49,009,"Utah","Daggett County",5,3,10,4,6
050,49,009,"Utah","Daggett County",5,4,8,4,4
050,49,009,"Utah","Daggett County",5,5,10,7,3
050,49,009,"Utah","Daggett County",5,6,10,5,5
050,49,009,"Utah","Daggett County",5,7,14,7,7
050,49,009,"Utah","Daggett County",5,8,11,5,6
050,49,009,"Utah","Daggett County",5,9,10,4,6
050,49,009,"Utah","Daggett County",5,10,12,7,5
050,49,009,"Utah","Daggett County",5,11,8,5,3
050,49,009,"Utah","Daggett County",5,12,12,8,4
050,49,009,"Utah","Daggett County",5,13,11,7,4
050,49,009,"Utah","Daggett County",5,14,15,10,5
050,49,009,"Utah","Daggett County",5,15,16,7,9
050,49,009,"Utah","Daggett County",5,16,16,10,6
050,49,009,"Utah","Daggett County",5,17,15,10,5
050,49,009,"Utah","Daggett County",5,18,11,8,3
050,49,009,"Utah","Daggett County",5,19,11,6,5
050,49,009,"Utah","Daggett County",5,20,12,7,5
050,49,009,"Utah","Daggett County",5,21,7,5,2
050,49,009,"Utah","Daggett County",5,22,7,4,3
050,49,009,"Utah","Daggett County",5,23,9,5,4
050,49,009,"Utah","Daggett County",5,24,8,6,2
050,49,009,"Utah","Daggett County",5,25,7,5,2
050,49,009,"Utah","Daggett County",5,26,3,2,1
050,49,009,"Utah","Daggett County",5,27,5,2,3
050,49,009,"Utah","Daggett County",5,28,3,3,0
050,49,009,"Utah","Daggett County",5,29,6,2,4
050,49,009,"Utah","Daggett County",5,30,9,4,5
050,49,009,"Utah","Daggett County",5,31,2,2,0
050,49,009,"Utah","Daggett County",5,32,13,5,8
050,49,009,"Utah","Daggett County",5,33,12,7,5
050,49,009,"Utah","Daggett County",5,34,9,6,3
050,49,009,"Utah","Daggett County",5,35,14,9,5
050,49,009,"Utah","Daggett County",5,36,9,6,3
050,49,009,"Utah","Daggett County",5,37,6,3,3
050,49,009,"Utah","Daggett County",5,38,9,5,4
050,49,009,"Utah","Daggett County",5,39,13,8,5
050,49,009,"Utah","Daggett County",5,40,12,6,6
050,49,009,"Utah","Daggett County",5,41,12,7,5
050,49,009,"Utah","Daggett County",5,42,13,4,9
050,49,009,"Utah","Daggett County",5,43,14,5,9
050,49,009,"Utah","Daggett County",5,44,11,6,5
050,49,009,"Utah","Daggett County",5,45,14,9,5
050,49,009,"Utah","Daggett County",5,46,12,7,5
050,49,009,"Utah","Daggett County",5,47,13,6,7
050,49,009,"Utah","Daggett County",5,48,9,4,5
050,49,009,"Utah","Daggett County",5,49,10,8,2
050,49,009,"Utah","Daggett County",5,50,14,7,7
050,49,009,"Utah","Daggett County",5,51,17,6,11
050,49,009,"Utah","Daggett County",5,52,9,5,4
050,49,009,"Utah","Daggett County",5,53,11,7,4
050,49,009,"Utah","Daggett County",5,54,9,3,6
050,49,009,"Utah","Daggett County",5,55,15,8,7
050,49,009,"Utah","Daggett County",5,56,18,10,8
050,49,009,"Utah","Daggett County",5,57,16,9,7
050,49,009,"Utah","Daggett County",5,58,8,8,0
050,49,009,"Utah","Daggett County",5,59,11,7,4
050,49,009,"Utah","Daggett County",5,60,13,11,2
050,49,009,"Utah","Daggett County",5,61,18,11,7
050,49,009,"Utah","Daggett County",5,62,18,9,9
050,49,009,"Utah","Daggett County",5,63,20,14,6
050,49,009,"Utah","Daggett County",5,64,16,10,6
050,49,009,"Utah","Daggett County",5,65,9,5,4
050,49,009,"Utah","Daggett County",5,66,15,5,10
050,49,009,"Utah","Daggett County",5,67,18,7,11
050,49,009,"Utah","Daggett County",5,68,14,7,7
050,49,009,"Utah","Daggett County",5,69,17,11,6
050,49,009,"Utah","Daggett County",5,70,21,13,8
050,49,009,"Utah","Daggett County",5,71,21,13,8
050,49,009,"Utah","Daggett County",5,72,17,12,5
050,49,009,"Utah","Daggett County",5,73,8,3,5
050,49,009,"Utah","Daggett County",5,74,17,9,8
050,49,009,"Utah","Daggett County",5,75,14,9,5
050,49,009,"Utah","Daggett County",5,76,11,4,7
050,49,009,"Utah","Daggett County",5,77,11,5,6
050,49,009,"Utah","Daggett County",5,78,11,6,5
050,49,009,"Utah","Daggett County",5,79,13,9,4
050,49,009,"Utah","Daggett County",5,80,8,6,2
050,49,009,"Utah","Daggett County",5,81,6,3,3
050,49,009,"Utah","Daggett County",5,82,9,5,4
050,49,009,"Utah","Daggett County",5,83,5,2,3
050,49,009,"Utah","Daggett County",5,84,4,3,1
050,49,009,"Utah","Daggett County",5,85,15,12,3
050,49,011,"Utah","Davis County",1,0,5211,2670,2541
050,49,011,"Utah","Davis County",1,1,5295,2687,2608
050,49,011,"Utah","Davis County",1,2,5510,2820,2690
050,49,011,"Utah","Davis County",1,3,5860,3092,2768
050,49,011,"Utah","Davis County",1,4,6223,3339,2884
050,49,011,"Utah","Davis County",1,5,6334,3320,3014
050,49,011,"Utah","Davis County",1,6,6406,3332,3074
050,49,011,"Utah","Davis County",1,7,6488,3328,3160
050,49,011,"Utah","Davis County",1,8,6481,3335,3146
050,49,011,"Utah","Davis County",1,9,6571,3438,3133
050,49,011,"Utah","Davis County",1,10,6809,3523,3286
050,49,011,"Utah","Davis County",1,11,6970,3604,3366
050,49,011,"Utah","Davis County",1,12,7105,3682,3423
050,49,011,"Utah","Davis County",1,13,7018,3736,3282
050,49,011,"Utah","Davis County",1,14,6846,3573,3273
050,49,011,"Utah","Davis County",1,15,6770,3481,3289
050,49,011,"Utah","Davis County",1,16,6664,3444,3220
050,49,011,"Utah","Davis County",1,17,6428,3369,3059
050,49,011,"Utah","Davis County",1,18,5345,2853,2492
050,49,011,"Utah","Davis County",1,19,4237,2278,1959
050,49,011,"Utah","Davis County",1,20,4545,2478,2067
050,49,011,"Utah","Davis County",1,21,4659,2499,2160
050,49,011,"Utah","Davis County",1,22,4646,2415,2231
050,49,011,"Utah","Davis County",1,23,4880,2473,2407
050,49,011,"Utah","Davis County",1,24,4708,2447,2261
050,49,011,"Utah","Davis County",1,25,4793,2458,2335
050,49,011,"Utah","Davis County",1,26,4804,2463,2341
050,49,011,"Utah","Davis County",1,27,4815,2417,2398
050,49,011,"Utah","Davis County",1,28,5070,2508,2562
050,49,011,"Utah","Davis County",1,29,5108,2543,2565
050,49,011,"Utah","Davis County",1,30,4964,2459,2505
050,49,011,"Utah","Davis County",1,31,4910,2440,2470
050,49,011,"Utah","Davis County",1,32,4903,2412,2491
050,49,011,"Utah","Davis County",1,33,4959,2425,2534
050,49,011,"Utah","Davis County",1,34,5105,2543,2562
050,49,011,"Utah","Davis County",1,35,5319,2702,2617
050,49,011,"Utah","Davis County",1,36,5497,2792,2705
050,49,011,"Utah","Davis County",1,37,5692,2860,2832
050,49,011,"Utah","Davis County",1,38,5734,2871,2863
050,49,011,"Utah","Davis County",1,39,5817,2996,2821
050,49,011,"Utah","Davis County",1,40,5824,2956,2868
050,49,011,"Utah","Davis County",1,41,5602,2907,2695
050,49,011,"Utah","Davis County",1,42,5516,2847,2669
050,49,011,"Utah","Davis County",1,43,5226,2605,2621
050,49,011,"Utah","Davis County",1,44,4863,2451,2412
050,49,011,"Utah","Davis County",1,45,4551,2265,2286
050,49,011,"Utah","Davis County",1,46,4227,2139,2088
050,49,011,"Utah","Davis County",1,47,4036,2062,1974
050,49,011,"Utah","Davis County",1,48,4048,2060,1988
050,49,011,"Utah","Davis County",1,49,4201,2147,2054
050,49,011,"Utah","Davis County",1,50,3899,1992,1907
050,49,011,"Utah","Davis County",1,51,3633,1808,1825
050,49,011,"Utah","Davis County",1,52,3392,1681,1711
050,49,011,"Utah","Davis County",1,53,3346,1715,1631
050,49,011,"Utah","Davis County",1,54,3210,1661,1549
050,49,011,"Utah","Davis County",1,55,3347,1694,1653
050,49,011,"Utah","Davis County",1,56,3427,1750,1677
050,49,011,"Utah","Davis County",1,57,3562,1818,1744
050,49,011,"Utah","Davis County",1,58,3666,1817,1849
050,49,011,"Utah","Davis County",1,59,3642,1811,1831
050,49,011,"Utah","Davis County",1,60,3413,1750,1663
050,49,011,"Utah","Davis County",1,61,3407,1713,1694
050,49,011,"Utah","Davis County",1,62,3363,1654,1709
050,49,011,"Utah","Davis County",1,63,3179,1580,1599
050,49,011,"Utah","Davis County",1,64,3065,1514,1551
050,49,011,"Utah","Davis County",1,65,2952,1438,1514
050,49,011,"Utah","Davis County",1,66,2824,1347,1477
050,49,011,"Utah","Davis County",1,67,2631,1294,1337
050,49,011,"Utah","Davis County",1,68,2474,1205,1269
050,49,011,"Utah","Davis County",1,69,2264,1071,1193
050,49,011,"Utah","Davis County",1,70,2193,1038,1155
050,49,011,"Utah","Davis County",1,71,2162,1026,1136
050,49,011,"Utah","Davis County",1,72,2078,1006,1072
050,49,011,"Utah","Davis County",1,73,2041,981,1060
050,49,011,"Utah","Davis County",1,74,1435,654,781
050,49,011,"Utah","Davis County",1,75,1455,659,796
050,49,011,"Utah","Davis County",1,76,1453,666,787
050,49,011,"Utah","Davis County",1,77,1404,649,755
050,49,011,"Utah","Davis County",1,78,1170,540,630
050,49,011,"Utah","Davis County",1,79,1045,480,565
050,49,011,"Utah","Davis County",1,80,957,460,497
050,49,011,"Utah","Davis County",1,81,872,411,461
050,49,011,"Utah","Davis County",1,82,821,367,454
050,49,011,"Utah","Davis County",1,83,754,330,424
050,49,011,"Utah","Davis County",1,84,711,299,412
050,49,011,"Utah","Davis County",1,85,3855,1571,2284
050,49,011,"Utah","Davis County",2,0,5217,2671,2546
050,49,011,"Utah","Davis County",2,1,5285,2688,2597
050,49,011,"Utah","Davis County",2,2,5468,2795,2673
050,49,011,"Utah","Davis County",2,3,5756,3021,2735
050,49,011,"Utah","Davis County",2,4,6158,3286,2872
050,49,011,"Utah","Davis County",2,5,6314,3329,2985
050,49,011,"Utah","Davis County",2,6,6408,3344,3064
050,49,011,"Utah","Davis County",2,7,6462,3328,3134
050,49,011,"Utah","Davis County",2,8,6468,3327,3141
050,49,011,"Utah","Davis County",2,9,6537,3408,3129
050,49,011,"Utah","Davis County",2,10,6756,3508,3248
050,49,011,"Utah","Davis County",2,11,6901,3571,3330
050,49,011,"Utah","Davis County",2,12,7090,3677,3413
050,49,011,"Utah","Davis County",2,13,7033,3721,3312
050,49,011,"Utah","Davis County",2,14,6892,3614,3278
050,49,011,"Utah","Davis County",2,15,6799,3505,3294
050,49,011,"Utah","Davis County",2,16,6707,3468,3239
050,49,011,"Utah","Davis County",2,17,6496,3396,3100
050,49,011,"Utah","Davis County",2,18,5359,2871,2488
050,49,011,"Utah","Davis County",2,19,4336,2336,2000
050,49,011,"Utah","Davis County",2,20,4601,2497,2104
050,49,011,"Utah","Davis County",2,21,4675,2512,2163
050,49,011,"Utah","Davis County",2,22,4725,2456,2269
050,49,011,"Utah","Davis County",2,23,4891,2496,2395
050,49,011,"Utah","Davis County",2,24,4789,2474,2315
050,49,011,"Utah","Davis County",2,25,4806,2480,2326
050,49,011,"Utah","Davis County",2,26,4822,2470,2352
050,49,011,"Utah","Davis County",2,27,4837,2439,2398
050,49,011,"Utah","Davis County",2,28,5040,2504,2536
050,49,011,"Utah","Davis County",2,29,5116,2546,2570
050,49,011,"Utah","Davis County",2,30,5031,2493,2538
050,49,011,"Utah","Davis County",2,31,4921,2444,2477
050,49,011,"Utah","Davis County",2,32,4924,2429,2495
050,49,011,"Utah","Davis County",2,33,4951,2434,2517
050,49,011,"Utah","Davis County",2,34,5093,2530,2563
050,49,011,"Utah","Davis County",2,35,5291,2675,2616
050,49,011,"Utah","Davis County",2,36,5428,2758,2670
050,49,011,"Utah","Davis County",2,37,5673,2858,2815
050,49,011,"Utah","Davis County",2,38,5746,2882,2864
050,49,011,"Utah","Davis County",2,39,5790,2965,2825
050,49,011,"Utah","Davis County",2,40,5856,2985,2871
050,49,011,"Utah","Davis County",2,41,5657,2919,2738
050,49,011,"Utah","Davis County",2,42,5510,2844,2666
050,49,011,"Utah","Davis County",2,43,5329,2677,2652
050,49,011,"Utah","Davis County",2,44,4914,2467,2447
050,49,011,"Utah","Davis County",2,45,4654,2324,2330
050,49,011,"Utah","Davis County",2,46,4296,2163,2133
050,49,011,"Utah","Davis County",2,47,4073,2077,1996
050,49,011,"Utah","Davis County",2,48,4041,2056,1985
050,49,011,"Utah","Davis County",2,49,4188,2143,2045
050,49,011,"Utah","Davis County",2,50,3975,2029,1946
050,49,011,"Utah","Davis County",2,51,3684,1849,1835
050,49,011,"Utah","Davis County",2,52,3437,1704,1733
050,49,011,"Utah","Davis County",2,53,3351,1703,1648
050,49,011,"Utah","Davis County",2,54,3236,1671,1565
050,49,011,"Utah","Davis County",2,55,3311,1683,1628
050,49,011,"Utah","Davis County",2,56,3411,1740,1671
050,49,011,"Utah","Davis County",2,57,3537,1805,1732
050,49,011,"Utah","Davis County",2,58,3629,1808,1821
050,49,011,"Utah","Davis County",2,59,3663,1822,1841
050,49,011,"Utah","Davis County",2,60,3454,1760,1694
050,49,011,"Utah","Davis County",2,61,3389,1708,1681
050,49,011,"Utah","Davis County",2,62,3357,1661,1696
050,49,011,"Utah","Davis County",2,63,3238,1603,1635
050,49,011,"Utah","Davis County",2,64,3079,1524,1555
050,49,011,"Utah","Davis County",2,65,2968,1452,1516
050,49,011,"Utah","Davis County",2,66,2864,1373,1491
050,49,011,"Utah","Davis County",2,67,2656,1299,1357
050,49,011,"Utah","Davis County",2,68,2490,1216,1274
050,49,011,"Utah","Davis County",2,69,2319,1107,1212
050,49,011,"Utah","Davis County",2,70,2193,1036,1157
050,49,011,"Utah","Davis County",2,71,2167,1028,1139
050,49,011,"Utah","Davis County",2,72,2056,985,1071
050,49,011,"Utah","Davis County",2,73,2142,1029,1113
050,49,011,"Utah","Davis County",2,74,1477,680,797
050,49,011,"Utah","Davis County",2,75,1453,658,795
050,49,011,"Utah","Davis County",2,76,1434,657,777
050,49,011,"Utah","Davis County",2,77,1439,661,778
050,49,011,"Utah","Davis County",2,78,1190,549,641
050,49,011,"Utah","Davis County",2,79,1061,490,571
050,49,011,"Utah","Davis County",2,80,965,461,504
050,49,011,"Utah","Davis County",2,81,875,414,461
050,49,011,"Utah","Davis County",2,82,826,373,453
050,49,011,"Utah","Davis County",2,83,747,331,416
050,49,011,"Utah","Davis County",2,84,704,299,405
050,49,011,"Utah","Davis County",2,85,3884,1582,2302
050,49,011,"Utah","Davis County",3,0,4759,2451,2308
050,49,011,"Utah","Davis County",3,1,5336,2727,2609
050,49,011,"Utah","Davis County",3,2,5309,2689,2620
050,49,011,"Utah","Davis County",3,3,5481,2780,2701
050,49,011,"Utah","Davis County",3,4,5836,2997,2839
050,49,011,"Utah","Davis County",3,5,6160,3265,2895
050,49,011,"Utah","Davis County",3,6,6321,3314,3007
050,49,011,"Utah","Davis County",3,7,6428,3354,3074
050,49,011,"Utah","Davis County",3,8,6484,3347,3137
050,49,011,"Utah","Davis County",3,9,6475,3307,3168
050,49,011,"Utah","Davis County",3,10,6595,3450,3145
050,49,011,"Utah","Davis County",3,11,6854,3561,3293
050,49,011,"Utah","Davis County",3,12,6914,3598,3316
050,49,011,"Utah","Davis County",3,13,7084,3676,3408
050,49,011,"Utah","Davis County",3,14,7070,3740,3330
050,49,011,"Utah","Davis County",3,15,6939,3623,3316
050,49,011,"Utah","Davis County",3,16,6810,3516,3294
050,49,011,"Utah","Davis County",3,17,6750,3482,3268
050,49,011,"Utah","Davis County",3,18,5538,2988,2550
050,49,011,"Utah","Davis County",3,19,4422,2388,2034
050,49,011,"Utah","Davis County",3,20,4689,2516,2173
050,49,011,"Utah","Davis County",3,21,4797,2549,2248
050,49,011,"Utah","Davis County",3,22,4790,2497,2293
050,49,011,"Utah","Davis County",3,23,4939,2534,2405
050,49,011,"Utah","Davis County",3,24,4931,2532,2399
050,49,011,"Utah","Davis County",3,25,4847,2494,2353
050,49,011,"Utah","Davis County",3,26,4878,2477,2401
050,49,011,"Utah","Davis County",3,27,4972,2580,2392
050,49,011,"Utah","Davis County",3,28,4926,2484,2442
050,49,011,"Utah","Davis County",3,29,5151,2582,2569
050,49,011,"Utah","Davis County",3,30,5163,2576,2587
050,49,011,"Utah","Davis County",3,31,5162,2571,2591
050,49,011,"Utah","Davis County",3,32,5096,2548,2548
050,49,011,"Utah","Davis County",3,33,5004,2458,2546
050,49,011,"Utah","Davis County",3,34,5033,2476,2557
050,49,011,"Utah","Davis County",3,35,5161,2548,2613
050,49,011,"Utah","Davis County",3,36,5323,2707,2616
050,49,011,"Utah","Davis County",3,37,5489,2789,2700
050,49,011,"Utah","Davis County",3,38,5748,2880,2868
050,49,011,"Utah","Davis County",3,39,5771,2904,2867
050,49,011,"Utah","Davis County",3,40,5827,2998,2829
050,49,011,"Utah","Davis County",3,41,5880,3018,2862
050,49,011,"Utah","Davis County",3,42,5652,2918,2734
050,49,011,"Utah","Davis County",3,43,5549,2858,2691
050,49,011,"Utah","Davis County",3,44,5344,2713,2631
050,49,011,"Utah","Davis County",3,45,4927,2467,2460
050,49,011,"Utah","Davis County",3,46,4627,2309,2318
050,49,011,"Utah","Davis County",3,47,4301,2174,2127
050,49,011,"Utah","Davis County",3,48,4054,2067,1987
050,49,011,"Utah","Davis County",3,49,3989,2032,1957
050,49,011,"Utah","Davis County",3,50,4164,2128,2036
050,49,011,"Utah","Davis County",3,51,3982,2030,1952
050,49,011,"Utah","Davis County",3,52,3647,1817,1830
050,49,011,"Utah","Davis County",3,53,3450,1696,1754
050,49,011,"Utah","Davis County",3,54,3317,1694,1623
050,49,011,"Utah","Davis County",3,55,3234,1657,1577
050,49,011,"Utah","Davis County",3,56,3262,1653,1609
050,49,011,"Utah","Davis County",3,57,3427,1752,1675
050,49,011,"Utah","Davis County",3,58,3516,1768,1748
050,49,011,"Utah","Davis County",3,59,3609,1795,1814
050,49,011,"Utah","Davis County",3,60,3625,1804,1821
050,49,011,"Utah","Davis County",3,61,3433,1740,1693
050,49,011,"Utah","Davis County",3,62,3374,1703,1671
050,49,011,"Utah","Davis County",3,63,3296,1632,1664
050,49,011,"Utah","Davis County",3,64,3209,1581,1628
050,49,011,"Utah","Davis County",3,65,3026,1490,1536
050,49,011,"Utah","Davis County",3,66,2939,1421,1518
050,49,011,"Utah","Davis County",3,67,2783,1331,1452
050,49,011,"Utah","Davis County",3,68,2626,1277,1349
050,49,011,"Utah","Davis County",3,69,2445,1201,1244
050,49,011,"Utah","Davis County",3,70,2264,1070,1194
050,49,011,"Utah","Davis County",3,71,2154,1024,1130
050,49,011,"Utah","Davis County",3,72,2114,997,1117
050,49,011,"Utah","Davis County",3,73,2046,974,1072
050,49,011,"Utah","Davis County",3,74,2080,999,1081
050,49,011,"Utah","Davis County",3,75,1448,665,783
050,49,011,"Utah","Davis County",3,76,1428,650,778
050,49,011,"Utah","Davis County",3,77,1403,636,767
050,49,011,"Utah","Davis County",3,78,1379,638,741
050,49,011,"Utah","Davis County",3,79,1154,530,624
050,49,011,"Utah","Davis County",3,80,1025,481,544
050,49,011,"Utah","Davis County",3,81,895,418,477
050,49,011,"Utah","Davis County",3,82,832,402,430
050,49,011,"Utah","Davis County",3,83,750,352,398
050,49,011,"Utah","Davis County",3,84,665,277,388
050,49,011,"Utah","Davis County",3,85,3918,1569,2349
050,49,011,"Utah","Davis County",4,0,4757,2347,2410
050,49,011,"Utah","Davis County",4,1,4757,2445,2312
050,49,011,"Utah","Davis County",4,2,5306,2691,2615
050,49,011,"Utah","Davis County",4,3,5313,2706,2607
050,49,011,"Utah","Davis County",4,4,5511,2801,2710
050,49,011,"Utah","Davis County",4,5,5846,3010,2836
050,49,011,"Utah","Davis County",4,6,6222,3308,2914
050,49,011,"Utah","Davis County",4,7,6348,3347,3001
050,49,011,"Utah","Davis County",4,8,6458,3351,3107
050,49,011,"Utah","Davis County",4,9,6463,3330,3133
050,49,011,"Utah","Davis County",4,10,6494,3324,3170
050,49,011,"Utah","Davis County",4,11,6529,3433,3096
050,49,011,"Utah","Davis County",4,12,6824,3534,3290
050,49,011,"Utah","Davis County",4,13,6989,3615,3374
050,49,011,"Utah","Davis County",4,14,7075,3676,3399
050,49,011,"Utah","Davis County",4,15,7105,3746,3359
050,49,011,"Utah","Davis County",4,16,6985,3643,3342
050,49,011,"Utah","Davis County",4,17,6785,3504,3281
050,49,011,"Utah","Davis County",4,18,5670,3012,2658
050,49,011,"Utah","Davis County",4,19,4449,2426,2023
050,49,011,"Utah","Davis County",4,20,4731,2541,2190
050,49,011,"Utah","Davis County",4,21,4887,2571,2316
050,49,011,"Utah","Davis County",4,22,4951,2578,2373
050,49,011,"Utah","Davis County",4,23,5031,2599,2432
050,49,011,"Utah","Davis County",4,24,5093,2644,2449
050,49,011,"Utah","Davis County",4,25,4979,2540,2439
050,49,011,"Utah","Davis County",4,26,4884,2521,2363
050,49,011,"Utah","Davis County",4,27,4977,2547,2430
050,49,011,"Utah","Davis County",4,28,5039,2581,2458
050,49,011,"Utah","Davis County",4,29,4958,2511,2447
050,49,011,"Utah","Davis County",4,30,5243,2654,2589
050,49,011,"Utah","Davis County",4,31,5249,2638,2611
050,49,011,"Utah","Davis County",4,32,5315,2670,2645
050,49,011,"Utah","Davis County",4,33,5104,2530,2574
050,49,011,"Utah","Davis County",4,34,5009,2487,2522
050,49,011,"Utah","Davis County",4,35,5020,2461,2559
050,49,011,"Utah","Davis County",4,36,5242,2577,2665
050,49,011,"Utah","Davis County",4,37,5346,2723,2623
050,49,011,"Utah","Davis County",4,38,5503,2771,2732
050,49,011,"Utah","Davis County",4,39,5761,2911,2850
050,49,011,"Utah","Davis County",4,40,5829,2960,2869
050,49,011,"Utah","Davis County",4,41,5902,3041,2861
050,49,011,"Utah","Davis County",4,42,5886,3016,2870
050,49,011,"Utah","Davis County",4,43,5640,2921,2719
050,49,011,"Utah","Davis County",4,44,5556,2859,2697
050,49,011,"Utah","Davis County",4,45,5337,2709,2628
050,49,011,"Utah","Davis County",4,46,4940,2458,2482
050,49,011,"Utah","Davis County",4,47,4557,2285,2272
050,49,011,"Utah","Davis County",4,48,4290,2160,2130
050,49,011,"Utah","Davis County",4,49,4041,2058,1983
050,49,011,"Utah","Davis County",4,50,3981,2005,1976
050,49,011,"Utah","Davis County",4,51,4160,2128,2032
050,49,011,"Utah","Davis County",4,52,3952,2005,1947
050,49,011,"Utah","Davis County",4,53,3646,1817,1829
050,49,011,"Utah","Davis County",4,54,3429,1700,1729
050,49,011,"Utah","Davis County",4,55,3290,1688,1602
050,49,011,"Utah","Davis County",4,56,3186,1617,1569
050,49,011,"Utah","Davis County",4,57,3237,1653,1584
050,49,011,"Utah","Davis County",4,58,3383,1750,1633
050,49,011,"Utah","Davis County",4,59,3486,1745,1741
050,49,011,"Utah","Davis County",4,60,3579,1772,1807
050,49,011,"Utah","Davis County",4,61,3557,1758,1799
050,49,011,"Utah","Davis County",4,62,3374,1703,1671
050,49,011,"Utah","Davis County",4,63,3311,1667,1644
050,49,011,"Utah","Davis County",4,64,3272,1598,1674
050,49,011,"Utah","Davis County",4,65,3163,1545,1618
050,49,011,"Utah","Davis County",4,66,2955,1446,1509
050,49,011,"Utah","Davis County",4,67,2848,1371,1477
050,49,011,"Utah","Davis County",4,68,2742,1300,1442
050,49,011,"Utah","Davis County",4,69,2547,1244,1303
050,49,011,"Utah","Davis County",4,70,2403,1172,1231
050,49,011,"Utah","Davis County",4,71,2234,1057,1177
050,49,011,"Utah","Davis County",4,72,2110,998,1112
050,49,011,"Utah","Davis County",4,73,2059,966,1093
050,49,011,"Utah","Davis County",4,74,1991,940,1051
050,49,011,"Utah","Davis County",4,75,2032,970,1062
050,49,011,"Utah","Davis County",4,76,1427,656,771
050,49,011,"Utah","Davis County",4,77,1398,625,773
050,49,011,"Utah","Davis County",4,78,1337,600,737
050,49,011,"Utah","Davis County",4,79,1342,612,730
050,49,011,"Utah","Davis County",4,80,1071,504,567
050,49,011,"Utah","Davis County",4,81,970,444,526
050,49,011,"Utah","Davis County",4,82,866,409,457
050,49,011,"Utah","Davis County",4,83,767,373,394
050,49,011,"Utah","Davis County",4,84,680,305,375
050,49,011,"Utah","Davis County",4,85,3916,1555,2361
050,49,011,"Utah","Davis County",5,0,4728,2342,2386
050,49,011,"Utah","Davis County",5,1,4768,2332,2436
050,49,011,"Utah","Davis County",5,2,4848,2482,2366
050,49,011,"Utah","Davis County",5,3,5293,2690,2603
050,49,011,"Utah","Davis County",5,4,5389,2734,2655
050,49,011,"Utah","Davis County",5,5,5557,2826,2731
050,49,011,"Utah","Davis County",5,6,5880,3028,2852
050,49,011,"Utah","Davis County",5,7,6199,3277,2922
050,49,011,"Utah","Davis County",5,8,6324,3330,2994
050,49,011,"Utah","Davis County",5,9,6453,3383,3070
050,49,011,"Utah","Davis County",5,10,6476,3337,3139
050,49,011,"Utah","Davis County",5,11,6522,3320,3202
050,49,011,"Utah","Davis County",5,12,6537,3435,3102
050,49,011,"Utah","Davis County",5,13,6814,3549,3265
050,49,011,"Utah","Davis County",5,14,6987,3615,3372
050,49,011,"Utah","Davis County",5,15,7091,3676,3415
050,49,011,"Utah","Davis County",5,16,7140,3781,3359
050,49,011,"Utah","Davis County",5,17,6909,3599,3310
050,49,011,"Utah","Davis County",5,18,5733,3070,2663
050,49,011,"Utah","Davis County",5,19,4620,2475,2145
050,49,011,"Utah","Davis County",5,20,4876,2647,2229
050,49,011,"Utah","Davis County",5,21,5027,2691,2336
050,49,011,"Utah","Davis County",5,22,5090,2632,2458
050,49,011,"Utah","Davis County",5,23,5237,2735,2502
050,49,011,"Utah","Davis County",5,24,5285,2725,2560
050,49,011,"Utah","Davis County",5,25,5190,2697,2493
050,49,011,"Utah","Davis County",5,26,5124,2592,2532
050,49,011,"Utah","Davis County",5,27,5071,2617,2454
050,49,011,"Utah","Davis County",5,28,5103,2609,2494
050,49,011,"Utah","Davis County",5,29,5076,2622,2454
050,49,011,"Utah","Davis County",5,30,4986,2519,2467
050,49,011,"Utah","Davis County",5,31,5323,2709,2614
050,49,011,"Utah","Davis County",5,32,5328,2679,2649
050,49,011,"Utah","Davis County",5,33,5351,2698,2653
050,49,011,"Utah","Davis County",5,34,5172,2580,2592
050,49,011,"Utah","Davis County",5,35,5083,2533,2550
050,49,011,"Utah","Davis County",5,36,5046,2478,2568
050,49,011,"Utah","Davis County",5,37,5263,2607,2656
050,49,011,"Utah","Davis County",5,38,5381,2776,2605
050,49,011,"Utah","Davis County",5,39,5533,2801,2732
050,49,011,"Utah","Davis County",5,40,5737,2892,2845
050,49,011,"Utah","Davis County",5,41,5824,2969,2855
050,49,011,"Utah","Davis County",5,42,5886,3059,2827
050,49,011,"Utah","Davis County",5,43,5897,3013,2884
050,49,011,"Utah","Davis County",5,44,5670,2927,2743
050,49,011,"Utah","Davis County",5,45,5562,2871,2691
050,49,011,"Utah","Davis County",5,46,5347,2691,2656
050,49,011,"Utah","Davis County",5,47,4908,2466,2442
050,49,011,"Utah","Davis County",5,48,4576,2290,2286
050,49,011,"Utah","Davis County",5,49,4279,2156,2123
050,49,011,"Utah","Davis County",5,50,4037,2041,1996
050,49,011,"Utah","Davis County",5,51,4003,2025,1978
050,49,011,"Utah","Davis County",5,52,4132,2101,2031
050,49,011,"Utah","Davis County",5,53,3949,1991,1958
050,49,011,"Utah","Davis County",5,54,3618,1805,1813
050,49,011,"Utah","Davis County",5,55,3398,1681,1717
050,49,011,"Utah","Davis County",5,56,3246,1660,1586
050,49,011,"Utah","Davis County",5,57,3186,1620,1566
050,49,011,"Utah","Davis County",5,58,3217,1628,1589
050,49,011,"Utah","Davis County",5,59,3347,1729,1618
050,49,011,"Utah","Davis County",5,60,3441,1735,1706
050,49,011,"Utah","Davis County",5,61,3525,1748,1777
050,49,011,"Utah","Davis County",5,62,3540,1753,1787
050,49,011,"Utah","Davis County",5,63,3312,1667,1645
050,49,011,"Utah","Davis County",5,64,3276,1622,1654
050,49,011,"Utah","Davis County",5,65,3215,1572,1643
050,49,011,"Utah","Davis County",5,66,3116,1505,1611
050,49,011,"Utah","Davis County",5,67,2884,1415,1469
050,49,011,"Utah","Davis County",5,68,2798,1340,1458
050,49,011,"Utah","Davis County",5,69,2691,1276,1415
050,49,011,"Utah","Davis County",5,70,2514,1219,1295
050,49,011,"Utah","Davis County",5,71,2368,1158,1210
050,49,011,"Utah","Davis County",5,72,2208,1044,1164
050,49,011,"Utah","Davis County",5,73,2076,978,1098
050,49,011,"Utah","Davis County",5,74,2019,940,1079
050,49,011,"Utah","Davis County",5,75,1943,922,1021
050,49,011,"Utah","Davis County",5,76,1993,943,1050
050,49,011,"Utah","Davis County",5,77,1372,625,747
050,49,011,"Utah","Davis County",5,78,1326,591,735
050,49,011,"Utah","Davis County",5,79,1297,573,724
050,49,011,"Utah","Davis County",5,80,1260,585,675
050,49,011,"Utah","Davis County",5,81,1018,466,552
050,49,011,"Utah","Davis County",5,82,938,435,503
050,49,011,"Utah","Davis County",5,83,797,379,418
050,49,011,"Utah","Davis County",5,84,700,334,366
050,49,011,"Utah","Davis County",5,85,3948,1580,2368
050,49,013,"Utah","Duchesne County",1,0,328,169,159
050,49,013,"Utah","Duchesne County",1,1,324,172,152
050,49,013,"Utah","Duchesne County",1,2,333,167,166
050,49,013,"Utah","Duchesne County",1,3,325,168,157
050,49,013,"Utah","Duchesne County",1,4,352,174,178
050,49,013,"Utah","Duchesne County",1,5,380,188,192
050,49,013,"Utah","Duchesne County",1,6,376,187,189
050,49,013,"Utah","Duchesne County",1,7,379,200,179
050,49,013,"Utah","Duchesne County",1,8,360,185,175
050,49,013,"Utah","Duchesne County",1,9,373,175,198
050,49,013,"Utah","Duchesne County",1,10,383,189,194
050,49,013,"Utah","Duchesne County",1,11,390,192,198
050,49,013,"Utah","Duchesne County",1,12,416,209,207
050,49,013,"Utah","Duchesne County",1,13,378,196,182
050,49,013,"Utah","Duchesne County",1,14,358,177,181
050,49,013,"Utah","Duchesne County",1,15,366,179,187
050,49,013,"Utah","Duchesne County",1,16,362,172,190
050,49,013,"Utah","Duchesne County",1,17,360,193,167
050,49,013,"Utah","Duchesne County",1,18,280,163,117
050,49,013,"Utah","Duchesne County",1,19,207,112,95
050,49,013,"Utah","Duchesne County",1,20,211,122,89
050,49,013,"Utah","Duchesne County",1,21,203,112,91
050,49,013,"Utah","Duchesne County",1,22,183,96,87
050,49,013,"Utah","Duchesne County",1,23,192,101,91
050,49,013,"Utah","Duchesne County",1,24,187,90,97
050,49,013,"Utah","Duchesne County",1,25,195,90,105
050,49,013,"Utah","Duchesne County",1,26,227,108,119
050,49,013,"Utah","Duchesne County",1,27,218,101,117
050,49,013,"Utah","Duchesne County",1,28,243,113,130
050,49,013,"Utah","Duchesne County",1,29,253,122,131
050,49,013,"Utah","Duchesne County",1,30,226,112,114
050,49,013,"Utah","Duchesne County",1,31,251,127,124
050,49,013,"Utah","Duchesne County",1,32,258,135,123
050,49,013,"Utah","Duchesne County",1,33,261,135,126
050,49,013,"Utah","Duchesne County",1,34,276,132,144
050,49,013,"Utah","Duchesne County",1,35,254,122,132
050,49,013,"Utah","Duchesne County",1,36,257,124,133
050,49,013,"Utah","Duchesne County",1,37,292,142,150
050,49,013,"Utah","Duchesne County",1,38,298,145,153
050,49,013,"Utah","Duchesne County",1,39,315,164,151
050,49,013,"Utah","Duchesne County",1,40,308,164,144
050,49,013,"Utah","Duchesne County",1,41,299,166,133
050,49,013,"Utah","Duchesne County",1,42,279,144,135
050,49,013,"Utah","Duchesne County",1,43,241,131,110
050,49,013,"Utah","Duchesne County",1,44,222,111,111
050,49,013,"Utah","Duchesne County",1,45,239,125,114
050,49,013,"Utah","Duchesne County",1,46,226,123,103
050,49,013,"Utah","Duchesne County",1,47,187,100,87
050,49,013,"Utah","Duchesne County",1,48,208,102,106
050,49,013,"Utah","Duchesne County",1,49,196,102,94
050,49,013,"Utah","Duchesne County",1,50,177,89,88
050,49,013,"Utah","Duchesne County",1,51,180,88,92
050,49,013,"Utah","Duchesne County",1,52,168,99,69
050,49,013,"Utah","Duchesne County",1,53,172,85,87
050,49,013,"Utah","Duchesne County",1,54,171,89,82
050,49,013,"Utah","Duchesne County",1,55,181,91,90
050,49,013,"Utah","Duchesne County",1,56,203,96,107
050,49,013,"Utah","Duchesne County",1,57,205,99,106
050,49,013,"Utah","Duchesne County",1,58,202,101,101
050,49,013,"Utah","Duchesne County",1,59,202,101,101
050,49,013,"Utah","Duchesne County",1,60,215,102,113
050,49,013,"Utah","Duchesne County",1,61,234,115,119
050,49,013,"Utah","Duchesne County",1,62,229,117,112
050,49,013,"Utah","Duchesne County",1,63,221,116,105
050,49,013,"Utah","Duchesne County",1,64,196,110,86
050,49,013,"Utah","Duchesne County",1,65,164,96,68
050,49,013,"Utah","Duchesne County",1,66,183,100,83
050,49,013,"Utah","Duchesne County",1,67,168,82,86
050,49,013,"Utah","Duchesne County",1,68,167,83,84
050,49,013,"Utah","Duchesne County",1,69,132,64,68
050,49,013,"Utah","Duchesne County",1,70,146,82,64
050,49,013,"Utah","Duchesne County",1,71,134,74,60
050,49,013,"Utah","Duchesne County",1,72,119,61,58
050,49,013,"Utah","Duchesne County",1,73,128,63,65
050,49,013,"Utah","Duchesne County",1,74,103,47,56
050,49,013,"Utah","Duchesne County",1,75,101,50,51
050,49,013,"Utah","Duchesne County",1,76,100,54,46
050,49,013,"Utah","Duchesne County",1,77,86,47,39
050,49,013,"Utah","Duchesne County",1,78,82,42,40
050,49,013,"Utah","Duchesne County",1,79,80,45,35
050,49,013,"Utah","Duchesne County",1,80,69,26,43
050,49,013,"Utah","Duchesne County",1,81,55,25,30
050,49,013,"Utah","Duchesne County",1,82,57,33,24
050,49,013,"Utah","Duchesne County",1,83,55,30,25
050,49,013,"Utah","Duchesne County",1,84,56,28,28
050,49,013,"Utah","Duchesne County",1,85,228,84,144
050,49,013,"Utah","Duchesne County",2,0,331,167,164
050,49,013,"Utah","Duchesne County",2,1,322,169,153
050,49,013,"Utah","Duchesne County",2,2,330,166,164
050,49,013,"Utah","Duchesne County",2,3,328,168,160
050,49,013,"Utah","Duchesne County",2,4,347,172,175
050,49,013,"Utah","Duchesne County",2,5,375,185,190
050,49,013,"Utah","Duchesne County",2,6,377,187,190
050,49,013,"Utah","Duchesne County",2,7,377,195,182
050,49,013,"Utah","Duchesne County",2,8,365,189,176
050,49,013,"Utah","Duchesne County",2,9,368,177,191
050,49,013,"Utah","Duchesne County",2,10,382,186,196
050,49,013,"Utah","Duchesne County",2,11,389,190,199
050,49,013,"Utah","Duchesne County",2,12,412,206,206
050,49,013,"Utah","Duchesne County",2,13,386,199,187
050,49,013,"Utah","Duchesne County",2,14,363,184,179
050,49,013,"Utah","Duchesne County",2,15,362,177,185
050,49,013,"Utah","Duchesne County",2,16,364,175,189
050,49,013,"Utah","Duchesne County",2,17,358,187,171
050,49,013,"Utah","Duchesne County",2,18,281,161,120
050,49,013,"Utah","Duchesne County",2,19,209,117,92
050,49,013,"Utah","Duchesne County",2,20,213,122,91
050,49,013,"Utah","Duchesne County",2,21,203,114,89
050,49,013,"Utah","Duchesne County",2,22,186,99,87
050,49,013,"Utah","Duchesne County",2,23,190,101,89
050,49,013,"Utah","Duchesne County",2,24,187,93,94
050,49,013,"Utah","Duchesne County",2,25,195,90,105
050,49,013,"Utah","Duchesne County",2,26,218,102,116
050,49,013,"Utah","Duchesne County",2,27,224,104,120
050,49,013,"Utah","Duchesne County",2,28,239,112,127
050,49,013,"Utah","Duchesne County",2,29,248,118,130
050,49,013,"Utah","Duchesne County",2,30,235,115,120
050,49,013,"Utah","Duchesne County",2,31,241,121,120
050,49,013,"Utah","Duchesne County",2,32,252,132,120
050,49,013,"Utah","Duchesne County",2,33,260,134,126
050,49,013,"Utah","Duchesne County",2,34,270,132,138
050,49,013,"Utah","Duchesne County",2,35,260,124,136
050,49,013,"Utah","Duchesne County",2,36,255,121,134
050,49,013,"Utah","Duchesne County",2,37,287,140,147
050,49,013,"Utah","Duchesne County",2,38,298,145,153
050,49,013,"Utah","Duchesne County",2,39,312,160,152
050,49,013,"Utah","Duchesne County",2,40,315,166,149
050,49,013,"Utah","Duchesne County",2,41,304,168,136
050,49,013,"Utah","Duchesne County",2,42,283,150,133
050,49,013,"Utah","Duchesne County",2,43,253,136,117
050,49,013,"Utah","Duchesne County",2,44,225,116,109
050,49,013,"Utah","Duchesne County",2,45,235,122,113
050,49,013,"Utah","Duchesne County",2,46,228,123,105
050,49,013,"Utah","Duchesne County",2,47,194,104,90
050,49,013,"Utah","Duchesne County",2,48,204,102,102
050,49,013,"Utah","Duchesne County",2,49,198,102,96
050,49,013,"Utah","Duchesne County",2,50,181,91,90
050,49,013,"Utah","Duchesne County",2,51,178,88,90
050,49,013,"Utah","Duchesne County",2,52,170,95,75
050,49,013,"Utah","Duchesne County",2,53,171,88,83
050,49,013,"Utah","Duchesne County",2,54,170,86,84
050,49,013,"Utah","Duchesne County",2,55,179,90,89
050,49,013,"Utah","Duchesne County",2,56,199,96,103
050,49,013,"Utah","Duchesne County",2,57,204,100,104
050,49,013,"Utah","Duchesne County",2,58,203,101,102
050,49,013,"Utah","Duchesne County",2,59,203,101,102
050,49,013,"Utah","Duchesne County",2,60,214,103,111
050,49,013,"Utah","Duchesne County",2,61,226,111,115
050,49,013,"Utah","Duchesne County",2,62,226,115,111
050,49,013,"Utah","Duchesne County",2,63,226,117,109
050,49,013,"Utah","Duchesne County",2,64,200,110,90
050,49,013,"Utah","Duchesne County",2,65,170,97,73
050,49,013,"Utah","Duchesne County",2,66,181,100,81
050,49,013,"Utah","Duchesne County",2,67,172,87,85
050,49,013,"Utah","Duchesne County",2,68,164,82,82
050,49,013,"Utah","Duchesne County",2,69,141,69,72
050,49,013,"Utah","Duchesne County",2,70,144,78,66
050,49,013,"Utah","Duchesne County",2,71,137,76,61
050,49,013,"Utah","Duchesne County",2,72,119,61,58
050,49,013,"Utah","Duchesne County",2,73,133,66,67
050,49,013,"Utah","Duchesne County",2,74,100,45,55
050,49,013,"Utah","Duchesne County",2,75,101,49,52
050,49,013,"Utah","Duchesne County",2,76,97,52,45
050,49,013,"Utah","Duchesne County",2,77,92,50,42
050,49,013,"Utah","Duchesne County",2,78,78,41,37
050,49,013,"Utah","Duchesne County",2,79,82,45,37
050,49,013,"Utah","Duchesne County",2,80,68,28,40
050,49,013,"Utah","Duchesne County",2,81,56,25,31
050,49,013,"Utah","Duchesne County",2,82,55,30,25
050,49,013,"Utah","Duchesne County",2,83,56,31,25
050,49,013,"Utah","Duchesne County",2,84,55,28,27
050,49,013,"Utah","Duchesne County",2,85,231,86,145
050,49,013,"Utah","Duchesne County",3,0,248,124,124
050,49,013,"Utah","Duchesne County",3,1,332,164,168
050,49,013,"Utah","Duchesne County",3,2,322,178,144
050,49,013,"Utah","Duchesne County",3,3,341,174,167
050,49,013,"Utah","Duchesne County",3,4,335,174,161
050,49,013,"Utah","Duchesne County",3,5,340,177,163
050,49,013,"Utah","Duchesne County",3,6,372,177,195
050,49,013,"Utah","Duchesne County",3,7,347,165,182
050,49,013,"Utah","Duchesne County",3,8,409,211,198
050,49,013,"Utah","Duchesne County",3,9,361,189,172
050,49,013,"Utah","Duchesne County",3,10,378,176,202
050,49,013,"Utah","Duchesne County",3,11,389,194,195
050,49,013,"Utah","Duchesne County",3,12,407,206,201
050,49,013,"Utah","Duchesne County",3,13,414,213,201
050,49,013,"Utah","Duchesne County",3,14,388,202,186
050,49,013,"Utah","Duchesne County",3,15,373,194,179
050,49,013,"Utah","Duchesne County",3,16,367,179,188
050,49,013,"Utah","Duchesne County",3,17,358,181,177
050,49,013,"Utah","Duchesne County",3,18,319,171,148
050,49,013,"Utah","Duchesne County",3,19,215,126,89
050,49,013,"Utah","Duchesne County",3,20,224,123,101
050,49,013,"Utah","Duchesne County",3,21,234,124,110
050,49,013,"Utah","Duchesne County",3,22,221,118,103
050,49,013,"Utah","Duchesne County",3,23,210,114,96
050,49,013,"Utah","Duchesne County",3,24,197,104,93
050,49,013,"Utah","Duchesne County",3,25,180,90,90
050,49,013,"Utah","Duchesne County",3,26,194,98,96
050,49,013,"Utah","Duchesne County",3,27,203,101,102
050,49,013,"Utah","Duchesne County",3,28,223,93,130
050,49,013,"Utah","Duchesne County",3,29,233,106,127
050,49,013,"Utah","Duchesne County",3,30,245,118,127
050,49,013,"Utah","Duchesne County",3,31,225,114,111
050,49,013,"Utah","Duchesne County",3,32,244,126,118
050,49,013,"Utah","Duchesne County",3,33,255,131,124
050,49,013,"Utah","Duchesne County",3,34,253,128,125
050,49,013,"Utah","Duchesne County",3,35,278,137,141
050,49,013,"Utah","Duchesne County",3,36,261,123,138
050,49,013,"Utah","Duchesne County",3,37,251,113,138
050,49,013,"Utah","Duchesne County",3,38,282,144,138
050,49,013,"Utah","Duchesne County",3,39,283,138,145
050,49,013,"Utah","Duchesne County",3,40,303,154,149
050,49,013,"Utah","Duchesne County",3,41,313,162,151
050,49,013,"Utah","Duchesne County",3,42,307,167,140
050,49,013,"Utah","Duchesne County",3,43,278,145,133
050,49,013,"Utah","Duchesne County",3,44,262,144,118
050,49,013,"Utah","Duchesne County",3,45,224,122,102
050,49,013,"Utah","Duchesne County",3,46,244,128,116
050,49,013,"Utah","Duchesne County",3,47,215,117,98
050,49,013,"Utah","Duchesne County",3,48,192,99,93
050,49,013,"Utah","Duchesne County",3,49,212,106,106
050,49,013,"Utah","Duchesne County",3,50,196,101,95
050,49,013,"Utah","Duchesne County",3,51,183,88,95
050,49,013,"Utah","Duchesne County",3,52,193,97,96
050,49,013,"Utah","Duchesne County",3,53,166,93,73
050,49,013,"Utah","Duchesne County",3,54,171,85,86
050,49,013,"Utah","Duchesne County",3,55,175,86,89
050,49,013,"Utah","Duchesne County",3,56,176,91,85
050,49,013,"Utah","Duchesne County",3,57,208,100,108
050,49,013,"Utah","Duchesne County",3,58,203,99,104
050,49,013,"Utah","Duchesne County",3,59,203,98,105
050,49,013,"Utah","Duchesne County",3,60,207,102,105
050,49,013,"Utah","Duchesne County",3,61,219,108,111
050,49,013,"Utah","Duchesne County",3,62,221,105,116
050,49,013,"Utah","Duchesne County",3,63,237,119,118
050,49,013,"Utah","Duchesne County",3,64,226,116,110
050,49,013,"Utah","Duchesne County",3,65,197,106,91
050,49,013,"Utah","Duchesne County",3,66,174,99,75
050,49,013,"Utah","Duchesne County",3,67,186,100,86
050,49,013,"Utah","Duchesne County",3,68,168,84,84
050,49,013,"Utah","Duchesne County",3,69,163,85,78
050,49,013,"Utah","Duchesne County",3,70,142,70,72
050,49,013,"Utah","Duchesne County",3,71,138,72,66
050,49,013,"Utah","Duchesne County",3,72,136,76,60
050,49,013,"Utah","Duchesne County",3,73,120,64,56
050,49,013,"Utah","Duchesne County",3,74,125,61,64
050,49,013,"Utah","Duchesne County",3,75,96,44,52
050,49,013,"Utah","Duchesne County",3,76,96,48,48
050,49,013,"Utah","Duchesne County",3,77,95,49,46
050,49,013,"Utah","Duchesne County",3,78,83,46,37
050,49,013,"Utah","Duchesne County",3,79,78,40,38
050,49,013,"Utah","Duchesne County",3,80,74,42,32
050,49,013,"Utah","Duchesne County",3,81,68,30,38
050,49,013,"Utah","Duchesne County",3,82,49,20,29
050,49,013,"Utah","Duchesne County",3,83,52,29,23
050,49,013,"Utah","Duchesne County",3,84,56,31,25
050,49,013,"Utah","Duchesne County",3,85,251,94,157
050,49,013,"Utah","Duchesne County",4,0,283,142,141
050,49,013,"Utah","Duchesne County",4,1,255,124,131
050,49,013,"Utah","Duchesne County",4,2,322,165,157
050,49,013,"Utah","Duchesne County",4,3,333,183,150
050,49,013,"Utah","Duchesne County",4,4,350,176,174
050,49,013,"Utah","Duchesne County",4,5,350,186,164
050,49,013,"Utah","Duchesne County",4,6,333,169,164
050,49,013,"Utah","Duchesne County",4,7,382,184,198
050,49,013,"Utah","Duchesne County",4,8,358,177,181
050,49,013,"Utah","Duchesne County",4,9,413,208,205
050,49,013,"Utah","Duchesne County",4,10,369,193,176
050,49,013,"Utah","Duchesne County",4,11,373,174,199
050,49,013,"Utah","Duchesne County",4,12,397,198,199
050,49,013,"Utah","Duchesne County",4,13,407,205,202
050,49,013,"Utah","Duchesne County",4,14,417,221,196
050,49,013,"Utah","Duchesne County",4,15,387,203,184
050,49,013,"Utah","Duchesne County",4,16,372,194,178
050,49,013,"Utah","Duchesne County",4,17,371,178,193
050,49,013,"Utah","Duchesne County",4,18,310,163,147
050,49,013,"Utah","Duchesne County",4,19,237,139,98
050,49,013,"Utah","Duchesne County",4,20,228,128,100
050,49,013,"Utah","Duchesne County",4,21,221,124,97
050,49,013,"Utah","Duchesne County",4,22,238,123,115
050,49,013,"Utah","Duchesne County",4,23,235,115,120
050,49,013,"Utah","Duchesne County",4,24,205,104,101
050,49,013,"Utah","Duchesne County",4,25,190,91,99
050,49,013,"Utah","Duchesne County",4,26,178,89,89
050,49,013,"Utah","Duchesne County",4,27,207,99,108
050,49,013,"Utah","Duchesne County",4,28,219,106,113
050,49,013,"Utah","Duchesne County",4,29,240,98,142
050,49,013,"Utah","Duchesne County",4,30,246,108,138
050,49,013,"Utah","Duchesne County",4,31,253,125,128
050,49,013,"Utah","Duchesne County",4,32,237,121,116
050,49,013,"Utah","Duchesne County",4,33,243,128,115
050,49,013,"Utah","Duchesne County",4,34,272,139,133
050,49,013,"Utah","Duchesne County",4,35,269,139,130
050,49,013,"Utah","Duchesne County",4,36,287,145,142
050,49,013,"Utah","Duchesne County",4,37,260,123,137
050,49,013,"Utah","Duchesne County",4,38,255,122,133
050,49,013,"Utah","Duchesne County",4,39,286,147,139
050,49,013,"Utah","Duchesne County",4,40,294,137,157
050,49,013,"Utah","Duchesne County",4,41,301,154,147
050,49,013,"Utah","Duchesne County",4,42,310,161,149
050,49,013,"Utah","Duchesne County",4,43,312,171,141
050,49,013,"Utah","Duchesne County",4,44,287,156,131
050,49,013,"Utah","Duchesne County",4,45,274,147,127
050,49,013,"Utah","Duchesne County",4,46,224,123,101
050,49,013,"Utah","Duchesne County",4,47,239,124,115
050,49,013,"Utah","Duchesne County",4,48,219,120,99
050,49,013,"Utah","Duchesne County",4,49,197,104,93
050,49,013,"Utah","Duchesne County",4,50,214,104,110
050,49,013,"Utah","Duchesne County",4,51,195,101,94
050,49,013,"Utah","Duchesne County",4,52,185,90,95
050,49,013,"Utah","Duchesne County",4,53,189,93,96
050,49,013,"Utah","Duchesne County",4,54,168,97,71
050,49,013,"Utah","Duchesne County",4,55,180,92,88
050,49,013,"Utah","Duchesne County",4,56,178,84,94
050,49,013,"Utah","Duchesne County",4,57,175,90,85
050,49,013,"Utah","Duchesne County",4,58,211,103,108
050,49,013,"Utah","Duchesne County",4,59,207,102,105
050,49,013,"Utah","Duchesne County",4,60,208,101,107
050,49,013,"Utah","Duchesne County",4,61,207,106,101
050,49,013,"Utah","Duchesne County",4,62,229,114,115
050,49,013,"Utah","Duchesne County",4,63,222,101,121
050,49,013,"Utah","Duchesne County",4,64,238,121,117
050,49,013,"Utah","Duchesne County",4,65,230,117,113
050,49,013,"Utah","Duchesne County",4,66,192,105,87
050,49,013,"Utah","Duchesne County",4,67,178,106,72
050,49,013,"Utah","Duchesne County",4,68,188,102,86
050,49,013,"Utah","Duchesne County",4,69,166,83,83
050,49,013,"Utah","Duchesne County",4,70,163,84,79
050,49,013,"Utah","Duchesne County",4,71,139,69,70
050,49,013,"Utah","Duchesne County",4,72,130,68,62
050,49,013,"Utah","Duchesne County",4,73,137,75,62
050,49,013,"Utah","Duchesne County",4,74,118,60,58
050,49,013,"Utah","Duchesne County",4,75,129,66,63
050,49,013,"Utah","Duchesne County",4,76,94,44,50
050,49,013,"Utah","Duchesne County",4,77,90,46,44
050,49,013,"Utah","Duchesne County",4,78,94,47,47
050,49,013,"Utah","Duchesne County",4,79,75,40,35
050,49,013,"Utah","Duchesne County",4,80,68,36,32
050,49,013,"Utah","Duchesne County",4,81,72,41,31
050,49,013,"Utah","Duchesne County",4,82,66,29,37
050,49,013,"Utah","Duchesne County",4,83,48,19,29
050,49,013,"Utah","Duchesne County",4,84,54,30,24
050,49,013,"Utah","Duchesne County",4,85,260,101,159
050,49,013,"Utah","Duchesne County",5,0,279,141,138
050,49,013,"Utah","Duchesne County",5,1,301,152,149
050,49,013,"Utah","Duchesne County",5,2,273,135,138
050,49,013,"Utah","Duchesne County",5,3,331,164,167
050,49,013,"Utah","Duchesne County",5,4,345,197,148
050,49,013,"Utah","Duchesne County",5,5,358,185,173
050,49,013,"Utah","Duchesne County",5,6,357,187,170
050,49,013,"Utah","Duchesne County",5,7,335,176,159
050,49,013,"Utah","Duchesne County",5,8,388,192,196
050,49,013,"Utah","Duchesne County",5,9,362,176,186
050,49,013,"Utah","Duchesne County",5,10,415,214,201
050,49,013,"Utah","Duchesne County",5,11,371,196,175
050,49,013,"Utah","Duchesne County",5,12,379,177,202
050,49,013,"Utah","Duchesne County",5,13,395,204,191
050,49,013,"Utah","Duchesne County",5,14,400,202,198
050,49,013,"Utah","Duchesne County",5,15,420,217,203
050,49,013,"Utah","Duchesne County",5,16,388,200,188
050,49,013,"Utah","Duchesne County",5,17,375,194,181
050,49,013,"Utah","Duchesne County",5,18,300,150,150
050,49,013,"Utah","Duchesne County",5,19,238,130,108
050,49,013,"Utah","Duchesne County",5,20,259,145,114
050,49,013,"Utah","Duchesne County",5,21,235,129,106
050,49,013,"Utah","Duchesne County",5,22,220,123,97
050,49,013,"Utah","Duchesne County",5,23,256,126,130
050,49,013,"Utah","Duchesne County",5,24,240,119,121
050,49,013,"Utah","Duchesne County",5,25,217,112,105
050,49,013,"Utah","Duchesne County",5,26,200,102,98
050,49,013,"Utah","Duchesne County",5,27,188,93,95
050,49,013,"Utah","Duchesne County",5,28,216,104,112
050,49,013,"Utah","Duchesne County",5,29,239,122,117
050,49,013,"Utah","Duchesne County",5,30,250,111,139
050,49,013,"Utah","Duchesne County",5,31,249,105,144
050,49,013,"Utah","Duchesne County",5,32,257,128,129
050,49,013,"Utah","Duchesne County",5,33,255,130,125
050,49,013,"Utah","Duchesne County",5,34,245,125,120
050,49,013,"Utah","Duchesne County",5,35,274,145,129
050,49,013,"Utah","Duchesne County",5,36,276,137,139
050,49,013,"Utah","Duchesne County",5,37,288,142,146
050,49,013,"Utah","Duchesne County",5,38,260,126,134
050,49,013,"Utah","Duchesne County",5,39,265,130,135
050,49,013,"Utah","Duchesne County",5,40,303,155,148
050,49,013,"Utah","Duchesne County",5,41,299,146,153
050,49,013,"Utah","Duchesne County",5,42,306,156,150
050,49,013,"Utah","Duchesne County",5,43,309,159,150
050,49,013,"Utah","Duchesne County",5,44,304,166,138
050,49,013,"Utah","Duchesne County",5,45,298,170,128
050,49,013,"Utah","Duchesne County",5,46,273,144,129
050,49,013,"Utah","Duchesne County",5,47,220,123,97
050,49,013,"Utah","Duchesne County",5,48,231,120,111
050,49,013,"Utah","Duchesne County",5,49,222,119,103
050,49,013,"Utah","Duchesne County",5,50,195,105,90
050,49,013,"Utah","Duchesne County",5,51,209,104,105
050,49,013,"Utah","Duchesne County",5,52,203,105,98
050,49,013,"Utah","Duchesne County",5,53,184,89,95
050,49,013,"Utah","Duchesne County",5,54,197,99,98
050,49,013,"Utah","Duchesne County",5,55,166,95,71
050,49,013,"Utah","Duchesne County",5,56,192,101,91
050,49,013,"Utah","Duchesne County",5,57,185,86,99
050,49,013,"Utah","Duchesne County",5,58,177,91,86
050,49,013,"Utah","Duchesne County",5,59,218,107,111
050,49,013,"Utah","Duchesne County",5,60,200,100,100
050,49,013,"Utah","Duchesne County",5,61,218,105,113
050,49,013,"Utah","Duchesne County",5,62,199,103,96
050,49,013,"Utah","Duchesne County",5,63,228,113,115
050,49,013,"Utah","Duchesne County",5,64,224,102,122
050,49,013,"Utah","Duchesne County",5,65,240,121,119
050,49,013,"Utah","Duchesne County",5,66,230,117,113
050,49,013,"Utah","Duchesne County",5,67,193,104,89
050,49,013,"Utah","Duchesne County",5,68,172,100,72
050,49,013,"Utah","Duchesne County",5,69,190,105,85
050,49,013,"Utah","Duchesne County",5,70,163,81,82
050,49,013,"Utah","Duchesne County",5,71,155,81,74
050,49,013,"Utah","Duchesne County",5,72,137,67,70
050,49,013,"Utah","Duchesne County",5,73,129,68,61
050,49,013,"Utah","Duchesne County",5,74,130,71,59
050,49,013,"Utah","Duchesne County",5,75,113,57,56
050,49,013,"Utah","Duchesne County",5,76,122,63,59
050,49,013,"Utah","Duchesne County",5,77,89,41,48
050,49,013,"Utah","Duchesne County",5,78,86,43,43
050,49,013,"Utah","Duchesne County",5,79,86,44,42
050,49,013,"Utah","Duchesne County",5,80,66,33,33
050,49,013,"Utah","Duchesne County",5,81,68,37,31
050,49,013,"Utah","Duchesne County",5,82,66,37,29
050,49,013,"Utah","Duchesne County",5,83,60,26,34
050,49,013,"Utah","Duchesne County",5,84,47,19,28
050,49,013,"Utah","Duchesne County",5,85,276,114,162
050,49,015,"Utah","Emery County",1,0,117,60,57
050,49,015,"Utah","Emery County",1,1,117,68,49
050,49,015,"Utah","Emery County",1,2,137,71,66
050,49,015,"Utah","Emery County",1,3,118,57,61
050,49,015,"Utah","Emery County",1,4,126,61,65
050,49,015,"Utah","Emery County",1,5,136,73,63
050,49,015,"Utah","Emery County",1,6,142,72,70
050,49,015,"Utah","Emery County",1,7,154,80,74
050,49,015,"Utah","Emery County",1,8,159,88,71
050,49,015,"Utah","Emery County",1,9,149,88,61
050,49,015,"Utah","Emery County",1,10,178,104,74
050,49,015,"Utah","Emery County",1,11,187,105,82
050,49,015,"Utah","Emery County",1,12,190,106,84
050,49,015,"Utah","Emery County",1,13,188,105,83
050,49,015,"Utah","Emery County",1,14,193,103,90
050,49,015,"Utah","Emery County",1,15,190,94,96
050,49,015,"Utah","Emery County",1,16,187,97,90
050,49,015,"Utah","Emery County",1,17,170,94,76
050,49,015,"Utah","Emery County",1,18,148,76,72
050,49,015,"Utah","Emery County",1,19,105,56,49
050,49,015,"Utah","Emery County",1,20,100,52,48
050,49,015,"Utah","Emery County",1,21,105,57,48
050,49,015,"Utah","Emery County",1,22,123,65,58
050,49,015,"Utah","Emery County",1,23,112,61,51
050,49,015,"Utah","Emery County",1,24,100,54,46
050,49,015,"Utah","Emery County",1,25,103,57,46
050,49,015,"Utah","Emery County",1,26,82,49,33
050,49,015,"Utah","Emery County",1,27,97,52,45
050,49,015,"Utah","Emery County",1,28,110,54,56
050,49,015,"Utah","Emery County",1,29,107,54,53
050,49,015,"Utah","Emery County",1,30,96,50,46
050,49,015,"Utah","Emery County",1,31,93,37,56
050,49,015,"Utah","Emery County",1,32,98,43,55
050,49,015,"Utah","Emery County",1,33,98,51,47
050,49,015,"Utah","Emery County",1,34,109,49,60
050,49,015,"Utah","Emery County",1,35,107,52,55
050,49,015,"Utah","Emery County",1,36,118,59,59
050,49,015,"Utah","Emery County",1,37,122,64,58
050,49,015,"Utah","Emery County",1,38,131,70,61
050,49,015,"Utah","Emery County",1,39,126,62,64
050,49,015,"Utah","Emery County",1,40,143,74,69
050,49,015,"Utah","Emery County",1,41,143,70,73
050,49,015,"Utah","Emery County",1,42,123,64,59
050,49,015,"Utah","Emery County",1,43,126,63,63
050,49,015,"Utah","Emery County",1,44,119,62,57
050,49,015,"Utah","Emery County",1,45,110,62,48
050,49,015,"Utah","Emery County",1,46,109,51,58
050,49,015,"Utah","Emery County",1,47,100,46,54
050,49,015,"Utah","Emery County",1,48,110,58,52
050,49,015,"Utah","Emery County",1,49,102,50,52
050,49,015,"Utah","Emery County",1,50,94,47,47
050,49,015,"Utah","Emery County",1,51,100,52,48
050,49,015,"Utah","Emery County",1,52,85,45,40
050,49,015,"Utah","Emery County",1,53,102,58,44
050,49,015,"Utah","Emery County",1,54,93,50,43
050,49,015,"Utah","Emery County",1,55,97,49,48
050,49,015,"Utah","Emery County",1,56,103,47,56
050,49,015,"Utah","Emery County",1,57,103,48,55
050,49,015,"Utah","Emery County",1,58,118,56,62
050,49,015,"Utah","Emery County",1,59,137,67,70
050,49,015,"Utah","Emery County",1,60,134,61,73
050,49,015,"Utah","Emery County",1,61,136,61,75
050,49,015,"Utah","Emery County",1,62,147,77,70
050,49,015,"Utah","Emery County",1,63,123,70,53
050,49,015,"Utah","Emery County",1,64,130,67,63
050,49,015,"Utah","Emery County",1,65,132,64,68
050,49,015,"Utah","Emery County",1,66,127,64,63
050,49,015,"Utah","Emery County",1,67,121,57,64
050,49,015,"Utah","Emery County",1,68,105,50,55
050,49,015,"Utah","Emery County",1,69,122,67,55
050,49,015,"Utah","Emery County",1,70,103,55,48
050,49,015,"Utah","Emery County",1,71,95,49,46
050,49,015,"Utah","Emery County",1,72,104,48,56
050,49,015,"Utah","Emery County",1,73,96,59,37
050,49,015,"Utah","Emery County",1,74,59,31,28
050,49,015,"Utah","Emery County",1,75,60,29,31
050,49,015,"Utah","Emery County",1,76,60,28,32
050,49,015,"Utah","Emery County",1,77,67,34,33
050,49,015,"Utah","Emery County",1,78,59,27,32
050,49,015,"Utah","Emery County",1,79,60,29,31
050,49,015,"Utah","Emery County",1,80,52,22,30
050,49,015,"Utah","Emery County",1,81,52,27,25
050,49,015,"Utah","Emery County",1,82,36,18,18
050,49,015,"Utah","Emery County",1,83,36,14,22
050,49,015,"Utah","Emery County",1,84,28,10,18
050,49,015,"Utah","Emery County",1,85,137,55,82
050,49,015,"Utah","Emery County",2,0,118,61,57
050,49,015,"Utah","Emery County",2,1,117,65,52
050,49,015,"Utah","Emery County",2,2,133,70,63
050,49,015,"Utah","Emery County",2,3,121,59,62
050,49,015,"Utah","Emery County",2,4,125,61,64
050,49,015,"Utah","Emery County",2,5,136,72,64
050,49,015,"Utah","Emery County",2,6,142,73,69
050,49,015,"Utah","Emery County",2,7,152,79,73
050,49,015,"Utah","Emery County",2,8,155,84,71
050,49,015,"Utah","Emery County",2,9,152,88,64
050,49,015,"Utah","Emery County",2,10,170,100,70
050,49,015,"Utah","Emery County",2,11,183,104,79
050,49,015,"Utah","Emery County",2,12,191,106,85
050,49,015,"Utah","Emery County",2,13,190,106,84
050,49,015,"Utah","Emery County",2,14,192,103,89
050,49,015,"Utah","Emery County",2,15,192,98,94
050,49,015,"Utah","Emery County",2,16,190,97,93
050,49,015,"Utah","Emery County",2,17,173,94,79
050,49,015,"Utah","Emery County",2,18,144,77,67
050,49,015,"Utah","Emery County",2,19,110,58,52
050,49,015,"Utah","Emery County",2,20,102,52,50
050,49,015,"Utah","Emery County",2,21,105,57,48
050,49,015,"Utah","Emery County",2,22,119,64,55
050,49,015,"Utah","Emery County",2,23,116,63,53
050,49,015,"Utah","Emery County",2,24,103,55,48
050,49,015,"Utah","Emery County",2,25,101,56,45
050,49,015,"Utah","Emery County",2,26,90,52,38
050,49,015,"Utah","Emery County",2,27,95,52,43
050,49,015,"Utah","Emery County",2,28,106,53,53
050,49,015,"Utah","Emery County",2,29,109,55,54
050,49,015,"Utah","Emery County",2,30,100,52,48
050,49,015,"Utah","Emery County",2,31,91,39,52
050,49,015,"Utah","Emery County",2,32,98,43,55
050,49,015,"Utah","Emery County",2,33,97,48,49
050,49,015,"Utah","Emery County",2,34,108,51,57
050,49,015,"Utah","Emery County",2,35,109,53,56
050,49,015,"Utah","Emery County",2,36,114,57,57
050,49,015,"Utah","Emery County",2,37,122,64,58
050,49,015,"Utah","Emery County",2,38,127,66,61
050,49,015,"Utah","Emery County",2,39,127,63,64
050,49,015,"Utah","Emery County",2,40,138,70,68
050,49,015,"Utah","Emery County",2,41,143,71,72
050,49,015,"Utah","Emery County",2,42,127,65,62
050,49,015,"Utah","Emery County",2,43,127,64,63
050,49,015,"Utah","Emery County",2,44,119,61,58
050,49,015,"Utah","Emery County",2,45,113,62,51
050,49,015,"Utah","Emery County",2,46,109,53,56
050,49,015,"Utah","Emery County",2,47,102,47,55
050,49,015,"Utah","Emery County",2,48,108,55,53
050,49,015,"Utah","Emery County",2,49,106,53,53
050,49,015,"Utah","Emery County",2,50,97,49,48
050,49,015,"Utah","Emery County",2,51,98,50,48
050,49,015,"Utah","Emery County",2,52,89,47,42
050,49,015,"Utah","Emery County",2,53,97,54,43
050,49,015,"Utah","Emery County",2,54,96,53,43
050,49,015,"Utah","Emery County",2,55,95,49,46
050,49,015,"Utah","Emery County",2,56,102,48,54
050,49,015,"Utah","Emery County",2,57,103,48,55
050,49,015,"Utah","Emery County",2,58,114,55,59
050,49,015,"Utah","Emery County",2,59,135,66,69
050,49,015,"Utah","Emery County",2,60,134,62,72
050,49,015,"Utah","Emery County",2,61,137,61,76
050,49,015,"Utah","Emery County",2,62,147,74,73
050,49,015,"Utah","Emery County",2,63,132,73,59
050,49,015,"Utah","Emery County",2,64,130,68,62
050,49,015,"Utah","Emery County",2,65,134,66,68
050,49,015,"Utah","Emery County",2,66,130,66,64
050,49,015,"Utah","Emery County",2,67,120,56,64
050,49,015,"Utah","Emery County",2,68,105,49,56
050,49,015,"Utah","Emery County",2,69,118,64,54
050,49,015,"Utah","Emery County",2,70,106,57,49
050,49,015,"Utah","Emery County",2,71,98,51,47
050,49,015,"Utah","Emery County",2,72,98,47,51
050,49,015,"Utah","Emery County",2,73,103,59,44
050,49,015,"Utah","Emery County",2,74,60,33,27
050,49,015,"Utah","Emery County",2,75,60,29,31
050,49,015,"Utah","Emery County",2,76,59,28,31
050,49,015,"Utah","Emery County",2,77,67,34,33
050,49,015,"Utah","Emery County",2,78,60,28,32
050,49,015,"Utah","Emery County",2,79,59,28,31
050,49,015,"Utah","Emery County",2,80,51,23,28
050,49,015,"Utah","Emery County",2,81,51,25,26
050,49,015,"Utah","Emery County",2,82,39,20,19
050,49,015,"Utah","Emery County",2,83,35,14,21
050,49,015,"Utah","Emery County",2,84,30,11,19
050,49,015,"Utah","Emery County",2,85,141,57,84
050,49,015,"Utah","Emery County",3,0,104,54,50
050,49,015,"Utah","Emery County",3,1,129,68,61
050,49,015,"Utah","Emery County",3,2,114,60,54
050,49,015,"Utah","Emery County",3,3,146,77,69
050,49,015,"Utah","Emery County",3,4,131,65,66
050,49,015,"Utah","Emery County",3,5,134,68,66
050,49,015,"Utah","Emery County",3,6,147,81,66
050,49,015,"Utah","Emery County",3,7,145,76,69
050,49,015,"Utah","Emery County",3,8,160,86,74
050,49,015,"Utah","Emery County",3,9,151,81,70
050,49,015,"Utah","Emery County",3,10,162,92,70
050,49,015,"Utah","Emery County",3,11,165,98,67
050,49,015,"Utah","Emery County",3,12,191,107,84
050,49,015,"Utah","Emery County",3,13,193,105,88
050,49,015,"Utah","Emery County",3,14,191,107,84
050,49,015,"Utah","Emery County",3,15,190,99,91
050,49,015,"Utah","Emery County",3,16,196,100,96
050,49,015,"Utah","Emery County",3,17,189,97,92
050,49,015,"Utah","Emery County",3,18,147,81,66
050,49,015,"Utah","Emery County",3,19,118,67,51
050,49,015,"Utah","Emery County",3,20,118,56,62
050,49,015,"Utah","Emery County",3,21,106,61,45
050,49,015,"Utah","Emery County",3,22,97,51,46
050,49,015,"Utah","Emery County",3,23,123,64,59
050,49,015,"Utah","Emery County",3,24,120,60,60
050,49,015,"Utah","Emery County",3,25,114,63,51
050,49,015,"Utah","Emery County",3,26,102,47,55
050,49,015,"Utah","Emery County",3,27,89,51,38
050,49,015,"Utah","Emery County",3,28,105,60,45
050,49,015,"Utah","Emery County",3,29,109,55,54
050,49,015,"Utah","Emery County",3,30,104,50,54
050,49,015,"Utah","Emery County",3,31,102,49,53
050,49,015,"Utah","Emery County",3,32,96,44,52
050,49,015,"Utah","Emery County",3,33,101,46,55
050,49,015,"Utah","Emery County",3,34,98,50,48
050,49,015,"Utah","Emery County",3,35,117,53,64
050,49,015,"Utah","Emery County",3,36,114,55,59
050,49,015,"Utah","Emery County",3,37,113,55,58
050,49,015,"Utah","Emery County",3,38,125,66,59
050,49,015,"Utah","Emery County",3,39,124,62,62
050,49,015,"Utah","Emery County",3,40,129,62,67
050,49,015,"Utah","Emery County",3,41,138,70,68
050,49,015,"Utah","Emery County",3,42,145,72,73
050,49,015,"Utah","Emery County",3,43,125,63,62
050,49,015,"Utah","Emery County",3,44,127,64,63
050,49,015,"Utah","Emery County",3,45,115,59,56
050,49,015,"Utah","Emery County",3,46,121,64,57
050,49,015,"Utah","Emery County",3,47,108,52,56
050,49,015,"Utah","Emery County",3,48,107,49,58
050,49,015,"Utah","Emery County",3,49,116,60,56
050,49,015,"Utah","Emery County",3,50,105,52,53
050,49,015,"Utah","Emery County",3,51,98,48,50
050,49,015,"Utah","Emery County",3,52,101,50,51
050,49,015,"Utah","Emery County",3,53,89,44,45
050,49,015,"Utah","Emery County",3,54,100,57,43
050,49,015,"Utah","Emery County",3,55,100,55,45
050,49,015,"Utah","Emery County",3,56,93,49,44
050,49,015,"Utah","Emery County",3,57,102,48,54
050,49,015,"Utah","Emery County",3,58,109,49,60
050,49,015,"Utah","Emery County",3,59,117,55,62
050,49,015,"Utah","Emery County",3,60,132,62,70
050,49,015,"Utah","Emery County",3,61,136,64,72
050,49,015,"Utah","Emery County",3,62,131,59,72
050,49,015,"Utah","Emery County",3,63,145,73,72
050,49,015,"Utah","Emery County",3,64,137,76,61
050,49,015,"Utah","Emery County",3,65,126,70,56
050,49,015,"Utah","Emery County",3,66,128,66,62
050,49,015,"Utah","Emery County",3,67,129,64,65
050,49,015,"Utah","Emery County",3,68,117,55,62
050,49,015,"Utah","Emery County",3,69,102,48,54
050,49,015,"Utah","Emery County",3,70,114,61,53
050,49,015,"Utah","Emery County",3,71,106,57,49
050,49,015,"Utah","Emery County",3,72,94,52,42
050,49,015,"Utah","Emery County",3,73,99,48,51
050,49,015,"Utah","Emery County",3,74,103,57,46
050,49,015,"Utah","Emery County",3,75,52,32,20
050,49,015,"Utah","Emery County",3,76,61,29,32
050,49,015,"Utah","Emery County",3,77,57,27,30
050,49,015,"Utah","Emery County",3,78,62,33,29
050,49,015,"Utah","Emery County",3,79,55,25,30
050,49,015,"Utah","Emery County",3,80,52,24,28
050,49,015,"Utah","Emery County",3,81,50,23,27
050,49,015,"Utah","Emery County",3,82,43,24,19
050,49,015,"Utah","Emery County",3,83,34,16,18
050,49,015,"Utah","Emery County",3,84,32,13,19
050,49,015,"Utah","Emery County",3,85,143,52,91
050,49,015,"Utah","Emery County",4,0,119,62,57
050,49,015,"Utah","Emery County",4,1,110,60,50
050,49,015,"Utah","Emery County",4,2,138,78,60
050,49,015,"Utah","Emery County",4,3,121,63,58
050,49,015,"Utah","Emery County",4,4,145,81,64
050,49,015,"Utah","Emery County",4,5,141,70,71
050,49,015,"Utah","Emery County",4,6,144,72,72
050,49,015,"Utah","Emery County",4,7,161,87,74
050,49,015,"Utah","Emery County",4,8,144,78,66
050,49,015,"Utah","Emery County",4,9,165,90,75
050,49,015,"Utah","Emery County",4,10,158,82,76
050,49,015,"Utah","Emery County",4,11,165,90,75
050,49,015,"Utah","Emery County",4,12,167,106,61
050,49,015,"Utah","Emery County",4,13,186,106,80
050,49,015,"Utah","Emery County",4,14,201,110,91
050,49,015,"Utah","Emery County",4,15,188,106,82
050,49,015,"Utah","Emery County",4,16,188,101,87
050,49,015,"Utah","Emery County",4,17,198,101,97
050,49,015,"Utah","Emery County",4,18,157,82,75
050,49,015,"Utah","Emery County",4,19,109,60,49
050,49,015,"Utah","Emery County",4,20,117,65,52
050,49,015,"Utah","Emery County",4,21,122,57,65
050,49,015,"Utah","Emery County",4,22,120,66,54
050,49,015,"Utah","Emery County",4,23,101,57,44
050,49,015,"Utah","Emery County",4,24,122,59,63
050,49,015,"Utah","Emery County",4,25,132,68,64
050,49,015,"Utah","Emery County",4,26,122,67,55
050,49,015,"Utah","Emery County",4,27,103,48,55
050,49,015,"Utah","Emery County",4,28,91,49,42
050,49,015,"Utah","Emery County",4,29,100,55,45
050,49,015,"Utah","Emery County",4,30,125,67,58
050,49,015,"Utah","Emery County",4,31,101,52,49
050,49,015,"Utah","Emery County",4,32,108,52,56
050,49,015,"Utah","Emery County",4,33,101,47,54
050,49,015,"Utah","Emery County",4,34,91,39,52
050,49,015,"Utah","Emery County",4,35,94,48,46
050,49,015,"Utah","Emery County",4,36,126,62,64
050,49,015,"Utah","Emery County",4,37,117,56,61
050,49,015,"Utah","Emery County",4,38,116,58,58
050,49,015,"Utah","Emery County",4,39,129,71,58
050,49,015,"Utah","Emery County",4,40,127,62,65
050,49,015,"Utah","Emery County",4,41,127,63,64
050,49,015,"Utah","Emery County",4,42,141,75,66
050,49,015,"Utah","Emery County",4,43,141,71,70
050,49,015,"Utah","Emery County",4,44,130,66,64
050,49,015,"Utah","Emery County",4,45,122,60,62
050,49,015,"Utah","Emery County",4,46,120,59,61
050,49,015,"Utah","Emery County",4,47,122,65,57
050,49,015,"Utah","Emery County",4,48,111,52,59
050,49,015,"Utah","Emery County",4,49,115,50,65
050,49,015,"Utah","Emery County",4,50,118,59,59
050,49,015,"Utah","Emery County",4,51,109,53,56
050,49,015,"Utah","Emery County",4,52,98,49,49
050,49,015,"Utah","Emery County",4,53,100,52,48
050,49,015,"Utah","Emery County",4,54,94,45,49
050,49,015,"Utah","Emery County",4,55,103,57,46
050,49,015,"Utah","Emery County",4,56,100,55,45
050,49,015,"Utah","Emery County",4,57,94,49,45
050,49,015,"Utah","Emery County",4,58,110,54,56
050,49,015,"Utah","Emery County",4,59,110,49,61
050,49,015,"Utah","Emery County",4,60,119,57,62
050,49,015,"Utah","Emery County",4,61,133,61,72
050,49,015,"Utah","Emery County",4,62,139,67,72
050,49,015,"Utah","Emery County",4,63,134,59,75
050,49,015,"Utah","Emery County",4,64,139,71,68
050,49,015,"Utah","Emery County",4,65,133,73,60
050,49,015,"Utah","Emery County",4,66,125,69,56
050,49,015,"Utah","Emery County",4,67,126,67,59
050,49,015,"Utah","Emery County",4,68,129,61,68
050,49,015,"Utah","Emery County",4,69,114,55,59
050,49,015,"Utah","Emery County",4,70,96,43,53
050,49,015,"Utah","Emery County",4,71,108,58,50
050,49,015,"Utah","Emery County",4,72,103,57,46
050,49,015,"Utah","Emery County",4,73,95,54,41
050,49,015,"Utah","Emery County",4,74,90,41,49
050,49,015,"Utah","Emery County",4,75,99,57,42
050,49,015,"Utah","Emery County",4,76,53,31,22
050,49,015,"Utah","Emery County",4,77,53,27,26
050,49,015,"Utah","Emery County",4,78,55,27,28
050,49,015,"Utah","Emery County",4,79,57,30,27
050,49,015,"Utah","Emery County",4,80,47,21,26
050,49,015,"Utah","Emery County",4,81,46,20,26
050,49,015,"Utah","Emery County",4,82,46,23,23
050,49,015,"Utah","Emery County",4,83,38,21,17
050,49,015,"Utah","Emery County",4,84,32,15,17
050,49,015,"Utah","Emery County",4,85,149,52,97
050,49,015,"Utah","Emery County",5,0,122,64,58
050,49,015,"Utah","Emery County",5,1,120,61,59
050,49,015,"Utah","Emery County",5,2,114,64,50
050,49,015,"Utah","Emery County",5,3,146,83,63
050,49,015,"Utah","Emery County",5,4,126,66,60
050,49,015,"Utah","Emery County",5,5,140,79,61
050,49,015,"Utah","Emery County",5,6,142,71,71
050,49,015,"Utah","Emery County",5,7,146,71,75
050,49,015,"Utah","Emery County",5,8,162,90,72
050,49,015,"Utah","Emery County",5,9,144,77,67
050,49,015,"Utah","Emery County",5,10,166,90,76
050,49,015,"Utah","Emery County",5,11,155,83,72
050,49,015,"Utah","Emery County",5,12,169,93,76
050,49,015,"Utah","Emery County",5,13,171,104,67
050,49,015,"Utah","Emery County",5,14,184,104,80
050,49,015,"Utah","Emery County",5,15,195,109,86
050,49,015,"Utah","Emery County",5,16,189,108,81
050,49,015,"Utah","Emery County",5,17,192,98,94
050,49,015,"Utah","Emery County",5,18,158,86,72
050,49,015,"Utah","Emery County",5,19,127,70,57
050,49,015,"Utah","Emery County",5,20,108,55,53
050,49,015,"Utah","Emery County",5,21,119,64,55
050,49,015,"Utah","Emery County",5,22,124,61,63
050,49,015,"Utah","Emery County",5,23,117,70,47
050,49,015,"Utah","Emery County",5,24,112,65,47
050,49,015,"Utah","Emery County",5,25,126,60,66
050,49,015,"Utah","Emery County",5,26,137,70,67
050,49,015,"Utah","Emery County",5,27,122,66,56
050,49,015,"Utah","Emery County",5,28,112,49,63
050,49,015,"Utah","Emery County",5,29,86,48,38
050,49,015,"Utah","Emery County",5,30,96,52,44
050,49,015,"Utah","Emery County",5,31,128,70,58
050,49,015,"Utah","Emery County",5,32,105,51,54
050,49,015,"Utah","Emery County",5,33,108,52,56
050,49,015,"Utah","Emery County",5,34,114,55,59
050,49,015,"Utah","Emery County",5,35,93,40,53
050,49,015,"Utah","Emery County",5,36,94,48,46
050,49,015,"Utah","Emery County",5,37,120,58,62
050,49,015,"Utah","Emery County",5,38,116,55,61
050,49,015,"Utah","Emery County",5,39,128,61,67
050,49,015,"Utah","Emery County",5,40,134,71,63
050,49,015,"Utah","Emery County",5,41,135,69,66
050,49,015,"Utah","Emery County",5,42,131,63,68
050,49,015,"Utah","Emery County",5,43,143,78,65
050,49,015,"Utah","Emery County",5,44,140,70,70
050,49,015,"Utah","Emery County",5,45,127,68,59
050,49,015,"Utah","Emery County",5,46,126,64,62
050,49,015,"Utah","Emery County",5,47,125,62,63
050,49,015,"Utah","Emery County",5,48,129,69,60
050,49,015,"Utah","Emery County",5,49,109,54,55
050,49,015,"Utah","Emery County",5,50,111,48,63
050,49,015,"Utah","Emery County",5,51,122,59,63
050,49,015,"Utah","Emery County",5,52,114,56,58
050,49,015,"Utah","Emery County",5,53,92,47,45
050,49,015,"Utah","Emery County",5,54,99,54,45
050,49,015,"Utah","Emery County",5,55,92,43,49
050,49,015,"Utah","Emery County",5,56,107,59,48
050,49,015,"Utah","Emery County",5,57,97,52,45
050,49,015,"Utah","Emery County",5,58,95,51,44
050,49,015,"Utah","Emery County",5,59,110,52,58
050,49,015,"Utah","Emery County",5,60,106,47,59
050,49,015,"Utah","Emery County",5,61,117,53,64
050,49,015,"Utah","Emery County",5,62,133,65,68
050,49,015,"Utah","Emery County",5,63,134,65,69
050,49,015,"Utah","Emery County",5,64,139,65,74
050,49,015,"Utah","Emery County",5,65,142,70,72
050,49,015,"Utah","Emery County",5,66,135,74,61
050,49,015,"Utah","Emery County",5,67,121,68,53
050,49,015,"Utah","Emery County",5,68,131,69,62
050,49,015,"Utah","Emery County",5,69,127,59,68
050,49,015,"Utah","Emery County",5,70,107,50,57
050,49,015,"Utah","Emery County",5,71,90,40,50
050,49,015,"Utah","Emery County",5,72,108,58,50
050,49,015,"Utah","Emery County",5,73,102,59,43
050,49,015,"Utah","Emery County",5,74,89,48,41
050,49,015,"Utah","Emery County",5,75,84,40,44
050,49,015,"Utah","Emery County",5,76,99,57,42
050,49,015,"Utah","Emery County",5,77,48,30,18
050,49,015,"Utah","Emery County",5,78,51,27,24
050,49,015,"Utah","Emery County",5,79,50,24,26
050,49,015,"Utah","Emery County",5,80,49,25,24
050,49,015,"Utah","Emery County",5,81,46,20,26
050,49,015,"Utah","Emery County",5,82,40,20,20
050,49,015,"Utah","Emery County",5,83,42,20,22
050,49,015,"Utah","Emery County",5,84,35,19,16
050,49,015,"Utah","Emery County",5,85,148,53,95
050,49,017,"Utah","Garfield County",1,0,54,28,26
050,49,017,"Utah","Garfield County",1,1,53,30,23
050,49,017,"Utah","Garfield County",1,2,52,29,23
050,49,017,"Utah","Garfield County",1,3,62,28,34
050,49,017,"Utah","Garfield County",1,4,59,29,30
050,49,017,"Utah","Garfield County",1,5,63,36,27
050,49,017,"Utah","Garfield County",1,6,56,25,31
050,49,017,"Utah","Garfield County",1,7,54,26,28
050,49,017,"Utah","Garfield County",1,8,56,25,31
050,49,017,"Utah","Garfield County",1,9,60,28,32
050,49,017,"Utah","Garfield County",1,10,61,31,30
050,49,017,"Utah","Garfield County",1,11,56,28,28
050,49,017,"Utah","Garfield County",1,12,68,36,32
050,49,017,"Utah","Garfield County",1,13,76,45,31
050,49,017,"Utah","Garfield County",1,14,74,42,32
050,49,017,"Utah","Garfield County",1,15,74,40,34
050,49,017,"Utah","Garfield County",1,16,89,44,45
050,49,017,"Utah","Garfield County",1,17,75,42,33
050,49,017,"Utah","Garfield County",1,18,67,36,31
050,49,017,"Utah","Garfield County",1,19,81,52,29
050,49,017,"Utah","Garfield County",1,20,51,32,19
050,49,017,"Utah","Garfield County",1,21,67,34,33
050,49,017,"Utah","Garfield County",1,22,57,32,25
050,49,017,"Utah","Garfield County",1,23,50,26,24
050,49,017,"Utah","Garfield County",1,24,53,29,24
050,49,017,"Utah","Garfield County",1,25,52,24,28
050,49,017,"Utah","Garfield County",1,26,48,26,22
050,49,017,"Utah","Garfield County",1,27,59,39,20
050,49,017,"Utah","Garfield County",1,28,63,34,29
050,49,017,"Utah","Garfield County",1,29,45,24,21
050,49,017,"Utah","Garfield County",1,30,58,30,28
050,49,017,"Utah","Garfield County",1,31,64,33,31
050,49,017,"Utah","Garfield County",1,32,47,20,27
050,49,017,"Utah","Garfield County",1,33,51,25,26
050,49,017,"Utah","Garfield County",1,34,56,33,23
050,49,017,"Utah","Garfield County",1,35,60,32,28
050,49,017,"Utah","Garfield County",1,36,70,30,40
050,49,017,"Utah","Garfield County",1,37,68,35,33
050,49,017,"Utah","Garfield County",1,38,65,35,30
050,49,017,"Utah","Garfield County",1,39,68,41,27
050,49,017,"Utah","Garfield County",1,40,76,38,38
050,49,017,"Utah","Garfield County",1,41,64,39,25
050,49,017,"Utah","Garfield County",1,42,50,23,27
050,49,017,"Utah","Garfield County",1,43,63,29,34
050,49,017,"Utah","Garfield County",1,44,44,26,18
050,49,017,"Utah","Garfield County",1,45,52,32,20
050,49,017,"Utah","Garfield County",1,46,63,33,30
050,49,017,"Utah","Garfield County",1,47,57,28,29
050,49,017,"Utah","Garfield County",1,48,58,34,24
050,49,017,"Utah","Garfield County",1,49,54,29,25
050,49,017,"Utah","Garfield County",1,50,41,16,25
050,49,017,"Utah","Garfield County",1,51,51,21,30
050,49,017,"Utah","Garfield County",1,52,40,21,19
050,49,017,"Utah","Garfield County",1,53,38,25,13
050,49,017,"Utah","Garfield County",1,54,51,31,20
050,49,017,"Utah","Garfield County",1,55,63,38,25
050,49,017,"Utah","Garfield County",1,56,61,30,31
050,49,017,"Utah","Garfield County",1,57,74,32,42
050,49,017,"Utah","Garfield County",1,58,80,40,40
050,49,017,"Utah","Garfield County",1,59,71,36,35
050,49,017,"Utah","Garfield County",1,60,74,37,37
050,49,017,"Utah","Garfield County",1,61,64,28,36
050,49,017,"Utah","Garfield County",1,62,64,32,32
050,49,017,"Utah","Garfield County",1,63,71,38,33
050,49,017,"Utah","Garfield County",1,64,61,32,29
050,49,017,"Utah","Garfield County",1,65,70,39,31
050,49,017,"Utah","Garfield County",1,66,71,28,43
050,49,017,"Utah","Garfield County",1,67,70,36,34
050,49,017,"Utah","Garfield County",1,68,94,49,45
050,49,017,"Utah","Garfield County",1,69,76,40,36
050,49,017,"Utah","Garfield County",1,70,70,35,35
050,49,017,"Utah","Garfield County",1,71,70,36,34
050,49,017,"Utah","Garfield County",1,72,75,40,35
050,49,017,"Utah","Garfield County",1,73,86,48,38
050,49,017,"Utah","Garfield County",1,74,50,28,22
050,49,017,"Utah","Garfield County",1,75,39,24,15
050,49,017,"Utah","Garfield County",1,76,40,24,16
050,49,017,"Utah","Garfield County",1,77,37,19,18
050,49,017,"Utah","Garfield County",1,78,40,17,23
050,49,017,"Utah","Garfield County",1,79,35,15,20
050,49,017,"Utah","Garfield County",1,80,26,16,10
050,49,017,"Utah","Garfield County",1,81,30,17,13
050,49,017,"Utah","Garfield County",1,82,26,12,14
050,49,017,"Utah","Garfield County",1,83,19,10,9
050,49,017,"Utah","Garfield County",1,84,19,11,8
050,49,017,"Utah","Garfield County",1,85,116,43,73
050,49,017,"Utah","Garfield County",2,0,65,37,28
050,49,017,"Utah","Garfield County",2,1,51,28,23
050,49,017,"Utah","Garfield County",2,2,51,28,23
050,49,017,"Utah","Garfield County",2,3,60,29,31
050,49,017,"Utah","Garfield County",2,4,59,28,31
050,49,017,"Utah","Garfield County",2,5,63,35,28
050,49,017,"Utah","Garfield County",2,6,57,27,30
050,49,017,"Utah","Garfield County",2,7,56,26,30
050,49,017,"Utah","Garfield County",2,8,55,25,30
050,49,017,"Utah","Garfield County",2,9,59,27,32
050,49,017,"Utah","Garfield County",2,10,60,30,30
050,49,017,"Utah","Garfield County",2,11,57,29,28
050,49,017,"Utah","Garfield County",2,12,65,35,30
050,49,017,"Utah","Garfield County",2,13,75,43,32
050,49,017,"Utah","Garfield County",2,14,76,44,32
050,49,017,"Utah","Garfield County",2,15,75,40,35
050,49,017,"Utah","Garfield County",2,16,86,43,43
050,49,017,"Utah","Garfield County",2,17,77,42,35
050,49,017,"Utah","Garfield County",2,18,66,36,30
050,49,017,"Utah","Garfield County",2,19,80,52,28
050,49,017,"Utah","Garfield County",2,20,54,33,21
050,49,017,"Utah","Garfield County",2,21,65,34,31
050,49,017,"Utah","Garfield County",2,22,57,31,26
050,49,017,"Utah","Garfield County",2,23,51,27,24
050,49,017,"Utah","Garfield County",2,24,55,29,26
050,49,017,"Utah","Garfield County",2,25,52,25,27
050,49,017,"Utah","Garfield County",2,26,50,26,24
050,49,017,"Utah","Garfield County",2,27,57,37,20
050,49,017,"Utah","Garfield County",2,28,61,35,26
050,49,017,"Utah","Garfield County",2,29,48,25,23
050,49,017,"Utah","Garfield County",2,30,56,29,27
050,49,017,"Utah","Garfield County",2,31,61,31,30
050,49,017,"Utah","Garfield County",2,32,51,23,28
050,49,017,"Utah","Garfield County",2,33,51,24,27
050,49,017,"Utah","Garfield County",2,34,55,31,24
050,49,017,"Utah","Garfield County",2,35,62,34,28
050,49,017,"Utah","Garfield County",2,36,67,30,37
050,49,017,"Utah","Garfield County",2,37,69,34,35
050,49,017,"Utah","Garfield County",2,38,67,36,31
050,49,017,"Utah","Garfield County",2,39,68,39,29
050,49,017,"Utah","Garfield County",2,40,76,40,36
050,49,017,"Utah","Garfield County",2,41,66,39,27
050,49,017,"Utah","Garfield County",2,42,53,26,27
050,49,017,"Utah","Garfield County",2,43,60,28,32
050,49,017,"Utah","Garfield County",2,44,47,26,21
050,49,017,"Utah","Garfield County",2,45,51,31,20
050,49,017,"Utah","Garfield County",2,46,60,33,27
050,49,017,"Utah","Garfield County",2,47,58,29,29
050,49,017,"Utah","Garfield County",2,48,61,35,26
050,49,017,"Utah","Garfield County",2,49,54,29,25
050,49,017,"Utah","Garfield County",2,50,44,20,24
050,49,017,"Utah","Garfield County",2,51,47,19,28
050,49,017,"Utah","Garfield County",2,52,41,21,20
050,49,017,"Utah","Garfield County",2,53,39,24,15
050,49,017,"Utah","Garfield County",2,54,50,31,19
050,49,017,"Utah","Garfield County",2,55,60,36,24
050,49,017,"Utah","Garfield County",2,56,61,31,30
050,49,017,"Utah","Garfield County",2,57,71,31,40
050,49,017,"Utah","Garfield County",2,58,79,39,40
050,49,017,"Utah","Garfield County",2,59,72,37,35
050,49,017,"Utah","Garfield County",2,60,73,36,37
050,49,017,"Utah","Garfield County",2,61,68,31,37
050,49,017,"Utah","Garfield County",2,62,63,30,33
050,49,017,"Utah","Garfield County",2,63,71,37,34
050,49,017,"Utah","Garfield County",2,64,61,32,29
050,49,017,"Utah","Garfield County",2,65,68,37,31
050,49,017,"Utah","Garfield County",2,66,70,30,40
050,49,017,"Utah","Garfield County",2,67,70,34,36
050,49,017,"Utah","Garfield County",2,68,87,46,41
050,49,017,"Utah","Garfield County",2,69,81,42,39
050,49,017,"Utah","Garfield County",2,70,73,37,36
050,49,017,"Utah","Garfield County",2,71,71,36,35
050,49,017,"Utah","Garfield County",2,72,73,39,34
050,49,017,"Utah","Garfield County",2,73,86,47,39
050,49,017,"Utah","Garfield County",2,74,56,31,25
050,49,017,"Utah","Garfield County",2,75,42,26,16
050,49,017,"Utah","Garfield County",2,76,37,23,14
050,49,017,"Utah","Garfield County",2,77,38,20,18
050,49,017,"Utah","Garfield County",2,78,37,16,21
050,49,017,"Utah","Garfield County",2,79,36,15,21
050,49,017,"Utah","Garfield County",2,80,28,16,12
050,49,017,"Utah","Garfield County",2,81,29,17,12
050,49,017,"Utah","Garfield County",2,82,27,13,14
050,49,017,"Utah","Garfield County",2,83,20,10,10
050,49,017,"Utah","Garfield County",2,84,19,11,8
050,49,017,"Utah","Garfield County",2,85,119,45,74
050,49,017,"Utah","Garfield County",3,0,54,27,27
050,49,017,"Utah","Garfield County",3,1,62,35,27
050,49,017,"Utah","Garfield County",3,2,49,27,22
050,49,017,"Utah","Garfield County",3,3,55,29,26
050,49,017,"Utah","Garfield County",3,4,63,31,32
050,49,017,"Utah","Garfield County",3,5,59,28,31
050,49,017,"Utah","Garfield County",3,6,64,36,28
050,49,017,"Utah","Garfield County",3,7,58,29,29
050,49,017,"Utah","Garfield County",3,8,54,26,28
050,49,017,"Utah","Garfield County",3,9,58,27,31
050,49,017,"Utah","Garfield County",3,10,55,25,30
050,49,017,"Utah","Garfield County",3,11,59,31,28
050,49,017,"Utah","Garfield County",3,12,62,30,32
050,49,017,"Utah","Garfield County",3,13,61,31,30
050,49,017,"Utah","Garfield County",3,14,81,47,34
050,49,017,"Utah","Garfield County",3,15,78,44,34
050,49,017,"Utah","Garfield County",3,16,81,44,37
050,49,017,"Utah","Garfield County",3,17,87,49,38
050,49,017,"Utah","Garfield County",3,18,63,35,28
050,49,017,"Utah","Garfield County",3,19,79,52,27
050,49,017,"Utah","Garfield County",3,20,54,34,20
050,49,017,"Utah","Garfield County",3,21,60,31,29
050,49,017,"Utah","Garfield County",3,22,63,32,31
050,49,017,"Utah","Garfield County",3,23,55,27,28
050,49,017,"Utah","Garfield County",3,24,53,27,26
050,49,017,"Utah","Garfield County",3,25,60,33,27
050,49,017,"Utah","Garfield County",3,26,48,21,27
050,49,017,"Utah","Garfield County",3,27,47,23,24
050,49,017,"Utah","Garfield County",3,28,51,33,18
050,49,017,"Utah","Garfield County",3,29,70,38,32
050,49,017,"Utah","Garfield County",3,30,56,28,28
050,49,017,"Utah","Garfield County",3,31,61,32,29
050,49,017,"Utah","Garfield County",3,32,60,29,31
050,49,017,"Utah","Garfield County",3,33,53,26,27
050,49,017,"Utah","Garfield County",3,34,58,28,30
050,49,017,"Utah","Garfield County",3,35,64,38,26
050,49,017,"Utah","Garfield County",3,36,59,32,27
050,49,017,"Utah","Garfield County",3,37,67,30,37
050,49,017,"Utah","Garfield County",3,38,72,34,38
050,49,017,"Utah","Garfield County",3,39,68,37,31
050,49,017,"Utah","Garfield County",3,40,64,35,29
050,49,017,"Utah","Garfield County",3,41,65,38,27
050,49,017,"Utah","Garfield County",3,42,68,41,27
050,49,017,"Utah","Garfield County",3,43,49,24,25
050,49,017,"Utah","Garfield County",3,44,59,29,30
050,49,017,"Utah","Garfield County",3,45,50,28,22
050,49,017,"Utah","Garfield County",3,46,58,36,22
050,49,017,"Utah","Garfield County",3,47,54,27,27
050,49,017,"Utah","Garfield County",3,48,58,33,25
050,49,017,"Utah","Garfield County",3,49,57,29,28
050,49,017,"Utah","Garfield County",3,50,54,30,24
050,49,017,"Utah","Garfield County",3,51,45,20,25
050,49,017,"Utah","Garfield County",3,52,48,20,28
050,49,017,"Utah","Garfield County",3,53,42,22,20
050,49,017,"Utah","Garfield County",3,54,42,24,18
050,49,017,"Utah","Garfield County",3,55,51,31,20
050,49,017,"Utah","Garfield County",3,56,59,36,23
050,49,017,"Utah","Garfield County",3,57,60,30,30
050,49,017,"Utah","Garfield County",3,58,72,33,39
050,49,017,"Utah","Garfield County",3,59,80,40,40
050,49,017,"Utah","Garfield County",3,60,74,37,37
050,49,017,"Utah","Garfield County",3,61,77,40,37
050,49,017,"Utah","Garfield County",3,62,73,30,43
050,49,017,"Utah","Garfield County",3,63,65,32,33
050,49,017,"Utah","Garfield County",3,64,74,41,33
050,49,017,"Utah","Garfield County",3,65,68,37,31
050,49,017,"Utah","Garfield County",3,66,67,38,29
050,49,017,"Utah","Garfield County",3,67,73,33,40
050,49,017,"Utah","Garfield County",3,68,71,35,36
050,49,017,"Utah","Garfield County",3,69,88,46,42
050,49,017,"Utah","Garfield County",3,70,80,44,36
050,49,017,"Utah","Garfield County",3,71,77,39,38
050,49,017,"Utah","Garfield County",3,72,67,32,35
050,49,017,"Utah","Garfield County",3,73,67,36,31
050,49,017,"Utah","Garfield County",3,74,84,49,35
050,49,017,"Utah","Garfield County",3,75,57,31,26
050,49,017,"Utah","Garfield County",3,76,36,24,12
050,49,017,"Utah","Garfield County",3,77,32,21,11
050,49,017,"Utah","Garfield County",3,78,35,19,16
050,49,017,"Utah","Garfield County",3,79,34,14,20
050,49,017,"Utah","Garfield County",3,80,31,12,19
050,49,017,"Utah","Garfield County",3,81,23,14,9
050,49,017,"Utah","Garfield County",3,82,24,13,11
050,49,017,"Utah","Garfield County",3,83,25,13,12
050,49,017,"Utah","Garfield County",3,84,20,10,10
050,49,017,"Utah","Garfield County",3,85,108,41,67
050,49,017,"Utah","Garfield County",4,0,55,23,32
050,49,017,"Utah","Garfield County",4,1,55,27,28
050,49,017,"Utah","Garfield County",4,2,63,33,30
050,49,017,"Utah","Garfield County",4,3,52,31,21
050,49,017,"Utah","Garfield County",4,4,61,33,28
050,49,017,"Utah","Garfield County",4,5,63,28,35
050,49,017,"Utah","Garfield County",4,6,64,30,34
050,49,017,"Utah","Garfield County",4,7,73,41,32
050,49,017,"Utah","Garfield County",4,8,62,32,30
050,49,017,"Utah","Garfield County",4,9,65,29,36
050,49,017,"Utah","Garfield County",4,10,63,28,35
050,49,017,"Utah","Garfield County",4,11,58,24,34
050,49,017,"Utah","Garfield County",4,12,67,33,34
050,49,017,"Utah","Garfield County",4,13,60,32,28
050,49,017,"Utah","Garfield County",4,14,66,39,27
050,49,017,"Utah","Garfield County",4,15,77,48,29
050,49,017,"Utah","Garfield County",4,16,88,49,39
050,49,017,"Utah","Garfield County",4,17,78,44,34
050,49,017,"Utah","Garfield County",4,18,67,38,29
050,49,017,"Utah","Garfield County",4,19,72,49,23
050,49,017,"Utah","Garfield County",4,20,61,35,26
050,49,017,"Utah","Garfield County",4,21,56,29,27
050,49,017,"Utah","Garfield County",4,22,51,26,25
050,49,017,"Utah","Garfield County",4,23,58,30,28
050,49,017,"Utah","Garfield County",4,24,56,31,25
050,49,017,"Utah","Garfield County",4,25,52,27,25
050,49,017,"Utah","Garfield County",4,26,61,32,29
050,49,017,"Utah","Garfield County",4,27,47,21,26
050,49,017,"Utah","Garfield County",4,28,48,23,25
050,49,017,"Utah","Garfield County",4,29,50,30,20
050,49,017,"Utah","Garfield County",4,30,72,39,33
050,49,017,"Utah","Garfield County",4,31,64,30,34
050,49,017,"Utah","Garfield County",4,32,60,30,30
050,49,017,"Utah","Garfield County",4,33,60,29,31
050,49,017,"Utah","Garfield County",4,34,60,25,35
050,49,017,"Utah","Garfield County",4,35,64,33,31
050,49,017,"Utah","Garfield County",4,36,58,34,24
050,49,017,"Utah","Garfield County",4,37,63,29,34
050,49,017,"Utah","Garfield County",4,38,71,36,35
050,49,017,"Utah","Garfield County",4,39,72,34,38
050,49,017,"Utah","Garfield County",4,40,71,36,35
050,49,017,"Utah","Garfield County",4,41,73,41,32
050,49,017,"Utah","Garfield County",4,42,66,38,28
050,49,017,"Utah","Garfield County",4,43,71,43,28
050,49,017,"Utah","Garfield County",4,44,50,24,26
050,49,017,"Utah","Garfield County",4,45,53,25,28
050,49,017,"Utah","Garfield County",4,46,57,30,27
050,49,017,"Utah","Garfield County",4,47,54,29,25
050,49,017,"Utah","Garfield County",4,48,60,34,26
050,49,017,"Utah","Garfield County",4,49,54,26,28
050,49,017,"Utah","Garfield County",4,50,57,32,25
050,49,017,"Utah","Garfield County",4,51,55,29,26
050,49,017,"Utah","Garfield County",4,52,46,23,23
050,49,017,"Utah","Garfield County",4,53,55,23,32
050,49,017,"Utah","Garfield County",4,54,43,22,21
050,49,017,"Utah","Garfield County",4,55,43,24,19
050,49,017,"Utah","Garfield County",4,56,54,34,20
050,49,017,"Utah","Garfield County",4,57,62,39,23
050,49,017,"Utah","Garfield County",4,58,58,30,28
050,49,017,"Utah","Garfield County",4,59,68,29,39
050,49,017,"Utah","Garfield County",4,60,84,42,42
050,49,017,"Utah","Garfield County",4,61,80,42,38
050,49,017,"Utah","Garfield County",4,62,86,46,40
050,49,017,"Utah","Garfield County",4,63,80,33,47
050,49,017,"Utah","Garfield County",4,64,71,33,38
050,49,017,"Utah","Garfield County",4,65,73,41,32
050,49,017,"Utah","Garfield County",4,66,72,37,35
050,49,017,"Utah","Garfield County",4,67,71,40,31
050,49,017,"Utah","Garfield County",4,68,74,34,40
050,49,017,"Utah","Garfield County",4,69,73,37,36
050,49,017,"Utah","Garfield County",4,70,86,44,42
050,49,017,"Utah","Garfield County",4,71,77,43,34
050,49,017,"Utah","Garfield County",4,72,76,39,37
050,49,017,"Utah","Garfield County",4,73,75,38,37
050,49,017,"Utah","Garfield County",4,74,65,36,29
050,49,017,"Utah","Garfield County",4,75,85,49,36
050,49,017,"Utah","Garfield County",4,76,56,31,25
050,49,017,"Utah","Garfield County",4,77,32,21,11
050,49,017,"Utah","Garfield County",4,78,28,18,10
050,49,017,"Utah","Garfield County",4,79,33,19,14
050,49,017,"Utah","Garfield County",4,80,31,12,19
050,49,017,"Utah","Garfield County",4,81,29,11,18
050,49,017,"Utah","Garfield County",4,82,20,11,9
050,49,017,"Utah","Garfield County",4,83,25,13,12
050,49,017,"Utah","Garfield County",4,84,25,13,12
050,49,017,"Utah","Garfield County",4,85,108,44,64
050,49,017,"Utah","Garfield County",5,0,54,23,31
050,49,017,"Utah","Garfield County",5,1,66,25,41
050,49,017,"Utah","Garfield County",5,2,53,24,29
050,49,017,"Utah","Garfield County",5,3,59,31,28
050,49,017,"Utah","Garfield County",5,4,50,27,23
050,49,017,"Utah","Garfield County",5,5,62,33,29
050,49,017,"Utah","Garfield County",5,6,68,31,37
050,49,017,"Utah","Garfield County",5,7,62,29,33
050,49,017,"Utah","Garfield County",5,8,70,41,29
050,49,017,"Utah","Garfield County",5,9,68,36,32
050,49,017,"Utah","Garfield County",5,10,66,28,38
050,49,017,"Utah","Garfield County",5,11,66,30,36
050,49,017,"Utah","Garfield County",5,12,58,24,34
050,49,017,"Utah","Garfield County",5,13,65,31,34
050,49,017,"Utah","Garfield County",5,14,71,36,35
050,49,017,"Utah","Garfield County",5,15,70,42,28
050,49,017,"Utah","Garfield County",5,16,85,51,34
050,49,017,"Utah","Garfield County",5,17,84,49,35
050,49,017,"Utah","Garfield County",5,18,59,34,25
050,49,017,"Utah","Garfield County",5,19,79,54,25
050,49,017,"Utah","Garfield County",5,20,51,29,22
050,49,017,"Utah","Garfield County",5,21,61,29,32
050,49,017,"Utah","Garfield County",5,22,50,29,21
050,49,017,"Utah","Garfield County",5,23,51,26,25
050,49,017,"Utah","Garfield County",5,24,60,33,27
050,49,017,"Utah","Garfield County",5,25,57,29,28
050,49,017,"Utah","Garfield County",5,26,50,25,25
050,49,017,"Utah","Garfield County",5,27,62,35,27
050,49,017,"Utah","Garfield County",5,28,51,23,28
050,49,017,"Utah","Garfield County",5,29,45,20,25
050,49,017,"Utah","Garfield County",5,30,50,30,20
050,49,017,"Utah","Garfield County",5,31,75,41,34
050,49,017,"Utah","Garfield County",5,32,54,23,31
050,49,017,"Utah","Garfield County",5,33,62,36,26
050,49,017,"Utah","Garfield County",5,34,62,30,32
050,49,017,"Utah","Garfield County",5,35,67,29,38
050,49,017,"Utah","Garfield County",5,36,64,31,33
050,49,017,"Utah","Garfield County",5,37,56,33,23
050,49,017,"Utah","Garfield County",5,38,63,28,35
050,49,017,"Utah","Garfield County",5,39,71,37,34
050,49,017,"Utah","Garfield County",5,40,72,33,39
050,49,017,"Utah","Garfield County",5,41,76,40,36
050,49,017,"Utah","Garfield County",5,42,78,45,33
050,49,017,"Utah","Garfield County",5,43,68,39,29
050,49,017,"Utah","Garfield County",5,44,73,45,28
050,49,017,"Utah","Garfield County",5,45,53,26,27
050,49,017,"Utah","Garfield County",5,46,59,29,30
050,49,017,"Utah","Garfield County",5,47,49,24,25
050,49,017,"Utah","Garfield County",5,48,62,37,25
050,49,017,"Utah","Garfield County",5,49,53,29,24
050,49,017,"Utah","Garfield County",5,50,55,27,28
050,49,017,"Utah","Garfield County",5,51,57,32,25
050,49,017,"Utah","Garfield County",5,52,57,30,27
050,49,017,"Utah","Garfield County",5,53,47,22,25
050,49,017,"Utah","Garfield County",5,54,51,20,31
050,49,017,"Utah","Garfield County",5,55,43,18,25
050,49,017,"Utah","Garfield County",5,56,39,22,17
050,49,017,"Utah","Garfield County",5,57,58,38,20
050,49,017,"Utah","Garfield County",5,58,61,35,26
050,49,017,"Utah","Garfield County",5,59,58,30,28
050,49,017,"Utah","Garfield County",5,60,67,29,38
050,49,017,"Utah","Garfield County",5,61,83,41,42
050,49,017,"Utah","Garfield County",5,62,87,49,38
050,49,017,"Utah","Garfield County",5,63,79,41,38
050,49,017,"Utah","Garfield County",5,64,90,41,49
050,49,017,"Utah","Garfield County",5,65,76,38,38
050,49,017,"Utah","Garfield County",5,66,76,42,34
050,49,017,"Utah","Garfield County",5,67,81,42,39
050,49,017,"Utah","Garfield County",5,68,72,40,32
050,49,017,"Utah","Garfield County",5,69,75,33,42
050,49,017,"Utah","Garfield County",5,70,73,35,38
050,49,017,"Utah","Garfield County",5,71,90,46,44
050,49,017,"Utah","Garfield County",5,72,73,40,33
050,49,017,"Utah","Garfield County",5,73,76,39,37
050,49,017,"Utah","Garfield County",5,74,70,38,32
050,49,017,"Utah","Garfield County",5,75,65,36,29
050,49,017,"Utah","Garfield County",5,76,84,49,35
050,49,017,"Utah","Garfield County",5,77,55,30,25
050,49,017,"Utah","Garfield County",5,78,33,20,13
050,49,017,"Utah","Garfield County",5,79,24,16,8
050,49,017,"Utah","Garfield County",5,80,31,19,12
050,49,017,"Utah","Garfield County",5,81,27,11,16
050,49,017,"Utah","Garfield County",5,82,29,10,19
050,49,017,"Utah","Garfield County",5,83,20,12,8
050,49,017,"Utah","Garfield County",5,84,25,12,13
050,49,017,"Utah","Garfield County",5,85,107,47,60
050,49,019,"Utah","Grand County",1,0,97,50,47
050,49,019,"Utah","Grand County",1,1,93,47,46
050,49,019,"Utah","Grand County",1,2,112,49,63
050,49,019,"Utah","Grand County",1,3,122,57,65
050,49,019,"Utah","Grand County",1,4,129,68,61
050,49,019,"Utah","Grand County",1,5,131,63,68
050,49,019,"Utah","Grand County",1,6,131,66,65
050,49,019,"Utah","Grand County",1,7,118,61,57
050,49,019,"Utah","Grand County",1,8,109,61,48
050,49,019,"Utah","Grand County",1,9,118,58,60
050,49,019,"Utah","Grand County",1,10,120,62,58
050,49,019,"Utah","Grand County",1,11,124,59,65
050,49,019,"Utah","Grand County",1,12,116,56,60
050,49,019,"Utah","Grand County",1,13,117,57,60
050,49,019,"Utah","Grand County",1,14,117,55,62
050,49,019,"Utah","Grand County",1,15,121,67,54
050,49,019,"Utah","Grand County",1,16,130,70,60
050,49,019,"Utah","Grand County",1,17,114,61,53
050,49,019,"Utah","Grand County",1,18,113,59,54
050,49,019,"Utah","Grand County",1,19,81,47,34
050,49,019,"Utah","Grand County",1,20,88,48,40
050,49,019,"Utah","Grand County",1,21,85,50,35
050,49,019,"Utah","Grand County",1,22,94,44,50
050,49,019,"Utah","Grand County",1,23,92,42,50
050,49,019,"Utah","Grand County",1,24,115,51,64
050,49,019,"Utah","Grand County",1,25,105,45,60
050,49,019,"Utah","Grand County",1,26,120,57,63
050,49,019,"Utah","Grand County",1,27,121,56,65
050,49,019,"Utah","Grand County",1,28,148,66,82
050,49,019,"Utah","Grand County",1,29,152,76,76
050,49,019,"Utah","Grand County",1,30,124,61,63
050,49,019,"Utah","Grand County",1,31,123,53,70
050,49,019,"Utah","Grand County",1,32,128,59,69
050,49,019,"Utah","Grand County",1,33,124,65,59
050,49,019,"Utah","Grand County",1,34,119,59,60
050,49,019,"Utah","Grand County",1,35,132,60,72
050,49,019,"Utah","Grand County",1,36,129,68,61
050,49,019,"Utah","Grand County",1,37,164,88,76
050,49,019,"Utah","Grand County",1,38,156,81,75
050,49,019,"Utah","Grand County",1,39,135,68,67
050,49,019,"Utah","Grand County",1,40,134,60,74
050,49,019,"Utah","Grand County",1,41,118,56,62
050,49,019,"Utah","Grand County",1,42,120,55,65
050,49,019,"Utah","Grand County",1,43,114,56,58
050,49,019,"Utah","Grand County",1,44,112,55,57
050,49,019,"Utah","Grand County",1,45,113,58,55
050,49,019,"Utah","Grand County",1,46,112,60,52
050,49,019,"Utah","Grand County",1,47,124,67,57
050,49,019,"Utah","Grand County",1,48,120,59,61
050,49,019,"Utah","Grand County",1,49,123,62,61
050,49,019,"Utah","Grand County",1,50,106,57,49
050,49,019,"Utah","Grand County",1,51,111,62,49
050,49,019,"Utah","Grand County",1,52,101,47,54
050,49,019,"Utah","Grand County",1,53,102,54,48
050,49,019,"Utah","Grand County",1,54,101,52,49
050,49,019,"Utah","Grand County",1,55,103,47,56
050,49,019,"Utah","Grand County",1,56,121,63,58
050,49,019,"Utah","Grand County",1,57,136,78,58
050,49,019,"Utah","Grand County",1,58,140,73,67
050,49,019,"Utah","Grand County",1,59,132,68,64
050,49,019,"Utah","Grand County",1,60,141,66,75
050,49,019,"Utah","Grand County",1,61,141,70,71
050,49,019,"Utah","Grand County",1,62,138,73,65
050,49,019,"Utah","Grand County",1,63,158,82,76
050,49,019,"Utah","Grand County",1,64,144,70,74
050,49,019,"Utah","Grand County",1,65,126,63,63
050,49,019,"Utah","Grand County",1,66,155,78,77
050,49,019,"Utah","Grand County",1,67,142,76,66
050,49,019,"Utah","Grand County",1,68,130,66,64
050,49,019,"Utah","Grand County",1,69,118,61,57
050,49,019,"Utah","Grand County",1,70,116,60,56
050,49,019,"Utah","Grand County",1,71,108,57,51
050,49,019,"Utah","Grand County",1,72,108,51,57
050,49,019,"Utah","Grand County",1,73,106,61,45
050,49,019,"Utah","Grand County",1,74,72,42,30
050,49,019,"Utah","Grand County",1,75,71,36,35
050,49,019,"Utah","Grand County",1,76,61,31,30
050,49,019,"Utah","Grand County",1,77,58,30,28
050,49,019,"Utah","Grand County",1,78,46,24,22
050,49,019,"Utah","Grand County",1,79,47,19,28
050,49,019,"Utah","Grand County",1,80,53,20,33
050,49,019,"Utah","Grand County",1,81,42,23,19
050,49,019,"Utah","Grand County",1,82,28,14,14
050,49,019,"Utah","Grand County",1,83,29,16,13
050,49,019,"Utah","Grand County",1,84,26,10,16
050,49,019,"Utah","Grand County",1,85,190,74,116
050,49,019,"Utah","Grand County",2,0,97,45,52
050,49,019,"Utah","Grand County",2,1,94,48,46
050,49,019,"Utah","Grand County",2,2,108,50,58
050,49,019,"Utah","Grand County",2,3,119,55,64
050,49,019,"Utah","Grand County",2,4,126,65,61
050,49,019,"Utah","Grand County",2,5,127,62,65
050,49,019,"Utah","Grand County",2,6,131,66,65
050,49,019,"Utah","Grand County",2,7,121,63,58
050,49,019,"Utah","Grand County",2,8,110,60,50
050,49,019,"Utah","Grand County",2,9,118,59,59
050,49,019,"Utah","Grand County",2,10,120,61,59
050,49,019,"Utah","Grand County",2,11,123,61,62
050,49,019,"Utah","Grand County",2,12,119,58,61
050,49,019,"Utah","Grand County",2,13,117,57,60
050,49,019,"Utah","Grand County",2,14,117,55,62
050,49,019,"Utah","Grand County",2,15,118,63,55
050,49,019,"Utah","Grand County",2,16,130,71,59
050,49,019,"Utah","Grand County",2,17,118,62,56
050,49,019,"Utah","Grand County",2,18,110,57,53
050,49,019,"Utah","Grand County",2,19,82,47,35
050,49,019,"Utah","Grand County",2,20,88,50,38
050,49,019,"Utah","Grand County",2,21,87,50,37
050,49,019,"Utah","Grand County",2,22,94,47,47
050,49,019,"Utah","Grand County",2,23,98,45,53
050,49,019,"Utah","Grand County",2,24,113,51,62
050,49,019,"Utah","Grand County",2,25,107,46,61
050,49,019,"Utah","Grand County",2,26,119,57,62
050,49,019,"Utah","Grand County",2,27,123,58,65
050,49,019,"Utah","Grand County",2,28,145,65,80
050,49,019,"Utah","Grand County",2,29,153,74,79
050,49,019,"Utah","Grand County",2,30,130,65,65
050,49,019,"Utah","Grand County",2,31,121,53,68
050,49,019,"Utah","Grand County",2,32,124,57,67
050,49,019,"Utah","Grand County",2,33,127,65,62
050,49,019,"Utah","Grand County",2,34,124,61,63
050,49,019,"Utah","Grand County",2,35,129,60,69
050,49,019,"Utah","Grand County",2,36,127,64,63
050,49,019,"Utah","Grand County",2,37,154,83,71
050,49,019,"Utah","Grand County",2,38,158,83,75
050,49,019,"Utah","Grand County",2,39,138,70,68
050,49,019,"Utah","Grand County",2,40,136,63,73
050,49,019,"Utah","Grand County",2,41,122,57,65
050,49,019,"Utah","Grand County",2,42,117,54,63
050,49,019,"Utah","Grand County",2,43,118,57,61
050,49,019,"Utah","Grand County",2,44,111,54,57
050,49,019,"Utah","Grand County",2,45,114,58,56
050,49,019,"Utah","Grand County",2,46,109,57,52
050,49,019,"Utah","Grand County",2,47,121,66,55
050,49,019,"Utah","Grand County",2,48,120,60,60
050,49,019,"Utah","Grand County",2,49,124,62,62
050,49,019,"Utah","Grand County",2,50,111,59,52
050,49,019,"Utah","Grand County",2,51,107,58,49
050,49,019,"Utah","Grand County",2,52,102,50,52
050,49,019,"Utah","Grand County",2,53,102,53,49
050,49,019,"Utah","Grand County",2,54,105,55,50
050,49,019,"Utah","Grand County",2,55,102,48,54
050,49,019,"Utah","Grand County",2,56,119,60,59
050,49,019,"Utah","Grand County",2,57,132,74,58
050,49,019,"Utah","Grand County",2,58,141,76,65
050,49,019,"Utah","Grand County",2,59,135,70,65
050,49,019,"Utah","Grand County",2,60,140,67,73
050,49,019,"Utah","Grand County",2,61,142,70,72
050,49,019,"Utah","Grand County",2,62,139,73,66
050,49,019,"Utah","Grand County",2,63,154,81,73
050,49,019,"Utah","Grand County",2,64,146,72,74
050,49,019,"Utah","Grand County",2,65,132,65,67
050,49,019,"Utah","Grand County",2,66,148,75,73
050,49,019,"Utah","Grand County",2,67,142,75,67
050,49,019,"Utah","Grand County",2,68,130,69,61
050,49,019,"Utah","Grand County",2,69,120,61,59
050,49,019,"Utah","Grand County",2,70,119,62,57
050,49,019,"Utah","Grand County",2,71,108,57,51
050,49,019,"Utah","Grand County",2,72,104,50,54
050,49,019,"Utah","Grand County",2,73,112,61,51
050,49,019,"Utah","Grand County",2,74,74,43,31
050,49,019,"Utah","Grand County",2,75,72,38,34
050,49,019,"Utah","Grand County",2,76,63,32,31
050,49,019,"Utah","Grand County",2,77,59,31,28
050,49,019,"Utah","Grand County",2,78,47,25,22
050,49,019,"Utah","Grand County",2,79,46,20,26
050,49,019,"Utah","Grand County",2,80,52,20,32
050,49,019,"Utah","Grand County",2,81,41,22,19
050,49,019,"Utah","Grand County",2,82,30,15,15
050,49,019,"Utah","Grand County",2,83,27,15,12
050,49,019,"Utah","Grand County",2,84,25,10,15
050,49,019,"Utah","Grand County",2,85,190,73,117
050,49,019,"Utah","Grand County",3,0,102,48,54
050,49,019,"Utah","Grand County",3,1,97,56,41
050,49,019,"Utah","Grand County",3,2,91,45,46
050,49,019,"Utah","Grand County",3,3,106,49,57
050,49,019,"Utah","Grand County",3,4,116,55,61
050,49,019,"Utah","Grand County",3,5,122,64,58
050,49,019,"Utah","Grand County",3,6,123,59,64
050,49,019,"Utah","Grand County",3,7,133,69,64
050,49,019,"Utah","Grand County",3,8,117,61,56
050,49,019,"Utah","Grand County",3,9,104,57,47
050,49,019,"Utah","Grand County",3,10,108,49,59
050,49,019,"Utah","Grand County",3,11,110,56,54
050,49,019,"Utah","Grand County",3,12,120,66,54
050,49,019,"Utah","Grand County",3,13,117,54,63
050,49,019,"Utah","Grand County",3,14,116,59,57
050,49,019,"Utah","Grand County",3,15,103,49,54
050,49,019,"Utah","Grand County",3,16,117,68,49
050,49,019,"Utah","Grand County",3,17,122,64,58
050,49,019,"Utah","Grand County",3,18,109,56,53
050,49,019,"Utah","Grand County",3,19,77,36,41
050,49,019,"Utah","Grand County",3,20,79,46,33
050,49,019,"Utah","Grand County",3,21,95,51,44
050,49,019,"Utah","Grand County",3,22,93,50,43
050,49,019,"Utah","Grand County",3,23,101,48,53
050,49,019,"Utah","Grand County",3,24,124,47,77
050,49,019,"Utah","Grand County",3,25,109,56,53
050,49,019,"Utah","Grand County",3,26,115,50,65
050,49,019,"Utah","Grand County",3,27,138,68,70
050,49,019,"Utah","Grand County",3,28,129,59,70
050,49,019,"Utah","Grand County",3,29,147,66,81
050,49,019,"Utah","Grand County",3,30,167,86,81
050,49,019,"Utah","Grand County",3,31,140,67,73
050,49,019,"Utah","Grand County",3,32,135,62,73
050,49,019,"Utah","Grand County",3,33,130,61,69
050,49,019,"Utah","Grand County",3,34,124,64,60
050,49,019,"Utah","Grand County",3,35,121,63,58
050,49,019,"Utah","Grand County",3,36,133,59,74
050,49,019,"Utah","Grand County",3,37,122,63,59
050,49,019,"Utah","Grand County",3,38,162,85,77
050,49,019,"Utah","Grand County",3,39,151,78,73
050,49,019,"Utah","Grand County",3,40,141,77,64
050,49,019,"Utah","Grand County",3,41,149,74,75
050,49,019,"Utah","Grand County",3,42,122,55,67
050,49,019,"Utah","Grand County",3,43,120,58,62
050,49,019,"Utah","Grand County",3,44,117,55,62
050,49,019,"Utah","Grand County",3,45,113,59,54
050,49,019,"Utah","Grand County",3,46,104,51,53
050,49,019,"Utah","Grand County",3,47,102,52,50
050,49,019,"Utah","Grand County",3,48,122,66,56
050,49,019,"Utah","Grand County",3,49,119,61,58
050,49,019,"Utah","Grand County",3,50,121,62,59
050,49,019,"Utah","Grand County",3,51,102,56,46
050,49,019,"Utah","Grand County",3,52,109,57,52
050,49,019,"Utah","Grand County",3,53,97,46,51
050,49,019,"Utah","Grand County",3,54,100,50,50
050,49,019,"Utah","Grand County",3,55,91,46,45
050,49,019,"Utah","Grand County",3,56,98,46,52
050,49,019,"Utah","Grand County",3,57,111,53,58
050,49,019,"Utah","Grand County",3,58,129,72,57
050,49,019,"Utah","Grand County",3,59,134,72,62
050,49,019,"Utah","Grand County",3,60,133,66,67
050,49,019,"Utah","Grand County",3,61,144,71,73
050,49,019,"Utah","Grand County",3,62,143,68,75
050,49,019,"Utah","Grand County",3,63,138,72,66
050,49,019,"Utah","Grand County",3,64,154,77,77
050,49,019,"Utah","Grand County",3,65,149,75,74
050,49,019,"Utah","Grand County",3,66,134,67,67
050,49,019,"Utah","Grand County",3,67,147,75,72
050,49,019,"Utah","Grand County",3,68,141,75,66
050,49,019,"Utah","Grand County",3,69,119,63,56
050,49,019,"Utah","Grand County",3,70,116,60,56
050,49,019,"Utah","Grand County",3,71,116,57,59
050,49,019,"Utah","Grand County",3,72,106,55,51
050,49,019,"Utah","Grand County",3,73,101,49,52
050,49,019,"Utah","Grand County",3,74,111,62,49
050,49,019,"Utah","Grand County",3,75,79,46,33
050,49,019,"Utah","Grand County",3,76,70,37,33
050,49,019,"Utah","Grand County",3,77,62,31,31
050,49,019,"Utah","Grand County",3,78,58,29,29
050,49,019,"Utah","Grand County",3,79,48,25,23
050,49,019,"Utah","Grand County",3,80,44,19,25
050,49,019,"Utah","Grand County",3,81,50,19,31
050,49,019,"Utah","Grand County",3,82,41,22,19
050,49,019,"Utah","Grand County",3,83,29,15,14
050,49,019,"Utah","Grand County",3,84,25,14,11
050,49,019,"Utah","Grand County",3,85,187,67,120
050,49,019,"Utah","Grand County",4,0,96,39,57
050,49,019,"Utah","Grand County",4,1,105,53,52
050,49,019,"Utah","Grand County",4,2,99,55,44
050,49,019,"Utah","Grand County",4,3,87,40,47
050,49,019,"Utah","Grand County",4,4,104,46,58
050,49,019,"Utah","Grand County",4,5,116,51,65
050,49,019,"Utah","Grand County",4,6,125,60,65
050,49,019,"Utah","Grand County",4,7,122,61,61
050,49,019,"Utah","Grand County",4,8,129,71,58
050,49,019,"Utah","Grand County",4,9,112,55,57
050,49,019,"Utah","Grand County",4,10,106,55,51
050,49,019,"Utah","Grand County",4,11,111,51,60
050,49,019,"Utah","Grand County",4,12,109,57,52
050,49,019,"Utah","Grand County",4,13,116,63,53
050,49,019,"Utah","Grand County",4,14,124,61,63
050,49,019,"Utah","Grand County",4,15,115,54,61
050,49,019,"Utah","Grand County",4,16,109,53,56
050,49,019,"Utah","Grand County",4,17,118,65,53
050,49,019,"Utah","Grand County",4,18,115,56,59
050,49,019,"Utah","Grand County",4,19,90,48,42
050,49,019,"Utah","Grand County",4,20,75,38,37
050,49,019,"Utah","Grand County",4,21,87,51,36
050,49,019,"Utah","Grand County",4,22,101,54,47
050,49,019,"Utah","Grand County",4,23,108,52,56
050,49,019,"Utah","Grand County",4,24,107,47,60
050,49,019,"Utah","Grand County",4,25,123,49,74
050,49,019,"Utah","Grand County",4,26,125,71,54
050,49,019,"Utah","Grand County",4,27,131,58,73
050,49,019,"Utah","Grand County",4,28,129,56,73
050,49,019,"Utah","Grand County",4,29,134,60,74
050,49,019,"Utah","Grand County",4,30,162,69,93
050,49,019,"Utah","Grand County",4,31,169,80,89
050,49,019,"Utah","Grand County",4,32,140,63,77
050,49,019,"Utah","Grand County",4,33,141,69,72
050,49,019,"Utah","Grand County",4,34,140,72,68
050,49,019,"Utah","Grand County",4,35,126,66,60
050,49,019,"Utah","Grand County",4,36,122,58,64
050,49,019,"Utah","Grand County",4,37,139,65,74
050,49,019,"Utah","Grand County",4,38,131,66,65
050,49,019,"Utah","Grand County",4,39,149,79,70
050,49,019,"Utah","Grand County",4,40,156,84,72
050,49,019,"Utah","Grand County",4,41,141,76,65
050,49,019,"Utah","Grand County",4,42,157,73,84
050,49,019,"Utah","Grand County",4,43,126,60,66
050,49,019,"Utah","Grand County",4,44,129,62,67
050,49,019,"Utah","Grand County",4,45,124,63,61
050,49,019,"Utah","Grand County",4,46,111,57,54
050,49,019,"Utah","Grand County",4,47,116,56,60
050,49,019,"Utah","Grand County",4,48,103,52,51
050,49,019,"Utah","Grand County",4,49,113,59,54
050,49,019,"Utah","Grand County",4,50,132,69,63
050,49,019,"Utah","Grand County",4,51,122,64,58
050,49,019,"Utah","Grand County",4,52,103,61,42
050,49,019,"Utah","Grand County",4,53,103,51,52
050,49,019,"Utah","Grand County",4,54,104,52,52
050,49,019,"Utah","Grand County",4,55,93,45,48
050,49,019,"Utah","Grand County",4,56,99,51,48
050,49,019,"Utah","Grand County",4,57,95,44,51
050,49,019,"Utah","Grand County",4,58,109,54,55
050,49,019,"Utah","Grand County",4,59,129,73,56
050,49,019,"Utah","Grand County",4,60,136,75,61
050,49,019,"Utah","Grand County",4,61,127,61,66
050,49,019,"Utah","Grand County",4,62,138,72,66
050,49,019,"Utah","Grand County",4,63,136,65,71
050,49,019,"Utah","Grand County",4,64,129,67,62
050,49,019,"Utah","Grand County",4,65,151,75,76
050,49,019,"Utah","Grand County",4,66,147,75,72
050,49,019,"Utah","Grand County",4,67,133,63,70
050,49,019,"Utah","Grand County",4,68,142,73,69
050,49,019,"Utah","Grand County",4,69,132,67,65
050,49,019,"Utah","Grand County",4,70,118,61,57
050,49,019,"Utah","Grand County",4,71,106,54,52
050,49,019,"Utah","Grand County",4,72,111,54,57
050,49,019,"Utah","Grand County",4,73,100,54,46
050,49,019,"Utah","Grand County",4,74,95,45,50
050,49,019,"Utah","Grand County",4,75,109,61,48
050,49,019,"Utah","Grand County",4,76,76,44,32
050,49,019,"Utah","Grand County",4,77,67,33,34
050,49,019,"Utah","Grand County",4,78,59,31,28
050,49,019,"Utah","Grand County",4,79,59,29,30
050,49,019,"Utah","Grand County",4,80,48,24,24
050,49,019,"Utah","Grand County",4,81,47,20,27
050,49,019,"Utah","Grand County",4,82,48,19,29
050,49,019,"Utah","Grand County",4,83,39,21,18
050,49,019,"Utah","Grand County",4,84,27,14,13
050,49,019,"Utah","Grand County",4,85,179,62,117
050,49,019,"Utah","Grand County",5,0,98,39,59
050,49,019,"Utah","Grand County",5,1,91,36,55
050,49,019,"Utah","Grand County",5,2,102,45,57
050,49,019,"Utah","Grand County",5,3,93,52,41
050,49,019,"Utah","Grand County",5,4,89,42,47
050,49,019,"Utah","Grand County",5,5,99,44,55
050,49,019,"Utah","Grand County",5,6,116,49,67
050,49,019,"Utah","Grand County",5,7,129,61,68
050,49,019,"Utah","Grand County",5,8,122,58,64
050,49,019,"Utah","Grand County",5,9,132,74,58
050,49,019,"Utah","Grand County",5,10,116,56,60
050,49,019,"Utah","Grand County",5,11,101,53,48
050,49,019,"Utah","Grand County",5,12,115,52,63
050,49,019,"Utah","Grand County",5,13,118,60,58
050,49,019,"Utah","Grand County",5,14,121,67,54
050,49,019,"Utah","Grand County",5,15,119,56,63
050,49,019,"Utah","Grand County",5,16,112,53,59
050,49,019,"Utah","Grand County",5,17,111,53,58
050,49,019,"Utah","Grand County",5,18,119,65,54
050,49,019,"Utah","Grand County",5,19,91,48,43
050,49,019,"Utah","Grand County",5,20,87,47,40
050,49,019,"Utah","Grand County",5,21,77,37,40
050,49,019,"Utah","Grand County",5,22,99,51,48
050,49,019,"Utah","Grand County",5,23,107,53,54
050,49,019,"Utah","Grand County",5,24,113,56,57
050,49,019,"Utah","Grand County",5,25,118,54,64
050,49,019,"Utah","Grand County",5,26,130,50,80
050,49,019,"Utah","Grand County",5,27,115,66,49
050,49,019,"Utah","Grand County",5,28,106,45,61
050,49,019,"Utah","Grand County",5,29,124,55,69
050,49,019,"Utah","Grand County",5,30,128,59,69
050,49,019,"Utah","Grand County",5,31,162,76,86
050,49,019,"Utah","Grand County",5,32,168,82,86
050,49,019,"Utah","Grand County",5,33,136,61,75
050,49,019,"Utah","Grand County",5,34,137,61,76
050,49,019,"Utah","Grand County",5,35,138,73,65
050,49,019,"Utah","Grand County",5,36,129,64,65
050,49,019,"Utah","Grand County",5,37,119,54,65
050,49,019,"Utah","Grand County",5,38,135,66,69
050,49,019,"Utah","Grand County",5,39,133,70,63
050,49,019,"Utah","Grand County",5,40,148,79,69
050,49,019,"Utah","Grand County",5,41,160,90,70
050,49,019,"Utah","Grand County",5,42,142,72,70
050,49,019,"Utah","Grand County",5,43,152,74,78
050,49,019,"Utah","Grand County",5,44,139,62,77
050,49,019,"Utah","Grand County",5,45,122,61,61
050,49,019,"Utah","Grand County",5,46,122,61,61
050,49,019,"Utah","Grand County",5,47,109,48,61
050,49,019,"Utah","Grand County",5,48,114,54,60
050,49,019,"Utah","Grand County",5,49,100,56,44
050,49,019,"Utah","Grand County",5,50,121,62,59
050,49,019,"Utah","Grand County",5,51,120,65,55
050,49,019,"Utah","Grand County",5,52,119,59,60
050,49,019,"Utah","Grand County",5,53,107,61,46
050,49,019,"Utah","Grand County",5,54,107,55,52
050,49,019,"Utah","Grand County",5,55,98,48,50
050,49,019,"Utah","Grand County",5,56,89,46,43
050,49,019,"Utah","Grand County",5,57,95,47,48
050,49,019,"Utah","Grand County",5,58,91,44,47
050,49,019,"Utah","Grand County",5,59,110,52,58
050,49,019,"Utah","Grand County",5,60,128,73,55
050,49,019,"Utah","Grand County",5,61,134,71,63
050,49,019,"Utah","Grand County",5,62,125,59,66
050,49,019,"Utah","Grand County",5,63,139,73,66
050,49,019,"Utah","Grand County",5,64,133,65,68
050,49,019,"Utah","Grand County",5,65,124,64,60
050,49,019,"Utah","Grand County",5,66,145,73,72
050,49,019,"Utah","Grand County",5,67,144,72,72
050,49,019,"Utah","Grand County",5,68,129,63,66
050,49,019,"Utah","Grand County",5,69,131,65,66
050,49,019,"Utah","Grand County",5,70,134,68,66
050,49,019,"Utah","Grand County",5,71,109,58,51
050,49,019,"Utah","Grand County",5,72,104,49,55
050,49,019,"Utah","Grand County",5,73,104,49,55
050,49,019,"Utah","Grand County",5,74,97,52,45
050,49,019,"Utah","Grand County",5,75,91,41,50
050,49,019,"Utah","Grand County",5,76,108,59,49
050,49,019,"Utah","Grand County",5,77,75,43,32
050,49,019,"Utah","Grand County",5,78,66,32,34
050,49,019,"Utah","Grand County",5,79,59,29,30
050,49,019,"Utah","Grand County",5,80,59,29,30
050,49,019,"Utah","Grand County",5,81,47,24,23
050,49,019,"Utah","Grand County",5,82,45,20,25
050,49,019,"Utah","Grand County",5,83,46,19,27
050,49,019,"Utah","Grand County",5,84,38,21,17
050,49,019,"Utah","Grand County",5,85,172,59,113
050,49,021,"Utah","Iron County",1,0,818,420,398
050,49,021,"Utah","Iron County",1,1,790,406,384
050,49,021,"Utah","Iron County",1,2,784,410,374
050,49,021,"Utah","Iron County",1,3,838,454,384
050,49,021,"Utah","Iron County",1,4,799,398,401
050,49,021,"Utah","Iron County",1,5,864,425,439
050,49,021,"Utah","Iron County",1,6,874,469,405
050,49,021,"Utah","Iron County",1,7,894,483,411
050,49,021,"Utah","Iron County",1,8,838,433,405
050,49,021,"Utah","Iron County",1,9,909,458,451
050,49,021,"Utah","Iron County",1,10,944,468,476
050,49,021,"Utah","Iron County",1,11,945,479,466
050,49,021,"Utah","Iron County",1,12,1025,540,485
050,49,021,"Utah","Iron County",1,13,1017,540,477
050,49,021,"Utah","Iron County",1,14,986,510,476
050,49,021,"Utah","Iron County",1,15,986,504,482
050,49,021,"Utah","Iron County",1,16,974,474,500
050,49,021,"Utah","Iron County",1,17,922,474,448
050,49,021,"Utah","Iron County",1,18,1174,545,629
050,49,021,"Utah","Iron County",1,19,1393,557,836
050,49,021,"Utah","Iron County",1,20,1240,516,724
050,49,021,"Utah","Iron County",1,21,1340,621,719
050,49,021,"Utah","Iron County",1,22,1280,647,633
050,49,021,"Utah","Iron County",1,23,1198,690,508
050,49,021,"Utah","Iron County",1,24,1086,622,464
050,49,021,"Utah","Iron County",1,25,955,531,424
050,49,021,"Utah","Iron County",1,26,853,440,413
050,49,021,"Utah","Iron County",1,27,767,392,375
050,49,021,"Utah","Iron County",1,28,791,396,395
050,49,021,"Utah","Iron County",1,29,786,396,390
050,49,021,"Utah","Iron County",1,30,722,365,357
050,49,021,"Utah","Iron County",1,31,663,346,317
050,49,021,"Utah","Iron County",1,32,588,298,290
050,49,021,"Utah","Iron County",1,33,602,316,286
050,49,021,"Utah","Iron County",1,34,664,328,336
050,49,021,"Utah","Iron County",1,35,637,318,319
050,49,021,"Utah","Iron County",1,36,673,343,330
050,49,021,"Utah","Iron County",1,37,695,357,338
050,49,021,"Utah","Iron County",1,38,733,363,370
050,49,021,"Utah","Iron County",1,39,714,351,363
050,49,021,"Utah","Iron County",1,40,768,383,385
050,49,021,"Utah","Iron County",1,41,708,346,362
050,49,021,"Utah","Iron County",1,42,722,380,342
050,49,021,"Utah","Iron County",1,43,636,318,318
050,49,021,"Utah","Iron County",1,44,597,291,306
050,49,021,"Utah","Iron County",1,45,591,315,276
050,49,021,"Utah","Iron County",1,46,533,269,264
050,49,021,"Utah","Iron County",1,47,528,262,266
050,49,021,"Utah","Iron County",1,48,549,283,266
050,49,021,"Utah","Iron County",1,49,558,283,275
050,49,021,"Utah","Iron County",1,50,523,269,254
050,49,021,"Utah","Iron County",1,51,494,241,253
050,49,021,"Utah","Iron County",1,52,455,211,244
050,49,021,"Utah","Iron County",1,53,476,241,235
050,49,021,"Utah","Iron County",1,54,436,228,208
050,49,021,"Utah","Iron County",1,55,509,249,260
050,49,021,"Utah","Iron County",1,56,529,272,257
050,49,021,"Utah","Iron County",1,57,524,263,261
050,49,021,"Utah","Iron County",1,58,540,273,267
050,49,021,"Utah","Iron County",1,59,552,276,276
050,49,021,"Utah","Iron County",1,60,559,283,276
050,49,021,"Utah","Iron County",1,61,585,285,300
050,49,021,"Utah","Iron County",1,62,585,291,294
050,49,021,"Utah","Iron County",1,63,572,277,295
050,49,021,"Utah","Iron County",1,64,520,246,274
050,49,021,"Utah","Iron County",1,65,566,253,313
050,49,021,"Utah","Iron County",1,66,577,270,307
050,49,021,"Utah","Iron County",1,67,541,261,280
050,49,021,"Utah","Iron County",1,68,514,273,241
050,49,021,"Utah","Iron County",1,69,472,242,230
050,49,021,"Utah","Iron County",1,70,476,253,223
050,49,021,"Utah","Iron County",1,71,451,239,212
050,49,021,"Utah","Iron County",1,72,417,209,208
050,49,021,"Utah","Iron County",1,73,434,210,224
050,49,021,"Utah","Iron County",1,74,305,139,166
050,49,021,"Utah","Iron County",1,75,304,140,164
050,49,021,"Utah","Iron County",1,76,319,149,170
050,49,021,"Utah","Iron County",1,77,298,146,152
050,49,021,"Utah","Iron County",1,78,244,123,121
050,49,021,"Utah","Iron County",1,79,205,108,97
050,49,021,"Utah","Iron County",1,80,190,92,98
050,49,021,"Utah","Iron County",1,81,172,96,76
050,49,021,"Utah","Iron County",1,82,156,83,73
050,49,021,"Utah","Iron County",1,83,149,69,80
050,49,021,"Utah","Iron County",1,84,130,67,63
050,49,021,"Utah","Iron County",1,85,556,245,311
050,49,021,"Utah","Iron County",2,0,841,426,415
050,49,021,"Utah","Iron County",2,1,791,406,385
050,49,021,"Utah","Iron County",2,2,785,409,376
050,49,021,"Utah","Iron County",2,3,818,437,381
050,49,021,"Utah","Iron County",2,4,814,414,400
050,49,021,"Utah","Iron County",2,5,852,421,431
050,49,021,"Utah","Iron County",2,6,873,460,413
050,49,021,"Utah","Iron County",2,7,894,484,410
050,49,021,"Utah","Iron County",2,8,854,450,404
050,49,021,"Utah","Iron County",2,9,892,452,440
050,49,021,"Utah","Iron County",2,10,940,465,475
050,49,021,"Utah","Iron County",2,11,945,476,469
050,49,021,"Utah","Iron County",2,12,1014,529,485
050,49,021,"Utah","Iron County",2,13,1028,547,481
050,49,021,"Utah","Iron County",2,14,1001,522,479
050,49,021,"Utah","Iron County",2,15,997,511,486
050,49,021,"Utah","Iron County",2,16,981,481,500
050,49,021,"Utah","Iron County",2,17,948,482,466
050,49,021,"Utah","Iron County",2,18,1191,549,642
050,49,021,"Utah","Iron County",2,19,1393,563,830
050,49,021,"Utah","Iron County",2,20,1256,524,732
050,49,021,"Utah","Iron County",2,21,1340,618,722
050,49,021,"Utah","Iron County",2,22,1293,656,637
050,49,021,"Utah","Iron County",2,23,1220,701,519
050,49,021,"Utah","Iron County",2,24,1088,620,468
050,49,021,"Utah","Iron County",2,25,963,539,424
050,49,021,"Utah","Iron County",2,26,857,442,415
050,49,021,"Utah","Iron County",2,27,777,398,379
050,49,021,"Utah","Iron County",2,28,784,398,386
050,49,021,"Utah","Iron County",2,29,786,392,394
050,49,021,"Utah","Iron County",2,30,737,369,368
050,49,021,"Utah","Iron County",2,31,678,349,329
050,49,021,"Utah","Iron County",2,32,604,310,294
050,49,021,"Utah","Iron County",2,33,602,312,290
050,49,021,"Utah","Iron County",2,34,652,323,329
050,49,021,"Utah","Iron County",2,35,650,325,325
050,49,021,"Utah","Iron County",2,36,660,335,325
050,49,021,"Utah","Iron County",2,37,696,356,340
050,49,021,"Utah","Iron County",2,38,732,366,366
050,49,021,"Utah","Iron County",2,39,720,356,364
050,49,021,"Utah","Iron County",2,40,760,378,382
050,49,021,"Utah","Iron County",2,41,721,352,369
050,49,021,"Utah","Iron County",2,42,717,372,345
050,49,021,"Utah","Iron County",2,43,665,336,329
050,49,021,"Utah","Iron County",2,44,608,302,306
050,49,021,"Utah","Iron County",2,45,599,313,286
050,49,021,"Utah","Iron County",2,46,548,281,267
050,49,021,"Utah","Iron County",2,47,531,263,268
050,49,021,"Utah","Iron County",2,48,549,280,269
050,49,021,"Utah","Iron County",2,49,561,285,276
050,49,021,"Utah","Iron County",2,50,540,278,262
050,49,021,"Utah","Iron County",2,51,499,244,255
050,49,021,"Utah","Iron County",2,52,471,222,249
050,49,021,"Utah","Iron County",2,53,473,234,239
050,49,021,"Utah","Iron County",2,54,447,232,215
050,49,021,"Utah","Iron County",2,55,502,247,255
050,49,021,"Utah","Iron County",2,56,527,269,258
050,49,021,"Utah","Iron County",2,57,527,266,261
050,49,021,"Utah","Iron County",2,58,539,272,267
050,49,021,"Utah","Iron County",2,59,551,276,275
050,49,021,"Utah","Iron County",2,60,562,281,281
050,49,021,"Utah","Iron County",2,61,581,285,296
050,49,021,"Utah","Iron County",2,62,589,295,294
050,49,021,"Utah","Iron County",2,63,583,281,302
050,49,021,"Utah","Iron County",2,64,535,253,282
050,49,021,"Utah","Iron County",2,65,562,255,307
050,49,021,"Utah","Iron County",2,66,579,268,311
050,49,021,"Utah","Iron County",2,67,551,266,285
050,49,021,"Utah","Iron County",2,68,519,269,250
050,49,021,"Utah","Iron County",2,69,491,251,240
050,49,021,"Utah","Iron County",2,70,480,255,225
050,49,021,"Utah","Iron County",2,71,459,242,217
050,49,021,"Utah","Iron County",2,72,417,213,204
050,49,021,"Utah","Iron County",2,73,455,221,234
050,49,021,"Utah","Iron County",2,74,317,148,169
050,49,021,"Utah","Iron County",2,75,307,141,166
050,49,021,"Utah","Iron County",2,76,313,145,168
050,49,021,"Utah","Iron County",2,77,311,151,160
050,49,021,"Utah","Iron County",2,78,249,123,126
050,49,021,"Utah","Iron County",2,79,207,108,99
050,49,021,"Utah","Iron County",2,80,192,95,97
050,49,021,"Utah","Iron County",2,81,176,94,82
050,49,021,"Utah","Iron County",2,82,160,86,74
050,49,021,"Utah","Iron County",2,83,143,66,77
050,49,021,"Utah","Iron County",2,84,132,68,64
050,49,021,"Utah","Iron County",2,85,561,252,309
050,49,021,"Utah","Iron County",3,0,745,369,376
050,49,021,"Utah","Iron County",3,1,842,429,413
050,49,021,"Utah","Iron County",3,2,825,417,408
050,49,021,"Utah","Iron County",3,3,826,417,409
050,49,021,"Utah","Iron County",3,4,849,453,396
050,49,021,"Utah","Iron County",3,5,870,442,428
050,49,021,"Utah","Iron County",3,6,901,447,454
050,49,021,"Utah","Iron County",3,7,921,468,453
050,49,021,"Utah","Iron County",3,8,934,510,424
050,49,021,"Utah","Iron County",3,9,909,475,434
050,49,021,"Utah","Iron County",3,10,935,464,471
050,49,021,"Utah","Iron County",3,11,1001,495,506
050,49,021,"Utah","Iron County",3,12,1012,504,508
050,49,021,"Utah","Iron County",3,13,1073,573,500
050,49,021,"Utah","Iron County",3,14,1076,557,519
050,49,021,"Utah","Iron County",3,15,1051,561,490
050,49,021,"Utah","Iron County",3,16,1030,524,506
050,49,021,"Utah","Iron County",3,17,1023,512,511
050,49,021,"Utah","Iron County",3,18,1257,560,697
050,49,021,"Utah","Iron County",3,19,1428,577,851
050,49,021,"Utah","Iron County",3,20,1240,515,725
050,49,021,"Utah","Iron County",3,21,1398,636,762
050,49,021,"Utah","Iron County",3,22,1400,727,673
050,49,021,"Utah","Iron County",3,23,1317,753,564
050,49,021,"Utah","Iron County",3,24,1149,644,505
050,49,021,"Utah","Iron County",3,25,965,537,428
050,49,021,"Utah","Iron County",3,26,880,447,433
050,49,021,"Utah","Iron County",3,27,836,436,400
050,49,021,"Utah","Iron County",3,28,784,401,383
050,49,021,"Utah","Iron County",3,29,795,393,402
050,49,021,"Utah","Iron County",3,30,817,422,395
050,49,021,"Utah","Iron County",3,31,792,388,404
050,49,021,"Utah","Iron County",3,32,702,365,337
050,49,021,"Utah","Iron County",3,33,648,333,315
050,49,021,"Utah","Iron County",3,34,658,333,325
050,49,021,"Utah","Iron County",3,35,658,326,332
050,49,021,"Utah","Iron County",3,36,688,340,348
050,49,021,"Utah","Iron County",3,37,726,351,375
050,49,021,"Utah","Iron County",3,38,732,372,360
050,49,021,"Utah","Iron County",3,39,765,381,384
050,49,021,"Utah","Iron County",3,40,768,386,382
050,49,021,"Utah","Iron County",3,41,777,392,385
050,49,021,"Utah","Iron County",3,42,770,394,376
050,49,021,"Utah","Iron County",3,43,740,381,359
050,49,021,"Utah","Iron County",3,44,690,350,340
050,49,021,"Utah","Iron County",3,45,631,314,317
050,49,021,"Utah","Iron County",3,46,622,323,299
050,49,021,"Utah","Iron County",3,47,590,301,289
050,49,021,"Utah","Iron County",3,48,560,276,284
050,49,021,"Utah","Iron County",3,49,575,294,281
050,49,021,"Utah","Iron County",3,50,596,309,287
050,49,021,"Utah","Iron County",3,51,530,275,255
050,49,021,"Utah","Iron County",3,52,518,256,262
050,49,021,"Utah","Iron County",3,53,472,223,249
050,49,021,"Utah","Iron County",3,54,478,227,251
050,49,021,"Utah","Iron County",3,55,483,234,249
050,49,021,"Utah","Iron County",3,56,517,271,246
050,49,021,"Utah","Iron County",3,57,555,290,265
050,49,021,"Utah","Iron County",3,58,560,280,280
050,49,021,"Utah","Iron County",3,59,549,276,273
050,49,021,"Utah","Iron County",3,60,591,292,299
050,49,021,"Utah","Iron County",3,61,581,289,292
050,49,021,"Utah","Iron County",3,62,636,328,308
050,49,021,"Utah","Iron County",3,63,583,282,301
050,49,021,"Utah","Iron County",3,64,594,291,303
050,49,021,"Utah","Iron County",3,65,551,258,293
050,49,021,"Utah","Iron County",3,66,608,275,333
050,49,021,"Utah","Iron County",3,67,603,282,321
050,49,021,"Utah","Iron County",3,68,567,269,298
050,49,021,"Utah","Iron County",3,69,530,268,262
050,49,021,"Utah","Iron County",3,70,520,274,246
050,49,021,"Utah","Iron County",3,71,481,255,226
050,49,021,"Utah","Iron County",3,72,462,241,221
050,49,021,"Utah","Iron County",3,73,422,216,206
050,49,021,"Utah","Iron County",3,74,470,231,239
050,49,021,"Utah","Iron County",3,75,300,137,163
050,49,021,"Utah","Iron County",3,76,308,141,167
050,49,021,"Utah","Iron County",3,77,311,141,170
050,49,021,"Utah","Iron County",3,78,318,155,163
050,49,021,"Utah","Iron County",3,79,243,122,121
050,49,021,"Utah","Iron County",3,80,192,92,100
050,49,021,"Utah","Iron County",3,81,183,93,90
050,49,021,"Utah","Iron County",3,82,167,90,77
050,49,021,"Utah","Iron County",3,83,145,82,63
050,49,021,"Utah","Iron County",3,84,135,58,77
050,49,021,"Utah","Iron County",3,85,580,264,316
050,49,021,"Utah","Iron County",4,0,828,418,410
050,49,021,"Utah","Iron County",4,1,735,376,359
050,49,021,"Utah","Iron County",4,2,887,456,431
050,49,021,"Utah","Iron County",4,3,842,436,406
050,49,021,"Utah","Iron County",4,4,832,429,403
050,49,021,"Utah","Iron County",4,5,871,459,412
050,49,021,"Utah","Iron County",4,6,880,446,434
050,49,021,"Utah","Iron County",4,7,944,463,481
050,49,021,"Utah","Iron County",4,8,961,492,469
050,49,021,"Utah","Iron County",4,9,969,525,444
050,49,021,"Utah","Iron County",4,10,953,494,459
050,49,021,"Utah","Iron County",4,11,950,469,481
050,49,021,"Utah","Iron County",4,12,1037,511,526
050,49,021,"Utah","Iron County",4,13,1001,509,492
050,49,021,"Utah","Iron County",4,14,1098,573,525
050,49,021,"Utah","Iron County",4,15,1104,577,527
050,49,021,"Utah","Iron County",4,16,1054,551,503
050,49,021,"Utah","Iron County",4,17,1074,552,522
050,49,021,"Utah","Iron County",4,18,1286,582,704
050,49,021,"Utah","Iron County",4,19,1460,593,867
050,49,021,"Utah","Iron County",4,20,1282,542,740
050,49,021,"Utah","Iron County",4,21,1419,653,766
050,49,021,"Utah","Iron County",4,22,1461,737,724
050,49,021,"Utah","Iron County",4,23,1408,805,603
050,49,021,"Utah","Iron County",4,24,1217,690,527
050,49,021,"Utah","Iron County",4,25,1044,567,477
050,49,021,"Utah","Iron County",4,26,884,473,411
050,49,021,"Utah","Iron County",4,27,824,415,409
050,49,021,"Utah","Iron County",4,28,809,425,384
050,49,021,"Utah","Iron County",4,29,770,391,379
050,49,021,"Utah","Iron County",4,30,826,415,411
050,49,021,"Utah","Iron County",4,31,837,433,404
050,49,021,"Utah","Iron County",4,32,810,404,406
050,49,021,"Utah","Iron County",4,33,729,372,357
050,49,021,"Utah","Iron County",4,34,689,357,332
050,49,021,"Utah","Iron County",4,35,675,334,341
050,49,021,"Utah","Iron County",4,36,688,337,351
050,49,021,"Utah","Iron County",4,37,715,354,361
050,49,021,"Utah","Iron County",4,38,750,372,378
050,49,021,"Utah","Iron County",4,39,734,373,361
050,49,021,"Utah","Iron County",4,40,783,405,378
050,49,021,"Utah","Iron County",4,41,751,360,391
050,49,021,"Utah","Iron County",4,42,804,415,389
050,49,021,"Utah","Iron County",4,43,784,395,389
050,49,021,"Utah","Iron County",4,44,768,396,372
050,49,021,"Utah","Iron County",4,45,711,353,358
050,49,021,"Utah","Iron County",4,46,644,313,331
050,49,021,"Utah","Iron County",4,47,652,339,313
050,49,021,"Utah","Iron County",4,48,605,308,297
050,49,021,"Utah","Iron County",4,49,581,287,294
050,49,021,"Utah","Iron County",4,50,597,314,283
050,49,021,"Utah","Iron County",4,51,579,294,285
050,49,021,"Utah","Iron County",4,52,544,278,266
050,49,021,"Utah","Iron County",4,53,545,272,273
050,49,021,"Utah","Iron County",4,54,483,232,251
050,49,021,"Utah","Iron County",4,55,515,240,275
050,49,021,"Utah","Iron County",4,56,498,252,246
050,49,021,"Utah","Iron County",4,57,530,278,252
050,49,021,"Utah","Iron County",4,58,576,296,280
050,49,021,"Utah","Iron County",4,59,553,279,274
050,49,021,"Utah","Iron County",4,60,571,284,287
050,49,021,"Utah","Iron County",4,61,589,284,305
050,49,021,"Utah","Iron County",4,62,605,310,295
050,49,021,"Utah","Iron County",4,63,649,318,331
050,49,021,"Utah","Iron County",4,64,617,297,320
050,49,021,"Utah","Iron County",4,65,612,309,303
050,49,021,"Utah","Iron County",4,66,585,271,314
050,49,021,"Utah","Iron County",4,67,622,285,337
050,49,021,"Utah","Iron County",4,68,619,281,338
050,49,021,"Utah","Iron County",4,69,588,279,309
050,49,021,"Utah","Iron County",4,70,544,278,266
050,49,021,"Utah","Iron County",4,71,517,265,252
050,49,021,"Utah","Iron County",4,72,488,254,234
050,49,021,"Utah","Iron County",4,73,472,253,219
050,49,021,"Utah","Iron County",4,74,443,224,219
050,49,021,"Utah","Iron County",4,75,470,231,239
050,49,021,"Utah","Iron County",4,76,297,137,160
050,49,021,"Utah","Iron County",4,77,311,146,165
050,49,021,"Utah","Iron County",4,78,303,139,164
050,49,021,"Utah","Iron County",4,79,295,141,154
050,49,021,"Utah","Iron County",4,80,221,108,113
050,49,021,"Utah","Iron County",4,81,185,93,92
050,49,021,"Utah","Iron County",4,82,169,88,81
050,49,021,"Utah","Iron County",4,83,146,77,69
050,49,021,"Utah","Iron County",4,84,136,75,61
050,49,021,"Utah","Iron County",4,85,614,271,343
050,49,021,"Utah","Iron County",5,0,820,417,403
050,49,021,"Utah","Iron County",5,1,813,445,368
050,49,021,"Utah","Iron County",5,2,738,376,362
050,49,021,"Utah","Iron County",5,3,901,465,436
050,49,021,"Utah","Iron County",5,4,867,449,418
050,49,021,"Utah","Iron County",5,5,841,424,417
050,49,021,"Utah","Iron County",5,6,876,460,416
050,49,021,"Utah","Iron County",5,7,915,458,457
050,49,021,"Utah","Iron County",5,8,921,454,467
050,49,021,"Utah","Iron County",5,9,988,484,504
050,49,021,"Utah","Iron County",5,10,1007,532,475
050,49,021,"Utah","Iron County",5,11,976,515,461
050,49,021,"Utah","Iron County",5,12,969,486,483
050,49,021,"Utah","Iron County",5,13,1079,557,522
050,49,021,"Utah","Iron County",5,14,1032,527,505
050,49,021,"Utah","Iron County",5,15,1122,594,528
050,49,021,"Utah","Iron County",5,16,1127,583,544
050,49,021,"Utah","Iron County",5,17,1092,578,514
050,49,021,"Utah","Iron County",5,18,1350,616,734
050,49,021,"Utah","Iron County",5,19,1515,614,901
050,49,021,"Utah","Iron County",5,20,1336,551,785
050,49,021,"Utah","Iron County",5,21,1421,645,776
050,49,021,"Utah","Iron County",5,22,1490,765,725
050,49,021,"Utah","Iron County",5,23,1458,826,632
050,49,021,"Utah","Iron County",5,24,1278,721,557
050,49,021,"Utah","Iron County",5,25,1152,657,495
050,49,021,"Utah","Iron County",5,26,960,478,482
050,49,021,"Utah","Iron County",5,27,854,465,389
050,49,021,"Utah","Iron County",5,28,823,416,407
050,49,021,"Utah","Iron County",5,29,786,404,382
050,49,021,"Utah","Iron County",5,30,814,413,401
050,49,021,"Utah","Iron County",5,31,828,430,398
050,49,021,"Utah","Iron County",5,32,835,447,388
050,49,021,"Utah","Iron County",5,33,838,413,425
050,49,021,"Utah","Iron County",5,34,746,379,367
050,49,021,"Utah","Iron County",5,35,689,360,329
050,49,021,"Utah","Iron County",5,36,682,340,342
050,49,021,"Utah","Iron County",5,37,725,345,380
050,49,021,"Utah","Iron County",5,38,728,363,365
050,49,021,"Utah","Iron County",5,39,772,387,385
050,49,021,"Utah","Iron County",5,40,756,394,362
050,49,021,"Utah","Iron County",5,41,787,407,380
050,49,021,"Utah","Iron County",5,42,808,386,422
050,49,021,"Utah","Iron County",5,43,831,427,404
050,49,021,"Utah","Iron County",5,44,787,402,385
050,49,021,"Utah","Iron County",5,45,776,396,380
050,49,021,"Utah","Iron County",5,46,721,364,357
050,49,021,"Utah","Iron County",5,47,654,320,334
050,49,021,"Utah","Iron County",5,48,662,349,313
050,49,021,"Utah","Iron County",5,49,605,304,301
050,49,021,"Utah","Iron County",5,50,603,302,301
050,49,021,"Utah","Iron County",5,51,564,285,279
050,49,021,"Utah","Iron County",5,52,592,300,292
050,49,021,"Utah","Iron County",5,53,565,283,282
050,49,021,"Utah","Iron County",5,54,573,284,289
050,49,021,"Utah","Iron County",5,55,484,232,252
050,49,021,"Utah","Iron County",5,56,528,254,274
050,49,021,"Utah","Iron County",5,57,513,265,248
050,49,021,"Utah","Iron County",5,58,544,287,257
050,49,021,"Utah","Iron County",5,59,588,294,294
050,49,021,"Utah","Iron County",5,60,582,289,293
050,49,021,"Utah","Iron County",5,61,597,292,305
050,49,021,"Utah","Iron County",5,62,591,297,294
050,49,021,"Utah","Iron County",5,63,625,305,320
050,49,021,"Utah","Iron County",5,64,671,331,340
050,49,021,"Utah","Iron County",5,65,636,308,328
050,49,021,"Utah","Iron County",5,66,609,300,309
050,49,021,"Utah","Iron County",5,67,587,275,312
050,49,021,"Utah","Iron County",5,68,632,289,343
050,49,021,"Utah","Iron County",5,69,613,287,326
050,49,021,"Utah","Iron County",5,70,596,287,309
050,49,021,"Utah","Iron County",5,71,534,267,267
050,49,021,"Utah","Iron County",5,72,500,255,245
050,49,021,"Utah","Iron County",5,73,484,255,229
050,49,021,"Utah","Iron County",5,74,467,248,219
050,49,021,"Utah","Iron County",5,75,414,217,197
050,49,021,"Utah","Iron County",5,76,454,226,228
050,49,021,"Utah","Iron County",5,77,294,135,159
050,49,021,"Utah","Iron County",5,78,308,143,165
050,49,021,"Utah","Iron County",5,79,287,129,158
050,49,021,"Utah","Iron County",5,80,282,129,153
050,49,021,"Utah","Iron County",5,81,212,104,108
050,49,021,"Utah","Iron County",5,82,176,82,94
050,49,021,"Utah","Iron County",5,83,164,82,82
050,49,021,"Utah","Iron County",5,84,140,73,67
050,49,021,"Utah","Iron County",5,85,651,295,356
050,49,023,"Utah","Juab County",1,0,183,93,90
050,49,023,"Utah","Juab County",1,1,185,94,91
050,49,023,"Utah","Juab County",1,2,192,96,96
050,49,023,"Utah","Juab County",1,3,204,102,102
050,49,023,"Utah","Juab County",1,4,219,116,103
050,49,023,"Utah","Juab County",1,5,192,107,85
050,49,023,"Utah","Juab County",1,6,236,124,112
050,49,023,"Utah","Juab County",1,7,214,117,97
050,49,023,"Utah","Juab County",1,8,220,112,108
050,49,023,"Utah","Juab County",1,9,220,121,99
050,49,023,"Utah","Juab County",1,10,246,128,118
050,49,023,"Utah","Juab County",1,11,258,130,128
050,49,023,"Utah","Juab County",1,12,257,139,118
050,49,023,"Utah","Juab County",1,13,243,131,112
050,49,023,"Utah","Juab County",1,14,265,154,111
050,49,023,"Utah","Juab County",1,15,228,126,102
050,49,023,"Utah","Juab County",1,16,232,123,109
050,49,023,"Utah","Juab County",1,17,222,122,100
050,49,023,"Utah","Juab County",1,18,187,100,87
050,49,023,"Utah","Juab County",1,19,147,78,69
050,49,023,"Utah","Juab County",1,20,165,89,76
050,49,023,"Utah","Juab County",1,21,144,80,64
050,49,023,"Utah","Juab County",1,22,154,77,77
050,49,023,"Utah","Juab County",1,23,175,85,90
050,49,023,"Utah","Juab County",1,24,144,69,75
050,49,023,"Utah","Juab County",1,25,153,78,75
050,49,023,"Utah","Juab County",1,26,148,78,70
050,49,023,"Utah","Juab County",1,27,144,68,76
050,49,023,"Utah","Juab County",1,28,170,76,94
050,49,023,"Utah","Juab County",1,29,148,74,74
050,49,023,"Utah","Juab County",1,30,141,82,59
050,49,023,"Utah","Juab County",1,31,140,72,68
050,49,023,"Utah","Juab County",1,32,141,74,67
050,49,023,"Utah","Juab County",1,33,115,56,59
050,49,023,"Utah","Juab County",1,34,124,62,62
050,49,023,"Utah","Juab County",1,35,151,76,75
050,49,023,"Utah","Juab County",1,36,155,79,76
050,49,023,"Utah","Juab County",1,37,174,86,88
050,49,023,"Utah","Juab County",1,38,149,71,78
050,49,023,"Utah","Juab County",1,39,169,92,77
050,49,023,"Utah","Juab County",1,40,168,96,72
050,49,023,"Utah","Juab County",1,41,176,95,81
050,49,023,"Utah","Juab County",1,42,179,90,89
050,49,023,"Utah","Juab County",1,43,163,77,86
050,49,023,"Utah","Juab County",1,44,145,74,71
050,49,023,"Utah","Juab County",1,45,117,67,50
050,49,023,"Utah","Juab County",1,46,116,64,52
050,49,023,"Utah","Juab County",1,47,133,65,68
050,49,023,"Utah","Juab County",1,48,129,61,68
050,49,023,"Utah","Juab County",1,49,131,61,70
050,49,023,"Utah","Juab County",1,50,119,62,57
050,49,023,"Utah","Juab County",1,51,112,61,51
050,49,023,"Utah","Juab County",1,52,110,65,45
050,49,023,"Utah","Juab County",1,53,95,48,47
050,49,023,"Utah","Juab County",1,54,95,52,43
050,49,023,"Utah","Juab County",1,55,112,61,51
050,49,023,"Utah","Juab County",1,56,113,53,60
050,49,023,"Utah","Juab County",1,57,109,55,54
050,49,023,"Utah","Juab County",1,58,111,54,57
050,49,023,"Utah","Juab County",1,59,111,59,52
050,49,023,"Utah","Juab County",1,60,103,52,51
050,49,023,"Utah","Juab County",1,61,102,56,46
050,49,023,"Utah","Juab County",1,62,87,52,35
050,49,023,"Utah","Juab County",1,63,99,55,44
050,49,023,"Utah","Juab County",1,64,90,44,46
050,49,023,"Utah","Juab County",1,65,90,39,51
050,49,023,"Utah","Juab County",1,66,87,35,52
050,49,023,"Utah","Juab County",1,67,102,50,52
050,49,023,"Utah","Juab County",1,68,103,49,54
050,49,023,"Utah","Juab County",1,69,91,45,46
050,49,023,"Utah","Juab County",1,70,82,48,34
050,49,023,"Utah","Juab County",1,71,86,38,48
050,49,023,"Utah","Juab County",1,72,89,44,45
050,49,023,"Utah","Juab County",1,73,87,43,44
050,49,023,"Utah","Juab County",1,74,52,27,25
050,49,023,"Utah","Juab County",1,75,55,31,24
050,49,023,"Utah","Juab County",1,76,57,24,33
050,49,023,"Utah","Juab County",1,77,48,20,28
050,49,023,"Utah","Juab County",1,78,44,22,22
050,49,023,"Utah","Juab County",1,79,41,18,23
050,49,023,"Utah","Juab County",1,80,44,21,23
050,49,023,"Utah","Juab County",1,81,37,18,19
050,49,023,"Utah","Juab County",1,82,31,14,17
050,49,023,"Utah","Juab County",1,83,29,16,13
050,49,023,"Utah","Juab County",1,84,28,17,11
050,49,023,"Utah","Juab County",1,85,116,50,66
050,49,023,"Utah","Juab County",2,0,184,98,86
050,49,023,"Utah","Juab County",2,1,182,91,91
050,49,023,"Utah","Juab County",2,2,192,95,97
050,49,023,"Utah","Juab County",2,3,200,99,101
050,49,023,"Utah","Juab County",2,4,216,113,103
050,49,023,"Utah","Juab County",2,5,200,109,91
050,49,023,"Utah","Juab County",2,6,227,122,105
050,49,023,"Utah","Juab County",2,7,221,119,102
050,49,023,"Utah","Juab County",2,8,218,113,105
050,49,023,"Utah","Juab County",2,9,222,120,102
050,49,023,"Utah","Juab County",2,10,242,127,115
050,49,023,"Utah","Juab County",2,11,252,128,124
050,49,023,"Utah","Juab County",2,12,261,139,122
050,49,023,"Utah","Juab County",2,13,247,135,112
050,49,023,"Utah","Juab County",2,14,259,148,111
050,49,023,"Utah","Juab County",2,15,238,132,106
050,49,023,"Utah","Juab County",2,16,232,125,107
050,49,023,"Utah","Juab County",2,17,224,121,103
050,49,023,"Utah","Juab County",2,18,184,100,84
050,49,023,"Utah","Juab County",2,19,148,78,70
050,49,023,"Utah","Juab County",2,20,163,87,76
050,49,023,"Utah","Juab County",2,21,150,83,67
050,49,023,"Utah","Juab County",2,22,156,78,78
050,49,023,"Utah","Juab County",2,23,171,82,89
050,49,023,"Utah","Juab County",2,24,152,74,78
050,49,023,"Utah","Juab County",2,25,152,77,75
050,49,023,"Utah","Juab County",2,26,151,80,71
050,49,023,"Utah","Juab County",2,27,147,71,76
050,49,023,"Utah","Juab County",2,28,163,75,88
050,49,023,"Utah","Juab County",2,29,154,76,78
050,49,023,"Utah","Juab County",2,30,144,82,62
050,49,023,"Utah","Juab County",2,31,142,76,66
050,49,023,"Utah","Juab County",2,32,141,74,67
050,49,023,"Utah","Juab County",2,33,121,60,61
050,49,023,"Utah","Juab County",2,34,122,60,62
050,49,023,"Utah","Juab County",2,35,147,74,73
050,49,023,"Utah","Juab County",2,36,153,77,76
050,49,023,"Utah","Juab County",2,37,169,83,86
050,49,023,"Utah","Juab County",2,38,155,75,80
050,49,023,"Utah","Juab County",2,39,165,87,78
050,49,023,"Utah","Juab County",2,40,170,96,74
050,49,023,"Utah","Juab County",2,41,174,95,79
050,49,023,"Utah","Juab County",2,42,176,90,86
050,49,023,"Utah","Juab County",2,43,169,82,87
050,49,023,"Utah","Juab County",2,44,148,74,74
050,49,023,"Utah","Juab County",2,45,125,70,55
050,49,023,"Utah","Juab County",2,46,115,64,51
050,49,023,"Utah","Juab County",2,47,130,66,64
050,49,023,"Utah","Juab County",2,48,130,62,68
050,49,023,"Utah","Juab County",2,49,132,62,70
050,49,023,"Utah","Juab County",2,50,121,61,60
050,49,023,"Utah","Juab County",2,51,113,61,52
050,49,023,"Utah","Juab County",2,52,109,63,46
050,49,023,"Utah","Juab County",2,53,97,50,47
050,49,023,"Utah","Juab County",2,54,95,51,44
050,49,023,"Utah","Juab County",2,55,108,59,49
050,49,023,"Utah","Juab County",2,56,114,55,59
050,49,023,"Utah","Juab County",2,57,110,55,55
050,49,023,"Utah","Juab County",2,58,110,55,55
050,49,023,"Utah","Juab County",2,59,109,57,52
050,49,023,"Utah","Juab County",2,60,104,53,51
050,49,023,"Utah","Juab County",2,61,102,55,47
050,49,023,"Utah","Juab County",2,62,91,53,38
050,49,023,"Utah","Juab County",2,63,97,55,42
050,49,023,"Utah","Juab County",2,64,89,45,44
050,49,023,"Utah","Juab County",2,65,92,41,51
050,49,023,"Utah","Juab County",2,66,85,34,51
050,49,023,"Utah","Juab County",2,67,101,48,53
050,49,023,"Utah","Juab County",2,68,100,47,53
050,49,023,"Utah","Juab County",2,69,96,47,49
050,49,023,"Utah","Juab County",2,70,85,48,37
050,49,023,"Utah","Juab County",2,71,84,39,45
050,49,023,"Utah","Juab County",2,72,87,42,45
050,49,023,"Utah","Juab County",2,73,92,46,46
050,49,023,"Utah","Juab County",2,74,57,30,27
050,49,023,"Utah","Juab County",2,75,53,30,23
050,49,023,"Utah","Juab County",2,76,55,25,30
050,49,023,"Utah","Juab County",2,77,51,21,30
050,49,023,"Utah","Juab County",2,78,45,22,23
050,49,023,"Utah","Juab County",2,79,41,19,22
050,49,023,"Utah","Juab County",2,80,44,20,24
050,49,023,"Utah","Juab County",2,81,36,18,18
050,49,023,"Utah","Juab County",2,82,33,15,18
050,49,023,"Utah","Juab County",2,83,30,16,14
050,49,023,"Utah","Juab County",2,84,26,15,11
050,49,023,"Utah","Juab County",2,85,121,52,69
050,49,023,"Utah","Juab County",3,0,208,107,101
050,49,023,"Utah","Juab County",3,1,205,111,94
050,49,023,"Utah","Juab County",3,2,204,110,94
050,49,023,"Utah","Juab County",3,3,202,100,102
050,49,023,"Utah","Juab County",3,4,200,99,101
050,49,023,"Utah","Juab County",3,5,224,113,111
050,49,023,"Utah","Juab County",3,6,205,107,98
050,49,023,"Utah","Juab County",3,7,238,128,110
050,49,023,"Utah","Juab County",3,8,219,117,102
050,49,023,"Utah","Juab County",3,9,225,117,108
050,49,023,"Utah","Juab County",3,10,232,123,109
050,49,023,"Utah","Juab County",3,11,245,128,117
050,49,023,"Utah","Juab County",3,12,250,129,121
050,49,023,"Utah","Juab County",3,13,269,148,121
050,49,023,"Utah","Juab County",3,14,255,136,119
050,49,023,"Utah","Juab County",3,15,261,151,110
050,49,023,"Utah","Juab County",3,16,240,131,109
050,49,023,"Utah","Juab County",3,17,234,131,103
050,49,023,"Utah","Juab County",3,18,193,109,84
050,49,023,"Utah","Juab County",3,19,152,84,68
050,49,023,"Utah","Juab County",3,20,157,82,75
050,49,023,"Utah","Juab County",3,21,190,105,85
050,49,023,"Utah","Juab County",3,22,171,92,79
050,49,023,"Utah","Juab County",3,23,175,90,85
050,49,023,"Utah","Juab County",3,24,172,88,84
050,49,023,"Utah","Juab County",3,25,159,81,78
050,49,023,"Utah","Juab County",3,26,151,79,72
050,49,023,"Utah","Juab County",3,27,160,82,78
050,49,023,"Utah","Juab County",3,28,148,74,74
050,49,023,"Utah","Juab County",3,29,163,72,91
050,49,023,"Utah","Juab County",3,30,148,75,73
050,49,023,"Utah","Juab County",3,31,165,94,71
050,49,023,"Utah","Juab County",3,32,145,77,68
050,49,023,"Utah","Juab County",3,33,142,74,68
050,49,023,"Utah","Juab County",3,34,121,62,59
050,49,023,"Utah","Juab County",3,35,120,65,55
050,49,023,"Utah","Juab County",3,36,151,73,78
050,49,023,"Utah","Juab County",3,37,165,78,87
050,49,023,"Utah","Juab County",3,38,167,79,88
050,49,023,"Utah","Juab County",3,39,168,87,81
050,49,023,"Utah","Juab County",3,40,175,92,83
050,49,023,"Utah","Juab County",3,41,181,98,83
050,49,023,"Utah","Juab County",3,42,175,98,77
050,49,023,"Utah","Juab County",3,43,178,89,89
050,49,023,"Utah","Juab County",3,44,166,85,81
050,49,023,"Utah","Juab County",3,45,153,75,78
050,49,023,"Utah","Juab County",3,46,126,73,53
050,49,023,"Utah","Juab County",3,47,115,63,52
050,49,023,"Utah","Juab County",3,48,132,69,63
050,49,023,"Utah","Juab County",3,49,129,62,67
050,49,023,"Utah","Juab County",3,50,128,61,67
050,49,023,"Utah","Juab County",3,51,119,59,60
050,49,023,"Utah","Juab County",3,52,116,62,54
050,49,023,"Utah","Juab County",3,53,110,61,49
050,49,023,"Utah","Juab County",3,54,100,49,51
050,49,023,"Utah","Juab County",3,55,96,49,47
050,49,023,"Utah","Juab County",3,56,106,56,50
050,49,023,"Utah","Juab County",3,57,116,53,63
050,49,023,"Utah","Juab County",3,58,113,56,57
050,49,023,"Utah","Juab County",3,59,115,61,54
050,49,023,"Utah","Juab County",3,60,111,58,53
050,49,023,"Utah","Juab County",3,61,104,52,52
050,49,023,"Utah","Juab County",3,62,103,56,47
050,49,023,"Utah","Juab County",3,63,98,57,41
050,49,023,"Utah","Juab County",3,64,95,51,44
050,49,023,"Utah","Juab County",3,65,88,43,45
050,49,023,"Utah","Juab County",3,66,90,42,48
050,49,023,"Utah","Juab County",3,67,92,37,55
050,49,023,"Utah","Juab County",3,68,99,46,53
050,49,023,"Utah","Juab County",3,69,103,51,52
050,49,023,"Utah","Juab County",3,70,99,49,50
050,49,023,"Utah","Juab County",3,71,79,46,33
050,49,023,"Utah","Juab County",3,72,78,34,44
050,49,023,"Utah","Juab County",3,73,86,43,43
050,49,023,"Utah","Juab County",3,74,88,43,45
050,49,023,"Utah","Juab County",3,75,57,30,27
050,49,023,"Utah","Juab County",3,76,49,29,20
050,49,023,"Utah","Juab County",3,77,53,23,30
050,49,023,"Utah","Juab County",3,78,48,19,29
050,49,023,"Utah","Juab County",3,79,39,20,19
050,49,023,"Utah","Juab County",3,80,41,17,24
050,49,023,"Utah","Juab County",3,81,41,20,21
050,49,023,"Utah","Juab County",3,82,36,18,18
050,49,023,"Utah","Juab County",3,83,32,15,17
050,49,023,"Utah","Juab County",3,84,26,14,12
050,49,023,"Utah","Juab County",3,85,122,60,62
050,49,023,"Utah","Juab County",4,0,203,101,102
050,49,023,"Utah","Juab County",4,1,248,131,117
050,49,023,"Utah","Juab County",4,2,204,104,100
050,49,023,"Utah","Juab County",4,3,212,113,99
050,49,023,"Utah","Juab County",4,4,207,105,102
050,49,023,"Utah","Juab County",4,5,210,107,103
050,49,023,"Utah","Juab County",4,6,237,116,121
050,49,023,"Utah","Juab County",4,7,223,121,102
050,49,023,"Utah","Juab County",4,8,235,129,106
050,49,023,"Utah","Juab County",4,9,214,114,100
050,49,023,"Utah","Juab County",4,10,241,122,119
050,49,023,"Utah","Juab County",4,11,237,125,112
050,49,023,"Utah","Juab County",4,12,257,139,118
050,49,023,"Utah","Juab County",4,13,255,133,122
050,49,023,"Utah","Juab County",4,14,271,154,117
050,49,023,"Utah","Juab County",4,15,261,141,120
050,49,023,"Utah","Juab County",4,16,260,148,112
050,49,023,"Utah","Juab County",4,17,246,136,110
050,49,023,"Utah","Juab County",4,18,192,109,83
050,49,023,"Utah","Juab County",4,19,146,83,63
050,49,023,"Utah","Juab County",4,20,158,82,76
050,49,023,"Utah","Juab County",4,21,171,92,79
050,49,023,"Utah","Juab County",4,22,194,97,97
050,49,023,"Utah","Juab County",4,23,185,102,83
050,49,023,"Utah","Juab County",4,24,165,85,80
050,49,023,"Utah","Juab County",4,25,171,88,83
050,49,023,"Utah","Juab County",4,26,169,85,84
050,49,023,"Utah","Juab County",4,27,153,80,73
050,49,023,"Utah","Juab County",4,28,159,81,78
050,49,023,"Utah","Juab County",4,29,154,76,78
050,49,023,"Utah","Juab County",4,30,184,83,101
050,49,023,"Utah","Juab County",4,31,162,82,80
050,49,023,"Utah","Juab County",4,32,173,103,70
050,49,023,"Utah","Juab County",4,33,157,80,77
050,49,023,"Utah","Juab County",4,34,159,80,79
050,49,023,"Utah","Juab County",4,35,119,56,63
050,49,023,"Utah","Juab County",4,36,118,62,56
050,49,023,"Utah","Juab County",4,37,153,74,79
050,49,023,"Utah","Juab County",4,38,173,83,90
050,49,023,"Utah","Juab County",4,39,175,82,93
050,49,023,"Utah","Juab County",4,40,169,91,78
050,49,023,"Utah","Juab County",4,41,184,99,85
050,49,023,"Utah","Juab County",4,42,179,99,80
050,49,023,"Utah","Juab County",4,43,175,96,79
050,49,023,"Utah","Juab County",4,44,179,86,93
050,49,023,"Utah","Juab County",4,45,174,89,85
050,49,023,"Utah","Juab County",4,46,153,75,78
050,49,023,"Utah","Juab County",4,47,132,78,54
050,49,023,"Utah","Juab County",4,48,114,64,50
050,49,023,"Utah","Juab County",4,49,136,73,63
050,49,023,"Utah","Juab County",4,50,128,62,66
050,49,023,"Utah","Juab County",4,51,142,69,73
050,49,023,"Utah","Juab County",4,52,122,61,61
050,49,023,"Utah","Juab County",4,53,114,59,55
050,49,023,"Utah","Juab County",4,54,103,57,46
050,49,023,"Utah","Juab County",4,55,98,48,50
050,49,023,"Utah","Juab County",4,56,102,55,47
050,49,023,"Utah","Juab County",4,57,108,59,49
050,49,023,"Utah","Juab County",4,58,118,55,63
050,49,023,"Utah","Juab County",4,59,107,49,58
050,49,023,"Utah","Juab County",4,60,117,60,57
050,49,023,"Utah","Juab County",4,61,103,53,50
050,49,023,"Utah","Juab County",4,62,109,55,54
050,49,023,"Utah","Juab County",4,63,111,60,51
050,49,023,"Utah","Juab County",4,64,95,54,41
050,49,023,"Utah","Juab County",4,65,98,53,45
050,49,023,"Utah","Juab County",4,66,89,44,45
050,49,023,"Utah","Juab County",4,67,95,46,49
050,49,023,"Utah","Juab County",4,68,95,37,58
050,49,023,"Utah","Juab County",4,69,97,45,52
050,49,023,"Utah","Juab County",4,70,106,53,53
050,49,023,"Utah","Juab County",4,71,94,46,48
050,49,023,"Utah","Juab County",4,72,82,45,37
050,49,023,"Utah","Juab County",4,73,78,35,43
050,49,023,"Utah","Juab County",4,74,85,42,43
050,49,023,"Utah","Juab County",4,75,85,43,42
050,49,023,"Utah","Juab County",4,76,52,28,24
050,49,023,"Utah","Juab County",4,77,44,26,18
050,49,023,"Utah","Juab County",4,78,47,17,30
050,49,023,"Utah","Juab County",4,79,44,17,27
050,49,023,"Utah","Juab County",4,80,41,19,22
050,49,023,"Utah","Juab County",4,81,34,13,21
050,49,023,"Utah","Juab County",4,82,41,22,19
050,49,023,"Utah","Juab County",4,83,37,19,18
050,49,023,"Utah","Juab County",4,84,29,14,15
050,49,023,"Utah","Juab County",4,85,130,64,66
050,49,023,"Utah","Juab County",5,0,198,98,100
050,49,023,"Utah","Juab County",5,1,204,104,100
050,49,023,"Utah","Juab County",5,2,250,133,117
050,49,023,"Utah","Juab County",5,3,230,120,110
050,49,023,"Utah","Juab County",5,4,219,120,99
050,49,023,"Utah","Juab County",5,5,223,114,109
050,49,023,"Utah","Juab County",5,6,223,113,110
050,49,023,"Utah","Juab County",5,7,244,119,125
050,49,023,"Utah","Juab County",5,8,231,122,109
050,49,023,"Utah","Juab County",5,9,260,145,115
050,49,023,"Utah","Juab County",5,10,220,117,103
050,49,023,"Utah","Juab County",5,11,251,129,122
050,49,023,"Utah","Juab County",5,12,249,130,119
050,49,023,"Utah","Juab County",5,13,266,142,124
050,49,023,"Utah","Juab County",5,14,254,134,120
050,49,023,"Utah","Juab County",5,15,280,159,121
050,49,023,"Utah","Juab County",5,16,254,137,117
050,49,023,"Utah","Juab County",5,17,272,159,113
050,49,023,"Utah","Juab County",5,18,201,112,89
050,49,023,"Utah","Juab County",5,19,147,83,64
050,49,023,"Utah","Juab County",5,20,152,84,68
050,49,023,"Utah","Juab County",5,21,165,84,81
050,49,023,"Utah","Juab County",5,22,188,90,98
050,49,023,"Utah","Juab County",5,23,194,101,93
050,49,023,"Utah","Juab County",5,24,189,102,87
050,49,023,"Utah","Juab County",5,25,170,88,82
050,49,023,"Utah","Juab County",5,26,178,90,88
050,49,023,"Utah","Juab County",5,27,174,87,87
050,49,023,"Utah","Juab County",5,28,165,87,78
050,49,023,"Utah","Juab County",5,29,160,86,74
050,49,023,"Utah","Juab County",5,30,153,74,79
050,49,023,"Utah","Juab County",5,31,200,93,107
050,49,023,"Utah","Juab County",5,32,161,82,79
050,49,023,"Utah","Juab County",5,33,182,103,79
050,49,023,"Utah","Juab County",5,34,168,92,76
050,49,023,"Utah","Juab County",5,35,164,84,80
050,49,023,"Utah","Juab County",5,36,125,60,65
050,49,023,"Utah","Juab County",5,37,136,65,71
050,49,023,"Utah","Juab County",5,38,163,75,88
050,49,023,"Utah","Juab County",5,39,190,94,96
050,49,023,"Utah","Juab County",5,40,182,89,93
050,49,023,"Utah","Juab County",5,41,182,96,86
050,49,023,"Utah","Juab County",5,42,185,103,82
050,49,023,"Utah","Juab County",5,43,183,101,82
050,49,023,"Utah","Juab County",5,44,178,100,78
050,49,023,"Utah","Juab County",5,45,182,86,96
050,49,023,"Utah","Juab County",5,46,177,93,84
050,49,023,"Utah","Juab County",5,47,154,73,81
050,49,023,"Utah","Juab County",5,48,136,81,55
050,49,023,"Utah","Juab County",5,49,109,61,48
050,49,023,"Utah","Juab County",5,50,143,75,68
050,49,023,"Utah","Juab County",5,51,136,68,68
050,49,023,"Utah","Juab County",5,52,142,71,71
050,49,023,"Utah","Juab County",5,53,125,61,64
050,49,023,"Utah","Juab County",5,54,120,62,58
050,49,023,"Utah","Juab County",5,55,105,59,46
050,49,023,"Utah","Juab County",5,56,103,49,54
050,49,023,"Utah","Juab County",5,57,104,56,48
050,49,023,"Utah","Juab County",5,58,105,58,47
050,49,023,"Utah","Juab County",5,59,119,59,60
050,49,023,"Utah","Juab County",5,60,109,49,60
050,49,023,"Utah","Juab County",5,61,113,58,55
050,49,023,"Utah","Juab County",5,62,103,53,50
050,49,023,"Utah","Juab County",5,63,110,53,57
050,49,023,"Utah","Juab County",5,64,109,59,50
050,49,023,"Utah","Juab County",5,65,101,58,43
050,49,023,"Utah","Juab County",5,66,98,56,42
050,49,023,"Utah","Juab County",5,67,94,49,45
050,49,023,"Utah","Juab County",5,68,99,48,51
050,49,023,"Utah","Juab County",5,69,91,36,55
050,49,023,"Utah","Juab County",5,70,102,49,53
050,49,023,"Utah","Juab County",5,71,100,47,53
050,49,023,"Utah","Juab County",5,72,92,46,46
050,49,023,"Utah","Juab County",5,73,80,45,35
050,49,023,"Utah","Juab County",5,74,75,34,41
050,49,023,"Utah","Juab County",5,75,83,44,39
050,49,023,"Utah","Juab County",5,76,79,41,38
050,49,023,"Utah","Juab County",5,77,50,27,23
050,49,023,"Utah","Juab County",5,78,39,22,17
050,49,023,"Utah","Juab County",5,79,43,14,29
050,49,023,"Utah","Juab County",5,80,45,16,29
050,49,023,"Utah","Juab County",5,81,34,16,18
050,49,023,"Utah","Juab County",5,82,37,15,22
050,49,023,"Utah","Juab County",5,83,39,22,17
050,49,023,"Utah","Juab County",5,84,35,17,18
050,49,023,"Utah","Juab County",5,85,140,70,70
050,49,025,"Utah","Kane County",1,0,83,43,40
050,49,025,"Utah","Kane County",1,1,76,43,33
050,49,025,"Utah","Kane County",1,2,86,40,46
050,49,025,"Utah","Kane County",1,3,92,49,43
050,49,025,"Utah","Kane County",1,4,96,52,44
050,49,025,"Utah","Kane County",1,5,87,49,38
050,49,025,"Utah","Kane County",1,6,102,53,49
050,49,025,"Utah","Kane County",1,7,88,48,40
050,49,025,"Utah","Kane County",1,8,89,43,46
050,49,025,"Utah","Kane County",1,9,108,56,52
050,49,025,"Utah","Kane County",1,10,116,54,62
050,49,025,"Utah","Kane County",1,11,108,52,56
050,49,025,"Utah","Kane County",1,12,116,54,62
050,49,025,"Utah","Kane County",1,13,113,58,55
050,49,025,"Utah","Kane County",1,14,117,62,55
050,49,025,"Utah","Kane County",1,15,123,66,57
050,49,025,"Utah","Kane County",1,16,95,50,45
050,49,025,"Utah","Kane County",1,17,108,54,54
050,49,025,"Utah","Kane County",1,18,93,46,47
050,49,025,"Utah","Kane County",1,19,67,39,28
050,49,025,"Utah","Kane County",1,20,64,39,25
050,49,025,"Utah","Kane County",1,21,65,39,26
050,49,025,"Utah","Kane County",1,22,73,41,32
050,49,025,"Utah","Kane County",1,23,68,38,30
050,49,025,"Utah","Kane County",1,24,63,29,34
050,49,025,"Utah","Kane County",1,25,68,33,35
050,49,025,"Utah","Kane County",1,26,67,34,33
050,49,025,"Utah","Kane County",1,27,89,48,41
050,49,025,"Utah","Kane County",1,28,85,40,45
050,49,025,"Utah","Kane County",1,29,77,39,38
050,49,025,"Utah","Kane County",1,30,69,39,30
050,49,025,"Utah","Kane County",1,31,76,43,33
050,49,025,"Utah","Kane County",1,32,74,36,38
050,49,025,"Utah","Kane County",1,33,102,56,46
050,49,025,"Utah","Kane County",1,34,88,44,44
050,49,025,"Utah","Kane County",1,35,91,43,48
050,49,025,"Utah","Kane County",1,36,105,46,59
050,49,025,"Utah","Kane County",1,37,107,56,51
050,49,025,"Utah","Kane County",1,38,84,40,44
050,49,025,"Utah","Kane County",1,39,84,37,47
050,49,025,"Utah","Kane County",1,40,104,51,53
050,49,025,"Utah","Kane County",1,41,93,46,47
050,49,025,"Utah","Kane County",1,42,82,48,34
050,49,025,"Utah","Kane County",1,43,87,53,34
050,49,025,"Utah","Kane County",1,44,81,44,37
050,49,025,"Utah","Kane County",1,45,78,46,32
050,49,025,"Utah","Kane County",1,46,76,42,34
050,49,025,"Utah","Kane County",1,47,73,31,42
050,49,025,"Utah","Kane County",1,48,78,32,46
050,49,025,"Utah","Kane County",1,49,74,36,38
050,49,025,"Utah","Kane County",1,50,71,39,32
050,49,025,"Utah","Kane County",1,51,80,45,35
050,49,025,"Utah","Kane County",1,52,69,31,38
050,49,025,"Utah","Kane County",1,53,83,34,49
050,49,025,"Utah","Kane County",1,54,105,55,50
050,49,025,"Utah","Kane County",1,55,94,40,54
050,49,025,"Utah","Kane County",1,56,88,43,45
050,49,025,"Utah","Kane County",1,57,88,46,42
050,49,025,"Utah","Kane County",1,58,107,51,56
050,49,025,"Utah","Kane County",1,59,98,46,52
050,49,025,"Utah","Kane County",1,60,111,61,50
050,49,025,"Utah","Kane County",1,61,112,51,61
050,49,025,"Utah","Kane County",1,62,126,60,66
050,49,025,"Utah","Kane County",1,63,121,55,66
050,49,025,"Utah","Kane County",1,64,128,48,80
050,49,025,"Utah","Kane County",1,65,127,59,68
050,49,025,"Utah","Kane County",1,66,128,61,67
050,49,025,"Utah","Kane County",1,67,130,61,69
050,49,025,"Utah","Kane County",1,68,109,53,56
050,49,025,"Utah","Kane County",1,69,97,53,44
050,49,025,"Utah","Kane County",1,70,104,54,50
050,49,025,"Utah","Kane County",1,71,119,59,60
050,49,025,"Utah","Kane County",1,72,111,53,58
050,49,025,"Utah","Kane County",1,73,108,56,52
050,49,025,"Utah","Kane County",1,74,78,39,39
050,49,025,"Utah","Kane County",1,75,85,42,43
050,49,025,"Utah","Kane County",1,76,90,41,49
050,49,025,"Utah","Kane County",1,77,75,44,31
050,49,025,"Utah","Kane County",1,78,68,40,28
050,49,025,"Utah","Kane County",1,79,60,28,32
050,49,025,"Utah","Kane County",1,80,47,25,22
050,49,025,"Utah","Kane County",1,81,41,23,18
050,49,025,"Utah","Kane County",1,82,38,21,17
050,49,025,"Utah","Kane County",1,83,32,21,11
050,49,025,"Utah","Kane County",1,84,37,20,17
050,49,025,"Utah","Kane County",1,85,113,46,67
050,49,025,"Utah","Kane County",2,0,90,49,41
050,49,025,"Utah","Kane County",2,1,76,42,34
050,49,025,"Utah","Kane County",2,2,83,41,42
050,49,025,"Utah","Kane County",2,3,90,47,43
050,49,025,"Utah","Kane County",2,4,94,51,43
050,49,025,"Utah","Kane County",2,5,88,49,39
050,49,025,"Utah","Kane County",2,6,97,50,47
050,49,025,"Utah","Kane County",2,7,91,48,43
050,49,025,"Utah","Kane County",2,8,89,43,46
050,49,025,"Utah","Kane County",2,9,103,52,51
050,49,025,"Utah","Kane County",2,10,111,54,57
050,49,025,"Utah","Kane County",2,11,111,53,58
050,49,025,"Utah","Kane County",2,12,113,54,59
050,49,025,"Utah","Kane County",2,13,113,57,56
050,49,025,"Utah","Kane County",2,14,118,62,56
050,49,025,"Utah","Kane County",2,15,121,64,57
050,49,025,"Utah","Kane County",2,16,102,54,48
050,49,025,"Utah","Kane County",2,17,104,52,52
050,49,025,"Utah","Kane County",2,18,93,45,48
050,49,025,"Utah","Kane County",2,19,68,39,29
050,49,025,"Utah","Kane County",2,20,65,39,26
050,49,025,"Utah","Kane County",2,21,65,39,26
050,49,025,"Utah","Kane County",2,22,74,43,31
050,49,025,"Utah","Kane County",2,23,70,38,32
050,49,025,"Utah","Kane County",2,24,62,29,33
050,49,025,"Utah","Kane County",2,25,70,34,36
050,49,025,"Utah","Kane County",2,26,66,32,34
050,49,025,"Utah","Kane County",2,27,87,48,39
050,49,025,"Utah","Kane County",2,28,84,40,44
050,49,025,"Utah","Kane County",2,29,76,38,38
050,49,025,"Utah","Kane County",2,30,69,37,32
050,49,025,"Utah","Kane County",2,31,77,44,33
050,49,025,"Utah","Kane County",2,32,75,38,37
050,49,025,"Utah","Kane County",2,33,99,55,44
050,49,025,"Utah","Kane County",2,34,90,45,45
050,49,025,"Utah","Kane County",2,35,91,43,48
050,49,025,"Utah","Kane County",2,36,102,46,56
050,49,025,"Utah","Kane County",2,37,112,60,52
050,49,025,"Utah","Kane County",2,38,84,39,45
050,49,025,"Utah","Kane County",2,39,84,38,46
050,49,025,"Utah","Kane County",2,40,102,49,53
050,49,025,"Utah","Kane County",2,41,94,47,47
050,49,025,"Utah","Kane County",2,42,85,48,37
050,49,025,"Utah","Kane County",2,43,88,53,35
050,49,025,"Utah","Kane County",2,44,82,46,36
050,49,025,"Utah","Kane County",2,45,81,48,33
050,49,025,"Utah","Kane County",2,46,77,43,34
050,49,025,"Utah","Kane County",2,47,71,31,40
050,49,025,"Utah","Kane County",2,48,76,33,43
050,49,025,"Utah","Kane County",2,49,74,34,40
050,49,025,"Utah","Kane County",2,50,73,39,34
050,49,025,"Utah","Kane County",2,51,81,46,35
050,49,025,"Utah","Kane County",2,52,70,32,38
050,49,025,"Utah","Kane County",2,53,82,34,48
050,49,025,"Utah","Kane County",2,54,101,52,49
050,49,025,"Utah","Kane County",2,55,98,42,56
050,49,025,"Utah","Kane County",2,56,88,43,45
050,49,025,"Utah","Kane County",2,57,91,47,44
050,49,025,"Utah","Kane County",2,58,101,49,52
050,49,025,"Utah","Kane County",2,59,101,48,53
050,49,025,"Utah","Kane County",2,60,112,61,51
050,49,025,"Utah","Kane County",2,61,107,49,58
050,49,025,"Utah","Kane County",2,62,128,61,67
050,49,025,"Utah","Kane County",2,63,125,57,68
050,49,025,"Utah","Kane County",2,64,127,51,76
050,49,025,"Utah","Kane County",2,65,128,57,71
050,49,025,"Utah","Kane County",2,66,128,61,67
050,49,025,"Utah","Kane County",2,67,130,61,69
050,49,025,"Utah","Kane County",2,68,113,55,58
050,49,025,"Utah","Kane County",2,69,102,54,48
050,49,025,"Utah","Kane County",2,70,103,54,49
050,49,025,"Utah","Kane County",2,71,114,57,57
050,49,025,"Utah","Kane County",2,72,112,54,58
050,49,025,"Utah","Kane County",2,73,117,61,56
050,49,025,"Utah","Kane County",2,74,80,41,39
050,49,025,"Utah","Kane County",2,75,84,42,42
050,49,025,"Utah","Kane County",2,76,87,40,47
050,49,025,"Utah","Kane County",2,77,79,44,35
050,49,025,"Utah","Kane County",2,78,67,39,28
050,49,025,"Utah","Kane County",2,79,60,31,29
050,49,025,"Utah","Kane County",2,80,50,26,24
050,49,025,"Utah","Kane County",2,81,42,24,18
050,49,025,"Utah","Kane County",2,82,38,21,17
050,49,025,"Utah","Kane County",2,83,34,21,13
050,49,025,"Utah","Kane County",2,84,36,20,16
050,49,025,"Utah","Kane County",2,85,117,49,68
050,49,025,"Utah","Kane County",3,0,84,41,43
050,49,025,"Utah","Kane County",3,1,95,45,50
050,49,025,"Utah","Kane County",3,2,92,50,42
050,49,025,"Utah","Kane County",3,3,87,44,43
050,49,025,"Utah","Kane County",3,4,105,56,49
050,49,025,"Utah","Kane County",3,5,108,59,49
050,49,025,"Utah","Kane County",3,6,96,56,40
050,49,025,"Utah","Kane County",3,7,107,51,56
050,49,025,"Utah","Kane County",3,8,94,49,45
050,49,025,"Utah","Kane County",3,9,95,45,50
050,49,025,"Utah","Kane County",3,10,109,57,52
050,49,025,"Utah","Kane County",3,11,113,54,59
050,49,025,"Utah","Kane County",3,12,114,53,61
050,49,025,"Utah","Kane County",3,13,125,59,66
050,49,025,"Utah","Kane County",3,14,115,60,55
050,49,025,"Utah","Kane County",3,15,115,60,55
050,49,025,"Utah","Kane County",3,16,120,65,55
050,49,025,"Utah","Kane County",3,17,108,56,52
050,49,025,"Utah","Kane County",3,18,97,46,51
050,49,025,"Utah","Kane County",3,19,69,41,28
050,49,025,"Utah","Kane County",3,20,69,41,28
050,49,025,"Utah","Kane County",3,21,69,41,28
050,49,025,"Utah","Kane County",3,22,79,47,32
050,49,025,"Utah","Kane County",3,23,68,42,26
050,49,025,"Utah","Kane County",3,24,63,33,30
050,49,025,"Utah","Kane County",3,25,62,33,29
050,49,025,"Utah","Kane County",3,26,70,24,46
050,49,025,"Utah","Kane County",3,27,84,46,38
050,49,025,"Utah","Kane County",3,28,91,49,42
050,49,025,"Utah","Kane County",3,29,94,47,47
050,49,025,"Utah","Kane County",3,30,75,36,39
050,49,025,"Utah","Kane County",3,31,88,50,38
050,49,025,"Utah","Kane County",3,32,74,39,35
050,49,025,"Utah","Kane County",3,33,105,65,40
050,49,025,"Utah","Kane County",3,34,91,46,45
050,49,025,"Utah","Kane County",3,35,81,39,42
050,49,025,"Utah","Kane County",3,36,88,43,45
050,49,025,"Utah","Kane County",3,37,114,60,54
050,49,025,"Utah","Kane County",3,38,94,41,53
050,49,025,"Utah","Kane County",3,39,101,50,51
050,49,025,"Utah","Kane County",3,40,97,46,51
050,49,025,"Utah","Kane County",3,41,108,46,62
050,49,025,"Utah","Kane County",3,42,97,47,50
050,49,025,"Utah","Kane County",3,43,90,54,36
050,49,025,"Utah","Kane County",3,44,100,62,38
050,49,025,"Utah","Kane County",3,45,96,60,36
050,49,025,"Utah","Kane County",3,46,84,49,35
050,49,025,"Utah","Kane County",3,47,65,32,33
050,49,025,"Utah","Kane County",3,48,76,34,42
050,49,025,"Utah","Kane County",3,49,83,36,47
050,49,025,"Utah","Kane County",3,50,75,32,43
050,49,025,"Utah","Kane County",3,51,76,45,31
050,49,025,"Utah","Kane County",3,52,74,38,36
050,49,025,"Utah","Kane County",3,53,71,34,37
050,49,025,"Utah","Kane County",3,54,89,41,48
050,49,025,"Utah","Kane County",3,55,96,40,56
050,49,025,"Utah","Kane County",3,56,92,41,51
050,49,025,"Utah","Kane County",3,57,97,47,50
050,49,025,"Utah","Kane County",3,58,97,49,48
050,49,025,"Utah","Kane County",3,59,120,55,65
050,49,025,"Utah","Kane County",3,60,123,65,58
050,49,025,"Utah","Kane County",3,61,98,45,53
050,49,025,"Utah","Kane County",3,62,119,60,59
050,49,025,"Utah","Kane County",3,63,132,58,74
050,49,025,"Utah","Kane County",3,64,129,61,68
050,49,025,"Utah","Kane County",3,65,130,58,72
050,49,025,"Utah","Kane County",3,66,130,60,70
050,49,025,"Utah","Kane County",3,67,133,66,67
050,49,025,"Utah","Kane County",3,68,131,61,70
050,49,025,"Utah","Kane County",3,69,121,61,60
050,49,025,"Utah","Kane County",3,70,105,53,52
050,49,025,"Utah","Kane County",3,71,101,52,49
050,49,025,"Utah","Kane County",3,72,110,56,54
050,49,025,"Utah","Kane County",3,73,109,49,60
050,49,025,"Utah","Kane County",3,74,118,59,59
050,49,025,"Utah","Kane County",3,75,75,38,37
050,49,025,"Utah","Kane County",3,76,84,41,43
050,49,025,"Utah","Kane County",3,77,85,40,45
050,49,025,"Utah","Kane County",3,78,72,40,32
050,49,025,"Utah","Kane County",3,79,61,34,27
050,49,025,"Utah","Kane County",3,80,54,28,26
050,49,025,"Utah","Kane County",3,81,47,25,22
050,49,025,"Utah","Kane County",3,82,37,22,15
050,49,025,"Utah","Kane County",3,83,39,22,17
050,49,025,"Utah","Kane County",3,84,30,18,12
050,49,025,"Utah","Kane County",3,85,121,55,66
050,49,025,"Utah","Kane County",4,0,95,40,55
050,49,025,"Utah","Kane County",4,1,82,38,44
050,49,025,"Utah","Kane County",4,2,96,49,47
050,49,025,"Utah","Kane County",4,3,98,53,45
050,49,025,"Utah","Kane County",4,4,90,43,47
050,49,025,"Utah","Kane County",4,5,101,53,48
050,49,025,"Utah","Kane County",4,6,114,61,53
050,49,025,"Utah","Kane County",4,7,89,53,36
050,49,025,"Utah","Kane County",4,8,107,51,56
050,49,025,"Utah","Kane County",4,9,90,47,43
050,49,025,"Utah","Kane County",4,10,102,51,51
050,49,025,"Utah","Kane County",4,11,114,60,54
050,49,025,"Utah","Kane County",4,12,118,58,60
050,49,025,"Utah","Kane County",4,13,120,55,65
050,49,025,"Utah","Kane County",4,14,125,62,63
050,49,025,"Utah","Kane County",4,15,125,66,59
050,49,025,"Utah","Kane County",4,16,119,60,59
050,49,025,"Utah","Kane County",4,17,124,63,61
050,49,025,"Utah","Kane County",4,18,101,49,52
050,49,025,"Utah","Kane County",4,19,74,41,33
050,49,025,"Utah","Kane County",4,20,69,37,32
050,49,025,"Utah","Kane County",4,21,72,40,32
050,49,025,"Utah","Kane County",4,22,81,52,29
050,49,025,"Utah","Kane County",4,23,93,52,41
050,49,025,"Utah","Kane County",4,24,62,37,25
050,49,025,"Utah","Kane County",4,25,74,40,34
050,49,025,"Utah","Kane County",4,26,57,27,30
050,49,025,"Utah","Kane County",4,27,84,43,41
050,49,025,"Utah","Kane County",4,28,76,38,38
050,49,025,"Utah","Kane County",4,29,93,50,43
050,49,025,"Utah","Kane County",4,30,83,39,44
050,49,025,"Utah","Kane County",4,31,93,49,44
050,49,025,"Utah","Kane County",4,32,92,46,46
050,49,025,"Utah","Kane County",4,33,93,57,36
050,49,025,"Utah","Kane County",4,34,101,57,44
050,49,025,"Utah","Kane County",4,35,94,44,50
050,49,025,"Utah","Kane County",4,36,88,46,42
050,49,025,"Utah","Kane County",4,37,103,59,44
050,49,025,"Utah","Kane County",4,38,101,45,56
050,49,025,"Utah","Kane County",4,39,87,37,50
050,49,025,"Utah","Kane County",4,40,106,50,56
050,49,025,"Utah","Kane County",4,41,105,51,54
050,49,025,"Utah","Kane County",4,42,110,48,62
050,49,025,"Utah","Kane County",4,43,95,42,53
050,49,025,"Utah","Kane County",4,44,92,55,37
050,49,025,"Utah","Kane County",4,45,113,73,40
050,49,025,"Utah","Kane County",4,46,100,63,37
050,49,025,"Utah","Kane County",4,47,76,39,37
050,49,025,"Utah","Kane County",4,48,68,36,32
050,49,025,"Utah","Kane County",4,49,84,38,46
050,49,025,"Utah","Kane County",4,50,88,36,52
050,49,025,"Utah","Kane County",4,51,94,49,45
050,49,025,"Utah","Kane County",4,52,69,35,34
050,49,025,"Utah","Kane County",4,53,80,39,41
050,49,025,"Utah","Kane County",4,54,81,45,36
050,49,025,"Utah","Kane County",4,55,90,32,58
050,49,025,"Utah","Kane County",4,56,88,39,49
050,49,025,"Utah","Kane County",4,57,105,47,58
050,49,025,"Utah","Kane County",4,58,114,56,58
050,49,025,"Utah","Kane County",4,59,102,51,51
050,49,025,"Utah","Kane County",4,60,136,73,63
050,49,025,"Utah","Kane County",4,61,111,55,56
050,49,025,"Utah","Kane County",4,62,123,61,62
050,49,025,"Utah","Kane County",4,63,118,55,63
050,49,025,"Utah","Kane County",4,64,140,66,74
050,49,025,"Utah","Kane County",4,65,124,58,66
050,49,025,"Utah","Kane County",4,66,135,63,72
050,49,025,"Utah","Kane County",4,67,131,55,76
050,49,025,"Utah","Kane County",4,68,126,62,64
050,49,025,"Utah","Kane County",4,69,132,64,68
050,49,025,"Utah","Kane County",4,70,117,60,57
050,49,025,"Utah","Kane County",4,71,107,53,54
050,49,025,"Utah","Kane County",4,72,99,51,48
050,49,025,"Utah","Kane County",4,73,102,53,49
050,49,025,"Utah","Kane County",4,74,104,46,58
050,49,025,"Utah","Kane County",4,75,110,55,55
050,49,025,"Utah","Kane County",4,76,70,34,36
050,49,025,"Utah","Kane County",4,77,75,39,36
050,49,025,"Utah","Kane County",4,78,83,37,46
050,49,025,"Utah","Kane County",4,79,68,37,31
050,49,025,"Utah","Kane County",4,80,59,36,23
050,49,025,"Utah","Kane County",4,81,55,27,28
050,49,025,"Utah","Kane County",4,82,45,23,22
050,49,025,"Utah","Kane County",4,83,34,18,16
050,49,025,"Utah","Kane County",4,84,36,22,14
050,49,025,"Utah","Kane County",4,85,123,61,62
050,49,025,"Utah","Kane County",5,0,93,39,54
050,49,025,"Utah","Kane County",5,1,91,31,60
050,49,025,"Utah","Kane County",5,2,93,44,49
050,49,025,"Utah","Kane County",5,3,93,43,50
050,49,025,"Utah","Kane County",5,4,101,58,43
050,49,025,"Utah","Kane County",5,5,99,45,54
050,49,025,"Utah","Kane County",5,6,102,52,50
050,49,025,"Utah","Kane County",5,7,112,56,56
050,49,025,"Utah","Kane County",5,8,99,58,41
050,49,025,"Utah","Kane County",5,9,114,53,61
050,49,025,"Utah","Kane County",5,10,102,56,46
050,49,025,"Utah","Kane County",5,11,105,51,54
050,49,025,"Utah","Kane County",5,12,115,60,55
050,49,025,"Utah","Kane County",5,13,120,59,61
050,49,025,"Utah","Kane County",5,14,123,59,64
050,49,025,"Utah","Kane County",5,15,129,65,64
050,49,025,"Utah","Kane County",5,16,125,65,60
050,49,025,"Utah","Kane County",5,17,128,63,65
050,49,025,"Utah","Kane County",5,18,111,54,57
050,49,025,"Utah","Kane County",5,19,67,37,30
050,49,025,"Utah","Kane County",5,20,69,37,32
050,49,025,"Utah","Kane County",5,21,71,37,34
050,49,025,"Utah","Kane County",5,22,76,41,35
050,49,025,"Utah","Kane County",5,23,93,57,36
050,49,025,"Utah","Kane County",5,24,95,47,48
050,49,025,"Utah","Kane County",5,25,80,51,29
050,49,025,"Utah","Kane County",5,26,74,40,34
050,49,025,"Utah","Kane County",5,27,77,42,35
050,49,025,"Utah","Kane County",5,28,86,47,39
050,49,025,"Utah","Kane County",5,29,82,39,43
050,49,025,"Utah","Kane County",5,30,94,43,51
050,49,025,"Utah","Kane County",5,31,105,58,47
050,49,025,"Utah","Kane County",5,32,73,33,40
050,49,025,"Utah","Kane County",5,33,130,77,53
050,49,025,"Utah","Kane County",5,34,80,47,33
050,49,025,"Utah","Kane County",5,35,96,50,46
050,49,025,"Utah","Kane County",5,36,87,40,47
050,49,025,"Utah","Kane County",5,37,109,62,47
050,49,025,"Utah","Kane County",5,38,99,50,49
050,49,025,"Utah","Kane County",5,39,101,44,57
050,49,025,"Utah","Kane County",5,40,96,40,56
050,49,025,"Utah","Kane County",5,41,106,46,60
050,49,025,"Utah","Kane County",5,42,107,52,55
050,49,025,"Utah","Kane County",5,43,107,50,57
050,49,025,"Utah","Kane County",5,44,110,52,58
050,49,025,"Utah","Kane County",5,45,109,63,46
050,49,025,"Utah","Kane County",5,46,115,74,41
050,49,025,"Utah","Kane County",5,47,91,53,38
050,49,025,"Utah","Kane County",5,48,75,38,37
050,49,025,"Utah","Kane County",5,49,64,36,28
050,49,025,"Utah","Kane County",5,50,84,35,49
050,49,025,"Utah","Kane County",5,51,103,46,57
050,49,025,"Utah","Kane County",5,52,88,43,45
050,49,025,"Utah","Kane County",5,53,73,37,36
050,49,025,"Utah","Kane County",5,54,94,49,45
050,49,025,"Utah","Kane County",5,55,85,35,50
050,49,025,"Utah","Kane County",5,56,88,34,54
050,49,025,"Utah","Kane County",5,57,83,38,45
050,49,025,"Utah","Kane County",5,58,108,47,61
050,49,025,"Utah","Kane County",5,59,121,60,61
050,49,025,"Utah","Kane County",5,60,116,64,52
050,49,025,"Utah","Kane County",5,61,110,48,62
050,49,025,"Utah","Kane County",5,62,120,62,58
050,49,025,"Utah","Kane County",5,63,117,52,65
050,49,025,"Utah","Kane County",5,64,125,61,64
050,49,025,"Utah","Kane County",5,65,144,67,77
050,49,025,"Utah","Kane County",5,66,129,61,68
050,49,025,"Utah","Kane County",5,67,130,62,68
050,49,025,"Utah","Kane County",5,68,125,54,71
050,49,025,"Utah","Kane County",5,69,129,63,66
050,49,025,"Utah","Kane County",5,70,133,64,69
050,49,025,"Utah","Kane County",5,71,113,55,58
050,49,025,"Utah","Kane County",5,72,103,50,53
050,49,025,"Utah","Kane County",5,73,97,50,47
050,49,025,"Utah","Kane County",5,74,101,52,49
050,49,025,"Utah","Kane County",5,75,107,49,58
050,49,025,"Utah","Kane County",5,76,109,53,56
050,49,025,"Utah","Kane County",5,77,68,33,35
050,49,025,"Utah","Kane County",5,78,73,36,37
050,49,025,"Utah","Kane County",5,79,77,33,44
050,49,025,"Utah","Kane County",5,80,68,39,29
050,49,025,"Utah","Kane County",5,81,62,37,25
050,49,025,"Utah","Kane County",5,82,54,27,27
050,49,025,"Utah","Kane County",5,83,45,21,24
050,49,025,"Utah","Kane County",5,84,33,19,14
050,49,025,"Utah","Kane County",5,85,131,72,59
050,49,027,"Utah","Millard County",1,0,177,90,87
050,49,027,"Utah","Millard County",1,1,185,94,91
050,49,027,"Utah","Millard County",1,2,198,112,86
050,49,027,"Utah","Millard County",1,3,214,105,109
050,49,027,"Utah","Millard County",1,4,228,131,97
050,49,027,"Utah","Millard County",1,5,212,120,92
050,49,027,"Utah","Millard County",1,6,216,117,99
050,49,027,"Utah","Millard County",1,7,216,106,110
050,49,027,"Utah","Millard County",1,8,205,100,105
050,49,027,"Utah","Millard County",1,9,220,116,104
050,49,027,"Utah","Millard County",1,10,264,141,123
050,49,027,"Utah","Millard County",1,11,266,143,123
050,49,027,"Utah","Millard County",1,12,262,144,118
050,49,027,"Utah","Millard County",1,13,253,128,125
050,49,027,"Utah","Millard County",1,14,245,126,119
050,49,027,"Utah","Millard County",1,15,267,133,134
050,49,027,"Utah","Millard County",1,16,261,139,122
050,49,027,"Utah","Millard County",1,17,230,117,113
050,49,027,"Utah","Millard County",1,18,194,97,97
050,49,027,"Utah","Millard County",1,19,150,86,64
050,49,027,"Utah","Millard County",1,20,157,89,68
050,49,027,"Utah","Millard County",1,21,144,73,71
050,49,027,"Utah","Millard County",1,22,142,70,72
050,49,027,"Utah","Millard County",1,23,134,80,54
050,49,027,"Utah","Millard County",1,24,135,76,59
050,49,027,"Utah","Millard County",1,25,133,69,64
050,49,027,"Utah","Millard County",1,26,126,63,63
050,49,027,"Utah","Millard County",1,27,139,61,78
050,49,027,"Utah","Millard County",1,28,129,59,70
050,49,027,"Utah","Millard County",1,29,127,57,70
050,49,027,"Utah","Millard County",1,30,121,57,64
050,49,027,"Utah","Millard County",1,31,132,74,58
050,49,027,"Utah","Millard County",1,32,132,64,68
050,49,027,"Utah","Millard County",1,33,130,56,74
050,49,027,"Utah","Millard County",1,34,140,68,72
050,49,027,"Utah","Millard County",1,35,165,78,87
050,49,027,"Utah","Millard County",1,36,160,82,78
050,49,027,"Utah","Millard County",1,37,175,101,74
050,49,027,"Utah","Millard County",1,38,170,95,75
050,49,027,"Utah","Millard County",1,39,164,97,67
050,49,027,"Utah","Millard County",1,40,155,83,72
050,49,027,"Utah","Millard County",1,41,162,88,74
050,49,027,"Utah","Millard County",1,42,159,82,77
050,49,027,"Utah","Millard County",1,43,147,75,72
050,49,027,"Utah","Millard County",1,44,125,63,62
050,49,027,"Utah","Millard County",1,45,121,66,55
050,49,027,"Utah","Millard County",1,46,132,71,61
050,49,027,"Utah","Millard County",1,47,142,73,69
050,49,027,"Utah","Millard County",1,48,125,62,63
050,49,027,"Utah","Millard County",1,49,132,66,66
050,49,027,"Utah","Millard County",1,50,116,60,56
050,49,027,"Utah","Millard County",1,51,120,61,59
050,49,027,"Utah","Millard County",1,52,107,56,51
050,49,027,"Utah","Millard County",1,53,122,58,64
050,49,027,"Utah","Millard County",1,54,122,61,61
050,49,027,"Utah","Millard County",1,55,124,67,57
050,49,027,"Utah","Millard County",1,56,135,68,67
050,49,027,"Utah","Millard County",1,57,132,62,70
050,49,027,"Utah","Millard County",1,58,138,65,73
050,49,027,"Utah","Millard County",1,59,144,70,74
050,49,027,"Utah","Millard County",1,60,136,65,71
050,49,027,"Utah","Millard County",1,61,164,81,83
050,49,027,"Utah","Millard County",1,62,180,97,83
050,49,027,"Utah","Millard County",1,63,161,88,73
050,49,027,"Utah","Millard County",1,64,148,84,64
050,49,027,"Utah","Millard County",1,65,141,69,72
050,49,027,"Utah","Millard County",1,66,167,79,88
050,49,027,"Utah","Millard County",1,67,148,74,74
050,49,027,"Utah","Millard County",1,68,126,60,66
050,49,027,"Utah","Millard County",1,69,118,54,64
050,49,027,"Utah","Millard County",1,70,130,71,59
050,49,027,"Utah","Millard County",1,71,126,71,55
050,49,027,"Utah","Millard County",1,72,132,71,61
050,49,027,"Utah","Millard County",1,73,110,56,54
050,49,027,"Utah","Millard County",1,74,86,41,45
050,49,027,"Utah","Millard County",1,75,87,41,46
050,49,027,"Utah","Millard County",1,76,96,46,50
050,49,027,"Utah","Millard County",1,77,92,46,46
050,49,027,"Utah","Millard County",1,78,77,42,35
050,49,027,"Utah","Millard County",1,79,66,35,31
050,49,027,"Utah","Millard County",1,80,67,35,32
050,49,027,"Utah","Millard County",1,81,49,26,23
050,49,027,"Utah","Millard County",1,82,55,26,29
050,49,027,"Utah","Millard County",1,83,41,19,22
050,49,027,"Utah","Millard County",1,84,36,17,19
050,49,027,"Utah","Millard County",1,85,268,120,148
050,49,027,"Utah","Millard County",2,0,192,107,85
050,49,027,"Utah","Millard County",2,1,184,95,89
050,49,027,"Utah","Millard County",2,2,197,109,88
050,49,027,"Utah","Millard County",2,3,213,109,104
050,49,027,"Utah","Millard County",2,4,227,127,100
050,49,027,"Utah","Millard County",2,5,218,123,95
050,49,027,"Utah","Millard County",2,6,217,119,98
050,49,027,"Utah","Millard County",2,7,215,108,107
050,49,027,"Utah","Millard County",2,8,207,101,106
050,49,027,"Utah","Millard County",2,9,217,113,104
050,49,027,"Utah","Millard County",2,10,256,136,120
050,49,027,"Utah","Millard County",2,11,269,146,123
050,49,027,"Utah","Millard County",2,12,264,144,120
050,49,027,"Utah","Millard County",2,13,255,132,123
050,49,027,"Utah","Millard County",2,14,246,126,120
050,49,027,"Utah","Millard County",2,15,263,133,130
050,49,027,"Utah","Millard County",2,16,264,140,124
050,49,027,"Utah","Millard County",2,17,237,122,115
050,49,027,"Utah","Millard County",2,18,192,96,96
050,49,027,"Utah","Millard County",2,19,152,85,67
050,49,027,"Utah","Millard County",2,20,160,91,69
050,49,027,"Utah","Millard County",2,21,145,74,71
050,49,027,"Utah","Millard County",2,22,144,72,72
050,49,027,"Utah","Millard County",2,23,137,78,59
050,49,027,"Utah","Millard County",2,24,135,76,59
050,49,027,"Utah","Millard County",2,25,131,69,62
050,49,027,"Utah","Millard County",2,26,130,64,66
050,49,027,"Utah","Millard County",2,27,136,62,74
050,49,027,"Utah","Millard County",2,28,133,60,73
050,49,027,"Utah","Millard County",2,29,129,59,70
050,49,027,"Utah","Millard County",2,30,127,59,68
050,49,027,"Utah","Millard County",2,31,132,72,60
050,49,027,"Utah","Millard County",2,32,133,67,66
050,49,027,"Utah","Millard County",2,33,132,58,74
050,49,027,"Utah","Millard County",2,34,141,67,74
050,49,027,"Utah","Millard County",2,35,162,77,85
050,49,027,"Utah","Millard County",2,36,161,82,79
050,49,027,"Utah","Millard County",2,37,173,98,75
050,49,027,"Utah","Millard County",2,38,173,98,75
050,49,027,"Utah","Millard County",2,39,166,98,68
050,49,027,"Utah","Millard County",2,40,159,87,72
050,49,027,"Utah","Millard County",2,41,157,84,73
050,49,027,"Utah","Millard County",2,42,158,82,76
050,49,027,"Utah","Millard County",2,43,152,77,75
050,49,027,"Utah","Millard County",2,44,131,66,65
050,49,027,"Utah","Millard County",2,45,125,66,59
050,49,027,"Utah","Millard County",2,46,131,71,60
050,49,027,"Utah","Millard County",2,47,141,73,68
050,49,027,"Utah","Millard County",2,48,130,65,65
050,49,027,"Utah","Millard County",2,49,136,69,67
050,49,027,"Utah","Millard County",2,50,119,61,58
050,49,027,"Utah","Millard County",2,51,120,61,59
050,49,027,"Utah","Millard County",2,52,109,57,52
050,49,027,"Utah","Millard County",2,53,117,57,60
050,49,027,"Utah","Millard County",2,54,122,59,63
050,49,027,"Utah","Millard County",2,55,124,66,58
050,49,027,"Utah","Millard County",2,56,132,67,65
050,49,027,"Utah","Millard County",2,57,131,64,67
050,49,027,"Utah","Millard County",2,58,137,65,72
050,49,027,"Utah","Millard County",2,59,144,69,75
050,49,027,"Utah","Millard County",2,60,137,66,71
050,49,027,"Utah","Millard County",2,61,159,78,81
050,49,027,"Utah","Millard County",2,62,176,93,83
050,49,027,"Utah","Millard County",2,63,167,91,76
050,49,027,"Utah","Millard County",2,64,150,84,66
050,49,027,"Utah","Millard County",2,65,142,72,70
050,49,027,"Utah","Millard County",2,66,160,76,84
050,49,027,"Utah","Millard County",2,67,153,76,77
050,49,027,"Utah","Millard County",2,68,131,62,69
050,49,027,"Utah","Millard County",2,69,122,56,66
050,49,027,"Utah","Millard County",2,70,126,66,60
050,49,027,"Utah","Millard County",2,71,127,71,56
050,49,027,"Utah","Millard County",2,72,130,71,59
050,49,027,"Utah","Millard County",2,73,119,62,57
050,49,027,"Utah","Millard County",2,74,85,41,44
050,49,027,"Utah","Millard County",2,75,87,40,47
050,49,027,"Utah","Millard County",2,76,92,44,48
050,49,027,"Utah","Millard County",2,77,95,47,48
050,49,027,"Utah","Millard County",2,78,78,42,36
050,49,027,"Utah","Millard County",2,79,68,36,32
050,49,027,"Utah","Millard County",2,80,67,34,33
050,49,027,"Utah","Millard County",2,81,52,28,24
050,49,027,"Utah","Millard County",2,82,55,27,28
050,49,027,"Utah","Millard County",2,83,44,20,24
050,49,027,"Utah","Millard County",2,84,36,17,19
050,49,027,"Utah","Millard County",2,85,262,118,144
050,49,027,"Utah","Millard County",3,0,187,93,94
050,49,027,"Utah","Millard County",3,1,208,120,88
050,49,027,"Utah","Millard County",3,2,178,95,83
050,49,027,"Utah","Millard County",3,3,204,117,87
050,49,027,"Utah","Millard County",3,4,217,109,108
050,49,027,"Utah","Millard County",3,5,227,128,99
050,49,027,"Utah","Millard County",3,6,224,127,97
050,49,027,"Utah","Millard County",3,7,217,120,97
050,49,027,"Utah","Millard County",3,8,231,117,114
050,49,027,"Utah","Millard County",3,9,223,116,107
050,49,027,"Utah","Millard County",3,10,220,111,109
050,49,027,"Utah","Millard County",3,11,262,141,121
050,49,027,"Utah","Millard County",3,12,264,145,119
050,49,027,"Utah","Millard County",3,13,275,150,125
050,49,027,"Utah","Millard County",3,14,255,137,118
050,49,027,"Utah","Millard County",3,15,251,129,122
050,49,027,"Utah","Millard County",3,16,268,137,131
050,49,027,"Utah","Millard County",3,17,268,140,128
050,49,027,"Utah","Millard County",3,18,201,105,96
050,49,027,"Utah","Millard County",3,19,145,75,70
050,49,027,"Utah","Millard County",3,20,153,82,71
050,49,027,"Utah","Millard County",3,21,150,86,64
050,49,027,"Utah","Millard County",3,22,139,69,70
050,49,027,"Utah","Millard County",3,23,143,72,71
050,49,027,"Utah","Millard County",3,24,130,73,57
050,49,027,"Utah","Millard County",3,25,132,67,65
050,49,027,"Utah","Millard County",3,26,134,73,61
050,49,027,"Utah","Millard County",3,27,137,69,68
050,49,027,"Utah","Millard County",3,28,126,54,72
050,49,027,"Utah","Millard County",3,29,139,64,75
050,49,027,"Utah","Millard County",3,30,128,58,70
050,49,027,"Utah","Millard County",3,31,133,61,72
050,49,027,"Utah","Millard County",3,32,145,78,67
050,49,027,"Utah","Millard County",3,33,135,66,69
050,49,027,"Utah","Millard County",3,34,138,64,74
050,49,027,"Utah","Millard County",3,35,135,69,66
050,49,027,"Utah","Millard County",3,36,163,77,86
050,49,027,"Utah","Millard County",3,37,165,82,83
050,49,027,"Utah","Millard County",3,38,171,96,75
050,49,027,"Utah","Millard County",3,39,182,103,79
050,49,027,"Utah","Millard County",3,40,171,99,72
050,49,027,"Utah","Millard County",3,41,159,86,73
050,49,027,"Utah","Millard County",3,42,163,88,75
050,49,027,"Utah","Millard County",3,43,164,86,78
050,49,027,"Utah","Millard County",3,44,159,81,78
050,49,027,"Utah","Millard County",3,45,127,63,64
050,49,027,"Utah","Millard County",3,46,126,66,60
050,49,027,"Utah","Millard County",3,47,126,67,59
050,49,027,"Utah","Millard County",3,48,150,78,72
050,49,027,"Utah","Millard County",3,49,139,75,64
050,49,027,"Utah","Millard County",3,50,134,63,71
050,49,027,"Utah","Millard County",3,51,120,61,59
050,49,027,"Utah","Millard County",3,52,126,66,60
050,49,027,"Utah","Millard County",3,53,111,61,50
050,49,027,"Utah","Millard County",3,54,118,57,61
050,49,027,"Utah","Millard County",3,55,117,56,61
050,49,027,"Utah","Millard County",3,56,124,71,53
050,49,027,"Utah","Millard County",3,57,130,66,64
050,49,027,"Utah","Millard County",3,58,135,67,68
050,49,027,"Utah","Millard County",3,59,136,64,72
050,49,027,"Utah","Millard County",3,60,147,71,76
050,49,027,"Utah","Millard County",3,61,136,66,70
050,49,027,"Utah","Millard County",3,62,159,79,80
050,49,027,"Utah","Millard County",3,63,179,92,87
050,49,027,"Utah","Millard County",3,64,172,92,80
050,49,027,"Utah","Millard County",3,65,154,87,67
050,49,027,"Utah","Millard County",3,66,136,70,66
050,49,027,"Utah","Millard County",3,67,160,76,84
050,49,027,"Utah","Millard County",3,68,157,76,81
050,49,027,"Utah","Millard County",3,69,131,62,69
050,49,027,"Utah","Millard County",3,70,119,53,66
050,49,027,"Utah","Millard County",3,71,121,61,60
050,49,027,"Utah","Millard County",3,72,128,72,56
050,49,027,"Utah","Millard County",3,73,122,67,55
050,49,027,"Utah","Millard County",3,74,110,56,54
050,49,027,"Utah","Millard County",3,75,84,42,42
050,49,027,"Utah","Millard County",3,76,85,38,47
050,49,027,"Utah","Millard County",3,77,87,40,47
050,49,027,"Utah","Millard County",3,78,90,43,47
050,49,027,"Utah","Millard County",3,79,77,42,35
050,49,027,"Utah","Millard County",3,80,63,35,28
050,49,027,"Utah","Millard County",3,81,61,31,30
050,49,027,"Utah","Millard County",3,82,46,24,22
050,49,027,"Utah","Millard County",3,83,54,23,31
050,49,027,"Utah","Millard County",3,84,38,18,20
050,49,027,"Utah","Millard County",3,85,238,108,130
050,49,027,"Utah","Millard County",4,0,182,96,86
050,49,027,"Utah","Millard County",4,1,188,93,95
050,49,027,"Utah","Millard County",4,2,208,121,87
050,49,027,"Utah","Millard County",4,3,181,94,87
050,49,027,"Utah","Millard County",4,4,211,123,88
050,49,027,"Utah","Millard County",4,5,221,114,107
050,49,027,"Utah","Millard County",4,6,240,138,102
050,49,027,"Utah","Millard County",4,7,228,139,89
050,49,027,"Utah","Millard County",4,8,222,124,98
050,49,027,"Utah","Millard County",4,9,230,117,113
050,49,027,"Utah","Millard County",4,10,224,117,107
050,49,027,"Utah","Millard County",4,11,224,114,110
050,49,027,"Utah","Millard County",4,12,268,141,127
050,49,027,"Utah","Millard County",4,13,273,149,124
050,49,027,"Utah","Millard County",4,14,276,149,127
050,49,027,"Utah","Millard County",4,15,260,137,123
050,49,027,"Utah","Millard County",4,16,264,141,123
050,49,027,"Utah","Millard County",4,17,261,132,129
050,49,027,"Utah","Millard County",4,18,230,124,106
050,49,027,"Utah","Millard County",4,19,163,85,78
050,49,027,"Utah","Millard County",4,20,145,79,66
050,49,027,"Utah","Millard County",4,21,151,76,75
050,49,027,"Utah","Millard County",4,22,148,80,68
050,49,027,"Utah","Millard County",4,23,151,73,78
050,49,027,"Utah","Millard County",4,24,140,72,68
050,49,027,"Utah","Millard County",4,25,122,71,51
050,49,027,"Utah","Millard County",4,26,146,69,77
050,49,027,"Utah","Millard County",4,27,136,71,65
050,49,027,"Utah","Millard County",4,28,142,68,74
050,49,027,"Utah","Millard County",4,29,128,52,76
050,49,027,"Utah","Millard County",4,30,143,67,76
050,49,027,"Utah","Millard County",4,31,131,64,67
050,49,027,"Utah","Millard County",4,32,133,56,77
050,49,027,"Utah","Millard County",4,33,151,82,69
050,49,027,"Utah","Millard County",4,34,142,73,69
050,49,027,"Utah","Millard County",4,35,140,65,75
050,49,027,"Utah","Millard County",4,36,139,71,68
050,49,027,"Utah","Millard County",4,37,166,76,90
050,49,027,"Utah","Millard County",4,38,172,83,89
050,49,027,"Utah","Millard County",4,39,178,100,78
050,49,027,"Utah","Millard County",4,40,183,102,81
050,49,027,"Utah","Millard County",4,41,172,98,74
050,49,027,"Utah","Millard County",4,42,167,91,76
050,49,027,"Utah","Millard County",4,43,164,90,74
050,49,027,"Utah","Millard County",4,44,163,85,78
050,49,027,"Utah","Millard County",4,45,164,84,80
050,49,027,"Utah","Millard County",4,46,127,66,61
050,49,027,"Utah","Millard County",4,47,127,66,61
050,49,027,"Utah","Millard County",4,48,128,70,58
050,49,027,"Utah","Millard County",4,49,158,82,76
050,49,027,"Utah","Millard County",4,50,133,70,63
050,49,027,"Utah","Millard County",4,51,132,63,69
050,49,027,"Utah","Millard County",4,52,124,62,62
050,49,027,"Utah","Millard County",4,53,128,67,61
050,49,027,"Utah","Millard County",4,54,110,60,50
050,49,027,"Utah","Millard County",4,55,113,51,62
050,49,027,"Utah","Millard County",4,56,118,56,62
050,49,027,"Utah","Millard County",4,57,124,72,52
050,49,027,"Utah","Millard County",4,58,136,68,68
050,49,027,"Utah","Millard County",4,59,140,70,70
050,49,027,"Utah","Millard County",4,60,135,65,70
050,49,027,"Utah","Millard County",4,61,148,71,77
050,49,027,"Utah","Millard County",4,62,133,65,68
050,49,027,"Utah","Millard County",4,63,154,75,79
050,49,027,"Utah","Millard County",4,64,181,92,89
050,49,027,"Utah","Millard County",4,65,169,91,78
050,49,027,"Utah","Millard County",4,66,149,85,64
050,49,027,"Utah","Millard County",4,67,128,67,61
050,49,027,"Utah","Millard County",4,68,163,78,85
050,49,027,"Utah","Millard County",4,69,154,73,81
050,49,027,"Utah","Millard County",4,70,130,60,70
050,49,027,"Utah","Millard County",4,71,114,49,65
050,49,027,"Utah","Millard County",4,72,122,62,60
050,49,027,"Utah","Millard County",4,73,124,70,54
050,49,027,"Utah","Millard County",4,74,121,66,55
050,49,027,"Utah","Millard County",4,75,106,55,51
050,49,027,"Utah","Millard County",4,76,81,40,41
050,49,027,"Utah","Millard County",4,77,77,34,43
050,49,027,"Utah","Millard County",4,78,80,36,44
050,49,027,"Utah","Millard County",4,79,89,44,45
050,49,027,"Utah","Millard County",4,80,74,40,34
050,49,027,"Utah","Millard County",4,81,58,32,26
050,49,027,"Utah","Millard County",4,82,61,29,32
050,49,027,"Utah","Millard County",4,83,43,21,22
050,49,027,"Utah","Millard County",4,84,52,21,31
050,49,027,"Utah","Millard County",4,85,228,106,122
050,49,027,"Utah","Millard County",5,0,178,95,83
050,49,027,"Utah","Millard County",5,1,193,108,85
050,49,027,"Utah","Millard County",5,2,184,95,89
050,49,027,"Utah","Millard County",5,3,203,116,87
050,49,027,"Utah","Millard County",5,4,179,96,83
050,49,027,"Utah","Millard County",5,5,213,120,93
050,49,027,"Utah","Millard County",5,6,224,116,108
050,49,027,"Utah","Millard County",5,7,245,140,105
050,49,027,"Utah","Millard County",5,8,228,139,89
050,49,027,"Utah","Millard County",5,9,225,128,97
050,49,027,"Utah","Millard County",5,10,233,120,113
050,49,027,"Utah","Millard County",5,11,231,122,109
050,49,027,"Utah","Millard County",5,12,223,111,112
050,49,027,"Utah","Millard County",5,13,269,143,126
050,49,027,"Utah","Millard County",5,14,264,145,119
050,49,027,"Utah","Millard County",5,15,286,157,129
050,49,027,"Utah","Millard County",5,16,270,146,124
050,49,027,"Utah","Millard County",5,17,259,134,125
050,49,027,"Utah","Millard County",5,18,216,114,102
050,49,027,"Utah","Millard County",5,19,176,94,82
050,49,027,"Utah","Millard County",5,20,168,93,75
050,49,027,"Utah","Millard County",5,21,150,78,72
050,49,027,"Utah","Millard County",5,22,152,80,72
050,49,027,"Utah","Millard County",5,23,140,77,63
050,49,027,"Utah","Millard County",5,24,158,77,81
050,49,027,"Utah","Millard County",5,25,137,70,67
050,49,027,"Utah","Millard County",5,26,124,69,55
050,49,027,"Utah","Millard County",5,27,152,69,83
050,49,027,"Utah","Millard County",5,28,145,78,67
050,49,027,"Utah","Millard County",5,29,144,66,78
050,49,027,"Utah","Millard County",5,30,122,48,74
050,49,027,"Utah","Millard County",5,31,157,76,81
050,49,027,"Utah","Millard County",5,32,133,67,66
050,49,027,"Utah","Millard County",5,33,133,52,81
050,49,027,"Utah","Millard County",5,34,164,92,72
050,49,027,"Utah","Millard County",5,35,141,74,67
050,49,027,"Utah","Millard County",5,36,147,69,78
050,49,027,"Utah","Millard County",5,37,149,74,75
050,49,027,"Utah","Millard County",5,38,162,72,90
050,49,027,"Utah","Millard County",5,39,168,80,88
050,49,027,"Utah","Millard County",5,40,178,96,82
050,49,027,"Utah","Millard County",5,41,184,99,85
050,49,027,"Utah","Millard County",5,42,175,100,75
050,49,027,"Utah","Millard County",5,43,161,89,72
050,49,027,"Utah","Millard County",5,44,160,88,72
050,49,027,"Utah","Millard County",5,45,167,88,79
050,49,027,"Utah","Millard County",5,46,165,83,82
050,49,027,"Utah","Millard County",5,47,135,73,62
050,49,027,"Utah","Millard County",5,48,136,72,64
050,49,027,"Utah","Millard County",5,49,130,75,55
050,49,027,"Utah","Millard County",5,50,146,74,72
050,49,027,"Utah","Millard County",5,51,137,71,66
050,49,027,"Utah","Millard County",5,52,132,62,70
050,49,027,"Utah","Millard County",5,53,128,65,63
050,49,027,"Utah","Millard County",5,54,127,66,61
050,49,027,"Utah","Millard County",5,55,112,58,54
050,49,027,"Utah","Millard County",5,56,118,53,65
050,49,027,"Utah","Millard County",5,57,112,54,58
050,49,027,"Utah","Millard County",5,58,127,71,56
050,49,027,"Utah","Millard County",5,59,138,71,67
050,49,027,"Utah","Millard County",5,60,140,69,71
050,49,027,"Utah","Millard County",5,61,138,66,72
050,49,027,"Utah","Millard County",5,62,152,76,76
050,49,027,"Utah","Millard County",5,63,134,67,67
050,49,027,"Utah","Millard County",5,64,158,76,82
050,49,027,"Utah","Millard County",5,65,179,93,86
050,49,027,"Utah","Millard County",5,66,170,92,78
050,49,027,"Utah","Millard County",5,67,142,81,61
050,49,027,"Utah","Millard County",5,68,133,70,63
050,49,027,"Utah","Millard County",5,69,164,79,85
050,49,027,"Utah","Millard County",5,70,152,71,81
050,49,027,"Utah","Millard County",5,71,129,59,70
050,49,027,"Utah","Millard County",5,72,114,48,66
050,49,027,"Utah","Millard County",5,73,115,57,58
050,49,027,"Utah","Millard County",5,74,124,68,56
050,49,027,"Utah","Millard County",5,75,116,65,51
050,49,027,"Utah","Millard County",5,76,106,55,51
050,49,027,"Utah","Millard County",5,77,74,34,40
050,49,027,"Utah","Millard County",5,78,71,32,39
050,49,027,"Utah","Millard County",5,79,77,36,41
050,49,027,"Utah","Millard County",5,80,84,42,42
050,49,027,"Utah","Millard County",5,81,66,37,29
050,49,027,"Utah","Millard County",5,82,54,30,24
050,49,027,"Utah","Millard County",5,83,60,27,33
050,49,027,"Utah","Millard County",5,84,38,17,21
050,49,027,"Utah","Millard County",5,85,234,111,123
050,49,029,"Utah","Morgan County",1,0,131,68,63
050,49,029,"Utah","Morgan County",1,1,141,71,70
050,49,029,"Utah","Morgan County",1,2,161,81,80
050,49,029,"Utah","Morgan County",1,3,172,98,74
050,49,029,"Utah","Morgan County",1,4,187,98,89
050,49,029,"Utah","Morgan County",1,5,220,117,103
050,49,029,"Utah","Morgan County",1,6,217,121,96
050,49,029,"Utah","Morgan County",1,7,240,136,104
050,49,029,"Utah","Morgan County",1,8,250,121,129
050,49,029,"Utah","Morgan County",1,9,257,135,122
050,49,029,"Utah","Morgan County",1,10,289,150,139
050,49,029,"Utah","Morgan County",1,11,290,156,134
050,49,029,"Utah","Morgan County",1,12,306,164,142
050,49,029,"Utah","Morgan County",1,13,306,168,138
050,49,029,"Utah","Morgan County",1,14,291,146,145
050,49,029,"Utah","Morgan County",1,15,279,151,128
050,49,029,"Utah","Morgan County",1,16,262,146,116
050,49,029,"Utah","Morgan County",1,17,266,141,125
050,49,029,"Utah","Morgan County",1,18,220,131,89
050,49,029,"Utah","Morgan County",1,19,162,91,71
050,49,029,"Utah","Morgan County",1,20,163,90,73
050,49,029,"Utah","Morgan County",1,21,159,95,64
050,49,029,"Utah","Morgan County",1,22,146,76,70
050,49,029,"Utah","Morgan County",1,23,126,63,63
050,49,029,"Utah","Morgan County",1,24,134,72,62
050,49,029,"Utah","Morgan County",1,25,118,59,59
050,49,029,"Utah","Morgan County",1,26,110,63,47
050,49,029,"Utah","Morgan County",1,27,97,51,46
050,49,029,"Utah","Morgan County",1,28,98,47,51
050,49,029,"Utah","Morgan County",1,29,94,47,47
050,49,029,"Utah","Morgan County",1,30,103,44,59
050,49,029,"Utah","Morgan County",1,31,92,38,54
050,49,029,"Utah","Morgan County",1,32,107,42,65
050,49,029,"Utah","Morgan County",1,33,113,57,56
050,49,029,"Utah","Morgan County",1,34,137,66,71
050,49,029,"Utah","Morgan County",1,35,155,76,79
050,49,029,"Utah","Morgan County",1,36,157,71,86
050,49,029,"Utah","Morgan County",1,37,171,83,88
050,49,029,"Utah","Morgan County",1,38,179,80,99
050,49,029,"Utah","Morgan County",1,39,160,86,74
050,49,029,"Utah","Morgan County",1,40,173,94,79
050,49,029,"Utah","Morgan County",1,41,202,109,93
050,49,029,"Utah","Morgan County",1,42,187,91,96
050,49,029,"Utah","Morgan County",1,43,192,103,89
050,49,029,"Utah","Morgan County",1,44,174,94,80
050,49,029,"Utah","Morgan County",1,45,163,80,83
050,49,029,"Utah","Morgan County",1,46,151,83,68
050,49,029,"Utah","Morgan County",1,47,149,84,65
050,49,029,"Utah","Morgan County",1,48,143,72,71
050,49,029,"Utah","Morgan County",1,49,132,61,71
050,49,029,"Utah","Morgan County",1,50,137,65,72
050,49,029,"Utah","Morgan County",1,51,143,72,71
050,49,029,"Utah","Morgan County",1,52,134,73,61
050,49,029,"Utah","Morgan County",1,53,132,68,64
050,49,029,"Utah","Morgan County",1,54,120,58,62
050,49,029,"Utah","Morgan County",1,55,123,63,60
050,49,029,"Utah","Morgan County",1,56,118,60,58
050,49,029,"Utah","Morgan County",1,57,113,59,54
050,49,029,"Utah","Morgan County",1,58,136,70,66
050,49,029,"Utah","Morgan County",1,59,136,79,57
050,49,029,"Utah","Morgan County",1,60,122,69,53
050,49,029,"Utah","Morgan County",1,61,118,53,65
050,49,029,"Utah","Morgan County",1,62,113,63,50
050,49,029,"Utah","Morgan County",1,63,113,62,51
050,49,029,"Utah","Morgan County",1,64,119,65,54
050,49,029,"Utah","Morgan County",1,65,112,58,54
050,49,029,"Utah","Morgan County",1,66,116,57,59
050,49,029,"Utah","Morgan County",1,67,96,44,52
050,49,029,"Utah","Morgan County",1,68,87,46,41
050,49,029,"Utah","Morgan County",1,69,88,45,43
050,49,029,"Utah","Morgan County",1,70,98,47,51
050,49,029,"Utah","Morgan County",1,71,84,41,43
050,49,029,"Utah","Morgan County",1,72,85,38,47
050,49,029,"Utah","Morgan County",1,73,77,38,39
050,49,029,"Utah","Morgan County",1,74,44,24,20
050,49,029,"Utah","Morgan County",1,75,47,19,28
050,49,029,"Utah","Morgan County",1,76,66,31,35
050,49,029,"Utah","Morgan County",1,77,78,36,42
050,49,029,"Utah","Morgan County",1,78,55,30,25
050,49,029,"Utah","Morgan County",1,79,44,22,22
050,49,029,"Utah","Morgan County",1,80,58,30,28
050,49,029,"Utah","Morgan County",1,81,46,25,21
050,49,029,"Utah","Morgan County",1,82,30,13,17
050,49,029,"Utah","Morgan County",1,83,24,10,14
050,49,029,"Utah","Morgan County",1,84,29,16,13
050,49,029,"Utah","Morgan County",1,85,121,60,61
050,49,029,"Utah","Morgan County",2,0,133,74,59
050,49,029,"Utah","Morgan County",2,1,140,71,69
050,49,029,"Utah","Morgan County",2,2,158,80,78
050,49,029,"Utah","Morgan County",2,3,169,95,74
050,49,029,"Utah","Morgan County",2,4,187,101,86
050,49,029,"Utah","Morgan County",2,5,219,116,103
050,49,029,"Utah","Morgan County",2,6,220,122,98
050,49,029,"Utah","Morgan County",2,7,239,134,105
050,49,029,"Utah","Morgan County",2,8,250,126,124
050,49,029,"Utah","Morgan County",2,9,258,133,125
050,49,029,"Utah","Morgan County",2,10,287,149,138
050,49,029,"Utah","Morgan County",2,11,291,156,135
050,49,029,"Utah","Morgan County",2,12,308,164,144
050,49,029,"Utah","Morgan County",2,13,307,168,139
050,49,029,"Utah","Morgan County",2,14,296,152,144
050,49,029,"Utah","Morgan County",2,15,284,152,132
050,49,029,"Utah","Morgan County",2,16,269,148,121
050,49,029,"Utah","Morgan County",2,17,267,144,123
050,49,029,"Utah","Morgan County",2,18,221,128,93
050,49,029,"Utah","Morgan County",2,19,166,94,72
050,49,029,"Utah","Morgan County",2,20,168,94,74
050,49,029,"Utah","Morgan County",2,21,161,94,67
050,49,029,"Utah","Morgan County",2,22,148,79,69
050,49,029,"Utah","Morgan County",2,23,130,66,64
050,49,029,"Utah","Morgan County",2,24,132,69,63
050,49,029,"Utah","Morgan County",2,25,120,62,58
050,49,029,"Utah","Morgan County",2,26,110,60,50
050,49,029,"Utah","Morgan County",2,27,102,55,47
050,49,029,"Utah","Morgan County",2,28,98,49,49
050,49,029,"Utah","Morgan County",2,29,96,47,49
050,49,029,"Utah","Morgan County",2,30,104,46,58
050,49,029,"Utah","Morgan County",2,31,98,41,57
050,49,029,"Utah","Morgan County",2,32,104,42,62
050,49,029,"Utah","Morgan County",2,33,114,54,60
050,49,029,"Utah","Morgan County",2,34,133,65,68
050,49,029,"Utah","Morgan County",2,35,155,77,78
050,49,029,"Utah","Morgan County",2,36,157,73,84
050,49,029,"Utah","Morgan County",2,37,170,80,90
050,49,029,"Utah","Morgan County",2,38,178,81,97
050,49,029,"Utah","Morgan County",2,39,162,83,79
050,49,029,"Utah","Morgan County",2,40,176,96,80
050,49,029,"Utah","Morgan County",2,41,198,106,92
050,49,029,"Utah","Morgan County",2,42,188,95,93
050,49,029,"Utah","Morgan County",2,43,193,101,92
050,49,029,"Utah","Morgan County",2,44,179,96,83
050,49,029,"Utah","Morgan County",2,45,168,85,83
050,49,029,"Utah","Morgan County",2,46,152,81,71
050,49,029,"Utah","Morgan County",2,47,149,84,65
050,49,029,"Utah","Morgan County",2,48,146,76,70
050,49,029,"Utah","Morgan County",2,49,137,64,73
050,49,029,"Utah","Morgan County",2,50,138,65,73
050,49,029,"Utah","Morgan County",2,51,143,72,71
050,49,029,"Utah","Morgan County",2,52,137,73,64
050,49,029,"Utah","Morgan County",2,53,132,69,63
050,49,029,"Utah","Morgan County",2,54,123,61,62
050,49,029,"Utah","Morgan County",2,55,124,62,62
050,49,029,"Utah","Morgan County",2,56,118,61,57
050,49,029,"Utah","Morgan County",2,57,114,59,55
050,49,029,"Utah","Morgan County",2,58,131,67,64
050,49,029,"Utah","Morgan County",2,59,137,78,59
050,49,029,"Utah","Morgan County",2,60,127,71,56
050,49,029,"Utah","Morgan County",2,61,117,56,61
050,49,029,"Utah","Morgan County",2,62,114,61,53
050,49,029,"Utah","Morgan County",2,63,114,63,51
050,49,029,"Utah","Morgan County",2,64,115,62,53
050,49,029,"Utah","Morgan County",2,65,114,60,54
050,49,029,"Utah","Morgan County",2,66,116,57,59
050,49,029,"Utah","Morgan County",2,67,100,47,53
050,49,029,"Utah","Morgan County",2,68,89,46,43
050,49,029,"Utah","Morgan County",2,69,89,46,43
050,49,029,"Utah","Morgan County",2,70,96,47,49
050,49,029,"Utah","Morgan County",2,71,88,43,45
050,49,029,"Utah","Morgan County",2,72,84,38,46
050,49,029,"Utah","Morgan County",2,73,81,39,42
050,49,029,"Utah","Morgan County",2,74,48,25,23
050,49,029,"Utah","Morgan County",2,75,46,19,27
050,49,029,"Utah","Morgan County",2,76,60,28,32
050,49,029,"Utah","Morgan County",2,77,77,36,41
050,49,029,"Utah","Morgan County",2,78,59,30,29
050,49,029,"Utah","Morgan County",2,79,46,23,23
050,49,029,"Utah","Morgan County",2,80,54,27,27
050,49,029,"Utah","Morgan County",2,81,46,23,23
050,49,029,"Utah","Morgan County",2,82,34,16,18
050,49,029,"Utah","Morgan County",2,83,24,11,13
050,49,029,"Utah","Morgan County",2,84,27,14,13
050,49,029,"Utah","Morgan County",2,85,125,62,63
050,49,029,"Utah","Morgan County",3,0,139,72,67
050,49,029,"Utah","Morgan County",3,1,149,83,66
050,49,029,"Utah","Morgan County",3,2,153,78,75
050,49,029,"Utah","Morgan County",3,3,166,83,83
050,49,029,"Utah","Morgan County",3,4,167,89,78
050,49,029,"Utah","Morgan County",3,5,210,106,104
050,49,029,"Utah","Morgan County",3,6,222,121,101
050,49,029,"Utah","Morgan County",3,7,229,125,104
050,49,029,"Utah","Morgan County",3,8,247,141,106
050,49,029,"Utah","Morgan County",3,9,257,130,127
050,49,029,"Utah","Morgan County",3,10,264,137,127
050,49,029,"Utah","Morgan County",3,11,303,158,145
050,49,029,"Utah","Morgan County",3,12,302,165,137
050,49,029,"Utah","Morgan County",3,13,314,171,143
050,49,029,"Utah","Morgan County",3,14,315,168,147
050,49,029,"Utah","Morgan County",3,15,308,163,145
050,49,029,"Utah","Morgan County",3,16,292,156,136
050,49,029,"Utah","Morgan County",3,17,277,153,124
050,49,029,"Utah","Morgan County",3,18,232,131,101
050,49,029,"Utah","Morgan County",3,19,172,99,73
050,49,029,"Utah","Morgan County",3,20,165,98,67
050,49,029,"Utah","Morgan County",3,21,173,95,78
050,49,029,"Utah","Morgan County",3,22,148,84,64
050,49,029,"Utah","Morgan County",3,23,144,71,73
050,49,029,"Utah","Morgan County",3,24,120,64,56
050,49,029,"Utah","Morgan County",3,25,118,55,63
050,49,029,"Utah","Morgan County",3,26,120,61,59
050,49,029,"Utah","Morgan County",3,27,116,61,55
050,49,029,"Utah","Morgan County",3,28,104,50,54
050,49,029,"Utah","Morgan County",3,29,102,47,55
050,49,029,"Utah","Morgan County",3,30,101,47,54
050,49,029,"Utah","Morgan County",3,31,112,50,62
050,49,029,"Utah","Morgan County",3,32,108,42,66
050,49,029,"Utah","Morgan County",3,33,113,50,63
050,49,029,"Utah","Morgan County",3,34,121,57,64
050,49,029,"Utah","Morgan County",3,35,137,72,65
050,49,029,"Utah","Morgan County",3,36,162,84,78
050,49,029,"Utah","Morgan County",3,37,159,73,86
050,49,029,"Utah","Morgan County",3,38,179,80,99
050,49,029,"Utah","Morgan County",3,39,183,86,97
050,49,029,"Utah","Morgan County",3,40,172,89,83
050,49,029,"Utah","Morgan County",3,41,186,101,85
050,49,029,"Utah","Morgan County",3,42,212,111,101
050,49,029,"Utah","Morgan County",3,43,195,100,95
050,49,029,"Utah","Morgan County",3,44,202,107,95
050,49,029,"Utah","Morgan County",3,45,180,97,83
050,49,029,"Utah","Morgan County",3,46,179,95,84
050,49,029,"Utah","Morgan County",3,47,151,79,72
050,49,029,"Utah","Morgan County",3,48,150,84,66
050,49,029,"Utah","Morgan County",3,49,140,72,68
050,49,029,"Utah","Morgan County",3,50,153,72,81
050,49,029,"Utah","Morgan County",3,51,141,67,74
050,49,029,"Utah","Morgan County",3,52,142,73,69
050,49,029,"Utah","Morgan County",3,53,142,74,68
050,49,029,"Utah","Morgan County",3,54,131,70,61
050,49,029,"Utah","Morgan County",3,55,123,61,62
050,49,029,"Utah","Morgan County",3,56,127,64,63
050,49,029,"Utah","Morgan County",3,57,127,66,61
050,49,029,"Utah","Morgan County",3,58,112,60,52
050,49,029,"Utah","Morgan County",3,59,133,67,66
050,49,029,"Utah","Morgan County",3,60,135,76,59
050,49,029,"Utah","Morgan County",3,61,125,74,51
050,49,029,"Utah","Morgan County",3,62,115,53,62
050,49,029,"Utah","Morgan County",3,63,114,61,53
050,49,029,"Utah","Morgan County",3,64,112,63,49
050,49,029,"Utah","Morgan County",3,65,114,61,53
050,49,029,"Utah","Morgan County",3,66,114,58,56
050,49,029,"Utah","Morgan County",3,67,114,57,57
050,49,029,"Utah","Morgan County",3,68,96,45,51
050,49,029,"Utah","Morgan County",3,69,88,45,43
050,49,029,"Utah","Morgan County",3,70,93,49,44
050,49,029,"Utah","Morgan County",3,71,88,44,44
050,49,029,"Utah","Morgan County",3,72,89,41,48
050,49,029,"Utah","Morgan County",3,73,81,36,45
050,49,029,"Utah","Morgan County",3,74,83,40,43
050,49,029,"Utah","Morgan County",3,75,47,23,24
050,49,029,"Utah","Morgan County",3,76,46,19,27
050,49,029,"Utah","Morgan County",3,77,55,27,28
050,49,029,"Utah","Morgan County",3,78,74,33,41
050,49,029,"Utah","Morgan County",3,79,57,30,27
050,49,029,"Utah","Morgan County",3,80,46,22,24
050,49,029,"Utah","Morgan County",3,81,51,26,25
050,49,029,"Utah","Morgan County",3,82,44,23,21
050,49,029,"Utah","Morgan County",3,83,35,17,18
050,49,029,"Utah","Morgan County",3,84,23,10,13
050,49,029,"Utah","Morgan County",3,85,122,58,64
050,49,029,"Utah","Morgan County",4,0,141,65,76
050,49,029,"Utah","Morgan County",4,1,141,73,68
050,49,029,"Utah","Morgan County",4,2,144,80,64
050,49,029,"Utah","Morgan County",4,3,166,82,84
050,49,029,"Utah","Morgan County",4,4,171,81,90
050,49,029,"Utah","Morgan County",4,5,171,94,77
050,49,029,"Utah","Morgan County",4,6,227,119,108
050,49,029,"Utah","Morgan County",4,7,228,122,106
050,49,029,"Utah","Morgan County",4,8,238,129,109
050,49,029,"Utah","Morgan County",4,9,262,146,116
050,49,029,"Utah","Morgan County",4,10,262,131,131
050,49,029,"Utah","Morgan County",4,11,278,141,137
050,49,029,"Utah","Morgan County",4,12,304,161,143
050,49,029,"Utah","Morgan County",4,13,309,163,146
050,49,029,"Utah","Morgan County",4,14,312,168,144
050,49,029,"Utah","Morgan County",4,15,327,174,153
050,49,029,"Utah","Morgan County",4,16,322,170,152
050,49,029,"Utah","Morgan County",4,17,301,161,140
050,49,029,"Utah","Morgan County",4,18,231,132,99
050,49,029,"Utah","Morgan County",4,19,168,95,73
050,49,029,"Utah","Morgan County",4,20,187,106,81
050,49,029,"Utah","Morgan County",4,21,164,96,68
050,49,029,"Utah","Morgan County",4,22,183,102,81
050,49,029,"Utah","Morgan County",4,23,149,84,65
050,49,029,"Utah","Morgan County",4,24,138,73,65
050,49,029,"Utah","Morgan County",4,25,117,67,50
050,49,029,"Utah","Morgan County",4,26,108,54,54
050,49,029,"Utah","Morgan County",4,27,121,57,64
050,49,029,"Utah","Morgan County",4,28,110,56,54
050,49,029,"Utah","Morgan County",4,29,106,54,52
050,49,029,"Utah","Morgan County",4,30,106,54,52
050,49,029,"Utah","Morgan County",4,31,110,51,59
050,49,029,"Utah","Morgan County",4,32,114,54,60
050,49,029,"Utah","Morgan County",4,33,115,40,75
050,49,029,"Utah","Morgan County",4,34,103,43,60
050,49,029,"Utah","Morgan County",4,35,129,60,69
050,49,029,"Utah","Morgan County",4,36,139,69,70
050,49,029,"Utah","Morgan County",4,37,162,86,76
050,49,029,"Utah","Morgan County",4,38,162,74,88
050,49,029,"Utah","Morgan County",4,39,179,80,99
050,49,029,"Utah","Morgan County",4,40,190,89,101
050,49,029,"Utah","Morgan County",4,41,181,91,90
050,49,029,"Utah","Morgan County",4,42,208,116,92
050,49,029,"Utah","Morgan County",4,43,221,114,107
050,49,029,"Utah","Morgan County",4,44,202,102,100
050,49,029,"Utah","Morgan County",4,45,210,108,102
050,49,029,"Utah","Morgan County",4,46,185,101,84
050,49,029,"Utah","Morgan County",4,47,172,92,80
050,49,029,"Utah","Morgan County",4,48,152,81,71
050,49,029,"Utah","Morgan County",4,49,148,84,64
050,49,029,"Utah","Morgan County",4,50,146,74,72
050,49,029,"Utah","Morgan County",4,51,149,72,77
050,49,029,"Utah","Morgan County",4,52,143,69,74
050,49,029,"Utah","Morgan County",4,53,142,69,73
050,49,029,"Utah","Morgan County",4,54,145,76,69
050,49,029,"Utah","Morgan County",4,55,132,71,61
050,49,029,"Utah","Morgan County",4,56,117,61,56
050,49,029,"Utah","Morgan County",4,57,129,67,62
050,49,029,"Utah","Morgan County",4,58,128,68,60
050,49,029,"Utah","Morgan County",4,59,101,55,46
050,49,029,"Utah","Morgan County",4,60,133,67,66
050,49,029,"Utah","Morgan County",4,61,136,79,57
050,49,029,"Utah","Morgan County",4,62,125,73,52
050,49,029,"Utah","Morgan County",4,63,119,53,66
050,49,029,"Utah","Morgan County",4,64,115,62,53
050,49,029,"Utah","Morgan County",4,65,107,62,45
050,49,029,"Utah","Morgan County",4,66,113,60,53
050,49,029,"Utah","Morgan County",4,67,105,56,49
050,49,029,"Utah","Morgan County",4,68,113,59,54
050,49,029,"Utah","Morgan County",4,69,99,47,52
050,49,029,"Utah","Morgan County",4,70,86,44,42
050,49,029,"Utah","Morgan County",4,71,86,44,42
050,49,029,"Utah","Morgan County",4,72,87,43,44
050,49,029,"Utah","Morgan County",4,73,87,39,48
050,49,029,"Utah","Morgan County",4,74,76,35,41
050,49,029,"Utah","Morgan County",4,75,80,38,42
050,49,029,"Utah","Morgan County",4,76,47,23,24
050,49,029,"Utah","Morgan County",4,77,48,21,27
050,49,029,"Utah","Morgan County",4,78,49,26,23
050,49,029,"Utah","Morgan County",4,79,76,34,42
050,49,029,"Utah","Morgan County",4,80,57,30,27
050,49,029,"Utah","Morgan County",4,81,41,20,21
050,49,029,"Utah","Morgan County",4,82,46,23,23
050,49,029,"Utah","Morgan County",4,83,42,21,21
050,49,029,"Utah","Morgan County",4,84,33,17,16
050,49,029,"Utah","Morgan County",4,85,125,56,69
050,49,029,"Utah","Morgan County",5,0,139,66,73
050,49,029,"Utah","Morgan County",5,1,143,73,70
050,49,029,"Utah","Morgan County",5,2,137,75,62
050,49,029,"Utah","Morgan County",5,3,147,81,66
050,49,029,"Utah","Morgan County",5,4,166,85,81
050,49,029,"Utah","Morgan County",5,5,180,85,95
050,49,029,"Utah","Morgan County",5,6,180,98,82
050,49,029,"Utah","Morgan County",5,7,235,127,108
050,49,029,"Utah","Morgan County",5,8,238,125,113
050,49,029,"Utah","Morgan County",5,9,236,130,106
050,49,029,"Utah","Morgan County",5,10,271,152,119
050,49,029,"Utah","Morgan County",5,11,264,132,132
050,49,029,"Utah","Morgan County",5,12,287,147,140
050,49,029,"Utah","Morgan County",5,13,310,161,149
050,49,029,"Utah","Morgan County",5,14,318,170,148
050,49,029,"Utah","Morgan County",5,15,313,169,144
050,49,029,"Utah","Morgan County",5,16,333,180,153
050,49,029,"Utah","Morgan County",5,17,319,171,148
050,49,029,"Utah","Morgan County",5,18,248,138,110
050,49,029,"Utah","Morgan County",5,19,180,101,79
050,49,029,"Utah","Morgan County",5,20,178,100,78
050,49,029,"Utah","Morgan County",5,21,204,110,94
050,49,029,"Utah","Morgan County",5,22,156,97,59
050,49,029,"Utah","Morgan County",5,23,191,105,86
050,49,029,"Utah","Morgan County",5,24,160,88,72
050,49,029,"Utah","Morgan County",5,25,121,63,58
050,49,029,"Utah","Morgan County",5,26,113,67,46
050,49,029,"Utah","Morgan County",5,27,121,70,51
050,49,029,"Utah","Morgan County",5,28,126,60,66
050,49,029,"Utah","Morgan County",5,29,106,55,51
050,49,029,"Utah","Morgan County",5,30,107,53,54
050,49,029,"Utah","Morgan County",5,31,104,48,56
050,49,029,"Utah","Morgan County",5,32,115,54,61
050,49,029,"Utah","Morgan County",5,33,117,56,61
050,49,029,"Utah","Morgan County",5,34,127,49,78
050,49,029,"Utah","Morgan County",5,35,103,39,64
050,49,029,"Utah","Morgan County",5,36,138,64,74
050,49,029,"Utah","Morgan County",5,37,147,78,69
050,49,029,"Utah","Morgan County",5,38,165,88,77
050,49,029,"Utah","Morgan County",5,39,168,80,88
050,49,029,"Utah","Morgan County",5,40,186,86,100
050,49,029,"Utah","Morgan County",5,41,195,95,100
050,49,029,"Utah","Morgan County",5,42,193,95,98
050,49,029,"Utah","Morgan County",5,43,204,113,91
050,49,029,"Utah","Morgan County",5,44,223,113,110
050,49,029,"Utah","Morgan County",5,45,207,102,105
050,49,029,"Utah","Morgan County",5,46,205,110,95
050,49,029,"Utah","Morgan County",5,47,190,102,88
050,49,029,"Utah","Morgan County",5,48,168,94,74
050,49,029,"Utah","Morgan County",5,49,149,77,72
050,49,029,"Utah","Morgan County",5,50,148,84,64
050,49,029,"Utah","Morgan County",5,51,147,73,74
050,49,029,"Utah","Morgan County",5,52,155,76,79
050,49,029,"Utah","Morgan County",5,53,149,70,79
050,49,029,"Utah","Morgan County",5,54,143,70,73
050,49,029,"Utah","Morgan County",5,55,142,75,67
050,49,029,"Utah","Morgan County",5,56,139,71,68
050,49,029,"Utah","Morgan County",5,57,116,61,55
050,49,029,"Utah","Morgan County",5,58,130,65,65
050,49,029,"Utah","Morgan County",5,59,124,67,57
050,49,029,"Utah","Morgan County",5,60,97,56,41
050,49,029,"Utah","Morgan County",5,61,131,68,63
050,49,029,"Utah","Morgan County",5,62,142,81,61
050,49,029,"Utah","Morgan County",5,63,121,72,49
050,49,029,"Utah","Morgan County",5,64,119,51,68
050,49,029,"Utah","Morgan County",5,65,109,55,54
050,49,029,"Utah","Morgan County",5,66,109,60,49
050,49,029,"Utah","Morgan County",5,67,110,58,52
050,49,029,"Utah","Morgan County",5,68,105,55,50
050,49,029,"Utah","Morgan County",5,69,114,60,54
050,49,029,"Utah","Morgan County",5,70,101,48,53
050,49,029,"Utah","Morgan County",5,71,87,46,41
050,49,029,"Utah","Morgan County",5,72,86,44,42
050,49,029,"Utah","Morgan County",5,73,86,43,43
050,49,029,"Utah","Morgan County",5,74,81,39,42
050,49,029,"Utah","Morgan County",5,75,76,34,42
050,49,029,"Utah","Morgan County",5,76,77,36,41
050,49,029,"Utah","Morgan County",5,77,47,23,24
050,49,029,"Utah","Morgan County",5,78,43,19,24
050,49,029,"Utah","Morgan County",5,79,48,24,24
050,49,029,"Utah","Morgan County",5,80,76,36,40
050,49,029,"Utah","Morgan County",5,81,52,27,25
050,49,029,"Utah","Morgan County",5,82,39,20,19
050,49,029,"Utah","Morgan County",5,83,40,20,20
050,49,029,"Utah","Morgan County",5,84,40,21,19
050,49,029,"Utah","Morgan County",5,85,140,65,75
050,49,031,"Utah","Piute County",1,0,19,10,9
050,49,031,"Utah","Piute County",1,1,12,6,6
050,49,031,"Utah","Piute County",1,2,13,6,7
050,49,031,"Utah","Piute County",1,3,5,1,4
050,49,031,"Utah","Piute County",1,4,13,5,8
050,49,031,"Utah","Piute County",1,5,14,8,6
050,49,031,"Utah","Piute County",1,6,14,8,6
050,49,031,"Utah","Piute County",1,7,14,5,9
050,49,031,"Utah","Piute County",1,8,12,4,8
050,49,031,"Utah","Piute County",1,9,17,7,10
050,49,031,"Utah","Piute County",1,10,16,7,9
050,49,031,"Utah","Piute County",1,11,13,5,8
050,49,031,"Utah","Piute County",1,12,21,9,12
050,49,031,"Utah","Piute County",1,13,27,14,13
050,49,031,"Utah","Piute County",1,14,24,13,11
050,49,031,"Utah","Piute County",1,15,32,14,18
050,49,031,"Utah","Piute County",1,16,25,14,11
050,49,031,"Utah","Piute County",1,17,26,15,11
050,49,031,"Utah","Piute County",1,18,21,11,10
050,49,031,"Utah","Piute County",1,19,17,9,8
050,49,031,"Utah","Piute County",1,20,18,10,8
050,49,031,"Utah","Piute County",1,21,12,7,5
050,49,031,"Utah","Piute County",1,22,13,6,7
050,49,031,"Utah","Piute County",1,23,14,8,6
050,49,031,"Utah","Piute County",1,24,14,8,6
050,49,031,"Utah","Piute County",1,25,12,6,6
050,49,031,"Utah","Piute County",1,26,15,8,7
050,49,031,"Utah","Piute County",1,27,12,3,9
050,49,031,"Utah","Piute County",1,28,12,3,9
050,49,031,"Utah","Piute County",1,29,12,7,5
050,49,031,"Utah","Piute County",1,30,13,6,7
050,49,031,"Utah","Piute County",1,31,10,3,7
050,49,031,"Utah","Piute County",1,32,10,5,5
050,49,031,"Utah","Piute County",1,33,12,7,5
050,49,031,"Utah","Piute County",1,34,10,4,6
050,49,031,"Utah","Piute County",1,35,12,6,6
050,49,031,"Utah","Piute County",1,36,14,9,5
050,49,031,"Utah","Piute County",1,37,9,5,4
050,49,031,"Utah","Piute County",1,38,13,5,8
050,49,031,"Utah","Piute County",1,39,16,5,11
050,49,031,"Utah","Piute County",1,40,11,6,5
050,49,031,"Utah","Piute County",1,41,16,7,9
050,49,031,"Utah","Piute County",1,42,17,9,8
050,49,031,"Utah","Piute County",1,43,18,10,8
050,49,031,"Utah","Piute County",1,44,16,9,7
050,49,031,"Utah","Piute County",1,45,15,9,6
050,49,031,"Utah","Piute County",1,46,16,7,9
050,49,031,"Utah","Piute County",1,47,18,10,8
050,49,031,"Utah","Piute County",1,48,12,6,6
050,49,031,"Utah","Piute County",1,49,13,5,8
050,49,031,"Utah","Piute County",1,50,15,8,7
050,49,031,"Utah","Piute County",1,51,11,6,5
050,49,031,"Utah","Piute County",1,52,11,8,3
050,49,031,"Utah","Piute County",1,53,11,6,5
050,49,031,"Utah","Piute County",1,54,13,7,6
050,49,031,"Utah","Piute County",1,55,15,6,9
050,49,031,"Utah","Piute County",1,56,22,13,9
050,49,031,"Utah","Piute County",1,57,17,8,9
050,49,031,"Utah","Piute County",1,58,20,14,6
050,49,031,"Utah","Piute County",1,59,21,14,7
050,49,031,"Utah","Piute County",1,60,19,11,8
050,49,031,"Utah","Piute County",1,61,16,9,7
050,49,031,"Utah","Piute County",1,62,21,9,12
050,49,031,"Utah","Piute County",1,63,19,9,10
050,49,031,"Utah","Piute County",1,64,26,14,12
050,49,031,"Utah","Piute County",1,65,23,12,11
050,49,031,"Utah","Piute County",1,66,21,7,14
050,49,031,"Utah","Piute County",1,67,20,9,11
050,49,031,"Utah","Piute County",1,68,30,15,15
050,49,031,"Utah","Piute County",1,69,33,16,17
050,49,031,"Utah","Piute County",1,70,29,15,14
050,49,031,"Utah","Piute County",1,71,24,13,11
050,49,031,"Utah","Piute County",1,72,23,11,12
050,49,031,"Utah","Piute County",1,73,23,10,13
050,49,031,"Utah","Piute County",1,74,17,10,7
050,49,031,"Utah","Piute County",1,75,19,9,10
050,49,031,"Utah","Piute County",1,76,17,10,7
050,49,031,"Utah","Piute County",1,77,16,6,10
050,49,031,"Utah","Piute County",1,78,15,10,5
050,49,031,"Utah","Piute County",1,79,17,9,8
050,49,031,"Utah","Piute County",1,80,20,12,8
050,49,031,"Utah","Piute County",1,81,19,10,9
050,49,031,"Utah","Piute County",1,82,13,7,6
050,49,031,"Utah","Piute County",1,83,9,2,7
050,49,031,"Utah","Piute County",1,84,5,4,1
050,49,031,"Utah","Piute County",1,85,34,19,15
050,49,031,"Utah","Piute County",2,0,16,8,8
050,49,031,"Utah","Piute County",2,1,13,7,6
050,49,031,"Utah","Piute County",2,2,12,6,6
050,49,031,"Utah","Piute County",2,3,7,2,5
050,49,031,"Utah","Piute County",2,4,12,5,7
050,49,031,"Utah","Piute County",2,5,14,7,7
050,49,031,"Utah","Piute County",2,6,14,8,6
050,49,031,"Utah","Piute County",2,7,14,6,8
050,49,031,"Utah","Piute County",2,8,12,4,8
050,49,031,"Utah","Piute County",2,9,17,7,10
050,49,031,"Utah","Piute County",2,10,15,6,9
050,49,031,"Utah","Piute County",2,11,14,5,9
050,49,031,"Utah","Piute County",2,12,19,8,11
050,49,031,"Utah","Piute County",2,13,24,12,12
050,49,031,"Utah","Piute County",2,14,26,13,13
050,49,031,"Utah","Piute County",2,15,30,14,16
050,49,031,"Utah","Piute County",2,16,28,15,13
050,49,031,"Utah","Piute County",2,17,25,14,11
050,49,031,"Utah","Piute County",2,18,21,11,10
050,49,031,"Utah","Piute County",2,19,17,9,8
050,49,031,"Utah","Piute County",2,20,18,10,8
050,49,031,"Utah","Piute County",2,21,14,8,6
050,49,031,"Utah","Piute County",2,22,13,6,7
050,49,031,"Utah","Piute County",2,23,14,8,6
050,49,031,"Utah","Piute County",2,24,14,8,6
050,49,031,"Utah","Piute County",2,25,12,6,6
050,49,031,"Utah","Piute County",2,26,14,7,7
050,49,031,"Utah","Piute County",2,27,13,4,9
050,49,031,"Utah","Piute County",2,28,11,3,8
050,49,031,"Utah","Piute County",2,29,12,6,6
050,49,031,"Utah","Piute County",2,30,12,6,6
050,49,031,"Utah","Piute County",2,31,10,3,7
050,49,031,"Utah","Piute County",2,32,11,5,6
050,49,031,"Utah","Piute County",2,33,12,7,5
050,49,031,"Utah","Piute County",2,34,11,5,6
050,49,031,"Utah","Piute County",2,35,13,6,7
050,49,031,"Utah","Piute County",2,36,13,7,6
050,49,031,"Utah","Piute County",2,37,10,6,4
050,49,031,"Utah","Piute County",2,38,12,5,7
050,49,031,"Utah","Piute County",2,39,15,5,10
050,49,031,"Utah","Piute County",2,40,13,6,7
050,49,031,"Utah","Piute County",2,41,16,7,9
050,49,031,"Utah","Piute County",2,42,16,8,8
050,49,031,"Utah","Piute County",2,43,18,10,8
050,49,031,"Utah","Piute County",2,44,17,10,7
050,49,031,"Utah","Piute County",2,45,15,9,6
050,49,031,"Utah","Piute County",2,46,16,7,9
050,49,031,"Utah","Piute County",2,47,17,9,8
050,49,031,"Utah","Piute County",2,48,13,7,6
050,49,031,"Utah","Piute County",2,49,12,5,7
050,49,031,"Utah","Piute County",2,50,14,8,6
050,49,031,"Utah","Piute County",2,51,12,7,5
050,49,031,"Utah","Piute County",2,52,10,7,3
050,49,031,"Utah","Piute County",2,53,11,6,5
050,49,031,"Utah","Piute County",2,54,13,7,6
050,49,031,"Utah","Piute County",2,55,14,6,8
050,49,031,"Utah","Piute County",2,56,21,11,10
050,49,031,"Utah","Piute County",2,57,17,9,8
050,49,031,"Utah","Piute County",2,58,20,13,7
050,49,031,"Utah","Piute County",2,59,21,14,7
050,49,031,"Utah","Piute County",2,60,20,12,8
050,49,031,"Utah","Piute County",2,61,16,9,7
050,49,031,"Utah","Piute County",2,62,20,9,11
050,49,031,"Utah","Piute County",2,63,19,9,10
050,49,031,"Utah","Piute County",2,64,25,13,12
050,49,031,"Utah","Piute County",2,65,24,13,11
050,49,031,"Utah","Piute County",2,66,22,8,14
050,49,031,"Utah","Piute County",2,67,21,9,12
050,49,031,"Utah","Piute County",2,68,27,13,14
050,49,031,"Utah","Piute County",2,69,32,15,17
050,49,031,"Utah","Piute County",2,70,29,15,14
050,49,031,"Utah","Piute County",2,71,26,14,12
050,49,031,"Utah","Piute County",2,72,23,11,12
050,49,031,"Utah","Piute County",2,73,24,11,13
050,49,031,"Utah","Piute County",2,74,17,9,8
050,49,031,"Utah","Piute County",2,75,18,9,9
050,49,031,"Utah","Piute County",2,76,17,10,7
050,49,031,"Utah","Piute County",2,77,16,6,10
050,49,031,"Utah","Piute County",2,78,15,9,6
050,49,031,"Utah","Piute County",2,79,15,9,6
050,49,031,"Utah","Piute County",2,80,20,12,8
050,49,031,"Utah","Piute County",2,81,20,11,9
050,49,031,"Utah","Piute County",2,82,15,8,7
050,49,031,"Utah","Piute County",2,83,10,3,7
050,49,031,"Utah","Piute County",2,84,6,4,2
050,49,031,"Utah","Piute County",2,85,33,19,14
050,49,031,"Utah","Piute County",3,0,19,11,8
050,49,031,"Utah","Piute County",3,1,16,8,8
050,49,031,"Utah","Piute County",3,2,14,7,7
050,49,031,"Utah","Piute County",3,3,15,7,8
050,49,031,"Utah","Piute County",3,4,9,3,6
050,49,031,"Utah","Piute County",3,5,11,5,6
050,49,031,"Utah","Piute County",3,6,16,9,7
050,49,031,"Utah","Piute County",3,7,17,9,8
050,49,031,"Utah","Piute County",3,8,15,7,8
050,49,031,"Utah","Piute County",3,9,14,5,9
050,49,031,"Utah","Piute County",3,10,18,8,10
050,49,031,"Utah","Piute County",3,11,17,9,8
050,49,031,"Utah","Piute County",3,12,13,4,9
050,49,031,"Utah","Piute County",3,13,22,13,9
050,49,031,"Utah","Piute County",3,14,22,12,10
050,49,031,"Utah","Piute County",3,15,27,13,14
050,49,031,"Utah","Piute County",3,16,29,14,15
050,49,031,"Utah","Piute County",3,17,26,13,13
050,49,031,"Utah","Piute County",3,18,21,12,9
050,49,031,"Utah","Piute County",3,19,14,7,7
050,49,031,"Utah","Piute County",3,20,20,11,9
050,49,031,"Utah","Piute County",3,21,14,8,6
050,49,031,"Utah","Piute County",3,22,15,8,7
050,49,031,"Utah","Piute County",3,23,13,6,7
050,49,031,"Utah","Piute County",3,24,13,7,6
050,49,031,"Utah","Piute County",3,25,17,7,10
050,49,031,"Utah","Piute County",3,26,13,6,7
050,49,031,"Utah","Piute County",3,27,11,6,5
050,49,031,"Utah","Piute County",3,28,17,5,12
050,49,031,"Utah","Piute County",3,29,12,4,8
050,49,031,"Utah","Piute County",3,30,17,7,10
050,49,031,"Utah","Piute County",3,31,13,6,7
050,49,031,"Utah","Piute County",3,32,14,6,8
050,49,031,"Utah","Piute County",3,33,13,6,7
050,49,031,"Utah","Piute County",3,34,13,7,6
050,49,031,"Utah","Piute County",3,35,13,6,7
050,49,031,"Utah","Piute County",3,36,14,6,8
050,49,031,"Utah","Piute County",3,37,13,7,6
050,49,031,"Utah","Piute County",3,38,13,9,4
050,49,031,"Utah","Piute County",3,39,12,5,7
050,49,031,"Utah","Piute County",3,40,15,5,10
050,49,031,"Utah","Piute County",3,41,16,9,7
050,49,031,"Utah","Piute County",3,42,16,7,9
050,49,031,"Utah","Piute County",3,43,16,8,8
050,49,031,"Utah","Piute County",3,44,18,10,8
050,49,031,"Utah","Piute County",3,45,17,10,7
050,49,031,"Utah","Piute County",3,46,15,9,6
050,49,031,"Utah","Piute County",3,47,13,3,10
050,49,031,"Utah","Piute County",3,48,17,11,6
050,49,031,"Utah","Piute County",3,49,14,7,7
050,49,031,"Utah","Piute County",3,50,13,5,8
050,49,031,"Utah","Piute County",3,51,17,11,6
050,49,031,"Utah","Piute County",3,52,12,7,5
050,49,031,"Utah","Piute County",3,53,11,7,4
050,49,031,"Utah","Piute County",3,54,15,8,7
050,49,031,"Utah","Piute County",3,55,12,7,5
050,49,031,"Utah","Piute County",3,56,19,9,10
050,49,031,"Utah","Piute County",3,57,21,11,10
050,49,031,"Utah","Piute County",3,58,22,11,11
050,49,031,"Utah","Piute County",3,59,19,12,7
050,49,031,"Utah","Piute County",3,60,21,14,7
050,49,031,"Utah","Piute County",3,61,20,12,8
050,49,031,"Utah","Piute County",3,62,18,11,7
050,49,031,"Utah","Piute County",3,63,22,11,11
050,49,031,"Utah","Piute County",3,64,22,9,13
050,49,031,"Utah","Piute County",3,65,27,14,13
050,49,031,"Utah","Piute County",3,66,23,13,10
050,49,031,"Utah","Piute County",3,67,18,5,13
050,49,031,"Utah","Piute County",3,68,23,8,15
050,49,031,"Utah","Piute County",3,69,26,14,12
050,49,031,"Utah","Piute County",3,70,32,15,17
050,49,031,"Utah","Piute County",3,71,29,15,14
050,49,031,"Utah","Piute County",3,72,28,16,12
050,49,031,"Utah","Piute County",3,73,21,9,12
050,49,031,"Utah","Piute County",3,74,22,10,12
050,49,031,"Utah","Piute County",3,75,15,7,8
050,49,031,"Utah","Piute County",3,76,17,8,9
050,49,031,"Utah","Piute County",3,77,17,10,7
050,49,031,"Utah","Piute County",3,78,16,6,10
050,49,031,"Utah","Piute County",3,79,14,8,6
050,49,031,"Utah","Piute County",3,80,14,9,5
050,49,031,"Utah","Piute County",3,81,18,11,7
050,49,031,"Utah","Piute County",3,82,19,10,9
050,49,031,"Utah","Piute County",3,83,16,8,8
050,49,031,"Utah","Piute County",3,84,10,3,7
050,49,031,"Utah","Piute County",3,85,31,17,14
050,49,031,"Utah","Piute County",4,0,17,11,6
050,49,031,"Utah","Piute County",4,1,18,10,8
050,49,031,"Utah","Piute County",4,2,19,9,10
050,49,031,"Utah","Piute County",4,3,16,7,9
050,49,031,"Utah","Piute County",4,4,16,7,9
050,49,031,"Utah","Piute County",4,5,8,3,5
050,49,031,"Utah","Piute County",4,6,12,6,6
050,49,031,"Utah","Piute County",4,7,14,7,7
050,49,031,"Utah","Piute County",4,8,16,8,8
050,49,031,"Utah","Piute County",4,9,14,4,10
050,49,031,"Utah","Piute County",4,10,12,4,8
050,49,031,"Utah","Piute County",4,11,18,7,11
050,49,031,"Utah","Piute County",4,12,18,8,10
050,49,031,"Utah","Piute County",4,13,14,5,9
050,49,031,"Utah","Piute County",4,14,21,11,10
050,49,031,"Utah","Piute County",4,15,22,12,10
050,49,031,"Utah","Piute County",4,16,25,13,12
050,49,031,"Utah","Piute County",4,17,30,15,15
050,49,031,"Utah","Piute County",4,18,24,12,12
050,49,031,"Utah","Piute County",4,19,14,9,5
050,49,031,"Utah","Piute County",4,20,13,7,6
050,49,031,"Utah","Piute County",4,21,23,12,11
050,49,031,"Utah","Piute County",4,22,15,7,8
050,49,031,"Utah","Piute County",4,23,17,6,11
050,49,031,"Utah","Piute County",4,24,14,10,4
050,49,031,"Utah","Piute County",4,25,14,8,6
050,49,031,"Utah","Piute County",4,26,14,7,7
050,49,031,"Utah","Piute County",4,27,14,6,8
050,49,031,"Utah","Piute County",4,28,11,6,5
050,49,031,"Utah","Piute County",4,29,16,5,11
050,49,031,"Utah","Piute County",4,30,13,5,8
050,49,031,"Utah","Piute County",4,31,17,7,10
050,49,031,"Utah","Piute County",4,32,12,6,6
050,49,031,"Utah","Piute County",4,33,13,6,7
050,49,031,"Utah","Piute County",4,34,11,5,6
050,49,031,"Utah","Piute County",4,35,14,7,7
050,49,031,"Utah","Piute County",4,36,14,7,7
050,49,031,"Utah","Piute County",4,37,16,7,9
050,49,031,"Utah","Piute County",4,38,14,7,7
050,49,031,"Utah","Piute County",4,39,11,7,4
050,49,031,"Utah","Piute County",4,40,12,5,7
050,49,031,"Utah","Piute County",4,41,16,6,10
050,49,031,"Utah","Piute County",4,42,15,8,7
050,49,031,"Utah","Piute County",4,43,15,7,8
050,49,031,"Utah","Piute County",4,44,16,8,8
050,49,031,"Utah","Piute County",4,45,18,10,8
050,49,031,"Utah","Piute County",4,46,17,10,7
050,49,031,"Utah","Piute County",4,47,14,8,6
050,49,031,"Utah","Piute County",4,48,12,3,9
050,49,031,"Utah","Piute County",4,49,18,11,7
050,49,031,"Utah","Piute County",4,50,16,7,9
050,49,031,"Utah","Piute County",4,51,12,4,8
050,49,031,"Utah","Piute County",4,52,17,10,7
050,49,031,"Utah","Piute County",4,53,13,8,5
050,49,031,"Utah","Piute County",4,54,14,10,4
050,49,031,"Utah","Piute County",4,55,15,8,7
050,49,031,"Utah","Piute County",4,56,10,7,3
050,49,031,"Utah","Piute County",4,57,20,9,11
050,49,031,"Utah","Piute County",4,58,25,12,13
050,49,031,"Utah","Piute County",4,59,24,13,11
050,49,031,"Utah","Piute County",4,60,17,10,7
050,49,031,"Utah","Piute County",4,61,21,14,7
050,49,031,"Utah","Piute County",4,62,21,12,9
050,49,031,"Utah","Piute County",4,63,19,12,7
050,49,031,"Utah","Piute County",4,64,25,13,12
050,49,031,"Utah","Piute County",4,65,27,10,17
050,49,031,"Utah","Piute County",4,66,29,15,14
050,49,031,"Utah","Piute County",4,67,20,9,11
050,49,031,"Utah","Piute County",4,68,21,8,13
050,49,031,"Utah","Piute County",4,69,23,8,15
050,49,031,"Utah","Piute County",4,70,26,14,12
050,49,031,"Utah","Piute County",4,71,28,11,17
050,49,031,"Utah","Piute County",4,72,28,15,13
050,49,031,"Utah","Piute County",4,73,26,15,11
050,49,031,"Utah","Piute County",4,74,20,8,12
050,49,031,"Utah","Piute County",4,75,21,10,11
050,49,031,"Utah","Piute County",4,76,15,7,8
050,49,031,"Utah","Piute County",4,77,17,8,9
050,49,031,"Utah","Piute County",4,78,19,11,8
050,49,031,"Utah","Piute County",4,79,14,6,8
050,49,031,"Utah","Piute County",4,80,14,8,6
050,49,031,"Utah","Piute County",4,81,12,7,5
050,49,031,"Utah","Piute County",4,82,16,10,6
050,49,031,"Utah","Piute County",4,83,16,7,9
050,49,031,"Utah","Piute County",4,84,12,7,5
050,49,031,"Utah","Piute County",4,85,33,16,17
050,49,031,"Utah","Piute County",5,0,18,12,6
050,49,031,"Utah","Piute County",5,1,19,13,6
050,49,031,"Utah","Piute County",5,2,18,11,7
050,49,031,"Utah","Piute County",5,3,19,9,10
050,49,031,"Utah","Piute County",5,4,16,8,8
050,49,031,"Utah","Piute County",5,5,15,6,9
050,49,031,"Utah","Piute County",5,6,10,4,6
050,49,031,"Utah","Piute County",5,7,13,6,7
050,49,031,"Utah","Piute County",5,8,17,9,8
050,49,031,"Utah","Piute County",5,9,19,10,9
050,49,031,"Utah","Piute County",5,10,16,5,11
050,49,031,"Utah","Piute County",5,11,16,6,10
050,49,031,"Utah","Piute County",5,12,22,9,13
050,49,031,"Utah","Piute County",5,13,20,9,11
050,49,031,"Utah","Piute County",5,14,15,6,9
050,49,031,"Utah","Piute County",5,15,23,12,11
050,49,031,"Utah","Piute County",5,16,25,13,12
050,49,031,"Utah","Piute County",5,17,28,14,14
050,49,031,"Utah","Piute County",5,18,27,13,14
050,49,031,"Utah","Piute County",5,19,18,10,8
050,49,031,"Utah","Piute County",5,20,16,10,6
050,49,031,"Utah","Piute County",5,21,14,8,6
050,49,031,"Utah","Piute County",5,22,23,10,13
050,49,031,"Utah","Piute County",5,23,19,12,7
050,49,031,"Utah","Piute County",5,24,19,8,11
050,49,031,"Utah","Piute County",5,25,11,7,4
050,49,031,"Utah","Piute County",5,26,18,9,9
050,49,031,"Utah","Piute County",5,27,18,10,8
050,49,031,"Utah","Piute County",5,28,13,6,7
050,49,031,"Utah","Piute County",5,29,9,4,5
050,49,031,"Utah","Piute County",5,30,14,3,11
050,49,031,"Utah","Piute County",5,31,13,5,8
050,49,031,"Utah","Piute County",5,32,16,7,9
050,49,031,"Utah","Piute County",5,33,13,7,6
050,49,031,"Utah","Piute County",5,34,14,6,8
050,49,031,"Utah","Piute County",5,35,12,5,7
050,49,031,"Utah","Piute County",5,36,15,7,8
050,49,031,"Utah","Piute County",5,37,14,7,7
050,49,031,"Utah","Piute County",5,38,16,7,9
050,49,031,"Utah","Piute County",5,39,15,8,7
050,49,031,"Utah","Piute County",5,40,11,7,4
050,49,031,"Utah","Piute County",5,41,13,5,8
050,49,031,"Utah","Piute County",5,42,17,7,10
050,49,031,"Utah","Piute County",5,43,16,9,7
050,49,031,"Utah","Piute County",5,44,15,7,8
050,49,031,"Utah","Piute County",5,45,16,8,8
050,49,031,"Utah","Piute County",5,46,18,10,8
050,49,031,"Utah","Piute County",5,47,15,7,8
050,49,031,"Utah","Piute County",5,48,15,8,7
050,49,031,"Utah","Piute County",5,49,11,3,8
050,49,031,"Utah","Piute County",5,50,19,11,8
050,49,031,"Utah","Piute County",5,51,16,6,10
050,49,031,"Utah","Piute County",5,52,14,6,8
050,49,031,"Utah","Piute County",5,53,18,10,8
050,49,031,"Utah","Piute County",5,54,20,14,6
050,49,031,"Utah","Piute County",5,55,14,13,1
050,49,031,"Utah","Piute County",5,56,17,10,7
050,49,031,"Utah","Piute County",5,57,14,9,5
050,49,031,"Utah","Piute County",5,58,20,9,11
050,49,031,"Utah","Piute County",5,59,27,14,13
050,49,031,"Utah","Piute County",5,60,24,13,11
050,49,031,"Utah","Piute County",5,61,18,10,8
050,49,031,"Utah","Piute County",5,62,22,14,8
050,49,031,"Utah","Piute County",5,63,19,10,9
050,49,031,"Utah","Piute County",5,64,19,12,7
050,49,031,"Utah","Piute County",5,65,25,13,12
050,49,031,"Utah","Piute County",5,66,26,11,15
050,49,031,"Utah","Piute County",5,67,29,15,14
050,49,031,"Utah","Piute County",5,68,20,8,12
050,49,031,"Utah","Piute County",5,69,21,9,12
050,49,031,"Utah","Piute County",5,70,25,9,16
050,49,031,"Utah","Piute County",5,71,25,12,13
050,49,031,"Utah","Piute County",5,72,28,11,17
050,49,031,"Utah","Piute County",5,73,26,15,11
050,49,031,"Utah","Piute County",5,74,25,14,11
050,49,031,"Utah","Piute County",5,75,20,8,12
050,49,031,"Utah","Piute County",5,76,20,10,10
050,49,031,"Utah","Piute County",5,77,16,7,9
050,49,031,"Utah","Piute County",5,78,17,8,9
050,49,031,"Utah","Piute County",5,79,17,11,6
050,49,031,"Utah","Piute County",5,80,14,6,8
050,49,031,"Utah","Piute County",5,81,13,7,6
050,49,031,"Utah","Piute County",5,82,10,6,4
050,49,031,"Utah","Piute County",5,83,15,9,6
050,49,031,"Utah","Piute County",5,84,15,6,9
050,49,031,"Utah","Piute County",5,85,39,20,19
050,49,033,"Utah","Rich County",1,0,29,15,14
050,49,033,"Utah","Rich County",1,1,29,16,13
050,49,033,"Utah","Rich County",1,2,33,17,16
050,49,033,"Utah","Rich County",1,3,36,22,14
050,49,033,"Utah","Rich County",1,4,41,26,15
050,49,033,"Utah","Rich County",1,5,40,26,14
050,49,033,"Utah","Rich County",1,6,43,24,19
050,49,033,"Utah","Rich County",1,7,44,26,18
050,49,033,"Utah","Rich County",1,8,50,24,26
050,49,033,"Utah","Rich County",1,9,37,22,15
050,49,033,"Utah","Rich County",1,10,42,24,18
050,49,033,"Utah","Rich County",1,11,41,19,22
050,49,033,"Utah","Rich County",1,12,44,18,26
050,49,033,"Utah","Rich County",1,13,40,21,19
050,49,033,"Utah","Rich County",1,14,49,22,27
050,49,033,"Utah","Rich County",1,15,35,19,16
050,49,033,"Utah","Rich County",1,16,49,26,23
050,49,033,"Utah","Rich County",1,17,42,20,22
050,49,033,"Utah","Rich County",1,18,28,13,15
050,49,033,"Utah","Rich County",1,19,31,19,12
050,49,033,"Utah","Rich County",1,20,25,12,13
050,49,033,"Utah","Rich County",1,21,36,17,19
050,49,033,"Utah","Rich County",1,22,22,13,9
050,49,033,"Utah","Rich County",1,23,25,14,11
050,49,033,"Utah","Rich County",1,24,27,16,11
050,49,033,"Utah","Rich County",1,25,21,12,9
050,49,033,"Utah","Rich County",1,26,20,9,11
050,49,033,"Utah","Rich County",1,27,22,11,11
050,49,033,"Utah","Rich County",1,28,23,8,15
050,49,033,"Utah","Rich County",1,29,26,16,10
050,49,033,"Utah","Rich County",1,30,31,14,17
050,49,033,"Utah","Rich County",1,31,34,11,23
050,49,033,"Utah","Rich County",1,32,29,18,11
050,49,033,"Utah","Rich County",1,33,24,11,13
050,49,033,"Utah","Rich County",1,34,28,11,17
050,49,033,"Utah","Rich County",1,35,33,16,17
050,49,033,"Utah","Rich County",1,36,34,20,14
050,49,033,"Utah","Rich County",1,37,33,22,11
050,49,033,"Utah","Rich County",1,38,26,16,10
050,49,033,"Utah","Rich County",1,39,32,15,17
050,49,033,"Utah","Rich County",1,40,32,17,15
050,49,033,"Utah","Rich County",1,41,34,17,17
050,49,033,"Utah","Rich County",1,42,32,18,14
050,49,033,"Utah","Rich County",1,43,26,12,14
050,49,033,"Utah","Rich County",1,44,21,10,11
050,49,033,"Utah","Rich County",1,45,25,13,12
050,49,033,"Utah","Rich County",1,46,27,15,12
050,49,033,"Utah","Rich County",1,47,29,16,13
050,49,033,"Utah","Rich County",1,48,27,19,8
050,49,033,"Utah","Rich County",1,49,29,18,11
050,49,033,"Utah","Rich County",1,50,21,11,10
050,49,033,"Utah","Rich County",1,51,18,13,5
050,49,033,"Utah","Rich County",1,52,23,11,12
050,49,033,"Utah","Rich County",1,53,23,12,11
050,49,033,"Utah","Rich County",1,54,26,14,12
050,49,033,"Utah","Rich County",1,55,26,13,13
050,49,033,"Utah","Rich County",1,56,30,12,18
050,49,033,"Utah","Rich County",1,57,29,13,16
050,49,033,"Utah","Rich County",1,58,24,12,12
050,49,033,"Utah","Rich County",1,59,36,19,17
050,49,033,"Utah","Rich County",1,60,27,13,14
050,49,033,"Utah","Rich County",1,61,26,15,11
050,49,033,"Utah","Rich County",1,62,32,18,14
050,49,033,"Utah","Rich County",1,63,39,22,17
050,49,033,"Utah","Rich County",1,64,37,24,13
050,49,033,"Utah","Rich County",1,65,33,16,17
050,49,033,"Utah","Rich County",1,66,33,20,13
050,49,033,"Utah","Rich County",1,67,33,21,12
050,49,033,"Utah","Rich County",1,68,42,28,14
050,49,033,"Utah","Rich County",1,69,24,15,9
050,49,033,"Utah","Rich County",1,70,23,9,14
050,49,033,"Utah","Rich County",1,71,27,13,14
050,49,033,"Utah","Rich County",1,72,28,16,12
050,49,033,"Utah","Rich County",1,73,28,14,14
050,49,033,"Utah","Rich County",1,74,18,7,11
050,49,033,"Utah","Rich County",1,75,20,10,10
050,49,033,"Utah","Rich County",1,76,18,10,8
050,49,033,"Utah","Rich County",1,77,19,9,10
050,49,033,"Utah","Rich County",1,78,22,9,13
050,49,033,"Utah","Rich County",1,79,14,6,8
050,49,033,"Utah","Rich County",1,80,13,5,8
050,49,033,"Utah","Rich County",1,81,12,9,3
050,49,033,"Utah","Rich County",1,82,7,6,1
050,49,033,"Utah","Rich County",1,83,8,6,2
050,49,033,"Utah","Rich County",1,84,5,3,2
050,49,033,"Utah","Rich County",1,85,53,30,23
050,49,033,"Utah","Rich County",2,0,28,14,14
050,49,033,"Utah","Rich County",2,1,29,15,14
050,49,033,"Utah","Rich County",2,2,32,17,15
050,49,033,"Utah","Rich County",2,3,35,21,14
050,49,033,"Utah","Rich County",2,4,41,26,15
050,49,033,"Utah","Rich County",2,5,40,26,14
050,49,033,"Utah","Rich County",2,6,43,25,18
050,49,033,"Utah","Rich County",2,7,44,25,19
050,49,033,"Utah","Rich County",2,8,47,23,24
050,49,033,"Utah","Rich County",2,9,40,22,18
050,49,033,"Utah","Rich County",2,10,41,24,17
050,49,033,"Utah","Rich County",2,11,41,20,21
050,49,033,"Utah","Rich County",2,12,42,18,24
050,49,033,"Utah","Rich County",2,13,40,20,20
050,49,033,"Utah","Rich County",2,14,44,21,23
050,49,033,"Utah","Rich County",2,15,38,19,19
050,49,033,"Utah","Rich County",2,16,45,24,21
050,49,033,"Utah","Rich County",2,17,44,22,22
050,49,033,"Utah","Rich County",2,18,30,14,16
050,49,033,"Utah","Rich County",2,19,31,19,12
050,49,033,"Utah","Rich County",2,20,25,12,13
050,49,033,"Utah","Rich County",2,21,34,16,18
050,49,033,"Utah","Rich County",2,22,24,13,11
050,49,033,"Utah","Rich County",2,23,25,14,11
050,49,033,"Utah","Rich County",2,24,24,14,10
050,49,033,"Utah","Rich County",2,25,22,13,9
050,49,033,"Utah","Rich County",2,26,20,9,11
050,49,033,"Utah","Rich County",2,27,21,10,11
050,49,033,"Utah","Rich County",2,28,23,9,14
050,49,033,"Utah","Rich County",2,29,27,15,12
050,49,033,"Utah","Rich County",2,30,30,14,16
050,49,033,"Utah","Rich County",2,31,33,12,21
050,49,033,"Utah","Rich County",2,32,30,17,13
050,49,033,"Utah","Rich County",2,33,26,12,14
050,49,033,"Utah","Rich County",2,34,28,11,17
050,49,033,"Utah","Rich County",2,35,32,15,17
050,49,033,"Utah","Rich County",2,36,33,18,15
050,49,033,"Utah","Rich County",2,37,33,21,12
050,49,033,"Utah","Rich County",2,38,27,17,10
050,49,033,"Utah","Rich County",2,39,30,15,15
050,49,033,"Utah","Rich County",2,40,32,17,15
050,49,033,"Utah","Rich County",2,41,33,17,16
050,49,033,"Utah","Rich County",2,42,33,18,15
050,49,033,"Utah","Rich County",2,43,27,13,14
050,49,033,"Utah","Rich County",2,44,22,11,11
050,49,033,"Utah","Rich County",2,45,24,12,12
050,49,033,"Utah","Rich County",2,46,26,14,12
050,49,033,"Utah","Rich County",2,47,28,16,12
050,49,033,"Utah","Rich County",2,48,28,19,9
050,49,033,"Utah","Rich County",2,49,28,18,10
050,49,033,"Utah","Rich County",2,50,23,13,10
050,49,033,"Utah","Rich County",2,51,18,12,6
050,49,033,"Utah","Rich County",2,52,22,11,11
050,49,033,"Utah","Rich County",2,53,24,12,12
050,49,033,"Utah","Rich County",2,54,25,14,11
050,49,033,"Utah","Rich County",2,55,26,13,13
050,49,033,"Utah","Rich County",2,56,29,12,17
050,49,033,"Utah","Rich County",2,57,29,13,16
050,49,033,"Utah","Rich County",2,58,25,12,13
050,49,033,"Utah","Rich County",2,59,33,17,16
050,49,033,"Utah","Rich County",2,60,29,14,15
050,49,033,"Utah","Rich County",2,61,26,15,11
050,49,033,"Utah","Rich County",2,62,31,18,13
050,49,033,"Utah","Rich County",2,63,39,22,17
050,49,033,"Utah","Rich County",2,64,38,23,15
050,49,033,"Utah","Rich County",2,65,34,18,16
050,49,033,"Utah","Rich County",2,66,33,19,14
050,49,033,"Utah","Rich County",2,67,33,21,12
050,49,033,"Utah","Rich County",2,68,40,26,14
050,49,033,"Utah","Rich County",2,69,28,18,10
050,49,033,"Utah","Rich County",2,70,24,11,13
050,49,033,"Utah","Rich County",2,71,26,12,14
050,49,033,"Utah","Rich County",2,72,28,15,13
050,49,033,"Utah","Rich County",2,73,29,15,14
050,49,033,"Utah","Rich County",2,74,19,8,11
050,49,033,"Utah","Rich County",2,75,19,9,10
050,49,033,"Utah","Rich County",2,76,18,10,8
050,49,033,"Utah","Rich County",2,77,18,9,9
050,49,033,"Utah","Rich County",2,78,21,9,12
050,49,033,"Utah","Rich County",2,79,16,7,9
050,49,033,"Utah","Rich County",2,80,13,5,8
050,49,033,"Utah","Rich County",2,81,12,8,4
050,49,033,"Utah","Rich County",2,82,8,7,1
050,49,033,"Utah","Rich County",2,83,8,6,2
050,49,033,"Utah","Rich County",2,84,6,4,2
050,49,033,"Utah","Rich County",2,85,52,30,22
050,49,033,"Utah","Rich County",3,0,35,18,17
050,49,033,"Utah","Rich County",3,1,28,19,9
050,49,033,"Utah","Rich County",3,2,28,13,15
050,49,033,"Utah","Rich County",3,3,32,18,14
050,49,033,"Utah","Rich County",3,4,37,23,14
050,49,033,"Utah","Rich County",3,5,42,28,14
050,49,033,"Utah","Rich County",3,6,44,29,15
050,49,033,"Utah","Rich County",3,7,45,23,22
050,49,033,"Utah","Rich County",3,8,46,25,21
050,49,033,"Utah","Rich County",3,9,51,23,28
050,49,033,"Utah","Rich County",3,10,41,23,18
050,49,033,"Utah","Rich County",3,11,47,29,18
050,49,033,"Utah","Rich County",3,12,39,19,20
050,49,033,"Utah","Rich County",3,13,43,19,24
050,49,033,"Utah","Rich County",3,14,44,23,21
050,49,033,"Utah","Rich County",3,15,48,21,27
050,49,033,"Utah","Rich County",3,16,44,22,22
050,49,033,"Utah","Rich County",3,17,51,28,23
050,49,033,"Utah","Rich County",3,18,40,21,19
050,49,033,"Utah","Rich County",3,19,34,21,13
050,49,033,"Utah","Rich County",3,20,25,11,14
050,49,033,"Utah","Rich County",3,21,30,12,18
050,49,033,"Utah","Rich County",3,22,25,12,13
050,49,033,"Utah","Rich County",3,23,26,16,10
050,49,033,"Utah","Rich County",3,24,29,17,12
050,49,033,"Utah","Rich County",3,25,23,13,10
050,49,033,"Utah","Rich County",3,26,20,12,8
050,49,033,"Utah","Rich County",3,27,23,11,12
050,49,033,"Utah","Rich County",3,28,21,9,12
050,49,033,"Utah","Rich County",3,29,25,12,13
050,49,033,"Utah","Rich County",3,30,27,16,11
050,49,033,"Utah","Rich County",3,31,28,10,18
050,49,033,"Utah","Rich County",3,32,34,10,24
050,49,033,"Utah","Rich County",3,33,30,16,14
050,49,033,"Utah","Rich County",3,34,26,13,13
050,49,033,"Utah","Rich County",3,35,29,13,16
050,49,033,"Utah","Rich County",3,36,30,14,16
050,49,033,"Utah","Rich County",3,37,30,15,15
050,49,033,"Utah","Rich County",3,38,33,20,13
050,49,033,"Utah","Rich County",3,39,30,20,10
050,49,033,"Utah","Rich County",3,40,31,15,16
050,49,033,"Utah","Rich County",3,41,36,17,19
050,49,033,"Utah","Rich County",3,42,35,19,16
050,49,033,"Utah","Rich County",3,43,36,21,15
050,49,033,"Utah","Rich County",3,44,34,17,17
050,49,033,"Utah","Rich County",3,45,26,15,11
050,49,033,"Utah","Rich County",3,46,25,12,13
050,49,033,"Utah","Rich County",3,47,28,15,13
050,49,033,"Utah","Rich County",3,48,28,17,11
050,49,033,"Utah","Rich County",3,49,28,19,9
050,49,033,"Utah","Rich County",3,50,26,18,8
050,49,033,"Utah","Rich County",3,51,20,11,9
050,49,033,"Utah","Rich County",3,52,18,13,5
050,49,033,"Utah","Rich County",3,53,27,12,15
050,49,033,"Utah","Rich County",3,54,25,12,13
050,49,033,"Utah","Rich County",3,55,26,15,11
050,49,033,"Utah","Rich County",3,56,26,13,13
050,49,033,"Utah","Rich County",3,57,25,10,15
050,49,033,"Utah","Rich County",3,58,32,13,19
050,49,033,"Utah","Rich County",3,59,24,11,13
050,49,033,"Utah","Rich County",3,60,39,19,20
050,49,033,"Utah","Rich County",3,61,33,15,18
050,49,033,"Utah","Rich County",3,62,28,18,10
050,49,033,"Utah","Rich County",3,63,34,18,16
050,49,033,"Utah","Rich County",3,64,47,26,21
050,49,033,"Utah","Rich County",3,65,39,25,14
050,49,033,"Utah","Rich County",3,66,32,17,15
050,49,033,"Utah","Rich County",3,67,31,18,13
050,49,033,"Utah","Rich County",3,68,35,23,12
050,49,033,"Utah","Rich County",3,69,40,26,14
050,49,033,"Utah","Rich County",3,70,27,16,11
050,49,033,"Utah","Rich County",3,71,22,9,13
050,49,033,"Utah","Rich County",3,72,23,10,13
050,49,033,"Utah","Rich County",3,73,27,15,12
050,49,033,"Utah","Rich County",3,74,26,13,13
050,49,033,"Utah","Rich County",3,75,19,8,11
050,49,033,"Utah","Rich County",3,76,19,9,10
050,49,033,"Utah","Rich County",3,77,18,10,8
050,49,033,"Utah","Rich County",3,78,16,7,9
050,49,033,"Utah","Rich County",3,79,21,9,12
050,49,033,"Utah","Rich County",3,80,11,7,4
050,49,033,"Utah","Rich County",3,81,12,4,8
050,49,033,"Utah","Rich County",3,82,11,7,4
050,49,033,"Utah","Rich County",3,83,7,6,1
050,49,033,"Utah","Rich County",3,84,8,6,2
050,49,033,"Utah","Rich County",3,85,56,32,24
050,49,033,"Utah","Rich County",4,0,31,14,17
050,49,033,"Utah","Rich County",4,1,32,18,14
050,49,033,"Utah","Rich County",4,2,29,20,9
050,49,033,"Utah","Rich County",4,3,27,13,14
050,49,033,"Utah","Rich County",4,4,32,18,14
050,49,033,"Utah","Rich County",4,5,35,23,12
050,49,033,"Utah","Rich County",4,6,43,28,15
050,49,033,"Utah","Rich County",4,7,46,28,18
050,49,033,"Utah","Rich County",4,8,47,24,23
050,49,033,"Utah","Rich County",4,9,44,26,18
050,49,033,"Utah","Rich County",4,10,50,23,27
050,49,033,"Utah","Rich County",4,11,39,21,18
050,49,033,"Utah","Rich County",4,12,47,29,18
050,49,033,"Utah","Rich County",4,13,43,21,22
050,49,033,"Utah","Rich County",4,14,45,22,23
050,49,033,"Utah","Rich County",4,15,43,20,23
050,49,033,"Utah","Rich County",4,16,51,24,27
050,49,033,"Utah","Rich County",4,17,46,24,22
050,49,033,"Utah","Rich County",4,18,48,26,22
050,49,033,"Utah","Rich County",4,19,42,26,16
050,49,033,"Utah","Rich County",4,20,24,11,13
050,49,033,"Utah","Rich County",4,21,24,11,13
050,49,033,"Utah","Rich County",4,22,25,9,16
050,49,033,"Utah","Rich County",4,23,28,14,14
050,49,033,"Utah","Rich County",4,24,27,18,9
050,49,033,"Utah","Rich County",4,25,33,21,12
050,49,033,"Utah","Rich County",4,26,22,11,11
050,49,033,"Utah","Rich County",4,27,19,13,6
050,49,033,"Utah","Rich County",4,28,19,9,10
050,49,033,"Utah","Rich County",4,29,20,9,11
050,49,033,"Utah","Rich County",4,30,27,12,15
050,49,033,"Utah","Rich County",4,31,26,14,12
050,49,033,"Utah","Rich County",4,32,29,10,19
050,49,033,"Utah","Rich County",4,33,35,10,25
050,49,033,"Utah","Rich County",4,34,29,15,14
050,49,033,"Utah","Rich County",4,35,25,14,11
050,49,033,"Utah","Rich County",4,36,28,13,15
050,49,033,"Utah","Rich County",4,37,31,14,17
050,49,033,"Utah","Rich County",4,38,34,16,18
050,49,033,"Utah","Rich County",4,39,34,21,13
050,49,033,"Utah","Rich County",4,40,30,21,9
050,49,033,"Utah","Rich County",4,41,31,15,16
050,49,033,"Utah","Rich County",4,42,39,20,19
050,49,033,"Utah","Rich County",4,43,34,18,16
050,49,033,"Utah","Rich County",4,44,39,23,16
050,49,033,"Utah","Rich County",4,45,32,17,15
050,49,033,"Utah","Rich County",4,46,26,14,12
050,49,033,"Utah","Rich County",4,47,27,12,15
050,49,033,"Utah","Rich County",4,48,30,14,16
050,49,033,"Utah","Rich County",4,49,31,17,14
050,49,033,"Utah","Rich County",4,50,29,20,9
050,49,033,"Utah","Rich County",4,51,26,18,8
050,49,033,"Utah","Rich County",4,52,23,13,10
050,49,033,"Utah","Rich County",4,53,17,11,6
050,49,033,"Utah","Rich County",4,54,26,12,14
050,49,033,"Utah","Rich County",4,55,25,12,13
050,49,033,"Utah","Rich County",4,56,29,15,14
050,49,033,"Utah","Rich County",4,57,28,16,12
050,49,033,"Utah","Rich County",4,58,24,8,16
050,49,033,"Utah","Rich County",4,59,31,12,19
050,49,033,"Utah","Rich County",4,60,29,14,15
050,49,033,"Utah","Rich County",4,61,44,22,22
050,49,033,"Utah","Rich County",4,62,34,15,19
050,49,033,"Utah","Rich County",4,63,28,18,10
050,49,033,"Utah","Rich County",4,64,37,19,18
050,49,033,"Utah","Rich County",4,65,47,28,19
050,49,033,"Utah","Rich County",4,66,43,27,16
050,49,033,"Utah","Rich County",4,67,31,17,14
050,49,033,"Utah","Rich County",4,68,33,20,13
050,49,033,"Utah","Rich County",4,69,36,24,12
050,49,033,"Utah","Rich County",4,70,41,27,14
050,49,033,"Utah","Rich County",4,71,29,17,12
050,49,033,"Utah","Rich County",4,72,21,6,15
050,49,033,"Utah","Rich County",4,73,23,10,13
050,49,033,"Utah","Rich County",4,74,26,14,12
050,49,033,"Utah","Rich County",4,75,24,12,12
050,49,033,"Utah","Rich County",4,76,19,9,10
050,49,033,"Utah","Rich County",4,77,20,9,11
050,49,033,"Utah","Rich County",4,78,18,9,9
050,49,033,"Utah","Rich County",4,79,16,7,9
050,49,033,"Utah","Rich County",4,80,19,9,10
050,49,033,"Utah","Rich County",4,81,12,8,4
050,49,033,"Utah","Rich County",4,82,11,4,7
050,49,033,"Utah","Rich County",4,83,9,5,4
050,49,033,"Utah","Rich County",4,84,7,6,1
050,49,033,"Utah","Rich County",4,85,56,35,21
050,49,033,"Utah","Rich County",5,0,28,14,14
050,49,033,"Utah","Rich County",5,1,31,14,17
050,49,033,"Utah","Rich County",5,2,32,17,15
050,49,033,"Utah","Rich County",5,3,32,23,9
050,49,033,"Utah","Rich County",5,4,24,10,14
050,49,033,"Utah","Rich County",5,5,34,18,16
050,49,033,"Utah","Rich County",5,6,41,28,13
050,49,033,"Utah","Rich County",5,7,43,27,16
050,49,033,"Utah","Rich County",5,8,49,30,19
050,49,033,"Utah","Rich County",5,9,46,24,22
050,49,033,"Utah","Rich County",5,10,42,23,19
050,49,033,"Utah","Rich County",5,11,50,22,28
050,49,033,"Utah","Rich County",5,12,39,22,17
050,49,033,"Utah","Rich County",5,13,49,30,19
050,49,033,"Utah","Rich County",5,14,40,21,19
050,49,033,"Utah","Rich County",5,15,46,22,24
050,49,033,"Utah","Rich County",5,16,44,21,23
050,49,033,"Utah","Rich County",5,17,53,23,30
050,49,033,"Utah","Rich County",5,18,41,21,20
050,49,033,"Utah","Rich County",5,19,46,30,16
050,49,033,"Utah","Rich County",5,20,37,20,17
050,49,033,"Utah","Rich County",5,21,31,14,17
050,49,033,"Utah","Rich County",5,22,26,12,14
050,49,033,"Utah","Rich County",5,23,25,9,16
050,49,033,"Utah","Rich County",5,24,25,12,13
050,49,033,"Utah","Rich County",5,25,26,18,8
050,49,033,"Utah","Rich County",5,26,25,19,6
050,49,033,"Utah","Rich County",5,27,24,13,11
050,49,033,"Utah","Rich County",5,28,14,10,4
050,49,033,"Utah","Rich County",5,29,19,11,8
050,49,033,"Utah","Rich County",5,30,20,9,11
050,49,033,"Utah","Rich County",5,31,31,14,17
050,49,033,"Utah","Rich County",5,32,31,15,16
050,49,033,"Utah","Rich County",5,33,26,9,17
050,49,033,"Utah","Rich County",5,34,38,13,25
050,49,033,"Utah","Rich County",5,35,25,12,13
050,49,033,"Utah","Rich County",5,36,27,15,12
050,49,033,"Utah","Rich County",5,37,28,12,16
050,49,033,"Utah","Rich County",5,38,36,18,18
050,49,033,"Utah","Rich County",5,39,36,17,19
050,49,033,"Utah","Rich County",5,40,38,25,13
050,49,033,"Utah","Rich County",5,41,33,23,10
050,49,033,"Utah","Rich County",5,42,32,16,16
050,49,033,"Utah","Rich County",5,43,38,19,19
050,49,033,"Utah","Rich County",5,44,36,19,17
050,49,033,"Utah","Rich County",5,45,39,23,16
050,49,033,"Utah","Rich County",5,46,31,17,14
050,49,033,"Utah","Rich County",5,47,27,14,13
050,49,033,"Utah","Rich County",5,48,27,11,16
050,49,033,"Utah","Rich County",5,49,30,14,16
050,49,033,"Utah","Rich County",5,50,29,17,12
050,49,033,"Utah","Rich County",5,51,29,20,9
050,49,033,"Utah","Rich County",5,52,29,18,11
050,49,033,"Utah","Rich County",5,53,24,13,11
050,49,033,"Utah","Rich County",5,54,17,13,4
050,49,033,"Utah","Rich County",5,55,31,14,17
050,49,033,"Utah","Rich County",5,56,27,14,13
050,49,033,"Utah","Rich County",5,57,28,14,14
050,49,033,"Utah","Rich County",5,58,30,16,14
050,49,033,"Utah","Rich County",5,59,25,10,15
050,49,033,"Utah","Rich County",5,60,30,11,19
050,49,033,"Utah","Rich County",5,61,32,16,16
050,49,033,"Utah","Rich County",5,62,42,21,21
050,49,033,"Utah","Rich County",5,63,35,15,20
050,49,033,"Utah","Rich County",5,64,25,15,10
050,49,033,"Utah","Rich County",5,65,39,19,20
050,49,033,"Utah","Rich County",5,66,47,25,22
050,49,033,"Utah","Rich County",5,67,39,26,13
050,49,033,"Utah","Rich County",5,68,30,15,15
050,49,033,"Utah","Rich County",5,69,33,20,13
050,49,033,"Utah","Rich County",5,70,38,25,13
050,49,033,"Utah","Rich County",5,71,40,27,13
050,49,033,"Utah","Rich County",5,72,28,16,12
050,49,033,"Utah","Rich County",5,73,20,6,14
050,49,033,"Utah","Rich County",5,74,22,9,13
050,49,033,"Utah","Rich County",5,75,25,14,11
050,49,033,"Utah","Rich County",5,76,20,11,9
050,49,033,"Utah","Rich County",5,77,17,7,10
050,49,033,"Utah","Rich County",5,78,18,7,11
050,49,033,"Utah","Rich County",5,79,18,9,9
050,49,033,"Utah","Rich County",5,80,12,5,7
050,49,033,"Utah","Rich County",5,81,19,9,10
050,49,033,"Utah","Rich County",5,82,12,9,3
050,49,033,"Utah","Rich County",5,83,8,2,6
050,49,033,"Utah","Rich County",5,84,9,5,4
050,49,033,"Utah","Rich County",5,85,52,34,18
050,49,035,"Utah","Salt Lake County",1,0,16222,8310,7912
050,49,035,"Utah","Salt Lake County",1,1,15947,8176,7771
050,49,035,"Utah","Salt Lake County",1,2,16106,8250,7856
050,49,035,"Utah","Salt Lake County",1,3,16895,8566,8329
050,49,035,"Utah","Salt Lake County",1,4,17066,8554,8512
050,49,035,"Utah","Salt Lake County",1,5,17260,8795,8465
050,49,035,"Utah","Salt Lake County",1,6,17394,8908,8486
050,49,035,"Utah","Salt Lake County",1,7,17289,8743,8546
050,49,035,"Utah","Salt Lake County",1,8,16999,8635,8364
050,49,035,"Utah","Salt Lake County",1,9,17542,8922,8620
050,49,035,"Utah","Salt Lake County",1,10,18213,9350,8863
050,49,035,"Utah","Salt Lake County",1,11,18545,9538,9007
050,49,035,"Utah","Salt Lake County",1,12,19105,9907,9198
050,49,035,"Utah","Salt Lake County",1,13,18956,9810,9146
050,49,035,"Utah","Salt Lake County",1,14,18320,9392,8928
050,49,035,"Utah","Salt Lake County",1,15,18129,9249,8880
050,49,035,"Utah","Salt Lake County",1,16,18157,9238,8919
050,49,035,"Utah","Salt Lake County",1,17,17927,9142,8785
050,49,035,"Utah","Salt Lake County",1,18,16346,8508,7838
050,49,035,"Utah","Salt Lake County",1,19,15048,7852,7196
050,49,035,"Utah","Salt Lake County",1,20,14958,7737,7221
050,49,035,"Utah","Salt Lake County",1,21,15314,7885,7429
050,49,035,"Utah","Salt Lake County",1,22,16134,8172,7962
050,49,035,"Utah","Salt Lake County",1,23,17458,8800,8658
050,49,035,"Utah","Salt Lake County",1,24,18361,9168,9193
050,49,035,"Utah","Salt Lake County",1,25,19015,9633,9382
050,49,035,"Utah","Salt Lake County",1,26,19658,10004,9654
050,49,035,"Utah","Salt Lake County",1,27,19771,10142,9629
050,49,035,"Utah","Salt Lake County",1,28,20246,10328,9918
050,49,035,"Utah","Salt Lake County",1,29,20471,10390,10081
050,49,035,"Utah","Salt Lake County",1,30,19956,10084,9872
050,49,035,"Utah","Salt Lake County",1,31,19635,10143,9492
050,49,035,"Utah","Salt Lake County",1,32,18753,9662,9091
050,49,035,"Utah","Salt Lake County",1,33,18015,9199,8816
050,49,035,"Utah","Salt Lake County",1,34,18004,9194,8810
050,49,035,"Utah","Salt Lake County",1,35,17960,9280,8680
050,49,035,"Utah","Salt Lake County",1,36,18170,9297,8873
050,49,035,"Utah","Salt Lake County",1,37,18537,9449,9088
050,49,035,"Utah","Salt Lake County",1,38,18444,9424,9020
050,49,035,"Utah","Salt Lake County",1,39,18428,9576,8852
050,49,035,"Utah","Salt Lake County",1,40,18172,9364,8808
050,49,035,"Utah","Salt Lake County",1,41,17745,9092,8653
050,49,035,"Utah","Salt Lake County",1,42,17389,8919,8470
050,49,035,"Utah","Salt Lake County",1,43,16456,8552,7904
050,49,035,"Utah","Salt Lake County",1,44,15433,7941,7492
050,49,035,"Utah","Salt Lake County",1,45,14791,7668,7123
050,49,035,"Utah","Salt Lake County",1,46,14347,7481,6866
050,49,035,"Utah","Salt Lake County",1,47,14163,7349,6814
050,49,035,"Utah","Salt Lake County",1,48,14277,7444,6833
050,49,035,"Utah","Salt Lake County",1,49,14568,7549,7019
050,49,035,"Utah","Salt Lake County",1,50,13783,7146,6637
050,49,035,"Utah","Salt Lake County",1,51,13114,6775,6339
050,49,035,"Utah","Salt Lake County",1,52,12356,6394,5962
050,49,035,"Utah","Salt Lake County",1,53,12091,6184,5907
050,49,035,"Utah","Salt Lake County",1,54,11895,6058,5837
050,49,035,"Utah","Salt Lake County",1,55,12035,6083,5952
050,49,035,"Utah","Salt Lake County",1,56,12224,6157,6067
050,49,035,"Utah","Salt Lake County",1,57,12373,6159,6214
050,49,035,"Utah","Salt Lake County",1,58,12414,6164,6250
050,49,035,"Utah","Salt Lake County",1,59,12183,6015,6168
050,49,035,"Utah","Salt Lake County",1,60,11956,5889,6067
050,49,035,"Utah","Salt Lake County",1,61,11769,5750,6019
050,49,035,"Utah","Salt Lake County",1,62,11575,5724,5851
050,49,035,"Utah","Salt Lake County",1,63,11203,5595,5608
050,49,035,"Utah","Salt Lake County",1,64,10810,5391,5419
050,49,035,"Utah","Salt Lake County",1,65,10511,5240,5271
050,49,035,"Utah","Salt Lake County",1,66,10083,4995,5088
050,49,035,"Utah","Salt Lake County",1,67,9654,4701,4953
050,49,035,"Utah","Salt Lake County",1,68,9130,4394,4736
050,49,035,"Utah","Salt Lake County",1,69,8277,3925,4352
050,49,035,"Utah","Salt Lake County",1,70,7893,3695,4198
050,49,035,"Utah","Salt Lake County",1,71,7480,3541,3939
050,49,035,"Utah","Salt Lake County",1,72,7409,3551,3858
050,49,035,"Utah","Salt Lake County",1,73,7045,3357,3688
050,49,035,"Utah","Salt Lake County",1,74,5055,2314,2741
050,49,035,"Utah","Salt Lake County",1,75,5073,2310,2763
050,49,035,"Utah","Salt Lake County",1,76,4960,2246,2714
050,49,035,"Utah","Salt Lake County",1,77,4683,2091,2592
050,49,035,"Utah","Salt Lake County",1,78,4036,1809,2227
050,49,035,"Utah","Salt Lake County",1,79,3646,1618,2028
050,49,035,"Utah","Salt Lake County",1,80,3316,1405,1911
050,49,035,"Utah","Salt Lake County",1,81,3092,1355,1737
050,49,035,"Utah","Salt Lake County",1,82,2747,1181,1566
050,49,035,"Utah","Salt Lake County",1,83,2458,1029,1429
050,49,035,"Utah","Salt Lake County",1,84,2247,944,1303
050,49,035,"Utah","Salt Lake County",1,85,12559,4787,7772
050,49,035,"Utah","Salt Lake County",2,0,15965,8260,7705
050,49,035,"Utah","Salt Lake County",2,1,15925,8167,7758
050,49,035,"Utah","Salt Lake County",2,2,16006,8208,7798
050,49,035,"Utah","Salt Lake County",2,3,16577,8430,8147
050,49,035,"Utah","Salt Lake County",2,4,17013,8549,8464
050,49,035,"Utah","Salt Lake County",2,5,17158,8710,8448
050,49,035,"Utah","Salt Lake County",2,6,17340,8874,8466
050,49,035,"Utah","Salt Lake County",2,7,17233,8739,8494
050,49,035,"Utah","Salt Lake County",2,8,16987,8618,8369
050,49,035,"Utah","Salt Lake County",2,9,17366,8843,8523
050,49,035,"Utah","Salt Lake County",2,10,18018,9231,8787
050,49,035,"Utah","Salt Lake County",2,11,18375,9442,8933
050,49,035,"Utah","Salt Lake County",2,12,19031,9852,9179
050,49,035,"Utah","Salt Lake County",2,13,18939,9811,9128
050,49,035,"Utah","Salt Lake County",2,14,18454,9488,8966
050,49,035,"Utah","Salt Lake County",2,15,18181,9290,8891
050,49,035,"Utah","Salt Lake County",2,16,18154,9245,8909
050,49,035,"Utah","Salt Lake County",2,17,17997,9171,8826
050,49,035,"Utah","Salt Lake County",2,18,16464,8550,7914
050,49,035,"Utah","Salt Lake County",2,19,15085,7875,7210
050,49,035,"Utah","Salt Lake County",2,20,15198,7854,7344
050,49,035,"Utah","Salt Lake County",2,21,15414,7946,7468
050,49,035,"Utah","Salt Lake County",2,22,16287,8252,8035
050,49,035,"Utah","Salt Lake County",2,23,17488,8814,8674
050,49,035,"Utah","Salt Lake County",2,24,18323,9186,9137
050,49,035,"Utah","Salt Lake County",2,25,19056,9630,9426
050,49,035,"Utah","Salt Lake County",2,26,19638,10009,9629
050,49,035,"Utah","Salt Lake County",2,27,19759,10131,9628
050,49,035,"Utah","Salt Lake County",2,28,20186,10327,9859
050,49,035,"Utah","Salt Lake County",2,29,20420,10376,10044
050,49,035,"Utah","Salt Lake County",2,30,20167,10212,9955
050,49,035,"Utah","Salt Lake County",2,31,19611,10102,9509
050,49,035,"Utah","Salt Lake County",2,32,18921,9758,9163
050,49,035,"Utah","Salt Lake County",2,33,18122,9276,8846
050,49,035,"Utah","Salt Lake County",2,34,17965,9178,8787
050,49,035,"Utah","Salt Lake County",2,35,18027,9281,8746
050,49,035,"Utah","Salt Lake County",2,36,17973,9211,8762
050,49,035,"Utah","Salt Lake County",2,37,18436,9397,9039
050,49,035,"Utah","Salt Lake County",2,38,18519,9457,9062
050,49,035,"Utah","Salt Lake County",2,39,18342,9492,8850
050,49,035,"Utah","Salt Lake County",2,40,18348,9478,8870
050,49,035,"Utah","Salt Lake County",2,41,17796,9119,8677
050,49,035,"Utah","Salt Lake County",2,42,17391,8931,8460
050,49,035,"Utah","Salt Lake County",2,43,16767,8676,8091
050,49,035,"Utah","Salt Lake County",2,44,15537,8018,7519
050,49,035,"Utah","Salt Lake County",2,45,15011,7773,7238
050,49,035,"Utah","Salt Lake County",2,46,14400,7493,6907
050,49,035,"Utah","Salt Lake County",2,47,14159,7350,6809
050,49,035,"Utah","Salt Lake County",2,48,14210,7396,6814
050,49,035,"Utah","Salt Lake County",2,49,14539,7555,6984
050,49,035,"Utah","Salt Lake County",2,50,13966,7234,6732
050,49,035,"Utah","Salt Lake County",2,51,13229,6854,6375
050,49,035,"Utah","Salt Lake County",2,52,12510,6465,6045
050,49,035,"Utah","Salt Lake County",2,53,12111,6213,5898
050,49,035,"Utah","Salt Lake County",2,54,11906,6072,5834
050,49,035,"Utah","Salt Lake County",2,55,11985,6060,5925
050,49,035,"Utah","Salt Lake County",2,56,12173,6140,6033
050,49,035,"Utah","Salt Lake County",2,57,12322,6142,6180
050,49,035,"Utah","Salt Lake County",2,58,12361,6135,6226
050,49,035,"Utah","Salt Lake County",2,59,12259,6060,6199
050,49,035,"Utah","Salt Lake County",2,60,11976,5899,6077
050,49,035,"Utah","Salt Lake County",2,61,11748,5752,5996
050,49,035,"Utah","Salt Lake County",2,62,11554,5691,5863
050,49,035,"Utah","Salt Lake County",2,63,11330,5637,5693
050,49,035,"Utah","Salt Lake County",2,64,10824,5395,5429
050,49,035,"Utah","Salt Lake County",2,65,10520,5239,5281
050,49,035,"Utah","Salt Lake County",2,66,10153,5041,5112
050,49,035,"Utah","Salt Lake County",2,67,9685,4732,4953
050,49,035,"Utah","Salt Lake County",2,68,9159,4415,4744
050,49,035,"Utah","Salt Lake County",2,69,8491,4038,4453
050,49,035,"Utah","Salt Lake County",2,70,7932,3716,4216
050,49,035,"Utah","Salt Lake County",2,71,7545,3552,3993
050,49,035,"Utah","Salt Lake County",2,72,7274,3480,3794
050,49,035,"Utah","Salt Lake County",2,73,7451,3558,3893
050,49,035,"Utah","Salt Lake County",2,74,5190,2402,2788
050,49,035,"Utah","Salt Lake County",2,75,5062,2312,2750
050,49,035,"Utah","Salt Lake County",2,76,4907,2219,2688
050,49,035,"Utah","Salt Lake County",2,77,4799,2143,2656
050,49,035,"Utah","Salt Lake County",2,78,4072,1824,2248
050,49,035,"Utah","Salt Lake County",2,79,3664,1615,2049
050,49,035,"Utah","Salt Lake County",2,80,3366,1440,1926
050,49,035,"Utah","Salt Lake County",2,81,3097,1345,1752
050,49,035,"Utah","Salt Lake County",2,82,2783,1198,1585
050,49,035,"Utah","Salt Lake County",2,83,2461,1041,1420
050,49,035,"Utah","Salt Lake County",2,84,2256,952,1304
050,49,035,"Utah","Salt Lake County",2,85,12584,4800,7784
050,49,035,"Utah","Salt Lake County",3,0,14909,7699,7210
050,49,035,"Utah","Salt Lake County",3,1,15415,7945,7470
050,49,035,"Utah","Salt Lake County",3,2,15625,8002,7623
050,49,035,"Utah","Salt Lake County",3,3,15580,7967,7613
050,49,035,"Utah","Salt Lake County",3,4,16263,8276,7987
050,49,035,"Utah","Salt Lake County",3,5,16719,8408,8311
050,49,035,"Utah","Salt Lake County",3,6,16882,8555,8327
050,49,035,"Utah","Salt Lake County",3,7,17092,8758,8334
050,49,035,"Utah","Salt Lake County",3,8,16905,8585,8320
050,49,035,"Utah","Salt Lake County",3,9,16742,8479,8263
050,49,035,"Utah","Salt Lake County",3,10,17232,8764,8468
050,49,035,"Utah","Salt Lake County",3,11,17784,9114,8670
050,49,035,"Utah","Salt Lake County",3,12,18167,9354,8813
050,49,035,"Utah","Salt Lake County",3,13,18803,9652,9151
050,49,035,"Utah","Salt Lake County",3,14,18719,9668,9051
050,49,035,"Utah","Salt Lake County",3,15,18358,9453,8905
050,49,035,"Utah","Salt Lake County",3,16,18029,9171,8858
050,49,035,"Utah","Salt Lake County",3,17,18023,9188,8835
050,49,035,"Utah","Salt Lake County",3,18,16699,8639,8060
050,49,035,"Utah","Salt Lake County",3,19,14939,7831,7108
050,49,035,"Utah","Salt Lake County",3,20,15429,7985,7444
050,49,035,"Utah","Salt Lake County",3,21,16032,8241,7791
050,49,035,"Utah","Salt Lake County",3,22,16494,8358,8136
050,49,035,"Utah","Salt Lake County",3,23,17519,8847,8672
050,49,035,"Utah","Salt Lake County",3,24,18660,9392,9268
050,49,035,"Utah","Salt Lake County",3,25,19073,9602,9471
050,49,035,"Utah","Salt Lake County",3,26,19505,9955,9550
050,49,035,"Utah","Salt Lake County",3,27,19731,10088,9643
050,49,035,"Utah","Salt Lake County",3,28,19622,10094,9528
050,49,035,"Utah","Salt Lake County",3,29,19961,10261,9700
050,49,035,"Utah","Salt Lake County",3,30,20082,10212,9870
050,49,035,"Utah","Salt Lake County",3,31,19791,9967,9824
050,49,035,"Utah","Salt Lake County",3,32,19326,9982,9344
050,49,035,"Utah","Salt Lake County",3,33,18568,9562,9006
050,49,035,"Utah","Salt Lake County",3,34,17872,9147,8725
050,49,035,"Utah","Salt Lake County",3,35,17759,9043,8716
050,49,035,"Utah","Salt Lake County",3,36,17715,9090,8625
050,49,035,"Utah","Salt Lake County",3,37,17680,9100,8580
050,49,035,"Utah","Salt Lake County",3,38,18242,9280,8962
050,49,035,"Utah","Salt Lake County",3,39,18196,9262,8934
050,49,035,"Utah","Salt Lake County",3,40,18096,9365,8731
050,49,035,"Utah","Salt Lake County",3,41,18120,9349,8771
050,49,035,"Utah","Salt Lake County",3,42,17649,9077,8572
050,49,035,"Utah","Salt Lake County",3,43,17099,8750,8349
050,49,035,"Utah","Salt Lake County",3,44,16557,8537,8020
050,49,035,"Utah","Salt Lake County",3,45,15316,7898,7418
050,49,035,"Utah","Salt Lake County",3,46,14859,7666,7193
050,49,035,"Utah","Salt Lake County",3,47,14245,7399,6846
050,49,035,"Utah","Salt Lake County",3,48,13974,7193,6781
050,49,035,"Utah","Salt Lake County",3,49,14113,7292,6821
050,49,035,"Utah","Salt Lake County",3,50,14354,7420,6934
050,49,035,"Utah","Salt Lake County",3,51,13810,7166,6644
050,49,035,"Utah","Salt Lake County",3,52,13045,6741,6304
050,49,035,"Utah","Salt Lake County",3,53,12282,6329,5953
050,49,035,"Utah","Salt Lake County",3,54,11995,6164,5831
050,49,035,"Utah","Salt Lake County",3,55,11705,5945,5760
050,49,035,"Utah","Salt Lake County",3,56,11824,5963,5861
050,49,035,"Utah","Salt Lake County",3,57,12021,6047,5974
050,49,035,"Utah","Salt Lake County",3,58,12056,6004,6052
050,49,035,"Utah","Salt Lake County",3,59,12222,6089,6133
050,49,035,"Utah","Salt Lake County",3,60,12000,5906,6094
050,49,035,"Utah","Salt Lake County",3,61,11771,5790,5981
050,49,035,"Utah","Salt Lake County",3,62,11515,5603,5912
050,49,035,"Utah","Salt Lake County",3,63,11284,5563,5721
050,49,035,"Utah","Salt Lake County",3,64,11117,5507,5610
050,49,035,"Utah","Salt Lake County",3,65,10622,5276,5346
050,49,035,"Utah","Salt Lake County",3,66,10327,5124,5203
050,49,035,"Utah","Salt Lake County",3,67,9917,4897,5020
050,49,035,"Utah","Salt Lake County",3,68,9489,4614,4875
050,49,035,"Utah","Salt Lake County",3,69,8955,4291,4664
050,49,035,"Utah","Salt Lake County",3,70,8345,3950,4395
050,49,035,"Utah","Salt Lake County",3,71,7739,3620,4119
050,49,035,"Utah","Salt Lake County",3,72,7333,3440,3893
050,49,035,"Utah","Salt Lake County",3,73,7116,3376,3740
050,49,035,"Utah","Salt Lake County",3,74,7219,3441,3778
050,49,035,"Utah","Salt Lake County",3,75,5031,2310,2721
050,49,035,"Utah","Salt Lake County",3,76,4887,2208,2679
050,49,035,"Utah","Salt Lake County",3,77,4766,2143,2623
050,49,035,"Utah","Salt Lake County",3,78,4602,2048,2554
050,49,035,"Utah","Salt Lake County",3,79,3875,1708,2167
050,49,035,"Utah","Salt Lake County",3,80,3493,1529,1964
050,49,035,"Utah","Salt Lake County",3,81,3184,1365,1819
050,49,035,"Utah","Salt Lake County",3,82,2912,1260,1652
050,49,035,"Utah","Salt Lake County",3,83,2558,1077,1481
050,49,035,"Utah","Salt Lake County",3,84,2271,950,1321
050,49,035,"Utah","Salt Lake County",3,85,12500,4824,7676
050,49,035,"Utah","Salt Lake County",4,0,14955,7687,7268
050,49,035,"Utah","Salt Lake County",4,1,14277,7429,6848
050,49,035,"Utah","Salt Lake County",4,2,14947,7707,7240
050,49,035,"Utah","Salt Lake County",4,3,15161,7760,7401
050,49,035,"Utah","Salt Lake County",4,4,15314,7803,7511
050,49,035,"Utah","Salt Lake County",4,5,15872,8105,7767
050,49,035,"Utah","Salt Lake County",4,6,16421,8306,8115
050,49,035,"Utah","Salt Lake County",4,7,16622,8435,8187
050,49,035,"Utah","Salt Lake County",4,8,16868,8643,8225
050,49,035,"Utah","Salt Lake County",4,9,16726,8517,8209
050,49,035,"Utah","Salt Lake County",4,10,16487,8336,8151
050,49,035,"Utah","Salt Lake County",4,11,17045,8669,8376
050,49,035,"Utah","Salt Lake County",4,12,17635,9025,8610
050,49,035,"Utah","Salt Lake County",4,13,18018,9268,8750
050,49,035,"Utah","Salt Lake County",4,14,18697,9674,9023
050,49,035,"Utah","Salt Lake County",4,15,18623,9672,8951
050,49,035,"Utah","Salt Lake County",4,16,18225,9370,8855
050,49,035,"Utah","Salt Lake County",4,17,17973,9165,8808
050,49,035,"Utah","Salt Lake County",4,18,16751,8657,8094
050,49,035,"Utah","Salt Lake County",4,19,15058,7878,7180
050,49,035,"Utah","Salt Lake County",4,20,15238,7910,7328
050,49,035,"Utah","Salt Lake County",4,21,16212,8329,7883
050,49,035,"Utah","Salt Lake County",4,22,17198,8653,8545
050,49,035,"Utah","Salt Lake County",4,23,18020,9183,8837
050,49,035,"Utah","Salt Lake County",4,24,18636,9465,9171
050,49,035,"Utah","Salt Lake County",4,25,19383,9793,9590
050,49,035,"Utah","Salt Lake County",4,26,19734,10031,9703
050,49,035,"Utah","Salt Lake County",4,27,19851,10216,9635
050,49,035,"Utah","Salt Lake County",4,28,19610,10135,9475
050,49,035,"Utah","Salt Lake County",4,29,19594,10101,9493
050,49,035,"Utah","Salt Lake County",4,30,19804,10269,9535
050,49,035,"Utah","Salt Lake County",4,31,19732,10030,9702
050,49,035,"Utah","Salt Lake County",4,32,19450,9866,9584
050,49,035,"Utah","Salt Lake County",4,33,18986,9791,9195
050,49,035,"Utah","Salt Lake County",4,34,18182,9369,8813
050,49,035,"Utah","Salt Lake County",4,35,17633,9037,8596
050,49,035,"Utah","Salt Lake County",4,36,17391,8838,8553
050,49,035,"Utah","Salt Lake County",4,37,17382,8945,8437
050,49,035,"Utah","Salt Lake County",4,38,17396,8968,8428
050,49,035,"Utah","Salt Lake County",4,39,17903,9098,8805
050,49,035,"Utah","Salt Lake County",4,40,17975,9144,8831
050,49,035,"Utah","Salt Lake County",4,41,17873,9201,8672
050,49,035,"Utah","Salt Lake County",4,42,17939,9278,8661
050,49,035,"Utah","Salt Lake County",4,43,17410,8932,8478
050,49,035,"Utah","Salt Lake County",4,44,16873,8660,8213
050,49,035,"Utah","Salt Lake County",4,45,16479,8525,7954
050,49,035,"Utah","Salt Lake County",4,46,15121,7785,7336
050,49,035,"Utah","Salt Lake County",4,47,14723,7571,7152
050,49,035,"Utah","Salt Lake County",4,48,14145,7285,6860
050,49,035,"Utah","Salt Lake County",4,49,13830,7111,6719
050,49,035,"Utah","Salt Lake County",4,50,14016,7247,6769
050,49,035,"Utah","Salt Lake County",4,51,14252,7401,6851
050,49,035,"Utah","Salt Lake County",4,52,13678,7080,6598
050,49,035,"Utah","Salt Lake County",4,53,12865,6627,6238
050,49,035,"Utah","Salt Lake County",4,54,12220,6316,5904
050,49,035,"Utah","Salt Lake County",4,55,11927,6103,5824
050,49,035,"Utah","Salt Lake County",4,56,11639,5913,5726
050,49,035,"Utah","Salt Lake County",4,57,11660,5868,5792
050,49,035,"Utah","Salt Lake County",4,58,11815,5921,5894
050,49,035,"Utah","Salt Lake County",4,59,11881,5949,5932
050,49,035,"Utah","Salt Lake County",4,60,11987,5948,6039
050,49,035,"Utah","Salt Lake County",4,61,11828,5777,6051
050,49,035,"Utah","Salt Lake County",4,62,11579,5704,5875
050,49,035,"Utah","Salt Lake County",4,63,11213,5459,5754
050,49,035,"Utah","Salt Lake County",4,64,10998,5415,5583
050,49,035,"Utah","Salt Lake County",4,65,10935,5401,5534
050,49,035,"Utah","Salt Lake County",4,66,10347,5132,5215
050,49,035,"Utah","Salt Lake County",4,67,10060,4971,5089
050,49,035,"Utah","Salt Lake County",4,68,9648,4741,4907
050,49,035,"Utah","Salt Lake County",4,69,9248,4480,4768
050,49,035,"Utah","Salt Lake County",4,70,8755,4175,4580
050,49,035,"Utah","Salt Lake County",4,71,8108,3819,4289
050,49,035,"Utah","Salt Lake County",4,72,7561,3526,4035
050,49,035,"Utah","Salt Lake County",4,73,7151,3323,3828
050,49,035,"Utah","Salt Lake County",4,74,6902,3253,3649
050,49,035,"Utah","Salt Lake County",4,75,7043,3362,3681
050,49,035,"Utah","Salt Lake County",4,76,4865,2223,2642
050,49,035,"Utah","Salt Lake County",4,77,4695,2111,2584
050,49,035,"Utah","Salt Lake County",4,78,4571,2030,2541
050,49,035,"Utah","Salt Lake County",4,79,4368,1922,2446
050,49,035,"Utah","Salt Lake County",4,80,3697,1626,2071
050,49,035,"Utah","Salt Lake County",4,81,3300,1434,1866
050,49,035,"Utah","Salt Lake County",4,82,2990,1265,1725
050,49,035,"Utah","Salt Lake County",4,83,2694,1166,1528
050,49,035,"Utah","Salt Lake County",4,84,2346,993,1353
050,49,035,"Utah","Salt Lake County",4,85,12349,4799,7550
050,49,035,"Utah","Salt Lake County",5,0,14830,7597,7233
050,49,035,"Utah","Salt Lake County",5,1,14516,7472,7044
050,49,035,"Utah","Salt Lake County",5,2,13832,7209,6623
050,49,035,"Utah","Salt Lake County",5,3,14598,7523,7075
050,49,035,"Utah","Salt Lake County",5,4,14859,7620,7239
050,49,035,"Utah","Salt Lake County",5,5,14943,7581,7362
050,49,035,"Utah","Salt Lake County",5,6,15594,7981,7613
050,49,035,"Utah","Salt Lake County",5,7,16104,8126,7978
050,49,035,"Utah","Salt Lake County",5,8,16379,8347,8032
050,49,035,"Utah","Salt Lake County",5,9,16598,8504,8094
050,49,035,"Utah","Salt Lake County",5,10,16454,8323,8131
050,49,035,"Utah","Salt Lake County",5,11,16397,8264,8133
050,49,035,"Utah","Salt Lake County",5,12,16844,8568,8276
050,49,035,"Utah","Salt Lake County",5,13,17459,8906,8553
050,49,035,"Utah","Salt Lake County",5,14,17984,9267,8717
050,49,035,"Utah","Salt Lake County",5,15,18654,9681,8973
050,49,035,"Utah","Salt Lake County",5,16,18578,9652,8926
050,49,035,"Utah","Salt Lake County",5,17,18174,9321,8853
050,49,035,"Utah","Salt Lake County",5,18,16768,8652,8116
050,49,035,"Utah","Salt Lake County",5,19,15366,8023,7343
050,49,035,"Utah","Salt Lake County",5,20,15655,8100,7555
050,49,035,"Utah","Salt Lake County",5,21,16222,8353,7869
050,49,035,"Utah","Salt Lake County",5,22,17515,8747,8768
050,49,035,"Utah","Salt Lake County",5,23,18392,9294,9098
050,49,035,"Utah","Salt Lake County",5,24,18919,9658,9261
050,49,035,"Utah","Salt Lake County",5,25,19334,9919,9415
050,49,035,"Utah","Salt Lake County",5,26,19784,10035,9749
050,49,035,"Utah","Salt Lake County",5,27,19690,10075,9615
050,49,035,"Utah","Salt Lake County",5,28,19571,10124,9447
050,49,035,"Utah","Salt Lake County",5,29,19509,10098,9411
050,49,035,"Utah","Salt Lake County",5,30,19311,10021,9290
050,49,035,"Utah","Salt Lake County",5,31,19398,10087,9311
050,49,035,"Utah","Salt Lake County",5,32,19398,9955,9443
050,49,035,"Utah","Salt Lake County",5,33,18954,9596,9358
050,49,035,"Utah","Salt Lake County",5,34,18588,9636,8952
050,49,035,"Utah","Salt Lake County",5,35,17869,9172,8697
050,49,035,"Utah","Salt Lake County",5,36,17189,8828,8361
050,49,035,"Utah","Salt Lake County",5,37,17065,8684,8381
050,49,035,"Utah","Salt Lake County",5,38,17155,8831,8324
050,49,035,"Utah","Salt Lake County",5,39,17066,8794,8272
050,49,035,"Utah","Salt Lake County",5,40,17624,8961,8663
050,49,035,"Utah","Salt Lake County",5,41,17662,8938,8724
050,49,035,"Utah","Salt Lake County",5,42,17673,9093,8580
050,49,035,"Utah","Salt Lake County",5,43,17654,9102,8552
050,49,035,"Utah","Salt Lake County",5,44,17103,8795,8308
050,49,035,"Utah","Salt Lake County",5,45,16688,8566,8122
050,49,035,"Utah","Salt Lake County",5,46,16265,8380,7885
050,49,035,"Utah","Salt Lake County",5,47,14981,7709,7272
050,49,035,"Utah","Salt Lake County",5,48,14585,7479,7106
050,49,035,"Utah","Salt Lake County",5,49,14010,7217,6793
050,49,035,"Utah","Salt Lake County",5,50,13699,7013,6686
050,49,035,"Utah","Salt Lake County",5,51,13887,7200,6687
050,49,035,"Utah","Salt Lake County",5,52,14046,7296,6750
050,49,035,"Utah","Salt Lake County",5,53,13450,6963,6487
050,49,035,"Utah","Salt Lake County",5,54,12670,6546,6124
050,49,035,"Utah","Salt Lake County",5,55,12052,6185,5867
050,49,035,"Utah","Salt Lake County",5,56,11783,6032,5751
050,49,035,"Utah","Salt Lake County",5,57,11483,5823,5660
050,49,035,"Utah","Salt Lake County",5,58,11419,5773,5646
050,49,035,"Utah","Salt Lake County",5,59,11667,5870,5797
050,49,035,"Utah","Salt Lake County",5,60,11666,5817,5849
050,49,035,"Utah","Salt Lake County",5,61,11760,5789,5971
050,49,035,"Utah","Salt Lake County",5,62,11649,5650,5999
050,49,035,"Utah","Salt Lake County",5,63,11314,5571,5743
050,49,035,"Utah","Salt Lake County",5,64,10918,5331,5587
050,49,035,"Utah","Salt Lake County",5,65,10859,5322,5537
050,49,035,"Utah","Salt Lake County",5,66,10730,5323,5407
050,49,035,"Utah","Salt Lake County",5,67,10136,5008,5128
050,49,035,"Utah","Salt Lake County",5,68,9819,4849,4970
050,49,035,"Utah","Salt Lake County",5,69,9409,4613,4796
050,49,035,"Utah","Salt Lake County",5,70,9068,4380,4688
050,49,035,"Utah","Salt Lake County",5,71,8557,4088,4469
050,49,035,"Utah","Salt Lake County",5,72,7939,3726,4213
050,49,035,"Utah","Salt Lake County",5,73,7397,3419,3978
050,49,035,"Utah","Salt Lake County",5,74,6950,3206,3744
050,49,035,"Utah","Salt Lake County",5,75,6743,3173,3570
050,49,035,"Utah","Salt Lake County",5,76,6831,3243,3588
050,49,035,"Utah","Salt Lake County",5,77,4709,2134,2575
050,49,035,"Utah","Salt Lake County",5,78,4508,2016,2492
050,49,035,"Utah","Salt Lake County",5,79,4368,1944,2424
050,49,035,"Utah","Salt Lake County",5,80,4176,1825,2351
050,49,035,"Utah","Salt Lake County",5,81,3518,1533,1985
050,49,035,"Utah","Salt Lake County",5,82,3102,1343,1759
050,49,035,"Utah","Salt Lake County",5,83,2820,1198,1622
050,49,035,"Utah","Salt Lake County",5,84,2507,1077,1430
050,49,035,"Utah","Salt Lake County",5,85,12444,4869,7575
050,49,037,"Utah","San Juan County",1,0,163,83,80
050,49,037,"Utah","San Juan County",1,1,175,94,81
050,49,037,"Utah","San Juan County",1,2,179,88,91
050,49,037,"Utah","San Juan County",1,3,211,100,111
050,49,037,"Utah","San Juan County",1,4,234,123,111
050,49,037,"Utah","San Juan County",1,5,235,127,108
050,49,037,"Utah","San Juan County",1,6,220,111,109
050,49,037,"Utah","San Juan County",1,7,237,112,125
050,49,037,"Utah","San Juan County",1,8,233,122,111
050,49,037,"Utah","San Juan County",1,9,225,120,105
050,49,037,"Utah","San Juan County",1,10,251,130,121
050,49,037,"Utah","San Juan County",1,11,253,125,128
050,49,037,"Utah","San Juan County",1,12,273,147,126
050,49,037,"Utah","San Juan County",1,13,276,151,125
050,49,037,"Utah","San Juan County",1,14,252,138,114
050,49,037,"Utah","San Juan County",1,15,279,134,145
050,49,037,"Utah","San Juan County",1,16,268,129,139
050,49,037,"Utah","San Juan County",1,17,266,135,131
050,49,037,"Utah","San Juan County",1,18,261,137,124
050,49,037,"Utah","San Juan County",1,19,235,107,128
050,49,037,"Utah","San Juan County",1,20,224,116,108
050,49,037,"Utah","San Juan County",1,21,196,96,100
050,49,037,"Utah","San Juan County",1,22,190,98,92
050,49,037,"Utah","San Juan County",1,23,181,95,86
050,49,037,"Utah","San Juan County",1,24,183,105,78
050,49,037,"Utah","San Juan County",1,25,162,88,74
050,49,037,"Utah","San Juan County",1,26,181,94,87
050,49,037,"Utah","San Juan County",1,27,181,93,88
050,49,037,"Utah","San Juan County",1,28,187,90,97
050,49,037,"Utah","San Juan County",1,29,175,84,91
050,49,037,"Utah","San Juan County",1,30,174,88,86
050,49,037,"Utah","San Juan County",1,31,185,103,82
050,49,037,"Utah","San Juan County",1,32,195,105,90
050,49,037,"Utah","San Juan County",1,33,152,76,76
050,49,037,"Utah","San Juan County",1,34,167,91,76
050,49,037,"Utah","San Juan County",1,35,147,79,68
050,49,037,"Utah","San Juan County",1,36,163,84,79
050,49,037,"Utah","San Juan County",1,37,148,68,80
050,49,037,"Utah","San Juan County",1,38,157,73,84
050,49,037,"Utah","San Juan County",1,39,178,87,91
050,49,037,"Utah","San Juan County",1,40,174,87,87
050,49,037,"Utah","San Juan County",1,41,151,78,73
050,49,037,"Utah","San Juan County",1,42,170,95,75
050,49,037,"Utah","San Juan County",1,43,163,83,80
050,49,037,"Utah","San Juan County",1,44,157,76,81
050,49,037,"Utah","San Juan County",1,45,154,70,84
050,49,037,"Utah","San Juan County",1,46,158,80,78
050,49,037,"Utah","San Juan County",1,47,162,83,79
050,49,037,"Utah","San Juan County",1,48,193,95,98
050,49,037,"Utah","San Juan County",1,49,183,90,93
050,49,037,"Utah","San Juan County",1,50,130,65,65
050,49,037,"Utah","San Juan County",1,51,148,88,60
050,49,037,"Utah","San Juan County",1,52,140,72,68
050,49,037,"Utah","San Juan County",1,53,132,71,61
050,49,037,"Utah","San Juan County",1,54,164,92,72
050,49,037,"Utah","San Juan County",1,55,197,93,104
050,49,037,"Utah","San Juan County",1,56,182,84,98
050,49,037,"Utah","San Juan County",1,57,173,86,87
050,49,037,"Utah","San Juan County",1,58,191,89,102
050,49,037,"Utah","San Juan County",1,59,183,79,104
050,49,037,"Utah","San Juan County",1,60,186,88,98
050,49,037,"Utah","San Juan County",1,61,184,82,102
050,49,037,"Utah","San Juan County",1,62,162,77,85
050,49,037,"Utah","San Juan County",1,63,177,81,96
050,49,037,"Utah","San Juan County",1,64,170,88,82
050,49,037,"Utah","San Juan County",1,65,147,74,73
050,49,037,"Utah","San Juan County",1,66,148,75,73
050,49,037,"Utah","San Juan County",1,67,158,82,76
050,49,037,"Utah","San Juan County",1,68,137,67,70
050,49,037,"Utah","San Juan County",1,69,115,53,62
050,49,037,"Utah","San Juan County",1,70,120,58,62
050,49,037,"Utah","San Juan County",1,71,102,54,48
050,49,037,"Utah","San Juan County",1,72,116,60,56
050,49,037,"Utah","San Juan County",1,73,125,65,60
050,49,037,"Utah","San Juan County",1,74,81,35,46
050,49,037,"Utah","San Juan County",1,75,84,38,46
050,49,037,"Utah","San Juan County",1,76,71,33,38
050,49,037,"Utah","San Juan County",1,77,77,31,46
050,49,037,"Utah","San Juan County",1,78,72,34,38
050,49,037,"Utah","San Juan County",1,79,58,25,33
050,49,037,"Utah","San Juan County",1,80,62,30,32
050,49,037,"Utah","San Juan County",1,81,58,26,32
050,49,037,"Utah","San Juan County",1,82,46,20,26
050,49,037,"Utah","San Juan County",1,83,45,19,26
050,49,037,"Utah","San Juan County",1,84,33,15,18
050,49,037,"Utah","San Juan County",1,85,222,91,131
050,49,037,"Utah","San Juan County",2,0,172,94,78
050,49,037,"Utah","San Juan County",2,1,173,91,82
050,49,037,"Utah","San Juan County",2,2,179,90,89
050,49,037,"Utah","San Juan County",2,3,203,95,108
050,49,037,"Utah","San Juan County",2,4,231,119,112
050,49,037,"Utah","San Juan County",2,5,235,125,110
050,49,037,"Utah","San Juan County",2,6,225,115,110
050,49,037,"Utah","San Juan County",2,7,231,112,119
050,49,037,"Utah","San Juan County",2,8,233,120,113
050,49,037,"Utah","San Juan County",2,9,228,121,107
050,49,037,"Utah","San Juan County",2,10,246,129,117
050,49,037,"Utah","San Juan County",2,11,252,127,125
050,49,037,"Utah","San Juan County",2,12,273,144,129
050,49,037,"Utah","San Juan County",2,13,273,149,124
050,49,037,"Utah","San Juan County",2,14,259,141,118
050,49,037,"Utah","San Juan County",2,15,272,134,138
050,49,037,"Utah","San Juan County",2,16,271,129,142
050,49,037,"Utah","San Juan County",2,17,264,135,129
050,49,037,"Utah","San Juan County",2,18,260,135,125
050,49,037,"Utah","San Juan County",2,19,236,109,127
050,49,037,"Utah","San Juan County",2,20,222,112,110
050,49,037,"Utah","San Juan County",2,21,196,96,100
050,49,037,"Utah","San Juan County",2,22,196,100,96
050,49,037,"Utah","San Juan County",2,23,177,95,82
050,49,037,"Utah","San Juan County",2,24,182,103,79
050,49,037,"Utah","San Juan County",2,25,163,90,73
050,49,037,"Utah","San Juan County",2,26,176,92,84
050,49,037,"Utah","San Juan County",2,27,180,92,88
050,49,037,"Utah","San Juan County",2,28,188,92,96
050,49,037,"Utah","San Juan County",2,29,176,83,93
050,49,037,"Utah","San Juan County",2,30,175,89,86
050,49,037,"Utah","San Juan County",2,31,185,100,85
050,49,037,"Utah","San Juan County",2,32,191,103,88
050,49,037,"Utah","San Juan County",2,33,164,82,82
050,49,037,"Utah","San Juan County",2,34,167,91,76
050,49,037,"Utah","San Juan County",2,35,152,83,69
050,49,037,"Utah","San Juan County",2,36,159,83,76
050,49,037,"Utah","San Juan County",2,37,150,71,79
050,49,037,"Utah","San Juan County",2,38,156,73,83
050,49,037,"Utah","San Juan County",2,39,173,84,89
050,49,037,"Utah","San Juan County",2,40,176,87,89
050,49,037,"Utah","San Juan County",2,41,157,81,76
050,49,037,"Utah","San Juan County",2,42,164,90,74
050,49,037,"Utah","San Juan County",2,43,167,88,79
050,49,037,"Utah","San Juan County",2,44,158,78,80
050,49,037,"Utah","San Juan County",2,45,155,72,83
050,49,037,"Utah","San Juan County",2,46,158,78,80
050,49,037,"Utah","San Juan County",2,47,162,81,81
050,49,037,"Utah","San Juan County",2,48,189,93,96
050,49,037,"Utah","San Juan County",2,49,184,91,93
050,49,037,"Utah","San Juan County",2,50,142,70,72
050,49,037,"Utah","San Juan County",2,51,145,83,62
050,49,037,"Utah","San Juan County",2,52,139,74,65
050,49,037,"Utah","San Juan County",2,53,133,72,61
050,49,037,"Utah","San Juan County",2,54,157,87,70
050,49,037,"Utah","San Juan County",2,55,186,90,96
050,49,037,"Utah","San Juan County",2,56,185,84,101
050,49,037,"Utah","San Juan County",2,57,174,84,90
050,49,037,"Utah","San Juan County",2,58,187,88,99
050,49,037,"Utah","San Juan County",2,59,185,81,104
050,49,037,"Utah","San Juan County",2,60,188,87,101
050,49,037,"Utah","San Juan County",2,61,183,81,102
050,49,037,"Utah","San Juan County",2,62,167,76,91
050,49,037,"Utah","San Juan County",2,63,176,81,95
050,49,037,"Utah","San Juan County",2,64,171,86,85
050,49,037,"Utah","San Juan County",2,65,152,77,75
050,49,037,"Utah","San Juan County",2,66,150,76,74
050,49,037,"Utah","San Juan County",2,67,156,80,76
050,49,037,"Utah","San Juan County",2,68,142,71,71
050,49,037,"Utah","San Juan County",2,69,120,57,63
050,49,037,"Utah","San Juan County",2,70,120,57,63
050,49,037,"Utah","San Juan County",2,71,106,55,51
050,49,037,"Utah","San Juan County",2,72,109,58,51
050,49,037,"Utah","San Juan County",2,73,128,67,61
050,49,037,"Utah","San Juan County",2,74,84,38,46
050,49,037,"Utah","San Juan County",2,75,83,37,46
050,49,037,"Utah","San Juan County",2,76,72,33,39
050,49,037,"Utah","San Juan County",2,77,77,32,45
050,49,037,"Utah","San Juan County",2,78,71,32,39
050,49,037,"Utah","San Juan County",2,79,62,28,34
050,49,037,"Utah","San Juan County",2,80,61,29,32
050,49,037,"Utah","San Juan County",2,81,57,26,31
050,49,037,"Utah","San Juan County",2,82,47,21,26
050,49,037,"Utah","San Juan County",2,83,42,17,25
050,49,037,"Utah","San Juan County",2,84,35,16,19
050,49,037,"Utah","San Juan County",2,85,215,87,128
050,49,037,"Utah","San Juan County",3,0,181,91,90
050,49,037,"Utah","San Juan County",3,1,156,87,69
050,49,037,"Utah","San Juan County",3,2,184,91,93
050,49,037,"Utah","San Juan County",3,3,195,92,103
050,49,037,"Utah","San Juan County",3,4,188,98,90
050,49,037,"Utah","San Juan County",3,5,235,124,111
050,49,037,"Utah","San Juan County",3,6,236,126,110
050,49,037,"Utah","San Juan County",3,7,218,116,102
050,49,037,"Utah","San Juan County",3,8,233,119,114
050,49,037,"Utah","San Juan County",3,9,228,111,117
050,49,037,"Utah","San Juan County",3,10,234,129,105
050,49,037,"Utah","San Juan County",3,11,250,128,122
050,49,037,"Utah","San Juan County",3,12,255,126,129
050,49,037,"Utah","San Juan County",3,13,269,141,128
050,49,037,"Utah","San Juan County",3,14,277,152,125
050,49,037,"Utah","San Juan County",3,15,261,137,124
050,49,037,"Utah","San Juan County",3,16,272,132,140
050,49,037,"Utah","San Juan County",3,17,266,135,131
050,49,037,"Utah","San Juan County",3,18,261,137,124
050,49,037,"Utah","San Juan County",3,19,216,104,112
050,49,037,"Utah","San Juan County",3,20,201,101,100
050,49,037,"Utah","San Juan County",3,21,181,81,100
050,49,037,"Utah","San Juan County",3,22,179,91,88
050,49,037,"Utah","San Juan County",3,23,179,91,88
050,49,037,"Utah","San Juan County",3,24,187,106,81
050,49,037,"Utah","San Juan County",3,25,179,104,75
050,49,037,"Utah","San Juan County",3,26,184,92,92
050,49,037,"Utah","San Juan County",3,27,172,85,87
050,49,037,"Utah","San Juan County",3,28,168,88,80
050,49,037,"Utah","San Juan County",3,29,167,80,87
050,49,037,"Utah","San Juan County",3,30,185,88,97
050,49,037,"Utah","San Juan County",3,31,170,90,80
050,49,037,"Utah","San Juan County",3,32,196,101,95
050,49,037,"Utah","San Juan County",3,33,191,98,93
050,49,037,"Utah","San Juan County",3,34,167,83,84
050,49,037,"Utah","San Juan County",3,35,172,94,78
050,49,037,"Utah","San Juan County",3,36,154,78,76
050,49,037,"Utah","San Juan County",3,37,152,82,70
050,49,037,"Utah","San Juan County",3,38,158,75,83
050,49,037,"Utah","San Juan County",3,39,160,79,81
050,49,037,"Utah","San Juan County",3,40,173,88,85
050,49,037,"Utah","San Juan County",3,41,180,89,91
050,49,037,"Utah","San Juan County",3,42,156,75,81
050,49,037,"Utah","San Juan County",3,43,165,94,71
050,49,037,"Utah","San Juan County",3,44,176,90,86
050,49,037,"Utah","San Juan County",3,45,158,81,77
050,49,037,"Utah","San Juan County",3,46,155,71,84
050,49,037,"Utah","San Juan County",3,47,160,75,85
050,49,037,"Utah","San Juan County",3,48,178,84,94
050,49,037,"Utah","San Juan County",3,49,179,89,90
050,49,037,"Utah","San Juan County",3,50,187,95,92
050,49,037,"Utah","San Juan County",3,51,148,74,74
050,49,037,"Utah","San Juan County",3,52,143,86,57
050,49,037,"Utah","San Juan County",3,53,137,71,66
050,49,037,"Utah","San Juan County",3,54,133,76,57
050,49,037,"Utah","San Juan County",3,55,157,86,71
050,49,037,"Utah","San Juan County",3,56,192,95,97
050,49,037,"Utah","San Juan County",3,57,186,84,102
050,49,037,"Utah","San Juan County",3,58,176,84,92
050,49,037,"Utah","San Juan County",3,59,185,87,98
050,49,037,"Utah","San Juan County",3,60,189,85,104
050,49,037,"Utah","San Juan County",3,61,185,89,96
050,49,037,"Utah","San Juan County",3,62,180,74,106
050,49,037,"Utah","San Juan County",3,63,171,74,97
050,49,037,"Utah","San Juan County",3,64,170,78,92
050,49,037,"Utah","San Juan County",3,65,170,87,83
050,49,037,"Utah","San Juan County",3,66,155,77,78
050,49,037,"Utah","San Juan County",3,67,150,76,74
050,49,037,"Utah","San Juan County",3,68,159,78,81
050,49,037,"Utah","San Juan County",3,69,139,72,67
050,49,037,"Utah","San Juan County",3,70,123,58,65
050,49,037,"Utah","San Juan County",3,71,119,57,62
050,49,037,"Utah","San Juan County",3,72,102,51,51
050,49,037,"Utah","San Juan County",3,73,102,53,49
050,49,037,"Utah","San Juan County",3,74,120,61,59
050,49,037,"Utah","San Juan County",3,75,80,34,46
050,49,037,"Utah","San Juan County",3,76,80,36,44
050,49,037,"Utah","San Juan County",3,77,70,31,39
050,49,037,"Utah","San Juan County",3,78,72,31,41
050,49,037,"Utah","San Juan County",3,79,66,30,36
050,49,037,"Utah","San Juan County",3,80,60,25,35
050,49,037,"Utah","San Juan County",3,81,54,24,30
050,49,037,"Utah","San Juan County",3,82,49,21,28
050,49,037,"Utah","San Juan County",3,83,42,16,26
050,49,037,"Utah","San Juan County",3,84,36,16,20
050,49,037,"Utah","San Juan County",3,85,214,87,127
050,49,037,"Utah","San Juan County",4,0,181,88,93
050,49,037,"Utah","San Juan County",4,1,166,84,82
050,49,037,"Utah","San Juan County",4,2,157,86,71
050,49,037,"Utah","San Juan County",4,3,178,87,91
050,49,037,"Utah","San Juan County",4,4,195,90,105
050,49,037,"Utah","San Juan County",4,5,193,99,94
050,49,037,"Utah","San Juan County",4,6,239,129,110
050,49,037,"Utah","San Juan County",4,7,240,129,111
050,49,037,"Utah","San Juan County",4,8,217,115,102
050,49,037,"Utah","San Juan County",4,9,242,125,117
050,49,037,"Utah","San Juan County",4,10,231,107,124
050,49,037,"Utah","San Juan County",4,11,238,125,113
050,49,037,"Utah","San Juan County",4,12,259,128,131
050,49,037,"Utah","San Juan County",4,13,256,131,125
050,49,037,"Utah","San Juan County",4,14,273,139,134
050,49,037,"Utah","San Juan County",4,15,280,150,130
050,49,037,"Utah","San Juan County",4,16,260,135,125
050,49,037,"Utah","San Juan County",4,17,272,136,136
050,49,037,"Utah","San Juan County",4,18,251,126,125
050,49,037,"Utah","San Juan County",4,19,222,106,116
050,49,037,"Utah","San Juan County",4,20,191,100,91
050,49,037,"Utah","San Juan County",4,21,190,96,94
050,49,037,"Utah","San Juan County",4,22,178,79,99
050,49,037,"Utah","San Juan County",4,23,165,92,73
050,49,037,"Utah","San Juan County",4,24,182,95,87
050,49,037,"Utah","San Juan County",4,25,161,94,67
050,49,037,"Utah","San Juan County",4,26,176,98,78
050,49,037,"Utah","San Juan County",4,27,182,89,93
050,49,037,"Utah","San Juan County",4,28,177,85,92
050,49,037,"Utah","San Juan County",4,29,160,87,73
050,49,037,"Utah","San Juan County",4,30,161,80,81
050,49,037,"Utah","San Juan County",4,31,167,80,87
050,49,037,"Utah","San Juan County",4,32,172,91,81
050,49,037,"Utah","San Juan County",4,33,192,92,100
050,49,037,"Utah","San Juan County",4,34,197,100,97
050,49,037,"Utah","San Juan County",4,35,170,90,80
050,49,037,"Utah","San Juan County",4,36,165,84,81
050,49,037,"Utah","San Juan County",4,37,146,74,72
050,49,037,"Utah","San Juan County",4,38,161,86,75
050,49,037,"Utah","San Juan County",4,39,156,75,81
050,49,037,"Utah","San Juan County",4,40,159,75,84
050,49,037,"Utah","San Juan County",4,41,174,83,91
050,49,037,"Utah","San Juan County",4,42,183,84,99
050,49,037,"Utah","San Juan County",4,43,162,82,80
050,49,037,"Utah","San Juan County",4,44,160,93,67
050,49,037,"Utah","San Juan County",4,45,174,80,94
050,49,037,"Utah","San Juan County",4,46,156,81,75
050,49,037,"Utah","San Juan County",4,47,148,65,83
050,49,037,"Utah","San Juan County",4,48,167,76,91
050,49,037,"Utah","San Juan County",4,49,169,85,84
050,49,037,"Utah","San Juan County",4,50,179,92,87
050,49,037,"Utah","San Juan County",4,51,187,95,92
050,49,037,"Utah","San Juan County",4,52,142,73,69
050,49,037,"Utah","San Juan County",4,53,142,79,63
050,49,037,"Utah","San Juan County",4,54,135,71,64
050,49,037,"Utah","San Juan County",4,55,132,75,57
050,49,037,"Utah","San Juan County",4,56,155,82,73
050,49,037,"Utah","San Juan County",4,57,198,94,104
050,49,037,"Utah","San Juan County",4,58,187,83,104
050,49,037,"Utah","San Juan County",4,59,172,85,87
050,49,037,"Utah","San Juan County",4,60,190,89,101
050,49,037,"Utah","San Juan County",4,61,195,93,102
050,49,037,"Utah","San Juan County",4,62,183,88,95
050,49,037,"Utah","San Juan County",4,63,178,79,99
050,49,037,"Utah","San Juan County",4,64,184,83,101
050,49,037,"Utah","San Juan County",4,65,167,77,90
050,49,037,"Utah","San Juan County",4,66,174,90,84
050,49,037,"Utah","San Juan County",4,67,152,73,79
050,49,037,"Utah","San Juan County",4,68,154,81,73
050,49,037,"Utah","San Juan County",4,69,149,73,76
050,49,037,"Utah","San Juan County",4,70,141,72,69
050,49,037,"Utah","San Juan County",4,71,119,59,60
050,49,037,"Utah","San Juan County",4,72,112,52,60
050,49,037,"Utah","San Juan County",4,73,98,50,48
050,49,037,"Utah","San Juan County",4,74,96,52,44
050,49,037,"Utah","San Juan County",4,75,111,55,56
050,49,037,"Utah","San Juan County",4,76,72,30,42
050,49,037,"Utah","San Juan County",4,77,75,34,41
050,49,037,"Utah","San Juan County",4,78,66,29,37
050,49,037,"Utah","San Juan County",4,79,62,26,36
050,49,037,"Utah","San Juan County",4,80,63,25,38
050,49,037,"Utah","San Juan County",4,81,53,20,33
050,49,037,"Utah","San Juan County",4,82,48,20,28
050,49,037,"Utah","San Juan County",4,83,44,18,26
050,49,037,"Utah","San Juan County",4,84,39,17,22
050,49,037,"Utah","San Juan County",4,85,201,84,117
050,49,037,"Utah","San Juan County",5,0,183,87,96
050,49,037,"Utah","San Juan County",5,1,199,93,106
050,49,037,"Utah","San Juan County",5,2,167,87,80
050,49,037,"Utah","San Juan County",5,3,163,84,79
050,49,037,"Utah","San Juan County",5,4,176,88,88
050,49,037,"Utah","San Juan County",5,5,204,99,105
050,49,037,"Utah","San Juan County",5,6,197,101,96
050,49,037,"Utah","San Juan County",5,7,230,120,110
050,49,037,"Utah","San Juan County",5,8,239,130,109
050,49,037,"Utah","San Juan County",5,9,228,119,109
050,49,037,"Utah","San Juan County",5,10,236,122,114
050,49,037,"Utah","San Juan County",5,11,235,108,127
050,49,037,"Utah","San Juan County",5,12,235,122,113
050,49,037,"Utah","San Juan County",5,13,253,118,135
050,49,037,"Utah","San Juan County",5,14,257,128,129
050,49,037,"Utah","San Juan County",5,15,266,136,130
050,49,037,"Utah","San Juan County",5,16,274,144,130
050,49,037,"Utah","San Juan County",5,17,249,137,112
050,49,037,"Utah","San Juan County",5,18,251,121,130
050,49,037,"Utah","San Juan County",5,19,217,97,120
050,49,037,"Utah","San Juan County",5,20,210,109,101
050,49,037,"Utah","San Juan County",5,21,172,90,82
050,49,037,"Utah","San Juan County",5,22,189,94,95
050,49,037,"Utah","San Juan County",5,23,179,76,103
050,49,037,"Utah","San Juan County",5,24,171,95,76
050,49,037,"Utah","San Juan County",5,25,177,91,86
050,49,037,"Utah","San Juan County",5,26,168,100,68
050,49,037,"Utah","San Juan County",5,27,171,91,80
050,49,037,"Utah","San Juan County",5,28,183,87,96
050,49,037,"Utah","San Juan County",5,29,183,96,87
050,49,037,"Utah","San Juan County",5,30,148,78,70
050,49,037,"Utah","San Juan County",5,31,150,72,78
050,49,037,"Utah","San Juan County",5,32,171,77,94
050,49,037,"Utah","San Juan County",5,33,176,91,85
050,49,037,"Utah","San Juan County",5,34,208,104,104
050,49,037,"Utah","San Juan County",5,35,194,98,96
050,49,037,"Utah","San Juan County",5,36,172,89,83
050,49,037,"Utah","San Juan County",5,37,153,82,71
050,49,037,"Utah","San Juan County",5,38,149,76,73
050,49,037,"Utah","San Juan County",5,39,166,92,74
050,49,037,"Utah","San Juan County",5,40,153,73,80
050,49,037,"Utah","San Juan County",5,41,164,81,83
050,49,037,"Utah","San Juan County",5,42,172,84,88
050,49,037,"Utah","San Juan County",5,43,183,82,101
050,49,037,"Utah","San Juan County",5,44,161,80,81
050,49,037,"Utah","San Juan County",5,45,165,94,71
050,49,037,"Utah","San Juan County",5,46,177,83,94
050,49,037,"Utah","San Juan County",5,47,151,79,72
050,49,037,"Utah","San Juan County",5,48,162,66,96
050,49,037,"Utah","San Juan County",5,49,164,77,87
050,49,037,"Utah","San Juan County",5,50,162,83,79
050,49,037,"Utah","San Juan County",5,51,170,84,86
050,49,037,"Utah","San Juan County",5,52,184,95,89
050,49,037,"Utah","San Juan County",5,53,140,66,74
050,49,037,"Utah","San Juan County",5,54,136,76,60
050,49,037,"Utah","San Juan County",5,55,130,68,62
050,49,037,"Utah","San Juan County",5,56,126,70,56
050,49,037,"Utah","San Juan County",5,57,161,84,77
050,49,037,"Utah","San Juan County",5,58,192,92,100
050,49,037,"Utah","San Juan County",5,59,188,88,100
050,49,037,"Utah","San Juan County",5,60,173,85,88
050,49,037,"Utah","San Juan County",5,61,193,93,100
050,49,037,"Utah","San Juan County",5,62,190,89,101
050,49,037,"Utah","San Juan County",5,63,176,86,90
050,49,037,"Utah","San Juan County",5,64,168,70,98
050,49,037,"Utah","San Juan County",5,65,180,79,101
050,49,037,"Utah","San Juan County",5,66,166,79,87
050,49,037,"Utah","San Juan County",5,67,169,85,84
050,49,037,"Utah","San Juan County",5,68,148,71,77
050,49,037,"Utah","San Juan County",5,69,147,77,70
050,49,037,"Utah","San Juan County",5,70,150,71,79
050,49,037,"Utah","San Juan County",5,71,142,72,70
050,49,037,"Utah","San Juan County",5,72,113,55,58
050,49,037,"Utah","San Juan County",5,73,112,53,59
050,49,037,"Utah","San Juan County",5,74,93,48,45
050,49,037,"Utah","San Juan County",5,75,92,49,43
050,49,037,"Utah","San Juan County",5,76,107,53,54
050,49,037,"Utah","San Juan County",5,77,69,29,40
050,49,037,"Utah","San Juan County",5,78,72,32,40
050,49,037,"Utah","San Juan County",5,79,57,24,33
050,49,037,"Utah","San Juan County",5,80,62,24,38
050,49,037,"Utah","San Juan County",5,81,56,21,35
050,49,037,"Utah","San Juan County",5,82,46,16,30
050,49,037,"Utah","San Juan County",5,83,44,16,28
050,49,037,"Utah","San Juan County",5,84,40,19,21
050,49,037,"Utah","San Juan County",5,85,203,85,118
050,49,039,"Utah","Sanpete County",1,0,333,169,164
050,49,039,"Utah","Sanpete County",1,1,345,173,172
050,49,039,"Utah","Sanpete County",1,2,336,167,169
050,49,039,"Utah","Sanpete County",1,3,349,176,173
050,49,039,"Utah","Sanpete County",1,4,344,184,160
050,49,039,"Utah","Sanpete County",1,5,354,187,167
050,49,039,"Utah","Sanpete County",1,6,330,173,157
050,49,039,"Utah","Sanpete County",1,7,353,190,163
050,49,039,"Utah","Sanpete County",1,8,385,193,192
050,49,039,"Utah","Sanpete County",1,9,402,204,198
050,49,039,"Utah","Sanpete County",1,10,369,188,181
050,49,039,"Utah","Sanpete County",1,11,399,199,200
050,49,039,"Utah","Sanpete County",1,12,432,235,197
050,49,039,"Utah","Sanpete County",1,13,433,230,203
050,49,039,"Utah","Sanpete County",1,14,471,240,231
050,49,039,"Utah","Sanpete County",1,15,473,238,235
050,49,039,"Utah","Sanpete County",1,16,488,239,249
050,49,039,"Utah","Sanpete County",1,17,490,258,232
050,49,039,"Utah","Sanpete County",1,18,637,305,332
050,49,039,"Utah","Sanpete County",1,19,820,322,498
050,49,039,"Utah","Sanpete County",1,20,688,259,429
050,49,039,"Utah","Sanpete County",1,21,535,331,204
050,49,039,"Utah","Sanpete County",1,22,581,360,221
050,49,039,"Utah","Sanpete County",1,23,448,277,171
050,49,039,"Utah","Sanpete County",1,24,420,273,147
050,49,039,"Utah","Sanpete County",1,25,354,215,139
050,49,039,"Utah","Sanpete County",1,26,354,213,141
050,49,039,"Utah","Sanpete County",1,27,376,213,163
050,49,039,"Utah","Sanpete County",1,28,408,219,189
050,49,039,"Utah","Sanpete County",1,29,376,201,175
050,49,039,"Utah","Sanpete County",1,30,347,195,152
050,49,039,"Utah","Sanpete County",1,31,337,203,134
050,49,039,"Utah","Sanpete County",1,32,346,200,146
050,49,039,"Utah","Sanpete County",1,33,325,191,134
050,49,039,"Utah","Sanpete County",1,34,342,194,148
050,49,039,"Utah","Sanpete County",1,35,356,192,164
050,49,039,"Utah","Sanpete County",1,36,349,195,154
050,49,039,"Utah","Sanpete County",1,37,376,216,160
050,49,039,"Utah","Sanpete County",1,38,394,237,157
050,49,039,"Utah","Sanpete County",1,39,362,197,165
050,49,039,"Utah","Sanpete County",1,40,376,226,150
050,49,039,"Utah","Sanpete County",1,41,375,227,148
050,49,039,"Utah","Sanpete County",1,42,362,191,171
050,49,039,"Utah","Sanpete County",1,43,388,220,168
050,49,039,"Utah","Sanpete County",1,44,374,204,170
050,49,039,"Utah","Sanpete County",1,45,337,196,141
050,49,039,"Utah","Sanpete County",1,46,327,192,135
050,49,039,"Utah","Sanpete County",1,47,327,195,132
050,49,039,"Utah","Sanpete County",1,48,347,196,151
050,49,039,"Utah","Sanpete County",1,49,307,174,133
050,49,039,"Utah","Sanpete County",1,50,298,164,134
050,49,039,"Utah","Sanpete County",1,51,298,163,135
050,49,039,"Utah","Sanpete County",1,52,259,138,121
050,49,039,"Utah","Sanpete County",1,53,265,138,127
050,49,039,"Utah","Sanpete County",1,54,265,145,120
050,49,039,"Utah","Sanpete County",1,55,272,161,111
050,49,039,"Utah","Sanpete County",1,56,281,151,130
050,49,039,"Utah","Sanpete County",1,57,275,135,140
050,49,039,"Utah","Sanpete County",1,58,296,148,148
050,49,039,"Utah","Sanpete County",1,59,318,165,153
050,49,039,"Utah","Sanpete County",1,60,297,155,142
050,49,039,"Utah","Sanpete County",1,61,296,154,142
050,49,039,"Utah","Sanpete County",1,62,278,149,129
050,49,039,"Utah","Sanpete County",1,63,294,145,149
050,49,039,"Utah","Sanpete County",1,64,296,146,150
050,49,039,"Utah","Sanpete County",1,65,295,143,152
050,49,039,"Utah","Sanpete County",1,66,292,144,148
050,49,039,"Utah","Sanpete County",1,67,285,148,137
050,49,039,"Utah","Sanpete County",1,68,277,133,144
050,49,039,"Utah","Sanpete County",1,69,266,130,136
050,49,039,"Utah","Sanpete County",1,70,253,125,128
050,49,039,"Utah","Sanpete County",1,71,218,109,109
050,49,039,"Utah","Sanpete County",1,72,222,99,123
050,49,039,"Utah","Sanpete County",1,73,223,114,109
050,49,039,"Utah","Sanpete County",1,74,154,82,72
050,49,039,"Utah","Sanpete County",1,75,158,76,82
050,49,039,"Utah","Sanpete County",1,76,161,83,78
050,49,039,"Utah","Sanpete County",1,77,154,85,69
050,49,039,"Utah","Sanpete County",1,78,135,69,66
050,49,039,"Utah","Sanpete County",1,79,118,56,62
050,49,039,"Utah","Sanpete County",1,80,105,49,56
050,49,039,"Utah","Sanpete County",1,81,107,53,54
050,49,039,"Utah","Sanpete County",1,82,93,45,48
050,49,039,"Utah","Sanpete County",1,83,82,39,43
050,49,039,"Utah","Sanpete County",1,84,92,44,48
050,49,039,"Utah","Sanpete County",1,85,322,138,184
050,49,039,"Utah","Sanpete County",2,0,340,180,160
050,49,039,"Utah","Sanpete County",2,1,341,170,171
050,49,039,"Utah","Sanpete County",2,2,340,169,171
050,49,039,"Utah","Sanpete County",2,3,345,174,171
050,49,039,"Utah","Sanpete County",2,4,350,185,165
050,49,039,"Utah","Sanpete County",2,5,350,185,165
050,49,039,"Utah","Sanpete County",2,6,334,175,159
050,49,039,"Utah","Sanpete County",2,7,348,184,164
050,49,039,"Utah","Sanpete County",2,8,377,191,186
050,49,039,"Utah","Sanpete County",2,9,398,200,198
050,49,039,"Utah","Sanpete County",2,10,378,192,186
050,49,039,"Utah","Sanpete County",2,11,394,199,195
050,49,039,"Utah","Sanpete County",2,12,427,229,198
050,49,039,"Utah","Sanpete County",2,13,434,231,203
050,49,039,"Utah","Sanpete County",2,14,463,239,224
050,49,039,"Utah","Sanpete County",2,15,475,242,233
050,49,039,"Utah","Sanpete County",2,16,492,238,254
050,49,039,"Utah","Sanpete County",2,17,488,256,232
050,49,039,"Utah","Sanpete County",2,18,638,305,333
050,49,039,"Utah","Sanpete County",2,19,826,321,505
050,49,039,"Utah","Sanpete County",2,20,690,261,429
050,49,039,"Utah","Sanpete County",2,21,535,332,203
050,49,039,"Utah","Sanpete County",2,22,582,363,219
050,49,039,"Utah","Sanpete County",2,23,450,279,171
050,49,039,"Utah","Sanpete County",2,24,423,269,154
050,49,039,"Utah","Sanpete County",2,25,363,224,139
050,49,039,"Utah","Sanpete County",2,26,356,213,143
050,49,039,"Utah","Sanpete County",2,27,372,215,157
050,49,039,"Utah","Sanpete County",2,28,391,208,183
050,49,039,"Utah","Sanpete County",2,29,388,207,181
050,49,039,"Utah","Sanpete County",2,30,359,198,161
050,49,039,"Utah","Sanpete County",2,31,338,201,137
050,49,039,"Utah","Sanpete County",2,32,347,204,143
050,49,039,"Utah","Sanpete County",2,33,330,194,136
050,49,039,"Utah","Sanpete County",2,34,332,187,145
050,49,039,"Utah","Sanpete County",2,35,358,196,162
050,49,039,"Utah","Sanpete County",2,36,351,196,155
050,49,039,"Utah","Sanpete County",2,37,374,213,161
050,49,039,"Utah","Sanpete County",2,38,397,236,161
050,49,039,"Utah","Sanpete County",2,39,366,202,164
050,49,039,"Utah","Sanpete County",2,40,379,224,155
050,49,039,"Utah","Sanpete County",2,41,373,223,150
050,49,039,"Utah","Sanpete County",2,42,361,197,164
050,49,039,"Utah","Sanpete County",2,43,389,219,170
050,49,039,"Utah","Sanpete County",2,44,372,205,167
050,49,039,"Utah","Sanpete County",2,45,347,201,146
050,49,039,"Utah","Sanpete County",2,46,326,191,135
050,49,039,"Utah","Sanpete County",2,47,330,195,135
050,49,039,"Utah","Sanpete County",2,48,343,196,147
050,49,039,"Utah","Sanpete County",2,49,317,179,138
050,49,039,"Utah","Sanpete County",2,50,297,162,135
050,49,039,"Utah","Sanpete County",2,51,303,167,136
050,49,039,"Utah","Sanpete County",2,52,268,144,124
050,49,039,"Utah","Sanpete County",2,53,264,138,126
050,49,039,"Utah","Sanpete County",2,54,264,143,121
050,49,039,"Utah","Sanpete County",2,55,270,157,113
050,49,039,"Utah","Sanpete County",2,56,281,153,128
050,49,039,"Utah","Sanpete County",2,57,277,138,139
050,49,039,"Utah","Sanpete County",2,58,290,144,146
050,49,039,"Utah","Sanpete County",2,59,319,164,155
050,49,039,"Utah","Sanpete County",2,60,301,157,144
050,49,039,"Utah","Sanpete County",2,61,296,156,140
050,49,039,"Utah","Sanpete County",2,62,283,152,131
050,49,039,"Utah","Sanpete County",2,63,297,150,147
050,49,039,"Utah","Sanpete County",2,64,292,143,149
050,49,039,"Utah","Sanpete County",2,65,297,145,152
050,49,039,"Utah","Sanpete County",2,66,294,143,151
050,49,039,"Utah","Sanpete County",2,67,287,148,139
050,49,039,"Utah","Sanpete County",2,68,278,136,142
050,49,039,"Utah","Sanpete County",2,69,271,131,140
050,49,039,"Utah","Sanpete County",2,70,255,126,129
050,49,039,"Utah","Sanpete County",2,71,226,112,114
050,49,039,"Utah","Sanpete County",2,72,217,99,118
050,49,039,"Utah","Sanpete County",2,73,233,114,119
050,49,039,"Utah","Sanpete County",2,74,161,83,78
050,49,039,"Utah","Sanpete County",2,75,156,76,80
050,49,039,"Utah","Sanpete County",2,76,157,79,78
050,49,039,"Utah","Sanpete County",2,77,161,88,73
050,49,039,"Utah","Sanpete County",2,78,136,71,65
050,49,039,"Utah","Sanpete County",2,79,117,56,61
050,49,039,"Utah","Sanpete County",2,80,105,49,56
050,49,039,"Utah","Sanpete County",2,81,104,50,54
050,49,039,"Utah","Sanpete County",2,82,92,45,47
050,49,039,"Utah","Sanpete County",2,83,83,39,44
050,49,039,"Utah","Sanpete County",2,84,88,41,47
050,49,039,"Utah","Sanpete County",2,85,329,141,188
050,49,039,"Utah","Sanpete County",3,0,359,179,180
050,49,039,"Utah","Sanpete County",3,1,380,206,174
050,49,039,"Utah","Sanpete County",3,2,361,177,184
050,49,039,"Utah","Sanpete County",3,3,350,173,177
050,49,039,"Utah","Sanpete County",3,4,367,184,183
050,49,039,"Utah","Sanpete County",3,5,340,172,168
050,49,039,"Utah","Sanpete County",3,6,350,184,166
050,49,039,"Utah","Sanpete County",3,7,358,188,170
050,49,039,"Utah","Sanpete County",3,8,350,183,167
050,49,039,"Utah","Sanpete County",3,9,378,200,178
050,49,039,"Utah","Sanpete County",3,10,407,204,203
050,49,039,"Utah","Sanpete County",3,11,364,186,178
050,49,039,"Utah","Sanpete County",3,12,408,214,194
050,49,039,"Utah","Sanpete County",3,13,411,223,188
050,49,039,"Utah","Sanpete County",3,14,439,231,208
050,49,039,"Utah","Sanpete County",3,15,468,242,226
050,49,039,"Utah","Sanpete County",3,16,510,243,267
050,49,039,"Utah","Sanpete County",3,17,497,257,240
050,49,039,"Utah","Sanpete County",3,18,664,324,340
050,49,039,"Utah","Sanpete County",3,19,846,321,525
050,49,039,"Utah","Sanpete County",3,20,704,253,451
050,49,039,"Utah","Sanpete County",3,21,552,345,207
050,49,039,"Utah","Sanpete County",3,22,597,392,205
050,49,039,"Utah","Sanpete County",3,23,428,265,163
050,49,039,"Utah","Sanpete County",3,24,443,267,176
050,49,039,"Utah","Sanpete County",3,25,392,240,152
050,49,039,"Utah","Sanpete County",3,26,358,227,131
050,49,039,"Utah","Sanpete County",3,27,364,214,150
050,49,039,"Utah","Sanpete County",3,28,347,198,149
050,49,039,"Utah","Sanpete County",3,29,407,219,188
050,49,039,"Utah","Sanpete County",3,30,403,224,179
050,49,039,"Utah","Sanpete County",3,31,360,204,156
050,49,039,"Utah","Sanpete County",3,32,354,216,138
050,49,039,"Utah","Sanpete County",3,33,357,205,152
050,49,039,"Utah","Sanpete County",3,34,302,168,134
050,49,039,"Utah","Sanpete County",3,35,334,190,144
050,49,039,"Utah","Sanpete County",3,36,362,197,165
050,49,039,"Utah","Sanpete County",3,37,370,210,160
050,49,039,"Utah","Sanpete County",3,38,410,235,175
050,49,039,"Utah","Sanpete County",3,39,388,218,170
050,49,039,"Utah","Sanpete County",3,40,401,227,174
050,49,039,"Utah","Sanpete County",3,41,402,240,162
050,49,039,"Utah","Sanpete County",3,42,381,217,164
050,49,039,"Utah","Sanpete County",3,43,385,218,167
050,49,039,"Utah","Sanpete County",3,44,393,215,178
050,49,039,"Utah","Sanpete County",3,45,375,219,156
050,49,039,"Utah","Sanpete County",3,46,344,195,149
050,49,039,"Utah","Sanpete County",3,47,340,199,141
050,49,039,"Utah","Sanpete County",3,48,339,195,144
050,49,039,"Utah","Sanpete County",3,49,351,198,153
050,49,039,"Utah","Sanpete County",3,50,303,162,141
050,49,039,"Utah","Sanpete County",3,51,315,177,138
050,49,039,"Utah","Sanpete County",3,52,301,160,141
050,49,039,"Utah","Sanpete County",3,53,270,142,128
050,49,039,"Utah","Sanpete County",3,54,266,142,124
050,49,039,"Utah","Sanpete County",3,55,261,137,124
050,49,039,"Utah","Sanpete County",3,56,275,163,112
050,49,039,"Utah","Sanpete County",3,57,284,154,130
050,49,039,"Utah","Sanpete County",3,58,281,134,147
050,49,039,"Utah","Sanpete County",3,59,306,152,154
050,49,039,"Utah","Sanpete County",3,60,329,171,158
050,49,039,"Utah","Sanpete County",3,61,311,162,149
050,49,039,"Utah","Sanpete County",3,62,300,156,144
050,49,039,"Utah","Sanpete County",3,63,291,152,139
050,49,039,"Utah","Sanpete County",3,64,292,151,141
050,49,039,"Utah","Sanpete County",3,65,300,149,151
050,49,039,"Utah","Sanpete County",3,66,305,148,157
050,49,039,"Utah","Sanpete County",3,67,295,145,150
050,49,039,"Utah","Sanpete County",3,68,287,152,135
050,49,039,"Utah","Sanpete County",3,69,279,139,140
050,49,039,"Utah","Sanpete County",3,70,270,126,144
050,49,039,"Utah","Sanpete County",3,71,249,122,127
050,49,039,"Utah","Sanpete County",3,72,222,115,107
050,49,039,"Utah","Sanpete County",3,73,209,96,113
050,49,039,"Utah","Sanpete County",3,74,224,106,118
050,49,039,"Utah","Sanpete County",3,75,158,81,77
050,49,039,"Utah","Sanpete County",3,76,152,72,80
050,49,039,"Utah","Sanpete County",3,77,152,77,75
050,49,039,"Utah","Sanpete County",3,78,156,85,71
050,49,039,"Utah","Sanpete County",3,79,128,70,58
050,49,039,"Utah","Sanpete County",3,80,113,53,60
050,49,039,"Utah","Sanpete County",3,81,97,44,53
050,49,039,"Utah","Sanpete County",3,82,94,45,49
050,49,039,"Utah","Sanpete County",3,83,78,36,42
050,49,039,"Utah","Sanpete County",3,84,77,35,42
050,49,039,"Utah","Sanpete County",3,85,344,143,201
050,49,039,"Utah","Sanpete County",4,0,375,180,195
050,49,039,"Utah","Sanpete County",4,1,355,188,167
050,49,039,"Utah","Sanpete County",4,2,363,200,163
050,49,039,"Utah","Sanpete County",4,3,356,182,174
050,49,039,"Utah","Sanpete County",4,4,360,190,170
050,49,039,"Utah","Sanpete County",4,5,365,180,185
050,49,039,"Utah","Sanpete County",4,6,355,180,175
050,49,039,"Utah","Sanpete County",4,7,345,182,163
050,49,039,"Utah","Sanpete County",4,8,362,183,179
050,49,039,"Utah","Sanpete County",4,9,357,184,173
050,49,039,"Utah","Sanpete County",4,10,402,207,195
050,49,039,"Utah","Sanpete County",4,11,403,205,198
050,49,039,"Utah","Sanpete County",4,12,378,187,191
050,49,039,"Utah","Sanpete County",4,13,414,214,200
050,49,039,"Utah","Sanpete County",4,14,448,236,212
050,49,039,"Utah","Sanpete County",4,15,464,246,218
050,49,039,"Utah","Sanpete County",4,16,518,241,277
050,49,039,"Utah","Sanpete County",4,17,515,268,247
050,49,039,"Utah","Sanpete County",4,18,677,324,353
050,49,039,"Utah","Sanpete County",4,19,882,338,544
050,49,039,"Utah","Sanpete County",4,20,717,266,451
050,49,039,"Utah","Sanpete County",4,21,548,336,212
050,49,039,"Utah","Sanpete County",4,22,617,393,224
050,49,039,"Utah","Sanpete County",4,23,463,302,161
050,49,039,"Utah","Sanpete County",4,24,409,255,154
050,49,039,"Utah","Sanpete County",4,25,400,239,161
050,49,039,"Utah","Sanpete County",4,26,380,227,153
050,49,039,"Utah","Sanpete County",4,27,356,220,136
050,49,039,"Utah","Sanpete County",4,28,339,200,139
050,49,039,"Utah","Sanpete County",4,29,367,201,166
050,49,039,"Utah","Sanpete County",4,30,409,214,195
050,49,039,"Utah","Sanpete County",4,31,422,241,181
050,49,039,"Utah","Sanpete County",4,32,382,224,158
050,49,039,"Utah","Sanpete County",4,33,371,223,148
050,49,039,"Utah","Sanpete County",4,34,336,185,151
050,49,039,"Utah","Sanpete County",4,35,310,169,141
050,49,039,"Utah","Sanpete County",4,36,356,206,150
050,49,039,"Utah","Sanpete County",4,37,373,207,166
050,49,039,"Utah","Sanpete County",4,38,394,231,163
050,49,039,"Utah","Sanpete County",4,39,393,217,176
050,49,039,"Utah","Sanpete County",4,40,412,238,174
050,49,039,"Utah","Sanpete County",4,41,407,236,171
050,49,039,"Utah","Sanpete County",4,42,400,228,172
050,49,039,"Utah","Sanpete County",4,43,396,233,163
050,49,039,"Utah","Sanpete County",4,44,398,219,179
050,49,039,"Utah","Sanpete County",4,45,404,221,183
050,49,039,"Utah","Sanpete County",4,46,379,214,165
050,49,039,"Utah","Sanpete County",4,47,352,206,146
050,49,039,"Utah","Sanpete County",4,48,350,201,149
050,49,039,"Utah","Sanpete County",4,49,342,199,143
050,49,039,"Utah","Sanpete County",4,50,335,180,155
050,49,039,"Utah","Sanpete County",4,51,319,175,144
050,49,039,"Utah","Sanpete County",4,52,315,176,139
050,49,039,"Utah","Sanpete County",4,53,296,151,145
050,49,039,"Utah","Sanpete County",4,54,256,131,125
050,49,039,"Utah","Sanpete County",4,55,265,142,123
050,49,039,"Utah","Sanpete County",4,56,269,139,130
050,49,039,"Utah","Sanpete County",4,57,294,173,121
050,49,039,"Utah","Sanpete County",4,58,285,150,135
050,49,039,"Utah","Sanpete County",4,59,302,152,150
050,49,039,"Utah","Sanpete County",4,60,324,160,164
050,49,039,"Utah","Sanpete County",4,61,324,165,159
050,49,039,"Utah","Sanpete County",4,62,317,166,151
050,49,039,"Utah","Sanpete County",4,63,306,162,144
050,49,039,"Utah","Sanpete County",4,64,290,149,141
050,49,039,"Utah","Sanpete County",4,65,305,161,144
050,49,039,"Utah","Sanpete County",4,66,295,140,155
050,49,039,"Utah","Sanpete County",4,67,307,149,158
050,49,039,"Utah","Sanpete County",4,68,292,142,150
050,49,039,"Utah","Sanpete County",4,69,289,154,135
050,49,039,"Utah","Sanpete County",4,70,269,134,135
050,49,039,"Utah","Sanpete County",4,71,259,119,140
050,49,039,"Utah","Sanpete County",4,72,247,127,120
050,49,039,"Utah","Sanpete County",4,73,220,116,104
050,49,039,"Utah","Sanpete County",4,74,211,97,114
050,49,039,"Utah","Sanpete County",4,75,220,100,120
050,49,039,"Utah","Sanpete County",4,76,151,80,71
050,49,039,"Utah","Sanpete County",4,77,145,66,79
050,49,039,"Utah","Sanpete County",4,78,145,73,72
050,49,039,"Utah","Sanpete County",4,79,148,83,65
050,49,039,"Utah","Sanpete County",4,80,123,69,54
050,49,039,"Utah","Sanpete County",4,81,108,48,60
050,49,039,"Utah","Sanpete County",4,82,88,41,47
050,49,039,"Utah","Sanpete County",4,83,78,34,44
050,49,039,"Utah","Sanpete County",4,84,69,33,36
050,49,039,"Utah","Sanpete County",4,85,349,141,208
050,49,039,"Utah","Sanpete County",5,0,370,177,193
050,49,039,"Utah","Sanpete County",5,1,395,190,205
050,49,039,"Utah","Sanpete County",5,2,361,191,170
050,49,039,"Utah","Sanpete County",5,3,358,206,152
050,49,039,"Utah","Sanpete County",5,4,358,180,178
050,49,039,"Utah","Sanpete County",5,5,367,194,173
050,49,039,"Utah","Sanpete County",5,6,375,189,186
050,49,039,"Utah","Sanpete County",5,7,363,180,183
050,49,039,"Utah","Sanpete County",5,8,368,190,178
050,49,039,"Utah","Sanpete County",5,9,382,194,188
050,49,039,"Utah","Sanpete County",5,10,374,198,176
050,49,039,"Utah","Sanpete County",5,11,400,208,192
050,49,039,"Utah","Sanpete County",5,12,424,217,207
050,49,039,"Utah","Sanpete County",5,13,381,196,185
050,49,039,"Utah","Sanpete County",5,14,427,217,210
050,49,039,"Utah","Sanpete County",5,15,457,241,216
050,49,039,"Utah","Sanpete County",5,16,515,248,267
050,49,039,"Utah","Sanpete County",5,17,518,255,263
050,49,039,"Utah","Sanpete County",5,18,718,341,377
050,49,039,"Utah","Sanpete County",5,19,911,345,566
050,49,039,"Utah","Sanpete County",5,20,746,279,467
050,49,039,"Utah","Sanpete County",5,21,563,345,218
050,49,039,"Utah","Sanpete County",5,22,620,394,226
050,49,039,"Utah","Sanpete County",5,23,484,309,175
050,49,039,"Utah","Sanpete County",5,24,464,303,161
050,49,039,"Utah","Sanpete County",5,25,382,238,144
050,49,039,"Utah","Sanpete County",5,26,381,230,151
050,49,039,"Utah","Sanpete County",5,27,391,237,154
050,49,039,"Utah","Sanpete County",5,28,332,205,127
050,49,039,"Utah","Sanpete County",5,29,361,213,148
050,49,039,"Utah","Sanpete County",5,30,379,214,165
050,49,039,"Utah","Sanpete County",5,31,406,229,177
050,49,039,"Utah","Sanpete County",5,32,430,251,179
050,49,039,"Utah","Sanpete County",5,33,388,223,165
050,49,039,"Utah","Sanpete County",5,34,362,210,152
050,49,039,"Utah","Sanpete County",5,35,346,182,164
050,49,039,"Utah","Sanpete County",5,36,343,192,151
050,49,039,"Utah","Sanpete County",5,37,363,216,147
050,49,039,"Utah","Sanpete County",5,38,401,230,171
050,49,039,"Utah","Sanpete County",5,39,381,212,169
050,49,039,"Utah","Sanpete County",5,40,419,234,185
050,49,039,"Utah","Sanpete County",5,41,409,236,173
050,49,039,"Utah","Sanpete County",5,42,414,228,186
050,49,039,"Utah","Sanpete County",5,43,423,250,173
050,49,039,"Utah","Sanpete County",5,44,408,238,170
050,49,039,"Utah","Sanpete County",5,45,405,227,178
050,49,039,"Utah","Sanpete County",5,46,401,212,189
050,49,039,"Utah","Sanpete County",5,47,394,227,167
050,49,039,"Utah","Sanpete County",5,48,360,216,144
050,49,039,"Utah","Sanpete County",5,49,347,204,143
050,49,039,"Utah","Sanpete County",5,50,337,189,148
050,49,039,"Utah","Sanpete County",5,51,348,193,155
050,49,039,"Utah","Sanpete County",5,52,312,169,143
050,49,039,"Utah","Sanpete County",5,53,308,169,139
050,49,039,"Utah","Sanpete County",5,54,294,149,145
050,49,039,"Utah","Sanpete County",5,55,263,131,132
050,49,039,"Utah","Sanpete County",5,56,264,141,123
050,49,039,"Utah","Sanpete County",5,57,271,139,132
050,49,039,"Utah","Sanpete County",5,58,294,171,123
050,49,039,"Utah","Sanpete County",5,59,288,153,135
050,49,039,"Utah","Sanpete County",5,60,312,155,157
050,49,039,"Utah","Sanpete County",5,61,332,164,168
050,49,039,"Utah","Sanpete County",5,62,321,160,161
050,49,039,"Utah","Sanpete County",5,63,320,167,153
050,49,039,"Utah","Sanpete County",5,64,315,164,151
050,49,039,"Utah","Sanpete County",5,65,296,152,144
050,49,039,"Utah","Sanpete County",5,66,295,153,142
050,49,039,"Utah","Sanpete County",5,67,295,144,151
050,49,039,"Utah","Sanpete County",5,68,300,144,156
050,49,039,"Utah","Sanpete County",5,69,294,146,148
050,49,039,"Utah","Sanpete County",5,70,276,143,133
050,49,039,"Utah","Sanpete County",5,71,260,124,136
050,49,039,"Utah","Sanpete County",5,72,264,126,138
050,49,039,"Utah","Sanpete County",5,73,227,122,105
050,49,039,"Utah","Sanpete County",5,74,217,114,103
050,49,039,"Utah","Sanpete County",5,75,200,87,113
050,49,039,"Utah","Sanpete County",5,76,202,95,107
050,49,039,"Utah","Sanpete County",5,77,143,73,70
050,49,039,"Utah","Sanpete County",5,78,136,65,71
050,49,039,"Utah","Sanpete County",5,79,131,64,67
050,49,039,"Utah","Sanpete County",5,80,142,81,61
050,49,039,"Utah","Sanpete County",5,81,116,62,54
050,49,039,"Utah","Sanpete County",5,82,97,43,54
050,49,039,"Utah","Sanpete County",5,83,67,27,40
050,49,039,"Utah","Sanpete County",5,84,67,30,37
050,49,039,"Utah","Sanpete County",5,85,348,144,204
050,49,041,"Utah","Sevier County",1,0,267,136,131
050,49,041,"Utah","Sevier County",1,1,283,145,138
050,49,041,"Utah","Sevier County",1,2,312,174,138
050,49,041,"Utah","Sevier County",1,3,301,161,140
050,49,041,"Utah","Sevier County",1,4,331,175,156
050,49,041,"Utah","Sevier County",1,5,319,166,153
050,49,041,"Utah","Sevier County",1,6,313,166,147
050,49,041,"Utah","Sevier County",1,7,331,175,156
050,49,041,"Utah","Sevier County",1,8,306,157,149
050,49,041,"Utah","Sevier County",1,9,353,175,178
050,49,041,"Utah","Sevier County",1,10,367,187,180
050,49,041,"Utah","Sevier County",1,11,381,200,181
050,49,041,"Utah","Sevier County",1,12,368,195,173
050,49,041,"Utah","Sevier County",1,13,393,204,189
050,49,041,"Utah","Sevier County",1,14,412,216,196
050,49,041,"Utah","Sevier County",1,15,394,225,169
050,49,041,"Utah","Sevier County",1,16,430,240,190
050,49,041,"Utah","Sevier County",1,17,439,232,207
050,49,041,"Utah","Sevier County",1,18,324,182,142
050,49,041,"Utah","Sevier County",1,19,259,145,114
050,49,041,"Utah","Sevier County",1,20,248,130,118
050,49,041,"Utah","Sevier County",1,21,246,130,116
050,49,041,"Utah","Sevier County",1,22,243,133,110
050,49,041,"Utah","Sevier County",1,23,239,126,113
050,49,041,"Utah","Sevier County",1,24,225,110,115
050,49,041,"Utah","Sevier County",1,25,213,120,93
050,49,041,"Utah","Sevier County",1,26,231,123,108
050,49,041,"Utah","Sevier County",1,27,237,126,111
050,49,041,"Utah","Sevier County",1,28,258,135,123
050,49,041,"Utah","Sevier County",1,29,223,109,114
050,49,041,"Utah","Sevier County",1,30,239,120,119
050,49,041,"Utah","Sevier County",1,31,244,134,110
050,49,041,"Utah","Sevier County",1,32,235,113,122
050,49,041,"Utah","Sevier County",1,33,232,102,130
050,49,041,"Utah","Sevier County",1,34,236,119,117
050,49,041,"Utah","Sevier County",1,35,267,132,135
050,49,041,"Utah","Sevier County",1,36,274,137,137
050,49,041,"Utah","Sevier County",1,37,272,146,126
050,49,041,"Utah","Sevier County",1,38,301,152,149
050,49,041,"Utah","Sevier County",1,39,306,148,158
050,49,041,"Utah","Sevier County",1,40,287,137,150
050,49,041,"Utah","Sevier County",1,41,309,156,153
050,49,041,"Utah","Sevier County",1,42,313,161,152
050,49,041,"Utah","Sevier County",1,43,310,171,139
050,49,041,"Utah","Sevier County",1,44,282,145,137
050,49,041,"Utah","Sevier County",1,45,251,137,114
050,49,041,"Utah","Sevier County",1,46,221,121,100
050,49,041,"Utah","Sevier County",1,47,222,122,100
050,49,041,"Utah","Sevier County",1,48,227,116,111
050,49,041,"Utah","Sevier County",1,49,231,124,107
050,49,041,"Utah","Sevier County",1,50,219,113,106
050,49,041,"Utah","Sevier County",1,51,182,98,84
050,49,041,"Utah","Sevier County",1,52,177,99,78
050,49,041,"Utah","Sevier County",1,53,181,99,82
050,49,041,"Utah","Sevier County",1,54,197,99,98
050,49,041,"Utah","Sevier County",1,55,222,108,114
050,49,041,"Utah","Sevier County",1,56,247,112,135
050,49,041,"Utah","Sevier County",1,57,261,129,132
050,49,041,"Utah","Sevier County",1,58,249,117,132
050,49,041,"Utah","Sevier County",1,59,264,131,133
050,49,041,"Utah","Sevier County",1,60,258,138,120
050,49,041,"Utah","Sevier County",1,61,254,125,129
050,49,041,"Utah","Sevier County",1,62,227,102,125
050,49,041,"Utah","Sevier County",1,63,246,126,120
050,49,041,"Utah","Sevier County",1,64,271,142,129
050,49,041,"Utah","Sevier County",1,65,255,126,129
050,49,041,"Utah","Sevier County",1,66,248,131,117
050,49,041,"Utah","Sevier County",1,67,244,125,119
050,49,041,"Utah","Sevier County",1,68,231,112,119
050,49,041,"Utah","Sevier County",1,69,217,104,113
050,49,041,"Utah","Sevier County",1,70,203,103,100
050,49,041,"Utah","Sevier County",1,71,190,95,95
050,49,041,"Utah","Sevier County",1,72,182,89,93
050,49,041,"Utah","Sevier County",1,73,221,98,123
050,49,041,"Utah","Sevier County",1,74,144,65,79
050,49,041,"Utah","Sevier County",1,75,134,66,68
050,49,041,"Utah","Sevier County",1,76,144,72,72
050,49,041,"Utah","Sevier County",1,77,140,68,72
050,49,041,"Utah","Sevier County",1,78,113,56,57
050,49,041,"Utah","Sevier County",1,79,113,55,58
050,49,041,"Utah","Sevier County",1,80,104,52,52
050,49,041,"Utah","Sevier County",1,81,109,57,52
050,49,041,"Utah","Sevier County",1,82,87,41,46
050,49,041,"Utah","Sevier County",1,83,75,34,41
050,49,041,"Utah","Sevier County",1,84,75,38,37
050,49,041,"Utah","Sevier County",1,85,319,144,175
050,49,041,"Utah","Sevier County",2,0,275,136,139
050,49,041,"Utah","Sevier County",2,1,282,143,139
050,49,041,"Utah","Sevier County",2,2,305,167,138
050,49,041,"Utah","Sevier County",2,3,300,163,137
050,49,041,"Utah","Sevier County",2,4,322,171,151
050,49,041,"Utah","Sevier County",2,5,323,168,155
050,49,041,"Utah","Sevier County",2,6,318,168,150
050,49,041,"Utah","Sevier County",2,7,327,174,153
050,49,041,"Utah","Sevier County",2,8,314,162,152
050,49,041,"Utah","Sevier County",2,9,342,170,172
050,49,041,"Utah","Sevier County",2,10,363,182,181
050,49,041,"Utah","Sevier County",2,11,373,194,179
050,49,041,"Utah","Sevier County",2,12,375,198,177
050,49,041,"Utah","Sevier County",2,13,387,202,185
050,49,041,"Utah","Sevier County",2,14,412,216,196
050,49,041,"Utah","Sevier County",2,15,393,222,171
050,49,041,"Utah","Sevier County",2,16,425,240,185
050,49,041,"Utah","Sevier County",2,17,438,235,203
050,49,041,"Utah","Sevier County",2,18,324,179,145
050,49,041,"Utah","Sevier County",2,19,259,144,115
050,49,041,"Utah","Sevier County",2,20,255,136,119
050,49,041,"Utah","Sevier County",2,21,249,132,117
050,49,041,"Utah","Sevier County",2,22,243,132,111
050,49,041,"Utah","Sevier County",2,23,240,126,114
050,49,041,"Utah","Sevier County",2,24,226,113,113
050,49,041,"Utah","Sevier County",2,25,216,118,98
050,49,041,"Utah","Sevier County",2,26,227,121,106
050,49,041,"Utah","Sevier County",2,27,238,126,112
050,49,041,"Utah","Sevier County",2,28,256,134,122
050,49,041,"Utah","Sevier County",2,29,233,115,118
050,49,041,"Utah","Sevier County",2,30,239,120,119
050,49,041,"Utah","Sevier County",2,31,244,131,113
050,49,041,"Utah","Sevier County",2,32,237,119,118
050,49,041,"Utah","Sevier County",2,33,234,106,128
050,49,041,"Utah","Sevier County",2,34,237,117,120
050,49,041,"Utah","Sevier County",2,35,261,130,131
050,49,041,"Utah","Sevier County",2,36,272,136,136
050,49,041,"Utah","Sevier County",2,37,273,144,129
050,49,041,"Utah","Sevier County",2,38,299,152,147
050,49,041,"Utah","Sevier County",2,39,305,147,158
050,49,041,"Utah","Sevier County",2,40,293,139,154
050,49,041,"Utah","Sevier County",2,41,304,153,151
050,49,041,"Utah","Sevier County",2,42,313,160,153
050,49,041,"Utah","Sevier County",2,43,314,171,143
050,49,041,"Utah","Sevier County",2,44,286,151,135
050,49,041,"Utah","Sevier County",2,45,261,141,120
050,49,041,"Utah","Sevier County",2,46,228,124,104
050,49,041,"Utah","Sevier County",2,47,222,122,100
050,49,041,"Utah","Sevier County",2,48,226,118,108
050,49,041,"Utah","Sevier County",2,49,232,124,108
050,49,041,"Utah","Sevier County",2,50,224,118,106
050,49,041,"Utah","Sevier County",2,51,193,104,89
050,49,041,"Utah","Sevier County",2,52,177,97,80
050,49,041,"Utah","Sevier County",2,53,180,99,81
050,49,041,"Utah","Sevier County",2,54,195,101,94
050,49,041,"Utah","Sevier County",2,55,218,106,112
050,49,041,"Utah","Sevier County",2,56,243,113,130
050,49,041,"Utah","Sevier County",2,57,259,126,133
050,49,041,"Utah","Sevier County",2,58,250,119,131
050,49,041,"Utah","Sevier County",2,59,261,129,132
050,49,041,"Utah","Sevier County",2,60,259,136,123
050,49,041,"Utah","Sevier County",2,61,255,127,128
050,49,041,"Utah","Sevier County",2,62,232,107,125
050,49,041,"Utah","Sevier County",2,63,248,123,125
050,49,041,"Utah","Sevier County",2,64,263,137,126
050,49,041,"Utah","Sevier County",2,65,260,131,129
050,49,041,"Utah","Sevier County",2,66,252,129,123
050,49,041,"Utah","Sevier County",2,67,243,126,117
050,49,041,"Utah","Sevier County",2,68,235,116,119
050,49,041,"Utah","Sevier County",2,69,223,107,116
050,49,041,"Utah","Sevier County",2,70,206,103,103
050,49,041,"Utah","Sevier County",2,71,194,97,97
050,49,041,"Utah","Sevier County",2,72,179,88,91
050,49,041,"Utah","Sevier County",2,73,220,100,120
050,49,041,"Utah","Sevier County",2,74,151,68,83
050,49,041,"Utah","Sevier County",2,75,136,65,71
050,49,041,"Utah","Sevier County",2,76,138,68,70
050,49,041,"Utah","Sevier County",2,77,143,71,72
050,49,041,"Utah","Sevier County",2,78,116,56,60
050,49,041,"Utah","Sevier County",2,79,110,53,57
050,49,041,"Utah","Sevier County",2,80,103,53,50
050,49,041,"Utah","Sevier County",2,81,105,55,50
050,49,041,"Utah","Sevier County",2,82,90,43,47
050,49,041,"Utah","Sevier County",2,83,77,36,41
050,49,041,"Utah","Sevier County",2,84,75,38,37
050,49,041,"Utah","Sevier County",2,85,321,148,173
050,49,041,"Utah","Sevier County",3,0,276,140,136
050,49,041,"Utah","Sevier County",3,1,297,137,160
050,49,041,"Utah","Sevier County",3,2,284,148,136
050,49,041,"Utah","Sevier County",3,3,310,169,141
050,49,041,"Utah","Sevier County",3,4,310,165,145
050,49,041,"Utah","Sevier County",3,5,324,171,153
050,49,041,"Utah","Sevier County",3,6,342,179,163
050,49,041,"Utah","Sevier County",3,7,304,158,146
050,49,041,"Utah","Sevier County",3,8,329,169,160
050,49,041,"Utah","Sevier County",3,9,321,163,158
050,49,041,"Utah","Sevier County",3,10,343,179,164
050,49,041,"Utah","Sevier County",3,11,361,177,184
050,49,041,"Utah","Sevier County",3,12,384,198,186
050,49,041,"Utah","Sevier County",3,13,366,194,172
050,49,041,"Utah","Sevier County",3,14,424,219,205
050,49,041,"Utah","Sevier County",3,15,410,220,190
050,49,041,"Utah","Sevier County",3,16,392,222,170
050,49,041,"Utah","Sevier County",3,17,448,253,195
050,49,041,"Utah","Sevier County",3,18,329,174,155
050,49,041,"Utah","Sevier County",3,19,249,141,108
050,49,041,"Utah","Sevier County",3,20,272,145,127
050,49,041,"Utah","Sevier County",3,21,270,145,125
050,49,041,"Utah","Sevier County",3,22,258,126,132
050,49,041,"Utah","Sevier County",3,23,258,142,116
050,49,041,"Utah","Sevier County",3,24,266,131,135
050,49,041,"Utah","Sevier County",3,25,245,123,122
050,49,041,"Utah","Sevier County",3,26,224,115,109
050,49,041,"Utah","Sevier County",3,27,240,127,113
050,49,041,"Utah","Sevier County",3,28,231,125,106
050,49,041,"Utah","Sevier County",3,29,262,138,124
050,49,041,"Utah","Sevier County",3,30,242,125,117
050,49,041,"Utah","Sevier County",3,31,250,124,126
050,49,041,"Utah","Sevier County",3,32,257,135,122
050,49,041,"Utah","Sevier County",3,33,242,119,123
050,49,041,"Utah","Sevier County",3,34,228,102,126
050,49,041,"Utah","Sevier County",3,35,250,120,130
050,49,041,"Utah","Sevier County",3,36,268,135,133
050,49,041,"Utah","Sevier County",3,37,267,130,137
050,49,041,"Utah","Sevier County",3,38,299,158,141
050,49,041,"Utah","Sevier County",3,39,305,158,147
050,49,041,"Utah","Sevier County",3,40,306,143,163
050,49,041,"Utah","Sevier County",3,41,287,140,147
050,49,041,"Utah","Sevier County",3,42,305,155,150
050,49,041,"Utah","Sevier County",3,43,319,161,158
050,49,041,"Utah","Sevier County",3,44,309,163,146
050,49,041,"Utah","Sevier County",3,45,288,148,140
050,49,041,"Utah","Sevier County",3,46,268,141,127
050,49,041,"Utah","Sevier County",3,47,235,127,108
050,49,041,"Utah","Sevier County",3,48,223,124,99
050,49,041,"Utah","Sevier County",3,49,228,122,106
050,49,041,"Utah","Sevier County",3,50,230,121,109
050,49,041,"Utah","Sevier County",3,51,239,124,115
050,49,041,"Utah","Sevier County",3,52,198,102,96
050,49,041,"Utah","Sevier County",3,53,178,97,81
050,49,041,"Utah","Sevier County",3,54,188,108,80
050,49,041,"Utah","Sevier County",3,55,198,101,97
050,49,041,"Utah","Sevier County",3,56,219,108,111
050,49,041,"Utah","Sevier County",3,57,253,116,137
050,49,041,"Utah","Sevier County",3,58,263,125,138
050,49,041,"Utah","Sevier County",3,59,254,119,135
050,49,041,"Utah","Sevier County",3,60,268,127,141
050,49,041,"Utah","Sevier County",3,61,268,139,129
050,49,041,"Utah","Sevier County",3,62,266,134,132
050,49,041,"Utah","Sevier County",3,63,234,108,126
050,49,041,"Utah","Sevier County",3,64,257,131,126
050,49,041,"Utah","Sevier County",3,65,266,138,128
050,49,041,"Utah","Sevier County",3,66,266,132,134
050,49,041,"Utah","Sevier County",3,67,256,131,125
050,49,041,"Utah","Sevier County",3,68,244,128,116
050,49,041,"Utah","Sevier County",3,69,229,114,115
050,49,041,"Utah","Sevier County",3,70,223,108,115
050,49,041,"Utah","Sevier County",3,71,195,97,98
050,49,041,"Utah","Sevier County",3,72,192,96,96
050,49,041,"Utah","Sevier County",3,73,174,87,87
050,49,041,"Utah","Sevier County",3,74,217,100,117
050,49,041,"Utah","Sevier County",3,75,147,68,79
050,49,041,"Utah","Sevier County",3,76,136,64,72
050,49,041,"Utah","Sevier County",3,77,131,64,67
050,49,041,"Utah","Sevier County",3,78,131,64,67
050,49,041,"Utah","Sevier County",3,79,112,55,57
050,49,041,"Utah","Sevier County",3,80,94,47,47
050,49,041,"Utah","Sevier County",3,81,101,53,48
050,49,041,"Utah","Sevier County",3,82,96,50,46
050,49,041,"Utah","Sevier County",3,83,78,34,44
050,49,041,"Utah","Sevier County",3,84,73,35,38
050,49,041,"Utah","Sevier County",3,85,315,148,167
050,49,041,"Utah","Sevier County",4,0,285,155,130
050,49,041,"Utah","Sevier County",4,1,249,134,115
050,49,041,"Utah","Sevier County",4,2,284,141,143
050,49,041,"Utah","Sevier County",4,3,290,155,135
050,49,041,"Utah","Sevier County",4,4,313,167,146
050,49,041,"Utah","Sevier County",4,5,297,160,137
050,49,041,"Utah","Sevier County",4,6,321,170,151
050,49,041,"Utah","Sevier County",4,7,340,176,164
050,49,041,"Utah","Sevier County",4,8,307,156,151
050,49,041,"Utah","Sevier County",4,9,333,174,159
050,49,041,"Utah","Sevier County",4,10,333,166,167
050,49,041,"Utah","Sevier County",4,11,353,184,169
050,49,041,"Utah","Sevier County",4,12,367,184,183
050,49,041,"Utah","Sevier County",4,13,399,208,191
050,49,041,"Utah","Sevier County",4,14,405,204,201
050,49,041,"Utah","Sevier County",4,15,422,228,194
050,49,041,"Utah","Sevier County",4,16,433,235,198
050,49,041,"Utah","Sevier County",4,17,409,235,174
050,49,041,"Utah","Sevier County",4,18,342,188,154
050,49,041,"Utah","Sevier County",4,19,245,133,112
050,49,041,"Utah","Sevier County",4,20,261,141,120
050,49,041,"Utah","Sevier County",4,21,266,145,121
050,49,041,"Utah","Sevier County",4,22,268,141,127
050,49,041,"Utah","Sevier County",4,23,265,128,137
050,49,041,"Utah","Sevier County",4,24,260,136,124
050,49,041,"Utah","Sevier County",4,25,263,137,126
050,49,041,"Utah","Sevier County",4,26,236,118,118
050,49,041,"Utah","Sevier County",4,27,220,112,108
050,49,041,"Utah","Sevier County",4,28,248,138,110
050,49,041,"Utah","Sevier County",4,29,237,124,113
050,49,041,"Utah","Sevier County",4,30,276,150,126
050,49,041,"Utah","Sevier County",4,31,242,124,118
050,49,041,"Utah","Sevier County",4,32,247,125,122
050,49,041,"Utah","Sevier County",4,33,264,136,128
050,49,041,"Utah","Sevier County",4,34,243,118,125
050,49,041,"Utah","Sevier County",4,35,235,104,131
050,49,041,"Utah","Sevier County",4,36,252,117,135
050,49,041,"Utah","Sevier County",4,37,265,134,131
050,49,041,"Utah","Sevier County",4,38,274,133,141
050,49,041,"Utah","Sevier County",4,39,304,160,144
050,49,041,"Utah","Sevier County",4,40,310,159,151
050,49,041,"Utah","Sevier County",4,41,310,144,166
050,49,041,"Utah","Sevier County",4,42,305,146,159
050,49,041,"Utah","Sevier County",4,43,318,161,157
050,49,041,"Utah","Sevier County",4,44,323,160,163
050,49,041,"Utah","Sevier County",4,45,315,168,147
050,49,041,"Utah","Sevier County",4,46,287,147,140
050,49,041,"Utah","Sevier County",4,47,274,144,130
050,49,041,"Utah","Sevier County",4,48,240,129,111
050,49,041,"Utah","Sevier County",4,49,223,126,97
050,49,041,"Utah","Sevier County",4,50,234,124,110
050,49,041,"Utah","Sevier County",4,51,231,121,110
050,49,041,"Utah","Sevier County",4,52,244,121,123
050,49,041,"Utah","Sevier County",4,53,195,105,90
050,49,041,"Utah","Sevier County",4,54,175,93,82
050,49,041,"Utah","Sevier County",4,55,193,111,82
050,49,041,"Utah","Sevier County",4,56,197,102,95
050,49,041,"Utah","Sevier County",4,57,212,103,109
050,49,041,"Utah","Sevier County",4,58,259,120,139
050,49,041,"Utah","Sevier County",4,59,272,130,142
050,49,041,"Utah","Sevier County",4,60,260,119,141
050,49,041,"Utah","Sevier County",4,61,271,126,145
050,49,041,"Utah","Sevier County",4,62,276,145,131
050,49,041,"Utah","Sevier County",4,63,268,134,134
050,49,041,"Utah","Sevier County",4,64,231,104,127
050,49,041,"Utah","Sevier County",4,65,258,132,126
050,49,041,"Utah","Sevier County",4,66,273,142,131
050,49,041,"Utah","Sevier County",4,67,274,137,137
050,49,041,"Utah","Sevier County",4,68,253,128,125
050,49,041,"Utah","Sevier County",4,69,242,124,118
050,49,041,"Utah","Sevier County",4,70,224,112,112
050,49,041,"Utah","Sevier County",4,71,211,101,110
050,49,041,"Utah","Sevier County",4,72,200,100,100
050,49,041,"Utah","Sevier County",4,73,188,96,92
050,49,041,"Utah","Sevier County",4,74,166,85,81
050,49,041,"Utah","Sevier County",4,75,199,92,107
050,49,041,"Utah","Sevier County",4,76,149,66,83
050,49,041,"Utah","Sevier County",4,77,129,59,70
050,49,041,"Utah","Sevier County",4,78,122,61,61
050,49,041,"Utah","Sevier County",4,79,130,63,67
050,49,041,"Utah","Sevier County",4,80,99,49,50
050,49,041,"Utah","Sevier County",4,81,89,46,43
050,49,041,"Utah","Sevier County",4,82,97,52,45
050,49,041,"Utah","Sevier County",4,83,85,42,43
050,49,041,"Utah","Sevier County",4,84,74,32,42
050,49,041,"Utah","Sevier County",4,85,305,136,169
050,49,041,"Utah","Sevier County",5,0,280,152,128
050,49,041,"Utah","Sevier County",5,1,284,157,127
050,49,041,"Utah","Sevier County",5,2,260,142,118
050,49,041,"Utah","Sevier County",5,3,277,134,143
050,49,041,"Utah","Sevier County",5,4,293,158,135
050,49,041,"Utah","Sevier County",5,5,321,160,161
050,49,041,"Utah","Sevier County",5,6,303,161,142
050,49,041,"Utah","Sevier County",5,7,323,167,156
050,49,041,"Utah","Sevier County",5,8,363,185,178
050,49,041,"Utah","Sevier County",5,9,302,153,149
050,49,041,"Utah","Sevier County",5,10,331,173,158
050,49,041,"Utah","Sevier County",5,11,333,163,170
050,49,041,"Utah","Sevier County",5,12,345,178,167
050,49,041,"Utah","Sevier County",5,13,371,190,181
050,49,041,"Utah","Sevier County",5,14,432,221,211
050,49,041,"Utah","Sevier County",5,15,402,211,191
050,49,041,"Utah","Sevier County",5,16,429,239,190
050,49,041,"Utah","Sevier County",5,17,446,243,203
050,49,041,"Utah","Sevier County",5,18,305,172,133
050,49,041,"Utah","Sevier County",5,19,265,141,124
050,49,041,"Utah","Sevier County",5,20,277,146,131
050,49,041,"Utah","Sevier County",5,21,264,141,123
050,49,041,"Utah","Sevier County",5,22,289,153,136
050,49,041,"Utah","Sevier County",5,23,294,145,149
050,49,041,"Utah","Sevier County",5,24,274,131,143
050,49,041,"Utah","Sevier County",5,25,302,160,142
050,49,041,"Utah","Sevier County",5,26,287,159,128
050,49,041,"Utah","Sevier County",5,27,237,119,118
050,49,041,"Utah","Sevier County",5,28,241,123,118
050,49,041,"Utah","Sevier County",5,29,246,129,117
050,49,041,"Utah","Sevier County",5,30,252,131,121
050,49,041,"Utah","Sevier County",5,31,290,149,141
050,49,041,"Utah","Sevier County",5,32,242,124,118
050,49,041,"Utah","Sevier County",5,33,262,134,128
050,49,041,"Utah","Sevier County",5,34,276,140,136
050,49,041,"Utah","Sevier County",5,35,243,121,122
050,49,041,"Utah","Sevier County",5,36,243,109,134
050,49,041,"Utah","Sevier County",5,37,251,122,129
050,49,041,"Utah","Sevier County",5,38,270,139,131
050,49,041,"Utah","Sevier County",5,39,286,140,146
050,49,041,"Utah","Sevier County",5,40,299,152,147
050,49,041,"Utah","Sevier County",5,41,313,161,152
050,49,041,"Utah","Sevier County",5,42,315,149,166
050,49,041,"Utah","Sevier County",5,43,316,150,166
050,49,041,"Utah","Sevier County",5,44,320,166,154
050,49,041,"Utah","Sevier County",5,45,327,167,160
050,49,041,"Utah","Sevier County",5,46,310,164,146
050,49,041,"Utah","Sevier County",5,47,289,148,141
050,49,041,"Utah","Sevier County",5,48,268,137,131
050,49,041,"Utah","Sevier County",5,49,243,130,113
050,49,041,"Utah","Sevier County",5,50,230,129,101
050,49,041,"Utah","Sevier County",5,51,234,126,108
050,49,041,"Utah","Sevier County",5,52,234,117,117
050,49,041,"Utah","Sevier County",5,53,229,117,112
050,49,041,"Utah","Sevier County",5,54,198,103,95
050,49,041,"Utah","Sevier County",5,55,176,92,84
050,49,041,"Utah","Sevier County",5,56,193,111,82
050,49,041,"Utah","Sevier County",5,57,192,101,91
050,49,041,"Utah","Sevier County",5,58,218,105,113
050,49,041,"Utah","Sevier County",5,59,259,118,141
050,49,041,"Utah","Sevier County",5,60,263,128,135
050,49,041,"Utah","Sevier County",5,61,261,122,139
050,49,041,"Utah","Sevier County",5,62,271,123,148
050,49,041,"Utah","Sevier County",5,63,280,146,134
050,49,041,"Utah","Sevier County",5,64,274,139,135
050,49,041,"Utah","Sevier County",5,65,231,108,123
050,49,041,"Utah","Sevier County",5,66,262,135,127
050,49,041,"Utah","Sevier County",5,67,275,145,130
050,49,041,"Utah","Sevier County",5,68,276,138,138
050,49,041,"Utah","Sevier County",5,69,253,127,126
050,49,041,"Utah","Sevier County",5,70,238,123,115
050,49,041,"Utah","Sevier County",5,71,216,109,107
050,49,041,"Utah","Sevier County",5,72,209,100,109
050,49,041,"Utah","Sevier County",5,73,199,100,99
050,49,041,"Utah","Sevier County",5,74,185,96,89
050,49,041,"Utah","Sevier County",5,75,158,79,79
050,49,041,"Utah","Sevier County",5,76,197,94,103
050,49,041,"Utah","Sevier County",5,77,143,65,78
050,49,041,"Utah","Sevier County",5,78,119,54,65
050,49,041,"Utah","Sevier County",5,79,119,57,62
050,49,041,"Utah","Sevier County",5,80,107,53,54
050,49,041,"Utah","Sevier County",5,81,91,47,44
050,49,041,"Utah","Sevier County",5,82,85,46,39
050,49,041,"Utah","Sevier County",5,83,89,45,44
050,49,041,"Utah","Sevier County",5,84,82,41,41
050,49,041,"Utah","Sevier County",5,85,307,127,180
050,49,043,"Utah","Summit County",1,0,390,197,193
050,49,043,"Utah","Summit County",1,1,404,197,207
050,49,043,"Utah","Summit County",1,2,427,216,211
050,49,043,"Utah","Summit County",1,3,412,217,195
050,49,043,"Utah","Summit County",1,4,458,229,229
050,49,043,"Utah","Summit County",1,5,518,262,256
050,49,043,"Utah","Summit County",1,6,480,240,240
050,49,043,"Utah","Summit County",1,7,518,266,252
050,49,043,"Utah","Summit County",1,8,541,287,254
050,49,043,"Utah","Summit County",1,9,589,291,298
050,49,043,"Utah","Summit County",1,10,603,279,324
050,49,043,"Utah","Summit County",1,11,629,307,322
050,49,043,"Utah","Summit County",1,12,648,337,311
050,49,043,"Utah","Summit County",1,13,706,364,342
050,49,043,"Utah","Summit County",1,14,681,360,321
050,49,043,"Utah","Summit County",1,15,679,355,324
050,49,043,"Utah","Summit County",1,16,721,391,330
050,49,043,"Utah","Summit County",1,17,694,365,329
050,49,043,"Utah","Summit County",1,18,584,295,289
050,49,043,"Utah","Summit County",1,19,437,226,211
050,49,043,"Utah","Summit County",1,20,458,256,202
050,49,043,"Utah","Summit County",1,21,454,256,198
050,49,043,"Utah","Summit County",1,22,481,255,226
050,49,043,"Utah","Summit County",1,23,485,251,234
050,49,043,"Utah","Summit County",1,24,496,265,231
050,49,043,"Utah","Summit County",1,25,469,244,225
050,49,043,"Utah","Summit County",1,26,472,252,220
050,49,043,"Utah","Summit County",1,27,500,258,242
050,49,043,"Utah","Summit County",1,28,460,258,202
050,49,043,"Utah","Summit County",1,29,453,245,208
050,49,043,"Utah","Summit County",1,30,514,275,239
050,49,043,"Utah","Summit County",1,31,487,250,237
050,49,043,"Utah","Summit County",1,32,443,232,211
050,49,043,"Utah","Summit County",1,33,491,240,251
050,49,043,"Utah","Summit County",1,34,491,230,261
050,49,043,"Utah","Summit County",1,35,503,282,221
050,49,043,"Utah","Summit County",1,36,525,260,265
050,49,043,"Utah","Summit County",1,37,524,264,260
050,49,043,"Utah","Summit County",1,38,503,247,256
050,49,043,"Utah","Summit County",1,39,565,271,294
050,49,043,"Utah","Summit County",1,40,579,285,294
050,49,043,"Utah","Summit County",1,41,595,293,302
050,49,043,"Utah","Summit County",1,42,588,316,272
050,49,043,"Utah","Summit County",1,43,589,311,278
050,49,043,"Utah","Summit County",1,44,571,318,253
050,49,043,"Utah","Summit County",1,45,553,293,260
050,49,043,"Utah","Summit County",1,46,583,295,288
050,49,043,"Utah","Summit County",1,47,600,303,297
050,49,043,"Utah","Summit County",1,48,637,321,316
050,49,043,"Utah","Summit County",1,49,691,353,338
050,49,043,"Utah","Summit County",1,50,671,352,319
050,49,043,"Utah","Summit County",1,51,656,329,327
050,49,043,"Utah","Summit County",1,52,616,313,303
050,49,043,"Utah","Summit County",1,53,637,308,329
050,49,043,"Utah","Summit County",1,54,615,306,309
050,49,043,"Utah","Summit County",1,55,651,334,317
050,49,043,"Utah","Summit County",1,56,650,332,318
050,49,043,"Utah","Summit County",1,57,648,324,324
050,49,043,"Utah","Summit County",1,58,672,350,322
050,49,043,"Utah","Summit County",1,59,648,322,326
050,49,043,"Utah","Summit County",1,60,648,314,334
050,49,043,"Utah","Summit County",1,61,629,319,310
050,49,043,"Utah","Summit County",1,62,662,336,326
050,49,043,"Utah","Summit County",1,63,654,344,310
050,49,043,"Utah","Summit County",1,64,596,317,279
050,49,043,"Utah","Summit County",1,65,567,319,248
050,49,043,"Utah","Summit County",1,66,510,268,242
050,49,043,"Utah","Summit County",1,67,483,248,235
050,49,043,"Utah","Summit County",1,68,425,235,190
050,49,043,"Utah","Summit County",1,69,416,221,195
050,49,043,"Utah","Summit County",1,70,379,199,180
050,49,043,"Utah","Summit County",1,71,351,182,169
050,49,043,"Utah","Summit County",1,72,336,165,171
050,49,043,"Utah","Summit County",1,73,310,161,149
050,49,043,"Utah","Summit County",1,74,241,126,115
050,49,043,"Utah","Summit County",1,75,251,127,124
050,49,043,"Utah","Summit County",1,76,228,135,93
050,49,043,"Utah","Summit County",1,77,229,122,107
050,49,043,"Utah","Summit County",1,78,165,85,80
050,49,043,"Utah","Summit County",1,79,140,79,61
050,49,043,"Utah","Summit County",1,80,122,70,52
050,49,043,"Utah","Summit County",1,81,107,53,54
050,49,043,"Utah","Summit County",1,82,80,42,38
050,49,043,"Utah","Summit County",1,83,72,33,39
050,49,043,"Utah","Summit County",1,84,71,37,34
050,49,043,"Utah","Summit County",1,85,352,151,201
050,49,043,"Utah","Summit County",2,0,406,205,201
050,49,043,"Utah","Summit County",2,1,403,198,205
050,49,043,"Utah","Summit County",2,2,424,215,209
050,49,043,"Utah","Summit County",2,3,416,217,199
050,49,043,"Utah","Summit County",2,4,455,231,224
050,49,043,"Utah","Summit County",2,5,506,257,249
050,49,043,"Utah","Summit County",2,6,489,245,244
050,49,043,"Utah","Summit County",2,7,506,259,247
050,49,043,"Utah","Summit County",2,8,538,282,256
050,49,043,"Utah","Summit County",2,9,579,292,287
050,49,043,"Utah","Summit County",2,10,604,285,319
050,49,043,"Utah","Summit County",2,11,617,300,317
050,49,043,"Utah","Summit County",2,12,648,334,314
050,49,043,"Utah","Summit County",2,13,692,359,333
050,49,043,"Utah","Summit County",2,14,684,360,324
050,49,043,"Utah","Summit County",2,15,683,359,324
050,49,043,"Utah","Summit County",2,16,711,383,328
050,49,043,"Utah","Summit County",2,17,704,371,333
050,49,043,"Utah","Summit County",2,18,580,298,282
050,49,043,"Utah","Summit County",2,19,446,229,217
050,49,043,"Utah","Summit County",2,20,461,253,208
050,49,043,"Utah","Summit County",2,21,461,258,203
050,49,043,"Utah","Summit County",2,22,482,258,224
050,49,043,"Utah","Summit County",2,23,485,252,233
050,49,043,"Utah","Summit County",2,24,493,259,234
050,49,043,"Utah","Summit County",2,25,475,249,226
050,49,043,"Utah","Summit County",2,26,474,250,224
050,49,043,"Utah","Summit County",2,27,489,256,233
050,49,043,"Utah","Summit County",2,28,472,259,213
050,49,043,"Utah","Summit County",2,29,460,252,208
050,49,043,"Utah","Summit County",2,30,509,271,238
050,49,043,"Utah","Summit County",2,31,492,257,235
050,49,043,"Utah","Summit County",2,32,454,237,217
050,49,043,"Utah","Summit County",2,33,476,234,242
050,49,043,"Utah","Summit County",2,34,489,233,256
050,49,043,"Utah","Summit County",2,35,506,274,232
050,49,043,"Utah","Summit County",2,36,517,265,252
050,49,043,"Utah","Summit County",2,37,530,268,262
050,49,043,"Utah","Summit County",2,38,517,255,262
050,49,043,"Utah","Summit County",2,39,552,266,286
050,49,043,"Utah","Summit County",2,40,585,286,299
050,49,043,"Utah","Summit County",2,41,590,290,300
050,49,043,"Utah","Summit County",2,42,588,307,281
050,49,043,"Utah","Summit County",2,43,595,318,277
050,49,043,"Utah","Summit County",2,44,570,312,258
050,49,043,"Utah","Summit County",2,45,563,302,261
050,49,043,"Utah","Summit County",2,46,576,295,281
050,49,043,"Utah","Summit County",2,47,593,301,292
050,49,043,"Utah","Summit County",2,48,631,317,314
050,49,043,"Utah","Summit County",2,49,684,350,334
050,49,043,"Utah","Summit County",2,50,677,352,325
050,49,043,"Utah","Summit County",2,51,657,334,323
050,49,043,"Utah","Summit County",2,52,626,316,310
050,49,043,"Utah","Summit County",2,53,634,310,324
050,49,043,"Utah","Summit County",2,54,619,306,313
050,49,043,"Utah","Summit County",2,55,646,331,315
050,49,043,"Utah","Summit County",2,56,653,334,319
050,49,043,"Utah","Summit County",2,57,646,324,322
050,49,043,"Utah","Summit County",2,58,663,343,320
050,49,043,"Utah","Summit County",2,59,658,331,327
050,49,043,"Utah","Summit County",2,60,647,315,332
050,49,043,"Utah","Summit County",2,61,635,315,320
050,49,043,"Utah","Summit County",2,62,659,335,324
050,49,043,"Utah","Summit County",2,63,663,348,315
050,49,043,"Utah","Summit County",2,64,604,322,282
050,49,043,"Utah","Summit County",2,65,571,318,253
050,49,043,"Utah","Summit County",2,66,526,282,244
050,49,043,"Utah","Summit County",2,67,487,252,235
050,49,043,"Utah","Summit County",2,68,436,236,200
050,49,043,"Utah","Summit County",2,69,419,225,194
050,49,043,"Utah","Summit County",2,70,383,201,182
050,49,043,"Utah","Summit County",2,71,356,183,173
050,49,043,"Utah","Summit County",2,72,333,165,168
050,49,043,"Utah","Summit County",2,73,335,174,161
050,49,043,"Utah","Summit County",2,74,243,126,117
050,49,043,"Utah","Summit County",2,75,249,128,121
050,49,043,"Utah","Summit County",2,76,230,132,98
050,49,043,"Utah","Summit County",2,77,234,127,107
050,49,043,"Utah","Summit County",2,78,175,91,84
050,49,043,"Utah","Summit County",2,79,144,81,63
050,49,043,"Utah","Summit County",2,80,125,72,53
050,49,043,"Utah","Summit County",2,81,107,55,52
050,49,043,"Utah","Summit County",2,82,85,44,41
050,49,043,"Utah","Summit County",2,83,73,34,39
050,49,043,"Utah","Summit County",2,84,69,34,35
050,49,043,"Utah","Summit County",2,85,362,157,205
050,49,043,"Utah","Summit County",3,0,415,201,214
050,49,043,"Utah","Summit County",3,1,384,198,186
050,49,043,"Utah","Summit County",3,2,415,197,218
050,49,043,"Utah","Summit County",3,3,471,246,225
050,49,043,"Utah","Summit County",3,4,434,214,220
050,49,043,"Utah","Summit County",3,5,459,234,225
050,49,043,"Utah","Summit County",3,6,548,280,268
050,49,043,"Utah","Summit County",3,7,495,242,253
050,49,043,"Utah","Summit County",3,8,539,280,259
050,49,043,"Utah","Summit County",3,9,556,293,263
050,49,043,"Utah","Summit County",3,10,591,295,296
050,49,043,"Utah","Summit County",3,11,618,295,323
050,49,043,"Utah","Summit County",3,12,632,302,330
050,49,043,"Utah","Summit County",3,13,671,347,324
050,49,043,"Utah","Summit County",3,14,713,375,338
050,49,043,"Utah","Summit County",3,15,687,365,322
050,49,043,"Utah","Summit County",3,16,681,359,322
050,49,043,"Utah","Summit County",3,17,702,378,324
050,49,043,"Utah","Summit County",3,18,612,333,279
050,49,043,"Utah","Summit County",3,19,447,227,220
050,49,043,"Utah","Summit County",3,20,466,236,230
050,49,043,"Utah","Summit County",3,21,482,252,230
050,49,043,"Utah","Summit County",3,22,483,260,223
050,49,043,"Utah","Summit County",3,23,488,254,234
050,49,043,"Utah","Summit County",3,24,520,262,258
050,49,043,"Utah","Summit County",3,25,498,264,234
050,49,043,"Utah","Summit County",3,26,477,240,237
050,49,043,"Utah","Summit County",3,27,485,254,231
050,49,043,"Utah","Summit County",3,28,483,252,231
050,49,043,"Utah","Summit County",3,29,476,265,211
050,49,043,"Utah","Summit County",3,30,482,259,223
050,49,043,"Utah","Summit County",3,31,500,264,236
050,49,043,"Utah","Summit County",3,32,484,249,235
050,49,043,"Utah","Summit County",3,33,450,221,229
050,49,043,"Utah","Summit County",3,34,501,252,249
050,49,043,"Utah","Summit County",3,35,518,250,268
050,49,043,"Utah","Summit County",3,36,522,285,237
050,49,043,"Utah","Summit County",3,37,538,280,258
050,49,043,"Utah","Summit County",3,38,555,286,269
050,49,043,"Utah","Summit County",3,39,542,267,275
050,49,043,"Utah","Summit County",3,40,579,271,308
050,49,043,"Utah","Summit County",3,41,620,306,314
050,49,043,"Utah","Summit County",3,42,627,318,309
050,49,043,"Utah","Summit County",3,43,596,307,289
050,49,043,"Utah","Summit County",3,44,608,326,282
050,49,043,"Utah","Summit County",3,45,599,321,278
050,49,043,"Utah","Summit County",3,46,560,296,264
050,49,043,"Utah","Summit County",3,47,582,293,289
050,49,043,"Utah","Summit County",3,48,596,305,291
050,49,043,"Utah","Summit County",3,49,638,320,318
050,49,043,"Utah","Summit County",3,50,715,371,344
050,49,043,"Utah","Summit County",3,51,676,356,320
050,49,043,"Utah","Summit County",3,52,660,331,329
050,49,043,"Utah","Summit County",3,53,634,323,311
050,49,043,"Utah","Summit County",3,54,650,307,343
050,49,043,"Utah","Summit County",3,55,622,307,315
050,49,043,"Utah","Summit County",3,56,656,329,327
050,49,043,"Utah","Summit County",3,57,646,326,320
050,49,043,"Utah","Summit County",3,58,647,334,313
050,49,043,"Utah","Summit County",3,59,651,331,320
050,49,043,"Utah","Summit County",3,60,647,326,321
050,49,043,"Utah","Summit County",3,61,638,311,327
050,49,043,"Utah","Summit County",3,62,628,316,312
050,49,043,"Utah","Summit County",3,63,661,334,327
050,49,043,"Utah","Summit County",3,64,658,342,316
050,49,043,"Utah","Summit County",3,65,590,315,275
050,49,043,"Utah","Summit County",3,66,569,316,253
050,49,043,"Utah","Summit County",3,67,524,286,238
050,49,043,"Utah","Summit County",3,68,470,241,229
050,49,043,"Utah","Summit County",3,69,434,235,199
050,49,043,"Utah","Summit County",3,70,406,219,187
050,49,043,"Utah","Summit County",3,71,369,192,177
050,49,043,"Utah","Summit County",3,72,349,180,169
050,49,043,"Utah","Summit County",3,73,326,165,161
050,49,043,"Utah","Summit County",3,74,328,169,159
050,49,043,"Utah","Summit County",3,75,236,122,114
050,49,043,"Utah","Summit County",3,76,236,121,115
050,49,043,"Utah","Summit County",3,77,223,128,95
050,49,043,"Utah","Summit County",3,78,222,121,101
050,49,043,"Utah","Summit County",3,79,165,89,76
050,49,043,"Utah","Summit County",3,80,138,78,60
050,49,043,"Utah","Summit County",3,81,123,70,53
050,49,043,"Utah","Summit County",3,82,105,55,50
050,49,043,"Utah","Summit County",3,83,83,41,42
050,49,043,"Utah","Summit County",3,84,63,30,33
050,49,043,"Utah","Summit County",3,85,406,175,231
050,49,043,"Utah","Summit County",4,0,429,211,218
050,49,043,"Utah","Summit County",4,1,438,202,236
050,49,043,"Utah","Summit County",4,2,384,199,185
050,49,043,"Utah","Summit County",4,3,407,200,207
050,49,043,"Utah","Summit County",4,4,451,239,212
050,49,043,"Utah","Summit County",4,5,454,224,230
050,49,043,"Utah","Summit County",4,6,468,248,220
050,49,043,"Utah","Summit County",4,7,549,277,272
050,49,043,"Utah","Summit County",4,8,499,245,254
050,49,043,"Utah","Summit County",4,9,549,287,262
050,49,043,"Utah","Summit County",4,10,563,301,262
050,49,043,"Utah","Summit County",4,11,595,290,305
050,49,043,"Utah","Summit County",4,12,618,302,316
050,49,043,"Utah","Summit County",4,13,639,306,333
050,49,043,"Utah","Summit County",4,14,673,348,325
050,49,043,"Utah","Summit County",4,15,712,379,333
050,49,043,"Utah","Summit County",4,16,694,366,328
050,49,043,"Utah","Summit County",4,17,666,349,317
050,49,043,"Utah","Summit County",4,18,610,335,275
050,49,043,"Utah","Summit County",4,19,463,255,208
050,49,043,"Utah","Summit County",4,20,463,234,229
050,49,043,"Utah","Summit County",4,21,468,226,242
050,49,043,"Utah","Summit County",4,22,505,262,243
050,49,043,"Utah","Summit County",4,23,474,265,209
050,49,043,"Utah","Summit County",4,24,502,255,247
050,49,043,"Utah","Summit County",4,25,484,237,247
050,49,043,"Utah","Summit County",4,26,473,250,223
050,49,043,"Utah","Summit County",4,27,455,237,218
050,49,043,"Utah","Summit County",4,28,486,241,245
050,49,043,"Utah","Summit County",4,29,471,240,231
050,49,043,"Utah","Summit County",4,30,445,243,202
050,49,043,"Utah","Summit County",4,31,474,251,223
050,49,043,"Utah","Summit County",4,32,495,257,238
050,49,043,"Utah","Summit County",4,33,490,257,233
050,49,043,"Utah","Summit County",4,34,469,233,236
050,49,043,"Utah","Summit County",4,35,501,240,261
050,49,043,"Utah","Summit County",4,36,492,241,251
050,49,043,"Utah","Summit County",4,37,545,306,239
050,49,043,"Utah","Summit County",4,38,555,294,261
050,49,043,"Utah","Summit County",4,39,574,292,282
050,49,043,"Utah","Summit County",4,40,531,263,268
050,49,043,"Utah","Summit County",4,41,590,277,313
050,49,043,"Utah","Summit County",4,42,636,316,320
050,49,043,"Utah","Summit County",4,43,640,329,311
050,49,043,"Utah","Summit County",4,44,608,315,293
050,49,043,"Utah","Summit County",4,45,608,323,285
050,49,043,"Utah","Summit County",4,46,613,324,289
050,49,043,"Utah","Summit County",4,47,559,294,265
050,49,043,"Utah","Summit County",4,48,572,290,282
050,49,043,"Utah","Summit County",4,49,601,308,293
050,49,043,"Utah","Summit County",4,50,639,318,321
050,49,043,"Utah","Summit County",4,51,707,367,340
050,49,043,"Utah","Summit County",4,52,659,346,313
050,49,043,"Utah","Summit County",4,53,662,340,322
050,49,043,"Utah","Summit County",4,54,639,318,321
050,49,043,"Utah","Summit County",4,55,669,314,355
050,49,043,"Utah","Summit County",4,56,605,302,303
050,49,043,"Utah","Summit County",4,57,649,317,332
050,49,043,"Utah","Summit County",4,58,651,329,322
050,49,043,"Utah","Summit County",4,59,651,339,312
050,49,043,"Utah","Summit County",4,60,649,335,314
050,49,043,"Utah","Summit County",4,61,641,316,325
050,49,043,"Utah","Summit County",4,62,621,313,308
050,49,043,"Utah","Summit County",4,63,615,312,303
050,49,043,"Utah","Summit County",4,64,630,318,312
050,49,043,"Utah","Summit County",4,65,641,333,308
050,49,043,"Utah","Summit County",4,66,566,293,273
050,49,043,"Utah","Summit County",4,67,560,302,258
050,49,043,"Utah","Summit County",4,68,495,273,222
050,49,043,"Utah","Summit County",4,69,456,237,219
050,49,043,"Utah","Summit County",4,70,418,223,195
050,49,043,"Utah","Summit County",4,71,389,209,180
050,49,043,"Utah","Summit County",4,72,345,180,165
050,49,043,"Utah","Summit County",4,73,332,174,158
050,49,043,"Utah","Summit County",4,74,308,159,149
050,49,043,"Utah","Summit County",4,75,318,164,154
050,49,043,"Utah","Summit County",4,76,231,120,111
050,49,043,"Utah","Summit County",4,77,235,117,118
050,49,043,"Utah","Summit County",4,78,209,118,91
050,49,043,"Utah","Summit County",4,79,211,117,94
050,49,043,"Utah","Summit County",4,80,167,91,76
050,49,043,"Utah","Summit County",4,81,128,71,57
050,49,043,"Utah","Summit County",4,82,116,64,52
050,49,043,"Utah","Summit County",4,83,99,54,45
050,49,043,"Utah","Summit County",4,84,71,34,37
050,49,043,"Utah","Summit County",4,85,423,190,233
050,49,043,"Utah","Summit County",5,0,421,209,212
050,49,043,"Utah","Summit County",5,1,422,212,210
050,49,043,"Utah","Summit County",5,2,435,213,222
050,49,043,"Utah","Summit County",5,3,386,206,180
050,49,043,"Utah","Summit County",5,4,392,179,213
050,49,043,"Utah","Summit County",5,5,457,239,218
050,49,043,"Utah","Summit County",5,6,450,221,229
050,49,043,"Utah","Summit County",5,7,479,254,225
050,49,043,"Utah","Summit County",5,8,542,264,278
050,49,043,"Utah","Summit County",5,9,490,244,246
050,49,043,"Utah","Summit County",5,10,555,290,265
050,49,043,"Utah","Summit County",5,11,565,303,262
050,49,043,"Utah","Summit County",5,12,591,296,295
050,49,043,"Utah","Summit County",5,13,614,295,319
050,49,043,"Utah","Summit County",5,14,632,308,324
050,49,043,"Utah","Summit County",5,15,671,346,325
050,49,043,"Utah","Summit County",5,16,707,373,334
050,49,043,"Utah","Summit County",5,17,696,368,328
050,49,043,"Utah","Summit County",5,18,537,291,246
050,49,043,"Utah","Summit County",5,19,488,278,210
050,49,043,"Utah","Summit County",5,20,513,271,242
050,49,043,"Utah","Summit County",5,21,514,256,258
050,49,043,"Utah","Summit County",5,22,502,233,269
050,49,043,"Utah","Summit County",5,23,532,271,261
050,49,043,"Utah","Summit County",5,24,498,269,229
050,49,043,"Utah","Summit County",5,25,475,240,235
050,49,043,"Utah","Summit County",5,26,498,252,246
050,49,043,"Utah","Summit County",5,27,433,236,197
050,49,043,"Utah","Summit County",5,28,471,254,217
050,49,043,"Utah","Summit County",5,29,470,238,232
050,49,043,"Utah","Summit County",5,30,463,227,236
050,49,043,"Utah","Summit County",5,31,428,227,201
050,49,043,"Utah","Summit County",5,32,464,232,232
050,49,043,"Utah","Summit County",5,33,466,246,220
050,49,043,"Utah","Summit County",5,34,468,242,226
050,49,043,"Utah","Summit County",5,35,445,214,231
050,49,043,"Utah","Summit County",5,36,513,250,263
050,49,043,"Utah","Summit County",5,37,483,250,233
050,49,043,"Utah","Summit County",5,38,534,298,236
050,49,043,"Utah","Summit County",5,39,548,296,252
050,49,043,"Utah","Summit County",5,40,574,289,285
050,49,043,"Utah","Summit County",5,41,518,257,261
050,49,043,"Utah","Summit County",5,42,564,259,305
050,49,043,"Utah","Summit County",5,43,632,305,327
050,49,043,"Utah","Summit County",5,44,635,333,302
050,49,043,"Utah","Summit County",5,45,615,319,296
050,49,043,"Utah","Summit County",5,46,614,321,293
050,49,043,"Utah","Summit County",5,47,592,316,276
050,49,043,"Utah","Summit County",5,48,541,277,264
050,49,043,"Utah","Summit County",5,49,571,288,283
050,49,043,"Utah","Summit County",5,50,598,311,287
050,49,043,"Utah","Summit County",5,51,626,312,314
050,49,043,"Utah","Summit County",5,52,700,369,331
050,49,043,"Utah","Summit County",5,53,667,346,321
050,49,043,"Utah","Summit County",5,54,659,337,322
050,49,043,"Utah","Summit County",5,55,634,317,317
050,49,043,"Utah","Summit County",5,56,655,306,349
050,49,043,"Utah","Summit County",5,57,581,288,293
050,49,043,"Utah","Summit County",5,58,645,316,329
050,49,043,"Utah","Summit County",5,59,646,326,320
050,49,043,"Utah","Summit County",5,60,668,353,315
050,49,043,"Utah","Summit County",5,61,618,321,297
050,49,043,"Utah","Summit County",5,62,614,309,305
050,49,043,"Utah","Summit County",5,63,622,319,303
050,49,043,"Utah","Summit County",5,64,604,313,291
050,49,043,"Utah","Summit County",5,65,618,315,303
050,49,043,"Utah","Summit County",5,66,626,328,298
050,49,043,"Utah","Summit County",5,67,562,287,275
050,49,043,"Utah","Summit County",5,68,537,287,250
050,49,043,"Utah","Summit County",5,69,480,263,217
050,49,043,"Utah","Summit County",5,70,458,240,218
050,49,043,"Utah","Summit County",5,71,409,220,189
050,49,043,"Utah","Summit County",5,72,376,200,176
050,49,043,"Utah","Summit County",5,73,336,171,165
050,49,043,"Utah","Summit County",5,74,331,176,155
050,49,043,"Utah","Summit County",5,75,309,160,149
050,49,043,"Utah","Summit County",5,76,312,161,151
050,49,043,"Utah","Summit County",5,77,216,112,104
050,49,043,"Utah","Summit County",5,78,224,115,109
050,49,043,"Utah","Summit County",5,79,203,112,91
050,49,043,"Utah","Summit County",5,80,202,110,92
050,49,043,"Utah","Summit County",5,81,160,86,74
050,49,043,"Utah","Summit County",5,82,122,67,55
050,49,043,"Utah","Summit County",5,83,110,62,48
050,49,043,"Utah","Summit County",5,84,86,46,40
050,49,043,"Utah","Summit County",5,85,441,200,241
050,49,045,"Utah","Tooele County",1,0,953,490,463
050,49,045,"Utah","Tooele County",1,1,1031,531,500
050,49,045,"Utah","Tooele County",1,2,1128,584,544
050,49,045,"Utah","Tooele County",1,3,1145,580,565
050,49,045,"Utah","Tooele County",1,4,1208,631,577
050,49,045,"Utah","Tooele County",1,5,1259,622,637
050,49,045,"Utah","Tooele County",1,6,1298,658,640
050,49,045,"Utah","Tooele County",1,7,1325,687,638
050,49,045,"Utah","Tooele County",1,8,1308,681,627
050,49,045,"Utah","Tooele County",1,9,1333,708,625
050,49,045,"Utah","Tooele County",1,10,1432,732,700
050,49,045,"Utah","Tooele County",1,11,1444,737,707
050,49,045,"Utah","Tooele County",1,12,1464,763,701
050,49,045,"Utah","Tooele County",1,13,1482,767,715
050,49,045,"Utah","Tooele County",1,14,1417,704,713
050,49,045,"Utah","Tooele County",1,15,1394,683,711
050,49,045,"Utah","Tooele County",1,16,1397,729,668
050,49,045,"Utah","Tooele County",1,17,1332,692,640
050,49,045,"Utah","Tooele County",1,18,1113,612,501
050,49,045,"Utah","Tooele County",1,19,862,465,397
050,49,045,"Utah","Tooele County",1,20,864,461,403
050,49,045,"Utah","Tooele County",1,21,839,425,414
050,49,045,"Utah","Tooele County",1,22,901,462,439
050,49,045,"Utah","Tooele County",1,23,920,466,454
050,49,045,"Utah","Tooele County",1,24,930,467,463
050,49,045,"Utah","Tooele County",1,25,877,453,424
050,49,045,"Utah","Tooele County",1,26,897,426,471
050,49,045,"Utah","Tooele County",1,27,945,457,488
050,49,045,"Utah","Tooele County",1,28,978,473,505
050,49,045,"Utah","Tooele County",1,29,1005,499,506
050,49,045,"Utah","Tooele County",1,30,965,500,465
050,49,045,"Utah","Tooele County",1,31,979,486,493
050,49,045,"Utah","Tooele County",1,32,1026,516,510
050,49,045,"Utah","Tooele County",1,33,1054,518,536
050,49,045,"Utah","Tooele County",1,34,1081,543,538
050,49,045,"Utah","Tooele County",1,35,1072,553,519
050,49,045,"Utah","Tooele County",1,36,1081,552,529
050,49,045,"Utah","Tooele County",1,37,1170,567,603
050,49,045,"Utah","Tooele County",1,38,1195,602,593
050,49,045,"Utah","Tooele County",1,39,1176,604,572
050,49,045,"Utah","Tooele County",1,40,1173,593,580
050,49,045,"Utah","Tooele County",1,41,1162,603,559
050,49,045,"Utah","Tooele County",1,42,1131,576,555
050,49,045,"Utah","Tooele County",1,43,1090,542,548
050,49,045,"Utah","Tooele County",1,44,1062,545,517
050,49,045,"Utah","Tooele County",1,45,1007,525,482
050,49,045,"Utah","Tooele County",1,46,928,504,424
050,49,045,"Utah","Tooele County",1,47,896,475,421
050,49,045,"Utah","Tooele County",1,48,931,464,467
050,49,045,"Utah","Tooele County",1,49,948,498,450
050,49,045,"Utah","Tooele County",1,50,802,435,367
050,49,045,"Utah","Tooele County",1,51,744,383,361
050,49,045,"Utah","Tooele County",1,52,735,394,341
050,49,045,"Utah","Tooele County",1,53,729,400,329
050,49,045,"Utah","Tooele County",1,54,677,359,318
050,49,045,"Utah","Tooele County",1,55,727,375,352
050,49,045,"Utah","Tooele County",1,56,715,359,356
050,49,045,"Utah","Tooele County",1,57,740,378,362
050,49,045,"Utah","Tooele County",1,58,725,385,340
050,49,045,"Utah","Tooele County",1,59,701,373,328
050,49,045,"Utah","Tooele County",1,60,663,361,302
050,49,045,"Utah","Tooele County",1,61,614,319,295
050,49,045,"Utah","Tooele County",1,62,633,327,306
050,49,045,"Utah","Tooele County",1,63,647,320,327
050,49,045,"Utah","Tooele County",1,64,590,293,297
050,49,045,"Utah","Tooele County",1,65,534,271,263
050,49,045,"Utah","Tooele County",1,66,526,278,248
050,49,045,"Utah","Tooele County",1,67,500,255,245
050,49,045,"Utah","Tooele County",1,68,472,224,248
050,49,045,"Utah","Tooele County",1,69,414,203,211
050,49,045,"Utah","Tooele County",1,70,417,211,206
050,49,045,"Utah","Tooele County",1,71,415,209,206
050,49,045,"Utah","Tooele County",1,72,410,203,207
050,49,045,"Utah","Tooele County",1,73,373,193,180
050,49,045,"Utah","Tooele County",1,74,238,127,111
050,49,045,"Utah","Tooele County",1,75,241,123,118
050,49,045,"Utah","Tooele County",1,76,237,109,128
050,49,045,"Utah","Tooele County",1,77,238,121,117
050,49,045,"Utah","Tooele County",1,78,179,81,98
050,49,045,"Utah","Tooele County",1,79,195,93,102
050,49,045,"Utah","Tooele County",1,80,163,81,82
050,49,045,"Utah","Tooele County",1,81,160,69,91
050,49,045,"Utah","Tooele County",1,82,164,79,85
050,49,045,"Utah","Tooele County",1,83,116,46,70
050,49,045,"Utah","Tooele County",1,84,97,36,61
050,49,045,"Utah","Tooele County",1,85,570,215,355
050,49,045,"Utah","Tooele County",2,0,1000,499,501
050,49,045,"Utah","Tooele County",2,1,1025,528,497
050,49,045,"Utah","Tooele County",2,2,1119,575,544
050,49,045,"Utah","Tooele County",2,3,1153,585,568
050,49,045,"Utah","Tooele County",2,4,1210,625,585
050,49,045,"Utah","Tooele County",2,5,1260,629,631
050,49,045,"Utah","Tooele County",2,6,1306,657,649
050,49,045,"Utah","Tooele County",2,7,1333,685,648
050,49,045,"Utah","Tooele County",2,8,1321,686,635
050,49,045,"Utah","Tooele County",2,9,1339,704,635
050,49,045,"Utah","Tooele County",2,10,1416,725,691
050,49,045,"Utah","Tooele County",2,11,1444,735,709
050,49,045,"Utah","Tooele County",2,12,1472,759,713
050,49,045,"Utah","Tooele County",2,13,1482,767,715
050,49,045,"Utah","Tooele County",2,14,1440,723,717
050,49,045,"Utah","Tooele County",2,15,1403,691,712
050,49,045,"Utah","Tooele County",2,16,1400,721,679
050,49,045,"Utah","Tooele County",2,17,1350,701,649
050,49,045,"Utah","Tooele County",2,18,1108,611,497
050,49,045,"Utah","Tooele County",2,19,875,475,400
050,49,045,"Utah","Tooele County",2,20,882,470,412
050,49,045,"Utah","Tooele County",2,21,858,440,418
050,49,045,"Utah","Tooele County",2,22,902,458,444
050,49,045,"Utah","Tooele County",2,23,933,472,461
050,49,045,"Utah","Tooele County",2,24,936,475,461
050,49,045,"Utah","Tooele County",2,25,897,460,437
050,49,045,"Utah","Tooele County",2,26,913,442,471
050,49,045,"Utah","Tooele County",2,27,944,455,489
050,49,045,"Utah","Tooele County",2,28,986,479,507
050,49,045,"Utah","Tooele County",2,29,1012,500,512
050,49,045,"Utah","Tooele County",2,30,994,504,490
050,49,045,"Utah","Tooele County",2,31,995,500,495
050,49,045,"Utah","Tooele County",2,32,1035,519,516
050,49,045,"Utah","Tooele County",2,33,1063,527,536
050,49,045,"Utah","Tooele County",2,34,1089,547,542
050,49,045,"Utah","Tooele County",2,35,1095,563,532
050,49,045,"Utah","Tooele County",2,36,1082,555,527
050,49,045,"Utah","Tooele County",2,37,1160,570,590
050,49,045,"Utah","Tooele County",2,38,1200,601,599
050,49,045,"Utah","Tooele County",2,39,1189,610,579
050,49,045,"Utah","Tooele County",2,40,1189,602,587
050,49,045,"Utah","Tooele County",2,41,1168,603,565
050,49,045,"Utah","Tooele County",2,42,1142,585,557
050,49,045,"Utah","Tooele County",2,43,1111,557,554
050,49,045,"Utah","Tooele County",2,44,1061,538,523
050,49,045,"Utah","Tooele County",2,45,1032,534,498
050,49,045,"Utah","Tooele County",2,46,945,507,438
050,49,045,"Utah","Tooele County",2,47,902,481,421
050,49,045,"Utah","Tooele County",2,48,926,469,457
050,49,045,"Utah","Tooele County",2,49,952,495,457
050,49,045,"Utah","Tooele County",2,50,841,451,390
050,49,045,"Utah","Tooele County",2,51,758,394,364
050,49,045,"Utah","Tooele County",2,52,736,393,343
050,49,045,"Utah","Tooele County",2,53,732,399,333
050,49,045,"Utah","Tooele County",2,54,691,370,321
050,49,045,"Utah","Tooele County",2,55,719,373,346
050,49,045,"Utah","Tooele County",2,56,724,366,358
050,49,045,"Utah","Tooele County",2,57,736,375,361
050,49,045,"Utah","Tooele County",2,58,733,385,348
050,49,045,"Utah","Tooele County",2,59,710,378,332
050,49,045,"Utah","Tooele County",2,60,672,365,307
050,49,045,"Utah","Tooele County",2,61,628,328,300
050,49,045,"Utah","Tooele County",2,62,632,327,305
050,49,045,"Utah","Tooele County",2,63,649,324,325
050,49,045,"Utah","Tooele County",2,64,595,293,302
050,49,045,"Utah","Tooele County",2,65,546,275,271
050,49,045,"Utah","Tooele County",2,66,525,276,249
050,49,045,"Utah","Tooele County",2,67,505,257,248
050,49,045,"Utah","Tooele County",2,68,476,229,247
050,49,045,"Utah","Tooele County",2,69,429,208,221
050,49,045,"Utah","Tooele County",2,70,413,207,206
050,49,045,"Utah","Tooele County",2,71,415,210,205
050,49,045,"Utah","Tooele County",2,72,405,201,204
050,49,045,"Utah","Tooele County",2,73,402,206,196
050,49,045,"Utah","Tooele County",2,74,253,134,119
050,49,045,"Utah","Tooele County",2,75,239,123,116
050,49,045,"Utah","Tooele County",2,76,234,110,124
050,49,045,"Utah","Tooele County",2,77,241,117,124
050,49,045,"Utah","Tooele County",2,78,187,87,100
050,49,045,"Utah","Tooele County",2,79,192,89,103
050,49,045,"Utah","Tooele County",2,80,167,80,87
050,49,045,"Utah","Tooele County",2,81,158,71,87
050,49,045,"Utah","Tooele County",2,82,165,78,87
050,49,045,"Utah","Tooele County",2,83,126,53,73
050,49,045,"Utah","Tooele County",2,84,99,38,61
050,49,045,"Utah","Tooele County",2,85,573,214,359
050,49,045,"Utah","Tooele County",3,0,1036,513,523
050,49,045,"Utah","Tooele County",3,1,1106,549,557
050,49,045,"Utah","Tooele County",3,2,1132,585,547
050,49,045,"Utah","Tooele County",3,3,1204,636,568
050,49,045,"Utah","Tooele County",3,4,1195,604,591
050,49,045,"Utah","Tooele County",3,5,1302,665,637
050,49,045,"Utah","Tooele County",3,6,1334,674,660
050,49,045,"Utah","Tooele County",3,7,1349,683,666
050,49,045,"Utah","Tooele County",3,8,1404,720,684
050,49,045,"Utah","Tooele County",3,9,1363,711,652
050,49,045,"Utah","Tooele County",3,10,1381,721,660
050,49,045,"Utah","Tooele County",3,11,1452,748,704
050,49,045,"Utah","Tooele County",3,12,1493,749,744
050,49,045,"Utah","Tooele County",3,13,1535,792,743
050,49,045,"Utah","Tooele County",3,14,1550,797,753
050,49,045,"Utah","Tooele County",3,15,1519,752,767
050,49,045,"Utah","Tooele County",3,16,1417,697,720
050,49,045,"Utah","Tooele County",3,17,1451,743,708
050,49,045,"Utah","Tooele County",3,18,1160,641,519
050,49,045,"Utah","Tooele County",3,19,931,513,418
050,49,045,"Utah","Tooele County",3,20,944,496,448
050,49,045,"Utah","Tooele County",3,21,942,499,443
050,49,045,"Utah","Tooele County",3,22,961,493,468
050,49,045,"Utah","Tooele County",3,23,981,491,490
050,49,045,"Utah","Tooele County",3,24,996,507,489
050,49,045,"Utah","Tooele County",3,25,981,492,489
050,49,045,"Utah","Tooele County",3,26,1018,509,509
050,49,045,"Utah","Tooele County",3,27,1028,494,534
050,49,045,"Utah","Tooele County",3,28,1061,517,544
050,49,045,"Utah","Tooele County",3,29,1087,535,552
050,49,045,"Utah","Tooele County",3,30,1093,530,563
050,49,045,"Utah","Tooele County",3,31,1074,548,526
050,49,045,"Utah","Tooele County",3,32,1073,548,525
050,49,045,"Utah","Tooele County",3,33,1091,534,557
050,49,045,"Utah","Tooele County",3,34,1132,564,568
050,49,045,"Utah","Tooele County",3,35,1126,547,579
050,49,045,"Utah","Tooele County",3,36,1147,610,537
050,49,045,"Utah","Tooele County",3,37,1168,605,563
050,49,045,"Utah","Tooele County",3,38,1197,577,620
050,49,045,"Utah","Tooele County",3,39,1229,627,602
050,49,045,"Utah","Tooele County",3,40,1243,645,598
050,49,045,"Utah","Tooele County",3,41,1211,620,591
050,49,045,"Utah","Tooele County",3,42,1206,631,575
050,49,045,"Utah","Tooele County",3,43,1185,608,577
050,49,045,"Utah","Tooele County",3,44,1135,566,569
050,49,045,"Utah","Tooele County",3,45,1092,563,529
050,49,045,"Utah","Tooele County",3,46,1043,543,500
050,49,045,"Utah","Tooele County",3,47,935,503,432
050,49,045,"Utah","Tooele County",3,48,942,507,435
050,49,045,"Utah","Tooele County",3,49,938,485,453
050,49,045,"Utah","Tooele County",3,50,995,532,463
050,49,045,"Utah","Tooele County",3,51,844,450,394
050,49,045,"Utah","Tooele County",3,52,801,418,383
050,49,045,"Utah","Tooele County",3,53,744,396,348
050,49,045,"Utah","Tooele County",3,54,754,406,348
050,49,045,"Utah","Tooele County",3,55,718,383,335
050,49,045,"Utah","Tooele County",3,56,710,371,339
050,49,045,"Utah","Tooele County",3,57,734,380,354
050,49,045,"Utah","Tooele County",3,58,758,386,372
050,49,045,"Utah","Tooele County",3,59,733,376,357
050,49,045,"Utah","Tooele County",3,60,720,388,332
050,49,045,"Utah","Tooele County",3,61,694,380,314
050,49,045,"Utah","Tooele County",3,62,625,329,296
050,49,045,"Utah","Tooele County",3,63,640,336,304
050,49,045,"Utah","Tooele County",3,64,651,319,332
050,49,045,"Utah","Tooele County",3,65,605,298,307
050,49,045,"Utah","Tooele County",3,66,529,272,257
050,49,045,"Utah","Tooele County",3,67,521,271,250
050,49,045,"Utah","Tooele County",3,68,511,257,254
050,49,045,"Utah","Tooele County",3,69,462,220,242
050,49,045,"Utah","Tooele County",3,70,407,198,209
050,49,045,"Utah","Tooele County",3,71,395,195,200
050,49,045,"Utah","Tooele County",3,72,409,213,196
050,49,045,"Utah","Tooele County",3,73,387,188,199
050,49,045,"Utah","Tooele County",3,74,396,203,193
050,49,045,"Utah","Tooele County",3,75,247,129,118
050,49,045,"Utah","Tooele County",3,76,226,116,110
050,49,045,"Utah","Tooele County",3,77,230,107,123
050,49,045,"Utah","Tooele County",3,78,224,107,117
050,49,045,"Utah","Tooele County",3,79,188,84,104
050,49,045,"Utah","Tooele County",3,80,181,75,106
050,49,045,"Utah","Tooele County",3,81,160,78,82
050,49,045,"Utah","Tooele County",3,82,158,75,83
050,49,045,"Utah","Tooele County",3,83,140,55,85
050,49,045,"Utah","Tooele County",3,84,120,57,63
050,49,045,"Utah","Tooele County",3,85,585,221,364
050,49,045,"Utah","Tooele County",4,0,1064,547,517
050,49,045,"Utah","Tooele County",4,1,1149,565,584
050,49,045,"Utah","Tooele County",4,2,1209,609,600
050,49,045,"Utah","Tooele County",4,3,1225,645,580
050,49,045,"Utah","Tooele County",4,4,1287,666,621
050,49,045,"Utah","Tooele County",4,5,1267,642,625
050,49,045,"Utah","Tooele County",4,6,1370,695,675
050,49,045,"Utah","Tooele County",4,7,1387,685,702
050,49,045,"Utah","Tooele County",4,8,1403,701,702
050,49,045,"Utah","Tooele County",4,9,1469,750,719
050,49,045,"Utah","Tooele County",4,10,1466,779,687
050,49,045,"Utah","Tooele County",4,11,1423,741,682
050,49,045,"Utah","Tooele County",4,12,1511,772,739
050,49,045,"Utah","Tooele County",4,13,1535,786,749
050,49,045,"Utah","Tooele County",4,14,1595,808,787
050,49,045,"Utah","Tooele County",4,15,1612,819,793
050,49,045,"Utah","Tooele County",4,16,1514,759,755
050,49,045,"Utah","Tooele County",4,17,1445,716,729
050,49,045,"Utah","Tooele County",4,18,1240,673,567
050,49,045,"Utah","Tooele County",4,19,929,509,420
050,49,045,"Utah","Tooele County",4,20,1002,547,455
050,49,045,"Utah","Tooele County",4,21,987,510,477
050,49,045,"Utah","Tooele County",4,22,1009,528,481
050,49,045,"Utah","Tooele County",4,23,993,508,485
050,49,045,"Utah","Tooele County",4,24,1032,507,525
050,49,045,"Utah","Tooele County",4,25,1094,555,539
050,49,045,"Utah","Tooele County",4,26,1057,529,528
050,49,045,"Utah","Tooele County",4,27,1105,556,549
050,49,045,"Utah","Tooele County",4,28,1113,538,575
050,49,045,"Utah","Tooele County",4,29,1081,531,550
050,49,045,"Utah","Tooele County",4,30,1188,575,613
050,49,045,"Utah","Tooele County",4,31,1177,583,594
050,49,045,"Utah","Tooele County",4,32,1134,572,562
050,49,045,"Utah","Tooele County",4,33,1166,593,573
050,49,045,"Utah","Tooele County",4,34,1165,578,587
050,49,045,"Utah","Tooele County",4,35,1168,575,593
050,49,045,"Utah","Tooele County",4,36,1196,589,607
050,49,045,"Utah","Tooele County",4,37,1230,649,581
050,49,045,"Utah","Tooele County",4,38,1220,644,576
050,49,045,"Utah","Tooele County",4,39,1212,602,610
050,49,045,"Utah","Tooele County",4,40,1279,655,624
050,49,045,"Utah","Tooele County",4,41,1295,674,621
050,49,045,"Utah","Tooele County",4,42,1269,638,631
050,49,045,"Utah","Tooele County",4,43,1229,641,588
050,49,045,"Utah","Tooele County",4,44,1243,638,605
050,49,045,"Utah","Tooele County",4,45,1172,588,584
050,49,045,"Utah","Tooele County",4,46,1113,574,539
050,49,045,"Utah","Tooele County",4,47,1071,555,516
050,49,045,"Utah","Tooele County",4,48,948,512,436
050,49,045,"Utah","Tooele County",4,49,974,533,441
050,49,045,"Utah","Tooele County",4,50,958,490,468
050,49,045,"Utah","Tooele County",4,51,1001,533,468
050,49,045,"Utah","Tooele County",4,52,865,459,406
050,49,045,"Utah","Tooele County",4,53,810,432,378
050,49,045,"Utah","Tooele County",4,54,753,400,353
050,49,045,"Utah","Tooele County",4,55,784,412,372
050,49,045,"Utah","Tooele County",4,56,712,382,330
050,49,045,"Utah","Tooele County",4,57,727,379,348
050,49,045,"Utah","Tooele County",4,58,755,384,371
050,49,045,"Utah","Tooele County",4,59,745,380,365
050,49,045,"Utah","Tooele County",4,60,731,379,352
050,49,045,"Utah","Tooele County",4,61,741,408,333
050,49,045,"Utah","Tooele County",4,62,673,371,302
050,49,045,"Utah","Tooele County",4,63,628,335,293
050,49,045,"Utah","Tooele County",4,64,627,318,309
050,49,045,"Utah","Tooele County",4,65,654,322,332
050,49,045,"Utah","Tooele County",4,66,587,298,289
050,49,045,"Utah","Tooele County",4,67,532,269,263
050,49,045,"Utah","Tooele County",4,68,505,258,247
050,49,045,"Utah","Tooele County",4,69,509,251,258
050,49,045,"Utah","Tooele County",4,70,451,215,236
050,49,045,"Utah","Tooele County",4,71,399,194,205
050,49,045,"Utah","Tooele County",4,72,383,180,203
050,49,045,"Utah","Tooele County",4,73,404,210,194
050,49,045,"Utah","Tooele County",4,74,383,190,193
050,49,045,"Utah","Tooele County",4,75,381,193,188
050,49,045,"Utah","Tooele County",4,76,228,112,116
050,49,045,"Utah","Tooele County",4,77,220,112,108
050,49,045,"Utah","Tooele County",4,78,207,87,120
050,49,045,"Utah","Tooele County",4,79,216,101,115
050,49,045,"Utah","Tooele County",4,80,185,73,112
050,49,045,"Utah","Tooele County",4,81,167,70,97
050,49,045,"Utah","Tooele County",4,82,160,81,79
050,49,045,"Utah","Tooele County",4,83,139,57,82
050,49,045,"Utah","Tooele County",4,84,132,55,77
050,49,045,"Utah","Tooele County",4,85,581,229,352
050,49,045,"Utah","Tooele County",5,0,1051,540,511
050,49,045,"Utah","Tooele County",5,1,1161,600,561
050,49,045,"Utah","Tooele County",5,2,1175,553,622
050,49,045,"Utah","Tooele County",5,3,1253,628,625
050,49,045,"Utah","Tooele County",5,4,1287,662,625
050,49,045,"Utah","Tooele County",5,5,1319,678,641
050,49,045,"Utah","Tooele County",5,6,1268,649,619
050,49,045,"Utah","Tooele County",5,7,1433,731,702
050,49,045,"Utah","Tooele County",5,8,1397,685,712
050,49,045,"Utah","Tooele County",5,9,1453,726,727
050,49,045,"Utah","Tooele County",5,10,1514,778,736
050,49,045,"Utah","Tooele County",5,11,1478,788,690
050,49,045,"Utah","Tooele County",5,12,1437,757,680
050,49,045,"Utah","Tooele County",5,13,1543,797,746
050,49,045,"Utah","Tooele County",5,14,1573,788,785
050,49,045,"Utah","Tooele County",5,15,1617,809,808
050,49,045,"Utah","Tooele County",5,16,1607,818,789
050,49,045,"Utah","Tooele County",5,17,1555,782,773
050,49,045,"Utah","Tooele County",5,18,1238,642,596
050,49,045,"Utah","Tooele County",5,19,988,533,455
050,49,045,"Utah","Tooele County",5,20,996,541,455
050,49,045,"Utah","Tooele County",5,21,1025,566,459
050,49,045,"Utah","Tooele County",5,22,1088,568,520
050,49,045,"Utah","Tooele County",5,23,1103,574,529
050,49,045,"Utah","Tooele County",5,24,1061,533,528
050,49,045,"Utah","Tooele County",5,25,1085,552,533
050,49,045,"Utah","Tooele County",5,26,1161,576,585
050,49,045,"Utah","Tooele County",5,27,1109,557,552
050,49,045,"Utah","Tooele County",5,28,1150,568,582
050,49,045,"Utah","Tooele County",5,29,1183,586,597
050,49,045,"Utah","Tooele County",5,30,1142,562,580
050,49,045,"Utah","Tooele County",5,31,1265,611,654
050,49,045,"Utah","Tooele County",5,32,1246,609,637
050,49,045,"Utah","Tooele County",5,33,1228,634,594
050,49,045,"Utah","Tooele County",5,34,1220,624,596
050,49,045,"Utah","Tooele County",5,35,1208,598,610
050,49,045,"Utah","Tooele County",5,36,1177,583,594
050,49,045,"Utah","Tooele County",5,37,1229,595,634
050,49,045,"Utah","Tooele County",5,38,1257,673,584
050,49,045,"Utah","Tooele County",5,39,1216,654,562
050,49,045,"Utah","Tooele County",5,40,1247,627,620
050,49,045,"Utah","Tooele County",5,41,1290,662,628
050,49,045,"Utah","Tooele County",5,42,1300,674,626
050,49,045,"Utah","Tooele County",5,43,1280,652,628
050,49,045,"Utah","Tooele County",5,44,1239,649,590
050,49,045,"Utah","Tooele County",5,45,1252,652,600
050,49,045,"Utah","Tooele County",5,46,1196,607,589
050,49,045,"Utah","Tooele County",5,47,1136,584,552
050,49,045,"Utah","Tooele County",5,48,1067,545,522
050,49,045,"Utah","Tooele County",5,49,946,514,432
050,49,045,"Utah","Tooele County",5,50,990,535,455
050,49,045,"Utah","Tooele County",5,51,951,485,466
050,49,045,"Utah","Tooele County",5,52,1017,547,470
050,49,045,"Utah","Tooele County",5,53,849,454,395
050,49,045,"Utah","Tooele County",5,54,835,442,393
050,49,045,"Utah","Tooele County",5,55,750,394,356
050,49,045,"Utah","Tooele County",5,56,785,411,374
050,49,045,"Utah","Tooele County",5,57,717,388,329
050,49,045,"Utah","Tooele County",5,58,741,375,366
050,49,045,"Utah","Tooele County",5,59,744,374,370
050,49,045,"Utah","Tooele County",5,60,734,373,361
050,49,045,"Utah","Tooele County",5,61,732,380,352
050,49,045,"Utah","Tooele County",5,62,742,409,333
050,49,045,"Utah","Tooele County",5,63,667,370,297
050,49,045,"Utah","Tooele County",5,64,621,327,294
050,49,045,"Utah","Tooele County",5,65,613,312,301
050,49,045,"Utah","Tooele County",5,66,616,304,312
050,49,045,"Utah","Tooele County",5,67,580,290,290
050,49,045,"Utah","Tooele County",5,68,535,270,265
050,49,045,"Utah","Tooele County",5,69,488,245,243
050,49,045,"Utah","Tooele County",5,70,490,243,247
050,49,045,"Utah","Tooele County",5,71,443,210,233
050,49,045,"Utah","Tooele County",5,72,391,188,203
050,49,045,"Utah","Tooele County",5,73,381,171,210
050,49,045,"Utah","Tooele County",5,74,398,206,192
050,49,045,"Utah","Tooele County",5,75,373,184,189
050,49,045,"Utah","Tooele County",5,76,369,188,181
050,49,045,"Utah","Tooele County",5,77,225,109,116
050,49,045,"Utah","Tooele County",5,78,202,99,103
050,49,045,"Utah","Tooele County",5,79,201,84,117
050,49,045,"Utah","Tooele County",5,80,202,88,114
050,49,045,"Utah","Tooele County",5,81,170,67,103
050,49,045,"Utah","Tooele County",5,82,165,73,92
050,49,045,"Utah","Tooele County",5,83,137,63,74
050,49,045,"Utah","Tooele County",5,84,129,55,74
050,49,045,"Utah","Tooele County",5,85,619,246,373
050,49,047,"Utah","Uintah County",1,0,528,270,258
050,49,047,"Utah","Uintah County",1,1,536,259,277
050,49,047,"Utah","Uintah County",1,2,543,272,271
050,49,047,"Utah","Uintah County",1,3,606,301,305
050,49,047,"Utah","Uintah County",1,4,606,322,284
050,49,047,"Utah","Uintah County",1,5,631,331,300
050,49,047,"Utah","Uintah County",1,6,655,347,308
050,49,047,"Utah","Uintah County",1,7,635,336,299
050,49,047,"Utah","Uintah County",1,8,655,358,297
050,49,047,"Utah","Uintah County",1,9,654,345,309
050,49,047,"Utah","Uintah County",1,10,676,340,336
050,49,047,"Utah","Uintah County",1,11,713,363,350
050,49,047,"Utah","Uintah County",1,12,748,387,361
050,49,047,"Utah","Uintah County",1,13,740,371,369
050,49,047,"Utah","Uintah County",1,14,728,370,358
050,49,047,"Utah","Uintah County",1,15,635,311,324
050,49,047,"Utah","Uintah County",1,16,697,354,343
050,49,047,"Utah","Uintah County",1,17,665,349,316
050,49,047,"Utah","Uintah County",1,18,516,276,240
050,49,047,"Utah","Uintah County",1,19,382,206,176
050,49,047,"Utah","Uintah County",1,20,376,203,173
050,49,047,"Utah","Uintah County",1,21,415,218,197
050,49,047,"Utah","Uintah County",1,22,385,204,181
050,49,047,"Utah","Uintah County",1,23,399,218,181
050,49,047,"Utah","Uintah County",1,24,374,183,191
050,49,047,"Utah","Uintah County",1,25,422,207,215
050,49,047,"Utah","Uintah County",1,26,422,213,209
050,49,047,"Utah","Uintah County",1,27,440,218,222
050,49,047,"Utah","Uintah County",1,28,489,234,255
050,49,047,"Utah","Uintah County",1,29,507,248,259
050,49,047,"Utah","Uintah County",1,30,443,218,225
050,49,047,"Utah","Uintah County",1,31,501,258,243
050,49,047,"Utah","Uintah County",1,32,478,235,243
050,49,047,"Utah","Uintah County",1,33,465,221,244
050,49,047,"Utah","Uintah County",1,34,507,245,262
050,49,047,"Utah","Uintah County",1,35,530,268,262
050,49,047,"Utah","Uintah County",1,36,533,269,264
050,49,047,"Utah","Uintah County",1,37,591,309,282
050,49,047,"Utah","Uintah County",1,38,567,290,277
050,49,047,"Utah","Uintah County",1,39,546,284,262
050,49,047,"Utah","Uintah County",1,40,549,285,264
050,49,047,"Utah","Uintah County",1,41,510,258,252
050,49,047,"Utah","Uintah County",1,42,516,265,251
050,49,047,"Utah","Uintah County",1,43,502,272,230
050,49,047,"Utah","Uintah County",1,44,444,227,217
050,49,047,"Utah","Uintah County",1,45,422,205,217
050,49,047,"Utah","Uintah County",1,46,388,207,181
050,49,047,"Utah","Uintah County",1,47,348,175,173
050,49,047,"Utah","Uintah County",1,48,377,202,175
050,49,047,"Utah","Uintah County",1,49,400,218,182
050,49,047,"Utah","Uintah County",1,50,348,188,160
050,49,047,"Utah","Uintah County",1,51,313,167,146
050,49,047,"Utah","Uintah County",1,52,303,157,146
050,49,047,"Utah","Uintah County",1,53,315,157,158
050,49,047,"Utah","Uintah County",1,54,298,138,160
050,49,047,"Utah","Uintah County",1,55,318,148,170
050,49,047,"Utah","Uintah County",1,56,346,163,183
050,49,047,"Utah","Uintah County",1,57,358,169,189
050,49,047,"Utah","Uintah County",1,58,377,197,180
050,49,047,"Utah","Uintah County",1,59,354,185,169
050,49,047,"Utah","Uintah County",1,60,344,182,162
050,49,047,"Utah","Uintah County",1,61,392,194,198
050,49,047,"Utah","Uintah County",1,62,395,183,212
050,49,047,"Utah","Uintah County",1,63,332,165,167
050,49,047,"Utah","Uintah County",1,64,332,162,170
050,49,047,"Utah","Uintah County",1,65,333,158,175
050,49,047,"Utah","Uintah County",1,66,318,163,155
050,49,047,"Utah","Uintah County",1,67,289,151,138
050,49,047,"Utah","Uintah County",1,68,296,152,144
050,49,047,"Utah","Uintah County",1,69,245,123,122
050,49,047,"Utah","Uintah County",1,70,238,123,115
050,49,047,"Utah","Uintah County",1,71,255,123,132
050,49,047,"Utah","Uintah County",1,72,237,126,111
050,49,047,"Utah","Uintah County",1,73,233,117,116
050,49,047,"Utah","Uintah County",1,74,151,70,81
050,49,047,"Utah","Uintah County",1,75,141,71,70
050,49,047,"Utah","Uintah County",1,76,148,69,79
050,49,047,"Utah","Uintah County",1,77,150,75,75
050,49,047,"Utah","Uintah County",1,78,122,60,62
050,49,047,"Utah","Uintah County",1,79,110,42,68
050,49,047,"Utah","Uintah County",1,80,99,44,55
050,49,047,"Utah","Uintah County",1,81,98,40,58
050,49,047,"Utah","Uintah County",1,82,94,39,55
050,49,047,"Utah","Uintah County",1,83,77,37,40
050,49,047,"Utah","Uintah County",1,84,72,35,37
050,49,047,"Utah","Uintah County",1,85,386,167,219
050,49,047,"Utah","Uintah County",2,0,543,266,277
050,49,047,"Utah","Uintah County",2,1,533,261,272
050,49,047,"Utah","Uintah County",2,2,542,269,273
050,49,047,"Utah","Uintah County",2,3,588,294,294
050,49,047,"Utah","Uintah County",2,4,604,315,289
050,49,047,"Utah","Uintah County",2,5,624,328,296
050,49,047,"Utah","Uintah County",2,6,649,345,304
050,49,047,"Utah","Uintah County",2,7,636,338,298
050,49,047,"Utah","Uintah County",2,8,648,351,297
050,49,047,"Utah","Uintah County",2,9,653,348,305
050,49,047,"Utah","Uintah County",2,10,666,338,328
050,49,047,"Utah","Uintah County",2,11,700,356,344
050,49,047,"Utah","Uintah County",2,12,741,382,359
050,49,047,"Utah","Uintah County",2,13,741,373,368
050,49,047,"Utah","Uintah County",2,14,729,371,358
050,49,047,"Utah","Uintah County",2,15,658,324,334
050,49,047,"Utah","Uintah County",2,16,682,344,338
050,49,047,"Utah","Uintah County",2,17,666,348,318
050,49,047,"Utah","Uintah County",2,18,524,281,243
050,49,047,"Utah","Uintah County",2,19,393,211,182
050,49,047,"Utah","Uintah County",2,20,388,206,182
050,49,047,"Utah","Uintah County",2,21,414,214,200
050,49,047,"Utah","Uintah County",2,22,401,211,190
050,49,047,"Utah","Uintah County",2,23,402,216,186
050,49,047,"Utah","Uintah County",2,24,385,194,191
050,49,047,"Utah","Uintah County",2,25,414,201,213
050,49,047,"Utah","Uintah County",2,26,425,214,211
050,49,047,"Utah","Uintah County",2,27,436,216,220
050,49,047,"Utah","Uintah County",2,28,477,230,247
050,49,047,"Utah","Uintah County",2,29,503,245,258
050,49,047,"Utah","Uintah County",2,30,463,225,238
050,49,047,"Utah","Uintah County",2,31,487,247,240
050,49,047,"Utah","Uintah County",2,32,487,242,245
050,49,047,"Utah","Uintah County",2,33,469,227,242
050,49,047,"Utah","Uintah County",2,34,494,239,255
050,49,047,"Utah","Uintah County",2,35,523,261,262
050,49,047,"Utah","Uintah County",2,36,529,267,262
050,49,047,"Utah","Uintah County",2,37,576,300,276
050,49,047,"Utah","Uintah County",2,38,573,297,276
050,49,047,"Utah","Uintah County",2,39,547,284,263
050,49,047,"Utah","Uintah County",2,40,550,285,265
050,49,047,"Utah","Uintah County",2,41,519,263,256
050,49,047,"Utah","Uintah County",2,42,512,263,249
050,49,047,"Utah","Uintah County",2,43,508,271,237
050,49,047,"Utah","Uintah County",2,44,455,235,220
050,49,047,"Utah","Uintah County",2,45,426,209,217
050,49,047,"Utah","Uintah County",2,46,394,205,189
050,49,047,"Utah","Uintah County",2,47,356,182,174
050,49,047,"Utah","Uintah County",2,48,370,195,175
050,49,047,"Utah","Uintah County",2,49,396,216,180
050,49,047,"Utah","Uintah County",2,50,359,195,164
050,49,047,"Utah","Uintah County",2,51,322,171,151
050,49,047,"Utah","Uintah County",2,52,302,157,145
050,49,047,"Utah","Uintah County",2,53,313,158,155
050,49,047,"Utah","Uintah County",2,54,299,143,156
050,49,047,"Utah","Uintah County",2,55,315,148,167
050,49,047,"Utah","Uintah County",2,56,340,160,180
050,49,047,"Utah","Uintah County",2,57,356,169,187
050,49,047,"Utah","Uintah County",2,58,369,187,182
050,49,047,"Utah","Uintah County",2,59,355,185,170
050,49,047,"Utah","Uintah County",2,60,347,183,164
050,49,047,"Utah","Uintah County",2,61,378,190,188
050,49,047,"Utah","Uintah County",2,62,395,186,209
050,49,047,"Utah","Uintah County",2,63,350,169,181
050,49,047,"Utah","Uintah County",2,64,330,161,169
050,49,047,"Utah","Uintah County",2,65,332,160,172
050,49,047,"Utah","Uintah County",2,66,323,163,160
050,49,047,"Utah","Uintah County",2,67,299,154,145
050,49,047,"Utah","Uintah County",2,68,294,152,142
050,49,047,"Utah","Uintah County",2,69,259,131,128
050,49,047,"Utah","Uintah County",2,70,241,123,118
050,49,047,"Utah","Uintah County",2,71,250,123,127
050,49,047,"Utah","Uintah County",2,72,240,125,115
050,49,047,"Utah","Uintah County",2,73,244,124,120
050,49,047,"Utah","Uintah County",2,74,159,76,83
050,49,047,"Utah","Uintah County",2,75,144,69,75
050,49,047,"Utah","Uintah County",2,76,144,67,77
050,49,047,"Utah","Uintah County",2,77,152,74,78
050,49,047,"Utah","Uintah County",2,78,127,63,64
050,49,047,"Utah","Uintah County",2,79,107,43,64
050,49,047,"Utah","Uintah County",2,80,100,44,56
050,49,047,"Utah","Uintah County",2,81,95,40,55
050,49,047,"Utah","Uintah County",2,82,92,39,53
050,49,047,"Utah","Uintah County",2,83,79,36,43
050,49,047,"Utah","Uintah County",2,84,70,33,37
050,49,047,"Utah","Uintah County",2,85,392,173,219
050,49,047,"Utah","Uintah County",3,0,530,262,268
050,49,047,"Utah","Uintah County",3,1,552,267,285
050,49,047,"Utah","Uintah County",3,2,557,274,283
050,49,047,"Utah","Uintah County",3,3,531,260,271
050,49,047,"Utah","Uintah County",3,4,606,303,303
050,49,047,"Utah","Uintah County",3,5,607,311,296
050,49,047,"Utah","Uintah County",3,6,629,331,298
050,49,047,"Utah","Uintah County",3,7,686,365,321
050,49,047,"Utah","Uintah County",3,8,625,335,290
050,49,047,"Utah","Uintah County",3,9,675,364,311
050,49,047,"Utah","Uintah County",3,10,641,346,295
050,49,047,"Utah","Uintah County",3,11,683,344,339
050,49,047,"Utah","Uintah County",3,12,699,360,339
050,49,047,"Utah","Uintah County",3,13,755,395,360
050,49,047,"Utah","Uintah County",3,14,740,376,364
050,49,047,"Utah","Uintah County",3,15,709,365,344
050,49,047,"Utah","Uintah County",3,16,675,335,340
050,49,047,"Utah","Uintah County",3,17,676,340,336
050,49,047,"Utah","Uintah County",3,18,568,310,258
050,49,047,"Utah","Uintah County",3,19,434,226,208
050,49,047,"Utah","Uintah County",3,20,402,213,189
050,49,047,"Utah","Uintah County",3,21,395,204,191
050,49,047,"Utah","Uintah County",3,22,425,218,207
050,49,047,"Utah","Uintah County",3,23,401,199,202
050,49,047,"Utah","Uintah County",3,24,412,229,183
050,49,047,"Utah","Uintah County",3,25,409,206,203
050,49,047,"Utah","Uintah County",3,26,421,207,214
050,49,047,"Utah","Uintah County",3,27,429,217,212
050,49,047,"Utah","Uintah County",3,28,443,221,222
050,49,047,"Utah","Uintah County",3,29,491,245,246
050,49,047,"Utah","Uintah County",3,30,500,248,252
050,49,047,"Utah","Uintah County",3,31,475,229,246
050,49,047,"Utah","Uintah County",3,32,471,227,244
050,49,047,"Utah","Uintah County",3,33,496,248,248
050,49,047,"Utah","Uintah County",3,34,493,238,255
050,49,047,"Utah","Uintah County",3,35,501,246,255
050,49,047,"Utah","Uintah County",3,36,532,270,262
050,49,047,"Utah","Uintah County",3,37,545,279,266
050,49,047,"Utah","Uintah County",3,38,569,299,270
050,49,047,"Utah","Uintah County",3,39,582,295,287
050,49,047,"Utah","Uintah County",3,40,552,283,269
050,49,047,"Utah","Uintah County",3,41,553,286,267
050,49,047,"Utah","Uintah County",3,42,520,260,260
050,49,047,"Utah","Uintah County",3,43,510,262,248
050,49,047,"Utah","Uintah County",3,44,505,269,236
050,49,047,"Utah","Uintah County",3,45,470,242,228
050,49,047,"Utah","Uintah County",3,46,420,199,221
050,49,047,"Utah","Uintah County",3,47,400,210,190
050,49,047,"Utah","Uintah County",3,48,354,178,176
050,49,047,"Utah","Uintah County",3,49,366,188,178
050,49,047,"Utah","Uintah County",3,50,408,226,182
050,49,047,"Utah","Uintah County",3,51,376,199,177
050,49,047,"Utah","Uintah County",3,52,331,175,156
050,49,047,"Utah","Uintah County",3,53,287,150,137
050,49,047,"Utah","Uintah County",3,54,317,164,153
050,49,047,"Utah","Uintah County",3,55,312,148,164
050,49,047,"Utah","Uintah County",3,56,329,153,176
050,49,047,"Utah","Uintah County",3,57,337,154,183
050,49,047,"Utah","Uintah County",3,58,363,175,188
050,49,047,"Utah","Uintah County",3,59,369,187,182
050,49,047,"Utah","Uintah County",3,60,364,190,174
050,49,047,"Utah","Uintah County",3,61,350,185,165
050,49,047,"Utah","Uintah County",3,62,376,183,193
050,49,047,"Utah","Uintah County",3,63,384,183,201
050,49,047,"Utah","Uintah County",3,64,359,170,189
050,49,047,"Utah","Uintah County",3,65,334,165,169
050,49,047,"Utah","Uintah County",3,66,337,166,171
050,49,047,"Utah","Uintah County",3,67,321,164,157
050,49,047,"Utah","Uintah County",3,68,305,155,150
050,49,047,"Utah","Uintah County",3,69,293,151,142
050,49,047,"Utah","Uintah County",3,70,263,129,134
050,49,047,"Utah","Uintah County",3,71,238,120,118
050,49,047,"Utah","Uintah County",3,72,255,123,132
050,49,047,"Utah","Uintah County",3,73,244,129,115
050,49,047,"Utah","Uintah County",3,74,241,126,115
050,49,047,"Utah","Uintah County",3,75,161,78,83
050,49,047,"Utah","Uintah County",3,76,145,71,74
050,49,047,"Utah","Uintah County",3,77,143,66,77
050,49,047,"Utah","Uintah County",3,78,141,66,75
050,49,047,"Utah","Uintah County",3,79,120,57,63
050,49,047,"Utah","Uintah County",3,80,97,38,59
050,49,047,"Utah","Uintah County",3,81,90,39,51
050,49,047,"Utah","Uintah County",3,82,90,37,53
050,49,047,"Utah","Uintah County",3,83,80,33,47
050,49,047,"Utah","Uintah County",3,84,74,33,41
050,49,047,"Utah","Uintah County",3,85,375,169,206
050,49,047,"Utah","Uintah County",4,0,487,236,251
050,49,047,"Utah","Uintah County",4,1,561,287,274
050,49,047,"Utah","Uintah County",4,2,563,282,281
050,49,047,"Utah","Uintah County",4,3,574,285,289
050,49,047,"Utah","Uintah County",4,4,553,278,275
050,49,047,"Utah","Uintah County",4,5,614,311,303
050,49,047,"Utah","Uintah County",4,6,643,333,310
050,49,047,"Utah","Uintah County",4,7,629,334,295
050,49,047,"Utah","Uintah County",4,8,676,359,317
050,49,047,"Utah","Uintah County",4,9,624,336,288
050,49,047,"Utah","Uintah County",4,10,683,377,306
050,49,047,"Utah","Uintah County",4,11,663,359,304
050,49,047,"Utah","Uintah County",4,12,691,347,344
050,49,047,"Utah","Uintah County",4,13,707,363,344
050,49,047,"Utah","Uintah County",4,14,750,387,363
050,49,047,"Utah","Uintah County",4,15,739,379,360
050,49,047,"Utah","Uintah County",4,16,709,375,334
050,49,047,"Utah","Uintah County",4,17,686,340,346
050,49,047,"Utah","Uintah County",4,18,577,301,276
050,49,047,"Utah","Uintah County",4,19,447,249,198
050,49,047,"Utah","Uintah County",4,20,438,230,208
050,49,047,"Utah","Uintah County",4,21,415,218,197
050,49,047,"Utah","Uintah County",4,22,418,209,209
050,49,047,"Utah","Uintah County",4,23,469,236,233
050,49,047,"Utah","Uintah County",4,24,439,220,219
050,49,047,"Utah","Uintah County",4,25,447,252,195
050,49,047,"Utah","Uintah County",4,26,447,227,220
050,49,047,"Utah","Uintah County",4,27,436,216,220
050,49,047,"Utah","Uintah County",4,28,450,226,224
050,49,047,"Utah","Uintah County",4,29,483,257,226
050,49,047,"Utah","Uintah County",4,30,500,246,254
050,49,047,"Utah","Uintah County",4,31,514,249,265
050,49,047,"Utah","Uintah County",4,32,502,243,259
050,49,047,"Utah","Uintah County",4,33,492,244,248
050,49,047,"Utah","Uintah County",4,34,509,261,248
050,49,047,"Utah","Uintah County",4,35,496,248,248
050,49,047,"Utah","Uintah County",4,36,508,254,254
050,49,047,"Utah","Uintah County",4,37,543,274,269
050,49,047,"Utah","Uintah County",4,38,539,279,260
050,49,047,"Utah","Uintah County",4,39,581,296,285
050,49,047,"Utah","Uintah County",4,40,598,299,299
050,49,047,"Utah","Uintah County",4,41,574,296,278
050,49,047,"Utah","Uintah County",4,42,558,284,274
050,49,047,"Utah","Uintah County",4,43,525,258,267
050,49,047,"Utah","Uintah County",4,44,520,272,248
050,49,047,"Utah","Uintah County",4,45,505,268,237
050,49,047,"Utah","Uintah County",4,46,481,250,231
050,49,047,"Utah","Uintah County",4,47,425,200,225
050,49,047,"Utah","Uintah County",4,48,413,215,198
050,49,047,"Utah","Uintah County",4,49,369,186,183
050,49,047,"Utah","Uintah County",4,50,360,185,175
050,49,047,"Utah","Uintah County",4,51,414,227,187
050,49,047,"Utah","Uintah County",4,52,392,204,188
050,49,047,"Utah","Uintah County",4,53,335,169,166
050,49,047,"Utah","Uintah County",4,54,294,151,143
050,49,047,"Utah","Uintah County",4,55,320,167,153
050,49,047,"Utah","Uintah County",4,56,302,144,158
050,49,047,"Utah","Uintah County",4,57,336,159,177
050,49,047,"Utah","Uintah County",4,58,354,165,189
050,49,047,"Utah","Uintah County",4,59,357,166,191
050,49,047,"Utah","Uintah County",4,60,386,195,191
050,49,047,"Utah","Uintah County",4,61,372,193,179
050,49,047,"Utah","Uintah County",4,62,363,192,171
050,49,047,"Utah","Uintah County",4,63,370,180,190
050,49,047,"Utah","Uintah County",4,64,393,191,202
050,49,047,"Utah","Uintah County",4,65,363,173,190
050,49,047,"Utah","Uintah County",4,66,339,166,173
050,49,047,"Utah","Uintah County",4,67,325,154,171
050,49,047,"Utah","Uintah County",4,68,324,161,163
050,49,047,"Utah","Uintah County",4,69,312,157,155
050,49,047,"Utah","Uintah County",4,70,293,151,142
050,49,047,"Utah","Uintah County",4,71,261,129,132
050,49,047,"Utah","Uintah County",4,72,242,119,123
050,49,047,"Utah","Uintah County",4,73,256,125,131
050,49,047,"Utah","Uintah County",4,74,231,124,107
050,49,047,"Utah","Uintah County",4,75,233,120,113
050,49,047,"Utah","Uintah County",4,76,163,78,85
050,49,047,"Utah","Uintah County",4,77,145,69,76
050,49,047,"Utah","Uintah County",4,78,142,64,78
050,49,047,"Utah","Uintah County",4,79,137,64,73
050,49,047,"Utah","Uintah County",4,80,114,56,58
050,49,047,"Utah","Uintah County",4,81,87,31,56
050,49,047,"Utah","Uintah County",4,82,77,31,46
050,49,047,"Utah","Uintah County",4,83,87,35,52
050,49,047,"Utah","Uintah County",4,84,75,30,45
050,49,047,"Utah","Uintah County",4,85,380,174,206
050,49,047,"Utah","Uintah County",5,0,496,239,257
050,49,047,"Utah","Uintah County",5,1,513,256,257
050,49,047,"Utah","Uintah County",5,2,578,290,288
050,49,047,"Utah","Uintah County",5,3,568,293,275
050,49,047,"Utah","Uintah County",5,4,587,287,300
050,49,047,"Utah","Uintah County",5,5,559,284,275
050,49,047,"Utah","Uintah County",5,6,618,317,301
050,49,047,"Utah","Uintah County",5,7,638,328,310
050,49,047,"Utah","Uintah County",5,8,622,327,295
050,49,047,"Utah","Uintah County",5,9,681,360,321
050,49,047,"Utah","Uintah County",5,10,636,337,299
050,49,047,"Utah","Uintah County",5,11,683,373,310
050,49,047,"Utah","Uintah County",5,12,664,355,309
050,49,047,"Utah","Uintah County",5,13,690,344,346
050,49,047,"Utah","Uintah County",5,14,722,365,357
050,49,047,"Utah","Uintah County",5,15,762,400,362
050,49,047,"Utah","Uintah County",5,16,759,386,373
050,49,047,"Utah","Uintah County",5,17,724,372,352
050,49,047,"Utah","Uintah County",5,18,575,285,290
050,49,047,"Utah","Uintah County",5,19,459,250,209
050,49,047,"Utah","Uintah County",5,20,471,260,211
050,49,047,"Utah","Uintah County",5,21,466,247,219
050,49,047,"Utah","Uintah County",5,22,430,214,216
050,49,047,"Utah","Uintah County",5,23,460,239,221
050,49,047,"Utah","Uintah County",5,24,477,232,245
050,49,047,"Utah","Uintah County",5,25,479,236,243
050,49,047,"Utah","Uintah County",5,26,457,261,196
050,49,047,"Utah","Uintah County",5,27,477,248,229
050,49,047,"Utah","Uintah County",5,28,440,219,221
050,49,047,"Utah","Uintah County",5,29,453,229,224
050,49,047,"Utah","Uintah County",5,30,515,273,242
050,49,047,"Utah","Uintah County",5,31,508,253,255
050,49,047,"Utah","Uintah County",5,32,525,255,270
050,49,047,"Utah","Uintah County",5,33,521,254,267
050,49,047,"Utah","Uintah County",5,34,515,262,253
050,49,047,"Utah","Uintah County",5,35,517,266,251
050,49,047,"Utah","Uintah County",5,36,490,243,247
050,49,047,"Utah","Uintah County",5,37,519,260,259
050,49,047,"Utah","Uintah County",5,38,554,283,271
050,49,047,"Utah","Uintah County",5,39,534,270,264
050,49,047,"Utah","Uintah County",5,40,582,297,285
050,49,047,"Utah","Uintah County",5,41,596,297,299
050,49,047,"Utah","Uintah County",5,42,569,293,276
050,49,047,"Utah","Uintah County",5,43,566,288,278
050,49,047,"Utah","Uintah County",5,44,520,250,270
050,49,047,"Utah","Uintah County",5,45,531,275,256
050,49,047,"Utah","Uintah County",5,46,513,273,240
050,49,047,"Utah","Uintah County",5,47,490,251,239
050,49,047,"Utah","Uintah County",5,48,427,203,224
050,49,047,"Utah","Uintah County",5,49,429,227,202
050,49,047,"Utah","Uintah County",5,50,376,187,189
050,49,047,"Utah","Uintah County",5,51,385,199,186
050,49,047,"Utah","Uintah County",5,52,427,226,201
050,49,047,"Utah","Uintah County",5,53,399,202,197
050,49,047,"Utah","Uintah County",5,54,347,170,177
050,49,047,"Utah","Uintah County",5,55,300,160,140
050,49,047,"Utah","Uintah County",5,56,331,173,158
050,49,047,"Utah","Uintah County",5,57,305,148,157
050,49,047,"Utah","Uintah County",5,58,344,162,182
050,49,047,"Utah","Uintah County",5,59,350,160,190
050,49,047,"Utah","Uintah County",5,60,354,162,192
050,49,047,"Utah","Uintah County",5,61,372,188,184
050,49,047,"Utah","Uintah County",5,62,379,195,184
050,49,047,"Utah","Uintah County",5,63,360,191,169
050,49,047,"Utah","Uintah County",5,64,370,175,195
050,49,047,"Utah","Uintah County",5,65,386,189,197
050,49,047,"Utah","Uintah County",5,66,364,169,195
050,49,047,"Utah","Uintah County",5,67,331,160,171
050,49,047,"Utah","Uintah County",5,68,318,147,171
050,49,047,"Utah","Uintah County",5,69,316,157,159
050,49,047,"Utah","Uintah County",5,70,309,156,153
050,49,047,"Utah","Uintah County",5,71,286,147,139
050,49,047,"Utah","Uintah County",5,72,265,132,133
050,49,047,"Utah","Uintah County",5,73,237,117,120
050,49,047,"Utah","Uintah County",5,74,243,119,124
050,49,047,"Utah","Uintah County",5,75,222,118,104
050,49,047,"Utah","Uintah County",5,76,232,114,118
050,49,047,"Utah","Uintah County",5,77,156,75,81
050,49,047,"Utah","Uintah County",5,78,138,64,74
050,49,047,"Utah","Uintah County",5,79,133,60,73
050,49,047,"Utah","Uintah County",5,80,131,62,69
050,49,047,"Utah","Uintah County",5,81,100,46,54
050,49,047,"Utah","Uintah County",5,82,80,25,55
050,49,047,"Utah","Uintah County",5,83,71,27,44
050,49,047,"Utah","Uintah County",5,84,83,34,49
050,49,047,"Utah","Uintah County",5,85,382,176,206
050,49,049,"Utah","Utah County",1,0,11871,6084,5787
050,49,049,"Utah","Utah County",1,1,11565,5949,5616
050,49,049,"Utah","Utah County",1,2,11501,5843,5658
050,49,049,"Utah","Utah County",1,3,11778,6011,5767
050,49,049,"Utah","Utah County",1,4,12042,6197,5845
050,49,049,"Utah","Utah County",1,5,11972,6107,5865
050,49,049,"Utah","Utah County",1,6,11908,6136,5772
050,49,049,"Utah","Utah County",1,7,11963,6190,5773
050,49,049,"Utah","Utah County",1,8,11644,6053,5591
050,49,049,"Utah","Utah County",1,9,11912,6149,5763
050,49,049,"Utah","Utah County",1,10,12292,6362,5930
050,49,049,"Utah","Utah County",1,11,12567,6460,6107
050,49,049,"Utah","Utah County",1,12,12822,6619,6203
050,49,049,"Utah","Utah County",1,13,12687,6586,6101
050,49,049,"Utah","Utah County",1,14,12283,6285,5998
050,49,049,"Utah","Utah County",1,15,12085,6198,5887
050,49,049,"Utah","Utah County",1,16,12099,6221,5878
050,49,049,"Utah","Utah County",1,17,11834,6089,5745
050,49,049,"Utah","Utah County",1,18,13729,6852,6877
050,49,049,"Utah","Utah County",1,19,14822,6490,8332
050,49,049,"Utah","Utah County",1,20,14207,5204,9003
050,49,049,"Utah","Utah County",1,21,15859,7408,8451
050,49,049,"Utah","Utah County",1,22,17650,9910,7740
050,49,049,"Utah","Utah County",1,23,18656,10604,8052
050,49,049,"Utah","Utah County",1,24,16025,9144,6881
050,49,049,"Utah","Utah County",1,25,13453,7336,6117
050,49,049,"Utah","Utah County",1,26,11250,5926,5324
050,49,049,"Utah","Utah County",1,27,10412,5338,5074
050,49,049,"Utah","Utah County",1,28,10280,5250,5030
050,49,049,"Utah","Utah County",1,29,9750,4943,4807
050,49,049,"Utah","Utah County",1,30,8694,4529,4165
050,49,049,"Utah","Utah County",1,31,8315,4384,3931
050,49,049,"Utah","Utah County",1,32,7796,3925,3871
050,49,049,"Utah","Utah County",1,33,7448,3642,3806
050,49,049,"Utah","Utah County",1,34,7824,3835,3989
050,49,049,"Utah","Utah County",1,35,7976,4024,3952
050,49,049,"Utah","Utah County",1,36,8343,4347,3996
050,49,049,"Utah","Utah County",1,37,8664,4481,4183
050,49,049,"Utah","Utah County",1,38,8726,4525,4201
050,49,049,"Utah","Utah County",1,39,8819,4470,4349
050,49,049,"Utah","Utah County",1,40,8755,4496,4259
050,49,049,"Utah","Utah County",1,41,8561,4379,4182
050,49,049,"Utah","Utah County",1,42,8591,4361,4230
050,49,049,"Utah","Utah County",1,43,7993,4140,3853
050,49,049,"Utah","Utah County",1,44,7511,3869,3642
050,49,049,"Utah","Utah County",1,45,7000,3583,3417
050,49,049,"Utah","Utah County",1,46,6510,3286,3224
050,49,049,"Utah","Utah County",1,47,6216,3151,3065
050,49,049,"Utah","Utah County",1,48,6096,3133,2963
050,49,049,"Utah","Utah County",1,49,6205,3205,3000
050,49,049,"Utah","Utah County",1,50,5659,2826,2833
050,49,049,"Utah","Utah County",1,51,5413,2729,2684
050,49,049,"Utah","Utah County",1,52,5087,2650,2437
050,49,049,"Utah","Utah County",1,53,5004,2586,2418
050,49,049,"Utah","Utah County",1,54,4658,2417,2241
050,49,049,"Utah","Utah County",1,55,4640,2358,2282
050,49,049,"Utah","Utah County",1,56,4627,2349,2278
050,49,049,"Utah","Utah County",1,57,4765,2416,2349
050,49,049,"Utah","Utah County",1,58,4629,2338,2291
050,49,049,"Utah","Utah County",1,59,4475,2256,2219
050,49,049,"Utah","Utah County",1,60,4427,2197,2230
050,49,049,"Utah","Utah County",1,61,4382,2163,2219
050,49,049,"Utah","Utah County",1,62,4279,2091,2188
050,49,049,"Utah","Utah County",1,63,4119,2006,2113
050,49,049,"Utah","Utah County",1,64,3889,1912,1977
050,49,049,"Utah","Utah County",1,65,3807,1861,1946
050,49,049,"Utah","Utah County",1,66,3614,1755,1859
050,49,049,"Utah","Utah County",1,67,3430,1667,1763
050,49,049,"Utah","Utah County",1,68,3244,1574,1670
050,49,049,"Utah","Utah County",1,69,3016,1421,1595
050,49,049,"Utah","Utah County",1,70,2951,1386,1565
050,49,049,"Utah","Utah County",1,71,2840,1354,1486
050,49,049,"Utah","Utah County",1,72,2808,1307,1501
050,49,049,"Utah","Utah County",1,73,2771,1262,1509
050,49,049,"Utah","Utah County",1,74,2050,949,1101
050,49,049,"Utah","Utah County",1,75,2052,978,1074
050,49,049,"Utah","Utah County",1,76,2090,957,1133
050,49,049,"Utah","Utah County",1,77,1990,893,1097
050,49,049,"Utah","Utah County",1,78,1654,756,898
050,49,049,"Utah","Utah County",1,79,1459,690,769
050,49,049,"Utah","Utah County",1,80,1340,609,731
050,49,049,"Utah","Utah County",1,81,1241,524,717
050,49,049,"Utah","Utah County",1,82,1126,520,606
050,49,049,"Utah","Utah County",1,83,1041,465,576
050,49,049,"Utah","Utah County",1,84,952,410,542
050,49,049,"Utah","Utah County",1,85,4904,2020,2884
050,49,049,"Utah","Utah County",2,0,11943,6131,5812
050,49,049,"Utah","Utah County",2,1,11599,5958,5641
050,49,049,"Utah","Utah County",2,2,11531,5875,5656
050,49,049,"Utah","Utah County",2,3,11692,5965,5727
050,49,049,"Utah","Utah County",2,4,12044,6179,5865
050,49,049,"Utah","Utah County",2,5,12023,6140,5883
050,49,049,"Utah","Utah County",2,6,11973,6161,5812
050,49,049,"Utah","Utah County",2,7,11963,6189,5774
050,49,049,"Utah","Utah County",2,8,11715,6085,5630
050,49,049,"Utah","Utah County",2,9,11859,6138,5721
050,49,049,"Utah","Utah County",2,10,12213,6317,5896
050,49,049,"Utah","Utah County",2,11,12471,6424,6047
050,49,049,"Utah","Utah County",2,12,12821,6610,6211
050,49,049,"Utah","Utah County",2,13,12742,6603,6139
050,49,049,"Utah","Utah County",2,14,12412,6375,6037
050,49,049,"Utah","Utah County",2,15,12183,6242,5941
050,49,049,"Utah","Utah County",2,16,12134,6231,5903
050,49,049,"Utah","Utah County",2,17,11986,6156,5830
050,49,049,"Utah","Utah County",2,18,13816,6899,6917
050,49,049,"Utah","Utah County",2,19,14932,6553,8379
050,49,049,"Utah","Utah County",2,20,14448,5338,9110
050,49,049,"Utah","Utah County",2,21,16033,7513,8520
050,49,049,"Utah","Utah County",2,22,17750,9961,7789
050,49,049,"Utah","Utah County",2,23,18593,10577,8016
050,49,049,"Utah","Utah County",2,24,15971,9085,6886
050,49,049,"Utah","Utah County",2,25,13515,7364,6151
050,49,049,"Utah","Utah County",2,26,11484,6060,5424
050,49,049,"Utah","Utah County",2,27,10465,5364,5101
050,49,049,"Utah","Utah County",2,28,10330,5289,5041
050,49,049,"Utah","Utah County",2,29,9878,5017,4861
050,49,049,"Utah","Utah County",2,30,9023,4665,4358
050,49,049,"Utah","Utah County",2,31,8419,4421,3998
050,49,049,"Utah","Utah County",2,32,7951,4048,3903
050,49,049,"Utah","Utah County",2,33,7566,3736,3830
050,49,049,"Utah","Utah County",2,34,7757,3805,3952
050,49,049,"Utah","Utah County",2,35,8024,4030,3994
050,49,049,"Utah","Utah County",2,36,8234,4258,3976
050,49,049,"Utah","Utah County",2,37,8635,4478,4157
050,49,049,"Utah","Utah County",2,38,8772,4544,4228
050,49,049,"Utah","Utah County",2,39,8798,4490,4308
050,49,049,"Utah","Utah County",2,40,8835,4528,4307
050,49,049,"Utah","Utah County",2,41,8623,4414,4209
050,49,049,"Utah","Utah County",2,42,8560,4359,4201
050,49,049,"Utah","Utah County",2,43,8205,4230,3975
050,49,049,"Utah","Utah County",2,44,7571,3907,3664
050,49,049,"Utah","Utah County",2,45,7160,3667,3493
050,49,049,"Utah","Utah County",2,46,6620,3355,3265
050,49,049,"Utah","Utah County",2,47,6271,3174,3097
050,49,049,"Utah","Utah County",2,48,6133,3141,2992
050,49,049,"Utah","Utah County",2,49,6223,3214,3009
050,49,049,"Utah","Utah County",2,50,5813,2926,2887
050,49,049,"Utah","Utah County",2,51,5464,2749,2715
050,49,049,"Utah","Utah County",2,52,5168,2667,2501
050,49,049,"Utah","Utah County",2,53,5032,2601,2431
050,49,049,"Utah","Utah County",2,54,4737,2460,2277
050,49,049,"Utah","Utah County",2,55,4657,2381,2276
050,49,049,"Utah","Utah County",2,56,4650,2363,2287
050,49,049,"Utah","Utah County",2,57,4741,2400,2341
050,49,049,"Utah","Utah County",2,58,4664,2357,2307
050,49,049,"Utah","Utah County",2,59,4541,2291,2250
050,49,049,"Utah","Utah County",2,60,4447,2215,2232
050,49,049,"Utah","Utah County",2,61,4390,2170,2220
050,49,049,"Utah","Utah County",2,62,4307,2112,2195
050,49,049,"Utah","Utah County",2,63,4191,2044,2147
050,49,049,"Utah","Utah County",2,64,3936,1931,2005
050,49,049,"Utah","Utah County",2,65,3823,1868,1955
050,49,049,"Utah","Utah County",2,66,3670,1786,1884
050,49,049,"Utah","Utah County",2,67,3467,1684,1783
050,49,049,"Utah","Utah County",2,68,3274,1586,1688
050,49,049,"Utah","Utah County",2,69,3095,1471,1624
050,49,049,"Utah","Utah County",2,70,2945,1388,1557
050,49,049,"Utah","Utah County",2,71,2870,1361,1509
050,49,049,"Utah","Utah County",2,72,2772,1297,1475
050,49,049,"Utah","Utah County",2,73,2907,1330,1577
050,49,049,"Utah","Utah County",2,74,2091,960,1131
050,49,049,"Utah","Utah County",2,75,2052,968,1084
050,49,049,"Utah","Utah County",2,76,2063,956,1107
050,49,049,"Utah","Utah County",2,77,2054,924,1130
050,49,049,"Utah","Utah County",2,78,1689,762,927
050,49,049,"Utah","Utah County",2,79,1486,693,793
050,49,049,"Utah","Utah County",2,80,1362,621,741
050,49,049,"Utah","Utah County",2,81,1243,533,710
050,49,049,"Utah","Utah County",2,82,1149,523,626
050,49,049,"Utah","Utah County",2,83,1051,470,581
050,49,049,"Utah","Utah County",2,84,961,421,540
050,49,049,"Utah","Utah County",2,85,4934,2033,2901
050,49,049,"Utah","Utah County",3,0,11835,6109,5726
050,49,049,"Utah","Utah County",3,1,12092,6195,5897
050,49,049,"Utah","Utah County",3,2,11750,6009,5741
050,49,049,"Utah","Utah County",3,3,11772,5998,5774
050,49,049,"Utah","Utah County",3,4,12015,6166,5849
050,49,049,"Utah","Utah County",3,5,12299,6285,6014
050,49,049,"Utah","Utah County",3,6,12343,6329,6014
050,49,049,"Utah","Utah County",3,7,12170,6281,5889
050,49,049,"Utah","Utah County",3,8,12254,6330,5924
050,49,049,"Utah","Utah County",3,9,11940,6190,5750
050,49,049,"Utah","Utah County",3,10,12072,6235,5837
050,49,049,"Utah","Utah County",3,11,12398,6404,5994
050,49,049,"Utah","Utah County",3,12,12637,6537,6100
050,49,049,"Utah","Utah County",3,13,13116,6780,6336
050,49,049,"Utah","Utah County",3,14,12984,6760,6224
050,49,049,"Utah","Utah County",3,15,12606,6481,6125
050,49,049,"Utah","Utah County",3,16,12356,6322,6034
050,49,049,"Utah","Utah County",3,17,12369,6340,6029
050,49,049,"Utah","Utah County",3,18,14471,7214,7257
050,49,049,"Utah","Utah County",3,19,15096,6533,8563
050,49,049,"Utah","Utah County",3,20,14781,5534,9247
050,49,049,"Utah","Utah County",3,21,16722,7907,8815
050,49,049,"Utah","Utah County",3,22,18618,10383,8235
050,49,049,"Utah","Utah County",3,23,19188,10866,8322
050,49,049,"Utah","Utah County",3,24,16582,9296,7286
050,49,049,"Utah","Utah County",3,25,13999,7655,6344
050,49,049,"Utah","Utah County",3,26,12175,6399,5776
050,49,049,"Utah","Utah County",3,27,10945,5620,5325
050,49,049,"Utah","Utah County",3,28,10563,5441,5122
050,49,049,"Utah","Utah County",3,29,10469,5376,5093
050,49,049,"Utah","Utah County",3,30,10089,5090,4999
050,49,049,"Utah","Utah County",3,31,9381,4840,4541
050,49,049,"Utah","Utah County",3,32,8715,4585,4130
050,49,049,"Utah","Utah County",3,33,8308,4247,4061
050,49,049,"Utah","Utah County",3,34,7853,3870,3983
050,49,049,"Utah","Utah County",3,35,8006,3973,4033
050,49,049,"Utah","Utah County",3,36,8240,4154,4086
050,49,049,"Utah","Utah County",3,37,8460,4360,4100
050,49,049,"Utah","Utah County",3,38,8785,4564,4221
050,49,049,"Utah","Utah County",3,39,8907,4600,4307
050,49,049,"Utah","Utah County",3,40,8942,4578,4364
050,49,049,"Utah","Utah County",3,41,8959,4609,4350
050,49,049,"Utah","Utah County",3,42,8772,4474,4298
050,49,049,"Utah","Utah County",3,43,8658,4397,4261
050,49,049,"Utah","Utah County",3,44,8249,4262,3987
050,49,049,"Utah","Utah County",3,45,7652,3942,3710
050,49,049,"Utah","Utah County",3,46,7282,3724,3558
050,49,049,"Utah","Utah County",3,47,6678,3398,3280
050,49,049,"Utah","Utah County",3,48,6358,3203,3155
050,49,049,"Utah","Utah County",3,49,6255,3207,3048
050,49,049,"Utah","Utah County",3,50,6274,3250,3024
050,49,049,"Utah","Utah County",3,51,5853,2960,2893
050,49,049,"Utah","Utah County",3,52,5524,2769,2755
050,49,049,"Utah","Utah County",3,53,5212,2686,2526
050,49,049,"Utah","Utah County",3,54,5098,2637,2461
050,49,049,"Utah","Utah County",3,55,4810,2486,2324
050,49,049,"Utah","Utah County",3,56,4683,2385,2298
050,49,049,"Utah","Utah County",3,57,4713,2387,2326
050,49,049,"Utah","Utah County",3,58,4792,2411,2381
050,49,049,"Utah","Utah County",3,59,4723,2382,2341
050,49,049,"Utah","Utah County",3,60,4630,2329,2301
050,49,049,"Utah","Utah County",3,61,4489,2239,2250
050,49,049,"Utah","Utah County",3,62,4435,2201,2234
050,49,049,"Utah","Utah County",3,63,4319,2123,2196
050,49,049,"Utah","Utah County",3,64,4194,2030,2164
050,49,049,"Utah","Utah County",3,65,3941,1922,2019
050,49,049,"Utah","Utah County",3,66,3845,1856,1989
050,49,049,"Utah","Utah County",3,67,3642,1771,1871
050,49,049,"Utah","Utah County",3,68,3430,1648,1782
050,49,049,"Utah","Utah County",3,69,3250,1580,1670
050,49,049,"Utah","Utah County",3,70,3061,1454,1607
050,49,049,"Utah","Utah County",3,71,2941,1384,1557
050,49,049,"Utah","Utah County",3,72,2842,1343,1499
050,49,049,"Utah","Utah County",3,73,2746,1288,1458
050,49,049,"Utah","Utah County",3,74,2868,1322,1546
050,49,049,"Utah","Utah County",3,75,2027,922,1105
050,49,049,"Utah","Utah County",3,76,2018,945,1073
050,49,049,"Utah","Utah County",3,77,2008,925,1083
050,49,049,"Utah","Utah County",3,78,1997,895,1102
050,49,049,"Utah","Utah County",3,79,1620,725,895
050,49,049,"Utah","Utah County",3,80,1410,653,757
050,49,049,"Utah","Utah County",3,81,1279,566,713
050,49,049,"Utah","Utah County",3,82,1153,497,656
050,49,049,"Utah","Utah County",3,83,1079,487,592
050,49,049,"Utah","Utah County",3,84,962,425,537
050,49,049,"Utah","Utah County",3,85,4939,2050,2889
050,49,049,"Utah","Utah County",4,0,12079,6234,5845
050,49,049,"Utah","Utah County",4,1,11901,6072,5829
050,49,049,"Utah","Utah County",4,2,12133,6196,5937
050,49,049,"Utah","Utah County",4,3,11951,6106,5845
050,49,049,"Utah","Utah County",4,4,11955,6091,5864
050,49,049,"Utah","Utah County",4,5,12220,6260,5960
050,49,049,"Utah","Utah County",4,6,12436,6327,6109
050,49,049,"Utah","Utah County",4,7,12489,6394,6095
050,49,049,"Utah","Utah County",4,8,12326,6318,6008
050,49,049,"Utah","Utah County",4,9,12406,6430,5976
050,49,049,"Utah","Utah County",4,10,12027,6229,5798
050,49,049,"Utah","Utah County",4,11,12206,6341,5865
050,49,049,"Utah","Utah County",4,12,12527,6457,6070
050,49,049,"Utah","Utah County",4,13,12789,6650,6139
050,49,049,"Utah","Utah County",4,14,13244,6865,6379
050,49,049,"Utah","Utah County",4,15,13160,6861,6299
050,49,049,"Utah","Utah County",4,16,12733,6533,6200
050,49,049,"Utah","Utah County",4,17,12530,6401,6129
050,49,049,"Utah","Utah County",4,18,14548,7297,7251
050,49,049,"Utah","Utah County",4,19,15207,6634,8573
050,49,049,"Utah","Utah County",4,20,14668,5549,9119
050,49,049,"Utah","Utah County",4,21,16832,7992,8840
050,49,049,"Utah","Utah County",4,22,19310,10761,8549
050,49,049,"Utah","Utah County",4,23,19959,11244,8715
050,49,049,"Utah","Utah County",4,24,17069,9640,7429
050,49,049,"Utah","Utah County",4,25,14441,7793,6648
050,49,049,"Utah","Utah County",4,26,12514,6631,5883
050,49,049,"Utah","Utah County",4,27,11534,5906,5628
050,49,049,"Utah","Utah County",4,28,10898,5613,5285
050,49,049,"Utah","Utah County",4,29,10509,5364,5145
050,49,049,"Utah","Utah County",4,30,10544,5403,5141
050,49,049,"Utah","Utah County",4,31,10087,5091,4996
050,49,049,"Utah","Utah County",4,32,9538,4884,4654
050,49,049,"Utah","Utah County",4,33,8892,4677,4215
050,49,049,"Utah","Utah County",4,34,8572,4401,4171
050,49,049,"Utah","Utah County",4,35,7978,3947,4031
050,49,049,"Utah","Utah County",4,36,8145,4041,4104
050,49,049,"Utah","Utah County",4,37,8406,4271,4135
050,49,049,"Utah","Utah County",4,38,8641,4477,4164
050,49,049,"Utah","Utah County",4,39,8881,4630,4251
050,49,049,"Utah","Utah County",4,40,9036,4665,4371
050,49,049,"Utah","Utah County",4,41,8969,4607,4362
050,49,049,"Utah","Utah County",4,42,9078,4706,4372
050,49,049,"Utah","Utah County",4,43,8828,4478,4350
050,49,049,"Utah","Utah County",4,44,8698,4430,4268
050,49,049,"Utah","Utah County",4,45,8250,4251,3999
050,49,049,"Utah","Utah County",4,46,7698,3953,3745
050,49,049,"Utah","Utah County",4,47,7310,3736,3574
050,49,049,"Utah","Utah County",4,48,6674,3420,3254
050,49,049,"Utah","Utah County",4,49,6397,3238,3159
050,49,049,"Utah","Utah County",4,50,6294,3235,3059
050,49,049,"Utah","Utah County",4,51,6269,3254,3015
050,49,049,"Utah","Utah County",4,52,5916,2998,2918
050,49,049,"Utah","Utah County",4,53,5576,2779,2797
050,49,049,"Utah","Utah County",4,54,5223,2683,2540
050,49,049,"Utah","Utah County",4,55,5151,2649,2502
050,49,049,"Utah","Utah County",4,56,4808,2468,2340
050,49,049,"Utah","Utah County",4,57,4731,2401,2330
050,49,049,"Utah","Utah County",4,58,4754,2416,2338
050,49,049,"Utah","Utah County",4,59,4791,2394,2397
050,49,049,"Utah","Utah County",4,60,4746,2405,2341
050,49,049,"Utah","Utah County",4,61,4603,2311,2292
050,49,049,"Utah","Utah County",4,62,4483,2217,2266
050,49,049,"Utah","Utah County",4,63,4433,2206,2227
050,49,049,"Utah","Utah County",4,64,4308,2101,2207
050,49,049,"Utah","Utah County",4,65,4161,2017,2144
050,49,049,"Utah","Utah County",4,66,3958,1910,2048
050,49,049,"Utah","Utah County",4,67,3819,1832,1987
050,49,049,"Utah","Utah County",4,68,3634,1765,1869
050,49,049,"Utah","Utah County",4,69,3419,1640,1779
050,49,049,"Utah","Utah County",4,70,3222,1557,1665
050,49,049,"Utah","Utah County",4,71,3037,1435,1602
050,49,049,"Utah","Utah County",4,72,2906,1375,1531
050,49,049,"Utah","Utah County",4,73,2791,1305,1486
050,49,049,"Utah","Utah County",4,74,2718,1277,1441
050,49,049,"Utah","Utah County",4,75,2800,1266,1534
050,49,049,"Utah","Utah County",4,76,1986,900,1086
050,49,049,"Utah","Utah County",4,77,1959,921,1038
050,49,049,"Utah","Utah County",4,78,1953,899,1054
050,49,049,"Utah","Utah County",4,79,1925,858,1067
050,49,049,"Utah","Utah County",4,80,1544,685,859
050,49,049,"Utah","Utah County",4,81,1335,595,740
050,49,049,"Utah","Utah County",4,82,1185,537,648
050,49,049,"Utah","Utah County",4,83,1083,465,618
050,49,049,"Utah","Utah County",4,84,993,435,558
050,49,049,"Utah","Utah County",4,85,4955,2058,2897
050,49,049,"Utah","Utah County",5,0,11905,6142,5763
050,49,049,"Utah","Utah County",5,1,11814,6086,5728
050,49,049,"Utah","Utah County",5,2,11915,6100,5815
050,49,049,"Utah","Utah County",5,3,12225,6203,6022
050,49,049,"Utah","Utah County",5,4,12044,6170,5874
050,49,049,"Utah","Utah County",5,5,12012,6154,5858
050,49,049,"Utah","Utah County",5,6,12290,6256,6034
050,49,049,"Utah","Utah County",5,7,12531,6381,6150
050,49,049,"Utah","Utah County",5,8,12589,6437,6152
050,49,049,"Utah","Utah County",5,9,12428,6391,6037
050,49,049,"Utah","Utah County",5,10,12498,6505,5993
050,49,049,"Utah","Utah County",5,11,12140,6327,5813
050,49,049,"Utah","Utah County",5,12,12346,6380,5966
050,49,049,"Utah","Utah County",5,13,12660,6501,6159
050,49,049,"Utah","Utah County",5,14,12986,6805,6181
050,49,049,"Utah","Utah County",5,15,13346,6943,6403
050,49,049,"Utah","Utah County",5,16,13248,6923,6325
050,49,049,"Utah","Utah County",5,17,12948,6602,6346
050,49,049,"Utah","Utah County",5,18,14666,7357,7309
050,49,049,"Utah","Utah County",5,19,15432,6725,8707
050,49,049,"Utah","Utah County",5,20,15142,5779,9363
050,49,049,"Utah","Utah County",5,21,16834,8004,8830
050,49,049,"Utah","Utah County",5,22,19370,10806,8564
050,49,049,"Utah","Utah County",5,23,20787,11786,9001
050,49,049,"Utah","Utah County",5,24,17901,10032,7869
050,49,049,"Utah","Utah County",5,25,14932,8108,6824
050,49,049,"Utah","Utah County",5,26,13144,6893,6251
050,49,049,"Utah","Utah County",5,27,11845,6113,5732
050,49,049,"Utah","Utah County",5,28,11456,5853,5603
050,49,049,"Utah","Utah County",5,29,10852,5561,5291
050,49,049,"Utah","Utah County",5,30,10610,5410,5200
050,49,049,"Utah","Utah County",5,31,10662,5480,5182
050,49,049,"Utah","Utah County",5,32,10191,5122,5069
050,49,049,"Utah","Utah County",5,33,9682,4942,4740
050,49,049,"Utah","Utah County",5,34,9038,4712,4326
050,49,049,"Utah","Utah County",5,35,8724,4494,4230
050,49,049,"Utah","Utah County",5,36,8160,4037,4123
050,49,049,"Utah","Utah County",5,37,8328,4162,4166
050,49,049,"Utah","Utah County",5,38,8522,4341,4181
050,49,049,"Utah","Utah County",5,39,8685,4474,4211
050,49,049,"Utah","Utah County",5,40,8991,4715,4276
050,49,049,"Utah","Utah County",5,41,9059,4650,4409
050,49,049,"Utah","Utah County",5,42,9038,4660,4378
050,49,049,"Utah","Utah County",5,43,9101,4702,4399
050,49,049,"Utah","Utah County",5,44,8894,4524,4370
050,49,049,"Utah","Utah County",5,45,8720,4435,4285
050,49,049,"Utah","Utah County",5,46,8245,4265,3980
050,49,049,"Utah","Utah County",5,47,7752,3956,3796
050,49,049,"Utah","Utah County",5,48,7344,3752,3592
050,49,049,"Utah","Utah County",5,49,6689,3424,3265
050,49,049,"Utah","Utah County",5,50,6387,3225,3162
050,49,049,"Utah","Utah County",5,51,6294,3233,3061
050,49,049,"Utah","Utah County",5,52,6301,3247,3054
050,49,049,"Utah","Utah County",5,53,5949,3005,2944
050,49,049,"Utah","Utah County",5,54,5635,2802,2833
050,49,049,"Utah","Utah County",5,55,5274,2712,2562
050,49,049,"Utah","Utah County",5,56,5150,2657,2493
050,49,049,"Utah","Utah County",5,57,4848,2486,2362
050,49,049,"Utah","Utah County",5,58,4748,2405,2343
050,49,049,"Utah","Utah County",5,59,4712,2363,2349
050,49,049,"Utah","Utah County",5,60,4803,2392,2411
050,49,049,"Utah","Utah County",5,61,4771,2407,2364
050,49,049,"Utah","Utah County",5,62,4597,2306,2291
050,49,049,"Utah","Utah County",5,63,4491,2203,2288
050,49,049,"Utah","Utah County",5,64,4483,2213,2270
050,49,049,"Utah","Utah County",5,65,4297,2097,2200
050,49,049,"Utah","Utah County",5,66,4165,2008,2157
050,49,049,"Utah","Utah County",5,67,3941,1892,2049
050,49,049,"Utah","Utah County",5,68,3793,1823,1970
050,49,049,"Utah","Utah County",5,69,3608,1750,1858
050,49,049,"Utah","Utah County",5,70,3403,1639,1764
050,49,049,"Utah","Utah County",5,71,3179,1533,1646
050,49,049,"Utah","Utah County",5,72,3027,1423,1604
050,49,049,"Utah","Utah County",5,73,2848,1350,1498
050,49,049,"Utah","Utah County",5,74,2784,1307,1477
050,49,049,"Utah","Utah County",5,75,2682,1240,1442
050,49,049,"Utah","Utah County",5,76,2745,1224,1521
050,49,049,"Utah","Utah County",5,77,1933,879,1054
050,49,049,"Utah","Utah County",5,78,1904,892,1012
050,49,049,"Utah","Utah County",5,79,1900,864,1036
050,49,049,"Utah","Utah County",5,80,1880,835,1045
050,49,049,"Utah","Utah County",5,81,1463,635,828
050,49,049,"Utah","Utah County",5,82,1247,566,681
050,49,049,"Utah","Utah County",5,83,1129,507,622
050,49,049,"Utah","Utah County",5,84,1006,422,584
050,49,049,"Utah","Utah County",5,85,5076,2100,2976
050,49,051,"Utah","Wasatch County",1,0,417,210,207
050,49,051,"Utah","Wasatch County",1,1,454,219,235
050,49,051,"Utah","Wasatch County",1,2,474,235,239
050,49,051,"Utah","Wasatch County",1,3,520,286,234
050,49,051,"Utah","Wasatch County",1,4,562,293,269
050,49,051,"Utah","Wasatch County",1,5,555,278,277
050,49,051,"Utah","Wasatch County",1,6,541,274,267
050,49,051,"Utah","Wasatch County",1,7,581,306,275
050,49,051,"Utah","Wasatch County",1,8,577,293,284
050,49,051,"Utah","Wasatch County",1,9,600,304,296
050,49,051,"Utah","Wasatch County",1,10,640,318,322
050,49,051,"Utah","Wasatch County",1,11,695,359,336
050,49,051,"Utah","Wasatch County",1,12,716,370,346
050,49,051,"Utah","Wasatch County",1,13,698,364,334
050,49,051,"Utah","Wasatch County",1,14,692,363,329
050,49,051,"Utah","Wasatch County",1,15,675,346,329
050,49,051,"Utah","Wasatch County",1,16,660,348,312
050,49,051,"Utah","Wasatch County",1,17,638,329,309
050,49,051,"Utah","Wasatch County",1,18,507,275,232
050,49,051,"Utah","Wasatch County",1,19,408,210,198
050,49,051,"Utah","Wasatch County",1,20,410,236,174
050,49,051,"Utah","Wasatch County",1,21,434,232,202
050,49,051,"Utah","Wasatch County",1,22,424,219,205
050,49,051,"Utah","Wasatch County",1,23,401,213,188
050,49,051,"Utah","Wasatch County",1,24,393,207,186
050,49,051,"Utah","Wasatch County",1,25,392,201,191
050,49,051,"Utah","Wasatch County",1,26,362,193,169
050,49,051,"Utah","Wasatch County",1,27,329,163,166
050,49,051,"Utah","Wasatch County",1,28,318,158,160
050,49,051,"Utah","Wasatch County",1,29,380,199,181
050,49,051,"Utah","Wasatch County",1,30,348,165,183
050,49,051,"Utah","Wasatch County",1,31,339,160,179
050,49,051,"Utah","Wasatch County",1,32,377,179,198
050,49,051,"Utah","Wasatch County",1,33,404,214,190
050,49,051,"Utah","Wasatch County",1,34,431,230,201
050,49,051,"Utah","Wasatch County",1,35,419,203,216
050,49,051,"Utah","Wasatch County",1,36,470,229,241
050,49,051,"Utah","Wasatch County",1,37,518,263,255
050,49,051,"Utah","Wasatch County",1,38,521,249,272
050,49,051,"Utah","Wasatch County",1,39,491,222,269
050,49,051,"Utah","Wasatch County",1,40,519,261,258
050,49,051,"Utah","Wasatch County",1,41,562,300,262
050,49,051,"Utah","Wasatch County",1,42,538,285,253
050,49,051,"Utah","Wasatch County",1,43,525,249,276
050,49,051,"Utah","Wasatch County",1,44,455,227,228
050,49,051,"Utah","Wasatch County",1,45,492,249,243
050,49,051,"Utah","Wasatch County",1,46,412,231,181
050,49,051,"Utah","Wasatch County",1,47,400,211,189
050,49,051,"Utah","Wasatch County",1,48,431,232,199
050,49,051,"Utah","Wasatch County",1,49,440,241,199
050,49,051,"Utah","Wasatch County",1,50,412,206,206
050,49,051,"Utah","Wasatch County",1,51,377,189,188
050,49,051,"Utah","Wasatch County",1,52,401,189,212
050,49,051,"Utah","Wasatch County",1,53,377,184,193
050,49,051,"Utah","Wasatch County",1,54,393,188,205
050,49,051,"Utah","Wasatch County",1,55,342,167,175
050,49,051,"Utah","Wasatch County",1,56,374,186,188
050,49,051,"Utah","Wasatch County",1,57,393,215,178
050,49,051,"Utah","Wasatch County",1,58,394,211,183
050,49,051,"Utah","Wasatch County",1,59,400,207,193
050,49,051,"Utah","Wasatch County",1,60,423,222,201
050,49,051,"Utah","Wasatch County",1,61,417,202,215
050,49,051,"Utah","Wasatch County",1,62,406,213,193
050,49,051,"Utah","Wasatch County",1,63,423,222,201
050,49,051,"Utah","Wasatch County",1,64,411,212,199
050,49,051,"Utah","Wasatch County",1,65,350,185,165
050,49,051,"Utah","Wasatch County",1,66,347,178,169
050,49,051,"Utah","Wasatch County",1,67,347,169,178
050,49,051,"Utah","Wasatch County",1,68,322,170,152
050,49,051,"Utah","Wasatch County",1,69,273,139,134
050,49,051,"Utah","Wasatch County",1,70,266,123,143
050,49,051,"Utah","Wasatch County",1,71,255,134,121
050,49,051,"Utah","Wasatch County",1,72,273,139,134
050,49,051,"Utah","Wasatch County",1,73,230,124,106
050,49,051,"Utah","Wasatch County",1,74,179,97,82
050,49,051,"Utah","Wasatch County",1,75,176,96,80
050,49,051,"Utah","Wasatch County",1,76,195,91,104
050,49,051,"Utah","Wasatch County",1,77,170,91,79
050,49,051,"Utah","Wasatch County",1,78,127,67,60
050,49,051,"Utah","Wasatch County",1,79,112,59,53
050,49,051,"Utah","Wasatch County",1,80,99,51,48
050,49,051,"Utah","Wasatch County",1,81,74,37,37
050,49,051,"Utah","Wasatch County",1,82,71,35,36
050,49,051,"Utah","Wasatch County",1,83,70,31,39
050,49,051,"Utah","Wasatch County",1,84,69,27,42
050,49,051,"Utah","Wasatch County",1,85,289,125,164
050,49,051,"Utah","Wasatch County",2,0,418,213,205
050,49,051,"Utah","Wasatch County",2,1,449,219,230
050,49,051,"Utah","Wasatch County",2,2,472,233,239
050,49,051,"Utah","Wasatch County",2,3,510,273,237
050,49,051,"Utah","Wasatch County",2,4,559,293,266
050,49,051,"Utah","Wasatch County",2,5,563,287,276
050,49,051,"Utah","Wasatch County",2,6,548,279,269
050,49,051,"Utah","Wasatch County",2,7,576,302,274
050,49,051,"Utah","Wasatch County",2,8,581,297,284
050,49,051,"Utah","Wasatch County",2,9,597,301,296
050,49,051,"Utah","Wasatch County",2,10,632,314,318
050,49,051,"Utah","Wasatch County",2,11,679,346,333
050,49,051,"Utah","Wasatch County",2,12,717,369,348
050,49,051,"Utah","Wasatch County",2,13,705,369,336
050,49,051,"Utah","Wasatch County",2,14,696,364,332
050,49,051,"Utah","Wasatch County",2,15,682,354,328
050,49,051,"Utah","Wasatch County",2,16,667,350,317
050,49,051,"Utah","Wasatch County",2,17,644,335,309
050,49,051,"Utah","Wasatch County",2,18,516,276,240
050,49,051,"Utah","Wasatch County",2,19,414,217,197
050,49,051,"Utah","Wasatch County",2,20,419,236,183
050,49,051,"Utah","Wasatch County",2,21,432,235,197
050,49,051,"Utah","Wasatch County",2,22,431,223,208
050,49,051,"Utah","Wasatch County",2,23,408,214,194
050,49,051,"Utah","Wasatch County",2,24,401,210,191
050,49,051,"Utah","Wasatch County",2,25,398,206,192
050,49,051,"Utah","Wasatch County",2,26,374,198,176
050,49,051,"Utah","Wasatch County",2,27,342,171,171
050,49,051,"Utah","Wasatch County",2,28,325,163,162
050,49,051,"Utah","Wasatch County",2,29,364,189,175
050,49,051,"Utah","Wasatch County",2,30,357,173,184
050,49,051,"Utah","Wasatch County",2,31,345,163,182
050,49,051,"Utah","Wasatch County",2,32,373,177,196
050,49,051,"Utah","Wasatch County",2,33,402,208,194
050,49,051,"Utah","Wasatch County",2,34,428,227,201
050,49,051,"Utah","Wasatch County",2,35,429,212,217
050,49,051,"Utah","Wasatch County",2,36,461,227,234
050,49,051,"Utah","Wasatch County",2,37,512,259,253
050,49,051,"Utah","Wasatch County",2,38,524,254,270
050,49,051,"Utah","Wasatch County",2,39,500,229,271
050,49,051,"Utah","Wasatch County",2,40,521,257,264
050,49,051,"Utah","Wasatch County",2,41,551,291,260
050,49,051,"Utah","Wasatch County",2,42,546,290,256
050,49,051,"Utah","Wasatch County",2,43,530,258,272
050,49,051,"Utah","Wasatch County",2,44,467,230,237
050,49,051,"Utah","Wasatch County",2,45,488,246,242
050,49,051,"Utah","Wasatch County",2,46,428,231,197
050,49,051,"Utah","Wasatch County",2,47,403,215,188
050,49,051,"Utah","Wasatch County",2,48,427,230,197
050,49,051,"Utah","Wasatch County",2,49,442,241,201
050,49,051,"Utah","Wasatch County",2,50,426,217,209
050,49,051,"Utah","Wasatch County",2,51,393,197,196
050,49,051,"Utah","Wasatch County",2,52,396,189,207
050,49,051,"Utah","Wasatch County",2,53,388,189,199
050,49,051,"Utah","Wasatch County",2,54,390,189,201
050,49,051,"Utah","Wasatch County",2,55,356,173,183
050,49,051,"Utah","Wasatch County",2,56,373,187,186
050,49,051,"Utah","Wasatch County",2,57,394,212,182
050,49,051,"Utah","Wasatch County",2,58,397,215,182
050,49,051,"Utah","Wasatch County",2,59,402,209,193
050,49,051,"Utah","Wasatch County",2,60,417,216,201
050,49,051,"Utah","Wasatch County",2,61,422,207,215
050,49,051,"Utah","Wasatch County",2,62,415,214,201
050,49,051,"Utah","Wasatch County",2,63,432,228,204
050,49,051,"Utah","Wasatch County",2,64,412,214,198
050,49,051,"Utah","Wasatch County",2,65,368,193,175
050,49,051,"Utah","Wasatch County",2,66,351,181,170
050,49,051,"Utah","Wasatch County",2,67,349,173,176
050,49,051,"Utah","Wasatch County",2,68,329,173,156
050,49,051,"Utah","Wasatch County",2,69,287,146,141
050,49,051,"Utah","Wasatch County",2,70,267,126,141
050,49,051,"Utah","Wasatch County",2,71,262,132,130
050,49,051,"Utah","Wasatch County",2,72,265,137,128
050,49,051,"Utah","Wasatch County",2,73,251,134,117
050,49,051,"Utah","Wasatch County",2,74,179,98,81
050,49,051,"Utah","Wasatch County",2,75,178,98,80
050,49,051,"Utah","Wasatch County",2,76,188,91,97
050,49,051,"Utah","Wasatch County",2,77,177,92,85
050,49,051,"Utah","Wasatch County",2,78,133,70,63
050,49,051,"Utah","Wasatch County",2,79,116,60,56
050,49,051,"Utah","Wasatch County",2,80,100,52,48
050,49,051,"Utah","Wasatch County",2,81,77,39,38
050,49,051,"Utah","Wasatch County",2,82,75,36,39
050,49,051,"Utah","Wasatch County",2,83,67,31,36
050,49,051,"Utah","Wasatch County",2,84,70,27,43
050,49,051,"Utah","Wasatch County",2,85,300,129,171
050,49,051,"Utah","Wasatch County",3,0,387,199,188
050,49,051,"Utah","Wasatch County",3,1,427,222,205
050,49,051,"Utah","Wasatch County",3,2,467,222,245
050,49,051,"Utah","Wasatch County",3,3,474,234,240
050,49,051,"Utah","Wasatch County",3,4,530,285,245
050,49,051,"Utah","Wasatch County",3,5,581,303,278
050,49,051,"Utah","Wasatch County",3,6,583,304,279
050,49,051,"Utah","Wasatch County",3,7,576,294,282
050,49,051,"Utah","Wasatch County",3,8,601,313,288
050,49,051,"Utah","Wasatch County",3,9,605,313,292
050,49,051,"Utah","Wasatch County",3,10,627,318,309
050,49,051,"Utah","Wasatch County",3,11,657,332,325
050,49,051,"Utah","Wasatch County",3,12,707,357,350
050,49,051,"Utah","Wasatch County",3,13,738,385,353
050,49,051,"Utah","Wasatch County",3,14,714,371,343
050,49,051,"Utah","Wasatch County",3,15,707,364,343
050,49,051,"Utah","Wasatch County",3,16,683,354,329
050,49,051,"Utah","Wasatch County",3,17,662,338,324
050,49,051,"Utah","Wasatch County",3,18,588,323,265
050,49,051,"Utah","Wasatch County",3,19,424,228,196
050,49,051,"Utah","Wasatch County",3,20,457,232,225
050,49,051,"Utah","Wasatch County",3,21,442,243,199
050,49,051,"Utah","Wasatch County",3,22,440,244,196
050,49,051,"Utah","Wasatch County",3,23,427,223,204
050,49,051,"Utah","Wasatch County",3,24,403,213,190
050,49,051,"Utah","Wasatch County",3,25,382,206,176
050,49,051,"Utah","Wasatch County",3,26,375,197,178
050,49,051,"Utah","Wasatch County",3,27,393,209,184
050,49,051,"Utah","Wasatch County",3,28,340,172,168
050,49,051,"Utah","Wasatch County",3,29,393,196,197
050,49,051,"Utah","Wasatch County",3,30,390,202,188
050,49,051,"Utah","Wasatch County",3,31,398,198,200
050,49,051,"Utah","Wasatch County",3,32,372,180,192
050,49,051,"Utah","Wasatch County",3,33,395,194,201
050,49,051,"Utah","Wasatch County",3,34,426,221,205
050,49,051,"Utah","Wasatch County",3,35,449,238,211
050,49,051,"Utah","Wasatch County",3,36,458,232,226
050,49,051,"Utah","Wasatch County",3,37,484,245,239
050,49,051,"Utah","Wasatch County",3,38,544,275,269
050,49,051,"Utah","Wasatch County",3,39,543,260,283
050,49,051,"Utah","Wasatch County",3,40,504,235,269
050,49,051,"Utah","Wasatch County",3,41,542,272,270
050,49,051,"Utah","Wasatch County",3,42,556,298,258
050,49,051,"Utah","Wasatch County",3,43,567,300,267
050,49,051,"Utah","Wasatch County",3,44,530,258,272
050,49,051,"Utah","Wasatch County",3,45,476,239,237
050,49,051,"Utah","Wasatch County",3,46,502,256,246
050,49,051,"Utah","Wasatch County",3,47,441,244,197
050,49,051,"Utah","Wasatch County",3,48,424,224,200
050,49,051,"Utah","Wasatch County",3,49,431,230,201
050,49,051,"Utah","Wasatch County",3,50,450,243,207
050,49,051,"Utah","Wasatch County",3,51,456,241,215
050,49,051,"Utah","Wasatch County",3,52,398,191,207
050,49,051,"Utah","Wasatch County",3,53,400,191,209
050,49,051,"Utah","Wasatch County",3,54,402,202,200
050,49,051,"Utah","Wasatch County",3,55,394,189,205
050,49,051,"Utah","Wasatch County",3,56,367,173,194
050,49,051,"Utah","Wasatch County",3,57,402,202,200
050,49,051,"Utah","Wasatch County",3,58,415,212,203
050,49,051,"Utah","Wasatch County",3,59,426,224,202
050,49,051,"Utah","Wasatch County",3,60,417,223,194
050,49,051,"Utah","Wasatch County",3,61,432,218,214
050,49,051,"Utah","Wasatch County",3,62,453,226,227
050,49,051,"Utah","Wasatch County",3,63,449,243,206
050,49,051,"Utah","Wasatch County",3,64,426,227,199
050,49,051,"Utah","Wasatch County",3,65,419,218,201
050,49,051,"Utah","Wasatch County",3,66,366,185,181
050,49,051,"Utah","Wasatch County",3,67,354,177,177
050,49,051,"Utah","Wasatch County",3,68,342,175,167
050,49,051,"Utah","Wasatch County",3,69,329,171,158
050,49,051,"Utah","Wasatch County",3,70,287,148,139
050,49,051,"Utah","Wasatch County",3,71,275,127,148
050,49,051,"Utah","Wasatch County",3,72,267,140,127
050,49,051,"Utah","Wasatch County",3,73,261,135,126
050,49,051,"Utah","Wasatch County",3,74,247,128,119
050,49,051,"Utah","Wasatch County",3,75,187,104,83
050,49,051,"Utah","Wasatch County",3,76,186,95,91
050,49,051,"Utah","Wasatch County",3,77,176,90,86
050,49,051,"Utah","Wasatch County",3,78,176,87,89
050,49,051,"Utah","Wasatch County",3,79,137,71,66
050,49,051,"Utah","Wasatch County",3,80,97,52,45
050,49,051,"Utah","Wasatch County",3,81,100,50,50
050,49,051,"Utah","Wasatch County",3,82,77,37,40
050,49,051,"Utah","Wasatch County",3,83,71,36,35
050,49,051,"Utah","Wasatch County",3,84,71,26,45
050,49,051,"Utah","Wasatch County",3,85,312,134,178
050,49,051,"Utah","Wasatch County",4,0,383,181,202
050,49,051,"Utah","Wasatch County",4,1,391,192,199
050,49,051,"Utah","Wasatch County",4,2,425,215,210
050,49,051,"Utah","Wasatch County",4,3,454,211,243
050,49,051,"Utah","Wasatch County",4,4,481,239,242
050,49,051,"Utah","Wasatch County",4,5,530,288,242
050,49,051,"Utah","Wasatch County",4,6,594,311,283
050,49,051,"Utah","Wasatch County",4,7,577,304,273
050,49,051,"Utah","Wasatch County",4,8,600,306,294
050,49,051,"Utah","Wasatch County",4,9,624,325,299
050,49,051,"Utah","Wasatch County",4,10,587,308,279
050,49,051,"Utah","Wasatch County",4,11,639,331,308
050,49,051,"Utah","Wasatch County",4,12,673,338,335
050,49,051,"Utah","Wasatch County",4,13,728,377,351
050,49,051,"Utah","Wasatch County",4,14,742,385,357
050,49,051,"Utah","Wasatch County",4,15,720,376,344
050,49,051,"Utah","Wasatch County",4,16,703,360,343
050,49,051,"Utah","Wasatch County",4,17,665,348,317
050,49,051,"Utah","Wasatch County",4,18,558,297,261
050,49,051,"Utah","Wasatch County",4,19,483,265,218
050,49,051,"Utah","Wasatch County",4,20,440,229,211
050,49,051,"Utah","Wasatch County",4,21,458,238,220
050,49,051,"Utah","Wasatch County",4,22,455,243,212
050,49,051,"Utah","Wasatch County",4,23,444,255,189
050,49,051,"Utah","Wasatch County",4,24,438,240,198
050,49,051,"Utah","Wasatch County",4,25,382,202,180
050,49,051,"Utah","Wasatch County",4,26,371,187,184
050,49,051,"Utah","Wasatch County",4,27,368,193,175
050,49,051,"Utah","Wasatch County",4,28,389,211,178
050,49,051,"Utah","Wasatch County",4,29,345,169,176
050,49,051,"Utah","Wasatch County",4,30,374,188,186
050,49,051,"Utah","Wasatch County",4,31,395,208,187
050,49,051,"Utah","Wasatch County",4,32,410,205,205
050,49,051,"Utah","Wasatch County",4,33,342,181,161
050,49,051,"Utah","Wasatch County",4,34,400,199,201
050,49,051,"Utah","Wasatch County",4,35,461,240,221
050,49,051,"Utah","Wasatch County",4,36,465,242,223
050,49,051,"Utah","Wasatch County",4,37,449,213,236
050,49,051,"Utah","Wasatch County",4,38,484,237,247
050,49,051,"Utah","Wasatch County",4,39,534,268,266
050,49,051,"Utah","Wasatch County",4,40,548,255,293
050,49,051,"Utah","Wasatch County",4,41,524,251,273
050,49,051,"Utah","Wasatch County",4,42,561,292,269
050,49,051,"Utah","Wasatch County",4,43,552,299,253
050,49,051,"Utah","Wasatch County",4,44,574,303,271
050,49,051,"Utah","Wasatch County",4,45,555,284,271
050,49,051,"Utah","Wasatch County",4,46,475,238,237
050,49,051,"Utah","Wasatch County",4,47,488,238,250
050,49,051,"Utah","Wasatch County",4,48,443,247,196
050,49,051,"Utah","Wasatch County",4,49,429,229,200
050,49,051,"Utah","Wasatch County",4,50,425,229,196
050,49,051,"Utah","Wasatch County",4,51,468,256,212
050,49,051,"Utah","Wasatch County",4,52,474,244,230
050,49,051,"Utah","Wasatch County",4,53,391,194,197
050,49,051,"Utah","Wasatch County",4,54,394,190,204
050,49,051,"Utah","Wasatch County",4,55,409,200,209
050,49,051,"Utah","Wasatch County",4,56,395,191,204
050,49,051,"Utah","Wasatch County",4,57,392,187,205
050,49,051,"Utah","Wasatch County",4,58,420,215,205
050,49,051,"Utah","Wasatch County",4,59,448,220,228
050,49,051,"Utah","Wasatch County",4,60,435,236,199
050,49,051,"Utah","Wasatch County",4,61,426,229,197
050,49,051,"Utah","Wasatch County",4,62,429,218,211
050,49,051,"Utah","Wasatch County",4,63,459,236,223
050,49,051,"Utah","Wasatch County",4,64,442,233,209
050,49,051,"Utah","Wasatch County",4,65,413,220,193
050,49,051,"Utah","Wasatch County",4,66,422,213,209
050,49,051,"Utah","Wasatch County",4,67,371,186,185
050,49,051,"Utah","Wasatch County",4,68,363,187,176
050,49,051,"Utah","Wasatch County",4,69,347,177,170
050,49,051,"Utah","Wasatch County",4,70,347,179,168
050,49,051,"Utah","Wasatch County",4,71,292,149,143
050,49,051,"Utah","Wasatch County",4,72,269,123,146
050,49,051,"Utah","Wasatch County",4,73,253,132,121
050,49,051,"Utah","Wasatch County",4,74,250,125,125
050,49,051,"Utah","Wasatch County",4,75,250,133,117
050,49,051,"Utah","Wasatch County",4,76,189,101,88
050,49,051,"Utah","Wasatch County",4,77,178,90,88
050,49,051,"Utah","Wasatch County",4,78,174,88,86
050,49,051,"Utah","Wasatch County",4,79,177,83,94
050,49,051,"Utah","Wasatch County",4,80,129,68,61
050,49,051,"Utah","Wasatch County",4,81,97,51,46
050,49,051,"Utah","Wasatch County",4,82,96,46,50
050,49,051,"Utah","Wasatch County",4,83,67,35,32
050,49,051,"Utah","Wasatch County",4,84,73,32,41
050,49,051,"Utah","Wasatch County",4,85,323,139,184
050,49,051,"Utah","Wasatch County",5,0,386,181,205
050,49,051,"Utah","Wasatch County",5,1,382,182,200
050,49,051,"Utah","Wasatch County",5,2,397,189,208
050,49,051,"Utah","Wasatch County",5,3,433,223,210
050,49,051,"Utah","Wasatch County",5,4,453,210,243
050,49,051,"Utah","Wasatch County",5,5,497,238,259
050,49,051,"Utah","Wasatch County",5,6,539,288,251
050,49,051,"Utah","Wasatch County",5,7,590,322,268
050,49,051,"Utah","Wasatch County",5,8,595,316,279
050,49,051,"Utah","Wasatch County",5,9,617,318,299
050,49,051,"Utah","Wasatch County",5,10,638,334,304
050,49,051,"Utah","Wasatch County",5,11,595,307,288
050,49,051,"Utah","Wasatch County",5,12,665,338,327
050,49,051,"Utah","Wasatch County",5,13,693,342,351
050,49,051,"Utah","Wasatch County",5,14,725,373,352
050,49,051,"Utah","Wasatch County",5,15,764,391,373
050,49,051,"Utah","Wasatch County",5,16,727,390,337
050,49,051,"Utah","Wasatch County",5,17,700,359,341
050,49,051,"Utah","Wasatch County",5,18,584,317,267
050,49,051,"Utah","Wasatch County",5,19,456,255,201
050,49,051,"Utah","Wasatch County",5,20,512,273,239
050,49,051,"Utah","Wasatch County",5,21,461,237,224
050,49,051,"Utah","Wasatch County",5,22,485,252,233
050,49,051,"Utah","Wasatch County",5,23,449,234,215
050,49,051,"Utah","Wasatch County",5,24,430,240,190
050,49,051,"Utah","Wasatch County",5,25,432,234,198
050,49,051,"Utah","Wasatch County",5,26,406,232,174
050,49,051,"Utah","Wasatch County",5,27,375,187,188
050,49,051,"Utah","Wasatch County",5,28,344,177,167
050,49,051,"Utah","Wasatch County",5,29,392,209,183
050,49,051,"Utah","Wasatch County",5,30,342,160,182
050,49,051,"Utah","Wasatch County",5,31,379,197,182
050,49,051,"Utah","Wasatch County",5,32,409,218,191
050,49,051,"Utah","Wasatch County",5,33,424,207,217
050,49,051,"Utah","Wasatch County",5,34,354,190,164
050,49,051,"Utah","Wasatch County",5,35,407,213,194
050,49,051,"Utah","Wasatch County",5,36,459,232,227
050,49,051,"Utah","Wasatch County",5,37,463,232,231
050,49,051,"Utah","Wasatch County",5,38,452,226,226
050,49,051,"Utah","Wasatch County",5,39,490,237,253
050,49,051,"Utah","Wasatch County",5,40,529,261,268
050,49,051,"Utah","Wasatch County",5,41,543,258,285
050,49,051,"Utah","Wasatch County",5,42,552,276,276
050,49,051,"Utah","Wasatch County",5,43,567,294,273
050,49,051,"Utah","Wasatch County",5,44,559,293,266
050,49,051,"Utah","Wasatch County",5,45,588,314,274
050,49,051,"Utah","Wasatch County",5,46,556,285,271
050,49,051,"Utah","Wasatch County",5,47,494,251,243
050,49,051,"Utah","Wasatch County",5,48,499,243,256
050,49,051,"Utah","Wasatch County",5,49,444,252,192
050,49,051,"Utah","Wasatch County",5,50,438,229,209
050,49,051,"Utah","Wasatch County",5,51,435,240,195
050,49,051,"Utah","Wasatch County",5,52,491,269,222
050,49,051,"Utah","Wasatch County",5,53,470,243,227
050,49,051,"Utah","Wasatch County",5,54,397,193,204
050,49,051,"Utah","Wasatch County",5,55,403,194,209
050,49,051,"Utah","Wasatch County",5,56,416,199,217
050,49,051,"Utah","Wasatch County",5,57,409,200,209
050,49,051,"Utah","Wasatch County",5,58,389,188,201
050,49,051,"Utah","Wasatch County",5,59,431,213,218
050,49,051,"Utah","Wasatch County",5,60,451,228,223
050,49,051,"Utah","Wasatch County",5,61,432,240,192
050,49,051,"Utah","Wasatch County",5,62,439,240,199
050,49,051,"Utah","Wasatch County",5,63,448,224,224
050,49,051,"Utah","Wasatch County",5,64,456,224,232
050,49,051,"Utah","Wasatch County",5,65,437,231,206
050,49,051,"Utah","Wasatch County",5,66,420,219,201
050,49,051,"Utah","Wasatch County",5,67,413,216,197
050,49,051,"Utah","Wasatch County",5,68,372,192,180
050,49,051,"Utah","Wasatch County",5,69,365,188,177
050,49,051,"Utah","Wasatch County",5,70,341,173,168
050,49,051,"Utah","Wasatch County",5,71,346,173,173
050,49,051,"Utah","Wasatch County",5,72,290,149,141
050,49,051,"Utah","Wasatch County",5,73,256,115,141
050,49,051,"Utah","Wasatch County",5,74,251,128,123
050,49,051,"Utah","Wasatch County",5,75,250,125,125
050,49,051,"Utah","Wasatch County",5,76,250,131,119
050,49,051,"Utah","Wasatch County",5,77,182,102,80
050,49,051,"Utah","Wasatch County",5,78,172,90,82
050,49,051,"Utah","Wasatch County",5,79,176,80,96
050,49,051,"Utah","Wasatch County",5,80,164,80,84
050,49,051,"Utah","Wasatch County",5,81,127,67,60
050,49,051,"Utah","Wasatch County",5,82,96,47,49
050,49,051,"Utah","Wasatch County",5,83,85,44,41
050,49,051,"Utah","Wasatch County",5,84,72,34,38
050,49,051,"Utah","Wasatch County",5,85,342,150,192
050,49,053,"Utah","Washington County",1,0,2159,1109,1050
050,49,053,"Utah","Washington County",1,1,2206,1131,1075
050,49,053,"Utah","Washington County",1,2,2194,1117,1077
050,49,053,"Utah","Washington County",1,3,2332,1210,1122
050,49,053,"Utah","Washington County",1,4,2332,1172,1160
050,49,053,"Utah","Washington County",1,5,2449,1243,1206
050,49,053,"Utah","Washington County",1,6,2420,1258,1162
050,49,053,"Utah","Washington County",1,7,2375,1226,1149
050,49,053,"Utah","Washington County",1,8,2485,1289,1196
050,49,053,"Utah","Washington County",1,9,2627,1391,1236
050,49,053,"Utah","Washington County",1,10,2659,1380,1279
050,49,053,"Utah","Washington County",1,11,2798,1461,1337
050,49,053,"Utah","Washington County",1,12,2879,1478,1401
050,49,053,"Utah","Washington County",1,13,2848,1493,1355
050,49,053,"Utah","Washington County",1,14,2829,1485,1344
050,49,053,"Utah","Washington County",1,15,2699,1430,1269
050,49,053,"Utah","Washington County",1,16,2746,1407,1339
050,49,053,"Utah","Washington County",1,17,2649,1351,1298
050,49,053,"Utah","Washington County",1,18,2499,1279,1220
050,49,053,"Utah","Washington County",1,19,2273,1135,1138
050,49,053,"Utah","Washington County",1,20,2206,1103,1103
050,49,053,"Utah","Washington County",1,21,2303,1173,1130
050,49,053,"Utah","Washington County",1,22,2327,1202,1125
050,49,053,"Utah","Washington County",1,23,2246,1181,1065
050,49,053,"Utah","Washington County",1,24,2186,1128,1058
050,49,053,"Utah","Washington County",1,25,2125,1099,1026
050,49,053,"Utah","Washington County",1,26,2072,1081,991
050,49,053,"Utah","Washington County",1,27,2099,1048,1051
050,49,053,"Utah","Washington County",1,28,2147,1079,1068
050,49,053,"Utah","Washington County",1,29,2051,997,1054
050,49,053,"Utah","Washington County",1,30,2026,977,1049
050,49,053,"Utah","Washington County",1,31,1912,936,976
050,49,053,"Utah","Washington County",1,32,1914,974,940
050,49,053,"Utah","Washington County",1,33,1982,999,983
050,49,053,"Utah","Washington County",1,34,2028,977,1051
050,49,053,"Utah","Washington County",1,35,2092,1024,1068
050,49,053,"Utah","Washington County",1,36,2106,1020,1086
050,49,053,"Utah","Washington County",1,37,2327,1174,1153
050,49,053,"Utah","Washington County",1,38,2324,1178,1146
050,49,053,"Utah","Washington County",1,39,2359,1186,1173
050,49,053,"Utah","Washington County",1,40,2248,1140,1108
050,49,053,"Utah","Washington County",1,41,2161,1120,1041
050,49,053,"Utah","Washington County",1,42,2166,1094,1072
050,49,053,"Utah","Washington County",1,43,2073,1085,988
050,49,053,"Utah","Washington County",1,44,1954,991,963
050,49,053,"Utah","Washington County",1,45,1856,927,929
050,49,053,"Utah","Washington County",1,46,1796,897,899
050,49,053,"Utah","Washington County",1,47,1730,859,871
050,49,053,"Utah","Washington County",1,48,1781,899,882
050,49,053,"Utah","Washington County",1,49,1870,944,926
050,49,053,"Utah","Washington County",1,50,1752,901,851
050,49,053,"Utah","Washington County",1,51,1715,854,861
050,49,053,"Utah","Washington County",1,52,1663,808,855
050,49,053,"Utah","Washington County",1,53,1621,829,792
050,49,053,"Utah","Washington County",1,54,1594,772,822
050,49,053,"Utah","Washington County",1,55,1661,782,879
050,49,053,"Utah","Washington County",1,56,1748,824,924
050,49,053,"Utah","Washington County",1,57,1809,871,938
050,49,053,"Utah","Washington County",1,58,1867,866,1001
050,49,053,"Utah","Washington County",1,59,1877,860,1017
050,49,053,"Utah","Washington County",1,60,1982,853,1129
050,49,053,"Utah","Washington County",1,61,2099,962,1137
050,49,053,"Utah","Washington County",1,62,2113,995,1118
050,49,053,"Utah","Washington County",1,63,2076,969,1107
050,49,053,"Utah","Washington County",1,64,2209,1028,1181
050,49,053,"Utah","Washington County",1,65,2340,1095,1245
050,49,053,"Utah","Washington County",1,66,2292,1091,1201
050,49,053,"Utah","Washington County",1,67,2310,1079,1231
050,49,053,"Utah","Washington County",1,68,2409,1125,1284
050,49,053,"Utah","Washington County",1,69,2217,1061,1156
050,49,053,"Utah","Washington County",1,70,2246,1069,1177
050,49,053,"Utah","Washington County",1,71,2301,1121,1180
050,49,053,"Utah","Washington County",1,72,2332,1172,1160
050,49,053,"Utah","Washington County",1,73,2274,1129,1145
050,49,053,"Utah","Washington County",1,74,1595,758,837
050,49,053,"Utah","Washington County",1,75,1696,777,919
050,49,053,"Utah","Washington County",1,76,1771,853,918
050,49,053,"Utah","Washington County",1,77,1723,854,869
050,49,053,"Utah","Washington County",1,78,1453,733,720
050,49,053,"Utah","Washington County",1,79,1328,663,665
050,49,053,"Utah","Washington County",1,80,1188,569,619
050,49,053,"Utah","Washington County",1,81,1131,561,570
050,49,053,"Utah","Washington County",1,82,1027,517,510
050,49,053,"Utah","Washington County",1,83,890,449,441
050,49,053,"Utah","Washington County",1,84,820,426,394
050,49,053,"Utah","Washington County",1,85,4221,2009,2212
050,49,053,"Utah","Washington County",2,0,2173,1110,1063
050,49,053,"Utah","Washington County",2,1,2203,1131,1072
050,49,053,"Utah","Washington County",2,2,2219,1129,1090
050,49,053,"Utah","Washington County",2,3,2306,1187,1119
050,49,053,"Utah","Washington County",2,4,2357,1194,1163
050,49,053,"Utah","Washington County",2,5,2431,1233,1198
050,49,053,"Utah","Washington County",2,6,2449,1265,1184
050,49,053,"Utah","Washington County",2,7,2405,1239,1166
050,49,053,"Utah","Washington County",2,8,2467,1276,1191
050,49,053,"Utah","Washington County",2,9,2611,1372,1239
050,49,053,"Utah","Washington County",2,10,2679,1397,1282
050,49,053,"Utah","Washington County",2,11,2775,1446,1329
050,49,053,"Utah","Washington County",2,12,2895,1493,1402
050,49,053,"Utah","Washington County",2,13,2880,1503,1377
050,49,053,"Utah","Washington County",2,14,2849,1494,1355
050,49,053,"Utah","Washington County",2,15,2750,1455,1295
050,49,053,"Utah","Washington County",2,16,2759,1429,1330
050,49,053,"Utah","Washington County",2,17,2699,1373,1326
050,49,053,"Utah","Washington County",2,18,2529,1295,1234
050,49,053,"Utah","Washington County",2,19,2295,1141,1154
050,49,053,"Utah","Washington County",2,20,2233,1119,1114
050,49,053,"Utah","Washington County",2,21,2310,1180,1130
050,49,053,"Utah","Washington County",2,22,2372,1220,1152
050,49,053,"Utah","Washington County",2,23,2271,1185,1086
050,49,053,"Utah","Washington County",2,24,2215,1151,1064
050,49,053,"Utah","Washington County",2,25,2157,1115,1042
050,49,053,"Utah","Washington County",2,26,2101,1092,1009
050,49,053,"Utah","Washington County",2,27,2098,1060,1038
050,49,053,"Utah","Washington County",2,28,2139,1074,1065
050,49,053,"Utah","Washington County",2,29,2090,1019,1071
050,49,053,"Utah","Washington County",2,30,2057,996,1061
050,49,053,"Utah","Washington County",2,31,1940,949,991
050,49,053,"Utah","Washington County",2,32,1923,965,958
050,49,053,"Utah","Washington County",2,33,1980,1002,978
050,49,053,"Utah","Washington County",2,34,2027,990,1037
050,49,053,"Utah","Washington County",2,35,2102,1022,1080
050,49,053,"Utah","Washington County",2,36,2109,1021,1088
050,49,053,"Utah","Washington County",2,37,2295,1149,1146
050,49,053,"Utah","Washington County",2,38,2346,1188,1158
050,49,053,"Utah","Washington County",2,39,2372,1191,1181
050,49,053,"Utah","Washington County",2,40,2302,1165,1137
050,49,053,"Utah","Washington County",2,41,2206,1140,1066
050,49,053,"Utah","Washington County",2,42,2176,1107,1069
050,49,053,"Utah","Washington County",2,43,2128,1106,1022
050,49,053,"Utah","Washington County",2,44,1977,1009,968
050,49,053,"Utah","Washington County",2,45,1903,953,950
050,49,053,"Utah","Washington County",2,46,1824,908,916
050,49,053,"Utah","Washington County",2,47,1759,876,883
050,49,053,"Utah","Washington County",2,48,1786,896,890
050,49,053,"Utah","Washington County",2,49,1872,949,923
050,49,053,"Utah","Washington County",2,50,1809,927,882
050,49,053,"Utah","Washington County",2,51,1734,865,869
050,49,053,"Utah","Washington County",2,52,1687,822,865
050,49,053,"Utah","Washington County",2,53,1653,837,816
050,49,053,"Utah","Washington County",2,54,1621,800,821
050,49,053,"Utah","Washington County",2,55,1659,783,876
050,49,053,"Utah","Washington County",2,56,1752,827,925
050,49,053,"Utah","Washington County",2,57,1819,865,954
050,49,053,"Utah","Washington County",2,58,1875,876,999
050,49,053,"Utah","Washington County",2,59,1904,871,1033
050,49,053,"Utah","Washington County",2,60,1975,861,1114
050,49,053,"Utah","Washington County",2,61,2096,949,1147
050,49,053,"Utah","Washington County",2,62,2135,1001,1134
050,49,053,"Utah","Washington County",2,63,2143,1004,1139
050,49,053,"Utah","Washington County",2,64,2206,1027,1179
050,49,053,"Utah","Washington County",2,65,2341,1095,1246
050,49,053,"Utah","Washington County",2,66,2336,1103,1233
050,49,053,"Utah","Washington County",2,67,2337,1095,1242
050,49,053,"Utah","Washington County",2,68,2393,1124,1269
050,49,053,"Utah","Washington County",2,69,2305,1098,1207
050,49,053,"Utah","Washington County",2,70,2261,1079,1182
050,49,053,"Utah","Washington County",2,71,2312,1122,1190
050,49,053,"Utah","Washington County",2,72,2305,1150,1155
050,49,053,"Utah","Washington County",2,73,2415,1199,1216
050,49,053,"Utah","Washington County",2,74,1659,798,861
050,49,053,"Utah","Washington County",2,75,1687,783,904
050,49,053,"Utah","Washington County",2,76,1748,834,914
050,49,053,"Utah","Washington County",2,77,1787,878,909
050,49,053,"Utah","Washington County",2,78,1495,751,744
050,49,053,"Utah","Washington County",2,79,1353,678,675
050,49,053,"Utah","Washington County",2,80,1224,596,628
050,49,053,"Utah","Washington County",2,81,1132,559,573
050,49,053,"Utah","Washington County",2,82,1049,527,522
050,49,053,"Utah","Washington County",2,83,904,455,449
050,49,053,"Utah","Washington County",2,84,817,413,404
050,49,053,"Utah","Washington County",2,85,4286,2050,2236
050,49,053,"Utah","Washington County",3,0,2251,1148,1103
050,49,053,"Utah","Washington County",3,1,2278,1166,1112
050,49,053,"Utah","Washington County",3,2,2312,1202,1110
050,49,053,"Utah","Washington County",3,3,2331,1198,1133
050,49,053,"Utah","Washington County",3,4,2413,1235,1178
050,49,053,"Utah","Washington County",3,5,2482,1262,1220
050,49,053,"Utah","Washington County",3,6,2547,1292,1255
050,49,053,"Utah","Washington County",3,7,2626,1348,1278
050,49,053,"Utah","Washington County",3,8,2530,1321,1209
050,49,053,"Utah","Washington County",3,9,2586,1327,1259
050,49,053,"Utah","Washington County",3,10,2745,1464,1281
050,49,053,"Utah","Washington County",3,11,2820,1478,1342
050,49,053,"Utah","Washington County",3,12,2912,1502,1410
050,49,053,"Utah","Washington County",3,13,3041,1586,1455
050,49,053,"Utah","Washington County",3,14,3034,1571,1463
050,49,053,"Utah","Washington County",3,15,2977,1547,1430
050,49,053,"Utah","Washington County",3,16,2892,1517,1375
050,49,053,"Utah","Washington County",3,17,2885,1486,1399
050,49,053,"Utah","Washington County",3,18,2675,1374,1301
050,49,053,"Utah","Washington County",3,19,2466,1219,1247
050,49,053,"Utah","Washington County",3,20,2323,1167,1156
050,49,053,"Utah","Washington County",3,21,2488,1247,1241
050,49,053,"Utah","Washington County",3,22,2572,1275,1297
050,49,053,"Utah","Washington County",3,23,2564,1303,1261
050,49,053,"Utah","Washington County",3,24,2438,1298,1140
050,49,053,"Utah","Washington County",3,25,2315,1200,1115
050,49,053,"Utah","Washington County",3,26,2281,1170,1111
050,49,053,"Utah","Washington County",3,27,2216,1163,1053
050,49,053,"Utah","Washington County",3,28,2178,1099,1079
050,49,053,"Utah","Washington County",3,29,2214,1097,1117
050,49,053,"Utah","Washington County",3,30,2201,1069,1132
050,49,053,"Utah","Washington County",3,31,2158,1042,1116
050,49,053,"Utah","Washington County",3,32,2070,1028,1042
050,49,053,"Utah","Washington County",3,33,2051,1018,1033
050,49,053,"Utah","Washington County",3,34,2054,1032,1022
050,49,053,"Utah","Washington County",3,35,2152,1066,1086
050,49,053,"Utah","Washington County",3,36,2217,1065,1152
050,49,053,"Utah","Washington County",3,37,2208,1089,1119
050,49,053,"Utah","Washington County",3,38,2404,1203,1201
050,49,053,"Utah","Washington County",3,39,2528,1278,1250
050,49,053,"Utah","Washington County",3,40,2437,1231,1206
050,49,053,"Utah","Washington County",3,41,2443,1260,1183
050,49,053,"Utah","Washington County",3,42,2312,1186,1126
050,49,053,"Utah","Washington County",3,43,2256,1160,1096
050,49,053,"Utah","Washington County",3,44,2252,1151,1101
050,49,053,"Utah","Washington County",3,45,2069,1049,1020
050,49,053,"Utah","Washington County",3,46,1995,1008,987
050,49,053,"Utah","Washington County",3,47,1897,944,953
050,49,053,"Utah","Washington County",3,48,1853,926,927
050,49,053,"Utah","Washington County",3,49,1869,960,909
050,49,053,"Utah","Washington County",3,50,1950,991,959
050,49,053,"Utah","Washington County",3,51,1882,951,931
050,49,053,"Utah","Washington County",3,52,1768,881,887
050,49,053,"Utah","Washington County",3,53,1799,883,916
050,49,053,"Utah","Washington County",3,54,1781,911,870
050,49,053,"Utah","Washington County",3,55,1692,829,863
050,49,053,"Utah","Washington County",3,56,1764,824,940
050,49,053,"Utah","Washington County",3,57,1858,872,986
050,49,053,"Utah","Washington County",3,58,1925,920,1005
050,49,053,"Utah","Washington County",3,59,1978,916,1062
050,49,053,"Utah","Washington County",3,60,2078,958,1120
050,49,053,"Utah","Washington County",3,61,2107,906,1201
050,49,053,"Utah","Washington County",3,62,2243,1007,1236
050,49,053,"Utah","Washington County",3,63,2332,1112,1220
050,49,053,"Utah","Washington County",3,64,2312,1104,1208
050,49,053,"Utah","Washington County",3,65,2371,1094,1277
050,49,053,"Utah","Washington County",3,66,2435,1159,1276
050,49,053,"Utah","Washington County",3,67,2451,1166,1285
050,49,053,"Utah","Washington County",3,68,2419,1136,1283
050,49,053,"Utah","Washington County",3,69,2467,1148,1319
050,49,053,"Utah","Washington County",3,70,2415,1149,1266
050,49,053,"Utah","Washington County",3,71,2297,1092,1205
050,49,053,"Utah","Washington County",3,72,2371,1153,1218
050,49,053,"Utah","Washington County",3,73,2332,1159,1173
050,49,053,"Utah","Washington County",3,74,2444,1215,1229
050,49,053,"Utah","Washington County",3,75,1706,822,884
050,49,053,"Utah","Washington County",3,76,1680,789,891
050,49,053,"Utah","Washington County",3,77,1748,822,926
050,49,053,"Utah","Washington County",3,78,1758,867,891
050,49,053,"Utah","Washington County",3,79,1485,749,736
050,49,053,"Utah","Washington County",3,80,1318,664,654
050,49,053,"Utah","Washington County",3,81,1168,575,593
050,49,053,"Utah","Washington County",3,82,1068,532,536
050,49,053,"Utah","Washington County",3,83,986,505,481
050,49,053,"Utah","Washington County",3,84,857,430,427
050,49,053,"Utah","Washington County",3,85,4450,2153,2297
050,49,053,"Utah","Washington County",4,0,2326,1196,1130
050,49,053,"Utah","Washington County",4,1,2252,1151,1101
050,49,053,"Utah","Washington County",4,2,2324,1174,1150
050,49,053,"Utah","Washington County",4,3,2341,1217,1124
050,49,053,"Utah","Washington County",4,4,2370,1223,1147
050,49,053,"Utah","Washington County",4,5,2491,1286,1205
050,49,053,"Utah","Washington County",4,6,2553,1284,1269
050,49,053,"Utah","Washington County",4,7,2643,1345,1298
050,49,053,"Utah","Washington County",4,8,2728,1401,1327
050,49,053,"Utah","Washington County",4,9,2583,1351,1232
050,49,053,"Utah","Washington County",4,10,2686,1366,1320
050,49,053,"Utah","Washington County",4,11,2820,1505,1315
050,49,053,"Utah","Washington County",4,12,2868,1491,1377
050,49,053,"Utah","Washington County",4,13,3008,1565,1443
050,49,053,"Utah","Washington County",4,14,3148,1650,1498
050,49,053,"Utah","Washington County",4,15,3107,1617,1490
050,49,053,"Utah","Washington County",4,16,3097,1608,1489
050,49,053,"Utah","Washington County",4,17,2981,1563,1418
050,49,053,"Utah","Washington County",4,18,2914,1503,1411
050,49,053,"Utah","Washington County",4,19,2703,1330,1373
050,49,053,"Utah","Washington County",4,20,2493,1248,1245
050,49,053,"Utah","Washington County",4,21,2438,1264,1174
050,49,053,"Utah","Washington County",4,22,2675,1332,1343
050,49,053,"Utah","Washington County",4,23,2683,1339,1344
050,49,053,"Utah","Washington County",4,24,2735,1421,1314
050,49,053,"Utah","Washington County",4,25,2498,1356,1142
050,49,053,"Utah","Washington County",4,26,2402,1268,1134
050,49,053,"Utah","Washington County",4,27,2260,1184,1076
050,49,053,"Utah","Washington County",4,28,2276,1191,1085
050,49,053,"Utah","Washington County",4,29,2239,1118,1121
050,49,053,"Utah","Washington County",4,30,2258,1149,1109
050,49,053,"Utah","Washington County",4,31,2282,1115,1167
050,49,053,"Utah","Washington County",4,32,2186,1067,1119
050,49,053,"Utah","Washington County",4,33,2139,1083,1056
050,49,053,"Utah","Washington County",4,34,2111,1039,1072
050,49,053,"Utah","Washington County",4,35,2139,1077,1062
050,49,053,"Utah","Washington County",4,36,2232,1104,1128
050,49,053,"Utah","Washington County",4,37,2284,1101,1183
050,49,053,"Utah","Washington County",4,38,2278,1111,1167
050,49,053,"Utah","Washington County",4,39,2501,1237,1264
050,49,053,"Utah","Washington County",4,40,2575,1300,1275
050,49,053,"Utah","Washington County",4,41,2516,1297,1219
050,49,053,"Utah","Washington County",4,42,2525,1283,1242
050,49,053,"Utah","Washington County",4,43,2401,1238,1163
050,49,053,"Utah","Washington County",4,44,2344,1190,1154
050,49,053,"Utah","Washington County",4,45,2314,1181,1133
050,49,053,"Utah","Washington County",4,46,2132,1097,1035
050,49,053,"Utah","Washington County",4,47,2085,1041,1044
050,49,053,"Utah","Washington County",4,48,1971,991,980
050,49,053,"Utah","Washington County",4,49,1867,915,952
050,49,053,"Utah","Washington County",4,50,1936,992,944
050,49,053,"Utah","Washington County",4,51,2007,1019,988
050,49,053,"Utah","Washington County",4,52,1909,965,944
050,49,053,"Utah","Washington County",4,53,1839,918,921
050,49,053,"Utah","Washington County",4,54,1896,945,951
050,49,053,"Utah","Washington County",4,55,1796,895,901
050,49,053,"Utah","Washington County",4,56,1753,859,894
050,49,053,"Utah","Washington County",4,57,1830,843,987
050,49,053,"Utah","Washington County",4,58,1929,899,1030
050,49,053,"Utah","Washington County",4,59,2015,947,1068
050,49,053,"Utah","Washington County",4,60,2051,957,1094
050,49,053,"Utah","Washington County",4,61,2164,1014,1150
050,49,053,"Utah","Washington County",4,62,2215,942,1273
050,49,053,"Utah","Washington County",4,63,2318,1044,1274
050,49,053,"Utah","Washington County",4,64,2418,1168,1250
050,49,053,"Utah","Washington County",4,65,2384,1137,1247
050,49,053,"Utah","Washington County",4,66,2425,1117,1308
050,49,053,"Utah","Washington County",4,67,2539,1209,1330
050,49,053,"Utah","Washington County",4,68,2511,1219,1292
050,49,053,"Utah","Washington County",4,69,2473,1151,1322
050,49,053,"Utah","Washington County",4,70,2515,1192,1323
050,49,053,"Utah","Washington County",4,71,2420,1149,1271
050,49,053,"Utah","Washington County",4,72,2341,1096,1245
050,49,053,"Utah","Washington County",4,73,2411,1157,1254
050,49,053,"Utah","Washington County",4,74,2331,1160,1171
050,49,053,"Utah","Washington County",4,75,2438,1217,1221
050,49,053,"Utah","Washington County",4,76,1684,807,877
050,49,053,"Utah","Washington County",4,77,1639,763,876
050,49,053,"Utah","Washington County",4,78,1702,816,886
050,49,053,"Utah","Washington County",4,79,1719,844,875
050,49,053,"Utah","Washington County",4,80,1456,733,723
050,49,053,"Utah","Washington County",4,81,1256,625,631
050,49,053,"Utah","Washington County",4,82,1105,536,569
050,49,053,"Utah","Washington County",4,83,1006,498,508
050,49,053,"Utah","Washington County",4,84,929,459,470
050,49,053,"Utah","Washington County",4,85,4588,2237,2351
050,49,053,"Utah","Washington County",5,0,2299,1176,1123
050,49,053,"Utah","Washington County",5,1,2364,1201,1163
050,49,053,"Utah","Washington County",5,2,2312,1195,1117
050,49,053,"Utah","Washington County",5,3,2396,1212,1184
050,49,053,"Utah","Washington County",5,4,2401,1243,1158
050,49,053,"Utah","Washington County",5,5,2457,1273,1184
050,49,053,"Utah","Washington County",5,6,2535,1296,1239
050,49,053,"Utah","Washington County",5,7,2649,1322,1327
050,49,053,"Utah","Washington County",5,8,2715,1370,1345
050,49,053,"Utah","Washington County",5,9,2765,1438,1327
050,49,053,"Utah","Washington County",5,10,2663,1403,1260
050,49,053,"Utah","Washington County",5,11,2739,1395,1344
050,49,053,"Utah","Washington County",5,12,2915,1543,1372
050,49,053,"Utah","Washington County",5,13,2926,1535,1391
050,49,053,"Utah","Washington County",5,14,3055,1592,1463
050,49,053,"Utah","Washington County",5,15,3213,1662,1551
050,49,053,"Utah","Washington County",5,16,3201,1683,1518
050,49,053,"Utah","Washington County",5,17,3129,1608,1521
050,49,053,"Utah","Washington County",5,18,2979,1572,1407
050,49,053,"Utah","Washington County",5,19,2743,1371,1372
050,49,053,"Utah","Washington County",5,20,2572,1278,1294
050,49,053,"Utah","Washington County",5,21,2672,1367,1305
050,49,053,"Utah","Washington County",5,22,2694,1355,1339
050,49,053,"Utah","Washington County",5,23,2755,1337,1418
050,49,053,"Utah","Washington County",5,24,2804,1433,1371
050,49,053,"Utah","Washington County",5,25,2763,1435,1328
050,49,053,"Utah","Washington County",5,26,2502,1361,1141
050,49,053,"Utah","Washington County",5,27,2475,1276,1199
050,49,053,"Utah","Washington County",5,28,2250,1159,1091
050,49,053,"Utah","Washington County",5,29,2296,1193,1103
050,49,053,"Utah","Washington County",5,30,2258,1127,1131
050,49,053,"Utah","Washington County",5,31,2286,1160,1126
050,49,053,"Utah","Washington County",5,32,2343,1168,1175
050,49,053,"Utah","Washington County",5,33,2251,1105,1146
050,49,053,"Utah","Washington County",5,34,2195,1113,1082
050,49,053,"Utah","Washington County",5,35,2223,1069,1154
050,49,053,"Utah","Washington County",5,36,2205,1106,1099
050,49,053,"Utah","Washington County",5,37,2266,1102,1164
050,49,053,"Utah","Washington County",5,38,2345,1141,1204
050,49,053,"Utah","Washington County",5,39,2368,1146,1222
050,49,053,"Utah","Washington County",5,40,2500,1257,1243
050,49,053,"Utah","Washington County",5,41,2627,1333,1294
050,49,053,"Utah","Washington County",5,42,2581,1327,1254
050,49,053,"Utah","Washington County",5,43,2546,1296,1250
050,49,053,"Utah","Washington County",5,44,2421,1229,1192
050,49,053,"Utah","Washington County",5,45,2402,1213,1189
050,49,053,"Utah","Washington County",5,46,2349,1198,1151
050,49,053,"Utah","Washington County",5,47,2152,1111,1041
050,49,053,"Utah","Washington County",5,48,2106,1047,1059
050,49,053,"Utah","Washington County",5,49,2008,1010,998
050,49,053,"Utah","Washington County",5,50,1937,959,978
050,49,053,"Utah","Washington County",5,51,2001,1032,969
050,49,053,"Utah","Washington County",5,52,2046,1028,1018
050,49,053,"Utah","Washington County",5,53,1986,1011,975
050,49,053,"Utah","Washington County",5,54,1910,969,941
050,49,053,"Utah","Washington County",5,55,1930,936,994
050,49,053,"Utah","Washington County",5,56,1864,932,932
050,49,053,"Utah","Washington County",5,57,1786,875,911
050,49,053,"Utah","Washington County",5,58,1902,873,1029
050,49,053,"Utah","Washington County",5,59,1977,918,1059
050,49,053,"Utah","Washington County",5,60,2060,968,1092
050,49,053,"Utah","Washington County",5,61,2120,1001,1119
050,49,053,"Utah","Washington County",5,62,2252,1053,1199
050,49,053,"Utah","Washington County",5,63,2294,983,1311
050,49,053,"Utah","Washington County",5,64,2369,1063,1306
050,49,053,"Utah","Washington County",5,65,2496,1204,1292
050,49,053,"Utah","Washington County",5,66,2431,1156,1275
050,49,053,"Utah","Washington County",5,67,2459,1141,1318
050,49,053,"Utah","Washington County",5,68,2555,1232,1323
050,49,053,"Utah","Washington County",5,69,2564,1233,1331
050,49,053,"Utah","Washington County",5,70,2481,1158,1323
050,49,053,"Utah","Washington County",5,71,2501,1188,1313
050,49,053,"Utah","Washington County",5,72,2422,1146,1276
050,49,053,"Utah","Washington County",5,73,2322,1074,1248
050,49,053,"Utah","Washington County",5,74,2392,1138,1254
050,49,053,"Utah","Washington County",5,75,2321,1144,1177
050,49,053,"Utah","Washington County",5,76,2405,1193,1212
050,49,053,"Utah","Washington County",5,77,1657,781,876
050,49,053,"Utah","Washington County",5,78,1593,748,845
050,49,053,"Utah","Washington County",5,79,1652,802,850
050,49,053,"Utah","Washington County",5,80,1698,835,863
050,49,053,"Utah","Washington County",5,81,1374,693,681
050,49,053,"Utah","Washington County",5,82,1188,591,597
050,49,053,"Utah","Washington County",5,83,1032,504,528
050,49,053,"Utah","Washington County",5,84,951,472,479
050,49,053,"Utah","Washington County",5,85,4853,2375,2478
050,49,055,"Utah","Wayne County",1,0,22,11,11
050,49,055,"Utah","Wayne County",1,1,30,15,15
050,49,055,"Utah","Wayne County",1,2,29,12,17
050,49,055,"Utah","Wayne County",1,3,29,13,16
050,49,055,"Utah","Wayne County",1,4,36,18,18
050,49,055,"Utah","Wayne County",1,5,27,17,10
050,49,055,"Utah","Wayne County",1,6,35,25,10
050,49,055,"Utah","Wayne County",1,7,27,16,11
050,49,055,"Utah","Wayne County",1,8,31,16,15
050,49,055,"Utah","Wayne County",1,9,26,11,15
050,49,055,"Utah","Wayne County",1,10,36,16,20
050,49,055,"Utah","Wayne County",1,11,36,13,23
050,49,055,"Utah","Wayne County",1,12,34,16,18
050,49,055,"Utah","Wayne County",1,13,36,17,19
050,49,055,"Utah","Wayne County",1,14,30,17,13
050,49,055,"Utah","Wayne County",1,15,37,17,20
050,49,055,"Utah","Wayne County",1,16,42,17,25
050,49,055,"Utah","Wayne County",1,17,39,18,21
050,49,055,"Utah","Wayne County",1,18,38,21,17
050,49,055,"Utah","Wayne County",1,19,22,13,9
050,49,055,"Utah","Wayne County",1,20,29,17,12
050,49,055,"Utah","Wayne County",1,21,31,17,14
050,49,055,"Utah","Wayne County",1,22,19,8,11
050,49,055,"Utah","Wayne County",1,23,24,13,11
050,49,055,"Utah","Wayne County",1,24,30,16,14
050,49,055,"Utah","Wayne County",1,25,29,14,15
050,49,055,"Utah","Wayne County",1,26,26,13,13
050,49,055,"Utah","Wayne County",1,27,18,10,8
050,49,055,"Utah","Wayne County",1,28,21,12,9
050,49,055,"Utah","Wayne County",1,29,19,12,7
050,49,055,"Utah","Wayne County",1,30,19,9,10
050,49,055,"Utah","Wayne County",1,31,23,14,9
050,49,055,"Utah","Wayne County",1,32,22,9,13
050,49,055,"Utah","Wayne County",1,33,19,10,9
050,49,055,"Utah","Wayne County",1,34,24,16,8
050,49,055,"Utah","Wayne County",1,35,33,18,15
050,49,055,"Utah","Wayne County",1,36,27,14,13
050,49,055,"Utah","Wayne County",1,37,30,17,13
050,49,055,"Utah","Wayne County",1,38,30,16,14
050,49,055,"Utah","Wayne County",1,39,29,11,18
050,49,055,"Utah","Wayne County",1,40,30,16,14
050,49,055,"Utah","Wayne County",1,41,23,13,10
050,49,055,"Utah","Wayne County",1,42,24,15,9
050,49,055,"Utah","Wayne County",1,43,26,14,12
050,49,055,"Utah","Wayne County",1,44,27,14,13
050,49,055,"Utah","Wayne County",1,45,25,11,14
050,49,055,"Utah","Wayne County",1,46,23,9,14
050,49,055,"Utah","Wayne County",1,47,28,14,14
050,49,055,"Utah","Wayne County",1,48,34,14,20
050,49,055,"Utah","Wayne County",1,49,28,12,16
050,49,055,"Utah","Wayne County",1,50,23,17,6
050,49,055,"Utah","Wayne County",1,51,22,13,9
050,49,055,"Utah","Wayne County",1,52,26,16,10
050,49,055,"Utah","Wayne County",1,53,30,16,14
050,49,055,"Utah","Wayne County",1,54,25,14,11
050,49,055,"Utah","Wayne County",1,55,34,18,16
050,49,055,"Utah","Wayne County",1,56,37,19,18
050,49,055,"Utah","Wayne County",1,57,35,14,21
050,49,055,"Utah","Wayne County",1,58,38,20,18
050,49,055,"Utah","Wayne County",1,59,37,16,21
050,49,055,"Utah","Wayne County",1,60,37,17,20
050,49,055,"Utah","Wayne County",1,61,39,16,23
050,49,055,"Utah","Wayne County",1,62,38,17,21
050,49,055,"Utah","Wayne County",1,63,44,23,21
050,49,055,"Utah","Wayne County",1,64,42,20,22
050,49,055,"Utah","Wayne County",1,65,38,21,17
050,49,055,"Utah","Wayne County",1,66,37,23,14
050,49,055,"Utah","Wayne County",1,67,44,26,18
050,49,055,"Utah","Wayne County",1,68,50,26,24
050,49,055,"Utah","Wayne County",1,69,38,20,18
050,49,055,"Utah","Wayne County",1,70,37,20,17
050,49,055,"Utah","Wayne County",1,71,35,19,16
050,49,055,"Utah","Wayne County",1,72,27,12,15
050,49,055,"Utah","Wayne County",1,73,37,19,18
050,49,055,"Utah","Wayne County",1,74,27,14,13
050,49,055,"Utah","Wayne County",1,75,25,11,14
050,49,055,"Utah","Wayne County",1,76,25,12,13
050,49,055,"Utah","Wayne County",1,77,18,11,7
050,49,055,"Utah","Wayne County",1,78,14,7,7
050,49,055,"Utah","Wayne County",1,79,17,9,8
050,49,055,"Utah","Wayne County",1,80,16,7,9
050,49,055,"Utah","Wayne County",1,81,14,7,7
050,49,055,"Utah","Wayne County",1,82,13,7,6
050,49,055,"Utah","Wayne County",1,83,6,3,3
050,49,055,"Utah","Wayne County",1,84,8,5,3
050,49,055,"Utah","Wayne County",1,85,40,19,21
050,49,055,"Utah","Wayne County",2,0,30,16,14
050,49,055,"Utah","Wayne County",2,1,28,14,14
050,49,055,"Utah","Wayne County",2,2,30,13,17
050,49,055,"Utah","Wayne County",2,3,29,13,16
050,49,055,"Utah","Wayne County",2,4,35,17,18
050,49,055,"Utah","Wayne County",2,5,30,17,13
050,49,055,"Utah","Wayne County",2,6,32,22,10
050,49,055,"Utah","Wayne County",2,7,29,18,11
050,49,055,"Utah","Wayne County",2,8,29,15,14
050,49,055,"Utah","Wayne County",2,9,27,12,15
050,49,055,"Utah","Wayne County",2,10,33,13,20
050,49,055,"Utah","Wayne County",2,11,35,13,22
050,49,055,"Utah","Wayne County",2,12,35,16,19
050,49,055,"Utah","Wayne County",2,13,36,17,19
050,49,055,"Utah","Wayne County",2,14,31,17,14
050,49,055,"Utah","Wayne County",2,15,35,16,19
050,49,055,"Utah","Wayne County",2,16,41,17,24
050,49,055,"Utah","Wayne County",2,17,40,18,22
050,49,055,"Utah","Wayne County",2,18,35,19,16
050,49,055,"Utah","Wayne County",2,19,24,14,10
050,49,055,"Utah","Wayne County",2,20,28,16,12
050,49,055,"Utah","Wayne County",2,21,30,16,14
050,49,055,"Utah","Wayne County",2,22,21,9,12
050,49,055,"Utah","Wayne County",2,23,24,12,12
050,49,055,"Utah","Wayne County",2,24,30,16,14
050,49,055,"Utah","Wayne County",2,25,28,14,14
050,49,055,"Utah","Wayne County",2,26,27,13,14
050,49,055,"Utah","Wayne County",2,27,21,11,10
050,49,055,"Utah","Wayne County",2,28,21,12,9
050,49,055,"Utah","Wayne County",2,29,20,12,8
050,49,055,"Utah","Wayne County",2,30,19,10,9
050,49,055,"Utah","Wayne County",2,31,22,13,9
050,49,055,"Utah","Wayne County",2,32,22,10,12
050,49,055,"Utah","Wayne County",2,33,20,10,10
050,49,055,"Utah","Wayne County",2,34,24,16,8
050,49,055,"Utah","Wayne County",2,35,31,17,14
050,49,055,"Utah","Wayne County",2,36,30,16,14
050,49,055,"Utah","Wayne County",2,37,30,16,14
050,49,055,"Utah","Wayne County",2,38,30,16,14
050,49,055,"Utah","Wayne County",2,39,31,14,17
050,49,055,"Utah","Wayne County",2,40,31,16,15
050,49,055,"Utah","Wayne County",2,41,24,13,11
050,49,055,"Utah","Wayne County",2,42,25,15,10
050,49,055,"Utah","Wayne County",2,43,25,14,11
050,49,055,"Utah","Wayne County",2,44,27,14,13
050,49,055,"Utah","Wayne County",2,45,26,12,14
050,49,055,"Utah","Wayne County",2,46,23,9,14
050,49,055,"Utah","Wayne County",2,47,27,13,14
050,49,055,"Utah","Wayne County",2,48,34,14,20
050,49,055,"Utah","Wayne County",2,49,30,13,17
050,49,055,"Utah","Wayne County",2,50,24,16,8
050,49,055,"Utah","Wayne County",2,51,23,14,9
050,49,055,"Utah","Wayne County",2,52,26,16,10
050,49,055,"Utah","Wayne County",2,53,29,16,13
050,49,055,"Utah","Wayne County",2,54,26,14,12
050,49,055,"Utah","Wayne County",2,55,32,17,15
050,49,055,"Utah","Wayne County",2,56,36,19,17
050,49,055,"Utah","Wayne County",2,57,35,15,20
050,49,055,"Utah","Wayne County",2,58,38,19,19
050,49,055,"Utah","Wayne County",2,59,39,18,21
050,49,055,"Utah","Wayne County",2,60,37,16,21
050,49,055,"Utah","Wayne County",2,61,38,16,22
050,49,055,"Utah","Wayne County",2,62,38,17,21
050,49,055,"Utah","Wayne County",2,63,44,23,21
050,49,055,"Utah","Wayne County",2,64,42,20,22
050,49,055,"Utah","Wayne County",2,65,40,21,19
050,49,055,"Utah","Wayne County",2,66,38,23,15
050,49,055,"Utah","Wayne County",2,67,42,25,17
050,49,055,"Utah","Wayne County",2,68,49,26,23
050,49,055,"Utah","Wayne County",2,69,42,22,20
050,49,055,"Utah","Wayne County",2,70,37,20,17
050,49,055,"Utah","Wayne County",2,71,36,19,17
050,49,055,"Utah","Wayne County",2,72,28,13,15
050,49,055,"Utah","Wayne County",2,73,37,18,19
050,49,055,"Utah","Wayne County",2,74,26,13,13
050,49,055,"Utah","Wayne County",2,75,26,12,14
050,49,055,"Utah","Wayne County",2,76,24,11,13
050,49,055,"Utah","Wayne County",2,77,20,11,9
050,49,055,"Utah","Wayne County",2,78,15,8,7
050,49,055,"Utah","Wayne County",2,79,16,8,8
050,49,055,"Utah","Wayne County",2,80,16,7,9
050,49,055,"Utah","Wayne County",2,81,14,7,7
050,49,055,"Utah","Wayne County",2,82,13,7,6
050,49,055,"Utah","Wayne County",2,83,8,4,4
050,49,055,"Utah","Wayne County",2,84,7,4,3
050,49,055,"Utah","Wayne County",2,85,37,18,19
050,49,055,"Utah","Wayne County",3,0,41,21,20
050,49,055,"Utah","Wayne County",3,1,32,18,14
050,49,055,"Utah","Wayne County",3,2,28,12,16
050,49,055,"Utah","Wayne County",3,3,35,17,18
050,49,055,"Utah","Wayne County",3,4,32,15,17
050,49,055,"Utah","Wayne County",3,5,38,19,19
050,49,055,"Utah","Wayne County",3,6,34,19,15
050,49,055,"Utah","Wayne County",3,7,35,25,10
050,49,055,"Utah","Wayne County",3,8,27,17,10
050,49,055,"Utah","Wayne County",3,9,26,13,13
050,49,055,"Utah","Wayne County",3,10,30,14,16
050,49,055,"Utah","Wayne County",3,11,31,10,21
050,49,055,"Utah","Wayne County",3,12,31,10,21
050,49,055,"Utah","Wayne County",3,13,34,16,18
050,49,055,"Utah","Wayne County",3,14,32,14,18
050,49,055,"Utah","Wayne County",3,15,32,17,15
050,49,055,"Utah","Wayne County",3,16,35,17,18
050,49,055,"Utah","Wayne County",3,17,42,17,25
050,49,055,"Utah","Wayne County",3,18,32,16,16
050,49,055,"Utah","Wayne County",3,19,22,14,8
050,49,055,"Utah","Wayne County",3,20,28,16,12
050,49,055,"Utah","Wayne County",3,21,26,16,10
050,49,055,"Utah","Wayne County",3,22,30,14,16
050,49,055,"Utah","Wayne County",3,23,24,12,12
050,49,055,"Utah","Wayne County",3,24,33,16,17
050,49,055,"Utah","Wayne County",3,25,28,17,11
050,49,055,"Utah","Wayne County",3,26,30,15,15
050,49,055,"Utah","Wayne County",3,27,35,16,19
050,49,055,"Utah","Wayne County",3,28,23,11,12
050,49,055,"Utah","Wayne County",3,29,22,12,10
050,49,055,"Utah","Wayne County",3,30,16,9,7
050,49,055,"Utah","Wayne County",3,31,23,12,11
050,49,055,"Utah","Wayne County",3,32,26,14,12
050,49,055,"Utah","Wayne County",3,33,24,11,13
050,49,055,"Utah","Wayne County",3,34,25,14,11
050,49,055,"Utah","Wayne County",3,35,30,20,10
050,49,055,"Utah","Wayne County",3,36,27,15,12
050,49,055,"Utah","Wayne County",3,37,31,16,15
050,49,055,"Utah","Wayne County",3,38,28,16,12
050,49,055,"Utah","Wayne County",3,39,33,17,16
050,49,055,"Utah","Wayne County",3,40,32,14,18
050,49,055,"Utah","Wayne County",3,41,31,17,14
050,49,055,"Utah","Wayne County",3,42,21,10,11
050,49,055,"Utah","Wayne County",3,43,27,17,10
050,49,055,"Utah","Wayne County",3,44,30,18,12
050,49,055,"Utah","Wayne County",3,45,27,14,13
050,49,055,"Utah","Wayne County",3,46,28,15,13
050,49,055,"Utah","Wayne County",3,47,25,9,16
050,49,055,"Utah","Wayne County",3,48,27,13,14
050,49,055,"Utah","Wayne County",3,49,34,14,20
050,49,055,"Utah","Wayne County",3,50,30,13,17
050,49,055,"Utah","Wayne County",3,51,24,16,8
050,49,055,"Utah","Wayne County",3,52,26,17,9
050,49,055,"Utah","Wayne County",3,53,27,16,11
050,49,055,"Utah","Wayne County",3,54,28,16,12
050,49,055,"Utah","Wayne County",3,55,27,14,13
050,49,055,"Utah","Wayne County",3,56,32,17,15
050,49,055,"Utah","Wayne County",3,57,39,21,18
050,49,055,"Utah","Wayne County",3,58,39,16,23
050,49,055,"Utah","Wayne County",3,59,43,23,20
050,49,055,"Utah","Wayne County",3,60,40,17,23
050,49,055,"Utah","Wayne County",3,61,36,15,21
050,49,055,"Utah","Wayne County",3,62,32,14,18
050,49,055,"Utah","Wayne County",3,63,37,16,21
050,49,055,"Utah","Wayne County",3,64,49,28,21
050,49,055,"Utah","Wayne County",3,65,41,20,21
050,49,055,"Utah","Wayne County",3,66,42,21,21
050,49,055,"Utah","Wayne County",3,67,38,22,16
050,49,055,"Utah","Wayne County",3,68,40,22,18
050,49,055,"Utah","Wayne County",3,69,47,25,22
050,49,055,"Utah","Wayne County",3,70,43,23,20
050,49,055,"Utah","Wayne County",3,71,34,18,16
050,49,055,"Utah","Wayne County",3,72,34,18,16
050,49,055,"Utah","Wayne County",3,73,27,13,14
050,49,055,"Utah","Wayne County",3,74,37,18,19
050,49,055,"Utah","Wayne County",3,75,23,12,11
050,49,055,"Utah","Wayne County",3,76,26,11,15
050,49,055,"Utah","Wayne County",3,77,22,10,12
050,49,055,"Utah","Wayne County",3,78,19,11,8
050,49,055,"Utah","Wayne County",3,79,15,8,7
050,49,055,"Utah","Wayne County",3,80,15,8,7
050,49,055,"Utah","Wayne County",3,81,15,7,8
050,49,055,"Utah","Wayne County",3,82,13,7,6
050,49,055,"Utah","Wayne County",3,83,12,6,6
050,49,055,"Utah","Wayne County",3,84,6,3,3
050,49,055,"Utah","Wayne County",3,85,29,17,12
050,49,055,"Utah","Wayne County",4,0,32,17,15
050,49,055,"Utah","Wayne County",4,1,45,27,18
050,49,055,"Utah","Wayne County",4,2,29,15,14
050,49,055,"Utah","Wayne County",4,3,31,16,15
050,49,055,"Utah","Wayne County",4,4,31,16,15
050,49,055,"Utah","Wayne County",4,5,34,15,19
050,49,055,"Utah","Wayne County",4,6,36,15,21
050,49,055,"Utah","Wayne County",4,7,40,25,15
050,49,055,"Utah","Wayne County",4,8,38,24,14
050,49,055,"Utah","Wayne County",4,9,31,18,13
050,49,055,"Utah","Wayne County",4,10,26,15,11
050,49,055,"Utah","Wayne County",4,11,34,17,17
050,49,055,"Utah","Wayne County",4,12,28,9,19
050,49,055,"Utah","Wayne County",4,13,29,8,21
050,49,055,"Utah","Wayne County",4,14,39,15,24
050,49,055,"Utah","Wayne County",4,15,35,16,19
050,49,055,"Utah","Wayne County",4,16,32,16,16
050,49,055,"Utah","Wayne County",4,17,40,18,22
050,49,055,"Utah","Wayne County",4,18,36,15,21
050,49,055,"Utah","Wayne County",4,19,21,11,10
050,49,055,"Utah","Wayne County",4,20,23,13,10
050,49,055,"Utah","Wayne County",4,21,29,16,13
050,49,055,"Utah","Wayne County",4,22,29,15,14
050,49,055,"Utah","Wayne County",4,23,31,16,15
050,49,055,"Utah","Wayne County",4,24,24,12,12
050,49,055,"Utah","Wayne County",4,25,32,18,14
050,49,055,"Utah","Wayne County",4,26,26,14,12
050,49,055,"Utah","Wayne County",4,27,30,15,15
050,49,055,"Utah","Wayne County",4,28,34,15,19
050,49,055,"Utah","Wayne County",4,29,24,11,13
050,49,055,"Utah","Wayne County",4,30,22,13,9
050,49,055,"Utah","Wayne County",4,31,16,9,7
050,49,055,"Utah","Wayne County",4,32,26,14,12
050,49,055,"Utah","Wayne County",4,33,29,18,11
050,49,055,"Utah","Wayne County",4,34,25,11,14
050,49,055,"Utah","Wayne County",4,35,30,17,13
050,49,055,"Utah","Wayne County",4,36,30,19,11
050,49,055,"Utah","Wayne County",4,37,28,15,13
050,49,055,"Utah","Wayne County",4,38,30,18,12
050,49,055,"Utah","Wayne County",4,39,31,17,14
050,49,055,"Utah","Wayne County",4,40,32,15,17
050,49,055,"Utah","Wayne County",4,41,38,17,21
050,49,055,"Utah","Wayne County",4,42,37,18,19
050,49,055,"Utah","Wayne County",4,43,21,10,11
050,49,055,"Utah","Wayne County",4,44,25,16,9
050,49,055,"Utah","Wayne County",4,45,32,19,13
050,49,055,"Utah","Wayne County",4,46,27,15,12
050,49,055,"Utah","Wayne County",4,47,26,13,13
050,49,055,"Utah","Wayne County",4,48,25,9,16
050,49,055,"Utah","Wayne County",4,49,28,14,14
050,49,055,"Utah","Wayne County",4,50,34,14,20
050,49,055,"Utah","Wayne County",4,51,34,13,21
050,49,055,"Utah","Wayne County",4,52,28,19,9
050,49,055,"Utah","Wayne County",4,53,25,15,10
050,49,055,"Utah","Wayne County",4,54,31,19,12
050,49,055,"Utah","Wayne County",4,55,29,16,13
050,49,055,"Utah","Wayne County",4,56,30,17,13
050,49,055,"Utah","Wayne County",4,57,29,17,12
050,49,055,"Utah","Wayne County",4,58,40,20,20
050,49,055,"Utah","Wayne County",4,59,44,17,27
050,49,055,"Utah","Wayne County",4,60,43,23,20
050,49,055,"Utah","Wayne County",4,61,41,18,23
050,49,055,"Utah","Wayne County",4,62,35,14,21
050,49,055,"Utah","Wayne County",4,63,34,15,19
050,49,055,"Utah","Wayne County",4,64,42,19,23
050,49,055,"Utah","Wayne County",4,65,49,28,21
050,49,055,"Utah","Wayne County",4,66,43,22,21
050,49,055,"Utah","Wayne County",4,67,42,21,21
050,49,055,"Utah","Wayne County",4,68,38,23,15
050,49,055,"Utah","Wayne County",4,69,39,23,16
050,49,055,"Utah","Wayne County",4,70,46,25,21
050,49,055,"Utah","Wayne County",4,71,43,23,20
050,49,055,"Utah","Wayne County",4,72,33,17,16
050,49,055,"Utah","Wayne County",4,73,34,18,16
050,49,055,"Utah","Wayne County",4,74,27,12,15
050,49,055,"Utah","Wayne County",4,75,37,18,19
050,49,055,"Utah","Wayne County",4,76,22,12,10
050,49,055,"Utah","Wayne County",4,77,24,11,13
050,49,055,"Utah","Wayne County",4,78,22,9,13
050,49,055,"Utah","Wayne County",4,79,20,12,8
050,49,055,"Utah","Wayne County",4,80,14,8,6
050,49,055,"Utah","Wayne County",4,81,13,8,5
050,49,055,"Utah","Wayne County",4,82,15,6,9
050,49,055,"Utah","Wayne County",4,83,13,6,7
050,49,055,"Utah","Wayne County",4,84,10,5,5
050,49,055,"Utah","Wayne County",4,85,24,14,10
050,49,055,"Utah","Wayne County",5,0,32,17,15
050,49,055,"Utah","Wayne County",5,1,34,15,19
050,49,055,"Utah","Wayne County",5,2,41,26,15
050,49,055,"Utah","Wayne County",5,3,29,15,14
050,49,055,"Utah","Wayne County",5,4,29,15,14
050,49,055,"Utah","Wayne County",5,5,34,19,15
050,49,055,"Utah","Wayne County",5,6,33,15,18
050,49,055,"Utah","Wayne County",5,7,36,17,19
050,49,055,"Utah","Wayne County",5,8,42,25,17
050,49,055,"Utah","Wayne County",5,9,37,23,14
050,49,055,"Utah","Wayne County",5,10,31,17,14
050,49,055,"Utah","Wayne County",5,11,25,14,11
050,49,055,"Utah","Wayne County",5,12,35,20,15
050,49,055,"Utah","Wayne County",5,13,27,9,18
050,49,055,"Utah","Wayne County",5,14,27,7,20
050,49,055,"Utah","Wayne County",5,15,40,16,24
050,49,055,"Utah","Wayne County",5,16,34,16,18
050,49,055,"Utah","Wayne County",5,17,34,18,16
050,49,055,"Utah","Wayne County",5,18,34,15,19
050,49,055,"Utah","Wayne County",5,19,23,11,12
050,49,055,"Utah","Wayne County",5,20,26,13,13
050,49,055,"Utah","Wayne County",5,21,24,13,11
050,49,055,"Utah","Wayne County",5,22,29,17,12
050,49,055,"Utah","Wayne County",5,23,32,16,16
050,49,055,"Utah","Wayne County",5,24,28,14,14
050,49,055,"Utah","Wayne County",5,25,29,14,15
050,49,055,"Utah","Wayne County",5,26,28,15,13
050,49,055,"Utah","Wayne County",5,27,25,14,11
050,49,055,"Utah","Wayne County",5,28,28,14,14
050,49,055,"Utah","Wayne County",5,29,36,13,23
050,49,055,"Utah","Wayne County",5,30,23,10,13
050,49,055,"Utah","Wayne County",5,31,21,13,8
050,49,055,"Utah","Wayne County",5,32,14,8,6
050,49,055,"Utah","Wayne County",5,33,26,15,11
050,49,055,"Utah","Wayne County",5,34,30,16,14
050,49,055,"Utah","Wayne County",5,35,23,10,13
050,49,055,"Utah","Wayne County",5,36,27,16,11
050,49,055,"Utah","Wayne County",5,37,30,19,11
050,49,055,"Utah","Wayne County",5,38,30,15,15
050,49,055,"Utah","Wayne County",5,39,31,18,13
050,49,055,"Utah","Wayne County",5,40,32,18,14
050,49,055,"Utah","Wayne County",5,41,30,13,17
050,49,055,"Utah","Wayne County",5,42,37,16,21
050,49,055,"Utah","Wayne County",5,43,34,18,16
050,49,055,"Utah","Wayne County",5,44,22,10,12
050,49,055,"Utah","Wayne County",5,45,26,16,10
050,49,055,"Utah","Wayne County",5,46,33,20,13
050,49,055,"Utah","Wayne County",5,47,28,15,13
050,49,055,"Utah","Wayne County",5,48,26,13,13
050,49,055,"Utah","Wayne County",5,49,24,8,16
050,49,055,"Utah","Wayne County",5,50,27,14,13
050,49,055,"Utah","Wayne County",5,51,34,15,19
050,49,055,"Utah","Wayne County",5,52,34,13,21
050,49,055,"Utah","Wayne County",5,53,28,18,10
050,49,055,"Utah","Wayne County",5,54,26,15,11
050,49,055,"Utah","Wayne County",5,55,29,17,12
050,49,055,"Utah","Wayne County",5,56,29,16,13
050,49,055,"Utah","Wayne County",5,57,30,18,12
050,49,055,"Utah","Wayne County",5,58,27,15,12
050,49,055,"Utah","Wayne County",5,59,40,20,20
050,49,055,"Utah","Wayne County",5,60,45,17,28
050,49,055,"Utah","Wayne County",5,61,41,23,18
050,49,055,"Utah","Wayne County",5,62,39,16,23
050,49,055,"Utah","Wayne County",5,63,38,15,23
050,49,055,"Utah","Wayne County",5,64,32,14,18
050,49,055,"Utah","Wayne County",5,65,45,22,23
050,49,055,"Utah","Wayne County",5,66,47,25,22
050,49,055,"Utah","Wayne County",5,67,42,21,21
050,49,055,"Utah","Wayne County",5,68,43,23,20
050,49,055,"Utah","Wayne County",5,69,38,21,17
050,49,055,"Utah","Wayne County",5,70,39,25,14
050,49,055,"Utah","Wayne County",5,71,46,25,21
050,49,055,"Utah","Wayne County",5,72,41,22,19
050,49,055,"Utah","Wayne County",5,73,31,16,15
050,49,055,"Utah","Wayne County",5,74,35,18,17
050,49,055,"Utah","Wayne County",5,75,28,12,16
050,49,055,"Utah","Wayne County",5,76,35,17,18
050,49,055,"Utah","Wayne County",5,77,21,12,9
050,49,055,"Utah","Wayne County",5,78,25,10,15
050,49,055,"Utah","Wayne County",5,79,22,9,13
050,49,055,"Utah","Wayne County",5,80,17,11,6
050,49,055,"Utah","Wayne County",5,81,12,8,4
050,49,055,"Utah","Wayne County",5,82,12,7,5
050,49,055,"Utah","Wayne County",5,83,14,5,9
050,49,055,"Utah","Wayne County",5,84,12,6,6
050,49,055,"Utah","Wayne County",5,85,21,12,9
050,49,057,"Utah","Weber County",1,0,3581,1832,1749
050,49,057,"Utah","Weber County",1,1,3667,1906,1761
050,49,057,"Utah","Weber County",1,2,3692,1921,1771
050,49,057,"Utah","Weber County",1,3,3879,1974,1905
050,49,057,"Utah","Weber County",1,4,4073,2051,2022
050,49,057,"Utah","Weber County",1,5,3968,2019,1949
050,49,057,"Utah","Weber County",1,6,3917,2036,1881
050,49,057,"Utah","Weber County",1,7,4069,2050,2019
050,49,057,"Utah","Weber County",1,8,4015,2051,1964
050,49,057,"Utah","Weber County",1,9,4047,2081,1966
050,49,057,"Utah","Weber County",1,10,4220,2186,2034
050,49,057,"Utah","Weber County",1,11,4354,2238,2116
050,49,057,"Utah","Weber County",1,12,4388,2216,2172
050,49,057,"Utah","Weber County",1,13,4330,2221,2109
050,49,057,"Utah","Weber County",1,14,4213,2196,2017
050,49,057,"Utah","Weber County",1,15,4100,2107,1993
050,49,057,"Utah","Weber County",1,16,4186,2130,2056
050,49,057,"Utah","Weber County",1,17,4094,2104,1990
050,49,057,"Utah","Weber County",1,18,3643,1927,1716
050,49,057,"Utah","Weber County",1,19,3238,1663,1575
050,49,057,"Utah","Weber County",1,20,3326,1736,1590
050,49,057,"Utah","Weber County",1,21,3536,1815,1721
050,49,057,"Utah","Weber County",1,22,3721,1876,1845
050,49,057,"Utah","Weber County",1,23,3962,2046,1916
050,49,057,"Utah","Weber County",1,24,3972,2025,1947
050,49,057,"Utah","Weber County",1,25,4008,2050,1958
050,49,057,"Utah","Weber County",1,26,4042,2030,2012
050,49,057,"Utah","Weber County",1,27,4041,2072,1969
050,49,057,"Utah","Weber County",1,28,4140,2126,2014
050,49,057,"Utah","Weber County",1,29,4151,2132,2019
050,49,057,"Utah","Weber County",1,30,4025,2061,1964
050,49,057,"Utah","Weber County",1,31,3871,1972,1899
050,49,057,"Utah","Weber County",1,32,3703,1898,1805
050,49,057,"Utah","Weber County",1,33,3685,1865,1820
050,49,057,"Utah","Weber County",1,34,3781,1906,1875
050,49,057,"Utah","Weber County",1,35,3855,1966,1889
050,49,057,"Utah","Weber County",1,36,3741,1941,1800
050,49,057,"Utah","Weber County",1,37,3822,2019,1803
050,49,057,"Utah","Weber County",1,38,3815,2018,1797
050,49,057,"Utah","Weber County",1,39,3819,1958,1861
050,49,057,"Utah","Weber County",1,40,3770,1907,1863
050,49,057,"Utah","Weber County",1,41,3743,1928,1815
050,49,057,"Utah","Weber County",1,42,3664,1854,1810
050,49,057,"Utah","Weber County",1,43,3553,1819,1734
050,49,057,"Utah","Weber County",1,44,3368,1738,1630
050,49,057,"Utah","Weber County",1,45,3185,1686,1499
050,49,057,"Utah","Weber County",1,46,3011,1552,1459
050,49,057,"Utah","Weber County",1,47,2902,1503,1399
050,49,057,"Utah","Weber County",1,48,2993,1523,1470
050,49,057,"Utah","Weber County",1,49,3052,1541,1511
050,49,057,"Utah","Weber County",1,50,2847,1432,1415
050,49,057,"Utah","Weber County",1,51,2708,1349,1359
050,49,057,"Utah","Weber County",1,52,2584,1332,1252
050,49,057,"Utah","Weber County",1,53,2646,1374,1272
050,49,057,"Utah","Weber County",1,54,2719,1379,1340
050,49,057,"Utah","Weber County",1,55,2793,1435,1358
050,49,057,"Utah","Weber County",1,56,2807,1421,1386
050,49,057,"Utah","Weber County",1,57,2854,1448,1406
050,49,057,"Utah","Weber County",1,58,3015,1541,1474
050,49,057,"Utah","Weber County",1,59,2909,1486,1423
050,49,057,"Utah","Weber County",1,60,2773,1392,1381
050,49,057,"Utah","Weber County",1,61,2718,1395,1323
050,49,057,"Utah","Weber County",1,62,2745,1379,1366
050,49,057,"Utah","Weber County",1,63,2628,1315,1313
050,49,057,"Utah","Weber County",1,64,2529,1241,1288
050,49,057,"Utah","Weber County",1,65,2426,1189,1237
050,49,057,"Utah","Weber County",1,66,2289,1121,1168
050,49,057,"Utah","Weber County",1,67,2212,1057,1155
050,49,057,"Utah","Weber County",1,68,2068,989,1079
050,49,057,"Utah","Weber County",1,69,1809,890,919
050,49,057,"Utah","Weber County",1,70,1821,890,931
050,49,057,"Utah","Weber County",1,71,1796,854,942
050,49,057,"Utah","Weber County",1,72,1770,856,914
050,49,057,"Utah","Weber County",1,73,1771,874,897
050,49,057,"Utah","Weber County",1,74,1218,583,635
050,49,057,"Utah","Weber County",1,75,1201,561,640
050,49,057,"Utah","Weber County",1,76,1203,546,657
050,49,057,"Utah","Weber County",1,77,1161,509,652
050,49,057,"Utah","Weber County",1,78,948,425,523
050,49,057,"Utah","Weber County",1,79,863,396,467
050,49,057,"Utah","Weber County",1,80,772,348,424
050,49,057,"Utah","Weber County",1,81,728,330,398
050,49,057,"Utah","Weber County",1,82,688,315,373
050,49,057,"Utah","Weber County",1,83,617,269,348
050,49,057,"Utah","Weber County",1,84,552,235,317
050,49,057,"Utah","Weber County",1,85,3099,1255,1844
050,49,057,"Utah","Weber County",2,0,3607,1863,1744
050,49,057,"Utah","Weber County",2,1,3638,1886,1752
050,49,057,"Utah","Weber County",2,2,3697,1923,1774
050,49,057,"Utah","Weber County",2,3,3819,1950,1869
050,49,057,"Utah","Weber County",2,4,4033,2035,1998
050,49,057,"Utah","Weber County",2,5,3992,2024,1968
050,49,057,"Utah","Weber County",2,6,3931,2027,1904
050,49,057,"Utah","Weber County",2,7,4025,2042,1983
050,49,057,"Utah","Weber County",2,8,4012,2037,1975
050,49,057,"Utah","Weber County",2,9,4035,2078,1957
050,49,057,"Utah","Weber County",2,10,4173,2159,2014
050,49,057,"Utah","Weber County",2,11,4305,2216,2089
050,49,057,"Utah","Weber County",2,12,4398,2233,2165
050,49,057,"Utah","Weber County",2,13,4338,2218,2120
050,49,057,"Utah","Weber County",2,14,4246,2207,2039
050,49,057,"Utah","Weber County",2,15,4134,2131,2003
050,49,057,"Utah","Weber County",2,16,4179,2130,2049
050,49,057,"Utah","Weber County",2,17,4132,2119,2013
050,49,057,"Utah","Weber County",2,18,3658,1934,1724
050,49,057,"Utah","Weber County",2,19,3264,1682,1582
050,49,057,"Utah","Weber County",2,20,3392,1767,1625
050,49,057,"Utah","Weber County",2,21,3542,1821,1721
050,49,057,"Utah","Weber County",2,22,3756,1904,1852
050,49,057,"Utah","Weber County",2,23,3974,2046,1928
050,49,057,"Utah","Weber County",2,24,3989,2046,1943
050,49,057,"Utah","Weber County",2,25,4047,2077,1970
050,49,057,"Utah","Weber County",2,26,4037,2035,2002
050,49,057,"Utah","Weber County",2,27,4034,2062,1972
050,49,057,"Utah","Weber County",2,28,4109,2110,1999
050,49,057,"Utah","Weber County",2,29,4153,2140,2013
050,49,057,"Utah","Weber County",2,30,4067,2076,1991
050,49,057,"Utah","Weber County",2,31,3904,1985,1919
050,49,057,"Utah","Weber County",2,32,3732,1913,1819
050,49,057,"Utah","Weber County",2,33,3688,1872,1816
050,49,057,"Utah","Weber County",2,34,3760,1901,1859
050,49,057,"Utah","Weber County",2,35,3871,1973,1898
050,49,057,"Utah","Weber County",2,36,3738,1928,1810
050,49,057,"Utah","Weber County",2,37,3814,2010,1804
050,49,057,"Utah","Weber County",2,38,3835,2028,1807
050,49,057,"Utah","Weber County",2,39,3808,1967,1841
050,49,057,"Utah","Weber County",2,40,3811,1937,1874
050,49,057,"Utah","Weber County",2,41,3750,1920,1830
050,49,057,"Utah","Weber County",2,42,3678,1870,1808
050,49,057,"Utah","Weber County",2,43,3604,1839,1765
050,49,057,"Utah","Weber County",2,44,3392,1750,1642
050,49,057,"Utah","Weber County",2,45,3241,1702,1539
050,49,057,"Utah","Weber County",2,46,3054,1583,1471
050,49,057,"Utah","Weber County",2,47,2921,1506,1415
050,49,057,"Utah","Weber County",2,48,2966,1517,1449
050,49,057,"Utah","Weber County",2,49,3048,1543,1505
050,49,057,"Utah","Weber County",2,50,2906,1458,1448
050,49,057,"Utah","Weber County",2,51,2736,1370,1366
050,49,057,"Utah","Weber County",2,52,2600,1328,1272
050,49,057,"Utah","Weber County",2,53,2640,1371,1269
050,49,057,"Utah","Weber County",2,54,2700,1378,1322
050,49,057,"Utah","Weber County",2,55,2774,1422,1352
050,49,057,"Utah","Weber County",2,56,2807,1428,1379
050,49,057,"Utah","Weber County",2,57,2845,1438,1407
050,49,057,"Utah","Weber County",2,58,2982,1523,1459
050,49,057,"Utah","Weber County",2,59,2951,1506,1445
050,49,057,"Utah","Weber County",2,60,2805,1413,1392
050,49,057,"Utah","Weber County",2,61,2727,1392,1335
050,49,057,"Utah","Weber County",2,62,2735,1380,1355
050,49,057,"Utah","Weber County",2,63,2661,1331,1330
050,49,057,"Utah","Weber County",2,64,2527,1245,1282
050,49,057,"Utah","Weber County",2,65,2436,1191,1245
050,49,057,"Utah","Weber County",2,66,2320,1133,1187
050,49,057,"Utah","Weber County",2,67,2217,1066,1151
050,49,057,"Utah","Weber County",2,68,2073,989,1084
050,49,057,"Utah","Weber County",2,69,1882,918,964
050,49,057,"Utah","Weber County",2,70,1811,887,924
050,49,057,"Utah","Weber County",2,71,1800,864,936
050,49,057,"Utah","Weber County",2,72,1736,833,903
050,49,057,"Utah","Weber County",2,73,1841,901,940
050,49,057,"Utah","Weber County",2,74,1265,611,654
050,49,057,"Utah","Weber County",2,75,1198,562,636
050,49,057,"Utah","Weber County",2,76,1181,541,640
050,49,057,"Utah","Weber County",2,77,1193,521,672
050,49,057,"Utah","Weber County",2,78,972,433,539
050,49,057,"Utah","Weber County",2,79,873,399,474
050,49,057,"Utah","Weber County",2,80,780,356,424
050,49,057,"Utah","Weber County",2,81,724,325,399
050,49,057,"Utah","Weber County",2,82,684,317,367
050,49,057,"Utah","Weber County",2,83,621,271,350
050,49,057,"Utah","Weber County",2,84,561,237,324
050,49,057,"Utah","Weber County",2,85,3093,1262,1831
050,49,057,"Utah","Weber County",3,0,3445,1739,1706
050,49,057,"Utah","Weber County",3,1,3549,1828,1721
050,49,057,"Utah","Weber County",3,2,3702,1957,1745
050,49,057,"Utah","Weber County",3,3,3729,1947,1782
050,49,057,"Utah","Weber County",3,4,3834,1983,1851
050,49,057,"Utah","Weber County",3,5,4034,2073,1961
050,49,057,"Utah","Weber County",3,6,4036,2056,1980
050,49,057,"Utah","Weber County",3,7,3937,2024,1913
050,49,057,"Utah","Weber County",3,8,4060,2063,1997
050,49,057,"Utah","Weber County",3,9,4015,2016,1999
050,49,057,"Utah","Weber County",3,10,4081,2114,1967
050,49,057,"Utah","Weber County",3,11,4207,2207,2000
050,49,057,"Utah","Weber County",3,12,4379,2243,2136
050,49,057,"Utah","Weber County",3,13,4453,2256,2197
050,49,057,"Utah","Weber County",3,14,4357,2230,2127
050,49,057,"Utah","Weber County",3,15,4202,2191,2011
050,49,057,"Utah","Weber County",3,16,4185,2156,2029
050,49,057,"Utah","Weber County",3,17,4183,2132,2051
050,49,057,"Utah","Weber County",3,18,3632,1911,1721
050,49,057,"Utah","Weber County",3,19,3131,1611,1520
050,49,057,"Utah","Weber County",3,20,3425,1711,1714
050,49,057,"Utah","Weber County",3,21,3647,1865,1782
050,49,057,"Utah","Weber County",3,22,3788,1906,1882
050,49,057,"Utah","Weber County",3,23,4031,2057,1974
050,49,057,"Utah","Weber County",3,24,4263,2192,2071
050,49,057,"Utah","Weber County",3,25,4187,2167,2020
050,49,057,"Utah","Weber County",3,26,4142,2117,2025
050,49,057,"Utah","Weber County",3,27,4111,2075,2036
050,49,057,"Utah","Weber County",3,28,4046,2058,1988
050,49,057,"Utah","Weber County",3,29,4226,2195,2031
050,49,057,"Utah","Weber County",3,30,4206,2170,2036
050,49,057,"Utah","Weber County",3,31,4081,2065,2016
050,49,057,"Utah","Weber County",3,32,3902,1992,1910
050,49,057,"Utah","Weber County",3,33,3769,1930,1839
050,49,057,"Utah","Weber County",3,34,3704,1895,1809
050,49,057,"Utah","Weber County",3,35,3795,1902,1893
050,49,057,"Utah","Weber County",3,36,3837,1946,1891
050,49,057,"Utah","Weber County",3,37,3808,1969,1839
050,49,057,"Utah","Weber County",3,38,3839,2021,1818
050,49,057,"Utah","Weber County",3,39,3865,2030,1835
050,49,057,"Utah","Weber County",3,40,3845,1976,1869
050,49,057,"Utah","Weber County",3,41,3833,1953,1880
050,49,057,"Utah","Weber County",3,42,3740,1914,1826
050,49,057,"Utah","Weber County",3,43,3731,1896,1835
050,49,057,"Utah","Weber County",3,44,3630,1847,1783
050,49,057,"Utah","Weber County",3,45,3422,1774,1648
050,49,057,"Utah","Weber County",3,46,3253,1709,1544
050,49,057,"Utah","Weber County",3,47,3041,1560,1481
050,49,057,"Utah","Weber County",3,48,2914,1511,1403
050,49,057,"Utah","Weber County",3,49,3022,1532,1490
050,49,057,"Utah","Weber County",3,50,3117,1561,1556
050,49,057,"Utah","Weber County",3,51,2953,1493,1460
050,49,057,"Utah","Weber County",3,52,2746,1354,1392
050,49,057,"Utah","Weber County",3,53,2625,1357,1268
050,49,057,"Utah","Weber County",3,54,2699,1399,1300
050,49,057,"Utah","Weber County",3,55,2724,1394,1330
050,49,057,"Utah","Weber County",3,56,2782,1415,1367
050,49,057,"Utah","Weber County",3,57,2781,1410,1371
050,49,057,"Utah","Weber County",3,58,2862,1461,1401
050,49,057,"Utah","Weber County",3,59,2937,1500,1437
050,49,057,"Utah","Weber County",3,60,2915,1485,1430
050,49,057,"Utah","Weber County",3,61,2813,1440,1373
050,49,057,"Utah","Weber County",3,62,2723,1370,1353
050,49,057,"Utah","Weber County",3,63,2712,1360,1352
050,49,057,"Utah","Weber County",3,64,2623,1297,1326
050,49,057,"Utah","Weber County",3,65,2511,1221,1290
050,49,057,"Utah","Weber County",3,66,2381,1157,1224
050,49,057,"Utah","Weber County",3,67,2288,1117,1171
050,49,057,"Utah","Weber County",3,68,2160,1028,1132
050,49,057,"Utah","Weber County",3,69,2045,974,1071
050,49,057,"Utah","Weber County",3,70,1856,898,958
050,49,057,"Utah","Weber County",3,71,1773,868,905
050,49,057,"Utah","Weber County",3,72,1776,845,931
050,49,057,"Utah","Weber County",3,73,1658,792,866
050,49,057,"Utah","Weber County",3,74,1791,877,914
050,49,057,"Utah","Weber County",3,75,1203,576,627
050,49,057,"Utah","Weber County",3,76,1167,544,623
050,49,057,"Utah","Weber County",3,77,1162,520,642
050,49,057,"Utah","Weber County",3,78,1128,497,631
050,49,057,"Utah","Weber County",3,79,945,418,527
050,49,057,"Utah","Weber County",3,80,820,379,441
050,49,057,"Utah","Weber County",3,81,739,327,412
050,49,057,"Utah","Weber County",3,82,675,303,372
050,49,057,"Utah","Weber County",3,83,634,290,344
050,49,057,"Utah","Weber County",3,84,576,251,325
050,49,057,"Utah","Weber County",3,85,3015,1229,1786
050,49,057,"Utah","Weber County",4,0,3481,1761,1720
050,49,057,"Utah","Weber County",4,1,3442,1745,1697
050,49,057,"Utah","Weber County",4,2,3609,1866,1743
050,49,057,"Utah","Weber County",4,3,3714,1949,1765
050,49,057,"Utah","Weber County",4,4,3660,1909,1751
050,49,057,"Utah","Weber County",4,5,3870,2010,1860
050,49,057,"Utah","Weber County",4,6,4018,2050,1968
050,49,057,"Utah","Weber County",4,7,4046,2044,2002
050,49,057,"Utah","Weber County",4,8,3925,2012,1913
050,49,057,"Utah","Weber County",4,9,4064,2058,2006
050,49,057,"Utah","Weber County",4,10,4063,2042,2021
050,49,057,"Utah","Weber County",4,11,4073,2122,1951
050,49,057,"Utah","Weber County",4,12,4203,2203,2000
050,49,057,"Utah","Weber County",4,13,4321,2202,2119
050,49,057,"Utah","Weber County",4,14,4452,2264,2188
050,49,057,"Utah","Weber County",4,15,4310,2219,2091
050,49,057,"Utah","Weber County",4,16,4212,2196,2016
050,49,057,"Utah","Weber County",4,17,4165,2151,2014
050,49,057,"Utah","Weber County",4,18,3713,1954,1759
050,49,057,"Utah","Weber County",4,19,3145,1651,1494
050,49,057,"Utah","Weber County",4,20,3395,1743,1652
050,49,057,"Utah","Weber County",4,21,3695,1820,1875
050,49,057,"Utah","Weber County",4,22,3902,1961,1941
050,49,057,"Utah","Weber County",4,23,4138,2095,2043
050,49,057,"Utah","Weber County",4,24,4275,2192,2083
050,49,057,"Utah","Weber County",4,25,4404,2291,2113
050,49,057,"Utah","Weber County",4,26,4246,2200,2046
050,49,057,"Utah","Weber County",4,27,4230,2158,2072
050,49,057,"Utah","Weber County",4,28,4179,2127,2052
050,49,057,"Utah","Weber County",4,29,4163,2145,2018
050,49,057,"Utah","Weber County",4,30,4256,2188,2068
050,49,057,"Utah","Weber County",4,31,4232,2143,2089
050,49,057,"Utah","Weber County",4,32,4111,2102,2009
050,49,057,"Utah","Weber County",4,33,4006,2055,1951
050,49,057,"Utah","Weber County",4,34,3792,1967,1825
050,49,057,"Utah","Weber County",4,35,3790,1968,1822
050,49,057,"Utah","Weber County",4,36,3822,1899,1923
050,49,057,"Utah","Weber County",4,37,3915,2013,1902
050,49,057,"Utah","Weber County",4,38,3810,1981,1829
050,49,057,"Utah","Weber County",4,39,3874,2036,1838
050,49,057,"Utah","Weber County",4,40,3849,2018,1831
050,49,057,"Utah","Weber County",4,41,3811,1965,1846
050,49,057,"Utah","Weber County",4,42,3843,1933,1910
050,49,057,"Utah","Weber County",4,43,3787,1908,1879
050,49,057,"Utah","Weber County",4,44,3711,1900,1811
050,49,057,"Utah","Weber County",4,45,3575,1831,1744
050,49,057,"Utah","Weber County",4,46,3418,1769,1649
050,49,057,"Utah","Weber County",4,47,3287,1716,1571
050,49,057,"Utah","Weber County",4,48,3030,1560,1470
050,49,057,"Utah","Weber County",4,49,2907,1493,1414
050,49,057,"Utah","Weber County",4,50,3020,1543,1477
050,49,057,"Utah","Weber County",4,51,3118,1570,1548
050,49,057,"Utah","Weber County",4,52,2937,1475,1462
050,49,057,"Utah","Weber County",4,53,2771,1378,1393
050,49,057,"Utah","Weber County",4,54,2637,1360,1277
050,49,057,"Utah","Weber County",4,55,2693,1385,1308
050,49,057,"Utah","Weber County",4,56,2709,1384,1325
050,49,057,"Utah","Weber County",4,57,2777,1390,1387
050,49,057,"Utah","Weber County",4,58,2760,1398,1362
050,49,057,"Utah","Weber County",4,59,2818,1426,1392
050,49,057,"Utah","Weber County",4,60,2890,1462,1428
050,49,057,"Utah","Weber County",4,61,2896,1488,1408
050,49,057,"Utah","Weber County",4,62,2783,1419,1364
050,49,057,"Utah","Weber County",4,63,2717,1366,1351
050,49,057,"Utah","Weber County",4,64,2666,1323,1343
050,49,057,"Utah","Weber County",4,65,2592,1279,1313
050,49,057,"Utah","Weber County",4,66,2457,1197,1260
050,49,057,"Utah","Weber County",4,67,2341,1136,1205
050,49,057,"Utah","Weber County",4,68,2234,1090,1144
050,49,057,"Utah","Weber County",4,69,2129,1008,1121
050,49,057,"Utah","Weber County",4,70,2023,948,1075
050,49,057,"Utah","Weber County",4,71,1803,873,930
050,49,057,"Utah","Weber County",4,72,1737,844,893
050,49,057,"Utah","Weber County",4,73,1713,817,896
050,49,057,"Utah","Weber County",4,74,1614,769,845
050,49,057,"Utah","Weber County",4,75,1736,842,894
050,49,057,"Utah","Weber County",4,76,1153,562,591
050,49,057,"Utah","Weber County",4,77,1135,517,618
050,49,057,"Utah","Weber County",4,78,1094,493,601
050,49,057,"Utah","Weber County",4,79,1081,477,604
050,49,057,"Utah","Weber County",4,80,888,387,501
050,49,057,"Utah","Weber County",4,81,766,347,419
050,49,057,"Utah","Weber County",4,82,677,305,372
050,49,057,"Utah","Weber County",4,83,622,268,354
050,49,057,"Utah","Weber County",4,84,584,269,315
050,49,057,"Utah","Weber County",4,85,2950,1217,1733
050,49,057,"Utah","Weber County",5,0,3468,1752,1716
050,49,057,"Utah","Weber County",5,1,3532,1777,1755
050,49,057,"Utah","Weber County",5,2,3424,1754,1670
050,49,057,"Utah","Weber County",5,3,3551,1810,1741
050,49,057,"Utah","Weber County",5,4,3724,1954,1770
050,49,057,"Utah","Weber County",5,5,3662,1919,1743
050,49,057,"Utah","Weber County",5,6,3828,1985,1843
050,49,057,"Utah","Weber County",5,7,4024,2073,1951
050,49,057,"Utah","Weber County",5,8,3983,1991,1992
050,49,057,"Utah","Weber County",5,9,3918,2006,1912
050,49,057,"Utah","Weber County",5,10,4111,2070,2041
050,49,057,"Utah","Weber County",5,11,4063,2075,1988
050,49,057,"Utah","Weber County",5,12,4048,2107,1941
050,49,057,"Utah","Weber County",5,13,4205,2192,2013
050,49,057,"Utah","Weber County",5,14,4323,2213,2110
050,49,057,"Utah","Weber County",5,15,4461,2260,2201
050,49,057,"Utah","Weber County",5,16,4313,2204,2109
050,49,057,"Utah","Weber County",5,17,4260,2202,2058
050,49,057,"Utah","Weber County",5,18,3684,1961,1723
050,49,057,"Utah","Weber County",5,19,3166,1650,1516
050,49,057,"Utah","Weber County",5,20,3378,1766,1612
050,49,057,"Utah","Weber County",5,21,3650,1841,1809
050,49,057,"Utah","Weber County",5,22,3977,1922,2055
050,49,057,"Utah","Weber County",5,23,4187,2099,2088
050,49,057,"Utah","Weber County",5,24,4302,2225,2077
050,49,057,"Utah","Weber County",5,25,4442,2302,2140
050,49,057,"Utah","Weber County",5,26,4447,2307,2140
050,49,057,"Utah","Weber County",5,27,4320,2241,2079
050,49,057,"Utah","Weber County",5,28,4234,2176,2058
050,49,057,"Utah","Weber County",5,29,4286,2189,2097
050,49,057,"Utah","Weber County",5,30,4152,2141,2011
050,49,057,"Utah","Weber County",5,31,4283,2181,2102
050,49,057,"Utah","Weber County",5,32,4258,2192,2066
050,49,057,"Utah","Weber County",5,33,4086,2073,2013
050,49,057,"Utah","Weber County",5,34,4024,2092,1932
050,49,057,"Utah","Weber County",5,35,3817,1972,1845
050,49,057,"Utah","Weber County",5,36,3759,1925,1834
050,49,057,"Utah","Weber County",5,37,3837,1917,1920
050,49,057,"Utah","Weber County",5,38,3900,2000,1900
050,49,057,"Utah","Weber County",5,39,3757,1949,1808
050,49,057,"Utah","Weber County",5,40,3840,2023,1817
050,49,057,"Utah","Weber County",5,41,3870,2028,1842
050,49,057,"Utah","Weber County",5,42,3823,1976,1847
050,49,057,"Utah","Weber County",5,43,3818,1915,1903
050,49,057,"Utah","Weber County",5,44,3813,1933,1880
050,49,057,"Utah","Weber County",5,45,3694,1909,1785
050,49,057,"Utah","Weber County",5,46,3593,1830,1763
050,49,057,"Utah","Weber County",5,47,3428,1767,1661
050,49,057,"Utah","Weber County",5,48,3290,1706,1584
050,49,057,"Utah","Weber County",5,49,3044,1554,1490
050,49,057,"Utah","Weber County",5,50,2918,1503,1415
050,49,057,"Utah","Weber County",5,51,3030,1559,1471
050,49,057,"Utah","Weber County",5,52,3073,1521,1552
050,49,057,"Utah","Weber County",5,53,2960,1506,1454
050,49,057,"Utah","Weber County",5,54,2793,1385,1408
050,49,057,"Utah","Weber County",5,55,2641,1362,1279
050,49,057,"Utah","Weber County",5,56,2637,1356,1281
050,49,057,"Utah","Weber County",5,57,2726,1369,1357
050,49,057,"Utah","Weber County",5,58,2777,1391,1386
050,49,057,"Utah","Weber County",5,59,2740,1387,1353
050,49,057,"Utah","Weber County",5,60,2800,1409,1391
050,49,057,"Utah","Weber County",5,61,2899,1463,1436
050,49,057,"Utah","Weber County",5,62,2889,1470,1419
050,49,057,"Utah","Weber County",5,63,2745,1395,1350
050,49,057,"Utah","Weber County",5,64,2685,1354,1331
050,49,057,"Utah","Weber County",5,65,2640,1307,1333
050,49,057,"Utah","Weber County",5,66,2554,1259,1295
050,49,057,"Utah","Weber County",5,67,2415,1173,1242
050,49,057,"Utah","Weber County",5,68,2306,1111,1195
050,49,057,"Utah","Weber County",5,69,2205,1078,1127
050,49,057,"Utah","Weber County",5,70,2098,985,1113
050,49,057,"Utah","Weber County",5,71,1975,926,1049
050,49,057,"Utah","Weber County",5,72,1794,865,929
050,49,057,"Utah","Weber County",5,73,1665,795,870
050,49,057,"Utah","Weber County",5,74,1682,801,881
050,49,057,"Utah","Weber County",5,75,1559,741,818
050,49,057,"Utah","Weber County",5,76,1676,808,868
050,49,057,"Utah","Weber County",5,77,1139,546,593
050,49,057,"Utah","Weber County",5,78,1090,493,597
050,49,057,"Utah","Weber County",5,79,1056,474,582
050,49,057,"Utah","Weber County",5,80,1023,443,580
050,49,057,"Utah","Weber County",5,81,844,362,482
050,49,057,"Utah","Weber County",5,82,696,324,372
050,49,057,"Utah","Weber County",5,83,613,269,344
050,49,057,"Utah","Weber County",5,84,574,246,328
050,49,057,"Utah","Weber County",5,85,2952,1250,1702

