"SUMLEV","STATE","COUNTY","STNAME","CTYNAME","YEAR","AGE","TOT_POP","TOT_MALE","TOT_FEMALE"
050,38,001,"North Dakota","Adams County",1,0,23,12,11
050,38,001,"North Dakota","Adams County",1,1,21,11,10
050,38,001,"North Dakota","Adams County",1,2,28,15,13
050,38,001,"North Dakota","Adams County",1,3,29,16,13
050,38,001,"North Dakota","Adams County",1,4,25,11,14
050,38,001,"North Dakota","Adams County",1,5,22,9,13
050,38,001,"North Dakota","Adams County",1,6,26,15,11
050,38,001,"North Dakota","Adams County",1,7,23,15,8
050,38,001,"North Dakota","Adams County",1,8,18,7,11
050,38,001,"North Dakota","Adams County",1,9,22,10,12
050,38,001,"North Dakota","Adams County",1,10,26,14,12
050,38,001,"North Dakota","Adams County",1,11,26,11,15
050,38,001,"North Dakota","Adams County",1,12,20,9,11
050,38,001,"North Dakota","Adams County",1,13,28,14,14
050,38,001,"North Dakota","Adams County",1,14,21,12,9
050,38,001,"North Dakota","Adams County",1,15,24,15,9
050,38,001,"North Dakota","Adams County",1,16,24,14,10
050,38,001,"North Dakota","Adams County",1,17,27,13,14
050,38,001,"North Dakota","Adams County",1,18,23,10,13
050,38,001,"North Dakota","Adams County",1,19,21,13,8
050,38,001,"North Dakota","Adams County",1,20,20,10,10
050,38,001,"North Dakota","Adams County",1,21,18,9,9
050,38,001,"North Dakota","Adams County",1,22,20,10,10
050,38,001,"North Dakota","Adams County",1,23,17,6,11
050,38,001,"North Dakota","Adams County",1,24,18,10,8
050,38,001,"North Dakota","Adams County",1,25,18,9,9
050,38,001,"North Dakota","Adams County",1,26,20,10,10
050,38,001,"North Dakota","Adams County",1,27,18,10,8
050,38,001,"North Dakota","Adams County",1,28,16,9,7
050,38,001,"North Dakota","Adams County",1,29,19,9,10
050,38,001,"North Dakota","Adams County",1,30,20,11,9
050,38,001,"North Dakota","Adams County",1,31,27,14,13
050,38,001,"North Dakota","Adams County",1,32,27,16,11
050,38,001,"North Dakota","Adams County",1,33,30,14,16
050,38,001,"North Dakota","Adams County",1,34,28,11,17
050,38,001,"North Dakota","Adams County",1,35,28,14,14
050,38,001,"North Dakota","Adams County",1,36,27,17,10
050,38,001,"North Dakota","Adams County",1,37,22,11,11
050,38,001,"North Dakota","Adams County",1,38,19,13,6
050,38,001,"North Dakota","Adams County",1,39,19,10,9
050,38,001,"North Dakota","Adams County",1,40,25,16,9
050,38,001,"North Dakota","Adams County",1,41,25,14,11
050,38,001,"North Dakota","Adams County",1,42,25,14,11
050,38,001,"North Dakota","Adams County",1,43,14,8,6
050,38,001,"North Dakota","Adams County",1,44,15,7,8
050,38,001,"North Dakota","Adams County",1,45,18,7,11
050,38,001,"North Dakota","Adams County",1,46,25,7,18
050,38,001,"North Dakota","Adams County",1,47,20,8,12
050,38,001,"North Dakota","Adams County",1,48,15,8,7
050,38,001,"North Dakota","Adams County",1,49,20,12,8
050,38,001,"North Dakota","Adams County",1,50,19,11,8
050,38,001,"North Dakota","Adams County",1,51,24,11,13
050,38,001,"North Dakota","Adams County",1,52,20,8,12
050,38,001,"North Dakota","Adams County",1,53,22,11,11
050,38,001,"North Dakota","Adams County",1,54,25,14,11
050,38,001,"North Dakota","Adams County",1,55,30,15,15
050,38,001,"North Dakota","Adams County",1,56,31,16,15
050,38,001,"North Dakota","Adams County",1,57,37,17,20
050,38,001,"North Dakota","Adams County",1,58,34,14,20
050,38,001,"North Dakota","Adams County",1,59,35,16,19
050,38,001,"North Dakota","Adams County",1,60,37,21,16
050,38,001,"North Dakota","Adams County",1,61,36,21,15
050,38,001,"North Dakota","Adams County",1,62,34,18,16
050,38,001,"North Dakota","Adams County",1,63,40,22,18
050,38,001,"North Dakota","Adams County",1,64,39,18,21
050,38,001,"North Dakota","Adams County",1,65,41,20,21
050,38,001,"North Dakota","Adams County",1,66,39,17,22
050,38,001,"North Dakota","Adams County",1,67,47,24,23
050,38,001,"North Dakota","Adams County",1,68,36,18,18
050,38,001,"North Dakota","Adams County",1,69,28,15,13
050,38,001,"North Dakota","Adams County",1,70,27,15,12
050,38,001,"North Dakota","Adams County",1,71,27,11,16
050,38,001,"North Dakota","Adams County",1,72,30,15,15
050,38,001,"North Dakota","Adams County",1,73,33,16,17
050,38,001,"North Dakota","Adams County",1,74,31,16,15
050,38,001,"North Dakota","Adams County",1,75,20,10,10
050,38,001,"North Dakota","Adams County",1,76,21,13,8
050,38,001,"North Dakota","Adams County",1,77,16,9,7
050,38,001,"North Dakota","Adams County",1,78,21,11,10
050,38,001,"North Dakota","Adams County",1,79,22,7,15
050,38,001,"North Dakota","Adams County",1,80,16,8,8
050,38,001,"North Dakota","Adams County",1,81,18,8,10
050,38,001,"North Dakota","Adams County",1,82,19,12,7
050,38,001,"North Dakota","Adams County",1,83,16,8,8
050,38,001,"North Dakota","Adams County",1,84,18,7,11
050,38,001,"North Dakota","Adams County",1,85,109,34,75
050,38,001,"North Dakota","Adams County",2,0,24,11,13
050,38,001,"North Dakota","Adams County",2,1,21,11,10
050,38,001,"North Dakota","Adams County",2,2,26,14,12
050,38,001,"North Dakota","Adams County",2,3,27,15,12
050,38,001,"North Dakota","Adams County",2,4,26,12,14
050,38,001,"North Dakota","Adams County",2,5,22,9,13
050,38,001,"North Dakota","Adams County",2,6,25,14,11
050,38,001,"North Dakota","Adams County",2,7,23,15,8
050,38,001,"North Dakota","Adams County",2,8,19,9,10
050,38,001,"North Dakota","Adams County",2,9,21,9,12
050,38,001,"North Dakota","Adams County",2,10,26,14,12
050,38,001,"North Dakota","Adams County",2,11,26,11,15
050,38,001,"North Dakota","Adams County",2,12,22,10,12
050,38,001,"North Dakota","Adams County",2,13,25,12,13
050,38,001,"North Dakota","Adams County",2,14,23,12,11
050,38,001,"North Dakota","Adams County",2,15,24,14,10
050,38,001,"North Dakota","Adams County",2,16,25,14,11
050,38,001,"North Dakota","Adams County",2,17,27,14,13
050,38,001,"North Dakota","Adams County",2,18,22,9,13
050,38,001,"North Dakota","Adams County",2,19,22,13,9
050,38,001,"North Dakota","Adams County",2,20,20,10,10
050,38,001,"North Dakota","Adams County",2,21,20,10,10
050,38,001,"North Dakota","Adams County",2,22,20,10,10
050,38,001,"North Dakota","Adams County",2,23,18,7,11
050,38,001,"North Dakota","Adams County",2,24,18,9,9
050,38,001,"North Dakota","Adams County",2,25,18,9,9
050,38,001,"North Dakota","Adams County",2,26,21,10,11
050,38,001,"North Dakota","Adams County",2,27,18,9,9
050,38,001,"North Dakota","Adams County",2,28,17,10,7
050,38,001,"North Dakota","Adams County",2,29,17,8,9
050,38,001,"North Dakota","Adams County",2,30,20,11,9
050,38,001,"North Dakota","Adams County",2,31,25,14,11
050,38,001,"North Dakota","Adams County",2,32,26,15,11
050,38,001,"North Dakota","Adams County",2,33,29,14,15
050,38,001,"North Dakota","Adams County",2,34,29,12,17
050,38,001,"North Dakota","Adams County",2,35,27,13,14
050,38,001,"North Dakota","Adams County",2,36,26,15,11
050,38,001,"North Dakota","Adams County",2,37,22,12,10
050,38,001,"North Dakota","Adams County",2,38,20,12,8
050,38,001,"North Dakota","Adams County",2,39,19,11,8
050,38,001,"North Dakota","Adams County",2,40,23,14,9
050,38,001,"North Dakota","Adams County",2,41,25,15,10
050,38,001,"North Dakota","Adams County",2,42,25,14,11
050,38,001,"North Dakota","Adams County",2,43,17,10,7
050,38,001,"North Dakota","Adams County",2,44,14,7,7
050,38,001,"North Dakota","Adams County",2,45,17,7,10
050,38,001,"North Dakota","Adams County",2,46,22,7,15
050,38,001,"North Dakota","Adams County",2,47,21,8,13
050,38,001,"North Dakota","Adams County",2,48,16,8,8
050,38,001,"North Dakota","Adams County",2,49,19,11,8
050,38,001,"North Dakota","Adams County",2,50,19,11,8
050,38,001,"North Dakota","Adams County",2,51,22,11,11
050,38,001,"North Dakota","Adams County",2,52,21,9,12
050,38,001,"North Dakota","Adams County",2,53,21,10,11
050,38,001,"North Dakota","Adams County",2,54,24,13,11
050,38,001,"North Dakota","Adams County",2,55,30,15,15
050,38,001,"North Dakota","Adams County",2,56,31,16,15
050,38,001,"North Dakota","Adams County",2,57,36,17,19
050,38,001,"North Dakota","Adams County",2,58,35,15,20
050,38,001,"North Dakota","Adams County",2,59,36,16,20
050,38,001,"North Dakota","Adams County",2,60,35,19,16
050,38,001,"North Dakota","Adams County",2,61,36,21,15
050,38,001,"North Dakota","Adams County",2,62,35,19,16
050,38,001,"North Dakota","Adams County",2,63,39,21,18
050,38,001,"North Dakota","Adams County",2,64,39,19,20
050,38,001,"North Dakota","Adams County",2,65,40,19,21
050,38,001,"North Dakota","Adams County",2,66,39,17,22
050,38,001,"North Dakota","Adams County",2,67,46,23,23
050,38,001,"North Dakota","Adams County",2,68,38,19,19
050,38,001,"North Dakota","Adams County",2,69,29,16,13
050,38,001,"North Dakota","Adams County",2,70,27,15,12
050,38,001,"North Dakota","Adams County",2,71,27,12,15
050,38,001,"North Dakota","Adams County",2,72,29,14,15
050,38,001,"North Dakota","Adams County",2,73,34,17,17
050,38,001,"North Dakota","Adams County",2,74,29,14,15
050,38,001,"North Dakota","Adams County",2,75,22,11,11
050,38,001,"North Dakota","Adams County",2,76,20,12,8
050,38,001,"North Dakota","Adams County",2,77,18,10,8
050,38,001,"North Dakota","Adams County",2,78,19,10,9
050,38,001,"North Dakota","Adams County",2,79,21,8,13
050,38,001,"North Dakota","Adams County",2,80,17,8,9
050,38,001,"North Dakota","Adams County",2,81,18,8,10
050,38,001,"North Dakota","Adams County",2,82,18,11,7
050,38,001,"North Dakota","Adams County",2,83,16,8,8
050,38,001,"North Dakota","Adams County",2,84,17,7,10
050,38,001,"North Dakota","Adams County",2,85,107,33,74
050,38,001,"North Dakota","Adams County",3,0,25,12,13
050,38,001,"North Dakota","Adams County",3,1,21,8,13
050,38,001,"North Dakota","Adams County",3,2,21,11,10
050,38,001,"North Dakota","Adams County",3,3,25,13,12
050,38,001,"North Dakota","Adams County",3,4,24,12,12
050,38,001,"North Dakota","Adams County",3,5,29,13,16
050,38,001,"North Dakota","Adams County",3,6,23,10,13
050,38,001,"North Dakota","Adams County",3,7,25,13,12
050,38,001,"North Dakota","Adams County",3,8,23,15,8
050,38,001,"North Dakota","Adams County",3,9,19,8,11
050,38,001,"North Dakota","Adams County",3,10,21,9,12
050,38,001,"North Dakota","Adams County",3,11,30,18,12
050,38,001,"North Dakota","Adams County",3,12,28,10,18
050,38,001,"North Dakota","Adams County",3,13,22,10,12
050,38,001,"North Dakota","Adams County",3,14,24,10,14
050,38,001,"North Dakota","Adams County",3,15,24,12,12
050,38,001,"North Dakota","Adams County",3,16,23,13,10
050,38,001,"North Dakota","Adams County",3,17,26,14,12
050,38,001,"North Dakota","Adams County",3,18,21,12,9
050,38,001,"North Dakota","Adams County",3,19,18,7,11
050,38,001,"North Dakota","Adams County",3,20,19,10,9
050,38,001,"North Dakota","Adams County",3,21,22,12,10
050,38,001,"North Dakota","Adams County",3,22,20,11,9
050,38,001,"North Dakota","Adams County",3,23,18,9,9
050,38,001,"North Dakota","Adams County",3,24,18,9,9
050,38,001,"North Dakota","Adams County",3,25,18,9,9
050,38,001,"North Dakota","Adams County",3,26,21,12,9
050,38,001,"North Dakota","Adams County",3,27,19,8,11
050,38,001,"North Dakota","Adams County",3,28,17,8,9
050,38,001,"North Dakota","Adams County",3,29,17,10,7
050,38,001,"North Dakota","Adams County",3,30,14,6,8
050,38,001,"North Dakota","Adams County",3,31,19,11,8
050,38,001,"North Dakota","Adams County",3,32,23,11,12
050,38,001,"North Dakota","Adams County",3,33,25,15,10
050,38,001,"North Dakota","Adams County",3,34,30,14,16
050,38,001,"North Dakota","Adams County",3,35,27,11,16
050,38,001,"North Dakota","Adams County",3,36,27,13,14
050,38,001,"North Dakota","Adams County",3,37,26,16,10
050,38,001,"North Dakota","Adams County",3,38,22,11,11
050,38,001,"North Dakota","Adams County",3,39,19,11,8
050,38,001,"North Dakota","Adams County",3,40,20,12,8
050,38,001,"North Dakota","Adams County",3,41,23,14,9
050,38,001,"North Dakota","Adams County",3,42,23,13,10
050,38,001,"North Dakota","Adams County",3,43,21,13,8
050,38,001,"North Dakota","Adams County",3,44,19,12,7
050,38,001,"North Dakota","Adams County",3,45,14,7,7
050,38,001,"North Dakota","Adams County",3,46,16,6,10
050,38,001,"North Dakota","Adams County",3,47,20,7,13
050,38,001,"North Dakota","Adams County",3,48,21,8,13
050,38,001,"North Dakota","Adams County",3,49,16,8,8
050,38,001,"North Dakota","Adams County",3,50,18,10,8
050,38,001,"North Dakota","Adams County",3,51,19,11,8
050,38,001,"North Dakota","Adams County",3,52,23,11,12
050,38,001,"North Dakota","Adams County",3,53,19,7,12
050,38,001,"North Dakota","Adams County",3,54,21,10,11
050,38,001,"North Dakota","Adams County",3,55,25,14,11
050,38,001,"North Dakota","Adams County",3,56,25,12,13
050,38,001,"North Dakota","Adams County",3,57,32,16,16
050,38,001,"North Dakota","Adams County",3,58,37,17,20
050,38,001,"North Dakota","Adams County",3,59,34,15,19
050,38,001,"North Dakota","Adams County",3,60,37,17,20
050,38,001,"North Dakota","Adams County",3,61,36,19,17
050,38,001,"North Dakota","Adams County",3,62,37,21,16
050,38,001,"North Dakota","Adams County",3,63,37,21,16
050,38,001,"North Dakota","Adams County",3,64,41,23,18
050,38,001,"North Dakota","Adams County",3,65,38,19,19
050,38,001,"North Dakota","Adams County",3,66,40,19,21
050,38,001,"North Dakota","Adams County",3,67,39,17,22
050,38,001,"North Dakota","Adams County",3,68,43,22,21
050,38,001,"North Dakota","Adams County",3,69,36,17,19
050,38,001,"North Dakota","Adams County",3,70,28,15,13
050,38,001,"North Dakota","Adams County",3,71,28,16,12
050,38,001,"North Dakota","Adams County",3,72,26,11,15
050,38,001,"North Dakota","Adams County",3,73,27,14,13
050,38,001,"North Dakota","Adams County",3,74,34,16,18
050,38,001,"North Dakota","Adams County",3,75,25,13,12
050,38,001,"North Dakota","Adams County",3,76,21,10,11
050,38,001,"North Dakota","Adams County",3,77,20,12,8
050,38,001,"North Dakota","Adams County",3,78,18,9,9
050,38,001,"North Dakota","Adams County",3,79,20,9,11
050,38,001,"North Dakota","Adams County",3,80,18,8,10
050,38,001,"North Dakota","Adams County",3,81,20,9,11
050,38,001,"North Dakota","Adams County",3,82,15,8,7
050,38,001,"North Dakota","Adams County",3,83,13,7,6
050,38,001,"North Dakota","Adams County",3,84,18,7,11
050,38,001,"North Dakota","Adams County",3,85,115,36,79
050,38,001,"North Dakota","Adams County",4,0,23,14,9
050,38,001,"North Dakota","Adams County",4,1,21,11,10
050,38,001,"North Dakota","Adams County",4,2,24,11,13
050,38,001,"North Dakota","Adams County",4,3,21,11,10
050,38,001,"North Dakota","Adams County",4,4,27,14,13
050,38,001,"North Dakota","Adams County",4,5,24,11,13
050,38,001,"North Dakota","Adams County",4,6,28,14,14
050,38,001,"North Dakota","Adams County",4,7,18,5,13
050,38,001,"North Dakota","Adams County",4,8,25,13,12
050,38,001,"North Dakota","Adams County",4,9,23,14,9
050,38,001,"North Dakota","Adams County",4,10,19,8,11
050,38,001,"North Dakota","Adams County",4,11,23,11,12
050,38,001,"North Dakota","Adams County",4,12,27,15,12
050,38,001,"North Dakota","Adams County",4,13,27,11,16
050,38,001,"North Dakota","Adams County",4,14,20,8,12
050,38,001,"North Dakota","Adams County",4,15,18,7,11
050,38,001,"North Dakota","Adams County",4,16,23,11,12
050,38,001,"North Dakota","Adams County",4,17,24,14,10
050,38,001,"North Dakota","Adams County",4,18,20,12,8
050,38,001,"North Dakota","Adams County",4,19,18,10,8
050,38,001,"North Dakota","Adams County",4,20,15,6,9
050,38,001,"North Dakota","Adams County",4,21,18,9,9
050,38,001,"North Dakota","Adams County",4,22,21,13,8
050,38,001,"North Dakota","Adams County",4,23,22,11,11
050,38,001,"North Dakota","Adams County",4,24,18,10,8
050,38,001,"North Dakota","Adams County",4,25,12,4,8
050,38,001,"North Dakota","Adams County",4,26,17,8,9
050,38,001,"North Dakota","Adams County",4,27,15,7,8
050,38,001,"North Dakota","Adams County",4,28,19,8,11
050,38,001,"North Dakota","Adams County",4,29,20,9,11
050,38,001,"North Dakota","Adams County",4,30,17,9,8
050,38,001,"North Dakota","Adams County",4,31,17,6,11
050,38,001,"North Dakota","Adams County",4,32,22,15,7
050,38,001,"North Dakota","Adams County",4,33,27,14,13
050,38,001,"North Dakota","Adams County",4,34,24,13,11
050,38,001,"North Dakota","Adams County",4,35,29,16,13
050,38,001,"North Dakota","Adams County",4,36,28,11,17
050,38,001,"North Dakota","Adams County",4,37,26,12,14
050,38,001,"North Dakota","Adams County",4,38,27,16,11
050,38,001,"North Dakota","Adams County",4,39,21,9,12
050,38,001,"North Dakota","Adams County",4,40,20,11,9
050,38,001,"North Dakota","Adams County",4,41,21,13,8
050,38,001,"North Dakota","Adams County",4,42,24,17,7
050,38,001,"North Dakota","Adams County",4,43,22,13,9
050,38,001,"North Dakota","Adams County",4,44,19,12,7
050,38,001,"North Dakota","Adams County",4,45,18,11,7
050,38,001,"North Dakota","Adams County",4,46,14,7,7
050,38,001,"North Dakota","Adams County",4,47,16,6,10
050,38,001,"North Dakota","Adams County",4,48,21,7,14
050,38,001,"North Dakota","Adams County",4,49,21,9,12
050,38,001,"North Dakota","Adams County",4,50,17,9,8
050,38,001,"North Dakota","Adams County",4,51,18,10,8
050,38,001,"North Dakota","Adams County",4,52,19,11,8
050,38,001,"North Dakota","Adams County",4,53,22,11,11
050,38,001,"North Dakota","Adams County",4,54,19,7,12
050,38,001,"North Dakota","Adams County",4,55,19,10,9
050,38,001,"North Dakota","Adams County",4,56,24,14,10
050,38,001,"North Dakota","Adams County",4,57,25,13,12
050,38,001,"North Dakota","Adams County",4,58,29,16,13
050,38,001,"North Dakota","Adams County",4,59,37,17,20
050,38,001,"North Dakota","Adams County",4,60,38,16,22
050,38,001,"North Dakota","Adams County",4,61,37,15,22
050,38,001,"North Dakota","Adams County",4,62,38,20,18
050,38,001,"North Dakota","Adams County",4,63,41,24,17
050,38,001,"North Dakota","Adams County",4,64,36,20,16
050,38,001,"North Dakota","Adams County",4,65,41,23,18
050,38,001,"North Dakota","Adams County",4,66,34,15,19
050,38,001,"North Dakota","Adams County",4,67,38,19,19
050,38,001,"North Dakota","Adams County",4,68,38,16,22
050,38,001,"North Dakota","Adams County",4,69,42,21,21
050,38,001,"North Dakota","Adams County",4,70,37,17,20
050,38,001,"North Dakota","Adams County",4,71,28,15,13
050,38,001,"North Dakota","Adams County",4,72,26,16,10
050,38,001,"North Dakota","Adams County",4,73,25,11,14
050,38,001,"North Dakota","Adams County",4,74,27,13,14
050,38,001,"North Dakota","Adams County",4,75,31,14,17
050,38,001,"North Dakota","Adams County",4,76,24,12,12
050,38,001,"North Dakota","Adams County",4,77,18,8,10
050,38,001,"North Dakota","Adams County",4,78,19,12,7
050,38,001,"North Dakota","Adams County",4,79,19,8,11
050,38,001,"North Dakota","Adams County",4,80,16,8,8
050,38,001,"North Dakota","Adams County",4,81,22,10,12
050,38,001,"North Dakota","Adams County",4,82,17,10,7
050,38,001,"North Dakota","Adams County",4,83,11,4,7
050,38,001,"North Dakota","Adams County",4,84,16,7,9
050,38,001,"North Dakota","Adams County",4,85,121,40,81
050,38,001,"North Dakota","Adams County",5,0,20,12,8
050,38,001,"North Dakota","Adams County",5,1,25,12,13
050,38,001,"North Dakota","Adams County",5,2,22,12,10
050,38,001,"North Dakota","Adams County",5,3,25,12,13
050,38,001,"North Dakota","Adams County",5,4,23,12,11
050,38,001,"North Dakota","Adams County",5,5,28,14,14
050,38,001,"North Dakota","Adams County",5,6,24,15,9
050,38,001,"North Dakota","Adams County",5,7,26,13,13
050,38,001,"North Dakota","Adams County",5,8,19,6,13
050,38,001,"North Dakota","Adams County",5,9,26,13,13
050,38,001,"North Dakota","Adams County",5,10,26,15,11
050,38,001,"North Dakota","Adams County",5,11,18,8,10
050,38,001,"North Dakota","Adams County",5,12,24,12,12
050,38,001,"North Dakota","Adams County",5,13,28,15,13
050,38,001,"North Dakota","Adams County",5,14,27,10,17
050,38,001,"North Dakota","Adams County",5,15,23,8,15
050,38,001,"North Dakota","Adams County",5,16,19,7,12
050,38,001,"North Dakota","Adams County",5,17,23,11,12
050,38,001,"North Dakota","Adams County",5,18,22,13,9
050,38,001,"North Dakota","Adams County",5,19,17,10,7
050,38,001,"North Dakota","Adams County",5,20,20,9,11
050,38,001,"North Dakota","Adams County",5,21,18,8,10
050,38,001,"North Dakota","Adams County",5,22,19,10,9
050,38,001,"North Dakota","Adams County",5,23,19,13,6
050,38,001,"North Dakota","Adams County",5,24,20,11,9
050,38,001,"North Dakota","Adams County",5,25,19,13,6
050,38,001,"North Dakota","Adams County",5,26,17,7,10
050,38,001,"North Dakota","Adams County",5,27,20,12,8
050,38,001,"North Dakota","Adams County",5,28,11,3,8
050,38,001,"North Dakota","Adams County",5,29,19,7,12
050,38,001,"North Dakota","Adams County",5,30,20,9,11
050,38,001,"North Dakota","Adams County",5,31,19,12,7
050,38,001,"North Dakota","Adams County",5,32,15,5,10
050,38,001,"North Dakota","Adams County",5,33,23,15,8
050,38,001,"North Dakota","Adams County",5,34,30,17,13
050,38,001,"North Dakota","Adams County",5,35,24,13,11
050,38,001,"North Dakota","Adams County",5,36,31,16,15
050,38,001,"North Dakota","Adams County",5,37,35,14,21
050,38,001,"North Dakota","Adams County",5,38,23,11,12
050,38,001,"North Dakota","Adams County",5,39,30,18,12
050,38,001,"North Dakota","Adams County",5,40,21,9,12
050,38,001,"North Dakota","Adams County",5,41,21,12,9
050,38,001,"North Dakota","Adams County",5,42,23,14,9
050,38,001,"North Dakota","Adams County",5,43,22,15,7
050,38,001,"North Dakota","Adams County",5,44,21,12,9
050,38,001,"North Dakota","Adams County",5,45,20,12,8
050,38,001,"North Dakota","Adams County",5,46,17,10,7
050,38,001,"North Dakota","Adams County",5,47,12,5,7
050,38,001,"North Dakota","Adams County",5,48,13,4,9
050,38,001,"North Dakota","Adams County",5,49,20,7,13
050,38,001,"North Dakota","Adams County",5,50,21,8,13
050,38,001,"North Dakota","Adams County",5,51,16,8,8
050,38,001,"North Dakota","Adams County",5,52,18,10,8
050,38,001,"North Dakota","Adams County",5,53,19,11,8
050,38,001,"North Dakota","Adams County",5,54,22,11,11
050,38,001,"North Dakota","Adams County",5,55,20,8,12
050,38,001,"North Dakota","Adams County",5,56,20,10,10
050,38,001,"North Dakota","Adams County",5,57,22,12,10
050,38,001,"North Dakota","Adams County",5,58,25,13,12
050,38,001,"North Dakota","Adams County",5,59,32,19,13
050,38,001,"North Dakota","Adams County",5,60,38,18,20
050,38,001,"North Dakota","Adams County",5,61,40,15,25
050,38,001,"North Dakota","Adams County",5,62,37,15,22
050,38,001,"North Dakota","Adams County",5,63,41,20,21
050,38,001,"North Dakota","Adams County",5,64,44,25,19
050,38,001,"North Dakota","Adams County",5,65,35,21,14
050,38,001,"North Dakota","Adams County",5,66,39,22,17
050,38,001,"North Dakota","Adams County",5,67,34,15,19
050,38,001,"North Dakota","Adams County",5,68,37,18,19
050,38,001,"North Dakota","Adams County",5,69,36,15,21
050,38,001,"North Dakota","Adams County",5,70,43,21,22
050,38,001,"North Dakota","Adams County",5,71,36,17,19
050,38,001,"North Dakota","Adams County",5,72,25,12,13
050,38,001,"North Dakota","Adams County",5,73,28,16,12
050,38,001,"North Dakota","Adams County",5,74,26,11,15
050,38,001,"North Dakota","Adams County",5,75,24,11,13
050,38,001,"North Dakota","Adams County",5,76,28,12,16
050,38,001,"North Dakota","Adams County",5,77,24,12,12
050,38,001,"North Dakota","Adams County",5,78,19,7,12
050,38,001,"North Dakota","Adams County",5,79,23,14,9
050,38,001,"North Dakota","Adams County",5,80,15,7,8
050,38,001,"North Dakota","Adams County",5,81,19,10,9
050,38,001,"North Dakota","Adams County",5,82,18,10,8
050,38,001,"North Dakota","Adams County",5,83,11,6,5
050,38,001,"North Dakota","Adams County",5,84,14,4,10
050,38,001,"North Dakota","Adams County",5,85,127,43,84
050,38,003,"North Dakota","Barnes County",1,0,95,47,48
050,38,003,"North Dakota","Barnes County",1,1,105,49,56
050,38,003,"North Dakota","Barnes County",1,2,101,46,55
050,38,003,"North Dakota","Barnes County",1,3,111,50,61
050,38,003,"North Dakota","Barnes County",1,4,116,57,59
050,38,003,"North Dakota","Barnes County",1,5,119,65,54
050,38,003,"North Dakota","Barnes County",1,6,125,65,60
050,38,003,"North Dakota","Barnes County",1,7,117,66,51
050,38,003,"North Dakota","Barnes County",1,8,120,64,56
050,38,003,"North Dakota","Barnes County",1,9,116,59,57
050,38,003,"North Dakota","Barnes County",1,10,121,56,65
050,38,003,"North Dakota","Barnes County",1,11,113,54,59
050,38,003,"North Dakota","Barnes County",1,12,131,75,56
050,38,003,"North Dakota","Barnes County",1,13,127,66,61
050,38,003,"North Dakota","Barnes County",1,14,129,66,63
050,38,003,"North Dakota","Barnes County",1,15,141,79,62
050,38,003,"North Dakota","Barnes County",1,16,131,66,65
050,38,003,"North Dakota","Barnes County",1,17,145,77,68
050,38,003,"North Dakota","Barnes County",1,18,176,91,85
050,38,003,"North Dakota","Barnes County",1,19,204,115,89
050,38,003,"North Dakota","Barnes County",1,20,182,92,90
050,38,003,"North Dakota","Barnes County",1,21,152,82,70
050,38,003,"North Dakota","Barnes County",1,22,148,75,73
050,38,003,"North Dakota","Barnes County",1,23,120,60,60
050,38,003,"North Dakota","Barnes County",1,24,113,62,51
050,38,003,"North Dakota","Barnes County",1,25,124,66,58
050,38,003,"North Dakota","Barnes County",1,26,109,56,53
050,38,003,"North Dakota","Barnes County",1,27,125,72,53
050,38,003,"North Dakota","Barnes County",1,28,114,60,54
050,38,003,"North Dakota","Barnes County",1,29,112,65,47
050,38,003,"North Dakota","Barnes County",1,30,105,61,44
050,38,003,"North Dakota","Barnes County",1,31,116,62,54
050,38,003,"North Dakota","Barnes County",1,32,114,59,55
050,38,003,"North Dakota","Barnes County",1,33,109,55,54
050,38,003,"North Dakota","Barnes County",1,34,109,60,49
050,38,003,"North Dakota","Barnes County",1,35,99,52,47
050,38,003,"North Dakota","Barnes County",1,36,105,57,48
050,38,003,"North Dakota","Barnes County",1,37,134,65,69
050,38,003,"North Dakota","Barnes County",1,38,137,78,59
050,38,003,"North Dakota","Barnes County",1,39,115,59,56
050,38,003,"North Dakota","Barnes County",1,40,114,57,57
050,38,003,"North Dakota","Barnes County",1,41,119,68,51
050,38,003,"North Dakota","Barnes County",1,42,122,68,54
050,38,003,"North Dakota","Barnes County",1,43,117,53,64
050,38,003,"North Dakota","Barnes County",1,44,108,62,46
050,38,003,"North Dakota","Barnes County",1,45,102,62,40
050,38,003,"North Dakota","Barnes County",1,46,106,55,51
050,38,003,"North Dakota","Barnes County",1,47,119,58,61
050,38,003,"North Dakota","Barnes County",1,48,117,56,61
050,38,003,"North Dakota","Barnes County",1,49,119,60,59
050,38,003,"North Dakota","Barnes County",1,50,117,61,56
050,38,003,"North Dakota","Barnes County",1,51,137,74,63
050,38,003,"North Dakota","Barnes County",1,52,122,63,59
050,38,003,"North Dakota","Barnes County",1,53,130,69,61
050,38,003,"North Dakota","Barnes County",1,54,138,70,68
050,38,003,"North Dakota","Barnes County",1,55,138,70,68
050,38,003,"North Dakota","Barnes County",1,56,138,71,67
050,38,003,"North Dakota","Barnes County",1,57,141,68,73
050,38,003,"North Dakota","Barnes County",1,58,156,77,79
050,38,003,"North Dakota","Barnes County",1,59,185,98,87
050,38,003,"North Dakota","Barnes County",1,60,183,89,94
050,38,003,"North Dakota","Barnes County",1,61,176,90,86
050,38,003,"North Dakota","Barnes County",1,62,160,89,71
050,38,003,"North Dakota","Barnes County",1,63,156,84,72
050,38,003,"North Dakota","Barnes County",1,64,175,85,90
050,38,003,"North Dakota","Barnes County",1,65,159,80,79
050,38,003,"North Dakota","Barnes County",1,66,141,67,74
050,38,003,"North Dakota","Barnes County",1,67,154,79,75
050,38,003,"North Dakota","Barnes County",1,68,164,88,76
050,38,003,"North Dakota","Barnes County",1,69,154,75,79
050,38,003,"North Dakota","Barnes County",1,70,138,74,64
050,38,003,"North Dakota","Barnes County",1,71,130,66,64
050,38,003,"North Dakota","Barnes County",1,72,128,66,62
050,38,003,"North Dakota","Barnes County",1,73,140,77,63
050,38,003,"North Dakota","Barnes County",1,74,94,46,48
050,38,003,"North Dakota","Barnes County",1,75,87,42,45
050,38,003,"North Dakota","Barnes County",1,76,92,44,48
050,38,003,"North Dakota","Barnes County",1,77,90,46,44
050,38,003,"North Dakota","Barnes County",1,78,83,39,44
050,38,003,"North Dakota","Barnes County",1,79,78,30,48
050,38,003,"North Dakota","Barnes County",1,80,60,24,36
050,38,003,"North Dakota","Barnes County",1,81,58,23,35
050,38,003,"North Dakota","Barnes County",1,82,60,20,40
050,38,003,"North Dakota","Barnes County",1,83,53,19,34
050,38,003,"North Dakota","Barnes County",1,84,44,21,23
050,38,003,"North Dakota","Barnes County",1,85,364,117,247
050,38,003,"North Dakota","Barnes County",2,0,97,49,48
050,38,003,"North Dakota","Barnes County",2,1,101,48,53
050,38,003,"North Dakota","Barnes County",2,2,103,47,56
050,38,003,"North Dakota","Barnes County",2,3,108,49,59
050,38,003,"North Dakota","Barnes County",2,4,116,56,60
050,38,003,"North Dakota","Barnes County",2,5,119,63,56
050,38,003,"North Dakota","Barnes County",2,6,127,66,61
050,38,003,"North Dakota","Barnes County",2,7,119,66,53
050,38,003,"North Dakota","Barnes County",2,8,118,64,54
050,38,003,"North Dakota","Barnes County",2,9,118,61,57
050,38,003,"North Dakota","Barnes County",2,10,119,56,63
050,38,003,"North Dakota","Barnes County",2,11,115,55,60
050,38,003,"North Dakota","Barnes County",2,12,127,70,57
050,38,003,"North Dakota","Barnes County",2,13,129,69,60
050,38,003,"North Dakota","Barnes County",2,14,126,65,61
050,38,003,"North Dakota","Barnes County",2,15,139,77,62
050,38,003,"North Dakota","Barnes County",2,16,134,69,65
050,38,003,"North Dakota","Barnes County",2,17,143,76,67
050,38,003,"North Dakota","Barnes County",2,18,173,90,83
050,38,003,"North Dakota","Barnes County",2,19,212,120,92
050,38,003,"North Dakota","Barnes County",2,20,187,94,93
050,38,003,"North Dakota","Barnes County",2,21,152,81,71
050,38,003,"North Dakota","Barnes County",2,22,147,75,72
050,38,003,"North Dakota","Barnes County",2,23,123,62,61
050,38,003,"North Dakota","Barnes County",2,24,117,63,54
050,38,003,"North Dakota","Barnes County",2,25,119,64,55
050,38,003,"North Dakota","Barnes County",2,26,111,58,53
050,38,003,"North Dakota","Barnes County",2,27,119,67,52
050,38,003,"North Dakota","Barnes County",2,28,116,63,53
050,38,003,"North Dakota","Barnes County",2,29,112,63,49
050,38,003,"North Dakota","Barnes County",2,30,109,63,46
050,38,003,"North Dakota","Barnes County",2,31,112,61,51
050,38,003,"North Dakota","Barnes County",2,32,114,59,55
050,38,003,"North Dakota","Barnes County",2,33,111,56,55
050,38,003,"North Dakota","Barnes County",2,34,108,58,50
050,38,003,"North Dakota","Barnes County",2,35,101,55,46
050,38,003,"North Dakota","Barnes County",2,36,102,55,47
050,38,003,"North Dakota","Barnes County",2,37,127,63,64
050,38,003,"North Dakota","Barnes County",2,38,138,75,63
050,38,003,"North Dakota","Barnes County",2,39,120,62,58
050,38,003,"North Dakota","Barnes County",2,40,115,57,58
050,38,003,"North Dakota","Barnes County",2,41,117,65,52
050,38,003,"North Dakota","Barnes County",2,42,120,68,52
050,38,003,"North Dakota","Barnes County",2,43,122,60,62
050,38,003,"North Dakota","Barnes County",2,44,109,59,50
050,38,003,"North Dakota","Barnes County",2,45,103,62,41
050,38,003,"North Dakota","Barnes County",2,46,105,56,49
050,38,003,"North Dakota","Barnes County",2,47,114,57,57
050,38,003,"North Dakota","Barnes County",2,48,118,57,61
050,38,003,"North Dakota","Barnes County",2,49,121,60,61
050,38,003,"North Dakota","Barnes County",2,50,119,61,58
050,38,003,"North Dakota","Barnes County",2,51,132,71,61
050,38,003,"North Dakota","Barnes County",2,52,127,66,61
050,38,003,"North Dakota","Barnes County",2,53,128,69,59
050,38,003,"North Dakota","Barnes County",2,54,135,70,65
050,38,003,"North Dakota","Barnes County",2,55,136,68,68
050,38,003,"North Dakota","Barnes County",2,56,137,70,67
050,38,003,"North Dakota","Barnes County",2,57,141,69,72
050,38,003,"North Dakota","Barnes County",2,58,152,75,77
050,38,003,"North Dakota","Barnes County",2,59,179,93,86
050,38,003,"North Dakota","Barnes County",2,60,183,91,92
050,38,003,"North Dakota","Barnes County",2,61,175,89,86
050,38,003,"North Dakota","Barnes County",2,62,165,90,75
050,38,003,"North Dakota","Barnes County",2,63,158,85,73
050,38,003,"North Dakota","Barnes County",2,64,170,85,85
050,38,003,"North Dakota","Barnes County",2,65,162,81,81
050,38,003,"North Dakota","Barnes County",2,66,145,70,75
050,38,003,"North Dakota","Barnes County",2,67,152,76,76
050,38,003,"North Dakota","Barnes County",2,68,157,82,75
050,38,003,"North Dakota","Barnes County",2,69,155,77,78
050,38,003,"North Dakota","Barnes County",2,70,141,74,67
050,38,003,"North Dakota","Barnes County",2,71,132,68,64
050,38,003,"North Dakota","Barnes County",2,72,126,64,62
050,38,003,"North Dakota","Barnes County",2,73,144,79,65
050,38,003,"North Dakota","Barnes County",2,74,97,49,48
050,38,003,"North Dakota","Barnes County",2,75,90,44,46
050,38,003,"North Dakota","Barnes County",2,76,90,43,47
050,38,003,"North Dakota","Barnes County",2,77,91,46,45
050,38,003,"North Dakota","Barnes County",2,78,82,39,43
050,38,003,"North Dakota","Barnes County",2,79,76,31,45
050,38,003,"North Dakota","Barnes County",2,80,63,25,38
050,38,003,"North Dakota","Barnes County",2,81,57,23,34
050,38,003,"North Dakota","Barnes County",2,82,60,21,39
050,38,003,"North Dakota","Barnes County",2,83,54,19,35
050,38,003,"North Dakota","Barnes County",2,84,46,20,26
050,38,003,"North Dakota","Barnes County",2,85,362,114,248
050,38,003,"North Dakota","Barnes County",3,0,99,54,45
050,38,003,"North Dakota","Barnes County",3,1,107,61,46
050,38,003,"North Dakota","Barnes County",3,2,102,51,51
050,38,003,"North Dakota","Barnes County",3,3,104,43,61
050,38,003,"North Dakota","Barnes County",3,4,116,54,62
050,38,003,"North Dakota","Barnes County",3,5,120,55,65
050,38,003,"North Dakota","Barnes County",3,6,121,67,54
050,38,003,"North Dakota","Barnes County",3,7,126,61,65
050,38,003,"North Dakota","Barnes County",3,8,111,64,47
050,38,003,"North Dakota","Barnes County",3,9,115,66,49
050,38,003,"North Dakota","Barnes County",3,10,119,59,60
050,38,003,"North Dakota","Barnes County",3,11,118,58,60
050,38,003,"North Dakota","Barnes County",3,12,116,56,60
050,38,003,"North Dakota","Barnes County",3,13,128,66,62
050,38,003,"North Dakota","Barnes County",3,14,135,73,62
050,38,003,"North Dakota","Barnes County",3,15,125,68,57
050,38,003,"North Dakota","Barnes County",3,16,140,76,64
050,38,003,"North Dakota","Barnes County",3,17,135,69,66
050,38,003,"North Dakota","Barnes County",3,18,180,96,84
050,38,003,"North Dakota","Barnes County",3,19,221,129,92
050,38,003,"North Dakota","Barnes County",3,20,197,97,100
050,38,003,"North Dakota","Barnes County",3,21,144,75,69
050,38,003,"North Dakota","Barnes County",3,22,143,78,65
050,38,003,"North Dakota","Barnes County",3,23,125,60,65
050,38,003,"North Dakota","Barnes County",3,24,122,60,62
050,38,003,"North Dakota","Barnes County",3,25,110,63,47
050,38,003,"North Dakota","Barnes County",3,26,105,60,45
050,38,003,"North Dakota","Barnes County",3,27,103,53,50
050,38,003,"North Dakota","Barnes County",3,28,128,74,54
050,38,003,"North Dakota","Barnes County",3,29,116,63,53
050,38,003,"North Dakota","Barnes County",3,30,117,66,51
050,38,003,"North Dakota","Barnes County",3,31,112,64,48
050,38,003,"North Dakota","Barnes County",3,32,119,62,57
050,38,003,"North Dakota","Barnes County",3,33,118,61,57
050,38,003,"North Dakota","Barnes County",3,34,124,66,58
050,38,003,"North Dakota","Barnes County",3,35,113,64,49
050,38,003,"North Dakota","Barnes County",3,36,105,57,48
050,38,003,"North Dakota","Barnes County",3,37,103,55,48
050,38,003,"North Dakota","Barnes County",3,38,129,65,64
050,38,003,"North Dakota","Barnes County",3,39,133,68,65
050,38,003,"North Dakota","Barnes County",3,40,120,63,57
050,38,003,"North Dakota","Barnes County",3,41,111,52,59
050,38,003,"North Dakota","Barnes County",3,42,119,67,52
050,38,003,"North Dakota","Barnes County",3,43,122,71,51
050,38,003,"North Dakota","Barnes County",3,44,126,61,65
050,38,003,"North Dakota","Barnes County",3,45,107,59,48
050,38,003,"North Dakota","Barnes County",3,46,105,63,42
050,38,003,"North Dakota","Barnes County",3,47,104,55,49
050,38,003,"North Dakota","Barnes County",3,48,111,57,54
050,38,003,"North Dakota","Barnes County",3,49,119,56,63
050,38,003,"North Dakota","Barnes County",3,50,117,58,59
050,38,003,"North Dakota","Barnes County",3,51,115,61,54
050,38,003,"North Dakota","Barnes County",3,52,136,70,66
050,38,003,"North Dakota","Barnes County",3,53,128,66,62
050,38,003,"North Dakota","Barnes County",3,54,128,70,58
050,38,003,"North Dakota","Barnes County",3,55,135,69,66
050,38,003,"North Dakota","Barnes County",3,56,138,69,69
050,38,003,"North Dakota","Barnes County",3,57,139,68,71
050,38,003,"North Dakota","Barnes County",3,58,133,67,66
050,38,003,"North Dakota","Barnes County",3,59,146,75,71
050,38,003,"North Dakota","Barnes County",3,60,182,92,90
050,38,003,"North Dakota","Barnes County",3,61,184,93,91
050,38,003,"North Dakota","Barnes County",3,62,178,91,87
050,38,003,"North Dakota","Barnes County",3,63,159,84,75
050,38,003,"North Dakota","Barnes County",3,64,158,84,74
050,38,003,"North Dakota","Barnes County",3,65,170,86,84
050,38,003,"North Dakota","Barnes County",3,66,159,80,79
050,38,003,"North Dakota","Barnes County",3,67,144,70,74
050,38,003,"North Dakota","Barnes County",3,68,152,78,74
050,38,003,"North Dakota","Barnes County",3,69,154,81,73
050,38,003,"North Dakota","Barnes County",3,70,148,75,73
050,38,003,"North Dakota","Barnes County",3,71,136,72,64
050,38,003,"North Dakota","Barnes County",3,72,122,63,59
050,38,003,"North Dakota","Barnes County",3,73,119,61,58
050,38,003,"North Dakota","Barnes County",3,74,136,73,63
050,38,003,"North Dakota","Barnes County",3,75,99,48,51
050,38,003,"North Dakota","Barnes County",3,76,86,39,47
050,38,003,"North Dakota","Barnes County",3,77,78,36,42
050,38,003,"North Dakota","Barnes County",3,78,85,44,41
050,38,003,"North Dakota","Barnes County",3,79,78,36,42
050,38,003,"North Dakota","Barnes County",3,80,66,25,41
050,38,003,"North Dakota","Barnes County",3,81,56,24,32
050,38,003,"North Dakota","Barnes County",3,82,51,20,31
050,38,003,"North Dakota","Barnes County",3,83,57,20,37
050,38,003,"North Dakota","Barnes County",3,84,51,20,31
050,38,003,"North Dakota","Barnes County",3,85,344,107,237
050,38,003,"North Dakota","Barnes County",4,0,86,46,40
050,38,003,"North Dakota","Barnes County",4,1,104,55,49
050,38,003,"North Dakota","Barnes County",4,2,105,64,41
050,38,003,"North Dakota","Barnes County",4,3,96,49,47
050,38,003,"North Dakota","Barnes County",4,4,107,46,61
050,38,003,"North Dakota","Barnes County",4,5,121,56,65
050,38,003,"North Dakota","Barnes County",4,6,125,54,71
050,38,003,"North Dakota","Barnes County",4,7,125,71,54
050,38,003,"North Dakota","Barnes County",4,8,136,67,69
050,38,003,"North Dakota","Barnes County",4,9,117,64,53
050,38,003,"North Dakota","Barnes County",4,10,118,67,51
050,38,003,"North Dakota","Barnes County",4,11,117,61,56
050,38,003,"North Dakota","Barnes County",4,12,125,63,62
050,38,003,"North Dakota","Barnes County",4,13,117,57,60
050,38,003,"North Dakota","Barnes County",4,14,131,69,62
050,38,003,"North Dakota","Barnes County",4,15,132,71,61
050,38,003,"North Dakota","Barnes County",4,16,127,64,63
050,38,003,"North Dakota","Barnes County",4,17,141,77,64
050,38,003,"North Dakota","Barnes County",4,18,170,91,79
050,38,003,"North Dakota","Barnes County",4,19,213,129,84
050,38,003,"North Dakota","Barnes County",4,20,201,111,90
050,38,003,"North Dakota","Barnes County",4,21,155,77,78
050,38,003,"North Dakota","Barnes County",4,22,132,67,65
050,38,003,"North Dakota","Barnes County",4,23,117,63,54
050,38,003,"North Dakota","Barnes County",4,24,124,67,57
050,38,003,"North Dakota","Barnes County",4,25,113,61,52
050,38,003,"North Dakota","Barnes County",4,26,105,58,47
050,38,003,"North Dakota","Barnes County",4,27,103,58,45
050,38,003,"North Dakota","Barnes County",4,28,110,57,53
050,38,003,"North Dakota","Barnes County",4,29,127,73,54
050,38,003,"North Dakota","Barnes County",4,30,117,62,55
050,38,003,"North Dakota","Barnes County",4,31,120,69,51
050,38,003,"North Dakota","Barnes County",4,32,100,53,47
050,38,003,"North Dakota","Barnes County",4,33,122,64,58
050,38,003,"North Dakota","Barnes County",4,34,113,56,57
050,38,003,"North Dakota","Barnes County",4,35,116,59,57
050,38,003,"North Dakota","Barnes County",4,36,108,60,48
050,38,003,"North Dakota","Barnes County",4,37,107,59,48
050,38,003,"North Dakota","Barnes County",4,38,108,58,50
050,38,003,"North Dakota","Barnes County",4,39,127,65,62
050,38,003,"North Dakota","Barnes County",4,40,135,67,68
050,38,003,"North Dakota","Barnes County",4,41,124,64,60
050,38,003,"North Dakota","Barnes County",4,42,114,57,57
050,38,003,"North Dakota","Barnes County",4,43,119,67,52
050,38,003,"North Dakota","Barnes County",4,44,121,72,49
050,38,003,"North Dakota","Barnes County",4,45,119,59,60
050,38,003,"North Dakota","Barnes County",4,46,105,58,47
050,38,003,"North Dakota","Barnes County",4,47,109,66,43
050,38,003,"North Dakota","Barnes County",4,48,103,54,49
050,38,003,"North Dakota","Barnes County",4,49,110,56,54
050,38,003,"North Dakota","Barnes County",4,50,121,56,65
050,38,003,"North Dakota","Barnes County",4,51,121,58,63
050,38,003,"North Dakota","Barnes County",4,52,115,60,55
050,38,003,"North Dakota","Barnes County",4,53,138,70,68
050,38,003,"North Dakota","Barnes County",4,54,135,70,65
050,38,003,"North Dakota","Barnes County",4,55,123,66,57
050,38,003,"North Dakota","Barnes County",4,56,136,71,65
050,38,003,"North Dakota","Barnes County",4,57,129,61,68
050,38,003,"North Dakota","Barnes County",4,58,145,69,76
050,38,003,"North Dakota","Barnes County",4,59,132,67,65
050,38,003,"North Dakota","Barnes County",4,60,149,75,74
050,38,003,"North Dakota","Barnes County",4,61,180,91,89
050,38,003,"North Dakota","Barnes County",4,62,186,97,89
050,38,003,"North Dakota","Barnes County",4,63,173,86,87
050,38,003,"North Dakota","Barnes County",4,64,162,86,76
050,38,003,"North Dakota","Barnes County",4,65,153,84,69
050,38,003,"North Dakota","Barnes County",4,66,172,87,85
050,38,003,"North Dakota","Barnes County",4,67,159,80,79
050,38,003,"North Dakota","Barnes County",4,68,137,66,71
050,38,003,"North Dakota","Barnes County",4,69,147,76,71
050,38,003,"North Dakota","Barnes County",4,70,147,79,68
050,38,003,"North Dakota","Barnes County",4,71,145,75,70
050,38,003,"North Dakota","Barnes County",4,72,132,69,63
050,38,003,"North Dakota","Barnes County",4,73,120,62,58
050,38,003,"North Dakota","Barnes County",4,74,110,53,57
050,38,003,"North Dakota","Barnes County",4,75,139,75,64
050,38,003,"North Dakota","Barnes County",4,76,95,46,49
050,38,003,"North Dakota","Barnes County",4,77,84,38,46
050,38,003,"North Dakota","Barnes County",4,78,74,35,39
050,38,003,"North Dakota","Barnes County",4,79,80,41,39
050,38,003,"North Dakota","Barnes County",4,80,69,31,38
050,38,003,"North Dakota","Barnes County",4,81,62,25,37
050,38,003,"North Dakota","Barnes County",4,82,53,23,30
050,38,003,"North Dakota","Barnes County",4,83,45,17,28
050,38,003,"North Dakota","Barnes County",4,84,51,20,31
050,38,003,"North Dakota","Barnes County",4,85,345,107,238
050,38,003,"North Dakota","Barnes County",5,0,85,45,40
050,38,003,"North Dakota","Barnes County",5,1,83,42,41
050,38,003,"North Dakota","Barnes County",5,2,108,57,51
050,38,003,"North Dakota","Barnes County",5,3,111,67,44
050,38,003,"North Dakota","Barnes County",5,4,99,52,47
050,38,003,"North Dakota","Barnes County",5,5,106,47,59
050,38,003,"North Dakota","Barnes County",5,6,126,55,71
050,38,003,"North Dakota","Barnes County",5,7,131,60,71
050,38,003,"North Dakota","Barnes County",5,8,126,74,52
050,38,003,"North Dakota","Barnes County",5,9,133,65,68
050,38,003,"North Dakota","Barnes County",5,10,122,65,57
050,38,003,"North Dakota","Barnes County",5,11,124,72,52
050,38,003,"North Dakota","Barnes County",5,12,115,56,59
050,38,003,"North Dakota","Barnes County",5,13,127,65,62
050,38,003,"North Dakota","Barnes County",5,14,127,64,63
050,38,003,"North Dakota","Barnes County",5,15,135,68,67
050,38,003,"North Dakota","Barnes County",5,16,142,76,66
050,38,003,"North Dakota","Barnes County",5,17,135,69,66
050,38,003,"North Dakota","Barnes County",5,18,176,102,74
050,38,003,"North Dakota","Barnes County",5,19,216,132,84
050,38,003,"North Dakota","Barnes County",5,20,193,110,83
050,38,003,"North Dakota","Barnes County",5,21,155,84,71
050,38,003,"North Dakota","Barnes County",5,22,144,66,78
050,38,003,"North Dakota","Barnes County",5,23,103,51,52
050,38,003,"North Dakota","Barnes County",5,24,93,56,37
050,38,003,"North Dakota","Barnes County",5,25,117,62,55
050,38,003,"North Dakota","Barnes County",5,26,112,58,54
050,38,003,"North Dakota","Barnes County",5,27,103,55,48
050,38,003,"North Dakota","Barnes County",5,28,107,62,45
050,38,003,"North Dakota","Barnes County",5,29,106,54,52
050,38,003,"North Dakota","Barnes County",5,30,130,74,56
050,38,003,"North Dakota","Barnes County",5,31,117,63,54
050,38,003,"North Dakota","Barnes County",5,32,123,73,50
050,38,003,"North Dakota","Barnes County",5,33,99,54,45
050,38,003,"North Dakota","Barnes County",5,34,118,60,58
050,38,003,"North Dakota","Barnes County",5,35,116,59,57
050,38,003,"North Dakota","Barnes County",5,36,125,65,60
050,38,003,"North Dakota","Barnes County",5,37,105,57,48
050,38,003,"North Dakota","Barnes County",5,38,107,61,46
050,38,003,"North Dakota","Barnes County",5,39,114,59,55
050,38,003,"North Dakota","Barnes County",5,40,128,65,63
050,38,003,"North Dakota","Barnes County",5,41,134,68,66
050,38,003,"North Dakota","Barnes County",5,42,126,62,64
050,38,003,"North Dakota","Barnes County",5,43,115,56,59
050,38,003,"North Dakota","Barnes County",5,44,117,68,49
050,38,003,"North Dakota","Barnes County",5,45,125,73,52
050,38,003,"North Dakota","Barnes County",5,46,126,59,67
050,38,003,"North Dakota","Barnes County",5,47,103,56,47
050,38,003,"North Dakota","Barnes County",5,48,107,65,42
050,38,003,"North Dakota","Barnes County",5,49,105,56,49
050,38,003,"North Dakota","Barnes County",5,50,110,57,53
050,38,003,"North Dakota","Barnes County",5,51,120,58,62
050,38,003,"North Dakota","Barnes County",5,52,120,57,63
050,38,003,"North Dakota","Barnes County",5,53,115,61,54
050,38,003,"North Dakota","Barnes County",5,54,138,73,65
050,38,003,"North Dakota","Barnes County",5,55,127,64,63
050,38,003,"North Dakota","Barnes County",5,56,125,68,57
050,38,003,"North Dakota","Barnes County",5,57,134,69,65
050,38,003,"North Dakota","Barnes County",5,58,133,65,68
050,38,003,"North Dakota","Barnes County",5,59,144,73,71
050,38,003,"North Dakota","Barnes County",5,60,137,68,69
050,38,003,"North Dakota","Barnes County",5,61,147,73,74
050,38,003,"North Dakota","Barnes County",5,62,177,93,84
050,38,003,"North Dakota","Barnes County",5,63,184,93,91
050,38,003,"North Dakota","Barnes County",5,64,170,86,84
050,38,003,"North Dakota","Barnes County",5,65,159,88,71
050,38,003,"North Dakota","Barnes County",5,66,150,81,69
050,38,003,"North Dakota","Barnes County",5,67,167,82,85
050,38,003,"North Dakota","Barnes County",5,68,153,76,77
050,38,003,"North Dakota","Barnes County",5,69,134,65,69
050,38,003,"North Dakota","Barnes County",5,70,146,75,71
050,38,003,"North Dakota","Barnes County",5,71,143,78,65
050,38,003,"North Dakota","Barnes County",5,72,139,72,67
050,38,003,"North Dakota","Barnes County",5,73,125,64,61
050,38,003,"North Dakota","Barnes County",5,74,116,55,61
050,38,003,"North Dakota","Barnes County",5,75,115,57,58
050,38,003,"North Dakota","Barnes County",5,76,132,72,60
050,38,003,"North Dakota","Barnes County",5,77,90,45,45
050,38,003,"North Dakota","Barnes County",5,78,77,34,43
050,38,003,"North Dakota","Barnes County",5,79,68,31,37
050,38,003,"North Dakota","Barnes County",5,80,74,36,38
050,38,003,"North Dakota","Barnes County",5,81,64,30,34
050,38,003,"North Dakota","Barnes County",5,82,60,24,36
050,38,003,"North Dakota","Barnes County",5,83,48,22,26
050,38,003,"North Dakota","Barnes County",5,84,41,17,24
050,38,003,"North Dakota","Barnes County",5,85,344,104,240
050,38,005,"North Dakota","Benson County",1,0,126,66,60
050,38,005,"North Dakota","Benson County",1,1,133,68,65
050,38,005,"North Dakota","Benson County",1,2,103,53,50
050,38,005,"North Dakota","Benson County",1,3,122,69,53
050,38,005,"North Dakota","Benson County",1,4,118,64,54
050,38,005,"North Dakota","Benson County",1,5,110,52,58
050,38,005,"North Dakota","Benson County",1,6,112,47,65
050,38,005,"North Dakota","Benson County",1,7,112,62,50
050,38,005,"North Dakota","Benson County",1,8,112,62,50
050,38,005,"North Dakota","Benson County",1,9,99,54,45
050,38,005,"North Dakota","Benson County",1,10,102,52,50
050,38,005,"North Dakota","Benson County",1,11,117,55,62
050,38,005,"North Dakota","Benson County",1,12,109,53,56
050,38,005,"North Dakota","Benson County",1,13,123,64,59
050,38,005,"North Dakota","Benson County",1,14,131,60,71
050,38,005,"North Dakota","Benson County",1,15,115,56,59
050,38,005,"North Dakota","Benson County",1,16,107,49,58
050,38,005,"North Dakota","Benson County",1,17,98,56,42
050,38,005,"North Dakota","Benson County",1,18,88,48,40
050,38,005,"North Dakota","Benson County",1,19,70,43,27
050,38,005,"North Dakota","Benson County",1,20,62,36,26
050,38,005,"North Dakota","Benson County",1,21,62,32,30
050,38,005,"North Dakota","Benson County",1,22,66,32,34
050,38,005,"North Dakota","Benson County",1,23,61,27,34
050,38,005,"North Dakota","Benson County",1,24,62,30,32
050,38,005,"North Dakota","Benson County",1,25,62,28,34
050,38,005,"North Dakota","Benson County",1,26,64,33,31
050,38,005,"North Dakota","Benson County",1,27,71,45,26
050,38,005,"North Dakota","Benson County",1,28,82,44,38
050,38,005,"North Dakota","Benson County",1,29,74,38,36
050,38,005,"North Dakota","Benson County",1,30,68,34,34
050,38,005,"North Dakota","Benson County",1,31,75,35,40
050,38,005,"North Dakota","Benson County",1,32,68,38,30
050,38,005,"North Dakota","Benson County",1,33,62,35,27
050,38,005,"North Dakota","Benson County",1,34,59,30,29
050,38,005,"North Dakota","Benson County",1,35,59,33,26
050,38,005,"North Dakota","Benson County",1,36,66,33,33
050,38,005,"North Dakota","Benson County",1,37,73,35,38
050,38,005,"North Dakota","Benson County",1,38,53,28,25
050,38,005,"North Dakota","Benson County",1,39,66,38,28
050,38,005,"North Dakota","Benson County",1,40,65,36,29
050,38,005,"North Dakota","Benson County",1,41,53,30,23
050,38,005,"North Dakota","Benson County",1,42,46,28,18
050,38,005,"North Dakota","Benson County",1,43,50,28,22
050,38,005,"North Dakota","Benson County",1,44,47,23,24
050,38,005,"North Dakota","Benson County",1,45,48,19,29
050,38,005,"North Dakota","Benson County",1,46,48,22,26
050,38,005,"North Dakota","Benson County",1,47,49,23,26
050,38,005,"North Dakota","Benson County",1,48,58,32,26
050,38,005,"North Dakota","Benson County",1,49,56,31,25
050,38,005,"North Dakota","Benson County",1,50,53,26,27
050,38,005,"North Dakota","Benson County",1,51,62,32,30
050,38,005,"North Dakota","Benson County",1,52,70,32,38
050,38,005,"North Dakota","Benson County",1,53,64,35,29
050,38,005,"North Dakota","Benson County",1,54,61,32,29
050,38,005,"North Dakota","Benson County",1,55,59,33,26
050,38,005,"North Dakota","Benson County",1,56,63,32,31
050,38,005,"North Dakota","Benson County",1,57,64,34,30
050,38,005,"North Dakota","Benson County",1,58,69,36,33
050,38,005,"North Dakota","Benson County",1,59,83,40,43
050,38,005,"North Dakota","Benson County",1,60,81,38,43
050,38,005,"North Dakota","Benson County",1,61,69,34,35
050,38,005,"North Dakota","Benson County",1,62,82,44,38
050,38,005,"North Dakota","Benson County",1,63,80,40,40
050,38,005,"North Dakota","Benson County",1,64,77,39,38
050,38,005,"North Dakota","Benson County",1,65,71,34,37
050,38,005,"North Dakota","Benson County",1,66,58,24,34
050,38,005,"North Dakota","Benson County",1,67,57,27,30
050,38,005,"North Dakota","Benson County",1,68,65,33,32
050,38,005,"North Dakota","Benson County",1,69,67,34,33
050,38,005,"North Dakota","Benson County",1,70,53,26,27
050,38,005,"North Dakota","Benson County",1,71,51,23,28
050,38,005,"North Dakota","Benson County",1,72,39,18,21
050,38,005,"North Dakota","Benson County",1,73,56,30,26
050,38,005,"North Dakota","Benson County",1,74,37,18,19
050,38,005,"North Dakota","Benson County",1,75,32,17,15
050,38,005,"North Dakota","Benson County",1,76,23,12,11
050,38,005,"North Dakota","Benson County",1,77,21,12,9
050,38,005,"North Dakota","Benson County",1,78,28,16,12
050,38,005,"North Dakota","Benson County",1,79,26,14,12
050,38,005,"North Dakota","Benson County",1,80,22,11,11
050,38,005,"North Dakota","Benson County",1,81,23,12,11
050,38,005,"North Dakota","Benson County",1,82,21,12,9
050,38,005,"North Dakota","Benson County",1,83,24,12,12
050,38,005,"North Dakota","Benson County",1,84,17,7,10
050,38,005,"North Dakota","Benson County",1,85,84,39,45
050,38,005,"North Dakota","Benson County",2,0,125,65,60
050,38,005,"North Dakota","Benson County",2,1,130,67,63
050,38,005,"North Dakota","Benson County",2,2,109,56,53
050,38,005,"North Dakota","Benson County",2,3,117,65,52
050,38,005,"North Dakota","Benson County",2,4,120,65,55
050,38,005,"North Dakota","Benson County",2,5,110,54,56
050,38,005,"North Dakota","Benson County",2,6,110,47,63
050,38,005,"North Dakota","Benson County",2,7,110,58,52
050,38,005,"North Dakota","Benson County",2,8,111,61,50
050,38,005,"North Dakota","Benson County",2,9,103,56,47
050,38,005,"North Dakota","Benson County",2,10,102,52,50
050,38,005,"North Dakota","Benson County",2,11,112,54,58
050,38,005,"North Dakota","Benson County",2,12,111,54,57
050,38,005,"North Dakota","Benson County",2,13,119,60,59
050,38,005,"North Dakota","Benson County",2,14,129,60,69
050,38,005,"North Dakota","Benson County",2,15,116,54,62
050,38,005,"North Dakota","Benson County",2,16,108,50,58
050,38,005,"North Dakota","Benson County",2,17,98,55,43
050,38,005,"North Dakota","Benson County",2,18,87,49,38
050,38,005,"North Dakota","Benson County",2,19,72,43,29
050,38,005,"North Dakota","Benson County",2,20,64,38,26
050,38,005,"North Dakota","Benson County",2,21,61,32,29
050,38,005,"North Dakota","Benson County",2,22,64,31,33
050,38,005,"North Dakota","Benson County",2,23,63,28,35
050,38,005,"North Dakota","Benson County",2,24,63,30,33
050,38,005,"North Dakota","Benson County",2,25,62,28,34
050,38,005,"North Dakota","Benson County",2,26,64,33,31
050,38,005,"North Dakota","Benson County",2,27,70,43,27
050,38,005,"North Dakota","Benson County",2,28,79,44,35
050,38,005,"North Dakota","Benson County",2,29,75,38,37
050,38,005,"North Dakota","Benson County",2,30,72,36,36
050,38,005,"North Dakota","Benson County",2,31,72,34,38
050,38,005,"North Dakota","Benson County",2,32,69,37,32
050,38,005,"North Dakota","Benson County",2,33,62,35,27
050,38,005,"North Dakota","Benson County",2,34,56,29,27
050,38,005,"North Dakota","Benson County",2,35,59,32,27
050,38,005,"North Dakota","Benson County",2,36,65,33,32
050,38,005,"North Dakota","Benson County",2,37,72,35,37
050,38,005,"North Dakota","Benson County",2,38,57,30,27
050,38,005,"North Dakota","Benson County",2,39,61,35,26
050,38,005,"North Dakota","Benson County",2,40,66,36,30
050,38,005,"North Dakota","Benson County",2,41,57,33,24
050,38,005,"North Dakota","Benson County",2,42,48,29,19
050,38,005,"North Dakota","Benson County",2,43,48,27,21
050,38,005,"North Dakota","Benson County",2,44,47,24,23
050,38,005,"North Dakota","Benson County",2,45,48,20,28
050,38,005,"North Dakota","Benson County",2,46,47,21,26
050,38,005,"North Dakota","Benson County",2,47,48,22,26
050,38,005,"North Dakota","Benson County",2,48,56,30,26
050,38,005,"North Dakota","Benson County",2,49,57,31,26
050,38,005,"North Dakota","Benson County",2,50,54,27,27
050,38,005,"North Dakota","Benson County",2,51,59,30,29
050,38,005,"North Dakota","Benson County",2,52,68,32,36
050,38,005,"North Dakota","Benson County",2,53,66,34,32
050,38,005,"North Dakota","Benson County",2,54,60,32,28
050,38,005,"North Dakota","Benson County",2,55,58,32,26
050,38,005,"North Dakota","Benson County",2,56,63,33,30
050,38,005,"North Dakota","Benson County",2,57,64,33,31
050,38,005,"North Dakota","Benson County",2,58,68,35,33
050,38,005,"North Dakota","Benson County",2,59,77,36,41
050,38,005,"North Dakota","Benson County",2,60,79,36,43
050,38,005,"North Dakota","Benson County",2,61,71,34,37
050,38,005,"North Dakota","Benson County",2,62,78,41,37
050,38,005,"North Dakota","Benson County",2,63,81,41,40
050,38,005,"North Dakota","Benson County",2,64,77,39,38
050,38,005,"North Dakota","Benson County",2,65,71,35,36
050,38,005,"North Dakota","Benson County",2,66,62,27,35
050,38,005,"North Dakota","Benson County",2,67,59,27,32
050,38,005,"North Dakota","Benson County",2,68,62,31,31
050,38,005,"North Dakota","Benson County",2,69,66,34,32
050,38,005,"North Dakota","Benson County",2,70,56,28,28
050,38,005,"North Dakota","Benson County",2,71,49,24,25
050,38,005,"North Dakota","Benson County",2,72,41,19,22
050,38,005,"North Dakota","Benson County",2,73,54,28,26
050,38,005,"North Dakota","Benson County",2,74,40,20,20
050,38,005,"North Dakota","Benson County",2,75,33,17,16
050,38,005,"North Dakota","Benson County",2,76,24,13,11
050,38,005,"North Dakota","Benson County",2,77,21,12,9
050,38,005,"North Dakota","Benson County",2,78,26,15,11
050,38,005,"North Dakota","Benson County",2,79,26,14,12
050,38,005,"North Dakota","Benson County",2,80,23,12,11
050,38,005,"North Dakota","Benson County",2,81,23,12,11
050,38,005,"North Dakota","Benson County",2,82,21,12,9
050,38,005,"North Dakota","Benson County",2,83,23,12,11
050,38,005,"North Dakota","Benson County",2,84,16,8,8
050,38,005,"North Dakota","Benson County",2,85,85,41,44
050,38,005,"North Dakota","Benson County",3,0,116,59,57
050,38,005,"North Dakota","Benson County",3,1,122,64,58
050,38,005,"North Dakota","Benson County",3,2,122,63,59
050,38,005,"North Dakota","Benson County",3,3,103,52,51
050,38,005,"North Dakota","Benson County",3,4,114,65,49
050,38,005,"North Dakota","Benson County",3,5,115,64,51
050,38,005,"North Dakota","Benson County",3,6,99,50,49
050,38,005,"North Dakota","Benson County",3,7,110,43,67
050,38,005,"North Dakota","Benson County",3,8,110,58,52
050,38,005,"North Dakota","Benson County",3,9,107,58,49
050,38,005,"North Dakota","Benson County",3,10,94,52,42
050,38,005,"North Dakota","Benson County",3,11,98,50,48
050,38,005,"North Dakota","Benson County",3,12,108,56,52
050,38,005,"North Dakota","Benson County",3,13,101,51,50
050,38,005,"North Dakota","Benson County",3,14,118,61,57
050,38,005,"North Dakota","Benson County",3,15,125,57,68
050,38,005,"North Dakota","Benson County",3,16,100,48,52
050,38,005,"North Dakota","Benson County",3,17,106,52,54
050,38,005,"North Dakota","Benson County",3,18,89,49,40
050,38,005,"North Dakota","Benson County",3,19,72,42,30
050,38,005,"North Dakota","Benson County",3,20,72,44,28
050,38,005,"North Dakota","Benson County",3,21,63,38,25
050,38,005,"North Dakota","Benson County",3,22,53,32,21
050,38,005,"North Dakota","Benson County",3,23,57,25,32
050,38,005,"North Dakota","Benson County",3,24,56,25,31
050,38,005,"North Dakota","Benson County",3,25,58,29,29
050,38,005,"North Dakota","Benson County",3,26,62,26,36
050,38,005,"North Dakota","Benson County",3,27,62,34,28
050,38,005,"North Dakota","Benson County",3,28,67,39,28
050,38,005,"North Dakota","Benson County",3,29,77,43,34
050,38,005,"North Dakota","Benson County",3,30,78,39,39
050,38,005,"North Dakota","Benson County",3,31,73,35,38
050,38,005,"North Dakota","Benson County",3,32,63,31,32
050,38,005,"North Dakota","Benson County",3,33,62,32,30
050,38,005,"North Dakota","Benson County",3,34,63,34,29
050,38,005,"North Dakota","Benson County",3,35,54,30,24
050,38,005,"North Dakota","Benson County",3,36,51,28,23
050,38,005,"North Dakota","Benson County",3,37,65,34,31
050,38,005,"North Dakota","Benson County",3,38,68,35,33
050,38,005,"North Dakota","Benson County",3,39,58,31,27
050,38,005,"North Dakota","Benson County",3,40,59,33,26
050,38,005,"North Dakota","Benson County",3,41,62,35,27
050,38,005,"North Dakota","Benson County",3,42,51,28,23
050,38,005,"North Dakota","Benson County",3,43,48,28,20
050,38,005,"North Dakota","Benson County",3,44,48,26,22
050,38,005,"North Dakota","Benson County",3,45,47,24,23
050,38,005,"North Dakota","Benson County",3,46,48,21,27
050,38,005,"North Dakota","Benson County",3,47,44,22,22
050,38,005,"North Dakota","Benson County",3,48,45,22,23
050,38,005,"North Dakota","Benson County",3,49,55,30,25
050,38,005,"North Dakota","Benson County",3,50,54,28,26
050,38,005,"North Dakota","Benson County",3,51,52,25,27
050,38,005,"North Dakota","Benson County",3,52,59,32,27
050,38,005,"North Dakota","Benson County",3,53,66,31,35
050,38,005,"North Dakota","Benson County",3,54,63,32,31
050,38,005,"North Dakota","Benson County",3,55,59,31,28
050,38,005,"North Dakota","Benson County",3,56,60,31,29
050,38,005,"North Dakota","Benson County",3,57,61,32,29
050,38,005,"North Dakota","Benson County",3,58,69,37,32
050,38,005,"North Dakota","Benson County",3,59,66,33,33
050,38,005,"North Dakota","Benson County",3,60,77,37,40
050,38,005,"North Dakota","Benson County",3,61,74,35,39
050,38,005,"North Dakota","Benson County",3,62,65,29,36
050,38,005,"North Dakota","Benson County",3,63,81,45,36
050,38,005,"North Dakota","Benson County",3,64,80,41,39
050,38,005,"North Dakota","Benson County",3,65,73,38,35
050,38,005,"North Dakota","Benson County",3,66,73,36,37
050,38,005,"North Dakota","Benson County",3,67,60,26,34
050,38,005,"North Dakota","Benson County",3,68,55,24,31
050,38,005,"North Dakota","Benson County",3,69,61,30,31
050,38,005,"North Dakota","Benson County",3,70,65,33,32
050,38,005,"North Dakota","Benson County",3,71,52,25,27
050,38,005,"North Dakota","Benson County",3,72,44,20,24
050,38,005,"North Dakota","Benson County",3,73,34,15,19
050,38,005,"North Dakota","Benson County",3,74,53,28,25
050,38,005,"North Dakota","Benson County",3,75,39,20,19
050,38,005,"North Dakota","Benson County",3,76,32,16,16
050,38,005,"North Dakota","Benson County",3,77,20,9,11
050,38,005,"North Dakota","Benson County",3,78,19,9,10
050,38,005,"North Dakota","Benson County",3,79,25,14,11
050,38,005,"North Dakota","Benson County",3,80,25,12,13
050,38,005,"North Dakota","Benson County",3,81,19,9,10
050,38,005,"North Dakota","Benson County",3,82,22,12,10
050,38,005,"North Dakota","Benson County",3,83,19,10,9
050,38,005,"North Dakota","Benson County",3,84,19,12,7
050,38,005,"North Dakota","Benson County",3,85,80,35,45
050,38,005,"North Dakota","Benson County",4,0,106,52,54
050,38,005,"North Dakota","Benson County",4,1,122,65,57
050,38,005,"North Dakota","Benson County",4,2,118,60,58
050,38,005,"North Dakota","Benson County",4,3,115,58,57
050,38,005,"North Dakota","Benson County",4,4,103,52,51
050,38,005,"North Dakota","Benson County",4,5,105,55,50
050,38,005,"North Dakota","Benson County",4,6,113,64,49
050,38,005,"North Dakota","Benson County",4,7,100,52,48
050,38,005,"North Dakota","Benson County",4,8,112,46,66
050,38,005,"North Dakota","Benson County",4,9,107,60,47
050,38,005,"North Dakota","Benson County",4,10,104,58,46
050,38,005,"North Dakota","Benson County",4,11,98,52,46
050,38,005,"North Dakota","Benson County",4,12,98,52,46
050,38,005,"North Dakota","Benson County",4,13,111,57,54
050,38,005,"North Dakota","Benson County",4,14,101,50,51
050,38,005,"North Dakota","Benson County",4,15,112,54,58
050,38,005,"North Dakota","Benson County",4,16,121,55,66
050,38,005,"North Dakota","Benson County",4,17,104,57,47
050,38,005,"North Dakota","Benson County",4,18,90,44,46
050,38,005,"North Dakota","Benson County",4,19,71,42,29
050,38,005,"North Dakota","Benson County",4,20,78,45,33
050,38,005,"North Dakota","Benson County",4,21,70,43,27
050,38,005,"North Dakota","Benson County",4,22,69,40,29
050,38,005,"North Dakota","Benson County",4,23,51,29,22
050,38,005,"North Dakota","Benson County",4,24,52,22,30
050,38,005,"North Dakota","Benson County",4,25,57,28,29
050,38,005,"North Dakota","Benson County",4,26,62,36,26
050,38,005,"North Dakota","Benson County",4,27,63,31,32
050,38,005,"North Dakota","Benson County",4,28,59,32,27
050,38,005,"North Dakota","Benson County",4,29,61,34,27
050,38,005,"North Dakota","Benson County",4,30,67,33,34
050,38,005,"North Dakota","Benson County",4,31,77,37,40
050,38,005,"North Dakota","Benson County",4,32,72,34,38
050,38,005,"North Dakota","Benson County",4,33,69,34,35
050,38,005,"North Dakota","Benson County",4,34,57,32,25
050,38,005,"North Dakota","Benson County",4,35,61,35,26
050,38,005,"North Dakota","Benson County",4,36,57,33,24
050,38,005,"North Dakota","Benson County",4,37,54,29,25
050,38,005,"North Dakota","Benson County",4,38,68,35,33
050,38,005,"North Dakota","Benson County",4,39,69,34,35
050,38,005,"North Dakota","Benson County",4,40,56,29,27
050,38,005,"North Dakota","Benson County",4,41,56,31,25
050,38,005,"North Dakota","Benson County",4,42,58,34,24
050,38,005,"North Dakota","Benson County",4,43,53,30,23
050,38,005,"North Dakota","Benson County",4,44,50,31,19
050,38,005,"North Dakota","Benson County",4,45,48,25,23
050,38,005,"North Dakota","Benson County",4,46,50,22,28
050,38,005,"North Dakota","Benson County",4,47,53,24,29
050,38,005,"North Dakota","Benson County",4,48,44,20,24
050,38,005,"North Dakota","Benson County",4,49,45,23,22
050,38,005,"North Dakota","Benson County",4,50,55,29,26
050,38,005,"North Dakota","Benson County",4,51,57,32,25
050,38,005,"North Dakota","Benson County",4,52,54,24,30
050,38,005,"North Dakota","Benson County",4,53,57,33,24
050,38,005,"North Dakota","Benson County",4,54,68,31,37
050,38,005,"North Dakota","Benson County",4,55,60,32,28
050,38,005,"North Dakota","Benson County",4,56,58,31,27
050,38,005,"North Dakota","Benson County",4,57,61,31,30
050,38,005,"North Dakota","Benson County",4,58,62,34,28
050,38,005,"North Dakota","Benson County",4,59,66,34,32
050,38,005,"North Dakota","Benson County",4,60,64,33,31
050,38,005,"North Dakota","Benson County",4,61,77,38,39
050,38,005,"North Dakota","Benson County",4,62,72,33,39
050,38,005,"North Dakota","Benson County",4,63,61,27,34
050,38,005,"North Dakota","Benson County",4,64,80,44,36
050,38,005,"North Dakota","Benson County",4,65,77,39,38
050,38,005,"North Dakota","Benson County",4,66,71,38,33
050,38,005,"North Dakota","Benson County",4,67,74,36,38
050,38,005,"North Dakota","Benson County",4,68,58,26,32
050,38,005,"North Dakota","Benson County",4,69,54,23,31
050,38,005,"North Dakota","Benson County",4,70,63,31,32
050,38,005,"North Dakota","Benson County",4,71,62,31,31
050,38,005,"North Dakota","Benson County",4,72,53,25,28
050,38,005,"North Dakota","Benson County",4,73,39,18,21
050,38,005,"North Dakota","Benson County",4,74,34,16,18
050,38,005,"North Dakota","Benson County",4,75,54,30,24
050,38,005,"North Dakota","Benson County",4,76,37,20,17
050,38,005,"North Dakota","Benson County",4,77,32,16,16
050,38,005,"North Dakota","Benson County",4,78,19,8,11
050,38,005,"North Dakota","Benson County",4,79,18,7,11
050,38,005,"North Dakota","Benson County",4,80,23,14,9
050,38,005,"North Dakota","Benson County",4,81,22,11,11
050,38,005,"North Dakota","Benson County",4,82,19,9,10
050,38,005,"North Dakota","Benson County",4,83,21,11,10
050,38,005,"North Dakota","Benson County",4,84,12,7,5
050,38,005,"North Dakota","Benson County",4,85,81,36,45
050,38,005,"North Dakota","Benson County",5,0,104,50,54
050,38,005,"North Dakota","Benson County",5,1,100,49,51
050,38,005,"North Dakota","Benson County",5,2,123,67,56
050,38,005,"North Dakota","Benson County",5,3,109,56,53
050,38,005,"North Dakota","Benson County",5,4,117,61,56
050,38,005,"North Dakota","Benson County",5,5,106,52,54
050,38,005,"North Dakota","Benson County",5,6,115,59,56
050,38,005,"North Dakota","Benson County",5,7,110,60,50
050,38,005,"North Dakota","Benson County",5,8,106,53,53
050,38,005,"North Dakota","Benson County",5,9,103,43,60
050,38,005,"North Dakota","Benson County",5,10,107,61,46
050,38,005,"North Dakota","Benson County",5,11,107,61,46
050,38,005,"North Dakota","Benson County",5,12,95,50,45
050,38,005,"North Dakota","Benson County",5,13,96,50,46
050,38,005,"North Dakota","Benson County",5,14,107,55,52
050,38,005,"North Dakota","Benson County",5,15,100,49,51
050,38,005,"North Dakota","Benson County",5,16,111,55,56
050,38,005,"North Dakota","Benson County",5,17,119,55,64
050,38,005,"North Dakota","Benson County",5,18,91,51,40
050,38,005,"North Dakota","Benson County",5,19,81,38,43
050,38,005,"North Dakota","Benson County",5,20,75,44,31
050,38,005,"North Dakota","Benson County",5,21,76,48,28
050,38,005,"North Dakota","Benson County",5,22,65,36,29
050,38,005,"North Dakota","Benson County",5,23,62,35,27
050,38,005,"North Dakota","Benson County",5,24,53,30,23
050,38,005,"North Dakota","Benson County",5,25,49,19,30
050,38,005,"North Dakota","Benson County",5,26,58,32,26
050,38,005,"North Dakota","Benson County",5,27,67,40,27
050,38,005,"North Dakota","Benson County",5,28,57,24,33
050,38,005,"North Dakota","Benson County",5,29,62,37,25
050,38,005,"North Dakota","Benson County",5,30,62,35,27
050,38,005,"North Dakota","Benson County",5,31,62,31,31
050,38,005,"North Dakota","Benson County",5,32,73,37,36
050,38,005,"North Dakota","Benson County",5,33,69,31,38
050,38,005,"North Dakota","Benson County",5,34,65,32,33
050,38,005,"North Dakota","Benson County",5,35,61,34,27
050,38,005,"North Dakota","Benson County",5,36,56,30,26
050,38,005,"North Dakota","Benson County",5,37,54,29,25
050,38,005,"North Dakota","Benson County",5,38,56,32,24
050,38,005,"North Dakota","Benson County",5,39,68,35,33
050,38,005,"North Dakota","Benson County",5,40,71,35,36
050,38,005,"North Dakota","Benson County",5,41,58,30,28
050,38,005,"North Dakota","Benson County",5,42,54,33,21
050,38,005,"North Dakota","Benson County",5,43,53,30,23
050,38,005,"North Dakota","Benson County",5,44,49,27,22
050,38,005,"North Dakota","Benson County",5,45,44,27,17
050,38,005,"North Dakota","Benson County",5,46,50,27,23
050,38,005,"North Dakota","Benson County",5,47,52,22,30
050,38,005,"North Dakota","Benson County",5,48,51,22,29
050,38,005,"North Dakota","Benson County",5,49,45,19,26
050,38,005,"North Dakota","Benson County",5,50,47,22,25
050,38,005,"North Dakota","Benson County",5,51,55,29,26
050,38,005,"North Dakota","Benson County",5,52,53,30,23
050,38,005,"North Dakota","Benson County",5,53,55,24,31
050,38,005,"North Dakota","Benson County",5,54,57,30,27
050,38,005,"North Dakota","Benson County",5,55,70,32,38
050,38,005,"North Dakota","Benson County",5,56,58,30,28
050,38,005,"North Dakota","Benson County",5,57,58,31,27
050,38,005,"North Dakota","Benson County",5,58,58,30,28
050,38,005,"North Dakota","Benson County",5,59,62,34,28
050,38,005,"North Dakota","Benson County",5,60,59,30,29
050,38,005,"North Dakota","Benson County",5,61,61,31,30
050,38,005,"North Dakota","Benson County",5,62,74,37,37
050,38,005,"North Dakota","Benson County",5,63,76,35,41
050,38,005,"North Dakota","Benson County",5,64,65,30,35
050,38,005,"North Dakota","Benson County",5,65,78,42,36
050,38,005,"North Dakota","Benson County",5,66,75,39,36
050,38,005,"North Dakota","Benson County",5,67,73,38,35
050,38,005,"North Dakota","Benson County",5,68,74,36,38
050,38,005,"North Dakota","Benson County",5,69,60,27,33
050,38,005,"North Dakota","Benson County",5,70,55,24,31
050,38,005,"North Dakota","Benson County",5,71,58,26,32
050,38,005,"North Dakota","Benson County",5,72,62,31,31
050,38,005,"North Dakota","Benson County",5,73,49,23,26
050,38,005,"North Dakota","Benson County",5,74,37,18,19
050,38,005,"North Dakota","Benson County",5,75,32,17,15
050,38,005,"North Dakota","Benson County",5,76,50,28,22
050,38,005,"North Dakota","Benson County",5,77,36,20,16
050,38,005,"North Dakota","Benson County",5,78,31,15,16
050,38,005,"North Dakota","Benson County",5,79,19,7,12
050,38,005,"North Dakota","Benson County",5,80,15,5,10
050,38,005,"North Dakota","Benson County",5,81,21,12,9
050,38,005,"North Dakota","Benson County",5,82,19,8,11
050,38,005,"North Dakota","Benson County",5,83,16,6,10
050,38,005,"North Dakota","Benson County",5,84,16,9,7
050,38,005,"North Dakota","Benson County",5,85,77,34,43
050,38,007,"North Dakota","Billings County",1,0,10,5,5
050,38,007,"North Dakota","Billings County",1,1,9,3,6
050,38,007,"North Dakota","Billings County",1,2,11,2,9
050,38,007,"North Dakota","Billings County",1,3,18,8,10
050,38,007,"North Dakota","Billings County",1,4,17,11,6
050,38,007,"North Dakota","Billings County",1,5,13,9,4
050,38,007,"North Dakota","Billings County",1,6,10,4,6
050,38,007,"North Dakota","Billings County",1,7,8,3,5
050,38,007,"North Dakota","Billings County",1,8,15,11,4
050,38,007,"North Dakota","Billings County",1,9,8,2,6
050,38,007,"North Dakota","Billings County",1,10,9,7,2
050,38,007,"North Dakota","Billings County",1,11,8,3,5
050,38,007,"North Dakota","Billings County",1,12,10,2,8
050,38,007,"North Dakota","Billings County",1,13,10,5,5
050,38,007,"North Dakota","Billings County",1,14,11,5,6
050,38,007,"North Dakota","Billings County",1,15,11,6,5
050,38,007,"North Dakota","Billings County",1,16,7,3,4
050,38,007,"North Dakota","Billings County",1,17,12,3,9
050,38,007,"North Dakota","Billings County",1,18,6,3,3
050,38,007,"North Dakota","Billings County",1,19,6,3,3
050,38,007,"North Dakota","Billings County",1,20,4,2,2
050,38,007,"North Dakota","Billings County",1,21,5,3,2
050,38,007,"North Dakota","Billings County",1,22,8,4,4
050,38,007,"North Dakota","Billings County",1,23,9,2,7
050,38,007,"North Dakota","Billings County",1,24,5,3,2
050,38,007,"North Dakota","Billings County",1,25,8,7,1
050,38,007,"North Dakota","Billings County",1,26,8,4,4
050,38,007,"North Dakota","Billings County",1,27,11,4,7
050,38,007,"North Dakota","Billings County",1,28,10,5,5
050,38,007,"North Dakota","Billings County",1,29,13,6,7
050,38,007,"North Dakota","Billings County",1,30,7,3,4
050,38,007,"North Dakota","Billings County",1,31,6,5,1
050,38,007,"North Dakota","Billings County",1,32,14,11,3
050,38,007,"North Dakota","Billings County",1,33,17,13,4
050,38,007,"North Dakota","Billings County",1,34,16,10,6
050,38,007,"North Dakota","Billings County",1,35,12,10,2
050,38,007,"North Dakota","Billings County",1,36,14,7,7
050,38,007,"North Dakota","Billings County",1,37,11,9,2
050,38,007,"North Dakota","Billings County",1,38,13,7,6
050,38,007,"North Dakota","Billings County",1,39,13,5,8
050,38,007,"North Dakota","Billings County",1,40,17,7,10
050,38,007,"North Dakota","Billings County",1,41,14,9,5
050,38,007,"North Dakota","Billings County",1,42,8,4,4
050,38,007,"North Dakota","Billings County",1,43,9,5,4
050,38,007,"North Dakota","Billings County",1,44,13,10,3
050,38,007,"North Dakota","Billings County",1,45,8,7,1
050,38,007,"North Dakota","Billings County",1,46,9,4,5
050,38,007,"North Dakota","Billings County",1,47,11,7,4
050,38,007,"North Dakota","Billings County",1,48,10,6,4
050,38,007,"North Dakota","Billings County",1,49,10,6,4
050,38,007,"North Dakota","Billings County",1,50,8,5,3
050,38,007,"North Dakota","Billings County",1,51,6,1,5
050,38,007,"North Dakota","Billings County",1,52,12,7,5
050,38,007,"North Dakota","Billings County",1,53,12,8,4
050,38,007,"North Dakota","Billings County",1,54,16,7,9
050,38,007,"North Dakota","Billings County",1,55,19,8,11
050,38,007,"North Dakota","Billings County",1,56,15,5,10
050,38,007,"North Dakota","Billings County",1,57,13,8,5
050,38,007,"North Dakota","Billings County",1,58,15,9,6
050,38,007,"North Dakota","Billings County",1,59,11,8,3
050,38,007,"North Dakota","Billings County",1,60,13,5,8
050,38,007,"North Dakota","Billings County",1,61,21,13,8
050,38,007,"North Dakota","Billings County",1,62,17,11,6
050,38,007,"North Dakota","Billings County",1,63,14,6,8
050,38,007,"North Dakota","Billings County",1,64,12,6,6
050,38,007,"North Dakota","Billings County",1,65,9,3,6
050,38,007,"North Dakota","Billings County",1,66,13,7,6
050,38,007,"North Dakota","Billings County",1,67,15,10,5
050,38,007,"North Dakota","Billings County",1,68,17,12,5
050,38,007,"North Dakota","Billings County",1,69,15,8,7
050,38,007,"North Dakota","Billings County",1,70,12,3,9
050,38,007,"North Dakota","Billings County",1,71,10,5,5
050,38,007,"North Dakota","Billings County",1,72,13,6,7
050,38,007,"North Dakota","Billings County",1,73,9,5,4
050,38,007,"North Dakota","Billings County",1,74,7,5,2
050,38,007,"North Dakota","Billings County",1,75,11,9,2
050,38,007,"North Dakota","Billings County",1,76,10,6,4
050,38,007,"North Dakota","Billings County",1,77,5,3,2
050,38,007,"North Dakota","Billings County",1,78,3,1,2
050,38,007,"North Dakota","Billings County",1,79,6,4,2
050,38,007,"North Dakota","Billings County",1,80,7,4,3
050,38,007,"North Dakota","Billings County",1,81,5,2,3
050,38,007,"North Dakota","Billings County",1,82,5,4,1
050,38,007,"North Dakota","Billings County",1,83,8,5,3
050,38,007,"North Dakota","Billings County",1,84,4,1,3
050,38,007,"North Dakota","Billings County",1,85,36,17,19
050,38,007,"North Dakota","Billings County",2,0,7,3,4
050,38,007,"North Dakota","Billings County",2,1,9,3,6
050,38,007,"North Dakota","Billings County",2,2,10,2,8
050,38,007,"North Dakota","Billings County",2,3,15,6,9
050,38,007,"North Dakota","Billings County",2,4,17,10,7
050,38,007,"North Dakota","Billings County",2,5,13,9,4
050,38,007,"North Dakota","Billings County",2,6,10,5,5
050,38,007,"North Dakota","Billings County",2,7,9,4,5
050,38,007,"North Dakota","Billings County",2,8,12,8,4
050,38,007,"North Dakota","Billings County",2,9,10,4,6
050,38,007,"North Dakota","Billings County",2,10,8,5,3
050,38,007,"North Dakota","Billings County",2,11,8,4,4
050,38,007,"North Dakota","Billings County",2,12,9,2,7
050,38,007,"North Dakota","Billings County",2,13,10,4,6
050,38,007,"North Dakota","Billings County",2,14,11,5,6
050,38,007,"North Dakota","Billings County",2,15,12,6,6
050,38,007,"North Dakota","Billings County",2,16,8,4,4
050,38,007,"North Dakota","Billings County",2,17,11,3,8
050,38,007,"North Dakota","Billings County",2,18,7,3,4
050,38,007,"North Dakota","Billings County",2,19,6,3,3
050,38,007,"North Dakota","Billings County",2,20,5,2,3
050,38,007,"North Dakota","Billings County",2,21,5,3,2
050,38,007,"North Dakota","Billings County",2,22,8,4,4
050,38,007,"North Dakota","Billings County",2,23,9,2,7
050,38,007,"North Dakota","Billings County",2,24,6,3,3
050,38,007,"North Dakota","Billings County",2,25,8,7,1
050,38,007,"North Dakota","Billings County",2,26,9,5,4
050,38,007,"North Dakota","Billings County",2,27,11,4,7
050,38,007,"North Dakota","Billings County",2,28,9,4,5
050,38,007,"North Dakota","Billings County",2,29,13,6,7
050,38,007,"North Dakota","Billings County",2,30,7,3,4
050,38,007,"North Dakota","Billings County",2,31,6,4,2
050,38,007,"North Dakota","Billings County",2,32,13,10,3
050,38,007,"North Dakota","Billings County",2,33,15,11,4
050,38,007,"North Dakota","Billings County",2,34,16,10,6
050,38,007,"North Dakota","Billings County",2,35,12,9,3
050,38,007,"North Dakota","Billings County",2,36,13,8,5
050,38,007,"North Dakota","Billings County",2,37,11,8,3
050,38,007,"North Dakota","Billings County",2,38,14,8,6
050,38,007,"North Dakota","Billings County",2,39,12,5,7
050,38,007,"North Dakota","Billings County",2,40,16,7,9
050,38,007,"North Dakota","Billings County",2,41,15,9,6
050,38,007,"North Dakota","Billings County",2,42,9,5,4
050,38,007,"North Dakota","Billings County",2,43,9,5,4
050,38,007,"North Dakota","Billings County",2,44,11,8,3
050,38,007,"North Dakota","Billings County",2,45,9,8,1
050,38,007,"North Dakota","Billings County",2,46,8,4,4
050,38,007,"North Dakota","Billings County",2,47,10,6,4
050,38,007,"North Dakota","Billings County",2,48,10,6,4
050,38,007,"North Dakota","Billings County",2,49,10,6,4
050,38,007,"North Dakota","Billings County",2,50,7,4,3
050,38,007,"North Dakota","Billings County",2,51,6,2,4
050,38,007,"North Dakota","Billings County",2,52,11,6,5
050,38,007,"North Dakota","Billings County",2,53,12,8,4
050,38,007,"North Dakota","Billings County",2,54,15,7,8
050,38,007,"North Dakota","Billings County",2,55,19,8,11
050,38,007,"North Dakota","Billings County",2,56,16,6,10
050,38,007,"North Dakota","Billings County",2,57,13,7,6
050,38,007,"North Dakota","Billings County",2,58,15,9,6
050,38,007,"North Dakota","Billings County",2,59,12,8,4
050,38,007,"North Dakota","Billings County",2,60,12,5,7
050,38,007,"North Dakota","Billings County",2,61,19,11,8
050,38,007,"North Dakota","Billings County",2,62,17,11,6
050,38,007,"North Dakota","Billings County",2,63,15,7,8
050,38,007,"North Dakota","Billings County",2,64,12,6,6
050,38,007,"North Dakota","Billings County",2,65,10,4,6
050,38,007,"North Dakota","Billings County",2,66,12,6,6
050,38,007,"North Dakota","Billings County",2,67,14,9,5
050,38,007,"North Dakota","Billings County",2,68,16,11,5
050,38,007,"North Dakota","Billings County",2,69,16,9,7
050,38,007,"North Dakota","Billings County",2,70,12,4,8
050,38,007,"North Dakota","Billings County",2,71,11,5,6
050,38,007,"North Dakota","Billings County",2,72,12,6,6
050,38,007,"North Dakota","Billings County",2,73,11,6,5
050,38,007,"North Dakota","Billings County",2,74,7,5,2
050,38,007,"North Dakota","Billings County",2,75,10,8,2
050,38,007,"North Dakota","Billings County",2,76,10,7,3
050,38,007,"North Dakota","Billings County",2,77,7,4,3
050,38,007,"North Dakota","Billings County",2,78,3,1,2
050,38,007,"North Dakota","Billings County",2,79,5,3,2
050,38,007,"North Dakota","Billings County",2,80,7,4,3
050,38,007,"North Dakota","Billings County",2,81,6,3,3
050,38,007,"North Dakota","Billings County",2,82,4,3,1
050,38,007,"North Dakota","Billings County",2,83,7,5,2
050,38,007,"North Dakota","Billings County",2,84,5,2,3
050,38,007,"North Dakota","Billings County",2,85,36,17,19
050,38,007,"North Dakota","Billings County",3,0,11,5,6
050,38,007,"North Dakota","Billings County",3,1,9,3,6
050,38,007,"North Dakota","Billings County",3,2,9,3,6
050,38,007,"North Dakota","Billings County",3,3,12,2,10
050,38,007,"North Dakota","Billings County",3,4,16,6,10
050,38,007,"North Dakota","Billings County",3,5,17,11,6
050,38,007,"North Dakota","Billings County",3,6,15,11,4
050,38,007,"North Dakota","Billings County",3,7,12,6,6
050,38,007,"North Dakota","Billings County",3,8,9,4,5
050,38,007,"North Dakota","Billings County",3,9,13,9,4
050,38,007,"North Dakota","Billings County",3,10,11,5,6
050,38,007,"North Dakota","Billings County",3,11,9,6,3
050,38,007,"North Dakota","Billings County",3,12,8,4,4
050,38,007,"North Dakota","Billings County",3,13,9,2,7
050,38,007,"North Dakota","Billings County",3,14,11,4,7
050,38,007,"North Dakota","Billings County",3,15,11,5,6
050,38,007,"North Dakota","Billings County",3,16,11,6,5
050,38,007,"North Dakota","Billings County",3,17,9,4,5
050,38,007,"North Dakota","Billings County",3,18,9,3,6
050,38,007,"North Dakota","Billings County",3,19,7,4,3
050,38,007,"North Dakota","Billings County",3,20,7,3,4
050,38,007,"North Dakota","Billings County",3,21,3,1,2
050,38,007,"North Dakota","Billings County",3,22,6,5,1
050,38,007,"North Dakota","Billings County",3,23,10,3,7
050,38,007,"North Dakota","Billings County",3,24,7,2,5
050,38,007,"North Dakota","Billings County",3,25,5,2,3
050,38,007,"North Dakota","Billings County",3,26,8,7,1
050,38,007,"North Dakota","Billings County",3,27,10,5,5
050,38,007,"North Dakota","Billings County",3,28,12,4,8
050,38,007,"North Dakota","Billings County",3,29,9,4,5
050,38,007,"North Dakota","Billings County",3,30,14,7,7
050,38,007,"North Dakota","Billings County",3,31,7,3,4
050,38,007,"North Dakota","Billings County",3,32,7,4,3
050,38,007,"North Dakota","Billings County",3,33,19,13,6
050,38,007,"North Dakota","Billings County",3,34,15,12,3
050,38,007,"North Dakota","Billings County",3,35,16,10,6
050,38,007,"North Dakota","Billings County",3,36,12,9,3
050,38,007,"North Dakota","Billings County",3,37,15,9,6
050,38,007,"North Dakota","Billings County",3,38,13,9,4
050,38,007,"North Dakota","Billings County",3,39,14,8,6
050,38,007,"North Dakota","Billings County",3,40,12,5,7
050,38,007,"North Dakota","Billings County",3,41,16,7,9
050,38,007,"North Dakota","Billings County",3,42,15,9,6
050,38,007,"North Dakota","Billings County",3,43,7,3,4
050,38,007,"North Dakota","Billings County",3,44,9,5,4
050,38,007,"North Dakota","Billings County",3,45,11,8,3
050,38,007,"North Dakota","Billings County",3,46,7,6,1
050,38,007,"North Dakota","Billings County",3,47,10,6,4
050,38,007,"North Dakota","Billings County",3,48,8,5,3
050,38,007,"North Dakota","Billings County",3,49,14,8,6
050,38,007,"North Dakota","Billings County",3,50,11,6,5
050,38,007,"North Dakota","Billings County",3,51,7,4,3
050,38,007,"North Dakota","Billings County",3,52,6,2,4
050,38,007,"North Dakota","Billings County",3,53,13,6,7
050,38,007,"North Dakota","Billings County",3,54,14,8,6
050,38,007,"North Dakota","Billings County",3,55,15,7,8
050,38,007,"North Dakota","Billings County",3,56,19,9,10
050,38,007,"North Dakota","Billings County",3,57,18,8,10
050,38,007,"North Dakota","Billings County",3,58,12,7,5
050,38,007,"North Dakota","Billings County",3,59,12,6,6
050,38,007,"North Dakota","Billings County",3,60,9,7,2
050,38,007,"North Dakota","Billings County",3,61,11,5,6
050,38,007,"North Dakota","Billings County",3,62,18,10,8
050,38,007,"North Dakota","Billings County",3,63,14,9,5
050,38,007,"North Dakota","Billings County",3,64,12,4,8
050,38,007,"North Dakota","Billings County",3,65,13,5,8
050,38,007,"North Dakota","Billings County",3,66,10,4,6
050,38,007,"North Dakota","Billings County",3,67,12,6,6
050,38,007,"North Dakota","Billings County",3,68,13,9,4
050,38,007,"North Dakota","Billings County",3,69,17,11,6
050,38,007,"North Dakota","Billings County",3,70,18,11,7
050,38,007,"North Dakota","Billings County",3,71,12,4,8
050,38,007,"North Dakota","Billings County",3,72,11,5,6
050,38,007,"North Dakota","Billings County",3,73,12,6,6
050,38,007,"North Dakota","Billings County",3,74,11,6,5
050,38,007,"North Dakota","Billings County",3,75,7,5,2
050,38,007,"North Dakota","Billings County",3,76,10,8,2
050,38,007,"North Dakota","Billings County",3,77,14,10,4
050,38,007,"North Dakota","Billings County",3,78,8,4,4
050,38,007,"North Dakota","Billings County",3,79,3,1,2
050,38,007,"North Dakota","Billings County",3,80,5,3,2
050,38,007,"North Dakota","Billings County",3,81,7,4,3
050,38,007,"North Dakota","Billings County",3,82,6,3,3
050,38,007,"North Dakota","Billings County",3,83,4,3,1
050,38,007,"North Dakota","Billings County",3,84,7,5,2
050,38,007,"North Dakota","Billings County",3,85,36,16,20
050,38,007,"North Dakota","Billings County",4,0,14,7,7
050,38,007,"North Dakota","Billings County",4,1,11,5,6
050,38,007,"North Dakota","Billings County",4,2,11,5,6
050,38,007,"North Dakota","Billings County",4,3,10,4,6
050,38,007,"North Dakota","Billings County",4,4,12,2,10
050,38,007,"North Dakota","Billings County",4,5,17,7,10
050,38,007,"North Dakota","Billings County",4,6,18,9,9
050,38,007,"North Dakota","Billings County",4,7,15,11,4
050,38,007,"North Dakota","Billings County",4,8,12,6,6
050,38,007,"North Dakota","Billings County",4,9,9,4,5
050,38,007,"North Dakota","Billings County",4,10,17,11,6
050,38,007,"North Dakota","Billings County",4,11,11,5,6
050,38,007,"North Dakota","Billings County",4,12,9,6,3
050,38,007,"North Dakota","Billings County",4,13,8,4,4
050,38,007,"North Dakota","Billings County",4,14,12,3,9
050,38,007,"North Dakota","Billings County",4,15,13,6,7
050,38,007,"North Dakota","Billings County",4,16,11,5,6
050,38,007,"North Dakota","Billings County",4,17,11,5,6
050,38,007,"North Dakota","Billings County",4,18,10,5,5
050,38,007,"North Dakota","Billings County",4,19,10,4,6
050,38,007,"North Dakota","Billings County",4,20,10,4,6
050,38,007,"North Dakota","Billings County",4,21,5,2,3
050,38,007,"North Dakota","Billings County",4,22,6,3,3
050,38,007,"North Dakota","Billings County",4,23,10,4,6
050,38,007,"North Dakota","Billings County",4,24,12,4,8
050,38,007,"North Dakota","Billings County",4,25,8,2,6
050,38,007,"North Dakota","Billings County",4,26,7,3,4
050,38,007,"North Dakota","Billings County",4,27,7,6,1
050,38,007,"North Dakota","Billings County",4,28,8,5,3
050,38,007,"North Dakota","Billings County",4,29,13,3,10
050,38,007,"North Dakota","Billings County",4,30,10,5,5
050,38,007,"North Dakota","Billings County",4,31,15,7,8
050,38,007,"North Dakota","Billings County",4,32,7,3,4
050,38,007,"North Dakota","Billings County",4,33,9,4,5
050,38,007,"North Dakota","Billings County",4,34,20,14,6
050,38,007,"North Dakota","Billings County",4,35,15,12,3
050,38,007,"North Dakota","Billings County",4,36,20,13,7
050,38,007,"North Dakota","Billings County",4,37,13,10,3
050,38,007,"North Dakota","Billings County",4,38,20,10,10
050,38,007,"North Dakota","Billings County",4,39,13,10,3
050,38,007,"North Dakota","Billings County",4,40,17,9,8
050,38,007,"North Dakota","Billings County",4,41,13,5,8
050,38,007,"North Dakota","Billings County",4,42,18,8,10
050,38,007,"North Dakota","Billings County",4,43,12,7,5
050,38,007,"North Dakota","Billings County",4,44,8,4,4
050,38,007,"North Dakota","Billings County",4,45,9,5,4
050,38,007,"North Dakota","Billings County",4,46,12,9,3
050,38,007,"North Dakota","Billings County",4,47,6,6,0
050,38,007,"North Dakota","Billings County",4,48,8,4,4
050,38,007,"North Dakota","Billings County",4,49,9,6,3
050,38,007,"North Dakota","Billings County",4,50,12,8,4
050,38,007,"North Dakota","Billings County",4,51,13,8,5
050,38,007,"North Dakota","Billings County",4,52,6,3,3
050,38,007,"North Dakota","Billings County",4,53,6,2,4
050,38,007,"North Dakota","Billings County",4,54,13,6,7
050,38,007,"North Dakota","Billings County",4,55,14,10,4
050,38,007,"North Dakota","Billings County",4,56,15,7,8
050,38,007,"North Dakota","Billings County",4,57,18,8,10
050,38,007,"North Dakota","Billings County",4,58,18,8,10
050,38,007,"North Dakota","Billings County",4,59,16,10,6
050,38,007,"North Dakota","Billings County",4,60,14,8,6
050,38,007,"North Dakota","Billings County",4,61,10,7,3
050,38,007,"North Dakota","Billings County",4,62,11,5,6
050,38,007,"North Dakota","Billings County",4,63,19,11,8
050,38,007,"North Dakota","Billings County",4,64,14,9,5
050,38,007,"North Dakota","Billings County",4,65,11,3,8
050,38,007,"North Dakota","Billings County",4,66,13,4,9
050,38,007,"North Dakota","Billings County",4,67,10,4,6
050,38,007,"North Dakota","Billings County",4,68,12,5,7
050,38,007,"North Dakota","Billings County",4,69,12,9,3
050,38,007,"North Dakota","Billings County",4,70,17,11,6
050,38,007,"North Dakota","Billings County",4,71,20,12,8
050,38,007,"North Dakota","Billings County",4,72,12,4,8
050,38,007,"North Dakota","Billings County",4,73,12,5,7
050,38,007,"North Dakota","Billings County",4,74,10,5,5
050,38,007,"North Dakota","Billings County",4,75,11,6,5
050,38,007,"North Dakota","Billings County",4,76,7,5,2
050,38,007,"North Dakota","Billings County",4,77,11,9,2
050,38,007,"North Dakota","Billings County",4,78,13,10,3
050,38,007,"North Dakota","Billings County",4,79,8,4,4
050,38,007,"North Dakota","Billings County",4,80,3,1,2
050,38,007,"North Dakota","Billings County",4,81,5,3,2
050,38,007,"North Dakota","Billings County",4,82,7,4,3
050,38,007,"North Dakota","Billings County",4,83,6,3,3
050,38,007,"North Dakota","Billings County",4,84,4,3,1
050,38,007,"North Dakota","Billings County",4,85,41,21,20
050,38,007,"North Dakota","Billings County",5,0,14,7,7
050,38,007,"North Dakota","Billings County",5,1,14,7,7
050,38,007,"North Dakota","Billings County",5,2,11,5,6
050,38,007,"North Dakota","Billings County",5,3,12,6,6
050,38,007,"North Dakota","Billings County",5,4,11,5,6
050,38,007,"North Dakota","Billings County",5,5,13,2,11
050,38,007,"North Dakota","Billings County",5,6,16,7,9
050,38,007,"North Dakota","Billings County",5,7,16,7,9
050,38,007,"North Dakota","Billings County",5,8,16,12,4
050,38,007,"North Dakota","Billings County",5,9,10,4,6
050,38,007,"North Dakota","Billings County",5,10,9,4,5
050,38,007,"North Dakota","Billings County",5,11,19,13,6
050,38,007,"North Dakota","Billings County",5,12,11,5,6
050,38,007,"North Dakota","Billings County",5,13,9,6,3
050,38,007,"North Dakota","Billings County",5,14,8,4,4
050,38,007,"North Dakota","Billings County",5,15,11,3,8
050,38,007,"North Dakota","Billings County",5,16,11,4,7
050,38,007,"North Dakota","Billings County",5,17,11,5,6
050,38,007,"North Dakota","Billings County",5,18,7,4,3
050,38,007,"North Dakota","Billings County",5,19,9,5,4
050,38,007,"North Dakota","Billings County",5,20,12,4,8
050,38,007,"North Dakota","Billings County",5,21,12,7,5
050,38,007,"North Dakota","Billings County",5,22,5,3,2
050,38,007,"North Dakota","Billings County",5,23,10,3,7
050,38,007,"North Dakota","Billings County",5,24,10,5,5
050,38,007,"North Dakota","Billings County",5,25,12,5,7
050,38,007,"North Dakota","Billings County",5,26,6,2,4
050,38,007,"North Dakota","Billings County",5,27,4,2,2
050,38,007,"North Dakota","Billings County",5,28,7,5,2
050,38,007,"North Dakota","Billings County",5,29,10,7,3
050,38,007,"North Dakota","Billings County",5,30,17,5,12
050,38,007,"North Dakota","Billings County",5,31,9,4,5
050,38,007,"North Dakota","Billings County",5,32,15,7,8
050,38,007,"North Dakota","Billings County",5,33,5,3,2
050,38,007,"North Dakota","Billings County",5,34,8,4,4
050,38,007,"North Dakota","Billings County",5,35,15,10,5
050,38,007,"North Dakota","Billings County",5,36,15,12,3
050,38,007,"North Dakota","Billings County",5,37,20,14,6
050,38,007,"North Dakota","Billings County",5,38,13,10,3
050,38,007,"North Dakota","Billings County",5,39,19,10,9
050,38,007,"North Dakota","Billings County",5,40,12,9,3
050,38,007,"North Dakota","Billings County",5,41,20,12,8
050,38,007,"North Dakota","Billings County",5,42,18,8,10
050,38,007,"North Dakota","Billings County",5,43,18,8,10
050,38,007,"North Dakota","Billings County",5,44,14,8,6
050,38,007,"North Dakota","Billings County",5,45,8,4,4
050,38,007,"North Dakota","Billings County",5,46,9,5,4
050,38,007,"North Dakota","Billings County",5,47,12,9,3
050,38,007,"North Dakota","Billings County",5,48,7,6,1
050,38,007,"North Dakota","Billings County",5,49,8,4,4
050,38,007,"North Dakota","Billings County",5,50,9,6,3
050,38,007,"North Dakota","Billings County",5,51,13,8,5
050,38,007,"North Dakota","Billings County",5,52,13,8,5
050,38,007,"North Dakota","Billings County",5,53,6,3,3
050,38,007,"North Dakota","Billings County",5,54,5,2,3
050,38,007,"North Dakota","Billings County",5,55,13,6,7
050,38,007,"North Dakota","Billings County",5,56,13,9,4
050,38,007,"North Dakota","Billings County",5,57,15,7,8
050,38,007,"North Dakota","Billings County",5,58,17,8,9
050,38,007,"North Dakota","Billings County",5,59,17,8,9
050,38,007,"North Dakota","Billings County",5,60,13,8,5
050,38,007,"North Dakota","Billings County",5,61,13,8,5
050,38,007,"North Dakota","Billings County",5,62,9,6,3
050,38,007,"North Dakota","Billings County",5,63,10,4,6
050,38,007,"North Dakota","Billings County",5,64,19,12,7
050,38,007,"North Dakota","Billings County",5,65,11,7,4
050,38,007,"North Dakota","Billings County",5,66,11,3,8
050,38,007,"North Dakota","Billings County",5,67,16,5,11
050,38,007,"North Dakota","Billings County",5,68,11,4,7
050,38,007,"North Dakota","Billings County",5,69,12,5,7
050,38,007,"North Dakota","Billings County",5,70,13,10,3
050,38,007,"North Dakota","Billings County",5,71,18,12,6
050,38,007,"North Dakota","Billings County",5,72,21,13,8
050,38,007,"North Dakota","Billings County",5,73,12,4,8
050,38,007,"North Dakota","Billings County",5,74,11,4,7
050,38,007,"North Dakota","Billings County",5,75,10,5,5
050,38,007,"North Dakota","Billings County",5,76,12,6,6
050,38,007,"North Dakota","Billings County",5,77,7,5,2
050,38,007,"North Dakota","Billings County",5,78,10,9,1
050,38,007,"North Dakota","Billings County",5,79,14,11,3
050,38,007,"North Dakota","Billings County",5,80,8,4,4
050,38,007,"North Dakota","Billings County",5,81,3,1,2
050,38,007,"North Dakota","Billings County",5,82,6,3,3
050,38,007,"North Dakota","Billings County",5,83,7,4,3
050,38,007,"North Dakota","Billings County",5,84,6,3,3
050,38,007,"North Dakota","Billings County",5,85,42,25,17
050,38,009,"North Dakota","Bottineau County",1,0,63,33,30
050,38,009,"North Dakota","Bottineau County",1,1,68,36,32
050,38,009,"North Dakota","Bottineau County",1,2,82,41,41
050,38,009,"North Dakota","Bottineau County",1,3,81,43,38
050,38,009,"North Dakota","Bottineau County",1,4,78,41,37
050,38,009,"North Dakota","Bottineau County",1,5,66,27,39
050,38,009,"North Dakota","Bottineau County",1,6,76,37,39
050,38,009,"North Dakota","Bottineau County",1,7,80,41,39
050,38,009,"North Dakota","Bottineau County",1,8,80,39,41
050,38,009,"North Dakota","Bottineau County",1,9,83,44,39
050,38,009,"North Dakota","Bottineau County",1,10,78,48,30
050,38,009,"North Dakota","Bottineau County",1,11,86,50,36
050,38,009,"North Dakota","Bottineau County",1,12,79,45,34
050,38,009,"North Dakota","Bottineau County",1,13,88,45,43
050,38,009,"North Dakota","Bottineau County",1,14,82,32,50
050,38,009,"North Dakota","Bottineau County",1,15,79,37,42
050,38,009,"North Dakota","Bottineau County",1,16,79,44,35
050,38,009,"North Dakota","Bottineau County",1,17,80,40,40
050,38,009,"North Dakota","Bottineau County",1,18,77,38,39
050,38,009,"North Dakota","Bottineau County",1,19,85,51,34
050,38,009,"North Dakota","Bottineau County",1,20,93,60,33
050,38,009,"North Dakota","Bottineau County",1,21,54,34,20
050,38,009,"North Dakota","Bottineau County",1,22,57,36,21
050,38,009,"North Dakota","Bottineau County",1,23,50,29,21
050,38,009,"North Dakota","Bottineau County",1,24,51,27,24
050,38,009,"North Dakota","Bottineau County",1,25,56,23,33
050,38,009,"North Dakota","Bottineau County",1,26,70,33,37
050,38,009,"North Dakota","Bottineau County",1,27,64,34,30
050,38,009,"North Dakota","Bottineau County",1,28,69,45,24
050,38,009,"North Dakota","Bottineau County",1,29,70,38,32
050,38,009,"North Dakota","Bottineau County",1,30,67,36,31
050,38,009,"North Dakota","Bottineau County",1,31,70,38,32
050,38,009,"North Dakota","Bottineau County",1,32,56,28,28
050,38,009,"North Dakota","Bottineau County",1,33,65,39,26
050,38,009,"North Dakota","Bottineau County",1,34,74,39,35
050,38,009,"North Dakota","Bottineau County",1,35,59,30,29
050,38,009,"North Dakota","Bottineau County",1,36,67,37,30
050,38,009,"North Dakota","Bottineau County",1,37,71,43,28
050,38,009,"North Dakota","Bottineau County",1,38,61,29,32
050,38,009,"North Dakota","Bottineau County",1,39,70,37,33
050,38,009,"North Dakota","Bottineau County",1,40,68,36,32
050,38,009,"North Dakota","Bottineau County",1,41,77,41,36
050,38,009,"North Dakota","Bottineau County",1,42,62,30,32
050,38,009,"North Dakota","Bottineau County",1,43,57,23,34
050,38,009,"North Dakota","Bottineau County",1,44,46,25,21
050,38,009,"North Dakota","Bottineau County",1,45,61,34,27
050,38,009,"North Dakota","Bottineau County",1,46,68,35,33
050,38,009,"North Dakota","Bottineau County",1,47,60,30,30
050,38,009,"North Dakota","Bottineau County",1,48,59,33,26
050,38,009,"North Dakota","Bottineau County",1,49,66,32,34
050,38,009,"North Dakota","Bottineau County",1,50,63,32,31
050,38,009,"North Dakota","Bottineau County",1,51,76,44,32
050,38,009,"North Dakota","Bottineau County",1,52,69,34,35
050,38,009,"North Dakota","Bottineau County",1,53,80,34,46
050,38,009,"North Dakota","Bottineau County",1,54,72,39,33
050,38,009,"North Dakota","Bottineau County",1,55,79,43,36
050,38,009,"North Dakota","Bottineau County",1,56,79,41,38
050,38,009,"North Dakota","Bottineau County",1,57,98,47,51
050,38,009,"North Dakota","Bottineau County",1,58,107,58,49
050,38,009,"North Dakota","Bottineau County",1,59,96,51,45
050,38,009,"North Dakota","Bottineau County",1,60,110,58,52
050,38,009,"North Dakota","Bottineau County",1,61,96,48,48
050,38,009,"North Dakota","Bottineau County",1,62,107,54,53
050,38,009,"North Dakota","Bottineau County",1,63,116,66,50
050,38,009,"North Dakota","Bottineau County",1,64,98,56,42
050,38,009,"North Dakota","Bottineau County",1,65,97,50,47
050,38,009,"North Dakota","Bottineau County",1,66,102,50,52
050,38,009,"North Dakota","Bottineau County",1,67,106,50,56
050,38,009,"North Dakota","Bottineau County",1,68,99,49,50
050,38,009,"North Dakota","Bottineau County",1,69,94,48,46
050,38,009,"North Dakota","Bottineau County",1,70,94,54,40
050,38,009,"North Dakota","Bottineau County",1,71,96,51,45
050,38,009,"North Dakota","Bottineau County",1,72,94,46,48
050,38,009,"North Dakota","Bottineau County",1,73,81,42,39
050,38,009,"North Dakota","Bottineau County",1,74,60,29,31
050,38,009,"North Dakota","Bottineau County",1,75,62,33,29
050,38,009,"North Dakota","Bottineau County",1,76,54,24,30
050,38,009,"North Dakota","Bottineau County",1,77,60,24,36
050,38,009,"North Dakota","Bottineau County",1,78,50,23,27
050,38,009,"North Dakota","Bottineau County",1,79,43,22,21
050,38,009,"North Dakota","Bottineau County",1,80,45,27,18
050,38,009,"North Dakota","Bottineau County",1,81,40,16,24
050,38,009,"North Dakota","Bottineau County",1,82,31,14,17
050,38,009,"North Dakota","Bottineau County",1,83,28,12,16
050,38,009,"North Dakota","Bottineau County",1,84,23,9,14
050,38,009,"North Dakota","Bottineau County",1,85,190,79,111
050,38,009,"North Dakota","Bottineau County",2,0,63,34,29
050,38,009,"North Dakota","Bottineau County",2,1,67,35,32
050,38,009,"North Dakota","Bottineau County",2,2,80,41,39
050,38,009,"North Dakota","Bottineau County",2,3,81,43,38
050,38,009,"North Dakota","Bottineau County",2,4,77,40,37
050,38,009,"North Dakota","Bottineau County",2,5,70,31,39
050,38,009,"North Dakota","Bottineau County",2,6,74,35,39
050,38,009,"North Dakota","Bottineau County",2,7,81,41,40
050,38,009,"North Dakota","Bottineau County",2,8,80,39,41
050,38,009,"North Dakota","Bottineau County",2,9,81,42,39
050,38,009,"North Dakota","Bottineau County",2,10,78,46,32
050,38,009,"North Dakota","Bottineau County",2,11,84,49,35
050,38,009,"North Dakota","Bottineau County",2,12,80,46,34
050,38,009,"North Dakota","Bottineau County",2,13,84,43,41
050,38,009,"North Dakota","Bottineau County",2,14,81,34,47
050,38,009,"North Dakota","Bottineau County",2,15,80,37,43
050,38,009,"North Dakota","Bottineau County",2,16,81,43,38
050,38,009,"North Dakota","Bottineau County",2,17,82,43,39
050,38,009,"North Dakota","Bottineau County",2,18,78,39,39
050,38,009,"North Dakota","Bottineau County",2,19,87,51,36
050,38,009,"North Dakota","Bottineau County",2,20,90,59,31
050,38,009,"North Dakota","Bottineau County",2,21,58,36,22
050,38,009,"North Dakota","Bottineau County",2,22,57,36,21
050,38,009,"North Dakota","Bottineau County",2,23,51,30,21
050,38,009,"North Dakota","Bottineau County",2,24,51,28,23
050,38,009,"North Dakota","Bottineau County",2,25,57,25,32
050,38,009,"North Dakota","Bottineau County",2,26,67,31,36
050,38,009,"North Dakota","Bottineau County",2,27,65,34,31
050,38,009,"North Dakota","Bottineau County",2,28,70,45,25
050,38,009,"North Dakota","Bottineau County",2,29,71,40,31
050,38,009,"North Dakota","Bottineau County",2,30,70,38,32
050,38,009,"North Dakota","Bottineau County",2,31,69,37,32
050,38,009,"North Dakota","Bottineau County",2,32,60,31,29
050,38,009,"North Dakota","Bottineau County",2,33,63,36,27
050,38,009,"North Dakota","Bottineau County",2,34,72,39,33
050,38,009,"North Dakota","Bottineau County",2,35,63,32,31
050,38,009,"North Dakota","Bottineau County",2,36,63,34,29
050,38,009,"North Dakota","Bottineau County",2,37,69,41,28
050,38,009,"North Dakota","Bottineau County",2,38,65,33,32
050,38,009,"North Dakota","Bottineau County",2,39,69,36,33
050,38,009,"North Dakota","Bottineau County",2,40,68,35,33
050,38,009,"North Dakota","Bottineau County",2,41,75,40,35
050,38,009,"North Dakota","Bottineau County",2,42,65,32,33
050,38,009,"North Dakota","Bottineau County",2,43,60,26,34
050,38,009,"North Dakota","Bottineau County",2,44,47,24,23
050,38,009,"North Dakota","Bottineau County",2,45,56,31,25
050,38,009,"North Dakota","Bottineau County",2,46,66,34,32
050,38,009,"North Dakota","Bottineau County",2,47,62,31,31
050,38,009,"North Dakota","Bottineau County",2,48,58,32,26
050,38,009,"North Dakota","Bottineau County",2,49,65,33,32
050,38,009,"North Dakota","Bottineau County",2,50,65,33,32
050,38,009,"North Dakota","Bottineau County",2,51,73,42,31
050,38,009,"North Dakota","Bottineau County",2,52,68,34,34
050,38,009,"North Dakota","Bottineau County",2,53,76,33,43
050,38,009,"North Dakota","Bottineau County",2,54,76,39,37
050,38,009,"North Dakota","Bottineau County",2,55,77,42,35
050,38,009,"North Dakota","Bottineau County",2,56,80,42,38
050,38,009,"North Dakota","Bottineau County",2,57,95,46,49
050,38,009,"North Dakota","Bottineau County",2,58,103,55,48
050,38,009,"North Dakota","Bottineau County",2,59,101,54,47
050,38,009,"North Dakota","Bottineau County",2,60,106,56,50
050,38,009,"North Dakota","Bottineau County",2,61,100,51,49
050,38,009,"North Dakota","Bottineau County",2,62,103,51,52
050,38,009,"North Dakota","Bottineau County",2,63,114,63,51
050,38,009,"North Dakota","Bottineau County",2,64,99,56,43
050,38,009,"North Dakota","Bottineau County",2,65,98,52,46
050,38,009,"North Dakota","Bottineau County",2,66,101,50,51
050,38,009,"North Dakota","Bottineau County",2,67,105,50,55
050,38,009,"North Dakota","Bottineau County",2,68,99,49,50
050,38,009,"North Dakota","Bottineau County",2,69,96,49,47
050,38,009,"North Dakota","Bottineau County",2,70,94,52,42
050,38,009,"North Dakota","Bottineau County",2,71,98,53,45
050,38,009,"North Dakota","Bottineau County",2,72,92,46,46
050,38,009,"North Dakota","Bottineau County",2,73,88,45,43
050,38,009,"North Dakota","Bottineau County",2,74,60,29,31
050,38,009,"North Dakota","Bottineau County",2,75,62,32,30
050,38,009,"North Dakota","Bottineau County",2,76,56,26,30
050,38,009,"North Dakota","Bottineau County",2,77,58,23,35
050,38,009,"North Dakota","Bottineau County",2,78,51,23,28
050,38,009,"North Dakota","Bottineau County",2,79,45,22,23
050,38,009,"North Dakota","Bottineau County",2,80,45,26,19
050,38,009,"North Dakota","Bottineau County",2,81,41,18,23
050,38,009,"North Dakota","Bottineau County",2,82,33,15,18
050,38,009,"North Dakota","Bottineau County",2,83,28,12,16
050,38,009,"North Dakota","Bottineau County",2,84,23,9,14
050,38,009,"North Dakota","Bottineau County",2,85,188,77,111
050,38,009,"North Dakota","Bottineau County",3,0,76,42,34
050,38,009,"North Dakota","Bottineau County",3,1,69,42,27
050,38,009,"North Dakota","Bottineau County",3,2,69,38,31
050,38,009,"North Dakota","Bottineau County",3,3,83,40,43
050,38,009,"North Dakota","Bottineau County",3,4,88,44,44
050,38,009,"North Dakota","Bottineau County",3,5,82,42,40
050,38,009,"North Dakota","Bottineau County",3,6,71,33,38
050,38,009,"North Dakota","Bottineau County",3,7,78,37,41
050,38,009,"North Dakota","Bottineau County",3,8,81,43,38
050,38,009,"North Dakota","Bottineau County",3,9,85,42,43
050,38,009,"North Dakota","Bottineau County",3,10,83,43,40
050,38,009,"North Dakota","Bottineau County",3,11,87,49,38
050,38,009,"North Dakota","Bottineau County",3,12,86,50,36
050,38,009,"North Dakota","Bottineau County",3,13,75,42,33
050,38,009,"North Dakota","Bottineau County",3,14,88,43,45
050,38,009,"North Dakota","Bottineau County",3,15,83,35,48
050,38,009,"North Dakota","Bottineau County",3,16,81,39,42
050,38,009,"North Dakota","Bottineau County",3,17,84,44,40
050,38,009,"North Dakota","Bottineau County",3,18,93,50,43
050,38,009,"North Dakota","Bottineau County",3,19,94,48,46
050,38,009,"North Dakota","Bottineau County",3,20,88,55,33
050,38,009,"North Dakota","Bottineau County",3,21,63,37,26
050,38,009,"North Dakota","Bottineau County",3,22,64,40,24
050,38,009,"North Dakota","Bottineau County",3,23,47,29,18
050,38,009,"North Dakota","Bottineau County",3,24,50,27,23
050,38,009,"North Dakota","Bottineau County",3,25,54,29,25
050,38,009,"North Dakota","Bottineau County",3,26,55,26,29
050,38,009,"North Dakota","Bottineau County",3,27,69,34,35
050,38,009,"North Dakota","Bottineau County",3,28,60,33,27
050,38,009,"North Dakota","Bottineau County",3,29,78,45,33
050,38,009,"North Dakota","Bottineau County",3,30,70,37,33
050,38,009,"North Dakota","Bottineau County",3,31,71,39,32
050,38,009,"North Dakota","Bottineau County",3,32,72,36,36
050,38,009,"North Dakota","Bottineau County",3,33,67,38,29
050,38,009,"North Dakota","Bottineau County",3,34,71,42,29
050,38,009,"North Dakota","Bottineau County",3,35,77,44,33
050,38,009,"North Dakota","Bottineau County",3,36,62,30,32
050,38,009,"North Dakota","Bottineau County",3,37,64,34,30
050,38,009,"North Dakota","Bottineau County",3,38,69,43,26
050,38,009,"North Dakota","Bottineau County",3,39,66,34,32
050,38,009,"North Dakota","Bottineau County",3,40,64,35,29
050,38,009,"North Dakota","Bottineau County",3,41,65,32,33
050,38,009,"North Dakota","Bottineau County",3,42,73,40,33
050,38,009,"North Dakota","Bottineau County",3,43,67,32,35
050,38,009,"North Dakota","Bottineau County",3,44,59,27,32
050,38,009,"North Dakota","Bottineau County",3,45,48,25,23
050,38,009,"North Dakota","Bottineau County",3,46,59,34,25
050,38,009,"North Dakota","Bottineau County",3,47,69,35,34
050,38,009,"North Dakota","Bottineau County",3,48,57,28,29
050,38,009,"North Dakota","Bottineau County",3,49,57,31,26
050,38,009,"North Dakota","Bottineau County",3,50,65,35,30
050,38,009,"North Dakota","Bottineau County",3,51,62,33,29
050,38,009,"North Dakota","Bottineau County",3,52,72,41,31
050,38,009,"North Dakota","Bottineau County",3,53,69,34,35
050,38,009,"North Dakota","Bottineau County",3,54,71,29,42
050,38,009,"North Dakota","Bottineau County",3,55,76,37,39
050,38,009,"North Dakota","Bottineau County",3,56,74,40,34
050,38,009,"North Dakota","Bottineau County",3,57,84,46,38
050,38,009,"North Dakota","Bottineau County",3,58,98,50,48
050,38,009,"North Dakota","Bottineau County",3,59,102,55,47
050,38,009,"North Dakota","Bottineau County",3,60,106,58,48
050,38,009,"North Dakota","Bottineau County",3,61,103,53,50
050,38,009,"North Dakota","Bottineau County",3,62,99,50,49
050,38,009,"North Dakota","Bottineau County",3,63,104,50,54
050,38,009,"North Dakota","Bottineau County",3,64,109,62,47
050,38,009,"North Dakota","Bottineau County",3,65,95,57,38
050,38,009,"North Dakota","Bottineau County",3,66,95,51,44
050,38,009,"North Dakota","Bottineau County",3,67,102,49,53
050,38,009,"North Dakota","Bottineau County",3,68,105,50,55
050,38,009,"North Dakota","Bottineau County",3,69,98,48,50
050,38,009,"North Dakota","Bottineau County",3,70,94,48,46
050,38,009,"North Dakota","Bottineau County",3,71,91,50,41
050,38,009,"North Dakota","Bottineau County",3,72,99,53,46
050,38,009,"North Dakota","Bottineau County",3,73,92,46,46
050,38,009,"North Dakota","Bottineau County",3,74,87,45,42
050,38,009,"North Dakota","Bottineau County",3,75,59,28,31
050,38,009,"North Dakota","Bottineau County",3,76,59,31,28
050,38,009,"North Dakota","Bottineau County",3,77,55,26,29
050,38,009,"North Dakota","Bottineau County",3,78,55,21,34
050,38,009,"North Dakota","Bottineau County",3,79,49,21,28
050,38,009,"North Dakota","Bottineau County",3,80,43,21,22
050,38,009,"North Dakota","Bottineau County",3,81,44,23,21
050,38,009,"North Dakota","Bottineau County",3,82,36,17,19
050,38,009,"North Dakota","Bottineau County",3,83,29,13,16
050,38,009,"North Dakota","Bottineau County",3,84,22,9,13
050,38,009,"North Dakota","Bottineau County",3,85,174,71,103
050,38,009,"North Dakota","Bottineau County",4,0,75,41,34
050,38,009,"North Dakota","Bottineau County",4,1,79,45,34
050,38,009,"North Dakota","Bottineau County",4,2,74,46,28
050,38,009,"North Dakota","Bottineau County",4,3,63,31,32
050,38,009,"North Dakota","Bottineau County",4,4,77,43,34
050,38,009,"North Dakota","Bottineau County",4,5,85,48,37
050,38,009,"North Dakota","Bottineau County",4,6,86,44,42
050,38,009,"North Dakota","Bottineau County",4,7,67,32,35
050,38,009,"North Dakota","Bottineau County",4,8,83,39,44
050,38,009,"North Dakota","Bottineau County",4,9,80,44,36
050,38,009,"North Dakota","Bottineau County",4,10,87,45,42
050,38,009,"North Dakota","Bottineau County",4,11,73,36,37
050,38,009,"North Dakota","Bottineau County",4,12,89,51,38
050,38,009,"North Dakota","Bottineau County",4,13,87,50,37
050,38,009,"North Dakota","Bottineau County",4,14,77,41,36
050,38,009,"North Dakota","Bottineau County",4,15,87,43,44
050,38,009,"North Dakota","Bottineau County",4,16,78,32,46
050,38,009,"North Dakota","Bottineau County",4,17,78,36,42
050,38,009,"North Dakota","Bottineau County",4,18,84,47,37
050,38,009,"North Dakota","Bottineau County",4,19,98,54,44
050,38,009,"North Dakota","Bottineau County",4,20,85,47,38
050,38,009,"North Dakota","Bottineau County",4,21,55,33,22
050,38,009,"North Dakota","Bottineau County",4,22,59,37,22
050,38,009,"North Dakota","Bottineau County",4,23,54,35,19
050,38,009,"North Dakota","Bottineau County",4,24,43,25,18
050,38,009,"North Dakota","Bottineau County",4,25,45,23,22
050,38,009,"North Dakota","Bottineau County",4,26,52,27,25
050,38,009,"North Dakota","Bottineau County",4,27,57,29,28
050,38,009,"North Dakota","Bottineau County",4,28,75,35,40
050,38,009,"North Dakota","Bottineau County",4,29,62,33,29
050,38,009,"North Dakota","Bottineau County",4,30,75,43,32
050,38,009,"North Dakota","Bottineau County",4,31,70,37,33
050,38,009,"North Dakota","Bottineau County",4,32,68,34,34
050,38,009,"North Dakota","Bottineau County",4,33,71,37,34
050,38,009,"North Dakota","Bottineau County",4,34,70,39,31
050,38,009,"North Dakota","Bottineau County",4,35,70,43,27
050,38,009,"North Dakota","Bottineau County",4,36,77,41,36
050,38,009,"North Dakota","Bottineau County",4,37,73,35,38
050,38,009,"North Dakota","Bottineau County",4,38,61,34,27
050,38,009,"North Dakota","Bottineau County",4,39,74,48,26
050,38,009,"North Dakota","Bottineau County",4,40,67,36,31
050,38,009,"North Dakota","Bottineau County",4,41,61,34,27
050,38,009,"North Dakota","Bottineau County",4,42,64,31,33
050,38,009,"North Dakota","Bottineau County",4,43,79,41,38
050,38,009,"North Dakota","Bottineau County",4,44,63,30,33
050,38,009,"North Dakota","Bottineau County",4,45,55,27,28
050,38,009,"North Dakota","Bottineau County",4,46,49,25,24
050,38,009,"North Dakota","Bottineau County",4,47,58,33,25
050,38,009,"North Dakota","Bottineau County",4,48,66,34,32
050,38,009,"North Dakota","Bottineau County",4,49,59,30,29
050,38,009,"North Dakota","Bottineau County",4,50,56,32,24
050,38,009,"North Dakota","Bottineau County",4,51,66,33,33
050,38,009,"North Dakota","Bottineau County",4,52,67,36,31
050,38,009,"North Dakota","Bottineau County",4,53,72,40,32
050,38,009,"North Dakota","Bottineau County",4,54,70,34,36
050,38,009,"North Dakota","Bottineau County",4,55,74,31,43
050,38,009,"North Dakota","Bottineau County",4,56,73,37,36
050,38,009,"North Dakota","Bottineau County",4,57,75,41,34
050,38,009,"North Dakota","Bottineau County",4,58,84,45,39
050,38,009,"North Dakota","Bottineau County",4,59,97,50,47
050,38,009,"North Dakota","Bottineau County",4,60,101,54,47
050,38,009,"North Dakota","Bottineau County",4,61,103,54,49
050,38,009,"North Dakota","Bottineau County",4,62,100,51,49
050,38,009,"North Dakota","Bottineau County",4,63,99,50,49
050,38,009,"North Dakota","Bottineau County",4,64,105,53,52
050,38,009,"North Dakota","Bottineau County",4,65,106,62,44
050,38,009,"North Dakota","Bottineau County",4,66,95,58,37
050,38,009,"North Dakota","Bottineau County",4,67,96,52,44
050,38,009,"North Dakota","Bottineau County",4,68,97,48,49
050,38,009,"North Dakota","Bottineau County",4,69,102,46,56
050,38,009,"North Dakota","Bottineau County",4,70,93,48,45
050,38,009,"North Dakota","Bottineau County",4,71,93,46,47
050,38,009,"North Dakota","Bottineau County",4,72,92,49,43
050,38,009,"North Dakota","Bottineau County",4,73,94,49,45
050,38,009,"North Dakota","Bottineau County",4,74,90,45,45
050,38,009,"North Dakota","Bottineau County",4,75,85,42,43
050,38,009,"North Dakota","Bottineau County",4,76,58,28,30
050,38,009,"North Dakota","Bottineau County",4,77,55,31,24
050,38,009,"North Dakota","Bottineau County",4,78,53,25,28
050,38,009,"North Dakota","Bottineau County",4,79,55,21,34
050,38,009,"North Dakota","Bottineau County",4,80,50,21,29
050,38,009,"North Dakota","Bottineau County",4,81,43,20,23
050,38,009,"North Dakota","Bottineau County",4,82,44,25,19
050,38,009,"North Dakota","Bottineau County",4,83,31,15,16
050,38,009,"North Dakota","Bottineau County",4,84,26,11,15
050,38,009,"North Dakota","Bottineau County",4,85,160,63,97
050,38,009,"North Dakota","Bottineau County",5,0,74,41,33
050,38,009,"North Dakota","Bottineau County",5,1,78,42,36
050,38,009,"North Dakota","Bottineau County",5,2,80,47,33
050,38,009,"North Dakota","Bottineau County",5,3,74,42,32
050,38,009,"North Dakota","Bottineau County",5,4,62,32,30
050,38,009,"North Dakota","Bottineau County",5,5,74,40,34
050,38,009,"North Dakota","Bottineau County",5,6,82,45,37
050,38,009,"North Dakota","Bottineau County",5,7,77,42,35
050,38,009,"North Dakota","Bottineau County",5,8,67,30,37
050,38,009,"North Dakota","Bottineau County",5,9,80,40,40
050,38,009,"North Dakota","Bottineau County",5,10,80,44,36
050,38,009,"North Dakota","Bottineau County",5,11,85,41,44
050,38,009,"North Dakota","Bottineau County",5,12,74,40,34
050,38,009,"North Dakota","Bottineau County",5,13,90,51,39
050,38,009,"North Dakota","Bottineau County",5,14,89,51,38
050,38,009,"North Dakota","Bottineau County",5,15,77,43,34
050,38,009,"North Dakota","Bottineau County",5,16,88,41,47
050,38,009,"North Dakota","Bottineau County",5,17,85,36,49
050,38,009,"North Dakota","Bottineau County",5,18,83,43,40
050,38,009,"North Dakota","Bottineau County",5,19,90,53,37
050,38,009,"North Dakota","Bottineau County",5,20,97,58,39
050,38,009,"North Dakota","Bottineau County",5,21,58,27,31
050,38,009,"North Dakota","Bottineau County",5,22,50,30,20
050,38,009,"North Dakota","Bottineau County",5,23,48,26,22
050,38,009,"North Dakota","Bottineau County",5,24,54,30,24
050,38,009,"North Dakota","Bottineau County",5,25,44,22,22
050,38,009,"North Dakota","Bottineau County",5,26,40,19,21
050,38,009,"North Dakota","Bottineau County",5,27,52,32,20
050,38,009,"North Dakota","Bottineau County",5,28,60,30,30
050,38,009,"North Dakota","Bottineau County",5,29,72,34,38
050,38,009,"North Dakota","Bottineau County",5,30,60,33,27
050,38,009,"North Dakota","Bottineau County",5,31,76,41,35
050,38,009,"North Dakota","Bottineau County",5,32,69,38,31
050,38,009,"North Dakota","Bottineau County",5,33,69,34,35
050,38,009,"North Dakota","Bottineau County",5,34,67,33,34
050,38,009,"North Dakota","Bottineau County",5,35,73,41,32
050,38,009,"North Dakota","Bottineau County",5,36,65,37,28
050,38,009,"North Dakota","Bottineau County",5,37,76,42,34
050,38,009,"North Dakota","Bottineau County",5,38,74,34,40
050,38,009,"North Dakota","Bottineau County",5,39,62,34,28
050,38,009,"North Dakota","Bottineau County",5,40,74,48,26
050,38,009,"North Dakota","Bottineau County",5,41,67,38,29
050,38,009,"North Dakota","Bottineau County",5,42,58,31,27
050,38,009,"North Dakota","Bottineau County",5,43,66,33,33
050,38,009,"North Dakota","Bottineau County",5,44,77,41,36
050,38,009,"North Dakota","Bottineau County",5,45,63,29,34
050,38,009,"North Dakota","Bottineau County",5,46,53,25,28
050,38,009,"North Dakota","Bottineau County",5,47,50,25,25
050,38,009,"North Dakota","Bottineau County",5,48,61,35,26
050,38,009,"North Dakota","Bottineau County",5,49,65,34,31
050,38,009,"North Dakota","Bottineau County",5,50,65,33,32
050,38,009,"North Dakota","Bottineau County",5,51,58,33,25
050,38,009,"North Dakota","Bottineau County",5,52,69,34,35
050,38,009,"North Dakota","Bottineau County",5,53,66,34,32
050,38,009,"North Dakota","Bottineau County",5,54,71,37,34
050,38,009,"North Dakota","Bottineau County",5,55,74,38,36
050,38,009,"North Dakota","Bottineau County",5,56,76,33,43
050,38,009,"North Dakota","Bottineau County",5,57,75,35,40
050,38,009,"North Dakota","Bottineau County",5,58,68,38,30
050,38,009,"North Dakota","Bottineau County",5,59,83,45,38
050,38,009,"North Dakota","Bottineau County",5,60,98,52,46
050,38,009,"North Dakota","Bottineau County",5,61,99,52,47
050,38,009,"North Dakota","Bottineau County",5,62,107,55,52
050,38,009,"North Dakota","Bottineau County",5,63,106,52,54
050,38,009,"North Dakota","Bottineau County",5,64,103,49,54
050,38,009,"North Dakota","Bottineau County",5,65,103,52,51
050,38,009,"North Dakota","Bottineau County",5,66,102,61,41
050,38,009,"North Dakota","Bottineau County",5,67,92,55,37
050,38,009,"North Dakota","Bottineau County",5,68,93,50,43
050,38,009,"North Dakota","Bottineau County",5,69,96,47,49
050,38,009,"North Dakota","Bottineau County",5,70,101,46,55
050,38,009,"North Dakota","Bottineau County",5,71,90,44,46
050,38,009,"North Dakota","Bottineau County",5,72,86,43,43
050,38,009,"North Dakota","Bottineau County",5,73,91,48,43
050,38,009,"North Dakota","Bottineau County",5,74,93,48,45
050,38,009,"North Dakota","Bottineau County",5,75,86,42,44
050,38,009,"North Dakota","Bottineau County",5,76,78,39,39
050,38,009,"North Dakota","Bottineau County",5,77,54,27,27
050,38,009,"North Dakota","Bottineau County",5,78,54,30,24
050,38,009,"North Dakota","Bottineau County",5,79,50,22,28
050,38,009,"North Dakota","Bottineau County",5,80,52,20,32
050,38,009,"North Dakota","Bottineau County",5,81,48,20,28
050,38,009,"North Dakota","Bottineau County",5,82,43,23,20
050,38,009,"North Dakota","Bottineau County",5,83,43,23,20
050,38,009,"North Dakota","Bottineau County",5,84,30,15,15
050,38,009,"North Dakota","Bottineau County",5,85,157,60,97
050,38,011,"North Dakota","Bowman County",1,0,35,18,17
050,38,011,"North Dakota","Bowman County",1,1,41,20,21
050,38,011,"North Dakota","Bowman County",1,2,30,12,18
050,38,011,"North Dakota","Bowman County",1,3,33,18,15
050,38,011,"North Dakota","Bowman County",1,4,39,19,20
050,38,011,"North Dakota","Bowman County",1,5,46,23,23
050,38,011,"North Dakota","Bowman County",1,6,39,25,14
050,38,011,"North Dakota","Bowman County",1,7,44,19,25
050,38,011,"North Dakota","Bowman County",1,8,44,19,25
050,38,011,"North Dakota","Bowman County",1,9,46,24,22
050,38,011,"North Dakota","Bowman County",1,10,43,21,22
050,38,011,"North Dakota","Bowman County",1,11,46,24,22
050,38,011,"North Dakota","Bowman County",1,12,50,28,22
050,38,011,"North Dakota","Bowman County",1,13,43,24,19
050,38,011,"North Dakota","Bowman County",1,14,43,20,23
050,38,011,"North Dakota","Bowman County",1,15,39,18,21
050,38,011,"North Dakota","Bowman County",1,16,42,20,22
050,38,011,"North Dakota","Bowman County",1,17,42,26,16
050,38,011,"North Dakota","Bowman County",1,18,30,17,13
050,38,011,"North Dakota","Bowman County",1,19,28,14,14
050,38,011,"North Dakota","Bowman County",1,20,21,13,8
050,38,011,"North Dakota","Bowman County",1,21,28,16,12
050,38,011,"North Dakota","Bowman County",1,22,28,10,18
050,38,011,"North Dakota","Bowman County",1,23,26,11,15
050,38,011,"North Dakota","Bowman County",1,24,21,12,9
050,38,011,"North Dakota","Bowman County",1,25,24,11,13
050,38,011,"North Dakota","Bowman County",1,26,33,15,18
050,38,011,"North Dakota","Bowman County",1,27,29,14,15
050,38,011,"North Dakota","Bowman County",1,28,27,18,9
050,38,011,"North Dakota","Bowman County",1,29,35,17,18
050,38,011,"North Dakota","Bowman County",1,30,34,15,19
050,38,011,"North Dakota","Bowman County",1,31,28,15,13
050,38,011,"North Dakota","Bowman County",1,32,25,16,9
050,38,011,"North Dakota","Bowman County",1,33,33,21,12
050,38,011,"North Dakota","Bowman County",1,34,37,20,17
050,38,011,"North Dakota","Bowman County",1,35,34,21,13
050,38,011,"North Dakota","Bowman County",1,36,35,19,16
050,38,011,"North Dakota","Bowman County",1,37,30,16,14
050,38,011,"North Dakota","Bowman County",1,38,42,23,19
050,38,011,"North Dakota","Bowman County",1,39,40,20,20
050,38,011,"North Dakota","Bowman County",1,40,40,17,23
050,38,011,"North Dakota","Bowman County",1,41,37,25,12
050,38,011,"North Dakota","Bowman County",1,42,36,21,15
050,38,011,"North Dakota","Bowman County",1,43,28,17,11
050,38,011,"North Dakota","Bowman County",1,44,35,21,14
050,38,011,"North Dakota","Bowman County",1,45,26,14,12
050,38,011,"North Dakota","Bowman County",1,46,33,17,16
050,38,011,"North Dakota","Bowman County",1,47,29,15,14
050,38,011,"North Dakota","Bowman County",1,48,27,14,13
050,38,011,"North Dakota","Bowman County",1,49,31,15,16
050,38,011,"North Dakota","Bowman County",1,50,28,15,13
050,38,011,"North Dakota","Bowman County",1,51,30,17,13
050,38,011,"North Dakota","Bowman County",1,52,22,13,9
050,38,011,"North Dakota","Bowman County",1,53,21,11,10
050,38,011,"North Dakota","Bowman County",1,54,37,19,18
050,38,011,"North Dakota","Bowman County",1,55,32,17,15
050,38,011,"North Dakota","Bowman County",1,56,35,18,17
050,38,011,"North Dakota","Bowman County",1,57,49,26,23
050,38,011,"North Dakota","Bowman County",1,58,37,20,17
050,38,011,"North Dakota","Bowman County",1,59,39,16,23
050,38,011,"North Dakota","Bowman County",1,60,40,16,24
050,38,011,"North Dakota","Bowman County",1,61,53,26,27
050,38,011,"North Dakota","Bowman County",1,62,53,27,26
050,38,011,"North Dakota","Bowman County",1,63,57,31,26
050,38,011,"North Dakota","Bowman County",1,64,53,25,28
050,38,011,"North Dakota","Bowman County",1,65,53,23,30
050,38,011,"North Dakota","Bowman County",1,66,46,23,23
050,38,011,"North Dakota","Bowman County",1,67,46,25,21
050,38,011,"North Dakota","Bowman County",1,68,43,24,19
050,38,011,"North Dakota","Bowman County",1,69,30,18,12
050,38,011,"North Dakota","Bowman County",1,70,29,12,17
050,38,011,"North Dakota","Bowman County",1,71,32,14,18
050,38,011,"North Dakota","Bowman County",1,72,32,12,20
050,38,011,"North Dakota","Bowman County",1,73,28,11,17
050,38,011,"North Dakota","Bowman County",1,74,24,11,13
050,38,011,"North Dakota","Bowman County",1,75,23,13,10
050,38,011,"North Dakota","Bowman County",1,76,27,14,13
050,38,011,"North Dakota","Bowman County",1,77,28,14,14
050,38,011,"North Dakota","Bowman County",1,78,22,12,10
050,38,011,"North Dakota","Bowman County",1,79,26,14,12
050,38,011,"North Dakota","Bowman County",1,80,12,5,7
050,38,011,"North Dakota","Bowman County",1,81,17,7,10
050,38,011,"North Dakota","Bowman County",1,82,21,12,9
050,38,011,"North Dakota","Bowman County",1,83,10,3,7
050,38,011,"North Dakota","Bowman County",1,84,13,5,8
050,38,011,"North Dakota","Bowman County",1,85,109,43,66
050,38,011,"North Dakota","Bowman County",2,0,38,20,18
050,38,011,"North Dakota","Bowman County",2,1,39,19,20
050,38,011,"North Dakota","Bowman County",2,2,34,15,19
050,38,011,"North Dakota","Bowman County",2,3,33,17,16
050,38,011,"North Dakota","Bowman County",2,4,35,18,17
050,38,011,"North Dakota","Bowman County",2,5,45,22,23
050,38,011,"North Dakota","Bowman County",2,6,40,24,16
050,38,011,"North Dakota","Bowman County",2,7,43,20,23
050,38,011,"North Dakota","Bowman County",2,8,44,19,25
050,38,011,"North Dakota","Bowman County",2,9,47,24,23
050,38,011,"North Dakota","Bowman County",2,10,44,22,22
050,38,011,"North Dakota","Bowman County",2,11,46,24,22
050,38,011,"North Dakota","Bowman County",2,12,49,27,22
050,38,011,"North Dakota","Bowman County",2,13,44,24,20
050,38,011,"North Dakota","Bowman County",2,14,42,20,22
050,38,011,"North Dakota","Bowman County",2,15,40,19,21
050,38,011,"North Dakota","Bowman County",2,16,41,19,22
050,38,011,"North Dakota","Bowman County",2,17,41,24,17
050,38,011,"North Dakota","Bowman County",2,18,32,19,13
050,38,011,"North Dakota","Bowman County",2,19,27,14,13
050,38,011,"North Dakota","Bowman County",2,20,23,14,9
050,38,011,"North Dakota","Bowman County",2,21,27,15,12
050,38,011,"North Dakota","Bowman County",2,22,27,11,16
050,38,011,"North Dakota","Bowman County",2,23,26,11,15
050,38,011,"North Dakota","Bowman County",2,24,22,12,10
050,38,011,"North Dakota","Bowman County",2,25,24,11,13
050,38,011,"North Dakota","Bowman County",2,26,31,14,17
050,38,011,"North Dakota","Bowman County",2,27,30,14,16
050,38,011,"North Dakota","Bowman County",2,28,28,17,11
050,38,011,"North Dakota","Bowman County",2,29,33,17,16
050,38,011,"North Dakota","Bowman County",2,30,34,15,19
050,38,011,"North Dakota","Bowman County",2,31,30,16,14
050,38,011,"North Dakota","Bowman County",2,32,26,16,10
050,38,011,"North Dakota","Bowman County",2,33,30,19,11
050,38,011,"North Dakota","Bowman County",2,34,35,19,16
050,38,011,"North Dakota","Bowman County",2,35,35,21,14
050,38,011,"North Dakota","Bowman County",2,36,33,19,14
050,38,011,"North Dakota","Bowman County",2,37,31,17,14
050,38,011,"North Dakota","Bowman County",2,38,40,21,19
050,38,011,"North Dakota","Bowman County",2,39,40,20,20
050,38,011,"North Dakota","Bowman County",2,40,40,18,22
050,38,011,"North Dakota","Bowman County",2,41,39,24,15
050,38,011,"North Dakota","Bowman County",2,42,36,22,14
050,38,011,"North Dakota","Bowman County",2,43,30,18,12
050,38,011,"North Dakota","Bowman County",2,44,32,19,13
050,38,011,"North Dakota","Bowman County",2,45,28,16,12
050,38,011,"North Dakota","Bowman County",2,46,31,16,15
050,38,011,"North Dakota","Bowman County",2,47,28,14,14
050,38,011,"North Dakota","Bowman County",2,48,27,14,13
050,38,011,"North Dakota","Bowman County",2,49,30,14,16
050,38,011,"North Dakota","Bowman County",2,50,29,15,14
050,38,011,"North Dakota","Bowman County",2,51,30,17,13
050,38,011,"North Dakota","Bowman County",2,52,24,15,9
050,38,011,"North Dakota","Bowman County",2,53,22,12,10
050,38,011,"North Dakota","Bowman County",2,54,32,16,16
050,38,011,"North Dakota","Bowman County",2,55,32,17,15
050,38,011,"North Dakota","Bowman County",2,56,34,18,16
050,38,011,"North Dakota","Bowman County",2,57,46,24,22
050,38,011,"North Dakota","Bowman County",2,58,39,21,18
050,38,011,"North Dakota","Bowman County",2,59,39,17,22
050,38,011,"North Dakota","Bowman County",2,60,40,16,24
050,38,011,"North Dakota","Bowman County",2,61,48,22,26
050,38,011,"North Dakota","Bowman County",2,62,52,26,26
050,38,011,"North Dakota","Bowman County",2,63,56,30,26
050,38,011,"North Dakota","Bowman County",2,64,53,25,28
050,38,011,"North Dakota","Bowman County",2,65,53,23,30
050,38,011,"North Dakota","Bowman County",2,66,46,22,24
050,38,011,"North Dakota","Bowman County",2,67,46,24,22
050,38,011,"North Dakota","Bowman County",2,68,43,24,19
050,38,011,"North Dakota","Bowman County",2,69,34,20,14
050,38,011,"North Dakota","Bowman County",2,70,29,13,16
050,38,011,"North Dakota","Bowman County",2,71,31,14,17
050,38,011,"North Dakota","Bowman County",2,72,30,11,19
050,38,011,"North Dakota","Bowman County",2,73,30,12,18
050,38,011,"North Dakota","Bowman County",2,74,23,10,13
050,38,011,"North Dakota","Bowman County",2,75,24,13,11
050,38,011,"North Dakota","Bowman County",2,76,25,13,12
050,38,011,"North Dakota","Bowman County",2,77,29,15,14
050,38,011,"North Dakota","Bowman County",2,78,23,12,11
050,38,011,"North Dakota","Bowman County",2,79,24,12,12
050,38,011,"North Dakota","Bowman County",2,80,15,7,8
050,38,011,"North Dakota","Bowman County",2,81,16,6,10
050,38,011,"North Dakota","Bowman County",2,82,20,11,9
050,38,011,"North Dakota","Bowman County",2,83,12,5,7
050,38,011,"North Dakota","Bowman County",2,84,13,5,8
050,38,011,"North Dakota","Bowman County",2,85,108,43,65
050,38,011,"North Dakota","Bowman County",3,0,34,15,19
050,38,011,"North Dakota","Bowman County",3,1,31,19,12
050,38,011,"North Dakota","Bowman County",3,2,35,18,17
050,38,011,"North Dakota","Bowman County",3,3,28,15,13
050,38,011,"North Dakota","Bowman County",3,4,30,15,15
050,38,011,"North Dakota","Bowman County",3,5,33,19,14
050,38,011,"North Dakota","Bowman County",3,6,44,23,21
050,38,011,"North Dakota","Bowman County",3,7,40,22,18
050,38,011,"North Dakota","Bowman County",3,8,42,18,24
050,38,011,"North Dakota","Bowman County",3,9,45,19,26
050,38,011,"North Dakota","Bowman County",3,10,47,24,23
050,38,011,"North Dakota","Bowman County",3,11,41,22,19
050,38,011,"North Dakota","Bowman County",3,12,45,25,20
050,38,011,"North Dakota","Bowman County",3,13,48,24,24
050,38,011,"North Dakota","Bowman County",3,14,36,23,13
050,38,011,"North Dakota","Bowman County",3,15,43,21,22
050,38,011,"North Dakota","Bowman County",3,16,39,18,21
050,38,011,"North Dakota","Bowman County",3,17,41,20,21
050,38,011,"North Dakota","Bowman County",3,18,30,19,11
050,38,011,"North Dakota","Bowman County",3,19,27,15,12
050,38,011,"North Dakota","Bowman County",3,20,29,14,15
050,38,011,"North Dakota","Bowman County",3,21,21,17,4
050,38,011,"North Dakota","Bowman County",3,22,28,15,13
050,38,011,"North Dakota","Bowman County",3,23,22,8,14
050,38,011,"North Dakota","Bowman County",3,24,27,12,15
050,38,011,"North Dakota","Bowman County",3,25,23,14,9
050,38,011,"North Dakota","Bowman County",3,26,25,12,13
050,38,011,"North Dakota","Bowman County",3,27,32,15,17
050,38,011,"North Dakota","Bowman County",3,28,28,12,16
050,38,011,"North Dakota","Bowman County",3,29,28,16,12
050,38,011,"North Dakota","Bowman County",3,30,29,15,14
050,38,011,"North Dakota","Bowman County",3,31,31,14,17
050,38,011,"North Dakota","Bowman County",3,32,32,17,15
050,38,011,"North Dakota","Bowman County",3,33,27,17,10
050,38,011,"North Dakota","Bowman County",3,34,26,16,10
050,38,011,"North Dakota","Bowman County",3,35,31,17,14
050,38,011,"North Dakota","Bowman County",3,36,33,20,13
050,38,011,"North Dakota","Bowman County",3,37,32,19,13
050,38,011,"North Dakota","Bowman County",3,38,31,17,14
050,38,011,"North Dakota","Bowman County",3,39,40,21,19
050,38,011,"North Dakota","Bowman County",3,40,38,20,18
050,38,011,"North Dakota","Bowman County",3,41,40,19,21
050,38,011,"North Dakota","Bowman County",3,42,39,24,15
050,38,011,"North Dakota","Bowman County",3,43,36,24,12
050,38,011,"North Dakota","Bowman County",3,44,31,18,13
050,38,011,"North Dakota","Bowman County",3,45,31,19,12
050,38,011,"North Dakota","Bowman County",3,46,30,17,13
050,38,011,"North Dakota","Bowman County",3,47,33,15,18
050,38,011,"North Dakota","Bowman County",3,48,28,14,14
050,38,011,"North Dakota","Bowman County",3,49,26,14,12
050,38,011,"North Dakota","Bowman County",3,50,30,14,16
050,38,011,"North Dakota","Bowman County",3,51,28,13,15
050,38,011,"North Dakota","Bowman County",3,52,29,17,12
050,38,011,"North Dakota","Bowman County",3,53,25,15,10
050,38,011,"North Dakota","Bowman County",3,54,21,12,9
050,38,011,"North Dakota","Bowman County",3,55,31,15,16
050,38,011,"North Dakota","Bowman County",3,56,34,19,15
050,38,011,"North Dakota","Bowman County",3,57,33,17,16
050,38,011,"North Dakota","Bowman County",3,58,43,23,20
050,38,011,"North Dakota","Bowman County",3,59,39,21,18
050,38,011,"North Dakota","Bowman County",3,60,39,18,21
050,38,011,"North Dakota","Bowman County",3,61,38,14,24
050,38,011,"North Dakota","Bowman County",3,62,47,21,26
050,38,011,"North Dakota","Bowman County",3,63,52,26,26
050,38,011,"North Dakota","Bowman County",3,64,53,29,24
050,38,011,"North Dakota","Bowman County",3,65,50,23,27
050,38,011,"North Dakota","Bowman County",3,66,48,20,28
050,38,011,"North Dakota","Bowman County",3,67,48,22,26
050,38,011,"North Dakota","Bowman County",3,68,46,24,22
050,38,011,"North Dakota","Bowman County",3,69,43,25,18
050,38,011,"North Dakota","Bowman County",3,70,35,21,14
050,38,011,"North Dakota","Bowman County",3,71,29,13,16
050,38,011,"North Dakota","Bowman County",3,72,31,13,18
050,38,011,"North Dakota","Bowman County",3,73,30,12,18
050,38,011,"North Dakota","Bowman County",3,74,29,12,17
050,38,011,"North Dakota","Bowman County",3,75,23,9,14
050,38,011,"North Dakota","Bowman County",3,76,23,12,11
050,38,011,"North Dakota","Bowman County",3,77,26,14,12
050,38,011,"North Dakota","Bowman County",3,78,27,13,14
050,38,011,"North Dakota","Bowman County",3,79,22,11,11
050,38,011,"North Dakota","Bowman County",3,80,20,11,9
050,38,011,"North Dakota","Bowman County",3,81,17,8,9
050,38,011,"North Dakota","Bowman County",3,82,14,6,8
050,38,011,"North Dakota","Bowman County",3,83,19,10,9
050,38,011,"North Dakota","Bowman County",3,84,11,5,6
050,38,011,"North Dakota","Bowman County",3,85,101,35,66
050,38,011,"North Dakota","Bowman County",4,0,37,26,11
050,38,011,"North Dakota","Bowman County",4,1,38,17,21
050,38,011,"North Dakota","Bowman County",4,2,30,18,12
050,38,011,"North Dakota","Bowman County",4,3,31,17,14
050,38,011,"North Dakota","Bowman County",4,4,34,20,14
050,38,011,"North Dakota","Bowman County",4,5,33,17,16
050,38,011,"North Dakota","Bowman County",4,6,34,19,15
050,38,011,"North Dakota","Bowman County",4,7,44,22,22
050,38,011,"North Dakota","Bowman County",4,8,39,21,18
050,38,011,"North Dakota","Bowman County",4,9,43,17,26
050,38,011,"North Dakota","Bowman County",4,10,45,20,25
050,38,011,"North Dakota","Bowman County",4,11,47,22,25
050,38,011,"North Dakota","Bowman County",4,12,39,22,17
050,38,011,"North Dakota","Bowman County",4,13,46,26,20
050,38,011,"North Dakota","Bowman County",4,14,47,23,24
050,38,011,"North Dakota","Bowman County",4,15,39,23,16
050,38,011,"North Dakota","Bowman County",4,16,43,22,21
050,38,011,"North Dakota","Bowman County",4,17,36,18,18
050,38,011,"North Dakota","Bowman County",4,18,38,17,21
050,38,011,"North Dakota","Bowman County",4,19,22,12,10
050,38,011,"North Dakota","Bowman County",4,20,26,16,10
050,38,011,"North Dakota","Bowman County",4,21,29,15,14
050,38,011,"North Dakota","Bowman County",4,22,24,17,7
050,38,011,"North Dakota","Bowman County",4,23,29,16,13
050,38,011,"North Dakota","Bowman County",4,24,25,10,15
050,38,011,"North Dakota","Bowman County",4,25,30,12,18
050,38,011,"North Dakota","Bowman County",4,26,24,14,10
050,38,011,"North Dakota","Bowman County",4,27,23,9,14
050,38,011,"North Dakota","Bowman County",4,28,30,13,17
050,38,011,"North Dakota","Bowman County",4,29,30,14,16
050,38,011,"North Dakota","Bowman County",4,30,28,16,12
050,38,011,"North Dakota","Bowman County",4,31,28,15,13
050,38,011,"North Dakota","Bowman County",4,32,33,14,19
050,38,011,"North Dakota","Bowman County",4,33,32,18,14
050,38,011,"North Dakota","Bowman County",4,34,26,17,9
050,38,011,"North Dakota","Bowman County",4,35,28,17,11
050,38,011,"North Dakota","Bowman County",4,36,31,15,16
050,38,011,"North Dakota","Bowman County",4,37,34,20,14
050,38,011,"North Dakota","Bowman County",4,38,33,20,13
050,38,011,"North Dakota","Bowman County",4,39,30,16,14
050,38,011,"North Dakota","Bowman County",4,40,40,23,17
050,38,011,"North Dakota","Bowman County",4,41,35,19,16
050,38,011,"North Dakota","Bowman County",4,42,43,21,22
050,38,011,"North Dakota","Bowman County",4,43,35,20,15
050,38,011,"North Dakota","Bowman County",4,44,32,21,11
050,38,011,"North Dakota","Bowman County",4,45,31,19,12
050,38,011,"North Dakota","Bowman County",4,46,30,19,11
050,38,011,"North Dakota","Bowman County",4,47,30,17,13
050,38,011,"North Dakota","Bowman County",4,48,30,12,18
050,38,011,"North Dakota","Bowman County",4,49,29,14,15
050,38,011,"North Dakota","Bowman County",4,50,27,14,13
050,38,011,"North Dakota","Bowman County",4,51,32,14,18
050,38,011,"North Dakota","Bowman County",4,52,27,14,13
050,38,011,"North Dakota","Bowman County",4,53,30,17,13
050,38,011,"North Dakota","Bowman County",4,54,24,15,9
050,38,011,"North Dakota","Bowman County",4,55,19,10,9
050,38,011,"North Dakota","Bowman County",4,56,32,15,17
050,38,011,"North Dakota","Bowman County",4,57,35,20,15
050,38,011,"North Dakota","Bowman County",4,58,34,17,17
050,38,011,"North Dakota","Bowman County",4,59,43,23,20
050,38,011,"North Dakota","Bowman County",4,60,41,22,19
050,38,011,"North Dakota","Bowman County",4,61,38,17,21
050,38,011,"North Dakota","Bowman County",4,62,38,16,22
050,38,011,"North Dakota","Bowman County",4,63,47,22,25
050,38,011,"North Dakota","Bowman County",4,64,55,28,27
050,38,011,"North Dakota","Bowman County",4,65,54,30,24
050,38,011,"North Dakota","Bowman County",4,66,52,22,30
050,38,011,"North Dakota","Bowman County",4,67,47,21,26
050,38,011,"North Dakota","Bowman County",4,68,45,20,25
050,38,011,"North Dakota","Bowman County",4,69,44,23,21
050,38,011,"North Dakota","Bowman County",4,70,43,26,17
050,38,011,"North Dakota","Bowman County",4,71,35,20,15
050,38,011,"North Dakota","Bowman County",4,72,28,11,17
050,38,011,"North Dakota","Bowman County",4,73,27,11,16
050,38,011,"North Dakota","Bowman County",4,74,25,9,16
050,38,011,"North Dakota","Bowman County",4,75,30,12,18
050,38,011,"North Dakota","Bowman County",4,76,21,8,13
050,38,011,"North Dakota","Bowman County",4,77,23,13,10
050,38,011,"North Dakota","Bowman County",4,78,23,13,10
050,38,011,"North Dakota","Bowman County",4,79,27,12,15
050,38,011,"North Dakota","Bowman County",4,80,19,10,9
050,38,011,"North Dakota","Bowman County",4,81,21,11,10
050,38,011,"North Dakota","Bowman County",4,82,16,8,8
050,38,011,"North Dakota","Bowman County",4,83,11,3,8
050,38,011,"North Dakota","Bowman County",4,84,19,10,9
050,38,011,"North Dakota","Bowman County",4,85,94,31,63
050,38,011,"North Dakota","Bowman County",5,0,30,23,7
050,38,011,"North Dakota","Bowman County",5,1,34,28,6
050,38,011,"North Dakota","Bowman County",5,2,37,16,21
050,38,011,"North Dakota","Bowman County",5,3,31,18,13
050,38,011,"North Dakota","Bowman County",5,4,35,19,16
050,38,011,"North Dakota","Bowman County",5,5,32,19,13
050,38,011,"North Dakota","Bowman County",5,6,34,17,17
050,38,011,"North Dakota","Bowman County",5,7,38,22,16
050,38,011,"North Dakota","Bowman County",5,8,46,22,24
050,38,011,"North Dakota","Bowman County",5,9,41,22,19
050,38,011,"North Dakota","Bowman County",5,10,42,18,24
050,38,011,"North Dakota","Bowman County",5,11,44,19,25
050,38,011,"North Dakota","Bowman County",5,12,46,22,24
050,38,011,"North Dakota","Bowman County",5,13,43,25,18
050,38,011,"North Dakota","Bowman County",5,14,46,25,21
050,38,011,"North Dakota","Bowman County",5,15,47,24,23
050,38,011,"North Dakota","Bowman County",5,16,32,20,12
050,38,011,"North Dakota","Bowman County",5,17,44,23,21
050,38,011,"North Dakota","Bowman County",5,18,31,17,14
050,38,011,"North Dakota","Bowman County",5,19,22,10,12
050,38,011,"North Dakota","Bowman County",5,20,19,12,7
050,38,011,"North Dakota","Bowman County",5,21,29,16,13
050,38,011,"North Dakota","Bowman County",5,22,29,13,16
050,38,011,"North Dakota","Bowman County",5,23,22,15,7
050,38,011,"North Dakota","Bowman County",5,24,30,16,14
050,38,011,"North Dakota","Bowman County",5,25,26,14,12
050,38,011,"North Dakota","Bowman County",5,26,33,16,17
050,38,011,"North Dakota","Bowman County",5,27,24,13,11
050,38,011,"North Dakota","Bowman County",5,28,23,11,12
050,38,011,"North Dakota","Bowman County",5,29,31,14,17
050,38,011,"North Dakota","Bowman County",5,30,29,13,16
050,38,011,"North Dakota","Bowman County",5,31,29,16,13
050,38,011,"North Dakota","Bowman County",5,32,28,15,13
050,38,011,"North Dakota","Bowman County",5,33,31,14,17
050,38,011,"North Dakota","Bowman County",5,34,30,17,13
050,38,011,"North Dakota","Bowman County",5,35,26,17,9
050,38,011,"North Dakota","Bowman County",5,36,24,15,9
050,38,011,"North Dakota","Bowman County",5,37,27,13,14
050,38,011,"North Dakota","Bowman County",5,38,34,22,12
050,38,011,"North Dakota","Bowman County",5,39,38,24,14
050,38,011,"North Dakota","Bowman County",5,40,30,16,14
050,38,011,"North Dakota","Bowman County",5,41,37,20,17
050,38,011,"North Dakota","Bowman County",5,42,33,19,14
050,38,011,"North Dakota","Bowman County",5,43,43,20,23
050,38,011,"North Dakota","Bowman County",5,44,32,19,13
050,38,011,"North Dakota","Bowman County",5,45,34,24,10
050,38,011,"North Dakota","Bowman County",5,46,30,18,12
050,38,011,"North Dakota","Bowman County",5,47,31,19,12
050,38,011,"North Dakota","Bowman County",5,48,31,18,13
050,38,011,"North Dakota","Bowman County",5,49,30,12,18
050,38,011,"North Dakota","Bowman County",5,50,28,13,15
050,38,011,"North Dakota","Bowman County",5,51,27,14,13
050,38,011,"North Dakota","Bowman County",5,52,32,14,18
050,38,011,"North Dakota","Bowman County",5,53,28,14,14
050,38,011,"North Dakota","Bowman County",5,54,28,17,11
050,38,011,"North Dakota","Bowman County",5,55,22,13,9
050,38,011,"North Dakota","Bowman County",5,56,17,10,7
050,38,011,"North Dakota","Bowman County",5,57,31,15,16
050,38,011,"North Dakota","Bowman County",5,58,34,16,18
050,38,011,"North Dakota","Bowman County",5,59,33,16,17
050,38,011,"North Dakota","Bowman County",5,60,44,23,21
050,38,011,"North Dakota","Bowman County",5,61,36,19,17
050,38,011,"North Dakota","Bowman County",5,62,37,16,21
050,38,011,"North Dakota","Bowman County",5,63,37,15,22
050,38,011,"North Dakota","Bowman County",5,64,46,22,24
050,38,011,"North Dakota","Bowman County",5,65,51,26,25
050,38,011,"North Dakota","Bowman County",5,66,56,31,25
050,38,011,"North Dakota","Bowman County",5,67,52,23,29
050,38,011,"North Dakota","Bowman County",5,68,46,20,26
050,38,011,"North Dakota","Bowman County",5,69,45,20,25
050,38,011,"North Dakota","Bowman County",5,70,43,23,20
050,38,011,"North Dakota","Bowman County",5,71,42,25,17
050,38,011,"North Dakota","Bowman County",5,72,39,20,19
050,38,011,"North Dakota","Bowman County",5,73,27,12,15
050,38,011,"North Dakota","Bowman County",5,74,25,10,15
050,38,011,"North Dakota","Bowman County",5,75,27,10,17
050,38,011,"North Dakota","Bowman County",5,76,29,11,18
050,38,011,"North Dakota","Bowman County",5,77,21,9,12
050,38,011,"North Dakota","Bowman County",5,78,21,12,9
050,38,011,"North Dakota","Bowman County",5,79,25,13,12
050,38,011,"North Dakota","Bowman County",5,80,25,12,13
050,38,011,"North Dakota","Bowman County",5,81,20,10,10
050,38,011,"North Dakota","Bowman County",5,82,20,11,9
050,38,011,"North Dakota","Bowman County",5,83,14,5,9
050,38,011,"North Dakota","Bowman County",5,84,12,3,9
050,38,011,"North Dakota","Bowman County",5,85,99,32,67
050,38,013,"North Dakota","Burke County",1,0,25,13,12
050,38,013,"North Dakota","Burke County",1,1,29,17,12
050,38,013,"North Dakota","Burke County",1,2,35,21,14
050,38,013,"North Dakota","Burke County",1,3,42,24,18
050,38,013,"North Dakota","Burke County",1,4,39,19,20
050,38,013,"North Dakota","Burke County",1,5,33,12,21
050,38,013,"North Dakota","Burke County",1,6,35,12,23
050,38,013,"North Dakota","Burke County",1,7,32,18,14
050,38,013,"North Dakota","Burke County",1,8,29,18,11
050,38,013,"North Dakota","Burke County",1,9,29,11,18
050,38,013,"North Dakota","Burke County",1,10,31,14,17
050,38,013,"North Dakota","Burke County",1,11,28,16,12
050,38,013,"North Dakota","Burke County",1,12,35,19,16
050,38,013,"North Dakota","Burke County",1,13,35,20,15
050,38,013,"North Dakota","Burke County",1,14,25,12,13
050,38,013,"North Dakota","Burke County",1,15,27,15,12
050,38,013,"North Dakota","Burke County",1,16,28,17,11
050,38,013,"North Dakota","Burke County",1,17,29,17,12
050,38,013,"North Dakota","Burke County",1,18,23,11,12
050,38,013,"North Dakota","Burke County",1,19,15,9,6
050,38,013,"North Dakota","Burke County",1,20,17,9,8
050,38,013,"North Dakota","Burke County",1,21,14,9,5
050,38,013,"North Dakota","Burke County",1,22,16,9,7
050,38,013,"North Dakota","Burke County",1,23,18,11,7
050,38,013,"North Dakota","Burke County",1,24,17,10,7
050,38,013,"North Dakota","Burke County",1,25,21,12,9
050,38,013,"North Dakota","Burke County",1,26,26,15,11
050,38,013,"North Dakota","Burke County",1,27,24,14,10
050,38,013,"North Dakota","Burke County",1,28,17,10,7
050,38,013,"North Dakota","Burke County",1,29,32,20,12
050,38,013,"North Dakota","Burke County",1,30,30,17,13
050,38,013,"North Dakota","Burke County",1,31,26,9,17
050,38,013,"North Dakota","Burke County",1,32,19,9,10
050,38,013,"North Dakota","Burke County",1,33,17,9,8
050,38,013,"North Dakota","Burke County",1,34,26,14,12
050,38,013,"North Dakota","Burke County",1,35,25,11,14
050,38,013,"North Dakota","Burke County",1,36,24,14,10
050,38,013,"North Dakota","Burke County",1,37,26,13,13
050,38,013,"North Dakota","Burke County",1,38,27,14,13
050,38,013,"North Dakota","Burke County",1,39,33,17,16
050,38,013,"North Dakota","Burke County",1,40,35,17,18
050,38,013,"North Dakota","Burke County",1,41,17,9,8
050,38,013,"North Dakota","Burke County",1,42,22,15,7
050,38,013,"North Dakota","Burke County",1,43,27,16,11
050,38,013,"North Dakota","Burke County",1,44,14,7,7
050,38,013,"North Dakota","Burke County",1,45,23,13,10
050,38,013,"North Dakota","Burke County",1,46,27,16,11
050,38,013,"North Dakota","Burke County",1,47,18,10,8
050,38,013,"North Dakota","Burke County",1,48,22,9,13
050,38,013,"North Dakota","Burke County",1,49,25,13,12
050,38,013,"North Dakota","Burke County",1,50,18,6,12
050,38,013,"North Dakota","Burke County",1,51,22,8,14
050,38,013,"North Dakota","Burke County",1,52,27,10,17
050,38,013,"North Dakota","Burke County",1,53,18,12,6
050,38,013,"North Dakota","Burke County",1,54,22,17,5
050,38,013,"North Dakota","Burke County",1,55,32,23,9
050,38,013,"North Dakota","Burke County",1,56,29,18,11
050,38,013,"North Dakota","Burke County",1,57,35,22,13
050,38,013,"North Dakota","Burke County",1,58,29,21,8
050,38,013,"North Dakota","Burke County",1,59,35,22,13
050,38,013,"North Dakota","Burke County",1,60,39,23,16
050,38,013,"North Dakota","Burke County",1,61,34,16,18
050,38,013,"North Dakota","Burke County",1,62,38,18,20
050,38,013,"North Dakota","Burke County",1,63,37,19,18
050,38,013,"North Dakota","Burke County",1,64,33,19,14
050,38,013,"North Dakota","Burke County",1,65,29,16,13
050,38,013,"North Dakota","Burke County",1,66,29,14,15
050,38,013,"North Dakota","Burke County",1,67,32,17,15
050,38,013,"North Dakota","Burke County",1,68,28,17,11
050,38,013,"North Dakota","Burke County",1,69,23,12,11
050,38,013,"North Dakota","Burke County",1,70,29,14,15
050,38,013,"North Dakota","Burke County",1,71,30,15,15
050,38,013,"North Dakota","Burke County",1,72,17,9,8
050,38,013,"North Dakota","Burke County",1,73,28,16,12
050,38,013,"North Dakota","Burke County",1,74,24,11,13
050,38,013,"North Dakota","Burke County",1,75,16,7,9
050,38,013,"North Dakota","Burke County",1,76,21,9,12
050,38,013,"North Dakota","Burke County",1,77,21,8,13
050,38,013,"North Dakota","Burke County",1,78,19,8,11
050,38,013,"North Dakota","Burke County",1,79,10,6,4
050,38,013,"North Dakota","Burke County",1,80,10,6,4
050,38,013,"North Dakota","Burke County",1,81,13,5,8
050,38,013,"North Dakota","Burke County",1,82,12,6,6
050,38,013,"North Dakota","Burke County",1,83,8,2,6
050,38,013,"North Dakota","Burke County",1,84,7,4,3
050,38,013,"North Dakota","Burke County",1,85,54,21,33
050,38,013,"North Dakota","Burke County",2,0,23,13,10
050,38,013,"North Dakota","Burke County",2,1,29,17,12
050,38,013,"North Dakota","Burke County",2,2,35,21,14
050,38,013,"North Dakota","Burke County",2,3,40,23,17
050,38,013,"North Dakota","Burke County",2,4,40,20,20
050,38,013,"North Dakota","Burke County",2,5,34,13,21
050,38,013,"North Dakota","Burke County",2,6,35,12,23
050,38,013,"North Dakota","Burke County",2,7,33,17,16
050,38,013,"North Dakota","Burke County",2,8,30,18,12
050,38,013,"North Dakota","Burke County",2,9,29,13,16
050,38,013,"North Dakota","Burke County",2,10,30,13,17
050,38,013,"North Dakota","Burke County",2,11,28,15,13
050,38,013,"North Dakota","Burke County",2,12,33,18,15
050,38,013,"North Dakota","Burke County",2,13,34,20,14
050,38,013,"North Dakota","Burke County",2,14,28,14,14
050,38,013,"North Dakota","Burke County",2,15,26,14,12
050,38,013,"North Dakota","Burke County",2,16,28,17,11
050,38,013,"North Dakota","Burke County",2,17,28,16,12
050,38,013,"North Dakota","Burke County",2,18,22,11,11
050,38,013,"North Dakota","Burke County",2,19,16,9,7
050,38,013,"North Dakota","Burke County",2,20,16,9,7
050,38,013,"North Dakota","Burke County",2,21,15,9,6
050,38,013,"North Dakota","Burke County",2,22,17,10,7
050,38,013,"North Dakota","Burke County",2,23,17,10,7
050,38,013,"North Dakota","Burke County",2,24,17,10,7
050,38,013,"North Dakota","Burke County",2,25,21,12,9
050,38,013,"North Dakota","Burke County",2,26,25,14,11
050,38,013,"North Dakota","Burke County",2,27,23,14,9
050,38,013,"North Dakota","Burke County",2,28,19,11,8
050,38,013,"North Dakota","Burke County",2,29,29,18,11
050,38,013,"North Dakota","Burke County",2,30,31,18,13
050,38,013,"North Dakota","Burke County",2,31,26,10,16
050,38,013,"North Dakota","Burke County",2,32,20,9,11
050,38,013,"North Dakota","Burke County",2,33,18,10,8
050,38,013,"North Dakota","Burke County",2,34,25,13,12
050,38,013,"North Dakota","Burke County",2,35,26,12,14
050,38,013,"North Dakota","Burke County",2,36,24,13,11
050,38,013,"North Dakota","Burke County",2,37,25,13,12
050,38,013,"North Dakota","Burke County",2,38,27,14,13
050,38,013,"North Dakota","Burke County",2,39,31,16,15
050,38,013,"North Dakota","Burke County",2,40,35,17,18
050,38,013,"North Dakota","Burke County",2,41,21,11,10
050,38,013,"North Dakota","Burke County",2,42,21,14,7
050,38,013,"North Dakota","Burke County",2,43,25,16,9
050,38,013,"North Dakota","Burke County",2,44,17,9,8
050,38,013,"North Dakota","Burke County",2,45,21,12,9
050,38,013,"North Dakota","Burke County",2,46,26,15,11
050,38,013,"North Dakota","Burke County",2,47,19,11,8
050,38,013,"North Dakota","Burke County",2,48,21,9,12
050,38,013,"North Dakota","Burke County",2,49,24,12,12
050,38,013,"North Dakota","Burke County",2,50,19,7,12
050,38,013,"North Dakota","Burke County",2,51,21,7,14
050,38,013,"North Dakota","Burke County",2,52,25,9,16
050,38,013,"North Dakota","Burke County",2,53,20,12,8
050,38,013,"North Dakota","Burke County",2,54,21,16,5
050,38,013,"North Dakota","Burke County",2,55,30,22,8
050,38,013,"North Dakota","Burke County",2,56,30,20,10
050,38,013,"North Dakota","Burke County",2,57,35,22,13
050,38,013,"North Dakota","Burke County",2,58,30,21,9
050,38,013,"North Dakota","Burke County",2,59,33,21,12
050,38,013,"North Dakota","Burke County",2,60,38,23,15
050,38,013,"North Dakota","Burke County",2,61,35,18,17
050,38,013,"North Dakota","Burke County",2,62,38,18,20
050,38,013,"North Dakota","Burke County",2,63,37,19,18
050,38,013,"North Dakota","Burke County",2,64,34,19,15
050,38,013,"North Dakota","Burke County",2,65,30,17,13
050,38,013,"North Dakota","Burke County",2,66,29,14,15
050,38,013,"North Dakota","Burke County",2,67,31,16,15
050,38,013,"North Dakota","Burke County",2,68,29,17,12
050,38,013,"North Dakota","Burke County",2,69,24,13,11
050,38,013,"North Dakota","Burke County",2,70,27,13,14
050,38,013,"North Dakota","Burke County",2,71,30,15,15
050,38,013,"North Dakota","Burke County",2,72,20,10,10
050,38,013,"North Dakota","Burke County",2,73,27,15,12
050,38,013,"North Dakota","Burke County",2,74,23,11,12
050,38,013,"North Dakota","Burke County",2,75,18,8,10
050,38,013,"North Dakota","Burke County",2,76,20,9,11
050,38,013,"North Dakota","Burke County",2,77,21,8,13
050,38,013,"North Dakota","Burke County",2,78,20,8,12
050,38,013,"North Dakota","Burke County",2,79,11,6,5
050,38,013,"North Dakota","Burke County",2,80,10,6,4
050,38,013,"North Dakota","Burke County",2,81,12,5,7
050,38,013,"North Dakota","Burke County",2,82,13,6,7
050,38,013,"North Dakota","Burke County",2,83,9,3,6
050,38,013,"North Dakota","Burke County",2,84,6,3,3
050,38,013,"North Dakota","Burke County",2,85,55,22,33
050,38,013,"North Dakota","Burke County",3,0,25,10,15
050,38,013,"North Dakota","Burke County",3,1,23,11,12
050,38,013,"North Dakota","Burke County",3,2,29,17,12
050,38,013,"North Dakota","Burke County",3,3,33,18,15
050,38,013,"North Dakota","Burke County",3,4,39,22,17
050,38,013,"North Dakota","Burke County",3,5,38,20,18
050,38,013,"North Dakota","Burke County",3,6,35,14,21
050,38,013,"North Dakota","Burke County",3,7,33,11,22
050,38,013,"North Dakota","Burke County",3,8,32,17,15
050,38,013,"North Dakota","Burke County",3,9,28,17,11
050,38,013,"North Dakota","Burke County",3,10,26,11,15
050,38,013,"North Dakota","Burke County",3,11,29,14,15
050,38,013,"North Dakota","Burke County",3,12,21,11,10
050,38,013,"North Dakota","Burke County",3,13,32,19,13
050,38,013,"North Dakota","Burke County",3,14,32,22,10
050,38,013,"North Dakota","Burke County",3,15,27,13,14
050,38,013,"North Dakota","Burke County",3,16,26,14,12
050,38,013,"North Dakota","Burke County",3,17,29,18,11
050,38,013,"North Dakota","Burke County",3,18,23,14,9
050,38,013,"North Dakota","Burke County",3,19,18,9,9
050,38,013,"North Dakota","Burke County",3,20,19,10,9
050,38,013,"North Dakota","Burke County",3,21,16,8,8
050,38,013,"North Dakota","Burke County",3,22,16,8,8
050,38,013,"North Dakota","Burke County",3,23,20,13,7
050,38,013,"North Dakota","Burke County",3,24,13,8,5
050,38,013,"North Dakota","Burke County",3,25,17,9,8
050,38,013,"North Dakota","Burke County",3,26,21,13,8
050,38,013,"North Dakota","Burke County",3,27,23,14,9
050,38,013,"North Dakota","Burke County",3,28,24,15,9
050,38,013,"North Dakota","Burke County",3,29,17,9,8
050,38,013,"North Dakota","Burke County",3,30,29,19,10
050,38,013,"North Dakota","Burke County",3,31,37,18,19
050,38,013,"North Dakota","Burke County",3,32,26,11,15
050,38,013,"North Dakota","Burke County",3,33,21,10,11
050,38,013,"North Dakota","Burke County",3,34,16,8,8
050,38,013,"North Dakota","Burke County",3,35,25,13,12
050,38,013,"North Dakota","Burke County",3,36,25,13,12
050,38,013,"North Dakota","Burke County",3,37,23,12,11
050,38,013,"North Dakota","Burke County",3,38,24,13,11
050,38,013,"North Dakota","Burke County",3,39,28,15,13
050,38,013,"North Dakota","Burke County",3,40,31,15,16
050,38,013,"North Dakota","Burke County",3,41,34,17,17
050,38,013,"North Dakota","Burke County",3,42,19,10,9
050,38,013,"North Dakota","Burke County",3,43,20,14,6
050,38,013,"North Dakota","Burke County",3,44,22,14,8
050,38,013,"North Dakota","Burke County",3,45,17,9,8
050,38,013,"North Dakota","Burke County",3,46,20,12,8
050,38,013,"North Dakota","Burke County",3,47,27,16,11
050,38,013,"North Dakota","Burke County",3,48,19,11,8
050,38,013,"North Dakota","Burke County",3,49,18,6,12
050,38,013,"North Dakota","Burke County",3,50,23,10,13
050,38,013,"North Dakota","Burke County",3,51,20,8,12
050,38,013,"North Dakota","Burke County",3,52,25,8,17
050,38,013,"North Dakota","Burke County",3,53,27,12,15
050,38,013,"North Dakota","Burke County",3,54,20,12,8
050,38,013,"North Dakota","Burke County",3,55,17,12,5
050,38,013,"North Dakota","Burke County",3,56,30,21,9
050,38,013,"North Dakota","Burke County",3,57,31,18,13
050,38,013,"North Dakota","Burke County",3,58,37,23,14
050,38,013,"North Dakota","Burke County",3,59,29,20,9
050,38,013,"North Dakota","Burke County",3,60,33,21,12
050,38,013,"North Dakota","Burke County",3,61,40,25,15
050,38,013,"North Dakota","Burke County",3,62,35,18,17
050,38,013,"North Dakota","Burke County",3,63,37,18,19
050,38,013,"North Dakota","Burke County",3,64,37,19,18
050,38,013,"North Dakota","Burke County",3,65,36,21,15
050,38,013,"North Dakota","Burke County",3,66,26,15,11
050,38,013,"North Dakota","Burke County",3,67,25,11,14
050,38,013,"North Dakota","Burke County",3,68,31,16,15
050,38,013,"North Dakota","Burke County",3,69,28,16,12
050,38,013,"North Dakota","Burke County",3,70,22,12,10
050,38,013,"North Dakota","Burke County",3,71,26,13,13
050,38,013,"North Dakota","Burke County",3,72,29,14,15
050,38,013,"North Dakota","Burke County",3,73,20,10,10
050,38,013,"North Dakota","Burke County",3,74,27,15,12
050,38,013,"North Dakota","Burke County",3,75,22,10,12
050,38,013,"North Dakota","Burke County",3,76,18,8,10
050,38,013,"North Dakota","Burke County",3,77,19,8,11
050,38,013,"North Dakota","Burke County",3,78,20,8,12
050,38,013,"North Dakota","Burke County",3,79,18,7,11
050,38,013,"North Dakota","Burke County",3,80,8,6,2
050,38,013,"North Dakota","Burke County",3,81,7,3,4
050,38,013,"North Dakota","Burke County",3,82,10,5,5
050,38,013,"North Dakota","Burke County",3,83,12,5,7
050,38,013,"North Dakota","Burke County",3,84,9,3,6
050,38,013,"North Dakota","Burke County",3,85,55,22,33
050,38,013,"North Dakota","Burke County",4,0,24,13,11
050,38,013,"North Dakota","Burke County",4,1,23,10,13
050,38,013,"North Dakota","Burke County",4,2,21,11,10
050,38,013,"North Dakota","Burke County",4,3,28,16,12
050,38,013,"North Dakota","Burke County",4,4,32,17,15
050,38,013,"North Dakota","Burke County",4,5,36,22,14
050,38,013,"North Dakota","Burke County",4,6,40,20,20
050,38,013,"North Dakota","Burke County",4,7,35,14,21
050,38,013,"North Dakota","Burke County",4,8,35,12,23
050,38,013,"North Dakota","Burke County",4,9,32,16,16
050,38,013,"North Dakota","Burke County",4,10,28,16,12
050,38,013,"North Dakota","Burke County",4,11,29,12,17
050,38,013,"North Dakota","Burke County",4,12,29,14,15
050,38,013,"North Dakota","Burke County",4,13,21,11,10
050,38,013,"North Dakota","Burke County",4,14,35,19,16
050,38,013,"North Dakota","Burke County",4,15,34,21,13
050,38,013,"North Dakota","Burke County",4,16,28,14,14
050,38,013,"North Dakota","Burke County",4,17,25,13,12
050,38,013,"North Dakota","Burke County",4,18,26,17,9
050,38,013,"North Dakota","Burke County",4,19,13,9,4
050,38,013,"North Dakota","Burke County",4,20,19,9,10
050,38,013,"North Dakota","Burke County",4,21,17,10,7
050,38,013,"North Dakota","Burke County",4,22,15,8,7
050,38,013,"North Dakota","Burke County",4,23,16,10,6
050,38,013,"North Dakota","Burke County",4,24,22,14,8
050,38,013,"North Dakota","Burke County",4,25,13,7,6
050,38,013,"North Dakota","Burke County",4,26,21,11,10
050,38,013,"North Dakota","Burke County",4,27,22,14,8
050,38,013,"North Dakota","Burke County",4,28,21,12,9
050,38,013,"North Dakota","Burke County",4,29,27,14,13
050,38,013,"North Dakota","Burke County",4,30,17,10,7
050,38,013,"North Dakota","Burke County",4,31,26,15,11
050,38,013,"North Dakota","Burke County",4,32,36,20,16
050,38,013,"North Dakota","Burke County",4,33,27,14,13
050,38,013,"North Dakota","Burke County",4,34,18,8,10
050,38,013,"North Dakota","Burke County",4,35,19,11,8
050,38,013,"North Dakota","Burke County",4,36,24,12,12
050,38,013,"North Dakota","Burke County",4,37,24,13,11
050,38,013,"North Dakota","Burke County",4,38,23,11,12
050,38,013,"North Dakota","Burke County",4,39,24,13,11
050,38,013,"North Dakota","Burke County",4,40,33,18,15
050,38,013,"North Dakota","Burke County",4,41,29,15,14
050,38,013,"North Dakota","Burke County",4,42,33,15,18
050,38,013,"North Dakota","Burke County",4,43,24,14,10
050,38,013,"North Dakota","Burke County",4,44,15,9,6
050,38,013,"North Dakota","Burke County",4,45,22,14,8
050,38,013,"North Dakota","Burke County",4,46,14,7,7
050,38,013,"North Dakota","Burke County",4,47,21,13,8
050,38,013,"North Dakota","Burke County",4,48,27,16,11
050,38,013,"North Dakota","Burke County",4,49,19,11,8
050,38,013,"North Dakota","Burke County",4,50,17,5,12
050,38,013,"North Dakota","Burke County",4,51,22,9,13
050,38,013,"North Dakota","Burke County",4,52,19,9,10
050,38,013,"North Dakota","Burke County",4,53,24,8,16
050,38,013,"North Dakota","Burke County",4,54,27,11,16
050,38,013,"North Dakota","Burke County",4,55,18,12,6
050,38,013,"North Dakota","Burke County",4,56,16,11,5
050,38,013,"North Dakota","Burke County",4,57,27,18,9
050,38,013,"North Dakota","Burke County",4,58,32,18,14
050,38,013,"North Dakota","Burke County",4,59,38,24,14
050,38,013,"North Dakota","Burke County",4,60,30,20,10
050,38,013,"North Dakota","Burke County",4,61,34,22,12
050,38,013,"North Dakota","Burke County",4,62,38,24,14
050,38,013,"North Dakota","Burke County",4,63,34,17,17
050,38,013,"North Dakota","Burke County",4,64,35,17,18
050,38,013,"North Dakota","Burke County",4,65,35,17,18
050,38,013,"North Dakota","Burke County",4,66,33,20,13
050,38,013,"North Dakota","Burke County",4,67,27,15,12
050,38,013,"North Dakota","Burke County",4,68,25,11,14
050,38,013,"North Dakota","Burke County",4,69,29,14,15
050,38,013,"North Dakota","Burke County",4,70,29,16,13
050,38,013,"North Dakota","Burke County",4,71,21,12,9
050,38,013,"North Dakota","Burke County",4,72,26,13,13
050,38,013,"North Dakota","Burke County",4,73,27,12,15
050,38,013,"North Dakota","Burke County",4,74,20,10,10
050,38,013,"North Dakota","Burke County",4,75,27,15,12
050,38,013,"North Dakota","Burke County",4,76,19,9,10
050,38,013,"North Dakota","Burke County",4,77,16,7,9
050,38,013,"North Dakota","Burke County",4,78,21,10,11
050,38,013,"North Dakota","Burke County",4,79,17,6,11
050,38,013,"North Dakota","Burke County",4,80,16,6,10
050,38,013,"North Dakota","Burke County",4,81,8,5,3
050,38,013,"North Dakota","Burke County",4,82,6,3,3
050,38,013,"North Dakota","Burke County",4,83,10,5,5
050,38,013,"North Dakota","Burke County",4,84,11,4,7
050,38,013,"North Dakota","Burke County",4,85,56,23,33
050,38,013,"North Dakota","Burke County",5,0,22,12,10
050,38,013,"North Dakota","Burke County",5,1,30,19,11
050,38,013,"North Dakota","Burke County",5,2,23,9,14
050,38,013,"North Dakota","Burke County",5,3,23,13,10
050,38,013,"North Dakota","Burke County",5,4,28,15,13
050,38,013,"North Dakota","Burke County",5,5,32,18,14
050,38,013,"North Dakota","Burke County",5,6,34,19,15
050,38,013,"North Dakota","Burke County",5,7,41,22,19
050,38,013,"North Dakota","Burke County",5,8,32,14,18
050,38,013,"North Dakota","Burke County",5,9,32,11,21
050,38,013,"North Dakota","Burke County",5,10,33,16,17
050,38,013,"North Dakota","Burke County",5,11,28,15,13
050,38,013,"North Dakota","Burke County",5,12,29,12,17
050,38,013,"North Dakota","Burke County",5,13,26,13,13
050,38,013,"North Dakota","Burke County",5,14,21,10,11
050,38,013,"North Dakota","Burke County",5,15,35,19,16
050,38,013,"North Dakota","Burke County",5,16,37,24,13
050,38,013,"North Dakota","Burke County",5,17,29,14,15
050,38,013,"North Dakota","Burke County",5,18,21,11,10
050,38,013,"North Dakota","Burke County",5,19,20,15,5
050,38,013,"North Dakota","Burke County",5,20,17,10,7
050,38,013,"North Dakota","Burke County",5,21,17,9,8
050,38,013,"North Dakota","Burke County",5,22,22,13,9
050,38,013,"North Dakota","Burke County",5,23,11,7,4
050,38,013,"North Dakota","Burke County",5,24,20,12,8
050,38,013,"North Dakota","Burke County",5,25,21,14,7
050,38,013,"North Dakota","Burke County",5,26,13,8,5
050,38,013,"North Dakota","Burke County",5,27,19,8,11
050,38,013,"North Dakota","Burke County",5,28,21,11,10
050,38,013,"North Dakota","Burke County",5,29,22,13,9
050,38,013,"North Dakota","Burke County",5,30,23,13,10
050,38,013,"North Dakota","Burke County",5,31,15,8,7
050,38,013,"North Dakota","Burke County",5,32,27,17,10
050,38,013,"North Dakota","Burke County",5,33,35,20,15
050,38,013,"North Dakota","Burke County",5,34,23,11,12
050,38,013,"North Dakota","Burke County",5,35,18,7,11
050,38,013,"North Dakota","Burke County",5,36,18,9,9
050,38,013,"North Dakota","Burke County",5,37,23,12,11
050,38,013,"North Dakota","Burke County",5,38,25,14,11
050,38,013,"North Dakota","Burke County",5,39,24,12,12
050,38,013,"North Dakota","Burke County",5,40,23,13,10
050,38,013,"North Dakota","Burke County",5,41,31,18,13
050,38,013,"North Dakota","Burke County",5,42,30,15,15
050,38,013,"North Dakota","Burke County",5,43,33,15,18
050,38,013,"North Dakota","Burke County",5,44,22,12,10
050,38,013,"North Dakota","Burke County",5,45,19,12,7
050,38,013,"North Dakota","Burke County",5,46,24,14,10
050,38,013,"North Dakota","Burke County",5,47,15,7,8
050,38,013,"North Dakota","Burke County",5,48,24,14,10
050,38,013,"North Dakota","Burke County",5,49,27,16,11
050,38,013,"North Dakota","Burke County",5,50,25,13,12
050,38,013,"North Dakota","Burke County",5,51,18,6,12
050,38,013,"North Dakota","Burke County",5,52,23,9,14
050,38,013,"North Dakota","Burke County",5,53,17,7,10
050,38,013,"North Dakota","Burke County",5,54,27,8,19
050,38,013,"North Dakota","Burke County",5,55,26,11,15
050,38,013,"North Dakota","Burke County",5,56,19,13,6
050,38,013,"North Dakota","Burke County",5,57,15,10,5
050,38,013,"North Dakota","Burke County",5,58,27,19,8
050,38,013,"North Dakota","Burke County",5,59,33,19,14
050,38,013,"North Dakota","Burke County",5,60,39,24,15
050,38,013,"North Dakota","Burke County",5,61,27,19,8
050,38,013,"North Dakota","Burke County",5,62,32,21,11
050,38,013,"North Dakota","Burke County",5,63,40,26,14
050,38,013,"North Dakota","Burke County",5,64,34,16,18
050,38,013,"North Dakota","Burke County",5,65,36,17,19
050,38,013,"North Dakota","Burke County",5,66,36,16,20
050,38,013,"North Dakota","Burke County",5,67,32,20,12
050,38,013,"North Dakota","Burke County",5,68,26,15,11
050,38,013,"North Dakota","Burke County",5,69,25,10,15
050,38,013,"North Dakota","Burke County",5,70,27,13,14
050,38,013,"North Dakota","Burke County",5,71,27,15,12
050,38,013,"North Dakota","Burke County",5,72,21,12,9
050,38,013,"North Dakota","Burke County",5,73,27,13,14
050,38,013,"North Dakota","Burke County",5,74,27,12,15
050,38,013,"North Dakota","Burke County",5,75,20,10,10
050,38,013,"North Dakota","Burke County",5,76,25,13,12
050,38,013,"North Dakota","Burke County",5,77,19,9,10
050,38,013,"North Dakota","Burke County",5,78,15,5,10
050,38,013,"North Dakota","Burke County",5,79,19,9,10
050,38,013,"North Dakota","Burke County",5,80,16,6,10
050,38,013,"North Dakota","Burke County",5,81,14,5,9
050,38,013,"North Dakota","Burke County",5,82,8,5,3
050,38,013,"North Dakota","Burke County",5,83,5,2,3
050,38,013,"North Dakota","Burke County",5,84,10,5,5
050,38,013,"North Dakota","Burke County",5,85,59,25,34
050,38,015,"North Dakota","Burleigh County",1,0,1161,593,568
050,38,015,"North Dakota","Burleigh County",1,1,1177,617,560
050,38,015,"North Dakota","Burleigh County",1,2,1280,692,588
050,38,015,"North Dakota","Burleigh County",1,3,1313,666,647
050,38,015,"North Dakota","Burleigh County",1,4,1354,674,680
050,38,015,"North Dakota","Burleigh County",1,5,1435,702,733
050,38,015,"North Dakota","Burleigh County",1,6,1322,666,656
050,38,015,"North Dakota","Burleigh County",1,7,1242,631,611
050,38,015,"North Dakota","Burleigh County",1,8,1279,664,615
050,38,015,"North Dakota","Burleigh County",1,9,1300,692,608
050,38,015,"North Dakota","Burleigh County",1,10,1349,677,672
050,38,015,"North Dakota","Burleigh County",1,11,1338,679,659
050,38,015,"North Dakota","Burleigh County",1,12,1396,723,673
050,38,015,"North Dakota","Burleigh County",1,13,1360,699,661
050,38,015,"North Dakota","Burleigh County",1,14,1329,671,658
050,38,015,"North Dakota","Burleigh County",1,15,1274,634,640
050,38,015,"North Dakota","Burleigh County",1,16,1234,623,611
050,38,015,"North Dakota","Burleigh County",1,17,1179,614,565
050,38,015,"North Dakota","Burleigh County",1,18,1215,623,592
050,38,015,"North Dakota","Burleigh County",1,19,1465,719,746
050,38,015,"North Dakota","Burleigh County",1,20,1337,675,662
050,38,015,"North Dakota","Burleigh County",1,21,1073,565,508
050,38,015,"North Dakota","Burleigh County",1,22,1082,556,526
050,38,015,"North Dakota","Burleigh County",1,23,1165,604,561
050,38,015,"North Dakota","Burleigh County",1,24,1184,597,587
050,38,015,"North Dakota","Burleigh County",1,25,1194,609,585
050,38,015,"North Dakota","Burleigh County",1,26,1256,644,612
050,38,015,"North Dakota","Burleigh County",1,27,1309,678,631
050,38,015,"North Dakota","Burleigh County",1,28,1334,732,602
050,38,015,"North Dakota","Burleigh County",1,29,1399,770,629
050,38,015,"North Dakota","Burleigh County",1,30,1369,707,662
050,38,015,"North Dakota","Burleigh County",1,31,1340,689,651
050,38,015,"North Dakota","Burleigh County",1,32,1343,700,643
050,38,015,"North Dakota","Burleigh County",1,33,1392,736,656
050,38,015,"North Dakota","Burleigh County",1,34,1462,782,680
050,38,015,"North Dakota","Burleigh County",1,35,1453,778,675
050,38,015,"North Dakota","Burleigh County",1,36,1425,742,683
050,38,015,"North Dakota","Burleigh County",1,37,1494,765,729
050,38,015,"North Dakota","Burleigh County",1,38,1434,765,669
050,38,015,"North Dakota","Burleigh County",1,39,1410,773,637
050,38,015,"North Dakota","Burleigh County",1,40,1353,738,615
050,38,015,"North Dakota","Burleigh County",1,41,1268,677,591
050,38,015,"North Dakota","Burleigh County",1,42,1233,653,580
050,38,015,"North Dakota","Burleigh County",1,43,1119,582,537
050,38,015,"North Dakota","Burleigh County",1,44,1087,562,525
050,38,015,"North Dakota","Burleigh County",1,45,1096,555,541
050,38,015,"North Dakota","Burleigh County",1,46,1101,580,521
050,38,015,"North Dakota","Burleigh County",1,47,1116,568,548
050,38,015,"North Dakota","Burleigh County",1,48,1090,559,531
050,38,015,"North Dakota","Burleigh County",1,49,1127,596,531
050,38,015,"North Dakota","Burleigh County",1,50,1047,548,499
050,38,015,"North Dakota","Burleigh County",1,51,1026,529,497
050,38,015,"North Dakota","Burleigh County",1,52,1021,556,465
050,38,015,"North Dakota","Burleigh County",1,53,1066,545,521
050,38,015,"North Dakota","Burleigh County",1,54,1094,587,507
050,38,015,"North Dakota","Burleigh County",1,55,1160,587,573
050,38,015,"North Dakota","Burleigh County",1,56,1208,629,579
050,38,015,"North Dakota","Burleigh County",1,57,1281,624,657
050,38,015,"North Dakota","Burleigh County",1,58,1264,608,656
050,38,015,"North Dakota","Burleigh County",1,59,1248,605,643
050,38,015,"North Dakota","Burleigh County",1,60,1321,618,703
050,38,015,"North Dakota","Burleigh County",1,61,1308,627,681
050,38,015,"North Dakota","Burleigh County",1,62,1272,628,644
050,38,015,"North Dakota","Burleigh County",1,63,1208,600,608
050,38,015,"North Dakota","Burleigh County",1,64,1224,591,633
050,38,015,"North Dakota","Burleigh County",1,65,1175,541,634
050,38,015,"North Dakota","Burleigh County",1,66,1099,539,560
050,38,015,"North Dakota","Burleigh County",1,67,1121,531,590
050,38,015,"North Dakota","Burleigh County",1,68,1052,521,531
050,38,015,"North Dakota","Burleigh County",1,69,966,453,513
050,38,015,"North Dakota","Burleigh County",1,70,913,433,480
050,38,015,"North Dakota","Burleigh County",1,71,857,422,435
050,38,015,"North Dakota","Burleigh County",1,72,823,385,438
050,38,015,"North Dakota","Burleigh County",1,73,841,413,428
050,38,015,"North Dakota","Burleigh County",1,74,592,273,319
050,38,015,"North Dakota","Burleigh County",1,75,594,281,313
050,38,015,"North Dakota","Burleigh County",1,76,611,289,322
050,38,015,"North Dakota","Burleigh County",1,77,570,271,299
050,38,015,"North Dakota","Burleigh County",1,78,508,254,254
050,38,015,"North Dakota","Burleigh County",1,79,452,205,247
050,38,015,"North Dakota","Burleigh County",1,80,431,166,265
050,38,015,"North Dakota","Burleigh County",1,81,379,154,225
050,38,015,"North Dakota","Burleigh County",1,82,384,137,247
050,38,015,"North Dakota","Burleigh County",1,83,377,141,236
050,38,015,"North Dakota","Burleigh County",1,84,344,143,201
050,38,015,"North Dakota","Burleigh County",1,85,2580,851,1729
050,38,015,"North Dakota","Burleigh County",2,0,1175,590,585
050,38,015,"North Dakota","Burleigh County",2,1,1172,611,561
050,38,015,"North Dakota","Burleigh County",2,2,1253,670,583
050,38,015,"North Dakota","Burleigh County",2,3,1303,669,634
050,38,015,"North Dakota","Burleigh County",2,4,1354,676,678
050,38,015,"North Dakota","Burleigh County",2,5,1417,697,720
050,38,015,"North Dakota","Burleigh County",2,6,1344,669,675
050,38,015,"North Dakota","Burleigh County",2,7,1264,640,624
050,38,015,"North Dakota","Burleigh County",2,8,1269,654,615
050,38,015,"North Dakota","Burleigh County",2,9,1300,687,613
050,38,015,"North Dakota","Burleigh County",2,10,1337,679,658
050,38,015,"North Dakota","Burleigh County",2,11,1342,679,663
050,38,015,"North Dakota","Burleigh County",2,12,1389,717,672
050,38,015,"North Dakota","Burleigh County",2,13,1375,707,668
050,38,015,"North Dakota","Burleigh County",2,14,1340,680,660
050,38,015,"North Dakota","Burleigh County",2,15,1289,645,644
050,38,015,"North Dakota","Burleigh County",2,16,1244,626,618
050,38,015,"North Dakota","Burleigh County",2,17,1201,621,580
050,38,015,"North Dakota","Burleigh County",2,18,1213,619,594
050,38,015,"North Dakota","Burleigh County",2,19,1483,727,756
050,38,015,"North Dakota","Burleigh County",2,20,1342,678,664
050,38,015,"North Dakota","Burleigh County",2,21,1081,572,509
050,38,015,"North Dakota","Burleigh County",2,22,1087,564,523
050,38,015,"North Dakota","Burleigh County",2,23,1162,603,559
050,38,015,"North Dakota","Burleigh County",2,24,1170,595,575
050,38,015,"North Dakota","Burleigh County",2,25,1190,606,584
050,38,015,"North Dakota","Burleigh County",2,26,1237,633,604
050,38,015,"North Dakota","Burleigh County",2,27,1294,671,623
050,38,015,"North Dakota","Burleigh County",2,28,1324,717,607
050,38,015,"North Dakota","Burleigh County",2,29,1381,758,623
050,38,015,"North Dakota","Burleigh County",2,30,1372,716,656
050,38,015,"North Dakota","Burleigh County",2,31,1344,694,650
050,38,015,"North Dakota","Burleigh County",2,32,1347,699,648
050,38,015,"North Dakota","Burleigh County",2,33,1389,733,656
050,38,015,"North Dakota","Burleigh County",2,34,1435,763,672
050,38,015,"North Dakota","Burleigh County",2,35,1461,783,678
050,38,015,"North Dakota","Burleigh County",2,36,1420,742,678
050,38,015,"North Dakota","Burleigh County",2,37,1481,762,719
050,38,015,"North Dakota","Burleigh County",2,38,1452,766,686
050,38,015,"North Dakota","Burleigh County",2,39,1422,778,644
050,38,015,"North Dakota","Burleigh County",2,40,1377,751,626
050,38,015,"North Dakota","Burleigh County",2,41,1284,690,594
050,38,015,"North Dakota","Burleigh County",2,42,1234,654,580
050,38,015,"North Dakota","Burleigh County",2,43,1153,601,552
050,38,015,"North Dakota","Burleigh County",2,44,1085,560,525
050,38,015,"North Dakota","Burleigh County",2,45,1091,552,539
050,38,015,"North Dakota","Burleigh County",2,46,1092,571,521
050,38,015,"North Dakota","Burleigh County",2,47,1105,569,536
050,38,015,"North Dakota","Burleigh County",2,48,1094,560,534
050,38,015,"North Dakota","Burleigh County",2,49,1122,590,532
050,38,015,"North Dakota","Burleigh County",2,50,1064,560,504
050,38,015,"North Dakota","Burleigh County",2,51,1022,530,492
050,38,015,"North Dakota","Burleigh County",2,52,1021,550,471
050,38,015,"North Dakota","Burleigh County",2,53,1055,549,506
050,38,015,"North Dakota","Burleigh County",2,54,1086,577,509
050,38,015,"North Dakota","Burleigh County",2,55,1141,583,558
050,38,015,"North Dakota","Burleigh County",2,56,1195,617,578
050,38,015,"North Dakota","Burleigh County",2,57,1259,624,635
050,38,015,"North Dakota","Burleigh County",2,58,1266,612,654
050,38,015,"North Dakota","Burleigh County",2,59,1254,604,650
050,38,015,"North Dakota","Burleigh County",2,60,1296,612,684
050,38,015,"North Dakota","Burleigh County",2,61,1306,621,685
050,38,015,"North Dakota","Burleigh County",2,62,1278,628,650
050,38,015,"North Dakota","Burleigh County",2,63,1237,612,625
050,38,015,"North Dakota","Burleigh County",2,64,1209,586,623
050,38,015,"North Dakota","Burleigh County",2,65,1183,550,633
050,38,015,"North Dakota","Burleigh County",2,66,1116,536,580
050,38,015,"North Dakota","Burleigh County",2,67,1110,527,583
050,38,015,"North Dakota","Burleigh County",2,68,1062,522,540
050,38,015,"North Dakota","Burleigh County",2,69,993,472,521
050,38,015,"North Dakota","Burleigh County",2,70,917,435,482
050,38,015,"North Dakota","Burleigh County",2,71,872,425,447
050,38,015,"North Dakota","Burleigh County",2,72,816,388,428
050,38,015,"North Dakota","Burleigh County",2,73,878,426,452
050,38,015,"North Dakota","Burleigh County",2,74,614,286,328
050,38,015,"North Dakota","Burleigh County",2,75,589,276,313
050,38,015,"North Dakota","Burleigh County",2,76,594,279,315
050,38,015,"North Dakota","Burleigh County",2,77,591,279,312
050,38,015,"North Dakota","Burleigh County",2,78,512,255,257
050,38,015,"North Dakota","Burleigh County",2,79,465,216,249
050,38,015,"North Dakota","Burleigh County",2,80,435,176,259
050,38,015,"North Dakota","Burleigh County",2,81,384,157,227
050,38,015,"North Dakota","Burleigh County",2,82,388,138,250
050,38,015,"North Dakota","Burleigh County",2,83,378,139,239
050,38,015,"North Dakota","Burleigh County",2,84,338,141,197
050,38,015,"North Dakota","Burleigh County",2,85,2585,854,1731
050,38,015,"North Dakota","Burleigh County",3,0,1166,581,585
050,38,015,"North Dakota","Burleigh County",3,1,1195,608,587
050,38,015,"North Dakota","Burleigh County",3,2,1186,622,564
050,38,015,"North Dakota","Burleigh County",3,3,1240,674,566
050,38,015,"North Dakota","Burleigh County",3,4,1307,660,647
050,38,015,"North Dakota","Burleigh County",3,5,1350,665,685
050,38,015,"North Dakota","Burleigh County",3,6,1441,696,745
050,38,015,"North Dakota","Burleigh County",3,7,1339,671,668
050,38,015,"North Dakota","Burleigh County",3,8,1295,656,639
050,38,015,"North Dakota","Burleigh County",3,9,1251,652,599
050,38,015,"North Dakota","Burleigh County",3,10,1292,678,614
050,38,015,"North Dakota","Burleigh County",3,11,1335,678,657
050,38,015,"North Dakota","Burleigh County",3,12,1349,686,663
050,38,015,"North Dakota","Burleigh County",3,13,1389,723,666
050,38,015,"North Dakota","Burleigh County",3,14,1376,718,658
050,38,015,"North Dakota","Burleigh County",3,15,1332,667,665
050,38,015,"North Dakota","Burleigh County",3,16,1297,645,652
050,38,015,"North Dakota","Burleigh County",3,17,1253,628,625
050,38,015,"North Dakota","Burleigh County",3,18,1240,634,606
050,38,015,"North Dakota","Burleigh County",3,19,1494,726,768
050,38,015,"North Dakota","Burleigh County",3,20,1353,687,666
050,38,015,"North Dakota","Burleigh County",3,21,1105,586,519
050,38,015,"North Dakota","Burleigh County",3,22,1123,580,543
050,38,015,"North Dakota","Burleigh County",3,23,1191,607,584
050,38,015,"North Dakota","Burleigh County",3,24,1175,617,558
050,38,015,"North Dakota","Burleigh County",3,25,1219,628,591
050,38,015,"North Dakota","Burleigh County",3,26,1194,610,584
050,38,015,"North Dakota","Burleigh County",3,27,1283,667,616
050,38,015,"North Dakota","Burleigh County",3,28,1313,690,623
050,38,015,"North Dakota","Burleigh County",3,29,1306,717,589
050,38,015,"North Dakota","Burleigh County",3,30,1328,714,614
050,38,015,"North Dakota","Burleigh County",3,31,1392,721,671
050,38,015,"North Dakota","Burleigh County",3,32,1359,700,659
050,38,015,"North Dakota","Burleigh County",3,33,1362,702,660
050,38,015,"North Dakota","Burleigh County",3,34,1386,721,665
050,38,015,"North Dakota","Burleigh County",3,35,1440,769,671
050,38,015,"North Dakota","Burleigh County",3,36,1454,791,663
050,38,015,"North Dakota","Burleigh County",3,37,1415,726,689
050,38,015,"North Dakota","Burleigh County",3,38,1465,747,718
050,38,015,"North Dakota","Burleigh County",3,39,1467,795,672
050,38,015,"North Dakota","Burleigh County",3,40,1416,765,651
050,38,015,"North Dakota","Burleigh County",3,41,1403,770,633
050,38,015,"North Dakota","Burleigh County",3,42,1299,697,602
050,38,015,"North Dakota","Burleigh County",3,43,1219,653,566
050,38,015,"North Dakota","Burleigh County",3,44,1146,601,545
050,38,015,"North Dakota","Burleigh County",3,45,1066,552,514
050,38,015,"North Dakota","Burleigh County",3,46,1073,541,532
050,38,015,"North Dakota","Burleigh County",3,47,1067,549,518
050,38,015,"North Dakota","Burleigh County",3,48,1091,570,521
050,38,015,"North Dakota","Burleigh County",3,49,1087,564,523
050,38,015,"North Dakota","Burleigh County",3,50,1101,568,533
050,38,015,"North Dakota","Burleigh County",3,51,1041,544,497
050,38,015,"North Dakota","Burleigh County",3,52,1026,535,491
050,38,015,"North Dakota","Burleigh County",3,53,1017,537,480
050,38,015,"North Dakota","Burleigh County",3,54,1078,562,516
050,38,015,"North Dakota","Burleigh County",3,55,1062,556,506
050,38,015,"North Dakota","Burleigh County",3,56,1115,571,544
050,38,015,"North Dakota","Burleigh County",3,57,1188,620,568
050,38,015,"North Dakota","Burleigh County",3,58,1239,620,619
050,38,015,"North Dakota","Burleigh County",3,59,1245,591,654
050,38,015,"North Dakota","Burleigh County",3,60,1221,589,632
050,38,015,"North Dakota","Burleigh County",3,61,1297,615,682
050,38,015,"North Dakota","Burleigh County",3,62,1300,611,689
050,38,015,"North Dakota","Burleigh County",3,63,1275,625,650
050,38,015,"North Dakota","Burleigh County",3,64,1215,598,617
050,38,015,"North Dakota","Burleigh County",3,65,1198,581,617
050,38,015,"North Dakota","Burleigh County",3,66,1182,550,632
050,38,015,"North Dakota","Burleigh County",3,67,1097,528,569
050,38,015,"North Dakota","Burleigh County",3,68,1101,519,582
050,38,015,"North Dakota","Burleigh County",3,69,1053,522,531
050,38,015,"North Dakota","Burleigh County",3,70,972,454,518
050,38,015,"North Dakota","Burleigh County",3,71,909,425,484
050,38,015,"North Dakota","Burleigh County",3,72,842,409,433
050,38,015,"North Dakota","Burleigh County",3,73,814,394,420
050,38,015,"North Dakota","Burleigh County",3,74,837,399,438
050,38,015,"North Dakota","Burleigh County",3,75,594,277,317
050,38,015,"North Dakota","Burleigh County",3,76,595,275,320
050,38,015,"North Dakota","Burleigh County",3,77,578,265,313
050,38,015,"North Dakota","Burleigh County",3,78,580,278,302
050,38,015,"North Dakota","Burleigh County",3,79,489,237,252
050,38,015,"North Dakota","Burleigh County",3,80,445,205,240
050,38,015,"North Dakota","Burleigh County",3,81,401,178,223
050,38,015,"North Dakota","Burleigh County",3,82,376,134,242
050,38,015,"North Dakota","Burleigh County",3,83,361,129,232
050,38,015,"North Dakota","Burleigh County",3,84,319,125,194
050,38,015,"North Dakota","Burleigh County",3,85,2478,824,1654
050,38,015,"North Dakota","Burleigh County",4,0,1164,594,570
050,38,015,"North Dakota","Burleigh County",4,1,1118,548,570
050,38,015,"North Dakota","Burleigh County",4,2,1208,593,615
050,38,015,"North Dakota","Burleigh County",4,3,1175,615,560
050,38,015,"North Dakota","Burleigh County",4,4,1259,673,586
050,38,015,"North Dakota","Burleigh County",4,5,1333,691,642
050,38,015,"North Dakota","Burleigh County",4,6,1356,693,663
050,38,015,"North Dakota","Burleigh County",4,7,1428,682,746
050,38,015,"North Dakota","Burleigh County",4,8,1328,652,676
050,38,015,"North Dakota","Burleigh County",4,9,1290,659,631
050,38,015,"North Dakota","Burleigh County",4,10,1279,664,615
050,38,015,"North Dakota","Burleigh County",4,11,1302,683,619
050,38,015,"North Dakota","Burleigh County",4,12,1331,684,647
050,38,015,"North Dakota","Burleigh County",4,13,1353,690,663
050,38,015,"North Dakota","Burleigh County",4,14,1411,731,680
050,38,015,"North Dakota","Burleigh County",4,15,1375,717,658
050,38,015,"North Dakota","Burleigh County",4,16,1339,657,682
050,38,015,"North Dakota","Burleigh County",4,17,1309,642,667
050,38,015,"North Dakota","Burleigh County",4,18,1253,634,619
050,38,015,"North Dakota","Burleigh County",4,19,1515,746,769
050,38,015,"North Dakota","Burleigh County",4,20,1317,664,653
050,38,015,"North Dakota","Burleigh County",4,21,1111,585,526
050,38,015,"North Dakota","Burleigh County",4,22,1137,597,540
050,38,015,"North Dakota","Burleigh County",4,23,1197,633,564
050,38,015,"North Dakota","Burleigh County",4,24,1181,609,572
050,38,015,"North Dakota","Burleigh County",4,25,1193,632,561
050,38,015,"North Dakota","Burleigh County",4,26,1211,625,586
050,38,015,"North Dakota","Burleigh County",4,27,1204,617,587
050,38,015,"North Dakota","Burleigh County",4,28,1279,671,608
050,38,015,"North Dakota","Burleigh County",4,29,1290,692,598
050,38,015,"North Dakota","Burleigh County",4,30,1246,678,568
050,38,015,"North Dakota","Burleigh County",4,31,1337,735,602
050,38,015,"North Dakota","Burleigh County",4,32,1424,742,682
050,38,015,"North Dakota","Burleigh County",4,33,1368,702,666
050,38,015,"North Dakota","Burleigh County",4,34,1371,693,678
050,38,015,"North Dakota","Burleigh County",4,35,1402,739,663
050,38,015,"North Dakota","Burleigh County",4,36,1407,748,659
050,38,015,"North Dakota","Burleigh County",4,37,1453,792,661
050,38,015,"North Dakota","Burleigh County",4,38,1434,738,696
050,38,015,"North Dakota","Burleigh County",4,39,1476,756,720
050,38,015,"North Dakota","Burleigh County",4,40,1445,771,674
050,38,015,"North Dakota","Burleigh County",4,41,1414,766,648
050,38,015,"North Dakota","Burleigh County",4,42,1417,767,650
050,38,015,"North Dakota","Burleigh County",4,43,1294,708,586
050,38,015,"North Dakota","Burleigh County",4,44,1237,660,577
050,38,015,"North Dakota","Burleigh County",4,45,1138,589,549
050,38,015,"North Dakota","Burleigh County",4,46,1059,537,522
050,38,015,"North Dakota","Burleigh County",4,47,1083,552,531
050,38,015,"North Dakota","Burleigh County",4,48,1063,530,533
050,38,015,"North Dakota","Burleigh County",4,49,1110,578,532
050,38,015,"North Dakota","Burleigh County",4,50,1082,559,523
050,38,015,"North Dakota","Burleigh County",4,51,1080,551,529
050,38,015,"North Dakota","Burleigh County",4,52,1068,565,503
050,38,015,"North Dakota","Burleigh County",4,53,1028,534,494
050,38,015,"North Dakota","Burleigh County",4,54,1012,538,474
050,38,015,"North Dakota","Burleigh County",4,55,1061,538,523
050,38,015,"North Dakota","Burleigh County",4,56,1071,559,512
050,38,015,"North Dakota","Burleigh County",4,57,1123,574,549
050,38,015,"North Dakota","Burleigh County",4,58,1170,609,561
050,38,015,"North Dakota","Burleigh County",4,59,1224,615,609
050,38,015,"North Dakota","Burleigh County",4,60,1245,590,655
050,38,015,"North Dakota","Burleigh County",4,61,1214,589,625
050,38,015,"North Dakota","Burleigh County",4,62,1272,593,679
050,38,015,"North Dakota","Burleigh County",4,63,1298,619,679
050,38,015,"North Dakota","Burleigh County",4,64,1259,614,645
050,38,015,"North Dakota","Burleigh County",4,65,1200,592,608
050,38,015,"North Dakota","Burleigh County",4,66,1175,566,609
050,38,015,"North Dakota","Burleigh County",4,67,1180,538,642
050,38,015,"North Dakota","Burleigh County",4,68,1094,529,565
050,38,015,"North Dakota","Burleigh County",4,69,1085,514,571
050,38,015,"North Dakota","Burleigh County",4,70,1031,510,521
050,38,015,"North Dakota","Burleigh County",4,71,950,444,506
050,38,015,"North Dakota","Burleigh County",4,72,902,420,482
050,38,015,"North Dakota","Burleigh County",4,73,859,421,438
050,38,015,"North Dakota","Burleigh County",4,74,801,380,421
050,38,015,"North Dakota","Burleigh County",4,75,819,390,429
050,38,015,"North Dakota","Burleigh County",4,76,593,275,318
050,38,015,"North Dakota","Burleigh County",4,77,579,258,321
050,38,015,"North Dakota","Burleigh County",4,78,565,262,303
050,38,015,"North Dakota","Burleigh County",4,79,549,266,283
050,38,015,"North Dakota","Burleigh County",4,80,479,232,247
050,38,015,"North Dakota","Burleigh County",4,81,414,199,215
050,38,015,"North Dakota","Burleigh County",4,82,387,154,233
050,38,015,"North Dakota","Burleigh County",4,83,360,133,227
050,38,015,"North Dakota","Burleigh County",4,84,303,110,193
050,38,015,"North Dakota","Burleigh County",4,85,2440,817,1623
050,38,015,"North Dakota","Burleigh County",5,0,1142,584,558
050,38,015,"North Dakota","Burleigh County",5,1,1116,575,541
050,38,015,"North Dakota","Burleigh County",5,2,1105,530,575
050,38,015,"North Dakota","Burleigh County",5,3,1221,586,635
050,38,015,"North Dakota","Burleigh County",5,4,1158,597,561
050,38,015,"North Dakota","Burleigh County",5,5,1256,678,578
050,38,015,"North Dakota","Burleigh County",5,6,1334,683,651
050,38,015,"North Dakota","Burleigh County",5,7,1385,682,703
050,38,015,"North Dakota","Burleigh County",5,8,1437,686,751
050,38,015,"North Dakota","Burleigh County",5,9,1347,663,684
050,38,015,"North Dakota","Burleigh County",5,10,1290,664,626
050,38,015,"North Dakota","Burleigh County",5,11,1273,665,608
050,38,015,"North Dakota","Burleigh County",5,12,1292,681,611
050,38,015,"North Dakota","Burleigh County",5,13,1306,668,638
050,38,015,"North Dakota","Burleigh County",5,14,1373,694,679
050,38,015,"North Dakota","Burleigh County",5,15,1419,735,684
050,38,015,"North Dakota","Burleigh County",5,16,1385,717,668
050,38,015,"North Dakota","Burleigh County",5,17,1340,675,665
050,38,015,"North Dakota","Burleigh County",5,18,1308,647,661
050,38,015,"North Dakota","Burleigh County",5,19,1543,750,793
050,38,015,"North Dakota","Burleigh County",5,20,1371,702,669
050,38,015,"North Dakota","Burleigh County",5,21,1079,577,502
050,38,015,"North Dakota","Burleigh County",5,22,1162,608,554
050,38,015,"North Dakota","Burleigh County",5,23,1212,641,571
050,38,015,"North Dakota","Burleigh County",5,24,1255,654,601
050,38,015,"North Dakota","Burleigh County",5,25,1215,622,593
050,38,015,"North Dakota","Burleigh County",5,26,1195,642,553
050,38,015,"North Dakota","Burleigh County",5,27,1241,624,617
050,38,015,"North Dakota","Burleigh County",5,28,1196,619,577
050,38,015,"North Dakota","Burleigh County",5,29,1283,679,604
050,38,015,"North Dakota","Burleigh County",5,30,1253,672,581
050,38,015,"North Dakota","Burleigh County",5,31,1296,720,576
050,38,015,"North Dakota","Burleigh County",5,32,1338,722,616
050,38,015,"North Dakota","Burleigh County",5,33,1400,740,660
050,38,015,"North Dakota","Burleigh County",5,34,1343,691,652
050,38,015,"North Dakota","Burleigh County",5,35,1375,696,679
050,38,015,"North Dakota","Burleigh County",5,36,1391,726,665
050,38,015,"North Dakota","Burleigh County",5,37,1391,736,655
050,38,015,"North Dakota","Burleigh County",5,38,1468,805,663
050,38,015,"North Dakota","Burleigh County",5,39,1428,740,688
050,38,015,"North Dakota","Burleigh County",5,40,1459,737,722
050,38,015,"North Dakota","Burleigh County",5,41,1444,778,666
050,38,015,"North Dakota","Burleigh County",5,42,1413,767,646
050,38,015,"North Dakota","Burleigh County",5,43,1402,760,642
050,38,015,"North Dakota","Burleigh County",5,44,1307,708,599
050,38,015,"North Dakota","Burleigh County",5,45,1229,644,585
050,38,015,"North Dakota","Burleigh County",5,46,1116,571,545
050,38,015,"North Dakota","Burleigh County",5,47,1067,539,528
050,38,015,"North Dakota","Burleigh County",5,48,1085,551,534
050,38,015,"North Dakota","Burleigh County",5,49,1091,541,550
050,38,015,"North Dakota","Burleigh County",5,50,1108,576,532
050,38,015,"North Dakota","Burleigh County",5,51,1055,544,511
050,38,015,"North Dakota","Burleigh County",5,52,1105,573,532
050,38,015,"North Dakota","Burleigh County",5,53,1061,556,505
050,38,015,"North Dakota","Burleigh County",5,54,1039,546,493
050,38,015,"North Dakota","Burleigh County",5,55,1010,518,492
050,38,015,"North Dakota","Burleigh County",5,56,1063,535,528
050,38,015,"North Dakota","Burleigh County",5,57,1046,549,497
050,38,015,"North Dakota","Burleigh County",5,58,1110,572,538
050,38,015,"North Dakota","Burleigh County",5,59,1146,594,552
050,38,015,"North Dakota","Burleigh County",5,60,1215,595,620
050,38,015,"North Dakota","Burleigh County",5,61,1239,586,653
050,38,015,"North Dakota","Burleigh County",5,62,1214,579,635
050,38,015,"North Dakota","Burleigh County",5,63,1266,589,677
050,38,015,"North Dakota","Burleigh County",5,64,1294,617,677
050,38,015,"North Dakota","Burleigh County",5,65,1263,611,652
050,38,015,"North Dakota","Burleigh County",5,66,1185,586,599
050,38,015,"North Dakota","Burleigh County",5,67,1143,541,602
050,38,015,"North Dakota","Burleigh County",5,68,1188,536,652
050,38,015,"North Dakota","Burleigh County",5,69,1088,520,568
050,38,015,"North Dakota","Burleigh County",5,70,1070,504,566
050,38,015,"North Dakota","Burleigh County",5,71,1030,509,521
050,38,015,"North Dakota","Burleigh County",5,72,942,440,502
050,38,015,"North Dakota","Burleigh County",5,73,910,427,483
050,38,015,"North Dakota","Burleigh County",5,74,848,410,438
050,38,015,"North Dakota","Burleigh County",5,75,796,373,423
050,38,015,"North Dakota","Burleigh County",5,76,814,390,424
050,38,015,"North Dakota","Burleigh County",5,77,574,259,315
050,38,015,"North Dakota","Burleigh County",5,78,559,253,306
050,38,015,"North Dakota","Burleigh County",5,79,535,251,284
050,38,015,"North Dakota","Burleigh County",5,80,537,259,278
050,38,015,"North Dakota","Burleigh County",5,81,448,229,219
050,38,015,"North Dakota","Burleigh County",5,82,419,184,235
050,38,015,"North Dakota","Burleigh County",5,83,380,158,222
050,38,015,"North Dakota","Burleigh County",5,84,314,120,194
050,38,015,"North Dakota","Burleigh County",5,85,2463,813,1650
050,38,017,"North Dakota","Cass County",1,0,2440,1254,1186
050,38,017,"North Dakota","Cass County",1,1,2400,1242,1158
050,38,017,"North Dakota","Cass County",1,2,2418,1271,1147
050,38,017,"North Dakota","Cass County",1,3,2579,1323,1256
050,38,017,"North Dakota","Cass County",1,4,2527,1281,1246
050,38,017,"North Dakota","Cass County",1,5,2474,1266,1208
050,38,017,"North Dakota","Cass County",1,6,2458,1257,1201
050,38,017,"North Dakota","Cass County",1,7,2430,1265,1165
050,38,017,"North Dakota","Cass County",1,8,2357,1203,1154
050,38,017,"North Dakota","Cass County",1,9,2258,1169,1089
050,38,017,"North Dakota","Cass County",1,10,2274,1179,1095
050,38,017,"North Dakota","Cass County",1,11,2313,1178,1135
050,38,017,"North Dakota","Cass County",1,12,2348,1206,1142
050,38,017,"North Dakota","Cass County",1,13,2277,1184,1093
050,38,017,"North Dakota","Cass County",1,14,2173,1116,1057
050,38,017,"North Dakota","Cass County",1,15,2093,1070,1023
050,38,017,"North Dakota","Cass County",1,16,2101,1014,1087
050,38,017,"North Dakota","Cass County",1,17,1936,946,990
050,38,017,"North Dakota","Cass County",1,18,2504,1212,1292
050,38,017,"North Dakota","Cass County",1,19,3616,1965,1651
050,38,017,"North Dakota","Cass County",1,20,3549,1611,1938
050,38,017,"North Dakota","Cass County",1,21,3934,1971,1963
050,38,017,"North Dakota","Cass County",1,22,4230,2214,2016
050,38,017,"North Dakota","Cass County",1,23,4179,2174,2005
050,38,017,"North Dakota","Cass County",1,24,3659,1843,1816
050,38,017,"North Dakota","Cass County",1,25,3429,1741,1688
050,38,017,"North Dakota","Cass County",1,26,3282,1710,1572
050,38,017,"North Dakota","Cass County",1,27,3155,1634,1521
050,38,017,"North Dakota","Cass County",1,28,3195,1657,1538
050,38,017,"North Dakota","Cass County",1,29,3199,1671,1528
050,38,017,"North Dakota","Cass County",1,30,3165,1702,1463
050,38,017,"North Dakota","Cass County",1,31,3032,1600,1432
050,38,017,"North Dakota","Cass County",1,32,2876,1528,1348
050,38,017,"North Dakota","Cass County",1,33,2842,1513,1329
050,38,017,"North Dakota","Cass County",1,34,2925,1525,1400
050,38,017,"North Dakota","Cass County",1,35,2893,1547,1346
050,38,017,"North Dakota","Cass County",1,36,2804,1503,1301
050,38,017,"North Dakota","Cass County",1,37,2828,1519,1309
050,38,017,"North Dakota","Cass County",1,38,2826,1510,1316
050,38,017,"North Dakota","Cass County",1,39,2626,1368,1258
050,38,017,"North Dakota","Cass County",1,40,2472,1296,1176
050,38,017,"North Dakota","Cass County",1,41,2391,1271,1120
050,38,017,"North Dakota","Cass County",1,42,2325,1265,1060
050,38,017,"North Dakota","Cass County",1,43,2102,1129,973
050,38,017,"North Dakota","Cass County",1,44,1998,1045,953
050,38,017,"North Dakota","Cass County",1,45,2013,1051,962
050,38,017,"North Dakota","Cass County",1,46,1843,953,890
050,38,017,"North Dakota","Cass County",1,47,1850,970,880
050,38,017,"North Dakota","Cass County",1,48,1847,975,872
050,38,017,"North Dakota","Cass County",1,49,1968,1038,930
050,38,017,"North Dakota","Cass County",1,50,1924,1000,924
050,38,017,"North Dakota","Cass County",1,51,1888,990,898
050,38,017,"North Dakota","Cass County",1,52,1811,941,870
050,38,017,"North Dakota","Cass County",1,53,1821,935,886
050,38,017,"North Dakota","Cass County",1,54,1821,923,898
050,38,017,"North Dakota","Cass County",1,55,1927,1011,916
050,38,017,"North Dakota","Cass County",1,56,1900,996,904
050,38,017,"North Dakota","Cass County",1,57,1892,955,937
050,38,017,"North Dakota","Cass County",1,58,1973,988,985
050,38,017,"North Dakota","Cass County",1,59,1932,966,966
050,38,017,"North Dakota","Cass County",1,60,1893,925,968
050,38,017,"North Dakota","Cass County",1,61,1889,901,988
050,38,017,"North Dakota","Cass County",1,62,1857,896,961
050,38,017,"North Dakota","Cass County",1,63,1821,870,951
050,38,017,"North Dakota","Cass County",1,64,1772,869,903
050,38,017,"North Dakota","Cass County",1,65,1772,877,895
050,38,017,"North Dakota","Cass County",1,66,1669,819,850
050,38,017,"North Dakota","Cass County",1,67,1652,812,840
050,38,017,"North Dakota","Cass County",1,68,1615,781,834
050,38,017,"North Dakota","Cass County",1,69,1399,682,717
050,38,017,"North Dakota","Cass County",1,70,1306,642,664
050,38,017,"North Dakota","Cass County",1,71,1237,619,618
050,38,017,"North Dakota","Cass County",1,72,1215,629,586
050,38,017,"North Dakota","Cass County",1,73,1222,592,630
050,38,017,"North Dakota","Cass County",1,74,823,379,444
050,38,017,"North Dakota","Cass County",1,75,809,369,440
050,38,017,"North Dakota","Cass County",1,76,777,386,391
050,38,017,"North Dakota","Cass County",1,77,718,338,380
050,38,017,"North Dakota","Cass County",1,78,629,277,352
050,38,017,"North Dakota","Cass County",1,79,581,253,328
050,38,017,"North Dakota","Cass County",1,80,528,213,315
050,38,017,"North Dakota","Cass County",1,81,495,195,300
050,38,017,"North Dakota","Cass County",1,82,481,193,288
050,38,017,"North Dakota","Cass County",1,83,455,185,270
050,38,017,"North Dakota","Cass County",1,84,471,185,286
050,38,017,"North Dakota","Cass County",1,85,3129,1091,2038
050,38,017,"North Dakota","Cass County",2,0,2412,1244,1168
050,38,017,"North Dakota","Cass County",2,1,2406,1241,1165
050,38,017,"North Dakota","Cass County",2,2,2400,1257,1143
050,38,017,"North Dakota","Cass County",2,3,2522,1303,1219
050,38,017,"North Dakota","Cass County",2,4,2529,1285,1244
050,38,017,"North Dakota","Cass County",2,5,2486,1266,1220
050,38,017,"North Dakota","Cass County",2,6,2454,1255,1199
050,38,017,"North Dakota","Cass County",2,7,2431,1255,1176
050,38,017,"North Dakota","Cass County",2,8,2375,1216,1159
050,38,017,"North Dakota","Cass County",2,9,2278,1176,1102
050,38,017,"North Dakota","Cass County",2,10,2275,1172,1103
050,38,017,"North Dakota","Cass County",2,11,2305,1178,1127
050,38,017,"North Dakota","Cass County",2,12,2342,1200,1142
050,38,017,"North Dakota","Cass County",2,13,2286,1185,1101
050,38,017,"North Dakota","Cass County",2,14,2183,1129,1054
050,38,017,"North Dakota","Cass County",2,15,2111,1082,1029
050,38,017,"North Dakota","Cass County",2,16,2112,1031,1081
050,38,017,"North Dakota","Cass County",2,17,1982,960,1022
050,38,017,"North Dakota","Cass County",2,18,2520,1219,1301
050,38,017,"North Dakota","Cass County",2,19,3614,1950,1664
050,38,017,"North Dakota","Cass County",2,20,3597,1632,1965
050,38,017,"North Dakota","Cass County",2,21,3914,1965,1949
050,38,017,"North Dakota","Cass County",2,22,4259,2227,2032
050,38,017,"North Dakota","Cass County",2,23,4132,2165,1967
050,38,017,"North Dakota","Cass County",2,24,3643,1840,1803
050,38,017,"North Dakota","Cass County",2,25,3425,1745,1680
050,38,017,"North Dakota","Cass County",2,26,3267,1693,1574
050,38,017,"North Dakota","Cass County",2,27,3152,1634,1518
050,38,017,"North Dakota","Cass County",2,28,3169,1644,1525
050,38,017,"North Dakota","Cass County",2,29,3188,1660,1528
050,38,017,"North Dakota","Cass County",2,30,3167,1688,1479
050,38,017,"North Dakota","Cass County",2,31,3045,1616,1429
050,38,017,"North Dakota","Cass County",2,32,2910,1549,1361
050,38,017,"North Dakota","Cass County",2,33,2846,1520,1326
050,38,017,"North Dakota","Cass County",2,34,2890,1515,1375
050,38,017,"North Dakota","Cass County",2,35,2918,1548,1370
050,38,017,"North Dakota","Cass County",2,36,2804,1498,1306
050,38,017,"North Dakota","Cass County",2,37,2820,1515,1305
050,38,017,"North Dakota","Cass County",2,38,2825,1511,1314
050,38,017,"North Dakota","Cass County",2,39,2669,1401,1268
050,38,017,"North Dakota","Cass County",2,40,2522,1320,1202
050,38,017,"North Dakota","Cass County",2,41,2404,1271,1133
050,38,017,"North Dakota","Cass County",2,42,2321,1254,1067
050,38,017,"North Dakota","Cass County",2,43,2169,1168,1001
050,38,017,"North Dakota","Cass County",2,44,2005,1057,948
050,38,017,"North Dakota","Cass County",2,45,2011,1049,962
050,38,017,"North Dakota","Cass County",2,46,1877,972,905
050,38,017,"North Dakota","Cass County",2,47,1842,963,879
050,38,017,"North Dakota","Cass County",2,48,1838,965,873
050,38,017,"North Dakota","Cass County",2,49,1955,1027,928
050,38,017,"North Dakota","Cass County",2,50,1944,1008,936
050,38,017,"North Dakota","Cass County",2,51,1887,990,897
050,38,017,"North Dakota","Cass County",2,52,1820,948,872
050,38,017,"North Dakota","Cass County",2,53,1812,932,880
050,38,017,"North Dakota","Cass County",2,54,1820,924,896
050,38,017,"North Dakota","Cass County",2,55,1893,985,908
050,38,017,"North Dakota","Cass County",2,56,1902,1000,902
050,38,017,"North Dakota","Cass County",2,57,1899,969,930
050,38,017,"North Dakota","Cass County",2,58,1952,983,969
050,38,017,"North Dakota","Cass County",2,59,1945,975,970
050,38,017,"North Dakota","Cass County",2,60,1898,935,963
050,38,017,"North Dakota","Cass County",2,61,1885,903,982
050,38,017,"North Dakota","Cass County",2,62,1853,890,963
050,38,017,"North Dakota","Cass County",2,63,1836,879,957
050,38,017,"North Dakota","Cass County",2,64,1768,860,908
050,38,017,"North Dakota","Cass County",2,65,1765,871,894
050,38,017,"North Dakota","Cass County",2,66,1685,826,859
050,38,017,"North Dakota","Cass County",2,67,1641,809,832
050,38,017,"North Dakota","Cass County",2,68,1606,778,828
050,38,017,"North Dakota","Cass County",2,69,1454,708,746
050,38,017,"North Dakota","Cass County",2,70,1315,640,675
050,38,017,"North Dakota","Cass County",2,71,1250,621,629
050,38,017,"North Dakota","Cass County",2,72,1192,609,583
050,38,017,"North Dakota","Cass County",2,73,1284,626,658
050,38,017,"North Dakota","Cass County",2,74,863,400,463
050,38,017,"North Dakota","Cass County",2,75,805,368,437
050,38,017,"North Dakota","Cass County",2,76,773,376,397
050,38,017,"North Dakota","Cass County",2,77,744,354,390
050,38,017,"North Dakota","Cass County",2,78,642,287,355
050,38,017,"North Dakota","Cass County",2,79,585,256,329
050,38,017,"North Dakota","Cass County",2,80,536,220,316
050,38,017,"North Dakota","Cass County",2,81,498,202,296
050,38,017,"North Dakota","Cass County",2,82,476,188,288
050,38,017,"North Dakota","Cass County",2,83,458,183,275
050,38,017,"North Dakota","Cass County",2,84,467,186,281
050,38,017,"North Dakota","Cass County",2,85,3116,1086,2030
050,38,017,"North Dakota","Cass County",3,0,2400,1194,1206
050,38,017,"North Dakota","Cass County",3,1,2382,1220,1162
050,38,017,"North Dakota","Cass County",3,2,2375,1237,1138
050,38,017,"North Dakota","Cass County",3,3,2362,1216,1146
050,38,017,"North Dakota","Cass County",3,4,2483,1301,1182
050,38,017,"North Dakota","Cass County",3,5,2522,1273,1249
050,38,017,"North Dakota","Cass County",3,6,2499,1262,1237
050,38,017,"North Dakota","Cass County",3,7,2428,1252,1176
050,38,017,"North Dakota","Cass County",3,8,2414,1228,1186
050,38,017,"North Dakota","Cass County",3,9,2384,1212,1172
050,38,017,"North Dakota","Cass County",3,10,2301,1180,1121
050,38,017,"North Dakota","Cass County",3,11,2277,1173,1104
050,38,017,"North Dakota","Cass County",3,12,2302,1179,1123
050,38,017,"North Dakota","Cass County",3,13,2355,1189,1166
050,38,017,"North Dakota","Cass County",3,14,2293,1196,1097
050,38,017,"North Dakota","Cass County",3,15,2208,1139,1069
050,38,017,"North Dakota","Cass County",3,16,2154,1090,1064
050,38,017,"North Dakota","Cass County",3,17,2128,1037,1091
050,38,017,"North Dakota","Cass County",3,18,3139,1506,1633
050,38,017,"North Dakota","Cass County",3,19,4745,2598,2147
050,38,017,"North Dakota","Cass County",3,20,4007,1821,2186
050,38,017,"North Dakota","Cass County",3,21,4139,2082,2057
050,38,017,"North Dakota","Cass County",3,22,4379,2316,2063
050,38,017,"North Dakota","Cass County",3,23,4198,2234,1964
050,38,017,"North Dakota","Cass County",3,24,3697,1922,1775
050,38,017,"North Dakota","Cass County",3,25,3397,1715,1682
050,38,017,"North Dakota","Cass County",3,26,3201,1618,1583
050,38,017,"North Dakota","Cass County",3,27,3166,1636,1530
050,38,017,"North Dakota","Cass County",3,28,3119,1609,1510
050,38,017,"North Dakota","Cass County",3,29,3176,1666,1510
050,38,017,"North Dakota","Cass County",3,30,3148,1648,1500
050,38,017,"North Dakota","Cass County",3,31,3151,1667,1484
050,38,017,"North Dakota","Cass County",3,32,3024,1597,1427
050,38,017,"North Dakota","Cass County",3,33,2890,1552,1338
050,38,017,"North Dakota","Cass County",3,34,2816,1509,1307
050,38,017,"North Dakota","Cass County",3,35,2851,1478,1373
050,38,017,"North Dakota","Cass County",3,36,2897,1519,1378
050,38,017,"North Dakota","Cass County",3,37,2810,1510,1300
050,38,017,"North Dakota","Cass County",3,38,2810,1506,1304
050,38,017,"North Dakota","Cass County",3,39,2800,1498,1302
050,38,017,"North Dakota","Cass County",3,40,2656,1394,1262
050,38,017,"North Dakota","Cass County",3,41,2536,1341,1195
050,38,017,"North Dakota","Cass County",3,42,2399,1273,1126
050,38,017,"North Dakota","Cass County",3,43,2319,1253,1066
050,38,017,"North Dakota","Cass County",3,44,2151,1156,995
050,38,017,"North Dakota","Cass County",3,45,2026,1066,960
050,38,017,"North Dakota","Cass County",3,46,1988,1040,948
050,38,017,"North Dakota","Cass County",3,47,1874,969,905
050,38,017,"North Dakota","Cass County",3,48,1849,975,874
050,38,017,"North Dakota","Cass County",3,49,1848,969,879
050,38,017,"North Dakota","Cass County",3,50,1953,1020,933
050,38,017,"North Dakota","Cass County",3,51,1920,1000,920
050,38,017,"North Dakota","Cass County",3,52,1889,990,899
050,38,017,"North Dakota","Cass County",3,53,1797,938,859
050,38,017,"North Dakota","Cass County",3,54,1779,911,868
050,38,017,"North Dakota","Cass County",3,55,1806,920,886
050,38,017,"North Dakota","Cass County",3,56,1864,973,891
050,38,017,"North Dakota","Cass County",3,57,1896,994,902
050,38,017,"North Dakota","Cass County",3,58,1881,974,907
050,38,017,"North Dakota","Cass County",3,59,1938,963,975
050,38,017,"North Dakota","Cass County",3,60,1930,961,969
050,38,017,"North Dakota","Cass County",3,61,1862,925,937
050,38,017,"North Dakota","Cass County",3,62,1833,869,964
050,38,017,"North Dakota","Cass County",3,63,1806,864,942
050,38,017,"North Dakota","Cass County",3,64,1786,858,928
050,38,017,"North Dakota","Cass County",3,65,1741,851,890
050,38,017,"North Dakota","Cass County",3,66,1732,846,886
050,38,017,"North Dakota","Cass County",3,67,1671,822,849
050,38,017,"North Dakota","Cass County",3,68,1602,784,818
050,38,017,"North Dakota","Cass County",3,69,1593,773,820
050,38,017,"North Dakota","Cass County",3,70,1413,675,738
050,38,017,"North Dakota","Cass County",3,71,1290,621,669
050,38,017,"North Dakota","Cass County",3,72,1190,596,594
050,38,017,"North Dakota","Cass County",3,73,1184,606,578
050,38,017,"North Dakota","Cass County",3,74,1248,609,639
050,38,017,"North Dakota","Cass County",3,75,841,387,454
050,38,017,"North Dakota","Cass County",3,76,784,353,431
050,38,017,"North Dakota","Cass County",3,77,748,354,394
050,38,017,"North Dakota","Cass County",3,78,730,338,392
050,38,017,"North Dakota","Cass County",3,79,621,275,346
050,38,017,"North Dakota","Cass County",3,80,557,238,319
050,38,017,"North Dakota","Cass County",3,81,513,207,306
050,38,017,"North Dakota","Cass County",3,82,469,181,288
050,38,017,"North Dakota","Cass County",3,83,453,168,285
050,38,017,"North Dakota","Cass County",3,84,445,174,271
050,38,017,"North Dakota","Cass County",3,85,3139,1096,2043
050,38,017,"North Dakota","Cass County",4,0,2422,1193,1229
050,38,017,"North Dakota","Cass County",4,1,2424,1204,1220
050,38,017,"North Dakota","Cass County",4,2,2399,1235,1164
050,38,017,"North Dakota","Cass County",4,3,2384,1231,1153
050,38,017,"North Dakota","Cass County",4,4,2377,1218,1159
050,38,017,"North Dakota","Cass County",4,5,2479,1287,1192
050,38,017,"North Dakota","Cass County",4,6,2507,1266,1241
050,38,017,"North Dakota","Cass County",4,7,2448,1242,1206
050,38,017,"North Dakota","Cass County",4,8,2447,1269,1178
050,38,017,"North Dakota","Cass County",4,9,2434,1252,1182
050,38,017,"North Dakota","Cass County",4,10,2421,1228,1193
050,38,017,"North Dakota","Cass County",4,11,2329,1187,1142
050,38,017,"North Dakota","Cass County",4,12,2295,1159,1136
050,38,017,"North Dakota","Cass County",4,13,2284,1158,1126
050,38,017,"North Dakota","Cass County",4,14,2367,1195,1172
050,38,017,"North Dakota","Cass County",4,15,2324,1200,1124
050,38,017,"North Dakota","Cass County",4,16,2243,1153,1090
050,38,017,"North Dakota","Cass County",4,17,2145,1074,1071
050,38,017,"North Dakota","Cass County",4,18,3290,1573,1717
050,38,017,"North Dakota","Cass County",4,19,4942,2720,2222
050,38,017,"North Dakota","Cass County",4,20,4018,1799,2219
050,38,017,"North Dakota","Cass County",4,21,4208,2090,2118
050,38,017,"North Dakota","Cass County",4,22,4446,2322,2124
050,38,017,"North Dakota","Cass County",4,23,4288,2312,1976
050,38,017,"North Dakota","Cass County",4,24,3806,2005,1801
050,38,017,"North Dakota","Cass County",4,25,3438,1802,1636
050,38,017,"North Dakota","Cass County",4,26,3231,1653,1578
050,38,017,"North Dakota","Cass County",4,27,3099,1572,1527
050,38,017,"North Dakota","Cass County",4,28,3156,1594,1562
050,38,017,"North Dakota","Cass County",4,29,3090,1577,1513
050,38,017,"North Dakota","Cass County",4,30,3220,1696,1524
050,38,017,"North Dakota","Cass County",4,31,3138,1632,1506
050,38,017,"North Dakota","Cass County",4,32,3167,1696,1471
050,38,017,"North Dakota","Cass County",4,33,2999,1589,1410
050,38,017,"North Dakota","Cass County",4,34,2890,1558,1332
050,38,017,"North Dakota","Cass County",4,35,2827,1501,1326
050,38,017,"North Dakota","Cass County",4,36,2837,1458,1379
050,38,017,"North Dakota","Cass County",4,37,2872,1532,1340
050,38,017,"North Dakota","Cass County",4,38,2769,1481,1288
050,38,017,"North Dakota","Cass County",4,39,2795,1516,1279
050,38,017,"North Dakota","Cass County",4,40,2778,1493,1285
050,38,017,"North Dakota","Cass County",4,41,2687,1408,1279
050,38,017,"North Dakota","Cass County",4,42,2566,1362,1204
050,38,017,"North Dakota","Cass County",4,43,2409,1278,1131
050,38,017,"North Dakota","Cass County",4,44,2319,1260,1059
050,38,017,"North Dakota","Cass County",4,45,2150,1148,1002
050,38,017,"North Dakota","Cass County",4,46,2043,1077,966
050,38,017,"North Dakota","Cass County",4,47,1992,1047,945
050,38,017,"North Dakota","Cass County",4,48,1871,965,906
050,38,017,"North Dakota","Cass County",4,49,1839,964,875
050,38,017,"North Dakota","Cass County",4,50,1834,970,864
050,38,017,"North Dakota","Cass County",4,51,1928,1019,909
050,38,017,"North Dakota","Cass County",4,52,1909,992,917
050,38,017,"North Dakota","Cass County",4,53,1902,986,916
050,38,017,"North Dakota","Cass County",4,54,1832,960,872
050,38,017,"North Dakota","Cass County",4,55,1759,900,859
050,38,017,"North Dakota","Cass County",4,56,1816,919,897
050,38,017,"North Dakota","Cass County",4,57,1887,993,894
050,38,017,"North Dakota","Cass County",4,58,1843,975,868
050,38,017,"North Dakota","Cass County",4,59,1864,955,909
050,38,017,"North Dakota","Cass County",4,60,1911,953,958
050,38,017,"North Dakota","Cass County",4,61,1905,961,944
050,38,017,"North Dakota","Cass County",4,62,1844,907,937
050,38,017,"North Dakota","Cass County",4,63,1835,868,967
050,38,017,"North Dakota","Cass County",4,64,1797,852,945
050,38,017,"North Dakota","Cass County",4,65,1783,861,922
050,38,017,"North Dakota","Cass County",4,66,1716,821,895
050,38,017,"North Dakota","Cass County",4,67,1724,841,883
050,38,017,"North Dakota","Cass County",4,68,1638,789,849
050,38,017,"North Dakota","Cass County",4,69,1597,778,819
050,38,017,"North Dakota","Cass County",4,70,1582,759,823
050,38,017,"North Dakota","Cass County",4,71,1411,683,728
050,38,017,"North Dakota","Cass County",4,72,1255,599,656
050,38,017,"North Dakota","Cass County",4,73,1195,590,605
050,38,017,"North Dakota","Cass County",4,74,1159,593,566
050,38,017,"North Dakota","Cass County",4,75,1230,592,638
050,38,017,"North Dakota","Cass County",4,76,810,369,441
050,38,017,"North Dakota","Cass County",4,77,763,339,424
050,38,017,"North Dakota","Cass County",4,78,731,342,389
050,38,017,"North Dakota","Cass County",4,79,715,324,391
050,38,017,"North Dakota","Cass County",4,80,601,261,340
050,38,017,"North Dakota","Cass County",4,81,529,220,309
050,38,017,"North Dakota","Cass County",4,82,483,200,283
050,38,017,"North Dakota","Cass County",4,83,449,174,275
050,38,017,"North Dakota","Cass County",4,84,428,153,275
050,38,017,"North Dakota","Cass County",4,85,3139,1073,2066
050,38,017,"North Dakota","Cass County",5,0,2397,1184,1213
050,38,017,"North Dakota","Cass County",5,1,2460,1223,1237
050,38,017,"North Dakota","Cass County",5,2,2454,1214,1240
050,38,017,"North Dakota","Cass County",5,3,2393,1238,1155
050,38,017,"North Dakota","Cass County",5,4,2411,1253,1158
050,38,017,"North Dakota","Cass County",5,5,2455,1244,1211
050,38,017,"North Dakota","Cass County",5,6,2498,1301,1197
050,38,017,"North Dakota","Cass County",5,7,2489,1285,1204
050,38,017,"North Dakota","Cass County",5,8,2481,1262,1219
050,38,017,"North Dakota","Cass County",5,9,2488,1295,1193
050,38,017,"North Dakota","Cass County",5,10,2475,1257,1218
050,38,017,"North Dakota","Cass County",5,11,2443,1230,1213
050,38,017,"North Dakota","Cass County",5,12,2314,1185,1129
050,38,017,"North Dakota","Cass County",5,13,2281,1151,1130
050,38,017,"North Dakota","Cass County",5,14,2317,1180,1137
050,38,017,"North Dakota","Cass County",5,15,2391,1205,1186
050,38,017,"North Dakota","Cass County",5,16,2371,1199,1172
050,38,017,"North Dakota","Cass County",5,17,2289,1190,1099
050,38,017,"North Dakota","Cass County",5,18,3313,1624,1689
050,38,017,"North Dakota","Cass County",5,19,4995,2721,2274
050,38,017,"North Dakota","Cass County",5,20,4111,1856,2255
050,38,017,"North Dakota","Cass County",5,21,4203,2039,2164
050,38,017,"North Dakota","Cass County",5,22,4485,2316,2169
050,38,017,"North Dakota","Cass County",5,23,4305,2282,2023
050,38,017,"North Dakota","Cass County",5,24,3883,2053,1830
050,38,017,"North Dakota","Cass County",5,25,3658,1956,1702
050,38,017,"North Dakota","Cass County",5,26,3312,1736,1576
050,38,017,"North Dakota","Cass County",5,27,3085,1562,1523
050,38,017,"North Dakota","Cass County",5,28,3122,1574,1548
050,38,017,"North Dakota","Cass County",5,29,3165,1611,1554
050,38,017,"North Dakota","Cass County",5,30,3158,1634,1524
050,38,017,"North Dakota","Cass County",5,31,3231,1709,1522
050,38,017,"North Dakota","Cass County",5,32,3140,1619,1521
050,38,017,"North Dakota","Cass County",5,33,3200,1729,1471
050,38,017,"North Dakota","Cass County",5,34,3058,1631,1427
050,38,017,"North Dakota","Cass County",5,35,2934,1573,1361
050,38,017,"North Dakota","Cass County",5,36,2820,1492,1328
050,38,017,"North Dakota","Cass County",5,37,2826,1479,1347
050,38,017,"North Dakota","Cass County",5,38,2847,1519,1328
050,38,017,"North Dakota","Cass County",5,39,2753,1476,1277
050,38,017,"North Dakota","Cass County",5,40,2780,1500,1280
050,38,017,"North Dakota","Cass County",5,41,2778,1496,1282
050,38,017,"North Dakota","Cass County",5,42,2715,1424,1291
050,38,017,"North Dakota","Cass County",5,43,2542,1340,1202
050,38,017,"North Dakota","Cass County",5,44,2397,1272,1125
050,38,017,"North Dakota","Cass County",5,45,2322,1255,1067
050,38,017,"North Dakota","Cass County",5,46,2124,1123,1001
050,38,017,"North Dakota","Cass County",5,47,2052,1082,970
050,38,017,"North Dakota","Cass County",5,48,2007,1070,937
050,38,017,"North Dakota","Cass County",5,49,1866,954,912
050,38,017,"North Dakota","Cass County",5,50,1807,946,861
050,38,017,"North Dakota","Cass County",5,51,1870,987,883
050,38,017,"North Dakota","Cass County",5,52,1934,1021,913
050,38,017,"North Dakota","Cass County",5,53,1907,987,920
050,38,017,"North Dakota","Cass County",5,54,1929,995,934
050,38,017,"North Dakota","Cass County",5,55,1827,960,867
050,38,017,"North Dakota","Cass County",5,56,1786,886,900
050,38,017,"North Dakota","Cass County",5,57,1860,948,912
050,38,017,"North Dakota","Cass County",5,58,1875,995,880
050,38,017,"North Dakota","Cass County",5,59,1834,951,883
050,38,017,"North Dakota","Cass County",5,60,1847,938,909
050,38,017,"North Dakota","Cass County",5,61,1919,974,945
050,38,017,"North Dakota","Cass County",5,62,1872,944,928
050,38,017,"North Dakota","Cass County",5,63,1832,901,931
050,38,017,"North Dakota","Cass County",5,64,1796,840,956
050,38,017,"North Dakota","Cass County",5,65,1799,865,934
050,38,017,"North Dakota","Cass County",5,66,1763,841,922
050,38,017,"North Dakota","Cass County",5,67,1708,822,886
050,38,017,"North Dakota","Cass County",5,68,1678,805,873
050,38,017,"North Dakota","Cass County",5,69,1626,796,830
050,38,017,"North Dakota","Cass County",5,70,1582,761,821
050,38,017,"North Dakota","Cass County",5,71,1561,756,805
050,38,017,"North Dakota","Cass County",5,72,1370,667,703
050,38,017,"North Dakota","Cass County",5,73,1261,597,664
050,38,017,"North Dakota","Cass County",5,74,1166,571,595
050,38,017,"North Dakota","Cass County",5,75,1141,582,559
050,38,017,"North Dakota","Cass County",5,76,1194,573,621
050,38,017,"North Dakota","Cass County",5,77,776,347,429
050,38,017,"North Dakota","Cass County",5,78,760,328,432
050,38,017,"North Dakota","Cass County",5,79,688,320,368
050,38,017,"North Dakota","Cass County",5,80,697,311,386
050,38,017,"North Dakota","Cass County",5,81,571,246,325
050,38,017,"North Dakota","Cass County",5,82,503,210,293
050,38,017,"North Dakota","Cass County",5,83,460,187,273
050,38,017,"North Dakota","Cass County",5,84,429,163,266
050,38,017,"North Dakota","Cass County",5,85,3140,1048,2092
050,38,019,"North Dakota","Cavalier County",1,0,44,23,21
050,38,019,"North Dakota","Cavalier County",1,1,48,24,24
050,38,019,"North Dakota","Cavalier County",1,2,61,31,30
050,38,019,"North Dakota","Cavalier County",1,3,63,34,29
050,38,019,"North Dakota","Cavalier County",1,4,48,25,23
050,38,019,"North Dakota","Cavalier County",1,5,50,19,31
050,38,019,"North Dakota","Cavalier County",1,6,41,25,16
050,38,019,"North Dakota","Cavalier County",1,7,40,17,23
050,38,019,"North Dakota","Cavalier County",1,8,43,24,19
050,38,019,"North Dakota","Cavalier County",1,9,54,35,19
050,38,019,"North Dakota","Cavalier County",1,10,42,25,17
050,38,019,"North Dakota","Cavalier County",1,11,35,18,17
050,38,019,"North Dakota","Cavalier County",1,12,45,22,23
050,38,019,"North Dakota","Cavalier County",1,13,45,22,23
050,38,019,"North Dakota","Cavalier County",1,14,44,24,20
050,38,019,"North Dakota","Cavalier County",1,15,44,25,19
050,38,019,"North Dakota","Cavalier County",1,16,47,26,21
050,38,019,"North Dakota","Cavalier County",1,17,47,23,24
050,38,019,"North Dakota","Cavalier County",1,18,40,22,18
050,38,019,"North Dakota","Cavalier County",1,19,24,11,13
050,38,019,"North Dakota","Cavalier County",1,20,27,18,9
050,38,019,"North Dakota","Cavalier County",1,21,31,17,14
050,38,019,"North Dakota","Cavalier County",1,22,38,17,21
050,38,019,"North Dakota","Cavalier County",1,23,36,17,19
050,38,019,"North Dakota","Cavalier County",1,24,39,22,17
050,38,019,"North Dakota","Cavalier County",1,25,38,21,17
050,38,019,"North Dakota","Cavalier County",1,26,42,24,18
050,38,019,"North Dakota","Cavalier County",1,27,35,15,20
050,38,019,"North Dakota","Cavalier County",1,28,40,18,22
050,38,019,"North Dakota","Cavalier County",1,29,29,16,13
050,38,019,"North Dakota","Cavalier County",1,30,35,20,15
050,38,019,"North Dakota","Cavalier County",1,31,29,18,11
050,38,019,"North Dakota","Cavalier County",1,32,31,19,12
050,38,019,"North Dakota","Cavalier County",1,33,29,17,12
050,38,019,"North Dakota","Cavalier County",1,34,41,25,16
050,38,019,"North Dakota","Cavalier County",1,35,51,27,24
050,38,019,"North Dakota","Cavalier County",1,36,39,22,17
050,38,019,"North Dakota","Cavalier County",1,37,33,15,18
050,38,019,"North Dakota","Cavalier County",1,38,31,16,15
050,38,019,"North Dakota","Cavalier County",1,39,33,18,15
050,38,019,"North Dakota","Cavalier County",1,40,32,16,16
050,38,019,"North Dakota","Cavalier County",1,41,32,16,16
050,38,019,"North Dakota","Cavalier County",1,42,33,16,17
050,38,019,"North Dakota","Cavalier County",1,43,38,21,17
050,38,019,"North Dakota","Cavalier County",1,44,33,18,15
050,38,019,"North Dakota","Cavalier County",1,45,32,19,13
050,38,019,"North Dakota","Cavalier County",1,46,30,16,14
050,38,019,"North Dakota","Cavalier County",1,47,34,19,15
050,38,019,"North Dakota","Cavalier County",1,48,31,16,15
050,38,019,"North Dakota","Cavalier County",1,49,43,25,18
050,38,019,"North Dakota","Cavalier County",1,50,36,19,17
050,38,019,"North Dakota","Cavalier County",1,51,39,20,19
050,38,019,"North Dakota","Cavalier County",1,52,41,22,19
050,38,019,"North Dakota","Cavalier County",1,53,39,22,17
050,38,019,"North Dakota","Cavalier County",1,54,48,21,27
050,38,019,"North Dakota","Cavalier County",1,55,43,20,23
050,38,019,"North Dakota","Cavalier County",1,56,48,25,23
050,38,019,"North Dakota","Cavalier County",1,57,61,32,29
050,38,019,"North Dakota","Cavalier County",1,58,58,31,27
050,38,019,"North Dakota","Cavalier County",1,59,57,34,23
050,38,019,"North Dakota","Cavalier County",1,60,68,35,33
050,38,019,"North Dakota","Cavalier County",1,61,60,31,29
050,38,019,"North Dakota","Cavalier County",1,62,55,32,23
050,38,019,"North Dakota","Cavalier County",1,63,58,37,21
050,38,019,"North Dakota","Cavalier County",1,64,58,34,24
050,38,019,"North Dakota","Cavalier County",1,65,56,32,24
050,38,019,"North Dakota","Cavalier County",1,66,58,31,27
050,38,019,"North Dakota","Cavalier County",1,67,59,31,28
050,38,019,"North Dakota","Cavalier County",1,68,62,31,31
050,38,019,"North Dakota","Cavalier County",1,69,49,27,22
050,38,019,"North Dakota","Cavalier County",1,70,53,30,23
050,38,019,"North Dakota","Cavalier County",1,71,53,26,27
050,38,019,"North Dakota","Cavalier County",1,72,54,30,24
050,38,019,"North Dakota","Cavalier County",1,73,45,26,19
050,38,019,"North Dakota","Cavalier County",1,74,36,20,16
050,38,019,"North Dakota","Cavalier County",1,75,39,20,19
050,38,019,"North Dakota","Cavalier County",1,76,40,18,22
050,38,019,"North Dakota","Cavalier County",1,77,38,18,20
050,38,019,"North Dakota","Cavalier County",1,78,35,19,16
050,38,019,"North Dakota","Cavalier County",1,79,28,14,14
050,38,019,"North Dakota","Cavalier County",1,80,29,14,15
050,38,019,"North Dakota","Cavalier County",1,81,31,13,18
050,38,019,"North Dakota","Cavalier County",1,82,27,11,16
050,38,019,"North Dakota","Cavalier County",1,83,27,11,16
050,38,019,"North Dakota","Cavalier County",1,84,29,12,17
050,38,019,"North Dakota","Cavalier County",1,85,149,58,91
050,38,019,"North Dakota","Cavalier County",2,0,46,25,21
050,38,019,"North Dakota","Cavalier County",2,1,46,23,23
050,38,019,"North Dakota","Cavalier County",2,2,59,30,29
050,38,019,"North Dakota","Cavalier County",2,3,62,33,29
050,38,019,"North Dakota","Cavalier County",2,4,52,27,25
050,38,019,"North Dakota","Cavalier County",2,5,51,21,30
050,38,019,"North Dakota","Cavalier County",2,6,44,24,20
050,38,019,"North Dakota","Cavalier County",2,7,41,19,22
050,38,019,"North Dakota","Cavalier County",2,8,40,22,18
050,38,019,"North Dakota","Cavalier County",2,9,51,32,19
050,38,019,"North Dakota","Cavalier County",2,10,44,26,18
050,38,019,"North Dakota","Cavalier County",2,11,35,19,16
050,38,019,"North Dakota","Cavalier County",2,12,42,21,21
050,38,019,"North Dakota","Cavalier County",2,13,46,22,24
050,38,019,"North Dakota","Cavalier County",2,14,43,23,20
050,38,019,"North Dakota","Cavalier County",2,15,44,25,19
050,38,019,"North Dakota","Cavalier County",2,16,46,26,20
050,38,019,"North Dakota","Cavalier County",2,17,46,23,23
050,38,019,"North Dakota","Cavalier County",2,18,38,21,17
050,38,019,"North Dakota","Cavalier County",2,19,26,12,14
050,38,019,"North Dakota","Cavalier County",2,20,27,17,10
050,38,019,"North Dakota","Cavalier County",2,21,31,17,14
050,38,019,"North Dakota","Cavalier County",2,22,38,18,20
050,38,019,"North Dakota","Cavalier County",2,23,37,17,20
050,38,019,"North Dakota","Cavalier County",2,24,38,20,18
050,38,019,"North Dakota","Cavalier County",2,25,36,20,16
050,38,019,"North Dakota","Cavalier County",2,26,41,23,18
050,38,019,"North Dakota","Cavalier County",2,27,38,18,20
050,38,019,"North Dakota","Cavalier County",2,28,39,18,21
050,38,019,"North Dakota","Cavalier County",2,29,31,17,14
050,38,019,"North Dakota","Cavalier County",2,30,35,20,15
050,38,019,"North Dakota","Cavalier County",2,31,30,18,12
050,38,019,"North Dakota","Cavalier County",2,32,30,18,12
050,38,019,"North Dakota","Cavalier County",2,33,30,18,12
050,38,019,"North Dakota","Cavalier County",2,34,40,24,16
050,38,019,"North Dakota","Cavalier County",2,35,49,27,22
050,38,019,"North Dakota","Cavalier County",2,36,41,23,18
050,38,019,"North Dakota","Cavalier County",2,37,35,17,18
050,38,019,"North Dakota","Cavalier County",2,38,32,16,16
050,38,019,"North Dakota","Cavalier County",2,39,33,18,15
050,38,019,"North Dakota","Cavalier County",2,40,33,17,16
050,38,019,"North Dakota","Cavalier County",2,41,31,16,15
050,38,019,"North Dakota","Cavalier County",2,42,33,16,17
050,38,019,"North Dakota","Cavalier County",2,43,36,19,17
050,38,019,"North Dakota","Cavalier County",2,44,34,19,15
050,38,019,"North Dakota","Cavalier County",2,45,32,19,13
050,38,019,"North Dakota","Cavalier County",2,46,31,17,14
050,38,019,"North Dakota","Cavalier County",2,47,33,18,15
050,38,019,"North Dakota","Cavalier County",2,48,32,17,15
050,38,019,"North Dakota","Cavalier County",2,49,41,23,18
050,38,019,"North Dakota","Cavalier County",2,50,38,21,17
050,38,019,"North Dakota","Cavalier County",2,51,38,20,18
050,38,019,"North Dakota","Cavalier County",2,52,40,21,19
050,38,019,"North Dakota","Cavalier County",2,53,40,22,18
050,38,019,"North Dakota","Cavalier County",2,54,45,21,24
050,38,019,"North Dakota","Cavalier County",2,55,45,21,24
050,38,019,"North Dakota","Cavalier County",2,56,46,23,23
050,38,019,"North Dakota","Cavalier County",2,57,59,31,28
050,38,019,"North Dakota","Cavalier County",2,58,57,30,27
050,38,019,"North Dakota","Cavalier County",2,59,57,33,24
050,38,019,"North Dakota","Cavalier County",2,60,64,34,30
050,38,019,"North Dakota","Cavalier County",2,61,62,32,30
050,38,019,"North Dakota","Cavalier County",2,62,56,32,24
050,38,019,"North Dakota","Cavalier County",2,63,58,37,21
050,38,019,"North Dakota","Cavalier County",2,64,58,35,23
050,38,019,"North Dakota","Cavalier County",2,65,56,32,24
050,38,019,"North Dakota","Cavalier County",2,66,57,31,26
050,38,019,"North Dakota","Cavalier County",2,67,59,31,28
050,38,019,"North Dakota","Cavalier County",2,68,61,31,30
050,38,019,"North Dakota","Cavalier County",2,69,52,28,24
050,38,019,"North Dakota","Cavalier County",2,70,50,29,21
050,38,019,"North Dakota","Cavalier County",2,71,53,27,26
050,38,019,"North Dakota","Cavalier County",2,72,54,29,25
050,38,019,"North Dakota","Cavalier County",2,73,49,28,21
050,38,019,"North Dakota","Cavalier County",2,74,35,20,15
050,38,019,"North Dakota","Cavalier County",2,75,38,20,18
050,38,019,"North Dakota","Cavalier County",2,76,39,18,21
050,38,019,"North Dakota","Cavalier County",2,77,40,19,21
050,38,019,"North Dakota","Cavalier County",2,78,34,18,16
050,38,019,"North Dakota","Cavalier County",2,79,28,14,14
050,38,019,"North Dakota","Cavalier County",2,80,29,14,15
050,38,019,"North Dakota","Cavalier County",2,81,29,13,16
050,38,019,"North Dakota","Cavalier County",2,82,28,12,16
050,38,019,"North Dakota","Cavalier County",2,83,27,11,16
050,38,019,"North Dakota","Cavalier County",2,84,28,11,17
050,38,019,"North Dakota","Cavalier County",2,85,146,57,89
050,38,019,"North Dakota","Cavalier County",3,0,41,16,25
050,38,019,"North Dakota","Cavalier County",3,1,44,25,19
050,38,019,"North Dakota","Cavalier County",3,2,46,25,21
050,38,019,"North Dakota","Cavalier County",3,3,57,30,27
050,38,019,"North Dakota","Cavalier County",3,4,61,34,27
050,38,019,"North Dakota","Cavalier County",3,5,51,26,25
050,38,019,"North Dakota","Cavalier County",3,6,48,22,26
050,38,019,"North Dakota","Cavalier County",3,7,45,24,21
050,38,019,"North Dakota","Cavalier County",3,8,42,21,21
050,38,019,"North Dakota","Cavalier County",3,9,40,23,17
050,38,019,"North Dakota","Cavalier County",3,10,48,30,18
050,38,019,"North Dakota","Cavalier County",3,11,44,25,19
050,38,019,"North Dakota","Cavalier County",3,12,38,22,16
050,38,019,"North Dakota","Cavalier County",3,13,43,22,21
050,38,019,"North Dakota","Cavalier County",3,14,44,22,22
050,38,019,"North Dakota","Cavalier County",3,15,42,21,21
050,38,019,"North Dakota","Cavalier County",3,16,42,26,16
050,38,019,"North Dakota","Cavalier County",3,17,46,25,21
050,38,019,"North Dakota","Cavalier County",3,18,37,18,19
050,38,019,"North Dakota","Cavalier County",3,19,30,18,12
050,38,019,"North Dakota","Cavalier County",3,20,26,11,15
050,38,019,"North Dakota","Cavalier County",3,21,29,18,11
050,38,019,"North Dakota","Cavalier County",3,22,33,16,17
050,38,019,"North Dakota","Cavalier County",3,23,40,20,20
050,38,019,"North Dakota","Cavalier County",3,24,46,19,27
050,38,019,"North Dakota","Cavalier County",3,25,36,21,15
050,38,019,"North Dakota","Cavalier County",3,26,25,17,8
050,38,019,"North Dakota","Cavalier County",3,27,43,26,17
050,38,019,"North Dakota","Cavalier County",3,28,39,19,20
050,38,019,"North Dakota","Cavalier County",3,29,44,20,24
050,38,019,"North Dakota","Cavalier County",3,30,30,17,13
050,38,019,"North Dakota","Cavalier County",3,31,35,20,15
050,38,019,"North Dakota","Cavalier County",3,32,29,17,12
050,38,019,"North Dakota","Cavalier County",3,33,29,17,12
050,38,019,"North Dakota","Cavalier County",3,34,28,17,11
050,38,019,"North Dakota","Cavalier County",3,35,38,23,15
050,38,019,"North Dakota","Cavalier County",3,36,49,29,20
050,38,019,"North Dakota","Cavalier County",3,37,39,19,20
050,38,019,"North Dakota","Cavalier County",3,38,32,16,16
050,38,019,"North Dakota","Cavalier County",3,39,34,18,16
050,38,019,"North Dakota","Cavalier County",3,40,32,19,13
050,38,019,"North Dakota","Cavalier County",3,41,36,18,18
050,38,019,"North Dakota","Cavalier County",3,42,32,17,15
050,38,019,"North Dakota","Cavalier County",3,43,32,14,18
050,38,019,"North Dakota","Cavalier County",3,44,36,19,17
050,38,019,"North Dakota","Cavalier County",3,45,35,19,16
050,38,019,"North Dakota","Cavalier County",3,46,31,18,13
050,38,019,"North Dakota","Cavalier County",3,47,33,18,15
050,38,019,"North Dakota","Cavalier County",3,48,32,17,15
050,38,019,"North Dakota","Cavalier County",3,49,32,17,15
050,38,019,"North Dakota","Cavalier County",3,50,42,23,19
050,38,019,"North Dakota","Cavalier County",3,51,38,21,17
050,38,019,"North Dakota","Cavalier County",3,52,39,21,18
050,38,019,"North Dakota","Cavalier County",3,53,41,21,20
050,38,019,"North Dakota","Cavalier County",3,54,43,25,18
050,38,019,"North Dakota","Cavalier County",3,55,45,21,24
050,38,019,"North Dakota","Cavalier County",3,56,44,20,24
050,38,019,"North Dakota","Cavalier County",3,57,50,24,26
050,38,019,"North Dakota","Cavalier County",3,58,60,32,28
050,38,019,"North Dakota","Cavalier County",3,59,59,31,28
050,38,019,"North Dakota","Cavalier County",3,60,58,34,24
050,38,019,"North Dakota","Cavalier County",3,61,64,34,30
050,38,019,"North Dakota","Cavalier County",3,62,61,31,30
050,38,019,"North Dakota","Cavalier County",3,63,54,33,21
050,38,019,"North Dakota","Cavalier County",3,64,58,37,21
050,38,019,"North Dakota","Cavalier County",3,65,56,33,23
050,38,019,"North Dakota","Cavalier County",3,66,55,31,24
050,38,019,"North Dakota","Cavalier County",3,67,57,31,26
050,38,019,"North Dakota","Cavalier County",3,68,58,30,28
050,38,019,"North Dakota","Cavalier County",3,69,60,30,30
050,38,019,"North Dakota","Cavalier County",3,70,53,29,24
050,38,019,"North Dakota","Cavalier County",3,71,47,27,20
050,38,019,"North Dakota","Cavalier County",3,72,54,28,26
050,38,019,"North Dakota","Cavalier County",3,73,50,27,23
050,38,019,"North Dakota","Cavalier County",3,74,50,28,22
050,38,019,"North Dakota","Cavalier County",3,75,33,18,15
050,38,019,"North Dakota","Cavalier County",3,76,31,16,15
050,38,019,"North Dakota","Cavalier County",3,77,41,20,21
050,38,019,"North Dakota","Cavalier County",3,78,34,17,17
050,38,019,"North Dakota","Cavalier County",3,79,35,19,16
050,38,019,"North Dakota","Cavalier County",3,80,26,13,13
050,38,019,"North Dakota","Cavalier County",3,81,27,13,14
050,38,019,"North Dakota","Cavalier County",3,82,23,8,15
050,38,019,"North Dakota","Cavalier County",3,83,26,12,14
050,38,019,"North Dakota","Cavalier County",3,84,29,12,17
050,38,019,"North Dakota","Cavalier County",3,85,155,62,93
050,38,019,"North Dakota","Cavalier County",4,0,37,17,20
050,38,019,"North Dakota","Cavalier County",4,1,39,16,23
050,38,019,"North Dakota","Cavalier County",4,2,45,25,20
050,38,019,"North Dakota","Cavalier County",4,3,44,23,21
050,38,019,"North Dakota","Cavalier County",4,4,54,28,26
050,38,019,"North Dakota","Cavalier County",4,5,62,34,28
050,38,019,"North Dakota","Cavalier County",4,6,49,24,25
050,38,019,"North Dakota","Cavalier County",4,7,49,22,27
050,38,019,"North Dakota","Cavalier County",4,8,44,23,21
050,38,019,"North Dakota","Cavalier County",4,9,48,26,22
050,38,019,"North Dakota","Cavalier County",4,10,41,23,18
050,38,019,"North Dakota","Cavalier County",4,11,49,30,19
050,38,019,"North Dakota","Cavalier County",4,12,44,25,19
050,38,019,"North Dakota","Cavalier County",4,13,36,21,15
050,38,019,"North Dakota","Cavalier County",4,14,43,23,20
050,38,019,"North Dakota","Cavalier County",4,15,43,22,21
050,38,019,"North Dakota","Cavalier County",4,16,44,21,23
050,38,019,"North Dakota","Cavalier County",4,17,37,21,16
050,38,019,"North Dakota","Cavalier County",4,18,36,21,15
050,38,019,"North Dakota","Cavalier County",4,19,26,15,11
050,38,019,"North Dakota","Cavalier County",4,20,31,18,13
050,38,019,"North Dakota","Cavalier County",4,21,24,12,12
050,38,019,"North Dakota","Cavalier County",4,22,31,18,13
050,38,019,"North Dakota","Cavalier County",4,23,29,16,13
050,38,019,"North Dakota","Cavalier County",4,24,37,21,16
050,38,019,"North Dakota","Cavalier County",4,25,43,16,27
050,38,019,"North Dakota","Cavalier County",4,26,35,21,14
050,38,019,"North Dakota","Cavalier County",4,27,24,17,7
050,38,019,"North Dakota","Cavalier County",4,28,40,22,18
050,38,019,"North Dakota","Cavalier County",4,29,35,17,18
050,38,019,"North Dakota","Cavalier County",4,30,45,22,23
050,38,019,"North Dakota","Cavalier County",4,31,31,17,14
050,38,019,"North Dakota","Cavalier County",4,32,37,20,17
050,38,019,"North Dakota","Cavalier County",4,33,30,17,13
050,38,019,"North Dakota","Cavalier County",4,34,29,19,10
050,38,019,"North Dakota","Cavalier County",4,35,27,17,10
050,38,019,"North Dakota","Cavalier County",4,36,39,22,17
050,38,019,"North Dakota","Cavalier County",4,37,45,28,17
050,38,019,"North Dakota","Cavalier County",4,38,39,18,21
050,38,019,"North Dakota","Cavalier County",4,39,30,14,16
050,38,019,"North Dakota","Cavalier County",4,40,36,19,17
050,38,019,"North Dakota","Cavalier County",4,41,29,18,11
050,38,019,"North Dakota","Cavalier County",4,42,36,18,18
050,38,019,"North Dakota","Cavalier County",4,43,30,17,13
050,38,019,"North Dakota","Cavalier County",4,44,32,14,18
050,38,019,"North Dakota","Cavalier County",4,45,36,19,17
050,38,019,"North Dakota","Cavalier County",4,46,36,18,18
050,38,019,"North Dakota","Cavalier County",4,47,30,17,13
050,38,019,"North Dakota","Cavalier County",4,48,34,18,16
050,38,019,"North Dakota","Cavalier County",4,49,33,17,16
050,38,019,"North Dakota","Cavalier County",4,50,30,14,16
050,38,019,"North Dakota","Cavalier County",4,51,42,23,19
050,38,019,"North Dakota","Cavalier County",4,52,38,21,17
050,38,019,"North Dakota","Cavalier County",4,53,40,22,18
050,38,019,"North Dakota","Cavalier County",4,54,43,22,21
050,38,019,"North Dakota","Cavalier County",4,55,45,24,21
050,38,019,"North Dakota","Cavalier County",4,56,45,21,24
050,38,019,"North Dakota","Cavalier County",4,57,43,19,24
050,38,019,"North Dakota","Cavalier County",4,58,49,23,26
050,38,019,"North Dakota","Cavalier County",4,59,58,29,29
050,38,019,"North Dakota","Cavalier County",4,60,58,31,27
050,38,019,"North Dakota","Cavalier County",4,61,55,32,23
050,38,019,"North Dakota","Cavalier County",4,62,63,35,28
050,38,019,"North Dakota","Cavalier County",4,63,59,29,30
050,38,019,"North Dakota","Cavalier County",4,64,51,31,20
050,38,019,"North Dakota","Cavalier County",4,65,57,36,21
050,38,019,"North Dakota","Cavalier County",4,66,55,34,21
050,38,019,"North Dakota","Cavalier County",4,67,55,31,24
050,38,019,"North Dakota","Cavalier County",4,68,52,28,24
050,38,019,"North Dakota","Cavalier County",4,69,56,30,26
050,38,019,"North Dakota","Cavalier County",4,70,60,31,29
050,38,019,"North Dakota","Cavalier County",4,71,52,28,24
050,38,019,"North Dakota","Cavalier County",4,72,47,26,21
050,38,019,"North Dakota","Cavalier County",4,73,52,26,26
050,38,019,"North Dakota","Cavalier County",4,74,48,26,22
050,38,019,"North Dakota","Cavalier County",4,75,50,29,21
050,38,019,"North Dakota","Cavalier County",4,76,32,18,14
050,38,019,"North Dakota","Cavalier County",4,77,28,15,13
050,38,019,"North Dakota","Cavalier County",4,78,37,17,20
050,38,019,"North Dakota","Cavalier County",4,79,35,17,18
050,38,019,"North Dakota","Cavalier County",4,80,34,18,16
050,38,019,"North Dakota","Cavalier County",4,81,26,13,13
050,38,019,"North Dakota","Cavalier County",4,82,20,8,12
050,38,019,"North Dakota","Cavalier County",4,83,23,7,16
050,38,019,"North Dakota","Cavalier County",4,84,26,11,15
050,38,019,"North Dakota","Cavalier County",4,85,161,67,94
050,38,019,"North Dakota","Cavalier County",5,0,35,16,19
050,38,019,"North Dakota","Cavalier County",5,1,39,19,20
050,38,019,"North Dakota","Cavalier County",5,2,39,18,21
050,38,019,"North Dakota","Cavalier County",5,3,44,26,18
050,38,019,"North Dakota","Cavalier County",5,4,49,27,22
050,38,019,"North Dakota","Cavalier County",5,5,58,29,29
050,38,019,"North Dakota","Cavalier County",5,6,66,38,28
050,38,019,"North Dakota","Cavalier County",5,7,48,24,24
050,38,019,"North Dakota","Cavalier County",5,8,50,23,27
050,38,019,"North Dakota","Cavalier County",5,9,44,23,21
050,38,019,"North Dakota","Cavalier County",5,10,44,23,21
050,38,019,"North Dakota","Cavalier County",5,11,40,22,18
050,38,019,"North Dakota","Cavalier County",5,12,54,33,21
050,38,019,"North Dakota","Cavalier County",5,13,44,24,20
050,38,019,"North Dakota","Cavalier County",5,14,39,24,15
050,38,019,"North Dakota","Cavalier County",5,15,43,22,21
050,38,019,"North Dakota","Cavalier County",5,16,44,22,22
050,38,019,"North Dakota","Cavalier County",5,17,44,21,23
050,38,019,"North Dakota","Cavalier County",5,18,33,20,13
050,38,019,"North Dakota","Cavalier County",5,19,26,14,12
050,38,019,"North Dakota","Cavalier County",5,20,27,16,11
050,38,019,"North Dakota","Cavalier County",5,21,36,20,16
050,38,019,"North Dakota","Cavalier County",5,22,25,13,12
050,38,019,"North Dakota","Cavalier County",5,23,32,18,14
050,38,019,"North Dakota","Cavalier County",5,24,29,16,13
050,38,019,"North Dakota","Cavalier County",5,25,35,21,14
050,38,019,"North Dakota","Cavalier County",5,26,42,18,24
050,38,019,"North Dakota","Cavalier County",5,27,36,21,15
050,38,019,"North Dakota","Cavalier County",5,28,24,14,10
050,38,019,"North Dakota","Cavalier County",5,29,38,20,18
050,38,019,"North Dakota","Cavalier County",5,30,34,16,18
050,38,019,"North Dakota","Cavalier County",5,31,49,24,25
050,38,019,"North Dakota","Cavalier County",5,32,30,16,14
050,38,019,"North Dakota","Cavalier County",5,33,40,23,17
050,38,019,"North Dakota","Cavalier County",5,34,30,16,14
050,38,019,"North Dakota","Cavalier County",5,35,30,20,10
050,38,019,"North Dakota","Cavalier County",5,36,26,15,11
050,38,019,"North Dakota","Cavalier County",5,37,41,23,18
050,38,019,"North Dakota","Cavalier County",5,38,45,27,18
050,38,019,"North Dakota","Cavalier County",5,39,37,18,19
050,38,019,"North Dakota","Cavalier County",5,40,30,15,15
050,38,019,"North Dakota","Cavalier County",5,41,35,19,16
050,38,019,"North Dakota","Cavalier County",5,42,30,19,11
050,38,019,"North Dakota","Cavalier County",5,43,36,18,18
050,38,019,"North Dakota","Cavalier County",5,44,30,17,13
050,38,019,"North Dakota","Cavalier County",5,45,32,14,18
050,38,019,"North Dakota","Cavalier County",5,46,34,18,16
050,38,019,"North Dakota","Cavalier County",5,47,38,20,18
050,38,019,"North Dakota","Cavalier County",5,48,30,17,13
050,38,019,"North Dakota","Cavalier County",5,49,33,16,17
050,38,019,"North Dakota","Cavalier County",5,50,33,17,16
050,38,019,"North Dakota","Cavalier County",5,51,30,14,16
050,38,019,"North Dakota","Cavalier County",5,52,40,21,19
050,38,019,"North Dakota","Cavalier County",5,53,41,24,17
050,38,019,"North Dakota","Cavalier County",5,54,41,23,18
050,38,019,"North Dakota","Cavalier County",5,55,43,24,19
050,38,019,"North Dakota","Cavalier County",5,56,45,23,22
050,38,019,"North Dakota","Cavalier County",5,57,44,21,23
050,38,019,"North Dakota","Cavalier County",5,58,42,18,24
050,38,019,"North Dakota","Cavalier County",5,59,50,23,27
050,38,019,"North Dakota","Cavalier County",5,60,58,29,29
050,38,019,"North Dakota","Cavalier County",5,61,58,31,27
050,38,019,"North Dakota","Cavalier County",5,62,53,30,23
050,38,019,"North Dakota","Cavalier County",5,63,61,34,27
050,38,019,"North Dakota","Cavalier County",5,64,59,29,30
050,38,019,"North Dakota","Cavalier County",5,65,47,29,18
050,38,019,"North Dakota","Cavalier County",5,66,54,34,20
050,38,019,"North Dakota","Cavalier County",5,67,55,34,21
050,38,019,"North Dakota","Cavalier County",5,68,55,31,24
050,38,019,"North Dakota","Cavalier County",5,69,53,29,24
050,38,019,"North Dakota","Cavalier County",5,70,54,31,23
050,38,019,"North Dakota","Cavalier County",5,71,56,28,28
050,38,019,"North Dakota","Cavalier County",5,72,52,28,24
050,38,019,"North Dakota","Cavalier County",5,73,44,24,20
050,38,019,"North Dakota","Cavalier County",5,74,49,24,25
050,38,019,"North Dakota","Cavalier County",5,75,47,25,22
050,38,019,"North Dakota","Cavalier County",5,76,48,28,20
050,38,019,"North Dakota","Cavalier County",5,77,33,19,14
050,38,019,"North Dakota","Cavalier County",5,78,24,12,12
050,38,019,"North Dakota","Cavalier County",5,79,38,18,20
050,38,019,"North Dakota","Cavalier County",5,80,34,17,17
050,38,019,"North Dakota","Cavalier County",5,81,31,18,13
050,38,019,"North Dakota","Cavalier County",5,82,20,10,10
050,38,019,"North Dakota","Cavalier County",5,83,19,8,11
050,38,019,"North Dakota","Cavalier County",5,84,22,6,16
050,38,019,"North Dakota","Cavalier County",5,85,166,71,95
050,38,021,"North Dakota","Dickey County",1,0,56,29,27
050,38,021,"North Dakota","Dickey County",1,1,63,32,31
050,38,021,"North Dakota","Dickey County",1,2,56,30,26
050,38,021,"North Dakota","Dickey County",1,3,53,29,24
050,38,021,"North Dakota","Dickey County",1,4,72,29,43
050,38,021,"North Dakota","Dickey County",1,5,59,29,30
050,38,021,"North Dakota","Dickey County",1,6,65,34,31
050,38,021,"North Dakota","Dickey County",1,7,66,40,26
050,38,021,"North Dakota","Dickey County",1,8,46,21,25
050,38,021,"North Dakota","Dickey County",1,9,52,26,26
050,38,021,"North Dakota","Dickey County",1,10,72,43,29
050,38,021,"North Dakota","Dickey County",1,11,72,39,33
050,38,021,"North Dakota","Dickey County",1,12,80,42,38
050,38,021,"North Dakota","Dickey County",1,13,78,38,40
050,38,021,"North Dakota","Dickey County",1,14,81,42,39
050,38,021,"North Dakota","Dickey County",1,15,73,35,38
050,38,021,"North Dakota","Dickey County",1,16,65,34,31
050,38,021,"North Dakota","Dickey County",1,17,79,47,32
050,38,021,"North Dakota","Dickey County",1,18,75,36,39
050,38,021,"North Dakota","Dickey County",1,19,112,55,57
050,38,021,"North Dakota","Dickey County",1,20,76,29,47
050,38,021,"North Dakota","Dickey County",1,21,81,44,37
050,38,021,"North Dakota","Dickey County",1,22,72,39,33
050,38,021,"North Dakota","Dickey County",1,23,80,45,35
050,38,021,"North Dakota","Dickey County",1,24,65,38,27
050,38,021,"North Dakota","Dickey County",1,25,57,34,23
050,38,021,"North Dakota","Dickey County",1,26,54,26,28
050,38,021,"North Dakota","Dickey County",1,27,48,23,25
050,38,021,"North Dakota","Dickey County",1,28,50,27,23
050,38,021,"North Dakota","Dickey County",1,29,49,28,21
050,38,021,"North Dakota","Dickey County",1,30,48,27,21
050,38,021,"North Dakota","Dickey County",1,31,44,22,22
050,38,021,"North Dakota","Dickey County",1,32,50,30,20
050,38,021,"North Dakota","Dickey County",1,33,51,29,22
050,38,021,"North Dakota","Dickey County",1,34,42,23,19
050,38,021,"North Dakota","Dickey County",1,35,60,29,31
050,38,021,"North Dakota","Dickey County",1,36,57,28,29
050,38,021,"North Dakota","Dickey County",1,37,59,31,28
050,38,021,"North Dakota","Dickey County",1,38,51,24,27
050,38,021,"North Dakota","Dickey County",1,39,56,27,29
050,38,021,"North Dakota","Dickey County",1,40,58,34,24
050,38,021,"North Dakota","Dickey County",1,41,53,30,23
050,38,021,"North Dakota","Dickey County",1,42,58,30,28
050,38,021,"North Dakota","Dickey County",1,43,60,32,28
050,38,021,"North Dakota","Dickey County",1,44,47,28,19
050,38,021,"North Dakota","Dickey County",1,45,46,27,19
050,38,021,"North Dakota","Dickey County",1,46,54,26,28
050,38,021,"North Dakota","Dickey County",1,47,48,27,21
050,38,021,"North Dakota","Dickey County",1,48,52,23,29
050,38,021,"North Dakota","Dickey County",1,49,60,25,35
050,38,021,"North Dakota","Dickey County",1,50,54,31,23
050,38,021,"North Dakota","Dickey County",1,51,57,28,29
050,38,021,"North Dakota","Dickey County",1,52,59,32,27
050,38,021,"North Dakota","Dickey County",1,53,56,32,24
050,38,021,"North Dakota","Dickey County",1,54,51,27,24
050,38,021,"North Dakota","Dickey County",1,55,61,33,28
050,38,021,"North Dakota","Dickey County",1,56,60,26,34
050,38,021,"North Dakota","Dickey County",1,57,68,30,38
050,38,021,"North Dakota","Dickey County",1,58,67,33,34
050,38,021,"North Dakota","Dickey County",1,59,69,37,32
050,38,021,"North Dakota","Dickey County",1,60,69,39,30
050,38,021,"North Dakota","Dickey County",1,61,78,43,35
050,38,021,"North Dakota","Dickey County",1,62,72,34,38
050,38,021,"North Dakota","Dickey County",1,63,75,38,37
050,38,021,"North Dakota","Dickey County",1,64,80,39,41
050,38,021,"North Dakota","Dickey County",1,65,68,33,35
050,38,021,"North Dakota","Dickey County",1,66,64,34,30
050,38,021,"North Dakota","Dickey County",1,67,55,29,26
050,38,021,"North Dakota","Dickey County",1,68,55,29,26
050,38,021,"North Dakota","Dickey County",1,69,50,27,23
050,38,021,"North Dakota","Dickey County",1,70,48,25,23
050,38,021,"North Dakota","Dickey County",1,71,39,19,20
050,38,021,"North Dakota","Dickey County",1,72,45,27,18
050,38,021,"North Dakota","Dickey County",1,73,46,25,21
050,38,021,"North Dakota","Dickey County",1,74,36,16,20
050,38,021,"North Dakota","Dickey County",1,75,42,20,22
050,38,021,"North Dakota","Dickey County",1,76,43,21,22
050,38,021,"North Dakota","Dickey County",1,77,38,18,20
050,38,021,"North Dakota","Dickey County",1,78,29,11,18
050,38,021,"North Dakota","Dickey County",1,79,35,17,18
050,38,021,"North Dakota","Dickey County",1,80,32,14,18
050,38,021,"North Dakota","Dickey County",1,81,27,11,16
050,38,021,"North Dakota","Dickey County",1,82,27,13,14
050,38,021,"North Dakota","Dickey County",1,83,24,10,14
050,38,021,"North Dakota","Dickey County",1,84,17,5,12
050,38,021,"North Dakota","Dickey County",1,85,140,51,89
050,38,021,"North Dakota","Dickey County",2,0,59,27,32
050,38,021,"North Dakota","Dickey County",2,1,62,31,31
050,38,021,"North Dakota","Dickey County",2,2,56,30,26
050,38,021,"North Dakota","Dickey County",2,3,53,29,24
050,38,021,"North Dakota","Dickey County",2,4,67,28,39
050,38,021,"North Dakota","Dickey County",2,5,60,28,32
050,38,021,"North Dakota","Dickey County",2,6,63,32,31
050,38,021,"North Dakota","Dickey County",2,7,65,38,27
050,38,021,"North Dakota","Dickey County",2,8,49,24,25
050,38,021,"North Dakota","Dickey County",2,9,48,24,24
050,38,021,"North Dakota","Dickey County",2,10,67,39,28
050,38,021,"North Dakota","Dickey County",2,11,71,39,32
050,38,021,"North Dakota","Dickey County",2,12,78,41,37
050,38,021,"North Dakota","Dickey County",2,13,77,39,38
050,38,021,"North Dakota","Dickey County",2,14,78,39,39
050,38,021,"North Dakota","Dickey County",2,15,76,37,39
050,38,021,"North Dakota","Dickey County",2,16,67,34,33
050,38,021,"North Dakota","Dickey County",2,17,76,44,32
050,38,021,"North Dakota","Dickey County",2,18,76,39,37
050,38,021,"North Dakota","Dickey County",2,19,110,53,57
050,38,021,"North Dakota","Dickey County",2,20,78,30,48
050,38,021,"North Dakota","Dickey County",2,21,83,43,40
050,38,021,"North Dakota","Dickey County",2,22,70,39,31
050,38,021,"North Dakota","Dickey County",2,23,76,42,34
050,38,021,"North Dakota","Dickey County",2,24,64,38,26
050,38,021,"North Dakota","Dickey County",2,25,58,34,24
050,38,021,"North Dakota","Dickey County",2,26,54,28,26
050,38,021,"North Dakota","Dickey County",2,27,50,24,26
050,38,021,"North Dakota","Dickey County",2,28,49,26,23
050,38,021,"North Dakota","Dickey County",2,29,48,27,21
050,38,021,"North Dakota","Dickey County",2,30,48,27,21
050,38,021,"North Dakota","Dickey County",2,31,47,25,22
050,38,021,"North Dakota","Dickey County",2,32,47,27,20
050,38,021,"North Dakota","Dickey County",2,33,51,29,22
050,38,021,"North Dakota","Dickey County",2,34,45,25,20
050,38,021,"North Dakota","Dickey County",2,35,56,28,28
050,38,021,"North Dakota","Dickey County",2,36,56,27,29
050,38,021,"North Dakota","Dickey County",2,37,59,30,29
050,38,021,"North Dakota","Dickey County",2,38,53,26,27
050,38,021,"North Dakota","Dickey County",2,39,54,26,28
050,38,021,"North Dakota","Dickey County",2,40,57,32,25
050,38,021,"North Dakota","Dickey County",2,41,53,30,23
050,38,021,"North Dakota","Dickey County",2,42,57,30,27
050,38,021,"North Dakota","Dickey County",2,43,59,31,28
050,38,021,"North Dakota","Dickey County",2,44,51,29,22
050,38,021,"North Dakota","Dickey County",2,45,46,27,19
050,38,021,"North Dakota","Dickey County",2,46,51,26,25
050,38,021,"North Dakota","Dickey County",2,47,49,27,22
050,38,021,"North Dakota","Dickey County",2,48,52,24,28
050,38,021,"North Dakota","Dickey County",2,49,58,24,34
050,38,021,"North Dakota","Dickey County",2,50,56,30,26
050,38,021,"North Dakota","Dickey County",2,51,56,29,27
050,38,021,"North Dakota","Dickey County",2,52,59,31,28
050,38,021,"North Dakota","Dickey County",2,53,56,32,24
050,38,021,"North Dakota","Dickey County",2,54,52,28,24
050,38,021,"North Dakota","Dickey County",2,55,59,32,27
050,38,021,"North Dakota","Dickey County",2,56,61,27,34
050,38,021,"North Dakota","Dickey County",2,57,66,29,37
050,38,021,"North Dakota","Dickey County",2,58,67,32,35
050,38,021,"North Dakota","Dickey County",2,59,68,36,32
050,38,021,"North Dakota","Dickey County",2,60,69,39,30
050,38,021,"North Dakota","Dickey County",2,61,75,42,33
050,38,021,"North Dakota","Dickey County",2,62,72,35,37
050,38,021,"North Dakota","Dickey County",2,63,75,38,37
050,38,021,"North Dakota","Dickey County",2,64,77,37,40
050,38,021,"North Dakota","Dickey County",2,65,71,34,37
050,38,021,"North Dakota","Dickey County",2,66,65,34,31
050,38,021,"North Dakota","Dickey County",2,67,57,30,27
050,38,021,"North Dakota","Dickey County",2,68,54,29,25
050,38,021,"North Dakota","Dickey County",2,69,52,28,24
050,38,021,"North Dakota","Dickey County",2,70,48,25,23
050,38,021,"North Dakota","Dickey County",2,71,40,20,20
050,38,021,"North Dakota","Dickey County",2,72,42,24,18
050,38,021,"North Dakota","Dickey County",2,73,49,27,22
050,38,021,"North Dakota","Dickey County",2,74,35,16,19
050,38,021,"North Dakota","Dickey County",2,75,39,19,20
050,38,021,"North Dakota","Dickey County",2,76,42,20,22
050,38,021,"North Dakota","Dickey County",2,77,40,19,21
050,38,021,"North Dakota","Dickey County",2,78,31,12,19
050,38,021,"North Dakota","Dickey County",2,79,34,16,18
050,38,021,"North Dakota","Dickey County",2,80,31,13,18
050,38,021,"North Dakota","Dickey County",2,81,27,12,15
050,38,021,"North Dakota","Dickey County",2,82,24,12,12
050,38,021,"North Dakota","Dickey County",2,83,25,11,14
050,38,021,"North Dakota","Dickey County",2,84,19,7,12
050,38,021,"North Dakota","Dickey County",2,85,139,50,89
050,38,021,"North Dakota","Dickey County",3,0,59,23,36
050,38,021,"North Dakota","Dickey County",3,1,60,27,33
050,38,021,"North Dakota","Dickey County",3,2,59,30,29
050,38,021,"North Dakota","Dickey County",3,3,53,28,25
050,38,021,"North Dakota","Dickey County",3,4,50,29,21
050,38,021,"North Dakota","Dickey County",3,5,70,31,39
050,38,021,"North Dakota","Dickey County",3,6,61,29,32
050,38,021,"North Dakota","Dickey County",3,7,65,32,33
050,38,021,"North Dakota","Dickey County",3,8,68,39,29
050,38,021,"North Dakota","Dickey County",3,9,49,24,25
050,38,021,"North Dakota","Dickey County",3,10,50,26,24
050,38,021,"North Dakota","Dickey County",3,11,71,39,32
050,38,021,"North Dakota","Dickey County",3,12,69,37,32
050,38,021,"North Dakota","Dickey County",3,13,77,40,37
050,38,021,"North Dakota","Dickey County",3,14,79,38,41
050,38,021,"North Dakota","Dickey County",3,15,77,38,39
050,38,021,"North Dakota","Dickey County",3,16,79,37,42
050,38,021,"North Dakota","Dickey County",3,17,65,33,32
050,38,021,"North Dakota","Dickey County",3,18,77,47,30
050,38,021,"North Dakota","Dickey County",3,19,106,57,49
050,38,021,"North Dakota","Dickey County",3,20,74,31,43
050,38,021,"North Dakota","Dickey County",3,21,94,46,48
050,38,021,"North Dakota","Dickey County",3,22,66,38,28
050,38,021,"North Dakota","Dickey County",3,23,57,32,25
050,38,021,"North Dakota","Dickey County",3,24,66,37,29
050,38,021,"North Dakota","Dickey County",3,25,57,34,23
050,38,021,"North Dakota","Dickey County",3,26,63,33,30
050,38,021,"North Dakota","Dickey County",3,27,50,24,26
050,38,021,"North Dakota","Dickey County",3,28,51,25,26
050,38,021,"North Dakota","Dickey County",3,29,50,26,24
050,38,021,"North Dakota","Dickey County",3,30,47,27,20
050,38,021,"North Dakota","Dickey County",3,31,50,27,23
050,38,021,"North Dakota","Dickey County",3,32,43,21,22
050,38,021,"North Dakota","Dickey County",3,33,49,29,20
050,38,021,"North Dakota","Dickey County",3,34,47,26,21
050,38,021,"North Dakota","Dickey County",3,35,44,23,21
050,38,021,"North Dakota","Dickey County",3,36,53,27,26
050,38,021,"North Dakota","Dickey County",3,37,48,22,26
050,38,021,"North Dakota","Dickey County",3,38,59,32,27
050,38,021,"North Dakota","Dickey County",3,39,49,25,24
050,38,021,"North Dakota","Dickey County",3,40,50,26,24
050,38,021,"North Dakota","Dickey County",3,41,55,30,25
050,38,021,"North Dakota","Dickey County",3,42,54,30,24
050,38,021,"North Dakota","Dickey County",3,43,59,31,28
050,38,021,"North Dakota","Dickey County",3,44,57,29,28
050,38,021,"North Dakota","Dickey County",3,45,53,30,23
050,38,021,"North Dakota","Dickey County",3,46,46,28,18
050,38,021,"North Dakota","Dickey County",3,47,49,25,24
050,38,021,"North Dakota","Dickey County",3,48,53,26,27
050,38,021,"North Dakota","Dickey County",3,49,53,23,30
050,38,021,"North Dakota","Dickey County",3,50,62,27,35
050,38,021,"North Dakota","Dickey County",3,51,57,34,23
050,38,021,"North Dakota","Dickey County",3,52,55,27,28
050,38,021,"North Dakota","Dickey County",3,53,60,31,29
050,38,021,"North Dakota","Dickey County",3,54,54,32,22
050,38,021,"North Dakota","Dickey County",3,55,54,29,25
050,38,021,"North Dakota","Dickey County",3,56,58,31,27
050,38,021,"North Dakota","Dickey County",3,57,59,28,31
050,38,021,"North Dakota","Dickey County",3,58,64,28,36
050,38,021,"North Dakota","Dickey County",3,59,67,32,35
050,38,021,"North Dakota","Dickey County",3,60,66,34,32
050,38,021,"North Dakota","Dickey County",3,61,71,40,31
050,38,021,"North Dakota","Dickey County",3,62,72,41,31
050,38,021,"North Dakota","Dickey County",3,63,72,35,37
050,38,021,"North Dakota","Dickey County",3,64,76,38,38
050,38,021,"North Dakota","Dickey County",3,65,72,34,38
050,38,021,"North Dakota","Dickey County",3,66,66,32,34
050,38,021,"North Dakota","Dickey County",3,67,64,34,30
050,38,021,"North Dakota","Dickey County",3,68,56,28,28
050,38,021,"North Dakota","Dickey County",3,69,55,31,24
050,38,021,"North Dakota","Dickey County",3,70,50,26,24
050,38,021,"North Dakota","Dickey County",3,71,47,24,23
050,38,021,"North Dakota","Dickey County",3,72,41,21,20
050,38,021,"North Dakota","Dickey County",3,73,42,22,20
050,38,021,"North Dakota","Dickey County",3,74,47,26,21
050,38,021,"North Dakota","Dickey County",3,75,36,15,21
050,38,021,"North Dakota","Dickey County",3,76,38,19,19
050,38,021,"North Dakota","Dickey County",3,77,37,18,19
050,38,021,"North Dakota","Dickey County",3,78,36,18,18
050,38,021,"North Dakota","Dickey County",3,79,28,13,15
050,38,021,"North Dakota","Dickey County",3,80,33,13,20
050,38,021,"North Dakota","Dickey County",3,81,29,13,16
050,38,021,"North Dakota","Dickey County",3,82,22,8,14
050,38,021,"North Dakota","Dickey County",3,83,21,11,10
050,38,021,"North Dakota","Dickey County",3,84,26,12,14
050,38,021,"North Dakota","Dickey County",3,85,118,43,75
050,38,021,"North Dakota","Dickey County",4,0,64,29,35
050,38,021,"North Dakota","Dickey County",4,1,64,27,37
050,38,021,"North Dakota","Dickey County",4,2,57,25,32
050,38,021,"North Dakota","Dickey County",4,3,61,31,30
050,38,021,"North Dakota","Dickey County",4,4,54,29,25
050,38,021,"North Dakota","Dickey County",4,5,60,35,25
050,38,021,"North Dakota","Dickey County",4,6,71,32,39
050,38,021,"North Dakota","Dickey County",4,7,64,31,33
050,38,021,"North Dakota","Dickey County",4,8,67,34,33
050,38,021,"North Dakota","Dickey County",4,9,67,41,26
050,38,021,"North Dakota","Dickey County",4,10,58,30,28
050,38,021,"North Dakota","Dickey County",4,11,47,23,24
050,38,021,"North Dakota","Dickey County",4,12,70,37,33
050,38,021,"North Dakota","Dickey County",4,13,70,38,32
050,38,021,"North Dakota","Dickey County",4,14,76,39,37
050,38,021,"North Dakota","Dickey County",4,15,83,43,40
050,38,021,"North Dakota","Dickey County",4,16,77,38,39
050,38,021,"North Dakota","Dickey County",4,17,83,41,42
050,38,021,"North Dakota","Dickey County",4,18,63,34,29
050,38,021,"North Dakota","Dickey County",4,19,106,60,46
050,38,021,"North Dakota","Dickey County",4,20,70,36,34
050,38,021,"North Dakota","Dickey County",4,21,87,42,45
050,38,021,"North Dakota","Dickey County",4,22,79,45,34
050,38,021,"North Dakota","Dickey County",4,23,69,37,32
050,38,021,"North Dakota","Dickey County",4,24,45,26,19
050,38,021,"North Dakota","Dickey County",4,25,58,32,26
050,38,021,"North Dakota","Dickey County",4,26,60,30,30
050,38,021,"North Dakota","Dickey County",4,27,63,32,31
050,38,021,"North Dakota","Dickey County",4,28,54,24,30
050,38,021,"North Dakota","Dickey County",4,29,49,23,26
050,38,021,"North Dakota","Dickey County",4,30,50,26,24
050,38,021,"North Dakota","Dickey County",4,31,54,33,21
050,38,021,"North Dakota","Dickey County",4,32,43,24,19
050,38,021,"North Dakota","Dickey County",4,33,49,23,26
050,38,021,"North Dakota","Dickey County",4,34,48,28,20
050,38,021,"North Dakota","Dickey County",4,35,47,26,21
050,38,021,"North Dakota","Dickey County",4,36,46,23,23
050,38,021,"North Dakota","Dickey County",4,37,51,26,25
050,38,021,"North Dakota","Dickey County",4,38,52,28,24
050,38,021,"North Dakota","Dickey County",4,39,58,30,28
050,38,021,"North Dakota","Dickey County",4,40,48,23,25
050,38,021,"North Dakota","Dickey County",4,41,51,26,25
050,38,021,"North Dakota","Dickey County",4,42,55,30,25
050,38,021,"North Dakota","Dickey County",4,43,54,31,23
050,38,021,"North Dakota","Dickey County",4,44,61,34,27
050,38,021,"North Dakota","Dickey County",4,45,61,31,30
050,38,021,"North Dakota","Dickey County",4,46,51,28,23
050,38,021,"North Dakota","Dickey County",4,47,42,23,19
050,38,021,"North Dakota","Dickey County",4,48,50,24,26
050,38,021,"North Dakota","Dickey County",4,49,53,27,26
050,38,021,"North Dakota","Dickey County",4,50,49,20,29
050,38,021,"North Dakota","Dickey County",4,51,67,31,36
050,38,021,"North Dakota","Dickey County",4,52,62,35,27
050,38,021,"North Dakota","Dickey County",4,53,50,25,25
050,38,021,"North Dakota","Dickey County",4,54,61,33,28
050,38,021,"North Dakota","Dickey County",4,55,53,32,21
050,38,021,"North Dakota","Dickey County",4,56,58,33,25
050,38,021,"North Dakota","Dickey County",4,57,58,34,24
050,38,021,"North Dakota","Dickey County",4,58,55,25,30
050,38,021,"North Dakota","Dickey County",4,59,63,27,36
050,38,021,"North Dakota","Dickey County",4,60,66,32,34
050,38,021,"North Dakota","Dickey County",4,61,64,31,33
050,38,021,"North Dakota","Dickey County",4,62,65,37,28
050,38,021,"North Dakota","Dickey County",4,63,74,42,32
050,38,021,"North Dakota","Dickey County",4,64,75,36,39
050,38,021,"North Dakota","Dickey County",4,65,76,40,36
050,38,021,"North Dakota","Dickey County",4,66,70,34,36
050,38,021,"North Dakota","Dickey County",4,67,65,33,32
050,38,021,"North Dakota","Dickey County",4,68,64,35,29
050,38,021,"North Dakota","Dickey County",4,69,56,28,28
050,38,021,"North Dakota","Dickey County",4,70,52,28,24
050,38,021,"North Dakota","Dickey County",4,71,46,24,22
050,38,021,"North Dakota","Dickey County",4,72,48,24,24
050,38,021,"North Dakota","Dickey County",4,73,39,19,20
050,38,021,"North Dakota","Dickey County",4,74,36,20,16
050,38,021,"North Dakota","Dickey County",4,75,47,26,21
050,38,021,"North Dakota","Dickey County",4,76,33,15,18
050,38,021,"North Dakota","Dickey County",4,77,38,19,19
050,38,021,"North Dakota","Dickey County",4,78,37,18,19
050,38,021,"North Dakota","Dickey County",4,79,35,18,17
050,38,021,"North Dakota","Dickey County",4,80,27,9,18
050,38,021,"North Dakota","Dickey County",4,81,32,13,19
050,38,021,"North Dakota","Dickey County",4,82,24,11,13
050,38,021,"North Dakota","Dickey County",4,83,21,7,14
050,38,021,"North Dakota","Dickey County",4,84,22,11,11
050,38,021,"North Dakota","Dickey County",4,85,120,47,73
050,38,021,"North Dakota","Dickey County",5,0,58,24,34
050,38,021,"North Dakota","Dickey County",5,1,64,27,37
050,38,021,"North Dakota","Dickey County",5,2,72,32,40
050,38,021,"North Dakota","Dickey County",5,3,56,24,32
050,38,021,"North Dakota","Dickey County",5,4,58,29,29
050,38,021,"North Dakota","Dickey County",5,5,54,30,24
050,38,021,"North Dakota","Dickey County",5,6,59,34,25
050,38,021,"North Dakota","Dickey County",5,7,69,29,40
050,38,021,"North Dakota","Dickey County",5,8,64,30,34
050,38,021,"North Dakota","Dickey County",5,9,66,35,31
050,38,021,"North Dakota","Dickey County",5,10,65,40,25
050,38,021,"North Dakota","Dickey County",5,11,58,29,29
050,38,021,"North Dakota","Dickey County",5,12,46,22,24
050,38,021,"North Dakota","Dickey County",5,13,72,37,35
050,38,021,"North Dakota","Dickey County",5,14,68,38,30
050,38,021,"North Dakota","Dickey County",5,15,78,40,38
050,38,021,"North Dakota","Dickey County",5,16,82,42,40
050,38,021,"North Dakota","Dickey County",5,17,77,41,36
050,38,021,"North Dakota","Dickey County",5,18,81,42,39
050,38,021,"North Dakota","Dickey County",5,19,94,49,45
050,38,021,"North Dakota","Dickey County",5,20,70,36,34
050,38,021,"North Dakota","Dickey County",5,21,86,47,39
050,38,021,"North Dakota","Dickey County",5,22,70,37,33
050,38,021,"North Dakota","Dickey County",5,23,67,40,27
050,38,021,"North Dakota","Dickey County",5,24,63,36,27
050,38,021,"North Dakota","Dickey County",5,25,48,23,25
050,38,021,"North Dakota","Dickey County",5,26,59,34,25
050,38,021,"North Dakota","Dickey County",5,27,55,22,33
050,38,021,"North Dakota","Dickey County",5,28,66,30,36
050,38,021,"North Dakota","Dickey County",5,29,56,24,32
050,38,021,"North Dakota","Dickey County",5,30,51,23,28
050,38,021,"North Dakota","Dickey County",5,31,53,28,25
050,38,021,"North Dakota","Dickey County",5,32,50,29,21
050,38,021,"North Dakota","Dickey County",5,33,49,28,21
050,38,021,"North Dakota","Dickey County",5,34,46,23,23
050,38,021,"North Dakota","Dickey County",5,35,47,30,17
050,38,021,"North Dakota","Dickey County",5,36,48,25,23
050,38,021,"North Dakota","Dickey County",5,37,39,19,20
050,38,021,"North Dakota","Dickey County",5,38,50,26,24
050,38,021,"North Dakota","Dickey County",5,39,52,28,24
050,38,021,"North Dakota","Dickey County",5,40,58,29,29
050,38,021,"North Dakota","Dickey County",5,41,53,26,27
050,38,021,"North Dakota","Dickey County",5,42,54,26,28
050,38,021,"North Dakota","Dickey County",5,43,55,30,25
050,38,021,"North Dakota","Dickey County",5,44,53,30,23
050,38,021,"North Dakota","Dickey County",5,45,57,34,23
050,38,021,"North Dakota","Dickey County",5,46,59,30,29
050,38,021,"North Dakota","Dickey County",5,47,50,28,22
050,38,021,"North Dakota","Dickey County",5,48,42,22,20
050,38,021,"North Dakota","Dickey County",5,49,49,23,26
050,38,021,"North Dakota","Dickey County",5,50,57,27,30
050,38,021,"North Dakota","Dickey County",5,51,50,22,28
050,38,021,"North Dakota","Dickey County",5,52,70,32,38
050,38,021,"North Dakota","Dickey County",5,53,61,35,26
050,38,021,"North Dakota","Dickey County",5,54,51,25,26
050,38,021,"North Dakota","Dickey County",5,55,59,32,27
050,38,021,"North Dakota","Dickey County",5,56,55,35,20
050,38,021,"North Dakota","Dickey County",5,57,56,32,24
050,38,021,"North Dakota","Dickey County",5,58,60,35,25
050,38,021,"North Dakota","Dickey County",5,59,55,24,31
050,38,021,"North Dakota","Dickey County",5,60,61,26,35
050,38,021,"North Dakota","Dickey County",5,61,64,31,33
050,38,021,"North Dakota","Dickey County",5,62,63,31,32
050,38,021,"North Dakota","Dickey County",5,63,65,38,27
050,38,021,"North Dakota","Dickey County",5,64,73,42,31
050,38,021,"North Dakota","Dickey County",5,65,74,34,40
050,38,021,"North Dakota","Dickey County",5,66,71,37,34
050,38,021,"North Dakota","Dickey County",5,67,68,34,34
050,38,021,"North Dakota","Dickey County",5,68,62,32,30
050,38,021,"North Dakota","Dickey County",5,69,63,36,27
050,38,021,"North Dakota","Dickey County",5,70,53,25,28
050,38,021,"North Dakota","Dickey County",5,71,53,28,25
050,38,021,"North Dakota","Dickey County",5,72,46,25,21
050,38,021,"North Dakota","Dickey County",5,73,48,22,26
050,38,021,"North Dakota","Dickey County",5,74,33,17,16
050,38,021,"North Dakota","Dickey County",5,75,34,18,16
050,38,021,"North Dakota","Dickey County",5,76,43,26,17
050,38,021,"North Dakota","Dickey County",5,77,33,16,17
050,38,021,"North Dakota","Dickey County",5,78,37,19,18
050,38,021,"North Dakota","Dickey County",5,79,36,19,17
050,38,021,"North Dakota","Dickey County",5,80,31,12,19
050,38,021,"North Dakota","Dickey County",5,81,26,9,17
050,38,021,"North Dakota","Dickey County",5,82,27,12,15
050,38,021,"North Dakota","Dickey County",5,83,24,11,13
050,38,021,"North Dakota","Dickey County",5,84,24,8,16
050,38,021,"North Dakota","Dickey County",5,85,118,49,69
050,38,023,"North Dakota","Divide County",1,0,28,15,13
050,38,023,"North Dakota","Divide County",1,1,32,15,17
050,38,023,"North Dakota","Divide County",1,2,28,18,10
050,38,023,"North Dakota","Divide County",1,3,33,23,10
050,38,023,"North Dakota","Divide County",1,4,29,16,13
050,38,023,"North Dakota","Divide County",1,5,31,20,11
050,38,023,"North Dakota","Divide County",1,6,33,20,13
050,38,023,"North Dakota","Divide County",1,7,40,25,15
050,38,023,"North Dakota","Divide County",1,8,28,15,13
050,38,023,"North Dakota","Divide County",1,9,30,18,12
050,38,023,"North Dakota","Divide County",1,10,24,14,10
050,38,023,"North Dakota","Divide County",1,11,24,10,14
050,38,023,"North Dakota","Divide County",1,12,32,16,16
050,38,023,"North Dakota","Divide County",1,13,25,10,15
050,38,023,"North Dakota","Divide County",1,14,33,16,17
050,38,023,"North Dakota","Divide County",1,15,30,13,17
050,38,023,"North Dakota","Divide County",1,16,25,10,15
050,38,023,"North Dakota","Divide County",1,17,26,10,16
050,38,023,"North Dakota","Divide County",1,18,18,9,9
050,38,023,"North Dakota","Divide County",1,19,15,7,8
050,38,023,"North Dakota","Divide County",1,20,17,12,5
050,38,023,"North Dakota","Divide County",1,21,11,4,7
050,38,023,"North Dakota","Divide County",1,22,16,9,7
050,38,023,"North Dakota","Divide County",1,23,20,12,8
050,38,023,"North Dakota","Divide County",1,24,14,5,9
050,38,023,"North Dakota","Divide County",1,25,16,7,9
050,38,023,"North Dakota","Divide County",1,26,17,8,9
050,38,023,"North Dakota","Divide County",1,27,23,11,12
050,38,023,"North Dakota","Divide County",1,28,29,13,16
050,38,023,"North Dakota","Divide County",1,29,24,13,11
050,38,023,"North Dakota","Divide County",1,30,17,9,8
050,38,023,"North Dakota","Divide County",1,31,24,15,9
050,38,023,"North Dakota","Divide County",1,32,22,13,9
050,38,023,"North Dakota","Divide County",1,33,30,14,16
050,38,023,"North Dakota","Divide County",1,34,26,16,10
050,38,023,"North Dakota","Divide County",1,35,25,13,12
050,38,023,"North Dakota","Divide County",1,36,25,16,9
050,38,023,"North Dakota","Divide County",1,37,22,11,11
050,38,023,"North Dakota","Divide County",1,38,29,14,15
050,38,023,"North Dakota","Divide County",1,39,27,12,15
050,38,023,"North Dakota","Divide County",1,40,19,11,8
050,38,023,"North Dakota","Divide County",1,41,23,13,10
050,38,023,"North Dakota","Divide County",1,42,21,11,10
050,38,023,"North Dakota","Divide County",1,43,19,8,11
050,38,023,"North Dakota","Divide County",1,44,25,13,12
050,38,023,"North Dakota","Divide County",1,45,14,8,6
050,38,023,"North Dakota","Divide County",1,46,15,7,8
050,38,023,"North Dakota","Divide County",1,47,19,11,8
050,38,023,"North Dakota","Divide County",1,48,19,10,9
050,38,023,"North Dakota","Divide County",1,49,21,12,9
050,38,023,"North Dakota","Divide County",1,50,15,8,7
050,38,023,"North Dakota","Divide County",1,51,17,8,9
050,38,023,"North Dakota","Divide County",1,52,19,11,8
050,38,023,"North Dakota","Divide County",1,53,24,10,14
050,38,023,"North Dakota","Divide County",1,54,35,14,21
050,38,023,"North Dakota","Divide County",1,55,33,14,19
050,38,023,"North Dakota","Divide County",1,56,38,20,18
050,38,023,"North Dakota","Divide County",1,57,38,21,17
050,38,023,"North Dakota","Divide County",1,58,39,19,20
050,38,023,"North Dakota","Divide County",1,59,41,19,22
050,38,023,"North Dakota","Divide County",1,60,40,22,18
050,38,023,"North Dakota","Divide County",1,61,30,17,13
050,38,023,"North Dakota","Divide County",1,62,33,18,15
050,38,023,"North Dakota","Divide County",1,63,38,23,15
050,38,023,"North Dakota","Divide County",1,64,34,18,16
050,38,023,"North Dakota","Divide County",1,65,34,15,19
050,38,023,"North Dakota","Divide County",1,66,28,14,14
050,38,023,"North Dakota","Divide County",1,67,29,15,14
050,38,023,"North Dakota","Divide County",1,68,37,23,14
050,38,023,"North Dakota","Divide County",1,69,27,18,9
050,38,023,"North Dakota","Divide County",1,70,25,14,11
050,38,023,"North Dakota","Divide County",1,71,30,17,13
050,38,023,"North Dakota","Divide County",1,72,32,19,13
050,38,023,"North Dakota","Divide County",1,73,32,17,15
050,38,023,"North Dakota","Divide County",1,74,20,11,9
050,38,023,"North Dakota","Divide County",1,75,23,10,13
050,38,023,"North Dakota","Divide County",1,76,21,12,9
050,38,023,"North Dakota","Divide County",1,77,17,9,8
050,38,023,"North Dakota","Divide County",1,78,11,5,6
050,38,023,"North Dakota","Divide County",1,79,11,6,5
050,38,023,"North Dakota","Divide County",1,80,16,8,8
050,38,023,"North Dakota","Divide County",1,81,13,7,6
050,38,023,"North Dakota","Divide County",1,82,14,9,5
050,38,023,"North Dakota","Divide County",1,83,11,7,4
050,38,023,"North Dakota","Divide County",1,84,12,7,5
050,38,023,"North Dakota","Divide County",1,85,85,26,59
050,38,023,"North Dakota","Divide County",2,0,32,18,14
050,38,023,"North Dakota","Divide County",2,1,32,15,17
050,38,023,"North Dakota","Divide County",2,2,31,19,12
050,38,023,"North Dakota","Divide County",2,3,31,21,10
050,38,023,"North Dakota","Divide County",2,4,29,18,11
050,38,023,"North Dakota","Divide County",2,5,32,20,12
050,38,023,"North Dakota","Divide County",2,6,33,20,13
050,38,023,"North Dakota","Divide County",2,7,38,24,14
050,38,023,"North Dakota","Divide County",2,8,30,16,14
050,38,023,"North Dakota","Divide County",2,9,29,17,12
050,38,023,"North Dakota","Divide County",2,10,25,15,10
050,38,023,"North Dakota","Divide County",2,11,23,10,13
050,38,023,"North Dakota","Divide County",2,12,31,15,16
050,38,023,"North Dakota","Divide County",2,13,26,11,15
050,38,023,"North Dakota","Divide County",2,14,32,15,17
050,38,023,"North Dakota","Divide County",2,15,29,13,16
050,38,023,"North Dakota","Divide County",2,16,26,11,15
050,38,023,"North Dakota","Divide County",2,17,26,10,16
050,38,023,"North Dakota","Divide County",2,18,19,9,10
050,38,023,"North Dakota","Divide County",2,19,15,7,8
050,38,023,"North Dakota","Divide County",2,20,17,12,5
050,38,023,"North Dakota","Divide County",2,21,12,5,7
050,38,023,"North Dakota","Divide County",2,22,16,9,7
050,38,023,"North Dakota","Divide County",2,23,20,11,9
050,38,023,"North Dakota","Divide County",2,24,16,7,9
050,38,023,"North Dakota","Divide County",2,25,16,7,9
050,38,023,"North Dakota","Divide County",2,26,17,8,9
050,38,023,"North Dakota","Divide County",2,27,22,11,11
050,38,023,"North Dakota","Divide County",2,28,30,15,15
050,38,023,"North Dakota","Divide County",2,29,26,13,13
050,38,023,"North Dakota","Divide County",2,30,20,11,9
050,38,023,"North Dakota","Divide County",2,31,23,14,9
050,38,023,"North Dakota","Divide County",2,32,22,13,9
050,38,023,"North Dakota","Divide County",2,33,28,14,14
050,38,023,"North Dakota","Divide County",2,34,28,16,12
050,38,023,"North Dakota","Divide County",2,35,25,13,12
050,38,023,"North Dakota","Divide County",2,36,25,16,9
050,38,023,"North Dakota","Divide County",2,37,22,12,10
050,38,023,"North Dakota","Divide County",2,38,28,14,14
050,38,023,"North Dakota","Divide County",2,39,28,13,15
050,38,023,"North Dakota","Divide County",2,40,21,12,9
050,38,023,"North Dakota","Divide County",2,41,23,13,10
050,38,023,"North Dakota","Divide County",2,42,21,11,10
050,38,023,"North Dakota","Divide County",2,43,20,9,11
050,38,023,"North Dakota","Divide County",2,44,23,12,11
050,38,023,"North Dakota","Divide County",2,45,17,9,8
050,38,023,"North Dakota","Divide County",2,46,16,8,8
050,38,023,"North Dakota","Divide County",2,47,18,10,8
050,38,023,"North Dakota","Divide County",2,48,19,10,9
050,38,023,"North Dakota","Divide County",2,49,20,12,8
050,38,023,"North Dakota","Divide County",2,50,16,9,7
050,38,023,"North Dakota","Divide County",2,51,16,8,8
050,38,023,"North Dakota","Divide County",2,52,18,10,8
050,38,023,"North Dakota","Divide County",2,53,23,10,13
050,38,023,"North Dakota","Divide County",2,54,32,13,19
050,38,023,"North Dakota","Divide County",2,55,33,14,19
050,38,023,"North Dakota","Divide County",2,56,36,18,18
050,38,023,"North Dakota","Divide County",2,57,38,21,17
050,38,023,"North Dakota","Divide County",2,58,38,19,19
050,38,023,"North Dakota","Divide County",2,59,40,19,21
050,38,023,"North Dakota","Divide County",2,60,42,22,20
050,38,023,"North Dakota","Divide County",2,61,32,18,14
050,38,023,"North Dakota","Divide County",2,62,33,18,15
050,38,023,"North Dakota","Divide County",2,63,37,22,15
050,38,023,"North Dakota","Divide County",2,64,35,19,16
050,38,023,"North Dakota","Divide County",2,65,34,16,18
050,38,023,"North Dakota","Divide County",2,66,29,14,15
050,38,023,"North Dakota","Divide County",2,67,29,15,14
050,38,023,"North Dakota","Divide County",2,68,35,21,14
050,38,023,"North Dakota","Divide County",2,69,30,19,11
050,38,023,"North Dakota","Divide County",2,70,25,15,10
050,38,023,"North Dakota","Divide County",2,71,29,16,13
050,38,023,"North Dakota","Divide County",2,72,32,19,13
050,38,023,"North Dakota","Divide County",2,73,33,18,15
050,38,023,"North Dakota","Divide County",2,74,21,11,10
050,38,023,"North Dakota","Divide County",2,75,21,10,11
050,38,023,"North Dakota","Divide County",2,76,22,12,10
050,38,023,"North Dakota","Divide County",2,77,19,10,9
050,38,023,"North Dakota","Divide County",2,78,11,5,6
050,38,023,"North Dakota","Divide County",2,79,11,6,5
050,38,023,"North Dakota","Divide County",2,80,15,8,7
050,38,023,"North Dakota","Divide County",2,81,14,7,7
050,38,023,"North Dakota","Divide County",2,82,13,8,5
050,38,023,"North Dakota","Divide County",2,83,10,7,3
050,38,023,"North Dakota","Divide County",2,84,12,7,5
050,38,023,"North Dakota","Divide County",2,85,83,25,58
050,38,023,"North Dakota","Divide County",3,0,18,10,8
050,38,023,"North Dakota","Divide County",3,1,32,18,14
050,38,023,"North Dakota","Divide County",3,2,33,16,17
050,38,023,"North Dakota","Divide County",3,3,31,18,13
050,38,023,"North Dakota","Divide County",3,4,31,20,11
050,38,023,"North Dakota","Divide County",3,5,28,18,10
050,38,023,"North Dakota","Divide County",3,6,34,21,13
050,38,023,"North Dakota","Divide County",3,7,24,13,11
050,38,023,"North Dakota","Divide County",3,8,45,29,16
050,38,023,"North Dakota","Divide County",3,9,32,16,16
050,38,023,"North Dakota","Divide County",3,10,31,19,12
050,38,023,"North Dakota","Divide County",3,11,28,18,10
050,38,023,"North Dakota","Divide County",3,12,23,11,12
050,38,023,"North Dakota","Divide County",3,13,33,16,17
050,38,023,"North Dakota","Divide County",3,14,26,11,15
050,38,023,"North Dakota","Divide County",3,15,30,12,18
050,38,023,"North Dakota","Divide County",3,16,30,15,15
050,38,023,"North Dakota","Divide County",3,17,27,14,13
050,38,023,"North Dakota","Divide County",3,18,21,10,11
050,38,023,"North Dakota","Divide County",3,19,14,7,7
050,38,023,"North Dakota","Divide County",3,20,13,7,6
050,38,023,"North Dakota","Divide County",3,21,17,14,3
050,38,023,"North Dakota","Divide County",3,22,16,6,10
050,38,023,"North Dakota","Divide County",3,23,17,10,7
050,38,023,"North Dakota","Divide County",3,24,19,8,11
050,38,023,"North Dakota","Divide County",3,25,13,6,7
050,38,023,"North Dakota","Divide County",3,26,14,5,9
050,38,023,"North Dakota","Divide County",3,27,18,9,9
050,38,023,"North Dakota","Divide County",3,28,21,11,10
050,38,023,"North Dakota","Divide County",3,29,24,12,12
050,38,023,"North Dakota","Divide County",3,30,26,14,12
050,38,023,"North Dakota","Divide County",3,31,21,10,11
050,38,023,"North Dakota","Divide County",3,32,24,15,9
050,38,023,"North Dakota","Divide County",3,33,21,12,9
050,38,023,"North Dakota","Divide County",3,34,28,15,13
050,38,023,"North Dakota","Divide County",3,35,29,16,13
050,38,023,"North Dakota","Divide County",3,36,22,12,10
050,38,023,"North Dakota","Divide County",3,37,27,17,10
050,38,023,"North Dakota","Divide County",3,38,21,10,11
050,38,023,"North Dakota","Divide County",3,39,29,14,15
050,38,023,"North Dakota","Divide County",3,40,27,12,15
050,38,023,"North Dakota","Divide County",3,41,19,12,7
050,38,023,"North Dakota","Divide County",3,42,21,11,10
050,38,023,"North Dakota","Divide County",3,43,21,11,10
050,38,023,"North Dakota","Divide County",3,44,20,9,11
050,38,023,"North Dakota","Divide County",3,45,24,12,12
050,38,023,"North Dakota","Divide County",3,46,16,9,7
050,38,023,"North Dakota","Divide County",3,47,15,8,7
050,38,023,"North Dakota","Divide County",3,48,18,10,8
050,38,023,"North Dakota","Divide County",3,49,21,11,10
050,38,023,"North Dakota","Divide County",3,50,21,12,9
050,38,023,"North Dakota","Divide County",3,51,16,9,7
050,38,023,"North Dakota","Divide County",3,52,16,9,7
050,38,023,"North Dakota","Divide County",3,53,16,8,8
050,38,023,"North Dakota","Divide County",3,54,24,10,14
050,38,023,"North Dakota","Divide County",3,55,32,13,19
050,38,023,"North Dakota","Divide County",3,56,32,14,18
050,38,023,"North Dakota","Divide County",3,57,35,18,17
050,38,023,"North Dakota","Divide County",3,58,39,22,17
050,38,023,"North Dakota","Divide County",3,59,38,19,19
050,38,023,"North Dakota","Divide County",3,60,38,18,20
050,38,023,"North Dakota","Divide County",3,61,42,22,20
050,38,023,"North Dakota","Divide County",3,62,32,18,14
050,38,023,"North Dakota","Divide County",3,63,32,18,14
050,38,023,"North Dakota","Divide County",3,64,35,20,15
050,38,023,"North Dakota","Divide County",3,65,34,18,16
050,38,023,"North Dakota","Divide County",3,66,35,16,19
050,38,023,"North Dakota","Divide County",3,67,27,14,13
050,38,023,"North Dakota","Divide County",3,68,31,15,16
050,38,023,"North Dakota","Divide County",3,69,37,23,14
050,38,023,"North Dakota","Divide County",3,70,27,16,11
050,38,023,"North Dakota","Divide County",3,71,24,14,10
050,38,023,"North Dakota","Divide County",3,72,30,17,13
050,38,023,"North Dakota","Divide County",3,73,31,17,14
050,38,023,"North Dakota","Divide County",3,74,30,15,15
050,38,023,"North Dakota","Divide County",3,75,20,10,10
050,38,023,"North Dakota","Divide County",3,76,21,11,10
050,38,023,"North Dakota","Divide County",3,77,23,13,10
050,38,023,"North Dakota","Divide County",3,78,16,8,8
050,38,023,"North Dakota","Divide County",3,79,9,5,4
050,38,023,"North Dakota","Divide County",3,80,10,5,5
050,38,023,"North Dakota","Divide County",3,81,14,7,7
050,38,023,"North Dakota","Divide County",3,82,14,7,7
050,38,023,"North Dakota","Divide County",3,83,13,8,5
050,38,023,"North Dakota","Divide County",3,84,11,7,4
050,38,023,"North Dakota","Divide County",3,85,84,28,56
050,38,023,"North Dakota","Divide County",4,0,20,11,9
050,38,023,"North Dakota","Divide County",4,1,12,6,6
050,38,023,"North Dakota","Divide County",4,2,31,18,13
050,38,023,"North Dakota","Divide County",4,3,36,16,20
050,38,023,"North Dakota","Divide County",4,4,33,20,13
050,38,023,"North Dakota","Divide County",4,5,32,21,11
050,38,023,"North Dakota","Divide County",4,6,27,17,10
050,38,023,"North Dakota","Divide County",4,7,38,25,13
050,38,023,"North Dakota","Divide County",4,8,25,14,11
050,38,023,"North Dakota","Divide County",4,9,48,31,17
050,38,023,"North Dakota","Divide County",4,10,34,18,16
050,38,023,"North Dakota","Divide County",4,11,31,18,13
050,38,023,"North Dakota","Divide County",4,12,26,16,10
050,38,023,"North Dakota","Divide County",4,13,23,11,12
050,38,023,"North Dakota","Divide County",4,14,32,16,16
050,38,023,"North Dakota","Divide County",4,15,23,11,12
050,38,023,"North Dakota","Divide County",4,16,27,12,15
050,38,023,"North Dakota","Divide County",4,17,30,15,15
050,38,023,"North Dakota","Divide County",4,18,23,13,10
050,38,023,"North Dakota","Divide County",4,19,13,6,7
050,38,023,"North Dakota","Divide County",4,20,15,7,8
050,38,023,"North Dakota","Divide County",4,21,13,7,6
050,38,023,"North Dakota","Divide County",4,22,19,14,5
050,38,023,"North Dakota","Divide County",4,23,21,10,11
050,38,023,"North Dakota","Divide County",4,24,15,8,7
050,38,023,"North Dakota","Divide County",4,25,15,6,9
050,38,023,"North Dakota","Divide County",4,26,13,5,8
050,38,023,"North Dakota","Divide County",4,27,14,4,10
050,38,023,"North Dakota","Divide County",4,28,17,10,7
050,38,023,"North Dakota","Divide County",4,29,24,12,12
050,38,023,"North Dakota","Divide County",4,30,24,12,12
050,38,023,"North Dakota","Divide County",4,31,26,14,12
050,38,023,"North Dakota","Divide County",4,32,23,10,13
050,38,023,"North Dakota","Divide County",4,33,24,14,10
050,38,023,"North Dakota","Divide County",4,34,20,13,7
050,38,023,"North Dakota","Divide County",4,35,28,15,13
050,38,023,"North Dakota","Divide County",4,36,33,18,15
050,38,023,"North Dakota","Divide County",4,37,25,13,12
050,38,023,"North Dakota","Divide County",4,38,27,18,9
050,38,023,"North Dakota","Divide County",4,39,21,10,11
050,38,023,"North Dakota","Divide County",4,40,29,14,15
050,38,023,"North Dakota","Divide County",4,41,26,12,14
050,38,023,"North Dakota","Divide County",4,42,18,11,7
050,38,023,"North Dakota","Divide County",4,43,23,13,10
050,38,023,"North Dakota","Divide County",4,44,21,11,10
050,38,023,"North Dakota","Divide County",4,45,21,9,12
050,38,023,"North Dakota","Divide County",4,46,24,12,12
050,38,023,"North Dakota","Divide County",4,47,17,10,7
050,38,023,"North Dakota","Divide County",4,48,16,9,7
050,38,023,"North Dakota","Divide County",4,49,18,10,8
050,38,023,"North Dakota","Divide County",4,50,22,11,11
050,38,023,"North Dakota","Divide County",4,51,21,12,9
050,38,023,"North Dakota","Divide County",4,52,17,10,7
050,38,023,"North Dakota","Divide County",4,53,15,9,6
050,38,023,"North Dakota","Divide County",4,54,16,8,8
050,38,023,"North Dakota","Divide County",4,55,24,11,13
050,38,023,"North Dakota","Divide County",4,56,30,13,17
050,38,023,"North Dakota","Divide County",4,57,33,14,19
050,38,023,"North Dakota","Divide County",4,58,34,18,16
050,38,023,"North Dakota","Divide County",4,59,39,20,19
050,38,023,"North Dakota","Divide County",4,60,36,18,18
050,38,023,"North Dakota","Divide County",4,61,38,18,20
050,38,023,"North Dakota","Divide County",4,62,39,21,18
050,38,023,"North Dakota","Divide County",4,63,31,16,15
050,38,023,"North Dakota","Divide County",4,64,31,18,13
050,38,023,"North Dakota","Divide County",4,65,33,18,15
050,38,023,"North Dakota","Divide County",4,66,34,18,16
050,38,023,"North Dakota","Divide County",4,67,35,17,18
050,38,023,"North Dakota","Divide County",4,68,28,14,14
050,38,023,"North Dakota","Divide County",4,69,34,18,16
050,38,023,"North Dakota","Divide County",4,70,34,21,13
050,38,023,"North Dakota","Divide County",4,71,26,14,12
050,38,023,"North Dakota","Divide County",4,72,27,16,11
050,38,023,"North Dakota","Divide County",4,73,27,13,14
050,38,023,"North Dakota","Divide County",4,74,27,15,12
050,38,023,"North Dakota","Divide County",4,75,27,16,11
050,38,023,"North Dakota","Divide County",4,76,20,11,9
050,38,023,"North Dakota","Divide County",4,77,22,12,10
050,38,023,"North Dakota","Divide County",4,78,21,12,9
050,38,023,"North Dakota","Divide County",4,79,15,8,7
050,38,023,"North Dakota","Divide County",4,80,8,4,4
050,38,023,"North Dakota","Divide County",4,81,11,5,6
050,38,023,"North Dakota","Divide County",4,82,14,7,7
050,38,023,"North Dakota","Divide County",4,83,14,7,7
050,38,023,"North Dakota","Divide County",4,84,14,8,6
050,38,023,"North Dakota","Divide County",4,85,78,30,48
050,38,023,"North Dakota","Divide County",5,0,19,11,8
050,38,023,"North Dakota","Divide County",5,1,20,11,9
050,38,023,"North Dakota","Divide County",5,2,14,6,8
050,38,023,"North Dakota","Divide County",5,3,33,19,14
050,38,023,"North Dakota","Divide County",5,4,36,16,20
050,38,023,"North Dakota","Divide County",5,5,26,13,13
050,38,023,"North Dakota","Divide County",5,6,33,21,12
050,38,023,"North Dakota","Divide County",5,7,27,16,11
050,38,023,"North Dakota","Divide County",5,8,40,24,16
050,38,023,"North Dakota","Divide County",5,9,26,14,12
050,38,023,"North Dakota","Divide County",5,10,47,31,16
050,38,023,"North Dakota","Divide County",5,11,34,17,17
050,38,023,"North Dakota","Divide County",5,12,31,18,13
050,38,023,"North Dakota","Divide County",5,13,27,16,11
050,38,023,"North Dakota","Divide County",5,14,24,11,13
050,38,023,"North Dakota","Divide County",5,15,34,16,18
050,38,023,"North Dakota","Divide County",5,16,23,11,12
050,38,023,"North Dakota","Divide County",5,17,26,12,14
050,38,023,"North Dakota","Divide County",5,18,23,11,12
050,38,023,"North Dakota","Divide County",5,19,19,12,7
050,38,023,"North Dakota","Divide County",5,20,15,6,9
050,38,023,"North Dakota","Divide County",5,21,13,7,6
050,38,023,"North Dakota","Divide County",5,22,14,7,7
050,38,023,"North Dakota","Divide County",5,23,19,15,4
050,38,023,"North Dakota","Divide County",5,24,22,11,11
050,38,023,"North Dakota","Divide County",5,25,15,8,7
050,38,023,"North Dakota","Divide County",5,26,12,4,8
050,38,023,"North Dakota","Divide County",5,27,12,3,9
050,38,023,"North Dakota","Divide County",5,28,14,5,9
050,38,023,"North Dakota","Divide County",5,29,20,11,9
050,38,023,"North Dakota","Divide County",5,30,26,11,15
050,38,023,"North Dakota","Divide County",5,31,24,11,13
050,38,023,"North Dakota","Divide County",5,32,25,12,13
050,38,023,"North Dakota","Divide County",5,33,22,9,13
050,38,023,"North Dakota","Divide County",5,34,24,14,10
050,38,023,"North Dakota","Divide County",5,35,21,13,8
050,38,023,"North Dakota","Divide County",5,36,29,14,15
050,38,023,"North Dakota","Divide County",5,37,34,18,16
050,38,023,"North Dakota","Divide County",5,38,26,14,12
050,38,023,"North Dakota","Divide County",5,39,27,18,9
050,38,023,"North Dakota","Divide County",5,40,21,10,11
050,38,023,"North Dakota","Divide County",5,41,28,14,14
050,38,023,"North Dakota","Divide County",5,42,30,15,15
050,38,023,"North Dakota","Divide County",5,43,18,11,7
050,38,023,"North Dakota","Divide County",5,44,22,11,11
050,38,023,"North Dakota","Divide County",5,45,21,11,10
050,38,023,"North Dakota","Divide County",5,46,21,9,12
050,38,023,"North Dakota","Divide County",5,47,24,12,12
050,38,023,"North Dakota","Divide County",5,48,17,10,7
050,38,023,"North Dakota","Divide County",5,49,14,7,7
050,38,023,"North Dakota","Divide County",5,50,17,10,7
050,38,023,"North Dakota","Divide County",5,51,21,10,11
050,38,023,"North Dakota","Divide County",5,52,21,12,9
050,38,023,"North Dakota","Divide County",5,53,16,9,7
050,38,023,"North Dakota","Divide County",5,54,16,10,6
050,38,023,"North Dakota","Divide County",5,55,14,7,7
050,38,023,"North Dakota","Divide County",5,56,22,9,13
050,38,023,"North Dakota","Divide County",5,57,30,13,17
050,38,023,"North Dakota","Divide County",5,58,33,14,19
050,38,023,"North Dakota","Divide County",5,59,29,14,15
050,38,023,"North Dakota","Divide County",5,60,34,17,17
050,38,023,"North Dakota","Divide County",5,61,39,21,18
050,38,023,"North Dakota","Divide County",5,62,36,18,18
050,38,023,"North Dakota","Divide County",5,63,39,21,18
050,38,023,"North Dakota","Divide County",5,64,32,16,16
050,38,023,"North Dakota","Divide County",5,65,28,15,13
050,38,023,"North Dakota","Divide County",5,66,32,17,15
050,38,023,"North Dakota","Divide County",5,67,32,16,16
050,38,023,"North Dakota","Divide County",5,68,33,15,18
050,38,023,"North Dakota","Divide County",5,69,27,13,14
050,38,023,"North Dakota","Divide County",5,70,31,17,14
050,38,023,"North Dakota","Divide County",5,71,31,18,13
050,38,023,"North Dakota","Divide County",5,72,27,15,12
050,38,023,"North Dakota","Divide County",5,73,23,13,10
050,38,023,"North Dakota","Divide County",5,74,27,12,15
050,38,023,"North Dakota","Divide County",5,75,25,14,11
050,38,023,"North Dakota","Divide County",5,76,26,16,10
050,38,023,"North Dakota","Divide County",5,77,20,10,10
050,38,023,"North Dakota","Divide County",5,78,19,10,9
050,38,023,"North Dakota","Divide County",5,79,20,12,8
050,38,023,"North Dakota","Divide County",5,80,14,7,7
050,38,023,"North Dakota","Divide County",5,81,9,4,5
050,38,023,"North Dakota","Divide County",5,82,10,5,5
050,38,023,"North Dakota","Divide County",5,83,14,7,7
050,38,023,"North Dakota","Divide County",5,84,14,7,7
050,38,023,"North Dakota","Divide County",5,85,82,35,47
050,38,025,"North Dakota","Dunn County",1,0,62,34,28
050,38,025,"North Dakota","Dunn County",1,1,69,38,31
050,38,025,"North Dakota","Dunn County",1,2,55,31,24
050,38,025,"North Dakota","Dunn County",1,3,57,34,23
050,38,025,"North Dakota","Dunn County",1,4,59,31,28
050,38,025,"North Dakota","Dunn County",1,5,62,33,29
050,38,025,"North Dakota","Dunn County",1,6,57,26,31
050,38,025,"North Dakota","Dunn County",1,7,53,25,28
050,38,025,"North Dakota","Dunn County",1,8,71,31,40
050,38,025,"North Dakota","Dunn County",1,9,57,26,31
050,38,025,"North Dakota","Dunn County",1,10,58,30,28
050,38,025,"North Dakota","Dunn County",1,11,56,27,29
050,38,025,"North Dakota","Dunn County",1,12,58,29,29
050,38,025,"North Dakota","Dunn County",1,13,57,34,23
050,38,025,"North Dakota","Dunn County",1,14,47,26,21
050,38,025,"North Dakota","Dunn County",1,15,50,28,22
050,38,025,"North Dakota","Dunn County",1,16,50,26,24
050,38,025,"North Dakota","Dunn County",1,17,47,16,31
050,38,025,"North Dakota","Dunn County",1,18,43,25,18
050,38,025,"North Dakota","Dunn County",1,19,27,15,12
050,38,025,"North Dakota","Dunn County",1,20,33,19,14
050,38,025,"North Dakota","Dunn County",1,21,30,13,17
050,38,025,"North Dakota","Dunn County",1,22,33,16,17
050,38,025,"North Dakota","Dunn County",1,23,37,20,17
050,38,025,"North Dakota","Dunn County",1,24,40,22,18
050,38,025,"North Dakota","Dunn County",1,25,44,26,18
050,38,025,"North Dakota","Dunn County",1,26,50,27,23
050,38,025,"North Dakota","Dunn County",1,27,52,24,28
050,38,025,"North Dakota","Dunn County",1,28,60,32,28
050,38,025,"North Dakota","Dunn County",1,29,56,26,30
050,38,025,"North Dakota","Dunn County",1,30,65,35,30
050,38,025,"North Dakota","Dunn County",1,31,60,38,22
050,38,025,"North Dakota","Dunn County",1,32,65,40,25
050,38,025,"North Dakota","Dunn County",1,33,74,46,28
050,38,025,"North Dakota","Dunn County",1,34,65,40,25
050,38,025,"North Dakota","Dunn County",1,35,46,27,19
050,38,025,"North Dakota","Dunn County",1,36,49,21,28
050,38,025,"North Dakota","Dunn County",1,37,51,28,23
050,38,025,"North Dakota","Dunn County",1,38,49,25,24
050,38,025,"North Dakota","Dunn County",1,39,54,29,25
050,38,025,"North Dakota","Dunn County",1,40,46,25,21
050,38,025,"North Dakota","Dunn County",1,41,49,31,18
050,38,025,"North Dakota","Dunn County",1,42,46,27,19
050,38,025,"North Dakota","Dunn County",1,43,45,30,15
050,38,025,"North Dakota","Dunn County",1,44,37,20,17
050,38,025,"North Dakota","Dunn County",1,45,37,19,18
050,38,025,"North Dakota","Dunn County",1,46,40,17,23
050,38,025,"North Dakota","Dunn County",1,47,38,22,16
050,38,025,"North Dakota","Dunn County",1,48,44,30,14
050,38,025,"North Dakota","Dunn County",1,49,40,27,13
050,38,025,"North Dakota","Dunn County",1,50,47,27,20
050,38,025,"North Dakota","Dunn County",1,51,51,29,22
050,38,025,"North Dakota","Dunn County",1,52,48,30,18
050,38,025,"North Dakota","Dunn County",1,53,50,24,26
050,38,025,"North Dakota","Dunn County",1,54,43,20,23
050,38,025,"North Dakota","Dunn County",1,55,51,29,22
050,38,025,"North Dakota","Dunn County",1,56,62,35,27
050,38,025,"North Dakota","Dunn County",1,57,66,38,28
050,38,025,"North Dakota","Dunn County",1,58,68,38,30
050,38,025,"North Dakota","Dunn County",1,59,57,35,22
050,38,025,"North Dakota","Dunn County",1,60,56,32,24
050,38,025,"North Dakota","Dunn County",1,61,66,34,32
050,38,025,"North Dakota","Dunn County",1,62,65,34,31
050,38,025,"North Dakota","Dunn County",1,63,72,37,35
050,38,025,"North Dakota","Dunn County",1,64,70,39,31
050,38,025,"North Dakota","Dunn County",1,65,60,34,26
050,38,025,"North Dakota","Dunn County",1,66,55,34,21
050,38,025,"North Dakota","Dunn County",1,67,57,32,25
050,38,025,"North Dakota","Dunn County",1,68,42,25,17
050,38,025,"North Dakota","Dunn County",1,69,43,21,22
050,38,025,"North Dakota","Dunn County",1,70,40,22,18
050,38,025,"North Dakota","Dunn County",1,71,42,23,19
050,38,025,"North Dakota","Dunn County",1,72,35,13,22
050,38,025,"North Dakota","Dunn County",1,73,26,13,13
050,38,025,"North Dakota","Dunn County",1,74,16,10,6
050,38,025,"North Dakota","Dunn County",1,75,13,5,8
050,38,025,"North Dakota","Dunn County",1,76,17,6,11
050,38,025,"North Dakota","Dunn County",1,77,20,10,10
050,38,025,"North Dakota","Dunn County",1,78,20,11,9
050,38,025,"North Dakota","Dunn County",1,79,18,8,10
050,38,025,"North Dakota","Dunn County",1,80,21,10,11
050,38,025,"North Dakota","Dunn County",1,81,20,11,9
050,38,025,"North Dakota","Dunn County",1,82,19,11,8
050,38,025,"North Dakota","Dunn County",1,83,20,14,6
050,38,025,"North Dakota","Dunn County",1,84,19,8,11
050,38,025,"North Dakota","Dunn County",1,85,89,33,56
050,38,025,"North Dakota","Dunn County",2,0,61,34,27
050,38,025,"North Dakota","Dunn County",2,1,65,36,29
050,38,025,"North Dakota","Dunn County",2,2,57,32,25
050,38,025,"North Dakota","Dunn County",2,3,57,34,23
050,38,025,"North Dakota","Dunn County",2,4,58,31,27
050,38,025,"North Dakota","Dunn County",2,5,60,32,28
050,38,025,"North Dakota","Dunn County",2,6,59,28,31
050,38,025,"North Dakota","Dunn County",2,7,57,26,31
050,38,025,"North Dakota","Dunn County",2,8,65,29,36
050,38,025,"North Dakota","Dunn County",2,9,61,28,33
050,38,025,"North Dakota","Dunn County",2,10,59,30,29
050,38,025,"North Dakota","Dunn County",2,11,55,26,29
050,38,025,"North Dakota","Dunn County",2,12,58,29,29
050,38,025,"North Dakota","Dunn County",2,13,57,33,24
050,38,025,"North Dakota","Dunn County",2,14,49,28,21
050,38,025,"North Dakota","Dunn County",2,15,51,29,22
050,38,025,"North Dakota","Dunn County",2,16,50,27,23
050,38,025,"North Dakota","Dunn County",2,17,47,19,28
050,38,025,"North Dakota","Dunn County",2,18,41,22,19
050,38,025,"North Dakota","Dunn County",2,19,29,16,13
050,38,025,"North Dakota","Dunn County",2,20,32,18,14
050,38,025,"North Dakota","Dunn County",2,21,30,14,16
050,38,025,"North Dakota","Dunn County",2,22,35,17,18
050,38,025,"North Dakota","Dunn County",2,23,37,19,18
050,38,025,"North Dakota","Dunn County",2,24,40,22,18
050,38,025,"North Dakota","Dunn County",2,25,44,26,18
050,38,025,"North Dakota","Dunn County",2,26,49,26,23
050,38,025,"North Dakota","Dunn County",2,27,51,24,27
050,38,025,"North Dakota","Dunn County",2,28,58,30,28
050,38,025,"North Dakota","Dunn County",2,29,58,29,29
050,38,025,"North Dakota","Dunn County",2,30,65,34,31
050,38,025,"North Dakota","Dunn County",2,31,62,38,24
050,38,025,"North Dakota","Dunn County",2,32,68,43,25
050,38,025,"North Dakota","Dunn County",2,33,73,46,27
050,38,025,"North Dakota","Dunn County",2,34,66,41,25
050,38,025,"North Dakota","Dunn County",2,35,51,30,21
050,38,025,"North Dakota","Dunn County",2,36,49,23,26
050,38,025,"North Dakota","Dunn County",2,37,53,28,25
050,38,025,"North Dakota","Dunn County",2,38,50,26,24
050,38,025,"North Dakota","Dunn County",2,39,50,26,24
050,38,025,"North Dakota","Dunn County",2,40,48,26,22
050,38,025,"North Dakota","Dunn County",2,41,48,30,18
050,38,025,"North Dakota","Dunn County",2,42,46,28,18
050,38,025,"North Dakota","Dunn County",2,43,45,29,16
050,38,025,"North Dakota","Dunn County",2,44,39,22,17
050,38,025,"North Dakota","Dunn County",2,45,38,20,18
050,38,025,"North Dakota","Dunn County",2,46,42,19,23
050,38,025,"North Dakota","Dunn County",2,47,39,21,18
050,38,025,"North Dakota","Dunn County",2,48,43,29,14
050,38,025,"North Dakota","Dunn County",2,49,40,27,13
050,38,025,"North Dakota","Dunn County",2,50,47,28,19
050,38,025,"North Dakota","Dunn County",2,51,51,29,22
050,38,025,"North Dakota","Dunn County",2,52,48,30,18
050,38,025,"North Dakota","Dunn County",2,53,49,24,25
050,38,025,"North Dakota","Dunn County",2,54,43,20,23
050,38,025,"North Dakota","Dunn County",2,55,48,27,21
050,38,025,"North Dakota","Dunn County",2,56,60,34,26
050,38,025,"North Dakota","Dunn County",2,57,64,37,27
050,38,025,"North Dakota","Dunn County",2,58,67,38,29
050,38,025,"North Dakota","Dunn County",2,59,59,36,23
050,38,025,"North Dakota","Dunn County",2,60,55,32,23
050,38,025,"North Dakota","Dunn County",2,61,63,34,29
050,38,025,"North Dakota","Dunn County",2,62,66,34,32
050,38,025,"North Dakota","Dunn County",2,63,71,37,34
050,38,025,"North Dakota","Dunn County",2,64,68,37,31
050,38,025,"North Dakota","Dunn County",2,65,60,34,26
050,38,025,"North Dakota","Dunn County",2,66,53,32,21
050,38,025,"North Dakota","Dunn County",2,67,56,32,24
050,38,025,"North Dakota","Dunn County",2,68,43,25,18
050,38,025,"North Dakota","Dunn County",2,69,43,23,20
050,38,025,"North Dakota","Dunn County",2,70,40,21,19
050,38,025,"North Dakota","Dunn County",2,71,41,22,19
050,38,025,"North Dakota","Dunn County",2,72,35,15,20
050,38,025,"North Dakota","Dunn County",2,73,30,14,16
050,38,025,"North Dakota","Dunn County",2,74,17,10,7
050,38,025,"North Dakota","Dunn County",2,75,14,6,8
050,38,025,"North Dakota","Dunn County",2,76,16,5,11
050,38,025,"North Dakota","Dunn County",2,77,19,9,10
050,38,025,"North Dakota","Dunn County",2,78,19,11,8
050,38,025,"North Dakota","Dunn County",2,79,19,9,10
050,38,025,"North Dakota","Dunn County",2,80,21,10,11
050,38,025,"North Dakota","Dunn County",2,81,19,10,9
050,38,025,"North Dakota","Dunn County",2,82,18,10,8
050,38,025,"North Dakota","Dunn County",2,83,20,14,6
050,38,025,"North Dakota","Dunn County",2,84,19,9,10
050,38,025,"North Dakota","Dunn County",2,85,92,34,58
050,38,025,"North Dakota","Dunn County",3,0,68,31,37
050,38,025,"North Dakota","Dunn County",3,1,61,34,27
050,38,025,"North Dakota","Dunn County",3,2,63,33,30
050,38,025,"North Dakota","Dunn County",3,3,53,31,22
050,38,025,"North Dakota","Dunn County",3,4,53,32,21
050,38,025,"North Dakota","Dunn County",3,5,54,26,28
050,38,025,"North Dakota","Dunn County",3,6,62,31,31
050,38,025,"North Dakota","Dunn County",3,7,56,27,29
050,38,025,"North Dakota","Dunn County",3,8,51,23,28
050,38,025,"North Dakota","Dunn County",3,9,58,24,34
050,38,025,"North Dakota","Dunn County",3,10,59,25,34
050,38,025,"North Dakota","Dunn County",3,11,58,30,28
050,38,025,"North Dakota","Dunn County",3,12,56,28,28
050,38,025,"North Dakota","Dunn County",3,13,62,30,32
050,38,025,"North Dakota","Dunn County",3,14,58,33,25
050,38,025,"North Dakota","Dunn County",3,15,44,26,18
050,38,025,"North Dakota","Dunn County",3,16,52,26,26
050,38,025,"North Dakota","Dunn County",3,17,51,30,21
050,38,025,"North Dakota","Dunn County",3,18,44,21,23
050,38,025,"North Dakota","Dunn County",3,19,37,22,15
050,38,025,"North Dakota","Dunn County",3,20,31,17,14
050,38,025,"North Dakota","Dunn County",3,21,31,16,15
050,38,025,"North Dakota","Dunn County",3,22,31,17,14
050,38,025,"North Dakota","Dunn County",3,23,26,13,13
050,38,025,"North Dakota","Dunn County",3,24,41,22,19
050,38,025,"North Dakota","Dunn County",3,25,42,21,21
050,38,025,"North Dakota","Dunn County",3,26,44,26,18
050,38,025,"North Dakota","Dunn County",3,27,51,24,27
050,38,025,"North Dakota","Dunn County",3,28,53,27,26
050,38,025,"North Dakota","Dunn County",3,29,52,26,26
050,38,025,"North Dakota","Dunn County",3,30,55,31,24
050,38,025,"North Dakota","Dunn County",3,31,57,29,28
050,38,025,"North Dakota","Dunn County",3,32,56,35,21
050,38,025,"North Dakota","Dunn County",3,33,73,45,28
050,38,025,"North Dakota","Dunn County",3,34,64,39,25
050,38,025,"North Dakota","Dunn County",3,35,61,38,23
050,38,025,"North Dakota","Dunn County",3,36,51,30,21
050,38,025,"North Dakota","Dunn County",3,37,47,23,24
050,38,025,"North Dakota","Dunn County",3,38,57,33,24
050,38,025,"North Dakota","Dunn County",3,39,42,21,21
050,38,025,"North Dakota","Dunn County",3,40,52,26,26
050,38,025,"North Dakota","Dunn County",3,41,51,29,22
050,38,025,"North Dakota","Dunn County",3,42,46,29,17
050,38,025,"North Dakota","Dunn County",3,43,43,24,19
050,38,025,"North Dakota","Dunn County",3,44,44,29,15
050,38,025,"North Dakota","Dunn County",3,45,36,21,15
050,38,025,"North Dakota","Dunn County",3,46,40,20,20
050,38,025,"North Dakota","Dunn County",3,47,39,19,20
050,38,025,"North Dakota","Dunn County",3,48,36,18,18
050,38,025,"North Dakota","Dunn County",3,49,39,24,15
050,38,025,"North Dakota","Dunn County",3,50,35,22,13
050,38,025,"North Dakota","Dunn County",3,51,52,33,19
050,38,025,"North Dakota","Dunn County",3,52,46,27,19
050,38,025,"North Dakota","Dunn County",3,53,38,22,16
050,38,025,"North Dakota","Dunn County",3,54,47,25,22
050,38,025,"North Dakota","Dunn County",3,55,45,21,24
050,38,025,"North Dakota","Dunn County",3,56,50,29,21
050,38,025,"North Dakota","Dunn County",3,57,61,34,27
050,38,025,"North Dakota","Dunn County",3,58,60,33,27
050,38,025,"North Dakota","Dunn County",3,59,66,37,29
050,38,025,"North Dakota","Dunn County",3,60,61,34,27
050,38,025,"North Dakota","Dunn County",3,61,48,29,19
050,38,025,"North Dakota","Dunn County",3,62,58,31,27
050,38,025,"North Dakota","Dunn County",3,63,65,34,31
050,38,025,"North Dakota","Dunn County",3,64,71,35,36
050,38,025,"North Dakota","Dunn County",3,65,63,34,29
050,38,025,"North Dakota","Dunn County",3,66,56,31,25
050,38,025,"North Dakota","Dunn County",3,67,54,31,23
050,38,025,"North Dakota","Dunn County",3,68,55,32,23
050,38,025,"North Dakota","Dunn County",3,69,45,28,17
050,38,025,"North Dakota","Dunn County",3,70,36,19,17
050,38,025,"North Dakota","Dunn County",3,71,40,21,19
050,38,025,"North Dakota","Dunn County",3,72,40,22,18
050,38,025,"North Dakota","Dunn County",3,73,35,16,19
050,38,025,"North Dakota","Dunn County",3,74,31,14,17
050,38,025,"North Dakota","Dunn County",3,75,14,8,6
050,38,025,"North Dakota","Dunn County",3,76,17,6,11
050,38,025,"North Dakota","Dunn County",3,77,11,3,8
050,38,025,"North Dakota","Dunn County",3,78,19,10,9
050,38,025,"North Dakota","Dunn County",3,79,19,12,7
050,38,025,"North Dakota","Dunn County",3,80,22,11,11
050,38,025,"North Dakota","Dunn County",3,81,19,9,10
050,38,025,"North Dakota","Dunn County",3,82,15,9,6
050,38,025,"North Dakota","Dunn County",3,83,17,10,7
050,38,025,"North Dakota","Dunn County",3,84,17,11,6
050,38,025,"North Dakota","Dunn County",3,85,99,39,60
050,38,025,"North Dakota","Dunn County",4,0,70,34,36
050,38,025,"North Dakota","Dunn County",4,1,60,29,31
050,38,025,"North Dakota","Dunn County",4,2,58,30,28
050,38,025,"North Dakota","Dunn County",4,3,60,31,29
050,38,025,"North Dakota","Dunn County",4,4,53,29,24
050,38,025,"North Dakota","Dunn County",4,5,53,34,19
050,38,025,"North Dakota","Dunn County",4,6,52,23,29
050,38,025,"North Dakota","Dunn County",4,7,65,32,33
050,38,025,"North Dakota","Dunn County",4,8,56,26,30
050,38,025,"North Dakota","Dunn County",4,9,53,26,27
050,38,025,"North Dakota","Dunn County",4,10,61,26,35
050,38,025,"North Dakota","Dunn County",4,11,56,23,33
050,38,025,"North Dakota","Dunn County",4,12,62,32,30
050,38,025,"North Dakota","Dunn County",4,13,58,28,30
050,38,025,"North Dakota","Dunn County",4,14,61,29,32
050,38,025,"North Dakota","Dunn County",4,15,61,35,26
050,38,025,"North Dakota","Dunn County",4,16,43,26,17
050,38,025,"North Dakota","Dunn County",4,17,47,20,27
050,38,025,"North Dakota","Dunn County",4,18,46,29,17
050,38,025,"North Dakota","Dunn County",4,19,29,14,15
050,38,025,"North Dakota","Dunn County",4,20,38,20,18
050,38,025,"North Dakota","Dunn County",4,21,40,26,14
050,38,025,"North Dakota","Dunn County",4,22,33,15,18
050,38,025,"North Dakota","Dunn County",4,23,35,19,16
050,38,025,"North Dakota","Dunn County",4,24,32,18,14
050,38,025,"North Dakota","Dunn County",4,25,47,25,22
050,38,025,"North Dakota","Dunn County",4,26,43,22,21
050,38,025,"North Dakota","Dunn County",4,27,43,26,17
050,38,025,"North Dakota","Dunn County",4,28,48,24,24
050,38,025,"North Dakota","Dunn County",4,29,58,31,27
050,38,025,"North Dakota","Dunn County",4,30,49,25,24
050,38,025,"North Dakota","Dunn County",4,31,45,23,22
050,38,025,"North Dakota","Dunn County",4,32,57,30,27
050,38,025,"North Dakota","Dunn County",4,33,57,34,23
050,38,025,"North Dakota","Dunn County",4,34,76,47,29
050,38,025,"North Dakota","Dunn County",4,35,58,31,27
050,38,025,"North Dakota","Dunn County",4,36,60,37,23
050,38,025,"North Dakota","Dunn County",4,37,47,29,18
050,38,025,"North Dakota","Dunn County",4,38,46,22,24
050,38,025,"North Dakota","Dunn County",4,39,54,34,20
050,38,025,"North Dakota","Dunn County",4,40,38,18,20
050,38,025,"North Dakota","Dunn County",4,41,58,31,27
050,38,025,"North Dakota","Dunn County",4,42,47,26,21
050,38,025,"North Dakota","Dunn County",4,43,50,31,19
050,38,025,"North Dakota","Dunn County",4,44,38,21,17
050,38,025,"North Dakota","Dunn County",4,45,47,30,17
050,38,025,"North Dakota","Dunn County",4,46,36,23,13
050,38,025,"North Dakota","Dunn County",4,47,39,19,20
050,38,025,"North Dakota","Dunn County",4,48,38,16,22
050,38,025,"North Dakota","Dunn County",4,49,31,13,18
050,38,025,"North Dakota","Dunn County",4,50,40,27,13
050,38,025,"North Dakota","Dunn County",4,51,36,23,13
050,38,025,"North Dakota","Dunn County",4,52,45,26,19
050,38,025,"North Dakota","Dunn County",4,53,40,23,17
050,38,025,"North Dakota","Dunn County",4,54,35,19,16
050,38,025,"North Dakota","Dunn County",4,55,50,27,23
050,38,025,"North Dakota","Dunn County",4,56,42,22,20
050,38,025,"North Dakota","Dunn County",4,57,49,28,21
050,38,025,"North Dakota","Dunn County",4,58,63,37,26
050,38,025,"North Dakota","Dunn County",4,59,60,33,27
050,38,025,"North Dakota","Dunn County",4,60,63,34,29
050,38,025,"North Dakota","Dunn County",4,61,58,33,25
050,38,025,"North Dakota","Dunn County",4,62,47,27,20
050,38,025,"North Dakota","Dunn County",4,63,57,30,27
050,38,025,"North Dakota","Dunn County",4,64,62,32,30
050,38,025,"North Dakota","Dunn County",4,65,65,31,34
050,38,025,"North Dakota","Dunn County",4,66,62,32,30
050,38,025,"North Dakota","Dunn County",4,67,57,31,26
050,38,025,"North Dakota","Dunn County",4,68,52,30,22
050,38,025,"North Dakota","Dunn County",4,69,60,36,24
050,38,025,"North Dakota","Dunn County",4,70,37,23,14
050,38,025,"North Dakota","Dunn County",4,71,37,19,18
050,38,025,"North Dakota","Dunn County",4,72,39,21,18
050,38,025,"North Dakota","Dunn County",4,73,38,21,17
050,38,025,"North Dakota","Dunn County",4,74,34,15,19
050,38,025,"North Dakota","Dunn County",4,75,29,13,16
050,38,025,"North Dakota","Dunn County",4,76,18,8,10
050,38,025,"North Dakota","Dunn County",4,77,13,5,8
050,38,025,"North Dakota","Dunn County",4,78,10,2,8
050,38,025,"North Dakota","Dunn County",4,79,18,9,9
050,38,025,"North Dakota","Dunn County",4,80,21,14,7
050,38,025,"North Dakota","Dunn County",4,81,21,10,11
050,38,025,"North Dakota","Dunn County",4,82,15,8,7
050,38,025,"North Dakota","Dunn County",4,83,13,8,5
050,38,025,"North Dakota","Dunn County",4,84,13,7,6
050,38,025,"North Dakota","Dunn County",4,85,103,43,60
050,38,025,"North Dakota","Dunn County",5,0,68,33,35
050,38,025,"North Dakota","Dunn County",5,1,59,30,29
050,38,025,"North Dakota","Dunn County",5,2,58,30,28
050,38,025,"North Dakota","Dunn County",5,3,61,34,27
050,38,025,"North Dakota","Dunn County",5,4,58,30,28
050,38,025,"North Dakota","Dunn County",5,5,51,29,22
050,38,025,"North Dakota","Dunn County",5,6,53,29,24
050,38,025,"North Dakota","Dunn County",5,7,49,22,27
050,38,025,"North Dakota","Dunn County",5,8,62,32,30
050,38,025,"North Dakota","Dunn County",5,9,59,29,30
050,38,025,"North Dakota","Dunn County",5,10,54,27,27
050,38,025,"North Dakota","Dunn County",5,11,61,26,35
050,38,025,"North Dakota","Dunn County",5,12,55,22,33
050,38,025,"North Dakota","Dunn County",5,13,63,31,32
050,38,025,"North Dakota","Dunn County",5,14,64,29,35
050,38,025,"North Dakota","Dunn County",5,15,61,31,30
050,38,025,"North Dakota","Dunn County",5,16,63,37,26
050,38,025,"North Dakota","Dunn County",5,17,45,27,18
050,38,025,"North Dakota","Dunn County",5,18,39,18,21
050,38,025,"North Dakota","Dunn County",5,19,31,19,12
050,38,025,"North Dakota","Dunn County",5,20,31,14,17
050,38,025,"North Dakota","Dunn County",5,21,46,28,18
050,38,025,"North Dakota","Dunn County",5,22,43,31,12
050,38,025,"North Dakota","Dunn County",5,23,33,14,19
050,38,025,"North Dakota","Dunn County",5,24,41,21,20
050,38,025,"North Dakota","Dunn County",5,25,39,23,16
050,38,025,"North Dakota","Dunn County",5,26,48,28,20
050,38,025,"North Dakota","Dunn County",5,27,42,23,19
050,38,025,"North Dakota","Dunn County",5,28,46,26,20
050,38,025,"North Dakota","Dunn County",5,29,43,22,21
050,38,025,"North Dakota","Dunn County",5,30,54,29,25
050,38,025,"North Dakota","Dunn County",5,31,51,26,25
050,38,025,"North Dakota","Dunn County",5,32,44,24,20
050,38,025,"North Dakota","Dunn County",5,33,59,31,28
050,38,025,"North Dakota","Dunn County",5,34,57,34,23
050,38,025,"North Dakota","Dunn County",5,35,70,42,28
050,38,025,"North Dakota","Dunn County",5,36,58,31,27
050,38,025,"North Dakota","Dunn County",5,37,60,37,23
050,38,025,"North Dakota","Dunn County",5,38,49,33,16
050,38,025,"North Dakota","Dunn County",5,39,42,22,20
050,38,025,"North Dakota","Dunn County",5,40,57,35,22
050,38,025,"North Dakota","Dunn County",5,41,39,21,18
050,38,025,"North Dakota","Dunn County",5,42,61,34,27
050,38,025,"North Dakota","Dunn County",5,43,45,24,21
050,38,025,"North Dakota","Dunn County",5,44,52,33,19
050,38,025,"North Dakota","Dunn County",5,45,40,23,17
050,38,025,"North Dakota","Dunn County",5,46,47,29,18
050,38,025,"North Dakota","Dunn County",5,47,39,23,16
050,38,025,"North Dakota","Dunn County",5,48,41,19,22
050,38,025,"North Dakota","Dunn County",5,49,37,15,22
050,38,025,"North Dakota","Dunn County",5,50,30,13,17
050,38,025,"North Dakota","Dunn County",5,51,45,30,15
050,38,025,"North Dakota","Dunn County",5,52,36,23,13
050,38,025,"North Dakota","Dunn County",5,53,44,24,20
050,38,025,"North Dakota","Dunn County",5,54,39,28,11
050,38,025,"North Dakota","Dunn County",5,55,39,20,19
050,38,025,"North Dakota","Dunn County",5,56,57,31,26
050,38,025,"North Dakota","Dunn County",5,57,43,23,20
050,38,025,"North Dakota","Dunn County",5,58,45,27,18
050,38,025,"North Dakota","Dunn County",5,59,55,31,24
050,38,025,"North Dakota","Dunn County",5,60,54,29,25
050,38,025,"North Dakota","Dunn County",5,61,60,32,28
050,38,025,"North Dakota","Dunn County",5,62,55,30,25
050,38,025,"North Dakota","Dunn County",5,63,49,29,20
050,38,025,"North Dakota","Dunn County",5,64,54,28,26
050,38,025,"North Dakota","Dunn County",5,65,61,31,30
050,38,025,"North Dakota","Dunn County",5,66,62,29,33
050,38,025,"North Dakota","Dunn County",5,67,59,30,29
050,38,025,"North Dakota","Dunn County",5,68,55,31,24
050,38,025,"North Dakota","Dunn County",5,69,58,35,23
050,38,025,"North Dakota","Dunn County",5,70,53,31,22
050,38,025,"North Dakota","Dunn County",5,71,38,23,15
050,38,025,"North Dakota","Dunn County",5,72,33,16,17
050,38,025,"North Dakota","Dunn County",5,73,41,23,18
050,38,025,"North Dakota","Dunn County",5,74,37,20,17
050,38,025,"North Dakota","Dunn County",5,75,33,14,19
050,38,025,"North Dakota","Dunn County",5,76,33,14,19
050,38,025,"North Dakota","Dunn County",5,77,14,6,8
050,38,025,"North Dakota","Dunn County",5,78,14,6,8
050,38,025,"North Dakota","Dunn County",5,79,8,1,7
050,38,025,"North Dakota","Dunn County",5,80,20,11,9
050,38,025,"North Dakota","Dunn County",5,81,20,13,7
050,38,025,"North Dakota","Dunn County",5,82,18,9,9
050,38,025,"North Dakota","Dunn County",5,83,14,8,6
050,38,025,"North Dakota","Dunn County",5,84,10,5,5
050,38,025,"North Dakota","Dunn County",5,85,105,45,60
050,38,027,"North Dakota","Eddy County",1,0,29,14,15
050,38,027,"North Dakota","Eddy County",1,1,35,17,18
050,38,027,"North Dakota","Eddy County",1,2,29,18,11
050,38,027,"North Dakota","Eddy County",1,3,33,20,13
050,38,027,"North Dakota","Eddy County",1,4,46,24,22
050,38,027,"North Dakota","Eddy County",1,5,36,15,21
050,38,027,"North Dakota","Eddy County",1,6,30,15,15
050,38,027,"North Dakota","Eddy County",1,7,28,16,12
050,38,027,"North Dakota","Eddy County",1,8,28,14,14
050,38,027,"North Dakota","Eddy County",1,9,28,16,12
050,38,027,"North Dakota","Eddy County",1,10,32,16,16
050,38,027,"North Dakota","Eddy County",1,11,28,18,10
050,38,027,"North Dakota","Eddy County",1,12,26,16,10
050,38,027,"North Dakota","Eddy County",1,13,31,17,14
050,38,027,"North Dakota","Eddy County",1,14,35,20,15
050,38,027,"North Dakota","Eddy County",1,15,25,12,13
050,38,027,"North Dakota","Eddy County",1,16,31,16,15
050,38,027,"North Dakota","Eddy County",1,17,27,9,18
050,38,027,"North Dakota","Eddy County",1,18,27,14,13
050,38,027,"North Dakota","Eddy County",1,19,28,17,11
050,38,027,"North Dakota","Eddy County",1,20,20,9,11
050,38,027,"North Dakota","Eddy County",1,21,24,12,12
050,38,027,"North Dakota","Eddy County",1,22,18,10,8
050,38,027,"North Dakota","Eddy County",1,23,14,6,8
050,38,027,"North Dakota","Eddy County",1,24,22,14,8
050,38,027,"North Dakota","Eddy County",1,25,24,15,9
050,38,027,"North Dakota","Eddy County",1,26,19,11,8
050,38,027,"North Dakota","Eddy County",1,27,21,9,12
050,38,027,"North Dakota","Eddy County",1,28,22,11,11
050,38,027,"North Dakota","Eddy County",1,29,32,16,16
050,38,027,"North Dakota","Eddy County",1,30,28,14,14
050,38,027,"North Dakota","Eddy County",1,31,23,11,12
050,38,027,"North Dakota","Eddy County",1,32,20,10,10
050,38,027,"North Dakota","Eddy County",1,33,28,16,12
050,38,027,"North Dakota","Eddy County",1,34,32,19,13
050,38,027,"North Dakota","Eddy County",1,35,23,11,12
050,38,027,"North Dakota","Eddy County",1,36,25,12,13
050,38,027,"North Dakota","Eddy County",1,37,22,10,12
050,38,027,"North Dakota","Eddy County",1,38,26,12,14
050,38,027,"North Dakota","Eddy County",1,39,25,16,9
050,38,027,"North Dakota","Eddy County",1,40,23,11,12
050,38,027,"North Dakota","Eddy County",1,41,21,11,10
050,38,027,"North Dakota","Eddy County",1,42,29,18,11
050,38,027,"North Dakota","Eddy County",1,43,25,11,14
050,38,027,"North Dakota","Eddy County",1,44,24,10,14
050,38,027,"North Dakota","Eddy County",1,45,25,12,13
050,38,027,"North Dakota","Eddy County",1,46,17,10,7
050,38,027,"North Dakota","Eddy County",1,47,20,9,11
050,38,027,"North Dakota","Eddy County",1,48,18,10,8
050,38,027,"North Dakota","Eddy County",1,49,14,7,7
050,38,027,"North Dakota","Eddy County",1,50,22,9,13
050,38,027,"North Dakota","Eddy County",1,51,26,14,12
050,38,027,"North Dakota","Eddy County",1,52,23,11,12
050,38,027,"North Dakota","Eddy County",1,53,29,14,15
050,38,027,"North Dakota","Eddy County",1,54,25,12,13
050,38,027,"North Dakota","Eddy County",1,55,33,13,20
050,38,027,"North Dakota","Eddy County",1,56,44,21,23
050,38,027,"North Dakota","Eddy County",1,57,42,25,17
050,38,027,"North Dakota","Eddy County",1,58,37,24,13
050,38,027,"North Dakota","Eddy County",1,59,35,19,16
050,38,027,"North Dakota","Eddy County",1,60,38,18,20
050,38,027,"North Dakota","Eddy County",1,61,46,23,23
050,38,027,"North Dakota","Eddy County",1,62,37,19,18
050,38,027,"North Dakota","Eddy County",1,63,39,19,20
050,38,027,"North Dakota","Eddy County",1,64,40,19,21
050,38,027,"North Dakota","Eddy County",1,65,47,24,23
050,38,027,"North Dakota","Eddy County",1,66,43,25,18
050,38,027,"North Dakota","Eddy County",1,67,40,25,15
050,38,027,"North Dakota","Eddy County",1,68,29,15,14
050,38,027,"North Dakota","Eddy County",1,69,28,12,16
050,38,027,"North Dakota","Eddy County",1,70,22,13,9
050,38,027,"North Dakota","Eddy County",1,71,26,15,11
050,38,027,"North Dakota","Eddy County",1,72,22,11,11
050,38,027,"North Dakota","Eddy County",1,73,24,12,12
050,38,027,"North Dakota","Eddy County",1,74,20,12,8
050,38,027,"North Dakota","Eddy County",1,75,19,8,11
050,38,027,"North Dakota","Eddy County",1,76,16,8,8
050,38,027,"North Dakota","Eddy County",1,77,16,9,7
050,38,027,"North Dakota","Eddy County",1,78,11,5,6
050,38,027,"North Dakota","Eddy County",1,79,12,4,8
050,38,027,"North Dakota","Eddy County",1,80,19,8,11
050,38,027,"North Dakota","Eddy County",1,81,18,7,11
050,38,027,"North Dakota","Eddy County",1,82,11,4,7
050,38,027,"North Dakota","Eddy County",1,83,7,5,2
050,38,027,"North Dakota","Eddy County",1,84,10,3,7
050,38,027,"North Dakota","Eddy County",1,85,90,21,69
050,38,027,"North Dakota","Eddy County",2,0,29,13,16
050,38,027,"North Dakota","Eddy County",2,1,34,17,17
050,38,027,"North Dakota","Eddy County",2,2,29,17,12
050,38,027,"North Dakota","Eddy County",2,3,32,20,12
050,38,027,"North Dakota","Eddy County",2,4,45,23,22
050,38,027,"North Dakota","Eddy County",2,5,38,17,21
050,38,027,"North Dakota","Eddy County",2,6,31,15,16
050,38,027,"North Dakota","Eddy County",2,7,28,16,12
050,38,027,"North Dakota","Eddy County",2,8,27,14,13
050,38,027,"North Dakota","Eddy County",2,9,28,16,12
050,38,027,"North Dakota","Eddy County",2,10,30,15,15
050,38,027,"North Dakota","Eddy County",2,11,29,18,11
050,38,027,"North Dakota","Eddy County",2,12,27,17,10
050,38,027,"North Dakota","Eddy County",2,13,31,17,14
050,38,027,"North Dakota","Eddy County",2,14,33,18,15
050,38,027,"North Dakota","Eddy County",2,15,26,13,13
050,38,027,"North Dakota","Eddy County",2,16,28,14,14
050,38,027,"North Dakota","Eddy County",2,17,27,11,16
050,38,027,"North Dakota","Eddy County",2,18,26,13,13
050,38,027,"North Dakota","Eddy County",2,19,27,16,11
050,38,027,"North Dakota","Eddy County",2,20,21,10,11
050,38,027,"North Dakota","Eddy County",2,21,23,11,12
050,38,027,"North Dakota","Eddy County",2,22,20,11,9
050,38,027,"North Dakota","Eddy County",2,23,16,8,8
050,38,027,"North Dakota","Eddy County",2,24,20,12,8
050,38,027,"North Dakota","Eddy County",2,25,23,15,8
050,38,027,"North Dakota","Eddy County",2,26,20,12,8
050,38,027,"North Dakota","Eddy County",2,27,20,9,11
050,38,027,"North Dakota","Eddy County",2,28,21,10,11
050,38,027,"North Dakota","Eddy County",2,29,29,14,15
050,38,027,"North Dakota","Eddy County",2,30,30,15,15
050,38,027,"North Dakota","Eddy County",2,31,23,11,12
050,38,027,"North Dakota","Eddy County",2,32,20,10,10
050,38,027,"North Dakota","Eddy County",2,33,27,16,11
050,38,027,"North Dakota","Eddy County",2,34,31,19,12
050,38,027,"North Dakota","Eddy County",2,35,24,12,12
050,38,027,"North Dakota","Eddy County",2,36,23,11,12
050,38,027,"North Dakota","Eddy County",2,37,23,11,12
050,38,027,"North Dakota","Eddy County",2,38,27,12,15
050,38,027,"North Dakota","Eddy County",2,39,26,15,11
050,38,027,"North Dakota","Eddy County",2,40,24,13,11
050,38,027,"North Dakota","Eddy County",2,41,21,12,9
050,38,027,"North Dakota","Eddy County",2,42,26,16,10
050,38,027,"North Dakota","Eddy County",2,43,26,13,13
050,38,027,"North Dakota","Eddy County",2,44,24,10,14
050,38,027,"North Dakota","Eddy County",2,45,24,11,13
050,38,027,"North Dakota","Eddy County",2,46,18,10,8
050,38,027,"North Dakota","Eddy County",2,47,20,9,11
050,38,027,"North Dakota","Eddy County",2,48,18,10,8
050,38,027,"North Dakota","Eddy County",2,49,14,7,7
050,38,027,"North Dakota","Eddy County",2,50,20,9,11
050,38,027,"North Dakota","Eddy County",2,51,24,12,12
050,38,027,"North Dakota","Eddy County",2,52,23,11,12
050,38,027,"North Dakota","Eddy County",2,53,28,13,15
050,38,027,"North Dakota","Eddy County",2,54,25,12,13
050,38,027,"North Dakota","Eddy County",2,55,31,13,18
050,38,027,"North Dakota","Eddy County",2,56,42,19,23
050,38,027,"North Dakota","Eddy County",2,57,42,24,18
050,38,027,"North Dakota","Eddy County",2,58,39,25,14
050,38,027,"North Dakota","Eddy County",2,59,35,20,15
050,38,027,"North Dakota","Eddy County",2,60,37,18,19
050,38,027,"North Dakota","Eddy County",2,61,44,22,22
050,38,027,"North Dakota","Eddy County",2,62,38,19,19
050,38,027,"North Dakota","Eddy County",2,63,39,19,20
050,38,027,"North Dakota","Eddy County",2,64,40,19,21
050,38,027,"North Dakota","Eddy County",2,65,46,23,23
050,38,027,"North Dakota","Eddy County",2,66,41,23,18
050,38,027,"North Dakota","Eddy County",2,67,41,26,15
050,38,027,"North Dakota","Eddy County",2,68,31,17,14
050,38,027,"North Dakota","Eddy County",2,69,29,13,16
050,38,027,"North Dakota","Eddy County",2,70,23,13,10
050,38,027,"North Dakota","Eddy County",2,71,26,15,11
050,38,027,"North Dakota","Eddy County",2,72,23,12,11
050,38,027,"North Dakota","Eddy County",2,73,24,12,12
050,38,027,"North Dakota","Eddy County",2,74,20,12,8
050,38,027,"North Dakota","Eddy County",2,75,18,8,10
050,38,027,"North Dakota","Eddy County",2,76,15,8,7
050,38,027,"North Dakota","Eddy County",2,77,17,9,8
050,38,027,"North Dakota","Eddy County",2,78,11,5,6
050,38,027,"North Dakota","Eddy County",2,79,12,4,8
050,38,027,"North Dakota","Eddy County",2,80,18,7,11
050,38,027,"North Dakota","Eddy County",2,81,19,8,11
050,38,027,"North Dakota","Eddy County",2,82,13,5,8
050,38,027,"North Dakota","Eddy County",2,83,7,4,3
050,38,027,"North Dakota","Eddy County",2,84,8,3,5
050,38,027,"North Dakota","Eddy County",2,85,88,19,69
050,38,027,"North Dakota","Eddy County",3,0,30,20,10
050,38,027,"North Dakota","Eddy County",3,1,32,14,18
050,38,027,"North Dakota","Eddy County",3,2,35,18,17
050,38,027,"North Dakota","Eddy County",3,3,31,17,14
050,38,027,"North Dakota","Eddy County",3,4,30,20,10
050,38,027,"North Dakota","Eddy County",3,5,48,24,24
050,38,027,"North Dakota","Eddy County",3,6,36,17,19
050,38,027,"North Dakota","Eddy County",3,7,31,14,17
050,38,027,"North Dakota","Eddy County",3,8,27,15,12
050,38,027,"North Dakota","Eddy County",3,9,32,17,15
050,38,027,"North Dakota","Eddy County",3,10,28,16,12
050,38,027,"North Dakota","Eddy County",3,11,30,15,15
050,38,027,"North Dakota","Eddy County",3,12,28,18,10
050,38,027,"North Dakota","Eddy County",3,13,27,17,10
050,38,027,"North Dakota","Eddy County",3,14,36,21,15
050,38,027,"North Dakota","Eddy County",3,15,33,17,16
050,38,027,"North Dakota","Eddy County",3,16,27,14,13
050,38,027,"North Dakota","Eddy County",3,17,30,15,15
050,38,027,"North Dakota","Eddy County",3,18,25,11,14
050,38,027,"North Dakota","Eddy County",3,19,25,13,12
050,38,027,"North Dakota","Eddy County",3,20,25,16,9
050,38,027,"North Dakota","Eddy County",3,21,19,9,10
050,38,027,"North Dakota","Eddy County",3,22,22,12,10
050,38,027,"North Dakota","Eddy County",3,23,23,12,11
050,38,027,"North Dakota","Eddy County",3,24,17,10,7
050,38,027,"North Dakota","Eddy County",3,25,26,17,9
050,38,027,"North Dakota","Eddy County",3,26,20,12,8
050,38,027,"North Dakota","Eddy County",3,27,23,15,8
050,38,027,"North Dakota","Eddy County",3,28,21,10,11
050,38,027,"North Dakota","Eddy County",3,29,23,10,13
050,38,027,"North Dakota","Eddy County",3,30,28,13,15
050,38,027,"North Dakota","Eddy County",3,31,28,14,14
050,38,027,"North Dakota","Eddy County",3,32,22,11,11
050,38,027,"North Dakota","Eddy County",3,33,20,10,10
050,38,027,"North Dakota","Eddy County",3,34,29,19,10
050,38,027,"North Dakota","Eddy County",3,35,32,20,12
050,38,027,"North Dakota","Eddy County",3,36,24,12,12
050,38,027,"North Dakota","Eddy County",3,37,22,11,11
050,38,027,"North Dakota","Eddy County",3,38,24,12,12
050,38,027,"North Dakota","Eddy County",3,39,27,13,14
050,38,027,"North Dakota","Eddy County",3,40,27,15,12
050,38,027,"North Dakota","Eddy County",3,41,24,13,11
050,38,027,"North Dakota","Eddy County",3,42,20,11,9
050,38,027,"North Dakota","Eddy County",3,43,27,16,11
050,38,027,"North Dakota","Eddy County",3,44,28,14,14
050,38,027,"North Dakota","Eddy County",3,45,26,10,16
050,38,027,"North Dakota","Eddy County",3,46,24,11,13
050,38,027,"North Dakota","Eddy County",3,47,20,11,9
050,38,027,"North Dakota","Eddy County",3,48,21,9,12
050,38,027,"North Dakota","Eddy County",3,49,19,10,9
050,38,027,"North Dakota","Eddy County",3,50,14,6,8
050,38,027,"North Dakota","Eddy County",3,51,20,9,11
050,38,027,"North Dakota","Eddy County",3,52,25,13,12
050,38,027,"North Dakota","Eddy County",3,53,24,12,12
050,38,027,"North Dakota","Eddy County",3,54,28,13,15
050,38,027,"North Dakota","Eddy County",3,55,26,12,14
050,38,027,"North Dakota","Eddy County",3,56,29,13,16
050,38,027,"North Dakota","Eddy County",3,57,45,19,26
050,38,027,"North Dakota","Eddy County",3,58,41,23,18
050,38,027,"North Dakota","Eddy County",3,59,42,27,15
050,38,027,"North Dakota","Eddy County",3,60,29,16,13
050,38,027,"North Dakota","Eddy County",3,61,38,18,20
050,38,027,"North Dakota","Eddy County",3,62,39,19,20
050,38,027,"North Dakota","Eddy County",3,63,34,17,17
050,38,027,"North Dakota","Eddy County",3,64,39,20,19
050,38,027,"North Dakota","Eddy County",3,65,37,16,21
050,38,027,"North Dakota","Eddy County",3,66,41,21,20
050,38,027,"North Dakota","Eddy County",3,67,42,24,18
050,38,027,"North Dakota","Eddy County",3,68,38,23,15
050,38,027,"North Dakota","Eddy County",3,69,29,15,14
050,38,027,"North Dakota","Eddy County",3,70,29,13,16
050,38,027,"North Dakota","Eddy County",3,71,21,12,9
050,38,027,"North Dakota","Eddy County",3,72,23,13,10
050,38,027,"North Dakota","Eddy County",3,73,19,9,10
050,38,027,"North Dakota","Eddy County",3,74,24,13,11
050,38,027,"North Dakota","Eddy County",3,75,19,10,9
050,38,027,"North Dakota","Eddy County",3,76,17,9,8
050,38,027,"North Dakota","Eddy County",3,77,15,6,9
050,38,027,"North Dakota","Eddy County",3,78,15,8,7
050,38,027,"North Dakota","Eddy County",3,79,11,4,7
050,38,027,"North Dakota","Eddy County",3,80,12,4,8
050,38,027,"North Dakota","Eddy County",3,81,19,9,10
050,38,027,"North Dakota","Eddy County",3,82,16,8,8
050,38,027,"North Dakota","Eddy County",3,83,8,3,5
050,38,027,"North Dakota","Eddy County",3,84,5,3,2
050,38,027,"North Dakota","Eddy County",3,85,79,17,62
050,38,027,"North Dakota","Eddy County",4,0,29,18,11
050,38,027,"North Dakota","Eddy County",4,1,34,22,12
050,38,027,"North Dakota","Eddy County",4,2,32,13,19
050,38,027,"North Dakota","Eddy County",4,3,35,19,16
050,38,027,"North Dakota","Eddy County",4,4,32,16,16
050,38,027,"North Dakota","Eddy County",4,5,30,19,11
050,38,027,"North Dakota","Eddy County",4,6,48,26,22
050,38,027,"North Dakota","Eddy County",4,7,34,16,18
050,38,027,"North Dakota","Eddy County",4,8,32,17,15
050,38,027,"North Dakota","Eddy County",4,9,27,15,12
050,38,027,"North Dakota","Eddy County",4,10,31,17,14
050,38,027,"North Dakota","Eddy County",4,11,28,16,12
050,38,027,"North Dakota","Eddy County",4,12,31,15,16
050,38,027,"North Dakota","Eddy County",4,13,33,18,15
050,38,027,"North Dakota","Eddy County",4,14,28,18,10
050,38,027,"North Dakota","Eddy County",4,15,36,18,18
050,38,027,"North Dakota","Eddy County",4,16,33,17,16
050,38,027,"North Dakota","Eddy County",4,17,28,14,14
050,38,027,"North Dakota","Eddy County",4,18,29,13,16
050,38,027,"North Dakota","Eddy County",4,19,20,9,11
050,38,027,"North Dakota","Eddy County",4,20,25,13,12
050,38,027,"North Dakota","Eddy County",4,21,24,17,7
050,38,027,"North Dakota","Eddy County",4,22,22,10,12
050,38,027,"North Dakota","Eddy County",4,23,21,12,9
050,38,027,"North Dakota","Eddy County",4,24,24,14,10
050,38,027,"North Dakota","Eddy County",4,25,17,11,6
050,38,027,"North Dakota","Eddy County",4,26,24,17,7
050,38,027,"North Dakota","Eddy County",4,27,20,12,8
050,38,027,"North Dakota","Eddy County",4,28,23,14,9
050,38,027,"North Dakota","Eddy County",4,29,17,7,10
050,38,027,"North Dakota","Eddy County",4,30,22,10,12
050,38,027,"North Dakota","Eddy County",4,31,28,13,15
050,38,027,"North Dakota","Eddy County",4,32,27,14,13
050,38,027,"North Dakota","Eddy County",4,33,23,12,11
050,38,027,"North Dakota","Eddy County",4,34,24,12,12
050,38,027,"North Dakota","Eddy County",4,35,30,18,12
050,38,027,"North Dakota","Eddy County",4,36,29,18,11
050,38,027,"North Dakota","Eddy County",4,37,25,12,13
050,38,027,"North Dakota","Eddy County",4,38,22,11,11
050,38,027,"North Dakota","Eddy County",4,39,27,14,13
050,38,027,"North Dakota","Eddy County",4,40,27,13,14
050,38,027,"North Dakota","Eddy County",4,41,27,16,11
050,38,027,"North Dakota","Eddy County",4,42,24,13,11
050,38,027,"North Dakota","Eddy County",4,43,20,10,10
050,38,027,"North Dakota","Eddy County",4,44,28,16,12
050,38,027,"North Dakota","Eddy County",4,45,25,13,12
050,38,027,"North Dakota","Eddy County",4,46,26,10,16
050,38,027,"North Dakota","Eddy County",4,47,23,10,13
050,38,027,"North Dakota","Eddy County",4,48,24,15,9
050,38,027,"North Dakota","Eddy County",4,49,21,10,11
050,38,027,"North Dakota","Eddy County",4,50,19,10,9
050,38,027,"North Dakota","Eddy County",4,51,11,5,6
050,38,027,"North Dakota","Eddy County",4,52,19,7,12
050,38,027,"North Dakota","Eddy County",4,53,25,13,12
050,38,027,"North Dakota","Eddy County",4,54,24,12,12
050,38,027,"North Dakota","Eddy County",4,55,29,14,15
050,38,027,"North Dakota","Eddy County",4,56,25,11,14
050,38,027,"North Dakota","Eddy County",4,57,30,13,17
050,38,027,"North Dakota","Eddy County",4,58,45,21,24
050,38,027,"North Dakota","Eddy County",4,59,41,23,18
050,38,027,"North Dakota","Eddy County",4,60,40,26,14
050,38,027,"North Dakota","Eddy County",4,61,31,17,14
050,38,027,"North Dakota","Eddy County",4,62,35,15,20
050,38,027,"North Dakota","Eddy County",4,63,38,18,20
050,38,027,"North Dakota","Eddy County",4,64,34,17,17
050,38,027,"North Dakota","Eddy County",4,65,35,17,18
050,38,027,"North Dakota","Eddy County",4,66,31,13,18
050,38,027,"North Dakota","Eddy County",4,67,40,21,19
050,38,027,"North Dakota","Eddy County",4,68,37,21,16
050,38,027,"North Dakota","Eddy County",4,69,37,23,14
050,38,027,"North Dakota","Eddy County",4,70,28,14,14
050,38,027,"North Dakota","Eddy County",4,71,30,14,16
050,38,027,"North Dakota","Eddy County",4,72,20,11,9
050,38,027,"North Dakota","Eddy County",4,73,19,10,9
050,38,027,"North Dakota","Eddy County",4,74,20,11,9
050,38,027,"North Dakota","Eddy County",4,75,23,11,12
050,38,027,"North Dakota","Eddy County",4,76,19,11,8
050,38,027,"North Dakota","Eddy County",4,77,16,8,8
050,38,027,"North Dakota","Eddy County",4,78,12,5,7
050,38,027,"North Dakota","Eddy County",4,79,16,8,8
050,38,027,"North Dakota","Eddy County",4,80,14,4,10
050,38,027,"North Dakota","Eddy County",4,81,12,6,6
050,38,027,"North Dakota","Eddy County",4,82,16,8,8
050,38,027,"North Dakota","Eddy County",4,83,12,6,6
050,38,027,"North Dakota","Eddy County",4,84,10,3,7
050,38,027,"North Dakota","Eddy County",4,85,65,13,52
050,38,027,"North Dakota","Eddy County",5,0,31,19,12
050,38,027,"North Dakota","Eddy County",5,1,31,20,11
050,38,027,"North Dakota","Eddy County",5,2,28,21,7
050,38,027,"North Dakota","Eddy County",5,3,32,13,19
050,38,027,"North Dakota","Eddy County",5,4,35,17,18
050,38,027,"North Dakota","Eddy County",5,5,33,17,16
050,38,027,"North Dakota","Eddy County",5,6,31,20,11
050,38,027,"North Dakota","Eddy County",5,7,46,25,21
050,38,027,"North Dakota","Eddy County",5,8,33,16,17
050,38,027,"North Dakota","Eddy County",5,9,34,17,17
050,38,027,"North Dakota","Eddy County",5,10,27,15,12
050,38,027,"North Dakota","Eddy County",5,11,32,18,14
050,38,027,"North Dakota","Eddy County",5,12,27,16,11
050,38,027,"North Dakota","Eddy County",5,13,32,15,17
050,38,027,"North Dakota","Eddy County",5,14,29,18,11
050,38,027,"North Dakota","Eddy County",5,15,30,19,11
050,38,027,"North Dakota","Eddy County",5,16,37,18,19
050,38,027,"North Dakota","Eddy County",5,17,35,17,18
050,38,027,"North Dakota","Eddy County",5,18,22,12,10
050,38,027,"North Dakota","Eddy County",5,19,23,13,10
050,38,027,"North Dakota","Eddy County",5,20,20,9,11
050,38,027,"North Dakota","Eddy County",5,21,24,14,10
050,38,027,"North Dakota","Eddy County",5,22,25,16,9
050,38,027,"North Dakota","Eddy County",5,23,19,8,11
050,38,027,"North Dakota","Eddy County",5,24,17,11,6
050,38,027,"North Dakota","Eddy County",5,25,21,11,10
050,38,027,"North Dakota","Eddy County",5,26,16,12,4
050,38,027,"North Dakota","Eddy County",5,27,24,16,8
050,38,027,"North Dakota","Eddy County",5,28,23,13,10
050,38,027,"North Dakota","Eddy County",5,29,19,10,9
050,38,027,"North Dakota","Eddy County",5,30,17,7,10
050,38,027,"North Dakota","Eddy County",5,31,22,10,12
050,38,027,"North Dakota","Eddy County",5,32,26,13,13
050,38,027,"North Dakota","Eddy County",5,33,28,14,14
050,38,027,"North Dakota","Eddy County",5,34,21,10,11
050,38,027,"North Dakota","Eddy County",5,35,24,12,12
050,38,027,"North Dakota","Eddy County",5,36,29,18,11
050,38,027,"North Dakota","Eddy County",5,37,30,19,11
050,38,027,"North Dakota","Eddy County",5,38,26,12,14
050,38,027,"North Dakota","Eddy County",5,39,21,11,10
050,38,027,"North Dakota","Eddy County",5,40,27,13,14
050,38,027,"North Dakota","Eddy County",5,41,26,15,11
050,38,027,"North Dakota","Eddy County",5,42,26,15,11
050,38,027,"North Dakota","Eddy County",5,43,22,12,10
050,38,027,"North Dakota","Eddy County",5,44,20,10,10
050,38,027,"North Dakota","Eddy County",5,45,28,16,12
050,38,027,"North Dakota","Eddy County",5,46,25,13,12
050,38,027,"North Dakota","Eddy County",5,47,25,10,15
050,38,027,"North Dakota","Eddy County",5,48,23,10,13
050,38,027,"North Dakota","Eddy County",5,49,24,15,9
050,38,027,"North Dakota","Eddy County",5,50,20,10,10
050,38,027,"North Dakota","Eddy County",5,51,18,10,8
050,38,027,"North Dakota","Eddy County",5,52,10,3,7
050,38,027,"North Dakota","Eddy County",5,53,20,7,13
050,38,027,"North Dakota","Eddy County",5,54,23,11,12
050,38,027,"North Dakota","Eddy County",5,55,25,13,12
050,38,027,"North Dakota","Eddy County",5,56,29,14,15
050,38,027,"North Dakota","Eddy County",5,57,24,10,14
050,38,027,"North Dakota","Eddy County",5,58,30,13,17
050,38,027,"North Dakota","Eddy County",5,59,49,22,27
050,38,027,"North Dakota","Eddy County",5,60,41,24,17
050,38,027,"North Dakota","Eddy County",5,61,44,28,16
050,38,027,"North Dakota","Eddy County",5,62,29,16,13
050,38,027,"North Dakota","Eddy County",5,63,35,15,20
050,38,027,"North Dakota","Eddy County",5,64,38,18,20
050,38,027,"North Dakota","Eddy County",5,65,31,14,17
050,38,027,"North Dakota","Eddy County",5,66,31,15,16
050,38,027,"North Dakota","Eddy County",5,67,31,14,17
050,38,027,"North Dakota","Eddy County",5,68,34,17,17
050,38,027,"North Dakota","Eddy County",5,69,36,20,16
050,38,027,"North Dakota","Eddy County",5,70,35,21,14
050,38,027,"North Dakota","Eddy County",5,71,28,14,14
050,38,027,"North Dakota","Eddy County",5,72,28,13,15
050,38,027,"North Dakota","Eddy County",5,73,17,9,8
050,38,027,"North Dakota","Eddy County",5,74,20,12,8
050,38,027,"North Dakota","Eddy County",5,75,17,8,9
050,38,027,"North Dakota","Eddy County",5,76,23,12,11
050,38,027,"North Dakota","Eddy County",5,77,19,11,8
050,38,027,"North Dakota","Eddy County",5,78,13,6,7
050,38,027,"North Dakota","Eddy County",5,79,12,4,8
050,38,027,"North Dakota","Eddy County",5,80,19,8,11
050,38,027,"North Dakota","Eddy County",5,81,15,6,9
050,38,027,"North Dakota","Eddy County",5,82,9,5,4
050,38,027,"North Dakota","Eddy County",5,83,11,6,5
050,38,027,"North Dakota","Eddy County",5,84,13,6,7
050,38,027,"North Dakota","Eddy County",5,85,60,9,51
050,38,029,"North Dakota","Emmons County",1,0,31,16,15
050,38,029,"North Dakota","Emmons County",1,1,34,17,17
050,38,029,"North Dakota","Emmons County",1,2,30,14,16
050,38,029,"North Dakota","Emmons County",1,3,31,18,13
050,38,029,"North Dakota","Emmons County",1,4,37,20,17
050,38,029,"North Dakota","Emmons County",1,5,42,24,18
050,38,029,"North Dakota","Emmons County",1,6,34,17,17
050,38,029,"North Dakota","Emmons County",1,7,25,11,14
050,38,029,"North Dakota","Emmons County",1,8,36,17,19
050,38,029,"North Dakota","Emmons County",1,9,38,19,19
050,38,029,"North Dakota","Emmons County",1,10,29,22,7
050,38,029,"North Dakota","Emmons County",1,11,37,22,15
050,38,029,"North Dakota","Emmons County",1,12,43,23,20
050,38,029,"North Dakota","Emmons County",1,13,47,23,24
050,38,029,"North Dakota","Emmons County",1,14,40,18,22
050,38,029,"North Dakota","Emmons County",1,15,45,21,24
050,38,029,"North Dakota","Emmons County",1,16,40,18,22
050,38,029,"North Dakota","Emmons County",1,17,44,23,21
050,38,029,"North Dakota","Emmons County",1,18,39,24,15
050,38,029,"North Dakota","Emmons County",1,19,28,17,11
050,38,029,"North Dakota","Emmons County",1,20,26,13,13
050,38,029,"North Dakota","Emmons County",1,21,25,10,15
050,38,029,"North Dakota","Emmons County",1,22,33,19,14
050,38,029,"North Dakota","Emmons County",1,23,35,20,15
050,38,029,"North Dakota","Emmons County",1,24,36,22,14
050,38,029,"North Dakota","Emmons County",1,25,34,21,13
050,38,029,"North Dakota","Emmons County",1,26,44,25,19
050,38,029,"North Dakota","Emmons County",1,27,36,14,22
050,38,029,"North Dakota","Emmons County",1,28,19,10,9
050,38,029,"North Dakota","Emmons County",1,29,20,13,7
050,38,029,"North Dakota","Emmons County",1,30,28,17,11
050,38,029,"North Dakota","Emmons County",1,31,26,13,13
050,38,029,"North Dakota","Emmons County",1,32,22,10,12
050,38,029,"North Dakota","Emmons County",1,33,27,17,10
050,38,029,"North Dakota","Emmons County",1,34,24,16,8
050,38,029,"North Dakota","Emmons County",1,35,22,11,11
050,38,029,"North Dakota","Emmons County",1,36,24,11,13
050,38,029,"North Dakota","Emmons County",1,37,30,14,16
050,38,029,"North Dakota","Emmons County",1,38,35,15,20
050,38,029,"North Dakota","Emmons County",1,39,23,11,12
050,38,029,"North Dakota","Emmons County",1,40,30,16,14
050,38,029,"North Dakota","Emmons County",1,41,24,12,12
050,38,029,"North Dakota","Emmons County",1,42,26,14,12
050,38,029,"North Dakota","Emmons County",1,43,29,15,14
050,38,029,"North Dakota","Emmons County",1,44,33,17,16
050,38,029,"North Dakota","Emmons County",1,45,34,18,16
050,38,029,"North Dakota","Emmons County",1,46,31,16,15
050,38,029,"North Dakota","Emmons County",1,47,25,13,12
050,38,029,"North Dakota","Emmons County",1,48,40,21,19
050,38,029,"North Dakota","Emmons County",1,49,33,14,19
050,38,029,"North Dakota","Emmons County",1,50,39,19,20
050,38,029,"North Dakota","Emmons County",1,51,35,18,17
050,38,029,"North Dakota","Emmons County",1,52,36,15,21
050,38,029,"North Dakota","Emmons County",1,53,37,19,18
050,38,029,"North Dakota","Emmons County",1,54,40,20,20
050,38,029,"North Dakota","Emmons County",1,55,51,26,25
050,38,029,"North Dakota","Emmons County",1,56,60,32,28
050,38,029,"North Dakota","Emmons County",1,57,55,27,28
050,38,029,"North Dakota","Emmons County",1,58,65,33,32
050,38,029,"North Dakota","Emmons County",1,59,65,41,24
050,38,029,"North Dakota","Emmons County",1,60,57,39,18
050,38,029,"North Dakota","Emmons County",1,61,53,31,22
050,38,029,"North Dakota","Emmons County",1,62,59,33,26
050,38,029,"North Dakota","Emmons County",1,63,64,33,31
050,38,029,"North Dakota","Emmons County",1,64,52,24,28
050,38,029,"North Dakota","Emmons County",1,65,60,32,28
050,38,029,"North Dakota","Emmons County",1,66,57,35,22
050,38,029,"North Dakota","Emmons County",1,67,56,36,20
050,38,029,"North Dakota","Emmons County",1,68,44,24,20
050,38,029,"North Dakota","Emmons County",1,69,44,22,22
050,38,029,"North Dakota","Emmons County",1,70,47,23,24
050,38,029,"North Dakota","Emmons County",1,71,49,24,25
050,38,029,"North Dakota","Emmons County",1,72,50,23,27
050,38,029,"North Dakota","Emmons County",1,73,32,17,15
050,38,029,"North Dakota","Emmons County",1,74,33,15,18
050,38,029,"North Dakota","Emmons County",1,75,34,16,18
050,38,029,"North Dakota","Emmons County",1,76,32,15,17
050,38,029,"North Dakota","Emmons County",1,77,28,15,13
050,38,029,"North Dakota","Emmons County",1,78,30,15,15
050,38,029,"North Dakota","Emmons County",1,79,30,11,19
050,38,029,"North Dakota","Emmons County",1,80,25,12,13
050,38,029,"North Dakota","Emmons County",1,81,30,16,14
050,38,029,"North Dakota","Emmons County",1,82,27,11,16
050,38,029,"North Dakota","Emmons County",1,83,25,10,15
050,38,029,"North Dakota","Emmons County",1,84,32,17,15
050,38,029,"North Dakota","Emmons County",1,85,161,68,93
050,38,029,"North Dakota","Emmons County",2,0,34,17,17
050,38,029,"North Dakota","Emmons County",2,1,33,17,16
050,38,029,"North Dakota","Emmons County",2,2,31,15,16
050,38,029,"North Dakota","Emmons County",2,3,31,17,14
050,38,029,"North Dakota","Emmons County",2,4,37,20,17
050,38,029,"North Dakota","Emmons County",2,5,41,23,18
050,38,029,"North Dakota","Emmons County",2,6,35,18,17
050,38,029,"North Dakota","Emmons County",2,7,27,13,14
050,38,029,"North Dakota","Emmons County",2,8,33,15,18
050,38,029,"North Dakota","Emmons County",2,9,36,18,18
050,38,029,"North Dakota","Emmons County",2,10,32,22,10
050,38,029,"North Dakota","Emmons County",2,11,34,21,13
050,38,029,"North Dakota","Emmons County",2,12,43,23,20
050,38,029,"North Dakota","Emmons County",2,13,46,23,23
050,38,029,"North Dakota","Emmons County",2,14,44,21,23
050,38,029,"North Dakota","Emmons County",2,15,43,20,23
050,38,029,"North Dakota","Emmons County",2,16,42,19,23
050,38,029,"North Dakota","Emmons County",2,17,43,22,21
050,38,029,"North Dakota","Emmons County",2,18,37,22,15
050,38,029,"North Dakota","Emmons County",2,19,28,17,11
050,38,029,"North Dakota","Emmons County",2,20,27,14,13
050,38,029,"North Dakota","Emmons County",2,21,24,10,14
050,38,029,"North Dakota","Emmons County",2,22,30,16,14
050,38,029,"North Dakota","Emmons County",2,23,33,19,14
050,38,029,"North Dakota","Emmons County",2,24,35,22,13
050,38,029,"North Dakota","Emmons County",2,25,35,21,14
050,38,029,"North Dakota","Emmons County",2,26,41,23,18
050,38,029,"North Dakota","Emmons County",2,27,38,17,21
050,38,029,"North Dakota","Emmons County",2,28,23,11,12
050,38,029,"North Dakota","Emmons County",2,29,19,12,7
050,38,029,"North Dakota","Emmons County",2,30,26,16,10
050,38,029,"North Dakota","Emmons County",2,31,27,14,13
050,38,029,"North Dakota","Emmons County",2,32,21,10,11
050,38,029,"North Dakota","Emmons County",2,33,26,16,10
050,38,029,"North Dakota","Emmons County",2,34,24,16,8
050,38,029,"North Dakota","Emmons County",2,35,23,13,10
050,38,029,"North Dakota","Emmons County",2,36,22,10,12
050,38,029,"North Dakota","Emmons County",2,37,29,13,16
050,38,029,"North Dakota","Emmons County",2,38,35,15,20
050,38,029,"North Dakota","Emmons County",2,39,26,12,14
050,38,029,"North Dakota","Emmons County",2,40,29,15,14
050,38,029,"North Dakota","Emmons County",2,41,25,13,12
050,38,029,"North Dakota","Emmons County",2,42,25,13,12
050,38,029,"North Dakota","Emmons County",2,43,28,15,13
050,38,029,"North Dakota","Emmons County",2,44,33,17,16
050,38,029,"North Dakota","Emmons County",2,45,34,18,16
050,38,029,"North Dakota","Emmons County",2,46,30,15,15
050,38,029,"North Dakota","Emmons County",2,47,26,13,13
050,38,029,"North Dakota","Emmons County",2,48,37,20,17
050,38,029,"North Dakota","Emmons County",2,49,35,16,19
050,38,029,"North Dakota","Emmons County",2,50,37,18,19
050,38,029,"North Dakota","Emmons County",2,51,36,18,18
050,38,029,"North Dakota","Emmons County",2,52,37,16,21
050,38,029,"North Dakota","Emmons County",2,53,37,19,18
050,38,029,"North Dakota","Emmons County",2,54,39,20,19
050,38,029,"North Dakota","Emmons County",2,55,49,25,24
050,38,029,"North Dakota","Emmons County",2,56,59,31,28
050,38,029,"North Dakota","Emmons County",2,57,55,27,28
050,38,029,"North Dakota","Emmons County",2,58,63,31,32
050,38,029,"North Dakota","Emmons County",2,59,65,38,27
050,38,029,"North Dakota","Emmons County",2,60,58,39,19
050,38,029,"North Dakota","Emmons County",2,61,53,32,21
050,38,029,"North Dakota","Emmons County",2,62,59,33,26
050,38,029,"North Dakota","Emmons County",2,63,63,34,29
050,38,029,"North Dakota","Emmons County",2,64,56,27,29
050,38,029,"North Dakota","Emmons County",2,65,59,31,28
050,38,029,"North Dakota","Emmons County",2,66,57,33,24
050,38,029,"North Dakota","Emmons County",2,67,55,35,20
050,38,029,"North Dakota","Emmons County",2,68,47,27,20
050,38,029,"North Dakota","Emmons County",2,69,45,23,22
050,38,029,"North Dakota","Emmons County",2,70,46,23,23
050,38,029,"North Dakota","Emmons County",2,71,49,24,25
050,38,029,"North Dakota","Emmons County",2,72,47,22,25
050,38,029,"North Dakota","Emmons County",2,73,38,19,19
050,38,029,"North Dakota","Emmons County",2,74,31,15,16
050,38,029,"North Dakota","Emmons County",2,75,33,15,18
050,38,029,"North Dakota","Emmons County",2,76,31,15,16
050,38,029,"North Dakota","Emmons County",2,77,30,16,14
050,38,029,"North Dakota","Emmons County",2,78,29,15,14
050,38,029,"North Dakota","Emmons County",2,79,28,10,18
050,38,029,"North Dakota","Emmons County",2,80,26,12,14
050,38,029,"North Dakota","Emmons County",2,81,30,16,14
050,38,029,"North Dakota","Emmons County",2,82,26,12,14
050,38,029,"North Dakota","Emmons County",2,83,25,10,15
050,38,029,"North Dakota","Emmons County",2,84,32,16,16
050,38,029,"North Dakota","Emmons County",2,85,160,68,92
050,38,029,"North Dakota","Emmons County",3,0,30,17,13
050,38,029,"North Dakota","Emmons County",3,1,33,16,17
050,38,029,"North Dakota","Emmons County",3,2,35,18,17
050,38,029,"North Dakota","Emmons County",3,3,31,15,16
050,38,029,"North Dakota","Emmons County",3,4,35,19,16
050,38,029,"North Dakota","Emmons County",3,5,35,20,15
050,38,029,"North Dakota","Emmons County",3,6,45,26,19
050,38,029,"North Dakota","Emmons County",3,7,41,21,20
050,38,029,"North Dakota","Emmons County",3,8,28,12,16
050,38,029,"North Dakota","Emmons County",3,9,35,16,19
050,38,029,"North Dakota","Emmons County",3,10,36,19,17
050,38,029,"North Dakota","Emmons County",3,11,33,23,10
050,38,029,"North Dakota","Emmons County",3,12,33,20,13
050,38,029,"North Dakota","Emmons County",3,13,43,25,18
050,38,029,"North Dakota","Emmons County",3,14,44,22,22
050,38,029,"North Dakota","Emmons County",3,15,44,21,23
050,38,029,"North Dakota","Emmons County",3,16,43,20,23
050,38,029,"North Dakota","Emmons County",3,17,42,18,24
050,38,029,"North Dakota","Emmons County",3,18,39,23,16
050,38,029,"North Dakota","Emmons County",3,19,31,19,12
050,38,029,"North Dakota","Emmons County",3,20,32,18,14
050,38,029,"North Dakota","Emmons County",3,21,29,15,14
050,38,029,"North Dakota","Emmons County",3,22,24,9,15
050,38,029,"North Dakota","Emmons County",3,23,29,15,14
050,38,029,"North Dakota","Emmons County",3,24,31,17,14
050,38,029,"North Dakota","Emmons County",3,25,33,23,10
050,38,029,"North Dakota","Emmons County",3,26,33,20,13
050,38,029,"North Dakota","Emmons County",3,27,38,20,18
050,38,029,"North Dakota","Emmons County",3,28,38,17,21
050,38,029,"North Dakota","Emmons County",3,29,20,10,10
050,38,029,"North Dakota","Emmons County",3,30,19,12,7
050,38,029,"North Dakota","Emmons County",3,31,24,15,9
050,38,029,"North Dakota","Emmons County",3,32,28,16,12
050,38,029,"North Dakota","Emmons County",3,33,22,11,11
050,38,029,"North Dakota","Emmons County",3,34,27,17,10
050,38,029,"North Dakota","Emmons County",3,35,28,18,10
050,38,029,"North Dakota","Emmons County",3,36,21,11,10
050,38,029,"North Dakota","Emmons County",3,37,25,12,13
050,38,029,"North Dakota","Emmons County",3,38,34,17,17
050,38,029,"North Dakota","Emmons County",3,39,34,14,20
050,38,029,"North Dakota","Emmons County",3,40,26,11,15
050,38,029,"North Dakota","Emmons County",3,41,32,18,14
050,38,029,"North Dakota","Emmons County",3,42,28,13,15
050,38,029,"North Dakota","Emmons County",3,43,25,13,12
050,38,029,"North Dakota","Emmons County",3,44,26,15,11
050,38,029,"North Dakota","Emmons County",3,45,33,16,17
050,38,029,"North Dakota","Emmons County",3,46,35,18,17
050,38,029,"North Dakota","Emmons County",3,47,32,17,15
050,38,029,"North Dakota","Emmons County",3,48,27,14,13
050,38,029,"North Dakota","Emmons County",3,49,35,18,17
050,38,029,"North Dakota","Emmons County",3,50,35,16,19
050,38,029,"North Dakota","Emmons County",3,51,36,18,18
050,38,029,"North Dakota","Emmons County",3,52,36,18,18
050,38,029,"North Dakota","Emmons County",3,53,37,16,21
050,38,029,"North Dakota","Emmons County",3,54,39,20,19
050,38,029,"North Dakota","Emmons County",3,55,38,18,20
050,38,029,"North Dakota","Emmons County",3,56,49,25,24
050,38,029,"North Dakota","Emmons County",3,57,56,31,25
050,38,029,"North Dakota","Emmons County",3,58,51,23,28
050,38,029,"North Dakota","Emmons County",3,59,64,32,32
050,38,029,"North Dakota","Emmons County",3,60,60,32,28
050,38,029,"North Dakota","Emmons County",3,61,58,39,19
050,38,029,"North Dakota","Emmons County",3,62,54,31,23
050,38,029,"North Dakota","Emmons County",3,63,61,32,29
050,38,029,"North Dakota","Emmons County",3,64,61,34,27
050,38,029,"North Dakota","Emmons County",3,65,54,26,28
050,38,029,"North Dakota","Emmons County",3,66,58,32,26
050,38,029,"North Dakota","Emmons County",3,67,55,31,24
050,38,029,"North Dakota","Emmons County",3,68,55,34,21
050,38,029,"North Dakota","Emmons County",3,69,46,26,20
050,38,029,"North Dakota","Emmons County",3,70,47,25,22
050,38,029,"North Dakota","Emmons County",3,71,46,23,23
050,38,029,"North Dakota","Emmons County",3,72,49,24,25
050,38,029,"North Dakota","Emmons County",3,73,46,22,24
050,38,029,"North Dakota","Emmons County",3,74,33,17,16
050,38,029,"North Dakota","Emmons County",3,75,28,14,14
050,38,029,"North Dakota","Emmons County",3,76,31,15,16
050,38,029,"North Dakota","Emmons County",3,77,32,16,16
050,38,029,"North Dakota","Emmons County",3,78,30,16,14
050,38,029,"North Dakota","Emmons County",3,79,27,12,15
050,38,029,"North Dakota","Emmons County",3,80,27,10,17
050,38,029,"North Dakota","Emmons County",3,81,26,12,14
050,38,029,"North Dakota","Emmons County",3,82,26,15,11
050,38,029,"North Dakota","Emmons County",3,83,24,9,15
050,38,029,"North Dakota","Emmons County",3,84,30,12,18
050,38,029,"North Dakota","Emmons County",3,85,148,63,85
050,38,029,"North Dakota","Emmons County",4,0,36,22,14
050,38,029,"North Dakota","Emmons County",4,1,29,17,12
050,38,029,"North Dakota","Emmons County",4,2,32,16,16
050,38,029,"North Dakota","Emmons County",4,3,35,19,16
050,38,029,"North Dakota","Emmons County",4,4,30,14,16
050,38,029,"North Dakota","Emmons County",4,5,34,19,15
050,38,029,"North Dakota","Emmons County",4,6,36,21,15
050,38,029,"North Dakota","Emmons County",4,7,47,27,20
050,38,029,"North Dakota","Emmons County",4,8,39,20,19
050,38,029,"North Dakota","Emmons County",4,9,29,13,16
050,38,029,"North Dakota","Emmons County",4,10,36,16,20
050,38,029,"North Dakota","Emmons County",4,11,37,20,17
050,38,029,"North Dakota","Emmons County",4,12,34,24,10
050,38,029,"North Dakota","Emmons County",4,13,33,20,13
050,38,029,"North Dakota","Emmons County",4,14,40,22,18
050,38,029,"North Dakota","Emmons County",4,15,49,26,23
050,38,029,"North Dakota","Emmons County",4,16,46,23,23
050,38,029,"North Dakota","Emmons County",4,17,46,23,23
050,38,029,"North Dakota","Emmons County",4,18,35,17,18
050,38,029,"North Dakota","Emmons County",4,19,25,14,11
050,38,029,"North Dakota","Emmons County",4,20,29,16,13
050,38,029,"North Dakota","Emmons County",4,21,38,21,17
050,38,029,"North Dakota","Emmons County",4,22,29,17,12
050,38,029,"North Dakota","Emmons County",4,23,27,10,17
050,38,029,"North Dakota","Emmons County",4,24,31,13,18
050,38,029,"North Dakota","Emmons County",4,25,28,16,12
050,38,029,"North Dakota","Emmons County",4,26,28,19,9
050,38,029,"North Dakota","Emmons County",4,27,29,18,11
050,38,029,"North Dakota","Emmons County",4,28,37,18,19
050,38,029,"North Dakota","Emmons County",4,29,39,15,24
050,38,029,"North Dakota","Emmons County",4,30,19,10,9
050,38,029,"North Dakota","Emmons County",4,31,23,14,9
050,38,029,"North Dakota","Emmons County",4,32,23,14,9
050,38,029,"North Dakota","Emmons County",4,33,26,15,11
050,38,029,"North Dakota","Emmons County",4,34,22,11,11
050,38,029,"North Dakota","Emmons County",4,35,32,20,12
050,38,029,"North Dakota","Emmons County",4,36,29,18,11
050,38,029,"North Dakota","Emmons County",4,37,19,11,8
050,38,029,"North Dakota","Emmons County",4,38,25,12,13
050,38,029,"North Dakota","Emmons County",4,39,33,16,17
050,38,029,"North Dakota","Emmons County",4,40,35,14,21
050,38,029,"North Dakota","Emmons County",4,41,26,11,15
050,38,029,"North Dakota","Emmons County",4,42,32,18,14
050,38,029,"North Dakota","Emmons County",4,43,30,16,14
050,38,029,"North Dakota","Emmons County",4,44,26,14,12
050,38,029,"North Dakota","Emmons County",4,45,26,15,11
050,38,029,"North Dakota","Emmons County",4,46,33,16,17
050,38,029,"North Dakota","Emmons County",4,47,37,19,18
050,38,029,"North Dakota","Emmons County",4,48,36,18,18
050,38,029,"North Dakota","Emmons County",4,49,27,14,13
050,38,029,"North Dakota","Emmons County",4,50,37,18,19
050,38,029,"North Dakota","Emmons County",4,51,35,16,19
050,38,029,"North Dakota","Emmons County",4,52,37,19,18
050,38,029,"North Dakota","Emmons County",4,53,37,18,19
050,38,029,"North Dakota","Emmons County",4,54,37,16,21
050,38,029,"North Dakota","Emmons County",4,55,40,21,19
050,38,029,"North Dakota","Emmons County",4,56,37,17,20
050,38,029,"North Dakota","Emmons County",4,57,49,25,24
050,38,029,"North Dakota","Emmons County",4,58,59,31,28
050,38,029,"North Dakota","Emmons County",4,59,49,21,28
050,38,029,"North Dakota","Emmons County",4,60,63,30,33
050,38,029,"North Dakota","Emmons County",4,61,63,33,30
050,38,029,"North Dakota","Emmons County",4,62,60,39,21
050,38,029,"North Dakota","Emmons County",4,63,53,31,22
050,38,029,"North Dakota","Emmons County",4,64,65,35,30
050,38,029,"North Dakota","Emmons County",4,65,60,34,26
050,38,029,"North Dakota","Emmons County",4,66,52,26,26
050,38,029,"North Dakota","Emmons County",4,67,57,33,24
050,38,029,"North Dakota","Emmons County",4,68,54,29,25
050,38,029,"North Dakota","Emmons County",4,69,54,31,23
050,38,029,"North Dakota","Emmons County",4,70,50,30,20
050,38,029,"North Dakota","Emmons County",4,71,47,26,21
050,38,029,"North Dakota","Emmons County",4,72,44,22,22
050,38,029,"North Dakota","Emmons County",4,73,45,24,21
050,38,029,"North Dakota","Emmons County",4,74,47,23,24
050,38,029,"North Dakota","Emmons County",4,75,32,16,16
050,38,029,"North Dakota","Emmons County",4,76,27,14,13
050,38,029,"North Dakota","Emmons County",4,77,31,15,16
050,38,029,"North Dakota","Emmons County",4,78,29,14,15
050,38,029,"North Dakota","Emmons County",4,79,29,14,15
050,38,029,"North Dakota","Emmons County",4,80,26,11,15
050,38,029,"North Dakota","Emmons County",4,81,29,9,20
050,38,029,"North Dakota","Emmons County",4,82,22,10,12
050,38,029,"North Dakota","Emmons County",4,83,24,13,11
050,38,029,"North Dakota","Emmons County",4,84,28,11,17
050,38,029,"North Dakota","Emmons County",4,85,144,58,86
050,38,029,"North Dakota","Emmons County",5,0,36,22,14
050,38,029,"North Dakota","Emmons County",5,1,38,22,16
050,38,029,"North Dakota","Emmons County",5,2,30,18,12
050,38,029,"North Dakota","Emmons County",5,3,34,17,17
050,38,029,"North Dakota","Emmons County",5,4,36,20,16
050,38,029,"North Dakota","Emmons County",5,5,31,15,16
050,38,029,"North Dakota","Emmons County",5,6,31,16,15
050,38,029,"North Dakota","Emmons County",5,7,36,21,15
050,38,029,"North Dakota","Emmons County",5,8,46,26,20
050,38,029,"North Dakota","Emmons County",5,9,34,18,16
050,38,029,"North Dakota","Emmons County",5,10,28,11,17
050,38,029,"North Dakota","Emmons County",5,11,33,15,18
050,38,029,"North Dakota","Emmons County",5,12,36,19,17
050,38,029,"North Dakota","Emmons County",5,13,35,25,10
050,38,029,"North Dakota","Emmons County",5,14,33,20,13
050,38,029,"North Dakota","Emmons County",5,15,44,26,18
050,38,029,"North Dakota","Emmons County",5,16,52,24,28
050,38,029,"North Dakota","Emmons County",5,17,50,25,25
050,38,029,"North Dakota","Emmons County",5,18,39,22,17
050,38,029,"North Dakota","Emmons County",5,19,26,13,13
050,38,029,"North Dakota","Emmons County",5,20,25,14,11
050,38,029,"North Dakota","Emmons County",5,21,29,17,12
050,38,029,"North Dakota","Emmons County",5,22,44,24,20
050,38,029,"North Dakota","Emmons County",5,23,29,16,13
050,38,029,"North Dakota","Emmons County",5,24,29,10,19
050,38,029,"North Dakota","Emmons County",5,25,25,11,14
050,38,029,"North Dakota","Emmons County",5,26,26,14,12
050,38,029,"North Dakota","Emmons County",5,27,24,15,9
050,38,029,"North Dakota","Emmons County",5,28,31,18,13
050,38,029,"North Dakota","Emmons County",5,29,35,15,20
050,38,029,"North Dakota","Emmons County",5,30,41,19,22
050,38,029,"North Dakota","Emmons County",5,31,21,11,10
050,38,029,"North Dakota","Emmons County",5,32,27,18,9
050,38,029,"North Dakota","Emmons County",5,33,28,16,12
050,38,029,"North Dakota","Emmons County",5,34,24,15,9
050,38,029,"North Dakota","Emmons County",5,35,23,12,11
050,38,029,"North Dakota","Emmons County",5,36,31,18,13
050,38,029,"North Dakota","Emmons County",5,37,31,19,12
050,38,029,"North Dakota","Emmons County",5,38,20,12,8
050,38,029,"North Dakota","Emmons County",5,39,22,10,12
050,38,029,"North Dakota","Emmons County",5,40,32,15,17
050,38,029,"North Dakota","Emmons County",5,41,32,14,18
050,38,029,"North Dakota","Emmons County",5,42,27,12,15
050,38,029,"North Dakota","Emmons County",5,43,33,19,14
050,38,029,"North Dakota","Emmons County",5,44,31,16,15
050,38,029,"North Dakota","Emmons County",5,45,29,14,15
050,38,029,"North Dakota","Emmons County",5,46,25,14,11
050,38,029,"North Dakota","Emmons County",5,47,33,16,17
050,38,029,"North Dakota","Emmons County",5,48,43,20,23
050,38,029,"North Dakota","Emmons County",5,49,33,16,17
050,38,029,"North Dakota","Emmons County",5,50,23,10,13
050,38,029,"North Dakota","Emmons County",5,51,35,17,18
050,38,029,"North Dakota","Emmons County",5,52,36,17,19
050,38,029,"North Dakota","Emmons County",5,53,33,16,17
050,38,029,"North Dakota","Emmons County",5,54,35,18,17
050,38,029,"North Dakota","Emmons County",5,55,40,19,21
050,38,029,"North Dakota","Emmons County",5,56,37,21,16
050,38,029,"North Dakota","Emmons County",5,57,40,17,23
050,38,029,"North Dakota","Emmons County",5,58,48,25,23
050,38,029,"North Dakota","Emmons County",5,59,57,31,26
050,38,029,"North Dakota","Emmons County",5,60,46,19,27
050,38,029,"North Dakota","Emmons County",5,61,62,31,31
050,38,029,"North Dakota","Emmons County",5,62,65,33,32
050,38,029,"North Dakota","Emmons County",5,63,58,38,20
050,38,029,"North Dakota","Emmons County",5,64,56,31,25
050,38,029,"North Dakota","Emmons County",5,65,61,33,28
050,38,029,"North Dakota","Emmons County",5,66,59,35,24
050,38,029,"North Dakota","Emmons County",5,67,52,26,26
050,38,029,"North Dakota","Emmons County",5,68,56,32,24
050,38,029,"North Dakota","Emmons County",5,69,51,28,23
050,38,029,"North Dakota","Emmons County",5,70,53,30,23
050,38,029,"North Dakota","Emmons County",5,71,50,30,20
050,38,029,"North Dakota","Emmons County",5,72,47,26,21
050,38,029,"North Dakota","Emmons County",5,73,41,22,19
050,38,029,"North Dakota","Emmons County",5,74,44,24,20
050,38,029,"North Dakota","Emmons County",5,75,45,22,23
050,38,029,"North Dakota","Emmons County",5,76,31,17,14
050,38,029,"North Dakota","Emmons County",5,77,27,14,13
050,38,029,"North Dakota","Emmons County",5,78,30,13,17
050,38,029,"North Dakota","Emmons County",5,79,25,11,14
050,38,029,"North Dakota","Emmons County",5,80,29,14,15
050,38,029,"North Dakota","Emmons County",5,81,27,11,16
050,38,029,"North Dakota","Emmons County",5,82,26,8,18
050,38,029,"North Dakota","Emmons County",5,83,21,8,13
050,38,029,"North Dakota","Emmons County",5,84,28,15,13
050,38,029,"North Dakota","Emmons County",5,85,139,54,85
050,38,031,"North Dakota","Foster County",1,0,40,21,19
050,38,031,"North Dakota","Foster County",1,1,39,22,17
050,38,031,"North Dakota","Foster County",1,2,35,18,17
050,38,031,"North Dakota","Foster County",1,3,43,18,25
050,38,031,"North Dakota","Foster County",1,4,45,17,28
050,38,031,"North Dakota","Foster County",1,5,52,24,28
050,38,031,"North Dakota","Foster County",1,6,44,17,27
050,38,031,"North Dakota","Foster County",1,7,41,15,26
050,38,031,"North Dakota","Foster County",1,8,35,17,18
050,38,031,"North Dakota","Foster County",1,9,35,20,15
050,38,031,"North Dakota","Foster County",1,10,35,16,19
050,38,031,"North Dakota","Foster County",1,11,39,19,20
050,38,031,"North Dakota","Foster County",1,12,45,18,27
050,38,031,"North Dakota","Foster County",1,13,48,22,26
050,38,031,"North Dakota","Foster County",1,14,48,23,25
050,38,031,"North Dakota","Foster County",1,15,47,24,23
050,38,031,"North Dakota","Foster County",1,16,36,21,15
050,38,031,"North Dakota","Foster County",1,17,39,17,22
050,38,031,"North Dakota","Foster County",1,18,35,15,20
050,38,031,"North Dakota","Foster County",1,19,29,14,15
050,38,031,"North Dakota","Foster County",1,20,35,16,19
050,38,031,"North Dakota","Foster County",1,21,31,15,16
050,38,031,"North Dakota","Foster County",1,22,31,18,13
050,38,031,"North Dakota","Foster County",1,23,38,20,18
050,38,031,"North Dakota","Foster County",1,24,31,16,15
050,38,031,"North Dakota","Foster County",1,25,46,24,22
050,38,031,"North Dakota","Foster County",1,26,40,26,14
050,38,031,"North Dakota","Foster County",1,27,49,27,22
050,38,031,"North Dakota","Foster County",1,28,41,22,19
050,38,031,"North Dakota","Foster County",1,29,31,18,13
050,38,031,"North Dakota","Foster County",1,30,30,17,13
050,38,031,"North Dakota","Foster County",1,31,32,19,13
050,38,031,"North Dakota","Foster County",1,32,36,24,12
050,38,031,"North Dakota","Foster County",1,33,28,17,11
050,38,031,"North Dakota","Foster County",1,34,33,20,13
050,38,031,"North Dakota","Foster County",1,35,36,22,14
050,38,031,"North Dakota","Foster County",1,36,43,24,19
050,38,031,"North Dakota","Foster County",1,37,32,17,15
050,38,031,"North Dakota","Foster County",1,38,40,20,20
050,38,031,"North Dakota","Foster County",1,39,42,19,23
050,38,031,"North Dakota","Foster County",1,40,33,17,16
050,38,031,"North Dakota","Foster County",1,41,25,16,9
050,38,031,"North Dakota","Foster County",1,42,40,24,16
050,38,031,"North Dakota","Foster County",1,43,40,22,18
050,38,031,"North Dakota","Foster County",1,44,35,19,16
050,38,031,"North Dakota","Foster County",1,45,38,20,18
050,38,031,"North Dakota","Foster County",1,46,41,20,21
050,38,031,"North Dakota","Foster County",1,47,38,16,22
050,38,031,"North Dakota","Foster County",1,48,39,21,18
050,38,031,"North Dakota","Foster County",1,49,38,22,16
050,38,031,"North Dakota","Foster County",1,50,37,21,16
050,38,031,"North Dakota","Foster County",1,51,41,24,17
050,38,031,"North Dakota","Foster County",1,52,37,15,22
050,38,031,"North Dakota","Foster County",1,53,35,12,23
050,38,031,"North Dakota","Foster County",1,54,42,19,23
050,38,031,"North Dakota","Foster County",1,55,40,18,22
050,38,031,"North Dakota","Foster County",1,56,44,25,19
050,38,031,"North Dakota","Foster County",1,57,55,29,26
050,38,031,"North Dakota","Foster County",1,58,54,26,28
050,38,031,"North Dakota","Foster County",1,59,56,35,21
050,38,031,"North Dakota","Foster County",1,60,50,28,22
050,38,031,"North Dakota","Foster County",1,61,56,32,24
050,38,031,"North Dakota","Foster County",1,62,62,39,23
050,38,031,"North Dakota","Foster County",1,63,62,34,28
050,38,031,"North Dakota","Foster County",1,64,60,32,28
050,38,031,"North Dakota","Foster County",1,65,49,24,25
050,38,031,"North Dakota","Foster County",1,66,43,19,24
050,38,031,"North Dakota","Foster County",1,67,48,24,24
050,38,031,"North Dakota","Foster County",1,68,49,26,23
050,38,031,"North Dakota","Foster County",1,69,41,23,18
050,38,031,"North Dakota","Foster County",1,70,38,16,22
050,38,031,"North Dakota","Foster County",1,71,27,12,15
050,38,031,"North Dakota","Foster County",1,72,41,19,22
050,38,031,"North Dakota","Foster County",1,73,43,22,21
050,38,031,"North Dakota","Foster County",1,74,33,18,15
050,38,031,"North Dakota","Foster County",1,75,28,12,16
050,38,031,"North Dakota","Foster County",1,76,26,13,13
050,38,031,"North Dakota","Foster County",1,77,19,11,8
050,38,031,"North Dakota","Foster County",1,78,19,9,10
050,38,031,"North Dakota","Foster County",1,79,18,6,12
050,38,031,"North Dakota","Foster County",1,80,18,8,10
050,38,031,"North Dakota","Foster County",1,81,18,6,12
050,38,031,"North Dakota","Foster County",1,82,27,15,12
050,38,031,"North Dakota","Foster County",1,83,18,5,13
050,38,031,"North Dakota","Foster County",1,84,15,2,13
050,38,031,"North Dakota","Foster County",1,85,144,52,92
050,38,031,"North Dakota","Foster County",2,0,41,22,19
050,38,031,"North Dakota","Foster County",2,1,38,21,17
050,38,031,"North Dakota","Foster County",2,2,36,19,17
050,38,031,"North Dakota","Foster County",2,3,40,17,23
050,38,031,"North Dakota","Foster County",2,4,46,19,27
050,38,031,"North Dakota","Foster County",2,5,50,21,29
050,38,031,"North Dakota","Foster County",2,6,46,17,29
050,38,031,"North Dakota","Foster County",2,7,41,15,26
050,38,031,"North Dakota","Foster County",2,8,37,17,20
050,38,031,"North Dakota","Foster County",2,9,35,19,16
050,38,031,"North Dakota","Foster County",2,10,33,16,17
050,38,031,"North Dakota","Foster County",2,11,38,19,19
050,38,031,"North Dakota","Foster County",2,12,43,18,25
050,38,031,"North Dakota","Foster County",2,13,48,22,26
050,38,031,"North Dakota","Foster County",2,14,49,23,26
050,38,031,"North Dakota","Foster County",2,15,47,24,23
050,38,031,"North Dakota","Foster County",2,16,39,22,17
050,38,031,"North Dakota","Foster County",2,17,38,18,20
050,38,031,"North Dakota","Foster County",2,18,35,15,20
050,38,031,"North Dakota","Foster County",2,19,29,14,15
050,38,031,"North Dakota","Foster County",2,20,35,16,19
050,38,031,"North Dakota","Foster County",2,21,31,15,16
050,38,031,"North Dakota","Foster County",2,22,32,18,14
050,38,031,"North Dakota","Foster County",2,23,36,19,17
050,38,031,"North Dakota","Foster County",2,24,34,17,17
050,38,031,"North Dakota","Foster County",2,25,42,22,20
050,38,031,"North Dakota","Foster County",2,26,42,26,16
050,38,031,"North Dakota","Foster County",2,27,47,27,20
050,38,031,"North Dakota","Foster County",2,28,42,23,19
050,38,031,"North Dakota","Foster County",2,29,34,19,15
050,38,031,"North Dakota","Foster County",2,30,30,17,13
050,38,031,"North Dakota","Foster County",2,31,32,19,13
050,38,031,"North Dakota","Foster County",2,32,35,23,12
050,38,031,"North Dakota","Foster County",2,33,29,18,11
050,38,031,"North Dakota","Foster County",2,34,32,19,13
050,38,031,"North Dakota","Foster County",2,35,36,22,14
050,38,031,"North Dakota","Foster County",2,36,40,23,17
050,38,031,"North Dakota","Foster County",2,37,35,19,16
050,38,031,"North Dakota","Foster County",2,38,40,20,20
050,38,031,"North Dakota","Foster County",2,39,41,19,22
050,38,031,"North Dakota","Foster County",2,40,36,18,18
050,38,031,"North Dakota","Foster County",2,41,26,16,10
050,38,031,"North Dakota","Foster County",2,42,36,22,14
050,38,031,"North Dakota","Foster County",2,43,41,23,18
050,38,031,"North Dakota","Foster County",2,44,35,19,16
050,38,031,"North Dakota","Foster County",2,45,38,20,18
050,38,031,"North Dakota","Foster County",2,46,41,20,21
050,38,031,"North Dakota","Foster County",2,47,39,17,22
050,38,031,"North Dakota","Foster County",2,48,37,19,18
050,38,031,"North Dakota","Foster County",2,49,38,22,16
050,38,031,"North Dakota","Foster County",2,50,38,22,16
050,38,031,"North Dakota","Foster County",2,51,40,23,17
050,38,031,"North Dakota","Foster County",2,52,39,17,22
050,38,031,"North Dakota","Foster County",2,53,35,13,22
050,38,031,"North Dakota","Foster County",2,54,39,17,22
050,38,031,"North Dakota","Foster County",2,55,40,18,22
050,38,031,"North Dakota","Foster County",2,56,42,23,19
050,38,031,"North Dakota","Foster County",2,57,52,28,24
050,38,031,"North Dakota","Foster County",2,58,53,26,27
050,38,031,"North Dakota","Foster County",2,59,55,33,22
050,38,031,"North Dakota","Foster County",2,60,50,29,21
050,38,031,"North Dakota","Foster County",2,61,55,31,24
050,38,031,"North Dakota","Foster County",2,62,61,37,24
050,38,031,"North Dakota","Foster County",2,63,62,35,27
050,38,031,"North Dakota","Foster County",2,64,59,31,28
050,38,031,"North Dakota","Foster County",2,65,51,26,25
050,38,031,"North Dakota","Foster County",2,66,44,20,24
050,38,031,"North Dakota","Foster County",2,67,47,23,24
050,38,031,"North Dakota","Foster County",2,68,47,24,23
050,38,031,"North Dakota","Foster County",2,69,45,25,20
050,38,031,"North Dakota","Foster County",2,70,37,16,21
050,38,031,"North Dakota","Foster County",2,71,30,13,17
050,38,031,"North Dakota","Foster County",2,72,37,17,20
050,38,031,"North Dakota","Foster County",2,73,43,22,21
050,38,031,"North Dakota","Foster County",2,74,33,18,15
050,38,031,"North Dakota","Foster County",2,75,30,14,16
050,38,031,"North Dakota","Foster County",2,76,27,13,14
050,38,031,"North Dakota","Foster County",2,77,20,11,9
050,38,031,"North Dakota","Foster County",2,78,19,10,9
050,38,031,"North Dakota","Foster County",2,79,18,7,11
050,38,031,"North Dakota","Foster County",2,80,18,7,11
050,38,031,"North Dakota","Foster County",2,81,16,6,10
050,38,031,"North Dakota","Foster County",2,82,26,14,12
050,38,031,"North Dakota","Foster County",2,83,19,7,12
050,38,031,"North Dakota","Foster County",2,84,16,3,13
050,38,031,"North Dakota","Foster County",2,85,143,50,93
050,38,031,"North Dakota","Foster County",3,0,44,18,26
050,38,031,"North Dakota","Foster County",3,1,34,15,19
050,38,031,"North Dakota","Foster County",3,2,44,25,19
050,38,031,"North Dakota","Foster County",3,3,37,21,16
050,38,031,"North Dakota","Foster County",3,4,44,19,25
050,38,031,"North Dakota","Foster County",3,5,49,21,28
050,38,031,"North Dakota","Foster County",3,6,49,21,28
050,38,031,"North Dakota","Foster County",3,7,47,19,28
050,38,031,"North Dakota","Foster County",3,8,43,19,24
050,38,031,"North Dakota","Foster County",3,9,36,18,18
050,38,031,"North Dakota","Foster County",3,10,39,22,17
050,38,031,"North Dakota","Foster County",3,11,32,15,17
050,38,031,"North Dakota","Foster County",3,12,36,19,17
050,38,031,"North Dakota","Foster County",3,13,49,23,26
050,38,031,"North Dakota","Foster County",3,14,50,23,27
050,38,031,"North Dakota","Foster County",3,15,43,18,25
050,38,031,"North Dakota","Foster County",3,16,47,23,24
050,38,031,"North Dakota","Foster County",3,17,38,21,17
050,38,031,"North Dakota","Foster County",3,18,31,16,15
050,38,031,"North Dakota","Foster County",3,19,28,14,14
050,38,031,"North Dakota","Foster County",3,20,31,15,16
050,38,031,"North Dakota","Foster County",3,21,30,12,18
050,38,031,"North Dakota","Foster County",3,22,30,16,14
050,38,031,"North Dakota","Foster County",3,23,26,15,11
050,38,031,"North Dakota","Foster County",3,24,33,17,16
050,38,031,"North Dakota","Foster County",3,25,30,13,17
050,38,031,"North Dakota","Foster County",3,26,39,19,20
050,38,031,"North Dakota","Foster County",3,27,40,25,15
050,38,031,"North Dakota","Foster County",3,28,49,27,22
050,38,031,"North Dakota","Foster County",3,29,47,24,23
050,38,031,"North Dakota","Foster County",3,30,32,18,14
050,38,031,"North Dakota","Foster County",3,31,31,15,16
050,38,031,"North Dakota","Foster County",3,32,37,23,14
050,38,031,"North Dakota","Foster County",3,33,44,29,15
050,38,031,"North Dakota","Foster County",3,34,35,21,14
050,38,031,"North Dakota","Foster County",3,35,33,19,14
050,38,031,"North Dakota","Foster County",3,36,33,20,13
050,38,031,"North Dakota","Foster County",3,37,38,24,14
050,38,031,"North Dakota","Foster County",3,38,38,19,19
050,38,031,"North Dakota","Foster County",3,39,37,19,18
050,38,031,"North Dakota","Foster County",3,40,41,19,22
050,38,031,"North Dakota","Foster County",3,41,37,18,19
050,38,031,"North Dakota","Foster County",3,42,24,15,9
050,38,031,"North Dakota","Foster County",3,43,36,22,14
050,38,031,"North Dakota","Foster County",3,44,39,22,17
050,38,031,"North Dakota","Foster County",3,45,33,19,14
050,38,031,"North Dakota","Foster County",3,46,33,17,16
050,38,031,"North Dakota","Foster County",3,47,41,20,21
050,38,031,"North Dakota","Foster County",3,48,39,17,22
050,38,031,"North Dakota","Foster County",3,49,37,18,19
050,38,031,"North Dakota","Foster County",3,50,37,22,15
050,38,031,"North Dakota","Foster County",3,51,41,25,16
050,38,031,"North Dakota","Foster County",3,52,43,23,20
050,38,031,"North Dakota","Foster County",3,53,38,16,22
050,38,031,"North Dakota","Foster County",3,54,32,14,18
050,38,031,"North Dakota","Foster County",3,55,36,16,20
050,38,031,"North Dakota","Foster County",3,56,37,17,20
050,38,031,"North Dakota","Foster County",3,57,42,22,20
050,38,031,"North Dakota","Foster County",3,58,54,29,25
050,38,031,"North Dakota","Foster County",3,59,56,27,29
050,38,031,"North Dakota","Foster County",3,60,55,33,22
050,38,031,"North Dakota","Foster County",3,61,52,32,20
050,38,031,"North Dakota","Foster County",3,62,56,32,24
050,38,031,"North Dakota","Foster County",3,63,58,36,22
050,38,031,"North Dakota","Foster County",3,64,61,34,27
050,38,031,"North Dakota","Foster County",3,65,55,29,26
050,38,031,"North Dakota","Foster County",3,66,52,26,26
050,38,031,"North Dakota","Foster County",3,67,48,23,25
050,38,031,"North Dakota","Foster County",3,68,42,20,22
050,38,031,"North Dakota","Foster County",3,69,49,26,23
050,38,031,"North Dakota","Foster County",3,70,40,21,19
050,38,031,"North Dakota","Foster County",3,71,37,16,21
050,38,031,"North Dakota","Foster County",3,72,30,14,16
050,38,031,"North Dakota","Foster County",3,73,36,17,19
050,38,031,"North Dakota","Foster County",3,74,42,22,20
050,38,031,"North Dakota","Foster County",3,75,36,19,17
050,38,031,"North Dakota","Foster County",3,76,30,13,17
050,38,031,"North Dakota","Foster County",3,77,21,11,10
050,38,031,"North Dakota","Foster County",3,78,19,10,9
050,38,031,"North Dakota","Foster County",3,79,18,9,9
050,38,031,"North Dakota","Foster County",3,80,16,5,11
050,38,031,"North Dakota","Foster County",3,81,12,4,8
050,38,031,"North Dakota","Foster County",3,82,16,7,9
050,38,031,"North Dakota","Foster County",3,83,23,11,12
050,38,031,"North Dakota","Foster County",3,84,16,6,10
050,38,031,"North Dakota","Foster County",3,85,135,43,92
050,38,031,"North Dakota","Foster County",4,0,36,18,18
050,38,031,"North Dakota","Foster County",4,1,48,20,28
050,38,031,"North Dakota","Foster County",4,2,35,15,20
050,38,031,"North Dakota","Foster County",4,3,44,25,19
050,38,031,"North Dakota","Foster County",4,4,40,23,17
050,38,031,"North Dakota","Foster County",4,5,46,19,27
050,38,031,"North Dakota","Foster County",4,6,51,22,29
050,38,031,"North Dakota","Foster County",4,7,51,20,31
050,38,031,"North Dakota","Foster County",4,8,49,21,28
050,38,031,"North Dakota","Foster County",4,9,48,19,29
050,38,031,"North Dakota","Foster County",4,10,39,16,23
050,38,031,"North Dakota","Foster County",4,11,42,26,16
050,38,031,"North Dakota","Foster County",4,12,35,18,17
050,38,031,"North Dakota","Foster County",4,13,35,18,17
050,38,031,"North Dakota","Foster County",4,14,45,19,26
050,38,031,"North Dakota","Foster County",4,15,51,24,27
050,38,031,"North Dakota","Foster County",4,16,47,22,25
050,38,031,"North Dakota","Foster County",4,17,49,24,25
050,38,031,"North Dakota","Foster County",4,18,32,19,13
050,38,031,"North Dakota","Foster County",4,19,23,12,11
050,38,031,"North Dakota","Foster County",4,20,29,15,14
050,38,031,"North Dakota","Foster County",4,21,25,12,13
050,38,031,"North Dakota","Foster County",4,22,32,12,20
050,38,031,"North Dakota","Foster County",4,23,33,15,18
050,38,031,"North Dakota","Foster County",4,24,29,16,13
050,38,031,"North Dakota","Foster County",4,25,31,17,14
050,38,031,"North Dakota","Foster County",4,26,32,15,17
050,38,031,"North Dakota","Foster County",4,27,39,18,21
050,38,031,"North Dakota","Foster County",4,28,39,25,14
050,38,031,"North Dakota","Foster County",4,29,46,25,21
050,38,031,"North Dakota","Foster County",4,30,49,23,26
050,38,031,"North Dakota","Foster County",4,31,36,19,17
050,38,031,"North Dakota","Foster County",4,32,33,16,17
050,38,031,"North Dakota","Foster County",4,33,37,23,14
050,38,031,"North Dakota","Foster County",4,34,43,29,14
050,38,031,"North Dakota","Foster County",4,35,35,20,15
050,38,031,"North Dakota","Foster County",4,36,35,20,15
050,38,031,"North Dakota","Foster County",4,37,30,18,12
050,38,031,"North Dakota","Foster County",4,38,38,25,13
050,38,031,"North Dakota","Foster County",4,39,37,18,19
050,38,031,"North Dakota","Foster County",4,40,37,17,20
050,38,031,"North Dakota","Foster County",4,41,42,20,22
050,38,031,"North Dakota","Foster County",4,42,36,17,19
050,38,031,"North Dakota","Foster County",4,43,25,15,10
050,38,031,"North Dakota","Foster County",4,44,34,22,12
050,38,031,"North Dakota","Foster County",4,45,40,23,17
050,38,031,"North Dakota","Foster County",4,46,33,19,14
050,38,031,"North Dakota","Foster County",4,47,35,19,16
050,38,031,"North Dakota","Foster County",4,48,40,18,22
050,38,031,"North Dakota","Foster County",4,49,37,17,20
050,38,031,"North Dakota","Foster County",4,50,36,18,18
050,38,031,"North Dakota","Foster County",4,51,37,21,16
050,38,031,"North Dakota","Foster County",4,52,42,23,19
050,38,031,"North Dakota","Foster County",4,53,42,22,20
050,38,031,"North Dakota","Foster County",4,54,35,16,19
050,38,031,"North Dakota","Foster County",4,55,34,16,18
050,38,031,"North Dakota","Foster County",4,56,38,16,22
050,38,031,"North Dakota","Foster County",4,57,39,18,21
050,38,031,"North Dakota","Foster County",4,58,39,19,20
050,38,031,"North Dakota","Foster County",4,59,51,29,22
050,38,031,"North Dakota","Foster County",4,60,54,25,29
050,38,031,"North Dakota","Foster County",4,61,54,31,23
050,38,031,"North Dakota","Foster County",4,62,52,32,20
050,38,031,"North Dakota","Foster County",4,63,55,33,22
050,38,031,"North Dakota","Foster County",4,64,59,36,23
050,38,031,"North Dakota","Foster County",4,65,55,31,24
050,38,031,"North Dakota","Foster County",4,66,58,31,27
050,38,031,"North Dakota","Foster County",4,67,55,28,27
050,38,031,"North Dakota","Foster County",4,68,44,19,25
050,38,031,"North Dakota","Foster County",4,69,45,23,22
050,38,031,"North Dakota","Foster County",4,70,45,22,23
050,38,031,"North Dakota","Foster County",4,71,40,21,19
050,38,031,"North Dakota","Foster County",4,72,36,15,21
050,38,031,"North Dakota","Foster County",4,73,29,14,15
050,38,031,"North Dakota","Foster County",4,74,36,19,17
050,38,031,"North Dakota","Foster County",4,75,42,22,20
050,38,031,"North Dakota","Foster County",4,76,37,18,19
050,38,031,"North Dakota","Foster County",4,77,24,11,13
050,38,031,"North Dakota","Foster County",4,78,19,9,10
050,38,031,"North Dakota","Foster County",4,79,20,10,10
050,38,031,"North Dakota","Foster County",4,80,17,7,10
050,38,031,"North Dakota","Foster County",4,81,14,4,10
050,38,031,"North Dakota","Foster County",4,82,15,6,9
050,38,031,"North Dakota","Foster County",4,83,12,3,9
050,38,031,"North Dakota","Foster County",4,84,21,11,10
050,38,031,"North Dakota","Foster County",4,85,136,43,93
050,38,031,"North Dakota","Foster County",5,0,37,18,19
050,38,031,"North Dakota","Foster County",5,1,24,13,11
050,38,031,"North Dakota","Foster County",5,2,45,20,25
050,38,031,"North Dakota","Foster County",5,3,36,15,21
050,38,031,"North Dakota","Foster County",5,4,40,22,18
050,38,031,"North Dakota","Foster County",5,5,37,19,18
050,38,031,"North Dakota","Foster County",5,6,42,17,25
050,38,031,"North Dakota","Foster County",5,7,48,21,27
050,38,031,"North Dakota","Foster County",5,8,48,19,29
050,38,031,"North Dakota","Foster County",5,9,50,22,28
050,38,031,"North Dakota","Foster County",5,10,48,19,29
050,38,031,"North Dakota","Foster County",5,11,37,14,23
050,38,031,"North Dakota","Foster County",5,12,44,27,17
050,38,031,"North Dakota","Foster County",5,13,33,16,17
050,38,031,"North Dakota","Foster County",5,14,39,20,19
050,38,031,"North Dakota","Foster County",5,15,50,23,27
050,38,031,"North Dakota","Foster County",5,16,55,28,27
050,38,031,"North Dakota","Foster County",5,17,42,18,24
050,38,031,"North Dakota","Foster County",5,18,42,21,21
050,38,031,"North Dakota","Foster County",5,19,26,16,10
050,38,031,"North Dakota","Foster County",5,20,26,14,12
050,38,031,"North Dakota","Foster County",5,21,29,12,17
050,38,031,"North Dakota","Foster County",5,22,29,14,15
050,38,031,"North Dakota","Foster County",5,23,28,12,16
050,38,031,"North Dakota","Foster County",5,24,26,13,13
050,38,031,"North Dakota","Foster County",5,25,29,17,12
050,38,031,"North Dakota","Foster County",5,26,31,16,15
050,38,031,"North Dakota","Foster County",5,27,27,13,14
050,38,031,"North Dakota","Foster County",5,28,36,19,17
050,38,031,"North Dakota","Foster County",5,29,40,27,13
050,38,031,"North Dakota","Foster County",5,30,42,23,19
050,38,031,"North Dakota","Foster County",5,31,42,21,21
050,38,031,"North Dakota","Foster County",5,32,33,16,17
050,38,031,"North Dakota","Foster County",5,33,34,17,17
050,38,031,"North Dakota","Foster County",5,34,35,20,15
050,38,031,"North Dakota","Foster County",5,35,43,28,15
050,38,031,"North Dakota","Foster County",5,36,34,20,14
050,38,031,"North Dakota","Foster County",5,37,32,18,14
050,38,031,"North Dakota","Foster County",5,38,36,22,14
050,38,031,"North Dakota","Foster County",5,39,40,26,14
050,38,031,"North Dakota","Foster County",5,40,36,18,18
050,38,031,"North Dakota","Foster County",5,41,36,16,20
050,38,031,"North Dakota","Foster County",5,42,45,22,23
050,38,031,"North Dakota","Foster County",5,43,35,15,20
050,38,031,"North Dakota","Foster County",5,44,26,16,10
050,38,031,"North Dakota","Foster County",5,45,33,21,12
050,38,031,"North Dakota","Foster County",5,46,43,25,18
050,38,031,"North Dakota","Foster County",5,47,32,17,15
050,38,031,"North Dakota","Foster County",5,48,34,19,15
050,38,031,"North Dakota","Foster County",5,49,40,18,22
050,38,031,"North Dakota","Foster County",5,50,34,15,19
050,38,031,"North Dakota","Foster County",5,51,35,18,17
050,38,031,"North Dakota","Foster County",5,52,37,21,16
050,38,031,"North Dakota","Foster County",5,53,43,24,19
050,38,031,"North Dakota","Foster County",5,54,40,22,18
050,38,031,"North Dakota","Foster County",5,55,35,16,19
050,38,031,"North Dakota","Foster County",5,56,33,15,18
050,38,031,"North Dakota","Foster County",5,57,36,16,20
050,38,031,"North Dakota","Foster County",5,58,40,18,22
050,38,031,"North Dakota","Foster County",5,59,38,19,19
050,38,031,"North Dakota","Foster County",5,60,53,30,23
050,38,031,"North Dakota","Foster County",5,61,54,26,28
050,38,031,"North Dakota","Foster County",5,62,53,31,22
050,38,031,"North Dakota","Foster County",5,63,48,30,18
050,38,031,"North Dakota","Foster County",5,64,53,31,22
050,38,031,"North Dakota","Foster County",5,65,58,35,23
050,38,031,"North Dakota","Foster County",5,66,55,31,24
050,38,031,"North Dakota","Foster County",5,67,62,35,27
050,38,031,"North Dakota","Foster County",5,68,48,22,26
050,38,031,"North Dakota","Foster County",5,69,49,24,25
050,38,031,"North Dakota","Foster County",5,70,39,18,21
050,38,031,"North Dakota","Foster County",5,71,44,22,22
050,38,031,"North Dakota","Foster County",5,72,39,20,19
050,38,031,"North Dakota","Foster County",5,73,34,14,20
050,38,031,"North Dakota","Foster County",5,74,26,12,14
050,38,031,"North Dakota","Foster County",5,75,36,19,17
050,38,031,"North Dakota","Foster County",5,76,44,21,23
050,38,031,"North Dakota","Foster County",5,77,32,16,16
050,38,031,"North Dakota","Foster County",5,78,23,10,13
050,38,031,"North Dakota","Foster County",5,79,20,10,10
050,38,031,"North Dakota","Foster County",5,80,19,8,11
050,38,031,"North Dakota","Foster County",5,81,14,6,8
050,38,031,"North Dakota","Foster County",5,82,17,6,11
050,38,031,"North Dakota","Foster County",5,83,11,2,9
050,38,031,"North Dakota","Foster County",5,84,10,4,6
050,38,031,"North Dakota","Foster County",5,85,142,47,95
050,38,033,"North Dakota","Golden Valley County",1,0,17,9,8
050,38,033,"North Dakota","Golden Valley County",1,1,18,10,8
050,38,033,"North Dakota","Golden Valley County",1,2,19,12,7
050,38,033,"North Dakota","Golden Valley County",1,3,17,9,8
050,38,033,"North Dakota","Golden Valley County",1,4,18,6,12
050,38,033,"North Dakota","Golden Valley County",1,5,16,9,7
050,38,033,"North Dakota","Golden Valley County",1,6,20,11,9
050,38,033,"North Dakota","Golden Valley County",1,7,14,7,7
050,38,033,"North Dakota","Golden Valley County",1,8,13,8,5
050,38,033,"North Dakota","Golden Valley County",1,9,19,7,12
050,38,033,"North Dakota","Golden Valley County",1,10,18,7,11
050,38,033,"North Dakota","Golden Valley County",1,11,17,8,9
050,38,033,"North Dakota","Golden Valley County",1,12,19,11,8
050,38,033,"North Dakota","Golden Valley County",1,13,20,10,10
050,38,033,"North Dakota","Golden Valley County",1,14,22,11,11
050,38,033,"North Dakota","Golden Valley County",1,15,22,12,10
050,38,033,"North Dakota","Golden Valley County",1,16,31,15,16
050,38,033,"North Dakota","Golden Valley County",1,17,24,12,12
050,38,033,"North Dakota","Golden Valley County",1,18,14,9,5
050,38,033,"North Dakota","Golden Valley County",1,19,10,5,5
050,38,033,"North Dakota","Golden Valley County",1,20,11,7,4
050,38,033,"North Dakota","Golden Valley County",1,21,14,7,7
050,38,033,"North Dakota","Golden Valley County",1,22,13,8,5
050,38,033,"North Dakota","Golden Valley County",1,23,21,14,7
050,38,033,"North Dakota","Golden Valley County",1,24,18,11,7
050,38,033,"North Dakota","Golden Valley County",1,25,19,11,8
050,38,033,"North Dakota","Golden Valley County",1,26,14,11,3
050,38,033,"North Dakota","Golden Valley County",1,27,19,8,11
050,38,033,"North Dakota","Golden Valley County",1,28,26,14,12
050,38,033,"North Dakota","Golden Valley County",1,29,19,9,10
050,38,033,"North Dakota","Golden Valley County",1,30,15,6,9
050,38,033,"North Dakota","Golden Valley County",1,31,10,7,3
050,38,033,"North Dakota","Golden Valley County",1,32,14,8,6
050,38,033,"North Dakota","Golden Valley County",1,33,16,10,6
050,38,033,"North Dakota","Golden Valley County",1,34,17,10,7
050,38,033,"North Dakota","Golden Valley County",1,35,21,9,12
050,38,033,"North Dakota","Golden Valley County",1,36,20,9,11
050,38,033,"North Dakota","Golden Valley County",1,37,20,7,13
050,38,033,"North Dakota","Golden Valley County",1,38,18,9,9
050,38,033,"North Dakota","Golden Valley County",1,39,20,12,8
050,38,033,"North Dakota","Golden Valley County",1,40,29,14,15
050,38,033,"North Dakota","Golden Valley County",1,41,24,14,10
050,38,033,"North Dakota","Golden Valley County",1,42,25,15,10
050,38,033,"North Dakota","Golden Valley County",1,43,27,15,12
050,38,033,"North Dakota","Golden Valley County",1,44,17,9,8
050,38,033,"North Dakota","Golden Valley County",1,45,23,12,11
050,38,033,"North Dakota","Golden Valley County",1,46,18,8,10
050,38,033,"North Dakota","Golden Valley County",1,47,14,5,9
050,38,033,"North Dakota","Golden Valley County",1,48,13,5,8
050,38,033,"North Dakota","Golden Valley County",1,49,17,9,8
050,38,033,"North Dakota","Golden Valley County",1,50,18,11,7
050,38,033,"North Dakota","Golden Valley County",1,51,17,10,7
050,38,033,"North Dakota","Golden Valley County",1,52,16,10,6
050,38,033,"North Dakota","Golden Valley County",1,53,18,10,8
050,38,033,"North Dakota","Golden Valley County",1,54,18,9,9
050,38,033,"North Dakota","Golden Valley County",1,55,27,12,15
050,38,033,"North Dakota","Golden Valley County",1,56,26,13,13
050,38,033,"North Dakota","Golden Valley County",1,57,20,11,9
050,38,033,"North Dakota","Golden Valley County",1,58,22,12,10
050,38,033,"North Dakota","Golden Valley County",1,59,27,11,16
050,38,033,"North Dakota","Golden Valley County",1,60,28,11,17
050,38,033,"North Dakota","Golden Valley County",1,61,29,14,15
050,38,033,"North Dakota","Golden Valley County",1,62,39,19,20
050,38,033,"North Dakota","Golden Valley County",1,63,34,19,15
050,38,033,"North Dakota","Golden Valley County",1,64,29,17,12
050,38,033,"North Dakota","Golden Valley County",1,65,26,16,10
050,38,033,"North Dakota","Golden Valley County",1,66,32,18,14
050,38,033,"North Dakota","Golden Valley County",1,67,26,16,10
050,38,033,"North Dakota","Golden Valley County",1,68,30,16,14
050,38,033,"North Dakota","Golden Valley County",1,69,32,16,16
050,38,033,"North Dakota","Golden Valley County",1,70,31,17,14
050,38,033,"North Dakota","Golden Valley County",1,71,30,16,14
050,38,033,"North Dakota","Golden Valley County",1,72,16,7,9
050,38,033,"North Dakota","Golden Valley County",1,73,19,5,14
050,38,033,"North Dakota","Golden Valley County",1,74,13,5,8
050,38,033,"North Dakota","Golden Valley County",1,75,12,6,6
050,38,033,"North Dakota","Golden Valley County",1,76,14,6,8
050,38,033,"North Dakota","Golden Valley County",1,77,16,8,8
050,38,033,"North Dakota","Golden Valley County",1,78,8,2,6
050,38,033,"North Dakota","Golden Valley County",1,79,10,4,6
050,38,033,"North Dakota","Golden Valley County",1,80,8,4,4
050,38,033,"North Dakota","Golden Valley County",1,81,13,8,5
050,38,033,"North Dakota","Golden Valley County",1,82,15,8,7
050,38,033,"North Dakota","Golden Valley County",1,83,10,4,6
050,38,033,"North Dakota","Golden Valley County",1,84,6,2,4
050,38,033,"North Dakota","Golden Valley County",1,85,75,25,50
050,38,033,"North Dakota","Golden Valley County",2,0,17,8,9
050,38,033,"North Dakota","Golden Valley County",2,1,18,10,8
050,38,033,"North Dakota","Golden Valley County",2,2,18,11,7
050,38,033,"North Dakota","Golden Valley County",2,3,17,9,8
050,38,033,"North Dakota","Golden Valley County",2,4,17,6,11
050,38,033,"North Dakota","Golden Valley County",2,5,15,7,8
050,38,033,"North Dakota","Golden Valley County",2,6,18,10,8
050,38,033,"North Dakota","Golden Valley County",2,7,15,8,7
050,38,033,"North Dakota","Golden Valley County",2,8,12,7,5
050,38,033,"North Dakota","Golden Valley County",2,9,18,7,11
050,38,033,"North Dakota","Golden Valley County",2,10,18,7,11
050,38,033,"North Dakota","Golden Valley County",2,11,17,8,9
050,38,033,"North Dakota","Golden Valley County",2,12,19,11,8
050,38,033,"North Dakota","Golden Valley County",2,13,20,10,10
050,38,033,"North Dakota","Golden Valley County",2,14,22,11,11
050,38,033,"North Dakota","Golden Valley County",2,15,23,12,11
050,38,033,"North Dakota","Golden Valley County",2,16,30,15,15
050,38,033,"North Dakota","Golden Valley County",2,17,23,11,12
050,38,033,"North Dakota","Golden Valley County",2,18,14,9,5
050,38,033,"North Dakota","Golden Valley County",2,19,11,6,5
050,38,033,"North Dakota","Golden Valley County",2,20,11,7,4
050,38,033,"North Dakota","Golden Valley County",2,21,14,7,7
050,38,033,"North Dakota","Golden Valley County",2,22,14,9,5
050,38,033,"North Dakota","Golden Valley County",2,23,20,13,7
050,38,033,"North Dakota","Golden Valley County",2,24,19,12,7
050,38,033,"North Dakota","Golden Valley County",2,25,18,11,7
050,38,033,"North Dakota","Golden Valley County",2,26,15,11,4
050,38,033,"North Dakota","Golden Valley County",2,27,17,8,9
050,38,033,"North Dakota","Golden Valley County",2,28,24,13,11
050,38,033,"North Dakota","Golden Valley County",2,29,20,10,10
050,38,033,"North Dakota","Golden Valley County",2,30,17,7,10
050,38,033,"North Dakota","Golden Valley County",2,31,11,7,4
050,38,033,"North Dakota","Golden Valley County",2,32,13,8,5
050,38,033,"North Dakota","Golden Valley County",2,33,17,11,6
050,38,033,"North Dakota","Golden Valley County",2,34,16,9,7
050,38,033,"North Dakota","Golden Valley County",2,35,20,9,11
050,38,033,"North Dakota","Golden Valley County",2,36,19,8,11
050,38,033,"North Dakota","Golden Valley County",2,37,19,7,12
050,38,033,"North Dakota","Golden Valley County",2,38,19,9,10
050,38,033,"North Dakota","Golden Valley County",2,39,18,11,7
050,38,033,"North Dakota","Golden Valley County",2,40,27,13,14
050,38,033,"North Dakota","Golden Valley County",2,41,25,14,11
050,38,033,"North Dakota","Golden Valley County",2,42,25,15,10
050,38,033,"North Dakota","Golden Valley County",2,43,26,15,11
050,38,033,"North Dakota","Golden Valley County",2,44,20,11,9
050,38,033,"North Dakota","Golden Valley County",2,45,22,11,11
050,38,033,"North Dakota","Golden Valley County",2,46,19,9,10
050,38,033,"North Dakota","Golden Valley County",2,47,15,6,9
050,38,033,"North Dakota","Golden Valley County",2,48,14,6,8
050,38,033,"North Dakota","Golden Valley County",2,49,16,8,8
050,38,033,"North Dakota","Golden Valley County",2,50,18,11,7
050,38,033,"North Dakota","Golden Valley County",2,51,17,10,7
050,38,033,"North Dakota","Golden Valley County",2,52,16,10,6
050,38,033,"North Dakota","Golden Valley County",2,53,17,10,7
050,38,033,"North Dakota","Golden Valley County",2,54,18,9,9
050,38,033,"North Dakota","Golden Valley County",2,55,26,12,14
050,38,033,"North Dakota","Golden Valley County",2,56,26,13,13
050,38,033,"North Dakota","Golden Valley County",2,57,21,11,10
050,38,033,"North Dakota","Golden Valley County",2,58,22,12,10
050,38,033,"North Dakota","Golden Valley County",2,59,25,11,14
050,38,033,"North Dakota","Golden Valley County",2,60,26,10,16
050,38,033,"North Dakota","Golden Valley County",2,61,28,13,15
050,38,033,"North Dakota","Golden Valley County",2,62,37,18,19
050,38,033,"North Dakota","Golden Valley County",2,63,36,19,17
050,38,033,"North Dakota","Golden Valley County",2,64,31,18,13
050,38,033,"North Dakota","Golden Valley County",2,65,27,16,11
050,38,033,"North Dakota","Golden Valley County",2,66,31,18,13
050,38,033,"North Dakota","Golden Valley County",2,67,27,16,11
050,38,033,"North Dakota","Golden Valley County",2,68,28,16,12
050,38,033,"North Dakota","Golden Valley County",2,69,32,16,16
050,38,033,"North Dakota","Golden Valley County",2,70,32,17,15
050,38,033,"North Dakota","Golden Valley County",2,71,30,16,14
050,38,033,"North Dakota","Golden Valley County",2,72,20,10,10
050,38,033,"North Dakota","Golden Valley County",2,73,17,5,12
050,38,033,"North Dakota","Golden Valley County",2,74,14,5,9
050,38,033,"North Dakota","Golden Valley County",2,75,13,6,7
050,38,033,"North Dakota","Golden Valley County",2,76,14,6,8
050,38,033,"North Dakota","Golden Valley County",2,77,16,8,8
050,38,033,"North Dakota","Golden Valley County",2,78,9,3,6
050,38,033,"North Dakota","Golden Valley County",2,79,9,3,6
050,38,033,"North Dakota","Golden Valley County",2,80,8,4,4
050,38,033,"North Dakota","Golden Valley County",2,81,12,7,5
050,38,033,"North Dakota","Golden Valley County",2,82,15,8,7
050,38,033,"North Dakota","Golden Valley County",2,83,10,5,5
050,38,033,"North Dakota","Golden Valley County",2,84,6,2,4
050,38,033,"North Dakota","Golden Valley County",2,85,75,25,50
050,38,033,"North Dakota","Golden Valley County",3,0,17,8,9
050,38,033,"North Dakota","Golden Valley County",3,1,16,8,8
050,38,033,"North Dakota","Golden Valley County",3,2,21,11,10
050,38,033,"North Dakota","Golden Valley County",3,3,19,10,9
050,38,033,"North Dakota","Golden Valley County",3,4,19,12,7
050,38,033,"North Dakota","Golden Valley County",3,5,20,7,13
050,38,033,"North Dakota","Golden Valley County",3,6,16,6,10
050,38,033,"North Dakota","Golden Valley County",3,7,17,8,9
050,38,033,"North Dakota","Golden Valley County",3,8,18,10,8
050,38,033,"North Dakota","Golden Valley County",3,9,12,7,5
050,38,033,"North Dakota","Golden Valley County",3,10,19,7,12
050,38,033,"North Dakota","Golden Valley County",3,11,17,7,10
050,38,033,"North Dakota","Golden Valley County",3,12,18,7,11
050,38,033,"North Dakota","Golden Valley County",3,13,19,10,9
050,38,033,"North Dakota","Golden Valley County",3,14,21,11,10
050,38,033,"North Dakota","Golden Valley County",3,15,22,10,12
050,38,033,"North Dakota","Golden Valley County",3,16,25,14,11
050,38,033,"North Dakota","Golden Valley County",3,17,26,13,13
050,38,033,"North Dakota","Golden Valley County",3,18,18,9,9
050,38,033,"North Dakota","Golden Valley County",3,19,10,5,5
050,38,033,"North Dakota","Golden Valley County",3,20,12,7,5
050,38,033,"North Dakota","Golden Valley County",3,21,12,7,5
050,38,033,"North Dakota","Golden Valley County",3,22,11,4,7
050,38,033,"North Dakota","Golden Valley County",3,23,19,8,11
050,38,033,"North Dakota","Golden Valley County",3,24,23,14,9
050,38,033,"North Dakota","Golden Valley County",3,25,24,17,7
050,38,033,"North Dakota","Golden Valley County",3,26,17,10,7
050,38,033,"North Dakota","Golden Valley County",3,27,12,10,2
050,38,033,"North Dakota","Golden Valley County",3,28,20,9,11
050,38,033,"North Dakota","Golden Valley County",3,29,22,13,9
050,38,033,"North Dakota","Golden Valley County",3,30,27,13,14
050,38,033,"North Dakota","Golden Valley County",3,31,18,7,11
050,38,033,"North Dakota","Golden Valley County",3,32,10,6,4
050,38,033,"North Dakota","Golden Valley County",3,33,13,9,4
050,38,033,"North Dakota","Golden Valley County",3,34,17,11,6
050,38,033,"North Dakota","Golden Valley County",3,35,16,9,7
050,38,033,"North Dakota","Golden Valley County",3,36,21,9,12
050,38,033,"North Dakota","Golden Valley County",3,37,18,7,11
050,38,033,"North Dakota","Golden Valley County",3,38,19,8,11
050,38,033,"North Dakota","Golden Valley County",3,39,18,8,10
050,38,033,"North Dakota","Golden Valley County",3,40,21,11,10
050,38,033,"North Dakota","Golden Valley County",3,41,28,14,14
050,38,033,"North Dakota","Golden Valley County",3,42,24,14,10
050,38,033,"North Dakota","Golden Valley County",3,43,24,14,10
050,38,033,"North Dakota","Golden Valley County",3,44,26,15,11
050,38,033,"North Dakota","Golden Valley County",3,45,20,11,9
050,38,033,"North Dakota","Golden Valley County",3,46,23,12,11
050,38,033,"North Dakota","Golden Valley County",3,47,16,9,7
050,38,033,"North Dakota","Golden Valley County",3,48,17,7,10
050,38,033,"North Dakota","Golden Valley County",3,49,13,5,8
050,38,033,"North Dakota","Golden Valley County",3,50,17,9,8
050,38,033,"North Dakota","Golden Valley County",3,51,18,11,7
050,38,033,"North Dakota","Golden Valley County",3,52,20,12,8
050,38,033,"North Dakota","Golden Valley County",3,53,15,10,5
050,38,033,"North Dakota","Golden Valley County",3,54,20,9,11
050,38,033,"North Dakota","Golden Valley County",3,55,21,10,11
050,38,033,"North Dakota","Golden Valley County",3,56,28,14,14
050,38,033,"North Dakota","Golden Valley County",3,57,21,10,11
050,38,033,"North Dakota","Golden Valley County",3,58,23,13,10
050,38,033,"North Dakota","Golden Valley County",3,59,23,11,12
050,38,033,"North Dakota","Golden Valley County",3,60,26,13,13
050,38,033,"North Dakota","Golden Valley County",3,61,27,9,18
050,38,033,"North Dakota","Golden Valley County",3,62,28,13,15
050,38,033,"North Dakota","Golden Valley County",3,63,39,20,19
050,38,033,"North Dakota","Golden Valley County",3,64,36,19,17
050,38,033,"North Dakota","Golden Valley County",3,65,31,18,13
050,38,033,"North Dakota","Golden Valley County",3,66,28,16,12
050,38,033,"North Dakota","Golden Valley County",3,67,33,20,13
050,38,033,"North Dakota","Golden Valley County",3,68,28,17,11
050,38,033,"North Dakota","Golden Valley County",3,69,28,16,12
050,38,033,"North Dakota","Golden Valley County",3,70,32,16,16
050,38,033,"North Dakota","Golden Valley County",3,71,32,17,15
050,38,033,"North Dakota","Golden Valley County",3,72,30,16,14
050,38,033,"North Dakota","Golden Valley County",3,73,19,9,10
050,38,033,"North Dakota","Golden Valley County",3,74,13,4,9
050,38,033,"North Dakota","Golden Valley County",3,75,14,5,9
050,38,033,"North Dakota","Golden Valley County",3,76,13,6,7
050,38,033,"North Dakota","Golden Valley County",3,77,14,6,8
050,38,033,"North Dakota","Golden Valley County",3,78,16,8,8
050,38,033,"North Dakota","Golden Valley County",3,79,9,3,6
050,38,033,"North Dakota","Golden Valley County",3,80,8,3,5
050,38,033,"North Dakota","Golden Valley County",3,81,7,3,4
050,38,033,"North Dakota","Golden Valley County",3,82,12,7,5
050,38,033,"North Dakota","Golden Valley County",3,83,15,8,7
050,38,033,"North Dakota","Golden Valley County",3,84,9,4,5
050,38,033,"North Dakota","Golden Valley County",3,85,71,24,47
050,38,033,"North Dakota","Golden Valley County",4,0,21,8,13
050,38,033,"North Dakota","Golden Valley County",4,1,17,8,9
050,38,033,"North Dakota","Golden Valley County",4,2,14,8,6
050,38,033,"North Dakota","Golden Valley County",4,3,19,10,9
050,38,033,"North Dakota","Golden Valley County",4,4,18,10,8
050,38,033,"North Dakota","Golden Valley County",4,5,17,10,7
050,38,033,"North Dakota","Golden Valley County",4,6,19,7,12
050,38,033,"North Dakota","Golden Valley County",4,7,15,6,9
050,38,033,"North Dakota","Golden Valley County",4,8,19,9,10
050,38,033,"North Dakota","Golden Valley County",4,9,19,12,7
050,38,033,"North Dakota","Golden Valley County",4,10,12,7,5
050,38,033,"North Dakota","Golden Valley County",4,11,17,8,9
050,38,033,"North Dakota","Golden Valley County",4,12,18,7,11
050,38,033,"North Dakota","Golden Valley County",4,13,20,7,13
050,38,033,"North Dakota","Golden Valley County",4,14,23,15,8
050,38,033,"North Dakota","Golden Valley County",4,15,26,12,14
050,38,033,"North Dakota","Golden Valley County",4,16,23,12,11
050,38,033,"North Dakota","Golden Valley County",4,17,22,13,9
050,38,033,"North Dakota","Golden Valley County",4,18,20,10,10
050,38,033,"North Dakota","Golden Valley County",4,19,16,8,8
050,38,033,"North Dakota","Golden Valley County",4,20,10,5,5
050,38,033,"North Dakota","Golden Valley County",4,21,15,8,7
050,38,033,"North Dakota","Golden Valley County",4,22,8,5,3
050,38,033,"North Dakota","Golden Valley County",4,23,13,3,10
050,38,033,"North Dakota","Golden Valley County",4,24,21,9,12
050,38,033,"North Dakota","Golden Valley County",4,25,25,16,9
050,38,033,"North Dakota","Golden Valley County",4,26,20,15,5
050,38,033,"North Dakota","Golden Valley County",4,27,17,11,6
050,38,033,"North Dakota","Golden Valley County",4,28,13,10,3
050,38,033,"North Dakota","Golden Valley County",4,29,17,7,10
050,38,033,"North Dakota","Golden Valley County",4,30,22,13,9
050,38,033,"North Dakota","Golden Valley County",4,31,23,10,13
050,38,033,"North Dakota","Golden Valley County",4,32,15,6,9
050,38,033,"North Dakota","Golden Valley County",4,33,10,6,4
050,38,033,"North Dakota","Golden Valley County",4,34,12,8,4
050,38,033,"North Dakota","Golden Valley County",4,35,14,11,3
050,38,033,"North Dakota","Golden Valley County",4,36,21,12,9
050,38,033,"North Dakota","Golden Valley County",4,37,19,7,12
050,38,033,"North Dakota","Golden Valley County",4,38,21,9,12
050,38,033,"North Dakota","Golden Valley County",4,39,18,6,12
050,38,033,"North Dakota","Golden Valley County",4,40,17,8,9
050,38,033,"North Dakota","Golden Valley County",4,41,22,12,10
050,38,033,"North Dakota","Golden Valley County",4,42,28,14,14
050,38,033,"North Dakota","Golden Valley County",4,43,24,14,10
050,38,033,"North Dakota","Golden Valley County",4,44,26,16,10
050,38,033,"North Dakota","Golden Valley County",4,45,30,16,14
050,38,033,"North Dakota","Golden Valley County",4,46,19,10,9
050,38,033,"North Dakota","Golden Valley County",4,47,24,12,12
050,38,033,"North Dakota","Golden Valley County",4,48,17,10,7
050,38,033,"North Dakota","Golden Valley County",4,49,15,6,9
050,38,033,"North Dakota","Golden Valley County",4,50,16,7,9
050,38,033,"North Dakota","Golden Valley County",4,51,17,9,8
050,38,033,"North Dakota","Golden Valley County",4,52,20,13,7
050,38,033,"North Dakota","Golden Valley County",4,53,18,10,8
050,38,033,"North Dakota","Golden Valley County",4,54,14,9,5
050,38,033,"North Dakota","Golden Valley County",4,55,20,10,10
050,38,033,"North Dakota","Golden Valley County",4,56,21,10,11
050,38,033,"North Dakota","Golden Valley County",4,57,27,13,14
050,38,033,"North Dakota","Golden Valley County",4,58,20,9,11
050,38,033,"North Dakota","Golden Valley County",4,59,22,12,10
050,38,033,"North Dakota","Golden Valley County",4,60,22,11,11
050,38,033,"North Dakota","Golden Valley County",4,61,25,12,13
050,38,033,"North Dakota","Golden Valley County",4,62,25,9,16
050,38,033,"North Dakota","Golden Valley County",4,63,27,12,15
050,38,033,"North Dakota","Golden Valley County",4,64,39,20,19
050,38,033,"North Dakota","Golden Valley County",4,65,36,19,17
050,38,033,"North Dakota","Golden Valley County",4,66,30,17,13
050,38,033,"North Dakota","Golden Valley County",4,67,28,16,12
050,38,033,"North Dakota","Golden Valley County",4,68,34,20,14
050,38,033,"North Dakota","Golden Valley County",4,69,28,17,11
050,38,033,"North Dakota","Golden Valley County",4,70,27,15,12
050,38,033,"North Dakota","Golden Valley County",4,71,32,16,16
050,38,033,"North Dakota","Golden Valley County",4,72,32,17,15
050,38,033,"North Dakota","Golden Valley County",4,73,32,18,14
050,38,033,"North Dakota","Golden Valley County",4,74,16,8,8
050,38,033,"North Dakota","Golden Valley County",4,75,11,3,8
050,38,033,"North Dakota","Golden Valley County",4,76,14,5,9
050,38,033,"North Dakota","Golden Valley County",4,77,12,6,6
050,38,033,"North Dakota","Golden Valley County",4,78,15,6,9
050,38,033,"North Dakota","Golden Valley County",4,79,14,8,6
050,38,033,"North Dakota","Golden Valley County",4,80,9,3,6
050,38,033,"North Dakota","Golden Valley County",4,81,8,3,5
050,38,033,"North Dakota","Golden Valley County",4,82,5,3,2
050,38,033,"North Dakota","Golden Valley County",4,83,12,7,5
050,38,033,"North Dakota","Golden Valley County",4,84,15,7,8
050,38,033,"North Dakota","Golden Valley County",4,85,72,23,49
050,38,033,"North Dakota","Golden Valley County",5,0,17,6,11
050,38,033,"North Dakota","Golden Valley County",5,1,21,9,12
050,38,033,"North Dakota","Golden Valley County",5,2,17,8,9
050,38,033,"North Dakota","Golden Valley County",5,3,14,7,7
050,38,033,"North Dakota","Golden Valley County",5,4,18,9,9
050,38,033,"North Dakota","Golden Valley County",5,5,17,10,7
050,38,033,"North Dakota","Golden Valley County",5,6,16,9,7
050,38,033,"North Dakota","Golden Valley County",5,7,19,9,10
050,38,033,"North Dakota","Golden Valley County",5,8,17,9,8
050,38,033,"North Dakota","Golden Valley County",5,9,21,11,10
050,38,033,"North Dakota","Golden Valley County",5,10,17,10,7
050,38,033,"North Dakota","Golden Valley County",5,11,11,6,5
050,38,033,"North Dakota","Golden Valley County",5,12,18,7,11
050,38,033,"North Dakota","Golden Valley County",5,13,17,6,11
050,38,033,"North Dakota","Golden Valley County",5,14,22,10,12
050,38,033,"North Dakota","Golden Valley County",5,15,24,13,11
050,38,033,"North Dakota","Golden Valley County",5,16,27,15,12
050,38,033,"North Dakota","Golden Valley County",5,17,19,10,9
050,38,033,"North Dakota","Golden Valley County",5,18,13,8,5
050,38,033,"North Dakota","Golden Valley County",5,19,15,7,8
050,38,033,"North Dakota","Golden Valley County",5,20,15,8,7
050,38,033,"North Dakota","Golden Valley County",5,21,9,4,5
050,38,033,"North Dakota","Golden Valley County",5,22,13,9,4
050,38,033,"North Dakota","Golden Valley County",5,23,9,4,5
050,38,033,"North Dakota","Golden Valley County",5,24,18,3,15
050,38,033,"North Dakota","Golden Valley County",5,25,23,9,14
050,38,033,"North Dakota","Golden Valley County",5,26,23,14,9
050,38,033,"North Dakota","Golden Valley County",5,27,22,13,9
050,38,033,"North Dakota","Golden Valley County",5,28,18,11,7
050,38,033,"North Dakota","Golden Valley County",5,29,13,10,3
050,38,033,"North Dakota","Golden Valley County",5,30,16,7,9
050,38,033,"North Dakota","Golden Valley County",5,31,22,14,8
050,38,033,"North Dakota","Golden Valley County",5,32,24,11,13
050,38,033,"North Dakota","Golden Valley County",5,33,16,6,10
050,38,033,"North Dakota","Golden Valley County",5,34,9,6,3
050,38,033,"North Dakota","Golden Valley County",5,35,13,9,4
050,38,033,"North Dakota","Golden Valley County",5,36,14,11,3
050,38,033,"North Dakota","Golden Valley County",5,37,20,11,9
050,38,033,"North Dakota","Golden Valley County",5,38,22,9,13
050,38,033,"North Dakota","Golden Valley County",5,39,20,8,12
050,38,033,"North Dakota","Golden Valley County",5,40,19,7,12
050,38,033,"North Dakota","Golden Valley County",5,41,17,9,8
050,38,033,"North Dakota","Golden Valley County",5,42,21,12,9
050,38,033,"North Dakota","Golden Valley County",5,43,27,13,14
050,38,033,"North Dakota","Golden Valley County",5,44,24,14,10
050,38,033,"North Dakota","Golden Valley County",5,45,26,16,10
050,38,033,"North Dakota","Golden Valley County",5,46,28,15,13
050,38,033,"North Dakota","Golden Valley County",5,47,19,10,9
050,38,033,"North Dakota","Golden Valley County",5,48,24,13,11
050,38,033,"North Dakota","Golden Valley County",5,49,16,9,7
050,38,033,"North Dakota","Golden Valley County",5,50,16,7,9
050,38,033,"North Dakota","Golden Valley County",5,51,13,5,8
050,38,033,"North Dakota","Golden Valley County",5,52,17,9,8
050,38,033,"North Dakota","Golden Valley County",5,53,20,13,7
050,38,033,"North Dakota","Golden Valley County",5,54,19,11,8
050,38,033,"North Dakota","Golden Valley County",5,55,15,10,5
050,38,033,"North Dakota","Golden Valley County",5,56,19,9,10
050,38,033,"North Dakota","Golden Valley County",5,57,20,9,11
050,38,033,"North Dakota","Golden Valley County",5,58,27,13,14
050,38,033,"North Dakota","Golden Valley County",5,59,21,8,13
050,38,033,"North Dakota","Golden Valley County",5,60,21,12,9
050,38,033,"North Dakota","Golden Valley County",5,61,19,10,9
050,38,033,"North Dakota","Golden Valley County",5,62,25,12,13
050,38,033,"North Dakota","Golden Valley County",5,63,25,9,16
050,38,033,"North Dakota","Golden Valley County",5,64,29,14,15
050,38,033,"North Dakota","Golden Valley County",5,65,38,18,20
050,38,033,"North Dakota","Golden Valley County",5,66,36,19,17
050,38,033,"North Dakota","Golden Valley County",5,67,30,18,12
050,38,033,"North Dakota","Golden Valley County",5,68,28,15,13
050,38,033,"North Dakota","Golden Valley County",5,69,35,21,14
050,38,033,"North Dakota","Golden Valley County",5,70,27,16,11
050,38,033,"North Dakota","Golden Valley County",5,71,30,18,12
050,38,033,"North Dakota","Golden Valley County",5,72,32,16,16
050,38,033,"North Dakota","Golden Valley County",5,73,32,17,15
050,38,033,"North Dakota","Golden Valley County",5,74,32,18,14
050,38,033,"North Dakota","Golden Valley County",5,75,15,7,8
050,38,033,"North Dakota","Golden Valley County",5,76,12,4,8
050,38,033,"North Dakota","Golden Valley County",5,77,13,5,8
050,38,033,"North Dakota","Golden Valley County",5,78,13,6,7
050,38,033,"North Dakota","Golden Valley County",5,79,15,6,9
050,38,033,"North Dakota","Golden Valley County",5,80,14,8,6
050,38,033,"North Dakota","Golden Valley County",5,81,10,4,6
050,38,033,"North Dakota","Golden Valley County",5,82,10,4,6
050,38,033,"North Dakota","Golden Valley County",5,83,5,3,2
050,38,033,"North Dakota","Golden Valley County",5,84,12,7,5
050,38,033,"North Dakota","Golden Valley County",5,85,78,27,51
050,38,035,"North Dakota","Grand Forks County",1,0,955,491,464
050,38,035,"North Dakota","Grand Forks County",1,1,956,496,460
050,38,035,"North Dakota","Grand Forks County",1,2,959,488,471
050,38,035,"North Dakota","Grand Forks County",1,3,1011,519,492
050,38,035,"North Dakota","Grand Forks County",1,4,968,497,471
050,38,035,"North Dakota","Grand Forks County",1,5,934,468,466
050,38,035,"North Dakota","Grand Forks County",1,6,883,445,438
050,38,035,"North Dakota","Grand Forks County",1,7,833,395,438
050,38,035,"North Dakota","Grand Forks County",1,8,889,442,447
050,38,035,"North Dakota","Grand Forks County",1,9,832,424,408
050,38,035,"North Dakota","Grand Forks County",1,10,871,447,424
050,38,035,"North Dakota","Grand Forks County",1,11,849,442,407
050,38,035,"North Dakota","Grand Forks County",1,12,824,436,388
050,38,035,"North Dakota","Grand Forks County",1,13,832,432,400
050,38,035,"North Dakota","Grand Forks County",1,14,785,401,384
050,38,035,"North Dakota","Grand Forks County",1,15,788,421,367
050,38,035,"North Dakota","Grand Forks County",1,16,719,374,345
050,38,035,"North Dakota","Grand Forks County",1,17,705,360,345
050,38,035,"North Dakota","Grand Forks County",1,18,1144,559,585
050,38,035,"North Dakota","Grand Forks County",1,19,2221,1206,1015
050,38,035,"North Dakota","Grand Forks County",1,20,1994,1029,965
050,38,035,"North Dakota","Grand Forks County",1,21,2396,1190,1206
050,38,035,"North Dakota","Grand Forks County",1,22,2741,1491,1250
050,38,035,"North Dakota","Grand Forks County",1,23,2187,1198,989
050,38,035,"North Dakota","Grand Forks County",1,24,1642,912,730
050,38,035,"North Dakota","Grand Forks County",1,25,1479,857,622
050,38,035,"North Dakota","Grand Forks County",1,26,1270,728,542
050,38,035,"North Dakota","Grand Forks County",1,27,1218,676,542
050,38,035,"North Dakota","Grand Forks County",1,28,1164,627,537
050,38,035,"North Dakota","Grand Forks County",1,29,1181,646,535
050,38,035,"North Dakota","Grand Forks County",1,30,1146,627,519
050,38,035,"North Dakota","Grand Forks County",1,31,1053,584,469
050,38,035,"North Dakota","Grand Forks County",1,32,1001,574,427
050,38,035,"North Dakota","Grand Forks County",1,33,978,540,438
050,38,035,"North Dakota","Grand Forks County",1,34,1013,556,457
050,38,035,"North Dakota","Grand Forks County",1,35,994,536,458
050,38,035,"North Dakota","Grand Forks County",1,36,891,465,426
050,38,035,"North Dakota","Grand Forks County",1,37,944,504,440
050,38,035,"North Dakota","Grand Forks County",1,38,840,445,395
050,38,035,"North Dakota","Grand Forks County",1,39,802,444,358
050,38,035,"North Dakota","Grand Forks County",1,40,771,423,348
050,38,035,"North Dakota","Grand Forks County",1,41,759,411,348
050,38,035,"North Dakota","Grand Forks County",1,42,708,382,326
050,38,035,"North Dakota","Grand Forks County",1,43,665,350,315
050,38,035,"North Dakota","Grand Forks County",1,44,657,342,315
050,38,035,"North Dakota","Grand Forks County",1,45,627,325,302
050,38,035,"North Dakota","Grand Forks County",1,46,620,340,280
050,38,035,"North Dakota","Grand Forks County",1,47,616,331,285
050,38,035,"North Dakota","Grand Forks County",1,48,645,339,306
050,38,035,"North Dakota","Grand Forks County",1,49,700,358,342
050,38,035,"North Dakota","Grand Forks County",1,50,661,336,325
050,38,035,"North Dakota","Grand Forks County",1,51,644,341,303
050,38,035,"North Dakota","Grand Forks County",1,52,599,291,308
050,38,035,"North Dakota","Grand Forks County",1,53,575,285,290
050,38,035,"North Dakota","Grand Forks County",1,54,640,327,313
050,38,035,"North Dakota","Grand Forks County",1,55,671,338,333
050,38,035,"North Dakota","Grand Forks County",1,56,722,357,365
050,38,035,"North Dakota","Grand Forks County",1,57,783,387,396
050,38,035,"North Dakota","Grand Forks County",1,58,813,403,410
050,38,035,"North Dakota","Grand Forks County",1,59,835,416,419
050,38,035,"North Dakota","Grand Forks County",1,60,791,402,389
050,38,035,"North Dakota","Grand Forks County",1,61,769,397,372
050,38,035,"North Dakota","Grand Forks County",1,62,747,381,366
050,38,035,"North Dakota","Grand Forks County",1,63,724,361,363
050,38,035,"North Dakota","Grand Forks County",1,64,739,354,385
050,38,035,"North Dakota","Grand Forks County",1,65,694,343,351
050,38,035,"North Dakota","Grand Forks County",1,66,684,348,336
050,38,035,"North Dakota","Grand Forks County",1,67,673,337,336
050,38,035,"North Dakota","Grand Forks County",1,68,627,317,310
050,38,035,"North Dakota","Grand Forks County",1,69,574,278,296
050,38,035,"North Dakota","Grand Forks County",1,70,555,290,265
050,38,035,"North Dakota","Grand Forks County",1,71,517,260,257
050,38,035,"North Dakota","Grand Forks County",1,72,504,235,269
050,38,035,"North Dakota","Grand Forks County",1,73,521,245,276
050,38,035,"North Dakota","Grand Forks County",1,74,361,159,202
050,38,035,"North Dakota","Grand Forks County",1,75,349,162,187
050,38,035,"North Dakota","Grand Forks County",1,76,369,168,201
050,38,035,"North Dakota","Grand Forks County",1,77,344,159,185
050,38,035,"North Dakota","Grand Forks County",1,78,267,119,148
050,38,035,"North Dakota","Grand Forks County",1,79,259,124,135
050,38,035,"North Dakota","Grand Forks County",1,80,255,106,149
050,38,035,"North Dakota","Grand Forks County",1,81,260,108,152
050,38,035,"North Dakota","Grand Forks County",1,82,236,88,148
050,38,035,"North Dakota","Grand Forks County",1,83,226,92,134
050,38,035,"North Dakota","Grand Forks County",1,84,189,74,115
050,38,035,"North Dakota","Grand Forks County",1,85,1344,394,950
050,38,035,"North Dakota","Grand Forks County",2,0,941,476,465
050,38,035,"North Dakota","Grand Forks County",2,1,949,491,458
050,38,035,"North Dakota","Grand Forks County",2,2,955,490,465
050,38,035,"North Dakota","Grand Forks County",2,3,984,506,478
050,38,035,"North Dakota","Grand Forks County",2,4,976,502,474
050,38,035,"North Dakota","Grand Forks County",2,5,938,474,464
050,38,035,"North Dakota","Grand Forks County",2,6,894,449,445
050,38,035,"North Dakota","Grand Forks County",2,7,844,406,438
050,38,035,"North Dakota","Grand Forks County",2,8,866,425,441
050,38,035,"North Dakota","Grand Forks County",2,9,843,427,416
050,38,035,"North Dakota","Grand Forks County",2,10,857,439,418
050,38,035,"North Dakota","Grand Forks County",2,11,845,438,407
050,38,035,"North Dakota","Grand Forks County",2,12,830,437,393
050,38,035,"North Dakota","Grand Forks County",2,13,831,434,397
050,38,035,"North Dakota","Grand Forks County",2,14,803,413,390
050,38,035,"North Dakota","Grand Forks County",2,15,785,416,369
050,38,035,"North Dakota","Grand Forks County",2,16,738,386,352
050,38,035,"North Dakota","Grand Forks County",2,17,711,366,345
050,38,035,"North Dakota","Grand Forks County",2,18,1161,568,593
050,38,035,"North Dakota","Grand Forks County",2,19,2223,1207,1016
050,38,035,"North Dakota","Grand Forks County",2,20,1997,1034,963
050,38,035,"North Dakota","Grand Forks County",2,21,2378,1179,1199
050,38,035,"North Dakota","Grand Forks County",2,22,2723,1479,1244
050,38,035,"North Dakota","Grand Forks County",2,23,2184,1198,986
050,38,035,"North Dakota","Grand Forks County",2,24,1632,906,726
050,38,035,"North Dakota","Grand Forks County",2,25,1464,851,613
050,38,035,"North Dakota","Grand Forks County",2,26,1273,730,543
050,38,035,"North Dakota","Grand Forks County",2,27,1191,667,524
050,38,035,"North Dakota","Grand Forks County",2,28,1164,632,532
050,38,035,"North Dakota","Grand Forks County",2,29,1162,631,531
050,38,035,"North Dakota","Grand Forks County",2,30,1151,626,525
050,38,035,"North Dakota","Grand Forks County",2,31,1065,590,475
050,38,035,"North Dakota","Grand Forks County",2,32,1004,570,434
050,38,035,"North Dakota","Grand Forks County",2,33,978,543,435
050,38,035,"North Dakota","Grand Forks County",2,34,999,549,450
050,38,035,"North Dakota","Grand Forks County",2,35,995,538,457
050,38,035,"North Dakota","Grand Forks County",2,36,914,480,434
050,38,035,"North Dakota","Grand Forks County",2,37,928,492,436
050,38,035,"North Dakota","Grand Forks County",2,38,860,457,403
050,38,035,"North Dakota","Grand Forks County",2,39,808,443,365
050,38,035,"North Dakota","Grand Forks County",2,40,778,428,350
050,38,035,"North Dakota","Grand Forks County",2,41,757,413,344
050,38,035,"North Dakota","Grand Forks County",2,42,715,387,328
050,38,035,"North Dakota","Grand Forks County",2,43,678,360,318
050,38,035,"North Dakota","Grand Forks County",2,44,652,340,312
050,38,035,"North Dakota","Grand Forks County",2,45,637,332,305
050,38,035,"North Dakota","Grand Forks County",2,46,618,333,285
050,38,035,"North Dakota","Grand Forks County",2,47,612,330,282
050,38,035,"North Dakota","Grand Forks County",2,48,634,334,300
050,38,035,"North Dakota","Grand Forks County",2,49,692,356,336
050,38,035,"North Dakota","Grand Forks County",2,50,671,343,328
050,38,035,"North Dakota","Grand Forks County",2,51,648,340,308
050,38,035,"North Dakota","Grand Forks County",2,52,608,303,305
050,38,035,"North Dakota","Grand Forks County",2,53,577,283,294
050,38,035,"North Dakota","Grand Forks County",2,54,619,314,305
050,38,035,"North Dakota","Grand Forks County",2,55,660,334,326
050,38,035,"North Dakota","Grand Forks County",2,56,711,352,359
050,38,035,"North Dakota","Grand Forks County",2,57,765,377,388
050,38,035,"North Dakota","Grand Forks County",2,58,800,396,404
050,38,035,"North Dakota","Grand Forks County",2,59,829,413,416
050,38,035,"North Dakota","Grand Forks County",2,60,794,403,391
050,38,035,"North Dakota","Grand Forks County",2,61,767,395,372
050,38,035,"North Dakota","Grand Forks County",2,62,746,381,365
050,38,035,"North Dakota","Grand Forks County",2,63,733,367,366
050,38,035,"North Dakota","Grand Forks County",2,64,726,351,375
050,38,035,"North Dakota","Grand Forks County",2,65,697,343,354
050,38,035,"North Dakota","Grand Forks County",2,66,685,346,339
050,38,035,"North Dakota","Grand Forks County",2,67,667,336,331
050,38,035,"North Dakota","Grand Forks County",2,68,629,317,312
050,38,035,"North Dakota","Grand Forks County",2,69,589,287,302
050,38,035,"North Dakota","Grand Forks County",2,70,552,283,269
050,38,035,"North Dakota","Grand Forks County",2,71,520,264,256
050,38,035,"North Dakota","Grand Forks County",2,72,502,238,264
050,38,035,"North Dakota","Grand Forks County",2,73,542,252,290
050,38,035,"North Dakota","Grand Forks County",2,74,372,166,206
050,38,035,"North Dakota","Grand Forks County",2,75,354,161,193
050,38,035,"North Dakota","Grand Forks County",2,76,356,160,196
050,38,035,"North Dakota","Grand Forks County",2,77,357,163,194
050,38,035,"North Dakota","Grand Forks County",2,78,275,122,153
050,38,035,"North Dakota","Grand Forks County",2,79,256,119,137
050,38,035,"North Dakota","Grand Forks County",2,80,256,110,146
050,38,035,"North Dakota","Grand Forks County",2,81,253,106,147
050,38,035,"North Dakota","Grand Forks County",2,82,242,92,150
050,38,035,"North Dakota","Grand Forks County",2,83,224,92,132
050,38,035,"North Dakota","Grand Forks County",2,84,197,77,120
050,38,035,"North Dakota","Grand Forks County",2,85,1345,392,953
050,38,035,"North Dakota","Grand Forks County",3,0,895,452,443
050,38,035,"North Dakota","Grand Forks County",3,1,920,435,485
050,38,035,"North Dakota","Grand Forks County",3,2,924,480,444
050,38,035,"North Dakota","Grand Forks County",3,3,932,467,465
050,38,035,"North Dakota","Grand Forks County",3,4,931,467,464
050,38,035,"North Dakota","Grand Forks County",3,5,946,475,471
050,38,035,"North Dakota","Grand Forks County",3,6,917,459,458
050,38,035,"North Dakota","Grand Forks County",3,7,866,433,433
050,38,035,"North Dakota","Grand Forks County",3,8,844,417,427
050,38,035,"North Dakota","Grand Forks County",3,9,845,419,426
050,38,035,"North Dakota","Grand Forks County",3,10,837,418,419
050,38,035,"North Dakota","Grand Forks County",3,11,857,441,416
050,38,035,"North Dakota","Grand Forks County",3,12,832,444,388
050,38,035,"North Dakota","Grand Forks County",3,13,839,442,397
050,38,035,"North Dakota","Grand Forks County",3,14,842,434,408
050,38,035,"North Dakota","Grand Forks County",3,15,815,422,393
050,38,035,"North Dakota","Grand Forks County",3,16,784,414,370
050,38,035,"North Dakota","Grand Forks County",3,17,752,389,363
050,38,035,"North Dakota","Grand Forks County",3,18,1111,543,568
050,38,035,"North Dakota","Grand Forks County",3,19,2073,1128,945
050,38,035,"North Dakota","Grand Forks County",3,20,1945,1007,938
050,38,035,"North Dakota","Grand Forks County",3,21,2349,1158,1191
050,38,035,"North Dakota","Grand Forks County",3,22,2633,1430,1203
050,38,035,"North Dakota","Grand Forks County",3,23,2213,1204,1009
050,38,035,"North Dakota","Grand Forks County",3,24,1619,884,735
050,38,035,"North Dakota","Grand Forks County",3,25,1394,792,602
050,38,035,"North Dakota","Grand Forks County",3,26,1228,694,534
050,38,035,"North Dakota","Grand Forks County",3,27,1102,635,467
050,38,035,"North Dakota","Grand Forks County",3,28,1097,603,494
050,38,035,"North Dakota","Grand Forks County",3,29,1083,589,494
050,38,035,"North Dakota","Grand Forks County",3,30,1115,614,501
050,38,035,"North Dakota","Grand Forks County",3,31,1108,612,496
050,38,035,"North Dakota","Grand Forks County",3,32,1009,547,462
050,38,035,"North Dakota","Grand Forks County",3,33,960,537,423
050,38,035,"North Dakota","Grand Forks County",3,34,974,540,434
050,38,035,"North Dakota","Grand Forks County",3,35,970,533,437
050,38,035,"North Dakota","Grand Forks County",3,36,964,523,441
050,38,035,"North Dakota","Grand Forks County",3,37,896,456,440
050,38,035,"North Dakota","Grand Forks County",3,38,930,494,436
050,38,035,"North Dakota","Grand Forks County",3,39,862,469,393
050,38,035,"North Dakota","Grand Forks County",3,40,826,459,367
050,38,035,"North Dakota","Grand Forks County",3,41,789,421,368
050,38,035,"North Dakota","Grand Forks County",3,42,745,405,340
050,38,035,"North Dakota","Grand Forks County",3,43,694,373,321
050,38,035,"North Dakota","Grand Forks County",3,44,665,344,321
050,38,035,"North Dakota","Grand Forks County",3,45,645,339,306
050,38,035,"North Dakota","Grand Forks County",3,46,643,333,310
050,38,035,"North Dakota","Grand Forks County",3,47,601,321,280
050,38,035,"North Dakota","Grand Forks County",3,48,598,315,283
050,38,035,"North Dakota","Grand Forks County",3,49,614,315,299
050,38,035,"North Dakota","Grand Forks County",3,50,674,345,329
050,38,035,"North Dakota","Grand Forks County",3,51,670,346,324
050,38,035,"North Dakota","Grand Forks County",3,52,629,332,297
050,38,035,"North Dakota","Grand Forks County",3,53,601,298,303
050,38,035,"North Dakota","Grand Forks County",3,54,564,277,287
050,38,035,"North Dakota","Grand Forks County",3,55,614,310,304
050,38,035,"North Dakota","Grand Forks County",3,56,651,331,320
050,38,035,"North Dakota","Grand Forks County",3,57,684,343,341
050,38,035,"North Dakota","Grand Forks County",3,58,760,366,394
050,38,035,"North Dakota","Grand Forks County",3,59,791,388,403
050,38,035,"North Dakota","Grand Forks County",3,60,811,400,411
050,38,035,"North Dakota","Grand Forks County",3,61,775,399,376
050,38,035,"North Dakota","Grand Forks County",3,62,747,380,367
050,38,035,"North Dakota","Grand Forks County",3,63,733,375,358
050,38,035,"North Dakota","Grand Forks County",3,64,721,363,358
050,38,035,"North Dakota","Grand Forks County",3,65,700,337,363
050,38,035,"North Dakota","Grand Forks County",3,66,698,349,349
050,38,035,"North Dakota","Grand Forks County",3,67,669,329,340
050,38,035,"North Dakota","Grand Forks County",3,68,659,333,326
050,38,035,"North Dakota","Grand Forks County",3,69,627,311,316
050,38,035,"North Dakota","Grand Forks County",3,70,565,277,288
050,38,035,"North Dakota","Grand Forks County",3,71,544,277,267
050,38,035,"North Dakota","Grand Forks County",3,72,517,259,258
050,38,035,"North Dakota","Grand Forks County",3,73,490,232,258
050,38,035,"North Dakota","Grand Forks County",3,74,525,241,284
050,38,035,"North Dakota","Grand Forks County",3,75,363,164,199
050,38,035,"North Dakota","Grand Forks County",3,76,343,154,189
050,38,035,"North Dakota","Grand Forks County",3,77,337,150,187
050,38,035,"North Dakota","Grand Forks County",3,78,336,148,188
050,38,035,"North Dakota","Grand Forks County",3,79,259,116,143
050,38,035,"North Dakota","Grand Forks County",3,80,246,111,135
050,38,035,"North Dakota","Grand Forks County",3,81,241,101,140
050,38,035,"North Dakota","Grand Forks County",3,82,253,101,152
050,38,035,"North Dakota","Grand Forks County",3,83,235,96,139
050,38,035,"North Dakota","Grand Forks County",3,84,215,81,134
050,38,035,"North Dakota","Grand Forks County",3,85,1306,384,922
050,38,035,"North Dakota","Grand Forks County",4,0,866,432,434
050,38,035,"North Dakota","Grand Forks County",4,1,811,425,386
050,38,035,"North Dakota","Grand Forks County",4,2,863,405,458
050,38,035,"North Dakota","Grand Forks County",4,3,886,470,416
050,38,035,"North Dakota","Grand Forks County",4,4,885,421,464
050,38,035,"North Dakota","Grand Forks County",4,5,896,443,453
050,38,035,"North Dakota","Grand Forks County",4,6,940,476,464
050,38,035,"North Dakota","Grand Forks County",4,7,905,459,446
050,38,035,"North Dakota","Grand Forks County",4,8,859,431,428
050,38,035,"North Dakota","Grand Forks County",4,9,840,408,432
050,38,035,"North Dakota","Grand Forks County",4,10,840,420,420
050,38,035,"North Dakota","Grand Forks County",4,11,815,417,398
050,38,035,"North Dakota","Grand Forks County",4,12,846,450,396
050,38,035,"North Dakota","Grand Forks County",4,13,809,426,383
050,38,035,"North Dakota","Grand Forks County",4,14,825,426,399
050,38,035,"North Dakota","Grand Forks County",4,15,821,421,400
050,38,035,"North Dakota","Grand Forks County",4,16,825,421,404
050,38,035,"North Dakota","Grand Forks County",4,17,778,406,372
050,38,035,"North Dakota","Grand Forks County",4,18,1212,591,621
050,38,035,"North Dakota","Grand Forks County",4,19,2187,1191,996
050,38,035,"North Dakota","Grand Forks County",4,20,1972,1053,919
050,38,035,"North Dakota","Grand Forks County",4,21,2369,1182,1187
050,38,035,"North Dakota","Grand Forks County",4,22,2699,1440,1259
050,38,035,"North Dakota","Grand Forks County",4,23,2140,1182,958
050,38,035,"North Dakota","Grand Forks County",4,24,1569,861,708
050,38,035,"North Dakota","Grand Forks County",4,25,1411,799,612
050,38,035,"North Dakota","Grand Forks County",4,26,1169,650,519
050,38,035,"North Dakota","Grand Forks County",4,27,1058,597,461
050,38,035,"North Dakota","Grand Forks County",4,28,1053,608,445
050,38,035,"North Dakota","Grand Forks County",4,29,1050,576,474
050,38,035,"North Dakota","Grand Forks County",4,30,1050,571,479
050,38,035,"North Dakota","Grand Forks County",4,31,1052,583,469
050,38,035,"North Dakota","Grand Forks County",4,32,1061,579,482
050,38,035,"North Dakota","Grand Forks County",4,33,985,532,453
050,38,035,"North Dakota","Grand Forks County",4,34,939,523,416
050,38,035,"North Dakota","Grand Forks County",4,35,956,512,444
050,38,035,"North Dakota","Grand Forks County",4,36,936,511,425
050,38,035,"North Dakota","Grand Forks County",4,37,953,514,439
050,38,035,"North Dakota","Grand Forks County",4,38,882,447,435
050,38,035,"North Dakota","Grand Forks County",4,39,907,496,411
050,38,035,"North Dakota","Grand Forks County",4,40,837,460,377
050,38,035,"North Dakota","Grand Forks County",4,41,817,457,360
050,38,035,"North Dakota","Grand Forks County",4,42,771,418,353
050,38,035,"North Dakota","Grand Forks County",4,43,719,391,328
050,38,035,"North Dakota","Grand Forks County",4,44,686,361,325
050,38,035,"North Dakota","Grand Forks County",4,45,628,322,306
050,38,035,"North Dakota","Grand Forks County",4,46,627,325,302
050,38,035,"North Dakota","Grand Forks County",4,47,629,334,295
050,38,035,"North Dakota","Grand Forks County",4,48,584,306,278
050,38,035,"North Dakota","Grand Forks County",4,49,599,315,284
050,38,035,"North Dakota","Grand Forks County",4,50,617,318,299
050,38,035,"North Dakota","Grand Forks County",4,51,659,340,319
050,38,035,"North Dakota","Grand Forks County",4,52,669,344,325
050,38,035,"North Dakota","Grand Forks County",4,53,628,325,303
050,38,035,"North Dakota","Grand Forks County",4,54,586,288,298
050,38,035,"North Dakota","Grand Forks County",4,55,558,274,284
050,38,035,"North Dakota","Grand Forks County",4,56,615,310,305
050,38,035,"North Dakota","Grand Forks County",4,57,624,316,308
050,38,035,"North Dakota","Grand Forks County",4,58,688,339,349
050,38,035,"North Dakota","Grand Forks County",4,59,760,363,397
050,38,035,"North Dakota","Grand Forks County",4,60,773,378,395
050,38,035,"North Dakota","Grand Forks County",4,61,802,405,397
050,38,035,"North Dakota","Grand Forks County",4,62,744,383,361
050,38,035,"North Dakota","Grand Forks County",4,63,730,364,366
050,38,035,"North Dakota","Grand Forks County",4,64,721,368,353
050,38,035,"North Dakota","Grand Forks County",4,65,717,364,353
050,38,035,"North Dakota","Grand Forks County",4,66,693,341,352
050,38,035,"North Dakota","Grand Forks County",4,67,681,336,345
050,38,035,"North Dakota","Grand Forks County",4,68,658,320,338
050,38,035,"North Dakota","Grand Forks County",4,69,652,323,329
050,38,035,"North Dakota","Grand Forks County",4,70,597,300,297
050,38,035,"North Dakota","Grand Forks County",4,71,548,265,283
050,38,035,"North Dakota","Grand Forks County",4,72,531,268,263
050,38,035,"North Dakota","Grand Forks County",4,73,521,265,256
050,38,035,"North Dakota","Grand Forks County",4,74,473,219,254
050,38,035,"North Dakota","Grand Forks County",4,75,497,228,269
050,38,035,"North Dakota","Grand Forks County",4,76,351,158,193
050,38,035,"North Dakota","Grand Forks County",4,77,325,147,178
050,38,035,"North Dakota","Grand Forks County",4,78,317,134,183
050,38,035,"North Dakota","Grand Forks County",4,79,321,140,181
050,38,035,"North Dakota","Grand Forks County",4,80,253,111,142
050,38,035,"North Dakota","Grand Forks County",4,81,234,107,127
050,38,035,"North Dakota","Grand Forks County",4,82,238,99,139
050,38,035,"North Dakota","Grand Forks County",4,83,252,111,141
050,38,035,"North Dakota","Grand Forks County",4,84,235,90,145
050,38,035,"North Dakota","Grand Forks County",4,85,1336,391,945
050,38,035,"North Dakota","Grand Forks County",5,0,863,427,436
050,38,035,"North Dakota","Grand Forks County",5,1,862,429,433
050,38,035,"North Dakota","Grand Forks County",5,2,802,408,394
050,38,035,"North Dakota","Grand Forks County",5,3,858,418,440
050,38,035,"North Dakota","Grand Forks County",5,4,897,478,419
050,38,035,"North Dakota","Grand Forks County",5,5,850,404,446
050,38,035,"North Dakota","Grand Forks County",5,6,894,442,452
050,38,035,"North Dakota","Grand Forks County",5,7,942,471,471
050,38,035,"North Dakota","Grand Forks County",5,8,883,460,423
050,38,035,"North Dakota","Grand Forks County",5,9,871,433,438
050,38,035,"North Dakota","Grand Forks County",5,10,833,403,430
050,38,035,"North Dakota","Grand Forks County",5,11,834,420,414
050,38,035,"North Dakota","Grand Forks County",5,12,823,423,400
050,38,035,"North Dakota","Grand Forks County",5,13,846,443,403
050,38,035,"North Dakota","Grand Forks County",5,14,833,428,405
050,38,035,"North Dakota","Grand Forks County",5,15,829,428,401
050,38,035,"North Dakota","Grand Forks County",5,16,838,427,411
050,38,035,"North Dakota","Grand Forks County",5,17,814,409,405
050,38,035,"North Dakota","Grand Forks County",5,18,1227,602,625
050,38,035,"North Dakota","Grand Forks County",5,19,2262,1238,1024
050,38,035,"North Dakota","Grand Forks County",5,20,1938,1026,912
050,38,035,"North Dakota","Grand Forks County",5,21,2335,1150,1185
050,38,035,"North Dakota","Grand Forks County",5,22,2667,1457,1210
050,38,035,"North Dakota","Grand Forks County",5,23,2182,1178,1004
050,38,035,"North Dakota","Grand Forks County",5,24,1632,883,749
050,38,035,"North Dakota","Grand Forks County",5,25,1395,781,614
050,38,035,"North Dakota","Grand Forks County",5,26,1172,643,529
050,38,035,"North Dakota","Grand Forks County",5,27,1075,601,474
050,38,035,"North Dakota","Grand Forks County",5,28,1026,558,468
050,38,035,"North Dakota","Grand Forks County",5,29,1004,593,411
050,38,035,"North Dakota","Grand Forks County",5,30,1013,552,461
050,38,035,"North Dakota","Grand Forks County",5,31,1009,531,478
050,38,035,"North Dakota","Grand Forks County",5,32,1012,553,459
050,38,035,"North Dakota","Grand Forks County",5,33,1036,562,474
050,38,035,"North Dakota","Grand Forks County",5,34,1006,549,457
050,38,035,"North Dakota","Grand Forks County",5,35,919,525,394
050,38,035,"North Dakota","Grand Forks County",5,36,935,504,431
050,38,035,"North Dakota","Grand Forks County",5,37,927,505,422
050,38,035,"North Dakota","Grand Forks County",5,38,944,502,442
050,38,035,"North Dakota","Grand Forks County",5,39,886,453,433
050,38,035,"North Dakota","Grand Forks County",5,40,885,481,404
050,38,035,"North Dakota","Grand Forks County",5,41,833,459,374
050,38,035,"North Dakota","Grand Forks County",5,42,796,433,363
050,38,035,"North Dakota","Grand Forks County",5,43,764,411,353
050,38,035,"North Dakota","Grand Forks County",5,44,726,391,335
050,38,035,"North Dakota","Grand Forks County",5,45,676,356,320
050,38,035,"North Dakota","Grand Forks County",5,46,622,328,294
050,38,035,"North Dakota","Grand Forks County",5,47,605,308,297
050,38,035,"North Dakota","Grand Forks County",5,48,616,325,291
050,38,035,"North Dakota","Grand Forks County",5,49,581,305,276
050,38,035,"North Dakota","Grand Forks County",5,50,565,295,270
050,38,035,"North Dakota","Grand Forks County",5,51,606,314,292
050,38,035,"North Dakota","Grand Forks County",5,52,655,336,319
050,38,035,"North Dakota","Grand Forks County",5,53,649,333,316
050,38,035,"North Dakota","Grand Forks County",5,54,625,323,302
050,38,035,"North Dakota","Grand Forks County",5,55,588,288,300
050,38,035,"North Dakota","Grand Forks County",5,56,566,281,285
050,38,035,"North Dakota","Grand Forks County",5,57,592,307,285
050,38,035,"North Dakota","Grand Forks County",5,58,611,306,305
050,38,035,"North Dakota","Grand Forks County",5,59,686,337,349
050,38,035,"North Dakota","Grand Forks County",5,60,740,348,392
050,38,035,"North Dakota","Grand Forks County",5,61,760,382,378
050,38,035,"North Dakota","Grand Forks County",5,62,793,390,403
050,38,035,"North Dakota","Grand Forks County",5,63,718,371,347
050,38,035,"North Dakota","Grand Forks County",5,64,706,353,353
050,38,035,"North Dakota","Grand Forks County",5,65,696,354,342
050,38,035,"North Dakota","Grand Forks County",5,66,706,362,344
050,38,035,"North Dakota","Grand Forks County",5,67,665,323,342
050,38,035,"North Dakota","Grand Forks County",5,68,682,339,343
050,38,035,"North Dakota","Grand Forks County",5,69,656,311,345
050,38,035,"North Dakota","Grand Forks County",5,70,630,314,316
050,38,035,"North Dakota","Grand Forks County",5,71,593,299,294
050,38,035,"North Dakota","Grand Forks County",5,72,541,256,285
050,38,035,"North Dakota","Grand Forks County",5,73,527,265,262
050,38,035,"North Dakota","Grand Forks County",5,74,490,245,245
050,38,035,"North Dakota","Grand Forks County",5,75,459,212,247
050,38,035,"North Dakota","Grand Forks County",5,76,489,228,261
050,38,035,"North Dakota","Grand Forks County",5,77,335,149,186
050,38,035,"North Dakota","Grand Forks County",5,78,319,142,177
050,38,035,"North Dakota","Grand Forks County",5,79,296,126,170
050,38,035,"North Dakota","Grand Forks County",5,80,313,133,180
050,38,035,"North Dakota","Grand Forks County",5,81,252,112,140
050,38,035,"North Dakota","Grand Forks County",5,82,233,100,133
050,38,035,"North Dakota","Grand Forks County",5,83,240,111,129
050,38,035,"North Dakota","Grand Forks County",5,84,246,100,146
050,38,035,"North Dakota","Grand Forks County",5,85,1402,420,982
050,38,037,"North Dakota","Grant County",1,0,21,10,11
050,38,037,"North Dakota","Grant County",1,1,18,7,11
050,38,037,"North Dakota","Grant County",1,2,30,12,18
050,38,037,"North Dakota","Grant County",1,3,24,11,13
050,38,037,"North Dakota","Grant County",1,4,23,9,14
050,38,037,"North Dakota","Grant County",1,5,25,11,14
050,38,037,"North Dakota","Grant County",1,6,26,11,15
050,38,037,"North Dakota","Grant County",1,7,35,14,21
050,38,037,"North Dakota","Grant County",1,8,24,12,12
050,38,037,"North Dakota","Grant County",1,9,31,15,16
050,38,037,"North Dakota","Grant County",1,10,31,15,16
050,38,037,"North Dakota","Grant County",1,11,30,17,13
050,38,037,"North Dakota","Grant County",1,12,23,12,11
050,38,037,"North Dakota","Grant County",1,13,23,6,17
050,38,037,"North Dakota","Grant County",1,14,26,6,20
050,38,037,"North Dakota","Grant County",1,15,24,12,12
050,38,037,"North Dakota","Grant County",1,16,22,9,13
050,38,037,"North Dakota","Grant County",1,17,16,7,9
050,38,037,"North Dakota","Grant County",1,18,21,15,6
050,38,037,"North Dakota","Grant County",1,19,18,11,7
050,38,037,"North Dakota","Grant County",1,20,14,6,8
050,38,037,"North Dakota","Grant County",1,21,13,8,5
050,38,037,"North Dakota","Grant County",1,22,14,7,7
050,38,037,"North Dakota","Grant County",1,23,17,8,9
050,38,037,"North Dakota","Grant County",1,24,22,14,8
050,38,037,"North Dakota","Grant County",1,25,20,13,7
050,38,037,"North Dakota","Grant County",1,26,18,9,9
050,38,037,"North Dakota","Grant County",1,27,25,14,11
050,38,037,"North Dakota","Grant County",1,28,17,10,7
050,38,037,"North Dakota","Grant County",1,29,14,4,10
050,38,037,"North Dakota","Grant County",1,30,14,7,7
050,38,037,"North Dakota","Grant County",1,31,19,11,8
050,38,037,"North Dakota","Grant County",1,32,16,8,8
050,38,037,"North Dakota","Grant County",1,33,18,11,7
050,38,037,"North Dakota","Grant County",1,34,24,14,10
050,38,037,"North Dakota","Grant County",1,35,30,14,16
050,38,037,"North Dakota","Grant County",1,36,23,10,13
050,38,037,"North Dakota","Grant County",1,37,26,10,16
050,38,037,"North Dakota","Grant County",1,38,16,8,8
050,38,037,"North Dakota","Grant County",1,39,21,13,8
050,38,037,"North Dakota","Grant County",1,40,23,13,10
050,38,037,"North Dakota","Grant County",1,41,16,9,7
050,38,037,"North Dakota","Grant County",1,42,17,10,7
050,38,037,"North Dakota","Grant County",1,43,23,14,9
050,38,037,"North Dakota","Grant County",1,44,23,17,6
050,38,037,"North Dakota","Grant County",1,45,24,13,11
050,38,037,"North Dakota","Grant County",1,46,20,11,9
050,38,037,"North Dakota","Grant County",1,47,19,11,8
050,38,037,"North Dakota","Grant County",1,48,24,15,9
050,38,037,"North Dakota","Grant County",1,49,28,14,14
050,38,037,"North Dakota","Grant County",1,50,23,10,13
050,38,037,"North Dakota","Grant County",1,51,28,13,15
050,38,037,"North Dakota","Grant County",1,52,28,18,10
050,38,037,"North Dakota","Grant County",1,53,21,14,7
050,38,037,"North Dakota","Grant County",1,54,21,11,10
050,38,037,"North Dakota","Grant County",1,55,28,13,15
050,38,037,"North Dakota","Grant County",1,56,39,21,18
050,38,037,"North Dakota","Grant County",1,57,40,19,21
050,38,037,"North Dakota","Grant County",1,58,39,20,19
050,38,037,"North Dakota","Grant County",1,59,34,18,16
050,38,037,"North Dakota","Grant County",1,60,34,17,17
050,38,037,"North Dakota","Grant County",1,61,49,28,21
050,38,037,"North Dakota","Grant County",1,62,43,25,18
050,38,037,"North Dakota","Grant County",1,63,37,19,18
050,38,037,"North Dakota","Grant County",1,64,36,16,20
050,38,037,"North Dakota","Grant County",1,65,29,15,14
050,38,037,"North Dakota","Grant County",1,66,36,21,15
050,38,037,"North Dakota","Grant County",1,67,52,29,23
050,38,037,"North Dakota","Grant County",1,68,47,24,23
050,38,037,"North Dakota","Grant County",1,69,36,20,16
050,38,037,"North Dakota","Grant County",1,70,34,23,11
050,38,037,"North Dakota","Grant County",1,71,35,22,13
050,38,037,"North Dakota","Grant County",1,72,40,20,20
050,38,037,"North Dakota","Grant County",1,73,34,14,20
050,38,037,"North Dakota","Grant County",1,74,26,14,12
050,38,037,"North Dakota","Grant County",1,75,30,14,16
050,38,037,"North Dakota","Grant County",1,76,29,15,14
050,38,037,"North Dakota","Grant County",1,77,32,15,17
050,38,037,"North Dakota","Grant County",1,78,24,12,12
050,38,037,"North Dakota","Grant County",1,79,24,14,10
050,38,037,"North Dakota","Grant County",1,80,21,11,10
050,38,037,"North Dakota","Grant County",1,81,25,17,8
050,38,037,"North Dakota","Grant County",1,82,23,11,12
050,38,037,"North Dakota","Grant County",1,83,22,11,11
050,38,037,"North Dakota","Grant County",1,84,15,6,9
050,38,037,"North Dakota","Grant County",1,85,96,38,58
050,38,037,"North Dakota","Grant County",2,0,23,13,10
050,38,037,"North Dakota","Grant County",2,1,17,7,10
050,38,037,"North Dakota","Grant County",2,2,27,11,16
050,38,037,"North Dakota","Grant County",2,3,25,11,14
050,38,037,"North Dakota","Grant County",2,4,23,10,13
050,38,037,"North Dakota","Grant County",2,5,25,11,14
050,38,037,"North Dakota","Grant County",2,6,27,12,15
050,38,037,"North Dakota","Grant County",2,7,32,13,19
050,38,037,"North Dakota","Grant County",2,8,26,12,14
050,38,037,"North Dakota","Grant County",2,9,29,14,15
050,38,037,"North Dakota","Grant County",2,10,30,15,15
050,38,037,"North Dakota","Grant County",2,11,30,17,13
050,38,037,"North Dakota","Grant County",2,12,24,13,11
050,38,037,"North Dakota","Grant County",2,13,22,7,15
050,38,037,"North Dakota","Grant County",2,14,25,6,19
050,38,037,"North Dakota","Grant County",2,15,25,11,14
050,38,037,"North Dakota","Grant County",2,16,23,10,13
050,38,037,"North Dakota","Grant County",2,17,17,8,9
050,38,037,"North Dakota","Grant County",2,18,19,13,6
050,38,037,"North Dakota","Grant County",2,19,18,12,6
050,38,037,"North Dakota","Grant County",2,20,15,7,8
050,38,037,"North Dakota","Grant County",2,21,14,8,6
050,38,037,"North Dakota","Grant County",2,22,15,8,7
050,38,037,"North Dakota","Grant County",2,23,17,8,9
050,38,037,"North Dakota","Grant County",2,24,20,12,8
050,38,037,"North Dakota","Grant County",2,25,20,13,7
050,38,037,"North Dakota","Grant County",2,26,18,10,8
050,38,037,"North Dakota","Grant County",2,27,22,12,10
050,38,037,"North Dakota","Grant County",2,28,18,11,7
050,38,037,"North Dakota","Grant County",2,29,14,5,9
050,38,037,"North Dakota","Grant County",2,30,15,7,8
050,38,037,"North Dakota","Grant County",2,31,18,10,8
050,38,037,"North Dakota","Grant County",2,32,16,8,8
050,38,037,"North Dakota","Grant County",2,33,17,10,7
050,38,037,"North Dakota","Grant County",2,34,23,14,9
050,38,037,"North Dakota","Grant County",2,35,29,14,15
050,38,037,"North Dakota","Grant County",2,36,25,11,14
050,38,037,"North Dakota","Grant County",2,37,25,10,15
050,38,037,"North Dakota","Grant County",2,38,18,8,10
050,38,037,"North Dakota","Grant County",2,39,19,11,8
050,38,037,"North Dakota","Grant County",2,40,23,13,10
050,38,037,"North Dakota","Grant County",2,41,17,10,7
050,38,037,"North Dakota","Grant County",2,42,17,10,7
050,38,037,"North Dakota","Grant County",2,43,23,14,9
050,38,037,"North Dakota","Grant County",2,44,23,16,7
050,38,037,"North Dakota","Grant County",2,45,23,13,10
050,38,037,"North Dakota","Grant County",2,46,20,11,9
050,38,037,"North Dakota","Grant County",2,47,19,11,8
050,38,037,"North Dakota","Grant County",2,48,23,14,9
050,38,037,"North Dakota","Grant County",2,49,27,14,13
050,38,037,"North Dakota","Grant County",2,50,25,11,14
050,38,037,"North Dakota","Grant County",2,51,27,12,15
050,38,037,"North Dakota","Grant County",2,52,28,17,11
050,38,037,"North Dakota","Grant County",2,53,23,15,8
050,38,037,"North Dakota","Grant County",2,54,21,12,9
050,38,037,"North Dakota","Grant County",2,55,25,12,13
050,38,037,"North Dakota","Grant County",2,56,36,19,17
050,38,037,"North Dakota","Grant County",2,57,40,20,20
050,38,037,"North Dakota","Grant County",2,58,38,19,19
050,38,037,"North Dakota","Grant County",2,59,36,19,17
050,38,037,"North Dakota","Grant County",2,60,34,17,17
050,38,037,"North Dakota","Grant County",2,61,45,25,20
050,38,037,"North Dakota","Grant County",2,62,44,25,19
050,38,037,"North Dakota","Grant County",2,63,38,21,17
050,38,037,"North Dakota","Grant County",2,64,37,17,20
050,38,037,"North Dakota","Grant County",2,65,30,15,15
050,38,037,"North Dakota","Grant County",2,66,35,20,15
050,38,037,"North Dakota","Grant County",2,67,48,27,21
050,38,037,"North Dakota","Grant County",2,68,48,25,23
050,38,037,"North Dakota","Grant County",2,69,39,21,18
050,38,037,"North Dakota","Grant County",2,70,34,22,12
050,38,037,"North Dakota","Grant County",2,71,35,22,13
050,38,037,"North Dakota","Grant County",2,72,38,20,18
050,38,037,"North Dakota","Grant County",2,73,35,14,21
050,38,037,"North Dakota","Grant County",2,74,26,13,13
050,38,037,"North Dakota","Grant County",2,75,29,13,16
050,38,037,"North Dakota","Grant County",2,76,29,15,14
050,38,037,"North Dakota","Grant County",2,77,32,15,17
050,38,037,"North Dakota","Grant County",2,78,25,12,13
050,38,037,"North Dakota","Grant County",2,79,24,14,10
050,38,037,"North Dakota","Grant County",2,80,21,11,10
050,38,037,"North Dakota","Grant County",2,81,24,16,8
050,38,037,"North Dakota","Grant County",2,82,24,13,11
050,38,037,"North Dakota","Grant County",2,83,22,11,11
050,38,037,"North Dakota","Grant County",2,84,16,7,9
050,38,037,"North Dakota","Grant County",2,85,95,37,58
050,38,037,"North Dakota","Grant County",3,0,22,14,8
050,38,037,"North Dakota","Grant County",3,1,23,13,10
050,38,037,"North Dakota","Grant County",3,2,18,7,11
050,38,037,"North Dakota","Grant County",3,3,30,14,16
050,38,037,"North Dakota","Grant County",3,4,27,14,13
050,38,037,"North Dakota","Grant County",3,5,26,11,15
050,38,037,"North Dakota","Grant County",3,6,28,11,17
050,38,037,"North Dakota","Grant County",3,7,30,13,17
050,38,037,"North Dakota","Grant County",3,8,32,13,19
050,38,037,"North Dakota","Grant County",3,9,27,13,14
050,38,037,"North Dakota","Grant County",3,10,28,14,14
050,38,037,"North Dakota","Grant County",3,11,31,15,16
050,38,037,"North Dakota","Grant County",3,12,30,17,13
050,38,037,"North Dakota","Grant County",3,13,25,13,12
050,38,037,"North Dakota","Grant County",3,14,23,8,15
050,38,037,"North Dakota","Grant County",3,15,30,11,19
050,38,037,"North Dakota","Grant County",3,16,26,12,14
050,38,037,"North Dakota","Grant County",3,17,23,9,14
050,38,037,"North Dakota","Grant County",3,18,11,5,6
050,38,037,"North Dakota","Grant County",3,19,17,11,6
050,38,037,"North Dakota","Grant County",3,20,19,13,6
050,38,037,"North Dakota","Grant County",3,21,19,7,12
050,38,037,"North Dakota","Grant County",3,22,14,10,4
050,38,037,"North Dakota","Grant County",3,23,16,7,9
050,38,037,"North Dakota","Grant County",3,24,19,9,10
050,38,037,"North Dakota","Grant County",3,25,21,11,10
050,38,037,"North Dakota","Grant County",3,26,21,13,8
050,38,037,"North Dakota","Grant County",3,27,23,11,12
050,38,037,"North Dakota","Grant County",3,28,25,14,11
050,38,037,"North Dakota","Grant County",3,29,18,10,8
050,38,037,"North Dakota","Grant County",3,30,15,6,9
050,38,037,"North Dakota","Grant County",3,31,15,7,8
050,38,037,"North Dakota","Grant County",3,32,19,9,10
050,38,037,"North Dakota","Grant County",3,33,15,8,7
050,38,037,"North Dakota","Grant County",3,34,19,11,8
050,38,037,"North Dakota","Grant County",3,35,24,15,9
050,38,037,"North Dakota","Grant County",3,36,31,15,16
050,38,037,"North Dakota","Grant County",3,37,24,9,15
050,38,037,"North Dakota","Grant County",3,38,25,11,14
050,38,037,"North Dakota","Grant County",3,39,18,8,10
050,38,037,"North Dakota","Grant County",3,40,19,11,8
050,38,037,"North Dakota","Grant County",3,41,26,13,13
050,38,037,"North Dakota","Grant County",3,42,17,10,7
050,38,037,"North Dakota","Grant County",3,43,17,10,7
050,38,037,"North Dakota","Grant County",3,44,23,14,9
050,38,037,"North Dakota","Grant County",3,45,21,14,7
050,38,037,"North Dakota","Grant County",3,46,23,13,10
050,38,037,"North Dakota","Grant County",3,47,21,12,9
050,38,037,"North Dakota","Grant County",3,48,20,12,8
050,38,037,"North Dakota","Grant County",3,49,23,13,10
050,38,037,"North Dakota","Grant County",3,50,26,14,12
050,38,037,"North Dakota","Grant County",3,51,25,11,14
050,38,037,"North Dakota","Grant County",3,52,28,13,15
050,38,037,"North Dakota","Grant County",3,53,29,18,11
050,38,037,"North Dakota","Grant County",3,54,23,14,9
050,38,037,"North Dakota","Grant County",3,55,21,11,10
050,38,037,"North Dakota","Grant County",3,56,25,11,14
050,38,037,"North Dakota","Grant County",3,57,38,21,17
050,38,037,"North Dakota","Grant County",3,58,40,20,20
050,38,037,"North Dakota","Grant County",3,59,40,21,19
050,38,037,"North Dakota","Grant County",3,60,35,19,16
050,38,037,"North Dakota","Grant County",3,61,35,17,18
050,38,037,"North Dakota","Grant County",3,62,42,22,20
050,38,037,"North Dakota","Grant County",3,63,44,25,19
050,38,037,"North Dakota","Grant County",3,64,38,21,17
050,38,037,"North Dakota","Grant County",3,65,38,17,21
050,38,037,"North Dakota","Grant County",3,66,29,15,14
050,38,037,"North Dakota","Grant County",3,67,34,20,14
050,38,037,"North Dakota","Grant County",3,68,47,26,21
050,38,037,"North Dakota","Grant County",3,69,46,25,21
050,38,037,"North Dakota","Grant County",3,70,40,21,19
050,38,037,"North Dakota","Grant County",3,71,32,20,12
050,38,037,"North Dakota","Grant County",3,72,32,20,12
050,38,037,"North Dakota","Grant County",3,73,38,20,18
050,38,037,"North Dakota","Grant County",3,74,31,13,18
050,38,037,"North Dakota","Grant County",3,75,26,12,14
050,38,037,"North Dakota","Grant County",3,76,27,13,14
050,38,037,"North Dakota","Grant County",3,77,29,15,14
050,38,037,"North Dakota","Grant County",3,78,31,14,17
050,38,037,"North Dakota","Grant County",3,79,21,10,11
050,38,037,"North Dakota","Grant County",3,80,21,14,7
050,38,037,"North Dakota","Grant County",3,81,19,10,9
050,38,037,"North Dakota","Grant County",3,82,23,14,9
050,38,037,"North Dakota","Grant County",3,83,21,11,10
050,38,037,"North Dakota","Grant County",3,84,21,11,10
050,38,037,"North Dakota","Grant County",3,85,91,31,60
050,38,037,"North Dakota","Grant County",4,0,23,15,8
050,38,037,"North Dakota","Grant County",4,1,26,14,12
050,38,037,"North Dakota","Grant County",4,2,24,14,10
050,38,037,"North Dakota","Grant County",4,3,19,7,12
050,38,037,"North Dakota","Grant County",4,4,26,11,15
050,38,037,"North Dakota","Grant County",4,5,26,13,13
050,38,037,"North Dakota","Grant County",4,6,28,11,17
050,38,037,"North Dakota","Grant County",4,7,26,12,14
050,38,037,"North Dakota","Grant County",4,8,30,12,18
050,38,037,"North Dakota","Grant County",4,9,31,13,18
050,38,037,"North Dakota","Grant County",4,10,25,11,14
050,38,037,"North Dakota","Grant County",4,11,27,13,14
050,38,037,"North Dakota","Grant County",4,12,29,15,14
050,38,037,"North Dakota","Grant County",4,13,26,15,11
050,38,037,"North Dakota","Grant County",4,14,23,13,10
050,38,037,"North Dakota","Grant County",4,15,23,8,15
050,38,037,"North Dakota","Grant County",4,16,24,6,18
050,38,037,"North Dakota","Grant County",4,17,22,9,13
050,38,037,"North Dakota","Grant County",4,18,21,9,12
050,38,037,"North Dakota","Grant County",4,19,11,6,5
050,38,037,"North Dakota","Grant County",4,20,18,11,7
050,38,037,"North Dakota","Grant County",4,21,14,11,3
050,38,037,"North Dakota","Grant County",4,22,19,8,11
050,38,037,"North Dakota","Grant County",4,23,13,9,4
050,38,037,"North Dakota","Grant County",4,24,14,7,7
050,38,037,"North Dakota","Grant County",4,25,19,10,9
050,38,037,"North Dakota","Grant County",4,26,19,8,11
050,38,037,"North Dakota","Grant County",4,27,22,14,8
050,38,037,"North Dakota","Grant County",4,28,19,9,10
050,38,037,"North Dakota","Grant County",4,29,23,13,10
050,38,037,"North Dakota","Grant County",4,30,19,10,9
050,38,037,"North Dakota","Grant County",4,31,16,7,9
050,38,037,"North Dakota","Grant County",4,32,13,6,7
050,38,037,"North Dakota","Grant County",4,33,21,9,12
050,38,037,"North Dakota","Grant County",4,34,16,9,7
050,38,037,"North Dakota","Grant County",4,35,22,12,10
050,38,037,"North Dakota","Grant County",4,36,27,16,11
050,38,037,"North Dakota","Grant County",4,37,29,14,15
050,38,037,"North Dakota","Grant County",4,38,26,10,16
050,38,037,"North Dakota","Grant County",4,39,23,11,12
050,38,037,"North Dakota","Grant County",4,40,20,9,11
050,38,037,"North Dakota","Grant County",4,41,19,10,9
050,38,037,"North Dakota","Grant County",4,42,25,13,12
050,38,037,"North Dakota","Grant County",4,43,17,10,7
050,38,037,"North Dakota","Grant County",4,44,18,11,7
050,38,037,"North Dakota","Grant County",4,45,24,15,9
050,38,037,"North Dakota","Grant County",4,46,19,12,7
050,38,037,"North Dakota","Grant County",4,47,22,13,9
050,38,037,"North Dakota","Grant County",4,48,20,11,9
050,38,037,"North Dakota","Grant County",4,49,18,10,8
050,38,037,"North Dakota","Grant County",4,50,22,12,10
050,38,037,"North Dakota","Grant County",4,51,26,13,13
050,38,037,"North Dakota","Grant County",4,52,27,13,14
050,38,037,"North Dakota","Grant County",4,53,27,12,15
050,38,037,"North Dakota","Grant County",4,54,27,16,11
050,38,037,"North Dakota","Grant County",4,55,24,15,9
050,38,037,"North Dakota","Grant County",4,56,21,11,10
050,38,037,"North Dakota","Grant County",4,57,25,11,14
050,38,037,"North Dakota","Grant County",4,58,36,19,17
050,38,037,"North Dakota","Grant County",4,59,38,18,20
050,38,037,"North Dakota","Grant County",4,60,40,21,19
050,38,037,"North Dakota","Grant County",4,61,34,19,15
050,38,037,"North Dakota","Grant County",4,62,33,16,17
050,38,037,"North Dakota","Grant County",4,63,41,21,20
050,38,037,"North Dakota","Grant County",4,64,42,23,19
050,38,037,"North Dakota","Grant County",4,65,39,22,17
050,38,037,"North Dakota","Grant County",4,66,37,16,21
050,38,037,"North Dakota","Grant County",4,67,29,15,14
050,38,037,"North Dakota","Grant County",4,68,31,18,13
050,38,037,"North Dakota","Grant County",4,69,47,26,21
050,38,037,"North Dakota","Grant County",4,70,45,24,21
050,38,037,"North Dakota","Grant County",4,71,40,20,20
050,38,037,"North Dakota","Grant County",4,72,28,19,9
050,38,037,"North Dakota","Grant County",4,73,29,17,12
050,38,037,"North Dakota","Grant County",4,74,34,18,16
050,38,037,"North Dakota","Grant County",4,75,28,8,20
050,38,037,"North Dakota","Grant County",4,76,22,11,11
050,38,037,"North Dakota","Grant County",4,77,28,13,15
050,38,037,"North Dakota","Grant County",4,78,27,14,13
050,38,037,"North Dakota","Grant County",4,79,30,13,17
050,38,037,"North Dakota","Grant County",4,80,22,11,11
050,38,037,"North Dakota","Grant County",4,81,20,13,7
050,38,037,"North Dakota","Grant County",4,82,17,9,8
050,38,037,"North Dakota","Grant County",4,83,22,13,9
050,38,037,"North Dakota","Grant County",4,84,21,11,10
050,38,037,"North Dakota","Grant County",4,85,95,36,59
050,38,037,"North Dakota","Grant County",5,0,21,14,7
050,38,037,"North Dakota","Grant County",5,1,19,11,8
050,38,037,"North Dakota","Grant County",5,2,29,15,14
050,38,037,"North Dakota","Grant County",5,3,24,14,10
050,38,037,"North Dakota","Grant County",5,4,21,8,13
050,38,037,"North Dakota","Grant County",5,5,28,12,16
050,38,037,"North Dakota","Grant County",5,6,30,16,14
050,38,037,"North Dakota","Grant County",5,7,29,11,18
050,38,037,"North Dakota","Grant County",5,8,25,12,13
050,38,037,"North Dakota","Grant County",5,9,33,14,19
050,38,037,"North Dakota","Grant County",5,10,33,14,19
050,38,037,"North Dakota","Grant County",5,11,28,12,16
050,38,037,"North Dakota","Grant County",5,12,28,15,13
050,38,037,"North Dakota","Grant County",5,13,28,15,13
050,38,037,"North Dakota","Grant County",5,14,27,14,13
050,38,037,"North Dakota","Grant County",5,15,23,13,10
050,38,037,"North Dakota","Grant County",5,16,24,8,16
050,38,037,"North Dakota","Grant County",5,17,25,7,18
050,38,037,"North Dakota","Grant County",5,18,18,8,10
050,38,037,"North Dakota","Grant County",5,19,17,8,9
050,38,037,"North Dakota","Grant County",5,20,11,5,6
050,38,037,"North Dakota","Grant County",5,21,15,11,4
050,38,037,"North Dakota","Grant County",5,22,14,11,3
050,38,037,"North Dakota","Grant County",5,23,21,9,12
050,38,037,"North Dakota","Grant County",5,24,10,8,2
050,38,037,"North Dakota","Grant County",5,25,12,6,6
050,38,037,"North Dakota","Grant County",5,26,18,9,9
050,38,037,"North Dakota","Grant County",5,27,21,8,13
050,38,037,"North Dakota","Grant County",5,28,22,13,9
050,38,037,"North Dakota","Grant County",5,29,18,8,10
050,38,037,"North Dakota","Grant County",5,30,23,13,10
050,38,037,"North Dakota","Grant County",5,31,21,11,10
050,38,037,"North Dakota","Grant County",5,32,17,7,10
050,38,037,"North Dakota","Grant County",5,33,16,7,9
050,38,037,"North Dakota","Grant County",5,34,23,10,13
050,38,037,"North Dakota","Grant County",5,35,20,11,9
050,38,037,"North Dakota","Grant County",5,36,24,13,11
050,38,037,"North Dakota","Grant County",5,37,26,15,11
050,38,037,"North Dakota","Grant County",5,38,29,14,15
050,38,037,"North Dakota","Grant County",5,39,26,10,16
050,38,037,"North Dakota","Grant County",5,40,23,12,11
050,38,037,"North Dakota","Grant County",5,41,20,9,11
050,38,037,"North Dakota","Grant County",5,42,19,10,9
050,38,037,"North Dakota","Grant County",5,43,25,13,12
050,38,037,"North Dakota","Grant County",5,44,17,10,7
050,38,037,"North Dakota","Grant County",5,45,17,10,7
050,38,037,"North Dakota","Grant County",5,46,23,15,8
050,38,037,"North Dakota","Grant County",5,47,18,10,8
050,38,037,"North Dakota","Grant County",5,48,23,14,9
050,38,037,"North Dakota","Grant County",5,49,20,11,9
050,38,037,"North Dakota","Grant County",5,50,17,9,8
050,38,037,"North Dakota","Grant County",5,51,21,11,10
050,38,037,"North Dakota","Grant County",5,52,27,14,13
050,38,037,"North Dakota","Grant County",5,53,24,10,14
050,38,037,"North Dakota","Grant County",5,54,28,13,15
050,38,037,"North Dakota","Grant County",5,55,28,17,11
050,38,037,"North Dakota","Grant County",5,56,23,14,9
050,38,037,"North Dakota","Grant County",5,57,21,11,10
050,38,037,"North Dakota","Grant County",5,58,25,11,14
050,38,037,"North Dakota","Grant County",5,59,37,20,17
050,38,037,"North Dakota","Grant County",5,60,38,18,20
050,38,037,"North Dakota","Grant County",5,61,39,21,18
050,38,037,"North Dakota","Grant County",5,62,31,17,14
050,38,037,"North Dakota","Grant County",5,63,33,16,17
050,38,037,"North Dakota","Grant County",5,64,41,21,20
050,38,037,"North Dakota","Grant County",5,65,43,24,19
050,38,037,"North Dakota","Grant County",5,66,36,21,15
050,38,037,"North Dakota","Grant County",5,67,36,16,20
050,38,037,"North Dakota","Grant County",5,68,25,13,12
050,38,037,"North Dakota","Grant County",5,69,32,19,13
050,38,037,"North Dakota","Grant County",5,70,45,26,19
050,38,037,"North Dakota","Grant County",5,71,42,22,20
050,38,037,"North Dakota","Grant County",5,72,37,17,20
050,38,037,"North Dakota","Grant County",5,73,27,17,10
050,38,037,"North Dakota","Grant County",5,74,26,16,10
050,38,037,"North Dakota","Grant County",5,75,34,17,17
050,38,037,"North Dakota","Grant County",5,76,24,7,17
050,38,037,"North Dakota","Grant County",5,77,20,10,10
050,38,037,"North Dakota","Grant County",5,78,25,11,14
050,38,037,"North Dakota","Grant County",5,79,25,12,13
050,38,037,"North Dakota","Grant County",5,80,30,13,17
050,38,037,"North Dakota","Grant County",5,81,20,10,10
050,38,037,"North Dakota","Grant County",5,82,18,12,6
050,38,037,"North Dakota","Grant County",5,83,15,8,7
050,38,037,"North Dakota","Grant County",5,84,22,13,9
050,38,037,"North Dakota","Grant County",5,85,98,40,58
050,38,039,"North Dakota","Griggs County",1,0,22,11,11
050,38,039,"North Dakota","Griggs County",1,1,23,8,15
050,38,039,"North Dakota","Griggs County",1,2,21,7,14
050,38,039,"North Dakota","Griggs County",1,3,18,5,13
050,38,039,"North Dakota","Griggs County",1,4,25,9,16
050,38,039,"North Dakota","Griggs County",1,5,31,15,16
050,38,039,"North Dakota","Griggs County",1,6,26,14,12
050,38,039,"North Dakota","Griggs County",1,7,30,14,16
050,38,039,"North Dakota","Griggs County",1,8,24,12,12
050,38,039,"North Dakota","Griggs County",1,9,28,13,15
050,38,039,"North Dakota","Griggs County",1,10,34,16,18
050,38,039,"North Dakota","Griggs County",1,11,32,16,16
050,38,039,"North Dakota","Griggs County",1,12,25,14,11
050,38,039,"North Dakota","Griggs County",1,13,36,24,12
050,38,039,"North Dakota","Griggs County",1,14,22,9,13
050,38,039,"North Dakota","Griggs County",1,15,21,8,13
050,38,039,"North Dakota","Griggs County",1,16,29,16,13
050,38,039,"North Dakota","Griggs County",1,17,31,19,12
050,38,039,"North Dakota","Griggs County",1,18,20,14,6
050,38,039,"North Dakota","Griggs County",1,19,8,6,2
050,38,039,"North Dakota","Griggs County",1,20,15,9,6
050,38,039,"North Dakota","Griggs County",1,21,23,12,11
050,38,039,"North Dakota","Griggs County",1,22,22,11,11
050,38,039,"North Dakota","Griggs County",1,23,17,11,6
050,38,039,"North Dakota","Griggs County",1,24,24,17,7
050,38,039,"North Dakota","Griggs County",1,25,18,13,5
050,38,039,"North Dakota","Griggs County",1,26,28,13,15
050,38,039,"North Dakota","Griggs County",1,27,21,14,7
050,38,039,"North Dakota","Griggs County",1,28,17,7,10
050,38,039,"North Dakota","Griggs County",1,29,17,10,7
050,38,039,"North Dakota","Griggs County",1,30,13,6,7
050,38,039,"North Dakota","Griggs County",1,31,18,8,10
050,38,039,"North Dakota","Griggs County",1,32,16,7,9
050,38,039,"North Dakota","Griggs County",1,33,18,8,10
050,38,039,"North Dakota","Griggs County",1,34,17,8,9
050,38,039,"North Dakota","Griggs County",1,35,21,9,12
050,38,039,"North Dakota","Griggs County",1,36,29,14,15
050,38,039,"North Dakota","Griggs County",1,37,22,9,13
050,38,039,"North Dakota","Griggs County",1,38,25,13,12
050,38,039,"North Dakota","Griggs County",1,39,23,13,10
050,38,039,"North Dakota","Griggs County",1,40,22,15,7
050,38,039,"North Dakota","Griggs County",1,41,25,16,9
050,38,039,"North Dakota","Griggs County",1,42,20,11,9
050,38,039,"North Dakota","Griggs County",1,43,20,10,10
050,38,039,"North Dakota","Griggs County",1,44,17,11,6
050,38,039,"North Dakota","Griggs County",1,45,18,9,9
050,38,039,"North Dakota","Griggs County",1,46,22,11,11
050,38,039,"North Dakota","Griggs County",1,47,31,17,14
050,38,039,"North Dakota","Griggs County",1,48,22,11,11
050,38,039,"North Dakota","Griggs County",1,49,19,9,10
050,38,039,"North Dakota","Griggs County",1,50,21,12,9
050,38,039,"North Dakota","Griggs County",1,51,24,15,9
050,38,039,"North Dakota","Griggs County",1,52,22,11,11
050,38,039,"North Dakota","Griggs County",1,53,20,10,10
050,38,039,"North Dakota","Griggs County",1,54,25,13,12
050,38,039,"North Dakota","Griggs County",1,55,24,14,10
050,38,039,"North Dakota","Griggs County",1,56,30,18,12
050,38,039,"North Dakota","Griggs County",1,57,30,16,14
050,38,039,"North Dakota","Griggs County",1,58,34,16,18
050,38,039,"North Dakota","Griggs County",1,59,44,19,25
050,38,039,"North Dakota","Griggs County",1,60,30,17,13
050,38,039,"North Dakota","Griggs County",1,61,36,20,16
050,38,039,"North Dakota","Griggs County",1,62,38,21,17
050,38,039,"North Dakota","Griggs County",1,63,36,18,18
050,38,039,"North Dakota","Griggs County",1,64,44,21,23
050,38,039,"North Dakota","Griggs County",1,65,40,20,20
050,38,039,"North Dakota","Griggs County",1,66,37,18,19
050,38,039,"North Dakota","Griggs County",1,67,42,25,17
050,38,039,"North Dakota","Griggs County",1,68,42,27,15
050,38,039,"North Dakota","Griggs County",1,69,42,23,19
050,38,039,"North Dakota","Griggs County",1,70,36,18,18
050,38,039,"North Dakota","Griggs County",1,71,38,22,16
050,38,039,"North Dakota","Griggs County",1,72,37,18,19
050,38,039,"North Dakota","Griggs County",1,73,37,18,19
050,38,039,"North Dakota","Griggs County",1,74,24,16,8
050,38,039,"North Dakota","Griggs County",1,75,32,20,12
050,38,039,"North Dakota","Griggs County",1,76,32,19,13
050,38,039,"North Dakota","Griggs County",1,77,33,16,17
050,38,039,"North Dakota","Griggs County",1,78,26,10,16
050,38,039,"North Dakota","Griggs County",1,79,15,7,8
050,38,039,"North Dakota","Griggs County",1,80,12,6,6
050,38,039,"North Dakota","Griggs County",1,81,22,7,15
050,38,039,"North Dakota","Griggs County",1,82,19,9,10
050,38,039,"North Dakota","Griggs County",1,83,8,4,4
050,38,039,"North Dakota","Griggs County",1,84,13,6,7
050,38,039,"North Dakota","Griggs County",1,85,129,33,96
050,38,039,"North Dakota","Griggs County",2,0,19,9,10
050,38,039,"North Dakota","Griggs County",2,1,22,8,14
050,38,039,"North Dakota","Griggs County",2,2,22,8,14
050,38,039,"North Dakota","Griggs County",2,3,20,6,14
050,38,039,"North Dakota","Griggs County",2,4,24,8,16
050,38,039,"North Dakota","Griggs County",2,5,30,14,16
050,38,039,"North Dakota","Griggs County",2,6,28,15,13
050,38,039,"North Dakota","Griggs County",2,7,28,13,15
050,38,039,"North Dakota","Griggs County",2,8,25,12,13
050,38,039,"North Dakota","Griggs County",2,9,27,13,14
050,38,039,"North Dakota","Griggs County",2,10,33,15,18
050,38,039,"North Dakota","Griggs County",2,11,31,15,16
050,38,039,"North Dakota","Griggs County",2,12,27,15,12
050,38,039,"North Dakota","Griggs County",2,13,31,20,11
050,38,039,"North Dakota","Griggs County",2,14,24,12,12
050,38,039,"North Dakota","Griggs County",2,15,21,8,13
050,38,039,"North Dakota","Griggs County",2,16,28,15,13
050,38,039,"North Dakota","Griggs County",2,17,31,19,12
050,38,039,"North Dakota","Griggs County",2,18,20,14,6
050,38,039,"North Dakota","Griggs County",2,19,11,8,3
050,38,039,"North Dakota","Griggs County",2,20,14,9,5
050,38,039,"North Dakota","Griggs County",2,21,22,11,11
050,38,039,"North Dakota","Griggs County",2,22,21,11,10
050,38,039,"North Dakota","Griggs County",2,23,18,11,7
050,38,039,"North Dakota","Griggs County",2,24,22,16,6
050,38,039,"North Dakota","Griggs County",2,25,20,14,6
050,38,039,"North Dakota","Griggs County",2,26,26,13,13
050,38,039,"North Dakota","Griggs County",2,27,21,13,8
050,38,039,"North Dakota","Griggs County",2,28,19,9,10
050,38,039,"North Dakota","Griggs County",2,29,18,9,9
050,38,039,"North Dakota","Griggs County",2,30,15,8,7
050,38,039,"North Dakota","Griggs County",2,31,18,8,10
050,38,039,"North Dakota","Griggs County",2,32,16,7,9
050,38,039,"North Dakota","Griggs County",2,33,18,8,10
050,38,039,"North Dakota","Griggs County",2,34,17,8,9
050,38,039,"North Dakota","Griggs County",2,35,20,9,11
050,38,039,"North Dakota","Griggs County",2,36,27,13,14
050,38,039,"North Dakota","Griggs County",2,37,23,10,13
050,38,039,"North Dakota","Griggs County",2,38,24,12,12
050,38,039,"North Dakota","Griggs County",2,39,23,13,10
050,38,039,"North Dakota","Griggs County",2,40,23,15,8
050,38,039,"North Dakota","Griggs County",2,41,25,16,9
050,38,039,"North Dakota","Griggs County",2,42,21,12,9
050,38,039,"North Dakota","Griggs County",2,43,20,11,9
050,38,039,"North Dakota","Griggs County",2,44,18,11,7
050,38,039,"North Dakota","Griggs County",2,45,19,10,9
050,38,039,"North Dakota","Griggs County",2,46,21,11,10
050,38,039,"North Dakota","Griggs County",2,47,29,15,14
050,38,039,"North Dakota","Griggs County",2,48,23,12,11
050,38,039,"North Dakota","Griggs County",2,49,20,9,11
050,38,039,"North Dakota","Griggs County",2,50,21,11,10
050,38,039,"North Dakota","Griggs County",2,51,24,14,10
050,38,039,"North Dakota","Griggs County",2,52,22,12,10
050,38,039,"North Dakota","Griggs County",2,53,21,11,10
050,38,039,"North Dakota","Griggs County",2,54,23,12,11
050,38,039,"North Dakota","Griggs County",2,55,24,14,10
050,38,039,"North Dakota","Griggs County",2,56,29,17,12
050,38,039,"North Dakota","Griggs County",2,57,29,16,13
050,38,039,"North Dakota","Griggs County",2,58,34,16,18
050,38,039,"North Dakota","Griggs County",2,59,42,18,24
050,38,039,"North Dakota","Griggs County",2,60,34,18,16
050,38,039,"North Dakota","Griggs County",2,61,33,18,15
050,38,039,"North Dakota","Griggs County",2,62,38,21,17
050,38,039,"North Dakota","Griggs County",2,63,37,19,18
050,38,039,"North Dakota","Griggs County",2,64,43,20,23
050,38,039,"North Dakota","Griggs County",2,65,40,20,20
050,38,039,"North Dakota","Griggs County",2,66,38,19,19
050,38,039,"North Dakota","Griggs County",2,67,41,23,18
050,38,039,"North Dakota","Griggs County",2,68,41,26,15
050,38,039,"North Dakota","Griggs County",2,69,42,24,18
050,38,039,"North Dakota","Griggs County",2,70,38,20,18
050,38,039,"North Dakota","Griggs County",2,71,37,21,16
050,38,039,"North Dakota","Griggs County",2,72,36,18,18
050,38,039,"North Dakota","Griggs County",2,73,38,18,20
050,38,039,"North Dakota","Griggs County",2,74,25,16,9
050,38,039,"North Dakota","Griggs County",2,75,30,19,11
050,38,039,"North Dakota","Griggs County",2,76,31,18,13
050,38,039,"North Dakota","Griggs County",2,77,33,16,17
050,38,039,"North Dakota","Griggs County",2,78,28,11,17
050,38,039,"North Dakota","Griggs County",2,79,17,8,9
050,38,039,"North Dakota","Griggs County",2,80,12,6,6
050,38,039,"North Dakota","Griggs County",2,81,21,7,14
050,38,039,"North Dakota","Griggs County",2,82,20,9,11
050,38,039,"North Dakota","Griggs County",2,83,10,5,5
050,38,039,"North Dakota","Griggs County",2,84,13,6,7
050,38,039,"North Dakota","Griggs County",2,85,123,30,93
050,38,039,"North Dakota","Griggs County",3,0,25,14,11
050,38,039,"North Dakota","Griggs County",3,1,19,11,8
050,38,039,"North Dakota","Griggs County",3,2,26,12,14
050,38,039,"North Dakota","Griggs County",3,3,21,8,13
050,38,039,"North Dakota","Griggs County",3,4,19,6,13
050,38,039,"North Dakota","Griggs County",3,5,28,10,18
050,38,039,"North Dakota","Griggs County",3,6,27,14,13
050,38,039,"North Dakota","Griggs County",3,7,29,15,14
050,38,039,"North Dakota","Griggs County",3,8,31,14,17
050,38,039,"North Dakota","Griggs County",3,9,27,13,14
050,38,039,"North Dakota","Griggs County",3,10,27,13,14
050,38,039,"North Dakota","Griggs County",3,11,34,15,19
050,38,039,"North Dakota","Griggs County",3,12,31,14,17
050,38,039,"North Dakota","Griggs County",3,13,24,13,11
050,38,039,"North Dakota","Griggs County",3,14,28,16,12
050,38,039,"North Dakota","Griggs County",3,15,26,14,12
050,38,039,"North Dakota","Griggs County",3,16,22,9,13
050,38,039,"North Dakota","Griggs County",3,17,29,16,13
050,38,039,"North Dakota","Griggs County",3,18,25,16,9
050,38,039,"North Dakota","Griggs County",3,19,13,9,4
050,38,039,"North Dakota","Griggs County",3,20,12,9,3
050,38,039,"North Dakota","Griggs County",3,21,15,9,6
050,38,039,"North Dakota","Griggs County",3,22,22,12,10
050,38,039,"North Dakota","Griggs County",3,23,23,13,10
050,38,039,"North Dakota","Griggs County",3,24,21,13,8
050,38,039,"North Dakota","Griggs County",3,25,23,19,4
050,38,039,"North Dakota","Griggs County",3,26,23,11,12
050,38,039,"North Dakota","Griggs County",3,27,27,14,13
050,38,039,"North Dakota","Griggs County",3,28,20,11,9
050,38,039,"North Dakota","Griggs County",3,29,19,9,10
050,38,039,"North Dakota","Griggs County",3,30,19,9,10
050,38,039,"North Dakota","Griggs County",3,31,16,9,7
050,38,039,"North Dakota","Griggs County",3,32,16,7,9
050,38,039,"North Dakota","Griggs County",3,33,15,5,10
050,38,039,"North Dakota","Griggs County",3,34,17,8,9
050,38,039,"North Dakota","Griggs County",3,35,23,12,11
050,38,039,"North Dakota","Griggs County",3,36,20,10,10
050,38,039,"North Dakota","Griggs County",3,37,28,13,15
050,38,039,"North Dakota","Griggs County",3,38,22,10,12
050,38,039,"North Dakota","Griggs County",3,39,25,12,13
050,38,039,"North Dakota","Griggs County",3,40,22,12,10
050,38,039,"North Dakota","Griggs County",3,41,23,15,8
050,38,039,"North Dakota","Griggs County",3,42,26,15,11
050,38,039,"North Dakota","Griggs County",3,43,19,10,9
050,38,039,"North Dakota","Griggs County",3,44,16,8,8
050,38,039,"North Dakota","Griggs County",3,45,17,11,6
050,38,039,"North Dakota","Griggs County",3,46,20,10,10
050,38,039,"North Dakota","Griggs County",3,47,21,12,9
050,38,039,"North Dakota","Griggs County",3,48,27,13,14
050,38,039,"North Dakota","Griggs County",3,49,23,12,11
050,38,039,"North Dakota","Griggs County",3,50,16,6,10
050,38,039,"North Dakota","Griggs County",3,51,22,11,11
050,38,039,"North Dakota","Griggs County",3,52,25,15,10
050,38,039,"North Dakota","Griggs County",3,53,20,10,10
050,38,039,"North Dakota","Griggs County",3,54,22,11,11
050,38,039,"North Dakota","Griggs County",3,55,24,12,12
050,38,039,"North Dakota","Griggs County",3,56,25,15,10
050,38,039,"North Dakota","Griggs County",3,57,32,18,14
050,38,039,"North Dakota","Griggs County",3,58,30,16,14
050,38,039,"North Dakota","Griggs County",3,59,35,16,19
050,38,039,"North Dakota","Griggs County",3,60,41,18,23
050,38,039,"North Dakota","Griggs County",3,61,33,17,16
050,38,039,"North Dakota","Griggs County",3,62,33,18,15
050,38,039,"North Dakota","Griggs County",3,63,41,24,17
050,38,039,"North Dakota","Griggs County",3,64,38,17,21
050,38,039,"North Dakota","Griggs County",3,65,39,19,20
050,38,039,"North Dakota","Griggs County",3,66,32,15,17
050,38,039,"North Dakota","Griggs County",3,67,36,17,19
050,38,039,"North Dakota","Griggs County",3,68,41,23,18
050,38,039,"North Dakota","Griggs County",3,69,38,24,14
050,38,039,"North Dakota","Griggs County",3,70,42,25,17
050,38,039,"North Dakota","Griggs County",3,71,37,20,17
050,38,039,"North Dakota","Griggs County",3,72,34,18,16
050,38,039,"North Dakota","Griggs County",3,73,34,13,21
050,38,039,"North Dakota","Griggs County",3,74,35,18,17
050,38,039,"North Dakota","Griggs County",3,75,24,16,8
050,38,039,"North Dakota","Griggs County",3,76,30,20,10
050,38,039,"North Dakota","Griggs County",3,77,32,16,16
050,38,039,"North Dakota","Griggs County",3,78,36,16,20
050,38,039,"North Dakota","Griggs County",3,79,23,11,12
050,38,039,"North Dakota","Griggs County",3,80,17,8,9
050,38,039,"North Dakota","Griggs County",3,81,15,5,10
050,38,039,"North Dakota","Griggs County",3,82,18,8,10
050,38,039,"North Dakota","Griggs County",3,83,14,6,8
050,38,039,"North Dakota","Griggs County",3,84,11,7,4
050,38,039,"North Dakota","Griggs County",3,85,125,30,95
050,38,039,"North Dakota","Griggs County",4,0,25,16,9
050,38,039,"North Dakota","Griggs County",4,1,22,14,8
050,38,039,"North Dakota","Griggs County",4,2,19,11,8
050,38,039,"North Dakota","Griggs County",4,3,26,12,14
050,38,039,"North Dakota","Griggs County",4,4,21,8,13
050,38,039,"North Dakota","Griggs County",4,5,22,7,15
050,38,039,"North Dakota","Griggs County",4,6,26,9,17
050,38,039,"North Dakota","Griggs County",4,7,28,14,14
050,38,039,"North Dakota","Griggs County",4,8,27,14,13
050,38,039,"North Dakota","Griggs County",4,9,27,12,15
050,38,039,"North Dakota","Griggs County",4,10,26,13,13
050,38,039,"North Dakota","Griggs County",4,11,25,12,13
050,38,039,"North Dakota","Griggs County",4,12,32,15,17
050,38,039,"North Dakota","Griggs County",4,13,31,14,17
050,38,039,"North Dakota","Griggs County",4,14,23,12,11
050,38,039,"North Dakota","Griggs County",4,15,33,21,12
050,38,039,"North Dakota","Griggs County",4,16,24,12,12
050,38,039,"North Dakota","Griggs County",4,17,21,8,13
050,38,039,"North Dakota","Griggs County",4,18,23,13,10
050,38,039,"North Dakota","Griggs County",4,19,17,11,6
050,38,039,"North Dakota","Griggs County",4,20,13,9,4
050,38,039,"North Dakota","Griggs County",4,21,14,10,4
050,38,039,"North Dakota","Griggs County",4,22,19,11,8
050,38,039,"North Dakota","Griggs County",4,23,21,12,9
050,38,039,"North Dakota","Griggs County",4,24,22,13,9
050,38,039,"North Dakota","Griggs County",4,25,20,12,8
050,38,039,"North Dakota","Griggs County",4,26,29,20,9
050,38,039,"North Dakota","Griggs County",4,27,20,9,11
050,38,039,"North Dakota","Griggs County",4,28,29,14,15
050,38,039,"North Dakota","Griggs County",4,29,22,12,10
050,38,039,"North Dakota","Griggs County",4,30,24,13,11
050,38,039,"North Dakota","Griggs County",4,31,19,9,10
050,38,039,"North Dakota","Griggs County",4,32,18,11,7
050,38,039,"North Dakota","Griggs County",4,33,16,6,10
050,38,039,"North Dakota","Griggs County",4,34,16,6,10
050,38,039,"North Dakota","Griggs County",4,35,17,8,9
050,38,039,"North Dakota","Griggs County",4,36,19,9,10
050,38,039,"North Dakota","Griggs County",4,37,20,10,10
050,38,039,"North Dakota","Griggs County",4,38,25,12,13
050,38,039,"North Dakota","Griggs County",4,39,22,10,12
050,38,039,"North Dakota","Griggs County",4,40,26,13,13
050,38,039,"North Dakota","Griggs County",4,41,23,12,11
050,38,039,"North Dakota","Griggs County",4,42,20,14,6
050,38,039,"North Dakota","Griggs County",4,43,27,16,11
050,38,039,"North Dakota","Griggs County",4,44,17,9,8
050,38,039,"North Dakota","Griggs County",4,45,16,8,8
050,38,039,"North Dakota","Griggs County",4,46,16,10,6
050,38,039,"North Dakota","Griggs County",4,47,19,9,10
050,38,039,"North Dakota","Griggs County",4,48,22,13,9
050,38,039,"North Dakota","Griggs County",4,49,25,11,14
050,38,039,"North Dakota","Griggs County",4,50,27,12,15
050,38,039,"North Dakota","Griggs County",4,51,16,6,10
050,38,039,"North Dakota","Griggs County",4,52,22,11,11
050,38,039,"North Dakota","Griggs County",4,53,25,15,10
050,38,039,"North Dakota","Griggs County",4,54,21,10,11
050,38,039,"North Dakota","Griggs County",4,55,21,11,10
050,38,039,"North Dakota","Griggs County",4,56,23,12,11
050,38,039,"North Dakota","Griggs County",4,57,26,16,10
050,38,039,"North Dakota","Griggs County",4,58,34,20,14
050,38,039,"North Dakota","Griggs County",4,59,28,14,14
050,38,039,"North Dakota","Griggs County",4,60,36,17,19
050,38,039,"North Dakota","Griggs County",4,61,41,18,23
050,38,039,"North Dakota","Griggs County",4,62,34,18,16
050,38,039,"North Dakota","Griggs County",4,63,33,18,15
050,38,039,"North Dakota","Griggs County",4,64,44,24,20
050,38,039,"North Dakota","Griggs County",4,65,37,18,19
050,38,039,"North Dakota","Griggs County",4,66,36,19,17
050,38,039,"North Dakota","Griggs County",4,67,32,15,17
050,38,039,"North Dakota","Griggs County",4,68,38,18,20
050,38,039,"North Dakota","Griggs County",4,69,41,23,18
050,38,039,"North Dakota","Griggs County",4,70,38,24,14
050,38,039,"North Dakota","Griggs County",4,71,43,26,17
050,38,039,"North Dakota","Griggs County",4,72,32,17,15
050,38,039,"North Dakota","Griggs County",4,73,31,12,19
050,38,039,"North Dakota","Griggs County",4,74,30,13,17
050,38,039,"North Dakota","Griggs County",4,75,31,18,13
050,38,039,"North Dakota","Griggs County",4,76,24,18,6
050,38,039,"North Dakota","Griggs County",4,77,28,17,11
050,38,039,"North Dakota","Griggs County",4,78,33,14,19
050,38,039,"North Dakota","Griggs County",4,79,29,16,13
050,38,039,"North Dakota","Griggs County",4,80,22,10,12
050,38,039,"North Dakota","Griggs County",4,81,19,7,12
050,38,039,"North Dakota","Griggs County",4,82,13,6,7
050,38,039,"North Dakota","Griggs County",4,83,12,4,8
050,38,039,"North Dakota","Griggs County",4,84,17,8,9
050,38,039,"North Dakota","Griggs County",4,85,118,27,91
050,38,039,"North Dakota","Griggs County",5,0,23,15,8
050,38,039,"North Dakota","Griggs County",5,1,28,19,9
050,38,039,"North Dakota","Griggs County",5,2,20,12,8
050,38,039,"North Dakota","Griggs County",5,3,17,9,8
050,38,039,"North Dakota","Griggs County",5,4,25,12,13
050,38,039,"North Dakota","Griggs County",5,5,21,8,13
050,38,039,"North Dakota","Griggs County",5,6,20,6,14
050,38,039,"North Dakota","Griggs County",5,7,27,9,18
050,38,039,"North Dakota","Griggs County",5,8,26,12,14
050,38,039,"North Dakota","Griggs County",5,9,25,13,12
050,38,039,"North Dakota","Griggs County",5,10,27,13,14
050,38,039,"North Dakota","Griggs County",5,11,26,13,13
050,38,039,"North Dakota","Griggs County",5,12,28,13,15
050,38,039,"North Dakota","Griggs County",5,13,33,15,18
050,38,039,"North Dakota","Griggs County",5,14,32,14,18
050,38,039,"North Dakota","Griggs County",5,15,24,13,11
050,38,039,"North Dakota","Griggs County",5,16,33,20,13
050,38,039,"North Dakota","Griggs County",5,17,24,12,12
050,38,039,"North Dakota","Griggs County",5,18,19,8,11
050,38,039,"North Dakota","Griggs County",5,19,19,11,8
050,38,039,"North Dakota","Griggs County",5,20,18,13,5
050,38,039,"North Dakota","Griggs County",5,21,20,14,6
050,38,039,"North Dakota","Griggs County",5,22,14,11,3
050,38,039,"North Dakota","Griggs County",5,23,21,12,9
050,38,039,"North Dakota","Griggs County",5,24,21,11,10
050,38,039,"North Dakota","Griggs County",5,25,19,11,8
050,38,039,"North Dakota","Griggs County",5,26,19,12,7
050,38,039,"North Dakota","Griggs County",5,27,28,20,8
050,38,039,"North Dakota","Griggs County",5,28,21,10,11
050,38,039,"North Dakota","Griggs County",5,29,30,15,15
050,38,039,"North Dakota","Griggs County",5,30,23,13,10
050,38,039,"North Dakota","Griggs County",5,31,20,10,10
050,38,039,"North Dakota","Griggs County",5,32,20,9,11
050,38,039,"North Dakota","Griggs County",5,33,18,12,6
050,38,039,"North Dakota","Griggs County",5,34,16,7,9
050,38,039,"North Dakota","Griggs County",5,35,17,7,10
050,38,039,"North Dakota","Griggs County",5,36,16,8,8
050,38,039,"North Dakota","Griggs County",5,37,17,7,10
050,38,039,"North Dakota","Griggs County",5,38,21,10,11
050,38,039,"North Dakota","Griggs County",5,39,25,12,13
050,38,039,"North Dakota","Griggs County",5,40,25,13,12
050,38,039,"North Dakota","Griggs County",5,41,26,14,12
050,38,039,"North Dakota","Griggs County",5,42,24,13,11
050,38,039,"North Dakota","Griggs County",5,43,19,13,6
050,38,039,"North Dakota","Griggs County",5,44,30,19,11
050,38,039,"North Dakota","Griggs County",5,45,19,9,10
050,38,039,"North Dakota","Griggs County",5,46,15,8,7
050,38,039,"North Dakota","Griggs County",5,47,16,10,6
050,38,039,"North Dakota","Griggs County",5,48,20,9,11
050,38,039,"North Dakota","Griggs County",5,49,20,11,9
050,38,039,"North Dakota","Griggs County",5,50,25,11,14
050,38,039,"North Dakota","Griggs County",5,51,24,11,13
050,38,039,"North Dakota","Griggs County",5,52,16,6,10
050,38,039,"North Dakota","Griggs County",5,53,21,11,10
050,38,039,"North Dakota","Griggs County",5,54,25,15,10
050,38,039,"North Dakota","Griggs County",5,55,18,10,8
050,38,039,"North Dakota","Griggs County",5,56,22,11,11
050,38,039,"North Dakota","Griggs County",5,57,24,12,12
050,38,039,"North Dakota","Griggs County",5,58,26,16,10
050,38,039,"North Dakota","Griggs County",5,59,34,20,14
050,38,039,"North Dakota","Griggs County",5,60,29,15,14
050,38,039,"North Dakota","Griggs County",5,61,34,15,19
050,38,039,"North Dakota","Griggs County",5,62,41,18,23
050,38,039,"North Dakota","Griggs County",5,63,35,18,17
050,38,039,"North Dakota","Griggs County",5,64,38,19,19
050,38,039,"North Dakota","Griggs County",5,65,42,24,18
050,38,039,"North Dakota","Griggs County",5,66,36,19,17
050,38,039,"North Dakota","Griggs County",5,67,34,18,16
050,38,039,"North Dakota","Griggs County",5,68,35,16,19
050,38,039,"North Dakota","Griggs County",5,69,38,18,20
050,38,039,"North Dakota","Griggs County",5,70,42,26,16
050,38,039,"North Dakota","Griggs County",5,71,39,25,14
050,38,039,"North Dakota","Griggs County",5,72,37,23,14
050,38,039,"North Dakota","Griggs County",5,73,33,15,18
050,38,039,"North Dakota","Griggs County",5,74,29,16,13
050,38,039,"North Dakota","Griggs County",5,75,28,13,15
050,38,039,"North Dakota","Griggs County",5,76,32,20,12
050,38,039,"North Dakota","Griggs County",5,77,25,16,9
050,38,039,"North Dakota","Griggs County",5,78,29,15,14
050,38,039,"North Dakota","Griggs County",5,79,27,14,13
050,38,039,"North Dakota","Griggs County",5,80,28,15,13
050,38,039,"North Dakota","Griggs County",5,81,26,10,16
050,38,039,"North Dakota","Griggs County",5,82,15,8,7
050,38,039,"North Dakota","Griggs County",5,83,8,3,5
050,38,039,"North Dakota","Griggs County",5,84,15,6,9
050,38,039,"North Dakota","Griggs County",5,85,123,30,93
050,38,041,"North Dakota","Hettinger County",1,0,33,16,17
050,38,041,"North Dakota","Hettinger County",1,1,27,10,17
050,38,041,"North Dakota","Hettinger County",1,2,48,21,27
050,38,041,"North Dakota","Hettinger County",1,3,42,24,18
050,38,041,"North Dakota","Hettinger County",1,4,34,19,15
050,38,041,"North Dakota","Hettinger County",1,5,29,14,15
050,38,041,"North Dakota","Hettinger County",1,6,31,14,17
050,38,041,"North Dakota","Hettinger County",1,7,28,15,13
050,38,041,"North Dakota","Hettinger County",1,8,32,16,16
050,38,041,"North Dakota","Hettinger County",1,9,39,17,22
050,38,041,"North Dakota","Hettinger County",1,10,38,19,19
050,38,041,"North Dakota","Hettinger County",1,11,32,15,17
050,38,041,"North Dakota","Hettinger County",1,12,37,15,22
050,38,041,"North Dakota","Hettinger County",1,13,40,20,20
050,38,041,"North Dakota","Hettinger County",1,14,33,15,18
050,38,041,"North Dakota","Hettinger County",1,15,28,14,14
050,38,041,"North Dakota","Hettinger County",1,16,33,17,16
050,38,041,"North Dakota","Hettinger County",1,17,33,18,15
050,38,041,"North Dakota","Hettinger County",1,18,21,10,11
050,38,041,"North Dakota","Hettinger County",1,19,23,11,12
050,38,041,"North Dakota","Hettinger County",1,20,24,12,12
050,38,041,"North Dakota","Hettinger County",1,21,18,9,9
050,38,041,"North Dakota","Hettinger County",1,22,26,12,14
050,38,041,"North Dakota","Hettinger County",1,23,20,8,12
050,38,041,"North Dakota","Hettinger County",1,24,23,8,15
050,38,041,"North Dakota","Hettinger County",1,25,24,12,12
050,38,041,"North Dakota","Hettinger County",1,26,22,8,14
050,38,041,"North Dakota","Hettinger County",1,27,30,13,17
050,38,041,"North Dakota","Hettinger County",1,28,28,14,14
050,38,041,"North Dakota","Hettinger County",1,29,34,16,18
050,38,041,"North Dakota","Hettinger County",1,30,25,13,12
050,38,041,"North Dakota","Hettinger County",1,31,35,14,21
050,38,041,"North Dakota","Hettinger County",1,32,27,12,15
050,38,041,"North Dakota","Hettinger County",1,33,25,12,13
050,38,041,"North Dakota","Hettinger County",1,34,28,13,15
050,38,041,"North Dakota","Hettinger County",1,35,25,14,11
050,38,041,"North Dakota","Hettinger County",1,36,30,15,15
050,38,041,"North Dakota","Hettinger County",1,37,34,19,15
050,38,041,"North Dakota","Hettinger County",1,38,29,16,13
050,38,041,"North Dakota","Hettinger County",1,39,23,13,10
050,38,041,"North Dakota","Hettinger County",1,40,21,9,12
050,38,041,"North Dakota","Hettinger County",1,41,20,9,11
050,38,041,"North Dakota","Hettinger County",1,42,27,14,13
050,38,041,"North Dakota","Hettinger County",1,43,23,8,15
050,38,041,"North Dakota","Hettinger County",1,44,20,7,13
050,38,041,"North Dakota","Hettinger County",1,45,21,8,13
050,38,041,"North Dakota","Hettinger County",1,46,29,15,14
050,38,041,"North Dakota","Hettinger County",1,47,27,16,11
050,38,041,"North Dakota","Hettinger County",1,48,20,12,8
050,38,041,"North Dakota","Hettinger County",1,49,21,15,6
050,38,041,"North Dakota","Hettinger County",1,50,23,13,10
050,38,041,"North Dakota","Hettinger County",1,51,24,12,12
050,38,041,"North Dakota","Hettinger County",1,52,26,11,15
050,38,041,"North Dakota","Hettinger County",1,53,26,11,15
050,38,041,"North Dakota","Hettinger County",1,54,32,13,19
050,38,041,"North Dakota","Hettinger County",1,55,30,18,12
050,38,041,"North Dakota","Hettinger County",1,56,33,18,15
050,38,041,"North Dakota","Hettinger County",1,57,30,11,19
050,38,041,"North Dakota","Hettinger County",1,58,36,17,19
050,38,041,"North Dakota","Hettinger County",1,59,46,24,22
050,38,041,"North Dakota","Hettinger County",1,60,40,20,20
050,38,041,"North Dakota","Hettinger County",1,61,39,24,15
050,38,041,"North Dakota","Hettinger County",1,62,43,25,18
050,38,041,"North Dakota","Hettinger County",1,63,37,19,18
050,38,041,"North Dakota","Hettinger County",1,64,33,17,16
050,38,041,"North Dakota","Hettinger County",1,65,35,20,15
050,38,041,"North Dakota","Hettinger County",1,66,36,18,18
050,38,041,"North Dakota","Hettinger County",1,67,27,15,12
050,38,041,"North Dakota","Hettinger County",1,68,30,18,12
050,38,041,"North Dakota","Hettinger County",1,69,27,16,11
050,38,041,"North Dakota","Hettinger County",1,70,30,14,16
050,38,041,"North Dakota","Hettinger County",1,71,30,18,12
050,38,041,"North Dakota","Hettinger County",1,72,34,18,16
050,38,041,"North Dakota","Hettinger County",1,73,26,11,15
050,38,041,"North Dakota","Hettinger County",1,74,21,11,10
050,38,041,"North Dakota","Hettinger County",1,75,16,6,10
050,38,041,"North Dakota","Hettinger County",1,76,21,9,12
050,38,041,"North Dakota","Hettinger County",1,77,26,13,13
050,38,041,"North Dakota","Hettinger County",1,78,19,11,8
050,38,041,"North Dakota","Hettinger County",1,79,17,10,7
050,38,041,"North Dakota","Hettinger County",1,80,16,8,8
050,38,041,"North Dakota","Hettinger County",1,81,14,5,9
050,38,041,"North Dakota","Hettinger County",1,82,17,8,9
050,38,041,"North Dakota","Hettinger County",1,83,19,10,9
050,38,041,"North Dakota","Hettinger County",1,84,19,11,8
050,38,041,"North Dakota","Hettinger County",1,85,85,36,49
050,38,041,"North Dakota","Hettinger County",2,0,31,16,15
050,38,041,"North Dakota","Hettinger County",2,1,27,11,16
050,38,041,"North Dakota","Hettinger County",2,2,42,18,24
050,38,041,"North Dakota","Hettinger County",2,3,42,23,19
050,38,041,"North Dakota","Hettinger County",2,4,36,20,16
050,38,041,"North Dakota","Hettinger County",2,5,31,15,16
050,38,041,"North Dakota","Hettinger County",2,6,30,14,16
050,38,041,"North Dakota","Hettinger County",2,7,28,14,14
050,38,041,"North Dakota","Hettinger County",2,8,31,16,15
050,38,041,"North Dakota","Hettinger County",2,9,37,16,21
050,38,041,"North Dakota","Hettinger County",2,10,37,17,20
050,38,041,"North Dakota","Hettinger County",2,11,34,16,18
050,38,041,"North Dakota","Hettinger County",2,12,34,14,20
050,38,041,"North Dakota","Hettinger County",2,13,39,19,20
050,38,041,"North Dakota","Hettinger County",2,14,34,16,18
050,38,041,"North Dakota","Hettinger County",2,15,28,14,14
050,38,041,"North Dakota","Hettinger County",2,16,32,17,15
050,38,041,"North Dakota","Hettinger County",2,17,32,18,14
050,38,041,"North Dakota","Hettinger County",2,18,23,11,12
050,38,041,"North Dakota","Hettinger County",2,19,21,10,11
050,38,041,"North Dakota","Hettinger County",2,20,25,11,14
050,38,041,"North Dakota","Hettinger County",2,21,19,10,9
050,38,041,"North Dakota","Hettinger County",2,22,25,12,13
050,38,041,"North Dakota","Hettinger County",2,23,21,9,12
050,38,041,"North Dakota","Hettinger County",2,24,24,9,15
050,38,041,"North Dakota","Hettinger County",2,25,24,11,13
050,38,041,"North Dakota","Hettinger County",2,26,24,10,14
050,38,041,"North Dakota","Hettinger County",2,27,28,12,16
050,38,041,"North Dakota","Hettinger County",2,28,29,14,15
050,38,041,"North Dakota","Hettinger County",2,29,31,14,17
050,38,041,"North Dakota","Hettinger County",2,30,27,14,13
050,38,041,"North Dakota","Hettinger County",2,31,34,14,20
050,38,041,"North Dakota","Hettinger County",2,32,29,12,17
050,38,041,"North Dakota","Hettinger County",2,33,25,12,13
050,38,041,"North Dakota","Hettinger County",2,34,26,12,14
050,38,041,"North Dakota","Hettinger County",2,35,26,14,12
050,38,041,"North Dakota","Hettinger County",2,36,28,15,13
050,38,041,"North Dakota","Hettinger County",2,37,33,18,15
050,38,041,"North Dakota","Hettinger County",2,38,30,17,13
050,38,041,"North Dakota","Hettinger County",2,39,24,14,10
050,38,041,"North Dakota","Hettinger County",2,40,22,10,12
050,38,041,"North Dakota","Hettinger County",2,41,21,9,12
050,38,041,"North Dakota","Hettinger County",2,42,25,13,12
050,38,041,"North Dakota","Hettinger County",2,43,24,9,15
050,38,041,"North Dakota","Hettinger County",2,44,20,7,13
050,38,041,"North Dakota","Hettinger County",2,45,21,8,13
050,38,041,"North Dakota","Hettinger County",2,46,28,13,15
050,38,041,"North Dakota","Hettinger County",2,47,25,15,10
050,38,041,"North Dakota","Hettinger County",2,48,21,12,9
050,38,041,"North Dakota","Hettinger County",2,49,20,14,6
050,38,041,"North Dakota","Hettinger County",2,50,23,14,9
050,38,041,"North Dakota","Hettinger County",2,51,24,12,12
050,38,041,"North Dakota","Hettinger County",2,52,27,12,15
050,38,041,"North Dakota","Hettinger County",2,53,26,11,15
050,38,041,"North Dakota","Hettinger County",2,54,31,12,19
050,38,041,"North Dakota","Hettinger County",2,55,31,17,14
050,38,041,"North Dakota","Hettinger County",2,56,32,18,14
050,38,041,"North Dakota","Hettinger County",2,57,30,12,18
050,38,041,"North Dakota","Hettinger County",2,58,35,16,19
050,38,041,"North Dakota","Hettinger County",2,59,45,23,22
050,38,041,"North Dakota","Hettinger County",2,60,40,20,20
050,38,041,"North Dakota","Hettinger County",2,61,38,22,16
050,38,041,"North Dakota","Hettinger County",2,62,42,25,17
050,38,041,"North Dakota","Hettinger County",2,63,39,21,18
050,38,041,"North Dakota","Hettinger County",2,64,33,17,16
050,38,041,"North Dakota","Hettinger County",2,65,34,19,15
050,38,041,"North Dakota","Hettinger County",2,66,35,18,17
050,38,041,"North Dakota","Hettinger County",2,67,29,16,13
050,38,041,"North Dakota","Hettinger County",2,68,29,17,12
050,38,041,"North Dakota","Hettinger County",2,69,28,17,11
050,38,041,"North Dakota","Hettinger County",2,70,29,14,15
050,38,041,"North Dakota","Hettinger County",2,71,30,17,13
050,38,041,"North Dakota","Hettinger County",2,72,33,18,15
050,38,041,"North Dakota","Hettinger County",2,73,29,13,16
050,38,041,"North Dakota","Hettinger County",2,74,20,11,9
050,38,041,"North Dakota","Hettinger County",2,75,17,7,10
050,38,041,"North Dakota","Hettinger County",2,76,19,8,11
050,38,041,"North Dakota","Hettinger County",2,77,24,11,13
050,38,041,"North Dakota","Hettinger County",2,78,20,11,9
050,38,041,"North Dakota","Hettinger County",2,79,17,10,7
050,38,041,"North Dakota","Hettinger County",2,80,15,8,7
050,38,041,"North Dakota","Hettinger County",2,81,15,6,9
050,38,041,"North Dakota","Hettinger County",2,82,16,7,9
050,38,041,"North Dakota","Hettinger County",2,83,18,9,9
050,38,041,"North Dakota","Hettinger County",2,84,18,10,8
050,38,041,"North Dakota","Hettinger County",2,85,88,37,51
050,38,041,"North Dakota","Hettinger County",3,0,28,15,13
050,38,041,"North Dakota","Hettinger County",3,1,35,16,19
050,38,041,"North Dakota","Hettinger County",3,2,30,13,17
050,38,041,"North Dakota","Hettinger County",3,3,44,19,25
050,38,041,"North Dakota","Hettinger County",3,4,38,16,22
050,38,041,"North Dakota","Hettinger County",3,5,38,20,18
050,38,041,"North Dakota","Hettinger County",3,6,29,14,15
050,38,041,"North Dakota","Hettinger County",3,7,27,14,13
050,38,041,"North Dakota","Hettinger County",3,8,26,14,12
050,38,041,"North Dakota","Hettinger County",3,9,25,13,12
050,38,041,"North Dakota","Hettinger County",3,10,36,17,19
050,38,041,"North Dakota","Hettinger County",3,11,35,17,18
050,38,041,"North Dakota","Hettinger County",3,12,33,15,18
050,38,041,"North Dakota","Hettinger County",3,13,30,14,16
050,38,041,"North Dakota","Hettinger County",3,14,36,18,18
050,38,041,"North Dakota","Hettinger County",3,15,36,17,19
050,38,041,"North Dakota","Hettinger County",3,16,23,12,11
050,38,041,"North Dakota","Hettinger County",3,17,32,18,14
050,38,041,"North Dakota","Hettinger County",3,18,24,14,10
050,38,041,"North Dakota","Hettinger County",3,19,16,7,9
050,38,041,"North Dakota","Hettinger County",3,20,22,10,12
050,38,041,"North Dakota","Hettinger County",3,21,26,11,15
050,38,041,"North Dakota","Hettinger County",3,22,23,11,12
050,38,041,"North Dakota","Hettinger County",3,23,32,14,18
050,38,041,"North Dakota","Hettinger County",3,24,22,7,15
050,38,041,"North Dakota","Hettinger County",3,25,25,13,12
050,38,041,"North Dakota","Hettinger County",3,26,23,10,13
050,38,041,"North Dakota","Hettinger County",3,27,19,10,9
050,38,041,"North Dakota","Hettinger County",3,28,32,14,18
050,38,041,"North Dakota","Hettinger County",3,29,26,12,14
050,38,041,"North Dakota","Hettinger County",3,30,30,18,12
050,38,041,"North Dakota","Hettinger County",3,31,28,15,13
050,38,041,"North Dakota","Hettinger County",3,32,37,13,24
050,38,041,"North Dakota","Hettinger County",3,33,28,13,15
050,38,041,"North Dakota","Hettinger County",3,34,27,11,16
050,38,041,"North Dakota","Hettinger County",3,35,29,14,15
050,38,041,"North Dakota","Hettinger County",3,36,25,15,10
050,38,041,"North Dakota","Hettinger County",3,37,28,15,13
050,38,041,"North Dakota","Hettinger County",3,38,30,16,14
050,38,041,"North Dakota","Hettinger County",3,39,26,16,10
050,38,041,"North Dakota","Hettinger County",3,40,29,15,14
050,38,041,"North Dakota","Hettinger County",3,41,22,10,12
050,38,041,"North Dakota","Hettinger County",3,42,20,9,11
050,38,041,"North Dakota","Hettinger County",3,43,27,13,14
050,38,041,"North Dakota","Hettinger County",3,44,22,9,13
050,38,041,"North Dakota","Hettinger County",3,45,21,8,13
050,38,041,"North Dakota","Hettinger County",3,46,23,8,15
050,38,041,"North Dakota","Hettinger County",3,47,22,11,11
050,38,041,"North Dakota","Hettinger County",3,48,26,14,12
050,38,041,"North Dakota","Hettinger County",3,49,19,11,8
050,38,041,"North Dakota","Hettinger County",3,50,21,14,7
050,38,041,"North Dakota","Hettinger County",3,51,23,14,9
050,38,041,"North Dakota","Hettinger County",3,52,24,12,12
050,38,041,"North Dakota","Hettinger County",3,53,26,11,15
050,38,041,"North Dakota","Hettinger County",3,54,28,12,16
050,38,041,"North Dakota","Hettinger County",3,55,29,12,17
050,38,041,"North Dakota","Hettinger County",3,56,31,17,14
050,38,041,"North Dakota","Hettinger County",3,57,29,16,13
050,38,041,"North Dakota","Hettinger County",3,58,31,13,18
050,38,041,"North Dakota","Hettinger County",3,59,37,16,21
050,38,041,"North Dakota","Hettinger County",3,60,41,22,19
050,38,041,"North Dakota","Hettinger County",3,61,40,19,21
050,38,041,"North Dakota","Hettinger County",3,62,36,22,14
050,38,041,"North Dakota","Hettinger County",3,63,42,25,17
050,38,041,"North Dakota","Hettinger County",3,64,39,21,18
050,38,041,"North Dakota","Hettinger County",3,65,31,17,14
050,38,041,"North Dakota","Hettinger County",3,66,34,18,16
050,38,041,"North Dakota","Hettinger County",3,67,34,18,16
050,38,041,"North Dakota","Hettinger County",3,68,27,14,13
050,38,041,"North Dakota","Hettinger County",3,69,29,18,11
050,38,041,"North Dakota","Hettinger County",3,70,28,16,12
050,38,041,"North Dakota","Hettinger County",3,71,30,16,14
050,38,041,"North Dakota","Hettinger County",3,72,29,16,13
050,38,041,"North Dakota","Hettinger County",3,73,32,17,15
050,38,041,"North Dakota","Hettinger County",3,74,28,12,16
050,38,041,"North Dakota","Hettinger County",3,75,18,10,8
050,38,041,"North Dakota","Hettinger County",3,76,17,7,10
050,38,041,"North Dakota","Hettinger County",3,77,18,8,10
050,38,041,"North Dakota","Hettinger County",3,78,22,10,12
050,38,041,"North Dakota","Hettinger County",3,79,21,12,9
050,38,041,"North Dakota","Hettinger County",3,80,18,9,9
050,38,041,"North Dakota","Hettinger County",3,81,15,8,7
050,38,041,"North Dakota","Hettinger County",3,82,13,6,7
050,38,041,"North Dakota","Hettinger County",3,83,12,5,7
050,38,041,"North Dakota","Hettinger County",3,84,15,6,9
050,38,041,"North Dakota","Hettinger County",3,85,87,41,46
050,38,041,"North Dakota","Hettinger County",4,0,25,11,14
050,38,041,"North Dakota","Hettinger County",4,1,26,13,13
050,38,041,"North Dakota","Hettinger County",4,2,31,16,15
050,38,041,"North Dakota","Hettinger County",4,3,36,13,23
050,38,041,"North Dakota","Hettinger County",4,4,43,19,24
050,38,041,"North Dakota","Hettinger County",4,5,36,17,19
050,38,041,"North Dakota","Hettinger County",4,6,36,18,18
050,38,041,"North Dakota","Hettinger County",4,7,30,16,14
050,38,041,"North Dakota","Hettinger County",4,8,26,13,13
050,38,041,"North Dakota","Hettinger County",4,9,30,18,12
050,38,041,"North Dakota","Hettinger County",4,10,25,13,12
050,38,041,"North Dakota","Hettinger County",4,11,36,15,21
050,38,041,"North Dakota","Hettinger County",4,12,36,17,19
050,38,041,"North Dakota","Hettinger County",4,13,32,15,17
050,38,041,"North Dakota","Hettinger County",4,14,35,17,18
050,38,041,"North Dakota","Hettinger County",4,15,38,20,18
050,38,041,"North Dakota","Hettinger County",4,16,36,16,20
050,38,041,"North Dakota","Hettinger County",4,17,27,15,12
050,38,041,"North Dakota","Hettinger County",4,18,32,19,13
050,38,041,"North Dakota","Hettinger County",4,19,21,12,9
050,38,041,"North Dakota","Hettinger County",4,20,16,7,9
050,38,041,"North Dakota","Hettinger County",4,21,21,10,11
050,38,041,"North Dakota","Hettinger County",4,22,27,12,15
050,38,041,"North Dakota","Hettinger County",4,23,22,11,11
050,38,041,"North Dakota","Hettinger County",4,24,31,12,19
050,38,041,"North Dakota","Hettinger County",4,25,18,6,12
050,38,041,"North Dakota","Hettinger County",4,26,28,13,15
050,38,041,"North Dakota","Hettinger County",4,27,19,9,10
050,38,041,"North Dakota","Hettinger County",4,28,21,9,12
050,38,041,"North Dakota","Hettinger County",4,29,29,12,17
050,38,041,"North Dakota","Hettinger County",4,30,22,11,11
050,38,041,"North Dakota","Hettinger County",4,31,28,15,13
050,38,041,"North Dakota","Hettinger County",4,32,30,14,16
050,38,041,"North Dakota","Hettinger County",4,33,32,14,18
050,38,041,"North Dakota","Hettinger County",4,34,29,12,17
050,38,041,"North Dakota","Hettinger County",4,35,29,11,18
050,38,041,"North Dakota","Hettinger County",4,36,29,16,13
050,38,041,"North Dakota","Hettinger County",4,37,29,17,12
050,38,041,"North Dakota","Hettinger County",4,38,25,14,11
050,38,041,"North Dakota","Hettinger County",4,39,29,17,12
050,38,041,"North Dakota","Hettinger County",4,40,27,15,12
050,38,041,"North Dakota","Hettinger County",4,41,29,14,15
050,38,041,"North Dakota","Hettinger County",4,42,22,10,12
050,38,041,"North Dakota","Hettinger County",4,43,24,10,14
050,38,041,"North Dakota","Hettinger County",4,44,23,11,12
050,38,041,"North Dakota","Hettinger County",4,45,22,9,13
050,38,041,"North Dakota","Hettinger County",4,46,22,9,13
050,38,041,"North Dakota","Hettinger County",4,47,19,6,13
050,38,041,"North Dakota","Hettinger County",4,48,26,11,15
050,38,041,"North Dakota","Hettinger County",4,49,26,14,12
050,38,041,"North Dakota","Hettinger County",4,50,21,11,10
050,38,041,"North Dakota","Hettinger County",4,51,20,13,7
050,38,041,"North Dakota","Hettinger County",4,52,22,13,9
050,38,041,"North Dakota","Hettinger County",4,53,25,13,12
050,38,041,"North Dakota","Hettinger County",4,54,30,10,20
050,38,041,"North Dakota","Hettinger County",4,55,27,12,15
050,38,041,"North Dakota","Hettinger County",4,56,30,12,18
050,38,041,"North Dakota","Hettinger County",4,57,36,20,16
050,38,041,"North Dakota","Hettinger County",4,58,31,15,16
050,38,041,"North Dakota","Hettinger County",4,59,31,13,18
050,38,041,"North Dakota","Hettinger County",4,60,35,17,18
050,38,041,"North Dakota","Hettinger County",4,61,41,23,18
050,38,041,"North Dakota","Hettinger County",4,62,39,19,20
050,38,041,"North Dakota","Hettinger County",4,63,38,23,15
050,38,041,"North Dakota","Hettinger County",4,64,40,25,15
050,38,041,"North Dakota","Hettinger County",4,65,39,21,18
050,38,041,"North Dakota","Hettinger County",4,66,28,15,13
050,38,041,"North Dakota","Hettinger County",4,67,32,17,15
050,38,041,"North Dakota","Hettinger County",4,68,34,18,16
050,38,041,"North Dakota","Hettinger County",4,69,26,15,11
050,38,041,"North Dakota","Hettinger County",4,70,28,17,11
050,38,041,"North Dakota","Hettinger County",4,71,29,17,12
050,38,041,"North Dakota","Hettinger County",4,72,27,13,14
050,38,041,"North Dakota","Hettinger County",4,73,30,16,14
050,38,041,"North Dakota","Hettinger County",4,74,31,19,12
050,38,041,"North Dakota","Hettinger County",4,75,24,9,15
050,38,041,"North Dakota","Hettinger County",4,76,19,11,8
050,38,041,"North Dakota","Hettinger County",4,77,13,5,8
050,38,041,"North Dakota","Hettinger County",4,78,17,9,8
050,38,041,"North Dakota","Hettinger County",4,79,20,9,11
050,38,041,"North Dakota","Hettinger County",4,80,22,13,9
050,38,041,"North Dakota","Hettinger County",4,81,17,10,7
050,38,041,"North Dakota","Hettinger County",4,82,14,8,6
050,38,041,"North Dakota","Hettinger County",4,83,11,5,6
050,38,041,"North Dakota","Hettinger County",4,84,10,4,6
050,38,041,"North Dakota","Hettinger County",4,85,83,44,39
050,38,041,"North Dakota","Hettinger County",5,0,24,12,12
050,38,041,"North Dakota","Hettinger County",5,1,26,11,15
050,38,041,"North Dakota","Hettinger County",5,2,23,13,10
050,38,041,"North Dakota","Hettinger County",5,3,31,15,16
050,38,041,"North Dakota","Hettinger County",5,4,34,15,19
050,38,041,"North Dakota","Hettinger County",5,5,45,19,26
050,38,041,"North Dakota","Hettinger County",5,6,36,16,20
050,38,041,"North Dakota","Hettinger County",5,7,39,19,20
050,38,041,"North Dakota","Hettinger County",5,8,31,16,15
050,38,041,"North Dakota","Hettinger County",5,9,28,14,14
050,38,041,"North Dakota","Hettinger County",5,10,34,18,16
050,38,041,"North Dakota","Hettinger County",5,11,29,17,12
050,38,041,"North Dakota","Hettinger County",5,12,38,18,20
050,38,041,"North Dakota","Hettinger County",5,13,36,17,19
050,38,041,"North Dakota","Hettinger County",5,14,33,16,17
050,38,041,"North Dakota","Hettinger County",5,15,33,15,18
050,38,041,"North Dakota","Hettinger County",5,16,39,22,17
050,38,041,"North Dakota","Hettinger County",5,17,31,14,17
050,38,041,"North Dakota","Hettinger County",5,18,22,13,9
050,38,041,"North Dakota","Hettinger County",5,19,25,13,12
050,38,041,"North Dakota","Hettinger County",5,20,19,10,9
050,38,041,"North Dakota","Hettinger County",5,21,18,8,10
050,38,041,"North Dakota","Hettinger County",5,22,24,10,14
050,38,041,"North Dakota","Hettinger County",5,23,27,14,13
050,38,041,"North Dakota","Hettinger County",5,24,26,11,15
050,38,041,"North Dakota","Hettinger County",5,25,29,11,18
050,38,041,"North Dakota","Hettinger County",5,26,18,7,11
050,38,041,"North Dakota","Hettinger County",5,27,23,14,9
050,38,041,"North Dakota","Hettinger County",5,28,22,9,13
050,38,041,"North Dakota","Hettinger County",5,29,22,9,13
050,38,041,"North Dakota","Hettinger County",5,30,24,10,14
050,38,041,"North Dakota","Hettinger County",5,31,26,15,11
050,38,041,"North Dakota","Hettinger County",5,32,31,17,14
050,38,041,"North Dakota","Hettinger County",5,33,27,15,12
050,38,041,"North Dakota","Hettinger County",5,34,30,15,15
050,38,041,"North Dakota","Hettinger County",5,35,31,13,18
050,38,041,"North Dakota","Hettinger County",5,36,26,11,15
050,38,041,"North Dakota","Hettinger County",5,37,31,18,13
050,38,041,"North Dakota","Hettinger County",5,38,29,16,13
050,38,041,"North Dakota","Hettinger County",5,39,25,13,12
050,38,041,"North Dakota","Hettinger County",5,40,31,15,16
050,38,041,"North Dakota","Hettinger County",5,41,31,16,15
050,38,041,"North Dakota","Hettinger County",5,42,25,13,12
050,38,041,"North Dakota","Hettinger County",5,43,23,8,15
050,38,041,"North Dakota","Hettinger County",5,44,22,10,12
050,38,041,"North Dakota","Hettinger County",5,45,24,14,10
050,38,041,"North Dakota","Hettinger County",5,46,26,12,14
050,38,041,"North Dakota","Hettinger County",5,47,20,10,10
050,38,041,"North Dakota","Hettinger County",5,48,22,7,15
050,38,041,"North Dakota","Hettinger County",5,49,27,11,16
050,38,041,"North Dakota","Hettinger County",5,50,26,15,11
050,38,041,"North Dakota","Hettinger County",5,51,20,11,9
050,38,041,"North Dakota","Hettinger County",5,52,23,15,8
050,38,041,"North Dakota","Hettinger County",5,53,22,13,9
050,38,041,"North Dakota","Hettinger County",5,54,26,12,14
050,38,041,"North Dakota","Hettinger County",5,55,30,11,19
050,38,041,"North Dakota","Hettinger County",5,56,25,12,13
050,38,041,"North Dakota","Hettinger County",5,57,31,12,19
050,38,041,"North Dakota","Hettinger County",5,58,37,20,17
050,38,041,"North Dakota","Hettinger County",5,59,34,18,16
050,38,041,"North Dakota","Hettinger County",5,60,28,12,16
050,38,041,"North Dakota","Hettinger County",5,61,36,17,19
050,38,041,"North Dakota","Hettinger County",5,62,39,23,16
050,38,041,"North Dakota","Hettinger County",5,63,39,19,20
050,38,041,"North Dakota","Hettinger County",5,64,36,22,14
050,38,041,"North Dakota","Hettinger County",5,65,34,19,15
050,38,041,"North Dakota","Hettinger County",5,66,41,23,18
050,38,041,"North Dakota","Hettinger County",5,67,27,16,11
050,38,041,"North Dakota","Hettinger County",5,68,32,17,15
050,38,041,"North Dakota","Hettinger County",5,69,35,19,16
050,38,041,"North Dakota","Hettinger County",5,70,23,13,10
050,38,041,"North Dakota","Hettinger County",5,71,28,18,10
050,38,041,"North Dakota","Hettinger County",5,72,26,16,10
050,38,041,"North Dakota","Hettinger County",5,73,27,13,14
050,38,041,"North Dakota","Hettinger County",5,74,31,17,14
050,38,041,"North Dakota","Hettinger County",5,75,31,19,12
050,38,041,"North Dakota","Hettinger County",5,76,24,9,15
050,38,041,"North Dakota","Hettinger County",5,77,16,9,7
050,38,041,"North Dakota","Hettinger County",5,78,11,4,7
050,38,041,"North Dakota","Hettinger County",5,79,17,8,9
050,38,041,"North Dakota","Hettinger County",5,80,20,8,12
050,38,041,"North Dakota","Hettinger County",5,81,23,14,9
050,38,041,"North Dakota","Hettinger County",5,82,16,10,6
050,38,041,"North Dakota","Hettinger County",5,83,14,7,7
050,38,041,"North Dakota","Hettinger County",5,84,10,4,6
050,38,041,"North Dakota","Hettinger County",5,85,81,47,34
050,38,043,"North Dakota","Kidder County",1,0,25,14,11
050,38,043,"North Dakota","Kidder County",1,1,32,18,14
050,38,043,"North Dakota","Kidder County",1,2,31,14,17
050,38,043,"North Dakota","Kidder County",1,3,30,15,15
050,38,043,"North Dakota","Kidder County",1,4,26,16,10
050,38,043,"North Dakota","Kidder County",1,5,33,15,18
050,38,043,"North Dakota","Kidder County",1,6,36,14,22
050,38,043,"North Dakota","Kidder County",1,7,25,12,13
050,38,043,"North Dakota","Kidder County",1,8,28,16,12
050,38,043,"North Dakota","Kidder County",1,9,33,18,15
050,38,043,"North Dakota","Kidder County",1,10,25,15,10
050,38,043,"North Dakota","Kidder County",1,11,31,13,18
050,38,043,"North Dakota","Kidder County",1,12,28,16,12
050,38,043,"North Dakota","Kidder County",1,13,24,13,11
050,38,043,"North Dakota","Kidder County",1,14,25,11,14
050,38,043,"North Dakota","Kidder County",1,15,26,13,13
050,38,043,"North Dakota","Kidder County",1,16,26,13,13
050,38,043,"North Dakota","Kidder County",1,17,27,15,12
050,38,043,"North Dakota","Kidder County",1,18,17,11,6
050,38,043,"North Dakota","Kidder County",1,19,16,9,7
050,38,043,"North Dakota","Kidder County",1,20,19,12,7
050,38,043,"North Dakota","Kidder County",1,21,17,8,9
050,38,043,"North Dakota","Kidder County",1,22,19,7,12
050,38,043,"North Dakota","Kidder County",1,23,26,14,12
050,38,043,"North Dakota","Kidder County",1,24,15,9,6
050,38,043,"North Dakota","Kidder County",1,25,24,11,13
050,38,043,"North Dakota","Kidder County",1,26,19,13,6
050,38,043,"North Dakota","Kidder County",1,27,22,14,8
050,38,043,"North Dakota","Kidder County",1,28,19,12,7
050,38,043,"North Dakota","Kidder County",1,29,22,12,10
050,38,043,"North Dakota","Kidder County",1,30,19,8,11
050,38,043,"North Dakota","Kidder County",1,31,26,15,11
050,38,043,"North Dakota","Kidder County",1,32,32,20,12
050,38,043,"North Dakota","Kidder County",1,33,27,17,10
050,38,043,"North Dakota","Kidder County",1,34,23,14,9
050,38,043,"North Dakota","Kidder County",1,35,25,15,10
050,38,043,"North Dakota","Kidder County",1,36,33,16,17
050,38,043,"North Dakota","Kidder County",1,37,27,15,12
050,38,043,"North Dakota","Kidder County",1,38,21,13,8
050,38,043,"North Dakota","Kidder County",1,39,28,16,12
050,38,043,"North Dakota","Kidder County",1,40,31,15,16
050,38,043,"North Dakota","Kidder County",1,41,23,10,13
050,38,043,"North Dakota","Kidder County",1,42,22,14,8
050,38,043,"North Dakota","Kidder County",1,43,22,10,12
050,38,043,"North Dakota","Kidder County",1,44,26,10,16
050,38,043,"North Dakota","Kidder County",1,45,21,12,9
050,38,043,"North Dakota","Kidder County",1,46,23,13,10
050,38,043,"North Dakota","Kidder County",1,47,28,14,14
050,38,043,"North Dakota","Kidder County",1,48,28,15,13
050,38,043,"North Dakota","Kidder County",1,49,26,13,13
050,38,043,"North Dakota","Kidder County",1,50,24,13,11
050,38,043,"North Dakota","Kidder County",1,51,23,12,11
050,38,043,"North Dakota","Kidder County",1,52,32,18,14
050,38,043,"North Dakota","Kidder County",1,53,22,11,11
050,38,043,"North Dakota","Kidder County",1,54,28,17,11
050,38,043,"North Dakota","Kidder County",1,55,23,12,11
050,38,043,"North Dakota","Kidder County",1,56,31,14,17
050,38,043,"North Dakota","Kidder County",1,57,32,17,15
050,38,043,"North Dakota","Kidder County",1,58,33,18,15
050,38,043,"North Dakota","Kidder County",1,59,36,17,19
050,38,043,"North Dakota","Kidder County",1,60,37,20,17
050,38,043,"North Dakota","Kidder County",1,61,46,27,19
050,38,043,"North Dakota","Kidder County",1,62,37,20,17
050,38,043,"North Dakota","Kidder County",1,63,39,18,21
050,38,043,"North Dakota","Kidder County",1,64,52,28,24
050,38,043,"North Dakota","Kidder County",1,65,56,32,24
050,38,043,"North Dakota","Kidder County",1,66,48,24,24
050,38,043,"North Dakota","Kidder County",1,67,40,19,21
050,38,043,"North Dakota","Kidder County",1,68,40,20,20
050,38,043,"North Dakota","Kidder County",1,69,35,21,14
050,38,043,"North Dakota","Kidder County",1,70,28,16,12
050,38,043,"North Dakota","Kidder County",1,71,26,15,11
050,38,043,"North Dakota","Kidder County",1,72,30,19,11
050,38,043,"North Dakota","Kidder County",1,73,30,15,15
050,38,043,"North Dakota","Kidder County",1,74,20,9,11
050,38,043,"North Dakota","Kidder County",1,75,22,13,9
050,38,043,"North Dakota","Kidder County",1,76,27,17,10
050,38,043,"North Dakota","Kidder County",1,77,26,15,11
050,38,043,"North Dakota","Kidder County",1,78,19,8,11
050,38,043,"North Dakota","Kidder County",1,79,22,12,10
050,38,043,"North Dakota","Kidder County",1,80,17,10,7
050,38,043,"North Dakota","Kidder County",1,81,20,8,12
050,38,043,"North Dakota","Kidder County",1,82,16,6,10
050,38,043,"North Dakota","Kidder County",1,83,17,9,8
050,38,043,"North Dakota","Kidder County",1,84,20,11,9
050,38,043,"North Dakota","Kidder County",1,85,78,29,49
050,38,043,"North Dakota","Kidder County",2,0,26,16,10
050,38,043,"North Dakota","Kidder County",2,1,30,17,13
050,38,043,"North Dakota","Kidder County",2,2,32,15,17
050,38,043,"North Dakota","Kidder County",2,3,31,15,16
050,38,043,"North Dakota","Kidder County",2,4,26,15,11
050,38,043,"North Dakota","Kidder County",2,5,31,15,16
050,38,043,"North Dakota","Kidder County",2,6,36,15,21
050,38,043,"North Dakota","Kidder County",2,7,27,12,15
050,38,043,"North Dakota","Kidder County",2,8,27,15,12
050,38,043,"North Dakota","Kidder County",2,9,32,18,14
050,38,043,"North Dakota","Kidder County",2,10,27,15,12
050,38,043,"North Dakota","Kidder County",2,11,29,13,16
050,38,043,"North Dakota","Kidder County",2,12,29,16,13
050,38,043,"North Dakota","Kidder County",2,13,24,13,11
050,38,043,"North Dakota","Kidder County",2,14,25,11,14
050,38,043,"North Dakota","Kidder County",2,15,25,12,13
050,38,043,"North Dakota","Kidder County",2,16,25,12,13
050,38,043,"North Dakota","Kidder County",2,17,26,14,12
050,38,043,"North Dakota","Kidder County",2,18,18,11,7
050,38,043,"North Dakota","Kidder County",2,19,15,9,6
050,38,043,"North Dakota","Kidder County",2,20,19,12,7
050,38,043,"North Dakota","Kidder County",2,21,18,9,9
050,38,043,"North Dakota","Kidder County",2,22,20,8,12
050,38,043,"North Dakota","Kidder County",2,23,22,11,11
050,38,043,"North Dakota","Kidder County",2,24,19,11,8
050,38,043,"North Dakota","Kidder County",2,25,23,11,12
050,38,043,"North Dakota","Kidder County",2,26,21,13,8
050,38,043,"North Dakota","Kidder County",2,27,21,14,7
050,38,043,"North Dakota","Kidder County",2,28,21,13,8
050,38,043,"North Dakota","Kidder County",2,29,21,12,9
050,38,043,"North Dakota","Kidder County",2,30,19,9,10
050,38,043,"North Dakota","Kidder County",2,31,24,13,11
050,38,043,"North Dakota","Kidder County",2,32,29,18,11
050,38,043,"North Dakota","Kidder County",2,33,28,17,11
050,38,043,"North Dakota","Kidder County",2,34,24,15,9
050,38,043,"North Dakota","Kidder County",2,35,25,15,10
050,38,043,"North Dakota","Kidder County",2,36,31,15,16
050,38,043,"North Dakota","Kidder County",2,37,28,15,13
050,38,043,"North Dakota","Kidder County",2,38,23,14,9
050,38,043,"North Dakota","Kidder County",2,39,26,15,11
050,38,043,"North Dakota","Kidder County",2,40,30,15,15
050,38,043,"North Dakota","Kidder County",2,41,26,11,15
050,38,043,"North Dakota","Kidder County",2,42,22,13,9
050,38,043,"North Dakota","Kidder County",2,43,22,11,11
050,38,043,"North Dakota","Kidder County",2,44,25,10,15
050,38,043,"North Dakota","Kidder County",2,45,22,11,11
050,38,043,"North Dakota","Kidder County",2,46,23,13,10
050,38,043,"North Dakota","Kidder County",2,47,26,14,12
050,38,043,"North Dakota","Kidder County",2,48,28,15,13
050,38,043,"North Dakota","Kidder County",2,49,26,13,13
050,38,043,"North Dakota","Kidder County",2,50,24,13,11
050,38,043,"North Dakota","Kidder County",2,51,23,12,11
050,38,043,"North Dakota","Kidder County",2,52,30,17,13
050,38,043,"North Dakota","Kidder County",2,53,24,13,11
050,38,043,"North Dakota","Kidder County",2,54,27,16,11
050,38,043,"North Dakota","Kidder County",2,55,24,13,11
050,38,043,"North Dakota","Kidder County",2,56,29,13,16
050,38,043,"North Dakota","Kidder County",2,57,31,16,15
050,38,043,"North Dakota","Kidder County",2,58,33,18,15
050,38,043,"North Dakota","Kidder County",2,59,36,17,19
050,38,043,"North Dakota","Kidder County",2,60,37,20,17
050,38,043,"North Dakota","Kidder County",2,61,43,25,18
050,38,043,"North Dakota","Kidder County",2,62,39,22,17
050,38,043,"North Dakota","Kidder County",2,63,38,18,20
050,38,043,"North Dakota","Kidder County",2,64,49,26,23
050,38,043,"North Dakota","Kidder County",2,65,56,31,25
050,38,043,"North Dakota","Kidder County",2,66,51,27,24
050,38,043,"North Dakota","Kidder County",2,67,40,19,21
050,38,043,"North Dakota","Kidder County",2,68,40,20,20
050,38,043,"North Dakota","Kidder County",2,69,37,21,16
050,38,043,"North Dakota","Kidder County",2,70,30,18,12
050,38,043,"North Dakota","Kidder County",2,71,26,15,11
050,38,043,"North Dakota","Kidder County",2,72,28,18,10
050,38,043,"North Dakota","Kidder County",2,73,31,17,14
050,38,043,"North Dakota","Kidder County",2,74,21,10,11
050,38,043,"North Dakota","Kidder County",2,75,22,12,10
050,38,043,"North Dakota","Kidder County",2,76,26,16,10
050,38,043,"North Dakota","Kidder County",2,77,27,16,11
050,38,043,"North Dakota","Kidder County",2,78,20,9,11
050,38,043,"North Dakota","Kidder County",2,79,21,11,10
050,38,043,"North Dakota","Kidder County",2,80,19,11,8
050,38,043,"North Dakota","Kidder County",2,81,17,8,9
050,38,043,"North Dakota","Kidder County",2,82,17,7,10
050,38,043,"North Dakota","Kidder County",2,83,15,7,8
050,38,043,"North Dakota","Kidder County",2,84,18,10,8
050,38,043,"North Dakota","Kidder County",2,85,80,31,49
050,38,043,"North Dakota","Kidder County",3,0,26,16,10
050,38,043,"North Dakota","Kidder County",3,1,27,18,9
050,38,043,"North Dakota","Kidder County",3,2,28,17,11
050,38,043,"North Dakota","Kidder County",3,3,32,15,17
050,38,043,"North Dakota","Kidder County",3,4,31,15,16
050,38,043,"North Dakota","Kidder County",3,5,23,14,9
050,38,043,"North Dakota","Kidder County",3,6,31,13,18
050,38,043,"North Dakota","Kidder County",3,7,32,12,20
050,38,043,"North Dakota","Kidder County",3,8,27,12,15
050,38,043,"North Dakota","Kidder County",3,9,27,15,12
050,38,043,"North Dakota","Kidder County",3,10,33,18,15
050,38,043,"North Dakota","Kidder County",3,11,27,15,12
050,38,043,"North Dakota","Kidder County",3,12,28,13,15
050,38,043,"North Dakota","Kidder County",3,13,28,14,14
050,38,043,"North Dakota","Kidder County",3,14,26,15,11
050,38,043,"North Dakota","Kidder County",3,15,25,10,15
050,38,043,"North Dakota","Kidder County",3,16,24,12,12
050,38,043,"North Dakota","Kidder County",3,17,26,13,13
050,38,043,"North Dakota","Kidder County",3,18,25,13,12
050,38,043,"North Dakota","Kidder County",3,19,14,10,4
050,38,043,"North Dakota","Kidder County",3,20,17,9,8
050,38,043,"North Dakota","Kidder County",3,21,19,13,6
050,38,043,"North Dakota","Kidder County",3,22,21,10,11
050,38,043,"North Dakota","Kidder County",3,23,20,8,12
050,38,043,"North Dakota","Kidder County",3,24,21,11,10
050,38,043,"North Dakota","Kidder County",3,25,24,11,13
050,38,043,"North Dakota","Kidder County",3,26,21,8,13
050,38,043,"North Dakota","Kidder County",3,27,19,11,8
050,38,043,"North Dakota","Kidder County",3,28,26,16,10
050,38,043,"North Dakota","Kidder County",3,29,22,14,8
050,38,043,"North Dakota","Kidder County",3,30,22,14,8
050,38,043,"North Dakota","Kidder County",3,31,17,7,10
050,38,043,"North Dakota","Kidder County",3,32,20,10,10
050,38,043,"North Dakota","Kidder County",3,33,26,18,8
050,38,043,"North Dakota","Kidder County",3,34,29,17,12
050,38,043,"North Dakota","Kidder County",3,35,19,11,8
050,38,043,"North Dakota","Kidder County",3,36,27,16,11
050,38,043,"North Dakota","Kidder County",3,37,31,15,16
050,38,043,"North Dakota","Kidder County",3,38,29,15,14
050,38,043,"North Dakota","Kidder County",3,39,23,14,9
050,38,043,"North Dakota","Kidder County",3,40,27,16,11
050,38,043,"North Dakota","Kidder County",3,41,30,15,15
050,38,043,"North Dakota","Kidder County",3,42,24,10,14
050,38,043,"North Dakota","Kidder County",3,43,23,12,11
050,38,043,"North Dakota","Kidder County",3,44,20,9,11
050,38,043,"North Dakota","Kidder County",3,45,27,11,16
050,38,043,"North Dakota","Kidder County",3,46,22,13,9
050,38,043,"North Dakota","Kidder County",3,47,24,14,10
050,38,043,"North Dakota","Kidder County",3,48,25,11,14
050,38,043,"North Dakota","Kidder County",3,49,27,14,13
050,38,043,"North Dakota","Kidder County",3,50,26,13,13
050,38,043,"North Dakota","Kidder County",3,51,26,15,11
050,38,043,"North Dakota","Kidder County",3,52,23,12,11
050,38,043,"North Dakota","Kidder County",3,53,29,16,13
050,38,043,"North Dakota","Kidder County",3,54,25,13,12
050,38,043,"North Dakota","Kidder County",3,55,28,17,11
050,38,043,"North Dakota","Kidder County",3,56,24,13,11
050,38,043,"North Dakota","Kidder County",3,57,30,14,16
050,38,043,"North Dakota","Kidder County",3,58,31,16,15
050,38,043,"North Dakota","Kidder County",3,59,33,19,14
050,38,043,"North Dakota","Kidder County",3,60,36,17,19
050,38,043,"North Dakota","Kidder County",3,61,36,19,17
050,38,043,"North Dakota","Kidder County",3,62,41,22,19
050,38,043,"North Dakota","Kidder County",3,63,33,19,14
050,38,043,"North Dakota","Kidder County",3,64,38,18,20
050,38,043,"North Dakota","Kidder County",3,65,50,26,24
050,38,043,"North Dakota","Kidder County",3,66,54,30,24
050,38,043,"North Dakota","Kidder County",3,67,50,26,24
050,38,043,"North Dakota","Kidder County",3,68,36,15,21
050,38,043,"North Dakota","Kidder County",3,69,38,18,20
050,38,043,"North Dakota","Kidder County",3,70,36,20,16
050,38,043,"North Dakota","Kidder County",3,71,27,15,12
050,38,043,"North Dakota","Kidder County",3,72,24,13,11
050,38,043,"North Dakota","Kidder County",3,73,27,18,9
050,38,043,"North Dakota","Kidder County",3,74,30,17,13
050,38,043,"North Dakota","Kidder County",3,75,18,9,9
050,38,043,"North Dakota","Kidder County",3,76,20,11,9
050,38,043,"North Dakota","Kidder County",3,77,27,17,10
050,38,043,"North Dakota","Kidder County",3,78,25,15,10
050,38,043,"North Dakota","Kidder County",3,79,20,9,11
050,38,043,"North Dakota","Kidder County",3,80,19,10,9
050,38,043,"North Dakota","Kidder County",3,81,19,11,8
050,38,043,"North Dakota","Kidder County",3,82,15,7,8
050,38,043,"North Dakota","Kidder County",3,83,17,7,10
050,38,043,"North Dakota","Kidder County",3,84,14,6,8
050,38,043,"North Dakota","Kidder County",3,85,87,36,51
050,38,043,"North Dakota","Kidder County",4,0,20,14,6
050,38,043,"North Dakota","Kidder County",4,1,32,18,14
050,38,043,"North Dakota","Kidder County",4,2,27,19,8
050,38,043,"North Dakota","Kidder County",4,3,28,19,9
050,38,043,"North Dakota","Kidder County",4,4,31,15,16
050,38,043,"North Dakota","Kidder County",4,5,32,14,18
050,38,043,"North Dakota","Kidder County",4,6,27,17,10
050,38,043,"North Dakota","Kidder County",4,7,36,15,21
050,38,043,"North Dakota","Kidder County",4,8,36,15,21
050,38,043,"North Dakota","Kidder County",4,9,28,12,16
050,38,043,"North Dakota","Kidder County",4,10,29,16,13
050,38,043,"North Dakota","Kidder County",4,11,33,19,14
050,38,043,"North Dakota","Kidder County",4,12,31,16,15
050,38,043,"North Dakota","Kidder County",4,13,26,11,15
050,38,043,"North Dakota","Kidder County",4,14,29,15,14
050,38,043,"North Dakota","Kidder County",4,15,28,14,14
050,38,043,"North Dakota","Kidder County",4,16,24,10,14
050,38,043,"North Dakota","Kidder County",4,17,28,15,13
050,38,043,"North Dakota","Kidder County",4,18,20,9,11
050,38,043,"North Dakota","Kidder County",4,19,17,9,8
050,38,043,"North Dakota","Kidder County",4,20,15,10,5
050,38,043,"North Dakota","Kidder County",4,21,19,10,9
050,38,043,"North Dakota","Kidder County",4,22,19,14,5
050,38,043,"North Dakota","Kidder County",4,23,24,12,12
050,38,043,"North Dakota","Kidder County",4,24,19,7,12
050,38,043,"North Dakota","Kidder County",4,25,22,10,12
050,38,043,"North Dakota","Kidder County",4,26,21,12,9
050,38,043,"North Dakota","Kidder County",4,27,22,9,13
050,38,043,"North Dakota","Kidder County",4,28,20,13,7
050,38,043,"North Dakota","Kidder County",4,29,26,16,10
050,38,043,"North Dakota","Kidder County",4,30,24,15,9
050,38,043,"North Dakota","Kidder County",4,31,18,11,7
050,38,043,"North Dakota","Kidder County",4,32,18,8,10
050,38,043,"North Dakota","Kidder County",4,33,23,11,12
050,38,043,"North Dakota","Kidder County",4,34,29,19,10
050,38,043,"North Dakota","Kidder County",4,35,31,18,13
050,38,043,"North Dakota","Kidder County",4,36,18,9,9
050,38,043,"North Dakota","Kidder County",4,37,27,16,11
050,38,043,"North Dakota","Kidder County",4,38,34,18,16
050,38,043,"North Dakota","Kidder County",4,39,33,15,18
050,38,043,"North Dakota","Kidder County",4,40,25,16,9
050,38,043,"North Dakota","Kidder County",4,41,27,16,11
050,38,043,"North Dakota","Kidder County",4,42,34,16,18
050,38,043,"North Dakota","Kidder County",4,43,26,9,17
050,38,043,"North Dakota","Kidder County",4,44,24,13,11
050,38,043,"North Dakota","Kidder County",4,45,22,11,11
050,38,043,"North Dakota","Kidder County",4,46,29,10,19
050,38,043,"North Dakota","Kidder County",4,47,24,14,10
050,38,043,"North Dakota","Kidder County",4,48,25,14,11
050,38,043,"North Dakota","Kidder County",4,49,25,11,14
050,38,043,"North Dakota","Kidder County",4,50,27,14,13
050,38,043,"North Dakota","Kidder County",4,51,24,12,12
050,38,043,"North Dakota","Kidder County",4,52,25,14,11
050,38,043,"North Dakota","Kidder County",4,53,24,12,12
050,38,043,"North Dakota","Kidder County",4,54,32,20,12
050,38,043,"North Dakota","Kidder County",4,55,25,13,12
050,38,043,"North Dakota","Kidder County",4,56,28,17,11
050,38,043,"North Dakota","Kidder County",4,57,24,13,11
050,38,043,"North Dakota","Kidder County",4,58,29,13,16
050,38,043,"North Dakota","Kidder County",4,59,30,16,14
050,38,043,"North Dakota","Kidder County",4,60,33,19,14
050,38,043,"North Dakota","Kidder County",4,61,32,16,16
050,38,043,"North Dakota","Kidder County",4,62,34,19,15
050,38,043,"North Dakota","Kidder County",4,63,41,22,19
050,38,043,"North Dakota","Kidder County",4,64,34,19,15
050,38,043,"North Dakota","Kidder County",4,65,38,18,20
050,38,043,"North Dakota","Kidder County",4,66,51,27,24
050,38,043,"North Dakota","Kidder County",4,67,55,31,24
050,38,043,"North Dakota","Kidder County",4,68,50,26,24
050,38,043,"North Dakota","Kidder County",4,69,35,14,21
050,38,043,"North Dakota","Kidder County",4,70,36,16,20
050,38,043,"North Dakota","Kidder County",4,71,34,19,15
050,38,043,"North Dakota","Kidder County",4,72,25,14,11
050,38,043,"North Dakota","Kidder County",4,73,20,12,8
050,38,043,"North Dakota","Kidder County",4,74,24,15,9
050,38,043,"North Dakota","Kidder County",4,75,29,17,12
050,38,043,"North Dakota","Kidder County",4,76,18,9,9
050,38,043,"North Dakota","Kidder County",4,77,21,12,9
050,38,043,"North Dakota","Kidder County",4,78,25,16,9
050,38,043,"North Dakota","Kidder County",4,79,23,15,8
050,38,043,"North Dakota","Kidder County",4,80,18,8,10
050,38,043,"North Dakota","Kidder County",4,81,18,10,8
050,38,043,"North Dakota","Kidder County",4,82,16,9,7
050,38,043,"North Dakota","Kidder County",4,83,15,7,8
050,38,043,"North Dakota","Kidder County",4,84,15,5,10
050,38,043,"North Dakota","Kidder County",4,85,88,36,52
050,38,043,"North Dakota","Kidder County",5,0,20,14,6
050,38,043,"North Dakota","Kidder County",5,1,20,12,8
050,38,043,"North Dakota","Kidder County",5,2,32,22,10
050,38,043,"North Dakota","Kidder County",5,3,26,18,8
050,38,043,"North Dakota","Kidder County",5,4,23,16,7
050,38,043,"North Dakota","Kidder County",5,5,34,15,19
050,38,043,"North Dakota","Kidder County",5,6,31,15,16
050,38,043,"North Dakota","Kidder County",5,7,29,19,10
050,38,043,"North Dakota","Kidder County",5,8,32,13,19
050,38,043,"North Dakota","Kidder County",5,9,34,13,21
050,38,043,"North Dakota","Kidder County",5,10,26,12,14
050,38,043,"North Dakota","Kidder County",5,11,29,16,13
050,38,043,"North Dakota","Kidder County",5,12,35,19,16
050,38,043,"North Dakota","Kidder County",5,13,30,15,15
050,38,043,"North Dakota","Kidder County",5,14,28,13,15
050,38,043,"North Dakota","Kidder County",5,15,29,14,15
050,38,043,"North Dakota","Kidder County",5,16,26,14,12
050,38,043,"North Dakota","Kidder County",5,17,25,11,14
050,38,043,"North Dakota","Kidder County",5,18,23,12,11
050,38,043,"North Dakota","Kidder County",5,19,16,7,9
050,38,043,"North Dakota","Kidder County",5,20,20,12,8
050,38,043,"North Dakota","Kidder County",5,21,13,9,4
050,38,043,"North Dakota","Kidder County",5,22,19,10,9
050,38,043,"North Dakota","Kidder County",5,23,18,11,7
050,38,043,"North Dakota","Kidder County",5,24,21,12,9
050,38,043,"North Dakota","Kidder County",5,25,19,8,11
050,38,043,"North Dakota","Kidder County",5,26,19,10,9
050,38,043,"North Dakota","Kidder County",5,27,22,12,10
050,38,043,"North Dakota","Kidder County",5,28,24,11,13
050,38,043,"North Dakota","Kidder County",5,29,20,13,7
050,38,043,"North Dakota","Kidder County",5,30,27,16,11
050,38,043,"North Dakota","Kidder County",5,31,23,14,9
050,38,043,"North Dakota","Kidder County",5,32,17,11,6
050,38,043,"North Dakota","Kidder County",5,33,18,9,9
050,38,043,"North Dakota","Kidder County",5,34,22,9,13
050,38,043,"North Dakota","Kidder County",5,35,26,16,10
050,38,043,"North Dakota","Kidder County",5,36,36,22,14
050,38,043,"North Dakota","Kidder County",5,37,18,9,9
050,38,043,"North Dakota","Kidder County",5,38,27,16,11
050,38,043,"North Dakota","Kidder County",5,39,32,17,15
050,38,043,"North Dakota","Kidder County",5,40,33,16,17
050,38,043,"North Dakota","Kidder County",5,41,23,14,9
050,38,043,"North Dakota","Kidder County",5,42,28,17,11
050,38,043,"North Dakota","Kidder County",5,43,31,16,15
050,38,043,"North Dakota","Kidder County",5,44,26,9,17
050,38,043,"North Dakota","Kidder County",5,45,23,12,11
050,38,043,"North Dakota","Kidder County",5,46,19,9,10
050,38,043,"North Dakota","Kidder County",5,47,32,10,22
050,38,043,"North Dakota","Kidder County",5,48,20,12,8
050,38,043,"North Dakota","Kidder County",5,49,24,13,11
050,38,043,"North Dakota","Kidder County",5,50,24,11,13
050,38,043,"North Dakota","Kidder County",5,51,27,14,13
050,38,043,"North Dakota","Kidder County",5,52,25,12,13
050,38,043,"North Dakota","Kidder County",5,53,28,17,11
050,38,043,"North Dakota","Kidder County",5,54,22,12,10
050,38,043,"North Dakota","Kidder County",5,55,32,19,13
050,38,043,"North Dakota","Kidder County",5,56,26,14,12
050,38,043,"North Dakota","Kidder County",5,57,28,17,11
050,38,043,"North Dakota","Kidder County",5,58,23,12,11
050,38,043,"North Dakota","Kidder County",5,59,29,13,16
050,38,043,"North Dakota","Kidder County",5,60,30,17,13
050,38,043,"North Dakota","Kidder County",5,61,32,18,14
050,38,043,"North Dakota","Kidder County",5,62,32,16,16
050,38,043,"North Dakota","Kidder County",5,63,34,19,15
050,38,043,"North Dakota","Kidder County",5,64,41,22,19
050,38,043,"North Dakota","Kidder County",5,65,33,18,15
050,38,043,"North Dakota","Kidder County",5,66,39,18,21
050,38,043,"North Dakota","Kidder County",5,67,51,25,26
050,38,043,"North Dakota","Kidder County",5,68,54,30,24
050,38,043,"North Dakota","Kidder County",5,69,49,25,24
050,38,043,"North Dakota","Kidder County",5,70,34,13,21
050,38,043,"North Dakota","Kidder County",5,71,36,15,21
050,38,043,"North Dakota","Kidder County",5,72,31,18,13
050,38,043,"North Dakota","Kidder County",5,73,24,12,12
050,38,043,"North Dakota","Kidder County",5,74,19,11,8
050,38,043,"North Dakota","Kidder County",5,75,22,15,7
050,38,043,"North Dakota","Kidder County",5,76,29,17,12
050,38,043,"North Dakota","Kidder County",5,77,18,9,9
050,38,043,"North Dakota","Kidder County",5,78,20,12,8
050,38,043,"North Dakota","Kidder County",5,79,23,15,8
050,38,043,"North Dakota","Kidder County",5,80,21,13,8
050,38,043,"North Dakota","Kidder County",5,81,17,7,10
050,38,043,"North Dakota","Kidder County",5,82,15,8,7
050,38,043,"North Dakota","Kidder County",5,83,16,9,7
050,38,043,"North Dakota","Kidder County",5,84,13,5,8
050,38,043,"North Dakota","Kidder County",5,85,97,40,57
050,38,045,"North Dakota","LaMoure County",1,0,49,25,24
050,38,045,"North Dakota","LaMoure County",1,1,49,25,24
050,38,045,"North Dakota","LaMoure County",1,2,49,23,26
050,38,045,"North Dakota","LaMoure County",1,3,43,18,25
050,38,045,"North Dakota","LaMoure County",1,4,41,22,19
050,38,045,"North Dakota","LaMoure County",1,5,46,23,23
050,38,045,"North Dakota","LaMoure County",1,6,42,24,18
050,38,045,"North Dakota","LaMoure County",1,7,42,25,17
050,38,045,"North Dakota","LaMoure County",1,8,41,24,17
050,38,045,"North Dakota","LaMoure County",1,9,38,20,18
050,38,045,"North Dakota","LaMoure County",1,10,46,27,19
050,38,045,"North Dakota","LaMoure County",1,11,54,27,27
050,38,045,"North Dakota","LaMoure County",1,12,51,25,26
050,38,045,"North Dakota","LaMoure County",1,13,60,31,29
050,38,045,"North Dakota","LaMoure County",1,14,51,30,21
050,38,045,"North Dakota","LaMoure County",1,15,46,25,21
050,38,045,"North Dakota","LaMoure County",1,16,54,28,26
050,38,045,"North Dakota","LaMoure County",1,17,61,35,26
050,38,045,"North Dakota","LaMoure County",1,18,50,29,21
050,38,045,"North Dakota","LaMoure County",1,19,40,24,16
050,38,045,"North Dakota","LaMoure County",1,20,37,17,20
050,38,045,"North Dakota","LaMoure County",1,21,35,19,16
050,38,045,"North Dakota","LaMoure County",1,22,42,28,14
050,38,045,"North Dakota","LaMoure County",1,23,42,22,20
050,38,045,"North Dakota","LaMoure County",1,24,32,17,15
050,38,045,"North Dakota","LaMoure County",1,25,37,23,14
050,38,045,"North Dakota","LaMoure County",1,26,37,23,14
050,38,045,"North Dakota","LaMoure County",1,27,38,17,21
050,38,045,"North Dakota","LaMoure County",1,28,41,17,24
050,38,045,"North Dakota","LaMoure County",1,29,38,16,22
050,38,045,"North Dakota","LaMoure County",1,30,36,18,18
050,38,045,"North Dakota","LaMoure County",1,31,37,22,15
050,38,045,"North Dakota","LaMoure County",1,32,38,22,16
050,38,045,"North Dakota","LaMoure County",1,33,35,20,15
050,38,045,"North Dakota","LaMoure County",1,34,36,19,17
050,38,045,"North Dakota","LaMoure County",1,35,34,14,20
050,38,045,"North Dakota","LaMoure County",1,36,42,16,26
050,38,045,"North Dakota","LaMoure County",1,37,41,18,23
050,38,045,"North Dakota","LaMoure County",1,38,41,23,18
050,38,045,"North Dakota","LaMoure County",1,39,44,26,18
050,38,045,"North Dakota","LaMoure County",1,40,42,22,20
050,38,045,"North Dakota","LaMoure County",1,41,43,23,20
050,38,045,"North Dakota","LaMoure County",1,42,42,25,17
050,38,045,"North Dakota","LaMoure County",1,43,35,22,13
050,38,045,"North Dakota","LaMoure County",1,44,39,21,18
050,38,045,"North Dakota","LaMoure County",1,45,37,21,16
050,38,045,"North Dakota","LaMoure County",1,46,45,21,24
050,38,045,"North Dakota","LaMoure County",1,47,41,23,18
050,38,045,"North Dakota","LaMoure County",1,48,45,21,24
050,38,045,"North Dakota","LaMoure County",1,49,46,19,27
050,38,045,"North Dakota","LaMoure County",1,50,38,24,14
050,38,045,"North Dakota","LaMoure County",1,51,38,26,12
050,38,045,"North Dakota","LaMoure County",1,52,39,23,16
050,38,045,"North Dakota","LaMoure County",1,53,38,22,16
050,38,045,"North Dakota","LaMoure County",1,54,46,25,21
050,38,045,"North Dakota","LaMoure County",1,55,53,23,30
050,38,045,"North Dakota","LaMoure County",1,56,59,32,27
050,38,045,"North Dakota","LaMoure County",1,57,64,38,26
050,38,045,"North Dakota","LaMoure County",1,58,70,37,33
050,38,045,"North Dakota","LaMoure County",1,59,73,38,35
050,38,045,"North Dakota","LaMoure County",1,60,72,39,33
050,38,045,"North Dakota","LaMoure County",1,61,70,35,35
050,38,045,"North Dakota","LaMoure County",1,62,75,32,43
050,38,045,"North Dakota","LaMoure County",1,63,71,35,36
050,38,045,"North Dakota","LaMoure County",1,64,67,36,31
050,38,045,"North Dakota","LaMoure County",1,65,70,40,30
050,38,045,"North Dakota","LaMoure County",1,66,72,39,33
050,38,045,"North Dakota","LaMoure County",1,67,65,36,29
050,38,045,"North Dakota","LaMoure County",1,68,62,38,24
050,38,045,"North Dakota","LaMoure County",1,69,52,33,19
050,38,045,"North Dakota","LaMoure County",1,70,49,24,25
050,38,045,"North Dakota","LaMoure County",1,71,53,27,26
050,38,045,"North Dakota","LaMoure County",1,72,47,26,21
050,38,045,"North Dakota","LaMoure County",1,73,47,27,20
050,38,045,"North Dakota","LaMoure County",1,74,46,27,19
050,38,045,"North Dakota","LaMoure County",1,75,38,22,16
050,38,045,"North Dakota","LaMoure County",1,76,41,14,27
050,38,045,"North Dakota","LaMoure County",1,77,35,13,22
050,38,045,"North Dakota","LaMoure County",1,78,28,12,16
050,38,045,"North Dakota","LaMoure County",1,79,30,16,14
050,38,045,"North Dakota","LaMoure County",1,80,31,15,16
050,38,045,"North Dakota","LaMoure County",1,81,29,12,17
050,38,045,"North Dakota","LaMoure County",1,82,30,14,16
050,38,045,"North Dakota","LaMoure County",1,83,27,11,16
050,38,045,"North Dakota","LaMoure County",1,84,28,11,17
050,38,045,"North Dakota","LaMoure County",1,85,207,77,130
050,38,045,"North Dakota","LaMoure County",2,0,63,34,29
050,38,045,"North Dakota","LaMoure County",2,1,49,25,24
050,38,045,"North Dakota","LaMoure County",2,2,49,23,26
050,38,045,"North Dakota","LaMoure County",2,3,44,20,24
050,38,045,"North Dakota","LaMoure County",2,4,41,21,20
050,38,045,"North Dakota","LaMoure County",2,5,45,23,22
050,38,045,"North Dakota","LaMoure County",2,6,44,24,20
050,38,045,"North Dakota","LaMoure County",2,7,42,25,17
050,38,045,"North Dakota","LaMoure County",2,8,41,24,17
050,38,045,"North Dakota","LaMoure County",2,9,38,20,18
050,38,045,"North Dakota","LaMoure County",2,10,44,25,19
050,38,045,"North Dakota","LaMoure County",2,11,51,27,24
050,38,045,"North Dakota","LaMoure County",2,12,52,25,27
050,38,045,"North Dakota","LaMoure County",2,13,59,30,29
050,38,045,"North Dakota","LaMoure County",2,14,53,30,23
050,38,045,"North Dakota","LaMoure County",2,15,48,26,22
050,38,045,"North Dakota","LaMoure County",2,16,53,28,25
050,38,045,"North Dakota","LaMoure County",2,17,59,34,25
050,38,045,"North Dakota","LaMoure County",2,18,51,30,21
050,38,045,"North Dakota","LaMoure County",2,19,40,24,16
050,38,045,"North Dakota","LaMoure County",2,20,38,18,20
050,38,045,"North Dakota","LaMoure County",2,21,35,18,17
050,38,045,"North Dakota","LaMoure County",2,22,42,27,15
050,38,045,"North Dakota","LaMoure County",2,23,41,22,19
050,38,045,"North Dakota","LaMoure County",2,24,35,19,16
050,38,045,"North Dakota","LaMoure County",2,25,36,22,14
050,38,045,"North Dakota","LaMoure County",2,26,37,23,14
050,38,045,"North Dakota","LaMoure County",2,27,36,18,18
050,38,045,"North Dakota","LaMoure County",2,28,40,17,23
050,38,045,"North Dakota","LaMoure County",2,29,39,16,23
050,38,045,"North Dakota","LaMoure County",2,30,37,18,19
050,38,045,"North Dakota","LaMoure County",2,31,37,21,16
050,38,045,"North Dakota","LaMoure County",2,32,36,21,15
050,38,045,"North Dakota","LaMoure County",2,33,35,20,15
050,38,045,"North Dakota","LaMoure County",2,34,36,20,16
050,38,045,"North Dakota","LaMoure County",2,35,35,16,19
050,38,045,"North Dakota","LaMoure County",2,36,39,15,24
050,38,045,"North Dakota","LaMoure County",2,37,41,17,24
050,38,045,"North Dakota","LaMoure County",2,38,41,22,19
050,38,045,"North Dakota","LaMoure County",2,39,44,26,18
050,38,045,"North Dakota","LaMoure County",2,40,44,23,21
050,38,045,"North Dakota","LaMoure County",2,41,43,23,20
050,38,045,"North Dakota","LaMoure County",2,42,42,24,18
050,38,045,"North Dakota","LaMoure County",2,43,37,23,14
050,38,045,"North Dakota","LaMoure County",2,44,38,21,17
050,38,045,"North Dakota","LaMoure County",2,45,38,21,17
050,38,045,"North Dakota","LaMoure County",2,46,42,20,22
050,38,045,"North Dakota","LaMoure County",2,47,41,22,19
050,38,045,"North Dakota","LaMoure County",2,48,45,22,23
050,38,045,"North Dakota","LaMoure County",2,49,45,19,26
050,38,045,"North Dakota","LaMoure County",2,50,40,23,17
050,38,045,"North Dakota","LaMoure County",2,51,40,27,13
050,38,045,"North Dakota","LaMoure County",2,52,38,23,15
050,38,045,"North Dakota","LaMoure County",2,53,38,22,16
050,38,045,"North Dakota","LaMoure County",2,54,44,24,20
050,38,045,"North Dakota","LaMoure County",2,55,52,24,28
050,38,045,"North Dakota","LaMoure County",2,56,56,29,27
050,38,045,"North Dakota","LaMoure County",2,57,63,36,27
050,38,045,"North Dakota","LaMoure County",2,58,70,38,32
050,38,045,"North Dakota","LaMoure County",2,59,72,38,34
050,38,045,"North Dakota","LaMoure County",2,60,71,38,33
050,38,045,"North Dakota","LaMoure County",2,61,70,36,34
050,38,045,"North Dakota","LaMoure County",2,62,74,33,41
050,38,045,"North Dakota","LaMoure County",2,63,74,35,39
050,38,045,"North Dakota","LaMoure County",2,64,67,35,32
050,38,045,"North Dakota","LaMoure County",2,65,69,39,30
050,38,045,"North Dakota","LaMoure County",2,66,70,39,31
050,38,045,"North Dakota","LaMoure County",2,67,67,36,31
050,38,045,"North Dakota","LaMoure County",2,68,62,37,25
050,38,045,"North Dakota","LaMoure County",2,69,54,34,20
050,38,045,"North Dakota","LaMoure County",2,70,49,25,24
050,38,045,"North Dakota","LaMoure County",2,71,53,27,26
050,38,045,"North Dakota","LaMoure County",2,72,47,25,22
050,38,045,"North Dakota","LaMoure County",2,73,49,28,21
050,38,045,"North Dakota","LaMoure County",2,74,44,26,18
050,38,045,"North Dakota","LaMoure County",2,75,39,23,16
050,38,045,"North Dakota","LaMoure County",2,76,39,15,24
050,38,045,"North Dakota","LaMoure County",2,77,38,14,24
050,38,045,"North Dakota","LaMoure County",2,78,28,12,16
050,38,045,"North Dakota","LaMoure County",2,79,31,16,15
050,38,045,"North Dakota","LaMoure County",2,80,29,13,16
050,38,045,"North Dakota","LaMoure County",2,81,28,12,16
050,38,045,"North Dakota","LaMoure County",2,82,30,13,17
050,38,045,"North Dakota","LaMoure County",2,83,28,12,16
050,38,045,"North Dakota","LaMoure County",2,84,28,12,16
050,38,045,"North Dakota","LaMoure County",2,85,209,77,132
050,38,045,"North Dakota","LaMoure County",3,0,41,19,22
050,38,045,"North Dakota","LaMoure County",3,1,63,37,26
050,38,045,"North Dakota","LaMoure County",3,2,48,25,23
050,38,045,"North Dakota","LaMoure County",3,3,49,21,28
050,38,045,"North Dakota","LaMoure County",3,4,45,20,25
050,38,045,"North Dakota","LaMoure County",3,5,40,19,21
050,38,045,"North Dakota","LaMoure County",3,6,45,22,23
050,38,045,"North Dakota","LaMoure County",3,7,44,25,19
050,38,045,"North Dakota","LaMoure County",3,8,43,25,18
050,38,045,"North Dakota","LaMoure County",3,9,41,25,16
050,38,045,"North Dakota","LaMoure County",3,10,38,19,19
050,38,045,"North Dakota","LaMoure County",3,11,39,24,15
050,38,045,"North Dakota","LaMoure County",3,12,49,25,24
050,38,045,"North Dakota","LaMoure County",3,13,56,25,31
050,38,045,"North Dakota","LaMoure County",3,14,59,33,26
050,38,045,"North Dakota","LaMoure County",3,15,55,32,23
050,38,045,"North Dakota","LaMoure County",3,16,52,28,24
050,38,045,"North Dakota","LaMoure County",3,17,55,30,25
050,38,045,"North Dakota","LaMoure County",3,18,51,33,18
050,38,045,"North Dakota","LaMoure County",3,19,46,26,20
050,38,045,"North Dakota","LaMoure County",3,20,41,23,18
050,38,045,"North Dakota","LaMoure County",3,21,32,18,14
050,38,045,"North Dakota","LaMoure County",3,22,39,19,20
050,38,045,"North Dakota","LaMoure County",3,23,38,21,17
050,38,045,"North Dakota","LaMoure County",3,24,43,24,19
050,38,045,"North Dakota","LaMoure County",3,25,39,24,15
050,38,045,"North Dakota","LaMoure County",3,26,33,20,13
050,38,045,"North Dakota","LaMoure County",3,27,31,18,13
050,38,045,"North Dakota","LaMoure County",3,28,42,21,21
050,38,045,"North Dakota","LaMoure County",3,29,40,17,23
050,38,045,"North Dakota","LaMoure County",3,30,39,17,22
050,38,045,"North Dakota","LaMoure County",3,31,38,19,19
050,38,045,"North Dakota","LaMoure County",3,32,35,20,15
050,38,045,"North Dakota","LaMoure County",3,33,36,20,16
050,38,045,"North Dakota","LaMoure County",3,34,34,20,14
050,38,045,"North Dakota","LaMoure County",3,35,38,21,17
050,38,045,"North Dakota","LaMoure County",3,36,33,15,18
050,38,045,"North Dakota","LaMoure County",3,37,39,15,24
050,38,045,"North Dakota","LaMoure County",3,38,41,17,24
050,38,045,"North Dakota","LaMoure County",3,39,44,24,20
050,38,045,"North Dakota","LaMoure County",3,40,43,23,20
050,38,045,"North Dakota","LaMoure County",3,41,46,24,22
050,38,045,"North Dakota","LaMoure County",3,42,45,23,22
050,38,045,"North Dakota","LaMoure County",3,43,40,23,17
050,38,045,"North Dakota","LaMoure County",3,44,40,24,16
050,38,045,"North Dakota","LaMoure County",3,45,38,19,19
050,38,045,"North Dakota","LaMoure County",3,46,41,23,18
050,38,045,"North Dakota","LaMoure County",3,47,43,22,21
050,38,045,"North Dakota","LaMoure County",3,48,46,26,20
050,38,045,"North Dakota","LaMoure County",3,49,45,21,24
050,38,045,"North Dakota","LaMoure County",3,50,46,20,26
050,38,045,"North Dakota","LaMoure County",3,51,43,26,17
050,38,045,"North Dakota","LaMoure County",3,52,40,27,13
050,38,045,"North Dakota","LaMoure County",3,53,39,24,15
050,38,045,"North Dakota","LaMoure County",3,54,42,26,16
050,38,045,"North Dakota","LaMoure County",3,55,42,25,17
050,38,045,"North Dakota","LaMoure County",3,56,50,23,27
050,38,045,"North Dakota","LaMoure County",3,57,54,29,25
050,38,045,"North Dakota","LaMoure County",3,58,63,35,28
050,38,045,"North Dakota","LaMoure County",3,59,66,36,30
050,38,045,"North Dakota","LaMoure County",3,60,73,38,35
050,38,045,"North Dakota","LaMoure County",3,61,70,38,32
050,38,045,"North Dakota","LaMoure County",3,62,70,35,35
050,38,045,"North Dakota","LaMoure County",3,63,76,33,43
050,38,045,"North Dakota","LaMoure County",3,64,72,34,38
050,38,045,"North Dakota","LaMoure County",3,65,67,35,32
050,38,045,"North Dakota","LaMoure County",3,66,64,38,26
050,38,045,"North Dakota","LaMoure County",3,67,70,39,31
050,38,045,"North Dakota","LaMoure County",3,68,65,35,30
050,38,045,"North Dakota","LaMoure County",3,69,59,35,24
050,38,045,"North Dakota","LaMoure County",3,70,54,34,20
050,38,045,"North Dakota","LaMoure County",3,71,48,24,24
050,38,045,"North Dakota","LaMoure County",3,72,49,26,23
050,38,045,"North Dakota","LaMoure County",3,73,45,23,22
050,38,045,"North Dakota","LaMoure County",3,74,51,29,22
050,38,045,"North Dakota","LaMoure County",3,75,39,22,17
050,38,045,"North Dakota","LaMoure County",3,76,39,23,16
050,38,045,"North Dakota","LaMoure County",3,77,39,16,23
050,38,045,"North Dakota","LaMoure County",3,78,33,13,20
050,38,045,"North Dakota","LaMoure County",3,79,32,14,18
050,38,045,"North Dakota","LaMoure County",3,80,28,13,15
050,38,045,"North Dakota","LaMoure County",3,81,25,13,12
050,38,045,"North Dakota","LaMoure County",3,82,26,12,14
050,38,045,"North Dakota","LaMoure County",3,83,25,10,15
050,38,045,"North Dakota","LaMoure County",3,84,26,12,14
050,38,045,"North Dakota","LaMoure County",3,85,208,79,129
050,38,045,"North Dakota","LaMoure County",4,0,51,28,23
050,38,045,"North Dakota","LaMoure County",4,1,44,21,23
050,38,045,"North Dakota","LaMoure County",4,2,58,31,27
050,38,045,"North Dakota","LaMoure County",4,3,49,25,24
050,38,045,"North Dakota","LaMoure County",4,4,47,20,27
050,38,045,"North Dakota","LaMoure County",4,5,43,18,25
050,38,045,"North Dakota","LaMoure County",4,6,41,19,22
050,38,045,"North Dakota","LaMoure County",4,7,42,21,21
050,38,045,"North Dakota","LaMoure County",4,8,46,26,20
050,38,045,"North Dakota","LaMoure County",4,9,46,25,21
050,38,045,"North Dakota","LaMoure County",4,10,43,25,18
050,38,045,"North Dakota","LaMoure County",4,11,39,20,19
050,38,045,"North Dakota","LaMoure County",4,12,41,24,17
050,38,045,"North Dakota","LaMoure County",4,13,52,28,24
050,38,045,"North Dakota","LaMoure County",4,14,56,26,30
050,38,045,"North Dakota","LaMoure County",4,15,60,32,28
050,38,045,"North Dakota","LaMoure County",4,16,56,31,25
050,38,045,"North Dakota","LaMoure County",4,17,55,30,25
050,38,045,"North Dakota","LaMoure County",4,18,46,27,19
050,38,045,"North Dakota","LaMoure County",4,19,42,25,17
050,38,045,"North Dakota","LaMoure County",4,20,46,24,22
050,38,045,"North Dakota","LaMoure County",4,21,37,22,15
050,38,045,"North Dakota","LaMoure County",4,22,39,22,17
050,38,045,"North Dakota","LaMoure County",4,23,36,18,18
050,38,045,"North Dakota","LaMoure County",4,24,31,22,9
050,38,045,"North Dakota","LaMoure County",4,25,39,22,17
050,38,045,"North Dakota","LaMoure County",4,26,38,21,17
050,38,045,"North Dakota","LaMoure County",4,27,35,21,14
050,38,045,"North Dakota","LaMoure County",4,28,30,18,12
050,38,045,"North Dakota","LaMoure County",4,29,40,19,21
050,38,045,"North Dakota","LaMoure County",4,30,38,17,21
050,38,045,"North Dakota","LaMoure County",4,31,43,19,24
050,38,045,"North Dakota","LaMoure County",4,32,39,20,19
050,38,045,"North Dakota","LaMoure County",4,33,37,22,15
050,38,045,"North Dakota","LaMoure County",4,34,40,22,18
050,38,045,"North Dakota","LaMoure County",4,35,35,20,15
050,38,045,"North Dakota","LaMoure County",4,36,35,19,16
050,38,045,"North Dakota","LaMoure County",4,37,31,14,17
050,38,045,"North Dakota","LaMoure County",4,38,38,15,23
050,38,045,"North Dakota","LaMoure County",4,39,39,19,20
050,38,045,"North Dakota","LaMoure County",4,40,44,22,22
050,38,045,"North Dakota","LaMoure County",4,41,44,25,19
050,38,045,"North Dakota","LaMoure County",4,42,45,24,21
050,38,045,"North Dakota","LaMoure County",4,43,44,23,21
050,38,045,"North Dakota","LaMoure County",4,44,41,23,18
050,38,045,"North Dakota","LaMoure County",4,45,40,23,17
050,38,045,"North Dakota","LaMoure County",4,46,38,18,20
050,38,045,"North Dakota","LaMoure County",4,47,41,22,19
050,38,045,"North Dakota","LaMoure County",4,48,40,22,18
050,38,045,"North Dakota","LaMoure County",4,49,46,26,20
050,38,045,"North Dakota","LaMoure County",4,50,46,22,24
050,38,045,"North Dakota","LaMoure County",4,51,44,20,24
050,38,045,"North Dakota","LaMoure County",4,52,44,26,18
050,38,045,"North Dakota","LaMoure County",4,53,40,27,13
050,38,045,"North Dakota","LaMoure County",4,54,39,22,17
050,38,045,"North Dakota","LaMoure County",4,55,42,26,16
050,38,045,"North Dakota","LaMoure County",4,56,40,24,16
050,38,045,"North Dakota","LaMoure County",4,57,48,21,27
050,38,045,"North Dakota","LaMoure County",4,58,58,32,26
050,38,045,"North Dakota","LaMoure County",4,59,60,33,27
050,38,045,"North Dakota","LaMoure County",4,60,68,36,32
050,38,045,"North Dakota","LaMoure County",4,61,76,42,34
050,38,045,"North Dakota","LaMoure County",4,62,73,40,33
050,38,045,"North Dakota","LaMoure County",4,63,72,35,37
050,38,045,"North Dakota","LaMoure County",4,64,74,32,42
050,38,045,"North Dakota","LaMoure County",4,65,74,34,40
050,38,045,"North Dakota","LaMoure County",4,66,67,35,32
050,38,045,"North Dakota","LaMoure County",4,67,63,37,26
050,38,045,"North Dakota","LaMoure County",4,68,70,38,32
050,38,045,"North Dakota","LaMoure County",4,69,64,34,30
050,38,045,"North Dakota","LaMoure County",4,70,60,34,26
050,38,045,"North Dakota","LaMoure County",4,71,53,34,19
050,38,045,"North Dakota","LaMoure County",4,72,47,24,23
050,38,045,"North Dakota","LaMoure County",4,73,50,26,24
050,38,045,"North Dakota","LaMoure County",4,74,46,24,22
050,38,045,"North Dakota","LaMoure County",4,75,46,28,18
050,38,045,"North Dakota","LaMoure County",4,76,39,20,19
050,38,045,"North Dakota","LaMoure County",4,77,40,24,16
050,38,045,"North Dakota","LaMoure County",4,78,33,13,20
050,38,045,"North Dakota","LaMoure County",4,79,36,15,21
050,38,045,"North Dakota","LaMoure County",4,80,29,10,19
050,38,045,"North Dakota","LaMoure County",4,81,25,12,13
050,38,045,"North Dakota","LaMoure County",4,82,27,14,13
050,38,045,"North Dakota","LaMoure County",4,83,23,10,13
050,38,045,"North Dakota","LaMoure County",4,84,25,12,13
050,38,045,"North Dakota","LaMoure County",4,85,209,82,127
050,38,045,"North Dakota","LaMoure County",5,0,51,28,23
050,38,045,"North Dakota","LaMoure County",5,1,50,25,25
050,38,045,"North Dakota","LaMoure County",5,2,42,20,22
050,38,045,"North Dakota","LaMoure County",5,3,65,36,29
050,38,045,"North Dakota","LaMoure County",5,4,52,28,24
050,38,045,"North Dakota","LaMoure County",5,5,48,23,25
050,38,045,"North Dakota","LaMoure County",5,6,46,18,28
050,38,045,"North Dakota","LaMoure County",5,7,41,23,18
050,38,045,"North Dakota","LaMoure County",5,8,49,25,24
050,38,045,"North Dakota","LaMoure County",5,9,48,27,21
050,38,045,"North Dakota","LaMoure County",5,10,48,26,22
050,38,045,"North Dakota","LaMoure County",5,11,42,24,18
050,38,045,"North Dakota","LaMoure County",5,12,43,23,20
050,38,045,"North Dakota","LaMoure County",5,13,39,23,16
050,38,045,"North Dakota","LaMoure County",5,14,52,29,23
050,38,045,"North Dakota","LaMoure County",5,15,56,26,30
050,38,045,"North Dakota","LaMoure County",5,16,60,30,30
050,38,045,"North Dakota","LaMoure County",5,17,58,33,25
050,38,045,"North Dakota","LaMoure County",5,18,47,25,22
050,38,045,"North Dakota","LaMoure County",5,19,39,23,16
050,38,045,"North Dakota","LaMoure County",5,20,41,22,19
050,38,045,"North Dakota","LaMoure County",5,21,38,20,18
050,38,045,"North Dakota","LaMoure County",5,22,44,27,17
050,38,045,"North Dakota","LaMoure County",5,23,40,22,18
050,38,045,"North Dakota","LaMoure County",5,24,49,24,25
050,38,045,"North Dakota","LaMoure County",5,25,30,22,8
050,38,045,"North Dakota","LaMoure County",5,26,40,23,17
050,38,045,"North Dakota","LaMoure County",5,27,39,21,18
050,38,045,"North Dakota","LaMoure County",5,28,34,21,13
050,38,045,"North Dakota","LaMoure County",5,29,30,18,12
050,38,045,"North Dakota","LaMoure County",5,30,37,19,18
050,38,045,"North Dakota","LaMoure County",5,31,41,20,21
050,38,045,"North Dakota","LaMoure County",5,32,39,17,22
050,38,045,"North Dakota","LaMoure County",5,33,40,18,22
050,38,045,"North Dakota","LaMoure County",5,34,36,21,15
050,38,045,"North Dakota","LaMoure County",5,35,44,25,19
050,38,045,"North Dakota","LaMoure County",5,36,38,20,18
050,38,045,"North Dakota","LaMoure County",5,37,35,19,16
050,38,045,"North Dakota","LaMoure County",5,38,34,16,18
050,38,045,"North Dakota","LaMoure County",5,39,38,15,23
050,38,045,"North Dakota","LaMoure County",5,40,41,21,20
050,38,045,"North Dakota","LaMoure County",5,41,47,25,22
050,38,045,"North Dakota","LaMoure County",5,42,45,26,19
050,38,045,"North Dakota","LaMoure County",5,43,45,23,22
050,38,045,"North Dakota","LaMoure County",5,44,41,20,21
050,38,045,"North Dakota","LaMoure County",5,45,40,24,16
050,38,045,"North Dakota","LaMoure County",5,46,39,22,17
050,38,045,"North Dakota","LaMoure County",5,47,38,19,19
050,38,045,"North Dakota","LaMoure County",5,48,47,23,24
050,38,045,"North Dakota","LaMoure County",5,49,39,20,19
050,38,045,"North Dakota","LaMoure County",5,50,43,27,16
050,38,045,"North Dakota","LaMoure County",5,51,45,22,23
050,38,045,"North Dakota","LaMoure County",5,52,43,20,23
050,38,045,"North Dakota","LaMoure County",5,53,45,26,19
050,38,045,"North Dakota","LaMoure County",5,54,40,27,13
050,38,045,"North Dakota","LaMoure County",5,55,40,23,17
050,38,045,"North Dakota","LaMoure County",5,56,37,23,14
050,38,045,"North Dakota","LaMoure County",5,57,37,23,14
050,38,045,"North Dakota","LaMoure County",5,58,49,23,26
050,38,045,"North Dakota","LaMoure County",5,59,55,30,25
050,38,045,"North Dakota","LaMoure County",5,60,62,31,31
050,38,045,"North Dakota","LaMoure County",5,61,66,36,30
050,38,045,"North Dakota","LaMoure County",5,62,75,40,35
050,38,045,"North Dakota","LaMoure County",5,63,71,38,33
050,38,045,"North Dakota","LaMoure County",5,64,69,34,35
050,38,045,"North Dakota","LaMoure County",5,65,77,33,44
050,38,045,"North Dakota","LaMoure County",5,66,69,32,37
050,38,045,"North Dakota","LaMoure County",5,67,70,36,34
050,38,045,"North Dakota","LaMoure County",5,68,64,37,27
050,38,045,"North Dakota","LaMoure County",5,69,68,37,31
050,38,045,"North Dakota","LaMoure County",5,70,62,32,30
050,38,045,"North Dakota","LaMoure County",5,71,60,34,26
050,38,045,"North Dakota","LaMoure County",5,72,52,34,18
050,38,045,"North Dakota","LaMoure County",5,73,45,23,22
050,38,045,"North Dakota","LaMoure County",5,74,51,26,25
050,38,045,"North Dakota","LaMoure County",5,75,43,23,20
050,38,045,"North Dakota","LaMoure County",5,76,47,27,20
050,38,045,"North Dakota","LaMoure County",5,77,41,23,18
050,38,045,"North Dakota","LaMoure County",5,78,33,21,12
050,38,045,"North Dakota","LaMoure County",5,79,35,14,21
050,38,045,"North Dakota","LaMoure County",5,80,30,9,21
050,38,045,"North Dakota","LaMoure County",5,81,26,11,15
050,38,045,"North Dakota","LaMoure County",5,82,25,11,14
050,38,045,"North Dakota","LaMoure County",5,83,26,12,14
050,38,045,"North Dakota","LaMoure County",5,84,21,12,9
050,38,045,"North Dakota","LaMoure County",5,85,209,85,124
050,38,047,"North Dakota","Logan County",1,0,25,13,12
050,38,047,"North Dakota","Logan County",1,1,24,15,9
050,38,047,"North Dakota","Logan County",1,2,26,17,9
050,38,047,"North Dakota","Logan County",1,3,25,12,13
050,38,047,"North Dakota","Logan County",1,4,25,14,11
050,38,047,"North Dakota","Logan County",1,5,26,16,10
050,38,047,"North Dakota","Logan County",1,6,23,15,8
050,38,047,"North Dakota","Logan County",1,7,22,11,11
050,38,047,"North Dakota","Logan County",1,8,22,12,10
050,38,047,"North Dakota","Logan County",1,9,24,14,10
050,38,047,"North Dakota","Logan County",1,10,22,12,10
050,38,047,"North Dakota","Logan County",1,11,25,15,10
050,38,047,"North Dakota","Logan County",1,12,27,13,14
050,38,047,"North Dakota","Logan County",1,13,25,14,11
050,38,047,"North Dakota","Logan County",1,14,25,13,12
050,38,047,"North Dakota","Logan County",1,15,25,9,16
050,38,047,"North Dakota","Logan County",1,16,25,9,16
050,38,047,"North Dakota","Logan County",1,17,25,12,13
050,38,047,"North Dakota","Logan County",1,18,20,10,10
050,38,047,"North Dakota","Logan County",1,19,18,6,12
050,38,047,"North Dakota","Logan County",1,20,17,8,9
050,38,047,"North Dakota","Logan County",1,21,20,11,9
050,38,047,"North Dakota","Logan County",1,22,17,8,9
050,38,047,"North Dakota","Logan County",1,23,19,8,11
050,38,047,"North Dakota","Logan County",1,24,18,11,7
050,38,047,"North Dakota","Logan County",1,25,23,15,8
050,38,047,"North Dakota","Logan County",1,26,17,9,8
050,38,047,"North Dakota","Logan County",1,27,16,9,7
050,38,047,"North Dakota","Logan County",1,28,15,6,9
050,38,047,"North Dakota","Logan County",1,29,15,8,7
050,38,047,"North Dakota","Logan County",1,30,18,9,9
050,38,047,"North Dakota","Logan County",1,31,15,8,7
050,38,047,"North Dakota","Logan County",1,32,9,4,5
050,38,047,"North Dakota","Logan County",1,33,19,10,9
050,38,047,"North Dakota","Logan County",1,34,18,10,8
050,38,047,"North Dakota","Logan County",1,35,20,9,11
050,38,047,"North Dakota","Logan County",1,36,17,10,7
050,38,047,"North Dakota","Logan County",1,37,21,10,11
050,38,047,"North Dakota","Logan County",1,38,14,8,6
050,38,047,"North Dakota","Logan County",1,39,11,8,3
050,38,047,"North Dakota","Logan County",1,40,17,9,8
050,38,047,"North Dakota","Logan County",1,41,11,6,5
050,38,047,"North Dakota","Logan County",1,42,14,7,7
050,38,047,"North Dakota","Logan County",1,43,21,11,10
050,38,047,"North Dakota","Logan County",1,44,17,8,9
050,38,047,"North Dakota","Logan County",1,45,21,11,10
050,38,047,"North Dakota","Logan County",1,46,19,11,8
050,38,047,"North Dakota","Logan County",1,47,20,10,10
050,38,047,"North Dakota","Logan County",1,48,21,12,9
050,38,047,"North Dakota","Logan County",1,49,20,11,9
050,38,047,"North Dakota","Logan County",1,50,15,8,7
050,38,047,"North Dakota","Logan County",1,51,21,11,10
050,38,047,"North Dakota","Logan County",1,52,18,9,9
050,38,047,"North Dakota","Logan County",1,53,20,12,8
050,38,047,"North Dakota","Logan County",1,54,23,14,9
050,38,047,"North Dakota","Logan County",1,55,24,13,11
050,38,047,"North Dakota","Logan County",1,56,25,12,13
050,38,047,"North Dakota","Logan County",1,57,31,17,14
050,38,047,"North Dakota","Logan County",1,58,31,17,14
050,38,047,"North Dakota","Logan County",1,59,32,16,16
050,38,047,"North Dakota","Logan County",1,60,32,19,13
050,38,047,"North Dakota","Logan County",1,61,33,19,14
050,38,047,"North Dakota","Logan County",1,62,28,16,12
050,38,047,"North Dakota","Logan County",1,63,28,16,12
050,38,047,"North Dakota","Logan County",1,64,24,13,11
050,38,047,"North Dakota","Logan County",1,65,28,17,11
050,38,047,"North Dakota","Logan County",1,66,29,14,15
050,38,047,"North Dakota","Logan County",1,67,23,10,13
050,38,047,"North Dakota","Logan County",1,68,25,11,14
050,38,047,"North Dakota","Logan County",1,69,19,8,11
050,38,047,"North Dakota","Logan County",1,70,24,12,12
050,38,047,"North Dakota","Logan County",1,71,21,13,8
050,38,047,"North Dakota","Logan County",1,72,25,14,11
050,38,047,"North Dakota","Logan County",1,73,22,14,8
050,38,047,"North Dakota","Logan County",1,74,15,7,8
050,38,047,"North Dakota","Logan County",1,75,21,8,13
050,38,047,"North Dakota","Logan County",1,76,15,7,8
050,38,047,"North Dakota","Logan County",1,77,16,8,8
050,38,047,"North Dakota","Logan County",1,78,23,12,11
050,38,047,"North Dakota","Logan County",1,79,17,9,8
050,38,047,"North Dakota","Logan County",1,80,16,9,7
050,38,047,"North Dakota","Logan County",1,81,21,11,10
050,38,047,"North Dakota","Logan County",1,82,17,9,8
050,38,047,"North Dakota","Logan County",1,83,11,6,5
050,38,047,"North Dakota","Logan County",1,84,15,7,8
050,38,047,"North Dakota","Logan County",1,85,88,38,50
050,38,047,"North Dakota","Logan County",2,0,26,10,16
050,38,047,"North Dakota","Logan County",2,1,23,14,9
050,38,047,"North Dakota","Logan County",2,2,26,17,9
050,38,047,"North Dakota","Logan County",2,3,25,13,12
050,38,047,"North Dakota","Logan County",2,4,25,13,12
050,38,047,"North Dakota","Logan County",2,5,26,15,11
050,38,047,"North Dakota","Logan County",2,6,24,15,9
050,38,047,"North Dakota","Logan County",2,7,23,13,10
050,38,047,"North Dakota","Logan County",2,8,22,12,10
050,38,047,"North Dakota","Logan County",2,9,24,14,10
050,38,047,"North Dakota","Logan County",2,10,23,13,10
050,38,047,"North Dakota","Logan County",2,11,23,14,9
050,38,047,"North Dakota","Logan County",2,12,27,14,13
050,38,047,"North Dakota","Logan County",2,13,26,14,12
050,38,047,"North Dakota","Logan County",2,14,26,13,13
050,38,047,"North Dakota","Logan County",2,15,25,10,15
050,38,047,"North Dakota","Logan County",2,16,26,10,16
050,38,047,"North Dakota","Logan County",2,17,26,12,14
050,38,047,"North Dakota","Logan County",2,18,20,10,10
050,38,047,"North Dakota","Logan County",2,19,17,6,11
050,38,047,"North Dakota","Logan County",2,20,18,8,10
050,38,047,"North Dakota","Logan County",2,21,20,11,9
050,38,047,"North Dakota","Logan County",2,22,20,10,10
050,38,047,"North Dakota","Logan County",2,23,18,8,10
050,38,047,"North Dakota","Logan County",2,24,19,11,8
050,38,047,"North Dakota","Logan County",2,25,22,14,8
050,38,047,"North Dakota","Logan County",2,26,18,10,8
050,38,047,"North Dakota","Logan County",2,27,15,8,7
050,38,047,"North Dakota","Logan County",2,28,15,6,9
050,38,047,"North Dakota","Logan County",2,29,15,8,7
050,38,047,"North Dakota","Logan County",2,30,18,9,9
050,38,047,"North Dakota","Logan County",2,31,16,8,8
050,38,047,"North Dakota","Logan County",2,32,10,5,5
050,38,047,"North Dakota","Logan County",2,33,17,9,8
050,38,047,"North Dakota","Logan County",2,34,19,10,9
050,38,047,"North Dakota","Logan County",2,35,21,10,11
050,38,047,"North Dakota","Logan County",2,36,18,10,8
050,38,047,"North Dakota","Logan County",2,37,20,10,10
050,38,047,"North Dakota","Logan County",2,38,15,8,7
050,38,047,"North Dakota","Logan County",2,39,12,8,4
050,38,047,"North Dakota","Logan County",2,40,14,8,6
050,38,047,"North Dakota","Logan County",2,41,13,7,6
050,38,047,"North Dakota","Logan County",2,42,13,7,6
050,38,047,"North Dakota","Logan County",2,43,19,10,9
050,38,047,"North Dakota","Logan County",2,44,18,9,9
050,38,047,"North Dakota","Logan County",2,45,20,10,10
050,38,047,"North Dakota","Logan County",2,46,19,11,8
050,38,047,"North Dakota","Logan County",2,47,20,10,10
050,38,047,"North Dakota","Logan County",2,48,20,11,9
050,38,047,"North Dakota","Logan County",2,49,20,11,9
050,38,047,"North Dakota","Logan County",2,50,17,9,8
050,38,047,"North Dakota","Logan County",2,51,20,11,9
050,38,047,"North Dakota","Logan County",2,52,18,9,9
050,38,047,"North Dakota","Logan County",2,53,19,11,8
050,38,047,"North Dakota","Logan County",2,54,22,13,9
050,38,047,"North Dakota","Logan County",2,55,23,13,10
050,38,047,"North Dakota","Logan County",2,56,25,12,13
050,38,047,"North Dakota","Logan County",2,57,31,17,14
050,38,047,"North Dakota","Logan County",2,58,31,17,14
050,38,047,"North Dakota","Logan County",2,59,32,16,16
050,38,047,"North Dakota","Logan County",2,60,32,18,14
050,38,047,"North Dakota","Logan County",2,61,33,19,14
050,38,047,"North Dakota","Logan County",2,62,30,17,13
050,38,047,"North Dakota","Logan County",2,63,28,16,12
050,38,047,"North Dakota","Logan County",2,64,25,14,11
050,38,047,"North Dakota","Logan County",2,65,27,16,11
050,38,047,"North Dakota","Logan County",2,66,29,15,14
050,38,047,"North Dakota","Logan County",2,67,25,12,13
050,38,047,"North Dakota","Logan County",2,68,25,11,14
050,38,047,"North Dakota","Logan County",2,69,20,8,12
050,38,047,"North Dakota","Logan County",2,70,23,11,12
050,38,047,"North Dakota","Logan County",2,71,22,13,9
050,38,047,"North Dakota","Logan County",2,72,24,14,10
050,38,047,"North Dakota","Logan County",2,73,24,15,9
050,38,047,"North Dakota","Logan County",2,74,15,8,7
050,38,047,"North Dakota","Logan County",2,75,19,8,11
050,38,047,"North Dakota","Logan County",2,76,16,7,9
050,38,047,"North Dakota","Logan County",2,77,16,8,8
050,38,047,"North Dakota","Logan County",2,78,21,11,10
050,38,047,"North Dakota","Logan County",2,79,19,10,9
050,38,047,"North Dakota","Logan County",2,80,16,9,7
050,38,047,"North Dakota","Logan County",2,81,19,10,9
050,38,047,"North Dakota","Logan County",2,82,18,10,8
050,38,047,"North Dakota","Logan County",2,83,13,7,6
050,38,047,"North Dakota","Logan County",2,84,14,7,7
050,38,047,"North Dakota","Logan County",2,85,89,38,51
050,38,047,"North Dakota","Logan County",3,0,14,5,9
050,38,047,"North Dakota","Logan County",3,1,25,5,20
050,38,047,"North Dakota","Logan County",3,2,26,17,9
050,38,047,"North Dakota","Logan County",3,3,27,18,9
050,38,047,"North Dakota","Logan County",3,4,23,11,12
050,38,047,"North Dakota","Logan County",3,5,26,14,12
050,38,047,"North Dakota","Logan County",3,6,28,15,13
050,38,047,"North Dakota","Logan County",3,7,22,13,9
050,38,047,"North Dakota","Logan County",3,8,24,14,10
050,38,047,"North Dakota","Logan County",3,9,23,12,11
050,38,047,"North Dakota","Logan County",3,10,24,15,9
050,38,047,"North Dakota","Logan County",3,11,23,12,11
050,38,047,"North Dakota","Logan County",3,12,23,12,11
050,38,047,"North Dakota","Logan County",3,13,29,16,13
050,38,047,"North Dakota","Logan County",3,14,22,12,10
050,38,047,"North Dakota","Logan County",3,15,25,13,12
050,38,047,"North Dakota","Logan County",3,16,28,12,16
050,38,047,"North Dakota","Logan County",3,17,27,11,16
050,38,047,"North Dakota","Logan County",3,18,20,10,10
050,38,047,"North Dakota","Logan County",3,19,17,9,8
050,38,047,"North Dakota","Logan County",3,20,12,4,8
050,38,047,"North Dakota","Logan County",3,21,20,8,12
050,38,047,"North Dakota","Logan County",3,22,22,10,12
050,38,047,"North Dakota","Logan County",3,23,17,7,10
050,38,047,"North Dakota","Logan County",3,24,16,8,8
050,38,047,"North Dakota","Logan County",3,25,24,11,13
050,38,047,"North Dakota","Logan County",3,26,18,12,6
050,38,047,"North Dakota","Logan County",3,27,21,14,7
050,38,047,"North Dakota","Logan County",3,28,18,9,9
050,38,047,"North Dakota","Logan County",3,29,15,5,10
050,38,047,"North Dakota","Logan County",3,30,17,8,9
050,38,047,"North Dakota","Logan County",3,31,19,10,9
050,38,047,"North Dakota","Logan County",3,32,15,7,8
050,38,047,"North Dakota","Logan County",3,33,11,5,6
050,38,047,"North Dakota","Logan County",3,34,18,10,8
050,38,047,"North Dakota","Logan County",3,35,18,11,7
050,38,047,"North Dakota","Logan County",3,36,21,10,11
050,38,047,"North Dakota","Logan County",3,37,15,10,5
050,38,047,"North Dakota","Logan County",3,38,20,10,10
050,38,047,"North Dakota","Logan County",3,39,18,10,8
050,38,047,"North Dakota","Logan County",3,40,12,8,4
050,38,047,"North Dakota","Logan County",3,41,14,8,6
050,38,047,"North Dakota","Logan County",3,42,14,8,6
050,38,047,"North Dakota","Logan County",3,43,14,8,6
050,38,047,"North Dakota","Logan County",3,44,19,10,9
050,38,047,"North Dakota","Logan County",3,45,20,10,10
050,38,047,"North Dakota","Logan County",3,46,18,8,10
050,38,047,"North Dakota","Logan County",3,47,20,12,8
050,38,047,"North Dakota","Logan County",3,48,22,11,11
050,38,047,"North Dakota","Logan County",3,49,20,10,10
050,38,047,"North Dakota","Logan County",3,50,19,10,9
050,38,047,"North Dakota","Logan County",3,51,19,11,8
050,38,047,"North Dakota","Logan County",3,52,15,8,7
050,38,047,"North Dakota","Logan County",3,53,19,10,9
050,38,047,"North Dakota","Logan County",3,54,18,9,9
050,38,047,"North Dakota","Logan County",3,55,20,12,8
050,38,047,"North Dakota","Logan County",3,56,26,14,12
050,38,047,"North Dakota","Logan County",3,57,26,14,12
050,38,047,"North Dakota","Logan County",3,58,31,17,14
050,38,047,"North Dakota","Logan County",3,59,28,15,13
050,38,047,"North Dakota","Logan County",3,60,34,17,17
050,38,047,"North Dakota","Logan County",3,61,31,17,14
050,38,047,"North Dakota","Logan County",3,62,32,20,12
050,38,047,"North Dakota","Logan County",3,63,28,15,13
050,38,047,"North Dakota","Logan County",3,64,27,14,13
050,38,047,"North Dakota","Logan County",3,65,24,14,10
050,38,047,"North Dakota","Logan County",3,66,30,19,11
050,38,047,"North Dakota","Logan County",3,67,31,16,15
050,38,047,"North Dakota","Logan County",3,68,23,12,11
050,38,047,"North Dakota","Logan County",3,69,25,10,15
050,38,047,"North Dakota","Logan County",3,70,19,8,11
050,38,047,"North Dakota","Logan County",3,71,21,10,11
050,38,047,"North Dakota","Logan County",3,72,22,12,10
050,38,047,"North Dakota","Logan County",3,73,23,13,10
050,38,047,"North Dakota","Logan County",3,74,24,15,9
050,38,047,"North Dakota","Logan County",3,75,14,7,7
050,38,047,"North Dakota","Logan County",3,76,19,8,11
050,38,047,"North Dakota","Logan County",3,77,13,6,7
050,38,047,"North Dakota","Logan County",3,78,18,9,9
050,38,047,"North Dakota","Logan County",3,79,20,10,10
050,38,047,"North Dakota","Logan County",3,80,15,9,6
050,38,047,"North Dakota","Logan County",3,81,13,6,7
050,38,047,"North Dakota","Logan County",3,82,17,6,11
050,38,047,"North Dakota","Logan County",3,83,16,9,7
050,38,047,"North Dakota","Logan County",3,84,11,6,5
050,38,047,"North Dakota","Logan County",3,85,88,37,51
050,38,047,"North Dakota","Logan County",4,0,26,13,13
050,38,047,"North Dakota","Logan County",4,1,16,7,9
050,38,047,"North Dakota","Logan County",4,2,26,7,19
050,38,047,"North Dakota","Logan County",4,3,22,15,7
050,38,047,"North Dakota","Logan County",4,4,27,18,9
050,38,047,"North Dakota","Logan County",4,5,24,12,12
050,38,047,"North Dakota","Logan County",4,6,22,11,11
050,38,047,"North Dakota","Logan County",4,7,27,15,12
050,38,047,"North Dakota","Logan County",4,8,22,14,8
050,38,047,"North Dakota","Logan County",4,9,23,13,10
050,38,047,"North Dakota","Logan County",4,10,22,12,10
050,38,047,"North Dakota","Logan County",4,11,23,14,9
050,38,047,"North Dakota","Logan County",4,12,22,11,11
050,38,047,"North Dakota","Logan County",4,13,24,13,11
050,38,047,"North Dakota","Logan County",4,14,28,15,13
050,38,047,"North Dakota","Logan County",4,15,22,12,10
050,38,047,"North Dakota","Logan County",4,16,25,13,12
050,38,047,"North Dakota","Logan County",4,17,27,12,15
050,38,047,"North Dakota","Logan County",4,18,24,10,14
050,38,047,"North Dakota","Logan County",4,19,16,9,7
050,38,047,"North Dakota","Logan County",4,20,16,9,7
050,38,047,"North Dakota","Logan County",4,21,12,4,8
050,38,047,"North Dakota","Logan County",4,22,18,7,11
050,38,047,"North Dakota","Logan County",4,23,25,12,13
050,38,047,"North Dakota","Logan County",4,24,19,7,12
050,38,047,"North Dakota","Logan County",4,25,18,8,10
050,38,047,"North Dakota","Logan County",4,26,23,11,12
050,38,047,"North Dakota","Logan County",4,27,20,13,7
050,38,047,"North Dakota","Logan County",4,28,20,12,8
050,38,047,"North Dakota","Logan County",4,29,14,6,8
050,38,047,"North Dakota","Logan County",4,30,15,5,10
050,38,047,"North Dakota","Logan County",4,31,16,8,8
050,38,047,"North Dakota","Logan County",4,32,19,10,9
050,38,047,"North Dakota","Logan County",4,33,13,7,6
050,38,047,"North Dakota","Logan County",4,34,10,4,6
050,38,047,"North Dakota","Logan County",4,35,18,10,8
050,38,047,"North Dakota","Logan County",4,36,19,12,7
050,38,047,"North Dakota","Logan County",4,37,20,10,10
050,38,047,"North Dakota","Logan County",4,38,15,11,4
050,38,047,"North Dakota","Logan County",4,39,20,10,10
050,38,047,"North Dakota","Logan County",4,40,15,8,7
050,38,047,"North Dakota","Logan County",4,41,12,8,4
050,38,047,"North Dakota","Logan County",4,42,14,8,6
050,38,047,"North Dakota","Logan County",4,43,16,8,8
050,38,047,"North Dakota","Logan County",4,44,12,6,6
050,38,047,"North Dakota","Logan County",4,45,18,10,8
050,38,047,"North Dakota","Logan County",4,46,19,9,10
050,38,047,"North Dakota","Logan County",4,47,17,7,10
050,38,047,"North Dakota","Logan County",4,48,20,12,8
050,38,047,"North Dakota","Logan County",4,49,22,12,10
050,38,047,"North Dakota","Logan County",4,50,19,9,10
050,38,047,"North Dakota","Logan County",4,51,20,12,8
050,38,047,"North Dakota","Logan County",4,52,18,9,9
050,38,047,"North Dakota","Logan County",4,53,15,8,7
050,38,047,"North Dakota","Logan County",4,54,20,10,10
050,38,047,"North Dakota","Logan County",4,55,15,7,8
050,38,047,"North Dakota","Logan County",4,56,20,11,9
050,38,047,"North Dakota","Logan County",4,57,27,16,11
050,38,047,"North Dakota","Logan County",4,58,29,15,14
050,38,047,"North Dakota","Logan County",4,59,24,13,11
050,38,047,"North Dakota","Logan County",4,60,29,16,13
050,38,047,"North Dakota","Logan County",4,61,35,14,21
050,38,047,"North Dakota","Logan County",4,62,33,20,13
050,38,047,"North Dakota","Logan County",4,63,33,20,13
050,38,047,"North Dakota","Logan County",4,64,27,15,12
050,38,047,"North Dakota","Logan County",4,65,26,14,12
050,38,047,"North Dakota","Logan County",4,66,26,15,11
050,38,047,"North Dakota","Logan County",4,67,30,18,12
050,38,047,"North Dakota","Logan County",4,68,32,16,16
050,38,047,"North Dakota","Logan County",4,69,23,12,11
050,38,047,"North Dakota","Logan County",4,70,24,10,14
050,38,047,"North Dakota","Logan County",4,71,17,7,10
050,38,047,"North Dakota","Logan County",4,72,18,9,9
050,38,047,"North Dakota","Logan County",4,73,19,11,8
050,38,047,"North Dakota","Logan County",4,74,23,13,10
050,38,047,"North Dakota","Logan County",4,75,23,14,9
050,38,047,"North Dakota","Logan County",4,76,16,8,8
050,38,047,"North Dakota","Logan County",4,77,17,8,9
050,38,047,"North Dakota","Logan County",4,78,16,8,8
050,38,047,"North Dakota","Logan County",4,79,17,9,8
050,38,047,"North Dakota","Logan County",4,80,17,8,9
050,38,047,"North Dakota","Logan County",4,81,13,7,6
050,38,047,"North Dakota","Logan County",4,82,16,6,10
050,38,047,"North Dakota","Logan County",4,83,15,6,9
050,38,047,"North Dakota","Logan County",4,84,18,10,8
050,38,047,"North Dakota","Logan County",4,85,85,36,49
050,38,047,"North Dakota","Logan County",5,0,29,15,14
050,38,047,"North Dakota","Logan County",5,1,31,13,18
050,38,047,"North Dakota","Logan County",5,2,17,7,10
050,38,047,"North Dakota","Logan County",5,3,28,9,19
050,38,047,"North Dakota","Logan County",5,4,29,18,11
050,38,047,"North Dakota","Logan County",5,5,29,17,12
050,38,047,"North Dakota","Logan County",5,6,23,11,12
050,38,047,"North Dakota","Logan County",5,7,23,10,13
050,38,047,"North Dakota","Logan County",5,8,31,16,15
050,38,047,"North Dakota","Logan County",5,9,22,14,8
050,38,047,"North Dakota","Logan County",5,10,27,15,12
050,38,047,"North Dakota","Logan County",5,11,21,11,10
050,38,047,"North Dakota","Logan County",5,12,24,15,9
050,38,047,"North Dakota","Logan County",5,13,24,12,12
050,38,047,"North Dakota","Logan County",5,14,25,14,11
050,38,047,"North Dakota","Logan County",5,15,27,14,13
050,38,047,"North Dakota","Logan County",5,16,20,10,10
050,38,047,"North Dakota","Logan County",5,17,25,13,12
050,38,047,"North Dakota","Logan County",5,18,24,10,14
050,38,047,"North Dakota","Logan County",5,19,18,7,11
050,38,047,"North Dakota","Logan County",5,20,16,9,7
050,38,047,"North Dakota","Logan County",5,21,20,11,9
050,38,047,"North Dakota","Logan County",5,22,13,5,8
050,38,047,"North Dakota","Logan County",5,23,18,9,9
050,38,047,"North Dakota","Logan County",5,24,19,10,9
050,38,047,"North Dakota","Logan County",5,25,18,7,11
050,38,047,"North Dakota","Logan County",5,26,18,7,11
050,38,047,"North Dakota","Logan County",5,27,25,11,14
050,38,047,"North Dakota","Logan County",5,28,20,13,7
050,38,047,"North Dakota","Logan County",5,29,20,12,8
050,38,047,"North Dakota","Logan County",5,30,15,6,9
050,38,047,"North Dakota","Logan County",5,31,18,7,11
050,38,047,"North Dakota","Logan County",5,32,18,8,10
050,38,047,"North Dakota","Logan County",5,33,19,10,9
050,38,047,"North Dakota","Logan County",5,34,16,8,8
050,38,047,"North Dakota","Logan County",5,35,12,6,6
050,38,047,"North Dakota","Logan County",5,36,20,11,9
050,38,047,"North Dakota","Logan County",5,37,19,12,7
050,38,047,"North Dakota","Logan County",5,38,18,9,9
050,38,047,"North Dakota","Logan County",5,39,18,14,4
050,38,047,"North Dakota","Logan County",5,40,20,10,10
050,38,047,"North Dakota","Logan County",5,41,16,8,8
050,38,047,"North Dakota","Logan County",5,42,13,9,4
050,38,047,"North Dakota","Logan County",5,43,15,8,7
050,38,047,"North Dakota","Logan County",5,44,16,8,8
050,38,047,"North Dakota","Logan County",5,45,12,6,6
050,38,047,"North Dakota","Logan County",5,46,18,10,8
050,38,047,"North Dakota","Logan County",5,47,19,9,10
050,38,047,"North Dakota","Logan County",5,48,17,7,10
050,38,047,"North Dakota","Logan County",5,49,17,12,5
050,38,047,"North Dakota","Logan County",5,50,22,11,11
050,38,047,"North Dakota","Logan County",5,51,22,12,10
050,38,047,"North Dakota","Logan County",5,52,19,10,9
050,38,047,"North Dakota","Logan County",5,53,18,9,9
050,38,047,"North Dakota","Logan County",5,54,15,8,7
050,38,047,"North Dakota","Logan County",5,55,16,8,8
050,38,047,"North Dakota","Logan County",5,56,15,6,9
050,38,047,"North Dakota","Logan County",5,57,22,14,8
050,38,047,"North Dakota","Logan County",5,58,28,16,12
050,38,047,"North Dakota","Logan County",5,59,25,13,12
050,38,047,"North Dakota","Logan County",5,60,26,14,12
050,38,047,"North Dakota","Logan County",5,61,28,15,13
050,38,047,"North Dakota","Logan County",5,62,34,14,20
050,38,047,"North Dakota","Logan County",5,63,31,20,11
050,38,047,"North Dakota","Logan County",5,64,32,20,12
050,38,047,"North Dakota","Logan County",5,65,26,15,11
050,38,047,"North Dakota","Logan County",5,66,28,15,13
050,38,047,"North Dakota","Logan County",5,67,26,14,12
050,38,047,"North Dakota","Logan County",5,68,30,18,12
050,38,047,"North Dakota","Logan County",5,69,31,15,16
050,38,047,"North Dakota","Logan County",5,70,22,12,10
050,38,047,"North Dakota","Logan County",5,71,23,10,13
050,38,047,"North Dakota","Logan County",5,72,18,8,10
050,38,047,"North Dakota","Logan County",5,73,17,8,9
050,38,047,"North Dakota","Logan County",5,74,17,10,7
050,38,047,"North Dakota","Logan County",5,75,23,12,11
050,38,047,"North Dakota","Logan County",5,76,24,14,10
050,38,047,"North Dakota","Logan County",5,77,15,8,7
050,38,047,"North Dakota","Logan County",5,78,20,9,11
050,38,047,"North Dakota","Logan County",5,79,15,8,7
050,38,047,"North Dakota","Logan County",5,80,14,7,7
050,38,047,"North Dakota","Logan County",5,81,15,6,9
050,38,047,"North Dakota","Logan County",5,82,15,7,8
050,38,047,"North Dakota","Logan County",5,83,15,6,9
050,38,047,"North Dakota","Logan County",5,84,16,7,9
050,38,047,"North Dakota","Logan County",5,85,86,37,49
050,38,049,"North Dakota","McHenry County",1,0,58,30,28
050,38,049,"North Dakota","McHenry County",1,1,56,31,25
050,38,049,"North Dakota","McHenry County",1,2,59,37,22
050,38,049,"North Dakota","McHenry County",1,3,76,45,31
050,38,049,"North Dakota","McHenry County",1,4,74,43,31
050,38,049,"North Dakota","McHenry County",1,5,60,27,33
050,38,049,"North Dakota","McHenry County",1,6,70,33,37
050,38,049,"North Dakota","McHenry County",1,7,73,37,36
050,38,049,"North Dakota","McHenry County",1,8,68,40,28
050,38,049,"North Dakota","McHenry County",1,9,71,40,31
050,38,049,"North Dakota","McHenry County",1,10,77,44,33
050,38,049,"North Dakota","McHenry County",1,11,89,45,44
050,38,049,"North Dakota","McHenry County",1,12,95,44,51
050,38,049,"North Dakota","McHenry County",1,13,72,35,37
050,38,049,"North Dakota","McHenry County",1,14,70,36,34
050,38,049,"North Dakota","McHenry County",1,15,73,38,35
050,38,049,"North Dakota","McHenry County",1,16,79,42,37
050,38,049,"North Dakota","McHenry County",1,17,66,36,30
050,38,049,"North Dakota","McHenry County",1,18,52,28,24
050,38,049,"North Dakota","McHenry County",1,19,42,26,16
050,38,049,"North Dakota","McHenry County",1,20,45,28,17
050,38,049,"North Dakota","McHenry County",1,21,41,21,20
050,38,049,"North Dakota","McHenry County",1,22,35,21,14
050,38,049,"North Dakota","McHenry County",1,23,41,27,14
050,38,049,"North Dakota","McHenry County",1,24,49,28,21
050,38,049,"North Dakota","McHenry County",1,25,43,23,20
050,38,049,"North Dakota","McHenry County",1,26,45,21,24
050,38,049,"North Dakota","McHenry County",1,27,60,34,26
050,38,049,"North Dakota","McHenry County",1,28,58,30,28
050,38,049,"North Dakota","McHenry County",1,29,65,29,36
050,38,049,"North Dakota","McHenry County",1,30,47,25,22
050,38,049,"North Dakota","McHenry County",1,31,47,22,25
050,38,049,"North Dakota","McHenry County",1,32,49,27,22
050,38,049,"North Dakota","McHenry County",1,33,47,28,19
050,38,049,"North Dakota","McHenry County",1,34,61,37,24
050,38,049,"North Dakota","McHenry County",1,35,76,42,34
050,38,049,"North Dakota","McHenry County",1,36,77,41,36
050,38,049,"North Dakota","McHenry County",1,37,65,36,29
050,38,049,"North Dakota","McHenry County",1,38,63,30,33
050,38,049,"North Dakota","McHenry County",1,39,71,36,35
050,38,049,"North Dakota","McHenry County",1,40,75,37,38
050,38,049,"North Dakota","McHenry County",1,41,71,35,36
050,38,049,"North Dakota","McHenry County",1,42,65,37,28
050,38,049,"North Dakota","McHenry County",1,43,68,42,26
050,38,049,"North Dakota","McHenry County",1,44,59,35,24
050,38,049,"North Dakota","McHenry County",1,45,53,26,27
050,38,049,"North Dakota","McHenry County",1,46,56,31,25
050,38,049,"North Dakota","McHenry County",1,47,52,31,21
050,38,049,"North Dakota","McHenry County",1,48,57,26,31
050,38,049,"North Dakota","McHenry County",1,49,64,29,35
050,38,049,"North Dakota","McHenry County",1,50,60,30,30
050,38,049,"North Dakota","McHenry County",1,51,63,34,29
050,38,049,"North Dakota","McHenry County",1,52,64,38,26
050,38,049,"North Dakota","McHenry County",1,53,71,44,27
050,38,049,"North Dakota","McHenry County",1,54,76,41,35
050,38,049,"North Dakota","McHenry County",1,55,86,45,41
050,38,049,"North Dakota","McHenry County",1,56,84,38,46
050,38,049,"North Dakota","McHenry County",1,57,65,35,30
050,38,049,"North Dakota","McHenry County",1,58,80,43,37
050,38,049,"North Dakota","McHenry County",1,59,81,44,37
050,38,049,"North Dakota","McHenry County",1,60,84,42,42
050,38,049,"North Dakota","McHenry County",1,61,76,43,33
050,38,049,"North Dakota","McHenry County",1,62,82,44,38
050,38,049,"North Dakota","McHenry County",1,63,83,43,40
050,38,049,"North Dakota","McHenry County",1,64,88,46,42
050,38,049,"North Dakota","McHenry County",1,65,97,49,48
050,38,049,"North Dakota","McHenry County",1,66,82,43,39
050,38,049,"North Dakota","McHenry County",1,67,65,36,29
050,38,049,"North Dakota","McHenry County",1,68,71,37,34
050,38,049,"North Dakota","McHenry County",1,69,51,20,31
050,38,049,"North Dakota","McHenry County",1,70,55,28,27
050,38,049,"North Dakota","McHenry County",1,71,60,31,29
050,38,049,"North Dakota","McHenry County",1,72,61,35,26
050,38,049,"North Dakota","McHenry County",1,73,61,34,27
050,38,049,"North Dakota","McHenry County",1,74,47,26,21
050,38,049,"North Dakota","McHenry County",1,75,51,25,26
050,38,049,"North Dakota","McHenry County",1,76,45,21,24
050,38,049,"North Dakota","McHenry County",1,77,43,24,19
050,38,049,"North Dakota","McHenry County",1,78,36,18,18
050,38,049,"North Dakota","McHenry County",1,79,26,15,11
050,38,049,"North Dakota","McHenry County",1,80,25,13,12
050,38,049,"North Dakota","McHenry County",1,81,28,12,16
050,38,049,"North Dakota","McHenry County",1,82,26,10,16
050,38,049,"North Dakota","McHenry County",1,83,24,9,15
050,38,049,"North Dakota","McHenry County",1,84,17,8,9
050,38,049,"North Dakota","McHenry County",1,85,153,50,103
050,38,049,"North Dakota","McHenry County",2,0,55,26,29
050,38,049,"North Dakota","McHenry County",2,1,55,30,25
050,38,049,"North Dakota","McHenry County",2,2,59,36,23
050,38,049,"North Dakota","McHenry County",2,3,71,43,28
050,38,049,"North Dakota","McHenry County",2,4,75,44,31
050,38,049,"North Dakota","McHenry County",2,5,63,31,32
050,38,049,"North Dakota","McHenry County",2,6,68,32,36
050,38,049,"North Dakota","McHenry County",2,7,71,36,35
050,38,049,"North Dakota","McHenry County",2,8,68,38,30
050,38,049,"North Dakota","McHenry County",2,9,68,38,30
050,38,049,"North Dakota","McHenry County",2,10,76,44,32
050,38,049,"North Dakota","McHenry County",2,11,87,45,42
050,38,049,"North Dakota","McHenry County",2,12,94,44,50
050,38,049,"North Dakota","McHenry County",2,13,77,38,39
050,38,049,"North Dakota","McHenry County",2,14,70,36,34
050,38,049,"North Dakota","McHenry County",2,15,73,38,35
050,38,049,"North Dakota","McHenry County",2,16,77,41,36
050,38,049,"North Dakota","McHenry County",2,17,68,37,31
050,38,049,"North Dakota","McHenry County",2,18,50,27,23
050,38,049,"North Dakota","McHenry County",2,19,42,25,17
050,38,049,"North Dakota","McHenry County",2,20,45,28,17
050,38,049,"North Dakota","McHenry County",2,21,41,22,19
050,38,049,"North Dakota","McHenry County",2,22,37,21,16
050,38,049,"North Dakota","McHenry County",2,23,41,26,15
050,38,049,"North Dakota","McHenry County",2,24,47,28,19
050,38,049,"North Dakota","McHenry County",2,25,45,24,21
050,38,049,"North Dakota","McHenry County",2,26,46,22,24
050,38,049,"North Dakota","McHenry County",2,27,55,30,25
050,38,049,"North Dakota","McHenry County",2,28,58,30,28
050,38,049,"North Dakota","McHenry County",2,29,63,30,33
050,38,049,"North Dakota","McHenry County",2,30,50,25,25
050,38,049,"North Dakota","McHenry County",2,31,48,23,25
050,38,049,"North Dakota","McHenry County",2,32,49,26,23
050,38,049,"North Dakota","McHenry County",2,33,47,27,20
050,38,049,"North Dakota","McHenry County",2,34,58,36,22
050,38,049,"North Dakota","McHenry County",2,35,73,41,32
050,38,049,"North Dakota","McHenry County",2,36,78,43,35
050,38,049,"North Dakota","McHenry County",2,37,69,38,31
050,38,049,"North Dakota","McHenry County",2,38,65,32,33
050,38,049,"North Dakota","McHenry County",2,39,68,34,34
050,38,049,"North Dakota","McHenry County",2,40,75,37,38
050,38,049,"North Dakota","McHenry County",2,41,73,37,36
050,38,049,"North Dakota","McHenry County",2,42,66,36,30
050,38,049,"North Dakota","McHenry County",2,43,68,41,27
050,38,049,"North Dakota","McHenry County",2,44,61,37,24
050,38,049,"North Dakota","McHenry County",2,45,54,28,26
050,38,049,"North Dakota","McHenry County",2,46,55,30,25
050,38,049,"North Dakota","McHenry County",2,47,52,30,22
050,38,049,"North Dakota","McHenry County",2,48,56,27,29
050,38,049,"North Dakota","McHenry County",2,49,62,28,34
050,38,049,"North Dakota","McHenry County",2,50,59,29,30
050,38,049,"North Dakota","McHenry County",2,51,61,32,29
050,38,049,"North Dakota","McHenry County",2,52,63,37,26
050,38,049,"North Dakota","McHenry County",2,53,69,42,27
050,38,049,"North Dakota","McHenry County",2,54,75,42,33
050,38,049,"North Dakota","McHenry County",2,55,85,44,41
050,38,049,"North Dakota","McHenry County",2,56,84,39,45
050,38,049,"North Dakota","McHenry County",2,57,69,36,33
050,38,049,"North Dakota","McHenry County",2,58,77,42,35
050,38,049,"North Dakota","McHenry County",2,59,81,44,37
050,38,049,"North Dakota","McHenry County",2,60,82,42,40
050,38,049,"North Dakota","McHenry County",2,61,77,42,35
050,38,049,"North Dakota","McHenry County",2,62,81,44,37
050,38,049,"North Dakota","McHenry County",2,63,84,44,40
050,38,049,"North Dakota","McHenry County",2,64,87,45,42
050,38,049,"North Dakota","McHenry County",2,65,93,47,46
050,38,049,"North Dakota","McHenry County",2,66,86,44,42
050,38,049,"North Dakota","McHenry County",2,67,70,38,32
050,38,049,"North Dakota","McHenry County",2,68,69,37,32
050,38,049,"North Dakota","McHenry County",2,69,56,24,32
050,38,049,"North Dakota","McHenry County",2,70,54,26,28
050,38,049,"North Dakota","McHenry County",2,71,56,28,28
050,38,049,"North Dakota","McHenry County",2,72,60,34,26
050,38,049,"North Dakota","McHenry County",2,73,64,36,28
050,38,049,"North Dakota","McHenry County",2,74,46,26,20
050,38,049,"North Dakota","McHenry County",2,75,51,25,26
050,38,049,"North Dakota","McHenry County",2,76,44,21,23
050,38,049,"North Dakota","McHenry County",2,77,44,23,21
050,38,049,"North Dakota","McHenry County",2,78,35,17,18
050,38,049,"North Dakota","McHenry County",2,79,27,15,12
050,38,049,"North Dakota","McHenry County",2,80,25,13,12
050,38,049,"North Dakota","McHenry County",2,81,28,13,15
050,38,049,"North Dakota","McHenry County",2,82,26,10,16
050,38,049,"North Dakota","McHenry County",2,83,24,9,15
050,38,049,"North Dakota","McHenry County",2,84,17,8,9
050,38,049,"North Dakota","McHenry County",2,85,151,49,102
050,38,049,"North Dakota","McHenry County",3,0,51,22,29
050,38,049,"North Dakota","McHenry County",3,1,59,28,31
050,38,049,"North Dakota","McHenry County",3,2,56,31,25
050,38,049,"North Dakota","McHenry County",3,3,64,41,23
050,38,049,"North Dakota","McHenry County",3,4,68,39,29
050,38,049,"North Dakota","McHenry County",3,5,77,49,28
050,38,049,"North Dakota","McHenry County",3,6,61,28,33
050,38,049,"North Dakota","McHenry County",3,7,68,32,36
050,38,049,"North Dakota","McHenry County",3,8,71,32,39
050,38,049,"North Dakota","McHenry County",3,9,70,40,30
050,38,049,"North Dakota","McHenry County",3,10,72,41,31
050,38,049,"North Dakota","McHenry County",3,11,75,45,30
050,38,049,"North Dakota","McHenry County",3,12,89,46,43
050,38,049,"North Dakota","McHenry County",3,13,94,47,47
050,38,049,"North Dakota","McHenry County",3,14,73,35,38
050,38,049,"North Dakota","McHenry County",3,15,67,34,33
050,38,049,"North Dakota","McHenry County",3,16,75,38,37
050,38,049,"North Dakota","McHenry County",3,17,74,38,36
050,38,049,"North Dakota","McHenry County",3,18,56,32,24
050,38,049,"North Dakota","McHenry County",3,19,35,17,18
050,38,049,"North Dakota","McHenry County",3,20,41,24,17
050,38,049,"North Dakota","McHenry County",3,21,43,26,17
050,38,049,"North Dakota","McHenry County",3,22,41,23,18
050,38,049,"North Dakota","McHenry County",3,23,34,20,14
050,38,049,"North Dakota","McHenry County",3,24,47,29,18
050,38,049,"North Dakota","McHenry County",3,25,48,28,20
050,38,049,"North Dakota","McHenry County",3,26,40,21,19
050,38,049,"North Dakota","McHenry County",3,27,50,24,26
050,38,049,"North Dakota","McHenry County",3,28,52,24,28
050,38,049,"North Dakota","McHenry County",3,29,54,28,26
050,38,049,"North Dakota","McHenry County",3,30,67,34,33
050,38,049,"North Dakota","McHenry County",3,31,47,24,23
050,38,049,"North Dakota","McHenry County",3,32,47,22,25
050,38,049,"North Dakota","McHenry County",3,33,50,28,22
050,38,049,"North Dakota","McHenry County",3,34,48,27,21
050,38,049,"North Dakota","McHenry County",3,35,57,35,22
050,38,049,"North Dakota","McHenry County",3,36,73,39,34
050,38,049,"North Dakota","McHenry County",3,37,80,45,35
050,38,049,"North Dakota","McHenry County",3,38,70,39,31
050,38,049,"North Dakota","McHenry County",3,39,66,33,33
050,38,049,"North Dakota","McHenry County",3,40,68,36,32
050,38,049,"North Dakota","McHenry County",3,41,75,39,36
050,38,049,"North Dakota","McHenry County",3,42,68,35,33
050,38,049,"North Dakota","McHenry County",3,43,62,33,29
050,38,049,"North Dakota","McHenry County",3,44,70,41,29
050,38,049,"North Dakota","McHenry County",3,45,60,38,22
050,38,049,"North Dakota","McHenry County",3,46,55,28,27
050,38,049,"North Dakota","McHenry County",3,47,54,29,25
050,38,049,"North Dakota","McHenry County",3,48,48,26,22
050,38,049,"North Dakota","McHenry County",3,49,54,27,27
050,38,049,"North Dakota","McHenry County",3,50,63,29,34
050,38,049,"North Dakota","McHenry County",3,51,61,29,32
050,38,049,"North Dakota","McHenry County",3,52,59,31,28
050,38,049,"North Dakota","McHenry County",3,53,64,37,27
050,38,049,"North Dakota","McHenry County",3,54,68,41,27
050,38,049,"North Dakota","McHenry County",3,55,79,43,36
050,38,049,"North Dakota","McHenry County",3,56,82,41,41
050,38,049,"North Dakota","McHenry County",3,57,81,38,43
050,38,049,"North Dakota","McHenry County",3,58,70,37,33
050,38,049,"North Dakota","McHenry County",3,59,80,42,38
050,38,049,"North Dakota","McHenry County",3,60,77,42,35
050,38,049,"North Dakota","McHenry County",3,61,79,42,37
050,38,049,"North Dakota","McHenry County",3,62,73,41,32
050,38,049,"North Dakota","McHenry County",3,63,80,44,36
050,38,049,"North Dakota","McHenry County",3,64,83,43,40
050,38,049,"North Dakota","McHenry County",3,65,82,42,40
050,38,049,"North Dakota","McHenry County",3,66,89,43,46
050,38,049,"North Dakota","McHenry County",3,67,82,41,41
050,38,049,"North Dakota","McHenry County",3,68,71,39,32
050,38,049,"North Dakota","McHenry County",3,69,63,33,30
050,38,049,"North Dakota","McHenry County",3,70,55,25,30
050,38,049,"North Dakota","McHenry County",3,71,50,21,29
050,38,049,"North Dakota","McHenry County",3,72,57,31,26
050,38,049,"North Dakota","McHenry County",3,73,57,33,24
050,38,049,"North Dakota","McHenry County",3,74,65,36,29
050,38,049,"North Dakota","McHenry County",3,75,47,26,21
050,38,049,"North Dakota","McHenry County",3,76,45,23,22
050,38,049,"North Dakota","McHenry County",3,77,46,23,23
050,38,049,"North Dakota","McHenry County",3,78,40,21,19
050,38,049,"North Dakota","McHenry County",3,79,31,15,16
050,38,049,"North Dakota","McHenry County",3,80,25,12,13
050,38,049,"North Dakota","McHenry County",3,81,25,14,11
050,38,049,"North Dakota","McHenry County",3,82,23,11,12
050,38,049,"North Dakota","McHenry County",3,83,22,7,15
050,38,049,"North Dakota","McHenry County",3,84,21,8,13
050,38,049,"North Dakota","McHenry County",3,85,119,40,79
050,38,049,"North Dakota","McHenry County",4,0,61,28,33
050,38,049,"North Dakota","McHenry County",4,1,57,27,30
050,38,049,"North Dakota","McHenry County",4,2,60,28,32
050,38,049,"North Dakota","McHenry County",4,3,52,29,23
050,38,049,"North Dakota","McHenry County",4,4,62,37,25
050,38,049,"North Dakota","McHenry County",4,5,66,37,29
050,38,049,"North Dakota","McHenry County",4,6,76,48,28
050,38,049,"North Dakota","McHenry County",4,7,60,27,33
050,38,049,"North Dakota","McHenry County",4,8,70,36,34
050,38,049,"North Dakota","McHenry County",4,9,67,32,35
050,38,049,"North Dakota","McHenry County",4,10,69,37,32
050,38,049,"North Dakota","McHenry County",4,11,73,38,35
050,38,049,"North Dakota","McHenry County",4,12,76,44,32
050,38,049,"North Dakota","McHenry County",4,13,89,46,43
050,38,049,"North Dakota","McHenry County",4,14,91,46,45
050,38,049,"North Dakota","McHenry County",4,15,73,35,38
050,38,049,"North Dakota","McHenry County",4,16,65,31,34
050,38,049,"North Dakota","McHenry County",4,17,74,34,40
050,38,049,"North Dakota","McHenry County",4,18,62,33,29
050,38,049,"North Dakota","McHenry County",4,19,38,23,15
050,38,049,"North Dakota","McHenry County",4,20,38,19,19
050,38,049,"North Dakota","McHenry County",4,21,39,22,17
050,38,049,"North Dakota","McHenry County",4,22,44,25,19
050,38,049,"North Dakota","McHenry County",4,23,42,25,17
050,38,049,"North Dakota","McHenry County",4,24,35,21,14
050,38,049,"North Dakota","McHenry County",4,25,43,25,18
050,38,049,"North Dakota","McHenry County",4,26,43,21,22
050,38,049,"North Dakota","McHenry County",4,27,53,27,26
050,38,049,"North Dakota","McHenry County",4,28,56,25,31
050,38,049,"North Dakota","McHenry County",4,29,54,24,30
050,38,049,"North Dakota","McHenry County",4,30,61,34,27
050,38,049,"North Dakota","McHenry County",4,31,65,34,31
050,38,049,"North Dakota","McHenry County",4,32,49,25,24
050,38,049,"North Dakota","McHenry County",4,33,47,22,25
050,38,049,"North Dakota","McHenry County",4,34,49,27,22
050,38,049,"North Dakota","McHenry County",4,35,50,30,20
050,38,049,"North Dakota","McHenry County",4,36,58,34,24
050,38,049,"North Dakota","McHenry County",4,37,68,37,31
050,38,049,"North Dakota","McHenry County",4,38,78,45,33
050,38,049,"North Dakota","McHenry County",4,39,67,36,31
050,38,049,"North Dakota","McHenry County",4,40,70,35,35
050,38,049,"North Dakota","McHenry County",4,41,62,32,30
050,38,049,"North Dakota","McHenry County",4,42,76,41,35
050,38,049,"North Dakota","McHenry County",4,43,66,33,33
050,38,049,"North Dakota","McHenry County",4,44,62,34,28
050,38,049,"North Dakota","McHenry County",4,45,69,40,29
050,38,049,"North Dakota","McHenry County",4,46,57,34,23
050,38,049,"North Dakota","McHenry County",4,47,56,28,28
050,38,049,"North Dakota","McHenry County",4,48,50,29,21
050,38,049,"North Dakota","McHenry County",4,49,51,29,22
050,38,049,"North Dakota","McHenry County",4,50,55,25,30
050,38,049,"North Dakota","McHenry County",4,51,57,26,31
050,38,049,"North Dakota","McHenry County",4,52,59,30,29
050,38,049,"North Dakota","McHenry County",4,53,60,32,28
050,38,049,"North Dakota","McHenry County",4,54,66,39,27
050,38,049,"North Dakota","McHenry County",4,55,68,41,27
050,38,049,"North Dakota","McHenry County",4,56,77,41,36
050,38,049,"North Dakota","McHenry County",4,57,77,36,41
050,38,049,"North Dakota","McHenry County",4,58,82,38,44
050,38,049,"North Dakota","McHenry County",4,59,69,37,32
050,38,049,"North Dakota","McHenry County",4,60,83,44,39
050,38,049,"North Dakota","McHenry County",4,61,78,42,36
050,38,049,"North Dakota","McHenry County",4,62,77,41,36
050,38,049,"North Dakota","McHenry County",4,63,72,41,31
050,38,049,"North Dakota","McHenry County",4,64,80,43,37
050,38,049,"North Dakota","McHenry County",4,65,83,43,40
050,38,049,"North Dakota","McHenry County",4,66,80,40,40
050,38,049,"North Dakota","McHenry County",4,67,85,41,44
050,38,049,"North Dakota","McHenry County",4,68,82,40,42
050,38,049,"North Dakota","McHenry County",4,69,66,35,31
050,38,049,"North Dakota","McHenry County",4,70,61,34,27
050,38,049,"North Dakota","McHenry County",4,71,53,23,30
050,38,049,"North Dakota","McHenry County",4,72,43,20,23
050,38,049,"North Dakota","McHenry County",4,73,55,30,25
050,38,049,"North Dakota","McHenry County",4,74,58,35,23
050,38,049,"North Dakota","McHenry County",4,75,67,36,31
050,38,049,"North Dakota","McHenry County",4,76,45,26,19
050,38,049,"North Dakota","McHenry County",4,77,42,22,20
050,38,049,"North Dakota","McHenry County",4,78,41,20,21
050,38,049,"North Dakota","McHenry County",4,79,39,23,16
050,38,049,"North Dakota","McHenry County",4,80,30,13,17
050,38,049,"North Dakota","McHenry County",4,81,25,13,12
050,38,049,"North Dakota","McHenry County",4,82,24,15,9
050,38,049,"North Dakota","McHenry County",4,83,20,8,12
050,38,049,"North Dakota","McHenry County",4,84,18,7,11
050,38,049,"North Dakota","McHenry County",4,85,119,32,87
050,38,049,"North Dakota","McHenry County",5,0,62,28,34
050,38,049,"North Dakota","McHenry County",5,1,61,28,33
050,38,049,"North Dakota","McHenry County",5,2,54,25,29
050,38,049,"North Dakota","McHenry County",5,3,55,26,29
050,38,049,"North Dakota","McHenry County",5,4,53,30,23
050,38,049,"North Dakota","McHenry County",5,5,65,41,24
050,38,049,"North Dakota","McHenry County",5,6,66,37,29
050,38,049,"North Dakota","McHenry County",5,7,78,50,28
050,38,049,"North Dakota","McHenry County",5,8,61,29,32
050,38,049,"North Dakota","McHenry County",5,9,73,37,36
050,38,049,"North Dakota","McHenry County",5,10,64,29,35
050,38,049,"North Dakota","McHenry County",5,11,69,37,32
050,38,049,"North Dakota","McHenry County",5,12,77,40,37
050,38,049,"North Dakota","McHenry County",5,13,79,48,31
050,38,049,"North Dakota","McHenry County",5,14,89,43,46
050,38,049,"North Dakota","McHenry County",5,15,91,45,46
050,38,049,"North Dakota","McHenry County",5,16,75,36,39
050,38,049,"North Dakota","McHenry County",5,17,61,29,32
050,38,049,"North Dakota","McHenry County",5,18,59,32,27
050,38,049,"North Dakota","McHenry County",5,19,46,23,23
050,38,049,"North Dakota","McHenry County",5,20,39,24,15
050,38,049,"North Dakota","McHenry County",5,21,42,22,20
050,38,049,"North Dakota","McHenry County",5,22,38,20,18
050,38,049,"North Dakota","McHenry County",5,23,41,21,20
050,38,049,"North Dakota","McHenry County",5,24,42,24,18
050,38,049,"North Dakota","McHenry County",5,25,37,20,17
050,38,049,"North Dakota","McHenry County",5,26,41,24,17
050,38,049,"North Dakota","McHenry County",5,27,42,18,24
050,38,049,"North Dakota","McHenry County",5,28,51,25,26
050,38,049,"North Dakota","McHenry County",5,29,54,24,30
050,38,049,"North Dakota","McHenry County",5,30,55,23,32
050,38,049,"North Dakota","McHenry County",5,31,68,39,29
050,38,049,"North Dakota","McHenry County",5,32,63,35,28
050,38,049,"North Dakota","McHenry County",5,33,51,24,27
050,38,049,"North Dakota","McHenry County",5,34,45,22,23
050,38,049,"North Dakota","McHenry County",5,35,50,28,22
050,38,049,"North Dakota","McHenry County",5,36,52,32,20
050,38,049,"North Dakota","McHenry County",5,37,59,35,24
050,38,049,"North Dakota","McHenry County",5,38,62,35,27
050,38,049,"North Dakota","McHenry County",5,39,74,42,32
050,38,049,"North Dakota","McHenry County",5,40,69,36,33
050,38,049,"North Dakota","McHenry County",5,41,68,33,35
050,38,049,"North Dakota","McHenry County",5,42,63,32,31
050,38,049,"North Dakota","McHenry County",5,43,76,40,36
050,38,049,"North Dakota","McHenry County",5,44,70,35,35
050,38,049,"North Dakota","McHenry County",5,45,62,34,28
050,38,049,"North Dakota","McHenry County",5,46,65,36,29
050,38,049,"North Dakota","McHenry County",5,47,56,33,23
050,38,049,"North Dakota","McHenry County",5,48,54,27,27
050,38,049,"North Dakota","McHenry County",5,49,47,27,20
050,38,049,"North Dakota","McHenry County",5,50,50,30,20
050,38,049,"North Dakota","McHenry County",5,51,54,25,29
050,38,049,"North Dakota","McHenry County",5,52,53,27,26
050,38,049,"North Dakota","McHenry County",5,53,57,32,25
050,38,049,"North Dakota","McHenry County",5,54,55,30,25
050,38,049,"North Dakota","McHenry County",5,55,65,38,27
050,38,049,"North Dakota","McHenry County",5,56,68,41,27
050,38,049,"North Dakota","McHenry County",5,57,75,40,35
050,38,049,"North Dakota","McHenry County",5,58,73,35,38
050,38,049,"North Dakota","McHenry County",5,59,83,41,42
050,38,049,"North Dakota","McHenry County",5,60,66,37,29
050,38,049,"North Dakota","McHenry County",5,61,83,43,40
050,38,049,"North Dakota","McHenry County",5,62,73,40,33
050,38,049,"North Dakota","McHenry County",5,63,78,43,35
050,38,049,"North Dakota","McHenry County",5,64,72,41,31
050,38,049,"North Dakota","McHenry County",5,65,79,41,38
050,38,049,"North Dakota","McHenry County",5,66,81,42,39
050,38,049,"North Dakota","McHenry County",5,67,78,38,40
050,38,049,"North Dakota","McHenry County",5,68,86,41,45
050,38,049,"North Dakota","McHenry County",5,69,76,36,40
050,38,049,"North Dakota","McHenry County",5,70,66,37,29
050,38,049,"North Dakota","McHenry County",5,71,56,30,26
050,38,049,"North Dakota","McHenry County",5,72,50,23,27
050,38,049,"North Dakota","McHenry County",5,73,39,18,21
050,38,049,"North Dakota","McHenry County",5,74,55,30,25
050,38,049,"North Dakota","McHenry County",5,75,59,36,23
050,38,049,"North Dakota","McHenry County",5,76,61,35,26
050,38,049,"North Dakota","McHenry County",5,77,44,26,18
050,38,049,"North Dakota","McHenry County",5,78,38,19,19
050,38,049,"North Dakota","McHenry County",5,79,39,19,20
050,38,049,"North Dakota","McHenry County",5,80,39,22,17
050,38,049,"North Dakota","McHenry County",5,81,30,15,15
050,38,049,"North Dakota","McHenry County",5,82,22,11,11
050,38,049,"North Dakota","McHenry County",5,83,22,13,9
050,38,049,"North Dakota","McHenry County",5,84,18,7,11
050,38,049,"North Dakota","McHenry County",5,85,114,27,87
050,38,051,"North Dakota","McIntosh County",1,0,26,14,12
050,38,051,"North Dakota","McIntosh County",1,1,25,15,10
050,38,051,"North Dakota","McIntosh County",1,2,27,14,13
050,38,051,"North Dakota","McIntosh County",1,3,22,12,10
050,38,051,"North Dakota","McIntosh County",1,4,27,16,11
050,38,051,"North Dakota","McIntosh County",1,5,28,14,14
050,38,051,"North Dakota","McIntosh County",1,6,23,11,12
050,38,051,"North Dakota","McIntosh County",1,7,32,15,17
050,38,051,"North Dakota","McIntosh County",1,8,26,16,10
050,38,051,"North Dakota","McIntosh County",1,9,25,10,15
050,38,051,"North Dakota","McIntosh County",1,10,26,13,13
050,38,051,"North Dakota","McIntosh County",1,11,28,18,10
050,38,051,"North Dakota","McIntosh County",1,12,25,12,13
050,38,051,"North Dakota","McIntosh County",1,13,30,16,14
050,38,051,"North Dakota","McIntosh County",1,14,37,21,16
050,38,051,"North Dakota","McIntosh County",1,15,28,13,15
050,38,051,"North Dakota","McIntosh County",1,16,22,13,9
050,38,051,"North Dakota","McIntosh County",1,17,24,13,11
050,38,051,"North Dakota","McIntosh County",1,18,22,13,9
050,38,051,"North Dakota","McIntosh County",1,19,15,8,7
050,38,051,"North Dakota","McIntosh County",1,20,16,8,8
050,38,051,"North Dakota","McIntosh County",1,21,13,8,5
050,38,051,"North Dakota","McIntosh County",1,22,16,9,7
050,38,051,"North Dakota","McIntosh County",1,23,25,12,13
050,38,051,"North Dakota","McIntosh County",1,24,32,18,14
050,38,051,"North Dakota","McIntosh County",1,25,23,15,8
050,38,051,"North Dakota","McIntosh County",1,26,20,7,13
050,38,051,"North Dakota","McIntosh County",1,27,20,10,10
050,38,051,"North Dakota","McIntosh County",1,28,17,9,8
050,38,051,"North Dakota","McIntosh County",1,29,20,8,12
050,38,051,"North Dakota","McIntosh County",1,30,17,8,9
050,38,051,"North Dakota","McIntosh County",1,31,20,9,11
050,38,051,"North Dakota","McIntosh County",1,32,26,15,11
050,38,051,"North Dakota","McIntosh County",1,33,28,15,13
050,38,051,"North Dakota","McIntosh County",1,34,26,12,14
050,38,051,"North Dakota","McIntosh County",1,35,25,12,13
050,38,051,"North Dakota","McIntosh County",1,36,29,14,15
050,38,051,"North Dakota","McIntosh County",1,37,24,13,11
050,38,051,"North Dakota","McIntosh County",1,38,27,15,12
050,38,051,"North Dakota","McIntosh County",1,39,21,11,10
050,38,051,"North Dakota","McIntosh County",1,40,20,10,10
050,38,051,"North Dakota","McIntosh County",1,41,15,8,7
050,38,051,"North Dakota","McIntosh County",1,42,22,10,12
050,38,051,"North Dakota","McIntosh County",1,43,24,11,13
050,38,051,"North Dakota","McIntosh County",1,44,19,9,10
050,38,051,"North Dakota","McIntosh County",1,45,16,6,10
050,38,051,"North Dakota","McIntosh County",1,46,21,11,10
050,38,051,"North Dakota","McIntosh County",1,47,22,17,5
050,38,051,"North Dakota","McIntosh County",1,48,24,18,6
050,38,051,"North Dakota","McIntosh County",1,49,22,15,7
050,38,051,"North Dakota","McIntosh County",1,50,21,14,7
050,38,051,"North Dakota","McIntosh County",1,51,23,13,10
050,38,051,"North Dakota","McIntosh County",1,52,30,14,16
050,38,051,"North Dakota","McIntosh County",1,53,33,14,19
050,38,051,"North Dakota","McIntosh County",1,54,36,18,18
050,38,051,"North Dakota","McIntosh County",1,55,33,15,18
050,38,051,"North Dakota","McIntosh County",1,56,39,20,19
050,38,051,"North Dakota","McIntosh County",1,57,38,19,19
050,38,051,"North Dakota","McIntosh County",1,58,49,27,22
050,38,051,"North Dakota","McIntosh County",1,59,49,24,25
050,38,051,"North Dakota","McIntosh County",1,60,56,33,23
050,38,051,"North Dakota","McIntosh County",1,61,47,26,21
050,38,051,"North Dakota","McIntosh County",1,62,49,25,24
050,38,051,"North Dakota","McIntosh County",1,63,44,23,21
050,38,051,"North Dakota","McIntosh County",1,64,41,25,16
050,38,051,"North Dakota","McIntosh County",1,65,44,27,17
050,38,051,"North Dakota","McIntosh County",1,66,43,21,22
050,38,051,"North Dakota","McIntosh County",1,67,37,18,19
050,38,051,"North Dakota","McIntosh County",1,68,35,21,14
050,38,051,"North Dakota","McIntosh County",1,69,30,16,14
050,38,051,"North Dakota","McIntosh County",1,70,24,11,13
050,38,051,"North Dakota","McIntosh County",1,71,38,15,23
050,38,051,"North Dakota","McIntosh County",1,72,25,11,14
050,38,051,"North Dakota","McIntosh County",1,73,27,15,12
050,38,051,"North Dakota","McIntosh County",1,74,26,10,16
050,38,051,"North Dakota","McIntosh County",1,75,29,13,16
050,38,051,"North Dakota","McIntosh County",1,76,31,13,18
050,38,051,"North Dakota","McIntosh County",1,77,28,12,16
050,38,051,"North Dakota","McIntosh County",1,78,23,10,13
050,38,051,"North Dakota","McIntosh County",1,79,22,10,12
050,38,051,"North Dakota","McIntosh County",1,80,21,8,13
050,38,051,"North Dakota","McIntosh County",1,81,31,15,16
050,38,051,"North Dakota","McIntosh County",1,82,27,12,15
050,38,051,"North Dakota","McIntosh County",1,83,29,12,17
050,38,051,"North Dakota","McIntosh County",1,84,30,14,16
050,38,051,"North Dakota","McIntosh County",1,85,179,48,131
050,38,051,"North Dakota","McIntosh County",2,0,23,13,10
050,38,051,"North Dakota","McIntosh County",2,1,24,14,10
050,38,051,"North Dakota","McIntosh County",2,2,26,14,12
050,38,051,"North Dakota","McIntosh County",2,3,23,12,11
050,38,051,"North Dakota","McIntosh County",2,4,26,15,11
050,38,051,"North Dakota","McIntosh County",2,5,27,14,13
050,38,051,"North Dakota","McIntosh County",2,6,24,11,13
050,38,051,"North Dakota","McIntosh County",2,7,30,14,16
050,38,051,"North Dakota","McIntosh County",2,8,28,16,12
050,38,051,"North Dakota","McIntosh County",2,9,26,12,14
050,38,051,"North Dakota","McIntosh County",2,10,25,13,12
050,38,051,"North Dakota","McIntosh County",2,11,28,17,11
050,38,051,"North Dakota","McIntosh County",2,12,25,13,12
050,38,051,"North Dakota","McIntosh County",2,13,28,15,13
050,38,051,"North Dakota","McIntosh County",2,14,36,20,16
050,38,051,"North Dakota","McIntosh County",2,15,31,15,16
050,38,051,"North Dakota","McIntosh County",2,16,22,13,9
050,38,051,"North Dakota","McIntosh County",2,17,23,13,10
050,38,051,"North Dakota","McIntosh County",2,18,21,12,9
050,38,051,"North Dakota","McIntosh County",2,19,14,8,6
050,38,051,"North Dakota","McIntosh County",2,20,16,8,8
050,38,051,"North Dakota","McIntosh County",2,21,14,8,6
050,38,051,"North Dakota","McIntosh County",2,22,15,8,7
050,38,051,"North Dakota","McIntosh County",2,23,25,12,13
050,38,051,"North Dakota","McIntosh County",2,24,31,17,14
050,38,051,"North Dakota","McIntosh County",2,25,25,16,9
050,38,051,"North Dakota","McIntosh County",2,26,23,10,13
050,38,051,"North Dakota","McIntosh County",2,27,20,9,11
050,38,051,"North Dakota","McIntosh County",2,28,17,9,8
050,38,051,"North Dakota","McIntosh County",2,29,20,8,12
050,38,051,"North Dakota","McIntosh County",2,30,18,8,10
050,38,051,"North Dakota","McIntosh County",2,31,20,9,11
050,38,051,"North Dakota","McIntosh County",2,32,25,14,11
050,38,051,"North Dakota","McIntosh County",2,33,26,14,12
050,38,051,"North Dakota","McIntosh County",2,34,27,13,14
050,38,051,"North Dakota","McIntosh County",2,35,26,13,13
050,38,051,"North Dakota","McIntosh County",2,36,27,13,14
050,38,051,"North Dakota","McIntosh County",2,37,26,13,13
050,38,051,"North Dakota","McIntosh County",2,38,26,14,12
050,38,051,"North Dakota","McIntosh County",2,39,22,12,10
050,38,051,"North Dakota","McIntosh County",2,40,20,11,9
050,38,051,"North Dakota","McIntosh County",2,41,16,9,7
050,38,051,"North Dakota","McIntosh County",2,42,21,10,11
050,38,051,"North Dakota","McIntosh County",2,43,24,11,13
050,38,051,"North Dakota","McIntosh County",2,44,21,10,11
050,38,051,"North Dakota","McIntosh County",2,45,17,7,10
050,38,051,"North Dakota","McIntosh County",2,46,20,10,10
050,38,051,"North Dakota","McIntosh County",2,47,22,16,6
050,38,051,"North Dakota","McIntosh County",2,48,24,18,6
050,38,051,"North Dakota","McIntosh County",2,49,22,15,7
050,38,051,"North Dakota","McIntosh County",2,50,22,14,8
050,38,051,"North Dakota","McIntosh County",2,51,23,14,9
050,38,051,"North Dakota","McIntosh County",2,52,28,14,14
050,38,051,"North Dakota","McIntosh County",2,53,32,14,18
050,38,051,"North Dakota","McIntosh County",2,54,35,17,18
050,38,051,"North Dakota","McIntosh County",2,55,33,15,18
050,38,051,"North Dakota","McIntosh County",2,56,39,20,19
050,38,051,"North Dakota","McIntosh County",2,57,38,19,19
050,38,051,"North Dakota","McIntosh County",2,58,46,25,21
050,38,051,"North Dakota","McIntosh County",2,59,49,25,24
050,38,051,"North Dakota","McIntosh County",2,60,54,30,24
050,38,051,"North Dakota","McIntosh County",2,61,48,27,21
050,38,051,"North Dakota","McIntosh County",2,62,48,25,23
050,38,051,"North Dakota","McIntosh County",2,63,46,24,22
050,38,051,"North Dakota","McIntosh County",2,64,42,25,17
050,38,051,"North Dakota","McIntosh County",2,65,42,25,17
050,38,051,"North Dakota","McIntosh County",2,66,43,22,21
050,38,051,"North Dakota","McIntosh County",2,67,38,19,19
050,38,051,"North Dakota","McIntosh County",2,68,34,19,15
050,38,051,"North Dakota","McIntosh County",2,69,31,17,14
050,38,051,"North Dakota","McIntosh County",2,70,25,12,13
050,38,051,"North Dakota","McIntosh County",2,71,35,14,21
050,38,051,"North Dakota","McIntosh County",2,72,27,12,15
050,38,051,"North Dakota","McIntosh County",2,73,27,14,13
050,38,051,"North Dakota","McIntosh County",2,74,25,11,14
050,38,051,"North Dakota","McIntosh County",2,75,28,12,16
050,38,051,"North Dakota","McIntosh County",2,76,30,13,17
050,38,051,"North Dakota","McIntosh County",2,77,30,13,17
050,38,051,"North Dakota","McIntosh County",2,78,24,11,13
050,38,051,"North Dakota","McIntosh County",2,79,22,10,12
050,38,051,"North Dakota","McIntosh County",2,80,21,8,13
050,38,051,"North Dakota","McIntosh County",2,81,27,13,14
050,38,051,"North Dakota","McIntosh County",2,82,27,12,15
050,38,051,"North Dakota","McIntosh County",2,83,29,12,17
050,38,051,"North Dakota","McIntosh County",2,84,26,13,13
050,38,051,"North Dakota","McIntosh County",2,85,177,48,129
050,38,051,"North Dakota","McIntosh County",3,0,34,14,20
050,38,051,"North Dakota","McIntosh County",3,1,23,13,10
050,38,051,"North Dakota","McIntosh County",3,2,25,15,10
050,38,051,"North Dakota","McIntosh County",3,3,26,14,12
050,38,051,"North Dakota","McIntosh County",3,4,25,12,13
050,38,051,"North Dakota","McIntosh County",3,5,26,15,11
050,38,051,"North Dakota","McIntosh County",3,6,33,20,13
050,38,051,"North Dakota","McIntosh County",3,7,28,16,12
050,38,051,"North Dakota","McIntosh County",3,8,29,14,15
050,38,051,"North Dakota","McIntosh County",3,9,36,21,15
050,38,051,"North Dakota","McIntosh County",3,10,26,11,15
050,38,051,"North Dakota","McIntosh County",3,11,25,13,12
050,38,051,"North Dakota","McIntosh County",3,12,29,16,13
050,38,051,"North Dakota","McIntosh County",3,13,27,14,13
050,38,051,"North Dakota","McIntosh County",3,14,29,15,14
050,38,051,"North Dakota","McIntosh County",3,15,37,20,17
050,38,051,"North Dakota","McIntosh County",3,16,32,15,17
050,38,051,"North Dakota","McIntosh County",3,17,22,12,10
050,38,051,"North Dakota","McIntosh County",3,18,23,15,8
050,38,051,"North Dakota","McIntosh County",3,19,19,10,9
050,38,051,"North Dakota","McIntosh County",3,20,17,11,6
050,38,051,"North Dakota","McIntosh County",3,21,17,8,9
050,38,051,"North Dakota","McIntosh County",3,22,9,6,3
050,38,051,"North Dakota","McIntosh County",3,23,16,8,8
050,38,051,"North Dakota","McIntosh County",3,24,21,11,10
050,38,051,"North Dakota","McIntosh County",3,25,30,16,14
050,38,051,"North Dakota","McIntosh County",3,26,25,18,7
050,38,051,"North Dakota","McIntosh County",3,27,23,10,13
050,38,051,"North Dakota","McIntosh County",3,28,20,10,10
050,38,051,"North Dakota","McIntosh County",3,29,21,10,11
050,38,051,"North Dakota","McIntosh County",3,30,20,8,12
050,38,051,"North Dakota","McIntosh County",3,31,15,7,8
050,38,051,"North Dakota","McIntosh County",3,32,22,11,11
050,38,051,"North Dakota","McIntosh County",3,33,24,12,12
050,38,051,"North Dakota","McIntosh County",3,34,26,14,12
050,38,051,"North Dakota","McIntosh County",3,35,29,14,15
050,38,051,"North Dakota","McIntosh County",3,36,30,14,16
050,38,051,"North Dakota","McIntosh County",3,37,29,13,16
050,38,051,"North Dakota","McIntosh County",3,38,30,13,17
050,38,051,"North Dakota","McIntosh County",3,39,27,15,12
050,38,051,"North Dakota","McIntosh County",3,40,23,12,11
050,38,051,"North Dakota","McIntosh County",3,41,18,9,9
050,38,051,"North Dakota","McIntosh County",3,42,16,9,7
050,38,051,"North Dakota","McIntosh County",3,43,21,10,11
050,38,051,"North Dakota","McIntosh County",3,44,24,11,13
050,38,051,"North Dakota","McIntosh County",3,45,20,10,10
050,38,051,"North Dakota","McIntosh County",3,46,17,7,10
050,38,051,"North Dakota","McIntosh County",3,47,20,10,10
050,38,051,"North Dakota","McIntosh County",3,48,23,17,6
050,38,051,"North Dakota","McIntosh County",3,49,23,18,5
050,38,051,"North Dakota","McIntosh County",3,50,19,13,6
050,38,051,"North Dakota","McIntosh County",3,51,22,14,8
050,38,051,"North Dakota","McIntosh County",3,52,23,14,9
050,38,051,"North Dakota","McIntosh County",3,53,27,13,14
050,38,051,"North Dakota","McIntosh County",3,54,32,14,18
050,38,051,"North Dakota","McIntosh County",3,55,36,17,19
050,38,051,"North Dakota","McIntosh County",3,56,35,17,18
050,38,051,"North Dakota","McIntosh County",3,57,40,20,20
050,38,051,"North Dakota","McIntosh County",3,58,38,19,19
050,38,051,"North Dakota","McIntosh County",3,59,45,24,21
050,38,051,"North Dakota","McIntosh County",3,60,49,25,24
050,38,051,"North Dakota","McIntosh County",3,61,54,30,24
050,38,051,"North Dakota","McIntosh County",3,62,46,26,20
050,38,051,"North Dakota","McIntosh County",3,63,46,23,23
050,38,051,"North Dakota","McIntosh County",3,64,46,24,22
050,38,051,"North Dakota","McIntosh County",3,65,42,26,16
050,38,051,"North Dakota","McIntosh County",3,66,38,23,15
050,38,051,"North Dakota","McIntosh County",3,67,41,21,20
050,38,051,"North Dakota","McIntosh County",3,68,38,18,20
050,38,051,"North Dakota","McIntosh County",3,69,34,18,16
050,38,051,"North Dakota","McIntosh County",3,70,30,15,15
050,38,051,"North Dakota","McIntosh County",3,71,26,10,16
050,38,051,"North Dakota","McIntosh County",3,72,30,14,16
050,38,051,"North Dakota","McIntosh County",3,73,25,10,15
050,38,051,"North Dakota","McIntosh County",3,74,29,14,15
050,38,051,"North Dakota","McIntosh County",3,75,24,12,12
050,38,051,"North Dakota","McIntosh County",3,76,29,12,17
050,38,051,"North Dakota","McIntosh County",3,77,28,13,15
050,38,051,"North Dakota","McIntosh County",3,78,29,12,17
050,38,051,"North Dakota","McIntosh County",3,79,24,11,13
050,38,051,"North Dakota","McIntosh County",3,80,20,9,11
050,38,051,"North Dakota","McIntosh County",3,81,23,10,13
050,38,051,"North Dakota","McIntosh County",3,82,21,8,13
050,38,051,"North Dakota","McIntosh County",3,83,26,12,14
050,38,051,"North Dakota","McIntosh County",3,84,30,13,17
050,38,051,"North Dakota","McIntosh County",3,85,162,42,120
050,38,051,"North Dakota","McIntosh County",4,0,31,13,18
050,38,051,"North Dakota","McIntosh County",4,1,31,14,17
050,38,051,"North Dakota","McIntosh County",4,2,25,14,11
050,38,051,"North Dakota","McIntosh County",4,3,25,15,10
050,38,051,"North Dakota","McIntosh County",4,4,24,14,10
050,38,051,"North Dakota","McIntosh County",4,5,28,13,15
050,38,051,"North Dakota","McIntosh County",4,6,25,16,9
050,38,051,"North Dakota","McIntosh County",4,7,34,21,13
050,38,051,"North Dakota","McIntosh County",4,8,30,15,15
050,38,051,"North Dakota","McIntosh County",4,9,28,14,14
050,38,051,"North Dakota","McIntosh County",4,10,36,23,13
050,38,051,"North Dakota","McIntosh County",4,11,26,12,14
050,38,051,"North Dakota","McIntosh County",4,12,26,13,13
050,38,051,"North Dakota","McIntosh County",4,13,29,16,13
050,38,051,"North Dakota","McIntosh County",4,14,27,14,13
050,38,051,"North Dakota","McIntosh County",4,15,28,16,12
050,38,051,"North Dakota","McIntosh County",4,16,37,20,17
050,38,051,"North Dakota","McIntosh County",4,17,32,15,17
050,38,051,"North Dakota","McIntosh County",4,18,20,11,9
050,38,051,"North Dakota","McIntosh County",4,19,17,11,6
050,38,051,"North Dakota","McIntosh County",4,20,18,10,8
050,38,051,"North Dakota","McIntosh County",4,21,15,10,5
050,38,051,"North Dakota","McIntosh County",4,22,15,6,9
050,38,051,"North Dakota","McIntosh County",4,23,11,8,3
050,38,051,"North Dakota","McIntosh County",4,24,13,6,7
050,38,051,"North Dakota","McIntosh County",4,25,22,10,12
050,38,051,"North Dakota","McIntosh County",4,26,33,16,17
050,38,051,"North Dakota","McIntosh County",4,27,28,19,9
050,38,051,"North Dakota","McIntosh County",4,28,22,8,14
050,38,051,"North Dakota","McIntosh County",4,29,24,11,13
050,38,051,"North Dakota","McIntosh County",4,30,22,10,12
050,38,051,"North Dakota","McIntosh County",4,31,20,9,11
050,38,051,"North Dakota","McIntosh County",4,32,15,7,8
050,38,051,"North Dakota","McIntosh County",4,33,25,12,13
050,38,051,"North Dakota","McIntosh County",4,34,23,13,10
050,38,051,"North Dakota","McIntosh County",4,35,26,14,12
050,38,051,"North Dakota","McIntosh County",4,36,28,14,14
050,38,051,"North Dakota","McIntosh County",4,37,30,14,16
050,38,051,"North Dakota","McIntosh County",4,38,26,10,16
050,38,051,"North Dakota","McIntosh County",4,39,30,13,17
050,38,051,"North Dakota","McIntosh County",4,40,29,17,12
050,38,051,"North Dakota","McIntosh County",4,41,24,12,12
050,38,051,"North Dakota","McIntosh County",4,42,18,9,9
050,38,051,"North Dakota","McIntosh County",4,43,16,9,7
050,38,051,"North Dakota","McIntosh County",4,44,22,12,10
050,38,051,"North Dakota","McIntosh County",4,45,24,11,13
050,38,051,"North Dakota","McIntosh County",4,46,20,10,10
050,38,051,"North Dakota","McIntosh County",4,47,17,7,10
050,38,051,"North Dakota","McIntosh County",4,48,20,11,9
050,38,051,"North Dakota","McIntosh County",4,49,26,19,7
050,38,051,"North Dakota","McIntosh County",4,50,25,18,7
050,38,051,"North Dakota","McIntosh County",4,51,16,12,4
050,38,051,"North Dakota","McIntosh County",4,52,21,12,9
050,38,051,"North Dakota","McIntosh County",4,53,19,12,7
050,38,051,"North Dakota","McIntosh County",4,54,29,13,16
050,38,051,"North Dakota","McIntosh County",4,55,33,14,19
050,38,051,"North Dakota","McIntosh County",4,56,37,18,19
050,38,051,"North Dakota","McIntosh County",4,57,32,14,18
050,38,051,"North Dakota","McIntosh County",4,58,41,21,20
050,38,051,"North Dakota","McIntosh County",4,59,37,18,19
050,38,051,"North Dakota","McIntosh County",4,60,45,24,21
050,38,051,"North Dakota","McIntosh County",4,61,48,23,25
050,38,051,"North Dakota","McIntosh County",4,62,52,27,25
050,38,051,"North Dakota","McIntosh County",4,63,45,24,21
050,38,051,"North Dakota","McIntosh County",4,64,46,23,23
050,38,051,"North Dakota","McIntosh County",4,65,44,22,22
050,38,051,"North Dakota","McIntosh County",4,66,44,28,16
050,38,051,"North Dakota","McIntosh County",4,67,37,22,15
050,38,051,"North Dakota","McIntosh County",4,68,40,20,20
050,38,051,"North Dakota","McIntosh County",4,69,35,17,18
050,38,051,"North Dakota","McIntosh County",4,70,30,16,14
050,38,051,"North Dakota","McIntosh County",4,71,31,15,16
050,38,051,"North Dakota","McIntosh County",4,72,23,10,13
050,38,051,"North Dakota","McIntosh County",4,73,29,13,16
050,38,051,"North Dakota","McIntosh County",4,74,25,8,17
050,38,051,"North Dakota","McIntosh County",4,75,28,13,15
050,38,051,"North Dakota","McIntosh County",4,76,24,11,13
050,38,051,"North Dakota","McIntosh County",4,77,27,12,15
050,38,051,"North Dakota","McIntosh County",4,78,27,12,15
050,38,051,"North Dakota","McIntosh County",4,79,25,10,15
050,38,051,"North Dakota","McIntosh County",4,80,22,10,12
050,38,051,"North Dakota","McIntosh County",4,81,23,11,12
050,38,051,"North Dakota","McIntosh County",4,82,21,8,13
050,38,051,"North Dakota","McIntosh County",4,83,19,8,11
050,38,051,"North Dakota","McIntosh County",4,84,27,13,14
050,38,051,"North Dakota","McIntosh County",4,85,167,41,126
050,38,051,"North Dakota","McIntosh County",5,0,30,12,18
050,38,051,"North Dakota","McIntosh County",5,1,31,15,16
050,38,051,"North Dakota","McIntosh County",5,2,29,14,15
050,38,051,"North Dakota","McIntosh County",5,3,24,15,9
050,38,051,"North Dakota","McIntosh County",5,4,26,15,11
050,38,051,"North Dakota","McIntosh County",5,5,22,14,8
050,38,051,"North Dakota","McIntosh County",5,6,30,15,15
050,38,051,"North Dakota","McIntosh County",5,7,27,16,11
050,38,051,"North Dakota","McIntosh County",5,8,37,22,15
050,38,051,"North Dakota","McIntosh County",5,9,35,16,19
050,38,051,"North Dakota","McIntosh County",5,10,31,16,15
050,38,051,"North Dakota","McIntosh County",5,11,40,24,16
050,38,051,"North Dakota","McIntosh County",5,12,25,12,13
050,38,051,"North Dakota","McIntosh County",5,13,24,11,13
050,38,051,"North Dakota","McIntosh County",5,14,29,16,13
050,38,051,"North Dakota","McIntosh County",5,15,24,13,11
050,38,051,"North Dakota","McIntosh County",5,16,28,17,11
050,38,051,"North Dakota","McIntosh County",5,17,38,20,18
050,38,051,"North Dakota","McIntosh County",5,18,25,12,13
050,38,051,"North Dakota","McIntosh County",5,19,14,7,7
050,38,051,"North Dakota","McIntosh County",5,20,21,14,7
050,38,051,"North Dakota","McIntosh County",5,21,19,11,8
050,38,051,"North Dakota","McIntosh County",5,22,14,8,6
050,38,051,"North Dakota","McIntosh County",5,23,15,5,10
050,38,051,"North Dakota","McIntosh County",5,24,10,8,2
050,38,051,"North Dakota","McIntosh County",5,25,12,6,6
050,38,051,"North Dakota","McIntosh County",5,26,24,10,14
050,38,051,"North Dakota","McIntosh County",5,27,36,17,19
050,38,051,"North Dakota","McIntosh County",5,28,31,21,10
050,38,051,"North Dakota","McIntosh County",5,29,23,8,15
050,38,051,"North Dakota","McIntosh County",5,30,21,10,11
050,38,051,"North Dakota","McIntosh County",5,31,22,11,11
050,38,051,"North Dakota","McIntosh County",5,32,21,10,11
050,38,051,"North Dakota","McIntosh County",5,33,18,8,10
050,38,051,"North Dakota","McIntosh County",5,34,21,10,11
050,38,051,"North Dakota","McIntosh County",5,35,22,13,9
050,38,051,"North Dakota","McIntosh County",5,36,30,17,13
050,38,051,"North Dakota","McIntosh County",5,37,28,13,15
050,38,051,"North Dakota","McIntosh County",5,38,28,12,16
050,38,051,"North Dakota","McIntosh County",5,39,25,9,16
050,38,051,"North Dakota","McIntosh County",5,40,31,13,18
050,38,051,"North Dakota","McIntosh County",5,41,25,16,9
050,38,051,"North Dakota","McIntosh County",5,42,24,12,12
050,38,051,"North Dakota","McIntosh County",5,43,18,9,9
050,38,051,"North Dakota","McIntosh County",5,44,15,9,6
050,38,051,"North Dakota","McIntosh County",5,45,19,10,9
050,38,051,"North Dakota","McIntosh County",5,46,28,11,17
050,38,051,"North Dakota","McIntosh County",5,47,19,10,9
050,38,051,"North Dakota","McIntosh County",5,48,18,8,10
050,38,051,"North Dakota","McIntosh County",5,49,20,11,9
050,38,051,"North Dakota","McIntosh County",5,50,24,17,7
050,38,051,"North Dakota","McIntosh County",5,51,24,17,7
050,38,051,"North Dakota","McIntosh County",5,52,17,13,4
050,38,051,"North Dakota","McIntosh County",5,53,22,13,9
050,38,051,"North Dakota","McIntosh County",5,54,22,12,10
050,38,051,"North Dakota","McIntosh County",5,55,30,13,17
050,38,051,"North Dakota","McIntosh County",5,56,33,15,18
050,38,051,"North Dakota","McIntosh County",5,57,36,17,19
050,38,051,"North Dakota","McIntosh County",5,58,36,16,20
050,38,051,"North Dakota","McIntosh County",5,59,38,20,18
050,38,051,"North Dakota","McIntosh County",5,60,36,17,19
050,38,051,"North Dakota","McIntosh County",5,61,46,24,22
050,38,051,"North Dakota","McIntosh County",5,62,47,22,25
050,38,051,"North Dakota","McIntosh County",5,63,51,26,25
050,38,051,"North Dakota","McIntosh County",5,64,48,26,22
050,38,051,"North Dakota","McIntosh County",5,65,43,22,21
050,38,051,"North Dakota","McIntosh County",5,66,42,21,21
050,38,051,"North Dakota","McIntosh County",5,67,48,30,18
050,38,051,"North Dakota","McIntosh County",5,68,38,21,17
050,38,051,"North Dakota","McIntosh County",5,69,38,20,18
050,38,051,"North Dakota","McIntosh County",5,70,35,17,18
050,38,051,"North Dakota","McIntosh County",5,71,31,16,15
050,38,051,"North Dakota","McIntosh County",5,72,28,16,12
050,38,051,"North Dakota","McIntosh County",5,73,24,10,14
050,38,051,"North Dakota","McIntosh County",5,74,30,12,18
050,38,051,"North Dakota","McIntosh County",5,75,25,9,16
050,38,051,"North Dakota","McIntosh County",5,76,26,12,14
050,38,051,"North Dakota","McIntosh County",5,77,20,9,11
050,38,051,"North Dakota","McIntosh County",5,78,26,12,14
050,38,051,"North Dakota","McIntosh County",5,79,25,11,14
050,38,051,"North Dakota","McIntosh County",5,80,22,9,13
050,38,051,"North Dakota","McIntosh County",5,81,24,12,12
050,38,051,"North Dakota","McIntosh County",5,82,21,9,12
050,38,051,"North Dakota","McIntosh County",5,83,19,7,12
050,38,051,"North Dakota","McIntosh County",5,84,20,9,11
050,38,051,"North Dakota","McIntosh County",5,85,166,39,127
050,38,053,"North Dakota","McKenzie County",1,0,276,144,132
050,38,053,"North Dakota","McKenzie County",1,1,256,143,113
050,38,053,"North Dakota","McKenzie County",1,2,269,143,126
050,38,053,"North Dakota","McKenzie County",1,3,287,146,141
050,38,053,"North Dakota","McKenzie County",1,4,292,152,140
050,38,053,"North Dakota","McKenzie County",1,5,283,127,156
050,38,053,"North Dakota","McKenzie County",1,6,292,134,158
050,38,053,"North Dakota","McKenzie County",1,7,281,135,146
050,38,053,"North Dakota","McKenzie County",1,8,248,138,110
050,38,053,"North Dakota","McKenzie County",1,9,253,135,118
050,38,053,"North Dakota","McKenzie County",1,10,294,160,134
050,38,053,"North Dakota","McKenzie County",1,11,278,153,125
050,38,053,"North Dakota","McKenzie County",1,12,256,146,110
050,38,053,"North Dakota","McKenzie County",1,13,260,141,119
050,38,053,"North Dakota","McKenzie County",1,14,262,142,120
050,38,053,"North Dakota","McKenzie County",1,15,244,128,116
050,38,053,"North Dakota","McKenzie County",1,16,229,125,104
050,38,053,"North Dakota","McKenzie County",1,17,234,118,116
050,38,053,"North Dakota","McKenzie County",1,18,173,102,71
050,38,053,"North Dakota","McKenzie County",1,19,139,80,59
050,38,053,"North Dakota","McKenzie County",1,20,153,84,69
050,38,053,"North Dakota","McKenzie County",1,21,162,83,79
050,38,053,"North Dakota","McKenzie County",1,22,147,69,78
050,38,053,"North Dakota","McKenzie County",1,23,189,98,91
050,38,053,"North Dakota","McKenzie County",1,24,195,97,98
050,38,053,"North Dakota","McKenzie County",1,25,232,112,120
050,38,053,"North Dakota","McKenzie County",1,26,268,142,126
050,38,053,"North Dakota","McKenzie County",1,27,235,125,110
050,38,053,"North Dakota","McKenzie County",1,28,258,142,116
050,38,053,"North Dakota","McKenzie County",1,29,289,165,124
050,38,053,"North Dakota","McKenzie County",1,30,278,157,121
050,38,053,"North Dakota","McKenzie County",1,31,259,130,129
050,38,053,"North Dakota","McKenzie County",1,32,262,149,113
050,38,053,"North Dakota","McKenzie County",1,33,246,147,99
050,38,053,"North Dakota","McKenzie County",1,34,221,121,100
050,38,053,"North Dakota","McKenzie County",1,35,238,132,106
050,38,053,"North Dakota","McKenzie County",1,36,230,133,97
050,38,053,"North Dakota","McKenzie County",1,37,224,130,94
050,38,053,"North Dakota","McKenzie County",1,38,213,119,94
050,38,053,"North Dakota","McKenzie County",1,39,205,109,96
050,38,053,"North Dakota","McKenzie County",1,40,191,96,95
050,38,053,"North Dakota","McKenzie County",1,41,190,106,84
050,38,053,"North Dakota","McKenzie County",1,42,184,91,93
050,38,053,"North Dakota","McKenzie County",1,43,163,89,74
050,38,053,"North Dakota","McKenzie County",1,44,117,72,45
050,38,053,"North Dakota","McKenzie County",1,45,139,80,59
050,38,053,"North Dakota","McKenzie County",1,46,137,81,56
050,38,053,"North Dakota","McKenzie County",1,47,126,66,60
050,38,053,"North Dakota","McKenzie County",1,48,142,79,63
050,38,053,"North Dakota","McKenzie County",1,49,173,93,80
050,38,053,"North Dakota","McKenzie County",1,50,160,95,65
050,38,053,"North Dakota","McKenzie County",1,51,148,76,72
050,38,053,"North Dakota","McKenzie County",1,52,127,64,63
050,38,053,"North Dakota","McKenzie County",1,53,157,85,72
050,38,053,"North Dakota","McKenzie County",1,54,147,78,69
050,38,053,"North Dakota","McKenzie County",1,55,146,73,73
050,38,053,"North Dakota","McKenzie County",1,56,163,82,81
050,38,053,"North Dakota","McKenzie County",1,57,163,92,71
050,38,053,"North Dakota","McKenzie County",1,58,146,86,60
050,38,053,"North Dakota","McKenzie County",1,59,178,100,78
050,38,053,"North Dakota","McKenzie County",1,60,174,94,80
050,38,053,"North Dakota","McKenzie County",1,61,137,72,65
050,38,053,"North Dakota","McKenzie County",1,62,127,67,60
050,38,053,"North Dakota","McKenzie County",1,63,138,77,61
050,38,053,"North Dakota","McKenzie County",1,64,134,78,56
050,38,053,"North Dakota","McKenzie County",1,65,121,72,49
050,38,053,"North Dakota","McKenzie County",1,66,102,56,46
050,38,053,"North Dakota","McKenzie County",1,67,102,52,50
050,38,053,"North Dakota","McKenzie County",1,68,108,56,52
050,38,053,"North Dakota","McKenzie County",1,69,86,44,42
050,38,053,"North Dakota","McKenzie County",1,70,76,38,38
050,38,053,"North Dakota","McKenzie County",1,71,64,31,33
050,38,053,"North Dakota","McKenzie County",1,72,57,26,31
050,38,053,"North Dakota","McKenzie County",1,73,58,33,25
050,38,053,"North Dakota","McKenzie County",1,74,44,21,23
050,38,053,"North Dakota","McKenzie County",1,75,37,20,17
050,38,053,"North Dakota","McKenzie County",1,76,46,23,23
050,38,053,"North Dakota","McKenzie County",1,77,38,18,20
050,38,053,"North Dakota","McKenzie County",1,78,37,15,22
050,38,053,"North Dakota","McKenzie County",1,79,35,18,17
050,38,053,"North Dakota","McKenzie County",1,80,27,13,14
050,38,053,"North Dakota","McKenzie County",1,81,37,17,20
050,38,053,"North Dakota","McKenzie County",1,82,36,22,14
050,38,053,"North Dakota","McKenzie County",1,83,29,12,17
050,38,053,"North Dakota","McKenzie County",1,84,17,8,9
050,38,053,"North Dakota","McKenzie County",1,85,134,51,83
050,38,053,"North Dakota","McKenzie County",2,0,283,144,139
050,38,053,"North Dakota","McKenzie County",2,1,261,142,119
050,38,053,"North Dakota","McKenzie County",2,2,266,142,124
050,38,053,"North Dakota","McKenzie County",2,3,281,145,136
050,38,053,"North Dakota","McKenzie County",2,4,290,150,140
050,38,053,"North Dakota","McKenzie County",2,5,286,133,153
050,38,053,"North Dakota","McKenzie County",2,6,292,134,158
050,38,053,"North Dakota","McKenzie County",2,7,280,133,147
050,38,053,"North Dakota","McKenzie County",2,8,252,135,117
050,38,053,"North Dakota","McKenzie County",2,9,253,137,116
050,38,053,"North Dakota","McKenzie County",2,10,289,156,133
050,38,053,"North Dakota","McKenzie County",2,11,282,154,128
050,38,053,"North Dakota","McKenzie County",2,12,265,149,116
050,38,053,"North Dakota","McKenzie County",2,13,265,145,120
050,38,053,"North Dakota","McKenzie County",2,14,269,146,123
050,38,053,"North Dakota","McKenzie County",2,15,251,135,116
050,38,053,"North Dakota","McKenzie County",2,16,233,126,107
050,38,053,"North Dakota","McKenzie County",2,17,231,119,112
050,38,053,"North Dakota","McKenzie County",2,18,178,101,77
050,38,053,"North Dakota","McKenzie County",2,19,141,82,59
050,38,053,"North Dakota","McKenzie County",2,20,157,87,70
050,38,053,"North Dakota","McKenzie County",2,21,158,81,77
050,38,053,"North Dakota","McKenzie County",2,22,158,75,83
050,38,053,"North Dakota","McKenzie County",2,23,186,95,91
050,38,053,"North Dakota","McKenzie County",2,24,195,98,97
050,38,053,"North Dakota","McKenzie County",2,25,227,111,116
050,38,053,"North Dakota","McKenzie County",2,26,260,135,125
050,38,053,"North Dakota","McKenzie County",2,27,243,128,115
050,38,053,"North Dakota","McKenzie County",2,28,253,138,115
050,38,053,"North Dakota","McKenzie County",2,29,276,156,120
050,38,053,"North Dakota","McKenzie County",2,30,283,160,123
050,38,053,"North Dakota","McKenzie County",2,31,267,138,129
050,38,053,"North Dakota","McKenzie County",2,32,260,145,115
050,38,053,"North Dakota","McKenzie County",2,33,246,144,102
050,38,053,"North Dakota","McKenzie County",2,34,224,124,100
050,38,053,"North Dakota","McKenzie County",2,35,236,131,105
050,38,053,"North Dakota","McKenzie County",2,36,231,132,99
050,38,053,"North Dakota","McKenzie County",2,37,227,131,96
050,38,053,"North Dakota","McKenzie County",2,38,217,122,95
050,38,053,"North Dakota","McKenzie County",2,39,204,108,96
050,38,053,"North Dakota","McKenzie County",2,40,194,99,95
050,38,053,"North Dakota","McKenzie County",2,41,190,103,87
050,38,053,"North Dakota","McKenzie County",2,42,185,95,90
050,38,053,"North Dakota","McKenzie County",2,43,169,91,78
050,38,053,"North Dakota","McKenzie County",2,44,124,73,51
050,38,053,"North Dakota","McKenzie County",2,45,135,80,55
050,38,053,"North Dakota","McKenzie County",2,46,134,79,55
050,38,053,"North Dakota","McKenzie County",2,47,128,68,60
050,38,053,"North Dakota","McKenzie County",2,48,141,78,63
050,38,053,"North Dakota","McKenzie County",2,49,167,92,75
050,38,053,"North Dakota","McKenzie County",2,50,162,94,68
050,38,053,"North Dakota","McKenzie County",2,51,149,81,68
050,38,053,"North Dakota","McKenzie County",2,52,133,68,65
050,38,053,"North Dakota","McKenzie County",2,53,150,79,71
050,38,053,"North Dakota","McKenzie County",2,54,147,78,69
050,38,053,"North Dakota","McKenzie County",2,55,146,74,72
050,38,053,"North Dakota","McKenzie County",2,56,162,82,80
050,38,053,"North Dakota","McKenzie County",2,57,163,90,73
050,38,053,"North Dakota","McKenzie County",2,58,150,87,63
050,38,053,"North Dakota","McKenzie County",2,59,171,97,74
050,38,053,"North Dakota","McKenzie County",2,60,172,94,78
050,38,053,"North Dakota","McKenzie County",2,61,143,75,68
050,38,053,"North Dakota","McKenzie County",2,62,129,67,62
050,38,053,"North Dakota","McKenzie County",2,63,137,76,61
050,38,053,"North Dakota","McKenzie County",2,64,134,78,56
050,38,053,"North Dakota","McKenzie County",2,65,123,73,50
050,38,053,"North Dakota","McKenzie County",2,66,106,59,47
050,38,053,"North Dakota","McKenzie County",2,67,102,52,50
050,38,053,"North Dakota","McKenzie County",2,68,104,54,50
050,38,053,"North Dakota","McKenzie County",2,69,93,47,46
050,38,053,"North Dakota","McKenzie County",2,70,77,39,38
050,38,053,"North Dakota","McKenzie County",2,71,66,32,34
050,38,053,"North Dakota","McKenzie County",2,72,57,27,30
050,38,053,"North Dakota","McKenzie County",2,73,61,33,28
050,38,053,"North Dakota","McKenzie County",2,74,44,22,22
050,38,053,"North Dakota","McKenzie County",2,75,39,20,19
050,38,053,"North Dakota","McKenzie County",2,76,44,22,22
050,38,053,"North Dakota","McKenzie County",2,77,40,19,21
050,38,053,"North Dakota","McKenzie County",2,78,36,15,21
050,38,053,"North Dakota","McKenzie County",2,79,35,17,18
050,38,053,"North Dakota","McKenzie County",2,80,27,14,13
050,38,053,"North Dakota","McKenzie County",2,81,32,15,17
050,38,053,"North Dakota","McKenzie County",2,82,37,21,16
050,38,053,"North Dakota","McKenzie County",2,83,31,14,17
050,38,053,"North Dakota","McKenzie County",2,84,18,8,10
050,38,053,"North Dakota","McKenzie County",2,85,133,51,82
050,38,053,"North Dakota","McKenzie County",3,0,243,123,120
050,38,053,"North Dakota","McKenzie County",3,1,243,128,115
050,38,053,"North Dakota","McKenzie County",3,2,220,118,102
050,38,053,"North Dakota","McKenzie County",3,3,248,131,117
050,38,053,"North Dakota","McKenzie County",3,4,269,138,131
050,38,053,"North Dakota","McKenzie County",3,5,271,138,133
050,38,053,"North Dakota","McKenzie County",3,6,267,133,134
050,38,053,"North Dakota","McKenzie County",3,7,265,132,133
050,38,053,"North Dakota","McKenzie County",3,8,242,113,129
050,38,053,"North Dakota","McKenzie County",3,9,233,134,99
050,38,053,"North Dakota","McKenzie County",3,10,227,132,95
050,38,053,"North Dakota","McKenzie County",3,11,259,135,124
050,38,053,"North Dakota","McKenzie County",3,12,254,140,114
050,38,053,"North Dakota","McKenzie County",3,13,237,136,101
050,38,053,"North Dakota","McKenzie County",3,14,238,127,111
050,38,053,"North Dakota","McKenzie County",3,15,248,130,118
050,38,053,"North Dakota","McKenzie County",3,16,247,137,110
050,38,053,"North Dakota","McKenzie County",3,17,214,107,107
050,38,053,"North Dakota","McKenzie County",3,18,191,97,94
050,38,053,"North Dakota","McKenzie County",3,19,131,70,61
050,38,053,"North Dakota","McKenzie County",3,20,142,83,59
050,38,053,"North Dakota","McKenzie County",3,21,135,75,60
050,38,053,"North Dakota","McKenzie County",3,22,151,76,75
050,38,053,"North Dakota","McKenzie County",3,23,157,77,80
050,38,053,"North Dakota","McKenzie County",3,24,173,84,89
050,38,053,"North Dakota","McKenzie County",3,25,189,98,91
050,38,053,"North Dakota","McKenzie County",3,26,204,101,103
050,38,053,"North Dakota","McKenzie County",3,27,230,122,108
050,38,053,"North Dakota","McKenzie County",3,28,217,109,108
050,38,053,"North Dakota","McKenzie County",3,29,243,131,112
050,38,053,"North Dakota","McKenzie County",3,30,246,133,113
050,38,053,"North Dakota","McKenzie County",3,31,267,148,119
050,38,053,"North Dakota","McKenzie County",3,32,232,118,114
050,38,053,"North Dakota","McKenzie County",3,33,233,129,104
050,38,053,"North Dakota","McKenzie County",3,34,214,125,89
050,38,053,"North Dakota","McKenzie County",3,35,195,107,88
050,38,053,"North Dakota","McKenzie County",3,36,217,123,94
050,38,053,"North Dakota","McKenzie County",3,37,214,119,95
050,38,053,"North Dakota","McKenzie County",3,38,210,123,87
050,38,053,"North Dakota","McKenzie County",3,39,198,115,83
050,38,053,"North Dakota","McKenzie County",3,40,183,98,85
050,38,053,"North Dakota","McKenzie County",3,41,179,92,87
050,38,053,"North Dakota","McKenzie County",3,42,182,97,85
050,38,053,"North Dakota","McKenzie County",3,43,176,91,85
050,38,053,"North Dakota","McKenzie County",3,44,153,81,72
050,38,053,"North Dakota","McKenzie County",3,45,123,72,51
050,38,053,"North Dakota","McKenzie County",3,46,136,78,58
050,38,053,"North Dakota","McKenzie County",3,47,121,66,55
050,38,053,"North Dakota","McKenzie County",3,48,119,68,51
050,38,053,"North Dakota","McKenzie County",3,49,144,81,63
050,38,053,"North Dakota","McKenzie County",3,50,158,79,79
050,38,053,"North Dakota","McKenzie County",3,51,153,90,63
050,38,053,"North Dakota","McKenzie County",3,52,146,77,69
050,38,053,"North Dakota","McKenzie County",3,53,114,53,61
050,38,053,"North Dakota","McKenzie County",3,54,146,78,68
050,38,053,"North Dakota","McKenzie County",3,55,143,75,68
050,38,053,"North Dakota","McKenzie County",3,56,145,72,73
050,38,053,"North Dakota","McKenzie County",3,57,154,79,75
050,38,053,"North Dakota","McKenzie County",3,58,146,81,65
050,38,053,"North Dakota","McKenzie County",3,59,144,87,57
050,38,053,"North Dakota","McKenzie County",3,60,167,94,73
050,38,053,"North Dakota","McKenzie County",3,61,160,82,78
050,38,053,"North Dakota","McKenzie County",3,62,134,68,66
050,38,053,"North Dakota","McKenzie County",3,63,118,65,53
050,38,053,"North Dakota","McKenzie County",3,64,128,70,58
050,38,053,"North Dakota","McKenzie County",3,65,124,72,52
050,38,053,"North Dakota","McKenzie County",3,66,123,70,53
050,38,053,"North Dakota","McKenzie County",3,67,102,55,47
050,38,053,"North Dakota","McKenzie County",3,68,100,54,46
050,38,053,"North Dakota","McKenzie County",3,69,98,50,48
050,38,053,"North Dakota","McKenzie County",3,70,90,46,44
050,38,053,"North Dakota","McKenzie County",3,71,71,34,37
050,38,053,"North Dakota","McKenzie County",3,72,65,31,34
050,38,053,"North Dakota","McKenzie County",3,73,53,25,28
050,38,053,"North Dakota","McKenzie County",3,74,61,34,27
050,38,053,"North Dakota","McKenzie County",3,75,43,21,22
050,38,053,"North Dakota","McKenzie County",3,76,37,18,19
050,38,053,"North Dakota","McKenzie County",3,77,44,23,21
050,38,053,"North Dakota","McKenzie County",3,78,42,20,22
050,38,053,"North Dakota","McKenzie County",3,79,34,11,23
050,38,053,"North Dakota","McKenzie County",3,80,33,17,16
050,38,053,"North Dakota","McKenzie County",3,81,27,14,13
050,38,053,"North Dakota","McKenzie County",3,82,25,13,12
050,38,053,"North Dakota","McKenzie County",3,83,36,20,16
050,38,053,"North Dakota","McKenzie County",3,84,30,14,16
050,38,053,"North Dakota","McKenzie County",3,85,134,51,83
050,38,053,"North Dakota","McKenzie County",4,0,216,115,101
050,38,053,"North Dakota","McKenzie County",4,1,250,112,138
050,38,053,"North Dakota","McKenzie County",4,2,253,140,113
050,38,053,"North Dakota","McKenzie County",4,3,233,122,111
050,38,053,"North Dakota","McKenzie County",4,4,247,130,117
050,38,053,"North Dakota","McKenzie County",4,5,273,136,137
050,38,053,"North Dakota","McKenzie County",4,6,277,141,136
050,38,053,"North Dakota","McKenzie County",4,7,267,129,138
050,38,053,"North Dakota","McKenzie County",4,8,261,134,127
050,38,053,"North Dakota","McKenzie County",4,9,247,119,128
050,38,053,"North Dakota","McKenzie County",4,10,239,140,99
050,38,053,"North Dakota","McKenzie County",4,11,235,135,100
050,38,053,"North Dakota","McKenzie County",4,12,269,141,128
050,38,053,"North Dakota","McKenzie County",4,13,264,147,117
050,38,053,"North Dakota","McKenzie County",4,14,233,132,101
050,38,053,"North Dakota","McKenzie County",4,15,241,130,111
050,38,053,"North Dakota","McKenzie County",4,16,251,133,118
050,38,053,"North Dakota","McKenzie County",4,17,235,132,103
050,38,053,"North Dakota","McKenzie County",4,18,174,82,92
050,38,053,"North Dakota","McKenzie County",4,19,145,78,67
050,38,053,"North Dakota","McKenzie County",4,20,148,76,72
050,38,053,"North Dakota","McKenzie County",4,21,138,75,63
050,38,053,"North Dakota","McKenzie County",4,22,143,74,69
050,38,053,"North Dakota","McKenzie County",4,23,169,85,84
050,38,053,"North Dakota","McKenzie County",4,24,160,84,76
050,38,053,"North Dakota","McKenzie County",4,25,161,71,90
050,38,053,"North Dakota","McKenzie County",4,26,180,91,89
050,38,053,"North Dakota","McKenzie County",4,27,194,89,105
050,38,053,"North Dakota","McKenzie County",4,28,237,124,113
050,38,053,"North Dakota","McKenzie County",4,29,232,120,112
050,38,053,"North Dakota","McKenzie County",4,30,243,135,108
050,38,053,"North Dakota","McKenzie County",4,31,232,133,99
050,38,053,"North Dakota","McKenzie County",4,32,260,137,123
050,38,053,"North Dakota","McKenzie County",4,33,237,122,115
050,38,053,"North Dakota","McKenzie County",4,34,219,119,100
050,38,053,"North Dakota","McKenzie County",4,35,217,127,90
050,38,053,"North Dakota","McKenzie County",4,36,190,100,90
050,38,053,"North Dakota","McKenzie County",4,37,213,123,90
050,38,053,"North Dakota","McKenzie County",4,38,213,117,96
050,38,053,"North Dakota","McKenzie County",4,39,228,138,90
050,38,053,"North Dakota","McKenzie County",4,40,190,108,82
050,38,053,"North Dakota","McKenzie County",4,41,178,96,82
050,38,053,"North Dakota","McKenzie County",4,42,178,96,82
050,38,053,"North Dakota","McKenzie County",4,43,179,95,84
050,38,053,"North Dakota","McKenzie County",4,44,158,82,76
050,38,053,"North Dakota","McKenzie County",4,45,148,78,70
050,38,053,"North Dakota","McKenzie County",4,46,122,74,48
050,38,053,"North Dakota","McKenzie County",4,47,136,79,57
050,38,053,"North Dakota","McKenzie County",4,48,123,68,55
050,38,053,"North Dakota","McKenzie County",4,49,131,74,57
050,38,053,"North Dakota","McKenzie County",4,50,139,80,59
050,38,053,"North Dakota","McKenzie County",4,51,161,82,79
050,38,053,"North Dakota","McKenzie County",4,52,142,82,60
050,38,053,"North Dakota","McKenzie County",4,53,137,74,63
050,38,053,"North Dakota","McKenzie County",4,54,110,53,57
050,38,053,"North Dakota","McKenzie County",4,55,152,80,72
050,38,053,"North Dakota","McKenzie County",4,56,124,69,55
050,38,053,"North Dakota","McKenzie County",4,57,137,68,69
050,38,053,"North Dakota","McKenzie County",4,58,156,86,70
050,38,053,"North Dakota","McKenzie County",4,59,139,75,64
050,38,053,"North Dakota","McKenzie County",4,60,132,80,52
050,38,053,"North Dakota","McKenzie County",4,61,159,92,67
050,38,053,"North Dakota","McKenzie County",4,62,156,77,79
050,38,053,"North Dakota","McKenzie County",4,63,133,70,63
050,38,053,"North Dakota","McKenzie County",4,64,111,58,53
050,38,053,"North Dakota","McKenzie County",4,65,117,63,54
050,38,053,"North Dakota","McKenzie County",4,66,114,66,48
050,38,053,"North Dakota","McKenzie County",4,67,116,64,52
050,38,053,"North Dakota","McKenzie County",4,68,104,59,45
050,38,053,"North Dakota","McKenzie County",4,69,97,47,50
050,38,053,"North Dakota","McKenzie County",4,70,92,47,45
050,38,053,"North Dakota","McKenzie County",4,71,86,44,42
050,38,053,"North Dakota","McKenzie County",4,72,70,33,37
050,38,053,"North Dakota","McKenzie County",4,73,64,31,33
050,38,053,"North Dakota","McKenzie County",4,74,51,24,27
050,38,053,"North Dakota","McKenzie County",4,75,60,35,25
050,38,053,"North Dakota","McKenzie County",4,76,41,20,21
050,38,053,"North Dakota","McKenzie County",4,77,37,17,20
050,38,053,"North Dakota","McKenzie County",4,78,44,24,20
050,38,053,"North Dakota","McKenzie County",4,79,40,17,23
050,38,053,"North Dakota","McKenzie County",4,80,31,11,20
050,38,053,"North Dakota","McKenzie County",4,81,35,18,17
050,38,053,"North Dakota","McKenzie County",4,82,22,14,8
050,38,053,"North Dakota","McKenzie County",4,83,27,12,15
050,38,053,"North Dakota","McKenzie County",4,84,34,19,15
050,38,053,"North Dakota","McKenzie County",4,85,152,59,93
050,38,053,"North Dakota","McKenzie County",5,0,219,116,103
050,38,053,"North Dakota","McKenzie County",5,1,231,114,117
050,38,053,"North Dakota","McKenzie County",5,2,257,110,147
050,38,053,"North Dakota","McKenzie County",5,3,264,138,126
050,38,053,"North Dakota","McKenzie County",5,4,233,127,106
050,38,053,"North Dakota","McKenzie County",5,5,250,125,125
050,38,053,"North Dakota","McKenzie County",5,6,280,144,136
050,38,053,"North Dakota","McKenzie County",5,7,288,151,137
050,38,053,"North Dakota","McKenzie County",5,8,272,129,143
050,38,053,"North Dakota","McKenzie County",5,9,275,142,133
050,38,053,"North Dakota","McKenzie County",5,10,253,124,129
050,38,053,"North Dakota","McKenzie County",5,11,259,140,119
050,38,053,"North Dakota","McKenzie County",5,12,228,130,98
050,38,053,"North Dakota","McKenzie County",5,13,259,136,123
050,38,053,"North Dakota","McKenzie County",5,14,265,145,120
050,38,053,"North Dakota","McKenzie County",5,15,234,126,108
050,38,053,"North Dakota","McKenzie County",5,16,226,123,103
050,38,053,"North Dakota","McKenzie County",5,17,254,134,120
050,38,053,"North Dakota","McKenzie County",5,18,193,112,81
050,38,053,"North Dakota","McKenzie County",5,19,135,67,68
050,38,053,"North Dakota","McKenzie County",5,20,153,89,64
050,38,053,"North Dakota","McKenzie County",5,21,143,75,68
050,38,053,"North Dakota","McKenzie County",5,22,155,86,69
050,38,053,"North Dakota","McKenzie County",5,23,163,90,73
050,38,053,"North Dakota","McKenzie County",5,24,181,95,86
050,38,053,"North Dakota","McKenzie County",5,25,192,101,91
050,38,053,"North Dakota","McKenzie County",5,26,183,88,95
050,38,053,"North Dakota","McKenzie County",5,27,203,104,99
050,38,053,"North Dakota","McKenzie County",5,28,209,103,106
050,38,053,"North Dakota","McKenzie County",5,29,241,123,118
050,38,053,"North Dakota","McKenzie County",5,30,246,125,121
050,38,053,"North Dakota","McKenzie County",5,31,242,145,97
050,38,053,"North Dakota","McKenzie County",5,32,234,127,107
050,38,053,"North Dakota","McKenzie County",5,33,277,148,129
050,38,053,"North Dakota","McKenzie County",5,34,236,116,120
050,38,053,"North Dakota","McKenzie County",5,35,234,128,106
050,38,053,"North Dakota","McKenzie County",5,36,232,141,91
050,38,053,"North Dakota","McKenzie County",5,37,191,102,89
050,38,053,"North Dakota","McKenzie County",5,38,212,116,96
050,38,053,"North Dakota","McKenzie County",5,39,213,120,93
050,38,053,"North Dakota","McKenzie County",5,40,215,134,81
050,38,053,"North Dakota","McKenzie County",5,41,190,113,77
050,38,053,"North Dakota","McKenzie County",5,42,172,94,78
050,38,053,"North Dakota","McKenzie County",5,43,168,84,84
050,38,053,"North Dakota","McKenzie County",5,44,176,97,79
050,38,053,"North Dakota","McKenzie County",5,45,170,93,77
050,38,053,"North Dakota","McKenzie County",5,46,151,80,71
050,38,053,"North Dakota","McKenzie County",5,47,112,68,44
050,38,053,"North Dakota","McKenzie County",5,48,150,84,66
050,38,053,"North Dakota","McKenzie County",5,49,132,70,62
050,38,053,"North Dakota","McKenzie County",5,50,138,82,56
050,38,053,"North Dakota","McKenzie County",5,51,144,87,57
050,38,053,"North Dakota","McKenzie County",5,52,160,82,78
050,38,053,"North Dakota","McKenzie County",5,53,149,86,63
050,38,053,"North Dakota","McKenzie County",5,54,150,76,74
050,38,053,"North Dakota","McKenzie County",5,55,116,60,56
050,38,053,"North Dakota","McKenzie County",5,56,148,79,69
050,38,053,"North Dakota","McKenzie County",5,57,120,61,59
050,38,053,"North Dakota","McKenzie County",5,58,124,63,61
050,38,053,"North Dakota","McKenzie County",5,59,155,87,68
050,38,053,"North Dakota","McKenzie County",5,60,136,76,60
050,38,053,"North Dakota","McKenzie County",5,61,126,76,50
050,38,053,"North Dakota","McKenzie County",5,62,158,90,68
050,38,053,"North Dakota","McKenzie County",5,63,149,72,77
050,38,053,"North Dakota","McKenzie County",5,64,132,68,64
050,38,053,"North Dakota","McKenzie County",5,65,103,51,52
050,38,053,"North Dakota","McKenzie County",5,66,109,59,50
050,38,053,"North Dakota","McKenzie County",5,67,119,68,51
050,38,053,"North Dakota","McKenzie County",5,68,111,63,48
050,38,053,"North Dakota","McKenzie County",5,69,102,52,50
050,38,053,"North Dakota","McKenzie County",5,70,92,42,50
050,38,053,"North Dakota","McKenzie County",5,71,91,47,44
050,38,053,"North Dakota","McKenzie County",5,72,92,47,45
050,38,053,"North Dakota","McKenzie County",5,73,70,33,37
050,38,053,"North Dakota","McKenzie County",5,74,61,30,31
050,38,053,"North Dakota","McKenzie County",5,75,50,25,25
050,38,053,"North Dakota","McKenzie County",5,76,60,34,26
050,38,053,"North Dakota","McKenzie County",5,77,38,19,19
050,38,053,"North Dakota","McKenzie County",5,78,37,18,19
050,38,053,"North Dakota","McKenzie County",5,79,42,21,21
050,38,053,"North Dakota","McKenzie County",5,80,39,17,22
050,38,053,"North Dakota","McKenzie County",5,81,33,11,22
050,38,053,"North Dakota","McKenzie County",5,82,30,18,12
050,38,053,"North Dakota","McKenzie County",5,83,23,14,9
050,38,053,"North Dakota","McKenzie County",5,84,22,11,11
050,38,053,"North Dakota","McKenzie County",5,85,172,74,98
050,38,055,"North Dakota","McLean County",1,0,104,53,51
050,38,055,"North Dakota","McLean County",1,1,110,62,48
050,38,055,"North Dakota","McLean County",1,2,107,59,48
050,38,055,"North Dakota","McLean County",1,3,102,51,51
050,38,055,"North Dakota","McLean County",1,4,123,59,64
050,38,055,"North Dakota","McLean County",1,5,130,72,58
050,38,055,"North Dakota","McLean County",1,6,128,66,62
050,38,055,"North Dakota","McLean County",1,7,113,50,63
050,38,055,"North Dakota","McLean County",1,8,129,64,65
050,38,055,"North Dakota","McLean County",1,9,115,58,57
050,38,055,"North Dakota","McLean County",1,10,118,51,67
050,38,055,"North Dakota","McLean County",1,11,127,57,70
050,38,055,"North Dakota","McLean County",1,12,109,53,56
050,38,055,"North Dakota","McLean County",1,13,120,64,56
050,38,055,"North Dakota","McLean County",1,14,129,69,60
050,38,055,"North Dakota","McLean County",1,15,144,70,74
050,38,055,"North Dakota","McLean County",1,16,129,64,65
050,38,055,"North Dakota","McLean County",1,17,106,57,49
050,38,055,"North Dakota","McLean County",1,18,79,41,38
050,38,055,"North Dakota","McLean County",1,19,68,35,33
050,38,055,"North Dakota","McLean County",1,20,71,35,36
050,38,055,"North Dakota","McLean County",1,21,84,41,43
050,38,055,"North Dakota","McLean County",1,22,81,40,41
050,38,055,"North Dakota","McLean County",1,23,87,42,45
050,38,055,"North Dakota","McLean County",1,24,89,45,44
050,38,055,"North Dakota","McLean County",1,25,76,40,36
050,38,055,"North Dakota","McLean County",1,26,75,38,37
050,38,055,"North Dakota","McLean County",1,27,87,50,37
050,38,055,"North Dakota","McLean County",1,28,100,52,48
050,38,055,"North Dakota","McLean County",1,29,102,50,52
050,38,055,"North Dakota","McLean County",1,30,106,59,47
050,38,055,"North Dakota","McLean County",1,31,107,51,56
050,38,055,"North Dakota","McLean County",1,32,92,47,45
050,38,055,"North Dakota","McLean County",1,33,110,59,51
050,38,055,"North Dakota","McLean County",1,34,117,57,60
050,38,055,"North Dakota","McLean County",1,35,108,64,44
050,38,055,"North Dakota","McLean County",1,36,113,63,50
050,38,055,"North Dakota","McLean County",1,37,102,54,48
050,38,055,"North Dakota","McLean County",1,38,108,59,49
050,38,055,"North Dakota","McLean County",1,39,109,51,58
050,38,055,"North Dakota","McLean County",1,40,119,62,57
050,38,055,"North Dakota","McLean County",1,41,107,58,49
050,38,055,"North Dakota","McLean County",1,42,109,63,46
050,38,055,"North Dakota","McLean County",1,43,102,54,48
050,38,055,"North Dakota","McLean County",1,44,99,50,49
050,38,055,"North Dakota","McLean County",1,45,103,58,45
050,38,055,"North Dakota","McLean County",1,46,107,58,49
050,38,055,"North Dakota","McLean County",1,47,108,51,57
050,38,055,"North Dakota","McLean County",1,48,116,56,60
050,38,055,"North Dakota","McLean County",1,49,111,56,55
050,38,055,"North Dakota","McLean County",1,50,97,53,44
050,38,055,"North Dakota","McLean County",1,51,102,54,48
050,38,055,"North Dakota","McLean County",1,52,111,62,49
050,38,055,"North Dakota","McLean County",1,53,113,58,55
050,38,055,"North Dakota","McLean County",1,54,103,60,43
050,38,055,"North Dakota","McLean County",1,55,114,64,50
050,38,055,"North Dakota","McLean County",1,56,132,69,63
050,38,055,"North Dakota","McLean County",1,57,137,72,65
050,38,055,"North Dakota","McLean County",1,58,143,75,68
050,38,055,"North Dakota","McLean County",1,59,165,74,91
050,38,055,"North Dakota","McLean County",1,60,160,81,79
050,38,055,"North Dakota","McLean County",1,61,172,84,88
050,38,055,"North Dakota","McLean County",1,62,179,88,91
050,38,055,"North Dakota","McLean County",1,63,189,92,97
050,38,055,"North Dakota","McLean County",1,64,179,91,88
050,38,055,"North Dakota","McLean County",1,65,170,91,79
050,38,055,"North Dakota","McLean County",1,66,157,84,73
050,38,055,"North Dakota","McLean County",1,67,166,91,75
050,38,055,"North Dakota","McLean County",1,68,172,94,78
050,38,055,"North Dakota","McLean County",1,69,147,80,67
050,38,055,"North Dakota","McLean County",1,70,118,62,56
050,38,055,"North Dakota","McLean County",1,71,127,66,61
050,38,055,"North Dakota","McLean County",1,72,141,69,72
050,38,055,"North Dakota","McLean County",1,73,135,68,67
050,38,055,"North Dakota","McLean County",1,74,101,48,53
050,38,055,"North Dakota","McLean County",1,75,96,51,45
050,38,055,"North Dakota","McLean County",1,76,87,50,37
050,38,055,"North Dakota","McLean County",1,77,95,54,41
050,38,055,"North Dakota","McLean County",1,78,85,43,42
050,38,055,"North Dakota","McLean County",1,79,79,37,42
050,38,055,"North Dakota","McLean County",1,80,48,23,25
050,38,055,"North Dakota","McLean County",1,81,49,27,22
050,38,055,"North Dakota","McLean County",1,82,53,28,25
050,38,055,"North Dakota","McLean County",1,83,51,27,24
050,38,055,"North Dakota","McLean County",1,84,53,22,31
050,38,055,"North Dakota","McLean County",1,85,259,95,164
050,38,055,"North Dakota","McLean County",2,0,94,49,45
050,38,055,"North Dakota","McLean County",2,1,106,59,47
050,38,055,"North Dakota","McLean County",2,2,107,60,47
050,38,055,"North Dakota","McLean County",2,3,104,53,51
050,38,055,"North Dakota","McLean County",2,4,117,57,60
050,38,055,"North Dakota","McLean County",2,5,127,68,59
050,38,055,"North Dakota","McLean County",2,6,129,68,61
050,38,055,"North Dakota","McLean County",2,7,120,55,65
050,38,055,"North Dakota","McLean County",2,8,127,61,66
050,38,055,"North Dakota","McLean County",2,9,117,59,58
050,38,055,"North Dakota","McLean County",2,10,118,53,65
050,38,055,"North Dakota","McLean County",2,11,123,55,68
050,38,055,"North Dakota","McLean County",2,12,115,56,59
050,38,055,"North Dakota","McLean County",2,13,118,62,56
050,38,055,"North Dakota","McLean County",2,14,125,67,58
050,38,055,"North Dakota","McLean County",2,15,140,69,71
050,38,055,"North Dakota","McLean County",2,16,132,65,67
050,38,055,"North Dakota","McLean County",2,17,112,58,54
050,38,055,"North Dakota","McLean County",2,18,80,43,37
050,38,055,"North Dakota","McLean County",2,19,69,35,34
050,38,055,"North Dakota","McLean County",2,20,72,35,37
050,38,055,"North Dakota","McLean County",2,21,82,40,42
050,38,055,"North Dakota","McLean County",2,22,82,39,43
050,38,055,"North Dakota","McLean County",2,23,88,43,45
050,38,055,"North Dakota","McLean County",2,24,87,44,43
050,38,055,"North Dakota","McLean County",2,25,80,41,39
050,38,055,"North Dakota","McLean County",2,26,76,39,37
050,38,055,"North Dakota","McLean County",2,27,84,48,36
050,38,055,"North Dakota","McLean County",2,28,99,53,46
050,38,055,"North Dakota","McLean County",2,29,102,51,51
050,38,055,"North Dakota","McLean County",2,30,108,59,49
050,38,055,"North Dakota","McLean County",2,31,105,52,53
050,38,055,"North Dakota","McLean County",2,32,96,49,47
050,38,055,"North Dakota","McLean County",2,33,105,56,49
050,38,055,"North Dakota","McLean County",2,34,117,58,59
050,38,055,"North Dakota","McLean County",2,35,111,64,47
050,38,055,"North Dakota","McLean County",2,36,109,62,47
050,38,055,"North Dakota","McLean County",2,37,103,55,48
050,38,055,"North Dakota","McLean County",2,38,107,57,50
050,38,055,"North Dakota","McLean County",2,39,107,51,56
050,38,055,"North Dakota","McLean County",2,40,118,60,58
050,38,055,"North Dakota","McLean County",2,41,112,60,52
050,38,055,"North Dakota","McLean County",2,42,108,62,46
050,38,055,"North Dakota","McLean County",2,43,104,56,48
050,38,055,"North Dakota","McLean County",2,44,99,52,47
050,38,055,"North Dakota","McLean County",2,45,102,56,46
050,38,055,"North Dakota","McLean County",2,46,105,57,48
050,38,055,"North Dakota","McLean County",2,47,109,54,55
050,38,055,"North Dakota","McLean County",2,48,113,53,60
050,38,055,"North Dakota","McLean County",2,49,111,55,56
050,38,055,"North Dakota","McLean County",2,50,102,54,48
050,38,055,"North Dakota","McLean County",2,51,102,54,48
050,38,055,"North Dakota","McLean County",2,52,111,61,50
050,38,055,"North Dakota","McLean County",2,53,113,60,53
050,38,055,"North Dakota","McLean County",2,54,106,60,46
050,38,055,"North Dakota","McLean County",2,55,112,64,48
050,38,055,"North Dakota","McLean County",2,56,126,67,59
050,38,055,"North Dakota","McLean County",2,57,135,71,64
050,38,055,"North Dakota","McLean County",2,58,144,76,68
050,38,055,"North Dakota","McLean County",2,59,162,75,87
050,38,055,"North Dakota","McLean County",2,60,161,79,82
050,38,055,"North Dakota","McLean County",2,61,170,84,86
050,38,055,"North Dakota","McLean County",2,62,176,87,89
050,38,055,"North Dakota","McLean County",2,63,189,94,95
050,38,055,"North Dakota","McLean County",2,64,181,91,90
050,38,055,"North Dakota","McLean County",2,65,172,91,81
050,38,055,"North Dakota","McLean County",2,66,160,86,74
050,38,055,"North Dakota","McLean County",2,67,161,88,73
050,38,055,"North Dakota","McLean County",2,68,167,92,75
050,38,055,"North Dakota","McLean County",2,69,153,84,69
050,38,055,"North Dakota","McLean County",2,70,125,66,59
050,38,055,"North Dakota","McLean County",2,71,122,63,59
050,38,055,"North Dakota","McLean County",2,72,136,67,69
050,38,055,"North Dakota","McLean County",2,73,143,71,72
050,38,055,"North Dakota","McLean County",2,74,101,49,52
050,38,055,"North Dakota","McLean County",2,75,98,51,47
050,38,055,"North Dakota","McLean County",2,76,88,49,39
050,38,055,"North Dakota","McLean County",2,77,96,54,42
050,38,055,"North Dakota","McLean County",2,78,85,45,40
050,38,055,"North Dakota","McLean County",2,79,80,38,42
050,38,055,"North Dakota","McLean County",2,80,52,25,27
050,38,055,"North Dakota","McLean County",2,81,47,24,23
050,38,055,"North Dakota","McLean County",2,82,52,28,24
050,38,055,"North Dakota","McLean County",2,83,50,27,23
050,38,055,"North Dakota","McLean County",2,84,51,22,29
050,38,055,"North Dakota","McLean County",2,85,256,95,161
050,38,055,"North Dakota","McLean County",3,0,98,45,53
050,38,055,"North Dakota","McLean County",3,1,94,51,43
050,38,055,"North Dakota","McLean County",3,2,100,55,45
050,38,055,"North Dakota","McLean County",3,3,112,61,51
050,38,055,"North Dakota","McLean County",3,4,108,55,53
050,38,055,"North Dakota","McLean County",3,5,125,59,66
050,38,055,"North Dakota","McLean County",3,6,136,69,67
050,38,055,"North Dakota","McLean County",3,7,132,70,62
050,38,055,"North Dakota","McLean County",3,8,125,53,72
050,38,055,"North Dakota","McLean County",3,9,132,64,68
050,38,055,"North Dakota","McLean County",3,10,120,59,61
050,38,055,"North Dakota","McLean County",3,11,124,57,67
050,38,055,"North Dakota","McLean County",3,12,126,57,69
050,38,055,"North Dakota","McLean County",3,13,124,60,64
050,38,055,"North Dakota","McLean County",3,14,110,52,58
050,38,055,"North Dakota","McLean County",3,15,125,67,58
050,38,055,"North Dakota","McLean County",3,16,138,68,70
050,38,055,"North Dakota","McLean County",3,17,132,69,63
050,38,055,"North Dakota","McLean County",3,18,99,53,46
050,38,055,"North Dakota","McLean County",3,19,63,36,27
050,38,055,"North Dakota","McLean County",3,20,71,35,36
050,38,055,"North Dakota","McLean County",3,21,67,34,33
050,38,055,"North Dakota","McLean County",3,22,81,38,43
050,38,055,"North Dakota","McLean County",3,23,85,45,40
050,38,055,"North Dakota","McLean County",3,24,93,46,47
050,38,055,"North Dakota","McLean County",3,25,83,44,39
050,38,055,"North Dakota","McLean County",3,26,83,42,41
050,38,055,"North Dakota","McLean County",3,27,81,44,37
050,38,055,"North Dakota","McLean County",3,28,80,41,39
050,38,055,"North Dakota","McLean County",3,29,98,54,44
050,38,055,"North Dakota","McLean County",3,30,102,51,51
050,38,055,"North Dakota","McLean County",3,31,111,57,54
050,38,055,"North Dakota","McLean County",3,32,105,53,52
050,38,055,"North Dakota","McLean County",3,33,89,44,45
050,38,055,"North Dakota","McLean County",3,34,110,59,51
050,38,055,"North Dakota","McLean County",3,35,125,57,68
050,38,055,"North Dakota","McLean County",3,36,101,63,38
050,38,055,"North Dakota","McLean County",3,37,108,60,48
050,38,055,"North Dakota","McLean County",3,38,114,64,50
050,38,055,"North Dakota","McLean County",3,39,107,57,50
050,38,055,"North Dakota","McLean County",3,40,101,49,52
050,38,055,"North Dakota","McLean County",3,41,115,56,59
050,38,055,"North Dakota","McLean County",3,42,117,65,52
050,38,055,"North Dakota","McLean County",3,43,106,59,47
050,38,055,"North Dakota","McLean County",3,44,109,61,48
050,38,055,"North Dakota","McLean County",3,45,98,50,48
050,38,055,"North Dakota","McLean County",3,46,100,54,46
050,38,055,"North Dakota","McLean County",3,47,102,59,43
050,38,055,"North Dakota","McLean County",3,48,106,54,52
050,38,055,"North Dakota","McLean County",3,49,114,53,61
050,38,055,"North Dakota","McLean County",3,50,110,56,54
050,38,055,"North Dakota","McLean County",3,51,101,53,48
050,38,055,"North Dakota","McLean County",3,52,105,56,49
050,38,055,"North Dakota","McLean County",3,53,108,60,48
050,38,055,"North Dakota","McLean County",3,54,118,62,56
050,38,055,"North Dakota","McLean County",3,55,110,63,47
050,38,055,"North Dakota","McLean County",3,56,115,65,50
050,38,055,"North Dakota","McLean County",3,57,119,63,56
050,38,055,"North Dakota","McLean County",3,58,142,74,68
050,38,055,"North Dakota","McLean County",3,59,150,71,79
050,38,055,"North Dakota","McLean County",3,60,159,73,86
050,38,055,"North Dakota","McLean County",3,61,166,80,86
050,38,055,"North Dakota","McLean County",3,62,175,90,85
050,38,055,"North Dakota","McLean County",3,63,180,86,94
050,38,055,"North Dakota","McLean County",3,64,195,98,97
050,38,055,"North Dakota","McLean County",3,65,172,88,84
050,38,055,"North Dakota","McLean County",3,66,170,89,81
050,38,055,"North Dakota","McLean County",3,67,157,84,73
050,38,055,"North Dakota","McLean County",3,68,164,91,73
050,38,055,"North Dakota","McLean County",3,69,164,88,76
050,38,055,"North Dakota","McLean County",3,70,154,84,70
050,38,055,"North Dakota","McLean County",3,71,124,68,56
050,38,055,"North Dakota","McLean County",3,72,118,59,59
050,38,055,"North Dakota","McLean County",3,73,128,61,67
050,38,055,"North Dakota","McLean County",3,74,137,71,66
050,38,055,"North Dakota","McLean County",3,75,96,49,47
050,38,055,"North Dakota","McLean County",3,76,98,50,48
050,38,055,"North Dakota","McLean County",3,77,84,48,36
050,38,055,"North Dakota","McLean County",3,78,92,49,43
050,38,055,"North Dakota","McLean County",3,79,89,43,46
050,38,055,"North Dakota","McLean County",3,80,73,38,35
050,38,055,"North Dakota","McLean County",3,81,51,22,29
050,38,055,"North Dakota","McLean County",3,82,49,23,26
050,38,055,"North Dakota","McLean County",3,83,47,28,19
050,38,055,"North Dakota","McLean County",3,84,46,23,23
050,38,055,"North Dakota","McLean County",3,85,272,106,166
050,38,055,"North Dakota","McLean County",4,0,92,50,42
050,38,055,"North Dakota","McLean County",4,1,95,46,49
050,38,055,"North Dakota","McLean County",4,2,102,61,41
050,38,055,"North Dakota","McLean County",4,3,97,50,47
050,38,055,"North Dakota","McLean County",4,4,111,60,51
050,38,055,"North Dakota","McLean County",4,5,115,58,57
050,38,055,"North Dakota","McLean County",4,6,121,58,63
050,38,055,"North Dakota","McLean County",4,7,131,62,69
050,38,055,"North Dakota","McLean County",4,8,136,72,64
050,38,055,"North Dakota","McLean County",4,9,124,59,65
050,38,055,"North Dakota","McLean County",4,10,133,62,71
050,38,055,"North Dakota","McLean County",4,11,120,56,64
050,38,055,"North Dakota","McLean County",4,12,126,60,66
050,38,055,"North Dakota","McLean County",4,13,126,59,67
050,38,055,"North Dakota","McLean County",4,14,122,59,63
050,38,055,"North Dakota","McLean County",4,15,115,55,60
050,38,055,"North Dakota","McLean County",4,16,125,67,58
050,38,055,"North Dakota","McLean County",4,17,138,69,69
050,38,055,"North Dakota","McLean County",4,18,112,57,55
050,38,055,"North Dakota","McLean County",4,19,79,46,33
050,38,055,"North Dakota","McLean County",4,20,62,35,27
050,38,055,"North Dakota","McLean County",4,21,68,36,32
050,38,055,"North Dakota","McLean County",4,22,71,32,39
050,38,055,"North Dakota","McLean County",4,23,91,40,51
050,38,055,"North Dakota","McLean County",4,24,93,54,39
050,38,055,"North Dakota","McLean County",4,25,89,48,41
050,38,055,"North Dakota","McLean County",4,26,82,46,36
050,38,055,"North Dakota","McLean County",4,27,82,42,40
050,38,055,"North Dakota","McLean County",4,28,71,40,31
050,38,055,"North Dakota","McLean County",4,29,88,46,42
050,38,055,"North Dakota","McLean County",4,30,106,61,45
050,38,055,"North Dakota","McLean County",4,31,99,51,48
050,38,055,"North Dakota","McLean County",4,32,114,55,59
050,38,055,"North Dakota","McLean County",4,33,104,54,50
050,38,055,"North Dakota","McLean County",4,34,91,44,47
050,38,055,"North Dakota","McLean County",4,35,118,61,57
050,38,055,"North Dakota","McLean County",4,36,127,61,66
050,38,055,"North Dakota","McLean County",4,37,105,62,43
050,38,055,"North Dakota","McLean County",4,38,110,63,47
050,38,055,"North Dakota","McLean County",4,39,113,64,49
050,38,055,"North Dakota","McLean County",4,40,99,53,46
050,38,055,"North Dakota","McLean County",4,41,101,49,52
050,38,055,"North Dakota","McLean County",4,42,118,60,58
050,38,055,"North Dakota","McLean County",4,43,109,57,52
050,38,055,"North Dakota","McLean County",4,44,107,62,45
050,38,055,"North Dakota","McLean County",4,45,108,61,47
050,38,055,"North Dakota","McLean County",4,46,100,50,50
050,38,055,"North Dakota","McLean County",4,47,97,55,42
050,38,055,"North Dakota","McLean County",4,48,99,54,45
050,38,055,"North Dakota","McLean County",4,49,108,54,54
050,38,055,"North Dakota","McLean County",4,50,109,50,59
050,38,055,"North Dakota","McLean County",4,51,118,61,57
050,38,055,"North Dakota","McLean County",4,52,105,55,50
050,38,055,"North Dakota","McLean County",4,53,101,53,48
050,38,055,"North Dakota","McLean County",4,54,115,64,51
050,38,055,"North Dakota","McLean County",4,55,115,60,55
050,38,055,"North Dakota","McLean County",4,56,116,66,50
050,38,055,"North Dakota","McLean County",4,57,113,64,49
050,38,055,"North Dakota","McLean County",4,58,118,63,55
050,38,055,"North Dakota","McLean County",4,59,150,73,77
050,38,055,"North Dakota","McLean County",4,60,150,73,77
050,38,055,"North Dakota","McLean County",4,61,165,75,90
050,38,055,"North Dakota","McLean County",4,62,172,80,92
050,38,055,"North Dakota","McLean County",4,63,179,95,84
050,38,055,"North Dakota","McLean County",4,64,189,94,95
050,38,055,"North Dakota","McLean County",4,65,199,100,99
050,38,055,"North Dakota","McLean County",4,66,173,86,87
050,38,055,"North Dakota","McLean County",4,67,166,89,77
050,38,055,"North Dakota","McLean County",4,68,156,86,70
050,38,055,"North Dakota","McLean County",4,69,158,85,73
050,38,055,"North Dakota","McLean County",4,70,151,80,71
050,38,055,"North Dakota","McLean County",4,71,151,86,65
050,38,055,"North Dakota","McLean County",4,72,124,65,59
050,38,055,"North Dakota","McLean County",4,73,122,64,58
050,38,055,"North Dakota","McLean County",4,74,127,61,66
050,38,055,"North Dakota","McLean County",4,75,134,71,63
050,38,055,"North Dakota","McLean County",4,76,93,45,48
050,38,055,"North Dakota","McLean County",4,77,96,52,44
050,38,055,"North Dakota","McLean County",4,78,83,47,36
050,38,055,"North Dakota","McLean County",4,79,90,46,44
050,38,055,"North Dakota","McLean County",4,80,73,38,35
050,38,055,"North Dakota","McLean County",4,81,73,36,37
050,38,055,"North Dakota","McLean County",4,82,53,23,30
050,38,055,"North Dakota","McLean County",4,83,46,24,22
050,38,055,"North Dakota","McLean County",4,84,45,23,22
050,38,055,"North Dakota","McLean County",4,85,280,113,167
050,38,055,"North Dakota","McLean County",5,0,92,51,41
050,38,055,"North Dakota","McLean County",5,1,93,52,41
050,38,055,"North Dakota","McLean County",5,2,84,42,42
050,38,055,"North Dakota","McLean County",5,3,104,62,42
050,38,055,"North Dakota","McLean County",5,4,96,49,47
050,38,055,"North Dakota","McLean County",5,5,117,61,56
050,38,055,"North Dakota","McLean County",5,6,114,57,57
050,38,055,"North Dakota","McLean County",5,7,124,57,67
050,38,055,"North Dakota","McLean County",5,8,131,62,69
050,38,055,"North Dakota","McLean County",5,9,138,72,66
050,38,055,"North Dakota","McLean County",5,10,125,56,69
050,38,055,"North Dakota","McLean County",5,11,131,62,69
050,38,055,"North Dakota","McLean County",5,12,118,60,58
050,38,055,"North Dakota","McLean County",5,13,126,59,67
050,38,055,"North Dakota","McLean County",5,14,129,59,70
050,38,055,"North Dakota","McLean County",5,15,127,64,63
050,38,055,"North Dakota","McLean County",5,16,112,52,60
050,38,055,"North Dakota","McLean County",5,17,124,69,55
050,38,055,"North Dakota","McLean County",5,18,107,54,53
050,38,055,"North Dakota","McLean County",5,19,84,46,38
050,38,055,"North Dakota","McLean County",5,20,78,44,34
050,38,055,"North Dakota","McLean County",5,21,65,34,31
050,38,055,"North Dakota","McLean County",5,22,76,37,39
050,38,055,"North Dakota","McLean County",5,23,70,31,39
050,38,055,"North Dakota","McLean County",5,24,86,38,48
050,38,055,"North Dakota","McLean County",5,25,94,54,40
050,38,055,"North Dakota","McLean County",5,26,89,45,44
050,38,055,"North Dakota","McLean County",5,27,84,48,36
050,38,055,"North Dakota","McLean County",5,28,87,41,46
050,38,055,"North Dakota","McLean County",5,29,68,34,34
050,38,055,"North Dakota","McLean County",5,30,96,50,46
050,38,055,"North Dakota","McLean County",5,31,109,66,43
050,38,055,"North Dakota","McLean County",5,32,93,47,46
050,38,055,"North Dakota","McLean County",5,33,119,59,60
050,38,055,"North Dakota","McLean County",5,34,110,57,53
050,38,055,"North Dakota","McLean County",5,35,93,45,48
050,38,055,"North Dakota","McLean County",5,36,116,61,55
050,38,055,"North Dakota","McLean County",5,37,131,65,66
050,38,055,"North Dakota","McLean County",5,38,113,68,45
050,38,055,"North Dakota","McLean County",5,39,109,59,50
050,38,055,"North Dakota","McLean County",5,40,111,60,51
050,38,055,"North Dakota","McLean County",5,41,102,57,45
050,38,055,"North Dakota","McLean County",5,42,99,48,51
050,38,055,"North Dakota","McLean County",5,43,116,57,59
050,38,055,"North Dakota","McLean County",5,44,99,50,49
050,38,055,"North Dakota","McLean County",5,45,102,58,44
050,38,055,"North Dakota","McLean County",5,46,111,61,50
050,38,055,"North Dakota","McLean County",5,47,104,52,52
050,38,055,"North Dakota","McLean County",5,48,98,56,42
050,38,055,"North Dakota","McLean County",5,49,103,59,44
050,38,055,"North Dakota","McLean County",5,50,106,52,54
050,38,055,"North Dakota","McLean County",5,51,109,51,58
050,38,055,"North Dakota","McLean County",5,52,115,59,56
050,38,055,"North Dakota","McLean County",5,53,105,54,51
050,38,055,"North Dakota","McLean County",5,54,104,55,49
050,38,055,"North Dakota","McLean County",5,55,112,63,49
050,38,055,"North Dakota","McLean County",5,56,110,55,55
050,38,055,"North Dakota","McLean County",5,57,112,64,48
050,38,055,"North Dakota","McLean County",5,58,127,70,57
050,38,055,"North Dakota","McLean County",5,59,117,59,58
050,38,055,"North Dakota","McLean County",5,60,148,74,74
050,38,055,"North Dakota","McLean County",5,61,149,73,76
050,38,055,"North Dakota","McLean County",5,62,163,73,90
050,38,055,"North Dakota","McLean County",5,63,173,80,93
050,38,055,"North Dakota","McLean County",5,64,188,99,89
050,38,055,"North Dakota","McLean County",5,65,188,93,95
050,38,055,"North Dakota","McLean County",5,66,202,101,101
050,38,055,"North Dakota","McLean County",5,67,172,85,87
050,38,055,"North Dakota","McLean County",5,68,166,91,75
050,38,055,"North Dakota","McLean County",5,69,157,86,71
050,38,055,"North Dakota","McLean County",5,70,155,84,71
050,38,055,"North Dakota","McLean County",5,71,146,79,67
050,38,055,"North Dakota","McLean County",5,72,150,86,64
050,38,055,"North Dakota","McLean County",5,73,121,63,58
050,38,055,"North Dakota","McLean County",5,74,111,62,49
050,38,055,"North Dakota","McLean County",5,75,121,59,62
050,38,055,"North Dakota","McLean County",5,76,129,65,64
050,38,055,"North Dakota","McLean County",5,77,88,43,45
050,38,055,"North Dakota","McLean County",5,78,95,51,44
050,38,055,"North Dakota","McLean County",5,79,88,48,40
050,38,055,"North Dakota","McLean County",5,80,80,44,36
050,38,055,"North Dakota","McLean County",5,81,74,37,37
050,38,055,"North Dakota","McLean County",5,82,75,38,37
050,38,055,"North Dakota","McLean County",5,83,46,23,23
050,38,055,"North Dakota","McLean County",5,84,43,19,24
050,38,055,"North Dakota","McLean County",5,85,280,120,160
050,38,057,"North Dakota","Mercer County",1,0,90,46,44
050,38,057,"North Dakota","Mercer County",1,1,91,44,47
050,38,057,"North Dakota","Mercer County",1,2,107,46,61
050,38,057,"North Dakota","Mercer County",1,3,100,43,57
050,38,057,"North Dakota","Mercer County",1,4,110,64,46
050,38,057,"North Dakota","Mercer County",1,5,104,56,48
050,38,057,"North Dakota","Mercer County",1,6,132,69,63
050,38,057,"North Dakota","Mercer County",1,7,120,56,64
050,38,057,"North Dakota","Mercer County",1,8,124,50,74
050,38,057,"North Dakota","Mercer County",1,9,99,51,48
050,38,057,"North Dakota","Mercer County",1,10,125,58,67
050,38,057,"North Dakota","Mercer County",1,11,114,58,56
050,38,057,"North Dakota","Mercer County",1,12,95,47,48
050,38,057,"North Dakota","Mercer County",1,13,109,54,55
050,38,057,"North Dakota","Mercer County",1,14,118,66,52
050,38,057,"North Dakota","Mercer County",1,15,117,67,50
050,38,057,"North Dakota","Mercer County",1,16,108,62,46
050,38,057,"North Dakota","Mercer County",1,17,107,61,46
050,38,057,"North Dakota","Mercer County",1,18,86,52,34
050,38,057,"North Dakota","Mercer County",1,19,68,40,28
050,38,057,"North Dakota","Mercer County",1,20,65,35,30
050,38,057,"North Dakota","Mercer County",1,21,71,39,32
050,38,057,"North Dakota","Mercer County",1,22,66,41,25
050,38,057,"North Dakota","Mercer County",1,23,73,41,32
050,38,057,"North Dakota","Mercer County",1,24,79,42,37
050,38,057,"North Dakota","Mercer County",1,25,89,50,39
050,38,057,"North Dakota","Mercer County",1,26,68,40,28
050,38,057,"North Dakota","Mercer County",1,27,78,44,34
050,38,057,"North Dakota","Mercer County",1,28,76,48,28
050,38,057,"North Dakota","Mercer County",1,29,89,45,44
050,38,057,"North Dakota","Mercer County",1,30,88,46,42
050,38,057,"North Dakota","Mercer County",1,31,89,49,40
050,38,057,"North Dakota","Mercer County",1,32,90,52,38
050,38,057,"North Dakota","Mercer County",1,33,94,51,43
050,38,057,"North Dakota","Mercer County",1,34,104,60,44
050,38,057,"North Dakota","Mercer County",1,35,102,46,56
050,38,057,"North Dakota","Mercer County",1,36,112,54,58
050,38,057,"North Dakota","Mercer County",1,37,103,56,47
050,38,057,"North Dakota","Mercer County",1,38,105,60,45
050,38,057,"North Dakota","Mercer County",1,39,102,57,45
050,38,057,"North Dakota","Mercer County",1,40,104,60,44
050,38,057,"North Dakota","Mercer County",1,41,99,55,44
050,38,057,"North Dakota","Mercer County",1,42,96,47,49
050,38,057,"North Dakota","Mercer County",1,43,88,46,42
050,38,057,"North Dakota","Mercer County",1,44,86,49,37
050,38,057,"North Dakota","Mercer County",1,45,89,41,48
050,38,057,"North Dakota","Mercer County",1,46,86,44,42
050,38,057,"North Dakota","Mercer County",1,47,77,43,34
050,38,057,"North Dakota","Mercer County",1,48,78,40,38
050,38,057,"North Dakota","Mercer County",1,49,85,45,40
050,38,057,"North Dakota","Mercer County",1,50,82,45,37
050,38,057,"North Dakota","Mercer County",1,51,93,45,48
050,38,057,"North Dakota","Mercer County",1,52,98,54,44
050,38,057,"North Dakota","Mercer County",1,53,98,52,46
050,38,057,"North Dakota","Mercer County",1,54,91,45,46
050,38,057,"North Dakota","Mercer County",1,55,113,55,58
050,38,057,"North Dakota","Mercer County",1,56,130,68,62
050,38,057,"North Dakota","Mercer County",1,57,136,71,65
050,38,057,"North Dakota","Mercer County",1,58,150,77,73
050,38,057,"North Dakota","Mercer County",1,59,157,88,69
050,38,057,"North Dakota","Mercer County",1,60,165,93,72
050,38,057,"North Dakota","Mercer County",1,61,148,87,61
050,38,057,"North Dakota","Mercer County",1,62,147,75,72
050,38,057,"North Dakota","Mercer County",1,63,150,74,76
050,38,057,"North Dakota","Mercer County",1,64,160,89,71
050,38,057,"North Dakota","Mercer County",1,65,133,70,63
050,38,057,"North Dakota","Mercer County",1,66,124,69,55
050,38,057,"North Dakota","Mercer County",1,67,106,60,46
050,38,057,"North Dakota","Mercer County",1,68,109,58,51
050,38,057,"North Dakota","Mercer County",1,69,99,50,49
050,38,057,"North Dakota","Mercer County",1,70,89,51,38
050,38,057,"North Dakota","Mercer County",1,71,84,45,39
050,38,057,"North Dakota","Mercer County",1,72,79,37,42
050,38,057,"North Dakota","Mercer County",1,73,84,45,39
050,38,057,"North Dakota","Mercer County",1,74,64,28,36
050,38,057,"North Dakota","Mercer County",1,75,60,24,36
050,38,057,"North Dakota","Mercer County",1,76,65,27,38
050,38,057,"North Dakota","Mercer County",1,77,60,32,28
050,38,057,"North Dakota","Mercer County",1,78,54,28,26
050,38,057,"North Dakota","Mercer County",1,79,52,29,23
050,38,057,"North Dakota","Mercer County",1,80,47,27,20
050,38,057,"North Dakota","Mercer County",1,81,39,19,20
050,38,057,"North Dakota","Mercer County",1,82,38,17,21
050,38,057,"North Dakota","Mercer County",1,83,42,13,29
050,38,057,"North Dakota","Mercer County",1,84,33,12,21
050,38,057,"North Dakota","Mercer County",1,85,219,72,147
050,38,057,"North Dakota","Mercer County",2,0,90,47,43
050,38,057,"North Dakota","Mercer County",2,1,91,45,46
050,38,057,"North Dakota","Mercer County",2,2,104,45,59
050,38,057,"North Dakota","Mercer County",2,3,103,44,59
050,38,057,"North Dakota","Mercer County",2,4,106,59,47
050,38,057,"North Dakota","Mercer County",2,5,107,59,48
050,38,057,"North Dakota","Mercer County",2,6,127,67,60
050,38,057,"North Dakota","Mercer County",2,7,122,59,63
050,38,057,"North Dakota","Mercer County",2,8,121,51,70
050,38,057,"North Dakota","Mercer County",2,9,103,50,53
050,38,057,"North Dakota","Mercer County",2,10,120,57,63
050,38,057,"North Dakota","Mercer County",2,11,116,58,58
050,38,057,"North Dakota","Mercer County",2,12,99,49,50
050,38,057,"North Dakota","Mercer County",2,13,105,51,54
050,38,057,"North Dakota","Mercer County",2,14,116,63,53
050,38,057,"North Dakota","Mercer County",2,15,116,66,50
050,38,057,"North Dakota","Mercer County",2,16,112,64,48
050,38,057,"North Dakota","Mercer County",2,17,108,62,46
050,38,057,"North Dakota","Mercer County",2,18,86,52,34
050,38,057,"North Dakota","Mercer County",2,19,69,40,29
050,38,057,"North Dakota","Mercer County",2,20,67,37,30
050,38,057,"North Dakota","Mercer County",2,21,68,37,31
050,38,057,"North Dakota","Mercer County",2,22,66,40,26
050,38,057,"North Dakota","Mercer County",2,23,73,42,31
050,38,057,"North Dakota","Mercer County",2,24,77,41,36
050,38,057,"North Dakota","Mercer County",2,25,83,47,36
050,38,057,"North Dakota","Mercer County",2,26,72,42,30
050,38,057,"North Dakota","Mercer County",2,27,76,45,31
050,38,057,"North Dakota","Mercer County",2,28,75,46,29
050,38,057,"North Dakota","Mercer County",2,29,88,47,41
050,38,057,"North Dakota","Mercer County",2,30,88,46,42
050,38,057,"North Dakota","Mercer County",2,31,90,49,41
050,38,057,"North Dakota","Mercer County",2,32,88,50,38
050,38,057,"North Dakota","Mercer County",2,33,92,51,41
050,38,057,"North Dakota","Mercer County",2,34,101,57,44
050,38,057,"North Dakota","Mercer County",2,35,105,51,54
050,38,057,"North Dakota","Mercer County",2,36,109,52,57
050,38,057,"North Dakota","Mercer County",2,37,105,55,50
050,38,057,"North Dakota","Mercer County",2,38,105,60,45
050,38,057,"North Dakota","Mercer County",2,39,104,59,45
050,38,057,"North Dakota","Mercer County",2,40,104,60,44
050,38,057,"North Dakota","Mercer County",2,41,101,56,45
050,38,057,"North Dakota","Mercer County",2,42,97,48,49
050,38,057,"North Dakota","Mercer County",2,43,91,47,44
050,38,057,"North Dakota","Mercer County",2,44,87,49,38
050,38,057,"North Dakota","Mercer County",2,45,89,44,45
050,38,057,"North Dakota","Mercer County",2,46,87,44,43
050,38,057,"North Dakota","Mercer County",2,47,78,42,36
050,38,057,"North Dakota","Mercer County",2,48,79,41,38
050,38,057,"North Dakota","Mercer County",2,49,84,45,39
050,38,057,"North Dakota","Mercer County",2,50,83,45,38
050,38,057,"North Dakota","Mercer County",2,51,89,44,45
050,38,057,"North Dakota","Mercer County",2,52,95,51,44
050,38,057,"North Dakota","Mercer County",2,53,97,52,45
050,38,057,"North Dakota","Mercer County",2,54,91,46,45
050,38,057,"North Dakota","Mercer County",2,55,108,53,55
050,38,057,"North Dakota","Mercer County",2,56,127,66,61
050,38,057,"North Dakota","Mercer County",2,57,133,69,64
050,38,057,"North Dakota","Mercer County",2,58,143,73,70
050,38,057,"North Dakota","Mercer County",2,59,156,86,70
050,38,057,"North Dakota","Mercer County",2,60,164,93,71
050,38,057,"North Dakota","Mercer County",2,61,151,88,63
050,38,057,"North Dakota","Mercer County",2,62,148,78,70
050,38,057,"North Dakota","Mercer County",2,63,151,75,76
050,38,057,"North Dakota","Mercer County",2,64,157,85,72
050,38,057,"North Dakota","Mercer County",2,65,137,74,63
050,38,057,"North Dakota","Mercer County",2,66,127,70,57
050,38,057,"North Dakota","Mercer County",2,67,109,61,48
050,38,057,"North Dakota","Mercer County",2,68,107,58,49
050,38,057,"North Dakota","Mercer County",2,69,102,53,49
050,38,057,"North Dakota","Mercer County",2,70,91,51,40
050,38,057,"North Dakota","Mercer County",2,71,85,46,39
050,38,057,"North Dakota","Mercer County",2,72,78,37,41
050,38,057,"North Dakota","Mercer County",2,73,88,46,42
050,38,057,"North Dakota","Mercer County",2,74,66,31,35
050,38,057,"North Dakota","Mercer County",2,75,60,24,36
050,38,057,"North Dakota","Mercer County",2,76,62,25,37
050,38,057,"North Dakota","Mercer County",2,77,63,32,31
050,38,057,"North Dakota","Mercer County",2,78,55,29,26
050,38,057,"North Dakota","Mercer County",2,79,51,27,24
050,38,057,"North Dakota","Mercer County",2,80,48,27,21
050,38,057,"North Dakota","Mercer County",2,81,40,20,20
050,38,057,"North Dakota","Mercer County",2,82,39,18,21
050,38,057,"North Dakota","Mercer County",2,83,41,14,27
050,38,057,"North Dakota","Mercer County",2,84,33,11,22
050,38,057,"North Dakota","Mercer County",2,85,222,74,148
050,38,057,"North Dakota","Mercer County",3,0,79,45,34
050,38,057,"North Dakota","Mercer County",3,1,96,47,49
050,38,057,"North Dakota","Mercer County",3,2,86,44,42
050,38,057,"North Dakota","Mercer County",3,3,105,44,61
050,38,057,"North Dakota","Mercer County",3,4,107,51,56
050,38,057,"North Dakota","Mercer County",3,5,108,58,50
050,38,057,"North Dakota","Mercer County",3,6,106,58,48
050,38,057,"North Dakota","Mercer County",3,7,127,69,58
050,38,057,"North Dakota","Mercer County",3,8,116,53,63
050,38,057,"North Dakota","Mercer County",3,9,118,49,69
050,38,057,"North Dakota","Mercer County",3,10,108,55,53
050,38,057,"North Dakota","Mercer County",3,11,118,56,62
050,38,057,"North Dakota","Mercer County",3,12,120,59,61
050,38,057,"North Dakota","Mercer County",3,13,98,51,47
050,38,057,"North Dakota","Mercer County",3,14,107,48,59
050,38,057,"North Dakota","Mercer County",3,15,117,65,52
050,38,057,"North Dakota","Mercer County",3,16,114,64,50
050,38,057,"North Dakota","Mercer County",3,17,113,64,49
050,38,057,"North Dakota","Mercer County",3,18,92,53,39
050,38,057,"North Dakota","Mercer County",3,19,65,37,28
050,38,057,"North Dakota","Mercer County",3,20,73,40,33
050,38,057,"North Dakota","Mercer County",3,21,62,36,26
050,38,057,"North Dakota","Mercer County",3,22,60,31,29
050,38,057,"North Dakota","Mercer County",3,23,76,46,30
050,38,057,"North Dakota","Mercer County",3,24,78,38,40
050,38,057,"North Dakota","Mercer County",3,25,80,40,40
050,38,057,"North Dakota","Mercer County",3,26,82,47,35
050,38,057,"North Dakota","Mercer County",3,27,63,38,25
050,38,057,"North Dakota","Mercer County",3,28,74,42,32
050,38,057,"North Dakota","Mercer County",3,29,78,49,29
050,38,057,"North Dakota","Mercer County",3,30,85,45,40
050,38,057,"North Dakota","Mercer County",3,31,84,41,43
050,38,057,"North Dakota","Mercer County",3,32,88,48,40
050,38,057,"North Dakota","Mercer County",3,33,94,51,43
050,38,057,"North Dakota","Mercer County",3,34,94,53,41
050,38,057,"North Dakota","Mercer County",3,35,96,50,46
050,38,057,"North Dakota","Mercer County",3,36,105,52,53
050,38,057,"North Dakota","Mercer County",3,37,109,52,57
050,38,057,"North Dakota","Mercer County",3,38,102,54,48
050,38,057,"North Dakota","Mercer County",3,39,107,61,46
050,38,057,"North Dakota","Mercer County",3,40,96,55,41
050,38,057,"North Dakota","Mercer County",3,41,106,60,46
050,38,057,"North Dakota","Mercer County",3,42,105,57,48
050,38,057,"North Dakota","Mercer County",3,43,98,47,51
050,38,057,"North Dakota","Mercer County",3,44,90,46,44
050,38,057,"North Dakota","Mercer County",3,45,90,50,40
050,38,057,"North Dakota","Mercer County",3,46,93,48,45
050,38,057,"North Dakota","Mercer County",3,47,89,47,42
050,38,057,"North Dakota","Mercer County",3,48,79,41,38
050,38,057,"North Dakota","Mercer County",3,49,72,38,34
050,38,057,"North Dakota","Mercer County",3,50,87,46,41
050,38,057,"North Dakota","Mercer County",3,51,84,44,40
050,38,057,"North Dakota","Mercer County",3,52,91,45,46
050,38,057,"North Dakota","Mercer County",3,53,97,53,44
050,38,057,"North Dakota","Mercer County",3,54,101,56,45
050,38,057,"North Dakota","Mercer County",3,55,93,45,48
050,38,057,"North Dakota","Mercer County",3,56,108,52,56
050,38,057,"North Dakota","Mercer County",3,57,132,70,62
050,38,057,"North Dakota","Mercer County",3,58,129,67,62
050,38,057,"North Dakota","Mercer County",3,59,136,71,65
050,38,057,"North Dakota","Mercer County",3,60,155,84,71
050,38,057,"North Dakota","Mercer County",3,61,160,93,67
050,38,057,"North Dakota","Mercer County",3,62,147,86,61
050,38,057,"North Dakota","Mercer County",3,63,145,78,67
050,38,057,"North Dakota","Mercer County",3,64,153,75,78
050,38,057,"North Dakota","Mercer County",3,65,149,78,71
050,38,057,"North Dakota","Mercer County",3,66,139,74,65
050,38,057,"North Dakota","Mercer County",3,67,124,67,57
050,38,057,"North Dakota","Mercer County",3,68,111,61,50
050,38,057,"North Dakota","Mercer County",3,69,103,58,45
050,38,057,"North Dakota","Mercer County",3,70,105,53,52
050,38,057,"North Dakota","Mercer County",3,71,91,52,39
050,38,057,"North Dakota","Mercer County",3,72,82,43,39
050,38,057,"North Dakota","Mercer County",3,73,81,37,44
050,38,057,"North Dakota","Mercer County",3,74,86,44,42
050,38,057,"North Dakota","Mercer County",3,75,62,31,31
050,38,057,"North Dakota","Mercer County",3,76,63,26,37
050,38,057,"North Dakota","Mercer County",3,77,59,24,35
050,38,057,"North Dakota","Mercer County",3,78,60,30,30
050,38,057,"North Dakota","Mercer County",3,79,55,27,28
050,38,057,"North Dakota","Mercer County",3,80,52,26,26
050,38,057,"North Dakota","Mercer County",3,81,47,25,22
050,38,057,"North Dakota","Mercer County",3,82,37,19,18
050,38,057,"North Dakota","Mercer County",3,83,39,17,22
050,38,057,"North Dakota","Mercer County",3,84,29,11,18
050,38,057,"North Dakota","Mercer County",3,85,239,76,163
050,38,057,"North Dakota","Mercer County",4,0,83,38,45
050,38,057,"North Dakota","Mercer County",4,1,83,45,38
050,38,057,"North Dakota","Mercer County",4,2,95,44,51
050,38,057,"North Dakota","Mercer County",4,3,98,49,49
050,38,057,"North Dakota","Mercer County",4,4,110,52,58
050,38,057,"North Dakota","Mercer County",4,5,107,51,56
050,38,057,"North Dakota","Mercer County",4,6,108,55,53
050,38,057,"North Dakota","Mercer County",4,7,108,59,49
050,38,057,"North Dakota","Mercer County",4,8,128,69,59
050,38,057,"North Dakota","Mercer County",4,9,115,51,64
050,38,057,"North Dakota","Mercer County",4,10,124,51,73
050,38,057,"North Dakota","Mercer County",4,11,116,60,56
050,38,057,"North Dakota","Mercer County",4,12,121,58,63
050,38,057,"North Dakota","Mercer County",4,13,115,55,60
050,38,057,"North Dakota","Mercer County",4,14,101,50,51
050,38,057,"North Dakota","Mercer County",4,15,103,46,57
050,38,057,"North Dakota","Mercer County",4,16,114,65,49
050,38,057,"North Dakota","Mercer County",4,17,113,62,51
050,38,057,"North Dakota","Mercer County",4,18,93,53,40
050,38,057,"North Dakota","Mercer County",4,19,67,41,26
050,38,057,"North Dakota","Mercer County",4,20,70,38,32
050,38,057,"North Dakota","Mercer County",4,21,69,37,32
050,38,057,"North Dakota","Mercer County",4,22,66,36,30
050,38,057,"North Dakota","Mercer County",4,23,66,35,31
050,38,057,"North Dakota","Mercer County",4,24,74,46,28
050,38,057,"North Dakota","Mercer County",4,25,82,41,41
050,38,057,"North Dakota","Mercer County",4,26,78,36,42
050,38,057,"North Dakota","Mercer County",4,27,78,42,36
050,38,057,"North Dakota","Mercer County",4,28,62,34,28
050,38,057,"North Dakota","Mercer County",4,29,67,36,31
050,38,057,"North Dakota","Mercer County",4,30,85,49,36
050,38,057,"North Dakota","Mercer County",4,31,86,45,41
050,38,057,"North Dakota","Mercer County",4,32,83,41,42
050,38,057,"North Dakota","Mercer County",4,33,91,46,45
050,38,057,"North Dakota","Mercer County",4,34,98,48,50
050,38,057,"North Dakota","Mercer County",4,35,92,51,41
050,38,057,"North Dakota","Mercer County",4,36,99,49,50
050,38,057,"North Dakota","Mercer County",4,37,106,53,53
050,38,057,"North Dakota","Mercer County",4,38,109,52,57
050,38,057,"North Dakota","Mercer County",4,39,106,55,51
050,38,057,"North Dakota","Mercer County",4,40,111,64,47
050,38,057,"North Dakota","Mercer County",4,41,98,54,44
050,38,057,"North Dakota","Mercer County",4,42,105,58,47
050,38,057,"North Dakota","Mercer County",4,43,105,58,47
050,38,057,"North Dakota","Mercer County",4,44,100,47,53
050,38,057,"North Dakota","Mercer County",4,45,88,43,45
050,38,057,"North Dakota","Mercer County",4,46,93,49,44
050,38,057,"North Dakota","Mercer County",4,47,93,47,46
050,38,057,"North Dakota","Mercer County",4,48,91,46,45
050,38,057,"North Dakota","Mercer County",4,49,75,40,35
050,38,057,"North Dakota","Mercer County",4,50,76,39,37
050,38,057,"North Dakota","Mercer County",4,51,85,45,40
050,38,057,"North Dakota","Mercer County",4,52,79,41,38
050,38,057,"North Dakota","Mercer County",4,53,90,44,46
050,38,057,"North Dakota","Mercer County",4,54,98,54,44
050,38,057,"North Dakota","Mercer County",4,55,101,56,45
050,38,057,"North Dakota","Mercer County",4,56,90,44,46
050,38,057,"North Dakota","Mercer County",4,57,100,49,51
050,38,057,"North Dakota","Mercer County",4,58,139,73,66
050,38,057,"North Dakota","Mercer County",4,59,118,58,60
050,38,057,"North Dakota","Mercer County",4,60,131,71,60
050,38,057,"North Dakota","Mercer County",4,61,151,80,71
050,38,057,"North Dakota","Mercer County",4,62,158,90,68
050,38,057,"North Dakota","Mercer County",4,63,149,88,61
050,38,057,"North Dakota","Mercer County",4,64,151,81,70
050,38,057,"North Dakota","Mercer County",4,65,148,71,77
050,38,057,"North Dakota","Mercer County",4,66,153,82,71
050,38,057,"North Dakota","Mercer County",4,67,135,72,63
050,38,057,"North Dakota","Mercer County",4,68,125,66,59
050,38,057,"North Dakota","Mercer County",4,69,104,57,47
050,38,057,"North Dakota","Mercer County",4,70,102,57,45
050,38,057,"North Dakota","Mercer County",4,71,109,57,52
050,38,057,"North Dakota","Mercer County",4,72,84,46,38
050,38,057,"North Dakota","Mercer County",4,73,81,41,40
050,38,057,"North Dakota","Mercer County",4,74,71,30,41
050,38,057,"North Dakota","Mercer County",4,75,80,40,40
050,38,057,"North Dakota","Mercer County",4,76,63,31,32
050,38,057,"North Dakota","Mercer County",4,77,56,22,34
050,38,057,"North Dakota","Mercer County",4,78,59,24,35
050,38,057,"North Dakota","Mercer County",4,79,57,28,29
050,38,057,"North Dakota","Mercer County",4,80,58,26,32
050,38,057,"North Dakota","Mercer County",4,81,51,24,27
050,38,057,"North Dakota","Mercer County",4,82,46,25,21
050,38,057,"North Dakota","Mercer County",4,83,38,17,21
050,38,057,"North Dakota","Mercer County",4,84,27,15,12
050,38,057,"North Dakota","Mercer County",4,85,236,76,160
050,38,057,"North Dakota","Mercer County",5,0,78,36,42
050,38,057,"North Dakota","Mercer County",5,1,90,42,48
050,38,057,"North Dakota","Mercer County",5,2,85,47,38
050,38,057,"North Dakota","Mercer County",5,3,102,50,52
050,38,057,"North Dakota","Mercer County",5,4,96,47,49
050,38,057,"North Dakota","Mercer County",5,5,110,52,58
050,38,057,"North Dakota","Mercer County",5,6,119,58,61
050,38,057,"North Dakota","Mercer County",5,7,105,55,50
050,38,057,"North Dakota","Mercer County",5,8,113,61,52
050,38,057,"North Dakota","Mercer County",5,9,133,73,60
050,38,057,"North Dakota","Mercer County",5,10,113,52,61
050,38,057,"North Dakota","Mercer County",5,11,120,52,68
050,38,057,"North Dakota","Mercer County",5,12,122,64,58
050,38,057,"North Dakota","Mercer County",5,13,125,60,65
050,38,057,"North Dakota","Mercer County",5,14,115,55,60
050,38,057,"North Dakota","Mercer County",5,15,100,50,50
050,38,057,"North Dakota","Mercer County",5,16,99,42,57
050,38,057,"North Dakota","Mercer County",5,17,113,62,51
050,38,057,"North Dakota","Mercer County",5,18,96,53,43
050,38,057,"North Dakota","Mercer County",5,19,65,37,28
050,38,057,"North Dakota","Mercer County",5,20,73,44,29
050,38,057,"North Dakota","Mercer County",5,21,63,35,28
050,38,057,"North Dakota","Mercer County",5,22,67,34,33
050,38,057,"North Dakota","Mercer County",5,23,67,37,30
050,38,057,"North Dakota","Mercer County",5,24,63,33,30
050,38,057,"North Dakota","Mercer County",5,25,76,47,29
050,38,057,"North Dakota","Mercer County",5,26,84,40,44
050,38,057,"North Dakota","Mercer County",5,27,80,37,43
050,38,057,"North Dakota","Mercer County",5,28,77,42,35
050,38,057,"North Dakota","Mercer County",5,29,64,36,28
050,38,057,"North Dakota","Mercer County",5,30,64,37,27
050,38,057,"North Dakota","Mercer County",5,31,87,49,38
050,38,057,"North Dakota","Mercer County",5,32,86,44,42
050,38,057,"North Dakota","Mercer County",5,33,86,42,44
050,38,057,"North Dakota","Mercer County",5,34,105,46,59
050,38,057,"North Dakota","Mercer County",5,35,98,45,53
050,38,057,"North Dakota","Mercer County",5,36,91,52,39
050,38,057,"North Dakota","Mercer County",5,37,100,50,50
050,38,057,"North Dakota","Mercer County",5,38,112,58,54
050,38,057,"North Dakota","Mercer County",5,39,113,56,57
050,38,057,"North Dakota","Mercer County",5,40,115,59,56
050,38,057,"North Dakota","Mercer County",5,41,109,62,47
050,38,057,"North Dakota","Mercer County",5,42,98,55,43
050,38,057,"North Dakota","Mercer County",5,43,108,59,49
050,38,057,"North Dakota","Mercer County",5,44,103,56,47
050,38,057,"North Dakota","Mercer County",5,45,98,46,52
050,38,057,"North Dakota","Mercer County",5,46,84,43,41
050,38,057,"North Dakota","Mercer County",5,47,98,52,46
050,38,057,"North Dakota","Mercer County",5,48,94,47,47
050,38,057,"North Dakota","Mercer County",5,49,88,45,43
050,38,057,"North Dakota","Mercer County",5,50,75,41,34
050,38,057,"North Dakota","Mercer County",5,51,76,39,37
050,38,057,"North Dakota","Mercer County",5,52,84,46,38
050,38,057,"North Dakota","Mercer County",5,53,80,41,39
050,38,057,"North Dakota","Mercer County",5,54,92,45,47
050,38,057,"North Dakota","Mercer County",5,55,93,49,44
050,38,057,"North Dakota","Mercer County",5,56,98,54,44
050,38,057,"North Dakota","Mercer County",5,57,92,48,44
050,38,057,"North Dakota","Mercer County",5,58,102,50,52
050,38,057,"North Dakota","Mercer County",5,59,136,69,67
050,38,057,"North Dakota","Mercer County",5,60,117,57,60
050,38,057,"North Dakota","Mercer County",5,61,128,70,58
050,38,057,"North Dakota","Mercer County",5,62,147,77,70
050,38,057,"North Dakota","Mercer County",5,63,151,85,66
050,38,057,"North Dakota","Mercer County",5,64,155,92,63
050,38,057,"North Dakota","Mercer County",5,65,148,79,69
050,38,057,"North Dakota","Mercer County",5,66,147,72,75
050,38,057,"North Dakota","Mercer County",5,67,150,81,69
050,38,057,"North Dakota","Mercer County",5,68,136,71,65
050,38,057,"North Dakota","Mercer County",5,69,116,61,55
050,38,057,"North Dakota","Mercer County",5,70,103,56,47
050,38,057,"North Dakota","Mercer County",5,71,103,58,45
050,38,057,"North Dakota","Mercer County",5,72,100,50,50
050,38,057,"North Dakota","Mercer County",5,73,84,43,41
050,38,057,"North Dakota","Mercer County",5,74,72,34,38
050,38,057,"North Dakota","Mercer County",5,75,63,29,34
050,38,057,"North Dakota","Mercer County",5,76,78,39,39
050,38,057,"North Dakota","Mercer County",5,77,57,28,29
050,38,057,"North Dakota","Mercer County",5,78,54,22,32
050,38,057,"North Dakota","Mercer County",5,79,56,21,35
050,38,057,"North Dakota","Mercer County",5,80,60,28,32
050,38,057,"North Dakota","Mercer County",5,81,51,21,30
050,38,057,"North Dakota","Mercer County",5,82,49,25,24
050,38,057,"North Dakota","Mercer County",5,83,49,24,25
050,38,057,"North Dakota","Mercer County",5,84,26,16,10
050,38,057,"North Dakota","Mercer County",5,85,231,79,152
050,38,059,"North Dakota","Morton County",1,0,455,234,221
050,38,059,"North Dakota","Morton County",1,1,437,224,213
050,38,059,"North Dakota","Morton County",1,2,466,241,225
050,38,059,"North Dakota","Morton County",1,3,485,247,238
050,38,059,"North Dakota","Morton County",1,4,483,239,244
050,38,059,"North Dakota","Morton County",1,5,472,238,234
050,38,059,"North Dakota","Morton County",1,6,458,224,234
050,38,059,"North Dakota","Morton County",1,7,459,232,227
050,38,059,"North Dakota","Morton County",1,8,420,206,214
050,38,059,"North Dakota","Morton County",1,9,425,218,207
050,38,059,"North Dakota","Morton County",1,10,417,216,201
050,38,059,"North Dakota","Morton County",1,11,420,224,196
050,38,059,"North Dakota","Morton County",1,12,441,232,209
050,38,059,"North Dakota","Morton County",1,13,454,230,224
050,38,059,"North Dakota","Morton County",1,14,404,198,206
050,38,059,"North Dakota","Morton County",1,15,393,201,192
050,38,059,"North Dakota","Morton County",1,16,391,205,186
050,38,059,"North Dakota","Morton County",1,17,398,203,195
050,38,059,"North Dakota","Morton County",1,18,306,162,144
050,38,059,"North Dakota","Morton County",1,19,258,130,128
050,38,059,"North Dakota","Morton County",1,20,281,148,133
050,38,059,"North Dakota","Morton County",1,21,307,161,146
050,38,059,"North Dakota","Morton County",1,22,350,185,165
050,38,059,"North Dakota","Morton County",1,23,417,200,217
050,38,059,"North Dakota","Morton County",1,24,455,230,225
050,38,059,"North Dakota","Morton County",1,25,414,198,216
050,38,059,"North Dakota","Morton County",1,26,445,214,231
050,38,059,"North Dakota","Morton County",1,27,481,251,230
050,38,059,"North Dakota","Morton County",1,28,527,290,237
050,38,059,"North Dakota","Morton County",1,29,570,288,282
050,38,059,"North Dakota","Morton County",1,30,537,287,250
050,38,059,"North Dakota","Morton County",1,31,513,261,252
050,38,059,"North Dakota","Morton County",1,32,483,248,235
050,38,059,"North Dakota","Morton County",1,33,482,264,218
050,38,059,"North Dakota","Morton County",1,34,490,265,225
050,38,059,"North Dakota","Morton County",1,35,503,290,213
050,38,059,"North Dakota","Morton County",1,36,478,267,211
050,38,059,"North Dakota","Morton County",1,37,489,249,240
050,38,059,"North Dakota","Morton County",1,38,494,261,233
050,38,059,"North Dakota","Morton County",1,39,498,270,228
050,38,059,"North Dakota","Morton County",1,40,457,250,207
050,38,059,"North Dakota","Morton County",1,41,401,199,202
050,38,059,"North Dakota","Morton County",1,42,411,214,197
050,38,059,"North Dakota","Morton County",1,43,366,199,167
050,38,059,"North Dakota","Morton County",1,44,353,182,171
050,38,059,"North Dakota","Morton County",1,45,386,188,198
050,38,059,"North Dakota","Morton County",1,46,375,192,183
050,38,059,"North Dakota","Morton County",1,47,373,209,164
050,38,059,"North Dakota","Morton County",1,48,379,208,171
050,38,059,"North Dakota","Morton County",1,49,380,188,192
050,38,059,"North Dakota","Morton County",1,50,383,186,197
050,38,059,"North Dakota","Morton County",1,51,377,202,175
050,38,059,"North Dakota","Morton County",1,52,362,191,171
050,38,059,"North Dakota","Morton County",1,53,358,198,160
050,38,059,"North Dakota","Morton County",1,54,398,199,199
050,38,059,"North Dakota","Morton County",1,55,401,206,195
050,38,059,"North Dakota","Morton County",1,56,427,219,208
050,38,059,"North Dakota","Morton County",1,57,435,218,217
050,38,059,"North Dakota","Morton County",1,58,429,219,210
050,38,059,"North Dakota","Morton County",1,59,463,236,227
050,38,059,"North Dakota","Morton County",1,60,460,232,228
050,38,059,"North Dakota","Morton County",1,61,448,223,225
050,38,059,"North Dakota","Morton County",1,62,460,230,230
050,38,059,"North Dakota","Morton County",1,63,457,243,214
050,38,059,"North Dakota","Morton County",1,64,445,227,218
050,38,059,"North Dakota","Morton County",1,65,401,195,206
050,38,059,"North Dakota","Morton County",1,66,386,193,193
050,38,059,"North Dakota","Morton County",1,67,368,187,181
050,38,059,"North Dakota","Morton County",1,68,344,177,167
050,38,059,"North Dakota","Morton County",1,69,319,164,155
050,38,059,"North Dakota","Morton County",1,70,309,153,156
050,38,059,"North Dakota","Morton County",1,71,297,143,154
050,38,059,"North Dakota","Morton County",1,72,306,147,159
050,38,059,"North Dakota","Morton County",1,73,276,138,138
050,38,059,"North Dakota","Morton County",1,74,199,107,92
050,38,059,"North Dakota","Morton County",1,75,205,101,104
050,38,059,"North Dakota","Morton County",1,76,197,95,102
050,38,059,"North Dakota","Morton County",1,77,190,93,97
050,38,059,"North Dakota","Morton County",1,78,147,72,75
050,38,059,"North Dakota","Morton County",1,79,144,65,79
050,38,059,"North Dakota","Morton County",1,80,125,53,72
050,38,059,"North Dakota","Morton County",1,81,132,55,77
050,38,059,"North Dakota","Morton County",1,82,126,47,79
050,38,059,"North Dakota","Morton County",1,83,117,46,71
050,38,059,"North Dakota","Morton County",1,84,102,43,59
050,38,059,"North Dakota","Morton County",1,85,757,234,523
050,38,059,"North Dakota","Morton County",2,0,426,215,211
050,38,059,"North Dakota","Morton County",2,1,439,225,214
050,38,059,"North Dakota","Morton County",2,2,457,235,222
050,38,059,"North Dakota","Morton County",2,3,477,244,233
050,38,059,"North Dakota","Morton County",2,4,484,241,243
050,38,059,"North Dakota","Morton County",2,5,474,238,236
050,38,059,"North Dakota","Morton County",2,6,464,229,235
050,38,059,"North Dakota","Morton County",2,7,454,228,226
050,38,059,"North Dakota","Morton County",2,8,430,211,219
050,38,059,"North Dakota","Morton County",2,9,423,214,209
050,38,059,"North Dakota","Morton County",2,10,419,216,203
050,38,059,"North Dakota","Morton County",2,11,415,219,196
050,38,059,"North Dakota","Morton County",2,12,438,230,208
050,38,059,"North Dakota","Morton County",2,13,447,228,219
050,38,059,"North Dakota","Morton County",2,14,416,205,211
050,38,059,"North Dakota","Morton County",2,15,399,203,196
050,38,059,"North Dakota","Morton County",2,16,397,208,189
050,38,059,"North Dakota","Morton County",2,17,401,204,197
050,38,059,"North Dakota","Morton County",2,18,310,161,149
050,38,059,"North Dakota","Morton County",2,19,259,132,127
050,38,059,"North Dakota","Morton County",2,20,282,147,135
050,38,059,"North Dakota","Morton County",2,21,308,163,145
050,38,059,"North Dakota","Morton County",2,22,353,186,167
050,38,059,"North Dakota","Morton County",2,23,409,199,210
050,38,059,"North Dakota","Morton County",2,24,448,225,223
050,38,059,"North Dakota","Morton County",2,25,419,201,218
050,38,059,"North Dakota","Morton County",2,26,433,207,226
050,38,059,"North Dakota","Morton County",2,27,475,245,230
050,38,059,"North Dakota","Morton County",2,28,526,283,243
050,38,059,"North Dakota","Morton County",2,29,564,290,274
050,38,059,"North Dakota","Morton County",2,30,545,288,257
050,38,059,"North Dakota","Morton County",2,31,511,266,245
050,38,059,"North Dakota","Morton County",2,32,485,249,236
050,38,059,"North Dakota","Morton County",2,33,481,258,223
050,38,059,"North Dakota","Morton County",2,34,487,265,222
050,38,059,"North Dakota","Morton County",2,35,503,288,215
050,38,059,"North Dakota","Morton County",2,36,479,271,208
050,38,059,"North Dakota","Morton County",2,37,488,252,236
050,38,059,"North Dakota","Morton County",2,38,495,260,235
050,38,059,"North Dakota","Morton County",2,39,492,264,228
050,38,059,"North Dakota","Morton County",2,40,463,249,214
050,38,059,"North Dakota","Morton County",2,41,413,208,205
050,38,059,"North Dakota","Morton County",2,42,408,211,197
050,38,059,"North Dakota","Morton County",2,43,378,205,173
050,38,059,"North Dakota","Morton County",2,44,356,187,169
050,38,059,"North Dakota","Morton County",2,45,379,186,193
050,38,059,"North Dakota","Morton County",2,46,378,193,185
050,38,059,"North Dakota","Morton County",2,47,373,205,168
050,38,059,"North Dakota","Morton County",2,48,380,212,168
050,38,059,"North Dakota","Morton County",2,49,383,195,188
050,38,059,"North Dakota","Morton County",2,50,383,186,197
050,38,059,"North Dakota","Morton County",2,51,379,197,182
050,38,059,"North Dakota","Morton County",2,52,366,194,172
050,38,059,"North Dakota","Morton County",2,53,360,196,164
050,38,059,"North Dakota","Morton County",2,54,390,200,190
050,38,059,"North Dakota","Morton County",2,55,400,204,196
050,38,059,"North Dakota","Morton County",2,56,423,215,208
050,38,059,"North Dakota","Morton County",2,57,434,220,214
050,38,059,"North Dakota","Morton County",2,58,429,218,211
050,38,059,"North Dakota","Morton County",2,59,456,233,223
050,38,059,"North Dakota","Morton County",2,60,459,230,229
050,38,059,"North Dakota","Morton County",2,61,449,224,225
050,38,059,"North Dakota","Morton County",2,62,458,230,228
050,38,059,"North Dakota","Morton County",2,63,459,241,218
050,38,059,"North Dakota","Morton County",2,64,444,228,216
050,38,059,"North Dakota","Morton County",2,65,412,204,208
050,38,059,"North Dakota","Morton County",2,66,389,192,197
050,38,059,"North Dakota","Morton County",2,67,371,188,183
050,38,059,"North Dakota","Morton County",2,68,346,177,169
050,38,059,"North Dakota","Morton County",2,69,329,168,161
050,38,059,"North Dakota","Morton County",2,70,308,152,156
050,38,059,"North Dakota","Morton County",2,71,300,146,154
050,38,059,"North Dakota","Morton County",2,72,296,141,155
050,38,059,"North Dakota","Morton County",2,73,302,149,153
050,38,059,"North Dakota","Morton County",2,74,201,106,95
050,38,059,"North Dakota","Morton County",2,75,205,103,102
050,38,059,"North Dakota","Morton County",2,76,196,95,101
050,38,059,"North Dakota","Morton County",2,77,193,95,98
050,38,059,"North Dakota","Morton County",2,78,153,74,79
050,38,059,"North Dakota","Morton County",2,79,147,68,79
050,38,059,"North Dakota","Morton County",2,80,127,54,73
050,38,059,"North Dakota","Morton County",2,81,127,51,76
050,38,059,"North Dakota","Morton County",2,82,127,49,78
050,38,059,"North Dakota","Morton County",2,83,116,44,72
050,38,059,"North Dakota","Morton County",2,84,104,43,61
050,38,059,"North Dakota","Morton County",2,85,754,231,523
050,38,059,"North Dakota","Morton County",3,0,422,213,209
050,38,059,"North Dakota","Morton County",3,1,426,222,204
050,38,059,"North Dakota","Morton County",3,2,435,223,212
050,38,059,"North Dakota","Morton County",3,3,457,228,229
050,38,059,"North Dakota","Morton County",3,4,484,249,235
050,38,059,"North Dakota","Morton County",3,5,483,241,242
050,38,059,"North Dakota","Morton County",3,6,477,236,241
050,38,059,"North Dakota","Morton County",3,7,462,230,232
050,38,059,"North Dakota","Morton County",3,8,448,230,218
050,38,059,"North Dakota","Morton County",3,9,430,206,224
050,38,059,"North Dakota","Morton County",3,10,430,214,216
050,38,059,"North Dakota","Morton County",3,11,432,225,207
050,38,059,"North Dakota","Morton County",3,12,409,217,192
050,38,059,"North Dakota","Morton County",3,13,448,229,219
050,38,059,"North Dakota","Morton County",3,14,467,235,232
050,38,059,"North Dakota","Morton County",3,15,426,213,213
050,38,059,"North Dakota","Morton County",3,16,404,215,189
050,38,059,"North Dakota","Morton County",3,17,408,211,197
050,38,059,"North Dakota","Morton County",3,18,330,173,157
050,38,059,"North Dakota","Morton County",3,19,259,134,125
050,38,059,"North Dakota","Morton County",3,20,277,143,134
050,38,059,"North Dakota","Morton County",3,21,329,171,158
050,38,059,"North Dakota","Morton County",3,22,356,185,171
050,38,059,"North Dakota","Morton County",3,23,390,203,187
050,38,059,"North Dakota","Morton County",3,24,458,236,222
050,38,059,"North Dakota","Morton County",3,25,444,231,213
050,38,059,"North Dakota","Morton County",3,26,452,218,234
050,38,059,"North Dakota","Morton County",3,27,455,230,225
050,38,059,"North Dakota","Morton County",3,28,488,249,239
050,38,059,"North Dakota","Morton County",3,29,559,297,262
050,38,059,"North Dakota","Morton County",3,30,577,300,277
050,38,059,"North Dakota","Morton County",3,31,541,299,242
050,38,059,"North Dakota","Morton County",3,32,490,257,233
050,38,059,"North Dakota","Morton County",3,33,490,251,239
050,38,059,"North Dakota","Morton County",3,34,478,243,235
050,38,059,"North Dakota","Morton County",3,35,511,279,232
050,38,059,"North Dakota","Morton County",3,36,496,286,210
050,38,059,"North Dakota","Morton County",3,37,484,266,218
050,38,059,"North Dakota","Morton County",3,38,493,247,246
050,38,059,"North Dakota","Morton County",3,39,487,246,241
050,38,059,"North Dakota","Morton County",3,40,479,262,217
050,38,059,"North Dakota","Morton County",3,41,445,236,209
050,38,059,"North Dakota","Morton County",3,42,407,202,205
050,38,059,"North Dakota","Morton County",3,43,395,208,187
050,38,059,"North Dakota","Morton County",3,44,386,204,182
050,38,059,"North Dakota","Morton County",3,45,366,187,179
050,38,059,"North Dakota","Morton County",3,46,387,198,189
050,38,059,"North Dakota","Morton County",3,47,379,186,193
050,38,059,"North Dakota","Morton County",3,48,376,202,174
050,38,059,"North Dakota","Morton County",3,49,377,209,168
050,38,059,"North Dakota","Morton County",3,50,376,187,189
050,38,059,"North Dakota","Morton County",3,51,390,191,199
050,38,059,"North Dakota","Morton County",3,52,367,191,176
050,38,059,"North Dakota","Morton County",3,53,364,203,161
050,38,059,"North Dakota","Morton County",3,54,358,189,169
050,38,059,"North Dakota","Morton County",3,55,373,189,184
050,38,059,"North Dakota","Morton County",3,56,393,189,204
050,38,059,"North Dakota","Morton County",3,57,426,216,210
050,38,059,"North Dakota","Morton County",3,58,429,216,213
050,38,059,"North Dakota","Morton County",3,59,418,213,205
050,38,059,"North Dakota","Morton County",3,60,462,234,228
050,38,059,"North Dakota","Morton County",3,61,463,228,235
050,38,059,"North Dakota","Morton County",3,62,440,227,213
050,38,059,"North Dakota","Morton County",3,63,460,239,221
050,38,059,"North Dakota","Morton County",3,64,467,239,228
050,38,059,"North Dakota","Morton County",3,65,442,230,212
050,38,059,"North Dakota","Morton County",3,66,404,200,204
050,38,059,"North Dakota","Morton County",3,67,388,192,196
050,38,059,"North Dakota","Morton County",3,68,360,180,180
050,38,059,"North Dakota","Morton County",3,69,336,167,169
050,38,059,"North Dakota","Morton County",3,70,321,162,159
050,38,059,"North Dakota","Morton County",3,71,293,148,145
050,38,059,"North Dakota","Morton County",3,72,295,144,151
050,38,059,"North Dakota","Morton County",3,73,287,133,154
050,38,059,"North Dakota","Morton County",3,74,286,144,142
050,38,059,"North Dakota","Morton County",3,75,202,104,98
050,38,059,"North Dakota","Morton County",3,76,194,98,96
050,38,059,"North Dakota","Morton County",3,77,183,90,93
050,38,059,"North Dakota","Morton County",3,78,187,92,95
050,38,059,"North Dakota","Morton County",3,79,152,73,79
050,38,059,"North Dakota","Morton County",3,80,129,60,69
050,38,059,"North Dakota","Morton County",3,81,113,45,68
050,38,059,"North Dakota","Morton County",3,82,106,42,64
050,38,059,"North Dakota","Morton County",3,83,113,38,75
050,38,059,"North Dakota","Morton County",3,84,106,39,67
050,38,059,"North Dakota","Morton County",3,85,693,207,486
050,38,059,"North Dakota","Morton County",4,0,425,212,213
050,38,059,"North Dakota","Morton County",4,1,434,235,199
050,38,059,"North Dakota","Morton County",4,2,410,224,186
050,38,059,"North Dakota","Morton County",4,3,418,208,210
050,38,059,"North Dakota","Morton County",4,4,453,236,217
050,38,059,"North Dakota","Morton County",4,5,467,231,236
050,38,059,"North Dakota","Morton County",4,6,491,248,243
050,38,059,"North Dakota","Morton County",4,7,500,260,240
050,38,059,"North Dakota","Morton County",4,8,469,244,225
050,38,059,"North Dakota","Morton County",4,9,472,243,229
050,38,059,"North Dakota","Morton County",4,10,422,204,218
050,38,059,"North Dakota","Morton County",4,11,417,215,202
050,38,059,"North Dakota","Morton County",4,12,427,223,204
050,38,059,"North Dakota","Morton County",4,13,405,210,195
050,38,059,"North Dakota","Morton County",4,14,441,228,213
050,38,059,"North Dakota","Morton County",4,15,455,235,220
050,38,059,"North Dakota","Morton County",4,16,433,225,208
050,38,059,"North Dakota","Morton County",4,17,422,215,207
050,38,059,"North Dakota","Morton County",4,18,334,177,157
050,38,059,"North Dakota","Morton County",4,19,264,131,133
050,38,059,"North Dakota","Morton County",4,20,272,141,131
050,38,059,"North Dakota","Morton County",4,21,300,154,146
050,38,059,"North Dakota","Morton County",4,22,365,186,179
050,38,059,"North Dakota","Morton County",4,23,382,202,180
050,38,059,"North Dakota","Morton County",4,24,431,215,216
050,38,059,"North Dakota","Morton County",4,25,461,228,233
050,38,059,"North Dakota","Morton County",4,26,459,237,222
050,38,059,"North Dakota","Morton County",4,27,442,207,235
050,38,059,"North Dakota","Morton County",4,28,441,220,221
050,38,059,"North Dakota","Morton County",4,29,504,253,251
050,38,059,"North Dakota","Morton County",4,30,574,307,267
050,38,059,"North Dakota","Morton County",4,31,586,301,285
050,38,059,"North Dakota","Morton County",4,32,530,289,241
050,38,059,"North Dakota","Morton County",4,33,504,275,229
050,38,059,"North Dakota","Morton County",4,34,486,248,238
050,38,059,"North Dakota","Morton County",4,35,497,255,242
050,38,059,"North Dakota","Morton County",4,36,520,290,230
050,38,059,"North Dakota","Morton County",4,37,497,269,228
050,38,059,"North Dakota","Morton County",4,38,469,254,215
050,38,059,"North Dakota","Morton County",4,39,496,252,244
050,38,059,"North Dakota","Morton County",4,40,482,243,239
050,38,059,"North Dakota","Morton County",4,41,484,258,226
050,38,059,"North Dakota","Morton County",4,42,433,224,209
050,38,059,"North Dakota","Morton County",4,43,410,198,212
050,38,059,"North Dakota","Morton County",4,44,407,222,185
050,38,059,"North Dakota","Morton County",4,45,377,193,184
050,38,059,"North Dakota","Morton County",4,46,366,198,168
050,38,059,"North Dakota","Morton County",4,47,364,173,191
050,38,059,"North Dakota","Morton County",4,48,379,199,180
050,38,059,"North Dakota","Morton County",4,49,362,191,171
050,38,059,"North Dakota","Morton County",4,50,367,205,162
050,38,059,"North Dakota","Morton County",4,51,378,190,188
050,38,059,"North Dakota","Morton County",4,52,380,184,196
050,38,059,"North Dakota","Morton County",4,53,360,188,172
050,38,059,"North Dakota","Morton County",4,54,371,204,167
050,38,059,"North Dakota","Morton County",4,55,354,183,171
050,38,059,"North Dakota","Morton County",4,56,370,184,186
050,38,059,"North Dakota","Morton County",4,57,388,188,200
050,38,059,"North Dakota","Morton County",4,58,417,211,206
050,38,059,"North Dakota","Morton County",4,59,421,208,213
050,38,059,"North Dakota","Morton County",4,60,423,220,203
050,38,059,"North Dakota","Morton County",4,61,460,227,233
050,38,059,"North Dakota","Morton County",4,62,459,235,224
050,38,059,"North Dakota","Morton County",4,63,430,218,212
050,38,059,"North Dakota","Morton County",4,64,462,239,223
050,38,059,"North Dakota","Morton County",4,65,467,239,228
050,38,059,"North Dakota","Morton County",4,66,435,233,202
050,38,059,"North Dakota","Morton County",4,67,405,205,200
050,38,059,"North Dakota","Morton County",4,68,376,181,195
050,38,059,"North Dakota","Morton County",4,69,356,176,180
050,38,059,"North Dakota","Morton County",4,70,327,160,167
050,38,059,"North Dakota","Morton County",4,71,319,164,155
050,38,059,"North Dakota","Morton County",4,72,294,145,149
050,38,059,"North Dakota","Morton County",4,73,290,142,148
050,38,059,"North Dakota","Morton County",4,74,269,127,142
050,38,059,"North Dakota","Morton County",4,75,283,140,143
050,38,059,"North Dakota","Morton County",4,76,191,99,92
050,38,059,"North Dakota","Morton County",4,77,179,89,90
050,38,059,"North Dakota","Morton County",4,78,175,84,91
050,38,059,"North Dakota","Morton County",4,79,194,90,104
050,38,059,"North Dakota","Morton County",4,80,140,67,73
050,38,059,"North Dakota","Morton County",4,81,127,60,67
050,38,059,"North Dakota","Morton County",4,82,105,39,66
050,38,059,"North Dakota","Morton County",4,83,97,36,61
050,38,059,"North Dakota","Morton County",4,84,105,36,69
050,38,059,"North Dakota","Morton County",4,85,692,204,488
050,38,059,"North Dakota","Morton County",5,0,412,206,206
050,38,059,"North Dakota","Morton County",5,1,444,225,219
050,38,059,"North Dakota","Morton County",5,2,441,227,214
050,38,059,"North Dakota","Morton County",5,3,412,218,194
050,38,059,"North Dakota","Morton County",5,4,442,223,219
050,38,059,"North Dakota","Morton County",5,5,474,236,238
050,38,059,"North Dakota","Morton County",5,6,468,239,229
050,38,059,"North Dakota","Morton County",5,7,488,244,244
050,38,059,"North Dakota","Morton County",5,8,476,239,237
050,38,059,"North Dakota","Morton County",5,9,457,230,227
050,38,059,"North Dakota","Morton County",5,10,469,236,233
050,38,059,"North Dakota","Morton County",5,11,437,209,228
050,38,059,"North Dakota","Morton County",5,12,408,220,188
050,38,059,"North Dakota","Morton County",5,13,448,229,219
050,38,059,"North Dakota","Morton County",5,14,405,211,194
050,38,059,"North Dakota","Morton County",5,15,452,235,217
050,38,059,"North Dakota","Morton County",5,16,467,250,217
050,38,059,"North Dakota","Morton County",5,17,433,224,209
050,38,059,"North Dakota","Morton County",5,18,343,181,162
050,38,059,"North Dakota","Morton County",5,19,273,141,132
050,38,059,"North Dakota","Morton County",5,20,281,139,142
050,38,059,"North Dakota","Morton County",5,21,292,141,151
050,38,059,"North Dakota","Morton County",5,22,337,173,164
050,38,059,"North Dakota","Morton County",5,23,407,188,219
050,38,059,"North Dakota","Morton County",5,24,415,215,200
050,38,059,"North Dakota","Morton County",5,25,451,223,228
050,38,059,"North Dakota","Morton County",5,26,475,233,242
050,38,059,"North Dakota","Morton County",5,27,474,252,222
050,38,059,"North Dakota","Morton County",5,28,460,210,250
050,38,059,"North Dakota","Morton County",5,29,454,223,231
050,38,059,"North Dakota","Morton County",5,30,511,245,266
050,38,059,"North Dakota","Morton County",5,31,533,290,243
050,38,059,"North Dakota","Morton County",5,32,571,294,277
050,38,059,"North Dakota","Morton County",5,33,525,284,241
050,38,059,"North Dakota","Morton County",5,34,497,270,227
050,38,059,"North Dakota","Morton County",5,35,488,254,234
050,38,059,"North Dakota","Morton County",5,36,503,257,246
050,38,059,"North Dakota","Morton County",5,37,502,272,230
050,38,059,"North Dakota","Morton County",5,38,474,256,218
050,38,059,"North Dakota","Morton County",5,39,481,264,217
050,38,059,"North Dakota","Morton County",5,40,503,265,238
050,38,059,"North Dakota","Morton County",5,41,490,238,252
050,38,059,"North Dakota","Morton County",5,42,469,248,221
050,38,059,"North Dakota","Morton County",5,43,433,225,208
050,38,059,"North Dakota","Morton County",5,44,404,192,212
050,38,059,"North Dakota","Morton County",5,45,409,223,186
050,38,059,"North Dakota","Morton County",5,46,373,197,176
050,38,059,"North Dakota","Morton County",5,47,363,195,168
050,38,059,"North Dakota","Morton County",5,48,373,181,192
050,38,059,"North Dakota","Morton County",5,49,363,184,179
050,38,059,"North Dakota","Morton County",5,50,360,190,170
050,38,059,"North Dakota","Morton County",5,51,366,204,162
050,38,059,"North Dakota","Morton County",5,52,361,185,176
050,38,059,"North Dakota","Morton County",5,53,381,187,194
050,38,059,"North Dakota","Morton County",5,54,365,188,177
050,38,059,"North Dakota","Morton County",5,55,371,205,166
050,38,059,"North Dakota","Morton County",5,56,361,182,179
050,38,059,"North Dakota","Morton County",5,57,384,191,193
050,38,059,"North Dakota","Morton County",5,58,378,175,203
050,38,059,"North Dakota","Morton County",5,59,414,210,204
050,38,059,"North Dakota","Morton County",5,60,422,214,208
050,38,059,"North Dakota","Morton County",5,61,437,218,219
050,38,059,"North Dakota","Morton County",5,62,452,229,223
050,38,059,"North Dakota","Morton County",5,63,444,224,220
050,38,059,"North Dakota","Morton County",5,64,419,214,205
050,38,059,"North Dakota","Morton County",5,65,461,242,219
050,38,059,"North Dakota","Morton County",5,66,460,233,227
050,38,059,"North Dakota","Morton County",5,67,432,236,196
050,38,059,"North Dakota","Morton County",5,68,392,197,195
050,38,059,"North Dakota","Morton County",5,69,372,179,193
050,38,059,"North Dakota","Morton County",5,70,354,176,178
050,38,059,"North Dakota","Morton County",5,71,322,163,159
050,38,059,"North Dakota","Morton County",5,72,309,158,151
050,38,059,"North Dakota","Morton County",5,73,285,136,149
050,38,059,"North Dakota","Morton County",5,74,274,140,134
050,38,059,"North Dakota","Morton County",5,75,265,122,143
050,38,059,"North Dakota","Morton County",5,76,267,133,134
050,38,059,"North Dakota","Morton County",5,77,176,93,83
050,38,059,"North Dakota","Morton County",5,78,174,85,89
050,38,059,"North Dakota","Morton County",5,79,176,85,91
050,38,059,"North Dakota","Morton County",5,80,181,88,93
050,38,059,"North Dakota","Morton County",5,81,141,67,74
050,38,059,"North Dakota","Morton County",5,82,111,52,59
050,38,059,"North Dakota","Morton County",5,83,93,30,63
050,38,059,"North Dakota","Morton County",5,84,90,33,57
050,38,059,"North Dakota","Morton County",5,85,685,199,486
050,38,061,"North Dakota","Mountrail County",1,0,178,92,86
050,38,061,"North Dakota","Mountrail County",1,1,165,90,75
050,38,061,"North Dakota","Mountrail County",1,2,172,89,83
050,38,061,"North Dakota","Mountrail County",1,3,171,83,88
050,38,061,"North Dakota","Mountrail County",1,4,180,90,90
050,38,061,"North Dakota","Mountrail County",1,5,156,80,76
050,38,061,"North Dakota","Mountrail County",1,6,165,82,83
050,38,061,"North Dakota","Mountrail County",1,7,180,95,85
050,38,061,"North Dakota","Mountrail County",1,8,164,84,80
050,38,061,"North Dakota","Mountrail County",1,9,150,74,76
050,38,061,"North Dakota","Mountrail County",1,10,162,88,74
050,38,061,"North Dakota","Mountrail County",1,11,160,83,77
050,38,061,"North Dakota","Mountrail County",1,12,148,73,75
050,38,061,"North Dakota","Mountrail County",1,13,140,71,69
050,38,061,"North Dakota","Mountrail County",1,14,141,74,67
050,38,061,"North Dakota","Mountrail County",1,15,138,66,72
050,38,061,"North Dakota","Mountrail County",1,16,130,64,66
050,38,061,"North Dakota","Mountrail County",1,17,130,71,59
050,38,061,"North Dakota","Mountrail County",1,18,125,72,53
050,38,061,"North Dakota","Mountrail County",1,19,100,52,48
050,38,061,"North Dakota","Mountrail County",1,20,104,64,40
050,38,061,"North Dakota","Mountrail County",1,21,105,63,42
050,38,061,"North Dakota","Mountrail County",1,22,111,62,49
050,38,061,"North Dakota","Mountrail County",1,23,132,70,62
050,38,061,"North Dakota","Mountrail County",1,24,126,62,64
050,38,061,"North Dakota","Mountrail County",1,25,121,72,49
050,38,061,"North Dakota","Mountrail County",1,26,127,70,57
050,38,061,"North Dakota","Mountrail County",1,27,141,75,66
050,38,061,"North Dakota","Mountrail County",1,28,142,69,73
050,38,061,"North Dakota","Mountrail County",1,29,158,85,73
050,38,061,"North Dakota","Mountrail County",1,30,160,74,86
050,38,061,"North Dakota","Mountrail County",1,31,141,69,72
050,38,061,"North Dakota","Mountrail County",1,32,150,80,70
050,38,061,"North Dakota","Mountrail County",1,33,147,81,66
050,38,061,"North Dakota","Mountrail County",1,34,126,68,58
050,38,061,"North Dakota","Mountrail County",1,35,124,65,59
050,38,061,"North Dakota","Mountrail County",1,36,140,73,67
050,38,061,"North Dakota","Mountrail County",1,37,130,68,62
050,38,061,"North Dakota","Mountrail County",1,38,146,79,67
050,38,061,"North Dakota","Mountrail County",1,39,127,68,59
050,38,061,"North Dakota","Mountrail County",1,40,106,62,44
050,38,061,"North Dakota","Mountrail County",1,41,124,66,58
050,38,061,"North Dakota","Mountrail County",1,42,124,65,59
050,38,061,"North Dakota","Mountrail County",1,43,104,59,45
050,38,061,"North Dakota","Mountrail County",1,44,132,74,58
050,38,061,"North Dakota","Mountrail County",1,45,116,67,49
050,38,061,"North Dakota","Mountrail County",1,46,96,48,48
050,38,061,"North Dakota","Mountrail County",1,47,110,55,55
050,38,061,"North Dakota","Mountrail County",1,48,120,60,60
050,38,061,"North Dakota","Mountrail County",1,49,126,63,63
050,38,061,"North Dakota","Mountrail County",1,50,104,55,49
050,38,061,"North Dakota","Mountrail County",1,51,108,56,52
050,38,061,"North Dakota","Mountrail County",1,52,105,50,55
050,38,061,"North Dakota","Mountrail County",1,53,101,54,47
050,38,061,"North Dakota","Mountrail County",1,54,98,50,48
050,38,061,"North Dakota","Mountrail County",1,55,115,60,55
050,38,061,"North Dakota","Mountrail County",1,56,110,60,50
050,38,061,"North Dakota","Mountrail County",1,57,123,66,57
050,38,061,"North Dakota","Mountrail County",1,58,116,65,51
050,38,061,"North Dakota","Mountrail County",1,59,109,59,50
050,38,061,"North Dakota","Mountrail County",1,60,130,72,58
050,38,061,"North Dakota","Mountrail County",1,61,132,73,59
050,38,061,"North Dakota","Mountrail County",1,62,150,90,60
050,38,061,"North Dakota","Mountrail County",1,63,127,74,53
050,38,061,"North Dakota","Mountrail County",1,64,93,50,43
050,38,061,"North Dakota","Mountrail County",1,65,99,53,46
050,38,061,"North Dakota","Mountrail County",1,66,107,51,56
050,38,061,"North Dakota","Mountrail County",1,67,90,38,52
050,38,061,"North Dakota","Mountrail County",1,68,85,40,45
050,38,061,"North Dakota","Mountrail County",1,69,92,51,41
050,38,061,"North Dakota","Mountrail County",1,70,79,43,36
050,38,061,"North Dakota","Mountrail County",1,71,70,39,31
050,38,061,"North Dakota","Mountrail County",1,72,62,31,31
050,38,061,"North Dakota","Mountrail County",1,73,65,32,33
050,38,061,"North Dakota","Mountrail County",1,74,45,23,22
050,38,061,"North Dakota","Mountrail County",1,75,43,26,17
050,38,061,"North Dakota","Mountrail County",1,76,47,30,17
050,38,061,"North Dakota","Mountrail County",1,77,48,23,25
050,38,061,"North Dakota","Mountrail County",1,78,39,16,23
050,38,061,"North Dakota","Mountrail County",1,79,27,13,14
050,38,061,"North Dakota","Mountrail County",1,80,27,11,16
050,38,061,"North Dakota","Mountrail County",1,81,22,11,11
050,38,061,"North Dakota","Mountrail County",1,82,17,5,12
050,38,061,"North Dakota","Mountrail County",1,83,17,9,8
050,38,061,"North Dakota","Mountrail County",1,84,20,8,12
050,38,061,"North Dakota","Mountrail County",1,85,101,52,49
050,38,061,"North Dakota","Mountrail County",2,0,176,87,89
050,38,061,"North Dakota","Mountrail County",2,1,167,90,77
050,38,061,"North Dakota","Mountrail County",2,2,167,87,80
050,38,061,"North Dakota","Mountrail County",2,3,169,83,86
050,38,061,"North Dakota","Mountrail County",2,4,176,86,90
050,38,061,"North Dakota","Mountrail County",2,5,161,83,78
050,38,061,"North Dakota","Mountrail County",2,6,162,82,80
050,38,061,"North Dakota","Mountrail County",2,7,176,93,83
050,38,061,"North Dakota","Mountrail County",2,8,164,84,80
050,38,061,"North Dakota","Mountrail County",2,9,154,78,76
050,38,061,"North Dakota","Mountrail County",2,10,156,83,73
050,38,061,"North Dakota","Mountrail County",2,11,160,85,75
050,38,061,"North Dakota","Mountrail County",2,12,153,77,76
050,38,061,"North Dakota","Mountrail County",2,13,142,71,71
050,38,061,"North Dakota","Mountrail County",2,14,141,73,68
050,38,061,"North Dakota","Mountrail County",2,15,140,68,72
050,38,061,"North Dakota","Mountrail County",2,16,133,65,68
050,38,061,"North Dakota","Mountrail County",2,17,129,69,60
050,38,061,"North Dakota","Mountrail County",2,18,122,70,52
050,38,061,"North Dakota","Mountrail County",2,19,105,57,48
050,38,061,"North Dakota","Mountrail County",2,20,106,64,42
050,38,061,"North Dakota","Mountrail County",2,21,104,63,41
050,38,061,"North Dakota","Mountrail County",2,22,114,64,50
050,38,061,"North Dakota","Mountrail County",2,23,128,68,60
050,38,061,"North Dakota","Mountrail County",2,24,127,63,64
050,38,061,"North Dakota","Mountrail County",2,25,123,70,53
050,38,061,"North Dakota","Mountrail County",2,26,125,70,55
050,38,061,"North Dakota","Mountrail County",2,27,137,72,65
050,38,061,"North Dakota","Mountrail County",2,28,139,69,70
050,38,061,"North Dakota","Mountrail County",2,29,150,79,71
050,38,061,"North Dakota","Mountrail County",2,30,156,73,83
050,38,061,"North Dakota","Mountrail County",2,31,146,71,75
050,38,061,"North Dakota","Mountrail County",2,32,148,75,73
050,38,061,"North Dakota","Mountrail County",2,33,143,78,65
050,38,061,"North Dakota","Mountrail County",2,34,131,73,58
050,38,061,"North Dakota","Mountrail County",2,35,124,66,58
050,38,061,"North Dakota","Mountrail County",2,36,133,68,65
050,38,061,"North Dakota","Mountrail County",2,37,132,69,63
050,38,061,"North Dakota","Mountrail County",2,38,146,80,66
050,38,061,"North Dakota","Mountrail County",2,39,131,71,60
050,38,061,"North Dakota","Mountrail County",2,40,115,67,48
050,38,061,"North Dakota","Mountrail County",2,41,121,66,55
050,38,061,"North Dakota","Mountrail County",2,42,125,66,59
050,38,061,"North Dakota","Mountrail County",2,43,111,61,50
050,38,061,"North Dakota","Mountrail County",2,44,122,68,54
050,38,061,"North Dakota","Mountrail County",2,45,122,68,54
050,38,061,"North Dakota","Mountrail County",2,46,100,52,48
050,38,061,"North Dakota","Mountrail County",2,47,108,55,53
050,38,061,"North Dakota","Mountrail County",2,48,118,61,57
050,38,061,"North Dakota","Mountrail County",2,49,122,63,59
050,38,061,"North Dakota","Mountrail County",2,50,109,57,52
050,38,061,"North Dakota","Mountrail County",2,51,107,56,51
050,38,061,"North Dakota","Mountrail County",2,52,103,50,53
050,38,061,"North Dakota","Mountrail County",2,53,101,52,49
050,38,061,"North Dakota","Mountrail County",2,54,101,53,48
050,38,061,"North Dakota","Mountrail County",2,55,110,57,53
050,38,061,"North Dakota","Mountrail County",2,56,110,60,50
050,38,061,"North Dakota","Mountrail County",2,57,118,63,55
050,38,061,"North Dakota","Mountrail County",2,58,119,67,52
050,38,061,"North Dakota","Mountrail County",2,59,111,60,51
050,38,061,"North Dakota","Mountrail County",2,60,122,67,55
050,38,061,"North Dakota","Mountrail County",2,61,131,72,59
050,38,061,"North Dakota","Mountrail County",2,62,145,85,60
050,38,061,"North Dakota","Mountrail County",2,63,133,78,55
050,38,061,"North Dakota","Mountrail County",2,64,100,56,44
050,38,061,"North Dakota","Mountrail County",2,65,98,53,45
050,38,061,"North Dakota","Mountrail County",2,66,108,53,55
050,38,061,"North Dakota","Mountrail County",2,67,92,40,52
050,38,061,"North Dakota","Mountrail County",2,68,85,39,46
050,38,061,"North Dakota","Mountrail County",2,69,92,50,42
050,38,061,"North Dakota","Mountrail County",2,70,84,47,37
050,38,061,"North Dakota","Mountrail County",2,71,70,37,33
050,38,061,"North Dakota","Mountrail County",2,72,62,32,30
050,38,061,"North Dakota","Mountrail County",2,73,66,33,33
050,38,061,"North Dakota","Mountrail County",2,74,47,24,23
050,38,061,"North Dakota","Mountrail County",2,75,42,24,18
050,38,061,"North Dakota","Mountrail County",2,76,44,29,15
050,38,061,"North Dakota","Mountrail County",2,77,47,24,23
050,38,061,"North Dakota","Mountrail County",2,78,39,17,22
050,38,061,"North Dakota","Mountrail County",2,79,29,13,16
050,38,061,"North Dakota","Mountrail County",2,80,26,11,15
050,38,061,"North Dakota","Mountrail County",2,81,22,10,12
050,38,061,"North Dakota","Mountrail County",2,82,17,6,11
050,38,061,"North Dakota","Mountrail County",2,83,17,8,9
050,38,061,"North Dakota","Mountrail County",2,84,18,8,10
050,38,061,"North Dakota","Mountrail County",2,85,103,52,51
050,38,061,"North Dakota","Mountrail County",3,0,171,88,83
050,38,061,"North Dakota","Mountrail County",3,1,161,76,85
050,38,061,"North Dakota","Mountrail County",3,2,161,87,74
050,38,061,"North Dakota","Mountrail County",3,3,164,89,75
050,38,061,"North Dakota","Mountrail County",3,4,170,82,88
050,38,061,"North Dakota","Mountrail County",3,5,174,82,92
050,38,061,"North Dakota","Mountrail County",3,6,160,81,79
050,38,061,"North Dakota","Mountrail County",3,7,156,80,76
050,38,061,"North Dakota","Mountrail County",3,8,168,87,81
050,38,061,"North Dakota","Mountrail County",3,9,157,77,80
050,38,061,"North Dakota","Mountrail County",3,10,149,76,73
050,38,061,"North Dakota","Mountrail County",3,11,152,77,75
050,38,061,"North Dakota","Mountrail County",3,12,158,82,76
050,38,061,"North Dakota","Mountrail County",3,13,149,69,80
050,38,061,"North Dakota","Mountrail County",3,14,127,66,61
050,38,061,"North Dakota","Mountrail County",3,15,135,68,67
050,38,061,"North Dakota","Mountrail County",3,16,138,68,70
050,38,061,"North Dakota","Mountrail County",3,17,133,70,63
050,38,061,"North Dakota","Mountrail County",3,18,110,59,51
050,38,061,"North Dakota","Mountrail County",3,19,104,62,42
050,38,061,"North Dakota","Mountrail County",3,20,117,64,53
050,38,061,"North Dakota","Mountrail County",3,21,101,59,42
050,38,061,"North Dakota","Mountrail County",3,22,95,58,37
050,38,061,"North Dakota","Mountrail County",3,23,114,62,52
050,38,061,"North Dakota","Mountrail County",3,24,122,68,54
050,38,061,"North Dakota","Mountrail County",3,25,128,64,64
050,38,061,"North Dakota","Mountrail County",3,26,117,67,50
050,38,061,"North Dakota","Mountrail County",3,27,117,66,51
050,38,061,"North Dakota","Mountrail County",3,28,128,64,64
050,38,061,"North Dakota","Mountrail County",3,29,120,57,63
050,38,061,"North Dakota","Mountrail County",3,30,149,73,76
050,38,061,"North Dakota","Mountrail County",3,31,148,74,74
050,38,061,"North Dakota","Mountrail County",3,32,143,67,76
050,38,061,"North Dakota","Mountrail County",3,33,137,71,66
050,38,061,"North Dakota","Mountrail County",3,34,141,79,62
050,38,061,"North Dakota","Mountrail County",3,35,124,69,55
050,38,061,"North Dakota","Mountrail County",3,36,121,64,57
050,38,061,"North Dakota","Mountrail County",3,37,124,66,58
050,38,061,"North Dakota","Mountrail County",3,38,134,76,58
050,38,061,"North Dakota","Mountrail County",3,39,139,75,64
050,38,061,"North Dakota","Mountrail County",3,40,135,69,66
050,38,061,"North Dakota","Mountrail County",3,41,118,69,49
050,38,061,"North Dakota","Mountrail County",3,42,121,69,52
050,38,061,"North Dakota","Mountrail County",3,43,117,61,56
050,38,061,"North Dakota","Mountrail County",3,44,102,57,45
050,38,061,"North Dakota","Mountrail County",3,45,118,66,52
050,38,061,"North Dakota","Mountrail County",3,46,125,72,53
050,38,061,"North Dakota","Mountrail County",3,47,98,48,50
050,38,061,"North Dakota","Mountrail County",3,48,103,52,51
050,38,061,"North Dakota","Mountrail County",3,49,112,58,54
050,38,061,"North Dakota","Mountrail County",3,50,119,61,58
050,38,061,"North Dakota","Mountrail County",3,51,95,50,45
050,38,061,"North Dakota","Mountrail County",3,52,111,58,53
050,38,061,"North Dakota","Mountrail County",3,53,97,44,53
050,38,061,"North Dakota","Mountrail County",3,54,96,47,49
050,38,061,"North Dakota","Mountrail County",3,55,100,55,45
050,38,061,"North Dakota","Mountrail County",3,56,97,54,43
050,38,061,"North Dakota","Mountrail County",3,57,105,57,48
050,38,061,"North Dakota","Mountrail County",3,58,125,69,56
050,38,061,"North Dakota","Mountrail County",3,59,114,64,50
050,38,061,"North Dakota","Mountrail County",3,60,110,60,50
050,38,061,"North Dakota","Mountrail County",3,61,121,65,56
050,38,061,"North Dakota","Mountrail County",3,62,126,70,56
050,38,061,"North Dakota","Mountrail County",3,63,138,79,59
050,38,061,"North Dakota","Mountrail County",3,64,124,72,52
050,38,061,"North Dakota","Mountrail County",3,65,95,52,43
050,38,061,"North Dakota","Mountrail County",3,66,102,56,46
050,38,061,"North Dakota","Mountrail County",3,67,101,48,53
050,38,061,"North Dakota","Mountrail County",3,68,90,38,52
050,38,061,"North Dakota","Mountrail County",3,69,78,35,43
050,38,061,"North Dakota","Mountrail County",3,70,86,49,37
050,38,061,"North Dakota","Mountrail County",3,71,79,44,35
050,38,061,"North Dakota","Mountrail County",3,72,62,33,29
050,38,061,"North Dakota","Mountrail County",3,73,60,31,29
050,38,061,"North Dakota","Mountrail County",3,74,61,30,31
050,38,061,"North Dakota","Mountrail County",3,75,48,23,25
050,38,061,"North Dakota","Mountrail County",3,76,39,23,16
050,38,061,"North Dakota","Mountrail County",3,77,41,26,15
050,38,061,"North Dakota","Mountrail County",3,78,39,20,19
050,38,061,"North Dakota","Mountrail County",3,79,37,16,21
050,38,061,"North Dakota","Mountrail County",3,80,29,14,15
050,38,061,"North Dakota","Mountrail County",3,81,24,9,15
050,38,061,"North Dakota","Mountrail County",3,82,20,10,10
050,38,061,"North Dakota","Mountrail County",3,83,17,6,11
050,38,061,"North Dakota","Mountrail County",3,84,14,6,8
050,38,061,"North Dakota","Mountrail County",3,85,97,49,48
050,38,061,"North Dakota","Mountrail County",4,0,152,65,87
050,38,061,"North Dakota","Mountrail County",4,1,154,83,71
050,38,061,"North Dakota","Mountrail County",4,2,140,67,73
050,38,061,"North Dakota","Mountrail County",4,3,142,74,68
050,38,061,"North Dakota","Mountrail County",4,4,151,78,73
050,38,061,"North Dakota","Mountrail County",4,5,161,78,83
050,38,061,"North Dakota","Mountrail County",4,6,163,81,82
050,38,061,"North Dakota","Mountrail County",4,7,150,83,67
050,38,061,"North Dakota","Mountrail County",4,8,154,79,75
050,38,061,"North Dakota","Mountrail County",4,9,172,87,85
050,38,061,"North Dakota","Mountrail County",4,10,148,73,75
050,38,061,"North Dakota","Mountrail County",4,11,147,75,72
050,38,061,"North Dakota","Mountrail County",4,12,146,79,67
050,38,061,"North Dakota","Mountrail County",4,13,158,81,77
050,38,061,"North Dakota","Mountrail County",4,14,147,72,75
050,38,061,"North Dakota","Mountrail County",4,15,127,62,65
050,38,061,"North Dakota","Mountrail County",4,16,129,66,63
050,38,061,"North Dakota","Mountrail County",4,17,129,61,68
050,38,061,"North Dakota","Mountrail County",4,18,108,61,47
050,38,061,"North Dakota","Mountrail County",4,19,82,46,36
050,38,061,"North Dakota","Mountrail County",4,20,99,59,40
050,38,061,"North Dakota","Mountrail County",4,21,105,58,47
050,38,061,"North Dakota","Mountrail County",4,22,100,60,40
050,38,061,"North Dakota","Mountrail County",4,23,87,50,37
050,38,061,"North Dakota","Mountrail County",4,24,115,63,52
050,38,061,"North Dakota","Mountrail County",4,25,108,61,47
050,38,061,"North Dakota","Mountrail County",4,26,131,64,67
050,38,061,"North Dakota","Mountrail County",4,27,107,57,50
050,38,061,"North Dakota","Mountrail County",4,28,108,59,49
050,38,061,"North Dakota","Mountrail County",4,29,119,57,62
050,38,061,"North Dakota","Mountrail County",4,30,119,60,59
050,38,061,"North Dakota","Mountrail County",4,31,136,71,65
050,38,061,"North Dakota","Mountrail County",4,32,143,70,73
050,38,061,"North Dakota","Mountrail County",4,33,130,60,70
050,38,061,"North Dakota","Mountrail County",4,34,137,76,61
050,38,061,"North Dakota","Mountrail County",4,35,138,71,67
050,38,061,"North Dakota","Mountrail County",4,36,115,60,55
050,38,061,"North Dakota","Mountrail County",4,37,113,58,55
050,38,061,"North Dakota","Mountrail County",4,38,121,64,57
050,38,061,"North Dakota","Mountrail County",4,39,131,74,57
050,38,061,"North Dakota","Mountrail County",4,40,132,72,60
050,38,061,"North Dakota","Mountrail County",4,41,124,63,61
050,38,061,"North Dakota","Mountrail County",4,42,114,68,46
050,38,061,"North Dakota","Mountrail County",4,43,112,62,50
050,38,061,"North Dakota","Mountrail County",4,44,117,60,57
050,38,061,"North Dakota","Mountrail County",4,45,96,54,42
050,38,061,"North Dakota","Mountrail County",4,46,108,61,47
050,38,061,"North Dakota","Mountrail County",4,47,116,65,51
050,38,061,"North Dakota","Mountrail County",4,48,101,52,49
050,38,061,"North Dakota","Mountrail County",4,49,99,53,46
050,38,061,"North Dakota","Mountrail County",4,50,104,55,49
050,38,061,"North Dakota","Mountrail County",4,51,100,49,51
050,38,061,"North Dakota","Mountrail County",4,52,91,49,42
050,38,061,"North Dakota","Mountrail County",4,53,108,58,50
050,38,061,"North Dakota","Mountrail County",4,54,92,42,50
050,38,061,"North Dakota","Mountrail County",4,55,96,45,51
050,38,061,"North Dakota","Mountrail County",4,56,104,54,50
050,38,061,"North Dakota","Mountrail County",4,57,104,57,47
050,38,061,"North Dakota","Mountrail County",4,58,106,58,48
050,38,061,"North Dakota","Mountrail County",4,59,130,71,59
050,38,061,"North Dakota","Mountrail County",4,60,119,69,50
050,38,061,"North Dakota","Mountrail County",4,61,103,56,47
050,38,061,"North Dakota","Mountrail County",4,62,121,65,56
050,38,061,"North Dakota","Mountrail County",4,63,119,68,51
050,38,061,"North Dakota","Mountrail County",4,64,134,76,58
050,38,061,"North Dakota","Mountrail County",4,65,119,70,49
050,38,061,"North Dakota","Mountrail County",4,66,94,52,42
050,38,061,"North Dakota","Mountrail County",4,67,100,54,46
050,38,061,"North Dakota","Mountrail County",4,68,100,48,52
050,38,061,"North Dakota","Mountrail County",4,69,88,35,53
050,38,061,"North Dakota","Mountrail County",4,70,75,34,41
050,38,061,"North Dakota","Mountrail County",4,71,83,47,36
050,38,061,"North Dakota","Mountrail County",4,72,73,40,33
050,38,061,"North Dakota","Mountrail County",4,73,61,31,30
050,38,061,"North Dakota","Mountrail County",4,74,56,30,26
050,38,061,"North Dakota","Mountrail County",4,75,57,26,31
050,38,061,"North Dakota","Mountrail County",4,76,48,23,25
050,38,061,"North Dakota","Mountrail County",4,77,34,21,13
050,38,061,"North Dakota","Mountrail County",4,78,37,24,13
050,38,061,"North Dakota","Mountrail County",4,79,36,17,19
050,38,061,"North Dakota","Mountrail County",4,80,37,16,21
050,38,061,"North Dakota","Mountrail County",4,81,28,13,15
050,38,061,"North Dakota","Mountrail County",4,82,21,7,14
050,38,061,"North Dakota","Mountrail County",4,83,19,10,9
050,38,061,"North Dakota","Mountrail County",4,84,17,6,11
050,38,061,"North Dakota","Mountrail County",4,85,86,40,46
050,38,061,"North Dakota","Mountrail County",5,0,151,65,86
050,38,061,"North Dakota","Mountrail County",5,1,163,71,92
050,38,061,"North Dakota","Mountrail County",5,2,168,87,81
050,38,061,"North Dakota","Mountrail County",5,3,142,67,75
050,38,061,"North Dakota","Mountrail County",5,4,151,73,78
050,38,061,"North Dakota","Mountrail County",5,5,147,79,68
050,38,061,"North Dakota","Mountrail County",5,6,164,84,80
050,38,061,"North Dakota","Mountrail County",5,7,165,80,85
050,38,061,"North Dakota","Mountrail County",5,8,157,85,72
050,38,061,"North Dakota","Mountrail County",5,9,151,78,73
050,38,061,"North Dakota","Mountrail County",5,10,173,93,80
050,38,061,"North Dakota","Mountrail County",5,11,152,75,77
050,38,061,"North Dakota","Mountrail County",5,12,151,75,76
050,38,061,"North Dakota","Mountrail County",5,13,142,73,69
050,38,061,"North Dakota","Mountrail County",5,14,154,84,70
050,38,061,"North Dakota","Mountrail County",5,15,147,75,72
050,38,061,"North Dakota","Mountrail County",5,16,127,62,65
050,38,061,"North Dakota","Mountrail County",5,17,127,66,61
050,38,061,"North Dakota","Mountrail County",5,18,115,58,57
050,38,061,"North Dakota","Mountrail County",5,19,87,49,38
050,38,061,"North Dakota","Mountrail County",5,20,93,49,44
050,38,061,"North Dakota","Mountrail County",5,21,104,60,44
050,38,061,"North Dakota","Mountrail County",5,22,120,68,52
050,38,061,"North Dakota","Mountrail County",5,23,110,68,42
050,38,061,"North Dakota","Mountrail County",5,24,99,63,36
050,38,061,"North Dakota","Mountrail County",5,25,125,68,57
050,38,061,"North Dakota","Mountrail County",5,26,112,58,54
050,38,061,"North Dakota","Mountrail County",5,27,128,65,63
050,38,061,"North Dakota","Mountrail County",5,28,114,56,58
050,38,061,"North Dakota","Mountrail County",5,29,109,63,46
050,38,061,"North Dakota","Mountrail County",5,30,124,61,63
050,38,061,"North Dakota","Mountrail County",5,31,121,59,62
050,38,061,"North Dakota","Mountrail County",5,32,140,70,70
050,38,061,"North Dakota","Mountrail County",5,33,140,66,74
050,38,061,"North Dakota","Mountrail County",5,34,132,61,71
050,38,061,"North Dakota","Mountrail County",5,35,137,71,66
050,38,061,"North Dakota","Mountrail County",5,36,142,79,63
050,38,061,"North Dakota","Mountrail County",5,37,116,60,56
050,38,061,"North Dakota","Mountrail County",5,38,110,58,52
050,38,061,"North Dakota","Mountrail County",5,39,122,65,57
050,38,061,"North Dakota","Mountrail County",5,40,127,68,59
050,38,061,"North Dakota","Mountrail County",5,41,129,67,62
050,38,061,"North Dakota","Mountrail County",5,42,123,62,61
050,38,061,"North Dakota","Mountrail County",5,43,111,65,46
050,38,061,"North Dakota","Mountrail County",5,44,114,63,51
050,38,061,"North Dakota","Mountrail County",5,45,113,59,54
050,38,061,"North Dakota","Mountrail County",5,46,103,58,45
050,38,061,"North Dakota","Mountrail County",5,47,106,60,46
050,38,061,"North Dakota","Mountrail County",5,48,116,65,51
050,38,061,"North Dakota","Mountrail County",5,49,101,53,48
050,38,061,"North Dakota","Mountrail County",5,50,97,52,45
050,38,061,"North Dakota","Mountrail County",5,51,104,55,49
050,38,061,"North Dakota","Mountrail County",5,52,106,55,51
050,38,061,"North Dakota","Mountrail County",5,53,98,52,46
050,38,061,"North Dakota","Mountrail County",5,54,111,58,53
050,38,061,"North Dakota","Mountrail County",5,55,94,45,49
050,38,061,"North Dakota","Mountrail County",5,56,95,44,51
050,38,061,"North Dakota","Mountrail County",5,57,92,50,42
050,38,061,"North Dakota","Mountrail County",5,58,104,55,49
050,38,061,"North Dakota","Mountrail County",5,59,104,51,53
050,38,061,"North Dakota","Mountrail County",5,60,129,72,57
050,38,061,"North Dakota","Mountrail County",5,61,116,69,47
050,38,061,"North Dakota","Mountrail County",5,62,103,52,51
050,38,061,"North Dakota","Mountrail County",5,63,121,63,58
050,38,061,"North Dakota","Mountrail County",5,64,113,64,49
050,38,061,"North Dakota","Mountrail County",5,65,131,76,55
050,38,061,"North Dakota","Mountrail County",5,66,112,66,46
050,38,061,"North Dakota","Mountrail County",5,67,91,48,43
050,38,061,"North Dakota","Mountrail County",5,68,98,53,45
050,38,061,"North Dakota","Mountrail County",5,69,96,48,48
050,38,061,"North Dakota","Mountrail County",5,70,85,35,50
050,38,061,"North Dakota","Mountrail County",5,71,73,31,42
050,38,061,"North Dakota","Mountrail County",5,72,75,42,33
050,38,061,"North Dakota","Mountrail County",5,73,72,38,34
050,38,061,"North Dakota","Mountrail County",5,74,54,25,29
050,38,061,"North Dakota","Mountrail County",5,75,49,25,24
050,38,061,"North Dakota","Mountrail County",5,76,55,25,30
050,38,061,"North Dakota","Mountrail County",5,77,44,20,24
050,38,061,"North Dakota","Mountrail County",5,78,32,20,12
050,38,061,"North Dakota","Mountrail County",5,79,36,23,13
050,38,061,"North Dakota","Mountrail County",5,80,33,16,17
050,38,061,"North Dakota","Mountrail County",5,81,34,13,21
050,38,061,"North Dakota","Mountrail County",5,82,27,13,14
050,38,061,"North Dakota","Mountrail County",5,83,19,7,12
050,38,061,"North Dakota","Mountrail County",5,84,20,11,9
050,38,061,"North Dakota","Mountrail County",5,85,85,37,48
050,38,063,"North Dakota","Nelson County",1,0,27,14,13
050,38,063,"North Dakota","Nelson County",1,1,28,16,12
050,38,063,"North Dakota","Nelson County",1,2,29,12,17
050,38,063,"North Dakota","Nelson County",1,3,34,14,20
050,38,063,"North Dakota","Nelson County",1,4,28,10,18
050,38,063,"North Dakota","Nelson County",1,5,35,17,18
050,38,063,"North Dakota","Nelson County",1,6,37,20,17
050,38,063,"North Dakota","Nelson County",1,7,34,20,14
050,38,063,"North Dakota","Nelson County",1,8,37,17,20
050,38,063,"North Dakota","Nelson County",1,9,43,22,21
050,38,063,"North Dakota","Nelson County",1,10,24,13,11
050,38,063,"North Dakota","Nelson County",1,11,27,12,15
050,38,063,"North Dakota","Nelson County",1,12,28,12,16
050,38,063,"North Dakota","Nelson County",1,13,40,20,20
050,38,063,"North Dakota","Nelson County",1,14,36,21,15
050,38,063,"North Dakota","Nelson County",1,15,33,18,15
050,38,063,"North Dakota","Nelson County",1,16,36,18,18
050,38,063,"North Dakota","Nelson County",1,17,35,13,22
050,38,063,"North Dakota","Nelson County",1,18,33,19,14
050,38,063,"North Dakota","Nelson County",1,19,24,13,11
050,38,063,"North Dakota","Nelson County",1,20,20,8,12
050,38,063,"North Dakota","Nelson County",1,21,22,12,10
050,38,063,"North Dakota","Nelson County",1,22,30,18,12
050,38,063,"North Dakota","Nelson County",1,23,22,13,9
050,38,063,"North Dakota","Nelson County",1,24,26,16,10
050,38,063,"North Dakota","Nelson County",1,25,28,18,10
050,38,063,"North Dakota","Nelson County",1,26,25,16,9
050,38,063,"North Dakota","Nelson County",1,27,24,12,12
050,38,063,"North Dakota","Nelson County",1,28,25,14,11
050,38,063,"North Dakota","Nelson County",1,29,23,13,10
050,38,063,"North Dakota","Nelson County",1,30,28,16,12
050,38,063,"North Dakota","Nelson County",1,31,32,20,12
050,38,063,"North Dakota","Nelson County",1,32,34,18,16
050,38,063,"North Dakota","Nelson County",1,33,29,16,13
050,38,063,"North Dakota","Nelson County",1,34,29,17,12
050,38,063,"North Dakota","Nelson County",1,35,28,17,11
050,38,063,"North Dakota","Nelson County",1,36,32,16,16
050,38,063,"North Dakota","Nelson County",1,37,37,25,12
050,38,063,"North Dakota","Nelson County",1,38,32,18,14
050,38,063,"North Dakota","Nelson County",1,39,25,9,16
050,38,063,"North Dakota","Nelson County",1,40,25,12,13
050,38,063,"North Dakota","Nelson County",1,41,32,20,12
050,38,063,"North Dakota","Nelson County",1,42,26,16,10
050,38,063,"North Dakota","Nelson County",1,43,27,10,17
050,38,063,"North Dakota","Nelson County",1,44,35,17,18
050,38,063,"North Dakota","Nelson County",1,45,23,12,11
050,38,063,"North Dakota","Nelson County",1,46,26,16,10
050,38,063,"North Dakota","Nelson County",1,47,21,11,10
050,38,063,"North Dakota","Nelson County",1,48,28,13,15
050,38,063,"North Dakota","Nelson County",1,49,32,20,12
050,38,063,"North Dakota","Nelson County",1,50,33,14,19
050,38,063,"North Dakota","Nelson County",1,51,28,13,15
050,38,063,"North Dakota","Nelson County",1,52,30,17,13
050,38,063,"North Dakota","Nelson County",1,53,34,19,15
050,38,063,"North Dakota","Nelson County",1,54,39,17,22
050,38,063,"North Dakota","Nelson County",1,55,43,20,23
050,38,063,"North Dakota","Nelson County",1,56,38,16,22
050,38,063,"North Dakota","Nelson County",1,57,46,20,26
050,38,063,"North Dakota","Nelson County",1,58,58,28,30
050,38,063,"North Dakota","Nelson County",1,59,65,35,30
050,38,063,"North Dakota","Nelson County",1,60,71,41,30
050,38,063,"North Dakota","Nelson County",1,61,59,36,23
050,38,063,"North Dakota","Nelson County",1,62,59,33,26
050,38,063,"North Dakota","Nelson County",1,63,58,29,29
050,38,063,"North Dakota","Nelson County",1,64,57,32,25
050,38,063,"North Dakota","Nelson County",1,65,59,29,30
050,38,063,"North Dakota","Nelson County",1,66,52,25,27
050,38,063,"North Dakota","Nelson County",1,67,52,26,26
050,38,063,"North Dakota","Nelson County",1,68,50,28,22
050,38,063,"North Dakota","Nelson County",1,69,34,18,16
050,38,063,"North Dakota","Nelson County",1,70,41,21,20
050,38,063,"North Dakota","Nelson County",1,71,47,28,19
050,38,063,"North Dakota","Nelson County",1,72,49,25,24
050,38,063,"North Dakota","Nelson County",1,73,37,20,17
050,38,063,"North Dakota","Nelson County",1,74,32,21,11
050,38,063,"North Dakota","Nelson County",1,75,25,15,10
050,38,063,"North Dakota","Nelson County",1,76,24,13,11
050,38,063,"North Dakota","Nelson County",1,77,32,17,15
050,38,063,"North Dakota","Nelson County",1,78,35,20,15
050,38,063,"North Dakota","Nelson County",1,79,22,11,11
050,38,063,"North Dakota","Nelson County",1,80,21,11,10
050,38,063,"North Dakota","Nelson County",1,81,19,6,13
050,38,063,"North Dakota","Nelson County",1,82,21,12,9
050,38,063,"North Dakota","Nelson County",1,83,22,9,13
050,38,063,"North Dakota","Nelson County",1,84,17,5,12
050,38,063,"North Dakota","Nelson County",1,85,131,44,87
050,38,063,"North Dakota","Nelson County",2,0,27,14,13
050,38,063,"North Dakota","Nelson County",2,1,27,15,12
050,38,063,"North Dakota","Nelson County",2,2,29,13,16
050,38,063,"North Dakota","Nelson County",2,3,31,13,18
050,38,063,"North Dakota","Nelson County",2,4,29,11,18
050,38,063,"North Dakota","Nelson County",2,5,34,16,18
050,38,063,"North Dakota","Nelson County",2,6,38,20,18
050,38,063,"North Dakota","Nelson County",2,7,35,19,16
050,38,063,"North Dakota","Nelson County",2,8,37,18,19
050,38,063,"North Dakota","Nelson County",2,9,42,21,21
050,38,063,"North Dakota","Nelson County",2,10,27,14,13
050,38,063,"North Dakota","Nelson County",2,11,26,12,14
050,38,063,"North Dakota","Nelson County",2,12,27,12,15
050,38,063,"North Dakota","Nelson County",2,13,37,18,19
050,38,063,"North Dakota","Nelson County",2,14,37,20,17
050,38,063,"North Dakota","Nelson County",2,15,34,19,15
050,38,063,"North Dakota","Nelson County",2,16,34,17,17
050,38,063,"North Dakota","Nelson County",2,17,35,14,21
050,38,063,"North Dakota","Nelson County",2,18,33,18,15
050,38,063,"North Dakota","Nelson County",2,19,24,13,11
050,38,063,"North Dakota","Nelson County",2,20,20,8,12
050,38,063,"North Dakota","Nelson County",2,21,22,12,10
050,38,063,"North Dakota","Nelson County",2,22,28,17,11
050,38,063,"North Dakota","Nelson County",2,23,23,13,10
050,38,063,"North Dakota","Nelson County",2,24,26,16,10
050,38,063,"North Dakota","Nelson County",2,25,28,18,10
050,38,063,"North Dakota","Nelson County",2,26,25,16,9
050,38,063,"North Dakota","Nelson County",2,27,24,13,11
050,38,063,"North Dakota","Nelson County",2,28,24,13,11
050,38,063,"North Dakota","Nelson County",2,29,23,13,10
050,38,063,"North Dakota","Nelson County",2,30,26,15,11
050,38,063,"North Dakota","Nelson County",2,31,31,19,12
050,38,063,"North Dakota","Nelson County",2,32,33,18,15
050,38,063,"North Dakota","Nelson County",2,33,31,17,14
050,38,063,"North Dakota","Nelson County",2,34,29,17,12
050,38,063,"North Dakota","Nelson County",2,35,29,17,12
050,38,063,"North Dakota","Nelson County",2,36,31,16,15
050,38,063,"North Dakota","Nelson County",2,37,35,22,13
050,38,063,"North Dakota","Nelson County",2,38,34,20,14
050,38,063,"North Dakota","Nelson County",2,39,27,11,16
050,38,063,"North Dakota","Nelson County",2,40,26,12,14
050,38,063,"North Dakota","Nelson County",2,41,31,18,13
050,38,063,"North Dakota","Nelson County",2,42,26,16,10
050,38,063,"North Dakota","Nelson County",2,43,27,11,16
050,38,063,"North Dakota","Nelson County",2,44,32,15,17
050,38,063,"North Dakota","Nelson County",2,45,25,13,12
050,38,063,"North Dakota","Nelson County",2,46,25,15,10
050,38,063,"North Dakota","Nelson County",2,47,23,13,10
050,38,063,"North Dakota","Nelson County",2,48,26,13,13
050,38,063,"North Dakota","Nelson County",2,49,32,19,13
050,38,063,"North Dakota","Nelson County",2,50,32,15,17
050,38,063,"North Dakota","Nelson County",2,51,29,13,16
050,38,063,"North Dakota","Nelson County",2,52,30,16,14
050,38,063,"North Dakota","Nelson County",2,53,33,19,14
050,38,063,"North Dakota","Nelson County",2,54,37,17,20
050,38,063,"North Dakota","Nelson County",2,55,42,19,23
050,38,063,"North Dakota","Nelson County",2,56,39,17,22
050,38,063,"North Dakota","Nelson County",2,57,43,19,24
050,38,063,"North Dakota","Nelson County",2,58,55,26,29
050,38,063,"North Dakota","Nelson County",2,59,64,34,30
050,38,063,"North Dakota","Nelson County",2,60,69,39,30
050,38,063,"North Dakota","Nelson County",2,61,62,37,25
050,38,063,"North Dakota","Nelson County",2,62,60,34,26
050,38,063,"North Dakota","Nelson County",2,63,57,29,28
050,38,063,"North Dakota","Nelson County",2,64,58,32,26
050,38,063,"North Dakota","Nelson County",2,65,57,28,29
050,38,063,"North Dakota","Nelson County",2,66,55,27,28
050,38,063,"North Dakota","Nelson County",2,67,52,26,26
050,38,063,"North Dakota","Nelson County",2,68,50,27,23
050,38,063,"North Dakota","Nelson County",2,69,38,20,18
050,38,063,"North Dakota","Nelson County",2,70,38,20,18
050,38,063,"North Dakota","Nelson County",2,71,46,27,19
050,38,063,"North Dakota","Nelson County",2,72,47,25,22
050,38,063,"North Dakota","Nelson County",2,73,39,21,18
050,38,063,"North Dakota","Nelson County",2,74,33,21,12
050,38,063,"North Dakota","Nelson County",2,75,24,14,10
050,38,063,"North Dakota","Nelson County",2,76,24,13,11
050,38,063,"North Dakota","Nelson County",2,77,31,17,14
050,38,063,"North Dakota","Nelson County",2,78,32,19,13
050,38,063,"North Dakota","Nelson County",2,79,23,12,11
050,38,063,"North Dakota","Nelson County",2,80,22,12,10
050,38,063,"North Dakota","Nelson County",2,81,19,7,12
050,38,063,"North Dakota","Nelson County",2,82,22,12,10
050,38,063,"North Dakota","Nelson County",2,83,22,9,13
050,38,063,"North Dakota","Nelson County",2,84,15,5,10
050,38,063,"North Dakota","Nelson County",2,85,130,43,87
050,38,063,"North Dakota","Nelson County",3,0,21,12,9
050,38,063,"North Dakota","Nelson County",3,1,32,14,18
050,38,063,"North Dakota","Nelson County",3,2,26,16,10
050,38,063,"North Dakota","Nelson County",3,3,32,16,16
050,38,063,"North Dakota","Nelson County",3,4,34,15,19
050,38,063,"North Dakota","Nelson County",3,5,30,12,18
050,38,063,"North Dakota","Nelson County",3,6,39,19,20
050,38,063,"North Dakota","Nelson County",3,7,39,22,17
050,38,063,"North Dakota","Nelson County",3,8,45,24,21
050,38,063,"North Dakota","Nelson County",3,9,44,21,23
050,38,063,"North Dakota","Nelson County",3,10,41,21,20
050,38,063,"North Dakota","Nelson County",3,11,28,14,14
050,38,063,"North Dakota","Nelson County",3,12,27,15,12
050,38,063,"North Dakota","Nelson County",3,13,27,12,15
050,38,063,"North Dakota","Nelson County",3,14,39,18,21
050,38,063,"North Dakota","Nelson County",3,15,42,23,19
050,38,063,"North Dakota","Nelson County",3,16,36,17,19
050,38,063,"North Dakota","Nelson County",3,17,33,16,17
050,38,063,"North Dakota","Nelson County",3,18,33,15,18
050,38,063,"North Dakota","Nelson County",3,19,22,13,9
050,38,063,"North Dakota","Nelson County",3,20,21,12,9
050,38,063,"North Dakota","Nelson County",3,21,19,8,11
050,38,063,"North Dakota","Nelson County",3,22,25,12,13
050,38,063,"North Dakota","Nelson County",3,23,26,14,12
050,38,063,"North Dakota","Nelson County",3,24,33,16,17
050,38,063,"North Dakota","Nelson County",3,25,30,21,9
050,38,063,"North Dakota","Nelson County",3,26,28,19,9
050,38,063,"North Dakota","Nelson County",3,27,26,15,11
050,38,063,"North Dakota","Nelson County",3,28,24,13,11
050,38,063,"North Dakota","Nelson County",3,29,27,15,12
050,38,063,"North Dakota","Nelson County",3,30,20,9,11
050,38,063,"North Dakota","Nelson County",3,31,31,18,13
050,38,063,"North Dakota","Nelson County",3,32,35,22,13
050,38,063,"North Dakota","Nelson County",3,33,35,17,18
050,38,063,"North Dakota","Nelson County",3,34,33,17,16
050,38,063,"North Dakota","Nelson County",3,35,29,15,14
050,38,063,"North Dakota","Nelson County",3,36,29,17,12
050,38,063,"North Dakota","Nelson County",3,37,32,17,15
050,38,063,"North Dakota","Nelson County",3,38,35,23,12
050,38,063,"North Dakota","Nelson County",3,39,31,17,14
050,38,063,"North Dakota","Nelson County",3,40,28,11,17
050,38,063,"North Dakota","Nelson County",3,41,26,12,14
050,38,063,"North Dakota","Nelson County",3,42,34,18,16
050,38,063,"North Dakota","Nelson County",3,43,29,16,13
050,38,063,"North Dakota","Nelson County",3,44,27,11,16
050,38,063,"North Dakota","Nelson County",3,45,33,15,18
050,38,063,"North Dakota","Nelson County",3,46,26,13,13
050,38,063,"North Dakota","Nelson County",3,47,25,15,10
050,38,063,"North Dakota","Nelson County",3,48,21,11,10
050,38,063,"North Dakota","Nelson County",3,49,28,14,14
050,38,063,"North Dakota","Nelson County",3,50,30,17,13
050,38,063,"North Dakota","Nelson County",3,51,34,15,19
050,38,063,"North Dakota","Nelson County",3,52,32,14,18
050,38,063,"North Dakota","Nelson County",3,53,31,18,13
050,38,063,"North Dakota","Nelson County",3,54,32,18,14
050,38,063,"North Dakota","Nelson County",3,55,37,17,20
050,38,063,"North Dakota","Nelson County",3,56,45,21,24
050,38,063,"North Dakota","Nelson County",3,57,41,19,22
050,38,063,"North Dakota","Nelson County",3,58,47,23,24
050,38,063,"North Dakota","Nelson County",3,59,59,30,29
050,38,063,"North Dakota","Nelson County",3,60,66,37,29
050,38,063,"North Dakota","Nelson County",3,61,68,36,32
050,38,063,"North Dakota","Nelson County",3,62,66,39,27
050,38,063,"North Dakota","Nelson County",3,63,61,35,26
050,38,063,"North Dakota","Nelson County",3,64,60,32,28
050,38,063,"North Dakota","Nelson County",3,65,54,29,25
050,38,063,"North Dakota","Nelson County",3,66,57,28,29
050,38,063,"North Dakota","Nelson County",3,67,54,26,28
050,38,063,"North Dakota","Nelson County",3,68,46,22,24
050,38,063,"North Dakota","Nelson County",3,69,53,28,25
050,38,063,"North Dakota","Nelson County",3,70,32,16,16
050,38,063,"North Dakota","Nelson County",3,71,40,22,18
050,38,063,"North Dakota","Nelson County",3,72,48,27,21
050,38,063,"North Dakota","Nelson County",3,73,39,21,18
050,38,063,"North Dakota","Nelson County",3,74,41,25,16
050,38,063,"North Dakota","Nelson County",3,75,28,16,12
050,38,063,"North Dakota","Nelson County",3,76,24,14,10
050,38,063,"North Dakota","Nelson County",3,77,28,16,12
050,38,063,"North Dakota","Nelson County",3,78,31,19,12
050,38,063,"North Dakota","Nelson County",3,79,27,13,14
050,38,063,"North Dakota","Nelson County",3,80,25,14,11
050,38,063,"North Dakota","Nelson County",3,81,18,10,8
050,38,063,"North Dakota","Nelson County",3,82,21,10,11
050,38,063,"North Dakota","Nelson County",3,83,21,11,10
050,38,063,"North Dakota","Nelson County",3,84,13,4,9
050,38,063,"North Dakota","Nelson County",3,85,124,40,84
050,38,063,"North Dakota","Nelson County",4,0,25,13,12
050,38,063,"North Dakota","Nelson County",4,1,20,11,9
050,38,063,"North Dakota","Nelson County",4,2,34,14,20
050,38,063,"North Dakota","Nelson County",4,3,27,16,11
050,38,063,"North Dakota","Nelson County",4,4,30,17,13
050,38,063,"North Dakota","Nelson County",4,5,37,18,19
050,38,063,"North Dakota","Nelson County",4,6,29,13,16
050,38,063,"North Dakota","Nelson County",4,7,38,18,20
050,38,063,"North Dakota","Nelson County",4,8,36,17,19
050,38,063,"North Dakota","Nelson County",4,9,46,25,21
050,38,063,"North Dakota","Nelson County",4,10,42,21,21
050,38,063,"North Dakota","Nelson County",4,11,48,25,23
050,38,063,"North Dakota","Nelson County",4,12,28,14,14
050,38,063,"North Dakota","Nelson County",4,13,27,15,12
050,38,063,"North Dakota","Nelson County",4,14,26,12,14
050,38,063,"North Dakota","Nelson County",4,15,41,19,22
050,38,063,"North Dakota","Nelson County",4,16,38,21,17
050,38,063,"North Dakota","Nelson County",4,17,37,19,18
050,38,063,"North Dakota","Nelson County",4,18,30,16,14
050,38,063,"North Dakota","Nelson County",4,19,23,11,12
050,38,063,"North Dakota","Nelson County",4,20,21,14,7
050,38,063,"North Dakota","Nelson County",4,21,18,11,7
050,38,063,"North Dakota","Nelson County",4,22,19,6,13
050,38,063,"North Dakota","Nelson County",4,23,23,15,8
050,38,063,"North Dakota","Nelson County",4,24,31,14,17
050,38,063,"North Dakota","Nelson County",4,25,34,15,19
050,38,063,"North Dakota","Nelson County",4,26,25,18,7
050,38,063,"North Dakota","Nelson County",4,27,27,18,9
050,38,063,"North Dakota","Nelson County",4,28,22,15,7
050,38,063,"North Dakota","Nelson County",4,29,26,13,13
050,38,063,"North Dakota","Nelson County",4,30,26,14,12
050,38,063,"North Dakota","Nelson County",4,31,26,15,11
050,38,063,"North Dakota","Nelson County",4,32,31,18,13
050,38,063,"North Dakota","Nelson County",4,33,42,27,15
050,38,063,"North Dakota","Nelson County",4,34,35,18,17
050,38,063,"North Dakota","Nelson County",4,35,31,17,14
050,38,063,"North Dakota","Nelson County",4,36,30,16,14
050,38,063,"North Dakota","Nelson County",4,37,29,16,13
050,38,063,"North Dakota","Nelson County",4,38,30,15,15
050,38,063,"North Dakota","Nelson County",4,39,38,25,13
050,38,063,"North Dakota","Nelson County",4,40,31,16,15
050,38,063,"North Dakota","Nelson County",4,41,26,12,14
050,38,063,"North Dakota","Nelson County",4,42,23,11,12
050,38,063,"North Dakota","Nelson County",4,43,32,17,15
050,38,063,"North Dakota","Nelson County",4,44,27,16,11
050,38,063,"North Dakota","Nelson County",4,45,28,12,16
050,38,063,"North Dakota","Nelson County",4,46,34,16,18
050,38,063,"North Dakota","Nelson County",4,47,26,13,13
050,38,063,"North Dakota","Nelson County",4,48,24,15,9
050,38,063,"North Dakota","Nelson County",4,49,25,13,12
050,38,063,"North Dakota","Nelson County",4,50,23,9,14
050,38,063,"North Dakota","Nelson County",4,51,30,17,13
050,38,063,"North Dakota","Nelson County",4,52,36,16,20
050,38,063,"North Dakota","Nelson County",4,53,30,16,14
050,38,063,"North Dakota","Nelson County",4,54,25,15,10
050,38,063,"North Dakota","Nelson County",4,55,30,16,14
050,38,063,"North Dakota","Nelson County",4,56,36,16,20
050,38,063,"North Dakota","Nelson County",4,57,46,21,25
050,38,063,"North Dakota","Nelson County",4,58,41,19,22
050,38,063,"North Dakota","Nelson County",4,59,48,24,24
050,38,063,"North Dakota","Nelson County",4,60,59,30,29
050,38,063,"North Dakota","Nelson County",4,61,64,34,30
050,38,063,"North Dakota","Nelson County",4,62,75,39,36
050,38,063,"North Dakota","Nelson County",4,63,63,37,26
050,38,063,"North Dakota","Nelson County",4,64,63,39,24
050,38,063,"North Dakota","Nelson County",4,65,59,29,30
050,38,063,"North Dakota","Nelson County",4,66,50,27,23
050,38,063,"North Dakota","Nelson County",4,67,57,29,28
050,38,063,"North Dakota","Nelson County",4,68,49,22,27
050,38,063,"North Dakota","Nelson County",4,69,48,24,24
050,38,063,"North Dakota","Nelson County",4,70,48,24,24
050,38,063,"North Dakota","Nelson County",4,71,32,17,15
050,38,063,"North Dakota","Nelson County",4,72,45,24,21
050,38,063,"North Dakota","Nelson County",4,73,42,25,17
050,38,063,"North Dakota","Nelson County",4,74,39,23,16
050,38,063,"North Dakota","Nelson County",4,75,36,19,17
050,38,063,"North Dakota","Nelson County",4,76,29,17,12
050,38,063,"North Dakota","Nelson County",4,77,27,15,12
050,38,063,"North Dakota","Nelson County",4,78,27,17,10
050,38,063,"North Dakota","Nelson County",4,79,25,14,11
050,38,063,"North Dakota","Nelson County",4,80,25,13,12
050,38,063,"North Dakota","Nelson County",4,81,21,10,11
050,38,063,"North Dakota","Nelson County",4,82,20,13,7
050,38,063,"North Dakota","Nelson County",4,83,22,9,13
050,38,063,"North Dakota","Nelson County",4,84,13,8,5
050,38,063,"North Dakota","Nelson County",4,85,114,36,78
050,38,063,"North Dakota","Nelson County",5,0,25,13,12
050,38,063,"North Dakota","Nelson County",5,1,31,17,14
050,38,063,"North Dakota","Nelson County",5,2,22,13,9
050,38,063,"North Dakota","Nelson County",5,3,38,14,24
050,38,063,"North Dakota","Nelson County",5,4,25,15,10
050,38,063,"North Dakota","Nelson County",5,5,26,15,11
050,38,063,"North Dakota","Nelson County",5,6,39,19,20
050,38,063,"North Dakota","Nelson County",5,7,27,13,14
050,38,063,"North Dakota","Nelson County",5,8,41,18,23
050,38,063,"North Dakota","Nelson County",5,9,34,16,18
050,38,063,"North Dakota","Nelson County",5,10,42,22,20
050,38,063,"North Dakota","Nelson County",5,11,40,20,20
050,38,063,"North Dakota","Nelson County",5,12,45,22,23
050,38,063,"North Dakota","Nelson County",5,13,26,12,14
050,38,063,"North Dakota","Nelson County",5,14,26,15,11
050,38,063,"North Dakota","Nelson County",5,15,25,12,13
050,38,063,"North Dakota","Nelson County",5,16,42,20,22
050,38,063,"North Dakota","Nelson County",5,17,40,21,19
050,38,063,"North Dakota","Nelson County",5,18,30,15,15
050,38,063,"North Dakota","Nelson County",5,19,24,13,11
050,38,063,"North Dakota","Nelson County",5,20,22,13,9
050,38,063,"North Dakota","Nelson County",5,21,23,16,7
050,38,063,"North Dakota","Nelson County",5,22,24,11,13
050,38,063,"North Dakota","Nelson County",5,23,21,8,13
050,38,063,"North Dakota","Nelson County",5,24,28,17,11
050,38,063,"North Dakota","Nelson County",5,25,31,14,17
050,38,063,"North Dakota","Nelson County",5,26,30,16,14
050,38,063,"North Dakota","Nelson County",5,27,24,17,7
050,38,063,"North Dakota","Nelson County",5,28,31,20,11
050,38,063,"North Dakota","Nelson County",5,29,25,16,9
050,38,063,"North Dakota","Nelson County",5,30,28,14,14
050,38,063,"North Dakota","Nelson County",5,31,25,14,11
050,38,063,"North Dakota","Nelson County",5,32,29,17,12
050,38,063,"North Dakota","Nelson County",5,33,33,20,13
050,38,063,"North Dakota","Nelson County",5,34,41,26,15
050,38,063,"North Dakota","Nelson County",5,35,34,18,16
050,38,063,"North Dakota","Nelson County",5,36,30,15,15
050,38,063,"North Dakota","Nelson County",5,37,31,17,14
050,38,063,"North Dakota","Nelson County",5,38,28,17,11
050,38,063,"North Dakota","Nelson County",5,39,30,15,15
050,38,063,"North Dakota","Nelson County",5,40,41,26,15
050,38,063,"North Dakota","Nelson County",5,41,30,16,14
050,38,063,"North Dakota","Nelson County",5,42,29,14,15
050,38,063,"North Dakota","Nelson County",5,43,21,11,10
050,38,063,"North Dakota","Nelson County",5,44,34,19,15
050,38,063,"North Dakota","Nelson County",5,45,27,15,12
050,38,063,"North Dakota","Nelson County",5,46,30,13,17
050,38,063,"North Dakota","Nelson County",5,47,34,16,18
050,38,063,"North Dakota","Nelson County",5,48,26,13,13
050,38,063,"North Dakota","Nelson County",5,49,26,17,9
050,38,063,"North Dakota","Nelson County",5,50,21,11,10
050,38,063,"North Dakota","Nelson County",5,51,23,9,14
050,38,063,"North Dakota","Nelson County",5,52,32,17,15
050,38,063,"North Dakota","Nelson County",5,53,36,18,18
050,38,063,"North Dakota","Nelson County",5,54,28,15,13
050,38,063,"North Dakota","Nelson County",5,55,28,15,13
050,38,063,"North Dakota","Nelson County",5,56,29,15,14
050,38,063,"North Dakota","Nelson County",5,57,35,17,18
050,38,063,"North Dakota","Nelson County",5,58,47,23,24
050,38,063,"North Dakota","Nelson County",5,59,41,21,20
050,38,063,"North Dakota","Nelson County",5,60,50,26,24
050,38,063,"North Dakota","Nelson County",5,61,61,29,32
050,38,063,"North Dakota","Nelson County",5,62,62,33,29
050,38,063,"North Dakota","Nelson County",5,63,74,39,35
050,38,063,"North Dakota","Nelson County",5,64,67,41,26
050,38,063,"North Dakota","Nelson County",5,65,61,36,25
050,38,063,"North Dakota","Nelson County",5,66,57,29,28
050,38,063,"North Dakota","Nelson County",5,67,52,29,23
050,38,063,"North Dakota","Nelson County",5,68,54,27,27
050,38,063,"North Dakota","Nelson County",5,69,51,23,28
050,38,063,"North Dakota","Nelson County",5,70,43,21,22
050,38,063,"North Dakota","Nelson County",5,71,48,25,23
050,38,063,"North Dakota","Nelson County",5,72,36,18,18
050,38,063,"North Dakota","Nelson County",5,73,36,19,17
050,38,063,"North Dakota","Nelson County",5,74,46,29,17
050,38,063,"North Dakota","Nelson County",5,75,32,17,15
050,38,063,"North Dakota","Nelson County",5,76,35,18,17
050,38,063,"North Dakota","Nelson County",5,77,30,17,13
050,38,063,"North Dakota","Nelson County",5,78,27,16,11
050,38,063,"North Dakota","Nelson County",5,79,24,14,10
050,38,063,"North Dakota","Nelson County",5,80,25,15,10
050,38,063,"North Dakota","Nelson County",5,81,22,9,13
050,38,063,"North Dakota","Nelson County",5,82,22,12,10
050,38,063,"North Dakota","Nelson County",5,83,21,13,8
050,38,063,"North Dakota","Nelson County",5,84,13,6,7
050,38,063,"North Dakota","Nelson County",5,85,108,38,70
050,38,065,"North Dakota","Oliver County",1,0,22,12,10
050,38,065,"North Dakota","Oliver County",1,1,22,11,11
050,38,065,"North Dakota","Oliver County",1,2,25,14,11
050,38,065,"North Dakota","Oliver County",1,3,20,14,6
050,38,065,"North Dakota","Oliver County",1,4,25,15,10
050,38,065,"North Dakota","Oliver County",1,5,23,14,9
050,38,065,"North Dakota","Oliver County",1,6,33,14,19
050,38,065,"North Dakota","Oliver County",1,7,27,10,17
050,38,065,"North Dakota","Oliver County",1,8,25,10,15
050,38,065,"North Dakota","Oliver County",1,9,23,9,14
050,38,065,"North Dakota","Oliver County",1,10,37,14,23
050,38,065,"North Dakota","Oliver County",1,11,30,11,19
050,38,065,"North Dakota","Oliver County",1,12,26,14,12
050,38,065,"North Dakota","Oliver County",1,13,27,15,12
050,38,065,"North Dakota","Oliver County",1,14,32,16,16
050,38,065,"North Dakota","Oliver County",1,15,25,14,11
050,38,065,"North Dakota","Oliver County",1,16,24,14,10
050,38,065,"North Dakota","Oliver County",1,17,25,15,10
050,38,065,"North Dakota","Oliver County",1,18,22,12,10
050,38,065,"North Dakota","Oliver County",1,19,18,8,10
050,38,065,"North Dakota","Oliver County",1,20,20,14,6
050,38,065,"North Dakota","Oliver County",1,21,13,9,4
050,38,065,"North Dakota","Oliver County",1,22,15,9,6
050,38,065,"North Dakota","Oliver County",1,23,5,3,2
050,38,065,"North Dakota","Oliver County",1,24,11,8,3
050,38,065,"North Dakota","Oliver County",1,25,13,7,6
050,38,065,"North Dakota","Oliver County",1,26,9,3,6
050,38,065,"North Dakota","Oliver County",1,27,13,7,6
050,38,065,"North Dakota","Oliver County",1,28,14,6,8
050,38,065,"North Dakota","Oliver County",1,29,14,7,7
050,38,065,"North Dakota","Oliver County",1,30,18,10,8
050,38,065,"North Dakota","Oliver County",1,31,22,11,11
050,38,065,"North Dakota","Oliver County",1,32,23,15,8
050,38,065,"North Dakota","Oliver County",1,33,17,11,6
050,38,065,"North Dakota","Oliver County",1,34,20,11,9
050,38,065,"North Dakota","Oliver County",1,35,17,13,4
050,38,065,"North Dakota","Oliver County",1,36,23,10,13
050,38,065,"North Dakota","Oliver County",1,37,23,12,11
050,38,065,"North Dakota","Oliver County",1,38,23,11,12
050,38,065,"North Dakota","Oliver County",1,39,23,12,11
050,38,065,"North Dakota","Oliver County",1,40,21,11,10
050,38,065,"North Dakota","Oliver County",1,41,19,5,14
050,38,065,"North Dakota","Oliver County",1,42,19,11,8
050,38,065,"North Dakota","Oliver County",1,43,22,12,10
050,38,065,"North Dakota","Oliver County",1,44,21,8,13
050,38,065,"North Dakota","Oliver County",1,45,19,14,5
050,38,065,"North Dakota","Oliver County",1,46,16,9,7
050,38,065,"North Dakota","Oliver County",1,47,20,9,11
050,38,065,"North Dakota","Oliver County",1,48,19,13,6
050,38,065,"North Dakota","Oliver County",1,49,16,13,3
050,38,065,"North Dakota","Oliver County",1,50,23,14,9
050,38,065,"North Dakota","Oliver County",1,51,15,7,8
050,38,065,"North Dakota","Oliver County",1,52,16,6,10
050,38,065,"North Dakota","Oliver County",1,53,21,13,8
050,38,065,"North Dakota","Oliver County",1,54,28,15,13
050,38,065,"North Dakota","Oliver County",1,55,32,19,13
050,38,065,"North Dakota","Oliver County",1,56,30,16,14
050,38,065,"North Dakota","Oliver County",1,57,24,9,15
050,38,065,"North Dakota","Oliver County",1,58,25,11,14
050,38,065,"North Dakota","Oliver County",1,59,30,15,15
050,38,065,"North Dakota","Oliver County",1,60,31,15,16
050,38,065,"North Dakota","Oliver County",1,61,34,16,18
050,38,065,"North Dakota","Oliver County",1,62,38,20,18
050,38,065,"North Dakota","Oliver County",1,63,36,20,16
050,38,065,"North Dakota","Oliver County",1,64,28,14,14
050,38,065,"North Dakota","Oliver County",1,65,30,16,14
050,38,065,"North Dakota","Oliver County",1,66,25,15,10
050,38,065,"North Dakota","Oliver County",1,67,29,18,11
050,38,065,"North Dakota","Oliver County",1,68,31,19,12
050,38,065,"North Dakota","Oliver County",1,69,29,18,11
050,38,065,"North Dakota","Oliver County",1,70,30,15,15
050,38,065,"North Dakota","Oliver County",1,71,30,16,14
050,38,065,"North Dakota","Oliver County",1,72,26,12,14
050,38,065,"North Dakota","Oliver County",1,73,25,12,13
050,38,065,"North Dakota","Oliver County",1,74,16,8,8
050,38,065,"North Dakota","Oliver County",1,75,18,10,8
050,38,065,"North Dakota","Oliver County",1,76,16,9,7
050,38,065,"North Dakota","Oliver County",1,77,18,10,8
050,38,065,"North Dakota","Oliver County",1,78,14,9,5
050,38,065,"North Dakota","Oliver County",1,79,9,5,4
050,38,065,"North Dakota","Oliver County",1,80,7,4,3
050,38,065,"North Dakota","Oliver County",1,81,5,2,3
050,38,065,"North Dakota","Oliver County",1,82,5,3,2
050,38,065,"North Dakota","Oliver County",1,83,6,4,2
050,38,065,"North Dakota","Oliver County",1,84,8,4,4
050,38,065,"North Dakota","Oliver County",1,85,49,19,30
050,38,065,"North Dakota","Oliver County",2,0,23,13,10
050,38,065,"North Dakota","Oliver County",2,1,21,11,10
050,38,065,"North Dakota","Oliver County",2,2,24,13,11
050,38,065,"North Dakota","Oliver County",2,3,21,14,7
050,38,065,"North Dakota","Oliver County",2,4,24,15,9
050,38,065,"North Dakota","Oliver County",2,5,23,14,9
050,38,065,"North Dakota","Oliver County",2,6,31,14,17
050,38,065,"North Dakota","Oliver County",2,7,28,11,17
050,38,065,"North Dakota","Oliver County",2,8,24,9,15
050,38,065,"North Dakota","Oliver County",2,9,23,9,14
050,38,065,"North Dakota","Oliver County",2,10,33,13,20
050,38,065,"North Dakota","Oliver County",2,11,32,12,20
050,38,065,"North Dakota","Oliver County",2,12,28,14,14
050,38,065,"North Dakota","Oliver County",2,13,26,15,11
050,38,065,"North Dakota","Oliver County",2,14,31,16,15
050,38,065,"North Dakota","Oliver County",2,15,26,14,12
050,38,065,"North Dakota","Oliver County",2,16,24,14,10
050,38,065,"North Dakota","Oliver County",2,17,25,15,10
050,38,065,"North Dakota","Oliver County",2,18,22,13,9
050,38,065,"North Dakota","Oliver County",2,19,19,9,10
050,38,065,"North Dakota","Oliver County",2,20,19,12,7
050,38,065,"North Dakota","Oliver County",2,21,15,10,5
050,38,065,"North Dakota","Oliver County",2,22,12,7,5
050,38,065,"North Dakota","Oliver County",2,23,7,4,3
050,38,065,"North Dakota","Oliver County",2,24,10,7,3
050,38,065,"North Dakota","Oliver County",2,25,12,7,5
050,38,065,"North Dakota","Oliver County",2,26,10,4,6
050,38,065,"North Dakota","Oliver County",2,27,13,7,6
050,38,065,"North Dakota","Oliver County",2,28,13,5,8
050,38,065,"North Dakota","Oliver County",2,29,14,7,7
050,38,065,"North Dakota","Oliver County",2,30,17,9,8
050,38,065,"North Dakota","Oliver County",2,31,21,11,10
050,38,065,"North Dakota","Oliver County",2,32,23,15,8
050,38,065,"North Dakota","Oliver County",2,33,19,12,7
050,38,065,"North Dakota","Oliver County",2,34,19,11,8
050,38,065,"North Dakota","Oliver County",2,35,17,12,5
050,38,065,"North Dakota","Oliver County",2,36,21,10,11
050,38,065,"North Dakota","Oliver County",2,37,22,11,11
050,38,065,"North Dakota","Oliver County",2,38,24,12,12
050,38,065,"North Dakota","Oliver County",2,39,23,12,11
050,38,065,"North Dakota","Oliver County",2,40,21,11,10
050,38,065,"North Dakota","Oliver County",2,41,20,7,13
050,38,065,"North Dakota","Oliver County",2,42,18,9,9
050,38,065,"North Dakota","Oliver County",2,43,22,12,10
050,38,065,"North Dakota","Oliver County",2,44,21,9,12
050,38,065,"North Dakota","Oliver County",2,45,20,13,7
050,38,065,"North Dakota","Oliver County",2,46,17,10,7
050,38,065,"North Dakota","Oliver County",2,47,19,9,10
050,38,065,"North Dakota","Oliver County",2,48,20,13,7
050,38,065,"North Dakota","Oliver County",2,49,16,12,4
050,38,065,"North Dakota","Oliver County",2,50,22,14,8
050,38,065,"North Dakota","Oliver County",2,51,16,8,8
050,38,065,"North Dakota","Oliver County",2,52,15,6,9
050,38,065,"North Dakota","Oliver County",2,53,20,11,9
050,38,065,"North Dakota","Oliver County",2,54,26,14,12
050,38,065,"North Dakota","Oliver County",2,55,31,18,13
050,38,065,"North Dakota","Oliver County",2,56,30,17,13
050,38,065,"North Dakota","Oliver County",2,57,26,11,15
050,38,065,"North Dakota","Oliver County",2,58,25,10,15
050,38,065,"North Dakota","Oliver County",2,59,29,14,15
050,38,065,"North Dakota","Oliver County",2,60,30,15,15
050,38,065,"North Dakota","Oliver County",2,61,33,15,18
050,38,065,"North Dakota","Oliver County",2,62,37,19,18
050,38,065,"North Dakota","Oliver County",2,63,37,20,17
050,38,065,"North Dakota","Oliver County",2,64,30,15,15
050,38,065,"North Dakota","Oliver County",2,65,29,15,14
050,38,065,"North Dakota","Oliver County",2,66,26,15,11
050,38,065,"North Dakota","Oliver County",2,67,28,17,11
050,38,065,"North Dakota","Oliver County",2,68,30,18,12
050,38,065,"North Dakota","Oliver County",2,69,29,18,11
050,38,065,"North Dakota","Oliver County",2,70,30,16,14
050,38,065,"North Dakota","Oliver County",2,71,31,16,15
050,38,065,"North Dakota","Oliver County",2,72,27,13,14
050,38,065,"North Dakota","Oliver County",2,73,26,12,14
050,38,065,"North Dakota","Oliver County",2,74,17,8,9
050,38,065,"North Dakota","Oliver County",2,75,18,10,8
050,38,065,"North Dakota","Oliver County",2,76,16,9,7
050,38,065,"North Dakota","Oliver County",2,77,18,10,8
050,38,065,"North Dakota","Oliver County",2,78,14,9,5
050,38,065,"North Dakota","Oliver County",2,79,9,6,3
050,38,065,"North Dakota","Oliver County",2,80,7,4,3
050,38,065,"North Dakota","Oliver County",2,81,6,3,3
050,38,065,"North Dakota","Oliver County",2,82,5,3,2
050,38,065,"North Dakota","Oliver County",2,83,6,4,2
050,38,065,"North Dakota","Oliver County",2,84,7,4,3
050,38,065,"North Dakota","Oliver County",2,85,50,19,31
050,38,065,"North Dakota","Oliver County",3,0,22,11,11
050,38,065,"North Dakota","Oliver County",3,1,25,15,10
050,38,065,"North Dakota","Oliver County",3,2,18,8,10
050,38,065,"North Dakota","Oliver County",3,3,24,12,12
050,38,065,"North Dakota","Oliver County",3,4,21,14,7
050,38,065,"North Dakota","Oliver County",3,5,26,17,9
050,38,065,"North Dakota","Oliver County",3,6,22,13,9
050,38,065,"North Dakota","Oliver County",3,7,32,15,17
050,38,065,"North Dakota","Oliver County",3,8,28,12,16
050,38,065,"North Dakota","Oliver County",3,9,25,9,16
050,38,065,"North Dakota","Oliver County",3,10,25,10,15
050,38,065,"North Dakota","Oliver County",3,11,34,12,22
050,38,065,"North Dakota","Oliver County",3,12,30,12,18
050,38,065,"North Dakota","Oliver County",3,13,28,17,11
050,38,065,"North Dakota","Oliver County",3,14,24,13,11
050,38,065,"North Dakota","Oliver County",3,15,30,16,14
050,38,065,"North Dakota","Oliver County",3,16,27,14,13
050,38,065,"North Dakota","Oliver County",3,17,26,14,12
050,38,065,"North Dakota","Oliver County",3,18,22,13,9
050,38,065,"North Dakota","Oliver County",3,19,17,11,6
050,38,065,"North Dakota","Oliver County",3,20,16,7,9
050,38,065,"North Dakota","Oliver County",3,21,16,11,5
050,38,065,"North Dakota","Oliver County",3,22,16,11,5
050,38,065,"North Dakota","Oliver County",3,23,9,5,4
050,38,065,"North Dakota","Oliver County",3,24,12,8,4
050,38,065,"North Dakota","Oliver County",3,25,11,6,5
050,38,065,"North Dakota","Oliver County",3,26,12,6,6
050,38,065,"North Dakota","Oliver County",3,27,11,6,5
050,38,065,"North Dakota","Oliver County",3,28,12,8,4
050,38,065,"North Dakota","Oliver County",3,29,12,3,9
050,38,065,"North Dakota","Oliver County",3,30,17,10,7
050,38,065,"North Dakota","Oliver County",3,31,17,7,10
050,38,065,"North Dakota","Oliver County",3,32,19,9,10
050,38,065,"North Dakota","Oliver County",3,33,25,15,10
050,38,065,"North Dakota","Oliver County",3,34,21,13,8
050,38,065,"North Dakota","Oliver County",3,35,20,11,9
050,38,065,"North Dakota","Oliver County",3,36,17,12,5
050,38,065,"North Dakota","Oliver County",3,37,23,12,11
050,38,065,"North Dakota","Oliver County",3,38,23,12,11
050,38,065,"North Dakota","Oliver County",3,39,23,12,11
050,38,065,"North Dakota","Oliver County",3,40,23,12,11
050,38,065,"North Dakota","Oliver County",3,41,20,12,8
050,38,065,"North Dakota","Oliver County",3,42,20,7,13
050,38,065,"North Dakota","Oliver County",3,43,18,9,9
050,38,065,"North Dakota","Oliver County",3,44,22,12,10
050,38,065,"North Dakota","Oliver County",3,45,21,9,12
050,38,065,"North Dakota","Oliver County",3,46,20,13,7
050,38,065,"North Dakota","Oliver County",3,47,17,11,6
050,38,065,"North Dakota","Oliver County",3,48,19,9,10
050,38,065,"North Dakota","Oliver County",3,49,20,13,7
050,38,065,"North Dakota","Oliver County",3,50,16,12,4
050,38,065,"North Dakota","Oliver County",3,51,22,14,8
050,38,065,"North Dakota","Oliver County",3,52,15,7,8
050,38,065,"North Dakota","Oliver County",3,53,15,6,9
050,38,065,"North Dakota","Oliver County",3,54,20,11,9
050,38,065,"North Dakota","Oliver County",3,55,27,14,13
050,38,065,"North Dakota","Oliver County",3,56,31,18,13
050,38,065,"North Dakota","Oliver County",3,57,30,17,13
050,38,065,"North Dakota","Oliver County",3,58,25,10,15
050,38,065,"North Dakota","Oliver County",3,59,27,12,15
050,38,065,"North Dakota","Oliver County",3,60,30,15,15
050,38,065,"North Dakota","Oliver County",3,61,30,15,15
050,38,065,"North Dakota","Oliver County",3,62,32,14,18
050,38,065,"North Dakota","Oliver County",3,63,37,19,18
050,38,065,"North Dakota","Oliver County",3,64,37,20,17
050,38,065,"North Dakota","Oliver County",3,65,29,15,14
050,38,065,"North Dakota","Oliver County",3,66,28,14,14
050,38,065,"North Dakota","Oliver County",3,67,26,15,11
050,38,065,"North Dakota","Oliver County",3,68,27,16,11
050,38,065,"North Dakota","Oliver County",3,69,30,18,12
050,38,065,"North Dakota","Oliver County",3,70,28,18,10
050,38,065,"North Dakota","Oliver County",3,71,30,16,14
050,38,065,"North Dakota","Oliver County",3,72,31,16,15
050,38,065,"North Dakota","Oliver County",3,73,27,13,14
050,38,065,"North Dakota","Oliver County",3,74,25,12,13
050,38,065,"North Dakota","Oliver County",3,75,17,8,9
050,38,065,"North Dakota","Oliver County",3,76,18,10,8
050,38,065,"North Dakota","Oliver County",3,77,15,9,6
050,38,065,"North Dakota","Oliver County",3,78,18,10,8
050,38,065,"North Dakota","Oliver County",3,79,13,8,5
050,38,065,"North Dakota","Oliver County",3,80,9,6,3
050,38,065,"North Dakota","Oliver County",3,81,5,2,3
050,38,065,"North Dakota","Oliver County",3,82,4,3,1
050,38,065,"North Dakota","Oliver County",3,83,5,3,2
050,38,065,"North Dakota","Oliver County",3,84,5,3,2
050,38,065,"North Dakota","Oliver County",3,85,54,23,31
050,38,065,"North Dakota","Oliver County",4,0,16,8,8
050,38,065,"North Dakota","Oliver County",4,1,24,15,9
050,38,065,"North Dakota","Oliver County",4,2,25,14,11
050,38,065,"North Dakota","Oliver County",4,3,16,6,10
050,38,065,"North Dakota","Oliver County",4,4,26,15,11
050,38,065,"North Dakota","Oliver County",4,5,22,14,8
050,38,065,"North Dakota","Oliver County",4,6,26,16,10
050,38,065,"North Dakota","Oliver County",4,7,21,13,8
050,38,065,"North Dakota","Oliver County",4,8,32,15,17
050,38,065,"North Dakota","Oliver County",4,9,24,11,13
050,38,065,"North Dakota","Oliver County",4,10,25,9,16
050,38,065,"North Dakota","Oliver County",4,11,25,10,15
050,38,065,"North Dakota","Oliver County",4,12,29,12,17
050,38,065,"North Dakota","Oliver County",4,13,29,11,18
050,38,065,"North Dakota","Oliver County",4,14,31,19,12
050,38,065,"North Dakota","Oliver County",4,15,28,14,14
050,38,065,"North Dakota","Oliver County",4,16,29,17,12
050,38,065,"North Dakota","Oliver County",4,17,27,15,12
050,38,065,"North Dakota","Oliver County",4,18,21,11,10
050,38,065,"North Dakota","Oliver County",4,19,20,12,8
050,38,065,"North Dakota","Oliver County",4,20,17,10,7
050,38,065,"North Dakota","Oliver County",4,21,16,5,11
050,38,065,"North Dakota","Oliver County",4,22,16,12,4
050,38,065,"North Dakota","Oliver County",4,23,18,12,6
050,38,065,"North Dakota","Oliver County",4,24,9,5,4
050,38,065,"North Dakota","Oliver County",4,25,14,8,6
050,38,065,"North Dakota","Oliver County",4,26,12,6,6
050,38,065,"North Dakota","Oliver County",4,27,14,8,6
050,38,065,"North Dakota","Oliver County",4,28,12,7,5
050,38,065,"North Dakota","Oliver County",4,29,14,10,4
050,38,065,"North Dakota","Oliver County",4,30,12,3,9
050,38,065,"North Dakota","Oliver County",4,31,16,8,8
050,38,065,"North Dakota","Oliver County",4,32,16,8,8
050,38,065,"North Dakota","Oliver County",4,33,20,10,10
050,38,065,"North Dakota","Oliver County",4,34,28,17,11
050,38,065,"North Dakota","Oliver County",4,35,19,11,8
050,38,065,"North Dakota","Oliver County",4,36,19,11,8
050,38,065,"North Dakota","Oliver County",4,37,16,11,5
050,38,065,"North Dakota","Oliver County",4,38,22,10,12
050,38,065,"North Dakota","Oliver County",4,39,21,10,11
050,38,065,"North Dakota","Oliver County",4,40,22,12,10
050,38,065,"North Dakota","Oliver County",4,41,23,12,11
050,38,065,"North Dakota","Oliver County",4,42,20,12,8
050,38,065,"North Dakota","Oliver County",4,43,20,7,13
050,38,065,"North Dakota","Oliver County",4,44,17,8,9
050,38,065,"North Dakota","Oliver County",4,45,22,12,10
050,38,065,"North Dakota","Oliver County",4,46,18,9,9
050,38,065,"North Dakota","Oliver County",4,47,21,13,8
050,38,065,"North Dakota","Oliver County",4,48,17,11,6
050,38,065,"North Dakota","Oliver County",4,49,19,9,10
050,38,065,"North Dakota","Oliver County",4,50,19,12,7
050,38,065,"North Dakota","Oliver County",4,51,17,12,5
050,38,065,"North Dakota","Oliver County",4,52,21,13,8
050,38,065,"North Dakota","Oliver County",4,53,14,6,8
050,38,065,"North Dakota","Oliver County",4,54,15,6,9
050,38,065,"North Dakota","Oliver County",4,55,20,11,9
050,38,065,"North Dakota","Oliver County",4,56,24,13,11
050,38,065,"North Dakota","Oliver County",4,57,30,17,13
050,38,065,"North Dakota","Oliver County",4,58,30,17,13
050,38,065,"North Dakota","Oliver County",4,59,24,9,15
050,38,065,"North Dakota","Oliver County",4,60,25,12,13
050,38,065,"North Dakota","Oliver County",4,61,30,15,15
050,38,065,"North Dakota","Oliver County",4,62,27,12,15
050,38,065,"North Dakota","Oliver County",4,63,32,14,18
050,38,065,"North Dakota","Oliver County",4,64,38,20,18
050,38,065,"North Dakota","Oliver County",4,65,35,19,16
050,38,065,"North Dakota","Oliver County",4,66,29,15,14
050,38,065,"North Dakota","Oliver County",4,67,28,14,14
050,38,065,"North Dakota","Oliver County",4,68,26,15,11
050,38,065,"North Dakota","Oliver County",4,69,27,16,11
050,38,065,"North Dakota","Oliver County",4,70,31,18,13
050,38,065,"North Dakota","Oliver County",4,71,28,18,10
050,38,065,"North Dakota","Oliver County",4,72,30,16,14
050,38,065,"North Dakota","Oliver County",4,73,30,15,15
050,38,065,"North Dakota","Oliver County",4,74,26,13,13
050,38,065,"North Dakota","Oliver County",4,75,25,12,13
050,38,065,"North Dakota","Oliver County",4,76,18,8,10
050,38,065,"North Dakota","Oliver County",4,77,16,8,8
050,38,065,"North Dakota","Oliver County",4,78,14,9,5
050,38,065,"North Dakota","Oliver County",4,79,17,10,7
050,38,065,"North Dakota","Oliver County",4,80,11,6,5
050,38,065,"North Dakota","Oliver County",4,81,9,6,3
050,38,065,"North Dakota","Oliver County",4,82,5,2,3
050,38,065,"North Dakota","Oliver County",4,83,4,3,1
050,38,065,"North Dakota","Oliver County",4,84,4,2,2
050,38,065,"North Dakota","Oliver County",4,85,57,25,32
050,38,065,"North Dakota","Oliver County",5,0,18,9,9
050,38,065,"North Dakota","Oliver County",5,1,16,8,8
050,38,065,"North Dakota","Oliver County",5,2,21,15,6
050,38,065,"North Dakota","Oliver County",5,3,28,15,13
050,38,065,"North Dakota","Oliver County",5,4,17,6,11
050,38,065,"North Dakota","Oliver County",5,5,27,15,12
050,38,065,"North Dakota","Oliver County",5,6,21,13,8
050,38,065,"North Dakota","Oliver County",5,7,26,16,10
050,38,065,"North Dakota","Oliver County",5,8,23,15,8
050,38,065,"North Dakota","Oliver County",5,9,33,15,18
050,38,065,"North Dakota","Oliver County",5,10,25,11,14
050,38,065,"North Dakota","Oliver County",5,11,24,9,15
050,38,065,"North Dakota","Oliver County",5,12,26,9,17
050,38,065,"North Dakota","Oliver County",5,13,31,13,18
050,38,065,"North Dakota","Oliver County",5,14,28,11,17
050,38,065,"North Dakota","Oliver County",5,15,27,17,10
050,38,065,"North Dakota","Oliver County",5,16,26,14,12
050,38,065,"North Dakota","Oliver County",5,17,28,16,12
050,38,065,"North Dakota","Oliver County",5,18,17,8,9
050,38,065,"North Dakota","Oliver County",5,19,18,10,8
050,38,065,"North Dakota","Oliver County",5,20,21,12,9
050,38,065,"North Dakota","Oliver County",5,21,17,7,10
050,38,065,"North Dakota","Oliver County",5,22,16,5,11
050,38,065,"North Dakota","Oliver County",5,23,19,12,7
050,38,065,"North Dakota","Oliver County",5,24,19,12,7
050,38,065,"North Dakota","Oliver County",5,25,9,5,4
050,38,065,"North Dakota","Oliver County",5,26,16,11,5
050,38,065,"North Dakota","Oliver County",5,27,11,6,5
050,38,065,"North Dakota","Oliver County",5,28,16,9,7
050,38,065,"North Dakota","Oliver County",5,29,13,8,5
050,38,065,"North Dakota","Oliver County",5,30,14,8,6
050,38,065,"North Dakota","Oliver County",5,31,17,7,10
050,38,065,"North Dakota","Oliver County",5,32,16,8,8
050,38,065,"North Dakota","Oliver County",5,33,16,9,7
050,38,065,"North Dakota","Oliver County",5,34,20,8,12
050,38,065,"North Dakota","Oliver County",5,35,31,18,13
050,38,065,"North Dakota","Oliver County",5,36,22,11,11
050,38,065,"North Dakota","Oliver County",5,37,21,12,9
050,38,065,"North Dakota","Oliver County",5,38,16,11,5
050,38,065,"North Dakota","Oliver County",5,39,21,10,11
050,38,065,"North Dakota","Oliver County",5,40,21,11,10
050,38,065,"North Dakota","Oliver County",5,41,22,12,10
050,38,065,"North Dakota","Oliver County",5,42,22,12,10
050,38,065,"North Dakota","Oliver County",5,43,20,12,8
050,38,065,"North Dakota","Oliver County",5,44,21,8,13
050,38,065,"North Dakota","Oliver County",5,45,16,7,9
050,38,065,"North Dakota","Oliver County",5,46,23,13,10
050,38,065,"North Dakota","Oliver County",5,47,17,9,8
050,38,065,"North Dakota","Oliver County",5,48,20,13,7
050,38,065,"North Dakota","Oliver County",5,49,16,10,6
050,38,065,"North Dakota","Oliver County",5,50,24,13,11
050,38,065,"North Dakota","Oliver County",5,51,19,12,7
050,38,065,"North Dakota","Oliver County",5,52,12,12,0
050,38,065,"North Dakota","Oliver County",5,53,23,15,8
050,38,065,"North Dakota","Oliver County",5,54,16,8,8
050,38,065,"North Dakota","Oliver County",5,55,15,6,9
050,38,065,"North Dakota","Oliver County",5,56,19,10,9
050,38,065,"North Dakota","Oliver County",5,57,26,15,11
050,38,065,"North Dakota","Oliver County",5,58,30,17,13
050,38,065,"North Dakota","Oliver County",5,59,32,19,13
050,38,065,"North Dakota","Oliver County",5,60,22,9,13
050,38,065,"North Dakota","Oliver County",5,61,27,12,15
050,38,065,"North Dakota","Oliver County",5,62,30,15,15
050,38,065,"North Dakota","Oliver County",5,63,29,14,15
050,38,065,"North Dakota","Oliver County",5,64,34,14,20
050,38,065,"North Dakota","Oliver County",5,65,38,20,18
050,38,065,"North Dakota","Oliver County",5,66,31,18,13
050,38,065,"North Dakota","Oliver County",5,67,29,15,14
050,38,065,"North Dakota","Oliver County",5,68,29,15,14
050,38,065,"North Dakota","Oliver County",5,69,27,16,11
050,38,065,"North Dakota","Oliver County",5,70,26,16,10
050,38,065,"North Dakota","Oliver County",5,71,31,18,13
050,38,065,"North Dakota","Oliver County",5,72,28,18,10
050,38,065,"North Dakota","Oliver County",5,73,30,16,14
050,38,065,"North Dakota","Oliver County",5,74,29,15,14
050,38,065,"North Dakota","Oliver County",5,75,25,13,12
050,38,065,"North Dakota","Oliver County",5,76,26,12,14
050,38,065,"North Dakota","Oliver County",5,77,15,7,8
050,38,065,"North Dakota","Oliver County",5,78,16,8,8
050,38,065,"North Dakota","Oliver County",5,79,14,9,5
050,38,065,"North Dakota","Oliver County",5,80,16,9,7
050,38,065,"North Dakota","Oliver County",5,81,11,5,6
050,38,065,"North Dakota","Oliver County",5,82,6,3,3
050,38,065,"North Dakota","Oliver County",5,83,3,1,2
050,38,065,"North Dakota","Oliver County",5,84,3,2,1
050,38,065,"North Dakota","Oliver County",5,85,59,26,33
050,38,067,"North Dakota","Pembina County",1,0,62,32,30
050,38,067,"North Dakota","Pembina County",1,1,69,33,36
050,38,067,"North Dakota","Pembina County",1,2,87,49,38
050,38,067,"North Dakota","Pembina County",1,3,80,45,35
050,38,067,"North Dakota","Pembina County",1,4,84,45,39
050,38,067,"North Dakota","Pembina County",1,5,82,41,41
050,38,067,"North Dakota","Pembina County",1,6,76,39,37
050,38,067,"North Dakota","Pembina County",1,7,74,45,29
050,38,067,"North Dakota","Pembina County",1,8,81,45,36
050,38,067,"North Dakota","Pembina County",1,9,84,46,38
050,38,067,"North Dakota","Pembina County",1,10,70,38,32
050,38,067,"North Dakota","Pembina County",1,11,81,48,33
050,38,067,"North Dakota","Pembina County",1,12,93,50,43
050,38,067,"North Dakota","Pembina County",1,13,90,47,43
050,38,067,"North Dakota","Pembina County",1,14,88,50,38
050,38,067,"North Dakota","Pembina County",1,15,82,43,39
050,38,067,"North Dakota","Pembina County",1,16,80,39,41
050,38,067,"North Dakota","Pembina County",1,17,90,41,49
050,38,067,"North Dakota","Pembina County",1,18,71,41,30
050,38,067,"North Dakota","Pembina County",1,19,58,32,26
050,38,067,"North Dakota","Pembina County",1,20,56,31,25
050,38,067,"North Dakota","Pembina County",1,21,44,26,18
050,38,067,"North Dakota","Pembina County",1,22,54,28,26
050,38,067,"North Dakota","Pembina County",1,23,60,36,24
050,38,067,"North Dakota","Pembina County",1,24,59,38,21
050,38,067,"North Dakota","Pembina County",1,25,63,34,29
050,38,067,"North Dakota","Pembina County",1,26,55,29,26
050,38,067,"North Dakota","Pembina County",1,27,72,42,30
050,38,067,"North Dakota","Pembina County",1,28,67,35,32
050,38,067,"North Dakota","Pembina County",1,29,60,37,23
050,38,067,"North Dakota","Pembina County",1,30,68,39,29
050,38,067,"North Dakota","Pembina County",1,31,57,30,27
050,38,067,"North Dakota","Pembina County",1,32,73,36,37
050,38,067,"North Dakota","Pembina County",1,33,83,38,45
050,38,067,"North Dakota","Pembina County",1,34,81,46,35
050,38,067,"North Dakota","Pembina County",1,35,87,48,39
050,38,067,"North Dakota","Pembina County",1,36,101,56,45
050,38,067,"North Dakota","Pembina County",1,37,95,59,36
050,38,067,"North Dakota","Pembina County",1,38,94,56,38
050,38,067,"North Dakota","Pembina County",1,39,83,47,36
050,38,067,"North Dakota","Pembina County",1,40,82,46,36
050,38,067,"North Dakota","Pembina County",1,41,79,41,38
050,38,067,"North Dakota","Pembina County",1,42,75,48,27
050,38,067,"North Dakota","Pembina County",1,43,79,49,30
050,38,067,"North Dakota","Pembina County",1,44,67,40,27
050,38,067,"North Dakota","Pembina County",1,45,68,39,29
050,38,067,"North Dakota","Pembina County",1,46,68,36,32
050,38,067,"North Dakota","Pembina County",1,47,58,28,30
050,38,067,"North Dakota","Pembina County",1,48,62,35,27
050,38,067,"North Dakota","Pembina County",1,49,64,37,27
050,38,067,"North Dakota","Pembina County",1,50,75,46,29
050,38,067,"North Dakota","Pembina County",1,51,67,34,33
050,38,067,"North Dakota","Pembina County",1,52,71,28,43
050,38,067,"North Dakota","Pembina County",1,53,77,32,45
050,38,067,"North Dakota","Pembina County",1,54,82,42,40
050,38,067,"North Dakota","Pembina County",1,55,93,46,47
050,38,067,"North Dakota","Pembina County",1,56,89,44,45
050,38,067,"North Dakota","Pembina County",1,57,108,55,53
050,38,067,"North Dakota","Pembina County",1,58,103,58,45
050,38,067,"North Dakota","Pembina County",1,59,109,57,52
050,38,067,"North Dakota","Pembina County",1,60,123,64,59
050,38,067,"North Dakota","Pembina County",1,61,134,67,67
050,38,067,"North Dakota","Pembina County",1,62,130,72,58
050,38,067,"North Dakota","Pembina County",1,63,115,60,55
050,38,067,"North Dakota","Pembina County",1,64,127,69,58
050,38,067,"North Dakota","Pembina County",1,65,124,62,62
050,38,067,"North Dakota","Pembina County",1,66,113,61,52
050,38,067,"North Dakota","Pembina County",1,67,113,69,44
050,38,067,"North Dakota","Pembina County",1,68,119,71,48
050,38,067,"North Dakota","Pembina County",1,69,87,54,33
050,38,067,"North Dakota","Pembina County",1,70,91,54,37
050,38,067,"North Dakota","Pembina County",1,71,91,52,39
050,38,067,"North Dakota","Pembina County",1,72,68,34,34
050,38,067,"North Dakota","Pembina County",1,73,71,33,38
050,38,067,"North Dakota","Pembina County",1,74,64,36,28
050,38,067,"North Dakota","Pembina County",1,75,66,35,31
050,38,067,"North Dakota","Pembina County",1,76,58,32,26
050,38,067,"North Dakota","Pembina County",1,77,55,30,25
050,38,067,"North Dakota","Pembina County",1,78,45,24,21
050,38,067,"North Dakota","Pembina County",1,79,44,23,21
050,38,067,"North Dakota","Pembina County",1,80,40,22,18
050,38,067,"North Dakota","Pembina County",1,81,36,18,18
050,38,067,"North Dakota","Pembina County",1,82,37,16,21
050,38,067,"North Dakota","Pembina County",1,83,33,11,22
050,38,067,"North Dakota","Pembina County",1,84,30,10,20
050,38,067,"North Dakota","Pembina County",1,85,263,97,166
050,38,067,"North Dakota","Pembina County",2,0,68,36,32
050,38,067,"North Dakota","Pembina County",2,1,66,32,34
050,38,067,"North Dakota","Pembina County",2,2,82,45,37
050,38,067,"North Dakota","Pembina County",2,3,83,46,37
050,38,067,"North Dakota","Pembina County",2,4,84,45,39
050,38,067,"North Dakota","Pembina County",2,5,83,42,41
050,38,067,"North Dakota","Pembina County",2,6,77,40,37
050,38,067,"North Dakota","Pembina County",2,7,75,43,32
050,38,067,"North Dakota","Pembina County",2,8,79,45,34
050,38,067,"North Dakota","Pembina County",2,9,83,45,38
050,38,067,"North Dakota","Pembina County",2,10,75,40,35
050,38,067,"North Dakota","Pembina County",2,11,79,46,33
050,38,067,"North Dakota","Pembina County",2,12,91,50,41
050,38,067,"North Dakota","Pembina County",2,13,90,47,43
050,38,067,"North Dakota","Pembina County",2,14,87,49,38
050,38,067,"North Dakota","Pembina County",2,15,84,45,39
050,38,067,"North Dakota","Pembina County",2,16,81,41,40
050,38,067,"North Dakota","Pembina County",2,17,86,40,46
050,38,067,"North Dakota","Pembina County",2,18,71,38,33
050,38,067,"North Dakota","Pembina County",2,19,58,33,25
050,38,067,"North Dakota","Pembina County",2,20,57,32,25
050,38,067,"North Dakota","Pembina County",2,21,45,26,19
050,38,067,"North Dakota","Pembina County",2,22,52,28,24
050,38,067,"North Dakota","Pembina County",2,23,59,36,23
050,38,067,"North Dakota","Pembina County",2,24,59,38,21
050,38,067,"North Dakota","Pembina County",2,25,61,34,27
050,38,067,"North Dakota","Pembina County",2,26,57,30,27
050,38,067,"North Dakota","Pembina County",2,27,67,37,30
050,38,067,"North Dakota","Pembina County",2,28,68,37,31
050,38,067,"North Dakota","Pembina County",2,29,61,37,24
050,38,067,"North Dakota","Pembina County",2,30,67,39,28
050,38,067,"North Dakota","Pembina County",2,31,59,31,28
050,38,067,"North Dakota","Pembina County",2,32,71,35,36
050,38,067,"North Dakota","Pembina County",2,33,80,37,43
050,38,067,"North Dakota","Pembina County",2,34,82,44,38
050,38,067,"North Dakota","Pembina County",2,35,87,48,39
050,38,067,"North Dakota","Pembina County",2,36,98,55,43
050,38,067,"North Dakota","Pembina County",2,37,98,59,39
050,38,067,"North Dakota","Pembina County",2,38,93,56,37
050,38,067,"North Dakota","Pembina County",2,39,84,49,35
050,38,067,"North Dakota","Pembina County",2,40,81,45,36
050,38,067,"North Dakota","Pembina County",2,41,79,42,37
050,38,067,"North Dakota","Pembina County",2,42,77,47,30
050,38,067,"North Dakota","Pembina County",2,43,78,49,29
050,38,067,"North Dakota","Pembina County",2,44,70,42,28
050,38,067,"North Dakota","Pembina County",2,45,69,40,29
050,38,067,"North Dakota","Pembina County",2,46,67,36,31
050,38,067,"North Dakota","Pembina County",2,47,61,30,31
050,38,067,"North Dakota","Pembina County",2,48,60,32,28
050,38,067,"North Dakota","Pembina County",2,49,63,36,27
050,38,067,"North Dakota","Pembina County",2,50,72,44,28
050,38,067,"North Dakota","Pembina County",2,51,68,36,32
050,38,067,"North Dakota","Pembina County",2,52,72,31,41
050,38,067,"North Dakota","Pembina County",2,53,77,32,45
050,38,067,"North Dakota","Pembina County",2,54,80,40,40
050,38,067,"North Dakota","Pembina County",2,55,91,45,46
050,38,067,"North Dakota","Pembina County",2,56,90,45,45
050,38,067,"North Dakota","Pembina County",2,57,104,53,51
050,38,067,"North Dakota","Pembina County",2,58,103,56,47
050,38,067,"North Dakota","Pembina County",2,59,108,58,50
050,38,067,"North Dakota","Pembina County",2,60,117,61,56
050,38,067,"North Dakota","Pembina County",2,61,131,66,65
050,38,067,"North Dakota","Pembina County",2,62,129,70,59
050,38,067,"North Dakota","Pembina County",2,63,119,63,56
050,38,067,"North Dakota","Pembina County",2,64,121,65,56
050,38,067,"North Dakota","Pembina County",2,65,126,65,61
050,38,067,"North Dakota","Pembina County",2,66,117,62,55
050,38,067,"North Dakota","Pembina County",2,67,112,67,45
050,38,067,"North Dakota","Pembina County",2,68,117,71,46
050,38,067,"North Dakota","Pembina County",2,69,95,58,37
050,38,067,"North Dakota","Pembina County",2,70,89,53,36
050,38,067,"North Dakota","Pembina County",2,71,90,52,38
050,38,067,"North Dakota","Pembina County",2,72,72,37,35
050,38,067,"North Dakota","Pembina County",2,73,74,35,39
050,38,067,"North Dakota","Pembina County",2,74,62,33,29
050,38,067,"North Dakota","Pembina County",2,75,65,35,30
050,38,067,"North Dakota","Pembina County",2,76,59,32,27
050,38,067,"North Dakota","Pembina County",2,77,57,31,26
050,38,067,"North Dakota","Pembina County",2,78,47,25,22
050,38,067,"North Dakota","Pembina County",2,79,44,23,21
050,38,067,"North Dakota","Pembina County",2,80,41,22,19
050,38,067,"North Dakota","Pembina County",2,81,36,19,17
050,38,067,"North Dakota","Pembina County",2,82,34,14,20
050,38,067,"North Dakota","Pembina County",2,83,34,12,22
050,38,067,"North Dakota","Pembina County",2,84,31,11,20
050,38,067,"North Dakota","Pembina County",2,85,262,96,166
050,38,067,"North Dakota","Pembina County",3,0,68,36,32
050,38,067,"North Dakota","Pembina County",3,1,77,38,39
050,38,067,"North Dakota","Pembina County",3,2,69,31,38
050,38,067,"North Dakota","Pembina County",3,3,84,44,40
050,38,067,"North Dakota","Pembina County",3,4,84,43,41
050,38,067,"North Dakota","Pembina County",3,5,79,44,35
050,38,067,"North Dakota","Pembina County",3,6,83,41,42
050,38,067,"North Dakota","Pembina County",3,7,80,42,38
050,38,067,"North Dakota","Pembina County",3,8,79,43,36
050,38,067,"North Dakota","Pembina County",3,9,80,46,34
050,38,067,"North Dakota","Pembina County",3,10,83,45,38
050,38,067,"North Dakota","Pembina County",3,11,73,43,30
050,38,067,"North Dakota","Pembina County",3,12,82,49,33
050,38,067,"North Dakota","Pembina County",3,13,87,48,39
050,38,067,"North Dakota","Pembina County",3,14,87,44,43
050,38,067,"North Dakota","Pembina County",3,15,88,46,42
050,38,067,"North Dakota","Pembina County",3,16,82,44,38
050,38,067,"North Dakota","Pembina County",3,17,82,41,41
050,38,067,"North Dakota","Pembina County",3,18,75,36,39
050,38,067,"North Dakota","Pembina County",3,19,59,31,28
050,38,067,"North Dakota","Pembina County",3,20,64,37,27
050,38,067,"North Dakota","Pembina County",3,21,50,28,22
050,38,067,"North Dakota","Pembina County",3,22,47,26,21
050,38,067,"North Dakota","Pembina County",3,23,49,26,23
050,38,067,"North Dakota","Pembina County",3,24,58,35,23
050,38,067,"North Dakota","Pembina County",3,25,51,29,22
050,38,067,"North Dakota","Pembina County",3,26,63,37,26
050,38,067,"North Dakota","Pembina County",3,27,66,35,31
050,38,067,"North Dakota","Pembina County",3,28,76,41,35
050,38,067,"North Dakota","Pembina County",3,29,64,33,31
050,38,067,"North Dakota","Pembina County",3,30,65,35,30
050,38,067,"North Dakota","Pembina County",3,31,71,38,33
050,38,067,"North Dakota","Pembina County",3,32,59,31,28
050,38,067,"North Dakota","Pembina County",3,33,73,39,34
050,38,067,"North Dakota","Pembina County",3,34,83,37,46
050,38,067,"North Dakota","Pembina County",3,35,76,38,38
050,38,067,"North Dakota","Pembina County",3,36,89,50,39
050,38,067,"North Dakota","Pembina County",3,37,101,54,47
050,38,067,"North Dakota","Pembina County",3,38,96,60,36
050,38,067,"North Dakota","Pembina County",3,39,91,55,36
050,38,067,"North Dakota","Pembina County",3,40,81,47,34
050,38,067,"North Dakota","Pembina County",3,41,77,45,32
050,38,067,"North Dakota","Pembina County",3,42,80,42,38
050,38,067,"North Dakota","Pembina County",3,43,76,47,29
050,38,067,"North Dakota","Pembina County",3,44,84,55,29
050,38,067,"North Dakota","Pembina County",3,45,70,42,28
050,38,067,"North Dakota","Pembina County",3,46,66,38,28
050,38,067,"North Dakota","Pembina County",3,47,67,35,32
050,38,067,"North Dakota","Pembina County",3,48,58,29,29
050,38,067,"North Dakota","Pembina County",3,49,58,32,26
050,38,067,"North Dakota","Pembina County",3,50,56,32,24
050,38,067,"North Dakota","Pembina County",3,51,70,41,29
050,38,067,"North Dakota","Pembina County",3,52,70,37,33
050,38,067,"North Dakota","Pembina County",3,53,71,31,40
050,38,067,"North Dakota","Pembina County",3,54,78,33,45
050,38,067,"North Dakota","Pembina County",3,55,80,39,41
050,38,067,"North Dakota","Pembina County",3,56,90,45,45
050,38,067,"North Dakota","Pembina County",3,57,91,46,45
050,38,067,"North Dakota","Pembina County",3,58,104,52,52
050,38,067,"North Dakota","Pembina County",3,59,102,56,46
050,38,067,"North Dakota","Pembina County",3,60,102,54,48
050,38,067,"North Dakota","Pembina County",3,61,113,59,54
050,38,067,"North Dakota","Pembina County",3,62,125,63,62
050,38,067,"North Dakota","Pembina County",3,63,125,66,59
050,38,067,"North Dakota","Pembina County",3,64,113,58,55
050,38,067,"North Dakota","Pembina County",3,65,119,64,55
050,38,067,"North Dakota","Pembina County",3,66,131,68,63
050,38,067,"North Dakota","Pembina County",3,67,113,60,53
050,38,067,"North Dakota","Pembina County",3,68,107,65,42
050,38,067,"North Dakota","Pembina County",3,69,111,67,44
050,38,067,"North Dakota","Pembina County",3,70,95,57,38
050,38,067,"North Dakota","Pembina County",3,71,90,55,35
050,38,067,"North Dakota","Pembina County",3,72,86,50,36
050,38,067,"North Dakota","Pembina County",3,73,75,38,37
050,38,067,"North Dakota","Pembina County",3,74,70,32,38
050,38,067,"North Dakota","Pembina County",3,75,60,33,27
050,38,067,"North Dakota","Pembina County",3,76,65,35,30
050,38,067,"North Dakota","Pembina County",3,77,54,31,23
050,38,067,"North Dakota","Pembina County",3,78,58,32,26
050,38,067,"North Dakota","Pembina County",3,79,40,20,20
050,38,067,"North Dakota","Pembina County",3,80,47,23,24
050,38,067,"North Dakota","Pembina County",3,81,37,20,17
050,38,067,"North Dakota","Pembina County",3,82,29,16,13
050,38,067,"North Dakota","Pembina County",3,83,31,11,20
050,38,067,"North Dakota","Pembina County",3,84,33,13,20
050,38,067,"North Dakota","Pembina County",3,85,242,84,158
050,38,067,"North Dakota","Pembina County",4,0,65,34,31
050,38,067,"North Dakota","Pembina County",4,1,67,34,33
050,38,067,"North Dakota","Pembina County",4,2,66,32,34
050,38,067,"North Dakota","Pembina County",4,3,71,34,37
050,38,067,"North Dakota","Pembina County",4,4,84,47,37
050,38,067,"North Dakota","Pembina County",4,5,92,47,45
050,38,067,"North Dakota","Pembina County",4,6,91,52,39
050,38,067,"North Dakota","Pembina County",4,7,83,38,45
050,38,067,"North Dakota","Pembina County",4,8,71,39,32
050,38,067,"North Dakota","Pembina County",4,9,82,47,35
050,38,067,"North Dakota","Pembina County",4,10,83,47,36
050,38,067,"North Dakota","Pembina County",4,11,82,46,36
050,38,067,"North Dakota","Pembina County",4,12,73,44,29
050,38,067,"North Dakota","Pembina County",4,13,83,49,34
050,38,067,"North Dakota","Pembina County",4,14,95,55,40
050,38,067,"North Dakota","Pembina County",4,15,91,46,45
050,38,067,"North Dakota","Pembina County",4,16,81,43,38
050,38,067,"North Dakota","Pembina County",4,17,79,41,38
050,38,067,"North Dakota","Pembina County",4,18,69,35,34
050,38,067,"North Dakota","Pembina County",4,19,53,27,26
050,38,067,"North Dakota","Pembina County",4,20,63,34,29
050,38,067,"North Dakota","Pembina County",4,21,53,29,24
050,38,067,"North Dakota","Pembina County",4,22,55,30,25
050,38,067,"North Dakota","Pembina County",4,23,52,29,23
050,38,067,"North Dakota","Pembina County",4,24,47,26,21
050,38,067,"North Dakota","Pembina County",4,25,59,35,24
050,38,067,"North Dakota","Pembina County",4,26,63,35,28
050,38,067,"North Dakota","Pembina County",4,27,64,36,28
050,38,067,"North Dakota","Pembina County",4,28,65,33,32
050,38,067,"North Dakota","Pembina County",4,29,76,39,37
050,38,067,"North Dakota","Pembina County",4,30,62,33,29
050,38,067,"North Dakota","Pembina County",4,31,68,39,29
050,38,067,"North Dakota","Pembina County",4,32,77,41,36
050,38,067,"North Dakota","Pembina County",4,33,65,34,31
050,38,067,"North Dakota","Pembina County",4,34,74,41,33
050,38,067,"North Dakota","Pembina County",4,35,85,39,46
050,38,067,"North Dakota","Pembina County",4,36,78,39,39
050,38,067,"North Dakota","Pembina County",4,37,86,50,36
050,38,067,"North Dakota","Pembina County",4,38,94,53,41
050,38,067,"North Dakota","Pembina County",4,39,98,59,39
050,38,067,"North Dakota","Pembina County",4,40,90,55,35
050,38,067,"North Dakota","Pembina County",4,41,84,49,35
050,38,067,"North Dakota","Pembina County",4,42,78,45,33
050,38,067,"North Dakota","Pembina County",4,43,80,44,36
050,38,067,"North Dakota","Pembina County",4,44,78,50,28
050,38,067,"North Dakota","Pembina County",4,45,81,53,28
050,38,067,"North Dakota","Pembina County",4,46,71,43,28
050,38,067,"North Dakota","Pembina County",4,47,65,37,28
050,38,067,"North Dakota","Pembina County",4,48,65,34,31
050,38,067,"North Dakota","Pembina County",4,49,56,27,29
050,38,067,"North Dakota","Pembina County",4,50,55,29,26
050,38,067,"North Dakota","Pembina County",4,51,52,31,21
050,38,067,"North Dakota","Pembina County",4,52,71,41,30
050,38,067,"North Dakota","Pembina County",4,53,65,32,33
050,38,067,"North Dakota","Pembina County",4,54,73,33,40
050,38,067,"North Dakota","Pembina County",4,55,84,36,48
050,38,067,"North Dakota","Pembina County",4,56,77,38,39
050,38,067,"North Dakota","Pembina County",4,57,92,45,47
050,38,067,"North Dakota","Pembina County",4,58,90,46,44
050,38,067,"North Dakota","Pembina County",4,59,106,54,52
050,38,067,"North Dakota","Pembina County",4,60,97,52,45
050,38,067,"North Dakota","Pembina County",4,61,102,57,45
050,38,067,"North Dakota","Pembina County",4,62,112,60,52
050,38,067,"North Dakota","Pembina County",4,63,122,62,60
050,38,067,"North Dakota","Pembina County",4,64,119,62,57
050,38,067,"North Dakota","Pembina County",4,65,110,56,54
050,38,067,"North Dakota","Pembina County",4,66,124,68,56
050,38,067,"North Dakota","Pembina County",4,67,127,65,62
050,38,067,"North Dakota","Pembina County",4,68,112,58,54
050,38,067,"North Dakota","Pembina County",4,69,100,58,42
050,38,067,"North Dakota","Pembina County",4,70,108,66,42
050,38,067,"North Dakota","Pembina County",4,71,93,56,37
050,38,067,"North Dakota","Pembina County",4,72,88,56,32
050,38,067,"North Dakota","Pembina County",4,73,85,49,36
050,38,067,"North Dakota","Pembina County",4,74,70,35,35
050,38,067,"North Dakota","Pembina County",4,75,72,33,39
050,38,067,"North Dakota","Pembina County",4,76,53,28,25
050,38,067,"North Dakota","Pembina County",4,77,59,30,29
050,38,067,"North Dakota","Pembina County",4,78,55,31,24
050,38,067,"North Dakota","Pembina County",4,79,52,25,27
050,38,067,"North Dakota","Pembina County",4,80,41,20,21
050,38,067,"North Dakota","Pembina County",4,81,41,21,20
050,38,067,"North Dakota","Pembina County",4,82,33,15,18
050,38,067,"North Dakota","Pembina County",4,83,29,15,14
050,38,067,"North Dakota","Pembina County",4,84,31,12,19
050,38,067,"North Dakota","Pembina County",4,85,252,85,167
050,38,067,"North Dakota","Pembina County",5,0,60,31,29
050,38,067,"North Dakota","Pembina County",5,1,68,38,30
050,38,067,"North Dakota","Pembina County",5,2,66,36,30
050,38,067,"North Dakota","Pembina County",5,3,63,33,30
050,38,067,"North Dakota","Pembina County",5,4,70,34,36
050,38,067,"North Dakota","Pembina County",5,5,80,45,35
050,38,067,"North Dakota","Pembina County",5,6,91,48,43
050,38,067,"North Dakota","Pembina County",5,7,85,47,38
050,38,067,"North Dakota","Pembina County",5,8,86,40,46
050,38,067,"North Dakota","Pembina County",5,9,70,36,34
050,38,067,"North Dakota","Pembina County",5,10,88,47,41
050,38,067,"North Dakota","Pembina County",5,11,85,46,39
050,38,067,"North Dakota","Pembina County",5,12,87,49,38
050,38,067,"North Dakota","Pembina County",5,13,70,43,27
050,38,067,"North Dakota","Pembina County",5,14,79,47,32
050,38,067,"North Dakota","Pembina County",5,15,87,45,42
050,38,067,"North Dakota","Pembina County",5,16,89,45,44
050,38,067,"North Dakota","Pembina County",5,17,76,38,38
050,38,067,"North Dakota","Pembina County",5,18,69,38,31
050,38,067,"North Dakota","Pembina County",5,19,50,26,24
050,38,067,"North Dakota","Pembina County",5,20,59,31,28
050,38,067,"North Dakota","Pembina County",5,21,57,32,25
050,38,067,"North Dakota","Pembina County",5,22,57,32,25
050,38,067,"North Dakota","Pembina County",5,23,58,30,28
050,38,067,"North Dakota","Pembina County",5,24,57,30,27
050,38,067,"North Dakota","Pembina County",5,25,51,28,23
050,38,067,"North Dakota","Pembina County",5,26,53,31,22
050,38,067,"North Dakota","Pembina County",5,27,53,31,22
050,38,067,"North Dakota","Pembina County",5,28,55,33,22
050,38,067,"North Dakota","Pembina County",5,29,79,40,39
050,38,067,"North Dakota","Pembina County",5,30,72,33,39
050,38,067,"North Dakota","Pembina County",5,31,62,35,27
050,38,067,"North Dakota","Pembina County",5,32,69,39,30
050,38,067,"North Dakota","Pembina County",5,33,83,41,42
050,38,067,"North Dakota","Pembina County",5,34,71,37,34
050,38,067,"North Dakota","Pembina County",5,35,71,41,30
050,38,067,"North Dakota","Pembina County",5,36,88,46,42
050,38,067,"North Dakota","Pembina County",5,37,83,43,40
050,38,067,"North Dakota","Pembina County",5,38,82,49,33
050,38,067,"North Dakota","Pembina County",5,39,94,54,40
050,38,067,"North Dakota","Pembina County",5,40,95,57,38
050,38,067,"North Dakota","Pembina County",5,41,91,56,35
050,38,067,"North Dakota","Pembina County",5,42,84,49,35
050,38,067,"North Dakota","Pembina County",5,43,77,45,32
050,38,067,"North Dakota","Pembina County",5,44,81,43,38
050,38,067,"North Dakota","Pembina County",5,45,78,47,31
050,38,067,"North Dakota","Pembina County",5,46,77,51,26
050,38,067,"North Dakota","Pembina County",5,47,68,42,26
050,38,067,"North Dakota","Pembina County",5,48,60,35,25
050,38,067,"North Dakota","Pembina County",5,49,66,34,32
050,38,067,"North Dakota","Pembina County",5,50,64,30,34
050,38,067,"North Dakota","Pembina County",5,51,54,29,25
050,38,067,"North Dakota","Pembina County",5,52,54,34,20
050,38,067,"North Dakota","Pembina County",5,53,71,41,30
050,38,067,"North Dakota","Pembina County",5,54,66,33,33
050,38,067,"North Dakota","Pembina County",5,55,77,37,40
050,38,067,"North Dakota","Pembina County",5,56,85,39,46
050,38,067,"North Dakota","Pembina County",5,57,74,37,37
050,38,067,"North Dakota","Pembina County",5,58,90,45,45
050,38,067,"North Dakota","Pembina County",5,59,90,47,43
050,38,067,"North Dakota","Pembina County",5,60,99,50,49
050,38,067,"North Dakota","Pembina County",5,61,96,53,43
050,38,067,"North Dakota","Pembina County",5,62,96,55,41
050,38,067,"North Dakota","Pembina County",5,63,109,60,49
050,38,067,"North Dakota","Pembina County",5,64,118,57,61
050,38,067,"North Dakota","Pembina County",5,65,115,59,56
050,38,067,"North Dakota","Pembina County",5,66,112,57,55
050,38,067,"North Dakota","Pembina County",5,67,121,67,54
050,38,067,"North Dakota","Pembina County",5,68,122,62,60
050,38,067,"North Dakota","Pembina County",5,69,103,51,52
050,38,067,"North Dakota","Pembina County",5,70,98,55,43
050,38,067,"North Dakota","Pembina County",5,71,104,64,40
050,38,067,"North Dakota","Pembina County",5,72,88,54,34
050,38,067,"North Dakota","Pembina County",5,73,87,56,31
050,38,067,"North Dakota","Pembina County",5,74,82,47,35
050,38,067,"North Dakota","Pembina County",5,75,68,35,33
050,38,067,"North Dakota","Pembina County",5,76,63,29,34
050,38,067,"North Dakota","Pembina County",5,77,51,26,25
050,38,067,"North Dakota","Pembina County",5,78,60,29,31
050,38,067,"North Dakota","Pembina County",5,79,49,26,23
050,38,067,"North Dakota","Pembina County",5,80,50,25,25
050,38,067,"North Dakota","Pembina County",5,81,37,17,20
050,38,067,"North Dakota","Pembina County",5,82,37,16,21
050,38,067,"North Dakota","Pembina County",5,83,34,15,19
050,38,067,"North Dakota","Pembina County",5,84,28,15,13
050,38,067,"North Dakota","Pembina County",5,85,259,83,176
050,38,069,"North Dakota","Pierce County",1,0,38,19,19
050,38,069,"North Dakota","Pierce County",1,1,43,19,24
050,38,069,"North Dakota","Pierce County",1,2,41,18,23
050,38,069,"North Dakota","Pierce County",1,3,44,25,19
050,38,069,"North Dakota","Pierce County",1,4,45,28,17
050,38,069,"North Dakota","Pierce County",1,5,47,25,22
050,38,069,"North Dakota","Pierce County",1,6,51,28,23
050,38,069,"North Dakota","Pierce County",1,7,54,27,27
050,38,069,"North Dakota","Pierce County",1,8,66,34,32
050,38,069,"North Dakota","Pierce County",1,9,56,27,29
050,38,069,"North Dakota","Pierce County",1,10,53,27,26
050,38,069,"North Dakota","Pierce County",1,11,68,29,39
050,38,069,"North Dakota","Pierce County",1,12,59,19,40
050,38,069,"North Dakota","Pierce County",1,13,56,27,29
050,38,069,"North Dakota","Pierce County",1,14,46,26,20
050,38,069,"North Dakota","Pierce County",1,15,56,26,30
050,38,069,"North Dakota","Pierce County",1,16,52,22,30
050,38,069,"North Dakota","Pierce County",1,17,53,25,28
050,38,069,"North Dakota","Pierce County",1,18,47,26,21
050,38,069,"North Dakota","Pierce County",1,19,28,16,12
050,38,069,"North Dakota","Pierce County",1,20,27,19,8
050,38,069,"North Dakota","Pierce County",1,21,34,21,13
050,38,069,"North Dakota","Pierce County",1,22,37,24,13
050,38,069,"North Dakota","Pierce County",1,23,38,21,17
050,38,069,"North Dakota","Pierce County",1,24,48,29,19
050,38,069,"North Dakota","Pierce County",1,25,35,20,15
050,38,069,"North Dakota","Pierce County",1,26,35,21,14
050,38,069,"North Dakota","Pierce County",1,27,41,21,20
050,38,069,"North Dakota","Pierce County",1,28,34,20,14
050,38,069,"North Dakota","Pierce County",1,29,36,23,13
050,38,069,"North Dakota","Pierce County",1,30,36,22,14
050,38,069,"North Dakota","Pierce County",1,31,36,21,15
050,38,069,"North Dakota","Pierce County",1,32,32,15,17
050,38,069,"North Dakota","Pierce County",1,33,37,19,18
050,38,069,"North Dakota","Pierce County",1,34,43,22,21
050,38,069,"North Dakota","Pierce County",1,35,48,23,25
050,38,069,"North Dakota","Pierce County",1,36,46,26,20
050,38,069,"North Dakota","Pierce County",1,37,49,29,20
050,38,069,"North Dakota","Pierce County",1,38,47,25,22
050,38,069,"North Dakota","Pierce County",1,39,44,21,23
050,38,069,"North Dakota","Pierce County",1,40,43,21,22
050,38,069,"North Dakota","Pierce County",1,41,50,22,28
050,38,069,"North Dakota","Pierce County",1,42,55,26,29
050,38,069,"North Dakota","Pierce County",1,43,46,24,22
050,38,069,"North Dakota","Pierce County",1,44,43,20,23
050,38,069,"North Dakota","Pierce County",1,45,45,21,24
050,38,069,"North Dakota","Pierce County",1,46,43,22,21
050,38,069,"North Dakota","Pierce County",1,47,33,20,13
050,38,069,"North Dakota","Pierce County",1,48,38,19,19
050,38,069,"North Dakota","Pierce County",1,49,42,24,18
050,38,069,"North Dakota","Pierce County",1,50,40,20,20
050,38,069,"North Dakota","Pierce County",1,51,49,30,19
050,38,069,"North Dakota","Pierce County",1,52,46,22,24
050,38,069,"North Dakota","Pierce County",1,53,48,26,22
050,38,069,"North Dakota","Pierce County",1,54,53,26,27
050,38,069,"North Dakota","Pierce County",1,55,60,31,29
050,38,069,"North Dakota","Pierce County",1,56,54,33,21
050,38,069,"North Dakota","Pierce County",1,57,62,35,27
050,38,069,"North Dakota","Pierce County",1,58,66,38,28
050,38,069,"North Dakota","Pierce County",1,59,61,31,30
050,38,069,"North Dakota","Pierce County",1,60,56,21,35
050,38,069,"North Dakota","Pierce County",1,61,53,26,27
050,38,069,"North Dakota","Pierce County",1,62,64,33,31
050,38,069,"North Dakota","Pierce County",1,63,68,36,32
050,38,069,"North Dakota","Pierce County",1,64,72,41,31
050,38,069,"North Dakota","Pierce County",1,65,63,29,34
050,38,069,"North Dakota","Pierce County",1,66,49,26,23
050,38,069,"North Dakota","Pierce County",1,67,58,36,22
050,38,069,"North Dakota","Pierce County",1,68,56,29,27
050,38,069,"North Dakota","Pierce County",1,69,56,26,30
050,38,069,"North Dakota","Pierce County",1,70,44,19,25
050,38,069,"North Dakota","Pierce County",1,71,39,18,21
050,38,069,"North Dakota","Pierce County",1,72,42,23,19
050,38,069,"North Dakota","Pierce County",1,73,46,23,23
050,38,069,"North Dakota","Pierce County",1,74,33,19,14
050,38,069,"North Dakota","Pierce County",1,75,39,21,18
050,38,069,"North Dakota","Pierce County",1,76,37,20,17
050,38,069,"North Dakota","Pierce County",1,77,31,11,20
050,38,069,"North Dakota","Pierce County",1,78,30,11,19
050,38,069,"North Dakota","Pierce County",1,79,29,13,16
050,38,069,"North Dakota","Pierce County",1,80,33,15,18
050,38,069,"North Dakota","Pierce County",1,81,25,13,12
050,38,069,"North Dakota","Pierce County",1,82,25,12,13
050,38,069,"North Dakota","Pierce County",1,83,25,10,15
050,38,069,"North Dakota","Pierce County",1,84,22,7,15
050,38,069,"North Dakota","Pierce County",1,85,139,44,95
050,38,069,"North Dakota","Pierce County",2,0,40,22,18
050,38,069,"North Dakota","Pierce County",2,1,42,19,23
050,38,069,"North Dakota","Pierce County",2,2,41,18,23
050,38,069,"North Dakota","Pierce County",2,3,41,22,19
050,38,069,"North Dakota","Pierce County",2,4,45,27,18
050,38,069,"North Dakota","Pierce County",2,5,46,26,20
050,38,069,"North Dakota","Pierce County",2,6,49,27,22
050,38,069,"North Dakota","Pierce County",2,7,52,28,24
050,38,069,"North Dakota","Pierce County",2,8,63,33,30
050,38,069,"North Dakota","Pierce County",2,9,58,29,29
050,38,069,"North Dakota","Pierce County",2,10,55,28,27
050,38,069,"North Dakota","Pierce County",2,11,65,29,36
050,38,069,"North Dakota","Pierce County",2,12,60,21,39
050,38,069,"North Dakota","Pierce County",2,13,56,25,31
050,38,069,"North Dakota","Pierce County",2,14,47,26,21
050,38,069,"North Dakota","Pierce County",2,15,54,26,28
050,38,069,"North Dakota","Pierce County",2,16,52,23,29
050,38,069,"North Dakota","Pierce County",2,17,52,24,28
050,38,069,"North Dakota","Pierce County",2,18,47,25,22
050,38,069,"North Dakota","Pierce County",2,19,29,17,12
050,38,069,"North Dakota","Pierce County",2,20,28,19,9
050,38,069,"North Dakota","Pierce County",2,21,35,22,13
050,38,069,"North Dakota","Pierce County",2,22,37,24,13
050,38,069,"North Dakota","Pierce County",2,23,39,23,16
050,38,069,"North Dakota","Pierce County",2,24,47,28,19
050,38,069,"North Dakota","Pierce County",2,25,37,21,16
050,38,069,"North Dakota","Pierce County",2,26,36,21,15
050,38,069,"North Dakota","Pierce County",2,27,40,21,19
050,38,069,"North Dakota","Pierce County",2,28,36,21,15
050,38,069,"North Dakota","Pierce County",2,29,36,22,14
050,38,069,"North Dakota","Pierce County",2,30,36,22,14
050,38,069,"North Dakota","Pierce County",2,31,37,21,16
050,38,069,"North Dakota","Pierce County",2,32,32,16,16
050,38,069,"North Dakota","Pierce County",2,33,35,18,17
050,38,069,"North Dakota","Pierce County",2,34,41,21,20
050,38,069,"North Dakota","Pierce County",2,35,47,22,25
050,38,069,"North Dakota","Pierce County",2,36,47,26,21
050,38,069,"North Dakota","Pierce County",2,37,48,28,20
050,38,069,"North Dakota","Pierce County",2,38,48,26,22
050,38,069,"North Dakota","Pierce County",2,39,45,22,23
050,38,069,"North Dakota","Pierce County",2,40,43,21,22
050,38,069,"North Dakota","Pierce County",2,41,48,21,27
050,38,069,"North Dakota","Pierce County",2,42,53,25,28
050,38,069,"North Dakota","Pierce County",2,43,48,24,24
050,38,069,"North Dakota","Pierce County",2,44,43,21,22
050,38,069,"North Dakota","Pierce County",2,45,44,20,24
050,38,069,"North Dakota","Pierce County",2,46,44,22,22
050,38,069,"North Dakota","Pierce County",2,47,35,20,15
050,38,069,"North Dakota","Pierce County",2,48,36,19,17
050,38,069,"North Dakota","Pierce County",2,49,41,23,18
050,38,069,"North Dakota","Pierce County",2,50,40,20,20
050,38,069,"North Dakota","Pierce County",2,51,47,28,19
050,38,069,"North Dakota","Pierce County",2,52,45,23,22
050,38,069,"North Dakota","Pierce County",2,53,47,25,22
050,38,069,"North Dakota","Pierce County",2,54,50,25,25
050,38,069,"North Dakota","Pierce County",2,55,57,29,28
050,38,069,"North Dakota","Pierce County",2,56,54,32,22
050,38,069,"North Dakota","Pierce County",2,57,61,35,26
050,38,069,"North Dakota","Pierce County",2,58,65,37,28
050,38,069,"North Dakota","Pierce County",2,59,63,33,30
050,38,069,"North Dakota","Pierce County",2,60,56,23,33
050,38,069,"North Dakota","Pierce County",2,61,53,25,28
050,38,069,"North Dakota","Pierce County",2,62,61,31,30
050,38,069,"North Dakota","Pierce County",2,63,67,35,32
050,38,069,"North Dakota","Pierce County",2,64,71,40,31
050,38,069,"North Dakota","Pierce County",2,65,65,32,33
050,38,069,"North Dakota","Pierce County",2,66,52,27,25
050,38,069,"North Dakota","Pierce County",2,67,55,33,22
050,38,069,"North Dakota","Pierce County",2,68,56,30,26
050,38,069,"North Dakota","Pierce County",2,69,57,27,30
050,38,069,"North Dakota","Pierce County",2,70,47,21,26
050,38,069,"North Dakota","Pierce County",2,71,39,17,22
050,38,069,"North Dakota","Pierce County",2,72,41,22,19
050,38,069,"North Dakota","Pierce County",2,73,48,24,24
050,38,069,"North Dakota","Pierce County",2,74,34,19,15
050,38,069,"North Dakota","Pierce County",2,75,38,21,17
050,38,069,"North Dakota","Pierce County",2,76,37,20,17
050,38,069,"North Dakota","Pierce County",2,77,32,12,20
050,38,069,"North Dakota","Pierce County",2,78,30,11,19
050,38,069,"North Dakota","Pierce County",2,79,27,12,15
050,38,069,"North Dakota","Pierce County",2,80,33,15,18
050,38,069,"North Dakota","Pierce County",2,81,26,13,13
050,38,069,"North Dakota","Pierce County",2,82,24,11,13
050,38,069,"North Dakota","Pierce County",2,83,25,10,15
050,38,069,"North Dakota","Pierce County",2,84,22,8,14
050,38,069,"North Dakota","Pierce County",2,85,141,43,98
050,38,069,"North Dakota","Pierce County",3,0,28,14,14
050,38,069,"North Dakota","Pierce County",3,1,42,24,18
050,38,069,"North Dakota","Pierce County",3,2,41,15,26
050,38,069,"North Dakota","Pierce County",3,3,43,20,23
050,38,069,"North Dakota","Pierce County",3,4,44,23,21
050,38,069,"North Dakota","Pierce County",3,5,47,28,19
050,38,069,"North Dakota","Pierce County",3,6,53,28,25
050,38,069,"North Dakota","Pierce County",3,7,52,28,24
050,38,069,"North Dakota","Pierce County",3,8,55,30,25
050,38,069,"North Dakota","Pierce County",3,9,64,33,31
050,38,069,"North Dakota","Pierce County",3,10,56,26,30
050,38,069,"North Dakota","Pierce County",3,11,54,25,29
050,38,069,"North Dakota","Pierce County",3,12,63,29,34
050,38,069,"North Dakota","Pierce County",3,13,60,22,38
050,38,069,"North Dakota","Pierce County",3,14,61,29,32
050,38,069,"North Dakota","Pierce County",3,15,50,25,25
050,38,069,"North Dakota","Pierce County",3,16,55,25,30
050,38,069,"North Dakota","Pierce County",3,17,55,25,30
050,38,069,"North Dakota","Pierce County",3,18,47,25,22
050,38,069,"North Dakota","Pierce County",3,19,34,15,19
050,38,069,"North Dakota","Pierce County",3,20,33,18,15
050,38,069,"North Dakota","Pierce County",3,21,27,18,9
050,38,069,"North Dakota","Pierce County",3,22,39,25,14
050,38,069,"North Dakota","Pierce County",3,23,38,24,14
050,38,069,"North Dakota","Pierce County",3,24,34,23,11
050,38,069,"North Dakota","Pierce County",3,25,42,24,18
050,38,069,"North Dakota","Pierce County",3,26,33,16,17
050,38,069,"North Dakota","Pierce County",3,27,41,17,24
050,38,069,"North Dakota","Pierce County",3,28,44,24,20
050,38,069,"North Dakota","Pierce County",3,29,36,22,14
050,38,069,"North Dakota","Pierce County",3,30,37,22,15
050,38,069,"North Dakota","Pierce County",3,31,33,20,13
050,38,069,"North Dakota","Pierce County",3,32,38,18,20
050,38,069,"North Dakota","Pierce County",3,33,34,17,17
050,38,069,"North Dakota","Pierce County",3,34,38,21,17
050,38,069,"North Dakota","Pierce County",3,35,40,19,21
050,38,069,"North Dakota","Pierce County",3,36,47,23,24
050,38,069,"North Dakota","Pierce County",3,37,47,25,22
050,38,069,"North Dakota","Pierce County",3,38,46,26,20
050,38,069,"North Dakota","Pierce County",3,39,54,28,26
050,38,069,"North Dakota","Pierce County",3,40,46,25,21
050,38,069,"North Dakota","Pierce County",3,41,43,19,24
050,38,069,"North Dakota","Pierce County",3,42,50,24,26
050,38,069,"North Dakota","Pierce County",3,43,53,26,27
050,38,069,"North Dakota","Pierce County",3,44,45,24,21
050,38,069,"North Dakota","Pierce County",3,45,42,20,22
050,38,069,"North Dakota","Pierce County",3,46,43,19,24
050,38,069,"North Dakota","Pierce County",3,47,44,22,22
050,38,069,"North Dakota","Pierce County",3,48,37,20,17
050,38,069,"North Dakota","Pierce County",3,49,35,19,16
050,38,069,"North Dakota","Pierce County",3,50,41,23,18
050,38,069,"North Dakota","Pierce County",3,51,41,21,20
050,38,069,"North Dakota","Pierce County",3,52,45,26,19
050,38,069,"North Dakota","Pierce County",3,53,44,24,20
050,38,069,"North Dakota","Pierce County",3,54,46,23,23
050,38,069,"North Dakota","Pierce County",3,55,53,27,26
050,38,069,"North Dakota","Pierce County",3,56,51,27,24
050,38,069,"North Dakota","Pierce County",3,57,54,32,22
050,38,069,"North Dakota","Pierce County",3,58,60,34,26
050,38,069,"North Dakota","Pierce County",3,59,67,39,28
050,38,069,"North Dakota","Pierce County",3,60,64,34,30
050,38,069,"North Dakota","Pierce County",3,61,59,23,36
050,38,069,"North Dakota","Pierce County",3,62,52,24,28
050,38,069,"North Dakota","Pierce County",3,63,65,30,35
050,38,069,"North Dakota","Pierce County",3,64,66,34,32
050,38,069,"North Dakota","Pierce County",3,65,71,39,32
050,38,069,"North Dakota","Pierce County",3,66,63,32,31
050,38,069,"North Dakota","Pierce County",3,67,51,27,24
050,38,069,"North Dakota","Pierce County",3,68,53,32,21
050,38,069,"North Dakota","Pierce County",3,69,56,29,27
050,38,069,"North Dakota","Pierce County",3,70,55,25,30
050,38,069,"North Dakota","Pierce County",3,71,45,20,25
050,38,069,"North Dakota","Pierce County",3,72,36,15,21
050,38,069,"North Dakota","Pierce County",3,73,41,22,19
050,38,069,"North Dakota","Pierce County",3,74,45,23,22
050,38,069,"North Dakota","Pierce County",3,75,34,18,16
050,38,069,"North Dakota","Pierce County",3,76,37,21,16
050,38,069,"North Dakota","Pierce County",3,77,32,16,16
050,38,069,"North Dakota","Pierce County",3,78,30,13,17
050,38,069,"North Dakota","Pierce County",3,79,26,9,17
050,38,069,"North Dakota","Pierce County",3,80,25,11,14
050,38,069,"North Dakota","Pierce County",3,81,31,14,17
050,38,069,"North Dakota","Pierce County",3,82,25,12,13
050,38,069,"North Dakota","Pierce County",3,83,23,10,13
050,38,069,"North Dakota","Pierce County",3,84,20,9,11
050,38,069,"North Dakota","Pierce County",3,85,114,28,86
050,38,069,"North Dakota","Pierce County",4,0,29,15,14
050,38,069,"North Dakota","Pierce County",4,1,38,22,16
050,38,069,"North Dakota","Pierce County",4,2,46,25,21
050,38,069,"North Dakota","Pierce County",4,3,45,18,27
050,38,069,"North Dakota","Pierce County",4,4,43,18,25
050,38,069,"North Dakota","Pierce County",4,5,43,20,23
050,38,069,"North Dakota","Pierce County",4,6,48,31,17
050,38,069,"North Dakota","Pierce County",4,7,52,29,23
050,38,069,"North Dakota","Pierce County",4,8,53,29,24
050,38,069,"North Dakota","Pierce County",4,9,53,29,24
050,38,069,"North Dakota","Pierce County",4,10,64,34,30
050,38,069,"North Dakota","Pierce County",4,11,61,30,31
050,38,069,"North Dakota","Pierce County",4,12,54,24,30
050,38,069,"North Dakota","Pierce County",4,13,62,27,35
050,38,069,"North Dakota","Pierce County",4,14,61,24,37
050,38,069,"North Dakota","Pierce County",4,15,60,28,32
050,38,069,"North Dakota","Pierce County",4,16,51,25,26
050,38,069,"North Dakota","Pierce County",4,17,55,24,31
050,38,069,"North Dakota","Pierce County",4,18,49,27,22
050,38,069,"North Dakota","Pierce County",4,19,32,17,15
050,38,069,"North Dakota","Pierce County",4,20,38,18,20
050,38,069,"North Dakota","Pierce County",4,21,33,17,16
050,38,069,"North Dakota","Pierce County",4,22,35,21,14
050,38,069,"North Dakota","Pierce County",4,23,44,26,18
050,38,069,"North Dakota","Pierce County",4,24,34,21,13
050,38,069,"North Dakota","Pierce County",4,25,30,19,11
050,38,069,"North Dakota","Pierce County",4,26,36,21,15
050,38,069,"North Dakota","Pierce County",4,27,37,17,20
050,38,069,"North Dakota","Pierce County",4,28,41,21,20
050,38,069,"North Dakota","Pierce County",4,29,47,26,21
050,38,069,"North Dakota","Pierce County",4,30,33,21,12
050,38,069,"North Dakota","Pierce County",4,31,37,21,16
050,38,069,"North Dakota","Pierce County",4,32,34,18,16
050,38,069,"North Dakota","Pierce County",4,33,37,18,19
050,38,069,"North Dakota","Pierce County",4,34,35,19,16
050,38,069,"North Dakota","Pierce County",4,35,35,16,19
050,38,069,"North Dakota","Pierce County",4,36,43,24,19
050,38,069,"North Dakota","Pierce County",4,37,49,23,26
050,38,069,"North Dakota","Pierce County",4,38,46,26,20
050,38,069,"North Dakota","Pierce County",4,39,48,27,21
050,38,069,"North Dakota","Pierce County",4,40,54,29,25
050,38,069,"North Dakota","Pierce County",4,41,46,25,21
050,38,069,"North Dakota","Pierce County",4,42,46,21,25
050,38,069,"North Dakota","Pierce County",4,43,49,23,26
050,38,069,"North Dakota","Pierce County",4,44,53,24,29
050,38,069,"North Dakota","Pierce County",4,45,41,24,17
050,38,069,"North Dakota","Pierce County",4,46,40,20,20
050,38,069,"North Dakota","Pierce County",4,47,44,19,25
050,38,069,"North Dakota","Pierce County",4,48,43,23,20
050,38,069,"North Dakota","Pierce County",4,49,38,20,18
050,38,069,"North Dakota","Pierce County",4,50,34,18,16
050,38,069,"North Dakota","Pierce County",4,51,42,25,17
050,38,069,"North Dakota","Pierce County",4,52,39,19,20
050,38,069,"North Dakota","Pierce County",4,53,45,27,18
050,38,069,"North Dakota","Pierce County",4,54,40,20,20
050,38,069,"North Dakota","Pierce County",4,55,43,22,21
050,38,069,"North Dakota","Pierce County",4,56,53,26,27
050,38,069,"North Dakota","Pierce County",4,57,52,28,24
050,38,069,"North Dakota","Pierce County",4,58,52,30,22
050,38,069,"North Dakota","Pierce County",4,59,64,38,26
050,38,069,"North Dakota","Pierce County",4,60,66,39,27
050,38,069,"North Dakota","Pierce County",4,61,63,33,30
050,38,069,"North Dakota","Pierce County",4,62,54,22,32
050,38,069,"North Dakota","Pierce County",4,63,52,24,28
050,38,069,"North Dakota","Pierce County",4,64,64,29,35
050,38,069,"North Dakota","Pierce County",4,65,66,34,32
050,38,069,"North Dakota","Pierce County",4,66,72,40,32
050,38,069,"North Dakota","Pierce County",4,67,63,31,32
050,38,069,"North Dakota","Pierce County",4,68,52,28,24
050,38,069,"North Dakota","Pierce County",4,69,55,33,22
050,38,069,"North Dakota","Pierce County",4,70,52,26,26
050,38,069,"North Dakota","Pierce County",4,71,55,25,30
050,38,069,"North Dakota","Pierce County",4,72,41,20,21
050,38,069,"North Dakota","Pierce County",4,73,36,15,21
050,38,069,"North Dakota","Pierce County",4,74,42,23,19
050,38,069,"North Dakota","Pierce County",4,75,41,20,21
050,38,069,"North Dakota","Pierce County",4,76,30,15,15
050,38,069,"North Dakota","Pierce County",4,77,37,19,18
050,38,069,"North Dakota","Pierce County",4,78,31,14,17
050,38,069,"North Dakota","Pierce County",4,79,28,12,16
050,38,069,"North Dakota","Pierce County",4,80,24,8,16
050,38,069,"North Dakota","Pierce County",4,81,23,9,14
050,38,069,"North Dakota","Pierce County",4,82,30,15,15
050,38,069,"North Dakota","Pierce County",4,83,26,12,14
050,38,069,"North Dakota","Pierce County",4,84,22,10,12
050,38,069,"North Dakota","Pierce County",4,85,117,26,91
050,38,069,"North Dakota","Pierce County",5,0,28,14,14
050,38,069,"North Dakota","Pierce County",5,1,31,15,16
050,38,069,"North Dakota","Pierce County",5,2,40,23,17
050,38,069,"North Dakota","Pierce County",5,3,48,26,22
050,38,069,"North Dakota","Pierce County",5,4,44,17,27
050,38,069,"North Dakota","Pierce County",5,5,49,19,30
050,38,069,"North Dakota","Pierce County",5,6,41,18,23
050,38,069,"North Dakota","Pierce County",5,7,49,30,19
050,38,069,"North Dakota","Pierce County",5,8,47,25,22
050,38,069,"North Dakota","Pierce County",5,9,54,30,24
050,38,069,"North Dakota","Pierce County",5,10,53,31,22
050,38,069,"North Dakota","Pierce County",5,11,63,32,31
050,38,069,"North Dakota","Pierce County",5,12,60,27,33
050,38,069,"North Dakota","Pierce County",5,13,53,23,30
050,38,069,"North Dakota","Pierce County",5,14,65,26,39
050,38,069,"North Dakota","Pierce County",5,15,64,26,38
050,38,069,"North Dakota","Pierce County",5,16,61,28,33
050,38,069,"North Dakota","Pierce County",5,17,52,23,29
050,38,069,"North Dakota","Pierce County",5,18,51,25,26
050,38,069,"North Dakota","Pierce County",5,19,35,18,17
050,38,069,"North Dakota","Pierce County",5,20,36,20,16
050,38,069,"North Dakota","Pierce County",5,21,38,20,18
050,38,069,"North Dakota","Pierce County",5,22,34,18,16
050,38,069,"North Dakota","Pierce County",5,23,32,19,13
050,38,069,"North Dakota","Pierce County",5,24,40,24,16
050,38,069,"North Dakota","Pierce County",5,25,27,16,11
050,38,069,"North Dakota","Pierce County",5,26,32,23,9
050,38,069,"North Dakota","Pierce County",5,27,41,21,20
050,38,069,"North Dakota","Pierce County",5,28,42,23,19
050,38,069,"North Dakota","Pierce County",5,29,38,19,19
050,38,069,"North Dakota","Pierce County",5,30,41,21,20
050,38,069,"North Dakota","Pierce County",5,31,41,23,18
050,38,069,"North Dakota","Pierce County",5,32,34,18,16
050,38,069,"North Dakota","Pierce County",5,33,35,20,15
050,38,069,"North Dakota","Pierce County",5,34,36,20,16
050,38,069,"North Dakota","Pierce County",5,35,34,17,17
050,38,069,"North Dakota","Pierce County",5,36,35,17,18
050,38,069,"North Dakota","Pierce County",5,37,45,24,21
050,38,069,"North Dakota","Pierce County",5,38,48,22,26
050,38,069,"North Dakota","Pierce County",5,39,49,27,22
050,38,069,"North Dakota","Pierce County",5,40,46,28,18
050,38,069,"North Dakota","Pierce County",5,41,55,27,28
050,38,069,"North Dakota","Pierce County",5,42,48,27,21
050,38,069,"North Dakota","Pierce County",5,43,47,21,26
050,38,069,"North Dakota","Pierce County",5,44,49,23,26
050,38,069,"North Dakota","Pierce County",5,45,51,23,28
050,38,069,"North Dakota","Pierce County",5,46,40,25,15
050,38,069,"North Dakota","Pierce County",5,47,41,19,22
050,38,069,"North Dakota","Pierce County",5,48,48,23,25
050,38,069,"North Dakota","Pierce County",5,49,45,25,20
050,38,069,"North Dakota","Pierce County",5,50,37,19,18
050,38,069,"North Dakota","Pierce County",5,51,35,20,15
050,38,069,"North Dakota","Pierce County",5,52,39,21,18
050,38,069,"North Dakota","Pierce County",5,53,41,20,21
050,38,069,"North Dakota","Pierce County",5,54,42,24,18
050,38,069,"North Dakota","Pierce County",5,55,41,21,20
050,38,069,"North Dakota","Pierce County",5,56,41,21,20
050,38,069,"North Dakota","Pierce County",5,57,49,26,23
050,38,069,"North Dakota","Pierce County",5,58,49,25,24
050,38,069,"North Dakota","Pierce County",5,59,53,31,22
050,38,069,"North Dakota","Pierce County",5,60,64,38,26
050,38,069,"North Dakota","Pierce County",5,61,64,37,27
050,38,069,"North Dakota","Pierce County",5,62,63,32,31
050,38,069,"North Dakota","Pierce County",5,63,51,22,29
050,38,069,"North Dakota","Pierce County",5,64,50,21,29
050,38,069,"North Dakota","Pierce County",5,65,62,29,33
050,38,069,"North Dakota","Pierce County",5,66,64,32,32
050,38,069,"North Dakota","Pierce County",5,67,72,39,33
050,38,069,"North Dakota","Pierce County",5,68,62,30,32
050,38,069,"North Dakota","Pierce County",5,69,55,30,25
050,38,069,"North Dakota","Pierce County",5,70,53,30,23
050,38,069,"North Dakota","Pierce County",5,71,51,25,26
050,38,069,"North Dakota","Pierce County",5,72,55,27,28
050,38,069,"North Dakota","Pierce County",5,73,39,20,19
050,38,069,"North Dakota","Pierce County",5,74,36,14,22
050,38,069,"North Dakota","Pierce County",5,75,42,23,19
050,38,069,"North Dakota","Pierce County",5,76,38,17,21
050,38,069,"North Dakota","Pierce County",5,77,28,12,16
050,38,069,"North Dakota","Pierce County",5,78,35,19,16
050,38,069,"North Dakota","Pierce County",5,79,32,13,19
050,38,069,"North Dakota","Pierce County",5,80,29,13,16
050,38,069,"North Dakota","Pierce County",5,81,19,5,14
050,38,069,"North Dakota","Pierce County",5,82,22,9,13
050,38,069,"North Dakota","Pierce County",5,83,31,16,15
050,38,069,"North Dakota","Pierce County",5,84,24,12,12
050,38,069,"North Dakota","Pierce County",5,85,118,25,93
050,38,071,"North Dakota","Ramsey County",1,0,157,81,76
050,38,071,"North Dakota","Ramsey County",1,1,158,84,74
050,38,071,"North Dakota","Ramsey County",1,2,167,82,85
050,38,071,"North Dakota","Ramsey County",1,3,153,77,76
050,38,071,"North Dakota","Ramsey County",1,4,152,78,74
050,38,071,"North Dakota","Ramsey County",1,5,166,86,80
050,38,071,"North Dakota","Ramsey County",1,6,152,77,75
050,38,071,"North Dakota","Ramsey County",1,7,133,70,63
050,38,071,"North Dakota","Ramsey County",1,8,160,86,74
050,38,071,"North Dakota","Ramsey County",1,9,169,78,91
050,38,071,"North Dakota","Ramsey County",1,10,148,73,75
050,38,071,"North Dakota","Ramsey County",1,11,158,86,72
050,38,071,"North Dakota","Ramsey County",1,12,164,95,69
050,38,071,"North Dakota","Ramsey County",1,13,145,76,69
050,38,071,"North Dakota","Ramsey County",1,14,150,75,75
050,38,071,"North Dakota","Ramsey County",1,15,130,70,60
050,38,071,"North Dakota","Ramsey County",1,16,137,71,66
050,38,071,"North Dakota","Ramsey County",1,17,138,64,74
050,38,071,"North Dakota","Ramsey County",1,18,155,77,78
050,38,071,"North Dakota","Ramsey County",1,19,161,81,80
050,38,071,"North Dakota","Ramsey County",1,20,148,83,65
050,38,071,"North Dakota","Ramsey County",1,21,118,70,48
050,38,071,"North Dakota","Ramsey County",1,22,109,58,51
050,38,071,"North Dakota","Ramsey County",1,23,139,80,59
050,38,071,"North Dakota","Ramsey County",1,24,147,82,65
050,38,071,"North Dakota","Ramsey County",1,25,132,74,58
050,38,071,"North Dakota","Ramsey County",1,26,126,64,62
050,38,071,"North Dakota","Ramsey County",1,27,146,78,68
050,38,071,"North Dakota","Ramsey County",1,28,144,73,71
050,38,071,"North Dakota","Ramsey County",1,29,128,72,56
050,38,071,"North Dakota","Ramsey County",1,30,142,79,63
050,38,071,"North Dakota","Ramsey County",1,31,134,84,50
050,38,071,"North Dakota","Ramsey County",1,32,132,66,66
050,38,071,"North Dakota","Ramsey County",1,33,134,61,73
050,38,071,"North Dakota","Ramsey County",1,34,148,83,65
050,38,071,"North Dakota","Ramsey County",1,35,129,70,59
050,38,071,"North Dakota","Ramsey County",1,36,125,66,59
050,38,071,"North Dakota","Ramsey County",1,37,128,70,58
050,38,071,"North Dakota","Ramsey County",1,38,127,66,61
050,38,071,"North Dakota","Ramsey County",1,39,120,62,58
050,38,071,"North Dakota","Ramsey County",1,40,117,62,55
050,38,071,"North Dakota","Ramsey County",1,41,113,62,51
050,38,071,"North Dakota","Ramsey County",1,42,118,59,59
050,38,071,"North Dakota","Ramsey County",1,43,122,63,59
050,38,071,"North Dakota","Ramsey County",1,44,116,62,54
050,38,071,"North Dakota","Ramsey County",1,45,98,52,46
050,38,071,"North Dakota","Ramsey County",1,46,103,51,52
050,38,071,"North Dakota","Ramsey County",1,47,110,61,49
050,38,071,"North Dakota","Ramsey County",1,48,111,62,49
050,38,071,"North Dakota","Ramsey County",1,49,130,64,66
050,38,071,"North Dakota","Ramsey County",1,50,121,60,61
050,38,071,"North Dakota","Ramsey County",1,51,123,53,70
050,38,071,"North Dakota","Ramsey County",1,52,115,56,59
050,38,071,"North Dakota","Ramsey County",1,53,137,68,69
050,38,071,"North Dakota","Ramsey County",1,54,141,71,70
050,38,071,"North Dakota","Ramsey County",1,55,165,84,81
050,38,071,"North Dakota","Ramsey County",1,56,165,79,86
050,38,071,"North Dakota","Ramsey County",1,57,172,92,80
050,38,071,"North Dakota","Ramsey County",1,58,171,94,77
050,38,071,"North Dakota","Ramsey County",1,59,170,83,87
050,38,071,"North Dakota","Ramsey County",1,60,182,88,94
050,38,071,"North Dakota","Ramsey County",1,61,194,100,94
050,38,071,"North Dakota","Ramsey County",1,62,179,92,87
050,38,071,"North Dakota","Ramsey County",1,63,180,87,93
050,38,071,"North Dakota","Ramsey County",1,64,165,83,82
050,38,071,"North Dakota","Ramsey County",1,65,157,86,71
050,38,071,"North Dakota","Ramsey County",1,66,156,86,70
050,38,071,"North Dakota","Ramsey County",1,67,155,76,79
050,38,071,"North Dakota","Ramsey County",1,68,130,65,65
050,38,071,"North Dakota","Ramsey County",1,69,122,65,57
050,38,071,"North Dakota","Ramsey County",1,70,135,62,73
050,38,071,"North Dakota","Ramsey County",1,71,132,71,61
050,38,071,"North Dakota","Ramsey County",1,72,121,67,54
050,38,071,"North Dakota","Ramsey County",1,73,111,61,50
050,38,071,"North Dakota","Ramsey County",1,74,88,44,44
050,38,071,"North Dakota","Ramsey County",1,75,90,45,45
050,38,071,"North Dakota","Ramsey County",1,76,90,43,47
050,38,071,"North Dakota","Ramsey County",1,77,90,44,46
050,38,071,"North Dakota","Ramsey County",1,78,76,36,40
050,38,071,"North Dakota","Ramsey County",1,79,84,34,50
050,38,071,"North Dakota","Ramsey County",1,80,65,27,38
050,38,071,"North Dakota","Ramsey County",1,81,67,33,34
050,38,071,"North Dakota","Ramsey County",1,82,59,24,35
050,38,071,"North Dakota","Ramsey County",1,83,54,23,31
050,38,071,"North Dakota","Ramsey County",1,84,43,17,26
050,38,071,"North Dakota","Ramsey County",1,85,350,124,226
050,38,071,"North Dakota","Ramsey County",2,0,154,77,77
050,38,071,"North Dakota","Ramsey County",2,1,157,82,75
050,38,071,"North Dakota","Ramsey County",2,2,167,83,84
050,38,071,"North Dakota","Ramsey County",2,3,156,79,77
050,38,071,"North Dakota","Ramsey County",2,4,152,79,73
050,38,071,"North Dakota","Ramsey County",2,5,160,82,78
050,38,071,"North Dakota","Ramsey County",2,6,155,79,76
050,38,071,"North Dakota","Ramsey County",2,7,139,73,66
050,38,071,"North Dakota","Ramsey County",2,8,154,82,72
050,38,071,"North Dakota","Ramsey County",2,9,166,81,85
050,38,071,"North Dakota","Ramsey County",2,10,151,73,78
050,38,071,"North Dakota","Ramsey County",2,11,154,83,71
050,38,071,"North Dakota","Ramsey County",2,12,163,93,70
050,38,071,"North Dakota","Ramsey County",2,13,149,81,68
050,38,071,"North Dakota","Ramsey County",2,14,150,77,73
050,38,071,"North Dakota","Ramsey County",2,15,137,72,65
050,38,071,"North Dakota","Ramsey County",2,16,135,70,65
050,38,071,"North Dakota","Ramsey County",2,17,139,66,73
050,38,071,"North Dakota","Ramsey County",2,18,152,77,75
050,38,071,"North Dakota","Ramsey County",2,19,165,83,82
050,38,071,"North Dakota","Ramsey County",2,20,148,82,66
050,38,071,"North Dakota","Ramsey County",2,21,119,68,51
050,38,071,"North Dakota","Ramsey County",2,22,110,61,49
050,38,071,"North Dakota","Ramsey County",2,23,136,78,58
050,38,071,"North Dakota","Ramsey County",2,24,140,79,61
050,38,071,"North Dakota","Ramsey County",2,25,135,76,59
050,38,071,"North Dakota","Ramsey County",2,26,128,66,62
050,38,071,"North Dakota","Ramsey County",2,27,144,76,68
050,38,071,"North Dakota","Ramsey County",2,28,140,71,69
050,38,071,"North Dakota","Ramsey County",2,29,131,73,58
050,38,071,"North Dakota","Ramsey County",2,30,137,76,61
050,38,071,"North Dakota","Ramsey County",2,31,134,80,54
050,38,071,"North Dakota","Ramsey County",2,32,133,71,62
050,38,071,"North Dakota","Ramsey County",2,33,132,60,72
050,38,071,"North Dakota","Ramsey County",2,34,145,77,68
050,38,071,"North Dakota","Ramsey County",2,35,135,73,62
050,38,071,"North Dakota","Ramsey County",2,36,124,66,58
050,38,071,"North Dakota","Ramsey County",2,37,128,69,59
050,38,071,"North Dakota","Ramsey County",2,38,128,68,60
050,38,071,"North Dakota","Ramsey County",2,39,121,63,58
050,38,071,"North Dakota","Ramsey County",2,40,117,61,56
050,38,071,"North Dakota","Ramsey County",2,41,112,61,51
050,38,071,"North Dakota","Ramsey County",2,42,115,59,56
050,38,071,"North Dakota","Ramsey County",2,43,123,64,59
050,38,071,"North Dakota","Ramsey County",2,44,116,60,56
050,38,071,"North Dakota","Ramsey County",2,45,102,54,48
050,38,071,"North Dakota","Ramsey County",2,46,103,52,51
050,38,071,"North Dakota","Ramsey County",2,47,108,59,49
050,38,071,"North Dakota","Ramsey County",2,48,110,61,49
050,38,071,"North Dakota","Ramsey County",2,49,126,64,62
050,38,071,"North Dakota","Ramsey County",2,50,121,60,61
050,38,071,"North Dakota","Ramsey County",2,51,122,55,67
050,38,071,"North Dakota","Ramsey County",2,52,114,53,61
050,38,071,"North Dakota","Ramsey County",2,53,132,65,67
050,38,071,"North Dakota","Ramsey County",2,54,138,68,70
050,38,071,"North Dakota","Ramsey County",2,55,158,81,77
050,38,071,"North Dakota","Ramsey County",2,56,166,81,85
050,38,071,"North Dakota","Ramsey County",2,57,172,91,81
050,38,071,"North Dakota","Ramsey County",2,58,168,91,77
050,38,071,"North Dakota","Ramsey County",2,59,170,85,85
050,38,071,"North Dakota","Ramsey County",2,60,177,85,92
050,38,071,"North Dakota","Ramsey County",2,61,188,98,90
050,38,071,"North Dakota","Ramsey County",2,62,176,91,85
050,38,071,"North Dakota","Ramsey County",2,63,183,90,93
050,38,071,"North Dakota","Ramsey County",2,64,165,82,83
050,38,071,"North Dakota","Ramsey County",2,65,159,85,74
050,38,071,"North Dakota","Ramsey County",2,66,155,85,70
050,38,071,"North Dakota","Ramsey County",2,67,156,79,77
050,38,071,"North Dakota","Ramsey County",2,68,132,65,67
050,38,071,"North Dakota","Ramsey County",2,69,125,64,61
050,38,071,"North Dakota","Ramsey County",2,70,131,62,69
050,38,071,"North Dakota","Ramsey County",2,71,131,68,63
050,38,071,"North Dakota","Ramsey County",2,72,122,67,55
050,38,071,"North Dakota","Ramsey County",2,73,118,65,53
050,38,071,"North Dakota","Ramsey County",2,74,85,43,42
050,38,071,"North Dakota","Ramsey County",2,75,92,45,47
050,38,071,"North Dakota","Ramsey County",2,76,88,43,45
050,38,071,"North Dakota","Ramsey County",2,77,91,45,46
050,38,071,"North Dakota","Ramsey County",2,78,77,36,41
050,38,071,"North Dakota","Ramsey County",2,79,81,33,48
050,38,071,"North Dakota","Ramsey County",2,80,68,28,40
050,38,071,"North Dakota","Ramsey County",2,81,67,32,35
050,38,071,"North Dakota","Ramsey County",2,82,59,25,34
050,38,071,"North Dakota","Ramsey County",2,83,53,23,30
050,38,071,"North Dakota","Ramsey County",2,84,47,19,28
050,38,071,"North Dakota","Ramsey County",2,85,350,123,227
050,38,071,"North Dakota","Ramsey County",3,0,133,67,66
050,38,071,"North Dakota","Ramsey County",3,1,155,79,76
050,38,071,"North Dakota","Ramsey County",3,2,159,86,73
050,38,071,"North Dakota","Ramsey County",3,3,168,83,85
050,38,071,"North Dakota","Ramsey County",3,4,148,73,75
050,38,071,"North Dakota","Ramsey County",3,5,154,79,75
050,38,071,"North Dakota","Ramsey County",3,6,156,79,77
050,38,071,"North Dakota","Ramsey County",3,7,161,84,77
050,38,071,"North Dakota","Ramsey County",3,8,139,72,67
050,38,071,"North Dakota","Ramsey County",3,9,154,83,71
050,38,071,"North Dakota","Ramsey County",3,10,173,88,85
050,38,071,"North Dakota","Ramsey County",3,11,148,70,78
050,38,071,"North Dakota","Ramsey County",3,12,154,83,71
050,38,071,"North Dakota","Ramsey County",3,13,168,93,75
050,38,071,"North Dakota","Ramsey County",3,14,150,85,65
050,38,071,"North Dakota","Ramsey County",3,15,152,79,73
050,38,071,"North Dakota","Ramsey County",3,16,145,76,69
050,38,071,"North Dakota","Ramsey County",3,17,138,70,68
050,38,071,"North Dakota","Ramsey County",3,18,135,70,65
050,38,071,"North Dakota","Ramsey County",3,19,167,87,80
050,38,071,"North Dakota","Ramsey County",3,20,151,80,71
050,38,071,"North Dakota","Ramsey County",3,21,131,73,58
050,38,071,"North Dakota","Ramsey County",3,22,123,65,58
050,38,071,"North Dakota","Ramsey County",3,23,126,75,51
050,38,071,"North Dakota","Ramsey County",3,24,125,68,57
050,38,071,"North Dakota","Ramsey County",3,25,143,86,57
050,38,071,"North Dakota","Ramsey County",3,26,126,75,51
050,38,071,"North Dakota","Ramsey County",3,27,143,71,72
050,38,071,"North Dakota","Ramsey County",3,28,133,73,60
050,38,071,"North Dakota","Ramsey County",3,29,143,80,63
050,38,071,"North Dakota","Ramsey County",3,30,130,72,58
050,38,071,"North Dakota","Ramsey County",3,31,140,80,60
050,38,071,"North Dakota","Ramsey County",3,32,131,74,57
050,38,071,"North Dakota","Ramsey County",3,33,126,66,60
050,38,071,"North Dakota","Ramsey County",3,34,138,69,69
050,38,071,"North Dakota","Ramsey County",3,35,146,77,69
050,38,071,"North Dakota","Ramsey County",3,36,135,73,62
050,38,071,"North Dakota","Ramsey County",3,37,122,63,59
050,38,071,"North Dakota","Ramsey County",3,38,137,69,68
050,38,071,"North Dakota","Ramsey County",3,39,134,73,61
050,38,071,"North Dakota","Ramsey County",3,40,121,63,58
050,38,071,"North Dakota","Ramsey County",3,41,121,63,58
050,38,071,"North Dakota","Ramsey County",3,42,112,65,47
050,38,071,"North Dakota","Ramsey County",3,43,117,60,57
050,38,071,"North Dakota","Ramsey County",3,44,121,62,59
050,38,071,"North Dakota","Ramsey County",3,45,112,59,53
050,38,071,"North Dakota","Ramsey County",3,46,102,54,48
050,38,071,"North Dakota","Ramsey County",3,47,107,52,55
050,38,071,"North Dakota","Ramsey County",3,48,110,57,53
050,38,071,"North Dakota","Ramsey County",3,49,113,64,49
050,38,071,"North Dakota","Ramsey County",3,50,124,65,59
050,38,071,"North Dakota","Ramsey County",3,51,123,62,61
050,38,071,"North Dakota","Ramsey County",3,52,116,52,64
050,38,071,"North Dakota","Ramsey County",3,53,118,53,65
050,38,071,"North Dakota","Ramsey County",3,54,130,63,67
050,38,071,"North Dakota","Ramsey County",3,55,140,71,69
050,38,071,"North Dakota","Ramsey County",3,56,147,75,72
050,38,071,"North Dakota","Ramsey County",3,57,179,93,86
050,38,071,"North Dakota","Ramsey County",3,58,172,91,81
050,38,071,"North Dakota","Ramsey County",3,59,171,90,81
050,38,071,"North Dakota","Ramsey County",3,60,167,83,84
050,38,071,"North Dakota","Ramsey County",3,61,183,87,96
050,38,071,"North Dakota","Ramsey County",3,62,182,95,87
050,38,071,"North Dakota","Ramsey County",3,63,180,92,88
050,38,071,"North Dakota","Ramsey County",3,64,178,90,88
050,38,071,"North Dakota","Ramsey County",3,65,161,80,81
050,38,071,"North Dakota","Ramsey County",3,66,156,84,72
050,38,071,"North Dakota","Ramsey County",3,67,158,89,69
050,38,071,"North Dakota","Ramsey County",3,68,141,70,71
050,38,071,"North Dakota","Ramsey County",3,69,130,64,66
050,38,071,"North Dakota","Ramsey County",3,70,120,59,61
050,38,071,"North Dakota","Ramsey County",3,71,123,59,64
050,38,071,"North Dakota","Ramsey County",3,72,127,67,60
050,38,071,"North Dakota","Ramsey County",3,73,123,66,57
050,38,071,"North Dakota","Ramsey County",3,74,111,58,53
050,38,071,"North Dakota","Ramsey County",3,75,93,46,47
050,38,071,"North Dakota","Ramsey County",3,76,81,41,40
050,38,071,"North Dakota","Ramsey County",3,77,87,44,43
050,38,071,"North Dakota","Ramsey County",3,78,81,38,43
050,38,071,"North Dakota","Ramsey County",3,79,72,32,40
050,38,071,"North Dakota","Ramsey County",3,80,76,33,43
050,38,071,"North Dakota","Ramsey County",3,81,70,31,39
050,38,071,"North Dakota","Ramsey County",3,82,60,26,34
050,38,071,"North Dakota","Ramsey County",3,83,55,23,32
050,38,071,"North Dakota","Ramsey County",3,84,49,19,30
050,38,071,"North Dakota","Ramsey County",3,85,351,123,228
050,38,071,"North Dakota","Ramsey County",4,0,134,65,69
050,38,071,"North Dakota","Ramsey County",4,1,126,53,73
050,38,071,"North Dakota","Ramsey County",4,2,153,77,76
050,38,071,"North Dakota","Ramsey County",4,3,165,88,77
050,38,071,"North Dakota","Ramsey County",4,4,165,84,81
050,38,071,"North Dakota","Ramsey County",4,5,157,79,78
050,38,071,"North Dakota","Ramsey County",4,6,154,78,76
050,38,071,"North Dakota","Ramsey County",4,7,158,73,85
050,38,071,"North Dakota","Ramsey County",4,8,159,85,74
050,38,071,"North Dakota","Ramsey County",4,9,138,70,68
050,38,071,"North Dakota","Ramsey County",4,10,157,84,73
050,38,071,"North Dakota","Ramsey County",4,11,165,85,80
050,38,071,"North Dakota","Ramsey County",4,12,153,72,81
050,38,071,"North Dakota","Ramsey County",4,13,152,85,67
050,38,071,"North Dakota","Ramsey County",4,14,169,92,77
050,38,071,"North Dakota","Ramsey County",4,15,148,88,60
050,38,071,"North Dakota","Ramsey County",4,16,150,81,69
050,38,071,"North Dakota","Ramsey County",4,17,145,71,74
050,38,071,"North Dakota","Ramsey County",4,18,143,79,64
050,38,071,"North Dakota","Ramsey County",4,19,149,77,72
050,38,071,"North Dakota","Ramsey County",4,20,139,70,69
050,38,071,"North Dakota","Ramsey County",4,21,114,57,57
050,38,071,"North Dakota","Ramsey County",4,22,125,68,57
050,38,071,"North Dakota","Ramsey County",4,23,129,70,59
050,38,071,"North Dakota","Ramsey County",4,24,128,73,55
050,38,071,"North Dakota","Ramsey County",4,25,115,60,55
050,38,071,"North Dakota","Ramsey County",4,26,134,79,55
050,38,071,"North Dakota","Ramsey County",4,27,138,82,56
050,38,071,"North Dakota","Ramsey County",4,28,127,64,63
050,38,071,"North Dakota","Ramsey County",4,29,148,85,63
050,38,071,"North Dakota","Ramsey County",4,30,137,74,63
050,38,071,"North Dakota","Ramsey County",4,31,127,70,57
050,38,071,"North Dakota","Ramsey County",4,32,139,81,58
050,38,071,"North Dakota","Ramsey County",4,33,127,67,60
050,38,071,"North Dakota","Ramsey County",4,34,138,76,62
050,38,071,"North Dakota","Ramsey County",4,35,131,63,68
050,38,071,"North Dakota","Ramsey County",4,36,145,75,70
050,38,071,"North Dakota","Ramsey County",4,37,136,72,64
050,38,071,"North Dakota","Ramsey County",4,38,119,60,59
050,38,071,"North Dakota","Ramsey County",4,39,139,71,68
050,38,071,"North Dakota","Ramsey County",4,40,134,73,61
050,38,071,"North Dakota","Ramsey County",4,41,124,66,58
050,38,071,"North Dakota","Ramsey County",4,42,131,67,64
050,38,071,"North Dakota","Ramsey County",4,43,115,66,49
050,38,071,"North Dakota","Ramsey County",4,44,119,59,60
050,38,071,"North Dakota","Ramsey County",4,45,111,58,53
050,38,071,"North Dakota","Ramsey County",4,46,111,62,49
050,38,071,"North Dakota","Ramsey County",4,47,107,57,50
050,38,071,"North Dakota","Ramsey County",4,48,100,44,56
050,38,071,"North Dakota","Ramsey County",4,49,106,53,53
050,38,071,"North Dakota","Ramsey County",4,50,111,63,48
050,38,071,"North Dakota","Ramsey County",4,51,121,62,59
050,38,071,"North Dakota","Ramsey County",4,52,117,61,56
050,38,071,"North Dakota","Ramsey County",4,53,114,51,63
050,38,071,"North Dakota","Ramsey County",4,54,114,50,64
050,38,071,"North Dakota","Ramsey County",4,55,136,64,72
050,38,071,"North Dakota","Ramsey County",4,56,135,67,68
050,38,071,"North Dakota","Ramsey County",4,57,151,76,75
050,38,071,"North Dakota","Ramsey County",4,58,169,88,81
050,38,071,"North Dakota","Ramsey County",4,59,175,90,85
050,38,071,"North Dakota","Ramsey County",4,60,169,91,78
050,38,071,"North Dakota","Ramsey County",4,61,167,84,83
050,38,071,"North Dakota","Ramsey County",4,62,178,85,93
050,38,071,"North Dakota","Ramsey County",4,63,182,95,87
050,38,071,"North Dakota","Ramsey County",4,64,177,90,87
050,38,071,"North Dakota","Ramsey County",4,65,174,86,88
050,38,071,"North Dakota","Ramsey County",4,66,154,76,78
050,38,071,"North Dakota","Ramsey County",4,67,160,88,72
050,38,071,"North Dakota","Ramsey County",4,68,151,83,68
050,38,071,"North Dakota","Ramsey County",4,69,142,73,69
050,38,071,"North Dakota","Ramsey County",4,70,128,59,69
050,38,071,"North Dakota","Ramsey County",4,71,116,59,57
050,38,071,"North Dakota","Ramsey County",4,72,120,59,61
050,38,071,"North Dakota","Ramsey County",4,73,127,69,58
050,38,071,"North Dakota","Ramsey County",4,74,116,63,53
050,38,071,"North Dakota","Ramsey County",4,75,111,54,57
050,38,071,"North Dakota","Ramsey County",4,76,81,40,41
050,38,071,"North Dakota","Ramsey County",4,77,79,40,39
050,38,071,"North Dakota","Ramsey County",4,78,82,42,40
050,38,071,"North Dakota","Ramsey County",4,79,78,34,44
050,38,071,"North Dakota","Ramsey County",4,80,63,32,31
050,38,071,"North Dakota","Ramsey County",4,81,78,32,46
050,38,071,"North Dakota","Ramsey County",4,82,64,26,38
050,38,071,"North Dakota","Ramsey County",4,83,51,22,29
050,38,071,"North Dakota","Ramsey County",4,84,50,19,31
050,38,071,"North Dakota","Ramsey County",4,85,342,116,226
050,38,071,"North Dakota","Ramsey County",5,0,134,64,70
050,38,071,"North Dakota","Ramsey County",5,1,125,60,65
050,38,071,"North Dakota","Ramsey County",5,2,123,52,71
050,38,071,"North Dakota","Ramsey County",5,3,160,75,85
050,38,071,"North Dakota","Ramsey County",5,4,157,82,75
050,38,071,"North Dakota","Ramsey County",5,5,156,81,75
050,38,071,"North Dakota","Ramsey County",5,6,154,82,72
050,38,071,"North Dakota","Ramsey County",5,7,159,80,79
050,38,071,"North Dakota","Ramsey County",5,8,158,79,79
050,38,071,"North Dakota","Ramsey County",5,9,168,90,78
050,38,071,"North Dakota","Ramsey County",5,10,137,70,67
050,38,071,"North Dakota","Ramsey County",5,11,159,87,72
050,38,071,"North Dakota","Ramsey County",5,12,159,82,77
050,38,071,"North Dakota","Ramsey County",5,13,165,81,84
050,38,071,"North Dakota","Ramsey County",5,14,160,90,70
050,38,071,"North Dakota","Ramsey County",5,15,170,88,82
050,38,071,"North Dakota","Ramsey County",5,16,143,81,62
050,38,071,"North Dakota","Ramsey County",5,17,152,77,75
050,38,071,"North Dakota","Ramsey County",5,18,146,77,69
050,38,071,"North Dakota","Ramsey County",5,19,149,84,65
050,38,071,"North Dakota","Ramsey County",5,20,132,65,67
050,38,071,"North Dakota","Ramsey County",5,21,128,57,71
050,38,071,"North Dakota","Ramsey County",5,22,112,60,52
050,38,071,"North Dakota","Ramsey County",5,23,133,76,57
050,38,071,"North Dakota","Ramsey County",5,24,122,68,54
050,38,071,"North Dakota","Ramsey County",5,25,131,73,58
050,38,071,"North Dakota","Ramsey County",5,26,107,56,51
050,38,071,"North Dakota","Ramsey County",5,27,140,83,57
050,38,071,"North Dakota","Ramsey County",5,28,128,79,49
050,38,071,"North Dakota","Ramsey County",5,29,138,75,63
050,38,071,"North Dakota","Ramsey County",5,30,131,73,58
050,38,071,"North Dakota","Ramsey County",5,31,135,71,64
050,38,071,"North Dakota","Ramsey County",5,32,132,71,61
050,38,071,"North Dakota","Ramsey County",5,33,145,80,65
050,38,071,"North Dakota","Ramsey County",5,34,126,67,59
050,38,071,"North Dakota","Ramsey County",5,35,138,76,62
050,38,071,"North Dakota","Ramsey County",5,36,129,61,68
050,38,071,"North Dakota","Ramsey County",5,37,147,78,69
050,38,071,"North Dakota","Ramsey County",5,38,140,70,70
050,38,071,"North Dakota","Ramsey County",5,39,118,62,56
050,38,071,"North Dakota","Ramsey County",5,40,129,64,65
050,38,071,"North Dakota","Ramsey County",5,41,127,68,59
050,38,071,"North Dakota","Ramsey County",5,42,130,69,61
050,38,071,"North Dakota","Ramsey County",5,43,133,71,62
050,38,071,"North Dakota","Ramsey County",5,44,110,62,48
050,38,071,"North Dakota","Ramsey County",5,45,121,62,59
050,38,071,"North Dakota","Ramsey County",5,46,118,62,56
050,38,071,"North Dakota","Ramsey County",5,47,116,67,49
050,38,071,"North Dakota","Ramsey County",5,48,102,54,48
050,38,071,"North Dakota","Ramsey County",5,49,100,43,57
050,38,071,"North Dakota","Ramsey County",5,50,101,52,49
050,38,071,"North Dakota","Ramsey County",5,51,117,67,50
050,38,071,"North Dakota","Ramsey County",5,52,115,54,61
050,38,071,"North Dakota","Ramsey County",5,53,119,61,58
050,38,071,"North Dakota","Ramsey County",5,54,116,54,62
050,38,071,"North Dakota","Ramsey County",5,55,116,55,61
050,38,071,"North Dakota","Ramsey County",5,56,125,61,64
050,38,071,"North Dakota","Ramsey County",5,57,134,72,62
050,38,071,"North Dakota","Ramsey County",5,58,146,73,73
050,38,071,"North Dakota","Ramsey County",5,59,166,84,82
050,38,071,"North Dakota","Ramsey County",5,60,174,88,86
050,38,071,"North Dakota","Ramsey County",5,61,166,89,77
050,38,071,"North Dakota","Ramsey County",5,62,166,81,85
050,38,071,"North Dakota","Ramsey County",5,63,180,86,94
050,38,071,"North Dakota","Ramsey County",5,64,180,97,83
050,38,071,"North Dakota","Ramsey County",5,65,172,85,87
050,38,071,"North Dakota","Ramsey County",5,66,169,84,85
050,38,071,"North Dakota","Ramsey County",5,67,152,78,74
050,38,071,"North Dakota","Ramsey County",5,68,152,83,69
050,38,071,"North Dakota","Ramsey County",5,69,148,83,65
050,38,071,"North Dakota","Ramsey County",5,70,136,67,69
050,38,071,"North Dakota","Ramsey County",5,71,121,56,65
050,38,071,"North Dakota","Ramsey County",5,72,113,58,55
050,38,071,"North Dakota","Ramsey County",5,73,119,59,60
050,38,071,"North Dakota","Ramsey County",5,74,120,64,56
050,38,071,"North Dakota","Ramsey County",5,75,117,61,56
050,38,071,"North Dakota","Ramsey County",5,76,98,46,52
050,38,071,"North Dakota","Ramsey County",5,77,80,40,40
050,38,071,"North Dakota","Ramsey County",5,78,72,37,35
050,38,071,"North Dakota","Ramsey County",5,79,77,36,41
050,38,071,"North Dakota","Ramsey County",5,80,65,31,34
050,38,071,"North Dakota","Ramsey County",5,81,62,30,32
050,38,071,"North Dakota","Ramsey County",5,82,75,30,45
050,38,071,"North Dakota","Ramsey County",5,83,59,24,35
050,38,071,"North Dakota","Ramsey County",5,84,49,17,32
050,38,071,"North Dakota","Ramsey County",5,85,354,118,236
050,38,073,"North Dakota","Ransom County",1,0,55,30,25
050,38,073,"North Dakota","Ransom County",1,1,51,28,23
050,38,073,"North Dakota","Ransom County",1,2,50,20,30
050,38,073,"North Dakota","Ransom County",1,3,73,40,33
050,38,073,"North Dakota","Ransom County",1,4,64,42,22
050,38,073,"North Dakota","Ransom County",1,5,73,39,34
050,38,073,"North Dakota","Ransom County",1,6,78,45,33
050,38,073,"North Dakota","Ransom County",1,7,76,40,36
050,38,073,"North Dakota","Ransom County",1,8,77,44,33
050,38,073,"North Dakota","Ransom County",1,9,66,33,33
050,38,073,"North Dakota","Ransom County",1,10,55,26,29
050,38,073,"North Dakota","Ransom County",1,11,70,32,38
050,38,073,"North Dakota","Ransom County",1,12,82,41,41
050,38,073,"North Dakota","Ransom County",1,13,82,44,38
050,38,073,"North Dakota","Ransom County",1,14,81,42,39
050,38,073,"North Dakota","Ransom County",1,15,72,43,29
050,38,073,"North Dakota","Ransom County",1,16,78,40,38
050,38,073,"North Dakota","Ransom County",1,17,78,44,34
050,38,073,"North Dakota","Ransom County",1,18,63,37,26
050,38,073,"North Dakota","Ransom County",1,19,54,30,24
050,38,073,"North Dakota","Ransom County",1,20,60,32,28
050,38,073,"North Dakota","Ransom County",1,21,57,30,27
050,38,073,"North Dakota","Ransom County",1,22,61,35,26
050,38,073,"North Dakota","Ransom County",1,23,75,36,39
050,38,073,"North Dakota","Ransom County",1,24,68,44,24
050,38,073,"North Dakota","Ransom County",1,25,61,32,29
050,38,073,"North Dakota","Ransom County",1,26,65,34,31
050,38,073,"North Dakota","Ransom County",1,27,64,41,23
050,38,073,"North Dakota","Ransom County",1,28,60,38,22
050,38,073,"North Dakota","Ransom County",1,29,60,33,27
050,38,073,"North Dakota","Ransom County",1,30,55,26,29
050,38,073,"North Dakota","Ransom County",1,31,59,29,30
050,38,073,"North Dakota","Ransom County",1,32,55,34,21
050,38,073,"North Dakota","Ransom County",1,33,50,30,20
050,38,073,"North Dakota","Ransom County",1,34,61,36,25
050,38,073,"North Dakota","Ransom County",1,35,57,32,25
050,38,073,"North Dakota","Ransom County",1,36,50,27,23
050,38,073,"North Dakota","Ransom County",1,37,58,28,30
050,38,073,"North Dakota","Ransom County",1,38,71,37,34
050,38,073,"North Dakota","Ransom County",1,39,71,40,31
050,38,073,"North Dakota","Ransom County",1,40,64,31,33
050,38,073,"North Dakota","Ransom County",1,41,80,39,41
050,38,073,"North Dakota","Ransom County",1,42,69,32,37
050,38,073,"North Dakota","Ransom County",1,43,69,34,35
050,38,073,"North Dakota","Ransom County",1,44,64,36,28
050,38,073,"North Dakota","Ransom County",1,45,62,33,29
050,38,073,"North Dakota","Ransom County",1,46,67,36,31
050,38,073,"North Dakota","Ransom County",1,47,62,34,28
050,38,073,"North Dakota","Ransom County",1,48,67,39,28
050,38,073,"North Dakota","Ransom County",1,49,58,31,27
050,38,073,"North Dakota","Ransom County",1,50,79,38,41
050,38,073,"North Dakota","Ransom County",1,51,82,47,35
050,38,073,"North Dakota","Ransom County",1,52,75,42,33
050,38,073,"North Dakota","Ransom County",1,53,64,37,27
050,38,073,"North Dakota","Ransom County",1,54,74,41,33
050,38,073,"North Dakota","Ransom County",1,55,89,42,47
050,38,073,"North Dakota","Ransom County",1,56,96,47,49
050,38,073,"North Dakota","Ransom County",1,57,85,48,37
050,38,073,"North Dakota","Ransom County",1,58,85,45,40
050,38,073,"North Dakota","Ransom County",1,59,93,51,42
050,38,073,"North Dakota","Ransom County",1,60,77,39,38
050,38,073,"North Dakota","Ransom County",1,61,77,37,40
050,38,073,"North Dakota","Ransom County",1,62,81,39,42
050,38,073,"North Dakota","Ransom County",1,63,81,35,46
050,38,073,"North Dakota","Ransom County",1,64,80,33,47
050,38,073,"North Dakota","Ransom County",1,65,92,48,44
050,38,073,"North Dakota","Ransom County",1,66,87,60,27
050,38,073,"North Dakota","Ransom County",1,67,70,45,25
050,38,073,"North Dakota","Ransom County",1,68,66,39,27
050,38,073,"North Dakota","Ransom County",1,69,62,36,26
050,38,073,"North Dakota","Ransom County",1,70,57,28,29
050,38,073,"North Dakota","Ransom County",1,71,57,29,28
050,38,073,"North Dakota","Ransom County",1,72,61,37,24
050,38,073,"North Dakota","Ransom County",1,73,45,29,16
050,38,073,"North Dakota","Ransom County",1,74,40,22,18
050,38,073,"North Dakota","Ransom County",1,75,41,22,19
050,38,073,"North Dakota","Ransom County",1,76,42,21,21
050,38,073,"North Dakota","Ransom County",1,77,40,20,20
050,38,073,"North Dakota","Ransom County",1,78,31,14,17
050,38,073,"North Dakota","Ransom County",1,79,28,9,19
050,38,073,"North Dakota","Ransom County",1,80,23,11,12
050,38,073,"North Dakota","Ransom County",1,81,28,12,16
050,38,073,"North Dakota","Ransom County",1,82,20,9,11
050,38,073,"North Dakota","Ransom County",1,83,26,7,19
050,38,073,"North Dakota","Ransom County",1,84,33,19,14
050,38,073,"North Dakota","Ransom County",1,85,275,105,170
050,38,073,"North Dakota","Ransom County",2,0,55,27,28
050,38,073,"North Dakota","Ransom County",2,1,51,27,24
050,38,073,"North Dakota","Ransom County",2,2,51,23,28
050,38,073,"North Dakota","Ransom County",2,3,69,36,33
050,38,073,"North Dakota","Ransom County",2,4,66,42,24
050,38,073,"North Dakota","Ransom County",2,5,70,39,31
050,38,073,"North Dakota","Ransom County",2,6,78,45,33
050,38,073,"North Dakota","Ransom County",2,7,76,41,35
050,38,073,"North Dakota","Ransom County",2,8,77,44,33
050,38,073,"North Dakota","Ransom County",2,9,68,35,33
050,38,073,"North Dakota","Ransom County",2,10,58,27,31
050,38,073,"North Dakota","Ransom County",2,11,66,31,35
050,38,073,"North Dakota","Ransom County",2,12,81,40,41
050,38,073,"North Dakota","Ransom County",2,13,83,44,39
050,38,073,"North Dakota","Ransom County",2,14,80,42,38
050,38,073,"North Dakota","Ransom County",2,15,74,42,32
050,38,073,"North Dakota","Ransom County",2,16,77,41,36
050,38,073,"North Dakota","Ransom County",2,17,80,45,35
050,38,073,"North Dakota","Ransom County",2,18,62,36,26
050,38,073,"North Dakota","Ransom County",2,19,54,31,23
050,38,073,"North Dakota","Ransom County",2,20,60,32,28
050,38,073,"North Dakota","Ransom County",2,21,55,29,26
050,38,073,"North Dakota","Ransom County",2,22,61,35,26
050,38,073,"North Dakota","Ransom County",2,23,74,37,37
050,38,073,"North Dakota","Ransom County",2,24,70,42,28
050,38,073,"North Dakota","Ransom County",2,25,62,35,27
050,38,073,"North Dakota","Ransom County",2,26,64,33,31
050,38,073,"North Dakota","Ransom County",2,27,62,38,24
050,38,073,"North Dakota","Ransom County",2,28,62,39,23
050,38,073,"North Dakota","Ransom County",2,29,60,34,26
050,38,073,"North Dakota","Ransom County",2,30,57,28,29
050,38,073,"North Dakota","Ransom County",2,31,58,29,29
050,38,073,"North Dakota","Ransom County",2,32,54,32,22
050,38,073,"North Dakota","Ransom County",2,33,51,30,21
050,38,073,"North Dakota","Ransom County",2,34,59,35,24
050,38,073,"North Dakota","Ransom County",2,35,59,34,25
050,38,073,"North Dakota","Ransom County",2,36,50,27,23
050,38,073,"North Dakota","Ransom County",2,37,56,28,28
050,38,073,"North Dakota","Ransom County",2,38,68,35,33
050,38,073,"North Dakota","Ransom County",2,39,70,39,31
050,38,073,"North Dakota","Ransom County",2,40,67,34,33
050,38,073,"North Dakota","Ransom County",2,41,77,38,39
050,38,073,"North Dakota","Ransom County",2,42,72,34,38
050,38,073,"North Dakota","Ransom County",2,43,69,33,36
050,38,073,"North Dakota","Ransom County",2,44,64,35,29
050,38,073,"North Dakota","Ransom County",2,45,65,35,30
050,38,073,"North Dakota","Ransom County",2,46,65,35,30
050,38,073,"North Dakota","Ransom County",2,47,63,34,29
050,38,073,"North Dakota","Ransom County",2,48,64,38,26
050,38,073,"North Dakota","Ransom County",2,49,60,33,27
050,38,073,"North Dakota","Ransom County",2,50,75,38,37
050,38,073,"North Dakota","Ransom County",2,51,81,44,37
050,38,073,"North Dakota","Ransom County",2,52,76,43,33
050,38,073,"North Dakota","Ransom County",2,53,66,38,28
050,38,073,"North Dakota","Ransom County",2,54,71,40,31
050,38,073,"North Dakota","Ransom County",2,55,86,42,44
050,38,073,"North Dakota","Ransom County",2,56,95,46,49
050,38,073,"North Dakota","Ransom County",2,57,86,46,40
050,38,073,"North Dakota","Ransom County",2,58,85,45,40
050,38,073,"North Dakota","Ransom County",2,59,91,50,41
050,38,073,"North Dakota","Ransom County",2,60,81,42,39
050,38,073,"North Dakota","Ransom County",2,61,76,37,39
050,38,073,"North Dakota","Ransom County",2,62,79,38,41
050,38,073,"North Dakota","Ransom County",2,63,81,36,45
050,38,073,"North Dakota","Ransom County",2,64,80,33,47
050,38,073,"North Dakota","Ransom County",2,65,90,45,45
050,38,073,"North Dakota","Ransom County",2,66,85,55,30
050,38,073,"North Dakota","Ransom County",2,67,73,48,25
050,38,073,"North Dakota","Ransom County",2,68,67,40,27
050,38,073,"North Dakota","Ransom County",2,69,63,37,26
050,38,073,"North Dakota","Ransom County",2,70,56,29,27
050,38,073,"North Dakota","Ransom County",2,71,57,29,28
050,38,073,"North Dakota","Ransom County",2,72,58,34,24
050,38,073,"North Dakota","Ransom County",2,73,51,32,19
050,38,073,"North Dakota","Ransom County",2,74,39,22,17
050,38,073,"North Dakota","Ransom County",2,75,41,22,19
050,38,073,"North Dakota","Ransom County",2,76,41,21,20
050,38,073,"North Dakota","Ransom County",2,77,41,21,20
050,38,073,"North Dakota","Ransom County",2,78,31,14,17
050,38,073,"North Dakota","Ransom County",2,79,29,10,19
050,38,073,"North Dakota","Ransom County",2,80,24,11,13
050,38,073,"North Dakota","Ransom County",2,81,28,13,15
050,38,073,"North Dakota","Ransom County",2,82,20,8,12
050,38,073,"North Dakota","Ransom County",2,83,26,7,19
050,38,073,"North Dakota","Ransom County",2,84,33,19,14
050,38,073,"North Dakota","Ransom County",2,85,276,106,170
050,38,073,"North Dakota","Ransom County",3,0,56,29,27
050,38,073,"North Dakota","Ransom County",3,1,60,25,35
050,38,073,"North Dakota","Ransom County",3,2,55,30,25
050,38,073,"North Dakota","Ransom County",3,3,54,28,26
050,38,073,"North Dakota","Ransom County",3,4,74,41,33
050,38,073,"North Dakota","Ransom County",3,5,69,44,25
050,38,073,"North Dakota","Ransom County",3,6,70,38,32
050,38,073,"North Dakota","Ransom County",3,7,78,43,35
050,38,073,"North Dakota","Ransom County",3,8,76,42,34
050,38,073,"North Dakota","Ransom County",3,9,75,40,35
050,38,073,"North Dakota","Ransom County",3,10,66,34,32
050,38,073,"North Dakota","Ransom County",3,11,60,29,31
050,38,073,"North Dakota","Ransom County",3,12,61,28,33
050,38,073,"North Dakota","Ransom County",3,13,79,38,41
050,38,073,"North Dakota","Ransom County",3,14,85,46,39
050,38,073,"North Dakota","Ransom County",3,15,81,43,38
050,38,073,"North Dakota","Ransom County",3,16,70,42,28
050,38,073,"North Dakota","Ransom County",3,17,77,43,34
050,38,073,"North Dakota","Ransom County",3,18,64,39,25
050,38,073,"North Dakota","Ransom County",3,19,52,32,20
050,38,073,"North Dakota","Ransom County",3,20,57,31,26
050,38,073,"North Dakota","Ransom County",3,21,63,33,30
050,38,073,"North Dakota","Ransom County",3,22,61,36,25
050,38,073,"North Dakota","Ransom County",3,23,62,34,28
050,38,073,"North Dakota","Ransom County",3,24,80,39,41
050,38,073,"North Dakota","Ransom County",3,25,66,40,26
050,38,073,"North Dakota","Ransom County",3,26,60,34,26
050,38,073,"North Dakota","Ransom County",3,27,57,31,26
050,38,073,"North Dakota","Ransom County",3,28,68,42,26
050,38,073,"North Dakota","Ransom County",3,29,65,41,24
050,38,073,"North Dakota","Ransom County",3,30,65,35,30
050,38,073,"North Dakota","Ransom County",3,31,57,28,29
050,38,073,"North Dakota","Ransom County",3,32,59,30,29
050,38,073,"North Dakota","Ransom County",3,33,56,33,23
050,38,073,"North Dakota","Ransom County",3,34,52,31,21
050,38,073,"North Dakota","Ransom County",3,35,67,39,28
050,38,073,"North Dakota","Ransom County",3,36,60,32,28
050,38,073,"North Dakota","Ransom County",3,37,49,26,23
050,38,073,"North Dakota","Ransom County",3,38,58,29,29
050,38,073,"North Dakota","Ransom County",3,39,69,36,33
050,38,073,"North Dakota","Ransom County",3,40,71,40,31
050,38,073,"North Dakota","Ransom County",3,41,66,34,32
050,38,073,"North Dakota","Ransom County",3,42,77,37,40
050,38,073,"North Dakota","Ransom County",3,43,72,32,40
050,38,073,"North Dakota","Ransom County",3,44,70,33,37
050,38,073,"North Dakota","Ransom County",3,45,67,37,30
050,38,073,"North Dakota","Ransom County",3,46,63,34,29
050,38,073,"North Dakota","Ransom County",3,47,66,38,28
050,38,073,"North Dakota","Ransom County",3,48,65,35,30
050,38,073,"North Dakota","Ransom County",3,49,64,37,27
050,38,073,"North Dakota","Ransom County",3,50,64,35,29
050,38,073,"North Dakota","Ransom County",3,51,75,39,36
050,38,073,"North Dakota","Ransom County",3,52,77,42,35
050,38,073,"North Dakota","Ransom County",3,53,76,43,33
050,38,073,"North Dakota","Ransom County",3,54,70,41,29
050,38,073,"North Dakota","Ransom County",3,55,71,39,32
050,38,073,"North Dakota","Ransom County",3,56,86,40,46
050,38,073,"North Dakota","Ransom County",3,57,97,48,49
050,38,073,"North Dakota","Ransom County",3,58,86,44,42
050,38,073,"North Dakota","Ransom County",3,59,82,45,37
050,38,073,"North Dakota","Ransom County",3,60,86,47,39
050,38,073,"North Dakota","Ransom County",3,61,81,41,40
050,38,073,"North Dakota","Ransom County",3,62,76,38,38
050,38,073,"North Dakota","Ransom County",3,63,75,35,40
050,38,073,"North Dakota","Ransom County",3,64,81,37,44
050,38,073,"North Dakota","Ransom County",3,65,78,31,47
050,38,073,"North Dakota","Ransom County",3,66,81,42,39
050,38,073,"North Dakota","Ransom County",3,67,77,48,29
050,38,073,"North Dakota","Ransom County",3,68,72,46,26
050,38,073,"North Dakota","Ransom County",3,69,67,39,28
050,38,073,"North Dakota","Ransom County",3,70,57,34,23
050,38,073,"North Dakota","Ransom County",3,71,57,30,27
050,38,073,"North Dakota","Ransom County",3,72,56,27,29
050,38,073,"North Dakota","Ransom County",3,73,62,37,25
050,38,073,"North Dakota","Ransom County",3,74,46,29,17
050,38,073,"North Dakota","Ransom County",3,75,35,18,17
050,38,073,"North Dakota","Ransom County",3,76,37,19,18
050,38,073,"North Dakota","Ransom County",3,77,42,21,21
050,38,073,"North Dakota","Ransom County",3,78,34,19,15
050,38,073,"North Dakota","Ransom County",3,79,33,14,19
050,38,073,"North Dakota","Ransom County",3,80,29,13,16
050,38,073,"North Dakota","Ransom County",3,81,25,12,13
050,38,073,"North Dakota","Ransom County",3,82,22,6,16
050,38,073,"North Dakota","Ransom County",3,83,28,8,20
050,38,073,"North Dakota","Ransom County",3,84,25,12,13
050,38,073,"North Dakota","Ransom County",3,85,262,101,161
050,38,073,"North Dakota","Ransom County",4,0,51,20,31
050,38,073,"North Dakota","Ransom County",4,1,48,26,22
050,38,073,"North Dakota","Ransom County",4,2,58,23,35
050,38,073,"North Dakota","Ransom County",4,3,57,34,23
050,38,073,"North Dakota","Ransom County",4,4,54,30,24
050,38,073,"North Dakota","Ransom County",4,5,67,36,31
050,38,073,"North Dakota","Ransom County",4,6,72,46,26
050,38,073,"North Dakota","Ransom County",4,7,74,41,33
050,38,073,"North Dakota","Ransom County",4,8,79,47,32
050,38,073,"North Dakota","Ransom County",4,9,78,43,35
050,38,073,"North Dakota","Ransom County",4,10,77,41,36
050,38,073,"North Dakota","Ransom County",4,11,72,38,34
050,38,073,"North Dakota","Ransom County",4,12,61,28,33
050,38,073,"North Dakota","Ransom County",4,13,63,28,35
050,38,073,"North Dakota","Ransom County",4,14,81,40,41
050,38,073,"North Dakota","Ransom County",4,15,86,47,39
050,38,073,"North Dakota","Ransom County",4,16,78,42,36
050,38,073,"North Dakota","Ransom County",4,17,71,42,29
050,38,073,"North Dakota","Ransom County",4,18,65,38,27
050,38,073,"North Dakota","Ransom County",4,19,56,34,22
050,38,073,"North Dakota","Ransom County",4,20,57,34,23
050,38,073,"North Dakota","Ransom County",4,21,58,31,27
050,38,073,"North Dakota","Ransom County",4,22,69,36,33
050,38,073,"North Dakota","Ransom County",4,23,62,32,30
050,38,073,"North Dakota","Ransom County",4,24,58,32,26
050,38,073,"North Dakota","Ransom County",4,25,79,40,39
050,38,073,"North Dakota","Ransom County",4,26,64,38,26
050,38,073,"North Dakota","Ransom County",4,27,64,35,29
050,38,073,"North Dakota","Ransom County",4,28,58,31,27
050,38,073,"North Dakota","Ransom County",4,29,64,38,26
050,38,073,"North Dakota","Ransom County",4,30,64,42,22
050,38,073,"North Dakota","Ransom County",4,31,67,36,31
050,38,073,"North Dakota","Ransom County",4,32,56,30,26
050,38,073,"North Dakota","Ransom County",4,33,62,30,32
050,38,073,"North Dakota","Ransom County",4,34,50,31,19
050,38,073,"North Dakota","Ransom County",4,35,50,26,24
050,38,073,"North Dakota","Ransom County",4,36,71,40,31
050,38,073,"North Dakota","Ransom County",4,37,60,32,28
050,38,073,"North Dakota","Ransom County",4,38,50,28,22
050,38,073,"North Dakota","Ransom County",4,39,58,31,27
050,38,073,"North Dakota","Ransom County",4,40,71,36,35
050,38,073,"North Dakota","Ransom County",4,41,69,38,31
050,38,073,"North Dakota","Ransom County",4,42,68,36,32
050,38,073,"North Dakota","Ransom County",4,43,75,36,39
050,38,073,"North Dakota","Ransom County",4,44,73,32,41
050,38,073,"North Dakota","Ransom County",4,45,68,33,35
050,38,073,"North Dakota","Ransom County",4,46,66,40,26
050,38,073,"North Dakota","Ransom County",4,47,61,33,28
050,38,073,"North Dakota","Ransom County",4,48,69,40,29
050,38,073,"North Dakota","Ransom County",4,49,65,34,31
050,38,073,"North Dakota","Ransom County",4,50,62,35,27
050,38,073,"North Dakota","Ransom County",4,51,62,33,29
050,38,073,"North Dakota","Ransom County",4,52,75,39,36
050,38,073,"North Dakota","Ransom County",4,53,76,42,34
050,38,073,"North Dakota","Ransom County",4,54,76,44,32
050,38,073,"North Dakota","Ransom County",4,55,70,38,32
050,38,073,"North Dakota","Ransom County",4,56,73,39,34
050,38,073,"North Dakota","Ransom County",4,57,81,40,41
050,38,073,"North Dakota","Ransom County",4,58,94,44,50
050,38,073,"North Dakota","Ransom County",4,59,86,44,42
050,38,073,"North Dakota","Ransom County",4,60,78,42,36
050,38,073,"North Dakota","Ransom County",4,61,85,45,40
050,38,073,"North Dakota","Ransom County",4,62,80,42,38
050,38,073,"North Dakota","Ransom County",4,63,75,37,38
050,38,073,"North Dakota","Ransom County",4,64,78,37,41
050,38,073,"North Dakota","Ransom County",4,65,80,37,43
050,38,073,"North Dakota","Ransom County",4,66,75,31,44
050,38,073,"North Dakota","Ransom County",4,67,75,38,37
050,38,073,"North Dakota","Ransom County",4,68,75,46,29
050,38,073,"North Dakota","Ransom County",4,69,67,42,25
050,38,073,"North Dakota","Ransom County",4,70,65,38,27
050,38,073,"North Dakota","Ransom County",4,71,57,34,23
050,38,073,"North Dakota","Ransom County",4,72,54,28,26
050,38,073,"North Dakota","Ransom County",4,73,57,28,29
050,38,073,"North Dakota","Ransom County",4,74,59,35,24
050,38,073,"North Dakota","Ransom County",4,75,45,28,17
050,38,073,"North Dakota","Ransom County",4,76,34,17,17
050,38,073,"North Dakota","Ransom County",4,77,38,20,18
050,38,073,"North Dakota","Ransom County",4,78,36,20,16
050,38,073,"North Dakota","Ransom County",4,79,39,20,19
050,38,073,"North Dakota","Ransom County",4,80,27,13,14
050,38,073,"North Dakota","Ransom County",4,81,31,16,15
050,38,073,"North Dakota","Ransom County",4,82,18,6,12
050,38,073,"North Dakota","Ransom County",4,83,27,3,24
050,38,073,"North Dakota","Ransom County",4,84,28,12,16
050,38,073,"North Dakota","Ransom County",4,85,255,101,154
050,38,073,"North Dakota","Ransom County",5,0,51,20,31
050,38,073,"North Dakota","Ransom County",5,1,52,20,32
050,38,073,"North Dakota","Ransom County",5,2,57,30,27
050,38,073,"North Dakota","Ransom County",5,3,59,22,37
050,38,073,"North Dakota","Ransom County",5,4,60,35,25
050,38,073,"North Dakota","Ransom County",5,5,53,31,22
050,38,073,"North Dakota","Ransom County",5,6,69,38,31
050,38,073,"North Dakota","Ransom County",5,7,71,44,27
050,38,073,"North Dakota","Ransom County",5,8,72,38,34
050,38,073,"North Dakota","Ransom County",5,9,78,44,34
050,38,073,"North Dakota","Ransom County",5,10,78,42,36
050,38,073,"North Dakota","Ransom County",5,11,77,42,35
050,38,073,"North Dakota","Ransom County",5,12,68,35,33
050,38,073,"North Dakota","Ransom County",5,13,66,29,37
050,38,073,"North Dakota","Ransom County",5,14,62,29,33
050,38,073,"North Dakota","Ransom County",5,15,82,41,41
050,38,073,"North Dakota","Ransom County",5,16,81,41,40
050,38,073,"North Dakota","Ransom County",5,17,77,44,33
050,38,073,"North Dakota","Ransom County",5,18,60,37,23
050,38,073,"North Dakota","Ransom County",5,19,56,36,20
050,38,073,"North Dakota","Ransom County",5,20,55,31,24
050,38,073,"North Dakota","Ransom County",5,21,53,33,20
050,38,073,"North Dakota","Ransom County",5,22,65,35,30
050,38,073,"North Dakota","Ransom County",5,23,61,27,34
050,38,073,"North Dakota","Ransom County",5,24,51,26,25
050,38,073,"North Dakota","Ransom County",5,25,58,30,28
050,38,073,"North Dakota","Ransom County",5,26,83,38,45
050,38,073,"North Dakota","Ransom County",5,27,66,39,27
050,38,073,"North Dakota","Ransom County",5,28,66,36,30
050,38,073,"North Dakota","Ransom County",5,29,56,30,26
050,38,073,"North Dakota","Ransom County",5,30,68,40,28
050,38,073,"North Dakota","Ransom County",5,31,67,44,23
050,38,073,"North Dakota","Ransom County",5,32,68,35,33
050,38,073,"North Dakota","Ransom County",5,33,57,31,26
050,38,073,"North Dakota","Ransom County",5,34,61,31,30
050,38,073,"North Dakota","Ransom County",5,35,51,29,22
050,38,073,"North Dakota","Ransom County",5,36,56,28,28
050,38,073,"North Dakota","Ransom County",5,37,74,41,33
050,38,073,"North Dakota","Ransom County",5,38,59,33,26
050,38,073,"North Dakota","Ransom County",5,39,46,25,21
050,38,073,"North Dakota","Ransom County",5,40,55,31,24
050,38,073,"North Dakota","Ransom County",5,41,73,36,37
050,38,073,"North Dakota","Ransom County",5,42,65,38,27
050,38,073,"North Dakota","Ransom County",5,43,69,36,33
050,38,073,"North Dakota","Ransom County",5,44,72,36,36
050,38,073,"North Dakota","Ransom County",5,45,74,34,40
050,38,073,"North Dakota","Ransom County",5,46,66,32,34
050,38,073,"North Dakota","Ransom County",5,47,65,41,24
050,38,073,"North Dakota","Ransom County",5,48,61,33,28
050,38,073,"North Dakota","Ransom County",5,49,65,36,29
050,38,073,"North Dakota","Ransom County",5,50,66,35,31
050,38,073,"North Dakota","Ransom County",5,51,60,34,26
050,38,073,"North Dakota","Ransom County",5,52,63,34,29
050,38,073,"North Dakota","Ransom County",5,53,74,37,37
050,38,073,"North Dakota","Ransom County",5,54,77,45,32
050,38,073,"North Dakota","Ransom County",5,55,75,43,32
050,38,073,"North Dakota","Ransom County",5,56,69,38,31
050,38,073,"North Dakota","Ransom County",5,57,70,40,30
050,38,073,"North Dakota","Ransom County",5,58,81,39,42
050,38,073,"North Dakota","Ransom County",5,59,96,47,49
050,38,073,"North Dakota","Ransom County",5,60,79,39,40
050,38,073,"North Dakota","Ransom County",5,61,74,38,36
050,38,073,"North Dakota","Ransom County",5,62,85,46,39
050,38,073,"North Dakota","Ransom County",5,63,77,38,39
050,38,073,"North Dakota","Ransom County",5,64,77,39,38
050,38,073,"North Dakota","Ransom County",5,65,73,34,39
050,38,073,"North Dakota","Ransom County",5,66,81,41,40
050,38,073,"North Dakota","Ransom County",5,67,69,28,41
050,38,073,"North Dakota","Ransom County",5,68,72,37,35
050,38,073,"North Dakota","Ransom County",5,69,76,46,30
050,38,073,"North Dakota","Ransom County",5,70,66,41,25
050,38,073,"North Dakota","Ransom County",5,71,67,39,28
050,38,073,"North Dakota","Ransom County",5,72,56,33,23
050,38,073,"North Dakota","Ransom County",5,73,58,30,28
050,38,073,"North Dakota","Ransom County",5,74,54,26,28
050,38,073,"North Dakota","Ransom County",5,75,58,35,23
050,38,073,"North Dakota","Ransom County",5,76,41,25,16
050,38,073,"North Dakota","Ransom County",5,77,37,19,18
050,38,073,"North Dakota","Ransom County",5,78,29,18,11
050,38,073,"North Dakota","Ransom County",5,79,40,20,20
050,38,073,"North Dakota","Ransom County",5,80,33,18,15
050,38,073,"North Dakota","Ransom County",5,81,29,14,15
050,38,073,"North Dakota","Ransom County",5,82,25,10,15
050,38,073,"North Dakota","Ransom County",5,83,25,4,21
050,38,073,"North Dakota","Ransom County",5,84,24,7,17
050,38,073,"North Dakota","Ransom County",5,85,252,95,157
050,38,075,"North Dakota","Renville County",1,0,19,10,9
050,38,075,"North Dakota","Renville County",1,1,18,10,8
050,38,075,"North Dakota","Renville County",1,2,26,12,14
050,38,075,"North Dakota","Renville County",1,3,26,16,10
050,38,075,"North Dakota","Renville County",1,4,38,26,12
050,38,075,"North Dakota","Renville County",1,5,28,17,11
050,38,075,"North Dakota","Renville County",1,6,28,11,17
050,38,075,"North Dakota","Renville County",1,7,27,13,14
050,38,075,"North Dakota","Renville County",1,8,27,12,15
050,38,075,"North Dakota","Renville County",1,9,33,15,18
050,38,075,"North Dakota","Renville County",1,10,33,15,18
050,38,075,"North Dakota","Renville County",1,11,28,18,10
050,38,075,"North Dakota","Renville County",1,12,30,15,15
050,38,075,"North Dakota","Renville County",1,13,34,20,14
050,38,075,"North Dakota","Renville County",1,14,25,14,11
050,38,075,"North Dakota","Renville County",1,15,29,16,13
050,38,075,"North Dakota","Renville County",1,16,29,12,17
050,38,075,"North Dakota","Renville County",1,17,38,18,20
050,38,075,"North Dakota","Renville County",1,18,25,11,14
050,38,075,"North Dakota","Renville County",1,19,16,9,7
050,38,075,"North Dakota","Renville County",1,20,13,6,7
050,38,075,"North Dakota","Renville County",1,21,25,12,13
050,38,075,"North Dakota","Renville County",1,22,25,11,14
050,38,075,"North Dakota","Renville County",1,23,25,11,14
050,38,075,"North Dakota","Renville County",1,24,23,13,10
050,38,075,"North Dakota","Renville County",1,25,20,11,9
050,38,075,"North Dakota","Renville County",1,26,19,12,7
050,38,075,"North Dakota","Renville County",1,27,25,12,13
050,38,075,"North Dakota","Renville County",1,28,25,14,11
050,38,075,"North Dakota","Renville County",1,29,23,15,8
050,38,075,"North Dakota","Renville County",1,30,30,19,11
050,38,075,"North Dakota","Renville County",1,31,28,15,13
050,38,075,"North Dakota","Renville County",1,32,21,12,9
050,38,075,"North Dakota","Renville County",1,33,21,13,8
050,38,075,"North Dakota","Renville County",1,34,29,17,12
050,38,075,"North Dakota","Renville County",1,35,29,17,12
050,38,075,"North Dakota","Renville County",1,36,34,24,10
050,38,075,"North Dakota","Renville County",1,37,31,17,14
050,38,075,"North Dakota","Renville County",1,38,28,15,13
050,38,075,"North Dakota","Renville County",1,39,20,10,10
050,38,075,"North Dakota","Renville County",1,40,17,10,7
050,38,075,"North Dakota","Renville County",1,41,21,13,8
050,38,075,"North Dakota","Renville County",1,42,15,7,8
050,38,075,"North Dakota","Renville County",1,43,22,6,16
050,38,075,"North Dakota","Renville County",1,44,23,8,15
050,38,075,"North Dakota","Renville County",1,45,25,14,11
050,38,075,"North Dakota","Renville County",1,46,24,13,11
050,38,075,"North Dakota","Renville County",1,47,29,16,13
050,38,075,"North Dakota","Renville County",1,48,20,11,9
050,38,075,"North Dakota","Renville County",1,49,29,15,14
050,38,075,"North Dakota","Renville County",1,50,30,17,13
050,38,075,"North Dakota","Renville County",1,51,24,12,12
050,38,075,"North Dakota","Renville County",1,52,27,11,16
050,38,075,"North Dakota","Renville County",1,53,25,11,14
050,38,075,"North Dakota","Renville County",1,54,29,15,14
050,38,075,"North Dakota","Renville County",1,55,39,21,18
050,38,075,"North Dakota","Renville County",1,56,33,19,14
050,38,075,"North Dakota","Renville County",1,57,36,22,14
050,38,075,"North Dakota","Renville County",1,58,43,26,17
050,38,075,"North Dakota","Renville County",1,59,52,28,24
050,38,075,"North Dakota","Renville County",1,60,41,24,17
050,38,075,"North Dakota","Renville County",1,61,41,26,15
050,38,075,"North Dakota","Renville County",1,62,36,19,17
050,38,075,"North Dakota","Renville County",1,63,34,13,21
050,38,075,"North Dakota","Renville County",1,64,40,18,22
050,38,075,"North Dakota","Renville County",1,65,39,20,19
050,38,075,"North Dakota","Renville County",1,66,35,18,17
050,38,075,"North Dakota","Renville County",1,67,29,16,13
050,38,075,"North Dakota","Renville County",1,68,28,17,11
050,38,075,"North Dakota","Renville County",1,69,27,13,14
050,38,075,"North Dakota","Renville County",1,70,24,11,13
050,38,075,"North Dakota","Renville County",1,71,25,14,11
050,38,075,"North Dakota","Renville County",1,72,28,16,12
050,38,075,"North Dakota","Renville County",1,73,28,16,12
050,38,075,"North Dakota","Renville County",1,74,19,9,10
050,38,075,"North Dakota","Renville County",1,75,16,9,7
050,38,075,"North Dakota","Renville County",1,76,14,8,6
050,38,075,"North Dakota","Renville County",1,77,18,10,8
050,38,075,"North Dakota","Renville County",1,78,12,7,5
050,38,075,"North Dakota","Renville County",1,79,17,10,7
050,38,075,"North Dakota","Renville County",1,80,13,6,7
050,38,075,"North Dakota","Renville County",1,81,8,2,6
050,38,075,"North Dakota","Renville County",1,82,11,4,7
050,38,075,"North Dakota","Renville County",1,83,9,5,4
050,38,075,"North Dakota","Renville County",1,84,12,6,6
050,38,075,"North Dakota","Renville County",1,85,65,24,41
050,38,075,"North Dakota","Renville County",2,0,19,9,10
050,38,075,"North Dakota","Renville County",2,1,17,9,8
050,38,075,"North Dakota","Renville County",2,2,24,12,12
050,38,075,"North Dakota","Renville County",2,3,27,16,11
050,38,075,"North Dakota","Renville County",2,4,34,23,11
050,38,075,"North Dakota","Renville County",2,5,30,19,11
050,38,075,"North Dakota","Renville County",2,6,28,12,16
050,38,075,"North Dakota","Renville County",2,7,27,12,15
050,38,075,"North Dakota","Renville County",2,8,28,13,15
050,38,075,"North Dakota","Renville County",2,9,33,15,18
050,38,075,"North Dakota","Renville County",2,10,32,15,17
050,38,075,"North Dakota","Renville County",2,11,30,17,13
050,38,075,"North Dakota","Renville County",2,12,30,16,14
050,38,075,"North Dakota","Renville County",2,13,32,18,14
050,38,075,"North Dakota","Renville County",2,14,28,16,12
050,38,075,"North Dakota","Renville County",2,15,28,15,13
050,38,075,"North Dakota","Renville County",2,16,28,12,16
050,38,075,"North Dakota","Renville County",2,17,36,16,20
050,38,075,"North Dakota","Renville County",2,18,26,12,14
050,38,075,"North Dakota","Renville County",2,19,17,9,8
050,38,075,"North Dakota","Renville County",2,20,15,7,8
050,38,075,"North Dakota","Renville County",2,21,23,11,12
050,38,075,"North Dakota","Renville County",2,22,26,12,14
050,38,075,"North Dakota","Renville County",2,23,25,11,14
050,38,075,"North Dakota","Renville County",2,24,22,12,10
050,38,075,"North Dakota","Renville County",2,25,19,10,9
050,38,075,"North Dakota","Renville County",2,26,19,11,8
050,38,075,"North Dakota","Renville County",2,27,24,12,12
050,38,075,"North Dakota","Renville County",2,28,25,14,11
050,38,075,"North Dakota","Renville County",2,29,23,15,8
050,38,075,"North Dakota","Renville County",2,30,28,18,10
050,38,075,"North Dakota","Renville County",2,31,29,16,13
050,38,075,"North Dakota","Renville County",2,32,25,14,11
050,38,075,"North Dakota","Renville County",2,33,21,13,8
050,38,075,"North Dakota","Renville County",2,34,27,16,11
050,38,075,"North Dakota","Renville County",2,35,29,17,12
050,38,075,"North Dakota","Renville County",2,36,32,21,11
050,38,075,"North Dakota","Renville County",2,37,32,19,13
050,38,075,"North Dakota","Renville County",2,38,28,15,13
050,38,075,"North Dakota","Renville County",2,39,22,11,11
050,38,075,"North Dakota","Renville County",2,40,17,9,8
050,38,075,"North Dakota","Renville County",2,41,20,12,8
050,38,075,"North Dakota","Renville County",2,42,15,8,7
050,38,075,"North Dakota","Renville County",2,43,21,7,14
050,38,075,"North Dakota","Renville County",2,44,21,7,14
050,38,075,"North Dakota","Renville County",2,45,25,13,12
050,38,075,"North Dakota","Renville County",2,46,25,13,12
050,38,075,"North Dakota","Renville County",2,47,27,15,12
050,38,075,"North Dakota","Renville County",2,48,21,11,10
050,38,075,"North Dakota","Renville County",2,49,27,14,13
050,38,075,"North Dakota","Renville County",2,50,29,16,13
050,38,075,"North Dakota","Renville County",2,51,25,13,12
050,38,075,"North Dakota","Renville County",2,52,26,11,15
050,38,075,"North Dakota","Renville County",2,53,25,11,14
050,38,075,"North Dakota","Renville County",2,54,29,15,14
050,38,075,"North Dakota","Renville County",2,55,35,18,17
050,38,075,"North Dakota","Renville County",2,56,35,20,15
050,38,075,"North Dakota","Renville County",2,57,35,21,14
050,38,075,"North Dakota","Renville County",2,58,41,25,16
050,38,075,"North Dakota","Renville County",2,59,50,27,23
050,38,075,"North Dakota","Renville County",2,60,44,25,19
050,38,075,"North Dakota","Renville County",2,61,41,26,15
050,38,075,"North Dakota","Renville County",2,62,38,21,17
050,38,075,"North Dakota","Renville County",2,63,35,15,20
050,38,075,"North Dakota","Renville County",2,64,38,17,21
050,38,075,"North Dakota","Renville County",2,65,38,20,18
050,38,075,"North Dakota","Renville County",2,66,36,19,17
050,38,075,"North Dakota","Renville County",2,67,30,16,14
050,38,075,"North Dakota","Renville County",2,68,28,17,11
050,38,075,"North Dakota","Renville County",2,69,28,14,14
050,38,075,"North Dakota","Renville County",2,70,25,12,13
050,38,075,"North Dakota","Renville County",2,71,24,13,11
050,38,075,"North Dakota","Renville County",2,72,26,15,11
050,38,075,"North Dakota","Renville County",2,73,30,17,13
050,38,075,"North Dakota","Renville County",2,74,19,9,10
050,38,075,"North Dakota","Renville County",2,75,17,9,8
050,38,075,"North Dakota","Renville County",2,76,14,8,6
050,38,075,"North Dakota","Renville County",2,77,17,9,8
050,38,075,"North Dakota","Renville County",2,78,13,8,5
050,38,075,"North Dakota","Renville County",2,79,17,10,7
050,38,075,"North Dakota","Renville County",2,80,14,7,7
050,38,075,"North Dakota","Renville County",2,81,9,3,6
050,38,075,"North Dakota","Renville County",2,82,10,3,7
050,38,075,"North Dakota","Renville County",2,83,9,5,4
050,38,075,"North Dakota","Renville County",2,84,12,6,6
050,38,075,"North Dakota","Renville County",2,85,65,24,41
050,38,075,"North Dakota","Renville County",3,0,26,10,16
050,38,075,"North Dakota","Renville County",3,1,19,7,12
050,38,075,"North Dakota","Renville County",3,2,18,8,10
050,38,075,"North Dakota","Renville County",3,3,26,12,14
050,38,075,"North Dakota","Renville County",3,4,29,19,10
050,38,075,"North Dakota","Renville County",3,5,35,27,8
050,38,075,"North Dakota","Renville County",3,6,25,16,9
050,38,075,"North Dakota","Renville County",3,7,28,12,16
050,38,075,"North Dakota","Renville County",3,8,25,13,12
050,38,075,"North Dakota","Renville County",3,9,29,13,16
050,38,075,"North Dakota","Renville County",3,10,31,13,18
050,38,075,"North Dakota","Renville County",3,11,33,15,18
050,38,075,"North Dakota","Renville County",3,12,27,17,10
050,38,075,"North Dakota","Renville County",3,13,33,18,15
050,38,075,"North Dakota","Renville County",3,14,32,18,14
050,38,075,"North Dakota","Renville County",3,15,28,16,12
050,38,075,"North Dakota","Renville County",3,16,30,16,14
050,38,075,"North Dakota","Renville County",3,17,31,15,16
050,38,075,"North Dakota","Renville County",3,18,31,17,14
050,38,075,"North Dakota","Renville County",3,19,18,9,9
050,38,075,"North Dakota","Renville County",3,20,15,11,4
050,38,075,"North Dakota","Renville County",3,21,14,7,7
050,38,075,"North Dakota","Renville County",3,22,21,13,8
050,38,075,"North Dakota","Renville County",3,23,25,15,10
050,38,075,"North Dakota","Renville County",3,24,22,8,14
050,38,075,"North Dakota","Renville County",3,25,25,11,14
050,38,075,"North Dakota","Renville County",3,26,20,9,11
050,38,075,"North Dakota","Renville County",3,27,22,13,9
050,38,075,"North Dakota","Renville County",3,28,23,12,11
050,38,075,"North Dakota","Renville County",3,29,26,15,11
050,38,075,"North Dakota","Renville County",3,30,25,15,10
050,38,075,"North Dakota","Renville County",3,31,28,17,11
050,38,075,"North Dakota","Renville County",3,32,32,17,15
050,38,075,"North Dakota","Renville County",3,33,26,15,11
050,38,075,"North Dakota","Renville County",3,34,16,10,6
050,38,075,"North Dakota","Renville County",3,35,27,14,13
050,38,075,"North Dakota","Renville County",3,36,32,21,11
050,38,075,"North Dakota","Renville County",3,37,33,22,11
050,38,075,"North Dakota","Renville County",3,38,31,19,12
050,38,075,"North Dakota","Renville County",3,39,29,15,14
050,38,075,"North Dakota","Renville County",3,40,26,11,15
050,38,075,"North Dakota","Renville County",3,41,18,10,8
050,38,075,"North Dakota","Renville County",3,42,22,12,10
050,38,075,"North Dakota","Renville County",3,43,14,8,6
050,38,075,"North Dakota","Renville County",3,44,26,11,15
050,38,075,"North Dakota","Renville County",3,45,19,5,14
050,38,075,"North Dakota","Renville County",3,46,25,13,12
050,38,075,"North Dakota","Renville County",3,47,24,12,12
050,38,075,"North Dakota","Renville County",3,48,24,14,10
050,38,075,"North Dakota","Renville County",3,49,23,12,11
050,38,075,"North Dakota","Renville County",3,50,30,14,16
050,38,075,"North Dakota","Renville County",3,51,29,16,13
050,38,075,"North Dakota","Renville County",3,52,26,13,13
050,38,075,"North Dakota","Renville County",3,53,27,12,15
050,38,075,"North Dakota","Renville County",3,54,26,11,15
050,38,075,"North Dakota","Renville County",3,55,29,14,15
050,38,075,"North Dakota","Renville County",3,56,38,18,20
050,38,075,"North Dakota","Renville County",3,57,35,20,15
050,38,075,"North Dakota","Renville County",3,58,34,20,14
050,38,075,"North Dakota","Renville County",3,59,42,24,18
050,38,075,"North Dakota","Renville County",3,60,47,27,20
050,38,075,"North Dakota","Renville County",3,61,47,28,19
050,38,075,"North Dakota","Renville County",3,62,41,25,16
050,38,075,"North Dakota","Renville County",3,63,36,21,15
050,38,075,"North Dakota","Renville County",3,64,34,15,19
050,38,075,"North Dakota","Renville County",3,65,38,18,20
050,38,075,"North Dakota","Renville County",3,66,35,18,17
050,38,075,"North Dakota","Renville County",3,67,34,18,16
050,38,075,"North Dakota","Renville County",3,68,29,15,14
050,38,075,"North Dakota","Renville County",3,69,28,17,11
050,38,075,"North Dakota","Renville County",3,70,27,14,13
050,38,075,"North Dakota","Renville County",3,71,24,12,12
050,38,075,"North Dakota","Renville County",3,72,23,12,11
050,38,075,"North Dakota","Renville County",3,73,27,16,11
050,38,075,"North Dakota","Renville County",3,74,25,14,11
050,38,075,"North Dakota","Renville County",3,75,20,9,11
050,38,075,"North Dakota","Renville County",3,76,16,9,7
050,38,075,"North Dakota","Renville County",3,77,11,6,5
050,38,075,"North Dakota","Renville County",3,78,14,7,7
050,38,075,"North Dakota","Renville County",3,79,17,10,7
050,38,075,"North Dakota","Renville County",3,80,12,7,5
050,38,075,"North Dakota","Renville County",3,81,13,7,6
050,38,075,"North Dakota","Renville County",3,82,9,3,6
050,38,075,"North Dakota","Renville County",3,83,7,3,4
050,38,075,"North Dakota","Renville County",3,84,11,4,7
050,38,075,"North Dakota","Renville County",3,85,57,22,35
050,38,075,"North Dakota","Renville County",4,0,29,11,18
050,38,075,"North Dakota","Renville County",4,1,27,12,15
050,38,075,"North Dakota","Renville County",4,2,18,8,10
050,38,075,"North Dakota","Renville County",4,3,21,7,14
050,38,075,"North Dakota","Renville County",4,4,23,10,13
050,38,075,"North Dakota","Renville County",4,5,30,17,13
050,38,075,"North Dakota","Renville County",4,6,38,27,11
050,38,075,"North Dakota","Renville County",4,7,28,19,9
050,38,075,"North Dakota","Renville County",4,8,32,14,18
050,38,075,"North Dakota","Renville County",4,9,32,14,18
050,38,075,"North Dakota","Renville County",4,10,27,11,16
050,38,075,"North Dakota","Renville County",4,11,30,12,18
050,38,075,"North Dakota","Renville County",4,12,31,16,15
050,38,075,"North Dakota","Renville County",4,13,28,16,12
050,38,075,"North Dakota","Renville County",4,14,32,17,15
050,38,075,"North Dakota","Renville County",4,15,30,16,14
050,38,075,"North Dakota","Renville County",4,16,21,13,8
050,38,075,"North Dakota","Renville County",4,17,27,13,14
050,38,075,"North Dakota","Renville County",4,18,25,12,13
050,38,075,"North Dakota","Renville County",4,19,26,16,10
050,38,075,"North Dakota","Renville County",4,20,20,11,9
050,38,075,"North Dakota","Renville County",4,21,15,11,4
050,38,075,"North Dakota","Renville County",4,22,13,5,8
050,38,075,"North Dakota","Renville County",4,23,24,12,12
050,38,075,"North Dakota","Renville County",4,24,22,12,10
050,38,075,"North Dakota","Renville County",4,25,28,12,16
050,38,075,"North Dakota","Renville County",4,26,23,11,12
050,38,075,"North Dakota","Renville County",4,27,16,7,9
050,38,075,"North Dakota","Renville County",4,28,21,11,10
050,38,075,"North Dakota","Renville County",4,29,27,13,14
050,38,075,"North Dakota","Renville County",4,30,29,16,13
050,38,075,"North Dakota","Renville County",4,31,32,20,12
050,38,075,"North Dakota","Renville County",4,32,27,18,9
050,38,075,"North Dakota","Renville County",4,33,34,17,17
050,38,075,"North Dakota","Renville County",4,34,29,12,17
050,38,075,"North Dakota","Renville County",4,35,18,11,7
050,38,075,"North Dakota","Renville County",4,36,25,14,11
050,38,075,"North Dakota","Renville County",4,37,33,22,11
050,38,075,"North Dakota","Renville County",4,38,34,23,11
050,38,075,"North Dakota","Renville County",4,39,32,20,12
050,38,075,"North Dakota","Renville County",4,40,27,14,13
050,38,075,"North Dakota","Renville County",4,41,22,9,13
050,38,075,"North Dakota","Renville County",4,42,18,10,8
050,38,075,"North Dakota","Renville County",4,43,22,12,10
050,38,075,"North Dakota","Renville County",4,44,15,9,6
050,38,075,"North Dakota","Renville County",4,45,26,11,15
050,38,075,"North Dakota","Renville County",4,46,20,6,14
050,38,075,"North Dakota","Renville County",4,47,24,12,12
050,38,075,"North Dakota","Renville County",4,48,22,10,12
050,38,075,"North Dakota","Renville County",4,49,25,15,10
050,38,075,"North Dakota","Renville County",4,50,23,12,11
050,38,075,"North Dakota","Renville County",4,51,29,14,15
050,38,075,"North Dakota","Renville County",4,52,27,15,12
050,38,075,"North Dakota","Renville County",4,53,28,15,13
050,38,075,"North Dakota","Renville County",4,54,25,11,14
050,38,075,"North Dakota","Renville County",4,55,27,12,15
050,38,075,"North Dakota","Renville County",4,56,30,15,15
050,38,075,"North Dakota","Renville County",4,57,36,18,18
050,38,075,"North Dakota","Renville County",4,58,35,20,15
050,38,075,"North Dakota","Renville County",4,59,34,20,14
050,38,075,"North Dakota","Renville County",4,60,40,24,16
050,38,075,"North Dakota","Renville County",4,61,47,27,20
050,38,075,"North Dakota","Renville County",4,62,47,28,19
050,38,075,"North Dakota","Renville County",4,63,38,23,15
050,38,075,"North Dakota","Renville County",4,64,36,21,15
050,38,075,"North Dakota","Renville County",4,65,35,15,20
050,38,075,"North Dakota","Renville County",4,66,33,16,17
050,38,075,"North Dakota","Renville County",4,67,31,14,17
050,38,075,"North Dakota","Renville County",4,68,32,17,15
050,38,075,"North Dakota","Renville County",4,69,25,12,13
050,38,075,"North Dakota","Renville County",4,70,27,18,9
050,38,075,"North Dakota","Renville County",4,71,25,13,12
050,38,075,"North Dakota","Renville County",4,72,25,12,13
050,38,075,"North Dakota","Renville County",4,73,24,13,11
050,38,075,"North Dakota","Renville County",4,74,22,12,10
050,38,075,"North Dakota","Renville County",4,75,26,14,12
050,38,075,"North Dakota","Renville County",4,76,18,8,10
050,38,075,"North Dakota","Renville County",4,77,14,8,6
050,38,075,"North Dakota","Renville County",4,78,9,5,4
050,38,075,"North Dakota","Renville County",4,79,15,7,8
050,38,075,"North Dakota","Renville County",4,80,12,8,4
050,38,075,"North Dakota","Renville County",4,81,11,6,5
050,38,075,"North Dakota","Renville County",4,82,13,6,7
050,38,075,"North Dakota","Renville County",4,83,7,3,4
050,38,075,"North Dakota","Renville County",4,84,10,5,5
050,38,075,"North Dakota","Renville County",4,85,56,21,35
050,38,075,"North Dakota","Renville County",5,0,28,10,18
050,38,075,"North Dakota","Renville County",5,1,23,13,10
050,38,075,"North Dakota","Renville County",5,2,25,10,15
050,38,075,"North Dakota","Renville County",5,3,21,7,14
050,38,075,"North Dakota","Renville County",5,4,23,10,13
050,38,075,"North Dakota","Renville County",5,5,25,9,16
050,38,075,"North Dakota","Renville County",5,6,25,16,9
050,38,075,"North Dakota","Renville County",5,7,36,26,10
050,38,075,"North Dakota","Renville County",5,8,30,18,12
050,38,075,"North Dakota","Renville County",5,9,44,15,29
050,38,075,"North Dakota","Renville County",5,10,34,15,19
050,38,075,"North Dakota","Renville County",5,11,29,11,18
050,38,075,"North Dakota","Renville County",5,12,30,11,19
050,38,075,"North Dakota","Renville County",5,13,30,14,16
050,38,075,"North Dakota","Renville County",5,14,32,20,12
050,38,075,"North Dakota","Renville County",5,15,35,17,18
050,38,075,"North Dakota","Renville County",5,16,31,18,13
050,38,075,"North Dakota","Renville County",5,17,21,13,8
050,38,075,"North Dakota","Renville County",5,18,24,12,12
050,38,075,"North Dakota","Renville County",5,19,16,8,8
050,38,075,"North Dakota","Renville County",5,20,21,14,7
050,38,075,"North Dakota","Renville County",5,21,20,10,10
050,38,075,"North Dakota","Renville County",5,22,16,11,5
050,38,075,"North Dakota","Renville County",5,23,15,7,8
050,38,075,"North Dakota","Renville County",5,24,27,15,12
050,38,075,"North Dakota","Renville County",5,25,27,16,11
050,38,075,"North Dakota","Renville County",5,26,26,14,12
050,38,075,"North Dakota","Renville County",5,27,26,12,14
050,38,075,"North Dakota","Renville County",5,28,14,8,6
050,38,075,"North Dakota","Renville County",5,29,23,11,12
050,38,075,"North Dakota","Renville County",5,30,23,11,12
050,38,075,"North Dakota","Renville County",5,31,30,16,14
050,38,075,"North Dakota","Renville County",5,32,31,18,13
050,38,075,"North Dakota","Renville County",5,33,28,19,9
050,38,075,"North Dakota","Renville County",5,34,42,23,19
050,38,075,"North Dakota","Renville County",5,35,35,13,22
050,38,075,"North Dakota","Renville County",5,36,19,12,7
050,38,075,"North Dakota","Renville County",5,37,25,13,12
050,38,075,"North Dakota","Renville County",5,38,31,21,10
050,38,075,"North Dakota","Renville County",5,39,41,26,15
050,38,075,"North Dakota","Renville County",5,40,32,21,11
050,38,075,"North Dakota","Renville County",5,41,28,14,14
050,38,075,"North Dakota","Renville County",5,42,20,8,12
050,38,075,"North Dakota","Renville County",5,43,18,10,8
050,38,075,"North Dakota","Renville County",5,44,19,10,9
050,38,075,"North Dakota","Renville County",5,45,14,8,6
050,38,075,"North Dakota","Renville County",5,46,27,11,16
050,38,075,"North Dakota","Renville County",5,47,19,6,13
050,38,075,"North Dakota","Renville County",5,48,27,15,12
050,38,075,"North Dakota","Renville County",5,49,26,13,13
050,38,075,"North Dakota","Renville County",5,50,23,14,9
050,38,075,"North Dakota","Renville County",5,51,23,12,11
050,38,075,"North Dakota","Renville County",5,52,30,15,15
050,38,075,"North Dakota","Renville County",5,53,27,15,12
050,38,075,"North Dakota","Renville County",5,54,28,15,13
050,38,075,"North Dakota","Renville County",5,55,23,9,14
050,38,075,"North Dakota","Renville County",5,56,27,12,15
050,38,075,"North Dakota","Renville County",5,57,33,15,18
050,38,075,"North Dakota","Renville County",5,58,38,19,19
050,38,075,"North Dakota","Renville County",5,59,36,21,15
050,38,075,"North Dakota","Renville County",5,60,34,20,14
050,38,075,"North Dakota","Renville County",5,61,37,22,15
050,38,075,"North Dakota","Renville County",5,62,49,27,22
050,38,075,"North Dakota","Renville County",5,63,42,24,18
050,38,075,"North Dakota","Renville County",5,64,38,23,15
050,38,075,"North Dakota","Renville County",5,65,35,20,15
050,38,075,"North Dakota","Renville County",5,66,32,14,18
050,38,075,"North Dakota","Renville County",5,67,35,16,19
050,38,075,"North Dakota","Renville County",5,68,30,14,16
050,38,075,"North Dakota","Renville County",5,69,31,16,15
050,38,075,"North Dakota","Renville County",5,70,24,12,12
050,38,075,"North Dakota","Renville County",5,71,26,17,9
050,38,075,"North Dakota","Renville County",5,72,25,13,12
050,38,075,"North Dakota","Renville County",5,73,26,13,13
050,38,075,"North Dakota","Renville County",5,74,19,10,9
050,38,075,"North Dakota","Renville County",5,75,23,12,11
050,38,075,"North Dakota","Renville County",5,76,25,13,12
050,38,075,"North Dakota","Renville County",5,77,16,7,9
050,38,075,"North Dakota","Renville County",5,78,13,7,6
050,38,075,"North Dakota","Renville County",5,79,13,7,6
050,38,075,"North Dakota","Renville County",5,80,13,6,7
050,38,075,"North Dakota","Renville County",5,81,12,8,4
050,38,075,"North Dakota","Renville County",5,82,12,6,6
050,38,075,"North Dakota","Renville County",5,83,10,6,4
050,38,075,"North Dakota","Renville County",5,84,9,5,4
050,38,075,"North Dakota","Renville County",5,85,50,20,30
050,38,077,"North Dakota","Richland County",1,0,190,98,92
050,38,077,"North Dakota","Richland County",1,1,209,106,103
050,38,077,"North Dakota","Richland County",1,2,188,97,91
050,38,077,"North Dakota","Richland County",1,3,208,112,96
050,38,077,"North Dakota","Richland County",1,4,197,93,104
050,38,077,"North Dakota","Richland County",1,5,209,99,110
050,38,077,"North Dakota","Richland County",1,6,212,109,103
050,38,077,"North Dakota","Richland County",1,7,190,97,93
050,38,077,"North Dakota","Richland County",1,8,181,92,89
050,38,077,"North Dakota","Richland County",1,9,213,115,98
050,38,077,"North Dakota","Richland County",1,10,219,109,110
050,38,077,"North Dakota","Richland County",1,11,208,102,106
050,38,077,"North Dakota","Richland County",1,12,202,97,105
050,38,077,"North Dakota","Richland County",1,13,194,101,93
050,38,077,"North Dakota","Richland County",1,14,224,117,107
050,38,077,"North Dakota","Richland County",1,15,217,109,108
050,38,077,"North Dakota","Richland County",1,16,202,102,100
050,38,077,"North Dakota","Richland County",1,17,181,93,88
050,38,077,"North Dakota","Richland County",1,18,257,138,119
050,38,077,"North Dakota","Richland County",1,19,455,269,186
050,38,077,"North Dakota","Richland County",1,20,492,319,173
050,38,077,"North Dakota","Richland County",1,21,341,179,162
050,38,077,"North Dakota","Richland County",1,22,236,125,111
050,38,077,"North Dakota","Richland County",1,23,221,124,97
050,38,077,"North Dakota","Richland County",1,24,216,116,100
050,38,077,"North Dakota","Richland County",1,25,198,103,95
050,38,077,"North Dakota","Richland County",1,26,190,95,95
050,38,077,"North Dakota","Richland County",1,27,194,101,93
050,38,077,"North Dakota","Richland County",1,28,189,102,87
050,38,077,"North Dakota","Richland County",1,29,194,103,91
050,38,077,"North Dakota","Richland County",1,30,199,111,88
050,38,077,"North Dakota","Richland County",1,31,187,97,90
050,38,077,"North Dakota","Richland County",1,32,177,92,85
050,38,077,"North Dakota","Richland County",1,33,168,86,82
050,38,077,"North Dakota","Richland County",1,34,191,96,95
050,38,077,"North Dakota","Richland County",1,35,187,104,83
050,38,077,"North Dakota","Richland County",1,36,186,98,88
050,38,077,"North Dakota","Richland County",1,37,196,93,103
050,38,077,"North Dakota","Richland County",1,38,190,95,95
050,38,077,"North Dakota","Richland County",1,39,182,101,81
050,38,077,"North Dakota","Richland County",1,40,199,116,83
050,38,077,"North Dakota","Richland County",1,41,185,94,91
050,38,077,"North Dakota","Richland County",1,42,170,87,83
050,38,077,"North Dakota","Richland County",1,43,152,83,69
050,38,077,"North Dakota","Richland County",1,44,137,73,64
050,38,077,"North Dakota","Richland County",1,45,154,82,72
050,38,077,"North Dakota","Richland County",1,46,146,72,74
050,38,077,"North Dakota","Richland County",1,47,149,74,75
050,38,077,"North Dakota","Richland County",1,48,166,89,77
050,38,077,"North Dakota","Richland County",1,49,156,86,70
050,38,077,"North Dakota","Richland County",1,50,169,88,81
050,38,077,"North Dakota","Richland County",1,51,151,78,73
050,38,077,"North Dakota","Richland County",1,52,150,73,77
050,38,077,"North Dakota","Richland County",1,53,179,87,92
050,38,077,"North Dakota","Richland County",1,54,193,94,99
050,38,077,"North Dakota","Richland County",1,55,188,85,103
050,38,077,"North Dakota","Richland County",1,56,204,101,103
050,38,077,"North Dakota","Richland County",1,57,218,107,111
050,38,077,"North Dakota","Richland County",1,58,240,126,114
050,38,077,"North Dakota","Richland County",1,59,253,138,115
050,38,077,"North Dakota","Richland County",1,60,245,140,105
050,38,077,"North Dakota","Richland County",1,61,238,133,105
050,38,077,"North Dakota","Richland County",1,62,236,125,111
050,38,077,"North Dakota","Richland County",1,63,231,115,116
050,38,077,"North Dakota","Richland County",1,64,247,119,128
050,38,077,"North Dakota","Richland County",1,65,236,116,120
050,38,077,"North Dakota","Richland County",1,66,231,128,103
050,38,077,"North Dakota","Richland County",1,67,228,125,103
050,38,077,"North Dakota","Richland County",1,68,188,98,90
050,38,077,"North Dakota","Richland County",1,69,144,78,66
050,38,077,"North Dakota","Richland County",1,70,146,77,69
050,38,077,"North Dakota","Richland County",1,71,154,87,67
050,38,077,"North Dakota","Richland County",1,72,152,81,71
050,38,077,"North Dakota","Richland County",1,73,143,71,72
050,38,077,"North Dakota","Richland County",1,74,107,49,58
050,38,077,"North Dakota","Richland County",1,75,101,49,52
050,38,077,"North Dakota","Richland County",1,76,116,65,51
050,38,077,"North Dakota","Richland County",1,77,108,61,47
050,38,077,"North Dakota","Richland County",1,78,96,47,49
050,38,077,"North Dakota","Richland County",1,79,75,39,36
050,38,077,"North Dakota","Richland County",1,80,65,26,39
050,38,077,"North Dakota","Richland County",1,81,71,33,38
050,38,077,"North Dakota","Richland County",1,82,67,32,35
050,38,077,"North Dakota","Richland County",1,83,77,31,46
050,38,077,"North Dakota","Richland County",1,84,72,27,45
050,38,077,"North Dakota","Richland County",1,85,510,180,330
050,38,077,"North Dakota","Richland County",2,0,195,98,97
050,38,077,"North Dakota","Richland County",2,1,202,103,99
050,38,077,"North Dakota","Richland County",2,2,194,101,93
050,38,077,"North Dakota","Richland County",2,3,200,106,94
050,38,077,"North Dakota","Richland County",2,4,199,97,102
050,38,077,"North Dakota","Richland County",2,5,205,96,109
050,38,077,"North Dakota","Richland County",2,6,212,107,105
050,38,077,"North Dakota","Richland County",2,7,194,99,95
050,38,077,"North Dakota","Richland County",2,8,186,95,91
050,38,077,"North Dakota","Richland County",2,9,203,108,95
050,38,077,"North Dakota","Richland County",2,10,214,109,105
050,38,077,"North Dakota","Richland County",2,11,209,103,106
050,38,077,"North Dakota","Richland County",2,12,205,99,106
050,38,077,"North Dakota","Richland County",2,13,198,102,96
050,38,077,"North Dakota","Richland County",2,14,219,115,104
050,38,077,"North Dakota","Richland County",2,15,221,111,110
050,38,077,"North Dakota","Richland County",2,16,206,104,102
050,38,077,"North Dakota","Richland County",2,17,185,95,90
050,38,077,"North Dakota","Richland County",2,18,253,135,118
050,38,077,"North Dakota","Richland County",2,19,455,270,185
050,38,077,"North Dakota","Richland County",2,20,493,318,175
050,38,077,"North Dakota","Richland County",2,21,334,177,157
050,38,077,"North Dakota","Richland County",2,22,237,124,113
050,38,077,"North Dakota","Richland County",2,23,227,126,101
050,38,077,"North Dakota","Richland County",2,24,211,117,94
050,38,077,"North Dakota","Richland County",2,25,198,103,95
050,38,077,"North Dakota","Richland County",2,26,190,96,94
050,38,077,"North Dakota","Richland County",2,27,193,99,94
050,38,077,"North Dakota","Richland County",2,28,189,102,87
050,38,077,"North Dakota","Richland County",2,29,190,101,89
050,38,077,"North Dakota","Richland County",2,30,198,109,89
050,38,077,"North Dakota","Richland County",2,31,189,99,90
050,38,077,"North Dakota","Richland County",2,32,179,92,87
050,38,077,"North Dakota","Richland County",2,33,173,88,85
050,38,077,"North Dakota","Richland County",2,34,186,94,92
050,38,077,"North Dakota","Richland County",2,35,187,102,85
050,38,077,"North Dakota","Richland County",2,36,188,100,88
050,38,077,"North Dakota","Richland County",2,37,192,94,98
050,38,077,"North Dakota","Richland County",2,38,188,93,95
050,38,077,"North Dakota","Richland County",2,39,184,101,83
050,38,077,"North Dakota","Richland County",2,40,197,113,84
050,38,077,"North Dakota","Richland County",2,41,188,101,87
050,38,077,"North Dakota","Richland County",2,42,171,87,84
050,38,077,"North Dakota","Richland County",2,43,159,85,74
050,38,077,"North Dakota","Richland County",2,44,138,74,64
050,38,077,"North Dakota","Richland County",2,45,149,79,70
050,38,077,"North Dakota","Richland County",2,46,145,73,72
050,38,077,"North Dakota","Richland County",2,47,148,73,75
050,38,077,"North Dakota","Richland County",2,48,162,85,77
050,38,077,"North Dakota","Richland County",2,49,160,89,71
050,38,077,"North Dakota","Richland County",2,50,167,87,80
050,38,077,"North Dakota","Richland County",2,51,155,79,76
050,38,077,"North Dakota","Richland County",2,52,147,73,74
050,38,077,"North Dakota","Richland County",2,53,172,84,88
050,38,077,"North Dakota","Richland County",2,54,188,91,97
050,38,077,"North Dakota","Richland County",2,55,189,87,102
050,38,077,"North Dakota","Richland County",2,56,202,98,104
050,38,077,"North Dakota","Richland County",2,57,213,105,108
050,38,077,"North Dakota","Richland County",2,58,235,122,113
050,38,077,"North Dakota","Richland County",2,59,254,136,118
050,38,077,"North Dakota","Richland County",2,60,245,138,107
050,38,077,"North Dakota","Richland County",2,61,239,135,104
050,38,077,"North Dakota","Richland County",2,62,235,127,108
050,38,077,"North Dakota","Richland County",2,63,233,117,116
050,38,077,"North Dakota","Richland County",2,64,242,117,125
050,38,077,"North Dakota","Richland County",2,65,238,116,122
050,38,077,"North Dakota","Richland County",2,66,233,125,108
050,38,077,"North Dakota","Richland County",2,67,229,125,104
050,38,077,"North Dakota","Richland County",2,68,195,103,92
050,38,077,"North Dakota","Richland County",2,69,157,84,73
050,38,077,"North Dakota","Richland County",2,70,146,77,69
050,38,077,"North Dakota","Richland County",2,71,153,85,68
050,38,077,"North Dakota","Richland County",2,72,148,79,69
050,38,077,"North Dakota","Richland County",2,73,154,78,76
050,38,077,"North Dakota","Richland County",2,74,107,50,57
050,38,077,"North Dakota","Richland County",2,75,103,49,54
050,38,077,"North Dakota","Richland County",2,76,110,60,50
050,38,077,"North Dakota","Richland County",2,77,113,64,49
050,38,077,"North Dakota","Richland County",2,78,98,49,49
050,38,077,"North Dakota","Richland County",2,79,80,42,38
050,38,077,"North Dakota","Richland County",2,80,64,28,36
050,38,077,"North Dakota","Richland County",2,81,66,29,37
050,38,077,"North Dakota","Richland County",2,82,69,33,36
050,38,077,"North Dakota","Richland County",2,83,73,31,42
050,38,077,"North Dakota","Richland County",2,84,72,27,45
050,38,077,"North Dakota","Richland County",2,85,512,178,334
050,38,077,"North Dakota","Richland County",3,0,168,83,85
050,38,077,"North Dakota","Richland County",3,1,196,104,92
050,38,077,"North Dakota","Richland County",3,2,209,105,104
050,38,077,"North Dakota","Richland County",3,3,196,101,95
050,38,077,"North Dakota","Richland County",3,4,216,111,105
050,38,077,"North Dakota","Richland County",3,5,200,100,100
050,38,077,"North Dakota","Richland County",3,6,206,98,108
050,38,077,"North Dakota","Richland County",3,7,212,105,107
050,38,077,"North Dakota","Richland County",3,8,203,102,101
050,38,077,"North Dakota","Richland County",3,9,182,94,88
050,38,077,"North Dakota","Richland County",3,10,198,109,89
050,38,077,"North Dakota","Richland County",3,11,225,113,112
050,38,077,"North Dakota","Richland County",3,12,206,104,102
050,38,077,"North Dakota","Richland County",3,13,210,100,110
050,38,077,"North Dakota","Richland County",3,14,194,103,91
050,38,077,"North Dakota","Richland County",3,15,220,111,109
050,38,077,"North Dakota","Richland County",3,16,229,113,116
050,38,077,"North Dakota","Richland County",3,17,204,103,101
050,38,077,"North Dakota","Richland County",3,18,251,134,117
050,38,077,"North Dakota","Richland County",3,19,441,262,179
050,38,077,"North Dakota","Richland County",3,20,482,310,172
050,38,077,"North Dakota","Richland County",3,21,318,168,150
050,38,077,"North Dakota","Richland County",3,22,222,106,116
050,38,077,"North Dakota","Richland County",3,23,235,128,107
050,38,077,"North Dakota","Richland County",3,24,195,105,90
050,38,077,"North Dakota","Richland County",3,25,192,102,90
050,38,077,"North Dakota","Richland County",3,26,184,94,90
050,38,077,"North Dakota","Richland County",3,27,178,94,84
050,38,077,"North Dakota","Richland County",3,28,199,99,100
050,38,077,"North Dakota","Richland County",3,29,189,101,88
050,38,077,"North Dakota","Richland County",3,30,190,104,86
050,38,077,"North Dakota","Richland County",3,31,200,111,89
050,38,077,"North Dakota","Richland County",3,32,189,99,90
050,38,077,"North Dakota","Richland County",3,33,194,101,93
050,38,077,"North Dakota","Richland County",3,34,180,85,95
050,38,077,"North Dakota","Richland County",3,35,185,99,86
050,38,077,"North Dakota","Richland County",3,36,187,102,85
050,38,077,"North Dakota","Richland County",3,37,190,100,90
050,38,077,"North Dakota","Richland County",3,38,197,102,95
050,38,077,"North Dakota","Richland County",3,39,194,95,99
050,38,077,"North Dakota","Richland County",3,40,174,93,81
050,38,077,"North Dakota","Richland County",3,41,200,112,88
050,38,077,"North Dakota","Richland County",3,42,178,96,82
050,38,077,"North Dakota","Richland County",3,43,165,83,82
050,38,077,"North Dakota","Richland County",3,44,157,86,71
050,38,077,"North Dakota","Richland County",3,45,136,70,66
050,38,077,"North Dakota","Richland County",3,46,153,85,68
050,38,077,"North Dakota","Richland County",3,47,144,73,71
050,38,077,"North Dakota","Richland County",3,48,148,74,74
050,38,077,"North Dakota","Richland County",3,49,163,86,77
050,38,077,"North Dakota","Richland County",3,50,164,87,77
050,38,077,"North Dakota","Richland County",3,51,167,86,81
050,38,077,"North Dakota","Richland County",3,52,151,80,71
050,38,077,"North Dakota","Richland County",3,53,160,82,78
050,38,077,"North Dakota","Richland County",3,54,170,85,85
050,38,077,"North Dakota","Richland County",3,55,191,92,99
050,38,077,"North Dakota","Richland County",3,56,186,87,99
050,38,077,"North Dakota","Richland County",3,57,194,95,99
050,38,077,"North Dakota","Richland County",3,58,226,109,117
050,38,077,"North Dakota","Richland County",3,59,234,116,118
050,38,077,"North Dakota","Richland County",3,60,242,135,107
050,38,077,"North Dakota","Richland County",3,61,234,133,101
050,38,077,"North Dakota","Richland County",3,62,237,132,105
050,38,077,"North Dakota","Richland County",3,63,229,123,106
050,38,077,"North Dakota","Richland County",3,64,237,118,119
050,38,077,"North Dakota","Richland County",3,65,234,116,118
050,38,077,"North Dakota","Richland County",3,66,235,117,118
050,38,077,"North Dakota","Richland County",3,67,224,120,104
050,38,077,"North Dakota","Richland County",3,68,224,120,104
050,38,077,"North Dakota","Richland County",3,69,193,99,94
050,38,077,"North Dakota","Richland County",3,70,159,87,72
050,38,077,"North Dakota","Richland County",3,71,142,74,68
050,38,077,"North Dakota","Richland County",3,72,152,84,68
050,38,077,"North Dakota","Richland County",3,73,149,82,67
050,38,077,"North Dakota","Richland County",3,74,146,75,71
050,38,077,"North Dakota","Richland County",3,75,108,51,57
050,38,077,"North Dakota","Richland County",3,76,100,48,52
050,38,077,"North Dakota","Richland County",3,77,112,60,52
050,38,077,"North Dakota","Richland County",3,78,106,55,51
050,38,077,"North Dakota","Richland County",3,79,94,53,41
050,38,077,"North Dakota","Richland County",3,80,73,37,36
050,38,077,"North Dakota","Richland County",3,81,63,29,34
050,38,077,"North Dakota","Richland County",3,82,68,29,39
050,38,077,"North Dakota","Richland County",3,83,67,31,36
050,38,077,"North Dakota","Richland County",3,84,71,26,45
050,38,077,"North Dakota","Richland County",3,85,531,181,350
050,38,077,"North Dakota","Richland County",4,0,179,86,93
050,38,077,"North Dakota","Richland County",4,1,158,78,80
050,38,077,"North Dakota","Richland County",4,2,199,106,93
050,38,077,"North Dakota","Richland County",4,3,201,103,98
050,38,077,"North Dakota","Richland County",4,4,194,100,94
050,38,077,"North Dakota","Richland County",4,5,217,116,101
050,38,077,"North Dakota","Richland County",4,6,193,92,101
050,38,077,"North Dakota","Richland County",4,7,209,99,110
050,38,077,"North Dakota","Richland County",4,8,216,103,113
050,38,077,"North Dakota","Richland County",4,9,194,93,101
050,38,077,"North Dakota","Richland County",4,10,183,96,87
050,38,077,"North Dakota","Richland County",4,11,195,103,92
050,38,077,"North Dakota","Richland County",4,12,223,113,110
050,38,077,"North Dakota","Richland County",4,13,202,100,102
050,38,077,"North Dakota","Richland County",4,14,212,102,110
050,38,077,"North Dakota","Richland County",4,15,190,97,93
050,38,077,"North Dakota","Richland County",4,16,228,116,112
050,38,077,"North Dakota","Richland County",4,17,220,109,111
050,38,077,"North Dakota","Richland County",4,18,264,146,118
050,38,077,"North Dakota","Richland County",4,19,449,265,184
050,38,077,"North Dakota","Richland County",4,20,486,321,165
050,38,077,"North Dakota","Richland County",4,21,322,174,148
050,38,077,"North Dakota","Richland County",4,22,203,104,99
050,38,077,"North Dakota","Richland County",4,23,225,113,112
050,38,077,"North Dakota","Richland County",4,24,236,131,105
050,38,077,"North Dakota","Richland County",4,25,192,93,99
050,38,077,"North Dakota","Richland County",4,26,186,102,84
050,38,077,"North Dakota","Richland County",4,27,172,91,81
050,38,077,"North Dakota","Richland County",4,28,182,99,83
050,38,077,"North Dakota","Richland County",4,29,205,99,106
050,38,077,"North Dakota","Richland County",4,30,190,100,90
050,38,077,"North Dakota","Richland County",4,31,190,99,91
050,38,077,"North Dakota","Richland County",4,32,208,113,95
050,38,077,"North Dakota","Richland County",4,33,190,100,90
050,38,077,"North Dakota","Richland County",4,34,196,102,94
050,38,077,"North Dakota","Richland County",4,35,183,88,95
050,38,077,"North Dakota","Richland County",4,36,191,103,88
050,38,077,"North Dakota","Richland County",4,37,187,104,83
050,38,077,"North Dakota","Richland County",4,38,179,91,88
050,38,077,"North Dakota","Richland County",4,39,195,103,92
050,38,077,"North Dakota","Richland County",4,40,185,92,93
050,38,077,"North Dakota","Richland County",4,41,176,92,84
050,38,077,"North Dakota","Richland County",4,42,191,106,85
050,38,077,"North Dakota","Richland County",4,43,177,92,85
050,38,077,"North Dakota","Richland County",4,44,165,81,84
050,38,077,"North Dakota","Richland County",4,45,166,84,82
050,38,077,"North Dakota","Richland County",4,46,145,76,69
050,38,077,"North Dakota","Richland County",4,47,145,83,62
050,38,077,"North Dakota","Richland County",4,48,145,71,74
050,38,077,"North Dakota","Richland County",4,49,152,77,75
050,38,077,"North Dakota","Richland County",4,50,178,88,90
050,38,077,"North Dakota","Richland County",4,51,171,97,74
050,38,077,"North Dakota","Richland County",4,52,159,81,78
050,38,077,"North Dakota","Richland County",4,53,154,82,72
050,38,077,"North Dakota","Richland County",4,54,155,80,75
050,38,077,"North Dakota","Richland County",4,55,161,78,83
050,38,077,"North Dakota","Richland County",4,56,190,88,102
050,38,077,"North Dakota","Richland County",4,57,184,88,96
050,38,077,"North Dakota","Richland County",4,58,205,107,98
050,38,077,"North Dakota","Richland County",4,59,212,99,113
050,38,077,"North Dakota","Richland County",4,60,225,117,108
050,38,077,"North Dakota","Richland County",4,61,240,134,106
050,38,077,"North Dakota","Richland County",4,62,222,126,96
050,38,077,"North Dakota","Richland County",4,63,224,123,101
050,38,077,"North Dakota","Richland County",4,64,231,118,113
050,38,077,"North Dakota","Richland County",4,65,237,119,118
050,38,077,"North Dakota","Richland County",4,66,234,115,119
050,38,077,"North Dakota","Richland County",4,67,234,117,117
050,38,077,"North Dakota","Richland County",4,68,215,115,100
050,38,077,"North Dakota","Richland County",4,69,220,119,101
050,38,077,"North Dakota","Richland County",4,70,193,100,93
050,38,077,"North Dakota","Richland County",4,71,153,81,72
050,38,077,"North Dakota","Richland County",4,72,139,74,65
050,38,077,"North Dakota","Richland County",4,73,149,84,65
050,38,077,"North Dakota","Richland County",4,74,141,78,63
050,38,077,"North Dakota","Richland County",4,75,152,77,75
050,38,077,"North Dakota","Richland County",4,76,109,53,56
050,38,077,"North Dakota","Richland County",4,77,102,47,55
050,38,077,"North Dakota","Richland County",4,78,112,55,57
050,38,077,"North Dakota","Richland County",4,79,105,57,48
050,38,077,"North Dakota","Richland County",4,80,85,46,39
050,38,077,"North Dakota","Richland County",4,81,66,34,32
050,38,077,"North Dakota","Richland County",4,82,65,29,36
050,38,077,"North Dakota","Richland County",4,83,66,32,34
050,38,077,"North Dakota","Richland County",4,84,60,26,34
050,38,077,"North Dakota","Richland County",4,85,535,171,364
050,38,077,"North Dakota","Richland County",5,0,169,82,87
050,38,077,"North Dakota","Richland County",5,1,169,77,92
050,38,077,"North Dakota","Richland County",5,2,160,77,83
050,38,077,"North Dakota","Richland County",5,3,198,99,99
050,38,077,"North Dakota","Richland County",5,4,193,100,93
050,38,077,"North Dakota","Richland County",5,5,193,97,96
050,38,077,"North Dakota","Richland County",5,6,219,116,103
050,38,077,"North Dakota","Richland County",5,7,198,95,103
050,38,077,"North Dakota","Richland County",5,8,213,100,113
050,38,077,"North Dakota","Richland County",5,9,216,109,107
050,38,077,"North Dakota","Richland County",5,10,199,97,102
050,38,077,"North Dakota","Richland County",5,11,187,98,89
050,38,077,"North Dakota","Richland County",5,12,189,99,90
050,38,077,"North Dakota","Richland County",5,13,226,118,108
050,38,077,"North Dakota","Richland County",5,14,193,96,97
050,38,077,"North Dakota","Richland County",5,15,210,99,111
050,38,077,"North Dakota","Richland County",5,16,188,96,92
050,38,077,"North Dakota","Richland County",5,17,227,113,114
050,38,077,"North Dakota","Richland County",5,18,278,146,132
050,38,077,"North Dakota","Richland County",5,19,456,271,185
050,38,077,"North Dakota","Richland County",5,20,495,319,176
050,38,077,"North Dakota","Richland County",5,21,319,178,141
050,38,077,"North Dakota","Richland County",5,22,212,109,103
050,38,077,"North Dakota","Richland County",5,23,220,118,102
050,38,077,"North Dakota","Richland County",5,24,214,118,96
050,38,077,"North Dakota","Richland County",5,25,204,117,87
050,38,077,"North Dakota","Richland County",5,26,183,86,97
050,38,077,"North Dakota","Richland County",5,27,185,96,89
050,38,077,"North Dakota","Richland County",5,28,172,90,82
050,38,077,"North Dakota","Richland County",5,29,181,97,84
050,38,077,"North Dakota","Richland County",5,30,197,95,102
050,38,077,"North Dakota","Richland County",5,31,186,96,90
050,38,077,"North Dakota","Richland County",5,32,184,98,86
050,38,077,"North Dakota","Richland County",5,33,201,114,87
050,38,077,"North Dakota","Richland County",5,34,192,102,90
050,38,077,"North Dakota","Richland County",5,35,208,109,99
050,38,077,"North Dakota","Richland County",5,36,176,88,88
050,38,077,"North Dakota","Richland County",5,37,183,95,88
050,38,077,"North Dakota","Richland County",5,38,185,103,82
050,38,077,"North Dakota","Richland County",5,39,187,95,92
050,38,077,"North Dakota","Richland County",5,40,194,103,91
050,38,077,"North Dakota","Richland County",5,41,188,95,93
050,38,077,"North Dakota","Richland County",5,42,176,91,85
050,38,077,"North Dakota","Richland County",5,43,188,105,83
050,38,077,"North Dakota","Richland County",5,44,174,92,82
050,38,077,"North Dakota","Richland County",5,45,161,78,83
050,38,077,"North Dakota","Richland County",5,46,171,92,79
050,38,077,"North Dakota","Richland County",5,47,138,74,64
050,38,077,"North Dakota","Richland County",5,48,151,87,64
050,38,077,"North Dakota","Richland County",5,49,145,75,70
050,38,077,"North Dakota","Richland County",5,50,163,81,82
050,38,077,"North Dakota","Richland County",5,51,177,91,86
050,38,077,"North Dakota","Richland County",5,52,155,88,67
050,38,077,"North Dakota","Richland County",5,53,167,85,82
050,38,077,"North Dakota","Richland County",5,54,150,79,71
050,38,077,"North Dakota","Richland County",5,55,164,83,81
050,38,077,"North Dakota","Richland County",5,56,159,72,87
050,38,077,"North Dakota","Richland County",5,57,184,88,96
050,38,077,"North Dakota","Richland County",5,58,196,97,99
050,38,077,"North Dakota","Richland County",5,59,208,106,102
050,38,077,"North Dakota","Richland County",5,60,202,100,102
050,38,077,"North Dakota","Richland County",5,61,226,118,108
050,38,077,"North Dakota","Richland County",5,62,234,129,105
050,38,077,"North Dakota","Richland County",5,63,218,123,95
050,38,077,"North Dakota","Richland County",5,64,227,122,105
050,38,077,"North Dakota","Richland County",5,65,231,118,113
050,38,077,"North Dakota","Richland County",5,66,236,117,119
050,38,077,"North Dakota","Richland County",5,67,227,111,116
050,38,077,"North Dakota","Richland County",5,68,228,115,113
050,38,077,"North Dakota","Richland County",5,69,213,115,98
050,38,077,"North Dakota","Richland County",5,70,219,118,101
050,38,077,"North Dakota","Richland County",5,71,186,97,89
050,38,077,"North Dakota","Richland County",5,72,150,78,72
050,38,077,"North Dakota","Richland County",5,73,139,74,65
050,38,077,"North Dakota","Richland County",5,74,140,78,62
050,38,077,"North Dakota","Richland County",5,75,143,77,66
050,38,077,"North Dakota","Richland County",5,76,151,77,74
050,38,077,"North Dakota","Richland County",5,77,108,54,54
050,38,077,"North Dakota","Richland County",5,78,101,42,59
050,38,077,"North Dakota","Richland County",5,79,110,60,50
050,38,077,"North Dakota","Richland County",5,80,91,47,44
050,38,077,"North Dakota","Richland County",5,81,78,43,35
050,38,077,"North Dakota","Richland County",5,82,63,30,33
050,38,077,"North Dakota","Richland County",5,83,65,31,34
050,38,077,"North Dakota","Richland County",5,84,58,25,33
050,38,077,"North Dakota","Richland County",5,85,540,172,368
050,38,079,"North Dakota","Rolette County",1,0,179,92,87
050,38,079,"North Dakota","Rolette County",1,1,195,103,92
050,38,079,"North Dakota","Rolette County",1,2,200,102,98
050,38,079,"North Dakota","Rolette County",1,3,200,105,95
050,38,079,"North Dakota","Rolette County",1,4,207,114,93
050,38,079,"North Dakota","Rolette County",1,5,233,126,107
050,38,079,"North Dakota","Rolette County",1,6,236,132,104
050,38,079,"North Dakota","Rolette County",1,7,246,121,125
050,38,079,"North Dakota","Rolette County",1,8,230,116,114
050,38,079,"North Dakota","Rolette County",1,9,219,119,100
050,38,079,"North Dakota","Rolette County",1,10,251,126,125
050,38,079,"North Dakota","Rolette County",1,11,245,128,117
050,38,079,"North Dakota","Rolette County",1,12,254,121,133
050,38,079,"North Dakota","Rolette County",1,13,257,128,129
050,38,079,"North Dakota","Rolette County",1,14,241,117,124
050,38,079,"North Dakota","Rolette County",1,15,242,128,114
050,38,079,"North Dakota","Rolette County",1,16,213,114,99
050,38,079,"North Dakota","Rolette County",1,17,189,99,90
050,38,079,"North Dakota","Rolette County",1,18,196,106,90
050,38,079,"North Dakota","Rolette County",1,19,156,84,72
050,38,079,"North Dakota","Rolette County",1,20,141,76,65
050,38,079,"North Dakota","Rolette County",1,21,126,64,62
050,38,079,"North Dakota","Rolette County",1,22,124,57,67
050,38,079,"North Dakota","Rolette County",1,23,143,74,69
050,38,079,"North Dakota","Rolette County",1,24,142,73,69
050,38,079,"North Dakota","Rolette County",1,25,136,74,62
050,38,079,"North Dakota","Rolette County",1,26,142,77,65
050,38,079,"North Dakota","Rolette County",1,27,144,76,68
050,38,079,"North Dakota","Rolette County",1,28,154,71,83
050,38,079,"North Dakota","Rolette County",1,29,155,78,77
050,38,079,"North Dakota","Rolette County",1,30,157,76,81
050,38,079,"North Dakota","Rolette County",1,31,124,60,64
050,38,079,"North Dakota","Rolette County",1,32,129,66,63
050,38,079,"North Dakota","Rolette County",1,33,127,61,66
050,38,079,"North Dakota","Rolette County",1,34,152,69,83
050,38,079,"North Dakota","Rolette County",1,35,140,63,77
050,38,079,"North Dakota","Rolette County",1,36,136,65,71
050,38,079,"North Dakota","Rolette County",1,37,150,74,76
050,38,079,"North Dakota","Rolette County",1,38,146,77,69
050,38,079,"North Dakota","Rolette County",1,39,142,74,68
050,38,079,"North Dakota","Rolette County",1,40,142,72,70
050,38,079,"North Dakota","Rolette County",1,41,144,72,72
050,38,079,"North Dakota","Rolette County",1,42,135,67,68
050,38,079,"North Dakota","Rolette County",1,43,130,62,68
050,38,079,"North Dakota","Rolette County",1,44,121,59,62
050,38,079,"North Dakota","Rolette County",1,45,110,55,55
050,38,079,"North Dakota","Rolette County",1,46,118,63,55
050,38,079,"North Dakota","Rolette County",1,47,121,63,58
050,38,079,"North Dakota","Rolette County",1,48,121,61,60
050,38,079,"North Dakota","Rolette County",1,49,127,66,61
050,38,079,"North Dakota","Rolette County",1,50,135,62,73
050,38,079,"North Dakota","Rolette County",1,51,121,56,65
050,38,079,"North Dakota","Rolette County",1,52,119,49,70
050,38,079,"North Dakota","Rolette County",1,53,134,63,71
050,38,079,"North Dakota","Rolette County",1,54,134,63,71
050,38,079,"North Dakota","Rolette County",1,55,157,82,75
050,38,079,"North Dakota","Rolette County",1,56,158,81,77
050,38,079,"North Dakota","Rolette County",1,57,160,79,81
050,38,079,"North Dakota","Rolette County",1,58,166,83,83
050,38,079,"North Dakota","Rolette County",1,59,156,77,79
050,38,079,"North Dakota","Rolette County",1,60,139,70,69
050,38,079,"North Dakota","Rolette County",1,61,160,85,75
050,38,079,"North Dakota","Rolette County",1,62,165,86,79
050,38,079,"North Dakota","Rolette County",1,63,137,60,77
050,38,079,"North Dakota","Rolette County",1,64,126,58,68
050,38,079,"North Dakota","Rolette County",1,65,129,74,55
050,38,079,"North Dakota","Rolette County",1,66,134,62,72
050,38,079,"North Dakota","Rolette County",1,67,118,51,67
050,38,079,"North Dakota","Rolette County",1,68,105,45,60
050,38,079,"North Dakota","Rolette County",1,69,96,48,48
050,38,079,"North Dakota","Rolette County",1,70,97,49,48
050,38,079,"North Dakota","Rolette County",1,71,84,36,48
050,38,079,"North Dakota","Rolette County",1,72,90,48,42
050,38,079,"North Dakota","Rolette County",1,73,73,36,37
050,38,079,"North Dakota","Rolette County",1,74,51,26,25
050,38,079,"North Dakota","Rolette County",1,75,61,31,30
050,38,079,"North Dakota","Rolette County",1,76,56,29,27
050,38,079,"North Dakota","Rolette County",1,77,52,22,30
050,38,079,"North Dakota","Rolette County",1,78,55,22,33
050,38,079,"North Dakota","Rolette County",1,79,38,16,22
050,38,079,"North Dakota","Rolette County",1,80,38,19,19
050,38,079,"North Dakota","Rolette County",1,81,33,13,20
050,38,079,"North Dakota","Rolette County",1,82,28,10,18
050,38,079,"North Dakota","Rolette County",1,83,30,14,16
050,38,079,"North Dakota","Rolette County",1,84,28,14,14
050,38,079,"North Dakota","Rolette County",1,85,159,54,105
050,38,079,"North Dakota","Rolette County",2,0,200,103,97
050,38,079,"North Dakota","Rolette County",2,1,191,101,90
050,38,079,"North Dakota","Rolette County",2,2,198,101,97
050,38,079,"North Dakota","Rolette County",2,3,201,106,95
050,38,079,"North Dakota","Rolette County",2,4,204,111,93
050,38,079,"North Dakota","Rolette County",2,5,223,121,102
050,38,079,"North Dakota","Rolette County",2,6,234,130,104
050,38,079,"North Dakota","Rolette County",2,7,244,123,121
050,38,079,"North Dakota","Rolette County",2,8,231,115,116
050,38,079,"North Dakota","Rolette County",2,9,221,118,103
050,38,079,"North Dakota","Rolette County",2,10,241,124,117
050,38,079,"North Dakota","Rolette County",2,11,246,127,119
050,38,079,"North Dakota","Rolette County",2,12,253,125,128
050,38,079,"North Dakota","Rolette County",2,13,256,126,130
050,38,079,"North Dakota","Rolette County",2,14,245,120,125
050,38,079,"North Dakota","Rolette County",2,15,244,127,117
050,38,079,"North Dakota","Rolette County",2,16,222,118,104
050,38,079,"North Dakota","Rolette County",2,17,195,103,92
050,38,079,"North Dakota","Rolette County",2,18,189,102,87
050,38,079,"North Dakota","Rolette County",2,19,159,85,74
050,38,079,"North Dakota","Rolette County",2,20,144,77,67
050,38,079,"North Dakota","Rolette County",2,21,125,63,62
050,38,079,"North Dakota","Rolette County",2,22,126,60,66
050,38,079,"North Dakota","Rolette County",2,23,139,70,69
050,38,079,"North Dakota","Rolette County",2,24,141,72,69
050,38,079,"North Dakota","Rolette County",2,25,137,74,63
050,38,079,"North Dakota","Rolette County",2,26,138,74,64
050,38,079,"North Dakota","Rolette County",2,27,142,75,67
050,38,079,"North Dakota","Rolette County",2,28,153,73,80
050,38,079,"North Dakota","Rolette County",2,29,156,77,79
050,38,079,"North Dakota","Rolette County",2,30,156,75,81
050,38,079,"North Dakota","Rolette County",2,31,132,64,68
050,38,079,"North Dakota","Rolette County",2,32,125,62,63
050,38,079,"North Dakota","Rolette County",2,33,129,63,66
050,38,079,"North Dakota","Rolette County",2,34,146,67,79
050,38,079,"North Dakota","Rolette County",2,35,143,64,79
050,38,079,"North Dakota","Rolette County",2,36,138,65,73
050,38,079,"North Dakota","Rolette County",2,37,146,72,74
050,38,079,"North Dakota","Rolette County",2,38,147,77,70
050,38,079,"North Dakota","Rolette County",2,39,142,74,68
050,38,079,"North Dakota","Rolette County",2,40,143,73,70
050,38,079,"North Dakota","Rolette County",2,41,144,73,71
050,38,079,"North Dakota","Rolette County",2,42,133,66,67
050,38,079,"North Dakota","Rolette County",2,43,134,65,69
050,38,079,"North Dakota","Rolette County",2,44,121,59,62
050,38,079,"North Dakota","Rolette County",2,45,114,57,57
050,38,079,"North Dakota","Rolette County",2,46,116,60,56
050,38,079,"North Dakota","Rolette County",2,47,121,64,57
050,38,079,"North Dakota","Rolette County",2,48,122,63,59
050,38,079,"North Dakota","Rolette County",2,49,128,66,62
050,38,079,"North Dakota","Rolette County",2,50,134,63,71
050,38,079,"North Dakota","Rolette County",2,51,122,56,66
050,38,079,"North Dakota","Rolette County",2,52,118,50,68
050,38,079,"North Dakota","Rolette County",2,53,131,60,71
050,38,079,"North Dakota","Rolette County",2,54,131,62,69
050,38,079,"North Dakota","Rolette County",2,55,152,78,74
050,38,079,"North Dakota","Rolette County",2,56,158,82,76
050,38,079,"North Dakota","Rolette County",2,57,160,79,81
050,38,079,"North Dakota","Rolette County",2,58,163,83,80
050,38,079,"North Dakota","Rolette County",2,59,158,78,80
050,38,079,"North Dakota","Rolette County",2,60,143,72,71
050,38,079,"North Dakota","Rolette County",2,61,155,82,73
050,38,079,"North Dakota","Rolette County",2,62,165,87,78
050,38,079,"North Dakota","Rolette County",2,63,142,66,76
050,38,079,"North Dakota","Rolette County",2,64,127,57,70
050,38,079,"North Dakota","Rolette County",2,65,128,70,58
050,38,079,"North Dakota","Rolette County",2,66,133,65,68
050,38,079,"North Dakota","Rolette County",2,67,121,52,69
050,38,079,"North Dakota","Rolette County",2,68,105,46,59
050,38,079,"North Dakota","Rolette County",2,69,97,48,49
050,38,079,"North Dakota","Rolette County",2,70,97,48,49
050,38,079,"North Dakota","Rolette County",2,71,85,37,48
050,38,079,"North Dakota","Rolette County",2,72,88,45,43
050,38,079,"North Dakota","Rolette County",2,73,79,39,40
050,38,079,"North Dakota","Rolette County",2,74,51,25,26
050,38,079,"North Dakota","Rolette County",2,75,59,31,28
050,38,079,"North Dakota","Rolette County",2,76,56,29,27
050,38,079,"North Dakota","Rolette County",2,77,51,21,30
050,38,079,"North Dakota","Rolette County",2,78,53,22,31
050,38,079,"North Dakota","Rolette County",2,79,40,17,23
050,38,079,"North Dakota","Rolette County",2,80,34,15,19
050,38,079,"North Dakota","Rolette County",2,81,34,14,20
050,38,079,"North Dakota","Rolette County",2,82,28,11,17
050,38,079,"North Dakota","Rolette County",2,83,28,12,16
050,38,079,"North Dakota","Rolette County",2,84,30,15,15
050,38,079,"North Dakota","Rolette County",2,85,159,55,104
050,38,079,"North Dakota","Rolette County",3,0,201,107,94
050,38,079,"North Dakota","Rolette County",3,1,194,96,98
050,38,079,"North Dakota","Rolette County",3,2,186,99,87
050,38,079,"North Dakota","Rolette County",3,3,196,98,98
050,38,079,"North Dakota","Rolette County",3,4,197,108,89
050,38,079,"North Dakota","Rolette County",3,5,204,108,96
050,38,079,"North Dakota","Rolette County",3,6,226,120,106
050,38,079,"North Dakota","Rolette County",3,7,235,126,109
050,38,079,"North Dakota","Rolette County",3,8,243,124,119
050,38,079,"North Dakota","Rolette County",3,9,224,111,113
050,38,079,"North Dakota","Rolette County",3,10,220,117,103
050,38,079,"North Dakota","Rolette County",3,11,240,121,119
050,38,079,"North Dakota","Rolette County",3,12,242,127,115
050,38,079,"North Dakota","Rolette County",3,13,254,125,129
050,38,079,"North Dakota","Rolette County",3,14,246,121,125
050,38,079,"North Dakota","Rolette County",3,15,241,121,120
050,38,079,"North Dakota","Rolette County",3,16,238,125,113
050,38,079,"North Dakota","Rolette County",3,17,219,119,100
050,38,079,"North Dakota","Rolette County",3,18,169,94,75
050,38,079,"North Dakota","Rolette County",3,19,169,88,81
050,38,079,"North Dakota","Rolette County",3,20,159,85,74
050,38,079,"North Dakota","Rolette County",3,21,131,73,58
050,38,079,"North Dakota","Rolette County",3,22,122,66,56
050,38,079,"North Dakota","Rolette County",3,23,133,65,68
050,38,079,"North Dakota","Rolette County",3,24,130,68,62
050,38,079,"North Dakota","Rolette County",3,25,139,69,70
050,38,079,"North Dakota","Rolette County",3,26,141,73,68
050,38,079,"North Dakota","Rolette County",3,27,138,77,61
050,38,079,"North Dakota","Rolette County",3,28,147,76,71
050,38,079,"North Dakota","Rolette County",3,29,151,75,76
050,38,079,"North Dakota","Rolette County",3,30,157,76,81
050,38,079,"North Dakota","Rolette County",3,31,148,68,80
050,38,079,"North Dakota","Rolette County",3,32,137,70,67
050,38,079,"North Dakota","Rolette County",3,33,124,64,60
050,38,079,"North Dakota","Rolette County",3,34,123,61,62
050,38,079,"North Dakota","Rolette County",3,35,138,66,72
050,38,079,"North Dakota","Rolette County",3,36,147,66,81
050,38,079,"North Dakota","Rolette County",3,37,142,70,72
050,38,079,"North Dakota","Rolette County",3,38,134,66,68
050,38,079,"North Dakota","Rolette County",3,39,149,81,68
050,38,079,"North Dakota","Rolette County",3,40,142,69,73
050,38,079,"North Dakota","Rolette County",3,41,149,74,75
050,38,079,"North Dakota","Rolette County",3,42,142,72,70
050,38,079,"North Dakota","Rolette County",3,43,129,64,65
050,38,079,"North Dakota","Rolette County",3,44,132,66,66
050,38,079,"North Dakota","Rolette County",3,45,118,58,60
050,38,079,"North Dakota","Rolette County",3,46,109,53,56
050,38,079,"North Dakota","Rolette County",3,47,112,60,52
050,38,079,"North Dakota","Rolette County",3,48,119,63,56
050,38,079,"North Dakota","Rolette County",3,49,120,60,60
050,38,079,"North Dakota","Rolette County",3,50,125,60,65
050,38,079,"North Dakota","Rolette County",3,51,136,60,76
050,38,079,"North Dakota","Rolette County",3,52,127,57,70
050,38,079,"North Dakota","Rolette County",3,53,118,51,67
050,38,079,"North Dakota","Rolette County",3,54,128,57,71
050,38,079,"North Dakota","Rolette County",3,55,130,63,67
050,38,079,"North Dakota","Rolette County",3,56,147,75,72
050,38,079,"North Dakota","Rolette County",3,57,155,79,76
050,38,079,"North Dakota","Rolette County",3,58,157,77,80
050,38,079,"North Dakota","Rolette County",3,59,154,70,84
050,38,079,"North Dakota","Rolette County",3,60,149,75,74
050,38,079,"North Dakota","Rolette County",3,61,139,66,73
050,38,079,"North Dakota","Rolette County",3,62,150,80,70
050,38,079,"North Dakota","Rolette County",3,63,148,76,72
050,38,079,"North Dakota","Rolette County",3,64,134,63,71
050,38,079,"North Dakota","Rolette County",3,65,120,54,66
050,38,079,"North Dakota","Rolette County",3,66,122,67,55
050,38,079,"North Dakota","Rolette County",3,67,130,61,69
050,38,079,"North Dakota","Rolette County",3,68,120,50,70
050,38,079,"North Dakota","Rolette County",3,69,101,44,57
050,38,079,"North Dakota","Rolette County",3,70,92,47,45
050,38,079,"North Dakota","Rolette County",3,71,91,44,47
050,38,079,"North Dakota","Rolette County",3,72,89,42,47
050,38,079,"North Dakota","Rolette County",3,73,73,29,44
050,38,079,"North Dakota","Rolette County",3,74,78,37,41
050,38,079,"North Dakota","Rolette County",3,75,45,22,23
050,38,079,"North Dakota","Rolette County",3,76,57,29,28
050,38,079,"North Dakota","Rolette County",3,77,48,23,25
050,38,079,"North Dakota","Rolette County",3,78,56,23,33
050,38,079,"North Dakota","Rolette County",3,79,50,22,28
050,38,079,"North Dakota","Rolette County",3,80,33,12,21
050,38,079,"North Dakota","Rolette County",3,81,30,11,19
050,38,079,"North Dakota","Rolette County",3,82,37,14,23
050,38,079,"North Dakota","Rolette County",3,83,19,8,11
050,38,079,"North Dakota","Rolette County",3,84,25,9,16
050,38,079,"North Dakota","Rolette County",3,85,148,56,92
050,38,079,"North Dakota","Rolette County",4,0,171,88,83
050,38,079,"North Dakota","Rolette County",4,1,181,92,89
050,38,079,"North Dakota","Rolette County",4,2,185,91,94
050,38,079,"North Dakota","Rolette County",4,3,184,98,86
050,38,079,"North Dakota","Rolette County",4,4,203,106,97
050,38,079,"North Dakota","Rolette County",4,5,198,110,88
050,38,079,"North Dakota","Rolette County",4,6,205,107,98
050,38,079,"North Dakota","Rolette County",4,7,223,119,104
050,38,079,"North Dakota","Rolette County",4,8,221,125,96
050,38,079,"North Dakota","Rolette County",4,9,241,123,118
050,38,079,"North Dakota","Rolette County",4,10,224,110,114
050,38,079,"North Dakota","Rolette County",4,11,221,118,103
050,38,079,"North Dakota","Rolette County",4,12,241,121,120
050,38,079,"North Dakota","Rolette County",4,13,237,128,109
050,38,079,"North Dakota","Rolette County",4,14,250,124,126
050,38,079,"North Dakota","Rolette County",4,15,249,118,131
050,38,079,"North Dakota","Rolette County",4,16,237,123,114
050,38,079,"North Dakota","Rolette County",4,17,244,129,115
050,38,079,"North Dakota","Rolette County",4,18,194,102,92
050,38,079,"North Dakota","Rolette County",4,19,147,81,66
050,38,079,"North Dakota","Rolette County",4,20,153,74,79
050,38,079,"North Dakota","Rolette County",4,21,149,81,68
050,38,079,"North Dakota","Rolette County",4,22,126,68,58
050,38,079,"North Dakota","Rolette County",4,23,116,57,59
050,38,079,"North Dakota","Rolette County",4,24,130,64,66
050,38,079,"North Dakota","Rolette County",4,25,128,69,59
050,38,079,"North Dakota","Rolette County",4,26,131,65,66
050,38,079,"North Dakota","Rolette County",4,27,135,71,64
050,38,079,"North Dakota","Rolette County",4,28,131,74,57
050,38,079,"North Dakota","Rolette County",4,29,141,75,66
050,38,079,"North Dakota","Rolette County",4,30,149,75,74
050,38,079,"North Dakota","Rolette County",4,31,157,75,82
050,38,079,"North Dakota","Rolette County",4,32,149,66,83
050,38,079,"North Dakota","Rolette County",4,33,123,62,61
050,38,079,"North Dakota","Rolette County",4,34,122,65,57
050,38,079,"North Dakota","Rolette County",4,35,127,59,68
050,38,079,"North Dakota","Rolette County",4,36,140,66,74
050,38,079,"North Dakota","Rolette County",4,37,144,63,81
050,38,079,"North Dakota","Rolette County",4,38,137,68,69
050,38,079,"North Dakota","Rolette County",4,39,138,65,73
050,38,079,"North Dakota","Rolette County",4,40,143,77,66
050,38,079,"North Dakota","Rolette County",4,41,150,75,75
050,38,079,"North Dakota","Rolette County",4,42,143,72,71
050,38,079,"North Dakota","Rolette County",4,43,140,73,67
050,38,079,"North Dakota","Rolette County",4,44,129,65,64
050,38,079,"North Dakota","Rolette County",4,45,137,69,68
050,38,079,"North Dakota","Rolette County",4,46,111,53,58
050,38,079,"North Dakota","Rolette County",4,47,110,54,56
050,38,079,"North Dakota","Rolette County",4,48,110,58,52
050,38,079,"North Dakota","Rolette County",4,49,114,62,52
050,38,079,"North Dakota","Rolette County",4,50,119,57,62
050,38,079,"North Dakota","Rolette County",4,51,124,60,64
050,38,079,"North Dakota","Rolette County",4,52,138,62,76
050,38,079,"North Dakota","Rolette County",4,53,129,57,72
050,38,079,"North Dakota","Rolette County",4,54,112,47,65
050,38,079,"North Dakota","Rolette County",4,55,127,57,70
050,38,079,"North Dakota","Rolette County",4,56,128,61,67
050,38,079,"North Dakota","Rolette County",4,57,150,76,74
050,38,079,"North Dakota","Rolette County",4,58,151,79,72
050,38,079,"North Dakota","Rolette County",4,59,150,71,79
050,38,079,"North Dakota","Rolette County",4,60,144,65,79
050,38,079,"North Dakota","Rolette County",4,61,147,75,72
050,38,079,"North Dakota","Rolette County",4,62,132,65,67
050,38,079,"North Dakota","Rolette County",4,63,138,71,67
050,38,079,"North Dakota","Rolette County",4,64,141,72,69
050,38,079,"North Dakota","Rolette County",4,65,132,60,72
050,38,079,"North Dakota","Rolette County",4,66,117,50,67
050,38,079,"North Dakota","Rolette County",4,67,120,64,56
050,38,079,"North Dakota","Rolette County",4,68,127,60,67
050,38,079,"North Dakota","Rolette County",4,69,111,48,63
050,38,079,"North Dakota","Rolette County",4,70,95,41,54
050,38,079,"North Dakota","Rolette County",4,71,85,44,41
050,38,079,"North Dakota","Rolette County",4,72,94,49,45
050,38,079,"North Dakota","Rolette County",4,73,76,32,44
050,38,079,"North Dakota","Rolette County",4,74,68,24,44
050,38,079,"North Dakota","Rolette County",4,75,72,36,36
050,38,079,"North Dakota","Rolette County",4,76,45,23,22
050,38,079,"North Dakota","Rolette County",4,77,46,24,22
050,38,079,"North Dakota","Rolette County",4,78,54,25,29
050,38,079,"North Dakota","Rolette County",4,79,51,21,30
050,38,079,"North Dakota","Rolette County",4,80,43,18,25
050,38,079,"North Dakota","Rolette County",4,81,27,7,20
050,38,079,"North Dakota","Rolette County",4,82,31,11,20
050,38,079,"North Dakota","Rolette County",4,83,25,10,15
050,38,079,"North Dakota","Rolette County",4,84,17,6,11
050,38,079,"North Dakota","Rolette County",4,85,132,49,83
050,38,079,"North Dakota","Rolette County",5,0,164,83,81
050,38,079,"North Dakota","Rolette County",5,1,178,90,88
050,38,079,"North Dakota","Rolette County",5,2,181,88,93
050,38,079,"North Dakota","Rolette County",5,3,182,90,92
050,38,079,"North Dakota","Rolette County",5,4,186,98,88
050,38,079,"North Dakota","Rolette County",5,5,198,105,93
050,38,079,"North Dakota","Rolette County",5,6,195,114,81
050,38,079,"North Dakota","Rolette County",5,7,198,105,93
050,38,079,"North Dakota","Rolette County",5,8,219,118,101
050,38,079,"North Dakota","Rolette County",5,9,220,121,99
050,38,079,"North Dakota","Rolette County",5,10,242,122,120
050,38,079,"North Dakota","Rolette County",5,11,213,104,109
050,38,079,"North Dakota","Rolette County",5,12,217,117,100
050,38,079,"North Dakota","Rolette County",5,13,233,117,116
050,38,079,"North Dakota","Rolette County",5,14,239,128,111
050,38,079,"North Dakota","Rolette County",5,15,246,125,121
050,38,079,"North Dakota","Rolette County",5,16,246,115,131
050,38,079,"North Dakota","Rolette County",5,17,236,124,112
050,38,079,"North Dakota","Rolette County",5,18,217,116,101
050,38,079,"North Dakota","Rolette County",5,19,167,90,77
050,38,079,"North Dakota","Rolette County",5,20,135,73,62
050,38,079,"North Dakota","Rolette County",5,21,139,67,72
050,38,079,"North Dakota","Rolette County",5,22,148,82,66
050,38,079,"North Dakota","Rolette County",5,23,127,73,54
050,38,079,"North Dakota","Rolette County",5,24,126,57,69
050,38,079,"North Dakota","Rolette County",5,25,123,61,62
050,38,079,"North Dakota","Rolette County",5,26,128,66,62
050,38,079,"North Dakota","Rolette County",5,27,137,68,69
050,38,079,"North Dakota","Rolette County",5,28,134,72,62
050,38,079,"North Dakota","Rolette County",5,29,125,67,58
050,38,079,"North Dakota","Rolette County",5,30,141,74,67
050,38,079,"North Dakota","Rolette County",5,31,150,78,72
050,38,079,"North Dakota","Rolette County",5,32,160,76,84
050,38,079,"North Dakota","Rolette County",5,33,149,65,84
050,38,079,"North Dakota","Rolette County",5,34,127,64,63
050,38,079,"North Dakota","Rolette County",5,35,123,66,57
050,38,079,"North Dakota","Rolette County",5,36,125,62,63
050,38,079,"North Dakota","Rolette County",5,37,140,65,75
050,38,079,"North Dakota","Rolette County",5,38,142,63,79
050,38,079,"North Dakota","Rolette County",5,39,137,69,68
050,38,079,"North Dakota","Rolette County",5,40,133,62,71
050,38,079,"North Dakota","Rolette County",5,41,153,83,70
050,38,079,"North Dakota","Rolette County",5,42,149,78,71
050,38,079,"North Dakota","Rolette County",5,43,137,69,68
050,38,079,"North Dakota","Rolette County",5,44,143,76,67
050,38,079,"North Dakota","Rolette County",5,45,132,69,63
050,38,079,"North Dakota","Rolette County",5,46,139,67,72
050,38,079,"North Dakota","Rolette County",5,47,110,54,56
050,38,079,"North Dakota","Rolette County",5,48,105,52,53
050,38,079,"North Dakota","Rolette County",5,49,113,60,53
050,38,079,"North Dakota","Rolette County",5,50,113,62,51
050,38,079,"North Dakota","Rolette County",5,51,114,54,60
050,38,079,"North Dakota","Rolette County",5,52,123,61,62
050,38,079,"North Dakota","Rolette County",5,53,138,63,75
050,38,079,"North Dakota","Rolette County",5,54,126,56,70
050,38,079,"North Dakota","Rolette County",5,55,106,45,61
050,38,079,"North Dakota","Rolette County",5,56,125,56,69
050,38,079,"North Dakota","Rolette County",5,57,129,61,68
050,38,079,"North Dakota","Rolette County",5,58,153,77,76
050,38,079,"North Dakota","Rolette County",5,59,147,73,74
050,38,079,"North Dakota","Rolette County",5,60,142,66,76
050,38,079,"North Dakota","Rolette County",5,61,142,65,77
050,38,079,"North Dakota","Rolette County",5,62,141,74,67
050,38,079,"North Dakota","Rolette County",5,63,125,57,68
050,38,079,"North Dakota","Rolette County",5,64,131,68,63
050,38,079,"North Dakota","Rolette County",5,65,138,71,67
050,38,079,"North Dakota","Rolette County",5,66,126,56,70
050,38,079,"North Dakota","Rolette County",5,67,110,45,65
050,38,079,"North Dakota","Rolette County",5,68,121,64,57
050,38,079,"North Dakota","Rolette County",5,69,118,55,63
050,38,079,"North Dakota","Rolette County",5,70,103,45,58
050,38,079,"North Dakota","Rolette County",5,71,82,36,46
050,38,079,"North Dakota","Rolette County",5,72,87,49,38
050,38,079,"North Dakota","Rolette County",5,73,81,39,42
050,38,079,"North Dakota","Rolette County",5,74,73,30,43
050,38,079,"North Dakota","Rolette County",5,75,62,23,39
050,38,079,"North Dakota","Rolette County",5,76,69,34,35
050,38,079,"North Dakota","Rolette County",5,77,36,18,18
050,38,079,"North Dakota","Rolette County",5,78,51,26,25
050,38,079,"North Dakota","Rolette County",5,79,50,25,25
050,38,079,"North Dakota","Rolette County",5,80,45,16,29
050,38,079,"North Dakota","Rolette County",5,81,37,13,24
050,38,079,"North Dakota","Rolette County",5,82,27,7,20
050,38,079,"North Dakota","Rolette County",5,83,21,6,15
050,38,079,"North Dakota","Rolette County",5,84,23,7,16
050,38,079,"North Dakota","Rolette County",5,85,106,38,68
050,38,081,"North Dakota","Sargent County",1,0,49,25,24
050,38,081,"North Dakota","Sargent County",1,1,46,22,24
050,38,081,"North Dakota","Sargent County",1,2,49,20,29
050,38,081,"North Dakota","Sargent County",1,3,49,21,28
050,38,081,"North Dakota","Sargent County",1,4,48,24,24
050,38,081,"North Dakota","Sargent County",1,5,52,27,25
050,38,081,"North Dakota","Sargent County",1,6,49,20,29
050,38,081,"North Dakota","Sargent County",1,7,51,25,26
050,38,081,"North Dakota","Sargent County",1,8,40,22,18
050,38,081,"North Dakota","Sargent County",1,9,44,26,18
050,38,081,"North Dakota","Sargent County",1,10,47,28,19
050,38,081,"North Dakota","Sargent County",1,11,53,30,23
050,38,081,"North Dakota","Sargent County",1,12,44,20,24
050,38,081,"North Dakota","Sargent County",1,13,39,23,16
050,38,081,"North Dakota","Sargent County",1,14,45,25,20
050,38,081,"North Dakota","Sargent County",1,15,49,27,22
050,38,081,"North Dakota","Sargent County",1,16,43,22,21
050,38,081,"North Dakota","Sargent County",1,17,42,22,20
050,38,081,"North Dakota","Sargent County",1,18,41,23,18
050,38,081,"North Dakota","Sargent County",1,19,29,14,15
050,38,081,"North Dakota","Sargent County",1,20,31,15,16
050,38,081,"North Dakota","Sargent County",1,21,34,20,14
050,38,081,"North Dakota","Sargent County",1,22,34,15,19
050,38,081,"North Dakota","Sargent County",1,23,42,21,21
050,38,081,"North Dakota","Sargent County",1,24,37,23,14
050,38,081,"North Dakota","Sargent County",1,25,49,30,19
050,38,081,"North Dakota","Sargent County",1,26,48,33,15
050,38,081,"North Dakota","Sargent County",1,27,52,37,15
050,38,081,"North Dakota","Sargent County",1,28,60,34,26
050,38,081,"North Dakota","Sargent County",1,29,42,23,19
050,38,081,"North Dakota","Sargent County",1,30,41,23,18
050,38,081,"North Dakota","Sargent County",1,31,44,22,22
050,38,081,"North Dakota","Sargent County",1,32,33,17,16
050,38,081,"North Dakota","Sargent County",1,33,47,31,16
050,38,081,"North Dakota","Sargent County",1,34,41,23,18
050,38,081,"North Dakota","Sargent County",1,35,41,19,22
050,38,081,"North Dakota","Sargent County",1,36,39,20,19
050,38,081,"North Dakota","Sargent County",1,37,39,24,15
050,38,081,"North Dakota","Sargent County",1,38,39,22,17
050,38,081,"North Dakota","Sargent County",1,39,41,22,19
050,38,081,"North Dakota","Sargent County",1,40,40,22,18
050,38,081,"North Dakota","Sargent County",1,41,51,30,21
050,38,081,"North Dakota","Sargent County",1,42,46,30,16
050,38,081,"North Dakota","Sargent County",1,43,41,24,17
050,38,081,"North Dakota","Sargent County",1,44,41,26,15
050,38,081,"North Dakota","Sargent County",1,45,41,25,16
050,38,081,"North Dakota","Sargent County",1,46,38,19,19
050,38,081,"North Dakota","Sargent County",1,47,44,23,21
050,38,081,"North Dakota","Sargent County",1,48,48,33,15
050,38,081,"North Dakota","Sargent County",1,49,39,20,19
050,38,081,"North Dakota","Sargent County",1,50,41,18,23
050,38,081,"North Dakota","Sargent County",1,51,43,26,17
050,38,081,"North Dakota","Sargent County",1,52,42,21,21
050,38,081,"North Dakota","Sargent County",1,53,51,25,26
050,38,081,"North Dakota","Sargent County",1,54,52,25,27
050,38,081,"North Dakota","Sargent County",1,55,51,29,22
050,38,081,"North Dakota","Sargent County",1,56,55,28,27
050,38,081,"North Dakota","Sargent County",1,57,51,27,24
050,38,081,"North Dakota","Sargent County",1,58,61,34,27
050,38,081,"North Dakota","Sargent County",1,59,66,39,27
050,38,081,"North Dakota","Sargent County",1,60,63,32,31
050,38,081,"North Dakota","Sargent County",1,61,60,32,28
050,38,081,"North Dakota","Sargent County",1,62,61,34,27
050,38,081,"North Dakota","Sargent County",1,63,55,29,26
050,38,081,"North Dakota","Sargent County",1,64,50,30,20
050,38,081,"North Dakota","Sargent County",1,65,55,35,20
050,38,081,"North Dakota","Sargent County",1,66,55,34,21
050,38,081,"North Dakota","Sargent County",1,67,54,26,28
050,38,081,"North Dakota","Sargent County",1,68,65,36,29
050,38,081,"North Dakota","Sargent County",1,69,57,30,27
050,38,081,"North Dakota","Sargent County",1,70,58,28,30
050,38,081,"North Dakota","Sargent County",1,71,48,27,21
050,38,081,"North Dakota","Sargent County",1,72,44,25,19
050,38,081,"North Dakota","Sargent County",1,73,44,26,18
050,38,081,"North Dakota","Sargent County",1,74,31,13,18
050,38,081,"North Dakota","Sargent County",1,75,37,19,18
050,38,081,"North Dakota","Sargent County",1,76,39,19,20
050,38,081,"North Dakota","Sargent County",1,77,36,16,20
050,38,081,"North Dakota","Sargent County",1,78,23,10,13
050,38,081,"North Dakota","Sargent County",1,79,18,9,9
050,38,081,"North Dakota","Sargent County",1,80,27,15,12
050,38,081,"North Dakota","Sargent County",1,81,30,16,14
050,38,081,"North Dakota","Sargent County",1,82,22,12,10
050,38,081,"North Dakota","Sargent County",1,83,11,6,5
050,38,081,"North Dakota","Sargent County",1,84,13,7,6
050,38,081,"North Dakota","Sargent County",1,85,110,43,67
050,38,081,"North Dakota","Sargent County",2,0,43,20,23
050,38,081,"North Dakota","Sargent County",2,1,46,22,24
050,38,081,"North Dakota","Sargent County",2,2,48,20,28
050,38,081,"North Dakota","Sargent County",2,3,49,21,28
050,38,081,"North Dakota","Sargent County",2,4,49,24,25
050,38,081,"North Dakota","Sargent County",2,5,49,26,23
050,38,081,"North Dakota","Sargent County",2,6,50,22,28
050,38,081,"North Dakota","Sargent County",2,7,49,23,26
050,38,081,"North Dakota","Sargent County",2,8,44,24,20
050,38,081,"North Dakota","Sargent County",2,9,44,26,18
050,38,081,"North Dakota","Sargent County",2,10,46,27,19
050,38,081,"North Dakota","Sargent County",2,11,52,30,22
050,38,081,"North Dakota","Sargent County",2,12,46,22,24
050,38,081,"North Dakota","Sargent County",2,13,40,22,18
050,38,081,"North Dakota","Sargent County",2,14,44,24,20
050,38,081,"North Dakota","Sargent County",2,15,48,26,22
050,38,081,"North Dakota","Sargent County",2,16,44,22,22
050,38,081,"North Dakota","Sargent County",2,17,43,23,20
050,38,081,"North Dakota","Sargent County",2,18,40,23,17
050,38,081,"North Dakota","Sargent County",2,19,30,15,15
050,38,081,"North Dakota","Sargent County",2,20,31,15,16
050,38,081,"North Dakota","Sargent County",2,21,32,18,14
050,38,081,"North Dakota","Sargent County",2,22,34,16,18
050,38,081,"North Dakota","Sargent County",2,23,40,20,20
050,38,081,"North Dakota","Sargent County",2,24,38,22,16
050,38,081,"North Dakota","Sargent County",2,25,48,29,19
050,38,081,"North Dakota","Sargent County",2,26,49,33,16
050,38,081,"North Dakota","Sargent County",2,27,53,37,16
050,38,081,"North Dakota","Sargent County",2,28,56,33,23
050,38,081,"North Dakota","Sargent County",2,29,45,25,20
050,38,081,"North Dakota","Sargent County",2,30,41,22,19
050,38,081,"North Dakota","Sargent County",2,31,42,22,20
050,38,081,"North Dakota","Sargent County",2,32,35,18,17
050,38,081,"North Dakota","Sargent County",2,33,45,29,16
050,38,081,"North Dakota","Sargent County",2,34,43,25,18
050,38,081,"North Dakota","Sargent County",2,35,43,21,22
050,38,081,"North Dakota","Sargent County",2,36,38,19,19
050,38,081,"North Dakota","Sargent County",2,37,38,23,15
050,38,081,"North Dakota","Sargent County",2,38,40,23,17
050,38,081,"North Dakota","Sargent County",2,39,41,23,18
050,38,081,"North Dakota","Sargent County",2,40,40,22,18
050,38,081,"North Dakota","Sargent County",2,41,48,28,20
050,38,081,"North Dakota","Sargent County",2,42,47,30,17
050,38,081,"North Dakota","Sargent County",2,43,42,26,16
050,38,081,"North Dakota","Sargent County",2,44,40,25,15
050,38,081,"North Dakota","Sargent County",2,45,41,26,15
050,38,081,"North Dakota","Sargent County",2,46,38,19,19
050,38,081,"North Dakota","Sargent County",2,47,41,22,19
050,38,081,"North Dakota","Sargent County",2,48,47,31,16
050,38,081,"North Dakota","Sargent County",2,49,41,23,18
050,38,081,"North Dakota","Sargent County",2,50,40,18,22
050,38,081,"North Dakota","Sargent County",2,51,42,24,18
050,38,081,"North Dakota","Sargent County",2,52,42,23,19
050,38,081,"North Dakota","Sargent County",2,53,50,25,25
050,38,081,"North Dakota","Sargent County",2,54,50,24,26
050,38,081,"North Dakota","Sargent County",2,55,51,28,23
050,38,081,"North Dakota","Sargent County",2,56,55,29,26
050,38,081,"North Dakota","Sargent County",2,57,51,27,24
050,38,081,"North Dakota","Sargent County",2,58,59,32,27
050,38,081,"North Dakota","Sargent County",2,59,66,38,28
050,38,081,"North Dakota","Sargent County",2,60,63,33,30
050,38,081,"North Dakota","Sargent County",2,61,60,32,28
050,38,081,"North Dakota","Sargent County",2,62,61,33,28
050,38,081,"North Dakota","Sargent County",2,63,55,29,26
050,38,081,"North Dakota","Sargent County",2,64,51,29,22
050,38,081,"North Dakota","Sargent County",2,65,54,34,20
050,38,081,"North Dakota","Sargent County",2,66,54,33,21
050,38,081,"North Dakota","Sargent County",2,67,53,28,25
050,38,081,"North Dakota","Sargent County",2,68,63,35,28
050,38,081,"North Dakota","Sargent County",2,69,57,30,27
050,38,081,"North Dakota","Sargent County",2,70,56,28,28
050,38,081,"North Dakota","Sargent County",2,71,50,27,23
050,38,081,"North Dakota","Sargent County",2,72,43,25,18
050,38,081,"North Dakota","Sargent County",2,73,47,28,19
050,38,081,"North Dakota","Sargent County",2,74,31,14,17
050,38,081,"North Dakota","Sargent County",2,75,35,18,17
050,38,081,"North Dakota","Sargent County",2,76,38,19,19
050,38,081,"North Dakota","Sargent County",2,77,37,18,19
050,38,081,"North Dakota","Sargent County",2,78,25,11,14
050,38,081,"North Dakota","Sargent County",2,79,18,9,9
050,38,081,"North Dakota","Sargent County",2,80,24,13,11
050,38,081,"North Dakota","Sargent County",2,81,29,15,14
050,38,081,"North Dakota","Sargent County",2,82,25,14,11
050,38,081,"North Dakota","Sargent County",2,83,13,7,6
050,38,081,"North Dakota","Sargent County",2,84,12,6,6
050,38,081,"North Dakota","Sargent County",2,85,107,41,66
050,38,081,"North Dakota","Sargent County",3,0,50,33,17
050,38,081,"North Dakota","Sargent County",3,1,48,20,28
050,38,081,"North Dakota","Sargent County",3,2,50,24,26
050,38,081,"North Dakota","Sargent County",3,3,50,21,29
050,38,081,"North Dakota","Sargent County",3,4,47,20,27
050,38,081,"North Dakota","Sargent County",3,5,49,26,23
050,38,081,"North Dakota","Sargent County",3,6,47,25,22
050,38,081,"North Dakota","Sargent County",3,7,46,20,26
050,38,081,"North Dakota","Sargent County",3,8,39,18,21
050,38,081,"North Dakota","Sargent County",3,9,45,23,22
050,38,081,"North Dakota","Sargent County",3,10,45,29,16
050,38,081,"North Dakota","Sargent County",3,11,44,27,17
050,38,081,"North Dakota","Sargent County",3,12,58,31,27
050,38,081,"North Dakota","Sargent County",3,13,45,22,23
050,38,081,"North Dakota","Sargent County",3,14,44,23,21
050,38,081,"North Dakota","Sargent County",3,15,42,23,19
050,38,081,"North Dakota","Sargent County",3,16,45,25,20
050,38,081,"North Dakota","Sargent County",3,17,44,23,21
050,38,081,"North Dakota","Sargent County",3,18,37,20,17
050,38,081,"North Dakota","Sargent County",3,19,32,18,14
050,38,081,"North Dakota","Sargent County",3,20,29,16,13
050,38,081,"North Dakota","Sargent County",3,21,34,17,17
050,38,081,"North Dakota","Sargent County",3,22,33,20,13
050,38,081,"North Dakota","Sargent County",3,23,38,16,22
050,38,081,"North Dakota","Sargent County",3,24,39,20,19
050,38,081,"North Dakota","Sargent County",3,25,45,26,19
050,38,081,"North Dakota","Sargent County",3,26,53,32,21
050,38,081,"North Dakota","Sargent County",3,27,44,29,15
050,38,081,"North Dakota","Sargent County",3,28,55,39,16
050,38,081,"North Dakota","Sargent County",3,29,61,36,25
050,38,081,"North Dakota","Sargent County",3,30,45,23,22
050,38,081,"North Dakota","Sargent County",3,31,47,27,20
050,38,081,"North Dakota","Sargent County",3,32,42,21,21
050,38,081,"North Dakota","Sargent County",3,33,36,19,17
050,38,081,"North Dakota","Sargent County",3,34,40,26,14
050,38,081,"North Dakota","Sargent County",3,35,43,27,16
050,38,081,"North Dakota","Sargent County",3,36,41,19,22
050,38,081,"North Dakota","Sargent County",3,37,36,18,18
050,38,081,"North Dakota","Sargent County",3,38,40,24,16
050,38,081,"North Dakota","Sargent County",3,39,40,24,16
050,38,081,"North Dakota","Sargent County",3,40,38,21,17
050,38,081,"North Dakota","Sargent County",3,41,42,24,18
050,38,081,"North Dakota","Sargent County",3,42,44,25,19
050,38,081,"North Dakota","Sargent County",3,43,48,31,17
050,38,081,"North Dakota","Sargent County",3,44,37,22,15
050,38,081,"North Dakota","Sargent County",3,45,37,21,16
050,38,081,"North Dakota","Sargent County",3,46,40,26,14
050,38,081,"North Dakota","Sargent County",3,47,41,21,20
050,38,081,"North Dakota","Sargent County",3,48,39,20,19
050,38,081,"North Dakota","Sargent County",3,49,46,29,17
050,38,081,"North Dakota","Sargent County",3,50,41,23,18
050,38,081,"North Dakota","Sargent County",3,51,40,18,22
050,38,081,"North Dakota","Sargent County",3,52,45,27,18
050,38,081,"North Dakota","Sargent County",3,53,45,25,20
050,38,081,"North Dakota","Sargent County",3,54,48,21,27
050,38,081,"North Dakota","Sargent County",3,55,50,24,26
050,38,081,"North Dakota","Sargent County",3,56,54,31,23
050,38,081,"North Dakota","Sargent County",3,57,59,32,27
050,38,081,"North Dakota","Sargent County",3,58,50,25,25
050,38,081,"North Dakota","Sargent County",3,59,60,33,27
050,38,081,"North Dakota","Sargent County",3,60,66,37,29
050,38,081,"North Dakota","Sargent County",3,61,62,32,30
050,38,081,"North Dakota","Sargent County",3,62,61,34,27
050,38,081,"North Dakota","Sargent County",3,63,58,30,28
050,38,081,"North Dakota","Sargent County",3,64,55,29,26
050,38,081,"North Dakota","Sargent County",3,65,50,27,23
050,38,081,"North Dakota","Sargent County",3,66,51,33,18
050,38,081,"North Dakota","Sargent County",3,67,54,34,20
050,38,081,"North Dakota","Sargent County",3,68,54,31,23
050,38,081,"North Dakota","Sargent County",3,69,61,30,31
050,38,081,"North Dakota","Sargent County",3,70,58,29,29
050,38,081,"North Dakota","Sargent County",3,71,50,26,24
050,38,081,"North Dakota","Sargent County",3,72,50,27,23
050,38,081,"North Dakota","Sargent County",3,73,40,22,18
050,38,081,"North Dakota","Sargent County",3,74,44,24,20
050,38,081,"North Dakota","Sargent County",3,75,29,14,15
050,38,081,"North Dakota","Sargent County",3,76,35,18,17
050,38,081,"North Dakota","Sargent County",3,77,39,21,18
050,38,081,"North Dakota","Sargent County",3,78,36,18,18
050,38,081,"North Dakota","Sargent County",3,79,22,9,13
050,38,081,"North Dakota","Sargent County",3,80,18,8,10
050,38,081,"North Dakota","Sargent County",3,81,21,10,11
050,38,081,"North Dakota","Sargent County",3,82,28,18,10
050,38,081,"North Dakota","Sargent County",3,83,20,10,10
050,38,081,"North Dakota","Sargent County",3,84,11,6,5
050,38,081,"North Dakota","Sargent County",3,85,104,42,62
050,38,081,"North Dakota","Sargent County",4,0,40,25,15
050,38,081,"North Dakota","Sargent County",4,1,47,30,17
050,38,081,"North Dakota","Sargent County",4,2,52,23,29
050,38,081,"North Dakota","Sargent County",4,3,42,22,20
050,38,081,"North Dakota","Sargent County",4,4,52,22,30
050,38,081,"North Dakota","Sargent County",4,5,45,19,26
050,38,081,"North Dakota","Sargent County",4,6,46,23,23
050,38,081,"North Dakota","Sargent County",4,7,43,22,21
050,38,081,"North Dakota","Sargent County",4,8,44,20,24
050,38,081,"North Dakota","Sargent County",4,9,38,18,20
050,38,081,"North Dakota","Sargent County",4,10,46,23,23
050,38,081,"North Dakota","Sargent County",4,11,44,28,16
050,38,081,"North Dakota","Sargent County",4,12,44,26,18
050,38,081,"North Dakota","Sargent County",4,13,56,30,26
050,38,081,"North Dakota","Sargent County",4,14,46,22,24
050,38,081,"North Dakota","Sargent County",4,15,43,23,20
050,38,081,"North Dakota","Sargent County",4,16,44,24,20
050,38,081,"North Dakota","Sargent County",4,17,47,27,20
050,38,081,"North Dakota","Sargent County",4,18,37,18,19
050,38,081,"North Dakota","Sargent County",4,19,28,16,12
050,38,081,"North Dakota","Sargent County",4,20,38,23,15
050,38,081,"North Dakota","Sargent County",4,21,33,17,16
050,38,081,"North Dakota","Sargent County",4,22,31,15,16
050,38,081,"North Dakota","Sargent County",4,23,30,19,11
050,38,081,"North Dakota","Sargent County",4,24,38,18,20
050,38,081,"North Dakota","Sargent County",4,25,37,19,18
050,38,081,"North Dakota","Sargent County",4,26,44,25,19
050,38,081,"North Dakota","Sargent County",4,27,54,32,22
050,38,081,"North Dakota","Sargent County",4,28,44,30,14
050,38,081,"North Dakota","Sargent County",4,29,54,39,15
050,38,081,"North Dakota","Sargent County",4,30,61,34,27
050,38,081,"North Dakota","Sargent County",4,31,48,25,23
050,38,081,"North Dakota","Sargent County",4,32,44,25,19
050,38,081,"North Dakota","Sargent County",4,33,39,20,19
050,38,081,"North Dakota","Sargent County",4,34,40,22,18
050,38,081,"North Dakota","Sargent County",4,35,39,25,14
050,38,081,"North Dakota","Sargent County",4,36,39,25,14
050,38,081,"North Dakota","Sargent County",4,37,44,21,23
050,38,081,"North Dakota","Sargent County",4,38,34,16,18
050,38,081,"North Dakota","Sargent County",4,39,41,24,17
050,38,081,"North Dakota","Sargent County",4,40,40,24,16
050,38,081,"North Dakota","Sargent County",4,41,38,21,17
050,38,081,"North Dakota","Sargent County",4,42,45,24,21
050,38,081,"North Dakota","Sargent County",4,43,44,25,19
050,38,081,"North Dakota","Sargent County",4,44,49,30,19
050,38,081,"North Dakota","Sargent County",4,45,38,23,15
050,38,081,"North Dakota","Sargent County",4,46,40,24,16
050,38,081,"North Dakota","Sargent County",4,47,37,23,14
050,38,081,"North Dakota","Sargent County",4,48,43,21,22
050,38,081,"North Dakota","Sargent County",4,49,42,23,19
050,38,081,"North Dakota","Sargent County",4,50,49,32,17
050,38,081,"North Dakota","Sargent County",4,51,41,22,19
050,38,081,"North Dakota","Sargent County",4,52,43,19,24
050,38,081,"North Dakota","Sargent County",4,53,47,28,19
050,38,081,"North Dakota","Sargent County",4,54,44,24,20
050,38,081,"North Dakota","Sargent County",4,55,50,23,27
050,38,081,"North Dakota","Sargent County",4,56,48,23,25
050,38,081,"North Dakota","Sargent County",4,57,54,30,24
050,38,081,"North Dakota","Sargent County",4,58,61,33,28
050,38,081,"North Dakota","Sargent County",4,59,54,28,26
050,38,081,"North Dakota","Sargent County",4,60,58,31,27
050,38,081,"North Dakota","Sargent County",4,61,62,34,28
050,38,081,"North Dakota","Sargent County",4,62,63,35,28
050,38,081,"North Dakota","Sargent County",4,63,60,32,28
050,38,081,"North Dakota","Sargent County",4,64,58,29,29
050,38,081,"North Dakota","Sargent County",4,65,54,29,25
050,38,081,"North Dakota","Sargent County",4,66,51,27,24
050,38,081,"North Dakota","Sargent County",4,67,49,32,17
050,38,081,"North Dakota","Sargent County",4,68,54,36,18
050,38,081,"North Dakota","Sargent County",4,69,48,27,21
050,38,081,"North Dakota","Sargent County",4,70,59,27,32
050,38,081,"North Dakota","Sargent County",4,71,55,29,26
050,38,081,"North Dakota","Sargent County",4,72,48,25,23
050,38,081,"North Dakota","Sargent County",4,73,49,28,21
050,38,081,"North Dakota","Sargent County",4,74,39,20,19
050,38,081,"North Dakota","Sargent County",4,75,44,25,19
050,38,081,"North Dakota","Sargent County",4,76,28,13,15
050,38,081,"North Dakota","Sargent County",4,77,33,16,17
050,38,081,"North Dakota","Sargent County",4,78,37,21,16
050,38,081,"North Dakota","Sargent County",4,79,31,15,16
050,38,081,"North Dakota","Sargent County",4,80,22,8,14
050,38,081,"North Dakota","Sargent County",4,81,16,8,8
050,38,081,"North Dakota","Sargent County",4,82,20,11,9
050,38,081,"North Dakota","Sargent County",4,83,21,14,7
050,38,081,"North Dakota","Sargent County",4,84,20,10,10
050,38,081,"North Dakota","Sargent County",4,85,102,44,58
050,38,081,"North Dakota","Sargent County",5,0,42,27,15
050,38,081,"North Dakota","Sargent County",5,1,36,21,15
050,38,081,"North Dakota","Sargent County",5,2,42,28,14
050,38,081,"North Dakota","Sargent County",5,3,50,24,26
050,38,081,"North Dakota","Sargent County",5,4,42,21,21
050,38,081,"North Dakota","Sargent County",5,5,55,23,32
050,38,081,"North Dakota","Sargent County",5,6,45,19,26
050,38,081,"North Dakota","Sargent County",5,7,46,23,23
050,38,081,"North Dakota","Sargent County",5,8,44,23,21
050,38,081,"North Dakota","Sargent County",5,9,42,18,24
050,38,081,"North Dakota","Sargent County",5,10,39,17,22
050,38,081,"North Dakota","Sargent County",5,11,46,24,22
050,38,081,"North Dakota","Sargent County",5,12,41,26,15
050,38,081,"North Dakota","Sargent County",5,13,43,26,17
050,38,081,"North Dakota","Sargent County",5,14,51,28,23
050,38,081,"North Dakota","Sargent County",5,15,45,21,24
050,38,081,"North Dakota","Sargent County",5,16,38,23,15
050,38,081,"North Dakota","Sargent County",5,17,37,20,17
050,38,081,"North Dakota","Sargent County",5,18,35,21,14
050,38,081,"North Dakota","Sargent County",5,19,30,15,15
050,38,081,"North Dakota","Sargent County",5,20,30,18,12
050,38,081,"North Dakota","Sargent County",5,21,41,24,17
050,38,081,"North Dakota","Sargent County",5,22,36,17,19
050,38,081,"North Dakota","Sargent County",5,23,37,17,20
050,38,081,"North Dakota","Sargent County",5,24,31,18,13
050,38,081,"North Dakota","Sargent County",5,25,41,21,20
050,38,081,"North Dakota","Sargent County",5,26,46,23,23
050,38,081,"North Dakota","Sargent County",5,27,51,30,21
050,38,081,"North Dakota","Sargent County",5,28,54,29,25
050,38,081,"North Dakota","Sargent County",5,29,48,33,15
050,38,081,"North Dakota","Sargent County",5,30,51,36,15
050,38,081,"North Dakota","Sargent County",5,31,59,30,29
050,38,081,"North Dakota","Sargent County",5,32,51,28,23
050,38,081,"North Dakota","Sargent County",5,33,43,25,18
050,38,081,"North Dakota","Sargent County",5,34,43,24,19
050,38,081,"North Dakota","Sargent County",5,35,36,19,17
050,38,081,"North Dakota","Sargent County",5,36,36,23,13
050,38,081,"North Dakota","Sargent County",5,37,35,20,15
050,38,081,"North Dakota","Sargent County",5,38,50,27,23
050,38,081,"North Dakota","Sargent County",5,39,38,18,20
050,38,081,"North Dakota","Sargent County",5,40,38,23,15
050,38,081,"North Dakota","Sargent County",5,41,43,27,16
050,38,081,"North Dakota","Sargent County",5,42,40,22,18
050,38,081,"North Dakota","Sargent County",5,43,45,24,21
050,38,081,"North Dakota","Sargent County",5,44,40,23,17
050,38,081,"North Dakota","Sargent County",5,45,46,27,19
050,38,081,"North Dakota","Sargent County",5,46,40,25,15
050,38,081,"North Dakota","Sargent County",5,47,38,22,16
050,38,081,"North Dakota","Sargent County",5,48,39,23,16
050,38,081,"North Dakota","Sargent County",5,49,42,21,21
050,38,081,"North Dakota","Sargent County",5,50,43,24,19
050,38,081,"North Dakota","Sargent County",5,51,48,30,18
050,38,081,"North Dakota","Sargent County",5,52,43,23,20
050,38,081,"North Dakota","Sargent County",5,53,40,19,21
050,38,081,"North Dakota","Sargent County",5,54,43,26,17
050,38,081,"North Dakota","Sargent County",5,55,43,23,20
050,38,081,"North Dakota","Sargent County",5,56,52,25,27
050,38,081,"North Dakota","Sargent County",5,57,51,26,25
050,38,081,"North Dakota","Sargent County",5,58,53,29,24
050,38,081,"North Dakota","Sargent County",5,59,57,30,27
050,38,081,"North Dakota","Sargent County",5,60,53,27,26
050,38,081,"North Dakota","Sargent County",5,61,58,32,26
050,38,081,"North Dakota","Sargent County",5,62,58,33,25
050,38,081,"North Dakota","Sargent County",5,63,62,34,28
050,38,081,"North Dakota","Sargent County",5,64,62,32,30
050,38,081,"North Dakota","Sargent County",5,65,54,30,24
050,38,081,"North Dakota","Sargent County",5,66,53,29,24
050,38,081,"North Dakota","Sargent County",5,67,49,26,23
050,38,081,"North Dakota","Sargent County",5,68,49,34,15
050,38,081,"North Dakota","Sargent County",5,69,49,31,18
050,38,081,"North Dakota","Sargent County",5,70,46,26,20
050,38,081,"North Dakota","Sargent County",5,71,60,28,32
050,38,081,"North Dakota","Sargent County",5,72,52,30,22
050,38,081,"North Dakota","Sargent County",5,73,49,26,23
050,38,081,"North Dakota","Sargent County",5,74,48,27,21
050,38,081,"North Dakota","Sargent County",5,75,37,19,18
050,38,081,"North Dakota","Sargent County",5,76,42,23,19
050,38,081,"North Dakota","Sargent County",5,77,28,13,15
050,38,081,"North Dakota","Sargent County",5,78,31,16,15
050,38,081,"North Dakota","Sargent County",5,79,32,18,14
050,38,081,"North Dakota","Sargent County",5,80,31,14,17
050,38,081,"North Dakota","Sargent County",5,81,20,7,13
050,38,081,"North Dakota","Sargent County",5,82,17,10,7
050,38,081,"North Dakota","Sargent County",5,83,14,8,6
050,38,081,"North Dakota","Sargent County",5,84,22,14,8
050,38,081,"North Dakota","Sargent County",5,85,110,49,61
050,38,083,"North Dakota","Sheridan County",1,0,12,6,6
050,38,083,"North Dakota","Sheridan County",1,1,9,5,4
050,38,083,"North Dakota","Sheridan County",1,2,12,9,3
050,38,083,"North Dakota","Sheridan County",1,3,15,10,5
050,38,083,"North Dakota","Sheridan County",1,4,16,10,6
050,38,083,"North Dakota","Sheridan County",1,5,14,6,8
050,38,083,"North Dakota","Sheridan County",1,6,12,7,5
050,38,083,"North Dakota","Sheridan County",1,7,17,6,11
050,38,083,"North Dakota","Sheridan County",1,8,12,7,5
050,38,083,"North Dakota","Sheridan County",1,9,11,7,4
050,38,083,"North Dakota","Sheridan County",1,10,12,4,8
050,38,083,"North Dakota","Sheridan County",1,11,8,3,5
050,38,083,"North Dakota","Sheridan County",1,12,7,3,4
050,38,083,"North Dakota","Sheridan County",1,13,14,6,8
050,38,083,"North Dakota","Sheridan County",1,14,15,10,5
050,38,083,"North Dakota","Sheridan County",1,15,11,5,6
050,38,083,"North Dakota","Sheridan County",1,16,9,4,5
050,38,083,"North Dakota","Sheridan County",1,17,14,10,4
050,38,083,"North Dakota","Sheridan County",1,18,11,7,4
050,38,083,"North Dakota","Sheridan County",1,19,9,5,4
050,38,083,"North Dakota","Sheridan County",1,20,6,1,5
050,38,083,"North Dakota","Sheridan County",1,21,10,6,4
050,38,083,"North Dakota","Sheridan County",1,22,9,6,3
050,38,083,"North Dakota","Sheridan County",1,23,5,2,3
050,38,083,"North Dakota","Sheridan County",1,24,9,6,3
050,38,083,"North Dakota","Sheridan County",1,25,11,7,4
050,38,083,"North Dakota","Sheridan County",1,26,11,7,4
050,38,083,"North Dakota","Sheridan County",1,27,12,8,4
050,38,083,"North Dakota","Sheridan County",1,28,10,5,5
050,38,083,"North Dakota","Sheridan County",1,29,5,2,3
050,38,083,"North Dakota","Sheridan County",1,30,8,3,5
050,38,083,"North Dakota","Sheridan County",1,31,11,5,6
050,38,083,"North Dakota","Sheridan County",1,32,12,3,9
050,38,083,"North Dakota","Sheridan County",1,33,12,3,9
050,38,083,"North Dakota","Sheridan County",1,34,13,6,7
050,38,083,"North Dakota","Sheridan County",1,35,17,11,6
050,38,083,"North Dakota","Sheridan County",1,36,14,10,4
050,38,083,"North Dakota","Sheridan County",1,37,8,5,3
050,38,083,"North Dakota","Sheridan County",1,38,13,6,7
050,38,083,"North Dakota","Sheridan County",1,39,11,4,7
050,38,083,"North Dakota","Sheridan County",1,40,13,8,5
050,38,083,"North Dakota","Sheridan County",1,41,13,5,8
050,38,083,"North Dakota","Sheridan County",1,42,8,5,3
050,38,083,"North Dakota","Sheridan County",1,43,9,4,5
050,38,083,"North Dakota","Sheridan County",1,44,10,8,2
050,38,083,"North Dakota","Sheridan County",1,45,4,4,0
050,38,083,"North Dakota","Sheridan County",1,46,7,5,2
050,38,083,"North Dakota","Sheridan County",1,47,10,4,6
050,38,083,"North Dakota","Sheridan County",1,48,8,4,4
050,38,083,"North Dakota","Sheridan County",1,49,16,7,9
050,38,083,"North Dakota","Sheridan County",1,50,20,12,8
050,38,083,"North Dakota","Sheridan County",1,51,17,10,7
050,38,083,"North Dakota","Sheridan County",1,52,17,8,9
050,38,083,"North Dakota","Sheridan County",1,53,17,8,9
050,38,083,"North Dakota","Sheridan County",1,54,13,7,6
050,38,083,"North Dakota","Sheridan County",1,55,20,8,12
050,38,083,"North Dakota","Sheridan County",1,56,18,8,10
050,38,083,"North Dakota","Sheridan County",1,57,16,7,9
050,38,083,"North Dakota","Sheridan County",1,58,18,10,8
050,38,083,"North Dakota","Sheridan County",1,59,23,15,8
050,38,083,"North Dakota","Sheridan County",1,60,21,13,8
050,38,083,"North Dakota","Sheridan County",1,61,21,10,11
050,38,083,"North Dakota","Sheridan County",1,62,19,10,9
050,38,083,"North Dakota","Sheridan County",1,63,28,15,13
050,38,083,"North Dakota","Sheridan County",1,64,23,12,11
050,38,083,"North Dakota","Sheridan County",1,65,20,11,9
050,38,083,"North Dakota","Sheridan County",1,66,20,11,9
050,38,083,"North Dakota","Sheridan County",1,67,23,11,12
050,38,083,"North Dakota","Sheridan County",1,68,24,12,12
050,38,083,"North Dakota","Sheridan County",1,69,18,9,9
050,38,083,"North Dakota","Sheridan County",1,70,16,10,6
050,38,083,"North Dakota","Sheridan County",1,71,13,10,3
050,38,083,"North Dakota","Sheridan County",1,72,19,9,10
050,38,083,"North Dakota","Sheridan County",1,73,19,7,12
050,38,083,"North Dakota","Sheridan County",1,74,18,8,10
050,38,083,"North Dakota","Sheridan County",1,75,16,7,9
050,38,083,"North Dakota","Sheridan County",1,76,17,7,10
050,38,083,"North Dakota","Sheridan County",1,77,22,12,10
050,38,083,"North Dakota","Sheridan County",1,78,24,13,11
050,38,083,"North Dakota","Sheridan County",1,79,12,7,5
050,38,083,"North Dakota","Sheridan County",1,80,10,5,5
050,38,083,"North Dakota","Sheridan County",1,81,16,8,8
050,38,083,"North Dakota","Sheridan County",1,82,11,4,7
050,38,083,"North Dakota","Sheridan County",1,83,14,5,9
050,38,083,"North Dakota","Sheridan County",1,84,12,4,8
050,38,083,"North Dakota","Sheridan County",1,85,85,35,50
050,38,083,"North Dakota","Sheridan County",2,0,15,8,7
050,38,083,"North Dakota","Sheridan County",2,1,9,5,4
050,38,083,"North Dakota","Sheridan County",2,2,12,9,3
050,38,083,"North Dakota","Sheridan County",2,3,13,9,4
050,38,083,"North Dakota","Sheridan County",2,4,16,10,6
050,38,083,"North Dakota","Sheridan County",2,5,15,7,8
050,38,083,"North Dakota","Sheridan County",2,6,11,6,5
050,38,083,"North Dakota","Sheridan County",2,7,15,6,9
050,38,083,"North Dakota","Sheridan County",2,8,12,6,6
050,38,083,"North Dakota","Sheridan County",2,9,10,6,4
050,38,083,"North Dakota","Sheridan County",2,10,12,5,7
050,38,083,"North Dakota","Sheridan County",2,11,9,3,6
050,38,083,"North Dakota","Sheridan County",2,12,7,3,4
050,38,083,"North Dakota","Sheridan County",2,13,12,5,7
050,38,083,"North Dakota","Sheridan County",2,14,15,9,6
050,38,083,"North Dakota","Sheridan County",2,15,12,7,5
050,38,083,"North Dakota","Sheridan County",2,16,10,5,5
050,38,083,"North Dakota","Sheridan County",2,17,13,9,4
050,38,083,"North Dakota","Sheridan County",2,18,12,8,4
050,38,083,"North Dakota","Sheridan County",2,19,8,4,4
050,38,083,"North Dakota","Sheridan County",2,20,7,2,5
050,38,083,"North Dakota","Sheridan County",2,21,9,5,4
050,38,083,"North Dakota","Sheridan County",2,22,8,5,3
050,38,083,"North Dakota","Sheridan County",2,23,6,3,3
050,38,083,"North Dakota","Sheridan County",2,24,8,5,3
050,38,083,"North Dakota","Sheridan County",2,25,11,7,4
050,38,083,"North Dakota","Sheridan County",2,26,11,7,4
050,38,083,"North Dakota","Sheridan County",2,27,11,7,4
050,38,083,"North Dakota","Sheridan County",2,28,11,6,5
050,38,083,"North Dakota","Sheridan County",2,29,6,3,3
050,38,083,"North Dakota","Sheridan County",2,30,8,3,5
050,38,083,"North Dakota","Sheridan County",2,31,11,5,6
050,38,083,"North Dakota","Sheridan County",2,32,12,4,8
050,38,083,"North Dakota","Sheridan County",2,33,12,3,9
050,38,083,"North Dakota","Sheridan County",2,34,13,5,8
050,38,083,"North Dakota","Sheridan County",2,35,16,10,6
050,38,083,"North Dakota","Sheridan County",2,36,15,11,4
050,38,083,"North Dakota","Sheridan County",2,37,9,6,3
050,38,083,"North Dakota","Sheridan County",2,38,12,6,6
050,38,083,"North Dakota","Sheridan County",2,39,12,5,7
050,38,083,"North Dakota","Sheridan County",2,40,13,7,6
050,38,083,"North Dakota","Sheridan County",2,41,12,5,7
050,38,083,"North Dakota","Sheridan County",2,42,9,5,4
050,38,083,"North Dakota","Sheridan County",2,43,9,4,5
050,38,083,"North Dakota","Sheridan County",2,44,10,7,3
050,38,083,"North Dakota","Sheridan County",2,45,6,5,1
050,38,083,"North Dakota","Sheridan County",2,46,7,5,2
050,38,083,"North Dakota","Sheridan County",2,47,9,4,5
050,38,083,"North Dakota","Sheridan County",2,48,8,4,4
050,38,083,"North Dakota","Sheridan County",2,49,14,6,8
050,38,083,"North Dakota","Sheridan County",2,50,19,11,8
050,38,083,"North Dakota","Sheridan County",2,51,17,10,7
050,38,083,"North Dakota","Sheridan County",2,52,17,8,9
050,38,083,"North Dakota","Sheridan County",2,53,17,8,9
050,38,083,"North Dakota","Sheridan County",2,54,13,7,6
050,38,083,"North Dakota","Sheridan County",2,55,19,8,11
050,38,083,"North Dakota","Sheridan County",2,56,19,8,11
050,38,083,"North Dakota","Sheridan County",2,57,16,7,9
050,38,083,"North Dakota","Sheridan County",2,58,17,9,8
050,38,083,"North Dakota","Sheridan County",2,59,22,14,8
050,38,083,"North Dakota","Sheridan County",2,60,21,13,8
050,38,083,"North Dakota","Sheridan County",2,61,21,11,10
050,38,083,"North Dakota","Sheridan County",2,62,19,10,9
050,38,083,"North Dakota","Sheridan County",2,63,26,14,12
050,38,083,"North Dakota","Sheridan County",2,64,24,13,11
050,38,083,"North Dakota","Sheridan County",2,65,21,11,10
050,38,083,"North Dakota","Sheridan County",2,66,20,11,9
050,38,083,"North Dakota","Sheridan County",2,67,22,11,11
050,38,083,"North Dakota","Sheridan County",2,68,23,12,11
050,38,083,"North Dakota","Sheridan County",2,69,20,10,10
050,38,083,"North Dakota","Sheridan County",2,70,17,10,7
050,38,083,"North Dakota","Sheridan County",2,71,14,10,4
050,38,083,"North Dakota","Sheridan County",2,72,17,9,8
050,38,083,"North Dakota","Sheridan County",2,73,20,8,12
050,38,083,"North Dakota","Sheridan County",2,74,17,7,10
050,38,083,"North Dakota","Sheridan County",2,75,16,7,9
050,38,083,"North Dakota","Sheridan County",2,76,17,7,10
050,38,083,"North Dakota","Sheridan County",2,77,21,11,10
050,38,083,"North Dakota","Sheridan County",2,78,23,12,11
050,38,083,"North Dakota","Sheridan County",2,79,15,8,7
050,38,083,"North Dakota","Sheridan County",2,80,11,6,5
050,38,083,"North Dakota","Sheridan County",2,81,13,7,6
050,38,083,"North Dakota","Sheridan County",2,82,12,5,7
050,38,083,"North Dakota","Sheridan County",2,83,14,5,9
050,38,083,"North Dakota","Sheridan County",2,84,12,4,8
050,38,083,"North Dakota","Sheridan County",2,85,84,34,50
050,38,083,"North Dakota","Sheridan County",3,0,12,6,6
050,38,083,"North Dakota","Sheridan County",3,1,14,8,6
050,38,083,"North Dakota","Sheridan County",3,2,13,5,8
050,38,083,"North Dakota","Sheridan County",3,3,12,9,3
050,38,083,"North Dakota","Sheridan County",3,4,20,10,10
050,38,083,"North Dakota","Sheridan County",3,5,16,10,6
050,38,083,"North Dakota","Sheridan County",3,6,15,6,9
050,38,083,"North Dakota","Sheridan County",3,7,10,5,5
050,38,083,"North Dakota","Sheridan County",3,8,15,6,9
050,38,083,"North Dakota","Sheridan County",3,9,12,6,6
050,38,083,"North Dakota","Sheridan County",3,10,11,7,4
050,38,083,"North Dakota","Sheridan County",3,11,13,6,7
050,38,083,"North Dakota","Sheridan County",3,12,9,4,5
050,38,083,"North Dakota","Sheridan County",3,13,7,3,4
050,38,083,"North Dakota","Sheridan County",3,14,11,5,6
050,38,083,"North Dakota","Sheridan County",3,15,17,11,6
050,38,083,"North Dakota","Sheridan County",3,16,10,5,5
050,38,083,"North Dakota","Sheridan County",3,17,10,5,5
050,38,083,"North Dakota","Sheridan County",3,18,14,9,5
050,38,083,"North Dakota","Sheridan County",3,19,11,8,3
050,38,083,"North Dakota","Sheridan County",3,20,8,3,5
050,38,083,"North Dakota","Sheridan County",3,21,3,1,2
050,38,083,"North Dakota","Sheridan County",3,22,6,2,4
050,38,083,"North Dakota","Sheridan County",3,23,7,5,2
050,38,083,"North Dakota","Sheridan County",3,24,7,3,4
050,38,083,"North Dakota","Sheridan County",3,25,6,4,2
050,38,083,"North Dakota","Sheridan County",3,26,8,6,2
050,38,083,"North Dakota","Sheridan County",3,27,13,7,6
050,38,083,"North Dakota","Sheridan County",3,28,15,9,6
050,38,083,"North Dakota","Sheridan County",3,29,11,7,4
050,38,083,"North Dakota","Sheridan County",3,30,6,3,3
050,38,083,"North Dakota","Sheridan County",3,31,9,3,6
050,38,083,"North Dakota","Sheridan County",3,32,11,5,6
050,38,083,"North Dakota","Sheridan County",3,33,13,5,8
050,38,083,"North Dakota","Sheridan County",3,34,15,4,11
050,38,083,"North Dakota","Sheridan County",3,35,13,5,8
050,38,083,"North Dakota","Sheridan County",3,36,16,10,6
050,38,083,"North Dakota","Sheridan County",3,37,15,10,5
050,38,083,"North Dakota","Sheridan County",3,38,9,6,3
050,38,083,"North Dakota","Sheridan County",3,39,12,6,6
050,38,083,"North Dakota","Sheridan County",3,40,11,4,7
050,38,083,"North Dakota","Sheridan County",3,41,12,6,6
050,38,083,"North Dakota","Sheridan County",3,42,11,5,6
050,38,083,"North Dakota","Sheridan County",3,43,10,6,4
050,38,083,"North Dakota","Sheridan County",3,44,13,4,9
050,38,083,"North Dakota","Sheridan County",3,45,9,7,2
050,38,083,"North Dakota","Sheridan County",3,46,8,6,2
050,38,083,"North Dakota","Sheridan County",3,47,8,6,2
050,38,083,"North Dakota","Sheridan County",3,48,13,5,8
050,38,083,"North Dakota","Sheridan County",3,49,8,5,3
050,38,083,"North Dakota","Sheridan County",3,50,14,6,8
050,38,083,"North Dakota","Sheridan County",3,51,17,11,6
050,38,083,"North Dakota","Sheridan County",3,52,16,11,5
050,38,083,"North Dakota","Sheridan County",3,53,17,7,10
050,38,083,"North Dakota","Sheridan County",3,54,17,8,9
050,38,083,"North Dakota","Sheridan County",3,55,12,6,6
050,38,083,"North Dakota","Sheridan County",3,56,19,8,11
050,38,083,"North Dakota","Sheridan County",3,57,20,8,12
050,38,083,"North Dakota","Sheridan County",3,58,17,8,9
050,38,083,"North Dakota","Sheridan County",3,59,14,8,6
050,38,083,"North Dakota","Sheridan County",3,60,21,13,8
050,38,083,"North Dakota","Sheridan County",3,61,20,12,8
050,38,083,"North Dakota","Sheridan County",3,62,20,10,10
050,38,083,"North Dakota","Sheridan County",3,63,19,10,9
050,38,083,"North Dakota","Sheridan County",3,64,25,13,12
050,38,083,"North Dakota","Sheridan County",3,65,24,13,11
050,38,083,"North Dakota","Sheridan County",3,66,22,11,11
050,38,083,"North Dakota","Sheridan County",3,67,20,12,8
050,38,083,"North Dakota","Sheridan County",3,68,25,11,14
050,38,083,"North Dakota","Sheridan County",3,69,21,12,9
050,38,083,"North Dakota","Sheridan County",3,70,20,10,10
050,38,083,"North Dakota","Sheridan County",3,71,16,10,6
050,38,083,"North Dakota","Sheridan County",3,72,14,10,4
050,38,083,"North Dakota","Sheridan County",3,73,16,8,8
050,38,083,"North Dakota","Sheridan County",3,74,20,8,12
050,38,083,"North Dakota","Sheridan County",3,75,17,7,10
050,38,083,"North Dakota","Sheridan County",3,76,16,7,9
050,38,083,"North Dakota","Sheridan County",3,77,16,7,9
050,38,083,"North Dakota","Sheridan County",3,78,19,10,9
050,38,083,"North Dakota","Sheridan County",3,79,22,12,10
050,38,083,"North Dakota","Sheridan County",3,80,16,8,8
050,38,083,"North Dakota","Sheridan County",3,81,10,5,5
050,38,083,"North Dakota","Sheridan County",3,82,13,7,6
050,38,083,"North Dakota","Sheridan County",3,83,11,5,6
050,38,083,"North Dakota","Sheridan County",3,84,14,5,9
050,38,083,"North Dakota","Sheridan County",3,85,85,35,50
050,38,083,"North Dakota","Sheridan County",4,0,10,5,5
050,38,083,"North Dakota","Sheridan County",4,1,17,6,11
050,38,083,"North Dakota","Sheridan County",4,2,14,8,6
050,38,083,"North Dakota","Sheridan County",4,3,15,5,10
050,38,083,"North Dakota","Sheridan County",4,4,14,11,3
050,38,083,"North Dakota","Sheridan County",4,5,22,10,12
050,38,083,"North Dakota","Sheridan County",4,6,18,10,8
050,38,083,"North Dakota","Sheridan County",4,7,15,6,9
050,38,083,"North Dakota","Sheridan County",4,8,11,5,6
050,38,083,"North Dakota","Sheridan County",4,9,15,6,9
050,38,083,"North Dakota","Sheridan County",4,10,13,7,6
050,38,083,"North Dakota","Sheridan County",4,11,11,7,4
050,38,083,"North Dakota","Sheridan County",4,12,13,5,8
050,38,083,"North Dakota","Sheridan County",4,13,10,4,6
050,38,083,"North Dakota","Sheridan County",4,14,8,3,5
050,38,083,"North Dakota","Sheridan County",4,15,11,5,6
050,38,083,"North Dakota","Sheridan County",4,16,18,11,7
050,38,083,"North Dakota","Sheridan County",4,17,12,6,6
050,38,083,"North Dakota","Sheridan County",4,18,7,4,3
050,38,083,"North Dakota","Sheridan County",4,19,8,6,2
050,38,083,"North Dakota","Sheridan County",4,20,13,9,4
050,38,083,"North Dakota","Sheridan County",4,21,7,2,5
050,38,083,"North Dakota","Sheridan County",4,22,3,1,2
050,38,083,"North Dakota","Sheridan County",4,23,6,2,4
050,38,083,"North Dakota","Sheridan County",4,24,9,5,4
050,38,083,"North Dakota","Sheridan County",4,25,8,4,4
050,38,083,"North Dakota","Sheridan County",4,26,8,4,4
050,38,083,"North Dakota","Sheridan County",4,27,11,8,3
050,38,083,"North Dakota","Sheridan County",4,28,14,7,7
050,38,083,"North Dakota","Sheridan County",4,29,13,7,6
050,38,083,"North Dakota","Sheridan County",4,30,8,4,4
050,38,083,"North Dakota","Sheridan County",4,31,5,3,2
050,38,083,"North Dakota","Sheridan County",4,32,6,2,4
050,38,083,"North Dakota","Sheridan County",4,33,13,6,7
050,38,083,"North Dakota","Sheridan County",4,34,14,5,9
050,38,083,"North Dakota","Sheridan County",4,35,15,5,10
050,38,083,"North Dakota","Sheridan County",4,36,13,6,7
050,38,083,"North Dakota","Sheridan County",4,37,14,10,4
050,38,083,"North Dakota","Sheridan County",4,38,16,11,5
050,38,083,"North Dakota","Sheridan County",4,39,9,6,3
050,38,083,"North Dakota","Sheridan County",4,40,11,5,6
050,38,083,"North Dakota","Sheridan County",4,41,14,4,10
050,38,083,"North Dakota","Sheridan County",4,42,12,6,6
050,38,083,"North Dakota","Sheridan County",4,43,13,7,6
050,38,083,"North Dakota","Sheridan County",4,44,10,6,4
050,38,083,"North Dakota","Sheridan County",4,45,14,4,10
050,38,083,"North Dakota","Sheridan County",4,46,10,7,3
050,38,083,"North Dakota","Sheridan County",4,47,8,6,2
050,38,083,"North Dakota","Sheridan County",4,48,7,6,1
050,38,083,"North Dakota","Sheridan County",4,49,12,5,7
050,38,083,"North Dakota","Sheridan County",4,50,9,5,4
050,38,083,"North Dakota","Sheridan County",4,51,14,6,8
050,38,083,"North Dakota","Sheridan County",4,52,17,11,6
050,38,083,"North Dakota","Sheridan County",4,53,15,11,4
050,38,083,"North Dakota","Sheridan County",4,54,17,7,10
050,38,083,"North Dakota","Sheridan County",4,55,16,7,9
050,38,083,"North Dakota","Sheridan County",4,56,12,6,6
050,38,083,"North Dakota","Sheridan County",4,57,20,8,12
050,38,083,"North Dakota","Sheridan County",4,58,18,8,10
050,38,083,"North Dakota","Sheridan County",4,59,17,8,9
050,38,083,"North Dakota","Sheridan County",4,60,14,8,6
050,38,083,"North Dakota","Sheridan County",4,61,20,12,8
050,38,083,"North Dakota","Sheridan County",4,62,20,12,8
050,38,083,"North Dakota","Sheridan County",4,63,20,10,10
050,38,083,"North Dakota","Sheridan County",4,64,17,9,8
050,38,083,"North Dakota","Sheridan County",4,65,25,13,12
050,38,083,"North Dakota","Sheridan County",4,66,24,13,11
050,38,083,"North Dakota","Sheridan County",4,67,24,9,15
050,38,083,"North Dakota","Sheridan County",4,68,21,12,9
050,38,083,"North Dakota","Sheridan County",4,69,24,11,13
050,38,083,"North Dakota","Sheridan County",4,70,22,13,9
050,38,083,"North Dakota","Sheridan County",4,71,22,12,10
050,38,083,"North Dakota","Sheridan County",4,72,18,12,6
050,38,083,"North Dakota","Sheridan County",4,73,13,9,4
050,38,083,"North Dakota","Sheridan County",4,74,13,6,7
050,38,083,"North Dakota","Sheridan County",4,75,21,8,13
050,38,083,"North Dakota","Sheridan County",4,76,18,7,11
050,38,083,"North Dakota","Sheridan County",4,77,15,7,8
050,38,083,"North Dakota","Sheridan County",4,78,15,6,9
050,38,083,"North Dakota","Sheridan County",4,79,20,11,9
050,38,083,"North Dakota","Sheridan County",4,80,22,12,10
050,38,083,"North Dakota","Sheridan County",4,81,17,8,9
050,38,083,"North Dakota","Sheridan County",4,82,11,5,6
050,38,083,"North Dakota","Sheridan County",4,83,13,7,6
050,38,083,"North Dakota","Sheridan County",4,84,11,5,6
050,38,083,"North Dakota","Sheridan County",4,85,93,38,55
050,38,083,"North Dakota","Sheridan County",5,0,8,5,3
050,38,083,"North Dakota","Sheridan County",5,1,10,5,5
050,38,083,"North Dakota","Sheridan County",5,2,18,7,11
050,38,083,"North Dakota","Sheridan County",5,3,14,8,6
050,38,083,"North Dakota","Sheridan County",5,4,15,6,9
050,38,083,"North Dakota","Sheridan County",5,5,16,13,3
050,38,083,"North Dakota","Sheridan County",5,6,21,9,12
050,38,083,"North Dakota","Sheridan County",5,7,19,11,8
050,38,083,"North Dakota","Sheridan County",5,8,16,7,9
050,38,083,"North Dakota","Sheridan County",5,9,11,5,6
050,38,083,"North Dakota","Sheridan County",5,10,14,6,8
050,38,083,"North Dakota","Sheridan County",5,11,14,8,6
050,38,083,"North Dakota","Sheridan County",5,12,11,7,4
050,38,083,"North Dakota","Sheridan County",5,13,13,5,8
050,38,083,"North Dakota","Sheridan County",5,14,11,4,7
050,38,083,"North Dakota","Sheridan County",5,15,9,4,5
050,38,083,"North Dakota","Sheridan County",5,16,12,5,7
050,38,083,"North Dakota","Sheridan County",5,17,16,9,7
050,38,083,"North Dakota","Sheridan County",5,18,8,5,3
050,38,083,"North Dakota","Sheridan County",5,19,5,4,1
050,38,083,"North Dakota","Sheridan County",5,20,9,6,3
050,38,083,"North Dakota","Sheridan County",5,21,11,8,3
050,38,083,"North Dakota","Sheridan County",5,22,6,2,4
050,38,083,"North Dakota","Sheridan County",5,23,3,1,2
050,38,083,"North Dakota","Sheridan County",5,24,5,2,3
050,38,083,"North Dakota","Sheridan County",5,25,7,5,2
050,38,083,"North Dakota","Sheridan County",5,26,7,4,3
050,38,083,"North Dakota","Sheridan County",5,27,10,5,5
050,38,083,"North Dakota","Sheridan County",5,28,12,8,4
050,38,083,"North Dakota","Sheridan County",5,29,14,6,8
050,38,083,"North Dakota","Sheridan County",5,30,12,7,5
050,38,083,"North Dakota","Sheridan County",5,31,10,4,6
050,38,083,"North Dakota","Sheridan County",5,32,6,3,3
050,38,083,"North Dakota","Sheridan County",5,33,9,4,5
050,38,083,"North Dakota","Sheridan County",5,34,13,6,7
050,38,083,"North Dakota","Sheridan County",5,35,14,5,9
050,38,083,"North Dakota","Sheridan County",5,36,16,6,10
050,38,083,"North Dakota","Sheridan County",5,37,14,7,7
050,38,083,"North Dakota","Sheridan County",5,38,14,10,4
050,38,083,"North Dakota","Sheridan County",5,39,18,12,6
050,38,083,"North Dakota","Sheridan County",5,40,8,5,3
050,38,083,"North Dakota","Sheridan County",5,41,12,5,7
050,38,083,"North Dakota","Sheridan County",5,42,12,4,8
050,38,083,"North Dakota","Sheridan County",5,43,12,6,6
050,38,083,"North Dakota","Sheridan County",5,44,13,7,6
050,38,083,"North Dakota","Sheridan County",5,45,12,6,6
050,38,083,"North Dakota","Sheridan County",5,46,14,4,10
050,38,083,"North Dakota","Sheridan County",5,47,10,7,3
050,38,083,"North Dakota","Sheridan County",5,48,9,6,3
050,38,083,"North Dakota","Sheridan County",5,49,6,6,0
050,38,083,"North Dakota","Sheridan County",5,50,10,4,6
050,38,083,"North Dakota","Sheridan County",5,51,10,6,4
050,38,083,"North Dakota","Sheridan County",5,52,14,6,8
050,38,083,"North Dakota","Sheridan County",5,53,16,11,5
050,38,083,"North Dakota","Sheridan County",5,54,13,11,2
050,38,083,"North Dakota","Sheridan County",5,55,16,6,10
050,38,083,"North Dakota","Sheridan County",5,56,17,7,10
050,38,083,"North Dakota","Sheridan County",5,57,12,6,6
050,38,083,"North Dakota","Sheridan County",5,58,19,8,11
050,38,083,"North Dakota","Sheridan County",5,59,18,8,10
050,38,083,"North Dakota","Sheridan County",5,60,16,7,9
050,38,083,"North Dakota","Sheridan County",5,61,11,7,4
050,38,083,"North Dakota","Sheridan County",5,62,20,12,8
050,38,083,"North Dakota","Sheridan County",5,63,19,10,9
050,38,083,"North Dakota","Sheridan County",5,64,19,10,9
050,38,083,"North Dakota","Sheridan County",5,65,17,9,8
050,38,083,"North Dakota","Sheridan County",5,66,25,13,12
050,38,083,"North Dakota","Sheridan County",5,67,23,11,12
050,38,083,"North Dakota","Sheridan County",5,68,22,9,13
050,38,083,"North Dakota","Sheridan County",5,69,20,12,8
050,38,083,"North Dakota","Sheridan County",5,70,23,11,12
050,38,083,"North Dakota","Sheridan County",5,71,21,13,8
050,38,083,"North Dakota","Sheridan County",5,72,22,12,10
050,38,083,"North Dakota","Sheridan County",5,73,17,11,6
050,38,083,"North Dakota","Sheridan County",5,74,12,9,3
050,38,083,"North Dakota","Sheridan County",5,75,13,6,7
050,38,083,"North Dakota","Sheridan County",5,76,20,7,13
050,38,083,"North Dakota","Sheridan County",5,77,18,7,11
050,38,083,"North Dakota","Sheridan County",5,78,14,6,8
050,38,083,"North Dakota","Sheridan County",5,79,15,6,9
050,38,083,"North Dakota","Sheridan County",5,80,22,11,11
050,38,083,"North Dakota","Sheridan County",5,81,20,11,9
050,38,083,"North Dakota","Sheridan County",5,82,15,8,7
050,38,083,"North Dakota","Sheridan County",5,83,11,5,6
050,38,083,"North Dakota","Sheridan County",5,84,12,7,5
050,38,083,"North Dakota","Sheridan County",5,85,95,39,56
050,38,085,"North Dakota","Sioux County",1,0,65,33,32
050,38,085,"North Dakota","Sioux County",1,1,65,36,29
050,38,085,"North Dakota","Sioux County",1,2,69,40,29
050,38,085,"North Dakota","Sioux County",1,3,73,37,36
050,38,085,"North Dakota","Sioux County",1,4,70,23,47
050,38,085,"North Dakota","Sioux County",1,5,79,39,40
050,38,085,"North Dakota","Sioux County",1,6,74,39,35
050,38,085,"North Dakota","Sioux County",1,7,79,37,42
050,38,085,"North Dakota","Sioux County",1,8,77,34,43
050,38,085,"North Dakota","Sioux County",1,9,72,35,37
050,38,085,"North Dakota","Sioux County",1,10,72,38,34
050,38,085,"North Dakota","Sioux County",1,11,83,43,40
050,38,085,"North Dakota","Sioux County",1,12,86,45,41
050,38,085,"North Dakota","Sioux County",1,13,82,34,48
050,38,085,"North Dakota","Sioux County",1,14,90,41,49
050,38,085,"North Dakota","Sioux County",1,15,66,36,30
050,38,085,"North Dakota","Sioux County",1,16,79,45,34
050,38,085,"North Dakota","Sioux County",1,17,70,39,31
050,38,085,"North Dakota","Sioux County",1,18,62,36,26
050,38,085,"North Dakota","Sioux County",1,19,71,38,33
050,38,085,"North Dakota","Sioux County",1,20,60,29,31
050,38,085,"North Dakota","Sioux County",1,21,58,26,32
050,38,085,"North Dakota","Sioux County",1,22,65,33,32
050,38,085,"North Dakota","Sioux County",1,23,53,23,30
050,38,085,"North Dakota","Sioux County",1,24,28,13,15
050,38,085,"North Dakota","Sioux County",1,25,41,24,17
050,38,085,"North Dakota","Sioux County",1,26,45,28,17
050,38,085,"North Dakota","Sioux County",1,27,49,25,24
050,38,085,"North Dakota","Sioux County",1,28,59,25,34
050,38,085,"North Dakota","Sioux County",1,29,45,23,22
050,38,085,"North Dakota","Sioux County",1,30,46,23,23
050,38,085,"North Dakota","Sioux County",1,31,39,24,15
050,38,085,"North Dakota","Sioux County",1,32,54,34,20
050,38,085,"North Dakota","Sioux County",1,33,44,22,22
050,38,085,"North Dakota","Sioux County",1,34,41,23,18
050,38,085,"North Dakota","Sioux County",1,35,50,21,29
050,38,085,"North Dakota","Sioux County",1,36,50,31,19
050,38,085,"North Dakota","Sioux County",1,37,58,37,21
050,38,085,"North Dakota","Sioux County",1,38,41,18,23
050,38,085,"North Dakota","Sioux County",1,39,41,19,22
050,38,085,"North Dakota","Sioux County",1,40,33,14,19
050,38,085,"North Dakota","Sioux County",1,41,41,15,26
050,38,085,"North Dakota","Sioux County",1,42,39,21,18
050,38,085,"North Dakota","Sioux County",1,43,44,29,15
050,38,085,"North Dakota","Sioux County",1,44,47,27,20
050,38,085,"North Dakota","Sioux County",1,45,42,18,24
050,38,085,"North Dakota","Sioux County",1,46,51,22,29
050,38,085,"North Dakota","Sioux County",1,47,39,18,21
050,38,085,"North Dakota","Sioux County",1,48,44,22,22
050,38,085,"North Dakota","Sioux County",1,49,42,25,17
050,38,085,"North Dakota","Sioux County",1,50,42,20,22
050,38,085,"North Dakota","Sioux County",1,51,46,24,22
050,38,085,"North Dakota","Sioux County",1,52,50,23,27
050,38,085,"North Dakota","Sioux County",1,53,53,25,28
050,38,085,"North Dakota","Sioux County",1,54,48,19,29
050,38,085,"North Dakota","Sioux County",1,55,55,28,27
050,38,085,"North Dakota","Sioux County",1,56,47,28,19
050,38,085,"North Dakota","Sioux County",1,57,52,29,23
050,38,085,"North Dakota","Sioux County",1,58,50,18,32
050,38,085,"North Dakota","Sioux County",1,59,42,17,25
050,38,085,"North Dakota","Sioux County",1,60,45,26,19
050,38,085,"North Dakota","Sioux County",1,61,43,23,20
050,38,085,"North Dakota","Sioux County",1,62,38,17,21
050,38,085,"North Dakota","Sioux County",1,63,29,11,18
050,38,085,"North Dakota","Sioux County",1,64,29,17,12
050,38,085,"North Dakota","Sioux County",1,65,32,17,15
050,38,085,"North Dakota","Sioux County",1,66,27,18,9
050,38,085,"North Dakota","Sioux County",1,67,26,15,11
050,38,085,"North Dakota","Sioux County",1,68,27,14,13
050,38,085,"North Dakota","Sioux County",1,69,22,8,14
050,38,085,"North Dakota","Sioux County",1,70,16,6,10
050,38,085,"North Dakota","Sioux County",1,71,19,9,10
050,38,085,"North Dakota","Sioux County",1,72,18,8,10
050,38,085,"North Dakota","Sioux County",1,73,15,6,9
050,38,085,"North Dakota","Sioux County",1,74,9,3,6
050,38,085,"North Dakota","Sioux County",1,75,15,6,9
050,38,085,"North Dakota","Sioux County",1,76,15,7,8
050,38,085,"North Dakota","Sioux County",1,77,10,6,4
050,38,085,"North Dakota","Sioux County",1,78,14,7,7
050,38,085,"North Dakota","Sioux County",1,79,15,10,5
050,38,085,"North Dakota","Sioux County",1,80,13,7,6
050,38,085,"North Dakota","Sioux County",1,81,11,6,5
050,38,085,"North Dakota","Sioux County",1,82,12,8,4
050,38,085,"North Dakota","Sioux County",1,83,5,2,3
050,38,085,"North Dakota","Sioux County",1,84,2,0,2
050,38,085,"North Dakota","Sioux County",1,85,31,14,17
050,38,085,"North Dakota","Sioux County",2,0,65,35,30
050,38,085,"North Dakota","Sioux County",2,1,66,36,30
050,38,085,"North Dakota","Sioux County",2,2,70,41,29
050,38,085,"North Dakota","Sioux County",2,3,71,37,34
050,38,085,"North Dakota","Sioux County",2,4,71,26,45
050,38,085,"North Dakota","Sioux County",2,5,76,35,41
050,38,085,"North Dakota","Sioux County",2,6,75,40,35
050,38,085,"North Dakota","Sioux County",2,7,79,38,41
050,38,085,"North Dakota","Sioux County",2,8,77,34,43
050,38,085,"North Dakota","Sioux County",2,9,73,35,38
050,38,085,"North Dakota","Sioux County",2,10,71,37,34
050,38,085,"North Dakota","Sioux County",2,11,80,41,39
050,38,085,"North Dakota","Sioux County",2,12,85,44,41
050,38,085,"North Dakota","Sioux County",2,13,84,37,47
050,38,085,"North Dakota","Sioux County",2,14,85,38,47
050,38,085,"North Dakota","Sioux County",2,15,72,37,35
050,38,085,"North Dakota","Sioux County",2,16,75,43,32
050,38,085,"North Dakota","Sioux County",2,17,70,40,30
050,38,085,"North Dakota","Sioux County",2,18,62,35,27
050,38,085,"North Dakota","Sioux County",2,19,66,36,30
050,38,085,"North Dakota","Sioux County",2,20,62,31,31
050,38,085,"North Dakota","Sioux County",2,21,59,27,32
050,38,085,"North Dakota","Sioux County",2,22,64,32,32
050,38,085,"North Dakota","Sioux County",2,23,56,25,31
050,38,085,"North Dakota","Sioux County",2,24,33,16,17
050,38,085,"North Dakota","Sioux County",2,25,38,21,17
050,38,085,"North Dakota","Sioux County",2,26,45,28,17
050,38,085,"North Dakota","Sioux County",2,27,49,25,24
050,38,085,"North Dakota","Sioux County",2,28,55,25,30
050,38,085,"North Dakota","Sioux County",2,29,48,23,25
050,38,085,"North Dakota","Sioux County",2,30,45,22,23
050,38,085,"North Dakota","Sioux County",2,31,40,24,16
050,38,085,"North Dakota","Sioux County",2,32,52,33,19
050,38,085,"North Dakota","Sioux County",2,33,45,25,20
050,38,085,"North Dakota","Sioux County",2,34,43,24,19
050,38,085,"North Dakota","Sioux County",2,35,47,22,25
050,38,085,"North Dakota","Sioux County",2,36,51,30,21
050,38,085,"North Dakota","Sioux County",2,37,52,31,21
050,38,085,"North Dakota","Sioux County",2,38,44,22,22
050,38,085,"North Dakota","Sioux County",2,39,40,18,22
050,38,085,"North Dakota","Sioux County",2,40,34,15,19
050,38,085,"North Dakota","Sioux County",2,41,35,13,22
050,38,085,"North Dakota","Sioux County",2,42,39,19,20
050,38,085,"North Dakota","Sioux County",2,43,44,28,16
050,38,085,"North Dakota","Sioux County",2,44,46,27,19
050,38,085,"North Dakota","Sioux County",2,45,45,21,24
050,38,085,"North Dakota","Sioux County",2,46,48,20,28
050,38,085,"North Dakota","Sioux County",2,47,41,18,23
050,38,085,"North Dakota","Sioux County",2,48,43,21,22
050,38,085,"North Dakota","Sioux County",2,49,41,23,18
050,38,085,"North Dakota","Sioux County",2,50,41,21,20
050,38,085,"North Dakota","Sioux County",2,51,45,23,22
050,38,085,"North Dakota","Sioux County",2,52,49,23,26
050,38,085,"North Dakota","Sioux County",2,53,54,25,29
050,38,085,"North Dakota","Sioux County",2,54,49,20,29
050,38,085,"North Dakota","Sioux County",2,55,54,26,28
050,38,085,"North Dakota","Sioux County",2,56,49,28,21
050,38,085,"North Dakota","Sioux County",2,57,50,28,22
050,38,085,"North Dakota","Sioux County",2,58,50,20,30
050,38,085,"North Dakota","Sioux County",2,59,43,17,26
050,38,085,"North Dakota","Sioux County",2,60,46,25,21
050,38,085,"North Dakota","Sioux County",2,61,41,22,19
050,38,085,"North Dakota","Sioux County",2,62,40,19,21
050,38,085,"North Dakota","Sioux County",2,63,32,13,19
050,38,085,"North Dakota","Sioux County",2,64,28,15,13
050,38,085,"North Dakota","Sioux County",2,65,30,16,14
050,38,085,"North Dakota","Sioux County",2,66,28,18,10
050,38,085,"North Dakota","Sioux County",2,67,27,16,11
050,38,085,"North Dakota","Sioux County",2,68,24,11,13
050,38,085,"North Dakota","Sioux County",2,69,22,9,13
050,38,085,"North Dakota","Sioux County",2,70,16,6,10
050,38,085,"North Dakota","Sioux County",2,71,18,8,10
050,38,085,"North Dakota","Sioux County",2,72,18,8,10
050,38,085,"North Dakota","Sioux County",2,73,16,7,9
050,38,085,"North Dakota","Sioux County",2,74,10,4,6
050,38,085,"North Dakota","Sioux County",2,75,15,6,9
050,38,085,"North Dakota","Sioux County",2,76,15,7,8
050,38,085,"North Dakota","Sioux County",2,77,12,7,5
050,38,085,"North Dakota","Sioux County",2,78,12,6,6
050,38,085,"North Dakota","Sioux County",2,79,14,9,5
050,38,085,"North Dakota","Sioux County",2,80,14,8,6
050,38,085,"North Dakota","Sioux County",2,81,11,6,5
050,38,085,"North Dakota","Sioux County",2,82,12,8,4
050,38,085,"North Dakota","Sioux County",2,83,6,3,3
050,38,085,"North Dakota","Sioux County",2,84,2,0,2
050,38,085,"North Dakota","Sioux County",2,85,30,13,17
050,38,085,"North Dakota","Sioux County",3,0,65,30,35
050,38,085,"North Dakota","Sioux County",3,1,68,35,33
050,38,085,"North Dakota","Sioux County",3,2,66,37,29
050,38,085,"North Dakota","Sioux County",3,3,68,37,31
050,38,085,"North Dakota","Sioux County",3,4,67,37,30
050,38,085,"North Dakota","Sioux County",3,5,68,31,37
050,38,085,"North Dakota","Sioux County",3,6,75,38,37
050,38,085,"North Dakota","Sioux County",3,7,69,38,31
050,38,085,"North Dakota","Sioux County",3,8,76,36,40
050,38,085,"North Dakota","Sioux County",3,9,77,34,43
050,38,085,"North Dakota","Sioux County",3,10,74,37,37
050,38,085,"North Dakota","Sioux County",3,11,68,36,32
050,38,085,"North Dakota","Sioux County",3,12,78,40,38
050,38,085,"North Dakota","Sioux County",3,13,82,41,41
050,38,085,"North Dakota","Sioux County",3,14,82,32,50
050,38,085,"North Dakota","Sioux County",3,15,83,37,46
050,38,085,"North Dakota","Sioux County",3,16,75,39,36
050,38,085,"North Dakota","Sioux County",3,17,74,41,33
050,38,085,"North Dakota","Sioux County",3,18,67,37,30
050,38,085,"North Dakota","Sioux County",3,19,52,28,24
050,38,085,"North Dakota","Sioux County",3,20,58,33,25
050,38,085,"North Dakota","Sioux County",3,21,56,28,28
050,38,085,"North Dakota","Sioux County",3,22,58,26,32
050,38,085,"North Dakota","Sioux County",3,23,61,23,38
050,38,085,"North Dakota","Sioux County",3,24,51,27,24
050,38,085,"North Dakota","Sioux County",3,25,27,9,18
050,38,085,"North Dakota","Sioux County",3,26,38,20,18
050,38,085,"North Dakota","Sioux County",3,27,46,31,15
050,38,085,"North Dakota","Sioux County",3,28,49,25,24
050,38,085,"North Dakota","Sioux County",3,29,48,22,26
050,38,085,"North Dakota","Sioux County",3,30,49,23,26
050,38,085,"North Dakota","Sioux County",3,31,38,18,20
050,38,085,"North Dakota","Sioux County",3,32,35,22,13
050,38,085,"North Dakota","Sioux County",3,33,48,31,17
050,38,085,"North Dakota","Sioux County",3,34,43,23,20
050,38,085,"North Dakota","Sioux County",3,35,42,25,17
050,38,085,"North Dakota","Sioux County",3,36,45,23,22
050,38,085,"North Dakota","Sioux County",3,37,33,17,16
050,38,085,"North Dakota","Sioux County",3,38,49,31,18
050,38,085,"North Dakota","Sioux County",3,39,39,15,24
050,38,085,"North Dakota","Sioux County",3,40,37,18,19
050,38,085,"North Dakota","Sioux County",3,41,33,15,18
050,38,085,"North Dakota","Sioux County",3,42,34,12,22
050,38,085,"North Dakota","Sioux County",3,43,33,13,20
050,38,085,"North Dakota","Sioux County",3,44,42,26,16
050,38,085,"North Dakota","Sioux County",3,45,41,23,18
050,38,085,"North Dakota","Sioux County",3,46,46,22,24
050,38,085,"North Dakota","Sioux County",3,47,45,19,26
050,38,085,"North Dakota","Sioux County",3,48,45,18,27
050,38,085,"North Dakota","Sioux County",3,49,41,21,20
050,38,085,"North Dakota","Sioux County",3,50,39,21,18
050,38,085,"North Dakota","Sioux County",3,51,43,20,23
050,38,085,"North Dakota","Sioux County",3,52,46,24,22
050,38,085,"North Dakota","Sioux County",3,53,51,25,26
050,38,085,"North Dakota","Sioux County",3,54,49,20,29
050,38,085,"North Dakota","Sioux County",3,55,51,21,30
050,38,085,"North Dakota","Sioux County",3,56,51,23,28
050,38,085,"North Dakota","Sioux County",3,57,45,26,19
050,38,085,"North Dakota","Sioux County",3,58,45,25,20
050,38,085,"North Dakota","Sioux County",3,59,42,14,28
050,38,085,"North Dakota","Sioux County",3,60,41,16,25
050,38,085,"North Dakota","Sioux County",3,61,47,27,20
050,38,085,"North Dakota","Sioux County",3,62,39,21,18
050,38,085,"North Dakota","Sioux County",3,63,40,19,21
050,38,085,"North Dakota","Sioux County",3,64,26,10,16
050,38,085,"North Dakota","Sioux County",3,65,22,11,11
050,38,085,"North Dakota","Sioux County",3,66,28,15,13
050,38,085,"North Dakota","Sioux County",3,67,26,18,8
050,38,085,"North Dakota","Sioux County",3,68,28,16,12
050,38,085,"North Dakota","Sioux County",3,69,24,11,13
050,38,085,"North Dakota","Sioux County",3,70,21,9,12
050,38,085,"North Dakota","Sioux County",3,71,16,7,9
050,38,085,"North Dakota","Sioux County",3,72,17,8,9
050,38,085,"North Dakota","Sioux County",3,73,15,7,8
050,38,085,"North Dakota","Sioux County",3,74,15,6,9
050,38,085,"North Dakota","Sioux County",3,75,8,3,5
050,38,085,"North Dakota","Sioux County",3,76,14,5,9
050,38,085,"North Dakota","Sioux County",3,77,12,5,7
050,38,085,"North Dakota","Sioux County",3,78,12,7,5
050,38,085,"North Dakota","Sioux County",3,79,12,6,6
050,38,085,"North Dakota","Sioux County",3,80,13,9,4
050,38,085,"North Dakota","Sioux County",3,81,12,8,4
050,38,085,"North Dakota","Sioux County",3,82,9,5,4
050,38,085,"North Dakota","Sioux County",3,83,10,7,3
050,38,085,"North Dakota","Sioux County",3,84,6,3,3
050,38,085,"North Dakota","Sioux County",3,85,28,11,17
050,38,085,"North Dakota","Sioux County",4,0,58,26,32
050,38,085,"North Dakota","Sioux County",4,1,64,29,35
050,38,085,"North Dakota","Sioux County",4,2,66,32,34
050,38,085,"North Dakota","Sioux County",4,3,62,33,29
050,38,085,"North Dakota","Sioux County",4,4,69,37,32
050,38,085,"North Dakota","Sioux County",4,5,58,32,26
050,38,085,"North Dakota","Sioux County",4,6,66,28,38
050,38,085,"North Dakota","Sioux County",4,7,78,38,40
050,38,085,"North Dakota","Sioux County",4,8,70,38,32
050,38,085,"North Dakota","Sioux County",4,9,81,41,40
050,38,085,"North Dakota","Sioux County",4,10,76,34,42
050,38,085,"North Dakota","Sioux County",4,11,75,38,37
050,38,085,"North Dakota","Sioux County",4,12,64,36,28
050,38,085,"North Dakota","Sioux County",4,13,69,35,34
050,38,085,"North Dakota","Sioux County",4,14,76,37,39
050,38,085,"North Dakota","Sioux County",4,15,85,33,52
050,38,085,"North Dakota","Sioux County",4,16,78,35,43
050,38,085,"North Dakota","Sioux County",4,17,74,40,34
050,38,085,"North Dakota","Sioux County",4,18,72,36,36
050,38,085,"North Dakota","Sioux County",4,19,62,30,32
050,38,085,"North Dakota","Sioux County",4,20,56,32,24
050,38,085,"North Dakota","Sioux County",4,21,52,26,26
050,38,085,"North Dakota","Sioux County",4,22,59,31,28
050,38,085,"North Dakota","Sioux County",4,23,61,24,37
050,38,085,"North Dakota","Sioux County",4,24,50,20,30
050,38,085,"North Dakota","Sioux County",4,25,45,22,23
050,38,085,"North Dakota","Sioux County",4,26,24,8,16
050,38,085,"North Dakota","Sioux County",4,27,40,20,20
050,38,085,"North Dakota","Sioux County",4,28,48,36,12
050,38,085,"North Dakota","Sioux County",4,29,47,25,22
050,38,085,"North Dakota","Sioux County",4,30,48,24,24
050,38,085,"North Dakota","Sioux County",4,31,42,18,24
050,38,085,"North Dakota","Sioux County",4,32,38,21,17
050,38,085,"North Dakota","Sioux County",4,33,34,20,14
050,38,085,"North Dakota","Sioux County",4,34,50,32,18
050,38,085,"North Dakota","Sioux County",4,35,43,24,19
050,38,085,"North Dakota","Sioux County",4,36,45,30,15
050,38,085,"North Dakota","Sioux County",4,37,35,14,21
050,38,085,"North Dakota","Sioux County",4,38,35,19,16
050,38,085,"North Dakota","Sioux County",4,39,49,30,19
050,38,085,"North Dakota","Sioux County",4,40,45,18,27
050,38,085,"North Dakota","Sioux County",4,41,36,14,22
050,38,085,"North Dakota","Sioux County",4,42,37,15,22
050,38,085,"North Dakota","Sioux County",4,43,34,14,20
050,38,085,"North Dakota","Sioux County",4,44,34,13,21
050,38,085,"North Dakota","Sioux County",4,45,38,22,16
050,38,085,"North Dakota","Sioux County",4,46,45,25,20
050,38,085,"North Dakota","Sioux County",4,47,40,18,22
050,38,085,"North Dakota","Sioux County",4,48,46,19,27
050,38,085,"North Dakota","Sioux County",4,49,34,15,19
050,38,085,"North Dakota","Sioux County",4,50,38,20,18
050,38,085,"North Dakota","Sioux County",4,51,38,20,18
050,38,085,"North Dakota","Sioux County",4,52,40,17,23
050,38,085,"North Dakota","Sioux County",4,53,45,23,22
050,38,085,"North Dakota","Sioux County",4,54,50,22,28
050,38,085,"North Dakota","Sioux County",4,55,48,22,26
050,38,085,"North Dakota","Sioux County",4,56,49,18,31
050,38,085,"North Dakota","Sioux County",4,57,50,22,28
050,38,085,"North Dakota","Sioux County",4,58,45,26,19
050,38,085,"North Dakota","Sioux County",4,59,44,24,20
050,38,085,"North Dakota","Sioux County",4,60,40,10,30
050,38,085,"North Dakota","Sioux County",4,61,44,17,27
050,38,085,"North Dakota","Sioux County",4,62,46,27,19
050,38,085,"North Dakota","Sioux County",4,63,39,21,18
050,38,085,"North Dakota","Sioux County",4,64,33,15,18
050,38,085,"North Dakota","Sioux County",4,65,24,10,14
050,38,085,"North Dakota","Sioux County",4,66,21,10,11
050,38,085,"North Dakota","Sioux County",4,67,28,15,13
050,38,085,"North Dakota","Sioux County",4,68,25,17,8
050,38,085,"North Dakota","Sioux County",4,69,25,14,11
050,38,085,"North Dakota","Sioux County",4,70,23,11,12
050,38,085,"North Dakota","Sioux County",4,71,19,9,10
050,38,085,"North Dakota","Sioux County",4,72,14,6,8
050,38,085,"North Dakota","Sioux County",4,73,14,6,8
050,38,085,"North Dakota","Sioux County",4,74,15,7,8
050,38,085,"North Dakota","Sioux County",4,75,15,6,9
050,38,085,"North Dakota","Sioux County",4,76,9,4,5
050,38,085,"North Dakota","Sioux County",4,77,11,4,7
050,38,085,"North Dakota","Sioux County",4,78,12,5,7
050,38,085,"North Dakota","Sioux County",4,79,12,7,5
050,38,085,"North Dakota","Sioux County",4,80,11,6,5
050,38,085,"North Dakota","Sioux County",4,81,11,8,3
050,38,085,"North Dakota","Sioux County",4,82,10,7,3
050,38,085,"North Dakota","Sioux County",4,83,8,5,3
050,38,085,"North Dakota","Sioux County",4,84,10,7,3
050,38,085,"North Dakota","Sioux County",4,85,27,12,15
050,38,085,"North Dakota","Sioux County",5,0,55,27,28
050,38,085,"North Dakota","Sioux County",5,1,50,14,36
050,38,085,"North Dakota","Sioux County",5,2,71,29,42
050,38,085,"North Dakota","Sioux County",5,3,57,29,28
050,38,085,"North Dakota","Sioux County",5,4,72,38,34
050,38,085,"North Dakota","Sioux County",5,5,64,36,28
050,38,085,"North Dakota","Sioux County",5,6,64,33,31
050,38,085,"North Dakota","Sioux County",5,7,66,29,37
050,38,085,"North Dakota","Sioux County",5,8,72,37,35
050,38,085,"North Dakota","Sioux County",5,9,71,37,34
050,38,085,"North Dakota","Sioux County",5,10,77,38,39
050,38,085,"North Dakota","Sioux County",5,11,78,33,45
050,38,085,"North Dakota","Sioux County",5,12,73,37,36
050,38,085,"North Dakota","Sioux County",5,13,67,37,30
050,38,085,"North Dakota","Sioux County",5,14,68,37,31
050,38,085,"North Dakota","Sioux County",5,15,75,34,41
050,38,085,"North Dakota","Sioux County",5,16,83,33,50
050,38,085,"North Dakota","Sioux County",5,17,84,38,46
050,38,085,"North Dakota","Sioux County",5,18,73,41,32
050,38,085,"North Dakota","Sioux County",5,19,64,32,32
050,38,085,"North Dakota","Sioux County",5,20,65,39,26
050,38,085,"North Dakota","Sioux County",5,21,60,33,27
050,38,085,"North Dakota","Sioux County",5,22,57,28,29
050,38,085,"North Dakota","Sioux County",5,23,64,27,37
050,38,085,"North Dakota","Sioux County",5,24,46,23,23
050,38,085,"North Dakota","Sioux County",5,25,42,17,25
050,38,085,"North Dakota","Sioux County",5,26,50,28,22
050,38,085,"North Dakota","Sioux County",5,27,24,6,18
050,38,085,"North Dakota","Sioux County",5,28,42,24,18
050,38,085,"North Dakota","Sioux County",5,29,31,21,10
050,38,085,"North Dakota","Sioux County",5,30,37,20,17
050,38,085,"North Dakota","Sioux County",5,31,48,25,23
050,38,085,"North Dakota","Sioux County",5,32,47,22,25
050,38,085,"North Dakota","Sioux County",5,33,37,20,17
050,38,085,"North Dakota","Sioux County",5,34,39,22,17
050,38,085,"North Dakota","Sioux County",5,35,53,31,22
050,38,085,"North Dakota","Sioux County",5,36,47,29,18
050,38,085,"North Dakota","Sioux County",5,37,42,24,18
050,38,085,"North Dakota","Sioux County",5,38,32,12,20
050,38,085,"North Dakota","Sioux County",5,39,27,14,13
050,38,085,"North Dakota","Sioux County",5,40,48,29,19
050,38,085,"North Dakota","Sioux County",5,41,41,16,25
050,38,085,"North Dakota","Sioux County",5,42,41,18,23
050,38,085,"North Dakota","Sioux County",5,43,36,17,19
050,38,085,"North Dakota","Sioux County",5,44,35,15,20
050,38,085,"North Dakota","Sioux County",5,45,36,13,23
050,38,085,"North Dakota","Sioux County",5,46,40,23,17
050,38,085,"North Dakota","Sioux County",5,47,40,23,17
050,38,085,"North Dakota","Sioux County",5,48,41,18,23
050,38,085,"North Dakota","Sioux County",5,49,44,17,27
050,38,085,"North Dakota","Sioux County",5,50,32,14,18
050,38,085,"North Dakota","Sioux County",5,51,38,21,17
050,38,085,"North Dakota","Sioux County",5,52,38,20,18
050,38,085,"North Dakota","Sioux County",5,53,41,18,23
050,38,085,"North Dakota","Sioux County",5,54,41,18,23
050,38,085,"North Dakota","Sioux County",5,55,50,24,26
050,38,085,"North Dakota","Sioux County",5,56,47,21,26
050,38,085,"North Dakota","Sioux County",5,57,46,17,29
050,38,085,"North Dakota","Sioux County",5,58,46,19,27
050,38,085,"North Dakota","Sioux County",5,59,44,25,19
050,38,085,"North Dakota","Sioux County",5,60,39,24,15
050,38,085,"North Dakota","Sioux County",5,61,35,9,26
050,38,085,"North Dakota","Sioux County",5,62,40,16,24
050,38,085,"North Dakota","Sioux County",5,63,46,27,19
050,38,085,"North Dakota","Sioux County",5,64,35,18,17
050,38,085,"North Dakota","Sioux County",5,65,31,15,16
050,38,085,"North Dakota","Sioux County",5,66,22,9,13
050,38,085,"North Dakota","Sioux County",5,67,21,10,11
050,38,085,"North Dakota","Sioux County",5,68,27,15,12
050,38,085,"North Dakota","Sioux County",5,69,23,16,7
050,38,085,"North Dakota","Sioux County",5,70,23,14,9
050,38,085,"North Dakota","Sioux County",5,71,23,12,11
050,38,085,"North Dakota","Sioux County",5,72,18,9,9
050,38,085,"North Dakota","Sioux County",5,73,13,5,8
050,38,085,"North Dakota","Sioux County",5,74,14,6,8
050,38,085,"North Dakota","Sioux County",5,75,14,7,7
050,38,085,"North Dakota","Sioux County",5,76,15,6,9
050,38,085,"North Dakota","Sioux County",5,77,6,3,3
050,38,085,"North Dakota","Sioux County",5,78,11,4,7
050,38,085,"North Dakota","Sioux County",5,79,12,5,7
050,38,085,"North Dakota","Sioux County",5,80,11,7,4
050,38,085,"North Dakota","Sioux County",5,81,9,6,3
050,38,085,"North Dakota","Sioux County",5,82,9,7,2
050,38,085,"North Dakota","Sioux County",5,83,9,7,2
050,38,085,"North Dakota","Sioux County",5,84,8,5,3
050,38,085,"North Dakota","Sioux County",5,85,30,17,13
050,38,087,"North Dakota","Slope County",1,0,6,3,3
050,38,087,"North Dakota","Slope County",1,1,7,3,4
050,38,087,"North Dakota","Slope County",1,2,14,6,8
050,38,087,"North Dakota","Slope County",1,3,5,1,4
050,38,087,"North Dakota","Slope County",1,4,6,3,3
050,38,087,"North Dakota","Slope County",1,5,8,3,5
050,38,087,"North Dakota","Slope County",1,6,5,1,4
050,38,087,"North Dakota","Slope County",1,7,7,2,5
050,38,087,"North Dakota","Slope County",1,8,7,3,4
050,38,087,"North Dakota","Slope County",1,9,9,5,4
050,38,087,"North Dakota","Slope County",1,10,10,5,5
050,38,087,"North Dakota","Slope County",1,11,10,4,6
050,38,087,"North Dakota","Slope County",1,12,6,4,2
050,38,087,"North Dakota","Slope County",1,13,9,4,5
050,38,087,"North Dakota","Slope County",1,14,5,2,3
050,38,087,"North Dakota","Slope County",1,15,7,3,4
050,38,087,"North Dakota","Slope County",1,16,4,1,3
050,38,087,"North Dakota","Slope County",1,17,6,3,3
050,38,087,"North Dakota","Slope County",1,18,7,6,1
050,38,087,"North Dakota","Slope County",1,19,5,3,2
050,38,087,"North Dakota","Slope County",1,20,5,4,1
050,38,087,"North Dakota","Slope County",1,21,8,5,3
050,38,087,"North Dakota","Slope County",1,22,11,6,5
050,38,087,"North Dakota","Slope County",1,23,5,3,2
050,38,087,"North Dakota","Slope County",1,24,5,2,3
050,38,087,"North Dakota","Slope County",1,25,7,4,3
050,38,087,"North Dakota","Slope County",1,26,4,3,1
050,38,087,"North Dakota","Slope County",1,27,5,3,2
050,38,087,"North Dakota","Slope County",1,28,12,8,4
050,38,087,"North Dakota","Slope County",1,29,10,5,5
050,38,087,"North Dakota","Slope County",1,30,3,1,2
050,38,087,"North Dakota","Slope County",1,31,2,2,0
050,38,087,"North Dakota","Slope County",1,32,2,2,0
050,38,087,"North Dakota","Slope County",1,33,5,3,2
050,38,087,"North Dakota","Slope County",1,34,6,1,5
050,38,087,"North Dakota","Slope County",1,35,6,2,4
050,38,087,"North Dakota","Slope County",1,36,11,6,5
050,38,087,"North Dakota","Slope County",1,37,8,5,3
050,38,087,"North Dakota","Slope County",1,38,9,3,6
050,38,087,"North Dakota","Slope County",1,39,14,7,7
050,38,087,"North Dakota","Slope County",1,40,6,4,2
050,38,087,"North Dakota","Slope County",1,41,5,2,3
050,38,087,"North Dakota","Slope County",1,42,6,3,3
050,38,087,"North Dakota","Slope County",1,43,8,5,3
050,38,087,"North Dakota","Slope County",1,44,8,5,3
050,38,087,"North Dakota","Slope County",1,45,3,2,1
050,38,087,"North Dakota","Slope County",1,46,5,3,2
050,38,087,"North Dakota","Slope County",1,47,2,1,1
050,38,087,"North Dakota","Slope County",1,48,6,3,3
050,38,087,"North Dakota","Slope County",1,49,7,3,4
050,38,087,"North Dakota","Slope County",1,50,5,4,1
050,38,087,"North Dakota","Slope County",1,51,6,3,3
050,38,087,"North Dakota","Slope County",1,52,11,7,4
050,38,087,"North Dakota","Slope County",1,53,10,5,5
050,38,087,"North Dakota","Slope County",1,54,9,6,3
050,38,087,"North Dakota","Slope County",1,55,10,6,4
050,38,087,"North Dakota","Slope County",1,56,10,7,3
050,38,087,"North Dakota","Slope County",1,57,13,6,7
050,38,087,"North Dakota","Slope County",1,58,16,6,10
050,38,087,"North Dakota","Slope County",1,59,14,7,7
050,38,087,"North Dakota","Slope County",1,60,17,8,9
050,38,087,"North Dakota","Slope County",1,61,16,10,6
050,38,087,"North Dakota","Slope County",1,62,18,11,7
050,38,087,"North Dakota","Slope County",1,63,12,7,5
050,38,087,"North Dakota","Slope County",1,64,14,7,7
050,38,087,"North Dakota","Slope County",1,65,14,7,7
050,38,087,"North Dakota","Slope County",1,66,14,6,8
050,38,087,"North Dakota","Slope County",1,67,11,4,7
050,38,087,"North Dakota","Slope County",1,68,12,6,6
050,38,087,"North Dakota","Slope County",1,69,9,4,5
050,38,087,"North Dakota","Slope County",1,70,7,3,4
050,38,087,"North Dakota","Slope County",1,71,14,11,3
050,38,087,"North Dakota","Slope County",1,72,15,10,5
050,38,087,"North Dakota","Slope County",1,73,6,2,4
050,38,087,"North Dakota","Slope County",1,74,6,4,2
050,38,087,"North Dakota","Slope County",1,75,6,4,2
050,38,087,"North Dakota","Slope County",1,76,9,4,5
050,38,087,"North Dakota","Slope County",1,77,3,2,1
050,38,087,"North Dakota","Slope County",1,78,1,1,0
050,38,087,"North Dakota","Slope County",1,79,5,3,2
050,38,087,"North Dakota","Slope County",1,80,5,2,3
050,38,087,"North Dakota","Slope County",1,81,3,2,1
050,38,087,"North Dakota","Slope County",1,82,6,4,2
050,38,087,"North Dakota","Slope County",1,83,7,2,5
050,38,087,"North Dakota","Slope County",1,84,7,1,6
050,38,087,"North Dakota","Slope County",1,85,30,12,18
050,38,087,"North Dakota","Slope County",2,0,4,2,2
050,38,087,"North Dakota","Slope County",2,1,7,3,4
050,38,087,"North Dakota","Slope County",2,2,12,5,7
050,38,087,"North Dakota","Slope County",2,3,7,2,5
050,38,087,"North Dakota","Slope County",2,4,6,3,3
050,38,087,"North Dakota","Slope County",2,5,8,3,5
050,38,087,"North Dakota","Slope County",2,6,5,1,4
050,38,087,"North Dakota","Slope County",2,7,7,2,5
050,38,087,"North Dakota","Slope County",2,8,7,3,4
050,38,087,"North Dakota","Slope County",2,9,9,5,4
050,38,087,"North Dakota","Slope County",2,10,10,5,5
050,38,087,"North Dakota","Slope County",2,11,9,4,5
050,38,087,"North Dakota","Slope County",2,12,7,4,3
050,38,087,"North Dakota","Slope County",2,13,7,3,4
050,38,087,"North Dakota","Slope County",2,14,5,2,3
050,38,087,"North Dakota","Slope County",2,15,7,3,4
050,38,087,"North Dakota","Slope County",2,16,5,2,3
050,38,087,"North Dakota","Slope County",2,17,6,3,3
050,38,087,"North Dakota","Slope County",2,18,6,5,1
050,38,087,"North Dakota","Slope County",2,19,6,4,2
050,38,087,"North Dakota","Slope County",2,20,5,4,1
050,38,087,"North Dakota","Slope County",2,21,8,5,3
050,38,087,"North Dakota","Slope County",2,22,10,6,4
050,38,087,"North Dakota","Slope County",2,23,7,4,3
050,38,087,"North Dakota","Slope County",2,24,5,2,3
050,38,087,"North Dakota","Slope County",2,25,7,4,3
050,38,087,"North Dakota","Slope County",2,26,4,3,1
050,38,087,"North Dakota","Slope County",2,27,5,3,2
050,38,087,"North Dakota","Slope County",2,28,11,7,4
050,38,087,"North Dakota","Slope County",2,29,10,5,5
050,38,087,"North Dakota","Slope County",2,30,5,2,3
050,38,087,"North Dakota","Slope County",2,31,2,2,0
050,38,087,"North Dakota","Slope County",2,32,2,2,0
050,38,087,"North Dakota","Slope County",2,33,4,3,1
050,38,087,"North Dakota","Slope County",2,34,5,1,4
050,38,087,"North Dakota","Slope County",2,35,6,2,4
050,38,087,"North Dakota","Slope County",2,36,10,5,5
050,38,087,"North Dakota","Slope County",2,37,8,5,3
050,38,087,"North Dakota","Slope County",2,38,10,4,6
050,38,087,"North Dakota","Slope County",2,39,13,6,7
050,38,087,"North Dakota","Slope County",2,40,8,5,3
050,38,087,"North Dakota","Slope County",2,41,6,3,3
050,38,087,"North Dakota","Slope County",2,42,6,3,3
050,38,087,"North Dakota","Slope County",2,43,7,4,3
050,38,087,"North Dakota","Slope County",2,44,7,5,2
050,38,087,"North Dakota","Slope County",2,45,5,3,2
050,38,087,"North Dakota","Slope County",2,46,4,2,2
050,38,087,"North Dakota","Slope County",2,47,2,1,1
050,38,087,"North Dakota","Slope County",2,48,4,2,2
050,38,087,"North Dakota","Slope County",2,49,6,3,3
050,38,087,"North Dakota","Slope County",2,50,5,4,1
050,38,087,"North Dakota","Slope County",2,51,5,3,2
050,38,087,"North Dakota","Slope County",2,52,10,6,4
050,38,087,"North Dakota","Slope County",2,53,11,6,5
050,38,087,"North Dakota","Slope County",2,54,9,6,3
050,38,087,"North Dakota","Slope County",2,55,10,6,4
050,38,087,"North Dakota","Slope County",2,56,10,7,3
050,38,087,"North Dakota","Slope County",2,57,12,6,6
050,38,087,"North Dakota","Slope County",2,58,15,6,9
050,38,087,"North Dakota","Slope County",2,59,15,7,8
050,38,087,"North Dakota","Slope County",2,60,16,8,8
050,38,087,"North Dakota","Slope County",2,61,17,10,7
050,38,087,"North Dakota","Slope County",2,62,17,10,7
050,38,087,"North Dakota","Slope County",2,63,14,8,6
050,38,087,"North Dakota","Slope County",2,64,13,7,6
050,38,087,"North Dakota","Slope County",2,65,14,7,7
050,38,087,"North Dakota","Slope County",2,66,14,6,8
050,38,087,"North Dakota","Slope County",2,67,12,5,7
050,38,087,"North Dakota","Slope County",2,68,13,6,7
050,38,087,"North Dakota","Slope County",2,69,10,5,5
050,38,087,"North Dakota","Slope County",2,70,7,3,4
050,38,087,"North Dakota","Slope County",2,71,11,8,3
050,38,087,"North Dakota","Slope County",2,72,14,9,5
050,38,087,"North Dakota","Slope County",2,73,9,4,5
050,38,087,"North Dakota","Slope County",2,74,5,3,2
050,38,087,"North Dakota","Slope County",2,75,6,4,2
050,38,087,"North Dakota","Slope County",2,76,8,4,4
050,38,087,"North Dakota","Slope County",2,77,5,3,2
050,38,087,"North Dakota","Slope County",2,78,1,1,0
050,38,087,"North Dakota","Slope County",2,79,5,3,2
050,38,087,"North Dakota","Slope County",2,80,5,2,3
050,38,087,"North Dakota","Slope County",2,81,3,2,1
050,38,087,"North Dakota","Slope County",2,82,5,3,2
050,38,087,"North Dakota","Slope County",2,83,7,3,4
050,38,087,"North Dakota","Slope County",2,84,7,1,6
050,38,087,"North Dakota","Slope County",2,85,31,12,19
050,38,087,"North Dakota","Slope County",3,0,7,3,4
050,38,087,"North Dakota","Slope County",3,1,6,2,4
050,38,087,"North Dakota","Slope County",3,2,7,3,4
050,38,087,"North Dakota","Slope County",3,3,12,5,7
050,38,087,"North Dakota","Slope County",3,4,7,2,5
050,38,087,"North Dakota","Slope County",3,5,6,3,3
050,38,087,"North Dakota","Slope County",3,6,9,3,6
050,38,087,"North Dakota","Slope County",3,7,2,0,2
050,38,087,"North Dakota","Slope County",3,8,8,2,6
050,38,087,"North Dakota","Slope County",3,9,6,3,3
050,38,087,"North Dakota","Slope County",3,10,6,2,4
050,38,087,"North Dakota","Slope County",3,11,10,5,5
050,38,087,"North Dakota","Slope County",3,12,9,4,5
050,38,087,"North Dakota","Slope County",3,13,7,4,3
050,38,087,"North Dakota","Slope County",3,14,7,4,3
050,38,087,"North Dakota","Slope County",3,15,5,2,3
050,38,087,"North Dakota","Slope County",3,16,7,3,4
050,38,087,"North Dakota","Slope County",3,17,5,2,3
050,38,087,"North Dakota","Slope County",3,18,3,0,3
050,38,087,"North Dakota","Slope County",3,19,4,4,0
050,38,087,"North Dakota","Slope County",3,20,7,5,2
050,38,087,"North Dakota","Slope County",3,21,4,2,2
050,38,087,"North Dakota","Slope County",3,22,8,6,2
050,38,087,"North Dakota","Slope County",3,23,6,6,0
050,38,087,"North Dakota","Slope County",3,24,9,6,3
050,38,087,"North Dakota","Slope County",3,25,4,0,4
050,38,087,"North Dakota","Slope County",3,26,8,4,4
050,38,087,"North Dakota","Slope County",3,27,9,5,4
050,38,087,"North Dakota","Slope County",3,28,2,0,2
050,38,087,"North Dakota","Slope County",3,29,10,7,3
050,38,087,"North Dakota","Slope County",3,30,10,5,5
050,38,087,"North Dakota","Slope County",3,31,3,0,3
050,38,087,"North Dakota","Slope County",3,32,2,2,0
050,38,087,"North Dakota","Slope County",3,33,2,2,0
050,38,087,"North Dakota","Slope County",3,34,5,3,2
050,38,087,"North Dakota","Slope County",3,35,7,3,4
050,38,087,"North Dakota","Slope County",3,36,5,2,3
050,38,087,"North Dakota","Slope County",3,37,8,4,4
050,38,087,"North Dakota","Slope County",3,38,9,7,2
050,38,087,"North Dakota","Slope County",3,39,10,4,6
050,38,087,"North Dakota","Slope County",3,40,13,6,7
050,38,087,"North Dakota","Slope County",3,41,8,5,3
050,38,087,"North Dakota","Slope County",3,42,6,3,3
050,38,087,"North Dakota","Slope County",3,43,5,2,3
050,38,087,"North Dakota","Slope County",3,44,7,4,3
050,38,087,"North Dakota","Slope County",3,45,7,5,2
050,38,087,"North Dakota","Slope County",3,46,5,3,2
050,38,087,"North Dakota","Slope County",3,47,4,2,2
050,38,087,"North Dakota","Slope County",3,48,4,3,1
050,38,087,"North Dakota","Slope County",3,49,6,2,4
050,38,087,"North Dakota","Slope County",3,50,6,3,3
050,38,087,"North Dakota","Slope County",3,51,5,4,1
050,38,087,"North Dakota","Slope County",3,52,5,3,2
050,38,087,"North Dakota","Slope County",3,53,10,6,4
050,38,087,"North Dakota","Slope County",3,54,11,6,5
050,38,087,"North Dakota","Slope County",3,55,9,6,3
050,38,087,"North Dakota","Slope County",3,56,10,6,4
050,38,087,"North Dakota","Slope County",3,57,9,6,3
050,38,087,"North Dakota","Slope County",3,58,12,6,6
050,38,087,"North Dakota","Slope County",3,59,14,5,9
050,38,087,"North Dakota","Slope County",3,60,15,7,8
050,38,087,"North Dakota","Slope County",3,61,18,10,8
050,38,087,"North Dakota","Slope County",3,62,16,10,6
050,38,087,"North Dakota","Slope County",3,63,16,10,6
050,38,087,"North Dakota","Slope County",3,64,14,8,6
050,38,087,"North Dakota","Slope County",3,65,13,7,6
050,38,087,"North Dakota","Slope County",3,66,14,7,7
050,38,087,"North Dakota","Slope County",3,67,14,6,8
050,38,087,"North Dakota","Slope County",3,68,11,5,6
050,38,087,"North Dakota","Slope County",3,69,13,6,7
050,38,087,"North Dakota","Slope County",3,70,11,5,6
050,38,087,"North Dakota","Slope County",3,71,7,3,4
050,38,087,"North Dakota","Slope County",3,72,12,9,3
050,38,087,"North Dakota","Slope County",3,73,14,9,5
050,38,087,"North Dakota","Slope County",3,74,10,4,6
050,38,087,"North Dakota","Slope County",3,75,4,2,2
050,38,087,"North Dakota","Slope County",3,76,6,4,2
050,38,087,"North Dakota","Slope County",3,77,6,4,2
050,38,087,"North Dakota","Slope County",3,78,5,3,2
050,38,087,"North Dakota","Slope County",3,79,1,1,0
050,38,087,"North Dakota","Slope County",3,80,5,3,2
050,38,087,"North Dakota","Slope County",3,81,4,2,2
050,38,087,"North Dakota","Slope County",3,82,2,2,0
050,38,087,"North Dakota","Slope County",3,83,5,3,2
050,38,087,"North Dakota","Slope County",3,84,7,3,4
050,38,087,"North Dakota","Slope County",3,85,36,12,24
050,38,087,"North Dakota","Slope County",4,0,5,3,2
050,38,087,"North Dakota","Slope County",4,1,7,3,4
050,38,087,"North Dakota","Slope County",4,2,6,2,4
050,38,087,"North Dakota","Slope County",4,3,7,3,4
050,38,087,"North Dakota","Slope County",4,4,11,5,6
050,38,087,"North Dakota","Slope County",4,5,7,2,5
050,38,087,"North Dakota","Slope County",4,6,7,3,4
050,38,087,"North Dakota","Slope County",4,7,9,3,6
050,38,087,"North Dakota","Slope County",4,8,2,0,2
050,38,087,"North Dakota","Slope County",4,9,7,2,5
050,38,087,"North Dakota","Slope County",4,10,7,3,4
050,38,087,"North Dakota","Slope County",4,11,5,1,4
050,38,087,"North Dakota","Slope County",4,12,10,5,5
050,38,087,"North Dakota","Slope County",4,13,10,4,6
050,38,087,"North Dakota","Slope County",4,14,7,4,3
050,38,087,"North Dakota","Slope County",4,15,6,3,3
050,38,087,"North Dakota","Slope County",4,16,5,2,3
050,38,087,"North Dakota","Slope County",4,17,7,3,4
050,38,087,"North Dakota","Slope County",4,18,5,3,2
050,38,087,"North Dakota","Slope County",4,19,3,1,2
050,38,087,"North Dakota","Slope County",4,20,3,3,0
050,38,087,"North Dakota","Slope County",4,21,6,5,1
050,38,087,"North Dakota","Slope County",4,22,4,2,2
050,38,087,"North Dakota","Slope County",4,23,6,5,1
050,38,087,"North Dakota","Slope County",4,24,6,6,0
050,38,087,"North Dakota","Slope County",4,25,5,5,0
050,38,087,"North Dakota","Slope County",4,26,3,0,3
050,38,087,"North Dakota","Slope County",4,27,6,4,2
050,38,087,"North Dakota","Slope County",4,28,7,4,3
050,38,087,"North Dakota","Slope County",4,29,2,0,2
050,38,087,"North Dakota","Slope County",4,30,8,5,3
050,38,087,"North Dakota","Slope County",4,31,10,5,5
050,38,087,"North Dakota","Slope County",4,32,3,0,3
050,38,087,"North Dakota","Slope County",4,33,2,2,0
050,38,087,"North Dakota","Slope County",4,34,2,2,0
050,38,087,"North Dakota","Slope County",4,35,6,3,3
050,38,087,"North Dakota","Slope County",4,36,7,3,4
050,38,087,"North Dakota","Slope County",4,37,5,2,3
050,38,087,"North Dakota","Slope County",4,38,8,4,4
050,38,087,"North Dakota","Slope County",4,39,9,7,2
050,38,087,"North Dakota","Slope County",4,40,11,4,7
050,38,087,"North Dakota","Slope County",4,41,12,5,7
050,38,087,"North Dakota","Slope County",4,42,8,5,3
050,38,087,"North Dakota","Slope County",4,43,6,3,3
050,38,087,"North Dakota","Slope County",4,44,5,2,3
050,38,087,"North Dakota","Slope County",4,45,7,4,3
050,38,087,"North Dakota","Slope County",4,46,7,5,2
050,38,087,"North Dakota","Slope County",4,47,5,3,2
050,38,087,"North Dakota","Slope County",4,48,4,2,2
050,38,087,"North Dakota","Slope County",4,49,4,3,1
050,38,087,"North Dakota","Slope County",4,50,6,2,4
050,38,087,"North Dakota","Slope County",4,51,6,3,3
050,38,087,"North Dakota","Slope County",4,52,5,4,1
050,38,087,"North Dakota","Slope County",4,53,5,3,2
050,38,087,"North Dakota","Slope County",4,54,10,6,4
050,38,087,"North Dakota","Slope County",4,55,11,6,5
050,38,087,"North Dakota","Slope County",4,56,9,6,3
050,38,087,"North Dakota","Slope County",4,57,9,5,4
050,38,087,"North Dakota","Slope County",4,58,9,6,3
050,38,087,"North Dakota","Slope County",4,59,12,6,6
050,38,087,"North Dakota","Slope County",4,60,14,5,9
050,38,087,"North Dakota","Slope County",4,61,15,7,8
050,38,087,"North Dakota","Slope County",4,62,18,10,8
050,38,087,"North Dakota","Slope County",4,63,17,10,7
050,38,087,"North Dakota","Slope County",4,64,16,10,6
050,38,087,"North Dakota","Slope County",4,65,14,8,6
050,38,087,"North Dakota","Slope County",4,66,13,7,6
050,38,087,"North Dakota","Slope County",4,67,14,7,7
050,38,087,"North Dakota","Slope County",4,68,15,6,9
050,38,087,"North Dakota","Slope County",4,69,12,6,6
050,38,087,"North Dakota","Slope County",4,70,13,6,7
050,38,087,"North Dakota","Slope County",4,71,11,5,6
050,38,087,"North Dakota","Slope County",4,72,7,3,4
050,38,087,"North Dakota","Slope County",4,73,11,8,3
050,38,087,"North Dakota","Slope County",4,74,14,9,5
050,38,087,"North Dakota","Slope County",4,75,9,4,5
050,38,087,"North Dakota","Slope County",4,76,4,2,2
050,38,087,"North Dakota","Slope County",4,77,6,4,2
050,38,087,"North Dakota","Slope County",4,78,6,4,2
050,38,087,"North Dakota","Slope County",4,79,5,3,2
050,38,087,"North Dakota","Slope County",4,80,1,1,0
050,38,087,"North Dakota","Slope County",4,81,5,3,2
050,38,087,"North Dakota","Slope County",4,82,3,2,1
050,38,087,"North Dakota","Slope County",4,83,2,2,0
050,38,087,"North Dakota","Slope County",4,84,5,3,2
050,38,087,"North Dakota","Slope County",4,85,40,14,26
050,38,087,"North Dakota","Slope County",5,0,6,4,2
050,38,087,"North Dakota","Slope County",5,1,5,3,2
050,38,087,"North Dakota","Slope County",5,2,4,3,1
050,38,087,"North Dakota","Slope County",5,3,6,2,4
050,38,087,"North Dakota","Slope County",5,4,5,3,2
050,38,087,"North Dakota","Slope County",5,5,11,5,6
050,38,087,"North Dakota","Slope County",5,6,7,2,5
050,38,087,"North Dakota","Slope County",5,7,8,4,4
050,38,087,"North Dakota","Slope County",5,8,9,3,6
050,38,087,"North Dakota","Slope County",5,9,2,0,2
050,38,087,"North Dakota","Slope County",5,10,9,3,6
050,38,087,"North Dakota","Slope County",5,11,7,3,4
050,38,087,"North Dakota","Slope County",5,12,6,2,4
050,38,087,"North Dakota","Slope County",5,13,10,5,5
050,38,087,"North Dakota","Slope County",5,14,9,4,5
050,38,087,"North Dakota","Slope County",5,15,7,4,3
050,38,087,"North Dakota","Slope County",5,16,8,5,3
050,38,087,"North Dakota","Slope County",5,17,5,3,2
050,38,087,"North Dakota","Slope County",5,18,4,3,1
050,38,087,"North Dakota","Slope County",5,19,5,3,2
050,38,087,"North Dakota","Slope County",5,20,3,1,2
050,38,087,"North Dakota","Slope County",5,21,4,4,0
050,38,087,"North Dakota","Slope County",5,22,5,4,1
050,38,087,"North Dakota","Slope County",5,23,3,2,1
050,38,087,"North Dakota","Slope County",5,24,6,5,1
050,38,087,"North Dakota","Slope County",5,25,6,6,0
050,38,087,"North Dakota","Slope County",5,26,5,5,0
050,38,087,"North Dakota","Slope County",5,27,3,0,3
050,38,087,"North Dakota","Slope County",5,28,5,4,1
050,38,087,"North Dakota","Slope County",5,29,3,1,2
050,38,087,"North Dakota","Slope County",5,30,0,0,0
050,38,087,"North Dakota","Slope County",5,31,8,5,3
050,38,087,"North Dakota","Slope County",5,32,10,5,5
050,38,087,"North Dakota","Slope County",5,33,3,0,3
050,38,087,"North Dakota","Slope County",5,34,2,2,0
050,38,087,"North Dakota","Slope County",5,35,2,2,0
050,38,087,"North Dakota","Slope County",5,36,6,3,3
050,38,087,"North Dakota","Slope County",5,37,8,3,5
050,38,087,"North Dakota","Slope County",5,38,6,2,4
050,38,087,"North Dakota","Slope County",5,39,8,4,4
050,38,087,"North Dakota","Slope County",5,40,9,7,2
050,38,087,"North Dakota","Slope County",5,41,12,5,7
050,38,087,"North Dakota","Slope County",5,42,11,5,6
050,38,087,"North Dakota","Slope County",5,43,8,5,3
050,38,087,"North Dakota","Slope County",5,44,6,3,3
050,38,087,"North Dakota","Slope County",5,45,7,3,4
050,38,087,"North Dakota","Slope County",5,46,6,3,3
050,38,087,"North Dakota","Slope County",5,47,7,5,2
050,38,087,"North Dakota","Slope County",5,48,3,3,0
050,38,087,"North Dakota","Slope County",5,49,4,2,2
050,38,087,"North Dakota","Slope County",5,50,3,2,1
050,38,087,"North Dakota","Slope County",5,51,5,2,3
050,38,087,"North Dakota","Slope County",5,52,6,3,3
050,38,087,"North Dakota","Slope County",5,53,5,4,1
050,38,087,"North Dakota","Slope County",5,54,5,3,2
050,38,087,"North Dakota","Slope County",5,55,10,6,4
050,38,087,"North Dakota","Slope County",5,56,13,6,7
050,38,087,"North Dakota","Slope County",5,57,8,5,3
050,38,087,"North Dakota","Slope County",5,58,9,5,4
050,38,087,"North Dakota","Slope County",5,59,9,6,3
050,38,087,"North Dakota","Slope County",5,60,12,6,6
050,38,087,"North Dakota","Slope County",5,61,16,5,11
050,38,087,"North Dakota","Slope County",5,62,15,7,8
050,38,087,"North Dakota","Slope County",5,63,17,9,8
050,38,087,"North Dakota","Slope County",5,64,19,12,7
050,38,087,"North Dakota","Slope County",5,65,16,10,6
050,38,087,"North Dakota","Slope County",5,66,14,8,6
050,38,087,"North Dakota","Slope County",5,67,13,7,6
050,38,087,"North Dakota","Slope County",5,68,14,7,7
050,38,087,"North Dakota","Slope County",5,69,15,6,9
050,38,087,"North Dakota","Slope County",5,70,12,5,7
050,38,087,"North Dakota","Slope County",5,71,13,6,7
050,38,087,"North Dakota","Slope County",5,72,11,5,6
050,38,087,"North Dakota","Slope County",5,73,7,3,4
050,38,087,"North Dakota","Slope County",5,74,11,8,3
050,38,087,"North Dakota","Slope County",5,75,14,9,5
050,38,087,"North Dakota","Slope County",5,76,9,4,5
050,38,087,"North Dakota","Slope County",5,77,4,2,2
050,38,087,"North Dakota","Slope County",5,78,6,4,2
050,38,087,"North Dakota","Slope County",5,79,6,4,2
050,38,087,"North Dakota","Slope County",5,80,5,3,2
050,38,087,"North Dakota","Slope County",5,81,1,1,0
050,38,087,"North Dakota","Slope County",5,82,5,4,1
050,38,087,"North Dakota","Slope County",5,83,3,2,1
050,38,087,"North Dakota","Slope County",5,84,2,2,0
050,38,087,"North Dakota","Slope County",5,85,39,14,25
050,38,089,"North Dakota","Stark County",1,0,563,292,271
050,38,089,"North Dakota","Stark County",1,1,557,303,254
050,38,089,"North Dakota","Stark County",1,2,580,313,267
050,38,089,"North Dakota","Stark County",1,3,584,297,287
050,38,089,"North Dakota","Stark County",1,4,616,326,290
050,38,089,"North Dakota","Stark County",1,5,584,309,275
050,38,089,"North Dakota","Stark County",1,6,559,298,261
050,38,089,"North Dakota","Stark County",1,7,565,312,253
050,38,089,"North Dakota","Stark County",1,8,495,279,216
050,38,089,"North Dakota","Stark County",1,9,481,238,243
050,38,089,"North Dakota","Stark County",1,10,507,259,248
050,38,089,"North Dakota","Stark County",1,11,516,244,272
050,38,089,"North Dakota","Stark County",1,12,505,251,254
050,38,089,"North Dakota","Stark County",1,13,478,253,225
050,38,089,"North Dakota","Stark County",1,14,473,242,231
050,38,089,"North Dakota","Stark County",1,15,452,242,210
050,38,089,"North Dakota","Stark County",1,16,458,233,225
050,38,089,"North Dakota","Stark County",1,17,425,219,206
050,38,089,"North Dakota","Stark County",1,18,372,188,184
050,38,089,"North Dakota","Stark County",1,19,367,199,168
050,38,089,"North Dakota","Stark County",1,20,365,182,183
050,38,089,"North Dakota","Stark County",1,21,383,193,190
050,38,089,"North Dakota","Stark County",1,22,388,199,189
050,38,089,"North Dakota","Stark County",1,23,407,208,199
050,38,089,"North Dakota","Stark County",1,24,434,219,215
050,38,089,"North Dakota","Stark County",1,25,469,257,212
050,38,089,"North Dakota","Stark County",1,26,503,263,240
050,38,089,"North Dakota","Stark County",1,27,528,270,258
050,38,089,"North Dakota","Stark County",1,28,566,286,280
050,38,089,"North Dakota","Stark County",1,29,621,328,293
050,38,089,"North Dakota","Stark County",1,30,620,336,284
050,38,089,"North Dakota","Stark County",1,31,612,323,289
050,38,089,"North Dakota","Stark County",1,32,595,320,275
050,38,089,"North Dakota","Stark County",1,33,535,296,239
050,38,089,"North Dakota","Stark County",1,34,538,322,216
050,38,089,"North Dakota","Stark County",1,35,516,292,224
050,38,089,"North Dakota","Stark County",1,36,530,297,233
050,38,089,"North Dakota","Stark County",1,37,546,303,243
050,38,089,"North Dakota","Stark County",1,38,491,259,232
050,38,089,"North Dakota","Stark County",1,39,493,263,230
050,38,089,"North Dakota","Stark County",1,40,433,230,203
050,38,089,"North Dakota","Stark County",1,41,384,212,172
050,38,089,"North Dakota","Stark County",1,42,375,219,156
050,38,089,"North Dakota","Stark County",1,43,332,190,142
050,38,089,"North Dakota","Stark County",1,44,309,179,130
050,38,089,"North Dakota","Stark County",1,45,324,186,138
050,38,089,"North Dakota","Stark County",1,46,308,162,146
050,38,089,"North Dakota","Stark County",1,47,326,166,160
050,38,089,"North Dakota","Stark County",1,48,360,202,158
050,38,089,"North Dakota","Stark County",1,49,345,194,151
050,38,089,"North Dakota","Stark County",1,50,321,176,145
050,38,089,"North Dakota","Stark County",1,51,328,189,139
050,38,089,"North Dakota","Stark County",1,52,332,186,146
050,38,089,"North Dakota","Stark County",1,53,347,183,164
050,38,089,"North Dakota","Stark County",1,54,353,177,176
050,38,089,"North Dakota","Stark County",1,55,357,165,192
050,38,089,"North Dakota","Stark County",1,56,389,204,185
050,38,089,"North Dakota","Stark County",1,57,393,206,187
050,38,089,"North Dakota","Stark County",1,58,413,217,196
050,38,089,"North Dakota","Stark County",1,59,406,214,192
050,38,089,"North Dakota","Stark County",1,60,415,210,205
050,38,089,"North Dakota","Stark County",1,61,396,192,204
050,38,089,"North Dakota","Stark County",1,62,370,192,178
050,38,089,"North Dakota","Stark County",1,63,354,192,162
050,38,089,"North Dakota","Stark County",1,64,355,198,157
050,38,089,"North Dakota","Stark County",1,65,294,156,138
050,38,089,"North Dakota","Stark County",1,66,287,141,146
050,38,089,"North Dakota","Stark County",1,67,261,147,114
050,38,089,"North Dakota","Stark County",1,68,266,143,123
050,38,089,"North Dakota","Stark County",1,69,233,129,104
050,38,089,"North Dakota","Stark County",1,70,204,102,102
050,38,089,"North Dakota","Stark County",1,71,205,107,98
050,38,089,"North Dakota","Stark County",1,72,208,100,108
050,38,089,"North Dakota","Stark County",1,73,217,109,108
050,38,089,"North Dakota","Stark County",1,74,158,73,85
050,38,089,"North Dakota","Stark County",1,75,156,74,82
050,38,089,"North Dakota","Stark County",1,76,145,70,75
050,38,089,"North Dakota","Stark County",1,77,140,61,79
050,38,089,"North Dakota","Stark County",1,78,130,55,75
050,38,089,"North Dakota","Stark County",1,79,125,51,74
050,38,089,"North Dakota","Stark County",1,80,104,41,63
050,38,089,"North Dakota","Stark County",1,81,107,48,59
050,38,089,"North Dakota","Stark County",1,82,114,50,64
050,38,089,"North Dakota","Stark County",1,83,114,46,68
050,38,089,"North Dakota","Stark County",1,84,101,47,54
050,38,089,"North Dakota","Stark County",1,85,777,259,518
050,38,089,"North Dakota","Stark County",2,0,562,295,267
050,38,089,"North Dakota","Stark County",2,1,557,298,259
050,38,089,"North Dakota","Stark County",2,2,576,309,267
050,38,089,"North Dakota","Stark County",2,3,588,302,286
050,38,089,"North Dakota","Stark County",2,4,614,321,293
050,38,089,"North Dakota","Stark County",2,5,595,315,280
050,38,089,"North Dakota","Stark County",2,6,570,306,264
050,38,089,"North Dakota","Stark County",2,7,562,311,251
050,38,089,"North Dakota","Stark County",2,8,516,290,226
050,38,089,"North Dakota","Stark County",2,9,489,252,237
050,38,089,"North Dakota","Stark County",2,10,506,256,250
050,38,089,"North Dakota","Stark County",2,11,517,248,269
050,38,089,"North Dakota","Stark County",2,12,513,252,261
050,38,089,"North Dakota","Stark County",2,13,485,253,232
050,38,089,"North Dakota","Stark County",2,14,476,246,230
050,38,089,"North Dakota","Stark County",2,15,461,242,219
050,38,089,"North Dakota","Stark County",2,16,457,236,221
050,38,089,"North Dakota","Stark County",2,17,432,222,210
050,38,089,"North Dakota","Stark County",2,18,380,197,183
050,38,089,"North Dakota","Stark County",2,19,372,199,173
050,38,089,"North Dakota","Stark County",2,20,371,188,183
050,38,089,"North Dakota","Stark County",2,21,382,192,190
050,38,089,"North Dakota","Stark County",2,22,396,204,192
050,38,089,"North Dakota","Stark County",2,23,408,210,198
050,38,089,"North Dakota","Stark County",2,24,430,221,209
050,38,089,"North Dakota","Stark County",2,25,468,253,215
050,38,089,"North Dakota","Stark County",2,26,499,266,233
050,38,089,"North Dakota","Stark County",2,27,524,269,255
050,38,089,"North Dakota","Stark County",2,28,561,285,276
050,38,089,"North Dakota","Stark County",2,29,613,323,290
050,38,089,"North Dakota","Stark County",2,30,627,336,291
050,38,089,"North Dakota","Stark County",2,31,615,327,288
050,38,089,"North Dakota","Stark County",2,32,598,319,279
050,38,089,"North Dakota","Stark County",2,33,550,303,247
050,38,089,"North Dakota","Stark County",2,34,538,317,221
050,38,089,"North Dakota","Stark County",2,35,526,302,224
050,38,089,"North Dakota","Stark County",2,36,521,292,229
050,38,089,"North Dakota","Stark County",2,37,540,301,239
050,38,089,"North Dakota","Stark County",2,38,506,271,235
050,38,089,"North Dakota","Stark County",2,39,493,261,232
050,38,089,"North Dakota","Stark County",2,40,450,238,212
050,38,089,"North Dakota","Stark County",2,41,395,216,179
050,38,089,"North Dakota","Stark County",2,42,376,218,158
050,38,089,"North Dakota","Stark County",2,43,341,197,144
050,38,089,"North Dakota","Stark County",2,44,312,182,130
050,38,089,"North Dakota","Stark County",2,45,321,185,136
050,38,089,"North Dakota","Stark County",2,46,312,166,146
050,38,089,"North Dakota","Stark County",2,47,323,167,156
050,38,089,"North Dakota","Stark County",2,48,354,196,158
050,38,089,"North Dakota","Stark County",2,49,351,198,153
050,38,089,"North Dakota","Stark County",2,50,331,183,148
050,38,089,"North Dakota","Stark County",2,51,328,187,141
050,38,089,"North Dakota","Stark County",2,52,329,185,144
050,38,089,"North Dakota","Stark County",2,53,347,187,160
050,38,089,"North Dakota","Stark County",2,54,350,178,172
050,38,089,"North Dakota","Stark County",2,55,353,166,187
050,38,089,"North Dakota","Stark County",2,56,381,194,187
050,38,089,"North Dakota","Stark County",2,57,393,207,186
050,38,089,"North Dakota","Stark County",2,58,406,212,194
050,38,089,"North Dakota","Stark County",2,59,410,216,194
050,38,089,"North Dakota","Stark County",2,60,411,211,200
050,38,089,"North Dakota","Stark County",2,61,397,194,203
050,38,089,"North Dakota","Stark County",2,62,374,190,184
050,38,089,"North Dakota","Stark County",2,63,361,193,168
050,38,089,"North Dakota","Stark County",2,64,348,190,158
050,38,089,"North Dakota","Stark County",2,65,304,163,141
050,38,089,"North Dakota","Stark County",2,66,290,145,145
050,38,089,"North Dakota","Stark County",2,67,267,146,121
050,38,089,"North Dakota","Stark County",2,68,262,143,119
050,38,089,"North Dakota","Stark County",2,69,241,132,109
050,38,089,"North Dakota","Stark County",2,70,209,108,101
050,38,089,"North Dakota","Stark County",2,71,202,105,97
050,38,089,"North Dakota","Stark County",2,72,205,99,106
050,38,089,"North Dakota","Stark County",2,73,227,113,114
050,38,089,"North Dakota","Stark County",2,74,163,77,86
050,38,089,"North Dakota","Stark County",2,75,154,71,83
050,38,089,"North Dakota","Stark County",2,76,147,70,77
050,38,089,"North Dakota","Stark County",2,77,140,62,78
050,38,089,"North Dakota","Stark County",2,78,131,55,76
050,38,089,"North Dakota","Stark County",2,79,121,50,71
050,38,089,"North Dakota","Stark County",2,80,108,43,65
050,38,089,"North Dakota","Stark County",2,81,105,46,59
050,38,089,"North Dakota","Stark County",2,82,111,50,61
050,38,089,"North Dakota","Stark County",2,83,115,47,68
050,38,089,"North Dakota","Stark County",2,84,101,45,56
050,38,089,"North Dakota","Stark County",2,85,781,262,519
050,38,089,"North Dakota","Stark County",3,0,502,238,264
050,38,089,"North Dakota","Stark County",3,1,504,268,236
050,38,089,"North Dakota","Stark County",3,2,535,276,259
050,38,089,"North Dakota","Stark County",3,3,542,300,242
050,38,089,"North Dakota","Stark County",3,4,568,293,275
050,38,089,"North Dakota","Stark County",3,5,592,320,272
050,38,089,"North Dakota","Stark County",3,6,563,303,260
050,38,089,"North Dakota","Stark County",3,7,562,292,270
050,38,089,"North Dakota","Stark County",3,8,546,298,248
050,38,089,"North Dakota","Stark County",3,9,513,276,237
050,38,089,"North Dakota","Stark County",3,10,480,243,237
050,38,089,"North Dakota","Stark County",3,11,497,245,252
050,38,089,"North Dakota","Stark County",3,12,509,248,261
050,38,089,"North Dakota","Stark County",3,13,488,239,249
050,38,089,"North Dakota","Stark County",3,14,448,237,211
050,38,089,"North Dakota","Stark County",3,15,448,223,225
050,38,089,"North Dakota","Stark County",3,16,447,231,216
050,38,089,"North Dakota","Stark County",3,17,442,232,210
050,38,089,"North Dakota","Stark County",3,18,393,209,184
050,38,089,"North Dakota","Stark County",3,19,361,193,168
050,38,089,"North Dakota","Stark County",3,20,363,185,178
050,38,089,"North Dakota","Stark County",3,21,352,176,176
050,38,089,"North Dakota","Stark County",3,22,394,187,207
050,38,089,"North Dakota","Stark County",3,23,411,209,202
050,38,089,"North Dakota","Stark County",3,24,405,214,191
050,38,089,"North Dakota","Stark County",3,25,408,210,198
050,38,089,"North Dakota","Stark County",3,26,438,235,203
050,38,089,"North Dakota","Stark County",3,27,448,235,213
050,38,089,"North Dakota","Stark County",3,28,483,246,237
050,38,089,"North Dakota","Stark County",3,29,537,270,267
050,38,089,"North Dakota","Stark County",3,30,598,314,284
050,38,089,"North Dakota","Stark County",3,31,605,313,292
050,38,089,"North Dakota","Stark County",3,32,591,318,273
050,38,089,"North Dakota","Stark County",3,33,563,296,267
050,38,089,"North Dakota","Stark County",3,34,507,285,222
050,38,089,"North Dakota","Stark County",3,35,515,299,216
050,38,089,"North Dakota","Stark County",3,36,513,293,220
050,38,089,"North Dakota","Stark County",3,37,493,265,228
050,38,089,"North Dakota","Stark County",3,38,525,285,240
050,38,089,"North Dakota","Stark County",3,39,500,268,232
050,38,089,"North Dakota","Stark County",3,40,474,251,223
050,38,089,"North Dakota","Stark County",3,41,430,225,205
050,38,089,"North Dakota","Stark County",3,42,386,210,176
050,38,089,"North Dakota","Stark County",3,43,371,210,161
050,38,089,"North Dakota","Stark County",3,44,335,191,144
050,38,089,"North Dakota","Stark County",3,45,296,166,130
050,38,089,"North Dakota","Stark County",3,46,308,172,136
050,38,089,"North Dakota","Stark County",3,47,299,165,134
050,38,089,"North Dakota","Stark County",3,48,319,165,154
050,38,089,"North Dakota","Stark County",3,49,328,176,152
050,38,089,"North Dakota","Stark County",3,50,356,202,154
050,38,089,"North Dakota","Stark County",3,51,319,171,148
050,38,089,"North Dakota","Stark County",3,52,314,177,137
050,38,089,"North Dakota","Stark County",3,53,318,184,134
050,38,089,"North Dakota","Stark County",3,54,331,182,149
050,38,089,"North Dakota","Stark County",3,55,349,174,175
050,38,089,"North Dakota","Stark County",3,56,356,176,180
050,38,089,"North Dakota","Stark County",3,57,375,189,186
050,38,089,"North Dakota","Stark County",3,58,391,202,189
050,38,089,"North Dakota","Stark County",3,59,400,206,194
050,38,089,"North Dakota","Stark County",3,60,406,211,195
050,38,089,"North Dakota","Stark County",3,61,401,207,194
050,38,089,"North Dakota","Stark County",3,62,388,186,202
050,38,089,"North Dakota","Stark County",3,63,373,191,182
050,38,089,"North Dakota","Stark County",3,64,359,195,164
050,38,089,"North Dakota","Stark County",3,65,329,180,149
050,38,089,"North Dakota","Stark County",3,66,297,155,142
050,38,089,"North Dakota","Stark County",3,67,285,142,143
050,38,089,"North Dakota","Stark County",3,68,263,143,120
050,38,089,"North Dakota","Stark County",3,69,252,140,112
050,38,089,"North Dakota","Stark County",3,70,241,129,112
050,38,089,"North Dakota","Stark County",3,71,200,104,96
050,38,089,"North Dakota","Stark County",3,72,204,100,104
050,38,089,"North Dakota","Stark County",3,73,197,95,102
050,38,089,"North Dakota","Stark County",3,74,223,111,112
050,38,089,"North Dakota","Stark County",3,75,153,72,81
050,38,089,"North Dakota","Stark County",3,76,150,72,78
050,38,089,"North Dakota","Stark County",3,77,136,61,75
050,38,089,"North Dakota","Stark County",3,78,137,64,73
050,38,089,"North Dakota","Stark County",3,79,124,49,75
050,38,089,"North Dakota","Stark County",3,80,112,46,66
050,38,089,"North Dakota","Stark County",3,81,100,37,63
050,38,089,"North Dakota","Stark County",3,82,96,45,51
050,38,089,"North Dakota","Stark County",3,83,112,49,63
050,38,089,"North Dakota","Stark County",3,84,96,40,56
050,38,089,"North Dakota","Stark County",3,85,751,262,489
050,38,089,"North Dakota","Stark County",4,0,487,259,228
050,38,089,"North Dakota","Stark County",4,1,505,247,258
050,38,089,"North Dakota","Stark County",4,2,467,247,220
050,38,089,"North Dakota","Stark County",4,3,531,285,246
050,38,089,"North Dakota","Stark County",4,4,525,293,232
050,38,089,"North Dakota","Stark County",4,5,561,285,276
050,38,089,"North Dakota","Stark County",4,6,581,308,273
050,38,089,"North Dakota","Stark County",4,7,545,293,252
050,38,089,"North Dakota","Stark County",4,8,530,280,250
050,38,089,"North Dakota","Stark County",4,9,536,282,254
050,38,089,"North Dakota","Stark County",4,10,526,273,253
050,38,089,"North Dakota","Stark County",4,11,466,232,234
050,38,089,"North Dakota","Stark County",4,12,480,244,236
050,38,089,"North Dakota","Stark County",4,13,488,244,244
050,38,089,"North Dakota","Stark County",4,14,472,223,249
050,38,089,"North Dakota","Stark County",4,15,443,238,205
050,38,089,"North Dakota","Stark County",4,16,455,226,229
050,38,089,"North Dakota","Stark County",4,17,461,237,224
050,38,089,"North Dakota","Stark County",4,18,399,216,183
050,38,089,"North Dakota","Stark County",4,19,364,199,165
050,38,089,"North Dakota","Stark County",4,20,338,180,158
050,38,089,"North Dakota","Stark County",4,21,351,176,175
050,38,089,"North Dakota","Stark County",4,22,363,183,180
050,38,089,"North Dakota","Stark County",4,23,421,193,228
050,38,089,"North Dakota","Stark County",4,24,417,215,202
050,38,089,"North Dakota","Stark County",4,25,405,208,197
050,38,089,"North Dakota","Stark County",4,26,409,212,197
050,38,089,"North Dakota","Stark County",4,27,421,226,195
050,38,089,"North Dakota","Stark County",4,28,459,232,227
050,38,089,"North Dakota","Stark County",4,29,472,238,234
050,38,089,"North Dakota","Stark County",4,30,551,274,277
050,38,089,"North Dakota","Stark County",4,31,589,312,277
050,38,089,"North Dakota","Stark County",4,32,569,307,262
050,38,089,"North Dakota","Stark County",4,33,570,316,254
050,38,089,"North Dakota","Stark County",4,34,524,277,247
050,38,089,"North Dakota","Stark County",4,35,489,272,217
050,38,089,"North Dakota","Stark County",4,36,492,288,204
050,38,089,"North Dakota","Stark County",4,37,519,299,220
050,38,089,"North Dakota","Stark County",4,38,503,264,239
050,38,089,"North Dakota","Stark County",4,39,516,275,241
050,38,089,"North Dakota","Stark County",4,40,488,258,230
050,38,089,"North Dakota","Stark County",4,41,471,253,218
050,38,089,"North Dakota","Stark County",4,42,424,225,199
050,38,089,"North Dakota","Stark County",4,43,369,193,176
050,38,089,"North Dakota","Stark County",4,44,362,205,157
050,38,089,"North Dakota","Stark County",4,45,320,183,137
050,38,089,"North Dakota","Stark County",4,46,296,166,130
050,38,089,"North Dakota","Stark County",4,47,303,168,135
050,38,089,"North Dakota","Stark County",4,48,295,166,129
050,38,089,"North Dakota","Stark County",4,49,305,155,150
050,38,089,"North Dakota","Stark County",4,50,333,173,160
050,38,089,"North Dakota","Stark County",4,51,342,198,144
050,38,089,"North Dakota","Stark County",4,52,305,163,142
050,38,089,"North Dakota","Stark County",4,53,308,175,133
050,38,089,"North Dakota","Stark County",4,54,318,186,132
050,38,089,"North Dakota","Stark County",4,55,321,171,150
050,38,089,"North Dakota","Stark County",4,56,340,173,167
050,38,089,"North Dakota","Stark County",4,57,341,163,178
050,38,089,"North Dakota","Stark County",4,58,361,180,181
050,38,089,"North Dakota","Stark County",4,59,381,198,183
050,38,089,"North Dakota","Stark County",4,60,392,206,186
050,38,089,"North Dakota","Stark County",4,61,403,216,187
050,38,089,"North Dakota","Stark County",4,62,388,200,188
050,38,089,"North Dakota","Stark County",4,63,377,180,197
050,38,089,"North Dakota","Stark County",4,64,381,196,185
050,38,089,"North Dakota","Stark County",4,65,342,186,156
050,38,089,"North Dakota","Stark County",4,66,313,173,140
050,38,089,"North Dakota","Stark County",4,67,296,152,144
050,38,089,"North Dakota","Stark County",4,68,280,136,144
050,38,089,"North Dakota","Stark County",4,69,258,144,114
050,38,089,"North Dakota","Stark County",4,70,257,137,120
050,38,089,"North Dakota","Stark County",4,71,226,123,103
050,38,089,"North Dakota","Stark County",4,72,201,100,101
050,38,089,"North Dakota","Stark County",4,73,203,99,104
050,38,089,"North Dakota","Stark County",4,74,194,92,102
050,38,089,"North Dakota","Stark County",4,75,218,108,110
050,38,089,"North Dakota","Stark County",4,76,149,70,79
050,38,089,"North Dakota","Stark County",4,77,144,64,80
050,38,089,"North Dakota","Stark County",4,78,140,64,76
050,38,089,"North Dakota","Stark County",4,79,128,59,69
050,38,089,"North Dakota","Stark County",4,80,116,42,74
050,38,089,"North Dakota","Stark County",4,81,105,38,67
050,38,089,"North Dakota","Stark County",4,82,94,37,57
050,38,089,"North Dakota","Stark County",4,83,93,38,55
050,38,089,"North Dakota","Stark County",4,84,98,44,54
050,38,089,"North Dakota","Stark County",4,85,739,259,480
050,38,089,"North Dakota","Stark County",5,0,482,259,223
050,38,089,"North Dakota","Stark County",5,1,470,249,221
050,38,089,"North Dakota","Stark County",5,2,503,246,257
050,38,089,"North Dakota","Stark County",5,3,505,265,240
050,38,089,"North Dakota","Stark County",5,4,527,281,246
050,38,089,"North Dakota","Stark County",5,5,530,295,235
050,38,089,"North Dakota","Stark County",5,6,564,293,271
050,38,089,"North Dakota","Stark County",5,7,575,301,274
050,38,089,"North Dakota","Stark County",5,8,552,293,259
050,38,089,"North Dakota","Stark County",5,9,535,279,256
050,38,089,"North Dakota","Stark County",5,10,539,282,257
050,38,089,"North Dakota","Stark County",5,11,511,263,248
050,38,089,"North Dakota","Stark County",5,12,467,238,229
050,38,089,"North Dakota","Stark County",5,13,477,239,238
050,38,089,"North Dakota","Stark County",5,14,499,251,248
050,38,089,"North Dakota","Stark County",5,15,459,223,236
050,38,089,"North Dakota","Stark County",5,16,447,243,204
050,38,089,"North Dakota","Stark County",5,17,456,228,228
050,38,089,"North Dakota","Stark County",5,18,430,226,204
050,38,089,"North Dakota","Stark County",5,19,369,213,156
050,38,089,"North Dakota","Stark County",5,20,371,200,171
050,38,089,"North Dakota","Stark County",5,21,345,186,159
050,38,089,"North Dakota","Stark County",5,22,387,191,196
050,38,089,"North Dakota","Stark County",5,23,390,194,196
050,38,089,"North Dakota","Stark County",5,24,432,216,216
050,38,089,"North Dakota","Stark County",5,25,409,214,195
050,38,089,"North Dakota","Stark County",5,26,387,203,184
050,38,089,"North Dakota","Stark County",5,27,403,208,195
050,38,089,"North Dakota","Stark County",5,28,442,240,202
050,38,089,"North Dakota","Stark County",5,29,457,233,224
050,38,089,"North Dakota","Stark County",5,30,478,239,239
050,38,089,"North Dakota","Stark County",5,31,556,276,280
050,38,089,"North Dakota","Stark County",5,32,598,321,277
050,38,089,"North Dakota","Stark County",5,33,560,297,263
050,38,089,"North Dakota","Stark County",5,34,544,303,241
050,38,089,"North Dakota","Stark County",5,35,535,288,247
050,38,089,"North Dakota","Stark County",5,36,471,258,213
050,38,089,"North Dakota","Stark County",5,37,500,287,213
050,38,089,"North Dakota","Stark County",5,38,537,291,246
050,38,089,"North Dakota","Stark County",5,39,506,263,243
050,38,089,"North Dakota","Stark County",5,40,515,271,244
050,38,089,"North Dakota","Stark County",5,41,485,253,232
050,38,089,"North Dakota","Stark County",5,42,483,263,220
050,38,089,"North Dakota","Stark County",5,43,411,219,192
050,38,089,"North Dakota","Stark County",5,44,379,204,175
050,38,089,"North Dakota","Stark County",5,45,369,203,166
050,38,089,"North Dakota","Stark County",5,46,342,195,147
050,38,089,"North Dakota","Stark County",5,47,286,159,127
050,38,089,"North Dakota","Stark County",5,48,314,177,137
050,38,089,"North Dakota","Stark County",5,49,289,158,131
050,38,089,"North Dakota","Stark County",5,50,312,155,157
050,38,089,"North Dakota","Stark County",5,51,325,167,158
050,38,089,"North Dakota","Stark County",5,52,335,189,146
050,38,089,"North Dakota","Stark County",5,53,296,160,136
050,38,089,"North Dakota","Stark County",5,54,304,172,132
050,38,089,"North Dakota","Stark County",5,55,303,172,131
050,38,089,"North Dakota","Stark County",5,56,332,180,152
050,38,089,"North Dakota","Stark County",5,57,339,175,164
050,38,089,"North Dakota","Stark County",5,58,332,160,172
050,38,089,"North Dakota","Stark County",5,59,372,190,182
050,38,089,"North Dakota","Stark County",5,60,380,197,183
050,38,089,"North Dakota","Stark County",5,61,388,208,180
050,38,089,"North Dakota","Stark County",5,62,395,209,186
050,38,089,"North Dakota","Stark County",5,63,387,201,186
050,38,089,"North Dakota","Stark County",5,64,376,184,192
050,38,089,"North Dakota","Stark County",5,65,373,192,181
050,38,089,"North Dakota","Stark County",5,66,326,173,153
050,38,089,"North Dakota","Stark County",5,67,320,174,146
050,38,089,"North Dakota","Stark County",5,68,289,148,141
050,38,089,"North Dakota","Stark County",5,69,271,133,138
050,38,089,"North Dakota","Stark County",5,70,257,140,117
050,38,089,"North Dakota","Stark County",5,71,244,134,110
050,38,089,"North Dakota","Stark County",5,72,222,118,104
050,38,089,"North Dakota","Stark County",5,73,199,100,99
050,38,089,"North Dakota","Stark County",5,74,196,96,100
050,38,089,"North Dakota","Stark County",5,75,188,88,100
050,38,089,"North Dakota","Stark County",5,76,211,105,106
050,38,089,"North Dakota","Stark County",5,77,140,61,79
050,38,089,"North Dakota","Stark County",5,78,145,68,77
050,38,089,"North Dakota","Stark County",5,79,133,62,71
050,38,089,"North Dakota","Stark County",5,80,120,55,65
050,38,089,"North Dakota","Stark County",5,81,110,37,73
050,38,089,"North Dakota","Stark County",5,82,97,37,60
050,38,089,"North Dakota","Stark County",5,83,90,33,57
050,38,089,"North Dakota","Stark County",5,84,78,33,45
050,38,089,"North Dakota","Stark County",5,85,738,258,480
050,38,091,"North Dakota","Steele County",1,0,20,10,10
050,38,091,"North Dakota","Steele County",1,1,20,10,10
050,38,091,"North Dakota","Steele County",1,2,20,11,9
050,38,091,"North Dakota","Steele County",1,3,29,14,15
050,38,091,"North Dakota","Steele County",1,4,30,16,14
050,38,091,"North Dakota","Steele County",1,5,23,10,13
050,38,091,"North Dakota","Steele County",1,6,22,10,12
050,38,091,"North Dakota","Steele County",1,7,21,13,8
050,38,091,"North Dakota","Steele County",1,8,16,9,7
050,38,091,"North Dakota","Steele County",1,9,19,10,9
050,38,091,"North Dakota","Steele County",1,10,26,10,16
050,38,091,"North Dakota","Steele County",1,11,21,9,12
050,38,091,"North Dakota","Steele County",1,12,25,13,12
050,38,091,"North Dakota","Steele County",1,13,21,10,11
050,38,091,"North Dakota","Steele County",1,14,22,13,9
050,38,091,"North Dakota","Steele County",1,15,20,9,11
050,38,091,"North Dakota","Steele County",1,16,18,12,6
050,38,091,"North Dakota","Steele County",1,17,21,14,7
050,38,091,"North Dakota","Steele County",1,18,23,11,12
050,38,091,"North Dakota","Steele County",1,19,12,3,9
050,38,091,"North Dakota","Steele County",1,20,15,7,8
050,38,091,"North Dakota","Steele County",1,21,18,8,10
050,38,091,"North Dakota","Steele County",1,22,16,8,8
050,38,091,"North Dakota","Steele County",1,23,19,11,8
050,38,091,"North Dakota","Steele County",1,24,16,8,8
050,38,091,"North Dakota","Steele County",1,25,16,8,8
050,38,091,"North Dakota","Steele County",1,26,16,10,6
050,38,091,"North Dakota","Steele County",1,27,12,9,3
050,38,091,"North Dakota","Steele County",1,28,17,8,9
050,38,091,"North Dakota","Steele County",1,29,23,10,13
050,38,091,"North Dakota","Steele County",1,30,22,13,9
050,38,091,"North Dakota","Steele County",1,31,19,9,10
050,38,091,"North Dakota","Steele County",1,32,13,7,6
050,38,091,"North Dakota","Steele County",1,33,13,6,7
050,38,091,"North Dakota","Steele County",1,34,17,10,7
050,38,091,"North Dakota","Steele County",1,35,19,11,8
050,38,091,"North Dakota","Steele County",1,36,20,11,9
050,38,091,"North Dakota","Steele County",1,37,16,8,8
050,38,091,"North Dakota","Steele County",1,38,19,9,10
050,38,091,"North Dakota","Steele County",1,39,19,12,7
050,38,091,"North Dakota","Steele County",1,40,23,15,8
050,38,091,"North Dakota","Steele County",1,41,14,7,7
050,38,091,"North Dakota","Steele County",1,42,15,6,9
050,38,091,"North Dakota","Steele County",1,43,16,7,9
050,38,091,"North Dakota","Steele County",1,44,22,11,11
050,38,091,"North Dakota","Steele County",1,45,18,9,9
050,38,091,"North Dakota","Steele County",1,46,16,11,5
050,38,091,"North Dakota","Steele County",1,47,15,8,7
050,38,091,"North Dakota","Steele County",1,48,20,7,13
050,38,091,"North Dakota","Steele County",1,49,25,14,11
050,38,091,"North Dakota","Steele County",1,50,23,15,8
050,38,091,"North Dakota","Steele County",1,51,19,10,9
050,38,091,"North Dakota","Steele County",1,52,19,12,7
050,38,091,"North Dakota","Steele County",1,53,16,11,5
050,38,091,"North Dakota","Steele County",1,54,19,13,6
050,38,091,"North Dakota","Steele County",1,55,23,11,12
050,38,091,"North Dakota","Steele County",1,56,26,12,14
050,38,091,"North Dakota","Steele County",1,57,36,21,15
050,38,091,"North Dakota","Steele County",1,58,35,20,15
050,38,091,"North Dakota","Steele County",1,59,25,14,11
050,38,091,"North Dakota","Steele County",1,60,27,10,17
050,38,091,"North Dakota","Steele County",1,61,32,19,13
050,38,091,"North Dakota","Steele County",1,62,26,18,8
050,38,091,"North Dakota","Steele County",1,63,26,14,12
050,38,091,"North Dakota","Steele County",1,64,31,16,15
050,38,091,"North Dakota","Steele County",1,65,33,20,13
050,38,091,"North Dakota","Steele County",1,66,37,23,14
050,38,091,"North Dakota","Steele County",1,67,27,17,10
050,38,091,"North Dakota","Steele County",1,68,26,12,14
050,38,091,"North Dakota","Steele County",1,69,28,12,16
050,38,091,"North Dakota","Steele County",1,70,32,18,14
050,38,091,"North Dakota","Steele County",1,71,21,14,7
050,38,091,"North Dakota","Steele County",1,72,25,15,10
050,38,091,"North Dakota","Steele County",1,73,24,13,11
050,38,091,"North Dakota","Steele County",1,74,16,6,10
050,38,091,"North Dakota","Steele County",1,75,20,7,13
050,38,091,"North Dakota","Steele County",1,76,14,7,7
050,38,091,"North Dakota","Steele County",1,77,15,11,4
050,38,091,"North Dakota","Steele County",1,78,15,9,6
050,38,091,"North Dakota","Steele County",1,79,14,8,6
050,38,091,"North Dakota","Steele County",1,80,12,6,6
050,38,091,"North Dakota","Steele County",1,81,15,6,9
050,38,091,"North Dakota","Steele County",1,82,12,4,8
050,38,091,"North Dakota","Steele County",1,83,12,6,6
050,38,091,"North Dakota","Steele County",1,84,10,5,5
050,38,091,"North Dakota","Steele County",1,85,46,19,27
050,38,091,"North Dakota","Steele County",2,0,24,11,13
050,38,091,"North Dakota","Steele County",2,1,20,10,10
050,38,091,"North Dakota","Steele County",2,2,20,11,9
050,38,091,"North Dakota","Steele County",2,3,27,13,14
050,38,091,"North Dakota","Steele County",2,4,30,15,15
050,38,091,"North Dakota","Steele County",2,5,24,12,12
050,38,091,"North Dakota","Steele County",2,6,24,11,13
050,38,091,"North Dakota","Steele County",2,7,20,11,9
050,38,091,"North Dakota","Steele County",2,8,17,10,7
050,38,091,"North Dakota","Steele County",2,9,18,10,8
050,38,091,"North Dakota","Steele County",2,10,25,10,15
050,38,091,"North Dakota","Steele County",2,11,21,9,12
050,38,091,"North Dakota","Steele County",2,12,25,13,12
050,38,091,"North Dakota","Steele County",2,13,21,10,11
050,38,091,"North Dakota","Steele County",2,14,22,12,10
050,38,091,"North Dakota","Steele County",2,15,20,10,10
050,38,091,"North Dakota","Steele County",2,16,18,11,7
050,38,091,"North Dakota","Steele County",2,17,20,13,7
050,38,091,"North Dakota","Steele County",2,18,21,11,10
050,38,091,"North Dakota","Steele County",2,19,13,4,9
050,38,091,"North Dakota","Steele County",2,20,15,7,8
050,38,091,"North Dakota","Steele County",2,21,17,8,9
050,38,091,"North Dakota","Steele County",2,22,16,8,8
050,38,091,"North Dakota","Steele County",2,23,18,10,8
050,38,091,"North Dakota","Steele County",2,24,17,9,8
050,38,091,"North Dakota","Steele County",2,25,16,8,8
050,38,091,"North Dakota","Steele County",2,26,16,10,6
050,38,091,"North Dakota","Steele County",2,27,13,9,4
050,38,091,"North Dakota","Steele County",2,28,16,8,8
050,38,091,"North Dakota","Steele County",2,29,22,10,12
050,38,091,"North Dakota","Steele County",2,30,22,12,10
050,38,091,"North Dakota","Steele County",2,31,20,10,10
050,38,091,"North Dakota","Steele County",2,32,14,7,7
050,38,091,"North Dakota","Steele County",2,33,13,6,7
050,38,091,"North Dakota","Steele County",2,34,16,9,7
050,38,091,"North Dakota","Steele County",2,35,19,11,8
050,38,091,"North Dakota","Steele County",2,36,20,11,9
050,38,091,"North Dakota","Steele County",2,37,17,9,8
050,38,091,"North Dakota","Steele County",2,38,19,9,10
050,38,091,"North Dakota","Steele County",2,39,19,11,8
050,38,091,"North Dakota","Steele County",2,40,22,14,8
050,38,091,"North Dakota","Steele County",2,41,16,9,7
050,38,091,"North Dakota","Steele County",2,42,15,6,9
050,38,091,"North Dakota","Steele County",2,43,16,7,9
050,38,091,"North Dakota","Steele County",2,44,20,10,10
050,38,091,"North Dakota","Steele County",2,45,19,9,10
050,38,091,"North Dakota","Steele County",2,46,15,10,5
050,38,091,"North Dakota","Steele County",2,47,16,9,7
050,38,091,"North Dakota","Steele County",2,48,18,7,11
050,38,091,"North Dakota","Steele County",2,49,23,12,11
050,38,091,"North Dakota","Steele County",2,50,24,15,9
050,38,091,"North Dakota","Steele County",2,51,20,11,9
050,38,091,"North Dakota","Steele County",2,52,18,11,7
050,38,091,"North Dakota","Steele County",2,53,16,11,5
050,38,091,"North Dakota","Steele County",2,54,19,13,6
050,38,091,"North Dakota","Steele County",2,55,23,12,11
050,38,091,"North Dakota","Steele County",2,56,26,12,14
050,38,091,"North Dakota","Steele County",2,57,34,19,15
050,38,091,"North Dakota","Steele County",2,58,35,20,15
050,38,091,"North Dakota","Steele County",2,59,27,15,12
050,38,091,"North Dakota","Steele County",2,60,27,11,16
050,38,091,"North Dakota","Steele County",2,61,31,17,14
050,38,091,"North Dakota","Steele County",2,62,28,18,10
050,38,091,"North Dakota","Steele County",2,63,26,15,11
050,38,091,"North Dakota","Steele County",2,64,29,15,14
050,38,091,"North Dakota","Steele County",2,65,33,19,14
050,38,091,"North Dakota","Steele County",2,66,36,22,14
050,38,091,"North Dakota","Steele County",2,67,28,17,11
050,38,091,"North Dakota","Steele County",2,68,26,13,13
050,38,091,"North Dakota","Steele County",2,69,28,12,16
050,38,091,"North Dakota","Steele County",2,70,31,17,14
050,38,091,"North Dakota","Steele County",2,71,24,15,9
050,38,091,"North Dakota","Steele County",2,72,23,14,9
050,38,091,"North Dakota","Steele County",2,73,25,14,11
050,38,091,"North Dakota","Steele County",2,74,17,7,10
050,38,091,"North Dakota","Steele County",2,75,19,7,12
050,38,091,"North Dakota","Steele County",2,76,15,7,8
050,38,091,"North Dakota","Steele County",2,77,15,10,5
050,38,091,"North Dakota","Steele County",2,78,14,9,5
050,38,091,"North Dakota","Steele County",2,79,14,8,6
050,38,091,"North Dakota","Steele County",2,80,12,6,6
050,38,091,"North Dakota","Steele County",2,81,13,6,7
050,38,091,"North Dakota","Steele County",2,82,14,5,9
050,38,091,"North Dakota","Steele County",2,83,12,6,6
050,38,091,"North Dakota","Steele County",2,84,10,5,5
050,38,091,"North Dakota","Steele County",2,85,47,20,27
050,38,091,"North Dakota","Steele County",3,0,22,15,7
050,38,091,"North Dakota","Steele County",3,1,21,9,12
050,38,091,"North Dakota","Steele County",3,2,20,10,10
050,38,091,"North Dakota","Steele County",3,3,22,13,9
050,38,091,"North Dakota","Steele County",3,4,26,14,12
050,38,091,"North Dakota","Steele County",3,5,30,14,16
050,38,091,"North Dakota","Steele County",3,6,25,12,13
050,38,091,"North Dakota","Steele County",3,7,24,11,13
050,38,091,"North Dakota","Steele County",3,8,23,12,11
050,38,091,"North Dakota","Steele County",3,9,15,9,6
050,38,091,"North Dakota","Steele County",3,10,22,11,11
050,38,091,"North Dakota","Steele County",3,11,27,13,14
050,38,091,"North Dakota","Steele County",3,12,23,9,14
050,38,091,"North Dakota","Steele County",3,13,24,12,12
050,38,091,"North Dakota","Steele County",3,14,22,11,11
050,38,091,"North Dakota","Steele County",3,15,21,11,10
050,38,091,"North Dakota","Steele County",3,16,18,10,8
050,38,091,"North Dakota","Steele County",3,17,17,10,7
050,38,091,"North Dakota","Steele County",3,18,14,10,4
050,38,091,"North Dakota","Steele County",3,19,18,10,8
050,38,091,"North Dakota","Steele County",3,20,13,5,8
050,38,091,"North Dakota","Steele County",3,21,16,8,8
050,38,091,"North Dakota","Steele County",3,22,16,8,8
050,38,091,"North Dakota","Steele County",3,23,20,8,12
050,38,091,"North Dakota","Steele County",3,24,14,9,5
050,38,091,"North Dakota","Steele County",3,25,16,9,7
050,38,091,"North Dakota","Steele County",3,26,18,8,10
050,38,091,"North Dakota","Steele County",3,27,15,9,6
050,38,091,"North Dakota","Steele County",3,28,14,8,6
050,38,091,"North Dakota","Steele County",3,29,17,11,6
050,38,091,"North Dakota","Steele County",3,30,23,10,13
050,38,091,"North Dakota","Steele County",3,31,24,13,11
050,38,091,"North Dakota","Steele County",3,32,22,11,11
050,38,091,"North Dakota","Steele County",3,33,17,8,9
050,38,091,"North Dakota","Steele County",3,34,13,6,7
050,38,091,"North Dakota","Steele County",3,35,19,10,9
050,38,091,"North Dakota","Steele County",3,36,19,11,8
050,38,091,"North Dakota","Steele County",3,37,18,10,8
050,38,091,"North Dakota","Steele County",3,38,19,9,10
050,38,091,"North Dakota","Steele County",3,39,19,9,10
050,38,091,"North Dakota","Steele County",3,40,17,10,7
050,38,091,"North Dakota","Steele County",3,41,23,15,8
050,38,091,"North Dakota","Steele County",3,42,19,12,7
050,38,091,"North Dakota","Steele County",3,43,11,3,8
050,38,091,"North Dakota","Steele County",3,44,17,8,9
050,38,091,"North Dakota","Steele County",3,45,20,10,10
050,38,091,"North Dakota","Steele County",3,46,19,9,10
050,38,091,"North Dakota","Steele County",3,47,16,10,6
050,38,091,"North Dakota","Steele County",3,48,16,10,6
050,38,091,"North Dakota","Steele County",3,49,18,7,11
050,38,091,"North Dakota","Steele County",3,50,23,12,11
050,38,091,"North Dakota","Steele County",3,51,24,15,9
050,38,091,"North Dakota","Steele County",3,52,21,11,10
050,38,091,"North Dakota","Steele County",3,53,20,13,7
050,38,091,"North Dakota","Steele County",3,54,16,11,5
050,38,091,"North Dakota","Steele County",3,55,18,13,5
050,38,091,"North Dakota","Steele County",3,56,22,12,10
050,38,091,"North Dakota","Steele County",3,57,25,11,14
050,38,091,"North Dakota","Steele County",3,58,33,18,15
050,38,091,"North Dakota","Steele County",3,59,36,21,15
050,38,091,"North Dakota","Steele County",3,60,26,14,12
050,38,091,"North Dakota","Steele County",3,61,27,11,16
050,38,091,"North Dakota","Steele County",3,62,33,18,15
050,38,091,"North Dakota","Steele County",3,63,27,17,10
050,38,091,"North Dakota","Steele County",3,64,27,15,12
050,38,091,"North Dakota","Steele County",3,65,28,14,14
050,38,091,"North Dakota","Steele County",3,66,32,18,14
050,38,091,"North Dakota","Steele County",3,67,34,22,12
050,38,091,"North Dakota","Steele County",3,68,28,17,11
050,38,091,"North Dakota","Steele County",3,69,26,14,12
050,38,091,"North Dakota","Steele County",3,70,29,12,17
050,38,091,"North Dakota","Steele County",3,71,31,17,14
050,38,091,"North Dakota","Steele County",3,72,24,15,9
050,38,091,"North Dakota","Steele County",3,73,23,14,9
050,38,091,"North Dakota","Steele County",3,74,26,15,11
050,38,091,"North Dakota","Steele County",3,75,17,7,10
050,38,091,"North Dakota","Steele County",3,76,19,7,12
050,38,091,"North Dakota","Steele County",3,77,15,7,8
050,38,091,"North Dakota","Steele County",3,78,14,10,4
050,38,091,"North Dakota","Steele County",3,79,14,9,5
050,38,091,"North Dakota","Steele County",3,80,14,8,6
050,38,091,"North Dakota","Steele County",3,81,10,5,5
050,38,091,"North Dakota","Steele County",3,82,12,5,7
050,38,091,"North Dakota","Steele County",3,83,13,5,8
050,38,091,"North Dakota","Steele County",3,84,10,4,6
050,38,091,"North Dakota","Steele County",3,85,47,23,24
050,38,091,"North Dakota","Steele County",4,0,20,10,10
050,38,091,"North Dakota","Steele County",4,1,20,11,9
050,38,091,"North Dakota","Steele County",4,2,21,9,12
050,38,091,"North Dakota","Steele County",4,3,19,8,11
050,38,091,"North Dakota","Steele County",4,4,22,12,10
050,38,091,"North Dakota","Steele County",4,5,26,15,11
050,38,091,"North Dakota","Steele County",4,6,29,15,14
050,38,091,"North Dakota","Steele County",4,7,25,14,11
050,38,091,"North Dakota","Steele County",4,8,19,9,10
050,38,091,"North Dakota","Steele County",4,9,24,13,11
050,38,091,"North Dakota","Steele County",4,10,18,9,9
050,38,091,"North Dakota","Steele County",4,11,24,11,13
050,38,091,"North Dakota","Steele County",4,12,27,14,13
050,38,091,"North Dakota","Steele County",4,13,22,8,14
050,38,091,"North Dakota","Steele County",4,14,23,11,12
050,38,091,"North Dakota","Steele County",4,15,22,11,11
050,38,091,"North Dakota","Steele County",4,16,23,13,10
050,38,091,"North Dakota","Steele County",4,17,18,10,8
050,38,091,"North Dakota","Steele County",4,18,14,9,5
050,38,091,"North Dakota","Steele County",4,19,13,10,3
050,38,091,"North Dakota","Steele County",4,20,20,10,10
050,38,091,"North Dakota","Steele County",4,21,15,6,9
050,38,091,"North Dakota","Steele County",4,22,13,8,5
050,38,091,"North Dakota","Steele County",4,23,15,6,9
050,38,091,"North Dakota","Steele County",4,24,20,8,12
050,38,091,"North Dakota","Steele County",4,25,13,8,5
050,38,091,"North Dakota","Steele County",4,26,12,6,6
050,38,091,"North Dakota","Steele County",4,27,17,9,8
050,38,091,"North Dakota","Steele County",4,28,17,12,5
050,38,091,"North Dakota","Steele County",4,29,14,7,7
050,38,091,"North Dakota","Steele County",4,30,18,10,8
050,38,091,"North Dakota","Steele County",4,31,23,11,12
050,38,091,"North Dakota","Steele County",4,32,23,13,10
050,38,091,"North Dakota","Steele County",4,33,20,10,10
050,38,091,"North Dakota","Steele County",4,34,19,10,9
050,38,091,"North Dakota","Steele County",4,35,13,6,7
050,38,091,"North Dakota","Steele County",4,36,20,10,10
050,38,091,"North Dakota","Steele County",4,37,19,10,9
050,38,091,"North Dakota","Steele County",4,38,21,11,10
050,38,091,"North Dakota","Steele County",4,39,20,10,10
050,38,091,"North Dakota","Steele County",4,40,20,9,11
050,38,091,"North Dakota","Steele County",4,41,18,11,7
050,38,091,"North Dakota","Steele County",4,42,21,13,8
050,38,091,"North Dakota","Steele County",4,43,16,9,7
050,38,091,"North Dakota","Steele County",4,44,11,3,8
050,38,091,"North Dakota","Steele County",4,45,17,8,9
050,38,091,"North Dakota","Steele County",4,46,20,9,11
050,38,091,"North Dakota","Steele County",4,47,17,8,9
050,38,091,"North Dakota","Steele County",4,48,15,10,5
050,38,091,"North Dakota","Steele County",4,49,20,13,7
050,38,091,"North Dakota","Steele County",4,50,19,8,11
050,38,091,"North Dakota","Steele County",4,51,24,13,11
050,38,091,"North Dakota","Steele County",4,52,24,15,9
050,38,091,"North Dakota","Steele County",4,53,20,10,10
050,38,091,"North Dakota","Steele County",4,54,22,15,7
050,38,091,"North Dakota","Steele County",4,55,17,11,6
050,38,091,"North Dakota","Steele County",4,56,18,13,5
050,38,091,"North Dakota","Steele County",4,57,25,12,13
050,38,091,"North Dakota","Steele County",4,58,24,11,13
050,38,091,"North Dakota","Steele County",4,59,32,17,15
050,38,091,"North Dakota","Steele County",4,60,36,21,15
050,38,091,"North Dakota","Steele County",4,61,27,14,13
050,38,091,"North Dakota","Steele County",4,62,27,11,16
050,38,091,"North Dakota","Steele County",4,63,33,19,14
050,38,091,"North Dakota","Steele County",4,64,27,17,10
050,38,091,"North Dakota","Steele County",4,65,27,15,12
050,38,091,"North Dakota","Steele County",4,66,29,14,15
050,38,091,"North Dakota","Steele County",4,67,29,17,12
050,38,091,"North Dakota","Steele County",4,68,33,21,12
050,38,091,"North Dakota","Steele County",4,69,26,16,10
050,38,091,"North Dakota","Steele County",4,70,25,14,11
050,38,091,"North Dakota","Steele County",4,71,29,12,17
050,38,091,"North Dakota","Steele County",4,72,30,16,14
050,38,091,"North Dakota","Steele County",4,73,24,15,9
050,38,091,"North Dakota","Steele County",4,74,20,12,8
050,38,091,"North Dakota","Steele County",4,75,24,14,10
050,38,091,"North Dakota","Steele County",4,76,17,7,10
050,38,091,"North Dakota","Steele County",4,77,18,7,11
050,38,091,"North Dakota","Steele County",4,78,13,6,7
050,38,091,"North Dakota","Steele County",4,79,13,9,4
050,38,091,"North Dakota","Steele County",4,80,13,8,5
050,38,091,"North Dakota","Steele County",4,81,13,7,6
050,38,091,"North Dakota","Steele County",4,82,8,3,5
050,38,091,"North Dakota","Steele County",4,83,12,6,6
050,38,091,"North Dakota","Steele County",4,84,13,4,9
050,38,091,"North Dakota","Steele County",4,85,46,22,24
050,38,091,"North Dakota","Steele County",5,0,18,10,8
050,38,091,"North Dakota","Steele County",5,1,15,8,7
050,38,091,"North Dakota","Steele County",5,2,22,13,9
050,38,091,"North Dakota","Steele County",5,3,22,10,12
050,38,091,"North Dakota","Steele County",5,4,21,9,12
050,38,091,"North Dakota","Steele County",5,5,22,12,10
050,38,091,"North Dakota","Steele County",5,6,23,12,11
050,38,091,"North Dakota","Steele County",5,7,31,14,17
050,38,091,"North Dakota","Steele County",5,8,22,13,9
050,38,091,"North Dakota","Steele County",5,9,21,9,12
050,38,091,"North Dakota","Steele County",5,10,23,14,9
050,38,091,"North Dakota","Steele County",5,11,18,10,8
050,38,091,"North Dakota","Steele County",5,12,23,10,13
050,38,091,"North Dakota","Steele County",5,13,29,15,14
050,38,091,"North Dakota","Steele County",5,14,21,8,13
050,38,091,"North Dakota","Steele County",5,15,22,11,11
050,38,091,"North Dakota","Steele County",5,16,23,11,12
050,38,091,"North Dakota","Steele County",5,17,22,12,10
050,38,091,"North Dakota","Steele County",5,18,15,9,6
050,38,091,"North Dakota","Steele County",5,19,9,6,3
050,38,091,"North Dakota","Steele County",5,20,15,12,3
050,38,091,"North Dakota","Steele County",5,21,18,9,9
050,38,091,"North Dakota","Steele County",5,22,10,3,7
050,38,091,"North Dakota","Steele County",5,23,16,10,6
050,38,091,"North Dakota","Steele County",5,24,13,5,8
050,38,091,"North Dakota","Steele County",5,25,18,6,12
050,38,091,"North Dakota","Steele County",5,26,15,8,7
050,38,091,"North Dakota","Steele County",5,27,14,8,6
050,38,091,"North Dakota","Steele County",5,28,17,9,8
050,38,091,"North Dakota","Steele County",5,29,18,13,5
050,38,091,"North Dakota","Steele County",5,30,19,11,8
050,38,091,"North Dakota","Steele County",5,31,18,9,9
050,38,091,"North Dakota","Steele County",5,32,25,11,14
050,38,091,"North Dakota","Steele County",5,33,21,13,8
050,38,091,"North Dakota","Steele County",5,34,19,9,10
050,38,091,"North Dakota","Steele County",5,35,21,13,8
050,38,091,"North Dakota","Steele County",5,36,15,6,9
050,38,091,"North Dakota","Steele County",5,37,23,13,10
050,38,091,"North Dakota","Steele County",5,38,19,10,9
050,38,091,"North Dakota","Steele County",5,39,22,11,11
050,38,091,"North Dakota","Steele County",5,40,19,10,9
050,38,091,"North Dakota","Steele County",5,41,21,10,11
050,38,091,"North Dakota","Steele County",5,42,17,11,6
050,38,091,"North Dakota","Steele County",5,43,22,13,9
050,38,091,"North Dakota","Steele County",5,44,14,7,7
050,38,091,"North Dakota","Steele County",5,45,10,3,7
050,38,091,"North Dakota","Steele County",5,46,15,6,9
050,38,091,"North Dakota","Steele County",5,47,16,7,9
050,38,091,"North Dakota","Steele County",5,48,18,8,10
050,38,091,"North Dakota","Steele County",5,49,15,10,5
050,38,091,"North Dakota","Steele County",5,50,20,14,6
050,38,091,"North Dakota","Steele County",5,51,19,8,11
050,38,091,"North Dakota","Steele County",5,52,24,13,11
050,38,091,"North Dakota","Steele County",5,53,28,18,10
050,38,091,"North Dakota","Steele County",5,54,21,10,11
050,38,091,"North Dakota","Steele County",5,55,22,15,7
050,38,091,"North Dakota","Steele County",5,56,18,11,7
050,38,091,"North Dakota","Steele County",5,57,19,13,6
050,38,091,"North Dakota","Steele County",5,58,26,12,14
050,38,091,"North Dakota","Steele County",5,59,31,17,14
050,38,091,"North Dakota","Steele County",5,60,30,16,14
050,38,091,"North Dakota","Steele County",5,61,37,21,16
050,38,091,"North Dakota","Steele County",5,62,26,12,14
050,38,091,"North Dakota","Steele County",5,63,25,10,15
050,38,091,"North Dakota","Steele County",5,64,32,18,14
050,38,091,"North Dakota","Steele County",5,65,29,17,12
050,38,091,"North Dakota","Steele County",5,66,28,15,13
050,38,091,"North Dakota","Steele County",5,67,29,14,15
050,38,091,"North Dakota","Steele County",5,68,26,17,9
050,38,091,"North Dakota","Steele County",5,69,31,21,10
050,38,091,"North Dakota","Steele County",5,70,27,17,10
050,38,091,"North Dakota","Steele County",5,71,20,11,9
050,38,091,"North Dakota","Steele County",5,72,28,10,18
050,38,091,"North Dakota","Steele County",5,73,28,15,13
050,38,091,"North Dakota","Steele County",5,74,22,14,8
050,38,091,"North Dakota","Steele County",5,75,18,12,6
050,38,091,"North Dakota","Steele County",5,76,24,14,10
050,38,091,"North Dakota","Steele County",5,77,17,7,10
050,38,091,"North Dakota","Steele County",5,78,18,7,11
050,38,091,"North Dakota","Steele County",5,79,11,5,6
050,38,091,"North Dakota","Steele County",5,80,12,8,4
050,38,091,"North Dakota","Steele County",5,81,12,7,5
050,38,091,"North Dakota","Steele County",5,82,12,6,6
050,38,091,"North Dakota","Steele County",5,83,8,3,5
050,38,091,"North Dakota","Steele County",5,84,9,5,4
050,38,091,"North Dakota","Steele County",5,85,50,22,28
050,38,093,"North Dakota","Stutsman County",1,0,231,118,113
050,38,093,"North Dakota","Stutsman County",1,1,242,135,107
050,38,093,"North Dakota","Stutsman County",1,2,233,127,106
050,38,093,"North Dakota","Stutsman County",1,3,222,117,105
050,38,093,"North Dakota","Stutsman County",1,4,217,112,105
050,38,093,"North Dakota","Stutsman County",1,5,228,113,115
050,38,093,"North Dakota","Stutsman County",1,6,250,116,134
050,38,093,"North Dakota","Stutsman County",1,7,246,114,132
050,38,093,"North Dakota","Stutsman County",1,8,249,113,136
050,38,093,"North Dakota","Stutsman County",1,9,236,110,126
050,38,093,"North Dakota","Stutsman County",1,10,247,119,128
050,38,093,"North Dakota","Stutsman County",1,11,266,129,137
050,38,093,"North Dakota","Stutsman County",1,12,257,120,137
050,38,093,"North Dakota","Stutsman County",1,13,253,126,127
050,38,093,"North Dakota","Stutsman County",1,14,255,132,123
050,38,093,"North Dakota","Stutsman County",1,15,253,131,122
050,38,093,"North Dakota","Stutsman County",1,16,261,133,128
050,38,093,"North Dakota","Stutsman County",1,17,243,126,117
050,38,093,"North Dakota","Stutsman County",1,18,256,136,120
050,38,093,"North Dakota","Stutsman County",1,19,343,179,164
050,38,093,"North Dakota","Stutsman County",1,20,363,183,180
050,38,093,"North Dakota","Stutsman County",1,21,356,164,192
050,38,093,"North Dakota","Stutsman County",1,22,292,160,132
050,38,093,"North Dakota","Stutsman County",1,23,275,153,122
050,38,093,"North Dakota","Stutsman County",1,24,271,155,116
050,38,093,"North Dakota","Stutsman County",1,25,261,142,119
050,38,093,"North Dakota","Stutsman County",1,26,248,140,108
050,38,093,"North Dakota","Stutsman County",1,27,261,151,110
050,38,093,"North Dakota","Stutsman County",1,28,286,162,124
050,38,093,"North Dakota","Stutsman County",1,29,258,130,128
050,38,093,"North Dakota","Stutsman County",1,30,248,132,116
050,38,093,"North Dakota","Stutsman County",1,31,246,137,109
050,38,093,"North Dakota","Stutsman County",1,32,256,154,102
050,38,093,"North Dakota","Stutsman County",1,33,261,159,102
050,38,093,"North Dakota","Stutsman County",1,34,274,160,114
050,38,093,"North Dakota","Stutsman County",1,35,287,168,119
050,38,093,"North Dakota","Stutsman County",1,36,262,131,131
050,38,093,"North Dakota","Stutsman County",1,37,257,134,123
050,38,093,"North Dakota","Stutsman County",1,38,258,136,122
050,38,093,"North Dakota","Stutsman County",1,39,291,155,136
050,38,093,"North Dakota","Stutsman County",1,40,260,152,108
050,38,093,"North Dakota","Stutsman County",1,41,256,139,117
050,38,093,"North Dakota","Stutsman County",1,42,261,139,122
050,38,093,"North Dakota","Stutsman County",1,43,239,132,107
050,38,093,"North Dakota","Stutsman County",1,44,240,131,109
050,38,093,"North Dakota","Stutsman County",1,45,225,117,108
050,38,093,"North Dakota","Stutsman County",1,46,217,116,101
050,38,093,"North Dakota","Stutsman County",1,47,216,111,105
050,38,093,"North Dakota","Stutsman County",1,48,213,108,105
050,38,093,"North Dakota","Stutsman County",1,49,232,127,105
050,38,093,"North Dakota","Stutsman County",1,50,260,150,110
050,38,093,"North Dakota","Stutsman County",1,51,258,135,123
050,38,093,"North Dakota","Stutsman County",1,52,246,129,117
050,38,093,"North Dakota","Stutsman County",1,53,255,127,128
050,38,093,"North Dakota","Stutsman County",1,54,255,129,126
050,38,093,"North Dakota","Stutsman County",1,55,309,167,142
050,38,093,"North Dakota","Stutsman County",1,56,309,159,150
050,38,093,"North Dakota","Stutsman County",1,57,275,140,135
050,38,093,"North Dakota","Stutsman County",1,58,316,157,159
050,38,093,"North Dakota","Stutsman County",1,59,325,166,159
050,38,093,"North Dakota","Stutsman County",1,60,332,177,155
050,38,093,"North Dakota","Stutsman County",1,61,375,200,175
050,38,093,"North Dakota","Stutsman County",1,62,363,186,177
050,38,093,"North Dakota","Stutsman County",1,63,336,175,161
050,38,093,"North Dakota","Stutsman County",1,64,307,153,154
050,38,093,"North Dakota","Stutsman County",1,65,288,138,150
050,38,093,"North Dakota","Stutsman County",1,66,297,150,147
050,38,093,"North Dakota","Stutsman County",1,67,301,161,140
050,38,093,"North Dakota","Stutsman County",1,68,281,148,133
050,38,093,"North Dakota","Stutsman County",1,69,237,117,120
050,38,093,"North Dakota","Stutsman County",1,70,232,112,120
050,38,093,"North Dakota","Stutsman County",1,71,234,112,122
050,38,093,"North Dakota","Stutsman County",1,72,212,108,104
050,38,093,"North Dakota","Stutsman County",1,73,193,91,102
050,38,093,"North Dakota","Stutsman County",1,74,135,55,80
050,38,093,"North Dakota","Stutsman County",1,75,143,59,84
050,38,093,"North Dakota","Stutsman County",1,76,141,56,85
050,38,093,"North Dakota","Stutsman County",1,77,134,61,73
050,38,093,"North Dakota","Stutsman County",1,78,108,47,61
050,38,093,"North Dakota","Stutsman County",1,79,114,47,67
050,38,093,"North Dakota","Stutsman County",1,80,100,45,55
050,38,093,"North Dakota","Stutsman County",1,81,120,54,66
050,38,093,"North Dakota","Stutsman County",1,82,98,39,59
050,38,093,"North Dakota","Stutsman County",1,83,95,51,44
050,38,093,"North Dakota","Stutsman County",1,84,99,47,52
050,38,093,"North Dakota","Stutsman County",1,85,646,223,423
050,38,093,"North Dakota","Stutsman County",2,0,223,113,110
050,38,093,"North Dakota","Stutsman County",2,1,237,129,108
050,38,093,"North Dakota","Stutsman County",2,2,235,129,106
050,38,093,"North Dakota","Stutsman County",2,3,224,118,106
050,38,093,"North Dakota","Stutsman County",2,4,222,116,106
050,38,093,"North Dakota","Stutsman County",2,5,225,113,112
050,38,093,"North Dakota","Stutsman County",2,6,245,116,129
050,38,093,"North Dakota","Stutsman County",2,7,245,112,133
050,38,093,"North Dakota","Stutsman County",2,8,247,113,134
050,38,093,"North Dakota","Stutsman County",2,9,238,109,129
050,38,093,"North Dakota","Stutsman County",2,10,245,118,127
050,38,093,"North Dakota","Stutsman County",2,11,258,124,134
050,38,093,"North Dakota","Stutsman County",2,12,259,123,136
050,38,093,"North Dakota","Stutsman County",2,13,252,124,128
050,38,093,"North Dakota","Stutsman County",2,14,255,132,123
050,38,093,"North Dakota","Stutsman County",2,15,255,132,123
050,38,093,"North Dakota","Stutsman County",2,16,256,131,125
050,38,093,"North Dakota","Stutsman County",2,17,246,127,119
050,38,093,"North Dakota","Stutsman County",2,18,257,135,122
050,38,093,"North Dakota","Stutsman County",2,19,345,180,165
050,38,093,"North Dakota","Stutsman County",2,20,362,183,179
050,38,093,"North Dakota","Stutsman County",2,21,351,159,192
050,38,093,"North Dakota","Stutsman County",2,22,290,158,132
050,38,093,"North Dakota","Stutsman County",2,23,277,154,123
050,38,093,"North Dakota","Stutsman County",2,24,267,153,114
050,38,093,"North Dakota","Stutsman County",2,25,261,141,120
050,38,093,"North Dakota","Stutsman County",2,26,246,138,108
050,38,093,"North Dakota","Stutsman County",2,27,259,150,109
050,38,093,"North Dakota","Stutsman County",2,28,281,159,122
050,38,093,"North Dakota","Stutsman County",2,29,262,137,125
050,38,093,"North Dakota","Stutsman County",2,30,248,130,118
050,38,093,"North Dakota","Stutsman County",2,31,247,137,110
050,38,093,"North Dakota","Stutsman County",2,32,253,152,101
050,38,093,"North Dakota","Stutsman County",2,33,258,156,102
050,38,093,"North Dakota","Stutsman County",2,34,273,162,111
050,38,093,"North Dakota","Stutsman County",2,35,284,165,119
050,38,093,"North Dakota","Stutsman County",2,36,268,140,128
050,38,093,"North Dakota","Stutsman County",2,37,259,135,124
050,38,093,"North Dakota","Stutsman County",2,38,255,133,122
050,38,093,"North Dakota","Stutsman County",2,39,283,150,133
050,38,093,"North Dakota","Stutsman County",2,40,267,152,115
050,38,093,"North Dakota","Stutsman County",2,41,257,142,115
050,38,093,"North Dakota","Stutsman County",2,42,259,138,121
050,38,093,"North Dakota","Stutsman County",2,43,245,135,110
050,38,093,"North Dakota","Stutsman County",2,44,240,132,108
050,38,093,"North Dakota","Stutsman County",2,45,229,118,111
050,38,093,"North Dakota","Stutsman County",2,46,222,118,104
050,38,093,"North Dakota","Stutsman County",2,47,213,111,102
050,38,093,"North Dakota","Stutsman County",2,48,213,107,106
050,38,093,"North Dakota","Stutsman County",2,49,228,125,103
050,38,093,"North Dakota","Stutsman County",2,50,254,144,110
050,38,093,"North Dakota","Stutsman County",2,51,261,138,123
050,38,093,"North Dakota","Stutsman County",2,52,242,127,115
050,38,093,"North Dakota","Stutsman County",2,53,255,127,128
050,38,093,"North Dakota","Stutsman County",2,54,252,126,126
050,38,093,"North Dakota","Stutsman County",2,55,302,165,137
050,38,093,"North Dakota","Stutsman County",2,56,303,156,147
050,38,093,"North Dakota","Stutsman County",2,57,278,141,137
050,38,093,"North Dakota","Stutsman County",2,58,304,153,151
050,38,093,"North Dakota","Stutsman County",2,59,321,162,159
050,38,093,"North Dakota","Stutsman County",2,60,334,176,158
050,38,093,"North Dakota","Stutsman County",2,61,367,196,171
050,38,093,"North Dakota","Stutsman County",2,62,362,186,176
050,38,093,"North Dakota","Stutsman County",2,63,343,177,166
050,38,093,"North Dakota","Stutsman County",2,64,311,155,156
050,38,093,"North Dakota","Stutsman County",2,65,290,139,151
050,38,093,"North Dakota","Stutsman County",2,66,295,150,145
050,38,093,"North Dakota","Stutsman County",2,67,296,156,140
050,38,093,"North Dakota","Stutsman County",2,68,282,150,132
050,38,093,"North Dakota","Stutsman County",2,69,248,124,124
050,38,093,"North Dakota","Stutsman County",2,70,230,111,119
050,38,093,"North Dakota","Stutsman County",2,71,235,112,123
050,38,093,"North Dakota","Stutsman County",2,72,209,103,106
050,38,093,"North Dakota","Stutsman County",2,73,207,100,107
050,38,093,"North Dakota","Stutsman County",2,74,136,58,78
050,38,093,"North Dakota","Stutsman County",2,75,141,59,82
050,38,093,"North Dakota","Stutsman County",2,76,139,54,85
050,38,093,"North Dakota","Stutsman County",2,77,141,63,78
050,38,093,"North Dakota","Stutsman County",2,78,110,48,62
050,38,093,"North Dakota","Stutsman County",2,79,112,46,66
050,38,093,"North Dakota","Stutsman County",2,80,102,45,57
050,38,093,"North Dakota","Stutsman County",2,81,116,51,65
050,38,093,"North Dakota","Stutsman County",2,82,100,41,59
050,38,093,"North Dakota","Stutsman County",2,83,93,48,45
050,38,093,"North Dakota","Stutsman County",2,84,96,47,49
050,38,093,"North Dakota","Stutsman County",2,85,647,224,423
050,38,093,"North Dakota","Stutsman County",3,0,220,118,102
050,38,093,"North Dakota","Stutsman County",3,1,240,121,119
050,38,093,"North Dakota","Stutsman County",3,2,237,129,108
050,38,093,"North Dakota","Stutsman County",3,3,243,137,106
050,38,093,"North Dakota","Stutsman County",3,4,238,128,110
050,38,093,"North Dakota","Stutsman County",3,5,234,122,112
050,38,093,"North Dakota","Stutsman County",3,6,227,116,111
050,38,093,"North Dakota","Stutsman County",3,7,260,122,138
050,38,093,"North Dakota","Stutsman County",3,8,243,115,128
050,38,093,"North Dakota","Stutsman County",3,9,253,117,136
050,38,093,"North Dakota","Stutsman County",3,10,242,112,130
050,38,093,"North Dakota","Stutsman County",3,11,259,123,136
050,38,093,"North Dakota","Stutsman County",3,12,254,127,127
050,38,093,"North Dakota","Stutsman County",3,13,273,130,143
050,38,093,"North Dakota","Stutsman County",3,14,256,126,130
050,38,093,"North Dakota","Stutsman County",3,15,265,136,129
050,38,093,"North Dakota","Stutsman County",3,16,251,124,127
050,38,093,"North Dakota","Stutsman County",3,17,257,132,125
050,38,093,"North Dakota","Stutsman County",3,18,265,132,133
050,38,093,"North Dakota","Stutsman County",3,19,345,182,163
050,38,093,"North Dakota","Stutsman County",3,20,368,186,182
050,38,093,"North Dakota","Stutsman County",3,21,344,155,189
050,38,093,"North Dakota","Stutsman County",3,22,287,157,130
050,38,093,"North Dakota","Stutsman County",3,23,254,147,107
050,38,093,"North Dakota","Stutsman County",3,24,257,146,111
050,38,093,"North Dakota","Stutsman County",3,25,267,141,126
050,38,093,"North Dakota","Stutsman County",3,26,256,141,115
050,38,093,"North Dakota","Stutsman County",3,27,282,165,117
050,38,093,"North Dakota","Stutsman County",3,28,252,138,114
050,38,093,"North Dakota","Stutsman County",3,29,267,156,111
050,38,093,"North Dakota","Stutsman County",3,30,261,141,120
050,38,093,"North Dakota","Stutsman County",3,31,259,138,121
050,38,093,"North Dakota","Stutsman County",3,32,250,137,113
050,38,093,"North Dakota","Stutsman County",3,33,255,149,106
050,38,093,"North Dakota","Stutsman County",3,34,263,155,108
050,38,093,"North Dakota","Stutsman County",3,35,273,160,113
050,38,093,"North Dakota","Stutsman County",3,36,293,161,132
050,38,093,"North Dakota","Stutsman County",3,37,267,140,127
050,38,093,"North Dakota","Stutsman County",3,38,242,130,112
050,38,093,"North Dakota","Stutsman County",3,39,272,146,126
050,38,093,"North Dakota","Stutsman County",3,40,272,145,127
050,38,093,"North Dakota","Stutsman County",3,41,272,157,115
050,38,093,"North Dakota","Stutsman County",3,42,261,138,123
050,38,093,"North Dakota","Stutsman County",3,43,249,136,113
050,38,093,"North Dakota","Stutsman County",3,44,256,145,111
050,38,093,"North Dakota","Stutsman County",3,45,230,119,111
050,38,093,"North Dakota","Stutsman County",3,46,244,130,114
050,38,093,"North Dakota","Stutsman County",3,47,222,120,102
050,38,093,"North Dakota","Stutsman County",3,48,199,101,98
050,38,093,"North Dakota","Stutsman County",3,49,222,113,109
050,38,093,"North Dakota","Stutsman County",3,50,233,130,103
050,38,093,"North Dakota","Stutsman County",3,51,258,141,117
050,38,093,"North Dakota","Stutsman County",3,52,242,130,112
050,38,093,"North Dakota","Stutsman County",3,53,253,127,126
050,38,093,"North Dakota","Stutsman County",3,54,252,125,127
050,38,093,"North Dakota","Stutsman County",3,55,272,148,124
050,38,093,"North Dakota","Stutsman County",3,56,287,148,139
050,38,093,"North Dakota","Stutsman County",3,57,281,144,137
050,38,093,"North Dakota","Stutsman County",3,58,274,143,131
050,38,093,"North Dakota","Stutsman County",3,59,297,149,148
050,38,093,"North Dakota","Stutsman County",3,60,336,170,166
050,38,093,"North Dakota","Stutsman County",3,61,333,177,156
050,38,093,"North Dakota","Stutsman County",3,62,342,178,164
050,38,093,"North Dakota","Stutsman County",3,63,354,185,169
050,38,093,"North Dakota","Stutsman County",3,64,337,169,168
050,38,093,"North Dakota","Stutsman County",3,65,309,154,155
050,38,093,"North Dakota","Stutsman County",3,66,282,139,143
050,38,093,"North Dakota","Stutsman County",3,67,292,142,150
050,38,093,"North Dakota","Stutsman County",3,68,282,148,134
050,38,093,"North Dakota","Stutsman County",3,69,273,143,130
050,38,093,"North Dakota","Stutsman County",3,70,232,116,116
050,38,093,"North Dakota","Stutsman County",3,71,231,112,119
050,38,093,"North Dakota","Stutsman County",3,72,228,111,117
050,38,093,"North Dakota","Stutsman County",3,73,212,102,110
050,38,093,"North Dakota","Stutsman County",3,74,195,92,103
050,38,093,"North Dakota","Stutsman County",3,75,135,59,76
050,38,093,"North Dakota","Stutsman County",3,76,134,50,84
050,38,093,"North Dakota","Stutsman County",3,77,127,49,78
050,38,093,"North Dakota","Stutsman County",3,78,126,55,71
050,38,093,"North Dakota","Stutsman County",3,79,105,42,63
050,38,093,"North Dakota","Stutsman County",3,80,103,45,58
050,38,093,"North Dakota","Stutsman County",3,81,102,42,60
050,38,093,"North Dakota","Stutsman County",3,82,111,49,62
050,38,093,"North Dakota","Stutsman County",3,83,98,43,55
050,38,093,"North Dakota","Stutsman County",3,84,87,44,43
050,38,093,"North Dakota","Stutsman County",3,85,606,218,388
050,38,093,"North Dakota","Stutsman County",4,0,203,99,104
050,38,093,"North Dakota","Stutsman County",4,1,227,120,107
050,38,093,"North Dakota","Stutsman County",4,2,237,124,113
050,38,093,"North Dakota","Stutsman County",4,3,245,131,114
050,38,093,"North Dakota","Stutsman County",4,4,237,136,101
050,38,093,"North Dakota","Stutsman County",4,5,237,128,109
050,38,093,"North Dakota","Stutsman County",4,6,228,121,107
050,38,093,"North Dakota","Stutsman County",4,7,229,119,110
050,38,093,"North Dakota","Stutsman County",4,8,263,124,139
050,38,093,"North Dakota","Stutsman County",4,9,247,118,129
050,38,093,"North Dakota","Stutsman County",4,10,257,121,136
050,38,093,"North Dakota","Stutsman County",4,11,242,106,136
050,38,093,"North Dakota","Stutsman County",4,12,255,121,134
050,38,093,"North Dakota","Stutsman County",4,13,248,122,126
050,38,093,"North Dakota","Stutsman County",4,14,268,128,140
050,38,093,"North Dakota","Stutsman County",4,15,257,126,131
050,38,093,"North Dakota","Stutsman County",4,16,261,133,128
050,38,093,"North Dakota","Stutsman County",4,17,254,129,125
050,38,093,"North Dakota","Stutsman County",4,18,269,137,132
050,38,093,"North Dakota","Stutsman County",4,19,355,180,175
050,38,093,"North Dakota","Stutsman County",4,20,359,183,176
050,38,093,"North Dakota","Stutsman County",4,21,350,159,191
050,38,093,"North Dakota","Stutsman County",4,22,286,151,135
050,38,093,"North Dakota","Stutsman County",4,23,253,138,115
050,38,093,"North Dakota","Stutsman County",4,24,256,150,106
050,38,093,"North Dakota","Stutsman County",4,25,245,130,115
050,38,093,"North Dakota","Stutsman County",4,26,260,143,117
050,38,093,"North Dakota","Stutsman County",4,27,261,137,124
050,38,093,"North Dakota","Stutsman County",4,28,289,164,125
050,38,093,"North Dakota","Stutsman County",4,29,240,140,100
050,38,093,"North Dakota","Stutsman County",4,30,249,147,102
050,38,093,"North Dakota","Stutsman County",4,31,262,132,130
050,38,093,"North Dakota","Stutsman County",4,32,268,145,123
050,38,093,"North Dakota","Stutsman County",4,33,250,139,111
050,38,093,"North Dakota","Stutsman County",4,34,259,154,105
050,38,093,"North Dakota","Stutsman County",4,35,268,157,111
050,38,093,"North Dakota","Stutsman County",4,36,282,159,123
050,38,093,"North Dakota","Stutsman County",4,37,273,154,119
050,38,093,"North Dakota","Stutsman County",4,38,261,136,125
050,38,093,"North Dakota","Stutsman County",4,39,254,138,116
050,38,093,"North Dakota","Stutsman County",4,40,252,134,118
050,38,093,"North Dakota","Stutsman County",4,41,273,147,126
050,38,093,"North Dakota","Stutsman County",4,42,285,159,126
050,38,093,"North Dakota","Stutsman County",4,43,251,138,113
050,38,093,"North Dakota","Stutsman County",4,44,254,140,114
050,38,093,"North Dakota","Stutsman County",4,45,249,128,121
050,38,093,"North Dakota","Stutsman County",4,46,243,130,113
050,38,093,"North Dakota","Stutsman County",4,47,245,131,114
050,38,093,"North Dakota","Stutsman County",4,48,210,116,94
050,38,093,"North Dakota","Stutsman County",4,49,204,109,95
050,38,093,"North Dakota","Stutsman County",4,50,218,108,110
050,38,093,"North Dakota","Stutsman County",4,51,231,122,109
050,38,093,"North Dakota","Stutsman County",4,52,241,140,101
050,38,093,"North Dakota","Stutsman County",4,53,256,130,126
050,38,093,"North Dakota","Stutsman County",4,54,235,111,124
050,38,093,"North Dakota","Stutsman County",4,55,267,151,116
050,38,093,"North Dakota","Stutsman County",4,56,255,129,126
050,38,093,"North Dakota","Stutsman County",4,57,264,139,125
050,38,093,"North Dakota","Stutsman County",4,58,280,147,133
050,38,093,"North Dakota","Stutsman County",4,59,262,134,128
050,38,093,"North Dakota","Stutsman County",4,60,313,156,157
050,38,093,"North Dakota","Stutsman County",4,61,349,178,171
050,38,093,"North Dakota","Stutsman County",4,62,315,164,151
050,38,093,"North Dakota","Stutsman County",4,63,332,175,157
050,38,093,"North Dakota","Stutsman County",4,64,343,178,165
050,38,093,"North Dakota","Stutsman County",4,65,330,164,166
050,38,093,"North Dakota","Stutsman County",4,66,296,155,141
050,38,093,"North Dakota","Stutsman County",4,67,267,127,140
050,38,093,"North Dakota","Stutsman County",4,68,283,137,146
050,38,093,"North Dakota","Stutsman County",4,69,272,140,132
050,38,093,"North Dakota","Stutsman County",4,70,258,137,121
050,38,093,"North Dakota","Stutsman County",4,71,229,112,117
050,38,093,"North Dakota","Stutsman County",4,72,227,111,116
050,38,093,"North Dakota","Stutsman County",4,73,233,112,121
050,38,093,"North Dakota","Stutsman County",4,74,206,99,107
050,38,093,"North Dakota","Stutsman County",4,75,186,92,94
050,38,093,"North Dakota","Stutsman County",4,76,132,53,79
050,38,093,"North Dakota","Stutsman County",4,77,134,50,84
050,38,093,"North Dakota","Stutsman County",4,78,118,43,75
050,38,093,"North Dakota","Stutsman County",4,79,125,52,73
050,38,093,"North Dakota","Stutsman County",4,80,97,39,58
050,38,093,"North Dakota","Stutsman County",4,81,106,44,62
050,38,093,"North Dakota","Stutsman County",4,82,96,40,56
050,38,093,"North Dakota","Stutsman County",4,83,109,51,58
050,38,093,"North Dakota","Stutsman County",4,84,91,37,54
050,38,093,"North Dakota","Stutsman County",4,85,610,225,385
050,38,093,"North Dakota","Stutsman County",5,0,205,100,105
050,38,093,"North Dakota","Stutsman County",5,1,196,95,101
050,38,093,"North Dakota","Stutsman County",5,2,222,124,98
050,38,093,"North Dakota","Stutsman County",5,3,238,125,113
050,38,093,"North Dakota","Stutsman County",5,4,237,124,113
050,38,093,"North Dakota","Stutsman County",5,5,231,132,99
050,38,093,"North Dakota","Stutsman County",5,6,230,122,108
050,38,093,"North Dakota","Stutsman County",5,7,222,116,106
050,38,093,"North Dakota","Stutsman County",5,8,224,118,106
050,38,093,"North Dakota","Stutsman County",5,9,261,127,134
050,38,093,"North Dakota","Stutsman County",5,10,245,120,125
050,38,093,"North Dakota","Stutsman County",5,11,258,116,142
050,38,093,"North Dakota","Stutsman County",5,12,248,111,137
050,38,093,"North Dakota","Stutsman County",5,13,258,125,133
050,38,093,"North Dakota","Stutsman County",5,14,248,127,121
050,38,093,"North Dakota","Stutsman County",5,15,275,130,145
050,38,093,"North Dakota","Stutsman County",5,16,258,123,135
050,38,093,"North Dakota","Stutsman County",5,17,274,144,130
050,38,093,"North Dakota","Stutsman County",5,18,276,138,138
050,38,093,"North Dakota","Stutsman County",5,19,361,188,173
050,38,093,"North Dakota","Stutsman County",5,20,371,187,184
050,38,093,"North Dakota","Stutsman County",5,21,341,162,179
050,38,093,"North Dakota","Stutsman County",5,22,292,166,126
050,38,093,"North Dakota","Stutsman County",5,23,272,151,121
050,38,093,"North Dakota","Stutsman County",5,24,238,133,105
050,38,093,"North Dakota","Stutsman County",5,25,254,143,111
050,38,093,"North Dakota","Stutsman County",5,26,250,132,118
050,38,093,"North Dakota","Stutsman County",5,27,276,151,125
050,38,093,"North Dakota","Stutsman County",5,28,255,135,120
050,38,093,"North Dakota","Stutsman County",5,29,270,155,115
050,38,093,"North Dakota","Stutsman County",5,30,231,135,96
050,38,093,"North Dakota","Stutsman County",5,31,249,140,109
050,38,093,"North Dakota","Stutsman County",5,32,275,144,131
050,38,093,"North Dakota","Stutsman County",5,33,256,137,119
050,38,093,"North Dakota","Stutsman County",5,34,252,143,109
050,38,093,"North Dakota","Stutsman County",5,35,263,145,118
050,38,093,"North Dakota","Stutsman County",5,36,270,155,115
050,38,093,"North Dakota","Stutsman County",5,37,269,154,115
050,38,093,"North Dakota","Stutsman County",5,38,274,153,121
050,38,093,"North Dakota","Stutsman County",5,39,263,141,122
050,38,093,"North Dakota","Stutsman County",5,40,242,132,110
050,38,093,"North Dakota","Stutsman County",5,41,263,144,119
050,38,093,"North Dakota","Stutsman County",5,42,265,137,128
050,38,093,"North Dakota","Stutsman County",5,43,267,153,114
050,38,093,"North Dakota","Stutsman County",5,44,254,142,112
050,38,093,"North Dakota","Stutsman County",5,45,248,132,116
050,38,093,"North Dakota","Stutsman County",5,46,264,135,129
050,38,093,"North Dakota","Stutsman County",5,47,237,130,107
050,38,093,"North Dakota","Stutsman County",5,48,235,126,109
050,38,093,"North Dakota","Stutsman County",5,49,215,125,90
050,38,093,"North Dakota","Stutsman County",5,50,200,106,94
050,38,093,"North Dakota","Stutsman County",5,51,227,103,124
050,38,093,"North Dakota","Stutsman County",5,52,225,126,99
050,38,093,"North Dakota","Stutsman County",5,53,257,142,115
050,38,093,"North Dakota","Stutsman County",5,54,251,126,125
050,38,093,"North Dakota","Stutsman County",5,55,260,140,120
050,38,093,"North Dakota","Stutsman County",5,56,248,131,117
050,38,093,"North Dakota","Stutsman County",5,57,235,120,115
050,38,093,"North Dakota","Stutsman County",5,58,265,138,127
050,38,093,"North Dakota","Stutsman County",5,59,271,139,132
050,38,093,"North Dakota","Stutsman County",5,60,275,141,134
050,38,093,"North Dakota","Stutsman County",5,61,317,162,155
050,38,093,"North Dakota","Stutsman County",5,62,330,165,165
050,38,093,"North Dakota","Stutsman County",5,63,300,162,138
050,38,093,"North Dakota","Stutsman County",5,64,337,174,163
050,38,093,"North Dakota","Stutsman County",5,65,345,180,165
050,38,093,"North Dakota","Stutsman County",5,66,319,167,152
050,38,093,"North Dakota","Stutsman County",5,67,292,148,144
050,38,093,"North Dakota","Stutsman County",5,68,258,121,137
050,38,093,"North Dakota","Stutsman County",5,69,277,130,147
050,38,093,"North Dakota","Stutsman County",5,70,251,133,118
050,38,093,"North Dakota","Stutsman County",5,71,262,136,126
050,38,093,"North Dakota","Stutsman County",5,72,216,108,108
050,38,093,"North Dakota","Stutsman County",5,73,230,110,120
050,38,093,"North Dakota","Stutsman County",5,74,219,104,115
050,38,093,"North Dakota","Stutsman County",5,75,201,97,104
050,38,093,"North Dakota","Stutsman County",5,76,179,85,94
050,38,093,"North Dakota","Stutsman County",5,77,126,48,78
050,38,093,"North Dakota","Stutsman County",5,78,122,43,79
050,38,093,"North Dakota","Stutsman County",5,79,114,37,77
050,38,093,"North Dakota","Stutsman County",5,80,113,48,65
050,38,093,"North Dakota","Stutsman County",5,81,97,36,61
050,38,093,"North Dakota","Stutsman County",5,82,100,41,59
050,38,093,"North Dakota","Stutsman County",5,83,97,45,52
050,38,093,"North Dakota","Stutsman County",5,84,96,43,53
050,38,093,"North Dakota","Stutsman County",5,85,602,222,380
050,38,095,"North Dakota","Towner County",1,0,22,11,11
050,38,095,"North Dakota","Towner County",1,1,20,11,9
050,38,095,"North Dakota","Towner County",1,2,27,18,9
050,38,095,"North Dakota","Towner County",1,3,22,12,10
050,38,095,"North Dakota","Towner County",1,4,17,9,8
050,38,095,"North Dakota","Towner County",1,5,30,18,12
050,38,095,"North Dakota","Towner County",1,6,31,20,11
050,38,095,"North Dakota","Towner County",1,7,31,18,13
050,38,095,"North Dakota","Towner County",1,8,26,14,12
050,38,095,"North Dakota","Towner County",1,9,24,14,10
050,38,095,"North Dakota","Towner County",1,10,29,10,19
050,38,095,"North Dakota","Towner County",1,11,33,16,17
050,38,095,"North Dakota","Towner County",1,12,28,14,14
050,38,095,"North Dakota","Towner County",1,13,23,12,11
050,38,095,"North Dakota","Towner County",1,14,28,15,13
050,38,095,"North Dakota","Towner County",1,15,22,12,10
050,38,095,"North Dakota","Towner County",1,16,24,13,11
050,38,095,"North Dakota","Towner County",1,17,31,18,13
050,38,095,"North Dakota","Towner County",1,18,23,11,12
050,38,095,"North Dakota","Towner County",1,19,11,6,5
050,38,095,"North Dakota","Towner County",1,20,11,7,4
050,38,095,"North Dakota","Towner County",1,21,15,9,6
050,38,095,"North Dakota","Towner County",1,22,19,9,10
050,38,095,"North Dakota","Towner County",1,23,19,9,10
050,38,095,"North Dakota","Towner County",1,24,19,11,8
050,38,095,"North Dakota","Towner County",1,25,23,12,11
050,38,095,"North Dakota","Towner County",1,26,21,14,7
050,38,095,"North Dakota","Towner County",1,27,18,14,4
050,38,095,"North Dakota","Towner County",1,28,20,10,10
050,38,095,"North Dakota","Towner County",1,29,13,8,5
050,38,095,"North Dakota","Towner County",1,30,15,8,7
050,38,095,"North Dakota","Towner County",1,31,18,7,11
050,38,095,"North Dakota","Towner County",1,32,24,15,9
050,38,095,"North Dakota","Towner County",1,33,19,6,13
050,38,095,"North Dakota","Towner County",1,34,23,9,14
050,38,095,"North Dakota","Towner County",1,35,28,15,13
050,38,095,"North Dakota","Towner County",1,36,24,12,12
050,38,095,"North Dakota","Towner County",1,37,24,13,11
050,38,095,"North Dakota","Towner County",1,38,25,15,10
050,38,095,"North Dakota","Towner County",1,39,21,12,9
050,38,095,"North Dakota","Towner County",1,40,17,7,10
050,38,095,"North Dakota","Towner County",1,41,12,4,8
050,38,095,"North Dakota","Towner County",1,42,12,5,7
050,38,095,"North Dakota","Towner County",1,43,13,6,7
050,38,095,"North Dakota","Towner County",1,44,16,9,7
050,38,095,"North Dakota","Towner County",1,45,20,10,10
050,38,095,"North Dakota","Towner County",1,46,9,2,7
050,38,095,"North Dakota","Towner County",1,47,14,6,8
050,38,095,"North Dakota","Towner County",1,48,19,9,10
050,38,095,"North Dakota","Towner County",1,49,24,13,11
050,38,095,"North Dakota","Towner County",1,50,28,18,10
050,38,095,"North Dakota","Towner County",1,51,28,14,14
050,38,095,"North Dakota","Towner County",1,52,27,12,15
050,38,095,"North Dakota","Towner County",1,53,29,14,15
050,38,095,"North Dakota","Towner County",1,54,34,18,16
050,38,095,"North Dakota","Towner County",1,55,37,20,17
050,38,095,"North Dakota","Towner County",1,56,44,24,20
050,38,095,"North Dakota","Towner County",1,57,43,24,19
050,38,095,"North Dakota","Towner County",1,58,41,28,13
050,38,095,"North Dakota","Towner County",1,59,42,25,17
050,38,095,"North Dakota","Towner County",1,60,45,28,17
050,38,095,"North Dakota","Towner County",1,61,30,17,13
050,38,095,"North Dakota","Towner County",1,62,39,21,18
050,38,095,"North Dakota","Towner County",1,63,44,24,20
050,38,095,"North Dakota","Towner County",1,64,49,23,26
050,38,095,"North Dakota","Towner County",1,65,43,23,20
050,38,095,"North Dakota","Towner County",1,66,38,20,18
050,38,095,"North Dakota","Towner County",1,67,36,17,19
050,38,095,"North Dakota","Towner County",1,68,29,16,13
050,38,095,"North Dakota","Towner County",1,69,30,19,11
050,38,095,"North Dakota","Towner County",1,70,33,15,18
050,38,095,"North Dakota","Towner County",1,71,24,9,15
050,38,095,"North Dakota","Towner County",1,72,21,9,12
050,38,095,"North Dakota","Towner County",1,73,20,10,10
050,38,095,"North Dakota","Towner County",1,74,23,12,11
050,38,095,"North Dakota","Towner County",1,75,19,8,11
050,38,095,"North Dakota","Towner County",1,76,20,12,8
050,38,095,"North Dakota","Towner County",1,77,19,12,7
050,38,095,"North Dakota","Towner County",1,78,13,8,5
050,38,095,"North Dakota","Towner County",1,79,17,8,9
050,38,095,"North Dakota","Towner County",1,80,15,11,4
050,38,095,"North Dakota","Towner County",1,81,16,5,11
050,38,095,"North Dakota","Towner County",1,82,17,7,10
050,38,095,"North Dakota","Towner County",1,83,21,12,9
050,38,095,"North Dakota","Towner County",1,84,11,4,7
050,38,095,"North Dakota","Towner County",1,85,81,21,60
050,38,095,"North Dakota","Towner County",2,0,23,9,14
050,38,095,"North Dakota","Towner County",2,1,19,11,8
050,38,095,"North Dakota","Towner County",2,2,26,16,10
050,38,095,"North Dakota","Towner County",2,3,22,12,10
050,38,095,"North Dakota","Towner County",2,4,18,10,8
050,38,095,"North Dakota","Towner County",2,5,26,16,10
050,38,095,"North Dakota","Towner County",2,6,31,20,11
050,38,095,"North Dakota","Towner County",2,7,31,19,12
050,38,095,"North Dakota","Towner County",2,8,27,15,12
050,38,095,"North Dakota","Towner County",2,9,24,13,11
050,38,095,"North Dakota","Towner County",2,10,28,11,17
050,38,095,"North Dakota","Towner County",2,11,32,15,17
050,38,095,"North Dakota","Towner County",2,12,28,14,14
050,38,095,"North Dakota","Towner County",2,13,24,12,12
050,38,095,"North Dakota","Towner County",2,14,26,14,12
050,38,095,"North Dakota","Towner County",2,15,23,12,11
050,38,095,"North Dakota","Towner County",2,16,24,13,11
050,38,095,"North Dakota","Towner County",2,17,28,16,12
050,38,095,"North Dakota","Towner County",2,18,24,12,12
050,38,095,"North Dakota","Towner County",2,19,14,7,7
050,38,095,"North Dakota","Towner County",2,20,11,7,4
050,38,095,"North Dakota","Towner County",2,21,13,8,5
050,38,095,"North Dakota","Towner County",2,22,19,10,9
050,38,095,"North Dakota","Towner County",2,23,20,9,11
050,38,095,"North Dakota","Towner County",2,24,20,11,9
050,38,095,"North Dakota","Towner County",2,25,23,13,10
050,38,095,"North Dakota","Towner County",2,26,22,14,8
050,38,095,"North Dakota","Towner County",2,27,18,13,5
050,38,095,"North Dakota","Towner County",2,28,18,10,8
050,38,095,"North Dakota","Towner County",2,29,14,8,6
050,38,095,"North Dakota","Towner County",2,30,14,8,6
050,38,095,"North Dakota","Towner County",2,31,18,7,11
050,38,095,"North Dakota","Towner County",2,32,22,13,9
050,38,095,"North Dakota","Towner County",2,33,20,8,12
050,38,095,"North Dakota","Towner County",2,34,23,9,14
050,38,095,"North Dakota","Towner County",2,35,26,13,13
050,38,095,"North Dakota","Towner County",2,36,25,13,12
050,38,095,"North Dakota","Towner County",2,37,24,12,12
050,38,095,"North Dakota","Towner County",2,38,26,15,11
050,38,095,"North Dakota","Towner County",2,39,21,12,9
050,38,095,"North Dakota","Towner County",2,40,17,8,9
050,38,095,"North Dakota","Towner County",2,41,14,5,9
050,38,095,"North Dakota","Towner County",2,42,12,5,7
050,38,095,"North Dakota","Towner County",2,43,12,5,7
050,38,095,"North Dakota","Towner County",2,44,15,8,7
050,38,095,"North Dakota","Towner County",2,45,19,10,9
050,38,095,"North Dakota","Towner County",2,46,11,4,7
050,38,095,"North Dakota","Towner County",2,47,14,6,8
050,38,095,"North Dakota","Towner County",2,48,17,8,9
050,38,095,"North Dakota","Towner County",2,49,22,12,10
050,38,095,"North Dakota","Towner County",2,50,26,16,10
050,38,095,"North Dakota","Towner County",2,51,28,14,14
050,38,095,"North Dakota","Towner County",2,52,27,12,15
050,38,095,"North Dakota","Towner County",2,53,28,13,15
050,38,095,"North Dakota","Towner County",2,54,33,17,16
050,38,095,"North Dakota","Towner County",2,55,35,19,16
050,38,095,"North Dakota","Towner County",2,56,43,24,19
050,38,095,"North Dakota","Towner County",2,57,43,25,18
050,38,095,"North Dakota","Towner County",2,58,41,26,15
050,38,095,"North Dakota","Towner County",2,59,42,26,16
050,38,095,"North Dakota","Towner County",2,60,43,27,16
050,38,095,"North Dakota","Towner County",2,61,34,20,14
050,38,095,"North Dakota","Towner County",2,62,36,19,17
050,38,095,"North Dakota","Towner County",2,63,42,23,19
050,38,095,"North Dakota","Towner County",2,64,47,23,24
050,38,095,"North Dakota","Towner County",2,65,44,23,21
050,38,095,"North Dakota","Towner County",2,66,40,21,19
050,38,095,"North Dakota","Towner County",2,67,36,18,18
050,38,095,"North Dakota","Towner County",2,68,30,16,14
050,38,095,"North Dakota","Towner County",2,69,31,19,12
050,38,095,"North Dakota","Towner County",2,70,32,16,16
050,38,095,"North Dakota","Towner County",2,71,26,10,16
050,38,095,"North Dakota","Towner County",2,72,21,9,12
050,38,095,"North Dakota","Towner County",2,73,21,10,11
050,38,095,"North Dakota","Towner County",2,74,21,11,10
050,38,095,"North Dakota","Towner County",2,75,20,9,11
050,38,095,"North Dakota","Towner County",2,76,21,12,9
050,38,095,"North Dakota","Towner County",2,77,19,12,7
050,38,095,"North Dakota","Towner County",2,78,14,9,5
050,38,095,"North Dakota","Towner County",2,79,17,8,9
050,38,095,"North Dakota","Towner County",2,80,16,11,5
050,38,095,"North Dakota","Towner County",2,81,14,5,9
050,38,095,"North Dakota","Towner County",2,82,16,7,9
050,38,095,"North Dakota","Towner County",2,83,20,11,9
050,38,095,"North Dakota","Towner County",2,84,12,5,7
050,38,095,"North Dakota","Towner County",2,85,80,20,60
050,38,095,"North Dakota","Towner County",3,0,24,11,13
050,38,095,"North Dakota","Towner County",3,1,21,7,14
050,38,095,"North Dakota","Towner County",3,2,23,13,10
050,38,095,"North Dakota","Towner County",3,3,27,18,9
050,38,095,"North Dakota","Towner County",3,4,25,14,11
050,38,095,"North Dakota","Towner County",3,5,21,13,8
050,38,095,"North Dakota","Towner County",3,6,27,16,11
050,38,095,"North Dakota","Towner County",3,7,32,21,11
050,38,095,"North Dakota","Towner County",3,8,31,19,12
050,38,095,"North Dakota","Towner County",3,9,29,16,13
050,38,095,"North Dakota","Towner County",3,10,26,14,12
050,38,095,"North Dakota","Towner County",3,11,28,11,17
050,38,095,"North Dakota","Towner County",3,12,31,14,17
050,38,095,"North Dakota","Towner County",3,13,31,14,17
050,38,095,"North Dakota","Towner County",3,14,25,12,13
050,38,095,"North Dakota","Towner County",3,15,24,14,10
050,38,095,"North Dakota","Towner County",3,16,25,13,12
050,38,095,"North Dakota","Towner County",3,17,26,15,11
050,38,095,"North Dakota","Towner County",3,18,24,13,11
050,38,095,"North Dakota","Towner County",3,19,15,6,9
050,38,095,"North Dakota","Towner County",3,20,14,9,5
050,38,095,"North Dakota","Towner County",3,21,12,6,6
050,38,095,"North Dakota","Towner County",3,22,14,9,5
050,38,095,"North Dakota","Towner County",3,23,19,12,7
050,38,095,"North Dakota","Towner County",3,24,17,8,9
050,38,095,"North Dakota","Towner County",3,25,19,8,11
050,38,095,"North Dakota","Towner County",3,26,22,13,9
050,38,095,"North Dakota","Towner County",3,27,23,15,8
050,38,095,"North Dakota","Towner County",3,28,16,12,4
050,38,095,"North Dakota","Towner County",3,29,19,11,8
050,38,095,"North Dakota","Towner County",3,30,14,9,5
050,38,095,"North Dakota","Towner County",3,31,14,6,8
050,38,095,"North Dakota","Towner County",3,32,17,6,11
050,38,095,"North Dakota","Towner County",3,33,22,13,9
050,38,095,"North Dakota","Towner County",3,34,23,8,15
050,38,095,"North Dakota","Towner County",3,35,22,7,15
050,38,095,"North Dakota","Towner County",3,36,26,12,14
050,38,095,"North Dakota","Towner County",3,37,25,14,11
050,38,095,"North Dakota","Towner County",3,38,25,13,12
050,38,095,"North Dakota","Towner County",3,39,28,16,12
050,38,095,"North Dakota","Towner County",3,40,24,15,9
050,38,095,"North Dakota","Towner County",3,41,18,9,9
050,38,095,"North Dakota","Towner County",3,42,13,5,8
050,38,095,"North Dakota","Towner County",3,43,12,5,7
050,38,095,"North Dakota","Towner County",3,44,12,5,7
050,38,095,"North Dakota","Towner County",3,45,16,8,8
050,38,095,"North Dakota","Towner County",3,46,19,10,9
050,38,095,"North Dakota","Towner County",3,47,9,2,7
050,38,095,"North Dakota","Towner County",3,48,13,5,8
050,38,095,"North Dakota","Towner County",3,49,17,8,9
050,38,095,"North Dakota","Towner County",3,50,22,12,10
050,38,095,"North Dakota","Towner County",3,51,28,18,10
050,38,095,"North Dakota","Towner County",3,52,27,14,13
050,38,095,"North Dakota","Towner County",3,53,30,14,16
050,38,095,"North Dakota","Towner County",3,54,27,13,14
050,38,095,"North Dakota","Towner County",3,55,35,17,18
050,38,095,"North Dakota","Towner County",3,56,36,20,16
050,38,095,"North Dakota","Towner County",3,57,45,25,20
050,38,095,"North Dakota","Towner County",3,58,38,23,15
050,38,095,"North Dakota","Towner County",3,59,41,26,15
050,38,095,"North Dakota","Towner County",3,60,41,25,16
050,38,095,"North Dakota","Towner County",3,61,42,27,15
050,38,095,"North Dakota","Towner County",3,62,33,20,13
050,38,095,"North Dakota","Towner County",3,63,34,17,17
050,38,095,"North Dakota","Towner County",3,64,40,22,18
050,38,095,"North Dakota","Towner County",3,65,46,22,24
050,38,095,"North Dakota","Towner County",3,66,40,20,20
050,38,095,"North Dakota","Towner County",3,67,36,18,18
050,38,095,"North Dakota","Towner County",3,68,35,18,17
050,38,095,"North Dakota","Towner County",3,69,32,17,15
050,38,095,"North Dakota","Towner County",3,70,30,19,11
050,38,095,"North Dakota","Towner County",3,71,33,16,17
050,38,095,"North Dakota","Towner County",3,72,25,10,15
050,38,095,"North Dakota","Towner County",3,73,18,9,9
050,38,095,"North Dakota","Towner County",3,74,21,11,10
050,38,095,"North Dakota","Towner County",3,75,19,9,10
050,38,095,"North Dakota","Towner County",3,76,21,9,12
050,38,095,"North Dakota","Towner County",3,77,22,12,10
050,38,095,"North Dakota","Towner County",3,78,19,11,8
050,38,095,"North Dakota","Towner County",3,79,15,9,6
050,38,095,"North Dakota","Towner County",3,80,15,9,6
050,38,095,"North Dakota","Towner County",3,81,11,7,4
050,38,095,"North Dakota","Towner County",3,82,12,3,9
050,38,095,"North Dakota","Towner County",3,83,16,7,9
050,38,095,"North Dakota","Towner County",3,84,12,4,8
050,38,095,"North Dakota","Towner County",3,85,72,16,56
050,38,095,"North Dakota","Towner County",4,0,20,11,9
050,38,095,"North Dakota","Towner County",4,1,23,13,10
050,38,095,"North Dakota","Towner County",4,2,20,7,13
050,38,095,"North Dakota","Towner County",4,3,21,12,9
050,38,095,"North Dakota","Towner County",4,4,24,13,11
050,38,095,"North Dakota","Towner County",4,5,25,13,12
050,38,095,"North Dakota","Towner County",4,6,20,12,8
050,38,095,"North Dakota","Towner County",4,7,26,16,10
050,38,095,"North Dakota","Towner County",4,8,32,22,10
050,38,095,"North Dakota","Towner County",4,9,28,17,11
050,38,095,"North Dakota","Towner County",4,10,29,16,13
050,38,095,"North Dakota","Towner County",4,11,24,14,10
050,38,095,"North Dakota","Towner County",4,12,26,9,17
050,38,095,"North Dakota","Towner County",4,13,30,13,17
050,38,095,"North Dakota","Towner County",4,14,32,16,16
050,38,095,"North Dakota","Towner County",4,15,23,10,13
050,38,095,"North Dakota","Towner County",4,16,26,14,12
050,38,095,"North Dakota","Towner County",4,17,22,13,9
050,38,095,"North Dakota","Towner County",4,18,20,11,9
050,38,095,"North Dakota","Towner County",4,19,18,10,8
050,38,095,"North Dakota","Towner County",4,20,14,7,7
050,38,095,"North Dakota","Towner County",4,21,13,8,5
050,38,095,"North Dakota","Towner County",4,22,12,6,6
050,38,095,"North Dakota","Towner County",4,23,15,9,6
050,38,095,"North Dakota","Towner County",4,24,15,9,6
050,38,095,"North Dakota","Towner County",4,25,16,8,8
050,38,095,"North Dakota","Towner County",4,26,15,6,9
050,38,095,"North Dakota","Towner County",4,27,23,13,10
050,38,095,"North Dakota","Towner County",4,28,27,13,14
050,38,095,"North Dakota","Towner County",4,29,17,13,4
050,38,095,"North Dakota","Towner County",4,30,19,11,8
050,38,095,"North Dakota","Towner County",4,31,13,8,5
050,38,095,"North Dakota","Towner County",4,32,15,7,8
050,38,095,"North Dakota","Towner County",4,33,14,6,8
050,38,095,"North Dakota","Towner County",4,34,21,11,10
050,38,095,"North Dakota","Towner County",4,35,22,8,14
050,38,095,"North Dakota","Towner County",4,36,21,6,15
050,38,095,"North Dakota","Towner County",4,37,25,14,11
050,38,095,"North Dakota","Towner County",4,38,25,13,12
050,38,095,"North Dakota","Towner County",4,39,24,13,11
050,38,095,"North Dakota","Towner County",4,40,28,15,13
050,38,095,"North Dakota","Towner County",4,41,23,14,9
050,38,095,"North Dakota","Towner County",4,42,19,10,9
050,38,095,"North Dakota","Towner County",4,43,15,6,9
050,38,095,"North Dakota","Towner County",4,44,13,6,7
050,38,095,"North Dakota","Towner County",4,45,12,5,7
050,38,095,"North Dakota","Towner County",4,46,16,8,8
050,38,095,"North Dakota","Towner County",4,47,19,10,9
050,38,095,"North Dakota","Towner County",4,48,11,5,6
050,38,095,"North Dakota","Towner County",4,49,13,5,8
050,38,095,"North Dakota","Towner County",4,50,16,8,8
050,38,095,"North Dakota","Towner County",4,51,20,10,10
050,38,095,"North Dakota","Towner County",4,52,26,16,10
050,38,095,"North Dakota","Towner County",4,53,25,14,11
050,38,095,"North Dakota","Towner County",4,54,30,14,16
050,38,095,"North Dakota","Towner County",4,55,27,13,14
050,38,095,"North Dakota","Towner County",4,56,27,14,13
050,38,095,"North Dakota","Towner County",4,57,32,17,15
050,38,095,"North Dakota","Towner County",4,58,41,21,20
050,38,095,"North Dakota","Towner County",4,59,38,23,15
050,38,095,"North Dakota","Towner County",4,60,41,26,15
050,38,095,"North Dakota","Towner County",4,61,41,25,16
050,38,095,"North Dakota","Towner County",4,62,42,27,15
050,38,095,"North Dakota","Towner County",4,63,33,20,13
050,38,095,"North Dakota","Towner County",4,64,32,17,15
050,38,095,"North Dakota","Towner County",4,65,40,22,18
050,38,095,"North Dakota","Towner County",4,66,46,22,24
050,38,095,"North Dakota","Towner County",4,67,39,21,18
050,38,095,"North Dakota","Towner County",4,68,36,18,18
050,38,095,"North Dakota","Towner County",4,69,37,19,18
050,38,095,"North Dakota","Towner County",4,70,28,16,12
050,38,095,"North Dakota","Towner County",4,71,30,19,11
050,38,095,"North Dakota","Towner County",4,72,34,16,18
050,38,095,"North Dakota","Towner County",4,73,24,10,14
050,38,095,"North Dakota","Towner County",4,74,19,10,9
050,38,095,"North Dakota","Towner County",4,75,20,10,10
050,38,095,"North Dakota","Towner County",4,76,18,8,10
050,38,095,"North Dakota","Towner County",4,77,22,10,12
050,38,095,"North Dakota","Towner County",4,78,22,12,10
050,38,095,"North Dakota","Towner County",4,79,20,11,9
050,38,095,"North Dakota","Towner County",4,80,14,10,4
050,38,095,"North Dakota","Towner County",4,81,12,6,6
050,38,095,"North Dakota","Towner County",4,82,9,5,4
050,38,095,"North Dakota","Towner County",4,83,13,7,6
050,38,095,"North Dakota","Towner County",4,84,12,4,8
050,38,095,"North Dakota","Towner County",4,85,70,13,57
050,38,095,"North Dakota","Towner County",5,0,22,12,10
050,38,095,"North Dakota","Towner County",5,1,20,11,9
050,38,095,"North Dakota","Towner County",5,2,21,12,9
050,38,095,"North Dakota","Towner County",5,3,22,8,14
050,38,095,"North Dakota","Towner County",5,4,20,11,9
050,38,095,"North Dakota","Towner County",5,5,26,14,12
050,38,095,"North Dakota","Towner County",5,6,25,13,12
050,38,095,"North Dakota","Towner County",5,7,21,13,8
050,38,095,"North Dakota","Towner County",5,8,27,16,11
050,38,095,"North Dakota","Towner County",5,9,33,23,10
050,38,095,"North Dakota","Towner County",5,10,27,15,12
050,38,095,"North Dakota","Towner County",5,11,29,16,13
050,38,095,"North Dakota","Towner County",5,12,25,14,11
050,38,095,"North Dakota","Towner County",5,13,26,9,17
050,38,095,"North Dakota","Towner County",5,14,28,12,16
050,38,095,"North Dakota","Towner County",5,15,30,15,15
050,38,095,"North Dakota","Towner County",5,16,23,10,13
050,38,095,"North Dakota","Towner County",5,17,24,14,10
050,38,095,"North Dakota","Towner County",5,18,20,13,7
050,38,095,"North Dakota","Towner County",5,19,17,9,8
050,38,095,"North Dakota","Towner County",5,20,19,9,10
050,38,095,"North Dakota","Towner County",5,21,14,6,8
050,38,095,"North Dakota","Towner County",5,22,8,5,3
050,38,095,"North Dakota","Towner County",5,23,12,6,6
050,38,095,"North Dakota","Towner County",5,24,15,10,5
050,38,095,"North Dakota","Towner County",5,25,15,8,7
050,38,095,"North Dakota","Towner County",5,26,13,7,6
050,38,095,"North Dakota","Towner County",5,27,15,4,11
050,38,095,"North Dakota","Towner County",5,28,19,11,8
050,38,095,"North Dakota","Towner County",5,29,27,12,15
050,38,095,"North Dakota","Towner County",5,30,22,17,5
050,38,095,"North Dakota","Towner County",5,31,19,11,8
050,38,095,"North Dakota","Towner County",5,32,15,9,6
050,38,095,"North Dakota","Towner County",5,33,15,7,8
050,38,095,"North Dakota","Towner County",5,34,15,5,10
050,38,095,"North Dakota","Towner County",5,35,21,11,10
050,38,095,"North Dakota","Towner County",5,36,25,10,15
050,38,095,"North Dakota","Towner County",5,37,22,7,15
050,38,095,"North Dakota","Towner County",5,38,25,13,12
050,38,095,"North Dakota","Towner County",5,39,25,13,12
050,38,095,"North Dakota","Towner County",5,40,22,11,11
050,38,095,"North Dakota","Towner County",5,41,28,14,14
050,38,095,"North Dakota","Towner County",5,42,20,11,9
050,38,095,"North Dakota","Towner County",5,43,21,11,10
050,38,095,"North Dakota","Towner County",5,44,14,6,8
050,38,095,"North Dakota","Towner County",5,45,14,7,7
050,38,095,"North Dakota","Towner County",5,46,12,5,7
050,38,095,"North Dakota","Towner County",5,47,18,10,8
050,38,095,"North Dakota","Towner County",5,48,20,10,10
050,38,095,"North Dakota","Towner County",5,49,12,6,6
050,38,095,"North Dakota","Towner County",5,50,13,5,8
050,38,095,"North Dakota","Towner County",5,51,15,8,7
050,38,095,"North Dakota","Towner County",5,52,24,11,13
050,38,095,"North Dakota","Towner County",5,53,26,16,10
050,38,095,"North Dakota","Towner County",5,54,23,12,11
050,38,095,"North Dakota","Towner County",5,55,28,12,16
050,38,095,"North Dakota","Towner County",5,56,28,13,15
050,38,095,"North Dakota","Towner County",5,57,28,14,14
050,38,095,"North Dakota","Towner County",5,58,30,16,14
050,38,095,"North Dakota","Towner County",5,59,39,21,18
050,38,095,"North Dakota","Towner County",5,60,36,21,15
050,38,095,"North Dakota","Towner County",5,61,38,25,13
050,38,095,"North Dakota","Towner County",5,62,40,25,15
050,38,095,"North Dakota","Towner County",5,63,38,25,13
050,38,095,"North Dakota","Towner County",5,64,32,20,12
050,38,095,"North Dakota","Towner County",5,65,36,20,16
050,38,095,"North Dakota","Towner County",5,66,36,18,18
050,38,095,"North Dakota","Towner County",5,67,45,21,24
050,38,095,"North Dakota","Towner County",5,68,36,20,16
050,38,095,"North Dakota","Towner County",5,69,37,19,18
050,38,095,"North Dakota","Towner County",5,70,35,18,17
050,38,095,"North Dakota","Towner County",5,71,28,16,12
050,38,095,"North Dakota","Towner County",5,72,30,19,11
050,38,095,"North Dakota","Towner County",5,73,33,16,17
050,38,095,"North Dakota","Towner County",5,74,26,11,15
050,38,095,"North Dakota","Towner County",5,75,18,9,9
050,38,095,"North Dakota","Towner County",5,76,19,9,10
050,38,095,"North Dakota","Towner County",5,77,18,8,10
050,38,095,"North Dakota","Towner County",5,78,18,8,10
050,38,095,"North Dakota","Towner County",5,79,23,12,11
050,38,095,"North Dakota","Towner County",5,80,20,13,7
050,38,095,"North Dakota","Towner County",5,81,12,7,5
050,38,095,"North Dakota","Towner County",5,82,9,4,5
050,38,095,"North Dakota","Towner County",5,83,11,8,3
050,38,095,"North Dakota","Towner County",5,84,8,4,4
050,38,095,"North Dakota","Towner County",5,85,66,11,55
050,38,097,"North Dakota","Traill County",1,0,87,44,43
050,38,097,"North Dakota","Traill County",1,1,84,41,43
050,38,097,"North Dakota","Traill County",1,2,86,48,38
050,38,097,"North Dakota","Traill County",1,3,102,61,41
050,38,097,"North Dakota","Traill County",1,4,108,54,54
050,38,097,"North Dakota","Traill County",1,5,108,53,55
050,38,097,"North Dakota","Traill County",1,6,101,57,44
050,38,097,"North Dakota","Traill County",1,7,100,60,40
050,38,097,"North Dakota","Traill County",1,8,109,57,52
050,38,097,"North Dakota","Traill County",1,9,96,44,52
050,38,097,"North Dakota","Traill County",1,10,102,53,49
050,38,097,"North Dakota","Traill County",1,11,108,54,54
050,38,097,"North Dakota","Traill County",1,12,111,55,56
050,38,097,"North Dakota","Traill County",1,13,113,51,62
050,38,097,"North Dakota","Traill County",1,14,107,59,48
050,38,097,"North Dakota","Traill County",1,15,96,55,41
050,38,097,"North Dakota","Traill County",1,16,102,53,49
050,38,097,"North Dakota","Traill County",1,17,115,56,59
050,38,097,"North Dakota","Traill County",1,18,135,77,58
050,38,097,"North Dakota","Traill County",1,19,130,70,60
050,38,097,"North Dakota","Traill County",1,20,109,53,56
050,38,097,"North Dakota","Traill County",1,21,90,48,42
050,38,097,"North Dakota","Traill County",1,22,95,60,35
050,38,097,"North Dakota","Traill County",1,23,86,49,37
050,38,097,"North Dakota","Traill County",1,24,96,52,44
050,38,097,"North Dakota","Traill County",1,25,92,47,45
050,38,097,"North Dakota","Traill County",1,26,106,57,49
050,38,097,"North Dakota","Traill County",1,27,95,57,38
050,38,097,"North Dakota","Traill County",1,28,82,48,34
050,38,097,"North Dakota","Traill County",1,29,89,46,43
050,38,097,"North Dakota","Traill County",1,30,97,45,52
050,38,097,"North Dakota","Traill County",1,31,87,49,38
050,38,097,"North Dakota","Traill County",1,32,95,47,48
050,38,097,"North Dakota","Traill County",1,33,96,45,51
050,38,097,"North Dakota","Traill County",1,34,94,53,41
050,38,097,"North Dakota","Traill County",1,35,91,50,41
050,38,097,"North Dakota","Traill County",1,36,81,41,40
050,38,097,"North Dakota","Traill County",1,37,90,49,41
050,38,097,"North Dakota","Traill County",1,38,94,44,50
050,38,097,"North Dakota","Traill County",1,39,89,48,41
050,38,097,"North Dakota","Traill County",1,40,84,41,43
050,38,097,"North Dakota","Traill County",1,41,76,37,39
050,38,097,"North Dakota","Traill County",1,42,76,41,35
050,38,097,"North Dakota","Traill County",1,43,81,44,37
050,38,097,"North Dakota","Traill County",1,44,90,50,40
050,38,097,"North Dakota","Traill County",1,45,98,51,47
050,38,097,"North Dakota","Traill County",1,46,96,50,46
050,38,097,"North Dakota","Traill County",1,47,86,44,42
050,38,097,"North Dakota","Traill County",1,48,84,48,36
050,38,097,"North Dakota","Traill County",1,49,87,45,42
050,38,097,"North Dakota","Traill County",1,50,82,38,44
050,38,097,"North Dakota","Traill County",1,51,90,46,44
050,38,097,"North Dakota","Traill County",1,52,104,50,54
050,38,097,"North Dakota","Traill County",1,53,90,46,44
050,38,097,"North Dakota","Traill County",1,54,96,48,48
050,38,097,"North Dakota","Traill County",1,55,97,53,44
050,38,097,"North Dakota","Traill County",1,56,123,68,55
050,38,097,"North Dakota","Traill County",1,57,120,64,56
050,38,097,"North Dakota","Traill County",1,58,115,68,47
050,38,097,"North Dakota","Traill County",1,59,117,66,51
050,38,097,"North Dakota","Traill County",1,60,121,63,58
050,38,097,"North Dakota","Traill County",1,61,119,57,62
050,38,097,"North Dakota","Traill County",1,62,122,65,57
050,38,097,"North Dakota","Traill County",1,63,108,55,53
050,38,097,"North Dakota","Traill County",1,64,106,50,56
050,38,097,"North Dakota","Traill County",1,65,116,60,56
050,38,097,"North Dakota","Traill County",1,66,106,54,52
050,38,097,"North Dakota","Traill County",1,67,95,53,42
050,38,097,"North Dakota","Traill County",1,68,100,52,48
050,38,097,"North Dakota","Traill County",1,69,86,45,41
050,38,097,"North Dakota","Traill County",1,70,76,40,36
050,38,097,"North Dakota","Traill County",1,71,73,40,33
050,38,097,"North Dakota","Traill County",1,72,72,41,31
050,38,097,"North Dakota","Traill County",1,73,76,41,35
050,38,097,"North Dakota","Traill County",1,74,53,23,30
050,38,097,"North Dakota","Traill County",1,75,54,23,31
050,38,097,"North Dakota","Traill County",1,76,48,21,27
050,38,097,"North Dakota","Traill County",1,77,56,26,30
050,38,097,"North Dakota","Traill County",1,78,49,21,28
050,38,097,"North Dakota","Traill County",1,79,41,17,24
050,38,097,"North Dakota","Traill County",1,80,48,25,23
050,38,097,"North Dakota","Traill County",1,81,48,22,26
050,38,097,"North Dakota","Traill County",1,82,45,19,26
050,38,097,"North Dakota","Traill County",1,83,27,12,15
050,38,097,"North Dakota","Traill County",1,84,29,15,14
050,38,097,"North Dakota","Traill County",1,85,278,91,187
050,38,097,"North Dakota","Traill County",2,0,91,45,46
050,38,097,"North Dakota","Traill County",2,1,82,41,41
050,38,097,"North Dakota","Traill County",2,2,88,48,40
050,38,097,"North Dakota","Traill County",2,3,99,58,41
050,38,097,"North Dakota","Traill County",2,4,108,56,52
050,38,097,"North Dakota","Traill County",2,5,107,53,54
050,38,097,"North Dakota","Traill County",2,6,103,57,46
050,38,097,"North Dakota","Traill County",2,7,100,59,41
050,38,097,"North Dakota","Traill County",2,8,108,58,50
050,38,097,"North Dakota","Traill County",2,9,101,48,53
050,38,097,"North Dakota","Traill County",2,10,99,50,49
050,38,097,"North Dakota","Traill County",2,11,106,53,53
050,38,097,"North Dakota","Traill County",2,12,113,55,58
050,38,097,"North Dakota","Traill County",2,13,112,51,61
050,38,097,"North Dakota","Traill County",2,14,109,58,51
050,38,097,"North Dakota","Traill County",2,15,98,56,42
050,38,097,"North Dakota","Traill County",2,16,102,54,48
050,38,097,"North Dakota","Traill County",2,17,111,55,56
050,38,097,"North Dakota","Traill County",2,18,132,75,57
050,38,097,"North Dakota","Traill County",2,19,135,73,62
050,38,097,"North Dakota","Traill County",2,20,107,53,54
050,38,097,"North Dakota","Traill County",2,21,91,47,44
050,38,097,"North Dakota","Traill County",2,22,92,57,35
050,38,097,"North Dakota","Traill County",2,23,87,50,37
050,38,097,"North Dakota","Traill County",2,24,94,52,42
050,38,097,"North Dakota","Traill County",2,25,96,50,46
050,38,097,"North Dakota","Traill County",2,26,103,54,49
050,38,097,"North Dakota","Traill County",2,27,98,57,41
050,38,097,"North Dakota","Traill County",2,28,86,51,35
050,38,097,"North Dakota","Traill County",2,29,89,47,42
050,38,097,"North Dakota","Traill County",2,30,96,46,50
050,38,097,"North Dakota","Traill County",2,31,87,46,41
050,38,097,"North Dakota","Traill County",2,32,93,48,45
050,38,097,"North Dakota","Traill County",2,33,95,45,50
050,38,097,"North Dakota","Traill County",2,34,96,52,44
050,38,097,"North Dakota","Traill County",2,35,92,50,42
050,38,097,"North Dakota","Traill County",2,36,84,44,40
050,38,097,"North Dakota","Traill County",2,37,89,48,41
050,38,097,"North Dakota","Traill County",2,38,92,45,47
050,38,097,"North Dakota","Traill County",2,39,89,46,43
050,38,097,"North Dakota","Traill County",2,40,87,44,43
050,38,097,"North Dakota","Traill County",2,41,77,37,40
050,38,097,"North Dakota","Traill County",2,42,72,38,34
050,38,097,"North Dakota","Traill County",2,43,80,44,36
050,38,097,"North Dakota","Traill County",2,44,87,48,39
050,38,097,"North Dakota","Traill County",2,45,96,51,45
050,38,097,"North Dakota","Traill County",2,46,94,49,45
050,38,097,"North Dakota","Traill County",2,47,87,44,43
050,38,097,"North Dakota","Traill County",2,48,84,47,37
050,38,097,"North Dakota","Traill County",2,49,85,46,39
050,38,097,"North Dakota","Traill County",2,50,83,40,43
050,38,097,"North Dakota","Traill County",2,51,88,43,45
050,38,097,"North Dakota","Traill County",2,52,100,49,51
050,38,097,"North Dakota","Traill County",2,53,94,46,48
050,38,097,"North Dakota","Traill County",2,54,95,47,48
050,38,097,"North Dakota","Traill County",2,55,97,52,45
050,38,097,"North Dakota","Traill County",2,56,116,64,52
050,38,097,"North Dakota","Traill County",2,57,120,65,55
050,38,097,"North Dakota","Traill County",2,58,116,67,49
050,38,097,"North Dakota","Traill County",2,59,115,65,50
050,38,097,"North Dakota","Traill County",2,60,119,63,56
050,38,097,"North Dakota","Traill County",2,61,120,59,61
050,38,097,"North Dakota","Traill County",2,62,120,62,58
050,38,097,"North Dakota","Traill County",2,63,112,58,54
050,38,097,"North Dakota","Traill County",2,64,105,51,54
050,38,097,"North Dakota","Traill County",2,65,114,57,57
050,38,097,"North Dakota","Traill County",2,66,108,55,53
050,38,097,"North Dakota","Traill County",2,67,96,52,44
050,38,097,"North Dakota","Traill County",2,68,99,52,47
050,38,097,"North Dakota","Traill County",2,69,87,46,41
050,38,097,"North Dakota","Traill County",2,70,78,41,37
050,38,097,"North Dakota","Traill County",2,71,74,40,34
050,38,097,"North Dakota","Traill County",2,72,70,40,30
050,38,097,"North Dakota","Traill County",2,73,77,42,35
050,38,097,"North Dakota","Traill County",2,74,53,26,27
050,38,097,"North Dakota","Traill County",2,75,52,22,30
050,38,097,"North Dakota","Traill County",2,76,49,21,28
050,38,097,"North Dakota","Traill County",2,77,55,26,29
050,38,097,"North Dakota","Traill County",2,78,50,21,29
050,38,097,"North Dakota","Traill County",2,79,42,17,25
050,38,097,"North Dakota","Traill County",2,80,46,24,22
050,38,097,"North Dakota","Traill County",2,81,44,19,25
050,38,097,"North Dakota","Traill County",2,82,46,20,26
050,38,097,"North Dakota","Traill County",2,83,30,13,17
050,38,097,"North Dakota","Traill County",2,84,28,14,14
050,38,097,"North Dakota","Traill County",2,85,280,93,187
050,38,097,"North Dakota","Traill County",3,0,80,43,37
050,38,097,"North Dakota","Traill County",3,1,91,46,45
050,38,097,"North Dakota","Traill County",3,2,87,41,46
050,38,097,"North Dakota","Traill County",3,3,92,52,40
050,38,097,"North Dakota","Traill County",3,4,98,55,43
050,38,097,"North Dakota","Traill County",3,5,109,58,51
050,38,097,"North Dakota","Traill County",3,6,112,56,56
050,38,097,"North Dakota","Traill County",3,7,97,55,42
050,38,097,"North Dakota","Traill County",3,8,105,61,44
050,38,097,"North Dakota","Traill County",3,9,117,65,52
050,38,097,"North Dakota","Traill County",3,10,105,53,52
050,38,097,"North Dakota","Traill County",3,11,104,50,54
050,38,097,"North Dakota","Traill County",3,12,106,54,52
050,38,097,"North Dakota","Traill County",3,13,106,55,51
050,38,097,"North Dakota","Traill County",3,14,109,50,59
050,38,097,"North Dakota","Traill County",3,15,107,57,50
050,38,097,"North Dakota","Traill County",3,16,100,56,44
050,38,097,"North Dakota","Traill County",3,17,100,55,45
050,38,097,"North Dakota","Traill County",3,18,134,75,59
050,38,097,"North Dakota","Traill County",3,19,144,79,65
050,38,097,"North Dakota","Traill County",3,20,104,57,47
050,38,097,"North Dakota","Traill County",3,21,97,48,49
050,38,097,"North Dakota","Traill County",3,22,94,53,41
050,38,097,"North Dakota","Traill County",3,23,91,53,38
050,38,097,"North Dakota","Traill County",3,24,94,55,39
050,38,097,"North Dakota","Traill County",3,25,80,49,31
050,38,097,"North Dakota","Traill County",3,26,96,53,43
050,38,097,"North Dakota","Traill County",3,27,87,49,38
050,38,097,"North Dakota","Traill County",3,28,106,63,43
050,38,097,"North Dakota","Traill County",3,29,90,55,35
050,38,097,"North Dakota","Traill County",3,30,99,47,52
050,38,097,"North Dakota","Traill County",3,31,100,48,52
050,38,097,"North Dakota","Traill County",3,32,90,49,41
050,38,097,"North Dakota","Traill County",3,33,92,47,45
050,38,097,"North Dakota","Traill County",3,34,100,47,53
050,38,097,"North Dakota","Traill County",3,35,98,55,43
050,38,097,"North Dakota","Traill County",3,36,96,53,43
050,38,097,"North Dakota","Traill County",3,37,85,45,40
050,38,097,"North Dakota","Traill County",3,38,90,49,41
050,38,097,"North Dakota","Traill County",3,39,91,46,45
050,38,097,"North Dakota","Traill County",3,40,95,51,44
050,38,097,"North Dakota","Traill County",3,41,87,45,42
050,38,097,"North Dakota","Traill County",3,42,71,33,38
050,38,097,"North Dakota","Traill County",3,43,74,36,38
050,38,097,"North Dakota","Traill County",3,44,85,48,37
050,38,097,"North Dakota","Traill County",3,45,86,46,40
050,38,097,"North Dakota","Traill County",3,46,96,51,45
050,38,097,"North Dakota","Traill County",3,47,91,47,44
050,38,097,"North Dakota","Traill County",3,48,89,44,45
050,38,097,"North Dakota","Traill County",3,49,82,47,35
050,38,097,"North Dakota","Traill County",3,50,89,51,38
050,38,097,"North Dakota","Traill County",3,51,82,39,43
050,38,097,"North Dakota","Traill County",3,52,85,40,45
050,38,097,"North Dakota","Traill County",3,53,97,48,49
050,38,097,"North Dakota","Traill County",3,54,94,46,48
050,38,097,"North Dakota","Traill County",3,55,92,47,45
050,38,097,"North Dakota","Traill County",3,56,97,51,46
050,38,097,"North Dakota","Traill County",3,57,117,65,52
050,38,097,"North Dakota","Traill County",3,58,124,69,55
050,38,097,"North Dakota","Traill County",3,59,114,65,49
050,38,097,"North Dakota","Traill County",3,60,117,66,51
050,38,097,"North Dakota","Traill County",3,61,117,61,56
050,38,097,"North Dakota","Traill County",3,62,119,59,60
050,38,097,"North Dakota","Traill County",3,63,115,60,55
050,38,097,"North Dakota","Traill County",3,64,104,52,52
050,38,097,"North Dakota","Traill County",3,65,108,53,55
050,38,097,"North Dakota","Traill County",3,66,104,51,53
050,38,097,"North Dakota","Traill County",3,67,106,53,53
050,38,097,"North Dakota","Traill County",3,68,92,47,45
050,38,097,"North Dakota","Traill County",3,69,96,51,45
050,38,097,"North Dakota","Traill County",3,70,85,44,41
050,38,097,"North Dakota","Traill County",3,71,76,40,36
050,38,097,"North Dakota","Traill County",3,72,75,41,34
050,38,097,"North Dakota","Traill County",3,73,68,38,30
050,38,097,"North Dakota","Traill County",3,74,74,40,34
050,38,097,"North Dakota","Traill County",3,75,47,24,23
050,38,097,"North Dakota","Traill County",3,76,50,22,28
050,38,097,"North Dakota","Traill County",3,77,50,22,28
050,38,097,"North Dakota","Traill County",3,78,52,22,30
050,38,097,"North Dakota","Traill County",3,79,45,17,28
050,38,097,"North Dakota","Traill County",3,80,44,21,23
050,38,097,"North Dakota","Traill County",3,81,43,19,24
050,38,097,"North Dakota","Traill County",3,82,37,15,22
050,38,097,"North Dakota","Traill County",3,83,41,16,25
050,38,097,"North Dakota","Traill County",3,84,34,14,20
050,38,097,"North Dakota","Traill County",3,85,258,87,171
050,38,097,"North Dakota","Traill County",4,0,79,34,45
050,38,097,"North Dakota","Traill County",4,1,96,52,44
050,38,097,"North Dakota","Traill County",4,2,96,47,49
050,38,097,"North Dakota","Traill County",4,3,92,46,46
050,38,097,"North Dakota","Traill County",4,4,95,48,47
050,38,097,"North Dakota","Traill County",4,5,107,57,50
050,38,097,"North Dakota","Traill County",4,6,109,53,56
050,38,097,"North Dakota","Traill County",4,7,116,57,59
050,38,097,"North Dakota","Traill County",4,8,100,55,45
050,38,097,"North Dakota","Traill County",4,9,97,56,41
050,38,097,"North Dakota","Traill County",4,10,118,66,52
050,38,097,"North Dakota","Traill County",4,11,107,51,56
050,38,097,"North Dakota","Traill County",4,12,98,50,48
050,38,097,"North Dakota","Traill County",4,13,105,57,48
050,38,097,"North Dakota","Traill County",4,14,108,57,51
050,38,097,"North Dakota","Traill County",4,15,113,52,61
050,38,097,"North Dakota","Traill County",4,16,103,53,50
050,38,097,"North Dakota","Traill County",4,17,107,62,45
050,38,097,"North Dakota","Traill County",4,18,121,69,52
050,38,097,"North Dakota","Traill County",4,19,142,76,66
050,38,097,"North Dakota","Traill County",4,20,111,61,50
050,38,097,"North Dakota","Traill County",4,21,87,47,40
050,38,097,"North Dakota","Traill County",4,22,89,49,40
050,38,097,"North Dakota","Traill County",4,23,90,52,38
050,38,097,"North Dakota","Traill County",4,24,92,55,37
050,38,097,"North Dakota","Traill County",4,25,85,45,40
050,38,097,"North Dakota","Traill County",4,26,70,43,27
050,38,097,"North Dakota","Traill County",4,27,98,55,43
050,38,097,"North Dakota","Traill County",4,28,88,49,39
050,38,097,"North Dakota","Traill County",4,29,103,61,42
050,38,097,"North Dakota","Traill County",4,30,85,48,37
050,38,097,"North Dakota","Traill County",4,31,99,47,52
050,38,097,"North Dakota","Traill County",4,32,93,48,45
050,38,097,"North Dakota","Traill County",4,33,91,46,45
050,38,097,"North Dakota","Traill County",4,34,91,48,43
050,38,097,"North Dakota","Traill County",4,35,96,41,55
050,38,097,"North Dakota","Traill County",4,36,96,55,41
050,38,097,"North Dakota","Traill County",4,37,102,57,45
050,38,097,"North Dakota","Traill County",4,38,85,45,40
050,38,097,"North Dakota","Traill County",4,39,86,46,40
050,38,097,"North Dakota","Traill County",4,40,87,43,44
050,38,097,"North Dakota","Traill County",4,41,102,55,47
050,38,097,"North Dakota","Traill County",4,42,88,47,41
050,38,097,"North Dakota","Traill County",4,43,72,31,41
050,38,097,"North Dakota","Traill County",4,44,80,41,39
050,38,097,"North Dakota","Traill County",4,45,84,47,37
050,38,097,"North Dakota","Traill County",4,46,83,45,38
050,38,097,"North Dakota","Traill County",4,47,94,48,46
050,38,097,"North Dakota","Traill County",4,48,90,47,43
050,38,097,"North Dakota","Traill County",4,49,82,40,42
050,38,097,"North Dakota","Traill County",4,50,82,47,35
050,38,097,"North Dakota","Traill County",4,51,92,49,43
050,38,097,"North Dakota","Traill County",4,52,80,39,41
050,38,097,"North Dakota","Traill County",4,53,86,42,44
050,38,097,"North Dakota","Traill County",4,54,94,46,48
050,38,097,"North Dakota","Traill County",4,55,92,47,45
050,38,097,"North Dakota","Traill County",4,56,86,41,45
050,38,097,"North Dakota","Traill County",4,57,95,50,45
050,38,097,"North Dakota","Traill County",4,58,114,63,51
050,38,097,"North Dakota","Traill County",4,59,129,70,59
050,38,097,"North Dakota","Traill County",4,60,110,63,47
050,38,097,"North Dakota","Traill County",4,61,112,64,48
050,38,097,"North Dakota","Traill County",4,62,115,61,54
050,38,097,"North Dakota","Traill County",4,63,114,58,56
050,38,097,"North Dakota","Traill County",4,64,112,58,54
050,38,097,"North Dakota","Traill County",4,65,105,51,54
050,38,097,"North Dakota","Traill County",4,66,107,51,56
050,38,097,"North Dakota","Traill County",4,67,101,53,48
050,38,097,"North Dakota","Traill County",4,68,105,51,54
050,38,097,"North Dakota","Traill County",4,69,89,47,42
050,38,097,"North Dakota","Traill County",4,70,96,52,44
050,38,097,"North Dakota","Traill County",4,71,82,43,39
050,38,097,"North Dakota","Traill County",4,72,80,41,39
050,38,097,"North Dakota","Traill County",4,73,73,38,35
050,38,097,"North Dakota","Traill County",4,74,68,40,28
050,38,097,"North Dakota","Traill County",4,75,68,37,31
050,38,097,"North Dakota","Traill County",4,76,45,23,22
050,38,097,"North Dakota","Traill County",4,77,53,25,28
050,38,097,"North Dakota","Traill County",4,78,46,18,28
050,38,097,"North Dakota","Traill County",4,79,48,20,28
050,38,097,"North Dakota","Traill County",4,80,48,22,26
050,38,097,"North Dakota","Traill County",4,81,40,17,23
050,38,097,"North Dakota","Traill County",4,82,39,17,22
050,38,097,"North Dakota","Traill County",4,83,33,12,21
050,38,097,"North Dakota","Traill County",4,84,40,16,24
050,38,097,"North Dakota","Traill County",4,85,268,90,178
050,38,097,"North Dakota","Traill County",5,0,77,30,47
050,38,097,"North Dakota","Traill County",5,1,80,34,46
050,38,097,"North Dakota","Traill County",5,2,97,52,45
050,38,097,"North Dakota","Traill County",5,3,95,47,48
050,38,097,"North Dakota","Traill County",5,4,84,44,40
050,38,097,"North Dakota","Traill County",5,5,101,52,49
050,38,097,"North Dakota","Traill County",5,6,105,56,49
050,38,097,"North Dakota","Traill County",5,7,111,54,57
050,38,097,"North Dakota","Traill County",5,8,122,61,61
050,38,097,"North Dakota","Traill County",5,9,106,57,49
050,38,097,"North Dakota","Traill County",5,10,91,51,40
050,38,097,"North Dakota","Traill County",5,11,116,66,50
050,38,097,"North Dakota","Traill County",5,12,102,52,50
050,38,097,"North Dakota","Traill County",5,13,97,48,49
050,38,097,"North Dakota","Traill County",5,14,104,55,49
050,38,097,"North Dakota","Traill County",5,15,108,58,50
050,38,097,"North Dakota","Traill County",5,16,109,48,61
050,38,097,"North Dakota","Traill County",5,17,104,54,50
050,38,097,"North Dakota","Traill County",5,18,127,77,50
050,38,097,"North Dakota","Traill County",5,19,140,76,64
050,38,097,"North Dakota","Traill County",5,20,110,58,52
050,38,097,"North Dakota","Traill County",5,21,100,55,45
050,38,097,"North Dakota","Traill County",5,22,85,51,34
050,38,097,"North Dakota","Traill County",5,23,87,50,37
050,38,097,"North Dakota","Traill County",5,24,86,52,34
050,38,097,"North Dakota","Traill County",5,25,87,52,35
050,38,097,"North Dakota","Traill County",5,26,86,47,39
050,38,097,"North Dakota","Traill County",5,27,61,37,24
050,38,097,"North Dakota","Traill County",5,28,101,55,46
050,38,097,"North Dakota","Traill County",5,29,88,49,39
050,38,097,"North Dakota","Traill County",5,30,99,56,43
050,38,097,"North Dakota","Traill County",5,31,77,43,34
050,38,097,"North Dakota","Traill County",5,32,94,44,50
050,38,097,"North Dakota","Traill County",5,33,100,49,51
050,38,097,"North Dakota","Traill County",5,34,95,48,47
050,38,097,"North Dakota","Traill County",5,35,96,50,46
050,38,097,"North Dakota","Traill County",5,36,97,44,53
050,38,097,"North Dakota","Traill County",5,37,91,48,43
050,38,097,"North Dakota","Traill County",5,38,102,58,44
050,38,097,"North Dakota","Traill County",5,39,84,46,38
050,38,097,"North Dakota","Traill County",5,40,83,41,42
050,38,097,"North Dakota","Traill County",5,41,86,43,43
050,38,097,"North Dakota","Traill County",5,42,102,57,45
050,38,097,"North Dakota","Traill County",5,43,91,46,45
050,38,097,"North Dakota","Traill County",5,44,73,33,40
050,38,097,"North Dakota","Traill County",5,45,75,39,36
050,38,097,"North Dakota","Traill County",5,46,93,52,41
050,38,097,"North Dakota","Traill County",5,47,81,45,36
050,38,097,"North Dakota","Traill County",5,48,91,47,44
050,38,097,"North Dakota","Traill County",5,49,87,44,43
050,38,097,"North Dakota","Traill County",5,50,82,41,41
050,38,097,"North Dakota","Traill County",5,51,84,48,36
050,38,097,"North Dakota","Traill County",5,52,93,49,44
050,38,097,"North Dakota","Traill County",5,53,77,38,39
050,38,097,"North Dakota","Traill County",5,54,87,44,43
050,38,097,"North Dakota","Traill County",5,55,94,48,46
050,38,097,"North Dakota","Traill County",5,56,90,44,46
050,38,097,"North Dakota","Traill County",5,57,84,41,43
050,38,097,"North Dakota","Traill County",5,58,97,51,46
050,38,097,"North Dakota","Traill County",5,59,115,63,52
050,38,097,"North Dakota","Traill County",5,60,125,67,58
050,38,097,"North Dakota","Traill County",5,61,109,63,46
050,38,097,"North Dakota","Traill County",5,62,111,62,49
050,38,097,"North Dakota","Traill County",5,63,115,63,52
050,38,097,"North Dakota","Traill County",5,64,110,57,53
050,38,097,"North Dakota","Traill County",5,65,115,59,56
050,38,097,"North Dakota","Traill County",5,66,100,49,51
050,38,097,"North Dakota","Traill County",5,67,102,49,53
050,38,097,"North Dakota","Traill County",5,68,96,50,46
050,38,097,"North Dakota","Traill County",5,69,101,52,49
050,38,097,"North Dakota","Traill County",5,70,88,46,42
050,38,097,"North Dakota","Traill County",5,71,95,51,44
050,38,097,"North Dakota","Traill County",5,72,81,42,39
050,38,097,"North Dakota","Traill County",5,73,78,38,40
050,38,097,"North Dakota","Traill County",5,74,73,39,34
050,38,097,"North Dakota","Traill County",5,75,63,36,27
050,38,097,"North Dakota","Traill County",5,76,69,39,30
050,38,097,"North Dakota","Traill County",5,77,45,24,21
050,38,097,"North Dakota","Traill County",5,78,52,24,28
050,38,097,"North Dakota","Traill County",5,79,43,14,29
050,38,097,"North Dakota","Traill County",5,80,49,23,26
050,38,097,"North Dakota","Traill County",5,81,45,19,26
050,38,097,"North Dakota","Traill County",5,82,33,14,19
050,38,097,"North Dakota","Traill County",5,83,34,15,19
050,38,097,"North Dakota","Traill County",5,84,35,11,24
050,38,097,"North Dakota","Traill County",5,85,274,92,182
050,38,099,"North Dakota","Walsh County",1,0,123,64,59
050,38,099,"North Dakota","Walsh County",1,1,129,64,65
050,38,099,"North Dakota","Walsh County",1,2,133,68,65
050,38,099,"North Dakota","Walsh County",1,3,144,83,61
050,38,099,"North Dakota","Walsh County",1,4,154,82,72
050,38,099,"North Dakota","Walsh County",1,5,147,70,77
050,38,099,"North Dakota","Walsh County",1,6,125,57,68
050,38,099,"North Dakota","Walsh County",1,7,138,66,72
050,38,099,"North Dakota","Walsh County",1,8,139,82,57
050,38,099,"North Dakota","Walsh County",1,9,132,80,52
050,38,099,"North Dakota","Walsh County",1,10,134,82,52
050,38,099,"North Dakota","Walsh County",1,11,152,87,65
050,38,099,"North Dakota","Walsh County",1,12,154,85,69
050,38,099,"North Dakota","Walsh County",1,13,145,78,67
050,38,099,"North Dakota","Walsh County",1,14,137,70,67
050,38,099,"North Dakota","Walsh County",1,15,115,60,55
050,38,099,"North Dakota","Walsh County",1,16,141,73,68
050,38,099,"North Dakota","Walsh County",1,17,146,79,67
050,38,099,"North Dakota","Walsh County",1,18,113,57,56
050,38,099,"North Dakota","Walsh County",1,19,101,58,43
050,38,099,"North Dakota","Walsh County",1,20,107,60,47
050,38,099,"North Dakota","Walsh County",1,21,106,56,50
050,38,099,"North Dakota","Walsh County",1,22,108,56,52
050,38,099,"North Dakota","Walsh County",1,23,114,56,58
050,38,099,"North Dakota","Walsh County",1,24,95,47,48
050,38,099,"North Dakota","Walsh County",1,25,92,45,47
050,38,099,"North Dakota","Walsh County",1,26,106,60,46
050,38,099,"North Dakota","Walsh County",1,27,102,47,55
050,38,099,"North Dakota","Walsh County",1,28,119,59,60
050,38,099,"North Dakota","Walsh County",1,29,116,61,55
050,38,099,"North Dakota","Walsh County",1,30,114,61,53
050,38,099,"North Dakota","Walsh County",1,31,118,69,49
050,38,099,"North Dakota","Walsh County",1,32,91,45,46
050,38,099,"North Dakota","Walsh County",1,33,100,52,48
050,38,099,"North Dakota","Walsh County",1,34,115,58,57
050,38,099,"North Dakota","Walsh County",1,35,126,56,70
050,38,099,"North Dakota","Walsh County",1,36,112,63,49
050,38,099,"North Dakota","Walsh County",1,37,125,69,56
050,38,099,"North Dakota","Walsh County",1,38,104,52,52
050,38,099,"North Dakota","Walsh County",1,39,127,68,59
050,38,099,"North Dakota","Walsh County",1,40,116,62,54
050,38,099,"North Dakota","Walsh County",1,41,117,61,56
050,38,099,"North Dakota","Walsh County",1,42,107,56,51
050,38,099,"North Dakota","Walsh County",1,43,110,51,59
050,38,099,"North Dakota","Walsh County",1,44,110,53,57
050,38,099,"North Dakota","Walsh County",1,45,97,50,47
050,38,099,"North Dakota","Walsh County",1,46,112,53,59
050,38,099,"North Dakota","Walsh County",1,47,122,58,64
050,38,099,"North Dakota","Walsh County",1,48,124,69,55
050,38,099,"North Dakota","Walsh County",1,49,114,56,58
050,38,099,"North Dakota","Walsh County",1,50,105,53,52
050,38,099,"North Dakota","Walsh County",1,51,126,74,52
050,38,099,"North Dakota","Walsh County",1,52,128,73,55
050,38,099,"North Dakota","Walsh County",1,53,128,74,54
050,38,099,"North Dakota","Walsh County",1,54,134,69,65
050,38,099,"North Dakota","Walsh County",1,55,140,70,70
050,38,099,"North Dakota","Walsh County",1,56,174,93,81
050,38,099,"North Dakota","Walsh County",1,57,176,92,84
050,38,099,"North Dakota","Walsh County",1,58,171,89,82
050,38,099,"North Dakota","Walsh County",1,59,163,87,76
050,38,099,"North Dakota","Walsh County",1,60,164,90,74
050,38,099,"North Dakota","Walsh County",1,61,177,96,81
050,38,099,"North Dakota","Walsh County",1,62,177,97,80
050,38,099,"North Dakota","Walsh County",1,63,172,93,79
050,38,099,"North Dakota","Walsh County",1,64,158,86,72
050,38,099,"North Dakota","Walsh County",1,65,160,80,80
050,38,099,"North Dakota","Walsh County",1,66,141,73,68
050,38,099,"North Dakota","Walsh County",1,67,132,69,63
050,38,099,"North Dakota","Walsh County",1,68,134,73,61
050,38,099,"North Dakota","Walsh County",1,69,116,60,56
050,38,099,"North Dakota","Walsh County",1,70,115,56,59
050,38,099,"North Dakota","Walsh County",1,71,105,53,52
050,38,099,"North Dakota","Walsh County",1,72,109,55,54
050,38,099,"North Dakota","Walsh County",1,73,109,56,53
050,38,099,"North Dakota","Walsh County",1,74,86,46,40
050,38,099,"North Dakota","Walsh County",1,75,84,43,41
050,38,099,"North Dakota","Walsh County",1,76,75,45,30
050,38,099,"North Dakota","Walsh County",1,77,75,35,40
050,38,099,"North Dakota","Walsh County",1,78,74,33,41
050,38,099,"North Dakota","Walsh County",1,79,68,35,33
050,38,099,"North Dakota","Walsh County",1,80,71,32,39
050,38,099,"North Dakota","Walsh County",1,81,65,24,41
050,38,099,"North Dakota","Walsh County",1,82,51,20,31
050,38,099,"North Dakota","Walsh County",1,83,50,19,31
050,38,099,"North Dakota","Walsh County",1,84,56,24,32
050,38,099,"North Dakota","Walsh County",1,85,365,120,245
050,38,099,"North Dakota","Walsh County",2,0,119,63,56
050,38,099,"North Dakota","Walsh County",2,1,125,63,62
050,38,099,"North Dakota","Walsh County",2,2,130,66,64
050,38,099,"North Dakota","Walsh County",2,3,143,80,63
050,38,099,"North Dakota","Walsh County",2,4,151,81,70
050,38,099,"North Dakota","Walsh County",2,5,149,72,77
050,38,099,"North Dakota","Walsh County",2,6,130,60,70
050,38,099,"North Dakota","Walsh County",2,7,135,64,71
050,38,099,"North Dakota","Walsh County",2,8,138,78,60
050,38,099,"North Dakota","Walsh County",2,9,132,80,52
050,38,099,"North Dakota","Walsh County",2,10,134,81,53
050,38,099,"North Dakota","Walsh County",2,11,147,85,62
050,38,099,"North Dakota","Walsh County",2,12,154,86,68
050,38,099,"North Dakota","Walsh County",2,13,146,78,68
050,38,099,"North Dakota","Walsh County",2,14,137,71,66
050,38,099,"North Dakota","Walsh County",2,15,121,63,58
050,38,099,"North Dakota","Walsh County",2,16,134,69,65
050,38,099,"North Dakota","Walsh County",2,17,143,77,66
050,38,099,"North Dakota","Walsh County",2,18,114,59,55
050,38,099,"North Dakota","Walsh County",2,19,99,55,44
050,38,099,"North Dakota","Walsh County",2,20,107,60,47
050,38,099,"North Dakota","Walsh County",2,21,111,58,53
050,38,099,"North Dakota","Walsh County",2,22,109,57,52
050,38,099,"North Dakota","Walsh County",2,23,112,56,56
050,38,099,"North Dakota","Walsh County",2,24,99,49,50
050,38,099,"North Dakota","Walsh County",2,25,93,46,47
050,38,099,"North Dakota","Walsh County",2,26,101,55,46
050,38,099,"North Dakota","Walsh County",2,27,103,50,53
050,38,099,"North Dakota","Walsh County",2,28,115,56,59
050,38,099,"North Dakota","Walsh County",2,29,115,60,55
050,38,099,"North Dakota","Walsh County",2,30,117,62,55
050,38,099,"North Dakota","Walsh County",2,31,116,65,51
050,38,099,"North Dakota","Walsh County",2,32,98,51,47
050,38,099,"North Dakota","Walsh County",2,33,98,51,47
050,38,099,"North Dakota","Walsh County",2,34,111,56,55
050,38,099,"North Dakota","Walsh County",2,35,126,59,67
050,38,099,"North Dakota","Walsh County",2,36,115,62,53
050,38,099,"North Dakota","Walsh County",2,37,123,69,54
050,38,099,"North Dakota","Walsh County",2,38,109,56,53
050,38,099,"North Dakota","Walsh County",2,39,123,66,57
050,38,099,"North Dakota","Walsh County",2,40,117,63,54
050,38,099,"North Dakota","Walsh County",2,41,116,61,55
050,38,099,"North Dakota","Walsh County",2,42,109,57,52
050,38,099,"North Dakota","Walsh County",2,43,111,52,59
050,38,099,"North Dakota","Walsh County",2,44,107,51,56
050,38,099,"North Dakota","Walsh County",2,45,100,51,49
050,38,099,"North Dakota","Walsh County",2,46,107,51,56
050,38,099,"North Dakota","Walsh County",2,47,118,56,62
050,38,099,"North Dakota","Walsh County",2,48,123,65,58
050,38,099,"North Dakota","Walsh County",2,49,116,60,56
050,38,099,"North Dakota","Walsh County",2,50,105,52,53
050,38,099,"North Dakota","Walsh County",2,51,121,69,52
050,38,099,"North Dakota","Walsh County",2,52,126,73,53
050,38,099,"North Dakota","Walsh County",2,53,128,74,54
050,38,099,"North Dakota","Walsh County",2,54,133,71,62
050,38,099,"North Dakota","Walsh County",2,55,139,70,69
050,38,099,"North Dakota","Walsh County",2,56,168,88,80
050,38,099,"North Dakota","Walsh County",2,57,174,91,83
050,38,099,"North Dakota","Walsh County",2,58,172,89,83
050,38,099,"North Dakota","Walsh County",2,59,167,89,78
050,38,099,"North Dakota","Walsh County",2,60,161,88,73
050,38,099,"North Dakota","Walsh County",2,61,173,95,78
050,38,099,"North Dakota","Walsh County",2,62,177,97,80
050,38,099,"North Dakota","Walsh County",2,63,174,95,79
050,38,099,"North Dakota","Walsh County",2,64,158,85,73
050,38,099,"North Dakota","Walsh County",2,65,159,81,78
050,38,099,"North Dakota","Walsh County",2,66,145,75,70
050,38,099,"North Dakota","Walsh County",2,67,132,69,63
050,38,099,"North Dakota","Walsh County",2,68,132,71,61
050,38,099,"North Dakota","Walsh County",2,69,119,62,57
050,38,099,"North Dakota","Walsh County",2,70,115,56,59
050,38,099,"North Dakota","Walsh County",2,71,105,53,52
050,38,099,"North Dakota","Walsh County",2,72,106,54,52
050,38,099,"North Dakota","Walsh County",2,73,115,60,55
050,38,099,"North Dakota","Walsh County",2,74,85,45,40
050,38,099,"North Dakota","Walsh County",2,75,85,43,42
050,38,099,"North Dakota","Walsh County",2,76,76,44,32
050,38,099,"North Dakota","Walsh County",2,77,76,38,38
050,38,099,"North Dakota","Walsh County",2,78,71,31,40
050,38,099,"North Dakota","Walsh County",2,79,66,33,33
050,38,099,"North Dakota","Walsh County",2,80,69,31,38
050,38,099,"North Dakota","Walsh County",2,81,66,26,40
050,38,099,"North Dakota","Walsh County",2,82,53,21,32
050,38,099,"North Dakota","Walsh County",2,83,52,20,32
050,38,099,"North Dakota","Walsh County",2,84,53,21,32
050,38,099,"North Dakota","Walsh County",2,85,367,121,246
050,38,099,"North Dakota","Walsh County",3,0,123,57,66
050,38,099,"North Dakota","Walsh County",3,1,124,70,54
050,38,099,"North Dakota","Walsh County",3,2,127,64,63
050,38,099,"North Dakota","Walsh County",3,3,127,65,62
050,38,099,"North Dakota","Walsh County",3,4,148,80,68
050,38,099,"North Dakota","Walsh County",3,5,152,78,74
050,38,099,"North Dakota","Walsh County",3,6,146,72,74
050,38,099,"North Dakota","Walsh County",3,7,131,60,71
050,38,099,"North Dakota","Walsh County",3,8,135,61,74
050,38,099,"North Dakota","Walsh County",3,9,139,75,64
050,38,099,"North Dakota","Walsh County",3,10,131,79,52
050,38,099,"North Dakota","Walsh County",3,11,128,75,53
050,38,099,"North Dakota","Walsh County",3,12,155,88,67
050,38,099,"North Dakota","Walsh County",3,13,148,82,66
050,38,099,"North Dakota","Walsh County",3,14,140,76,64
050,38,099,"North Dakota","Walsh County",3,15,137,70,67
050,38,099,"North Dakota","Walsh County",3,16,129,68,61
050,38,099,"North Dakota","Walsh County",3,17,134,75,59
050,38,099,"North Dakota","Walsh County",3,18,127,69,58
050,38,099,"North Dakota","Walsh County",3,19,93,55,38
050,38,099,"North Dakota","Walsh County",3,20,99,56,43
050,38,099,"North Dakota","Walsh County",3,21,111,63,48
050,38,099,"North Dakota","Walsh County",3,22,123,65,58
050,38,099,"North Dakota","Walsh County",3,23,113,60,53
050,38,099,"North Dakota","Walsh County",3,24,115,58,57
050,38,099,"North Dakota","Walsh County",3,25,99,44,55
050,38,099,"North Dakota","Walsh County",3,26,100,50,50
050,38,099,"North Dakota","Walsh County",3,27,92,53,39
050,38,099,"North Dakota","Walsh County",3,28,102,54,48
050,38,099,"North Dakota","Walsh County",3,29,108,52,56
050,38,099,"North Dakota","Walsh County",3,30,106,54,52
050,38,099,"North Dakota","Walsh County",3,31,119,65,54
050,38,099,"North Dakota","Walsh County",3,32,118,66,52
050,38,099,"North Dakota","Walsh County",3,33,96,51,45
050,38,099,"North Dakota","Walsh County",3,34,95,49,46
050,38,099,"North Dakota","Walsh County",3,35,111,53,58
050,38,099,"North Dakota","Walsh County",3,36,127,59,68
050,38,099,"North Dakota","Walsh County",3,37,110,60,50
050,38,099,"North Dakota","Walsh County",3,38,130,74,56
050,38,099,"North Dakota","Walsh County",3,39,108,55,53
050,38,099,"North Dakota","Walsh County",3,40,127,67,60
050,38,099,"North Dakota","Walsh County",3,41,123,68,55
050,38,099,"North Dakota","Walsh County",3,42,112,61,51
050,38,099,"North Dakota","Walsh County",3,43,108,55,53
050,38,099,"North Dakota","Walsh County",3,44,110,51,59
050,38,099,"North Dakota","Walsh County",3,45,105,49,56
050,38,099,"North Dakota","Walsh County",3,46,103,54,49
050,38,099,"North Dakota","Walsh County",3,47,111,54,57
050,38,099,"North Dakota","Walsh County",3,48,124,59,65
050,38,099,"North Dakota","Walsh County",3,49,123,64,59
050,38,099,"North Dakota","Walsh County",3,50,114,60,54
050,38,099,"North Dakota","Walsh County",3,51,109,55,54
050,38,099,"North Dakota","Walsh County",3,52,121,69,52
050,38,099,"North Dakota","Walsh County",3,53,123,70,53
050,38,099,"North Dakota","Walsh County",3,54,131,75,56
050,38,099,"North Dakota","Walsh County",3,55,137,76,61
050,38,099,"North Dakota","Walsh County",3,56,135,66,69
050,38,099,"North Dakota","Walsh County",3,57,162,87,75
050,38,099,"North Dakota","Walsh County",3,58,174,90,84
050,38,099,"North Dakota","Walsh County",3,59,174,86,88
050,38,099,"North Dakota","Walsh County",3,60,163,85,78
050,38,099,"North Dakota","Walsh County",3,61,158,85,73
050,38,099,"North Dakota","Walsh County",3,62,170,92,78
050,38,099,"North Dakota","Walsh County",3,63,177,98,79
050,38,099,"North Dakota","Walsh County",3,64,169,91,78
050,38,099,"North Dakota","Walsh County",3,65,154,83,71
050,38,099,"North Dakota","Walsh County",3,66,151,77,74
050,38,099,"North Dakota","Walsh County",3,67,141,71,70
050,38,099,"North Dakota","Walsh County",3,68,133,69,64
050,38,099,"North Dakota","Walsh County",3,69,126,67,59
050,38,099,"North Dakota","Walsh County",3,70,113,61,52
050,38,099,"North Dakota","Walsh County",3,71,108,52,56
050,38,099,"North Dakota","Walsh County",3,72,105,52,53
050,38,099,"North Dakota","Walsh County",3,73,103,55,48
050,38,099,"North Dakota","Walsh County",3,74,108,56,52
050,38,099,"North Dakota","Walsh County",3,75,77,39,38
050,38,099,"North Dakota","Walsh County",3,76,85,46,39
050,38,099,"North Dakota","Walsh County",3,77,69,39,30
050,38,099,"North Dakota","Walsh County",3,78,79,37,42
050,38,099,"North Dakota","Walsh County",3,79,61,28,33
050,38,099,"North Dakota","Walsh County",3,80,64,28,36
050,38,099,"North Dakota","Walsh County",3,81,62,27,35
050,38,099,"North Dakota","Walsh County",3,82,59,25,34
050,38,099,"North Dakota","Walsh County",3,83,58,23,35
050,38,099,"North Dakota","Walsh County",3,84,46,18,28
050,38,099,"North Dakota","Walsh County",3,85,369,120,249
050,38,099,"North Dakota","Walsh County",4,0,123,65,58
050,38,099,"North Dakota","Walsh County",4,1,130,64,66
050,38,099,"North Dakota","Walsh County",4,2,125,70,55
050,38,099,"North Dakota","Walsh County",4,3,135,68,67
050,38,099,"North Dakota","Walsh County",4,4,126,64,62
050,38,099,"North Dakota","Walsh County",4,5,142,77,65
050,38,099,"North Dakota","Walsh County",4,6,153,79,74
050,38,099,"North Dakota","Walsh County",4,7,151,80,71
050,38,099,"North Dakota","Walsh County",4,8,137,65,72
050,38,099,"North Dakota","Walsh County",4,9,140,63,77
050,38,099,"North Dakota","Walsh County",4,10,138,77,61
050,38,099,"North Dakota","Walsh County",4,11,125,74,51
050,38,099,"North Dakota","Walsh County",4,12,126,74,52
050,38,099,"North Dakota","Walsh County",4,13,159,90,69
050,38,099,"North Dakota","Walsh County",4,14,146,81,65
050,38,099,"North Dakota","Walsh County",4,15,136,71,65
050,38,099,"North Dakota","Walsh County",4,16,140,71,69
050,38,099,"North Dakota","Walsh County",4,17,122,65,57
050,38,099,"North Dakota","Walsh County",4,18,115,66,49
050,38,099,"North Dakota","Walsh County",4,19,103,56,47
050,38,099,"North Dakota","Walsh County",4,20,88,52,36
050,38,099,"North Dakota","Walsh County",4,21,107,60,47
050,38,099,"North Dakota","Walsh County",4,22,109,64,45
050,38,099,"North Dakota","Walsh County",4,23,124,60,64
050,38,099,"North Dakota","Walsh County",4,24,116,63,53
050,38,099,"North Dakota","Walsh County",4,25,116,58,58
050,38,099,"North Dakota","Walsh County",4,26,96,48,48
050,38,099,"North Dakota","Walsh County",4,27,94,46,48
050,38,099,"North Dakota","Walsh County",4,28,89,50,39
050,38,099,"North Dakota","Walsh County",4,29,95,53,42
050,38,099,"North Dakota","Walsh County",4,30,110,53,57
050,38,099,"North Dakota","Walsh County",4,31,109,55,54
050,38,099,"North Dakota","Walsh County",4,32,121,64,57
050,38,099,"North Dakota","Walsh County",4,33,120,68,52
050,38,099,"North Dakota","Walsh County",4,34,96,51,45
050,38,099,"North Dakota","Walsh County",4,35,97,50,47
050,38,099,"North Dakota","Walsh County",4,36,115,57,58
050,38,099,"North Dakota","Walsh County",4,37,128,58,70
050,38,099,"North Dakota","Walsh County",4,38,112,62,50
050,38,099,"North Dakota","Walsh County",4,39,137,81,56
050,38,099,"North Dakota","Walsh County",4,40,112,59,53
050,38,099,"North Dakota","Walsh County",4,41,123,66,57
050,38,099,"North Dakota","Walsh County",4,42,125,69,56
050,38,099,"North Dakota","Walsh County",4,43,108,56,52
050,38,099,"North Dakota","Walsh County",4,44,110,56,54
050,38,099,"North Dakota","Walsh County",4,45,111,53,58
050,38,099,"North Dakota","Walsh County",4,46,109,51,58
050,38,099,"North Dakota","Walsh County",4,47,104,54,50
050,38,099,"North Dakota","Walsh County",4,48,113,55,58
050,38,099,"North Dakota","Walsh County",4,49,123,59,64
050,38,099,"North Dakota","Walsh County",4,50,127,63,64
050,38,099,"North Dakota","Walsh County",4,51,116,64,52
050,38,099,"North Dakota","Walsh County",4,52,103,49,54
050,38,099,"North Dakota","Walsh County",4,53,123,70,53
050,38,099,"North Dakota","Walsh County",4,54,124,71,53
050,38,099,"North Dakota","Walsh County",4,55,128,77,51
050,38,099,"North Dakota","Walsh County",4,56,135,76,59
050,38,099,"North Dakota","Walsh County",4,57,134,67,67
050,38,099,"North Dakota","Walsh County",4,58,164,87,77
050,38,099,"North Dakota","Walsh County",4,59,169,86,83
050,38,099,"North Dakota","Walsh County",4,60,172,85,87
050,38,099,"North Dakota","Walsh County",4,61,167,89,78
050,38,099,"North Dakota","Walsh County",4,62,153,83,70
050,38,099,"North Dakota","Walsh County",4,63,168,92,76
050,38,099,"North Dakota","Walsh County",4,64,162,90,72
050,38,099,"North Dakota","Walsh County",4,65,169,90,79
050,38,099,"North Dakota","Walsh County",4,66,143,78,65
050,38,099,"North Dakota","Walsh County",4,67,148,75,73
050,38,099,"North Dakota","Walsh County",4,68,141,72,69
050,38,099,"North Dakota","Walsh County",4,69,126,65,61
050,38,099,"North Dakota","Walsh County",4,70,120,63,57
050,38,099,"North Dakota","Walsh County",4,71,109,59,50
050,38,099,"North Dakota","Walsh County",4,72,107,53,54
050,38,099,"North Dakota","Walsh County",4,73,100,54,46
050,38,099,"North Dakota","Walsh County",4,74,97,52,45
050,38,099,"North Dakota","Walsh County",4,75,104,53,51
050,38,099,"North Dakota","Walsh County",4,76,77,41,36
050,38,099,"North Dakota","Walsh County",4,77,80,41,39
050,38,099,"North Dakota","Walsh County",4,78,71,38,33
050,38,099,"North Dakota","Walsh County",4,79,75,39,36
050,38,099,"North Dakota","Walsh County",4,80,61,25,36
050,38,099,"North Dakota","Walsh County",4,81,59,27,32
050,38,099,"North Dakota","Walsh County",4,82,58,26,32
050,38,099,"North Dakota","Walsh County",4,83,63,26,37
050,38,099,"North Dakota","Walsh County",4,84,48,18,30
050,38,099,"North Dakota","Walsh County",4,85,370,121,249
050,38,099,"North Dakota","Walsh County",5,0,125,67,58
050,38,099,"North Dakota","Walsh County",5,1,114,60,54
050,38,099,"North Dakota","Walsh County",5,2,126,59,67
050,38,099,"North Dakota","Walsh County",5,3,125,67,58
050,38,099,"North Dakota","Walsh County",5,4,130,63,67
050,38,099,"North Dakota","Walsh County",5,5,128,68,60
050,38,099,"North Dakota","Walsh County",5,6,144,75,69
050,38,099,"North Dakota","Walsh County",5,7,155,79,76
050,38,099,"North Dakota","Walsh County",5,8,152,79,73
050,38,099,"North Dakota","Walsh County",5,9,130,60,70
050,38,099,"North Dakota","Walsh County",5,10,133,62,71
050,38,099,"North Dakota","Walsh County",5,11,133,76,57
050,38,099,"North Dakota","Walsh County",5,12,122,71,51
050,38,099,"North Dakota","Walsh County",5,13,121,72,49
050,38,099,"North Dakota","Walsh County",5,14,156,89,67
050,38,099,"North Dakota","Walsh County",5,15,142,81,61
050,38,099,"North Dakota","Walsh County",5,16,139,75,64
050,38,099,"North Dakota","Walsh County",5,17,137,69,68
050,38,099,"North Dakota","Walsh County",5,18,103,59,44
050,38,099,"North Dakota","Walsh County",5,19,89,52,37
050,38,099,"North Dakota","Walsh County",5,20,105,58,47
050,38,099,"North Dakota","Walsh County",5,21,94,60,34
050,38,099,"North Dakota","Walsh County",5,22,100,54,46
050,38,099,"North Dakota","Walsh County",5,23,102,60,42
050,38,099,"North Dakota","Walsh County",5,24,102,49,53
050,38,099,"North Dakota","Walsh County",5,25,113,64,49
050,38,099,"North Dakota","Walsh County",5,26,114,53,61
050,38,099,"North Dakota","Walsh County",5,27,102,50,52
050,38,099,"North Dakota","Walsh County",5,28,96,50,46
050,38,099,"North Dakota","Walsh County",5,29,87,49,38
050,38,099,"North Dakota","Walsh County",5,30,97,56,41
050,38,099,"North Dakota","Walsh County",5,31,116,57,59
050,38,099,"North Dakota","Walsh County",5,32,110,54,56
050,38,099,"North Dakota","Walsh County",5,33,116,60,56
050,38,099,"North Dakota","Walsh County",5,34,116,66,50
050,38,099,"North Dakota","Walsh County",5,35,95,51,44
050,38,099,"North Dakota","Walsh County",5,36,95,50,45
050,38,099,"North Dakota","Walsh County",5,37,115,58,57
050,38,099,"North Dakota","Walsh County",5,38,129,61,68
050,38,099,"North Dakota","Walsh County",5,39,111,61,50
050,38,099,"North Dakota","Walsh County",5,40,135,79,56
050,38,099,"North Dakota","Walsh County",5,41,112,58,54
050,38,099,"North Dakota","Walsh County",5,42,128,68,60
050,38,099,"North Dakota","Walsh County",5,43,122,67,55
050,38,099,"North Dakota","Walsh County",5,44,108,56,52
050,38,099,"North Dakota","Walsh County",5,45,107,54,53
050,38,099,"North Dakota","Walsh County",5,46,112,52,60
050,38,099,"North Dakota","Walsh County",5,47,106,50,56
050,38,099,"North Dakota","Walsh County",5,48,103,54,49
050,38,099,"North Dakota","Walsh County",5,49,111,53,58
050,38,099,"North Dakota","Walsh County",5,50,120,56,64
050,38,099,"North Dakota","Walsh County",5,51,125,63,62
050,38,099,"North Dakota","Walsh County",5,52,114,62,52
050,38,099,"North Dakota","Walsh County",5,53,101,46,55
050,38,099,"North Dakota","Walsh County",5,54,125,72,53
050,38,099,"North Dakota","Walsh County",5,55,124,73,51
050,38,099,"North Dakota","Walsh County",5,56,120,70,50
050,38,099,"North Dakota","Walsh County",5,57,137,74,63
050,38,099,"North Dakota","Walsh County",5,58,136,69,67
050,38,099,"North Dakota","Walsh County",5,59,160,84,76
050,38,099,"North Dakota","Walsh County",5,60,169,85,84
050,38,099,"North Dakota","Walsh County",5,61,175,87,88
050,38,099,"North Dakota","Walsh County",5,62,165,86,79
050,38,099,"North Dakota","Walsh County",5,63,153,83,70
050,38,099,"North Dakota","Walsh County",5,64,162,88,74
050,38,099,"North Dakota","Walsh County",5,65,166,94,72
050,38,099,"North Dakota","Walsh County",5,66,158,87,71
050,38,099,"North Dakota","Walsh County",5,67,137,74,63
050,38,099,"North Dakota","Walsh County",5,68,146,74,72
050,38,099,"North Dakota","Walsh County",5,69,134,68,66
050,38,099,"North Dakota","Walsh County",5,70,122,62,60
050,38,099,"North Dakota","Walsh County",5,71,112,59,53
050,38,099,"North Dakota","Walsh County",5,72,107,59,48
050,38,099,"North Dakota","Walsh County",5,73,107,56,51
050,38,099,"North Dakota","Walsh County",5,74,92,48,44
050,38,099,"North Dakota","Walsh County",5,75,93,49,44
050,38,099,"North Dakota","Walsh County",5,76,101,53,48
050,38,099,"North Dakota","Walsh County",5,77,70,35,35
050,38,099,"North Dakota","Walsh County",5,78,81,37,44
050,38,099,"North Dakota","Walsh County",5,79,64,35,29
050,38,099,"North Dakota","Walsh County",5,80,73,35,38
050,38,099,"North Dakota","Walsh County",5,81,55,24,31
050,38,099,"North Dakota","Walsh County",5,82,52,26,26
050,38,099,"North Dakota","Walsh County",5,83,63,26,37
050,38,099,"North Dakota","Walsh County",5,84,51,21,30
050,38,099,"North Dakota","Walsh County",5,85,372,122,250
050,38,101,"North Dakota","Ward County",1,0,1098,558,540
050,38,101,"North Dakota","Ward County",1,1,1087,517,570
050,38,101,"North Dakota","Ward County",1,2,1068,537,531
050,38,101,"North Dakota","Ward County",1,3,1015,520,495
050,38,101,"North Dakota","Ward County",1,4,1031,554,477
050,38,101,"North Dakota","Ward County",1,5,997,519,478
050,38,101,"North Dakota","Ward County",1,6,961,503,458
050,38,101,"North Dakota","Ward County",1,7,928,487,441
050,38,101,"North Dakota","Ward County",1,8,925,473,452
050,38,101,"North Dakota","Ward County",1,9,908,436,472
050,38,101,"North Dakota","Ward County",1,10,941,446,495
050,38,101,"North Dakota","Ward County",1,11,939,442,497
050,38,101,"North Dakota","Ward County",1,12,916,460,456
050,38,101,"North Dakota","Ward County",1,13,947,484,463
050,38,101,"North Dakota","Ward County",1,14,847,456,391
050,38,101,"North Dakota","Ward County",1,15,830,431,399
050,38,101,"North Dakota","Ward County",1,16,803,417,386
050,38,101,"North Dakota","Ward County",1,17,804,421,383
050,38,101,"North Dakota","Ward County",1,18,770,397,373
050,38,101,"North Dakota","Ward County",1,19,902,518,384
050,38,101,"North Dakota","Ward County",1,20,1147,696,451
050,38,101,"North Dakota","Ward County",1,21,1217,734,483
050,38,101,"North Dakota","Ward County",1,22,1284,738,546
050,38,101,"North Dakota","Ward County",1,23,1317,736,581
050,38,101,"North Dakota","Ward County",1,24,1369,766,603
050,38,101,"North Dakota","Ward County",1,25,1382,766,616
050,38,101,"North Dakota","Ward County",1,26,1318,734,584
050,38,101,"North Dakota","Ward County",1,27,1325,729,596
050,38,101,"North Dakota","Ward County",1,28,1343,739,604
050,38,101,"North Dakota","Ward County",1,29,1305,746,559
050,38,101,"North Dakota","Ward County",1,30,1215,668,547
050,38,101,"North Dakota","Ward County",1,31,1088,592,496
050,38,101,"North Dakota","Ward County",1,32,1081,577,504
050,38,101,"North Dakota","Ward County",1,33,1112,613,499
050,38,101,"North Dakota","Ward County",1,34,1080,594,486
050,38,101,"North Dakota","Ward County",1,35,1052,574,478
050,38,101,"North Dakota","Ward County",1,36,1067,599,468
050,38,101,"North Dakota","Ward County",1,37,1047,572,475
050,38,101,"North Dakota","Ward County",1,38,970,510,460
050,38,101,"North Dakota","Ward County",1,39,953,516,437
050,38,101,"North Dakota","Ward County",1,40,880,474,406
050,38,101,"North Dakota","Ward County",1,41,847,451,396
050,38,101,"North Dakota","Ward County",1,42,793,412,381
050,38,101,"North Dakota","Ward County",1,43,756,376,380
050,38,101,"North Dakota","Ward County",1,44,693,343,350
050,38,101,"North Dakota","Ward County",1,45,692,362,330
050,38,101,"North Dakota","Ward County",1,46,664,353,311
050,38,101,"North Dakota","Ward County",1,47,675,363,312
050,38,101,"North Dakota","Ward County",1,48,707,375,332
050,38,101,"North Dakota","Ward County",1,49,721,381,340
050,38,101,"North Dakota","Ward County",1,50,690,361,329
050,38,101,"North Dakota","Ward County",1,51,636,326,310
050,38,101,"North Dakota","Ward County",1,52,582,308,274
050,38,101,"North Dakota","Ward County",1,53,673,355,318
050,38,101,"North Dakota","Ward County",1,54,653,331,322
050,38,101,"North Dakota","Ward County",1,55,680,322,358
050,38,101,"North Dakota","Ward County",1,56,730,364,366
050,38,101,"North Dakota","Ward County",1,57,776,397,379
050,38,101,"North Dakota","Ward County",1,58,816,411,405
050,38,101,"North Dakota","Ward County",1,59,792,403,389
050,38,101,"North Dakota","Ward County",1,60,775,409,366
050,38,101,"North Dakota","Ward County",1,61,761,374,387
050,38,101,"North Dakota","Ward County",1,62,743,366,377
050,38,101,"North Dakota","Ward County",1,63,685,340,345
050,38,101,"North Dakota","Ward County",1,64,700,349,351
050,38,101,"North Dakota","Ward County",1,65,708,356,352
050,38,101,"North Dakota","Ward County",1,66,641,313,328
050,38,101,"North Dakota","Ward County",1,67,583,311,272
050,38,101,"North Dakota","Ward County",1,68,605,311,294
050,38,101,"North Dakota","Ward County",1,69,544,278,266
050,38,101,"North Dakota","Ward County",1,70,488,246,242
050,38,101,"North Dakota","Ward County",1,71,459,231,228
050,38,101,"North Dakota","Ward County",1,72,482,245,237
050,38,101,"North Dakota","Ward County",1,73,453,213,240
050,38,101,"North Dakota","Ward County",1,74,339,150,189
050,38,101,"North Dakota","Ward County",1,75,337,154,183
050,38,101,"North Dakota","Ward County",1,76,330,150,180
050,38,101,"North Dakota","Ward County",1,77,348,150,198
050,38,101,"North Dakota","Ward County",1,78,303,127,176
050,38,101,"North Dakota","Ward County",1,79,243,112,131
050,38,101,"North Dakota","Ward County",1,80,229,103,126
050,38,101,"North Dakota","Ward County",1,81,271,116,155
050,38,101,"North Dakota","Ward County",1,82,244,109,135
050,38,101,"North Dakota","Ward County",1,83,222,82,140
050,38,101,"North Dakota","Ward County",1,84,203,82,121
050,38,101,"North Dakota","Ward County",1,85,1385,486,899
050,38,101,"North Dakota","Ward County",2,0,1072,545,527
050,38,101,"North Dakota","Ward County",2,1,1082,524,558
050,38,101,"North Dakota","Ward County",2,2,1055,526,529
050,38,101,"North Dakota","Ward County",2,3,1016,515,501
050,38,101,"North Dakota","Ward County",2,4,1021,541,480
050,38,101,"North Dakota","Ward County",2,5,1000,525,475
050,38,101,"North Dakota","Ward County",2,6,966,506,460
050,38,101,"North Dakota","Ward County",2,7,935,492,443
050,38,101,"North Dakota","Ward County",2,8,928,476,452
050,38,101,"North Dakota","Ward County",2,9,912,442,470
050,38,101,"North Dakota","Ward County",2,10,931,440,491
050,38,101,"North Dakota","Ward County",2,11,935,442,493
050,38,101,"North Dakota","Ward County",2,12,925,457,468
050,38,101,"North Dakota","Ward County",2,13,942,481,461
050,38,101,"North Dakota","Ward County",2,14,869,461,408
050,38,101,"North Dakota","Ward County",2,15,828,434,394
050,38,101,"North Dakota","Ward County",2,16,811,421,390
050,38,101,"North Dakota","Ward County",2,17,817,428,389
050,38,101,"North Dakota","Ward County",2,18,791,413,378
050,38,101,"North Dakota","Ward County",2,19,929,533,396
050,38,101,"North Dakota","Ward County",2,20,1134,687,447
050,38,101,"North Dakota","Ward County",2,21,1206,725,481
050,38,101,"North Dakota","Ward County",2,22,1287,745,542
050,38,101,"North Dakota","Ward County",2,23,1310,733,577
050,38,101,"North Dakota","Ward County",2,24,1345,747,598
050,38,101,"North Dakota","Ward County",2,25,1352,746,606
050,38,101,"North Dakota","Ward County",2,26,1310,724,586
050,38,101,"North Dakota","Ward County",2,27,1313,722,591
050,38,101,"North Dakota","Ward County",2,28,1327,730,597
050,38,101,"North Dakota","Ward County",2,29,1299,736,563
050,38,101,"North Dakota","Ward County",2,30,1221,677,544
050,38,101,"North Dakota","Ward County",2,31,1103,600,503
050,38,101,"North Dakota","Ward County",2,32,1078,578,500
050,38,101,"North Dakota","Ward County",2,33,1097,602,495
050,38,101,"North Dakota","Ward County",2,34,1085,593,492
050,38,101,"North Dakota","Ward County",2,35,1059,578,481
050,38,101,"North Dakota","Ward County",2,36,1055,587,468
050,38,101,"North Dakota","Ward County",2,37,1047,573,474
050,38,101,"North Dakota","Ward County",2,38,985,525,460
050,38,101,"North Dakota","Ward County",2,39,945,507,438
050,38,101,"North Dakota","Ward County",2,40,901,487,414
050,38,101,"North Dakota","Ward County",2,41,846,455,391
050,38,101,"North Dakota","Ward County",2,42,804,420,384
050,38,101,"North Dakota","Ward County",2,43,765,382,383
050,38,101,"North Dakota","Ward County",2,44,702,346,356
050,38,101,"North Dakota","Ward County",2,45,687,354,333
050,38,101,"North Dakota","Ward County",2,46,666,353,313
050,38,101,"North Dakota","Ward County",2,47,664,355,309
050,38,101,"North Dakota","Ward County",2,48,697,367,330
050,38,101,"North Dakota","Ward County",2,49,718,377,341
050,38,101,"North Dakota","Ward County",2,50,694,365,329
050,38,101,"North Dakota","Ward County",2,51,644,333,311
050,38,101,"North Dakota","Ward County",2,52,595,311,284
050,38,101,"North Dakota","Ward County",2,53,650,344,306
050,38,101,"North Dakota","Ward County",2,54,654,334,320
050,38,101,"North Dakota","Ward County",2,55,676,325,351
050,38,101,"North Dakota","Ward County",2,56,722,355,367
050,38,101,"North Dakota","Ward County",2,57,758,385,373
050,38,101,"North Dakota","Ward County",2,58,807,406,401
050,38,101,"North Dakota","Ward County",2,59,802,409,393
050,38,101,"North Dakota","Ward County",2,60,777,406,371
050,38,101,"North Dakota","Ward County",2,61,757,375,382
050,38,101,"North Dakota","Ward County",2,62,745,368,377
050,38,101,"North Dakota","Ward County",2,63,699,344,355
050,38,101,"North Dakota","Ward County",2,64,687,343,344
050,38,101,"North Dakota","Ward County",2,65,702,350,352
050,38,101,"North Dakota","Ward County",2,66,657,324,333
050,38,101,"North Dakota","Ward County",2,67,596,310,286
050,38,101,"North Dakota","Ward County",2,68,593,307,286
050,38,101,"North Dakota","Ward County",2,69,559,287,272
050,38,101,"North Dakota","Ward County",2,70,497,249,248
050,38,101,"North Dakota","Ward County",2,71,466,233,233
050,38,101,"North Dakota","Ward County",2,72,469,237,232
050,38,101,"North Dakota","Ward County",2,73,484,231,253
050,38,101,"North Dakota","Ward County",2,74,341,155,186
050,38,101,"North Dakota","Ward County",2,75,333,149,184
050,38,101,"North Dakota","Ward County",2,76,325,147,178
050,38,101,"North Dakota","Ward County",2,77,352,154,198
050,38,101,"North Dakota","Ward County",2,78,308,130,178
050,38,101,"North Dakota","Ward County",2,79,248,111,137
050,38,101,"North Dakota","Ward County",2,80,232,102,130
050,38,101,"North Dakota","Ward County",2,81,263,113,150
050,38,101,"North Dakota","Ward County",2,82,247,108,139
050,38,101,"North Dakota","Ward County",2,83,227,88,139
050,38,101,"North Dakota","Ward County",2,84,200,79,121
050,38,101,"North Dakota","Ward County",2,85,1382,484,898
050,38,101,"North Dakota","Ward County",3,0,1002,507,495
050,38,101,"North Dakota","Ward County",3,1,974,483,491
050,38,101,"North Dakota","Ward County",3,2,1025,520,505
050,38,101,"North Dakota","Ward County",3,3,997,500,497
050,38,101,"North Dakota","Ward County",3,4,987,499,488
050,38,101,"North Dakota","Ward County",3,5,956,502,454
050,38,101,"North Dakota","Ward County",3,6,964,505,459
050,38,101,"North Dakota","Ward County",3,7,966,512,454
050,38,101,"North Dakota","Ward County",3,8,906,479,427
050,38,101,"North Dakota","Ward County",3,9,935,487,448
050,38,101,"North Dakota","Ward County",3,10,902,435,467
050,38,101,"North Dakota","Ward County",3,11,913,442,471
050,38,101,"North Dakota","Ward County",3,12,909,435,474
050,38,101,"North Dakota","Ward County",3,13,921,465,456
050,38,101,"North Dakota","Ward County",3,14,910,474,436
050,38,101,"North Dakota","Ward County",3,15,849,441,408
050,38,101,"North Dakota","Ward County",3,16,832,437,395
050,38,101,"North Dakota","Ward County",3,17,828,437,391
050,38,101,"North Dakota","Ward County",3,18,836,442,394
050,38,101,"North Dakota","Ward County",3,19,1001,564,437
050,38,101,"North Dakota","Ward County",3,20,1138,671,467
050,38,101,"North Dakota","Ward County",3,21,1204,715,489
050,38,101,"North Dakota","Ward County",3,22,1280,764,516
050,38,101,"North Dakota","Ward County",3,23,1295,732,563
050,38,101,"North Dakota","Ward County",3,24,1287,728,559
050,38,101,"North Dakota","Ward County",3,25,1239,691,548
050,38,101,"North Dakota","Ward County",3,26,1241,655,586
050,38,101,"North Dakota","Ward County",3,27,1242,687,555
050,38,101,"North Dakota","Ward County",3,28,1267,685,582
050,38,101,"North Dakota","Ward County",3,29,1307,716,591
050,38,101,"North Dakota","Ward County",3,30,1233,692,541
050,38,101,"North Dakota","Ward County",3,31,1160,641,519
050,38,101,"North Dakota","Ward County",3,32,1087,575,512
050,38,101,"North Dakota","Ward County",3,33,1040,567,473
050,38,101,"North Dakota","Ward County",3,34,1041,579,462
050,38,101,"North Dakota","Ward County",3,35,1049,560,489
050,38,101,"North Dakota","Ward County",3,36,1052,575,477
050,38,101,"North Dakota","Ward County",3,37,1043,582,461
050,38,101,"North Dakota","Ward County",3,38,1027,557,470
050,38,101,"North Dakota","Ward County",3,39,971,529,442
050,38,101,"North Dakota","Ward County",3,40,880,466,414
050,38,101,"North Dakota","Ward County",3,41,863,468,395
050,38,101,"North Dakota","Ward County",3,42,800,429,371
050,38,101,"North Dakota","Ward County",3,43,767,403,364
050,38,101,"North Dakota","Ward County",3,44,745,368,377
050,38,101,"North Dakota","Ward County",3,45,683,338,345
050,38,101,"North Dakota","Ward County",3,46,675,338,337
050,38,101,"North Dakota","Ward County",3,47,652,343,309
050,38,101,"North Dakota","Ward County",3,48,669,349,320
050,38,101,"North Dakota","Ward County",3,49,693,365,328
050,38,101,"North Dakota","Ward County",3,50,712,376,336
050,38,101,"North Dakota","Ward County",3,51,708,371,337
050,38,101,"North Dakota","Ward County",3,52,623,315,308
050,38,101,"North Dakota","Ward County",3,53,590,314,276
050,38,101,"North Dakota","Ward County",3,54,644,340,304
050,38,101,"North Dakota","Ward County",3,55,657,339,318
050,38,101,"North Dakota","Ward County",3,56,674,329,345
050,38,101,"North Dakota","Ward County",3,57,701,336,365
050,38,101,"North Dakota","Ward County",3,58,741,370,371
050,38,101,"North Dakota","Ward County",3,59,797,409,388
050,38,101,"North Dakota","Ward County",3,60,790,404,386
050,38,101,"North Dakota","Ward County",3,61,756,390,366
050,38,101,"North Dakota","Ward County",3,62,736,362,374
050,38,101,"North Dakota","Ward County",3,63,731,364,367
050,38,101,"North Dakota","Ward County",3,64,689,347,342
050,38,101,"North Dakota","Ward County",3,65,686,340,346
050,38,101,"North Dakota","Ward County",3,66,681,339,342
050,38,101,"North Dakota","Ward County",3,67,645,314,331
050,38,101,"North Dakota","Ward County",3,68,580,304,276
050,38,101,"North Dakota","Ward County",3,69,573,297,276
050,38,101,"North Dakota","Ward County",3,70,544,277,267
050,38,101,"North Dakota","Ward County",3,71,482,238,244
050,38,101,"North Dakota","Ward County",3,72,448,219,229
050,38,101,"North Dakota","Ward County",3,73,457,225,232
050,38,101,"North Dakota","Ward County",3,74,474,229,245
050,38,101,"North Dakota","Ward County",3,75,315,143,172
050,38,101,"North Dakota","Ward County",3,76,318,144,174
050,38,101,"North Dakota","Ward County",3,77,312,140,172
050,38,101,"North Dakota","Ward County",3,78,342,144,198
050,38,101,"North Dakota","Ward County",3,79,290,126,164
050,38,101,"North Dakota","Ward County",3,80,228,95,133
050,38,101,"North Dakota","Ward County",3,81,230,100,130
050,38,101,"North Dakota","Ward County",3,82,232,107,125
050,38,101,"North Dakota","Ward County",3,83,234,96,138
050,38,101,"North Dakota","Ward County",3,84,194,77,117
050,38,101,"North Dakota","Ward County",3,85,1307,449,858
050,38,101,"North Dakota","Ward County",4,0,1025,523,502
050,38,101,"North Dakota","Ward County",4,1,927,456,471
050,38,101,"North Dakota","Ward County",4,2,948,475,473
050,38,101,"North Dakota","Ward County",4,3,971,486,485
050,38,101,"North Dakota","Ward County",4,4,954,472,482
050,38,101,"North Dakota","Ward County",4,5,960,487,473
050,38,101,"North Dakota","Ward County",4,6,939,489,450
050,38,101,"North Dakota","Ward County",4,7,960,508,452
050,38,101,"North Dakota","Ward County",4,8,937,498,439
050,38,101,"North Dakota","Ward County",4,9,906,469,437
050,38,101,"North Dakota","Ward County",4,10,938,487,451
050,38,101,"North Dakota","Ward County",4,11,882,424,458
050,38,101,"North Dakota","Ward County",4,12,877,427,450
050,38,101,"North Dakota","Ward County",4,13,904,418,486
050,38,101,"North Dakota","Ward County",4,14,895,459,436
050,38,101,"North Dakota","Ward County",4,15,904,463,441
050,38,101,"North Dakota","Ward County",4,16,854,444,410
050,38,101,"North Dakota","Ward County",4,17,840,446,394
050,38,101,"North Dakota","Ward County",4,18,840,448,392
050,38,101,"North Dakota","Ward County",4,19,992,549,443
050,38,101,"North Dakota","Ward County",4,20,1123,664,459
050,38,101,"North Dakota","Ward County",4,21,1128,666,462
050,38,101,"North Dakota","Ward County",4,22,1227,724,503
050,38,101,"North Dakota","Ward County",4,23,1244,726,518
050,38,101,"North Dakota","Ward County",4,24,1263,721,542
050,38,101,"North Dakota","Ward County",4,25,1178,656,522
050,38,101,"North Dakota","Ward County",4,26,1152,614,538
050,38,101,"North Dakota","Ward County",4,27,1174,621,553
050,38,101,"North Dakota","Ward County",4,28,1186,648,538
050,38,101,"North Dakota","Ward County",4,29,1207,658,549
050,38,101,"North Dakota","Ward County",4,30,1230,674,556
050,38,101,"North Dakota","Ward County",4,31,1201,673,528
050,38,101,"North Dakota","Ward County",4,32,1141,622,519
050,38,101,"North Dakota","Ward County",4,33,1044,556,488
050,38,101,"North Dakota","Ward County",4,34,1004,555,449
050,38,101,"North Dakota","Ward County",4,35,1010,560,450
050,38,101,"North Dakota","Ward County",4,36,1033,563,470
050,38,101,"North Dakota","Ward County",4,37,1052,567,485
050,38,101,"North Dakota","Ward County",4,38,1025,574,451
050,38,101,"North Dakota","Ward County",4,39,990,538,452
050,38,101,"North Dakota","Ward County",4,40,938,506,432
050,38,101,"North Dakota","Ward County",4,41,878,459,419
050,38,101,"North Dakota","Ward County",4,42,821,442,379
050,38,101,"North Dakota","Ward County",4,43,776,423,353
050,38,101,"North Dakota","Ward County",4,44,749,396,353
050,38,101,"North Dakota","Ward County",4,45,726,359,367
050,38,101,"North Dakota","Ward County",4,46,673,333,340
050,38,101,"North Dakota","Ward County",4,47,654,325,329
050,38,101,"North Dakota","Ward County",4,48,637,334,303
050,38,101,"North Dakota","Ward County",4,49,661,353,308
050,38,101,"North Dakota","Ward County",4,50,697,369,328
050,38,101,"North Dakota","Ward County",4,51,689,356,333
050,38,101,"North Dakota","Ward County",4,52,702,363,339
050,38,101,"North Dakota","Ward County",4,53,628,328,300
050,38,101,"North Dakota","Ward County",4,54,575,309,266
050,38,101,"North Dakota","Ward County",4,55,643,339,304
050,38,101,"North Dakota","Ward County",4,56,644,330,314
050,38,101,"North Dakota","Ward County",4,57,662,322,340
050,38,101,"North Dakota","Ward County",4,58,696,322,374
050,38,101,"North Dakota","Ward County",4,59,725,363,362
050,38,101,"North Dakota","Ward County",4,60,767,389,378
050,38,101,"North Dakota","Ward County",4,61,757,381,376
050,38,101,"North Dakota","Ward County",4,62,757,396,361
050,38,101,"North Dakota","Ward County",4,63,725,361,364
050,38,101,"North Dakota","Ward County",4,64,716,354,362
050,38,101,"North Dakota","Ward County",4,65,672,333,339
050,38,101,"North Dakota","Ward County",4,66,676,339,337
050,38,101,"North Dakota","Ward County",4,67,663,330,333
050,38,101,"North Dakota","Ward County",4,68,642,316,326
050,38,101,"North Dakota","Ward County",4,69,567,301,266
050,38,101,"North Dakota","Ward County",4,70,547,279,268
050,38,101,"North Dakota","Ward County",4,71,529,266,263
050,38,101,"North Dakota","Ward County",4,72,471,234,237
050,38,101,"North Dakota","Ward County",4,73,432,209,223
050,38,101,"North Dakota","Ward County",4,74,445,227,218
050,38,101,"North Dakota","Ward County",4,75,452,216,236
050,38,101,"North Dakota","Ward County",4,76,301,138,163
050,38,101,"North Dakota","Ward County",4,77,311,137,174
050,38,101,"North Dakota","Ward County",4,78,295,126,169
050,38,101,"North Dakota","Ward County",4,79,325,136,189
050,38,101,"North Dakota","Ward County",4,80,275,119,156
050,38,101,"North Dakota","Ward County",4,81,227,93,134
050,38,101,"North Dakota","Ward County",4,82,218,97,121
050,38,101,"North Dakota","Ward County",4,83,233,100,133
050,38,101,"North Dakota","Ward County",4,84,205,85,120
050,38,101,"North Dakota","Ward County",4,85,1341,462,879
050,38,101,"North Dakota","Ward County",5,0,994,506,488
050,38,101,"North Dakota","Ward County",5,1,982,494,488
050,38,101,"North Dakota","Ward County",5,2,859,444,415
050,38,101,"North Dakota","Ward County",5,3,903,441,462
050,38,101,"North Dakota","Ward County",5,4,944,472,472
050,38,101,"North Dakota","Ward County",5,5,914,455,459
050,38,101,"North Dakota","Ward County",5,6,939,465,474
050,38,101,"North Dakota","Ward County",5,7,933,479,454
050,38,101,"North Dakota","Ward County",5,8,938,504,434
050,38,101,"North Dakota","Ward County",5,9,923,486,437
050,38,101,"North Dakota","Ward County",5,10,895,465,430
050,38,101,"North Dakota","Ward County",5,11,926,482,444
050,38,101,"North Dakota","Ward County",5,12,875,422,453
050,38,101,"North Dakota","Ward County",5,13,868,429,439
050,38,101,"North Dakota","Ward County",5,14,871,412,459
050,38,101,"North Dakota","Ward County",5,15,877,446,431
050,38,101,"North Dakota","Ward County",5,16,898,461,437
050,38,101,"North Dakota","Ward County",5,17,848,442,406
050,38,101,"North Dakota","Ward County",5,18,862,454,408
050,38,101,"North Dakota","Ward County",5,19,1017,582,435
050,38,101,"North Dakota","Ward County",5,20,1096,630,466
050,38,101,"North Dakota","Ward County",5,21,1127,660,467
050,38,101,"North Dakota","Ward County",5,22,1162,675,487
050,38,101,"North Dakota","Ward County",5,23,1232,695,537
050,38,101,"North Dakota","Ward County",5,24,1225,724,501
050,38,101,"North Dakota","Ward County",5,25,1148,658,490
050,38,101,"North Dakota","Ward County",5,26,1079,592,487
050,38,101,"North Dakota","Ward County",5,27,1092,570,522
050,38,101,"North Dakota","Ward County",5,28,1115,590,525
050,38,101,"North Dakota","Ward County",5,29,1152,628,524
050,38,101,"North Dakota","Ward County",5,30,1163,635,528
050,38,101,"North Dakota","Ward County",5,31,1169,634,535
050,38,101,"North Dakota","Ward County",5,32,1163,650,513
050,38,101,"North Dakota","Ward County",5,33,1083,583,500
050,38,101,"North Dakota","Ward County",5,34,1036,550,486
050,38,101,"North Dakota","Ward County",5,35,980,530,450
050,38,101,"North Dakota","Ward County",5,36,1003,560,443
050,38,101,"North Dakota","Ward County",5,37,1037,570,467
050,38,101,"North Dakota","Ward County",5,38,1022,536,486
050,38,101,"North Dakota","Ward County",5,39,993,553,440
050,38,101,"North Dakota","Ward County",5,40,968,525,443
050,38,101,"North Dakota","Ward County",5,41,908,499,409
050,38,101,"North Dakota","Ward County",5,42,841,434,407
050,38,101,"North Dakota","Ward County",5,43,810,432,378
050,38,101,"North Dakota","Ward County",5,44,772,415,357
050,38,101,"North Dakota","Ward County",5,45,715,376,339
050,38,101,"North Dakota","Ward County",5,46,712,350,362
050,38,101,"North Dakota","Ward County",5,47,654,327,327
050,38,101,"North Dakota","Ward County",5,48,643,314,329
050,38,101,"North Dakota","Ward County",5,49,629,328,301
050,38,101,"North Dakota","Ward County",5,50,634,338,296
050,38,101,"North Dakota","Ward County",5,51,685,360,325
050,38,101,"North Dakota","Ward County",5,52,690,347,343
050,38,101,"North Dakota","Ward County",5,53,695,368,327
050,38,101,"North Dakota","Ward County",5,54,603,310,293
050,38,101,"North Dakota","Ward County",5,55,574,309,265
050,38,101,"North Dakota","Ward County",5,56,625,329,296
050,38,101,"North Dakota","Ward County",5,57,641,317,324
050,38,101,"North Dakota","Ward County",5,58,659,314,345
050,38,101,"North Dakota","Ward County",5,59,691,332,359
050,38,101,"North Dakota","Ward County",5,60,709,359,350
050,38,101,"North Dakota","Ward County",5,61,759,385,374
050,38,101,"North Dakota","Ward County",5,62,730,363,367
050,38,101,"North Dakota","Ward County",5,63,737,384,353
050,38,101,"North Dakota","Ward County",5,64,701,353,348
050,38,101,"North Dakota","Ward County",5,65,713,350,363
050,38,101,"North Dakota","Ward County",5,66,667,330,337
050,38,101,"North Dakota","Ward County",5,67,657,329,328
050,38,101,"North Dakota","Ward County",5,68,664,336,328
050,38,101,"North Dakota","Ward County",5,69,616,300,316
050,38,101,"North Dakota","Ward County",5,70,557,291,266
050,38,101,"North Dakota","Ward County",5,71,538,276,262
050,38,101,"North Dakota","Ward County",5,72,518,258,260
050,38,101,"North Dakota","Ward County",5,73,466,228,238
050,38,101,"North Dakota","Ward County",5,74,429,212,217
050,38,101,"North Dakota","Ward County",5,75,421,211,210
050,38,101,"North Dakota","Ward County",5,76,440,209,231
050,38,101,"North Dakota","Ward County",5,77,293,134,159
050,38,101,"North Dakota","Ward County",5,78,306,129,177
050,38,101,"North Dakota","Ward County",5,79,290,129,161
050,38,101,"North Dakota","Ward County",5,80,316,128,188
050,38,101,"North Dakota","Ward County",5,81,275,117,158
050,38,101,"North Dakota","Ward County",5,82,211,92,119
050,38,101,"North Dakota","Ward County",5,83,221,93,128
050,38,101,"North Dakota","Ward County",5,84,213,91,122
050,38,101,"North Dakota","Ward County",5,85,1393,485,908
050,38,103,"North Dakota","Wells County",1,0,40,20,20
050,38,103,"North Dakota","Wells County",1,1,42,20,22
050,38,103,"North Dakota","Wells County",1,2,49,23,26
050,38,103,"North Dakota","Wells County",1,3,43,23,20
050,38,103,"North Dakota","Wells County",1,4,45,25,20
050,38,103,"North Dakota","Wells County",1,5,46,26,20
050,38,103,"North Dakota","Wells County",1,6,41,19,22
050,38,103,"North Dakota","Wells County",1,7,48,27,21
050,38,103,"North Dakota","Wells County",1,8,44,22,22
050,38,103,"North Dakota","Wells County",1,9,55,27,28
050,38,103,"North Dakota","Wells County",1,10,48,25,23
050,38,103,"North Dakota","Wells County",1,11,49,26,23
050,38,103,"North Dakota","Wells County",1,12,47,24,23
050,38,103,"North Dakota","Wells County",1,13,50,30,20
050,38,103,"North Dakota","Wells County",1,14,46,27,19
050,38,103,"North Dakota","Wells County",1,15,42,22,20
050,38,103,"North Dakota","Wells County",1,16,49,26,23
050,38,103,"North Dakota","Wells County",1,17,46,19,27
050,38,103,"North Dakota","Wells County",1,18,45,21,24
050,38,103,"North Dakota","Wells County",1,19,34,19,15
050,38,103,"North Dakota","Wells County",1,20,38,22,16
050,38,103,"North Dakota","Wells County",1,21,27,16,11
050,38,103,"North Dakota","Wells County",1,22,29,16,13
050,38,103,"North Dakota","Wells County",1,23,36,19,17
050,38,103,"North Dakota","Wells County",1,24,25,14,11
050,38,103,"North Dakota","Wells County",1,25,30,15,15
050,38,103,"North Dakota","Wells County",1,26,34,13,21
050,38,103,"North Dakota","Wells County",1,27,34,18,16
050,38,103,"North Dakota","Wells County",1,28,37,23,14
050,38,103,"North Dakota","Wells County",1,29,35,16,19
050,38,103,"North Dakota","Wells County",1,30,37,16,21
050,38,103,"North Dakota","Wells County",1,31,30,19,11
050,38,103,"North Dakota","Wells County",1,32,33,22,11
050,38,103,"North Dakota","Wells County",1,33,36,14,22
050,38,103,"North Dakota","Wells County",1,34,40,24,16
050,38,103,"North Dakota","Wells County",1,35,49,31,18
050,38,103,"North Dakota","Wells County",1,36,40,19,21
050,38,103,"North Dakota","Wells County",1,37,24,11,13
050,38,103,"North Dakota","Wells County",1,38,34,18,16
050,38,103,"North Dakota","Wells County",1,39,33,17,16
050,38,103,"North Dakota","Wells County",1,40,33,19,14
050,38,103,"North Dakota","Wells County",1,41,37,18,19
050,38,103,"North Dakota","Wells County",1,42,39,15,24
050,38,103,"North Dakota","Wells County",1,43,32,18,14
050,38,103,"North Dakota","Wells County",1,44,34,17,17
050,38,103,"North Dakota","Wells County",1,45,30,17,13
050,38,103,"North Dakota","Wells County",1,46,36,21,15
050,38,103,"North Dakota","Wells County",1,47,26,14,12
050,38,103,"North Dakota","Wells County",1,48,37,20,17
050,38,103,"North Dakota","Wells County",1,49,44,23,21
050,38,103,"North Dakota","Wells County",1,50,52,28,24
050,38,103,"North Dakota","Wells County",1,51,49,22,27
050,38,103,"North Dakota","Wells County",1,52,57,27,30
050,38,103,"North Dakota","Wells County",1,53,48,28,20
050,38,103,"North Dakota","Wells County",1,54,57,29,28
050,38,103,"North Dakota","Wells County",1,55,60,29,31
050,38,103,"North Dakota","Wells County",1,56,63,33,30
050,38,103,"North Dakota","Wells County",1,57,70,30,40
050,38,103,"North Dakota","Wells County",1,58,73,32,41
050,38,103,"North Dakota","Wells County",1,59,68,33,35
050,38,103,"North Dakota","Wells County",1,60,71,33,38
050,38,103,"North Dakota","Wells County",1,61,77,42,35
050,38,103,"North Dakota","Wells County",1,62,69,40,29
050,38,103,"North Dakota","Wells County",1,63,70,37,33
050,38,103,"North Dakota","Wells County",1,64,67,38,29
050,38,103,"North Dakota","Wells County",1,65,54,26,28
050,38,103,"North Dakota","Wells County",1,66,62,34,28
050,38,103,"North Dakota","Wells County",1,67,58,31,27
050,38,103,"North Dakota","Wells County",1,68,64,35,29
050,38,103,"North Dakota","Wells County",1,69,56,30,26
050,38,103,"North Dakota","Wells County",1,70,57,28,29
050,38,103,"North Dakota","Wells County",1,71,56,24,32
050,38,103,"North Dakota","Wells County",1,72,54,26,28
050,38,103,"North Dakota","Wells County",1,73,55,28,27
050,38,103,"North Dakota","Wells County",1,74,44,19,25
050,38,103,"North Dakota","Wells County",1,75,40,17,23
050,38,103,"North Dakota","Wells County",1,76,44,24,20
050,38,103,"North Dakota","Wells County",1,77,45,23,22
050,38,103,"North Dakota","Wells County",1,78,41,20,21
050,38,103,"North Dakota","Wells County",1,79,34,18,16
050,38,103,"North Dakota","Wells County",1,80,33,17,16
050,38,103,"North Dakota","Wells County",1,81,37,21,16
050,38,103,"North Dakota","Wells County",1,82,28,14,14
050,38,103,"North Dakota","Wells County",1,83,27,14,13
050,38,103,"North Dakota","Wells County",1,84,30,13,17
050,38,103,"North Dakota","Wells County",1,85,179,66,113
050,38,103,"North Dakota","Wells County",2,0,42,17,25
050,38,103,"North Dakota","Wells County",2,1,41,20,21
050,38,103,"North Dakota","Wells County",2,2,47,22,25
050,38,103,"North Dakota","Wells County",2,3,44,23,21
050,38,103,"North Dakota","Wells County",2,4,45,25,20
050,38,103,"North Dakota","Wells County",2,5,45,25,20
050,38,103,"North Dakota","Wells County",2,6,42,21,21
050,38,103,"North Dakota","Wells County",2,7,46,25,21
050,38,103,"North Dakota","Wells County",2,8,46,24,22
050,38,103,"North Dakota","Wells County",2,9,51,26,25
050,38,103,"North Dakota","Wells County",2,10,48,25,23
050,38,103,"North Dakota","Wells County",2,11,47,25,22
050,38,103,"North Dakota","Wells County",2,12,47,24,23
050,38,103,"North Dakota","Wells County",2,13,48,28,20
050,38,103,"North Dakota","Wells County",2,14,47,28,19
050,38,103,"North Dakota","Wells County",2,15,44,24,20
050,38,103,"North Dakota","Wells County",2,16,48,25,23
050,38,103,"North Dakota","Wells County",2,17,48,21,27
050,38,103,"North Dakota","Wells County",2,18,42,19,23
050,38,103,"North Dakota","Wells County",2,19,35,19,16
050,38,103,"North Dakota","Wells County",2,20,38,21,17
050,38,103,"North Dakota","Wells County",2,21,29,17,12
050,38,103,"North Dakota","Wells County",2,22,29,16,13
050,38,103,"North Dakota","Wells County",2,23,34,18,16
050,38,103,"North Dakota","Wells County",2,24,26,14,12
050,38,103,"North Dakota","Wells County",2,25,29,14,15
050,38,103,"North Dakota","Wells County",2,26,33,13,20
050,38,103,"North Dakota","Wells County",2,27,33,17,16
050,38,103,"North Dakota","Wells County",2,28,37,22,15
050,38,103,"North Dakota","Wells County",2,29,36,18,18
050,38,103,"North Dakota","Wells County",2,30,37,16,21
050,38,103,"North Dakota","Wells County",2,31,32,19,13
050,38,103,"North Dakota","Wells County",2,32,32,21,11
050,38,103,"North Dakota","Wells County",2,33,35,15,20
050,38,103,"North Dakota","Wells County",2,34,39,22,17
050,38,103,"North Dakota","Wells County",2,35,47,30,17
050,38,103,"North Dakota","Wells County",2,36,41,21,20
050,38,103,"North Dakota","Wells County",2,37,28,13,15
050,38,103,"North Dakota","Wells County",2,38,32,16,16
050,38,103,"North Dakota","Wells County",2,39,32,17,15
050,38,103,"North Dakota","Wells County",2,40,33,18,15
050,38,103,"North Dakota","Wells County",2,41,36,18,18
050,38,103,"North Dakota","Wells County",2,42,38,16,22
050,38,103,"North Dakota","Wells County",2,43,33,17,16
050,38,103,"North Dakota","Wells County",2,44,33,17,16
050,38,103,"North Dakota","Wells County",2,45,31,17,14
050,38,103,"North Dakota","Wells County",2,46,35,20,15
050,38,103,"North Dakota","Wells County",2,47,29,16,13
050,38,103,"North Dakota","Wells County",2,48,34,19,15
050,38,103,"North Dakota","Wells County",2,49,44,23,21
050,38,103,"North Dakota","Wells County",2,50,49,26,23
050,38,103,"North Dakota","Wells County",2,51,50,24,26
050,38,103,"North Dakota","Wells County",2,52,55,26,29
050,38,103,"North Dakota","Wells County",2,53,49,27,22
050,38,103,"North Dakota","Wells County",2,54,54,28,26
050,38,103,"North Dakota","Wells County",2,55,59,29,30
050,38,103,"North Dakota","Wells County",2,56,62,32,30
050,38,103,"North Dakota","Wells County",2,57,69,31,38
050,38,103,"North Dakota","Wells County",2,58,73,32,41
050,38,103,"North Dakota","Wells County",2,59,70,33,37
050,38,103,"North Dakota","Wells County",2,60,71,33,38
050,38,103,"North Dakota","Wells County",2,61,75,39,36
050,38,103,"North Dakota","Wells County",2,62,70,40,30
050,38,103,"North Dakota","Wells County",2,63,71,38,33
050,38,103,"North Dakota","Wells County",2,64,65,36,29
050,38,103,"North Dakota","Wells County",2,65,57,29,28
050,38,103,"North Dakota","Wells County",2,66,60,32,28
050,38,103,"North Dakota","Wells County",2,67,59,32,27
050,38,103,"North Dakota","Wells County",2,68,62,34,28
050,38,103,"North Dakota","Wells County",2,69,57,31,26
050,38,103,"North Dakota","Wells County",2,70,55,27,28
050,38,103,"North Dakota","Wells County",2,71,57,26,31
050,38,103,"North Dakota","Wells County",2,72,54,25,29
050,38,103,"North Dakota","Wells County",2,73,58,29,29
050,38,103,"North Dakota","Wells County",2,74,43,19,24
050,38,103,"North Dakota","Wells County",2,75,42,18,24
050,38,103,"North Dakota","Wells County",2,76,42,22,20
050,38,103,"North Dakota","Wells County",2,77,45,23,22
050,38,103,"North Dakota","Wells County",2,78,41,20,21
050,38,103,"North Dakota","Wells County",2,79,35,18,17
050,38,103,"North Dakota","Wells County",2,80,34,18,16
050,38,103,"North Dakota","Wells County",2,81,36,20,16
050,38,103,"North Dakota","Wells County",2,82,29,15,14
050,38,103,"North Dakota","Wells County",2,83,28,14,14
050,38,103,"North Dakota","Wells County",2,84,29,13,16
050,38,103,"North Dakota","Wells County",2,85,179,65,114
050,38,103,"North Dakota","Wells County",3,0,32,16,16
050,38,103,"North Dakota","Wells County",3,1,43,21,22
050,38,103,"North Dakota","Wells County",3,2,42,18,24
050,38,103,"North Dakota","Wells County",3,3,49,24,25
050,38,103,"North Dakota","Wells County",3,4,42,24,18
050,38,103,"North Dakota","Wells County",3,5,46,27,19
050,38,103,"North Dakota","Wells County",3,6,41,21,20
050,38,103,"North Dakota","Wells County",3,7,41,21,20
050,38,103,"North Dakota","Wells County",3,8,50,26,24
050,38,103,"North Dakota","Wells County",3,9,45,25,20
050,38,103,"North Dakota","Wells County",3,10,49,24,25
050,38,103,"North Dakota","Wells County",3,11,48,27,21
050,38,103,"North Dakota","Wells County",3,12,47,24,23
050,38,103,"North Dakota","Wells County",3,13,47,24,23
050,38,103,"North Dakota","Wells County",3,14,49,27,22
050,38,103,"North Dakota","Wells County",3,15,43,28,15
050,38,103,"North Dakota","Wells County",3,16,40,22,18
050,38,103,"North Dakota","Wells County",3,17,47,26,21
050,38,103,"North Dakota","Wells County",3,18,41,20,21
050,38,103,"North Dakota","Wells County",3,19,27,12,15
050,38,103,"North Dakota","Wells County",3,20,30,14,16
050,38,103,"North Dakota","Wells County",3,21,37,20,17
050,38,103,"North Dakota","Wells County",3,22,29,18,11
050,38,103,"North Dakota","Wells County",3,23,30,19,11
050,38,103,"North Dakota","Wells County",3,24,31,19,12
050,38,103,"North Dakota","Wells County",3,25,26,14,12
050,38,103,"North Dakota","Wells County",3,26,28,16,12
050,38,103,"North Dakota","Wells County",3,27,26,11,15
050,38,103,"North Dakota","Wells County",3,28,40,22,18
050,38,103,"North Dakota","Wells County",3,29,34,19,15
050,38,103,"North Dakota","Wells County",3,30,40,19,21
050,38,103,"North Dakota","Wells County",3,31,39,21,18
050,38,103,"North Dakota","Wells County",3,32,33,17,16
050,38,103,"North Dakota","Wells County",3,33,36,22,14
050,38,103,"North Dakota","Wells County",3,34,36,15,21
050,38,103,"North Dakota","Wells County",3,35,42,23,19
050,38,103,"North Dakota","Wells County",3,36,46,30,16
050,38,103,"North Dakota","Wells County",3,37,41,20,21
050,38,103,"North Dakota","Wells County",3,38,30,14,16
050,38,103,"North Dakota","Wells County",3,39,38,18,20
050,38,103,"North Dakota","Wells County",3,40,33,16,17
050,38,103,"North Dakota","Wells County",3,41,28,17,11
050,38,103,"North Dakota","Wells County",3,42,36,18,18
050,38,103,"North Dakota","Wells County",3,43,38,17,21
050,38,103,"North Dakota","Wells County",3,44,31,17,14
050,38,103,"North Dakota","Wells County",3,45,29,13,16
050,38,103,"North Dakota","Wells County",3,46,31,17,14
050,38,103,"North Dakota","Wells County",3,47,33,16,17
050,38,103,"North Dakota","Wells County",3,48,29,16,13
050,38,103,"North Dakota","Wells County",3,49,31,18,13
050,38,103,"North Dakota","Wells County",3,50,43,23,20
050,38,103,"North Dakota","Wells County",3,51,50,27,23
050,38,103,"North Dakota","Wells County",3,52,57,26,31
050,38,103,"North Dakota","Wells County",3,53,54,24,30
050,38,103,"North Dakota","Wells County",3,54,49,27,22
050,38,103,"North Dakota","Wells County",3,55,56,29,27
050,38,103,"North Dakota","Wells County",3,56,57,28,29
050,38,103,"North Dakota","Wells County",3,57,61,33,28
050,38,103,"North Dakota","Wells County",3,58,67,29,38
050,38,103,"North Dakota","Wells County",3,59,67,31,36
050,38,103,"North Dakota","Wells County",3,60,71,33,38
050,38,103,"North Dakota","Wells County",3,61,72,32,40
050,38,103,"North Dakota","Wells County",3,62,76,41,35
050,38,103,"North Dakota","Wells County",3,63,71,41,30
050,38,103,"North Dakota","Wells County",3,64,77,42,35
050,38,103,"North Dakota","Wells County",3,65,66,36,30
050,38,103,"North Dakota","Wells County",3,66,54,27,27
050,38,103,"North Dakota","Wells County",3,67,60,32,28
050,38,103,"North Dakota","Wells County",3,68,57,30,27
050,38,103,"North Dakota","Wells County",3,69,62,36,26
050,38,103,"North Dakota","Wells County",3,70,54,31,23
050,38,103,"North Dakota","Wells County",3,71,52,23,29
050,38,103,"North Dakota","Wells County",3,72,54,23,31
050,38,103,"North Dakota","Wells County",3,73,55,27,28
050,38,103,"North Dakota","Wells County",3,74,53,26,27
050,38,103,"North Dakota","Wells County",3,75,42,20,22
050,38,103,"North Dakota","Wells County",3,76,40,17,23
050,38,103,"North Dakota","Wells County",3,77,36,18,18
050,38,103,"North Dakota","Wells County",3,78,43,21,22
050,38,103,"North Dakota","Wells County",3,79,36,16,20
050,38,103,"North Dakota","Wells County",3,80,37,18,19
050,38,103,"North Dakota","Wells County",3,81,28,13,15
050,38,103,"North Dakota","Wells County",3,82,29,16,13
050,38,103,"North Dakota","Wells County",3,83,29,13,16
050,38,103,"North Dakota","Wells County",3,84,28,14,14
050,38,103,"North Dakota","Wells County",3,85,180,67,113
050,38,103,"North Dakota","Wells County",4,0,32,18,14
050,38,103,"North Dakota","Wells County",4,1,39,21,18
050,38,103,"North Dakota","Wells County",4,2,43,22,21
050,38,103,"North Dakota","Wells County",4,3,41,18,23
050,38,103,"North Dakota","Wells County",4,4,48,21,27
050,38,103,"North Dakota","Wells County",4,5,42,25,17
050,38,103,"North Dakota","Wells County",4,6,48,29,19
050,38,103,"North Dakota","Wells County",4,7,44,21,23
050,38,103,"North Dakota","Wells County",4,8,40,20,20
050,38,103,"North Dakota","Wells County",4,9,52,26,26
050,38,103,"North Dakota","Wells County",4,10,44,25,19
050,38,103,"North Dakota","Wells County",4,11,53,25,28
050,38,103,"North Dakota","Wells County",4,12,51,27,24
050,38,103,"North Dakota","Wells County",4,13,52,27,25
050,38,103,"North Dakota","Wells County",4,14,47,24,23
050,38,103,"North Dakota","Wells County",4,15,52,30,22
050,38,103,"North Dakota","Wells County",4,16,53,33,20
050,38,103,"North Dakota","Wells County",4,17,44,25,19
050,38,103,"North Dakota","Wells County",4,18,43,25,18
050,38,103,"North Dakota","Wells County",4,19,33,16,17
050,38,103,"North Dakota","Wells County",4,20,30,14,16
050,38,103,"North Dakota","Wells County",4,21,36,18,18
050,38,103,"North Dakota","Wells County",4,22,34,19,15
050,38,103,"North Dakota","Wells County",4,23,27,16,11
050,38,103,"North Dakota","Wells County",4,24,33,22,11
050,38,103,"North Dakota","Wells County",4,25,34,21,13
050,38,103,"North Dakota","Wells County",4,26,27,14,13
050,38,103,"North Dakota","Wells County",4,27,27,16,11
050,38,103,"North Dakota","Wells County",4,28,28,13,15
050,38,103,"North Dakota","Wells County",4,29,38,20,18
050,38,103,"North Dakota","Wells County",4,30,33,19,14
050,38,103,"North Dakota","Wells County",4,31,39,19,20
050,38,103,"North Dakota","Wells County",4,32,37,19,18
050,38,103,"North Dakota","Wells County",4,33,33,17,16
050,38,103,"North Dakota","Wells County",4,34,34,21,13
050,38,103,"North Dakota","Wells County",4,35,38,17,21
050,38,103,"North Dakota","Wells County",4,36,46,26,20
050,38,103,"North Dakota","Wells County",4,37,45,29,16
050,38,103,"North Dakota","Wells County",4,38,38,18,20
050,38,103,"North Dakota","Wells County",4,39,29,12,17
050,38,103,"North Dakota","Wells County",4,40,38,15,23
050,38,103,"North Dakota","Wells County",4,41,34,19,15
050,38,103,"North Dakota","Wells County",4,42,27,18,9
050,38,103,"North Dakota","Wells County",4,43,36,19,17
050,38,103,"North Dakota","Wells County",4,44,38,16,22
050,38,103,"North Dakota","Wells County",4,45,35,17,18
050,38,103,"North Dakota","Wells County",4,46,30,14,16
050,38,103,"North Dakota","Wells County",4,47,34,20,14
050,38,103,"North Dakota","Wells County",4,48,39,19,20
050,38,103,"North Dakota","Wells County",4,49,30,17,13
050,38,103,"North Dakota","Wells County",4,50,32,20,12
050,38,103,"North Dakota","Wells County",4,51,42,20,22
050,38,103,"North Dakota","Wells County",4,52,50,27,23
050,38,103,"North Dakota","Wells County",4,53,56,27,29
050,38,103,"North Dakota","Wells County",4,54,54,25,29
050,38,103,"North Dakota","Wells County",4,55,50,28,22
050,38,103,"North Dakota","Wells County",4,56,55,28,27
050,38,103,"North Dakota","Wells County",4,57,59,29,30
050,38,103,"North Dakota","Wells County",4,58,60,32,28
050,38,103,"North Dakota","Wells County",4,59,65,30,35
050,38,103,"North Dakota","Wells County",4,60,69,31,38
050,38,103,"North Dakota","Wells County",4,61,73,33,40
050,38,103,"North Dakota","Wells County",4,62,73,32,41
050,38,103,"North Dakota","Wells County",4,63,76,41,35
050,38,103,"North Dakota","Wells County",4,64,71,41,30
050,38,103,"North Dakota","Wells County",4,65,77,42,35
050,38,103,"North Dakota","Wells County",4,66,61,32,29
050,38,103,"North Dakota","Wells County",4,67,52,26,26
050,38,103,"North Dakota","Wells County",4,68,60,32,28
050,38,103,"North Dakota","Wells County",4,69,55,29,26
050,38,103,"North Dakota","Wells County",4,70,63,36,27
050,38,103,"North Dakota","Wells County",4,71,51,28,23
050,38,103,"North Dakota","Wells County",4,72,51,22,29
050,38,103,"North Dakota","Wells County",4,73,56,24,32
050,38,103,"North Dakota","Wells County",4,74,53,25,28
050,38,103,"North Dakota","Wells County",4,75,51,27,24
050,38,103,"North Dakota","Wells County",4,76,44,22,22
050,38,103,"North Dakota","Wells County",4,77,37,15,22
050,38,103,"North Dakota","Wells County",4,78,36,18,18
050,38,103,"North Dakota","Wells County",4,79,37,21,16
050,38,103,"North Dakota","Wells County",4,80,32,15,17
050,38,103,"North Dakota","Wells County",4,81,36,17,19
050,38,103,"North Dakota","Wells County",4,82,27,13,14
050,38,103,"North Dakota","Wells County",4,83,27,14,13
050,38,103,"North Dakota","Wells County",4,84,27,13,14
050,38,103,"North Dakota","Wells County",4,85,176,65,111
050,38,103,"North Dakota","Wells County",5,0,29,16,13
050,38,103,"North Dakota","Wells County",5,1,34,18,16
050,38,103,"North Dakota","Wells County",5,2,39,21,18
050,38,103,"North Dakota","Wells County",5,3,43,23,20
050,38,103,"North Dakota","Wells County",5,4,42,18,24
050,38,103,"North Dakota","Wells County",5,5,50,21,29
050,38,103,"North Dakota","Wells County",5,6,42,26,16
050,38,103,"North Dakota","Wells County",5,7,42,25,17
050,38,103,"North Dakota","Wells County",5,8,45,22,23
050,38,103,"North Dakota","Wells County",5,9,40,21,19
050,38,103,"North Dakota","Wells County",5,10,52,25,27
050,38,103,"North Dakota","Wells County",5,11,48,25,23
050,38,103,"North Dakota","Wells County",5,12,52,24,28
050,38,103,"North Dakota","Wells County",5,13,53,28,25
050,38,103,"North Dakota","Wells County",5,14,54,28,26
050,38,103,"North Dakota","Wells County",5,15,48,26,22
050,38,103,"North Dakota","Wells County",5,16,48,26,22
050,38,103,"North Dakota","Wells County",5,17,56,33,23
050,38,103,"North Dakota","Wells County",5,18,36,20,16
050,38,103,"North Dakota","Wells County",5,19,35,18,17
050,38,103,"North Dakota","Wells County",5,20,33,14,19
050,38,103,"North Dakota","Wells County",5,21,28,14,14
050,38,103,"North Dakota","Wells County",5,22,33,17,16
050,38,103,"North Dakota","Wells County",5,23,35,22,13
050,38,103,"North Dakota","Wells County",5,24,31,18,13
050,38,103,"North Dakota","Wells County",5,25,28,17,11
050,38,103,"North Dakota","Wells County",5,26,31,20,11
050,38,103,"North Dakota","Wells County",5,27,24,12,12
050,38,103,"North Dakota","Wells County",5,28,26,15,11
050,38,103,"North Dakota","Wells County",5,29,28,12,16
050,38,103,"North Dakota","Wells County",5,30,35,19,16
050,38,103,"North Dakota","Wells County",5,31,37,22,15
050,38,103,"North Dakota","Wells County",5,32,40,20,20
050,38,103,"North Dakota","Wells County",5,33,37,19,18
050,38,103,"North Dakota","Wells County",5,34,38,18,20
050,38,103,"North Dakota","Wells County",5,35,34,21,13
050,38,103,"North Dakota","Wells County",5,36,36,18,18
050,38,103,"North Dakota","Wells County",5,37,46,25,21
050,38,103,"North Dakota","Wells County",5,38,47,31,16
050,38,103,"North Dakota","Wells County",5,39,39,19,20
050,38,103,"North Dakota","Wells County",5,40,34,16,18
050,38,103,"North Dakota","Wells County",5,41,38,13,25
050,38,103,"North Dakota","Wells County",5,42,35,16,19
050,38,103,"North Dakota","Wells County",5,43,29,19,10
050,38,103,"North Dakota","Wells County",5,44,34,17,17
050,38,103,"North Dakota","Wells County",5,45,41,19,22
050,38,103,"North Dakota","Wells County",5,46,34,18,16
050,38,103,"North Dakota","Wells County",5,47,31,14,17
050,38,103,"North Dakota","Wells County",5,48,40,22,18
050,38,103,"North Dakota","Wells County",5,49,39,19,20
050,38,103,"North Dakota","Wells County",5,50,31,17,14
050,38,103,"North Dakota","Wells County",5,51,32,20,12
050,38,103,"North Dakota","Wells County",5,52,42,19,23
050,38,103,"North Dakota","Wells County",5,53,46,23,23
050,38,103,"North Dakota","Wells County",5,54,56,27,29
050,38,103,"North Dakota","Wells County",5,55,58,28,30
050,38,103,"North Dakota","Wells County",5,56,49,28,21
050,38,103,"North Dakota","Wells County",5,57,54,27,27
050,38,103,"North Dakota","Wells County",5,58,56,28,28
050,38,103,"North Dakota","Wells County",5,59,58,32,26
050,38,103,"North Dakota","Wells County",5,60,65,30,35
050,38,103,"North Dakota","Wells County",5,61,69,30,39
050,38,103,"North Dakota","Wells County",5,62,69,32,37
050,38,103,"North Dakota","Wells County",5,63,72,32,40
050,38,103,"North Dakota","Wells County",5,64,75,40,35
050,38,103,"North Dakota","Wells County",5,65,71,40,31
050,38,103,"North Dakota","Wells County",5,66,76,42,34
050,38,103,"North Dakota","Wells County",5,67,60,32,28
050,38,103,"North Dakota","Wells County",5,68,53,26,27
050,38,103,"North Dakota","Wells County",5,69,59,32,27
050,38,103,"North Dakota","Wells County",5,70,54,28,26
050,38,103,"North Dakota","Wells County",5,71,60,34,26
050,38,103,"North Dakota","Wells County",5,72,45,23,22
050,38,103,"North Dakota","Wells County",5,73,50,23,27
050,38,103,"North Dakota","Wells County",5,74,52,22,30
050,38,103,"North Dakota","Wells County",5,75,50,26,24
050,38,103,"North Dakota","Wells County",5,76,49,26,23
050,38,103,"North Dakota","Wells County",5,77,39,18,21
050,38,103,"North Dakota","Wells County",5,78,37,15,22
050,38,103,"North Dakota","Wells County",5,79,34,18,16
050,38,103,"North Dakota","Wells County",5,80,37,21,16
050,38,103,"North Dakota","Wells County",5,81,31,14,17
050,38,103,"North Dakota","Wells County",5,82,30,15,15
050,38,103,"North Dakota","Wells County",5,83,27,13,14
050,38,103,"North Dakota","Wells County",5,84,27,14,13
050,38,103,"North Dakota","Wells County",5,85,174,61,113
050,38,105,"North Dakota","Williams County",1,0,875,451,424
050,38,105,"North Dakota","Williams County",1,1,779,419,360
050,38,105,"North Dakota","Williams County",1,2,781,417,364
050,38,105,"North Dakota","Williams County",1,3,810,436,374
050,38,105,"North Dakota","Williams County",1,4,824,417,407
050,38,105,"North Dakota","Williams County",1,5,775,387,388
050,38,105,"North Dakota","Williams County",1,6,698,356,342
050,38,105,"North Dakota","Williams County",1,7,695,353,342
050,38,105,"North Dakota","Williams County",1,8,678,344,334
050,38,105,"North Dakota","Williams County",1,9,637,322,315
050,38,105,"North Dakota","Williams County",1,10,659,339,320
050,38,105,"North Dakota","Williams County",1,11,685,349,336
050,38,105,"North Dakota","Williams County",1,12,675,341,334
050,38,105,"North Dakota","Williams County",1,13,584,301,283
050,38,105,"North Dakota","Williams County",1,14,562,283,279
050,38,105,"North Dakota","Williams County",1,15,555,292,263
050,38,105,"North Dakota","Williams County",1,16,558,280,278
050,38,105,"North Dakota","Williams County",1,17,497,241,256
050,38,105,"North Dakota","Williams County",1,18,422,221,201
050,38,105,"North Dakota","Williams County",1,19,411,238,173
050,38,105,"North Dakota","Williams County",1,20,461,259,202
050,38,105,"North Dakota","Williams County",1,21,452,263,189
050,38,105,"North Dakota","Williams County",1,22,492,251,241
050,38,105,"North Dakota","Williams County",1,23,521,278,243
050,38,105,"North Dakota","Williams County",1,24,624,354,270
050,38,105,"North Dakota","Williams County",1,25,678,372,306
050,38,105,"North Dakota","Williams County",1,26,741,385,356
050,38,105,"North Dakota","Williams County",1,27,842,466,376
050,38,105,"North Dakota","Williams County",1,28,832,475,357
050,38,105,"North Dakota","Williams County",1,29,833,472,361
050,38,105,"North Dakota","Williams County",1,30,828,472,356
050,38,105,"North Dakota","Williams County",1,31,812,481,331
050,38,105,"North Dakota","Williams County",1,32,773,454,319
050,38,105,"North Dakota","Williams County",1,33,758,422,336
050,38,105,"North Dakota","Williams County",1,34,741,424,317
050,38,105,"North Dakota","Williams County",1,35,720,406,314
050,38,105,"North Dakota","Williams County",1,36,605,324,281
050,38,105,"North Dakota","Williams County",1,37,621,351,270
050,38,105,"North Dakota","Williams County",1,38,548,315,233
050,38,105,"North Dakota","Williams County",1,39,580,323,257
050,38,105,"North Dakota","Williams County",1,40,534,305,229
050,38,105,"North Dakota","Williams County",1,41,476,274,202
050,38,105,"North Dakota","Williams County",1,42,468,267,201
050,38,105,"North Dakota","Williams County",1,43,452,267,185
050,38,105,"North Dakota","Williams County",1,44,448,274,174
050,38,105,"North Dakota","Williams County",1,45,468,271,197
050,38,105,"North Dakota","Williams County",1,46,366,223,143
050,38,105,"North Dakota","Williams County",1,47,371,215,156
050,38,105,"North Dakota","Williams County",1,48,401,221,180
050,38,105,"North Dakota","Williams County",1,49,453,255,198
050,38,105,"North Dakota","Williams County",1,50,412,222,190
050,38,105,"North Dakota","Williams County",1,51,424,246,178
050,38,105,"North Dakota","Williams County",1,52,419,237,182
050,38,105,"North Dakota","Williams County",1,53,410,218,192
050,38,105,"North Dakota","Williams County",1,54,401,211,190
050,38,105,"North Dakota","Williams County",1,55,436,224,212
050,38,105,"North Dakota","Williams County",1,56,434,219,215
050,38,105,"North Dakota","Williams County",1,57,446,238,208
050,38,105,"North Dakota","Williams County",1,58,438,246,192
050,38,105,"North Dakota","Williams County",1,59,409,234,175
050,38,105,"North Dakota","Williams County",1,60,425,251,174
050,38,105,"North Dakota","Williams County",1,61,414,246,168
050,38,105,"North Dakota","Williams County",1,62,420,251,169
050,38,105,"North Dakota","Williams County",1,63,399,221,178
050,38,105,"North Dakota","Williams County",1,64,350,186,164
050,38,105,"North Dakota","Williams County",1,65,333,180,153
050,38,105,"North Dakota","Williams County",1,66,292,165,127
050,38,105,"North Dakota","Williams County",1,67,286,151,135
050,38,105,"North Dakota","Williams County",1,68,236,127,109
050,38,105,"North Dakota","Williams County",1,69,218,122,96
050,38,105,"North Dakota","Williams County",1,70,206,110,96
050,38,105,"North Dakota","Williams County",1,71,176,90,86
050,38,105,"North Dakota","Williams County",1,72,153,83,70
050,38,105,"North Dakota","Williams County",1,73,157,71,86
050,38,105,"North Dakota","Williams County",1,74,128,57,71
050,38,105,"North Dakota","Williams County",1,75,117,55,62
050,38,105,"North Dakota","Williams County",1,76,108,47,61
050,38,105,"North Dakota","Williams County",1,77,109,49,60
050,38,105,"North Dakota","Williams County",1,78,104,49,55
050,38,105,"North Dakota","Williams County",1,79,91,38,53
050,38,105,"North Dakota","Williams County",1,80,93,38,55
050,38,105,"North Dakota","Williams County",1,81,93,35,58
050,38,105,"North Dakota","Williams County",1,82,80,37,43
050,38,105,"North Dakota","Williams County",1,83,79,34,45
050,38,105,"North Dakota","Williams County",1,84,76,34,42
050,38,105,"North Dakota","Williams County",1,85,514,167,347
050,38,105,"North Dakota","Williams County",2,0,845,432,413
050,38,105,"North Dakota","Williams County",2,1,802,426,376
050,38,105,"North Dakota","Williams County",2,2,787,420,367
050,38,105,"North Dakota","Williams County",2,3,804,429,375
050,38,105,"North Dakota","Williams County",2,4,829,428,401
050,38,105,"North Dakota","Williams County",2,5,790,398,392
050,38,105,"North Dakota","Williams County",2,6,725,365,360
050,38,105,"North Dakota","Williams County",2,7,703,358,345
050,38,105,"North Dakota","Williams County",2,8,678,343,335
050,38,105,"North Dakota","Williams County",2,9,647,326,321
050,38,105,"North Dakota","Williams County",2,10,650,335,315
050,38,105,"North Dakota","Williams County",2,11,673,344,329
050,38,105,"North Dakota","Williams County",2,12,682,347,335
050,38,105,"North Dakota","Williams County",2,13,607,310,297
050,38,105,"North Dakota","Williams County",2,14,567,287,280
050,38,105,"North Dakota","Williams County",2,15,557,289,268
050,38,105,"North Dakota","Williams County",2,16,559,286,273
050,38,105,"North Dakota","Williams County",2,17,515,253,262
050,38,105,"North Dakota","Williams County",2,18,428,223,205
050,38,105,"North Dakota","Williams County",2,19,414,238,176
050,38,105,"North Dakota","Williams County",2,20,461,262,199
050,38,105,"North Dakota","Williams County",2,21,450,257,193
050,38,105,"North Dakota","Williams County",2,22,497,262,235
050,38,105,"North Dakota","Williams County",2,23,533,285,248
050,38,105,"North Dakota","Williams County",2,24,609,340,269
050,38,105,"North Dakota","Williams County",2,25,677,374,303
050,38,105,"North Dakota","Williams County",2,26,740,393,347
050,38,105,"North Dakota","Williams County",2,27,829,455,374
050,38,105,"North Dakota","Williams County",2,28,836,474,362
050,38,105,"North Dakota","Williams County",2,29,838,476,362
050,38,105,"North Dakota","Williams County",2,30,839,479,360
050,38,105,"North Dakota","Williams County",2,31,811,474,337
050,38,105,"North Dakota","Williams County",2,32,777,455,322
050,38,105,"North Dakota","Williams County",2,33,761,430,331
050,38,105,"North Dakota","Williams County",2,34,742,421,321
050,38,105,"North Dakota","Williams County",2,35,720,404,316
050,38,105,"North Dakota","Williams County",2,36,632,343,289
050,38,105,"North Dakota","Williams County",2,37,617,344,273
050,38,105,"North Dakota","Williams County",2,38,568,325,243
050,38,105,"North Dakota","Williams County",2,39,574,323,251
050,38,105,"North Dakota","Williams County",2,40,550,312,238
050,38,105,"North Dakota","Williams County",2,41,489,280,209
050,38,105,"North Dakota","Williams County",2,42,468,268,200
050,38,105,"North Dakota","Williams County",2,43,455,266,189
050,38,105,"North Dakota","Williams County",2,44,448,273,175
050,38,105,"North Dakota","Williams County",2,45,463,272,191
050,38,105,"North Dakota","Williams County",2,46,387,232,155
050,38,105,"North Dakota","Williams County",2,47,370,216,154
050,38,105,"North Dakota","Williams County",2,48,393,219,174
050,38,105,"North Dakota","Williams County",2,49,439,245,194
050,38,105,"North Dakota","Williams County",2,50,426,231,195
050,38,105,"North Dakota","Williams County",2,51,422,242,180
050,38,105,"North Dakota","Williams County",2,52,423,241,182
050,38,105,"North Dakota","Williams County",2,53,415,225,190
050,38,105,"North Dakota","Williams County",2,54,398,209,189
050,38,105,"North Dakota","Williams County",2,55,427,222,205
050,38,105,"North Dakota","Williams County",2,56,437,220,217
050,38,105,"North Dakota","Williams County",2,57,441,233,208
050,38,105,"North Dakota","Williams County",2,58,436,243,193
050,38,105,"North Dakota","Williams County",2,59,413,236,177
050,38,105,"North Dakota","Williams County",2,60,420,246,174
050,38,105,"North Dakota","Williams County",2,61,414,245,169
050,38,105,"North Dakota","Williams County",2,62,418,248,170
050,38,105,"North Dakota","Williams County",2,63,406,228,178
050,38,105,"North Dakota","Williams County",2,64,360,194,166
050,38,105,"North Dakota","Williams County",2,65,333,179,154
050,38,105,"North Dakota","Williams County",2,66,301,167,134
050,38,105,"North Dakota","Williams County",2,67,284,153,131
050,38,105,"North Dakota","Williams County",2,68,243,129,114
050,38,105,"North Dakota","Williams County",2,69,222,122,100
050,38,105,"North Dakota","Williams County",2,70,208,111,97
050,38,105,"North Dakota","Williams County",2,71,180,93,87
050,38,105,"North Dakota","Williams County",2,72,155,82,73
050,38,105,"North Dakota","Williams County",2,73,164,77,87
050,38,105,"North Dakota","Williams County",2,74,125,55,70
050,38,105,"North Dakota","Williams County",2,75,118,54,64
050,38,105,"North Dakota","Williams County",2,76,108,48,60
050,38,105,"North Dakota","Williams County",2,77,110,49,61
050,38,105,"North Dakota","Williams County",2,78,105,48,57
050,38,105,"North Dakota","Williams County",2,79,94,41,53
050,38,105,"North Dakota","Williams County",2,80,93,38,55
050,38,105,"North Dakota","Williams County",2,81,93,36,57
050,38,105,"North Dakota","Williams County",2,82,82,36,46
050,38,105,"North Dakota","Williams County",2,83,79,34,45
050,38,105,"North Dakota","Williams County",2,84,75,33,42
050,38,105,"North Dakota","Williams County",2,85,519,171,348
050,38,105,"North Dakota","Williams County",3,0,682,353,329
050,38,105,"North Dakota","Williams County",3,1,723,380,343
050,38,105,"North Dakota","Williams County",3,2,737,400,337
050,38,105,"North Dakota","Williams County",3,3,702,379,323
050,38,105,"North Dakota","Williams County",3,4,701,368,333
050,38,105,"North Dakota","Williams County",3,5,747,381,366
050,38,105,"North Dakota","Williams County",3,6,716,363,353
050,38,105,"North Dakota","Williams County",3,7,652,331,321
050,38,105,"North Dakota","Williams County",3,8,669,339,330
050,38,105,"North Dakota","Williams County",3,9,634,333,301
050,38,105,"North Dakota","Williams County",3,10,626,314,312
050,38,105,"North Dakota","Williams County",3,11,589,307,282
050,38,105,"North Dakota","Williams County",3,12,614,310,304
050,38,105,"North Dakota","Williams County",3,13,633,319,314
050,38,105,"North Dakota","Williams County",3,14,579,282,297
050,38,105,"North Dakota","Williams County",3,15,547,293,254
050,38,105,"North Dakota","Williams County",3,16,523,270,253
050,38,105,"North Dakota","Williams County",3,17,532,272,260
050,38,105,"North Dakota","Williams County",3,18,421,211,210
050,38,105,"North Dakota","Williams County",3,19,379,203,176
050,38,105,"North Dakota","Williams County",3,20,412,235,177
050,38,105,"North Dakota","Williams County",3,21,378,200,178
050,38,105,"North Dakota","Williams County",3,22,429,232,197
050,38,105,"North Dakota","Williams County",3,23,462,237,225
050,38,105,"North Dakota","Williams County",3,24,473,249,224
050,38,105,"North Dakota","Williams County",3,25,514,283,231
050,38,105,"North Dakota","Williams County",3,26,586,323,263
050,38,105,"North Dakota","Williams County",3,27,662,341,321
050,38,105,"North Dakota","Williams County",3,28,709,374,335
050,38,105,"North Dakota","Williams County",3,29,729,400,329
050,38,105,"North Dakota","Williams County",3,30,756,424,332
050,38,105,"North Dakota","Williams County",3,31,755,411,344
050,38,105,"North Dakota","Williams County",3,32,720,404,316
050,38,105,"North Dakota","Williams County",3,33,720,417,303
050,38,105,"North Dakota","Williams County",3,34,705,399,306
050,38,105,"North Dakota","Williams County",3,35,668,373,295
050,38,105,"North Dakota","Williams County",3,36,660,376,284
050,38,105,"North Dakota","Williams County",3,37,600,318,282
050,38,105,"North Dakota","Williams County",3,38,559,309,250
050,38,105,"North Dakota","Williams County",3,39,542,303,239
050,38,105,"North Dakota","Williams County",3,40,542,299,243
050,38,105,"North Dakota","Williams County",3,41,521,295,226
050,38,105,"North Dakota","Williams County",3,42,485,291,194
050,38,105,"North Dakota","Williams County",3,43,416,254,162
050,38,105,"North Dakota","Williams County",3,44,426,242,184
050,38,105,"North Dakota","Williams County",3,45,413,242,171
050,38,105,"North Dakota","Williams County",3,46,428,249,179
050,38,105,"North Dakota","Williams County",3,47,365,218,147
050,38,105,"North Dakota","Williams County",3,48,353,200,153
050,38,105,"North Dakota","Williams County",3,49,374,202,172
050,38,105,"North Dakota","Williams County",3,50,408,223,185
050,38,105,"North Dakota","Williams County",3,51,398,212,186
050,38,105,"North Dakota","Williams County",3,52,395,222,173
050,38,105,"North Dakota","Williams County",3,53,414,233,181
050,38,105,"North Dakota","Williams County",3,54,368,193,175
050,38,105,"North Dakota","Williams County",3,55,354,183,171
050,38,105,"North Dakota","Williams County",3,56,392,206,186
050,38,105,"North Dakota","Williams County",3,57,408,201,207
050,38,105,"North Dakota","Williams County",3,58,424,222,202
050,38,105,"North Dakota","Williams County",3,59,407,228,179
050,38,105,"North Dakota","Williams County",3,60,384,216,168
050,38,105,"North Dakota","Williams County",3,61,406,241,165
050,38,105,"North Dakota","Williams County",3,62,386,226,160
050,38,105,"North Dakota","Williams County",3,63,385,222,163
050,38,105,"North Dakota","Williams County",3,64,365,199,166
050,38,105,"North Dakota","Williams County",3,65,339,186,153
050,38,105,"North Dakota","Williams County",3,66,316,166,150
050,38,105,"North Dakota","Williams County",3,67,287,157,130
050,38,105,"North Dakota","Williams County",3,68,265,144,121
050,38,105,"North Dakota","Williams County",3,69,240,129,111
050,38,105,"North Dakota","Williams County",3,70,215,117,98
050,38,105,"North Dakota","Williams County",3,71,202,108,94
050,38,105,"North Dakota","Williams County",3,72,176,92,84
050,38,105,"North Dakota","Williams County",3,73,153,80,73
050,38,105,"North Dakota","Williams County",3,74,157,73,84
050,38,105,"North Dakota","Williams County",3,75,118,51,67
050,38,105,"North Dakota","Williams County",3,76,112,51,61
050,38,105,"North Dakota","Williams County",3,77,103,46,57
050,38,105,"North Dakota","Williams County",3,78,105,47,58
050,38,105,"North Dakota","Williams County",3,79,97,45,52
050,38,105,"North Dakota","Williams County",3,80,96,40,56
050,38,105,"North Dakota","Williams County",3,81,92,34,58
050,38,105,"North Dakota","Williams County",3,82,83,31,52
050,38,105,"North Dakota","Williams County",3,83,81,35,46
050,38,105,"North Dakota","Williams County",3,84,74,31,43
050,38,105,"North Dakota","Williams County",3,85,526,173,353
050,38,105,"North Dakota","Williams County",4,0,636,341,295
050,38,105,"North Dakota","Williams County",4,1,685,348,337
050,38,105,"North Dakota","Williams County",4,2,731,386,345
050,38,105,"North Dakota","Williams County",4,3,689,365,324
050,38,105,"North Dakota","Williams County",4,4,685,364,321
050,38,105,"North Dakota","Williams County",4,5,675,354,321
050,38,105,"North Dakota","Williams County",4,6,755,388,367
050,38,105,"North Dakota","Williams County",4,7,674,335,339
050,38,105,"North Dakota","Williams County",4,8,642,328,314
050,38,105,"North Dakota","Williams County",4,9,648,339,309
050,38,105,"North Dakota","Williams County",4,10,619,327,292
050,38,105,"North Dakota","Williams County",4,11,590,300,290
050,38,105,"North Dakota","Williams County",4,12,570,301,269
050,38,105,"North Dakota","Williams County",4,13,597,303,294
050,38,105,"North Dakota","Williams County",4,14,604,315,289
050,38,105,"North Dakota","Williams County",4,15,565,276,289
050,38,105,"North Dakota","Williams County",4,16,539,287,252
050,38,105,"North Dakota","Williams County",4,17,507,260,247
050,38,105,"North Dakota","Williams County",4,18,458,243,215
050,38,105,"North Dakota","Williams County",4,19,391,212,179
050,38,105,"North Dakota","Williams County",4,20,400,215,185
050,38,105,"North Dakota","Williams County",4,21,394,217,177
050,38,105,"North Dakota","Williams County",4,22,406,208,198
050,38,105,"North Dakota","Williams County",4,23,437,225,212
050,38,105,"North Dakota","Williams County",4,24,476,244,232
050,38,105,"North Dakota","Williams County",4,25,507,274,233
050,38,105,"North Dakota","Williams County",4,26,494,262,232
050,38,105,"North Dakota","Williams County",4,27,583,324,259
050,38,105,"North Dakota","Williams County",4,28,637,319,318
050,38,105,"North Dakota","Williams County",4,29,677,340,337
050,38,105,"North Dakota","Williams County",4,30,715,381,334
050,38,105,"North Dakota","Williams County",4,31,757,431,326
050,38,105,"North Dakota","Williams County",4,32,732,387,345
050,38,105,"North Dakota","Williams County",4,33,701,395,306
050,38,105,"North Dakota","Williams County",4,34,694,406,288
050,38,105,"North Dakota","Williams County",4,35,661,375,286
050,38,105,"North Dakota","Williams County",4,36,638,357,281
050,38,105,"North Dakota","Williams County",4,37,659,370,289
050,38,105,"North Dakota","Williams County",4,38,591,309,282
050,38,105,"North Dakota","Williams County",4,39,535,295,240
050,38,105,"North Dakota","Williams County",4,40,539,297,242
050,38,105,"North Dakota","Williams County",4,41,527,292,235
050,38,105,"North Dakota","Williams County",4,42,514,290,224
050,38,105,"North Dakota","Williams County",4,43,450,267,183
050,38,105,"North Dakota","Williams County",4,44,398,243,155
050,38,105,"North Dakota","Williams County",4,45,411,226,185
050,38,105,"North Dakota","Williams County",4,46,396,230,166
050,38,105,"North Dakota","Williams County",4,47,401,232,169
050,38,105,"North Dakota","Williams County",4,48,360,213,147
050,38,105,"North Dakota","Williams County",4,49,340,195,145
050,38,105,"North Dakota","Williams County",4,50,345,184,161
050,38,105,"North Dakota","Williams County",4,51,390,214,176
050,38,105,"North Dakota","Williams County",4,52,374,201,173
050,38,105,"North Dakota","Williams County",4,53,401,230,171
050,38,105,"North Dakota","Williams County",4,54,390,208,182
050,38,105,"North Dakota","Williams County",4,55,350,185,165
050,38,105,"North Dakota","Williams County",4,56,344,176,168
050,38,105,"North Dakota","Williams County",4,57,370,192,178
050,38,105,"North Dakota","Williams County",4,58,407,198,209
050,38,105,"North Dakota","Williams County",4,59,397,208,189
050,38,105,"North Dakota","Williams County",4,60,391,216,175
050,38,105,"North Dakota","Williams County",4,61,377,216,161
050,38,105,"North Dakota","Williams County",4,62,385,226,159
050,38,105,"North Dakota","Williams County",4,63,369,220,149
050,38,105,"North Dakota","Williams County",4,64,379,222,157
050,38,105,"North Dakota","Williams County",4,65,355,193,162
050,38,105,"North Dakota","Williams County",4,66,323,170,153
050,38,105,"North Dakota","Williams County",4,67,300,153,147
050,38,105,"North Dakota","Williams County",4,68,279,154,125
050,38,105,"North Dakota","Williams County",4,69,255,135,120
050,38,105,"North Dakota","Williams County",4,70,231,121,110
050,38,105,"North Dakota","Williams County",4,71,207,112,95
050,38,105,"North Dakota","Williams County",4,72,199,107,92
050,38,105,"North Dakota","Williams County",4,73,176,87,89
050,38,105,"North Dakota","Williams County",4,74,151,77,74
050,38,105,"North Dakota","Williams County",4,75,160,75,85
050,38,105,"North Dakota","Williams County",4,76,115,50,65
050,38,105,"North Dakota","Williams County",4,77,105,50,55
050,38,105,"North Dakota","Williams County",4,78,98,45,53
050,38,105,"North Dakota","Williams County",4,79,106,48,58
050,38,105,"North Dakota","Williams County",4,80,101,46,55
050,38,105,"North Dakota","Williams County",4,81,93,38,55
050,38,105,"North Dakota","Williams County",4,82,80,29,51
050,38,105,"North Dakota","Williams County",4,83,78,29,49
050,38,105,"North Dakota","Williams County",4,84,72,29,43
050,38,105,"North Dakota","Williams County",4,85,523,176,347
050,38,105,"North Dakota","Williams County",5,0,622,336,286
050,38,105,"North Dakota","Williams County",5,1,673,347,326
050,38,105,"North Dakota","Williams County",5,2,707,362,345
050,38,105,"North Dakota","Williams County",5,3,747,401,346
050,38,105,"North Dakota","Williams County",5,4,692,367,325
050,38,105,"North Dakota","Williams County",5,5,693,367,326
050,38,105,"North Dakota","Williams County",5,6,713,358,355
050,38,105,"North Dakota","Williams County",5,7,761,385,376
050,38,105,"North Dakota","Williams County",5,8,690,332,358
050,38,105,"North Dakota","Williams County",5,9,666,352,314
050,38,105,"North Dakota","Williams County",5,10,651,323,328
050,38,105,"North Dakota","Williams County",5,11,642,345,297
050,38,105,"North Dakota","Williams County",5,12,632,319,313
050,38,105,"North Dakota","Williams County",5,13,581,307,274
050,38,105,"North Dakota","Williams County",5,14,595,310,285
050,38,105,"North Dakota","Williams County",5,15,606,317,289
050,38,105,"North Dakota","Williams County",5,16,568,286,282
050,38,105,"North Dakota","Williams County",5,17,545,289,256
050,38,105,"North Dakota","Williams County",5,18,450,237,213
050,38,105,"North Dakota","Williams County",5,19,442,253,189
050,38,105,"North Dakota","Williams County",5,20,439,242,197
050,38,105,"North Dakota","Williams County",5,21,409,217,192
050,38,105,"North Dakota","Williams County",5,22,491,260,231
050,38,105,"North Dakota","Williams County",5,23,467,235,232
050,38,105,"North Dakota","Williams County",5,24,500,264,236
050,38,105,"North Dakota","Williams County",5,25,527,284,243
050,38,105,"North Dakota","Williams County",5,26,559,295,264
050,38,105,"North Dakota","Williams County",5,27,511,280,231
050,38,105,"North Dakota","Williams County",5,28,628,332,296
050,38,105,"North Dakota","Williams County",5,29,672,343,329
050,38,105,"North Dakota","Williams County",5,30,702,358,344
050,38,105,"North Dakota","Williams County",5,31,721,392,329
050,38,105,"North Dakota","Williams County",5,32,764,435,329
050,38,105,"North Dakota","Williams County",5,33,733,389,344
050,38,105,"North Dakota","Williams County",5,34,708,401,307
050,38,105,"North Dakota","Williams County",5,35,699,412,287
050,38,105,"North Dakota","Williams County",5,36,656,367,289
050,38,105,"North Dakota","Williams County",5,37,653,366,287
050,38,105,"North Dakota","Williams County",5,38,649,363,286
050,38,105,"North Dakota","Williams County",5,39,606,319,287
050,38,105,"North Dakota","Williams County",5,40,563,306,257
050,38,105,"North Dakota","Williams County",5,41,536,288,248
050,38,105,"North Dakota","Williams County",5,42,541,305,236
050,38,105,"North Dakota","Williams County",5,43,508,277,231
050,38,105,"North Dakota","Williams County",5,44,454,277,177
050,38,105,"North Dakota","Williams County",5,45,391,230,161
050,38,105,"North Dakota","Williams County",5,46,408,226,182
050,38,105,"North Dakota","Williams County",5,47,390,224,166
050,38,105,"North Dakota","Williams County",5,48,403,234,169
050,38,105,"North Dakota","Williams County",5,49,351,210,141
050,38,105,"North Dakota","Williams County",5,50,338,194,144
050,38,105,"North Dakota","Williams County",5,51,358,187,171
050,38,105,"North Dakota","Williams County",5,52,379,202,177
050,38,105,"North Dakota","Williams County",5,53,386,212,174
050,38,105,"North Dakota","Williams County",5,54,391,222,169
050,38,105,"North Dakota","Williams County",5,55,382,204,178
050,38,105,"North Dakota","Williams County",5,56,356,183,173
050,38,105,"North Dakota","Williams County",5,57,347,187,160
050,38,105,"North Dakota","Williams County",5,58,371,189,182
050,38,105,"North Dakota","Williams County",5,59,407,197,210
050,38,105,"North Dakota","Williams County",5,60,391,211,180
050,38,105,"North Dakota","Williams County",5,61,388,215,173
050,38,105,"North Dakota","Williams County",5,62,360,210,150
050,38,105,"North Dakota","Williams County",5,63,380,224,156
050,38,105,"North Dakota","Williams County",5,64,367,213,154
050,38,105,"North Dakota","Williams County",5,65,370,218,152
050,38,105,"North Dakota","Williams County",5,66,346,182,164
050,38,105,"North Dakota","Williams County",5,67,321,169,152
050,38,105,"North Dakota","Williams County",5,68,287,146,141
050,38,105,"North Dakota","Williams County",5,69,276,149,127
050,38,105,"North Dakota","Williams County",5,70,249,127,122
050,38,105,"North Dakota","Williams County",5,71,226,119,107
050,38,105,"North Dakota","Williams County",5,72,211,113,98
050,38,105,"North Dakota","Williams County",5,73,199,108,91
050,38,105,"North Dakota","Williams County",5,74,168,83,85
050,38,105,"North Dakota","Williams County",5,75,146,74,72
050,38,105,"North Dakota","Williams County",5,76,148,70,78
050,38,105,"North Dakota","Williams County",5,77,111,51,60
050,38,105,"North Dakota","Williams County",5,78,99,47,52
050,38,105,"North Dakota","Williams County",5,79,93,41,52
050,38,105,"North Dakota","Williams County",5,80,108,47,61
050,38,105,"North Dakota","Williams County",5,81,96,44,52
050,38,105,"North Dakota","Williams County",5,82,82,32,50
050,38,105,"North Dakota","Williams County",5,83,68,25,43
050,38,105,"North Dakota","Williams County",5,84,74,27,47
050,38,105,"North Dakota","Williams County",5,85,519,183,336

