"SUMLEV","STATE","COUNTY","STNAME","CTYNAME","YEAR","AGE","TOT_POP","TOT_MALE","TOT_FEMALE"
050,41,001,"Oregon","Baker County",1,0,158,83,75
050,41,001,"Oregon","Baker County",1,1,166,87,79
050,41,001,"Oregon","Baker County",1,2,166,86,80
050,41,001,"Oregon","Baker County",1,3,177,99,78
050,41,001,"Oregon","Baker County",1,4,166,83,83
050,41,001,"Oregon","Baker County",1,5,185,92,93
050,41,001,"Oregon","Baker County",1,6,199,102,97
050,41,001,"Oregon","Baker County",1,7,179,91,88
050,41,001,"Oregon","Baker County",1,8,203,113,90
050,41,001,"Oregon","Baker County",1,9,211,116,95
050,41,001,"Oregon","Baker County",1,10,184,92,92
050,41,001,"Oregon","Baker County",1,11,201,106,95
050,41,001,"Oregon","Baker County",1,12,213,101,112
050,41,001,"Oregon","Baker County",1,13,200,101,99
050,41,001,"Oregon","Baker County",1,14,194,110,84
050,41,001,"Oregon","Baker County",1,15,191,101,90
050,41,001,"Oregon","Baker County",1,16,162,93,69
050,41,001,"Oregon","Baker County",1,17,177,95,82
050,41,001,"Oregon","Baker County",1,18,159,91,68
050,41,001,"Oregon","Baker County",1,19,128,68,60
050,41,001,"Oregon","Baker County",1,20,107,59,48
050,41,001,"Oregon","Baker County",1,21,143,79,64
050,41,001,"Oregon","Baker County",1,22,126,68,58
050,41,001,"Oregon","Baker County",1,23,151,94,57
050,41,001,"Oregon","Baker County",1,24,165,86,79
050,41,001,"Oregon","Baker County",1,25,177,95,82
050,41,001,"Oregon","Baker County",1,26,158,86,72
050,41,001,"Oregon","Baker County",1,27,174,93,81
050,41,001,"Oregon","Baker County",1,28,161,91,70
050,41,001,"Oregon","Baker County",1,29,174,102,72
050,41,001,"Oregon","Baker County",1,30,186,98,88
050,41,001,"Oregon","Baker County",1,31,183,93,90
050,41,001,"Oregon","Baker County",1,32,184,93,91
050,41,001,"Oregon","Baker County",1,33,179,92,87
050,41,001,"Oregon","Baker County",1,34,204,106,98
050,41,001,"Oregon","Baker County",1,35,204,110,94
050,41,001,"Oregon","Baker County",1,36,209,105,104
050,41,001,"Oregon","Baker County",1,37,206,109,97
050,41,001,"Oregon","Baker County",1,38,189,108,81
050,41,001,"Oregon","Baker County",1,39,198,105,93
050,41,001,"Oregon","Baker County",1,40,195,103,92
050,41,001,"Oregon","Baker County",1,41,188,101,87
050,41,001,"Oregon","Baker County",1,42,152,88,64
050,41,001,"Oregon","Baker County",1,43,161,85,76
050,41,001,"Oregon","Baker County",1,44,165,83,82
050,41,001,"Oregon","Baker County",1,45,162,86,76
050,41,001,"Oregon","Baker County",1,46,154,81,73
050,41,001,"Oregon","Baker County",1,47,162,85,77
050,41,001,"Oregon","Baker County",1,48,170,92,78
050,41,001,"Oregon","Baker County",1,49,186,96,90
050,41,001,"Oregon","Baker County",1,50,194,104,90
050,41,001,"Oregon","Baker County",1,51,189,96,93
050,41,001,"Oregon","Baker County",1,52,169,84,85
050,41,001,"Oregon","Baker County",1,53,187,91,96
050,41,001,"Oregon","Baker County",1,54,201,93,108
050,41,001,"Oregon","Baker County",1,55,208,111,97
050,41,001,"Oregon","Baker County",1,56,225,115,110
050,41,001,"Oregon","Baker County",1,57,227,110,117
050,41,001,"Oregon","Baker County",1,58,250,133,117
050,41,001,"Oregon","Baker County",1,59,284,137,147
050,41,001,"Oregon","Baker County",1,60,274,117,157
050,41,001,"Oregon","Baker County",1,61,260,128,132
050,41,001,"Oregon","Baker County",1,62,281,137,144
050,41,001,"Oregon","Baker County",1,63,306,152,154
050,41,001,"Oregon","Baker County",1,64,267,127,140
050,41,001,"Oregon","Baker County",1,65,267,130,137
050,41,001,"Oregon","Baker County",1,66,263,130,133
050,41,001,"Oregon","Baker County",1,67,283,148,135
050,41,001,"Oregon","Baker County",1,68,287,141,146
050,41,001,"Oregon","Baker County",1,69,281,139,142
050,41,001,"Oregon","Baker County",1,70,267,130,137
050,41,001,"Oregon","Baker County",1,71,258,127,131
050,41,001,"Oregon","Baker County",1,72,246,126,120
050,41,001,"Oregon","Baker County",1,73,269,135,134
050,41,001,"Oregon","Baker County",1,74,160,86,74
050,41,001,"Oregon","Baker County",1,75,164,84,80
050,41,001,"Oregon","Baker County",1,76,179,93,86
050,41,001,"Oregon","Baker County",1,77,171,84,87
050,41,001,"Oregon","Baker County",1,78,155,77,78
050,41,001,"Oregon","Baker County",1,79,148,73,75
050,41,001,"Oregon","Baker County",1,80,136,73,63
050,41,001,"Oregon","Baker County",1,81,112,65,47
050,41,001,"Oregon","Baker County",1,82,98,51,47
050,41,001,"Oregon","Baker County",1,83,90,44,46
050,41,001,"Oregon","Baker County",1,84,88,47,41
050,41,001,"Oregon","Baker County",1,85,435,191,244
050,41,001,"Oregon","Baker County",2,0,167,86,81
050,41,001,"Oregon","Baker County",2,1,165,86,79
050,41,001,"Oregon","Baker County",2,2,169,88,81
050,41,001,"Oregon","Baker County",2,3,173,95,78
050,41,001,"Oregon","Baker County",2,4,171,87,84
050,41,001,"Oregon","Baker County",2,5,179,88,91
050,41,001,"Oregon","Baker County",2,6,197,101,96
050,41,001,"Oregon","Baker County",2,7,183,94,89
050,41,001,"Oregon","Baker County",2,8,199,109,90
050,41,001,"Oregon","Baker County",2,9,210,115,95
050,41,001,"Oregon","Baker County",2,10,194,100,94
050,41,001,"Oregon","Baker County",2,11,198,103,95
050,41,001,"Oregon","Baker County",2,12,212,104,108
050,41,001,"Oregon","Baker County",2,13,203,102,101
050,41,001,"Oregon","Baker County",2,14,195,108,87
050,41,001,"Oregon","Baker County",2,15,192,105,87
050,41,001,"Oregon","Baker County",2,16,171,95,76
050,41,001,"Oregon","Baker County",2,17,175,96,79
050,41,001,"Oregon","Baker County",2,18,158,89,69
050,41,001,"Oregon","Baker County",2,19,128,69,59
050,41,001,"Oregon","Baker County",2,20,116,63,53
050,41,001,"Oregon","Baker County",2,21,141,79,62
050,41,001,"Oregon","Baker County",2,22,128,69,59
050,41,001,"Oregon","Baker County",2,23,147,90,57
050,41,001,"Oregon","Baker County",2,24,158,85,73
050,41,001,"Oregon","Baker County",2,25,175,95,80
050,41,001,"Oregon","Baker County",2,26,163,88,75
050,41,001,"Oregon","Baker County",2,27,174,94,80
050,41,001,"Oregon","Baker County",2,28,165,91,74
050,41,001,"Oregon","Baker County",2,29,177,103,74
050,41,001,"Oregon","Baker County",2,30,185,100,85
050,41,001,"Oregon","Baker County",2,31,188,97,91
050,41,001,"Oregon","Baker County",2,32,180,91,89
050,41,001,"Oregon","Baker County",2,33,179,90,89
050,41,001,"Oregon","Baker County",2,34,200,105,95
050,41,001,"Oregon","Baker County",2,35,206,110,96
050,41,001,"Oregon","Baker County",2,36,206,106,100
050,41,001,"Oregon","Baker County",2,37,207,108,99
050,41,001,"Oregon","Baker County",2,38,194,109,85
050,41,001,"Oregon","Baker County",2,39,194,105,89
050,41,001,"Oregon","Baker County",2,40,203,109,94
050,41,001,"Oregon","Baker County",2,41,191,104,87
050,41,001,"Oregon","Baker County",2,42,162,91,71
050,41,001,"Oregon","Baker County",2,43,159,85,74
050,41,001,"Oregon","Baker County",2,44,162,82,80
050,41,001,"Oregon","Baker County",2,45,164,86,78
050,41,001,"Oregon","Baker County",2,46,155,81,74
050,41,001,"Oregon","Baker County",2,47,160,84,76
050,41,001,"Oregon","Baker County",2,48,170,91,79
050,41,001,"Oregon","Baker County",2,49,182,96,86
050,41,001,"Oregon","Baker County",2,50,194,103,91
050,41,001,"Oregon","Baker County",2,51,189,97,92
050,41,001,"Oregon","Baker County",2,52,172,84,88
050,41,001,"Oregon","Baker County",2,53,185,90,95
050,41,001,"Oregon","Baker County",2,54,200,95,105
050,41,001,"Oregon","Baker County",2,55,205,105,100
050,41,001,"Oregon","Baker County",2,56,222,114,108
050,41,001,"Oregon","Baker County",2,57,227,112,115
050,41,001,"Oregon","Baker County",2,58,245,127,118
050,41,001,"Oregon","Baker County",2,59,278,137,141
050,41,001,"Oregon","Baker County",2,60,276,121,155
050,41,001,"Oregon","Baker County",2,61,261,124,137
050,41,001,"Oregon","Baker County",2,62,278,135,143
050,41,001,"Oregon","Baker County",2,63,306,152,154
050,41,001,"Oregon","Baker County",2,64,277,133,144
050,41,001,"Oregon","Baker County",2,65,269,131,138
050,41,001,"Oregon","Baker County",2,66,265,132,133
050,41,001,"Oregon","Baker County",2,67,277,143,134
050,41,001,"Oregon","Baker County",2,68,283,142,141
050,41,001,"Oregon","Baker County",2,69,283,139,144
050,41,001,"Oregon","Baker County",2,70,268,131,137
050,41,001,"Oregon","Baker County",2,71,261,129,132
050,41,001,"Oregon","Baker County",2,72,244,123,121
050,41,001,"Oregon","Baker County",2,73,275,139,136
050,41,001,"Oregon","Baker County",2,74,174,91,83
050,41,001,"Oregon","Baker County",2,75,163,84,79
050,41,001,"Oregon","Baker County",2,76,171,89,82
050,41,001,"Oregon","Baker County",2,77,179,89,90
050,41,001,"Oregon","Baker County",2,78,152,75,77
050,41,001,"Oregon","Baker County",2,79,149,73,76
050,41,001,"Oregon","Baker County",2,80,136,72,64
050,41,001,"Oregon","Baker County",2,81,117,67,50
050,41,001,"Oregon","Baker County",2,82,102,55,47
050,41,001,"Oregon","Baker County",2,83,89,45,44
050,41,001,"Oregon","Baker County",2,84,89,46,43
050,41,001,"Oregon","Baker County",2,85,440,195,245
050,41,001,"Oregon","Baker County",3,0,156,80,76
050,41,001,"Oregon","Baker County",3,1,165,85,80
050,41,001,"Oregon","Baker County",3,2,163,80,83
050,41,001,"Oregon","Baker County",3,3,167,86,81
050,41,001,"Oregon","Baker County",3,4,182,96,86
050,41,001,"Oregon","Baker County",3,5,173,85,88
050,41,001,"Oregon","Baker County",3,6,195,100,95
050,41,001,"Oregon","Baker County",3,7,205,106,99
050,41,001,"Oregon","Baker County",3,8,187,96,91
050,41,001,"Oregon","Baker County",3,9,206,111,95
050,41,001,"Oregon","Baker County",3,10,192,113,79
050,41,001,"Oregon","Baker County",3,11,192,99,93
050,41,001,"Oregon","Baker County",3,12,201,104,97
050,41,001,"Oregon","Baker County",3,13,213,107,106
050,41,001,"Oregon","Baker County",3,14,209,103,106
050,41,001,"Oregon","Baker County",3,15,191,104,87
050,41,001,"Oregon","Baker County",3,16,190,103,87
050,41,001,"Oregon","Baker County",3,17,182,101,81
050,41,001,"Oregon","Baker County",3,18,146,85,61
050,41,001,"Oregon","Baker County",3,19,134,70,64
050,41,001,"Oregon","Baker County",3,20,125,73,52
050,41,001,"Oregon","Baker County",3,21,138,81,57
050,41,001,"Oregon","Baker County",3,22,136,70,66
050,41,001,"Oregon","Baker County",3,23,142,76,66
050,41,001,"Oregon","Baker County",3,24,144,83,61
050,41,001,"Oregon","Baker County",3,25,161,91,70
050,41,001,"Oregon","Baker County",3,26,179,95,84
050,41,001,"Oregon","Baker County",3,27,167,97,70
050,41,001,"Oregon","Baker County",3,28,177,90,87
050,41,001,"Oregon","Baker County",3,29,185,102,83
050,41,001,"Oregon","Baker County",3,30,179,103,76
050,41,001,"Oregon","Baker County",3,31,199,106,93
050,41,001,"Oregon","Baker County",3,32,181,91,90
050,41,001,"Oregon","Baker County",3,33,179,83,96
050,41,001,"Oregon","Baker County",3,34,190,99,91
050,41,001,"Oregon","Baker County",3,35,217,117,100
050,41,001,"Oregon","Baker County",3,36,210,112,98
050,41,001,"Oregon","Baker County",3,37,213,103,110
050,41,001,"Oregon","Baker County",3,38,216,114,102
050,41,001,"Oregon","Baker County",3,39,185,107,78
050,41,001,"Oregon","Baker County",3,40,197,109,88
050,41,001,"Oregon","Baker County",3,41,216,116,100
050,41,001,"Oregon","Baker County",3,42,182,93,89
050,41,001,"Oregon","Baker County",3,43,164,93,71
050,41,001,"Oregon","Baker County",3,44,157,83,74
050,41,001,"Oregon","Baker County",3,45,170,86,84
050,41,001,"Oregon","Baker County",3,46,165,89,76
050,41,001,"Oregon","Baker County",3,47,161,84,77
050,41,001,"Oregon","Baker County",3,48,165,86,79
050,41,001,"Oregon","Baker County",3,49,169,94,75
050,41,001,"Oregon","Baker County",3,50,183,97,86
050,41,001,"Oregon","Baker County",3,51,192,100,92
050,41,001,"Oregon","Baker County",3,52,183,94,89
050,41,001,"Oregon","Baker County",3,53,181,90,91
050,41,001,"Oregon","Baker County",3,54,196,101,95
050,41,001,"Oregon","Baker County",3,55,183,84,99
050,41,001,"Oregon","Baker County",3,56,215,112,103
050,41,001,"Oregon","Baker County",3,57,226,112,114
050,41,001,"Oregon","Baker County",3,58,235,116,119
050,41,001,"Oregon","Baker County",3,59,250,131,119
050,41,001,"Oregon","Baker County",3,60,283,138,145
050,41,001,"Oregon","Baker County",3,61,272,117,155
050,41,001,"Oregon","Baker County",3,62,264,122,142
050,41,001,"Oregon","Baker County",3,63,273,136,137
050,41,001,"Oregon","Baker County",3,64,308,155,153
050,41,001,"Oregon","Baker County",3,65,284,134,150
050,41,001,"Oregon","Baker County",3,66,268,130,138
050,41,001,"Oregon","Baker County",3,67,274,138,136
050,41,001,"Oregon","Baker County",3,68,277,140,137
050,41,001,"Oregon","Baker County",3,69,293,148,145
050,41,001,"Oregon","Baker County",3,70,286,142,144
050,41,001,"Oregon","Baker County",3,71,266,129,137
050,41,001,"Oregon","Baker County",3,72,262,127,135
050,41,001,"Oregon","Baker County",3,73,242,122,120
050,41,001,"Oregon","Baker County",3,74,271,137,134
050,41,001,"Oregon","Baker County",3,75,165,88,77
050,41,001,"Oregon","Baker County",3,76,158,82,76
050,41,001,"Oregon","Baker County",3,77,171,88,83
050,41,001,"Oregon","Baker County",3,78,168,85,83
050,41,001,"Oregon","Baker County",3,79,145,71,74
050,41,001,"Oregon","Baker County",3,80,142,71,71
050,41,001,"Oregon","Baker County",3,81,131,68,63
050,41,001,"Oregon","Baker County",3,82,112,66,46
050,41,001,"Oregon","Baker County",3,83,92,51,41
050,41,001,"Oregon","Baker County",3,84,83,43,40
050,41,001,"Oregon","Baker County",3,85,428,196,232
050,41,001,"Oregon","Baker County",4,0,152,72,80
050,41,001,"Oregon","Baker County",4,1,161,83,78
050,41,001,"Oregon","Baker County",4,2,165,88,77
050,41,001,"Oregon","Baker County",4,3,167,80,87
050,41,001,"Oregon","Baker County",4,4,176,91,85
050,41,001,"Oregon","Baker County",4,5,174,96,78
050,41,001,"Oregon","Baker County",4,6,185,87,98
050,41,001,"Oregon","Baker County",4,7,186,96,90
050,41,001,"Oregon","Baker County",4,8,198,106,92
050,41,001,"Oregon","Baker County",4,9,184,95,89
050,41,001,"Oregon","Baker County",4,10,209,106,103
050,41,001,"Oregon","Baker County",4,11,197,114,83
050,41,001,"Oregon","Baker County",4,12,198,102,96
050,41,001,"Oregon","Baker County",4,13,204,105,99
050,41,001,"Oregon","Baker County",4,14,213,106,107
050,41,001,"Oregon","Baker County",4,15,209,105,104
050,41,001,"Oregon","Baker County",4,16,195,108,87
050,41,001,"Oregon","Baker County",4,17,192,105,87
050,41,001,"Oregon","Baker County",4,18,151,86,65
050,41,001,"Oregon","Baker County",4,19,122,67,55
050,41,001,"Oregon","Baker County",4,20,130,71,59
050,41,001,"Oregon","Baker County",4,21,142,86,56
050,41,001,"Oregon","Baker County",4,22,133,71,62
050,41,001,"Oregon","Baker County",4,23,159,86,73
050,41,001,"Oregon","Baker County",4,24,123,61,62
050,41,001,"Oregon","Baker County",4,25,156,88,68
050,41,001,"Oregon","Baker County",4,26,151,85,66
050,41,001,"Oregon","Baker County",4,27,182,94,88
050,41,001,"Oregon","Baker County",4,28,172,99,73
050,41,001,"Oregon","Baker County",4,29,191,100,91
050,41,001,"Oregon","Baker County",4,30,185,99,86
050,41,001,"Oregon","Baker County",4,31,203,116,87
050,41,001,"Oregon","Baker County",4,32,182,95,87
050,41,001,"Oregon","Baker County",4,33,184,92,92
050,41,001,"Oregon","Baker County",4,34,188,96,92
050,41,001,"Oregon","Baker County",4,35,190,97,93
050,41,001,"Oregon","Baker County",4,36,213,115,98
050,41,001,"Oregon","Baker County",4,37,203,107,96
050,41,001,"Oregon","Baker County",4,38,226,115,111
050,41,001,"Oregon","Baker County",4,39,223,119,104
050,41,001,"Oregon","Baker County",4,40,184,105,79
050,41,001,"Oregon","Baker County",4,41,205,112,93
050,41,001,"Oregon","Baker County",4,42,221,114,107
050,41,001,"Oregon","Baker County",4,43,186,96,90
050,41,001,"Oregon","Baker County",4,44,170,93,77
050,41,001,"Oregon","Baker County",4,45,160,88,72
050,41,001,"Oregon","Baker County",4,46,167,83,84
050,41,001,"Oregon","Baker County",4,47,173,96,77
050,41,001,"Oregon","Baker County",4,48,163,81,82
050,41,001,"Oregon","Baker County",4,49,165,85,80
050,41,001,"Oregon","Baker County",4,50,178,102,76
050,41,001,"Oregon","Baker County",4,51,185,97,88
050,41,001,"Oregon","Baker County",4,52,191,94,97
050,41,001,"Oregon","Baker County",4,53,178,93,85
050,41,001,"Oregon","Baker County",4,54,190,97,93
050,41,001,"Oregon","Baker County",4,55,191,88,103
050,41,001,"Oregon","Baker County",4,56,197,92,105
050,41,001,"Oregon","Baker County",4,57,209,107,102
050,41,001,"Oregon","Baker County",4,58,218,116,102
050,41,001,"Oregon","Baker County",4,59,238,114,124
050,41,001,"Oregon","Baker County",4,60,265,134,131
050,41,001,"Oregon","Baker County",4,61,282,139,143
050,41,001,"Oregon","Baker County",4,62,263,109,154
050,41,001,"Oregon","Baker County",4,63,265,123,142
050,41,001,"Oregon","Baker County",4,64,277,138,139
050,41,001,"Oregon","Baker County",4,65,321,164,157
050,41,001,"Oregon","Baker County",4,66,291,135,156
050,41,001,"Oregon","Baker County",4,67,277,135,142
050,41,001,"Oregon","Baker County",4,68,266,131,135
050,41,001,"Oregon","Baker County",4,69,283,146,137
050,41,001,"Oregon","Baker County",4,70,289,146,143
050,41,001,"Oregon","Baker County",4,71,280,142,138
050,41,001,"Oregon","Baker County",4,72,259,124,135
050,41,001,"Oregon","Baker County",4,73,255,121,134
050,41,001,"Oregon","Baker County",4,74,228,115,113
050,41,001,"Oregon","Baker County",4,75,262,133,129
050,41,001,"Oregon","Baker County",4,76,160,86,74
050,41,001,"Oregon","Baker County",4,77,150,77,73
050,41,001,"Oregon","Baker County",4,78,162,82,80
050,41,001,"Oregon","Baker County",4,79,156,80,76
050,41,001,"Oregon","Baker County",4,80,139,68,71
050,41,001,"Oregon","Baker County",4,81,133,67,66
050,41,001,"Oregon","Baker County",4,82,120,59,61
050,41,001,"Oregon","Baker County",4,83,97,58,39
050,41,001,"Oregon","Baker County",4,84,83,43,40
050,41,001,"Oregon","Baker County",4,85,431,217,214
050,41,001,"Oregon","Baker County",5,0,144,67,77
050,41,001,"Oregon","Baker County",5,1,152,71,81
050,41,001,"Oregon","Baker County",5,2,157,86,71
050,41,001,"Oregon","Baker County",5,3,162,90,72
050,41,001,"Oregon","Baker County",5,4,164,83,81
050,41,001,"Oregon","Baker County",5,5,159,82,77
050,41,001,"Oregon","Baker County",5,6,178,100,78
050,41,001,"Oregon","Baker County",5,7,186,89,97
050,41,001,"Oregon","Baker County",5,8,183,90,93
050,41,001,"Oregon","Baker County",5,9,198,104,94
050,41,001,"Oregon","Baker County",5,10,188,99,89
050,41,001,"Oregon","Baker County",5,11,205,105,100
050,41,001,"Oregon","Baker County",5,12,197,112,85
050,41,001,"Oregon","Baker County",5,13,199,105,94
050,41,001,"Oregon","Baker County",5,14,186,97,89
050,41,001,"Oregon","Baker County",5,15,213,105,108
050,41,001,"Oregon","Baker County",5,16,214,108,106
050,41,001,"Oregon","Baker County",5,17,195,109,86
050,41,001,"Oregon","Baker County",5,18,158,87,71
050,41,001,"Oregon","Baker County",5,19,118,69,49
050,41,001,"Oregon","Baker County",5,20,117,69,48
050,41,001,"Oregon","Baker County",5,21,146,76,70
050,41,001,"Oregon","Baker County",5,22,146,83,63
050,41,001,"Oregon","Baker County",5,23,150,87,63
050,41,001,"Oregon","Baker County",5,24,148,76,72
050,41,001,"Oregon","Baker County",5,25,132,67,65
050,41,001,"Oregon","Baker County",5,26,156,88,68
050,41,001,"Oregon","Baker County",5,27,156,83,73
050,41,001,"Oregon","Baker County",5,28,192,99,93
050,41,001,"Oregon","Baker County",5,29,183,104,79
050,41,001,"Oregon","Baker County",5,30,182,95,87
050,41,001,"Oregon","Baker County",5,31,201,111,90
050,41,001,"Oregon","Baker County",5,32,186,102,84
050,41,001,"Oregon","Baker County",5,33,184,95,89
050,41,001,"Oregon","Baker County",5,34,201,103,98
050,41,001,"Oregon","Baker County",5,35,188,98,90
050,41,001,"Oregon","Baker County",5,36,184,99,85
050,41,001,"Oregon","Baker County",5,37,213,115,98
050,41,001,"Oregon","Baker County",5,38,214,119,95
050,41,001,"Oregon","Baker County",5,39,220,111,109
050,41,001,"Oregon","Baker County",5,40,233,123,110
050,41,001,"Oregon","Baker County",5,41,187,109,78
050,41,001,"Oregon","Baker County",5,42,210,117,93
050,41,001,"Oregon","Baker County",5,43,215,111,104
050,41,001,"Oregon","Baker County",5,44,187,91,96
050,41,001,"Oregon","Baker County",5,45,176,99,77
050,41,001,"Oregon","Baker County",5,46,155,87,68
050,41,001,"Oregon","Baker County",5,47,166,86,80
050,41,001,"Oregon","Baker County",5,48,173,90,83
050,41,001,"Oregon","Baker County",5,49,155,73,82
050,41,001,"Oregon","Baker County",5,50,167,90,77
050,41,001,"Oregon","Baker County",5,51,181,106,75
050,41,001,"Oregon","Baker County",5,52,187,98,89
050,41,001,"Oregon","Baker County",5,53,205,101,104
050,41,001,"Oregon","Baker County",5,54,184,99,85
050,41,001,"Oregon","Baker County",5,55,186,90,96
050,41,001,"Oregon","Baker County",5,56,198,95,103
050,41,001,"Oregon","Baker County",5,57,196,92,104
050,41,001,"Oregon","Baker County",5,58,226,119,107
050,41,001,"Oregon","Baker County",5,59,210,110,100
050,41,001,"Oregon","Baker County",5,60,249,116,133
050,41,001,"Oregon","Baker County",5,61,260,127,133
050,41,001,"Oregon","Baker County",5,62,288,139,149
050,41,001,"Oregon","Baker County",5,63,261,110,151
050,41,001,"Oregon","Baker County",5,64,263,124,139
050,41,001,"Oregon","Baker County",5,65,274,133,141
050,41,001,"Oregon","Baker County",5,66,316,159,157
050,41,001,"Oregon","Baker County",5,67,299,145,154
050,41,001,"Oregon","Baker County",5,68,267,125,142
050,41,001,"Oregon","Baker County",5,69,266,136,130
050,41,001,"Oregon","Baker County",5,70,280,142,138
050,41,001,"Oregon","Baker County",5,71,282,140,142
050,41,001,"Oregon","Baker County",5,72,274,139,135
050,41,001,"Oregon","Baker County",5,73,254,122,132
050,41,001,"Oregon","Baker County",5,74,255,117,138
050,41,001,"Oregon","Baker County",5,75,223,111,112
050,41,001,"Oregon","Baker County",5,76,255,128,127
050,41,001,"Oregon","Baker County",5,77,161,87,74
050,41,001,"Oregon","Baker County",5,78,142,70,72
050,41,001,"Oregon","Baker County",5,79,151,75,76
050,41,001,"Oregon","Baker County",5,80,154,78,76
050,41,001,"Oregon","Baker County",5,81,129,66,63
050,41,001,"Oregon","Baker County",5,82,128,63,65
050,41,001,"Oregon","Baker County",5,83,109,56,53
050,41,001,"Oregon","Baker County",5,84,91,50,41
050,41,001,"Oregon","Baker County",5,85,429,236,193
050,41,003,"Oregon","Benton County",1,0,704,364,340
050,41,003,"Oregon","Benton County",1,1,689,350,339
050,41,003,"Oregon","Benton County",1,2,723,392,331
050,41,003,"Oregon","Benton County",1,3,830,417,413
050,41,003,"Oregon","Benton County",1,4,796,394,402
050,41,003,"Oregon","Benton County",1,5,765,387,378
050,41,003,"Oregon","Benton County",1,6,788,395,393
050,41,003,"Oregon","Benton County",1,7,823,442,381
050,41,003,"Oregon","Benton County",1,8,819,419,400
050,41,003,"Oregon","Benton County",1,9,878,446,432
050,41,003,"Oregon","Benton County",1,10,885,461,424
050,41,003,"Oregon","Benton County",1,11,920,469,451
050,41,003,"Oregon","Benton County",1,12,990,479,511
050,41,003,"Oregon","Benton County",1,13,970,493,477
050,41,003,"Oregon","Benton County",1,14,956,499,457
050,41,003,"Oregon","Benton County",1,15,933,475,458
050,41,003,"Oregon","Benton County",1,16,999,497,502
050,41,003,"Oregon","Benton County",1,17,1018,522,496
050,41,003,"Oregon","Benton County",1,18,2431,1186,1245
050,41,003,"Oregon","Benton County",1,19,3712,1893,1819
050,41,003,"Oregon","Benton County",1,20,3469,1776,1693
050,41,003,"Oregon","Benton County",1,21,3547,1832,1715
050,41,003,"Oregon","Benton County",1,22,3409,1855,1554
050,41,003,"Oregon","Benton County",1,23,2841,1614,1227
050,41,003,"Oregon","Benton County",1,24,2172,1168,1004
050,41,003,"Oregon","Benton County",1,25,1728,957,771
050,41,003,"Oregon","Benton County",1,26,1430,772,658
050,41,003,"Oregon","Benton County",1,27,1299,710,589
050,41,003,"Oregon","Benton County",1,28,1253,662,591
050,41,003,"Oregon","Benton County",1,29,1180,604,576
050,41,003,"Oregon","Benton County",1,30,1196,624,572
050,41,003,"Oregon","Benton County",1,31,1112,550,562
050,41,003,"Oregon","Benton County",1,32,1060,533,527
050,41,003,"Oregon","Benton County",1,33,1047,534,513
050,41,003,"Oregon","Benton County",1,34,1029,523,506
050,41,003,"Oregon","Benton County",1,35,1078,546,532
050,41,003,"Oregon","Benton County",1,36,1023,521,502
050,41,003,"Oregon","Benton County",1,37,1050,526,524
050,41,003,"Oregon","Benton County",1,38,1047,519,528
050,41,003,"Oregon","Benton County",1,39,1073,537,536
050,41,003,"Oregon","Benton County",1,40,1037,521,516
050,41,003,"Oregon","Benton County",1,41,947,474,473
050,41,003,"Oregon","Benton County",1,42,916,475,441
050,41,003,"Oregon","Benton County",1,43,923,474,449
050,41,003,"Oregon","Benton County",1,44,926,467,459
050,41,003,"Oregon","Benton County",1,45,929,444,485
050,41,003,"Oregon","Benton County",1,46,896,435,461
050,41,003,"Oregon","Benton County",1,47,939,463,476
050,41,003,"Oregon","Benton County",1,48,913,441,472
050,41,003,"Oregon","Benton County",1,49,1033,544,489
050,41,003,"Oregon","Benton County",1,50,987,496,491
050,41,003,"Oregon","Benton County",1,51,920,454,466
050,41,003,"Oregon","Benton County",1,52,884,449,435
050,41,003,"Oregon","Benton County",1,53,929,469,460
050,41,003,"Oregon","Benton County",1,54,927,466,461
050,41,003,"Oregon","Benton County",1,55,896,432,464
050,41,003,"Oregon","Benton County",1,56,946,463,483
050,41,003,"Oregon","Benton County",1,57,995,467,528
050,41,003,"Oregon","Benton County",1,58,1049,506,543
050,41,003,"Oregon","Benton County",1,59,1094,524,570
050,41,003,"Oregon","Benton County",1,60,1087,508,579
050,41,003,"Oregon","Benton County",1,61,1065,496,569
050,41,003,"Oregon","Benton County",1,62,1101,506,595
050,41,003,"Oregon","Benton County",1,63,1132,510,622
050,41,003,"Oregon","Benton County",1,64,1138,527,611
050,41,003,"Oregon","Benton County",1,65,1132,536,596
050,41,003,"Oregon","Benton County",1,66,1136,561,575
050,41,003,"Oregon","Benton County",1,67,1120,542,578
050,41,003,"Oregon","Benton County",1,68,1161,569,592
050,41,003,"Oregon","Benton County",1,69,1068,539,529
050,41,003,"Oregon","Benton County",1,70,966,490,476
050,41,003,"Oregon","Benton County",1,71,930,468,462
050,41,003,"Oregon","Benton County",1,72,942,465,477
050,41,003,"Oregon","Benton County",1,73,911,447,464
050,41,003,"Oregon","Benton County",1,74,578,274,304
050,41,003,"Oregon","Benton County",1,75,611,294,317
050,41,003,"Oregon","Benton County",1,76,616,288,328
050,41,003,"Oregon","Benton County",1,77,545,250,295
050,41,003,"Oregon","Benton County",1,78,476,211,265
050,41,003,"Oregon","Benton County",1,79,417,188,229
050,41,003,"Oregon","Benton County",1,80,379,172,207
050,41,003,"Oregon","Benton County",1,81,370,167,203
050,41,003,"Oregon","Benton County",1,82,341,155,186
050,41,003,"Oregon","Benton County",1,83,270,128,142
050,41,003,"Oregon","Benton County",1,84,254,109,145
050,41,003,"Oregon","Benton County",1,85,1679,646,1033
050,41,003,"Oregon","Benton County",2,0,682,347,335
050,41,003,"Oregon","Benton County",2,1,689,354,335
050,41,003,"Oregon","Benton County",2,2,722,386,336
050,41,003,"Oregon","Benton County",2,3,797,408,389
050,41,003,"Oregon","Benton County",2,4,805,402,403
050,41,003,"Oregon","Benton County",2,5,776,392,384
050,41,003,"Oregon","Benton County",2,6,792,399,393
050,41,003,"Oregon","Benton County",2,7,816,433,383
050,41,003,"Oregon","Benton County",2,8,821,428,393
050,41,003,"Oregon","Benton County",2,9,868,443,425
050,41,003,"Oregon","Benton County",2,10,889,460,429
050,41,003,"Oregon","Benton County",2,11,912,466,446
050,41,003,"Oregon","Benton County",2,12,981,480,501
050,41,003,"Oregon","Benton County",2,13,975,491,484
050,41,003,"Oregon","Benton County",2,14,957,495,462
050,41,003,"Oregon","Benton County",2,15,941,483,458
050,41,003,"Oregon","Benton County",2,16,985,493,492
050,41,003,"Oregon","Benton County",2,17,1028,521,507
050,41,003,"Oregon","Benton County",2,18,2430,1180,1250
050,41,003,"Oregon","Benton County",2,19,3713,1891,1822
050,41,003,"Oregon","Benton County",2,20,3474,1781,1693
050,41,003,"Oregon","Benton County",2,21,3527,1823,1704
050,41,003,"Oregon","Benton County",2,22,3352,1820,1532
050,41,003,"Oregon","Benton County",2,23,2826,1601,1225
050,41,003,"Oregon","Benton County",2,24,2164,1156,1008
050,41,003,"Oregon","Benton County",2,25,1733,961,772
050,41,003,"Oregon","Benton County",2,26,1436,778,658
050,41,003,"Oregon","Benton County",2,27,1290,704,586
050,41,003,"Oregon","Benton County",2,28,1246,665,581
050,41,003,"Oregon","Benton County",2,29,1189,612,577
050,41,003,"Oregon","Benton County",2,30,1182,612,570
050,41,003,"Oregon","Benton County",2,31,1119,559,560
050,41,003,"Oregon","Benton County",2,32,1068,536,532
050,41,003,"Oregon","Benton County",2,33,1047,533,514
050,41,003,"Oregon","Benton County",2,34,1036,527,509
050,41,003,"Oregon","Benton County",2,35,1069,543,526
050,41,003,"Oregon","Benton County",2,36,1028,522,506
050,41,003,"Oregon","Benton County",2,37,1048,527,521
050,41,003,"Oregon","Benton County",2,38,1052,526,526
050,41,003,"Oregon","Benton County",2,39,1066,530,536
050,41,003,"Oregon","Benton County",2,40,1052,526,526
050,41,003,"Oregon","Benton County",2,41,965,482,483
050,41,003,"Oregon","Benton County",2,42,917,469,448
050,41,003,"Oregon","Benton County",2,43,925,477,448
050,41,003,"Oregon","Benton County",2,44,923,468,455
050,41,003,"Oregon","Benton County",2,45,932,451,481
050,41,003,"Oregon","Benton County",2,46,903,436,467
050,41,003,"Oregon","Benton County",2,47,922,452,470
050,41,003,"Oregon","Benton County",2,48,921,448,473
050,41,003,"Oregon","Benton County",2,49,1010,523,487
050,41,003,"Oregon","Benton County",2,50,1000,509,491
050,41,003,"Oregon","Benton County",2,51,933,463,470
050,41,003,"Oregon","Benton County",2,52,892,453,439
050,41,003,"Oregon","Benton County",2,53,912,455,457
050,41,003,"Oregon","Benton County",2,54,926,468,458
050,41,003,"Oregon","Benton County",2,55,901,437,464
050,41,003,"Oregon","Benton County",2,56,944,461,483
050,41,003,"Oregon","Benton County",2,57,988,468,520
050,41,003,"Oregon","Benton County",2,58,1039,498,541
050,41,003,"Oregon","Benton County",2,59,1092,524,568
050,41,003,"Oregon","Benton County",2,60,1084,508,576
050,41,003,"Oregon","Benton County",2,61,1062,494,568
050,41,003,"Oregon","Benton County",2,62,1095,506,589
050,41,003,"Oregon","Benton County",2,63,1136,511,625
050,41,003,"Oregon","Benton County",2,64,1131,521,610
050,41,003,"Oregon","Benton County",2,65,1130,531,599
050,41,003,"Oregon","Benton County",2,66,1139,557,582
050,41,003,"Oregon","Benton County",2,67,1121,546,575
050,41,003,"Oregon","Benton County",2,68,1145,559,586
050,41,003,"Oregon","Benton County",2,69,1099,549,550
050,41,003,"Oregon","Benton County",2,70,989,501,488
050,41,003,"Oregon","Benton County",2,71,942,473,469
050,41,003,"Oregon","Benton County",2,72,925,459,466
050,41,003,"Oregon","Benton County",2,73,959,469,490
050,41,003,"Oregon","Benton County",2,74,613,292,321
050,41,003,"Oregon","Benton County",2,75,603,289,314
050,41,003,"Oregon","Benton County",2,76,608,287,321
050,41,003,"Oregon","Benton County",2,77,572,262,310
050,41,003,"Oregon","Benton County",2,78,484,216,268
050,41,003,"Oregon","Benton County",2,79,429,191,238
050,41,003,"Oregon","Benton County",2,80,389,177,212
050,41,003,"Oregon","Benton County",2,81,368,168,200
050,41,003,"Oregon","Benton County",2,82,350,159,191
050,41,003,"Oregon","Benton County",2,83,279,132,147
050,41,003,"Oregon","Benton County",2,84,255,110,145
050,41,003,"Oregon","Benton County",2,85,1679,647,1032
050,41,003,"Oregon","Benton County",3,0,643,336,307
050,41,003,"Oregon","Benton County",3,1,703,342,361
050,41,003,"Oregon","Benton County",3,2,706,360,346
050,41,003,"Oregon","Benton County",3,3,736,388,348
050,41,003,"Oregon","Benton County",3,4,815,420,395
050,41,003,"Oregon","Benton County",3,5,798,409,389
050,41,003,"Oregon","Benton County",3,6,819,409,410
050,41,003,"Oregon","Benton County",3,7,806,410,396
050,41,003,"Oregon","Benton County",3,8,816,435,381
050,41,003,"Oregon","Benton County",3,9,818,434,384
050,41,003,"Oregon","Benton County",3,10,887,445,442
050,41,003,"Oregon","Benton County",3,11,907,482,425
050,41,003,"Oregon","Benton County",3,12,923,477,446
050,41,003,"Oregon","Benton County",3,13,996,494,502
050,41,003,"Oregon","Benton County",3,14,982,493,489
050,41,003,"Oregon","Benton County",3,15,969,506,463
050,41,003,"Oregon","Benton County",3,16,952,484,468
050,41,003,"Oregon","Benton County",3,17,1041,512,529
050,41,003,"Oregon","Benton County",3,18,2486,1186,1300
050,41,003,"Oregon","Benton County",3,19,3744,1909,1835
050,41,003,"Oregon","Benton County",3,20,3504,1790,1714
050,41,003,"Oregon","Benton County",3,21,3529,1809,1720
050,41,003,"Oregon","Benton County",3,22,3354,1853,1501
050,41,003,"Oregon","Benton County",3,23,2752,1559,1193
050,41,003,"Oregon","Benton County",3,24,2119,1118,1001
050,41,003,"Oregon","Benton County",3,25,1793,982,811
050,41,003,"Oregon","Benton County",3,26,1467,771,696
050,41,003,"Oregon","Benton County",3,27,1343,695,648
050,41,003,"Oregon","Benton County",3,28,1266,698,568
050,41,003,"Oregon","Benton County",3,29,1206,644,562
050,41,003,"Oregon","Benton County",3,30,1154,583,571
050,41,003,"Oregon","Benton County",3,31,1165,611,554
050,41,003,"Oregon","Benton County",3,32,1146,595,551
050,41,003,"Oregon","Benton County",3,33,1110,564,546
050,41,003,"Oregon","Benton County",3,34,1040,527,513
050,41,003,"Oregon","Benton County",3,35,1011,509,502
050,41,003,"Oregon","Benton County",3,36,1057,532,525
050,41,003,"Oregon","Benton County",3,37,1027,518,509
050,41,003,"Oregon","Benton County",3,38,1073,542,531
050,41,003,"Oregon","Benton County",3,39,1059,531,528
050,41,003,"Oregon","Benton County",3,40,1082,523,559
050,41,003,"Oregon","Benton County",3,41,1079,540,539
050,41,003,"Oregon","Benton County",3,42,947,468,479
050,41,003,"Oregon","Benton County",3,43,923,468,455
050,41,003,"Oregon","Benton County",3,44,944,489,455
050,41,003,"Oregon","Benton County",3,45,921,466,455
050,41,003,"Oregon","Benton County",3,46,945,461,484
050,41,003,"Oregon","Benton County",3,47,901,439,462
050,41,003,"Oregon","Benton County",3,48,919,453,466
050,41,003,"Oregon","Benton County",3,49,953,470,483
050,41,003,"Oregon","Benton County",3,50,1021,529,492
050,41,003,"Oregon","Benton County",3,51,1006,511,495
050,41,003,"Oregon","Benton County",3,52,983,491,492
050,41,003,"Oregon","Benton County",3,53,904,438,466
050,41,003,"Oregon","Benton County",3,54,927,473,454
050,41,003,"Oregon","Benton County",3,55,917,460,457
050,41,003,"Oregon","Benton County",3,56,909,442,467
050,41,003,"Oregon","Benton County",3,57,952,458,494
050,41,003,"Oregon","Benton County",3,58,993,461,532
050,41,003,"Oregon","Benton County",3,59,1040,500,540
050,41,003,"Oregon","Benton County",3,60,1090,518,572
050,41,003,"Oregon","Benton County",3,61,1099,513,586
050,41,003,"Oregon","Benton County",3,62,1083,508,575
050,41,003,"Oregon","Benton County",3,63,1128,516,612
050,41,003,"Oregon","Benton County",3,64,1133,521,612
050,41,003,"Oregon","Benton County",3,65,1128,525,603
050,41,003,"Oregon","Benton County",3,66,1151,551,600
050,41,003,"Oregon","Benton County",3,67,1127,548,579
050,41,003,"Oregon","Benton County",3,68,1121,537,584
050,41,003,"Oregon","Benton County",3,69,1168,563,605
050,41,003,"Oregon","Benton County",3,70,1099,554,545
050,41,003,"Oregon","Benton County",3,71,980,496,484
050,41,003,"Oregon","Benton County",3,72,936,466,470
050,41,003,"Oregon","Benton County",3,73,897,442,455
050,41,003,"Oregon","Benton County",3,74,939,462,477
050,41,003,"Oregon","Benton County",3,75,608,289,319
050,41,003,"Oregon","Benton County",3,76,596,288,308
050,41,003,"Oregon","Benton County",3,77,606,287,319
050,41,003,"Oregon","Benton County",3,78,563,257,306
050,41,003,"Oregon","Benton County",3,79,468,213,255
050,41,003,"Oregon","Benton County",3,80,408,184,224
050,41,003,"Oregon","Benton County",3,81,382,174,208
050,41,003,"Oregon","Benton County",3,82,359,168,191
050,41,003,"Oregon","Benton County",3,83,328,145,183
050,41,003,"Oregon","Benton County",3,84,265,121,144
050,41,003,"Oregon","Benton County",3,85,1671,656,1015
050,41,003,"Oregon","Benton County",4,0,647,329,318
050,41,003,"Oregon","Benton County",4,1,640,341,299
050,41,003,"Oregon","Benton County",4,2,707,342,365
050,41,003,"Oregon","Benton County",4,3,707,352,355
050,41,003,"Oregon","Benton County",4,4,758,395,363
050,41,003,"Oregon","Benton County",4,5,781,403,378
050,41,003,"Oregon","Benton County",4,6,820,416,404
050,41,003,"Oregon","Benton County",4,7,838,427,411
050,41,003,"Oregon","Benton County",4,8,818,414,404
050,41,003,"Oregon","Benton County",4,9,802,424,378
050,41,003,"Oregon","Benton County",4,10,835,433,402
050,41,003,"Oregon","Benton County",4,11,906,453,453
050,41,003,"Oregon","Benton County",4,12,916,480,436
050,41,003,"Oregon","Benton County",4,13,921,465,456
050,41,003,"Oregon","Benton County",4,14,1026,507,519
050,41,003,"Oregon","Benton County",4,15,1006,512,494
050,41,003,"Oregon","Benton County",4,16,1003,523,480
050,41,003,"Oregon","Benton County",4,17,1006,526,480
050,41,003,"Oregon","Benton County",4,18,2417,1152,1265
050,41,003,"Oregon","Benton County",4,19,3750,1879,1871
050,41,003,"Oregon","Benton County",4,20,3516,1805,1711
050,41,003,"Oregon","Benton County",4,21,3673,1914,1759
050,41,003,"Oregon","Benton County",4,22,3527,1894,1633
050,41,003,"Oregon","Benton County",4,23,2788,1625,1163
050,41,003,"Oregon","Benton County",4,24,2119,1095,1024
050,41,003,"Oregon","Benton County",4,25,1828,1001,827
050,41,003,"Oregon","Benton County",4,26,1515,817,698
050,41,003,"Oregon","Benton County",4,27,1344,670,674
050,41,003,"Oregon","Benton County",4,28,1298,664,634
050,41,003,"Oregon","Benton County",4,29,1230,649,581
050,41,003,"Oregon","Benton County",4,30,1156,616,540
050,41,003,"Oregon","Benton County",4,31,1109,567,542
050,41,003,"Oregon","Benton County",4,32,1152,595,557
050,41,003,"Oregon","Benton County",4,33,1165,603,562
050,41,003,"Oregon","Benton County",4,34,1114,568,546
050,41,003,"Oregon","Benton County",4,35,1050,535,515
050,41,003,"Oregon","Benton County",4,36,1060,539,521
050,41,003,"Oregon","Benton County",4,37,1079,549,530
050,41,003,"Oregon","Benton County",4,38,984,497,487
050,41,003,"Oregon","Benton County",4,39,1099,546,553
050,41,003,"Oregon","Benton County",4,40,1064,522,542
050,41,003,"Oregon","Benton County",4,41,1070,521,549
050,41,003,"Oregon","Benton County",4,42,1095,550,545
050,41,003,"Oregon","Benton County",4,43,968,485,483
050,41,003,"Oregon","Benton County",4,44,950,474,476
050,41,003,"Oregon","Benton County",4,45,944,490,454
050,41,003,"Oregon","Benton County",4,46,938,476,462
050,41,003,"Oregon","Benton County",4,47,986,476,510
050,41,003,"Oregon","Benton County",4,48,937,457,480
050,41,003,"Oregon","Benton County",4,49,947,474,473
050,41,003,"Oregon","Benton County",4,50,955,465,490
050,41,003,"Oregon","Benton County",4,51,1006,510,496
050,41,003,"Oregon","Benton County",4,52,1024,532,492
050,41,003,"Oregon","Benton County",4,53,946,463,483
050,41,003,"Oregon","Benton County",4,54,922,460,462
050,41,003,"Oregon","Benton County",4,55,916,462,454
050,41,003,"Oregon","Benton County",4,56,934,468,466
050,41,003,"Oregon","Benton County",4,57,914,437,477
050,41,003,"Oregon","Benton County",4,58,967,456,511
050,41,003,"Oregon","Benton County",4,59,996,475,521
050,41,003,"Oregon","Benton County",4,60,1043,493,550
050,41,003,"Oregon","Benton County",4,61,1103,520,583
050,41,003,"Oregon","Benton County",4,62,1116,531,585
050,41,003,"Oregon","Benton County",4,63,1121,520,601
050,41,003,"Oregon","Benton County",4,64,1132,525,607
050,41,003,"Oregon","Benton County",4,65,1130,508,622
050,41,003,"Oregon","Benton County",4,66,1145,531,614
050,41,003,"Oregon","Benton County",4,67,1157,549,608
050,41,003,"Oregon","Benton County",4,68,1144,554,590
050,41,003,"Oregon","Benton County",4,69,1125,534,591
050,41,003,"Oregon","Benton County",4,70,1162,569,593
050,41,003,"Oregon","Benton County",4,71,1088,549,539
050,41,003,"Oregon","Benton County",4,72,952,485,467
050,41,003,"Oregon","Benton County",4,73,947,466,481
050,41,003,"Oregon","Benton County",4,74,906,452,454
050,41,003,"Oregon","Benton County",4,75,953,459,494
050,41,003,"Oregon","Benton County",4,76,597,288,309
050,41,003,"Oregon","Benton County",4,77,582,282,300
050,41,003,"Oregon","Benton County",4,78,601,282,319
050,41,003,"Oregon","Benton County",4,79,551,250,301
050,41,003,"Oregon","Benton County",4,80,435,195,240
050,41,003,"Oregon","Benton County",4,81,410,189,221
050,41,003,"Oregon","Benton County",4,82,350,161,189
050,41,003,"Oregon","Benton County",4,83,339,151,188
050,41,003,"Oregon","Benton County",4,84,307,126,181
050,41,003,"Oregon","Benton County",4,85,1676,668,1008
050,41,003,"Oregon","Benton County",5,0,632,319,313
050,41,003,"Oregon","Benton County",5,1,607,300,307
050,41,003,"Oregon","Benton County",5,2,641,340,301
050,41,003,"Oregon","Benton County",5,3,703,352,351
050,41,003,"Oregon","Benton County",5,4,705,350,355
050,41,003,"Oregon","Benton County",5,5,773,414,359
050,41,003,"Oregon","Benton County",5,6,795,403,392
050,41,003,"Oregon","Benton County",5,7,818,415,403
050,41,003,"Oregon","Benton County",5,8,836,426,410
050,41,003,"Oregon","Benton County",5,9,832,418,414
050,41,003,"Oregon","Benton County",5,10,803,418,385
050,41,003,"Oregon","Benton County",5,11,860,448,412
050,41,003,"Oregon","Benton County",5,12,915,449,466
050,41,003,"Oregon","Benton County",5,13,930,470,460
050,41,003,"Oregon","Benton County",5,14,938,474,464
050,41,003,"Oregon","Benton County",5,15,1034,512,522
050,41,003,"Oregon","Benton County",5,16,1014,508,506
050,41,003,"Oregon","Benton County",5,17,1059,555,504
050,41,003,"Oregon","Benton County",5,18,2372,1149,1223
050,41,003,"Oregon","Benton County",5,19,3705,1882,1823
050,41,003,"Oregon","Benton County",5,20,3478,1761,1717
050,41,003,"Oregon","Benton County",5,21,3582,1828,1754
050,41,003,"Oregon","Benton County",5,22,3508,1886,1622
050,41,003,"Oregon","Benton County",5,23,2903,1621,1282
050,41,003,"Oregon","Benton County",5,24,2121,1158,963
050,41,003,"Oregon","Benton County",5,25,1727,940,787
050,41,003,"Oregon","Benton County",5,26,1505,786,719
050,41,003,"Oregon","Benton County",5,27,1328,703,625
050,41,003,"Oregon","Benton County",5,28,1280,635,645
050,41,003,"Oregon","Benton County",5,29,1187,619,568
050,41,003,"Oregon","Benton County",5,30,1167,610,557
050,41,003,"Oregon","Benton County",5,31,1146,601,545
050,41,003,"Oregon","Benton County",5,32,1090,568,522
050,41,003,"Oregon","Benton County",5,33,1154,595,559
050,41,003,"Oregon","Benton County",5,34,1114,567,547
050,41,003,"Oregon","Benton County",5,35,1056,542,514
050,41,003,"Oregon","Benton County",5,36,1039,517,522
050,41,003,"Oregon","Benton County",5,37,1044,526,518
050,41,003,"Oregon","Benton County",5,38,1069,551,518
050,41,003,"Oregon","Benton County",5,39,975,481,494
050,41,003,"Oregon","Benton County",5,40,1117,558,559
050,41,003,"Oregon","Benton County",5,41,1095,528,567
050,41,003,"Oregon","Benton County",5,42,1084,531,553
050,41,003,"Oregon","Benton County",5,43,1097,560,537
050,41,003,"Oregon","Benton County",5,44,1002,499,503
050,41,003,"Oregon","Benton County",5,45,946,481,465
050,41,003,"Oregon","Benton County",5,46,937,489,448
050,41,003,"Oregon","Benton County",5,47,954,479,475
050,41,003,"Oregon","Benton County",5,48,984,482,502
050,41,003,"Oregon","Benton County",5,49,970,472,498
050,41,003,"Oregon","Benton County",5,50,946,480,466
050,41,003,"Oregon","Benton County",5,51,973,479,494
050,41,003,"Oregon","Benton County",5,52,1027,536,491
050,41,003,"Oregon","Benton County",5,53,997,503,494
050,41,003,"Oregon","Benton County",5,54,951,476,475
050,41,003,"Oregon","Benton County",5,55,918,449,469
050,41,003,"Oregon","Benton County",5,56,921,468,453
050,41,003,"Oregon","Benton County",5,57,905,456,449
050,41,003,"Oregon","Benton County",5,58,903,430,473
050,41,003,"Oregon","Benton County",5,59,963,462,501
050,41,003,"Oregon","Benton County",5,60,993,470,523
050,41,003,"Oregon","Benton County",5,61,1040,488,552
050,41,003,"Oregon","Benton County",5,62,1091,512,579
050,41,003,"Oregon","Benton County",5,63,1128,526,602
050,41,003,"Oregon","Benton County",5,64,1116,521,595
050,41,003,"Oregon","Benton County",5,65,1139,529,610
050,41,003,"Oregon","Benton County",5,66,1127,509,618
050,41,003,"Oregon","Benton County",5,67,1126,514,612
050,41,003,"Oregon","Benton County",5,68,1147,539,608
050,41,003,"Oregon","Benton County",5,69,1142,560,582
050,41,003,"Oregon","Benton County",5,70,1116,537,579
050,41,003,"Oregon","Benton County",5,71,1159,565,594
050,41,003,"Oregon","Benton County",5,72,1073,539,534
050,41,003,"Oregon","Benton County",5,73,927,467,460
050,41,003,"Oregon","Benton County",5,74,944,466,478
050,41,003,"Oregon","Benton County",5,75,909,450,459
050,41,003,"Oregon","Benton County",5,76,935,452,483
050,41,003,"Oregon","Benton County",5,77,581,280,301
050,41,003,"Oregon","Benton County",5,78,567,267,300
050,41,003,"Oregon","Benton County",5,79,597,275,322
050,41,003,"Oregon","Benton County",5,80,521,235,286
050,41,003,"Oregon","Benton County",5,81,426,192,234
050,41,003,"Oregon","Benton County",5,82,390,177,213
050,41,003,"Oregon","Benton County",5,83,325,144,181
050,41,003,"Oregon","Benton County",5,84,328,139,189
050,41,003,"Oregon","Benton County",5,85,1731,694,1037
050,41,005,"Oregon","Clackamas County",1,0,3828,1959,1869
050,41,005,"Oregon","Clackamas County",1,1,4070,2110,1960
050,41,005,"Oregon","Clackamas County",1,2,4317,2216,2101
050,41,005,"Oregon","Clackamas County",1,3,4571,2350,2221
050,41,005,"Oregon","Clackamas County",1,4,4747,2412,2335
050,41,005,"Oregon","Clackamas County",1,5,4817,2489,2328
050,41,005,"Oregon","Clackamas County",1,6,4860,2495,2365
050,41,005,"Oregon","Clackamas County",1,7,4990,2598,2392
050,41,005,"Oregon","Clackamas County",1,8,4997,2624,2373
050,41,005,"Oregon","Clackamas County",1,9,5078,2613,2465
050,41,005,"Oregon","Clackamas County",1,10,5391,2766,2625
050,41,005,"Oregon","Clackamas County",1,11,5437,2828,2609
050,41,005,"Oregon","Clackamas County",1,12,5573,2897,2676
050,41,005,"Oregon","Clackamas County",1,13,5649,2886,2763
050,41,005,"Oregon","Clackamas County",1,14,5485,2707,2778
050,41,005,"Oregon","Clackamas County",1,15,5481,2783,2698
050,41,005,"Oregon","Clackamas County",1,16,5613,2887,2726
050,41,005,"Oregon","Clackamas County",1,17,5498,2827,2671
050,41,005,"Oregon","Clackamas County",1,18,4622,2455,2167
050,41,005,"Oregon","Clackamas County",1,19,3853,2029,1824
050,41,005,"Oregon","Clackamas County",1,20,4090,2126,1964
050,41,005,"Oregon","Clackamas County",1,21,4279,2237,2042
050,41,005,"Oregon","Clackamas County",1,22,4478,2295,2183
050,41,005,"Oregon","Clackamas County",1,23,4723,2441,2282
050,41,005,"Oregon","Clackamas County",1,24,4710,2458,2252
050,41,005,"Oregon","Clackamas County",1,25,4745,2434,2311
050,41,005,"Oregon","Clackamas County",1,26,4833,2432,2401
050,41,005,"Oregon","Clackamas County",1,27,4903,2528,2375
050,41,005,"Oregon","Clackamas County",1,28,5185,2673,2512
050,41,005,"Oregon","Clackamas County",1,29,5217,2612,2605
050,41,005,"Oregon","Clackamas County",1,30,5157,2549,2608
050,41,005,"Oregon","Clackamas County",1,31,5128,2581,2547
050,41,005,"Oregon","Clackamas County",1,32,5077,2556,2521
050,41,005,"Oregon","Clackamas County",1,33,5229,2602,2627
050,41,005,"Oregon","Clackamas County",1,34,5544,2774,2770
050,41,005,"Oregon","Clackamas County",1,35,5596,2802,2794
050,41,005,"Oregon","Clackamas County",1,36,5690,2812,2878
050,41,005,"Oregon","Clackamas County",1,37,5973,2943,3030
050,41,005,"Oregon","Clackamas County",1,38,6037,3034,3003
050,41,005,"Oregon","Clackamas County",1,39,6113,3105,3008
050,41,005,"Oregon","Clackamas County",1,40,5964,2957,3007
050,41,005,"Oregon","Clackamas County",1,41,5771,2878,2893
050,41,005,"Oregon","Clackamas County",1,42,5766,2866,2900
050,41,005,"Oregon","Clackamas County",1,43,5608,2809,2799
050,41,005,"Oregon","Clackamas County",1,44,5543,2789,2754
050,41,005,"Oregon","Clackamas County",1,45,5435,2789,2646
050,41,005,"Oregon","Clackamas County",1,46,5248,2615,2633
050,41,005,"Oregon","Clackamas County",1,47,5296,2651,2645
050,41,005,"Oregon","Clackamas County",1,48,5548,2854,2694
050,41,005,"Oregon","Clackamas County",1,49,6110,3151,2959
050,41,005,"Oregon","Clackamas County",1,50,5813,2929,2884
050,41,005,"Oregon","Clackamas County",1,51,5725,2866,2859
050,41,005,"Oregon","Clackamas County",1,52,5290,2633,2657
050,41,005,"Oregon","Clackamas County",1,53,5228,2616,2612
050,41,005,"Oregon","Clackamas County",1,54,5366,2726,2640
050,41,005,"Oregon","Clackamas County",1,55,5633,2830,2803
050,41,005,"Oregon","Clackamas County",1,56,5765,2843,2922
050,41,005,"Oregon","Clackamas County",1,57,5794,2858,2936
050,41,005,"Oregon","Clackamas County",1,58,5914,2913,3001
050,41,005,"Oregon","Clackamas County",1,59,5872,2906,2966
050,41,005,"Oregon","Clackamas County",1,60,5726,2798,2928
050,41,005,"Oregon","Clackamas County",1,61,5750,2807,2943
050,41,005,"Oregon","Clackamas County",1,62,5825,2815,3010
050,41,005,"Oregon","Clackamas County",1,63,5763,2830,2933
050,41,005,"Oregon","Clackamas County",1,64,5591,2738,2853
050,41,005,"Oregon","Clackamas County",1,65,5517,2672,2845
050,41,005,"Oregon","Clackamas County",1,66,5554,2705,2849
050,41,005,"Oregon","Clackamas County",1,67,5436,2558,2878
050,41,005,"Oregon","Clackamas County",1,68,5199,2467,2732
050,41,005,"Oregon","Clackamas County",1,69,4823,2320,2503
050,41,005,"Oregon","Clackamas County",1,70,4646,2183,2463
050,41,005,"Oregon","Clackamas County",1,71,4620,2176,2444
050,41,005,"Oregon","Clackamas County",1,72,4680,2210,2470
050,41,005,"Oregon","Clackamas County",1,73,4633,2151,2482
050,41,005,"Oregon","Clackamas County",1,74,3131,1506,1625
050,41,005,"Oregon","Clackamas County",1,75,3147,1476,1671
050,41,005,"Oregon","Clackamas County",1,76,3076,1423,1653
050,41,005,"Oregon","Clackamas County",1,77,2951,1351,1600
050,41,005,"Oregon","Clackamas County",1,78,2403,1110,1293
050,41,005,"Oregon","Clackamas County",1,79,2222,1058,1164
050,41,005,"Oregon","Clackamas County",1,80,1989,918,1071
050,41,005,"Oregon","Clackamas County",1,81,1810,783,1027
050,41,005,"Oregon","Clackamas County",1,82,1628,706,922
050,41,005,"Oregon","Clackamas County",1,83,1431,618,813
050,41,005,"Oregon","Clackamas County",1,84,1302,562,740
050,41,005,"Oregon","Clackamas County",1,85,8272,2981,5291
050,41,005,"Oregon","Clackamas County",2,0,3922,2027,1895
050,41,005,"Oregon","Clackamas County",2,1,4032,2085,1947
050,41,005,"Oregon","Clackamas County",2,2,4300,2212,2088
050,41,005,"Oregon","Clackamas County",2,3,4525,2330,2195
050,41,005,"Oregon","Clackamas County",2,4,4748,2425,2323
050,41,005,"Oregon","Clackamas County",2,5,4842,2495,2347
050,41,005,"Oregon","Clackamas County",2,6,4883,2511,2372
050,41,005,"Oregon","Clackamas County",2,7,4981,2587,2394
050,41,005,"Oregon","Clackamas County",2,8,5004,2619,2385
050,41,005,"Oregon","Clackamas County",2,9,5084,2636,2448
050,41,005,"Oregon","Clackamas County",2,10,5328,2737,2591
050,41,005,"Oregon","Clackamas County",2,11,5420,2807,2613
050,41,005,"Oregon","Clackamas County",2,12,5579,2898,2681
050,41,005,"Oregon","Clackamas County",2,13,5639,2891,2748
050,41,005,"Oregon","Clackamas County",2,14,5547,2763,2784
050,41,005,"Oregon","Clackamas County",2,15,5499,2770,2729
050,41,005,"Oregon","Clackamas County",2,16,5595,2870,2725
050,41,005,"Oregon","Clackamas County",2,17,5537,2851,2686
050,41,005,"Oregon","Clackamas County",2,18,4613,2445,2168
050,41,005,"Oregon","Clackamas County",2,19,3872,2040,1832
050,41,005,"Oregon","Clackamas County",2,20,4133,2150,1983
050,41,005,"Oregon","Clackamas County",2,21,4271,2221,2050
050,41,005,"Oregon","Clackamas County",2,22,4497,2313,2184
050,41,005,"Oregon","Clackamas County",2,23,4722,2433,2289
050,41,005,"Oregon","Clackamas County",2,24,4727,2463,2264
050,41,005,"Oregon","Clackamas County",2,25,4753,2445,2308
050,41,005,"Oregon","Clackamas County",2,26,4840,2440,2400
050,41,005,"Oregon","Clackamas County",2,27,4906,2520,2386
050,41,005,"Oregon","Clackamas County",2,28,5152,2662,2490
050,41,005,"Oregon","Clackamas County",2,29,5226,2630,2596
050,41,005,"Oregon","Clackamas County",2,30,5223,2589,2634
050,41,005,"Oregon","Clackamas County",2,31,5138,2570,2568
050,41,005,"Oregon","Clackamas County",2,32,5115,2568,2547
050,41,005,"Oregon","Clackamas County",2,33,5219,2601,2618
050,41,005,"Oregon","Clackamas County",2,34,5497,2749,2748
050,41,005,"Oregon","Clackamas County",2,35,5658,2836,2822
050,41,005,"Oregon","Clackamas County",2,36,5680,2816,2864
050,41,005,"Oregon","Clackamas County",2,37,5952,2938,3014
050,41,005,"Oregon","Clackamas County",2,38,6089,3051,3038
050,41,005,"Oregon","Clackamas County",2,39,6122,3101,3021
050,41,005,"Oregon","Clackamas County",2,40,6062,3027,3035
050,41,005,"Oregon","Clackamas County",2,41,5845,2910,2935
050,41,005,"Oregon","Clackamas County",2,42,5765,2871,2894
050,41,005,"Oregon","Clackamas County",2,43,5699,2844,2855
050,41,005,"Oregon","Clackamas County",2,44,5526,2777,2749
050,41,005,"Oregon","Clackamas County",2,45,5487,2804,2683
050,41,005,"Oregon","Clackamas County",2,46,5297,2656,2641
050,41,005,"Oregon","Clackamas County",2,47,5284,2644,2640
050,41,005,"Oregon","Clackamas County",2,48,5492,2813,2679
050,41,005,"Oregon","Clackamas County",2,49,6003,3099,2904
050,41,005,"Oregon","Clackamas County",2,50,5891,2988,2903
050,41,005,"Oregon","Clackamas County",2,51,5732,2879,2853
050,41,005,"Oregon","Clackamas County",2,52,5369,2675,2694
050,41,005,"Oregon","Clackamas County",2,53,5244,2619,2625
050,41,005,"Oregon","Clackamas County",2,54,5305,2682,2623
050,41,005,"Oregon","Clackamas County",2,55,5549,2786,2763
050,41,005,"Oregon","Clackamas County",2,56,5729,2830,2899
050,41,005,"Oregon","Clackamas County",2,57,5782,2847,2935
050,41,005,"Oregon","Clackamas County",2,58,5865,2894,2971
050,41,005,"Oregon","Clackamas County",2,59,5885,2908,2977
050,41,005,"Oregon","Clackamas County",2,60,5733,2808,2925
050,41,005,"Oregon","Clackamas County",2,61,5719,2788,2931
050,41,005,"Oregon","Clackamas County",2,62,5787,2801,2986
050,41,005,"Oregon","Clackamas County",2,63,5809,2841,2968
050,41,005,"Oregon","Clackamas County",2,64,5594,2743,2851
050,41,005,"Oregon","Clackamas County",2,65,5519,2672,2847
050,41,005,"Oregon","Clackamas County",2,66,5524,2681,2843
050,41,005,"Oregon","Clackamas County",2,67,5428,2572,2856
050,41,005,"Oregon","Clackamas County",2,68,5205,2460,2745
050,41,005,"Oregon","Clackamas County",2,69,4922,2352,2570
050,41,005,"Oregon","Clackamas County",2,70,4656,2204,2452
050,41,005,"Oregon","Clackamas County",2,71,4639,2182,2457
050,41,005,"Oregon","Clackamas County",2,72,4579,2157,2422
050,41,005,"Oregon","Clackamas County",2,73,4852,2274,2578
050,41,005,"Oregon","Clackamas County",2,74,3267,1554,1713
050,41,005,"Oregon","Clackamas County",2,75,3151,1480,1671
050,41,005,"Oregon","Clackamas County",2,76,3062,1420,1642
050,41,005,"Oregon","Clackamas County",2,77,3038,1397,1641
050,41,005,"Oregon","Clackamas County",2,78,2469,1133,1336
050,41,005,"Oregon","Clackamas County",2,79,2253,1063,1190
050,41,005,"Oregon","Clackamas County",2,80,2038,940,1098
050,41,005,"Oregon","Clackamas County",2,81,1833,801,1032
050,41,005,"Oregon","Clackamas County",2,82,1670,724,946
050,41,005,"Oregon","Clackamas County",2,83,1437,620,817
050,41,005,"Oregon","Clackamas County",2,84,1315,569,746
050,41,005,"Oregon","Clackamas County",2,85,8288,2997,5291
050,41,005,"Oregon","Clackamas County",3,0,3687,1867,1820
050,41,005,"Oregon","Clackamas County",3,1,3992,2098,1894
050,41,005,"Oregon","Clackamas County",3,2,4147,2162,1985
050,41,005,"Oregon","Clackamas County",3,3,4324,2202,2122
050,41,005,"Oregon","Clackamas County",3,4,4624,2344,2280
050,41,005,"Oregon","Clackamas County",3,5,4829,2480,2349
050,41,005,"Oregon","Clackamas County",3,6,4919,2543,2376
050,41,005,"Oregon","Clackamas County",3,7,4971,2564,2407
050,41,005,"Oregon","Clackamas County",3,8,5069,2636,2433
050,41,005,"Oregon","Clackamas County",3,9,5065,2624,2441
050,41,005,"Oregon","Clackamas County",3,10,5131,2660,2471
050,41,005,"Oregon","Clackamas County",3,11,5388,2772,2616
050,41,005,"Oregon","Clackamas County",3,12,5439,2823,2616
050,41,005,"Oregon","Clackamas County",3,13,5667,2945,2722
050,41,005,"Oregon","Clackamas County",3,14,5631,2903,2728
050,41,005,"Oregon","Clackamas County",3,15,5528,2742,2786
050,41,005,"Oregon","Clackamas County",3,16,5493,2790,2703
050,41,005,"Oregon","Clackamas County",3,17,5568,2853,2715
050,41,005,"Oregon","Clackamas County",3,18,4738,2497,2241
050,41,005,"Oregon","Clackamas County",3,19,3773,2016,1757
050,41,005,"Oregon","Clackamas County",3,20,4062,2122,1940
050,41,005,"Oregon","Clackamas County",3,21,4236,2173,2063
050,41,005,"Oregon","Clackamas County",3,22,4461,2275,2186
050,41,005,"Oregon","Clackamas County",3,23,4624,2366,2258
050,41,005,"Oregon","Clackamas County",3,24,4791,2455,2336
050,41,005,"Oregon","Clackamas County",3,25,4689,2432,2257
050,41,005,"Oregon","Clackamas County",3,26,4767,2448,2319
050,41,005,"Oregon","Clackamas County",3,27,4814,2415,2399
050,41,005,"Oregon","Clackamas County",3,28,5017,2589,2428
050,41,005,"Oregon","Clackamas County",3,29,5241,2663,2578
050,41,005,"Oregon","Clackamas County",3,30,5356,2712,2644
050,41,005,"Oregon","Clackamas County",3,31,5372,2660,2712
050,41,005,"Oregon","Clackamas County",3,32,5298,2692,2606
050,41,005,"Oregon","Clackamas County",3,33,5241,2618,2623
050,41,005,"Oregon","Clackamas County",3,34,5500,2737,2763
050,41,005,"Oregon","Clackamas County",3,35,5679,2814,2865
050,41,005,"Oregon","Clackamas County",3,36,5773,2886,2887
050,41,005,"Oregon","Clackamas County",3,37,5721,2828,2893
050,41,005,"Oregon","Clackamas County",3,38,6019,2981,3038
050,41,005,"Oregon","Clackamas County",3,39,6160,3097,3063
050,41,005,"Oregon","Clackamas County",3,40,6185,3116,3069
050,41,005,"Oregon","Clackamas County",3,41,6126,3051,3075
050,41,005,"Oregon","Clackamas County",3,42,5935,2970,2965
050,41,005,"Oregon","Clackamas County",3,43,5764,2875,2889
050,41,005,"Oregon","Clackamas County",3,44,5739,2893,2846
050,41,005,"Oregon","Clackamas County",3,45,5550,2796,2754
050,41,005,"Oregon","Clackamas County",3,46,5522,2810,2712
050,41,005,"Oregon","Clackamas County",3,47,5275,2652,2623
050,41,005,"Oregon","Clackamas County",3,48,5297,2672,2625
050,41,005,"Oregon","Clackamas County",3,49,5487,2815,2672
050,41,005,"Oregon","Clackamas County",3,50,5962,3082,2880
050,41,005,"Oregon","Clackamas County",3,51,5854,2945,2909
050,41,005,"Oregon","Clackamas County",3,52,5695,2866,2829
050,41,005,"Oregon","Clackamas County",3,53,5366,2667,2699
050,41,005,"Oregon","Clackamas County",3,54,5175,2605,2570
050,41,005,"Oregon","Clackamas County",3,55,5268,2658,2610
050,41,005,"Oregon","Clackamas County",3,56,5451,2732,2719
050,41,005,"Oregon","Clackamas County",3,57,5599,2778,2821
050,41,005,"Oregon","Clackamas County",3,58,5685,2812,2873
050,41,005,"Oregon","Clackamas County",3,59,5767,2842,2925
050,41,005,"Oregon","Clackamas County",3,60,5826,2847,2979
050,41,005,"Oregon","Clackamas County",3,61,5614,2724,2890
050,41,005,"Oregon","Clackamas County",3,62,5598,2710,2888
050,41,005,"Oregon","Clackamas County",3,63,5694,2758,2936
050,41,005,"Oregon","Clackamas County",3,64,5735,2789,2946
050,41,005,"Oregon","Clackamas County",3,65,5503,2682,2821
050,41,005,"Oregon","Clackamas County",3,66,5396,2588,2808
050,41,005,"Oregon","Clackamas County",3,67,5453,2631,2822
050,41,005,"Oregon","Clackamas County",3,68,5336,2509,2827
050,41,005,"Oregon","Clackamas County",3,69,5114,2410,2704
050,41,005,"Oregon","Clackamas County",3,70,4867,2319,2548
050,41,005,"Oregon","Clackamas County",3,71,4643,2185,2458
050,41,005,"Oregon","Clackamas County",3,72,4549,2121,2428
050,41,005,"Oregon","Clackamas County",3,73,4481,2095,2386
050,41,005,"Oregon","Clackamas County",3,74,4740,2222,2518
050,41,005,"Oregon","Clackamas County",3,75,3231,1516,1715
050,41,005,"Oregon","Clackamas County",3,76,3087,1448,1639
050,41,005,"Oregon","Clackamas County",3,77,3000,1394,1606
050,41,005,"Oregon","Clackamas County",3,78,2929,1337,1592
050,41,005,"Oregon","Clackamas County",3,79,2412,1095,1317
050,41,005,"Oregon","Clackamas County",3,80,2136,1003,1133
050,41,005,"Oregon","Clackamas County",3,81,1949,881,1068
050,41,005,"Oregon","Clackamas County",3,82,1779,778,1001
050,41,005,"Oregon","Clackamas County",3,83,1549,669,880
050,41,005,"Oregon","Clackamas County",3,84,1359,560,799
050,41,005,"Oregon","Clackamas County",3,85,8318,3070,5248
050,41,005,"Oregon","Clackamas County",4,0,3736,1898,1838
050,41,005,"Oregon","Clackamas County",4,1,3783,1930,1853
050,41,005,"Oregon","Clackamas County",4,2,4043,2119,1924
050,41,005,"Oregon","Clackamas County",4,3,4202,2175,2027
050,41,005,"Oregon","Clackamas County",4,4,4364,2230,2134
050,41,005,"Oregon","Clackamas County",4,5,4702,2391,2311
050,41,005,"Oregon","Clackamas County",4,6,4893,2520,2373
050,41,005,"Oregon","Clackamas County",4,7,4985,2577,2408
050,41,005,"Oregon","Clackamas County",4,8,5056,2611,2445
050,41,005,"Oregon","Clackamas County",4,9,5096,2647,2449
050,41,005,"Oregon","Clackamas County",4,10,5063,2605,2458
050,41,005,"Oregon","Clackamas County",4,11,5118,2657,2461
050,41,005,"Oregon","Clackamas County",4,12,5402,2792,2610
050,41,005,"Oregon","Clackamas County",4,13,5405,2780,2625
050,41,005,"Oregon","Clackamas County",4,14,5613,2926,2687
050,41,005,"Oregon","Clackamas County",4,15,5664,2918,2746
050,41,005,"Oregon","Clackamas County",4,16,5517,2765,2752
050,41,005,"Oregon","Clackamas County",4,17,5502,2785,2717
050,41,005,"Oregon","Clackamas County",4,18,4668,2481,2187
050,41,005,"Oregon","Clackamas County",4,19,3764,1989,1775
050,41,005,"Oregon","Clackamas County",4,20,3860,2043,1817
050,41,005,"Oregon","Clackamas County",4,21,4101,2110,1991
050,41,005,"Oregon","Clackamas County",4,22,4369,2214,2155
050,41,005,"Oregon","Clackamas County",4,23,4527,2287,2240
050,41,005,"Oregon","Clackamas County",4,24,4690,2405,2285
050,41,005,"Oregon","Clackamas County",4,25,4751,2423,2328
050,41,005,"Oregon","Clackamas County",4,26,4716,2443,2273
050,41,005,"Oregon","Clackamas County",4,27,4757,2474,2283
050,41,005,"Oregon","Clackamas County",4,28,4872,2449,2423
050,41,005,"Oregon","Clackamas County",4,29,5013,2609,2404
050,41,005,"Oregon","Clackamas County",4,30,5283,2650,2633
050,41,005,"Oregon","Clackamas County",4,31,5421,2695,2726
050,41,005,"Oregon","Clackamas County",4,32,5549,2752,2797
050,41,005,"Oregon","Clackamas County",4,33,5375,2719,2656
050,41,005,"Oregon","Clackamas County",4,34,5484,2737,2747
050,41,005,"Oregon","Clackamas County",4,35,5625,2765,2860
050,41,005,"Oregon","Clackamas County",4,36,5690,2804,2886
050,41,005,"Oregon","Clackamas County",4,37,5780,2889,2891
050,41,005,"Oregon","Clackamas County",4,38,5830,2873,2957
050,41,005,"Oregon","Clackamas County",4,39,6136,3092,3044
050,41,005,"Oregon","Clackamas County",4,40,6208,3134,3074
050,41,005,"Oregon","Clackamas County",4,41,6303,3164,3139
050,41,005,"Oregon","Clackamas County",4,42,6153,3075,3078
050,41,005,"Oregon","Clackamas County",4,43,5970,3007,2963
050,41,005,"Oregon","Clackamas County",4,44,5768,2887,2881
050,41,005,"Oregon","Clackamas County",4,45,5732,2873,2859
050,41,005,"Oregon","Clackamas County",4,46,5587,2798,2789
050,41,005,"Oregon","Clackamas County",4,47,5534,2810,2724
050,41,005,"Oregon","Clackamas County",4,48,5280,2666,2614
050,41,005,"Oregon","Clackamas County",4,49,5293,2677,2616
050,41,005,"Oregon","Clackamas County",4,50,5374,2780,2594
050,41,005,"Oregon","Clackamas County",4,51,5915,3081,2834
050,41,005,"Oregon","Clackamas County",4,52,5829,2904,2925
050,41,005,"Oregon","Clackamas County",4,53,5640,2819,2821
050,41,005,"Oregon","Clackamas County",4,54,5357,2679,2678
050,41,005,"Oregon","Clackamas County",4,55,5105,2587,2518
050,41,005,"Oregon","Clackamas County",4,56,5176,2602,2574
050,41,005,"Oregon","Clackamas County",4,57,5346,2681,2665
050,41,005,"Oregon","Clackamas County",4,58,5526,2744,2782
050,41,005,"Oregon","Clackamas County",4,59,5546,2721,2825
050,41,005,"Oregon","Clackamas County",4,60,5621,2763,2858
050,41,005,"Oregon","Clackamas County",4,61,5753,2825,2928
050,41,005,"Oregon","Clackamas County",4,62,5484,2658,2826
050,41,005,"Oregon","Clackamas County",4,63,5473,2634,2839
050,41,005,"Oregon","Clackamas County",4,64,5623,2717,2906
050,41,005,"Oregon","Clackamas County",4,65,5578,2691,2887
050,41,005,"Oregon","Clackamas County",4,66,5384,2591,2793
050,41,005,"Oregon","Clackamas County",4,67,5300,2530,2770
050,41,005,"Oregon","Clackamas County",4,68,5314,2555,2759
050,41,005,"Oregon","Clackamas County",4,69,5227,2442,2785
050,41,005,"Oregon","Clackamas County",4,70,5016,2351,2665
050,41,005,"Oregon","Clackamas County",4,71,4800,2270,2530
050,41,005,"Oregon","Clackamas County",4,72,4546,2120,2426
050,41,005,"Oregon","Clackamas County",4,73,4418,2038,2380
050,41,005,"Oregon","Clackamas County",4,74,4351,2010,2341
050,41,005,"Oregon","Clackamas County",4,75,4637,2155,2482
050,41,005,"Oregon","Clackamas County",4,76,3142,1457,1685
050,41,005,"Oregon","Clackamas County",4,77,3026,1403,1623
050,41,005,"Oregon","Clackamas County",4,78,2891,1318,1573
050,41,005,"Oregon","Clackamas County",4,79,2868,1291,1577
050,41,005,"Oregon","Clackamas County",4,80,2306,1038,1268
050,41,005,"Oregon","Clackamas County",4,81,2022,922,1100
050,41,005,"Oregon","Clackamas County",4,82,1880,854,1026
050,41,005,"Oregon","Clackamas County",4,83,1624,728,896
050,41,005,"Oregon","Clackamas County",4,84,1456,610,846
050,41,005,"Oregon","Clackamas County",4,85,8331,3107,5224
050,41,005,"Oregon","Clackamas County",5,0,3613,1844,1769
050,41,005,"Oregon","Clackamas County",5,1,3819,1897,1922
050,41,005,"Oregon","Clackamas County",5,2,3850,1951,1899
050,41,005,"Oregon","Clackamas County",5,3,4126,2159,1967
050,41,005,"Oregon","Clackamas County",5,4,4283,2213,2070
050,41,005,"Oregon","Clackamas County",5,5,4458,2294,2164
050,41,005,"Oregon","Clackamas County",5,6,4723,2380,2343
050,41,005,"Oregon","Clackamas County",5,7,4969,2565,2404
050,41,005,"Oregon","Clackamas County",5,8,5013,2589,2424
050,41,005,"Oregon","Clackamas County",5,9,5062,2626,2436
050,41,005,"Oregon","Clackamas County",5,10,5141,2675,2466
050,41,005,"Oregon","Clackamas County",5,11,5102,2635,2467
050,41,005,"Oregon","Clackamas County",5,12,5142,2669,2473
050,41,005,"Oregon","Clackamas County",5,13,5407,2789,2618
050,41,005,"Oregon","Clackamas County",5,14,5435,2804,2631
050,41,005,"Oregon","Clackamas County",5,15,5623,2950,2673
050,41,005,"Oregon","Clackamas County",5,16,5655,2923,2732
050,41,005,"Oregon","Clackamas County",5,17,5512,2777,2735
050,41,005,"Oregon","Clackamas County",5,18,4658,2432,2226
050,41,005,"Oregon","Clackamas County",5,19,3762,1991,1771
050,41,005,"Oregon","Clackamas County",5,20,3956,2073,1883
050,41,005,"Oregon","Clackamas County",5,21,3988,2086,1902
050,41,005,"Oregon","Clackamas County",5,22,4317,2218,2099
050,41,005,"Oregon","Clackamas County",5,23,4458,2256,2202
050,41,005,"Oregon","Clackamas County",5,24,4611,2350,2261
050,41,005,"Oregon","Clackamas County",5,25,4607,2377,2230
050,41,005,"Oregon","Clackamas County",5,26,4827,2433,2394
050,41,005,"Oregon","Clackamas County",5,27,4660,2413,2247
050,41,005,"Oregon","Clackamas County",5,28,4704,2442,2262
050,41,005,"Oregon","Clackamas County",5,29,4887,2437,2450
050,41,005,"Oregon","Clackamas County",5,30,5034,2603,2431
050,41,005,"Oregon","Clackamas County",5,31,5325,2676,2649
050,41,005,"Oregon","Clackamas County",5,32,5502,2741,2761
050,41,005,"Oregon","Clackamas County",5,33,5663,2800,2863
050,41,005,"Oregon","Clackamas County",5,34,5479,2767,2712
050,41,005,"Oregon","Clackamas County",5,35,5605,2787,2818
050,41,005,"Oregon","Clackamas County",5,36,5725,2830,2895
050,41,005,"Oregon","Clackamas County",5,37,5826,2872,2954
050,41,005,"Oregon","Clackamas County",5,38,5903,2965,2938
050,41,005,"Oregon","Clackamas County",5,39,5911,2913,2998
050,41,005,"Oregon","Clackamas County",5,40,6171,3108,3063
050,41,005,"Oregon","Clackamas County",5,41,6229,3114,3115
050,41,005,"Oregon","Clackamas County",5,42,6352,3182,3170
050,41,005,"Oregon","Clackamas County",5,43,6186,3091,3095
050,41,005,"Oregon","Clackamas County",5,44,5951,2965,2986
050,41,005,"Oregon","Clackamas County",5,45,5768,2896,2872
050,41,005,"Oregon","Clackamas County",5,46,5739,2838,2901
050,41,005,"Oregon","Clackamas County",5,47,5594,2819,2775
050,41,005,"Oregon","Clackamas County",5,48,5514,2810,2704
050,41,005,"Oregon","Clackamas County",5,49,5271,2672,2599
050,41,005,"Oregon","Clackamas County",5,50,5254,2657,2597
050,41,005,"Oregon","Clackamas County",5,51,5340,2736,2604
050,41,005,"Oregon","Clackamas County",5,52,5864,3029,2835
050,41,005,"Oregon","Clackamas County",5,53,5800,2897,2903
050,41,005,"Oregon","Clackamas County",5,54,5577,2784,2793
050,41,005,"Oregon","Clackamas County",5,55,5332,2679,2653
050,41,005,"Oregon","Clackamas County",5,56,5042,2528,2514
050,41,005,"Oregon","Clackamas County",5,57,5056,2546,2510
050,41,005,"Oregon","Clackamas County",5,58,5255,2654,2601
050,41,005,"Oregon","Clackamas County",5,59,5500,2723,2777
050,41,005,"Oregon","Clackamas County",5,60,5490,2687,2803
050,41,005,"Oregon","Clackamas County",5,61,5545,2716,2829
050,41,005,"Oregon","Clackamas County",5,62,5642,2769,2873
050,41,005,"Oregon","Clackamas County",5,63,5383,2594,2789
050,41,005,"Oregon","Clackamas County",5,64,5417,2607,2810
050,41,005,"Oregon","Clackamas County",5,65,5564,2681,2883
050,41,005,"Oregon","Clackamas County",5,66,5475,2639,2836
050,41,005,"Oregon","Clackamas County",5,67,5307,2537,2770
050,41,005,"Oregon","Clackamas County",5,68,5224,2488,2736
050,41,005,"Oregon","Clackamas County",5,69,5178,2478,2700
050,41,005,"Oregon","Clackamas County",5,70,5118,2384,2734
050,41,005,"Oregon","Clackamas County",5,71,4948,2308,2640
050,41,005,"Oregon","Clackamas County",5,72,4684,2192,2492
050,41,005,"Oregon","Clackamas County",5,73,4458,2070,2388
050,41,005,"Oregon","Clackamas County",5,74,4310,1985,2325
050,41,005,"Oregon","Clackamas County",5,75,4254,1934,2320
050,41,005,"Oregon","Clackamas County",5,76,4524,2081,2443
050,41,005,"Oregon","Clackamas County",5,77,3058,1409,1649
050,41,005,"Oregon","Clackamas County",5,78,2945,1342,1603
050,41,005,"Oregon","Clackamas County",5,79,2848,1278,1570
050,41,005,"Oregon","Clackamas County",5,80,2728,1220,1508
050,41,005,"Oregon","Clackamas County",5,81,2192,969,1223
050,41,005,"Oregon","Clackamas County",5,82,1950,889,1061
050,41,005,"Oregon","Clackamas County",5,83,1770,816,954
050,41,005,"Oregon","Clackamas County",5,84,1521,656,865
050,41,005,"Oregon","Clackamas County",5,85,8504,3221,5283
050,41,007,"Oregon","Clatsop County",1,0,380,195,185
050,41,007,"Oregon","Clatsop County",1,1,390,204,186
050,41,007,"Oregon","Clatsop County",1,2,388,200,188
050,41,007,"Oregon","Clatsop County",1,3,410,215,195
050,41,007,"Oregon","Clatsop County",1,4,428,212,216
050,41,007,"Oregon","Clatsop County",1,5,429,220,209
050,41,007,"Oregon","Clatsop County",1,6,420,231,189
050,41,007,"Oregon","Clatsop County",1,7,462,236,226
050,41,007,"Oregon","Clatsop County",1,8,437,218,219
050,41,007,"Oregon","Clatsop County",1,9,451,216,235
050,41,007,"Oregon","Clatsop County",1,10,428,196,232
050,41,007,"Oregon","Clatsop County",1,11,442,220,222
050,41,007,"Oregon","Clatsop County",1,12,462,226,236
050,41,007,"Oregon","Clatsop County",1,13,512,249,263
050,41,007,"Oregon","Clatsop County",1,14,445,228,217
050,41,007,"Oregon","Clatsop County",1,15,420,210,210
050,41,007,"Oregon","Clatsop County",1,16,427,218,209
050,41,007,"Oregon","Clatsop County",1,17,444,226,218
050,41,007,"Oregon","Clatsop County",1,18,392,206,186
050,41,007,"Oregon","Clatsop County",1,19,394,201,193
050,41,007,"Oregon","Clatsop County",1,20,421,221,200
050,41,007,"Oregon","Clatsop County",1,21,388,208,180
050,41,007,"Oregon","Clatsop County",1,22,402,198,204
050,41,007,"Oregon","Clatsop County",1,23,447,223,224
050,41,007,"Oregon","Clatsop County",1,24,438,230,208
050,41,007,"Oregon","Clatsop County",1,25,414,219,195
050,41,007,"Oregon","Clatsop County",1,26,428,231,197
050,41,007,"Oregon","Clatsop County",1,27,446,242,204
050,41,007,"Oregon","Clatsop County",1,28,509,263,246
050,41,007,"Oregon","Clatsop County",1,29,500,236,264
050,41,007,"Oregon","Clatsop County",1,30,470,246,224
050,41,007,"Oregon","Clatsop County",1,31,500,245,255
050,41,007,"Oregon","Clatsop County",1,32,499,258,241
050,41,007,"Oregon","Clatsop County",1,33,512,267,245
050,41,007,"Oregon","Clatsop County",1,34,515,268,247
050,41,007,"Oregon","Clatsop County",1,35,520,236,284
050,41,007,"Oregon","Clatsop County",1,36,490,232,258
050,41,007,"Oregon","Clatsop County",1,37,554,276,278
050,41,007,"Oregon","Clatsop County",1,38,561,277,284
050,41,007,"Oregon","Clatsop County",1,39,558,276,282
050,41,007,"Oregon","Clatsop County",1,40,572,292,280
050,41,007,"Oregon","Clatsop County",1,41,530,256,274
050,41,007,"Oregon","Clatsop County",1,42,507,250,257
050,41,007,"Oregon","Clatsop County",1,43,485,260,225
050,41,007,"Oregon","Clatsop County",1,44,444,225,219
050,41,007,"Oregon","Clatsop County",1,45,440,228,212
050,41,007,"Oregon","Clatsop County",1,46,407,206,201
050,41,007,"Oregon","Clatsop County",1,47,429,218,211
050,41,007,"Oregon","Clatsop County",1,48,457,234,223
050,41,007,"Oregon","Clatsop County",1,49,484,246,238
050,41,007,"Oregon","Clatsop County",1,50,470,242,228
050,41,007,"Oregon","Clatsop County",1,51,488,244,244
050,41,007,"Oregon","Clatsop County",1,52,454,224,230
050,41,007,"Oregon","Clatsop County",1,53,440,227,213
050,41,007,"Oregon","Clatsop County",1,54,480,240,240
050,41,007,"Oregon","Clatsop County",1,55,514,244,270
050,41,007,"Oregon","Clatsop County",1,56,555,273,282
050,41,007,"Oregon","Clatsop County",1,57,617,312,305
050,41,007,"Oregon","Clatsop County",1,58,632,314,318
050,41,007,"Oregon","Clatsop County",1,59,624,305,319
050,41,007,"Oregon","Clatsop County",1,60,607,292,315
050,41,007,"Oregon","Clatsop County",1,61,613,297,316
050,41,007,"Oregon","Clatsop County",1,62,683,328,355
050,41,007,"Oregon","Clatsop County",1,63,686,343,343
050,41,007,"Oregon","Clatsop County",1,64,684,312,372
050,41,007,"Oregon","Clatsop County",1,65,710,336,374
050,41,007,"Oregon","Clatsop County",1,66,732,343,389
050,41,007,"Oregon","Clatsop County",1,67,710,340,370
050,41,007,"Oregon","Clatsop County",1,68,687,333,354
050,41,007,"Oregon","Clatsop County",1,69,641,311,330
050,41,007,"Oregon","Clatsop County",1,70,632,307,325
050,41,007,"Oregon","Clatsop County",1,71,617,327,290
050,41,007,"Oregon","Clatsop County",1,72,609,308,301
050,41,007,"Oregon","Clatsop County",1,73,594,286,308
050,41,007,"Oregon","Clatsop County",1,74,403,193,210
050,41,007,"Oregon","Clatsop County",1,75,385,191,194
050,41,007,"Oregon","Clatsop County",1,76,368,179,189
050,41,007,"Oregon","Clatsop County",1,77,349,167,182
050,41,007,"Oregon","Clatsop County",1,78,288,143,145
050,41,007,"Oregon","Clatsop County",1,79,262,131,131
050,41,007,"Oregon","Clatsop County",1,80,213,108,105
050,41,007,"Oregon","Clatsop County",1,81,190,99,91
050,41,007,"Oregon","Clatsop County",1,82,184,88,96
050,41,007,"Oregon","Clatsop County",1,83,140,56,84
050,41,007,"Oregon","Clatsop County",1,84,156,65,91
050,41,007,"Oregon","Clatsop County",1,85,771,299,472
050,41,007,"Oregon","Clatsop County",2,0,384,187,197
050,41,007,"Oregon","Clatsop County",2,1,386,201,185
050,41,007,"Oregon","Clatsop County",2,2,388,202,186
050,41,007,"Oregon","Clatsop County",2,3,403,211,192
050,41,007,"Oregon","Clatsop County",2,4,428,218,210
050,41,007,"Oregon","Clatsop County",2,5,429,219,210
050,41,007,"Oregon","Clatsop County",2,6,421,228,193
050,41,007,"Oregon","Clatsop County",2,7,449,234,215
050,41,007,"Oregon","Clatsop County",2,8,440,222,218
050,41,007,"Oregon","Clatsop County",2,9,447,217,230
050,41,007,"Oregon","Clatsop County",2,10,432,201,231
050,41,007,"Oregon","Clatsop County",2,11,436,214,222
050,41,007,"Oregon","Clatsop County",2,12,459,227,232
050,41,007,"Oregon","Clatsop County",2,13,499,244,255
050,41,007,"Oregon","Clatsop County",2,14,459,232,227
050,41,007,"Oregon","Clatsop County",2,15,427,216,211
050,41,007,"Oregon","Clatsop County",2,16,426,216,210
050,41,007,"Oregon","Clatsop County",2,17,440,224,216
050,41,007,"Oregon","Clatsop County",2,18,393,205,188
050,41,007,"Oregon","Clatsop County",2,19,387,198,189
050,41,007,"Oregon","Clatsop County",2,20,420,219,201
050,41,007,"Oregon","Clatsop County",2,21,395,211,184
050,41,007,"Oregon","Clatsop County",2,22,404,200,204
050,41,007,"Oregon","Clatsop County",2,23,442,219,223
050,41,007,"Oregon","Clatsop County",2,24,444,232,212
050,41,007,"Oregon","Clatsop County",2,25,424,225,199
050,41,007,"Oregon","Clatsop County",2,26,424,229,195
050,41,007,"Oregon","Clatsop County",2,27,443,240,203
050,41,007,"Oregon","Clatsop County",2,28,494,256,238
050,41,007,"Oregon","Clatsop County",2,29,492,239,253
050,41,007,"Oregon","Clatsop County",2,30,480,244,236
050,41,007,"Oregon","Clatsop County",2,31,493,243,250
050,41,007,"Oregon","Clatsop County",2,32,502,256,246
050,41,007,"Oregon","Clatsop County",2,33,512,268,244
050,41,007,"Oregon","Clatsop County",2,34,517,268,249
050,41,007,"Oregon","Clatsop County",2,35,526,246,280
050,41,007,"Oregon","Clatsop County",2,36,499,235,264
050,41,007,"Oregon","Clatsop County",2,37,540,266,274
050,41,007,"Oregon","Clatsop County",2,38,563,275,288
050,41,007,"Oregon","Clatsop County",2,39,556,276,280
050,41,007,"Oregon","Clatsop County",2,40,571,288,283
050,41,007,"Oregon","Clatsop County",2,41,543,265,278
050,41,007,"Oregon","Clatsop County",2,42,513,252,261
050,41,007,"Oregon","Clatsop County",2,43,496,261,235
050,41,007,"Oregon","Clatsop County",2,44,455,235,220
050,41,007,"Oregon","Clatsop County",2,45,445,230,215
050,41,007,"Oregon","Clatsop County",2,46,414,212,202
050,41,007,"Oregon","Clatsop County",2,47,422,213,209
050,41,007,"Oregon","Clatsop County",2,48,451,230,221
050,41,007,"Oregon","Clatsop County",2,49,480,244,236
050,41,007,"Oregon","Clatsop County",2,50,470,239,231
050,41,007,"Oregon","Clatsop County",2,51,483,243,240
050,41,007,"Oregon","Clatsop County",2,52,462,228,234
050,41,007,"Oregon","Clatsop County",2,53,447,228,219
050,41,007,"Oregon","Clatsop County",2,54,469,236,233
050,41,007,"Oregon","Clatsop County",2,55,508,244,264
050,41,007,"Oregon","Clatsop County",2,56,548,267,281
050,41,007,"Oregon","Clatsop County",2,57,609,308,301
050,41,007,"Oregon","Clatsop County",2,58,629,315,314
050,41,007,"Oregon","Clatsop County",2,59,636,311,325
050,41,007,"Oregon","Clatsop County",2,60,609,294,315
050,41,007,"Oregon","Clatsop County",2,61,608,295,313
050,41,007,"Oregon","Clatsop County",2,62,668,322,346
050,41,007,"Oregon","Clatsop County",2,63,693,342,351
050,41,007,"Oregon","Clatsop County",2,64,679,319,360
050,41,007,"Oregon","Clatsop County",2,65,704,330,374
050,41,007,"Oregon","Clatsop County",2,66,734,344,390
050,41,007,"Oregon","Clatsop County",2,67,712,339,373
050,41,007,"Oregon","Clatsop County",2,68,691,333,358
050,41,007,"Oregon","Clatsop County",2,69,652,315,337
050,41,007,"Oregon","Clatsop County",2,70,631,307,324
050,41,007,"Oregon","Clatsop County",2,71,625,324,301
050,41,007,"Oregon","Clatsop County",2,72,598,307,291
050,41,007,"Oregon","Clatsop County",2,73,631,309,322
050,41,007,"Oregon","Clatsop County",2,74,424,203,221
050,41,007,"Oregon","Clatsop County",2,75,384,189,195
050,41,007,"Oregon","Clatsop County",2,76,369,182,187
050,41,007,"Oregon","Clatsop County",2,77,365,176,189
050,41,007,"Oregon","Clatsop County",2,78,296,146,150
050,41,007,"Oregon","Clatsop County",2,79,263,131,132
050,41,007,"Oregon","Clatsop County",2,80,224,112,112
050,41,007,"Oregon","Clatsop County",2,81,191,98,93
050,41,007,"Oregon","Clatsop County",2,82,186,92,94
050,41,007,"Oregon","Clatsop County",2,83,147,63,84
050,41,007,"Oregon","Clatsop County",2,84,147,60,87
050,41,007,"Oregon","Clatsop County",2,85,777,301,476
050,41,007,"Oregon","Clatsop County",3,0,361,190,171
050,41,007,"Oregon","Clatsop County",3,1,359,201,158
050,41,007,"Oregon","Clatsop County",3,2,377,196,181
050,41,007,"Oregon","Clatsop County",3,3,397,209,188
050,41,007,"Oregon","Clatsop County",3,4,391,204,187
050,41,007,"Oregon","Clatsop County",3,5,431,221,210
050,41,007,"Oregon","Clatsop County",3,6,435,222,213
050,41,007,"Oregon","Clatsop County",3,7,421,226,195
050,41,007,"Oregon","Clatsop County",3,8,457,244,213
050,41,007,"Oregon","Clatsop County",3,9,464,234,230
050,41,007,"Oregon","Clatsop County",3,10,455,237,218
050,41,007,"Oregon","Clatsop County",3,11,448,212,236
050,41,007,"Oregon","Clatsop County",3,12,440,220,220
050,41,007,"Oregon","Clatsop County",3,13,478,248,230
050,41,007,"Oregon","Clatsop County",3,14,496,244,252
050,41,007,"Oregon","Clatsop County",3,15,456,230,226
050,41,007,"Oregon","Clatsop County",3,16,439,218,221
050,41,007,"Oregon","Clatsop County",3,17,444,223,221
050,41,007,"Oregon","Clatsop County",3,18,402,204,198
050,41,007,"Oregon","Clatsop County",3,19,364,192,172
050,41,007,"Oregon","Clatsop County",3,20,418,217,201
050,41,007,"Oregon","Clatsop County",3,21,429,224,205
050,41,007,"Oregon","Clatsop County",3,22,418,210,208
050,41,007,"Oregon","Clatsop County",3,23,413,215,198
050,41,007,"Oregon","Clatsop County",3,24,460,228,232
050,41,007,"Oregon","Clatsop County",3,25,449,228,221
050,41,007,"Oregon","Clatsop County",3,26,445,222,223
050,41,007,"Oregon","Clatsop County",3,27,442,234,208
050,41,007,"Oregon","Clatsop County",3,28,454,247,207
050,41,007,"Oregon","Clatsop County",3,29,468,235,233
050,41,007,"Oregon","Clatsop County",3,30,528,253,275
050,41,007,"Oregon","Clatsop County",3,31,505,257,248
050,41,007,"Oregon","Clatsop County",3,32,505,252,253
050,41,007,"Oregon","Clatsop County",3,33,520,251,269
050,41,007,"Oregon","Clatsop County",3,34,535,290,245
050,41,007,"Oregon","Clatsop County",3,35,538,279,259
050,41,007,"Oregon","Clatsop County",3,36,557,267,290
050,41,007,"Oregon","Clatsop County",3,37,532,250,282
050,41,007,"Oregon","Clatsop County",3,38,539,265,274
050,41,007,"Oregon","Clatsop County",3,39,578,286,292
050,41,007,"Oregon","Clatsop County",3,40,581,282,299
050,41,007,"Oregon","Clatsop County",3,41,603,303,300
050,41,007,"Oregon","Clatsop County",3,42,556,269,287
050,41,007,"Oregon","Clatsop County",3,43,511,248,263
050,41,007,"Oregon","Clatsop County",3,44,502,256,246
050,41,007,"Oregon","Clatsop County",3,45,493,246,247
050,41,007,"Oregon","Clatsop County",3,46,466,243,223
050,41,007,"Oregon","Clatsop County",3,47,423,211,212
050,41,007,"Oregon","Clatsop County",3,48,436,215,221
050,41,007,"Oregon","Clatsop County",3,49,456,233,223
050,41,007,"Oregon","Clatsop County",3,50,480,253,227
050,41,007,"Oregon","Clatsop County",3,51,483,244,239
050,41,007,"Oregon","Clatsop County",3,52,477,243,234
050,41,007,"Oregon","Clatsop County",3,53,460,223,237
050,41,007,"Oregon","Clatsop County",3,54,438,227,211
050,41,007,"Oregon","Clatsop County",3,55,483,235,248
050,41,007,"Oregon","Clatsop County",3,56,530,256,274
050,41,007,"Oregon","Clatsop County",3,57,572,282,290
050,41,007,"Oregon","Clatsop County",3,58,616,301,315
050,41,007,"Oregon","Clatsop County",3,59,641,324,317
050,41,007,"Oregon","Clatsop County",3,60,663,329,334
050,41,007,"Oregon","Clatsop County",3,61,617,299,318
050,41,007,"Oregon","Clatsop County",3,62,632,302,330
050,41,007,"Oregon","Clatsop County",3,63,687,338,349
050,41,007,"Oregon","Clatsop County",3,64,704,346,358
050,41,007,"Oregon","Clatsop County",3,65,690,315,375
050,41,007,"Oregon","Clatsop County",3,66,712,340,372
050,41,007,"Oregon","Clatsop County",3,67,735,342,393
050,41,007,"Oregon","Clatsop County",3,68,721,348,373
050,41,007,"Oregon","Clatsop County",3,69,683,330,353
050,41,007,"Oregon","Clatsop County",3,70,643,310,333
050,41,007,"Oregon","Clatsop County",3,71,629,305,324
050,41,007,"Oregon","Clatsop County",3,72,612,319,293
050,41,007,"Oregon","Clatsop County",3,73,595,306,289
050,41,007,"Oregon","Clatsop County",3,74,620,301,319
050,41,007,"Oregon","Clatsop County",3,75,416,201,215
050,41,007,"Oregon","Clatsop County",3,76,370,181,189
050,41,007,"Oregon","Clatsop County",3,77,365,176,189
050,41,007,"Oregon","Clatsop County",3,78,341,164,177
050,41,007,"Oregon","Clatsop County",3,79,274,136,138
050,41,007,"Oregon","Clatsop County",3,80,259,127,132
050,41,007,"Oregon","Clatsop County",3,81,215,107,108
050,41,007,"Oregon","Clatsop County",3,82,181,90,91
050,41,007,"Oregon","Clatsop County",3,83,177,87,90
050,41,007,"Oregon","Clatsop County",3,84,130,55,75
050,41,007,"Oregon","Clatsop County",3,85,806,311,495
050,41,007,"Oregon","Clatsop County",4,0,321,162,159
050,41,007,"Oregon","Clatsop County",4,1,351,179,172
050,41,007,"Oregon","Clatsop County",4,2,368,202,166
050,41,007,"Oregon","Clatsop County",4,3,379,191,188
050,41,007,"Oregon","Clatsop County",4,4,364,194,170
050,41,007,"Oregon","Clatsop County",4,5,382,193,189
050,41,007,"Oregon","Clatsop County",4,6,408,216,192
050,41,007,"Oregon","Clatsop County",4,7,416,214,202
050,41,007,"Oregon","Clatsop County",4,8,415,214,201
050,41,007,"Oregon","Clatsop County",4,9,458,245,213
050,41,007,"Oregon","Clatsop County",4,10,452,229,223
050,41,007,"Oregon","Clatsop County",4,11,459,234,225
050,41,007,"Oregon","Clatsop County",4,12,426,202,224
050,41,007,"Oregon","Clatsop County",4,13,431,215,216
050,41,007,"Oregon","Clatsop County",4,14,473,245,228
050,41,007,"Oregon","Clatsop County",4,15,493,250,243
050,41,007,"Oregon","Clatsop County",4,16,456,234,222
050,41,007,"Oregon","Clatsop County",4,17,438,215,223
050,41,007,"Oregon","Clatsop County",4,18,411,210,201
050,41,007,"Oregon","Clatsop County",4,19,357,188,169
050,41,007,"Oregon","Clatsop County",4,20,381,206,175
050,41,007,"Oregon","Clatsop County",4,21,420,218,202
050,41,007,"Oregon","Clatsop County",4,22,431,222,209
050,41,007,"Oregon","Clatsop County",4,23,414,194,220
050,41,007,"Oregon","Clatsop County",4,24,431,216,215
050,41,007,"Oregon","Clatsop County",4,25,454,244,210
050,41,007,"Oregon","Clatsop County",4,26,426,207,219
050,41,007,"Oregon","Clatsop County",4,27,439,220,219
050,41,007,"Oregon","Clatsop County",4,28,444,227,217
050,41,007,"Oregon","Clatsop County",4,29,438,233,205
050,41,007,"Oregon","Clatsop County",4,30,461,229,232
050,41,007,"Oregon","Clatsop County",4,31,528,256,272
050,41,007,"Oregon","Clatsop County",4,32,492,248,244
050,41,007,"Oregon","Clatsop County",4,33,501,250,251
050,41,007,"Oregon","Clatsop County",4,34,513,242,271
050,41,007,"Oregon","Clatsop County",4,35,539,283,256
050,41,007,"Oregon","Clatsop County",4,36,522,269,253
050,41,007,"Oregon","Clatsop County",4,37,571,285,286
050,41,007,"Oregon","Clatsop County",4,38,537,255,282
050,41,007,"Oregon","Clatsop County",4,39,539,257,282
050,41,007,"Oregon","Clatsop County",4,40,574,278,296
050,41,007,"Oregon","Clatsop County",4,41,582,289,293
050,41,007,"Oregon","Clatsop County",4,42,585,286,299
050,41,007,"Oregon","Clatsop County",4,43,561,283,278
050,41,007,"Oregon","Clatsop County",4,44,515,251,264
050,41,007,"Oregon","Clatsop County",4,45,500,249,251
050,41,007,"Oregon","Clatsop County",4,46,501,244,257
050,41,007,"Oregon","Clatsop County",4,47,461,239,222
050,41,007,"Oregon","Clatsop County",4,48,432,218,214
050,41,007,"Oregon","Clatsop County",4,49,434,211,223
050,41,007,"Oregon","Clatsop County",4,50,442,229,213
050,41,007,"Oregon","Clatsop County",4,51,487,263,224
050,41,007,"Oregon","Clatsop County",4,52,478,243,235
050,41,007,"Oregon","Clatsop County",4,53,497,245,252
050,41,007,"Oregon","Clatsop County",4,54,434,207,227
050,41,007,"Oregon","Clatsop County",4,55,426,222,204
050,41,007,"Oregon","Clatsop County",4,56,508,234,274
050,41,007,"Oregon","Clatsop County",4,57,557,269,288
050,41,007,"Oregon","Clatsop County",4,58,551,272,279
050,41,007,"Oregon","Clatsop County",4,59,626,295,331
050,41,007,"Oregon","Clatsop County",4,60,647,327,320
050,41,007,"Oregon","Clatsop County",4,61,672,327,345
050,41,007,"Oregon","Clatsop County",4,62,635,305,330
050,41,007,"Oregon","Clatsop County",4,63,618,296,322
050,41,007,"Oregon","Clatsop County",4,64,699,351,348
050,41,007,"Oregon","Clatsop County",4,65,686,326,360
050,41,007,"Oregon","Clatsop County",4,66,670,298,372
050,41,007,"Oregon","Clatsop County",4,67,708,342,366
050,41,007,"Oregon","Clatsop County",4,68,731,339,392
050,41,007,"Oregon","Clatsop County",4,69,704,330,374
050,41,007,"Oregon","Clatsop County",4,70,674,328,346
050,41,007,"Oregon","Clatsop County",4,71,618,293,325
050,41,007,"Oregon","Clatsop County",4,72,626,314,312
050,41,007,"Oregon","Clatsop County",4,73,597,308,289
050,41,007,"Oregon","Clatsop County",4,74,583,302,281
050,41,007,"Oregon","Clatsop County",4,75,604,296,308
050,41,007,"Oregon","Clatsop County",4,76,407,200,207
050,41,007,"Oregon","Clatsop County",4,77,360,175,185
050,41,007,"Oregon","Clatsop County",4,78,350,171,179
050,41,007,"Oregon","Clatsop County",4,79,323,150,173
050,41,007,"Oregon","Clatsop County",4,80,266,132,134
050,41,007,"Oregon","Clatsop County",4,81,245,125,120
050,41,007,"Oregon","Clatsop County",4,82,201,95,106
050,41,007,"Oregon","Clatsop County",4,83,161,81,80
050,41,007,"Oregon","Clatsop County",4,84,164,81,83
050,41,007,"Oregon","Clatsop County",4,85,813,320,493
050,41,007,"Oregon","Clatsop County",5,0,302,154,148
050,41,007,"Oregon","Clatsop County",5,1,322,159,163
050,41,007,"Oregon","Clatsop County",5,2,336,166,170
050,41,007,"Oregon","Clatsop County",5,3,357,190,167
050,41,007,"Oregon","Clatsop County",5,4,361,186,175
050,41,007,"Oregon","Clatsop County",5,5,369,196,173
050,41,007,"Oregon","Clatsop County",5,6,364,181,183
050,41,007,"Oregon","Clatsop County",5,7,411,214,197
050,41,007,"Oregon","Clatsop County",5,8,407,204,203
050,41,007,"Oregon","Clatsop County",5,9,409,213,196
050,41,007,"Oregon","Clatsop County",5,10,442,241,201
050,41,007,"Oregon","Clatsop County",5,11,438,234,204
050,41,007,"Oregon","Clatsop County",5,12,438,226,212
050,41,007,"Oregon","Clatsop County",5,13,426,200,226
050,41,007,"Oregon","Clatsop County",5,14,429,212,217
050,41,007,"Oregon","Clatsop County",5,15,436,225,211
050,41,007,"Oregon","Clatsop County",5,16,479,238,241
050,41,007,"Oregon","Clatsop County",5,17,470,241,229
050,41,007,"Oregon","Clatsop County",5,18,403,203,200
050,41,007,"Oregon","Clatsop County",5,19,371,189,182
050,41,007,"Oregon","Clatsop County",5,20,362,202,160
050,41,007,"Oregon","Clatsop County",5,21,390,217,173
050,41,007,"Oregon","Clatsop County",5,22,428,204,224
050,41,007,"Oregon","Clatsop County",5,23,443,219,224
050,41,007,"Oregon","Clatsop County",5,24,423,210,213
050,41,007,"Oregon","Clatsop County",5,25,423,218,205
050,41,007,"Oregon","Clatsop County",5,26,459,240,219
050,41,007,"Oregon","Clatsop County",5,27,447,223,224
050,41,007,"Oregon","Clatsop County",5,28,416,211,205
050,41,007,"Oregon","Clatsop County",5,29,415,212,203
050,41,007,"Oregon","Clatsop County",5,30,442,240,202
050,41,007,"Oregon","Clatsop County",5,31,444,226,218
050,41,007,"Oregon","Clatsop County",5,32,499,242,257
050,41,007,"Oregon","Clatsop County",5,33,478,239,239
050,41,007,"Oregon","Clatsop County",5,34,495,242,253
050,41,007,"Oregon","Clatsop County",5,35,517,257,260
050,41,007,"Oregon","Clatsop County",5,36,512,269,243
050,41,007,"Oregon","Clatsop County",5,37,514,258,256
050,41,007,"Oregon","Clatsop County",5,38,563,285,278
050,41,007,"Oregon","Clatsop County",5,39,526,253,273
050,41,007,"Oregon","Clatsop County",5,40,533,254,279
050,41,007,"Oregon","Clatsop County",5,41,562,279,283
050,41,007,"Oregon","Clatsop County",5,42,582,295,287
050,41,007,"Oregon","Clatsop County",5,43,565,269,296
050,41,007,"Oregon","Clatsop County",5,44,576,290,286
050,41,007,"Oregon","Clatsop County",5,45,499,247,252
050,41,007,"Oregon","Clatsop County",5,46,504,256,248
050,41,007,"Oregon","Clatsop County",5,47,489,236,253
050,41,007,"Oregon","Clatsop County",5,48,464,240,224
050,41,007,"Oregon","Clatsop County",5,49,427,207,220
050,41,007,"Oregon","Clatsop County",5,50,449,211,238
050,41,007,"Oregon","Clatsop County",5,51,466,249,217
050,41,007,"Oregon","Clatsop County",5,52,483,263,220
050,41,007,"Oregon","Clatsop County",5,53,491,249,242
050,41,007,"Oregon","Clatsop County",5,54,498,243,255
050,41,007,"Oregon","Clatsop County",5,55,421,210,211
050,41,007,"Oregon","Clatsop County",5,56,453,233,220
050,41,007,"Oregon","Clatsop County",5,57,519,238,281
050,41,007,"Oregon","Clatsop County",5,58,544,261,283
050,41,007,"Oregon","Clatsop County",5,59,544,281,263
050,41,007,"Oregon","Clatsop County",5,60,610,291,319
050,41,007,"Oregon","Clatsop County",5,61,622,305,317
050,41,007,"Oregon","Clatsop County",5,62,660,318,342
050,41,007,"Oregon","Clatsop County",5,63,635,301,334
050,41,007,"Oregon","Clatsop County",5,64,620,291,329
050,41,007,"Oregon","Clatsop County",5,65,664,334,330
050,41,007,"Oregon","Clatsop County",5,66,667,322,345
050,41,007,"Oregon","Clatsop County",5,67,658,288,370
050,41,007,"Oregon","Clatsop County",5,68,691,330,361
050,41,007,"Oregon","Clatsop County",5,69,712,322,390
050,41,007,"Oregon","Clatsop County",5,70,701,327,374
050,41,007,"Oregon","Clatsop County",5,71,664,315,349
050,41,007,"Oregon","Clatsop County",5,72,612,290,322
050,41,007,"Oregon","Clatsop County",5,73,604,299,305
050,41,007,"Oregon","Clatsop County",5,74,587,293,294
050,41,007,"Oregon","Clatsop County",5,75,555,299,256
050,41,007,"Oregon","Clatsop County",5,76,584,287,297
050,41,007,"Oregon","Clatsop County",5,77,392,191,201
050,41,007,"Oregon","Clatsop County",5,78,346,169,177
050,41,007,"Oregon","Clatsop County",5,79,322,157,165
050,41,007,"Oregon","Clatsop County",5,80,307,140,167
050,41,007,"Oregon","Clatsop County",5,81,250,124,126
050,41,007,"Oregon","Clatsop County",5,82,224,108,116
050,41,007,"Oregon","Clatsop County",5,83,182,86,96
050,41,007,"Oregon","Clatsop County",5,84,153,76,77
050,41,007,"Oregon","Clatsop County",5,85,845,353,492
050,41,009,"Oregon","Columbia County",1,0,458,234,224
050,41,009,"Oregon","Columbia County",1,1,497,245,252
050,41,009,"Oregon","Columbia County",1,2,527,258,269
050,41,009,"Oregon","Columbia County",1,3,544,279,265
050,41,009,"Oregon","Columbia County",1,4,623,331,292
050,41,009,"Oregon","Columbia County",1,5,624,340,284
050,41,009,"Oregon","Columbia County",1,6,566,288,278
050,41,009,"Oregon","Columbia County",1,7,561,260,301
050,41,009,"Oregon","Columbia County",1,8,586,282,304
050,41,009,"Oregon","Columbia County",1,9,602,310,292
050,41,009,"Oregon","Columbia County",1,10,659,338,321
050,41,009,"Oregon","Columbia County",1,11,699,359,340
050,41,009,"Oregon","Columbia County",1,12,691,364,327
050,41,009,"Oregon","Columbia County",1,13,650,326,324
050,41,009,"Oregon","Columbia County",1,14,640,330,310
050,41,009,"Oregon","Columbia County",1,15,650,337,313
050,41,009,"Oregon","Columbia County",1,16,674,345,329
050,41,009,"Oregon","Columbia County",1,17,658,336,322
050,41,009,"Oregon","Columbia County",1,18,580,305,275
050,41,009,"Oregon","Columbia County",1,19,488,251,237
050,41,009,"Oregon","Columbia County",1,20,511,265,246
050,41,009,"Oregon","Columbia County",1,21,521,297,224
050,41,009,"Oregon","Columbia County",1,22,521,275,246
050,41,009,"Oregon","Columbia County",1,23,534,297,237
050,41,009,"Oregon","Columbia County",1,24,528,281,247
050,41,009,"Oregon","Columbia County",1,25,529,267,262
050,41,009,"Oregon","Columbia County",1,26,557,295,262
050,41,009,"Oregon","Columbia County",1,27,591,306,285
050,41,009,"Oregon","Columbia County",1,28,624,301,323
050,41,009,"Oregon","Columbia County",1,29,638,330,308
050,41,009,"Oregon","Columbia County",1,30,655,344,311
050,41,009,"Oregon","Columbia County",1,31,674,329,345
050,41,009,"Oregon","Columbia County",1,32,642,310,332
050,41,009,"Oregon","Columbia County",1,33,629,311,318
050,41,009,"Oregon","Columbia County",1,34,619,311,308
050,41,009,"Oregon","Columbia County",1,35,643,313,330
050,41,009,"Oregon","Columbia County",1,36,640,328,312
050,41,009,"Oregon","Columbia County",1,37,672,355,317
050,41,009,"Oregon","Columbia County",1,38,682,352,330
050,41,009,"Oregon","Columbia County",1,39,723,370,353
050,41,009,"Oregon","Columbia County",1,40,716,352,364
050,41,009,"Oregon","Columbia County",1,41,689,348,341
050,41,009,"Oregon","Columbia County",1,42,675,338,337
050,41,009,"Oregon","Columbia County",1,43,651,331,320
050,41,009,"Oregon","Columbia County",1,44,650,337,313
050,41,009,"Oregon","Columbia County",1,45,602,310,292
050,41,009,"Oregon","Columbia County",1,46,611,311,300
050,41,009,"Oregon","Columbia County",1,47,628,329,299
050,41,009,"Oregon","Columbia County",1,48,682,344,338
050,41,009,"Oregon","Columbia County",1,49,788,383,405
050,41,009,"Oregon","Columbia County",1,50,785,398,387
050,41,009,"Oregon","Columbia County",1,51,738,369,369
050,41,009,"Oregon","Columbia County",1,52,682,362,320
050,41,009,"Oregon","Columbia County",1,53,739,380,359
050,41,009,"Oregon","Columbia County",1,54,729,368,361
050,41,009,"Oregon","Columbia County",1,55,735,375,360
050,41,009,"Oregon","Columbia County",1,56,758,397,361
050,41,009,"Oregon","Columbia County",1,57,798,401,397
050,41,009,"Oregon","Columbia County",1,58,840,398,442
050,41,009,"Oregon","Columbia County",1,59,821,395,426
050,41,009,"Oregon","Columbia County",1,60,839,404,435
050,41,009,"Oregon","Columbia County",1,61,802,388,414
050,41,009,"Oregon","Columbia County",1,62,806,417,389
050,41,009,"Oregon","Columbia County",1,63,791,404,387
050,41,009,"Oregon","Columbia County",1,64,775,390,385
050,41,009,"Oregon","Columbia County",1,65,744,370,374
050,41,009,"Oregon","Columbia County",1,66,721,348,373
050,41,009,"Oregon","Columbia County",1,67,733,360,373
050,41,009,"Oregon","Columbia County",1,68,681,336,345
050,41,009,"Oregon","Columbia County",1,69,662,338,324
050,41,009,"Oregon","Columbia County",1,70,617,309,308
050,41,009,"Oregon","Columbia County",1,71,611,305,306
050,41,009,"Oregon","Columbia County",1,72,644,299,345
050,41,009,"Oregon","Columbia County",1,73,624,291,333
050,41,009,"Oregon","Columbia County",1,74,401,190,211
050,41,009,"Oregon","Columbia County",1,75,390,188,202
050,41,009,"Oregon","Columbia County",1,76,412,207,205
050,41,009,"Oregon","Columbia County",1,77,410,223,187
050,41,009,"Oregon","Columbia County",1,78,320,151,169
050,41,009,"Oregon","Columbia County",1,79,276,124,152
050,41,009,"Oregon","Columbia County",1,80,260,131,129
050,41,009,"Oregon","Columbia County",1,81,235,107,128
050,41,009,"Oregon","Columbia County",1,82,209,97,112
050,41,009,"Oregon","Columbia County",1,83,183,84,99
050,41,009,"Oregon","Columbia County",1,84,143,67,76
050,41,009,"Oregon","Columbia County",1,85,877,337,540
050,41,009,"Oregon","Columbia County",2,0,499,243,256
050,41,009,"Oregon","Columbia County",2,1,487,241,246
050,41,009,"Oregon","Columbia County",2,2,525,254,271
050,41,009,"Oregon","Columbia County",2,3,543,274,269
050,41,009,"Oregon","Columbia County",2,4,610,320,290
050,41,009,"Oregon","Columbia County",2,5,624,338,286
050,41,009,"Oregon","Columbia County",2,6,585,302,283
050,41,009,"Oregon","Columbia County",2,7,567,270,297
050,41,009,"Oregon","Columbia County",2,8,581,279,302
050,41,009,"Oregon","Columbia County",2,9,599,302,297
050,41,009,"Oregon","Columbia County",2,10,648,332,316
050,41,009,"Oregon","Columbia County",2,11,685,354,331
050,41,009,"Oregon","Columbia County",2,12,699,367,332
050,41,009,"Oregon","Columbia County",2,13,660,335,325
050,41,009,"Oregon","Columbia County",2,14,641,328,313
050,41,009,"Oregon","Columbia County",2,15,646,333,313
050,41,009,"Oregon","Columbia County",2,16,666,341,325
050,41,009,"Oregon","Columbia County",2,17,662,337,325
050,41,009,"Oregon","Columbia County",2,18,570,300,270
050,41,009,"Oregon","Columbia County",2,19,479,248,231
050,41,009,"Oregon","Columbia County",2,20,516,269,247
050,41,009,"Oregon","Columbia County",2,21,524,294,230
050,41,009,"Oregon","Columbia County",2,22,529,282,247
050,41,009,"Oregon","Columbia County",2,23,537,295,242
050,41,009,"Oregon","Columbia County",2,24,530,287,243
050,41,009,"Oregon","Columbia County",2,25,534,273,261
050,41,009,"Oregon","Columbia County",2,26,565,295,270
050,41,009,"Oregon","Columbia County",2,27,589,305,284
050,41,009,"Oregon","Columbia County",2,28,622,307,315
050,41,009,"Oregon","Columbia County",2,29,641,329,312
050,41,009,"Oregon","Columbia County",2,30,659,342,317
050,41,009,"Oregon","Columbia County",2,31,675,334,341
050,41,009,"Oregon","Columbia County",2,32,655,316,339
050,41,009,"Oregon","Columbia County",2,33,636,313,323
050,41,009,"Oregon","Columbia County",2,34,626,314,312
050,41,009,"Oregon","Columbia County",2,35,645,317,328
050,41,009,"Oregon","Columbia County",2,36,642,325,317
050,41,009,"Oregon","Columbia County",2,37,672,353,319
050,41,009,"Oregon","Columbia County",2,38,688,356,332
050,41,009,"Oregon","Columbia County",2,39,712,365,347
050,41,009,"Oregon","Columbia County",2,40,721,361,360
050,41,009,"Oregon","Columbia County",2,41,694,349,345
050,41,009,"Oregon","Columbia County",2,42,679,340,339
050,41,009,"Oregon","Columbia County",2,43,665,335,330
050,41,009,"Oregon","Columbia County",2,44,644,335,309
050,41,009,"Oregon","Columbia County",2,45,619,319,300
050,41,009,"Oregon","Columbia County",2,46,601,306,295
050,41,009,"Oregon","Columbia County",2,47,625,325,300
050,41,009,"Oregon","Columbia County",2,48,669,340,329
050,41,009,"Oregon","Columbia County",2,49,769,377,392
050,41,009,"Oregon","Columbia County",2,50,790,395,395
050,41,009,"Oregon","Columbia County",2,51,745,375,370
050,41,009,"Oregon","Columbia County",2,52,694,363,331
050,41,009,"Oregon","Columbia County",2,53,727,374,353
050,41,009,"Oregon","Columbia County",2,54,726,368,358
050,41,009,"Oregon","Columbia County",2,55,734,374,360
050,41,009,"Oregon","Columbia County",2,56,755,394,361
050,41,009,"Oregon","Columbia County",2,57,788,398,390
050,41,009,"Oregon","Columbia County",2,58,829,400,429
050,41,009,"Oregon","Columbia County",2,59,829,396,433
050,41,009,"Oregon","Columbia County",2,60,833,400,433
050,41,009,"Oregon","Columbia County",2,61,799,386,413
050,41,009,"Oregon","Columbia County",2,62,802,409,393
050,41,009,"Oregon","Columbia County",2,63,801,408,393
050,41,009,"Oregon","Columbia County",2,64,770,391,379
050,41,009,"Oregon","Columbia County",2,65,749,374,375
050,41,009,"Oregon","Columbia County",2,66,726,353,373
050,41,009,"Oregon","Columbia County",2,67,723,353,370
050,41,009,"Oregon","Columbia County",2,68,686,340,346
050,41,009,"Oregon","Columbia County",2,69,670,340,330
050,41,009,"Oregon","Columbia County",2,70,628,316,312
050,41,009,"Oregon","Columbia County",2,71,612,307,305
050,41,009,"Oregon","Columbia County",2,72,621,293,328
050,41,009,"Oregon","Columbia County",2,73,654,304,350
050,41,009,"Oregon","Columbia County",2,74,426,201,225
050,41,009,"Oregon","Columbia County",2,75,394,188,206
050,41,009,"Oregon","Columbia County",2,76,402,200,202
050,41,009,"Oregon","Columbia County",2,77,415,221,194
050,41,009,"Oregon","Columbia County",2,78,331,163,168
050,41,009,"Oregon","Columbia County",2,79,284,129,155
050,41,009,"Oregon","Columbia County",2,80,258,126,132
050,41,009,"Oregon","Columbia County",2,81,237,111,126
050,41,009,"Oregon","Columbia County",2,82,210,98,112
050,41,009,"Oregon","Columbia County",2,83,185,85,100
050,41,009,"Oregon","Columbia County",2,84,150,70,80
050,41,009,"Oregon","Columbia County",2,85,882,342,540
050,41,009,"Oregon","Columbia County",3,0,461,246,215
050,41,009,"Oregon","Columbia County",3,1,548,281,267
050,41,009,"Oregon","Columbia County",3,2,503,250,253
050,41,009,"Oregon","Columbia County",3,3,528,253,275
050,41,009,"Oregon","Columbia County",3,4,553,286,267
050,41,009,"Oregon","Columbia County",3,5,617,334,283
050,41,009,"Oregon","Columbia County",3,6,623,325,298
050,41,009,"Oregon","Columbia County",3,7,588,302,286
050,41,009,"Oregon","Columbia County",3,8,571,281,290
050,41,009,"Oregon","Columbia County",3,9,590,279,311
050,41,009,"Oregon","Columbia County",3,10,607,305,302
050,41,009,"Oregon","Columbia County",3,11,654,327,327
050,41,009,"Oregon","Columbia County",3,12,682,348,334
050,41,009,"Oregon","Columbia County",3,13,699,367,332
050,41,009,"Oregon","Columbia County",3,14,646,328,318
050,41,009,"Oregon","Columbia County",3,15,637,333,304
050,41,009,"Oregon","Columbia County",3,16,638,327,311
050,41,009,"Oregon","Columbia County",3,17,685,352,333
050,41,009,"Oregon","Columbia County",3,18,566,297,269
050,41,009,"Oregon","Columbia County",3,19,457,243,214
050,41,009,"Oregon","Columbia County",3,20,503,262,241
050,41,009,"Oregon","Columbia County",3,21,546,288,258
050,41,009,"Oregon","Columbia County",3,22,540,293,247
050,41,009,"Oregon","Columbia County",3,23,560,300,260
050,41,009,"Oregon","Columbia County",3,24,564,308,256
050,41,009,"Oregon","Columbia County",3,25,554,298,256
050,41,009,"Oregon","Columbia County",3,26,567,296,271
050,41,009,"Oregon","Columbia County",3,27,589,313,276
050,41,009,"Oregon","Columbia County",3,28,597,314,283
050,41,009,"Oregon","Columbia County",3,29,641,323,318
050,41,009,"Oregon","Columbia County",3,30,663,337,326
050,41,009,"Oregon","Columbia County",3,31,683,358,325
050,41,009,"Oregon","Columbia County",3,32,708,355,353
050,41,009,"Oregon","Columbia County",3,33,684,342,342
050,41,009,"Oregon","Columbia County",3,34,671,342,329
050,41,009,"Oregon","Columbia County",3,35,654,325,329
050,41,009,"Oregon","Columbia County",3,36,672,337,335
050,41,009,"Oregon","Columbia County",3,37,676,349,327
050,41,009,"Oregon","Columbia County",3,38,722,368,354
050,41,009,"Oregon","Columbia County",3,39,709,365,344
050,41,009,"Oregon","Columbia County",3,40,721,370,351
050,41,009,"Oregon","Columbia County",3,41,746,375,371
050,41,009,"Oregon","Columbia County",3,42,705,359,346
050,41,009,"Oregon","Columbia County",3,43,681,339,342
050,41,009,"Oregon","Columbia County",3,44,678,342,336
050,41,009,"Oregon","Columbia County",3,45,666,348,318
050,41,009,"Oregon","Columbia County",3,46,621,303,318
050,41,009,"Oregon","Columbia County",3,47,616,310,306
050,41,009,"Oregon","Columbia County",3,48,630,335,295
050,41,009,"Oregon","Columbia County",3,49,656,339,317
050,41,009,"Oregon","Columbia County",3,50,749,371,378
050,41,009,"Oregon","Columbia County",3,51,795,391,404
050,41,009,"Oregon","Columbia County",3,52,760,386,374
050,41,009,"Oregon","Columbia County",3,53,695,366,329
050,41,009,"Oregon","Columbia County",3,54,714,378,336
050,41,009,"Oregon","Columbia County",3,55,721,369,352
050,41,009,"Oregon","Columbia County",3,56,726,371,355
050,41,009,"Oregon","Columbia County",3,57,756,391,365
050,41,009,"Oregon","Columbia County",3,58,789,395,394
050,41,009,"Oregon","Columbia County",3,59,827,402,425
050,41,009,"Oregon","Columbia County",3,60,841,402,439
050,41,009,"Oregon","Columbia County",3,61,809,381,428
050,41,009,"Oregon","Columbia County",3,62,789,378,411
050,41,009,"Oregon","Columbia County",3,63,788,398,390
050,41,009,"Oregon","Columbia County",3,64,784,401,383
050,41,009,"Oregon","Columbia County",3,65,774,394,380
050,41,009,"Oregon","Columbia County",3,66,731,364,367
050,41,009,"Oregon","Columbia County",3,67,694,335,359
050,41,009,"Oregon","Columbia County",3,68,711,347,364
050,41,009,"Oregon","Columbia County",3,69,662,325,337
050,41,009,"Oregon","Columbia County",3,70,670,338,332
050,41,009,"Oregon","Columbia County",3,71,625,313,312
050,41,009,"Oregon","Columbia County",3,72,610,303,307
050,41,009,"Oregon","Columbia County",3,73,605,279,326
050,41,009,"Oregon","Columbia County",3,74,635,294,341
050,41,009,"Oregon","Columbia County",3,75,415,197,218
050,41,009,"Oregon","Columbia County",3,76,383,183,200
050,41,009,"Oregon","Columbia County",3,77,391,195,196
050,41,009,"Oregon","Columbia County",3,78,397,212,185
050,41,009,"Oregon","Columbia County",3,79,305,149,156
050,41,009,"Oregon","Columbia County",3,80,263,116,147
050,41,009,"Oregon","Columbia County",3,81,243,118,125
050,41,009,"Oregon","Columbia County",3,82,216,103,113
050,41,009,"Oregon","Columbia County",3,83,192,89,103
050,41,009,"Oregon","Columbia County",3,84,160,72,88
050,41,009,"Oregon","Columbia County",3,85,901,358,543
050,41,009,"Oregon","Columbia County",4,0,505,268,237
050,41,009,"Oregon","Columbia County",4,1,481,256,225
050,41,009,"Oregon","Columbia County",4,2,569,278,291
050,41,009,"Oregon","Columbia County",4,3,537,272,265
050,41,009,"Oregon","Columbia County",4,4,556,275,281
050,41,009,"Oregon","Columbia County",4,5,543,271,272
050,41,009,"Oregon","Columbia County",4,6,644,338,306
050,41,009,"Oregon","Columbia County",4,7,657,347,310
050,41,009,"Oregon","Columbia County",4,8,600,311,289
050,41,009,"Oregon","Columbia County",4,9,567,282,285
050,41,009,"Oregon","Columbia County",4,10,607,299,308
050,41,009,"Oregon","Columbia County",4,11,622,311,311
050,41,009,"Oregon","Columbia County",4,12,678,347,331
050,41,009,"Oregon","Columbia County",4,13,712,353,359
050,41,009,"Oregon","Columbia County",4,14,708,372,336
050,41,009,"Oregon","Columbia County",4,15,667,333,334
050,41,009,"Oregon","Columbia County",4,16,640,326,314
050,41,009,"Oregon","Columbia County",4,17,639,335,304
050,41,009,"Oregon","Columbia County",4,18,589,311,278
050,41,009,"Oregon","Columbia County",4,19,433,229,204
050,41,009,"Oregon","Columbia County",4,20,465,248,217
050,41,009,"Oregon","Columbia County",4,21,498,265,233
050,41,009,"Oregon","Columbia County",4,22,560,287,273
050,41,009,"Oregon","Columbia County",4,23,533,279,254
050,41,009,"Oregon","Columbia County",4,24,539,293,246
050,41,009,"Oregon","Columbia County",4,25,549,310,239
050,41,009,"Oregon","Columbia County",4,26,588,315,273
050,41,009,"Oregon","Columbia County",4,27,582,292,290
050,41,009,"Oregon","Columbia County",4,28,610,325,285
050,41,009,"Oregon","Columbia County",4,29,592,310,282
050,41,009,"Oregon","Columbia County",4,30,665,338,327
050,41,009,"Oregon","Columbia County",4,31,695,347,348
050,41,009,"Oregon","Columbia County",4,32,688,372,316
050,41,009,"Oregon","Columbia County",4,33,736,372,364
050,41,009,"Oregon","Columbia County",4,34,689,354,335
050,41,009,"Oregon","Columbia County",4,35,701,356,345
050,41,009,"Oregon","Columbia County",4,36,684,342,342
050,41,009,"Oregon","Columbia County",4,37,734,365,369
050,41,009,"Oregon","Columbia County",4,38,708,358,350
050,41,009,"Oregon","Columbia County",4,39,741,386,355
050,41,009,"Oregon","Columbia County",4,40,714,359,355
050,41,009,"Oregon","Columbia County",4,41,746,388,358
050,41,009,"Oregon","Columbia County",4,42,772,390,382
050,41,009,"Oregon","Columbia County",4,43,724,372,352
050,41,009,"Oregon","Columbia County",4,44,692,352,340
050,41,009,"Oregon","Columbia County",4,45,688,352,336
050,41,009,"Oregon","Columbia County",4,46,681,347,334
050,41,009,"Oregon","Columbia County",4,47,605,298,307
050,41,009,"Oregon","Columbia County",4,48,616,311,305
050,41,009,"Oregon","Columbia County",4,49,630,327,303
050,41,009,"Oregon","Columbia County",4,50,662,350,312
050,41,009,"Oregon","Columbia County",4,51,758,375,383
050,41,009,"Oregon","Columbia County",4,52,786,389,397
050,41,009,"Oregon","Columbia County",4,53,753,380,373
050,41,009,"Oregon","Columbia County",4,54,695,367,328
050,41,009,"Oregon","Columbia County",4,55,710,382,328
050,41,009,"Oregon","Columbia County",4,56,711,363,348
050,41,009,"Oregon","Columbia County",4,57,723,366,357
050,41,009,"Oregon","Columbia County",4,58,753,385,368
050,41,009,"Oregon","Columbia County",4,59,772,385,387
050,41,009,"Oregon","Columbia County",4,60,826,403,423
050,41,009,"Oregon","Columbia County",4,61,821,383,438
050,41,009,"Oregon","Columbia County",4,62,803,389,414
050,41,009,"Oregon","Columbia County",4,63,773,370,403
050,41,009,"Oregon","Columbia County",4,64,767,385,382
050,41,009,"Oregon","Columbia County",4,65,778,395,383
050,41,009,"Oregon","Columbia County",4,66,732,374,358
050,41,009,"Oregon","Columbia County",4,67,714,363,351
050,41,009,"Oregon","Columbia County",4,68,690,330,360
050,41,009,"Oregon","Columbia County",4,69,698,342,356
050,41,009,"Oregon","Columbia County",4,70,651,316,335
050,41,009,"Oregon","Columbia County",4,71,665,333,332
050,41,009,"Oregon","Columbia County",4,72,608,297,311
050,41,009,"Oregon","Columbia County",4,73,584,288,296
050,41,009,"Oregon","Columbia County",4,74,590,267,323
050,41,009,"Oregon","Columbia County",4,75,617,283,334
050,41,009,"Oregon","Columbia County",4,76,403,196,207
050,41,009,"Oregon","Columbia County",4,77,363,169,194
050,41,009,"Oregon","Columbia County",4,78,369,184,185
050,41,009,"Oregon","Columbia County",4,79,374,197,177
050,41,009,"Oregon","Columbia County",4,80,290,138,152
050,41,009,"Oregon","Columbia County",4,81,251,108,143
050,41,009,"Oregon","Columbia County",4,82,222,108,114
050,41,009,"Oregon","Columbia County",4,83,195,96,99
050,41,009,"Oregon","Columbia County",4,84,166,73,93
050,41,009,"Oregon","Columbia County",4,85,955,381,574
050,41,009,"Oregon","Columbia County",5,0,442,234,208
050,41,009,"Oregon","Columbia County",5,1,549,285,264
050,41,009,"Oregon","Columbia County",5,2,488,258,230
050,41,009,"Oregon","Columbia County",5,3,586,292,294
050,41,009,"Oregon","Columbia County",5,4,546,270,276
050,41,009,"Oregon","Columbia County",5,5,572,289,283
050,41,009,"Oregon","Columbia County",5,6,549,276,273
050,41,009,"Oregon","Columbia County",5,7,627,332,295
050,41,009,"Oregon","Columbia County",5,8,670,356,314
050,41,009,"Oregon","Columbia County",5,9,615,304,311
050,41,009,"Oregon","Columbia County",5,10,577,287,290
050,41,009,"Oregon","Columbia County",5,11,609,293,316
050,41,009,"Oregon","Columbia County",5,12,621,310,311
050,41,009,"Oregon","Columbia County",5,13,675,351,324
050,41,009,"Oregon","Columbia County",5,14,698,338,360
050,41,009,"Oregon","Columbia County",5,15,714,371,343
050,41,009,"Oregon","Columbia County",5,16,673,343,330
050,41,009,"Oregon","Columbia County",5,17,638,325,313
050,41,009,"Oregon","Columbia County",5,18,540,297,243
050,41,009,"Oregon","Columbia County",5,19,464,242,222
050,41,009,"Oregon","Columbia County",5,20,463,232,231
050,41,009,"Oregon","Columbia County",5,21,496,266,230
050,41,009,"Oregon","Columbia County",5,22,544,278,266
050,41,009,"Oregon","Columbia County",5,23,592,296,296
050,41,009,"Oregon","Columbia County",5,24,528,273,255
050,41,009,"Oregon","Columbia County",5,25,537,300,237
050,41,009,"Oregon","Columbia County",5,26,534,299,235
050,41,009,"Oregon","Columbia County",5,27,610,329,281
050,41,009,"Oregon","Columbia County",5,28,610,310,300
050,41,009,"Oregon","Columbia County",5,29,614,329,285
050,41,009,"Oregon","Columbia County",5,30,602,311,291
050,41,009,"Oregon","Columbia County",5,31,691,353,338
050,41,009,"Oregon","Columbia County",5,32,723,362,361
050,41,009,"Oregon","Columbia County",5,33,710,380,330
050,41,009,"Oregon","Columbia County",5,34,755,372,383
050,41,009,"Oregon","Columbia County",5,35,708,367,341
050,41,009,"Oregon","Columbia County",5,36,700,352,348
050,41,009,"Oregon","Columbia County",5,37,699,353,346
050,41,009,"Oregon","Columbia County",5,38,739,361,378
050,41,009,"Oregon","Columbia County",5,39,758,384,374
050,41,009,"Oregon","Columbia County",5,40,730,371,359
050,41,009,"Oregon","Columbia County",5,41,741,368,373
050,41,009,"Oregon","Columbia County",5,42,761,408,353
050,41,009,"Oregon","Columbia County",5,43,776,388,388
050,41,009,"Oregon","Columbia County",5,44,731,368,363
050,41,009,"Oregon","Columbia County",5,45,700,364,336
050,41,009,"Oregon","Columbia County",5,46,684,360,324
050,41,009,"Oregon","Columbia County",5,47,692,355,337
050,41,009,"Oregon","Columbia County",5,48,611,311,300
050,41,009,"Oregon","Columbia County",5,49,625,304,321
050,41,009,"Oregon","Columbia County",5,50,637,329,308
050,41,009,"Oregon","Columbia County",5,51,661,345,316
050,41,009,"Oregon","Columbia County",5,52,742,367,375
050,41,009,"Oregon","Columbia County",5,53,792,390,402
050,41,009,"Oregon","Columbia County",5,54,752,388,364
050,41,009,"Oregon","Columbia County",5,55,697,381,316
050,41,009,"Oregon","Columbia County",5,56,702,369,333
050,41,009,"Oregon","Columbia County",5,57,700,353,347
050,41,009,"Oregon","Columbia County",5,58,730,361,369
050,41,009,"Oregon","Columbia County",5,59,747,392,355
050,41,009,"Oregon","Columbia County",5,60,767,386,381
050,41,009,"Oregon","Columbia County",5,61,804,383,421
050,41,009,"Oregon","Columbia County",5,62,815,380,435
050,41,009,"Oregon","Columbia County",5,63,787,375,412
050,41,009,"Oregon","Columbia County",5,64,770,370,400
050,41,009,"Oregon","Columbia County",5,65,764,380,384
050,41,009,"Oregon","Columbia County",5,66,755,388,367
050,41,009,"Oregon","Columbia County",5,67,723,375,348
050,41,009,"Oregon","Columbia County",5,68,695,344,351
050,41,009,"Oregon","Columbia County",5,69,685,328,357
050,41,009,"Oregon","Columbia County",5,70,689,336,353
050,41,009,"Oregon","Columbia County",5,71,643,310,333
050,41,009,"Oregon","Columbia County",5,72,655,327,328
050,41,009,"Oregon","Columbia County",5,73,589,282,307
050,41,009,"Oregon","Columbia County",5,74,570,278,292
050,41,009,"Oregon","Columbia County",5,75,567,259,308
050,41,009,"Oregon","Columbia County",5,76,605,277,328
050,41,009,"Oregon","Columbia County",5,77,383,181,202
050,41,009,"Oregon","Columbia County",5,78,358,167,191
050,41,009,"Oregon","Columbia County",5,79,353,173,180
050,41,009,"Oregon","Columbia County",5,80,358,190,168
050,41,009,"Oregon","Columbia County",5,81,273,128,145
050,41,009,"Oregon","Columbia County",5,82,225,96,129
050,41,009,"Oregon","Columbia County",5,83,206,100,106
050,41,009,"Oregon","Columbia County",5,84,168,79,89
050,41,009,"Oregon","Columbia County",5,85,996,397,599
050,41,011,"Oregon","Coos County",1,0,574,292,282
050,41,011,"Oregon","Coos County",1,1,588,289,299
050,41,011,"Oregon","Coos County",1,2,588,295,293
050,41,011,"Oregon","Coos County",1,3,625,325,300
050,41,011,"Oregon","Coos County",1,4,650,322,328
050,41,011,"Oregon","Coos County",1,5,657,347,310
050,41,011,"Oregon","Coos County",1,6,643,343,300
050,41,011,"Oregon","Coos County",1,7,698,371,327
050,41,011,"Oregon","Coos County",1,8,642,319,323
050,41,011,"Oregon","Coos County",1,9,650,328,322
050,41,011,"Oregon","Coos County",1,10,673,356,317
050,41,011,"Oregon","Coos County",1,11,713,367,346
050,41,011,"Oregon","Coos County",1,12,716,351,365
050,41,011,"Oregon","Coos County",1,13,696,344,352
050,41,011,"Oregon","Coos County",1,14,719,370,349
050,41,011,"Oregon","Coos County",1,15,650,336,314
050,41,011,"Oregon","Coos County",1,16,678,345,333
050,41,011,"Oregon","Coos County",1,17,696,339,357
050,41,011,"Oregon","Coos County",1,18,601,295,306
050,41,011,"Oregon","Coos County",1,19,502,262,240
050,41,011,"Oregon","Coos County",1,20,516,280,236
050,41,011,"Oregon","Coos County",1,21,562,291,271
050,41,011,"Oregon","Coos County",1,22,606,307,299
050,41,011,"Oregon","Coos County",1,23,628,312,316
050,41,011,"Oregon","Coos County",1,24,611,309,302
050,41,011,"Oregon","Coos County",1,25,633,320,313
050,41,011,"Oregon","Coos County",1,26,661,332,329
050,41,011,"Oregon","Coos County",1,27,710,373,337
050,41,011,"Oregon","Coos County",1,28,755,385,370
050,41,011,"Oregon","Coos County",1,29,788,412,376
050,41,011,"Oregon","Coos County",1,30,743,394,349
050,41,011,"Oregon","Coos County",1,31,692,354,338
050,41,011,"Oregon","Coos County",1,32,704,351,353
050,41,011,"Oregon","Coos County",1,33,737,377,360
050,41,011,"Oregon","Coos County",1,34,734,370,364
050,41,011,"Oregon","Coos County",1,35,732,381,351
050,41,011,"Oregon","Coos County",1,36,711,347,364
050,41,011,"Oregon","Coos County",1,37,718,372,346
050,41,011,"Oregon","Coos County",1,38,743,385,358
050,41,011,"Oregon","Coos County",1,39,755,391,364
050,41,011,"Oregon","Coos County",1,40,747,377,370
050,41,011,"Oregon","Coos County",1,41,730,368,362
050,41,011,"Oregon","Coos County",1,42,715,342,373
050,41,011,"Oregon","Coos County",1,43,638,318,320
050,41,011,"Oregon","Coos County",1,44,667,346,321
050,41,011,"Oregon","Coos County",1,45,673,355,318
050,41,011,"Oregon","Coos County",1,46,657,327,330
050,41,011,"Oregon","Coos County",1,47,658,313,345
050,41,011,"Oregon","Coos County",1,48,705,350,355
050,41,011,"Oregon","Coos County",1,49,769,391,378
050,41,011,"Oregon","Coos County",1,50,707,353,354
050,41,011,"Oregon","Coos County",1,51,713,354,359
050,41,011,"Oregon","Coos County",1,52,739,358,381
050,41,011,"Oregon","Coos County",1,53,737,366,371
050,41,011,"Oregon","Coos County",1,54,771,381,390
050,41,011,"Oregon","Coos County",1,55,854,417,437
050,41,011,"Oregon","Coos County",1,56,910,452,458
050,41,011,"Oregon","Coos County",1,57,991,470,521
050,41,011,"Oregon","Coos County",1,58,976,454,522
050,41,011,"Oregon","Coos County",1,59,1027,502,525
050,41,011,"Oregon","Coos County",1,60,1038,491,547
050,41,011,"Oregon","Coos County",1,61,1083,509,574
050,41,011,"Oregon","Coos County",1,62,1119,515,604
050,41,011,"Oregon","Coos County",1,63,1120,531,589
050,41,011,"Oregon","Coos County",1,64,1160,566,594
050,41,011,"Oregon","Coos County",1,65,1148,568,580
050,41,011,"Oregon","Coos County",1,66,1195,584,611
050,41,011,"Oregon","Coos County",1,67,1151,565,586
050,41,011,"Oregon","Coos County",1,68,1170,546,624
050,41,011,"Oregon","Coos County",1,69,1056,499,557
050,41,011,"Oregon","Coos County",1,70,1022,487,535
050,41,011,"Oregon","Coos County",1,71,1024,505,519
050,41,011,"Oregon","Coos County",1,72,1012,516,496
050,41,011,"Oregon","Coos County",1,73,1030,511,519
050,41,011,"Oregon","Coos County",1,74,712,339,373
050,41,011,"Oregon","Coos County",1,75,717,353,364
050,41,011,"Oregon","Coos County",1,76,682,332,350
050,41,011,"Oregon","Coos County",1,77,672,325,347
050,41,011,"Oregon","Coos County",1,78,583,285,298
050,41,011,"Oregon","Coos County",1,79,536,269,267
050,41,011,"Oregon","Coos County",1,80,478,235,243
050,41,011,"Oregon","Coos County",1,81,452,224,228
050,41,011,"Oregon","Coos County",1,82,420,195,225
050,41,011,"Oregon","Coos County",1,83,353,169,184
050,41,011,"Oregon","Coos County",1,84,331,162,169
050,41,011,"Oregon","Coos County",1,85,1587,715,872
050,41,011,"Oregon","Coos County",2,0,567,288,279
050,41,011,"Oregon","Coos County",2,1,583,288,295
050,41,011,"Oregon","Coos County",2,2,587,294,293
050,41,011,"Oregon","Coos County",2,3,616,316,300
050,41,011,"Oregon","Coos County",2,4,652,327,325
050,41,011,"Oregon","Coos County",2,5,653,342,311
050,41,011,"Oregon","Coos County",2,6,650,348,302
050,41,011,"Oregon","Coos County",2,7,688,367,321
050,41,011,"Oregon","Coos County",2,8,653,329,324
050,41,011,"Oregon","Coos County",2,9,650,328,322
050,41,011,"Oregon","Coos County",2,10,665,348,317
050,41,011,"Oregon","Coos County",2,11,703,363,340
050,41,011,"Oregon","Coos County",2,12,716,354,362
050,41,011,"Oregon","Coos County",2,13,706,348,358
050,41,011,"Oregon","Coos County",2,14,712,363,349
050,41,011,"Oregon","Coos County",2,15,663,342,321
050,41,011,"Oregon","Coos County",2,16,667,339,328
050,41,011,"Oregon","Coos County",2,17,686,336,350
050,41,011,"Oregon","Coos County",2,18,599,292,307
050,41,011,"Oregon","Coos County",2,19,496,258,238
050,41,011,"Oregon","Coos County",2,20,518,276,242
050,41,011,"Oregon","Coos County",2,21,562,293,269
050,41,011,"Oregon","Coos County",2,22,613,309,304
050,41,011,"Oregon","Coos County",2,23,630,311,319
050,41,011,"Oregon","Coos County",2,24,620,318,302
050,41,011,"Oregon","Coos County",2,25,629,318,311
050,41,011,"Oregon","Coos County",2,26,656,332,324
050,41,011,"Oregon","Coos County",2,27,700,368,332
050,41,011,"Oregon","Coos County",2,28,741,380,361
050,41,011,"Oregon","Coos County",2,29,785,409,376
050,41,011,"Oregon","Coos County",2,30,760,402,358
050,41,011,"Oregon","Coos County",2,31,707,365,342
050,41,011,"Oregon","Coos County",2,32,703,353,350
050,41,011,"Oregon","Coos County",2,33,729,370,359
050,41,011,"Oregon","Coos County",2,34,738,376,362
050,41,011,"Oregon","Coos County",2,35,740,383,357
050,41,011,"Oregon","Coos County",2,36,711,350,361
050,41,011,"Oregon","Coos County",2,37,721,368,353
050,41,011,"Oregon","Coos County",2,38,741,382,359
050,41,011,"Oregon","Coos County",2,39,751,388,363
050,41,011,"Oregon","Coos County",2,40,755,384,371
050,41,011,"Oregon","Coos County",2,41,735,371,364
050,41,011,"Oregon","Coos County",2,42,726,353,373
050,41,011,"Oregon","Coos County",2,43,663,328,335
050,41,011,"Oregon","Coos County",2,44,651,335,316
050,41,011,"Oregon","Coos County",2,45,671,353,318
050,41,011,"Oregon","Coos County",2,46,661,333,328
050,41,011,"Oregon","Coos County",2,47,654,313,341
050,41,011,"Oregon","Coos County",2,48,699,342,357
050,41,011,"Oregon","Coos County",2,49,758,383,375
050,41,011,"Oregon","Coos County",2,50,724,363,361
050,41,011,"Oregon","Coos County",2,51,710,350,360
050,41,011,"Oregon","Coos County",2,52,734,359,375
050,41,011,"Oregon","Coos County",2,53,737,364,373
050,41,011,"Oregon","Coos County",2,54,761,376,385
050,41,011,"Oregon","Coos County",2,55,835,408,427
050,41,011,"Oregon","Coos County",2,56,904,446,458
050,41,011,"Oregon","Coos County",2,57,980,472,508
050,41,011,"Oregon","Coos County",2,58,976,454,522
050,41,011,"Oregon","Coos County",2,59,1016,490,526
050,41,011,"Oregon","Coos County",2,60,1029,492,537
050,41,011,"Oregon","Coos County",2,61,1075,506,569
050,41,011,"Oregon","Coos County",2,62,1114,513,601
050,41,011,"Oregon","Coos County",2,63,1135,534,601
050,41,011,"Oregon","Coos County",2,64,1151,559,592
050,41,011,"Oregon","Coos County",2,65,1151,564,587
050,41,011,"Oregon","Coos County",2,66,1188,582,606
050,41,011,"Oregon","Coos County",2,67,1159,569,590
050,41,011,"Oregon","Coos County",2,68,1161,550,611
050,41,011,"Oregon","Coos County",2,69,1093,513,580
050,41,011,"Oregon","Coos County",2,70,1028,490,538
050,41,011,"Oregon","Coos County",2,71,1022,500,522
050,41,011,"Oregon","Coos County",2,72,998,504,494
050,41,011,"Oregon","Coos County",2,73,1069,534,535
050,41,011,"Oregon","Coos County",2,74,737,355,382
050,41,011,"Oregon","Coos County",2,75,712,347,365
050,41,011,"Oregon","Coos County",2,76,684,335,349
050,41,011,"Oregon","Coos County",2,77,681,333,348
050,41,011,"Oregon","Coos County",2,78,591,288,303
050,41,011,"Oregon","Coos County",2,79,538,269,269
050,41,011,"Oregon","Coos County",2,80,486,238,248
050,41,011,"Oregon","Coos County",2,81,447,222,225
050,41,011,"Oregon","Coos County",2,82,428,199,229
050,41,011,"Oregon","Coos County",2,83,359,173,186
050,41,011,"Oregon","Coos County",2,84,329,160,169
050,41,011,"Oregon","Coos County",2,85,1597,712,885
050,41,011,"Oregon","Coos County",3,0,560,282,278
050,41,011,"Oregon","Coos County",3,1,568,312,256
050,41,011,"Oregon","Coos County",3,2,563,285,278
050,41,011,"Oregon","Coos County",3,3,589,291,298
050,41,011,"Oregon","Coos County",3,4,622,319,303
050,41,011,"Oregon","Coos County",3,5,654,329,325
050,41,011,"Oregon","Coos County",3,6,651,339,312
050,41,011,"Oregon","Coos County",3,7,673,359,314
050,41,011,"Oregon","Coos County",3,8,686,355,331
050,41,011,"Oregon","Coos County",3,9,670,346,324
050,41,011,"Oregon","Coos County",3,10,637,323,314
050,41,011,"Oregon","Coos County",3,11,667,340,327
050,41,011,"Oregon","Coos County",3,12,702,364,338
050,41,011,"Oregon","Coos County",3,13,725,358,367
050,41,011,"Oregon","Coos County",3,14,715,352,363
050,41,011,"Oregon","Coos County",3,15,693,358,335
050,41,011,"Oregon","Coos County",3,16,668,341,327
050,41,011,"Oregon","Coos County",3,17,676,345,331
050,41,011,"Oregon","Coos County",3,18,621,298,323
050,41,011,"Oregon","Coos County",3,19,492,254,238
050,41,011,"Oregon","Coos County",3,20,507,266,241
050,41,011,"Oregon","Coos County",3,21,551,295,256
050,41,011,"Oregon","Coos County",3,22,594,306,288
050,41,011,"Oregon","Coos County",3,23,641,324,317
050,41,011,"Oregon","Coos County",3,24,637,326,311
050,41,011,"Oregon","Coos County",3,25,592,294,298
050,41,011,"Oregon","Coos County",3,26,632,316,316
050,41,011,"Oregon","Coos County",3,27,664,340,324
050,41,011,"Oregon","Coos County",3,28,683,340,343
050,41,011,"Oregon","Coos County",3,29,753,396,357
050,41,011,"Oregon","Coos County",3,30,784,411,373
050,41,011,"Oregon","Coos County",3,31,778,405,373
050,41,011,"Oregon","Coos County",3,32,720,372,348
050,41,011,"Oregon","Coos County",3,33,716,357,359
050,41,011,"Oregon","Coos County",3,34,730,379,351
050,41,011,"Oregon","Coos County",3,35,759,383,376
050,41,011,"Oregon","Coos County",3,36,731,364,367
050,41,011,"Oregon","Coos County",3,37,715,363,352
050,41,011,"Oregon","Coos County",3,38,736,376,360
050,41,011,"Oregon","Coos County",3,39,756,391,365
050,41,011,"Oregon","Coos County",3,40,769,398,371
050,41,011,"Oregon","Coos County",3,41,754,375,379
050,41,011,"Oregon","Coos County",3,42,770,376,394
050,41,011,"Oregon","Coos County",3,43,717,353,364
050,41,011,"Oregon","Coos County",3,44,663,328,335
050,41,011,"Oregon","Coos County",3,45,652,338,314
050,41,011,"Oregon","Coos County",3,46,709,378,331
050,41,011,"Oregon","Coos County",3,47,655,322,333
050,41,011,"Oregon","Coos County",3,48,659,313,346
050,41,011,"Oregon","Coos County",3,49,717,347,370
050,41,011,"Oregon","Coos County",3,50,764,389,375
050,41,011,"Oregon","Coos County",3,51,733,358,375
050,41,011,"Oregon","Coos County",3,52,735,367,368
050,41,011,"Oregon","Coos County",3,53,740,368,372
050,41,011,"Oregon","Coos County",3,54,773,379,394
050,41,011,"Oregon","Coos County",3,55,764,371,393
050,41,011,"Oregon","Coos County",3,56,836,401,435
050,41,011,"Oregon","Coos County",3,57,939,474,465
050,41,011,"Oregon","Coos County",3,58,979,475,504
050,41,011,"Oregon","Coos County",3,59,994,466,528
050,41,011,"Oregon","Coos County",3,60,1036,507,529
050,41,011,"Oregon","Coos County",3,61,1042,492,550
050,41,011,"Oregon","Coos County",3,62,1082,501,581
050,41,011,"Oregon","Coos County",3,63,1144,530,614
050,41,011,"Oregon","Coos County",3,64,1144,538,606
050,41,011,"Oregon","Coos County",3,65,1143,554,589
050,41,011,"Oregon","Coos County",3,66,1160,573,587
050,41,011,"Oregon","Coos County",3,67,1177,572,605
050,41,011,"Oregon","Coos County",3,68,1174,575,599
050,41,011,"Oregon","Coos County",3,69,1135,540,595
050,41,011,"Oregon","Coos County",3,70,1064,505,559
050,41,011,"Oregon","Coos County",3,71,1015,478,537
050,41,011,"Oregon","Coos County",3,72,1005,489,516
050,41,011,"Oregon","Coos County",3,73,970,491,479
050,41,011,"Oregon","Coos County",3,74,1018,498,520
050,41,011,"Oregon","Coos County",3,75,716,341,375
050,41,011,"Oregon","Coos County",3,76,687,329,358
050,41,011,"Oregon","Coos County",3,77,654,324,330
050,41,011,"Oregon","Coos County",3,78,652,323,329
050,41,011,"Oregon","Coos County",3,79,550,261,289
050,41,011,"Oregon","Coos County",3,80,518,249,269
050,41,011,"Oregon","Coos County",3,81,449,222,227
050,41,011,"Oregon","Coos County",3,82,437,208,229
050,41,011,"Oregon","Coos County",3,83,374,172,202
050,41,011,"Oregon","Coos County",3,84,330,157,173
050,41,011,"Oregon","Coos County",3,85,1617,721,896
050,41,011,"Oregon","Coos County",4,0,519,275,244
050,41,011,"Oregon","Coos County",4,1,525,264,261
050,41,011,"Oregon","Coos County",4,2,541,293,248
050,41,011,"Oregon","Coos County",4,3,555,287,268
050,41,011,"Oregon","Coos County",4,4,581,291,290
050,41,011,"Oregon","Coos County",4,5,612,317,295
050,41,011,"Oregon","Coos County",4,6,661,333,328
050,41,011,"Oregon","Coos County",4,7,662,345,317
050,41,011,"Oregon","Coos County",4,8,677,346,331
050,41,011,"Oregon","Coos County",4,9,687,362,325
050,41,011,"Oregon","Coos County",4,10,676,347,329
050,41,011,"Oregon","Coos County",4,11,646,324,322
050,41,011,"Oregon","Coos County",4,12,664,334,330
050,41,011,"Oregon","Coos County",4,13,696,364,332
050,41,011,"Oregon","Coos County",4,14,736,363,373
050,41,011,"Oregon","Coos County",4,15,714,358,356
050,41,011,"Oregon","Coos County",4,16,680,355,325
050,41,011,"Oregon","Coos County",4,17,705,360,345
050,41,011,"Oregon","Coos County",4,18,609,305,304
050,41,011,"Oregon","Coos County",4,19,490,259,231
050,41,011,"Oregon","Coos County",4,20,498,258,240
050,41,011,"Oregon","Coos County",4,21,534,264,270
050,41,011,"Oregon","Coos County",4,22,604,315,289
050,41,011,"Oregon","Coos County",4,23,614,317,297
050,41,011,"Oregon","Coos County",4,24,638,342,296
050,41,011,"Oregon","Coos County",4,25,635,314,321
050,41,011,"Oregon","Coos County",4,26,571,288,283
050,41,011,"Oregon","Coos County",4,27,654,339,315
050,41,011,"Oregon","Coos County",4,28,654,330,324
050,41,011,"Oregon","Coos County",4,29,700,348,352
050,41,011,"Oregon","Coos County",4,30,769,401,368
050,41,011,"Oregon","Coos County",4,31,795,428,367
050,41,011,"Oregon","Coos County",4,32,795,422,373
050,41,011,"Oregon","Coos County",4,33,703,359,344
050,41,011,"Oregon","Coos County",4,34,735,378,357
050,41,011,"Oregon","Coos County",4,35,731,380,351
050,41,011,"Oregon","Coos County",4,36,736,369,367
050,41,011,"Oregon","Coos County",4,37,727,360,367
050,41,011,"Oregon","Coos County",4,38,721,360,361
050,41,011,"Oregon","Coos County",4,39,716,362,354
050,41,011,"Oregon","Coos County",4,40,748,390,358
050,41,011,"Oregon","Coos County",4,41,790,403,387
050,41,011,"Oregon","Coos County",4,42,772,379,393
050,41,011,"Oregon","Coos County",4,43,761,378,383
050,41,011,"Oregon","Coos County",4,44,735,368,367
050,41,011,"Oregon","Coos County",4,45,675,339,336
050,41,011,"Oregon","Coos County",4,46,679,346,333
050,41,011,"Oregon","Coos County",4,47,708,366,342
050,41,011,"Oregon","Coos County",4,48,663,323,340
050,41,011,"Oregon","Coos County",4,49,643,306,337
050,41,011,"Oregon","Coos County",4,50,721,349,372
050,41,011,"Oregon","Coos County",4,51,768,388,380
050,41,011,"Oregon","Coos County",4,52,745,381,364
050,41,011,"Oregon","Coos County",4,53,758,382,376
050,41,011,"Oregon","Coos County",4,54,754,367,387
050,41,011,"Oregon","Coos County",4,55,738,353,385
050,41,011,"Oregon","Coos County",4,56,773,377,396
050,41,011,"Oregon","Coos County",4,57,874,424,450
050,41,011,"Oregon","Coos County",4,58,940,464,476
050,41,011,"Oregon","Coos County",4,59,972,468,504
050,41,011,"Oregon","Coos County",4,60,1022,468,554
050,41,011,"Oregon","Coos County",4,61,1013,493,520
050,41,011,"Oregon","Coos County",4,62,1069,506,563
050,41,011,"Oregon","Coos County",4,63,1065,504,561
050,41,011,"Oregon","Coos County",4,64,1155,546,609
050,41,011,"Oregon","Coos County",4,65,1141,531,610
050,41,011,"Oregon","Coos County",4,66,1156,571,585
050,41,011,"Oregon","Coos County",4,67,1146,559,587
050,41,011,"Oregon","Coos County",4,68,1192,573,619
050,41,011,"Oregon","Coos County",4,69,1147,554,593
050,41,011,"Oregon","Coos County",4,70,1107,533,574
050,41,011,"Oregon","Coos County",4,71,1048,496,552
050,41,011,"Oregon","Coos County",4,72,996,461,535
050,41,011,"Oregon","Coos County",4,73,968,479,489
050,41,011,"Oregon","Coos County",4,74,943,472,471
050,41,011,"Oregon","Coos County",4,75,1000,481,519
050,41,011,"Oregon","Coos County",4,76,689,329,360
050,41,011,"Oregon","Coos County",4,77,652,308,344
050,41,011,"Oregon","Coos County",4,78,620,312,308
050,41,011,"Oregon","Coos County",4,79,624,307,317
050,41,011,"Oregon","Coos County",4,80,525,247,278
050,41,011,"Oregon","Coos County",4,81,469,233,236
050,41,011,"Oregon","Coos County",4,82,424,202,222
050,41,011,"Oregon","Coos County",4,83,380,180,200
050,41,011,"Oregon","Coos County",4,84,351,161,190
050,41,011,"Oregon","Coos County",4,85,1638,739,899
050,41,011,"Oregon","Coos County",5,0,508,265,243
050,41,011,"Oregon","Coos County",5,1,526,287,239
050,41,011,"Oregon","Coos County",5,2,541,286,255
050,41,011,"Oregon","Coos County",5,3,518,286,232
050,41,011,"Oregon","Coos County",5,4,538,286,252
050,41,011,"Oregon","Coos County",5,5,551,283,268
050,41,011,"Oregon","Coos County",5,6,600,307,293
050,41,011,"Oregon","Coos County",5,7,661,329,332
050,41,011,"Oregon","Coos County",5,8,652,342,310
050,41,011,"Oregon","Coos County",5,9,681,357,324
050,41,011,"Oregon","Coos County",5,10,644,331,313
050,41,011,"Oregon","Coos County",5,11,666,347,319
050,41,011,"Oregon","Coos County",5,12,599,305,294
050,41,011,"Oregon","Coos County",5,13,648,323,325
050,41,011,"Oregon","Coos County",5,14,675,341,334
050,41,011,"Oregon","Coos County",5,15,687,346,341
050,41,011,"Oregon","Coos County",5,16,712,358,354
050,41,011,"Oregon","Coos County",5,17,666,349,317
050,41,011,"Oregon","Coos County",5,18,600,309,291
050,41,011,"Oregon","Coos County",5,19,505,274,231
050,41,011,"Oregon","Coos County",5,20,511,273,238
050,41,011,"Oregon","Coos County",5,21,531,278,253
050,41,011,"Oregon","Coos County",5,22,572,278,294
050,41,011,"Oregon","Coos County",5,23,595,311,284
050,41,011,"Oregon","Coos County",5,24,588,325,263
050,41,011,"Oregon","Coos County",5,25,598,309,289
050,41,011,"Oregon","Coos County",5,26,639,322,317
050,41,011,"Oregon","Coos County",5,27,583,321,262
050,41,011,"Oregon","Coos County",5,28,636,324,312
050,41,011,"Oregon","Coos County",5,29,653,328,325
050,41,011,"Oregon","Coos County",5,30,702,347,355
050,41,011,"Oregon","Coos County",5,31,784,401,383
050,41,011,"Oregon","Coos County",5,32,797,416,381
050,41,011,"Oregon","Coos County",5,33,801,430,371
050,41,011,"Oregon","Coos County",5,34,689,349,340
050,41,011,"Oregon","Coos County",5,35,720,371,349
050,41,011,"Oregon","Coos County",5,36,722,377,345
050,41,011,"Oregon","Coos County",5,37,732,369,363
050,41,011,"Oregon","Coos County",5,38,734,356,378
050,41,011,"Oregon","Coos County",5,39,723,363,360
050,41,011,"Oregon","Coos County",5,40,706,359,347
050,41,011,"Oregon","Coos County",5,41,758,398,360
050,41,011,"Oregon","Coos County",5,42,808,409,399
050,41,011,"Oregon","Coos County",5,43,755,383,372
050,41,011,"Oregon","Coos County",5,44,757,385,372
050,41,011,"Oregon","Coos County",5,45,746,368,378
050,41,011,"Oregon","Coos County",5,46,691,353,338
050,41,011,"Oregon","Coos County",5,47,672,337,335
050,41,011,"Oregon","Coos County",5,48,722,366,356
050,41,011,"Oregon","Coos County",5,49,661,321,340
050,41,011,"Oregon","Coos County",5,50,679,327,352
050,41,011,"Oregon","Coos County",5,51,708,339,369
050,41,011,"Oregon","Coos County",5,52,798,405,393
050,41,011,"Oregon","Coos County",5,53,730,372,358
050,41,011,"Oregon","Coos County",5,54,775,389,386
050,41,011,"Oregon","Coos County",5,55,729,342,387
050,41,011,"Oregon","Coos County",5,56,744,368,376
050,41,011,"Oregon","Coos County",5,57,799,387,412
050,41,011,"Oregon","Coos County",5,58,851,418,433
050,41,011,"Oregon","Coos County",5,59,919,444,475
050,41,011,"Oregon","Coos County",5,60,985,474,511
050,41,011,"Oregon","Coos County",5,61,1023,476,547
050,41,011,"Oregon","Coos County",5,62,1018,481,537
050,41,011,"Oregon","Coos County",5,63,1068,513,555
050,41,011,"Oregon","Coos County",5,64,1060,503,557
050,41,011,"Oregon","Coos County",5,65,1146,539,607
050,41,011,"Oregon","Coos County",5,66,1164,542,622
050,41,011,"Oregon","Coos County",5,67,1143,563,580
050,41,011,"Oregon","Coos County",5,68,1150,562,588
050,41,011,"Oregon","Coos County",5,69,1194,568,626
050,41,011,"Oregon","Coos County",5,70,1141,557,584
050,41,011,"Oregon","Coos County",5,71,1081,514,567
050,41,011,"Oregon","Coos County",5,72,1032,485,547
050,41,011,"Oregon","Coos County",5,73,966,455,511
050,41,011,"Oregon","Coos County",5,74,929,445,484
050,41,011,"Oregon","Coos County",5,75,908,458,450
050,41,011,"Oregon","Coos County",5,76,959,468,491
050,41,011,"Oregon","Coos County",5,77,657,316,341
050,41,011,"Oregon","Coos County",5,78,615,292,323
050,41,011,"Oregon","Coos County",5,79,590,297,293
050,41,011,"Oregon","Coos County",5,80,580,280,300
050,41,011,"Oregon","Coos County",5,81,469,228,241
050,41,011,"Oregon","Coos County",5,82,440,214,226
050,41,011,"Oregon","Coos County",5,83,385,185,200
050,41,011,"Oregon","Coos County",5,84,351,167,184
050,41,011,"Oregon","Coos County",5,85,1662,745,917
050,41,013,"Oregon","Crook County",1,0,232,116,116
050,41,013,"Oregon","Crook County",1,1,255,116,139
050,41,013,"Oregon","Crook County",1,2,268,126,142
050,41,013,"Oregon","Crook County",1,3,277,139,138
050,41,013,"Oregon","Crook County",1,4,275,124,151
050,41,013,"Oregon","Crook County",1,5,289,148,141
050,41,013,"Oregon","Crook County",1,6,263,132,131
050,41,013,"Oregon","Crook County",1,7,256,131,125
050,41,013,"Oregon","Crook County",1,8,247,123,124
050,41,013,"Oregon","Crook County",1,9,260,126,134
050,41,013,"Oregon","Crook County",1,10,311,151,160
050,41,013,"Oregon","Crook County",1,11,302,161,141
050,41,013,"Oregon","Crook County",1,12,302,163,139
050,41,013,"Oregon","Crook County",1,13,291,150,141
050,41,013,"Oregon","Crook County",1,14,270,132,138
050,41,013,"Oregon","Crook County",1,15,274,140,134
050,41,013,"Oregon","Crook County",1,16,280,151,129
050,41,013,"Oregon","Crook County",1,17,259,136,123
050,41,013,"Oregon","Crook County",1,18,247,131,116
050,41,013,"Oregon","Crook County",1,19,181,100,81
050,41,013,"Oregon","Crook County",1,20,195,107,88
050,41,013,"Oregon","Crook County",1,21,200,101,99
050,41,013,"Oregon","Crook County",1,22,212,110,102
050,41,013,"Oregon","Crook County",1,23,235,106,129
050,41,013,"Oregon","Crook County",1,24,235,116,119
050,41,013,"Oregon","Crook County",1,25,236,111,125
050,41,013,"Oregon","Crook County",1,26,221,113,108
050,41,013,"Oregon","Crook County",1,27,239,121,118
050,41,013,"Oregon","Crook County",1,28,246,120,126
050,41,013,"Oregon","Crook County",1,29,276,143,133
050,41,013,"Oregon","Crook County",1,30,276,142,134
050,41,013,"Oregon","Crook County",1,31,287,139,148
050,41,013,"Oregon","Crook County",1,32,281,132,149
050,41,013,"Oregon","Crook County",1,33,269,145,124
050,41,013,"Oregon","Crook County",1,34,279,152,127
050,41,013,"Oregon","Crook County",1,35,275,146,129
050,41,013,"Oregon","Crook County",1,36,280,145,135
050,41,013,"Oregon","Crook County",1,37,275,140,135
050,41,013,"Oregon","Crook County",1,38,294,148,146
050,41,013,"Oregon","Crook County",1,39,259,138,121
050,41,013,"Oregon","Crook County",1,40,257,121,136
050,41,013,"Oregon","Crook County",1,41,285,136,149
050,41,013,"Oregon","Crook County",1,42,311,145,166
050,41,013,"Oregon","Crook County",1,43,289,153,136
050,41,013,"Oregon","Crook County",1,44,281,153,128
050,41,013,"Oregon","Crook County",1,45,277,138,139
050,41,013,"Oregon","Crook County",1,46,286,140,146
050,41,013,"Oregon","Crook County",1,47,265,139,126
050,41,013,"Oregon","Crook County",1,48,289,146,143
050,41,013,"Oregon","Crook County",1,49,297,158,139
050,41,013,"Oregon","Crook County",1,50,289,141,148
050,41,013,"Oregon","Crook County",1,51,264,127,137
050,41,013,"Oregon","Crook County",1,52,274,132,142
050,41,013,"Oregon","Crook County",1,53,299,147,152
050,41,013,"Oregon","Crook County",1,54,287,144,143
050,41,013,"Oregon","Crook County",1,55,317,151,166
050,41,013,"Oregon","Crook County",1,56,348,160,188
050,41,013,"Oregon","Crook County",1,57,351,167,184
050,41,013,"Oregon","Crook County",1,58,378,176,202
050,41,013,"Oregon","Crook County",1,59,410,196,214
050,41,013,"Oregon","Crook County",1,60,399,199,200
050,41,013,"Oregon","Crook County",1,61,410,210,200
050,41,013,"Oregon","Crook County",1,62,398,194,204
050,41,013,"Oregon","Crook County",1,63,432,215,217
050,41,013,"Oregon","Crook County",1,64,427,207,220
050,41,013,"Oregon","Crook County",1,65,418,195,223
050,41,013,"Oregon","Crook County",1,66,439,214,225
050,41,013,"Oregon","Crook County",1,67,447,219,228
050,41,013,"Oregon","Crook County",1,68,426,214,212
050,41,013,"Oregon","Crook County",1,69,356,160,196
050,41,013,"Oregon","Crook County",1,70,394,189,205
050,41,013,"Oregon","Crook County",1,71,405,204,201
050,41,013,"Oregon","Crook County",1,72,395,217,178
050,41,013,"Oregon","Crook County",1,73,391,199,192
050,41,013,"Oregon","Crook County",1,74,262,129,133
050,41,013,"Oregon","Crook County",1,75,267,131,136
050,41,013,"Oregon","Crook County",1,76,266,135,131
050,41,013,"Oregon","Crook County",1,77,237,131,106
050,41,013,"Oregon","Crook County",1,78,195,103,92
050,41,013,"Oregon","Crook County",1,79,184,91,93
050,41,013,"Oregon","Crook County",1,80,158,88,70
050,41,013,"Oregon","Crook County",1,81,145,82,63
050,41,013,"Oregon","Crook County",1,82,140,66,74
050,41,013,"Oregon","Crook County",1,83,112,47,65
050,41,013,"Oregon","Crook County",1,84,96,48,48
050,41,013,"Oregon","Crook County",1,85,476,228,248
050,41,013,"Oregon","Crook County",2,0,231,115,116
050,41,013,"Oregon","Crook County",2,1,250,116,134
050,41,013,"Oregon","Crook County",2,2,265,125,140
050,41,013,"Oregon","Crook County",2,3,275,135,140
050,41,013,"Oregon","Crook County",2,4,280,131,149
050,41,013,"Oregon","Crook County",2,5,288,144,144
050,41,013,"Oregon","Crook County",2,6,269,136,133
050,41,013,"Oregon","Crook County",2,7,264,135,129
050,41,013,"Oregon","Crook County",2,8,252,127,125
050,41,013,"Oregon","Crook County",2,9,264,128,136
050,41,013,"Oregon","Crook County",2,10,300,146,154
050,41,013,"Oregon","Crook County",2,11,302,159,143
050,41,013,"Oregon","Crook County",2,12,307,166,141
050,41,013,"Oregon","Crook County",2,13,297,154,143
050,41,013,"Oregon","Crook County",2,14,280,139,141
050,41,013,"Oregon","Crook County",2,15,279,141,138
050,41,013,"Oregon","Crook County",2,16,281,151,130
050,41,013,"Oregon","Crook County",2,17,267,141,126
050,41,013,"Oregon","Crook County",2,18,239,128,111
050,41,013,"Oregon","Crook County",2,19,189,103,86
050,41,013,"Oregon","Crook County",2,20,197,107,90
050,41,013,"Oregon","Crook County",2,21,201,104,97
050,41,013,"Oregon","Crook County",2,22,212,109,103
050,41,013,"Oregon","Crook County",2,23,235,108,127
050,41,013,"Oregon","Crook County",2,24,238,114,124
050,41,013,"Oregon","Crook County",2,25,234,111,123
050,41,013,"Oregon","Crook County",2,26,225,114,111
050,41,013,"Oregon","Crook County",2,27,237,119,118
050,41,013,"Oregon","Crook County",2,28,248,124,124
050,41,013,"Oregon","Crook County",2,29,276,141,135
050,41,013,"Oregon","Crook County",2,30,284,147,137
050,41,013,"Oregon","Crook County",2,31,289,143,146
050,41,013,"Oregon","Crook County",2,32,286,137,149
050,41,013,"Oregon","Crook County",2,33,279,145,134
050,41,013,"Oregon","Crook County",2,34,278,151,127
050,41,013,"Oregon","Crook County",2,35,282,151,131
050,41,013,"Oregon","Crook County",2,36,279,145,134
050,41,013,"Oregon","Crook County",2,37,283,145,138
050,41,013,"Oregon","Crook County",2,38,292,148,144
050,41,013,"Oregon","Crook County",2,39,267,140,127
050,41,013,"Oregon","Crook County",2,40,262,128,134
050,41,013,"Oregon","Crook County",2,41,282,134,148
050,41,013,"Oregon","Crook County",2,42,303,143,160
050,41,013,"Oregon","Crook County",2,43,297,154,143
050,41,013,"Oregon","Crook County",2,44,281,152,129
050,41,013,"Oregon","Crook County",2,45,279,142,137
050,41,013,"Oregon","Crook County",2,46,287,141,146
050,41,013,"Oregon","Crook County",2,47,273,141,132
050,41,013,"Oregon","Crook County",2,48,287,146,141
050,41,013,"Oregon","Crook County",2,49,300,158,142
050,41,013,"Oregon","Crook County",2,50,295,146,149
050,41,013,"Oregon","Crook County",2,51,275,134,141
050,41,013,"Oregon","Crook County",2,52,277,133,144
050,41,013,"Oregon","Crook County",2,53,295,144,151
050,41,013,"Oregon","Crook County",2,54,293,146,147
050,41,013,"Oregon","Crook County",2,55,313,149,164
050,41,013,"Oregon","Crook County",2,56,346,161,185
050,41,013,"Oregon","Crook County",2,57,353,167,186
050,41,013,"Oregon","Crook County",2,58,372,174,198
050,41,013,"Oregon","Crook County",2,59,407,193,214
050,41,013,"Oregon","Crook County",2,60,405,201,204
050,41,013,"Oregon","Crook County",2,61,405,206,199
050,41,013,"Oregon","Crook County",2,62,405,200,205
050,41,013,"Oregon","Crook County",2,63,430,212,218
050,41,013,"Oregon","Crook County",2,64,428,208,220
050,41,013,"Oregon","Crook County",2,65,425,201,224
050,41,013,"Oregon","Crook County",2,66,438,212,226
050,41,013,"Oregon","Crook County",2,67,448,219,229
050,41,013,"Oregon","Crook County",2,68,427,213,214
050,41,013,"Oregon","Crook County",2,69,374,175,199
050,41,013,"Oregon","Crook County",2,70,381,180,201
050,41,013,"Oregon","Crook County",2,71,401,202,199
050,41,013,"Oregon","Crook County",2,72,391,210,181
050,41,013,"Oregon","Crook County",2,73,418,216,202
050,41,013,"Oregon","Crook County",2,74,274,136,138
050,41,013,"Oregon","Crook County",2,75,268,132,136
050,41,013,"Oregon","Crook County",2,76,261,131,130
050,41,013,"Oregon","Crook County",2,77,247,133,114
050,41,013,"Oregon","Crook County",2,78,199,106,93
050,41,013,"Oregon","Crook County",2,79,186,93,93
050,41,013,"Oregon","Crook County",2,80,162,87,75
050,41,013,"Oregon","Crook County",2,81,142,79,63
050,41,013,"Oregon","Crook County",2,82,139,67,72
050,41,013,"Oregon","Crook County",2,83,112,50,62
050,41,013,"Oregon","Crook County",2,84,99,48,51
050,41,013,"Oregon","Crook County",2,85,486,236,250
050,41,013,"Oregon","Crook County",3,0,231,113,118
050,41,013,"Oregon","Crook County",3,1,264,134,130
050,41,013,"Oregon","Crook County",3,2,265,125,140
050,41,013,"Oregon","Crook County",3,3,279,139,140
050,41,013,"Oregon","Crook County",3,4,297,144,153
050,41,013,"Oregon","Crook County",3,5,290,142,148
050,41,013,"Oregon","Crook County",3,6,301,161,140
050,41,013,"Oregon","Crook County",3,7,289,151,138
050,41,013,"Oregon","Crook County",3,8,281,146,135
050,41,013,"Oregon","Crook County",3,9,252,125,127
050,41,013,"Oregon","Crook County",3,10,268,128,140
050,41,013,"Oregon","Crook County",3,11,308,148,160
050,41,013,"Oregon","Crook County",3,12,307,160,147
050,41,013,"Oregon","Crook County",3,13,301,159,142
050,41,013,"Oregon","Crook County",3,14,294,153,141
050,41,013,"Oregon","Crook County",3,15,285,150,135
050,41,013,"Oregon","Crook County",3,16,293,155,138
050,41,013,"Oregon","Crook County",3,17,271,149,122
050,41,013,"Oregon","Crook County",3,18,237,138,99
050,41,013,"Oregon","Crook County",3,19,193,99,94
050,41,013,"Oregon","Crook County",3,20,209,109,100
050,41,013,"Oregon","Crook County",3,21,217,111,106
050,41,013,"Oregon","Crook County",3,22,238,114,124
050,41,013,"Oregon","Crook County",3,23,246,129,117
050,41,013,"Oregon","Crook County",3,24,249,125,124
050,41,013,"Oregon","Crook County",3,25,246,120,126
050,41,013,"Oregon","Crook County",3,26,248,121,127
050,41,013,"Oregon","Crook County",3,27,236,118,118
050,41,013,"Oregon","Crook County",3,28,260,128,132
050,41,013,"Oregon","Crook County",3,29,261,125,136
050,41,013,"Oregon","Crook County",3,30,296,154,142
050,41,013,"Oregon","Crook County",3,31,300,160,140
050,41,013,"Oregon","Crook County",3,32,318,154,164
050,41,013,"Oregon","Crook County",3,33,312,146,166
050,41,013,"Oregon","Crook County",3,34,292,156,136
050,41,013,"Oregon","Crook County",3,35,282,150,132
050,41,013,"Oregon","Crook County",3,36,299,164,135
050,41,013,"Oregon","Crook County",3,37,294,155,139
050,41,013,"Oregon","Crook County",3,38,298,151,147
050,41,013,"Oregon","Crook County",3,39,316,158,158
050,41,013,"Oregon","Crook County",3,40,280,143,137
050,41,013,"Oregon","Crook County",3,41,282,138,144
050,41,013,"Oregon","Crook County",3,42,297,143,154
050,41,013,"Oregon","Crook County",3,43,309,143,166
050,41,013,"Oregon","Crook County",3,44,308,156,152
050,41,013,"Oregon","Crook County",3,45,276,144,132
050,41,013,"Oregon","Crook County",3,46,294,150,144
050,41,013,"Oregon","Crook County",3,47,311,153,158
050,41,013,"Oregon","Crook County",3,48,282,154,128
050,41,013,"Oregon","Crook County",3,49,293,152,141
050,41,013,"Oregon","Crook County",3,50,319,166,153
050,41,013,"Oregon","Crook County",3,51,303,151,152
050,41,013,"Oregon","Crook County",3,52,294,147,147
050,41,013,"Oregon","Crook County",3,53,289,142,147
050,41,013,"Oregon","Crook County",3,54,320,152,168
050,41,013,"Oregon","Crook County",3,55,304,159,145
050,41,013,"Oregon","Crook County",3,56,321,150,171
050,41,013,"Oregon","Crook County",3,57,350,170,180
050,41,013,"Oregon","Crook County",3,58,372,175,197
050,41,013,"Oregon","Crook County",3,59,388,183,205
050,41,013,"Oregon","Crook County",3,60,416,198,218
050,41,013,"Oregon","Crook County",3,61,418,205,213
050,41,013,"Oregon","Crook County",3,62,407,207,200
050,41,013,"Oregon","Crook County",3,63,429,212,217
050,41,013,"Oregon","Crook County",3,64,450,229,221
050,41,013,"Oregon","Crook County",3,65,447,217,230
050,41,013,"Oregon","Crook County",3,66,435,211,224
050,41,013,"Oregon","Crook County",3,67,445,214,231
050,41,013,"Oregon","Crook County",3,68,445,220,225
050,41,013,"Oregon","Crook County",3,69,418,203,215
050,41,013,"Oregon","Crook County",3,70,376,179,197
050,41,013,"Oregon","Crook County",3,71,367,175,192
050,41,013,"Oregon","Crook County",3,72,406,206,200
050,41,013,"Oregon","Crook County",3,73,381,204,177
050,41,013,"Oregon","Crook County",3,74,406,213,193
050,41,013,"Oregon","Crook County",3,75,260,126,134
050,41,013,"Oregon","Crook County",3,76,261,125,136
050,41,013,"Oregon","Crook County",3,77,248,123,125
050,41,013,"Oregon","Crook County",3,78,243,132,111
050,41,013,"Oregon","Crook County",3,79,189,99,90
050,41,013,"Oregon","Crook County",3,80,179,83,96
050,41,013,"Oregon","Crook County",3,81,145,81,64
050,41,013,"Oregon","Crook County",3,82,131,70,61
050,41,013,"Oregon","Crook County",3,83,133,65,68
050,41,013,"Oregon","Crook County",3,84,103,46,57
050,41,013,"Oregon","Crook County",3,85,509,246,263
050,41,013,"Oregon","Crook County",4,0,250,132,118
050,41,013,"Oregon","Crook County",4,1,239,116,123
050,41,013,"Oregon","Crook County",4,2,268,136,132
050,41,013,"Oregon","Crook County",4,3,283,134,149
050,41,013,"Oregon","Crook County",4,4,291,141,150
050,41,013,"Oregon","Crook County",4,5,295,134,161
050,41,013,"Oregon","Crook County",4,6,293,149,144
050,41,013,"Oregon","Crook County",4,7,294,148,146
050,41,013,"Oregon","Crook County",4,8,304,162,142
050,41,013,"Oregon","Crook County",4,9,297,160,137
050,41,013,"Oregon","Crook County",4,10,267,130,137
050,41,013,"Oregon","Crook County",4,11,284,129,155
050,41,013,"Oregon","Crook County",4,12,315,152,163
050,41,013,"Oregon","Crook County",4,13,325,164,161
050,41,013,"Oregon","Crook County",4,14,306,163,143
050,41,013,"Oregon","Crook County",4,15,284,149,135
050,41,013,"Oregon","Crook County",4,16,307,153,154
050,41,013,"Oregon","Crook County",4,17,289,158,131
050,41,013,"Oregon","Crook County",4,18,224,126,98
050,41,013,"Oregon","Crook County",4,19,202,110,92
050,41,013,"Oregon","Crook County",4,20,221,113,108
050,41,013,"Oregon","Crook County",4,21,216,113,103
050,41,013,"Oregon","Crook County",4,22,237,124,113
050,41,013,"Oregon","Crook County",4,23,259,124,135
050,41,013,"Oregon","Crook County",4,24,268,137,131
050,41,013,"Oregon","Crook County",4,25,274,135,139
050,41,013,"Oregon","Crook County",4,26,265,137,128
050,41,013,"Oregon","Crook County",4,27,274,139,135
050,41,013,"Oregon","Crook County",4,28,250,129,121
050,41,013,"Oregon","Crook County",4,29,270,132,138
050,41,013,"Oregon","Crook County",4,30,293,142,151
050,41,013,"Oregon","Crook County",4,31,316,162,154
050,41,013,"Oregon","Crook County",4,32,310,170,140
050,41,013,"Oregon","Crook County",4,33,317,149,168
050,41,013,"Oregon","Crook County",4,34,332,158,174
050,41,013,"Oregon","Crook County",4,35,308,166,142
050,41,013,"Oregon","Crook County",4,36,293,157,136
050,41,013,"Oregon","Crook County",4,37,311,161,150
050,41,013,"Oregon","Crook County",4,38,288,151,137
050,41,013,"Oregon","Crook County",4,39,319,165,154
050,41,013,"Oregon","Crook County",4,40,341,174,167
050,41,013,"Oregon","Crook County",4,41,285,147,138
050,41,013,"Oregon","Crook County",4,42,294,141,153
050,41,013,"Oregon","Crook County",4,43,316,156,160
050,41,013,"Oregon","Crook County",4,44,318,154,164
050,41,013,"Oregon","Crook County",4,45,323,161,162
050,41,013,"Oregon","Crook County",4,46,284,142,142
050,41,013,"Oregon","Crook County",4,47,303,149,154
050,41,013,"Oregon","Crook County",4,48,312,148,164
050,41,013,"Oregon","Crook County",4,49,283,153,130
050,41,013,"Oregon","Crook County",4,50,314,159,155
050,41,013,"Oregon","Crook County",4,51,324,169,155
050,41,013,"Oregon","Crook County",4,52,301,145,156
050,41,013,"Oregon","Crook County",4,53,293,147,146
050,41,013,"Oregon","Crook County",4,54,302,156,146
050,41,013,"Oregon","Crook County",4,55,318,144,174
050,41,013,"Oregon","Crook County",4,56,322,175,147
050,41,013,"Oregon","Crook County",4,57,327,160,167
050,41,013,"Oregon","Crook County",4,58,362,175,187
050,41,013,"Oregon","Crook County",4,59,372,174,198
050,41,013,"Oregon","Crook County",4,60,388,183,205
050,41,013,"Oregon","Crook County",4,61,440,207,233
050,41,013,"Oregon","Crook County",4,62,423,200,223
050,41,013,"Oregon","Crook County",4,63,423,212,211
050,41,013,"Oregon","Crook County",4,64,439,227,212
050,41,013,"Oregon","Crook County",4,65,453,238,215
050,41,013,"Oregon","Crook County",4,66,462,231,231
050,41,013,"Oregon","Crook County",4,67,441,224,217
050,41,013,"Oregon","Crook County",4,68,444,211,233
050,41,013,"Oregon","Crook County",4,69,452,225,227
050,41,013,"Oregon","Crook County",4,70,407,197,210
050,41,013,"Oregon","Crook County",4,71,369,173,196
050,41,013,"Oregon","Crook County",4,72,356,170,186
050,41,013,"Oregon","Crook County",4,73,385,200,185
050,41,013,"Oregon","Crook County",4,74,375,202,173
050,41,013,"Oregon","Crook County",4,75,398,211,187
050,41,013,"Oregon","Crook County",4,76,254,124,130
050,41,013,"Oregon","Crook County",4,77,260,123,137
050,41,013,"Oregon","Crook County",4,78,230,115,115
050,41,013,"Oregon","Crook County",4,79,225,120,105
050,41,013,"Oregon","Crook County",4,80,175,85,90
050,41,013,"Oregon","Crook County",4,81,160,74,86
050,41,013,"Oregon","Crook County",4,82,135,72,63
050,41,013,"Oregon","Crook County",4,83,125,63,62
050,41,013,"Oregon","Crook County",4,84,126,62,64
050,41,013,"Oregon","Crook County",4,85,500,234,266
050,41,013,"Oregon","Crook County",5,0,244,128,116
050,41,013,"Oregon","Crook County",5,1,258,129,129
050,41,013,"Oregon","Crook County",5,2,263,133,130
050,41,013,"Oregon","Crook County",5,3,272,138,134
050,41,013,"Oregon","Crook County",5,4,282,140,142
050,41,013,"Oregon","Crook County",5,5,294,143,151
050,41,013,"Oregon","Crook County",5,6,308,137,171
050,41,013,"Oregon","Crook County",5,7,285,144,141
050,41,013,"Oregon","Crook County",5,8,296,152,144
050,41,013,"Oregon","Crook County",5,9,316,165,151
050,41,013,"Oregon","Crook County",5,10,306,156,150
050,41,013,"Oregon","Crook County",5,11,274,135,139
050,41,013,"Oregon","Crook County",5,12,287,130,157
050,41,013,"Oregon","Crook County",5,13,313,150,163
050,41,013,"Oregon","Crook County",5,14,335,175,160
050,41,013,"Oregon","Crook County",5,15,317,170,147
050,41,013,"Oregon","Crook County",5,16,294,153,141
050,41,013,"Oregon","Crook County",5,17,310,146,164
050,41,013,"Oregon","Crook County",5,18,249,141,108
050,41,013,"Oregon","Crook County",5,19,195,103,92
050,41,013,"Oregon","Crook County",5,20,225,125,100
050,41,013,"Oregon","Crook County",5,21,238,116,122
050,41,013,"Oregon","Crook County",5,22,228,119,109
050,41,013,"Oregon","Crook County",5,23,252,135,117
050,41,013,"Oregon","Crook County",5,24,262,130,132
050,41,013,"Oregon","Crook County",5,25,285,147,138
050,41,013,"Oregon","Crook County",5,26,282,138,144
050,41,013,"Oregon","Crook County",5,27,297,148,149
050,41,013,"Oregon","Crook County",5,28,300,144,156
050,41,013,"Oregon","Crook County",5,29,264,138,126
050,41,013,"Oregon","Crook County",5,30,292,147,145
050,41,013,"Oregon","Crook County",5,31,307,143,164
050,41,013,"Oregon","Crook County",5,32,331,168,163
050,41,013,"Oregon","Crook County",5,33,323,182,141
050,41,013,"Oregon","Crook County",5,34,348,170,178
050,41,013,"Oregon","Crook County",5,35,345,174,171
050,41,013,"Oregon","Crook County",5,36,302,159,143
050,41,013,"Oregon","Crook County",5,37,311,164,147
050,41,013,"Oregon","Crook County",5,38,329,154,175
050,41,013,"Oregon","Crook County",5,39,315,167,148
050,41,013,"Oregon","Crook County",5,40,319,165,154
050,41,013,"Oregon","Crook County",5,41,345,173,172
050,41,013,"Oregon","Crook County",5,42,293,158,135
050,41,013,"Oregon","Crook County",5,43,303,150,153
050,41,013,"Oregon","Crook County",5,44,328,155,173
050,41,013,"Oregon","Crook County",5,45,313,154,159
050,41,013,"Oregon","Crook County",5,46,327,165,162
050,41,013,"Oregon","Crook County",5,47,290,144,146
050,41,013,"Oregon","Crook County",5,48,319,159,160
050,41,013,"Oregon","Crook County",5,49,318,157,161
050,41,013,"Oregon","Crook County",5,50,280,154,126
050,41,013,"Oregon","Crook County",5,51,313,156,157
050,41,013,"Oregon","Crook County",5,52,318,160,158
050,41,013,"Oregon","Crook County",5,53,312,155,157
050,41,013,"Oregon","Crook County",5,54,297,147,150
050,41,013,"Oregon","Crook County",5,55,312,153,159
050,41,013,"Oregon","Crook County",5,56,317,145,172
050,41,013,"Oregon","Crook County",5,57,328,180,148
050,41,013,"Oregon","Crook County",5,58,337,165,172
050,41,013,"Oregon","Crook County",5,59,375,177,198
050,41,013,"Oregon","Crook County",5,60,384,178,206
050,41,013,"Oregon","Crook County",5,61,410,187,223
050,41,013,"Oregon","Crook County",5,62,446,209,237
050,41,013,"Oregon","Crook County",5,63,442,207,235
050,41,013,"Oregon","Crook County",5,64,441,225,216
050,41,013,"Oregon","Crook County",5,65,443,231,212
050,41,013,"Oregon","Crook County",5,66,463,248,215
050,41,013,"Oregon","Crook County",5,67,460,232,228
050,41,013,"Oregon","Crook County",5,68,442,229,213
050,41,013,"Oregon","Crook County",5,69,444,210,234
050,41,013,"Oregon","Crook County",5,70,449,228,221
050,41,013,"Oregon","Crook County",5,71,408,192,216
050,41,013,"Oregon","Crook County",5,72,362,168,194
050,41,013,"Oregon","Crook County",5,73,353,172,181
050,41,013,"Oregon","Crook County",5,74,377,200,177
050,41,013,"Oregon","Crook County",5,75,359,194,165
050,41,013,"Oregon","Crook County",5,76,387,197,190
050,41,013,"Oregon","Crook County",5,77,245,117,128
050,41,013,"Oregon","Crook County",5,78,249,119,130
050,41,013,"Oregon","Crook County",5,79,217,107,110
050,41,013,"Oregon","Crook County",5,80,214,108,106
050,41,013,"Oregon","Crook County",5,81,159,76,83
050,41,013,"Oregon","Crook County",5,82,144,62,82
050,41,013,"Oregon","Crook County",5,83,128,67,61
050,41,013,"Oregon","Crook County",5,84,112,61,51
050,41,013,"Oregon","Crook County",5,85,536,247,289
050,41,015,"Oregon","Curry County",1,0,169,86,83
050,41,015,"Oregon","Curry County",1,1,175,89,86
050,41,015,"Oregon","Curry County",1,2,170,91,79
050,41,015,"Oregon","Curry County",1,3,178,95,83
050,41,015,"Oregon","Curry County",1,4,181,97,84
050,41,015,"Oregon","Curry County",1,5,179,94,85
050,41,015,"Oregon","Curry County",1,6,202,104,98
050,41,015,"Oregon","Curry County",1,7,189,87,102
050,41,015,"Oregon","Curry County",1,8,201,98,103
050,41,015,"Oregon","Curry County",1,9,184,94,90
050,41,015,"Oregon","Curry County",1,10,191,101,90
050,41,015,"Oregon","Curry County",1,11,186,103,83
050,41,015,"Oregon","Curry County",1,12,208,116,92
050,41,015,"Oregon","Curry County",1,13,211,119,92
050,41,015,"Oregon","Curry County",1,14,187,103,84
050,41,015,"Oregon","Curry County",1,15,180,94,86
050,41,015,"Oregon","Curry County",1,16,196,105,91
050,41,015,"Oregon","Curry County",1,17,187,94,93
050,41,015,"Oregon","Curry County",1,18,156,80,76
050,41,015,"Oregon","Curry County",1,19,144,79,65
050,41,015,"Oregon","Curry County",1,20,135,80,55
050,41,015,"Oregon","Curry County",1,21,140,79,61
050,41,015,"Oregon","Curry County",1,22,151,85,66
050,41,015,"Oregon","Curry County",1,23,157,94,63
050,41,015,"Oregon","Curry County",1,24,167,86,81
050,41,015,"Oregon","Curry County",1,25,171,86,85
050,41,015,"Oregon","Curry County",1,26,182,89,93
050,41,015,"Oregon","Curry County",1,27,202,102,100
050,41,015,"Oregon","Curry County",1,28,225,120,105
050,41,015,"Oregon","Curry County",1,29,214,114,100
050,41,015,"Oregon","Curry County",1,30,222,126,96
050,41,015,"Oregon","Curry County",1,31,222,114,108
050,41,015,"Oregon","Curry County",1,32,197,102,95
050,41,015,"Oregon","Curry County",1,33,221,112,109
050,41,015,"Oregon","Curry County",1,34,208,95,113
050,41,015,"Oregon","Curry County",1,35,198,95,103
050,41,015,"Oregon","Curry County",1,36,222,105,117
050,41,015,"Oregon","Curry County",1,37,217,111,106
050,41,015,"Oregon","Curry County",1,38,206,106,100
050,41,015,"Oregon","Curry County",1,39,214,118,96
050,41,015,"Oregon","Curry County",1,40,215,108,107
050,41,015,"Oregon","Curry County",1,41,210,97,113
050,41,015,"Oregon","Curry County",1,42,213,96,117
050,41,015,"Oregon","Curry County",1,43,204,99,105
050,41,015,"Oregon","Curry County",1,44,184,95,89
050,41,015,"Oregon","Curry County",1,45,203,104,99
050,41,015,"Oregon","Curry County",1,46,211,108,103
050,41,015,"Oregon","Curry County",1,47,218,101,117
050,41,015,"Oregon","Curry County",1,48,231,108,123
050,41,015,"Oregon","Curry County",1,49,232,111,121
050,41,015,"Oregon","Curry County",1,50,250,120,130
050,41,015,"Oregon","Curry County",1,51,261,134,127
050,41,015,"Oregon","Curry County",1,52,254,128,126
050,41,015,"Oregon","Curry County",1,53,285,136,149
050,41,015,"Oregon","Curry County",1,54,280,123,157
050,41,015,"Oregon","Curry County",1,55,321,154,167
050,41,015,"Oregon","Curry County",1,56,351,160,191
050,41,015,"Oregon","Curry County",1,57,401,185,216
050,41,015,"Oregon","Curry County",1,58,447,216,231
050,41,015,"Oregon","Curry County",1,59,423,193,230
050,41,015,"Oregon","Curry County",1,60,431,211,220
050,41,015,"Oregon","Curry County",1,61,428,196,232
050,41,015,"Oregon","Curry County",1,62,465,205,260
050,41,015,"Oregon","Curry County",1,63,521,241,280
050,41,015,"Oregon","Curry County",1,64,515,244,271
050,41,015,"Oregon","Curry County",1,65,519,248,271
050,41,015,"Oregon","Curry County",1,66,549,281,268
050,41,015,"Oregon","Curry County",1,67,569,291,278
050,41,015,"Oregon","Curry County",1,68,529,246,283
050,41,015,"Oregon","Curry County",1,69,515,247,268
050,41,015,"Oregon","Curry County",1,70,495,242,253
050,41,015,"Oregon","Curry County",1,71,487,241,246
050,41,015,"Oregon","Curry County",1,72,461,241,220
050,41,015,"Oregon","Curry County",1,73,526,267,259
050,41,015,"Oregon","Curry County",1,74,331,164,167
050,41,015,"Oregon","Curry County",1,75,341,173,168
050,41,015,"Oregon","Curry County",1,76,363,187,176
050,41,015,"Oregon","Curry County",1,77,329,168,161
050,41,015,"Oregon","Curry County",1,78,275,145,130
050,41,015,"Oregon","Curry County",1,79,240,116,124
050,41,015,"Oregon","Curry County",1,80,229,115,114
050,41,015,"Oregon","Curry County",1,81,201,107,94
050,41,015,"Oregon","Curry County",1,82,174,78,96
050,41,015,"Oregon","Curry County",1,83,172,86,86
050,41,015,"Oregon","Curry County",1,84,150,64,86
050,41,015,"Oregon","Curry County",1,85,696,311,385
050,41,015,"Oregon","Curry County",2,0,169,82,87
050,41,015,"Oregon","Curry County",2,1,171,87,84
050,41,015,"Oregon","Curry County",2,2,168,90,78
050,41,015,"Oregon","Curry County",2,3,176,94,82
050,41,015,"Oregon","Curry County",2,4,180,96,84
050,41,015,"Oregon","Curry County",2,5,176,93,83
050,41,015,"Oregon","Curry County",2,6,195,101,94
050,41,015,"Oregon","Curry County",2,7,191,92,99
050,41,015,"Oregon","Curry County",2,8,197,95,102
050,41,015,"Oregon","Curry County",2,9,190,97,93
050,41,015,"Oregon","Curry County",2,10,193,101,92
050,41,015,"Oregon","Curry County",2,11,189,104,85
050,41,015,"Oregon","Curry County",2,12,206,115,91
050,41,015,"Oregon","Curry County",2,13,213,120,93
050,41,015,"Oregon","Curry County",2,14,194,107,87
050,41,015,"Oregon","Curry County",2,15,181,96,85
050,41,015,"Oregon","Curry County",2,16,192,102,90
050,41,015,"Oregon","Curry County",2,17,189,96,93
050,41,015,"Oregon","Curry County",2,18,158,81,77
050,41,015,"Oregon","Curry County",2,19,137,75,62
050,41,015,"Oregon","Curry County",2,20,138,81,57
050,41,015,"Oregon","Curry County",2,21,140,80,60
050,41,015,"Oregon","Curry County",2,22,153,86,67
050,41,015,"Oregon","Curry County",2,23,161,95,66
050,41,015,"Oregon","Curry County",2,24,169,89,80
050,41,015,"Oregon","Curry County",2,25,170,87,83
050,41,015,"Oregon","Curry County",2,26,183,90,93
050,41,015,"Oregon","Curry County",2,27,200,102,98
050,41,015,"Oregon","Curry County",2,28,222,117,105
050,41,015,"Oregon","Curry County",2,29,218,118,100
050,41,015,"Oregon","Curry County",2,30,224,126,98
050,41,015,"Oregon","Curry County",2,31,218,113,105
050,41,015,"Oregon","Curry County",2,32,206,107,99
050,41,015,"Oregon","Curry County",2,33,219,111,108
050,41,015,"Oregon","Curry County",2,34,212,101,111
050,41,015,"Oregon","Curry County",2,35,204,96,108
050,41,015,"Oregon","Curry County",2,36,213,101,112
050,41,015,"Oregon","Curry County",2,37,220,112,108
050,41,015,"Oregon","Curry County",2,38,207,108,99
050,41,015,"Oregon","Curry County",2,39,212,116,96
050,41,015,"Oregon","Curry County",2,40,217,112,105
050,41,015,"Oregon","Curry County",2,41,211,97,114
050,41,015,"Oregon","Curry County",2,42,211,94,117
050,41,015,"Oregon","Curry County",2,43,206,98,108
050,41,015,"Oregon","Curry County",2,44,187,95,92
050,41,015,"Oregon","Curry County",2,45,200,104,96
050,41,015,"Oregon","Curry County",2,46,209,107,102
050,41,015,"Oregon","Curry County",2,47,215,102,113
050,41,015,"Oregon","Curry County",2,48,231,108,123
050,41,015,"Oregon","Curry County",2,49,239,114,125
050,41,015,"Oregon","Curry County",2,50,253,121,132
050,41,015,"Oregon","Curry County",2,51,257,130,127
050,41,015,"Oregon","Curry County",2,52,257,130,127
050,41,015,"Oregon","Curry County",2,53,276,133,143
050,41,015,"Oregon","Curry County",2,54,279,125,154
050,41,015,"Oregon","Curry County",2,55,312,144,168
050,41,015,"Oregon","Curry County",2,56,349,160,189
050,41,015,"Oregon","Curry County",2,57,398,182,216
050,41,015,"Oregon","Curry County",2,58,440,209,231
050,41,015,"Oregon","Curry County",2,59,436,202,234
050,41,015,"Oregon","Curry County",2,60,431,207,224
050,41,015,"Oregon","Curry County",2,61,429,199,230
050,41,015,"Oregon","Curry County",2,62,459,205,254
050,41,015,"Oregon","Curry County",2,63,522,241,281
050,41,015,"Oregon","Curry County",2,64,519,246,273
050,41,015,"Oregon","Curry County",2,65,522,249,273
050,41,015,"Oregon","Curry County",2,66,550,277,273
050,41,015,"Oregon","Curry County",2,67,564,288,276
050,41,015,"Oregon","Curry County",2,68,536,256,280
050,41,015,"Oregon","Curry County",2,69,524,250,274
050,41,015,"Oregon","Curry County",2,70,499,240,259
050,41,015,"Oregon","Curry County",2,71,491,244,247
050,41,015,"Oregon","Curry County",2,72,464,240,224
050,41,015,"Oregon","Curry County",2,73,540,279,261
050,41,015,"Oregon","Curry County",2,74,353,176,177
050,41,015,"Oregon","Curry County",2,75,335,167,168
050,41,015,"Oregon","Curry County",2,76,352,179,173
050,41,015,"Oregon","Curry County",2,77,344,175,169
050,41,015,"Oregon","Curry County",2,78,278,145,133
050,41,015,"Oregon","Curry County",2,79,241,120,121
050,41,015,"Oregon","Curry County",2,80,230,115,115
050,41,015,"Oregon","Curry County",2,81,201,106,95
050,41,015,"Oregon","Curry County",2,82,179,84,95
050,41,015,"Oregon","Curry County",2,83,165,81,84
050,41,015,"Oregon","Curry County",2,84,147,66,81
050,41,015,"Oregon","Curry County",2,85,707,313,394
050,41,015,"Oregon","Curry County",3,0,153,87,66
050,41,015,"Oregon","Curry County",3,1,178,85,93
050,41,015,"Oregon","Curry County",3,2,171,86,85
050,41,015,"Oregon","Curry County",3,3,168,86,82
050,41,015,"Oregon","Curry County",3,4,175,94,81
050,41,015,"Oregon","Curry County",3,5,184,98,86
050,41,015,"Oregon","Curry County",3,6,172,90,82
050,41,015,"Oregon","Curry County",3,7,203,102,101
050,41,015,"Oregon","Curry County",3,8,197,94,103
050,41,015,"Oregon","Curry County",3,9,198,96,102
050,41,015,"Oregon","Curry County",3,10,193,97,96
050,41,015,"Oregon","Curry County",3,11,207,106,101
050,41,015,"Oregon","Curry County",3,12,188,107,81
050,41,015,"Oregon","Curry County",3,13,204,113,91
050,41,015,"Oregon","Curry County",3,14,214,117,97
050,41,015,"Oregon","Curry County",3,15,199,109,90
050,41,015,"Oregon","Curry County",3,16,187,97,90
050,41,015,"Oregon","Curry County",3,17,193,99,94
050,41,015,"Oregon","Curry County",3,18,166,85,81
050,41,015,"Oregon","Curry County",3,19,131,67,64
050,41,015,"Oregon","Curry County",3,20,140,77,63
050,41,015,"Oregon","Curry County",3,21,154,90,64
050,41,015,"Oregon","Curry County",3,22,154,80,74
050,41,015,"Oregon","Curry County",3,23,163,84,79
050,41,015,"Oregon","Curry County",3,24,165,93,72
050,41,015,"Oregon","Curry County",3,25,175,102,73
050,41,015,"Oregon","Curry County",3,26,181,97,84
050,41,015,"Oregon","Curry County",3,27,186,92,94
050,41,015,"Oregon","Curry County",3,28,206,112,94
050,41,015,"Oregon","Curry County",3,29,213,108,105
050,41,015,"Oregon","Curry County",3,30,217,115,102
050,41,015,"Oregon","Curry County",3,31,222,120,102
050,41,015,"Oregon","Curry County",3,32,229,121,108
050,41,015,"Oregon","Curry County",3,33,205,106,99
050,41,015,"Oregon","Curry County",3,34,219,117,102
050,41,015,"Oregon","Curry County",3,35,210,104,106
050,41,015,"Oregon","Curry County",3,36,204,89,115
050,41,015,"Oregon","Curry County",3,37,221,108,113
050,41,015,"Oregon","Curry County",3,38,231,115,116
050,41,015,"Oregon","Curry County",3,39,210,106,104
050,41,015,"Oregon","Curry County",3,40,229,125,104
050,41,015,"Oregon","Curry County",3,41,205,105,100
050,41,015,"Oregon","Curry County",3,42,216,98,118
050,41,015,"Oregon","Curry County",3,43,218,94,124
050,41,015,"Oregon","Curry County",3,44,216,103,113
050,41,015,"Oregon","Curry County",3,45,194,102,92
050,41,015,"Oregon","Curry County",3,46,215,116,99
050,41,015,"Oregon","Curry County",3,47,210,109,101
050,41,015,"Oregon","Curry County",3,48,227,107,120
050,41,015,"Oregon","Curry County",3,49,227,104,123
050,41,015,"Oregon","Curry County",3,50,234,116,118
050,41,015,"Oregon","Curry County",3,51,268,126,142
050,41,015,"Oregon","Curry County",3,52,253,121,132
050,41,015,"Oregon","Curry County",3,53,263,131,132
050,41,015,"Oregon","Curry County",3,54,292,141,151
050,41,015,"Oregon","Curry County",3,55,284,128,156
050,41,015,"Oregon","Curry County",3,56,317,140,177
050,41,015,"Oregon","Curry County",3,57,370,180,190
050,41,015,"Oregon","Curry County",3,58,394,177,217
050,41,015,"Oregon","Curry County",3,59,444,213,231
050,41,015,"Oregon","Curry County",3,60,441,196,245
050,41,015,"Oregon","Curry County",3,61,456,228,228
050,41,015,"Oregon","Curry County",3,62,463,217,246
050,41,015,"Oregon","Curry County",3,63,484,220,264
050,41,015,"Oregon","Curry County",3,64,536,250,286
050,41,015,"Oregon","Curry County",3,65,529,253,276
050,41,015,"Oregon","Curry County",3,66,547,254,293
050,41,015,"Oregon","Curry County",3,67,569,285,284
050,41,015,"Oregon","Curry County",3,68,558,284,274
050,41,015,"Oregon","Curry County",3,69,536,254,282
050,41,015,"Oregon","Curry County",3,70,517,248,269
050,41,015,"Oregon","Curry County",3,71,495,231,264
050,41,015,"Oregon","Curry County",3,72,481,250,231
050,41,015,"Oregon","Curry County",3,73,459,237,222
050,41,015,"Oregon","Curry County",3,74,530,269,261
050,41,015,"Oregon","Curry County",3,75,346,173,173
050,41,015,"Oregon","Curry County",3,76,328,164,164
050,41,015,"Oregon","Curry County",3,77,344,173,171
050,41,015,"Oregon","Curry County",3,78,328,168,160
050,41,015,"Oregon","Curry County",3,79,254,132,122
050,41,015,"Oregon","Curry County",3,80,227,115,112
050,41,015,"Oregon","Curry County",3,81,223,112,111
050,41,015,"Oregon","Curry County",3,82,192,99,93
050,41,015,"Oregon","Curry County",3,83,156,69,87
050,41,015,"Oregon","Curry County",3,84,152,74,78
050,41,015,"Oregon","Curry County",3,85,706,300,406
050,41,015,"Oregon","Curry County",4,0,152,77,75
050,41,015,"Oregon","Curry County",4,1,163,88,75
050,41,015,"Oregon","Curry County",4,2,187,88,99
050,41,015,"Oregon","Curry County",4,3,173,87,86
050,41,015,"Oregon","Curry County",4,4,177,89,88
050,41,015,"Oregon","Curry County",4,5,185,98,87
050,41,015,"Oregon","Curry County",4,6,192,101,91
050,41,015,"Oregon","Curry County",4,7,177,89,88
050,41,015,"Oregon","Curry County",4,8,194,102,92
050,41,015,"Oregon","Curry County",4,9,187,90,97
050,41,015,"Oregon","Curry County",4,10,192,86,106
050,41,015,"Oregon","Curry County",4,11,190,104,86
050,41,015,"Oregon","Curry County",4,12,205,110,95
050,41,015,"Oregon","Curry County",4,13,188,107,81
050,41,015,"Oregon","Curry County",4,14,211,118,93
050,41,015,"Oregon","Curry County",4,15,218,114,104
050,41,015,"Oregon","Curry County",4,16,193,109,84
050,41,015,"Oregon","Curry County",4,17,183,96,87
050,41,015,"Oregon","Curry County",4,18,167,90,77
050,41,015,"Oregon","Curry County",4,19,123,64,59
050,41,015,"Oregon","Curry County",4,20,129,69,60
050,41,015,"Oregon","Curry County",4,21,134,71,63
050,41,015,"Oregon","Curry County",4,22,153,92,61
050,41,015,"Oregon","Curry County",4,23,168,90,78
050,41,015,"Oregon","Curry County",4,24,162,80,82
050,41,015,"Oregon","Curry County",4,25,166,88,78
050,41,015,"Oregon","Curry County",4,26,170,99,71
050,41,015,"Oregon","Curry County",4,27,190,99,91
050,41,015,"Oregon","Curry County",4,28,199,100,99
050,41,015,"Oregon","Curry County",4,29,191,100,91
050,41,015,"Oregon","Curry County",4,30,223,120,103
050,41,015,"Oregon","Curry County",4,31,228,123,105
050,41,015,"Oregon","Curry County",4,32,235,124,111
050,41,015,"Oregon","Curry County",4,33,232,120,112
050,41,015,"Oregon","Curry County",4,34,208,101,107
050,41,015,"Oregon","Curry County",4,35,217,120,97
050,41,015,"Oregon","Curry County",4,36,220,106,114
050,41,015,"Oregon","Curry County",4,37,212,101,111
050,41,015,"Oregon","Curry County",4,38,232,117,115
050,41,015,"Oregon","Curry County",4,39,242,120,122
050,41,015,"Oregon","Curry County",4,40,214,106,108
050,41,015,"Oregon","Curry County",4,41,228,121,107
050,41,015,"Oregon","Curry County",4,42,202,105,97
050,41,015,"Oregon","Curry County",4,43,225,107,118
050,41,015,"Oregon","Curry County",4,44,217,94,123
050,41,015,"Oregon","Curry County",4,45,215,102,113
050,41,015,"Oregon","Curry County",4,46,198,103,95
050,41,015,"Oregon","Curry County",4,47,212,118,94
050,41,015,"Oregon","Curry County",4,48,215,111,104
050,41,015,"Oregon","Curry County",4,49,231,112,119
050,41,015,"Oregon","Curry County",4,50,232,101,131
050,41,015,"Oregon","Curry County",4,51,230,115,115
050,41,015,"Oregon","Curry County",4,52,274,129,145
050,41,015,"Oregon","Curry County",4,53,263,128,135
050,41,015,"Oregon","Curry County",4,54,275,140,135
050,41,015,"Oregon","Curry County",4,55,300,140,160
050,41,015,"Oregon","Curry County",4,56,273,129,144
050,41,015,"Oregon","Curry County",4,57,337,154,183
050,41,015,"Oregon","Curry County",4,58,378,193,185
050,41,015,"Oregon","Curry County",4,59,383,174,209
050,41,015,"Oregon","Curry County",4,60,445,210,235
050,41,015,"Oregon","Curry County",4,61,449,193,256
050,41,015,"Oregon","Curry County",4,62,465,227,238
050,41,015,"Oregon","Curry County",4,63,487,232,255
050,41,015,"Oregon","Curry County",4,64,491,220,271
050,41,015,"Oregon","Curry County",4,65,537,242,295
050,41,015,"Oregon","Curry County",4,66,519,248,271
050,41,015,"Oregon","Curry County",4,67,566,261,305
050,41,015,"Oregon","Curry County",4,68,557,289,268
050,41,015,"Oregon","Curry County",4,69,560,293,267
050,41,015,"Oregon","Curry County",4,70,524,242,282
050,41,015,"Oregon","Curry County",4,71,502,248,254
050,41,015,"Oregon","Curry County",4,72,495,229,266
050,41,015,"Oregon","Curry County",4,73,465,238,227
050,41,015,"Oregon","Curry County",4,74,443,228,215
050,41,015,"Oregon","Curry County",4,75,501,256,245
050,41,015,"Oregon","Curry County",4,76,331,168,163
050,41,015,"Oregon","Curry County",4,77,318,161,157
050,41,015,"Oregon","Curry County",4,78,319,159,160
050,41,015,"Oregon","Curry County",4,79,296,145,151
050,41,015,"Oregon","Curry County",4,80,229,122,107
050,41,015,"Oregon","Curry County",4,81,215,108,107
050,41,015,"Oregon","Curry County",4,82,206,101,105
050,41,015,"Oregon","Curry County",4,83,175,92,83
050,41,015,"Oregon","Curry County",4,84,134,61,73
050,41,015,"Oregon","Curry County",4,85,714,298,416
050,41,015,"Oregon","Curry County",5,0,144,74,70
050,41,015,"Oregon","Curry County",5,1,145,74,71
050,41,015,"Oregon","Curry County",5,2,157,81,76
050,41,015,"Oregon","Curry County",5,3,179,84,95
050,41,015,"Oregon","Curry County",5,4,167,84,83
050,41,015,"Oregon","Curry County",5,5,171,83,88
050,41,015,"Oregon","Curry County",5,6,173,94,79
050,41,015,"Oregon","Curry County",5,7,193,100,93
050,41,015,"Oregon","Curry County",5,8,164,82,82
050,41,015,"Oregon","Curry County",5,9,186,102,84
050,41,015,"Oregon","Curry County",5,10,189,87,102
050,41,015,"Oregon","Curry County",5,11,202,90,112
050,41,015,"Oregon","Curry County",5,12,198,105,93
050,41,015,"Oregon","Curry County",5,13,184,91,93
050,41,015,"Oregon","Curry County",5,14,198,113,85
050,41,015,"Oregon","Curry County",5,15,198,111,87
050,41,015,"Oregon","Curry County",5,16,207,111,96
050,41,015,"Oregon","Curry County",5,17,189,105,84
050,41,015,"Oregon","Curry County",5,18,146,82,64
050,41,015,"Oregon","Curry County",5,19,132,70,62
050,41,015,"Oregon","Curry County",5,20,131,69,62
050,41,015,"Oregon","Curry County",5,21,132,65,67
050,41,015,"Oregon","Curry County",5,22,149,81,68
050,41,015,"Oregon","Curry County",5,23,154,92,62
050,41,015,"Oregon","Curry County",5,24,169,95,74
050,41,015,"Oregon","Curry County",5,25,146,72,74
050,41,015,"Oregon","Curry County",5,26,155,83,72
050,41,015,"Oregon","Curry County",5,27,164,88,76
050,41,015,"Oregon","Curry County",5,28,188,101,87
050,41,015,"Oregon","Curry County",5,29,188,98,90
050,41,015,"Oregon","Curry County",5,30,187,96,91
050,41,015,"Oregon","Curry County",5,31,214,116,98
050,41,015,"Oregon","Curry County",5,32,224,121,103
050,41,015,"Oregon","Curry County",5,33,242,125,117
050,41,015,"Oregon","Curry County",5,34,237,118,119
050,41,015,"Oregon","Curry County",5,35,203,99,104
050,41,015,"Oregon","Curry County",5,36,210,109,101
050,41,015,"Oregon","Curry County",5,37,224,108,116
050,41,015,"Oregon","Curry County",5,38,201,92,109
050,41,015,"Oregon","Curry County",5,39,235,119,116
050,41,015,"Oregon","Curry County",5,40,230,116,114
050,41,015,"Oregon","Curry County",5,41,209,101,108
050,41,015,"Oregon","Curry County",5,42,231,120,111
050,41,015,"Oregon","Curry County",5,43,211,110,101
050,41,015,"Oregon","Curry County",5,44,224,103,121
050,41,015,"Oregon","Curry County",5,45,211,92,119
050,41,015,"Oregon","Curry County",5,46,221,102,119
050,41,015,"Oregon","Curry County",5,47,211,107,104
050,41,015,"Oregon","Curry County",5,48,216,117,99
050,41,015,"Oregon","Curry County",5,49,214,110,104
050,41,015,"Oregon","Curry County",5,50,228,105,123
050,41,015,"Oregon","Curry County",5,51,220,95,125
050,41,015,"Oregon","Curry County",5,52,241,118,123
050,41,015,"Oregon","Curry County",5,53,274,130,144
050,41,015,"Oregon","Curry County",5,54,265,131,134
050,41,015,"Oregon","Curry County",5,55,284,139,145
050,41,015,"Oregon","Curry County",5,56,305,141,164
050,41,015,"Oregon","Curry County",5,57,279,128,151
050,41,015,"Oregon","Curry County",5,58,348,159,189
050,41,015,"Oregon","Curry County",5,59,377,194,183
050,41,015,"Oregon","Curry County",5,60,377,172,205
050,41,015,"Oregon","Curry County",5,61,458,212,246
050,41,015,"Oregon","Curry County",5,62,449,196,253
050,41,015,"Oregon","Curry County",5,63,467,214,253
050,41,015,"Oregon","Curry County",5,64,511,238,273
050,41,015,"Oregon","Curry County",5,65,489,218,271
050,41,015,"Oregon","Curry County",5,66,527,230,297
050,41,015,"Oregon","Curry County",5,67,525,252,273
050,41,015,"Oregon","Curry County",5,68,557,252,305
050,41,015,"Oregon","Curry County",5,69,554,284,270
050,41,015,"Oregon","Curry County",5,70,560,293,267
050,41,015,"Oregon","Curry County",5,71,513,239,274
050,41,015,"Oregon","Curry County",5,72,499,253,246
050,41,015,"Oregon","Curry County",5,73,493,222,271
050,41,015,"Oregon","Curry County",5,74,453,231,222
050,41,015,"Oregon","Curry County",5,75,436,228,208
050,41,015,"Oregon","Curry County",5,76,479,243,236
050,41,015,"Oregon","Curry County",5,77,311,162,149
050,41,015,"Oregon","Curry County",5,78,303,152,151
050,41,015,"Oregon","Curry County",5,79,289,143,146
050,41,015,"Oregon","Curry County",5,80,275,137,138
050,41,015,"Oregon","Curry County",5,81,222,117,105
050,41,015,"Oregon","Curry County",5,82,203,105,98
050,41,015,"Oregon","Curry County",5,83,191,92,99
050,41,015,"Oregon","Curry County",5,84,161,90,71
050,41,015,"Oregon","Curry County",5,85,720,296,424
050,41,017,"Oregon","Deschutes County",1,0,1812,929,883
050,41,017,"Oregon","Deschutes County",1,1,1861,975,886
050,41,017,"Oregon","Deschutes County",1,2,1991,1042,949
050,41,017,"Oregon","Deschutes County",1,3,1984,1019,965
050,41,017,"Oregon","Deschutes County",1,4,2072,1059,1013
050,41,017,"Oregon","Deschutes County",1,5,2147,1107,1040
050,41,017,"Oregon","Deschutes County",1,6,2158,1102,1056
050,41,017,"Oregon","Deschutes County",1,7,2136,1075,1061
050,41,017,"Oregon","Deschutes County",1,8,2129,1096,1033
050,41,017,"Oregon","Deschutes County",1,9,2205,1112,1093
050,41,017,"Oregon","Deschutes County",1,10,2294,1202,1092
050,41,017,"Oregon","Deschutes County",1,11,2317,1184,1133
050,41,017,"Oregon","Deschutes County",1,12,2453,1274,1179
050,41,017,"Oregon","Deschutes County",1,13,2462,1274,1188
050,41,017,"Oregon","Deschutes County",1,14,2398,1260,1138
050,41,017,"Oregon","Deschutes County",1,15,2366,1251,1115
050,41,017,"Oregon","Deschutes County",1,16,2401,1230,1171
050,41,017,"Oregon","Deschutes County",1,17,2326,1201,1125
050,41,017,"Oregon","Deschutes County",1,18,1911,1011,900
050,41,017,"Oregon","Deschutes County",1,19,1592,837,755
050,41,017,"Oregon","Deschutes County",1,20,1681,852,829
050,41,017,"Oregon","Deschutes County",1,21,1769,911,858
050,41,017,"Oregon","Deschutes County",1,22,1892,963,929
050,41,017,"Oregon","Deschutes County",1,23,2037,1021,1016
050,41,017,"Oregon","Deschutes County",1,24,2132,1064,1068
050,41,017,"Oregon","Deschutes County",1,25,2286,1191,1095
050,41,017,"Oregon","Deschutes County",1,26,2332,1206,1126
050,41,017,"Oregon","Deschutes County",1,27,2522,1286,1236
050,41,017,"Oregon","Deschutes County",1,28,2677,1363,1314
050,41,017,"Oregon","Deschutes County",1,29,2718,1405,1313
050,41,017,"Oregon","Deschutes County",1,30,2618,1345,1273
050,41,017,"Oregon","Deschutes County",1,31,2644,1350,1294
050,41,017,"Oregon","Deschutes County",1,32,2691,1334,1357
050,41,017,"Oregon","Deschutes County",1,33,2748,1381,1367
050,41,017,"Oregon","Deschutes County",1,34,2783,1407,1376
050,41,017,"Oregon","Deschutes County",1,35,2769,1332,1437
050,41,017,"Oregon","Deschutes County",1,36,2874,1418,1456
050,41,017,"Oregon","Deschutes County",1,37,2849,1485,1364
050,41,017,"Oregon","Deschutes County",1,38,2768,1423,1345
050,41,017,"Oregon","Deschutes County",1,39,2818,1457,1361
050,41,017,"Oregon","Deschutes County",1,40,2814,1455,1359
050,41,017,"Oregon","Deschutes County",1,41,2654,1305,1349
050,41,017,"Oregon","Deschutes County",1,42,2577,1268,1309
050,41,017,"Oregon","Deschutes County",1,43,2554,1291,1263
050,41,017,"Oregon","Deschutes County",1,44,2514,1289,1225
050,41,017,"Oregon","Deschutes County",1,45,2451,1250,1201
050,41,017,"Oregon","Deschutes County",1,46,2444,1241,1203
050,41,017,"Oregon","Deschutes County",1,47,2509,1250,1259
050,41,017,"Oregon","Deschutes County",1,48,2615,1379,1236
050,41,017,"Oregon","Deschutes County",1,49,2806,1469,1337
050,41,017,"Oregon","Deschutes County",1,50,2676,1340,1336
050,41,017,"Oregon","Deschutes County",1,51,2522,1228,1294
050,41,017,"Oregon","Deschutes County",1,52,2352,1141,1211
050,41,017,"Oregon","Deschutes County",1,53,2362,1187,1175
050,41,017,"Oregon","Deschutes County",1,54,2305,1172,1133
050,41,017,"Oregon","Deschutes County",1,55,2384,1165,1219
050,41,017,"Oregon","Deschutes County",1,56,2459,1162,1297
050,41,017,"Oregon","Deschutes County",1,57,2533,1205,1328
050,41,017,"Oregon","Deschutes County",1,58,2671,1269,1402
050,41,017,"Oregon","Deschutes County",1,59,2687,1267,1420
050,41,017,"Oregon","Deschutes County",1,60,2747,1295,1452
050,41,017,"Oregon","Deschutes County",1,61,2900,1379,1521
050,41,017,"Oregon","Deschutes County",1,62,2924,1377,1547
050,41,017,"Oregon","Deschutes County",1,63,3000,1429,1571
050,41,017,"Oregon","Deschutes County",1,64,2938,1377,1561
050,41,017,"Oregon","Deschutes County",1,65,2944,1349,1595
050,41,017,"Oregon","Deschutes County",1,66,2981,1426,1555
050,41,017,"Oregon","Deschutes County",1,67,2928,1382,1546
050,41,017,"Oregon","Deschutes County",1,68,2817,1331,1486
050,41,017,"Oregon","Deschutes County",1,69,2567,1243,1324
050,41,017,"Oregon","Deschutes County",1,70,2526,1260,1266
050,41,017,"Oregon","Deschutes County",1,71,2449,1204,1245
050,41,017,"Oregon","Deschutes County",1,72,2451,1209,1242
050,41,017,"Oregon","Deschutes County",1,73,2435,1208,1227
050,41,017,"Oregon","Deschutes County",1,74,1652,797,855
050,41,017,"Oregon","Deschutes County",1,75,1656,838,818
050,41,017,"Oregon","Deschutes County",1,76,1585,796,789
050,41,017,"Oregon","Deschutes County",1,77,1532,761,771
050,41,017,"Oregon","Deschutes County",1,78,1275,610,665
050,41,017,"Oregon","Deschutes County",1,79,1087,515,572
050,41,017,"Oregon","Deschutes County",1,80,993,488,505
050,41,017,"Oregon","Deschutes County",1,81,862,425,437
050,41,017,"Oregon","Deschutes County",1,82,797,379,418
050,41,017,"Oregon","Deschutes County",1,83,671,335,336
050,41,017,"Oregon","Deschutes County",1,84,608,301,307
050,41,017,"Oregon","Deschutes County",1,85,3414,1292,2122
050,41,017,"Oregon","Deschutes County",2,0,1837,916,921
050,41,017,"Oregon","Deschutes County",2,1,1857,967,890
050,41,017,"Oregon","Deschutes County",2,2,1971,1028,943
050,41,017,"Oregon","Deschutes County",2,3,1994,1029,965
050,41,017,"Oregon","Deschutes County",2,4,2075,1061,1014
050,41,017,"Oregon","Deschutes County",2,5,2143,1103,1040
050,41,017,"Oregon","Deschutes County",2,6,2170,1111,1059
050,41,017,"Oregon","Deschutes County",2,7,2151,1085,1066
050,41,017,"Oregon","Deschutes County",2,8,2140,1095,1045
050,41,017,"Oregon","Deschutes County",2,9,2196,1115,1081
050,41,017,"Oregon","Deschutes County",2,10,2282,1186,1096
050,41,017,"Oregon","Deschutes County",2,11,2312,1190,1122
050,41,017,"Oregon","Deschutes County",2,12,2435,1264,1171
050,41,017,"Oregon","Deschutes County",2,13,2461,1278,1183
050,41,017,"Oregon","Deschutes County",2,14,2420,1269,1151
050,41,017,"Oregon","Deschutes County",2,15,2380,1258,1122
050,41,017,"Oregon","Deschutes County",2,16,2396,1244,1152
050,41,017,"Oregon","Deschutes County",2,17,2345,1209,1136
050,41,017,"Oregon","Deschutes County",2,18,1932,1021,911
050,41,017,"Oregon","Deschutes County",2,19,1605,844,761
050,41,017,"Oregon","Deschutes County",2,20,1698,864,834
050,41,017,"Oregon","Deschutes County",2,21,1772,906,866
050,41,017,"Oregon","Deschutes County",2,22,1902,968,934
050,41,017,"Oregon","Deschutes County",2,23,2051,1030,1021
050,41,017,"Oregon","Deschutes County",2,24,2147,1073,1074
050,41,017,"Oregon","Deschutes County",2,25,2275,1175,1100
050,41,017,"Oregon","Deschutes County",2,26,2369,1228,1141
050,41,017,"Oregon","Deschutes County",2,27,2512,1285,1227
050,41,017,"Oregon","Deschutes County",2,28,2677,1369,1308
050,41,017,"Oregon","Deschutes County",2,29,2726,1405,1321
050,41,017,"Oregon","Deschutes County",2,30,2687,1380,1307
050,41,017,"Oregon","Deschutes County",2,31,2665,1363,1302
050,41,017,"Oregon","Deschutes County",2,32,2707,1352,1355
050,41,017,"Oregon","Deschutes County",2,33,2757,1384,1373
050,41,017,"Oregon","Deschutes County",2,34,2795,1408,1387
050,41,017,"Oregon","Deschutes County",2,35,2812,1370,1442
050,41,017,"Oregon","Deschutes County",2,36,2853,1400,1453
050,41,017,"Oregon","Deschutes County",2,37,2884,1481,1403
050,41,017,"Oregon","Deschutes County",2,38,2818,1456,1362
050,41,017,"Oregon","Deschutes County",2,39,2829,1464,1365
050,41,017,"Oregon","Deschutes County",2,40,2857,1477,1380
050,41,017,"Oregon","Deschutes County",2,41,2710,1347,1363
050,41,017,"Oregon","Deschutes County",2,42,2600,1281,1319
050,41,017,"Oregon","Deschutes County",2,43,2595,1301,1294
050,41,017,"Oregon","Deschutes County",2,44,2506,1282,1224
050,41,017,"Oregon","Deschutes County",2,45,2500,1279,1221
050,41,017,"Oregon","Deschutes County",2,46,2444,1241,1203
050,41,017,"Oregon","Deschutes County",2,47,2496,1251,1245
050,41,017,"Oregon","Deschutes County",2,48,2595,1350,1245
050,41,017,"Oregon","Deschutes County",2,49,2789,1463,1326
050,41,017,"Oregon","Deschutes County",2,50,2721,1376,1345
050,41,017,"Oregon","Deschutes County",2,51,2562,1253,1309
050,41,017,"Oregon","Deschutes County",2,52,2392,1164,1228
050,41,017,"Oregon","Deschutes County",2,53,2369,1183,1186
050,41,017,"Oregon","Deschutes County",2,54,2326,1180,1146
050,41,017,"Oregon","Deschutes County",2,55,2370,1168,1202
050,41,017,"Oregon","Deschutes County",2,56,2459,1172,1287
050,41,017,"Oregon","Deschutes County",2,57,2536,1206,1330
050,41,017,"Oregon","Deschutes County",2,58,2653,1261,1392
050,41,017,"Oregon","Deschutes County",2,59,2707,1277,1430
050,41,017,"Oregon","Deschutes County",2,60,2737,1294,1443
050,41,017,"Oregon","Deschutes County",2,61,2875,1363,1512
050,41,017,"Oregon","Deschutes County",2,62,2934,1389,1545
050,41,017,"Oregon","Deschutes County",2,63,3024,1436,1588
050,41,017,"Oregon","Deschutes County",2,64,2958,1393,1565
050,41,017,"Oregon","Deschutes County",2,65,2955,1362,1593
050,41,017,"Oregon","Deschutes County",2,66,2985,1415,1570
050,41,017,"Oregon","Deschutes County",2,67,2937,1385,1552
050,41,017,"Oregon","Deschutes County",2,68,2820,1329,1491
050,41,017,"Oregon","Deschutes County",2,69,2652,1273,1379
050,41,017,"Oregon","Deschutes County",2,70,2523,1250,1273
050,41,017,"Oregon","Deschutes County",2,71,2475,1223,1252
050,41,017,"Oregon","Deschutes County",2,72,2407,1184,1223
050,41,017,"Oregon","Deschutes County",2,73,2551,1261,1290
050,41,017,"Oregon","Deschutes County",2,74,1717,834,883
050,41,017,"Oregon","Deschutes County",2,75,1658,827,831
050,41,017,"Oregon","Deschutes County",2,76,1585,797,788
050,41,017,"Oregon","Deschutes County",2,77,1583,789,794
050,41,017,"Oregon","Deschutes County",2,78,1304,630,674
050,41,017,"Oregon","Deschutes County",2,79,1116,529,587
050,41,017,"Oregon","Deschutes County",2,80,1005,492,513
050,41,017,"Oregon","Deschutes County",2,81,885,433,452
050,41,017,"Oregon","Deschutes County",2,82,812,390,422
050,41,017,"Oregon","Deschutes County",2,83,676,334,342
050,41,017,"Oregon","Deschutes County",2,84,619,306,313
050,41,017,"Oregon","Deschutes County",2,85,3446,1306,2140
050,41,017,"Oregon","Deschutes County",3,0,1793,895,898
050,41,017,"Oregon","Deschutes County",3,1,1907,923,984
050,41,017,"Oregon","Deschutes County",3,2,1936,1014,922
050,41,017,"Oregon","Deschutes County",3,3,2047,1059,988
050,41,017,"Oregon","Deschutes County",3,4,2039,1074,965
050,41,017,"Oregon","Deschutes County",3,5,2151,1096,1055
050,41,017,"Oregon","Deschutes County",3,6,2214,1127,1087
050,41,017,"Oregon","Deschutes County",3,7,2205,1124,1081
050,41,017,"Oregon","Deschutes County",3,8,2175,1102,1073
050,41,017,"Oregon","Deschutes County",3,9,2186,1127,1059
050,41,017,"Oregon","Deschutes County",3,10,2244,1136,1108
050,41,017,"Oregon","Deschutes County",3,11,2284,1192,1092
050,41,017,"Oregon","Deschutes County",3,12,2328,1209,1119
050,41,017,"Oregon","Deschutes County",3,13,2462,1290,1172
050,41,017,"Oregon","Deschutes County",3,14,2488,1288,1200
050,41,017,"Oregon","Deschutes County",3,15,2454,1289,1165
050,41,017,"Oregon","Deschutes County",3,16,2391,1256,1135
050,41,017,"Oregon","Deschutes County",3,17,2408,1264,1144
050,41,017,"Oregon","Deschutes County",3,18,2065,1096,969
050,41,017,"Oregon","Deschutes County",3,19,1653,880,773
050,41,017,"Oregon","Deschutes County",3,20,1724,894,830
050,41,017,"Oregon","Deschutes County",3,21,1812,924,888
050,41,017,"Oregon","Deschutes County",3,22,1907,964,943
050,41,017,"Oregon","Deschutes County",3,23,2090,1070,1020
050,41,017,"Oregon","Deschutes County",3,24,2186,1089,1097
050,41,017,"Oregon","Deschutes County",3,25,2323,1162,1161
050,41,017,"Oregon","Deschutes County",3,26,2481,1280,1201
050,41,017,"Oregon","Deschutes County",3,27,2612,1347,1265
050,41,017,"Oregon","Deschutes County",3,28,2659,1365,1294
050,41,017,"Oregon","Deschutes County",3,29,2826,1447,1379
050,41,017,"Oregon","Deschutes County",3,30,2933,1498,1435
050,41,017,"Oregon","Deschutes County",3,31,2871,1465,1406
050,41,017,"Oregon","Deschutes County",3,32,2857,1452,1405
050,41,017,"Oregon","Deschutes County",3,33,2881,1437,1444
050,41,017,"Oregon","Deschutes County",3,34,2876,1439,1437
050,41,017,"Oregon","Deschutes County",3,35,3013,1512,1501
050,41,017,"Oregon","Deschutes County",3,36,2979,1455,1524
050,41,017,"Oregon","Deschutes County",3,37,2971,1476,1495
050,41,017,"Oregon","Deschutes County",3,38,2983,1537,1446
050,41,017,"Oregon","Deschutes County",3,39,2935,1537,1398
050,41,017,"Oregon","Deschutes County",3,40,2929,1497,1432
050,41,017,"Oregon","Deschutes County",3,41,2950,1528,1422
050,41,017,"Oregon","Deschutes County",3,42,2813,1402,1411
050,41,017,"Oregon","Deschutes County",3,43,2640,1305,1335
050,41,017,"Oregon","Deschutes County",3,44,2634,1321,1313
050,41,017,"Oregon","Deschutes County",3,45,2594,1330,1264
050,41,017,"Oregon","Deschutes County",3,46,2571,1328,1243
050,41,017,"Oregon","Deschutes County",3,47,2476,1257,1219
050,41,017,"Oregon","Deschutes County",3,48,2541,1285,1256
050,41,017,"Oregon","Deschutes County",3,49,2673,1391,1282
050,41,017,"Oregon","Deschutes County",3,50,2845,1466,1379
050,41,017,"Oregon","Deschutes County",3,51,2757,1386,1371
050,41,017,"Oregon","Deschutes County",3,52,2619,1290,1329
050,41,017,"Oregon","Deschutes County",3,53,2453,1206,1247
050,41,017,"Oregon","Deschutes County",3,54,2419,1195,1224
050,41,017,"Oregon","Deschutes County",3,55,2386,1203,1183
050,41,017,"Oregon","Deschutes County",3,56,2457,1208,1249
050,41,017,"Oregon","Deschutes County",3,57,2553,1219,1334
050,41,017,"Oregon","Deschutes County",3,58,2622,1252,1370
050,41,017,"Oregon","Deschutes County",3,59,2719,1277,1442
050,41,017,"Oregon","Deschutes County",3,60,2815,1347,1468
050,41,017,"Oregon","Deschutes County",3,61,2824,1325,1499
050,41,017,"Oregon","Deschutes County",3,62,2987,1422,1565
050,41,017,"Oregon","Deschutes County",3,63,3033,1424,1609
050,41,017,"Oregon","Deschutes County",3,64,3115,1476,1639
050,41,017,"Oregon","Deschutes County",3,65,2995,1403,1592
050,41,017,"Oregon","Deschutes County",3,66,2961,1361,1600
050,41,017,"Oregon","Deschutes County",3,67,2993,1396,1597
050,41,017,"Oregon","Deschutes County",3,68,2953,1410,1543
050,41,017,"Oregon","Deschutes County",3,69,2802,1319,1483
050,41,017,"Oregon","Deschutes County",3,70,2646,1278,1368
050,41,017,"Oregon","Deschutes County",3,71,2509,1259,1250
050,41,017,"Oregon","Deschutes County",3,72,2412,1194,1218
050,41,017,"Oregon","Deschutes County",3,73,2393,1181,1212
050,41,017,"Oregon","Deschutes County",3,74,2489,1231,1258
050,41,017,"Oregon","Deschutes County",3,75,1679,815,864
050,41,017,"Oregon","Deschutes County",3,76,1637,817,820
050,41,017,"Oregon","Deschutes County",3,77,1517,770,747
050,41,017,"Oregon","Deschutes County",3,78,1543,747,796
050,41,017,"Oregon","Deschutes County",3,79,1236,583,653
050,41,017,"Oregon","Deschutes County",3,80,1064,512,552
050,41,017,"Oregon","Deschutes County",3,81,965,458,507
050,41,017,"Oregon","Deschutes County",3,82,844,411,433
050,41,017,"Oregon","Deschutes County",3,83,710,337,373
050,41,017,"Oregon","Deschutes County",3,84,643,330,313
050,41,017,"Oregon","Deschutes County",3,85,3518,1382,2136
050,41,017,"Oregon","Deschutes County",4,0,1891,944,947
050,41,017,"Oregon","Deschutes County",4,1,1776,891,885
050,41,017,"Oregon","Deschutes County",4,2,1961,954,1007
050,41,017,"Oregon","Deschutes County",4,3,1969,1022,947
050,41,017,"Oregon","Deschutes County",4,4,2044,1061,983
050,41,017,"Oregon","Deschutes County",4,5,2052,1077,975
050,41,017,"Oregon","Deschutes County",4,6,2173,1110,1063
050,41,017,"Oregon","Deschutes County",4,7,2239,1139,1100
050,41,017,"Oregon","Deschutes County",4,8,2194,1123,1071
050,41,017,"Oregon","Deschutes County",4,9,2172,1104,1068
050,41,017,"Oregon","Deschutes County",4,10,2182,1124,1058
050,41,017,"Oregon","Deschutes County",4,11,2234,1159,1075
050,41,017,"Oregon","Deschutes County",4,12,2289,1196,1093
050,41,017,"Oregon","Deschutes County",4,13,2280,1193,1087
050,41,017,"Oregon","Deschutes County",4,14,2454,1282,1172
050,41,017,"Oregon","Deschutes County",4,15,2461,1265,1196
050,41,017,"Oregon","Deschutes County",4,16,2415,1263,1152
050,41,017,"Oregon","Deschutes County",4,17,2347,1231,1116
050,41,017,"Oregon","Deschutes County",4,18,2028,1102,926
050,41,017,"Oregon","Deschutes County",4,19,1691,897,794
050,41,017,"Oregon","Deschutes County",4,20,1661,863,798
050,41,017,"Oregon","Deschutes County",4,21,1746,898,848
050,41,017,"Oregon","Deschutes County",4,22,1851,917,934
050,41,017,"Oregon","Deschutes County",4,23,1998,1021,977
050,41,017,"Oregon","Deschutes County",4,24,2173,1119,1054
050,41,017,"Oregon","Deschutes County",4,25,2288,1123,1165
050,41,017,"Oregon","Deschutes County",4,26,2417,1193,1224
050,41,017,"Oregon","Deschutes County",4,27,2590,1321,1269
050,41,017,"Oregon","Deschutes County",4,28,2633,1353,1280
050,41,017,"Oregon","Deschutes County",4,29,2728,1363,1365
050,41,017,"Oregon","Deschutes County",4,30,2908,1478,1430
050,41,017,"Oregon","Deschutes County",4,31,3068,1578,1490
050,41,017,"Oregon","Deschutes County",4,32,3006,1518,1488
050,41,017,"Oregon","Deschutes County",4,33,2940,1526,1414
050,41,017,"Oregon","Deschutes County",4,34,2975,1480,1495
050,41,017,"Oregon","Deschutes County",4,35,2988,1495,1493
050,41,017,"Oregon","Deschutes County",4,36,3077,1548,1529
050,41,017,"Oregon","Deschutes County",4,37,3081,1515,1566
050,41,017,"Oregon","Deschutes County",4,38,3024,1513,1511
050,41,017,"Oregon","Deschutes County",4,39,2977,1529,1448
050,41,017,"Oregon","Deschutes County",4,40,2923,1508,1415
050,41,017,"Oregon","Deschutes County",4,41,2931,1458,1473
050,41,017,"Oregon","Deschutes County",4,42,3020,1578,1442
050,41,017,"Oregon","Deschutes County",4,43,2848,1408,1440
050,41,017,"Oregon","Deschutes County",4,44,2621,1295,1326
050,41,017,"Oregon","Deschutes County",4,45,2621,1313,1308
050,41,017,"Oregon","Deschutes County",4,46,2612,1333,1279
050,41,017,"Oregon","Deschutes County",4,47,2619,1362,1257
050,41,017,"Oregon","Deschutes County",4,48,2467,1253,1214
050,41,017,"Oregon","Deschutes County",4,49,2531,1272,1259
050,41,017,"Oregon","Deschutes County",4,50,2671,1384,1287
050,41,017,"Oregon","Deschutes County",4,51,2847,1461,1386
050,41,017,"Oregon","Deschutes County",4,52,2759,1389,1370
050,41,017,"Oregon","Deschutes County",4,53,2659,1310,1349
050,41,017,"Oregon","Deschutes County",4,54,2460,1199,1261
050,41,017,"Oregon","Deschutes County",4,55,2473,1235,1238
050,41,017,"Oregon","Deschutes County",4,56,2428,1232,1196
050,41,017,"Oregon","Deschutes County",4,57,2490,1233,1257
050,41,017,"Oregon","Deschutes County",4,58,2571,1242,1329
050,41,017,"Oregon","Deschutes County",4,59,2660,1248,1412
050,41,017,"Oregon","Deschutes County",4,60,2727,1295,1432
050,41,017,"Oregon","Deschutes County",4,61,2797,1321,1476
050,41,017,"Oregon","Deschutes County",4,62,2873,1357,1516
050,41,017,"Oregon","Deschutes County",4,63,2978,1407,1571
050,41,017,"Oregon","Deschutes County",4,64,3000,1394,1606
050,41,017,"Oregon","Deschutes County",4,65,3086,1451,1635
050,41,017,"Oregon","Deschutes County",4,66,2991,1393,1598
050,41,017,"Oregon","Deschutes County",4,67,2921,1356,1565
050,41,017,"Oregon","Deschutes County",4,68,2946,1378,1568
050,41,017,"Oregon","Deschutes County",4,69,2898,1381,1517
050,41,017,"Oregon","Deschutes County",4,70,2757,1285,1472
050,41,017,"Oregon","Deschutes County",4,71,2600,1261,1339
050,41,017,"Oregon","Deschutes County",4,72,2436,1227,1209
050,41,017,"Oregon","Deschutes County",4,73,2354,1173,1181
050,41,017,"Oregon","Deschutes County",4,74,2298,1135,1163
050,41,017,"Oregon","Deschutes County",4,75,2402,1173,1229
050,41,017,"Oregon","Deschutes County",4,76,1629,785,844
050,41,017,"Oregon","Deschutes County",4,77,1561,778,783
050,41,017,"Oregon","Deschutes County",4,78,1483,735,748
050,41,017,"Oregon","Deschutes County",4,79,1434,678,756
050,41,017,"Oregon","Deschutes County",4,80,1179,559,620
050,41,017,"Oregon","Deschutes County",4,81,1020,476,544
050,41,017,"Oregon","Deschutes County",4,82,926,433,493
050,41,017,"Oregon","Deschutes County",4,83,736,357,379
050,41,017,"Oregon","Deschutes County",4,84,683,332,351
050,41,017,"Oregon","Deschutes County",4,85,3576,1434,2142
050,41,017,"Oregon","Deschutes County",5,0,1845,927,918
050,41,017,"Oregon","Deschutes County",5,1,1970,991,979
050,41,017,"Oregon","Deschutes County",5,2,1823,906,917
050,41,017,"Oregon","Deschutes County",5,3,2010,976,1034
050,41,017,"Oregon","Deschutes County",5,4,1996,1034,962
050,41,017,"Oregon","Deschutes County",5,5,2069,1065,1004
050,41,017,"Oregon","Deschutes County",5,6,2075,1094,981
050,41,017,"Oregon","Deschutes County",5,7,2162,1107,1055
050,41,017,"Oregon","Deschutes County",5,8,2231,1139,1092
050,41,017,"Oregon","Deschutes County",5,9,2191,1134,1057
050,41,017,"Oregon","Deschutes County",5,10,2175,1111,1064
050,41,017,"Oregon","Deschutes County",5,11,2191,1153,1038
050,41,017,"Oregon","Deschutes County",5,12,2252,1177,1075
050,41,017,"Oregon","Deschutes County",5,13,2259,1158,1101
050,41,017,"Oregon","Deschutes County",5,14,2258,1170,1088
050,41,017,"Oregon","Deschutes County",5,15,2430,1275,1155
050,41,017,"Oregon","Deschutes County",5,16,2430,1252,1178
050,41,017,"Oregon","Deschutes County",5,17,2399,1259,1140
050,41,017,"Oregon","Deschutes County",5,18,1986,1087,899
050,41,017,"Oregon","Deschutes County",5,19,1651,901,750
050,41,017,"Oregon","Deschutes County",5,20,1808,948,860
050,41,017,"Oregon","Deschutes County",5,21,1770,912,858
050,41,017,"Oregon","Deschutes County",5,22,1892,952,940
050,41,017,"Oregon","Deschutes County",5,23,2097,1056,1041
050,41,017,"Oregon","Deschutes County",5,24,2153,1108,1045
050,41,017,"Oregon","Deschutes County",5,25,2225,1121,1104
050,41,017,"Oregon","Deschutes County",5,26,2440,1229,1211
050,41,017,"Oregon","Deschutes County",5,27,2553,1247,1306
050,41,017,"Oregon","Deschutes County",5,28,2692,1370,1322
050,41,017,"Oregon","Deschutes County",5,29,2734,1377,1357
050,41,017,"Oregon","Deschutes County",5,30,2849,1422,1427
050,41,017,"Oregon","Deschutes County",5,31,3025,1544,1481
050,41,017,"Oregon","Deschutes County",5,32,3183,1634,1549
050,41,017,"Oregon","Deschutes County",5,33,3107,1607,1500
050,41,017,"Oregon","Deschutes County",5,34,3038,1545,1493
050,41,017,"Oregon","Deschutes County",5,35,3046,1516,1530
050,41,017,"Oregon","Deschutes County",5,36,3063,1532,1531
050,41,017,"Oregon","Deschutes County",5,37,3130,1568,1562
050,41,017,"Oregon","Deschutes County",5,38,3097,1525,1572
050,41,017,"Oregon","Deschutes County",5,39,3064,1525,1539
050,41,017,"Oregon","Deschutes County",5,40,2990,1540,1450
050,41,017,"Oregon","Deschutes County",5,41,2960,1524,1436
050,41,017,"Oregon","Deschutes County",5,42,2920,1443,1477
050,41,017,"Oregon","Deschutes County",5,43,3002,1581,1421
050,41,017,"Oregon","Deschutes County",5,44,2821,1409,1412
050,41,017,"Oregon","Deschutes County",5,45,2661,1292,1369
050,41,017,"Oregon","Deschutes County",5,46,2599,1304,1295
050,41,017,"Oregon","Deschutes County",5,47,2582,1315,1267
050,41,017,"Oregon","Deschutes County",5,48,2599,1334,1265
050,41,017,"Oregon","Deschutes County",5,49,2484,1260,1224
050,41,017,"Oregon","Deschutes County",5,50,2544,1285,1259
050,41,017,"Oregon","Deschutes County",5,51,2660,1385,1275
050,41,017,"Oregon","Deschutes County",5,52,2858,1470,1388
050,41,017,"Oregon","Deschutes County",5,53,2813,1403,1410
050,41,017,"Oregon","Deschutes County",5,54,2674,1320,1354
050,41,017,"Oregon","Deschutes County",5,55,2488,1215,1273
050,41,017,"Oregon","Deschutes County",5,56,2481,1241,1240
050,41,017,"Oregon","Deschutes County",5,57,2463,1236,1227
050,41,017,"Oregon","Deschutes County",5,58,2526,1254,1272
050,41,017,"Oregon","Deschutes County",5,59,2565,1241,1324
050,41,017,"Oregon","Deschutes County",5,60,2708,1277,1431
050,41,017,"Oregon","Deschutes County",5,61,2706,1275,1431
050,41,017,"Oregon","Deschutes County",5,62,2815,1339,1476
050,41,017,"Oregon","Deschutes County",5,63,2870,1346,1524
050,41,017,"Oregon","Deschutes County",5,64,2952,1394,1558
050,41,017,"Oregon","Deschutes County",5,65,2964,1378,1586
050,41,017,"Oregon","Deschutes County",5,66,3049,1426,1623
050,41,017,"Oregon","Deschutes County",5,67,2988,1381,1607
050,41,017,"Oregon","Deschutes County",5,68,2873,1343,1530
050,41,017,"Oregon","Deschutes County",5,69,2912,1369,1543
050,41,017,"Oregon","Deschutes County",5,70,2867,1358,1509
050,41,017,"Oregon","Deschutes County",5,71,2705,1266,1439
050,41,017,"Oregon","Deschutes County",5,72,2532,1232,1300
050,41,017,"Oregon","Deschutes County",5,73,2403,1200,1203
050,41,017,"Oregon","Deschutes County",5,74,2294,1146,1148
050,41,017,"Oregon","Deschutes County",5,75,2253,1104,1149
050,41,017,"Oregon","Deschutes County",5,76,2336,1139,1197
050,41,017,"Oregon","Deschutes County",5,77,1548,731,817
050,41,017,"Oregon","Deschutes County",5,78,1538,760,778
050,41,017,"Oregon","Deschutes County",5,79,1398,672,726
050,41,017,"Oregon","Deschutes County",5,80,1399,660,739
050,41,017,"Oregon","Deschutes County",5,81,1130,522,608
050,41,017,"Oregon","Deschutes County",5,82,1000,448,552
050,41,017,"Oregon","Deschutes County",5,83,840,396,444
050,41,017,"Oregon","Deschutes County",5,84,697,344,353
050,41,017,"Oregon","Deschutes County",5,85,3677,1511,2166
050,41,019,"Oregon","Douglas County",1,0,1046,529,517
050,41,019,"Oregon","Douglas County",1,1,1046,526,520
050,41,019,"Oregon","Douglas County",1,2,1111,573,538
050,41,019,"Oregon","Douglas County",1,3,1148,579,569
050,41,019,"Oregon","Douglas County",1,4,1168,583,585
050,41,019,"Oregon","Douglas County",1,5,1224,635,589
050,41,019,"Oregon","Douglas County",1,6,1213,621,592
050,41,019,"Oregon","Douglas County",1,7,1233,640,593
050,41,019,"Oregon","Douglas County",1,8,1206,607,599
050,41,019,"Oregon","Douglas County",1,9,1206,601,605
050,41,019,"Oregon","Douglas County",1,10,1198,622,576
050,41,019,"Oregon","Douglas County",1,11,1258,666,592
050,41,019,"Oregon","Douglas County",1,12,1285,661,624
050,41,019,"Oregon","Douglas County",1,13,1325,673,652
050,41,019,"Oregon","Douglas County",1,14,1245,623,622
050,41,019,"Oregon","Douglas County",1,15,1253,652,601
050,41,019,"Oregon","Douglas County",1,16,1262,640,622
050,41,019,"Oregon","Douglas County",1,17,1261,639,622
050,41,019,"Oregon","Douglas County",1,18,1103,607,496
050,41,019,"Oregon","Douglas County",1,19,910,502,408
050,41,019,"Oregon","Douglas County",1,20,952,499,453
050,41,019,"Oregon","Douglas County",1,21,956,500,456
050,41,019,"Oregon","Douglas County",1,22,994,515,479
050,41,019,"Oregon","Douglas County",1,23,1080,555,525
050,41,019,"Oregon","Douglas County",1,24,1092,576,516
050,41,019,"Oregon","Douglas County",1,25,1188,608,580
050,41,019,"Oregon","Douglas County",1,26,1184,608,576
050,41,019,"Oregon","Douglas County",1,27,1224,610,614
050,41,019,"Oregon","Douglas County",1,28,1240,614,626
050,41,019,"Oregon","Douglas County",1,29,1271,615,656
050,41,019,"Oregon","Douglas County",1,30,1302,652,650
050,41,019,"Oregon","Douglas County",1,31,1298,658,640
050,41,019,"Oregon","Douglas County",1,32,1238,613,625
050,41,019,"Oregon","Douglas County",1,33,1243,611,632
050,41,019,"Oregon","Douglas County",1,34,1264,645,619
050,41,019,"Oregon","Douglas County",1,35,1253,632,621
050,41,019,"Oregon","Douglas County",1,36,1185,575,610
050,41,019,"Oregon","Douglas County",1,37,1253,602,651
050,41,019,"Oregon","Douglas County",1,38,1232,615,617
050,41,019,"Oregon","Douglas County",1,39,1223,613,610
050,41,019,"Oregon","Douglas County",1,40,1320,669,651
050,41,019,"Oregon","Douglas County",1,41,1273,673,600
050,41,019,"Oregon","Douglas County",1,42,1252,642,610
050,41,019,"Oregon","Douglas County",1,43,1167,606,561
050,41,019,"Oregon","Douglas County",1,44,1062,539,523
050,41,019,"Oregon","Douglas County",1,45,1110,553,557
050,41,019,"Oregon","Douglas County",1,46,1101,546,555
050,41,019,"Oregon","Douglas County",1,47,1129,581,548
050,41,019,"Oregon","Douglas County",1,48,1160,611,549
050,41,019,"Oregon","Douglas County",1,49,1351,672,679
050,41,019,"Oregon","Douglas County",1,50,1265,630,635
050,41,019,"Oregon","Douglas County",1,51,1228,597,631
050,41,019,"Oregon","Douglas County",1,52,1253,621,632
050,41,019,"Oregon","Douglas County",1,53,1345,650,695
050,41,019,"Oregon","Douglas County",1,54,1363,675,688
050,41,019,"Oregon","Douglas County",1,55,1472,719,753
050,41,019,"Oregon","Douglas County",1,56,1521,754,767
050,41,019,"Oregon","Douglas County",1,57,1579,766,813
050,41,019,"Oregon","Douglas County",1,58,1606,743,863
050,41,019,"Oregon","Douglas County",1,59,1670,784,886
050,41,019,"Oregon","Douglas County",1,60,1716,795,921
050,41,019,"Oregon","Douglas County",1,61,1737,816,921
050,41,019,"Oregon","Douglas County",1,62,1773,870,903
050,41,019,"Oregon","Douglas County",1,63,1817,885,932
050,41,019,"Oregon","Douglas County",1,64,1825,891,934
050,41,019,"Oregon","Douglas County",1,65,1835,884,951
050,41,019,"Oregon","Douglas County",1,66,1848,921,927
050,41,019,"Oregon","Douglas County",1,67,1837,888,949
050,41,019,"Oregon","Douglas County",1,68,1808,875,933
050,41,019,"Oregon","Douglas County",1,69,1695,806,889
050,41,019,"Oregon","Douglas County",1,70,1678,806,872
050,41,019,"Oregon","Douglas County",1,71,1630,796,834
050,41,019,"Oregon","Douglas County",1,72,1644,842,802
050,41,019,"Oregon","Douglas County",1,73,1643,867,776
050,41,019,"Oregon","Douglas County",1,74,1199,612,587
050,41,019,"Oregon","Douglas County",1,75,1231,612,619
050,41,019,"Oregon","Douglas County",1,76,1223,600,623
050,41,019,"Oregon","Douglas County",1,77,1189,589,600
050,41,019,"Oregon","Douglas County",1,78,968,485,483
050,41,019,"Oregon","Douglas County",1,79,870,431,439
050,41,019,"Oregon","Douglas County",1,80,774,368,406
050,41,019,"Oregon","Douglas County",1,81,760,363,397
050,41,019,"Oregon","Douglas County",1,82,680,337,343
050,41,019,"Oregon","Douglas County",1,83,611,286,325
050,41,019,"Oregon","Douglas County",1,84,529,234,295
050,41,019,"Oregon","Douglas County",1,85,3083,1255,1828
050,41,019,"Oregon","Douglas County",2,0,1026,534,492
050,41,019,"Oregon","Douglas County",2,1,1045,528,517
050,41,019,"Oregon","Douglas County",2,2,1104,566,538
050,41,019,"Oregon","Douglas County",2,3,1140,577,563
050,41,019,"Oregon","Douglas County",2,4,1173,588,585
050,41,019,"Oregon","Douglas County",2,5,1210,621,589
050,41,019,"Oregon","Douglas County",2,6,1224,628,596
050,41,019,"Oregon","Douglas County",2,7,1227,634,593
050,41,019,"Oregon","Douglas County",2,8,1214,617,597
050,41,019,"Oregon","Douglas County",2,9,1203,600,603
050,41,019,"Oregon","Douglas County",2,10,1199,617,582
050,41,019,"Oregon","Douglas County",2,11,1239,653,586
050,41,019,"Oregon","Douglas County",2,12,1294,668,626
050,41,019,"Oregon","Douglas County",2,13,1316,670,646
050,41,019,"Oregon","Douglas County",2,14,1263,634,629
050,41,019,"Oregon","Douglas County",2,15,1253,647,606
050,41,019,"Oregon","Douglas County",2,16,1269,649,620
050,41,019,"Oregon","Douglas County",2,17,1265,646,619
050,41,019,"Oregon","Douglas County",2,18,1096,597,499
050,41,019,"Oregon","Douglas County",2,19,911,505,406
050,41,019,"Oregon","Douglas County",2,20,964,510,454
050,41,019,"Oregon","Douglas County",2,21,958,499,459
050,41,019,"Oregon","Douglas County",2,22,1009,523,486
050,41,019,"Oregon","Douglas County",2,23,1077,550,527
050,41,019,"Oregon","Douglas County",2,24,1100,576,524
050,41,019,"Oregon","Douglas County",2,25,1176,607,569
050,41,019,"Oregon","Douglas County",2,26,1195,617,578
050,41,019,"Oregon","Douglas County",2,27,1216,611,605
050,41,019,"Oregon","Douglas County",2,28,1237,613,624
050,41,019,"Oregon","Douglas County",2,29,1263,616,647
050,41,019,"Oregon","Douglas County",2,30,1310,651,659
050,41,019,"Oregon","Douglas County",2,31,1302,662,640
050,41,019,"Oregon","Douglas County",2,32,1248,622,626
050,41,019,"Oregon","Douglas County",2,33,1240,613,627
050,41,019,"Oregon","Douglas County",2,34,1264,640,624
050,41,019,"Oregon","Douglas County",2,35,1266,638,628
050,41,019,"Oregon","Douglas County",2,36,1196,588,608
050,41,019,"Oregon","Douglas County",2,37,1237,596,641
050,41,019,"Oregon","Douglas County",2,38,1245,617,628
050,41,019,"Oregon","Douglas County",2,39,1224,613,611
050,41,019,"Oregon","Douglas County",2,40,1308,660,648
050,41,019,"Oregon","Douglas County",2,41,1285,672,613
050,41,019,"Oregon","Douglas County",2,42,1251,646,605
050,41,019,"Oregon","Douglas County",2,43,1195,618,577
050,41,019,"Oregon","Douglas County",2,44,1083,553,530
050,41,019,"Oregon","Douglas County",2,45,1105,552,553
050,41,019,"Oregon","Douglas County",2,46,1103,549,554
050,41,019,"Oregon","Douglas County",2,47,1119,570,549
050,41,019,"Oregon","Douglas County",2,48,1151,606,545
050,41,019,"Oregon","Douglas County",2,49,1317,664,653
050,41,019,"Oregon","Douglas County",2,50,1291,639,652
050,41,019,"Oregon","Douglas County",2,51,1235,604,631
050,41,019,"Oregon","Douglas County",2,52,1248,616,632
050,41,019,"Oregon","Douglas County",2,53,1326,642,684
050,41,019,"Oregon","Douglas County",2,54,1360,671,689
050,41,019,"Oregon","Douglas County",2,55,1453,715,738
050,41,019,"Oregon","Douglas County",2,56,1524,754,770
050,41,019,"Oregon","Douglas County",2,57,1562,760,802
050,41,019,"Oregon","Douglas County",2,58,1602,750,852
050,41,019,"Oregon","Douglas County",2,59,1664,776,888
050,41,019,"Oregon","Douglas County",2,60,1707,790,917
050,41,019,"Oregon","Douglas County",2,61,1729,810,919
050,41,019,"Oregon","Douglas County",2,62,1775,865,910
050,41,019,"Oregon","Douglas County",2,63,1823,889,934
050,41,019,"Oregon","Douglas County",2,64,1817,888,929
050,41,019,"Oregon","Douglas County",2,65,1837,885,952
050,41,019,"Oregon","Douglas County",2,66,1845,906,939
050,41,019,"Oregon","Douglas County",2,67,1839,894,945
050,41,019,"Oregon","Douglas County",2,68,1808,873,935
050,41,019,"Oregon","Douglas County",2,69,1733,830,903
050,41,019,"Oregon","Douglas County",2,70,1665,794,871
050,41,019,"Oregon","Douglas County",2,71,1641,798,843
050,41,019,"Oregon","Douglas County",2,72,1608,813,795
050,41,019,"Oregon","Douglas County",2,73,1716,897,819
050,41,019,"Oregon","Douglas County",2,74,1221,630,591
050,41,019,"Oregon","Douglas County",2,75,1227,611,616
050,41,019,"Oregon","Douglas County",2,76,1196,587,609
050,41,019,"Oregon","Douglas County",2,77,1214,599,615
050,41,019,"Oregon","Douglas County",2,78,992,495,497
050,41,019,"Oregon","Douglas County",2,79,875,432,443
050,41,019,"Oregon","Douglas County",2,80,783,379,404
050,41,019,"Oregon","Douglas County",2,81,745,355,390
050,41,019,"Oregon","Douglas County",2,82,687,338,349
050,41,019,"Oregon","Douglas County",2,83,606,287,319
050,41,019,"Oregon","Douglas County",2,84,537,244,293
050,41,019,"Oregon","Douglas County",2,85,3089,1264,1825
050,41,019,"Oregon","Douglas County",3,0,1061,524,537
050,41,019,"Oregon","Douglas County",3,1,1037,539,498
050,41,019,"Oregon","Douglas County",3,2,1089,547,542
050,41,019,"Oregon","Douglas County",3,3,1112,566,546
050,41,019,"Oregon","Douglas County",3,4,1178,602,576
050,41,019,"Oregon","Douglas County",3,5,1177,573,604
050,41,019,"Oregon","Douglas County",3,6,1218,626,592
050,41,019,"Oregon","Douglas County",3,7,1234,636,598
050,41,019,"Oregon","Douglas County",3,8,1250,658,592
050,41,019,"Oregon","Douglas County",3,9,1231,622,609
050,41,019,"Oregon","Douglas County",3,10,1222,623,599
050,41,019,"Oregon","Douglas County",3,11,1202,624,578
050,41,019,"Oregon","Douglas County",3,12,1273,676,597
050,41,019,"Oregon","Douglas County",3,13,1312,690,622
050,41,019,"Oregon","Douglas County",3,14,1308,674,634
050,41,019,"Oregon","Douglas County",3,15,1277,649,628
050,41,019,"Oregon","Douglas County",3,16,1283,659,624
050,41,019,"Oregon","Douglas County",3,17,1292,672,620
050,41,019,"Oregon","Douglas County",3,18,1121,599,522
050,41,019,"Oregon","Douglas County",3,19,920,503,417
050,41,019,"Oregon","Douglas County",3,20,952,511,441
050,41,019,"Oregon","Douglas County",3,21,990,503,487
050,41,019,"Oregon","Douglas County",3,22,1003,516,487
050,41,019,"Oregon","Douglas County",3,23,1090,559,531
050,41,019,"Oregon","Douglas County",3,24,1118,566,552
050,41,019,"Oregon","Douglas County",3,25,1138,605,533
050,41,019,"Oregon","Douglas County",3,26,1228,635,593
050,41,019,"Oregon","Douglas County",3,27,1214,623,591
050,41,019,"Oregon","Douglas County",3,28,1262,642,620
050,41,019,"Oregon","Douglas County",3,29,1266,618,648
050,41,019,"Oregon","Douglas County",3,30,1292,642,650
050,41,019,"Oregon","Douglas County",3,31,1326,651,675
050,41,019,"Oregon","Douglas County",3,32,1326,677,649
050,41,019,"Oregon","Douglas County",3,33,1287,651,636
050,41,019,"Oregon","Douglas County",3,34,1259,624,635
050,41,019,"Oregon","Douglas County",3,35,1284,643,641
050,41,019,"Oregon","Douglas County",3,36,1280,645,635
050,41,019,"Oregon","Douglas County",3,37,1197,581,616
050,41,019,"Oregon","Douglas County",3,38,1263,611,652
050,41,019,"Oregon","Douglas County",3,39,1272,628,644
050,41,019,"Oregon","Douglas County",3,40,1265,638,627
050,41,019,"Oregon","Douglas County",3,41,1330,670,660
050,41,019,"Oregon","Douglas County",3,42,1301,683,618
050,41,019,"Oregon","Douglas County",3,43,1266,651,615
050,41,019,"Oregon","Douglas County",3,44,1201,627,574
050,41,019,"Oregon","Douglas County",3,45,1121,574,547
050,41,019,"Oregon","Douglas County",3,46,1130,568,562
050,41,019,"Oregon","Douglas County",3,47,1105,537,568
050,41,019,"Oregon","Douglas County",3,48,1130,578,552
050,41,019,"Oregon","Douglas County",3,49,1174,616,558
050,41,019,"Oregon","Douglas County",3,50,1317,657,660
050,41,019,"Oregon","Douglas County",3,51,1302,643,659
050,41,019,"Oregon","Douglas County",3,52,1248,613,635
050,41,019,"Oregon","Douglas County",3,53,1271,614,657
050,41,019,"Oregon","Douglas County",3,54,1339,648,691
050,41,019,"Oregon","Douglas County",3,55,1370,672,698
050,41,019,"Oregon","Douglas County",3,56,1483,735,748
050,41,019,"Oregon","Douglas County",3,57,1542,744,798
050,41,019,"Oregon","Douglas County",3,58,1612,776,836
050,41,019,"Oregon","Douglas County",3,59,1611,764,847
050,41,019,"Oregon","Douglas County",3,60,1668,792,876
050,41,019,"Oregon","Douglas County",3,61,1720,797,923
050,41,019,"Oregon","Douglas County",3,62,1721,809,912
050,41,019,"Oregon","Douglas County",3,63,1770,857,913
050,41,019,"Oregon","Douglas County",3,64,1831,892,939
050,41,019,"Oregon","Douglas County",3,65,1785,874,911
050,41,019,"Oregon","Douglas County",3,66,1877,905,972
050,41,019,"Oregon","Douglas County",3,67,1833,903,930
050,41,019,"Oregon","Douglas County",3,68,1856,913,943
050,41,019,"Oregon","Douglas County",3,69,1782,868,914
050,41,019,"Oregon","Douglas County",3,70,1685,792,893
050,41,019,"Oregon","Douglas County",3,71,1638,786,852
050,41,019,"Oregon","Douglas County",3,72,1633,790,843
050,41,019,"Oregon","Douglas County",3,73,1586,794,792
050,41,019,"Oregon","Douglas County",3,74,1692,889,803
050,41,019,"Oregon","Douglas County",3,75,1190,610,580
050,41,019,"Oregon","Douglas County",3,76,1166,580,586
050,41,019,"Oregon","Douglas County",3,77,1155,562,593
050,41,019,"Oregon","Douglas County",3,78,1159,568,591
050,41,019,"Oregon","Douglas County",3,79,930,451,479
050,41,019,"Oregon","Douglas County",3,80,823,400,423
050,41,019,"Oregon","Douglas County",3,81,725,342,383
050,41,019,"Oregon","Douglas County",3,82,701,335,366
050,41,019,"Oregon","Douglas County",3,83,622,297,325
050,41,019,"Oregon","Douglas County",3,84,550,257,293
050,41,019,"Oregon","Douglas County",3,85,3089,1269,1820
050,41,019,"Oregon","Douglas County",4,0,978,489,489
050,41,019,"Oregon","Douglas County",4,1,1062,533,529
050,41,019,"Oregon","Douglas County",4,2,1037,537,500
050,41,019,"Oregon","Douglas County",4,3,1094,558,536
050,41,019,"Oregon","Douglas County",4,4,1122,582,540
050,41,019,"Oregon","Douglas County",4,5,1195,600,595
050,41,019,"Oregon","Douglas County",4,6,1202,583,619
050,41,019,"Oregon","Douglas County",4,7,1251,650,601
050,41,019,"Oregon","Douglas County",4,8,1275,659,616
050,41,019,"Oregon","Douglas County",4,9,1251,659,592
050,41,019,"Oregon","Douglas County",4,10,1232,633,599
050,41,019,"Oregon","Douglas County",4,11,1238,626,612
050,41,019,"Oregon","Douglas County",4,12,1224,625,599
050,41,019,"Oregon","Douglas County",4,13,1288,679,609
050,41,019,"Oregon","Douglas County",4,14,1343,708,635
050,41,019,"Oregon","Douglas County",4,15,1322,681,641
050,41,019,"Oregon","Douglas County",4,16,1276,647,629
050,41,019,"Oregon","Douglas County",4,17,1306,680,626
050,41,019,"Oregon","Douglas County",4,18,1130,607,523
050,41,019,"Oregon","Douglas County",4,19,904,489,415
050,41,019,"Oregon","Douglas County",4,20,937,503,434
050,41,019,"Oregon","Douglas County",4,21,947,505,442
050,41,019,"Oregon","Douglas County",4,22,1045,516,529
050,41,019,"Oregon","Douglas County",4,23,1086,546,540
050,41,019,"Oregon","Douglas County",4,24,1119,567,552
050,41,019,"Oregon","Douglas County",4,25,1125,554,571
050,41,019,"Oregon","Douglas County",4,26,1173,628,545
050,41,019,"Oregon","Douglas County",4,27,1248,634,614
050,41,019,"Oregon","Douglas County",4,28,1233,637,596
050,41,019,"Oregon","Douglas County",4,29,1284,652,632
050,41,019,"Oregon","Douglas County",4,30,1278,619,659
050,41,019,"Oregon","Douglas County",4,31,1309,639,670
050,41,019,"Oregon","Douglas County",4,32,1330,658,672
050,41,019,"Oregon","Douglas County",4,33,1351,694,657
050,41,019,"Oregon","Douglas County",4,34,1319,675,644
050,41,019,"Oregon","Douglas County",4,35,1262,615,647
050,41,019,"Oregon","Douglas County",4,36,1319,673,646
050,41,019,"Oregon","Douglas County",4,37,1284,648,636
050,41,019,"Oregon","Douglas County",4,38,1235,611,624
050,41,019,"Oregon","Douglas County",4,39,1290,633,657
050,41,019,"Oregon","Douglas County",4,40,1269,620,649
050,41,019,"Oregon","Douglas County",4,41,1284,649,635
050,41,019,"Oregon","Douglas County",4,42,1333,675,658
050,41,019,"Oregon","Douglas County",4,43,1314,684,630
050,41,019,"Oregon","Douglas County",4,44,1260,652,608
050,41,019,"Oregon","Douglas County",4,45,1235,630,605
050,41,019,"Oregon","Douglas County",4,46,1158,599,559
050,41,019,"Oregon","Douglas County",4,47,1146,574,572
050,41,019,"Oregon","Douglas County",4,48,1141,555,586
050,41,019,"Oregon","Douglas County",4,49,1159,591,568
050,41,019,"Oregon","Douglas County",4,50,1180,612,568
050,41,019,"Oregon","Douglas County",4,51,1339,665,674
050,41,019,"Oregon","Douglas County",4,52,1306,651,655
050,41,019,"Oregon","Douglas County",4,53,1246,621,625
050,41,019,"Oregon","Douglas County",4,54,1272,614,658
050,41,019,"Oregon","Douglas County",4,55,1337,652,685
050,41,019,"Oregon","Douglas County",4,56,1412,694,718
050,41,019,"Oregon","Douglas County",4,57,1485,732,753
050,41,019,"Oregon","Douglas County",4,58,1552,743,809
050,41,019,"Oregon","Douglas County",4,59,1641,781,860
050,41,019,"Oregon","Douglas County",4,60,1600,757,843
050,41,019,"Oregon","Douglas County",4,61,1684,784,900
050,41,019,"Oregon","Douglas County",4,62,1751,823,928
050,41,019,"Oregon","Douglas County",4,63,1725,809,916
050,41,019,"Oregon","Douglas County",4,64,1748,833,915
050,41,019,"Oregon","Douglas County",4,65,1825,881,944
050,41,019,"Oregon","Douglas County",4,66,1780,889,891
050,41,019,"Oregon","Douglas County",4,67,1851,891,960
050,41,019,"Oregon","Douglas County",4,68,1821,900,921
050,41,019,"Oregon","Douglas County",4,69,1820,906,914
050,41,019,"Oregon","Douglas County",4,70,1749,837,912
050,41,019,"Oregon","Douglas County",4,71,1661,785,876
050,41,019,"Oregon","Douglas County",4,72,1602,767,835
050,41,019,"Oregon","Douglas County",4,73,1588,758,830
050,41,019,"Oregon","Douglas County",4,74,1558,781,777
050,41,019,"Oregon","Douglas County",4,75,1644,846,798
050,41,019,"Oregon","Douglas County",4,76,1124,577,547
050,41,019,"Oregon","Douglas County",4,77,1108,545,563
050,41,019,"Oregon","Douglas County",4,78,1104,521,583
050,41,019,"Oregon","Douglas County",4,79,1088,526,562
050,41,019,"Oregon","Douglas County",4,80,848,412,436
050,41,019,"Oregon","Douglas County",4,81,757,359,398
050,41,019,"Oregon","Douglas County",4,82,667,320,347
050,41,019,"Oregon","Douglas County",4,83,630,300,330
050,41,019,"Oregon","Douglas County",4,84,557,255,302
050,41,019,"Oregon","Douglas County",4,85,3027,1255,1772
050,41,019,"Oregon","Douglas County",5,0,951,472,479
050,41,019,"Oregon","Douglas County",5,1,1020,520,500
050,41,019,"Oregon","Douglas County",5,2,1078,526,552
050,41,019,"Oregon","Douglas County",5,3,1038,538,500
050,41,019,"Oregon","Douglas County",5,4,1091,556,535
050,41,019,"Oregon","Douglas County",5,5,1124,578,546
050,41,019,"Oregon","Douglas County",5,6,1212,601,611
050,41,019,"Oregon","Douglas County",5,7,1208,593,615
050,41,019,"Oregon","Douglas County",5,8,1247,636,611
050,41,019,"Oregon","Douglas County",5,9,1286,657,629
050,41,019,"Oregon","Douglas County",5,10,1255,666,589
050,41,019,"Oregon","Douglas County",5,11,1244,639,605
050,41,019,"Oregon","Douglas County",5,12,1240,640,600
050,41,019,"Oregon","Douglas County",5,13,1251,638,613
050,41,019,"Oregon","Douglas County",5,14,1281,674,607
050,41,019,"Oregon","Douglas County",5,15,1340,707,633
050,41,019,"Oregon","Douglas County",5,16,1348,694,654
050,41,019,"Oregon","Douglas County",5,17,1283,653,630
050,41,019,"Oregon","Douglas County",5,18,1131,607,524
050,41,019,"Oregon","Douglas County",5,19,920,503,417
050,41,019,"Oregon","Douglas County",5,20,985,513,472
050,41,019,"Oregon","Douglas County",5,21,984,508,476
050,41,019,"Oregon","Douglas County",5,22,1018,548,470
050,41,019,"Oregon","Douglas County",5,23,1131,555,576
050,41,019,"Oregon","Douglas County",5,24,1100,562,538
050,41,019,"Oregon","Douglas County",5,25,1141,577,564
050,41,019,"Oregon","Douglas County",5,26,1155,579,576
050,41,019,"Oregon","Douglas County",5,27,1187,618,569
050,41,019,"Oregon","Douglas County",5,28,1240,634,606
050,41,019,"Oregon","Douglas County",5,29,1232,639,593
050,41,019,"Oregon","Douglas County",5,30,1273,650,623
050,41,019,"Oregon","Douglas County",5,31,1325,649,676
050,41,019,"Oregon","Douglas County",5,32,1337,653,684
050,41,019,"Oregon","Douglas County",5,33,1362,685,677
050,41,019,"Oregon","Douglas County",5,34,1363,698,665
050,41,019,"Oregon","Douglas County",5,35,1353,679,674
050,41,019,"Oregon","Douglas County",5,36,1278,630,648
050,41,019,"Oregon","Douglas County",5,37,1347,684,663
050,41,019,"Oregon","Douglas County",5,38,1323,653,670
050,41,019,"Oregon","Douglas County",5,39,1218,594,624
050,41,019,"Oregon","Douglas County",5,40,1279,620,659
050,41,019,"Oregon","Douglas County",5,41,1277,637,640
050,41,019,"Oregon","Douglas County",5,42,1282,652,630
050,41,019,"Oregon","Douglas County",5,43,1343,671,672
050,41,019,"Oregon","Douglas County",5,44,1323,679,644
050,41,019,"Oregon","Douglas County",5,45,1272,646,626
050,41,019,"Oregon","Douglas County",5,46,1242,639,603
050,41,019,"Oregon","Douglas County",5,47,1181,611,570
050,41,019,"Oregon","Douglas County",5,48,1159,584,575
050,41,019,"Oregon","Douglas County",5,49,1144,551,593
050,41,019,"Oregon","Douglas County",5,50,1156,590,566
050,41,019,"Oregon","Douglas County",5,51,1196,610,586
050,41,019,"Oregon","Douglas County",5,52,1356,679,677
050,41,019,"Oregon","Douglas County",5,53,1309,656,653
050,41,019,"Oregon","Douglas County",5,54,1270,643,627
050,41,019,"Oregon","Douglas County",5,55,1300,620,680
050,41,019,"Oregon","Douglas County",5,56,1369,676,693
050,41,019,"Oregon","Douglas County",5,57,1437,693,744
050,41,019,"Oregon","Douglas County",5,58,1496,731,765
050,41,019,"Oregon","Douglas County",5,59,1572,754,818
050,41,019,"Oregon","Douglas County",5,60,1647,785,862
050,41,019,"Oregon","Douglas County",5,61,1581,748,833
050,41,019,"Oregon","Douglas County",5,62,1665,779,886
050,41,019,"Oregon","Douglas County",5,63,1741,812,929
050,41,019,"Oregon","Douglas County",5,64,1722,811,911
050,41,019,"Oregon","Douglas County",5,65,1734,819,915
050,41,019,"Oregon","Douglas County",5,66,1835,891,944
050,41,019,"Oregon","Douglas County",5,67,1774,884,890
050,41,019,"Oregon","Douglas County",5,68,1839,879,960
050,41,019,"Oregon","Douglas County",5,69,1771,887,884
050,41,019,"Oregon","Douglas County",5,70,1786,870,916
050,41,019,"Oregon","Douglas County",5,71,1718,816,902
050,41,019,"Oregon","Douglas County",5,72,1620,761,859
050,41,019,"Oregon","Douglas County",5,73,1568,738,830
050,41,019,"Oregon","Douglas County",5,74,1558,740,818
050,41,019,"Oregon","Douglas County",5,75,1521,752,769
050,41,019,"Oregon","Douglas County",5,76,1565,791,774
050,41,019,"Oregon","Douglas County",5,77,1071,550,521
050,41,019,"Oregon","Douglas County",5,78,1067,519,548
050,41,019,"Oregon","Douglas County",5,79,1054,486,568
050,41,019,"Oregon","Douglas County",5,80,1016,492,524
050,41,019,"Oregon","Douglas County",5,81,789,374,415
050,41,019,"Oregon","Douglas County",5,82,711,342,369
050,41,019,"Oregon","Douglas County",5,83,606,285,321
050,41,019,"Oregon","Douglas County",5,84,570,267,303
050,41,019,"Oregon","Douglas County",5,85,3043,1265,1778
050,41,021,"Oregon","Gilliam County",1,0,12,6,6
050,41,021,"Oregon","Gilliam County",1,1,14,6,8
050,41,021,"Oregon","Gilliam County",1,2,18,12,6
050,41,021,"Oregon","Gilliam County",1,3,22,13,9
050,41,021,"Oregon","Gilliam County",1,4,13,8,5
050,41,021,"Oregon","Gilliam County",1,5,23,13,10
050,41,021,"Oregon","Gilliam County",1,6,22,9,13
050,41,021,"Oregon","Gilliam County",1,7,28,13,15
050,41,021,"Oregon","Gilliam County",1,8,23,11,12
050,41,021,"Oregon","Gilliam County",1,9,23,14,9
050,41,021,"Oregon","Gilliam County",1,10,31,14,17
050,41,021,"Oregon","Gilliam County",1,11,26,13,13
050,41,021,"Oregon","Gilliam County",1,12,20,9,11
050,41,021,"Oregon","Gilliam County",1,13,33,20,13
050,41,021,"Oregon","Gilliam County",1,14,19,13,6
050,41,021,"Oregon","Gilliam County",1,15,23,14,9
050,41,021,"Oregon","Gilliam County",1,16,20,7,13
050,41,021,"Oregon","Gilliam County",1,17,18,9,9
050,41,021,"Oregon","Gilliam County",1,18,15,7,8
050,41,021,"Oregon","Gilliam County",1,19,17,10,7
050,41,021,"Oregon","Gilliam County",1,20,14,9,5
050,41,021,"Oregon","Gilliam County",1,21,11,7,4
050,41,021,"Oregon","Gilliam County",1,22,11,8,3
050,41,021,"Oregon","Gilliam County",1,23,17,9,8
050,41,021,"Oregon","Gilliam County",1,24,19,11,8
050,41,021,"Oregon","Gilliam County",1,25,16,11,5
050,41,021,"Oregon","Gilliam County",1,26,17,9,8
050,41,021,"Oregon","Gilliam County",1,27,16,8,8
050,41,021,"Oregon","Gilliam County",1,28,14,5,9
050,41,021,"Oregon","Gilliam County",1,29,11,4,7
050,41,021,"Oregon","Gilliam County",1,30,18,7,11
050,41,021,"Oregon","Gilliam County",1,31,23,11,12
050,41,021,"Oregon","Gilliam County",1,32,14,6,8
050,41,021,"Oregon","Gilliam County",1,33,15,10,5
050,41,021,"Oregon","Gilliam County",1,34,19,12,7
050,41,021,"Oregon","Gilliam County",1,35,17,7,10
050,41,021,"Oregon","Gilliam County",1,36,20,11,9
050,41,021,"Oregon","Gilliam County",1,37,24,11,13
050,41,021,"Oregon","Gilliam County",1,38,27,18,9
050,41,021,"Oregon","Gilliam County",1,39,25,14,11
050,41,021,"Oregon","Gilliam County",1,40,27,10,17
050,41,021,"Oregon","Gilliam County",1,41,24,9,15
050,41,021,"Oregon","Gilliam County",1,42,23,13,10
050,41,021,"Oregon","Gilliam County",1,43,22,14,8
050,41,021,"Oregon","Gilliam County",1,44,17,8,9
050,41,021,"Oregon","Gilliam County",1,45,18,6,12
050,41,021,"Oregon","Gilliam County",1,46,19,10,9
050,41,021,"Oregon","Gilliam County",1,47,19,6,13
050,41,021,"Oregon","Gilliam County",1,48,22,7,15
050,41,021,"Oregon","Gilliam County",1,49,18,12,6
050,41,021,"Oregon","Gilliam County",1,50,16,6,10
050,41,021,"Oregon","Gilliam County",1,51,20,10,10
050,41,021,"Oregon","Gilliam County",1,52,22,12,10
050,41,021,"Oregon","Gilliam County",1,53,20,12,8
050,41,021,"Oregon","Gilliam County",1,54,18,13,5
050,41,021,"Oregon","Gilliam County",1,55,25,14,11
050,41,021,"Oregon","Gilliam County",1,56,37,13,24
050,41,021,"Oregon","Gilliam County",1,57,32,15,17
050,41,021,"Oregon","Gilliam County",1,58,25,14,11
050,41,021,"Oregon","Gilliam County",1,59,37,21,16
050,41,021,"Oregon","Gilliam County",1,60,38,22,16
050,41,021,"Oregon","Gilliam County",1,61,37,23,14
050,41,021,"Oregon","Gilliam County",1,62,45,22,23
050,41,021,"Oregon","Gilliam County",1,63,41,22,19
050,41,021,"Oregon","Gilliam County",1,64,42,22,20
050,41,021,"Oregon","Gilliam County",1,65,38,21,17
050,41,021,"Oregon","Gilliam County",1,66,38,17,21
050,41,021,"Oregon","Gilliam County",1,67,34,13,21
050,41,021,"Oregon","Gilliam County",1,68,30,13,17
050,41,021,"Oregon","Gilliam County",1,69,39,25,14
050,41,021,"Oregon","Gilliam County",1,70,36,23,13
050,41,021,"Oregon","Gilliam County",1,71,27,16,11
050,41,021,"Oregon","Gilliam County",1,72,34,18,16
050,41,021,"Oregon","Gilliam County",1,73,31,18,13
050,41,021,"Oregon","Gilliam County",1,74,17,7,10
050,41,021,"Oregon","Gilliam County",1,75,24,15,9
050,41,021,"Oregon","Gilliam County",1,76,19,9,10
050,41,021,"Oregon","Gilliam County",1,77,15,5,10
050,41,021,"Oregon","Gilliam County",1,78,13,3,10
050,41,021,"Oregon","Gilliam County",1,79,20,8,12
050,41,021,"Oregon","Gilliam County",1,80,17,6,11
050,41,021,"Oregon","Gilliam County",1,81,19,8,11
050,41,021,"Oregon","Gilliam County",1,82,15,9,6
050,41,021,"Oregon","Gilliam County",1,83,14,7,7
050,41,021,"Oregon","Gilliam County",1,84,16,8,8
050,41,021,"Oregon","Gilliam County",1,85,68,24,44
050,41,021,"Oregon","Gilliam County",2,0,16,6,10
050,41,021,"Oregon","Gilliam County",2,1,15,7,8
050,41,021,"Oregon","Gilliam County",2,2,19,12,7
050,41,021,"Oregon","Gilliam County",2,3,21,12,9
050,41,021,"Oregon","Gilliam County",2,4,16,10,6
050,41,021,"Oregon","Gilliam County",2,5,21,12,9
050,41,021,"Oregon","Gilliam County",2,6,24,10,14
050,41,021,"Oregon","Gilliam County",2,7,27,12,15
050,41,021,"Oregon","Gilliam County",2,8,23,11,12
050,41,021,"Oregon","Gilliam County",2,9,24,14,10
050,41,021,"Oregon","Gilliam County",2,10,30,14,16
050,41,021,"Oregon","Gilliam County",2,11,26,12,14
050,41,021,"Oregon","Gilliam County",2,12,22,10,12
050,41,021,"Oregon","Gilliam County",2,13,30,17,13
050,41,021,"Oregon","Gilliam County",2,14,22,15,7
050,41,021,"Oregon","Gilliam County",2,15,24,15,9
050,41,021,"Oregon","Gilliam County",2,16,19,7,12
050,41,021,"Oregon","Gilliam County",2,17,20,9,11
050,41,021,"Oregon","Gilliam County",2,18,15,7,8
050,41,021,"Oregon","Gilliam County",2,19,16,9,7
050,41,021,"Oregon","Gilliam County",2,20,14,9,5
050,41,021,"Oregon","Gilliam County",2,21,10,6,4
050,41,021,"Oregon","Gilliam County",2,22,11,8,3
050,41,021,"Oregon","Gilliam County",2,23,16,8,8
050,41,021,"Oregon","Gilliam County",2,24,19,11,8
050,41,021,"Oregon","Gilliam County",2,25,17,11,6
050,41,021,"Oregon","Gilliam County",2,26,16,9,7
050,41,021,"Oregon","Gilliam County",2,27,17,8,9
050,41,021,"Oregon","Gilliam County",2,28,15,6,9
050,41,021,"Oregon","Gilliam County",2,29,12,4,8
050,41,021,"Oregon","Gilliam County",2,30,17,7,10
050,41,021,"Oregon","Gilliam County",2,31,22,10,12
050,41,021,"Oregon","Gilliam County",2,32,16,7,9
050,41,021,"Oregon","Gilliam County",2,33,15,9,6
050,41,021,"Oregon","Gilliam County",2,34,19,12,7
050,41,021,"Oregon","Gilliam County",2,35,18,8,10
050,41,021,"Oregon","Gilliam County",2,36,19,10,9
050,41,021,"Oregon","Gilliam County",2,37,24,12,12
050,41,021,"Oregon","Gilliam County",2,38,27,17,10
050,41,021,"Oregon","Gilliam County",2,39,25,14,11
050,41,021,"Oregon","Gilliam County",2,40,27,11,16
050,41,021,"Oregon","Gilliam County",2,41,24,9,15
050,41,021,"Oregon","Gilliam County",2,42,23,12,11
050,41,021,"Oregon","Gilliam County",2,43,23,14,9
050,41,021,"Oregon","Gilliam County",2,44,19,10,9
050,41,021,"Oregon","Gilliam County",2,45,17,6,11
050,41,021,"Oregon","Gilliam County",2,46,17,8,9
050,41,021,"Oregon","Gilliam County",2,47,19,7,12
050,41,021,"Oregon","Gilliam County",2,48,22,7,15
050,41,021,"Oregon","Gilliam County",2,49,20,11,9
050,41,021,"Oregon","Gilliam County",2,50,17,8,9
050,41,021,"Oregon","Gilliam County",2,51,20,10,10
050,41,021,"Oregon","Gilliam County",2,52,22,11,11
050,41,021,"Oregon","Gilliam County",2,53,20,12,8
050,41,021,"Oregon","Gilliam County",2,54,19,13,6
050,41,021,"Oregon","Gilliam County",2,55,24,14,10
050,41,021,"Oregon","Gilliam County",2,56,35,14,21
050,41,021,"Oregon","Gilliam County",2,57,34,15,19
050,41,021,"Oregon","Gilliam County",2,58,26,14,12
050,41,021,"Oregon","Gilliam County",2,59,34,19,15
050,41,021,"Oregon","Gilliam County",2,60,36,21,15
050,41,021,"Oregon","Gilliam County",2,61,38,23,15
050,41,021,"Oregon","Gilliam County",2,62,43,22,21
050,41,021,"Oregon","Gilliam County",2,63,44,23,21
050,41,021,"Oregon","Gilliam County",2,64,39,21,18
050,41,021,"Oregon","Gilliam County",2,65,39,21,18
050,41,021,"Oregon","Gilliam County",2,66,38,18,20
050,41,021,"Oregon","Gilliam County",2,67,35,14,21
050,41,021,"Oregon","Gilliam County",2,68,32,14,18
050,41,021,"Oregon","Gilliam County",2,69,38,23,15
050,41,021,"Oregon","Gilliam County",2,70,36,23,13
050,41,021,"Oregon","Gilliam County",2,71,29,18,11
050,41,021,"Oregon","Gilliam County",2,72,32,17,15
050,41,021,"Oregon","Gilliam County",2,73,33,19,14
050,41,021,"Oregon","Gilliam County",2,74,20,9,11
050,41,021,"Oregon","Gilliam County",2,75,23,14,9
050,41,021,"Oregon","Gilliam County",2,76,20,10,10
050,41,021,"Oregon","Gilliam County",2,77,16,6,10
050,41,021,"Oregon","Gilliam County",2,78,14,4,10
050,41,021,"Oregon","Gilliam County",2,79,19,7,12
050,41,021,"Oregon","Gilliam County",2,80,17,6,11
050,41,021,"Oregon","Gilliam County",2,81,18,7,11
050,41,021,"Oregon","Gilliam County",2,82,16,9,7
050,41,021,"Oregon","Gilliam County",2,83,14,7,7
050,41,021,"Oregon","Gilliam County",2,84,16,8,8
050,41,021,"Oregon","Gilliam County",2,85,70,24,46
050,41,021,"Oregon","Gilliam County",3,0,17,4,13
050,41,021,"Oregon","Gilliam County",3,1,17,14,3
050,41,021,"Oregon","Gilliam County",3,2,13,5,8
050,41,021,"Oregon","Gilliam County",3,3,17,9,8
050,41,021,"Oregon","Gilliam County",3,4,20,11,9
050,41,021,"Oregon","Gilliam County",3,5,18,12,6
050,41,021,"Oregon","Gilliam County",3,6,20,10,10
050,41,021,"Oregon","Gilliam County",3,7,25,10,15
050,41,021,"Oregon","Gilliam County",3,8,23,12,11
050,41,021,"Oregon","Gilliam County",3,9,25,14,11
050,41,021,"Oregon","Gilliam County",3,10,25,14,11
050,41,021,"Oregon","Gilliam County",3,11,30,14,16
050,41,021,"Oregon","Gilliam County",3,12,25,10,15
050,41,021,"Oregon","Gilliam County",3,13,26,12,14
050,41,021,"Oregon","Gilliam County",3,14,28,15,13
050,41,021,"Oregon","Gilliam County",3,15,22,15,7
050,41,021,"Oregon","Gilliam County",3,16,23,15,8
050,41,021,"Oregon","Gilliam County",3,17,19,7,12
050,41,021,"Oregon","Gilliam County",3,18,20,8,12
050,41,021,"Oregon","Gilliam County",3,19,13,8,5
050,41,021,"Oregon","Gilliam County",3,20,16,8,8
050,41,021,"Oregon","Gilliam County",3,21,18,9,9
050,41,021,"Oregon","Gilliam County",3,22,7,4,3
050,41,021,"Oregon","Gilliam County",3,23,13,7,6
050,41,021,"Oregon","Gilliam County",3,24,19,12,7
050,41,021,"Oregon","Gilliam County",3,25,16,9,7
050,41,021,"Oregon","Gilliam County",3,26,18,11,7
050,41,021,"Oregon","Gilliam County",3,27,12,8,4
050,41,021,"Oregon","Gilliam County",3,28,22,7,15
050,41,021,"Oregon","Gilliam County",3,29,17,11,6
050,41,021,"Oregon","Gilliam County",3,30,10,3,7
050,41,021,"Oregon","Gilliam County",3,31,18,8,10
050,41,021,"Oregon","Gilliam County",3,32,17,7,10
050,41,021,"Oregon","Gilliam County",3,33,18,7,11
050,41,021,"Oregon","Gilliam County",3,34,19,14,5
050,41,021,"Oregon","Gilliam County",3,35,17,9,8
050,41,021,"Oregon","Gilliam County",3,36,18,9,9
050,41,021,"Oregon","Gilliam County",3,37,20,10,10
050,41,021,"Oregon","Gilliam County",3,38,21,9,12
050,41,021,"Oregon","Gilliam County",3,39,25,16,9
050,41,021,"Oregon","Gilliam County",3,40,26,14,12
050,41,021,"Oregon","Gilliam County",3,41,27,14,13
050,41,021,"Oregon","Gilliam County",3,42,21,7,14
050,41,021,"Oregon","Gilliam County",3,43,21,9,12
050,41,021,"Oregon","Gilliam County",3,44,23,14,9
050,41,021,"Oregon","Gilliam County",3,45,22,13,9
050,41,021,"Oregon","Gilliam County",3,46,18,6,12
050,41,021,"Oregon","Gilliam County",3,47,22,9,13
050,41,021,"Oregon","Gilliam County",3,48,21,9,12
050,41,021,"Oregon","Gilliam County",3,49,23,8,15
050,41,021,"Oregon","Gilliam County",3,50,21,12,9
050,41,021,"Oregon","Gilliam County",3,51,18,8,10
050,41,021,"Oregon","Gilliam County",3,52,20,10,10
050,41,021,"Oregon","Gilliam County",3,53,22,11,11
050,41,021,"Oregon","Gilliam County",3,54,21,13,8
050,41,021,"Oregon","Gilliam County",3,55,16,10,6
050,41,021,"Oregon","Gilliam County",3,56,22,12,10
050,41,021,"Oregon","Gilliam County",3,57,34,15,19
050,41,021,"Oregon","Gilliam County",3,58,36,17,19
050,41,021,"Oregon","Gilliam County",3,59,27,14,13
050,41,021,"Oregon","Gilliam County",3,60,34,19,15
050,41,021,"Oregon","Gilliam County",3,61,31,19,12
050,41,021,"Oregon","Gilliam County",3,62,39,24,15
050,41,021,"Oregon","Gilliam County",3,63,43,22,21
050,41,021,"Oregon","Gilliam County",3,64,41,19,22
050,41,021,"Oregon","Gilliam County",3,65,37,20,17
050,41,021,"Oregon","Gilliam County",3,66,39,22,17
050,41,021,"Oregon","Gilliam County",3,67,39,19,20
050,41,021,"Oregon","Gilliam County",3,68,35,14,21
050,41,021,"Oregon","Gilliam County",3,69,34,15,19
050,41,021,"Oregon","Gilliam County",3,70,37,22,15
050,41,021,"Oregon","Gilliam County",3,71,34,22,12
050,41,021,"Oregon","Gilliam County",3,72,27,17,10
050,41,021,"Oregon","Gilliam County",3,73,32,16,16
050,41,021,"Oregon","Gilliam County",3,74,33,19,14
050,41,021,"Oregon","Gilliam County",3,75,21,9,12
050,41,021,"Oregon","Gilliam County",3,76,24,14,10
050,41,021,"Oregon","Gilliam County",3,77,18,8,10
050,41,021,"Oregon","Gilliam County",3,78,16,6,10
050,41,021,"Oregon","Gilliam County",3,79,17,5,12
050,41,021,"Oregon","Gilliam County",3,80,17,7,10
050,41,021,"Oregon","Gilliam County",3,81,14,5,9
050,41,021,"Oregon","Gilliam County",3,82,18,7,11
050,41,021,"Oregon","Gilliam County",3,83,16,9,7
050,41,021,"Oregon","Gilliam County",3,84,14,7,7
050,41,021,"Oregon","Gilliam County",3,85,75,28,47
050,41,021,"Oregon","Gilliam County",4,0,20,7,13
050,41,021,"Oregon","Gilliam County",4,1,19,4,15
050,41,021,"Oregon","Gilliam County",4,2,17,12,5
050,41,021,"Oregon","Gilliam County",4,3,17,6,11
050,41,021,"Oregon","Gilliam County",4,4,17,9,8
050,41,021,"Oregon","Gilliam County",4,5,20,12,8
050,41,021,"Oregon","Gilliam County",4,6,16,11,5
050,41,021,"Oregon","Gilliam County",4,7,17,9,8
050,41,021,"Oregon","Gilliam County",4,8,27,9,18
050,41,021,"Oregon","Gilliam County",4,9,22,10,12
050,41,021,"Oregon","Gilliam County",4,10,28,14,14
050,41,021,"Oregon","Gilliam County",4,11,22,12,10
050,41,021,"Oregon","Gilliam County",4,12,28,13,15
050,41,021,"Oregon","Gilliam County",4,13,23,9,14
050,41,021,"Oregon","Gilliam County",4,14,24,13,11
050,41,021,"Oregon","Gilliam County",4,15,26,17,9
050,41,021,"Oregon","Gilliam County",4,16,23,16,7
050,41,021,"Oregon","Gilliam County",4,17,27,17,10
050,41,021,"Oregon","Gilliam County",4,18,15,6,9
050,41,021,"Oregon","Gilliam County",4,19,13,5,8
050,41,021,"Oregon","Gilliam County",4,20,13,8,5
050,41,021,"Oregon","Gilliam County",4,21,18,10,8
050,41,021,"Oregon","Gilliam County",4,22,21,11,10
050,41,021,"Oregon","Gilliam County",4,23,7,5,2
050,41,021,"Oregon","Gilliam County",4,24,12,6,6
050,41,021,"Oregon","Gilliam County",4,25,21,12,9
050,41,021,"Oregon","Gilliam County",4,26,18,10,8
050,41,021,"Oregon","Gilliam County",4,27,15,10,5
050,41,021,"Oregon","Gilliam County",4,28,15,7,8
050,41,021,"Oregon","Gilliam County",4,29,29,13,16
050,41,021,"Oregon","Gilliam County",4,30,15,10,5
050,41,021,"Oregon","Gilliam County",4,31,10,2,8
050,41,021,"Oregon","Gilliam County",4,32,21,8,13
050,41,021,"Oregon","Gilliam County",4,33,21,10,11
050,41,021,"Oregon","Gilliam County",4,34,18,7,11
050,41,021,"Oregon","Gilliam County",4,35,16,12,4
050,41,021,"Oregon","Gilliam County",4,36,15,6,9
050,41,021,"Oregon","Gilliam County",4,37,15,7,8
050,41,021,"Oregon","Gilliam County",4,38,19,8,11
050,41,021,"Oregon","Gilliam County",4,39,20,10,10
050,41,021,"Oregon","Gilliam County",4,40,26,15,11
050,41,021,"Oregon","Gilliam County",4,41,28,15,13
050,41,021,"Oregon","Gilliam County",4,42,29,15,14
050,41,021,"Oregon","Gilliam County",4,43,18,5,13
050,41,021,"Oregon","Gilliam County",4,44,24,12,12
050,41,021,"Oregon","Gilliam County",4,45,24,14,10
050,41,021,"Oregon","Gilliam County",4,46,20,12,8
050,41,021,"Oregon","Gilliam County",4,47,18,6,12
050,41,021,"Oregon","Gilliam County",4,48,18,6,12
050,41,021,"Oregon","Gilliam County",4,49,19,9,10
050,41,021,"Oregon","Gilliam County",4,50,26,10,16
050,41,021,"Oregon","Gilliam County",4,51,22,13,9
050,41,021,"Oregon","Gilliam County",4,52,21,10,11
050,41,021,"Oregon","Gilliam County",4,53,20,10,10
050,41,021,"Oregon","Gilliam County",4,54,21,11,10
050,41,021,"Oregon","Gilliam County",4,55,24,13,11
050,41,021,"Oregon","Gilliam County",4,56,14,11,3
050,41,021,"Oregon","Gilliam County",4,57,20,10,10
050,41,021,"Oregon","Gilliam County",4,58,33,15,18
050,41,021,"Oregon","Gilliam County",4,59,39,20,19
050,41,021,"Oregon","Gilliam County",4,60,27,14,13
050,41,021,"Oregon","Gilliam County",4,61,35,20,15
050,41,021,"Oregon","Gilliam County",4,62,32,20,12
050,41,021,"Oregon","Gilliam County",4,63,39,21,18
050,41,021,"Oregon","Gilliam County",4,64,44,23,21
050,41,021,"Oregon","Gilliam County",4,65,40,18,22
050,41,021,"Oregon","Gilliam County",4,66,34,18,16
050,41,021,"Oregon","Gilliam County",4,67,40,23,17
050,41,021,"Oregon","Gilliam County",4,68,40,20,20
050,41,021,"Oregon","Gilliam County",4,69,35,14,21
050,41,021,"Oregon","Gilliam County",4,70,30,13,17
050,41,021,"Oregon","Gilliam County",4,71,36,23,13
050,41,021,"Oregon","Gilliam County",4,72,32,21,11
050,41,021,"Oregon","Gilliam County",4,73,26,17,9
050,41,021,"Oregon","Gilliam County",4,74,30,15,15
050,41,021,"Oregon","Gilliam County",4,75,30,15,15
050,41,021,"Oregon","Gilliam County",4,76,21,10,11
050,41,021,"Oregon","Gilliam County",4,77,22,13,9
050,41,021,"Oregon","Gilliam County",4,78,19,8,11
050,41,021,"Oregon","Gilliam County",4,79,16,7,9
050,41,021,"Oregon","Gilliam County",4,80,16,5,11
050,41,021,"Oregon","Gilliam County",4,81,17,7,10
050,41,021,"Oregon","Gilliam County",4,82,14,5,9
050,41,021,"Oregon","Gilliam County",4,83,18,7,11
050,41,021,"Oregon","Gilliam County",4,84,16,9,7
050,41,021,"Oregon","Gilliam County",4,85,75,30,45
050,41,021,"Oregon","Gilliam County",5,0,18,6,12
050,41,021,"Oregon","Gilliam County",5,1,26,11,15
050,41,021,"Oregon","Gilliam County",5,2,19,3,16
050,41,021,"Oregon","Gilliam County",5,3,16,11,5
050,41,021,"Oregon","Gilliam County",5,4,14,3,11
050,41,021,"Oregon","Gilliam County",5,5,22,11,11
050,41,021,"Oregon","Gilliam County",5,6,19,10,9
050,41,021,"Oregon","Gilliam County",5,7,17,12,5
050,41,021,"Oregon","Gilliam County",5,8,16,8,8
050,41,021,"Oregon","Gilliam County",5,9,28,9,19
050,41,021,"Oregon","Gilliam County",5,10,20,9,11
050,41,021,"Oregon","Gilliam County",5,11,30,15,15
050,41,021,"Oregon","Gilliam County",5,12,24,14,10
050,41,021,"Oregon","Gilliam County",5,13,26,11,15
050,41,021,"Oregon","Gilliam County",5,14,24,10,14
050,41,021,"Oregon","Gilliam County",5,15,25,12,13
050,41,021,"Oregon","Gilliam County",5,16,30,18,12
050,41,021,"Oregon","Gilliam County",5,17,24,15,9
050,41,021,"Oregon","Gilliam County",5,18,22,14,8
050,41,021,"Oregon","Gilliam County",5,19,12,6,6
050,41,021,"Oregon","Gilliam County",5,20,15,6,9
050,41,021,"Oregon","Gilliam County",5,21,15,8,7
050,41,021,"Oregon","Gilliam County",5,22,21,12,9
050,41,021,"Oregon","Gilliam County",5,23,21,13,8
050,41,021,"Oregon","Gilliam County",5,24,9,4,5
050,41,021,"Oregon","Gilliam County",5,25,16,10,6
050,41,021,"Oregon","Gilliam County",5,26,21,11,10
050,41,021,"Oregon","Gilliam County",5,27,20,10,10
050,41,021,"Oregon","Gilliam County",5,28,18,11,7
050,41,021,"Oregon","Gilliam County",5,29,17,8,9
050,41,021,"Oregon","Gilliam County",5,30,29,13,16
050,41,021,"Oregon","Gilliam County",5,31,15,9,6
050,41,021,"Oregon","Gilliam County",5,32,10,2,8
050,41,021,"Oregon","Gilliam County",5,33,20,8,12
050,41,021,"Oregon","Gilliam County",5,34,19,10,9
050,41,021,"Oregon","Gilliam County",5,35,18,8,10
050,41,021,"Oregon","Gilliam County",5,36,16,12,4
050,41,021,"Oregon","Gilliam County",5,37,16,8,8
050,41,021,"Oregon","Gilliam County",5,38,15,7,8
050,41,021,"Oregon","Gilliam County",5,39,23,9,14
050,41,021,"Oregon","Gilliam County",5,40,21,10,11
050,41,021,"Oregon","Gilliam County",5,41,25,14,11
050,41,021,"Oregon","Gilliam County",5,42,26,15,11
050,41,021,"Oregon","Gilliam County",5,43,26,13,13
050,41,021,"Oregon","Gilliam County",5,44,16,4,12
050,41,021,"Oregon","Gilliam County",5,45,25,12,13
050,41,021,"Oregon","Gilliam County",5,46,28,17,11
050,41,021,"Oregon","Gilliam County",5,47,20,11,9
050,41,021,"Oregon","Gilliam County",5,48,17,7,10
050,41,021,"Oregon","Gilliam County",5,49,22,6,16
050,41,021,"Oregon","Gilliam County",5,50,23,10,13
050,41,021,"Oregon","Gilliam County",5,51,27,11,16
050,41,021,"Oregon","Gilliam County",5,52,25,15,10
050,41,021,"Oregon","Gilliam County",5,53,18,10,8
050,41,021,"Oregon","Gilliam County",5,54,20,11,9
050,41,021,"Oregon","Gilliam County",5,55,24,11,13
050,41,021,"Oregon","Gilliam County",5,56,23,13,10
050,41,021,"Oregon","Gilliam County",5,57,15,12,3
050,41,021,"Oregon","Gilliam County",5,58,20,8,12
050,41,021,"Oregon","Gilliam County",5,59,32,14,18
050,41,021,"Oregon","Gilliam County",5,60,42,23,19
050,41,021,"Oregon","Gilliam County",5,61,28,15,13
050,41,021,"Oregon","Gilliam County",5,62,35,20,15
050,41,021,"Oregon","Gilliam County",5,63,32,20,12
050,41,021,"Oregon","Gilliam County",5,64,39,21,18
050,41,021,"Oregon","Gilliam County",5,65,43,22,21
050,41,021,"Oregon","Gilliam County",5,66,38,17,21
050,41,021,"Oregon","Gilliam County",5,67,34,18,16
050,41,021,"Oregon","Gilliam County",5,68,38,23,15
050,41,021,"Oregon","Gilliam County",5,69,40,20,20
050,41,021,"Oregon","Gilliam County",5,70,30,11,19
050,41,021,"Oregon","Gilliam County",5,71,31,13,18
050,41,021,"Oregon","Gilliam County",5,72,35,22,13
050,41,021,"Oregon","Gilliam County",5,73,30,20,10
050,41,021,"Oregon","Gilliam County",5,74,25,16,9
050,41,021,"Oregon","Gilliam County",5,75,28,13,15
050,41,021,"Oregon","Gilliam County",5,76,30,15,15
050,41,021,"Oregon","Gilliam County",5,77,19,8,11
050,41,021,"Oregon","Gilliam County",5,78,22,13,9
050,41,021,"Oregon","Gilliam County",5,79,17,9,8
050,41,021,"Oregon","Gilliam County",5,80,15,6,9
050,41,021,"Oregon","Gilliam County",5,81,13,4,9
050,41,021,"Oregon","Gilliam County",5,82,15,5,10
050,41,021,"Oregon","Gilliam County",5,83,13,4,9
050,41,021,"Oregon","Gilliam County",5,84,20,8,12
050,41,021,"Oregon","Gilliam County",5,85,75,32,43
050,41,023,"Oregon","Grant County",1,0,62,32,30
050,41,023,"Oregon","Grant County",1,1,67,30,37
050,41,023,"Oregon","Grant County",1,2,66,30,36
050,41,023,"Oregon","Grant County",1,3,65,32,33
050,41,023,"Oregon","Grant County",1,4,80,47,33
050,41,023,"Oregon","Grant County",1,5,74,39,35
050,41,023,"Oregon","Grant County",1,6,72,40,32
050,41,023,"Oregon","Grant County",1,7,88,49,39
050,41,023,"Oregon","Grant County",1,8,73,41,32
050,41,023,"Oregon","Grant County",1,9,69,39,30
050,41,023,"Oregon","Grant County",1,10,71,38,33
050,41,023,"Oregon","Grant County",1,11,84,36,48
050,41,023,"Oregon","Grant County",1,12,88,45,43
050,41,023,"Oregon","Grant County",1,13,74,36,38
050,41,023,"Oregon","Grant County",1,14,74,37,37
050,41,023,"Oregon","Grant County",1,15,69,39,30
050,41,023,"Oregon","Grant County",1,16,76,41,35
050,41,023,"Oregon","Grant County",1,17,76,41,35
050,41,023,"Oregon","Grant County",1,18,64,33,31
050,41,023,"Oregon","Grant County",1,19,48,21,27
050,41,023,"Oregon","Grant County",1,20,45,24,21
050,41,023,"Oregon","Grant County",1,21,53,26,27
050,41,023,"Oregon","Grant County",1,22,56,27,29
050,41,023,"Oregon","Grant County",1,23,57,28,29
050,41,023,"Oregon","Grant County",1,24,65,37,28
050,41,023,"Oregon","Grant County",1,25,74,36,38
050,41,023,"Oregon","Grant County",1,26,62,33,29
050,41,023,"Oregon","Grant County",1,27,57,28,29
050,41,023,"Oregon","Grant County",1,28,57,33,24
050,41,023,"Oregon","Grant County",1,29,71,41,30
050,41,023,"Oregon","Grant County",1,30,78,38,40
050,41,023,"Oregon","Grant County",1,31,80,42,38
050,41,023,"Oregon","Grant County",1,32,72,38,34
050,41,023,"Oregon","Grant County",1,33,71,36,35
050,41,023,"Oregon","Grant County",1,34,81,34,47
050,41,023,"Oregon","Grant County",1,35,75,38,37
050,41,023,"Oregon","Grant County",1,36,85,39,46
050,41,023,"Oregon","Grant County",1,37,74,37,37
050,41,023,"Oregon","Grant County",1,38,77,40,37
050,41,023,"Oregon","Grant County",1,39,74,37,37
050,41,023,"Oregon","Grant County",1,40,77,44,33
050,41,023,"Oregon","Grant County",1,41,79,46,33
050,41,023,"Oregon","Grant County",1,42,72,40,32
050,41,023,"Oregon","Grant County",1,43,78,41,37
050,41,023,"Oregon","Grant County",1,44,74,37,37
050,41,023,"Oregon","Grant County",1,45,65,38,27
050,41,023,"Oregon","Grant County",1,46,67,34,33
050,41,023,"Oregon","Grant County",1,47,76,40,36
050,41,023,"Oregon","Grant County",1,48,83,40,43
050,41,023,"Oregon","Grant County",1,49,77,39,38
050,41,023,"Oregon","Grant County",1,50,70,32,38
050,41,023,"Oregon","Grant County",1,51,64,26,38
050,41,023,"Oregon","Grant County",1,52,69,28,41
050,41,023,"Oregon","Grant County",1,53,73,29,44
050,41,023,"Oregon","Grant County",1,54,74,29,45
050,41,023,"Oregon","Grant County",1,55,83,42,41
050,41,023,"Oregon","Grant County",1,56,86,43,43
050,41,023,"Oregon","Grant County",1,57,112,57,55
050,41,023,"Oregon","Grant County",1,58,125,65,60
050,41,023,"Oregon","Grant County",1,59,118,63,55
050,41,023,"Oregon","Grant County",1,60,115,62,53
050,41,023,"Oregon","Grant County",1,61,117,55,62
050,41,023,"Oregon","Grant County",1,62,110,50,60
050,41,023,"Oregon","Grant County",1,63,129,59,70
050,41,023,"Oregon","Grant County",1,64,119,58,61
050,41,023,"Oregon","Grant County",1,65,125,62,63
050,41,023,"Oregon","Grant County",1,66,138,70,68
050,41,023,"Oregon","Grant County",1,67,145,78,67
050,41,023,"Oregon","Grant County",1,68,138,70,68
050,41,023,"Oregon","Grant County",1,69,129,69,60
050,41,023,"Oregon","Grant County",1,70,134,71,63
050,41,023,"Oregon","Grant County",1,71,116,60,56
050,41,023,"Oregon","Grant County",1,72,106,48,58
050,41,023,"Oregon","Grant County",1,73,128,71,57
050,41,023,"Oregon","Grant County",1,74,89,43,46
050,41,023,"Oregon","Grant County",1,75,96,49,47
050,41,023,"Oregon","Grant County",1,76,101,56,45
050,41,023,"Oregon","Grant County",1,77,97,54,43
050,41,023,"Oregon","Grant County",1,78,84,44,40
050,41,023,"Oregon","Grant County",1,79,72,40,32
050,41,023,"Oregon","Grant County",1,80,66,35,31
050,41,023,"Oregon","Grant County",1,81,64,27,37
050,41,023,"Oregon","Grant County",1,82,45,18,27
050,41,023,"Oregon","Grant County",1,83,42,22,20
050,41,023,"Oregon","Grant County",1,84,42,24,18
050,41,023,"Oregon","Grant County",1,85,259,119,140
050,41,023,"Oregon","Grant County",2,0,68,37,31
050,41,023,"Oregon","Grant County",2,1,69,31,38
050,41,023,"Oregon","Grant County",2,2,67,30,37
050,41,023,"Oregon","Grant County",2,3,64,31,33
050,41,023,"Oregon","Grant County",2,4,77,44,33
050,41,023,"Oregon","Grant County",2,5,76,42,34
050,41,023,"Oregon","Grant County",2,6,74,40,34
050,41,023,"Oregon","Grant County",2,7,85,48,37
050,41,023,"Oregon","Grant County",2,8,76,42,34
050,41,023,"Oregon","Grant County",2,9,70,39,31
050,41,023,"Oregon","Grant County",2,10,72,39,33
050,41,023,"Oregon","Grant County",2,11,80,36,44
050,41,023,"Oregon","Grant County",2,12,87,43,44
050,41,023,"Oregon","Grant County",2,13,76,38,38
050,41,023,"Oregon","Grant County",2,14,74,37,37
050,41,023,"Oregon","Grant County",2,15,71,39,32
050,41,023,"Oregon","Grant County",2,16,75,41,34
050,41,023,"Oregon","Grant County",2,17,76,41,35
050,41,023,"Oregon","Grant County",2,18,61,32,29
050,41,023,"Oregon","Grant County",2,19,50,23,27
050,41,023,"Oregon","Grant County",2,20,46,24,22
050,41,023,"Oregon","Grant County",2,21,53,26,27
050,41,023,"Oregon","Grant County",2,22,56,27,29
050,41,023,"Oregon","Grant County",2,23,58,29,29
050,41,023,"Oregon","Grant County",2,24,66,36,30
050,41,023,"Oregon","Grant County",2,25,74,37,37
050,41,023,"Oregon","Grant County",2,26,67,34,33
050,41,023,"Oregon","Grant County",2,27,59,30,29
050,41,023,"Oregon","Grant County",2,28,56,31,25
050,41,023,"Oregon","Grant County",2,29,68,39,29
050,41,023,"Oregon","Grant County",2,30,78,39,39
050,41,023,"Oregon","Grant County",2,31,82,43,39
050,41,023,"Oregon","Grant County",2,32,73,38,35
050,41,023,"Oregon","Grant County",2,33,71,36,35
050,41,023,"Oregon","Grant County",2,34,78,35,43
050,41,023,"Oregon","Grant County",2,35,77,38,39
050,41,023,"Oregon","Grant County",2,36,82,39,43
050,41,023,"Oregon","Grant County",2,37,77,37,40
050,41,023,"Oregon","Grant County",2,38,74,39,35
050,41,023,"Oregon","Grant County",2,39,73,37,36
050,41,023,"Oregon","Grant County",2,40,76,43,33
050,41,023,"Oregon","Grant County",2,41,78,46,32
050,41,023,"Oregon","Grant County",2,42,72,40,32
050,41,023,"Oregon","Grant County",2,43,79,42,37
050,41,023,"Oregon","Grant County",2,44,72,37,35
050,41,023,"Oregon","Grant County",2,45,69,39,30
050,41,023,"Oregon","Grant County",2,46,67,35,32
050,41,023,"Oregon","Grant County",2,47,75,39,36
050,41,023,"Oregon","Grant County",2,48,83,41,42
050,41,023,"Oregon","Grant County",2,49,80,40,40
050,41,023,"Oregon","Grant County",2,50,71,34,37
050,41,023,"Oregon","Grant County",2,51,65,27,38
050,41,023,"Oregon","Grant County",2,52,67,28,39
050,41,023,"Oregon","Grant County",2,53,73,29,44
050,41,023,"Oregon","Grant County",2,54,76,31,45
050,41,023,"Oregon","Grant County",2,55,82,40,42
050,41,023,"Oregon","Grant County",2,56,84,42,42
050,41,023,"Oregon","Grant County",2,57,106,54,52
050,41,023,"Oregon","Grant County",2,58,122,64,58
050,41,023,"Oregon","Grant County",2,59,121,65,56
050,41,023,"Oregon","Grant County",2,60,116,62,54
050,41,023,"Oregon","Grant County",2,61,115,55,60
050,41,023,"Oregon","Grant County",2,62,111,51,60
050,41,023,"Oregon","Grant County",2,63,123,56,67
050,41,023,"Oregon","Grant County",2,64,118,56,62
050,41,023,"Oregon","Grant County",2,65,124,62,62
050,41,023,"Oregon","Grant County",2,66,136,69,67
050,41,023,"Oregon","Grant County",2,67,145,77,68
050,41,023,"Oregon","Grant County",2,68,138,71,67
050,41,023,"Oregon","Grant County",2,69,132,70,62
050,41,023,"Oregon","Grant County",2,70,132,71,61
050,41,023,"Oregon","Grant County",2,71,122,63,59
050,41,023,"Oregon","Grant County",2,72,106,50,56
050,41,023,"Oregon","Grant County",2,73,128,69,59
050,41,023,"Oregon","Grant County",2,74,90,47,43
050,41,023,"Oregon","Grant County",2,75,94,46,48
050,41,023,"Oregon","Grant County",2,76,96,53,43
050,41,023,"Oregon","Grant County",2,77,100,55,45
050,41,023,"Oregon","Grant County",2,78,85,46,39
050,41,023,"Oregon","Grant County",2,79,74,41,33
050,41,023,"Oregon","Grant County",2,80,67,36,31
050,41,023,"Oregon","Grant County",2,81,63,27,36
050,41,023,"Oregon","Grant County",2,82,49,20,29
050,41,023,"Oregon","Grant County",2,83,42,21,21
050,41,023,"Oregon","Grant County",2,84,41,24,17
050,41,023,"Oregon","Grant County",2,85,259,119,140
050,41,023,"Oregon","Grant County",3,0,65,27,38
050,41,023,"Oregon","Grant County",3,1,77,42,35
050,41,023,"Oregon","Grant County",3,2,66,32,34
050,41,023,"Oregon","Grant County",3,3,71,32,39
050,41,023,"Oregon","Grant County",3,4,67,32,35
050,41,023,"Oregon","Grant County",3,5,78,44,34
050,41,023,"Oregon","Grant County",3,6,78,45,33
050,41,023,"Oregon","Grant County",3,7,79,46,33
050,41,023,"Oregon","Grant County",3,8,81,43,38
050,41,023,"Oregon","Grant County",3,9,71,39,32
050,41,023,"Oregon","Grant County",3,10,71,40,31
050,41,023,"Oregon","Grant County",3,11,70,38,32
050,41,023,"Oregon","Grant County",3,12,85,43,42
050,41,023,"Oregon","Grant County",3,13,90,44,46
050,41,023,"Oregon","Grant County",3,14,76,39,37
050,41,023,"Oregon","Grant County",3,15,72,38,34
050,41,023,"Oregon","Grant County",3,16,70,38,32
050,41,023,"Oregon","Grant County",3,17,72,38,34
050,41,023,"Oregon","Grant County",3,18,69,41,28
050,41,023,"Oregon","Grant County",3,19,39,23,16
050,41,023,"Oregon","Grant County",3,20,56,27,29
050,41,023,"Oregon","Grant County",3,21,49,26,23
050,41,023,"Oregon","Grant County",3,22,53,27,26
050,41,023,"Oregon","Grant County",3,23,64,30,34
050,41,023,"Oregon","Grant County",3,24,63,31,32
050,41,023,"Oregon","Grant County",3,25,66,37,29
050,41,023,"Oregon","Grant County",3,26,74,33,41
050,41,023,"Oregon","Grant County",3,27,79,40,39
050,41,023,"Oregon","Grant County",3,28,62,32,30
050,41,023,"Oregon","Grant County",3,29,61,36,25
050,41,023,"Oregon","Grant County",3,30,65,35,30
050,41,023,"Oregon","Grant County",3,31,90,44,46
050,41,023,"Oregon","Grant County",3,32,85,46,39
050,41,023,"Oregon","Grant County",3,33,79,39,40
050,41,023,"Oregon","Grant County",3,34,69,31,38
050,41,023,"Oregon","Grant County",3,35,84,40,44
050,41,023,"Oregon","Grant County",3,36,86,37,49
050,41,023,"Oregon","Grant County",3,37,79,38,41
050,41,023,"Oregon","Grant County",3,38,78,38,40
050,41,023,"Oregon","Grant County",3,39,72,38,34
050,41,023,"Oregon","Grant County",3,40,83,41,42
050,41,023,"Oregon","Grant County",3,41,82,43,39
050,41,023,"Oregon","Grant County",3,42,80,44,36
050,41,023,"Oregon","Grant County",3,43,76,38,38
050,41,023,"Oregon","Grant County",3,44,85,45,40
050,41,023,"Oregon","Grant County",3,45,71,35,36
050,41,023,"Oregon","Grant County",3,46,73,44,29
050,41,023,"Oregon","Grant County",3,47,67,37,30
050,41,023,"Oregon","Grant County",3,48,69,34,35
050,41,023,"Oregon","Grant County",3,49,80,42,38
050,41,023,"Oregon","Grant County",3,50,82,38,44
050,41,023,"Oregon","Grant County",3,51,74,36,38
050,41,023,"Oregon","Grant County",3,52,63,26,37
050,41,023,"Oregon","Grant County",3,53,65,29,36
050,41,023,"Oregon","Grant County",3,54,73,29,44
050,41,023,"Oregon","Grant County",3,55,72,29,43
050,41,023,"Oregon","Grant County",3,56,78,37,41
050,41,023,"Oregon","Grant County",3,57,95,49,46
050,41,023,"Oregon","Grant County",3,58,100,53,47
050,41,023,"Oregon","Grant County",3,59,119,63,56
050,41,023,"Oregon","Grant County",3,60,129,68,61
050,41,023,"Oregon","Grant County",3,61,107,58,49
050,41,023,"Oregon","Grant County",3,62,114,53,61
050,41,023,"Oregon","Grant County",3,63,108,50,58
050,41,023,"Oregon","Grant County",3,64,130,63,67
050,41,023,"Oregon","Grant County",3,65,119,58,61
050,41,023,"Oregon","Grant County",3,66,128,65,63
050,41,023,"Oregon","Grant County",3,67,136,71,65
050,41,023,"Oregon","Grant County",3,68,143,75,68
050,41,023,"Oregon","Grant County",3,69,141,72,69
050,41,023,"Oregon","Grant County",3,70,122,65,57
050,41,023,"Oregon","Grant County",3,71,133,71,62
050,41,023,"Oregon","Grant County",3,72,120,63,57
050,41,023,"Oregon","Grant County",3,73,108,50,58
050,41,023,"Oregon","Grant County",3,74,128,69,59
050,41,023,"Oregon","Grant County",3,75,87,46,41
050,41,023,"Oregon","Grant County",3,76,84,42,42
050,41,023,"Oregon","Grant County",3,77,90,50,40
050,41,023,"Oregon","Grant County",3,78,98,52,46
050,41,023,"Oregon","Grant County",3,79,83,46,37
050,41,023,"Oregon","Grant County",3,80,71,43,28
050,41,023,"Oregon","Grant County",3,81,60,29,31
050,41,023,"Oregon","Grant County",3,82,55,25,30
050,41,023,"Oregon","Grant County",3,83,44,18,26
050,41,023,"Oregon","Grant County",3,84,38,17,21
050,41,023,"Oregon","Grant County",3,85,264,121,143
050,41,023,"Oregon","Grant County",4,0,68,35,33
050,41,023,"Oregon","Grant County",4,1,73,32,41
050,41,023,"Oregon","Grant County",4,2,72,38,34
050,41,023,"Oregon","Grant County",4,3,68,32,36
050,41,023,"Oregon","Grant County",4,4,74,31,43
050,41,023,"Oregon","Grant County",4,5,71,34,37
050,41,023,"Oregon","Grant County",4,6,80,43,37
050,41,023,"Oregon","Grant County",4,7,78,43,35
050,41,023,"Oregon","Grant County",4,8,84,46,38
050,41,023,"Oregon","Grant County",4,9,72,40,32
050,41,023,"Oregon","Grant County",4,10,65,40,25
050,41,023,"Oregon","Grant County",4,11,70,37,33
050,41,023,"Oregon","Grant County",4,12,66,35,31
050,41,023,"Oregon","Grant County",4,13,80,38,42
050,41,023,"Oregon","Grant County",4,14,90,43,47
050,41,023,"Oregon","Grant County",4,15,77,40,37
050,41,023,"Oregon","Grant County",4,16,66,34,32
050,41,023,"Oregon","Grant County",4,17,65,37,28
050,41,023,"Oregon","Grant County",4,18,62,34,28
050,41,023,"Oregon","Grant County",4,19,49,30,19
050,41,023,"Oregon","Grant County",4,20,35,23,12
050,41,023,"Oregon","Grant County",4,21,50,23,27
050,41,023,"Oregon","Grant County",4,22,50,28,22
050,41,023,"Oregon","Grant County",4,23,50,23,27
050,41,023,"Oregon","Grant County",4,24,61,34,27
050,41,023,"Oregon","Grant County",4,25,58,28,30
050,41,023,"Oregon","Grant County",4,26,75,36,39
050,41,023,"Oregon","Grant County",4,27,78,31,47
050,41,023,"Oregon","Grant County",4,28,88,44,44
050,41,023,"Oregon","Grant County",4,29,68,35,33
050,41,023,"Oregon","Grant County",4,30,66,38,28
050,41,023,"Oregon","Grant County",4,31,65,32,33
050,41,023,"Oregon","Grant County",4,32,90,43,47
050,41,023,"Oregon","Grant County",4,33,88,44,44
050,41,023,"Oregon","Grant County",4,34,75,38,37
050,41,023,"Oregon","Grant County",4,35,76,37,39
050,41,023,"Oregon","Grant County",4,36,78,39,39
050,41,023,"Oregon","Grant County",4,37,85,37,48
050,41,023,"Oregon","Grant County",4,38,76,36,40
050,41,023,"Oregon","Grant County",4,39,75,37,38
050,41,023,"Oregon","Grant County",4,40,77,41,36
050,41,023,"Oregon","Grant County",4,41,85,42,43
050,41,023,"Oregon","Grant County",4,42,85,43,42
050,41,023,"Oregon","Grant County",4,43,72,42,30
050,41,023,"Oregon","Grant County",4,44,72,38,34
050,41,023,"Oregon","Grant County",4,45,82,45,37
050,41,023,"Oregon","Grant County",4,46,69,35,34
050,41,023,"Oregon","Grant County",4,47,65,41,24
050,41,023,"Oregon","Grant County",4,48,63,33,30
050,41,023,"Oregon","Grant County",4,49,70,32,38
050,41,023,"Oregon","Grant County",4,50,80,41,39
050,41,023,"Oregon","Grant County",4,51,84,38,46
050,41,023,"Oregon","Grant County",4,52,76,35,41
050,41,023,"Oregon","Grant County",4,53,70,30,40
050,41,023,"Oregon","Grant County",4,54,66,29,37
050,41,023,"Oregon","Grant County",4,55,78,30,48
050,41,023,"Oregon","Grant County",4,56,71,29,42
050,41,023,"Oregon","Grant County",4,57,87,45,42
050,41,023,"Oregon","Grant County",4,58,95,49,46
050,41,023,"Oregon","Grant County",4,59,103,55,48
050,41,023,"Oregon","Grant County",4,60,123,64,59
050,41,023,"Oregon","Grant County",4,61,123,65,58
050,41,023,"Oregon","Grant County",4,62,110,65,45
050,41,023,"Oregon","Grant County",4,63,106,50,56
050,41,023,"Oregon","Grant County",4,64,112,55,57
050,41,023,"Oregon","Grant County",4,65,129,61,68
050,41,023,"Oregon","Grant County",4,66,124,56,68
050,41,023,"Oregon","Grant County",4,67,133,68,65
050,41,023,"Oregon","Grant County",4,68,142,77,65
050,41,023,"Oregon","Grant County",4,69,145,77,68
050,41,023,"Oregon","Grant County",4,70,138,72,66
050,41,023,"Oregon","Grant County",4,71,119,63,56
050,41,023,"Oregon","Grant County",4,72,125,70,55
050,41,023,"Oregon","Grant County",4,73,118,60,58
050,41,023,"Oregon","Grant County",4,74,100,48,52
050,41,023,"Oregon","Grant County",4,75,121,63,58
050,41,023,"Oregon","Grant County",4,76,79,44,35
050,41,023,"Oregon","Grant County",4,77,79,39,40
050,41,023,"Oregon","Grant County",4,78,92,50,42
050,41,023,"Oregon","Grant County",4,79,90,47,43
050,41,023,"Oregon","Grant County",4,80,78,45,33
050,41,023,"Oregon","Grant County",4,81,66,38,28
050,41,023,"Oregon","Grant County",4,82,55,27,28
050,41,023,"Oregon","Grant County",4,83,49,22,27
050,41,023,"Oregon","Grant County",4,84,40,15,25
050,41,023,"Oregon","Grant County",4,85,262,118,144
050,41,023,"Oregon","Grant County",5,0,68,35,33
050,41,023,"Oregon","Grant County",5,1,68,31,37
050,41,023,"Oregon","Grant County",5,2,73,32,41
050,41,023,"Oregon","Grant County",5,3,72,38,34
050,41,023,"Oregon","Grant County",5,4,66,30,36
050,41,023,"Oregon","Grant County",5,5,67,27,40
050,41,023,"Oregon","Grant County",5,6,76,35,41
050,41,023,"Oregon","Grant County",5,7,78,41,37
050,41,023,"Oregon","Grant County",5,8,82,48,34
050,41,023,"Oregon","Grant County",5,9,83,42,41
050,41,023,"Oregon","Grant County",5,10,76,39,37
050,41,023,"Oregon","Grant County",5,11,74,42,32
050,41,023,"Oregon","Grant County",5,12,76,39,37
050,41,023,"Oregon","Grant County",5,13,70,39,31
050,41,023,"Oregon","Grant County",5,14,71,30,41
050,41,023,"Oregon","Grant County",5,15,86,44,42
050,41,023,"Oregon","Grant County",5,16,78,38,40
050,41,023,"Oregon","Grant County",5,17,71,36,35
050,41,023,"Oregon","Grant County",5,18,52,31,21
050,41,023,"Oregon","Grant County",5,19,50,29,21
050,41,023,"Oregon","Grant County",5,20,51,29,22
050,41,023,"Oregon","Grant County",5,21,40,25,15
050,41,023,"Oregon","Grant County",5,22,52,24,28
050,41,023,"Oregon","Grant County",5,23,60,30,30
050,41,023,"Oregon","Grant County",5,24,53,25,28
050,41,023,"Oregon","Grant County",5,25,62,32,30
050,41,023,"Oregon","Grant County",5,26,60,30,30
050,41,023,"Oregon","Grant County",5,27,62,32,30
050,41,023,"Oregon","Grant County",5,28,71,29,42
050,41,023,"Oregon","Grant County",5,29,82,42,40
050,41,023,"Oregon","Grant County",5,30,66,33,33
050,41,023,"Oregon","Grant County",5,31,66,37,29
050,41,023,"Oregon","Grant County",5,32,72,34,38
050,41,023,"Oregon","Grant County",5,33,93,43,50
050,41,023,"Oregon","Grant County",5,34,93,46,47
050,41,023,"Oregon","Grant County",5,35,81,42,39
050,41,023,"Oregon","Grant County",5,36,72,38,34
050,41,023,"Oregon","Grant County",5,37,75,35,40
050,41,023,"Oregon","Grant County",5,38,82,38,44
050,41,023,"Oregon","Grant County",5,39,76,37,39
050,41,023,"Oregon","Grant County",5,40,71,34,37
050,41,023,"Oregon","Grant County",5,41,79,42,37
050,41,023,"Oregon","Grant County",5,42,84,42,42
050,41,023,"Oregon","Grant County",5,43,85,43,42
050,41,023,"Oregon","Grant County",5,44,73,40,33
050,41,023,"Oregon","Grant County",5,45,80,44,36
050,41,023,"Oregon","Grant County",5,46,84,45,39
050,41,023,"Oregon","Grant County",5,47,69,35,34
050,41,023,"Oregon","Grant County",5,48,69,45,24
050,41,023,"Oregon","Grant County",5,49,65,33,32
050,41,023,"Oregon","Grant County",5,50,76,34,42
050,41,023,"Oregon","Grant County",5,51,85,44,41
050,41,023,"Oregon","Grant County",5,52,81,36,45
050,41,023,"Oregon","Grant County",5,53,80,32,48
050,41,023,"Oregon","Grant County",5,54,69,29,40
050,41,023,"Oregon","Grant County",5,55,74,33,41
050,41,023,"Oregon","Grant County",5,56,73,25,48
050,41,023,"Oregon","Grant County",5,57,82,37,45
050,41,023,"Oregon","Grant County",5,58,87,44,43
050,41,023,"Oregon","Grant County",5,59,92,49,43
050,41,023,"Oregon","Grant County",5,60,100,49,51
050,41,023,"Oregon","Grant County",5,61,116,61,55
050,41,023,"Oregon","Grant County",5,62,122,66,56
050,41,023,"Oregon","Grant County",5,63,108,65,43
050,41,023,"Oregon","Grant County",5,64,109,53,56
050,41,023,"Oregon","Grant County",5,65,113,55,58
050,41,023,"Oregon","Grant County",5,66,135,61,74
050,41,023,"Oregon","Grant County",5,67,122,57,65
050,41,023,"Oregon","Grant County",5,68,132,69,63
050,41,023,"Oregon","Grant County",5,69,139,77,62
050,41,023,"Oregon","Grant County",5,70,141,76,65
050,41,023,"Oregon","Grant County",5,71,132,67,65
050,41,023,"Oregon","Grant County",5,72,113,59,54
050,41,023,"Oregon","Grant County",5,73,124,66,58
050,41,023,"Oregon","Grant County",5,74,117,60,57
050,41,023,"Oregon","Grant County",5,75,95,46,49
050,41,023,"Oregon","Grant County",5,76,114,61,53
050,41,023,"Oregon","Grant County",5,77,74,41,33
050,41,023,"Oregon","Grant County",5,78,77,38,39
050,41,023,"Oregon","Grant County",5,79,91,50,41
050,41,023,"Oregon","Grant County",5,80,92,50,42
050,41,023,"Oregon","Grant County",5,81,70,36,34
050,41,023,"Oregon","Grant County",5,82,61,37,24
050,41,023,"Oregon","Grant County",5,83,47,22,25
050,41,023,"Oregon","Grant County",5,84,44,21,23
050,41,023,"Oregon","Grant County",5,85,263,111,152
050,41,025,"Oregon","Harney County",1,0,62,32,30
050,41,025,"Oregon","Harney County",1,1,72,38,34
050,41,025,"Oregon","Harney County",1,2,75,36,39
050,41,025,"Oregon","Harney County",1,3,90,49,41
050,41,025,"Oregon","Harney County",1,4,97,55,42
050,41,025,"Oregon","Harney County",1,5,91,50,41
050,41,025,"Oregon","Harney County",1,6,80,43,37
050,41,025,"Oregon","Harney County",1,7,82,48,34
050,41,025,"Oregon","Harney County",1,8,89,48,41
050,41,025,"Oregon","Harney County",1,9,84,45,39
050,41,025,"Oregon","Harney County",1,10,84,40,44
050,41,025,"Oregon","Harney County",1,11,92,46,46
050,41,025,"Oregon","Harney County",1,12,89,48,41
050,41,025,"Oregon","Harney County",1,13,89,50,39
050,41,025,"Oregon","Harney County",1,14,87,44,43
050,41,025,"Oregon","Harney County",1,15,77,48,29
050,41,025,"Oregon","Harney County",1,16,81,46,35
050,41,025,"Oregon","Harney County",1,17,70,32,38
050,41,025,"Oregon","Harney County",1,18,63,39,24
050,41,025,"Oregon","Harney County",1,19,54,35,19
050,41,025,"Oregon","Harney County",1,20,59,33,26
050,41,025,"Oregon","Harney County",1,21,61,33,28
050,41,025,"Oregon","Harney County",1,22,54,28,26
050,41,025,"Oregon","Harney County",1,23,73,40,33
050,41,025,"Oregon","Harney County",1,24,74,48,26
050,41,025,"Oregon","Harney County",1,25,75,47,28
050,41,025,"Oregon","Harney County",1,26,82,41,41
050,41,025,"Oregon","Harney County",1,27,74,39,35
050,41,025,"Oregon","Harney County",1,28,75,33,42
050,41,025,"Oregon","Harney County",1,29,86,42,44
050,41,025,"Oregon","Harney County",1,30,88,42,46
050,41,025,"Oregon","Harney County",1,31,92,44,48
050,41,025,"Oregon","Harney County",1,32,88,39,49
050,41,025,"Oregon","Harney County",1,33,92,47,45
050,41,025,"Oregon","Harney County",1,34,93,48,45
050,41,025,"Oregon","Harney County",1,35,96,57,39
050,41,025,"Oregon","Harney County",1,36,90,44,46
050,41,025,"Oregon","Harney County",1,37,87,44,43
050,41,025,"Oregon","Harney County",1,38,94,44,50
050,41,025,"Oregon","Harney County",1,39,92,44,48
050,41,025,"Oregon","Harney County",1,40,94,52,42
050,41,025,"Oregon","Harney County",1,41,86,41,45
050,41,025,"Oregon","Harney County",1,42,89,48,41
050,41,025,"Oregon","Harney County",1,43,94,54,40
050,41,025,"Oregon","Harney County",1,44,90,44,46
050,41,025,"Oregon","Harney County",1,45,85,40,45
050,41,025,"Oregon","Harney County",1,46,66,33,33
050,41,025,"Oregon","Harney County",1,47,68,32,36
050,41,025,"Oregon","Harney County",1,48,70,27,43
050,41,025,"Oregon","Harney County",1,49,90,50,40
050,41,025,"Oregon","Harney County",1,50,88,45,43
050,41,025,"Oregon","Harney County",1,51,80,37,43
050,41,025,"Oregon","Harney County",1,52,80,37,43
050,41,025,"Oregon","Harney County",1,53,89,42,47
050,41,025,"Oregon","Harney County",1,54,87,35,52
050,41,025,"Oregon","Harney County",1,55,90,41,49
050,41,025,"Oregon","Harney County",1,56,89,48,41
050,41,025,"Oregon","Harney County",1,57,96,48,48
050,41,025,"Oregon","Harney County",1,58,115,53,62
050,41,025,"Oregon","Harney County",1,59,127,60,67
050,41,025,"Oregon","Harney County",1,60,111,58,53
050,41,025,"Oregon","Harney County",1,61,124,65,59
050,41,025,"Oregon","Harney County",1,62,126,64,62
050,41,025,"Oregon","Harney County",1,63,128,62,66
050,41,025,"Oregon","Harney County",1,64,119,62,57
050,41,025,"Oregon","Harney County",1,65,112,54,58
050,41,025,"Oregon","Harney County",1,66,128,68,60
050,41,025,"Oregon","Harney County",1,67,139,73,66
050,41,025,"Oregon","Harney County",1,68,125,66,59
050,41,025,"Oregon","Harney County",1,69,109,56,53
050,41,025,"Oregon","Harney County",1,70,115,52,63
050,41,025,"Oregon","Harney County",1,71,90,43,47
050,41,025,"Oregon","Harney County",1,72,97,51,46
050,41,025,"Oregon","Harney County",1,73,109,54,55
050,41,025,"Oregon","Harney County",1,74,74,38,36
050,41,025,"Oregon","Harney County",1,75,66,35,31
050,41,025,"Oregon","Harney County",1,76,70,35,35
050,41,025,"Oregon","Harney County",1,77,80,41,39
050,41,025,"Oregon","Harney County",1,78,77,39,38
050,41,025,"Oregon","Harney County",1,79,60,33,27
050,41,025,"Oregon","Harney County",1,80,52,26,26
050,41,025,"Oregon","Harney County",1,81,61,29,32
050,41,025,"Oregon","Harney County",1,82,44,19,25
050,41,025,"Oregon","Harney County",1,83,40,17,23
050,41,025,"Oregon","Harney County",1,84,36,16,20
050,41,025,"Oregon","Harney County",1,85,206,85,121
050,41,025,"Oregon","Harney County",2,0,72,36,36
050,41,025,"Oregon","Harney County",2,1,70,37,33
050,41,025,"Oregon","Harney County",2,2,75,36,39
050,41,025,"Oregon","Harney County",2,3,87,46,41
050,41,025,"Oregon","Harney County",2,4,95,54,41
050,41,025,"Oregon","Harney County",2,5,93,52,41
050,41,025,"Oregon","Harney County",2,6,81,45,36
050,41,025,"Oregon","Harney County",2,7,81,47,34
050,41,025,"Oregon","Harney County",2,8,86,47,39
050,41,025,"Oregon","Harney County",2,9,86,46,40
050,41,025,"Oregon","Harney County",2,10,85,42,43
050,41,025,"Oregon","Harney County",2,11,88,44,44
050,41,025,"Oregon","Harney County",2,12,91,48,43
050,41,025,"Oregon","Harney County",2,13,90,50,40
050,41,025,"Oregon","Harney County",2,14,87,45,42
050,41,025,"Oregon","Harney County",2,15,80,48,32
050,41,025,"Oregon","Harney County",2,16,82,48,34
050,41,025,"Oregon","Harney County",2,17,73,36,37
050,41,025,"Oregon","Harney County",2,18,59,35,24
050,41,025,"Oregon","Harney County",2,19,54,35,19
050,41,025,"Oregon","Harney County",2,20,62,35,27
050,41,025,"Oregon","Harney County",2,21,61,33,28
050,41,025,"Oregon","Harney County",2,22,57,30,27
050,41,025,"Oregon","Harney County",2,23,67,37,30
050,41,025,"Oregon","Harney County",2,24,74,47,27
050,41,025,"Oregon","Harney County",2,25,76,49,27
050,41,025,"Oregon","Harney County",2,26,81,43,38
050,41,025,"Oregon","Harney County",2,27,76,39,37
050,41,025,"Oregon","Harney County",2,28,75,34,41
050,41,025,"Oregon","Harney County",2,29,83,39,44
050,41,025,"Oregon","Harney County",2,30,87,41,46
050,41,025,"Oregon","Harney County",2,31,91,42,49
050,41,025,"Oregon","Harney County",2,32,89,40,49
050,41,025,"Oregon","Harney County",2,33,91,45,46
050,41,025,"Oregon","Harney County",2,34,92,49,43
050,41,025,"Oregon","Harney County",2,35,98,57,41
050,41,025,"Oregon","Harney County",2,36,92,48,44
050,41,025,"Oregon","Harney County",2,37,90,45,45
050,41,025,"Oregon","Harney County",2,38,93,44,49
050,41,025,"Oregon","Harney County",2,39,94,45,49
050,41,025,"Oregon","Harney County",2,40,96,51,45
050,41,025,"Oregon","Harney County",2,41,87,43,44
050,41,025,"Oregon","Harney County",2,42,88,46,42
050,41,025,"Oregon","Harney County",2,43,94,54,40
050,41,025,"Oregon","Harney County",2,44,89,45,44
050,41,025,"Oregon","Harney County",2,45,86,41,45
050,41,025,"Oregon","Harney County",2,46,71,35,36
050,41,025,"Oregon","Harney County",2,47,67,32,35
050,41,025,"Oregon","Harney County",2,48,70,29,41
050,41,025,"Oregon","Harney County",2,49,86,45,41
050,41,025,"Oregon","Harney County",2,50,87,46,41
050,41,025,"Oregon","Harney County",2,51,82,38,44
050,41,025,"Oregon","Harney County",2,52,79,37,42
050,41,025,"Oregon","Harney County",2,53,87,41,46
050,41,025,"Oregon","Harney County",2,54,87,36,51
050,41,025,"Oregon","Harney County",2,55,88,39,49
050,41,025,"Oregon","Harney County",2,56,89,46,43
050,41,025,"Oregon","Harney County",2,57,93,48,45
050,41,025,"Oregon","Harney County",2,58,110,51,59
050,41,025,"Oregon","Harney County",2,59,126,60,66
050,41,025,"Oregon","Harney County",2,60,115,59,56
050,41,025,"Oregon","Harney County",2,61,119,62,57
050,41,025,"Oregon","Harney County",2,62,126,64,62
050,41,025,"Oregon","Harney County",2,63,126,62,64
050,41,025,"Oregon","Harney County",2,64,121,62,59
050,41,025,"Oregon","Harney County",2,65,114,55,59
050,41,025,"Oregon","Harney County",2,66,123,64,59
050,41,025,"Oregon","Harney County",2,67,136,71,65
050,41,025,"Oregon","Harney County",2,68,126,66,60
050,41,025,"Oregon","Harney County",2,69,113,60,53
050,41,025,"Oregon","Harney County",2,70,114,52,62
050,41,025,"Oregon","Harney County",2,71,97,45,52
050,41,025,"Oregon","Harney County",2,72,93,48,45
050,41,025,"Oregon","Harney County",2,73,111,56,55
050,41,025,"Oregon","Harney County",2,74,76,39,37
050,41,025,"Oregon","Harney County",2,75,69,36,33
050,41,025,"Oregon","Harney County",2,76,69,35,34
050,41,025,"Oregon","Harney County",2,77,80,41,39
050,41,025,"Oregon","Harney County",2,78,73,38,35
050,41,025,"Oregon","Harney County",2,79,61,31,30
050,41,025,"Oregon","Harney County",2,80,52,26,26
050,41,025,"Oregon","Harney County",2,81,59,28,31
050,41,025,"Oregon","Harney County",2,82,46,21,25
050,41,025,"Oregon","Harney County",2,83,41,17,24
050,41,025,"Oregon","Harney County",2,84,36,16,20
050,41,025,"Oregon","Harney County",2,85,205,83,122
050,41,025,"Oregon","Harney County",3,0,75,40,35
050,41,025,"Oregon","Harney County",3,1,73,34,39
050,41,025,"Oregon","Harney County",3,2,68,34,34
050,41,025,"Oregon","Harney County",3,3,79,38,41
050,41,025,"Oregon","Harney County",3,4,89,48,41
050,41,025,"Oregon","Harney County",3,5,88,51,37
050,41,025,"Oregon","Harney County",3,6,98,52,46
050,41,025,"Oregon","Harney County",3,7,78,42,36
050,41,025,"Oregon","Harney County",3,8,80,43,37
050,41,025,"Oregon","Harney County",3,9,86,47,39
050,41,025,"Oregon","Harney County",3,10,88,45,43
050,41,025,"Oregon","Harney County",3,11,85,45,40
050,41,025,"Oregon","Harney County",3,12,91,44,47
050,41,025,"Oregon","Harney County",3,13,88,46,42
050,41,025,"Oregon","Harney County",3,14,92,52,40
050,41,025,"Oregon","Harney County",3,15,87,47,40
050,41,025,"Oregon","Harney County",3,16,78,47,31
050,41,025,"Oregon","Harney County",3,17,81,47,34
050,41,025,"Oregon","Harney County",3,18,64,32,32
050,41,025,"Oregon","Harney County",3,19,47,27,20
050,41,025,"Oregon","Harney County",3,20,58,37,21
050,41,025,"Oregon","Harney County",3,21,71,40,31
050,41,025,"Oregon","Harney County",3,22,69,38,31
050,41,025,"Oregon","Harney County",3,23,55,29,26
050,41,025,"Oregon","Harney County",3,24,78,46,32
050,41,025,"Oregon","Harney County",3,25,73,46,27
050,41,025,"Oregon","Harney County",3,26,83,53,30
050,41,025,"Oregon","Harney County",3,27,91,50,41
050,41,025,"Oregon","Harney County",3,28,80,43,37
050,41,025,"Oregon","Harney County",3,29,84,39,45
050,41,025,"Oregon","Harney County",3,30,91,44,47
050,41,025,"Oregon","Harney County",3,31,87,40,47
050,41,025,"Oregon","Harney County",3,32,98,43,55
050,41,025,"Oregon","Harney County",3,33,87,37,50
050,41,025,"Oregon","Harney County",3,34,98,49,49
050,41,025,"Oregon","Harney County",3,35,85,47,38
050,41,025,"Oregon","Harney County",3,36,102,58,44
050,41,025,"Oregon","Harney County",3,37,84,45,39
050,41,025,"Oregon","Harney County",3,38,90,45,45
050,41,025,"Oregon","Harney County",3,39,96,47,49
050,41,025,"Oregon","Harney County",3,40,94,48,46
050,41,025,"Oregon","Harney County",3,41,94,48,46
050,41,025,"Oregon","Harney County",3,42,84,43,41
050,41,025,"Oregon","Harney County",3,43,85,47,38
050,41,025,"Oregon","Harney County",3,44,92,52,40
050,41,025,"Oregon","Harney County",3,45,91,48,43
050,41,025,"Oregon","Harney County",3,46,84,37,47
050,41,025,"Oregon","Harney County",3,47,69,33,36
050,41,025,"Oregon","Harney County",3,48,69,31,38
050,41,025,"Oregon","Harney County",3,49,71,27,44
050,41,025,"Oregon","Harney County",3,50,89,47,42
050,41,025,"Oregon","Harney County",3,51,85,41,44
050,41,025,"Oregon","Harney County",3,52,82,39,43
050,41,025,"Oregon","Harney County",3,53,77,36,41
050,41,025,"Oregon","Harney County",3,54,90,44,46
050,41,025,"Oregon","Harney County",3,55,89,37,52
050,41,025,"Oregon","Harney County",3,56,88,36,52
050,41,025,"Oregon","Harney County",3,57,85,43,42
050,41,025,"Oregon","Harney County",3,58,96,48,48
050,41,025,"Oregon","Harney County",3,59,115,55,60
050,41,025,"Oregon","Harney County",3,60,136,64,72
050,41,025,"Oregon","Harney County",3,61,127,67,60
050,41,025,"Oregon","Harney County",3,62,118,63,55
050,41,025,"Oregon","Harney County",3,63,128,65,63
050,41,025,"Oregon","Harney County",3,64,128,66,62
050,41,025,"Oregon","Harney County",3,65,121,63,58
050,41,025,"Oregon","Harney County",3,66,119,55,64
050,41,025,"Oregon","Harney County",3,67,126,62,64
050,41,025,"Oregon","Harney County",3,68,135,71,64
050,41,025,"Oregon","Harney County",3,69,126,65,61
050,41,025,"Oregon","Harney County",3,70,112,59,53
050,41,025,"Oregon","Harney County",3,71,117,53,64
050,41,025,"Oregon","Harney County",3,72,92,44,48
050,41,025,"Oregon","Harney County",3,73,90,47,43
050,41,025,"Oregon","Harney County",3,74,112,57,55
050,41,025,"Oregon","Harney County",3,75,70,37,33
050,41,025,"Oregon","Harney County",3,76,68,35,33
050,41,025,"Oregon","Harney County",3,77,65,35,30
050,41,025,"Oregon","Harney County",3,78,72,38,34
050,41,025,"Oregon","Harney County",3,79,73,38,35
050,41,025,"Oregon","Harney County",3,80,62,32,30
050,41,025,"Oregon","Harney County",3,81,50,25,25
050,41,025,"Oregon","Harney County",3,82,57,28,29
050,41,025,"Oregon","Harney County",3,83,45,22,23
050,41,025,"Oregon","Harney County",3,84,37,17,20
050,41,025,"Oregon","Harney County",3,85,212,87,125
050,41,025,"Oregon","Harney County",4,0,78,45,33
050,41,025,"Oregon","Harney County",4,1,75,39,36
050,41,025,"Oregon","Harney County",4,2,71,32,39
050,41,025,"Oregon","Harney County",4,3,63,31,32
050,41,025,"Oregon","Harney County",4,4,77,37,40
050,41,025,"Oregon","Harney County",4,5,91,51,40
050,41,025,"Oregon","Harney County",4,6,89,52,37
050,41,025,"Oregon","Harney County",4,7,98,52,46
050,41,025,"Oregon","Harney County",4,8,85,45,40
050,41,025,"Oregon","Harney County",4,9,82,41,41
050,41,025,"Oregon","Harney County",4,10,89,47,42
050,41,025,"Oregon","Harney County",4,11,86,43,43
050,41,025,"Oregon","Harney County",4,12,90,42,48
050,41,025,"Oregon","Harney County",4,13,94,44,50
050,41,025,"Oregon","Harney County",4,14,93,48,45
050,41,025,"Oregon","Harney County",4,15,87,47,40
050,41,025,"Oregon","Harney County",4,16,82,41,41
050,41,025,"Oregon","Harney County",4,17,74,45,29
050,41,025,"Oregon","Harney County",4,18,70,38,32
050,41,025,"Oregon","Harney County",4,19,52,28,24
050,41,025,"Oregon","Harney County",4,20,50,31,19
050,41,025,"Oregon","Harney County",4,21,58,35,23
050,41,025,"Oregon","Harney County",4,22,69,39,30
050,41,025,"Oregon","Harney County",4,23,64,35,29
050,41,025,"Oregon","Harney County",4,24,44,22,22
050,41,025,"Oregon","Harney County",4,25,77,43,34
050,41,025,"Oregon","Harney County",4,26,74,44,30
050,41,025,"Oregon","Harney County",4,27,84,57,27
050,41,025,"Oregon","Harney County",4,28,88,48,40
050,41,025,"Oregon","Harney County",4,29,79,43,36
050,41,025,"Oregon","Harney County",4,30,79,36,43
050,41,025,"Oregon","Harney County",4,31,86,43,43
050,41,025,"Oregon","Harney County",4,32,87,40,47
050,41,025,"Oregon","Harney County",4,33,92,38,54
050,41,025,"Oregon","Harney County",4,34,88,41,47
050,41,025,"Oregon","Harney County",4,35,92,43,49
050,41,025,"Oregon","Harney County",4,36,89,49,40
050,41,025,"Oregon","Harney County",4,37,99,58,41
050,41,025,"Oregon","Harney County",4,38,84,42,42
050,41,025,"Oregon","Harney County",4,39,94,45,49
050,41,025,"Oregon","Harney County",4,40,103,53,50
050,41,025,"Oregon","Harney County",4,41,90,49,41
050,41,025,"Oregon","Harney County",4,42,92,45,47
050,41,025,"Oregon","Harney County",4,43,80,40,40
050,41,025,"Oregon","Harney County",4,44,89,48,41
050,41,025,"Oregon","Harney County",4,45,86,51,35
050,41,025,"Oregon","Harney County",4,46,88,46,42
050,41,025,"Oregon","Harney County",4,47,81,38,43
050,41,025,"Oregon","Harney County",4,48,69,36,33
050,41,025,"Oregon","Harney County",4,49,67,31,36
050,41,025,"Oregon","Harney County",4,50,77,28,49
050,41,025,"Oregon","Harney County",4,51,87,47,40
050,41,025,"Oregon","Harney County",4,52,84,40,44
050,41,025,"Oregon","Harney County",4,53,80,34,46
050,41,025,"Oregon","Harney County",4,54,79,36,43
050,41,025,"Oregon","Harney County",4,55,87,43,44
050,41,025,"Oregon","Harney County",4,56,93,38,55
050,41,025,"Oregon","Harney County",4,57,89,37,52
050,41,025,"Oregon","Harney County",4,58,90,43,47
050,41,025,"Oregon","Harney County",4,59,95,46,49
050,41,025,"Oregon","Harney County",4,60,119,59,60
050,41,025,"Oregon","Harney County",4,61,136,69,67
050,41,025,"Oregon","Harney County",4,62,129,69,60
050,41,025,"Oregon","Harney County",4,63,117,62,55
050,41,025,"Oregon","Harney County",4,64,124,64,60
050,41,025,"Oregon","Harney County",4,65,125,60,65
050,41,025,"Oregon","Harney County",4,66,126,66,60
050,41,025,"Oregon","Harney County",4,67,119,54,65
050,41,025,"Oregon","Harney County",4,68,124,64,60
050,41,025,"Oregon","Harney County",4,69,131,69,62
050,41,025,"Oregon","Harney County",4,70,129,68,61
050,41,025,"Oregon","Harney County",4,71,107,55,52
050,41,025,"Oregon","Harney County",4,72,110,49,61
050,41,025,"Oregon","Harney County",4,73,88,42,46
050,41,025,"Oregon","Harney County",4,74,87,45,42
050,41,025,"Oregon","Harney County",4,75,102,51,51
050,41,025,"Oregon","Harney County",4,76,65,33,32
050,41,025,"Oregon","Harney County",4,77,66,35,31
050,41,025,"Oregon","Harney County",4,78,60,32,28
050,41,025,"Oregon","Harney County",4,79,69,35,34
050,41,025,"Oregon","Harney County",4,80,70,36,34
050,41,025,"Oregon","Harney County",4,81,63,30,33
050,41,025,"Oregon","Harney County",4,82,47,24,23
050,41,025,"Oregon","Harney County",4,83,55,29,26
050,41,025,"Oregon","Harney County",4,84,35,18,17
050,41,025,"Oregon","Harney County",4,85,220,92,128
050,41,025,"Oregon","Harney County",5,0,77,43,34
050,41,025,"Oregon","Harney County",5,1,85,46,39
050,41,025,"Oregon","Harney County",5,2,80,41,39
050,41,025,"Oregon","Harney County",5,3,64,29,35
050,41,025,"Oregon","Harney County",5,4,59,29,30
050,41,025,"Oregon","Harney County",5,5,80,42,38
050,41,025,"Oregon","Harney County",5,6,86,45,41
050,41,025,"Oregon","Harney County",5,7,81,47,34
050,41,025,"Oregon","Harney County",5,8,97,51,46
050,41,025,"Oregon","Harney County",5,9,79,41,38
050,41,025,"Oregon","Harney County",5,10,86,44,42
050,41,025,"Oregon","Harney County",5,11,83,45,38
050,41,025,"Oregon","Harney County",5,12,85,45,40
050,41,025,"Oregon","Harney County",5,13,79,39,40
050,41,025,"Oregon","Harney County",5,14,88,42,46
050,41,025,"Oregon","Harney County",5,15,90,47,43
050,41,025,"Oregon","Harney County",5,16,84,44,40
050,41,025,"Oregon","Harney County",5,17,82,42,40
050,41,025,"Oregon","Harney County",5,18,65,41,24
050,41,025,"Oregon","Harney County",5,19,57,31,26
050,41,025,"Oregon","Harney County",5,20,56,30,26
050,41,025,"Oregon","Harney County",5,21,54,31,23
050,41,025,"Oregon","Harney County",5,22,59,35,24
050,41,025,"Oregon","Harney County",5,23,79,50,29
050,41,025,"Oregon","Harney County",5,24,78,36,42
050,41,025,"Oregon","Harney County",5,25,54,27,27
050,41,025,"Oregon","Harney County",5,26,76,43,33
050,41,025,"Oregon","Harney County",5,27,69,43,26
050,41,025,"Oregon","Harney County",5,28,83,50,33
050,41,025,"Oregon","Harney County",5,29,84,46,38
050,41,025,"Oregon","Harney County",5,30,73,37,36
050,41,025,"Oregon","Harney County",5,31,78,39,39
050,41,025,"Oregon","Harney County",5,32,87,50,37
050,41,025,"Oregon","Harney County",5,33,80,37,43
050,41,025,"Oregon","Harney County",5,34,90,37,53
050,41,025,"Oregon","Harney County",5,35,85,41,44
050,41,025,"Oregon","Harney County",5,36,95,42,53
050,41,025,"Oregon","Harney County",5,37,85,46,39
050,41,025,"Oregon","Harney County",5,38,101,59,42
050,41,025,"Oregon","Harney County",5,39,86,43,43
050,41,025,"Oregon","Harney County",5,40,92,48,44
050,41,025,"Oregon","Harney County",5,41,96,49,47
050,41,025,"Oregon","Harney County",5,42,89,47,42
050,41,025,"Oregon","Harney County",5,43,95,45,50
050,41,025,"Oregon","Harney County",5,44,83,37,46
050,41,025,"Oregon","Harney County",5,45,87,46,41
050,41,025,"Oregon","Harney County",5,46,86,50,36
050,41,025,"Oregon","Harney County",5,47,83,44,39
050,41,025,"Oregon","Harney County",5,48,80,37,43
050,41,025,"Oregon","Harney County",5,49,67,34,33
050,41,025,"Oregon","Harney County",5,50,65,30,35
050,41,025,"Oregon","Harney County",5,51,78,29,49
050,41,025,"Oregon","Harney County",5,52,88,48,40
050,41,025,"Oregon","Harney County",5,53,79,37,42
050,41,025,"Oregon","Harney County",5,54,81,35,46
050,41,025,"Oregon","Harney County",5,55,74,34,40
050,41,025,"Oregon","Harney County",5,56,87,44,43
050,41,025,"Oregon","Harney County",5,57,98,39,59
050,41,025,"Oregon","Harney County",5,58,90,39,51
050,41,025,"Oregon","Harney County",5,59,89,42,47
050,41,025,"Oregon","Harney County",5,60,97,49,48
050,41,025,"Oregon","Harney County",5,61,118,61,57
050,41,025,"Oregon","Harney County",5,62,134,67,67
050,41,025,"Oregon","Harney County",5,63,125,68,57
050,41,025,"Oregon","Harney County",5,64,113,61,52
050,41,025,"Oregon","Harney County",5,65,122,63,59
050,41,025,"Oregon","Harney County",5,66,122,57,65
050,41,025,"Oregon","Harney County",5,67,131,69,62
050,41,025,"Oregon","Harney County",5,68,115,53,62
050,41,025,"Oregon","Harney County",5,69,119,61,58
050,41,025,"Oregon","Harney County",5,70,130,69,61
050,41,025,"Oregon","Harney County",5,71,125,62,63
050,41,025,"Oregon","Harney County",5,72,100,50,50
050,41,025,"Oregon","Harney County",5,73,104,47,57
050,41,025,"Oregon","Harney County",5,74,86,43,43
050,41,025,"Oregon","Harney County",5,75,81,43,38
050,41,025,"Oregon","Harney County",5,76,99,48,51
050,41,025,"Oregon","Harney County",5,77,65,34,31
050,41,025,"Oregon","Harney County",5,78,63,34,29
050,41,025,"Oregon","Harney County",5,79,58,28,30
050,41,025,"Oregon","Harney County",5,80,67,33,34
050,41,025,"Oregon","Harney County",5,81,67,33,34
050,41,025,"Oregon","Harney County",5,82,60,29,31
050,41,025,"Oregon","Harney County",5,83,44,23,21
050,41,025,"Oregon","Harney County",5,84,47,27,20
050,41,025,"Oregon","Harney County",5,85,222,98,124
050,41,027,"Oregon","Hood River County",1,0,264,137,127
050,41,027,"Oregon","Hood River County",1,1,259,143,116
050,41,027,"Oregon","Hood River County",1,2,269,141,128
050,41,027,"Oregon","Hood River County",1,3,285,141,144
050,41,027,"Oregon","Hood River County",1,4,315,148,167
050,41,027,"Oregon","Hood River County",1,5,303,149,154
050,41,027,"Oregon","Hood River County",1,6,295,142,153
050,41,027,"Oregon","Hood River County",1,7,314,156,158
050,41,027,"Oregon","Hood River County",1,8,310,166,144
050,41,027,"Oregon","Hood River County",1,9,316,162,154
050,41,027,"Oregon","Hood River County",1,10,292,159,133
050,41,027,"Oregon","Hood River County",1,11,293,136,157
050,41,027,"Oregon","Hood River County",1,12,343,168,175
050,41,027,"Oregon","Hood River County",1,13,325,159,166
050,41,027,"Oregon","Hood River County",1,14,355,166,189
050,41,027,"Oregon","Hood River County",1,15,343,178,165
050,41,027,"Oregon","Hood River County",1,16,333,176,157
050,41,027,"Oregon","Hood River County",1,17,365,198,167
050,41,027,"Oregon","Hood River County",1,18,310,169,141
050,41,027,"Oregon","Hood River County",1,19,274,146,128
050,41,027,"Oregon","Hood River County",1,20,285,147,138
050,41,027,"Oregon","Hood River County",1,21,257,147,110
050,41,027,"Oregon","Hood River County",1,22,242,128,114
050,41,027,"Oregon","Hood River County",1,23,258,137,121
050,41,027,"Oregon","Hood River County",1,24,267,146,121
050,41,027,"Oregon","Hood River County",1,25,263,138,125
050,41,027,"Oregon","Hood River County",1,26,281,142,139
050,41,027,"Oregon","Hood River County",1,27,280,144,136
050,41,027,"Oregon","Hood River County",1,28,285,146,139
050,41,027,"Oregon","Hood River County",1,29,305,143,162
050,41,027,"Oregon","Hood River County",1,30,281,130,151
050,41,027,"Oregon","Hood River County",1,31,269,134,135
050,41,027,"Oregon","Hood River County",1,32,314,174,140
050,41,027,"Oregon","Hood River County",1,33,318,164,154
050,41,027,"Oregon","Hood River County",1,34,311,155,156
050,41,027,"Oregon","Hood River County",1,35,310,163,147
050,41,027,"Oregon","Hood River County",1,36,323,156,167
050,41,027,"Oregon","Hood River County",1,37,333,146,187
050,41,027,"Oregon","Hood River County",1,38,329,154,175
050,41,027,"Oregon","Hood River County",1,39,340,165,175
050,41,027,"Oregon","Hood River County",1,40,316,149,167
050,41,027,"Oregon","Hood River County",1,41,324,159,165
050,41,027,"Oregon","Hood River County",1,42,336,172,164
050,41,027,"Oregon","Hood River County",1,43,337,170,167
050,41,027,"Oregon","Hood River County",1,44,314,151,163
050,41,027,"Oregon","Hood River County",1,45,302,164,138
050,41,027,"Oregon","Hood River County",1,46,292,159,133
050,41,027,"Oregon","Hood River County",1,47,290,149,141
050,41,027,"Oregon","Hood River County",1,48,299,149,150
050,41,027,"Oregon","Hood River County",1,49,321,160,161
050,41,027,"Oregon","Hood River County",1,50,297,135,162
050,41,027,"Oregon","Hood River County",1,51,314,167,147
050,41,027,"Oregon","Hood River County",1,52,324,159,165
050,41,027,"Oregon","Hood River County",1,53,325,159,166
050,41,027,"Oregon","Hood River County",1,54,312,165,147
050,41,027,"Oregon","Hood River County",1,55,308,158,150
050,41,027,"Oregon","Hood River County",1,56,297,152,145
050,41,027,"Oregon","Hood River County",1,57,316,166,150
050,41,027,"Oregon","Hood River County",1,58,332,166,166
050,41,027,"Oregon","Hood River County",1,59,338,164,174
050,41,027,"Oregon","Hood River County",1,60,324,157,167
050,41,027,"Oregon","Hood River County",1,61,330,175,155
050,41,027,"Oregon","Hood River County",1,62,342,167,175
050,41,027,"Oregon","Hood River County",1,63,332,169,163
050,41,027,"Oregon","Hood River County",1,64,295,147,148
050,41,027,"Oregon","Hood River County",1,65,321,163,158
050,41,027,"Oregon","Hood River County",1,66,309,163,146
050,41,027,"Oregon","Hood River County",1,67,299,160,139
050,41,027,"Oregon","Hood River County",1,68,266,136,130
050,41,027,"Oregon","Hood River County",1,69,249,133,116
050,41,027,"Oregon","Hood River County",1,70,223,129,94
050,41,027,"Oregon","Hood River County",1,71,220,122,98
050,41,027,"Oregon","Hood River County",1,72,235,122,113
050,41,027,"Oregon","Hood River County",1,73,217,107,110
050,41,027,"Oregon","Hood River County",1,74,141,62,79
050,41,027,"Oregon","Hood River County",1,75,155,75,80
050,41,027,"Oregon","Hood River County",1,76,143,62,81
050,41,027,"Oregon","Hood River County",1,77,152,78,74
050,41,027,"Oregon","Hood River County",1,78,130,57,73
050,41,027,"Oregon","Hood River County",1,79,117,51,66
050,41,027,"Oregon","Hood River County",1,80,90,37,53
050,41,027,"Oregon","Hood River County",1,81,75,26,49
050,41,027,"Oregon","Hood River County",1,82,95,39,56
050,41,027,"Oregon","Hood River County",1,83,86,44,42
050,41,027,"Oregon","Hood River County",1,84,60,29,31
050,41,027,"Oregon","Hood River County",1,85,466,148,318
050,41,027,"Oregon","Hood River County",2,0,256,130,126
050,41,027,"Oregon","Hood River County",2,1,258,140,118
050,41,027,"Oregon","Hood River County",2,2,264,139,125
050,41,027,"Oregon","Hood River County",2,3,280,140,140
050,41,027,"Oregon","Hood River County",2,4,307,146,161
050,41,027,"Oregon","Hood River County",2,5,306,148,158
050,41,027,"Oregon","Hood River County",2,6,297,144,153
050,41,027,"Oregon","Hood River County",2,7,309,152,157
050,41,027,"Oregon","Hood River County",2,8,311,163,148
050,41,027,"Oregon","Hood River County",2,9,315,163,152
050,41,027,"Oregon","Hood River County",2,10,296,158,138
050,41,027,"Oregon","Hood River County",2,11,290,140,150
050,41,027,"Oregon","Hood River County",2,12,331,161,170
050,41,027,"Oregon","Hood River County",2,13,327,158,169
050,41,027,"Oregon","Hood River County",2,14,347,164,183
050,41,027,"Oregon","Hood River County",2,15,347,175,172
050,41,027,"Oregon","Hood River County",2,16,333,176,157
050,41,027,"Oregon","Hood River County",2,17,356,191,165
050,41,027,"Oregon","Hood River County",2,18,313,172,141
050,41,027,"Oregon","Hood River County",2,19,274,146,128
050,41,027,"Oregon","Hood River County",2,20,287,150,137
050,41,027,"Oregon","Hood River County",2,21,263,149,114
050,41,027,"Oregon","Hood River County",2,22,244,133,111
050,41,027,"Oregon","Hood River County",2,23,255,136,119
050,41,027,"Oregon","Hood River County",2,24,265,145,120
050,41,027,"Oregon","Hood River County",2,25,267,140,127
050,41,027,"Oregon","Hood River County",2,26,278,143,135
050,41,027,"Oregon","Hood River County",2,27,281,144,137
050,41,027,"Oregon","Hood River County",2,28,286,146,140
050,41,027,"Oregon","Hood River County",2,29,297,140,157
050,41,027,"Oregon","Hood River County",2,30,287,133,154
050,41,027,"Oregon","Hood River County",2,31,268,133,135
050,41,027,"Oregon","Hood River County",2,32,302,164,138
050,41,027,"Oregon","Hood River County",2,33,314,163,151
050,41,027,"Oregon","Hood River County",2,34,315,159,156
050,41,027,"Oregon","Hood River County",2,35,311,161,150
050,41,027,"Oregon","Hood River County",2,36,320,157,163
050,41,027,"Oregon","Hood River County",2,37,332,149,183
050,41,027,"Oregon","Hood River County",2,38,331,154,177
050,41,027,"Oregon","Hood River County",2,39,336,163,173
050,41,027,"Oregon","Hood River County",2,40,325,156,169
050,41,027,"Oregon","Hood River County",2,41,319,156,163
050,41,027,"Oregon","Hood River County",2,42,333,169,164
050,41,027,"Oregon","Hood River County",2,43,336,168,168
050,41,027,"Oregon","Hood River County",2,44,316,152,164
050,41,027,"Oregon","Hood River County",2,45,307,161,146
050,41,027,"Oregon","Hood River County",2,46,293,159,134
050,41,027,"Oregon","Hood River County",2,47,291,151,140
050,41,027,"Oregon","Hood River County",2,48,297,149,148
050,41,027,"Oregon","Hood River County",2,49,319,158,161
050,41,027,"Oregon","Hood River County",2,50,306,144,162
050,41,027,"Oregon","Hood River County",2,51,307,159,148
050,41,027,"Oregon","Hood River County",2,52,321,160,161
050,41,027,"Oregon","Hood River County",2,53,324,158,166
050,41,027,"Oregon","Hood River County",2,54,312,163,149
050,41,027,"Oregon","Hood River County",2,55,309,159,150
050,41,027,"Oregon","Hood River County",2,56,302,154,148
050,41,027,"Oregon","Hood River County",2,57,313,164,149
050,41,027,"Oregon","Hood River County",2,58,327,164,163
050,41,027,"Oregon","Hood River County",2,59,336,164,172
050,41,027,"Oregon","Hood River County",2,60,330,160,170
050,41,027,"Oregon","Hood River County",2,61,328,171,157
050,41,027,"Oregon","Hood River County",2,62,339,169,170
050,41,027,"Oregon","Hood River County",2,63,336,171,165
050,41,027,"Oregon","Hood River County",2,64,300,150,150
050,41,027,"Oregon","Hood River County",2,65,313,158,155
050,41,027,"Oregon","Hood River County",2,66,312,164,148
050,41,027,"Oregon","Hood River County",2,67,298,159,139
050,41,027,"Oregon","Hood River County",2,68,273,142,131
050,41,027,"Oregon","Hood River County",2,69,254,134,120
050,41,027,"Oregon","Hood River County",2,70,228,127,101
050,41,027,"Oregon","Hood River County",2,71,218,120,98
050,41,027,"Oregon","Hood River County",2,72,228,120,108
050,41,027,"Oregon","Hood River County",2,73,234,117,117
050,41,027,"Oregon","Hood River County",2,74,149,68,81
050,41,027,"Oregon","Hood River County",2,75,152,72,80
050,41,027,"Oregon","Hood River County",2,76,145,64,81
050,41,027,"Oregon","Hood River County",2,77,153,76,77
050,41,027,"Oregon","Hood River County",2,78,132,60,72
050,41,027,"Oregon","Hood River County",2,79,118,49,69
050,41,027,"Oregon","Hood River County",2,80,95,39,56
050,41,027,"Oregon","Hood River County",2,81,77,28,49
050,41,027,"Oregon","Hood River County",2,82,91,35,56
050,41,027,"Oregon","Hood River County",2,83,87,42,45
050,41,027,"Oregon","Hood River County",2,84,65,33,32
050,41,027,"Oregon","Hood River County",2,85,458,142,316
050,41,027,"Oregon","Hood River County",3,0,225,117,108
050,41,027,"Oregon","Hood River County",3,1,270,148,122
050,41,027,"Oregon","Hood River County",3,2,267,143,124
050,41,027,"Oregon","Hood River County",3,3,284,149,135
050,41,027,"Oregon","Hood River County",3,4,290,146,144
050,41,027,"Oregon","Hood River County",3,5,309,151,158
050,41,027,"Oregon","Hood River County",3,6,302,149,153
050,41,027,"Oregon","Hood River County",3,7,301,145,156
050,41,027,"Oregon","Hood River County",3,8,318,152,166
050,41,027,"Oregon","Hood River County",3,9,308,162,146
050,41,027,"Oregon","Hood River County",3,10,316,164,152
050,41,027,"Oregon","Hood River County",3,11,295,153,142
050,41,027,"Oregon","Hood River County",3,12,299,146,153
050,41,027,"Oregon","Hood River County",3,13,321,156,165
050,41,027,"Oregon","Hood River County",3,14,331,156,175
050,41,027,"Oregon","Hood River County",3,15,349,169,180
050,41,027,"Oregon","Hood River County",3,16,340,170,170
050,41,027,"Oregon","Hood River County",3,17,328,176,152
050,41,027,"Oregon","Hood River County",3,18,315,170,145
050,41,027,"Oregon","Hood River County",3,19,258,139,119
050,41,027,"Oregon","Hood River County",3,20,274,147,127
050,41,027,"Oregon","Hood River County",3,21,289,156,133
050,41,027,"Oregon","Hood River County",3,22,264,148,116
050,41,027,"Oregon","Hood River County",3,23,256,134,122
050,41,027,"Oregon","Hood River County",3,24,243,130,113
050,41,027,"Oregon","Hood River County",3,25,252,132,120
050,41,027,"Oregon","Hood River County",3,26,282,151,131
050,41,027,"Oregon","Hood River County",3,27,295,147,148
050,41,027,"Oregon","Hood River County",3,28,290,155,135
050,41,027,"Oregon","Hood River County",3,29,302,155,147
050,41,027,"Oregon","Hood River County",3,30,312,149,163
050,41,027,"Oregon","Hood River County",3,31,303,147,156
050,41,027,"Oregon","Hood River County",3,32,282,146,136
050,41,027,"Oregon","Hood River County",3,33,285,149,136
050,41,027,"Oregon","Hood River County",3,34,306,159,147
050,41,027,"Oregon","Hood River County",3,35,324,164,160
050,41,027,"Oregon","Hood River County",3,36,309,155,154
050,41,027,"Oregon","Hood River County",3,37,334,161,173
050,41,027,"Oregon","Hood River County",3,38,319,144,175
050,41,027,"Oregon","Hood River County",3,39,330,147,183
050,41,027,"Oregon","Hood River County",3,40,333,168,165
050,41,027,"Oregon","Hood River County",3,41,333,158,175
050,41,027,"Oregon","Hood River County",3,42,321,157,164
050,41,027,"Oregon","Hood River County",3,43,348,180,168
050,41,027,"Oregon","Hood River County",3,44,349,173,176
050,41,027,"Oregon","Hood River County",3,45,321,160,161
050,41,027,"Oregon","Hood River County",3,46,312,163,149
050,41,027,"Oregon","Hood River County",3,47,288,162,126
050,41,027,"Oregon","Hood River County",3,48,283,148,135
050,41,027,"Oregon","Hood River County",3,49,310,154,156
050,41,027,"Oregon","Hood River County",3,50,311,155,156
050,41,027,"Oregon","Hood River County",3,51,314,155,159
050,41,027,"Oregon","Hood River County",3,52,305,153,152
050,41,027,"Oregon","Hood River County",3,53,315,154,161
050,41,027,"Oregon","Hood River County",3,54,320,159,161
050,41,027,"Oregon","Hood River County",3,55,313,168,145
050,41,027,"Oregon","Hood River County",3,56,308,161,147
050,41,027,"Oregon","Hood River County",3,57,309,163,146
050,41,027,"Oregon","Hood River County",3,58,310,161,149
050,41,027,"Oregon","Hood River County",3,59,334,164,170
050,41,027,"Oregon","Hood River County",3,60,332,157,175
050,41,027,"Oregon","Hood River County",3,61,325,157,168
050,41,027,"Oregon","Hood River County",3,62,322,165,157
050,41,027,"Oregon","Hood River County",3,63,345,173,172
050,41,027,"Oregon","Hood River County",3,64,317,162,155
050,41,027,"Oregon","Hood River County",3,65,306,152,154
050,41,027,"Oregon","Hood River County",3,66,317,161,156
050,41,027,"Oregon","Hood River County",3,67,304,161,143
050,41,027,"Oregon","Hood River County",3,68,305,161,144
050,41,027,"Oregon","Hood River County",3,69,270,144,126
050,41,027,"Oregon","Hood River County",3,70,246,127,119
050,41,027,"Oregon","Hood River County",3,71,230,125,105
050,41,027,"Oregon","Hood River County",3,72,213,117,96
050,41,027,"Oregon","Hood River County",3,73,221,115,106
050,41,027,"Oregon","Hood River County",3,74,232,116,116
050,41,027,"Oregon","Hood River County",3,75,148,69,79
050,41,027,"Oregon","Hood River County",3,76,144,65,79
050,41,027,"Oregon","Hood River County",3,77,134,61,73
050,41,027,"Oregon","Hood River County",3,78,142,72,70
050,41,027,"Oregon","Hood River County",3,79,128,56,72
050,41,027,"Oregon","Hood River County",3,80,110,48,62
050,41,027,"Oregon","Hood River County",3,81,91,37,54
050,41,027,"Oregon","Hood River County",3,82,70,26,44
050,41,027,"Oregon","Hood River County",3,83,83,31,52
050,41,027,"Oregon","Hood River County",3,84,81,40,41
050,41,027,"Oregon","Hood River County",3,85,456,149,307
050,41,027,"Oregon","Hood River County",4,0,232,116,116
050,41,027,"Oregon","Hood River County",4,1,236,123,113
050,41,027,"Oregon","Hood River County",4,2,270,148,122
050,41,027,"Oregon","Hood River County",4,3,269,144,125
050,41,027,"Oregon","Hood River County",4,4,282,141,141
050,41,027,"Oregon","Hood River County",4,5,280,145,135
050,41,027,"Oregon","Hood River County",4,6,315,156,159
050,41,027,"Oregon","Hood River County",4,7,305,153,152
050,41,027,"Oregon","Hood River County",4,8,289,146,143
050,41,027,"Oregon","Hood River County",4,9,333,157,176
050,41,027,"Oregon","Hood River County",4,10,308,163,145
050,41,027,"Oregon","Hood River County",4,11,319,168,151
050,41,027,"Oregon","Hood River County",4,12,294,151,143
050,41,027,"Oregon","Hood River County",4,13,298,145,153
050,41,027,"Oregon","Hood River County",4,14,316,145,171
050,41,027,"Oregon","Hood River County",4,15,326,159,167
050,41,027,"Oregon","Hood River County",4,16,344,166,178
050,41,027,"Oregon","Hood River County",4,17,336,168,168
050,41,027,"Oregon","Hood River County",4,18,294,160,134
050,41,027,"Oregon","Hood River County",4,19,245,128,117
050,41,027,"Oregon","Hood River County",4,20,266,145,121
050,41,027,"Oregon","Hood River County",4,21,271,147,124
050,41,027,"Oregon","Hood River County",4,22,299,151,148
050,41,027,"Oregon","Hood River County",4,23,261,146,115
050,41,027,"Oregon","Hood River County",4,24,260,134,126
050,41,027,"Oregon","Hood River County",4,25,238,127,111
050,41,027,"Oregon","Hood River County",4,26,262,131,131
050,41,027,"Oregon","Hood River County",4,27,276,146,130
050,41,027,"Oregon","Hood River County",4,28,278,144,134
050,41,027,"Oregon","Hood River County",4,29,290,152,138
050,41,027,"Oregon","Hood River County",4,30,296,150,146
050,41,027,"Oregon","Hood River County",4,31,304,158,146
050,41,027,"Oregon","Hood River County",4,32,313,153,160
050,41,027,"Oregon","Hood River County",4,33,300,153,147
050,41,027,"Oregon","Hood River County",4,34,303,162,141
050,41,027,"Oregon","Hood River County",4,35,312,162,150
050,41,027,"Oregon","Hood River County",4,36,320,162,158
050,41,027,"Oregon","Hood River County",4,37,317,160,157
050,41,027,"Oregon","Hood River County",4,38,325,158,167
050,41,027,"Oregon","Hood River County",4,39,321,142,179
050,41,027,"Oregon","Hood River County",4,40,348,157,191
050,41,027,"Oregon","Hood River County",4,41,347,179,168
050,41,027,"Oregon","Hood River County",4,42,332,159,173
050,41,027,"Oregon","Hood River County",4,43,323,160,163
050,41,027,"Oregon","Hood River County",4,44,346,180,166
050,41,027,"Oregon","Hood River County",4,45,353,176,177
050,41,027,"Oregon","Hood River County",4,46,318,156,162
050,41,027,"Oregon","Hood River County",4,47,296,158,138
050,41,027,"Oregon","Hood River County",4,48,281,160,121
050,41,027,"Oregon","Hood River County",4,49,278,143,135
050,41,027,"Oregon","Hood River County",4,50,317,156,161
050,41,027,"Oregon","Hood River County",4,51,309,154,155
050,41,027,"Oregon","Hood River County",4,52,309,153,156
050,41,027,"Oregon","Hood River County",4,53,305,151,154
050,41,027,"Oregon","Hood River County",4,54,306,147,159
050,41,027,"Oregon","Hood River County",4,55,320,157,163
050,41,027,"Oregon","Hood River County",4,56,308,162,146
050,41,027,"Oregon","Hood River County",4,57,307,159,148
050,41,027,"Oregon","Hood River County",4,58,295,155,140
050,41,027,"Oregon","Hood River County",4,59,304,159,145
050,41,027,"Oregon","Hood River County",4,60,330,163,167
050,41,027,"Oregon","Hood River County",4,61,334,159,175
050,41,027,"Oregon","Hood River County",4,62,313,154,159
050,41,027,"Oregon","Hood River County",4,63,327,169,158
050,41,027,"Oregon","Hood River County",4,64,325,160,165
050,41,027,"Oregon","Hood River County",4,65,325,164,161
050,41,027,"Oregon","Hood River County",4,66,304,152,152
050,41,027,"Oregon","Hood River County",4,67,312,160,152
050,41,027,"Oregon","Hood River County",4,68,307,158,149
050,41,027,"Oregon","Hood River County",4,69,298,158,140
050,41,027,"Oregon","Hood River County",4,70,268,142,126
050,41,027,"Oregon","Hood River County",4,71,251,129,122
050,41,027,"Oregon","Hood River County",4,72,230,123,107
050,41,027,"Oregon","Hood River County",4,73,212,118,94
050,41,027,"Oregon","Hood River County",4,74,211,108,103
050,41,027,"Oregon","Hood River County",4,75,230,117,113
050,41,027,"Oregon","Hood River County",4,76,143,66,77
050,41,027,"Oregon","Hood River County",4,77,131,63,68
050,41,027,"Oregon","Hood River County",4,78,128,62,66
050,41,027,"Oregon","Hood River County",4,79,137,68,69
050,41,027,"Oregon","Hood River County",4,80,118,54,64
050,41,027,"Oregon","Hood River County",4,81,99,46,53
050,41,027,"Oregon","Hood River County",4,82,92,36,56
050,41,027,"Oregon","Hood River County",4,83,66,25,41
050,41,027,"Oregon","Hood River County",4,84,76,29,47
050,41,027,"Oregon","Hood River County",4,85,463,157,306
050,41,027,"Oregon","Hood River County",5,0,226,113,113
050,41,027,"Oregon","Hood River County",5,1,231,125,106
050,41,027,"Oregon","Hood River County",5,2,229,125,104
050,41,027,"Oregon","Hood River County",5,3,271,150,121
050,41,027,"Oregon","Hood River County",5,4,262,137,125
050,41,027,"Oregon","Hood River County",5,5,274,141,133
050,41,027,"Oregon","Hood River County",5,6,281,152,129
050,41,027,"Oregon","Hood River County",5,7,318,158,160
050,41,027,"Oregon","Hood River County",5,8,286,147,139
050,41,027,"Oregon","Hood River County",5,9,291,150,141
050,41,027,"Oregon","Hood River County",5,10,321,149,172
050,41,027,"Oregon","Hood River County",5,11,306,159,147
050,41,027,"Oregon","Hood River County",5,12,303,157,146
050,41,027,"Oregon","Hood River County",5,13,290,154,136
050,41,027,"Oregon","Hood River County",5,14,279,133,146
050,41,027,"Oregon","Hood River County",5,15,314,148,166
050,41,027,"Oregon","Hood River County",5,16,317,152,165
050,41,027,"Oregon","Hood River County",5,17,341,163,178
050,41,027,"Oregon","Hood River County",5,18,295,151,144
050,41,027,"Oregon","Hood River County",5,19,238,124,114
050,41,027,"Oregon","Hood River County",5,20,256,134,122
050,41,027,"Oregon","Hood River County",5,21,276,148,128
050,41,027,"Oregon","Hood River County",5,22,265,136,129
050,41,027,"Oregon","Hood River County",5,23,284,145,139
050,41,027,"Oregon","Hood River County",5,24,248,133,115
050,41,027,"Oregon","Hood River County",5,25,253,134,119
050,41,027,"Oregon","Hood River County",5,26,243,125,118
050,41,027,"Oregon","Hood River County",5,27,269,131,138
050,41,027,"Oregon","Hood River County",5,28,274,145,129
050,41,027,"Oregon","Hood River County",5,29,277,152,125
050,41,027,"Oregon","Hood River County",5,30,282,142,140
050,41,027,"Oregon","Hood River County",5,31,288,140,148
050,41,027,"Oregon","Hood River County",5,32,305,165,140
050,41,027,"Oregon","Hood River County",5,33,323,159,164
050,41,027,"Oregon","Hood River County",5,34,311,162,149
050,41,027,"Oregon","Hood River County",5,35,310,159,151
050,41,027,"Oregon","Hood River County",5,36,302,155,147
050,41,027,"Oregon","Hood River County",5,37,304,156,148
050,41,027,"Oregon","Hood River County",5,38,315,156,159
050,41,027,"Oregon","Hood River County",5,39,324,159,165
050,41,027,"Oregon","Hood River County",5,40,319,143,176
050,41,027,"Oregon","Hood River County",5,41,340,157,183
050,41,027,"Oregon","Hood River County",5,42,350,179,171
050,41,027,"Oregon","Hood River County",5,43,317,147,170
050,41,027,"Oregon","Hood River County",5,44,317,156,161
050,41,027,"Oregon","Hood River County",5,45,336,176,160
050,41,027,"Oregon","Hood River County",5,46,353,176,177
050,41,027,"Oregon","Hood River County",5,47,312,156,156
050,41,027,"Oregon","Hood River County",5,48,290,154,136
050,41,027,"Oregon","Hood River County",5,49,277,155,122
050,41,027,"Oregon","Hood River County",5,50,277,143,134
050,41,027,"Oregon","Hood River County",5,51,317,161,156
050,41,027,"Oregon","Hood River County",5,52,316,155,161
050,41,027,"Oregon","Hood River County",5,53,299,146,153
050,41,027,"Oregon","Hood River County",5,54,308,150,158
050,41,027,"Oregon","Hood River County",5,55,312,155,157
050,41,027,"Oregon","Hood River County",5,56,315,153,162
050,41,027,"Oregon","Hood River County",5,57,299,160,139
050,41,027,"Oregon","Hood River County",5,58,292,147,145
050,41,027,"Oregon","Hood River County",5,59,297,159,138
050,41,027,"Oregon","Hood River County",5,60,301,154,147
050,41,027,"Oregon","Hood River County",5,61,326,164,162
050,41,027,"Oregon","Hood River County",5,62,324,150,174
050,41,027,"Oregon","Hood River County",5,63,317,156,161
050,41,027,"Oregon","Hood River County",5,64,308,160,148
050,41,027,"Oregon","Hood River County",5,65,327,161,166
050,41,027,"Oregon","Hood River County",5,66,316,161,155
050,41,027,"Oregon","Hood River County",5,67,292,149,143
050,41,027,"Oregon","Hood River County",5,68,309,155,154
050,41,027,"Oregon","Hood River County",5,69,298,153,145
050,41,027,"Oregon","Hood River County",5,70,298,155,143
050,41,027,"Oregon","Hood River County",5,71,266,144,122
050,41,027,"Oregon","Hood River County",5,72,244,124,120
050,41,027,"Oregon","Hood River County",5,73,220,118,102
050,41,027,"Oregon","Hood River County",5,74,203,111,92
050,41,027,"Oregon","Hood River County",5,75,210,108,102
050,41,027,"Oregon","Hood River County",5,76,229,111,118
050,41,027,"Oregon","Hood River County",5,77,135,63,72
050,41,027,"Oregon","Hood River County",5,78,127,60,67
050,41,027,"Oregon","Hood River County",5,79,125,59,66
050,41,027,"Oregon","Hood River County",5,80,133,67,66
050,41,027,"Oregon","Hood River County",5,81,115,54,61
050,41,027,"Oregon","Hood River County",5,82,99,45,54
050,41,027,"Oregon","Hood River County",5,83,83,31,52
050,41,027,"Oregon","Hood River County",5,84,61,21,40
050,41,027,"Oregon","Hood River County",5,85,454,153,301
050,41,029,"Oregon","Jackson County",1,0,2157,1105,1052
050,41,029,"Oregon","Jackson County",1,1,2223,1150,1073
050,41,029,"Oregon","Jackson County",1,2,2321,1187,1134
050,41,029,"Oregon","Jackson County",1,3,2384,1219,1165
050,41,029,"Oregon","Jackson County",1,4,2525,1300,1225
050,41,029,"Oregon","Jackson County",1,5,2565,1375,1190
050,41,029,"Oregon","Jackson County",1,6,2569,1344,1225
050,41,029,"Oregon","Jackson County",1,7,2601,1326,1275
050,41,029,"Oregon","Jackson County",1,8,2650,1362,1288
050,41,029,"Oregon","Jackson County",1,9,2703,1365,1338
050,41,029,"Oregon","Jackson County",1,10,2727,1390,1337
050,41,029,"Oregon","Jackson County",1,11,2750,1437,1313
050,41,029,"Oregon","Jackson County",1,12,2829,1463,1366
050,41,029,"Oregon","Jackson County",1,13,2761,1434,1327
050,41,029,"Oregon","Jackson County",1,14,2623,1340,1283
050,41,029,"Oregon","Jackson County",1,15,2563,1287,1276
050,41,029,"Oregon","Jackson County",1,16,2592,1332,1260
050,41,029,"Oregon","Jackson County",1,17,2491,1285,1206
050,41,029,"Oregon","Jackson County",1,18,2483,1257,1226
050,41,029,"Oregon","Jackson County",1,19,2340,1169,1171
050,41,029,"Oregon","Jackson County",1,20,2205,1143,1062
050,41,029,"Oregon","Jackson County",1,21,2204,1107,1097
050,41,029,"Oregon","Jackson County",1,22,2291,1133,1158
050,41,029,"Oregon","Jackson County",1,23,2398,1175,1223
050,41,029,"Oregon","Jackson County",1,24,2503,1250,1253
050,41,029,"Oregon","Jackson County",1,25,2546,1261,1285
050,41,029,"Oregon","Jackson County",1,26,2655,1333,1322
050,41,029,"Oregon","Jackson County",1,27,2648,1365,1283
050,41,029,"Oregon","Jackson County",1,28,2792,1387,1405
050,41,029,"Oregon","Jackson County",1,29,3043,1524,1519
050,41,029,"Oregon","Jackson County",1,30,3052,1546,1506
050,41,029,"Oregon","Jackson County",1,31,2875,1430,1445
050,41,029,"Oregon","Jackson County",1,32,2690,1300,1390
050,41,029,"Oregon","Jackson County",1,33,2724,1314,1410
050,41,029,"Oregon","Jackson County",1,34,2828,1390,1438
050,41,029,"Oregon","Jackson County",1,35,2844,1403,1441
050,41,029,"Oregon","Jackson County",1,36,2863,1481,1382
050,41,029,"Oregon","Jackson County",1,37,2894,1465,1429
050,41,029,"Oregon","Jackson County",1,38,2882,1435,1447
050,41,029,"Oregon","Jackson County",1,39,2820,1397,1423
050,41,029,"Oregon","Jackson County",1,40,2786,1343,1443
050,41,029,"Oregon","Jackson County",1,41,2653,1321,1332
050,41,029,"Oregon","Jackson County",1,42,2677,1358,1319
050,41,029,"Oregon","Jackson County",1,43,2592,1287,1305
050,41,029,"Oregon","Jackson County",1,44,2496,1234,1262
050,41,029,"Oregon","Jackson County",1,45,2393,1201,1192
050,41,029,"Oregon","Jackson County",1,46,2356,1186,1170
050,41,029,"Oregon","Jackson County",1,47,2378,1187,1191
050,41,029,"Oregon","Jackson County",1,48,2514,1250,1264
050,41,029,"Oregon","Jackson County",1,49,2706,1349,1357
050,41,029,"Oregon","Jackson County",1,50,2665,1324,1341
050,41,029,"Oregon","Jackson County",1,51,2587,1330,1257
050,41,029,"Oregon","Jackson County",1,52,2427,1241,1186
050,41,029,"Oregon","Jackson County",1,53,2500,1240,1260
050,41,029,"Oregon","Jackson County",1,54,2590,1258,1332
050,41,029,"Oregon","Jackson County",1,55,2716,1316,1400
050,41,029,"Oregon","Jackson County",1,56,2740,1335,1405
050,41,029,"Oregon","Jackson County",1,57,2860,1371,1489
050,41,029,"Oregon","Jackson County",1,58,3036,1482,1554
050,41,029,"Oregon","Jackson County",1,59,3112,1492,1620
050,41,029,"Oregon","Jackson County",1,60,3119,1451,1668
050,41,029,"Oregon","Jackson County",1,61,3077,1470,1607
050,41,029,"Oregon","Jackson County",1,62,3185,1526,1659
050,41,029,"Oregon","Jackson County",1,63,3222,1515,1707
050,41,029,"Oregon","Jackson County",1,64,3276,1521,1755
050,41,029,"Oregon","Jackson County",1,65,3298,1547,1751
050,41,029,"Oregon","Jackson County",1,66,3389,1577,1812
050,41,029,"Oregon","Jackson County",1,67,3280,1506,1774
050,41,029,"Oregon","Jackson County",1,68,3247,1557,1690
050,41,029,"Oregon","Jackson County",1,69,2985,1428,1557
050,41,029,"Oregon","Jackson County",1,70,3031,1432,1599
050,41,029,"Oregon","Jackson County",1,71,2976,1419,1557
050,41,029,"Oregon","Jackson County",1,72,2892,1379,1513
050,41,029,"Oregon","Jackson County",1,73,2946,1397,1549
050,41,029,"Oregon","Jackson County",1,74,2109,995,1114
050,41,029,"Oregon","Jackson County",1,75,2101,1000,1101
050,41,029,"Oregon","Jackson County",1,76,2005,930,1075
050,41,029,"Oregon","Jackson County",1,77,1904,874,1030
050,41,029,"Oregon","Jackson County",1,78,1700,789,911
050,41,029,"Oregon","Jackson County",1,79,1496,702,794
050,41,029,"Oregon","Jackson County",1,80,1266,585,681
050,41,029,"Oregon","Jackson County",1,81,1208,562,646
050,41,029,"Oregon","Jackson County",1,82,1087,478,609
050,41,029,"Oregon","Jackson County",1,83,954,429,525
050,41,029,"Oregon","Jackson County",1,84,877,378,499
050,41,029,"Oregon","Jackson County",1,85,5227,2042,3185
050,41,029,"Oregon","Jackson County",2,0,2174,1120,1054
050,41,029,"Oregon","Jackson County",2,1,2215,1146,1069
050,41,029,"Oregon","Jackson County",2,2,2307,1187,1120
050,41,029,"Oregon","Jackson County",2,3,2372,1217,1155
050,41,029,"Oregon","Jackson County",2,4,2506,1290,1216
050,41,029,"Oregon","Jackson County",2,5,2567,1361,1206
050,41,029,"Oregon","Jackson County",2,6,2582,1359,1223
050,41,029,"Oregon","Jackson County",2,7,2596,1334,1262
050,41,029,"Oregon","Jackson County",2,8,2635,1351,1284
050,41,029,"Oregon","Jackson County",2,9,2693,1366,1327
050,41,029,"Oregon","Jackson County",2,10,2723,1385,1338
050,41,029,"Oregon","Jackson County",2,11,2736,1419,1317
050,41,029,"Oregon","Jackson County",2,12,2822,1463,1359
050,41,029,"Oregon","Jackson County",2,13,2773,1442,1331
050,41,029,"Oregon","Jackson County",2,14,2654,1364,1290
050,41,029,"Oregon","Jackson County",2,15,2577,1300,1277
050,41,029,"Oregon","Jackson County",2,16,2590,1324,1266
050,41,029,"Oregon","Jackson County",2,17,2520,1298,1222
050,41,029,"Oregon","Jackson County",2,18,2468,1253,1215
050,41,029,"Oregon","Jackson County",2,19,2337,1169,1168
050,41,029,"Oregon","Jackson County",2,20,2235,1152,1083
050,41,029,"Oregon","Jackson County",2,21,2209,1115,1094
050,41,029,"Oregon","Jackson County",2,22,2282,1126,1156
050,41,029,"Oregon","Jackson County",2,23,2380,1167,1213
050,41,029,"Oregon","Jackson County",2,24,2476,1233,1243
050,41,029,"Oregon","Jackson County",2,25,2548,1262,1286
050,41,029,"Oregon","Jackson County",2,26,2639,1320,1319
050,41,029,"Oregon","Jackson County",2,27,2657,1355,1302
050,41,029,"Oregon","Jackson County",2,28,2779,1390,1389
050,41,029,"Oregon","Jackson County",2,29,2993,1500,1493
050,41,029,"Oregon","Jackson County",2,30,3068,1550,1518
050,41,029,"Oregon","Jackson County",2,31,2909,1451,1458
050,41,029,"Oregon","Jackson County",2,32,2748,1336,1412
050,41,029,"Oregon","Jackson County",2,33,2728,1315,1413
050,41,029,"Oregon","Jackson County",2,34,2815,1374,1441
050,41,029,"Oregon","Jackson County",2,35,2863,1414,1449
050,41,029,"Oregon","Jackson County",2,36,2849,1458,1391
050,41,029,"Oregon","Jackson County",2,37,2898,1472,1426
050,41,029,"Oregon","Jackson County",2,38,2909,1449,1460
050,41,029,"Oregon","Jackson County",2,39,2840,1412,1428
050,41,029,"Oregon","Jackson County",2,40,2811,1365,1446
050,41,029,"Oregon","Jackson County",2,41,2684,1328,1356
050,41,029,"Oregon","Jackson County",2,42,2665,1346,1319
050,41,029,"Oregon","Jackson County",2,43,2628,1315,1313
050,41,029,"Oregon","Jackson County",2,44,2497,1237,1260
050,41,029,"Oregon","Jackson County",2,45,2433,1214,1219
050,41,029,"Oregon","Jackson County",2,46,2368,1192,1176
050,41,029,"Oregon","Jackson County",2,47,2372,1186,1186
050,41,029,"Oregon","Jackson County",2,48,2484,1237,1247
050,41,029,"Oregon","Jackson County",2,49,2669,1332,1337
050,41,029,"Oregon","Jackson County",2,50,2681,1334,1347
050,41,029,"Oregon","Jackson County",2,51,2604,1326,1278
050,41,029,"Oregon","Jackson County",2,52,2467,1260,1207
050,41,029,"Oregon","Jackson County",2,53,2487,1241,1246
050,41,029,"Oregon","Jackson County",2,54,2564,1250,1314
050,41,029,"Oregon","Jackson County",2,55,2683,1301,1382
050,41,029,"Oregon","Jackson County",2,56,2744,1335,1409
050,41,029,"Oregon","Jackson County",2,57,2842,1368,1474
050,41,029,"Oregon","Jackson County",2,58,2989,1452,1537
050,41,029,"Oregon","Jackson County",2,59,3114,1496,1618
050,41,029,"Oregon","Jackson County",2,60,3107,1460,1647
050,41,029,"Oregon","Jackson County",2,61,3088,1469,1619
050,41,029,"Oregon","Jackson County",2,62,3157,1511,1646
050,41,029,"Oregon","Jackson County",2,63,3240,1526,1714
050,41,029,"Oregon","Jackson County",2,64,3243,1509,1734
050,41,029,"Oregon","Jackson County",2,65,3294,1539,1755
050,41,029,"Oregon","Jackson County",2,66,3371,1571,1800
050,41,029,"Oregon","Jackson County",2,67,3303,1520,1783
050,41,029,"Oregon","Jackson County",2,68,3230,1528,1702
050,41,029,"Oregon","Jackson County",2,69,3062,1462,1600
050,41,029,"Oregon","Jackson County",2,70,3011,1423,1588
050,41,029,"Oregon","Jackson County",2,71,2988,1420,1568
050,41,029,"Oregon","Jackson County",2,72,2861,1364,1497
050,41,029,"Oregon","Jackson County",2,73,3070,1460,1610
050,41,029,"Oregon","Jackson County",2,74,2166,1022,1144
050,41,029,"Oregon","Jackson County",2,75,2093,993,1100
050,41,029,"Oregon","Jackson County",2,76,2002,934,1068
050,41,029,"Oregon","Jackson County",2,77,1968,904,1064
050,41,029,"Oregon","Jackson County",2,78,1706,790,916
050,41,029,"Oregon","Jackson County",2,79,1529,712,817
050,41,029,"Oregon","Jackson County",2,80,1311,609,702
050,41,029,"Oregon","Jackson County",2,81,1194,556,638
050,41,029,"Oregon","Jackson County",2,82,1102,488,614
050,41,029,"Oregon","Jackson County",2,83,970,434,536
050,41,029,"Oregon","Jackson County",2,84,877,385,492
050,41,029,"Oregon","Jackson County",2,85,5219,2041,3178
050,41,029,"Oregon","Jackson County",3,0,2107,1048,1059
050,41,029,"Oregon","Jackson County",3,1,2194,1138,1056
050,41,029,"Oregon","Jackson County",3,2,2263,1193,1070
050,41,029,"Oregon","Jackson County",3,3,2325,1198,1127
050,41,029,"Oregon","Jackson County",3,4,2423,1235,1188
050,41,029,"Oregon","Jackson County",3,5,2540,1309,1231
050,41,029,"Oregon","Jackson County",3,6,2607,1397,1210
050,41,029,"Oregon","Jackson County",3,7,2573,1351,1222
050,41,029,"Oregon","Jackson County",3,8,2621,1346,1275
050,41,029,"Oregon","Jackson County",3,9,2650,1344,1306
050,41,029,"Oregon","Jackson County",3,10,2716,1358,1358
050,41,029,"Oregon","Jackson County",3,11,2721,1385,1336
050,41,029,"Oregon","Jackson County",3,12,2724,1422,1302
050,41,029,"Oregon","Jackson County",3,13,2849,1484,1365
050,41,029,"Oregon","Jackson County",3,14,2791,1449,1342
050,41,029,"Oregon","Jackson County",3,15,2669,1359,1310
050,41,029,"Oregon","Jackson County",3,16,2611,1307,1304
050,41,029,"Oregon","Jackson County",3,17,2612,1344,1268
050,41,029,"Oregon","Jackson County",3,18,2470,1272,1198
050,41,029,"Oregon","Jackson County",3,19,2306,1151,1155
050,41,029,"Oregon","Jackson County",3,20,2201,1128,1073
050,41,029,"Oregon","Jackson County",3,21,2270,1167,1103
050,41,029,"Oregon","Jackson County",3,22,2331,1171,1160
050,41,029,"Oregon","Jackson County",3,23,2324,1143,1181
050,41,029,"Oregon","Jackson County",3,24,2452,1215,1237
050,41,029,"Oregon","Jackson County",3,25,2548,1260,1288
050,41,029,"Oregon","Jackson County",3,26,2611,1302,1309
050,41,029,"Oregon","Jackson County",3,27,2645,1328,1317
050,41,029,"Oregon","Jackson County",3,28,2734,1397,1337
050,41,029,"Oregon","Jackson County",3,29,2805,1407,1398
050,41,029,"Oregon","Jackson County",3,30,3030,1526,1504
050,41,029,"Oregon","Jackson County",3,31,3087,1547,1540
050,41,029,"Oregon","Jackson County",3,32,2983,1509,1474
050,41,029,"Oregon","Jackson County",3,33,2768,1350,1418
050,41,029,"Oregon","Jackson County",3,34,2713,1302,1411
050,41,029,"Oregon","Jackson County",3,35,2839,1383,1456
050,41,029,"Oregon","Jackson County",3,36,2898,1423,1475
050,41,029,"Oregon","Jackson County",3,37,2877,1462,1415
050,41,029,"Oregon","Jackson County",3,38,2956,1505,1451
050,41,029,"Oregon","Jackson County",3,39,2966,1476,1490
050,41,029,"Oregon","Jackson County",3,40,2834,1406,1428
050,41,029,"Oregon","Jackson County",3,41,2846,1386,1460
050,41,029,"Oregon","Jackson County",3,42,2714,1336,1378
050,41,029,"Oregon","Jackson County",3,43,2711,1381,1330
050,41,029,"Oregon","Jackson County",3,44,2610,1274,1336
050,41,029,"Oregon","Jackson County",3,45,2499,1236,1263
050,41,029,"Oregon","Jackson County",3,46,2427,1197,1230
050,41,029,"Oregon","Jackson County",3,47,2384,1201,1183
050,41,029,"Oregon","Jackson County",3,48,2400,1211,1189
050,41,029,"Oregon","Jackson County",3,49,2463,1246,1217
050,41,029,"Oregon","Jackson County",3,50,2684,1347,1337
050,41,029,"Oregon","Jackson County",3,51,2675,1345,1330
050,41,029,"Oregon","Jackson County",3,52,2626,1331,1295
050,41,029,"Oregon","Jackson County",3,53,2453,1240,1213
050,41,029,"Oregon","Jackson County",3,54,2526,1257,1269
050,41,029,"Oregon","Jackson County",3,55,2598,1248,1350
050,41,029,"Oregon","Jackson County",3,56,2696,1304,1392
050,41,029,"Oregon","Jackson County",3,57,2769,1354,1415
050,41,029,"Oregon","Jackson County",3,58,2836,1363,1473
050,41,029,"Oregon","Jackson County",3,59,2982,1446,1536
050,41,029,"Oregon","Jackson County",3,60,3105,1485,1620
050,41,029,"Oregon","Jackson County",3,61,3062,1446,1616
050,41,029,"Oregon","Jackson County",3,62,3101,1452,1649
050,41,029,"Oregon","Jackson County",3,63,3147,1481,1666
050,41,029,"Oregon","Jackson County",3,64,3207,1513,1694
050,41,029,"Oregon","Jackson County",3,65,3224,1494,1730
050,41,029,"Oregon","Jackson County",3,66,3245,1522,1723
050,41,029,"Oregon","Jackson County",3,67,3327,1537,1790
050,41,029,"Oregon","Jackson County",3,68,3243,1498,1745
050,41,029,"Oregon","Jackson County",3,69,3170,1497,1673
050,41,029,"Oregon","Jackson County",3,70,3012,1452,1560
050,41,029,"Oregon","Jackson County",3,71,2960,1392,1568
050,41,029,"Oregon","Jackson County",3,72,2921,1375,1546
050,41,029,"Oregon","Jackson County",3,73,2764,1296,1468
050,41,029,"Oregon","Jackson County",3,74,2986,1430,1556
050,41,029,"Oregon","Jackson County",3,75,2082,978,1104
050,41,029,"Oregon","Jackson County",3,76,2033,952,1081
050,41,029,"Oregon","Jackson County",3,77,1925,875,1050
050,41,029,"Oregon","Jackson County",3,78,1886,869,1017
050,41,029,"Oregon","Jackson County",3,79,1634,746,888
050,41,029,"Oregon","Jackson County",3,80,1426,653,773
050,41,029,"Oregon","Jackson County",3,81,1232,572,660
050,41,029,"Oregon","Jackson County",3,82,1099,496,603
050,41,029,"Oregon","Jackson County",3,83,1026,441,585
050,41,029,"Oregon","Jackson County",3,84,890,393,497
050,41,029,"Oregon","Jackson County",3,85,5103,2040,3063
050,41,029,"Oregon","Jackson County",4,0,2138,1120,1018
050,41,029,"Oregon","Jackson County",4,1,2088,1043,1045
050,41,029,"Oregon","Jackson County",4,2,2177,1106,1071
050,41,029,"Oregon","Jackson County",4,3,2256,1185,1071
050,41,029,"Oregon","Jackson County",4,4,2314,1190,1124
050,41,029,"Oregon","Jackson County",4,5,2430,1240,1190
050,41,029,"Oregon","Jackson County",4,6,2518,1298,1220
050,41,029,"Oregon","Jackson County",4,7,2570,1392,1178
050,41,029,"Oregon","Jackson County",4,8,2559,1335,1224
050,41,029,"Oregon","Jackson County",4,9,2606,1326,1280
050,41,029,"Oregon","Jackson County",4,10,2590,1303,1287
050,41,029,"Oregon","Jackson County",4,11,2678,1332,1346
050,41,029,"Oregon","Jackson County",4,12,2715,1386,1329
050,41,029,"Oregon","Jackson County",4,13,2749,1425,1324
050,41,029,"Oregon","Jackson County",4,14,2854,1480,1374
050,41,029,"Oregon","Jackson County",4,15,2744,1425,1319
050,41,029,"Oregon","Jackson County",4,16,2651,1355,1296
050,41,029,"Oregon","Jackson County",4,17,2580,1288,1292
050,41,029,"Oregon","Jackson County",4,18,2506,1262,1244
050,41,029,"Oregon","Jackson County",4,19,2223,1134,1089
050,41,029,"Oregon","Jackson County",4,20,2091,1082,1009
050,41,029,"Oregon","Jackson County",4,21,2182,1117,1065
050,41,029,"Oregon","Jackson County",4,22,2348,1198,1150
050,41,029,"Oregon","Jackson County",4,23,2409,1208,1201
050,41,029,"Oregon","Jackson County",4,24,2368,1152,1216
050,41,029,"Oregon","Jackson County",4,25,2407,1189,1218
050,41,029,"Oregon","Jackson County",4,26,2526,1244,1282
050,41,029,"Oregon","Jackson County",4,27,2596,1300,1296
050,41,029,"Oregon","Jackson County",4,28,2599,1314,1285
050,41,029,"Oregon","Jackson County",4,29,2718,1401,1317
050,41,029,"Oregon","Jackson County",4,30,2789,1413,1376
050,41,029,"Oregon","Jackson County",4,31,2969,1477,1492
050,41,029,"Oregon","Jackson County",4,32,3103,1560,1543
050,41,029,"Oregon","Jackson County",4,33,2938,1488,1450
050,41,029,"Oregon","Jackson County",4,34,2756,1347,1409
050,41,029,"Oregon","Jackson County",4,35,2681,1290,1391
050,41,029,"Oregon","Jackson County",4,36,2809,1382,1427
050,41,029,"Oregon","Jackson County",4,37,2872,1402,1470
050,41,029,"Oregon","Jackson County",4,38,2843,1442,1401
050,41,029,"Oregon","Jackson County",4,39,2937,1481,1456
050,41,029,"Oregon","Jackson County",4,40,2943,1452,1491
050,41,029,"Oregon","Jackson County",4,41,2815,1385,1430
050,41,029,"Oregon","Jackson County",4,42,2816,1372,1444
050,41,029,"Oregon","Jackson County",4,43,2711,1340,1371
050,41,029,"Oregon","Jackson County",4,44,2671,1347,1324
050,41,029,"Oregon","Jackson County",4,45,2589,1261,1328
050,41,029,"Oregon","Jackson County",4,46,2459,1234,1225
050,41,029,"Oregon","Jackson County",4,47,2380,1173,1207
050,41,029,"Oregon","Jackson County",4,48,2370,1199,1171
050,41,029,"Oregon","Jackson County",4,49,2363,1180,1183
050,41,029,"Oregon","Jackson County",4,50,2474,1257,1217
050,41,029,"Oregon","Jackson County",4,51,2658,1333,1325
050,41,029,"Oregon","Jackson County",4,52,2624,1320,1304
050,41,029,"Oregon","Jackson County",4,53,2565,1295,1270
050,41,029,"Oregon","Jackson County",4,54,2453,1219,1234
050,41,029,"Oregon","Jackson County",4,55,2494,1244,1250
050,41,029,"Oregon","Jackson County",4,56,2531,1214,1317
050,41,029,"Oregon","Jackson County",4,57,2624,1254,1370
050,41,029,"Oregon","Jackson County",4,58,2721,1344,1377
050,41,029,"Oregon","Jackson County",4,59,2792,1336,1456
050,41,029,"Oregon","Jackson County",4,60,2898,1412,1486
050,41,029,"Oregon","Jackson County",4,61,3055,1461,1594
050,41,029,"Oregon","Jackson County",4,62,2992,1418,1574
050,41,029,"Oregon","Jackson County",4,63,3053,1412,1641
050,41,029,"Oregon","Jackson County",4,64,3101,1462,1639
050,41,029,"Oregon","Jackson County",4,65,3142,1476,1666
050,41,029,"Oregon","Jackson County",4,66,3144,1455,1689
050,41,029,"Oregon","Jackson County",4,67,3156,1475,1681
050,41,029,"Oregon","Jackson County",4,68,3281,1515,1766
050,41,029,"Oregon","Jackson County",4,69,3162,1437,1725
050,41,029,"Oregon","Jackson County",4,70,3081,1435,1646
050,41,029,"Oregon","Jackson County",4,71,2936,1413,1523
050,41,029,"Oregon","Jackson County",4,72,2854,1340,1514
050,41,029,"Oregon","Jackson County",4,73,2842,1332,1510
050,41,029,"Oregon","Jackson County",4,74,2692,1249,1443
050,41,029,"Oregon","Jackson County",4,75,2858,1360,1498
050,41,029,"Oregon","Jackson County",4,76,1996,914,1082
050,41,029,"Oregon","Jackson County",4,77,1968,909,1059
050,41,029,"Oregon","Jackson County",4,78,1820,819,1001
050,41,029,"Oregon","Jackson County",4,79,1803,816,987
050,41,029,"Oregon","Jackson County",4,80,1512,683,829
050,41,029,"Oregon","Jackson County",4,81,1333,614,719
050,41,029,"Oregon","Jackson County",4,82,1140,513,627
050,41,029,"Oregon","Jackson County",4,83,1005,447,558
050,41,029,"Oregon","Jackson County",4,84,941,393,548
050,41,029,"Oregon","Jackson County",4,85,4964,1983,2981
050,41,029,"Oregon","Jackson County",5,0,2078,1089,989
050,41,029,"Oregon","Jackson County",5,1,2149,1114,1035
050,41,029,"Oregon","Jackson County",5,2,2078,1039,1039
050,41,029,"Oregon","Jackson County",5,3,2152,1095,1057
050,41,029,"Oregon","Jackson County",5,4,2237,1156,1081
050,41,029,"Oregon","Jackson County",5,5,2326,1194,1132
050,41,029,"Oregon","Jackson County",5,6,2433,1236,1197
050,41,029,"Oregon","Jackson County",5,7,2505,1292,1213
050,41,029,"Oregon","Jackson County",5,8,2550,1366,1184
050,41,029,"Oregon","Jackson County",5,9,2543,1315,1228
050,41,029,"Oregon","Jackson County",5,10,2593,1312,1281
050,41,029,"Oregon","Jackson County",5,11,2563,1290,1273
050,41,029,"Oregon","Jackson County",5,12,2695,1330,1365
050,41,029,"Oregon","Jackson County",5,13,2692,1387,1305
050,41,029,"Oregon","Jackson County",5,14,2730,1415,1315
050,41,029,"Oregon","Jackson County",5,15,2818,1459,1359
050,41,029,"Oregon","Jackson County",5,16,2761,1453,1308
050,41,029,"Oregon","Jackson County",5,17,2659,1364,1295
050,41,029,"Oregon","Jackson County",5,18,2520,1249,1271
050,41,029,"Oregon","Jackson County",5,19,2252,1128,1124
050,41,029,"Oregon","Jackson County",5,20,2105,1088,1017
050,41,029,"Oregon","Jackson County",5,21,2096,1080,1016
050,41,029,"Oregon","Jackson County",5,22,2266,1136,1130
050,41,029,"Oregon","Jackson County",5,23,2420,1208,1212
050,41,029,"Oregon","Jackson County",5,24,2412,1231,1181
050,41,029,"Oregon","Jackson County",5,25,2408,1186,1222
050,41,029,"Oregon","Jackson County",5,26,2392,1190,1202
050,41,029,"Oregon","Jackson County",5,27,2532,1237,1295
050,41,029,"Oregon","Jackson County",5,28,2577,1282,1295
050,41,029,"Oregon","Jackson County",5,29,2577,1309,1268
050,41,029,"Oregon","Jackson County",5,30,2667,1375,1292
050,41,029,"Oregon","Jackson County",5,31,2841,1406,1435
050,41,029,"Oregon","Jackson County",5,32,2952,1485,1467
050,41,029,"Oregon","Jackson County",5,33,3065,1533,1532
050,41,029,"Oregon","Jackson County",5,34,2911,1492,1419
050,41,029,"Oregon","Jackson County",5,35,2743,1348,1395
050,41,029,"Oregon","Jackson County",5,36,2665,1289,1376
050,41,029,"Oregon","Jackson County",5,37,2808,1386,1422
050,41,029,"Oregon","Jackson County",5,38,2839,1403,1436
050,41,029,"Oregon","Jackson County",5,39,2871,1452,1419
050,41,029,"Oregon","Jackson County",5,40,2923,1483,1440
050,41,029,"Oregon","Jackson County",5,41,2936,1446,1490
050,41,029,"Oregon","Jackson County",5,42,2835,1387,1448
050,41,029,"Oregon","Jackson County",5,43,2812,1358,1454
050,41,029,"Oregon","Jackson County",5,44,2718,1352,1366
050,41,029,"Oregon","Jackson County",5,45,2664,1344,1320
050,41,029,"Oregon","Jackson County",5,46,2569,1242,1327
050,41,029,"Oregon","Jackson County",5,47,2414,1201,1213
050,41,029,"Oregon","Jackson County",5,48,2364,1169,1195
050,41,029,"Oregon","Jackson County",5,49,2356,1179,1177
050,41,029,"Oregon","Jackson County",5,50,2353,1183,1170
050,41,029,"Oregon","Jackson County",5,51,2438,1238,1200
050,41,029,"Oregon","Jackson County",5,52,2639,1324,1315
050,41,029,"Oregon","Jackson County",5,53,2634,1327,1307
050,41,029,"Oregon","Jackson County",5,54,2570,1288,1282
050,41,029,"Oregon","Jackson County",5,55,2445,1209,1236
050,41,029,"Oregon","Jackson County",5,56,2478,1235,1243
050,41,029,"Oregon","Jackson County",5,57,2506,1199,1307
050,41,029,"Oregon","Jackson County",5,58,2627,1252,1375
050,41,029,"Oregon","Jackson County",5,59,2714,1322,1392
050,41,029,"Oregon","Jackson County",5,60,2763,1328,1435
050,41,029,"Oregon","Jackson County",5,61,2856,1397,1459
050,41,029,"Oregon","Jackson County",5,62,3034,1445,1589
050,41,029,"Oregon","Jackson County",5,63,2959,1389,1570
050,41,029,"Oregon","Jackson County",5,64,3020,1387,1633
050,41,029,"Oregon","Jackson County",5,65,3072,1437,1635
050,41,029,"Oregon","Jackson County",5,66,3119,1471,1648
050,41,029,"Oregon","Jackson County",5,67,3110,1436,1674
050,41,029,"Oregon","Jackson County",5,68,3109,1455,1654
050,41,029,"Oregon","Jackson County",5,69,3245,1474,1771
050,41,029,"Oregon","Jackson County",5,70,3136,1414,1722
050,41,029,"Oregon","Jackson County",5,71,3049,1424,1625
050,41,029,"Oregon","Jackson County",5,72,2876,1380,1496
050,41,029,"Oregon","Jackson County",5,73,2806,1313,1493
050,41,029,"Oregon","Jackson County",5,74,2813,1317,1496
050,41,029,"Oregon","Jackson County",5,75,2595,1190,1405
050,41,029,"Oregon","Jackson County",5,76,2774,1303,1471
050,41,029,"Oregon","Jackson County",5,77,1940,874,1066
050,41,029,"Oregon","Jackson County",5,78,1884,860,1024
050,41,029,"Oregon","Jackson County",5,79,1762,782,980
050,41,029,"Oregon","Jackson County",5,80,1706,762,944
050,41,029,"Oregon","Jackson County",5,81,1431,645,786
050,41,029,"Oregon","Jackson County",5,82,1266,574,692
050,41,029,"Oregon","Jackson County",5,83,1069,483,586
050,41,029,"Oregon","Jackson County",5,84,931,407,524
050,41,029,"Oregon","Jackson County",5,85,4967,1986,2981
050,41,031,"Oregon","Jefferson County",1,0,301,152,149
050,41,031,"Oregon","Jefferson County",1,1,305,151,154
050,41,031,"Oregon","Jefferson County",1,2,268,145,123
050,41,031,"Oregon","Jefferson County",1,3,306,167,139
050,41,031,"Oregon","Jefferson County",1,4,329,164,165
050,41,031,"Oregon","Jefferson County",1,5,337,178,159
050,41,031,"Oregon","Jefferson County",1,6,298,165,133
050,41,031,"Oregon","Jefferson County",1,7,299,165,134
050,41,031,"Oregon","Jefferson County",1,8,342,187,155
050,41,031,"Oregon","Jefferson County",1,9,352,179,173
050,41,031,"Oregon","Jefferson County",1,10,324,172,152
050,41,031,"Oregon","Jefferson County",1,11,332,180,152
050,41,031,"Oregon","Jefferson County",1,12,322,163,159
050,41,031,"Oregon","Jefferson County",1,13,334,177,157
050,41,031,"Oregon","Jefferson County",1,14,352,175,177
050,41,031,"Oregon","Jefferson County",1,15,307,161,146
050,41,031,"Oregon","Jefferson County",1,16,293,142,151
050,41,031,"Oregon","Jefferson County",1,17,306,158,148
050,41,031,"Oregon","Jefferson County",1,18,267,141,126
050,41,031,"Oregon","Jefferson County",1,19,240,124,116
050,41,031,"Oregon","Jefferson County",1,20,252,127,125
050,41,031,"Oregon","Jefferson County",1,21,248,133,115
050,41,031,"Oregon","Jefferson County",1,22,280,143,137
050,41,031,"Oregon","Jefferson County",1,23,285,166,119
050,41,031,"Oregon","Jefferson County",1,24,282,168,114
050,41,031,"Oregon","Jefferson County",1,25,291,174,117
050,41,031,"Oregon","Jefferson County",1,26,296,168,128
050,41,031,"Oregon","Jefferson County",1,27,311,182,129
050,41,031,"Oregon","Jefferson County",1,28,330,172,158
050,41,031,"Oregon","Jefferson County",1,29,364,199,165
050,41,031,"Oregon","Jefferson County",1,30,342,186,156
050,41,031,"Oregon","Jefferson County",1,31,306,170,136
050,41,031,"Oregon","Jefferson County",1,32,291,154,137
050,41,031,"Oregon","Jefferson County",1,33,314,174,140
050,41,031,"Oregon","Jefferson County",1,34,317,169,148
050,41,031,"Oregon","Jefferson County",1,35,288,152,136
050,41,031,"Oregon","Jefferson County",1,36,315,175,140
050,41,031,"Oregon","Jefferson County",1,37,299,167,132
050,41,031,"Oregon","Jefferson County",1,38,300,174,126
050,41,031,"Oregon","Jefferson County",1,39,299,178,121
050,41,031,"Oregon","Jefferson County",1,40,266,142,124
050,41,031,"Oregon","Jefferson County",1,41,265,137,128
050,41,031,"Oregon","Jefferson County",1,42,254,137,117
050,41,031,"Oregon","Jefferson County",1,43,274,153,121
050,41,031,"Oregon","Jefferson County",1,44,271,151,120
050,41,031,"Oregon","Jefferson County",1,45,264,141,123
050,41,031,"Oregon","Jefferson County",1,46,263,132,131
050,41,031,"Oregon","Jefferson County",1,47,277,139,138
050,41,031,"Oregon","Jefferson County",1,48,305,165,140
050,41,031,"Oregon","Jefferson County",1,49,313,174,139
050,41,031,"Oregon","Jefferson County",1,50,293,161,132
050,41,031,"Oregon","Jefferson County",1,51,275,148,127
050,41,031,"Oregon","Jefferson County",1,52,254,137,117
050,41,031,"Oregon","Jefferson County",1,53,300,154,146
050,41,031,"Oregon","Jefferson County",1,54,311,158,153
050,41,031,"Oregon","Jefferson County",1,55,318,168,150
050,41,031,"Oregon","Jefferson County",1,56,307,160,147
050,41,031,"Oregon","Jefferson County",1,57,334,165,169
050,41,031,"Oregon","Jefferson County",1,58,340,172,168
050,41,031,"Oregon","Jefferson County",1,59,341,172,169
050,41,031,"Oregon","Jefferson County",1,60,324,171,153
050,41,031,"Oregon","Jefferson County",1,61,339,165,174
050,41,031,"Oregon","Jefferson County",1,62,365,186,179
050,41,031,"Oregon","Jefferson County",1,63,339,166,173
050,41,031,"Oregon","Jefferson County",1,64,330,154,176
050,41,031,"Oregon","Jefferson County",1,65,344,178,166
050,41,031,"Oregon","Jefferson County",1,66,331,172,159
050,41,031,"Oregon","Jefferson County",1,67,319,167,152
050,41,031,"Oregon","Jefferson County",1,68,313,154,159
050,41,031,"Oregon","Jefferson County",1,69,288,134,154
050,41,031,"Oregon","Jefferson County",1,70,290,146,144
050,41,031,"Oregon","Jefferson County",1,71,305,157,148
050,41,031,"Oregon","Jefferson County",1,72,298,154,144
050,41,031,"Oregon","Jefferson County",1,73,284,144,140
050,41,031,"Oregon","Jefferson County",1,74,205,107,98
050,41,031,"Oregon","Jefferson County",1,75,200,104,96
050,41,031,"Oregon","Jefferson County",1,76,201,104,97
050,41,031,"Oregon","Jefferson County",1,77,187,94,93
050,41,031,"Oregon","Jefferson County",1,78,166,81,85
050,41,031,"Oregon","Jefferson County",1,79,156,68,88
050,41,031,"Oregon","Jefferson County",1,80,144,71,73
050,41,031,"Oregon","Jefferson County",1,81,119,59,60
050,41,031,"Oregon","Jefferson County",1,82,101,51,50
050,41,031,"Oregon","Jefferson County",1,83,92,47,45
050,41,031,"Oregon","Jefferson County",1,84,84,37,47
050,41,031,"Oregon","Jefferson County",1,85,335,147,188
050,41,031,"Oregon","Jefferson County",2,0,312,157,155
050,41,031,"Oregon","Jefferson County",2,1,305,151,154
050,41,031,"Oregon","Jefferson County",2,2,280,146,134
050,41,031,"Oregon","Jefferson County",2,3,295,161,134
050,41,031,"Oregon","Jefferson County",2,4,324,167,157
050,41,031,"Oregon","Jefferson County",2,5,331,173,158
050,41,031,"Oregon","Jefferson County",2,6,308,168,140
050,41,031,"Oregon","Jefferson County",2,7,298,165,133
050,41,031,"Oregon","Jefferson County",2,8,330,181,149
050,41,031,"Oregon","Jefferson County",2,9,351,183,168
050,41,031,"Oregon","Jefferson County",2,10,332,173,159
050,41,031,"Oregon","Jefferson County",2,11,326,175,151
050,41,031,"Oregon","Jefferson County",2,12,327,168,159
050,41,031,"Oregon","Jefferson County",2,13,329,171,158
050,41,031,"Oregon","Jefferson County",2,14,347,176,171
050,41,031,"Oregon","Jefferson County",2,15,316,163,153
050,41,031,"Oregon","Jefferson County",2,16,299,148,151
050,41,031,"Oregon","Jefferson County",2,17,303,154,149
050,41,031,"Oregon","Jefferson County",2,18,267,143,124
050,41,031,"Oregon","Jefferson County",2,19,241,125,116
050,41,031,"Oregon","Jefferson County",2,20,256,130,126
050,41,031,"Oregon","Jefferson County",2,21,248,130,118
050,41,031,"Oregon","Jefferson County",2,22,279,145,134
050,41,031,"Oregon","Jefferson County",2,23,285,161,124
050,41,031,"Oregon","Jefferson County",2,24,287,170,117
050,41,031,"Oregon","Jefferson County",2,25,299,179,120
050,41,031,"Oregon","Jefferson County",2,26,293,168,125
050,41,031,"Oregon","Jefferson County",2,27,308,177,131
050,41,031,"Oregon","Jefferson County",2,28,330,176,154
050,41,031,"Oregon","Jefferson County",2,29,360,196,164
050,41,031,"Oregon","Jefferson County",2,30,348,189,159
050,41,031,"Oregon","Jefferson County",2,31,310,171,139
050,41,031,"Oregon","Jefferson County",2,32,294,157,137
050,41,031,"Oregon","Jefferson County",2,33,306,169,137
050,41,031,"Oregon","Jefferson County",2,34,317,173,144
050,41,031,"Oregon","Jefferson County",2,35,301,160,141
050,41,031,"Oregon","Jefferson County",2,36,309,170,139
050,41,031,"Oregon","Jefferson County",2,37,302,168,134
050,41,031,"Oregon","Jefferson County",2,38,301,170,131
050,41,031,"Oregon","Jefferson County",2,39,300,179,121
050,41,031,"Oregon","Jefferson County",2,40,276,151,125
050,41,031,"Oregon","Jefferson County",2,41,265,139,126
050,41,031,"Oregon","Jefferson County",2,42,261,140,121
050,41,031,"Oregon","Jefferson County",2,43,269,148,121
050,41,031,"Oregon","Jefferson County",2,44,269,150,119
050,41,031,"Oregon","Jefferson County",2,45,266,143,123
050,41,031,"Oregon","Jefferson County",2,46,263,135,128
050,41,031,"Oregon","Jefferson County",2,47,276,138,138
050,41,031,"Oregon","Jefferson County",2,48,297,159,138
050,41,031,"Oregon","Jefferson County",2,49,315,175,140
050,41,031,"Oregon","Jefferson County",2,50,294,161,133
050,41,031,"Oregon","Jefferson County",2,51,281,152,129
050,41,031,"Oregon","Jefferson County",2,52,257,136,121
050,41,031,"Oregon","Jefferson County",2,53,290,151,139
050,41,031,"Oregon","Jefferson County",2,54,309,157,152
050,41,031,"Oregon","Jefferson County",2,55,319,169,150
050,41,031,"Oregon","Jefferson County",2,56,310,161,149
050,41,031,"Oregon","Jefferson County",2,57,329,166,163
050,41,031,"Oregon","Jefferson County",2,58,337,169,168
050,41,031,"Oregon","Jefferson County",2,59,349,178,171
050,41,031,"Oregon","Jefferson County",2,60,331,173,158
050,41,031,"Oregon","Jefferson County",2,61,337,166,171
050,41,031,"Oregon","Jefferson County",2,62,360,182,178
050,41,031,"Oregon","Jefferson County",2,63,344,168,176
050,41,031,"Oregon","Jefferson County",2,64,329,156,173
050,41,031,"Oregon","Jefferson County",2,65,343,174,169
050,41,031,"Oregon","Jefferson County",2,66,333,173,160
050,41,031,"Oregon","Jefferson County",2,67,321,168,153
050,41,031,"Oregon","Jefferson County",2,68,311,156,155
050,41,031,"Oregon","Jefferson County",2,69,296,142,154
050,41,031,"Oregon","Jefferson County",2,70,290,144,146
050,41,031,"Oregon","Jefferson County",2,71,301,153,148
050,41,031,"Oregon","Jefferson County",2,72,293,151,142
050,41,031,"Oregon","Jefferson County",2,73,301,154,147
050,41,031,"Oregon","Jefferson County",2,74,209,108,101
050,41,031,"Oregon","Jefferson County",2,75,201,106,95
050,41,031,"Oregon","Jefferson County",2,76,195,99,96
050,41,031,"Oregon","Jefferson County",2,77,190,96,94
050,41,031,"Oregon","Jefferson County",2,78,167,82,85
050,41,031,"Oregon","Jefferson County",2,79,156,71,85
050,41,031,"Oregon","Jefferson County",2,80,145,68,77
050,41,031,"Oregon","Jefferson County",2,81,122,59,63
050,41,031,"Oregon","Jefferson County",2,82,104,53,51
050,41,031,"Oregon","Jefferson County",2,83,94,47,47
050,41,031,"Oregon","Jefferson County",2,84,86,39,47
050,41,031,"Oregon","Jefferson County",2,85,336,147,189
050,41,031,"Oregon","Jefferson County",3,0,254,123,131
050,41,031,"Oregon","Jefferson County",3,1,323,169,154
050,41,031,"Oregon","Jefferson County",3,2,318,160,158
050,41,031,"Oregon","Jefferson County",3,3,266,132,134
050,41,031,"Oregon","Jefferson County",3,4,290,166,124
050,41,031,"Oregon","Jefferson County",3,5,324,171,153
050,41,031,"Oregon","Jefferson County",3,6,350,177,173
050,41,031,"Oregon","Jefferson County",3,7,328,181,147
050,41,031,"Oregon","Jefferson County",3,8,298,161,137
050,41,031,"Oregon","Jefferson County",3,9,339,188,151
050,41,031,"Oregon","Jefferson County",3,10,360,192,168
050,41,031,"Oregon","Jefferson County",3,11,335,173,162
050,41,031,"Oregon","Jefferson County",3,12,337,183,154
050,41,031,"Oregon","Jefferson County",3,13,335,168,167
050,41,031,"Oregon","Jefferson County",3,14,329,169,160
050,41,031,"Oregon","Jefferson County",3,15,354,177,177
050,41,031,"Oregon","Jefferson County",3,16,317,159,158
050,41,031,"Oregon","Jefferson County",3,17,323,161,162
050,41,031,"Oregon","Jefferson County",3,18,273,139,134
050,41,031,"Oregon","Jefferson County",3,19,244,130,114
050,41,031,"Oregon","Jefferson County",3,20,262,137,125
050,41,031,"Oregon","Jefferson County",3,21,279,142,137
050,41,031,"Oregon","Jefferson County",3,22,260,142,118
050,41,031,"Oregon","Jefferson County",3,23,281,146,135
050,41,031,"Oregon","Jefferson County",3,24,294,160,134
050,41,031,"Oregon","Jefferson County",3,25,315,191,124
050,41,031,"Oregon","Jefferson County",3,26,284,161,123
050,41,031,"Oregon","Jefferson County",3,27,287,163,124
050,41,031,"Oregon","Jefferson County",3,28,332,191,141
050,41,031,"Oregon","Jefferson County",3,29,341,180,161
050,41,031,"Oregon","Jefferson County",3,30,363,199,164
050,41,031,"Oregon","Jefferson County",3,31,361,189,172
050,41,031,"Oregon","Jefferson County",3,32,315,175,140
050,41,031,"Oregon","Jefferson County",3,33,309,162,147
050,41,031,"Oregon","Jefferson County",3,34,338,190,148
050,41,031,"Oregon","Jefferson County",3,35,336,181,155
050,41,031,"Oregon","Jefferson County",3,36,313,171,142
050,41,031,"Oregon","Jefferson County",3,37,315,174,141
050,41,031,"Oregon","Jefferson County",3,38,285,149,136
050,41,031,"Oregon","Jefferson County",3,39,326,184,142
050,41,031,"Oregon","Jefferson County",3,40,294,167,127
050,41,031,"Oregon","Jefferson County",3,41,280,156,124
050,41,031,"Oregon","Jefferson County",3,42,285,152,133
050,41,031,"Oregon","Jefferson County",3,43,265,133,132
050,41,031,"Oregon","Jefferson County",3,44,274,152,122
050,41,031,"Oregon","Jefferson County",3,45,280,162,118
050,41,031,"Oregon","Jefferson County",3,46,272,150,122
050,41,031,"Oregon","Jefferson County",3,47,256,135,121
050,41,031,"Oregon","Jefferson County",3,48,272,137,135
050,41,031,"Oregon","Jefferson County",3,49,307,169,138
050,41,031,"Oregon","Jefferson County",3,50,313,163,150
050,41,031,"Oregon","Jefferson County",3,51,310,169,141
050,41,031,"Oregon","Jefferson County",3,52,269,137,132
050,41,031,"Oregon","Jefferson County",3,53,270,139,131
050,41,031,"Oregon","Jefferson County",3,54,291,157,134
050,41,031,"Oregon","Jefferson County",3,55,322,167,155
050,41,031,"Oregon","Jefferson County",3,56,337,180,157
050,41,031,"Oregon","Jefferson County",3,57,305,153,152
050,41,031,"Oregon","Jefferson County",3,58,319,157,162
050,41,031,"Oregon","Jefferson County",3,59,354,179,175
050,41,031,"Oregon","Jefferson County",3,60,345,170,175
050,41,031,"Oregon","Jefferson County",3,61,342,181,161
050,41,031,"Oregon","Jefferson County",3,62,355,177,178
050,41,031,"Oregon","Jefferson County",3,63,369,183,186
050,41,031,"Oregon","Jefferson County",3,64,355,176,179
050,41,031,"Oregon","Jefferson County",3,65,335,155,180
050,41,031,"Oregon","Jefferson County",3,66,343,172,171
050,41,031,"Oregon","Jefferson County",3,67,342,180,162
050,41,031,"Oregon","Jefferson County",3,68,308,158,150
050,41,031,"Oregon","Jefferson County",3,69,308,154,154
050,41,031,"Oregon","Jefferson County",3,70,286,139,147
050,41,031,"Oregon","Jefferson County",3,71,289,142,147
050,41,031,"Oregon","Jefferson County",3,72,303,153,150
050,41,031,"Oregon","Jefferson County",3,73,285,150,135
050,41,031,"Oregon","Jefferson County",3,74,299,155,144
050,41,031,"Oregon","Jefferson County",3,75,206,105,101
050,41,031,"Oregon","Jefferson County",3,76,194,100,94
050,41,031,"Oregon","Jefferson County",3,77,185,91,94
050,41,031,"Oregon","Jefferson County",3,78,189,95,94
050,41,031,"Oregon","Jefferson County",3,79,163,80,83
050,41,031,"Oregon","Jefferson County",3,80,147,65,82
050,41,031,"Oregon","Jefferson County",3,81,142,69,73
050,41,031,"Oregon","Jefferson County",3,82,113,56,57
050,41,031,"Oregon","Jefferson County",3,83,94,45,49
050,41,031,"Oregon","Jefferson County",3,84,88,43,45
050,41,031,"Oregon","Jefferson County",3,85,352,149,203
050,41,031,"Oregon","Jefferson County",4,0,276,140,136
050,41,031,"Oregon","Jefferson County",4,1,277,143,134
050,41,031,"Oregon","Jefferson County",4,2,323,170,153
050,41,031,"Oregon","Jefferson County",4,3,320,157,163
050,41,031,"Oregon","Jefferson County",4,4,273,131,142
050,41,031,"Oregon","Jefferson County",4,5,290,166,124
050,41,031,"Oregon","Jefferson County",4,6,313,159,154
050,41,031,"Oregon","Jefferson County",4,7,357,187,170
050,41,031,"Oregon","Jefferson County",4,8,332,187,145
050,41,031,"Oregon","Jefferson County",4,9,299,158,141
050,41,031,"Oregon","Jefferson County",4,10,351,185,166
050,41,031,"Oregon","Jefferson County",4,11,352,184,168
050,41,031,"Oregon","Jefferson County",4,12,331,171,160
050,41,031,"Oregon","Jefferson County",4,13,333,186,147
050,41,031,"Oregon","Jefferson County",4,14,332,167,165
050,41,031,"Oregon","Jefferson County",4,15,326,173,153
050,41,031,"Oregon","Jefferson County",4,16,345,171,174
050,41,031,"Oregon","Jefferson County",4,17,309,154,155
050,41,031,"Oregon","Jefferson County",4,18,288,150,138
050,41,031,"Oregon","Jefferson County",4,19,246,135,111
050,41,031,"Oregon","Jefferson County",4,20,246,128,118
050,41,031,"Oregon","Jefferson County",4,21,256,135,121
050,41,031,"Oregon","Jefferson County",4,22,292,158,134
050,41,031,"Oregon","Jefferson County",4,23,275,145,130
050,41,031,"Oregon","Jefferson County",4,24,294,160,134
050,41,031,"Oregon","Jefferson County",4,25,330,192,138
050,41,031,"Oregon","Jefferson County",4,26,322,190,132
050,41,031,"Oregon","Jefferson County",4,27,294,160,134
050,41,031,"Oregon","Jefferson County",4,28,304,173,131
050,41,031,"Oregon","Jefferson County",4,29,335,202,133
050,41,031,"Oregon","Jefferson County",4,30,353,190,163
050,41,031,"Oregon","Jefferson County",4,31,365,196,169
050,41,031,"Oregon","Jefferson County",4,32,368,195,173
050,41,031,"Oregon","Jefferson County",4,33,315,176,139
050,41,031,"Oregon","Jefferson County",4,34,313,169,144
050,41,031,"Oregon","Jefferson County",4,35,350,194,156
050,41,031,"Oregon","Jefferson County",4,36,344,187,157
050,41,031,"Oregon","Jefferson County",4,37,327,171,156
050,41,031,"Oregon","Jefferson County",4,38,315,163,152
050,41,031,"Oregon","Jefferson County",4,39,298,167,131
050,41,031,"Oregon","Jefferson County",4,40,324,184,140
050,41,031,"Oregon","Jefferson County",4,41,303,169,134
050,41,031,"Oregon","Jefferson County",4,42,300,174,126
050,41,031,"Oregon","Jefferson County",4,43,265,135,130
050,41,031,"Oregon","Jefferson County",4,44,266,133,133
050,41,031,"Oregon","Jefferson County",4,45,281,156,125
050,41,031,"Oregon","Jefferson County",4,46,273,155,118
050,41,031,"Oregon","Jefferson County",4,47,261,144,117
050,41,031,"Oregon","Jefferson County",4,48,263,142,121
050,41,031,"Oregon","Jefferson County",4,49,292,151,141
050,41,031,"Oregon","Jefferson County",4,50,297,158,139
050,41,031,"Oregon","Jefferson County",4,51,323,167,156
050,41,031,"Oregon","Jefferson County",4,52,306,165,141
050,41,031,"Oregon","Jefferson County",4,53,276,138,138
050,41,031,"Oregon","Jefferson County",4,54,275,145,130
050,41,031,"Oregon","Jefferson County",4,55,309,169,140
050,41,031,"Oregon","Jefferson County",4,56,319,155,164
050,41,031,"Oregon","Jefferson County",4,57,322,170,152
050,41,031,"Oregon","Jefferson County",4,58,301,150,151
050,41,031,"Oregon","Jefferson County",4,59,338,170,168
050,41,031,"Oregon","Jefferson County",4,60,360,174,186
050,41,031,"Oregon","Jefferson County",4,61,344,166,178
050,41,031,"Oregon","Jefferson County",4,62,351,181,170
050,41,031,"Oregon","Jefferson County",4,63,352,181,171
050,41,031,"Oregon","Jefferson County",4,64,356,173,183
050,41,031,"Oregon","Jefferson County",4,65,356,182,174
050,41,031,"Oregon","Jefferson County",4,66,332,155,177
050,41,031,"Oregon","Jefferson County",4,67,347,176,171
050,41,031,"Oregon","Jefferson County",4,68,344,189,155
050,41,031,"Oregon","Jefferson County",4,69,299,153,146
050,41,031,"Oregon","Jefferson County",4,70,311,157,154
050,41,031,"Oregon","Jefferson County",4,71,281,136,145
050,41,031,"Oregon","Jefferson County",4,72,277,135,142
050,41,031,"Oregon","Jefferson County",4,73,292,143,149
050,41,031,"Oregon","Jefferson County",4,74,268,141,127
050,41,031,"Oregon","Jefferson County",4,75,290,150,140
050,41,031,"Oregon","Jefferson County",4,76,200,99,101
050,41,031,"Oregon","Jefferson County",4,77,178,86,92
050,41,031,"Oregon","Jefferson County",4,78,177,91,86
050,41,031,"Oregon","Jefferson County",4,79,172,84,88
050,41,031,"Oregon","Jefferson County",4,80,157,73,84
050,41,031,"Oregon","Jefferson County",4,81,132,57,75
050,41,031,"Oregon","Jefferson County",4,82,136,66,70
050,41,031,"Oregon","Jefferson County",4,83,106,53,53
050,41,031,"Oregon","Jefferson County",4,84,96,48,48
050,41,031,"Oregon","Jefferson County",4,85,347,151,196
050,41,031,"Oregon","Jefferson County",5,0,260,134,126
050,41,031,"Oregon","Jefferson County",5,1,273,137,136
050,41,031,"Oregon","Jefferson County",5,2,284,146,138
050,41,031,"Oregon","Jefferson County",5,3,326,164,162
050,41,031,"Oregon","Jefferson County",5,4,316,154,162
050,41,031,"Oregon","Jefferson County",5,5,268,137,131
050,41,031,"Oregon","Jefferson County",5,6,293,162,131
050,41,031,"Oregon","Jefferson County",5,7,310,153,157
050,41,031,"Oregon","Jefferson County",5,8,364,184,180
050,41,031,"Oregon","Jefferson County",5,9,310,176,134
050,41,031,"Oregon","Jefferson County",5,10,297,162,135
050,41,031,"Oregon","Jefferson County",5,11,324,169,155
050,41,031,"Oregon","Jefferson County",5,12,342,180,162
050,41,031,"Oregon","Jefferson County",5,13,331,174,157
050,41,031,"Oregon","Jefferson County",5,14,332,186,146
050,41,031,"Oregon","Jefferson County",5,15,340,170,170
050,41,031,"Oregon","Jefferson County",5,16,320,165,155
050,41,031,"Oregon","Jefferson County",5,17,352,178,174
050,41,031,"Oregon","Jefferson County",5,18,281,148,133
050,41,031,"Oregon","Jefferson County",5,19,253,141,112
050,41,031,"Oregon","Jefferson County",5,20,260,144,116
050,41,031,"Oregon","Jefferson County",5,21,252,134,118
050,41,031,"Oregon","Jefferson County",5,22,280,153,127
050,41,031,"Oregon","Jefferson County",5,23,294,148,146
050,41,031,"Oregon","Jefferson County",5,24,287,158,129
050,41,031,"Oregon","Jefferson County",5,25,320,186,134
050,41,031,"Oregon","Jefferson County",5,26,325,178,147
050,41,031,"Oregon","Jefferson County",5,27,318,190,128
050,41,031,"Oregon","Jefferson County",5,28,307,163,144
050,41,031,"Oregon","Jefferson County",5,29,322,191,131
050,41,031,"Oregon","Jefferson County",5,30,330,196,134
050,41,031,"Oregon","Jefferson County",5,31,353,184,169
050,41,031,"Oregon","Jefferson County",5,32,380,212,168
050,41,031,"Oregon","Jefferson County",5,33,372,194,178
050,41,031,"Oregon","Jefferson County",5,34,311,166,145
050,41,031,"Oregon","Jefferson County",5,35,329,179,150
050,41,031,"Oregon","Jefferson County",5,36,364,208,156
050,41,031,"Oregon","Jefferson County",5,37,344,188,156
050,41,031,"Oregon","Jefferson County",5,38,316,167,149
050,41,031,"Oregon","Jefferson County",5,39,313,164,149
050,41,031,"Oregon","Jefferson County",5,40,288,164,124
050,41,031,"Oregon","Jefferson County",5,41,326,184,142
050,41,031,"Oregon","Jefferson County",5,42,320,180,140
050,41,031,"Oregon","Jefferson County",5,43,295,165,130
050,41,031,"Oregon","Jefferson County",5,44,275,140,135
050,41,031,"Oregon","Jefferson County",5,45,267,129,138
050,41,031,"Oregon","Jefferson County",5,46,288,159,129
050,41,031,"Oregon","Jefferson County",5,47,272,150,122
050,41,031,"Oregon","Jefferson County",5,48,274,152,122
050,41,031,"Oregon","Jefferson County",5,49,272,148,124
050,41,031,"Oregon","Jefferson County",5,50,284,139,145
050,41,031,"Oregon","Jefferson County",5,51,304,161,143
050,41,031,"Oregon","Jefferson County",5,52,310,156,154
050,41,031,"Oregon","Jefferson County",5,53,308,167,141
050,41,031,"Oregon","Jefferson County",5,54,282,141,141
050,41,031,"Oregon","Jefferson County",5,55,273,150,123
050,41,031,"Oregon","Jefferson County",5,56,310,168,142
050,41,031,"Oregon","Jefferson County",5,57,319,160,159
050,41,031,"Oregon","Jefferson County",5,58,310,163,147
050,41,031,"Oregon","Jefferson County",5,59,309,153,156
050,41,031,"Oregon","Jefferson County",5,60,347,170,177
050,41,031,"Oregon","Jefferson County",5,61,377,183,194
050,41,031,"Oregon","Jefferson County",5,62,359,173,186
050,41,031,"Oregon","Jefferson County",5,63,335,167,168
050,41,031,"Oregon","Jefferson County",5,64,361,180,181
050,41,031,"Oregon","Jefferson County",5,65,353,175,178
050,41,031,"Oregon","Jefferson County",5,66,350,179,171
050,41,031,"Oregon","Jefferson County",5,67,325,152,173
050,41,031,"Oregon","Jefferson County",5,68,344,176,168
050,41,031,"Oregon","Jefferson County",5,69,343,191,152
050,41,031,"Oregon","Jefferson County",5,70,303,157,146
050,41,031,"Oregon","Jefferson County",5,71,313,157,156
050,41,031,"Oregon","Jefferson County",5,72,270,131,139
050,41,031,"Oregon","Jefferson County",5,73,271,133,138
050,41,031,"Oregon","Jefferson County",5,74,287,142,145
050,41,031,"Oregon","Jefferson County",5,75,255,133,122
050,41,031,"Oregon","Jefferson County",5,76,292,149,143
050,41,031,"Oregon","Jefferson County",5,77,188,91,97
050,41,031,"Oregon","Jefferson County",5,78,168,81,87
050,41,031,"Oregon","Jefferson County",5,79,162,80,82
050,41,031,"Oregon","Jefferson County",5,80,160,79,81
050,41,031,"Oregon","Jefferson County",5,81,136,66,70
050,41,031,"Oregon","Jefferson County",5,82,118,54,64
050,41,031,"Oregon","Jefferson County",5,83,128,63,65
050,41,031,"Oregon","Jefferson County",5,84,104,55,49
050,41,031,"Oregon","Jefferson County",5,85,366,161,205
050,41,033,"Oregon","Josephine County",1,0,792,402,390
050,41,033,"Oregon","Josephine County",1,1,799,387,412
050,41,033,"Oregon","Josephine County",1,2,868,434,434
050,41,033,"Oregon","Josephine County",1,3,887,472,415
050,41,033,"Oregon","Josephine County",1,4,894,442,452
050,41,033,"Oregon","Josephine County",1,5,977,481,496
050,41,033,"Oregon","Josephine County",1,6,917,434,483
050,41,033,"Oregon","Josephine County",1,7,940,481,459
050,41,033,"Oregon","Josephine County",1,8,933,498,435
050,41,033,"Oregon","Josephine County",1,9,963,500,463
050,41,033,"Oregon","Josephine County",1,10,1003,504,499
050,41,033,"Oregon","Josephine County",1,11,1015,501,514
050,41,033,"Oregon","Josephine County",1,12,1069,542,527
050,41,033,"Oregon","Josephine County",1,13,1043,539,504
050,41,033,"Oregon","Josephine County",1,14,1007,509,498
050,41,033,"Oregon","Josephine County",1,15,1007,522,485
050,41,033,"Oregon","Josephine County",1,16,1007,529,478
050,41,033,"Oregon","Josephine County",1,17,957,472,485
050,41,033,"Oregon","Josephine County",1,18,806,433,373
050,41,033,"Oregon","Josephine County",1,19,678,365,313
050,41,033,"Oregon","Josephine County",1,20,743,394,349
050,41,033,"Oregon","Josephine County",1,21,747,392,355
050,41,033,"Oregon","Josephine County",1,22,763,379,384
050,41,033,"Oregon","Josephine County",1,23,850,442,408
050,41,033,"Oregon","Josephine County",1,24,891,461,430
050,41,033,"Oregon","Josephine County",1,25,891,463,428
050,41,033,"Oregon","Josephine County",1,26,908,482,426
050,41,033,"Oregon","Josephine County",1,27,981,491,490
050,41,033,"Oregon","Josephine County",1,28,985,508,477
050,41,033,"Oregon","Josephine County",1,29,1048,535,513
050,41,033,"Oregon","Josephine County",1,30,1025,494,531
050,41,033,"Oregon","Josephine County",1,31,973,484,489
050,41,033,"Oregon","Josephine County",1,32,999,500,499
050,41,033,"Oregon","Josephine County",1,33,916,475,441
050,41,033,"Oregon","Josephine County",1,34,963,482,481
050,41,033,"Oregon","Josephine County",1,35,977,511,466
050,41,033,"Oregon","Josephine County",1,36,959,518,441
050,41,033,"Oregon","Josephine County",1,37,952,474,478
050,41,033,"Oregon","Josephine County",1,38,975,470,505
050,41,033,"Oregon","Josephine County",1,39,960,487,473
050,41,033,"Oregon","Josephine County",1,40,985,480,505
050,41,033,"Oregon","Josephine County",1,41,978,490,488
050,41,033,"Oregon","Josephine County",1,42,954,453,501
050,41,033,"Oregon","Josephine County",1,43,929,452,477
050,41,033,"Oregon","Josephine County",1,44,917,472,445
050,41,033,"Oregon","Josephine County",1,45,882,439,443
050,41,033,"Oregon","Josephine County",1,46,848,436,412
050,41,033,"Oregon","Josephine County",1,47,894,451,443
050,41,033,"Oregon","Josephine County",1,48,1002,509,493
050,41,033,"Oregon","Josephine County",1,49,1045,513,532
050,41,033,"Oregon","Josephine County",1,50,1025,504,521
050,41,033,"Oregon","Josephine County",1,51,999,492,507
050,41,033,"Oregon","Josephine County",1,52,974,464,510
050,41,033,"Oregon","Josephine County",1,53,990,474,516
050,41,033,"Oregon","Josephine County",1,54,1066,515,551
050,41,033,"Oregon","Josephine County",1,55,1113,557,556
050,41,033,"Oregon","Josephine County",1,56,1143,550,593
050,41,033,"Oregon","Josephine County",1,57,1236,568,668
050,41,033,"Oregon","Josephine County",1,58,1347,616,731
050,41,033,"Oregon","Josephine County",1,59,1359,659,700
050,41,033,"Oregon","Josephine County",1,60,1411,663,748
050,41,033,"Oregon","Josephine County",1,61,1423,664,759
050,41,033,"Oregon","Josephine County",1,62,1450,671,779
050,41,033,"Oregon","Josephine County",1,63,1352,641,711
050,41,033,"Oregon","Josephine County",1,64,1404,648,756
050,41,033,"Oregon","Josephine County",1,65,1464,684,780
050,41,033,"Oregon","Josephine County",1,66,1451,692,759
050,41,033,"Oregon","Josephine County",1,67,1481,674,807
050,41,033,"Oregon","Josephine County",1,68,1422,661,761
050,41,033,"Oregon","Josephine County",1,69,1345,615,730
050,41,033,"Oregon","Josephine County",1,70,1399,672,727
050,41,033,"Oregon","Josephine County",1,71,1359,647,712
050,41,033,"Oregon","Josephine County",1,72,1360,661,699
050,41,033,"Oregon","Josephine County",1,73,1396,678,718
050,41,033,"Oregon","Josephine County",1,74,992,453,539
050,41,033,"Oregon","Josephine County",1,75,995,468,527
050,41,033,"Oregon","Josephine County",1,76,1004,465,539
050,41,033,"Oregon","Josephine County",1,77,942,446,496
050,41,033,"Oregon","Josephine County",1,78,757,367,390
050,41,033,"Oregon","Josephine County",1,79,698,326,372
050,41,033,"Oregon","Josephine County",1,80,636,302,334
050,41,033,"Oregon","Josephine County",1,81,591,267,324
050,41,033,"Oregon","Josephine County",1,82,557,250,307
050,41,033,"Oregon","Josephine County",1,83,502,226,276
050,41,033,"Oregon","Josephine County",1,84,424,199,225
050,41,033,"Oregon","Josephine County",1,85,2519,1015,1504
050,41,033,"Oregon","Josephine County",2,0,792,395,397
050,41,033,"Oregon","Josephine County",2,1,796,389,407
050,41,033,"Oregon","Josephine County",2,2,849,420,429
050,41,033,"Oregon","Josephine County",2,3,877,459,418
050,41,033,"Oregon","Josephine County",2,4,900,452,448
050,41,033,"Oregon","Josephine County",2,5,957,471,486
050,41,033,"Oregon","Josephine County",2,6,939,450,489
050,41,033,"Oregon","Josephine County",2,7,939,473,466
050,41,033,"Oregon","Josephine County",2,8,938,495,443
050,41,033,"Oregon","Josephine County",2,9,952,498,454
050,41,033,"Oregon","Josephine County",2,10,991,498,493
050,41,033,"Oregon","Josephine County",2,11,1012,504,508
050,41,033,"Oregon","Josephine County",2,12,1065,538,527
050,41,033,"Oregon","Josephine County",2,13,1052,538,514
050,41,033,"Oregon","Josephine County",2,14,1017,517,500
050,41,033,"Oregon","Josephine County",2,15,1010,520,490
050,41,033,"Oregon","Josephine County",2,16,1009,528,481
050,41,033,"Oregon","Josephine County",2,17,969,485,484
050,41,033,"Oregon","Josephine County",2,18,802,425,377
050,41,033,"Oregon","Josephine County",2,19,677,365,312
050,41,033,"Oregon","Josephine County",2,20,739,391,348
050,41,033,"Oregon","Josephine County",2,21,752,395,357
050,41,033,"Oregon","Josephine County",2,22,773,389,384
050,41,033,"Oregon","Josephine County",2,23,845,436,409
050,41,033,"Oregon","Josephine County",2,24,895,464,431
050,41,033,"Oregon","Josephine County",2,25,898,464,434
050,41,033,"Oregon","Josephine County",2,26,915,482,433
050,41,033,"Oregon","Josephine County",2,27,964,491,473
050,41,033,"Oregon","Josephine County",2,28,992,511,481
050,41,033,"Oregon","Josephine County",2,29,1034,523,511
050,41,033,"Oregon","Josephine County",2,30,1040,509,531
050,41,033,"Oregon","Josephine County",2,31,986,487,499
050,41,033,"Oregon","Josephine County",2,32,997,500,497
050,41,033,"Oregon","Josephine County",2,33,940,483,457
050,41,033,"Oregon","Josephine County",2,34,957,483,474
050,41,033,"Oregon","Josephine County",2,35,988,514,474
050,41,033,"Oregon","Josephine County",2,36,971,518,453
050,41,033,"Oregon","Josephine County",2,37,963,488,475
050,41,033,"Oregon","Josephine County",2,38,974,473,501
050,41,033,"Oregon","Josephine County",2,39,966,484,482
050,41,033,"Oregon","Josephine County",2,40,991,488,503
050,41,033,"Oregon","Josephine County",2,41,979,487,492
050,41,033,"Oregon","Josephine County",2,42,955,458,497
050,41,033,"Oregon","Josephine County",2,43,944,456,488
050,41,033,"Oregon","Josephine County",2,44,914,463,451
050,41,033,"Oregon","Josephine County",2,45,897,451,446
050,41,033,"Oregon","Josephine County",2,46,854,437,417
050,41,033,"Oregon","Josephine County",2,47,884,449,435
050,41,033,"Oregon","Josephine County",2,48,975,495,480
050,41,033,"Oregon","Josephine County",2,49,1037,516,521
050,41,033,"Oregon","Josephine County",2,50,1031,509,522
050,41,033,"Oregon","Josephine County",2,51,1000,491,509
050,41,033,"Oregon","Josephine County",2,52,977,470,507
050,41,033,"Oregon","Josephine County",2,53,993,472,521
050,41,033,"Oregon","Josephine County",2,54,1046,502,544
050,41,033,"Oregon","Josephine County",2,55,1106,549,557
050,41,033,"Oregon","Josephine County",2,56,1140,551,589
050,41,033,"Oregon","Josephine County",2,57,1218,566,652
050,41,033,"Oregon","Josephine County",2,58,1329,608,721
050,41,033,"Oregon","Josephine County",2,59,1369,656,713
050,41,033,"Oregon","Josephine County",2,60,1406,660,746
050,41,033,"Oregon","Josephine County",2,61,1418,661,757
050,41,033,"Oregon","Josephine County",2,62,1447,673,774
050,41,033,"Oregon","Josephine County",2,63,1389,655,734
050,41,033,"Oregon","Josephine County",2,64,1392,645,747
050,41,033,"Oregon","Josephine County",2,65,1452,678,774
050,41,033,"Oregon","Josephine County",2,66,1460,694,766
050,41,033,"Oregon","Josephine County",2,67,1473,678,795
050,41,033,"Oregon","Josephine County",2,68,1424,656,768
050,41,033,"Oregon","Josephine County",2,69,1370,627,743
050,41,033,"Oregon","Josephine County",2,70,1377,653,724
050,41,033,"Oregon","Josephine County",2,71,1365,653,712
050,41,033,"Oregon","Josephine County",2,72,1333,645,688
050,41,033,"Oregon","Josephine County",2,73,1447,701,746
050,41,033,"Oregon","Josephine County",2,74,1022,473,549
050,41,033,"Oregon","Josephine County",2,75,991,467,524
050,41,033,"Oregon","Josephine County",2,76,987,459,528
050,41,033,"Oregon","Josephine County",2,77,975,459,516
050,41,033,"Oregon","Josephine County",2,78,780,374,406
050,41,033,"Oregon","Josephine County",2,79,701,331,370
050,41,033,"Oregon","Josephine County",2,80,639,302,337
050,41,033,"Oregon","Josephine County",2,81,598,272,326
050,41,033,"Oregon","Josephine County",2,82,554,249,305
050,41,033,"Oregon","Josephine County",2,83,513,231,282
050,41,033,"Oregon","Josephine County",2,84,432,198,234
050,41,033,"Oregon","Josephine County",2,85,2522,1022,1500
050,41,033,"Oregon","Josephine County",3,0,817,412,405
050,41,033,"Oregon","Josephine County",3,1,794,421,373
050,41,033,"Oregon","Josephine County",3,2,820,394,426
050,41,033,"Oregon","Josephine County",3,3,878,433,445
050,41,033,"Oregon","Josephine County",3,4,903,471,432
050,41,033,"Oregon","Josephine County",3,5,915,463,452
050,41,033,"Oregon","Josephine County",3,6,969,463,506
050,41,033,"Oregon","Josephine County",3,7,958,464,494
050,41,033,"Oregon","Josephine County",3,8,936,479,457
050,41,033,"Oregon","Josephine County",3,9,945,498,447
050,41,033,"Oregon","Josephine County",3,10,943,492,451
050,41,033,"Oregon","Josephine County",3,11,1003,523,480
050,41,033,"Oregon","Josephine County",3,12,1026,511,515
050,41,033,"Oregon","Josephine County",3,13,1060,526,534
050,41,033,"Oregon","Josephine County",3,14,1047,542,505
050,41,033,"Oregon","Josephine County",3,15,1020,529,491
050,41,033,"Oregon","Josephine County",3,16,1009,520,489
050,41,033,"Oregon","Josephine County",3,17,1032,537,495
050,41,033,"Oregon","Josephine County",3,18,849,436,413
050,41,033,"Oregon","Josephine County",3,19,642,343,299
050,41,033,"Oregon","Josephine County",3,20,703,380,323
050,41,033,"Oregon","Josephine County",3,21,761,414,347
050,41,033,"Oregon","Josephine County",3,22,811,404,407
050,41,033,"Oregon","Josephine County",3,23,836,411,425
050,41,033,"Oregon","Josephine County",3,24,877,464,413
050,41,033,"Oregon","Josephine County",3,25,906,462,444
050,41,033,"Oregon","Josephine County",3,26,917,490,427
050,41,033,"Oregon","Josephine County",3,27,948,487,461
050,41,033,"Oregon","Josephine County",3,28,978,492,486
050,41,033,"Oregon","Josephine County",3,29,1043,519,524
050,41,033,"Oregon","Josephine County",3,30,1070,546,524
050,41,033,"Oregon","Josephine County",3,31,1058,524,534
050,41,033,"Oregon","Josephine County",3,32,1008,482,526
050,41,033,"Oregon","Josephine County",3,33,1029,514,515
050,41,033,"Oregon","Josephine County",3,34,944,496,448
050,41,033,"Oregon","Josephine County",3,35,984,493,491
050,41,033,"Oregon","Josephine County",3,36,992,516,476
050,41,033,"Oregon","Josephine County",3,37,962,519,443
050,41,033,"Oregon","Josephine County",3,38,966,482,484
050,41,033,"Oregon","Josephine County",3,39,977,478,499
050,41,033,"Oregon","Josephine County",3,40,1012,513,499
050,41,033,"Oregon","Josephine County",3,41,1009,495,514
050,41,033,"Oregon","Josephine County",3,42,983,496,487
050,41,033,"Oregon","Josephine County",3,43,958,449,509
050,41,033,"Oregon","Josephine County",3,44,948,459,489
050,41,033,"Oregon","Josephine County",3,45,907,461,446
050,41,033,"Oregon","Josephine County",3,46,889,444,445
050,41,033,"Oregon","Josephine County",3,47,859,432,427
050,41,033,"Oregon","Josephine County",3,48,883,445,438
050,41,033,"Oregon","Josephine County",3,49,1018,519,499
050,41,033,"Oregon","Josephine County",3,50,1033,513,520
050,41,033,"Oregon","Josephine County",3,51,1048,507,541
050,41,033,"Oregon","Josephine County",3,52,1026,503,523
050,41,033,"Oregon","Josephine County",3,53,1000,486,514
050,41,033,"Oregon","Josephine County",3,54,989,460,529
050,41,033,"Oregon","Josephine County",3,55,1068,518,550
050,41,033,"Oregon","Josephine County",3,56,1131,564,567
050,41,033,"Oregon","Josephine County",3,57,1141,543,598
050,41,033,"Oregon","Josephine County",3,58,1236,578,658
050,41,033,"Oregon","Josephine County",3,59,1345,611,734
050,41,033,"Oregon","Josephine County",3,60,1371,653,718
050,41,033,"Oregon","Josephine County",3,61,1415,660,755
050,41,033,"Oregon","Josephine County",3,62,1444,665,779
050,41,033,"Oregon","Josephine County",3,63,1443,672,771
050,41,033,"Oregon","Josephine County",3,64,1412,660,752
050,41,033,"Oregon","Josephine County",3,65,1395,637,758
050,41,033,"Oregon","Josephine County",3,66,1453,686,767
050,41,033,"Oregon","Josephine County",3,67,1442,683,759
050,41,033,"Oregon","Josephine County",3,68,1447,653,794
050,41,033,"Oregon","Josephine County",3,69,1396,641,755
050,41,033,"Oregon","Josephine County",3,70,1346,630,716
050,41,033,"Oregon","Josephine County",3,71,1352,639,713
050,41,033,"Oregon","Josephine County",3,72,1348,638,710
050,41,033,"Oregon","Josephine County",3,73,1288,629,659
050,41,033,"Oregon","Josephine County",3,74,1404,663,741
050,41,033,"Oregon","Josephine County",3,75,983,454,529
050,41,033,"Oregon","Josephine County",3,76,951,441,510
050,41,033,"Oregon","Josephine County",3,77,944,425,519
050,41,033,"Oregon","Josephine County",3,78,938,446,492
050,41,033,"Oregon","Josephine County",3,79,737,351,386
050,41,033,"Oregon","Josephine County",3,80,661,311,350
050,41,033,"Oregon","Josephine County",3,81,618,294,324
050,41,033,"Oregon","Josephine County",3,82,544,246,298
050,41,033,"Oregon","Josephine County",3,83,519,227,292
050,41,033,"Oregon","Josephine County",3,84,459,204,255
050,41,033,"Oregon","Josephine County",3,85,2508,1029,1479
050,41,033,"Oregon","Josephine County",4,0,824,410,414
050,41,033,"Oregon","Josephine County",4,1,820,423,397
050,41,033,"Oregon","Josephine County",4,2,782,408,374
050,41,033,"Oregon","Josephine County",4,3,811,392,419
050,41,033,"Oregon","Josephine County",4,4,897,447,450
050,41,033,"Oregon","Josephine County",4,5,877,469,408
050,41,033,"Oregon","Josephine County",4,6,943,473,470
050,41,033,"Oregon","Josephine County",4,7,978,469,509
050,41,033,"Oregon","Josephine County",4,8,950,460,490
050,41,033,"Oregon","Josephine County",4,9,941,487,454
050,41,033,"Oregon","Josephine County",4,10,965,502,463
050,41,033,"Oregon","Josephine County",4,11,950,496,454
050,41,033,"Oregon","Josephine County",4,12,1022,524,498
050,41,033,"Oregon","Josephine County",4,13,1011,504,507
050,41,033,"Oregon","Josephine County",4,14,1058,534,524
050,41,033,"Oregon","Josephine County",4,15,1051,551,500
050,41,033,"Oregon","Josephine County",4,16,1016,514,502
050,41,033,"Oregon","Josephine County",4,17,1007,520,487
050,41,033,"Oregon","Josephine County",4,18,888,483,405
050,41,033,"Oregon","Josephine County",4,19,674,347,327
050,41,033,"Oregon","Josephine County",4,20,658,348,310
050,41,033,"Oregon","Josephine County",4,21,712,369,343
050,41,033,"Oregon","Josephine County",4,22,791,427,364
050,41,033,"Oregon","Josephine County",4,23,857,427,430
050,41,033,"Oregon","Josephine County",4,24,845,413,432
050,41,033,"Oregon","Josephine County",4,25,855,452,403
050,41,033,"Oregon","Josephine County",4,26,891,446,445
050,41,033,"Oregon","Josephine County",4,27,894,482,412
050,41,033,"Oregon","Josephine County",4,28,951,484,467
050,41,033,"Oregon","Josephine County",4,29,967,467,500
050,41,033,"Oregon","Josephine County",4,30,1016,497,519
050,41,033,"Oregon","Josephine County",4,31,1057,539,518
050,41,033,"Oregon","Josephine County",4,32,1035,517,518
050,41,033,"Oregon","Josephine County",4,33,1039,501,538
050,41,033,"Oregon","Josephine County",4,34,1045,534,511
050,41,033,"Oregon","Josephine County",4,35,930,478,452
050,41,033,"Oregon","Josephine County",4,36,962,478,484
050,41,033,"Oregon","Josephine County",4,37,977,497,480
050,41,033,"Oregon","Josephine County",4,38,958,514,444
050,41,033,"Oregon","Josephine County",4,39,948,477,471
050,41,033,"Oregon","Josephine County",4,40,969,473,496
050,41,033,"Oregon","Josephine County",4,41,991,504,487
050,41,033,"Oregon","Josephine County",4,42,1005,490,515
050,41,033,"Oregon","Josephine County",4,43,979,488,491
050,41,033,"Oregon","Josephine County",4,44,957,456,501
050,41,033,"Oregon","Josephine County",4,45,952,454,498
050,41,033,"Oregon","Josephine County",4,46,921,460,461
050,41,033,"Oregon","Josephine County",4,47,885,447,438
050,41,033,"Oregon","Josephine County",4,48,874,438,436
050,41,033,"Oregon","Josephine County",4,49,877,442,435
050,41,033,"Oregon","Josephine County",4,50,1004,515,489
050,41,033,"Oregon","Josephine County",4,51,1029,505,524
050,41,033,"Oregon","Josephine County",4,52,1048,501,547
050,41,033,"Oregon","Josephine County",4,53,1039,521,518
050,41,033,"Oregon","Josephine County",4,54,987,473,514
050,41,033,"Oregon","Josephine County",4,55,975,456,519
050,41,033,"Oregon","Josephine County",4,56,1063,505,558
050,41,033,"Oregon","Josephine County",4,57,1112,557,555
050,41,033,"Oregon","Josephine County",4,58,1140,543,597
050,41,033,"Oregon","Josephine County",4,59,1235,565,670
050,41,033,"Oregon","Josephine County",4,60,1338,607,731
050,41,033,"Oregon","Josephine County",4,61,1381,656,725
050,41,033,"Oregon","Josephine County",4,62,1408,658,750
050,41,033,"Oregon","Josephine County",4,63,1401,643,758
050,41,033,"Oregon","Josephine County",4,64,1452,665,787
050,41,033,"Oregon","Josephine County",4,65,1410,664,746
050,41,033,"Oregon","Josephine County",4,66,1419,650,769
050,41,033,"Oregon","Josephine County",4,67,1412,663,749
050,41,033,"Oregon","Josephine County",4,68,1430,674,756
050,41,033,"Oregon","Josephine County",4,69,1430,632,798
050,41,033,"Oregon","Josephine County",4,70,1380,641,739
050,41,033,"Oregon","Josephine County",4,71,1296,607,689
050,41,033,"Oregon","Josephine County",4,72,1339,631,708
050,41,033,"Oregon","Josephine County",4,73,1308,627,681
050,41,033,"Oregon","Josephine County",4,74,1237,593,644
050,41,033,"Oregon","Josephine County",4,75,1335,629,706
050,41,033,"Oregon","Josephine County",4,76,943,424,519
050,41,033,"Oregon","Josephine County",4,77,904,416,488
050,41,033,"Oregon","Josephine County",4,78,895,401,494
050,41,033,"Oregon","Josephine County",4,79,900,434,466
050,41,033,"Oregon","Josephine County",4,80,685,319,366
050,41,033,"Oregon","Josephine County",4,81,623,280,343
050,41,033,"Oregon","Josephine County",4,82,566,267,299
050,41,033,"Oregon","Josephine County",4,83,507,235,272
050,41,033,"Oregon","Josephine County",4,84,460,193,267
050,41,033,"Oregon","Josephine County",4,85,2446,1005,1441
050,41,033,"Oregon","Josephine County",5,0,799,394,405
050,41,033,"Oregon","Josephine County",5,1,829,410,419
050,41,033,"Oregon","Josephine County",5,2,822,431,391
050,41,033,"Oregon","Josephine County",5,3,811,424,387
050,41,033,"Oregon","Josephine County",5,4,813,401,412
050,41,033,"Oregon","Josephine County",5,5,882,440,442
050,41,033,"Oregon","Josephine County",5,6,896,477,419
050,41,033,"Oregon","Josephine County",5,7,980,493,487
050,41,033,"Oregon","Josephine County",5,8,1008,479,529
050,41,033,"Oregon","Josephine County",5,9,962,475,487
050,41,033,"Oregon","Josephine County",5,10,948,494,454
050,41,033,"Oregon","Josephine County",5,11,983,523,460
050,41,033,"Oregon","Josephine County",5,12,945,489,456
050,41,033,"Oregon","Josephine County",5,13,1009,514,495
050,41,033,"Oregon","Josephine County",5,14,1020,515,505
050,41,033,"Oregon","Josephine County",5,15,1071,540,531
050,41,033,"Oregon","Josephine County",5,16,1060,547,513
050,41,033,"Oregon","Josephine County",5,17,1014,514,500
050,41,033,"Oregon","Josephine County",5,18,863,462,401
050,41,033,"Oregon","Josephine County",5,19,726,403,323
050,41,033,"Oregon","Josephine County",5,20,703,359,344
050,41,033,"Oregon","Josephine County",5,21,689,359,330
050,41,033,"Oregon","Josephine County",5,22,747,389,358
050,41,033,"Oregon","Josephine County",5,23,818,433,385
050,41,033,"Oregon","Josephine County",5,24,879,438,441
050,41,033,"Oregon","Josephine County",5,25,840,405,435
050,41,033,"Oregon","Josephine County",5,26,862,455,407
050,41,033,"Oregon","Josephine County",5,27,924,477,447
050,41,033,"Oregon","Josephine County",5,28,932,508,424
050,41,033,"Oregon","Josephine County",5,29,977,488,489
050,41,033,"Oregon","Josephine County",5,30,996,480,516
050,41,033,"Oregon","Josephine County",5,31,1030,507,523
050,41,033,"Oregon","Josephine County",5,32,1076,550,526
050,41,033,"Oregon","Josephine County",5,33,1023,493,530
050,41,033,"Oregon","Josephine County",5,34,1040,511,529
050,41,033,"Oregon","Josephine County",5,35,1015,517,498
050,41,033,"Oregon","Josephine County",5,36,939,471,468
050,41,033,"Oregon","Josephine County",5,37,944,448,496
050,41,033,"Oregon","Josephine County",5,38,978,497,481
050,41,033,"Oregon","Josephine County",5,39,967,513,454
050,41,033,"Oregon","Josephine County",5,40,958,488,470
050,41,033,"Oregon","Josephine County",5,41,969,482,487
050,41,033,"Oregon","Josephine County",5,42,980,491,489
050,41,033,"Oregon","Josephine County",5,43,999,496,503
050,41,033,"Oregon","Josephine County",5,44,971,483,488
050,41,033,"Oregon","Josephine County",5,45,974,461,513
050,41,033,"Oregon","Josephine County",5,46,962,468,494
050,41,033,"Oregon","Josephine County",5,47,916,454,462
050,41,033,"Oregon","Josephine County",5,48,877,444,433
050,41,033,"Oregon","Josephine County",5,49,884,437,447
050,41,033,"Oregon","Josephine County",5,50,900,460,440
050,41,033,"Oregon","Josephine County",5,51,1027,507,520
050,41,033,"Oregon","Josephine County",5,52,1057,515,542
050,41,033,"Oregon","Josephine County",5,53,1068,507,561
050,41,033,"Oregon","Josephine County",5,54,1056,525,531
050,41,033,"Oregon","Josephine County",5,55,1002,485,517
050,41,033,"Oregon","Josephine County",5,56,965,448,517
050,41,033,"Oregon","Josephine County",5,57,1042,488,554
050,41,033,"Oregon","Josephine County",5,58,1122,560,562
050,41,033,"Oregon","Josephine County",5,59,1156,536,620
050,41,033,"Oregon","Josephine County",5,60,1253,578,675
050,41,033,"Oregon","Josephine County",5,61,1335,604,731
050,41,033,"Oregon","Josephine County",5,62,1388,669,719
050,41,033,"Oregon","Josephine County",5,63,1388,640,748
050,41,033,"Oregon","Josephine County",5,64,1413,641,772
050,41,033,"Oregon","Josephine County",5,65,1468,678,790
050,41,033,"Oregon","Josephine County",5,66,1420,673,747
050,41,033,"Oregon","Josephine County",5,67,1390,632,758
050,41,033,"Oregon","Josephine County",5,68,1402,648,754
050,41,033,"Oregon","Josephine County",5,69,1416,660,756
050,41,033,"Oregon","Josephine County",5,70,1397,630,767
050,41,033,"Oregon","Josephine County",5,71,1358,628,730
050,41,033,"Oregon","Josephine County",5,72,1278,597,681
050,41,033,"Oregon","Josephine County",5,73,1297,626,671
050,41,033,"Oregon","Josephine County",5,74,1271,597,674
050,41,033,"Oregon","Josephine County",5,75,1196,572,624
050,41,033,"Oregon","Josephine County",5,76,1297,602,695
050,41,033,"Oregon","Josephine County",5,77,908,411,497
050,41,033,"Oregon","Josephine County",5,78,868,398,470
050,41,033,"Oregon","Josephine County",5,79,854,384,470
050,41,033,"Oregon","Josephine County",5,80,857,403,454
050,41,033,"Oregon","Josephine County",5,81,666,299,367
050,41,033,"Oregon","Josephine County",5,82,577,268,309
050,41,033,"Oregon","Josephine County",5,83,536,257,279
050,41,033,"Oregon","Josephine County",5,84,446,201,245
050,41,033,"Oregon","Josephine County",5,85,2437,983,1454
050,41,035,"Oregon","Klamath County",1,0,752,385,367
050,41,035,"Oregon","Klamath County",1,1,768,404,364
050,41,035,"Oregon","Klamath County",1,2,818,425,393
050,41,035,"Oregon","Klamath County",1,3,804,418,386
050,41,035,"Oregon","Klamath County",1,4,864,428,436
050,41,035,"Oregon","Klamath County",1,5,880,449,431
050,41,035,"Oregon","Klamath County",1,6,853,441,412
050,41,035,"Oregon","Klamath County",1,7,831,418,413
050,41,035,"Oregon","Klamath County",1,8,872,446,426
050,41,035,"Oregon","Klamath County",1,9,880,427,453
050,41,035,"Oregon","Klamath County",1,10,875,445,430
050,41,035,"Oregon","Klamath County",1,11,869,441,428
050,41,035,"Oregon","Klamath County",1,12,899,462,437
050,41,035,"Oregon","Klamath County",1,13,850,441,409
050,41,035,"Oregon","Klamath County",1,14,822,416,406
050,41,035,"Oregon","Klamath County",1,15,818,417,401
050,41,035,"Oregon","Klamath County",1,16,830,448,382
050,41,035,"Oregon","Klamath County",1,17,805,440,365
050,41,035,"Oregon","Klamath County",1,18,786,428,358
050,41,035,"Oregon","Klamath County",1,19,808,455,353
050,41,035,"Oregon","Klamath County",1,20,723,385,338
050,41,035,"Oregon","Klamath County",1,21,789,415,374
050,41,035,"Oregon","Klamath County",1,22,729,361,368
050,41,035,"Oregon","Klamath County",1,23,762,384,378
050,41,035,"Oregon","Klamath County",1,24,793,405,388
050,41,035,"Oregon","Klamath County",1,25,828,435,393
050,41,035,"Oregon","Klamath County",1,26,861,446,415
050,41,035,"Oregon","Klamath County",1,27,874,446,428
050,41,035,"Oregon","Klamath County",1,28,911,444,467
050,41,035,"Oregon","Klamath County",1,29,991,502,489
050,41,035,"Oregon","Klamath County",1,30,896,472,424
050,41,035,"Oregon","Klamath County",1,31,854,428,426
050,41,035,"Oregon","Klamath County",1,32,822,399,423
050,41,035,"Oregon","Klamath County",1,33,901,460,441
050,41,035,"Oregon","Klamath County",1,34,851,425,426
050,41,035,"Oregon","Klamath County",1,35,791,400,391
050,41,035,"Oregon","Klamath County",1,36,792,404,388
050,41,035,"Oregon","Klamath County",1,37,825,417,408
050,41,035,"Oregon","Klamath County",1,38,794,390,404
050,41,035,"Oregon","Klamath County",1,39,779,387,392
050,41,035,"Oregon","Klamath County",1,40,794,405,389
050,41,035,"Oregon","Klamath County",1,41,731,383,348
050,41,035,"Oregon","Klamath County",1,42,738,383,355
050,41,035,"Oregon","Klamath County",1,43,723,368,355
050,41,035,"Oregon","Klamath County",1,44,710,353,357
050,41,035,"Oregon","Klamath County",1,45,740,375,365
050,41,035,"Oregon","Klamath County",1,46,718,379,339
050,41,035,"Oregon","Klamath County",1,47,726,376,350
050,41,035,"Oregon","Klamath County",1,48,797,432,365
050,41,035,"Oregon","Klamath County",1,49,840,432,408
050,41,035,"Oregon","Klamath County",1,50,776,373,403
050,41,035,"Oregon","Klamath County",1,51,796,411,385
050,41,035,"Oregon","Klamath County",1,52,779,394,385
050,41,035,"Oregon","Klamath County",1,53,752,372,380
050,41,035,"Oregon","Klamath County",1,54,805,402,403
050,41,035,"Oregon","Klamath County",1,55,869,436,433
050,41,035,"Oregon","Klamath County",1,56,935,451,484
050,41,035,"Oregon","Klamath County",1,57,928,441,487
050,41,035,"Oregon","Klamath County",1,58,980,466,514
050,41,035,"Oregon","Klamath County",1,59,967,477,490
050,41,035,"Oregon","Klamath County",1,60,983,482,501
050,41,035,"Oregon","Klamath County",1,61,950,453,497
050,41,035,"Oregon","Klamath County",1,62,1013,475,538
050,41,035,"Oregon","Klamath County",1,63,1052,513,539
050,41,035,"Oregon","Klamath County",1,64,1044,505,539
050,41,035,"Oregon","Klamath County",1,65,1035,502,533
050,41,035,"Oregon","Klamath County",1,66,1068,520,548
050,41,035,"Oregon","Klamath County",1,67,1088,546,542
050,41,035,"Oregon","Klamath County",1,68,1067,512,555
050,41,035,"Oregon","Klamath County",1,69,970,477,493
050,41,035,"Oregon","Klamath County",1,70,957,472,485
050,41,035,"Oregon","Klamath County",1,71,916,469,447
050,41,035,"Oregon","Klamath County",1,72,875,459,416
050,41,035,"Oregon","Klamath County",1,73,896,460,436
050,41,035,"Oregon","Klamath County",1,74,626,320,306
050,41,035,"Oregon","Klamath County",1,75,607,316,291
050,41,035,"Oregon","Klamath County",1,76,571,278,293
050,41,035,"Oregon","Klamath County",1,77,584,295,289
050,41,035,"Oregon","Klamath County",1,78,479,235,244
050,41,035,"Oregon","Klamath County",1,79,447,212,235
050,41,035,"Oregon","Klamath County",1,80,370,179,191
050,41,035,"Oregon","Klamath County",1,81,335,162,173
050,41,035,"Oregon","Klamath County",1,82,331,151,180
050,41,035,"Oregon","Klamath County",1,83,285,139,146
050,41,035,"Oregon","Klamath County",1,84,247,118,129
050,41,035,"Oregon","Klamath County",1,85,1269,475,794
050,41,035,"Oregon","Klamath County",2,0,769,400,369
050,41,035,"Oregon","Klamath County",2,1,765,399,366
050,41,035,"Oregon","Klamath County",2,2,800,417,383
050,41,035,"Oregon","Klamath County",2,3,806,421,385
050,41,035,"Oregon","Klamath County",2,4,855,427,428
050,41,035,"Oregon","Klamath County",2,5,879,446,433
050,41,035,"Oregon","Klamath County",2,6,864,445,419
050,41,035,"Oregon","Klamath County",2,7,843,427,416
050,41,035,"Oregon","Klamath County",2,8,860,435,425
050,41,035,"Oregon","Klamath County",2,9,884,435,449
050,41,035,"Oregon","Klamath County",2,10,879,441,438
050,41,035,"Oregon","Klamath County",2,11,869,443,426
050,41,035,"Oregon","Klamath County",2,12,894,460,434
050,41,035,"Oregon","Klamath County",2,13,862,448,414
050,41,035,"Oregon","Klamath County",2,14,829,423,406
050,41,035,"Oregon","Klamath County",2,15,820,417,403
050,41,035,"Oregon","Klamath County",2,16,833,445,388
050,41,035,"Oregon","Klamath County",2,17,817,446,371
050,41,035,"Oregon","Klamath County",2,18,791,433,358
050,41,035,"Oregon","Klamath County",2,19,799,450,349
050,41,035,"Oregon","Klamath County",2,20,733,391,342
050,41,035,"Oregon","Klamath County",2,21,778,412,366
050,41,035,"Oregon","Klamath County",2,22,742,372,370
050,41,035,"Oregon","Klamath County",2,23,757,380,377
050,41,035,"Oregon","Klamath County",2,24,782,398,384
050,41,035,"Oregon","Klamath County",2,25,823,427,396
050,41,035,"Oregon","Klamath County",2,26,856,441,415
050,41,035,"Oregon","Klamath County",2,27,873,447,426
050,41,035,"Oregon","Klamath County",2,28,900,443,457
050,41,035,"Oregon","Klamath County",2,29,965,485,480
050,41,035,"Oregon","Klamath County",2,30,921,480,441
050,41,035,"Oregon","Klamath County",2,31,860,436,424
050,41,035,"Oregon","Klamath County",2,32,832,407,425
050,41,035,"Oregon","Klamath County",2,33,883,446,437
050,41,035,"Oregon","Klamath County",2,34,865,433,432
050,41,035,"Oregon","Klamath County",2,35,814,408,406
050,41,035,"Oregon","Klamath County",2,36,790,404,386
050,41,035,"Oregon","Klamath County",2,37,821,414,407
050,41,035,"Oregon","Klamath County",2,38,807,402,405
050,41,035,"Oregon","Klamath County",2,39,781,386,395
050,41,035,"Oregon","Klamath County",2,40,798,405,393
050,41,035,"Oregon","Klamath County",2,41,747,387,360
050,41,035,"Oregon","Klamath County",2,42,735,381,354
050,41,035,"Oregon","Klamath County",2,43,737,376,361
050,41,035,"Oregon","Klamath County",2,44,710,358,352
050,41,035,"Oregon","Klamath County",2,45,740,374,366
050,41,035,"Oregon","Klamath County",2,46,722,376,346
050,41,035,"Oregon","Klamath County",2,47,721,374,347
050,41,035,"Oregon","Klamath County",2,48,782,419,363
050,41,035,"Oregon","Klamath County",2,49,838,437,401
050,41,035,"Oregon","Klamath County",2,50,793,387,406
050,41,035,"Oregon","Klamath County",2,51,795,405,390
050,41,035,"Oregon","Klamath County",2,52,783,398,385
050,41,035,"Oregon","Klamath County",2,53,763,380,383
050,41,035,"Oregon","Klamath County",2,54,796,397,399
050,41,035,"Oregon","Klamath County",2,55,852,425,427
050,41,035,"Oregon","Klamath County",2,56,916,445,471
050,41,035,"Oregon","Klamath County",2,57,933,443,490
050,41,035,"Oregon","Klamath County",2,58,964,458,506
050,41,035,"Oregon","Klamath County",2,59,971,473,498
050,41,035,"Oregon","Klamath County",2,60,979,480,499
050,41,035,"Oregon","Klamath County",2,61,955,457,498
050,41,035,"Oregon","Klamath County",2,62,1001,471,530
050,41,035,"Oregon","Klamath County",2,63,1055,510,545
050,41,035,"Oregon","Klamath County",2,64,1041,504,537
050,41,035,"Oregon","Klamath County",2,65,1041,503,538
050,41,035,"Oregon","Klamath County",2,66,1063,519,544
050,41,035,"Oregon","Klamath County",2,67,1081,538,543
050,41,035,"Oregon","Klamath County",2,68,1070,522,548
050,41,035,"Oregon","Klamath County",2,69,1002,486,516
050,41,035,"Oregon","Klamath County",2,70,953,469,484
050,41,035,"Oregon","Klamath County",2,71,920,469,451
050,41,035,"Oregon","Klamath County",2,72,864,446,418
050,41,035,"Oregon","Klamath County",2,73,929,477,452
050,41,035,"Oregon","Klamath County",2,74,648,332,316
050,41,035,"Oregon","Klamath County",2,75,612,317,295
050,41,035,"Oregon","Klamath County",2,76,569,283,286
050,41,035,"Oregon","Klamath County",2,77,587,293,294
050,41,035,"Oregon","Klamath County",2,78,495,246,249
050,41,035,"Oregon","Klamath County",2,79,440,209,231
050,41,035,"Oregon","Klamath County",2,80,383,184,199
050,41,035,"Oregon","Klamath County",2,81,337,163,174
050,41,035,"Oregon","Klamath County",2,82,329,151,178
050,41,035,"Oregon","Klamath County",2,83,289,139,150
050,41,035,"Oregon","Klamath County",2,84,248,118,130
050,41,035,"Oregon","Klamath County",2,85,1265,474,791
050,41,035,"Oregon","Klamath County",3,0,716,365,351
050,41,035,"Oregon","Klamath County",3,1,788,406,382
050,41,035,"Oregon","Klamath County",3,2,802,410,392
050,41,035,"Oregon","Klamath County",3,3,819,426,393
050,41,035,"Oregon","Klamath County",3,4,822,431,391
050,41,035,"Oregon","Klamath County",3,5,863,432,431
050,41,035,"Oregon","Klamath County",3,6,902,459,443
050,41,035,"Oregon","Klamath County",3,7,876,450,426
050,41,035,"Oregon","Klamath County",3,8,853,423,430
050,41,035,"Oregon","Klamath County",3,9,899,454,445
050,41,035,"Oregon","Klamath County",3,10,892,441,451
050,41,035,"Oregon","Klamath County",3,11,890,450,440
050,41,035,"Oregon","Klamath County",3,12,866,441,425
050,41,035,"Oregon","Klamath County",3,13,898,459,439
050,41,035,"Oregon","Klamath County",3,14,865,446,419
050,41,035,"Oregon","Klamath County",3,15,836,432,404
050,41,035,"Oregon","Klamath County",3,16,836,433,403
050,41,035,"Oregon","Klamath County",3,17,854,451,403
050,41,035,"Oregon","Klamath County",3,18,825,464,361
050,41,035,"Oregon","Klamath County",3,19,792,448,344
050,41,035,"Oregon","Klamath County",3,20,717,378,339
050,41,035,"Oregon","Klamath County",3,21,794,432,362
050,41,035,"Oregon","Klamath County",3,22,790,404,386
050,41,035,"Oregon","Klamath County",3,23,738,371,367
050,41,035,"Oregon","Klamath County",3,24,777,393,384
050,41,035,"Oregon","Klamath County",3,25,794,401,393
050,41,035,"Oregon","Klamath County",3,26,841,428,413
050,41,035,"Oregon","Klamath County",3,27,876,455,421
050,41,035,"Oregon","Klamath County",3,28,857,457,400
050,41,035,"Oregon","Klamath County",3,29,914,443,471
050,41,035,"Oregon","Klamath County",3,30,986,506,480
050,41,035,"Oregon","Klamath County",3,31,928,472,456
050,41,035,"Oregon","Klamath County",3,32,885,444,441
050,41,035,"Oregon","Klamath County",3,33,854,409,445
050,41,035,"Oregon","Klamath County",3,34,915,458,457
050,41,035,"Oregon","Klamath County",3,35,896,455,441
050,41,035,"Oregon","Klamath County",3,36,838,419,419
050,41,035,"Oregon","Klamath County",3,37,797,405,392
050,41,035,"Oregon","Klamath County",3,38,819,415,404
050,41,035,"Oregon","Klamath County",3,39,814,405,409
050,41,035,"Oregon","Klamath County",3,40,798,402,396
050,41,035,"Oregon","Klamath County",3,41,828,419,409
050,41,035,"Oregon","Klamath County",3,42,765,396,369
050,41,035,"Oregon","Klamath County",3,43,752,382,370
050,41,035,"Oregon","Klamath County",3,44,744,372,372
050,41,035,"Oregon","Klamath County",3,45,698,349,349
050,41,035,"Oregon","Klamath County",3,46,743,376,367
050,41,035,"Oregon","Klamath County",3,47,713,362,351
050,41,035,"Oregon","Klamath County",3,48,717,373,344
050,41,035,"Oregon","Klamath County",3,49,801,423,378
050,41,035,"Oregon","Klamath County",3,50,828,426,402
050,41,035,"Oregon","Klamath County",3,51,786,390,396
050,41,035,"Oregon","Klamath County",3,52,803,413,390
050,41,035,"Oregon","Klamath County",3,53,766,386,380
050,41,035,"Oregon","Klamath County",3,54,753,369,384
050,41,035,"Oregon","Klamath County",3,55,780,390,390
050,41,035,"Oregon","Klamath County",3,56,846,419,427
050,41,035,"Oregon","Klamath County",3,57,931,443,488
050,41,035,"Oregon","Klamath County",3,58,946,444,502
050,41,035,"Oregon","Klamath County",3,59,970,455,515
050,41,035,"Oregon","Klamath County",3,60,973,482,491
050,41,035,"Oregon","Klamath County",3,61,992,479,513
050,41,035,"Oregon","Klamath County",3,62,956,468,488
050,41,035,"Oregon","Klamath County",3,63,1013,479,534
050,41,035,"Oregon","Klamath County",3,64,1050,515,535
050,41,035,"Oregon","Klamath County",3,65,1030,498,532
050,41,035,"Oregon","Klamath County",3,66,1062,516,546
050,41,035,"Oregon","Klamath County",3,67,1061,519,542
050,41,035,"Oregon","Klamath County",3,68,1083,534,549
050,41,035,"Oregon","Klamath County",3,69,1063,520,543
050,41,035,"Oregon","Klamath County",3,70,996,483,513
050,41,035,"Oregon","Klamath County",3,71,947,459,488
050,41,035,"Oregon","Klamath County",3,72,894,449,445
050,41,035,"Oregon","Klamath County",3,73,853,435,418
050,41,035,"Oregon","Klamath County",3,74,898,458,440
050,41,035,"Oregon","Klamath County",3,75,635,322,313
050,41,035,"Oregon","Klamath County",3,76,590,306,284
050,41,035,"Oregon","Klamath County",3,77,541,266,275
050,41,035,"Oregon","Klamath County",3,78,564,278,286
050,41,035,"Oregon","Klamath County",3,79,464,238,226
050,41,035,"Oregon","Klamath County",3,80,401,198,203
050,41,035,"Oregon","Klamath County",3,81,364,172,192
050,41,035,"Oregon","Klamath County",3,82,314,154,160
050,41,035,"Oregon","Klamath County",3,83,296,130,166
050,41,035,"Oregon","Klamath County",3,84,263,120,143
050,41,035,"Oregon","Klamath County",3,85,1251,473,778
050,41,035,"Oregon","Klamath County",4,0,761,393,368
050,41,035,"Oregon","Klamath County",4,1,720,365,355
050,41,035,"Oregon","Klamath County",4,2,801,422,379
050,41,035,"Oregon","Klamath County",4,3,818,422,396
050,41,035,"Oregon","Klamath County",4,4,821,438,383
050,41,035,"Oregon","Klamath County",4,5,842,445,397
050,41,035,"Oregon","Klamath County",4,6,871,438,433
050,41,035,"Oregon","Klamath County",4,7,906,461,445
050,41,035,"Oregon","Klamath County",4,8,868,447,421
050,41,035,"Oregon","Klamath County",4,9,858,424,434
050,41,035,"Oregon","Klamath County",4,10,891,450,441
050,41,035,"Oregon","Klamath County",4,11,884,442,442
050,41,035,"Oregon","Klamath County",4,12,904,459,445
050,41,035,"Oregon","Klamath County",4,13,874,441,433
050,41,035,"Oregon","Klamath County",4,14,916,475,441
050,41,035,"Oregon","Klamath County",4,15,876,453,423
050,41,035,"Oregon","Klamath County",4,16,832,424,408
050,41,035,"Oregon","Klamath County",4,17,870,458,412
050,41,035,"Oregon","Klamath County",4,18,833,459,374
050,41,035,"Oregon","Klamath County",4,19,782,452,330
050,41,035,"Oregon","Klamath County",4,20,709,380,329
050,41,035,"Oregon","Klamath County",4,21,772,408,364
050,41,035,"Oregon","Klamath County",4,22,771,397,374
050,41,035,"Oregon","Klamath County",4,23,785,415,370
050,41,035,"Oregon","Klamath County",4,24,705,359,346
050,41,035,"Oregon","Klamath County",4,25,796,399,397
050,41,035,"Oregon","Klamath County",4,26,819,426,393
050,41,035,"Oregon","Klamath County",4,27,830,419,411
050,41,035,"Oregon","Klamath County",4,28,880,451,429
050,41,035,"Oregon","Klamath County",4,29,883,468,415
050,41,035,"Oregon","Klamath County",4,30,886,444,442
050,41,035,"Oregon","Klamath County",4,31,986,499,487
050,41,035,"Oregon","Klamath County",4,32,927,465,462
050,41,035,"Oregon","Klamath County",4,33,896,455,441
050,41,035,"Oregon","Klamath County",4,34,870,407,463
050,41,035,"Oregon","Klamath County",4,35,903,445,458
050,41,035,"Oregon","Klamath County",4,36,906,474,432
050,41,035,"Oregon","Klamath County",4,37,852,425,427
050,41,035,"Oregon","Klamath County",4,38,782,397,385
050,41,035,"Oregon","Klamath County",4,39,825,419,406
050,41,035,"Oregon","Klamath County",4,40,844,419,425
050,41,035,"Oregon","Klamath County",4,41,780,385,395
050,41,035,"Oregon","Klamath County",4,42,823,407,416
050,41,035,"Oregon","Klamath County",4,43,753,374,379
050,41,035,"Oregon","Klamath County",4,44,746,389,357
050,41,035,"Oregon","Klamath County",4,45,753,382,371
050,41,035,"Oregon","Klamath County",4,46,698,352,346
050,41,035,"Oregon","Klamath County",4,47,738,373,365
050,41,035,"Oregon","Klamath County",4,48,711,357,354
050,41,035,"Oregon","Klamath County",4,49,720,371,349
050,41,035,"Oregon","Klamath County",4,50,780,413,367
050,41,035,"Oregon","Klamath County",4,51,850,447,403
050,41,035,"Oregon","Klamath County",4,52,821,408,413
050,41,035,"Oregon","Klamath County",4,53,815,417,398
050,41,035,"Oregon","Klamath County",4,54,780,394,386
050,41,035,"Oregon","Klamath County",4,55,745,367,378
050,41,035,"Oregon","Klamath County",4,56,788,394,394
050,41,035,"Oregon","Klamath County",4,57,834,410,424
050,41,035,"Oregon","Klamath County",4,58,916,421,495
050,41,035,"Oregon","Klamath County",4,59,959,461,498
050,41,035,"Oregon","Klamath County",4,60,972,466,506
050,41,035,"Oregon","Klamath County",4,61,966,482,484
050,41,035,"Oregon","Klamath County",4,62,967,475,492
050,41,035,"Oregon","Klamath County",4,63,953,462,491
050,41,035,"Oregon","Klamath County",4,64,997,460,537
050,41,035,"Oregon","Klamath County",4,65,1027,507,520
050,41,035,"Oregon","Klamath County",4,66,1020,493,527
050,41,035,"Oregon","Klamath County",4,67,1048,514,534
050,41,035,"Oregon","Klamath County",4,68,1047,523,524
050,41,035,"Oregon","Klamath County",4,69,1078,538,540
050,41,035,"Oregon","Klamath County",4,70,1038,507,531
050,41,035,"Oregon","Klamath County",4,71,991,484,507
050,41,035,"Oregon","Klamath County",4,72,900,431,469
050,41,035,"Oregon","Klamath County",4,73,876,438,438
050,41,035,"Oregon","Klamath County",4,74,813,409,404
050,41,035,"Oregon","Klamath County",4,75,858,443,415
050,41,035,"Oregon","Klamath County",4,76,606,310,296
050,41,035,"Oregon","Klamath County",4,77,558,287,271
050,41,035,"Oregon","Klamath County",4,78,498,251,247
050,41,035,"Oregon","Klamath County",4,79,531,257,274
050,41,035,"Oregon","Klamath County",4,80,418,219,199
050,41,035,"Oregon","Klamath County",4,81,370,176,194
050,41,035,"Oregon","Klamath County",4,82,324,158,166
050,41,035,"Oregon","Klamath County",4,83,275,126,149
050,41,035,"Oregon","Klamath County",4,84,260,114,146
050,41,035,"Oregon","Klamath County",4,85,1234,472,762
050,41,035,"Oregon","Klamath County",5,0,731,374,357
050,41,035,"Oregon","Klamath County",5,1,735,380,355
050,41,035,"Oregon","Klamath County",5,2,736,374,362
050,41,035,"Oregon","Klamath County",5,3,809,424,385
050,41,035,"Oregon","Klamath County",5,4,805,417,388
050,41,035,"Oregon","Klamath County",5,5,839,435,404
050,41,035,"Oregon","Klamath County",5,6,849,450,399
050,41,035,"Oregon","Klamath County",5,7,885,446,439
050,41,035,"Oregon","Klamath County",5,8,890,455,435
050,41,035,"Oregon","Klamath County",5,9,871,447,424
050,41,035,"Oregon","Klamath County",5,10,854,426,428
050,41,035,"Oregon","Klamath County",5,11,902,453,449
050,41,035,"Oregon","Klamath County",5,12,878,443,435
050,41,035,"Oregon","Klamath County",5,13,899,463,436
050,41,035,"Oregon","Klamath County",5,14,858,430,428
050,41,035,"Oregon","Klamath County",5,15,907,465,442
050,41,035,"Oregon","Klamath County",5,16,878,452,426
050,41,035,"Oregon","Klamath County",5,17,839,424,415
050,41,035,"Oregon","Klamath County",5,18,846,463,383
050,41,035,"Oregon","Klamath County",5,19,812,468,344
050,41,035,"Oregon","Klamath County",5,20,717,398,319
050,41,035,"Oregon","Klamath County",5,21,766,412,354
050,41,035,"Oregon","Klamath County",5,22,787,395,392
050,41,035,"Oregon","Klamath County",5,23,781,394,387
050,41,035,"Oregon","Klamath County",5,24,786,420,366
050,41,035,"Oregon","Klamath County",5,25,694,362,332
050,41,035,"Oregon","Klamath County",5,26,782,399,383
050,41,035,"Oregon","Klamath County",5,27,830,433,397
050,41,035,"Oregon","Klamath County",5,28,838,412,426
050,41,035,"Oregon","Klamath County",5,29,874,448,426
050,41,035,"Oregon","Klamath County",5,30,861,448,413
050,41,035,"Oregon","Klamath County",5,31,896,439,457
050,41,035,"Oregon","Klamath County",5,32,980,501,479
050,41,035,"Oregon","Klamath County",5,33,927,463,464
050,41,035,"Oregon","Klamath County",5,34,886,451,435
050,41,035,"Oregon","Klamath County",5,35,872,410,462
050,41,035,"Oregon","Klamath County",5,36,924,456,468
050,41,035,"Oregon","Klamath County",5,37,879,466,413
050,41,035,"Oregon","Klamath County",5,38,848,419,429
050,41,035,"Oregon","Klamath County",5,39,764,394,370
050,41,035,"Oregon","Klamath County",5,40,833,409,424
050,41,035,"Oregon","Klamath County",5,41,831,418,413
050,41,035,"Oregon","Klamath County",5,42,768,376,392
050,41,035,"Oregon","Klamath County",5,43,833,399,434
050,41,035,"Oregon","Klamath County",5,44,749,378,371
050,41,035,"Oregon","Klamath County",5,45,744,379,365
050,41,035,"Oregon","Klamath County",5,46,772,387,385
050,41,035,"Oregon","Klamath County",5,47,697,344,353
050,41,035,"Oregon","Klamath County",5,48,733,368,365
050,41,035,"Oregon","Klamath County",5,49,708,353,355
050,41,035,"Oregon","Klamath County",5,50,710,360,350
050,41,035,"Oregon","Klamath County",5,51,787,414,373
050,41,035,"Oregon","Klamath County",5,52,861,441,420
050,41,035,"Oregon","Klamath County",5,53,823,412,411
050,41,035,"Oregon","Klamath County",5,54,818,411,407
050,41,035,"Oregon","Klamath County",5,55,772,390,382
050,41,035,"Oregon","Klamath County",5,56,723,357,366
050,41,035,"Oregon","Klamath County",5,57,802,381,421
050,41,035,"Oregon","Klamath County",5,58,860,426,434
050,41,035,"Oregon","Klamath County",5,59,904,423,481
050,41,035,"Oregon","Klamath County",5,60,961,467,494
050,41,035,"Oregon","Klamath County",5,61,953,446,507
050,41,035,"Oregon","Klamath County",5,62,953,471,482
050,41,035,"Oregon","Klamath County",5,63,965,472,493
050,41,035,"Oregon","Klamath County",5,64,939,455,484
050,41,035,"Oregon","Klamath County",5,65,970,457,513
050,41,035,"Oregon","Klamath County",5,66,1022,500,522
050,41,035,"Oregon","Klamath County",5,67,1008,485,523
050,41,035,"Oregon","Klamath County",5,68,1032,511,521
050,41,035,"Oregon","Klamath County",5,69,1033,512,521
050,41,035,"Oregon","Klamath County",5,70,1064,528,536
050,41,035,"Oregon","Klamath County",5,71,1018,493,525
050,41,035,"Oregon","Klamath County",5,72,959,471,488
050,41,035,"Oregon","Klamath County",5,73,892,421,471
050,41,035,"Oregon","Klamath County",5,74,851,423,428
050,41,035,"Oregon","Klamath County",5,75,790,398,392
050,41,035,"Oregon","Klamath County",5,76,820,428,392
050,41,035,"Oregon","Klamath County",5,77,574,296,278
050,41,035,"Oregon","Klamath County",5,78,520,267,253
050,41,035,"Oregon","Klamath County",5,79,472,236,236
050,41,035,"Oregon","Klamath County",5,80,475,232,243
050,41,035,"Oregon","Klamath County",5,81,394,206,188
050,41,035,"Oregon","Klamath County",5,82,342,166,176
050,41,035,"Oregon","Klamath County",5,83,284,135,149
050,41,035,"Oregon","Klamath County",5,84,240,108,132
050,41,035,"Oregon","Klamath County",5,85,1229,472,757
050,41,037,"Oregon","Lake County",1,0,75,38,37
050,41,037,"Oregon","Lake County",1,1,72,32,40
050,41,037,"Oregon","Lake County",1,2,69,31,38
050,41,037,"Oregon","Lake County",1,3,79,38,41
050,41,037,"Oregon","Lake County",1,4,97,50,47
050,41,037,"Oregon","Lake County",1,5,97,52,45
050,41,037,"Oregon","Lake County",1,6,96,54,42
050,41,037,"Oregon","Lake County",1,7,94,57,37
050,41,037,"Oregon","Lake County",1,8,94,46,48
050,41,037,"Oregon","Lake County",1,9,86,37,49
050,41,037,"Oregon","Lake County",1,10,85,34,51
050,41,037,"Oregon","Lake County",1,11,94,39,55
050,41,037,"Oregon","Lake County",1,12,101,40,61
050,41,037,"Oregon","Lake County",1,13,91,39,52
050,41,037,"Oregon","Lake County",1,14,97,48,49
050,41,037,"Oregon","Lake County",1,15,77,34,43
050,41,037,"Oregon","Lake County",1,16,90,53,37
050,41,037,"Oregon","Lake County",1,17,91,55,36
050,41,037,"Oregon","Lake County",1,18,86,46,40
050,41,037,"Oregon","Lake County",1,19,65,36,29
050,41,037,"Oregon","Lake County",1,20,70,37,33
050,41,037,"Oregon","Lake County",1,21,62,29,33
050,41,037,"Oregon","Lake County",1,22,65,35,30
050,41,037,"Oregon","Lake County",1,23,67,38,29
050,41,037,"Oregon","Lake County",1,24,66,39,27
050,41,037,"Oregon","Lake County",1,25,76,40,36
050,41,037,"Oregon","Lake County",1,26,73,43,30
050,41,037,"Oregon","Lake County",1,27,88,52,36
050,41,037,"Oregon","Lake County",1,28,96,59,37
050,41,037,"Oregon","Lake County",1,29,96,51,45
050,41,037,"Oregon","Lake County",1,30,84,48,36
050,41,037,"Oregon","Lake County",1,31,86,53,33
050,41,037,"Oregon","Lake County",1,32,83,49,34
050,41,037,"Oregon","Lake County",1,33,83,53,30
050,41,037,"Oregon","Lake County",1,34,91,48,43
050,41,037,"Oregon","Lake County",1,35,95,49,46
050,41,037,"Oregon","Lake County",1,36,99,59,40
050,41,037,"Oregon","Lake County",1,37,75,46,29
050,41,037,"Oregon","Lake County",1,38,88,51,37
050,41,037,"Oregon","Lake County",1,39,98,57,41
050,41,037,"Oregon","Lake County",1,40,109,66,43
050,41,037,"Oregon","Lake County",1,41,87,48,39
050,41,037,"Oregon","Lake County",1,42,104,56,48
050,41,037,"Oregon","Lake County",1,43,112,67,45
050,41,037,"Oregon","Lake County",1,44,90,53,37
050,41,037,"Oregon","Lake County",1,45,98,49,49
050,41,037,"Oregon","Lake County",1,46,108,66,42
050,41,037,"Oregon","Lake County",1,47,94,59,35
050,41,037,"Oregon","Lake County",1,48,113,62,51
050,41,037,"Oregon","Lake County",1,49,124,75,49
050,41,037,"Oregon","Lake County",1,50,104,72,32
050,41,037,"Oregon","Lake County",1,51,100,61,39
050,41,037,"Oregon","Lake County",1,52,90,52,38
050,41,037,"Oregon","Lake County",1,53,86,45,41
050,41,037,"Oregon","Lake County",1,54,83,40,43
050,41,037,"Oregon","Lake County",1,55,94,49,45
050,41,037,"Oregon","Lake County",1,56,114,71,43
050,41,037,"Oregon","Lake County",1,57,125,71,54
050,41,037,"Oregon","Lake County",1,58,124,60,64
050,41,037,"Oregon","Lake County",1,59,127,67,60
050,41,037,"Oregon","Lake County",1,60,127,68,59
050,41,037,"Oregon","Lake County",1,61,115,53,62
050,41,037,"Oregon","Lake County",1,62,112,50,62
050,41,037,"Oregon","Lake County",1,63,135,60,75
050,41,037,"Oregon","Lake County",1,64,157,77,80
050,41,037,"Oregon","Lake County",1,65,154,85,69
050,41,037,"Oregon","Lake County",1,66,144,75,69
050,41,037,"Oregon","Lake County",1,67,142,81,61
050,41,037,"Oregon","Lake County",1,68,138,78,60
050,41,037,"Oregon","Lake County",1,69,109,63,46
050,41,037,"Oregon","Lake County",1,70,118,68,50
050,41,037,"Oregon","Lake County",1,71,120,61,59
050,41,037,"Oregon","Lake County",1,72,105,54,51
050,41,037,"Oregon","Lake County",1,73,138,70,68
050,41,037,"Oregon","Lake County",1,74,85,42,43
050,41,037,"Oregon","Lake County",1,75,72,39,33
050,41,037,"Oregon","Lake County",1,76,70,43,27
050,41,037,"Oregon","Lake County",1,77,88,50,38
050,41,037,"Oregon","Lake County",1,78,75,42,33
050,41,037,"Oregon","Lake County",1,79,67,31,36
050,41,037,"Oregon","Lake County",1,80,68,33,35
050,41,037,"Oregon","Lake County",1,81,46,23,23
050,41,037,"Oregon","Lake County",1,82,40,25,15
050,41,037,"Oregon","Lake County",1,83,45,26,19
050,41,037,"Oregon","Lake County",1,84,32,19,13
050,41,037,"Oregon","Lake County",1,85,198,98,100
050,41,037,"Oregon","Lake County",2,0,78,35,43
050,41,037,"Oregon","Lake County",2,1,72,32,40
050,41,037,"Oregon","Lake County",2,2,71,32,39
050,41,037,"Oregon","Lake County",2,3,77,38,39
050,41,037,"Oregon","Lake County",2,4,93,47,46
050,41,037,"Oregon","Lake County",2,5,99,53,46
050,41,037,"Oregon","Lake County",2,6,96,54,42
050,41,037,"Oregon","Lake County",2,7,95,56,39
050,41,037,"Oregon","Lake County",2,8,93,48,45
050,41,037,"Oregon","Lake County",2,9,88,38,50
050,41,037,"Oregon","Lake County",2,10,86,36,50
050,41,037,"Oregon","Lake County",2,11,93,39,54
050,41,037,"Oregon","Lake County",2,12,100,42,58
050,41,037,"Oregon","Lake County",2,13,93,40,53
050,41,037,"Oregon","Lake County",2,14,94,45,49
050,41,037,"Oregon","Lake County",2,15,82,37,45
050,41,037,"Oregon","Lake County",2,16,87,48,39
050,41,037,"Oregon","Lake County",2,17,90,53,37
050,41,037,"Oregon","Lake County",2,18,84,46,38
050,41,037,"Oregon","Lake County",2,19,66,36,30
050,41,037,"Oregon","Lake County",2,20,71,39,32
050,41,037,"Oregon","Lake County",2,21,62,30,32
050,41,037,"Oregon","Lake County",2,22,66,35,31
050,41,037,"Oregon","Lake County",2,23,67,38,29
050,41,037,"Oregon","Lake County",2,24,68,40,28
050,41,037,"Oregon","Lake County",2,25,74,39,35
050,41,037,"Oregon","Lake County",2,26,73,42,31
050,41,037,"Oregon","Lake County",2,27,85,51,34
050,41,037,"Oregon","Lake County",2,28,96,59,37
050,41,037,"Oregon","Lake County",2,29,97,53,44
050,41,037,"Oregon","Lake County",2,30,88,50,38
050,41,037,"Oregon","Lake County",2,31,87,53,34
050,41,037,"Oregon","Lake County",2,32,86,51,35
050,41,037,"Oregon","Lake County",2,33,85,53,32
050,41,037,"Oregon","Lake County",2,34,92,50,42
050,41,037,"Oregon","Lake County",2,35,96,50,46
050,41,037,"Oregon","Lake County",2,36,98,58,40
050,41,037,"Oregon","Lake County",2,37,79,48,31
050,41,037,"Oregon","Lake County",2,38,88,52,36
050,41,037,"Oregon","Lake County",2,39,95,56,39
050,41,037,"Oregon","Lake County",2,40,103,62,41
050,41,037,"Oregon","Lake County",2,41,89,49,40
050,41,037,"Oregon","Lake County",2,42,100,54,46
050,41,037,"Oregon","Lake County",2,43,113,67,46
050,41,037,"Oregon","Lake County",2,44,95,55,40
050,41,037,"Oregon","Lake County",2,45,97,50,47
050,41,037,"Oregon","Lake County",2,46,107,63,44
050,41,037,"Oregon","Lake County",2,47,99,62,37
050,41,037,"Oregon","Lake County",2,48,107,60,47
050,41,037,"Oregon","Lake County",2,49,123,73,50
050,41,037,"Oregon","Lake County",2,50,109,73,36
050,41,037,"Oregon","Lake County",2,51,98,62,36
050,41,037,"Oregon","Lake County",2,52,93,55,38
050,41,037,"Oregon","Lake County",2,53,85,45,40
050,41,037,"Oregon","Lake County",2,54,83,41,42
050,41,037,"Oregon","Lake County",2,55,93,48,45
050,41,037,"Oregon","Lake County",2,56,109,66,43
050,41,037,"Oregon","Lake County",2,57,124,72,52
050,41,037,"Oregon","Lake County",2,58,124,62,62
050,41,037,"Oregon","Lake County",2,59,127,66,61
050,41,037,"Oregon","Lake County",2,60,126,66,60
050,41,037,"Oregon","Lake County",2,61,117,56,61
050,41,037,"Oregon","Lake County",2,62,111,50,61
050,41,037,"Oregon","Lake County",2,63,131,59,72
050,41,037,"Oregon","Lake County",2,64,151,72,79
050,41,037,"Oregon","Lake County",2,65,157,85,72
050,41,037,"Oregon","Lake County",2,66,145,75,70
050,41,037,"Oregon","Lake County",2,67,142,80,62
050,41,037,"Oregon","Lake County",2,68,139,79,60
050,41,037,"Oregon","Lake County",2,69,117,68,49
050,41,037,"Oregon","Lake County",2,70,116,68,48
050,41,037,"Oregon","Lake County",2,71,118,62,56
050,41,037,"Oregon","Lake County",2,72,107,55,52
050,41,037,"Oregon","Lake County",2,73,136,69,67
050,41,037,"Oregon","Lake County",2,74,92,46,46
050,41,037,"Oregon","Lake County",2,75,76,40,36
050,41,037,"Oregon","Lake County",2,76,67,40,27
050,41,037,"Oregon","Lake County",2,77,87,50,37
050,41,037,"Oregon","Lake County",2,78,74,42,32
050,41,037,"Oregon","Lake County",2,79,69,34,35
050,41,037,"Oregon","Lake County",2,80,64,32,32
050,41,037,"Oregon","Lake County",2,81,49,24,25
050,41,037,"Oregon","Lake County",2,82,42,25,17
050,41,037,"Oregon","Lake County",2,83,42,25,17
050,41,037,"Oregon","Lake County",2,84,34,21,13
050,41,037,"Oregon","Lake County",2,85,195,96,99
050,41,037,"Oregon","Lake County",3,0,85,44,41
050,41,037,"Oregon","Lake County",3,1,75,34,41
050,41,037,"Oregon","Lake County",3,2,73,37,36
050,41,037,"Oregon","Lake County",3,3,66,34,32
050,41,037,"Oregon","Lake County",3,4,74,36,38
050,41,037,"Oregon","Lake County",3,5,83,40,43
050,41,037,"Oregon","Lake County",3,6,104,55,49
050,41,037,"Oregon","Lake County",3,7,97,51,46
050,41,037,"Oregon","Lake County",3,8,103,62,41
050,41,037,"Oregon","Lake County",3,9,101,55,46
050,41,037,"Oregon","Lake County",3,10,102,43,59
050,41,037,"Oregon","Lake County",3,11,82,35,47
050,41,037,"Oregon","Lake County",3,12,103,41,62
050,41,037,"Oregon","Lake County",3,13,104,42,62
050,41,037,"Oregon","Lake County",3,14,100,40,60
050,41,037,"Oregon","Lake County",3,15,103,50,53
050,41,037,"Oregon","Lake County",3,16,77,38,39
050,41,037,"Oregon","Lake County",3,17,84,45,39
050,41,037,"Oregon","Lake County",3,18,80,47,33
050,41,037,"Oregon","Lake County",3,19,73,43,30
050,41,037,"Oregon","Lake County",3,20,71,42,29
050,41,037,"Oregon","Lake County",3,21,64,35,29
050,41,037,"Oregon","Lake County",3,22,71,38,33
050,41,037,"Oregon","Lake County",3,23,73,41,32
050,41,037,"Oregon","Lake County",3,24,67,38,29
050,41,037,"Oregon","Lake County",3,25,68,36,32
050,41,037,"Oregon","Lake County",3,26,73,40,33
050,41,037,"Oregon","Lake County",3,27,86,47,39
050,41,037,"Oregon","Lake County",3,28,100,68,32
050,41,037,"Oregon","Lake County",3,29,90,55,35
050,41,037,"Oregon","Lake County",3,30,97,53,44
050,41,037,"Oregon","Lake County",3,31,92,51,41
050,41,037,"Oregon","Lake County",3,32,83,50,33
050,41,037,"Oregon","Lake County",3,33,94,58,36
050,41,037,"Oregon","Lake County",3,34,86,53,33
050,41,037,"Oregon","Lake County",3,35,106,55,51
050,41,037,"Oregon","Lake County",3,36,111,57,54
050,41,037,"Oregon","Lake County",3,37,93,54,39
050,41,037,"Oregon","Lake County",3,38,82,51,31
050,41,037,"Oregon","Lake County",3,39,86,46,40
050,41,037,"Oregon","Lake County",3,40,99,57,42
050,41,037,"Oregon","Lake County",3,41,96,57,39
050,41,037,"Oregon","Lake County",3,42,93,50,43
050,41,037,"Oregon","Lake County",3,43,111,64,47
050,41,037,"Oregon","Lake County",3,44,111,69,42
050,41,037,"Oregon","Lake County",3,45,104,59,45
050,41,037,"Oregon","Lake County",3,46,101,54,47
050,41,037,"Oregon","Lake County",3,47,120,73,47
050,41,037,"Oregon","Lake County",3,48,96,57,39
050,41,037,"Oregon","Lake County",3,49,112,65,47
050,41,037,"Oregon","Lake County",3,50,137,80,57
050,41,037,"Oregon","Lake County",3,51,101,62,39
050,41,037,"Oregon","Lake County",3,52,105,68,37
050,41,037,"Oregon","Lake County",3,53,84,50,34
050,41,037,"Oregon","Lake County",3,54,79,38,41
050,41,037,"Oregon","Lake County",3,55,91,46,45
050,41,037,"Oregon","Lake County",3,56,94,49,45
050,41,037,"Oregon","Lake County",3,57,114,70,44
050,41,037,"Oregon","Lake County",3,58,109,65,44
050,41,037,"Oregon","Lake County",3,59,130,65,65
050,41,037,"Oregon","Lake County",3,60,124,65,59
050,41,037,"Oregon","Lake County",3,61,120,58,62
050,41,037,"Oregon","Lake County",3,62,121,59,62
050,41,037,"Oregon","Lake County",3,63,108,52,56
050,41,037,"Oregon","Lake County",3,64,123,58,65
050,41,037,"Oregon","Lake County",3,65,160,82,78
050,41,037,"Oregon","Lake County",3,66,158,86,72
050,41,037,"Oregon","Lake County",3,67,149,74,75
050,41,037,"Oregon","Lake County",3,68,141,77,64
050,41,037,"Oregon","Lake County",3,69,135,78,57
050,41,037,"Oregon","Lake County",3,70,122,68,54
050,41,037,"Oregon","Lake County",3,71,121,73,48
050,41,037,"Oregon","Lake County",3,72,110,59,51
050,41,037,"Oregon","Lake County",3,73,104,53,51
050,41,037,"Oregon","Lake County",3,74,128,66,62
050,41,037,"Oregon","Lake County",3,75,88,43,45
050,41,037,"Oregon","Lake County",3,76,73,37,36
050,41,037,"Oregon","Lake County",3,77,65,37,28
050,41,037,"Oregon","Lake County",3,78,83,46,37
050,41,037,"Oregon","Lake County",3,79,74,42,32
050,41,037,"Oregon","Lake County",3,80,67,33,34
050,41,037,"Oregon","Lake County",3,81,59,32,27
050,41,037,"Oregon","Lake County",3,82,44,20,24
050,41,037,"Oregon","Lake County",3,83,36,22,14
050,41,037,"Oregon","Lake County",3,84,41,24,17
050,41,037,"Oregon","Lake County",3,85,187,97,90
050,41,037,"Oregon","Lake County",4,0,82,46,36
050,41,037,"Oregon","Lake County",4,1,88,44,44
050,41,037,"Oregon","Lake County",4,2,78,35,43
050,41,037,"Oregon","Lake County",4,3,70,34,36
050,41,037,"Oregon","Lake County",4,4,65,38,27
050,41,037,"Oregon","Lake County",4,5,80,35,45
050,41,037,"Oregon","Lake County",4,6,89,43,46
050,41,037,"Oregon","Lake County",4,7,109,55,54
050,41,037,"Oregon","Lake County",4,8,102,54,48
050,41,037,"Oregon","Lake County",4,9,98,60,38
050,41,037,"Oregon","Lake County",4,10,104,57,47
050,41,037,"Oregon","Lake County",4,11,108,45,63
050,41,037,"Oregon","Lake County",4,12,90,35,55
050,41,037,"Oregon","Lake County",4,13,99,40,59
050,41,037,"Oregon","Lake County",4,14,109,46,63
050,41,037,"Oregon","Lake County",4,15,108,46,62
050,41,037,"Oregon","Lake County",4,16,98,43,55
050,41,037,"Oregon","Lake County",4,17,75,34,41
050,41,037,"Oregon","Lake County",4,18,76,44,32
050,41,037,"Oregon","Lake County",4,19,62,40,22
050,41,037,"Oregon","Lake County",4,20,81,49,32
050,41,037,"Oregon","Lake County",4,21,72,43,29
050,41,037,"Oregon","Lake County",4,22,68,36,32
050,41,037,"Oregon","Lake County",4,23,73,38,35
050,41,037,"Oregon","Lake County",4,24,70,41,29
050,41,037,"Oregon","Lake County",4,25,71,38,33
050,41,037,"Oregon","Lake County",4,26,67,37,30
050,41,037,"Oregon","Lake County",4,27,82,48,34
050,41,037,"Oregon","Lake County",4,28,101,57,44
050,41,037,"Oregon","Lake County",4,29,95,61,34
050,41,037,"Oregon","Lake County",4,30,88,53,35
050,41,037,"Oregon","Lake County",4,31,101,54,47
050,41,037,"Oregon","Lake County",4,32,86,44,42
050,41,037,"Oregon","Lake County",4,33,88,56,32
050,41,037,"Oregon","Lake County",4,34,88,51,37
050,41,037,"Oregon","Lake County",4,35,93,59,34
050,41,037,"Oregon","Lake County",4,36,122,67,55
050,41,037,"Oregon","Lake County",4,37,114,54,60
050,41,037,"Oregon","Lake County",4,38,98,61,37
050,41,037,"Oregon","Lake County",4,39,86,54,32
050,41,037,"Oregon","Lake County",4,40,86,44,42
050,41,037,"Oregon","Lake County",4,41,96,55,41
050,41,037,"Oregon","Lake County",4,42,100,61,39
050,41,037,"Oregon","Lake County",4,43,99,57,42
050,41,037,"Oregon","Lake County",4,44,114,62,52
050,41,037,"Oregon","Lake County",4,45,106,66,40
050,41,037,"Oregon","Lake County",4,46,107,61,46
050,41,037,"Oregon","Lake County",4,47,106,61,45
050,41,037,"Oregon","Lake County",4,48,114,64,50
050,41,037,"Oregon","Lake County",4,49,92,59,33
050,41,037,"Oregon","Lake County",4,50,128,76,52
050,41,037,"Oregon","Lake County",4,51,124,68,56
050,41,037,"Oregon","Lake County",4,52,118,73,45
050,41,037,"Oregon","Lake County",4,53,93,59,34
050,41,037,"Oregon","Lake County",4,54,84,47,37
050,41,037,"Oregon","Lake County",4,55,80,40,40
050,41,037,"Oregon","Lake County",4,56,93,46,47
050,41,037,"Oregon","Lake County",4,57,107,54,53
050,41,037,"Oregon","Lake County",4,58,113,68,45
050,41,037,"Oregon","Lake County",4,59,123,73,50
050,41,037,"Oregon","Lake County",4,60,131,67,64
050,41,037,"Oregon","Lake County",4,61,125,60,65
050,41,037,"Oregon","Lake County",4,62,119,57,62
050,41,037,"Oregon","Lake County",4,63,133,66,67
050,41,037,"Oregon","Lake County",4,64,109,56,53
050,41,037,"Oregon","Lake County",4,65,125,62,63
050,41,037,"Oregon","Lake County",4,66,160,79,81
050,41,037,"Oregon","Lake County",4,67,157,86,71
050,41,037,"Oregon","Lake County",4,68,147,70,77
050,41,037,"Oregon","Lake County",4,69,138,76,62
050,41,037,"Oregon","Lake County",4,70,136,79,57
050,41,037,"Oregon","Lake County",4,71,114,63,51
050,41,037,"Oregon","Lake County",4,72,111,68,43
050,41,037,"Oregon","Lake County",4,73,100,50,50
050,41,037,"Oregon","Lake County",4,74,99,51,48
050,41,037,"Oregon","Lake County",4,75,125,64,61
050,41,037,"Oregon","Lake County",4,76,82,41,41
050,41,037,"Oregon","Lake County",4,77,69,37,32
050,41,037,"Oregon","Lake County",4,78,61,33,28
050,41,037,"Oregon","Lake County",4,79,76,40,36
050,41,037,"Oregon","Lake County",4,80,70,39,31
050,41,037,"Oregon","Lake County",4,81,60,31,29
050,41,037,"Oregon","Lake County",4,82,57,31,26
050,41,037,"Oregon","Lake County",4,83,36,15,21
050,41,037,"Oregon","Lake County",4,84,35,22,13
050,41,037,"Oregon","Lake County",4,85,181,97,84
050,41,037,"Oregon","Lake County",5,0,81,45,36
050,41,037,"Oregon","Lake County",5,1,87,47,40
050,41,037,"Oregon","Lake County",5,2,96,53,43
050,41,037,"Oregon","Lake County",5,3,75,30,45
050,41,037,"Oregon","Lake County",5,4,71,32,39
050,41,037,"Oregon","Lake County",5,5,67,40,27
050,41,037,"Oregon","Lake County",5,6,78,37,41
050,41,037,"Oregon","Lake County",5,7,89,43,46
050,41,037,"Oregon","Lake County",5,8,111,57,54
050,41,037,"Oregon","Lake County",5,9,103,55,48
050,41,037,"Oregon","Lake County",5,10,101,61,40
050,41,037,"Oregon","Lake County",5,11,95,55,40
050,41,037,"Oregon","Lake County",5,12,109,45,64
050,41,037,"Oregon","Lake County",5,13,86,29,57
050,41,037,"Oregon","Lake County",5,14,104,42,62
050,41,037,"Oregon","Lake County",5,15,110,47,63
050,41,037,"Oregon","Lake County",5,16,109,47,62
050,41,037,"Oregon","Lake County",5,17,95,43,52
050,41,037,"Oregon","Lake County",5,18,66,33,33
050,41,037,"Oregon","Lake County",5,19,70,42,28
050,41,037,"Oregon","Lake County",5,20,71,44,27
050,41,037,"Oregon","Lake County",5,21,72,37,35
050,41,037,"Oregon","Lake County",5,22,76,43,33
050,41,037,"Oregon","Lake County",5,23,62,32,30
050,41,037,"Oregon","Lake County",5,24,73,40,33
050,41,037,"Oregon","Lake County",5,25,78,43,35
050,41,037,"Oregon","Lake County",5,26,68,35,33
050,41,037,"Oregon","Lake County",5,27,72,37,35
050,41,037,"Oregon","Lake County",5,28,92,58,34
050,41,037,"Oregon","Lake County",5,29,87,47,40
050,41,037,"Oregon","Lake County",5,30,96,59,37
050,41,037,"Oregon","Lake County",5,31,83,52,31
050,41,037,"Oregon","Lake County",5,32,92,49,43
050,41,037,"Oregon","Lake County",5,33,83,45,38
050,41,037,"Oregon","Lake County",5,34,96,59,37
050,41,037,"Oregon","Lake County",5,35,86,50,36
050,41,037,"Oregon","Lake County",5,36,104,71,33
050,41,037,"Oregon","Lake County",5,37,112,58,54
050,41,037,"Oregon","Lake County",5,38,121,64,57
050,41,037,"Oregon","Lake County",5,39,99,56,43
050,41,037,"Oregon","Lake County",5,40,91,57,34
050,41,037,"Oregon","Lake County",5,41,86,45,41
050,41,037,"Oregon","Lake County",5,42,98,54,44
050,41,037,"Oregon","Lake County",5,43,104,69,35
050,41,037,"Oregon","Lake County",5,44,94,51,43
050,41,037,"Oregon","Lake County",5,45,116,62,54
050,41,037,"Oregon","Lake County",5,46,110,69,41
050,41,037,"Oregon","Lake County",5,47,110,64,46
050,41,037,"Oregon","Lake County",5,48,101,55,46
050,41,037,"Oregon","Lake County",5,49,112,62,50
050,41,037,"Oregon","Lake County",5,50,92,62,30
050,41,037,"Oregon","Lake County",5,51,123,67,56
050,41,037,"Oregon","Lake County",5,52,123,73,50
050,41,037,"Oregon","Lake County",5,53,107,63,44
050,41,037,"Oregon","Lake County",5,54,89,55,34
050,41,037,"Oregon","Lake County",5,55,82,50,32
050,41,037,"Oregon","Lake County",5,56,75,38,37
050,41,037,"Oregon","Lake County",5,57,95,49,46
050,41,037,"Oregon","Lake County",5,58,109,53,56
050,41,037,"Oregon","Lake County",5,59,119,75,44
050,41,037,"Oregon","Lake County",5,60,110,63,47
050,41,037,"Oregon","Lake County",5,61,120,56,64
050,41,037,"Oregon","Lake County",5,62,121,58,63
050,41,037,"Oregon","Lake County",5,63,119,60,59
050,41,037,"Oregon","Lake County",5,64,132,66,66
050,41,037,"Oregon","Lake County",5,65,113,60,53
050,41,037,"Oregon","Lake County",5,66,122,62,60
050,41,037,"Oregon","Lake County",5,67,165,80,85
050,41,037,"Oregon","Lake County",5,68,154,82,72
050,41,037,"Oregon","Lake County",5,69,135,64,71
050,41,037,"Oregon","Lake County",5,70,142,75,67
050,41,037,"Oregon","Lake County",5,71,132,80,52
050,41,037,"Oregon","Lake County",5,72,106,62,44
050,41,037,"Oregon","Lake County",5,73,103,61,42
050,41,037,"Oregon","Lake County",5,74,98,50,48
050,41,037,"Oregon","Lake County",5,75,95,49,46
050,41,037,"Oregon","Lake County",5,76,118,57,61
050,41,037,"Oregon","Lake County",5,77,80,39,41
050,41,037,"Oregon","Lake County",5,78,60,28,32
050,41,037,"Oregon","Lake County",5,79,58,31,27
050,41,037,"Oregon","Lake County",5,80,72,37,35
050,41,037,"Oregon","Lake County",5,81,64,36,28
050,41,037,"Oregon","Lake County",5,82,56,31,25
050,41,037,"Oregon","Lake County",5,83,53,30,23
050,41,037,"Oregon","Lake County",5,84,33,14,19
050,41,037,"Oregon","Lake County",5,85,170,97,73
050,41,039,"Oregon","Lane County",1,0,3279,1686,1593
050,41,039,"Oregon","Lane County",1,1,3345,1726,1619
050,41,039,"Oregon","Lane County",1,2,3453,1769,1684
050,41,039,"Oregon","Lane County",1,3,3661,1877,1784
050,41,039,"Oregon","Lane County",1,4,3742,1950,1792
050,41,039,"Oregon","Lane County",1,5,3923,2041,1882
050,41,039,"Oregon","Lane County",1,6,3848,2042,1806
050,41,039,"Oregon","Lane County",1,7,3757,1888,1869
050,41,039,"Oregon","Lane County",1,8,3864,1997,1867
050,41,039,"Oregon","Lane County",1,9,3813,2008,1805
050,41,039,"Oregon","Lane County",1,10,3911,2035,1876
050,41,039,"Oregon","Lane County",1,11,4107,2104,2003
050,41,039,"Oregon","Lane County",1,12,4264,2185,2079
050,41,039,"Oregon","Lane County",1,13,4174,2090,2084
050,41,039,"Oregon","Lane County",1,14,4049,2080,1969
050,41,039,"Oregon","Lane County",1,15,4067,2122,1945
050,41,039,"Oregon","Lane County",1,16,4220,2152,2068
050,41,039,"Oregon","Lane County",1,17,4141,2099,2042
050,41,039,"Oregon","Lane County",1,18,5566,2723,2843
050,41,039,"Oregon","Lane County",1,19,7211,3535,3676
050,41,039,"Oregon","Lane County",1,20,7477,3662,3815
050,41,039,"Oregon","Lane County",1,21,7677,3698,3979
050,41,039,"Oregon","Lane County",1,22,7435,3617,3818
050,41,039,"Oregon","Lane County",1,23,6613,3427,3186
050,41,039,"Oregon","Lane County",1,24,5774,2962,2812
050,41,039,"Oregon","Lane County",1,25,5485,2890,2595
050,41,039,"Oregon","Lane County",1,26,5181,2669,2512
050,41,039,"Oregon","Lane County",1,27,5010,2579,2431
050,41,039,"Oregon","Lane County",1,28,5117,2590,2527
050,41,039,"Oregon","Lane County",1,29,5399,2745,2654
050,41,039,"Oregon","Lane County",1,30,5206,2742,2464
050,41,039,"Oregon","Lane County",1,31,4792,2480,2312
050,41,039,"Oregon","Lane County",1,32,4631,2371,2260
050,41,039,"Oregon","Lane County",1,33,4518,2287,2231
050,41,039,"Oregon","Lane County",1,34,4627,2359,2268
050,41,039,"Oregon","Lane County",1,35,4733,2414,2319
050,41,039,"Oregon","Lane County",1,36,4828,2438,2390
050,41,039,"Oregon","Lane County",1,37,4957,2484,2473
050,41,039,"Oregon","Lane County",1,38,4958,2480,2478
050,41,039,"Oregon","Lane County",1,39,5030,2524,2506
050,41,039,"Oregon","Lane County",1,40,4961,2494,2467
050,41,039,"Oregon","Lane County",1,41,4811,2454,2357
050,41,039,"Oregon","Lane County",1,42,4696,2405,2291
050,41,039,"Oregon","Lane County",1,43,4506,2281,2225
050,41,039,"Oregon","Lane County",1,44,4279,2175,2104
050,41,039,"Oregon","Lane County",1,45,4274,2193,2081
050,41,039,"Oregon","Lane County",1,46,4266,2176,2090
050,41,039,"Oregon","Lane County",1,47,4085,2018,2067
050,41,039,"Oregon","Lane County",1,48,4288,2208,2080
050,41,039,"Oregon","Lane County",1,49,4581,2348,2233
050,41,039,"Oregon","Lane County",1,50,4454,2282,2172
050,41,039,"Oregon","Lane County",1,51,4361,2241,2120
050,41,039,"Oregon","Lane County",1,52,4123,2095,2028
050,41,039,"Oregon","Lane County",1,53,4169,2109,2060
050,41,039,"Oregon","Lane County",1,54,4290,2136,2154
050,41,039,"Oregon","Lane County",1,55,4484,2240,2244
050,41,039,"Oregon","Lane County",1,56,4565,2241,2324
050,41,039,"Oregon","Lane County",1,57,4801,2285,2516
050,41,039,"Oregon","Lane County",1,58,4915,2336,2579
050,41,039,"Oregon","Lane County",1,59,4950,2389,2561
050,41,039,"Oregon","Lane County",1,60,5005,2399,2606
050,41,039,"Oregon","Lane County",1,61,4951,2340,2611
050,41,039,"Oregon","Lane County",1,62,5210,2458,2752
050,41,039,"Oregon","Lane County",1,63,5097,2404,2693
050,41,039,"Oregon","Lane County",1,64,5135,2388,2747
050,41,039,"Oregon","Lane County",1,65,5169,2432,2737
050,41,039,"Oregon","Lane County",1,66,5265,2466,2799
050,41,039,"Oregon","Lane County",1,67,5311,2489,2822
050,41,039,"Oregon","Lane County",1,68,5198,2490,2708
050,41,039,"Oregon","Lane County",1,69,4813,2256,2557
050,41,039,"Oregon","Lane County",1,70,4710,2256,2454
050,41,039,"Oregon","Lane County",1,71,4610,2226,2384
050,41,039,"Oregon","Lane County",1,72,4476,2147,2329
050,41,039,"Oregon","Lane County",1,73,4319,2046,2273
050,41,039,"Oregon","Lane County",1,74,2989,1410,1579
050,41,039,"Oregon","Lane County",1,75,2946,1427,1519
050,41,039,"Oregon","Lane County",1,76,2906,1356,1550
050,41,039,"Oregon","Lane County",1,77,2865,1321,1544
050,41,039,"Oregon","Lane County",1,78,2402,1093,1309
050,41,039,"Oregon","Lane County",1,79,2170,995,1175
050,41,039,"Oregon","Lane County",1,80,1970,902,1068
050,41,039,"Oregon","Lane County",1,81,1784,808,976
050,41,039,"Oregon","Lane County",1,82,1526,670,856
050,41,039,"Oregon","Lane County",1,83,1421,615,806
050,41,039,"Oregon","Lane County",1,84,1262,551,711
050,41,039,"Oregon","Lane County",1,85,7771,2901,4870
050,41,039,"Oregon","Lane County",2,0,3239,1673,1566
050,41,039,"Oregon","Lane County",2,1,3318,1710,1608
050,41,039,"Oregon","Lane County",2,2,3429,1759,1670
050,41,039,"Oregon","Lane County",2,3,3586,1841,1745
050,41,039,"Oregon","Lane County",2,4,3734,1936,1798
050,41,039,"Oregon","Lane County",2,5,3880,2018,1862
050,41,039,"Oregon","Lane County",2,6,3867,2042,1825
050,41,039,"Oregon","Lane County",2,7,3775,1924,1851
050,41,039,"Oregon","Lane County",2,8,3831,1967,1864
050,41,039,"Oregon","Lane County",2,9,3821,2004,1817
050,41,039,"Oregon","Lane County",2,10,3893,2031,1862
050,41,039,"Oregon","Lane County",2,11,4047,2082,1965
050,41,039,"Oregon","Lane County",2,12,4248,2176,2072
050,41,039,"Oregon","Lane County",2,13,4184,2108,2076
050,41,039,"Oregon","Lane County",2,14,4088,2089,1999
050,41,039,"Oregon","Lane County",2,15,4064,2104,1960
050,41,039,"Oregon","Lane County",2,16,4202,2151,2051
050,41,039,"Oregon","Lane County",2,17,4168,2116,2052
050,41,039,"Oregon","Lane County",2,18,5551,2707,2844
050,41,039,"Oregon","Lane County",2,19,7198,3533,3665
050,41,039,"Oregon","Lane County",2,20,7540,3687,3853
050,41,039,"Oregon","Lane County",2,21,7638,3688,3950
050,41,039,"Oregon","Lane County",2,22,7383,3598,3785
050,41,039,"Oregon","Lane County",2,23,6619,3425,3194
050,41,039,"Oregon","Lane County",2,24,5751,2949,2802
050,41,039,"Oregon","Lane County",2,25,5492,2885,2607
050,41,039,"Oregon","Lane County",2,26,5168,2673,2495
050,41,039,"Oregon","Lane County",2,27,4963,2557,2406
050,41,039,"Oregon","Lane County",2,28,5099,2590,2509
050,41,039,"Oregon","Lane County",2,29,5327,2704,2623
050,41,039,"Oregon","Lane County",2,30,5268,2751,2517
050,41,039,"Oregon","Lane County",2,31,4869,2530,2339
050,41,039,"Oregon","Lane County",2,32,4671,2393,2278
050,41,039,"Oregon","Lane County",2,33,4547,2307,2240
050,41,039,"Oregon","Lane County",2,34,4607,2346,2261
050,41,039,"Oregon","Lane County",2,35,4753,2423,2330
050,41,039,"Oregon","Lane County",2,36,4785,2416,2369
050,41,039,"Oregon","Lane County",2,37,4945,2484,2461
050,41,039,"Oregon","Lane County",2,38,4972,2488,2484
050,41,039,"Oregon","Lane County",2,39,5001,2507,2494
050,41,039,"Oregon","Lane County",2,40,5023,2521,2502
050,41,039,"Oregon","Lane County",2,41,4844,2460,2384
050,41,039,"Oregon","Lane County",2,42,4709,2418,2291
050,41,039,"Oregon","Lane County",2,43,4583,2326,2257
050,41,039,"Oregon","Lane County",2,44,4299,2182,2117
050,41,039,"Oregon","Lane County",2,45,4311,2208,2103
050,41,039,"Oregon","Lane County",2,46,4269,2177,2092
050,41,039,"Oregon","Lane County",2,47,4116,2043,2073
050,41,039,"Oregon","Lane County",2,48,4240,2165,2075
050,41,039,"Oregon","Lane County",2,49,4522,2329,2193
050,41,039,"Oregon","Lane County",2,50,4491,2307,2184
050,41,039,"Oregon","Lane County",2,51,4372,2240,2132
050,41,039,"Oregon","Lane County",2,52,4172,2124,2048
050,41,039,"Oregon","Lane County",2,53,4170,2119,2051
050,41,039,"Oregon","Lane County",2,54,4257,2127,2130
050,41,039,"Oregon","Lane County",2,55,4440,2213,2227
050,41,039,"Oregon","Lane County",2,56,4563,2247,2316
050,41,039,"Oregon","Lane County",2,57,4747,2271,2476
050,41,039,"Oregon","Lane County",2,58,4865,2307,2558
050,41,039,"Oregon","Lane County",2,59,4957,2381,2576
050,41,039,"Oregon","Lane County",2,60,4978,2385,2593
050,41,039,"Oregon","Lane County",2,61,4947,2347,2600
050,41,039,"Oregon","Lane County",2,62,5156,2430,2726
050,41,039,"Oregon","Lane County",2,63,5169,2441,2728
050,41,039,"Oregon","Lane County",2,64,5090,2369,2721
050,41,039,"Oregon","Lane County",2,65,5145,2416,2729
050,41,039,"Oregon","Lane County",2,66,5253,2457,2796
050,41,039,"Oregon","Lane County",2,67,5284,2474,2810
050,41,039,"Oregon","Lane County",2,68,5189,2467,2722
050,41,039,"Oregon","Lane County",2,69,4940,2330,2610
050,41,039,"Oregon","Lane County",2,70,4714,2247,2467
050,41,039,"Oregon","Lane County",2,71,4650,2237,2413
050,41,039,"Oregon","Lane County",2,72,4427,2130,2297
050,41,039,"Oregon","Lane County",2,73,4559,2163,2396
050,41,039,"Oregon","Lane County",2,74,3095,1454,1641
050,41,039,"Oregon","Lane County",2,75,2950,1420,1530
050,41,039,"Oregon","Lane County",2,76,2868,1348,1520
050,41,039,"Oregon","Lane County",2,77,2933,1350,1583
050,41,039,"Oregon","Lane County",2,78,2449,1123,1326
050,41,039,"Oregon","Lane County",2,79,2181,996,1185
050,41,039,"Oregon","Lane County",2,80,1994,914,1080
050,41,039,"Oregon","Lane County",2,81,1802,817,985
050,41,039,"Oregon","Lane County",2,82,1567,696,871
050,41,039,"Oregon","Lane County",2,83,1424,615,809
050,41,039,"Oregon","Lane County",2,84,1269,553,716
050,41,039,"Oregon","Lane County",2,85,7804,2926,4878
050,41,039,"Oregon","Lane County",3,0,3034,1611,1423
050,41,039,"Oregon","Lane County",3,1,3251,1680,1571
050,41,039,"Oregon","Lane County",3,2,3275,1666,1609
050,41,039,"Oregon","Lane County",3,3,3426,1752,1674
050,41,039,"Oregon","Lane County",3,4,3561,1840,1721
050,41,039,"Oregon","Lane County",3,5,3718,1934,1784
050,41,039,"Oregon","Lane County",3,6,3868,2011,1857
050,41,039,"Oregon","Lane County",3,7,3840,2032,1808
050,41,039,"Oregon","Lane County",3,8,3783,1930,1853
050,41,039,"Oregon","Lane County",3,9,3828,1964,1864
050,41,039,"Oregon","Lane County",3,10,3859,2009,1850
050,41,039,"Oregon","Lane County",3,11,3889,2030,1859
050,41,039,"Oregon","Lane County",3,12,4059,2069,1990
050,41,039,"Oregon","Lane County",3,13,4264,2178,2086
050,41,039,"Oregon","Lane County",3,14,4217,2125,2092
050,41,039,"Oregon","Lane County",3,15,4082,2071,2011
050,41,039,"Oregon","Lane County",3,16,4086,2117,1969
050,41,039,"Oregon","Lane County",3,17,4209,2169,2040
050,41,039,"Oregon","Lane County",3,18,5590,2726,2864
050,41,039,"Oregon","Lane County",3,19,7199,3550,3649
050,41,039,"Oregon","Lane County",3,20,7652,3726,3926
050,41,039,"Oregon","Lane County",3,21,7649,3680,3969
050,41,039,"Oregon","Lane County",3,22,7331,3560,3771
050,41,039,"Oregon","Lane County",3,23,6564,3371,3193
050,41,039,"Oregon","Lane County",3,24,5801,2954,2847
050,41,039,"Oregon","Lane County",3,25,5471,2821,2650
050,41,039,"Oregon","Lane County",3,26,5110,2659,2451
050,41,039,"Oregon","Lane County",3,27,4901,2532,2369
050,41,039,"Oregon","Lane County",3,28,4976,2532,2444
050,41,039,"Oregon","Lane County",3,29,5178,2655,2523
050,41,039,"Oregon","Lane County",3,30,5249,2650,2599
050,41,039,"Oregon","Lane County",3,31,5228,2703,2525
050,41,039,"Oregon","Lane County",3,32,4899,2537,2362
050,41,039,"Oregon","Lane County",3,33,4705,2396,2309
050,41,039,"Oregon","Lane County",3,34,4569,2290,2279
050,41,039,"Oregon","Lane County",3,35,4687,2392,2295
050,41,039,"Oregon","Lane County",3,36,4712,2388,2324
050,41,039,"Oregon","Lane County",3,37,4826,2429,2397
050,41,039,"Oregon","Lane County",3,38,4965,2513,2452
050,41,039,"Oregon","Lane County",3,39,4963,2515,2448
050,41,039,"Oregon","Lane County",3,40,5045,2519,2526
050,41,039,"Oregon","Lane County",3,41,5058,2542,2516
050,41,039,"Oregon","Lane County",3,42,4883,2497,2386
050,41,039,"Oregon","Lane County",3,43,4696,2407,2289
050,41,039,"Oregon","Lane County",3,44,4620,2330,2290
050,41,039,"Oregon","Lane County",3,45,4347,2219,2128
050,41,039,"Oregon","Lane County",3,46,4272,2184,2088
050,41,039,"Oregon","Lane County",3,47,4276,2174,2102
050,41,039,"Oregon","Lane County",3,48,4131,2042,2089
050,41,039,"Oregon","Lane County",3,49,4169,2133,2036
050,41,039,"Oregon","Lane County",3,50,4537,2331,2206
050,41,039,"Oregon","Lane County",3,51,4465,2279,2186
050,41,039,"Oregon","Lane County",3,52,4350,2215,2135
050,41,039,"Oregon","Lane County",3,53,4177,2141,2036
050,41,039,"Oregon","Lane County",3,54,4145,2087,2058
050,41,039,"Oregon","Lane County",3,55,4227,2109,2118
050,41,039,"Oregon","Lane County",3,56,4439,2213,2226
050,41,039,"Oregon","Lane County",3,57,4596,2260,2336
050,41,039,"Oregon","Lane County",3,58,4644,2206,2438
050,41,039,"Oregon","Lane County",3,59,4857,2295,2562
050,41,039,"Oregon","Lane County",3,60,4987,2398,2589
050,41,039,"Oregon","Lane County",3,61,4957,2356,2601
050,41,039,"Oregon","Lane County",3,62,4961,2333,2628
050,41,039,"Oregon","Lane County",3,63,5110,2417,2693
050,41,039,"Oregon","Lane County",3,64,5086,2343,2743
050,41,039,"Oregon","Lane County",3,65,5012,2327,2685
050,41,039,"Oregon","Lane County",3,66,5100,2388,2712
050,41,039,"Oregon","Lane County",3,67,5244,2459,2785
050,41,039,"Oregon","Lane County",3,68,5221,2425,2796
050,41,039,"Oregon","Lane County",3,69,5131,2416,2715
050,41,039,"Oregon","Lane County",3,70,4864,2296,2568
050,41,039,"Oregon","Lane County",3,71,4673,2242,2431
050,41,039,"Oregon","Lane County",3,72,4570,2197,2373
050,41,039,"Oregon","Lane County",3,73,4309,2062,2247
050,41,039,"Oregon","Lane County",3,74,4469,2107,2362
050,41,039,"Oregon","Lane County",3,75,3006,1406,1600
050,41,039,"Oregon","Lane County",3,76,2835,1351,1484
050,41,039,"Oregon","Lane County",3,77,2808,1296,1512
050,41,039,"Oregon","Lane County",3,78,2819,1311,1508
050,41,039,"Oregon","Lane County",3,79,2344,1052,1292
050,41,039,"Oregon","Lane County",3,80,2047,951,1096
050,41,039,"Oregon","Lane County",3,81,1863,845,1018
050,41,039,"Oregon","Lane County",3,82,1675,751,924
050,41,039,"Oregon","Lane County",3,83,1498,622,876
050,41,039,"Oregon","Lane County",3,84,1309,562,747
050,41,039,"Oregon","Lane County",3,85,7815,2976,4839
050,41,039,"Oregon","Lane County",4,0,3112,1627,1485
050,41,039,"Oregon","Lane County",4,1,3019,1565,1454
050,41,039,"Oregon","Lane County",4,2,3251,1683,1568
050,41,039,"Oregon","Lane County",4,3,3238,1669,1569
050,41,039,"Oregon","Lane County",4,4,3414,1743,1671
050,41,039,"Oregon","Lane County",4,5,3552,1826,1726
050,41,039,"Oregon","Lane County",4,6,3688,1902,1786
050,41,039,"Oregon","Lane County",4,7,3873,2020,1853
050,41,039,"Oregon","Lane County",4,8,3814,2011,1803
050,41,039,"Oregon","Lane County",4,9,3757,1920,1837
050,41,039,"Oregon","Lane County",4,10,3819,1969,1850
050,41,039,"Oregon","Lane County",4,11,3849,1988,1861
050,41,039,"Oregon","Lane County",4,12,3858,2012,1846
050,41,039,"Oregon","Lane County",4,13,4065,2079,1986
050,41,039,"Oregon","Lane County",4,14,4275,2183,2092
050,41,039,"Oregon","Lane County",4,15,4164,2097,2067
050,41,039,"Oregon","Lane County",4,16,4091,2071,2020
050,41,039,"Oregon","Lane County",4,17,4086,2102,1984
050,41,039,"Oregon","Lane County",4,18,5570,2761,2809
050,41,039,"Oregon","Lane County",4,19,7067,3475,3592
050,41,039,"Oregon","Lane County",4,20,7436,3630,3806
050,41,039,"Oregon","Lane County",4,21,7871,3804,4067
050,41,039,"Oregon","Lane County",4,22,7362,3580,3782
050,41,039,"Oregon","Lane County",4,23,6462,3323,3139
050,41,039,"Oregon","Lane County",4,24,5650,2839,2811
050,41,039,"Oregon","Lane County",4,25,5419,2814,2605
050,41,039,"Oregon","Lane County",4,26,5018,2577,2441
050,41,039,"Oregon","Lane County",4,27,4794,2491,2303
050,41,039,"Oregon","Lane County",4,28,4841,2516,2325
050,41,039,"Oregon","Lane County",4,29,4914,2500,2414
050,41,039,"Oregon","Lane County",4,30,5094,2589,2505
050,41,039,"Oregon","Lane County",4,31,5204,2643,2561
050,41,039,"Oregon","Lane County",4,32,5242,2712,2530
050,41,039,"Oregon","Lane County",4,33,4884,2524,2360
050,41,039,"Oregon","Lane County",4,34,4730,2401,2329
050,41,039,"Oregon","Lane County",4,35,4596,2298,2298
050,41,039,"Oregon","Lane County",4,36,4612,2339,2273
050,41,039,"Oregon","Lane County",4,37,4697,2404,2293
050,41,039,"Oregon","Lane County",4,38,4770,2417,2353
050,41,039,"Oregon","Lane County",4,39,4933,2483,2450
050,41,039,"Oregon","Lane County",4,40,4975,2499,2476
050,41,039,"Oregon","Lane County",4,41,4975,2482,2493
050,41,039,"Oregon","Lane County",4,42,4968,2508,2460
050,41,039,"Oregon","Lane County",4,43,4778,2425,2353
050,41,039,"Oregon","Lane County",4,44,4651,2375,2276
050,41,039,"Oregon","Lane County",4,45,4629,2346,2283
050,41,039,"Oregon","Lane County",4,46,4273,2172,2101
050,41,039,"Oregon","Lane County",4,47,4242,2160,2082
050,41,039,"Oregon","Lane County",4,48,4248,2171,2077
050,41,039,"Oregon","Lane County",4,49,4036,2012,2024
050,41,039,"Oregon","Lane County",4,50,4198,2149,2049
050,41,039,"Oregon","Lane County",4,51,4511,2273,2238
050,41,039,"Oregon","Lane County",4,52,4425,2253,2172
050,41,039,"Oregon","Lane County",4,53,4340,2244,2096
050,41,039,"Oregon","Lane County",4,54,4155,2127,2028
050,41,039,"Oregon","Lane County",4,55,4142,2062,2080
050,41,039,"Oregon","Lane County",4,56,4232,2106,2126
050,41,039,"Oregon","Lane County",4,57,4439,2218,2221
050,41,039,"Oregon","Lane County",4,58,4464,2164,2300
050,41,039,"Oregon","Lane County",4,59,4592,2186,2406
050,41,039,"Oregon","Lane County",4,60,4820,2274,2546
050,41,039,"Oregon","Lane County",4,61,4917,2371,2546
050,41,039,"Oregon","Lane County",4,62,4907,2317,2590
050,41,039,"Oregon","Lane County",4,63,4887,2278,2609
050,41,039,"Oregon","Lane County",4,64,5047,2354,2693
050,41,039,"Oregon","Lane County",4,65,4974,2296,2678
050,41,039,"Oregon","Lane County",4,66,4922,2269,2653
050,41,039,"Oregon","Lane County",4,67,5098,2393,2705
050,41,039,"Oregon","Lane County",4,68,5166,2381,2785
050,41,039,"Oregon","Lane County",4,69,5136,2368,2768
050,41,039,"Oregon","Lane County",4,70,5079,2368,2711
050,41,039,"Oregon","Lane County",4,71,4795,2263,2532
050,41,039,"Oregon","Lane County",4,72,4580,2175,2405
050,41,039,"Oregon","Lane County",4,73,4404,2102,2302
050,41,039,"Oregon","Lane County",4,74,4187,1991,2196
050,41,039,"Oregon","Lane County",4,75,4335,2044,2291
050,41,039,"Oregon","Lane County",4,76,2880,1336,1544
050,41,039,"Oregon","Lane County",4,77,2816,1312,1504
050,41,039,"Oregon","Lane County",4,78,2704,1267,1437
050,41,039,"Oregon","Lane County",4,79,2685,1241,1444
050,41,039,"Oregon","Lane County",4,80,2204,988,1216
050,41,039,"Oregon","Lane County",4,81,1894,861,1033
050,41,039,"Oregon","Lane County",4,82,1727,780,947
050,41,039,"Oregon","Lane County",4,83,1615,703,912
050,41,039,"Oregon","Lane County",4,84,1339,544,795
050,41,039,"Oregon","Lane County",4,85,7699,2956,4743
050,41,039,"Oregon","Lane County",5,0,3034,1594,1440
050,41,039,"Oregon","Lane County",5,1,3101,1604,1497
050,41,039,"Oregon","Lane County",5,2,2994,1553,1441
050,41,039,"Oregon","Lane County",5,3,3255,1703,1552
050,41,039,"Oregon","Lane County",5,4,3228,1647,1581
050,41,039,"Oregon","Lane County",5,5,3385,1742,1643
050,41,039,"Oregon","Lane County",5,6,3551,1828,1723
050,41,039,"Oregon","Lane County",5,7,3714,1902,1812
050,41,039,"Oregon","Lane County",5,8,3855,2011,1844
050,41,039,"Oregon","Lane County",5,9,3807,2005,1802
050,41,039,"Oregon","Lane County",5,10,3737,1912,1825
050,41,039,"Oregon","Lane County",5,11,3818,1972,1846
050,41,039,"Oregon","Lane County",5,12,3821,1961,1860
050,41,039,"Oregon","Lane County",5,13,3820,1996,1824
050,41,039,"Oregon","Lane County",5,14,4052,2078,1974
050,41,039,"Oregon","Lane County",5,15,4230,2175,2055
050,41,039,"Oregon","Lane County",5,16,4158,2089,2069
050,41,039,"Oregon","Lane County",5,17,4101,2072,2029
050,41,039,"Oregon","Lane County",5,18,5454,2690,2764
050,41,039,"Oregon","Lane County",5,19,7110,3529,3581
050,41,039,"Oregon","Lane County",5,20,7425,3603,3822
050,41,039,"Oregon","Lane County",5,21,7615,3656,3959
050,41,039,"Oregon","Lane County",5,22,7575,3658,3917
050,41,039,"Oregon","Lane County",5,23,6471,3358,3113
050,41,039,"Oregon","Lane County",5,24,5580,2826,2754
050,41,039,"Oregon","Lane County",5,25,5359,2739,2620
050,41,039,"Oregon","Lane County",5,26,4984,2562,2422
050,41,039,"Oregon","Lane County",5,27,4682,2370,2312
050,41,039,"Oregon","Lane County",5,28,4775,2466,2309
050,41,039,"Oregon","Lane County",5,29,4757,2493,2264
050,41,039,"Oregon","Lane County",5,30,4914,2494,2420
050,41,039,"Oregon","Lane County",5,31,4985,2549,2436
050,41,039,"Oregon","Lane County",5,32,5157,2613,2544
050,41,039,"Oregon","Lane County",5,33,5189,2676,2513
050,41,039,"Oregon","Lane County",5,34,4873,2538,2335
050,41,039,"Oregon","Lane County",5,35,4709,2377,2332
050,41,039,"Oregon","Lane County",5,36,4596,2311,2285
050,41,039,"Oregon","Lane County",5,37,4627,2346,2281
050,41,039,"Oregon","Lane County",5,38,4715,2403,2312
050,41,039,"Oregon","Lane County",5,39,4738,2422,2316
050,41,039,"Oregon","Lane County",5,40,4957,2471,2486
050,41,039,"Oregon","Lane County",5,41,5009,2492,2517
050,41,039,"Oregon","Lane County",5,42,4968,2499,2469
050,41,039,"Oregon","Lane County",5,43,4934,2476,2458
050,41,039,"Oregon","Lane County",5,44,4735,2397,2338
050,41,039,"Oregon","Lane County",5,45,4675,2370,2305
050,41,039,"Oregon","Lane County",5,46,4579,2327,2252
050,41,039,"Oregon","Lane County",5,47,4228,2145,2083
050,41,039,"Oregon","Lane County",5,48,4260,2176,2084
050,41,039,"Oregon","Lane County",5,49,4214,2175,2039
050,41,039,"Oregon","Lane County",5,50,4052,2035,2017
050,41,039,"Oregon","Lane County",5,51,4184,2131,2053
050,41,039,"Oregon","Lane County",5,52,4448,2222,2226
050,41,039,"Oregon","Lane County",5,53,4418,2257,2161
050,41,039,"Oregon","Lane County",5,54,4311,2202,2109
050,41,039,"Oregon","Lane County",5,55,4168,2106,2062
050,41,039,"Oregon","Lane County",5,56,4130,2063,2067
050,41,039,"Oregon","Lane County",5,57,4258,2125,2133
050,41,039,"Oregon","Lane County",5,58,4320,2139,2181
050,41,039,"Oregon","Lane County",5,59,4424,2143,2281
050,41,039,"Oregon","Lane County",5,60,4560,2157,2403
050,41,039,"Oregon","Lane County",5,61,4796,2248,2548
050,41,039,"Oregon","Lane County",5,62,4939,2353,2586
050,41,039,"Oregon","Lane County",5,63,4912,2310,2602
050,41,039,"Oregon","Lane County",5,64,4795,2207,2588
050,41,039,"Oregon","Lane County",5,65,4951,2307,2644
050,41,039,"Oregon","Lane County",5,66,4934,2282,2652
050,41,039,"Oregon","Lane County",5,67,4857,2231,2626
050,41,039,"Oregon","Lane County",5,68,5021,2319,2702
050,41,039,"Oregon","Lane County",5,69,5075,2320,2755
050,41,039,"Oregon","Lane County",5,70,5065,2326,2739
050,41,039,"Oregon","Lane County",5,71,5024,2328,2696
050,41,039,"Oregon","Lane County",5,72,4695,2208,2487
050,41,039,"Oregon","Lane County",5,73,4461,2091,2370
050,41,039,"Oregon","Lane County",5,74,4296,2033,2263
050,41,039,"Oregon","Lane County",5,75,4064,1937,2127
050,41,039,"Oregon","Lane County",5,76,4196,1964,2232
050,41,039,"Oregon","Lane County",5,77,2833,1284,1549
050,41,039,"Oregon","Lane County",5,78,2707,1265,1442
050,41,039,"Oregon","Lane County",5,79,2593,1203,1390
050,41,039,"Oregon","Lane County",5,80,2529,1167,1362
050,41,039,"Oregon","Lane County",5,81,2060,910,1150
050,41,039,"Oregon","Lane County",5,82,1744,778,966
050,41,039,"Oregon","Lane County",5,83,1678,730,948
050,41,039,"Oregon","Lane County",5,84,1461,626,835
050,41,039,"Oregon","Lane County",5,85,7712,2952,4760
050,41,041,"Oregon","Lincoln County",1,0,382,195,187
050,41,041,"Oregon","Lincoln County",1,1,378,196,182
050,41,041,"Oregon","Lincoln County",1,2,386,216,170
050,41,041,"Oregon","Lincoln County",1,3,409,231,178
050,41,041,"Oregon","Lincoln County",1,4,436,233,203
050,41,041,"Oregon","Lincoln County",1,5,445,244,201
050,41,041,"Oregon","Lincoln County",1,6,483,233,250
050,41,041,"Oregon","Lincoln County",1,7,490,260,230
050,41,041,"Oregon","Lincoln County",1,8,440,239,201
050,41,041,"Oregon","Lincoln County",1,9,474,245,229
050,41,041,"Oregon","Lincoln County",1,10,518,266,252
050,41,041,"Oregon","Lincoln County",1,11,487,245,242
050,41,041,"Oregon","Lincoln County",1,12,522,251,271
050,41,041,"Oregon","Lincoln County",1,13,504,252,252
050,41,041,"Oregon","Lincoln County",1,14,480,240,240
050,41,041,"Oregon","Lincoln County",1,15,493,233,260
050,41,041,"Oregon","Lincoln County",1,16,490,246,244
050,41,041,"Oregon","Lincoln County",1,17,460,242,218
050,41,041,"Oregon","Lincoln County",1,18,472,252,220
050,41,041,"Oregon","Lincoln County",1,19,443,236,207
050,41,041,"Oregon","Lincoln County",1,20,425,227,198
050,41,041,"Oregon","Lincoln County",1,21,405,211,194
050,41,041,"Oregon","Lincoln County",1,22,395,197,198
050,41,041,"Oregon","Lincoln County",1,23,379,185,194
050,41,041,"Oregon","Lincoln County",1,24,393,200,193
050,41,041,"Oregon","Lincoln County",1,25,433,217,216
050,41,041,"Oregon","Lincoln County",1,26,419,232,187
050,41,041,"Oregon","Lincoln County",1,27,446,235,211
050,41,041,"Oregon","Lincoln County",1,28,450,222,228
050,41,041,"Oregon","Lincoln County",1,29,485,224,261
050,41,041,"Oregon","Lincoln County",1,30,474,215,259
050,41,041,"Oregon","Lincoln County",1,31,440,219,221
050,41,041,"Oregon","Lincoln County",1,32,453,235,218
050,41,041,"Oregon","Lincoln County",1,33,472,227,245
050,41,041,"Oregon","Lincoln County",1,34,505,245,260
050,41,041,"Oregon","Lincoln County",1,35,491,240,251
050,41,041,"Oregon","Lincoln County",1,36,533,265,268
050,41,041,"Oregon","Lincoln County",1,37,557,274,283
050,41,041,"Oregon","Lincoln County",1,38,593,293,300
050,41,041,"Oregon","Lincoln County",1,39,566,280,286
050,41,041,"Oregon","Lincoln County",1,40,587,270,317
050,41,041,"Oregon","Lincoln County",1,41,553,259,294
050,41,041,"Oregon","Lincoln County",1,42,527,250,277
050,41,041,"Oregon","Lincoln County",1,43,542,268,274
050,41,041,"Oregon","Lincoln County",1,44,499,237,262
050,41,041,"Oregon","Lincoln County",1,45,488,253,235
050,41,041,"Oregon","Lincoln County",1,46,461,238,223
050,41,041,"Oregon","Lincoln County",1,47,481,235,246
050,41,041,"Oregon","Lincoln County",1,48,546,268,278
050,41,041,"Oregon","Lincoln County",1,49,566,299,267
050,41,041,"Oregon","Lincoln County",1,50,610,300,310
050,41,041,"Oregon","Lincoln County",1,51,596,282,314
050,41,041,"Oregon","Lincoln County",1,52,562,258,304
050,41,041,"Oregon","Lincoln County",1,53,575,273,302
050,41,041,"Oregon","Lincoln County",1,54,551,257,294
050,41,041,"Oregon","Lincoln County",1,55,618,269,349
050,41,041,"Oregon","Lincoln County",1,56,723,328,395
050,41,041,"Oregon","Lincoln County",1,57,774,359,415
050,41,041,"Oregon","Lincoln County",1,58,814,383,431
050,41,041,"Oregon","Lincoln County",1,59,866,404,462
050,41,041,"Oregon","Lincoln County",1,60,882,404,478
050,41,041,"Oregon","Lincoln County",1,61,927,429,498
050,41,041,"Oregon","Lincoln County",1,62,984,453,531
050,41,041,"Oregon","Lincoln County",1,63,1007,451,556
050,41,041,"Oregon","Lincoln County",1,64,1069,497,572
050,41,041,"Oregon","Lincoln County",1,65,1085,523,562
050,41,041,"Oregon","Lincoln County",1,66,1119,521,598
050,41,041,"Oregon","Lincoln County",1,67,1144,532,612
050,41,041,"Oregon","Lincoln County",1,68,1111,523,588
050,41,041,"Oregon","Lincoln County",1,69,1002,467,535
050,41,041,"Oregon","Lincoln County",1,70,1010,474,536
050,41,041,"Oregon","Lincoln County",1,71,963,440,523
050,41,041,"Oregon","Lincoln County",1,72,897,420,477
050,41,041,"Oregon","Lincoln County",1,73,952,456,496
050,41,041,"Oregon","Lincoln County",1,74,616,292,324
050,41,041,"Oregon","Lincoln County",1,75,593,300,293
050,41,041,"Oregon","Lincoln County",1,76,600,288,312
050,41,041,"Oregon","Lincoln County",1,77,604,300,304
050,41,041,"Oregon","Lincoln County",1,78,472,215,257
050,41,041,"Oregon","Lincoln County",1,79,382,177,205
050,41,041,"Oregon","Lincoln County",1,80,343,167,176
050,41,041,"Oregon","Lincoln County",1,81,300,136,164
050,41,041,"Oregon","Lincoln County",1,82,295,148,147
050,41,041,"Oregon","Lincoln County",1,83,251,122,129
050,41,041,"Oregon","Lincoln County",1,84,206,98,108
050,41,041,"Oregon","Lincoln County",1,85,1140,463,677
050,41,041,"Oregon","Lincoln County",2,0,374,195,179
050,41,041,"Oregon","Lincoln County",2,1,375,195,180
050,41,041,"Oregon","Lincoln County",2,2,386,214,172
050,41,041,"Oregon","Lincoln County",2,3,402,225,177
050,41,041,"Oregon","Lincoln County",2,4,430,232,198
050,41,041,"Oregon","Lincoln County",2,5,442,241,201
050,41,041,"Oregon","Lincoln County",2,6,476,238,238
050,41,041,"Oregon","Lincoln County",2,7,485,254,231
050,41,041,"Oregon","Lincoln County",2,8,452,244,208
050,41,041,"Oregon","Lincoln County",2,9,470,246,224
050,41,041,"Oregon","Lincoln County",2,10,504,257,247
050,41,041,"Oregon","Lincoln County",2,11,494,248,246
050,41,041,"Oregon","Lincoln County",2,12,513,249,264
050,41,041,"Oregon","Lincoln County",2,13,509,253,256
050,41,041,"Oregon","Lincoln County",2,14,488,245,243
050,41,041,"Oregon","Lincoln County",2,15,493,236,257
050,41,041,"Oregon","Lincoln County",2,16,495,246,249
050,41,041,"Oregon","Lincoln County",2,17,471,245,226
050,41,041,"Oregon","Lincoln County",2,18,463,246,217
050,41,041,"Oregon","Lincoln County",2,19,448,241,207
050,41,041,"Oregon","Lincoln County",2,20,428,230,198
050,41,041,"Oregon","Lincoln County",2,21,412,216,196
050,41,041,"Oregon","Lincoln County",2,22,400,200,200
050,41,041,"Oregon","Lincoln County",2,23,389,193,196
050,41,041,"Oregon","Lincoln County",2,24,390,196,194
050,41,041,"Oregon","Lincoln County",2,25,423,214,209
050,41,041,"Oregon","Lincoln County",2,26,423,228,195
050,41,041,"Oregon","Lincoln County",2,27,440,233,207
050,41,041,"Oregon","Lincoln County",2,28,451,226,225
050,41,041,"Oregon","Lincoln County",2,29,477,223,254
050,41,041,"Oregon","Lincoln County",2,30,475,215,260
050,41,041,"Oregon","Lincoln County",2,31,448,218,230
050,41,041,"Oregon","Lincoln County",2,32,449,231,218
050,41,041,"Oregon","Lincoln County",2,33,465,228,237
050,41,041,"Oregon","Lincoln County",2,34,500,243,257
050,41,041,"Oregon","Lincoln County",2,35,501,244,257
050,41,041,"Oregon","Lincoln County",2,36,521,256,265
050,41,041,"Oregon","Lincoln County",2,37,557,273,284
050,41,041,"Oregon","Lincoln County",2,38,583,289,294
050,41,041,"Oregon","Lincoln County",2,39,574,285,289
050,41,041,"Oregon","Lincoln County",2,40,588,276,312
050,41,041,"Oregon","Lincoln County",2,41,562,262,300
050,41,041,"Oregon","Lincoln County",2,42,529,249,280
050,41,041,"Oregon","Lincoln County",2,43,544,267,277
050,41,041,"Oregon","Lincoln County",2,44,509,245,264
050,41,041,"Oregon","Lincoln County",2,45,499,253,246
050,41,041,"Oregon","Lincoln County",2,46,467,240,227
050,41,041,"Oregon","Lincoln County",2,47,476,236,240
050,41,041,"Oregon","Lincoln County",2,48,530,260,270
050,41,041,"Oregon","Lincoln County",2,49,567,295,272
050,41,041,"Oregon","Lincoln County",2,50,604,304,300
050,41,041,"Oregon","Lincoln County",2,51,601,288,313
050,41,041,"Oregon","Lincoln County",2,52,567,263,304
050,41,041,"Oregon","Lincoln County",2,53,572,271,301
050,41,041,"Oregon","Lincoln County",2,54,556,260,296
050,41,041,"Oregon","Lincoln County",2,55,613,272,341
050,41,041,"Oregon","Lincoln County",2,56,704,318,386
050,41,041,"Oregon","Lincoln County",2,57,766,352,414
050,41,041,"Oregon","Lincoln County",2,58,810,380,430
050,41,041,"Oregon","Lincoln County",2,59,863,402,461
050,41,041,"Oregon","Lincoln County",2,60,883,405,478
050,41,041,"Oregon","Lincoln County",2,61,922,425,497
050,41,041,"Oregon","Lincoln County",2,62,980,451,529
050,41,041,"Oregon","Lincoln County",2,63,1013,458,555
050,41,041,"Oregon","Lincoln County",2,64,1055,488,567
050,41,041,"Oregon","Lincoln County",2,65,1084,518,566
050,41,041,"Oregon","Lincoln County",2,66,1116,523,593
050,41,041,"Oregon","Lincoln County",2,67,1136,528,608
050,41,041,"Oregon","Lincoln County",2,68,1113,519,594
050,41,041,"Oregon","Lincoln County",2,69,1040,486,554
050,41,041,"Oregon","Lincoln County",2,70,1009,470,539
050,41,041,"Oregon","Lincoln County",2,71,975,445,530
050,41,041,"Oregon","Lincoln County",2,72,898,416,482
050,41,041,"Oregon","Lincoln County",2,73,986,470,516
050,41,041,"Oregon","Lincoln County",2,74,654,311,343
050,41,041,"Oregon","Lincoln County",2,75,595,293,302
050,41,041,"Oregon","Lincoln County",2,76,586,283,303
050,41,041,"Oregon","Lincoln County",2,77,614,303,311
050,41,041,"Oregon","Lincoln County",2,78,493,229,264
050,41,041,"Oregon","Lincoln County",2,79,393,180,213
050,41,041,"Oregon","Lincoln County",2,80,346,165,181
050,41,041,"Oregon","Lincoln County",2,81,307,141,166
050,41,041,"Oregon","Lincoln County",2,82,298,146,152
050,41,041,"Oregon","Lincoln County",2,83,256,126,130
050,41,041,"Oregon","Lincoln County",2,84,217,102,115
050,41,041,"Oregon","Lincoln County",2,85,1138,462,676
050,41,041,"Oregon","Lincoln County",3,0,375,187,188
050,41,041,"Oregon","Lincoln County",3,1,355,186,169
050,41,041,"Oregon","Lincoln County",3,2,379,205,174
050,41,041,"Oregon","Lincoln County",3,3,400,226,174
050,41,041,"Oregon","Lincoln County",3,4,410,224,186
050,41,041,"Oregon","Lincoln County",3,5,410,228,182
050,41,041,"Oregon","Lincoln County",3,6,463,252,211
050,41,041,"Oregon","Lincoln County",3,7,462,232,230
050,41,041,"Oregon","Lincoln County",3,8,481,253,228
050,41,041,"Oregon","Lincoln County",3,9,451,250,201
050,41,041,"Oregon","Lincoln County",3,10,467,237,230
050,41,041,"Oregon","Lincoln County",3,11,503,249,254
050,41,041,"Oregon","Lincoln County",3,12,508,255,253
050,41,041,"Oregon","Lincoln County",3,13,505,239,266
050,41,041,"Oregon","Lincoln County",3,14,514,253,261
050,41,041,"Oregon","Lincoln County",3,15,498,261,237
050,41,041,"Oregon","Lincoln County",3,16,503,246,257
050,41,041,"Oregon","Lincoln County",3,17,509,251,258
050,41,041,"Oregon","Lincoln County",3,18,469,243,226
050,41,041,"Oregon","Lincoln County",3,19,445,241,204
050,41,041,"Oregon","Lincoln County",3,20,415,229,186
050,41,041,"Oregon","Lincoln County",3,21,413,211,202
050,41,041,"Oregon","Lincoln County",3,22,400,191,209
050,41,041,"Oregon","Lincoln County",3,23,397,202,195
050,41,041,"Oregon","Lincoln County",3,24,414,201,213
050,41,041,"Oregon","Lincoln County",3,25,369,183,186
050,41,041,"Oregon","Lincoln County",3,26,455,238,217
050,41,041,"Oregon","Lincoln County",3,27,420,220,200
050,41,041,"Oregon","Lincoln County",3,28,443,222,221
050,41,041,"Oregon","Lincoln County",3,29,450,234,216
050,41,041,"Oregon","Lincoln County",3,30,476,212,264
050,41,041,"Oregon","Lincoln County",3,31,498,241,257
050,41,041,"Oregon","Lincoln County",3,32,484,245,239
050,41,041,"Oregon","Lincoln County",3,33,462,239,223
050,41,041,"Oregon","Lincoln County",3,34,490,242,248
050,41,041,"Oregon","Lincoln County",3,35,515,248,267
050,41,041,"Oregon","Lincoln County",3,36,508,249,259
050,41,041,"Oregon","Lincoln County",3,37,523,252,271
050,41,041,"Oregon","Lincoln County",3,38,554,268,286
050,41,041,"Oregon","Lincoln County",3,39,592,290,302
050,41,041,"Oregon","Lincoln County",3,40,588,290,298
050,41,041,"Oregon","Lincoln County",3,41,595,271,324
050,41,041,"Oregon","Lincoln County",3,42,559,266,293
050,41,041,"Oregon","Lincoln County",3,43,531,264,267
050,41,041,"Oregon","Lincoln County",3,44,530,251,279
050,41,041,"Oregon","Lincoln County",3,45,531,255,276
050,41,041,"Oregon","Lincoln County",3,46,516,264,252
050,41,041,"Oregon","Lincoln County",3,47,487,257,230
050,41,041,"Oregon","Lincoln County",3,48,495,243,252
050,41,041,"Oregon","Lincoln County",3,49,546,262,284
050,41,041,"Oregon","Lincoln County",3,50,583,308,275
050,41,041,"Oregon","Lincoln County",3,51,642,329,313
050,41,041,"Oregon","Lincoln County",3,52,615,296,319
050,41,041,"Oregon","Lincoln County",3,53,574,258,316
050,41,041,"Oregon","Lincoln County",3,54,598,290,308
050,41,041,"Oregon","Lincoln County",3,55,575,279,296
050,41,041,"Oregon","Lincoln County",3,56,639,288,351
050,41,041,"Oregon","Lincoln County",3,57,731,328,403
050,41,041,"Oregon","Lincoln County",3,58,793,359,434
050,41,041,"Oregon","Lincoln County",3,59,831,375,456
050,41,041,"Oregon","Lincoln County",3,60,898,401,497
050,41,041,"Oregon","Lincoln County",3,61,905,420,485
050,41,041,"Oregon","Lincoln County",3,62,945,432,513
050,41,041,"Oregon","Lincoln County",3,63,1009,472,537
050,41,041,"Oregon","Lincoln County",3,64,1032,463,569
050,41,041,"Oregon","Lincoln County",3,65,1042,478,564
050,41,041,"Oregon","Lincoln County",3,66,1114,532,582
050,41,041,"Oregon","Lincoln County",3,67,1129,529,600
050,41,041,"Oregon","Lincoln County",3,68,1135,521,614
050,41,041,"Oregon","Lincoln County",3,69,1106,520,586
050,41,041,"Oregon","Lincoln County",3,70,1038,490,548
050,41,041,"Oregon","Lincoln County",3,71,999,471,528
050,41,041,"Oregon","Lincoln County",3,72,965,438,527
050,41,041,"Oregon","Lincoln County",3,73,890,420,470
050,41,041,"Oregon","Lincoln County",3,74,965,467,498
050,41,041,"Oregon","Lincoln County",3,75,648,313,335
050,41,041,"Oregon","Lincoln County",3,76,569,284,285
050,41,041,"Oregon","Lincoln County",3,77,561,273,288
050,41,041,"Oregon","Lincoln County",3,78,615,295,320
050,41,041,"Oregon","Lincoln County",3,79,472,228,244
050,41,041,"Oregon","Lincoln County",3,80,361,159,202
050,41,041,"Oregon","Lincoln County",3,81,314,151,163
050,41,041,"Oregon","Lincoln County",3,82,296,134,162
050,41,041,"Oregon","Lincoln County",3,83,255,124,131
050,41,041,"Oregon","Lincoln County",3,84,242,115,127
050,41,041,"Oregon","Lincoln County",3,85,1164,476,688
050,41,041,"Oregon","Lincoln County",4,0,377,182,195
050,41,041,"Oregon","Lincoln County",4,1,376,179,197
050,41,041,"Oregon","Lincoln County",4,2,347,183,164
050,41,041,"Oregon","Lincoln County",4,3,353,190,163
050,41,041,"Oregon","Lincoln County",4,4,383,223,160
050,41,041,"Oregon","Lincoln County",4,5,401,224,177
050,41,041,"Oregon","Lincoln County",4,6,403,218,185
050,41,041,"Oregon","Lincoln County",4,7,455,235,220
050,41,041,"Oregon","Lincoln County",4,8,454,227,227
050,41,041,"Oregon","Lincoln County",4,9,455,253,202
050,41,041,"Oregon","Lincoln County",4,10,452,251,201
050,41,041,"Oregon","Lincoln County",4,11,465,237,228
050,41,041,"Oregon","Lincoln County",4,12,494,255,239
050,41,041,"Oregon","Lincoln County",4,13,490,243,247
050,41,041,"Oregon","Lincoln County",4,14,516,250,266
050,41,041,"Oregon","Lincoln County",4,15,490,243,247
050,41,041,"Oregon","Lincoln County",4,16,496,250,246
050,41,041,"Oregon","Lincoln County",4,17,498,243,255
050,41,041,"Oregon","Lincoln County",4,18,476,240,236
050,41,041,"Oregon","Lincoln County",4,19,448,232,216
050,41,041,"Oregon","Lincoln County",4,20,409,223,186
050,41,041,"Oregon","Lincoln County",4,21,381,205,176
050,41,041,"Oregon","Lincoln County",4,22,383,199,184
050,41,041,"Oregon","Lincoln County",4,23,409,197,212
050,41,041,"Oregon","Lincoln County",4,24,371,183,188
050,41,041,"Oregon","Lincoln County",4,25,411,196,215
050,41,041,"Oregon","Lincoln County",4,26,385,192,193
050,41,041,"Oregon","Lincoln County",4,27,469,241,228
050,41,041,"Oregon","Lincoln County",4,28,415,224,191
050,41,041,"Oregon","Lincoln County",4,29,458,235,223
050,41,041,"Oregon","Lincoln County",4,30,455,235,220
050,41,041,"Oregon","Lincoln County",4,31,483,218,265
050,41,041,"Oregon","Lincoln County",4,32,500,244,256
050,41,041,"Oregon","Lincoln County",4,33,473,240,233
050,41,041,"Oregon","Lincoln County",4,34,466,234,232
050,41,041,"Oregon","Lincoln County",4,35,500,252,248
050,41,041,"Oregon","Lincoln County",4,36,527,256,271
050,41,041,"Oregon","Lincoln County",4,37,509,243,266
050,41,041,"Oregon","Lincoln County",4,38,538,259,279
050,41,041,"Oregon","Lincoln County",4,39,562,278,284
050,41,041,"Oregon","Lincoln County",4,40,603,297,306
050,41,041,"Oregon","Lincoln County",4,41,596,300,296
050,41,041,"Oregon","Lincoln County",4,42,617,289,328
050,41,041,"Oregon","Lincoln County",4,43,571,277,294
050,41,041,"Oregon","Lincoln County",4,44,528,259,269
050,41,041,"Oregon","Lincoln County",4,45,530,249,281
050,41,041,"Oregon","Lincoln County",4,46,539,255,284
050,41,041,"Oregon","Lincoln County",4,47,513,263,250
050,41,041,"Oregon","Lincoln County",4,48,488,262,226
050,41,041,"Oregon","Lincoln County",4,49,510,252,258
050,41,041,"Oregon","Lincoln County",4,50,547,276,271
050,41,041,"Oregon","Lincoln County",4,51,588,324,264
050,41,041,"Oregon","Lincoln County",4,52,620,311,309
050,41,041,"Oregon","Lincoln County",4,53,626,287,339
050,41,041,"Oregon","Lincoln County",4,54,560,253,307
050,41,041,"Oregon","Lincoln County",4,55,582,273,309
050,41,041,"Oregon","Lincoln County",4,56,624,307,317
050,41,041,"Oregon","Lincoln County",4,57,649,294,355
050,41,041,"Oregon","Lincoln County",4,58,765,342,423
050,41,041,"Oregon","Lincoln County",4,59,811,363,448
050,41,041,"Oregon","Lincoln County",4,60,827,363,464
050,41,041,"Oregon","Lincoln County",4,61,902,392,510
050,41,041,"Oregon","Lincoln County",4,62,924,438,486
050,41,041,"Oregon","Lincoln County",4,63,971,452,519
050,41,041,"Oregon","Lincoln County",4,64,1020,474,546
050,41,041,"Oregon","Lincoln County",4,65,1047,487,560
050,41,041,"Oregon","Lincoln County",4,66,1089,503,586
050,41,041,"Oregon","Lincoln County",4,67,1128,526,602
050,41,041,"Oregon","Lincoln County",4,68,1105,526,579
050,41,041,"Oregon","Lincoln County",4,69,1136,536,600
050,41,041,"Oregon","Lincoln County",4,70,1121,532,589
050,41,041,"Oregon","Lincoln County",4,71,1022,488,534
050,41,041,"Oregon","Lincoln County",4,72,961,446,515
050,41,041,"Oregon","Lincoln County",4,73,941,413,528
050,41,041,"Oregon","Lincoln County",4,74,847,403,444
050,41,041,"Oregon","Lincoln County",4,75,934,452,482
050,41,041,"Oregon","Lincoln County",4,76,613,292,321
050,41,041,"Oregon","Lincoln County",4,77,539,262,277
050,41,041,"Oregon","Lincoln County",4,78,527,251,276
050,41,041,"Oregon","Lincoln County",4,79,567,279,288
050,41,041,"Oregon","Lincoln County",4,80,419,194,225
050,41,041,"Oregon","Lincoln County",4,81,347,153,194
050,41,041,"Oregon","Lincoln County",4,82,303,147,156
050,41,041,"Oregon","Lincoln County",4,83,250,111,139
050,41,041,"Oregon","Lincoln County",4,84,239,109,130
050,41,041,"Oregon","Lincoln County",4,85,1173,491,682
050,41,041,"Oregon","Lincoln County",5,0,356,171,185
050,41,041,"Oregon","Lincoln County",5,1,372,178,194
050,41,041,"Oregon","Lincoln County",5,2,342,167,175
050,41,041,"Oregon","Lincoln County",5,3,338,183,155
050,41,041,"Oregon","Lincoln County",5,4,362,192,170
050,41,041,"Oregon","Lincoln County",5,5,372,218,154
050,41,041,"Oregon","Lincoln County",5,6,385,209,176
050,41,041,"Oregon","Lincoln County",5,7,417,218,199
050,41,041,"Oregon","Lincoln County",5,8,461,244,217
050,41,041,"Oregon","Lincoln County",5,9,454,223,231
050,41,041,"Oregon","Lincoln County",5,10,457,254,203
050,41,041,"Oregon","Lincoln County",5,11,445,249,196
050,41,041,"Oregon","Lincoln County",5,12,480,248,232
050,41,041,"Oregon","Lincoln County",5,13,498,251,247
050,41,041,"Oregon","Lincoln County",5,14,502,255,247
050,41,041,"Oregon","Lincoln County",5,15,519,249,270
050,41,041,"Oregon","Lincoln County",5,16,509,252,257
050,41,041,"Oregon","Lincoln County",5,17,518,257,261
050,41,041,"Oregon","Lincoln County",5,18,474,232,242
050,41,041,"Oregon","Lincoln County",5,19,459,233,226
050,41,041,"Oregon","Lincoln County",5,20,398,214,184
050,41,041,"Oregon","Lincoln County",5,21,390,204,186
050,41,041,"Oregon","Lincoln County",5,22,394,213,181
050,41,041,"Oregon","Lincoln County",5,23,374,195,179
050,41,041,"Oregon","Lincoln County",5,24,402,183,219
050,41,041,"Oregon","Lincoln County",5,25,388,205,183
050,41,041,"Oregon","Lincoln County",5,26,420,202,218
050,41,041,"Oregon","Lincoln County",5,27,403,196,207
050,41,041,"Oregon","Lincoln County",5,28,469,231,238
050,41,041,"Oregon","Lincoln County",5,29,407,214,193
050,41,041,"Oregon","Lincoln County",5,30,465,239,226
050,41,041,"Oregon","Lincoln County",5,31,497,258,239
050,41,041,"Oregon","Lincoln County",5,32,481,225,256
050,41,041,"Oregon","Lincoln County",5,33,493,245,248
050,41,041,"Oregon","Lincoln County",5,34,498,260,238
050,41,041,"Oregon","Lincoln County",5,35,452,228,224
050,41,041,"Oregon","Lincoln County",5,36,489,244,245
050,41,041,"Oregon","Lincoln County",5,37,527,261,266
050,41,041,"Oregon","Lincoln County",5,38,521,255,266
050,41,041,"Oregon","Lincoln County",5,39,538,257,281
050,41,041,"Oregon","Lincoln County",5,40,567,279,288
050,41,041,"Oregon","Lincoln County",5,41,623,306,317
050,41,041,"Oregon","Lincoln County",5,42,610,304,306
050,41,041,"Oregon","Lincoln County",5,43,639,307,332
050,41,041,"Oregon","Lincoln County",5,44,547,265,282
050,41,041,"Oregon","Lincoln County",5,45,535,254,281
050,41,041,"Oregon","Lincoln County",5,46,542,253,289
050,41,041,"Oregon","Lincoln County",5,47,563,264,299
050,41,041,"Oregon","Lincoln County",5,48,518,265,253
050,41,041,"Oregon","Lincoln County",5,49,491,254,237
050,41,041,"Oregon","Lincoln County",5,50,523,255,268
050,41,041,"Oregon","Lincoln County",5,51,569,292,277
050,41,041,"Oregon","Lincoln County",5,52,596,323,273
050,41,041,"Oregon","Lincoln County",5,53,646,324,322
050,41,041,"Oregon","Lincoln County",5,54,647,302,345
050,41,041,"Oregon","Lincoln County",5,55,575,253,322
050,41,041,"Oregon","Lincoln County",5,56,593,283,310
050,41,041,"Oregon","Lincoln County",5,57,629,310,319
050,41,041,"Oregon","Lincoln County",5,58,670,300,370
050,41,041,"Oregon","Lincoln County",5,59,786,351,435
050,41,041,"Oregon","Lincoln County",5,60,828,356,472
050,41,041,"Oregon","Lincoln County",5,61,845,374,471
050,41,041,"Oregon","Lincoln County",5,62,942,425,517
050,41,041,"Oregon","Lincoln County",5,63,927,436,491
050,41,041,"Oregon","Lincoln County",5,64,1003,461,542
050,41,041,"Oregon","Lincoln County",5,65,1031,479,552
050,41,041,"Oregon","Lincoln County",5,66,1052,481,571
050,41,041,"Oregon","Lincoln County",5,67,1080,503,577
050,41,041,"Oregon","Lincoln County",5,68,1116,521,595
050,41,041,"Oregon","Lincoln County",5,69,1093,516,577
050,41,041,"Oregon","Lincoln County",5,70,1133,541,592
050,41,041,"Oregon","Lincoln County",5,71,1105,522,583
050,41,041,"Oregon","Lincoln County",5,72,1005,473,532
050,41,041,"Oregon","Lincoln County",5,73,930,431,499
050,41,041,"Oregon","Lincoln County",5,74,916,400,516
050,41,041,"Oregon","Lincoln County",5,75,829,404,425
050,41,041,"Oregon","Lincoln County",5,76,905,441,464
050,41,041,"Oregon","Lincoln County",5,77,583,276,307
050,41,041,"Oregon","Lincoln County",5,78,507,233,274
050,41,041,"Oregon","Lincoln County",5,79,493,240,253
050,41,041,"Oregon","Lincoln County",5,80,522,250,272
050,41,041,"Oregon","Lincoln County",5,81,395,186,209
050,41,041,"Oregon","Lincoln County",5,82,331,147,184
050,41,041,"Oregon","Lincoln County",5,83,262,124,138
050,41,041,"Oregon","Lincoln County",5,84,226,91,135
050,41,041,"Oregon","Lincoln County",5,85,1167,497,670
050,41,043,"Oregon","Linn County",1,0,1446,742,704
050,41,043,"Oregon","Linn County",1,1,1510,776,734
050,41,043,"Oregon","Linn County",1,2,1523,780,743
050,41,043,"Oregon","Linn County",1,3,1522,778,744
050,41,043,"Oregon","Linn County",1,4,1599,809,790
050,41,043,"Oregon","Linn County",1,5,1552,750,802
050,41,043,"Oregon","Linn County",1,6,1570,809,761
050,41,043,"Oregon","Linn County",1,7,1513,781,732
050,41,043,"Oregon","Linn County",1,8,1599,796,803
050,41,043,"Oregon","Linn County",1,9,1611,792,819
050,41,043,"Oregon","Linn County",1,10,1634,858,776
050,41,043,"Oregon","Linn County",1,11,1663,890,773
050,41,043,"Oregon","Linn County",1,12,1681,897,784
050,41,043,"Oregon","Linn County",1,13,1765,896,869
050,41,043,"Oregon","Linn County",1,14,1699,883,816
050,41,043,"Oregon","Linn County",1,15,1615,828,787
050,41,043,"Oregon","Linn County",1,16,1645,849,796
050,41,043,"Oregon","Linn County",1,17,1636,855,781
050,41,043,"Oregon","Linn County",1,18,1465,768,697
050,41,043,"Oregon","Linn County",1,19,1195,626,569
050,41,043,"Oregon","Linn County",1,20,1283,664,619
050,41,043,"Oregon","Linn County",1,21,1371,703,668
050,41,043,"Oregon","Linn County",1,22,1416,718,698
050,41,043,"Oregon","Linn County",1,23,1509,749,760
050,41,043,"Oregon","Linn County",1,24,1640,821,819
050,41,043,"Oregon","Linn County",1,25,1640,838,802
050,41,043,"Oregon","Linn County",1,26,1724,891,833
050,41,043,"Oregon","Linn County",1,27,1699,847,852
050,41,043,"Oregon","Linn County",1,28,1792,909,883
050,41,043,"Oregon","Linn County",1,29,1876,940,936
050,41,043,"Oregon","Linn County",1,30,1816,929,887
050,41,043,"Oregon","Linn County",1,31,1764,863,901
050,41,043,"Oregon","Linn County",1,32,1692,819,873
050,41,043,"Oregon","Linn County",1,33,1702,852,850
050,41,043,"Oregon","Linn County",1,34,1750,898,852
050,41,043,"Oregon","Linn County",1,35,1673,865,808
050,41,043,"Oregon","Linn County",1,36,1726,858,868
050,41,043,"Oregon","Linn County",1,37,1704,826,878
050,41,043,"Oregon","Linn County",1,38,1631,805,826
050,41,043,"Oregon","Linn County",1,39,1567,764,803
050,41,043,"Oregon","Linn County",1,40,1573,773,800
050,41,043,"Oregon","Linn County",1,41,1556,796,760
050,41,043,"Oregon","Linn County",1,42,1575,811,764
050,41,043,"Oregon","Linn County",1,43,1499,775,724
050,41,043,"Oregon","Linn County",1,44,1471,749,722
050,41,043,"Oregon","Linn County",1,45,1450,703,747
050,41,043,"Oregon","Linn County",1,46,1362,696,666
050,41,043,"Oregon","Linn County",1,47,1417,738,679
050,41,043,"Oregon","Linn County",1,48,1554,789,765
050,41,043,"Oregon","Linn County",1,49,1663,845,818
050,41,043,"Oregon","Linn County",1,50,1577,807,770
050,41,043,"Oregon","Linn County",1,51,1507,774,733
050,41,043,"Oregon","Linn County",1,52,1444,720,724
050,41,043,"Oregon","Linn County",1,53,1486,748,738
050,41,043,"Oregon","Linn County",1,54,1533,743,790
050,41,043,"Oregon","Linn County",1,55,1541,742,799
050,41,043,"Oregon","Linn County",1,56,1649,805,844
050,41,043,"Oregon","Linn County",1,57,1744,878,866
050,41,043,"Oregon","Linn County",1,58,1829,896,933
050,41,043,"Oregon","Linn County",1,59,1773,862,911
050,41,043,"Oregon","Linn County",1,60,1759,861,898
050,41,043,"Oregon","Linn County",1,61,1726,851,875
050,41,043,"Oregon","Linn County",1,62,1734,849,885
050,41,043,"Oregon","Linn County",1,63,1703,833,870
050,41,043,"Oregon","Linn County",1,64,1760,836,924
050,41,043,"Oregon","Linn County",1,65,1762,850,912
050,41,043,"Oregon","Linn County",1,66,1736,829,907
050,41,043,"Oregon","Linn County",1,67,1615,803,812
050,41,043,"Oregon","Linn County",1,68,1532,764,768
050,41,043,"Oregon","Linn County",1,69,1494,743,751
050,41,043,"Oregon","Linn County",1,70,1433,683,750
050,41,043,"Oregon","Linn County",1,71,1431,670,761
050,41,043,"Oregon","Linn County",1,72,1470,702,768
050,41,043,"Oregon","Linn County",1,73,1394,697,697
050,41,043,"Oregon","Linn County",1,74,936,460,476
050,41,043,"Oregon","Linn County",1,75,950,477,473
050,41,043,"Oregon","Linn County",1,76,1026,516,510
050,41,043,"Oregon","Linn County",1,77,964,450,514
050,41,043,"Oregon","Linn County",1,78,818,371,447
050,41,043,"Oregon","Linn County",1,79,741,343,398
050,41,043,"Oregon","Linn County",1,80,639,298,341
050,41,043,"Oregon","Linn County",1,81,579,272,307
050,41,043,"Oregon","Linn County",1,82,550,219,331
050,41,043,"Oregon","Linn County",1,83,482,202,280
050,41,043,"Oregon","Linn County",1,84,399,177,222
050,41,043,"Oregon","Linn County",1,85,2357,894,1463
050,41,043,"Oregon","Linn County",2,0,1463,747,716
050,41,043,"Oregon","Linn County",2,1,1500,772,728
050,41,043,"Oregon","Linn County",2,2,1523,780,743
050,41,043,"Oregon","Linn County",2,3,1520,775,745
050,41,043,"Oregon","Linn County",2,4,1581,797,784
050,41,043,"Oregon","Linn County",2,5,1567,764,803
050,41,043,"Oregon","Linn County",2,6,1574,799,775
050,41,043,"Oregon","Linn County",2,7,1530,786,744
050,41,043,"Oregon","Linn County",2,8,1573,790,783
050,41,043,"Oregon","Linn County",2,9,1611,794,817
050,41,043,"Oregon","Linn County",2,10,1633,846,787
050,41,043,"Oregon","Linn County",2,11,1648,879,769
050,41,043,"Oregon","Linn County",2,12,1691,899,792
050,41,043,"Oregon","Linn County",2,13,1747,900,847
050,41,043,"Oregon","Linn County",2,14,1721,891,830
050,41,043,"Oregon","Linn County",2,15,1640,843,797
050,41,043,"Oregon","Linn County",2,16,1636,844,792
050,41,043,"Oregon","Linn County",2,17,1646,855,791
050,41,043,"Oregon","Linn County",2,18,1450,767,683
050,41,043,"Oregon","Linn County",2,19,1206,631,575
050,41,043,"Oregon","Linn County",2,20,1300,675,625
050,41,043,"Oregon","Linn County",2,21,1375,701,674
050,41,043,"Oregon","Linn County",2,22,1436,727,709
050,41,043,"Oregon","Linn County",2,23,1519,751,768
050,41,043,"Oregon","Linn County",2,24,1629,817,812
050,41,043,"Oregon","Linn County",2,25,1658,847,811
050,41,043,"Oregon","Linn County",2,26,1711,880,831
050,41,043,"Oregon","Linn County",2,27,1717,866,851
050,41,043,"Oregon","Linn County",2,28,1777,895,882
050,41,043,"Oregon","Linn County",2,29,1849,927,922
050,41,043,"Oregon","Linn County",2,30,1840,932,908
050,41,043,"Oregon","Linn County",2,31,1781,884,897
050,41,043,"Oregon","Linn County",2,32,1722,836,886
050,41,043,"Oregon","Linn County",2,33,1709,847,862
050,41,043,"Oregon","Linn County",2,34,1747,892,855
050,41,043,"Oregon","Linn County",2,35,1701,879,822
050,41,043,"Oregon","Linn County",2,36,1702,854,848
050,41,043,"Oregon","Linn County",2,37,1718,839,879
050,41,043,"Oregon","Linn County",2,38,1650,810,840
050,41,043,"Oregon","Linn County",2,39,1584,777,807
050,41,043,"Oregon","Linn County",2,40,1591,781,810
050,41,043,"Oregon","Linn County",2,41,1561,789,772
050,41,043,"Oregon","Linn County",2,42,1566,803,763
050,41,043,"Oregon","Linn County",2,43,1528,788,740
050,41,043,"Oregon","Linn County",2,44,1464,748,716
050,41,043,"Oregon","Linn County",2,45,1461,721,740
050,41,043,"Oregon","Linn County",2,46,1383,699,684
050,41,043,"Oregon","Linn County",2,47,1405,726,679
050,41,043,"Oregon","Linn County",2,48,1521,776,745
050,41,043,"Oregon","Linn County",2,49,1645,838,807
050,41,043,"Oregon","Linn County",2,50,1607,820,787
050,41,043,"Oregon","Linn County",2,51,1525,781,744
050,41,043,"Oregon","Linn County",2,52,1461,731,730
050,41,043,"Oregon","Linn County",2,53,1482,744,738
050,41,043,"Oregon","Linn County",2,54,1520,745,775
050,41,043,"Oregon","Linn County",2,55,1549,746,803
050,41,043,"Oregon","Linn County",2,56,1638,795,843
050,41,043,"Oregon","Linn County",2,57,1733,866,867
050,41,043,"Oregon","Linn County",2,58,1813,890,923
050,41,043,"Oregon","Linn County",2,59,1794,873,921
050,41,043,"Oregon","Linn County",2,60,1762,858,904
050,41,043,"Oregon","Linn County",2,61,1732,854,878
050,41,043,"Oregon","Linn County",2,62,1733,850,883
050,41,043,"Oregon","Linn County",2,63,1727,843,884
050,41,043,"Oregon","Linn County",2,64,1736,828,908
050,41,043,"Oregon","Linn County",2,65,1760,847,913
050,41,043,"Oregon","Linn County",2,66,1744,835,909
050,41,043,"Oregon","Linn County",2,67,1635,806,829
050,41,043,"Oregon","Linn County",2,68,1541,767,774
050,41,043,"Oregon","Linn County",2,69,1515,755,760
050,41,043,"Oregon","Linn County",2,70,1435,688,747
050,41,043,"Oregon","Linn County",2,71,1426,667,759
050,41,043,"Oregon","Linn County",2,72,1429,676,753
050,41,043,"Oregon","Linn County",2,73,1475,731,744
050,41,043,"Oregon","Linn County",2,74,982,482,500
050,41,043,"Oregon","Linn County",2,75,942,468,474
050,41,043,"Oregon","Linn County",2,76,983,496,487
050,41,043,"Oregon","Linn County",2,77,994,471,523
050,41,043,"Oregon","Linn County",2,78,831,383,448
050,41,043,"Oregon","Linn County",2,79,744,342,402
050,41,043,"Oregon","Linn County",2,80,651,306,345
050,41,043,"Oregon","Linn County",2,81,575,267,308
050,41,043,"Oregon","Linn County",2,82,554,227,327
050,41,043,"Oregon","Linn County",2,83,488,200,288
050,41,043,"Oregon","Linn County",2,84,414,179,235
050,41,043,"Oregon","Linn County",2,85,2341,896,1445
050,41,043,"Oregon","Linn County",3,0,1472,758,714
050,41,043,"Oregon","Linn County",3,1,1502,758,744
050,41,043,"Oregon","Linn County",3,2,1524,779,745
050,41,043,"Oregon","Linn County",3,3,1552,801,751
050,41,043,"Oregon","Linn County",3,4,1506,761,745
050,41,043,"Oregon","Linn County",3,5,1603,805,798
050,41,043,"Oregon","Linn County",3,6,1555,758,797
050,41,043,"Oregon","Linn County",3,7,1588,788,800
050,41,043,"Oregon","Linn County",3,8,1558,792,766
050,41,043,"Oregon","Linn County",3,9,1606,798,808
050,41,043,"Oregon","Linn County",3,10,1642,827,815
050,41,043,"Oregon","Linn County",3,11,1639,839,800
050,41,043,"Oregon","Linn County",3,12,1663,888,775
050,41,043,"Oregon","Linn County",3,13,1708,892,816
050,41,043,"Oregon","Linn County",3,14,1775,917,858
050,41,043,"Oregon","Linn County",3,15,1744,891,853
050,41,043,"Oregon","Linn County",3,16,1636,849,787
050,41,043,"Oregon","Linn County",3,17,1661,864,797
050,41,043,"Oregon","Linn County",3,18,1439,791,648
050,41,043,"Oregon","Linn County",3,19,1176,618,558
050,41,043,"Oregon","Linn County",3,20,1257,658,599
050,41,043,"Oregon","Linn County",3,21,1386,701,685
050,41,043,"Oregon","Linn County",3,22,1508,756,752
050,41,043,"Oregon","Linn County",3,23,1543,749,794
050,41,043,"Oregon","Linn County",3,24,1609,795,814
050,41,043,"Oregon","Linn County",3,25,1685,855,830
050,41,043,"Oregon","Linn County",3,26,1682,862,820
050,41,043,"Oregon","Linn County",3,27,1762,897,865
050,41,043,"Oregon","Linn County",3,28,1786,916,870
050,41,043,"Oregon","Linn County",3,29,1778,880,898
050,41,043,"Oregon","Linn County",3,30,1884,943,941
050,41,043,"Oregon","Linn County",3,31,1894,963,931
050,41,043,"Oregon","Linn County",3,32,1777,883,894
050,41,043,"Oregon","Linn County",3,33,1758,859,899
050,41,043,"Oregon","Linn County",3,34,1754,874,880
050,41,043,"Oregon","Linn County",3,35,1732,877,855
050,41,043,"Oregon","Linn County",3,36,1747,934,813
050,41,043,"Oregon","Linn County",3,37,1786,898,888
050,41,043,"Oregon","Linn County",3,38,1708,832,876
050,41,043,"Oregon","Linn County",3,39,1692,825,867
050,41,043,"Oregon","Linn County",3,40,1586,765,821
050,41,043,"Oregon","Linn County",3,41,1588,775,813
050,41,043,"Oregon","Linn County",3,42,1578,804,774
050,41,043,"Oregon","Linn County",3,43,1569,802,767
050,41,043,"Oregon","Linn County",3,44,1529,791,738
050,41,043,"Oregon","Linn County",3,45,1443,738,705
050,41,043,"Oregon","Linn County",3,46,1460,712,748
050,41,043,"Oregon","Linn County",3,47,1387,694,693
050,41,043,"Oregon","Linn County",3,48,1429,745,684
050,41,043,"Oregon","Linn County",3,49,1542,795,747
050,41,043,"Oregon","Linn County",3,50,1629,828,801
050,41,043,"Oregon","Linn County",3,51,1610,832,778
050,41,043,"Oregon","Linn County",3,52,1543,794,749
050,41,043,"Oregon","Linn County",3,53,1461,737,724
050,41,043,"Oregon","Linn County",3,54,1464,719,745
050,41,043,"Oregon","Linn County",3,55,1520,750,770
050,41,043,"Oregon","Linn County",3,56,1561,757,804
050,41,043,"Oregon","Linn County",3,57,1640,805,835
050,41,043,"Oregon","Linn County",3,58,1719,859,860
050,41,043,"Oregon","Linn County",3,59,1806,889,917
050,41,043,"Oregon","Linn County",3,60,1819,878,941
050,41,043,"Oregon","Linn County",3,61,1735,845,890
050,41,043,"Oregon","Linn County",3,62,1739,861,878
050,41,043,"Oregon","Linn County",3,63,1723,820,903
050,41,043,"Oregon","Linn County",3,64,1695,814,881
050,41,043,"Oregon","Linn County",3,65,1730,819,911
050,41,043,"Oregon","Linn County",3,66,1724,829,895
050,41,043,"Oregon","Linn County",3,67,1738,823,915
050,41,043,"Oregon","Linn County",3,68,1601,774,827
050,41,043,"Oregon","Linn County",3,69,1546,767,779
050,41,043,"Oregon","Linn County",3,70,1481,730,751
050,41,043,"Oregon","Linn County",3,71,1388,652,736
050,41,043,"Oregon","Linn County",3,72,1385,647,738
050,41,043,"Oregon","Linn County",3,73,1363,634,729
050,41,043,"Oregon","Linn County",3,74,1441,697,744
050,41,043,"Oregon","Linn County",3,75,960,469,491
050,41,043,"Oregon","Linn County",3,76,894,440,454
050,41,043,"Oregon","Linn County",3,77,955,474,481
050,41,043,"Oregon","Linn County",3,78,960,451,509
050,41,043,"Oregon","Linn County",3,79,806,368,438
050,41,043,"Oregon","Linn County",3,80,686,308,378
050,41,043,"Oregon","Linn County",3,81,599,285,314
050,41,043,"Oregon","Linn County",3,82,533,243,290
050,41,043,"Oregon","Linn County",3,83,515,207,308
050,41,043,"Oregon","Linn County",3,84,452,189,263
050,41,043,"Oregon","Linn County",3,85,2311,873,1438
050,41,043,"Oregon","Linn County",4,0,1424,733,691
050,41,043,"Oregon","Linn County",4,1,1473,778,695
050,41,043,"Oregon","Linn County",4,2,1494,761,733
050,41,043,"Oregon","Linn County",4,3,1522,787,735
050,41,043,"Oregon","Linn County",4,4,1560,796,764
050,41,043,"Oregon","Linn County",4,5,1518,770,748
050,41,043,"Oregon","Linn County",4,6,1620,824,796
050,41,043,"Oregon","Linn County",4,7,1589,771,818
050,41,043,"Oregon","Linn County",4,8,1595,798,797
050,41,043,"Oregon","Linn County",4,9,1578,793,785
050,41,043,"Oregon","Linn County",4,10,1596,785,811
050,41,043,"Oregon","Linn County",4,11,1647,825,822
050,41,043,"Oregon","Linn County",4,12,1620,834,786
050,41,043,"Oregon","Linn County",4,13,1663,887,776
050,41,043,"Oregon","Linn County",4,14,1705,899,806
050,41,043,"Oregon","Linn County",4,15,1769,911,858
050,41,043,"Oregon","Linn County",4,16,1755,895,860
050,41,043,"Oregon","Linn County",4,17,1648,859,789
050,41,043,"Oregon","Linn County",4,18,1451,775,676
050,41,043,"Oregon","Linn County",4,19,1145,630,515
050,41,043,"Oregon","Linn County",4,20,1224,654,570
050,41,043,"Oregon","Linn County",4,21,1354,705,649
050,41,043,"Oregon","Linn County",4,22,1497,751,746
050,41,043,"Oregon","Linn County",4,23,1590,782,808
050,41,043,"Oregon","Linn County",4,24,1678,835,843
050,41,043,"Oregon","Linn County",4,25,1688,829,859
050,41,043,"Oregon","Linn County",4,26,1751,893,858
050,41,043,"Oregon","Linn County",4,27,1706,882,824
050,41,043,"Oregon","Linn County",4,28,1780,889,891
050,41,043,"Oregon","Linn County",4,29,1806,943,863
050,41,043,"Oregon","Linn County",4,30,1825,905,920
050,41,043,"Oregon","Linn County",4,31,1930,961,969
050,41,043,"Oregon","Linn County",4,32,1891,984,907
050,41,043,"Oregon","Linn County",4,33,1814,905,909
050,41,043,"Oregon","Linn County",4,34,1755,860,895
050,41,043,"Oregon","Linn County",4,35,1751,878,873
050,41,043,"Oregon","Linn County",4,36,1724,861,863
050,41,043,"Oregon","Linn County",4,37,1768,959,809
050,41,043,"Oregon","Linn County",4,38,1739,857,882
050,41,043,"Oregon","Linn County",4,39,1697,827,870
050,41,043,"Oregon","Linn County",4,40,1655,818,837
050,41,043,"Oregon","Linn County",4,41,1600,763,837
050,41,043,"Oregon","Linn County",4,42,1583,775,808
050,41,043,"Oregon","Linn County",4,43,1589,807,782
050,41,043,"Oregon","Linn County",4,44,1577,794,783
050,41,043,"Oregon","Linn County",4,45,1526,799,727
050,41,043,"Oregon","Linn County",4,46,1479,760,719
050,41,043,"Oregon","Linn County",4,47,1460,705,755
050,41,043,"Oregon","Linn County",4,48,1400,709,691
050,41,043,"Oregon","Linn County",4,49,1449,754,695
050,41,043,"Oregon","Linn County",4,50,1555,786,769
050,41,043,"Oregon","Linn County",4,51,1651,855,796
050,41,043,"Oregon","Linn County",4,52,1607,829,778
050,41,043,"Oregon","Linn County",4,53,1556,779,777
050,41,043,"Oregon","Linn County",4,54,1471,736,735
050,41,043,"Oregon","Linn County",4,55,1468,708,760
050,41,043,"Oregon","Linn County",4,56,1512,752,760
050,41,043,"Oregon","Linn County",4,57,1565,751,814
050,41,043,"Oregon","Linn County",4,58,1645,795,850
050,41,043,"Oregon","Linn County",4,59,1727,872,855
050,41,043,"Oregon","Linn County",4,60,1794,878,916
050,41,043,"Oregon","Linn County",4,61,1784,856,928
050,41,043,"Oregon","Linn County",4,62,1711,826,885
050,41,043,"Oregon","Linn County",4,63,1714,837,877
050,41,043,"Oregon","Linn County",4,64,1711,798,913
050,41,043,"Oregon","Linn County",4,65,1673,791,882
050,41,043,"Oregon","Linn County",4,66,1680,802,878
050,41,043,"Oregon","Linn County",4,67,1711,827,884
050,41,043,"Oregon","Linn County",4,68,1716,804,912
050,41,043,"Oregon","Linn County",4,69,1590,782,808
050,41,043,"Oregon","Linn County",4,70,1507,733,774
050,41,043,"Oregon","Linn County",4,71,1440,716,724
050,41,043,"Oregon","Linn County",4,72,1355,626,729
050,41,043,"Oregon","Linn County",4,73,1320,611,709
050,41,043,"Oregon","Linn County",4,74,1335,605,730
050,41,043,"Oregon","Linn County",4,75,1392,673,719
050,41,043,"Oregon","Linn County",4,76,930,462,468
050,41,043,"Oregon","Linn County",4,77,863,417,446
050,41,043,"Oregon","Linn County",4,78,904,443,461
050,41,043,"Oregon","Linn County",4,79,911,418,493
050,41,043,"Oregon","Linn County",4,80,736,332,404
050,41,043,"Oregon","Linn County",4,81,637,281,356
050,41,043,"Oregon","Linn County",4,82,552,261,291
050,41,043,"Oregon","Linn County",4,83,481,219,262
050,41,043,"Oregon","Linn County",4,84,493,201,292
050,41,043,"Oregon","Linn County",4,85,2267,842,1425
050,41,043,"Oregon","Linn County",5,0,1384,709,675
050,41,043,"Oregon","Linn County",5,1,1420,740,680
050,41,043,"Oregon","Linn County",5,2,1469,785,684
050,41,043,"Oregon","Linn County",5,3,1518,781,737
050,41,043,"Oregon","Linn County",5,4,1535,785,750
050,41,043,"Oregon","Linn County",5,5,1579,806,773
050,41,043,"Oregon","Linn County",5,6,1516,766,750
050,41,043,"Oregon","Linn County",5,7,1626,828,798
050,41,043,"Oregon","Linn County",5,8,1630,797,833
050,41,043,"Oregon","Linn County",5,9,1602,795,807
050,41,043,"Oregon","Linn County",5,10,1605,818,787
050,41,043,"Oregon","Linn County",5,11,1584,778,806
050,41,043,"Oregon","Linn County",5,12,1673,846,827
050,41,043,"Oregon","Linn County",5,13,1645,852,793
050,41,043,"Oregon","Linn County",5,14,1680,894,786
050,41,043,"Oregon","Linn County",5,15,1726,914,812
050,41,043,"Oregon","Linn County",5,16,1763,909,854
050,41,043,"Oregon","Linn County",5,17,1763,902,861
050,41,043,"Oregon","Linn County",5,18,1410,763,647
050,41,043,"Oregon","Linn County",5,19,1170,626,544
050,41,043,"Oregon","Linn County",5,20,1250,688,562
050,41,043,"Oregon","Linn County",5,21,1333,713,620
050,41,043,"Oregon","Linn County",5,22,1500,788,712
050,41,043,"Oregon","Linn County",5,23,1638,807,831
050,41,043,"Oregon","Linn County",5,24,1676,831,845
050,41,043,"Oregon","Linn County",5,25,1762,878,884
050,41,043,"Oregon","Linn County",5,26,1740,875,865
050,41,043,"Oregon","Linn County",5,27,1789,912,877
050,41,043,"Oregon","Linn County",5,28,1789,937,852
050,41,043,"Oregon","Linn County",5,29,1794,903,891
050,41,043,"Oregon","Linn County",5,30,1866,976,890
050,41,043,"Oregon","Linn County",5,31,1841,922,919
050,41,043,"Oregon","Linn County",5,32,1921,964,957
050,41,043,"Oregon","Linn County",5,33,1902,990,912
050,41,043,"Oregon","Linn County",5,34,1855,934,921
050,41,043,"Oregon","Linn County",5,35,1812,891,921
050,41,043,"Oregon","Linn County",5,36,1736,859,877
050,41,043,"Oregon","Linn County",5,37,1736,871,865
050,41,043,"Oregon","Linn County",5,38,1760,936,824
050,41,043,"Oregon","Linn County",5,39,1769,878,891
050,41,043,"Oregon","Linn County",5,40,1721,847,874
050,41,043,"Oregon","Linn County",5,41,1647,814,833
050,41,043,"Oregon","Linn County",5,42,1612,775,837
050,41,043,"Oregon","Linn County",5,43,1575,771,804
050,41,043,"Oregon","Linn County",5,44,1632,836,796
050,41,043,"Oregon","Linn County",5,45,1568,796,772
050,41,043,"Oregon","Linn County",5,46,1555,800,755
050,41,043,"Oregon","Linn County",5,47,1500,758,742
050,41,043,"Oregon","Linn County",5,48,1457,706,751
050,41,043,"Oregon","Linn County",5,49,1422,714,708
050,41,043,"Oregon","Linn County",5,50,1436,737,699
050,41,043,"Oregon","Linn County",5,51,1521,769,752
050,41,043,"Oregon","Linn County",5,52,1632,832,800
050,41,043,"Oregon","Linn County",5,53,1627,827,800
050,41,043,"Oregon","Linn County",5,54,1538,773,765
050,41,043,"Oregon","Linn County",5,55,1467,738,729
050,41,043,"Oregon","Linn County",5,56,1456,709,747
050,41,043,"Oregon","Linn County",5,57,1514,748,766
050,41,043,"Oregon","Linn County",5,58,1555,750,805
050,41,043,"Oregon","Linn County",5,59,1647,814,833
050,41,043,"Oregon","Linn County",5,60,1711,857,854
050,41,043,"Oregon","Linn County",5,61,1753,838,915
050,41,043,"Oregon","Linn County",5,62,1774,850,924
050,41,043,"Oregon","Linn County",5,63,1700,821,879
050,41,043,"Oregon","Linn County",5,64,1696,819,877
050,41,043,"Oregon","Linn County",5,65,1682,789,893
050,41,043,"Oregon","Linn County",5,66,1647,774,873
050,41,043,"Oregon","Linn County",5,67,1633,785,848
050,41,043,"Oregon","Linn County",5,68,1686,805,881
050,41,043,"Oregon","Linn County",5,69,1706,804,902
050,41,043,"Oregon","Linn County",5,70,1563,765,798
050,41,043,"Oregon","Linn County",5,71,1472,709,763
050,41,043,"Oregon","Linn County",5,72,1407,690,717
050,41,043,"Oregon","Linn County",5,73,1308,601,707
050,41,043,"Oregon","Linn County",5,74,1314,604,710
050,41,043,"Oregon","Linn County",5,75,1301,594,707
050,41,043,"Oregon","Linn County",5,76,1355,659,696
050,41,043,"Oregon","Linn County",5,77,892,433,459
050,41,043,"Oregon","Linn County",5,78,819,397,422
050,41,043,"Oregon","Linn County",5,79,862,416,446
050,41,043,"Oregon","Linn County",5,80,845,388,457
050,41,043,"Oregon","Linn County",5,81,676,303,373
050,41,043,"Oregon","Linn County",5,82,589,258,331
050,41,043,"Oregon","Linn County",5,83,508,245,263
050,41,043,"Oregon","Linn County",5,84,456,214,242
050,41,043,"Oregon","Linn County",5,85,2292,838,1454
050,41,045,"Oregon","Malheur County",1,0,391,203,188
050,41,045,"Oregon","Malheur County",1,1,398,206,192
050,41,045,"Oregon","Malheur County",1,2,426,206,220
050,41,045,"Oregon","Malheur County",1,3,437,230,207
050,41,045,"Oregon","Malheur County",1,4,449,233,216
050,41,045,"Oregon","Malheur County",1,5,437,206,231
050,41,045,"Oregon","Malheur County",1,6,484,232,252
050,41,045,"Oregon","Malheur County",1,7,489,258,231
050,41,045,"Oregon","Malheur County",1,8,432,226,206
050,41,045,"Oregon","Malheur County",1,9,474,231,243
050,41,045,"Oregon","Malheur County",1,10,496,249,247
050,41,045,"Oregon","Malheur County",1,11,519,282,237
050,41,045,"Oregon","Malheur County",1,12,501,254,247
050,41,045,"Oregon","Malheur County",1,13,478,235,243
050,41,045,"Oregon","Malheur County",1,14,441,219,222
050,41,045,"Oregon","Malheur County",1,15,441,229,212
050,41,045,"Oregon","Malheur County",1,16,454,236,218
050,41,045,"Oregon","Malheur County",1,17,456,240,216
050,41,045,"Oregon","Malheur County",1,18,430,227,203
050,41,045,"Oregon","Malheur County",1,19,398,206,192
050,41,045,"Oregon","Malheur County",1,20,416,249,167
050,41,045,"Oregon","Malheur County",1,21,422,242,180
050,41,045,"Oregon","Malheur County",1,22,408,247,161
050,41,045,"Oregon","Malheur County",1,23,415,245,170
050,41,045,"Oregon","Malheur County",1,24,402,244,158
050,41,045,"Oregon","Malheur County",1,25,418,251,167
050,41,045,"Oregon","Malheur County",1,26,426,266,160
050,41,045,"Oregon","Malheur County",1,27,418,264,154
050,41,045,"Oregon","Malheur County",1,28,474,287,187
050,41,045,"Oregon","Malheur County",1,29,467,274,193
050,41,045,"Oregon","Malheur County",1,30,418,249,169
050,41,045,"Oregon","Malheur County",1,31,384,220,164
050,41,045,"Oregon","Malheur County",1,32,393,232,161
050,41,045,"Oregon","Malheur County",1,33,373,228,145
050,41,045,"Oregon","Malheur County",1,34,376,222,154
050,41,045,"Oregon","Malheur County",1,35,374,223,151
050,41,045,"Oregon","Malheur County",1,36,414,259,155
050,41,045,"Oregon","Malheur County",1,37,382,219,163
050,41,045,"Oregon","Malheur County",1,38,399,230,169
050,41,045,"Oregon","Malheur County",1,39,394,221,173
050,41,045,"Oregon","Malheur County",1,40,365,205,160
050,41,045,"Oregon","Malheur County",1,41,384,229,155
050,41,045,"Oregon","Malheur County",1,42,357,210,147
050,41,045,"Oregon","Malheur County",1,43,382,228,154
050,41,045,"Oregon","Malheur County",1,44,368,223,145
050,41,045,"Oregon","Malheur County",1,45,361,219,142
050,41,045,"Oregon","Malheur County",1,46,360,223,137
050,41,045,"Oregon","Malheur County",1,47,367,228,139
050,41,045,"Oregon","Malheur County",1,48,376,219,157
050,41,045,"Oregon","Malheur County",1,49,365,216,149
050,41,045,"Oregon","Malheur County",1,50,356,205,151
050,41,045,"Oregon","Malheur County",1,51,349,215,134
050,41,045,"Oregon","Malheur County",1,52,333,184,149
050,41,045,"Oregon","Malheur County",1,53,340,193,147
050,41,045,"Oregon","Malheur County",1,54,338,181,157
050,41,045,"Oregon","Malheur County",1,55,319,173,146
050,41,045,"Oregon","Malheur County",1,56,321,182,139
050,41,045,"Oregon","Malheur County",1,57,361,194,167
050,41,045,"Oregon","Malheur County",1,58,368,191,177
050,41,045,"Oregon","Malheur County",1,59,398,200,198
050,41,045,"Oregon","Malheur County",1,60,369,196,173
050,41,045,"Oregon","Malheur County",1,61,356,195,161
050,41,045,"Oregon","Malheur County",1,62,349,184,165
050,41,045,"Oregon","Malheur County",1,63,332,172,160
050,41,045,"Oregon","Malheur County",1,64,364,199,165
050,41,045,"Oregon","Malheur County",1,65,378,200,178
050,41,045,"Oregon","Malheur County",1,66,378,194,184
050,41,045,"Oregon","Malheur County",1,67,343,177,166
050,41,045,"Oregon","Malheur County",1,68,345,176,169
050,41,045,"Oregon","Malheur County",1,69,295,149,146
050,41,045,"Oregon","Malheur County",1,70,288,153,135
050,41,045,"Oregon","Malheur County",1,71,293,145,148
050,41,045,"Oregon","Malheur County",1,72,297,143,154
050,41,045,"Oregon","Malheur County",1,73,306,136,170
050,41,045,"Oregon","Malheur County",1,74,223,106,117
050,41,045,"Oregon","Malheur County",1,75,231,115,116
050,41,045,"Oregon","Malheur County",1,76,237,113,124
050,41,045,"Oregon","Malheur County",1,77,222,109,113
050,41,045,"Oregon","Malheur County",1,78,183,80,103
050,41,045,"Oregon","Malheur County",1,79,169,81,88
050,41,045,"Oregon","Malheur County",1,80,129,59,70
050,41,045,"Oregon","Malheur County",1,81,129,61,68
050,41,045,"Oregon","Malheur County",1,82,116,53,63
050,41,045,"Oregon","Malheur County",1,83,132,56,76
050,41,045,"Oregon","Malheur County",1,84,120,49,71
050,41,045,"Oregon","Malheur County",1,85,611,259,352
050,41,045,"Oregon","Malheur County",2,0,400,200,200
050,41,045,"Oregon","Malheur County",2,1,396,203,193
050,41,045,"Oregon","Malheur County",2,2,418,204,214
050,41,045,"Oregon","Malheur County",2,3,437,225,212
050,41,045,"Oregon","Malheur County",2,4,448,232,216
050,41,045,"Oregon","Malheur County",2,5,441,213,228
050,41,045,"Oregon","Malheur County",2,6,475,226,249
050,41,045,"Oregon","Malheur County",2,7,486,250,236
050,41,045,"Oregon","Malheur County",2,8,448,233,215
050,41,045,"Oregon","Malheur County",2,9,464,229,235
050,41,045,"Oregon","Malheur County",2,10,491,245,246
050,41,045,"Oregon","Malheur County",2,11,511,272,239
050,41,045,"Oregon","Malheur County",2,12,510,263,247
050,41,045,"Oregon","Malheur County",2,13,484,240,244
050,41,045,"Oregon","Malheur County",2,14,449,222,227
050,41,045,"Oregon","Malheur County",2,15,443,225,218
050,41,045,"Oregon","Malheur County",2,16,458,237,221
050,41,045,"Oregon","Malheur County",2,17,459,241,218
050,41,045,"Oregon","Malheur County",2,18,428,225,203
050,41,045,"Oregon","Malheur County",2,19,400,209,191
050,41,045,"Oregon","Malheur County",2,20,426,251,175
050,41,045,"Oregon","Malheur County",2,21,421,243,178
050,41,045,"Oregon","Malheur County",2,22,421,251,170
050,41,045,"Oregon","Malheur County",2,23,411,244,167
050,41,045,"Oregon","Malheur County",2,24,400,239,161
050,41,045,"Oregon","Malheur County",2,25,421,254,167
050,41,045,"Oregon","Malheur County",2,26,427,264,163
050,41,045,"Oregon","Malheur County",2,27,418,262,156
050,41,045,"Oregon","Malheur County",2,28,460,282,178
050,41,045,"Oregon","Malheur County",2,29,466,275,191
050,41,045,"Oregon","Malheur County",2,30,438,259,179
050,41,045,"Oregon","Malheur County",2,31,386,221,165
050,41,045,"Oregon","Malheur County",2,32,394,233,161
050,41,045,"Oregon","Malheur County",2,33,377,226,151
050,41,045,"Oregon","Malheur County",2,34,376,222,154
050,41,045,"Oregon","Malheur County",2,35,377,222,155
050,41,045,"Oregon","Malheur County",2,36,410,256,154
050,41,045,"Oregon","Malheur County",2,37,387,223,164
050,41,045,"Oregon","Malheur County",2,38,403,235,168
050,41,045,"Oregon","Malheur County",2,39,390,220,170
050,41,045,"Oregon","Malheur County",2,40,374,207,167
050,41,045,"Oregon","Malheur County",2,41,380,224,156
050,41,045,"Oregon","Malheur County",2,42,362,214,148
050,41,045,"Oregon","Malheur County",2,43,384,230,154
050,41,045,"Oregon","Malheur County",2,44,374,226,148
050,41,045,"Oregon","Malheur County",2,45,366,221,145
050,41,045,"Oregon","Malheur County",2,46,358,221,137
050,41,045,"Oregon","Malheur County",2,47,370,231,139
050,41,045,"Oregon","Malheur County",2,48,371,218,153
050,41,045,"Oregon","Malheur County",2,49,370,219,151
050,41,045,"Oregon","Malheur County",2,50,357,207,150
050,41,045,"Oregon","Malheur County",2,51,351,212,139
050,41,045,"Oregon","Malheur County",2,52,335,191,144
050,41,045,"Oregon","Malheur County",2,53,334,188,146
050,41,045,"Oregon","Malheur County",2,54,339,183,156
050,41,045,"Oregon","Malheur County",2,55,321,172,149
050,41,045,"Oregon","Malheur County",2,56,321,179,142
050,41,045,"Oregon","Malheur County",2,57,352,192,160
050,41,045,"Oregon","Malheur County",2,58,365,190,175
050,41,045,"Oregon","Malheur County",2,59,390,198,192
050,41,045,"Oregon","Malheur County",2,60,377,197,180
050,41,045,"Oregon","Malheur County",2,61,358,193,165
050,41,045,"Oregon","Malheur County",2,62,349,184,165
050,41,045,"Oregon","Malheur County",2,63,333,173,160
050,41,045,"Oregon","Malheur County",2,64,356,193,163
050,41,045,"Oregon","Malheur County",2,65,376,201,175
050,41,045,"Oregon","Malheur County",2,66,379,196,183
050,41,045,"Oregon","Malheur County",2,67,351,182,169
050,41,045,"Oregon","Malheur County",2,68,343,174,169
050,41,045,"Oregon","Malheur County",2,69,308,156,152
050,41,045,"Oregon","Malheur County",2,70,287,150,137
050,41,045,"Oregon","Malheur County",2,71,293,147,146
050,41,045,"Oregon","Malheur County",2,72,289,141,148
050,41,045,"Oregon","Malheur County",2,73,313,140,173
050,41,045,"Oregon","Malheur County",2,74,230,107,123
050,41,045,"Oregon","Malheur County",2,75,230,113,117
050,41,045,"Oregon","Malheur County",2,76,231,111,120
050,41,045,"Oregon","Malheur County",2,77,231,112,119
050,41,045,"Oregon","Malheur County",2,78,189,84,105
050,41,045,"Oregon","Malheur County",2,79,168,77,91
050,41,045,"Oregon","Malheur County",2,80,135,62,73
050,41,045,"Oregon","Malheur County",2,81,123,58,65
050,41,045,"Oregon","Malheur County",2,82,116,53,63
050,41,045,"Oregon","Malheur County",2,83,123,52,71
050,41,045,"Oregon","Malheur County",2,84,118,48,70
050,41,045,"Oregon","Malheur County",2,85,607,261,346
050,41,045,"Oregon","Malheur County",3,0,376,173,203
050,41,045,"Oregon","Malheur County",3,1,397,194,203
050,41,045,"Oregon","Malheur County",3,2,389,199,190
050,41,045,"Oregon","Malheur County",3,3,430,218,212
050,41,045,"Oregon","Malheur County",3,4,418,219,199
050,41,045,"Oregon","Malheur County",3,5,455,231,224
050,41,045,"Oregon","Malheur County",3,6,444,208,236
050,41,045,"Oregon","Malheur County",3,7,493,230,263
050,41,045,"Oregon","Malheur County",3,8,491,254,237
050,41,045,"Oregon","Malheur County",3,9,444,224,220
050,41,045,"Oregon","Malheur County",3,10,461,229,232
050,41,045,"Oregon","Malheur County",3,11,501,250,251
050,41,045,"Oregon","Malheur County",3,12,510,268,242
050,41,045,"Oregon","Malheur County",3,13,509,259,250
050,41,045,"Oregon","Malheur County",3,14,483,239,244
050,41,045,"Oregon","Malheur County",3,15,433,214,219
050,41,045,"Oregon","Malheur County",3,16,446,227,219
050,41,045,"Oregon","Malheur County",3,17,461,241,220
050,41,045,"Oregon","Malheur County",3,18,422,226,196
050,41,045,"Oregon","Malheur County",3,19,402,222,180
050,41,045,"Oregon","Malheur County",3,20,428,254,174
050,41,045,"Oregon","Malheur County",3,21,424,245,179
050,41,045,"Oregon","Malheur County",3,22,418,247,171
050,41,045,"Oregon","Malheur County",3,23,421,247,174
050,41,045,"Oregon","Malheur County",3,24,406,233,173
050,41,045,"Oregon","Malheur County",3,25,427,266,161
050,41,045,"Oregon","Malheur County",3,26,430,265,165
050,41,045,"Oregon","Malheur County",3,27,429,271,158
050,41,045,"Oregon","Malheur County",3,28,418,262,156
050,41,045,"Oregon","Malheur County",3,29,456,269,187
050,41,045,"Oregon","Malheur County",3,30,483,287,196
050,41,045,"Oregon","Malheur County",3,31,425,248,177
050,41,045,"Oregon","Malheur County",3,32,402,244,158
050,41,045,"Oregon","Malheur County",3,33,391,228,163
050,41,045,"Oregon","Malheur County",3,34,374,222,152
050,41,045,"Oregon","Malheur County",3,35,380,222,158
050,41,045,"Oregon","Malheur County",3,36,399,247,152
050,41,045,"Oregon","Malheur County",3,37,399,244,155
050,41,045,"Oregon","Malheur County",3,38,416,255,161
050,41,045,"Oregon","Malheur County",3,39,378,218,160
050,41,045,"Oregon","Malheur County",3,40,368,202,166
050,41,045,"Oregon","Malheur County",3,41,372,204,168
050,41,045,"Oregon","Malheur County",3,42,374,221,153
050,41,045,"Oregon","Malheur County",3,43,383,229,154
050,41,045,"Oregon","Malheur County",3,44,397,241,156
050,41,045,"Oregon","Malheur County",3,45,358,214,144
050,41,045,"Oregon","Malheur County",3,46,366,216,150
050,41,045,"Oregon","Malheur County",3,47,363,227,136
050,41,045,"Oregon","Malheur County",3,48,355,208,147
050,41,045,"Oregon","Malheur County",3,49,370,222,148
050,41,045,"Oregon","Malheur County",3,50,369,221,148
050,41,045,"Oregon","Malheur County",3,51,357,211,146
050,41,045,"Oregon","Malheur County",3,52,351,207,144
050,41,045,"Oregon","Malheur County",3,53,324,183,141
050,41,045,"Oregon","Malheur County",3,54,331,182,149
050,41,045,"Oregon","Malheur County",3,55,332,173,159
050,41,045,"Oregon","Malheur County",3,56,313,171,142
050,41,045,"Oregon","Malheur County",3,57,342,189,153
050,41,045,"Oregon","Malheur County",3,58,354,190,164
050,41,045,"Oregon","Malheur County",3,59,362,188,174
050,41,045,"Oregon","Malheur County",3,60,394,201,193
050,41,045,"Oregon","Malheur County",3,61,382,198,184
050,41,045,"Oregon","Malheur County",3,62,357,192,165
050,41,045,"Oregon","Malheur County",3,63,351,184,167
050,41,045,"Oregon","Malheur County",3,64,327,175,152
050,41,045,"Oregon","Malheur County",3,65,361,194,167
050,41,045,"Oregon","Malheur County",3,66,362,188,174
050,41,045,"Oregon","Malheur County",3,67,371,193,178
050,41,045,"Oregon","Malheur County",3,68,335,170,165
050,41,045,"Oregon","Malheur County",3,69,332,160,172
050,41,045,"Oregon","Malheur County",3,70,305,152,153
050,41,045,"Oregon","Malheur County",3,71,282,151,131
050,41,045,"Oregon","Malheur County",3,72,276,139,137
050,41,045,"Oregon","Malheur County",3,73,268,123,145
050,41,045,"Oregon","Malheur County",3,74,302,138,164
050,41,045,"Oregon","Malheur County",3,75,224,105,119
050,41,045,"Oregon","Malheur County",3,76,217,107,110
050,41,045,"Oregon","Malheur County",3,77,214,103,111
050,41,045,"Oregon","Malheur County",3,78,224,107,117
050,41,045,"Oregon","Malheur County",3,79,179,80,99
050,41,045,"Oregon","Malheur County",3,80,156,67,89
050,41,045,"Oregon","Malheur County",3,81,123,52,71
050,41,045,"Oregon","Malheur County",3,82,115,54,61
050,41,045,"Oregon","Malheur County",3,83,109,47,62
050,41,045,"Oregon","Malheur County",3,84,110,43,67
050,41,045,"Oregon","Malheur County",3,85,591,254,337
050,41,045,"Oregon","Malheur County",4,0,384,169,215
050,41,045,"Oregon","Malheur County",4,1,408,184,224
050,41,045,"Oregon","Malheur County",4,2,401,201,200
050,41,045,"Oregon","Malheur County",4,3,392,202,190
050,41,045,"Oregon","Malheur County",4,4,435,221,214
050,41,045,"Oregon","Malheur County",4,5,439,227,212
050,41,045,"Oregon","Malheur County",4,6,490,249,241
050,41,045,"Oregon","Malheur County",4,7,456,217,239
050,41,045,"Oregon","Malheur County",4,8,492,228,264
050,41,045,"Oregon","Malheur County",4,9,499,258,241
050,41,045,"Oregon","Malheur County",4,10,441,222,219
050,41,045,"Oregon","Malheur County",4,11,467,238,229
050,41,045,"Oregon","Malheur County",4,12,505,257,248
050,41,045,"Oregon","Malheur County",4,13,502,260,242
050,41,045,"Oregon","Malheur County",4,14,487,251,236
050,41,045,"Oregon","Malheur County",4,15,481,243,238
050,41,045,"Oregon","Malheur County",4,16,447,220,227
050,41,045,"Oregon","Malheur County",4,17,450,231,219
050,41,045,"Oregon","Malheur County",4,18,429,243,186
050,41,045,"Oregon","Malheur County",4,19,390,219,171
050,41,045,"Oregon","Malheur County",4,20,434,258,176
050,41,045,"Oregon","Malheur County",4,21,395,230,165
050,41,045,"Oregon","Malheur County",4,22,408,244,164
050,41,045,"Oregon","Malheur County",4,23,422,247,175
050,41,045,"Oregon","Malheur County",4,24,401,227,174
050,41,045,"Oregon","Malheur County",4,25,437,262,175
050,41,045,"Oregon","Malheur County",4,26,450,279,171
050,41,045,"Oregon","Malheur County",4,27,424,257,167
050,41,045,"Oregon","Malheur County",4,28,423,264,159
050,41,045,"Oregon","Malheur County",4,29,431,267,164
050,41,045,"Oregon","Malheur County",4,30,478,285,193
050,41,045,"Oregon","Malheur County",4,31,461,263,198
050,41,045,"Oregon","Malheur County",4,32,456,275,181
050,41,045,"Oregon","Malheur County",4,33,400,236,164
050,41,045,"Oregon","Malheur County",4,34,386,219,167
050,41,045,"Oregon","Malheur County",4,35,371,216,155
050,41,045,"Oregon","Malheur County",4,36,431,265,166
050,41,045,"Oregon","Malheur County",4,37,392,233,159
050,41,045,"Oregon","Malheur County",4,38,414,266,148
050,41,045,"Oregon","Malheur County",4,39,401,241,160
050,41,045,"Oregon","Malheur County",4,40,366,204,162
050,41,045,"Oregon","Malheur County",4,41,383,212,171
050,41,045,"Oregon","Malheur County",4,42,370,203,167
050,41,045,"Oregon","Malheur County",4,43,392,243,149
050,41,045,"Oregon","Malheur County",4,44,400,238,162
050,41,045,"Oregon","Malheur County",4,45,396,238,158
050,41,045,"Oregon","Malheur County",4,46,370,220,150
050,41,045,"Oregon","Malheur County",4,47,370,222,148
050,41,045,"Oregon","Malheur County",4,48,348,207,141
050,41,045,"Oregon","Malheur County",4,49,366,217,149
050,41,045,"Oregon","Malheur County",4,50,363,215,148
050,41,045,"Oregon","Malheur County",4,51,363,218,145
050,41,045,"Oregon","Malheur County",4,52,348,201,147
050,41,045,"Oregon","Malheur County",4,53,329,190,139
050,41,045,"Oregon","Malheur County",4,54,327,187,140
050,41,045,"Oregon","Malheur County",4,55,335,182,153
050,41,045,"Oregon","Malheur County",4,56,333,171,162
050,41,045,"Oregon","Malheur County",4,57,315,176,139
050,41,045,"Oregon","Malheur County",4,58,333,178,155
050,41,045,"Oregon","Malheur County",4,59,342,182,160
050,41,045,"Oregon","Malheur County",4,60,352,177,175
050,41,045,"Oregon","Malheur County",4,61,397,200,197
050,41,045,"Oregon","Malheur County",4,62,380,199,181
050,41,045,"Oregon","Malheur County",4,63,340,178,162
050,41,045,"Oregon","Malheur County",4,64,352,188,164
050,41,045,"Oregon","Malheur County",4,65,320,167,153
050,41,045,"Oregon","Malheur County",4,66,358,186,172
050,41,045,"Oregon","Malheur County",4,67,365,192,173
050,41,045,"Oregon","Malheur County",4,68,367,187,180
050,41,045,"Oregon","Malheur County",4,69,324,159,165
050,41,045,"Oregon","Malheur County",4,70,326,155,171
050,41,045,"Oregon","Malheur County",4,71,296,147,149
050,41,045,"Oregon","Malheur County",4,72,272,145,127
050,41,045,"Oregon","Malheur County",4,73,265,130,135
050,41,045,"Oregon","Malheur County",4,74,264,117,147
050,41,045,"Oregon","Malheur County",4,75,295,134,161
050,41,045,"Oregon","Malheur County",4,76,205,90,115
050,41,045,"Oregon","Malheur County",4,77,199,100,99
050,41,045,"Oregon","Malheur County",4,78,193,92,101
050,41,045,"Oregon","Malheur County",4,79,215,103,112
050,41,045,"Oregon","Malheur County",4,80,169,74,95
050,41,045,"Oregon","Malheur County",4,81,148,61,87
050,41,045,"Oregon","Malheur County",4,82,113,48,65
050,41,045,"Oregon","Malheur County",4,83,116,52,64
050,41,045,"Oregon","Malheur County",4,84,99,41,58
050,41,045,"Oregon","Malheur County",4,85,569,241,328
050,41,045,"Oregon","Malheur County",5,0,361,161,200
050,41,045,"Oregon","Malheur County",5,1,429,193,236
050,41,045,"Oregon","Malheur County",5,2,425,189,236
050,41,045,"Oregon","Malheur County",5,3,405,203,202
050,41,045,"Oregon","Malheur County",5,4,420,221,199
050,41,045,"Oregon","Malheur County",5,5,459,231,228
050,41,045,"Oregon","Malheur County",5,6,440,220,220
050,41,045,"Oregon","Malheur County",5,7,489,256,233
050,41,045,"Oregon","Malheur County",5,8,458,217,241
050,41,045,"Oregon","Malheur County",5,9,497,234,263
050,41,045,"Oregon","Malheur County",5,10,504,269,235
050,41,045,"Oregon","Malheur County",5,11,440,227,213
050,41,045,"Oregon","Malheur County",5,12,470,232,238
050,41,045,"Oregon","Malheur County",5,13,500,253,247
050,41,045,"Oregon","Malheur County",5,14,502,263,239
050,41,045,"Oregon","Malheur County",5,15,500,261,239
050,41,045,"Oregon","Malheur County",5,16,486,248,238
050,41,045,"Oregon","Malheur County",5,17,462,232,230
050,41,045,"Oregon","Malheur County",5,18,414,224,190
050,41,045,"Oregon","Malheur County",5,19,408,230,178
050,41,045,"Oregon","Malheur County",5,20,435,261,174
050,41,045,"Oregon","Malheur County",5,21,435,253,182
050,41,045,"Oregon","Malheur County",5,22,423,254,169
050,41,045,"Oregon","Malheur County",5,23,406,226,180
050,41,045,"Oregon","Malheur County",5,24,412,243,169
050,41,045,"Oregon","Malheur County",5,25,436,252,184
050,41,045,"Oregon","Malheur County",5,26,427,253,174
050,41,045,"Oregon","Malheur County",5,27,447,277,170
050,41,045,"Oregon","Malheur County",5,28,412,254,158
050,41,045,"Oregon","Malheur County",5,29,440,268,172
050,41,045,"Oregon","Malheur County",5,30,436,268,168
050,41,045,"Oregon","Malheur County",5,31,470,280,190
050,41,045,"Oregon","Malheur County",5,32,483,279,204
050,41,045,"Oregon","Malheur County",5,33,454,269,185
050,41,045,"Oregon","Malheur County",5,34,385,224,161
050,41,045,"Oregon","Malheur County",5,35,390,214,176
050,41,045,"Oregon","Malheur County",5,36,395,239,156
050,41,045,"Oregon","Malheur County",5,37,406,234,172
050,41,045,"Oregon","Malheur County",5,38,422,261,161
050,41,045,"Oregon","Malheur County",5,39,407,258,149
050,41,045,"Oregon","Malheur County",5,40,381,222,159
050,41,045,"Oregon","Malheur County",5,41,382,227,155
050,41,045,"Oregon","Malheur County",5,42,375,202,173
050,41,045,"Oregon","Malheur County",5,43,397,220,177
050,41,045,"Oregon","Malheur County",5,44,390,242,148
050,41,045,"Oregon","Malheur County",5,45,386,229,157
050,41,045,"Oregon","Malheur County",5,46,390,237,153
050,41,045,"Oregon","Malheur County",5,47,382,238,144
050,41,045,"Oregon","Malheur County",5,48,349,196,153
050,41,045,"Oregon","Malheur County",5,49,337,198,139
050,41,045,"Oregon","Malheur County",5,50,366,217,149
050,41,045,"Oregon","Malheur County",5,51,361,213,148
050,41,045,"Oregon","Malheur County",5,52,365,212,153
050,41,045,"Oregon","Malheur County",5,53,330,186,144
050,41,045,"Oregon","Malheur County",5,54,339,197,142
050,41,045,"Oregon","Malheur County",5,55,317,173,144
050,41,045,"Oregon","Malheur County",5,56,346,188,158
050,41,045,"Oregon","Malheur County",5,57,349,181,168
050,41,045,"Oregon","Malheur County",5,58,318,172,146
050,41,045,"Oregon","Malheur County",5,59,321,176,145
050,41,045,"Oregon","Malheur County",5,60,333,172,161
050,41,045,"Oregon","Malheur County",5,61,341,175,166
050,41,045,"Oregon","Malheur County",5,62,396,200,196
050,41,045,"Oregon","Malheur County",5,63,361,181,180
050,41,045,"Oregon","Malheur County",5,64,350,180,170
050,41,045,"Oregon","Malheur County",5,65,348,182,166
050,41,045,"Oregon","Malheur County",5,66,318,162,156
050,41,045,"Oregon","Malheur County",5,67,359,198,161
050,41,045,"Oregon","Malheur County",5,68,346,177,169
050,41,045,"Oregon","Malheur County",5,69,357,183,174
050,41,045,"Oregon","Malheur County",5,70,313,151,162
050,41,045,"Oregon","Malheur County",5,71,328,160,168
050,41,045,"Oregon","Malheur County",5,72,276,143,133
050,41,045,"Oregon","Malheur County",5,73,255,131,124
050,41,045,"Oregon","Malheur County",5,74,255,126,129
050,41,045,"Oregon","Malheur County",5,75,255,111,144
050,41,045,"Oregon","Malheur County",5,76,280,123,157
050,41,045,"Oregon","Malheur County",5,77,192,87,105
050,41,045,"Oregon","Malheur County",5,78,186,90,96
050,41,045,"Oregon","Malheur County",5,79,184,87,97
050,41,045,"Oregon","Malheur County",5,80,195,92,103
050,41,045,"Oregon","Malheur County",5,81,160,67,93
050,41,045,"Oregon","Malheur County",5,82,135,54,81
050,41,045,"Oregon","Malheur County",5,83,100,41,59
050,41,045,"Oregon","Malheur County",5,84,104,46,58
050,41,045,"Oregon","Malheur County",5,85,546,233,313
050,41,047,"Oregon","Marion County",1,0,4027,2064,1963
050,41,047,"Oregon","Marion County",1,1,4111,2106,2005
050,41,047,"Oregon","Marion County",1,2,4364,2194,2170
050,41,047,"Oregon","Marion County",1,3,4604,2318,2286
050,41,047,"Oregon","Marion County",1,4,4631,2365,2266
050,41,047,"Oregon","Marion County",1,5,4605,2413,2192
050,41,047,"Oregon","Marion County",1,6,4591,2322,2269
050,41,047,"Oregon","Marion County",1,7,4567,2341,2226
050,41,047,"Oregon","Marion County",1,8,4628,2383,2245
050,41,047,"Oregon","Marion County",1,9,4754,2481,2273
050,41,047,"Oregon","Marion County",1,10,4916,2543,2373
050,41,047,"Oregon","Marion County",1,11,4986,2554,2432
050,41,047,"Oregon","Marion County",1,12,5149,2641,2508
050,41,047,"Oregon","Marion County",1,13,5075,2604,2471
050,41,047,"Oregon","Marion County",1,14,5029,2616,2413
050,41,047,"Oregon","Marion County",1,15,4745,2465,2280
050,41,047,"Oregon","Marion County",1,16,4840,2478,2362
050,41,047,"Oregon","Marion County",1,17,4771,2464,2307
050,41,047,"Oregon","Marion County",1,18,4546,2381,2165
050,41,047,"Oregon","Marion County",1,19,4550,2323,2227
050,41,047,"Oregon","Marion County",1,20,4405,2311,2094
050,41,047,"Oregon","Marion County",1,21,4277,2221,2056
050,41,047,"Oregon","Marion County",1,22,4384,2242,2142
050,41,047,"Oregon","Marion County",1,23,4463,2263,2200
050,41,047,"Oregon","Marion County",1,24,4610,2395,2215
050,41,047,"Oregon","Marion County",1,25,4618,2437,2181
050,41,047,"Oregon","Marion County",1,26,4735,2433,2302
050,41,047,"Oregon","Marion County",1,27,4980,2540,2440
050,41,047,"Oregon","Marion County",1,28,5051,2572,2479
050,41,047,"Oregon","Marion County",1,29,5199,2651,2548
050,41,047,"Oregon","Marion County",1,30,5055,2591,2464
050,41,047,"Oregon","Marion County",1,31,4888,2513,2375
050,41,047,"Oregon","Marion County",1,32,4780,2470,2310
050,41,047,"Oregon","Marion County",1,33,4685,2447,2238
050,41,047,"Oregon","Marion County",1,34,4610,2368,2242
050,41,047,"Oregon","Marion County",1,35,4699,2459,2240
050,41,047,"Oregon","Marion County",1,36,4538,2326,2212
050,41,047,"Oregon","Marion County",1,37,4713,2420,2293
050,41,047,"Oregon","Marion County",1,38,4678,2372,2306
050,41,047,"Oregon","Marion County",1,39,4645,2400,2245
050,41,047,"Oregon","Marion County",1,40,4669,2404,2265
050,41,047,"Oregon","Marion County",1,41,4384,2270,2114
050,41,047,"Oregon","Marion County",1,42,4384,2284,2100
050,41,047,"Oregon","Marion County",1,43,4242,2185,2057
050,41,047,"Oregon","Marion County",1,44,4155,2130,2025
050,41,047,"Oregon","Marion County",1,45,4027,2085,1942
050,41,047,"Oregon","Marion County",1,46,3902,2004,1898
050,41,047,"Oregon","Marion County",1,47,3895,1970,1925
050,41,047,"Oregon","Marion County",1,48,4161,2144,2017
050,41,047,"Oregon","Marion County",1,49,4398,2283,2115
050,41,047,"Oregon","Marion County",1,50,4243,2178,2065
050,41,047,"Oregon","Marion County",1,51,4002,2004,1998
050,41,047,"Oregon","Marion County",1,52,3878,1946,1932
050,41,047,"Oregon","Marion County",1,53,3946,2001,1945
050,41,047,"Oregon","Marion County",1,54,3820,1961,1859
050,41,047,"Oregon","Marion County",1,55,3983,2016,1967
050,41,047,"Oregon","Marion County",1,56,4047,2035,2012
050,41,047,"Oregon","Marion County",1,57,4152,2104,2048
050,41,047,"Oregon","Marion County",1,58,4246,2076,2170
050,41,047,"Oregon","Marion County",1,59,4219,2083,2136
050,41,047,"Oregon","Marion County",1,60,4220,2025,2195
050,41,047,"Oregon","Marion County",1,61,4096,1964,2132
050,41,047,"Oregon","Marion County",1,62,4146,1980,2166
050,41,047,"Oregon","Marion County",1,63,4113,1986,2127
050,41,047,"Oregon","Marion County",1,64,3993,1937,2056
050,41,047,"Oregon","Marion County",1,65,3920,1858,2062
050,41,047,"Oregon","Marion County",1,66,3886,1830,2056
050,41,047,"Oregon","Marion County",1,67,3837,1813,2024
050,41,047,"Oregon","Marion County",1,68,3610,1652,1958
050,41,047,"Oregon","Marion County",1,69,3288,1504,1784
050,41,047,"Oregon","Marion County",1,70,3171,1464,1707
050,41,047,"Oregon","Marion County",1,71,3119,1435,1684
050,41,047,"Oregon","Marion County",1,72,3098,1464,1634
050,41,047,"Oregon","Marion County",1,73,3183,1494,1689
050,41,047,"Oregon","Marion County",1,74,2231,1009,1222
050,41,047,"Oregon","Marion County",1,75,2234,1022,1212
050,41,047,"Oregon","Marion County",1,76,2141,976,1165
050,41,047,"Oregon","Marion County",1,77,2121,948,1173
050,41,047,"Oregon","Marion County",1,78,1800,795,1005
050,41,047,"Oregon","Marion County",1,79,1550,692,858
050,41,047,"Oregon","Marion County",1,80,1417,624,793
050,41,047,"Oregon","Marion County",1,81,1327,571,756
050,41,047,"Oregon","Marion County",1,82,1249,560,689
050,41,047,"Oregon","Marion County",1,83,1071,473,598
050,41,047,"Oregon","Marion County",1,84,1018,469,549
050,41,047,"Oregon","Marion County",1,85,5816,2161,3655
050,41,047,"Oregon","Marion County",2,0,4007,2053,1954
050,41,047,"Oregon","Marion County",2,1,4091,2097,1994
050,41,047,"Oregon","Marion County",2,2,4317,2183,2134
050,41,047,"Oregon","Marion County",2,3,4530,2281,2249
050,41,047,"Oregon","Marion County",2,4,4635,2364,2271
050,41,047,"Oregon","Marion County",2,5,4619,2397,2222
050,41,047,"Oregon","Marion County",2,6,4598,2349,2249
050,41,047,"Oregon","Marion County",2,7,4561,2329,2232
050,41,047,"Oregon","Marion County",2,8,4593,2364,2229
050,41,047,"Oregon","Marion County",2,9,4713,2454,2259
050,41,047,"Oregon","Marion County",2,10,4869,2526,2343
050,41,047,"Oregon","Marion County",2,11,4944,2538,2406
050,41,047,"Oregon","Marion County",2,12,5125,2623,2502
050,41,047,"Oregon","Marion County",2,13,5095,2612,2483
050,41,047,"Oregon","Marion County",2,14,5039,2613,2426
050,41,047,"Oregon","Marion County",2,15,4829,2507,2322
050,41,047,"Oregon","Marion County",2,16,4837,2485,2352
050,41,047,"Oregon","Marion County",2,17,4793,2475,2318
050,41,047,"Oregon","Marion County",2,18,4553,2373,2180
050,41,047,"Oregon","Marion County",2,19,4563,2333,2230
050,41,047,"Oregon","Marion County",2,20,4449,2321,2128
050,41,047,"Oregon","Marion County",2,21,4301,2236,2065
050,41,047,"Oregon","Marion County",2,22,4399,2259,2140
050,41,047,"Oregon","Marion County",2,23,4484,2280,2204
050,41,047,"Oregon","Marion County",2,24,4605,2385,2220
050,41,047,"Oregon","Marion County",2,25,4631,2437,2194
050,41,047,"Oregon","Marion County",2,26,4723,2444,2279
050,41,047,"Oregon","Marion County",2,27,4929,2518,2411
050,41,047,"Oregon","Marion County",2,28,5044,2579,2465
050,41,047,"Oregon","Marion County",2,29,5160,2632,2528
050,41,047,"Oregon","Marion County",2,30,5113,2613,2500
050,41,047,"Oregon","Marion County",2,31,4915,2521,2394
050,41,047,"Oregon","Marion County",2,32,4794,2469,2325
050,41,047,"Oregon","Marion County",2,33,4700,2451,2249
050,41,047,"Oregon","Marion County",2,34,4633,2390,2243
050,41,047,"Oregon","Marion County",2,35,4706,2452,2254
050,41,047,"Oregon","Marion County",2,36,4564,2354,2210
050,41,047,"Oregon","Marion County",2,37,4680,2403,2277
050,41,047,"Oregon","Marion County",2,38,4721,2399,2322
050,41,047,"Oregon","Marion County",2,39,4647,2389,2258
050,41,047,"Oregon","Marion County",2,40,4709,2430,2279
050,41,047,"Oregon","Marion County",2,41,4444,2297,2147
050,41,047,"Oregon","Marion County",2,42,4375,2282,2093
050,41,047,"Oregon","Marion County",2,43,4304,2218,2086
050,41,047,"Oregon","Marion County",2,44,4161,2143,2018
050,41,047,"Oregon","Marion County",2,45,4063,2093,1970
050,41,047,"Oregon","Marion County",2,46,3938,2032,1906
050,41,047,"Oregon","Marion County",2,47,3890,1970,1920
050,41,047,"Oregon","Marion County",2,48,4094,2097,1997
050,41,047,"Oregon","Marion County",2,49,4360,2259,2101
050,41,047,"Oregon","Marion County",2,50,4290,2209,2081
050,41,047,"Oregon","Marion County",2,51,4031,2029,2002
050,41,047,"Oregon","Marion County",2,52,3914,1963,1951
050,41,047,"Oregon","Marion County",2,53,3931,1984,1947
050,41,047,"Oregon","Marion County",2,54,3841,1966,1875
050,41,047,"Oregon","Marion County",2,55,3949,2008,1941
050,41,047,"Oregon","Marion County",2,56,4051,2046,2005
050,41,047,"Oregon","Marion County",2,57,4137,2088,2049
050,41,047,"Oregon","Marion County",2,58,4203,2070,2133
050,41,047,"Oregon","Marion County",2,59,4230,2080,2150
050,41,047,"Oregon","Marion County",2,60,4199,2026,2173
050,41,047,"Oregon","Marion County",2,61,4113,1976,2137
050,41,047,"Oregon","Marion County",2,62,4118,1961,2157
050,41,047,"Oregon","Marion County",2,63,4128,1986,2142
050,41,047,"Oregon","Marion County",2,64,3990,1927,2063
050,41,047,"Oregon","Marion County",2,65,3911,1857,2054
050,41,047,"Oregon","Marion County",2,66,3894,1836,2058
050,41,047,"Oregon","Marion County",2,67,3822,1803,2019
050,41,047,"Oregon","Marion County",2,68,3629,1676,1953
050,41,047,"Oregon","Marion County",2,69,3372,1538,1834
050,41,047,"Oregon","Marion County",2,70,3177,1462,1715
050,41,047,"Oregon","Marion County",2,71,3109,1427,1682
050,41,047,"Oregon","Marion County",2,72,3042,1428,1614
050,41,047,"Oregon","Marion County",2,73,3302,1554,1748
050,41,047,"Oregon","Marion County",2,74,2306,1054,1252
050,41,047,"Oregon","Marion County",2,75,2233,1020,1213
050,41,047,"Oregon","Marion County",2,76,2125,969,1156
050,41,047,"Oregon","Marion County",2,77,2157,966,1191
050,41,047,"Oregon","Marion County",2,78,1812,797,1015
050,41,047,"Oregon","Marion County",2,79,1586,703,883
050,41,047,"Oregon","Marion County",2,80,1439,637,802
050,41,047,"Oregon","Marion County",2,81,1330,575,755
050,41,047,"Oregon","Marion County",2,82,1249,552,697
050,41,047,"Oregon","Marion County",2,83,1084,482,602
050,41,047,"Oregon","Marion County",2,84,1013,462,551
050,41,047,"Oregon","Marion County",2,85,5786,2157,3629
050,41,047,"Oregon","Marion County",3,0,3796,1945,1851
050,41,047,"Oregon","Marion County",3,1,4049,2081,1968
050,41,047,"Oregon","Marion County",3,2,4095,2071,2024
050,41,047,"Oregon","Marion County",3,3,4367,2176,2191
050,41,047,"Oregon","Marion County",3,4,4520,2270,2250
050,41,047,"Oregon","Marion County",3,5,4626,2344,2282
050,41,047,"Oregon","Marion County",3,6,4602,2389,2213
050,41,047,"Oregon","Marion County",3,7,4627,2378,2249
050,41,047,"Oregon","Marion County",3,8,4578,2306,2272
050,41,047,"Oregon","Marion County",3,9,4581,2341,2240
050,41,047,"Oregon","Marion County",3,10,4648,2405,2243
050,41,047,"Oregon","Marion County",3,11,4847,2501,2346
050,41,047,"Oregon","Marion County",3,12,4874,2483,2391
050,41,047,"Oregon","Marion County",3,13,5118,2602,2516
050,41,047,"Oregon","Marion County",3,14,5074,2601,2473
050,41,047,"Oregon","Marion County",3,15,5034,2629,2405
050,41,047,"Oregon","Marion County",3,16,4809,2496,2313
050,41,047,"Oregon","Marion County",3,17,4824,2503,2321
050,41,047,"Oregon","Marion County",3,18,4673,2399,2274
050,41,047,"Oregon","Marion County",3,19,4565,2357,2208
050,41,047,"Oregon","Marion County",3,20,4400,2277,2123
050,41,047,"Oregon","Marion County",3,21,4496,2360,2136
050,41,047,"Oregon","Marion County",3,22,4406,2279,2127
050,41,047,"Oregon","Marion County",3,23,4567,2374,2193
050,41,047,"Oregon","Marion County",3,24,4647,2410,2237
050,41,047,"Oregon","Marion County",3,25,4697,2442,2255
050,41,047,"Oregon","Marion County",3,26,4714,2481,2233
050,41,047,"Oregon","Marion County",3,27,4744,2465,2279
050,41,047,"Oregon","Marion County",3,28,4972,2579,2393
050,41,047,"Oregon","Marion County",3,29,5035,2588,2447
050,41,047,"Oregon","Marion County",3,30,5157,2623,2534
050,41,047,"Oregon","Marion County",3,31,5205,2659,2546
050,41,047,"Oregon","Marion County",3,32,4881,2506,2375
050,41,047,"Oregon","Marion County",3,33,4819,2508,2311
050,41,047,"Oregon","Marion County",3,34,4687,2445,2242
050,41,047,"Oregon","Marion County",3,35,4656,2409,2247
050,41,047,"Oregon","Marion County",3,36,4669,2437,2232
050,41,047,"Oregon","Marion County",3,37,4617,2397,2220
050,41,047,"Oregon","Marion County",3,38,4764,2434,2330
050,41,047,"Oregon","Marion County",3,39,4733,2405,2328
050,41,047,"Oregon","Marion County",3,40,4683,2437,2246
050,41,047,"Oregon","Marion County",3,41,4706,2431,2275
050,41,047,"Oregon","Marion County",3,42,4456,2327,2129
050,41,047,"Oregon","Marion County",3,43,4373,2260,2113
050,41,047,"Oregon","Marion County",3,44,4315,2240,2075
050,41,047,"Oregon","Marion County",3,45,4088,2088,2000
050,41,047,"Oregon","Marion County",3,46,4113,2128,1985
050,41,047,"Oregon","Marion County",3,47,3923,2002,1921
050,41,047,"Oregon","Marion County",3,48,3888,1985,1903
050,41,047,"Oregon","Marion County",3,49,4041,2066,1975
050,41,047,"Oregon","Marion County",3,50,4375,2265,2110
050,41,047,"Oregon","Marion County",3,51,4253,2196,2057
050,41,047,"Oregon","Marion County",3,52,4018,2036,1982
050,41,047,"Oregon","Marion County",3,53,3912,1966,1946
050,41,047,"Oregon","Marion County",3,54,3958,1993,1965
050,41,047,"Oregon","Marion County",3,55,3828,1964,1864
050,41,047,"Oregon","Marion County",3,56,3942,2000,1942
050,41,047,"Oregon","Marion County",3,57,4085,2063,2022
050,41,047,"Oregon","Marion County",3,58,4083,2052,2031
050,41,047,"Oregon","Marion County",3,59,4151,2042,2109
050,41,047,"Oregon","Marion County",3,60,4196,2087,2109
050,41,047,"Oregon","Marion County",3,61,4150,2006,2144
050,41,047,"Oregon","Marion County",3,62,4104,1938,2166
050,41,047,"Oregon","Marion County",3,63,4072,1933,2139
050,41,047,"Oregon","Marion County",3,64,4046,1955,2091
050,41,047,"Oregon","Marion County",3,65,3927,1876,2051
050,41,047,"Oregon","Marion County",3,66,3885,1837,2048
050,41,047,"Oregon","Marion County",3,67,3810,1783,2027
050,41,047,"Oregon","Marion County",3,68,3780,1783,1997
050,41,047,"Oregon","Marion County",3,69,3563,1650,1913
050,41,047,"Oregon","Marion County",3,70,3299,1497,1802
050,41,047,"Oregon","Marion County",3,71,3099,1422,1677
050,41,047,"Oregon","Marion County",3,72,3074,1406,1668
050,41,047,"Oregon","Marion County",3,73,3008,1403,1605
050,41,047,"Oregon","Marion County",3,74,3210,1507,1703
050,41,047,"Oregon","Marion County",3,75,2249,1026,1223
050,41,047,"Oregon","Marion County",3,76,2149,973,1176
050,41,047,"Oregon","Marion County",3,77,2046,925,1121
050,41,047,"Oregon","Marion County",3,78,2071,918,1153
050,41,047,"Oregon","Marion County",3,79,1733,752,981
050,41,047,"Oregon","Marion County",3,80,1491,657,834
050,41,047,"Oregon","Marion County",3,81,1370,586,784
050,41,047,"Oregon","Marion County",3,82,1262,540,722
050,41,047,"Oregon","Marion County",3,83,1139,505,634
050,41,047,"Oregon","Marion County",3,84,1022,453,569
050,41,047,"Oregon","Marion County",3,85,5732,2195,3537
050,41,047,"Oregon","Marion County",4,0,3905,1973,1932
050,41,047,"Oregon","Marion County",4,1,3803,1932,1871
050,41,047,"Oregon","Marion County",4,2,4074,2121,1953
050,41,047,"Oregon","Marion County",4,3,4106,2067,2039
050,41,047,"Oregon","Marion County",4,4,4347,2162,2185
050,41,047,"Oregon","Marion County",4,5,4513,2266,2247
050,41,047,"Oregon","Marion County",4,6,4584,2311,2273
050,41,047,"Oregon","Marion County",4,7,4574,2369,2205
050,41,047,"Oregon","Marion County",4,8,4634,2418,2216
050,41,047,"Oregon","Marion County",4,9,4542,2291,2251
050,41,047,"Oregon","Marion County",4,10,4557,2331,2226
050,41,047,"Oregon","Marion County",4,11,4601,2396,2205
050,41,047,"Oregon","Marion County",4,12,4783,2449,2334
050,41,047,"Oregon","Marion County",4,13,4869,2489,2380
050,41,047,"Oregon","Marion County",4,14,5070,2562,2508
050,41,047,"Oregon","Marion County",4,15,5048,2582,2466
050,41,047,"Oregon","Marion County",4,16,5022,2629,2393
050,41,047,"Oregon","Marion County",4,17,4819,2524,2295
050,41,047,"Oregon","Marion County",4,18,4668,2429,2239
050,41,047,"Oregon","Marion County",4,19,4572,2302,2270
050,41,047,"Oregon","Marion County",4,20,4399,2289,2110
050,41,047,"Oregon","Marion County",4,21,4402,2257,2145
050,41,047,"Oregon","Marion County",4,22,4562,2375,2187
050,41,047,"Oregon","Marion County",4,23,4532,2341,2191
050,41,047,"Oregon","Marion County",4,24,4725,2449,2276
050,41,047,"Oregon","Marion County",4,25,4630,2399,2231
050,41,047,"Oregon","Marion County",4,26,4696,2425,2271
050,41,047,"Oregon","Marion County",4,27,4678,2490,2188
050,41,047,"Oregon","Marion County",4,28,4747,2472,2275
050,41,047,"Oregon","Marion County",4,29,4931,2541,2390
050,41,047,"Oregon","Marion County",4,30,4980,2531,2449
050,41,047,"Oregon","Marion County",4,31,5148,2619,2529
050,41,047,"Oregon","Marion County",4,32,5154,2649,2505
050,41,047,"Oregon","Marion County",4,33,4835,2472,2363
050,41,047,"Oregon","Marion County",4,34,4753,2454,2299
050,41,047,"Oregon","Marion County",4,35,4643,2413,2230
050,41,047,"Oregon","Marion County",4,36,4586,2366,2220
050,41,047,"Oregon","Marion County",4,37,4643,2389,2254
050,41,047,"Oregon","Marion County",4,38,4599,2377,2222
050,41,047,"Oregon","Marion County",4,39,4713,2394,2319
050,41,047,"Oregon","Marion County",4,40,4713,2405,2308
050,41,047,"Oregon","Marion County",4,41,4621,2375,2246
050,41,047,"Oregon","Marion County",4,42,4666,2410,2256
050,41,047,"Oregon","Marion County",4,43,4389,2237,2152
050,41,047,"Oregon","Marion County",4,44,4339,2253,2086
050,41,047,"Oregon","Marion County",4,45,4182,2141,2041
050,41,047,"Oregon","Marion County",4,46,4125,2109,2016
050,41,047,"Oregon","Marion County",4,47,4064,2116,1948
050,41,047,"Oregon","Marion County",4,48,3891,2005,1886
050,41,047,"Oregon","Marion County",4,49,3861,1955,1906
050,41,047,"Oregon","Marion County",4,50,4011,2053,1958
050,41,047,"Oregon","Marion County",4,51,4344,2214,2130
050,41,047,"Oregon","Marion County",4,52,4221,2172,2049
050,41,047,"Oregon","Marion County",4,53,3992,2008,1984
050,41,047,"Oregon","Marion County",4,54,3874,1943,1931
050,41,047,"Oregon","Marion County",4,55,3886,1940,1946
050,41,047,"Oregon","Marion County",4,56,3781,1945,1836
050,41,047,"Oregon","Marion County",4,57,3921,1974,1947
050,41,047,"Oregon","Marion County",4,58,3995,2005,1990
050,41,047,"Oregon","Marion County",4,59,4004,1982,2022
050,41,047,"Oregon","Marion County",4,60,4105,2033,2072
050,41,047,"Oregon","Marion County",4,61,4132,2050,2082
050,41,047,"Oregon","Marion County",4,62,4111,1968,2143
050,41,047,"Oregon","Marion County",4,63,4031,1900,2131
050,41,047,"Oregon","Marion County",4,64,3997,1904,2093
050,41,047,"Oregon","Marion County",4,65,3968,1906,2062
050,41,047,"Oregon","Marion County",4,66,3875,1853,2022
050,41,047,"Oregon","Marion County",4,67,3780,1781,1999
050,41,047,"Oregon","Marion County",4,68,3725,1747,1978
050,41,047,"Oregon","Marion County",4,69,3706,1727,1979
050,41,047,"Oregon","Marion County",4,70,3470,1601,1869
050,41,047,"Oregon","Marion County",4,71,3237,1450,1787
050,41,047,"Oregon","Marion County",4,72,3012,1372,1640
050,41,047,"Oregon","Marion County",4,73,3006,1355,1651
050,41,047,"Oregon","Marion County",4,74,2902,1336,1566
050,41,047,"Oregon","Marion County",4,75,3114,1471,1643
050,41,047,"Oregon","Marion County",4,76,2157,971,1186
050,41,047,"Oregon","Marion County",4,77,2068,928,1140
050,41,047,"Oregon","Marion County",4,78,1940,878,1062
050,41,047,"Oregon","Marion County",4,79,1959,855,1104
050,41,047,"Oregon","Marion County",4,80,1621,699,922
050,41,047,"Oregon","Marion County",4,81,1407,594,813
050,41,047,"Oregon","Marion County",4,82,1285,554,731
050,41,047,"Oregon","Marion County",4,83,1146,483,663
050,41,047,"Oregon","Marion County",4,84,1063,466,597
050,41,047,"Oregon","Marion County",4,85,5575,2142,3433
050,41,047,"Oregon","Marion County",5,0,3832,1932,1900
050,41,047,"Oregon","Marion County",5,1,3984,2059,1925
050,41,047,"Oregon","Marion County",5,2,3842,1933,1909
050,41,047,"Oregon","Marion County",5,3,4053,2121,1932
050,41,047,"Oregon","Marion County",5,4,4068,2054,2014
050,41,047,"Oregon","Marion County",5,5,4334,2142,2192
050,41,047,"Oregon","Marion County",5,6,4535,2289,2246
050,41,047,"Oregon","Marion County",5,7,4563,2332,2231
050,41,047,"Oregon","Marion County",5,8,4524,2352,2172
050,41,047,"Oregon","Marion County",5,9,4607,2370,2237
050,41,047,"Oregon","Marion County",5,10,4513,2283,2230
050,41,047,"Oregon","Marion County",5,11,4520,2311,2209
050,41,047,"Oregon","Marion County",5,12,4513,2335,2178
050,41,047,"Oregon","Marion County",5,13,4767,2444,2323
050,41,047,"Oregon","Marion County",5,14,4837,2462,2375
050,41,047,"Oregon","Marion County",5,15,5063,2564,2499
050,41,047,"Oregon","Marion County",5,16,5033,2578,2455
050,41,047,"Oregon","Marion County",5,17,5043,2642,2401
050,41,047,"Oregon","Marion County",5,18,4662,2454,2208
050,41,047,"Oregon","Marion County",5,19,4623,2355,2268
050,41,047,"Oregon","Marion County",5,20,4481,2284,2197
050,41,047,"Oregon","Marion County",5,21,4402,2285,2117
050,41,047,"Oregon","Marion County",5,22,4537,2307,2230
050,41,047,"Oregon","Marion County",5,23,4702,2441,2261
050,41,047,"Oregon","Marion County",5,24,4664,2391,2273
050,41,047,"Oregon","Marion County",5,25,4744,2465,2279
050,41,047,"Oregon","Marion County",5,26,4668,2421,2247
050,41,047,"Oregon","Marion County",5,27,4763,2462,2301
050,41,047,"Oregon","Marion County",5,28,4744,2567,2177
050,41,047,"Oregon","Marion County",5,29,4826,2503,2323
050,41,047,"Oregon","Marion County",5,30,4887,2516,2371
050,41,047,"Oregon","Marion County",5,31,5027,2557,2470
050,41,047,"Oregon","Marion County",5,32,5102,2573,2529
050,41,047,"Oregon","Marion County",5,33,5141,2630,2511
050,41,047,"Oregon","Marion County",5,34,4734,2412,2322
050,41,047,"Oregon","Marion County",5,35,4798,2485,2313
050,41,047,"Oregon","Marion County",5,36,4681,2423,2258
050,41,047,"Oregon","Marion County",5,37,4593,2381,2212
050,41,047,"Oregon","Marion County",5,38,4639,2403,2236
050,41,047,"Oregon","Marion County",5,39,4548,2348,2200
050,41,047,"Oregon","Marion County",5,40,4719,2396,2323
050,41,047,"Oregon","Marion County",5,41,4640,2361,2279
050,41,047,"Oregon","Marion County",5,42,4601,2374,2227
050,41,047,"Oregon","Marion County",5,43,4653,2385,2268
050,41,047,"Oregon","Marion County",5,44,4410,2251,2159
050,41,047,"Oregon","Marion County",5,45,4239,2179,2060
050,41,047,"Oregon","Marion County",5,46,4231,2176,2055
050,41,047,"Oregon","Marion County",5,47,4091,2095,1996
050,41,047,"Oregon","Marion County",5,48,4047,2111,1936
050,41,047,"Oregon","Marion County",5,49,3816,1962,1854
050,41,047,"Oregon","Marion County",5,50,3784,1921,1863
050,41,047,"Oregon","Marion County",5,51,3971,2015,1956
050,41,047,"Oregon","Marion County",5,52,4371,2218,2153
050,41,047,"Oregon","Marion County",5,53,4188,2158,2030
050,41,047,"Oregon","Marion County",5,54,3962,1982,1980
050,41,047,"Oregon","Marion County",5,55,3834,1909,1925
050,41,047,"Oregon","Marion County",5,56,3856,1921,1935
050,41,047,"Oregon","Marion County",5,57,3754,1933,1821
050,41,047,"Oregon","Marion County",5,58,3846,1924,1922
050,41,047,"Oregon","Marion County",5,59,3921,1956,1965
050,41,047,"Oregon","Marion County",5,60,3944,1946,1998
050,41,047,"Oregon","Marion County",5,61,4029,2001,2028
050,41,047,"Oregon","Marion County",5,62,4101,2019,2082
050,41,047,"Oregon","Marion County",5,63,4028,1928,2100
050,41,047,"Oregon","Marion County",5,64,3915,1835,2080
050,41,047,"Oregon","Marion County",5,65,3936,1862,2074
050,41,047,"Oregon","Marion County",5,66,3893,1856,2037
050,41,047,"Oregon","Marion County",5,67,3785,1798,1987
050,41,047,"Oregon","Marion County",5,68,3683,1739,1944
050,41,047,"Oregon","Marion County",5,69,3669,1717,1952
050,41,047,"Oregon","Marion County",5,70,3596,1664,1932
050,41,047,"Oregon","Marion County",5,71,3385,1557,1828
050,41,047,"Oregon","Marion County",5,72,3144,1413,1731
050,41,047,"Oregon","Marion County",5,73,2926,1317,1609
050,41,047,"Oregon","Marion County",5,74,2911,1305,1606
050,41,047,"Oregon","Marion County",5,75,2829,1311,1518
050,41,047,"Oregon","Marion County",5,76,3020,1406,1614
050,41,047,"Oregon","Marion County",5,77,2083,933,1150
050,41,047,"Oregon","Marion County",5,78,1985,883,1102
050,41,047,"Oregon","Marion County",5,79,1858,830,1028
050,41,047,"Oregon","Marion County",5,80,1835,790,1045
050,41,047,"Oregon","Marion County",5,81,1547,638,909
050,41,047,"Oregon","Marion County",5,82,1321,564,757
050,41,047,"Oregon","Marion County",5,83,1160,510,650
050,41,047,"Oregon","Marion County",5,84,1086,462,624
050,41,047,"Oregon","Marion County",5,85,5541,2163,3378
050,41,049,"Oregon","Morrow County",1,0,177,90,87
050,41,049,"Oregon","Morrow County",1,1,169,81,88
050,41,049,"Oregon","Morrow County",1,2,174,87,87
050,41,049,"Oregon","Morrow County",1,3,171,76,95
050,41,049,"Oregon","Morrow County",1,4,190,104,86
050,41,049,"Oregon","Morrow County",1,5,184,98,86
050,41,049,"Oregon","Morrow County",1,6,176,96,80
050,41,049,"Oregon","Morrow County",1,7,190,90,100
050,41,049,"Oregon","Morrow County",1,8,189,95,94
050,41,049,"Oregon","Morrow County",1,9,196,107,89
050,41,049,"Oregon","Morrow County",1,10,186,102,84
050,41,049,"Oregon","Morrow County",1,11,217,116,101
050,41,049,"Oregon","Morrow County",1,12,207,111,96
050,41,049,"Oregon","Morrow County",1,13,207,111,96
050,41,049,"Oregon","Morrow County",1,14,184,97,87
050,41,049,"Oregon","Morrow County",1,15,191,101,90
050,41,049,"Oregon","Morrow County",1,16,209,101,108
050,41,049,"Oregon","Morrow County",1,17,209,98,111
050,41,049,"Oregon","Morrow County",1,18,203,106,97
050,41,049,"Oregon","Morrow County",1,19,153,88,65
050,41,049,"Oregon","Morrow County",1,20,165,97,68
050,41,049,"Oregon","Morrow County",1,21,164,87,77
050,41,049,"Oregon","Morrow County",1,22,140,76,64
050,41,049,"Oregon","Morrow County",1,23,156,79,77
050,41,049,"Oregon","Morrow County",1,24,175,91,84
050,41,049,"Oregon","Morrow County",1,25,142,69,73
050,41,049,"Oregon","Morrow County",1,26,141,79,62
050,41,049,"Oregon","Morrow County",1,27,134,71,63
050,41,049,"Oregon","Morrow County",1,28,143,71,72
050,41,049,"Oregon","Morrow County",1,29,133,74,59
050,41,049,"Oregon","Morrow County",1,30,122,65,57
050,41,049,"Oregon","Morrow County",1,31,125,67,58
050,41,049,"Oregon","Morrow County",1,32,144,67,77
050,41,049,"Oregon","Morrow County",1,33,134,63,71
050,41,049,"Oregon","Morrow County",1,34,115,57,58
050,41,049,"Oregon","Morrow County",1,35,134,66,68
050,41,049,"Oregon","Morrow County",1,36,133,58,75
050,41,049,"Oregon","Morrow County",1,37,154,74,80
050,41,049,"Oregon","Morrow County",1,38,169,88,81
050,41,049,"Oregon","Morrow County",1,39,145,72,73
050,41,049,"Oregon","Morrow County",1,40,141,62,79
050,41,049,"Oregon","Morrow County",1,41,140,64,76
050,41,049,"Oregon","Morrow County",1,42,136,74,62
050,41,049,"Oregon","Morrow County",1,43,134,69,65
050,41,049,"Oregon","Morrow County",1,44,126,70,56
050,41,049,"Oregon","Morrow County",1,45,144,76,68
050,41,049,"Oregon","Morrow County",1,46,156,83,73
050,41,049,"Oregon","Morrow County",1,47,166,80,86
050,41,049,"Oregon","Morrow County",1,48,131,63,68
050,41,049,"Oregon","Morrow County",1,49,136,72,64
050,41,049,"Oregon","Morrow County",1,50,132,65,67
050,41,049,"Oregon","Morrow County",1,51,137,66,71
050,41,049,"Oregon","Morrow County",1,52,149,75,74
050,41,049,"Oregon","Morrow County",1,53,127,68,59
050,41,049,"Oregon","Morrow County",1,54,122,69,53
050,41,049,"Oregon","Morrow County",1,55,129,65,64
050,41,049,"Oregon","Morrow County",1,56,127,73,54
050,41,049,"Oregon","Morrow County",1,57,134,78,56
050,41,049,"Oregon","Morrow County",1,58,139,72,67
050,41,049,"Oregon","Morrow County",1,59,151,74,77
050,41,049,"Oregon","Morrow County",1,60,184,99,85
050,41,049,"Oregon","Morrow County",1,61,166,82,84
050,41,049,"Oregon","Morrow County",1,62,180,86,94
050,41,049,"Oregon","Morrow County",1,63,169,87,82
050,41,049,"Oregon","Morrow County",1,64,151,83,68
050,41,049,"Oregon","Morrow County",1,65,150,78,72
050,41,049,"Oregon","Morrow County",1,66,144,64,80
050,41,049,"Oregon","Morrow County",1,67,138,59,79
050,41,049,"Oregon","Morrow County",1,68,126,56,70
050,41,049,"Oregon","Morrow County",1,69,120,62,58
050,41,049,"Oregon","Morrow County",1,70,143,77,66
050,41,049,"Oregon","Morrow County",1,71,123,65,58
050,41,049,"Oregon","Morrow County",1,72,113,57,56
050,41,049,"Oregon","Morrow County",1,73,94,45,49
050,41,049,"Oregon","Morrow County",1,74,75,33,42
050,41,049,"Oregon","Morrow County",1,75,73,43,30
050,41,049,"Oregon","Morrow County",1,76,71,35,36
050,41,049,"Oregon","Morrow County",1,77,75,40,35
050,41,049,"Oregon","Morrow County",1,78,55,24,31
050,41,049,"Oregon","Morrow County",1,79,63,29,34
050,41,049,"Oregon","Morrow County",1,80,49,23,26
050,41,049,"Oregon","Morrow County",1,81,39,18,21
050,41,049,"Oregon","Morrow County",1,82,53,29,24
050,41,049,"Oregon","Morrow County",1,83,36,18,18
050,41,049,"Oregon","Morrow County",1,84,39,16,23
050,41,049,"Oregon","Morrow County",1,85,150,77,73
050,41,049,"Oregon","Morrow County",2,0,177,87,90
050,41,049,"Oregon","Morrow County",2,1,172,84,88
050,41,049,"Oregon","Morrow County",2,2,173,86,87
050,41,049,"Oregon","Morrow County",2,3,173,79,94
050,41,049,"Oregon","Morrow County",2,4,187,98,89
050,41,049,"Oregon","Morrow County",2,5,184,99,85
050,41,049,"Oregon","Morrow County",2,6,180,97,83
050,41,049,"Oregon","Morrow County",2,7,188,92,96
050,41,049,"Oregon","Morrow County",2,8,189,92,97
050,41,049,"Oregon","Morrow County",2,9,195,104,91
050,41,049,"Oregon","Morrow County",2,10,192,105,87
050,41,049,"Oregon","Morrow County",2,11,209,112,97
050,41,049,"Oregon","Morrow County",2,12,210,113,97
050,41,049,"Oregon","Morrow County",2,13,205,112,93
050,41,049,"Oregon","Morrow County",2,14,187,99,88
050,41,049,"Oregon","Morrow County",2,15,188,100,88
050,41,049,"Oregon","Morrow County",2,16,208,103,105
050,41,049,"Oregon","Morrow County",2,17,209,100,109
050,41,049,"Oregon","Morrow County",2,18,196,101,95
050,41,049,"Oregon","Morrow County",2,19,159,89,70
050,41,049,"Oregon","Morrow County",2,20,165,96,69
050,41,049,"Oregon","Morrow County",2,21,163,88,75
050,41,049,"Oregon","Morrow County",2,22,148,78,70
050,41,049,"Oregon","Morrow County",2,23,156,80,76
050,41,049,"Oregon","Morrow County",2,24,171,88,83
050,41,049,"Oregon","Morrow County",2,25,152,76,76
050,41,049,"Oregon","Morrow County",2,26,144,78,66
050,41,049,"Oregon","Morrow County",2,27,133,71,62
050,41,049,"Oregon","Morrow County",2,28,141,70,71
050,41,049,"Oregon","Morrow County",2,29,136,73,63
050,41,049,"Oregon","Morrow County",2,30,127,68,59
050,41,049,"Oregon","Morrow County",2,31,124,67,57
050,41,049,"Oregon","Morrow County",2,32,142,69,73
050,41,049,"Oregon","Morrow County",2,33,137,65,72
050,41,049,"Oregon","Morrow County",2,34,118,58,60
050,41,049,"Oregon","Morrow County",2,35,131,65,66
050,41,049,"Oregon","Morrow County",2,36,133,60,73
050,41,049,"Oregon","Morrow County",2,37,150,71,79
050,41,049,"Oregon","Morrow County",2,38,168,87,81
050,41,049,"Oregon","Morrow County",2,39,149,75,74
050,41,049,"Oregon","Morrow County",2,40,144,65,79
050,41,049,"Oregon","Morrow County",2,41,136,61,75
050,41,049,"Oregon","Morrow County",2,42,139,72,67
050,41,049,"Oregon","Morrow County",2,43,135,70,65
050,41,049,"Oregon","Morrow County",2,44,128,69,59
050,41,049,"Oregon","Morrow County",2,45,140,75,65
050,41,049,"Oregon","Morrow County",2,46,154,82,72
050,41,049,"Oregon","Morrow County",2,47,165,81,84
050,41,049,"Oregon","Morrow County",2,48,141,69,72
050,41,049,"Oregon","Morrow County",2,49,136,71,65
050,41,049,"Oregon","Morrow County",2,50,130,65,65
050,41,049,"Oregon","Morrow County",2,51,136,65,71
050,41,049,"Oregon","Morrow County",2,52,144,72,72
050,41,049,"Oregon","Morrow County",2,53,132,69,63
050,41,049,"Oregon","Morrow County",2,54,122,68,54
050,41,049,"Oregon","Morrow County",2,55,127,66,61
050,41,049,"Oregon","Morrow County",2,56,128,72,56
050,41,049,"Oregon","Morrow County",2,57,131,76,55
050,41,049,"Oregon","Morrow County",2,58,137,73,64
050,41,049,"Oregon","Morrow County",2,59,148,74,74
050,41,049,"Oregon","Morrow County",2,60,178,95,83
050,41,049,"Oregon","Morrow County",2,61,169,85,84
050,41,049,"Oregon","Morrow County",2,62,175,85,90
050,41,049,"Oregon","Morrow County",2,63,174,88,86
050,41,049,"Oregon","Morrow County",2,64,154,83,71
050,41,049,"Oregon","Morrow County",2,65,152,81,71
050,41,049,"Oregon","Morrow County",2,66,146,68,78
050,41,049,"Oregon","Morrow County",2,67,139,60,79
050,41,049,"Oregon","Morrow County",2,68,128,56,72
050,41,049,"Oregon","Morrow County",2,69,119,61,58
050,41,049,"Oregon","Morrow County",2,70,137,73,64
050,41,049,"Oregon","Morrow County",2,71,127,67,60
050,41,049,"Oregon","Morrow County",2,72,114,59,55
050,41,049,"Oregon","Morrow County",2,73,103,49,54
050,41,049,"Oregon","Morrow County",2,74,75,34,41
050,41,049,"Oregon","Morrow County",2,75,71,39,32
050,41,049,"Oregon","Morrow County",2,76,71,37,34
050,41,049,"Oregon","Morrow County",2,77,76,40,36
050,41,049,"Oregon","Morrow County",2,78,58,27,31
050,41,049,"Oregon","Morrow County",2,79,61,28,33
050,41,049,"Oregon","Morrow County",2,80,53,25,28
050,41,049,"Oregon","Morrow County",2,81,41,19,22
050,41,049,"Oregon","Morrow County",2,82,50,27,23
050,41,049,"Oregon","Morrow County",2,83,39,20,19
050,41,049,"Oregon","Morrow County",2,84,38,16,22
050,41,049,"Oregon","Morrow County",2,85,151,75,76
050,41,049,"Oregon","Morrow County",3,0,176,87,89
050,41,049,"Oregon","Morrow County",3,1,191,91,100
050,41,049,"Oregon","Morrow County",3,2,178,90,88
050,41,049,"Oregon","Morrow County",3,3,176,87,89
050,41,049,"Oregon","Morrow County",3,4,178,85,93
050,41,049,"Oregon","Morrow County",3,5,185,95,90
050,41,049,"Oregon","Morrow County",3,6,194,103,91
050,41,049,"Oregon","Morrow County",3,7,186,100,86
050,41,049,"Oregon","Morrow County",3,8,194,97,97
050,41,049,"Oregon","Morrow County",3,9,186,86,100
050,41,049,"Oregon","Morrow County",3,10,193,109,84
050,41,049,"Oregon","Morrow County",3,11,192,103,89
050,41,049,"Oregon","Morrow County",3,12,205,108,97
050,41,049,"Oregon","Morrow County",3,13,201,109,92
050,41,049,"Oregon","Morrow County",3,14,201,108,93
050,41,049,"Oregon","Morrow County",3,15,199,102,97
050,41,049,"Oregon","Morrow County",3,16,186,101,85
050,41,049,"Oregon","Morrow County",3,17,219,105,114
050,41,049,"Oregon","Morrow County",3,18,192,87,105
050,41,049,"Oregon","Morrow County",3,19,168,87,81
050,41,049,"Oregon","Morrow County",3,20,156,87,69
050,41,049,"Oregon","Morrow County",3,21,173,100,73
050,41,049,"Oregon","Morrow County",3,22,167,84,83
050,41,049,"Oregon","Morrow County",3,23,154,79,75
050,41,049,"Oregon","Morrow County",3,24,153,79,74
050,41,049,"Oregon","Morrow County",3,25,169,88,81
050,41,049,"Oregon","Morrow County",3,26,156,74,82
050,41,049,"Oregon","Morrow County",3,27,151,81,70
050,41,049,"Oregon","Morrow County",3,28,142,79,63
050,41,049,"Oregon","Morrow County",3,29,148,76,72
050,41,049,"Oregon","Morrow County",3,30,136,74,62
050,41,049,"Oregon","Morrow County",3,31,135,78,57
050,41,049,"Oregon","Morrow County",3,32,126,67,59
050,41,049,"Oregon","Morrow County",3,33,149,72,77
050,41,049,"Oregon","Morrow County",3,34,138,64,74
050,41,049,"Oregon","Morrow County",3,35,125,61,64
050,41,049,"Oregon","Morrow County",3,36,128,66,62
050,41,049,"Oregon","Morrow County",3,37,125,56,69
050,41,049,"Oregon","Morrow County",3,38,148,72,76
050,41,049,"Oregon","Morrow County",3,39,170,93,77
050,41,049,"Oregon","Morrow County",3,40,143,77,66
050,41,049,"Oregon","Morrow County",3,41,144,63,81
050,41,049,"Oregon","Morrow County",3,42,137,64,73
050,41,049,"Oregon","Morrow County",3,43,144,72,72
050,41,049,"Oregon","Morrow County",3,44,143,73,70
050,41,049,"Oregon","Morrow County",3,45,134,68,66
050,41,049,"Oregon","Morrow County",3,46,141,74,67
050,41,049,"Oregon","Morrow County",3,47,157,84,73
050,41,049,"Oregon","Morrow County",3,48,163,79,84
050,41,049,"Oregon","Morrow County",3,49,143,71,72
050,41,049,"Oregon","Morrow County",3,50,139,74,65
050,41,049,"Oregon","Morrow County",3,51,141,71,70
050,41,049,"Oregon","Morrow County",3,52,136,66,70
050,41,049,"Oregon","Morrow County",3,53,146,76,70
050,41,049,"Oregon","Morrow County",3,54,131,73,58
050,41,049,"Oregon","Morrow County",3,55,122,70,52
050,41,049,"Oregon","Morrow County",3,56,127,65,62
050,41,049,"Oregon","Morrow County",3,57,132,74,58
050,41,049,"Oregon","Morrow County",3,58,124,71,53
050,41,049,"Oregon","Morrow County",3,59,134,73,61
050,41,049,"Oregon","Morrow County",3,60,144,71,73
050,41,049,"Oregon","Morrow County",3,61,176,95,81
050,41,049,"Oregon","Morrow County",3,62,165,85,80
050,41,049,"Oregon","Morrow County",3,63,171,80,91
050,41,049,"Oregon","Morrow County",3,64,169,86,83
050,41,049,"Oregon","Morrow County",3,65,152,80,72
050,41,049,"Oregon","Morrow County",3,66,144,76,68
050,41,049,"Oregon","Morrow County",3,67,145,69,76
050,41,049,"Oregon","Morrow County",3,68,130,55,75
050,41,049,"Oregon","Morrow County",3,69,126,55,71
050,41,049,"Oregon","Morrow County",3,70,119,61,58
050,41,049,"Oregon","Morrow County",3,71,130,71,59
050,41,049,"Oregon","Morrow County",3,72,123,67,56
050,41,049,"Oregon","Morrow County",3,73,110,58,52
050,41,049,"Oregon","Morrow County",3,74,99,46,53
050,41,049,"Oregon","Morrow County",3,75,74,33,41
050,41,049,"Oregon","Morrow County",3,76,69,37,32
050,41,049,"Oregon","Morrow County",3,77,70,40,30
050,41,049,"Oregon","Morrow County",3,78,71,39,32
050,41,049,"Oregon","Morrow County",3,79,49,23,26
050,41,049,"Oregon","Morrow County",3,80,62,28,34
050,41,049,"Oregon","Morrow County",3,81,48,23,25
050,41,049,"Oregon","Morrow County",3,82,37,16,21
050,41,049,"Oregon","Morrow County",3,83,42,19,23
050,41,049,"Oregon","Morrow County",3,84,35,17,18
050,41,049,"Oregon","Morrow County",3,85,169,79,90
050,41,049,"Oregon","Morrow County",4,0,163,81,82
050,41,049,"Oregon","Morrow County",4,1,187,90,97
050,41,049,"Oregon","Morrow County",4,2,177,91,86
050,41,049,"Oregon","Morrow County",4,3,180,90,90
050,41,049,"Oregon","Morrow County",4,4,172,87,85
050,41,049,"Oregon","Morrow County",4,5,185,93,92
050,41,049,"Oregon","Morrow County",4,6,194,97,97
050,41,049,"Oregon","Morrow County",4,7,185,93,92
050,41,049,"Oregon","Morrow County",4,8,176,95,81
050,41,049,"Oregon","Morrow County",4,9,186,97,89
050,41,049,"Oregon","Morrow County",4,10,193,93,100
050,41,049,"Oregon","Morrow County",4,11,189,109,80
050,41,049,"Oregon","Morrow County",4,12,187,99,88
050,41,049,"Oregon","Morrow County",4,13,206,113,93
050,41,049,"Oregon","Morrow County",4,14,206,109,97
050,41,049,"Oregon","Morrow County",4,15,195,104,91
050,41,049,"Oregon","Morrow County",4,16,206,111,95
050,41,049,"Oregon","Morrow County",4,17,175,92,83
050,41,049,"Oregon","Morrow County",4,18,200,94,106
050,41,049,"Oregon","Morrow County",4,19,166,79,87
050,41,049,"Oregon","Morrow County",4,20,163,82,81
050,41,049,"Oregon","Morrow County",4,21,141,73,68
050,41,049,"Oregon","Morrow County",4,22,158,92,66
050,41,049,"Oregon","Morrow County",4,23,169,85,84
050,41,049,"Oregon","Morrow County",4,24,173,90,83
050,41,049,"Oregon","Morrow County",4,25,158,89,69
050,41,049,"Oregon","Morrow County",4,26,155,79,76
050,41,049,"Oregon","Morrow County",4,27,149,70,79
050,41,049,"Oregon","Morrow County",4,28,144,80,64
050,41,049,"Oregon","Morrow County",4,29,145,83,62
050,41,049,"Oregon","Morrow County",4,30,156,80,76
050,41,049,"Oregon","Morrow County",4,31,144,81,63
050,41,049,"Oregon","Morrow County",4,32,146,78,68
050,41,049,"Oregon","Morrow County",4,33,122,61,61
050,41,049,"Oregon","Morrow County",4,34,144,66,78
050,41,049,"Oregon","Morrow County",4,35,136,65,71
050,41,049,"Oregon","Morrow County",4,36,121,59,62
050,41,049,"Oregon","Morrow County",4,37,131,58,73
050,41,049,"Oregon","Morrow County",4,38,116,53,63
050,41,049,"Oregon","Morrow County",4,39,148,72,76
050,41,049,"Oregon","Morrow County",4,40,183,103,80
050,41,049,"Oregon","Morrow County",4,41,143,73,70
050,41,049,"Oregon","Morrow County",4,42,139,58,81
050,41,049,"Oregon","Morrow County",4,43,132,63,69
050,41,049,"Oregon","Morrow County",4,44,142,73,69
050,41,049,"Oregon","Morrow County",4,45,145,79,66
050,41,049,"Oregon","Morrow County",4,46,129,66,63
050,41,049,"Oregon","Morrow County",4,47,145,72,73
050,41,049,"Oregon","Morrow County",4,48,153,80,73
050,41,049,"Oregon","Morrow County",4,49,159,80,79
050,41,049,"Oregon","Morrow County",4,50,143,69,74
050,41,049,"Oregon","Morrow County",4,51,144,77,67
050,41,049,"Oregon","Morrow County",4,52,136,67,69
050,41,049,"Oregon","Morrow County",4,53,137,65,72
050,41,049,"Oregon","Morrow County",4,54,141,71,70
050,41,049,"Oregon","Morrow County",4,55,133,75,58
050,41,049,"Oregon","Morrow County",4,56,118,67,51
050,41,049,"Oregon","Morrow County",4,57,129,67,62
050,41,049,"Oregon","Morrow County",4,58,132,74,58
050,41,049,"Oregon","Morrow County",4,59,125,72,53
050,41,049,"Oregon","Morrow County",4,60,141,79,62
050,41,049,"Oregon","Morrow County",4,61,139,70,69
050,41,049,"Oregon","Morrow County",4,62,172,91,81
050,41,049,"Oregon","Morrow County",4,63,157,81,76
050,41,049,"Oregon","Morrow County",4,64,172,81,91
050,41,049,"Oregon","Morrow County",4,65,168,85,83
050,41,049,"Oregon","Morrow County",4,66,149,81,68
050,41,049,"Oregon","Morrow County",4,67,147,77,70
050,41,049,"Oregon","Morrow County",4,68,136,67,69
050,41,049,"Oregon","Morrow County",4,69,123,51,72
050,41,049,"Oregon","Morrow County",4,70,119,50,69
050,41,049,"Oregon","Morrow County",4,71,114,61,53
050,41,049,"Oregon","Morrow County",4,72,121,68,53
050,41,049,"Oregon","Morrow County",4,73,119,66,53
050,41,049,"Oregon","Morrow County",4,74,112,57,55
050,41,049,"Oregon","Morrow County",4,75,95,47,48
050,41,049,"Oregon","Morrow County",4,76,70,28,42
050,41,049,"Oregon","Morrow County",4,77,68,36,32
050,41,049,"Oregon","Morrow County",4,78,66,39,27
050,41,049,"Oregon","Morrow County",4,79,63,37,26
050,41,049,"Oregon","Morrow County",4,80,48,21,27
050,41,049,"Oregon","Morrow County",4,81,56,26,30
050,41,049,"Oregon","Morrow County",4,82,43,22,21
050,41,049,"Oregon","Morrow County",4,83,33,13,20
050,41,049,"Oregon","Morrow County",4,84,36,13,23
050,41,049,"Oregon","Morrow County",4,85,170,82,88
050,41,049,"Oregon","Morrow County",5,0,139,71,68
050,41,049,"Oregon","Morrow County",5,1,177,76,101
050,41,049,"Oregon","Morrow County",5,2,179,82,97
050,41,049,"Oregon","Morrow County",5,3,173,85,88
050,41,049,"Oregon","Morrow County",5,4,183,93,90
050,41,049,"Oregon","Morrow County",5,5,173,88,85
050,41,049,"Oregon","Morrow County",5,6,191,94,97
050,41,049,"Oregon","Morrow County",5,7,192,96,96
050,41,049,"Oregon","Morrow County",5,8,197,102,95
050,41,049,"Oregon","Morrow County",5,9,182,94,88
050,41,049,"Oregon","Morrow County",5,10,193,102,91
050,41,049,"Oregon","Morrow County",5,11,192,90,102
050,41,049,"Oregon","Morrow County",5,12,189,102,87
050,41,049,"Oregon","Morrow County",5,13,197,102,95
050,41,049,"Oregon","Morrow County",5,14,209,113,96
050,41,049,"Oregon","Morrow County",5,15,208,107,101
050,41,049,"Oregon","Morrow County",5,16,196,105,91
050,41,049,"Oregon","Morrow County",5,17,203,109,94
050,41,049,"Oregon","Morrow County",5,18,160,86,74
050,41,049,"Oregon","Morrow County",5,19,166,78,88
050,41,049,"Oregon","Morrow County",5,20,177,88,89
050,41,049,"Oregon","Morrow County",5,21,164,85,79
050,41,049,"Oregon","Morrow County",5,22,136,70,66
050,41,049,"Oregon","Morrow County",5,23,151,89,62
050,41,049,"Oregon","Morrow County",5,24,170,82,88
050,41,049,"Oregon","Morrow County",5,25,158,78,80
050,41,049,"Oregon","Morrow County",5,26,154,83,71
050,41,049,"Oregon","Morrow County",5,27,164,84,80
050,41,049,"Oregon","Morrow County",5,28,136,62,74
050,41,049,"Oregon","Morrow County",5,29,150,80,70
050,41,049,"Oregon","Morrow County",5,30,157,82,75
050,41,049,"Oregon","Morrow County",5,31,165,87,78
050,41,049,"Oregon","Morrow County",5,32,144,80,64
050,41,049,"Oregon","Morrow County",5,33,143,78,65
050,41,049,"Oregon","Morrow County",5,34,129,66,63
050,41,049,"Oregon","Morrow County",5,35,142,63,79
050,41,049,"Oregon","Morrow County",5,36,131,60,71
050,41,049,"Oregon","Morrow County",5,37,120,60,60
050,41,049,"Oregon","Morrow County",5,38,131,61,70
050,41,049,"Oregon","Morrow County",5,39,131,55,76
050,41,049,"Oregon","Morrow County",5,40,148,73,75
050,41,049,"Oregon","Morrow County",5,41,183,104,79
050,41,049,"Oregon","Morrow County",5,42,141,73,68
050,41,049,"Oregon","Morrow County",5,43,143,62,81
050,41,049,"Oregon","Morrow County",5,44,143,67,76
050,41,049,"Oregon","Morrow County",5,45,147,75,72
050,41,049,"Oregon","Morrow County",5,46,148,82,66
050,41,049,"Oregon","Morrow County",5,47,131,66,65
050,41,049,"Oregon","Morrow County",5,48,148,74,74
050,41,049,"Oregon","Morrow County",5,49,140,72,68
050,41,049,"Oregon","Morrow County",5,50,155,81,74
050,41,049,"Oregon","Morrow County",5,51,149,76,73
050,41,049,"Oregon","Morrow County",5,52,140,73,67
050,41,049,"Oregon","Morrow County",5,53,138,67,71
050,41,049,"Oregon","Morrow County",5,54,139,64,75
050,41,049,"Oregon","Morrow County",5,55,139,71,68
050,41,049,"Oregon","Morrow County",5,56,130,77,53
050,41,049,"Oregon","Morrow County",5,57,114,64,50
050,41,049,"Oregon","Morrow County",5,58,120,63,57
050,41,049,"Oregon","Morrow County",5,59,134,77,57
050,41,049,"Oregon","Morrow County",5,60,126,72,54
050,41,049,"Oregon","Morrow County",5,61,132,73,59
050,41,049,"Oregon","Morrow County",5,62,131,67,64
050,41,049,"Oregon","Morrow County",5,63,164,86,78
050,41,049,"Oregon","Morrow County",5,64,155,80,75
050,41,049,"Oregon","Morrow County",5,65,168,79,89
050,41,049,"Oregon","Morrow County",5,66,164,86,78
050,41,049,"Oregon","Morrow County",5,67,146,79,67
050,41,049,"Oregon","Morrow County",5,68,136,73,63
050,41,049,"Oregon","Morrow County",5,69,127,64,63
050,41,049,"Oregon","Morrow County",5,70,125,52,73
050,41,049,"Oregon","Morrow County",5,71,113,47,66
050,41,049,"Oregon","Morrow County",5,72,108,57,51
050,41,049,"Oregon","Morrow County",5,73,115,62,53
050,41,049,"Oregon","Morrow County",5,74,122,69,53
050,41,049,"Oregon","Morrow County",5,75,106,57,49
050,41,049,"Oregon","Morrow County",5,76,89,40,49
050,41,049,"Oregon","Morrow County",5,77,72,29,43
050,41,049,"Oregon","Morrow County",5,78,66,35,31
050,41,049,"Oregon","Morrow County",5,79,58,38,20
050,41,049,"Oregon","Morrow County",5,80,58,32,26
050,41,049,"Oregon","Morrow County",5,81,43,19,24
050,41,049,"Oregon","Morrow County",5,82,49,22,27
050,41,049,"Oregon","Morrow County",5,83,39,19,20
050,41,049,"Oregon","Morrow County",5,84,31,10,21
050,41,049,"Oregon","Morrow County",5,85,177,84,93
050,41,051,"Oregon","Multnomah County",1,0,7995,4102,3893
050,41,051,"Oregon","Multnomah County",1,1,7751,3940,3811
050,41,051,"Oregon","Multnomah County",1,2,7851,4005,3846
050,41,051,"Oregon","Multnomah County",1,3,8207,4246,3961
050,41,051,"Oregon","Multnomah County",1,4,8381,4295,4086
050,41,051,"Oregon","Multnomah County",1,5,8373,4338,4035
050,41,051,"Oregon","Multnomah County",1,6,8473,4368,4105
050,41,051,"Oregon","Multnomah County",1,7,8230,4257,3973
050,41,051,"Oregon","Multnomah County",1,8,8352,4277,4075
050,41,051,"Oregon","Multnomah County",1,9,8506,4288,4218
050,41,051,"Oregon","Multnomah County",1,10,8535,4326,4209
050,41,051,"Oregon","Multnomah County",1,11,8650,4366,4284
050,41,051,"Oregon","Multnomah County",1,12,8889,4494,4395
050,41,051,"Oregon","Multnomah County",1,13,8704,4495,4209
050,41,051,"Oregon","Multnomah County",1,14,8319,4360,3959
050,41,051,"Oregon","Multnomah County",1,15,8191,4161,4030
050,41,051,"Oregon","Multnomah County",1,16,8272,4191,4081
050,41,051,"Oregon","Multnomah County",1,17,8213,4197,4016
050,41,051,"Oregon","Multnomah County",1,18,8014,3984,4030
050,41,051,"Oregon","Multnomah County",1,19,8056,4086,3970
050,41,051,"Oregon","Multnomah County",1,20,8041,4150,3891
050,41,051,"Oregon","Multnomah County",1,21,8254,4163,4091
050,41,051,"Oregon","Multnomah County",1,22,8806,4306,4500
050,41,051,"Oregon","Multnomah County",1,23,10102,4838,5264
050,41,051,"Oregon","Multnomah County",1,24,11266,5395,5871
050,41,051,"Oregon","Multnomah County",1,25,12456,5954,6502
050,41,051,"Oregon","Multnomah County",1,26,13478,6552,6926
050,41,051,"Oregon","Multnomah County",1,27,14529,7094,7435
050,41,051,"Oregon","Multnomah County",1,28,15363,7495,7868
050,41,051,"Oregon","Multnomah County",1,29,16251,8044,8207
050,41,051,"Oregon","Multnomah County",1,30,16202,8080,8122
050,41,051,"Oregon","Multnomah County",1,31,15982,7961,8021
050,41,051,"Oregon","Multnomah County",1,32,15897,8051,7846
050,41,051,"Oregon","Multnomah County",1,33,15650,7898,7752
050,41,051,"Oregon","Multnomah County",1,34,15480,7860,7620
050,41,051,"Oregon","Multnomah County",1,35,15229,7715,7514
050,41,051,"Oregon","Multnomah County",1,36,14722,7463,7259
050,41,051,"Oregon","Multnomah County",1,37,14847,7541,7306
050,41,051,"Oregon","Multnomah County",1,38,14600,7424,7176
050,41,051,"Oregon","Multnomah County",1,39,14292,7283,7009
050,41,051,"Oregon","Multnomah County",1,40,14079,7231,6848
050,41,051,"Oregon","Multnomah County",1,41,13158,6667,6491
050,41,051,"Oregon","Multnomah County",1,42,12849,6500,6349
050,41,051,"Oregon","Multnomah County",1,43,12387,6385,6002
050,41,051,"Oregon","Multnomah County",1,44,12054,6266,5788
050,41,051,"Oregon","Multnomah County",1,45,11903,6229,5674
050,41,051,"Oregon","Multnomah County",1,46,11248,5834,5414
050,41,051,"Oregon","Multnomah County",1,47,11101,5685,5416
050,41,051,"Oregon","Multnomah County",1,48,11478,5922,5556
050,41,051,"Oregon","Multnomah County",1,49,12195,6405,5790
050,41,051,"Oregon","Multnomah County",1,50,11583,5989,5594
050,41,051,"Oregon","Multnomah County",1,51,10661,5525,5136
050,41,051,"Oregon","Multnomah County",1,52,9887,5124,4763
050,41,051,"Oregon","Multnomah County",1,53,9745,5014,4731
050,41,051,"Oregon","Multnomah County",1,54,9615,5027,4588
050,41,051,"Oregon","Multnomah County",1,55,9622,5032,4590
050,41,051,"Oregon","Multnomah County",1,56,9475,4857,4618
050,41,051,"Oregon","Multnomah County",1,57,9312,4668,4644
050,41,051,"Oregon","Multnomah County",1,58,9382,4740,4642
050,41,051,"Oregon","Multnomah County",1,59,9334,4714,4620
050,41,051,"Oregon","Multnomah County",1,60,8996,4472,4524
050,41,051,"Oregon","Multnomah County",1,61,8925,4441,4484
050,41,051,"Oregon","Multnomah County",1,62,8962,4412,4550
050,41,051,"Oregon","Multnomah County",1,63,8921,4386,4535
050,41,051,"Oregon","Multnomah County",1,64,8564,4153,4411
050,41,051,"Oregon","Multnomah County",1,65,8547,4137,4410
050,41,051,"Oregon","Multnomah County",1,66,8474,4016,4458
050,41,051,"Oregon","Multnomah County",1,67,8299,3931,4368
050,41,051,"Oregon","Multnomah County",1,68,8186,3915,4271
050,41,051,"Oregon","Multnomah County",1,69,7533,3580,3953
050,41,051,"Oregon","Multnomah County",1,70,7138,3398,3740
050,41,051,"Oregon","Multnomah County",1,71,6825,3183,3642
050,41,051,"Oregon","Multnomah County",1,72,6721,3101,3620
050,41,051,"Oregon","Multnomah County",1,73,6366,2970,3396
050,41,051,"Oregon","Multnomah County",1,74,4390,1982,2408
050,41,051,"Oregon","Multnomah County",1,75,4254,1977,2277
050,41,051,"Oregon","Multnomah County",1,76,4046,1855,2191
050,41,051,"Oregon","Multnomah County",1,77,3862,1755,2107
050,41,051,"Oregon","Multnomah County",1,78,3294,1435,1859
050,41,051,"Oregon","Multnomah County",1,79,2813,1221,1592
050,41,051,"Oregon","Multnomah County",1,80,2527,1111,1416
050,41,051,"Oregon","Multnomah County",1,81,2271,976,1295
050,41,051,"Oregon","Multnomah County",1,82,2142,853,1289
050,41,051,"Oregon","Multnomah County",1,83,1843,742,1101
050,41,051,"Oregon","Multnomah County",1,84,1787,705,1082
050,41,051,"Oregon","Multnomah County",1,85,11255,3769,7486
050,41,051,"Oregon","Multnomah County",2,0,7918,4080,3838
050,41,051,"Oregon","Multnomah County",2,1,7748,3942,3806
050,41,051,"Oregon","Multnomah County",2,2,7787,3971,3816
050,41,051,"Oregon","Multnomah County",2,3,8055,4156,3899
050,41,051,"Oregon","Multnomah County",2,4,8310,4268,4042
050,41,051,"Oregon","Multnomah County",2,5,8329,4301,4028
050,41,051,"Oregon","Multnomah County",2,6,8411,4343,4068
050,41,051,"Oregon","Multnomah County",2,7,8239,4256,3983
050,41,051,"Oregon","Multnomah County",2,8,8269,4232,4037
050,41,051,"Oregon","Multnomah County",2,9,8409,4257,4152
050,41,051,"Oregon","Multnomah County",2,10,8499,4300,4199
050,41,051,"Oregon","Multnomah County",2,11,8555,4318,4237
050,41,051,"Oregon","Multnomah County",2,12,8841,4467,4374
050,41,051,"Oregon","Multnomah County",2,13,8709,4475,4234
050,41,051,"Oregon","Multnomah County",2,14,8376,4369,4007
050,41,051,"Oregon","Multnomah County",2,15,8218,4209,4009
050,41,051,"Oregon","Multnomah County",2,16,8263,4193,4070
050,41,051,"Oregon","Multnomah County",2,17,8266,4206,4060
050,41,051,"Oregon","Multnomah County",2,18,8038,4016,4022
050,41,051,"Oregon","Multnomah County",2,19,8072,4062,4010
050,41,051,"Oregon","Multnomah County",2,20,8171,4205,3966
050,41,051,"Oregon","Multnomah County",2,21,8303,4192,4111
050,41,051,"Oregon","Multnomah County",2,22,8914,4355,4559
050,41,051,"Oregon","Multnomah County",2,23,10099,4857,5242
050,41,051,"Oregon","Multnomah County",2,24,11257,5391,5866
050,41,051,"Oregon","Multnomah County",2,25,12414,5948,6466
050,41,051,"Oregon","Multnomah County",2,26,13418,6511,6907
050,41,051,"Oregon","Multnomah County",2,27,14374,7025,7349
050,41,051,"Oregon","Multnomah County",2,28,15305,7485,7820
050,41,051,"Oregon","Multnomah County",2,29,16117,7951,8166
050,41,051,"Oregon","Multnomah County",2,30,16362,8157,8205
050,41,051,"Oregon","Multnomah County",2,31,16031,8004,8027
050,41,051,"Oregon","Multnomah County",2,32,15913,8028,7885
050,41,051,"Oregon","Multnomah County",2,33,15680,7935,7745
050,41,051,"Oregon","Multnomah County",2,34,15510,7860,7650
050,41,051,"Oregon","Multnomah County",2,35,15347,7786,7561
050,41,051,"Oregon","Multnomah County",2,36,14724,7469,7255
050,41,051,"Oregon","Multnomah County",2,37,14794,7503,7291
050,41,051,"Oregon","Multnomah County",2,38,14689,7470,7219
050,41,051,"Oregon","Multnomah County",2,39,14312,7283,7029
050,41,051,"Oregon","Multnomah County",2,40,14209,7290,6919
050,41,051,"Oregon","Multnomah County",2,41,13293,6743,6550
050,41,051,"Oregon","Multnomah County",2,42,12855,6513,6342
050,41,051,"Oregon","Multnomah County",2,43,12557,6449,6108
050,41,051,"Oregon","Multnomah County",2,44,12024,6240,5784
050,41,051,"Oregon","Multnomah County",2,45,11964,6259,5705
050,41,051,"Oregon","Multnomah County",2,46,11350,5899,5451
050,41,051,"Oregon","Multnomah County",2,47,11091,5688,5403
050,41,051,"Oregon","Multnomah County",2,48,11379,5865,5514
050,41,051,"Oregon","Multnomah County",2,49,12044,6305,5739
050,41,051,"Oregon","Multnomah County",2,50,11749,6085,5664
050,41,051,"Oregon","Multnomah County",2,51,10793,5572,5221
050,41,051,"Oregon","Multnomah County",2,52,10058,5218,4840
050,41,051,"Oregon","Multnomah County",2,53,9752,5021,4731
050,41,051,"Oregon","Multnomah County",2,54,9633,5028,4605
050,41,051,"Oregon","Multnomah County",2,55,9595,5022,4573
050,41,051,"Oregon","Multnomah County",2,56,9465,4861,4604
050,41,051,"Oregon","Multnomah County",2,57,9315,4699,4616
050,41,051,"Oregon","Multnomah County",2,58,9323,4695,4628
050,41,051,"Oregon","Multnomah County",2,59,9335,4713,4622
050,41,051,"Oregon","Multnomah County",2,60,9019,4499,4520
050,41,051,"Oregon","Multnomah County",2,61,8876,4417,4459
050,41,051,"Oregon","Multnomah County",2,62,8909,4400,4509
050,41,051,"Oregon","Multnomah County",2,63,8946,4387,4559
050,41,051,"Oregon","Multnomah County",2,64,8537,4144,4393
050,41,051,"Oregon","Multnomah County",2,65,8478,4099,4379
050,41,051,"Oregon","Multnomah County",2,66,8443,4018,4425
050,41,051,"Oregon","Multnomah County",2,67,8275,3916,4359
050,41,051,"Oregon","Multnomah County",2,68,8126,3880,4246
050,41,051,"Oregon","Multnomah County",2,69,7677,3654,4023
050,41,051,"Oregon","Multnomah County",2,70,7186,3415,3771
050,41,051,"Oregon","Multnomah County",2,71,6873,3212,3661
050,41,051,"Oregon","Multnomah County",2,72,6616,3055,3561
050,41,051,"Oregon","Multnomah County",2,73,6695,3113,3582
050,41,051,"Oregon","Multnomah County",2,74,4559,2074,2485
050,41,051,"Oregon","Multnomah County",2,75,4256,1954,2302
050,41,051,"Oregon","Multnomah County",2,76,4034,1851,2183
050,41,051,"Oregon","Multnomah County",2,77,3948,1799,2149
050,41,051,"Oregon","Multnomah County",2,78,3356,1470,1886
050,41,051,"Oregon","Multnomah County",2,79,2896,1257,1639
050,41,051,"Oregon","Multnomah County",2,80,2575,1121,1454
050,41,051,"Oregon","Multnomah County",2,81,2292,993,1299
050,41,051,"Oregon","Multnomah County",2,82,2158,874,1284
050,41,051,"Oregon","Multnomah County",2,83,1886,755,1131
050,41,051,"Oregon","Multnomah County",2,84,1781,704,1077
050,41,051,"Oregon","Multnomah County",2,85,11287,3804,7483
050,41,051,"Oregon","Multnomah County",3,0,7337,3733,3604
050,41,051,"Oregon","Multnomah County",3,1,7422,3763,3659
050,41,051,"Oregon","Multnomah County",3,2,7444,3763,3681
050,41,051,"Oregon","Multnomah County",3,3,7526,3844,3682
050,41,051,"Oregon","Multnomah County",3,4,7774,4003,3771
050,41,051,"Oregon","Multnomah County",3,5,7991,4117,3874
050,41,051,"Oregon","Multnomah County",3,6,8079,4147,3932
050,41,051,"Oregon","Multnomah County",3,7,8170,4222,3948
050,41,051,"Oregon","Multnomah County",3,8,8011,4096,3915
050,41,051,"Oregon","Multnomah County",3,9,8002,4105,3897
050,41,051,"Oregon","Multnomah County",3,10,8210,4158,4052
050,41,051,"Oregon","Multnomah County",3,11,8261,4194,4067
050,41,051,"Oregon","Multnomah County",3,12,8383,4223,4160
050,41,051,"Oregon","Multnomah County",3,13,8614,4338,4276
050,41,051,"Oregon","Multnomah County",3,14,8539,4387,4152
050,41,051,"Oregon","Multnomah County",3,15,8307,4333,3974
050,41,051,"Oregon","Multnomah County",3,16,8109,4164,3945
050,41,051,"Oregon","Multnomah County",3,17,8173,4116,4057
050,41,051,"Oregon","Multnomah County",3,18,8090,4107,3983
050,41,051,"Oregon","Multnomah County",3,19,7958,3898,4060
050,41,051,"Oregon","Multnomah County",3,20,8138,4092,4046
050,41,051,"Oregon","Multnomah County",3,21,8341,4223,4118
050,41,051,"Oregon","Multnomah County",3,22,8622,4284,4338
050,41,051,"Oregon","Multnomah County",3,23,9859,4716,5143
050,41,051,"Oregon","Multnomah County",3,24,10836,5222,5614
050,41,051,"Oregon","Multnomah County",3,25,11856,5725,6131
050,41,051,"Oregon","Multnomah County",3,26,12718,6098,6620
050,41,051,"Oregon","Multnomah County",3,27,13460,6634,6826
050,41,051,"Oregon","Multnomah County",3,28,14419,7074,7345
050,41,051,"Oregon","Multnomah County",3,29,15173,7424,7749
050,41,051,"Oregon","Multnomah County",3,30,15943,7915,8028
050,41,051,"Oregon","Multnomah County",3,31,15954,7932,8022
050,41,051,"Oregon","Multnomah County",3,32,15665,7817,7848
050,41,051,"Oregon","Multnomah County",3,33,15435,7845,7590
050,41,051,"Oregon","Multnomah County",3,34,15171,7695,7476
050,41,051,"Oregon","Multnomah County",3,35,15089,7694,7395
050,41,051,"Oregon","Multnomah County",3,36,14822,7534,7288
050,41,051,"Oregon","Multnomah County",3,37,14248,7214,7034
050,41,051,"Oregon","Multnomah County",3,38,14317,7274,7043
050,41,051,"Oregon","Multnomah County",3,39,14200,7214,6986
050,41,051,"Oregon","Multnomah County",3,40,14112,7255,6857
050,41,051,"Oregon","Multnomah County",3,41,13589,6941,6648
050,41,051,"Oregon","Multnomah County",3,42,12995,6589,6406
050,41,051,"Oregon","Multnomah County",3,43,12554,6376,6178
050,41,051,"Oregon","Multnomah County",3,44,12297,6259,6038
050,41,051,"Oregon","Multnomah County",3,45,11740,6097,5643
050,41,051,"Oregon","Multnomah County",3,46,11682,6098,5584
050,41,051,"Oregon","Multnomah County",3,47,11091,5744,5347
050,41,051,"Oregon","Multnomah County",3,48,10889,5619,5270
050,41,051,"Oregon","Multnomah County",3,49,11164,5766,5398
050,41,051,"Oregon","Multnomah County",3,50,11860,6171,5689
050,41,051,"Oregon","Multnomah County",3,51,11371,5884,5487
050,41,051,"Oregon","Multnomah County",3,52,10566,5480,5086
050,41,051,"Oregon","Multnomah County",3,53,9790,5073,4717
050,41,051,"Oregon","Multnomah County",3,54,9595,4947,4648
050,41,051,"Oregon","Multnomah County",3,55,9385,4905,4480
050,41,051,"Oregon","Multnomah County",3,56,9179,4773,4406
050,41,051,"Oregon","Multnomah County",3,57,9161,4664,4497
050,41,051,"Oregon","Multnomah County",3,58,9091,4558,4533
050,41,051,"Oregon","Multnomah County",3,59,9009,4538,4471
050,41,051,"Oregon","Multnomah County",3,60,9022,4554,4468
050,41,051,"Oregon","Multnomah County",3,61,8730,4314,4416
050,41,051,"Oregon","Multnomah County",3,62,8552,4287,4265
050,41,051,"Oregon","Multnomah County",3,63,8634,4243,4391
050,41,051,"Oregon","Multnomah County",3,64,8564,4166,4398
050,41,051,"Oregon","Multnomah County",3,65,8271,4019,4252
050,41,051,"Oregon","Multnomah County",3,66,8214,3951,4263
050,41,051,"Oregon","Multnomah County",3,67,8155,3862,4293
050,41,051,"Oregon","Multnomah County",3,68,8048,3810,4238
050,41,051,"Oregon","Multnomah County",3,69,7839,3730,4109
050,41,051,"Oregon","Multnomah County",3,70,7506,3537,3969
050,41,051,"Oregon","Multnomah County",3,71,6969,3288,3681
050,41,051,"Oregon","Multnomah County",3,72,6656,3104,3552
050,41,051,"Oregon","Multnomah County",3,73,6361,2895,3466
050,41,051,"Oregon","Multnomah County",3,74,6479,2994,3485
050,41,051,"Oregon","Multnomah County",3,75,4380,1989,2391
050,41,051,"Oregon","Multnomah County",3,76,4085,1841,2244
050,41,051,"Oregon","Multnomah County",3,77,3872,1779,2093
050,41,051,"Oregon","Multnomah County",3,78,3794,1702,2092
050,41,051,"Oregon","Multnomah County",3,79,3217,1390,1827
050,41,051,"Oregon","Multnomah County",3,80,2737,1174,1563
050,41,051,"Oregon","Multnomah County",3,81,2399,1025,1374
050,41,051,"Oregon","Multnomah County",3,82,2128,916,1212
050,41,051,"Oregon","Multnomah County",3,83,1979,791,1188
050,41,051,"Oregon","Multnomah County",3,84,1794,709,1085
050,41,051,"Oregon","Multnomah County",3,85,11148,3766,7382
050,41,051,"Oregon","Multnomah County",4,0,7551,3794,3757
050,41,051,"Oregon","Multnomah County",4,1,6919,3531,3388
050,41,051,"Oregon","Multnomah County",4,2,7174,3647,3527
050,41,051,"Oregon","Multnomah County",4,3,7149,3615,3534
050,41,051,"Oregon","Multnomah County",4,4,7311,3707,3604
050,41,051,"Oregon","Multnomah County",4,5,7469,3851,3618
050,41,051,"Oregon","Multnomah County",4,6,7649,3971,3678
050,41,051,"Oregon","Multnomah County",4,7,7736,3973,3763
050,41,051,"Oregon","Multnomah County",4,8,7881,4010,3871
050,41,051,"Oregon","Multnomah County",4,9,7758,3994,3764
050,41,051,"Oregon","Multnomah County",4,10,7763,3994,3769
050,41,051,"Oregon","Multnomah County",4,11,7928,4016,3912
050,41,051,"Oregon","Multnomah County",4,12,7993,4063,3930
050,41,051,"Oregon","Multnomah County",4,13,8192,4152,4040
050,41,051,"Oregon","Multnomah County",4,14,8447,4272,4175
050,41,051,"Oregon","Multnomah County",4,15,8416,4320,4096
050,41,051,"Oregon","Multnomah County",4,16,8190,4277,3913
050,41,051,"Oregon","Multnomah County",4,17,8089,4154,3935
050,41,051,"Oregon","Multnomah County",4,18,8003,4043,3960
050,41,051,"Oregon","Multnomah County",4,19,7875,3938,3937
050,41,051,"Oregon","Multnomah County",4,20,8025,3953,4072
050,41,051,"Oregon","Multnomah County",4,21,8230,4070,4160
050,41,051,"Oregon","Multnomah County",4,22,8849,4310,4539
050,41,051,"Oregon","Multnomah County",4,23,9819,4697,5122
050,41,051,"Oregon","Multnomah County",4,24,10897,5188,5709
050,41,051,"Oregon","Multnomah County",4,25,11650,5555,6095
050,41,051,"Oregon","Multnomah County",4,26,12338,5975,6363
050,41,051,"Oregon","Multnomah County",4,27,13088,6359,6729
050,41,051,"Oregon","Multnomah County",4,28,13747,6788,6959
050,41,051,"Oregon","Multnomah County",4,29,14478,7075,7403
050,41,051,"Oregon","Multnomah County",4,30,15160,7518,7642
050,41,051,"Oregon","Multnomah County",4,31,15703,7787,7916
050,41,051,"Oregon","Multnomah County",4,32,15698,7868,7830
050,41,051,"Oregon","Multnomah County",4,33,15347,7758,7589
050,41,051,"Oregon","Multnomah County",4,34,15078,7652,7426
050,41,051,"Oregon","Multnomah County",4,35,14810,7584,7226
050,41,051,"Oregon","Multnomah County",4,36,14567,7436,7131
050,41,051,"Oregon","Multnomah County",4,37,14264,7201,7063
050,41,051,"Oregon","Multnomah County",4,38,13664,6946,6718
050,41,051,"Oregon","Multnomah County",4,39,13882,7007,6875
050,41,051,"Oregon","Multnomah County",4,40,13892,7111,6781
050,41,051,"Oregon","Multnomah County",4,41,13423,6834,6589
050,41,051,"Oregon","Multnomah County",4,42,13185,6714,6471
050,41,051,"Oregon","Multnomah County",4,43,12569,6354,6215
050,41,051,"Oregon","Multnomah County",4,44,12202,6230,5972
050,41,051,"Oregon","Multnomah County",4,45,11947,6093,5854
050,41,051,"Oregon","Multnomah County",4,46,11369,5870,5499
050,41,051,"Oregon","Multnomah County",4,47,11427,5958,5469
050,41,051,"Oregon","Multnomah County",4,48,10799,5577,5222
050,41,051,"Oregon","Multnomah County",4,49,10614,5489,5125
050,41,051,"Oregon","Multnomah County",4,50,10949,5664,5285
050,41,051,"Oregon","Multnomah County",4,51,11426,5869,5557
050,41,051,"Oregon","Multnomah County",4,52,11090,5754,5336
050,41,051,"Oregon","Multnomah County",4,53,10244,5287,4957
050,41,051,"Oregon","Multnomah County",4,54,9631,4988,4643
050,41,051,"Oregon","Multnomah County",4,55,9333,4775,4558
050,41,051,"Oregon","Multnomah County",4,56,8940,4637,4303
050,41,051,"Oregon","Multnomah County",4,57,8905,4661,4244
050,41,051,"Oregon","Multnomah County",4,58,8891,4516,4375
050,41,051,"Oregon","Multnomah County",4,59,8748,4374,4374
050,41,051,"Oregon","Multnomah County",4,60,8668,4353,4315
050,41,051,"Oregon","Multnomah County",4,61,8660,4337,4323
050,41,051,"Oregon","Multnomah County",4,62,8429,4179,4250
050,41,051,"Oregon","Multnomah County",4,63,8224,4125,4099
050,41,051,"Oregon","Multnomah County",4,64,8255,4008,4247
050,41,051,"Oregon","Multnomah County",4,65,8207,4001,4206
050,41,051,"Oregon","Multnomah County",4,66,7927,3835,4092
050,41,051,"Oregon","Multnomah County",4,67,7841,3722,4119
050,41,051,"Oregon","Multnomah County",4,68,7828,3689,4139
050,41,051,"Oregon","Multnomah County",4,69,7706,3642,4064
050,41,051,"Oregon","Multnomah County",4,70,7586,3589,3997
050,41,051,"Oregon","Multnomah County",4,71,7229,3388,3841
050,41,051,"Oregon","Multnomah County",4,72,6774,3178,3596
050,41,051,"Oregon","Multnomah County",4,73,6423,2987,3436
050,41,051,"Oregon","Multnomah County",4,74,6153,2798,3355
050,41,051,"Oregon","Multnomah County",4,75,6194,2839,3355
050,41,051,"Oregon","Multnomah County",4,76,4172,1878,2294
050,41,051,"Oregon","Multnomah County",4,77,3880,1739,2141
050,41,051,"Oregon","Multnomah County",4,78,3708,1708,2000
050,41,051,"Oregon","Multnomah County",4,79,3603,1603,2000
050,41,051,"Oregon","Multnomah County",4,80,3060,1310,1750
050,41,051,"Oregon","Multnomah County",4,81,2550,1075,1475
050,41,051,"Oregon","Multnomah County",4,82,2246,947,1299
050,41,051,"Oregon","Multnomah County",4,83,1967,845,1122
050,41,051,"Oregon","Multnomah County",4,84,1890,743,1147
050,41,051,"Oregon","Multnomah County",4,85,11012,3722,7290
050,41,051,"Oregon","Multnomah County",5,0,7264,3653,3611
050,41,051,"Oregon","Multnomah County",5,1,7298,3717,3581
050,41,051,"Oregon","Multnomah County",5,2,6746,3446,3300
050,41,051,"Oregon","Multnomah County",5,3,6938,3532,3406
050,41,051,"Oregon","Multnomah County",5,4,6968,3524,3444
050,41,051,"Oregon","Multnomah County",5,5,7091,3632,3459
050,41,051,"Oregon","Multnomah County",5,6,7313,3785,3528
050,41,051,"Oregon","Multnomah County",5,7,7435,3846,3589
050,41,051,"Oregon","Multnomah County",5,8,7657,3920,3737
050,41,051,"Oregon","Multnomah County",5,9,7700,3927,3773
050,41,051,"Oregon","Multnomah County",5,10,7620,3945,3675
050,41,051,"Oregon","Multnomah County",5,11,7630,3961,3669
050,41,051,"Oregon","Multnomah County",5,12,7767,3932,3835
050,41,051,"Oregon","Multnomah County",5,13,7854,3975,3879
050,41,051,"Oregon","Multnomah County",5,14,8118,4092,4026
050,41,051,"Oregon","Multnomah County",5,15,8396,4233,4163
050,41,051,"Oregon","Multnomah County",5,16,8425,4318,4107
050,41,051,"Oregon","Multnomah County",5,17,8209,4248,3961
050,41,051,"Oregon","Multnomah County",5,18,7908,4038,3870
050,41,051,"Oregon","Multnomah County",5,19,7872,3920,3952
050,41,051,"Oregon","Multnomah County",5,20,7902,3949,3953
050,41,051,"Oregon","Multnomah County",5,21,8163,3927,4236
050,41,051,"Oregon","Multnomah County",5,22,8669,4212,4457
050,41,051,"Oregon","Multnomah County",5,23,9710,4649,5061
050,41,051,"Oregon","Multnomah County",5,24,10722,5117,5605
050,41,051,"Oregon","Multnomah County",5,25,11724,5572,6152
050,41,051,"Oregon","Multnomah County",5,26,12264,5881,6383
050,41,051,"Oregon","Multnomah County",5,27,12727,6187,6540
050,41,051,"Oregon","Multnomah County",5,28,13447,6538,6909
050,41,051,"Oregon","Multnomah County",5,29,13953,6821,7132
050,41,051,"Oregon","Multnomah County",5,30,14620,7213,7407
050,41,051,"Oregon","Multnomah County",5,31,15077,7454,7623
050,41,051,"Oregon","Multnomah County",5,32,15579,7725,7854
050,41,051,"Oregon","Multnomah County",5,33,15609,7908,7701
050,41,051,"Oregon","Multnomah County",5,34,15041,7602,7439
050,41,051,"Oregon","Multnomah County",5,35,14852,7565,7287
050,41,051,"Oregon","Multnomah County",5,36,14518,7421,7097
050,41,051,"Oregon","Multnomah County",5,37,14204,7207,6997
050,41,051,"Oregon","Multnomah County",5,38,13950,7057,6893
050,41,051,"Oregon","Multnomah County",5,39,13310,6743,6567
050,41,051,"Oregon","Multnomah County",5,40,13769,6993,6776
050,41,051,"Oregon","Multnomah County",5,41,13429,6845,6584
050,41,051,"Oregon","Multnomah County",5,42,13195,6725,6470
050,41,051,"Oregon","Multnomah County",5,43,12863,6559,6304
050,41,051,"Oregon","Multnomah County",5,44,12268,6194,6074
050,41,051,"Oregon","Multnomah County",5,45,11919,6091,5828
050,41,051,"Oregon","Multnomah County",5,46,11691,5913,5778
050,41,051,"Oregon","Multnomah County",5,47,11103,5679,5424
050,41,051,"Oregon","Multnomah County",5,48,11159,5839,5320
050,41,051,"Oregon","Multnomah County",5,49,10674,5534,5140
050,41,051,"Oregon","Multnomah County",5,50,10507,5431,5076
050,41,051,"Oregon","Multnomah County",5,51,10589,5445,5144
050,41,051,"Oregon","Multnomah County",5,52,11170,5754,5416
050,41,051,"Oregon","Multnomah County",5,53,10848,5624,5224
050,41,051,"Oregon","Multnomah County",5,54,10092,5217,4875
050,41,051,"Oregon","Multnomah County",5,55,9393,4865,4528
050,41,051,"Oregon","Multnomah County",5,56,9030,4560,4470
050,41,051,"Oregon","Multnomah County",5,57,8758,4542,4216
050,41,051,"Oregon","Multnomah County",5,58,8713,4523,4190
050,41,051,"Oregon","Multnomah County",5,59,8616,4397,4219
050,41,051,"Oregon","Multnomah County",5,60,8524,4264,4260
050,41,051,"Oregon","Multnomah County",5,61,8446,4219,4227
050,41,051,"Oregon","Multnomah County",5,62,8401,4227,4174
050,41,051,"Oregon","Multnomah County",5,63,8239,4093,4146
050,41,051,"Oregon","Multnomah County",5,64,7869,3929,3940
050,41,051,"Oregon","Multnomah County",5,65,7938,3821,4117
050,41,051,"Oregon","Multnomah County",5,66,7928,3837,4091
050,41,051,"Oregon","Multnomah County",5,67,7649,3666,3983
050,41,051,"Oregon","Multnomah County",5,68,7623,3598,4025
050,41,051,"Oregon","Multnomah County",5,69,7578,3546,4032
050,41,051,"Oregon","Multnomah County",5,70,7559,3536,4023
050,41,051,"Oregon","Multnomah County",5,71,7338,3461,3877
050,41,051,"Oregon","Multnomah County",5,72,7065,3277,3788
050,41,051,"Oregon","Multnomah County",5,73,6553,3051,3502
050,41,051,"Oregon","Multnomah County",5,74,6226,2873,3353
050,41,051,"Oregon","Multnomah County",5,75,5890,2650,3240
050,41,051,"Oregon","Multnomah County",5,76,5926,2692,3234
050,41,051,"Oregon","Multnomah County",5,77,3982,1783,2199
050,41,051,"Oregon","Multnomah County",5,78,3713,1673,2040
050,41,051,"Oregon","Multnomah County",5,79,3532,1627,1905
050,41,051,"Oregon","Multnomah County",5,80,3407,1503,1904
050,41,051,"Oregon","Multnomah County",5,81,2870,1217,1653
050,41,051,"Oregon","Multnomah County",5,82,2414,1021,1393
050,41,051,"Oregon","Multnomah County",5,83,2087,860,1227
050,41,051,"Oregon","Multnomah County",5,84,1865,780,1085
050,41,051,"Oregon","Multnomah County",5,85,11040,3776,7264
050,41,053,"Oregon","Polk County",1,0,841,435,406
050,41,053,"Oregon","Polk County",1,1,908,483,425
050,41,053,"Oregon","Polk County",1,2,926,474,452
050,41,053,"Oregon","Polk County",1,3,1021,484,537
050,41,053,"Oregon","Polk County",1,4,1038,507,531
050,41,053,"Oregon","Polk County",1,5,1008,513,495
050,41,053,"Oregon","Polk County",1,6,1079,547,532
050,41,053,"Oregon","Polk County",1,7,1097,535,562
050,41,053,"Oregon","Polk County",1,8,1114,554,560
050,41,053,"Oregon","Polk County",1,9,1122,560,562
050,41,053,"Oregon","Polk County",1,10,1095,560,535
050,41,053,"Oregon","Polk County",1,11,1145,581,564
050,41,053,"Oregon","Polk County",1,12,1202,625,577
050,41,053,"Oregon","Polk County",1,13,1240,651,589
050,41,053,"Oregon","Polk County",1,14,1227,616,611
050,41,053,"Oregon","Polk County",1,15,1199,594,605
050,41,053,"Oregon","Polk County",1,16,1185,609,576
050,41,053,"Oregon","Polk County",1,17,1151,622,529
050,41,053,"Oregon","Polk County",1,18,1353,651,702
050,41,053,"Oregon","Polk County",1,19,1536,701,835
050,41,053,"Oregon","Polk County",1,20,1645,827,818
050,41,053,"Oregon","Polk County",1,21,1658,805,853
050,41,053,"Oregon","Polk County",1,22,1576,785,791
050,41,053,"Oregon","Polk County",1,23,1528,741,787
050,41,053,"Oregon","Polk County",1,24,1277,658,619
050,41,053,"Oregon","Polk County",1,25,1151,619,532
050,41,053,"Oregon","Polk County",1,26,1107,567,540
050,41,053,"Oregon","Polk County",1,27,1126,578,548
050,41,053,"Oregon","Polk County",1,28,1100,560,540
050,41,053,"Oregon","Polk County",1,29,1117,540,577
050,41,053,"Oregon","Polk County",1,30,1046,512,534
050,41,053,"Oregon","Polk County",1,31,1015,506,509
050,41,053,"Oregon","Polk County",1,32,1009,515,494
050,41,053,"Oregon","Polk County",1,33,986,526,460
050,41,053,"Oregon","Polk County",1,34,1032,511,521
050,41,053,"Oregon","Polk County",1,35,1113,559,554
050,41,053,"Oregon","Polk County",1,36,1169,592,577
050,41,053,"Oregon","Polk County",1,37,1100,535,565
050,41,053,"Oregon","Polk County",1,38,1081,532,549
050,41,053,"Oregon","Polk County",1,39,1101,536,565
050,41,053,"Oregon","Polk County",1,40,1092,532,560
050,41,053,"Oregon","Polk County",1,41,1037,514,523
050,41,053,"Oregon","Polk County",1,42,1047,537,510
050,41,053,"Oregon","Polk County",1,43,1040,502,538
050,41,053,"Oregon","Polk County",1,44,1022,490,532
050,41,053,"Oregon","Polk County",1,45,991,514,477
050,41,053,"Oregon","Polk County",1,46,896,439,457
050,41,053,"Oregon","Polk County",1,47,904,438,466
050,41,053,"Oregon","Polk County",1,48,1000,503,497
050,41,053,"Oregon","Polk County",1,49,1046,537,509
050,41,053,"Oregon","Polk County",1,50,987,504,483
050,41,053,"Oregon","Polk County",1,51,985,499,486
050,41,053,"Oregon","Polk County",1,52,911,451,460
050,41,053,"Oregon","Polk County",1,53,911,445,466
050,41,053,"Oregon","Polk County",1,54,939,465,474
050,41,053,"Oregon","Polk County",1,55,955,460,495
050,41,053,"Oregon","Polk County",1,56,998,495,503
050,41,053,"Oregon","Polk County",1,57,1009,497,512
050,41,053,"Oregon","Polk County",1,58,1036,496,540
050,41,053,"Oregon","Polk County",1,59,1017,507,510
050,41,053,"Oregon","Polk County",1,60,1028,520,508
050,41,053,"Oregon","Polk County",1,61,1012,494,518
050,41,053,"Oregon","Polk County",1,62,1001,464,537
050,41,053,"Oregon","Polk County",1,63,1049,496,553
050,41,053,"Oregon","Polk County",1,64,1058,487,571
050,41,053,"Oregon","Polk County",1,65,1070,473,597
050,41,053,"Oregon","Polk County",1,66,1054,474,580
050,41,053,"Oregon","Polk County",1,67,1009,456,553
050,41,053,"Oregon","Polk County",1,68,1010,453,557
050,41,053,"Oregon","Polk County",1,69,951,464,487
050,41,053,"Oregon","Polk County",1,70,922,454,468
050,41,053,"Oregon","Polk County",1,71,888,443,445
050,41,053,"Oregon","Polk County",1,72,933,453,480
050,41,053,"Oregon","Polk County",1,73,952,455,497
050,41,053,"Oregon","Polk County",1,74,640,294,346
050,41,053,"Oregon","Polk County",1,75,682,304,378
050,41,053,"Oregon","Polk County",1,76,711,332,379
050,41,053,"Oregon","Polk County",1,77,658,310,348
050,41,053,"Oregon","Polk County",1,78,525,247,278
050,41,053,"Oregon","Polk County",1,79,486,218,268
050,41,053,"Oregon","Polk County",1,80,421,204,217
050,41,053,"Oregon","Polk County",1,81,380,183,197
050,41,053,"Oregon","Polk County",1,82,364,153,211
050,41,053,"Oregon","Polk County",1,83,339,140,199
050,41,053,"Oregon","Polk County",1,84,306,142,164
050,41,053,"Oregon","Polk County",1,85,1735,683,1052
050,41,053,"Oregon","Polk County",2,0,869,438,431
050,41,053,"Oregon","Polk County",2,1,900,474,426
050,41,053,"Oregon","Polk County",2,2,931,477,454
050,41,053,"Oregon","Polk County",2,3,1002,482,520
050,41,053,"Oregon","Polk County",2,4,1045,506,539
050,41,053,"Oregon","Polk County",2,5,1022,517,505
050,41,053,"Oregon","Polk County",2,6,1072,544,528
050,41,053,"Oregon","Polk County",2,7,1099,545,554
050,41,053,"Oregon","Polk County",2,8,1114,551,563
050,41,053,"Oregon","Polk County",2,9,1126,562,564
050,41,053,"Oregon","Polk County",2,10,1106,562,544
050,41,053,"Oregon","Polk County",2,11,1133,579,554
050,41,053,"Oregon","Polk County",2,12,1203,622,581
050,41,053,"Oregon","Polk County",2,13,1235,648,587
050,41,053,"Oregon","Polk County",2,14,1237,630,607
050,41,053,"Oregon","Polk County",2,15,1210,602,608
050,41,053,"Oregon","Polk County",2,16,1196,610,586
050,41,053,"Oregon","Polk County",2,17,1174,625,549
050,41,053,"Oregon","Polk County",2,18,1349,655,694
050,41,053,"Oregon","Polk County",2,19,1549,710,839
050,41,053,"Oregon","Polk County",2,20,1655,828,827
050,41,053,"Oregon","Polk County",2,21,1664,810,854
050,41,053,"Oregon","Polk County",2,22,1581,787,794
050,41,053,"Oregon","Polk County",2,23,1523,747,776
050,41,053,"Oregon","Polk County",2,24,1274,657,617
050,41,053,"Oregon","Polk County",2,25,1182,631,551
050,41,053,"Oregon","Polk County",2,26,1121,583,538
050,41,053,"Oregon","Polk County",2,27,1124,571,553
050,41,053,"Oregon","Polk County",2,28,1114,567,547
050,41,053,"Oregon","Polk County",2,29,1111,544,567
050,41,053,"Oregon","Polk County",2,30,1076,524,552
050,41,053,"Oregon","Polk County",2,31,1030,511,519
050,41,053,"Oregon","Polk County",2,32,1019,520,499
050,41,053,"Oregon","Polk County",2,33,1000,527,473
050,41,053,"Oregon","Polk County",2,34,1025,515,510
050,41,053,"Oregon","Polk County",2,35,1111,556,555
050,41,053,"Oregon","Polk County",2,36,1154,583,571
050,41,053,"Oregon","Polk County",2,37,1125,555,570
050,41,053,"Oregon","Polk County",2,38,1098,539,559
050,41,053,"Oregon","Polk County",2,39,1105,539,566
050,41,053,"Oregon","Polk County",2,40,1108,539,569
050,41,053,"Oregon","Polk County",2,41,1056,523,533
050,41,053,"Oregon","Polk County",2,42,1042,531,511
050,41,053,"Oregon","Polk County",2,43,1057,518,539
050,41,053,"Oregon","Polk County",2,44,1020,492,528
050,41,053,"Oregon","Polk County",2,45,1010,513,497
050,41,053,"Oregon","Polk County",2,46,918,456,462
050,41,053,"Oregon","Polk County",2,47,904,440,464
050,41,053,"Oregon","Polk County",2,48,983,492,491
050,41,053,"Oregon","Polk County",2,49,1046,537,509
050,41,053,"Oregon","Polk County",2,50,1008,514,494
050,41,053,"Oregon","Polk County",2,51,991,501,490
050,41,053,"Oregon","Polk County",2,52,926,463,463
050,41,053,"Oregon","Polk County",2,53,915,453,462
050,41,053,"Oregon","Polk County",2,54,929,456,473
050,41,053,"Oregon","Polk County",2,55,955,461,494
050,41,053,"Oregon","Polk County",2,56,992,491,501
050,41,053,"Oregon","Polk County",2,57,1011,494,517
050,41,053,"Oregon","Polk County",2,58,1030,500,530
050,41,053,"Oregon","Polk County",2,59,1031,510,521
050,41,053,"Oregon","Polk County",2,60,1033,518,515
050,41,053,"Oregon","Polk County",2,61,1016,500,516
050,41,053,"Oregon","Polk County",2,62,1008,472,536
050,41,053,"Oregon","Polk County",2,63,1055,494,561
050,41,053,"Oregon","Polk County",2,64,1049,483,566
050,41,053,"Oregon","Polk County",2,65,1072,479,593
050,41,053,"Oregon","Polk County",2,66,1063,474,589
050,41,053,"Oregon","Polk County",2,67,1015,459,556
050,41,053,"Oregon","Polk County",2,68,1002,451,551
050,41,053,"Oregon","Polk County",2,69,973,464,509
050,41,053,"Oregon","Polk County",2,70,929,456,473
050,41,053,"Oregon","Polk County",2,71,898,445,453
050,41,053,"Oregon","Polk County",2,72,911,443,468
050,41,053,"Oregon","Polk County",2,73,996,477,519
050,41,053,"Oregon","Polk County",2,74,671,311,360
050,41,053,"Oregon","Polk County",2,75,675,303,372
050,41,053,"Oregon","Polk County",2,76,697,322,375
050,41,053,"Oregon","Polk County",2,77,678,321,357
050,41,053,"Oregon","Polk County",2,78,549,258,291
050,41,053,"Oregon","Polk County",2,79,488,219,269
050,41,053,"Oregon","Polk County",2,80,435,206,229
050,41,053,"Oregon","Polk County",2,81,380,184,196
050,41,053,"Oregon","Polk County",2,82,367,157,210
050,41,053,"Oregon","Polk County",2,83,337,137,200
050,41,053,"Oregon","Polk County",2,84,312,144,168
050,41,053,"Oregon","Polk County",2,85,1751,693,1058
050,41,053,"Oregon","Polk County",3,0,827,425,402
050,41,053,"Oregon","Polk County",3,1,923,461,462
050,41,053,"Oregon","Polk County",3,2,934,494,440
050,41,053,"Oregon","Polk County",3,3,958,500,458
050,41,053,"Oregon","Polk County",3,4,1032,494,538
050,41,053,"Oregon","Polk County",3,5,1061,512,549
050,41,053,"Oregon","Polk County",3,6,1043,528,515
050,41,053,"Oregon","Polk County",3,7,1064,535,529
050,41,053,"Oregon","Polk County",3,8,1127,567,560
050,41,053,"Oregon","Polk County",3,9,1116,544,572
050,41,053,"Oregon","Polk County",3,10,1131,581,550
050,41,053,"Oregon","Polk County",3,11,1141,578,563
050,41,053,"Oregon","Polk County",3,12,1161,592,569
050,41,053,"Oregon","Polk County",3,13,1234,633,601
050,41,053,"Oregon","Polk County",3,14,1219,652,567
050,41,053,"Oregon","Polk County",3,15,1264,638,626
050,41,053,"Oregon","Polk County",3,16,1238,619,619
050,41,053,"Oregon","Polk County",3,17,1196,600,596
050,41,053,"Oregon","Polk County",3,18,1348,659,689
050,41,053,"Oregon","Polk County",3,19,1562,737,825
050,41,053,"Oregon","Polk County",3,20,1686,832,854
050,41,053,"Oregon","Polk County",3,21,1673,793,880
050,41,053,"Oregon","Polk County",3,22,1572,791,781
050,41,053,"Oregon","Polk County",3,23,1521,748,773
050,41,053,"Oregon","Polk County",3,24,1243,621,622
050,41,053,"Oregon","Polk County",3,25,1248,651,597
050,41,053,"Oregon","Polk County",3,26,1129,606,523
050,41,053,"Oregon","Polk County",3,27,1183,602,581
050,41,053,"Oregon","Polk County",3,28,1144,569,575
050,41,053,"Oregon","Polk County",3,29,1133,599,534
050,41,053,"Oregon","Polk County",3,30,1153,578,575
050,41,053,"Oregon","Polk County",3,31,1077,528,549
050,41,053,"Oregon","Polk County",3,32,1052,530,522
050,41,053,"Oregon","Polk County",3,33,1051,514,537
050,41,053,"Oregon","Polk County",3,34,1034,528,506
050,41,053,"Oregon","Polk County",3,35,1070,531,539
050,41,053,"Oregon","Polk County",3,36,1190,612,578
050,41,053,"Oregon","Polk County",3,37,1205,608,597
050,41,053,"Oregon","Polk County",3,38,1144,569,575
050,41,053,"Oregon","Polk County",3,39,1124,566,558
050,41,053,"Oregon","Polk County",3,40,1128,558,570
050,41,053,"Oregon","Polk County",3,41,1145,559,586
050,41,053,"Oregon","Polk County",3,42,1058,515,543
050,41,053,"Oregon","Polk County",3,43,1091,546,545
050,41,053,"Oregon","Polk County",3,44,1091,546,545
050,41,053,"Oregon","Polk County",3,45,1024,507,517
050,41,053,"Oregon","Polk County",3,46,1028,533,495
050,41,053,"Oregon","Polk County",3,47,922,457,465
050,41,053,"Oregon","Polk County",3,48,929,446,483
050,41,053,"Oregon","Polk County",3,49,1013,509,504
050,41,053,"Oregon","Polk County",3,50,1052,539,513
050,41,053,"Oregon","Polk County",3,51,1024,529,495
050,41,053,"Oregon","Polk County",3,52,976,484,492
050,41,053,"Oregon","Polk County",3,53,921,474,447
050,41,053,"Oregon","Polk County",3,54,920,451,469
050,41,053,"Oregon","Polk County",3,55,929,452,477
050,41,053,"Oregon","Polk County",3,56,966,466,500
050,41,053,"Oregon","Polk County",3,57,1004,500,504
050,41,053,"Oregon","Polk County",3,58,1007,488,519
050,41,053,"Oregon","Polk County",3,59,1054,509,545
050,41,053,"Oregon","Polk County",3,60,1021,494,527
050,41,053,"Oregon","Polk County",3,61,1029,518,511
050,41,053,"Oregon","Polk County",3,62,1027,504,523
050,41,053,"Oregon","Polk County",3,63,992,460,532
050,41,053,"Oregon","Polk County",3,64,1057,497,560
050,41,053,"Oregon","Polk County",3,65,1053,482,571
050,41,053,"Oregon","Polk County",3,66,1064,481,583
050,41,053,"Oregon","Polk County",3,67,1050,471,579
050,41,053,"Oregon","Polk County",3,68,1015,462,553
050,41,053,"Oregon","Polk County",3,69,1013,457,556
050,41,053,"Oregon","Polk County",3,70,967,452,515
050,41,053,"Oregon","Polk County",3,71,934,452,482
050,41,053,"Oregon","Polk County",3,72,879,432,447
050,41,053,"Oregon","Polk County",3,73,887,423,464
050,41,053,"Oregon","Polk County",3,74,977,470,507
050,41,053,"Oregon","Polk County",3,75,663,306,357
050,41,053,"Oregon","Polk County",3,76,676,305,371
050,41,053,"Oregon","Polk County",3,77,677,307,370
050,41,053,"Oregon","Polk County",3,78,671,312,359
050,41,053,"Oregon","Polk County",3,79,522,246,276
050,41,053,"Oregon","Polk County",3,80,478,215,263
050,41,053,"Oregon","Polk County",3,81,406,195,211
050,41,053,"Oregon","Polk County",3,82,349,155,194
050,41,053,"Oregon","Polk County",3,83,358,149,209
050,41,053,"Oregon","Polk County",3,84,314,138,176
050,41,053,"Oregon","Polk County",3,85,1801,712,1089
050,41,053,"Oregon","Polk County",4,0,891,450,441
050,41,053,"Oregon","Polk County",4,1,840,423,417
050,41,053,"Oregon","Polk County",4,2,919,461,458
050,41,053,"Oregon","Polk County",4,3,935,490,445
050,41,053,"Oregon","Polk County",4,4,963,494,469
050,41,053,"Oregon","Polk County",4,5,1024,497,527
050,41,053,"Oregon","Polk County",4,6,1077,537,540
050,41,053,"Oregon","Polk County",4,7,1054,536,518
050,41,053,"Oregon","Polk County",4,8,1066,541,525
050,41,053,"Oregon","Polk County",4,9,1116,547,569
050,41,053,"Oregon","Polk County",4,10,1147,565,582
050,41,053,"Oregon","Polk County",4,11,1128,576,552
050,41,053,"Oregon","Polk County",4,12,1162,594,568
050,41,053,"Oregon","Polk County",4,13,1144,591,553
050,41,053,"Oregon","Polk County",4,14,1227,626,601
050,41,053,"Oregon","Polk County",4,15,1240,663,577
050,41,053,"Oregon","Polk County",4,16,1279,658,621
050,41,053,"Oregon","Polk County",4,17,1230,611,619
050,41,053,"Oregon","Polk County",4,18,1360,647,713
050,41,053,"Oregon","Polk County",4,19,1544,743,801
050,41,053,"Oregon","Polk County",4,20,1615,826,789
050,41,053,"Oregon","Polk County",4,21,1692,785,907
050,41,053,"Oregon","Polk County",4,22,1543,756,787
050,41,053,"Oregon","Polk County",4,23,1416,705,711
050,41,053,"Oregon","Polk County",4,24,1216,605,611
050,41,053,"Oregon","Polk County",4,25,1190,583,607
050,41,053,"Oregon","Polk County",4,26,1190,609,581
050,41,053,"Oregon","Polk County",4,27,1171,609,562
050,41,053,"Oregon","Polk County",4,28,1161,582,579
050,41,053,"Oregon","Polk County",4,29,1108,565,543
050,41,053,"Oregon","Polk County",4,30,1149,608,541
050,41,053,"Oregon","Polk County",4,31,1153,560,593
050,41,053,"Oregon","Polk County",4,32,1121,551,570
050,41,053,"Oregon","Polk County",4,33,1071,532,539
050,41,053,"Oregon","Polk County",4,34,1078,525,553
050,41,053,"Oregon","Polk County",4,35,1060,535,525
050,41,053,"Oregon","Polk County",4,36,1092,544,548
050,41,053,"Oregon","Polk County",4,37,1220,628,592
050,41,053,"Oregon","Polk County",4,38,1215,603,612
050,41,053,"Oregon","Polk County",4,39,1163,583,580
050,41,053,"Oregon","Polk County",4,40,1143,577,566
050,41,053,"Oregon","Polk County",4,41,1137,555,582
050,41,053,"Oregon","Polk County",4,42,1129,558,571
050,41,053,"Oregon","Polk County",4,43,1071,524,547
050,41,053,"Oregon","Polk County",4,44,1090,545,545
050,41,053,"Oregon","Polk County",4,45,1116,550,566
050,41,053,"Oregon","Polk County",4,46,1022,515,507
050,41,053,"Oregon","Polk County",4,47,1044,548,496
050,41,053,"Oregon","Polk County",4,48,939,465,474
050,41,053,"Oregon","Polk County",4,49,952,465,487
050,41,053,"Oregon","Polk County",4,50,991,500,491
050,41,053,"Oregon","Polk County",4,51,1048,538,510
050,41,053,"Oregon","Polk County",4,52,1023,525,498
050,41,053,"Oregon","Polk County",4,53,1011,511,500
050,41,053,"Oregon","Polk County",4,54,911,458,453
050,41,053,"Oregon","Polk County",4,55,934,449,485
050,41,053,"Oregon","Polk County",4,56,936,461,475
050,41,053,"Oregon","Polk County",4,57,952,464,488
050,41,053,"Oregon","Polk County",4,58,994,497,497
050,41,053,"Oregon","Polk County",4,59,1010,485,525
050,41,053,"Oregon","Polk County",4,60,1043,494,549
050,41,053,"Oregon","Polk County",4,61,998,487,511
050,41,053,"Oregon","Polk County",4,62,1008,506,502
050,41,053,"Oregon","Polk County",4,63,1033,494,539
050,41,053,"Oregon","Polk County",4,64,967,437,530
050,41,053,"Oregon","Polk County",4,65,1073,503,570
050,41,053,"Oregon","Polk County",4,66,1044,476,568
050,41,053,"Oregon","Polk County",4,67,1055,476,579
050,41,053,"Oregon","Polk County",4,68,1049,472,577
050,41,053,"Oregon","Polk County",4,69,1006,451,555
050,41,053,"Oregon","Polk County",4,70,996,447,549
050,41,053,"Oregon","Polk County",4,71,956,439,517
050,41,053,"Oregon","Polk County",4,72,914,442,472
050,41,053,"Oregon","Polk County",4,73,860,417,443
050,41,053,"Oregon","Polk County",4,74,876,415,461
050,41,053,"Oregon","Polk County",4,75,940,453,487
050,41,053,"Oregon","Polk County",4,76,657,301,356
050,41,053,"Oregon","Polk County",4,77,631,276,355
050,41,053,"Oregon","Polk County",4,78,654,297,357
050,41,053,"Oregon","Polk County",4,79,637,296,341
050,41,053,"Oregon","Polk County",4,80,490,226,264
050,41,053,"Oregon","Polk County",4,81,424,190,234
050,41,053,"Oregon","Polk County",4,82,402,186,216
050,41,053,"Oregon","Polk County",4,83,339,148,191
050,41,053,"Oregon","Polk County",4,84,338,147,191
050,41,053,"Oregon","Polk County",4,85,1780,713,1067
050,41,053,"Oregon","Polk County",5,0,857,429,428
050,41,053,"Oregon","Polk County",5,1,934,465,469
050,41,053,"Oregon","Polk County",5,2,815,420,395
050,41,053,"Oregon","Polk County",5,3,933,461,472
050,41,053,"Oregon","Polk County",5,4,955,493,462
050,41,053,"Oregon","Polk County",5,5,953,496,457
050,41,053,"Oregon","Polk County",5,6,1022,507,515
050,41,053,"Oregon","Polk County",5,7,1108,544,564
050,41,053,"Oregon","Polk County",5,8,1061,537,524
050,41,053,"Oregon","Polk County",5,9,1078,546,532
050,41,053,"Oregon","Polk County",5,10,1108,546,562
050,41,053,"Oregon","Polk County",5,11,1156,570,586
050,41,053,"Oregon","Polk County",5,12,1132,572,560
050,41,053,"Oregon","Polk County",5,13,1190,598,592
050,41,053,"Oregon","Polk County",5,14,1142,599,543
050,41,053,"Oregon","Polk County",5,15,1221,630,591
050,41,053,"Oregon","Polk County",5,16,1249,658,591
050,41,053,"Oregon","Polk County",5,17,1293,669,624
050,41,053,"Oregon","Polk County",5,18,1387,652,735
050,41,053,"Oregon","Polk County",5,19,1516,700,816
050,41,053,"Oregon","Polk County",5,20,1589,802,787
050,41,053,"Oregon","Polk County",5,21,1658,806,852
050,41,053,"Oregon","Polk County",5,22,1583,747,836
050,41,053,"Oregon","Polk County",5,23,1446,717,729
050,41,053,"Oregon","Polk County",5,24,1155,604,551
050,41,053,"Oregon","Polk County",5,25,1172,580,592
050,41,053,"Oregon","Polk County",5,26,1076,531,545
050,41,053,"Oregon","Polk County",5,27,1163,584,579
050,41,053,"Oregon","Polk County",5,28,1111,568,543
050,41,053,"Oregon","Polk County",5,29,1181,596,585
050,41,053,"Oregon","Polk County",5,30,1136,560,576
050,41,053,"Oregon","Polk County",5,31,1145,599,546
050,41,053,"Oregon","Polk County",5,32,1190,587,603
050,41,053,"Oregon","Polk County",5,33,1155,569,586
050,41,053,"Oregon","Polk County",5,34,1089,540,549
050,41,053,"Oregon","Polk County",5,35,1076,513,563
050,41,053,"Oregon","Polk County",5,36,1055,526,529
050,41,053,"Oregon","Polk County",5,37,1117,548,569
050,41,053,"Oregon","Polk County",5,38,1207,617,590
050,41,053,"Oregon","Polk County",5,39,1232,609,623
050,41,053,"Oregon","Polk County",5,40,1175,588,587
050,41,053,"Oregon","Polk County",5,41,1147,582,565
050,41,053,"Oregon","Polk County",5,42,1157,573,584
050,41,053,"Oregon","Polk County",5,43,1126,555,571
050,41,053,"Oregon","Polk County",5,44,1097,546,551
050,41,053,"Oregon","Polk County",5,45,1106,558,548
050,41,053,"Oregon","Polk County",5,46,1093,545,548
050,41,053,"Oregon","Polk County",5,47,1022,510,512
050,41,053,"Oregon","Polk County",5,48,1029,536,493
050,41,053,"Oregon","Polk County",5,49,937,465,472
050,41,053,"Oregon","Polk County",5,50,943,452,491
050,41,053,"Oregon","Polk County",5,51,988,504,484
050,41,053,"Oregon","Polk County",5,52,1051,542,509
050,41,053,"Oregon","Polk County",5,53,1042,541,501
050,41,053,"Oregon","Polk County",5,54,1010,516,494
050,41,053,"Oregon","Polk County",5,55,919,457,462
050,41,053,"Oregon","Polk County",5,56,907,445,462
050,41,053,"Oregon","Polk County",5,57,921,458,463
050,41,053,"Oregon","Polk County",5,58,943,469,474
050,41,053,"Oregon","Polk County",5,59,1000,500,500
050,41,053,"Oregon","Polk County",5,60,1010,477,533
050,41,053,"Oregon","Polk County",5,61,1019,481,538
050,41,053,"Oregon","Polk County",5,62,989,484,505
050,41,053,"Oregon","Polk County",5,63,1019,504,515
050,41,053,"Oregon","Polk County",5,64,1010,481,529
050,41,053,"Oregon","Polk County",5,65,988,434,554
050,41,053,"Oregon","Polk County",5,66,1073,507,566
050,41,053,"Oregon","Polk County",5,67,1023,473,550
050,41,053,"Oregon","Polk County",5,68,1048,470,578
050,41,053,"Oregon","Polk County",5,69,1043,462,581
050,41,053,"Oregon","Polk County",5,70,980,434,546
050,41,053,"Oregon","Polk County",5,71,983,439,544
050,41,053,"Oregon","Polk County",5,72,947,437,510
050,41,053,"Oregon","Polk County",5,73,913,435,478
050,41,053,"Oregon","Polk County",5,74,841,410,431
050,41,053,"Oregon","Polk County",5,75,865,403,462
050,41,053,"Oregon","Polk County",5,76,939,452,487
050,41,053,"Oregon","Polk County",5,77,621,276,345
050,41,053,"Oregon","Polk County",5,78,615,269,346
050,41,053,"Oregon","Polk County",5,79,634,283,351
050,41,053,"Oregon","Polk County",5,80,617,280,337
050,41,053,"Oregon","Polk County",5,81,452,210,242
050,41,053,"Oregon","Polk County",5,82,406,167,239
050,41,053,"Oregon","Polk County",5,83,383,170,213
050,41,053,"Oregon","Polk County",5,84,313,144,169
050,41,053,"Oregon","Polk County",5,85,1815,732,1083
050,41,055,"Oregon","Sherman County",1,0,23,12,11
050,41,055,"Oregon","Sherman County",1,1,20,11,9
050,41,055,"Oregon","Sherman County",1,2,15,9,6
050,41,055,"Oregon","Sherman County",1,3,26,8,18
050,41,055,"Oregon","Sherman County",1,4,23,10,13
050,41,055,"Oregon","Sherman County",1,5,17,8,9
050,41,055,"Oregon","Sherman County",1,6,20,8,12
050,41,055,"Oregon","Sherman County",1,7,16,8,8
050,41,055,"Oregon","Sherman County",1,8,23,14,9
050,41,055,"Oregon","Sherman County",1,9,19,10,9
050,41,055,"Oregon","Sherman County",1,10,19,9,10
050,41,055,"Oregon","Sherman County",1,11,25,12,13
050,41,055,"Oregon","Sherman County",1,12,22,8,14
050,41,055,"Oregon","Sherman County",1,13,17,8,9
050,41,055,"Oregon","Sherman County",1,14,20,7,13
050,41,055,"Oregon","Sherman County",1,15,16,8,8
050,41,055,"Oregon","Sherman County",1,16,22,12,10
050,41,055,"Oregon","Sherman County",1,17,18,8,10
050,41,055,"Oregon","Sherman County",1,18,20,11,9
050,41,055,"Oregon","Sherman County",1,19,10,5,5
050,41,055,"Oregon","Sherman County",1,20,15,9,6
050,41,055,"Oregon","Sherman County",1,21,12,8,4
050,41,055,"Oregon","Sherman County",1,22,14,7,7
050,41,055,"Oregon","Sherman County",1,23,17,9,8
050,41,055,"Oregon","Sherman County",1,24,10,4,6
050,41,055,"Oregon","Sherman County",1,25,20,8,12
050,41,055,"Oregon","Sherman County",1,26,20,13,7
050,41,055,"Oregon","Sherman County",1,27,17,8,9
050,41,055,"Oregon","Sherman County",1,28,24,10,14
050,41,055,"Oregon","Sherman County",1,29,24,12,12
050,41,055,"Oregon","Sherman County",1,30,27,11,16
050,41,055,"Oregon","Sherman County",1,31,16,9,7
050,41,055,"Oregon","Sherman County",1,32,25,14,11
050,41,055,"Oregon","Sherman County",1,33,26,12,14
050,41,055,"Oregon","Sherman County",1,34,21,11,10
050,41,055,"Oregon","Sherman County",1,35,22,11,11
050,41,055,"Oregon","Sherman County",1,36,28,12,16
050,41,055,"Oregon","Sherman County",1,37,20,9,11
050,41,055,"Oregon","Sherman County",1,38,26,12,14
050,41,055,"Oregon","Sherman County",1,39,24,10,14
050,41,055,"Oregon","Sherman County",1,40,18,9,9
050,41,055,"Oregon","Sherman County",1,41,24,13,11
050,41,055,"Oregon","Sherman County",1,42,24,13,11
050,41,055,"Oregon","Sherman County",1,43,19,14,5
050,41,055,"Oregon","Sherman County",1,44,22,15,7
050,41,055,"Oregon","Sherman County",1,45,18,12,6
050,41,055,"Oregon","Sherman County",1,46,17,12,5
050,41,055,"Oregon","Sherman County",1,47,19,13,6
050,41,055,"Oregon","Sherman County",1,48,22,14,8
050,41,055,"Oregon","Sherman County",1,49,23,11,12
050,41,055,"Oregon","Sherman County",1,50,18,11,7
050,41,055,"Oregon","Sherman County",1,51,15,7,8
050,41,055,"Oregon","Sherman County",1,52,12,6,6
050,41,055,"Oregon","Sherman County",1,53,25,12,13
050,41,055,"Oregon","Sherman County",1,54,23,11,12
050,41,055,"Oregon","Sherman County",1,55,26,11,15
050,41,055,"Oregon","Sherman County",1,56,31,17,14
050,41,055,"Oregon","Sherman County",1,57,25,14,11
050,41,055,"Oregon","Sherman County",1,58,25,13,12
050,41,055,"Oregon","Sherman County",1,59,38,17,21
050,41,055,"Oregon","Sherman County",1,60,36,16,20
050,41,055,"Oregon","Sherman County",1,61,31,18,13
050,41,055,"Oregon","Sherman County",1,62,32,21,11
050,41,055,"Oregon","Sherman County",1,63,31,19,12
050,41,055,"Oregon","Sherman County",1,64,30,16,14
050,41,055,"Oregon","Sherman County",1,65,24,10,14
050,41,055,"Oregon","Sherman County",1,66,25,10,15
050,41,055,"Oregon","Sherman County",1,67,28,14,14
050,41,055,"Oregon","Sherman County",1,68,28,16,12
050,41,055,"Oregon","Sherman County",1,69,28,19,9
050,41,055,"Oregon","Sherman County",1,70,21,13,8
050,41,055,"Oregon","Sherman County",1,71,17,11,6
050,41,055,"Oregon","Sherman County",1,72,19,10,9
050,41,055,"Oregon","Sherman County",1,73,29,14,15
050,41,055,"Oregon","Sherman County",1,74,23,11,12
050,41,055,"Oregon","Sherman County",1,75,16,5,11
050,41,055,"Oregon","Sherman County",1,76,21,14,7
050,41,055,"Oregon","Sherman County",1,77,19,14,5
050,41,055,"Oregon","Sherman County",1,78,16,8,8
050,41,055,"Oregon","Sherman County",1,79,15,6,9
050,41,055,"Oregon","Sherman County",1,80,16,5,11
050,41,055,"Oregon","Sherman County",1,81,12,8,4
050,41,055,"Oregon","Sherman County",1,82,9,5,4
050,41,055,"Oregon","Sherman County",1,83,11,5,6
050,41,055,"Oregon","Sherman County",1,84,19,4,15
050,41,055,"Oregon","Sherman County",1,85,65,32,33
050,41,055,"Oregon","Sherman County",2,0,27,11,16
050,41,055,"Oregon","Sherman County",2,1,20,11,9
050,41,055,"Oregon","Sherman County",2,2,17,10,7
050,41,055,"Oregon","Sherman County",2,3,23,8,15
050,41,055,"Oregon","Sherman County",2,4,23,9,14
050,41,055,"Oregon","Sherman County",2,5,19,9,10
050,41,055,"Oregon","Sherman County",2,6,21,9,12
050,41,055,"Oregon","Sherman County",2,7,17,8,9
050,41,055,"Oregon","Sherman County",2,8,21,12,9
050,41,055,"Oregon","Sherman County",2,9,20,11,9
050,41,055,"Oregon","Sherman County",2,10,19,9,10
050,41,055,"Oregon","Sherman County",2,11,22,10,12
050,41,055,"Oregon","Sherman County",2,12,22,8,14
050,41,055,"Oregon","Sherman County",2,13,18,8,10
050,41,055,"Oregon","Sherman County",2,14,21,8,13
050,41,055,"Oregon","Sherman County",2,15,17,8,9
050,41,055,"Oregon","Sherman County",2,16,19,10,9
050,41,055,"Oregon","Sherman County",2,17,19,9,10
050,41,055,"Oregon","Sherman County",2,18,18,9,9
050,41,055,"Oregon","Sherman County",2,19,12,6,6
050,41,055,"Oregon","Sherman County",2,20,14,8,6
050,41,055,"Oregon","Sherman County",2,21,13,8,5
050,41,055,"Oregon","Sherman County",2,22,15,8,7
050,41,055,"Oregon","Sherman County",2,23,17,9,8
050,41,055,"Oregon","Sherman County",2,24,12,5,7
050,41,055,"Oregon","Sherman County",2,25,18,8,10
050,41,055,"Oregon","Sherman County",2,26,21,12,9
050,41,055,"Oregon","Sherman County",2,27,18,9,9
050,41,055,"Oregon","Sherman County",2,28,22,10,12
050,41,055,"Oregon","Sherman County",2,29,25,12,13
050,41,055,"Oregon","Sherman County",2,30,27,11,16
050,41,055,"Oregon","Sherman County",2,31,19,10,9
050,41,055,"Oregon","Sherman County",2,32,24,13,11
050,41,055,"Oregon","Sherman County",2,33,25,12,13
050,41,055,"Oregon","Sherman County",2,34,22,11,11
050,41,055,"Oregon","Sherman County",2,35,22,11,11
050,41,055,"Oregon","Sherman County",2,36,25,11,14
050,41,055,"Oregon","Sherman County",2,37,21,9,12
050,41,055,"Oregon","Sherman County",2,38,25,11,14
050,41,055,"Oregon","Sherman County",2,39,25,11,14
050,41,055,"Oregon","Sherman County",2,40,19,9,10
050,41,055,"Oregon","Sherman County",2,41,23,12,11
050,41,055,"Oregon","Sherman County",2,42,23,13,10
050,41,055,"Oregon","Sherman County",2,43,21,14,7
050,41,055,"Oregon","Sherman County",2,44,21,15,6
050,41,055,"Oregon","Sherman County",2,45,18,12,6
050,41,055,"Oregon","Sherman County",2,46,17,12,5
050,41,055,"Oregon","Sherman County",2,47,18,12,6
050,41,055,"Oregon","Sherman County",2,48,22,14,8
050,41,055,"Oregon","Sherman County",2,49,22,11,11
050,41,055,"Oregon","Sherman County",2,50,20,11,9
050,41,055,"Oregon","Sherman County",2,51,15,8,7
050,41,055,"Oregon","Sherman County",2,52,13,6,7
050,41,055,"Oregon","Sherman County",2,53,22,11,11
050,41,055,"Oregon","Sherman County",2,54,23,11,12
050,41,055,"Oregon","Sherman County",2,55,26,11,15
050,41,055,"Oregon","Sherman County",2,56,30,16,14
050,41,055,"Oregon","Sherman County",2,57,27,15,12
050,41,055,"Oregon","Sherman County",2,58,25,14,11
050,41,055,"Oregon","Sherman County",2,59,36,17,19
050,41,055,"Oregon","Sherman County",2,60,36,16,20
050,41,055,"Oregon","Sherman County",2,61,32,18,14
050,41,055,"Oregon","Sherman County",2,62,31,20,11
050,41,055,"Oregon","Sherman County",2,63,31,19,12
050,41,055,"Oregon","Sherman County",2,64,32,18,14
050,41,055,"Oregon","Sherman County",2,65,25,11,14
050,41,055,"Oregon","Sherman County",2,66,25,10,15
050,41,055,"Oregon","Sherman County",2,67,27,13,14
050,41,055,"Oregon","Sherman County",2,68,27,15,12
050,41,055,"Oregon","Sherman County",2,69,28,18,10
050,41,055,"Oregon","Sherman County",2,70,22,14,8
050,41,055,"Oregon","Sherman County",2,71,18,12,6
050,41,055,"Oregon","Sherman County",2,72,19,10,9
050,41,055,"Oregon","Sherman County",2,73,26,12,14
050,41,055,"Oregon","Sherman County",2,74,23,11,12
050,41,055,"Oregon","Sherman County",2,75,18,7,11
050,41,055,"Oregon","Sherman County",2,76,20,12,8
050,41,055,"Oregon","Sherman County",2,77,19,14,5
050,41,055,"Oregon","Sherman County",2,78,16,9,7
050,41,055,"Oregon","Sherman County",2,79,15,6,9
050,41,055,"Oregon","Sherman County",2,80,16,5,11
050,41,055,"Oregon","Sherman County",2,81,14,8,6
050,41,055,"Oregon","Sherman County",2,82,10,6,4
050,41,055,"Oregon","Sherman County",2,83,10,4,6
050,41,055,"Oregon","Sherman County",2,84,18,5,13
050,41,055,"Oregon","Sherman County",2,85,67,31,36
050,41,055,"Oregon","Sherman County",3,0,23,10,13
050,41,055,"Oregon","Sherman County",3,1,27,9,18
050,41,055,"Oregon","Sherman County",3,2,21,13,8
050,41,055,"Oregon","Sherman County",3,3,19,11,8
050,41,055,"Oregon","Sherman County",3,4,26,9,17
050,41,055,"Oregon","Sherman County",3,5,23,12,11
050,41,055,"Oregon","Sherman County",3,6,17,9,8
050,41,055,"Oregon","Sherman County",3,7,21,10,11
050,41,055,"Oregon","Sherman County",3,8,21,11,10
050,41,055,"Oregon","Sherman County",3,9,24,13,11
050,41,055,"Oregon","Sherman County",3,10,24,14,10
050,41,055,"Oregon","Sherman County",3,11,20,10,10
050,41,055,"Oregon","Sherman County",3,12,20,11,9
050,41,055,"Oregon","Sherman County",3,13,22,8,14
050,41,055,"Oregon","Sherman County",3,14,21,9,12
050,41,055,"Oregon","Sherman County",3,15,20,8,12
050,41,055,"Oregon","Sherman County",3,16,17,8,9
050,41,055,"Oregon","Sherman County",3,17,16,9,7
050,41,055,"Oregon","Sherman County",3,18,17,8,9
050,41,055,"Oregon","Sherman County",3,19,14,7,7
050,41,055,"Oregon","Sherman County",3,20,11,5,6
050,41,055,"Oregon","Sherman County",3,21,12,6,6
050,41,055,"Oregon","Sherman County",3,22,15,8,7
050,41,055,"Oregon","Sherman County",3,23,17,9,8
050,41,055,"Oregon","Sherman County",3,24,17,9,8
050,41,055,"Oregon","Sherman County",3,25,6,2,4
050,41,055,"Oregon","Sherman County",3,26,13,7,6
050,41,055,"Oregon","Sherman County",3,27,16,10,6
050,41,055,"Oregon","Sherman County",3,28,21,11,10
050,41,055,"Oregon","Sherman County",3,29,21,10,11
050,41,055,"Oregon","Sherman County",3,30,26,13,13
050,41,055,"Oregon","Sherman County",3,31,28,13,15
050,41,055,"Oregon","Sherman County",3,32,22,11,11
050,41,055,"Oregon","Sherman County",3,33,24,13,11
050,41,055,"Oregon","Sherman County",3,34,29,14,15
050,41,055,"Oregon","Sherman County",3,35,24,12,12
050,41,055,"Oregon","Sherman County",3,36,23,12,11
050,41,055,"Oregon","Sherman County",3,37,29,16,13
050,41,055,"Oregon","Sherman County",3,38,21,8,13
050,41,055,"Oregon","Sherman County",3,39,22,10,12
050,41,055,"Oregon","Sherman County",3,40,25,11,14
050,41,055,"Oregon","Sherman County",3,41,20,10,10
050,41,055,"Oregon","Sherman County",3,42,22,11,11
050,41,055,"Oregon","Sherman County",3,43,24,14,10
050,41,055,"Oregon","Sherman County",3,44,22,14,8
050,41,055,"Oregon","Sherman County",3,45,21,14,7
050,41,055,"Oregon","Sherman County",3,46,19,13,6
050,41,055,"Oregon","Sherman County",3,47,16,12,4
050,41,055,"Oregon","Sherman County",3,48,18,11,7
050,41,055,"Oregon","Sherman County",3,49,22,14,8
050,41,055,"Oregon","Sherman County",3,50,22,14,8
050,41,055,"Oregon","Sherman County",3,51,20,10,10
050,41,055,"Oregon","Sherman County",3,52,16,9,7
050,41,055,"Oregon","Sherman County",3,53,13,6,7
050,41,055,"Oregon","Sherman County",3,54,24,13,11
050,41,055,"Oregon","Sherman County",3,55,23,11,12
050,41,055,"Oregon","Sherman County",3,56,29,11,18
050,41,055,"Oregon","Sherman County",3,57,33,16,17
050,41,055,"Oregon","Sherman County",3,58,27,15,12
050,41,055,"Oregon","Sherman County",3,59,24,15,9
050,41,055,"Oregon","Sherman County",3,60,40,18,22
050,41,055,"Oregon","Sherman County",3,61,30,14,16
050,41,055,"Oregon","Sherman County",3,62,37,18,19
050,41,055,"Oregon","Sherman County",3,63,29,18,11
050,41,055,"Oregon","Sherman County",3,64,33,21,12
050,41,055,"Oregon","Sherman County",3,65,34,20,14
050,41,055,"Oregon","Sherman County",3,66,25,11,14
050,41,055,"Oregon","Sherman County",3,67,27,10,17
050,41,055,"Oregon","Sherman County",3,68,28,13,15
050,41,055,"Oregon","Sherman County",3,69,28,14,14
050,41,055,"Oregon","Sherman County",3,70,28,19,9
050,41,055,"Oregon","Sherman County",3,71,23,16,7
050,41,055,"Oregon","Sherman County",3,72,18,12,6
050,41,055,"Oregon","Sherman County",3,73,20,11,9
050,41,055,"Oregon","Sherman County",3,74,27,12,15
050,41,055,"Oregon","Sherman County",3,75,23,11,12
050,41,055,"Oregon","Sherman County",3,76,17,7,10
050,41,055,"Oregon","Sherman County",3,77,15,10,5
050,41,055,"Oregon","Sherman County",3,78,19,13,6
050,41,055,"Oregon","Sherman County",3,79,15,9,6
050,41,055,"Oregon","Sherman County",3,80,15,6,9
050,41,055,"Oregon","Sherman County",3,81,16,5,11
050,41,055,"Oregon","Sherman County",3,82,12,6,6
050,41,055,"Oregon","Sherman County",3,83,10,6,4
050,41,055,"Oregon","Sherman County",3,84,10,4,6
050,41,055,"Oregon","Sherman County",3,85,78,32,46
050,41,055,"Oregon","Sherman County",4,0,23,16,7
050,41,055,"Oregon","Sherman County",4,1,25,12,13
050,41,055,"Oregon","Sherman County",4,2,28,10,18
050,41,055,"Oregon","Sherman County",4,3,21,12,9
050,41,055,"Oregon","Sherman County",4,4,23,12,11
050,41,055,"Oregon","Sherman County",4,5,28,10,18
050,41,055,"Oregon","Sherman County",4,6,21,10,11
050,41,055,"Oregon","Sherman County",4,7,22,13,9
050,41,055,"Oregon","Sherman County",4,8,23,10,13
050,41,055,"Oregon","Sherman County",4,9,21,11,10
050,41,055,"Oregon","Sherman County",4,10,19,13,6
050,41,055,"Oregon","Sherman County",4,11,24,13,11
050,41,055,"Oregon","Sherman County",4,12,19,9,10
050,41,055,"Oregon","Sherman County",4,13,21,12,9
050,41,055,"Oregon","Sherman County",4,14,21,9,12
050,41,055,"Oregon","Sherman County",4,15,20,11,9
050,41,055,"Oregon","Sherman County",4,16,18,8,10
050,41,055,"Oregon","Sherman County",4,17,18,10,8
050,41,055,"Oregon","Sherman County",4,18,13,7,6
050,41,055,"Oregon","Sherman County",4,19,14,6,8
050,41,055,"Oregon","Sherman County",4,20,15,8,7
050,41,055,"Oregon","Sherman County",4,21,11,6,5
050,41,055,"Oregon","Sherman County",4,22,13,5,8
050,41,055,"Oregon","Sherman County",4,23,18,10,8
050,41,055,"Oregon","Sherman County",4,24,16,9,7
050,41,055,"Oregon","Sherman County",4,25,20,8,12
050,41,055,"Oregon","Sherman County",4,26,7,3,4
050,41,055,"Oregon","Sherman County",4,27,15,9,6
050,41,055,"Oregon","Sherman County",4,28,22,11,11
050,41,055,"Oregon","Sherman County",4,29,21,12,9
050,41,055,"Oregon","Sherman County",4,30,22,10,12
050,41,055,"Oregon","Sherman County",4,31,29,14,15
050,41,055,"Oregon","Sherman County",4,32,29,15,14
050,41,055,"Oregon","Sherman County",4,33,20,11,9
050,41,055,"Oregon","Sherman County",4,34,23,11,12
050,41,055,"Oregon","Sherman County",4,35,28,14,14
050,41,055,"Oregon","Sherman County",4,36,24,12,12
050,41,055,"Oregon","Sherman County",4,37,21,9,12
050,41,055,"Oregon","Sherman County",4,38,26,12,14
050,41,055,"Oregon","Sherman County",4,39,22,8,14
050,41,055,"Oregon","Sherman County",4,40,23,11,12
050,41,055,"Oregon","Sherman County",4,41,26,12,14
050,41,055,"Oregon","Sherman County",4,42,19,9,10
050,41,055,"Oregon","Sherman County",4,43,23,12,11
050,41,055,"Oregon","Sherman County",4,44,23,13,10
050,41,055,"Oregon","Sherman County",4,45,23,14,9
050,41,055,"Oregon","Sherman County",4,46,22,14,8
050,41,055,"Oregon","Sherman County",4,47,24,17,7
050,41,055,"Oregon","Sherman County",4,48,16,12,4
050,41,055,"Oregon","Sherman County",4,49,21,13,8
050,41,055,"Oregon","Sherman County",4,50,25,14,11
050,41,055,"Oregon","Sherman County",4,51,22,11,11
050,41,055,"Oregon","Sherman County",4,52,20,10,10
050,41,055,"Oregon","Sherman County",4,53,15,6,9
050,41,055,"Oregon","Sherman County",4,54,13,6,7
050,41,055,"Oregon","Sherman County",4,55,23,12,11
050,41,055,"Oregon","Sherman County",4,56,22,11,11
050,41,055,"Oregon","Sherman County",4,57,28,11,17
050,41,055,"Oregon","Sherman County",4,58,35,16,19
050,41,055,"Oregon","Sherman County",4,59,30,17,13
050,41,055,"Oregon","Sherman County",4,60,24,15,9
050,41,055,"Oregon","Sherman County",4,61,41,17,24
050,41,055,"Oregon","Sherman County",4,62,32,14,18
050,41,055,"Oregon","Sherman County",4,63,38,16,22
050,41,055,"Oregon","Sherman County",4,64,31,20,11
050,41,055,"Oregon","Sherman County",4,65,33,19,14
050,41,055,"Oregon","Sherman County",4,66,33,20,13
050,41,055,"Oregon","Sherman County",4,67,25,11,14
050,41,055,"Oregon","Sherman County",4,68,27,11,16
050,41,055,"Oregon","Sherman County",4,69,31,16,15
050,41,055,"Oregon","Sherman County",4,70,29,14,15
050,41,055,"Oregon","Sherman County",4,71,28,18,10
050,41,055,"Oregon","Sherman County",4,72,24,16,8
050,41,055,"Oregon","Sherman County",4,73,19,13,6
050,41,055,"Oregon","Sherman County",4,74,20,12,8
050,41,055,"Oregon","Sherman County",4,75,26,11,15
050,41,055,"Oregon","Sherman County",4,76,24,12,12
050,41,055,"Oregon","Sherman County",4,77,16,7,9
050,41,055,"Oregon","Sherman County",4,78,14,9,5
050,41,055,"Oregon","Sherman County",4,79,14,9,5
050,41,055,"Oregon","Sherman County",4,80,15,9,6
050,41,055,"Oregon","Sherman County",4,81,15,6,9
050,41,055,"Oregon","Sherman County",4,82,13,2,11
050,41,055,"Oregon","Sherman County",4,83,12,6,6
050,41,055,"Oregon","Sherman County",4,84,10,6,4
050,41,055,"Oregon","Sherman County",4,85,76,31,45
050,41,055,"Oregon","Sherman County",5,0,22,15,7
050,41,055,"Oregon","Sherman County",5,1,28,19,9
050,41,055,"Oregon","Sherman County",5,2,26,14,12
050,41,055,"Oregon","Sherman County",5,3,31,13,18
050,41,055,"Oregon","Sherman County",5,4,19,11,8
050,41,055,"Oregon","Sherman County",5,5,23,12,11
050,41,055,"Oregon","Sherman County",5,6,28,12,16
050,41,055,"Oregon","Sherman County",5,7,24,13,11
050,41,055,"Oregon","Sherman County",5,8,22,13,9
050,41,055,"Oregon","Sherman County",5,9,26,13,13
050,41,055,"Oregon","Sherman County",5,10,21,11,10
050,41,055,"Oregon","Sherman County",5,11,21,15,6
050,41,055,"Oregon","Sherman County",5,12,24,13,11
050,41,055,"Oregon","Sherman County",5,13,19,11,8
050,41,055,"Oregon","Sherman County",5,14,21,11,10
050,41,055,"Oregon","Sherman County",5,15,21,10,11
050,41,055,"Oregon","Sherman County",5,16,22,12,10
050,41,055,"Oregon","Sherman County",5,17,20,9,11
050,41,055,"Oregon","Sherman County",5,18,16,10,6
050,41,055,"Oregon","Sherman County",5,19,13,7,6
050,41,055,"Oregon","Sherman County",5,20,14,6,8
050,41,055,"Oregon","Sherman County",5,21,15,8,7
050,41,055,"Oregon","Sherman County",5,22,10,6,4
050,41,055,"Oregon","Sherman County",5,23,12,5,7
050,41,055,"Oregon","Sherman County",5,24,20,11,9
050,41,055,"Oregon","Sherman County",5,25,18,8,10
050,41,055,"Oregon","Sherman County",5,26,21,9,12
050,41,055,"Oregon","Sherman County",5,27,7,2,5
050,41,055,"Oregon","Sherman County",5,28,18,11,7
050,41,055,"Oregon","Sherman County",5,29,23,11,12
050,41,055,"Oregon","Sherman County",5,30,14,9,5
050,41,055,"Oregon","Sherman County",5,31,27,12,15
050,41,055,"Oregon","Sherman County",5,32,25,12,13
050,41,055,"Oregon","Sherman County",5,33,29,15,14
050,41,055,"Oregon","Sherman County",5,34,25,13,12
050,41,055,"Oregon","Sherman County",5,35,23,12,11
050,41,055,"Oregon","Sherman County",5,36,28,14,14
050,41,055,"Oregon","Sherman County",5,37,23,11,12
050,41,055,"Oregon","Sherman County",5,38,20,8,12
050,41,055,"Oregon","Sherman County",5,39,24,12,12
050,41,055,"Oregon","Sherman County",5,40,21,8,13
050,41,055,"Oregon","Sherman County",5,41,22,9,13
050,41,055,"Oregon","Sherman County",5,42,28,12,16
050,41,055,"Oregon","Sherman County",5,43,19,9,10
050,41,055,"Oregon","Sherman County",5,44,23,12,11
050,41,055,"Oregon","Sherman County",5,45,22,12,10
050,41,055,"Oregon","Sherman County",5,46,26,17,9
050,41,055,"Oregon","Sherman County",5,47,17,11,6
050,41,055,"Oregon","Sherman County",5,48,25,17,8
050,41,055,"Oregon","Sherman County",5,49,17,12,5
050,41,055,"Oregon","Sherman County",5,50,23,14,9
050,41,055,"Oregon","Sherman County",5,51,22,11,11
050,41,055,"Oregon","Sherman County",5,52,22,11,11
050,41,055,"Oregon","Sherman County",5,53,21,10,11
050,41,055,"Oregon","Sherman County",5,54,15,6,9
050,41,055,"Oregon","Sherman County",5,55,16,7,9
050,41,055,"Oregon","Sherman County",5,56,21,12,9
050,41,055,"Oregon","Sherman County",5,57,21,11,10
050,41,055,"Oregon","Sherman County",5,58,26,12,14
050,41,055,"Oregon","Sherman County",5,59,34,14,20
050,41,055,"Oregon","Sherman County",5,60,29,15,14
050,41,055,"Oregon","Sherman County",5,61,23,14,9
050,41,055,"Oregon","Sherman County",5,62,43,21,22
050,41,055,"Oregon","Sherman County",5,63,28,12,16
050,41,055,"Oregon","Sherman County",5,64,34,15,19
050,41,055,"Oregon","Sherman County",5,65,29,18,11
050,41,055,"Oregon","Sherman County",5,66,33,19,14
050,41,055,"Oregon","Sherman County",5,67,35,21,14
050,41,055,"Oregon","Sherman County",5,68,24,11,13
050,41,055,"Oregon","Sherman County",5,69,28,12,16
050,41,055,"Oregon","Sherman County",5,70,30,16,14
050,41,055,"Oregon","Sherman County",5,71,30,14,16
050,41,055,"Oregon","Sherman County",5,72,27,17,10
050,41,055,"Oregon","Sherman County",5,73,24,16,8
050,41,055,"Oregon","Sherman County",5,74,19,12,7
050,41,055,"Oregon","Sherman County",5,75,19,11,8
050,41,055,"Oregon","Sherman County",5,76,26,11,15
050,41,055,"Oregon","Sherman County",5,77,27,14,13
050,41,055,"Oregon","Sherman County",5,78,15,6,9
050,41,055,"Oregon","Sherman County",5,79,9,5,4
050,41,055,"Oregon","Sherman County",5,80,12,7,5
050,41,055,"Oregon","Sherman County",5,81,14,9,5
050,41,055,"Oregon","Sherman County",5,82,13,4,9
050,41,055,"Oregon","Sherman County",5,83,12,2,10
050,41,055,"Oregon","Sherman County",5,84,12,6,6
050,41,055,"Oregon","Sherman County",5,85,72,31,41
050,41,057,"Oregon","Tillamook County",1,0,246,126,120
050,41,057,"Oregon","Tillamook County",1,1,225,112,113
050,41,057,"Oregon","Tillamook County",1,2,245,120,125
050,41,057,"Oregon","Tillamook County",1,3,265,144,121
050,41,057,"Oregon","Tillamook County",1,4,263,142,121
050,41,057,"Oregon","Tillamook County",1,5,277,156,121
050,41,057,"Oregon","Tillamook County",1,6,271,157,114
050,41,057,"Oregon","Tillamook County",1,7,275,142,133
050,41,057,"Oregon","Tillamook County",1,8,284,147,137
050,41,057,"Oregon","Tillamook County",1,9,294,154,140
050,41,057,"Oregon","Tillamook County",1,10,330,175,155
050,41,057,"Oregon","Tillamook County",1,11,337,179,158
050,41,057,"Oregon","Tillamook County",1,12,319,170,149
050,41,057,"Oregon","Tillamook County",1,13,320,165,155
050,41,057,"Oregon","Tillamook County",1,14,315,161,154
050,41,057,"Oregon","Tillamook County",1,15,309,168,141
050,41,057,"Oregon","Tillamook County",1,16,297,147,150
050,41,057,"Oregon","Tillamook County",1,17,304,166,138
050,41,057,"Oregon","Tillamook County",1,18,262,146,116
050,41,057,"Oregon","Tillamook County",1,19,212,124,88
050,41,057,"Oregon","Tillamook County",1,20,200,115,85
050,41,057,"Oregon","Tillamook County",1,21,208,120,88
050,41,057,"Oregon","Tillamook County",1,22,215,120,95
050,41,057,"Oregon","Tillamook County",1,23,228,133,95
050,41,057,"Oregon","Tillamook County",1,24,247,137,110
050,41,057,"Oregon","Tillamook County",1,25,272,152,120
050,41,057,"Oregon","Tillamook County",1,26,260,126,134
050,41,057,"Oregon","Tillamook County",1,27,266,130,136
050,41,057,"Oregon","Tillamook County",1,28,307,165,142
050,41,057,"Oregon","Tillamook County",1,29,318,157,161
050,41,057,"Oregon","Tillamook County",1,30,300,145,155
050,41,057,"Oregon","Tillamook County",1,31,292,144,148
050,41,057,"Oregon","Tillamook County",1,32,268,134,134
050,41,057,"Oregon","Tillamook County",1,33,292,147,145
050,41,057,"Oregon","Tillamook County",1,34,342,184,158
050,41,057,"Oregon","Tillamook County",1,35,312,161,151
050,41,057,"Oregon","Tillamook County",1,36,326,168,158
050,41,057,"Oregon","Tillamook County",1,37,312,151,161
050,41,057,"Oregon","Tillamook County",1,38,315,151,164
050,41,057,"Oregon","Tillamook County",1,39,320,177,143
050,41,057,"Oregon","Tillamook County",1,40,300,158,142
050,41,057,"Oregon","Tillamook County",1,41,301,153,148
050,41,057,"Oregon","Tillamook County",1,42,288,148,140
050,41,057,"Oregon","Tillamook County",1,43,286,146,140
050,41,057,"Oregon","Tillamook County",1,44,241,126,115
050,41,057,"Oregon","Tillamook County",1,45,275,145,130
050,41,057,"Oregon","Tillamook County",1,46,268,148,120
050,41,057,"Oregon","Tillamook County",1,47,275,137,138
050,41,057,"Oregon","Tillamook County",1,48,314,148,166
050,41,057,"Oregon","Tillamook County",1,49,347,175,172
050,41,057,"Oregon","Tillamook County",1,50,333,169,164
050,41,057,"Oregon","Tillamook County",1,51,313,163,150
050,41,057,"Oregon","Tillamook County",1,52,314,157,157
050,41,057,"Oregon","Tillamook County",1,53,321,156,165
050,41,057,"Oregon","Tillamook County",1,54,316,164,152
050,41,057,"Oregon","Tillamook County",1,55,327,165,162
050,41,057,"Oregon","Tillamook County",1,56,374,182,192
050,41,057,"Oregon","Tillamook County",1,57,393,189,204
050,41,057,"Oregon","Tillamook County",1,58,406,217,189
050,41,057,"Oregon","Tillamook County",1,59,414,222,192
050,41,057,"Oregon","Tillamook County",1,60,451,218,233
050,41,057,"Oregon","Tillamook County",1,61,466,230,236
050,41,057,"Oregon","Tillamook County",1,62,504,250,254
050,41,057,"Oregon","Tillamook County",1,63,484,226,258
050,41,057,"Oregon","Tillamook County",1,64,509,223,286
050,41,057,"Oregon","Tillamook County",1,65,516,241,275
050,41,057,"Oregon","Tillamook County",1,66,520,258,262
050,41,057,"Oregon","Tillamook County",1,67,526,262,264
050,41,057,"Oregon","Tillamook County",1,68,518,267,251
050,41,057,"Oregon","Tillamook County",1,69,505,258,247
050,41,057,"Oregon","Tillamook County",1,70,486,245,241
050,41,057,"Oregon","Tillamook County",1,71,442,209,233
050,41,057,"Oregon","Tillamook County",1,72,450,230,220
050,41,057,"Oregon","Tillamook County",1,73,424,212,212
050,41,057,"Oregon","Tillamook County",1,74,297,136,161
050,41,057,"Oregon","Tillamook County",1,75,282,112,170
050,41,057,"Oregon","Tillamook County",1,76,300,124,176
050,41,057,"Oregon","Tillamook County",1,77,289,144,145
050,41,057,"Oregon","Tillamook County",1,78,225,123,102
050,41,057,"Oregon","Tillamook County",1,79,203,104,99
050,41,057,"Oregon","Tillamook County",1,80,185,91,94
050,41,057,"Oregon","Tillamook County",1,81,169,82,87
050,41,057,"Oregon","Tillamook County",1,82,146,77,69
050,41,057,"Oregon","Tillamook County",1,83,126,63,63
050,41,057,"Oregon","Tillamook County",1,84,119,62,57
050,41,057,"Oregon","Tillamook County",1,85,588,258,330
050,41,057,"Oregon","Tillamook County",2,0,247,129,118
050,41,057,"Oregon","Tillamook County",2,1,228,114,114
050,41,057,"Oregon","Tillamook County",2,2,244,122,122
050,41,057,"Oregon","Tillamook County",2,3,257,139,118
050,41,057,"Oregon","Tillamook County",2,4,266,144,122
050,41,057,"Oregon","Tillamook County",2,5,273,153,120
050,41,057,"Oregon","Tillamook County",2,6,274,157,117
050,41,057,"Oregon","Tillamook County",2,7,277,147,130
050,41,057,"Oregon","Tillamook County",2,8,281,145,136
050,41,057,"Oregon","Tillamook County",2,9,292,151,141
050,41,057,"Oregon","Tillamook County",2,10,323,170,153
050,41,057,"Oregon","Tillamook County",2,11,330,177,153
050,41,057,"Oregon","Tillamook County",2,12,323,172,151
050,41,057,"Oregon","Tillamook County",2,13,322,168,154
050,41,057,"Oregon","Tillamook County",2,14,316,162,154
050,41,057,"Oregon","Tillamook County",2,15,310,166,144
050,41,057,"Oregon","Tillamook County",2,16,301,152,149
050,41,057,"Oregon","Tillamook County",2,17,305,164,141
050,41,057,"Oregon","Tillamook County",2,18,263,148,115
050,41,057,"Oregon","Tillamook County",2,19,212,123,89
050,41,057,"Oregon","Tillamook County",2,20,207,118,89
050,41,057,"Oregon","Tillamook County",2,21,208,119,89
050,41,057,"Oregon","Tillamook County",2,22,214,120,94
050,41,057,"Oregon","Tillamook County",2,23,224,129,95
050,41,057,"Oregon","Tillamook County",2,24,243,137,106
050,41,057,"Oregon","Tillamook County",2,25,266,148,118
050,41,057,"Oregon","Tillamook County",2,26,263,130,133
050,41,057,"Oregon","Tillamook County",2,27,268,131,137
050,41,057,"Oregon","Tillamook County",2,28,302,158,144
050,41,057,"Oregon","Tillamook County",2,29,320,159,161
050,41,057,"Oregon","Tillamook County",2,30,311,150,161
050,41,057,"Oregon","Tillamook County",2,31,295,147,148
050,41,057,"Oregon","Tillamook County",2,32,273,134,139
050,41,057,"Oregon","Tillamook County",2,33,293,149,144
050,41,057,"Oregon","Tillamook County",2,34,331,176,155
050,41,057,"Oregon","Tillamook County",2,35,323,167,156
050,41,057,"Oregon","Tillamook County",2,36,323,168,155
050,41,057,"Oregon","Tillamook County",2,37,316,156,160
050,41,057,"Oregon","Tillamook County",2,38,319,153,166
050,41,057,"Oregon","Tillamook County",2,39,321,172,149
050,41,057,"Oregon","Tillamook County",2,40,310,164,146
050,41,057,"Oregon","Tillamook County",2,41,300,153,147
050,41,057,"Oregon","Tillamook County",2,42,292,150,142
050,41,057,"Oregon","Tillamook County",2,43,288,147,141
050,41,057,"Oregon","Tillamook County",2,44,249,130,119
050,41,057,"Oregon","Tillamook County",2,45,269,142,127
050,41,057,"Oregon","Tillamook County",2,46,269,148,121
050,41,057,"Oregon","Tillamook County",2,47,275,139,136
050,41,057,"Oregon","Tillamook County",2,48,307,147,160
050,41,057,"Oregon","Tillamook County",2,49,344,170,174
050,41,057,"Oregon","Tillamook County",2,50,340,173,167
050,41,057,"Oregon","Tillamook County",2,51,318,165,153
050,41,057,"Oregon","Tillamook County",2,52,315,158,157
050,41,057,"Oregon","Tillamook County",2,53,319,156,163
050,41,057,"Oregon","Tillamook County",2,54,318,164,154
050,41,057,"Oregon","Tillamook County",2,55,325,166,159
050,41,057,"Oregon","Tillamook County",2,56,370,180,190
050,41,057,"Oregon","Tillamook County",2,57,395,190,205
050,41,057,"Oregon","Tillamook County",2,58,408,212,196
050,41,057,"Oregon","Tillamook County",2,59,417,221,196
050,41,057,"Oregon","Tillamook County",2,60,442,221,221
050,41,057,"Oregon","Tillamook County",2,61,466,229,237
050,41,057,"Oregon","Tillamook County",2,62,498,246,252
050,41,057,"Oregon","Tillamook County",2,63,495,234,261
050,41,057,"Oregon","Tillamook County",2,64,503,224,279
050,41,057,"Oregon","Tillamook County",2,65,513,235,278
050,41,057,"Oregon","Tillamook County",2,66,523,255,268
050,41,057,"Oregon","Tillamook County",2,67,523,261,262
050,41,057,"Oregon","Tillamook County",2,68,516,261,255
050,41,057,"Oregon","Tillamook County",2,69,512,263,249
050,41,057,"Oregon","Tillamook County",2,70,492,250,242
050,41,057,"Oregon","Tillamook County",2,71,453,216,237
050,41,057,"Oregon","Tillamook County",2,72,438,219,219
050,41,057,"Oregon","Tillamook County",2,73,452,226,226
050,41,057,"Oregon","Tillamook County",2,74,305,142,163
050,41,057,"Oregon","Tillamook County",2,75,282,117,165
050,41,057,"Oregon","Tillamook County",2,76,288,118,170
050,41,057,"Oregon","Tillamook County",2,77,292,139,153
050,41,057,"Oregon","Tillamook County",2,78,229,121,108
050,41,057,"Oregon","Tillamook County",2,79,206,107,99
050,41,057,"Oregon","Tillamook County",2,80,188,92,96
050,41,057,"Oregon","Tillamook County",2,81,164,81,83
050,41,057,"Oregon","Tillamook County",2,82,150,76,74
050,41,057,"Oregon","Tillamook County",2,83,127,65,62
050,41,057,"Oregon","Tillamook County",2,84,115,59,56
050,41,057,"Oregon","Tillamook County",2,85,597,260,337
050,41,057,"Oregon","Tillamook County",3,0,250,140,110
050,41,057,"Oregon","Tillamook County",3,1,239,123,116
050,41,057,"Oregon","Tillamook County",3,2,238,122,116
050,41,057,"Oregon","Tillamook County",3,3,249,132,117
050,41,057,"Oregon","Tillamook County",3,4,256,135,121
050,41,057,"Oregon","Tillamook County",3,5,269,145,124
050,41,057,"Oregon","Tillamook County",3,6,264,147,117
050,41,057,"Oregon","Tillamook County",3,7,273,157,116
050,41,057,"Oregon","Tillamook County",3,8,292,153,139
050,41,057,"Oregon","Tillamook County",3,9,283,150,133
050,41,057,"Oregon","Tillamook County",3,10,296,154,142
050,41,057,"Oregon","Tillamook County",3,11,308,162,146
050,41,057,"Oregon","Tillamook County",3,12,320,168,152
050,41,057,"Oregon","Tillamook County",3,13,317,172,145
050,41,057,"Oregon","Tillamook County",3,14,314,160,154
050,41,057,"Oregon","Tillamook County",3,15,311,160,151
050,41,057,"Oregon","Tillamook County",3,16,309,161,148
050,41,057,"Oregon","Tillamook County",3,17,306,156,150
050,41,057,"Oregon","Tillamook County",3,18,277,154,123
050,41,057,"Oregon","Tillamook County",3,19,224,129,95
050,41,057,"Oregon","Tillamook County",3,20,218,123,95
050,41,057,"Oregon","Tillamook County",3,21,215,115,100
050,41,057,"Oregon","Tillamook County",3,22,212,114,98
050,41,057,"Oregon","Tillamook County",3,23,242,141,101
050,41,057,"Oregon","Tillamook County",3,24,231,139,92
050,41,057,"Oregon","Tillamook County",3,25,245,141,104
050,41,057,"Oregon","Tillamook County",3,26,273,148,125
050,41,057,"Oregon","Tillamook County",3,27,281,144,137
050,41,057,"Oregon","Tillamook County",3,28,297,157,140
050,41,057,"Oregon","Tillamook County",3,29,314,157,157
050,41,057,"Oregon","Tillamook County",3,30,327,168,159
050,41,057,"Oregon","Tillamook County",3,31,324,159,165
050,41,057,"Oregon","Tillamook County",3,32,296,133,163
050,41,057,"Oregon","Tillamook County",3,33,308,149,159
050,41,057,"Oregon","Tillamook County",3,34,306,161,145
050,41,057,"Oregon","Tillamook County",3,35,322,162,160
050,41,057,"Oregon","Tillamook County",3,36,323,163,160
050,41,057,"Oregon","Tillamook County",3,37,326,174,152
050,41,057,"Oregon","Tillamook County",3,38,316,164,152
050,41,057,"Oregon","Tillamook County",3,39,333,158,175
050,41,057,"Oregon","Tillamook County",3,40,322,171,151
050,41,057,"Oregon","Tillamook County",3,41,308,159,149
050,41,057,"Oregon","Tillamook County",3,42,313,167,146
050,41,057,"Oregon","Tillamook County",3,43,289,146,143
050,41,057,"Oregon","Tillamook County",3,44,304,163,141
050,41,057,"Oregon","Tillamook County",3,45,253,130,123
050,41,057,"Oregon","Tillamook County",3,46,281,156,125
050,41,057,"Oregon","Tillamook County",3,47,267,148,119
050,41,057,"Oregon","Tillamook County",3,48,286,148,138
050,41,057,"Oregon","Tillamook County",3,49,314,152,162
050,41,057,"Oregon","Tillamook County",3,50,339,164,175
050,41,057,"Oregon","Tillamook County",3,51,365,179,186
050,41,057,"Oregon","Tillamook County",3,52,315,157,158
050,41,057,"Oregon","Tillamook County",3,53,309,150,159
050,41,057,"Oregon","Tillamook County",3,54,325,161,164
050,41,057,"Oregon","Tillamook County",3,55,352,177,175
050,41,057,"Oregon","Tillamook County",3,56,337,169,168
050,41,057,"Oregon","Tillamook County",3,57,389,189,200
050,41,057,"Oregon","Tillamook County",3,58,385,190,195
050,41,057,"Oregon","Tillamook County",3,59,404,218,186
050,41,057,"Oregon","Tillamook County",3,60,432,223,209
050,41,057,"Oregon","Tillamook County",3,61,457,225,232
050,41,057,"Oregon","Tillamook County",3,62,478,230,248
050,41,057,"Oregon","Tillamook County",3,63,502,244,258
050,41,057,"Oregon","Tillamook County",3,64,520,249,271
050,41,057,"Oregon","Tillamook County",3,65,506,228,278
050,41,057,"Oregon","Tillamook County",3,66,528,237,291
050,41,057,"Oregon","Tillamook County",3,67,527,256,271
050,41,057,"Oregon","Tillamook County",3,68,521,245,276
050,41,057,"Oregon","Tillamook County",3,69,523,264,259
050,41,057,"Oregon","Tillamook County",3,70,494,255,239
050,41,057,"Oregon","Tillamook County",3,71,489,251,238
050,41,057,"Oregon","Tillamook County",3,72,455,218,237
050,41,057,"Oregon","Tillamook County",3,73,430,222,208
050,41,057,"Oregon","Tillamook County",3,74,439,215,224
050,41,057,"Oregon","Tillamook County",3,75,297,139,158
050,41,057,"Oregon","Tillamook County",3,76,285,118,167
050,41,057,"Oregon","Tillamook County",3,77,269,114,155
050,41,057,"Oregon","Tillamook County",3,78,284,131,153
050,41,057,"Oregon","Tillamook County",3,79,225,116,109
050,41,057,"Oregon","Tillamook County",3,80,182,94,88
050,41,057,"Oregon","Tillamook County",3,81,176,82,94
050,41,057,"Oregon","Tillamook County",3,82,161,75,86
050,41,057,"Oregon","Tillamook County",3,83,137,67,70
050,41,057,"Oregon","Tillamook County",3,84,122,64,58
050,41,057,"Oregon","Tillamook County",3,85,608,270,338
050,41,057,"Oregon","Tillamook County",4,0,216,105,111
050,41,057,"Oregon","Tillamook County",4,1,229,127,102
050,41,057,"Oregon","Tillamook County",4,2,234,122,112
050,41,057,"Oregon","Tillamook County",4,3,240,127,113
050,41,057,"Oregon","Tillamook County",4,4,248,121,127
050,41,057,"Oregon","Tillamook County",4,5,265,138,127
050,41,057,"Oregon","Tillamook County",4,6,280,146,134
050,41,057,"Oregon","Tillamook County",4,7,268,144,124
050,41,057,"Oregon","Tillamook County",4,8,273,153,120
050,41,057,"Oregon","Tillamook County",4,9,284,157,127
050,41,057,"Oregon","Tillamook County",4,10,290,153,137
050,41,057,"Oregon","Tillamook County",4,11,304,153,151
050,41,057,"Oregon","Tillamook County",4,12,309,158,151
050,41,057,"Oregon","Tillamook County",4,13,327,165,162
050,41,057,"Oregon","Tillamook County",4,14,319,171,148
050,41,057,"Oregon","Tillamook County",4,15,305,158,147
050,41,057,"Oregon","Tillamook County",4,16,315,163,152
050,41,057,"Oregon","Tillamook County",4,17,317,169,148
050,41,057,"Oregon","Tillamook County",4,18,280,154,126
050,41,057,"Oregon","Tillamook County",4,19,217,120,97
050,41,057,"Oregon","Tillamook County",4,20,206,113,93
050,41,057,"Oregon","Tillamook County",4,21,202,109,93
050,41,057,"Oregon","Tillamook County",4,22,213,113,100
050,41,057,"Oregon","Tillamook County",4,23,225,120,105
050,41,057,"Oregon","Tillamook County",4,24,232,134,98
050,41,057,"Oregon","Tillamook County",4,25,228,133,95
050,41,057,"Oregon","Tillamook County",4,26,246,132,114
050,41,057,"Oregon","Tillamook County",4,27,271,145,126
050,41,057,"Oregon","Tillamook County",4,28,267,135,132
050,41,057,"Oregon","Tillamook County",4,29,291,152,139
050,41,057,"Oregon","Tillamook County",4,30,311,156,155
050,41,057,"Oregon","Tillamook County",4,31,339,170,169
050,41,057,"Oregon","Tillamook County",4,32,313,152,161
050,41,057,"Oregon","Tillamook County",4,33,301,140,161
050,41,057,"Oregon","Tillamook County",4,34,324,155,169
050,41,057,"Oregon","Tillamook County",4,35,292,150,142
050,41,057,"Oregon","Tillamook County",4,36,330,164,166
050,41,057,"Oregon","Tillamook County",4,37,327,163,164
050,41,057,"Oregon","Tillamook County",4,38,337,179,158
050,41,057,"Oregon","Tillamook County",4,39,323,172,151
050,41,057,"Oregon","Tillamook County",4,40,333,159,174
050,41,057,"Oregon","Tillamook County",4,41,320,167,153
050,41,057,"Oregon","Tillamook County",4,42,325,175,150
050,41,057,"Oregon","Tillamook County",4,43,288,153,135
050,41,057,"Oregon","Tillamook County",4,44,305,163,142
050,41,057,"Oregon","Tillamook County",4,45,303,155,148
050,41,057,"Oregon","Tillamook County",4,46,267,150,117
050,41,057,"Oregon","Tillamook County",4,47,282,149,133
050,41,057,"Oregon","Tillamook County",4,48,260,141,119
050,41,057,"Oregon","Tillamook County",4,49,280,142,138
050,41,057,"Oregon","Tillamook County",4,50,302,150,152
050,41,057,"Oregon","Tillamook County",4,51,346,169,177
050,41,057,"Oregon","Tillamook County",4,52,374,178,196
050,41,057,"Oregon","Tillamook County",4,53,294,144,150
050,41,057,"Oregon","Tillamook County",4,54,311,158,153
050,41,057,"Oregon","Tillamook County",4,55,328,163,165
050,41,057,"Oregon","Tillamook County",4,56,357,180,177
050,41,057,"Oregon","Tillamook County",4,57,341,169,172
050,41,057,"Oregon","Tillamook County",4,58,378,175,203
050,41,057,"Oregon","Tillamook County",4,59,402,196,206
050,41,057,"Oregon","Tillamook County",4,60,416,225,191
050,41,057,"Oregon","Tillamook County",4,61,426,217,209
050,41,057,"Oregon","Tillamook County",4,62,459,223,236
050,41,057,"Oregon","Tillamook County",4,63,473,235,238
050,41,057,"Oregon","Tillamook County",4,64,496,243,253
050,41,057,"Oregon","Tillamook County",4,65,509,238,271
050,41,057,"Oregon","Tillamook County",4,66,519,237,282
050,41,057,"Oregon","Tillamook County",4,67,514,234,280
050,41,057,"Oregon","Tillamook County",4,68,503,243,260
050,41,057,"Oregon","Tillamook County",4,69,510,243,267
050,41,057,"Oregon","Tillamook County",4,70,501,252,249
050,41,057,"Oregon","Tillamook County",4,71,487,248,239
050,41,057,"Oregon","Tillamook County",4,72,472,239,233
050,41,057,"Oregon","Tillamook County",4,73,447,214,233
050,41,057,"Oregon","Tillamook County",4,74,409,208,201
050,41,057,"Oregon","Tillamook County",4,75,428,209,219
050,41,057,"Oregon","Tillamook County",4,76,289,134,155
050,41,057,"Oregon","Tillamook County",4,77,266,109,157
050,41,057,"Oregon","Tillamook County",4,78,252,108,144
050,41,057,"Oregon","Tillamook County",4,79,269,127,142
050,41,057,"Oregon","Tillamook County",4,80,202,99,103
050,41,057,"Oregon","Tillamook County",4,81,164,89,75
050,41,057,"Oregon","Tillamook County",4,82,163,80,83
050,41,057,"Oregon","Tillamook County",4,83,144,68,76
050,41,057,"Oregon","Tillamook County",4,84,133,64,69
050,41,057,"Oregon","Tillamook County",4,85,576,262,314
050,41,057,"Oregon","Tillamook County",5,0,210,101,109
050,41,057,"Oregon","Tillamook County",5,1,224,113,111
050,41,057,"Oregon","Tillamook County",5,2,229,130,99
050,41,057,"Oregon","Tillamook County",5,3,229,123,106
050,41,057,"Oregon","Tillamook County",5,4,240,124,116
050,41,057,"Oregon","Tillamook County",5,5,241,122,119
050,41,057,"Oregon","Tillamook County",5,6,250,132,118
050,41,057,"Oregon","Tillamook County",5,7,279,144,135
050,41,057,"Oregon","Tillamook County",5,8,263,146,117
050,41,057,"Oregon","Tillamook County",5,9,273,152,121
050,41,057,"Oregon","Tillamook County",5,10,281,158,123
050,41,057,"Oregon","Tillamook County",5,11,293,158,135
050,41,057,"Oregon","Tillamook County",5,12,296,153,143
050,41,057,"Oregon","Tillamook County",5,13,314,159,155
050,41,057,"Oregon","Tillamook County",5,14,334,166,168
050,41,057,"Oregon","Tillamook County",5,15,318,171,147
050,41,057,"Oregon","Tillamook County",5,16,320,164,156
050,41,057,"Oregon","Tillamook County",5,17,324,175,149
050,41,057,"Oregon","Tillamook County",5,18,277,153,124
050,41,057,"Oregon","Tillamook County",5,19,234,128,106
050,41,057,"Oregon","Tillamook County",5,20,220,117,103
050,41,057,"Oregon","Tillamook County",5,21,212,114,98
050,41,057,"Oregon","Tillamook County",5,22,208,112,96
050,41,057,"Oregon","Tillamook County",5,23,224,126,98
050,41,057,"Oregon","Tillamook County",5,24,236,118,118
050,41,057,"Oregon","Tillamook County",5,25,240,136,104
050,41,057,"Oregon","Tillamook County",5,26,229,137,92
050,41,057,"Oregon","Tillamook County",5,27,254,135,119
050,41,057,"Oregon","Tillamook County",5,28,278,153,125
050,41,057,"Oregon","Tillamook County",5,29,260,132,128
050,41,057,"Oregon","Tillamook County",5,30,289,149,140
050,41,057,"Oregon","Tillamook County",5,31,314,156,158
050,41,057,"Oregon","Tillamook County",5,32,322,156,166
050,41,057,"Oregon","Tillamook County",5,33,319,164,155
050,41,057,"Oregon","Tillamook County",5,34,300,137,163
050,41,057,"Oregon","Tillamook County",5,35,303,151,152
050,41,057,"Oregon","Tillamook County",5,36,289,144,145
050,41,057,"Oregon","Tillamook County",5,37,328,150,178
050,41,057,"Oregon","Tillamook County",5,38,328,164,164
050,41,057,"Oregon","Tillamook County",5,39,346,184,162
050,41,057,"Oregon","Tillamook County",5,40,301,147,154
050,41,057,"Oregon","Tillamook County",5,41,349,174,175
050,41,057,"Oregon","Tillamook County",5,42,333,179,154
050,41,057,"Oregon","Tillamook County",5,43,318,168,150
050,41,057,"Oregon","Tillamook County",5,44,296,159,137
050,41,057,"Oregon","Tillamook County",5,45,320,167,153
050,41,057,"Oregon","Tillamook County",5,46,322,168,154
050,41,057,"Oregon","Tillamook County",5,47,274,149,125
050,41,057,"Oregon","Tillamook County",5,48,288,150,138
050,41,057,"Oregon","Tillamook County",5,49,278,153,125
050,41,057,"Oregon","Tillamook County",5,50,285,143,142
050,41,057,"Oregon","Tillamook County",5,51,292,145,147
050,41,057,"Oregon","Tillamook County",5,52,340,162,178
050,41,057,"Oregon","Tillamook County",5,53,385,183,202
050,41,057,"Oregon","Tillamook County",5,54,318,164,154
050,41,057,"Oregon","Tillamook County",5,55,302,156,146
050,41,057,"Oregon","Tillamook County",5,56,332,174,158
050,41,057,"Oregon","Tillamook County",5,57,356,176,180
050,41,057,"Oregon","Tillamook County",5,58,346,171,175
050,41,057,"Oregon","Tillamook County",5,59,372,169,203
050,41,057,"Oregon","Tillamook County",5,60,408,196,212
050,41,057,"Oregon","Tillamook County",5,61,423,222,201
050,41,057,"Oregon","Tillamook County",5,62,431,222,209
050,41,057,"Oregon","Tillamook County",5,63,440,220,220
050,41,057,"Oregon","Tillamook County",5,64,481,240,241
050,41,057,"Oregon","Tillamook County",5,65,500,244,256
050,41,057,"Oregon","Tillamook County",5,66,503,234,269
050,41,057,"Oregon","Tillamook County",5,67,507,230,277
050,41,057,"Oregon","Tillamook County",5,68,503,222,281
050,41,057,"Oregon","Tillamook County",5,69,499,248,251
050,41,057,"Oregon","Tillamook County",5,70,502,241,261
050,41,057,"Oregon","Tillamook County",5,71,486,241,245
050,41,057,"Oregon","Tillamook County",5,72,483,245,238
050,41,057,"Oregon","Tillamook County",5,73,456,231,225
050,41,057,"Oregon","Tillamook County",5,74,415,197,218
050,41,057,"Oregon","Tillamook County",5,75,385,191,194
050,41,057,"Oregon","Tillamook County",5,76,423,208,215
050,41,057,"Oregon","Tillamook County",5,77,274,123,151
050,41,057,"Oregon","Tillamook County",5,78,252,103,149
050,41,057,"Oregon","Tillamook County",5,79,236,103,133
050,41,057,"Oregon","Tillamook County",5,80,249,117,132
050,41,057,"Oregon","Tillamook County",5,81,190,88,102
050,41,057,"Oregon","Tillamook County",5,82,153,83,70
050,41,057,"Oregon","Tillamook County",5,83,152,74,78
050,41,057,"Oregon","Tillamook County",5,84,139,63,76
050,41,057,"Oregon","Tillamook County",5,85,592,269,323
050,41,059,"Oregon","Umatilla County",1,0,964,491,473
050,41,059,"Oregon","Umatilla County",1,1,986,511,475
050,41,059,"Oregon","Umatilla County",1,2,982,505,477
050,41,059,"Oregon","Umatilla County",1,3,1001,503,498
050,41,059,"Oregon","Umatilla County",1,4,1072,548,524
050,41,059,"Oregon","Umatilla County",1,5,1115,539,576
050,41,059,"Oregon","Umatilla County",1,6,1153,595,558
050,41,059,"Oregon","Umatilla County",1,7,1141,584,557
050,41,059,"Oregon","Umatilla County",1,8,1119,571,548
050,41,059,"Oregon","Umatilla County",1,9,1129,589,540
050,41,059,"Oregon","Umatilla County",1,10,1158,611,547
050,41,059,"Oregon","Umatilla County",1,11,1207,642,565
050,41,059,"Oregon","Umatilla County",1,12,1265,652,613
050,41,059,"Oregon","Umatilla County",1,13,1225,640,585
050,41,059,"Oregon","Umatilla County",1,14,1209,627,582
050,41,059,"Oregon","Umatilla County",1,15,1176,599,577
050,41,059,"Oregon","Umatilla County",1,16,1204,598,606
050,41,059,"Oregon","Umatilla County",1,17,1148,555,593
050,41,059,"Oregon","Umatilla County",1,18,1018,531,487
050,41,059,"Oregon","Umatilla County",1,19,928,521,407
050,41,059,"Oregon","Umatilla County",1,20,953,545,408
050,41,059,"Oregon","Umatilla County",1,21,976,558,418
050,41,059,"Oregon","Umatilla County",1,22,1048,588,460
050,41,059,"Oregon","Umatilla County",1,23,1031,568,463
050,41,059,"Oregon","Umatilla County",1,24,1064,612,452
050,41,059,"Oregon","Umatilla County",1,25,1085,627,458
050,41,059,"Oregon","Umatilla County",1,26,1109,633,476
050,41,059,"Oregon","Umatilla County",1,27,1153,660,493
050,41,059,"Oregon","Umatilla County",1,28,1189,665,524
050,41,059,"Oregon","Umatilla County",1,29,1205,681,524
050,41,059,"Oregon","Umatilla County",1,30,1228,680,548
050,41,059,"Oregon","Umatilla County",1,31,1159,646,513
050,41,059,"Oregon","Umatilla County",1,32,1059,601,458
050,41,059,"Oregon","Umatilla County",1,33,1048,569,479
050,41,059,"Oregon","Umatilla County",1,34,1035,565,470
050,41,059,"Oregon","Umatilla County",1,35,1072,582,490
050,41,059,"Oregon","Umatilla County",1,36,1076,591,485
050,41,059,"Oregon","Umatilla County",1,37,1046,582,464
050,41,059,"Oregon","Umatilla County",1,38,1050,589,461
050,41,059,"Oregon","Umatilla County",1,39,995,550,445
050,41,059,"Oregon","Umatilla County",1,40,1032,563,469
050,41,059,"Oregon","Umatilla County",1,41,1032,567,465
050,41,059,"Oregon","Umatilla County",1,42,984,533,451
050,41,059,"Oregon","Umatilla County",1,43,962,519,443
050,41,059,"Oregon","Umatilla County",1,44,972,533,439
050,41,059,"Oregon","Umatilla County",1,45,970,529,441
050,41,059,"Oregon","Umatilla County",1,46,923,496,427
050,41,059,"Oregon","Umatilla County",1,47,906,480,426
050,41,059,"Oregon","Umatilla County",1,48,932,498,434
050,41,059,"Oregon","Umatilla County",1,49,994,525,469
050,41,059,"Oregon","Umatilla County",1,50,987,527,460
050,41,059,"Oregon","Umatilla County",1,51,916,481,435
050,41,059,"Oregon","Umatilla County",1,52,894,483,411
050,41,059,"Oregon","Umatilla County",1,53,865,458,407
050,41,059,"Oregon","Umatilla County",1,54,908,489,419
050,41,059,"Oregon","Umatilla County",1,55,969,519,450
050,41,059,"Oregon","Umatilla County",1,56,947,497,450
050,41,059,"Oregon","Umatilla County",1,57,958,509,449
050,41,059,"Oregon","Umatilla County",1,58,962,516,446
050,41,059,"Oregon","Umatilla County",1,59,937,490,447
050,41,059,"Oregon","Umatilla County",1,60,935,478,457
050,41,059,"Oregon","Umatilla County",1,61,882,432,450
050,41,059,"Oregon","Umatilla County",1,62,940,474,466
050,41,059,"Oregon","Umatilla County",1,63,933,487,446
050,41,059,"Oregon","Umatilla County",1,64,882,450,432
050,41,059,"Oregon","Umatilla County",1,65,917,459,458
050,41,059,"Oregon","Umatilla County",1,66,884,437,447
050,41,059,"Oregon","Umatilla County",1,67,850,428,422
050,41,059,"Oregon","Umatilla County",1,68,826,428,398
050,41,059,"Oregon","Umatilla County",1,69,792,410,382
050,41,059,"Oregon","Umatilla County",1,70,704,345,359
050,41,059,"Oregon","Umatilla County",1,71,688,337,351
050,41,059,"Oregon","Umatilla County",1,72,697,335,362
050,41,059,"Oregon","Umatilla County",1,73,689,355,334
050,41,059,"Oregon","Umatilla County",1,74,532,252,280
050,41,059,"Oregon","Umatilla County",1,75,525,249,276
050,41,059,"Oregon","Umatilla County",1,76,481,221,260
050,41,059,"Oregon","Umatilla County",1,77,458,219,239
050,41,059,"Oregon","Umatilla County",1,78,398,189,209
050,41,059,"Oregon","Umatilla County",1,79,393,190,203
050,41,059,"Oregon","Umatilla County",1,80,340,182,158
050,41,059,"Oregon","Umatilla County",1,81,308,148,160
050,41,059,"Oregon","Umatilla County",1,82,285,123,162
050,41,059,"Oregon","Umatilla County",1,83,255,116,139
050,41,059,"Oregon","Umatilla County",1,84,259,117,142
050,41,059,"Oregon","Umatilla County",1,85,1399,539,860
050,41,059,"Oregon","Umatilla County",2,0,968,495,473
050,41,059,"Oregon","Umatilla County",2,1,984,507,477
050,41,059,"Oregon","Umatilla County",2,2,979,502,477
050,41,059,"Oregon","Umatilla County",2,3,997,503,494
050,41,059,"Oregon","Umatilla County",2,4,1057,537,520
050,41,059,"Oregon","Umatilla County",2,5,1104,542,562
050,41,059,"Oregon","Umatilla County",2,6,1146,582,564
050,41,059,"Oregon","Umatilla County",2,7,1141,587,554
050,41,059,"Oregon","Umatilla County",2,8,1119,573,546
050,41,059,"Oregon","Umatilla County",2,9,1124,581,543
050,41,059,"Oregon","Umatilla County",2,10,1150,606,544
050,41,059,"Oregon","Umatilla County",2,11,1193,634,559
050,41,059,"Oregon","Umatilla County",2,12,1254,652,602
050,41,059,"Oregon","Umatilla County",2,13,1238,645,593
050,41,059,"Oregon","Umatilla County",2,14,1214,630,584
050,41,059,"Oregon","Umatilla County",2,15,1183,604,579
050,41,059,"Oregon","Umatilla County",2,16,1196,597,599
050,41,059,"Oregon","Umatilla County",2,17,1157,562,595
050,41,059,"Oregon","Umatilla County",2,18,1015,524,491
050,41,059,"Oregon","Umatilla County",2,19,922,515,407
050,41,059,"Oregon","Umatilla County",2,20,965,550,415
050,41,059,"Oregon","Umatilla County",2,21,982,560,422
050,41,059,"Oregon","Umatilla County",2,22,1037,586,451
050,41,059,"Oregon","Umatilla County",2,23,1046,577,469
050,41,059,"Oregon","Umatilla County",2,24,1074,611,463
050,41,059,"Oregon","Umatilla County",2,25,1080,622,458
050,41,059,"Oregon","Umatilla County",2,26,1106,636,470
050,41,059,"Oregon","Umatilla County",2,27,1144,653,491
050,41,059,"Oregon","Umatilla County",2,28,1185,662,523
050,41,059,"Oregon","Umatilla County",2,29,1195,671,524
050,41,059,"Oregon","Umatilla County",2,30,1228,683,545
050,41,059,"Oregon","Umatilla County",2,31,1169,648,521
050,41,059,"Oregon","Umatilla County",2,32,1085,615,470
050,41,059,"Oregon","Umatilla County",2,33,1055,578,477
050,41,059,"Oregon","Umatilla County",2,34,1034,563,471
050,41,059,"Oregon","Umatilla County",2,35,1066,576,490
050,41,059,"Oregon","Umatilla County",2,36,1069,589,480
050,41,059,"Oregon","Umatilla County",2,37,1047,577,470
050,41,059,"Oregon","Umatilla County",2,38,1050,587,463
050,41,059,"Oregon","Umatilla County",2,39,1009,558,451
050,41,059,"Oregon","Umatilla County",2,40,1034,566,468
050,41,059,"Oregon","Umatilla County",2,41,1025,560,465
050,41,059,"Oregon","Umatilla County",2,42,987,533,454
050,41,059,"Oregon","Umatilla County",2,43,977,527,450
050,41,059,"Oregon","Umatilla County",2,44,962,526,436
050,41,059,"Oregon","Umatilla County",2,45,977,535,442
050,41,059,"Oregon","Umatilla County",2,46,927,498,429
050,41,059,"Oregon","Umatilla County",2,47,907,482,425
050,41,059,"Oregon","Umatilla County",2,48,921,490,431
050,41,059,"Oregon","Umatilla County",2,49,984,522,462
050,41,059,"Oregon","Umatilla County",2,50,988,523,465
050,41,059,"Oregon","Umatilla County",2,51,926,486,440
050,41,059,"Oregon","Umatilla County",2,52,896,481,415
050,41,059,"Oregon","Umatilla County",2,53,867,462,405
050,41,059,"Oregon","Umatilla County",2,54,897,482,415
050,41,059,"Oregon","Umatilla County",2,55,956,510,446
050,41,059,"Oregon","Umatilla County",2,56,960,504,456
050,41,059,"Oregon","Umatilla County",2,57,956,508,448
050,41,059,"Oregon","Umatilla County",2,58,952,505,447
050,41,059,"Oregon","Umatilla County",2,59,944,497,447
050,41,059,"Oregon","Umatilla County",2,60,931,477,454
050,41,059,"Oregon","Umatilla County",2,61,889,440,449
050,41,059,"Oregon","Umatilla County",2,62,923,462,461
050,41,059,"Oregon","Umatilla County",2,63,941,486,455
050,41,059,"Oregon","Umatilla County",2,64,879,449,430
050,41,059,"Oregon","Umatilla County",2,65,908,456,452
050,41,059,"Oregon","Umatilla County",2,66,885,440,445
050,41,059,"Oregon","Umatilla County",2,67,854,428,426
050,41,059,"Oregon","Umatilla County",2,68,819,423,396
050,41,059,"Oregon","Umatilla County",2,69,804,418,386
050,41,059,"Oregon","Umatilla County",2,70,717,355,362
050,41,059,"Oregon","Umatilla County",2,71,691,338,353
050,41,059,"Oregon","Umatilla County",2,72,675,327,348
050,41,059,"Oregon","Umatilla County",2,73,714,363,351
050,41,059,"Oregon","Umatilla County",2,74,533,260,273
050,41,059,"Oregon","Umatilla County",2,75,524,249,275
050,41,059,"Oregon","Umatilla County",2,76,485,225,260
050,41,059,"Oregon","Umatilla County",2,77,475,224,251
050,41,059,"Oregon","Umatilla County",2,78,402,191,211
050,41,059,"Oregon","Umatilla County",2,79,383,184,199
050,41,059,"Oregon","Umatilla County",2,80,350,184,166
050,41,059,"Oregon","Umatilla County",2,81,310,153,157
050,41,059,"Oregon","Umatilla County",2,82,288,127,161
050,41,059,"Oregon","Umatilla County",2,83,262,118,144
050,41,059,"Oregon","Umatilla County",2,84,255,116,139
050,41,059,"Oregon","Umatilla County",2,85,1401,539,862
050,41,059,"Oregon","Umatilla County",3,0,900,434,466
050,41,059,"Oregon","Umatilla County",3,1,1003,504,499
050,41,059,"Oregon","Umatilla County",3,2,975,499,476
050,41,059,"Oregon","Umatilla County",3,3,988,502,486
050,41,059,"Oregon","Umatilla County",3,4,996,497,499
050,41,059,"Oregon","Umatilla County",3,5,1045,527,518
050,41,059,"Oregon","Umatilla County",3,6,1100,556,544
050,41,059,"Oregon","Umatilla County",3,7,1127,568,559
050,41,059,"Oregon","Umatilla County",3,8,1116,572,544
050,41,059,"Oregon","Umatilla County",3,9,1134,580,554
050,41,059,"Oregon","Umatilla County",3,10,1097,568,529
050,41,059,"Oregon","Umatilla County",3,11,1140,610,530
050,41,059,"Oregon","Umatilla County",3,12,1202,639,563
050,41,059,"Oregon","Umatilla County",3,13,1241,648,593
050,41,059,"Oregon","Umatilla County",3,14,1251,644,607
050,41,059,"Oregon","Umatilla County",3,15,1168,603,565
050,41,059,"Oregon","Umatilla County",3,16,1180,597,583
050,41,059,"Oregon","Umatilla County",3,17,1191,597,594
050,41,059,"Oregon","Umatilla County",3,18,1022,522,500
050,41,059,"Oregon","Umatilla County",3,19,919,498,421
050,41,059,"Oregon","Umatilla County",3,20,987,562,425
050,41,059,"Oregon","Umatilla County",3,21,1004,573,431
050,41,059,"Oregon","Umatilla County",3,22,1051,600,451
050,41,059,"Oregon","Umatilla County",3,23,1094,611,483
050,41,059,"Oregon","Umatilla County",3,24,1089,615,474
050,41,059,"Oregon","Umatilla County",3,25,1110,630,480
050,41,059,"Oregon","Umatilla County",3,26,1120,647,473
050,41,059,"Oregon","Umatilla County",3,27,1129,656,473
050,41,059,"Oregon","Umatilla County",3,28,1141,657,484
050,41,059,"Oregon","Umatilla County",3,29,1188,666,522
050,41,059,"Oregon","Umatilla County",3,30,1220,691,529
050,41,059,"Oregon","Umatilla County",3,31,1210,660,550
050,41,059,"Oregon","Umatilla County",3,32,1175,667,508
050,41,059,"Oregon","Umatilla County",3,33,1080,624,456
050,41,059,"Oregon","Umatilla County",3,34,1018,552,466
050,41,059,"Oregon","Umatilla County",3,35,1042,566,476
050,41,059,"Oregon","Umatilla County",3,36,1116,634,482
050,41,059,"Oregon","Umatilla County",3,37,1036,564,472
050,41,059,"Oregon","Umatilla County",3,38,1043,582,461
050,41,059,"Oregon","Umatilla County",3,39,1035,579,456
050,41,059,"Oregon","Umatilla County",3,40,1032,579,453
050,41,059,"Oregon","Umatilla County",3,41,1007,546,461
050,41,059,"Oregon","Umatilla County",3,42,1028,553,475
050,41,059,"Oregon","Umatilla County",3,43,998,542,456
050,41,059,"Oregon","Umatilla County",3,44,973,531,442
050,41,059,"Oregon","Umatilla County",3,45,981,551,430
050,41,059,"Oregon","Umatilla County",3,46,975,526,449
050,41,059,"Oregon","Umatilla County",3,47,927,500,427
050,41,059,"Oregon","Umatilla County",3,48,889,468,421
050,41,059,"Oregon","Umatilla County",3,49,918,493,425
050,41,059,"Oregon","Umatilla County",3,50,972,506,466
050,41,059,"Oregon","Umatilla County",3,51,964,498,466
050,41,059,"Oregon","Umatilla County",3,52,935,504,431
050,41,059,"Oregon","Umatilla County",3,53,908,478,430
050,41,059,"Oregon","Umatilla County",3,54,862,467,395
050,41,059,"Oregon","Umatilla County",3,55,881,473,408
050,41,059,"Oregon","Umatilla County",3,56,957,502,455
050,41,059,"Oregon","Umatilla County",3,57,923,487,436
050,41,059,"Oregon","Umatilla County",3,58,940,500,440
050,41,059,"Oregon","Umatilla County",3,59,962,515,447
050,41,059,"Oregon","Umatilla County",3,60,927,480,447
050,41,059,"Oregon","Umatilla County",3,61,911,472,439
050,41,059,"Oregon","Umatilla County",3,62,873,434,439
050,41,059,"Oregon","Umatilla County",3,63,888,442,446
050,41,059,"Oregon","Umatilla County",3,64,908,456,452
050,41,059,"Oregon","Umatilla County",3,65,868,440,428
050,41,059,"Oregon","Umatilla County",3,66,889,450,439
050,41,059,"Oregon","Umatilla County",3,67,859,420,439
050,41,059,"Oregon","Umatilla County",3,68,819,408,411
050,41,059,"Oregon","Umatilla County",3,69,814,425,389
050,41,059,"Oregon","Umatilla County",3,70,775,398,377
050,41,059,"Oregon","Umatilla County",3,71,706,351,355
050,41,059,"Oregon","Umatilla County",3,72,655,313,342
050,41,059,"Oregon","Umatilla County",3,73,660,315,345
050,41,059,"Oregon","Umatilla County",3,74,695,350,345
050,41,059,"Oregon","Umatilla County",3,75,512,252,260
050,41,059,"Oregon","Umatilla County",3,76,503,235,268
050,41,059,"Oregon","Umatilla County",3,77,459,205,254
050,41,059,"Oregon","Umatilla County",3,78,454,218,236
050,41,059,"Oregon","Umatilla County",3,79,384,186,198
050,41,059,"Oregon","Umatilla County",3,80,351,168,183
050,41,059,"Oregon","Umatilla County",3,81,306,155,151
050,41,059,"Oregon","Umatilla County",3,82,288,135,153
050,41,059,"Oregon","Umatilla County",3,83,263,117,146
050,41,059,"Oregon","Umatilla County",3,84,253,113,140
050,41,059,"Oregon","Umatilla County",3,85,1418,544,874
050,41,059,"Oregon","Umatilla County",4,0,962,483,479
050,41,059,"Oregon","Umatilla County",4,1,930,445,485
050,41,059,"Oregon","Umatilla County",4,2,1020,512,508
050,41,059,"Oregon","Umatilla County",4,3,996,506,490
050,41,059,"Oregon","Umatilla County",4,4,997,516,481
050,41,059,"Oregon","Umatilla County",4,5,1008,491,517
050,41,059,"Oregon","Umatilla County",4,6,1067,550,517
050,41,059,"Oregon","Umatilla County",4,7,1115,569,546
050,41,059,"Oregon","Umatilla County",4,8,1123,571,552
050,41,059,"Oregon","Umatilla County",4,9,1132,576,556
050,41,059,"Oregon","Umatilla County",4,10,1141,587,554
050,41,059,"Oregon","Umatilla County",4,11,1108,566,542
050,41,059,"Oregon","Umatilla County",4,12,1128,597,531
050,41,059,"Oregon","Umatilla County",4,13,1205,636,569
050,41,059,"Oregon","Umatilla County",4,14,1211,640,571
050,41,059,"Oregon","Umatilla County",4,15,1249,644,605
050,41,059,"Oregon","Umatilla County",4,16,1174,610,564
050,41,059,"Oregon","Umatilla County",4,17,1172,597,575
050,41,059,"Oregon","Umatilla County",4,18,1068,569,499
050,41,059,"Oregon","Umatilla County",4,19,915,498,417
050,41,059,"Oregon","Umatilla County",4,20,946,530,416
050,41,059,"Oregon","Umatilla County",4,21,1022,592,430
050,41,059,"Oregon","Umatilla County",4,22,1034,599,435
050,41,059,"Oregon","Umatilla County",4,23,1059,599,460
050,41,059,"Oregon","Umatilla County",4,24,1134,634,500
050,41,059,"Oregon","Umatilla County",4,25,1085,600,485
050,41,059,"Oregon","Umatilla County",4,26,1154,661,493
050,41,059,"Oregon","Umatilla County",4,27,1125,636,489
050,41,059,"Oregon","Umatilla County",4,28,1142,660,482
050,41,059,"Oregon","Umatilla County",4,29,1125,639,486
050,41,059,"Oregon","Umatilla County",4,30,1181,659,522
050,41,059,"Oregon","Umatilla County",4,31,1175,652,523
050,41,059,"Oregon","Umatilla County",4,32,1206,657,549
050,41,059,"Oregon","Umatilla County",4,33,1193,682,511
050,41,059,"Oregon","Umatilla County",4,34,1075,611,464
050,41,059,"Oregon","Umatilla County",4,35,1017,548,469
050,41,059,"Oregon","Umatilla County",4,36,1082,599,483
050,41,059,"Oregon","Umatilla County",4,37,1076,606,470
050,41,059,"Oregon","Umatilla County",4,38,1022,549,473
050,41,059,"Oregon","Umatilla County",4,39,1060,586,474
050,41,059,"Oregon","Umatilla County",4,40,1072,615,457
050,41,059,"Oregon","Umatilla County",4,41,1033,572,461
050,41,059,"Oregon","Umatilla County",4,42,1007,540,467
050,41,059,"Oregon","Umatilla County",4,43,1019,553,466
050,41,059,"Oregon","Umatilla County",4,44,999,546,453
050,41,059,"Oregon","Umatilla County",4,45,972,531,441
050,41,059,"Oregon","Umatilla County",4,46,983,541,442
050,41,059,"Oregon","Umatilla County",4,47,965,525,440
050,41,059,"Oregon","Umatilla County",4,48,919,493,426
050,41,059,"Oregon","Umatilla County",4,49,877,472,405
050,41,059,"Oregon","Umatilla County",4,50,896,471,425
050,41,059,"Oregon","Umatilla County",4,51,947,483,464
050,41,059,"Oregon","Umatilla County",4,52,957,502,455
050,41,059,"Oregon","Umatilla County",4,53,933,508,425
050,41,059,"Oregon","Umatilla County",4,54,911,483,428
050,41,059,"Oregon","Umatilla County",4,55,860,457,403
050,41,059,"Oregon","Umatilla County",4,56,869,460,409
050,41,059,"Oregon","Umatilla County",4,57,925,491,434
050,41,059,"Oregon","Umatilla County",4,58,903,471,432
050,41,059,"Oregon","Umatilla County",4,59,962,520,442
050,41,059,"Oregon","Umatilla County",4,60,944,496,448
050,41,059,"Oregon","Umatilla County",4,61,915,471,444
050,41,059,"Oregon","Umatilla County",4,62,902,464,438
050,41,059,"Oregon","Umatilla County",4,63,848,416,432
050,41,059,"Oregon","Umatilla County",4,64,868,434,434
050,41,059,"Oregon","Umatilla County",4,65,918,451,467
050,41,059,"Oregon","Umatilla County",4,66,849,432,417
050,41,059,"Oregon","Umatilla County",4,67,871,433,438
050,41,059,"Oregon","Umatilla County",4,68,821,406,415
050,41,059,"Oregon","Umatilla County",4,69,815,411,404
050,41,059,"Oregon","Umatilla County",4,70,790,409,381
050,41,059,"Oregon","Umatilla County",4,71,743,379,364
050,41,059,"Oregon","Umatilla County",4,72,685,331,354
050,41,059,"Oregon","Umatilla County",4,73,624,293,331
050,41,059,"Oregon","Umatilla County",4,74,641,302,339
050,41,059,"Oregon","Umatilla County",4,75,693,350,343
050,41,059,"Oregon","Umatilla County",4,76,487,237,250
050,41,059,"Oregon","Umatilla County",4,77,476,219,257
050,41,059,"Oregon","Umatilla County",4,78,440,196,244
050,41,059,"Oregon","Umatilla County",4,79,423,210,213
050,41,059,"Oregon","Umatilla County",4,80,358,174,184
050,41,059,"Oregon","Umatilla County",4,81,318,151,167
050,41,059,"Oregon","Umatilla County",4,82,285,133,152
050,41,059,"Oregon","Umatilla County",4,83,271,134,137
050,41,059,"Oregon","Umatilla County",4,84,250,112,138
050,41,059,"Oregon","Umatilla County",4,85,1383,548,835
050,41,059,"Oregon","Umatilla County",5,0,784,386,398
050,41,059,"Oregon","Umatilla County",5,1,984,496,488
050,41,059,"Oregon","Umatilla County",5,2,965,476,489
050,41,059,"Oregon","Umatilla County",5,3,1020,515,505
050,41,059,"Oregon","Umatilla County",5,4,999,513,486
050,41,059,"Oregon","Umatilla County",5,5,990,509,481
050,41,059,"Oregon","Umatilla County",5,6,1003,508,495
050,41,059,"Oregon","Umatilla County",5,7,1049,536,513
050,41,059,"Oregon","Umatilla County",5,8,1111,570,541
050,41,059,"Oregon","Umatilla County",5,9,1140,581,559
050,41,059,"Oregon","Umatilla County",5,10,1146,587,559
050,41,059,"Oregon","Umatilla County",5,11,1149,581,568
050,41,059,"Oregon","Umatilla County",5,12,1109,570,539
050,41,059,"Oregon","Umatilla County",5,13,1137,589,548
050,41,059,"Oregon","Umatilla County",5,14,1176,627,549
050,41,059,"Oregon","Umatilla County",5,15,1218,640,578
050,41,059,"Oregon","Umatilla County",5,16,1264,651,613
050,41,059,"Oregon","Umatilla County",5,17,1181,608,573
050,41,059,"Oregon","Umatilla County",5,18,1058,557,501
050,41,059,"Oregon","Umatilla County",5,19,953,536,417
050,41,059,"Oregon","Umatilla County",5,20,976,534,442
050,41,059,"Oregon","Umatilla County",5,21,989,559,430
050,41,059,"Oregon","Umatilla County",5,22,1088,625,463
050,41,059,"Oregon","Umatilla County",5,23,1056,592,464
050,41,059,"Oregon","Umatilla County",5,24,1078,626,452
050,41,059,"Oregon","Umatilla County",5,25,1141,638,503
050,41,059,"Oregon","Umatilla County",5,26,1118,627,491
050,41,059,"Oregon","Umatilla County",5,27,1163,655,508
050,41,059,"Oregon","Umatilla County",5,28,1131,652,479
050,41,059,"Oregon","Umatilla County",5,29,1122,648,474
050,41,059,"Oregon","Umatilla County",5,30,1105,635,470
050,41,059,"Oregon","Umatilla County",5,31,1165,635,530
050,41,059,"Oregon","Umatilla County",5,32,1168,655,513
050,41,059,"Oregon","Umatilla County",5,33,1226,668,558
050,41,059,"Oregon","Umatilla County",5,34,1155,658,497
050,41,059,"Oregon","Umatilla County",5,35,1053,593,460
050,41,059,"Oregon","Umatilla County",5,36,1027,562,465
050,41,059,"Oregon","Umatilla County",5,37,1061,575,486
050,41,059,"Oregon","Umatilla County",5,38,1062,601,461
050,41,059,"Oregon","Umatilla County",5,39,1003,538,465
050,41,059,"Oregon","Umatilla County",5,40,1070,596,474
050,41,059,"Oregon","Umatilla County",5,41,1045,596,449
050,41,059,"Oregon","Umatilla County",5,42,1029,558,471
050,41,059,"Oregon","Umatilla County",5,43,1003,546,457
050,41,059,"Oregon","Umatilla County",5,44,998,549,449
050,41,059,"Oregon","Umatilla County",5,45,994,554,440
050,41,059,"Oregon","Umatilla County",5,46,934,493,441
050,41,059,"Oregon","Umatilla County",5,47,978,535,443
050,41,059,"Oregon","Umatilla County",5,48,942,506,436
050,41,059,"Oregon","Umatilla County",5,49,929,508,421
050,41,059,"Oregon","Umatilla County",5,50,840,442,398
050,41,059,"Oregon","Umatilla County",5,51,866,438,428
050,41,059,"Oregon","Umatilla County",5,52,952,495,457
050,41,059,"Oregon","Umatilla County",5,53,941,491,450
050,41,059,"Oregon","Umatilla County",5,54,898,490,408
050,41,059,"Oregon","Umatilla County",5,55,896,468,428
050,41,059,"Oregon","Umatilla County",5,56,867,454,413
050,41,059,"Oregon","Umatilla County",5,57,853,450,403
050,41,059,"Oregon","Umatilla County",5,58,909,477,432
050,41,059,"Oregon","Umatilla County",5,59,923,487,436
050,41,059,"Oregon","Umatilla County",5,60,942,498,444
050,41,059,"Oregon","Umatilla County",5,61,931,482,449
050,41,059,"Oregon","Umatilla County",5,62,922,471,451
050,41,059,"Oregon","Umatilla County",5,63,890,455,435
050,41,059,"Oregon","Umatilla County",5,64,839,414,425
050,41,059,"Oregon","Umatilla County",5,65,875,431,444
050,41,059,"Oregon","Umatilla County",5,66,906,448,458
050,41,059,"Oregon","Umatilla County",5,67,817,411,406
050,41,059,"Oregon","Umatilla County",5,68,840,415,425
050,41,059,"Oregon","Umatilla County",5,69,823,410,413
050,41,059,"Oregon","Umatilla County",5,70,787,393,394
050,41,059,"Oregon","Umatilla County",5,71,773,399,374
050,41,059,"Oregon","Umatilla County",5,72,719,362,357
050,41,059,"Oregon","Umatilla County",5,73,660,318,342
050,41,059,"Oregon","Umatilla County",5,74,604,279,325
050,41,059,"Oregon","Umatilla County",5,75,617,291,326
050,41,059,"Oregon","Umatilla County",5,76,652,326,326
050,41,059,"Oregon","Umatilla County",5,77,466,231,235
050,41,059,"Oregon","Umatilla County",5,78,454,209,245
050,41,059,"Oregon","Umatilla County",5,79,410,185,225
050,41,059,"Oregon","Umatilla County",5,80,407,199,208
050,41,059,"Oregon","Umatilla County",5,81,320,151,169
050,41,059,"Oregon","Umatilla County",5,82,301,137,164
050,41,059,"Oregon","Umatilla County",5,83,268,129,139
050,41,059,"Oregon","Umatilla County",5,84,257,132,125
050,41,059,"Oregon","Umatilla County",5,85,1383,558,825
050,41,061,"Oregon","Union County",1,0,260,133,127
050,41,061,"Oregon","Union County",1,1,256,139,117
050,41,061,"Oregon","Union County",1,2,289,156,133
050,41,061,"Oregon","Union County",1,3,297,164,133
050,41,061,"Oregon","Union County",1,4,300,165,135
050,41,061,"Oregon","Union County",1,5,331,174,157
050,41,061,"Oregon","Union County",1,6,323,161,162
050,41,061,"Oregon","Union County",1,7,347,173,174
050,41,061,"Oregon","Union County",1,8,348,173,175
050,41,061,"Oregon","Union County",1,9,324,163,161
050,41,061,"Oregon","Union County",1,10,356,182,174
050,41,061,"Oregon","Union County",1,11,360,179,181
050,41,061,"Oregon","Union County",1,12,361,192,169
050,41,061,"Oregon","Union County",1,13,366,195,171
050,41,061,"Oregon","Union County",1,14,355,182,173
050,41,061,"Oregon","Union County",1,15,348,181,167
050,41,061,"Oregon","Union County",1,16,338,171,167
050,41,061,"Oregon","Union County",1,17,333,179,154
050,41,061,"Oregon","Union County",1,18,346,193,153
050,41,061,"Oregon","Union County",1,19,376,180,196
050,41,061,"Oregon","Union County",1,20,450,212,238
050,41,061,"Oregon","Union County",1,21,406,191,215
050,41,061,"Oregon","Union County",1,22,425,198,227
050,41,061,"Oregon","Union County",1,23,417,231,186
050,41,061,"Oregon","Union County",1,24,335,177,158
050,41,061,"Oregon","Union County",1,25,313,162,151
050,41,061,"Oregon","Union County",1,26,307,160,147
050,41,061,"Oregon","Union County",1,27,305,166,139
050,41,061,"Oregon","Union County",1,28,327,171,156
050,41,061,"Oregon","Union County",1,29,305,145,160
050,41,061,"Oregon","Union County",1,30,304,146,158
050,41,061,"Oregon","Union County",1,31,299,146,153
050,41,061,"Oregon","Union County",1,32,312,161,151
050,41,061,"Oregon","Union County",1,33,296,153,143
050,41,061,"Oregon","Union County",1,34,304,157,147
050,41,061,"Oregon","Union County",1,35,308,156,152
050,41,061,"Oregon","Union County",1,36,329,159,170
050,41,061,"Oregon","Union County",1,37,329,171,158
050,41,061,"Oregon","Union County",1,38,347,180,167
050,41,061,"Oregon","Union County",1,39,344,178,166
050,41,061,"Oregon","Union County",1,40,317,162,155
050,41,061,"Oregon","Union County",1,41,309,165,144
050,41,061,"Oregon","Union County",1,42,286,153,133
050,41,061,"Oregon","Union County",1,43,278,153,125
050,41,061,"Oregon","Union County",1,44,266,133,133
050,41,061,"Oregon","Union County",1,45,282,138,144
050,41,061,"Oregon","Union County",1,46,246,125,121
050,41,061,"Oregon","Union County",1,47,267,124,143
050,41,061,"Oregon","Union County",1,48,275,140,135
050,41,061,"Oregon","Union County",1,49,279,132,147
050,41,061,"Oregon","Union County",1,50,263,139,124
050,41,061,"Oregon","Union County",1,51,256,135,121
050,41,061,"Oregon","Union County",1,52,236,123,113
050,41,061,"Oregon","Union County",1,53,277,131,146
050,41,061,"Oregon","Union County",1,54,265,140,125
050,41,061,"Oregon","Union County",1,55,257,127,130
050,41,061,"Oregon","Union County",1,56,304,144,160
050,41,061,"Oregon","Union County",1,57,308,139,169
050,41,061,"Oregon","Union County",1,58,337,166,171
050,41,061,"Oregon","Union County",1,59,328,152,176
050,41,061,"Oregon","Union County",1,60,300,148,152
050,41,061,"Oregon","Union County",1,61,353,162,191
050,41,061,"Oregon","Union County",1,62,404,187,217
050,41,061,"Oregon","Union County",1,63,381,182,199
050,41,061,"Oregon","Union County",1,64,360,164,196
050,41,061,"Oregon","Union County",1,65,386,196,190
050,41,061,"Oregon","Union County",1,66,366,187,179
050,41,061,"Oregon","Union County",1,67,347,170,177
050,41,061,"Oregon","Union County",1,68,336,172,164
050,41,061,"Oregon","Union County",1,69,328,164,164
050,41,061,"Oregon","Union County",1,70,322,164,158
050,41,061,"Oregon","Union County",1,71,305,150,155
050,41,061,"Oregon","Union County",1,72,300,155,145
050,41,061,"Oregon","Union County",1,73,306,158,148
050,41,061,"Oregon","Union County",1,74,212,110,102
050,41,061,"Oregon","Union County",1,75,208,104,104
050,41,061,"Oregon","Union County",1,76,202,98,104
050,41,061,"Oregon","Union County",1,77,198,100,98
050,41,061,"Oregon","Union County",1,78,174,78,96
050,41,061,"Oregon","Union County",1,79,160,68,92
050,41,061,"Oregon","Union County",1,80,143,70,73
050,41,061,"Oregon","Union County",1,81,151,73,78
050,41,061,"Oregon","Union County",1,82,110,55,55
050,41,061,"Oregon","Union County",1,83,103,54,49
050,41,061,"Oregon","Union County",1,84,104,55,49
050,41,061,"Oregon","Union County",1,85,629,229,400
050,41,061,"Oregon","Union County",2,0,263,135,128
050,41,061,"Oregon","Union County",2,1,256,137,119
050,41,061,"Oregon","Union County",2,2,278,150,128
050,41,061,"Oregon","Union County",2,3,292,160,132
050,41,061,"Oregon","Union County",2,4,298,166,132
050,41,061,"Oregon","Union County",2,5,323,171,152
050,41,061,"Oregon","Union County",2,6,328,165,163
050,41,061,"Oregon","Union County",2,7,339,169,170
050,41,061,"Oregon","Union County",2,8,346,171,175
050,41,061,"Oregon","Union County",2,9,331,165,166
050,41,061,"Oregon","Union County",2,10,348,177,171
050,41,061,"Oregon","Union County",2,11,358,178,180
050,41,061,"Oregon","Union County",2,12,366,193,173
050,41,061,"Oregon","Union County",2,13,365,194,171
050,41,061,"Oregon","Union County",2,14,359,185,174
050,41,061,"Oregon","Union County",2,15,351,181,170
050,41,061,"Oregon","Union County",2,16,341,175,166
050,41,061,"Oregon","Union County",2,17,336,180,156
050,41,061,"Oregon","Union County",2,18,337,186,151
050,41,061,"Oregon","Union County",2,19,382,184,198
050,41,061,"Oregon","Union County",2,20,451,216,235
050,41,061,"Oregon","Union County",2,21,409,191,218
050,41,061,"Oregon","Union County",2,22,422,200,222
050,41,061,"Oregon","Union County",2,23,414,229,185
050,41,061,"Oregon","Union County",2,24,337,176,161
050,41,061,"Oregon","Union County",2,25,314,163,151
050,41,061,"Oregon","Union County",2,26,302,160,142
050,41,061,"Oregon","Union County",2,27,298,162,136
050,41,061,"Oregon","Union County",2,28,319,168,151
050,41,061,"Oregon","Union County",2,29,309,151,158
050,41,061,"Oregon","Union County",2,30,309,146,163
050,41,061,"Oregon","Union County",2,31,298,146,152
050,41,061,"Oregon","Union County",2,32,306,156,150
050,41,061,"Oregon","Union County",2,33,298,154,144
050,41,061,"Oregon","Union County",2,34,303,157,146
050,41,061,"Oregon","Union County",2,35,311,157,154
050,41,061,"Oregon","Union County",2,36,324,159,165
050,41,061,"Oregon","Union County",2,37,327,166,161
050,41,061,"Oregon","Union County",2,38,345,179,166
050,41,061,"Oregon","Union County",2,39,342,176,166
050,41,061,"Oregon","Union County",2,40,328,167,161
050,41,061,"Oregon","Union County",2,41,310,163,147
050,41,061,"Oregon","Union County",2,42,289,154,135
050,41,061,"Oregon","Union County",2,43,282,154,128
050,41,061,"Oregon","Union County",2,44,265,135,130
050,41,061,"Oregon","Union County",2,45,277,137,140
050,41,061,"Oregon","Union County",2,46,253,126,127
050,41,061,"Oregon","Union County",2,47,261,123,138
050,41,061,"Oregon","Union County",2,48,272,136,136
050,41,061,"Oregon","Union County",2,49,282,135,147
050,41,061,"Oregon","Union County",2,50,266,136,130
050,41,061,"Oregon","Union County",2,51,259,137,122
050,41,061,"Oregon","Union County",2,52,239,126,113
050,41,061,"Oregon","Union County",2,53,266,128,138
050,41,061,"Oregon","Union County",2,54,263,136,127
050,41,061,"Oregon","Union County",2,55,260,130,130
050,41,061,"Oregon","Union County",2,56,296,141,155
050,41,061,"Oregon","Union County",2,57,309,141,168
050,41,061,"Oregon","Union County",2,58,331,159,172
050,41,061,"Oregon","Union County",2,59,330,157,173
050,41,061,"Oregon","Union County",2,60,303,147,156
050,41,061,"Oregon","Union County",2,61,342,160,182
050,41,061,"Oregon","Union County",2,62,389,180,209
050,41,061,"Oregon","Union County",2,63,391,185,206
050,41,061,"Oregon","Union County",2,64,363,169,194
050,41,061,"Oregon","Union County",2,65,378,187,191
050,41,061,"Oregon","Union County",2,66,372,189,183
050,41,061,"Oregon","Union County",2,67,351,175,176
050,41,061,"Oregon","Union County",2,68,335,169,166
050,41,061,"Oregon","Union County",2,69,330,166,164
050,41,061,"Oregon","Union County",2,70,320,164,156
050,41,061,"Oregon","Union County",2,71,310,153,157
050,41,061,"Oregon","Union County",2,72,297,151,146
050,41,061,"Oregon","Union County",2,73,319,165,154
050,41,061,"Oregon","Union County",2,74,218,112,106
050,41,061,"Oregon","Union County",2,75,210,107,103
050,41,061,"Oregon","Union County",2,76,200,97,103
050,41,061,"Oregon","Union County",2,77,202,102,100
050,41,061,"Oregon","Union County",2,78,172,79,93
050,41,061,"Oregon","Union County",2,79,162,70,92
050,41,061,"Oregon","Union County",2,80,147,69,78
050,41,061,"Oregon","Union County",2,81,149,72,77
050,41,061,"Oregon","Union County",2,82,115,58,57
050,41,061,"Oregon","Union County",2,83,100,52,48
050,41,061,"Oregon","Union County",2,84,105,55,50
050,41,061,"Oregon","Union County",2,85,620,229,391
050,41,061,"Oregon","Union County",3,0,249,122,127
050,41,061,"Oregon","Union County",3,1,253,135,118
050,41,061,"Oregon","Union County",3,2,272,149,123
050,41,061,"Oregon","Union County",3,3,275,150,125
050,41,061,"Oregon","Union County",3,4,291,158,133
050,41,061,"Oregon","Union County",3,5,314,174,140
050,41,061,"Oregon","Union County",3,6,329,164,165
050,41,061,"Oregon","Union County",3,7,345,169,176
050,41,061,"Oregon","Union County",3,8,346,176,170
050,41,061,"Oregon","Union County",3,9,365,182,183
050,41,061,"Oregon","Union County",3,10,335,172,163
050,41,061,"Oregon","Union County",3,11,346,179,167
050,41,061,"Oregon","Union County",3,12,366,185,181
050,41,061,"Oregon","Union County",3,13,371,199,172
050,41,061,"Oregon","Union County",3,14,369,196,173
050,41,061,"Oregon","Union County",3,15,365,189,176
050,41,061,"Oregon","Union County",3,16,356,185,171
050,41,061,"Oregon","Union County",3,17,347,184,163
050,41,061,"Oregon","Union County",3,18,338,179,159
050,41,061,"Oregon","Union County",3,19,379,186,193
050,41,061,"Oregon","Union County",3,20,470,225,245
050,41,061,"Oregon","Union County",3,21,424,188,236
050,41,061,"Oregon","Union County",3,22,426,208,218
050,41,061,"Oregon","Union County",3,23,394,218,176
050,41,061,"Oregon","Union County",3,24,350,176,174
050,41,061,"Oregon","Union County",3,25,311,165,146
050,41,061,"Oregon","Union County",3,26,282,150,132
050,41,061,"Oregon","Union County",3,27,285,151,134
050,41,061,"Oregon","Union County",3,28,311,172,139
050,41,061,"Oregon","Union County",3,29,336,176,160
050,41,061,"Oregon","Union County",3,30,305,153,152
050,41,061,"Oregon","Union County",3,31,304,145,159
050,41,061,"Oregon","Union County",3,32,294,142,152
050,41,061,"Oregon","Union County",3,33,301,156,145
050,41,061,"Oregon","Union County",3,34,301,162,139
050,41,061,"Oregon","Union County",3,35,312,156,156
050,41,061,"Oregon","Union County",3,36,317,158,159
050,41,061,"Oregon","Union County",3,37,328,169,159
050,41,061,"Oregon","Union County",3,38,340,170,170
050,41,061,"Oregon","Union County",3,39,350,176,174
050,41,061,"Oregon","Union County",3,40,327,172,155
050,41,061,"Oregon","Union County",3,41,340,173,167
050,41,061,"Oregon","Union County",3,42,309,166,143
050,41,061,"Oregon","Union County",3,43,296,154,142
050,41,061,"Oregon","Union County",3,44,276,148,128
050,41,061,"Oregon","Union County",3,45,264,132,132
050,41,061,"Oregon","Union County",3,46,277,141,136
050,41,061,"Oregon","Union County",3,47,254,125,129
050,41,061,"Oregon","Union County",3,48,252,118,134
050,41,061,"Oregon","Union County",3,49,269,136,133
050,41,061,"Oregon","Union County",3,50,271,128,143
050,41,061,"Oregon","Union County",3,51,260,132,128
050,41,061,"Oregon","Union County",3,52,268,146,122
050,41,061,"Oregon","Union County",3,53,246,128,118
050,41,061,"Oregon","Union County",3,54,262,126,136
050,41,061,"Oregon","Union County",3,55,259,131,128
050,41,061,"Oregon","Union County",3,56,265,135,130
050,41,061,"Oregon","Union County",3,57,288,133,155
050,41,061,"Oregon","Union County",3,58,305,137,168
050,41,061,"Oregon","Union County",3,59,338,171,167
050,41,061,"Oregon","Union County",3,60,317,151,166
050,41,061,"Oregon","Union County",3,61,304,144,160
050,41,061,"Oregon","Union County",3,62,344,161,183
050,41,061,"Oregon","Union County",3,63,382,176,206
050,41,061,"Oregon","Union County",3,64,392,189,203
050,41,061,"Oregon","Union County",3,65,359,165,194
050,41,061,"Oregon","Union County",3,66,384,193,191
050,41,061,"Oregon","Union County",3,67,366,183,183
050,41,061,"Oregon","Union County",3,68,348,171,177
050,41,061,"Oregon","Union County",3,69,328,164,164
050,41,061,"Oregon","Union County",3,70,331,167,164
050,41,061,"Oregon","Union County",3,71,308,156,152
050,41,061,"Oregon","Union County",3,72,304,151,153
050,41,061,"Oregon","Union County",3,73,290,150,140
050,41,061,"Oregon","Union County",3,74,312,158,154
050,41,061,"Oregon","Union County",3,75,210,110,100
050,41,061,"Oregon","Union County",3,76,204,103,101
050,41,061,"Oregon","Union County",3,77,196,96,100
050,41,061,"Oregon","Union County",3,78,196,97,99
050,41,061,"Oregon","Union County",3,79,166,75,91
050,41,061,"Oregon","Union County",3,80,149,66,83
050,41,061,"Oregon","Union County",3,81,150,68,82
050,41,061,"Oregon","Union County",3,82,134,68,66
050,41,061,"Oregon","Union County",3,83,102,53,49
050,41,061,"Oregon","Union County",3,84,103,51,52
050,41,061,"Oregon","Union County",3,85,631,254,377
050,41,061,"Oregon","Union County",4,0,261,127,134
050,41,061,"Oregon","Union County",4,1,242,112,130
050,41,061,"Oregon","Union County",4,2,241,131,110
050,41,061,"Oregon","Union County",4,3,272,147,125
050,41,061,"Oregon","Union County",4,4,278,149,129
050,41,061,"Oregon","Union County",4,5,287,161,126
050,41,061,"Oregon","Union County",4,6,310,175,135
050,41,061,"Oregon","Union County",4,7,328,165,163
050,41,061,"Oregon","Union County",4,8,351,174,177
050,41,061,"Oregon","Union County",4,9,339,168,171
050,41,061,"Oregon","Union County",4,10,357,175,182
050,41,061,"Oregon","Union County",4,11,331,170,161
050,41,061,"Oregon","Union County",4,12,339,172,167
050,41,061,"Oregon","Union County",4,13,360,184,176
050,41,061,"Oregon","Union County",4,14,378,196,182
050,41,061,"Oregon","Union County",4,15,368,195,173
050,41,061,"Oregon","Union County",4,16,367,189,178
050,41,061,"Oregon","Union County",4,17,354,189,165
050,41,061,"Oregon","Union County",4,18,332,178,154
050,41,061,"Oregon","Union County",4,19,371,177,194
050,41,061,"Oregon","Union County",4,20,451,225,226
050,41,061,"Oregon","Union County",4,21,446,200,246
050,41,061,"Oregon","Union County",4,22,460,211,249
050,41,061,"Oregon","Union County",4,23,403,224,179
050,41,061,"Oregon","Union County",4,24,328,171,157
050,41,061,"Oregon","Union County",4,25,316,162,154
050,41,061,"Oregon","Union County",4,26,284,156,128
050,41,061,"Oregon","Union County",4,27,270,144,126
050,41,061,"Oregon","Union County",4,28,289,153,136
050,41,061,"Oregon","Union County",4,29,292,153,139
050,41,061,"Oregon","Union County",4,30,321,166,155
050,41,061,"Oregon","Union County",4,31,311,157,154
050,41,061,"Oregon","Union County",4,32,317,152,165
050,41,061,"Oregon","Union County",4,33,292,141,151
050,41,061,"Oregon","Union County",4,34,307,158,149
050,41,061,"Oregon","Union County",4,35,306,165,141
050,41,061,"Oregon","Union County",4,36,306,153,153
050,41,061,"Oregon","Union County",4,37,314,152,162
050,41,061,"Oregon","Union County",4,38,322,166,156
050,41,061,"Oregon","Union County",4,39,349,179,170
050,41,061,"Oregon","Union County",4,40,352,176,176
050,41,061,"Oregon","Union County",4,41,318,171,147
050,41,061,"Oregon","Union County",4,42,335,170,165
050,41,061,"Oregon","Union County",4,43,314,168,146
050,41,061,"Oregon","Union County",4,44,297,155,142
050,41,061,"Oregon","Union County",4,45,289,152,137
050,41,061,"Oregon","Union County",4,46,266,135,131
050,41,061,"Oregon","Union County",4,47,292,148,144
050,41,061,"Oregon","Union County",4,48,247,120,127
050,41,061,"Oregon","Union County",4,49,252,118,134
050,41,061,"Oregon","Union County",4,50,252,128,124
050,41,061,"Oregon","Union County",4,51,275,135,140
050,41,061,"Oregon","Union County",4,52,266,140,126
050,41,061,"Oregon","Union County",4,53,276,150,126
050,41,061,"Oregon","Union County",4,54,240,129,111
050,41,061,"Oregon","Union County",4,55,260,126,134
050,41,061,"Oregon","Union County",4,56,257,131,126
050,41,061,"Oregon","Union County",4,57,255,119,136
050,41,061,"Oregon","Union County",4,58,293,138,155
050,41,061,"Oregon","Union County",4,59,307,139,168
050,41,061,"Oregon","Union County",4,60,326,161,165
050,41,061,"Oregon","Union County",4,61,319,150,169
050,41,061,"Oregon","Union County",4,62,303,139,164
050,41,061,"Oregon","Union County",4,63,336,155,181
050,41,061,"Oregon","Union County",4,64,370,176,194
050,41,061,"Oregon","Union County",4,65,392,186,206
050,41,061,"Oregon","Union County",4,66,360,167,193
050,41,061,"Oregon","Union County",4,67,382,196,186
050,41,061,"Oregon","Union County",4,68,365,179,186
050,41,061,"Oregon","Union County",4,69,348,169,179
050,41,061,"Oregon","Union County",4,70,327,161,166
050,41,061,"Oregon","Union County",4,71,329,162,167
050,41,061,"Oregon","Union County",4,72,296,153,143
050,41,061,"Oregon","Union County",4,73,297,148,149
050,41,061,"Oregon","Union County",4,74,269,137,132
050,41,061,"Oregon","Union County",4,75,298,154,144
050,41,061,"Oregon","Union County",4,76,205,103,102
050,41,061,"Oregon","Union County",4,77,195,103,92
050,41,061,"Oregon","Union County",4,78,185,91,94
050,41,061,"Oregon","Union County",4,79,183,93,90
050,41,061,"Oregon","Union County",4,80,153,71,82
050,41,061,"Oregon","Union County",4,81,145,62,83
050,41,061,"Oregon","Union County",4,82,138,66,72
050,41,061,"Oregon","Union County",4,83,123,60,63
050,41,061,"Oregon","Union County",4,84,102,51,51
050,41,061,"Oregon","Union County",4,85,626,265,361
050,41,061,"Oregon","Union County",5,0,251,122,129
050,41,061,"Oregon","Union County",5,1,267,132,135
050,41,061,"Oregon","Union County",5,2,244,112,132
050,41,061,"Oregon","Union County",5,3,251,133,118
050,41,061,"Oregon","Union County",5,4,273,143,130
050,41,061,"Oregon","Union County",5,5,280,153,127
050,41,061,"Oregon","Union County",5,6,285,161,124
050,41,061,"Oregon","Union County",5,7,316,181,135
050,41,061,"Oregon","Union County",5,8,340,169,171
050,41,061,"Oregon","Union County",5,9,350,172,178
050,41,061,"Oregon","Union County",5,10,332,163,169
050,41,061,"Oregon","Union County",5,11,353,172,181
050,41,061,"Oregon","Union County",5,12,319,162,157
050,41,061,"Oregon","Union County",5,13,330,168,162
050,41,061,"Oregon","Union County",5,14,351,178,173
050,41,061,"Oregon","Union County",5,15,367,190,177
050,41,061,"Oregon","Union County",5,16,359,185,174
050,41,061,"Oregon","Union County",5,17,359,189,170
050,41,061,"Oregon","Union County",5,18,336,181,155
050,41,061,"Oregon","Union County",5,19,370,173,197
050,41,061,"Oregon","Union County",5,20,419,202,217
050,41,061,"Oregon","Union County",5,21,419,200,219
050,41,061,"Oregon","Union County",5,22,434,205,229
050,41,061,"Oregon","Union County",5,23,458,238,220
050,41,061,"Oregon","Union County",5,24,356,193,163
050,41,061,"Oregon","Union County",5,25,285,147,138
050,41,061,"Oregon","Union County",5,26,272,141,131
050,41,061,"Oregon","Union County",5,27,292,151,141
050,41,061,"Oregon","Union County",5,28,280,147,133
050,41,061,"Oregon","Union County",5,29,286,150,136
050,41,061,"Oregon","Union County",5,30,300,159,141
050,41,061,"Oregon","Union County",5,31,306,156,150
050,41,061,"Oregon","Union County",5,32,308,155,153
050,41,061,"Oregon","Union County",5,33,308,144,164
050,41,061,"Oregon","Union County",5,34,296,144,152
050,41,061,"Oregon","Union County",5,35,317,164,153
050,41,061,"Oregon","Union County",5,36,307,163,144
050,41,061,"Oregon","Union County",5,37,297,147,150
050,41,061,"Oregon","Union County",5,38,306,152,154
050,41,061,"Oregon","Union County",5,39,327,165,162
050,41,061,"Oregon","Union County",5,40,345,180,165
050,41,061,"Oregon","Union County",5,41,360,178,182
050,41,061,"Oregon","Union County",5,42,322,174,148
050,41,061,"Oregon","Union County",5,43,329,163,166
050,41,061,"Oregon","Union County",5,44,301,163,138
050,41,061,"Oregon","Union County",5,45,291,154,137
050,41,061,"Oregon","Union County",5,46,283,154,129
050,41,061,"Oregon","Union County",5,47,265,133,132
050,41,061,"Oregon","Union County",5,48,284,139,145
050,41,061,"Oregon","Union County",5,49,248,120,128
050,41,061,"Oregon","Union County",5,50,251,118,133
050,41,061,"Oregon","Union County",5,51,254,125,129
050,41,061,"Oregon","Union County",5,52,280,140,140
050,41,061,"Oregon","Union County",5,53,271,137,134
050,41,061,"Oregon","Union County",5,54,274,149,125
050,41,061,"Oregon","Union County",5,55,226,123,103
050,41,061,"Oregon","Union County",5,56,269,134,135
050,41,061,"Oregon","Union County",5,57,248,127,121
050,41,061,"Oregon","Union County",5,58,249,115,134
050,41,061,"Oregon","Union County",5,59,303,148,155
050,41,061,"Oregon","Union County",5,60,308,133,175
050,41,061,"Oregon","Union County",5,61,323,160,163
050,41,061,"Oregon","Union County",5,62,313,146,167
050,41,061,"Oregon","Union County",5,63,300,137,163
050,41,061,"Oregon","Union County",5,64,318,145,173
050,41,061,"Oregon","Union County",5,65,362,173,189
050,41,061,"Oregon","Union County",5,66,392,184,208
050,41,061,"Oregon","Union County",5,67,362,173,189
050,41,061,"Oregon","Union County",5,68,382,193,189
050,41,061,"Oregon","Union County",5,69,366,180,186
050,41,061,"Oregon","Union County",5,70,339,164,175
050,41,061,"Oregon","Union County",5,71,321,157,164
050,41,061,"Oregon","Union County",5,72,314,154,160
050,41,061,"Oregon","Union County",5,73,287,152,135
050,41,061,"Oregon","Union County",5,74,280,136,144
050,41,061,"Oregon","Union County",5,75,269,141,128
050,41,061,"Oregon","Union County",5,76,284,142,142
050,41,061,"Oregon","Union County",5,77,194,101,93
050,41,061,"Oregon","Union County",5,78,181,96,85
050,41,061,"Oregon","Union County",5,79,176,87,89
050,41,061,"Oregon","Union County",5,80,171,89,82
050,41,061,"Oregon","Union County",5,81,151,69,82
050,41,061,"Oregon","Union County",5,82,129,57,72
050,41,061,"Oregon","Union County",5,83,124,58,66
050,41,061,"Oregon","Union County",5,84,125,61,64
050,41,061,"Oregon","Union County",5,85,614,263,351
050,41,063,"Oregon","Wallowa County",1,0,66,34,32
050,41,063,"Oregon","Wallowa County",1,1,67,31,36
050,41,063,"Oregon","Wallowa County",1,2,67,29,38
050,41,063,"Oregon","Wallowa County",1,3,72,28,44
050,41,063,"Oregon","Wallowa County",1,4,92,37,55
050,41,063,"Oregon","Wallowa County",1,5,71,36,35
050,41,063,"Oregon","Wallowa County",1,6,89,44,45
050,41,063,"Oregon","Wallowa County",1,7,76,42,34
050,41,063,"Oregon","Wallowa County",1,8,72,36,36
050,41,063,"Oregon","Wallowa County",1,9,78,43,35
050,41,063,"Oregon","Wallowa County",1,10,87,47,40
050,41,063,"Oregon","Wallowa County",1,11,86,47,39
050,41,063,"Oregon","Wallowa County",1,12,92,52,40
050,41,063,"Oregon","Wallowa County",1,13,93,52,41
050,41,063,"Oregon","Wallowa County",1,14,96,47,49
050,41,063,"Oregon","Wallowa County",1,15,88,49,39
050,41,063,"Oregon","Wallowa County",1,16,72,35,37
050,41,063,"Oregon","Wallowa County",1,17,75,37,38
050,41,063,"Oregon","Wallowa County",1,18,64,36,28
050,41,063,"Oregon","Wallowa County",1,19,51,27,24
050,41,063,"Oregon","Wallowa County",1,20,51,19,32
050,41,063,"Oregon","Wallowa County",1,21,51,24,27
050,41,063,"Oregon","Wallowa County",1,22,34,14,20
050,41,063,"Oregon","Wallowa County",1,23,41,16,25
050,41,063,"Oregon","Wallowa County",1,24,55,23,32
050,41,063,"Oregon","Wallowa County",1,25,43,20,23
050,41,063,"Oregon","Wallowa County",1,26,50,28,22
050,41,063,"Oregon","Wallowa County",1,27,61,31,30
050,41,063,"Oregon","Wallowa County",1,28,63,27,36
050,41,063,"Oregon","Wallowa County",1,29,64,29,35
050,41,063,"Oregon","Wallowa County",1,30,64,32,32
050,41,063,"Oregon","Wallowa County",1,31,76,37,39
050,41,063,"Oregon","Wallowa County",1,32,91,42,49
050,41,063,"Oregon","Wallowa County",1,33,95,44,51
050,41,063,"Oregon","Wallowa County",1,34,90,40,50
050,41,063,"Oregon","Wallowa County",1,35,90,41,49
050,41,063,"Oregon","Wallowa County",1,36,93,45,48
050,41,063,"Oregon","Wallowa County",1,37,88,40,48
050,41,063,"Oregon","Wallowa County",1,38,91,45,46
050,41,063,"Oregon","Wallowa County",1,39,90,47,43
050,41,063,"Oregon","Wallowa County",1,40,87,45,42
050,41,063,"Oregon","Wallowa County",1,41,85,44,41
050,41,063,"Oregon","Wallowa County",1,42,70,34,36
050,41,063,"Oregon","Wallowa County",1,43,82,40,42
050,41,063,"Oregon","Wallowa County",1,44,80,51,29
050,41,063,"Oregon","Wallowa County",1,45,74,44,30
050,41,063,"Oregon","Wallowa County",1,46,65,37,28
050,41,063,"Oregon","Wallowa County",1,47,62,38,24
050,41,063,"Oregon","Wallowa County",1,48,61,31,30
050,41,063,"Oregon","Wallowa County",1,49,74,34,40
050,41,063,"Oregon","Wallowa County",1,50,70,31,39
050,41,063,"Oregon","Wallowa County",1,51,77,35,42
050,41,063,"Oregon","Wallowa County",1,52,71,33,38
050,41,063,"Oregon","Wallowa County",1,53,90,36,54
050,41,063,"Oregon","Wallowa County",1,54,81,34,47
050,41,063,"Oregon","Wallowa County",1,55,83,40,43
050,41,063,"Oregon","Wallowa County",1,56,103,47,56
050,41,063,"Oregon","Wallowa County",1,57,112,53,59
050,41,063,"Oregon","Wallowa County",1,58,112,48,64
050,41,063,"Oregon","Wallowa County",1,59,121,52,69
050,41,063,"Oregon","Wallowa County",1,60,135,71,64
050,41,063,"Oregon","Wallowa County",1,61,138,65,73
050,41,063,"Oregon","Wallowa County",1,62,127,63,64
050,41,063,"Oregon","Wallowa County",1,63,124,60,64
050,41,063,"Oregon","Wallowa County",1,64,134,66,68
050,41,063,"Oregon","Wallowa County",1,65,147,74,73
050,41,063,"Oregon","Wallowa County",1,66,167,82,85
050,41,063,"Oregon","Wallowa County",1,67,166,89,77
050,41,063,"Oregon","Wallowa County",1,68,155,78,77
050,41,063,"Oregon","Wallowa County",1,69,137,63,74
050,41,063,"Oregon","Wallowa County",1,70,112,59,53
050,41,063,"Oregon","Wallowa County",1,71,134,75,59
050,41,063,"Oregon","Wallowa County",1,72,132,70,62
050,41,063,"Oregon","Wallowa County",1,73,115,55,60
050,41,063,"Oregon","Wallowa County",1,74,70,38,32
050,41,063,"Oregon","Wallowa County",1,75,78,38,40
050,41,063,"Oregon","Wallowa County",1,76,81,40,41
050,41,063,"Oregon","Wallowa County",1,77,83,40,43
050,41,063,"Oregon","Wallowa County",1,78,65,32,33
050,41,063,"Oregon","Wallowa County",1,79,51,28,23
050,41,063,"Oregon","Wallowa County",1,80,46,26,20
050,41,063,"Oregon","Wallowa County",1,81,60,32,28
050,41,063,"Oregon","Wallowa County",1,82,53,26,27
050,41,063,"Oregon","Wallowa County",1,83,44,24,20
050,41,063,"Oregon","Wallowa County",1,84,33,20,13
050,41,063,"Oregon","Wallowa County",1,85,210,93,117
050,41,063,"Oregon","Wallowa County",2,0,69,32,37
050,41,063,"Oregon","Wallowa County",2,1,67,32,35
050,41,063,"Oregon","Wallowa County",2,2,66,29,37
050,41,063,"Oregon","Wallowa County",2,3,72,28,44
050,41,063,"Oregon","Wallowa County",2,4,88,36,52
050,41,063,"Oregon","Wallowa County",2,5,75,36,39
050,41,063,"Oregon","Wallowa County",2,6,84,42,42
050,41,063,"Oregon","Wallowa County",2,7,78,42,36
050,41,063,"Oregon","Wallowa County",2,8,74,38,36
050,41,063,"Oregon","Wallowa County",2,9,78,42,36
050,41,063,"Oregon","Wallowa County",2,10,83,45,38
050,41,063,"Oregon","Wallowa County",2,11,86,46,40
050,41,063,"Oregon","Wallowa County",2,12,92,51,41
050,41,063,"Oregon","Wallowa County",2,13,92,52,40
050,41,063,"Oregon","Wallowa County",2,14,97,49,48
050,41,063,"Oregon","Wallowa County",2,15,91,49,42
050,41,063,"Oregon","Wallowa County",2,16,75,37,38
050,41,063,"Oregon","Wallowa County",2,17,75,37,38
050,41,063,"Oregon","Wallowa County",2,18,62,34,28
050,41,063,"Oregon","Wallowa County",2,19,51,27,24
050,41,063,"Oregon","Wallowa County",2,20,53,22,31
050,41,063,"Oregon","Wallowa County",2,21,50,22,28
050,41,063,"Oregon","Wallowa County",2,22,39,17,22
050,41,063,"Oregon","Wallowa County",2,23,41,16,25
050,41,063,"Oregon","Wallowa County",2,24,52,22,30
050,41,063,"Oregon","Wallowa County",2,25,46,21,25
050,41,063,"Oregon","Wallowa County",2,26,49,26,23
050,41,063,"Oregon","Wallowa County",2,27,60,31,29
050,41,063,"Oregon","Wallowa County",2,28,62,27,35
050,41,063,"Oregon","Wallowa County",2,29,62,28,34
050,41,063,"Oregon","Wallowa County",2,30,67,33,34
050,41,063,"Oregon","Wallowa County",2,31,74,37,37
050,41,063,"Oregon","Wallowa County",2,32,89,41,48
050,41,063,"Oregon","Wallowa County",2,33,94,44,50
050,41,063,"Oregon","Wallowa County",2,34,93,41,52
050,41,063,"Oregon","Wallowa County",2,35,90,40,50
050,41,063,"Oregon","Wallowa County",2,36,91,44,47
050,41,063,"Oregon","Wallowa County",2,37,91,42,49
050,41,063,"Oregon","Wallowa County",2,38,91,44,47
050,41,063,"Oregon","Wallowa County",2,39,89,46,43
050,41,063,"Oregon","Wallowa County",2,40,89,46,43
050,41,063,"Oregon","Wallowa County",2,41,85,45,40
050,41,063,"Oregon","Wallowa County",2,42,74,36,38
050,41,063,"Oregon","Wallowa County",2,43,79,38,41
050,41,063,"Oregon","Wallowa County",2,44,80,48,32
050,41,063,"Oregon","Wallowa County",2,45,75,45,30
050,41,063,"Oregon","Wallowa County",2,46,66,38,28
050,41,063,"Oregon","Wallowa County",2,47,62,38,24
050,41,063,"Oregon","Wallowa County",2,48,62,33,29
050,41,063,"Oregon","Wallowa County",2,49,71,33,38
050,41,063,"Oregon","Wallowa County",2,50,73,32,41
050,41,063,"Oregon","Wallowa County",2,51,76,35,41
050,41,063,"Oregon","Wallowa County",2,52,72,33,39
050,41,063,"Oregon","Wallowa County",2,53,86,35,51
050,41,063,"Oregon","Wallowa County",2,54,82,35,47
050,41,063,"Oregon","Wallowa County",2,55,85,40,45
050,41,063,"Oregon","Wallowa County",2,56,98,45,53
050,41,063,"Oregon","Wallowa County",2,57,110,52,58
050,41,063,"Oregon","Wallowa County",2,58,112,48,64
050,41,063,"Oregon","Wallowa County",2,59,121,52,69
050,41,063,"Oregon","Wallowa County",2,60,132,66,66
050,41,063,"Oregon","Wallowa County",2,61,136,66,70
050,41,063,"Oregon","Wallowa County",2,62,129,64,65
050,41,063,"Oregon","Wallowa County",2,63,126,61,65
050,41,063,"Oregon","Wallowa County",2,64,130,64,66
050,41,063,"Oregon","Wallowa County",2,65,145,73,72
050,41,063,"Oregon","Wallowa County",2,66,165,82,83
050,41,063,"Oregon","Wallowa County",2,67,163,85,78
050,41,063,"Oregon","Wallowa County",2,68,155,80,75
050,41,063,"Oregon","Wallowa County",2,69,143,68,75
050,41,063,"Oregon","Wallowa County",2,70,118,60,58
050,41,063,"Oregon","Wallowa County",2,71,129,71,58
050,41,063,"Oregon","Wallowa County",2,72,131,70,61
050,41,063,"Oregon","Wallowa County",2,73,125,62,63
050,41,063,"Oregon","Wallowa County",2,74,76,39,37
050,41,063,"Oregon","Wallowa County",2,75,76,38,38
050,41,063,"Oregon","Wallowa County",2,76,79,39,40
050,41,063,"Oregon","Wallowa County",2,77,84,40,44
050,41,063,"Oregon","Wallowa County",2,78,68,33,35
050,41,063,"Oregon","Wallowa County",2,79,54,28,26
050,41,063,"Oregon","Wallowa County",2,80,45,26,19
050,41,063,"Oregon","Wallowa County",2,81,56,30,26
050,41,063,"Oregon","Wallowa County",2,82,54,27,27
050,41,063,"Oregon","Wallowa County",2,83,45,23,22
050,41,063,"Oregon","Wallowa County",2,84,35,21,14
050,41,063,"Oregon","Wallowa County",2,85,211,92,119
050,41,063,"Oregon","Wallowa County",3,0,55,31,24
050,41,063,"Oregon","Wallowa County",3,1,68,30,38
050,41,063,"Oregon","Wallowa County",3,2,76,39,37
050,41,063,"Oregon","Wallowa County",3,3,70,32,38
050,41,063,"Oregon","Wallowa County",3,4,78,31,47
050,41,063,"Oregon","Wallowa County",3,5,98,44,54
050,41,063,"Oregon","Wallowa County",3,6,82,40,42
050,41,063,"Oregon","Wallowa County",3,7,94,47,47
050,41,063,"Oregon","Wallowa County",3,8,79,46,33
050,41,063,"Oregon","Wallowa County",3,9,77,38,39
050,41,063,"Oregon","Wallowa County",3,10,86,47,39
050,41,063,"Oregon","Wallowa County",3,11,88,45,43
050,41,063,"Oregon","Wallowa County",3,12,87,46,41
050,41,063,"Oregon","Wallowa County",3,13,101,55,46
050,41,063,"Oregon","Wallowa County",3,14,90,49,41
050,41,063,"Oregon","Wallowa County",3,15,99,51,48
050,41,063,"Oregon","Wallowa County",3,16,93,50,43
050,41,063,"Oregon","Wallowa County",3,17,78,35,43
050,41,063,"Oregon","Wallowa County",3,18,67,33,34
050,41,063,"Oregon","Wallowa County",3,19,50,27,23
050,41,063,"Oregon","Wallowa County",3,20,52,26,26
050,41,063,"Oregon","Wallowa County",3,21,49,22,27
050,41,063,"Oregon","Wallowa County",3,22,51,22,29
050,41,063,"Oregon","Wallowa County",3,23,41,18,23
050,41,063,"Oregon","Wallowa County",3,24,37,17,20
050,41,063,"Oregon","Wallowa County",3,25,47,19,28
050,41,063,"Oregon","Wallowa County",3,26,47,22,25
050,41,063,"Oregon","Wallowa County",3,27,57,29,28
050,41,063,"Oregon","Wallowa County",3,28,64,32,32
050,41,063,"Oregon","Wallowa County",3,29,65,32,33
050,41,063,"Oregon","Wallowa County",3,30,73,32,41
050,41,063,"Oregon","Wallowa County",3,31,77,34,43
050,41,063,"Oregon","Wallowa County",3,32,81,41,40
050,41,063,"Oregon","Wallowa County",3,33,94,43,51
050,41,063,"Oregon","Wallowa County",3,34,98,43,55
050,41,063,"Oregon","Wallowa County",3,35,97,44,53
050,41,063,"Oregon","Wallowa County",3,36,95,41,54
050,41,063,"Oregon","Wallowa County",3,37,97,45,52
050,41,063,"Oregon","Wallowa County",3,38,86,39,47
050,41,063,"Oregon","Wallowa County",3,39,94,48,46
050,41,063,"Oregon","Wallowa County",3,40,87,43,44
050,41,063,"Oregon","Wallowa County",3,41,88,46,42
050,41,063,"Oregon","Wallowa County",3,42,81,41,40
050,41,063,"Oregon","Wallowa County",3,43,82,39,43
050,41,063,"Oregon","Wallowa County",3,44,85,41,44
050,41,063,"Oregon","Wallowa County",3,45,82,47,35
050,41,063,"Oregon","Wallowa County",3,46,81,47,34
050,41,063,"Oregon","Wallowa County",3,47,65,38,27
050,41,063,"Oregon","Wallowa County",3,48,63,37,26
050,41,063,"Oregon","Wallowa County",3,49,60,31,29
050,41,063,"Oregon","Wallowa County",3,50,73,35,38
050,41,063,"Oregon","Wallowa County",3,51,77,35,42
050,41,063,"Oregon","Wallowa County",3,52,81,39,42
050,41,063,"Oregon","Wallowa County",3,53,80,34,46
050,41,063,"Oregon","Wallowa County",3,54,85,37,48
050,41,063,"Oregon","Wallowa County",3,55,86,39,47
050,41,063,"Oregon","Wallowa County",3,56,94,45,49
050,41,063,"Oregon","Wallowa County",3,57,101,48,53
050,41,063,"Oregon","Wallowa County",3,58,105,49,56
050,41,063,"Oregon","Wallowa County",3,59,109,46,63
050,41,063,"Oregon","Wallowa County",3,60,120,49,71
050,41,063,"Oregon","Wallowa County",3,61,133,66,67
050,41,063,"Oregon","Wallowa County",3,62,135,65,70
050,41,063,"Oregon","Wallowa County",3,63,133,65,68
050,41,063,"Oregon","Wallowa County",3,64,127,62,65
050,41,063,"Oregon","Wallowa County",3,65,123,62,61
050,41,063,"Oregon","Wallowa County",3,66,143,72,71
050,41,063,"Oregon","Wallowa County",3,67,162,81,81
050,41,063,"Oregon","Wallowa County",3,68,163,85,78
050,41,063,"Oregon","Wallowa County",3,69,156,81,75
050,41,063,"Oregon","Wallowa County",3,70,147,69,78
050,41,063,"Oregon","Wallowa County",3,71,113,58,55
050,41,063,"Oregon","Wallowa County",3,72,133,74,59
050,41,063,"Oregon","Wallowa County",3,73,134,73,61
050,41,063,"Oregon","Wallowa County",3,74,123,60,63
050,41,063,"Oregon","Wallowa County",3,75,80,41,39
050,41,063,"Oregon","Wallowa County",3,76,75,39,36
050,41,063,"Oregon","Wallowa County",3,77,77,38,39
050,41,063,"Oregon","Wallowa County",3,78,80,37,43
050,41,063,"Oregon","Wallowa County",3,79,67,31,36
050,41,063,"Oregon","Wallowa County",3,80,51,27,24
050,41,063,"Oregon","Wallowa County",3,81,46,28,18
050,41,063,"Oregon","Wallowa County",3,82,53,26,27
050,41,063,"Oregon","Wallowa County",3,83,51,26,25
050,41,063,"Oregon","Wallowa County",3,84,36,16,20
050,41,063,"Oregon","Wallowa County",3,85,214,96,118
050,41,063,"Oregon","Wallowa County",4,0,61,30,31
050,41,063,"Oregon","Wallowa County",4,1,47,25,22
050,41,063,"Oregon","Wallowa County",4,2,68,28,40
050,41,063,"Oregon","Wallowa County",4,3,82,45,37
050,41,063,"Oregon","Wallowa County",4,4,76,33,43
050,41,063,"Oregon","Wallowa County",4,5,74,31,43
050,41,063,"Oregon","Wallowa County",4,6,100,45,55
050,41,063,"Oregon","Wallowa County",4,7,87,44,43
050,41,063,"Oregon","Wallowa County",4,8,98,49,49
050,41,063,"Oregon","Wallowa County",4,9,82,47,35
050,41,063,"Oregon","Wallowa County",4,10,83,38,45
050,41,063,"Oregon","Wallowa County",4,11,87,49,38
050,41,063,"Oregon","Wallowa County",4,12,90,44,46
050,41,063,"Oregon","Wallowa County",4,13,87,45,42
050,41,063,"Oregon","Wallowa County",4,14,108,64,44
050,41,063,"Oregon","Wallowa County",4,15,89,47,42
050,41,063,"Oregon","Wallowa County",4,16,104,52,52
050,41,063,"Oregon","Wallowa County",4,17,94,51,43
050,41,063,"Oregon","Wallowa County",4,18,67,33,34
050,41,063,"Oregon","Wallowa County",4,19,52,27,25
050,41,063,"Oregon","Wallowa County",4,20,54,26,28
050,41,063,"Oregon","Wallowa County",4,21,51,26,25
050,41,063,"Oregon","Wallowa County",4,22,49,22,27
050,41,063,"Oregon","Wallowa County",4,23,67,29,38
050,41,063,"Oregon","Wallowa County",4,24,39,23,16
050,41,063,"Oregon","Wallowa County",4,25,36,17,19
050,41,063,"Oregon","Wallowa County",4,26,46,24,22
050,41,063,"Oregon","Wallowa County",4,27,51,24,27
050,41,063,"Oregon","Wallowa County",4,28,54,31,23
050,41,063,"Oregon","Wallowa County",4,29,58,28,30
050,41,063,"Oregon","Wallowa County",4,30,69,34,35
050,41,063,"Oregon","Wallowa County",4,31,77,35,42
050,41,063,"Oregon","Wallowa County",4,32,85,36,49
050,41,063,"Oregon","Wallowa County",4,33,86,45,41
050,41,063,"Oregon","Wallowa County",4,34,94,42,52
050,41,063,"Oregon","Wallowa County",4,35,100,40,60
050,41,063,"Oregon","Wallowa County",4,36,105,52,53
050,41,063,"Oregon","Wallowa County",4,37,103,44,59
050,41,063,"Oregon","Wallowa County",4,38,97,42,55
050,41,063,"Oregon","Wallowa County",4,39,86,40,46
050,41,063,"Oregon","Wallowa County",4,40,95,49,46
050,41,063,"Oregon","Wallowa County",4,41,90,43,47
050,41,063,"Oregon","Wallowa County",4,42,88,45,43
050,41,063,"Oregon","Wallowa County",4,43,86,40,46
050,41,063,"Oregon","Wallowa County",4,44,93,46,47
050,41,063,"Oregon","Wallowa County",4,45,88,43,45
050,41,063,"Oregon","Wallowa County",4,46,88,46,42
050,41,063,"Oregon","Wallowa County",4,47,85,47,38
050,41,063,"Oregon","Wallowa County",4,48,69,43,26
050,41,063,"Oregon","Wallowa County",4,49,58,32,26
050,41,063,"Oregon","Wallowa County",4,50,61,32,29
050,41,063,"Oregon","Wallowa County",4,51,77,37,40
050,41,063,"Oregon","Wallowa County",4,52,82,36,46
050,41,063,"Oregon","Wallowa County",4,53,93,46,47
050,41,063,"Oregon","Wallowa County",4,54,79,34,45
050,41,063,"Oregon","Wallowa County",4,55,89,36,53
050,41,063,"Oregon","Wallowa County",4,56,85,39,46
050,41,063,"Oregon","Wallowa County",4,57,107,57,50
050,41,063,"Oregon","Wallowa County",4,58,94,41,53
050,41,063,"Oregon","Wallowa County",4,59,106,50,56
050,41,063,"Oregon","Wallowa County",4,60,111,46,65
050,41,063,"Oregon","Wallowa County",4,61,129,53,76
050,41,063,"Oregon","Wallowa County",4,62,137,67,70
050,41,063,"Oregon","Wallowa County",4,63,139,64,75
050,41,063,"Oregon","Wallowa County",4,64,127,61,66
050,41,063,"Oregon","Wallowa County",4,65,127,62,65
050,41,063,"Oregon","Wallowa County",4,66,132,69,63
050,41,063,"Oregon","Wallowa County",4,67,144,71,73
050,41,063,"Oregon","Wallowa County",4,68,156,77,79
050,41,063,"Oregon","Wallowa County",4,69,164,85,79
050,41,063,"Oregon","Wallowa County",4,70,152,81,71
050,41,063,"Oregon","Wallowa County",4,71,144,68,76
050,41,063,"Oregon","Wallowa County",4,72,110,55,55
050,41,063,"Oregon","Wallowa County",4,73,132,74,58
050,41,063,"Oregon","Wallowa County",4,74,127,67,60
050,41,063,"Oregon","Wallowa County",4,75,117,58,59
050,41,063,"Oregon","Wallowa County",4,76,79,41,38
050,41,063,"Oregon","Wallowa County",4,77,72,34,38
050,41,063,"Oregon","Wallowa County",4,78,75,38,37
050,41,063,"Oregon","Wallowa County",4,79,78,38,40
050,41,063,"Oregon","Wallowa County",4,80,65,32,33
050,41,063,"Oregon","Wallowa County",4,81,54,29,25
050,41,063,"Oregon","Wallowa County",4,82,37,21,16
050,41,063,"Oregon","Wallowa County",4,83,50,26,24
050,41,063,"Oregon","Wallowa County",4,84,41,18,23
050,41,063,"Oregon","Wallowa County",4,85,195,85,110
050,41,063,"Oregon","Wallowa County",5,0,57,29,28
050,41,063,"Oregon","Wallowa County",5,1,71,34,37
050,41,063,"Oregon","Wallowa County",5,2,50,26,24
050,41,063,"Oregon","Wallowa County",5,3,68,29,39
050,41,063,"Oregon","Wallowa County",5,4,78,44,34
050,41,063,"Oregon","Wallowa County",5,5,79,35,44
050,41,063,"Oregon","Wallowa County",5,6,78,31,47
050,41,063,"Oregon","Wallowa County",5,7,100,44,56
050,41,063,"Oregon","Wallowa County",5,8,87,46,41
050,41,063,"Oregon","Wallowa County",5,9,96,51,45
050,41,063,"Oregon","Wallowa County",5,10,86,48,38
050,41,063,"Oregon","Wallowa County",5,11,82,38,44
050,41,063,"Oregon","Wallowa County",5,12,87,45,42
050,41,063,"Oregon","Wallowa County",5,13,90,42,48
050,41,063,"Oregon","Wallowa County",5,14,91,48,43
050,41,063,"Oregon","Wallowa County",5,15,104,61,43
050,41,063,"Oregon","Wallowa County",5,16,95,50,45
050,41,063,"Oregon","Wallowa County",5,17,104,51,53
050,41,063,"Oregon","Wallowa County",5,18,77,44,33
050,41,063,"Oregon","Wallowa County",5,19,52,26,26
050,41,063,"Oregon","Wallowa County",5,20,50,25,25
050,41,063,"Oregon","Wallowa County",5,21,56,32,24
050,41,063,"Oregon","Wallowa County",5,22,49,26,23
050,41,063,"Oregon","Wallowa County",5,23,53,22,31
050,41,063,"Oregon","Wallowa County",5,24,70,31,39
050,41,063,"Oregon","Wallowa County",5,25,48,27,21
050,41,063,"Oregon","Wallowa County",5,26,31,14,17
050,41,063,"Oregon","Wallowa County",5,27,52,29,23
050,41,063,"Oregon","Wallowa County",5,28,57,23,34
050,41,063,"Oregon","Wallowa County",5,29,59,32,27
050,41,063,"Oregon","Wallowa County",5,30,67,35,32
050,41,063,"Oregon","Wallowa County",5,31,70,32,38
050,41,063,"Oregon","Wallowa County",5,32,92,46,46
050,41,063,"Oregon","Wallowa County",5,33,82,35,47
050,41,063,"Oregon","Wallowa County",5,34,87,44,43
050,41,063,"Oregon","Wallowa County",5,35,99,46,53
050,41,063,"Oregon","Wallowa County",5,36,101,45,56
050,41,063,"Oregon","Wallowa County",5,37,112,55,57
050,41,063,"Oregon","Wallowa County",5,38,102,40,62
050,41,063,"Oregon","Wallowa County",5,39,97,42,55
050,41,063,"Oregon","Wallowa County",5,40,94,44,50
050,41,063,"Oregon","Wallowa County",5,41,97,48,49
050,41,063,"Oregon","Wallowa County",5,42,89,41,48
050,41,063,"Oregon","Wallowa County",5,43,89,47,42
050,41,063,"Oregon","Wallowa County",5,44,87,42,45
050,41,063,"Oregon","Wallowa County",5,45,89,42,47
050,41,063,"Oregon","Wallowa County",5,46,92,45,47
050,41,063,"Oregon","Wallowa County",5,47,84,45,39
050,41,063,"Oregon","Wallowa County",5,48,90,51,39
050,41,063,"Oregon","Wallowa County",5,49,67,40,27
050,41,063,"Oregon","Wallowa County",5,50,57,31,26
050,41,063,"Oregon","Wallowa County",5,51,62,35,27
050,41,063,"Oregon","Wallowa County",5,52,76,37,39
050,41,063,"Oregon","Wallowa County",5,53,87,38,49
050,41,063,"Oregon","Wallowa County",5,54,94,47,47
050,41,063,"Oregon","Wallowa County",5,55,90,41,49
050,41,063,"Oregon","Wallowa County",5,56,84,37,47
050,41,063,"Oregon","Wallowa County",5,57,88,42,46
050,41,063,"Oregon","Wallowa County",5,58,103,57,46
050,41,063,"Oregon","Wallowa County",5,59,100,43,57
050,41,063,"Oregon","Wallowa County",5,60,104,48,56
050,41,063,"Oregon","Wallowa County",5,61,119,51,68
050,41,063,"Oregon","Wallowa County",5,62,120,56,64
050,41,063,"Oregon","Wallowa County",5,63,133,62,71
050,41,063,"Oregon","Wallowa County",5,64,138,61,77
050,41,063,"Oregon","Wallowa County",5,65,130,60,70
050,41,063,"Oregon","Wallowa County",5,66,124,60,64
050,41,063,"Oregon","Wallowa County",5,67,125,65,60
050,41,063,"Oregon","Wallowa County",5,68,141,72,69
050,41,063,"Oregon","Wallowa County",5,69,151,74,77
050,41,063,"Oregon","Wallowa County",5,70,154,81,73
050,41,063,"Oregon","Wallowa County",5,71,148,77,71
050,41,063,"Oregon","Wallowa County",5,72,144,66,78
050,41,063,"Oregon","Wallowa County",5,73,110,57,53
050,41,063,"Oregon","Wallowa County",5,74,126,71,55
050,41,063,"Oregon","Wallowa County",5,75,120,62,58
050,41,063,"Oregon","Wallowa County",5,76,116,56,60
050,41,063,"Oregon","Wallowa County",5,77,78,42,36
050,41,063,"Oregon","Wallowa County",5,78,73,34,39
050,41,063,"Oregon","Wallowa County",5,79,73,36,37
050,41,063,"Oregon","Wallowa County",5,80,74,36,38
050,41,063,"Oregon","Wallowa County",5,81,66,33,33
050,41,063,"Oregon","Wallowa County",5,82,52,26,26
050,41,063,"Oregon","Wallowa County",5,83,36,21,15
050,41,063,"Oregon","Wallowa County",5,84,43,21,22
050,41,063,"Oregon","Wallowa County",5,85,191,82,109
050,41,065,"Oregon","Wasco County",1,0,282,143,139
050,41,065,"Oregon","Wasco County",1,1,298,159,139
050,41,065,"Oregon","Wasco County",1,2,308,169,139
050,41,065,"Oregon","Wasco County",1,3,326,175,151
050,41,065,"Oregon","Wasco County",1,4,358,196,162
050,41,065,"Oregon","Wasco County",1,5,345,194,151
050,41,065,"Oregon","Wasco County",1,6,331,183,148
050,41,065,"Oregon","Wasco County",1,7,319,172,147
050,41,065,"Oregon","Wasco County",1,8,315,167,148
050,41,065,"Oregon","Wasco County",1,9,330,171,159
050,41,065,"Oregon","Wasco County",1,10,345,163,182
050,41,065,"Oregon","Wasco County",1,11,334,155,179
050,41,065,"Oregon","Wasco County",1,12,337,170,167
050,41,065,"Oregon","Wasco County",1,13,334,167,167
050,41,065,"Oregon","Wasco County",1,14,332,179,153
050,41,065,"Oregon","Wasco County",1,15,329,183,146
050,41,065,"Oregon","Wasco County",1,16,325,174,151
050,41,065,"Oregon","Wasco County",1,17,297,158,139
050,41,065,"Oregon","Wasco County",1,18,280,157,123
050,41,065,"Oregon","Wasco County",1,19,243,126,117
050,41,065,"Oregon","Wasco County",1,20,247,122,125
050,41,065,"Oregon","Wasco County",1,21,264,132,132
050,41,065,"Oregon","Wasco County",1,22,279,140,139
050,41,065,"Oregon","Wasco County",1,23,265,133,132
050,41,065,"Oregon","Wasco County",1,24,312,164,148
050,41,065,"Oregon","Wasco County",1,25,345,168,177
050,41,065,"Oregon","Wasco County",1,26,349,189,160
050,41,065,"Oregon","Wasco County",1,27,344,179,165
050,41,065,"Oregon","Wasco County",1,28,376,195,181
050,41,065,"Oregon","Wasco County",1,29,371,202,169
050,41,065,"Oregon","Wasco County",1,30,367,189,178
050,41,065,"Oregon","Wasco County",1,31,357,171,186
050,41,065,"Oregon","Wasco County",1,32,358,181,177
050,41,065,"Oregon","Wasco County",1,33,351,174,177
050,41,065,"Oregon","Wasco County",1,34,359,185,174
050,41,065,"Oregon","Wasco County",1,35,341,195,146
050,41,065,"Oregon","Wasco County",1,36,355,189,166
050,41,065,"Oregon","Wasco County",1,37,352,175,177
050,41,065,"Oregon","Wasco County",1,38,356,185,171
050,41,065,"Oregon","Wasco County",1,39,332,171,161
050,41,065,"Oregon","Wasco County",1,40,302,154,148
050,41,065,"Oregon","Wasco County",1,41,292,150,142
050,41,065,"Oregon","Wasco County",1,42,310,155,155
050,41,065,"Oregon","Wasco County",1,43,293,148,145
050,41,065,"Oregon","Wasco County",1,44,286,142,144
050,41,065,"Oregon","Wasco County",1,45,289,146,143
050,41,065,"Oregon","Wasco County",1,46,292,158,134
050,41,065,"Oregon","Wasco County",1,47,274,136,138
050,41,065,"Oregon","Wasco County",1,48,294,150,144
050,41,065,"Oregon","Wasco County",1,49,291,150,141
050,41,065,"Oregon","Wasco County",1,50,330,164,166
050,41,065,"Oregon","Wasco County",1,51,276,135,141
050,41,065,"Oregon","Wasco County",1,52,278,137,141
050,41,065,"Oregon","Wasco County",1,53,299,149,150
050,41,065,"Oregon","Wasco County",1,54,300,143,157
050,41,065,"Oregon","Wasco County",1,55,309,150,159
050,41,065,"Oregon","Wasco County",1,56,343,167,176
050,41,065,"Oregon","Wasco County",1,57,347,167,180
050,41,065,"Oregon","Wasco County",1,58,341,170,171
050,41,065,"Oregon","Wasco County",1,59,375,167,208
050,41,065,"Oregon","Wasco County",1,60,385,185,200
050,41,065,"Oregon","Wasco County",1,61,371,180,191
050,41,065,"Oregon","Wasco County",1,62,377,186,191
050,41,065,"Oregon","Wasco County",1,63,400,196,204
050,41,065,"Oregon","Wasco County",1,64,397,191,206
050,41,065,"Oregon","Wasco County",1,65,391,182,209
050,41,065,"Oregon","Wasco County",1,66,374,194,180
050,41,065,"Oregon","Wasco County",1,67,373,204,169
050,41,065,"Oregon","Wasco County",1,68,371,208,163
050,41,065,"Oregon","Wasco County",1,69,352,173,179
050,41,065,"Oregon","Wasco County",1,70,327,155,172
050,41,065,"Oregon","Wasco County",1,71,335,162,173
050,41,065,"Oregon","Wasco County",1,72,327,157,170
050,41,065,"Oregon","Wasco County",1,73,320,160,160
050,41,065,"Oregon","Wasco County",1,74,211,109,102
050,41,065,"Oregon","Wasco County",1,75,191,98,93
050,41,065,"Oregon","Wasco County",1,76,222,117,105
050,41,065,"Oregon","Wasco County",1,77,215,108,107
050,41,065,"Oregon","Wasco County",1,78,170,77,93
050,41,065,"Oregon","Wasco County",1,79,162,78,84
050,41,065,"Oregon","Wasco County",1,80,157,78,79
050,41,065,"Oregon","Wasco County",1,81,120,59,61
050,41,065,"Oregon","Wasco County",1,82,102,48,54
050,41,065,"Oregon","Wasco County",1,83,119,48,71
050,41,065,"Oregon","Wasco County",1,84,99,40,59
050,41,065,"Oregon","Wasco County",1,85,633,236,397
050,41,065,"Oregon","Wasco County",2,0,289,139,150
050,41,065,"Oregon","Wasco County",2,1,292,157,135
050,41,065,"Oregon","Wasco County",2,2,303,166,137
050,41,065,"Oregon","Wasco County",2,3,320,172,148
050,41,065,"Oregon","Wasco County",2,4,350,191,159
050,41,065,"Oregon","Wasco County",2,5,349,193,156
050,41,065,"Oregon","Wasco County",2,6,337,187,150
050,41,065,"Oregon","Wasco County",2,7,321,173,148
050,41,065,"Oregon","Wasco County",2,8,315,169,146
050,41,065,"Oregon","Wasco County",2,9,327,170,157
050,41,065,"Oregon","Wasco County",2,10,342,165,177
050,41,065,"Oregon","Wasco County",2,11,333,157,176
050,41,065,"Oregon","Wasco County",2,12,337,167,170
050,41,065,"Oregon","Wasco County",2,13,334,168,166
050,41,065,"Oregon","Wasco County",2,14,329,176,153
050,41,065,"Oregon","Wasco County",2,15,328,183,145
050,41,065,"Oregon","Wasco County",2,16,325,176,149
050,41,065,"Oregon","Wasco County",2,17,302,162,140
050,41,065,"Oregon","Wasco County",2,18,274,153,121
050,41,065,"Oregon","Wasco County",2,19,240,126,114
050,41,065,"Oregon","Wasco County",2,20,249,123,126
050,41,065,"Oregon","Wasco County",2,21,262,129,133
050,41,065,"Oregon","Wasco County",2,22,279,139,140
050,41,065,"Oregon","Wasco County",2,23,269,135,134
050,41,065,"Oregon","Wasco County",2,24,307,160,147
050,41,065,"Oregon","Wasco County",2,25,338,168,170
050,41,065,"Oregon","Wasco County",2,26,352,186,166
050,41,065,"Oregon","Wasco County",2,27,345,181,164
050,41,065,"Oregon","Wasco County",2,28,370,192,178
050,41,065,"Oregon","Wasco County",2,29,368,200,168
050,41,065,"Oregon","Wasco County",2,30,363,189,174
050,41,065,"Oregon","Wasco County",2,31,357,174,183
050,41,065,"Oregon","Wasco County",2,32,358,179,179
050,41,065,"Oregon","Wasco County",2,33,352,176,176
050,41,065,"Oregon","Wasco County",2,34,357,182,175
050,41,065,"Oregon","Wasco County",2,35,352,196,156
050,41,065,"Oregon","Wasco County",2,36,350,190,160
050,41,065,"Oregon","Wasco County",2,37,355,179,176
050,41,065,"Oregon","Wasco County",2,38,358,185,173
050,41,065,"Oregon","Wasco County",2,39,334,171,163
050,41,065,"Oregon","Wasco County",2,40,309,159,150
050,41,065,"Oregon","Wasco County",2,41,295,152,143
050,41,065,"Oregon","Wasco County",2,42,305,154,151
050,41,065,"Oregon","Wasco County",2,43,297,151,146
050,41,065,"Oregon","Wasco County",2,44,286,143,143
050,41,065,"Oregon","Wasco County",2,45,292,147,145
050,41,065,"Oregon","Wasco County",2,46,294,157,137
050,41,065,"Oregon","Wasco County",2,47,279,142,137
050,41,065,"Oregon","Wasco County",2,48,289,147,142
050,41,065,"Oregon","Wasco County",2,49,292,150,142
050,41,065,"Oregon","Wasco County",2,50,321,160,161
050,41,065,"Oregon","Wasco County",2,51,288,139,149
050,41,065,"Oregon","Wasco County",2,52,278,138,140
050,41,065,"Oregon","Wasco County",2,53,292,144,148
050,41,065,"Oregon","Wasco County",2,54,294,140,154
050,41,065,"Oregon","Wasco County",2,55,311,151,160
050,41,065,"Oregon","Wasco County",2,56,338,164,174
050,41,065,"Oregon","Wasco County",2,57,348,167,181
050,41,065,"Oregon","Wasco County",2,58,342,170,172
050,41,065,"Oregon","Wasco County",2,59,361,165,196
050,41,065,"Oregon","Wasco County",2,60,380,178,202
050,41,065,"Oregon","Wasco County",2,61,371,179,192
050,41,065,"Oregon","Wasco County",2,62,374,185,189
050,41,065,"Oregon","Wasco County",2,63,399,195,204
050,41,065,"Oregon","Wasco County",2,64,396,192,204
050,41,065,"Oregon","Wasco County",2,65,396,185,211
050,41,065,"Oregon","Wasco County",2,66,377,191,186
050,41,065,"Oregon","Wasco County",2,67,369,200,169
050,41,065,"Oregon","Wasco County",2,68,368,206,162
050,41,065,"Oregon","Wasco County",2,69,358,183,175
050,41,065,"Oregon","Wasco County",2,70,328,158,170
050,41,065,"Oregon","Wasco County",2,71,331,160,171
050,41,065,"Oregon","Wasco County",2,72,317,155,162
050,41,065,"Oregon","Wasco County",2,73,334,165,169
050,41,065,"Oregon","Wasco County",2,74,220,111,109
050,41,065,"Oregon","Wasco County",2,75,195,101,94
050,41,065,"Oregon","Wasco County",2,76,209,110,99
050,41,065,"Oregon","Wasco County",2,77,219,110,109
050,41,065,"Oregon","Wasco County",2,78,175,81,94
050,41,065,"Oregon","Wasco County",2,79,161,76,85
050,41,065,"Oregon","Wasco County",2,80,157,78,79
050,41,065,"Oregon","Wasco County",2,81,124,60,64
050,41,065,"Oregon","Wasco County",2,82,106,50,56
050,41,065,"Oregon","Wasco County",2,83,114,46,68
050,41,065,"Oregon","Wasco County",2,84,104,43,61
050,41,065,"Oregon","Wasco County",2,85,625,233,392
050,41,065,"Oregon","Wasco County",3,0,256,124,132
050,41,065,"Oregon","Wasco County",3,1,277,130,147
050,41,065,"Oregon","Wasco County",3,2,295,158,137
050,41,065,"Oregon","Wasco County",3,3,316,172,144
050,41,065,"Oregon","Wasco County",3,4,311,169,142
050,41,065,"Oregon","Wasco County",3,5,350,191,159
050,41,065,"Oregon","Wasco County",3,6,339,188,151
050,41,065,"Oregon","Wasco County",3,7,329,171,158
050,41,065,"Oregon","Wasco County",3,8,318,175,143
050,41,065,"Oregon","Wasco County",3,9,310,169,141
050,41,065,"Oregon","Wasco County",3,10,338,181,157
050,41,065,"Oregon","Wasco County",3,11,346,173,173
050,41,065,"Oregon","Wasco County",3,12,338,158,180
050,41,065,"Oregon","Wasco County",3,13,341,166,175
050,41,065,"Oregon","Wasco County",3,14,333,168,165
050,41,065,"Oregon","Wasco County",3,15,326,169,157
050,41,065,"Oregon","Wasco County",3,16,327,181,146
050,41,065,"Oregon","Wasco County",3,17,320,171,149
050,41,065,"Oregon","Wasco County",3,18,268,144,124
050,41,065,"Oregon","Wasco County",3,19,253,139,114
050,41,065,"Oregon","Wasco County",3,20,272,136,136
050,41,065,"Oregon","Wasco County",3,21,255,127,128
050,41,065,"Oregon","Wasco County",3,22,266,128,138
050,41,065,"Oregon","Wasco County",3,23,266,138,128
050,41,065,"Oregon","Wasco County",3,24,305,153,152
050,41,065,"Oregon","Wasco County",3,25,297,156,141
050,41,065,"Oregon","Wasco County",3,26,348,171,177
050,41,065,"Oregon","Wasco County",3,27,341,178,163
050,41,065,"Oregon","Wasco County",3,28,353,188,165
050,41,065,"Oregon","Wasco County",3,29,386,199,187
050,41,065,"Oregon","Wasco County",3,30,372,198,174
050,41,065,"Oregon","Wasco County",3,31,382,201,181
050,41,065,"Oregon","Wasco County",3,32,355,169,186
050,41,065,"Oregon","Wasco County",3,33,371,187,184
050,41,065,"Oregon","Wasco County",3,34,372,188,184
050,41,065,"Oregon","Wasco County",3,35,357,186,171
050,41,065,"Oregon","Wasco County",3,36,362,197,165
050,41,065,"Oregon","Wasco County",3,37,347,182,165
050,41,065,"Oregon","Wasco County",3,38,363,190,173
050,41,065,"Oregon","Wasco County",3,39,364,177,187
050,41,065,"Oregon","Wasco County",3,40,342,178,164
050,41,065,"Oregon","Wasco County",3,41,309,155,154
050,41,065,"Oregon","Wasco County",3,42,296,155,141
050,41,065,"Oregon","Wasco County",3,43,299,151,148
050,41,065,"Oregon","Wasco County",3,44,303,155,148
050,41,065,"Oregon","Wasco County",3,45,276,134,142
050,41,065,"Oregon","Wasco County",3,46,293,146,147
050,41,065,"Oregon","Wasco County",3,47,295,150,145
050,41,065,"Oregon","Wasco County",3,48,281,143,138
050,41,065,"Oregon","Wasco County",3,49,297,145,152
050,41,065,"Oregon","Wasco County",3,50,291,158,133
050,41,065,"Oregon","Wasco County",3,51,312,157,155
050,41,065,"Oregon","Wasco County",3,52,302,144,158
050,41,065,"Oregon","Wasco County",3,53,281,138,143
050,41,065,"Oregon","Wasco County",3,54,290,147,143
050,41,065,"Oregon","Wasco County",3,55,304,147,157
050,41,065,"Oregon","Wasco County",3,56,311,151,160
050,41,065,"Oregon","Wasco County",3,57,339,170,169
050,41,065,"Oregon","Wasco County",3,58,347,161,186
050,41,065,"Oregon","Wasco County",3,59,340,162,178
050,41,065,"Oregon","Wasco County",3,60,356,169,187
050,41,065,"Oregon","Wasco County",3,61,386,180,206
050,41,065,"Oregon","Wasco County",3,62,386,179,207
050,41,065,"Oregon","Wasco County",3,63,368,181,187
050,41,065,"Oregon","Wasco County",3,64,410,205,205
050,41,065,"Oregon","Wasco County",3,65,392,184,208
050,41,065,"Oregon","Wasco County",3,66,379,174,205
050,41,065,"Oregon","Wasco County",3,67,377,190,187
050,41,065,"Oregon","Wasco County",3,68,369,205,164
050,41,065,"Oregon","Wasco County",3,69,369,205,164
050,41,065,"Oregon","Wasco County",3,70,333,168,165
050,41,065,"Oregon","Wasco County",3,71,318,153,165
050,41,065,"Oregon","Wasco County",3,72,320,157,163
050,41,065,"Oregon","Wasco County",3,73,313,152,161
050,41,065,"Oregon","Wasco County",3,74,320,157,163
050,41,065,"Oregon","Wasco County",3,75,208,107,101
050,41,065,"Oregon","Wasco County",3,76,196,108,88
050,41,065,"Oregon","Wasco County",3,77,195,101,94
050,41,065,"Oregon","Wasco County",3,78,215,107,108
050,41,065,"Oregon","Wasco County",3,79,170,77,93
050,41,065,"Oregon","Wasco County",3,80,150,72,78
050,41,065,"Oregon","Wasco County",3,81,143,71,72
050,41,065,"Oregon","Wasco County",3,82,122,62,60
050,41,065,"Oregon","Wasco County",3,83,98,41,57
050,41,065,"Oregon","Wasco County",3,84,103,47,56
050,41,065,"Oregon","Wasco County",3,85,610,226,384
050,41,065,"Oregon","Wasco County",4,0,263,133,130
050,41,065,"Oregon","Wasco County",4,1,238,112,126
050,41,065,"Oregon","Wasco County",4,2,276,130,146
050,41,065,"Oregon","Wasco County",4,3,305,163,142
050,41,065,"Oregon","Wasco County",4,4,312,178,134
050,41,065,"Oregon","Wasco County",4,5,325,175,150
050,41,065,"Oregon","Wasco County",4,6,347,187,160
050,41,065,"Oregon","Wasco County",4,7,338,182,156
050,41,065,"Oregon","Wasco County",4,8,332,173,159
050,41,065,"Oregon","Wasco County",4,9,307,166,141
050,41,065,"Oregon","Wasco County",4,10,312,164,148
050,41,065,"Oregon","Wasco County",4,11,333,184,149
050,41,065,"Oregon","Wasco County",4,12,348,175,173
050,41,065,"Oregon","Wasco County",4,13,326,149,177
050,41,065,"Oregon","Wasco County",4,14,359,175,184
050,41,065,"Oregon","Wasco County",4,15,321,160,161
050,41,065,"Oregon","Wasco County",4,16,328,170,158
050,41,065,"Oregon","Wasco County",4,17,332,185,147
050,41,065,"Oregon","Wasco County",4,18,283,158,125
050,41,065,"Oregon","Wasco County",4,19,230,123,107
050,41,065,"Oregon","Wasco County",4,20,254,142,112
050,41,065,"Oregon","Wasco County",4,21,265,134,131
050,41,065,"Oregon","Wasco County",4,22,275,131,144
050,41,065,"Oregon","Wasco County",4,23,266,126,140
050,41,065,"Oregon","Wasco County",4,24,295,152,143
050,41,065,"Oregon","Wasco County",4,25,289,144,145
050,41,065,"Oregon","Wasco County",4,26,309,164,145
050,41,065,"Oregon","Wasco County",4,27,334,164,170
050,41,065,"Oregon","Wasco County",4,28,356,189,167
050,41,065,"Oregon","Wasco County",4,29,343,180,163
050,41,065,"Oregon","Wasco County",4,30,385,197,188
050,41,065,"Oregon","Wasco County",4,31,384,207,177
050,41,065,"Oregon","Wasco County",4,32,362,195,167
050,41,065,"Oregon","Wasco County",4,33,353,168,185
050,41,065,"Oregon","Wasco County",4,34,376,188,188
050,41,065,"Oregon","Wasco County",4,35,360,184,176
050,41,065,"Oregon","Wasco County",4,36,361,186,175
050,41,065,"Oregon","Wasco County",4,37,366,192,174
050,41,065,"Oregon","Wasco County",4,38,351,192,159
050,41,065,"Oregon","Wasco County",4,39,362,189,173
050,41,065,"Oregon","Wasco County",4,40,367,178,189
050,41,065,"Oregon","Wasco County",4,41,354,185,169
050,41,065,"Oregon","Wasco County",4,42,300,151,149
050,41,065,"Oregon","Wasco County",4,43,287,149,138
050,41,065,"Oregon","Wasco County",4,44,288,146,142
050,41,065,"Oregon","Wasco County",4,45,303,155,148
050,41,065,"Oregon","Wasco County",4,46,270,133,137
050,41,065,"Oregon","Wasco County",4,47,276,139,137
050,41,065,"Oregon","Wasco County",4,48,289,143,146
050,41,065,"Oregon","Wasco County",4,49,277,137,140
050,41,065,"Oregon","Wasco County",4,50,300,155,145
050,41,065,"Oregon","Wasco County",4,51,287,158,129
050,41,065,"Oregon","Wasco County",4,52,303,151,152
050,41,065,"Oregon","Wasco County",4,53,290,138,152
050,41,065,"Oregon","Wasco County",4,54,273,137,136
050,41,065,"Oregon","Wasco County",4,55,298,150,148
050,41,065,"Oregon","Wasco County",4,56,300,145,155
050,41,065,"Oregon","Wasco County",4,57,317,150,167
050,41,065,"Oregon","Wasco County",4,58,350,180,170
050,41,065,"Oregon","Wasco County",4,59,335,155,180
050,41,065,"Oregon","Wasco County",4,60,340,160,180
050,41,065,"Oregon","Wasco County",4,61,357,170,187
050,41,065,"Oregon","Wasco County",4,62,392,184,208
050,41,065,"Oregon","Wasco County",4,63,378,177,201
050,41,065,"Oregon","Wasco County",4,64,362,182,180
050,41,065,"Oregon","Wasco County",4,65,400,194,206
050,41,065,"Oregon","Wasco County",4,66,382,184,198
050,41,065,"Oregon","Wasco County",4,67,380,176,204
050,41,065,"Oregon","Wasco County",4,68,380,196,184
050,41,065,"Oregon","Wasco County",4,69,367,200,167
050,41,065,"Oregon","Wasco County",4,70,352,192,160
050,41,065,"Oregon","Wasco County",4,71,323,160,163
050,41,065,"Oregon","Wasco County",4,72,301,152,149
050,41,065,"Oregon","Wasco County",4,73,309,151,158
050,41,065,"Oregon","Wasco County",4,74,298,143,155
050,41,065,"Oregon","Wasco County",4,75,301,145,156
050,41,065,"Oregon","Wasco County",4,76,205,105,100
050,41,065,"Oregon","Wasco County",4,77,179,96,83
050,41,065,"Oregon","Wasco County",4,78,180,85,95
050,41,065,"Oregon","Wasco County",4,79,206,103,103
050,41,065,"Oregon","Wasco County",4,80,158,69,89
050,41,065,"Oregon","Wasco County",4,81,138,64,74
050,41,065,"Oregon","Wasco County",4,82,139,72,67
050,41,065,"Oregon","Wasco County",4,83,111,53,58
050,41,065,"Oregon","Wasco County",4,84,86,41,45
050,41,065,"Oregon","Wasco County",4,85,606,224,382
050,41,065,"Oregon","Wasco County",5,0,244,124,120
050,41,065,"Oregon","Wasco County",5,1,270,134,136
050,41,065,"Oregon","Wasco County",5,2,246,114,132
050,41,065,"Oregon","Wasco County",5,3,288,138,150
050,41,065,"Oregon","Wasco County",5,4,288,154,134
050,41,065,"Oregon","Wasco County",5,5,319,171,148
050,41,065,"Oregon","Wasco County",5,6,317,171,146
050,41,065,"Oregon","Wasco County",5,7,343,181,162
050,41,065,"Oregon","Wasco County",5,8,338,186,152
050,41,065,"Oregon","Wasco County",5,9,321,166,155
050,41,065,"Oregon","Wasco County",5,10,297,163,134
050,41,065,"Oregon","Wasco County",5,11,306,157,149
050,41,065,"Oregon","Wasco County",5,12,333,186,147
050,41,065,"Oregon","Wasco County",5,13,331,163,168
050,41,065,"Oregon","Wasco County",5,14,323,148,175
050,41,065,"Oregon","Wasco County",5,15,335,162,173
050,41,065,"Oregon","Wasco County",5,16,306,151,155
050,41,065,"Oregon","Wasco County",5,17,324,166,158
050,41,065,"Oregon","Wasco County",5,18,286,167,119
050,41,065,"Oregon","Wasco County",5,19,243,133,110
050,41,065,"Oregon","Wasco County",5,20,243,127,116
050,41,065,"Oregon","Wasco County",5,21,269,141,128
050,41,065,"Oregon","Wasco County",5,22,273,141,132
050,41,065,"Oregon","Wasco County",5,23,290,134,156
050,41,065,"Oregon","Wasco County",5,24,290,144,146
050,41,065,"Oregon","Wasco County",5,25,272,137,135
050,41,065,"Oregon","Wasco County",5,26,284,146,138
050,41,065,"Oregon","Wasco County",5,27,308,157,151
050,41,065,"Oregon","Wasco County",5,28,351,177,174
050,41,065,"Oregon","Wasco County",5,29,352,186,166
050,41,065,"Oregon","Wasco County",5,30,334,176,158
050,41,065,"Oregon","Wasco County",5,31,405,207,198
050,41,065,"Oregon","Wasco County",5,32,390,203,187
050,41,065,"Oregon","Wasco County",5,33,372,203,169
050,41,065,"Oregon","Wasco County",5,34,364,172,192
050,41,065,"Oregon","Wasco County",5,35,387,194,193
050,41,065,"Oregon","Wasco County",5,36,355,182,173
050,41,065,"Oregon","Wasco County",5,37,363,192,171
050,41,065,"Oregon","Wasco County",5,38,366,200,166
050,41,065,"Oregon","Wasco County",5,39,341,184,157
050,41,065,"Oregon","Wasco County",5,40,346,181,165
050,41,065,"Oregon","Wasco County",5,41,375,182,193
050,41,065,"Oregon","Wasco County",5,42,344,177,167
050,41,065,"Oregon","Wasco County",5,43,303,154,149
050,41,065,"Oregon","Wasco County",5,44,289,148,141
050,41,065,"Oregon","Wasco County",5,45,292,140,152
050,41,065,"Oregon","Wasco County",5,46,284,141,143
050,41,065,"Oregon","Wasco County",5,47,266,127,139
050,41,065,"Oregon","Wasco County",5,48,281,137,144
050,41,065,"Oregon","Wasco County",5,49,297,137,160
050,41,065,"Oregon","Wasco County",5,50,276,138,138
050,41,065,"Oregon","Wasco County",5,51,302,155,147
050,41,065,"Oregon","Wasco County",5,52,281,157,124
050,41,065,"Oregon","Wasco County",5,53,301,148,153
050,41,065,"Oregon","Wasco County",5,54,283,135,148
050,41,065,"Oregon","Wasco County",5,55,268,136,132
050,41,065,"Oregon","Wasco County",5,56,308,156,152
050,41,065,"Oregon","Wasco County",5,57,309,148,161
050,41,065,"Oregon","Wasco County",5,58,310,141,169
050,41,065,"Oregon","Wasco County",5,59,335,167,168
050,41,065,"Oregon","Wasco County",5,60,342,161,181
050,41,065,"Oregon","Wasco County",5,61,337,162,175
050,41,065,"Oregon","Wasco County",5,62,367,182,185
050,41,065,"Oregon","Wasco County",5,63,379,183,196
050,41,065,"Oregon","Wasco County",5,64,366,172,194
050,41,065,"Oregon","Wasco County",5,65,369,179,190
050,41,065,"Oregon","Wasco County",5,66,398,198,200
050,41,065,"Oregon","Wasco County",5,67,365,178,187
050,41,065,"Oregon","Wasco County",5,68,370,172,198
050,41,065,"Oregon","Wasco County",5,69,370,188,182
050,41,065,"Oregon","Wasco County",5,70,340,177,163
050,41,065,"Oregon","Wasco County",5,71,343,182,161
050,41,065,"Oregon","Wasco County",5,72,305,154,151
050,41,065,"Oregon","Wasco County",5,73,298,150,148
050,41,065,"Oregon","Wasco County",5,74,296,146,150
050,41,065,"Oregon","Wasco County",5,75,289,139,150
050,41,065,"Oregon","Wasco County",5,76,291,139,152
050,41,065,"Oregon","Wasco County",5,77,192,95,97
050,41,065,"Oregon","Wasco County",5,78,166,85,81
050,41,065,"Oregon","Wasco County",5,79,168,79,89
050,41,065,"Oregon","Wasco County",5,80,189,95,94
050,41,065,"Oregon","Wasco County",5,81,145,60,85
050,41,065,"Oregon","Wasco County",5,82,133,64,69
050,41,065,"Oregon","Wasco County",5,83,127,63,64
050,41,065,"Oregon","Wasco County",5,84,100,51,49
050,41,065,"Oregon","Wasco County",5,85,571,210,361
050,41,067,"Oregon","Washington County",1,0,6358,3257,3101
050,41,067,"Oregon","Washington County",1,1,6441,3346,3095
050,41,067,"Oregon","Washington County",1,2,6707,3474,3233
050,41,067,"Oregon","Washington County",1,3,7011,3586,3425
050,41,067,"Oregon","Washington County",1,4,7219,3690,3529
050,41,067,"Oregon","Washington County",1,5,7415,3720,3695
050,41,067,"Oregon","Washington County",1,6,7450,3828,3622
050,41,067,"Oregon","Washington County",1,7,7497,3877,3620
050,41,067,"Oregon","Washington County",1,8,7620,3958,3662
050,41,067,"Oregon","Washington County",1,9,7595,3910,3685
050,41,067,"Oregon","Washington County",1,10,7978,4100,3878
050,41,067,"Oregon","Washington County",1,11,8143,4179,3964
050,41,067,"Oregon","Washington County",1,12,8333,4235,4098
050,41,067,"Oregon","Washington County",1,13,8161,4155,4006
050,41,067,"Oregon","Washington County",1,14,8008,4114,3894
050,41,067,"Oregon","Washington County",1,15,8073,4210,3863
050,41,067,"Oregon","Washington County",1,16,8018,4135,3883
050,41,067,"Oregon","Washington County",1,17,7873,4036,3837
050,41,067,"Oregon","Washington County",1,18,6854,3560,3294
050,41,067,"Oregon","Washington County",1,19,6020,3113,2907
050,41,067,"Oregon","Washington County",1,20,6195,3159,3036
050,41,067,"Oregon","Washington County",1,21,6413,3177,3236
050,41,067,"Oregon","Washington County",1,22,6761,3351,3410
050,41,067,"Oregon","Washington County",1,23,7491,3749,3742
050,41,067,"Oregon","Washington County",1,24,8107,4087,4020
050,41,067,"Oregon","Washington County",1,25,8555,4313,4242
050,41,067,"Oregon","Washington County",1,26,9044,4569,4475
050,41,067,"Oregon","Washington County",1,27,9101,4649,4452
050,41,067,"Oregon","Washington County",1,28,9472,4748,4724
050,41,067,"Oregon","Washington County",1,29,9745,4942,4803
050,41,067,"Oregon","Washington County",1,30,9731,5070,4661
050,41,067,"Oregon","Washington County",1,31,9541,4950,4591
050,41,067,"Oregon","Washington County",1,32,9522,4887,4635
050,41,067,"Oregon","Washington County",1,33,9711,5048,4663
050,41,067,"Oregon","Washington County",1,34,9852,5093,4759
050,41,067,"Oregon","Washington County",1,35,9692,4989,4703
050,41,067,"Oregon","Washington County",1,36,9609,4987,4622
050,41,067,"Oregon","Washington County",1,37,9821,5004,4817
050,41,067,"Oregon","Washington County",1,38,9586,4846,4740
050,41,067,"Oregon","Washington County",1,39,9656,4891,4765
050,41,067,"Oregon","Washington County",1,40,9195,4724,4471
050,41,067,"Oregon","Washington County",1,41,8865,4585,4280
050,41,067,"Oregon","Washington County",1,42,8942,4612,4330
050,41,067,"Oregon","Washington County",1,43,8453,4247,4206
050,41,067,"Oregon","Washington County",1,44,8302,4169,4133
050,41,067,"Oregon","Washington County",1,45,8259,4169,4090
050,41,067,"Oregon","Washington County",1,46,8054,4047,4007
050,41,067,"Oregon","Washington County",1,47,8091,4137,3954
050,41,067,"Oregon","Washington County",1,48,8398,4326,4072
050,41,067,"Oregon","Washington County",1,49,8697,4412,4285
050,41,067,"Oregon","Washington County",1,50,8262,4195,4067
050,41,067,"Oregon","Washington County",1,51,7916,3957,3959
050,41,067,"Oregon","Washington County",1,52,7386,3743,3643
050,41,067,"Oregon","Washington County",1,53,7248,3693,3555
050,41,067,"Oregon","Washington County",1,54,7063,3536,3527
050,41,067,"Oregon","Washington County",1,55,7168,3597,3571
050,41,067,"Oregon","Washington County",1,56,7281,3650,3631
050,41,067,"Oregon","Washington County",1,57,7206,3591,3615
050,41,067,"Oregon","Washington County",1,58,7196,3578,3618
050,41,067,"Oregon","Washington County",1,59,6941,3428,3513
050,41,067,"Oregon","Washington County",1,60,6830,3371,3459
050,41,067,"Oregon","Washington County",1,61,6727,3260,3467
050,41,067,"Oregon","Washington County",1,62,6734,3270,3464
050,41,067,"Oregon","Washington County",1,63,6419,3103,3316
050,41,067,"Oregon","Washington County",1,64,6283,3064,3219
050,41,067,"Oregon","Washington County",1,65,6135,2923,3212
050,41,067,"Oregon","Washington County",1,66,5861,2715,3146
050,41,067,"Oregon","Washington County",1,67,5694,2687,3007
050,41,067,"Oregon","Washington County",1,68,5459,2562,2897
050,41,067,"Oregon","Washington County",1,69,5048,2323,2725
050,41,067,"Oregon","Washington County",1,70,4879,2204,2675
050,41,067,"Oregon","Washington County",1,71,4663,2108,2555
050,41,067,"Oregon","Washington County",1,72,4769,2109,2660
050,41,067,"Oregon","Washington County",1,73,4760,2128,2632
050,41,067,"Oregon","Washington County",1,74,3370,1487,1883
050,41,067,"Oregon","Washington County",1,75,3328,1489,1839
050,41,067,"Oregon","Washington County",1,76,3112,1400,1712
050,41,067,"Oregon","Washington County",1,77,2961,1316,1645
050,41,067,"Oregon","Washington County",1,78,2538,1096,1442
050,41,067,"Oregon","Washington County",1,79,2212,955,1257
050,41,067,"Oregon","Washington County",1,80,2052,894,1158
050,41,067,"Oregon","Washington County",1,81,1890,803,1087
050,41,067,"Oregon","Washington County",1,82,1611,670,941
050,41,067,"Oregon","Washington County",1,83,1468,607,861
050,41,067,"Oregon","Washington County",1,84,1369,533,836
050,41,067,"Oregon","Washington County",1,85,8895,3187,5708
050,41,067,"Oregon","Washington County",2,0,6275,3215,3060
050,41,067,"Oregon","Washington County",2,1,6428,3328,3100
050,41,067,"Oregon","Washington County",2,2,6654,3441,3213
050,41,067,"Oregon","Washington County",2,3,6911,3539,3372
050,41,067,"Oregon","Washington County",2,4,7176,3669,3507
050,41,067,"Oregon","Washington County",2,5,7378,3719,3659
050,41,067,"Oregon","Washington County",2,6,7448,3810,3638
050,41,067,"Oregon","Washington County",2,7,7476,3858,3618
050,41,067,"Oregon","Washington County",2,8,7554,3922,3632
050,41,067,"Oregon","Washington County",2,9,7579,3910,3669
050,41,067,"Oregon","Washington County",2,10,7887,4051,3836
050,41,067,"Oregon","Washington County",2,11,8073,4145,3928
050,41,067,"Oregon","Washington County",2,12,8321,4240,4081
050,41,067,"Oregon","Washington County",2,13,8187,4167,4020
050,41,067,"Oregon","Washington County",2,14,8048,4129,3919
050,41,067,"Oregon","Washington County",2,15,8053,4186,3867
050,41,067,"Oregon","Washington County",2,16,8036,4150,3886
050,41,067,"Oregon","Washington County",2,17,7894,4048,3846
050,41,067,"Oregon","Washington County",2,18,6868,3572,3296
050,41,067,"Oregon","Washington County",2,19,6055,3124,2931
050,41,067,"Oregon","Washington County",2,20,6297,3210,3087
050,41,067,"Oregon","Washington County",2,21,6425,3203,3222
050,41,067,"Oregon","Washington County",2,22,6811,3362,3449
050,41,067,"Oregon","Washington County",2,23,7475,3729,3746
050,41,067,"Oregon","Washington County",2,24,8046,4063,3983
050,41,067,"Oregon","Washington County",2,25,8535,4318,4217
050,41,067,"Oregon","Washington County",2,26,9011,4565,4446
050,41,067,"Oregon","Washington County",2,27,9142,4660,4482
050,41,067,"Oregon","Washington County",2,28,9453,4767,4686
050,41,067,"Oregon","Washington County",2,29,9720,4920,4800
050,41,067,"Oregon","Washington County",2,30,9837,5100,4737
050,41,067,"Oregon","Washington County",2,31,9578,4983,4595
050,41,067,"Oregon","Washington County",2,32,9529,4904,4625
050,41,067,"Oregon","Washington County",2,33,9677,5023,4654
050,41,067,"Oregon","Washington County",2,34,9838,5095,4743
050,41,067,"Oregon","Washington County",2,35,9770,5029,4741
050,41,067,"Oregon","Washington County",2,36,9581,4967,4614
050,41,067,"Oregon","Washington County",2,37,9767,4989,4778
050,41,067,"Oregon","Washington County",2,38,9675,4899,4776
050,41,067,"Oregon","Washington County",2,39,9589,4854,4735
050,41,067,"Oregon","Washington County",2,40,9331,4780,4551
050,41,067,"Oregon","Washington County",2,41,8927,4608,4319
050,41,067,"Oregon","Washington County",2,42,8871,4578,4293
050,41,067,"Oregon","Washington County",2,43,8605,4354,4251
050,41,067,"Oregon","Washington County",2,44,8273,4156,4117
050,41,067,"Oregon","Washington County",2,45,8290,4174,4116
050,41,067,"Oregon","Washington County",2,46,8079,4062,4017
050,41,067,"Oregon","Washington County",2,47,8055,4102,3953
050,41,067,"Oregon","Washington County",2,48,8312,4274,4038
050,41,067,"Oregon","Washington County",2,49,8621,4392,4229
050,41,067,"Oregon","Washington County",2,50,8374,4249,4125
050,41,067,"Oregon","Washington County",2,51,7954,3988,3966
050,41,067,"Oregon","Washington County",2,52,7489,3783,3706
050,41,067,"Oregon","Washington County",2,53,7263,3691,3572
050,41,067,"Oregon","Washington County",2,54,7068,3555,3513
050,41,067,"Oregon","Washington County",2,55,7117,3565,3552
050,41,067,"Oregon","Washington County",2,56,7249,3637,3612
050,41,067,"Oregon","Washington County",2,57,7213,3600,3613
050,41,067,"Oregon","Washington County",2,58,7169,3568,3601
050,41,067,"Oregon","Washington County",2,59,7003,3461,3542
050,41,067,"Oregon","Washington County",2,60,6816,3364,3452
050,41,067,"Oregon","Washington County",2,61,6716,3265,3451
050,41,067,"Oregon","Washington County",2,62,6698,3246,3452
050,41,067,"Oregon","Washington County",2,63,6506,3149,3357
050,41,067,"Oregon","Washington County",2,64,6266,3045,3221
050,41,067,"Oregon","Washington County",2,65,6138,2935,3203
050,41,067,"Oregon","Washington County",2,66,5916,2757,3159
050,41,067,"Oregon","Washington County",2,67,5691,2673,3018
050,41,067,"Oregon","Washington County",2,68,5462,2565,2897
050,41,067,"Oregon","Washington County",2,69,5153,2381,2772
050,41,067,"Oregon","Washington County",2,70,4888,2214,2674
050,41,067,"Oregon","Washington County",2,71,4717,2127,2590
050,41,067,"Oregon","Washington County",2,72,4657,2071,2586
050,41,067,"Oregon","Washington County",2,73,4964,2214,2750
050,41,067,"Oregon","Washington County",2,74,3475,1538,1937
050,41,067,"Oregon","Washington County",2,75,3344,1487,1857
050,41,067,"Oregon","Washington County",2,76,3121,1397,1724
050,41,067,"Oregon","Washington County",2,77,3052,1364,1688
050,41,067,"Oregon","Washington County",2,78,2583,1120,1463
050,41,067,"Oregon","Washington County",2,79,2252,971,1281
050,41,067,"Oregon","Washington County",2,80,2078,898,1180
050,41,067,"Oregon","Washington County",2,81,1897,812,1085
050,41,067,"Oregon","Washington County",2,82,1668,696,972
050,41,067,"Oregon","Washington County",2,83,1478,610,868
050,41,067,"Oregon","Washington County",2,84,1365,533,832
050,41,067,"Oregon","Washington County",2,85,8909,3201,5708
050,41,067,"Oregon","Washington County",3,0,5942,3060,2882
050,41,067,"Oregon","Washington County",3,1,6325,3275,3050
050,41,067,"Oregon","Washington County",3,2,6430,3327,3103
050,41,067,"Oregon","Washington County",3,3,6636,3442,3194
050,41,067,"Oregon","Washington County",3,4,6772,3479,3293
050,41,067,"Oregon","Washington County",3,5,7207,3647,3560
050,41,067,"Oregon","Washington County",3,6,7284,3690,3594
050,41,067,"Oregon","Washington County",3,7,7370,3754,3616
050,41,067,"Oregon","Washington County",3,8,7345,3799,3546
050,41,067,"Oregon","Washington County",3,9,7477,3889,3588
050,41,067,"Oregon","Washington County",3,10,7469,3835,3634
050,41,067,"Oregon","Washington County",3,11,7845,4032,3813
050,41,067,"Oregon","Washington County",3,12,7999,4100,3899
050,41,067,"Oregon","Washington County",3,13,8246,4201,4045
050,41,067,"Oregon","Washington County",3,14,8140,4163,3977
050,41,067,"Oregon","Washington County",3,15,7968,4104,3864
050,41,067,"Oregon","Washington County",3,16,7991,4121,3870
050,41,067,"Oregon","Washington County",3,17,7968,4094,3874
050,41,067,"Oregon","Washington County",3,18,6984,3631,3353
050,41,067,"Oregon","Washington County",3,19,6032,3096,2936
050,41,067,"Oregon","Washington County",3,20,6406,3264,3142
050,41,067,"Oregon","Washington County",3,21,6504,3284,3220
050,41,067,"Oregon","Washington County",3,22,6895,3382,3513
050,41,067,"Oregon","Washington County",3,23,7491,3747,3744
050,41,067,"Oregon","Washington County",3,24,8045,4053,3992
050,41,067,"Oregon","Washington County",3,25,8320,4264,4056
050,41,067,"Oregon","Washington County",3,26,8694,4467,4227
050,41,067,"Oregon","Washington County",3,27,9169,4594,4575
050,41,067,"Oregon","Washington County",3,28,9293,4752,4541
050,41,067,"Oregon","Washington County",3,29,9611,4822,4789
050,41,067,"Oregon","Washington County",3,30,9928,5052,4876
050,41,067,"Oregon","Washington County",3,31,9919,5144,4775
050,41,067,"Oregon","Washington County",3,32,9807,5069,4738
050,41,067,"Oregon","Washington County",3,33,9595,4951,4644
050,41,067,"Oregon","Washington County",3,34,9738,5034,4704
050,41,067,"Oregon","Washington County",3,35,9716,5000,4716
050,41,067,"Oregon","Washington County",3,36,9807,5085,4722
050,41,067,"Oregon","Washington County",3,37,9667,5013,4654
050,41,067,"Oregon","Washington County",3,38,9739,5002,4737
050,41,067,"Oregon","Washington County",3,39,9625,4861,4764
050,41,067,"Oregon","Washington County",3,40,9489,4776,4713
050,41,067,"Oregon","Washington County",3,41,9254,4717,4537
050,41,067,"Oregon","Washington County",3,42,8889,4574,4315
050,41,067,"Oregon","Washington County",3,43,8793,4538,4255
050,41,067,"Oregon","Washington County",3,44,8513,4315,4198
050,41,067,"Oregon","Washington County",3,45,8212,4115,4097
050,41,067,"Oregon","Washington County",3,46,8233,4148,4085
050,41,067,"Oregon","Washington County",3,47,8051,4057,3994
050,41,067,"Oregon","Washington County",3,48,7966,4055,3911
050,41,067,"Oregon","Washington County",3,49,8167,4188,3979
050,41,067,"Oregon","Washington County",3,50,8517,4335,4182
050,41,067,"Oregon","Washington County",3,51,8295,4198,4097
050,41,067,"Oregon","Washington County",3,52,7922,3983,3939
050,41,067,"Oregon","Washington County",3,53,7398,3745,3653
050,41,067,"Oregon","Washington County",3,54,7122,3609,3513
050,41,067,"Oregon","Washington County",3,55,6926,3483,3443
050,41,067,"Oregon","Washington County",3,56,6990,3491,3499
050,41,067,"Oregon","Washington County",3,57,7154,3566,3588
050,41,067,"Oregon","Washington County",3,58,7053,3511,3542
050,41,067,"Oregon","Washington County",3,59,6997,3482,3515
050,41,067,"Oregon","Washington County",3,60,6792,3340,3452
050,41,067,"Oregon","Washington County",3,61,6760,3336,3424
050,41,067,"Oregon","Washington County",3,62,6611,3215,3396
050,41,067,"Oregon","Washington County",3,63,6538,3152,3386
050,41,067,"Oregon","Washington County",3,64,6361,3099,3262
050,41,067,"Oregon","Washington County",3,65,6089,2944,3145
050,41,067,"Oregon","Washington County",3,66,6014,2860,3154
050,41,067,"Oregon","Washington County",3,67,5839,2722,3117
050,41,067,"Oregon","Washington County",3,68,5635,2625,3010
050,41,067,"Oregon","Washington County",3,69,5338,2493,2845
050,41,067,"Oregon","Washington County",3,70,5062,2310,2752
050,41,067,"Oregon","Washington County",3,71,4824,2163,2661
050,41,067,"Oregon","Washington County",3,72,4653,2074,2579
050,41,067,"Oregon","Washington County",3,73,4599,2036,2563
050,41,067,"Oregon","Washington County",3,74,4855,2175,2680
050,41,067,"Oregon","Washington County",3,75,3401,1504,1897
050,41,067,"Oregon","Washington County",3,76,3281,1444,1837
050,41,067,"Oregon","Washington County",3,77,3074,1378,1696
050,41,067,"Oregon","Washington County",3,78,2945,1290,1655
050,41,067,"Oregon","Washington County",3,79,2473,1067,1406
050,41,067,"Oregon","Washington County",3,80,2192,923,1269
050,41,067,"Oregon","Washington County",3,81,2018,862,1156
050,41,067,"Oregon","Washington County",3,82,1840,789,1051
050,41,067,"Oregon","Washington County",3,83,1621,671,950
050,41,067,"Oregon","Washington County",3,84,1363,557,806
050,41,067,"Oregon","Washington County",3,85,8935,3208,5727
050,41,067,"Oregon","Washington County",4,0,6141,3218,2923
050,41,067,"Oregon","Washington County",4,1,5992,3042,2950
050,41,067,"Oregon","Washington County",4,2,6305,3230,3075
050,41,067,"Oregon","Washington County",4,3,6383,3262,3121
050,41,067,"Oregon","Washington County",4,4,6563,3459,3104
050,41,067,"Oregon","Washington County",4,5,6748,3468,3280
050,41,067,"Oregon","Washington County",4,6,7110,3638,3472
050,41,067,"Oregon","Washington County",4,7,7208,3657,3551
050,41,067,"Oregon","Washington County",4,8,7289,3712,3577
050,41,067,"Oregon","Washington County",4,9,7272,3761,3511
050,41,067,"Oregon","Washington County",4,10,7462,3872,3590
050,41,067,"Oregon","Washington County",4,11,7372,3791,3581
050,41,067,"Oregon","Washington County",4,12,7684,3937,3747
050,41,067,"Oregon","Washington County",4,13,7832,4009,3823
050,41,067,"Oregon","Washington County",4,14,8154,4148,4006
050,41,067,"Oregon","Washington County",4,15,8017,4073,3944
050,41,067,"Oregon","Washington County",4,16,7888,4048,3840
050,41,067,"Oregon","Washington County",4,17,7866,4020,3846
050,41,067,"Oregon","Washington County",4,18,6984,3656,3328
050,41,067,"Oregon","Washington County",4,19,5940,3070,2870
050,41,067,"Oregon","Washington County",4,20,6221,3180,3041
050,41,067,"Oregon","Washington County",4,21,6460,3293,3167
050,41,067,"Oregon","Washington County",4,22,6795,3407,3388
050,41,067,"Oregon","Washington County",4,23,7475,3732,3743
050,41,067,"Oregon","Washington County",4,24,7904,4031,3873
050,41,067,"Oregon","Washington County",4,25,8357,4282,4075
050,41,067,"Oregon","Washington County",4,26,8645,4514,4131
050,41,067,"Oregon","Washington County",4,27,8869,4539,4330
050,41,067,"Oregon","Washington County",4,28,9242,4672,4570
050,41,067,"Oregon","Washington County",4,29,9330,4779,4551
050,41,067,"Oregon","Washington County",4,30,9713,4881,4832
050,41,067,"Oregon","Washington County",4,31,9996,5148,4848
050,41,067,"Oregon","Washington County",4,32,9887,5098,4789
050,41,067,"Oregon","Washington County",4,33,9830,5086,4744
050,41,067,"Oregon","Washington County",4,34,9511,4894,4617
050,41,067,"Oregon","Washington County",4,35,9652,4970,4682
050,41,067,"Oregon","Washington County",4,36,9690,4986,4704
050,41,067,"Oregon","Washington County",4,37,9673,4981,4692
050,41,067,"Oregon","Washington County",4,38,9680,5046,4634
050,41,067,"Oregon","Washington County",4,39,9660,4958,4702
050,41,067,"Oregon","Washington County",4,40,9466,4781,4685
050,41,067,"Oregon","Washington County",4,41,9377,4720,4657
050,41,067,"Oregon","Washington County",4,42,9115,4639,4476
050,41,067,"Oregon","Washington County",4,43,8801,4495,4306
050,41,067,"Oregon","Washington County",4,44,8682,4441,4241
050,41,067,"Oregon","Washington County",4,45,8355,4244,4111
050,41,067,"Oregon","Washington County",4,46,8056,4012,4044
050,41,067,"Oregon","Washington County",4,47,8107,4061,4046
050,41,067,"Oregon","Washington County",4,48,7966,4010,3956
050,41,067,"Oregon","Washington County",4,49,7770,3942,3828
050,41,067,"Oregon","Washington County",4,50,8020,4091,3929
050,41,067,"Oregon","Washington County",4,51,8256,4197,4059
050,41,067,"Oregon","Washington County",4,52,8147,4122,4025
050,41,067,"Oregon","Washington County",4,53,7780,3927,3853
050,41,067,"Oregon","Washington County",4,54,7203,3626,3577
050,41,067,"Oregon","Washington County",4,55,6930,3531,3399
050,41,067,"Oregon","Washington County",4,56,6724,3392,3332
050,41,067,"Oregon","Washington County",4,57,6817,3371,3446
050,41,067,"Oregon","Washington County",4,58,6981,3502,3479
050,41,067,"Oregon","Washington County",4,59,6863,3407,3456
050,41,067,"Oregon","Washington County",4,60,6845,3391,3454
050,41,067,"Oregon","Washington County",4,61,6704,3262,3442
050,41,067,"Oregon","Washington County",4,62,6555,3209,3346
050,41,067,"Oregon","Washington County",4,63,6416,3100,3316
050,41,067,"Oregon","Washington County",4,64,6358,3071,3287
050,41,067,"Oregon","Washington County",4,65,6228,3034,3194
050,41,067,"Oregon","Washington County",4,66,5935,2834,3101
050,41,067,"Oregon","Washington County",4,67,5848,2762,3086
050,41,067,"Oregon","Washington County",4,68,5753,2644,3109
050,41,067,"Oregon","Washington County",4,69,5489,2551,2938
050,41,067,"Oregon","Washington County",4,70,5202,2405,2797
050,41,067,"Oregon","Washington County",4,71,5014,2266,2748
050,41,067,"Oregon","Washington County",4,72,4755,2114,2641
050,41,067,"Oregon","Washington County",4,73,4563,2002,2561
050,41,067,"Oregon","Washington County",4,74,4533,2006,2527
050,41,067,"Oregon","Washington County",4,75,4736,2100,2636
050,41,067,"Oregon","Washington County",4,76,3331,1471,1860
050,41,067,"Oregon","Washington County",4,77,3231,1435,1796
050,41,067,"Oregon","Washington County",4,78,2992,1322,1670
050,41,067,"Oregon","Washington County",4,79,2840,1242,1598
050,41,067,"Oregon","Washington County",4,80,2396,1018,1378
050,41,067,"Oregon","Washington County",4,81,2123,895,1228
050,41,067,"Oregon","Washington County",4,82,1946,811,1135
050,41,067,"Oregon","Washington County",4,83,1785,763,1022
050,41,067,"Oregon","Washington County",4,84,1482,606,876
050,41,067,"Oregon","Washington County",4,85,8810,3229,5581
050,41,067,"Oregon","Washington County",5,0,5927,3101,2826
050,41,067,"Oregon","Washington County",5,1,6175,3213,2962
050,41,067,"Oregon","Washington County",5,2,5967,3039,2928
050,41,067,"Oregon","Washington County",5,3,6367,3255,3112
050,41,067,"Oregon","Washington County",5,4,6365,3271,3094
050,41,067,"Oregon","Washington County",5,5,6525,3435,3090
050,41,067,"Oregon","Washington County",5,6,6715,3466,3249
050,41,067,"Oregon","Washington County",5,7,7044,3581,3463
050,41,067,"Oregon","Washington County",5,8,7101,3630,3471
050,41,067,"Oregon","Washington County",5,9,7196,3664,3532
050,41,067,"Oregon","Washington County",5,10,7207,3691,3516
050,41,067,"Oregon","Washington County",5,11,7417,3856,3561
050,41,067,"Oregon","Washington County",5,12,7291,3778,3513
050,41,067,"Oregon","Washington County",5,13,7603,3913,3690
050,41,067,"Oregon","Washington County",5,14,7743,3994,3749
050,41,067,"Oregon","Washington County",5,15,8097,4127,3970
050,41,067,"Oregon","Washington County",5,16,7983,4069,3914
050,41,067,"Oregon","Washington County",5,17,7781,3986,3795
050,41,067,"Oregon","Washington County",5,18,6920,3633,3287
050,41,067,"Oregon","Washington County",5,19,5967,3104,2863
050,41,067,"Oregon","Washington County",5,20,6309,3222,3087
050,41,067,"Oregon","Washington County",5,21,6387,3252,3135
050,41,067,"Oregon","Washington County",5,22,6721,3395,3326
050,41,067,"Oregon","Washington County",5,23,7266,3669,3597
050,41,067,"Oregon","Washington County",5,24,7888,4027,3861
050,41,067,"Oregon","Washington County",5,25,8076,4146,3930
050,41,067,"Oregon","Washington County",5,26,8567,4414,4153
050,41,067,"Oregon","Washington County",5,27,8756,4547,4209
050,41,067,"Oregon","Washington County",5,28,8996,4598,4398
050,41,067,"Oregon","Washington County",5,29,9357,4747,4610
050,41,067,"Oregon","Washington County",5,30,9420,4818,4602
050,41,067,"Oregon","Washington County",5,31,9756,4896,4860
050,41,067,"Oregon","Washington County",5,32,10186,5213,4973
050,41,067,"Oregon","Washington County",5,33,10048,5247,4801
050,41,067,"Oregon","Washington County",5,34,9838,5127,4711
050,41,067,"Oregon","Washington County",5,35,9504,4899,4605
050,41,067,"Oregon","Washington County",5,36,9573,4966,4607
050,41,067,"Oregon","Washington County",5,37,9596,4939,4657
050,41,067,"Oregon","Washington County",5,38,9603,4952,4651
050,41,067,"Oregon","Washington County",5,39,9598,5000,4598
050,41,067,"Oregon","Washington County",5,40,9541,4863,4678
050,41,067,"Oregon","Washington County",5,41,9393,4760,4633
050,41,067,"Oregon","Washington County",5,42,9229,4653,4576
050,41,067,"Oregon","Washington County",5,43,8999,4538,4461
050,41,067,"Oregon","Washington County",5,44,8626,4436,4190
050,41,067,"Oregon","Washington County",5,45,8582,4405,4177
050,41,067,"Oregon","Washington County",5,46,8237,4152,4085
050,41,067,"Oregon","Washington County",5,47,7999,3970,4029
050,41,067,"Oregon","Washington County",5,48,7967,3964,4003
050,41,067,"Oregon","Washington County",5,49,7850,3962,3888
050,41,067,"Oregon","Washington County",5,50,7636,3897,3739
050,41,067,"Oregon","Washington County",5,51,7877,4000,3877
050,41,067,"Oregon","Washington County",5,52,8149,4146,4003
050,41,067,"Oregon","Washington County",5,53,8021,4049,3972
050,41,067,"Oregon","Washington County",5,54,7612,3840,3772
050,41,067,"Oregon","Washington County",5,55,7075,3557,3518
050,41,067,"Oregon","Washington County",5,56,6774,3454,3320
050,41,067,"Oregon","Washington County",5,57,6641,3323,3318
050,41,067,"Oregon","Washington County",5,58,6684,3322,3362
050,41,067,"Oregon","Washington County",5,59,6817,3415,3402
050,41,067,"Oregon","Washington County",5,60,6722,3315,3407
050,41,067,"Oregon","Washington County",5,61,6654,3289,3365
050,41,067,"Oregon","Washington County",5,62,6563,3175,3388
050,41,067,"Oregon","Washington County",5,63,6380,3110,3270
050,41,067,"Oregon","Washington County",5,64,6234,3024,3210
050,41,067,"Oregon","Washington County",5,65,6201,3024,3177
050,41,067,"Oregon","Washington County",5,66,6110,2960,3150
050,41,067,"Oregon","Washington County",5,67,5833,2777,3056
050,41,067,"Oregon","Washington County",5,68,5718,2698,3020
050,41,067,"Oregon","Washington County",5,69,5645,2571,3074
050,41,067,"Oregon","Washington County",5,70,5389,2476,2913
050,41,067,"Oregon","Washington County",5,71,5093,2341,2752
050,41,067,"Oregon","Washington County",5,72,4919,2211,2708
050,41,067,"Oregon","Washington County",5,73,4665,2049,2616
050,41,067,"Oregon","Washington County",5,74,4445,1948,2497
050,41,067,"Oregon","Washington County",5,75,4422,1955,2467
050,41,067,"Oregon","Washington County",5,76,4576,2007,2569
050,41,067,"Oregon","Washington County",5,77,3278,1440,1838
050,41,067,"Oregon","Washington County",5,78,3129,1375,1754
050,41,067,"Oregon","Washington County",5,79,2863,1250,1613
050,41,067,"Oregon","Washington County",5,80,2744,1183,1561
050,41,067,"Oregon","Washington County",5,81,2321,978,1343
050,41,067,"Oregon","Washington County",5,82,2040,853,1187
050,41,067,"Oregon","Washington County",5,83,1865,780,1085
050,41,067,"Oregon","Washington County",5,84,1645,701,944
050,41,067,"Oregon","Washington County",5,85,8866,3283,5583
050,41,069,"Oregon","Wheeler County",1,0,8,4,4
050,41,069,"Oregon","Wheeler County",1,1,11,5,6
050,41,069,"Oregon","Wheeler County",1,2,13,3,10
050,41,069,"Oregon","Wheeler County",1,3,10,7,3
050,41,069,"Oregon","Wheeler County",1,4,19,11,8
050,41,069,"Oregon","Wheeler County",1,5,11,4,7
050,41,069,"Oregon","Wheeler County",1,6,14,3,11
050,41,069,"Oregon","Wheeler County",1,7,10,3,7
050,41,069,"Oregon","Wheeler County",1,8,3,1,2
050,41,069,"Oregon","Wheeler County",1,9,10,7,3
050,41,069,"Oregon","Wheeler County",1,10,10,3,7
050,41,069,"Oregon","Wheeler County",1,11,16,8,8
050,41,069,"Oregon","Wheeler County",1,12,5,2,3
050,41,069,"Oregon","Wheeler County",1,13,12,5,7
050,41,069,"Oregon","Wheeler County",1,14,15,7,8
050,41,069,"Oregon","Wheeler County",1,15,12,8,4
050,41,069,"Oregon","Wheeler County",1,16,14,10,4
050,41,069,"Oregon","Wheeler County",1,17,11,5,6
050,41,069,"Oregon","Wheeler County",1,18,10,6,4
050,41,069,"Oregon","Wheeler County",1,19,10,5,5
050,41,069,"Oregon","Wheeler County",1,20,13,9,4
050,41,069,"Oregon","Wheeler County",1,21,15,7,8
050,41,069,"Oregon","Wheeler County",1,22,10,6,4
050,41,069,"Oregon","Wheeler County",1,23,15,11,4
050,41,069,"Oregon","Wheeler County",1,24,10,4,6
050,41,069,"Oregon","Wheeler County",1,25,5,4,1
050,41,069,"Oregon","Wheeler County",1,26,11,7,4
050,41,069,"Oregon","Wheeler County",1,27,14,7,7
050,41,069,"Oregon","Wheeler County",1,28,6,3,3
050,41,069,"Oregon","Wheeler County",1,29,7,5,2
050,41,069,"Oregon","Wheeler County",1,30,13,7,6
050,41,069,"Oregon","Wheeler County",1,31,17,6,11
050,41,069,"Oregon","Wheeler County",1,32,12,5,7
050,41,069,"Oregon","Wheeler County",1,33,11,6,5
050,41,069,"Oregon","Wheeler County",1,34,10,5,5
050,41,069,"Oregon","Wheeler County",1,35,7,3,4
050,41,069,"Oregon","Wheeler County",1,36,19,7,12
050,41,069,"Oregon","Wheeler County",1,37,18,11,7
050,41,069,"Oregon","Wheeler County",1,38,15,8,7
050,41,069,"Oregon","Wheeler County",1,39,13,6,7
050,41,069,"Oregon","Wheeler County",1,40,6,1,5
050,41,069,"Oregon","Wheeler County",1,41,12,7,5
050,41,069,"Oregon","Wheeler County",1,42,11,8,3
050,41,069,"Oregon","Wheeler County",1,43,16,9,7
050,41,069,"Oregon","Wheeler County",1,44,12,5,7
050,41,069,"Oregon","Wheeler County",1,45,11,5,6
050,41,069,"Oregon","Wheeler County",1,46,13,9,4
050,41,069,"Oregon","Wheeler County",1,47,21,17,4
050,41,069,"Oregon","Wheeler County",1,48,13,8,5
050,41,069,"Oregon","Wheeler County",1,49,11,4,7
050,41,069,"Oregon","Wheeler County",1,50,11,4,7
050,41,069,"Oregon","Wheeler County",1,51,12,4,8
050,41,069,"Oregon","Wheeler County",1,52,9,3,6
050,41,069,"Oregon","Wheeler County",1,53,15,9,6
050,41,069,"Oregon","Wheeler County",1,54,23,11,12
050,41,069,"Oregon","Wheeler County",1,55,22,8,14
050,41,069,"Oregon","Wheeler County",1,56,18,6,12
050,41,069,"Oregon","Wheeler County",1,57,25,11,14
050,41,069,"Oregon","Wheeler County",1,58,28,13,15
050,41,069,"Oregon","Wheeler County",1,59,30,13,17
050,41,069,"Oregon","Wheeler County",1,60,25,12,13
050,41,069,"Oregon","Wheeler County",1,61,28,13,15
050,41,069,"Oregon","Wheeler County",1,62,28,11,17
050,41,069,"Oregon","Wheeler County",1,63,35,19,16
050,41,069,"Oregon","Wheeler County",1,64,26,15,11
050,41,069,"Oregon","Wheeler County",1,65,32,12,20
050,41,069,"Oregon","Wheeler County",1,66,40,21,19
050,41,069,"Oregon","Wheeler County",1,67,33,15,18
050,41,069,"Oregon","Wheeler County",1,68,33,21,12
050,41,069,"Oregon","Wheeler County",1,69,27,14,13
050,41,069,"Oregon","Wheeler County",1,70,30,14,16
050,41,069,"Oregon","Wheeler County",1,71,22,12,10
050,41,069,"Oregon","Wheeler County",1,72,23,11,12
050,41,069,"Oregon","Wheeler County",1,73,26,12,14
050,41,069,"Oregon","Wheeler County",1,74,20,9,11
050,41,069,"Oregon","Wheeler County",1,75,21,13,8
050,41,069,"Oregon","Wheeler County",1,76,18,12,6
050,41,069,"Oregon","Wheeler County",1,77,26,14,12
050,41,069,"Oregon","Wheeler County",1,78,21,12,9
050,41,069,"Oregon","Wheeler County",1,79,24,11,13
050,41,069,"Oregon","Wheeler County",1,80,14,5,9
050,41,069,"Oregon","Wheeler County",1,81,16,7,9
050,41,069,"Oregon","Wheeler County",1,82,14,5,9
050,41,069,"Oregon","Wheeler County",1,83,12,5,7
050,41,069,"Oregon","Wheeler County",1,84,8,2,6
050,41,069,"Oregon","Wheeler County",1,85,57,24,33
050,41,069,"Oregon","Wheeler County",2,0,8,4,4
050,41,069,"Oregon","Wheeler County",2,1,11,5,6
050,41,069,"Oregon","Wheeler County",2,2,12,3,9
050,41,069,"Oregon","Wheeler County",2,3,12,7,5
050,41,069,"Oregon","Wheeler County",2,4,17,10,7
050,41,069,"Oregon","Wheeler County",2,5,12,5,7
050,41,069,"Oregon","Wheeler County",2,6,14,3,11
050,41,069,"Oregon","Wheeler County",2,7,9,3,6
050,41,069,"Oregon","Wheeler County",2,8,5,2,3
050,41,069,"Oregon","Wheeler County",2,9,8,6,2
050,41,069,"Oregon","Wheeler County",2,10,10,4,6
050,41,069,"Oregon","Wheeler County",2,11,15,7,8
050,41,069,"Oregon","Wheeler County",2,12,9,4,5
050,41,069,"Oregon","Wheeler County",2,13,11,5,6
050,41,069,"Oregon","Wheeler County",2,14,14,6,8
050,41,069,"Oregon","Wheeler County",2,15,13,8,5
050,41,069,"Oregon","Wheeler County",2,16,14,10,4
050,41,069,"Oregon","Wheeler County",2,17,12,6,6
050,41,069,"Oregon","Wheeler County",2,18,9,5,4
050,41,069,"Oregon","Wheeler County",2,19,10,5,5
050,41,069,"Oregon","Wheeler County",2,20,14,9,5
050,41,069,"Oregon","Wheeler County",2,21,14,7,7
050,41,069,"Oregon","Wheeler County",2,22,11,6,5
050,41,069,"Oregon","Wheeler County",2,23,14,9,5
050,41,069,"Oregon","Wheeler County",2,24,10,5,5
050,41,069,"Oregon","Wheeler County",2,25,6,4,2
050,41,069,"Oregon","Wheeler County",2,26,11,7,4
050,41,069,"Oregon","Wheeler County",2,27,14,7,7
050,41,069,"Oregon","Wheeler County",2,28,8,4,4
050,41,069,"Oregon","Wheeler County",2,29,7,5,2
050,41,069,"Oregon","Wheeler County",2,30,13,7,6
050,41,069,"Oregon","Wheeler County",2,31,16,6,10
050,41,069,"Oregon","Wheeler County",2,32,14,6,8
050,41,069,"Oregon","Wheeler County",2,33,11,6,5
050,41,069,"Oregon","Wheeler County",2,34,10,5,5
050,41,069,"Oregon","Wheeler County",2,35,8,4,4
050,41,069,"Oregon","Wheeler County",2,36,16,6,10
050,41,069,"Oregon","Wheeler County",2,37,18,10,8
050,41,069,"Oregon","Wheeler County",2,38,15,9,6
050,41,069,"Oregon","Wheeler County",2,39,14,6,8
050,41,069,"Oregon","Wheeler County",2,40,7,2,5
050,41,069,"Oregon","Wheeler County",2,41,11,6,5
050,41,069,"Oregon","Wheeler County",2,42,10,7,3
050,41,069,"Oregon","Wheeler County",2,43,15,9,6
050,41,069,"Oregon","Wheeler County",2,44,13,6,7
050,41,069,"Oregon","Wheeler County",2,45,11,5,6
050,41,069,"Oregon","Wheeler County",2,46,13,8,5
050,41,069,"Oregon","Wheeler County",2,47,20,16,4
050,41,069,"Oregon","Wheeler County",2,48,15,10,5
050,41,069,"Oregon","Wheeler County",2,49,11,5,6
050,41,069,"Oregon","Wheeler County",2,50,11,4,7
050,41,069,"Oregon","Wheeler County",2,51,13,5,8
050,41,069,"Oregon","Wheeler County",2,52,10,3,7
050,41,069,"Oregon","Wheeler County",2,53,14,8,6
050,41,069,"Oregon","Wheeler County",2,54,21,10,11
050,41,069,"Oregon","Wheeler County",2,55,22,9,13
050,41,069,"Oregon","Wheeler County",2,56,20,7,13
050,41,069,"Oregon","Wheeler County",2,57,24,10,14
050,41,069,"Oregon","Wheeler County",2,58,28,13,15
050,41,069,"Oregon","Wheeler County",2,59,30,13,17
050,41,069,"Oregon","Wheeler County",2,60,27,12,15
050,41,069,"Oregon","Wheeler County",2,61,27,13,14
050,41,069,"Oregon","Wheeler County",2,62,29,12,17
050,41,069,"Oregon","Wheeler County",2,63,34,17,17
050,41,069,"Oregon","Wheeler County",2,64,27,16,11
050,41,069,"Oregon","Wheeler County",2,65,33,14,19
050,41,069,"Oregon","Wheeler County",2,66,38,19,19
050,41,069,"Oregon","Wheeler County",2,67,35,17,18
050,41,069,"Oregon","Wheeler County",2,68,33,19,14
050,41,069,"Oregon","Wheeler County",2,69,29,16,13
050,41,069,"Oregon","Wheeler County",2,70,29,14,15
050,41,069,"Oregon","Wheeler County",2,71,24,13,11
050,41,069,"Oregon","Wheeler County",2,72,23,11,12
050,41,069,"Oregon","Wheeler County",2,73,26,12,14
050,41,069,"Oregon","Wheeler County",2,74,19,9,10
050,41,069,"Oregon","Wheeler County",2,75,22,13,9
050,41,069,"Oregon","Wheeler County",2,76,17,11,6
050,41,069,"Oregon","Wheeler County",2,77,25,14,11
050,41,069,"Oregon","Wheeler County",2,78,21,13,8
050,41,069,"Oregon","Wheeler County",2,79,24,12,12
050,41,069,"Oregon","Wheeler County",2,80,15,5,10
050,41,069,"Oregon","Wheeler County",2,81,16,7,9
050,41,069,"Oregon","Wheeler County",2,82,14,5,9
050,41,069,"Oregon","Wheeler County",2,83,12,5,7
050,41,069,"Oregon","Wheeler County",2,84,9,3,6
050,41,069,"Oregon","Wheeler County",2,85,58,25,33
050,41,069,"Oregon","Wheeler County",3,0,8,6,2
050,41,069,"Oregon","Wheeler County",3,1,8,4,4
050,41,069,"Oregon","Wheeler County",3,2,9,4,5
050,41,069,"Oregon","Wheeler County",3,3,12,5,7
050,41,069,"Oregon","Wheeler County",3,4,13,7,6
050,41,069,"Oregon","Wheeler County",3,5,14,7,7
050,41,069,"Oregon","Wheeler County",3,6,10,5,5
050,41,069,"Oregon","Wheeler County",3,7,11,1,10
050,41,069,"Oregon","Wheeler County",3,8,6,3,3
050,41,069,"Oregon","Wheeler County",3,9,9,3,6
050,41,069,"Oregon","Wheeler County",3,10,7,6,1
050,41,069,"Oregon","Wheeler County",3,11,11,4,7
050,41,069,"Oregon","Wheeler County",3,12,14,4,10
050,41,069,"Oregon","Wheeler County",3,13,11,5,6
050,41,069,"Oregon","Wheeler County",3,14,12,6,6
050,41,069,"Oregon","Wheeler County",3,15,16,8,8
050,41,069,"Oregon","Wheeler County",3,16,15,10,5
050,41,069,"Oregon","Wheeler County",3,17,13,8,5
050,41,069,"Oregon","Wheeler County",3,18,11,5,6
050,41,069,"Oregon","Wheeler County",3,19,8,4,4
050,41,069,"Oregon","Wheeler County",3,20,10,5,5
050,41,069,"Oregon","Wheeler County",3,21,17,11,6
050,41,069,"Oregon","Wheeler County",3,22,10,4,6
050,41,069,"Oregon","Wheeler County",3,23,9,6,3
050,41,069,"Oregon","Wheeler County",3,24,18,9,9
050,41,069,"Oregon","Wheeler County",3,25,11,3,8
050,41,069,"Oregon","Wheeler County",3,26,6,3,3
050,41,069,"Oregon","Wheeler County",3,27,12,8,4
050,41,069,"Oregon","Wheeler County",3,28,15,6,9
050,41,069,"Oregon","Wheeler County",3,29,9,5,4
050,41,069,"Oregon","Wheeler County",3,30,7,4,3
050,41,069,"Oregon","Wheeler County",3,31,12,6,6
050,41,069,"Oregon","Wheeler County",3,32,15,4,11
050,41,069,"Oregon","Wheeler County",3,33,13,7,6
050,41,069,"Oregon","Wheeler County",3,34,9,3,6
050,41,069,"Oregon","Wheeler County",3,35,11,6,5
050,41,069,"Oregon","Wheeler County",3,36,8,5,3
050,41,069,"Oregon","Wheeler County",3,37,15,6,9
050,41,069,"Oregon","Wheeler County",3,38,20,11,9
050,41,069,"Oregon","Wheeler County",3,39,12,7,5
050,41,069,"Oregon","Wheeler County",3,40,17,9,8
050,41,069,"Oregon","Wheeler County",3,41,7,2,5
050,41,069,"Oregon","Wheeler County",3,42,14,8,6
050,41,069,"Oregon","Wheeler County",3,43,10,7,3
050,41,069,"Oregon","Wheeler County",3,44,12,8,4
050,41,069,"Oregon","Wheeler County",3,45,13,6,7
050,41,069,"Oregon","Wheeler County",3,46,11,5,6
050,41,069,"Oregon","Wheeler County",3,47,13,8,5
050,41,069,"Oregon","Wheeler County",3,48,19,14,5
050,41,069,"Oregon","Wheeler County",3,49,17,10,7
050,41,069,"Oregon","Wheeler County",3,50,13,5,8
050,41,069,"Oregon","Wheeler County",3,51,11,6,5
050,41,069,"Oregon","Wheeler County",3,52,14,3,11
050,41,069,"Oregon","Wheeler County",3,53,13,3,10
050,41,069,"Oregon","Wheeler County",3,54,13,8,5
050,41,069,"Oregon","Wheeler County",3,55,20,10,10
050,41,069,"Oregon","Wheeler County",3,56,24,11,13
050,41,069,"Oregon","Wheeler County",3,57,21,6,15
050,41,069,"Oregon","Wheeler County",3,58,22,10,12
050,41,069,"Oregon","Wheeler County",3,59,30,13,17
050,41,069,"Oregon","Wheeler County",3,60,28,13,15
050,41,069,"Oregon","Wheeler County",3,61,31,14,17
050,41,069,"Oregon","Wheeler County",3,62,27,13,14
050,41,069,"Oregon","Wheeler County",3,63,31,14,17
050,41,069,"Oregon","Wheeler County",3,64,36,19,17
050,41,069,"Oregon","Wheeler County",3,65,31,19,12
050,41,069,"Oregon","Wheeler County",3,66,34,14,20
050,41,069,"Oregon","Wheeler County",3,67,38,18,20
050,41,069,"Oregon","Wheeler County",3,68,36,17,19
050,41,069,"Oregon","Wheeler County",3,69,33,20,13
050,41,069,"Oregon","Wheeler County",3,70,29,16,13
050,41,069,"Oregon","Wheeler County",3,71,29,14,15
050,41,069,"Oregon","Wheeler County",3,72,24,14,10
050,41,069,"Oregon","Wheeler County",3,73,22,11,11
050,41,069,"Oregon","Wheeler County",3,74,24,12,12
050,41,069,"Oregon","Wheeler County",3,75,17,7,10
050,41,069,"Oregon","Wheeler County",3,76,19,10,9
050,41,069,"Oregon","Wheeler County",3,77,14,8,6
050,41,069,"Oregon","Wheeler County",3,78,19,10,9
050,41,069,"Oregon","Wheeler County",3,79,19,12,7
050,41,069,"Oregon","Wheeler County",3,80,21,9,12
050,41,069,"Oregon","Wheeler County",3,81,15,5,10
050,41,069,"Oregon","Wheeler County",3,82,14,5,9
050,41,069,"Oregon","Wheeler County",3,83,14,5,9
050,41,069,"Oregon","Wheeler County",3,84,11,4,7
050,41,069,"Oregon","Wheeler County",3,85,60,25,35
050,41,069,"Oregon","Wheeler County",4,0,7,2,5
050,41,069,"Oregon","Wheeler County",4,1,9,6,3
050,41,069,"Oregon","Wheeler County",4,2,7,4,3
050,41,069,"Oregon","Wheeler County",4,3,11,4,7
050,41,069,"Oregon","Wheeler County",4,4,13,6,7
050,41,069,"Oregon","Wheeler County",4,5,13,7,6
050,41,069,"Oregon","Wheeler County",4,6,15,8,7
050,41,069,"Oregon","Wheeler County",4,7,10,5,5
050,41,069,"Oregon","Wheeler County",4,8,11,1,10
050,41,069,"Oregon","Wheeler County",4,9,4,3,1
050,41,069,"Oregon","Wheeler County",4,10,4,1,3
050,41,069,"Oregon","Wheeler County",4,11,7,6,1
050,41,069,"Oregon","Wheeler County",4,12,11,4,7
050,41,069,"Oregon","Wheeler County",4,13,13,4,9
050,41,069,"Oregon","Wheeler County",4,14,8,3,5
050,41,069,"Oregon","Wheeler County",4,15,8,4,4
050,41,069,"Oregon","Wheeler County",4,16,15,7,8
050,41,069,"Oregon","Wheeler County",4,17,16,10,6
050,41,069,"Oregon","Wheeler County",4,18,11,6,5
050,41,069,"Oregon","Wheeler County",4,19,10,5,5
050,41,069,"Oregon","Wheeler County",4,20,7,3,4
050,41,069,"Oregon","Wheeler County",4,21,11,6,5
050,41,069,"Oregon","Wheeler County",4,22,15,12,3
050,41,069,"Oregon","Wheeler County",4,23,10,4,6
050,41,069,"Oregon","Wheeler County",4,24,10,5,5
050,41,069,"Oregon","Wheeler County",4,25,19,11,8
050,41,069,"Oregon","Wheeler County",4,26,14,4,10
050,41,069,"Oregon","Wheeler County",4,27,8,4,4
050,41,069,"Oregon","Wheeler County",4,28,13,9,4
050,41,069,"Oregon","Wheeler County",4,29,13,5,8
050,41,069,"Oregon","Wheeler County",4,30,8,4,4
050,41,069,"Oregon","Wheeler County",4,31,7,3,4
050,41,069,"Oregon","Wheeler County",4,32,13,6,7
050,41,069,"Oregon","Wheeler County",4,33,15,4,11
050,41,069,"Oregon","Wheeler County",4,34,13,8,5
050,41,069,"Oregon","Wheeler County",4,35,5,1,4
050,41,069,"Oregon","Wheeler County",4,36,11,6,5
050,41,069,"Oregon","Wheeler County",4,37,6,3,3
050,41,069,"Oregon","Wheeler County",4,38,15,6,9
050,41,069,"Oregon","Wheeler County",4,39,20,11,9
050,41,069,"Oregon","Wheeler County",4,40,12,8,4
050,41,069,"Oregon","Wheeler County",4,41,18,10,8
050,41,069,"Oregon","Wheeler County",4,42,9,3,6
050,41,069,"Oregon","Wheeler County",4,43,13,6,7
050,41,069,"Oregon","Wheeler County",4,44,9,6,3
050,41,069,"Oregon","Wheeler County",4,45,12,8,4
050,41,069,"Oregon","Wheeler County",4,46,13,6,7
050,41,069,"Oregon","Wheeler County",4,47,11,5,6
050,41,069,"Oregon","Wheeler County",4,48,13,8,5
050,41,069,"Oregon","Wheeler County",4,49,15,10,5
050,41,069,"Oregon","Wheeler County",4,50,17,10,7
050,41,069,"Oregon","Wheeler County",4,51,14,5,9
050,41,069,"Oregon","Wheeler County",4,52,11,6,5
050,41,069,"Oregon","Wheeler County",4,53,15,3,12
050,41,069,"Oregon","Wheeler County",4,54,8,2,6
050,41,069,"Oregon","Wheeler County",4,55,13,8,5
050,41,069,"Oregon","Wheeler County",4,56,19,9,10
050,41,069,"Oregon","Wheeler County",4,57,24,11,13
050,41,069,"Oregon","Wheeler County",4,58,21,6,15
050,41,069,"Oregon","Wheeler County",4,59,22,10,12
050,41,069,"Oregon","Wheeler County",4,60,30,13,17
050,41,069,"Oregon","Wheeler County",4,61,35,16,19
050,41,069,"Oregon","Wheeler County",4,62,35,16,19
050,41,069,"Oregon","Wheeler County",4,63,29,15,14
050,41,069,"Oregon","Wheeler County",4,64,34,14,20
050,41,069,"Oregon","Wheeler County",4,65,33,17,16
050,41,069,"Oregon","Wheeler County",4,66,32,20,12
050,41,069,"Oregon","Wheeler County",4,67,33,14,19
050,41,069,"Oregon","Wheeler County",4,68,38,18,20
050,41,069,"Oregon","Wheeler County",4,69,33,16,17
050,41,069,"Oregon","Wheeler County",4,70,33,19,14
050,41,069,"Oregon","Wheeler County",4,71,28,15,13
050,41,069,"Oregon","Wheeler County",4,72,29,14,15
050,41,069,"Oregon","Wheeler County",4,73,24,14,10
050,41,069,"Oregon","Wheeler County",4,74,20,10,10
050,41,069,"Oregon","Wheeler County",4,75,25,12,13
050,41,069,"Oregon","Wheeler County",4,76,16,6,10
050,41,069,"Oregon","Wheeler County",4,77,20,10,10
050,41,069,"Oregon","Wheeler County",4,78,14,8,6
050,41,069,"Oregon","Wheeler County",4,79,17,8,9
050,41,069,"Oregon","Wheeler County",4,80,18,12,6
050,41,069,"Oregon","Wheeler County",4,81,21,8,13
050,41,069,"Oregon","Wheeler County",4,82,15,4,11
050,41,069,"Oregon","Wheeler County",4,83,16,7,9
050,41,069,"Oregon","Wheeler County",4,84,13,5,8
050,41,069,"Oregon","Wheeler County",4,85,69,28,41
050,41,069,"Oregon","Wheeler County",5,0,7,2,5
050,41,069,"Oregon","Wheeler County",5,1,5,2,3
050,41,069,"Oregon","Wheeler County",5,2,8,6,2
050,41,069,"Oregon","Wheeler County",5,3,8,5,3
050,41,069,"Oregon","Wheeler County",5,4,12,4,8
050,41,069,"Oregon","Wheeler County",5,5,12,6,6
050,41,069,"Oregon","Wheeler County",5,6,10,6,4
050,41,069,"Oregon","Wheeler County",5,7,13,6,7
050,41,069,"Oregon","Wheeler County",5,8,10,5,5
050,41,069,"Oregon","Wheeler County",5,9,10,1,9
050,41,069,"Oregon","Wheeler County",5,10,4,3,1
050,41,069,"Oregon","Wheeler County",5,11,7,2,5
050,41,069,"Oregon","Wheeler County",5,12,7,5,2
050,41,069,"Oregon","Wheeler County",5,13,12,5,7
050,41,069,"Oregon","Wheeler County",5,14,10,3,7
050,41,069,"Oregon","Wheeler County",5,15,8,3,5
050,41,069,"Oregon","Wheeler County",5,16,9,5,4
050,41,069,"Oregon","Wheeler County",5,17,17,8,9
050,41,069,"Oregon","Wheeler County",5,18,14,8,6
050,41,069,"Oregon","Wheeler County",5,19,11,4,7
050,41,069,"Oregon","Wheeler County",5,20,10,5,5
050,41,069,"Oregon","Wheeler County",5,21,9,4,5
050,41,069,"Oregon","Wheeler County",5,22,9,3,6
050,41,069,"Oregon","Wheeler County",5,23,21,15,6
050,41,069,"Oregon","Wheeler County",5,24,9,4,5
050,41,069,"Oregon","Wheeler County",5,25,7,3,4
050,41,069,"Oregon","Wheeler County",5,26,18,10,8
050,41,069,"Oregon","Wheeler County",5,27,14,5,9
050,41,069,"Oregon","Wheeler County",5,28,8,5,3
050,41,069,"Oregon","Wheeler County",5,29,12,7,5
050,41,069,"Oregon","Wheeler County",5,30,11,4,7
050,41,069,"Oregon","Wheeler County",5,31,7,4,3
050,41,069,"Oregon","Wheeler County",5,32,5,2,3
050,41,069,"Oregon","Wheeler County",5,33,13,8,5
050,41,069,"Oregon","Wheeler County",5,34,18,7,11
050,41,069,"Oregon","Wheeler County",5,35,9,5,4
050,41,069,"Oregon","Wheeler County",5,36,6,2,4
050,41,069,"Oregon","Wheeler County",5,37,11,6,5
050,41,069,"Oregon","Wheeler County",5,38,9,6,3
050,41,069,"Oregon","Wheeler County",5,39,15,6,9
050,41,069,"Oregon","Wheeler County",5,40,16,9,7
050,41,069,"Oregon","Wheeler County",5,41,13,9,4
050,41,069,"Oregon","Wheeler County",5,42,19,10,9
050,41,069,"Oregon","Wheeler County",5,43,9,2,7
050,41,069,"Oregon","Wheeler County",5,44,16,9,7
050,41,069,"Oregon","Wheeler County",5,45,11,6,5
050,41,069,"Oregon","Wheeler County",5,46,11,8,3
050,41,069,"Oregon","Wheeler County",5,47,13,6,7
050,41,069,"Oregon","Wheeler County",5,48,11,5,6
050,41,069,"Oregon","Wheeler County",5,49,16,11,5
050,41,069,"Oregon","Wheeler County",5,50,15,10,5
050,41,069,"Oregon","Wheeler County",5,51,19,12,7
050,41,069,"Oregon","Wheeler County",5,52,20,5,15
050,41,069,"Oregon","Wheeler County",5,53,13,6,7
050,41,069,"Oregon","Wheeler County",5,54,15,4,11
050,41,069,"Oregon","Wheeler County",5,55,6,2,4
050,41,069,"Oregon","Wheeler County",5,56,16,8,8
050,41,069,"Oregon","Wheeler County",5,57,19,9,10
050,41,069,"Oregon","Wheeler County",5,58,26,11,15
050,41,069,"Oregon","Wheeler County",5,59,21,6,15
050,41,069,"Oregon","Wheeler County",5,60,22,10,12
050,41,069,"Oregon","Wheeler County",5,61,29,12,17
050,41,069,"Oregon","Wheeler County",5,62,35,16,19
050,41,069,"Oregon","Wheeler County",5,63,38,19,19
050,41,069,"Oregon","Wheeler County",5,64,29,15,14
050,41,069,"Oregon","Wheeler County",5,65,32,13,19
050,41,069,"Oregon","Wheeler County",5,66,34,18,16
050,41,069,"Oregon","Wheeler County",5,67,33,21,12
050,41,069,"Oregon","Wheeler County",5,68,34,14,20
050,41,069,"Oregon","Wheeler County",5,69,36,17,19
050,41,069,"Oregon","Wheeler County",5,70,34,16,18
050,41,069,"Oregon","Wheeler County",5,71,32,19,13
050,41,069,"Oregon","Wheeler County",5,72,28,15,13
050,41,069,"Oregon","Wheeler County",5,73,28,14,14
050,41,069,"Oregon","Wheeler County",5,74,21,13,8
050,41,069,"Oregon","Wheeler County",5,75,21,11,10
050,41,069,"Oregon","Wheeler County",5,76,24,10,14
050,41,069,"Oregon","Wheeler County",5,77,17,7,10
050,41,069,"Oregon","Wheeler County",5,78,18,9,9
050,41,069,"Oregon","Wheeler County",5,79,11,6,5
050,41,069,"Oregon","Wheeler County",5,80,16,8,8
050,41,069,"Oregon","Wheeler County",5,81,19,12,7
050,41,069,"Oregon","Wheeler County",5,82,20,7,13
050,41,069,"Oregon","Wheeler County",5,83,12,3,9
050,41,069,"Oregon","Wheeler County",5,84,16,7,9
050,41,069,"Oregon","Wheeler County",5,85,77,32,45
050,41,071,"Oregon","Yamhill County",1,0,1070,547,523
050,41,071,"Oregon","Yamhill County",1,1,1099,555,544
050,41,071,"Oregon","Yamhill County",1,2,1139,583,556
050,41,071,"Oregon","Yamhill County",1,3,1209,629,580
050,41,071,"Oregon","Yamhill County",1,4,1271,654,617
050,41,071,"Oregon","Yamhill County",1,5,1286,642,644
050,41,071,"Oregon","Yamhill County",1,6,1276,658,618
050,41,071,"Oregon","Yamhill County",1,7,1261,636,625
050,41,071,"Oregon","Yamhill County",1,8,1255,636,619
050,41,071,"Oregon","Yamhill County",1,9,1329,674,655
050,41,071,"Oregon","Yamhill County",1,10,1336,706,630
050,41,071,"Oregon","Yamhill County",1,11,1425,718,707
050,41,071,"Oregon","Yamhill County",1,12,1498,769,729
050,41,071,"Oregon","Yamhill County",1,13,1473,746,727
050,41,071,"Oregon","Yamhill County",1,14,1389,722,667
050,41,071,"Oregon","Yamhill County",1,15,1383,724,659
050,41,071,"Oregon","Yamhill County",1,16,1432,732,700
050,41,071,"Oregon","Yamhill County",1,17,1453,765,688
050,41,071,"Oregon","Yamhill County",1,18,1555,751,804
050,41,071,"Oregon","Yamhill County",1,19,1785,850,935
050,41,071,"Oregon","Yamhill County",1,20,1767,866,901
050,41,071,"Oregon","Yamhill County",1,21,1545,743,802
050,41,071,"Oregon","Yamhill County",1,22,1378,694,684
050,41,071,"Oregon","Yamhill County",1,23,1270,696,574
050,41,071,"Oregon","Yamhill County",1,24,1278,679,599
050,41,071,"Oregon","Yamhill County",1,25,1319,695,624
050,41,071,"Oregon","Yamhill County",1,26,1304,660,644
050,41,071,"Oregon","Yamhill County",1,27,1326,713,613
050,41,071,"Oregon","Yamhill County",1,28,1348,718,630
050,41,071,"Oregon","Yamhill County",1,29,1345,727,618
050,41,071,"Oregon","Yamhill County",1,30,1419,743,676
050,41,071,"Oregon","Yamhill County",1,31,1422,741,681
050,41,071,"Oregon","Yamhill County",1,32,1404,739,665
050,41,071,"Oregon","Yamhill County",1,33,1372,723,649
050,41,071,"Oregon","Yamhill County",1,34,1404,724,680
050,41,071,"Oregon","Yamhill County",1,35,1389,750,639
050,41,071,"Oregon","Yamhill County",1,36,1376,703,673
050,41,071,"Oregon","Yamhill County",1,37,1457,790,667
050,41,071,"Oregon","Yamhill County",1,38,1470,771,699
050,41,071,"Oregon","Yamhill County",1,39,1421,725,696
050,41,071,"Oregon","Yamhill County",1,40,1421,733,688
050,41,071,"Oregon","Yamhill County",1,41,1438,744,694
050,41,071,"Oregon","Yamhill County",1,42,1416,738,678
050,41,071,"Oregon","Yamhill County",1,43,1400,708,692
050,41,071,"Oregon","Yamhill County",1,44,1334,681,653
050,41,071,"Oregon","Yamhill County",1,45,1300,669,631
050,41,071,"Oregon","Yamhill County",1,46,1244,658,586
050,41,071,"Oregon","Yamhill County",1,47,1195,642,553
050,41,071,"Oregon","Yamhill County",1,48,1313,722,591
050,41,071,"Oregon","Yamhill County",1,49,1375,717,658
050,41,071,"Oregon","Yamhill County",1,50,1393,708,685
050,41,071,"Oregon","Yamhill County",1,51,1342,685,657
050,41,071,"Oregon","Yamhill County",1,52,1293,668,625
050,41,071,"Oregon","Yamhill County",1,53,1292,659,633
050,41,071,"Oregon","Yamhill County",1,54,1265,645,620
050,41,071,"Oregon","Yamhill County",1,55,1289,678,611
050,41,071,"Oregon","Yamhill County",1,56,1293,678,615
050,41,071,"Oregon","Yamhill County",1,57,1377,678,699
050,41,071,"Oregon","Yamhill County",1,58,1365,676,689
050,41,071,"Oregon","Yamhill County",1,59,1361,666,695
050,41,071,"Oregon","Yamhill County",1,60,1391,667,724
050,41,071,"Oregon","Yamhill County",1,61,1380,647,733
050,41,071,"Oregon","Yamhill County",1,62,1385,698,687
050,41,071,"Oregon","Yamhill County",1,63,1387,668,719
050,41,071,"Oregon","Yamhill County",1,64,1422,719,703
050,41,071,"Oregon","Yamhill County",1,65,1338,662,676
050,41,071,"Oregon","Yamhill County",1,66,1309,627,682
050,41,071,"Oregon","Yamhill County",1,67,1278,605,673
050,41,071,"Oregon","Yamhill County",1,68,1238,579,659
050,41,071,"Oregon","Yamhill County",1,69,1197,566,631
050,41,071,"Oregon","Yamhill County",1,70,1113,525,588
050,41,071,"Oregon","Yamhill County",1,71,1040,485,555
050,41,071,"Oregon","Yamhill County",1,72,1060,518,542
050,41,071,"Oregon","Yamhill County",1,73,1087,530,557
050,41,071,"Oregon","Yamhill County",1,74,808,390,418
050,41,071,"Oregon","Yamhill County",1,75,770,374,396
050,41,071,"Oregon","Yamhill County",1,76,775,374,401
050,41,071,"Oregon","Yamhill County",1,77,739,351,388
050,41,071,"Oregon","Yamhill County",1,78,618,278,340
050,41,071,"Oregon","Yamhill County",1,79,529,231,298
050,41,071,"Oregon","Yamhill County",1,80,498,225,273
050,41,071,"Oregon","Yamhill County",1,81,440,200,240
050,41,071,"Oregon","Yamhill County",1,82,407,184,223
050,41,071,"Oregon","Yamhill County",1,83,382,165,217
050,41,071,"Oregon","Yamhill County",1,84,351,140,211
050,41,071,"Oregon","Yamhill County",1,85,2140,814,1326
050,41,071,"Oregon","Yamhill County",2,0,1062,543,519
050,41,071,"Oregon","Yamhill County",2,1,1092,554,538
050,41,071,"Oregon","Yamhill County",2,2,1133,584,549
050,41,071,"Oregon","Yamhill County",2,3,1192,620,572
050,41,071,"Oregon","Yamhill County",2,4,1266,654,612
050,41,071,"Oregon","Yamhill County",2,5,1286,648,638
050,41,071,"Oregon","Yamhill County",2,6,1286,662,624
050,41,071,"Oregon","Yamhill County",2,7,1266,642,624
050,41,071,"Oregon","Yamhill County",2,8,1257,634,623
050,41,071,"Oregon","Yamhill County",2,9,1314,664,650
050,41,071,"Oregon","Yamhill County",2,10,1337,698,639
050,41,071,"Oregon","Yamhill County",2,11,1401,715,686
050,41,071,"Oregon","Yamhill County",2,12,1487,758,729
050,41,071,"Oregon","Yamhill County",2,13,1474,748,726
050,41,071,"Oregon","Yamhill County",2,14,1407,726,681
050,41,071,"Oregon","Yamhill County",2,15,1387,725,662
050,41,071,"Oregon","Yamhill County",2,16,1427,734,693
050,41,071,"Oregon","Yamhill County",2,17,1444,756,688
050,41,071,"Oregon","Yamhill County",2,18,1550,752,798
050,41,071,"Oregon","Yamhill County",2,19,1778,851,927
050,41,071,"Oregon","Yamhill County",2,20,1776,862,914
050,41,071,"Oregon","Yamhill County",2,21,1556,751,805
050,41,071,"Oregon","Yamhill County",2,22,1388,703,685
050,41,071,"Oregon","Yamhill County",2,23,1277,691,586
050,41,071,"Oregon","Yamhill County",2,24,1268,676,592
050,41,071,"Oregon","Yamhill County",2,25,1313,687,626
050,41,071,"Oregon","Yamhill County",2,26,1317,671,646
050,41,071,"Oregon","Yamhill County",2,27,1324,702,622
050,41,071,"Oregon","Yamhill County",2,28,1344,716,628
050,41,071,"Oregon","Yamhill County",2,29,1361,735,626
050,41,071,"Oregon","Yamhill County",2,30,1414,746,668
050,41,071,"Oregon","Yamhill County",2,31,1428,747,681
050,41,071,"Oregon","Yamhill County",2,32,1412,744,668
050,41,071,"Oregon","Yamhill County",2,33,1379,724,655
050,41,071,"Oregon","Yamhill County",2,34,1408,733,675
050,41,071,"Oregon","Yamhill County",2,35,1409,752,657
050,41,071,"Oregon","Yamhill County",2,36,1379,713,666
050,41,071,"Oregon","Yamhill County",2,37,1447,775,672
050,41,071,"Oregon","Yamhill County",2,38,1477,782,695
050,41,071,"Oregon","Yamhill County",2,39,1424,729,695
050,41,071,"Oregon","Yamhill County",2,40,1435,740,695
050,41,071,"Oregon","Yamhill County",2,41,1431,740,691
050,41,071,"Oregon","Yamhill County",2,42,1411,733,678
050,41,071,"Oregon","Yamhill County",2,43,1420,725,695
050,41,071,"Oregon","Yamhill County",2,44,1337,680,657
050,41,071,"Oregon","Yamhill County",2,45,1310,672,638
050,41,071,"Oregon","Yamhill County",2,46,1253,660,593
050,41,071,"Oregon","Yamhill County",2,47,1202,638,564
050,41,071,"Oregon","Yamhill County",2,48,1288,706,582
050,41,071,"Oregon","Yamhill County",2,49,1366,719,647
050,41,071,"Oregon","Yamhill County",2,50,1394,713,681
050,41,071,"Oregon","Yamhill County",2,51,1357,693,664
050,41,071,"Oregon","Yamhill County",2,52,1299,668,631
050,41,071,"Oregon","Yamhill County",2,53,1298,664,634
050,41,071,"Oregon","Yamhill County",2,54,1267,643,624
050,41,071,"Oregon","Yamhill County",2,55,1285,671,614
050,41,071,"Oregon","Yamhill County",2,56,1296,676,620
050,41,071,"Oregon","Yamhill County",2,57,1361,681,680
050,41,071,"Oregon","Yamhill County",2,58,1371,681,690
050,41,071,"Oregon","Yamhill County",2,59,1364,668,696
050,41,071,"Oregon","Yamhill County",2,60,1382,666,716
050,41,071,"Oregon","Yamhill County",2,61,1379,652,727
050,41,071,"Oregon","Yamhill County",2,62,1384,684,700
050,41,071,"Oregon","Yamhill County",2,63,1407,683,724
050,41,071,"Oregon","Yamhill County",2,64,1405,702,703
050,41,071,"Oregon","Yamhill County",2,65,1357,675,682
050,41,071,"Oregon","Yamhill County",2,66,1314,632,682
050,41,071,"Oregon","Yamhill County",2,67,1281,607,674
050,41,071,"Oregon","Yamhill County",2,68,1243,583,660
050,41,071,"Oregon","Yamhill County",2,69,1215,572,643
050,41,071,"Oregon","Yamhill County",2,70,1123,531,592
050,41,071,"Oregon","Yamhill County",2,71,1057,492,565
050,41,071,"Oregon","Yamhill County",2,72,1042,505,537
050,41,071,"Oregon","Yamhill County",2,73,1136,553,583
050,41,071,"Oregon","Yamhill County",2,74,821,399,422
050,41,071,"Oregon","Yamhill County",2,75,777,378,399
050,41,071,"Oregon","Yamhill County",2,76,766,373,393
050,41,071,"Oregon","Yamhill County",2,77,763,365,398
050,41,071,"Oregon","Yamhill County",2,78,633,289,344
050,41,071,"Oregon","Yamhill County",2,79,544,237,307
050,41,071,"Oregon","Yamhill County",2,80,505,226,279
050,41,071,"Oregon","Yamhill County",2,81,448,204,244
050,41,071,"Oregon","Yamhill County",2,82,410,186,224
050,41,071,"Oregon","Yamhill County",2,83,382,165,217
050,41,071,"Oregon","Yamhill County",2,84,350,140,210
050,41,071,"Oregon","Yamhill County",2,85,2129,809,1320
050,41,071,"Oregon","Yamhill County",3,0,1022,512,510
050,41,071,"Oregon","Yamhill County",3,1,1077,544,533
050,41,071,"Oregon","Yamhill County",3,2,1130,573,557
050,41,071,"Oregon","Yamhill County",3,3,1135,577,558
050,41,071,"Oregon","Yamhill County",3,4,1210,641,569
050,41,071,"Oregon","Yamhill County",3,5,1280,675,605
050,41,071,"Oregon","Yamhill County",3,6,1280,652,628
050,41,071,"Oregon","Yamhill County",3,7,1305,676,629
050,41,071,"Oregon","Yamhill County",3,8,1241,631,610
050,41,071,"Oregon","Yamhill County",3,9,1259,647,612
050,41,071,"Oregon","Yamhill County",3,10,1321,671,650
050,41,071,"Oregon","Yamhill County",3,11,1320,704,616
050,41,071,"Oregon","Yamhill County",3,12,1404,721,683
050,41,071,"Oregon","Yamhill County",3,13,1478,752,726
050,41,071,"Oregon","Yamhill County",3,14,1504,767,737
050,41,071,"Oregon","Yamhill County",3,15,1415,731,684
050,41,071,"Oregon","Yamhill County",3,16,1388,719,669
050,41,071,"Oregon","Yamhill County",3,17,1414,743,671
050,41,071,"Oregon","Yamhill County",3,18,1576,781,795
050,41,071,"Oregon","Yamhill County",3,19,1749,836,913
050,41,071,"Oregon","Yamhill County",3,20,1745,847,898
050,41,071,"Oregon","Yamhill County",3,21,1557,771,786
050,41,071,"Oregon","Yamhill County",3,22,1419,724,695
050,41,071,"Oregon","Yamhill County",3,23,1278,673,605
050,41,071,"Oregon","Yamhill County",3,24,1248,684,564
050,41,071,"Oregon","Yamhill County",3,25,1317,718,599
050,41,071,"Oregon","Yamhill County",3,26,1358,701,657
050,41,071,"Oregon","Yamhill County",3,27,1340,691,649
050,41,071,"Oregon","Yamhill County",3,28,1342,719,623
050,41,071,"Oregon","Yamhill County",3,29,1413,752,661
050,41,071,"Oregon","Yamhill County",3,30,1398,754,644
050,41,071,"Oregon","Yamhill County",3,31,1470,777,693
050,41,071,"Oregon","Yamhill County",3,32,1461,768,693
050,41,071,"Oregon","Yamhill County",3,33,1398,727,671
050,41,071,"Oregon","Yamhill County",3,34,1408,738,670
050,41,071,"Oregon","Yamhill County",3,35,1442,745,697
050,41,071,"Oregon","Yamhill County",3,36,1434,750,684
050,41,071,"Oregon","Yamhill County",3,37,1394,715,679
050,41,071,"Oregon","Yamhill County",3,38,1471,797,674
050,41,071,"Oregon","Yamhill County",3,39,1511,797,714
050,41,071,"Oregon","Yamhill County",3,40,1445,747,698
050,41,071,"Oregon","Yamhill County",3,41,1457,767,690
050,41,071,"Oregon","Yamhill County",3,42,1435,748,687
050,41,071,"Oregon","Yamhill County",3,43,1421,739,682
050,41,071,"Oregon","Yamhill County",3,44,1405,702,703
050,41,071,"Oregon","Yamhill County",3,45,1313,663,650
050,41,071,"Oregon","Yamhill County",3,46,1330,690,640
050,41,071,"Oregon","Yamhill County",3,47,1233,644,589
050,41,071,"Oregon","Yamhill County",3,48,1228,645,583
050,41,071,"Oregon","Yamhill County",3,49,1297,708,589
050,41,071,"Oregon","Yamhill County",3,50,1366,719,647
050,41,071,"Oregon","Yamhill County",3,51,1381,704,677
050,41,071,"Oregon","Yamhill County",3,52,1324,681,643
050,41,071,"Oregon","Yamhill County",3,53,1297,659,638
050,41,071,"Oregon","Yamhill County",3,54,1293,661,632
050,41,071,"Oregon","Yamhill County",3,55,1245,604,641
050,41,071,"Oregon","Yamhill County",3,56,1304,670,634
050,41,071,"Oregon","Yamhill County",3,57,1291,689,602
050,41,071,"Oregon","Yamhill County",3,58,1364,676,688
050,41,071,"Oregon","Yamhill County",3,59,1344,660,684
050,41,071,"Oregon","Yamhill County",3,60,1360,661,699
050,41,071,"Oregon","Yamhill County",3,61,1375,662,713
050,41,071,"Oregon","Yamhill County",3,62,1376,651,725
050,41,071,"Oregon","Yamhill County",3,63,1366,660,706
050,41,071,"Oregon","Yamhill County",3,64,1407,693,714
050,41,071,"Oregon","Yamhill County",3,65,1402,698,704
050,41,071,"Oregon","Yamhill County",3,66,1356,668,688
050,41,071,"Oregon","Yamhill County",3,67,1293,607,686
050,41,071,"Oregon","Yamhill County",3,68,1273,610,663
050,41,071,"Oregon","Yamhill County",3,69,1218,571,647
050,41,071,"Oregon","Yamhill County",3,70,1196,569,627
050,41,071,"Oregon","Yamhill County",3,71,1105,511,594
050,41,071,"Oregon","Yamhill County",3,72,1027,472,555
050,41,071,"Oregon","Yamhill County",3,73,1035,505,530
050,41,071,"Oregon","Yamhill County",3,74,1112,539,573
050,41,071,"Oregon","Yamhill County",3,75,790,381,409
050,41,071,"Oregon","Yamhill County",3,76,755,371,384
050,41,071,"Oregon","Yamhill County",3,77,730,349,381
050,41,071,"Oregon","Yamhill County",3,78,747,341,406
050,41,071,"Oregon","Yamhill County",3,79,602,271,331
050,41,071,"Oregon","Yamhill County",3,80,526,232,294
050,41,071,"Oregon","Yamhill County",3,81,482,204,278
050,41,071,"Oregon","Yamhill County",3,82,423,192,231
050,41,071,"Oregon","Yamhill County",3,83,395,187,208
050,41,071,"Oregon","Yamhill County",3,84,336,134,202
050,41,071,"Oregon","Yamhill County",3,85,2109,817,1292
050,41,071,"Oregon","Yamhill County",4,0,1055,528,527
050,41,071,"Oregon","Yamhill County",4,1,1055,529,526
050,41,071,"Oregon","Yamhill County",4,2,1079,535,544
050,41,071,"Oregon","Yamhill County",4,3,1140,580,560
050,41,071,"Oregon","Yamhill County",4,4,1153,583,570
050,41,071,"Oregon","Yamhill County",4,5,1194,624,570
050,41,071,"Oregon","Yamhill County",4,6,1248,650,598
050,41,071,"Oregon","Yamhill County",4,7,1264,640,624
050,41,071,"Oregon","Yamhill County",4,8,1271,653,618
050,41,071,"Oregon","Yamhill County",4,9,1238,618,620
050,41,071,"Oregon","Yamhill County",4,10,1247,639,608
050,41,071,"Oregon","Yamhill County",4,11,1294,662,632
050,41,071,"Oregon","Yamhill County",4,12,1304,686,618
050,41,071,"Oregon","Yamhill County",4,13,1432,734,698
050,41,071,"Oregon","Yamhill County",4,14,1493,772,721
050,41,071,"Oregon","Yamhill County",4,15,1488,773,715
050,41,071,"Oregon","Yamhill County",4,16,1421,726,695
050,41,071,"Oregon","Yamhill County",4,17,1377,711,666
050,41,071,"Oregon","Yamhill County",4,18,1559,766,793
050,41,071,"Oregon","Yamhill County",4,19,1738,859,879
050,41,071,"Oregon","Yamhill County",4,20,1672,798,874
050,41,071,"Oregon","Yamhill County",4,21,1532,722,810
050,41,071,"Oregon","Yamhill County",4,22,1435,744,691
050,41,071,"Oregon","Yamhill County",4,23,1340,693,647
050,41,071,"Oregon","Yamhill County",4,24,1245,656,589
050,41,071,"Oregon","Yamhill County",4,25,1300,714,586
050,41,071,"Oregon","Yamhill County",4,26,1309,711,598
050,41,071,"Oregon","Yamhill County",4,27,1361,719,642
050,41,071,"Oregon","Yamhill County",4,28,1368,709,659
050,41,071,"Oregon","Yamhill County",4,29,1445,781,664
050,41,071,"Oregon","Yamhill County",4,30,1420,750,670
050,41,071,"Oregon","Yamhill County",4,31,1367,731,636
050,41,071,"Oregon","Yamhill County",4,32,1484,781,703
050,41,071,"Oregon","Yamhill County",4,33,1500,784,716
050,41,071,"Oregon","Yamhill County",4,34,1458,741,717
050,41,071,"Oregon","Yamhill County",4,35,1481,772,709
050,41,071,"Oregon","Yamhill County",4,36,1424,734,690
050,41,071,"Oregon","Yamhill County",4,37,1466,785,681
050,41,071,"Oregon","Yamhill County",4,38,1381,709,672
050,41,071,"Oregon","Yamhill County",4,39,1477,806,671
050,41,071,"Oregon","Yamhill County",4,40,1559,819,740
050,41,071,"Oregon","Yamhill County",4,41,1472,760,712
050,41,071,"Oregon","Yamhill County",4,42,1450,751,699
050,41,071,"Oregon","Yamhill County",4,43,1425,738,687
050,41,071,"Oregon","Yamhill County",4,44,1377,700,677
050,41,071,"Oregon","Yamhill County",4,45,1362,677,685
050,41,071,"Oregon","Yamhill County",4,46,1314,675,639
050,41,071,"Oregon","Yamhill County",4,47,1283,657,626
050,41,071,"Oregon","Yamhill County",4,48,1217,643,574
050,41,071,"Oregon","Yamhill County",4,49,1225,629,596
050,41,071,"Oregon","Yamhill County",4,50,1280,696,584
050,41,071,"Oregon","Yamhill County",4,51,1368,724,644
050,41,071,"Oregon","Yamhill County",4,52,1333,682,651
050,41,071,"Oregon","Yamhill County",4,53,1338,696,642
050,41,071,"Oregon","Yamhill County",4,54,1260,631,629
050,41,071,"Oregon","Yamhill County",4,55,1268,634,634
050,41,071,"Oregon","Yamhill County",4,56,1231,595,636
050,41,071,"Oregon","Yamhill County",4,57,1287,654,633
050,41,071,"Oregon","Yamhill County",4,58,1284,682,602
050,41,071,"Oregon","Yamhill County",4,59,1319,665,654
050,41,071,"Oregon","Yamhill County",4,60,1319,653,666
050,41,071,"Oregon","Yamhill County",4,61,1357,664,693
050,41,071,"Oregon","Yamhill County",4,62,1378,654,724
050,41,071,"Oregon","Yamhill County",4,63,1395,648,747
050,41,071,"Oregon","Yamhill County",4,64,1354,660,694
050,41,071,"Oregon","Yamhill County",4,65,1364,671,693
050,41,071,"Oregon","Yamhill County",4,66,1388,684,704
050,41,071,"Oregon","Yamhill County",4,67,1338,650,688
050,41,071,"Oregon","Yamhill County",4,68,1270,596,674
050,41,071,"Oregon","Yamhill County",4,69,1243,590,653
050,41,071,"Oregon","Yamhill County",4,70,1187,565,622
050,41,071,"Oregon","Yamhill County",4,71,1179,554,625
050,41,071,"Oregon","Yamhill County",4,72,1094,498,596
050,41,071,"Oregon","Yamhill County",4,73,1022,467,555
050,41,071,"Oregon","Yamhill County",4,74,1005,494,511
050,41,071,"Oregon","Yamhill County",4,75,1086,522,564
050,41,071,"Oregon","Yamhill County",4,76,755,366,389
050,41,071,"Oregon","Yamhill County",4,77,729,345,384
050,41,071,"Oregon","Yamhill County",4,78,709,323,386
050,41,071,"Oregon","Yamhill County",4,79,707,322,385
050,41,071,"Oregon","Yamhill County",4,80,578,266,312
050,41,071,"Oregon","Yamhill County",4,81,490,209,281
050,41,071,"Oregon","Yamhill County",4,82,434,181,253
050,41,071,"Oregon","Yamhill County",4,83,401,180,221
050,41,071,"Oregon","Yamhill County",4,84,358,158,200
050,41,071,"Oregon","Yamhill County",4,85,2055,798,1257
050,41,071,"Oregon","Yamhill County",5,0,1012,504,508
050,41,071,"Oregon","Yamhill County",5,1,1068,522,546
050,41,071,"Oregon","Yamhill County",5,2,1069,534,535
050,41,071,"Oregon","Yamhill County",5,3,1084,542,542
050,41,071,"Oregon","Yamhill County",5,4,1128,570,558
050,41,071,"Oregon","Yamhill County",5,5,1163,576,587
050,41,071,"Oregon","Yamhill County",5,6,1232,638,594
050,41,071,"Oregon","Yamhill County",5,7,1269,654,615
050,41,071,"Oregon","Yamhill County",5,8,1276,652,624
050,41,071,"Oregon","Yamhill County",5,9,1275,655,620
050,41,071,"Oregon","Yamhill County",5,10,1256,628,628
050,41,071,"Oregon","Yamhill County",5,11,1243,632,611
050,41,071,"Oregon","Yamhill County",5,12,1293,666,627
050,41,071,"Oregon","Yamhill County",5,13,1294,682,612
050,41,071,"Oregon","Yamhill County",5,14,1407,714,693
050,41,071,"Oregon","Yamhill County",5,15,1492,768,724
050,41,071,"Oregon","Yamhill County",5,16,1484,754,730
050,41,071,"Oregon","Yamhill County",5,17,1426,731,695
050,41,071,"Oregon","Yamhill County",5,18,1510,743,767
050,41,071,"Oregon","Yamhill County",5,19,1709,839,870
050,41,071,"Oregon","Yamhill County",5,20,1701,843,858
050,41,071,"Oregon","Yamhill County",5,21,1485,717,768
050,41,071,"Oregon","Yamhill County",5,22,1443,721,722
050,41,071,"Oregon","Yamhill County",5,23,1350,717,633
050,41,071,"Oregon","Yamhill County",5,24,1311,689,622
050,41,071,"Oregon","Yamhill County",5,25,1304,677,627
050,41,071,"Oregon","Yamhill County",5,26,1321,750,571
050,41,071,"Oregon","Yamhill County",5,27,1354,738,616
050,41,071,"Oregon","Yamhill County",5,28,1330,691,639
050,41,071,"Oregon","Yamhill County",5,29,1396,746,650
050,41,071,"Oregon","Yamhill County",5,30,1463,784,679
050,41,071,"Oregon","Yamhill County",5,31,1448,769,679
050,41,071,"Oregon","Yamhill County",5,32,1400,747,653
050,41,071,"Oregon","Yamhill County",5,33,1489,782,707
050,41,071,"Oregon","Yamhill County",5,34,1552,805,747
050,41,071,"Oregon","Yamhill County",5,35,1450,735,715
050,41,071,"Oregon","Yamhill County",5,36,1490,779,711
050,41,071,"Oregon","Yamhill County",5,37,1461,761,700
050,41,071,"Oregon","Yamhill County",5,38,1484,798,686
050,41,071,"Oregon","Yamhill County",5,39,1359,698,661
050,41,071,"Oregon","Yamhill County",5,40,1525,836,689
050,41,071,"Oregon","Yamhill County",5,41,1582,830,752
050,41,071,"Oregon","Yamhill County",5,42,1478,764,714
050,41,071,"Oregon","Yamhill County",5,43,1474,760,714
050,41,071,"Oregon","Yamhill County",5,44,1437,731,706
050,41,071,"Oregon","Yamhill County",5,45,1360,682,678
050,41,071,"Oregon","Yamhill County",5,46,1372,701,671
050,41,071,"Oregon","Yamhill County",5,47,1303,661,642
050,41,071,"Oregon","Yamhill County",5,48,1282,659,623
050,41,071,"Oregon","Yamhill County",5,49,1197,631,566
050,41,071,"Oregon","Yamhill County",5,50,1217,621,596
050,41,071,"Oregon","Yamhill County",5,51,1258,695,563
050,41,071,"Oregon","Yamhill County",5,52,1345,713,632
050,41,071,"Oregon","Yamhill County",5,53,1312,665,647
050,41,071,"Oregon","Yamhill County",5,54,1332,690,642
050,41,071,"Oregon","Yamhill County",5,55,1242,613,629
050,41,071,"Oregon","Yamhill County",5,56,1253,628,625
050,41,071,"Oregon","Yamhill County",5,57,1222,598,624
050,41,071,"Oregon","Yamhill County",5,58,1289,649,640
050,41,071,"Oregon","Yamhill County",5,59,1236,647,589
050,41,071,"Oregon","Yamhill County",5,60,1298,667,631
050,41,071,"Oregon","Yamhill County",5,61,1333,655,678
050,41,071,"Oregon","Yamhill County",5,62,1347,662,685
050,41,071,"Oregon","Yamhill County",5,63,1370,624,746
050,41,071,"Oregon","Yamhill County",5,64,1367,641,726
050,41,071,"Oregon","Yamhill County",5,65,1350,641,709
050,41,071,"Oregon","Yamhill County",5,66,1357,666,691
050,41,071,"Oregon","Yamhill County",5,67,1364,655,709
050,41,071,"Oregon","Yamhill County",5,68,1332,646,686
050,41,071,"Oregon","Yamhill County",5,69,1251,587,664
050,41,071,"Oregon","Yamhill County",5,70,1216,585,631
050,41,071,"Oregon","Yamhill County",5,71,1167,552,615
050,41,071,"Oregon","Yamhill County",5,72,1169,547,622
050,41,071,"Oregon","Yamhill County",5,73,1086,486,600
050,41,071,"Oregon","Yamhill County",5,74,993,456,537
050,41,071,"Oregon","Yamhill County",5,75,972,467,505
050,41,071,"Oregon","Yamhill County",5,76,1063,509,554
050,41,071,"Oregon","Yamhill County",5,77,726,347,379
050,41,071,"Oregon","Yamhill County",5,78,705,330,375
050,41,071,"Oregon","Yamhill County",5,79,679,303,376
050,41,071,"Oregon","Yamhill County",5,80,690,315,375
050,41,071,"Oregon","Yamhill County",5,81,552,247,305
050,41,071,"Oregon","Yamhill County",5,82,449,185,264
050,41,071,"Oregon","Yamhill County",5,83,419,176,243
050,41,071,"Oregon","Yamhill County",5,84,366,161,205
050,41,071,"Oregon","Yamhill County",5,85,2026,808,1218

