"SUMLEV","STATE","COUNTY","STNAME","CTYNAME","YEAR","AGE","TOT_POP","TOT_MALE","TOT_FEMALE"
050,27,001,"Minnesota","Aitkin County",1,0,111,58,53
050,27,001,"Minnesota","Aitkin County",1,1,119,66,53
050,27,001,"Minnesota","Aitkin County",1,2,125,68,57
050,27,001,"Minnesota","Aitkin County",1,3,118,59,59
050,27,001,"Minnesota","Aitkin County",1,4,103,53,50
050,27,001,"Minnesota","Aitkin County",1,5,112,56,56
050,27,001,"Minnesota","Aitkin County",1,6,118,54,64
050,27,001,"Minnesota","Aitkin County",1,7,132,71,61
050,27,001,"Minnesota","Aitkin County",1,8,153,79,74
050,27,001,"Minnesota","Aitkin County",1,9,139,75,64
050,27,001,"Minnesota","Aitkin County",1,10,159,92,67
050,27,001,"Minnesota","Aitkin County",1,11,166,93,73
050,27,001,"Minnesota","Aitkin County",1,12,180,89,91
050,27,001,"Minnesota","Aitkin County",1,13,183,93,90
050,27,001,"Minnesota","Aitkin County",1,14,165,81,84
050,27,001,"Minnesota","Aitkin County",1,15,181,97,84
050,27,001,"Minnesota","Aitkin County",1,16,177,91,86
050,27,001,"Minnesota","Aitkin County",1,17,161,83,78
050,27,001,"Minnesota","Aitkin County",1,18,122,61,61
050,27,001,"Minnesota","Aitkin County",1,19,98,52,46
050,27,001,"Minnesota","Aitkin County",1,20,101,56,45
050,27,001,"Minnesota","Aitkin County",1,21,125,65,60
050,27,001,"Minnesota","Aitkin County",1,22,128,60,68
050,27,001,"Minnesota","Aitkin County",1,23,113,45,68
050,27,001,"Minnesota","Aitkin County",1,24,94,44,50
050,27,001,"Minnesota","Aitkin County",1,25,114,54,60
050,27,001,"Minnesota","Aitkin County",1,26,113,52,61
050,27,001,"Minnesota","Aitkin County",1,27,124,60,64
050,27,001,"Minnesota","Aitkin County",1,28,113,52,61
050,27,001,"Minnesota","Aitkin County",1,29,118,63,55
050,27,001,"Minnesota","Aitkin County",1,30,113,60,53
050,27,001,"Minnesota","Aitkin County",1,31,100,50,50
050,27,001,"Minnesota","Aitkin County",1,32,112,57,55
050,27,001,"Minnesota","Aitkin County",1,33,112,61,51
050,27,001,"Minnesota","Aitkin County",1,34,126,63,63
050,27,001,"Minnesota","Aitkin County",1,35,126,57,69
050,27,001,"Minnesota","Aitkin County",1,36,134,64,70
050,27,001,"Minnesota","Aitkin County",1,37,138,68,70
050,27,001,"Minnesota","Aitkin County",1,38,153,75,78
050,27,001,"Minnesota","Aitkin County",1,39,141,78,63
050,27,001,"Minnesota","Aitkin County",1,40,157,79,78
050,27,001,"Minnesota","Aitkin County",1,41,132,68,64
050,27,001,"Minnesota","Aitkin County",1,42,136,67,69
050,27,001,"Minnesota","Aitkin County",1,43,120,61,59
050,27,001,"Minnesota","Aitkin County",1,44,119,59,60
050,27,001,"Minnesota","Aitkin County",1,45,121,63,58
050,27,001,"Minnesota","Aitkin County",1,46,127,62,65
050,27,001,"Minnesota","Aitkin County",1,47,140,70,70
050,27,001,"Minnesota","Aitkin County",1,48,161,89,72
050,27,001,"Minnesota","Aitkin County",1,49,178,94,84
050,27,001,"Minnesota","Aitkin County",1,50,161,84,77
050,27,001,"Minnesota","Aitkin County",1,51,153,81,72
050,27,001,"Minnesota","Aitkin County",1,52,175,91,84
050,27,001,"Minnesota","Aitkin County",1,53,184,87,97
050,27,001,"Minnesota","Aitkin County",1,54,194,95,99
050,27,001,"Minnesota","Aitkin County",1,55,238,118,120
050,27,001,"Minnesota","Aitkin County",1,56,239,114,125
050,27,001,"Minnesota","Aitkin County",1,57,277,144,133
050,27,001,"Minnesota","Aitkin County",1,58,280,141,139
050,27,001,"Minnesota","Aitkin County",1,59,302,151,151
050,27,001,"Minnesota","Aitkin County",1,60,301,154,147
050,27,001,"Minnesota","Aitkin County",1,61,317,165,152
050,27,001,"Minnesota","Aitkin County",1,62,341,179,162
050,27,001,"Minnesota","Aitkin County",1,63,321,167,154
050,27,001,"Minnesota","Aitkin County",1,64,320,167,153
050,27,001,"Minnesota","Aitkin County",1,65,318,160,158
050,27,001,"Minnesota","Aitkin County",1,66,317,146,171
050,27,001,"Minnesota","Aitkin County",1,67,326,159,167
050,27,001,"Minnesota","Aitkin County",1,68,326,171,155
050,27,001,"Minnesota","Aitkin County",1,69,303,158,145
050,27,001,"Minnesota","Aitkin County",1,70,296,157,139
050,27,001,"Minnesota","Aitkin County",1,71,296,155,141
050,27,001,"Minnesota","Aitkin County",1,72,312,160,152
050,27,001,"Minnesota","Aitkin County",1,73,317,161,156
050,27,001,"Minnesota","Aitkin County",1,74,212,111,101
050,27,001,"Minnesota","Aitkin County",1,75,211,108,103
050,27,001,"Minnesota","Aitkin County",1,76,240,124,116
050,27,001,"Minnesota","Aitkin County",1,77,236,128,108
050,27,001,"Minnesota","Aitkin County",1,78,209,111,98
050,27,001,"Minnesota","Aitkin County",1,79,174,88,86
050,27,001,"Minnesota","Aitkin County",1,80,140,68,72
050,27,001,"Minnesota","Aitkin County",1,81,175,85,90
050,27,001,"Minnesota","Aitkin County",1,82,144,70,74
050,27,001,"Minnesota","Aitkin County",1,83,117,62,55
050,27,001,"Minnesota","Aitkin County",1,84,109,58,51
050,27,001,"Minnesota","Aitkin County",1,85,514,209,305
050,27,001,"Minnesota","Aitkin County",2,0,116,56,60
050,27,001,"Minnesota","Aitkin County",2,1,117,63,54
050,27,001,"Minnesota","Aitkin County",2,2,125,68,57
050,27,001,"Minnesota","Aitkin County",2,3,118,60,58
050,27,001,"Minnesota","Aitkin County",2,4,107,55,52
050,27,001,"Minnesota","Aitkin County",2,5,110,55,55
050,27,001,"Minnesota","Aitkin County",2,6,119,56,63
050,27,001,"Minnesota","Aitkin County",2,7,127,66,61
050,27,001,"Minnesota","Aitkin County",2,8,148,76,72
050,27,001,"Minnesota","Aitkin County",2,9,143,76,67
050,27,001,"Minnesota","Aitkin County",2,10,153,87,66
050,27,001,"Minnesota","Aitkin County",2,11,165,92,73
050,27,001,"Minnesota","Aitkin County",2,12,178,91,87
050,27,001,"Minnesota","Aitkin County",2,13,184,93,91
050,27,001,"Minnesota","Aitkin County",2,14,172,86,86
050,27,001,"Minnesota","Aitkin County",2,15,176,92,84
050,27,001,"Minnesota","Aitkin County",2,16,175,90,85
050,27,001,"Minnesota","Aitkin County",2,17,163,84,79
050,27,001,"Minnesota","Aitkin County",2,18,124,63,61
050,27,001,"Minnesota","Aitkin County",2,19,99,53,46
050,27,001,"Minnesota","Aitkin County",2,20,103,55,48
050,27,001,"Minnesota","Aitkin County",2,21,119,62,57
050,27,001,"Minnesota","Aitkin County",2,22,129,61,68
050,27,001,"Minnesota","Aitkin County",2,23,114,48,66
050,27,001,"Minnesota","Aitkin County",2,24,96,44,52
050,27,001,"Minnesota","Aitkin County",2,25,108,52,56
050,27,001,"Minnesota","Aitkin County",2,26,114,53,61
050,27,001,"Minnesota","Aitkin County",2,27,123,59,64
050,27,001,"Minnesota","Aitkin County",2,28,116,53,63
050,27,001,"Minnesota","Aitkin County",2,29,116,60,56
050,27,001,"Minnesota","Aitkin County",2,30,114,61,53
050,27,001,"Minnesota","Aitkin County",2,31,102,52,50
050,27,001,"Minnesota","Aitkin County",2,32,108,55,53
050,27,001,"Minnesota","Aitkin County",2,33,112,60,52
050,27,001,"Minnesota","Aitkin County",2,34,123,63,60
050,27,001,"Minnesota","Aitkin County",2,35,129,59,70
050,27,001,"Minnesota","Aitkin County",2,36,132,62,70
050,27,001,"Minnesota","Aitkin County",2,37,139,68,71
050,27,001,"Minnesota","Aitkin County",2,38,149,75,74
050,27,001,"Minnesota","Aitkin County",2,39,142,75,67
050,27,001,"Minnesota","Aitkin County",2,40,154,79,75
050,27,001,"Minnesota","Aitkin County",2,41,137,71,66
050,27,001,"Minnesota","Aitkin County",2,42,136,67,69
050,27,001,"Minnesota","Aitkin County",2,43,124,63,61
050,27,001,"Minnesota","Aitkin County",2,44,120,60,60
050,27,001,"Minnesota","Aitkin County",2,45,123,63,60
050,27,001,"Minnesota","Aitkin County",2,46,128,65,63
050,27,001,"Minnesota","Aitkin County",2,47,138,70,68
050,27,001,"Minnesota","Aitkin County",2,48,159,87,72
050,27,001,"Minnesota","Aitkin County",2,49,174,93,81
050,27,001,"Minnesota","Aitkin County",2,50,164,87,77
050,27,001,"Minnesota","Aitkin County",2,51,159,84,75
050,27,001,"Minnesota","Aitkin County",2,52,173,90,83
050,27,001,"Minnesota","Aitkin County",2,53,181,88,93
050,27,001,"Minnesota","Aitkin County",2,54,192,92,100
050,27,001,"Minnesota","Aitkin County",2,55,226,111,115
050,27,001,"Minnesota","Aitkin County",2,56,242,116,126
050,27,001,"Minnesota","Aitkin County",2,57,271,138,133
050,27,001,"Minnesota","Aitkin County",2,58,281,143,138
050,27,001,"Minnesota","Aitkin County",2,59,302,150,152
050,27,001,"Minnesota","Aitkin County",2,60,304,154,150
050,27,001,"Minnesota","Aitkin County",2,61,315,164,151
050,27,001,"Minnesota","Aitkin County",2,62,338,178,160
050,27,001,"Minnesota","Aitkin County",2,63,335,175,160
050,27,001,"Minnesota","Aitkin County",2,64,320,167,153
050,27,001,"Minnesota","Aitkin County",2,65,320,161,159
050,27,001,"Minnesota","Aitkin County",2,66,320,151,169
050,27,001,"Minnesota","Aitkin County",2,67,326,157,169
050,27,001,"Minnesota","Aitkin County",2,68,320,166,154
050,27,001,"Minnesota","Aitkin County",2,69,308,159,149
050,27,001,"Minnesota","Aitkin County",2,70,295,156,139
050,27,001,"Minnesota","Aitkin County",2,71,296,156,140
050,27,001,"Minnesota","Aitkin County",2,72,303,157,146
050,27,001,"Minnesota","Aitkin County",2,73,332,170,162
050,27,001,"Minnesota","Aitkin County",2,74,220,114,106
050,27,001,"Minnesota","Aitkin County",2,75,212,109,103
050,27,001,"Minnesota","Aitkin County",2,76,230,119,111
050,27,001,"Minnesota","Aitkin County",2,77,239,127,112
050,27,001,"Minnesota","Aitkin County",2,78,210,112,98
050,27,001,"Minnesota","Aitkin County",2,79,180,93,87
050,27,001,"Minnesota","Aitkin County",2,80,147,73,74
050,27,001,"Minnesota","Aitkin County",2,81,163,79,84
050,27,001,"Minnesota","Aitkin County",2,82,152,74,78
050,27,001,"Minnesota","Aitkin County",2,83,120,61,59
050,27,001,"Minnesota","Aitkin County",2,84,111,59,52
050,27,001,"Minnesota","Aitkin County",2,85,515,211,304
050,27,001,"Minnesota","Aitkin County",3,0,105,55,50
050,27,001,"Minnesota","Aitkin County",3,1,108,48,60
050,27,001,"Minnesota","Aitkin County",3,2,109,56,53
050,27,001,"Minnesota","Aitkin County",3,3,130,70,60
050,27,001,"Minnesota","Aitkin County",3,4,118,65,53
050,27,001,"Minnesota","Aitkin County",3,5,104,54,50
050,27,001,"Minnesota","Aitkin County",3,6,109,53,56
050,27,001,"Minnesota","Aitkin County",3,7,121,57,64
050,27,001,"Minnesota","Aitkin County",3,8,117,61,56
050,27,001,"Minnesota","Aitkin County",3,9,153,82,71
050,27,001,"Minnesota","Aitkin County",3,10,139,75,64
050,27,001,"Minnesota","Aitkin County",3,11,166,94,72
050,27,001,"Minnesota","Aitkin County",3,12,173,99,74
050,27,001,"Minnesota","Aitkin County",3,13,186,92,94
050,27,001,"Minnesota","Aitkin County",3,14,194,99,95
050,27,001,"Minnesota","Aitkin County",3,15,172,89,83
050,27,001,"Minnesota","Aitkin County",3,16,185,93,92
050,27,001,"Minnesota","Aitkin County",3,17,184,93,91
050,27,001,"Minnesota","Aitkin County",3,18,133,76,57
050,27,001,"Minnesota","Aitkin County",3,19,106,55,51
050,27,001,"Minnesota","Aitkin County",3,20,111,55,56
050,27,001,"Minnesota","Aitkin County",3,21,109,61,48
050,27,001,"Minnesota","Aitkin County",3,22,130,63,67
050,27,001,"Minnesota","Aitkin County",3,23,131,61,70
050,27,001,"Minnesota","Aitkin County",3,24,99,43,56
050,27,001,"Minnesota","Aitkin County",3,25,102,44,58
050,27,001,"Minnesota","Aitkin County",3,26,105,52,53
050,27,001,"Minnesota","Aitkin County",3,27,112,45,67
050,27,001,"Minnesota","Aitkin County",3,28,125,56,69
050,27,001,"Minnesota","Aitkin County",3,29,113,54,59
050,27,001,"Minnesota","Aitkin County",3,30,105,56,49
050,27,001,"Minnesota","Aitkin County",3,31,121,65,56
050,27,001,"Minnesota","Aitkin County",3,32,109,54,55
050,27,001,"Minnesota","Aitkin County",3,33,113,63,50
050,27,001,"Minnesota","Aitkin County",3,34,123,63,60
050,27,001,"Minnesota","Aitkin County",3,35,116,59,57
050,27,001,"Minnesota","Aitkin County",3,36,141,65,76
050,27,001,"Minnesota","Aitkin County",3,37,142,67,75
050,27,001,"Minnesota","Aitkin County",3,38,142,69,73
050,27,001,"Minnesota","Aitkin County",3,39,158,74,84
050,27,001,"Minnesota","Aitkin County",3,40,154,82,72
050,27,001,"Minnesota","Aitkin County",3,41,152,78,74
050,27,001,"Minnesota","Aitkin County",3,42,151,79,72
050,27,001,"Minnesota","Aitkin County",3,43,141,71,70
050,27,001,"Minnesota","Aitkin County",3,44,123,65,58
050,27,001,"Minnesota","Aitkin County",3,45,130,61,69
050,27,001,"Minnesota","Aitkin County",3,46,124,62,62
050,27,001,"Minnesota","Aitkin County",3,47,137,75,62
050,27,001,"Minnesota","Aitkin County",3,48,138,71,67
050,27,001,"Minnesota","Aitkin County",3,49,162,85,77
050,27,001,"Minnesota","Aitkin County",3,50,182,98,84
050,27,001,"Minnesota","Aitkin County",3,51,167,92,75
050,27,001,"Minnesota","Aitkin County",3,52,175,92,83
050,27,001,"Minnesota","Aitkin County",3,53,190,101,89
050,27,001,"Minnesota","Aitkin County",3,54,199,88,111
050,27,001,"Minnesota","Aitkin County",3,55,212,101,111
050,27,001,"Minnesota","Aitkin County",3,56,244,127,117
050,27,001,"Minnesota","Aitkin County",3,57,261,130,131
050,27,001,"Minnesota","Aitkin County",3,58,281,143,138
050,27,001,"Minnesota","Aitkin County",3,59,306,152,154
050,27,001,"Minnesota","Aitkin County",3,60,318,156,162
050,27,001,"Minnesota","Aitkin County",3,61,335,178,157
050,27,001,"Minnesota","Aitkin County",3,62,357,187,170
050,27,001,"Minnesota","Aitkin County",3,63,334,176,158
050,27,001,"Minnesota","Aitkin County",3,64,355,180,175
050,27,001,"Minnesota","Aitkin County",3,65,336,180,156
050,27,001,"Minnesota","Aitkin County",3,66,320,162,158
050,27,001,"Minnesota","Aitkin County",3,67,325,150,175
050,27,001,"Minnesota","Aitkin County",3,68,343,169,174
050,27,001,"Minnesota","Aitkin County",3,69,305,155,150
050,27,001,"Minnesota","Aitkin County",3,70,316,161,155
050,27,001,"Minnesota","Aitkin County",3,71,293,157,136
050,27,001,"Minnesota","Aitkin County",3,72,293,154,139
050,27,001,"Minnesota","Aitkin County",3,73,280,139,141
050,27,001,"Minnesota","Aitkin County",3,74,323,164,159
050,27,001,"Minnesota","Aitkin County",3,75,208,107,101
050,27,001,"Minnesota","Aitkin County",3,76,211,114,97
050,27,001,"Minnesota","Aitkin County",3,77,217,108,109
050,27,001,"Minnesota","Aitkin County",3,78,224,121,103
050,27,001,"Minnesota","Aitkin County",3,79,179,95,84
050,27,001,"Minnesota","Aitkin County",3,80,166,89,77
050,27,001,"Minnesota","Aitkin County",3,81,142,70,72
050,27,001,"Minnesota","Aitkin County",3,82,148,69,79
050,27,001,"Minnesota","Aitkin County",3,83,131,62,69
050,27,001,"Minnesota","Aitkin County",3,84,119,61,58
050,27,001,"Minnesota","Aitkin County",3,85,531,220,311
050,27,001,"Minnesota","Aitkin County",4,0,99,48,51
050,27,001,"Minnesota","Aitkin County",4,1,102,48,54
050,27,001,"Minnesota","Aitkin County",4,2,107,44,63
050,27,001,"Minnesota","Aitkin County",4,3,104,54,50
050,27,001,"Minnesota","Aitkin County",4,4,131,70,61
050,27,001,"Minnesota","Aitkin County",4,5,116,59,57
050,27,001,"Minnesota","Aitkin County",4,6,107,58,49
050,27,001,"Minnesota","Aitkin County",4,7,112,53,59
050,27,001,"Minnesota","Aitkin County",4,8,126,61,65
050,27,001,"Minnesota","Aitkin County",4,9,123,59,64
050,27,001,"Minnesota","Aitkin County",4,10,157,80,77
050,27,001,"Minnesota","Aitkin County",4,11,144,79,65
050,27,001,"Minnesota","Aitkin County",4,12,158,91,67
050,27,001,"Minnesota","Aitkin County",4,13,170,97,73
050,27,001,"Minnesota","Aitkin County",4,14,180,92,88
050,27,001,"Minnesota","Aitkin County",4,15,184,95,89
050,27,001,"Minnesota","Aitkin County",4,16,166,83,83
050,27,001,"Minnesota","Aitkin County",4,17,182,89,93
050,27,001,"Minnesota","Aitkin County",4,18,150,80,70
050,27,001,"Minnesota","Aitkin County",4,19,108,64,44
050,27,001,"Minnesota","Aitkin County",4,20,107,50,57
050,27,001,"Minnesota","Aitkin County",4,21,117,61,56
050,27,001,"Minnesota","Aitkin County",4,22,116,67,49
050,27,001,"Minnesota","Aitkin County",4,23,124,66,58
050,27,001,"Minnesota","Aitkin County",4,24,122,63,59
050,27,001,"Minnesota","Aitkin County",4,25,90,36,54
050,27,001,"Minnesota","Aitkin County",4,26,106,52,54
050,27,001,"Minnesota","Aitkin County",4,27,106,57,49
050,27,001,"Minnesota","Aitkin County",4,28,123,49,74
050,27,001,"Minnesota","Aitkin County",4,29,127,54,73
050,27,001,"Minnesota","Aitkin County",4,30,117,56,61
050,27,001,"Minnesota","Aitkin County",4,31,116,62,54
050,27,001,"Minnesota","Aitkin County",4,32,126,68,58
050,27,001,"Minnesota","Aitkin County",4,33,119,64,55
050,27,001,"Minnesota","Aitkin County",4,34,116,66,50
050,27,001,"Minnesota","Aitkin County",4,35,133,67,66
050,27,001,"Minnesota","Aitkin County",4,36,126,60,66
050,27,001,"Minnesota","Aitkin County",4,37,156,71,85
050,27,001,"Minnesota","Aitkin County",4,38,151,79,72
050,27,001,"Minnesota","Aitkin County",4,39,148,74,74
050,27,001,"Minnesota","Aitkin County",4,40,166,80,86
050,27,001,"Minnesota","Aitkin County",4,41,152,85,67
050,27,001,"Minnesota","Aitkin County",4,42,153,79,74
050,27,001,"Minnesota","Aitkin County",4,43,160,83,77
050,27,001,"Minnesota","Aitkin County",4,44,146,76,70
050,27,001,"Minnesota","Aitkin County",4,45,129,66,63
050,27,001,"Minnesota","Aitkin County",4,46,140,64,76
050,27,001,"Minnesota","Aitkin County",4,47,131,68,63
050,27,001,"Minnesota","Aitkin County",4,48,144,79,65
050,27,001,"Minnesota","Aitkin County",4,49,141,69,72
050,27,001,"Minnesota","Aitkin County",4,50,164,88,76
050,27,001,"Minnesota","Aitkin County",4,51,201,106,95
050,27,001,"Minnesota","Aitkin County",4,52,195,106,89
050,27,001,"Minnesota","Aitkin County",4,53,198,114,84
050,27,001,"Minnesota","Aitkin County",4,54,190,101,89
050,27,001,"Minnesota","Aitkin County",4,55,223,102,121
050,27,001,"Minnesota","Aitkin County",4,56,208,98,110
050,27,001,"Minnesota","Aitkin County",4,57,265,144,121
050,27,001,"Minnesota","Aitkin County",4,58,288,139,149
050,27,001,"Minnesota","Aitkin County",4,59,306,146,160
050,27,001,"Minnesota","Aitkin County",4,60,337,167,170
050,27,001,"Minnesota","Aitkin County",4,61,334,172,162
050,27,001,"Minnesota","Aitkin County",4,62,366,201,165
050,27,001,"Minnesota","Aitkin County",4,63,366,193,173
050,27,001,"Minnesota","Aitkin County",4,64,367,194,173
050,27,001,"Minnesota","Aitkin County",4,65,381,194,187
050,27,001,"Minnesota","Aitkin County",4,66,336,180,156
050,27,001,"Minnesota","Aitkin County",4,67,335,173,162
050,27,001,"Minnesota","Aitkin County",4,68,333,162,171
050,27,001,"Minnesota","Aitkin County",4,69,316,152,164
050,27,001,"Minnesota","Aitkin County",4,70,310,156,154
050,27,001,"Minnesota","Aitkin County",4,71,302,156,146
050,27,001,"Minnesota","Aitkin County",4,72,283,153,130
050,27,001,"Minnesota","Aitkin County",4,73,277,145,132
050,27,001,"Minnesota","Aitkin County",4,74,270,132,138
050,27,001,"Minnesota","Aitkin County",4,75,302,153,149
050,27,001,"Minnesota","Aitkin County",4,76,196,102,94
050,27,001,"Minnesota","Aitkin County",4,77,192,98,94
050,27,001,"Minnesota","Aitkin County",4,78,194,96,98
050,27,001,"Minnesota","Aitkin County",4,79,199,108,91
050,27,001,"Minnesota","Aitkin County",4,80,169,93,76
050,27,001,"Minnesota","Aitkin County",4,81,173,90,83
050,27,001,"Minnesota","Aitkin County",4,82,130,63,67
050,27,001,"Minnesota","Aitkin County",4,83,129,60,69
050,27,001,"Minnesota","Aitkin County",4,84,132,60,72
050,27,001,"Minnesota","Aitkin County",4,85,541,216,325
050,27,001,"Minnesota","Aitkin County",5,0,100,48,52
050,27,001,"Minnesota","Aitkin County",5,1,101,45,56
050,27,001,"Minnesota","Aitkin County",5,2,103,54,49
050,27,001,"Minnesota","Aitkin County",5,3,111,48,63
050,27,001,"Minnesota","Aitkin County",5,4,98,51,47
050,27,001,"Minnesota","Aitkin County",5,5,130,69,61
050,27,001,"Minnesota","Aitkin County",5,6,116,61,55
050,27,001,"Minnesota","Aitkin County",5,7,113,63,50
050,27,001,"Minnesota","Aitkin County",5,8,112,55,57
050,27,001,"Minnesota","Aitkin County",5,9,122,56,66
050,27,001,"Minnesota","Aitkin County",5,10,126,62,64
050,27,001,"Minnesota","Aitkin County",5,11,152,75,77
050,27,001,"Minnesota","Aitkin County",5,12,148,86,62
050,27,001,"Minnesota","Aitkin County",5,13,159,93,66
050,27,001,"Minnesota","Aitkin County",5,14,167,97,70
050,27,001,"Minnesota","Aitkin County",5,15,188,92,96
050,27,001,"Minnesota","Aitkin County",5,16,187,96,91
050,27,001,"Minnesota","Aitkin County",5,17,168,88,80
050,27,001,"Minnesota","Aitkin County",5,18,152,73,79
050,27,001,"Minnesota","Aitkin County",5,19,118,61,57
050,27,001,"Minnesota","Aitkin County",5,20,119,65,54
050,27,001,"Minnesota","Aitkin County",5,21,105,49,56
050,27,001,"Minnesota","Aitkin County",5,22,124,61,63
050,27,001,"Minnesota","Aitkin County",5,23,118,69,49
050,27,001,"Minnesota","Aitkin County",5,24,118,67,51
050,27,001,"Minnesota","Aitkin County",5,25,116,58,58
050,27,001,"Minnesota","Aitkin County",5,26,96,39,57
050,27,001,"Minnesota","Aitkin County",5,27,96,53,43
050,27,001,"Minnesota","Aitkin County",5,28,109,56,53
050,27,001,"Minnesota","Aitkin County",5,29,110,42,68
050,27,001,"Minnesota","Aitkin County",5,30,129,58,71
050,27,001,"Minnesota","Aitkin County",5,31,119,58,61
050,27,001,"Minnesota","Aitkin County",5,32,122,66,56
050,27,001,"Minnesota","Aitkin County",5,33,129,70,59
050,27,001,"Minnesota","Aitkin County",5,34,117,63,54
050,27,001,"Minnesota","Aitkin County",5,35,116,65,51
050,27,001,"Minnesota","Aitkin County",5,36,144,73,71
050,27,001,"Minnesota","Aitkin County",5,37,121,58,63
050,27,001,"Minnesota","Aitkin County",5,38,152,75,77
050,27,001,"Minnesota","Aitkin County",5,39,150,76,74
050,27,001,"Minnesota","Aitkin County",5,40,150,76,74
050,27,001,"Minnesota","Aitkin County",5,41,163,81,82
050,27,001,"Minnesota","Aitkin County",5,42,148,83,65
050,27,001,"Minnesota","Aitkin County",5,43,164,86,78
050,27,001,"Minnesota","Aitkin County",5,44,162,84,78
050,27,001,"Minnesota","Aitkin County",5,45,146,73,73
050,27,001,"Minnesota","Aitkin County",5,46,137,70,67
050,27,001,"Minnesota","Aitkin County",5,47,146,68,78
050,27,001,"Minnesota","Aitkin County",5,48,134,69,65
050,27,001,"Minnesota","Aitkin County",5,49,143,73,70
050,27,001,"Minnesota","Aitkin County",5,50,144,70,74
050,27,001,"Minnesota","Aitkin County",5,51,181,102,79
050,27,001,"Minnesota","Aitkin County",5,52,198,102,96
050,27,001,"Minnesota","Aitkin County",5,53,202,113,89
050,27,001,"Minnesota","Aitkin County",5,54,188,105,83
050,27,001,"Minnesota","Aitkin County",5,55,204,108,96
050,27,001,"Minnesota","Aitkin County",5,56,229,105,124
050,27,001,"Minnesota","Aitkin County",5,57,211,105,106
050,27,001,"Minnesota","Aitkin County",5,58,274,150,124
050,27,001,"Minnesota","Aitkin County",5,59,302,148,154
050,27,001,"Minnesota","Aitkin County",5,60,323,152,171
050,27,001,"Minnesota","Aitkin County",5,61,361,173,188
050,27,001,"Minnesota","Aitkin County",5,62,359,184,175
050,27,001,"Minnesota","Aitkin County",5,63,364,207,157
050,27,001,"Minnesota","Aitkin County",5,64,380,200,180
050,27,001,"Minnesota","Aitkin County",5,65,374,197,177
050,27,001,"Minnesota","Aitkin County",5,66,383,198,185
050,27,001,"Minnesota","Aitkin County",5,67,351,190,161
050,27,001,"Minnesota","Aitkin County",5,68,338,179,159
050,27,001,"Minnesota","Aitkin County",5,69,309,147,162
050,27,001,"Minnesota","Aitkin County",5,70,321,158,163
050,27,001,"Minnesota","Aitkin County",5,71,294,148,146
050,27,001,"Minnesota","Aitkin County",5,72,300,157,143
050,27,001,"Minnesota","Aitkin County",5,73,259,136,123
050,27,001,"Minnesota","Aitkin County",5,74,265,136,129
050,27,001,"Minnesota","Aitkin County",5,75,257,127,130
050,27,001,"Minnesota","Aitkin County",5,76,292,150,142
050,27,001,"Minnesota","Aitkin County",5,77,183,87,96
050,27,001,"Minnesota","Aitkin County",5,78,176,90,86
050,27,001,"Minnesota","Aitkin County",5,79,176,88,88
050,27,001,"Minnesota","Aitkin County",5,80,185,102,83
050,27,001,"Minnesota","Aitkin County",5,81,167,90,77
050,27,001,"Minnesota","Aitkin County",5,82,157,81,76
050,27,001,"Minnesota","Aitkin County",5,83,115,55,60
050,27,001,"Minnesota","Aitkin County",5,84,129,58,71
050,27,001,"Minnesota","Aitkin County",5,85,577,223,354
050,27,003,"Minnesota","Anoka County",1,0,4194,2155,2039
050,27,003,"Minnesota","Anoka County",1,1,4327,2199,2128
050,27,003,"Minnesota","Anoka County",1,2,4541,2274,2267
050,27,003,"Minnesota","Anoka County",1,3,4558,2291,2267
050,27,003,"Minnesota","Anoka County",1,4,4795,2452,2343
050,27,003,"Minnesota","Anoka County",1,5,4759,2401,2358
050,27,003,"Minnesota","Anoka County",1,6,4782,2416,2366
050,27,003,"Minnesota","Anoka County",1,7,4613,2390,2223
050,27,003,"Minnesota","Anoka County",1,8,4711,2445,2266
050,27,003,"Minnesota","Anoka County",1,9,4770,2462,2308
050,27,003,"Minnesota","Anoka County",1,10,5057,2570,2487
050,27,003,"Minnesota","Anoka County",1,11,5135,2643,2492
050,27,003,"Minnesota","Anoka County",1,12,5243,2682,2561
050,27,003,"Minnesota","Anoka County",1,13,5183,2665,2518
050,27,003,"Minnesota","Anoka County",1,14,5131,2620,2511
050,27,003,"Minnesota","Anoka County",1,15,5176,2604,2572
050,27,003,"Minnesota","Anoka County",1,16,5268,2685,2583
050,27,003,"Minnesota","Anoka County",1,17,5137,2603,2534
050,27,003,"Minnesota","Anoka County",1,18,4363,2313,2050
050,27,003,"Minnesota","Anoka County",1,19,3488,1828,1660
050,27,003,"Minnesota","Anoka County",1,20,3631,1930,1701
050,27,003,"Minnesota","Anoka County",1,21,3837,1999,1838
050,27,003,"Minnesota","Anoka County",1,22,3972,2010,1962
050,27,003,"Minnesota","Anoka County",1,23,4173,2097,2076
050,27,003,"Minnesota","Anoka County",1,24,4153,2144,2009
050,27,003,"Minnesota","Anoka County",1,25,4260,2188,2072
050,27,003,"Minnesota","Anoka County",1,26,4392,2264,2128
050,27,003,"Minnesota","Anoka County",1,27,4587,2373,2214
050,27,003,"Minnesota","Anoka County",1,28,4722,2396,2326
050,27,003,"Minnesota","Anoka County",1,29,4688,2388,2300
050,27,003,"Minnesota","Anoka County",1,30,4700,2349,2351
050,27,003,"Minnesota","Anoka County",1,31,4780,2468,2312
050,27,003,"Minnesota","Anoka County",1,32,4841,2457,2384
050,27,003,"Minnesota","Anoka County",1,33,5052,2538,2514
050,27,003,"Minnesota","Anoka County",1,34,5288,2691,2597
050,27,003,"Minnesota","Anoka County",1,35,5306,2694,2612
050,27,003,"Minnesota","Anoka County",1,36,5198,2636,2562
050,27,003,"Minnesota","Anoka County",1,37,5319,2727,2592
050,27,003,"Minnesota","Anoka County",1,38,5310,2736,2574
050,27,003,"Minnesota","Anoka County",1,39,5145,2662,2483
050,27,003,"Minnesota","Anoka County",1,40,5020,2574,2446
050,27,003,"Minnesota","Anoka County",1,41,4963,2582,2381
050,27,003,"Minnesota","Anoka County",1,42,4748,2478,2270
050,27,003,"Minnesota","Anoka County",1,43,4488,2320,2168
050,27,003,"Minnesota","Anoka County",1,44,4484,2271,2213
050,27,003,"Minnesota","Anoka County",1,45,4499,2280,2219
050,27,003,"Minnesota","Anoka County",1,46,4308,2244,2064
050,27,003,"Minnesota","Anoka County",1,47,4419,2224,2195
050,27,003,"Minnesota","Anoka County",1,48,4805,2458,2347
050,27,003,"Minnesota","Anoka County",1,49,5178,2663,2515
050,27,003,"Minnesota","Anoka County",1,50,4980,2529,2451
050,27,003,"Minnesota","Anoka County",1,51,4871,2490,2381
050,27,003,"Minnesota","Anoka County",1,52,4690,2328,2362
050,27,003,"Minnesota","Anoka County",1,53,4882,2452,2430
050,27,003,"Minnesota","Anoka County",1,54,5119,2579,2540
050,27,003,"Minnesota","Anoka County",1,55,5344,2710,2634
050,27,003,"Minnesota","Anoka County",1,56,5458,2786,2672
050,27,003,"Minnesota","Anoka County",1,57,5521,2795,2726
050,27,003,"Minnesota","Anoka County",1,58,5532,2791,2741
050,27,003,"Minnesota","Anoka County",1,59,5516,2782,2734
050,27,003,"Minnesota","Anoka County",1,60,5350,2748,2602
050,27,003,"Minnesota","Anoka County",1,61,5091,2607,2484
050,27,003,"Minnesota","Anoka County",1,62,4913,2482,2431
050,27,003,"Minnesota","Anoka County",1,63,4527,2292,2235
050,27,003,"Minnesota","Anoka County",1,64,4176,2109,2067
050,27,003,"Minnesota","Anoka County",1,65,3941,1915,2026
050,27,003,"Minnesota","Anoka County",1,66,3809,1879,1930
050,27,003,"Minnesota","Anoka County",1,67,3684,1793,1891
050,27,003,"Minnesota","Anoka County",1,68,3614,1756,1858
050,27,003,"Minnesota","Anoka County",1,69,3246,1578,1668
050,27,003,"Minnesota","Anoka County",1,70,3146,1497,1649
050,27,003,"Minnesota","Anoka County",1,71,3013,1411,1602
050,27,003,"Minnesota","Anoka County",1,72,2997,1398,1599
050,27,003,"Minnesota","Anoka County",1,73,3047,1422,1625
050,27,003,"Minnesota","Anoka County",1,74,2025,943,1082
050,27,003,"Minnesota","Anoka County",1,75,2060,968,1092
050,27,003,"Minnesota","Anoka County",1,76,2057,977,1080
050,27,003,"Minnesota","Anoka County",1,77,1998,924,1074
050,27,003,"Minnesota","Anoka County",1,78,1690,768,922
050,27,003,"Minnesota","Anoka County",1,79,1556,695,861
050,27,003,"Minnesota","Anoka County",1,80,1354,618,736
050,27,003,"Minnesota","Anoka County",1,81,1196,511,685
050,27,003,"Minnesota","Anoka County",1,82,1090,455,635
050,27,003,"Minnesota","Anoka County",1,83,997,385,612
050,27,003,"Minnesota","Anoka County",1,84,884,356,528
050,27,003,"Minnesota","Anoka County",1,85,5033,1894,3139
050,27,003,"Minnesota","Anoka County",2,0,4188,2149,2039
050,27,003,"Minnesota","Anoka County",2,1,4314,2194,2120
050,27,003,"Minnesota","Anoka County",2,2,4502,2261,2241
050,27,003,"Minnesota","Anoka County",2,3,4570,2299,2271
050,27,003,"Minnesota","Anoka County",2,4,4768,2427,2341
050,27,003,"Minnesota","Anoka County",2,5,4792,2424,2368
050,27,003,"Minnesota","Anoka County",2,6,4796,2427,2369
050,27,003,"Minnesota","Anoka County",2,7,4668,2409,2259
050,27,003,"Minnesota","Anoka County",2,8,4688,2434,2254
050,27,003,"Minnesota","Anoka County",2,9,4769,2464,2305
050,27,003,"Minnesota","Anoka County",2,10,4997,2549,2448
050,27,003,"Minnesota","Anoka County",2,11,5118,2624,2494
050,27,003,"Minnesota","Anoka County",2,12,5248,2693,2555
050,27,003,"Minnesota","Anoka County",2,13,5196,2672,2524
050,27,003,"Minnesota","Anoka County",2,14,5153,2636,2517
050,27,003,"Minnesota","Anoka County",2,15,5182,2620,2562
050,27,003,"Minnesota","Anoka County",2,16,5253,2669,2584
050,27,003,"Minnesota","Anoka County",2,17,5178,2629,2549
050,27,003,"Minnesota","Anoka County",2,18,4343,2289,2054
050,27,003,"Minnesota","Anoka County",2,19,3535,1856,1679
050,27,003,"Minnesota","Anoka County",2,20,3707,1956,1751
050,27,003,"Minnesota","Anoka County",2,21,3822,2001,1821
050,27,003,"Minnesota","Anoka County",2,22,3986,2024,1962
050,27,003,"Minnesota","Anoka County",2,23,4155,2095,2060
050,27,003,"Minnesota","Anoka County",2,24,4153,2129,2024
050,27,003,"Minnesota","Anoka County",2,25,4247,2179,2068
050,27,003,"Minnesota","Anoka County",2,26,4386,2253,2133
050,27,003,"Minnesota","Anoka County",2,27,4564,2355,2209
050,27,003,"Minnesota","Anoka County",2,28,4730,2414,2316
050,27,003,"Minnesota","Anoka County",2,29,4723,2394,2329
050,27,003,"Minnesota","Anoka County",2,30,4736,2373,2363
050,27,003,"Minnesota","Anoka County",2,31,4779,2452,2327
050,27,003,"Minnesota","Anoka County",2,32,4840,2460,2380
050,27,003,"Minnesota","Anoka County",2,33,5025,2527,2498
050,27,003,"Minnesota","Anoka County",2,34,5244,2659,2585
050,27,003,"Minnesota","Anoka County",2,35,5347,2719,2628
050,27,003,"Minnesota","Anoka County",2,36,5207,2643,2564
050,27,003,"Minnesota","Anoka County",2,37,5307,2717,2590
050,27,003,"Minnesota","Anoka County",2,38,5321,2742,2579
050,27,003,"Minnesota","Anoka County",2,39,5191,2686,2505
050,27,003,"Minnesota","Anoka County",2,40,5095,2620,2475
050,27,003,"Minnesota","Anoka County",2,41,4982,2584,2398
050,27,003,"Minnesota","Anoka County",2,42,4782,2495,2287
050,27,003,"Minnesota","Anoka County",2,43,4590,2375,2215
050,27,003,"Minnesota","Anoka County",2,44,4453,2266,2187
050,27,003,"Minnesota","Anoka County",2,45,4518,2293,2225
050,27,003,"Minnesota","Anoka County",2,46,4340,2242,2098
050,27,003,"Minnesota","Anoka County",2,47,4387,2225,2162
050,27,003,"Minnesota","Anoka County",2,48,4702,2397,2305
050,27,003,"Minnesota","Anoka County",2,49,5101,2623,2478
050,27,003,"Minnesota","Anoka County",2,50,5028,2561,2467
050,27,003,"Minnesota","Anoka County",2,51,4872,2485,2387
050,27,003,"Minnesota","Anoka County",2,52,4707,2354,2353
050,27,003,"Minnesota","Anoka County",2,53,4831,2424,2407
050,27,003,"Minnesota","Anoka County",2,54,5035,2537,2498
050,27,003,"Minnesota","Anoka County",2,55,5275,2670,2605
050,27,003,"Minnesota","Anoka County",2,56,5427,2768,2659
050,27,003,"Minnesota","Anoka County",2,57,5510,2795,2715
050,27,003,"Minnesota","Anoka County",2,58,5508,2778,2730
050,27,003,"Minnesota","Anoka County",2,59,5526,2790,2736
050,27,003,"Minnesota","Anoka County",2,60,5347,2731,2616
050,27,003,"Minnesota","Anoka County",2,61,5116,2621,2495
050,27,003,"Minnesota","Anoka County",2,62,4924,2500,2424
050,27,003,"Minnesota","Anoka County",2,63,4638,2347,2291
050,27,003,"Minnesota","Anoka County",2,64,4214,2123,2091
050,27,003,"Minnesota","Anoka County",2,65,3961,1938,2023
050,27,003,"Minnesota","Anoka County",2,66,3832,1882,1950
050,27,003,"Minnesota","Anoka County",2,67,3688,1797,1891
050,27,003,"Minnesota","Anoka County",2,68,3589,1743,1846
050,27,003,"Minnesota","Anoka County",2,69,3343,1624,1719
050,27,003,"Minnesota","Anoka County",2,70,3152,1503,1649
050,27,003,"Minnesota","Anoka County",2,71,3040,1426,1614
050,27,003,"Minnesota","Anoka County",2,72,2936,1374,1562
050,27,003,"Minnesota","Anoka County",2,73,3162,1481,1681
050,27,003,"Minnesota","Anoka County",2,74,2124,988,1136
050,27,003,"Minnesota","Anoka County",2,75,2044,959,1085
050,27,003,"Minnesota","Anoka County",2,76,2022,954,1068
050,27,003,"Minnesota","Anoka County",2,77,2052,954,1098
050,27,003,"Minnesota","Anoka County",2,78,1717,785,932
050,27,003,"Minnesota","Anoka County",2,79,1565,697,868
050,27,003,"Minnesota","Anoka County",2,80,1385,625,760
050,27,003,"Minnesota","Anoka County",2,81,1211,524,687
050,27,003,"Minnesota","Anoka County",2,82,1097,461,636
050,27,003,"Minnesota","Anoka County",2,83,984,389,595
050,27,003,"Minnesota","Anoka County",2,84,898,353,545
050,27,003,"Minnesota","Anoka County",2,85,5061,1903,3158
050,27,003,"Minnesota","Anoka County",3,0,4046,2033,2013
050,27,003,"Minnesota","Anoka County",3,1,4377,2229,2148
050,27,003,"Minnesota","Anoka County",3,2,4434,2272,2162
050,27,003,"Minnesota","Anoka County",3,3,4551,2278,2273
050,27,003,"Minnesota","Anoka County",3,4,4665,2345,2320
050,27,003,"Minnesota","Anoka County",3,5,4820,2456,2364
050,27,003,"Minnesota","Anoka County",3,6,4865,2468,2397
050,27,003,"Minnesota","Anoka County",3,7,4851,2474,2377
050,27,003,"Minnesota","Anoka County",3,8,4725,2426,2299
050,27,003,"Minnesota","Anoka County",3,9,4804,2467,2337
050,27,003,"Minnesota","Anoka County",3,10,4823,2505,2318
050,27,003,"Minnesota","Anoka County",3,11,5107,2618,2489
050,27,003,"Minnesota","Anoka County",3,12,5195,2657,2538
050,27,003,"Minnesota","Anoka County",3,13,5293,2702,2591
050,27,003,"Minnesota","Anoka County",3,14,5272,2733,2539
050,27,003,"Minnesota","Anoka County",3,15,5235,2668,2567
050,27,003,"Minnesota","Anoka County",3,16,5200,2647,2553
050,27,003,"Minnesota","Anoka County",3,17,5285,2662,2623
050,27,003,"Minnesota","Anoka County",3,18,4432,2311,2121
050,27,003,"Minnesota","Anoka County",3,19,3563,1878,1685
050,27,003,"Minnesota","Anoka County",3,20,3833,1995,1838
050,27,003,"Minnesota","Anoka County",3,21,3929,2064,1865
050,27,003,"Minnesota","Anoka County",3,22,4122,2137,1985
050,27,003,"Minnesota","Anoka County",3,23,4170,2101,2069
050,27,003,"Minnesota","Anoka County",3,24,4234,2191,2043
050,27,003,"Minnesota","Anoka County",3,25,4287,2201,2086
050,27,003,"Minnesota","Anoka County",3,26,4299,2193,2106
050,27,003,"Minnesota","Anoka County",3,27,4591,2382,2209
050,27,003,"Minnesota","Anoka County",3,28,4733,2444,2289
050,27,003,"Minnesota","Anoka County",3,29,4845,2504,2341
050,27,003,"Minnesota","Anoka County",3,30,4903,2487,2416
050,27,003,"Minnesota","Anoka County",3,31,4938,2491,2447
050,27,003,"Minnesota","Anoka County",3,32,4887,2510,2377
050,27,003,"Minnesota","Anoka County",3,33,4954,2528,2426
050,27,003,"Minnesota","Anoka County",3,34,5079,2565,2514
050,27,003,"Minnesota","Anoka County",3,35,5357,2725,2632
050,27,003,"Minnesota","Anoka County",3,36,5385,2755,2630
050,27,003,"Minnesota","Anoka County",3,37,5311,2692,2619
050,27,003,"Minnesota","Anoka County",3,38,5360,2725,2635
050,27,003,"Minnesota","Anoka County",3,39,5400,2799,2601
050,27,003,"Minnesota","Anoka County",3,40,5263,2716,2547
050,27,003,"Minnesota","Anoka County",3,41,5160,2652,2508
050,27,003,"Minnesota","Anoka County",3,42,4959,2577,2382
050,27,003,"Minnesota","Anoka County",3,43,4742,2440,2302
050,27,003,"Minnesota","Anoka County",3,44,4628,2423,2205
050,27,003,"Minnesota","Anoka County",3,45,4448,2263,2185
050,27,003,"Minnesota","Anoka County",3,46,4496,2276,2220
050,27,003,"Minnesota","Anoka County",3,47,4377,2270,2107
050,27,003,"Minnesota","Anoka County",3,48,4331,2201,2130
050,27,003,"Minnesota","Anoka County",3,49,4698,2388,2310
050,27,003,"Minnesota","Anoka County",3,50,5058,2599,2459
050,27,003,"Minnesota","Anoka County",3,51,5027,2548,2479
050,27,003,"Minnesota","Anoka County",3,52,4835,2475,2360
050,27,003,"Minnesota","Anoka County",3,53,4702,2365,2337
050,27,003,"Minnesota","Anoka County",3,54,4776,2399,2377
050,27,003,"Minnesota","Anoka County",3,55,4973,2499,2474
050,27,003,"Minnesota","Anoka County",3,56,5203,2627,2576
050,27,003,"Minnesota","Anoka County",3,57,5406,2754,2652
050,27,003,"Minnesota","Anoka County",3,58,5404,2748,2656
050,27,003,"Minnesota","Anoka County",3,59,5460,2745,2715
050,27,003,"Minnesota","Anoka County",3,60,5420,2733,2687
050,27,003,"Minnesota","Anoka County",3,61,5242,2670,2572
050,27,003,"Minnesota","Anoka County",3,62,4922,2526,2396
050,27,003,"Minnesota","Anoka County",3,63,4834,2437,2397
050,27,003,"Minnesota","Anoka County",3,64,4519,2259,2260
050,27,003,"Minnesota","Anoka County",3,65,4120,2062,2058
050,27,003,"Minnesota","Anoka County",3,66,3907,1887,2020
050,27,003,"Minnesota","Anoka County",3,67,3717,1812,1905
050,27,003,"Minnesota","Anoka County",3,68,3625,1752,1873
050,27,003,"Minnesota","Anoka County",3,69,3515,1693,1822
050,27,003,"Minnesota","Anoka County",3,70,3259,1580,1679
050,27,003,"Minnesota","Anoka County",3,71,3089,1458,1631
050,27,003,"Minnesota","Anoka County",3,72,2967,1382,1585
050,27,003,"Minnesota","Anoka County",3,73,2885,1355,1530
050,27,003,"Minnesota","Anoka County",3,74,3084,1424,1660
050,27,003,"Minnesota","Anoka County",3,75,2042,937,1105
050,27,003,"Minnesota","Anoka County",3,76,1979,930,1049
050,27,003,"Minnesota","Anoka County",3,77,1949,916,1033
050,27,003,"Minnesota","Anoka County",3,78,1948,915,1033
050,27,003,"Minnesota","Anoka County",3,79,1644,748,896
050,27,003,"Minnesota","Anoka County",3,80,1485,657,828
050,27,003,"Minnesota","Anoka County",3,81,1295,582,713
050,27,003,"Minnesota","Anoka County",3,82,1128,485,643
050,27,003,"Minnesota","Anoka County",3,83,1034,430,604
050,27,003,"Minnesota","Anoka County",3,84,897,347,550
050,27,003,"Minnesota","Anoka County",3,85,5190,1930,3260
050,27,003,"Minnesota","Anoka County",4,0,4205,2117,2088
050,27,003,"Minnesota","Anoka County",4,1,4158,2096,2062
050,27,003,"Minnesota","Anoka County",4,2,4425,2259,2166
050,27,003,"Minnesota","Anoka County",4,3,4554,2324,2230
050,27,003,"Minnesota","Anoka County",4,4,4656,2283,2373
050,27,003,"Minnesota","Anoka County",4,5,4733,2380,2353
050,27,003,"Minnesota","Anoka County",4,6,4924,2512,2412
050,27,003,"Minnesota","Anoka County",4,7,4950,2539,2411
050,27,003,"Minnesota","Anoka County",4,8,4947,2545,2402
050,27,003,"Minnesota","Anoka County",4,9,4810,2463,2347
050,27,003,"Minnesota","Anoka County",4,10,4829,2472,2357
050,27,003,"Minnesota","Anoka County",4,11,4934,2563,2371
050,27,003,"Minnesota","Anoka County",4,12,5182,2651,2531
050,27,003,"Minnesota","Anoka County",4,13,5223,2691,2532
050,27,003,"Minnesota","Anoka County",4,14,5377,2746,2631
050,27,003,"Minnesota","Anoka County",4,15,5290,2717,2573
050,27,003,"Minnesota","Anoka County",4,16,5251,2665,2586
050,27,003,"Minnesota","Anoka County",4,17,5155,2631,2524
050,27,003,"Minnesota","Anoka County",4,18,4515,2333,2182
050,27,003,"Minnesota","Anoka County",4,19,3508,1863,1645
050,27,003,"Minnesota","Anoka County",4,20,3735,1947,1788
050,27,003,"Minnesota","Anoka County",4,21,3984,2055,1929
050,27,003,"Minnesota","Anoka County",4,22,4132,2122,2010
050,27,003,"Minnesota","Anoka County",4,23,4257,2205,2052
050,27,003,"Minnesota","Anoka County",4,24,4114,2071,2043
050,27,003,"Minnesota","Anoka County",4,25,4217,2191,2026
050,27,003,"Minnesota","Anoka County",4,26,4369,2248,2121
050,27,003,"Minnesota","Anoka County",4,27,4463,2274,2189
050,27,003,"Minnesota","Anoka County",4,28,4750,2481,2269
050,27,003,"Minnesota","Anoka County",4,29,4858,2501,2357
050,27,003,"Minnesota","Anoka County",4,30,4968,2554,2414
050,27,003,"Minnesota","Anoka County",4,31,5001,2550,2451
050,27,003,"Minnesota","Anoka County",4,32,5013,2533,2480
050,27,003,"Minnesota","Anoka County",4,33,4949,2516,2433
050,27,003,"Minnesota","Anoka County",4,34,4977,2502,2475
050,27,003,"Minnesota","Anoka County",4,35,5189,2589,2600
050,27,003,"Minnesota","Anoka County",4,36,5470,2779,2691
050,27,003,"Minnesota","Anoka County",4,37,5417,2757,2660
050,27,003,"Minnesota","Anoka County",4,38,5251,2679,2572
050,27,003,"Minnesota","Anoka County",4,39,5423,2764,2659
050,27,003,"Minnesota","Anoka County",4,40,5382,2807,2575
050,27,003,"Minnesota","Anoka County",4,41,5319,2749,2570
050,27,003,"Minnesota","Anoka County",4,42,5144,2656,2488
050,27,003,"Minnesota","Anoka County",4,43,4932,2532,2400
050,27,003,"Minnesota","Anoka County",4,44,4758,2446,2312
050,27,003,"Minnesota","Anoka County",4,45,4594,2391,2203
050,27,003,"Minnesota","Anoka County",4,46,4399,2214,2185
050,27,003,"Minnesota","Anoka County",4,47,4450,2252,2198
050,27,003,"Minnesota","Anoka County",4,48,4344,2243,2101
050,27,003,"Minnesota","Anoka County",4,49,4297,2195,2102
050,27,003,"Minnesota","Anoka County",4,50,4603,2334,2269
050,27,003,"Minnesota","Anoka County",4,51,5024,2589,2435
050,27,003,"Minnesota","Anoka County",4,52,4957,2530,2427
050,27,003,"Minnesota","Anoka County",4,53,4822,2451,2371
050,27,003,"Minnesota","Anoka County",4,54,4590,2322,2268
050,27,003,"Minnesota","Anoka County",4,55,4687,2379,2308
050,27,003,"Minnesota","Anoka County",4,56,4841,2444,2397
050,27,003,"Minnesota","Anoka County",4,57,5141,2611,2530
050,27,003,"Minnesota","Anoka County",4,58,5301,2686,2615
050,27,003,"Minnesota","Anoka County",4,59,5273,2677,2596
050,27,003,"Minnesota","Anoka County",4,60,5329,2673,2656
050,27,003,"Minnesota","Anoka County",4,61,5288,2659,2629
050,27,003,"Minnesota","Anoka County",4,62,5074,2595,2479
050,27,003,"Minnesota","Anoka County",4,63,4817,2446,2371
050,27,003,"Minnesota","Anoka County",4,64,4701,2360,2341
050,27,003,"Minnesota","Anoka County",4,65,4417,2200,2217
050,27,003,"Minnesota","Anoka County",4,66,4019,1997,2022
050,27,003,"Minnesota","Anoka County",4,67,3764,1810,1954
050,27,003,"Minnesota","Anoka County",4,68,3640,1771,1869
050,27,003,"Minnesota","Anoka County",4,69,3560,1693,1867
050,27,003,"Minnesota","Anoka County",4,70,3433,1643,1790
050,27,003,"Minnesota","Anoka County",4,71,3187,1516,1671
050,27,003,"Minnesota","Anoka County",4,72,2997,1407,1590
050,27,003,"Minnesota","Anoka County",4,73,2906,1349,1557
050,27,003,"Minnesota","Anoka County",4,74,2825,1313,1512
050,27,003,"Minnesota","Anoka County",4,75,3012,1401,1611
050,27,003,"Minnesota","Anoka County",4,76,1956,886,1070
050,27,003,"Minnesota","Anoka County",4,77,1915,886,1029
050,27,003,"Minnesota","Anoka County",4,78,1874,887,987
050,27,003,"Minnesota","Anoka County",4,79,1863,874,989
050,27,003,"Minnesota","Anoka County",4,80,1561,707,854
050,27,003,"Minnesota","Anoka County",4,81,1407,605,802
050,27,003,"Minnesota","Anoka County",4,82,1234,564,670
050,27,003,"Minnesota","Anoka County",4,83,1055,442,613
050,27,003,"Minnesota","Anoka County",4,84,945,384,561
050,27,003,"Minnesota","Anoka County",4,85,5308,1951,3357
050,27,003,"Minnesota","Anoka County",5,0,4208,2117,2091
050,27,003,"Minnesota","Anoka County",5,1,4381,2216,2165
050,27,003,"Minnesota","Anoka County",5,2,4191,2162,2029
050,27,003,"Minnesota","Anoka County",5,3,4514,2305,2209
050,27,003,"Minnesota","Anoka County",5,4,4606,2358,2248
050,27,003,"Minnesota","Anoka County",5,5,4767,2350,2417
050,27,003,"Minnesota","Anoka County",5,6,4832,2445,2387
050,27,003,"Minnesota","Anoka County",5,7,5018,2555,2463
050,27,003,"Minnesota","Anoka County",5,8,4992,2561,2431
050,27,003,"Minnesota","Anoka County",5,9,5071,2582,2489
050,27,003,"Minnesota","Anoka County",5,10,4899,2474,2425
050,27,003,"Minnesota","Anoka County",5,11,4962,2535,2427
050,27,003,"Minnesota","Anoka County",5,12,4990,2601,2389
050,27,003,"Minnesota","Anoka County",5,13,5238,2673,2565
050,27,003,"Minnesota","Anoka County",5,14,5280,2698,2582
050,27,003,"Minnesota","Anoka County",5,15,5450,2758,2692
050,27,003,"Minnesota","Anoka County",5,16,5295,2713,2582
050,27,003,"Minnesota","Anoka County",5,17,5299,2685,2614
050,27,003,"Minnesota","Anoka County",5,18,4386,2312,2074
050,27,003,"Minnesota","Anoka County",5,19,3635,1886,1749
050,27,003,"Minnesota","Anoka County",5,20,3832,2023,1809
050,27,003,"Minnesota","Anoka County",5,21,3937,2050,1887
050,27,003,"Minnesota","Anoka County",5,22,4241,2130,2111
050,27,003,"Minnesota","Anoka County",5,23,4296,2201,2095
050,27,003,"Minnesota","Anoka County",5,24,4298,2239,2059
050,27,003,"Minnesota","Anoka County",5,25,4153,2101,2052
050,27,003,"Minnesota","Anoka County",5,26,4234,2191,2043
050,27,003,"Minnesota","Anoka County",5,27,4452,2278,2174
050,27,003,"Minnesota","Anoka County",5,28,4672,2388,2284
050,27,003,"Minnesota","Anoka County",5,29,4809,2476,2333
050,27,003,"Minnesota","Anoka County",5,30,4936,2533,2403
050,27,003,"Minnesota","Anoka County",5,31,5075,2593,2482
050,27,003,"Minnesota","Anoka County",5,32,5074,2571,2503
050,27,003,"Minnesota","Anoka County",5,33,5115,2576,2539
050,27,003,"Minnesota","Anoka County",5,34,5085,2602,2483
050,27,003,"Minnesota","Anoka County",5,35,5124,2551,2573
050,27,003,"Minnesota","Anoka County",5,36,5265,2598,2667
050,27,003,"Minnesota","Anoka County",5,37,5519,2805,2714
050,27,003,"Minnesota","Anoka County",5,38,5441,2782,2659
050,27,003,"Minnesota","Anoka County",5,39,5354,2711,2643
050,27,003,"Minnesota","Anoka County",5,40,5442,2773,2669
050,27,003,"Minnesota","Anoka County",5,41,5460,2871,2589
050,27,003,"Minnesota","Anoka County",5,42,5303,2732,2571
050,27,003,"Minnesota","Anoka County",5,43,5148,2639,2509
050,27,003,"Minnesota","Anoka County",5,44,4969,2558,2411
050,27,003,"Minnesota","Anoka County",5,45,4741,2453,2288
050,27,003,"Minnesota","Anoka County",5,46,4563,2379,2184
050,27,003,"Minnesota","Anoka County",5,47,4404,2205,2199
050,27,003,"Minnesota","Anoka County",5,48,4417,2237,2180
050,27,003,"Minnesota","Anoka County",5,49,4316,2217,2099
050,27,003,"Minnesota","Anoka County",5,50,4310,2199,2111
050,27,003,"Minnesota","Anoka County",5,51,4586,2319,2267
050,27,003,"Minnesota","Anoka County",5,52,4968,2571,2397
050,27,003,"Minnesota","Anoka County",5,53,4934,2505,2429
050,27,003,"Minnesota","Anoka County",5,54,4776,2413,2363
050,27,003,"Minnesota","Anoka County",5,55,4584,2337,2247
050,27,003,"Minnesota","Anoka County",5,56,4647,2370,2277
050,27,003,"Minnesota","Anoka County",5,57,4799,2424,2375
050,27,003,"Minnesota","Anoka County",5,58,5047,2554,2493
050,27,003,"Minnesota","Anoka County",5,59,5231,2622,2609
050,27,003,"Minnesota","Anoka County",5,60,5203,2636,2567
050,27,003,"Minnesota","Anoka County",5,61,5244,2639,2605
050,27,003,"Minnesota","Anoka County",5,62,5189,2610,2579
050,27,003,"Minnesota","Anoka County",5,63,4973,2536,2437
050,27,003,"Minnesota","Anoka County",5,64,4710,2370,2340
050,27,003,"Minnesota","Anoka County",5,65,4646,2352,2294
050,27,003,"Minnesota","Anoka County",5,66,4339,2162,2177
050,27,003,"Minnesota","Anoka County",5,67,3919,1944,1975
050,27,003,"Minnesota","Anoka County",5,68,3736,1786,1950
050,27,003,"Minnesota","Anoka County",5,69,3567,1715,1852
050,27,003,"Minnesota","Anoka County",5,70,3522,1674,1848
050,27,003,"Minnesota","Anoka County",5,71,3371,1600,1771
050,27,003,"Minnesota","Anoka County",5,72,3132,1476,1656
050,27,003,"Minnesota","Anoka County",5,73,2932,1361,1571
050,27,003,"Minnesota","Anoka County",5,74,2843,1308,1535
050,27,003,"Minnesota","Anoka County",5,75,2775,1283,1492
050,27,003,"Minnesota","Anoka County",5,76,2956,1357,1599
050,27,003,"Minnesota","Anoka County",5,77,1901,847,1054
050,27,003,"Minnesota","Anoka County",5,78,1853,858,995
050,27,003,"Minnesota","Anoka County",5,79,1807,848,959
050,27,003,"Minnesota","Anoka County",5,80,1796,834,962
050,27,003,"Minnesota","Anoka County",5,81,1474,658,816
050,27,003,"Minnesota","Anoka County",5,82,1336,571,765
050,27,003,"Minnesota","Anoka County",5,83,1169,528,641
050,27,003,"Minnesota","Anoka County",5,84,969,406,563
050,27,003,"Minnesota","Anoka County",5,85,5508,2009,3499
050,27,005,"Minnesota","Becker County",1,0,400,206,194
050,27,005,"Minnesota","Becker County",1,1,401,219,182
050,27,005,"Minnesota","Becker County",1,2,417,209,208
050,27,005,"Minnesota","Becker County",1,3,428,210,218
050,27,005,"Minnesota","Becker County",1,4,455,235,220
050,27,005,"Minnesota","Becker County",1,5,430,219,211
050,27,005,"Minnesota","Becker County",1,6,450,214,236
050,27,005,"Minnesota","Becker County",1,7,474,227,247
050,27,005,"Minnesota","Becker County",1,8,487,248,239
050,27,005,"Minnesota","Becker County",1,9,486,230,256
050,27,005,"Minnesota","Becker County",1,10,469,219,250
050,27,005,"Minnesota","Becker County",1,11,474,234,240
050,27,005,"Minnesota","Becker County",1,12,506,269,237
050,27,005,"Minnesota","Becker County",1,13,530,282,248
050,27,005,"Minnesota","Becker County",1,14,520,267,253
050,27,005,"Minnesota","Becker County",1,15,536,258,278
050,27,005,"Minnesota","Becker County",1,16,503,249,254
050,27,005,"Minnesota","Becker County",1,17,501,257,244
050,27,005,"Minnesota","Becker County",1,18,406,217,189
050,27,005,"Minnesota","Becker County",1,19,325,168,157
050,27,005,"Minnesota","Becker County",1,20,331,169,162
050,27,005,"Minnesota","Becker County",1,21,349,171,178
050,27,005,"Minnesota","Becker County",1,22,381,194,187
050,27,005,"Minnesota","Becker County",1,23,370,189,181
050,27,005,"Minnesota","Becker County",1,24,352,169,183
050,27,005,"Minnesota","Becker County",1,25,320,156,164
050,27,005,"Minnesota","Becker County",1,26,333,166,167
050,27,005,"Minnesota","Becker County",1,27,332,161,171
050,27,005,"Minnesota","Becker County",1,28,351,175,176
050,27,005,"Minnesota","Becker County",1,29,352,173,179
050,27,005,"Minnesota","Becker County",1,30,375,189,186
050,27,005,"Minnesota","Becker County",1,31,363,176,187
050,27,005,"Minnesota","Becker County",1,32,371,195,176
050,27,005,"Minnesota","Becker County",1,33,354,168,186
050,27,005,"Minnesota","Becker County",1,34,384,193,191
050,27,005,"Minnesota","Becker County",1,35,409,206,203
050,27,005,"Minnesota","Becker County",1,36,388,196,192
050,27,005,"Minnesota","Becker County",1,37,407,210,197
050,27,005,"Minnesota","Becker County",1,38,438,215,223
050,27,005,"Minnesota","Becker County",1,39,424,218,206
050,27,005,"Minnesota","Becker County",1,40,431,216,215
050,27,005,"Minnesota","Becker County",1,41,416,220,196
050,27,005,"Minnesota","Becker County",1,42,413,208,205
050,27,005,"Minnesota","Becker County",1,43,368,198,170
050,27,005,"Minnesota","Becker County",1,44,363,198,165
050,27,005,"Minnesota","Becker County",1,45,378,199,179
050,27,005,"Minnesota","Becker County",1,46,368,192,176
050,27,005,"Minnesota","Becker County",1,47,334,181,153
050,27,005,"Minnesota","Becker County",1,48,328,169,159
050,27,005,"Minnesota","Becker County",1,49,391,190,201
050,27,005,"Minnesota","Becker County",1,50,382,190,192
050,27,005,"Minnesota","Becker County",1,51,400,208,192
050,27,005,"Minnesota","Becker County",1,52,407,220,187
050,27,005,"Minnesota","Becker County",1,53,418,217,201
050,27,005,"Minnesota","Becker County",1,54,432,226,206
050,27,005,"Minnesota","Becker County",1,55,458,214,244
050,27,005,"Minnesota","Becker County",1,56,472,251,221
050,27,005,"Minnesota","Becker County",1,57,486,252,234
050,27,005,"Minnesota","Becker County",1,58,559,290,269
050,27,005,"Minnesota","Becker County",1,59,563,280,283
050,27,005,"Minnesota","Becker County",1,60,509,264,245
050,27,005,"Minnesota","Becker County",1,61,521,276,245
050,27,005,"Minnesota","Becker County",1,62,563,288,275
050,27,005,"Minnesota","Becker County",1,63,550,273,277
050,27,005,"Minnesota","Becker County",1,64,583,297,286
050,27,005,"Minnesota","Becker County",1,65,533,268,265
050,27,005,"Minnesota","Becker County",1,66,535,273,262
050,27,005,"Minnesota","Becker County",1,67,506,266,240
050,27,005,"Minnesota","Becker County",1,68,500,261,239
050,27,005,"Minnesota","Becker County",1,69,465,230,235
050,27,005,"Minnesota","Becker County",1,70,449,227,222
050,27,005,"Minnesota","Becker County",1,71,430,224,206
050,27,005,"Minnesota","Becker County",1,72,422,224,198
050,27,005,"Minnesota","Becker County",1,73,398,187,211
050,27,005,"Minnesota","Becker County",1,74,303,139,164
050,27,005,"Minnesota","Becker County",1,75,292,157,135
050,27,005,"Minnesota","Becker County",1,76,299,152,147
050,27,005,"Minnesota","Becker County",1,77,252,124,128
050,27,005,"Minnesota","Becker County",1,78,244,121,123
050,27,005,"Minnesota","Becker County",1,79,209,106,103
050,27,005,"Minnesota","Becker County",1,80,193,89,104
050,27,005,"Minnesota","Becker County",1,81,206,96,110
050,27,005,"Minnesota","Becker County",1,82,179,82,97
050,27,005,"Minnesota","Becker County",1,83,155,72,83
050,27,005,"Minnesota","Becker County",1,84,155,69,86
050,27,005,"Minnesota","Becker County",1,85,772,293,479
050,27,005,"Minnesota","Becker County",2,0,407,208,199
050,27,005,"Minnesota","Becker County",2,1,399,214,185
050,27,005,"Minnesota","Becker County",2,2,414,211,203
050,27,005,"Minnesota","Becker County",2,3,425,207,218
050,27,005,"Minnesota","Becker County",2,4,450,229,221
050,27,005,"Minnesota","Becker County",2,5,440,224,216
050,27,005,"Minnesota","Becker County",2,6,447,216,231
050,27,005,"Minnesota","Becker County",2,7,469,226,243
050,27,005,"Minnesota","Becker County",2,8,483,243,240
050,27,005,"Minnesota","Becker County",2,9,485,234,251
050,27,005,"Minnesota","Becker County",2,10,472,221,251
050,27,005,"Minnesota","Becker County",2,11,469,229,240
050,27,005,"Minnesota","Becker County",2,12,502,262,240
050,27,005,"Minnesota","Becker County",2,13,523,278,245
050,27,005,"Minnesota","Becker County",2,14,522,269,253
050,27,005,"Minnesota","Becker County",2,15,530,259,271
050,27,005,"Minnesota","Becker County",2,16,511,250,261
050,27,005,"Minnesota","Becker County",2,17,498,253,245
050,27,005,"Minnesota","Becker County",2,18,407,217,190
050,27,005,"Minnesota","Becker County",2,19,325,169,156
050,27,005,"Minnesota","Becker County",2,20,337,172,165
050,27,005,"Minnesota","Becker County",2,21,347,173,174
050,27,005,"Minnesota","Becker County",2,22,373,189,184
050,27,005,"Minnesota","Becker County",2,23,371,190,181
050,27,005,"Minnesota","Becker County",2,24,350,172,178
050,27,005,"Minnesota","Becker County",2,25,327,159,168
050,27,005,"Minnesota","Becker County",2,26,325,161,164
050,27,005,"Minnesota","Becker County",2,27,330,160,170
050,27,005,"Minnesota","Becker County",2,28,347,172,175
050,27,005,"Minnesota","Becker County",2,29,358,178,180
050,27,005,"Minnesota","Becker County",2,30,373,188,185
050,27,005,"Minnesota","Becker County",2,31,367,180,187
050,27,005,"Minnesota","Becker County",2,32,371,192,179
050,27,005,"Minnesota","Becker County",2,33,360,175,185
050,27,005,"Minnesota","Becker County",2,34,380,189,191
050,27,005,"Minnesota","Becker County",2,35,405,205,200
050,27,005,"Minnesota","Becker County",2,36,393,198,195
050,27,005,"Minnesota","Becker County",2,37,407,209,198
050,27,005,"Minnesota","Becker County",2,38,432,215,217
050,27,005,"Minnesota","Becker County",2,39,425,216,209
050,27,005,"Minnesota","Becker County",2,40,436,219,217
050,27,005,"Minnesota","Becker County",2,41,418,219,199
050,27,005,"Minnesota","Becker County",2,42,411,209,202
050,27,005,"Minnesota","Becker County",2,43,384,204,180
050,27,005,"Minnesota","Becker County",2,44,363,198,165
050,27,005,"Minnesota","Becker County",2,45,375,200,175
050,27,005,"Minnesota","Becker County",2,46,367,191,176
050,27,005,"Minnesota","Becker County",2,47,340,183,157
050,27,005,"Minnesota","Becker County",2,48,334,175,159
050,27,005,"Minnesota","Becker County",2,49,378,184,194
050,27,005,"Minnesota","Becker County",2,50,386,192,194
050,27,005,"Minnesota","Becker County",2,51,397,203,194
050,27,005,"Minnesota","Becker County",2,52,403,217,186
050,27,005,"Minnesota","Becker County",2,53,417,219,198
050,27,005,"Minnesota","Becker County",2,54,427,223,204
050,27,005,"Minnesota","Becker County",2,55,451,217,234
050,27,005,"Minnesota","Becker County",2,56,471,245,226
050,27,005,"Minnesota","Becker County",2,57,481,250,231
050,27,005,"Minnesota","Becker County",2,58,546,283,263
050,27,005,"Minnesota","Becker County",2,59,564,282,282
050,27,005,"Minnesota","Becker County",2,60,523,268,255
050,27,005,"Minnesota","Becker County",2,61,517,273,244
050,27,005,"Minnesota","Becker County",2,62,554,287,267
050,27,005,"Minnesota","Becker County",2,63,561,283,278
050,27,005,"Minnesota","Becker County",2,64,570,290,280
050,27,005,"Minnesota","Becker County",2,65,543,275,268
050,27,005,"Minnesota","Becker County",2,66,537,275,262
050,27,005,"Minnesota","Becker County",2,67,512,269,243
050,27,005,"Minnesota","Becker County",2,68,494,257,237
050,27,005,"Minnesota","Becker County",2,69,475,240,235
050,27,005,"Minnesota","Becker County",2,70,450,229,221
050,27,005,"Minnesota","Becker County",2,71,435,225,210
050,27,005,"Minnesota","Becker County",2,72,416,220,196
050,27,005,"Minnesota","Becker County",2,73,426,207,219
050,27,005,"Minnesota","Becker County",2,74,303,139,164
050,27,005,"Minnesota","Becker County",2,75,294,152,142
050,27,005,"Minnesota","Becker County",2,76,293,151,142
050,27,005,"Minnesota","Becker County",2,77,268,131,137
050,27,005,"Minnesota","Becker County",2,78,242,120,122
050,27,005,"Minnesota","Becker County",2,79,213,106,107
050,27,005,"Minnesota","Becker County",2,80,194,91,103
050,27,005,"Minnesota","Becker County",2,81,199,93,106
050,27,005,"Minnesota","Becker County",2,82,182,84,98
050,27,005,"Minnesota","Becker County",2,83,153,69,84
050,27,005,"Minnesota","Becker County",2,84,153,69,84
050,27,005,"Minnesota","Becker County",2,85,781,299,482
050,27,005,"Minnesota","Becker County",3,0,370,198,172
050,27,005,"Minnesota","Becker County",3,1,420,211,209
050,27,005,"Minnesota","Becker County",3,2,399,212,187
050,27,005,"Minnesota","Becker County",3,3,432,222,210
050,27,005,"Minnesota","Becker County",3,4,427,213,214
050,27,005,"Minnesota","Becker County",3,5,452,227,225
050,27,005,"Minnesota","Becker County",3,6,437,221,216
050,27,005,"Minnesota","Becker County",3,7,448,221,227
050,27,005,"Minnesota","Becker County",3,8,469,216,253
050,27,005,"Minnesota","Becker County",3,9,501,254,247
050,27,005,"Minnesota","Becker County",3,10,500,242,258
050,27,005,"Minnesota","Becker County",3,11,471,222,249
050,27,005,"Minnesota","Becker County",3,12,479,229,250
050,27,005,"Minnesota","Becker County",3,13,512,271,241
050,27,005,"Minnesota","Becker County",3,14,526,277,249
050,27,005,"Minnesota","Becker County",3,15,524,269,255
050,27,005,"Minnesota","Becker County",3,16,529,262,267
050,27,005,"Minnesota","Becker County",3,17,508,252,256
050,27,005,"Minnesota","Becker County",3,18,425,219,206
050,27,005,"Minnesota","Becker County",3,19,322,174,148
050,27,005,"Minnesota","Becker County",3,20,336,176,160
050,27,005,"Minnesota","Becker County",3,21,351,174,177
050,27,005,"Minnesota","Becker County",3,22,354,171,183
050,27,005,"Minnesota","Becker County",3,23,386,202,184
050,27,005,"Minnesota","Becker County",3,24,363,191,172
050,27,005,"Minnesota","Becker County",3,25,331,163,168
050,27,005,"Minnesota","Becker County",3,26,323,159,164
050,27,005,"Minnesota","Becker County",3,27,339,170,169
050,27,005,"Minnesota","Becker County",3,28,338,167,171
050,27,005,"Minnesota","Becker County",3,29,356,176,180
050,27,005,"Minnesota","Becker County",3,30,370,191,179
050,27,005,"Minnesota","Becker County",3,31,379,182,197
050,27,005,"Minnesota","Becker County",3,32,364,175,189
050,27,005,"Minnesota","Becker County",3,33,379,192,187
050,27,005,"Minnesota","Becker County",3,34,365,185,180
050,27,005,"Minnesota","Becker County",3,35,371,189,182
050,27,005,"Minnesota","Becker County",3,36,410,206,204
050,27,005,"Minnesota","Becker County",3,37,404,199,205
050,27,005,"Minnesota","Becker County",3,38,411,210,201
050,27,005,"Minnesota","Becker County",3,39,435,214,221
050,27,005,"Minnesota","Becker County",3,40,437,214,223
050,27,005,"Minnesota","Becker County",3,41,439,223,216
050,27,005,"Minnesota","Becker County",3,42,422,219,203
050,27,005,"Minnesota","Becker County",3,43,414,215,199
050,27,005,"Minnesota","Becker County",3,44,398,214,184
050,27,005,"Minnesota","Becker County",3,45,353,190,163
050,27,005,"Minnesota","Becker County",3,46,382,203,179
050,27,005,"Minnesota","Becker County",3,47,358,187,171
050,27,005,"Minnesota","Becker County",3,48,357,198,159
050,27,005,"Minnesota","Becker County",3,49,335,172,163
050,27,005,"Minnesota","Becker County",3,50,371,181,190
050,27,005,"Minnesota","Becker County",3,51,390,188,202
050,27,005,"Minnesota","Becker County",3,52,403,207,196
050,27,005,"Minnesota","Becker County",3,53,405,218,187
050,27,005,"Minnesota","Becker County",3,54,416,215,201
050,27,005,"Minnesota","Becker County",3,55,436,227,209
050,27,005,"Minnesota","Becker County",3,56,455,216,239
050,27,005,"Minnesota","Becker County",3,57,473,238,235
050,27,005,"Minnesota","Becker County",3,58,485,255,230
050,27,005,"Minnesota","Becker County",3,59,545,277,268
050,27,005,"Minnesota","Becker County",3,60,566,282,284
050,27,005,"Minnesota","Becker County",3,61,524,269,255
050,27,005,"Minnesota","Becker County",3,62,532,287,245
050,27,005,"Minnesota","Becker County",3,63,566,281,285
050,27,005,"Minnesota","Becker County",3,64,572,282,290
050,27,005,"Minnesota","Becker County",3,65,563,287,276
050,27,005,"Minnesota","Becker County",3,66,547,276,271
050,27,005,"Minnesota","Becker County",3,67,533,276,257
050,27,005,"Minnesota","Becker County",3,68,505,265,240
050,27,005,"Minnesota","Becker County",3,69,489,254,235
050,27,005,"Minnesota","Becker County",3,70,462,230,232
050,27,005,"Minnesota","Becker County",3,71,440,223,217
050,27,005,"Minnesota","Becker County",3,72,424,222,202
050,27,005,"Minnesota","Becker County",3,73,403,210,193
050,27,005,"Minnesota","Becker County",3,74,414,196,218
050,27,005,"Minnesota","Becker County",3,75,287,130,157
050,27,005,"Minnesota","Becker County",3,76,289,151,138
050,27,005,"Minnesota","Becker County",3,77,280,139,141
050,27,005,"Minnesota","Becker County",3,78,258,127,131
050,27,005,"Minnesota","Becker County",3,79,218,106,112
050,27,005,"Minnesota","Becker County",3,80,203,92,111
050,27,005,"Minnesota","Becker County",3,81,180,86,94
050,27,005,"Minnesota","Becker County",3,82,189,90,99
050,27,005,"Minnesota","Becker County",3,83,165,73,92
050,27,005,"Minnesota","Becker County",3,84,143,62,81
050,27,005,"Minnesota","Becker County",3,85,794,307,487
050,27,005,"Minnesota","Becker County",4,0,353,193,160
050,27,005,"Minnesota","Becker County",4,1,373,200,173
050,27,005,"Minnesota","Becker County",4,2,413,214,199
050,27,005,"Minnesota","Becker County",4,3,403,211,192
050,27,005,"Minnesota","Becker County",4,4,426,218,208
050,27,005,"Minnesota","Becker County",4,5,430,213,217
050,27,005,"Minnesota","Becker County",4,6,443,224,219
050,27,005,"Minnesota","Becker County",4,7,439,217,222
050,27,005,"Minnesota","Becker County",4,8,453,224,229
050,27,005,"Minnesota","Becker County",4,9,471,218,253
050,27,005,"Minnesota","Becker County",4,10,502,252,250
050,27,005,"Minnesota","Becker County",4,11,507,249,258
050,27,005,"Minnesota","Becker County",4,12,470,217,253
050,27,005,"Minnesota","Becker County",4,13,494,243,251
050,27,005,"Minnesota","Becker County",4,14,517,268,249
050,27,005,"Minnesota","Becker County",4,15,522,273,249
050,27,005,"Minnesota","Becker County",4,16,535,270,265
050,27,005,"Minnesota","Becker County",4,17,526,259,267
050,27,005,"Minnesota","Becker County",4,18,423,218,205
050,27,005,"Minnesota","Becker County",4,19,308,159,149
050,27,005,"Minnesota","Becker County",4,20,345,184,161
050,27,005,"Minnesota","Becker County",4,21,337,176,161
050,27,005,"Minnesota","Becker County",4,22,329,162,167
050,27,005,"Minnesota","Becker County",4,23,355,176,179
050,27,005,"Minnesota","Becker County",4,24,398,202,196
050,27,005,"Minnesota","Becker County",4,25,344,186,158
050,27,005,"Minnesota","Becker County",4,26,322,161,161
050,27,005,"Minnesota","Becker County",4,27,326,161,165
050,27,005,"Minnesota","Becker County",4,28,321,172,149
050,27,005,"Minnesota","Becker County",4,29,325,163,162
050,27,005,"Minnesota","Becker County",4,30,347,172,175
050,27,005,"Minnesota","Becker County",4,31,369,181,188
050,27,005,"Minnesota","Becker County",4,32,391,192,199
050,27,005,"Minnesota","Becker County",4,33,374,183,191
050,27,005,"Minnesota","Becker County",4,34,380,197,183
050,27,005,"Minnesota","Becker County",4,35,371,187,184
050,27,005,"Minnesota","Becker County",4,36,393,193,200
050,27,005,"Minnesota","Becker County",4,37,403,204,199
050,27,005,"Minnesota","Becker County",4,38,416,203,213
050,27,005,"Minnesota","Becker County",4,39,416,214,202
050,27,005,"Minnesota","Becker County",4,40,447,220,227
050,27,005,"Minnesota","Becker County",4,41,445,220,225
050,27,005,"Minnesota","Becker County",4,42,433,223,210
050,27,005,"Minnesota","Becker County",4,43,430,225,205
050,27,005,"Minnesota","Becker County",4,44,434,221,213
050,27,005,"Minnesota","Becker County",4,45,402,216,186
050,27,005,"Minnesota","Becker County",4,46,360,194,166
050,27,005,"Minnesota","Becker County",4,47,386,208,178
050,27,005,"Minnesota","Becker County",4,48,358,189,169
050,27,005,"Minnesota","Becker County",4,49,349,194,155
050,27,005,"Minnesota","Becker County",4,50,341,176,165
050,27,005,"Minnesota","Becker County",4,51,371,178,193
050,27,005,"Minnesota","Becker County",4,52,390,190,200
050,27,005,"Minnesota","Becker County",4,53,409,206,203
050,27,005,"Minnesota","Becker County",4,54,412,216,196
050,27,005,"Minnesota","Becker County",4,55,422,215,207
050,27,005,"Minnesota","Becker County",4,56,434,227,207
050,27,005,"Minnesota","Becker County",4,57,467,217,250
050,27,005,"Minnesota","Becker County",4,58,479,250,229
050,27,005,"Minnesota","Becker County",4,59,472,247,225
050,27,005,"Minnesota","Becker County",4,60,556,283,273
050,27,005,"Minnesota","Becker County",4,61,570,278,292
050,27,005,"Minnesota","Becker County",4,62,543,273,270
050,27,005,"Minnesota","Becker County",4,63,547,286,261
050,27,005,"Minnesota","Becker County",4,64,575,282,293
050,27,005,"Minnesota","Becker County",4,65,576,282,294
050,27,005,"Minnesota","Becker County",4,66,558,281,277
050,27,005,"Minnesota","Becker County",4,67,547,275,272
050,27,005,"Minnesota","Becker County",4,68,519,265,254
050,27,005,"Minnesota","Becker County",4,69,501,265,236
050,27,005,"Minnesota","Becker County",4,70,485,251,234
050,27,005,"Minnesota","Becker County",4,71,457,222,235
050,27,005,"Minnesota","Becker County",4,72,450,233,217
050,27,005,"Minnesota","Becker County",4,73,411,211,200
050,27,005,"Minnesota","Becker County",4,74,402,205,197
050,27,005,"Minnesota","Becker County",4,75,406,193,213
050,27,005,"Minnesota","Becker County",4,76,282,129,153
050,27,005,"Minnesota","Becker County",4,77,263,135,128
050,27,005,"Minnesota","Becker County",4,78,274,138,136
050,27,005,"Minnesota","Becker County",4,79,237,118,119
050,27,005,"Minnesota","Becker County",4,80,204,95,109
050,27,005,"Minnesota","Becker County",4,81,190,87,103
050,27,005,"Minnesota","Becker County",4,82,174,88,86
050,27,005,"Minnesota","Becker County",4,83,176,81,95
050,27,005,"Minnesota","Becker County",4,84,156,67,89
050,27,005,"Minnesota","Becker County",4,85,793,305,488
050,27,005,"Minnesota","Becker County",5,0,341,189,152
050,27,005,"Minnesota","Becker County",5,1,345,188,157
050,27,005,"Minnesota","Becker County",5,2,358,187,171
050,27,005,"Minnesota","Becker County",5,3,416,218,198
050,27,005,"Minnesota","Becker County",5,4,403,219,184
050,27,005,"Minnesota","Becker County",5,5,428,220,208
050,27,005,"Minnesota","Becker County",5,6,432,223,209
050,27,005,"Minnesota","Becker County",5,7,440,230,210
050,27,005,"Minnesota","Becker County",5,8,438,221,217
050,27,005,"Minnesota","Becker County",5,9,445,225,220
050,27,005,"Minnesota","Becker County",5,10,475,229,246
050,27,005,"Minnesota","Becker County",5,11,493,251,242
050,27,005,"Minnesota","Becker County",5,12,517,250,267
050,27,005,"Minnesota","Becker County",5,13,460,218,242
050,27,005,"Minnesota","Becker County",5,14,503,254,249
050,27,005,"Minnesota","Becker County",5,15,521,268,253
050,27,005,"Minnesota","Becker County",5,16,527,281,246
050,27,005,"Minnesota","Becker County",5,17,526,264,262
050,27,005,"Minnesota","Becker County",5,18,440,224,216
050,27,005,"Minnesota","Becker County",5,19,339,176,163
050,27,005,"Minnesota","Becker County",5,20,330,180,150
050,27,005,"Minnesota","Becker County",5,21,354,189,165
050,27,005,"Minnesota","Becker County",5,22,352,177,175
050,27,005,"Minnesota","Becker County",5,23,345,171,174
050,27,005,"Minnesota","Becker County",5,24,360,178,182
050,27,005,"Minnesota","Becker County",5,25,389,200,189
050,27,005,"Minnesota","Becker County",5,26,359,196,163
050,27,005,"Minnesota","Becker County",5,27,336,171,165
050,27,005,"Minnesota","Becker County",5,28,315,154,161
050,27,005,"Minnesota","Becker County",5,29,324,170,154
050,27,005,"Minnesota","Becker County",5,30,306,146,160
050,27,005,"Minnesota","Becker County",5,31,354,177,177
050,27,005,"Minnesota","Becker County",5,32,385,198,187
050,27,005,"Minnesota","Becker County",5,33,398,201,197
050,27,005,"Minnesota","Becker County",5,34,373,183,190
050,27,005,"Minnesota","Becker County",5,35,376,190,186
050,27,005,"Minnesota","Becker County",5,36,378,192,186
050,27,005,"Minnesota","Becker County",5,37,396,197,199
050,27,005,"Minnesota","Becker County",5,38,391,194,197
050,27,005,"Minnesota","Becker County",5,39,417,199,218
050,27,005,"Minnesota","Becker County",5,40,416,209,207
050,27,005,"Minnesota","Becker County",5,41,441,213,228
050,27,005,"Minnesota","Becker County",5,42,455,228,227
050,27,005,"Minnesota","Becker County",5,43,440,224,216
050,27,005,"Minnesota","Becker County",5,44,431,223,208
050,27,005,"Minnesota","Becker County",5,45,423,214,209
050,27,005,"Minnesota","Becker County",5,46,406,217,189
050,27,005,"Minnesota","Becker County",5,47,356,191,165
050,27,005,"Minnesota","Becker County",5,48,383,208,175
050,27,005,"Minnesota","Becker County",5,49,367,187,180
050,27,005,"Minnesota","Becker County",5,50,359,199,160
050,27,005,"Minnesota","Becker County",5,51,350,176,174
050,27,005,"Minnesota","Becker County",5,52,362,174,188
050,27,005,"Minnesota","Becker County",5,53,395,192,203
050,27,005,"Minnesota","Becker County",5,54,397,198,199
050,27,005,"Minnesota","Becker County",5,55,412,217,195
050,27,005,"Minnesota","Becker County",5,56,416,213,203
050,27,005,"Minnesota","Becker County",5,57,440,224,216
050,27,005,"Minnesota","Becker County",5,58,480,229,251
050,27,005,"Minnesota","Becker County",5,59,487,254,233
050,27,005,"Minnesota","Becker County",5,60,478,243,235
050,27,005,"Minnesota","Becker County",5,61,553,282,271
050,27,005,"Minnesota","Becker County",5,62,572,282,290
050,27,005,"Minnesota","Becker County",5,63,550,278,272
050,27,005,"Minnesota","Becker County",5,64,566,300,266
050,27,005,"Minnesota","Becker County",5,65,563,271,292
050,27,005,"Minnesota","Becker County",5,66,572,280,292
050,27,005,"Minnesota","Becker County",5,67,556,281,275
050,27,005,"Minnesota","Becker County",5,68,541,273,268
050,27,005,"Minnesota","Becker County",5,69,502,255,247
050,27,005,"Minnesota","Becker County",5,70,487,258,229
050,27,005,"Minnesota","Becker County",5,71,476,241,235
050,27,005,"Minnesota","Becker County",5,72,463,230,233
050,27,005,"Minnesota","Becker County",5,73,437,220,217
050,27,005,"Minnesota","Becker County",5,74,399,203,196
050,27,005,"Minnesota","Becker County",5,75,393,204,189
050,27,005,"Minnesota","Becker County",5,76,381,179,202
050,27,005,"Minnesota","Becker County",5,77,263,116,147
050,27,005,"Minnesota","Becker County",5,78,258,134,124
050,27,005,"Minnesota","Becker County",5,79,247,126,121
050,27,005,"Minnesota","Becker County",5,80,223,107,116
050,27,005,"Minnesota","Becker County",5,81,189,90,99
050,27,005,"Minnesota","Becker County",5,82,185,88,97
050,27,005,"Minnesota","Becker County",5,83,156,77,79
050,27,005,"Minnesota","Becker County",5,84,166,75,91
050,27,005,"Minnesota","Becker County",5,85,806,303,503
050,27,007,"Minnesota","Beltrami County",1,0,639,320,319
050,27,007,"Minnesota","Beltrami County",1,1,630,329,301
050,27,007,"Minnesota","Beltrami County",1,2,624,323,301
050,27,007,"Minnesota","Beltrami County",1,3,646,327,319
050,27,007,"Minnesota","Beltrami County",1,4,655,364,291
050,27,007,"Minnesota","Beltrami County",1,5,618,319,299
050,27,007,"Minnesota","Beltrami County",1,6,677,328,349
050,27,007,"Minnesota","Beltrami County",1,7,698,353,345
050,27,007,"Minnesota","Beltrami County",1,8,691,357,334
050,27,007,"Minnesota","Beltrami County",1,9,668,350,318
050,27,007,"Minnesota","Beltrami County",1,10,668,331,337
050,27,007,"Minnesota","Beltrami County",1,11,701,359,342
050,27,007,"Minnesota","Beltrami County",1,12,700,386,314
050,27,007,"Minnesota","Beltrami County",1,13,637,346,291
050,27,007,"Minnesota","Beltrami County",1,14,601,322,279
050,27,007,"Minnesota","Beltrami County",1,15,625,311,314
050,27,007,"Minnesota","Beltrami County",1,16,621,330,291
050,27,007,"Minnesota","Beltrami County",1,17,584,315,269
050,27,007,"Minnesota","Beltrami County",1,18,681,342,339
050,27,007,"Minnesota","Beltrami County",1,19,915,476,439
050,27,007,"Minnesota","Beltrami County",1,20,889,437,452
050,27,007,"Minnesota","Beltrami County",1,21,934,480,454
050,27,007,"Minnesota","Beltrami County",1,22,889,435,454
050,27,007,"Minnesota","Beltrami County",1,23,794,448,346
050,27,007,"Minnesota","Beltrami County",1,24,668,344,324
050,27,007,"Minnesota","Beltrami County",1,25,608,306,302
050,27,007,"Minnesota","Beltrami County",1,26,565,294,271
050,27,007,"Minnesota","Beltrami County",1,27,563,285,278
050,27,007,"Minnesota","Beltrami County",1,28,609,291,318
050,27,007,"Minnesota","Beltrami County",1,29,567,294,273
050,27,007,"Minnesota","Beltrami County",1,30,548,290,258
050,27,007,"Minnesota","Beltrami County",1,31,539,274,265
050,27,007,"Minnesota","Beltrami County",1,32,562,296,266
050,27,007,"Minnesota","Beltrami County",1,33,540,284,256
050,27,007,"Minnesota","Beltrami County",1,34,568,296,272
050,27,007,"Minnesota","Beltrami County",1,35,572,288,284
050,27,007,"Minnesota","Beltrami County",1,36,556,284,272
050,27,007,"Minnesota","Beltrami County",1,37,540,273,267
050,27,007,"Minnesota","Beltrami County",1,38,562,274,288
050,27,007,"Minnesota","Beltrami County",1,39,573,292,281
050,27,007,"Minnesota","Beltrami County",1,40,527,265,262
050,27,007,"Minnesota","Beltrami County",1,41,520,250,270
050,27,007,"Minnesota","Beltrami County",1,42,501,255,246
050,27,007,"Minnesota","Beltrami County",1,43,454,240,214
050,27,007,"Minnesota","Beltrami County",1,44,447,232,215
050,27,007,"Minnesota","Beltrami County",1,45,417,210,207
050,27,007,"Minnesota","Beltrami County",1,46,422,224,198
050,27,007,"Minnesota","Beltrami County",1,47,434,219,215
050,27,007,"Minnesota","Beltrami County",1,48,473,233,240
050,27,007,"Minnesota","Beltrami County",1,49,461,219,242
050,27,007,"Minnesota","Beltrami County",1,50,447,225,222
050,27,007,"Minnesota","Beltrami County",1,51,451,226,225
050,27,007,"Minnesota","Beltrami County",1,52,444,214,230
050,27,007,"Minnesota","Beltrami County",1,53,455,224,231
050,27,007,"Minnesota","Beltrami County",1,54,478,227,251
050,27,007,"Minnesota","Beltrami County",1,55,540,260,280
050,27,007,"Minnesota","Beltrami County",1,56,568,277,291
050,27,007,"Minnesota","Beltrami County",1,57,565,276,289
050,27,007,"Minnesota","Beltrami County",1,58,574,286,288
050,27,007,"Minnesota","Beltrami County",1,59,575,289,286
050,27,007,"Minnesota","Beltrami County",1,60,581,275,306
050,27,007,"Minnesota","Beltrami County",1,61,595,286,309
050,27,007,"Minnesota","Beltrami County",1,62,587,283,304
050,27,007,"Minnesota","Beltrami County",1,63,592,300,292
050,27,007,"Minnesota","Beltrami County",1,64,586,284,302
050,27,007,"Minnesota","Beltrami County",1,65,553,282,271
050,27,007,"Minnesota","Beltrami County",1,66,521,257,264
050,27,007,"Minnesota","Beltrami County",1,67,505,237,268
050,27,007,"Minnesota","Beltrami County",1,68,488,234,254
050,27,007,"Minnesota","Beltrami County",1,69,468,233,235
050,27,007,"Minnesota","Beltrami County",1,70,453,237,216
050,27,007,"Minnesota","Beltrami County",1,71,448,237,211
050,27,007,"Minnesota","Beltrami County",1,72,436,221,215
050,27,007,"Minnesota","Beltrami County",1,73,409,197,212
050,27,007,"Minnesota","Beltrami County",1,74,273,134,139
050,27,007,"Minnesota","Beltrami County",1,75,264,134,130
050,27,007,"Minnesota","Beltrami County",1,76,268,131,137
050,27,007,"Minnesota","Beltrami County",1,77,270,126,144
050,27,007,"Minnesota","Beltrami County",1,78,227,101,126
050,27,007,"Minnesota","Beltrami County",1,79,226,101,125
050,27,007,"Minnesota","Beltrami County",1,80,208,90,118
050,27,007,"Minnesota","Beltrami County",1,81,182,78,104
050,27,007,"Minnesota","Beltrami County",1,82,180,82,98
050,27,007,"Minnesota","Beltrami County",1,83,163,73,90
050,27,007,"Minnesota","Beltrami County",1,84,160,69,91
050,27,007,"Minnesota","Beltrami County",1,85,917,323,594
050,27,007,"Minnesota","Beltrami County",2,0,615,320,295
050,27,007,"Minnesota","Beltrami County",2,1,632,327,305
050,27,007,"Minnesota","Beltrami County",2,2,625,321,304
050,27,007,"Minnesota","Beltrami County",2,3,638,326,312
050,27,007,"Minnesota","Beltrami County",2,4,650,355,295
050,27,007,"Minnesota","Beltrami County",2,5,626,328,298
050,27,007,"Minnesota","Beltrami County",2,6,661,325,336
050,27,007,"Minnesota","Beltrami County",2,7,691,347,344
050,27,007,"Minnesota","Beltrami County",2,8,688,355,333
050,27,007,"Minnesota","Beltrami County",2,9,670,351,319
050,27,007,"Minnesota","Beltrami County",2,10,667,334,333
050,27,007,"Minnesota","Beltrami County",2,11,691,352,339
050,27,007,"Minnesota","Beltrami County",2,12,708,385,323
050,27,007,"Minnesota","Beltrami County",2,13,645,352,293
050,27,007,"Minnesota","Beltrami County",2,14,612,330,282
050,27,007,"Minnesota","Beltrami County",2,15,619,315,304
050,27,007,"Minnesota","Beltrami County",2,16,629,331,298
050,27,007,"Minnesota","Beltrami County",2,17,590,319,271
050,27,007,"Minnesota","Beltrami County",2,18,685,344,341
050,27,007,"Minnesota","Beltrami County",2,19,919,475,444
050,27,007,"Minnesota","Beltrami County",2,20,891,441,450
050,27,007,"Minnesota","Beltrami County",2,21,937,483,454
050,27,007,"Minnesota","Beltrami County",2,22,890,433,457
050,27,007,"Minnesota","Beltrami County",2,23,792,445,347
050,27,007,"Minnesota","Beltrami County",2,24,663,349,314
050,27,007,"Minnesota","Beltrami County",2,25,608,303,305
050,27,007,"Minnesota","Beltrami County",2,26,564,294,270
050,27,007,"Minnesota","Beltrami County",2,27,558,284,274
050,27,007,"Minnesota","Beltrami County",2,28,597,289,308
050,27,007,"Minnesota","Beltrami County",2,29,575,294,281
050,27,007,"Minnesota","Beltrami County",2,30,555,291,264
050,27,007,"Minnesota","Beltrami County",2,31,545,281,264
050,27,007,"Minnesota","Beltrami County",2,32,557,291,266
050,27,007,"Minnesota","Beltrami County",2,33,543,288,255
050,27,007,"Minnesota","Beltrami County",2,34,561,292,269
050,27,007,"Minnesota","Beltrami County",2,35,572,288,284
050,27,007,"Minnesota","Beltrami County",2,36,554,282,272
050,27,007,"Minnesota","Beltrami County",2,37,543,273,270
050,27,007,"Minnesota","Beltrami County",2,38,559,273,286
050,27,007,"Minnesota","Beltrami County",2,39,567,286,281
050,27,007,"Minnesota","Beltrami County",2,40,542,273,269
050,27,007,"Minnesota","Beltrami County",2,41,517,253,264
050,27,007,"Minnesota","Beltrami County",2,42,504,253,251
050,27,007,"Minnesota","Beltrami County",2,43,468,244,224
050,27,007,"Minnesota","Beltrami County",2,44,442,231,211
050,27,007,"Minnesota","Beltrami County",2,45,427,217,210
050,27,007,"Minnesota","Beltrami County",2,46,420,218,202
050,27,007,"Minnesota","Beltrami County",2,47,430,221,209
050,27,007,"Minnesota","Beltrami County",2,48,462,228,234
050,27,007,"Minnesota","Beltrami County",2,49,463,224,239
050,27,007,"Minnesota","Beltrami County",2,50,450,224,226
050,27,007,"Minnesota","Beltrami County",2,51,447,223,224
050,27,007,"Minnesota","Beltrami County",2,52,446,216,230
050,27,007,"Minnesota","Beltrami County",2,53,449,220,229
050,27,007,"Minnesota","Beltrami County",2,54,470,224,246
050,27,007,"Minnesota","Beltrami County",2,55,525,253,272
050,27,007,"Minnesota","Beltrami County",2,56,562,274,288
050,27,007,"Minnesota","Beltrami County",2,57,569,278,291
050,27,007,"Minnesota","Beltrami County",2,58,576,286,290
050,27,007,"Minnesota","Beltrami County",2,59,576,288,288
050,27,007,"Minnesota","Beltrami County",2,60,576,276,300
050,27,007,"Minnesota","Beltrami County",2,61,595,282,313
050,27,007,"Minnesota","Beltrami County",2,62,596,288,308
050,27,007,"Minnesota","Beltrami County",2,63,601,300,301
050,27,007,"Minnesota","Beltrami County",2,64,579,282,297
050,27,007,"Minnesota","Beltrami County",2,65,562,283,279
050,27,007,"Minnesota","Beltrami County",2,66,526,261,265
050,27,007,"Minnesota","Beltrami County",2,67,509,244,265
050,27,007,"Minnesota","Beltrami County",2,68,486,231,255
050,27,007,"Minnesota","Beltrami County",2,69,472,232,240
050,27,007,"Minnesota","Beltrami County",2,70,457,236,221
050,27,007,"Minnesota","Beltrami County",2,71,450,236,214
050,27,007,"Minnesota","Beltrami County",2,72,429,221,208
050,27,007,"Minnesota","Beltrami County",2,73,433,212,221
050,27,007,"Minnesota","Beltrami County",2,74,285,139,146
050,27,007,"Minnesota","Beltrami County",2,75,265,134,131
050,27,007,"Minnesota","Beltrami County",2,76,261,130,131
050,27,007,"Minnesota","Beltrami County",2,77,272,128,144
050,27,007,"Minnesota","Beltrami County",2,78,233,105,128
050,27,007,"Minnesota","Beltrami County",2,79,224,99,125
050,27,007,"Minnesota","Beltrami County",2,80,207,90,117
050,27,007,"Minnesota","Beltrami County",2,81,187,82,105
050,27,007,"Minnesota","Beltrami County",2,82,171,74,97
050,27,007,"Minnesota","Beltrami County",2,83,160,72,88
050,27,007,"Minnesota","Beltrami County",2,84,161,69,92
050,27,007,"Minnesota","Beltrami County",2,85,921,323,598
050,27,007,"Minnesota","Beltrami County",3,0,607,316,291
050,27,007,"Minnesota","Beltrami County",3,1,590,312,278
050,27,007,"Minnesota","Beltrami County",3,2,616,319,297
050,27,007,"Minnesota","Beltrami County",3,3,621,314,307
050,27,007,"Minnesota","Beltrami County",3,4,606,321,285
050,27,007,"Minnesota","Beltrami County",3,5,654,360,294
050,27,007,"Minnesota","Beltrami County",3,6,625,329,296
050,27,007,"Minnesota","Beltrami County",3,7,656,320,336
050,27,007,"Minnesota","Beltrami County",3,8,689,351,338
050,27,007,"Minnesota","Beltrami County",3,9,677,352,325
050,27,007,"Minnesota","Beltrami County",3,10,656,344,312
050,27,007,"Minnesota","Beltrami County",3,11,679,334,345
050,27,007,"Minnesota","Beltrami County",3,12,710,356,354
050,27,007,"Minnesota","Beltrami County",3,13,694,382,312
050,27,007,"Minnesota","Beltrami County",3,14,662,363,299
050,27,007,"Minnesota","Beltrami County",3,15,618,341,277
050,27,007,"Minnesota","Beltrami County",3,16,650,324,326
050,27,007,"Minnesota","Beltrami County",3,17,635,328,307
050,27,007,"Minnesota","Beltrami County",3,18,705,366,339
050,27,007,"Minnesota","Beltrami County",3,19,933,478,455
050,27,007,"Minnesota","Beltrami County",3,20,856,428,428
050,27,007,"Minnesota","Beltrami County",3,21,953,498,455
050,27,007,"Minnesota","Beltrami County",3,22,877,424,453
050,27,007,"Minnesota","Beltrami County",3,23,795,440,355
050,27,007,"Minnesota","Beltrami County",3,24,657,355,302
050,27,007,"Minnesota","Beltrami County",3,25,593,288,305
050,27,007,"Minnesota","Beltrami County",3,26,594,318,276
050,27,007,"Minnesota","Beltrami County",3,27,547,285,262
050,27,007,"Minnesota","Beltrami County",3,28,553,282,271
050,27,007,"Minnesota","Beltrami County",3,29,575,287,288
050,27,007,"Minnesota","Beltrami County",3,30,572,282,290
050,27,007,"Minnesota","Beltrami County",3,31,556,296,260
050,27,007,"Minnesota","Beltrami County",3,32,530,278,252
050,27,007,"Minnesota","Beltrami County",3,33,564,290,274
050,27,007,"Minnesota","Beltrami County",3,34,536,284,252
050,27,007,"Minnesota","Beltrami County",3,35,578,303,275
050,27,007,"Minnesota","Beltrami County",3,36,590,291,299
050,27,007,"Minnesota","Beltrami County",3,37,542,275,267
050,27,007,"Minnesota","Beltrami County",3,38,542,268,274
050,27,007,"Minnesota","Beltrami County",3,39,567,285,282
050,27,007,"Minnesota","Beltrami County",3,40,566,284,282
050,27,007,"Minnesota","Beltrami County",3,41,552,285,267
050,27,007,"Minnesota","Beltrami County",3,42,518,251,267
050,27,007,"Minnesota","Beltrami County",3,43,508,249,259
050,27,007,"Minnesota","Beltrami County",3,44,472,247,225
050,27,007,"Minnesota","Beltrami County",3,45,447,240,207
050,27,007,"Minnesota","Beltrami County",3,46,433,217,216
050,27,007,"Minnesota","Beltrami County",3,47,414,220,194
050,27,007,"Minnesota","Beltrami County",3,48,418,209,209
050,27,007,"Minnesota","Beltrami County",3,49,463,225,238
050,27,007,"Minnesota","Beltrami County",3,50,479,242,237
050,27,007,"Minnesota","Beltrami County",3,51,452,217,235
050,27,007,"Minnesota","Beltrami County",3,52,470,225,245
050,27,007,"Minnesota","Beltrami County",3,53,446,221,225
050,27,007,"Minnesota","Beltrami County",3,54,448,216,232
050,27,007,"Minnesota","Beltrami County",3,55,477,236,241
050,27,007,"Minnesota","Beltrami County",3,56,531,261,270
050,27,007,"Minnesota","Beltrami County",3,57,551,265,286
050,27,007,"Minnesota","Beltrami County",3,58,583,293,290
050,27,007,"Minnesota","Beltrami County",3,59,555,278,277
050,27,007,"Minnesota","Beltrami County",3,60,573,287,286
050,27,007,"Minnesota","Beltrami County",3,61,574,274,300
050,27,007,"Minnesota","Beltrami County",3,62,577,272,305
050,27,007,"Minnesota","Beltrami County",3,63,597,287,310
050,27,007,"Minnesota","Beltrami County",3,64,595,302,293
050,27,007,"Minnesota","Beltrami County",3,65,572,283,289
050,27,007,"Minnesota","Beltrami County",3,66,555,273,282
050,27,007,"Minnesota","Beltrami County",3,67,527,261,266
050,27,007,"Minnesota","Beltrami County",3,68,512,246,266
050,27,007,"Minnesota","Beltrami County",3,69,472,227,245
050,27,007,"Minnesota","Beltrami County",3,70,479,237,242
050,27,007,"Minnesota","Beltrami County",3,71,448,230,218
050,27,007,"Minnesota","Beltrami County",3,72,451,235,216
050,27,007,"Minnesota","Beltrami County",3,73,413,210,203
050,27,007,"Minnesota","Beltrami County",3,74,430,214,216
050,27,007,"Minnesota","Beltrami County",3,75,271,130,141
050,27,007,"Minnesota","Beltrami County",3,76,261,132,129
050,27,007,"Minnesota","Beltrami County",3,77,260,134,126
050,27,007,"Minnesota","Beltrami County",3,78,254,121,133
050,27,007,"Minnesota","Beltrami County",3,79,227,98,129
050,27,007,"Minnesota","Beltrami County",3,80,190,88,102
050,27,007,"Minnesota","Beltrami County",3,81,194,85,109
050,27,007,"Minnesota","Beltrami County",3,82,170,74,96
050,27,007,"Minnesota","Beltrami County",3,83,154,66,88
050,27,007,"Minnesota","Beltrami County",3,84,147,59,88
050,27,007,"Minnesota","Beltrami County",3,85,935,327,608
050,27,007,"Minnesota","Beltrami County",4,0,579,300,279
050,27,007,"Minnesota","Beltrami County",4,1,590,327,263
050,27,007,"Minnesota","Beltrami County",4,2,571,303,268
050,27,007,"Minnesota","Beltrami County",4,3,619,317,302
050,27,007,"Minnesota","Beltrami County",4,4,618,316,302
050,27,007,"Minnesota","Beltrami County",4,5,599,319,280
050,27,007,"Minnesota","Beltrami County",4,6,660,358,302
050,27,007,"Minnesota","Beltrami County",4,7,630,322,308
050,27,007,"Minnesota","Beltrami County",4,8,666,329,337
050,27,007,"Minnesota","Beltrami County",4,9,700,356,344
050,27,007,"Minnesota","Beltrami County",4,10,682,357,325
050,27,007,"Minnesota","Beltrami County",4,11,657,344,313
050,27,007,"Minnesota","Beltrami County",4,12,692,344,348
050,27,007,"Minnesota","Beltrami County",4,13,708,359,349
050,27,007,"Minnesota","Beltrami County",4,14,711,388,323
050,27,007,"Minnesota","Beltrami County",4,15,667,371,296
050,27,007,"Minnesota","Beltrami County",4,16,630,342,288
050,27,007,"Minnesota","Beltrami County",4,17,628,310,318
050,27,007,"Minnesota","Beltrami County",4,18,740,367,373
050,27,007,"Minnesota","Beltrami County",4,19,931,490,441
050,27,007,"Minnesota","Beltrami County",4,20,868,426,442
050,27,007,"Minnesota","Beltrami County",4,21,884,470,414
050,27,007,"Minnesota","Beltrami County",4,22,896,439,457
050,27,007,"Minnesota","Beltrami County",4,23,783,438,345
050,27,007,"Minnesota","Beltrami County",4,24,628,357,271
050,27,007,"Minnesota","Beltrami County",4,25,609,310,299
050,27,007,"Minnesota","Beltrami County",4,26,524,268,256
050,27,007,"Minnesota","Beltrami County",4,27,555,299,256
050,27,007,"Minnesota","Beltrami County",4,28,507,264,243
050,27,007,"Minnesota","Beltrami County",4,29,526,258,268
050,27,007,"Minnesota","Beltrami County",4,30,583,291,292
050,27,007,"Minnesota","Beltrami County",4,31,597,292,305
050,27,007,"Minnesota","Beltrami County",4,32,566,295,271
050,27,007,"Minnesota","Beltrami County",4,33,511,273,238
050,27,007,"Minnesota","Beltrami County",4,34,565,288,277
050,27,007,"Minnesota","Beltrami County",4,35,554,290,264
050,27,007,"Minnesota","Beltrami County",4,36,570,306,264
050,27,007,"Minnesota","Beltrami County",4,37,578,281,297
050,27,007,"Minnesota","Beltrami County",4,38,546,271,275
050,27,007,"Minnesota","Beltrami County",4,39,549,265,284
050,27,007,"Minnesota","Beltrami County",4,40,569,282,287
050,27,007,"Minnesota","Beltrami County",4,41,570,296,274
050,27,007,"Minnesota","Beltrami County",4,42,551,289,262
050,27,007,"Minnesota","Beltrami County",4,43,523,254,269
050,27,007,"Minnesota","Beltrami County",4,44,509,249,260
050,27,007,"Minnesota","Beltrami County",4,45,483,262,221
050,27,007,"Minnesota","Beltrami County",4,46,452,234,218
050,27,007,"Minnesota","Beltrami County",4,47,435,230,205
050,27,007,"Minnesota","Beltrami County",4,48,410,215,195
050,27,007,"Minnesota","Beltrami County",4,49,415,208,207
050,27,007,"Minnesota","Beltrami County",4,50,471,233,238
050,27,007,"Minnesota","Beltrami County",4,51,470,239,231
050,27,007,"Minnesota","Beltrami County",4,52,474,226,248
050,27,007,"Minnesota","Beltrami County",4,53,466,224,242
050,27,007,"Minnesota","Beltrami County",4,54,441,207,234
050,27,007,"Minnesota","Beltrami County",4,55,446,224,222
050,27,007,"Minnesota","Beltrami County",4,56,486,238,248
050,27,007,"Minnesota","Beltrami County",4,57,512,252,260
050,27,007,"Minnesota","Beltrami County",4,58,554,275,279
050,27,007,"Minnesota","Beltrami County",4,59,575,288,287
050,27,007,"Minnesota","Beltrami County",4,60,556,273,283
050,27,007,"Minnesota","Beltrami County",4,61,586,282,304
050,27,007,"Minnesota","Beltrami County",4,62,561,270,291
050,27,007,"Minnesota","Beltrami County",4,63,590,283,307
050,27,007,"Minnesota","Beltrami County",4,64,590,286,304
050,27,007,"Minnesota","Beltrami County",4,65,598,306,292
050,27,007,"Minnesota","Beltrami County",4,66,553,269,284
050,27,007,"Minnesota","Beltrami County",4,67,550,269,281
050,27,007,"Minnesota","Beltrami County",4,68,512,247,265
050,27,007,"Minnesota","Beltrami County",4,69,488,233,255
050,27,007,"Minnesota","Beltrami County",4,70,464,233,231
050,27,007,"Minnesota","Beltrami County",4,71,458,221,237
050,27,007,"Minnesota","Beltrami County",4,72,435,221,214
050,27,007,"Minnesota","Beltrami County",4,73,438,228,210
050,27,007,"Minnesota","Beltrami County",4,74,401,205,196
050,27,007,"Minnesota","Beltrami County",4,75,415,203,212
050,27,007,"Minnesota","Beltrami County",4,76,269,124,145
050,27,007,"Minnesota","Beltrami County",4,77,265,135,130
050,27,007,"Minnesota","Beltrami County",4,78,247,128,119
050,27,007,"Minnesota","Beltrami County",4,79,241,112,129
050,27,007,"Minnesota","Beltrami County",4,80,206,88,118
050,27,007,"Minnesota","Beltrami County",4,81,179,81,98
050,27,007,"Minnesota","Beltrami County",4,82,173,74,99
050,27,007,"Minnesota","Beltrami County",4,83,154,64,90
050,27,007,"Minnesota","Beltrami County",4,84,153,58,95
050,27,007,"Minnesota","Beltrami County",4,85,940,333,607
050,27,007,"Minnesota","Beltrami County",5,0,574,299,275
050,27,007,"Minnesota","Beltrami County",5,1,584,291,293
050,27,007,"Minnesota","Beltrami County",5,2,566,316,250
050,27,007,"Minnesota","Beltrami County",5,3,552,282,270
050,27,007,"Minnesota","Beltrami County",5,4,613,320,293
050,27,007,"Minnesota","Beltrami County",5,5,597,309,288
050,27,007,"Minnesota","Beltrami County",5,6,600,321,279
050,27,007,"Minnesota","Beltrami County",5,7,650,356,294
050,27,007,"Minnesota","Beltrami County",5,8,637,327,310
050,27,007,"Minnesota","Beltrami County",5,9,664,331,333
050,27,007,"Minnesota","Beltrami County",5,10,689,350,339
050,27,007,"Minnesota","Beltrami County",5,11,681,350,331
050,27,007,"Minnesota","Beltrami County",5,12,635,328,307
050,27,007,"Minnesota","Beltrami County",5,13,671,342,329
050,27,007,"Minnesota","Beltrami County",5,14,709,354,355
050,27,007,"Minnesota","Beltrami County",5,15,701,384,317
050,27,007,"Minnesota","Beltrami County",5,16,684,379,305
050,27,007,"Minnesota","Beltrami County",5,17,618,327,291
050,27,007,"Minnesota","Beltrami County",5,18,782,378,404
050,27,007,"Minnesota","Beltrami County",5,19,1073,553,520
050,27,007,"Minnesota","Beltrami County",5,20,935,476,459
050,27,007,"Minnesota","Beltrami County",5,21,917,483,434
050,27,007,"Minnesota","Beltrami County",5,22,855,423,432
050,27,007,"Minnesota","Beltrami County",5,23,794,452,342
050,27,007,"Minnesota","Beltrami County",5,24,644,346,298
050,27,007,"Minnesota","Beltrami County",5,25,576,304,272
050,27,007,"Minnesota","Beltrami County",5,26,564,304,260
050,27,007,"Minnesota","Beltrami County",5,27,516,257,259
050,27,007,"Minnesota","Beltrami County",5,28,544,280,264
050,27,007,"Minnesota","Beltrami County",5,29,498,255,243
050,27,007,"Minnesota","Beltrami County",5,30,536,274,262
050,27,007,"Minnesota","Beltrami County",5,31,602,301,301
050,27,007,"Minnesota","Beltrami County",5,32,593,286,307
050,27,007,"Minnesota","Beltrami County",5,33,543,290,253
050,27,007,"Minnesota","Beltrami County",5,34,517,272,245
050,27,007,"Minnesota","Beltrami County",5,35,573,287,286
050,27,007,"Minnesota","Beltrami County",5,36,546,286,260
050,27,007,"Minnesota","Beltrami County",5,37,560,297,263
050,27,007,"Minnesota","Beltrami County",5,38,582,281,301
050,27,007,"Minnesota","Beltrami County",5,39,546,275,271
050,27,007,"Minnesota","Beltrami County",5,40,558,261,297
050,27,007,"Minnesota","Beltrami County",5,41,568,283,285
050,27,007,"Minnesota","Beltrami County",5,42,567,293,274
050,27,007,"Minnesota","Beltrami County",5,43,553,290,263
050,27,007,"Minnesota","Beltrami County",5,44,520,254,266
050,27,007,"Minnesota","Beltrami County",5,45,523,263,260
050,27,007,"Minnesota","Beltrami County",5,46,493,260,233
050,27,007,"Minnesota","Beltrami County",5,47,447,241,206
050,27,007,"Minnesota","Beltrami County",5,48,422,213,209
050,27,007,"Minnesota","Beltrami County",5,49,405,211,194
050,27,007,"Minnesota","Beltrami County",5,50,422,218,204
050,27,007,"Minnesota","Beltrami County",5,51,468,229,239
050,27,007,"Minnesota","Beltrami County",5,52,469,242,227
050,27,007,"Minnesota","Beltrami County",5,53,463,216,247
050,27,007,"Minnesota","Beltrami County",5,54,471,222,249
050,27,007,"Minnesota","Beltrami County",5,55,457,220,237
050,27,007,"Minnesota","Beltrami County",5,56,441,228,213
050,27,007,"Minnesota","Beltrami County",5,57,470,233,237
050,27,007,"Minnesota","Beltrami County",5,58,512,248,264
050,27,007,"Minnesota","Beltrami County",5,59,555,272,283
050,27,007,"Minnesota","Beltrami County",5,60,572,283,289
050,27,007,"Minnesota","Beltrami County",5,61,552,271,281
050,27,007,"Minnesota","Beltrami County",5,62,578,279,299
050,27,007,"Minnesota","Beltrami County",5,63,581,279,302
050,27,007,"Minnesota","Beltrami County",5,64,572,272,300
050,27,007,"Minnesota","Beltrami County",5,65,584,287,297
050,27,007,"Minnesota","Beltrami County",5,66,577,290,287
050,27,007,"Minnesota","Beltrami County",5,67,549,264,285
050,27,007,"Minnesota","Beltrami County",5,68,542,265,277
050,27,007,"Minnesota","Beltrami County",5,69,487,235,252
050,27,007,"Minnesota","Beltrami County",5,70,492,239,253
050,27,007,"Minnesota","Beltrami County",5,71,441,218,223
050,27,007,"Minnesota","Beltrami County",5,72,443,214,229
050,27,007,"Minnesota","Beltrami County",5,73,426,213,213
050,27,007,"Minnesota","Beltrami County",5,74,434,226,208
050,27,007,"Minnesota","Beltrami County",5,75,389,200,189
050,27,007,"Minnesota","Beltrami County",5,76,403,195,208
050,27,007,"Minnesota","Beltrami County",5,77,275,128,147
050,27,007,"Minnesota","Beltrami County",5,78,251,127,124
050,27,007,"Minnesota","Beltrami County",5,79,235,119,116
050,27,007,"Minnesota","Beltrami County",5,80,217,100,117
050,27,007,"Minnesota","Beltrami County",5,81,194,80,114
050,27,007,"Minnesota","Beltrami County",5,82,159,69,90
050,27,007,"Minnesota","Beltrami County",5,83,160,63,97
050,27,007,"Minnesota","Beltrami County",5,84,149,56,93
050,27,007,"Minnesota","Beltrami County",5,85,951,334,617
050,27,009,"Minnesota","Benton County",1,0,539,276,263
050,27,009,"Minnesota","Benton County",1,1,534,289,245
050,27,009,"Minnesota","Benton County",1,2,570,291,279
050,27,009,"Minnesota","Benton County",1,3,597,294,303
050,27,009,"Minnesota","Benton County",1,4,621,335,286
050,27,009,"Minnesota","Benton County",1,5,642,341,301
050,27,009,"Minnesota","Benton County",1,6,621,320,301
050,27,009,"Minnesota","Benton County",1,7,605,313,292
050,27,009,"Minnesota","Benton County",1,8,590,311,279
050,27,009,"Minnesota","Benton County",1,9,589,286,303
050,27,009,"Minnesota","Benton County",1,10,615,319,296
050,27,009,"Minnesota","Benton County",1,11,599,304,295
050,27,009,"Minnesota","Benton County",1,12,614,310,304
050,27,009,"Minnesota","Benton County",1,13,625,308,317
050,27,009,"Minnesota","Benton County",1,14,606,313,293
050,27,009,"Minnesota","Benton County",1,15,612,303,309
050,27,009,"Minnesota","Benton County",1,16,592,302,290
050,27,009,"Minnesota","Benton County",1,17,593,295,298
050,27,009,"Minnesota","Benton County",1,18,478,243,235
050,27,009,"Minnesota","Benton County",1,19,392,212,180
050,27,009,"Minnesota","Benton County",1,20,400,199,201
050,27,009,"Minnesota","Benton County",1,21,420,210,210
050,27,009,"Minnesota","Benton County",1,22,472,231,241
050,27,009,"Minnesota","Benton County",1,23,518,244,274
050,27,009,"Minnesota","Benton County",1,24,517,247,270
050,27,009,"Minnesota","Benton County",1,25,527,271,256
050,27,009,"Minnesota","Benton County",1,26,585,292,293
050,27,009,"Minnesota","Benton County",1,27,557,288,269
050,27,009,"Minnesota","Benton County",1,28,576,280,296
050,27,009,"Minnesota","Benton County",1,29,599,296,303
050,27,009,"Minnesota","Benton County",1,30,583,289,294
050,27,009,"Minnesota","Benton County",1,31,601,308,293
050,27,009,"Minnesota","Benton County",1,32,607,288,319
050,27,009,"Minnesota","Benton County",1,33,632,325,307
050,27,009,"Minnesota","Benton County",1,34,629,343,286
050,27,009,"Minnesota","Benton County",1,35,635,337,298
050,27,009,"Minnesota","Benton County",1,36,628,328,300
050,27,009,"Minnesota","Benton County",1,37,649,350,299
050,27,009,"Minnesota","Benton County",1,38,678,344,334
050,27,009,"Minnesota","Benton County",1,39,668,349,319
050,27,009,"Minnesota","Benton County",1,40,596,313,283
050,27,009,"Minnesota","Benton County",1,41,554,285,269
050,27,009,"Minnesota","Benton County",1,42,524,270,254
050,27,009,"Minnesota","Benton County",1,43,498,254,244
050,27,009,"Minnesota","Benton County",1,44,463,243,220
050,27,009,"Minnesota","Benton County",1,45,474,242,232
050,27,009,"Minnesota","Benton County",1,46,496,265,231
050,27,009,"Minnesota","Benton County",1,47,489,256,233
050,27,009,"Minnesota","Benton County",1,48,476,255,221
050,27,009,"Minnesota","Benton County",1,49,500,256,244
050,27,009,"Minnesota","Benton County",1,50,482,246,236
050,27,009,"Minnesota","Benton County",1,51,502,248,254
050,27,009,"Minnesota","Benton County",1,52,492,254,238
050,27,009,"Minnesota","Benton County",1,53,516,276,240
050,27,009,"Minnesota","Benton County",1,54,505,272,233
050,27,009,"Minnesota","Benton County",1,55,517,265,252
050,27,009,"Minnesota","Benton County",1,56,526,261,265
050,27,009,"Minnesota","Benton County",1,57,534,269,265
050,27,009,"Minnesota","Benton County",1,58,585,280,305
050,27,009,"Minnesota","Benton County",1,59,554,279,275
050,27,009,"Minnesota","Benton County",1,60,543,282,261
050,27,009,"Minnesota","Benton County",1,61,484,252,232
050,27,009,"Minnesota","Benton County",1,62,425,230,195
050,27,009,"Minnesota","Benton County",1,63,455,244,211
050,27,009,"Minnesota","Benton County",1,64,410,222,188
050,27,009,"Minnesota","Benton County",1,65,395,190,205
050,27,009,"Minnesota","Benton County",1,66,392,184,208
050,27,009,"Minnesota","Benton County",1,67,366,180,186
050,27,009,"Minnesota","Benton County",1,68,393,196,197
050,27,009,"Minnesota","Benton County",1,69,329,167,162
050,27,009,"Minnesota","Benton County",1,70,325,155,170
050,27,009,"Minnesota","Benton County",1,71,303,140,163
050,27,009,"Minnesota","Benton County",1,72,299,139,160
050,27,009,"Minnesota","Benton County",1,73,289,133,156
050,27,009,"Minnesota","Benton County",1,74,201,99,102
050,27,009,"Minnesota","Benton County",1,75,210,98,112
050,27,009,"Minnesota","Benton County",1,76,201,87,114
050,27,009,"Minnesota","Benton County",1,77,198,90,108
050,27,009,"Minnesota","Benton County",1,78,156,69,87
050,27,009,"Minnesota","Benton County",1,79,141,61,80
050,27,009,"Minnesota","Benton County",1,80,143,67,76
050,27,009,"Minnesota","Benton County",1,81,149,62,87
050,27,009,"Minnesota","Benton County",1,82,115,44,71
050,27,009,"Minnesota","Benton County",1,83,115,51,64
050,27,009,"Minnesota","Benton County",1,84,103,43,60
050,27,009,"Minnesota","Benton County",1,85,838,286,552
050,27,009,"Minnesota","Benton County",2,0,526,264,262
050,27,009,"Minnesota","Benton County",2,1,536,285,251
050,27,009,"Minnesota","Benton County",2,2,563,290,273
050,27,009,"Minnesota","Benton County",2,3,593,297,296
050,27,009,"Minnesota","Benton County",2,4,615,324,291
050,27,009,"Minnesota","Benton County",2,5,639,342,297
050,27,009,"Minnesota","Benton County",2,6,628,328,300
050,27,009,"Minnesota","Benton County",2,7,607,314,293
050,27,009,"Minnesota","Benton County",2,8,591,309,282
050,27,009,"Minnesota","Benton County",2,9,588,292,296
050,27,009,"Minnesota","Benton County",2,10,605,309,296
050,27,009,"Minnesota","Benton County",2,11,598,303,295
050,27,009,"Minnesota","Benton County",2,12,614,307,307
050,27,009,"Minnesota","Benton County",2,13,619,307,312
050,27,009,"Minnesota","Benton County",2,14,610,312,298
050,27,009,"Minnesota","Benton County",2,15,608,304,304
050,27,009,"Minnesota","Benton County",2,16,598,304,294
050,27,009,"Minnesota","Benton County",2,17,594,298,296
050,27,009,"Minnesota","Benton County",2,18,488,250,238
050,27,009,"Minnesota","Benton County",2,19,388,205,183
050,27,009,"Minnesota","Benton County",2,20,410,208,202
050,27,009,"Minnesota","Benton County",2,21,421,211,210
050,27,009,"Minnesota","Benton County",2,22,467,228,239
050,27,009,"Minnesota","Benton County",2,23,509,242,267
050,27,009,"Minnesota","Benton County",2,24,511,246,265
050,27,009,"Minnesota","Benton County",2,25,525,264,261
050,27,009,"Minnesota","Benton County",2,26,573,291,282
050,27,009,"Minnesota","Benton County",2,27,561,286,275
050,27,009,"Minnesota","Benton County",2,28,572,280,292
050,27,009,"Minnesota","Benton County",2,29,597,294,303
050,27,009,"Minnesota","Benton County",2,30,588,294,294
050,27,009,"Minnesota","Benton County",2,31,596,304,292
050,27,009,"Minnesota","Benton County",2,32,605,295,310
050,27,009,"Minnesota","Benton County",2,33,624,319,305
050,27,009,"Minnesota","Benton County",2,34,630,338,292
050,27,009,"Minnesota","Benton County",2,35,637,341,296
050,27,009,"Minnesota","Benton County",2,36,621,324,297
050,27,009,"Minnesota","Benton County",2,37,644,344,300
050,27,009,"Minnesota","Benton County",2,38,673,345,328
050,27,009,"Minnesota","Benton County",2,39,670,348,322
050,27,009,"Minnesota","Benton County",2,40,621,327,294
050,27,009,"Minnesota","Benton County",2,41,561,291,270
050,27,009,"Minnesota","Benton County",2,42,526,270,256
050,27,009,"Minnesota","Benton County",2,43,506,258,248
050,27,009,"Minnesota","Benton County",2,44,469,245,224
050,27,009,"Minnesota","Benton County",2,45,477,245,232
050,27,009,"Minnesota","Benton County",2,46,490,259,231
050,27,009,"Minnesota","Benton County",2,47,488,257,231
050,27,009,"Minnesota","Benton County",2,48,478,255,223
050,27,009,"Minnesota","Benton County",2,49,494,257,237
050,27,009,"Minnesota","Benton County",2,50,486,248,238
050,27,009,"Minnesota","Benton County",2,51,494,245,249
050,27,009,"Minnesota","Benton County",2,52,491,249,242
050,27,009,"Minnesota","Benton County",2,53,505,268,237
050,27,009,"Minnesota","Benton County",2,54,504,272,232
050,27,009,"Minnesota","Benton County",2,55,510,266,244
050,27,009,"Minnesota","Benton County",2,56,523,261,262
050,27,009,"Minnesota","Benton County",2,57,533,268,265
050,27,009,"Minnesota","Benton County",2,58,573,277,296
050,27,009,"Minnesota","Benton County",2,59,564,281,283
050,27,009,"Minnesota","Benton County",2,60,541,280,261
050,27,009,"Minnesota","Benton County",2,61,496,259,237
050,27,009,"Minnesota","Benton County",2,62,437,231,206
050,27,009,"Minnesota","Benton County",2,63,445,239,206
050,27,009,"Minnesota","Benton County",2,64,412,224,188
050,27,009,"Minnesota","Benton County",2,65,398,197,201
050,27,009,"Minnesota","Benton County",2,66,391,184,207
050,27,009,"Minnesota","Benton County",2,67,370,179,191
050,27,009,"Minnesota","Benton County",2,68,380,189,191
050,27,009,"Minnesota","Benton County",2,69,344,173,171
050,27,009,"Minnesota","Benton County",2,70,322,155,167
050,27,009,"Minnesota","Benton County",2,71,308,145,163
050,27,009,"Minnesota","Benton County",2,72,294,135,159
050,27,009,"Minnesota","Benton County",2,73,305,141,164
050,27,009,"Minnesota","Benton County",2,74,207,99,108
050,27,009,"Minnesota","Benton County",2,75,205,96,109
050,27,009,"Minnesota","Benton County",2,76,199,89,110
050,27,009,"Minnesota","Benton County",2,77,205,91,114
050,27,009,"Minnesota","Benton County",2,78,160,70,90
050,27,009,"Minnesota","Benton County",2,79,143,62,81
050,27,009,"Minnesota","Benton County",2,80,144,66,78
050,27,009,"Minnesota","Benton County",2,81,147,60,87
050,27,009,"Minnesota","Benton County",2,82,121,49,72
050,27,009,"Minnesota","Benton County",2,83,116,51,65
050,27,009,"Minnesota","Benton County",2,84,101,41,60
050,27,009,"Minnesota","Benton County",2,85,829,283,546
050,27,009,"Minnesota","Benton County",3,0,482,256,226
050,27,009,"Minnesota","Benton County",3,1,503,244,259
050,27,009,"Minnesota","Benton County",3,2,556,308,248
050,27,009,"Minnesota","Benton County",3,3,576,292,284
050,27,009,"Minnesota","Benton County",3,4,603,311,292
050,27,009,"Minnesota","Benton County",3,5,593,308,285
050,27,009,"Minnesota","Benton County",3,6,630,330,300
050,27,009,"Minnesota","Benton County",3,7,622,324,298
050,27,009,"Minnesota","Benton County",3,8,602,312,290
050,27,009,"Minnesota","Benton County",3,9,581,303,278
050,27,009,"Minnesota","Benton County",3,10,578,291,287
050,27,009,"Minnesota","Benton County",3,11,606,304,302
050,27,009,"Minnesota","Benton County",3,12,608,304,304
050,27,009,"Minnesota","Benton County",3,13,613,315,298
050,27,009,"Minnesota","Benton County",3,14,622,309,313
050,27,009,"Minnesota","Benton County",3,15,614,313,301
050,27,009,"Minnesota","Benton County",3,16,607,294,313
050,27,009,"Minnesota","Benton County",3,17,606,307,299
050,27,009,"Minnesota","Benton County",3,18,517,276,241
050,27,009,"Minnesota","Benton County",3,19,393,199,194
050,27,009,"Minnesota","Benton County",3,20,433,230,203
050,27,009,"Minnesota","Benton County",3,21,447,225,222
050,27,009,"Minnesota","Benton County",3,22,470,228,242
050,27,009,"Minnesota","Benton County",3,23,517,257,260
050,27,009,"Minnesota","Benton County",3,24,535,258,277
050,27,009,"Minnesota","Benton County",3,25,544,270,274
050,27,009,"Minnesota","Benton County",3,26,545,280,265
050,27,009,"Minnesota","Benton County",3,27,586,301,285
050,27,009,"Minnesota","Benton County",3,28,588,291,297
050,27,009,"Minnesota","Benton County",3,29,575,292,283
050,27,009,"Minnesota","Benton County",3,30,591,293,298
050,27,009,"Minnesota","Benton County",3,31,587,294,293
050,27,009,"Minnesota","Benton County",3,32,608,322,286
050,27,009,"Minnesota","Benton County",3,33,611,308,303
050,27,009,"Minnesota","Benton County",3,34,632,320,312
050,27,009,"Minnesota","Benton County",3,35,624,321,303
050,27,009,"Minnesota","Benton County",3,36,622,331,291
050,27,009,"Minnesota","Benton County",3,37,606,321,285
050,27,009,"Minnesota","Benton County",3,38,661,356,305
050,27,009,"Minnesota","Benton County",3,39,676,351,325
050,27,009,"Minnesota","Benton County",3,40,642,330,312
050,27,009,"Minnesota","Benton County",3,41,644,335,309
050,27,009,"Minnesota","Benton County",3,42,568,298,270
050,27,009,"Minnesota","Benton County",3,43,510,261,249
050,27,009,"Minnesota","Benton County",3,44,514,266,248
050,27,009,"Minnesota","Benton County",3,45,453,232,221
050,27,009,"Minnesota","Benton County",3,46,474,251,223
050,27,009,"Minnesota","Benton County",3,47,482,251,231
050,27,009,"Minnesota","Benton County",3,48,477,250,227
050,27,009,"Minnesota","Benton County",3,49,478,258,220
050,27,009,"Minnesota","Benton County",3,50,498,260,238
050,27,009,"Minnesota","Benton County",3,51,477,241,236
050,27,009,"Minnesota","Benton County",3,52,486,237,249
050,27,009,"Minnesota","Benton County",3,53,483,240,243
050,27,009,"Minnesota","Benton County",3,54,513,272,241
050,27,009,"Minnesota","Benton County",3,55,512,279,233
050,27,009,"Minnesota","Benton County",3,56,507,262,245
050,27,009,"Minnesota","Benton County",3,57,515,249,266
050,27,009,"Minnesota","Benton County",3,58,526,262,264
050,27,009,"Minnesota","Benton County",3,59,549,273,276
050,27,009,"Minnesota","Benton County",3,60,553,276,277
050,27,009,"Minnesota","Benton County",3,61,555,282,273
050,27,009,"Minnesota","Benton County",3,62,491,257,234
050,27,009,"Minnesota","Benton County",3,63,422,225,197
050,27,009,"Minnesota","Benton County",3,64,440,234,206
050,27,009,"Minnesota","Benton County",3,65,407,215,192
050,27,009,"Minnesota","Benton County",3,66,392,194,198
050,27,009,"Minnesota","Benton County",3,67,385,180,205
050,27,009,"Minnesota","Benton County",3,68,362,174,188
050,27,009,"Minnesota","Benton County",3,69,373,184,189
050,27,009,"Minnesota","Benton County",3,70,340,170,170
050,27,009,"Minnesota","Benton County",3,71,305,145,160
050,27,009,"Minnesota","Benton County",3,72,305,145,160
050,27,009,"Minnesota","Benton County",3,73,283,126,157
050,27,009,"Minnesota","Benton County",3,74,299,140,159
050,27,009,"Minnesota","Benton County",3,75,185,85,100
050,27,009,"Minnesota","Benton County",3,76,197,96,101
050,27,009,"Minnesota","Benton County",3,77,191,83,108
050,27,009,"Minnesota","Benton County",3,78,198,86,112
050,27,009,"Minnesota","Benton County",3,79,155,67,88
050,27,009,"Minnesota","Benton County",3,80,138,55,83
050,27,009,"Minnesota","Benton County",3,81,142,61,81
050,27,009,"Minnesota","Benton County",3,82,130,58,72
050,27,009,"Minnesota","Benton County",3,83,119,50,69
050,27,009,"Minnesota","Benton County",3,84,98,41,57
050,27,009,"Minnesota","Benton County",3,85,790,267,523
050,27,009,"Minnesota","Benton County",4,0,474,224,250
050,27,009,"Minnesota","Benton County",4,1,448,229,219
050,27,009,"Minnesota","Benton County",4,2,507,236,271
050,27,009,"Minnesota","Benton County",4,3,553,310,243
050,27,009,"Minnesota","Benton County",4,4,564,287,277
050,27,009,"Minnesota","Benton County",4,5,594,311,283
050,27,009,"Minnesota","Benton County",4,6,585,309,276
050,27,009,"Minnesota","Benton County",4,7,640,338,302
050,27,009,"Minnesota","Benton County",4,8,625,325,300
050,27,009,"Minnesota","Benton County",4,9,588,293,295
050,27,009,"Minnesota","Benton County",4,10,570,300,270
050,27,009,"Minnesota","Benton County",4,11,582,290,292
050,27,009,"Minnesota","Benton County",4,12,606,300,306
050,27,009,"Minnesota","Benton County",4,13,611,311,300
050,27,009,"Minnesota","Benton County",4,14,618,316,302
050,27,009,"Minnesota","Benton County",4,15,646,327,319
050,27,009,"Minnesota","Benton County",4,16,624,311,313
050,27,009,"Minnesota","Benton County",4,17,622,299,323
050,27,009,"Minnesota","Benton County",4,18,544,289,255
050,27,009,"Minnesota","Benton County",4,19,394,210,184
050,27,009,"Minnesota","Benton County",4,20,415,210,205
050,27,009,"Minnesota","Benton County",4,21,437,227,210
050,27,009,"Minnesota","Benton County",4,22,470,238,232
050,27,009,"Minnesota","Benton County",4,23,502,229,273
050,27,009,"Minnesota","Benton County",4,24,536,271,265
050,27,009,"Minnesota","Benton County",4,25,572,296,276
050,27,009,"Minnesota","Benton County",4,26,529,264,265
050,27,009,"Minnesota","Benton County",4,27,531,276,255
050,27,009,"Minnesota","Benton County",4,28,588,299,289
050,27,009,"Minnesota","Benton County",4,29,575,290,285
050,27,009,"Minnesota","Benton County",4,30,580,299,281
050,27,009,"Minnesota","Benton County",4,31,587,294,293
050,27,009,"Minnesota","Benton County",4,32,583,305,278
050,27,009,"Minnesota","Benton County",4,33,628,333,295
050,27,009,"Minnesota","Benton County",4,34,613,306,307
050,27,009,"Minnesota","Benton County",4,35,624,308,316
050,27,009,"Minnesota","Benton County",4,36,638,328,310
050,27,009,"Minnesota","Benton County",4,37,639,341,298
050,27,009,"Minnesota","Benton County",4,38,616,327,289
050,27,009,"Minnesota","Benton County",4,39,666,355,311
050,27,009,"Minnesota","Benton County",4,40,645,332,313
050,27,009,"Minnesota","Benton County",4,41,642,324,318
050,27,009,"Minnesota","Benton County",4,42,635,334,301
050,27,009,"Minnesota","Benton County",4,43,561,298,263
050,27,009,"Minnesota","Benton County",4,44,511,262,249
050,27,009,"Minnesota","Benton County",4,45,524,267,257
050,27,009,"Minnesota","Benton County",4,46,458,242,216
050,27,009,"Minnesota","Benton County",4,47,454,247,207
050,27,009,"Minnesota","Benton County",4,48,464,246,218
050,27,009,"Minnesota","Benton County",4,49,480,245,235
050,27,009,"Minnesota","Benton County",4,50,480,262,218
050,27,009,"Minnesota","Benton County",4,51,487,248,239
050,27,009,"Minnesota","Benton County",4,52,478,247,231
050,27,009,"Minnesota","Benton County",4,53,476,235,241
050,27,009,"Minnesota","Benton County",4,54,480,233,247
050,27,009,"Minnesota","Benton County",4,55,496,269,227
050,27,009,"Minnesota","Benton County",4,56,507,270,237
050,27,009,"Minnesota","Benton County",4,57,504,253,251
050,27,009,"Minnesota","Benton County",4,58,510,250,260
050,27,009,"Minnesota","Benton County",4,59,522,266,256
050,27,009,"Minnesota","Benton County",4,60,548,273,275
050,27,009,"Minnesota","Benton County",4,61,543,272,271
050,27,009,"Minnesota","Benton County",4,62,541,275,266
050,27,009,"Minnesota","Benton County",4,63,486,257,229
050,27,009,"Minnesota","Benton County",4,64,418,220,198
050,27,009,"Minnesota","Benton County",4,65,437,225,212
050,27,009,"Minnesota","Benton County",4,66,397,208,189
050,27,009,"Minnesota","Benton County",4,67,382,187,195
050,27,009,"Minnesota","Benton County",4,68,378,181,197
050,27,009,"Minnesota","Benton County",4,69,359,174,185
050,27,009,"Minnesota","Benton County",4,70,361,174,187
050,27,009,"Minnesota","Benton County",4,71,328,168,160
050,27,009,"Minnesota","Benton County",4,72,311,145,166
050,27,009,"Minnesota","Benton County",4,73,289,137,152
050,27,009,"Minnesota","Benton County",4,74,274,120,154
050,27,009,"Minnesota","Benton County",4,75,279,127,152
050,27,009,"Minnesota","Benton County",4,76,179,90,89
050,27,009,"Minnesota","Benton County",4,77,186,89,97
050,27,009,"Minnesota","Benton County",4,78,172,70,102
050,27,009,"Minnesota","Benton County",4,79,193,86,107
050,27,009,"Minnesota","Benton County",4,80,151,64,87
050,27,009,"Minnesota","Benton County",4,81,132,46,86
050,27,009,"Minnesota","Benton County",4,82,127,57,70
050,27,009,"Minnesota","Benton County",4,83,126,59,67
050,27,009,"Minnesota","Benton County",4,84,104,38,66
050,27,009,"Minnesota","Benton County",4,85,770,270,500
050,27,009,"Minnesota","Benton County",5,0,471,223,248
050,27,009,"Minnesota","Benton County",5,1,474,244,230
050,27,009,"Minnesota","Benton County",5,2,470,238,232
050,27,009,"Minnesota","Benton County",5,3,513,247,266
050,27,009,"Minnesota","Benton County",5,4,572,319,253
050,27,009,"Minnesota","Benton County",5,5,584,297,287
050,27,009,"Minnesota","Benton County",5,6,590,306,284
050,27,009,"Minnesota","Benton County",5,7,598,316,282
050,27,009,"Minnesota","Benton County",5,8,652,343,309
050,27,009,"Minnesota","Benton County",5,9,584,305,279
050,27,009,"Minnesota","Benton County",5,10,590,290,300
050,27,009,"Minnesota","Benton County",5,11,570,297,273
050,27,009,"Minnesota","Benton County",5,12,599,305,294
050,27,009,"Minnesota","Benton County",5,13,601,293,308
050,27,009,"Minnesota","Benton County",5,14,628,308,320
050,27,009,"Minnesota","Benton County",5,15,612,312,300
050,27,009,"Minnesota","Benton County",5,16,623,326,297
050,27,009,"Minnesota","Benton County",5,17,634,312,322
050,27,009,"Minnesota","Benton County",5,18,534,255,279
050,27,009,"Minnesota","Benton County",5,19,413,223,190
050,27,009,"Minnesota","Benton County",5,20,440,227,213
050,27,009,"Minnesota","Benton County",5,21,464,223,241
050,27,009,"Minnesota","Benton County",5,22,492,254,238
050,27,009,"Minnesota","Benton County",5,23,482,233,249
050,27,009,"Minnesota","Benton County",5,24,509,244,265
050,27,009,"Minnesota","Benton County",5,25,556,292,264
050,27,009,"Minnesota","Benton County",5,26,563,286,277
050,27,009,"Minnesota","Benton County",5,27,518,259,259
050,27,009,"Minnesota","Benton County",5,28,543,283,260
050,27,009,"Minnesota","Benton County",5,29,582,312,270
050,27,009,"Minnesota","Benton County",5,30,578,290,288
050,27,009,"Minnesota","Benton County",5,31,552,281,271
050,27,009,"Minnesota","Benton County",5,32,610,295,315
050,27,009,"Minnesota","Benton County",5,33,596,324,272
050,27,009,"Minnesota","Benton County",5,34,606,313,293
050,27,009,"Minnesota","Benton County",5,35,609,307,302
050,27,009,"Minnesota","Benton County",5,36,615,303,312
050,27,009,"Minnesota","Benton County",5,37,637,320,317
050,27,009,"Minnesota","Benton County",5,38,638,342,296
050,27,009,"Minnesota","Benton County",5,39,623,335,288
050,27,009,"Minnesota","Benton County",5,40,649,349,300
050,27,009,"Minnesota","Benton County",5,41,656,338,318
050,27,009,"Minnesota","Benton County",5,42,642,324,318
050,27,009,"Minnesota","Benton County",5,43,615,318,297
050,27,009,"Minnesota","Benton County",5,44,558,292,266
050,27,009,"Minnesota","Benton County",5,45,511,260,251
050,27,009,"Minnesota","Benton County",5,46,527,268,259
050,27,009,"Minnesota","Benton County",5,47,462,247,215
050,27,009,"Minnesota","Benton County",5,48,457,248,209
050,27,009,"Minnesota","Benton County",5,49,465,250,215
050,27,009,"Minnesota","Benton County",5,50,472,234,238
050,27,009,"Minnesota","Benton County",5,51,481,257,224
050,27,009,"Minnesota","Benton County",5,52,474,242,232
050,27,009,"Minnesota","Benton County",5,53,472,233,239
050,27,009,"Minnesota","Benton County",5,54,480,238,242
050,27,009,"Minnesota","Benton County",5,55,469,239,230
050,27,009,"Minnesota","Benton County",5,56,501,270,231
050,27,009,"Minnesota","Benton County",5,57,506,265,241
050,27,009,"Minnesota","Benton County",5,58,509,257,252
050,27,009,"Minnesota","Benton County",5,59,492,247,245
050,27,009,"Minnesota","Benton County",5,60,509,259,250
050,27,009,"Minnesota","Benton County",5,61,547,269,278
050,27,009,"Minnesota","Benton County",5,62,540,267,273
050,27,009,"Minnesota","Benton County",5,63,542,275,267
050,27,009,"Minnesota","Benton County",5,64,470,250,220
050,27,009,"Minnesota","Benton County",5,65,407,214,193
050,27,009,"Minnesota","Benton County",5,66,426,222,204
050,27,009,"Minnesota","Benton County",5,67,397,202,195
050,27,009,"Minnesota","Benton County",5,68,376,182,194
050,27,009,"Minnesota","Benton County",5,69,366,174,192
050,27,009,"Minnesota","Benton County",5,70,354,168,186
050,27,009,"Minnesota","Benton County",5,71,360,173,187
050,27,009,"Minnesota","Benton County",5,72,327,162,165
050,27,009,"Minnesota","Benton County",5,73,294,134,160
050,27,009,"Minnesota","Benton County",5,74,276,133,143
050,27,009,"Minnesota","Benton County",5,75,250,108,142
050,27,009,"Minnesota","Benton County",5,76,280,128,152
050,27,009,"Minnesota","Benton County",5,77,171,85,86
050,27,009,"Minnesota","Benton County",5,78,170,79,91
050,27,009,"Minnesota","Benton County",5,79,167,68,99
050,27,009,"Minnesota","Benton County",5,80,191,85,106
050,27,009,"Minnesota","Benton County",5,81,150,56,94
050,27,009,"Minnesota","Benton County",5,82,115,44,71
050,27,009,"Minnesota","Benton County",5,83,127,59,68
050,27,009,"Minnesota","Benton County",5,84,109,45,64
050,27,009,"Minnesota","Benton County",5,85,756,257,499
050,27,011,"Minnesota","Big Stone County",1,0,68,35,33
050,27,011,"Minnesota","Big Stone County",1,1,61,30,31
050,27,011,"Minnesota","Big Stone County",1,2,67,36,31
050,27,011,"Minnesota","Big Stone County",1,3,50,33,17
050,27,011,"Minnesota","Big Stone County",1,4,59,34,25
050,27,011,"Minnesota","Big Stone County",1,5,55,30,25
050,27,011,"Minnesota","Big Stone County",1,6,62,34,28
050,27,011,"Minnesota","Big Stone County",1,7,72,33,39
050,27,011,"Minnesota","Big Stone County",1,8,54,31,23
050,27,011,"Minnesota","Big Stone County",1,9,61,36,25
050,27,011,"Minnesota","Big Stone County",1,10,66,32,34
050,27,011,"Minnesota","Big Stone County",1,11,59,29,30
050,27,011,"Minnesota","Big Stone County",1,12,70,29,41
050,27,011,"Minnesota","Big Stone County",1,13,71,35,36
050,27,011,"Minnesota","Big Stone County",1,14,58,27,31
050,27,011,"Minnesota","Big Stone County",1,15,68,33,35
050,27,011,"Minnesota","Big Stone County",1,16,64,34,30
050,27,011,"Minnesota","Big Stone County",1,17,65,38,27
050,27,011,"Minnesota","Big Stone County",1,18,56,29,27
050,27,011,"Minnesota","Big Stone County",1,19,39,20,19
050,27,011,"Minnesota","Big Stone County",1,20,39,17,22
050,27,011,"Minnesota","Big Stone County",1,21,47,22,25
050,27,011,"Minnesota","Big Stone County",1,22,50,26,24
050,27,011,"Minnesota","Big Stone County",1,23,40,22,18
050,27,011,"Minnesota","Big Stone County",1,24,51,31,20
050,27,011,"Minnesota","Big Stone County",1,25,49,27,22
050,27,011,"Minnesota","Big Stone County",1,26,41,20,21
050,27,011,"Minnesota","Big Stone County",1,27,45,21,24
050,27,011,"Minnesota","Big Stone County",1,28,51,26,25
050,27,011,"Minnesota","Big Stone County",1,29,57,23,34
050,27,011,"Minnesota","Big Stone County",1,30,52,28,24
050,27,011,"Minnesota","Big Stone County",1,31,57,30,27
050,27,011,"Minnesota","Big Stone County",1,32,47,29,18
050,27,011,"Minnesota","Big Stone County",1,33,46,23,23
050,27,011,"Minnesota","Big Stone County",1,34,44,21,23
050,27,011,"Minnesota","Big Stone County",1,35,64,34,30
050,27,011,"Minnesota","Big Stone County",1,36,53,29,24
050,27,011,"Minnesota","Big Stone County",1,37,60,28,32
050,27,011,"Minnesota","Big Stone County",1,38,60,31,29
050,27,011,"Minnesota","Big Stone County",1,39,57,33,24
050,27,011,"Minnesota","Big Stone County",1,40,55,33,22
050,27,011,"Minnesota","Big Stone County",1,41,54,28,26
050,27,011,"Minnesota","Big Stone County",1,42,43,19,24
050,27,011,"Minnesota","Big Stone County",1,43,43,19,24
050,27,011,"Minnesota","Big Stone County",1,44,36,20,16
050,27,011,"Minnesota","Big Stone County",1,45,36,17,19
050,27,011,"Minnesota","Big Stone County",1,46,45,20,25
050,27,011,"Minnesota","Big Stone County",1,47,54,26,28
050,27,011,"Minnesota","Big Stone County",1,48,58,30,28
050,27,011,"Minnesota","Big Stone County",1,49,53,32,21
050,27,011,"Minnesota","Big Stone County",1,50,44,22,22
050,27,011,"Minnesota","Big Stone County",1,51,50,27,23
050,27,011,"Minnesota","Big Stone County",1,52,54,28,26
050,27,011,"Minnesota","Big Stone County",1,53,59,26,33
050,27,011,"Minnesota","Big Stone County",1,54,61,27,34
050,27,011,"Minnesota","Big Stone County",1,55,61,28,33
050,27,011,"Minnesota","Big Stone County",1,56,74,41,33
050,27,011,"Minnesota","Big Stone County",1,57,87,47,40
050,27,011,"Minnesota","Big Stone County",1,58,93,51,42
050,27,011,"Minnesota","Big Stone County",1,59,90,54,36
050,27,011,"Minnesota","Big Stone County",1,60,103,58,45
050,27,011,"Minnesota","Big Stone County",1,61,96,50,46
050,27,011,"Minnesota","Big Stone County",1,62,91,44,47
050,27,011,"Minnesota","Big Stone County",1,63,82,42,40
050,27,011,"Minnesota","Big Stone County",1,64,79,39,40
050,27,011,"Minnesota","Big Stone County",1,65,80,40,40
050,27,011,"Minnesota","Big Stone County",1,66,84,46,38
050,27,011,"Minnesota","Big Stone County",1,67,90,44,46
050,27,011,"Minnesota","Big Stone County",1,68,77,37,40
050,27,011,"Minnesota","Big Stone County",1,69,61,34,27
050,27,011,"Minnesota","Big Stone County",1,70,71,40,31
050,27,011,"Minnesota","Big Stone County",1,71,71,36,35
050,27,011,"Minnesota","Big Stone County",1,72,60,26,34
050,27,011,"Minnesota","Big Stone County",1,73,59,30,29
050,27,011,"Minnesota","Big Stone County",1,74,41,22,19
050,27,011,"Minnesota","Big Stone County",1,75,38,21,17
050,27,011,"Minnesota","Big Stone County",1,76,48,19,29
050,27,011,"Minnesota","Big Stone County",1,77,48,17,31
050,27,011,"Minnesota","Big Stone County",1,78,41,16,25
050,27,011,"Minnesota","Big Stone County",1,79,44,19,25
050,27,011,"Minnesota","Big Stone County",1,80,42,22,20
050,27,011,"Minnesota","Big Stone County",1,81,45,21,24
050,27,011,"Minnesota","Big Stone County",1,82,35,16,19
050,27,011,"Minnesota","Big Stone County",1,83,33,18,15
050,27,011,"Minnesota","Big Stone County",1,84,30,14,16
050,27,011,"Minnesota","Big Stone County",1,85,234,80,154
050,27,011,"Minnesota","Big Stone County",2,0,67,36,31
050,27,011,"Minnesota","Big Stone County",2,1,61,30,31
050,27,011,"Minnesota","Big Stone County",2,2,64,34,30
050,27,011,"Minnesota","Big Stone County",2,3,54,33,21
050,27,011,"Minnesota","Big Stone County",2,4,56,34,22
050,27,011,"Minnesota","Big Stone County",2,5,57,32,25
050,27,011,"Minnesota","Big Stone County",2,6,60,32,28
050,27,011,"Minnesota","Big Stone County",2,7,70,34,36
050,27,011,"Minnesota","Big Stone County",2,8,57,30,27
050,27,011,"Minnesota","Big Stone County",2,9,58,34,24
050,27,011,"Minnesota","Big Stone County",2,10,65,34,31
050,27,011,"Minnesota","Big Stone County",2,11,61,30,31
050,27,011,"Minnesota","Big Stone County",2,12,70,30,40
050,27,011,"Minnesota","Big Stone County",2,13,71,34,37
050,27,011,"Minnesota","Big Stone County",2,14,61,29,32
050,27,011,"Minnesota","Big Stone County",2,15,66,32,34
050,27,011,"Minnesota","Big Stone County",2,16,66,34,32
050,27,011,"Minnesota","Big Stone County",2,17,64,37,27
050,27,011,"Minnesota","Big Stone County",2,18,54,29,25
050,27,011,"Minnesota","Big Stone County",2,19,41,21,20
050,27,011,"Minnesota","Big Stone County",2,20,40,18,22
050,27,011,"Minnesota","Big Stone County",2,21,46,22,24
050,27,011,"Minnesota","Big Stone County",2,22,48,24,24
050,27,011,"Minnesota","Big Stone County",2,23,42,23,19
050,27,011,"Minnesota","Big Stone County",2,24,48,29,19
050,27,011,"Minnesota","Big Stone County",2,25,47,26,21
050,27,011,"Minnesota","Big Stone County",2,26,42,21,21
050,27,011,"Minnesota","Big Stone County",2,27,45,22,23
050,27,011,"Minnesota","Big Stone County",2,28,49,24,25
050,27,011,"Minnesota","Big Stone County",2,29,55,24,31
050,27,011,"Minnesota","Big Stone County",2,30,54,27,27
050,27,011,"Minnesota","Big Stone County",2,31,56,30,26
050,27,011,"Minnesota","Big Stone County",2,32,50,29,21
050,27,011,"Minnesota","Big Stone County",2,33,46,25,21
050,27,011,"Minnesota","Big Stone County",2,34,44,21,23
050,27,011,"Minnesota","Big Stone County",2,35,59,30,29
050,27,011,"Minnesota","Big Stone County",2,36,55,30,25
050,27,011,"Minnesota","Big Stone County",2,37,60,29,31
050,27,011,"Minnesota","Big Stone County",2,38,61,31,30
050,27,011,"Minnesota","Big Stone County",2,39,57,32,25
050,27,011,"Minnesota","Big Stone County",2,40,56,33,23
050,27,011,"Minnesota","Big Stone County",2,41,54,29,25
050,27,011,"Minnesota","Big Stone County",2,42,45,21,24
050,27,011,"Minnesota","Big Stone County",2,43,42,19,23
050,27,011,"Minnesota","Big Stone County",2,44,39,20,19
050,27,011,"Minnesota","Big Stone County",2,45,37,18,19
050,27,011,"Minnesota","Big Stone County",2,46,43,19,24
050,27,011,"Minnesota","Big Stone County",2,47,52,25,27
050,27,011,"Minnesota","Big Stone County",2,48,57,29,28
050,27,011,"Minnesota","Big Stone County",2,49,54,31,23
050,27,011,"Minnesota","Big Stone County",2,50,46,24,22
050,27,011,"Minnesota","Big Stone County",2,51,48,25,23
050,27,011,"Minnesota","Big Stone County",2,52,53,28,25
050,27,011,"Minnesota","Big Stone County",2,53,57,26,31
050,27,011,"Minnesota","Big Stone County",2,54,60,26,34
050,27,011,"Minnesota","Big Stone County",2,55,60,27,33
050,27,011,"Minnesota","Big Stone County",2,56,71,38,33
050,27,011,"Minnesota","Big Stone County",2,57,84,46,38
050,27,011,"Minnesota","Big Stone County",2,58,91,50,41
050,27,011,"Minnesota","Big Stone County",2,59,91,54,37
050,27,011,"Minnesota","Big Stone County",2,60,100,57,43
050,27,011,"Minnesota","Big Stone County",2,61,97,51,46
050,27,011,"Minnesota","Big Stone County",2,62,91,44,47
050,27,011,"Minnesota","Big Stone County",2,63,84,42,42
050,27,011,"Minnesota","Big Stone County",2,64,80,40,40
050,27,011,"Minnesota","Big Stone County",2,65,81,40,41
050,27,011,"Minnesota","Big Stone County",2,66,84,46,38
050,27,011,"Minnesota","Big Stone County",2,67,88,44,44
050,27,011,"Minnesota","Big Stone County",2,68,79,38,41
050,27,011,"Minnesota","Big Stone County",2,69,66,35,31
050,27,011,"Minnesota","Big Stone County",2,70,69,39,30
050,27,011,"Minnesota","Big Stone County",2,71,71,37,34
050,27,011,"Minnesota","Big Stone County",2,72,62,28,34
050,27,011,"Minnesota","Big Stone County",2,73,62,30,32
050,27,011,"Minnesota","Big Stone County",2,74,43,23,20
050,27,011,"Minnesota","Big Stone County",2,75,38,21,17
050,27,011,"Minnesota","Big Stone County",2,76,45,19,26
050,27,011,"Minnesota","Big Stone County",2,77,49,17,32
050,27,011,"Minnesota","Big Stone County",2,78,41,16,25
050,27,011,"Minnesota","Big Stone County",2,79,42,19,23
050,27,011,"Minnesota","Big Stone County",2,80,42,21,21
050,27,011,"Minnesota","Big Stone County",2,81,44,21,23
050,27,011,"Minnesota","Big Stone County",2,82,37,17,20
050,27,011,"Minnesota","Big Stone County",2,83,35,19,16
050,27,011,"Minnesota","Big Stone County",2,84,30,14,16
050,27,011,"Minnesota","Big Stone County",2,85,231,81,150
050,27,011,"Minnesota","Big Stone County",3,0,66,36,30
050,27,011,"Minnesota","Big Stone County",3,1,65,36,29
050,27,011,"Minnesota","Big Stone County",3,2,66,32,34
050,27,011,"Minnesota","Big Stone County",3,3,66,37,29
050,27,011,"Minnesota","Big Stone County",3,4,56,34,22
050,27,011,"Minnesota","Big Stone County",3,5,56,32,24
050,27,011,"Minnesota","Big Stone County",3,6,60,34,26
050,27,011,"Minnesota","Big Stone County",3,7,62,32,30
050,27,011,"Minnesota","Big Stone County",3,8,69,35,34
050,27,011,"Minnesota","Big Stone County",3,9,61,32,29
050,27,011,"Minnesota","Big Stone County",3,10,57,32,25
050,27,011,"Minnesota","Big Stone County",3,11,70,38,32
050,27,011,"Minnesota","Big Stone County",3,12,60,30,30
050,27,011,"Minnesota","Big Stone County",3,13,69,33,36
050,27,011,"Minnesota","Big Stone County",3,14,70,35,35
050,27,011,"Minnesota","Big Stone County",3,15,62,30,32
050,27,011,"Minnesota","Big Stone County",3,16,63,29,34
050,27,011,"Minnesota","Big Stone County",3,17,69,36,33
050,27,011,"Minnesota","Big Stone County",3,18,54,34,20
050,27,011,"Minnesota","Big Stone County",3,19,46,26,20
050,27,011,"Minnesota","Big Stone County",3,20,49,24,25
050,27,011,"Minnesota","Big Stone County",3,21,35,16,19
050,27,011,"Minnesota","Big Stone County",3,22,43,21,22
050,27,011,"Minnesota","Big Stone County",3,23,45,23,22
050,27,011,"Minnesota","Big Stone County",3,24,41,24,17
050,27,011,"Minnesota","Big Stone County",3,25,43,24,19
050,27,011,"Minnesota","Big Stone County",3,26,47,25,22
050,27,011,"Minnesota","Big Stone County",3,27,38,17,21
050,27,011,"Minnesota","Big Stone County",3,28,51,23,28
050,27,011,"Minnesota","Big Stone County",3,29,50,27,23
050,27,011,"Minnesota","Big Stone County",3,30,59,28,31
050,27,011,"Minnesota","Big Stone County",3,31,54,26,28
050,27,011,"Minnesota","Big Stone County",3,32,57,29,28
050,27,011,"Minnesota","Big Stone County",3,33,49,29,20
050,27,011,"Minnesota","Big Stone County",3,34,48,27,21
050,27,011,"Minnesota","Big Stone County",3,35,46,21,25
050,27,011,"Minnesota","Big Stone County",3,36,59,31,28
050,27,011,"Minnesota","Big Stone County",3,37,63,32,31
050,27,011,"Minnesota","Big Stone County",3,38,62,31,31
050,27,011,"Minnesota","Big Stone County",3,39,60,32,28
050,27,011,"Minnesota","Big Stone County",3,40,61,34,27
050,27,011,"Minnesota","Big Stone County",3,41,55,32,23
050,27,011,"Minnesota","Big Stone County",3,42,59,32,27
050,27,011,"Minnesota","Big Stone County",3,43,45,20,25
050,27,011,"Minnesota","Big Stone County",3,44,43,21,22
050,27,011,"Minnesota","Big Stone County",3,45,38,19,19
050,27,011,"Minnesota","Big Stone County",3,46,37,19,18
050,27,011,"Minnesota","Big Stone County",3,47,44,21,23
050,27,011,"Minnesota","Big Stone County",3,48,52,25,27
050,27,011,"Minnesota","Big Stone County",3,49,54,27,27
050,27,011,"Minnesota","Big Stone County",3,50,55,32,23
050,27,011,"Minnesota","Big Stone County",3,51,45,23,22
050,27,011,"Minnesota","Big Stone County",3,52,50,27,23
050,27,011,"Minnesota","Big Stone County",3,53,55,28,27
050,27,011,"Minnesota","Big Stone County",3,54,54,24,30
050,27,011,"Minnesota","Big Stone County",3,55,59,25,34
050,27,011,"Minnesota","Big Stone County",3,56,58,27,31
050,27,011,"Minnesota","Big Stone County",3,57,70,38,32
050,27,011,"Minnesota","Big Stone County",3,58,83,44,39
050,27,011,"Minnesota","Big Stone County",3,59,88,48,40
050,27,011,"Minnesota","Big Stone County",3,60,95,54,41
050,27,011,"Minnesota","Big Stone County",3,61,101,58,43
050,27,011,"Minnesota","Big Stone County",3,62,88,46,42
050,27,011,"Minnesota","Big Stone County",3,63,92,45,47
050,27,011,"Minnesota","Big Stone County",3,64,85,44,41
050,27,011,"Minnesota","Big Stone County",3,65,81,41,40
050,27,011,"Minnesota","Big Stone County",3,66,82,38,44
050,27,011,"Minnesota","Big Stone County",3,67,79,45,34
050,27,011,"Minnesota","Big Stone County",3,68,88,43,45
050,27,011,"Minnesota","Big Stone County",3,69,77,37,40
050,27,011,"Minnesota","Big Stone County",3,70,68,38,30
050,27,011,"Minnesota","Big Stone County",3,71,62,35,27
050,27,011,"Minnesota","Big Stone County",3,72,73,38,35
050,27,011,"Minnesota","Big Stone County",3,73,62,27,35
050,27,011,"Minnesota","Big Stone County",3,74,59,29,30
050,27,011,"Minnesota","Big Stone County",3,75,42,22,20
050,27,011,"Minnesota","Big Stone County",3,76,39,21,18
050,27,011,"Minnesota","Big Stone County",3,77,46,20,26
050,27,011,"Minnesota","Big Stone County",3,78,47,16,31
050,27,011,"Minnesota","Big Stone County",3,79,42,18,24
050,27,011,"Minnesota","Big Stone County",3,80,42,18,24
050,27,011,"Minnesota","Big Stone County",3,81,37,19,18
050,27,011,"Minnesota","Big Stone County",3,82,38,18,20
050,27,011,"Minnesota","Big Stone County",3,83,40,21,19
050,27,011,"Minnesota","Big Stone County",3,84,31,14,17
050,27,011,"Minnesota","Big Stone County",3,85,220,78,142
050,27,011,"Minnesota","Big Stone County",4,0,59,33,26
050,27,011,"Minnesota","Big Stone County",4,1,66,32,34
050,27,011,"Minnesota","Big Stone County",4,2,67,36,31
050,27,011,"Minnesota","Big Stone County",4,3,66,34,32
050,27,011,"Minnesota","Big Stone County",4,4,64,36,28
050,27,011,"Minnesota","Big Stone County",4,5,57,36,21
050,27,011,"Minnesota","Big Stone County",4,6,58,32,26
050,27,011,"Minnesota","Big Stone County",4,7,61,36,25
050,27,011,"Minnesota","Big Stone County",4,8,59,31,28
050,27,011,"Minnesota","Big Stone County",4,9,69,34,35
050,27,011,"Minnesota","Big Stone County",4,10,61,31,30
050,27,011,"Minnesota","Big Stone County",4,11,56,30,26
050,27,011,"Minnesota","Big Stone County",4,12,72,40,32
050,27,011,"Minnesota","Big Stone County",4,13,58,30,28
050,27,011,"Minnesota","Big Stone County",4,14,64,29,35
050,27,011,"Minnesota","Big Stone County",4,15,69,34,35
050,27,011,"Minnesota","Big Stone County",4,16,63,32,31
050,27,011,"Minnesota","Big Stone County",4,17,64,30,34
050,27,011,"Minnesota","Big Stone County",4,18,58,31,27
050,27,011,"Minnesota","Big Stone County",4,19,46,28,18
050,27,011,"Minnesota","Big Stone County",4,20,50,27,23
050,27,011,"Minnesota","Big Stone County",4,21,43,22,21
050,27,011,"Minnesota","Big Stone County",4,22,40,21,19
050,27,011,"Minnesota","Big Stone County",4,23,49,24,25
050,27,011,"Minnesota","Big Stone County",4,24,42,21,21
050,27,011,"Minnesota","Big Stone County",4,25,45,25,20
050,27,011,"Minnesota","Big Stone County",4,26,40,21,19
050,27,011,"Minnesota","Big Stone County",4,27,48,25,23
050,27,011,"Minnesota","Big Stone County",4,28,31,14,17
050,27,011,"Minnesota","Big Stone County",4,29,53,23,30
050,27,011,"Minnesota","Big Stone County",4,30,50,26,24
050,27,011,"Minnesota","Big Stone County",4,31,59,28,31
050,27,011,"Minnesota","Big Stone County",4,32,54,25,29
050,27,011,"Minnesota","Big Stone County",4,33,59,31,28
050,27,011,"Minnesota","Big Stone County",4,34,45,26,19
050,27,011,"Minnesota","Big Stone County",4,35,52,29,23
050,27,011,"Minnesota","Big Stone County",4,36,45,21,24
050,27,011,"Minnesota","Big Stone County",4,37,58,31,27
050,27,011,"Minnesota","Big Stone County",4,38,63,32,31
050,27,011,"Minnesota","Big Stone County",4,39,63,32,31
050,27,011,"Minnesota","Big Stone County",4,40,62,35,27
050,27,011,"Minnesota","Big Stone County",4,41,59,33,26
050,27,011,"Minnesota","Big Stone County",4,42,53,32,21
050,27,011,"Minnesota","Big Stone County",4,43,57,31,26
050,27,011,"Minnesota","Big Stone County",4,44,44,22,22
050,27,011,"Minnesota","Big Stone County",4,45,44,21,23
050,27,011,"Minnesota","Big Stone County",4,46,40,21,19
050,27,011,"Minnesota","Big Stone County",4,47,38,17,21
050,27,011,"Minnesota","Big Stone County",4,48,44,21,23
050,27,011,"Minnesota","Big Stone County",4,49,51,24,27
050,27,011,"Minnesota","Big Stone County",4,50,56,29,27
050,27,011,"Minnesota","Big Stone County",4,51,60,34,26
050,27,011,"Minnesota","Big Stone County",4,52,48,25,23
050,27,011,"Minnesota","Big Stone County",4,53,49,28,21
050,27,011,"Minnesota","Big Stone County",4,54,55,28,27
050,27,011,"Minnesota","Big Stone County",4,55,55,22,33
050,27,011,"Minnesota","Big Stone County",4,56,62,25,37
050,27,011,"Minnesota","Big Stone County",4,57,57,26,31
050,27,011,"Minnesota","Big Stone County",4,58,70,38,32
050,27,011,"Minnesota","Big Stone County",4,59,83,43,40
050,27,011,"Minnesota","Big Stone County",4,60,90,49,41
050,27,011,"Minnesota","Big Stone County",4,61,95,56,39
050,27,011,"Minnesota","Big Stone County",4,62,96,52,44
050,27,011,"Minnesota","Big Stone County",4,63,88,46,42
050,27,011,"Minnesota","Big Stone County",4,64,96,48,48
050,27,011,"Minnesota","Big Stone County",4,65,83,43,40
050,27,011,"Minnesota","Big Stone County",4,66,78,40,38
050,27,011,"Minnesota","Big Stone County",4,67,81,37,44
050,27,011,"Minnesota","Big Stone County",4,68,80,46,34
050,27,011,"Minnesota","Big Stone County",4,69,86,43,43
050,27,011,"Minnesota","Big Stone County",4,70,81,42,39
050,27,011,"Minnesota","Big Stone County",4,71,63,35,28
050,27,011,"Minnesota","Big Stone County",4,72,57,34,23
050,27,011,"Minnesota","Big Stone County",4,73,69,35,34
050,27,011,"Minnesota","Big Stone County",4,74,58,24,34
050,27,011,"Minnesota","Big Stone County",4,75,57,28,29
050,27,011,"Minnesota","Big Stone County",4,76,45,22,23
050,27,011,"Minnesota","Big Stone County",4,77,38,22,16
050,27,011,"Minnesota","Big Stone County",4,78,41,17,24
050,27,011,"Minnesota","Big Stone County",4,79,45,18,27
050,27,011,"Minnesota","Big Stone County",4,80,40,17,23
050,27,011,"Minnesota","Big Stone County",4,81,39,17,22
050,27,011,"Minnesota","Big Stone County",4,82,35,18,17
050,27,011,"Minnesota","Big Stone County",4,83,41,21,20
050,27,011,"Minnesota","Big Stone County",4,84,37,16,21
050,27,011,"Minnesota","Big Stone County",4,85,217,79,138
050,27,011,"Minnesota","Big Stone County",5,0,54,30,24
050,27,011,"Minnesota","Big Stone County",5,1,56,30,26
050,27,011,"Minnesota","Big Stone County",5,2,67,32,35
050,27,011,"Minnesota","Big Stone County",5,3,66,37,29
050,27,011,"Minnesota","Big Stone County",5,4,63,35,28
050,27,011,"Minnesota","Big Stone County",5,5,67,39,28
050,27,011,"Minnesota","Big Stone County",5,6,60,35,25
050,27,011,"Minnesota","Big Stone County",5,7,53,28,25
050,27,011,"Minnesota","Big Stone County",5,8,62,35,27
050,27,011,"Minnesota","Big Stone County",5,9,62,33,29
050,27,011,"Minnesota","Big Stone County",5,10,67,32,35
050,27,011,"Minnesota","Big Stone County",5,11,63,31,32
050,27,011,"Minnesota","Big Stone County",5,12,56,30,26
050,27,011,"Minnesota","Big Stone County",5,13,69,41,28
050,27,011,"Minnesota","Big Stone County",5,14,61,33,28
050,27,011,"Minnesota","Big Stone County",5,15,64,27,37
050,27,011,"Minnesota","Big Stone County",5,16,67,34,33
050,27,011,"Minnesota","Big Stone County",5,17,63,31,32
050,27,011,"Minnesota","Big Stone County",5,18,52,26,26
050,27,011,"Minnesota","Big Stone County",5,19,43,24,19
050,27,011,"Minnesota","Big Stone County",5,20,51,30,21
050,27,011,"Minnesota","Big Stone County",5,21,46,25,21
050,27,011,"Minnesota","Big Stone County",5,22,44,20,24
050,27,011,"Minnesota","Big Stone County",5,23,40,22,18
050,27,011,"Minnesota","Big Stone County",5,24,41,19,22
050,27,011,"Minnesota","Big Stone County",5,25,41,21,20
050,27,011,"Minnesota","Big Stone County",5,26,42,25,17
050,27,011,"Minnesota","Big Stone County",5,27,40,22,18
050,27,011,"Minnesota","Big Stone County",5,28,45,24,21
050,27,011,"Minnesota","Big Stone County",5,29,26,12,14
050,27,011,"Minnesota","Big Stone County",5,30,52,22,30
050,27,011,"Minnesota","Big Stone County",5,31,59,32,27
050,27,011,"Minnesota","Big Stone County",5,32,59,28,31
050,27,011,"Minnesota","Big Stone County",5,33,54,26,28
050,27,011,"Minnesota","Big Stone County",5,34,58,28,30
050,27,011,"Minnesota","Big Stone County",5,35,46,26,20
050,27,011,"Minnesota","Big Stone County",5,36,56,32,24
050,27,011,"Minnesota","Big Stone County",5,37,45,23,22
050,27,011,"Minnesota","Big Stone County",5,38,59,31,28
050,27,011,"Minnesota","Big Stone County",5,39,63,33,30
050,27,011,"Minnesota","Big Stone County",5,40,60,30,30
050,27,011,"Minnesota","Big Stone County",5,41,62,33,29
050,27,011,"Minnesota","Big Stone County",5,42,61,35,26
050,27,011,"Minnesota","Big Stone County",5,43,50,31,19
050,27,011,"Minnesota","Big Stone County",5,44,58,32,26
050,27,011,"Minnesota","Big Stone County",5,45,45,21,24
050,27,011,"Minnesota","Big Stone County",5,46,48,24,24
050,27,011,"Minnesota","Big Stone County",5,47,38,20,18
050,27,011,"Minnesota","Big Stone County",5,48,36,17,19
050,27,011,"Minnesota","Big Stone County",5,49,42,20,22
050,27,011,"Minnesota","Big Stone County",5,50,54,27,27
050,27,011,"Minnesota","Big Stone County",5,51,57,30,27
050,27,011,"Minnesota","Big Stone County",5,52,66,40,26
050,27,011,"Minnesota","Big Stone County",5,53,46,23,23
050,27,011,"Minnesota","Big Stone County",5,54,48,27,21
050,27,011,"Minnesota","Big Stone County",5,55,55,30,25
050,27,011,"Minnesota","Big Stone County",5,56,53,21,32
050,27,011,"Minnesota","Big Stone County",5,57,61,24,37
050,27,011,"Minnesota","Big Stone County",5,58,61,26,35
050,27,011,"Minnesota","Big Stone County",5,59,73,38,35
050,27,011,"Minnesota","Big Stone County",5,60,87,46,41
050,27,011,"Minnesota","Big Stone County",5,61,92,51,41
050,27,011,"Minnesota","Big Stone County",5,62,88,48,40
050,27,011,"Minnesota","Big Stone County",5,63,93,49,44
050,27,011,"Minnesota","Big Stone County",5,64,86,45,41
050,27,011,"Minnesota","Big Stone County",5,65,97,49,48
050,27,011,"Minnesota","Big Stone County",5,66,77,40,37
050,27,011,"Minnesota","Big Stone County",5,67,74,39,35
050,27,011,"Minnesota","Big Stone County",5,68,82,39,43
050,27,011,"Minnesota","Big Stone County",5,69,76,42,34
050,27,011,"Minnesota","Big Stone County",5,70,88,46,42
050,27,011,"Minnesota","Big Stone County",5,71,79,41,38
050,27,011,"Minnesota","Big Stone County",5,72,62,35,27
050,27,011,"Minnesota","Big Stone County",5,73,55,32,23
050,27,011,"Minnesota","Big Stone County",5,74,66,34,32
050,27,011,"Minnesota","Big Stone County",5,75,57,24,33
050,27,011,"Minnesota","Big Stone County",5,76,57,27,30
050,27,011,"Minnesota","Big Stone County",5,77,44,23,21
050,27,011,"Minnesota","Big Stone County",5,78,33,20,13
050,27,011,"Minnesota","Big Stone County",5,79,38,17,21
050,27,011,"Minnesota","Big Stone County",5,80,45,17,28
050,27,011,"Minnesota","Big Stone County",5,81,39,16,23
050,27,011,"Minnesota","Big Stone County",5,82,36,15,21
050,27,011,"Minnesota","Big Stone County",5,83,38,22,16
050,27,011,"Minnesota","Big Stone County",5,84,35,15,20
050,27,011,"Minnesota","Big Stone County",5,85,225,84,141
050,27,013,"Minnesota","Blue Earth County",1,0,728,371,357
050,27,013,"Minnesota","Blue Earth County",1,1,738,387,351
050,27,013,"Minnesota","Blue Earth County",1,2,704,372,332
050,27,013,"Minnesota","Blue Earth County",1,3,726,372,354
050,27,013,"Minnesota","Blue Earth County",1,4,777,400,377
050,27,013,"Minnesota","Blue Earth County",1,5,779,411,368
050,27,013,"Minnesota","Blue Earth County",1,6,781,422,359
050,27,013,"Minnesota","Blue Earth County",1,7,759,396,363
050,27,013,"Minnesota","Blue Earth County",1,8,789,404,385
050,27,013,"Minnesota","Blue Earth County",1,9,789,437,352
050,27,013,"Minnesota","Blue Earth County",1,10,775,409,366
050,27,013,"Minnesota","Blue Earth County",1,11,824,419,405
050,27,013,"Minnesota","Blue Earth County",1,12,866,450,416
050,27,013,"Minnesota","Blue Earth County",1,13,799,415,384
050,27,013,"Minnesota","Blue Earth County",1,14,768,386,382
050,27,013,"Minnesota","Blue Earth County",1,15,756,394,362
050,27,013,"Minnesota","Blue Earth County",1,16,751,404,347
050,27,013,"Minnesota","Blue Earth County",1,17,766,404,362
050,27,013,"Minnesota","Blue Earth County",1,18,1362,659,703
050,27,013,"Minnesota","Blue Earth County",1,19,2455,1113,1342
050,27,013,"Minnesota","Blue Earth County",1,20,2764,1241,1523
050,27,013,"Minnesota","Blue Earth County",1,21,2549,1258,1291
050,27,013,"Minnesota","Blue Earth County",1,22,2314,1197,1117
050,27,013,"Minnesota","Blue Earth County",1,23,1714,904,810
050,27,013,"Minnesota","Blue Earth County",1,24,1398,783,615
050,27,013,"Minnesota","Blue Earth County",1,25,1177,643,534
050,27,013,"Minnesota","Blue Earth County",1,26,1078,574,504
050,27,013,"Minnesota","Blue Earth County",1,27,977,526,451
050,27,013,"Minnesota","Blue Earth County",1,28,904,480,424
050,27,013,"Minnesota","Blue Earth County",1,29,845,447,398
050,27,013,"Minnesota","Blue Earth County",1,30,853,474,379
050,27,013,"Minnesota","Blue Earth County",1,31,814,418,396
050,27,013,"Minnesota","Blue Earth County",1,32,856,451,405
050,27,013,"Minnesota","Blue Earth County",1,33,829,446,383
050,27,013,"Minnesota","Blue Earth County",1,34,881,461,420
050,27,013,"Minnesota","Blue Earth County",1,35,883,454,429
050,27,013,"Minnesota","Blue Earth County",1,36,838,423,415
050,27,013,"Minnesota","Blue Earth County",1,37,884,472,412
050,27,013,"Minnesota","Blue Earth County",1,38,849,473,376
050,27,013,"Minnesota","Blue Earth County",1,39,849,459,390
050,27,013,"Minnesota","Blue Earth County",1,40,820,432,388
050,27,013,"Minnesota","Blue Earth County",1,41,762,396,366
050,27,013,"Minnesota","Blue Earth County",1,42,732,383,349
050,27,013,"Minnesota","Blue Earth County",1,43,706,368,338
050,27,013,"Minnesota","Blue Earth County",1,44,674,340,334
050,27,013,"Minnesota","Blue Earth County",1,45,625,320,305
050,27,013,"Minnesota","Blue Earth County",1,46,629,317,312
050,27,013,"Minnesota","Blue Earth County",1,47,632,310,322
050,27,013,"Minnesota","Blue Earth County",1,48,620,321,299
050,27,013,"Minnesota","Blue Earth County",1,49,630,321,309
050,27,013,"Minnesota","Blue Earth County",1,50,632,333,299
050,27,013,"Minnesota","Blue Earth County",1,51,643,343,300
050,27,013,"Minnesota","Blue Earth County",1,52,665,345,320
050,27,013,"Minnesota","Blue Earth County",1,53,669,352,317
050,27,013,"Minnesota","Blue Earth County",1,54,643,331,312
050,27,013,"Minnesota","Blue Earth County",1,55,681,351,330
050,27,013,"Minnesota","Blue Earth County",1,56,707,350,357
050,27,013,"Minnesota","Blue Earth County",1,57,710,353,357
050,27,013,"Minnesota","Blue Earth County",1,58,745,363,382
050,27,013,"Minnesota","Blue Earth County",1,59,721,343,378
050,27,013,"Minnesota","Blue Earth County",1,60,751,366,385
050,27,013,"Minnesota","Blue Earth County",1,61,735,362,373
050,27,013,"Minnesota","Blue Earth County",1,62,735,352,383
050,27,013,"Minnesota","Blue Earth County",1,63,723,352,371
050,27,013,"Minnesota","Blue Earth County",1,64,710,351,359
050,27,013,"Minnesota","Blue Earth County",1,65,762,380,382
050,27,013,"Minnesota","Blue Earth County",1,66,661,336,325
050,27,013,"Minnesota","Blue Earth County",1,67,662,343,319
050,27,013,"Minnesota","Blue Earth County",1,68,646,309,337
050,27,013,"Minnesota","Blue Earth County",1,69,574,286,288
050,27,013,"Minnesota","Blue Earth County",1,70,553,268,285
050,27,013,"Minnesota","Blue Earth County",1,71,519,247,272
050,27,013,"Minnesota","Blue Earth County",1,72,509,245,264
050,27,013,"Minnesota","Blue Earth County",1,73,490,234,256
050,27,013,"Minnesota","Blue Earth County",1,74,351,174,177
050,27,013,"Minnesota","Blue Earth County",1,75,347,162,185
050,27,013,"Minnesota","Blue Earth County",1,76,346,159,187
050,27,013,"Minnesota","Blue Earth County",1,77,345,159,186
050,27,013,"Minnesota","Blue Earth County",1,78,293,134,159
050,27,013,"Minnesota","Blue Earth County",1,79,271,122,149
050,27,013,"Minnesota","Blue Earth County",1,80,255,119,136
050,27,013,"Minnesota","Blue Earth County",1,81,248,115,133
050,27,013,"Minnesota","Blue Earth County",1,82,250,102,148
050,27,013,"Minnesota","Blue Earth County",1,83,220,86,134
050,27,013,"Minnesota","Blue Earth County",1,84,199,71,128
050,27,013,"Minnesota","Blue Earth County",1,85,1365,454,911
050,27,013,"Minnesota","Blue Earth County",2,0,744,393,351
050,27,013,"Minnesota","Blue Earth County",2,1,736,385,351
050,27,013,"Minnesota","Blue Earth County",2,2,711,376,335
050,27,013,"Minnesota","Blue Earth County",2,3,720,372,348
050,27,013,"Minnesota","Blue Earth County",2,4,767,395,372
050,27,013,"Minnesota","Blue Earth County",2,5,780,406,374
050,27,013,"Minnesota","Blue Earth County",2,6,782,420,362
050,27,013,"Minnesota","Blue Earth County",2,7,767,402,365
050,27,013,"Minnesota","Blue Earth County",2,8,780,402,378
050,27,013,"Minnesota","Blue Earth County",2,9,787,428,359
050,27,013,"Minnesota","Blue Earth County",2,10,777,414,363
050,27,013,"Minnesota","Blue Earth County",2,11,809,415,394
050,27,013,"Minnesota","Blue Earth County",2,12,855,440,415
050,27,013,"Minnesota","Blue Earth County",2,13,814,422,392
050,27,013,"Minnesota","Blue Earth County",2,14,777,395,382
050,27,013,"Minnesota","Blue Earth County",2,15,762,394,368
050,27,013,"Minnesota","Blue Earth County",2,16,755,403,352
050,27,013,"Minnesota","Blue Earth County",2,17,769,409,360
050,27,013,"Minnesota","Blue Earth County",2,18,1368,659,709
050,27,013,"Minnesota","Blue Earth County",2,19,2448,1112,1336
050,27,013,"Minnesota","Blue Earth County",2,20,2783,1249,1534
050,27,013,"Minnesota","Blue Earth County",2,21,2539,1261,1278
050,27,013,"Minnesota","Blue Earth County",2,22,2308,1187,1121
050,27,013,"Minnesota","Blue Earth County",2,23,1711,896,815
050,27,013,"Minnesota","Blue Earth County",2,24,1394,783,611
050,27,013,"Minnesota","Blue Earth County",2,25,1179,644,535
050,27,013,"Minnesota","Blue Earth County",2,26,1076,575,501
050,27,013,"Minnesota","Blue Earth County",2,27,974,519,455
050,27,013,"Minnesota","Blue Earth County",2,28,912,485,427
050,27,013,"Minnesota","Blue Earth County",2,29,852,449,403
050,27,013,"Minnesota","Blue Earth County",2,30,851,465,386
050,27,013,"Minnesota","Blue Earth County",2,31,813,424,389
050,27,013,"Minnesota","Blue Earth County",2,32,840,439,401
050,27,013,"Minnesota","Blue Earth County",2,33,832,444,388
050,27,013,"Minnesota","Blue Earth County",2,34,872,458,414
050,27,013,"Minnesota","Blue Earth County",2,35,887,459,428
050,27,013,"Minnesota","Blue Earth County",2,36,840,426,414
050,27,013,"Minnesota","Blue Earth County",2,37,872,460,412
050,27,013,"Minnesota","Blue Earth County",2,38,859,471,388
050,27,013,"Minnesota","Blue Earth County",2,39,852,462,390
050,27,013,"Minnesota","Blue Earth County",2,40,836,444,392
050,27,013,"Minnesota","Blue Earth County",2,41,768,400,368
050,27,013,"Minnesota","Blue Earth County",2,42,738,385,353
050,27,013,"Minnesota","Blue Earth County",2,43,716,374,342
050,27,013,"Minnesota","Blue Earth County",2,44,676,344,332
050,27,013,"Minnesota","Blue Earth County",2,45,642,326,316
050,27,013,"Minnesota","Blue Earth County",2,46,629,318,311
050,27,013,"Minnesota","Blue Earth County",2,47,632,312,320
050,27,013,"Minnesota","Blue Earth County",2,48,618,314,304
050,27,013,"Minnesota","Blue Earth County",2,49,630,322,308
050,27,013,"Minnesota","Blue Earth County",2,50,632,331,301
050,27,013,"Minnesota","Blue Earth County",2,51,634,337,297
050,27,013,"Minnesota","Blue Earth County",2,52,654,341,313
050,27,013,"Minnesota","Blue Earth County",2,53,669,350,319
050,27,013,"Minnesota","Blue Earth County",2,54,647,334,313
050,27,013,"Minnesota","Blue Earth County",2,55,675,346,329
050,27,013,"Minnesota","Blue Earth County",2,56,702,351,351
050,27,013,"Minnesota","Blue Earth County",2,57,714,354,360
050,27,013,"Minnesota","Blue Earth County",2,58,735,360,375
050,27,013,"Minnesota","Blue Earth County",2,59,729,349,380
050,27,013,"Minnesota","Blue Earth County",2,60,741,361,380
050,27,013,"Minnesota","Blue Earth County",2,61,731,358,373
050,27,013,"Minnesota","Blue Earth County",2,62,732,354,378
050,27,013,"Minnesota","Blue Earth County",2,63,732,355,377
050,27,013,"Minnesota","Blue Earth County",2,64,706,349,357
050,27,013,"Minnesota","Blue Earth County",2,65,750,371,379
050,27,013,"Minnesota","Blue Earth County",2,66,680,343,337
050,27,013,"Minnesota","Blue Earth County",2,67,656,336,320
050,27,013,"Minnesota","Blue Earth County",2,68,641,311,330
050,27,013,"Minnesota","Blue Earth County",2,69,594,292,302
050,27,013,"Minnesota","Blue Earth County",2,70,555,270,285
050,27,013,"Minnesota","Blue Earth County",2,71,526,249,277
050,27,013,"Minnesota","Blue Earth County",2,72,504,241,263
050,27,013,"Minnesota","Blue Earth County",2,73,520,249,271
050,27,013,"Minnesota","Blue Earth County",2,74,358,174,184
050,27,013,"Minnesota","Blue Earth County",2,75,345,163,182
050,27,013,"Minnesota","Blue Earth County",2,76,341,157,184
050,27,013,"Minnesota","Blue Earth County",2,77,350,161,189
050,27,013,"Minnesota","Blue Earth County",2,78,299,136,163
050,27,013,"Minnesota","Blue Earth County",2,79,271,121,150
050,27,013,"Minnesota","Blue Earth County",2,80,262,122,140
050,27,013,"Minnesota","Blue Earth County",2,81,246,114,132
050,27,013,"Minnesota","Blue Earth County",2,82,251,106,145
050,27,013,"Minnesota","Blue Earth County",2,83,222,90,132
050,27,013,"Minnesota","Blue Earth County",2,84,202,72,130
050,27,013,"Minnesota","Blue Earth County",2,85,1359,452,907
050,27,013,"Minnesota","Blue Earth County",3,0,712,352,360
050,27,013,"Minnesota","Blue Earth County",3,1,753,405,348
050,27,013,"Minnesota","Blue Earth County",3,2,710,366,344
050,27,013,"Minnesota","Blue Earth County",3,3,729,375,354
050,27,013,"Minnesota","Blue Earth County",3,4,707,362,345
050,27,013,"Minnesota","Blue Earth County",3,5,759,389,370
050,27,013,"Minnesota","Blue Earth County",3,6,777,401,376
050,27,013,"Minnesota","Blue Earth County",3,7,776,424,352
050,27,013,"Minnesota","Blue Earth County",3,8,764,405,359
050,27,013,"Minnesota","Blue Earth County",3,9,796,415,381
050,27,013,"Minnesota","Blue Earth County",3,10,784,425,359
050,27,013,"Minnesota","Blue Earth County",3,11,790,418,372
050,27,013,"Minnesota","Blue Earth County",3,12,815,420,395
050,27,013,"Minnesota","Blue Earth County",3,13,849,450,399
050,27,013,"Minnesota","Blue Earth County",3,14,813,425,388
050,27,013,"Minnesota","Blue Earth County",3,15,791,395,396
050,27,013,"Minnesota","Blue Earth County",3,16,760,393,367
050,27,013,"Minnesota","Blue Earth County",3,17,761,414,347
050,27,013,"Minnesota","Blue Earth County",3,18,1354,659,695
050,27,013,"Minnesota","Blue Earth County",3,19,2458,1127,1331
050,27,013,"Minnesota","Blue Earth County",3,20,2808,1249,1559
050,27,013,"Minnesota","Blue Earth County",3,21,2622,1312,1310
050,27,013,"Minnesota","Blue Earth County",3,22,2330,1212,1118
050,27,013,"Minnesota","Blue Earth County",3,23,1751,910,841
050,27,013,"Minnesota","Blue Earth County",3,24,1414,787,627
050,27,013,"Minnesota","Blue Earth County",3,25,1132,647,485
050,27,013,"Minnesota","Blue Earth County",3,26,1005,544,461
050,27,013,"Minnesota","Blue Earth County",3,27,945,475,470
050,27,013,"Minnesota","Blue Earth County",3,28,856,457,399
050,27,013,"Minnesota","Blue Earth County",3,29,852,462,390
050,27,013,"Minnesota","Blue Earth County",3,30,849,445,404
050,27,013,"Minnesota","Blue Earth County",3,31,811,437,374
050,27,013,"Minnesota","Blue Earth County",3,32,803,410,393
050,27,013,"Minnesota","Blue Earth County",3,33,798,420,378
050,27,013,"Minnesota","Blue Earth County",3,34,846,450,396
050,27,013,"Minnesota","Blue Earth County",3,35,837,435,402
050,27,013,"Minnesota","Blue Earth County",3,36,860,437,423
050,27,013,"Minnesota","Blue Earth County",3,37,824,421,403
050,27,013,"Minnesota","Blue Earth County",3,38,853,450,403
050,27,013,"Minnesota","Blue Earth County",3,39,869,477,392
050,27,013,"Minnesota","Blue Earth County",3,40,882,483,399
050,27,013,"Minnesota","Blue Earth County",3,41,812,435,377
050,27,013,"Minnesota","Blue Earth County",3,42,779,397,382
050,27,013,"Minnesota","Blue Earth County",3,43,727,377,350
050,27,013,"Minnesota","Blue Earth County",3,44,724,373,351
050,27,013,"Minnesota","Blue Earth County",3,45,685,344,341
050,27,013,"Minnesota","Blue Earth County",3,46,642,323,319
050,27,013,"Minnesota","Blue Earth County",3,47,630,322,308
050,27,013,"Minnesota","Blue Earth County",3,48,626,306,320
050,27,013,"Minnesota","Blue Earth County",3,49,618,314,304
050,27,013,"Minnesota","Blue Earth County",3,50,639,319,320
050,27,013,"Minnesota","Blue Earth County",3,51,614,330,284
050,27,013,"Minnesota","Blue Earth County",3,52,621,323,298
050,27,013,"Minnesota","Blue Earth County",3,53,653,345,308
050,27,013,"Minnesota","Blue Earth County",3,54,668,343,325
050,27,013,"Minnesota","Blue Earth County",3,55,665,344,321
050,27,013,"Minnesota","Blue Earth County",3,56,660,338,322
050,27,013,"Minnesota","Blue Earth County",3,57,695,342,353
050,27,013,"Minnesota","Blue Earth County",3,58,710,346,364
050,27,013,"Minnesota","Blue Earth County",3,59,716,355,361
050,27,013,"Minnesota","Blue Earth County",3,60,740,349,391
050,27,013,"Minnesota","Blue Earth County",3,61,729,357,372
050,27,013,"Minnesota","Blue Earth County",3,62,731,357,374
050,27,013,"Minnesota","Blue Earth County",3,63,737,362,375
050,27,013,"Minnesota","Blue Earth County",3,64,720,352,368
050,27,013,"Minnesota","Blue Earth County",3,65,721,361,360
050,27,013,"Minnesota","Blue Earth County",3,66,712,355,357
050,27,013,"Minnesota","Blue Earth County",3,67,674,339,335
050,27,013,"Minnesota","Blue Earth County",3,68,647,328,319
050,27,013,"Minnesota","Blue Earth County",3,69,623,301,322
050,27,013,"Minnesota","Blue Earth County",3,70,593,293,300
050,27,013,"Minnesota","Blue Earth County",3,71,548,259,289
050,27,013,"Minnesota","Blue Earth County",3,72,517,246,271
050,27,013,"Minnesota","Blue Earth County",3,73,502,236,266
050,27,013,"Minnesota","Blue Earth County",3,74,513,248,265
050,27,013,"Minnesota","Blue Earth County",3,75,347,166,181
050,27,013,"Minnesota","Blue Earth County",3,76,330,156,174
050,27,013,"Minnesota","Blue Earth County",3,77,335,154,181
050,27,013,"Minnesota","Blue Earth County",3,78,337,149,188
050,27,013,"Minnesota","Blue Earth County",3,79,281,127,154
050,27,013,"Minnesota","Blue Earth County",3,80,259,120,139
050,27,013,"Minnesota","Blue Earth County",3,81,249,116,133
050,27,013,"Minnesota","Blue Earth County",3,82,245,112,133
050,27,013,"Minnesota","Blue Earth County",3,83,242,99,143
050,27,013,"Minnesota","Blue Earth County",3,84,206,79,127
050,27,013,"Minnesota","Blue Earth County",3,85,1353,452,901
050,27,013,"Minnesota","Blue Earth County",4,0,698,341,357
050,27,013,"Minnesota","Blue Earth County",4,1,726,374,352
050,27,013,"Minnesota","Blue Earth County",4,2,755,401,354
050,27,013,"Minnesota","Blue Earth County",4,3,739,385,354
050,27,013,"Minnesota","Blue Earth County",4,4,728,380,348
050,27,013,"Minnesota","Blue Earth County",4,5,705,357,348
050,27,013,"Minnesota","Blue Earth County",4,6,768,397,371
050,27,013,"Minnesota","Blue Earth County",4,7,769,401,368
050,27,013,"Minnesota","Blue Earth County",4,8,764,410,354
050,27,013,"Minnesota","Blue Earth County",4,9,760,398,362
050,27,013,"Minnesota","Blue Earth County",4,10,797,416,381
050,27,013,"Minnesota","Blue Earth County",4,11,758,412,346
050,27,013,"Minnesota","Blue Earth County",4,12,793,428,365
050,27,013,"Minnesota","Blue Earth County",4,13,809,417,392
050,27,013,"Minnesota","Blue Earth County",4,14,861,456,405
050,27,013,"Minnesota","Blue Earth County",4,15,821,437,384
050,27,013,"Minnesota","Blue Earth County",4,16,789,391,398
050,27,013,"Minnesota","Blue Earth County",4,17,794,425,369
050,27,013,"Minnesota","Blue Earth County",4,18,1361,672,689
050,27,013,"Minnesota","Blue Earth County",4,19,2409,1098,1311
050,27,013,"Minnesota","Blue Earth County",4,20,2786,1260,1526
050,27,013,"Minnesota","Blue Earth County",4,21,2626,1328,1298
050,27,013,"Minnesota","Blue Earth County",4,22,2384,1226,1158
050,27,013,"Minnesota","Blue Earth County",4,23,1751,917,834
050,27,013,"Minnesota","Blue Earth County",4,24,1398,796,602
050,27,013,"Minnesota","Blue Earth County",4,25,1145,630,515
050,27,013,"Minnesota","Blue Earth County",4,26,1001,561,440
050,27,013,"Minnesota","Blue Earth County",4,27,883,451,432
050,27,013,"Minnesota","Blue Earth County",4,28,891,427,464
050,27,013,"Minnesota","Blue Earth County",4,29,833,442,391
050,27,013,"Minnesota","Blue Earth County",4,30,845,456,389
050,27,013,"Minnesota","Blue Earth County",4,31,815,412,403
050,27,013,"Minnesota","Blue Earth County",4,32,798,428,370
050,27,013,"Minnesota","Blue Earth County",4,33,811,409,402
050,27,013,"Minnesota","Blue Earth County",4,34,814,430,384
050,27,013,"Minnesota","Blue Earth County",4,35,843,444,399
050,27,013,"Minnesota","Blue Earth County",4,36,814,413,401
050,27,013,"Minnesota","Blue Earth County",4,37,880,449,431
050,27,013,"Minnesota","Blue Earth County",4,38,821,417,404
050,27,013,"Minnesota","Blue Earth County",4,39,871,463,408
050,27,013,"Minnesota","Blue Earth County",4,40,863,467,396
050,27,013,"Minnesota","Blue Earth County",4,41,840,449,391
050,27,013,"Minnesota","Blue Earth County",4,42,811,436,375
050,27,013,"Minnesota","Blue Earth County",4,43,783,404,379
050,27,013,"Minnesota","Blue Earth County",4,44,731,378,353
050,27,013,"Minnesota","Blue Earth County",4,45,727,375,352
050,27,013,"Minnesota","Blue Earth County",4,46,681,347,334
050,27,013,"Minnesota","Blue Earth County",4,47,651,321,330
050,27,013,"Minnesota","Blue Earth County",4,48,625,315,310
050,27,013,"Minnesota","Blue Earth County",4,49,618,302,316
050,27,013,"Minnesota","Blue Earth County",4,50,620,317,303
050,27,013,"Minnesota","Blue Earth County",4,51,629,315,314
050,27,013,"Minnesota","Blue Earth County",4,52,623,335,288
050,27,013,"Minnesota","Blue Earth County",4,53,629,332,297
050,27,013,"Minnesota","Blue Earth County",4,54,642,333,309
050,27,013,"Minnesota","Blue Earth County",4,55,688,358,330
050,27,013,"Minnesota","Blue Earth County",4,56,644,339,305
050,27,013,"Minnesota","Blue Earth County",4,57,678,345,333
050,27,013,"Minnesota","Blue Earth County",4,58,680,336,344
050,27,013,"Minnesota","Blue Earth County",4,59,723,359,364
050,27,013,"Minnesota","Blue Earth County",4,60,726,352,374
050,27,013,"Minnesota","Blue Earth County",4,61,717,334,383
050,27,013,"Minnesota","Blue Earth County",4,62,734,363,371
050,27,013,"Minnesota","Blue Earth County",4,63,723,357,366
050,27,013,"Minnesota","Blue Earth County",4,64,736,365,371
050,27,013,"Minnesota","Blue Earth County",4,65,718,347,371
050,27,013,"Minnesota","Blue Earth County",4,66,683,341,342
050,27,013,"Minnesota","Blue Earth County",4,67,703,347,356
050,27,013,"Minnesota","Blue Earth County",4,68,655,325,330
050,27,013,"Minnesota","Blue Earth County",4,69,631,321,310
050,27,013,"Minnesota","Blue Earth County",4,70,616,302,314
050,27,013,"Minnesota","Blue Earth County",4,71,572,275,297
050,27,013,"Minnesota","Blue Earth County",4,72,524,245,279
050,27,013,"Minnesota","Blue Earth County",4,73,508,238,270
050,27,013,"Minnesota","Blue Earth County",4,74,493,233,260
050,27,013,"Minnesota","Blue Earth County",4,75,493,237,256
050,27,013,"Minnesota","Blue Earth County",4,76,337,163,174
050,27,013,"Minnesota","Blue Earth County",4,77,315,146,169
050,27,013,"Minnesota","Blue Earth County",4,78,325,144,181
050,27,013,"Minnesota","Blue Earth County",4,79,312,130,182
050,27,013,"Minnesota","Blue Earth County",4,80,280,128,152
050,27,013,"Minnesota","Blue Earth County",4,81,251,114,137
050,27,013,"Minnesota","Blue Earth County",4,82,244,114,130
050,27,013,"Minnesota","Blue Earth County",4,83,232,110,122
050,27,013,"Minnesota","Blue Earth County",4,84,232,93,139
050,27,013,"Minnesota","Blue Earth County",4,85,1343,446,897
050,27,013,"Minnesota","Blue Earth County",5,0,696,342,354
050,27,013,"Minnesota","Blue Earth County",5,1,676,336,340
050,27,013,"Minnesota","Blue Earth County",5,2,707,355,352
050,27,013,"Minnesota","Blue Earth County",5,3,747,399,348
050,27,013,"Minnesota","Blue Earth County",5,4,749,392,357
050,27,013,"Minnesota","Blue Earth County",5,5,724,384,340
050,27,013,"Minnesota","Blue Earth County",5,6,717,351,366
050,27,013,"Minnesota","Blue Earth County",5,7,778,395,383
050,27,013,"Minnesota","Blue Earth County",5,8,776,402,374
050,27,013,"Minnesota","Blue Earth County",5,9,758,410,348
050,27,013,"Minnesota","Blue Earth County",5,10,750,395,355
050,27,013,"Minnesota","Blue Earth County",5,11,781,399,382
050,27,013,"Minnesota","Blue Earth County",5,12,762,413,349
050,27,013,"Minnesota","Blue Earth County",5,13,786,423,363
050,27,013,"Minnesota","Blue Earth County",5,14,829,417,412
050,27,013,"Minnesota","Blue Earth County",5,15,875,459,416
050,27,013,"Minnesota","Blue Earth County",5,16,815,443,372
050,27,013,"Minnesota","Blue Earth County",5,17,812,418,394
050,27,013,"Minnesota","Blue Earth County",5,18,1521,731,790
050,27,013,"Minnesota","Blue Earth County",5,19,2744,1283,1461
050,27,013,"Minnesota","Blue Earth County",5,20,2812,1271,1541
050,27,013,"Minnesota","Blue Earth County",5,21,2610,1320,1290
050,27,013,"Minnesota","Blue Earth County",5,22,2446,1278,1168
050,27,013,"Minnesota","Blue Earth County",5,23,1782,906,876
050,27,013,"Minnesota","Blue Earth County",5,24,1399,790,609
050,27,013,"Minnesota","Blue Earth County",5,25,1123,624,499
050,27,013,"Minnesota","Blue Earth County",5,26,997,545,452
050,27,013,"Minnesota","Blue Earth County",5,27,862,475,387
050,27,013,"Minnesota","Blue Earth County",5,28,810,405,405
050,27,013,"Minnesota","Blue Earth County",5,29,818,385,433
050,27,013,"Minnesota","Blue Earth County",5,30,827,444,383
050,27,013,"Minnesota","Blue Earth County",5,31,805,431,374
050,27,013,"Minnesota","Blue Earth County",5,32,797,397,400
050,27,013,"Minnesota","Blue Earth County",5,33,797,428,369
050,27,013,"Minnesota","Blue Earth County",5,34,805,408,397
050,27,013,"Minnesota","Blue Earth County",5,35,818,437,381
050,27,013,"Minnesota","Blue Earth County",5,36,817,426,391
050,27,013,"Minnesota","Blue Earth County",5,37,811,410,401
050,27,013,"Minnesota","Blue Earth County",5,38,846,432,414
050,27,013,"Minnesota","Blue Earth County",5,39,813,411,402
050,27,013,"Minnesota","Blue Earth County",5,40,891,473,418
050,27,013,"Minnesota","Blue Earth County",5,41,844,456,388
050,27,013,"Minnesota","Blue Earth County",5,42,836,445,391
050,27,013,"Minnesota","Blue Earth County",5,43,804,431,373
050,27,013,"Minnesota","Blue Earth County",5,44,781,407,374
050,27,013,"Minnesota","Blue Earth County",5,45,727,375,352
050,27,013,"Minnesota","Blue Earth County",5,46,716,370,346
050,27,013,"Minnesota","Blue Earth County",5,47,663,343,320
050,27,013,"Minnesota","Blue Earth County",5,48,637,311,326
050,27,013,"Minnesota","Blue Earth County",5,49,620,309,311
050,27,013,"Minnesota","Blue Earth County",5,50,612,299,313
050,27,013,"Minnesota","Blue Earth County",5,51,602,300,302
050,27,013,"Minnesota","Blue Earth County",5,52,624,312,312
050,27,013,"Minnesota","Blue Earth County",5,53,621,333,288
050,27,013,"Minnesota","Blue Earth County",5,54,628,327,301
050,27,013,"Minnesota","Blue Earth County",5,55,642,332,310
050,27,013,"Minnesota","Blue Earth County",5,56,665,343,322
050,27,013,"Minnesota","Blue Earth County",5,57,642,336,306
050,27,013,"Minnesota","Blue Earth County",5,58,667,343,324
050,27,013,"Minnesota","Blue Earth County",5,59,666,334,332
050,27,013,"Minnesota","Blue Earth County",5,60,710,351,359
050,27,013,"Minnesota","Blue Earth County",5,61,708,339,369
050,27,013,"Minnesota","Blue Earth County",5,62,710,334,376
050,27,013,"Minnesota","Blue Earth County",5,63,721,357,364
050,27,013,"Minnesota","Blue Earth County",5,64,724,367,357
050,27,013,"Minnesota","Blue Earth County",5,65,745,367,378
050,27,013,"Minnesota","Blue Earth County",5,66,686,325,361
050,27,013,"Minnesota","Blue Earth County",5,67,675,336,339
050,27,013,"Minnesota","Blue Earth County",5,68,680,327,353
050,27,013,"Minnesota","Blue Earth County",5,69,651,325,326
050,27,013,"Minnesota","Blue Earth County",5,70,620,316,304
050,27,013,"Minnesota","Blue Earth County",5,71,591,278,313
050,27,013,"Minnesota","Blue Earth County",5,72,562,273,289
050,27,013,"Minnesota","Blue Earth County",5,73,522,242,280
050,27,013,"Minnesota","Blue Earth County",5,74,507,238,269
050,27,013,"Minnesota","Blue Earth County",5,75,472,212,260
050,27,013,"Minnesota","Blue Earth County",5,76,486,239,247
050,27,013,"Minnesota","Blue Earth County",5,77,331,158,173
050,27,013,"Minnesota","Blue Earth County",5,78,308,138,170
050,27,013,"Minnesota","Blue Earth County",5,79,306,138,168
050,27,013,"Minnesota","Blue Earth County",5,80,295,125,170
050,27,013,"Minnesota","Blue Earth County",5,81,264,119,145
050,27,013,"Minnesota","Blue Earth County",5,82,245,112,133
050,27,013,"Minnesota","Blue Earth County",5,83,225,109,116
050,27,013,"Minnesota","Blue Earth County",5,84,216,100,116
050,27,013,"Minnesota","Blue Earth County",5,85,1360,464,896
050,27,015,"Minnesota","Brown County",1,0,271,139,132
050,27,015,"Minnesota","Brown County",1,1,285,143,142
050,27,015,"Minnesota","Brown County",1,2,274,140,134
050,27,015,"Minnesota","Brown County",1,3,326,165,161
050,27,015,"Minnesota","Brown County",1,4,296,160,136
050,27,015,"Minnesota","Brown County",1,5,287,162,125
050,27,015,"Minnesota","Brown County",1,6,309,165,144
050,27,015,"Minnesota","Brown County",1,7,305,153,152
050,27,015,"Minnesota","Brown County",1,8,321,161,160
050,27,015,"Minnesota","Brown County",1,9,325,166,159
050,27,015,"Minnesota","Brown County",1,10,338,180,158
050,27,015,"Minnesota","Brown County",1,11,351,204,147
050,27,015,"Minnesota","Brown County",1,12,366,189,177
050,27,015,"Minnesota","Brown County",1,13,362,197,165
050,27,015,"Minnesota","Brown County",1,14,340,185,155
050,27,015,"Minnesota","Brown County",1,15,327,175,152
050,27,015,"Minnesota","Brown County",1,16,357,185,172
050,27,015,"Minnesota","Brown County",1,17,340,175,165
050,27,015,"Minnesota","Brown County",1,18,331,171,160
050,27,015,"Minnesota","Brown County",1,19,388,196,192
050,27,015,"Minnesota","Brown County",1,20,406,215,191
050,27,015,"Minnesota","Brown County",1,21,405,197,208
050,27,015,"Minnesota","Brown County",1,22,347,185,162
050,27,015,"Minnesota","Brown County",1,23,283,142,141
050,27,015,"Minnesota","Brown County",1,24,270,144,126
050,27,015,"Minnesota","Brown County",1,25,276,153,123
050,27,015,"Minnesota","Brown County",1,26,249,135,114
050,27,015,"Minnesota","Brown County",1,27,256,130,126
050,27,015,"Minnesota","Brown County",1,28,260,126,134
050,27,015,"Minnesota","Brown County",1,29,269,115,154
050,27,015,"Minnesota","Brown County",1,30,260,124,136
050,27,015,"Minnesota","Brown County",1,31,239,130,109
050,27,015,"Minnesota","Brown County",1,32,255,129,126
050,27,015,"Minnesota","Brown County",1,33,284,138,146
050,27,015,"Minnesota","Brown County",1,34,307,157,150
050,27,015,"Minnesota","Brown County",1,35,308,162,146
050,27,015,"Minnesota","Brown County",1,36,332,172,160
050,27,015,"Minnesota","Brown County",1,37,332,166,166
050,27,015,"Minnesota","Brown County",1,38,315,165,150
050,27,015,"Minnesota","Brown County",1,39,306,160,146
050,27,015,"Minnesota","Brown County",1,40,314,162,152
050,27,015,"Minnesota","Brown County",1,41,295,154,141
050,27,015,"Minnesota","Brown County",1,42,274,131,143
050,27,015,"Minnesota","Brown County",1,43,260,126,134
050,27,015,"Minnesota","Brown County",1,44,234,126,108
050,27,015,"Minnesota","Brown County",1,45,257,138,119
050,27,015,"Minnesota","Brown County",1,46,255,135,120
050,27,015,"Minnesota","Brown County",1,47,262,120,142
050,27,015,"Minnesota","Brown County",1,48,255,129,126
050,27,015,"Minnesota","Brown County",1,49,266,136,130
050,27,015,"Minnesota","Brown County",1,50,271,138,133
050,27,015,"Minnesota","Brown County",1,51,281,137,144
050,27,015,"Minnesota","Brown County",1,52,274,136,138
050,27,015,"Minnesota","Brown County",1,53,301,150,151
050,27,015,"Minnesota","Brown County",1,54,312,157,155
050,27,015,"Minnesota","Brown County",1,55,336,170,166
050,27,015,"Minnesota","Brown County",1,56,356,184,172
050,27,015,"Minnesota","Brown County",1,57,396,190,206
050,27,015,"Minnesota","Brown County",1,58,407,197,210
050,27,015,"Minnesota","Brown County",1,59,396,200,196
050,27,015,"Minnesota","Brown County",1,60,396,205,191
050,27,015,"Minnesota","Brown County",1,61,410,204,206
050,27,015,"Minnesota","Brown County",1,62,408,192,216
050,27,015,"Minnesota","Brown County",1,63,382,192,190
050,27,015,"Minnesota","Brown County",1,64,366,182,184
050,27,015,"Minnesota","Brown County",1,65,367,173,194
050,27,015,"Minnesota","Brown County",1,66,358,179,179
050,27,015,"Minnesota","Brown County",1,67,325,167,158
050,27,015,"Minnesota","Brown County",1,68,317,162,155
050,27,015,"Minnesota","Brown County",1,69,292,149,143
050,27,015,"Minnesota","Brown County",1,70,273,144,129
050,27,015,"Minnesota","Brown County",1,71,270,138,132
050,27,015,"Minnesota","Brown County",1,72,272,130,142
050,27,015,"Minnesota","Brown County",1,73,275,132,143
050,27,015,"Minnesota","Brown County",1,74,203,96,107
050,27,015,"Minnesota","Brown County",1,75,207,101,106
050,27,015,"Minnesota","Brown County",1,76,190,91,99
050,27,015,"Minnesota","Brown County",1,77,198,91,107
050,27,015,"Minnesota","Brown County",1,78,179,78,101
050,27,015,"Minnesota","Brown County",1,79,166,76,90
050,27,015,"Minnesota","Brown County",1,80,162,70,92
050,27,015,"Minnesota","Brown County",1,81,149,66,83
050,27,015,"Minnesota","Brown County",1,82,146,69,77
050,27,015,"Minnesota","Brown County",1,83,130,65,65
050,27,015,"Minnesota","Brown County",1,84,116,51,65
050,27,015,"Minnesota","Brown County",1,85,903,328,575
050,27,015,"Minnesota","Brown County",2,0,280,141,139
050,27,015,"Minnesota","Brown County",2,1,280,142,138
050,27,015,"Minnesota","Brown County",2,2,280,144,136
050,27,015,"Minnesota","Brown County",2,3,311,158,153
050,27,015,"Minnesota","Brown County",2,4,305,163,142
050,27,015,"Minnesota","Brown County",2,5,289,161,128
050,27,015,"Minnesota","Brown County",2,6,304,163,141
050,27,015,"Minnesota","Brown County",2,7,306,155,151
050,27,015,"Minnesota","Brown County",2,8,318,159,159
050,27,015,"Minnesota","Brown County",2,9,326,165,161
050,27,015,"Minnesota","Brown County",2,10,334,176,158
050,27,015,"Minnesota","Brown County",2,11,348,198,150
050,27,015,"Minnesota","Brown County",2,12,363,193,170
050,27,015,"Minnesota","Brown County",2,13,358,193,165
050,27,015,"Minnesota","Brown County",2,14,346,189,157
050,27,015,"Minnesota","Brown County",2,15,332,179,153
050,27,015,"Minnesota","Brown County",2,16,353,184,169
050,27,015,"Minnesota","Brown County",2,17,347,179,168
050,27,015,"Minnesota","Brown County",2,18,336,172,164
050,27,015,"Minnesota","Brown County",2,19,381,194,187
050,27,015,"Minnesota","Brown County",2,20,409,216,193
050,27,015,"Minnesota","Brown County",2,21,413,201,212
050,27,015,"Minnesota","Brown County",2,22,348,185,163
050,27,015,"Minnesota","Brown County",2,23,282,141,141
050,27,015,"Minnesota","Brown County",2,24,265,144,121
050,27,015,"Minnesota","Brown County",2,25,272,152,120
050,27,015,"Minnesota","Brown County",2,26,257,138,119
050,27,015,"Minnesota","Brown County",2,27,256,131,125
050,27,015,"Minnesota","Brown County",2,28,260,128,132
050,27,015,"Minnesota","Brown County",2,29,270,118,152
050,27,015,"Minnesota","Brown County",2,30,261,123,138
050,27,015,"Minnesota","Brown County",2,31,242,127,115
050,27,015,"Minnesota","Brown County",2,32,250,128,122
050,27,015,"Minnesota","Brown County",2,33,279,137,142
050,27,015,"Minnesota","Brown County",2,34,301,152,149
050,27,015,"Minnesota","Brown County",2,35,310,162,148
050,27,015,"Minnesota","Brown County",2,36,323,168,155
050,27,015,"Minnesota","Brown County",2,37,333,168,165
050,27,015,"Minnesota","Brown County",2,38,319,165,154
050,27,015,"Minnesota","Brown County",2,39,305,159,146
050,27,015,"Minnesota","Brown County",2,40,315,163,152
050,27,015,"Minnesota","Brown County",2,41,299,155,144
050,27,015,"Minnesota","Brown County",2,42,276,136,140
050,27,015,"Minnesota","Brown County",2,43,264,128,136
050,27,015,"Minnesota","Brown County",2,44,242,126,116
050,27,015,"Minnesota","Brown County",2,45,254,137,117
050,27,015,"Minnesota","Brown County",2,46,255,136,119
050,27,015,"Minnesota","Brown County",2,47,259,123,136
050,27,015,"Minnesota","Brown County",2,48,255,126,129
050,27,015,"Minnesota","Brown County",2,49,265,135,130
050,27,015,"Minnesota","Brown County",2,50,269,137,132
050,27,015,"Minnesota","Brown County",2,51,277,136,141
050,27,015,"Minnesota","Brown County",2,52,271,134,137
050,27,015,"Minnesota","Brown County",2,53,295,146,149
050,27,015,"Minnesota","Brown County",2,54,305,153,152
050,27,015,"Minnesota","Brown County",2,55,328,167,161
050,27,015,"Minnesota","Brown County",2,56,352,179,173
050,27,015,"Minnesota","Brown County",2,57,386,188,198
050,27,015,"Minnesota","Brown County",2,58,404,197,207
050,27,015,"Minnesota","Brown County",2,59,401,200,201
050,27,015,"Minnesota","Brown County",2,60,394,204,190
050,27,015,"Minnesota","Brown County",2,61,402,201,201
050,27,015,"Minnesota","Brown County",2,62,407,193,214
050,27,015,"Minnesota","Brown County",2,63,391,195,196
050,27,015,"Minnesota","Brown County",2,64,367,182,185
050,27,015,"Minnesota","Brown County",2,65,368,176,192
050,27,015,"Minnesota","Brown County",2,66,357,177,180
050,27,015,"Minnesota","Brown County",2,67,331,169,162
050,27,015,"Minnesota","Brown County",2,68,315,162,153
050,27,015,"Minnesota","Brown County",2,69,301,152,149
050,27,015,"Minnesota","Brown County",2,70,276,144,132
050,27,015,"Minnesota","Brown County",2,71,271,140,131
050,27,015,"Minnesota","Brown County",2,72,265,130,135
050,27,015,"Minnesota","Brown County",2,73,286,137,149
050,27,015,"Minnesota","Brown County",2,74,205,98,107
050,27,015,"Minnesota","Brown County",2,75,207,99,108
050,27,015,"Minnesota","Brown County",2,76,192,92,100
050,27,015,"Minnesota","Brown County",2,77,202,94,108
050,27,015,"Minnesota","Brown County",2,78,179,81,98
050,27,015,"Minnesota","Brown County",2,79,168,75,93
050,27,015,"Minnesota","Brown County",2,80,161,69,92
050,27,015,"Minnesota","Brown County",2,81,148,65,83
050,27,015,"Minnesota","Brown County",2,82,149,69,80
050,27,015,"Minnesota","Brown County",2,83,130,65,65
050,27,015,"Minnesota","Brown County",2,84,119,54,65
050,27,015,"Minnesota","Brown County",2,85,899,329,570
050,27,015,"Minnesota","Brown County",3,0,260,147,113
050,27,015,"Minnesota","Brown County",3,1,276,132,144
050,27,015,"Minnesota","Brown County",3,2,299,156,143
050,27,015,"Minnesota","Brown County",3,3,277,143,134
050,27,015,"Minnesota","Brown County",3,4,325,168,157
050,27,015,"Minnesota","Brown County",3,5,300,162,138
050,27,015,"Minnesota","Brown County",3,6,304,169,135
050,27,015,"Minnesota","Brown County",3,7,314,163,151
050,27,015,"Minnesota","Brown County",3,8,299,149,150
050,27,015,"Minnesota","Brown County",3,9,313,155,158
050,27,015,"Minnesota","Brown County",3,10,333,167,166
050,27,015,"Minnesota","Brown County",3,11,348,184,164
050,27,015,"Minnesota","Brown County",3,12,345,201,144
050,27,015,"Minnesota","Brown County",3,13,370,195,175
050,27,015,"Minnesota","Brown County",3,14,360,196,164
050,27,015,"Minnesota","Brown County",3,15,344,187,157
050,27,015,"Minnesota","Brown County",3,16,331,181,150
050,27,015,"Minnesota","Brown County",3,17,350,180,170
050,27,015,"Minnesota","Brown County",3,18,356,177,179
050,27,015,"Minnesota","Brown County",3,19,361,188,173
050,27,015,"Minnesota","Brown County",3,20,403,208,195
050,27,015,"Minnesota","Brown County",3,21,419,203,216
050,27,015,"Minnesota","Brown County",3,22,356,184,172
050,27,015,"Minnesota","Brown County",3,23,283,137,146
050,27,015,"Minnesota","Brown County",3,24,237,133,104
050,27,015,"Minnesota","Brown County",3,25,284,155,129
050,27,015,"Minnesota","Brown County",3,26,278,153,125
050,27,015,"Minnesota","Brown County",3,27,262,143,119
050,27,015,"Minnesota","Brown County",3,28,243,122,121
050,27,015,"Minnesota","Brown County",3,29,269,132,137
050,27,015,"Minnesota","Brown County",3,30,273,125,148
050,27,015,"Minnesota","Brown County",3,31,274,134,140
050,27,015,"Minnesota","Brown County",3,32,247,133,114
050,27,015,"Minnesota","Brown County",3,33,255,136,119
050,27,015,"Minnesota","Brown County",3,34,290,147,143
050,27,015,"Minnesota","Brown County",3,35,297,149,148
050,27,015,"Minnesota","Brown County",3,36,327,171,156
050,27,015,"Minnesota","Brown County",3,37,323,166,157
050,27,015,"Minnesota","Brown County",3,38,335,178,157
050,27,015,"Minnesota","Brown County",3,39,317,166,151
050,27,015,"Minnesota","Brown County",3,40,311,161,150
050,27,015,"Minnesota","Brown County",3,41,317,162,155
050,27,015,"Minnesota","Brown County",3,42,291,147,144
050,27,015,"Minnesota","Brown County",3,43,276,137,139
050,27,015,"Minnesota","Brown County",3,44,268,132,136
050,27,015,"Minnesota","Brown County",3,45,246,130,116
050,27,015,"Minnesota","Brown County",3,46,262,142,120
050,27,015,"Minnesota","Brown County",3,47,256,133,123
050,27,015,"Minnesota","Brown County",3,48,263,132,131
050,27,015,"Minnesota","Brown County",3,49,245,119,126
050,27,015,"Minnesota","Brown County",3,50,267,136,131
050,27,015,"Minnesota","Brown County",3,51,269,138,131
050,27,015,"Minnesota","Brown County",3,52,290,142,148
050,27,015,"Minnesota","Brown County",3,53,270,133,137
050,27,015,"Minnesota","Brown County",3,54,284,142,142
050,27,015,"Minnesota","Brown County",3,55,308,153,155
050,27,015,"Minnesota","Brown County",3,56,334,171,163
050,27,015,"Minnesota","Brown County",3,57,351,178,173
050,27,015,"Minnesota","Brown County",3,58,385,186,199
050,27,015,"Minnesota","Brown County",3,59,403,197,206
050,27,015,"Minnesota","Brown County",3,60,397,197,200
050,27,015,"Minnesota","Brown County",3,61,385,200,185
050,27,015,"Minnesota","Brown County",3,62,404,199,205
050,27,015,"Minnesota","Brown County",3,63,403,192,211
050,27,015,"Minnesota","Brown County",3,64,379,187,192
050,27,015,"Minnesota","Brown County",3,65,355,175,180
050,27,015,"Minnesota","Brown County",3,66,360,175,185
050,27,015,"Minnesota","Brown County",3,67,347,167,180
050,27,015,"Minnesota","Brown County",3,68,330,167,163
050,27,015,"Minnesota","Brown County",3,69,310,159,151
050,27,015,"Minnesota","Brown County",3,70,284,140,144
050,27,015,"Minnesota","Brown County",3,71,274,147,127
050,27,015,"Minnesota","Brown County",3,72,263,135,128
050,27,015,"Minnesota","Brown County",3,73,262,128,134
050,27,015,"Minnesota","Brown County",3,74,276,126,150
050,27,015,"Minnesota","Brown County",3,75,193,88,105
050,27,015,"Minnesota","Brown County",3,76,200,94,106
050,27,015,"Minnesota","Brown County",3,77,190,88,102
050,27,015,"Minnesota","Brown County",3,78,199,97,102
050,27,015,"Minnesota","Brown County",3,79,170,76,94
050,27,015,"Minnesota","Brown County",3,80,159,66,93
050,27,015,"Minnesota","Brown County",3,81,152,65,87
050,27,015,"Minnesota","Brown County",3,82,140,60,80
050,27,015,"Minnesota","Brown County",3,83,132,62,70
050,27,015,"Minnesota","Brown County",3,84,131,63,68
050,27,015,"Minnesota","Brown County",3,85,871,323,548
050,27,015,"Minnesota","Brown County",4,0,266,147,119
050,27,015,"Minnesota","Brown County",4,1,277,162,115
050,27,015,"Minnesota","Brown County",4,2,270,132,138
050,27,015,"Minnesota","Brown County",4,3,303,163,140
050,27,015,"Minnesota","Brown County",4,4,289,151,138
050,27,015,"Minnesota","Brown County",4,5,329,171,158
050,27,015,"Minnesota","Brown County",4,6,297,160,137
050,27,015,"Minnesota","Brown County",4,7,302,174,128
050,27,015,"Minnesota","Brown County",4,8,312,168,144
050,27,015,"Minnesota","Brown County",4,9,303,148,155
050,27,015,"Minnesota","Brown County",4,10,315,153,162
050,27,015,"Minnesota","Brown County",4,11,333,178,155
050,27,015,"Minnesota","Brown County",4,12,341,178,163
050,27,015,"Minnesota","Brown County",4,13,347,200,147
050,27,015,"Minnesota","Brown County",4,14,369,191,178
050,27,015,"Minnesota","Brown County",4,15,351,192,159
050,27,015,"Minnesota","Brown County",4,16,351,192,159
050,27,015,"Minnesota","Brown County",4,17,338,185,153
050,27,015,"Minnesota","Brown County",4,18,352,175,177
050,27,015,"Minnesota","Brown County",4,19,371,189,182
050,27,015,"Minnesota","Brown County",4,20,375,203,172
050,27,015,"Minnesota","Brown County",4,21,420,202,218
050,27,015,"Minnesota","Brown County",4,22,364,186,178
050,27,015,"Minnesota","Brown County",4,23,287,141,146
050,27,015,"Minnesota","Brown County",4,24,244,115,129
050,27,015,"Minnesota","Brown County",4,25,237,140,97
050,27,015,"Minnesota","Brown County",4,26,277,142,135
050,27,015,"Minnesota","Brown County",4,27,280,152,128
050,27,015,"Minnesota","Brown County",4,28,277,156,121
050,27,015,"Minnesota","Brown County",4,29,258,132,126
050,27,015,"Minnesota","Brown County",4,30,261,128,133
050,27,015,"Minnesota","Brown County",4,31,264,116,148
050,27,015,"Minnesota","Brown County",4,32,281,136,145
050,27,015,"Minnesota","Brown County",4,33,242,128,114
050,27,015,"Minnesota","Brown County",4,34,260,142,118
050,27,015,"Minnesota","Brown County",4,35,288,144,144
050,27,015,"Minnesota","Brown County",4,36,298,147,151
050,27,015,"Minnesota","Brown County",4,37,325,169,156
050,27,015,"Minnesota","Brown County",4,38,333,174,159
050,27,015,"Minnesota","Brown County",4,39,349,183,166
050,27,015,"Minnesota","Brown County",4,40,323,167,156
050,27,015,"Minnesota","Brown County",4,41,306,162,144
050,27,015,"Minnesota","Brown County",4,42,319,159,160
050,27,015,"Minnesota","Brown County",4,43,293,146,147
050,27,015,"Minnesota","Brown County",4,44,273,133,140
050,27,015,"Minnesota","Brown County",4,45,259,126,133
050,27,015,"Minnesota","Brown County",4,46,241,126,115
050,27,015,"Minnesota","Brown County",4,47,263,143,120
050,27,015,"Minnesota","Brown County",4,48,256,139,117
050,27,015,"Minnesota","Brown County",4,49,264,131,133
050,27,015,"Minnesota","Brown County",4,50,243,119,124
050,27,015,"Minnesota","Brown County",4,51,258,134,124
050,27,015,"Minnesota","Brown County",4,52,258,135,123
050,27,015,"Minnesota","Brown County",4,53,292,145,147
050,27,015,"Minnesota","Brown County",4,54,256,130,126
050,27,015,"Minnesota","Brown County",4,55,291,145,146
050,27,015,"Minnesota","Brown County",4,56,314,155,159
050,27,015,"Minnesota","Brown County",4,57,320,166,154
050,27,015,"Minnesota","Brown County",4,58,348,181,167
050,27,015,"Minnesota","Brown County",4,59,381,183,198
050,27,015,"Minnesota","Brown County",4,60,401,196,205
050,27,015,"Minnesota","Brown County",4,61,393,196,197
050,27,015,"Minnesota","Brown County",4,62,389,200,189
050,27,015,"Minnesota","Brown County",4,63,396,192,204
050,27,015,"Minnesota","Brown County",4,64,394,183,211
050,27,015,"Minnesota","Brown County",4,65,364,180,184
050,27,015,"Minnesota","Brown County",4,66,349,174,175
050,27,015,"Minnesota","Brown County",4,67,363,174,189
050,27,015,"Minnesota","Brown County",4,68,352,174,178
050,27,015,"Minnesota","Brown County",4,69,325,160,165
050,27,015,"Minnesota","Brown County",4,70,300,150,150
050,27,015,"Minnesota","Brown County",4,71,277,137,140
050,27,015,"Minnesota","Brown County",4,72,270,146,124
050,27,015,"Minnesota","Brown County",4,73,253,131,122
050,27,015,"Minnesota","Brown County",4,74,252,121,131
050,27,015,"Minnesota","Brown County",4,75,266,117,149
050,27,015,"Minnesota","Brown County",4,76,185,81,104
050,27,015,"Minnesota","Brown County",4,77,200,93,107
050,27,015,"Minnesota","Brown County",4,78,183,85,98
050,27,015,"Minnesota","Brown County",4,79,194,94,100
050,27,015,"Minnesota","Brown County",4,80,160,64,96
050,27,015,"Minnesota","Brown County",4,81,147,62,85
050,27,015,"Minnesota","Brown County",4,82,144,61,83
050,27,015,"Minnesota","Brown County",4,83,123,54,69
050,27,015,"Minnesota","Brown County",4,84,129,59,70
050,27,015,"Minnesota","Brown County",4,85,859,317,542
050,27,015,"Minnesota","Brown County",5,0,266,146,120
050,27,015,"Minnesota","Brown County",5,1,261,143,118
050,27,015,"Minnesota","Brown County",5,2,281,161,120
050,27,015,"Minnesota","Brown County",5,3,264,128,136
050,27,015,"Minnesota","Brown County",5,4,313,166,147
050,27,015,"Minnesota","Brown County",5,5,278,140,138
050,27,015,"Minnesota","Brown County",5,6,332,177,155
050,27,015,"Minnesota","Brown County",5,7,308,167,141
050,27,015,"Minnesota","Brown County",5,8,315,176,139
050,27,015,"Minnesota","Brown County",5,9,318,171,147
050,27,015,"Minnesota","Brown County",5,10,312,158,154
050,27,015,"Minnesota","Brown County",5,11,326,156,170
050,27,015,"Minnesota","Brown County",5,12,329,178,151
050,27,015,"Minnesota","Brown County",5,13,352,188,164
050,27,015,"Minnesota","Brown County",5,14,348,201,147
050,27,015,"Minnesota","Brown County",5,15,371,189,182
050,27,015,"Minnesota","Brown County",5,16,361,198,163
050,27,015,"Minnesota","Brown County",5,17,351,189,162
050,27,015,"Minnesota","Brown County",5,18,340,189,151
050,27,015,"Minnesota","Brown County",5,19,350,178,172
050,27,015,"Minnesota","Brown County",5,20,372,200,172
050,27,015,"Minnesota","Brown County",5,21,372,191,181
050,27,015,"Minnesota","Brown County",5,22,365,177,188
050,27,015,"Minnesota","Brown County",5,23,306,146,160
050,27,015,"Minnesota","Brown County",5,24,253,134,119
050,27,015,"Minnesota","Brown County",5,25,256,124,132
050,27,015,"Minnesota","Brown County",5,26,224,129,95
050,27,015,"Minnesota","Brown County",5,27,266,133,133
050,27,015,"Minnesota","Brown County",5,28,274,150,124
050,27,015,"Minnesota","Brown County",5,29,269,145,124
050,27,015,"Minnesota","Brown County",5,30,252,129,123
050,27,015,"Minnesota","Brown County",5,31,267,130,137
050,27,015,"Minnesota","Brown County",5,32,262,115,147
050,27,015,"Minnesota","Brown County",5,33,287,134,153
050,27,015,"Minnesota","Brown County",5,34,257,132,125
050,27,015,"Minnesota","Brown County",5,35,263,140,123
050,27,015,"Minnesota","Brown County",5,36,299,155,144
050,27,015,"Minnesota","Brown County",5,37,312,155,157
050,27,015,"Minnesota","Brown County",5,38,317,168,149
050,27,015,"Minnesota","Brown County",5,39,332,172,160
050,27,015,"Minnesota","Brown County",5,40,336,176,160
050,27,015,"Minnesota","Brown County",5,41,314,161,153
050,27,015,"Minnesota","Brown County",5,42,306,158,148
050,27,015,"Minnesota","Brown County",5,43,328,166,162
050,27,015,"Minnesota","Brown County",5,44,299,151,148
050,27,015,"Minnesota","Brown County",5,45,274,138,136
050,27,015,"Minnesota","Brown County",5,46,269,129,140
050,27,015,"Minnesota","Brown County",5,47,250,131,119
050,27,015,"Minnesota","Brown County",5,48,259,141,118
050,27,015,"Minnesota","Brown County",5,49,251,135,116
050,27,015,"Minnesota","Brown County",5,50,261,126,135
050,27,015,"Minnesota","Brown County",5,51,241,116,125
050,27,015,"Minnesota","Brown County",5,52,263,136,127
050,27,015,"Minnesota","Brown County",5,53,258,133,125
050,27,015,"Minnesota","Brown County",5,54,279,139,140
050,27,015,"Minnesota","Brown County",5,55,262,134,128
050,27,015,"Minnesota","Brown County",5,56,298,149,149
050,27,015,"Minnesota","Brown County",5,57,309,155,154
050,27,015,"Minnesota","Brown County",5,58,326,170,156
050,27,015,"Minnesota","Brown County",5,59,345,177,168
050,27,015,"Minnesota","Brown County",5,60,387,186,201
050,27,015,"Minnesota","Brown County",5,61,390,193,197
050,27,015,"Minnesota","Brown County",5,62,396,194,202
050,27,015,"Minnesota","Brown County",5,63,377,193,184
050,27,015,"Minnesota","Brown County",5,64,387,184,203
050,27,015,"Minnesota","Brown County",5,65,385,180,205
050,27,015,"Minnesota","Brown County",5,66,356,177,179
050,27,015,"Minnesota","Brown County",5,67,341,168,173
050,27,015,"Minnesota","Brown County",5,68,354,171,183
050,27,015,"Minnesota","Brown County",5,69,343,165,178
050,27,015,"Minnesota","Brown County",5,70,318,155,163
050,27,015,"Minnesota","Brown County",5,71,292,145,147
050,27,015,"Minnesota","Brown County",5,72,272,137,135
050,27,015,"Minnesota","Brown County",5,73,262,140,122
050,27,015,"Minnesota","Brown County",5,74,241,122,119
050,27,015,"Minnesota","Brown County",5,75,243,114,129
050,27,015,"Minnesota","Brown County",5,76,251,108,143
050,27,015,"Minnesota","Brown County",5,77,187,83,104
050,27,015,"Minnesota","Brown County",5,78,192,91,101
050,27,015,"Minnesota","Brown County",5,79,174,80,94
050,27,015,"Minnesota","Brown County",5,80,181,80,101
050,27,015,"Minnesota","Brown County",5,81,148,59,89
050,27,015,"Minnesota","Brown County",5,82,141,59,82
050,27,015,"Minnesota","Brown County",5,83,129,56,73
050,27,015,"Minnesota","Brown County",5,84,122,53,69
050,27,015,"Minnesota","Brown County",5,85,850,311,539
050,27,017,"Minnesota","Carlton County",1,0,365,187,178
050,27,017,"Minnesota","Carlton County",1,1,379,203,176
050,27,017,"Minnesota","Carlton County",1,2,367,193,174
050,27,017,"Minnesota","Carlton County",1,3,373,178,195
050,27,017,"Minnesota","Carlton County",1,4,395,198,197
050,27,017,"Minnesota","Carlton County",1,5,397,203,194
050,27,017,"Minnesota","Carlton County",1,6,384,205,179
050,27,017,"Minnesota","Carlton County",1,7,438,225,213
050,27,017,"Minnesota","Carlton County",1,8,455,242,213
050,27,017,"Minnesota","Carlton County",1,9,456,227,229
050,27,017,"Minnesota","Carlton County",1,10,485,248,237
050,27,017,"Minnesota","Carlton County",1,11,495,251,244
050,27,017,"Minnesota","Carlton County",1,12,530,273,257
050,27,017,"Minnesota","Carlton County",1,13,537,282,255
050,27,017,"Minnesota","Carlton County",1,14,524,282,242
050,27,017,"Minnesota","Carlton County",1,15,492,261,231
050,27,017,"Minnesota","Carlton County",1,16,517,262,255
050,27,017,"Minnesota","Carlton County",1,17,508,274,234
050,27,017,"Minnesota","Carlton County",1,18,435,240,195
050,27,017,"Minnesota","Carlton County",1,19,360,215,145
050,27,017,"Minnesota","Carlton County",1,20,352,210,142
050,27,017,"Minnesota","Carlton County",1,21,371,218,153
050,27,017,"Minnesota","Carlton County",1,22,361,208,153
050,27,017,"Minnesota","Carlton County",1,23,371,211,160
050,27,017,"Minnesota","Carlton County",1,24,384,225,159
050,27,017,"Minnesota","Carlton County",1,25,376,210,166
050,27,017,"Minnesota","Carlton County",1,26,394,220,174
050,27,017,"Minnesota","Carlton County",1,27,412,233,179
050,27,017,"Minnesota","Carlton County",1,28,411,231,180
050,27,017,"Minnesota","Carlton County",1,29,435,255,180
050,27,017,"Minnesota","Carlton County",1,30,436,235,201
050,27,017,"Minnesota","Carlton County",1,31,426,235,191
050,27,017,"Minnesota","Carlton County",1,32,450,274,176
050,27,017,"Minnesota","Carlton County",1,33,452,233,219
050,27,017,"Minnesota","Carlton County",1,34,468,252,216
050,27,017,"Minnesota","Carlton County",1,35,465,253,212
050,27,017,"Minnesota","Carlton County",1,36,499,277,222
050,27,017,"Minnesota","Carlton County",1,37,499,278,221
050,27,017,"Minnesota","Carlton County",1,38,507,279,228
050,27,017,"Minnesota","Carlton County",1,39,500,273,227
050,27,017,"Minnesota","Carlton County",1,40,466,266,200
050,27,017,"Minnesota","Carlton County",1,41,485,272,213
050,27,017,"Minnesota","Carlton County",1,42,456,256,200
050,27,017,"Minnesota","Carlton County",1,43,451,243,208
050,27,017,"Minnesota","Carlton County",1,44,451,245,206
050,27,017,"Minnesota","Carlton County",1,45,435,231,204
050,27,017,"Minnesota","Carlton County",1,46,446,239,207
050,27,017,"Minnesota","Carlton County",1,47,445,245,200
050,27,017,"Minnesota","Carlton County",1,48,480,280,200
050,27,017,"Minnesota","Carlton County",1,49,495,281,214
050,27,017,"Minnesota","Carlton County",1,50,489,263,226
050,27,017,"Minnesota","Carlton County",1,51,490,271,219
050,27,017,"Minnesota","Carlton County",1,52,462,268,194
050,27,017,"Minnesota","Carlton County",1,53,481,266,215
050,27,017,"Minnesota","Carlton County",1,54,492,250,242
050,27,017,"Minnesota","Carlton County",1,55,501,260,241
050,27,017,"Minnesota","Carlton County",1,56,525,292,233
050,27,017,"Minnesota","Carlton County",1,57,518,276,242
050,27,017,"Minnesota","Carlton County",1,58,554,283,271
050,27,017,"Minnesota","Carlton County",1,59,538,282,256
050,27,017,"Minnesota","Carlton County",1,60,542,284,258
050,27,017,"Minnesota","Carlton County",1,61,527,277,250
050,27,017,"Minnesota","Carlton County",1,62,548,280,268
050,27,017,"Minnesota","Carlton County",1,63,509,254,255
050,27,017,"Minnesota","Carlton County",1,64,516,242,274
050,27,017,"Minnesota","Carlton County",1,65,482,262,220
050,27,017,"Minnesota","Carlton County",1,66,427,215,212
050,27,017,"Minnesota","Carlton County",1,67,397,214,183
050,27,017,"Minnesota","Carlton County",1,68,419,213,206
050,27,017,"Minnesota","Carlton County",1,69,401,198,203
050,27,017,"Minnesota","Carlton County",1,70,380,193,187
050,27,017,"Minnesota","Carlton County",1,71,347,186,161
050,27,017,"Minnesota","Carlton County",1,72,355,188,167
050,27,017,"Minnesota","Carlton County",1,73,334,160,174
050,27,017,"Minnesota","Carlton County",1,74,199,93,106
050,27,017,"Minnesota","Carlton County",1,75,206,99,107
050,27,017,"Minnesota","Carlton County",1,76,242,116,126
050,27,017,"Minnesota","Carlton County",1,77,244,125,119
050,27,017,"Minnesota","Carlton County",1,78,207,91,116
050,27,017,"Minnesota","Carlton County",1,79,182,79,103
050,27,017,"Minnesota","Carlton County",1,80,163,75,88
050,27,017,"Minnesota","Carlton County",1,81,161,69,92
050,27,017,"Minnesota","Carlton County",1,82,148,59,89
050,27,017,"Minnesota","Carlton County",1,83,142,60,82
050,27,017,"Minnesota","Carlton County",1,84,142,67,75
050,27,017,"Minnesota","Carlton County",1,85,850,268,582
050,27,017,"Minnesota","Carlton County",2,0,375,199,176
050,27,017,"Minnesota","Carlton County",2,1,377,201,176
050,27,017,"Minnesota","Carlton County",2,2,370,194,176
050,27,017,"Minnesota","Carlton County",2,3,372,180,192
050,27,017,"Minnesota","Carlton County",2,4,394,196,198
050,27,017,"Minnesota","Carlton County",2,5,396,203,193
050,27,017,"Minnesota","Carlton County",2,6,392,206,186
050,27,017,"Minnesota","Carlton County",2,7,425,221,204
050,27,017,"Minnesota","Carlton County",2,8,449,237,212
050,27,017,"Minnesota","Carlton County",2,9,453,230,223
050,27,017,"Minnesota","Carlton County",2,10,475,242,233
050,27,017,"Minnesota","Carlton County",2,11,492,249,243
050,27,017,"Minnesota","Carlton County",2,12,522,267,255
050,27,017,"Minnesota","Carlton County",2,13,533,280,253
050,27,017,"Minnesota","Carlton County",2,14,526,281,245
050,27,017,"Minnesota","Carlton County",2,15,501,267,234
050,27,017,"Minnesota","Carlton County",2,16,510,262,248
050,27,017,"Minnesota","Carlton County",2,17,515,276,239
050,27,017,"Minnesota","Carlton County",2,18,436,242,194
050,27,017,"Minnesota","Carlton County",2,19,363,214,149
050,27,017,"Minnesota","Carlton County",2,20,358,214,144
050,27,017,"Minnesota","Carlton County",2,21,366,217,149
050,27,017,"Minnesota","Carlton County",2,22,358,206,152
050,27,017,"Minnesota","Carlton County",2,23,373,215,158
050,27,017,"Minnesota","Carlton County",2,24,380,223,157
050,27,017,"Minnesota","Carlton County",2,25,378,214,164
050,27,017,"Minnesota","Carlton County",2,26,394,221,173
050,27,017,"Minnesota","Carlton County",2,27,414,235,179
050,27,017,"Minnesota","Carlton County",2,28,413,233,180
050,27,017,"Minnesota","Carlton County",2,29,430,251,179
050,27,017,"Minnesota","Carlton County",2,30,434,236,198
050,27,017,"Minnesota","Carlton County",2,31,431,237,194
050,27,017,"Minnesota","Carlton County",2,32,446,266,180
050,27,017,"Minnesota","Carlton County",2,33,446,237,209
050,27,017,"Minnesota","Carlton County",2,34,469,252,217
050,27,017,"Minnesota","Carlton County",2,35,465,250,215
050,27,017,"Minnesota","Carlton County",2,36,488,270,218
050,27,017,"Minnesota","Carlton County",2,37,504,282,222
050,27,017,"Minnesota","Carlton County",2,38,505,276,229
050,27,017,"Minnesota","Carlton County",2,39,507,281,226
050,27,017,"Minnesota","Carlton County",2,40,475,267,208
050,27,017,"Minnesota","Carlton County",2,41,479,267,212
050,27,017,"Minnesota","Carlton County",2,42,459,259,200
050,27,017,"Minnesota","Carlton County",2,43,457,248,209
050,27,017,"Minnesota","Carlton County",2,44,445,241,204
050,27,017,"Minnesota","Carlton County",2,45,440,233,207
050,27,017,"Minnesota","Carlton County",2,46,444,240,204
050,27,017,"Minnesota","Carlton County",2,47,442,240,202
050,27,017,"Minnesota","Carlton County",2,48,473,274,199
050,27,017,"Minnesota","Carlton County",2,49,493,281,212
050,27,017,"Minnesota","Carlton County",2,50,492,267,225
050,27,017,"Minnesota","Carlton County",2,51,485,268,217
050,27,017,"Minnesota","Carlton County",2,52,462,262,200
050,27,017,"Minnesota","Carlton County",2,53,480,271,209
050,27,017,"Minnesota","Carlton County",2,54,487,254,233
050,27,017,"Minnesota","Carlton County",2,55,492,255,237
050,27,017,"Minnesota","Carlton County",2,56,521,285,236
050,27,017,"Minnesota","Carlton County",2,57,521,282,239
050,27,017,"Minnesota","Carlton County",2,58,545,281,264
050,27,017,"Minnesota","Carlton County",2,59,540,280,260
050,27,017,"Minnesota","Carlton County",2,60,540,284,256
050,27,017,"Minnesota","Carlton County",2,61,527,276,251
050,27,017,"Minnesota","Carlton County",2,62,542,280,262
050,27,017,"Minnesota","Carlton County",2,63,523,260,263
050,27,017,"Minnesota","Carlton County",2,64,510,241,269
050,27,017,"Minnesota","Carlton County",2,65,485,254,231
050,27,017,"Minnesota","Carlton County",2,66,442,226,216
050,27,017,"Minnesota","Carlton County",2,67,402,215,187
050,27,017,"Minnesota","Carlton County",2,68,410,210,200
050,27,017,"Minnesota","Carlton County",2,69,407,202,205
050,27,017,"Minnesota","Carlton County",2,70,384,192,192
050,27,017,"Minnesota","Carlton County",2,71,353,187,166
050,27,017,"Minnesota","Carlton County",2,72,344,185,159
050,27,017,"Minnesota","Carlton County",2,73,356,175,181
050,27,017,"Minnesota","Carlton County",2,74,214,102,112
050,27,017,"Minnesota","Carlton County",2,75,204,96,108
050,27,017,"Minnesota","Carlton County",2,76,231,112,119
050,27,017,"Minnesota","Carlton County",2,77,247,123,124
050,27,017,"Minnesota","Carlton County",2,78,208,94,114
050,27,017,"Minnesota","Carlton County",2,79,185,82,103
050,27,017,"Minnesota","Carlton County",2,80,163,75,88
050,27,017,"Minnesota","Carlton County",2,81,158,68,90
050,27,017,"Minnesota","Carlton County",2,82,149,60,89
050,27,017,"Minnesota","Carlton County",2,83,139,58,81
050,27,017,"Minnesota","Carlton County",2,84,141,65,76
050,27,017,"Minnesota","Carlton County",2,85,854,272,582
050,27,017,"Minnesota","Carlton County",3,0,354,171,183
050,27,017,"Minnesota","Carlton County",3,1,369,192,177
050,27,017,"Minnesota","Carlton County",3,2,391,213,178
050,27,017,"Minnesota","Carlton County",3,3,386,191,195
050,27,017,"Minnesota","Carlton County",3,4,381,188,193
050,27,017,"Minnesota","Carlton County",3,5,401,202,199
050,27,017,"Minnesota","Carlton County",3,6,405,209,196
050,27,017,"Minnesota","Carlton County",3,7,413,219,194
050,27,017,"Minnesota","Carlton County",3,8,423,219,204
050,27,017,"Minnesota","Carlton County",3,9,461,246,215
050,27,017,"Minnesota","Carlton County",3,10,451,226,225
050,27,017,"Minnesota","Carlton County",3,11,492,250,242
050,27,017,"Minnesota","Carlton County",3,12,499,246,253
050,27,017,"Minnesota","Carlton County",3,13,524,270,254
050,27,017,"Minnesota","Carlton County",3,14,548,285,263
050,27,017,"Minnesota","Carlton County",3,15,536,284,252
050,27,017,"Minnesota","Carlton County",3,16,509,273,236
050,27,017,"Minnesota","Carlton County",3,17,507,275,232
050,27,017,"Minnesota","Carlton County",3,18,463,261,202
050,27,017,"Minnesota","Carlton County",3,19,371,214,157
050,27,017,"Minnesota","Carlton County",3,20,360,216,144
050,27,017,"Minnesota","Carlton County",3,21,388,233,155
050,27,017,"Minnesota","Carlton County",3,22,359,199,160
050,27,017,"Minnesota","Carlton County",3,23,389,225,164
050,27,017,"Minnesota","Carlton County",3,24,393,238,155
050,27,017,"Minnesota","Carlton County",3,25,386,219,167
050,27,017,"Minnesota","Carlton County",3,26,382,217,165
050,27,017,"Minnesota","Carlton County",3,27,434,239,195
050,27,017,"Minnesota","Carlton County",3,28,424,240,184
050,27,017,"Minnesota","Carlton County",3,29,418,240,178
050,27,017,"Minnesota","Carlton County",3,30,427,249,178
050,27,017,"Minnesota","Carlton County",3,31,450,250,200
050,27,017,"Minnesota","Carlton County",3,32,459,258,201
050,27,017,"Minnesota","Carlton County",3,33,434,247,187
050,27,017,"Minnesota","Carlton County",3,34,477,265,212
050,27,017,"Minnesota","Carlton County",3,35,471,239,232
050,27,017,"Minnesota","Carlton County",3,36,485,266,219
050,27,017,"Minnesota","Carlton County",3,37,507,288,219
050,27,017,"Minnesota","Carlton County",3,38,499,268,231
050,27,017,"Minnesota","Carlton County",3,39,520,294,226
050,27,017,"Minnesota","Carlton County",3,40,502,279,223
050,27,017,"Minnesota","Carlton County",3,41,488,269,219
050,27,017,"Minnesota","Carlton County",3,42,464,265,199
050,27,017,"Minnesota","Carlton County",3,43,463,264,199
050,27,017,"Minnesota","Carlton County",3,44,479,262,217
050,27,017,"Minnesota","Carlton County",3,45,452,241,211
050,27,017,"Minnesota","Carlton County",3,46,451,247,204
050,27,017,"Minnesota","Carlton County",3,47,432,229,203
050,27,017,"Minnesota","Carlton County",3,48,444,249,195
050,27,017,"Minnesota","Carlton County",3,49,470,270,200
050,27,017,"Minnesota","Carlton County",3,50,486,275,211
050,27,017,"Minnesota","Carlton County",3,51,490,266,224
050,27,017,"Minnesota","Carlton County",3,52,481,257,224
050,27,017,"Minnesota","Carlton County",3,53,464,268,196
050,27,017,"Minnesota","Carlton County",3,54,483,276,207
050,27,017,"Minnesota","Carlton County",3,55,477,248,229
050,27,017,"Minnesota","Carlton County",3,56,489,244,245
050,27,017,"Minnesota","Carlton County",3,57,509,277,232
050,27,017,"Minnesota","Carlton County",3,58,531,294,237
050,27,017,"Minnesota","Carlton County",3,59,535,265,270
050,27,017,"Minnesota","Carlton County",3,60,544,290,254
050,27,017,"Minnesota","Carlton County",3,61,532,278,254
050,27,017,"Minnesota","Carlton County",3,62,531,284,247
050,27,017,"Minnesota","Carlton County",3,63,547,274,273
050,27,017,"Minnesota","Carlton County",3,64,511,252,259
050,27,017,"Minnesota","Carlton County",3,65,500,238,262
050,27,017,"Minnesota","Carlton County",3,66,477,245,232
050,27,017,"Minnesota","Carlton County",3,67,431,227,204
050,27,017,"Minnesota","Carlton County",3,68,402,217,185
050,27,017,"Minnesota","Carlton County",3,69,395,200,195
050,27,017,"Minnesota","Carlton County",3,70,406,198,208
050,27,017,"Minnesota","Carlton County",3,71,371,184,187
050,27,017,"Minnesota","Carlton County",3,72,342,180,162
050,27,017,"Minnesota","Carlton County",3,73,341,180,161
050,27,017,"Minnesota","Carlton County",3,74,340,169,171
050,27,017,"Minnesota","Carlton County",3,75,204,98,106
050,27,017,"Minnesota","Carlton County",3,76,197,96,101
050,27,017,"Minnesota","Carlton County",3,77,214,100,114
050,27,017,"Minnesota","Carlton County",3,78,231,110,121
050,27,017,"Minnesota","Carlton County",3,79,197,89,108
050,27,017,"Minnesota","Carlton County",3,80,165,74,91
050,27,017,"Minnesota","Carlton County",3,81,153,68,85
050,27,017,"Minnesota","Carlton County",3,82,148,64,84
050,27,017,"Minnesota","Carlton County",3,83,135,52,83
050,27,017,"Minnesota","Carlton County",3,84,120,51,69
050,27,017,"Minnesota","Carlton County",3,85,870,280,590
050,27,017,"Minnesota","Carlton County",4,0,389,209,180
050,27,017,"Minnesota","Carlton County",4,1,369,181,188
050,27,017,"Minnesota","Carlton County",4,2,381,197,184
050,27,017,"Minnesota","Carlton County",4,3,388,214,174
050,27,017,"Minnesota","Carlton County",4,4,381,190,191
050,27,017,"Minnesota","Carlton County",4,5,393,204,189
050,27,017,"Minnesota","Carlton County",4,6,405,209,196
050,27,017,"Minnesota","Carlton County",4,7,420,217,203
050,27,017,"Minnesota","Carlton County",4,8,424,219,205
050,27,017,"Minnesota","Carlton County",4,9,445,228,217
050,27,017,"Minnesota","Carlton County",4,10,457,249,208
050,27,017,"Minnesota","Carlton County",4,11,457,229,228
050,27,017,"Minnesota","Carlton County",4,12,490,252,238
050,27,017,"Minnesota","Carlton County",4,13,499,253,246
050,27,017,"Minnesota","Carlton County",4,14,532,272,260
050,27,017,"Minnesota","Carlton County",4,15,544,283,261
050,27,017,"Minnesota","Carlton County",4,16,559,293,266
050,27,017,"Minnesota","Carlton County",4,17,518,281,237
050,27,017,"Minnesota","Carlton County",4,18,450,253,197
050,27,017,"Minnesota","Carlton County",4,19,375,220,155
050,27,017,"Minnesota","Carlton County",4,20,369,217,152
050,27,017,"Minnesota","Carlton County",4,21,356,213,143
050,27,017,"Minnesota","Carlton County",4,22,380,222,158
050,27,017,"Minnesota","Carlton County",4,23,378,213,165
050,27,017,"Minnesota","Carlton County",4,24,392,240,152
050,27,017,"Minnesota","Carlton County",4,25,373,224,149
050,27,017,"Minnesota","Carlton County",4,26,418,235,183
050,27,017,"Minnesota","Carlton County",4,27,402,237,165
050,27,017,"Minnesota","Carlton County",4,28,438,243,195
050,27,017,"Minnesota","Carlton County",4,29,441,255,186
050,27,017,"Minnesota","Carlton County",4,30,452,254,198
050,27,017,"Minnesota","Carlton County",4,31,435,252,183
050,27,017,"Minnesota","Carlton County",4,32,464,263,201
050,27,017,"Minnesota","Carlton County",4,33,441,239,202
050,27,017,"Minnesota","Carlton County",4,34,469,266,203
050,27,017,"Minnesota","Carlton County",4,35,470,248,222
050,27,017,"Minnesota","Carlton County",4,36,489,256,233
050,27,017,"Minnesota","Carlton County",4,37,517,282,235
050,27,017,"Minnesota","Carlton County",4,38,487,265,222
050,27,017,"Minnesota","Carlton County",4,39,521,293,228
050,27,017,"Minnesota","Carlton County",4,40,520,293,227
050,27,017,"Minnesota","Carlton County",4,41,512,271,241
050,27,017,"Minnesota","Carlton County",4,42,469,259,210
050,27,017,"Minnesota","Carlton County",4,43,467,264,203
050,27,017,"Minnesota","Carlton County",4,44,464,263,201
050,27,017,"Minnesota","Carlton County",4,45,482,261,221
050,27,017,"Minnesota","Carlton County",4,46,464,252,212
050,27,017,"Minnesota","Carlton County",4,47,439,233,206
050,27,017,"Minnesota","Carlton County",4,48,430,231,199
050,27,017,"Minnesota","Carlton County",4,49,435,245,190
050,27,017,"Minnesota","Carlton County",4,50,452,257,195
050,27,017,"Minnesota","Carlton County",4,51,489,276,213
050,27,017,"Minnesota","Carlton County",4,52,471,247,224
050,27,017,"Minnesota","Carlton County",4,53,480,260,220
050,27,017,"Minnesota","Carlton County",4,54,469,264,205
050,27,017,"Minnesota","Carlton County",4,55,471,263,208
050,27,017,"Minnesota","Carlton County",4,56,481,250,231
050,27,017,"Minnesota","Carlton County",4,57,479,241,238
050,27,017,"Minnesota","Carlton County",4,58,505,277,228
050,27,017,"Minnesota","Carlton County",4,59,511,272,239
050,27,017,"Minnesota","Carlton County",4,60,541,272,269
050,27,017,"Minnesota","Carlton County",4,61,533,280,253
050,27,017,"Minnesota","Carlton County",4,62,529,283,246
050,27,017,"Minnesota","Carlton County",4,63,536,283,253
050,27,017,"Minnesota","Carlton County",4,64,536,269,267
050,27,017,"Minnesota","Carlton County",4,65,496,245,251
050,27,017,"Minnesota","Carlton County",4,66,504,230,274
050,27,017,"Minnesota","Carlton County",4,67,463,250,213
050,27,017,"Minnesota","Carlton County",4,68,431,223,208
050,27,017,"Minnesota","Carlton County",4,69,378,200,178
050,27,017,"Minnesota","Carlton County",4,70,389,191,198
050,27,017,"Minnesota","Carlton County",4,71,390,189,201
050,27,017,"Minnesota","Carlton County",4,72,369,184,185
050,27,017,"Minnesota","Carlton County",4,73,338,175,163
050,27,017,"Minnesota","Carlton County",4,74,329,176,153
050,27,017,"Minnesota","Carlton County",4,75,325,159,166
050,27,017,"Minnesota","Carlton County",4,76,203,98,105
050,27,017,"Minnesota","Carlton County",4,77,183,86,97
050,27,017,"Minnesota","Carlton County",4,78,202,90,112
050,27,017,"Minnesota","Carlton County",4,79,229,105,124
050,27,017,"Minnesota","Carlton County",4,80,177,76,101
050,27,017,"Minnesota","Carlton County",4,81,155,72,83
050,27,017,"Minnesota","Carlton County",4,82,151,71,80
050,27,017,"Minnesota","Carlton County",4,83,133,57,76
050,27,017,"Minnesota","Carlton County",4,84,127,47,80
050,27,017,"Minnesota","Carlton County",4,85,839,250,589
050,27,017,"Minnesota","Carlton County",5,0,390,211,179
050,27,017,"Minnesota","Carlton County",5,1,398,217,181
050,27,017,"Minnesota","Carlton County",5,2,374,192,182
050,27,017,"Minnesota","Carlton County",5,3,384,205,179
050,27,017,"Minnesota","Carlton County",5,4,401,225,176
050,27,017,"Minnesota","Carlton County",5,5,385,191,194
050,27,017,"Minnesota","Carlton County",5,6,414,217,197
050,27,017,"Minnesota","Carlton County",5,7,415,217,198
050,27,017,"Minnesota","Carlton County",5,8,422,225,197
050,27,017,"Minnesota","Carlton County",5,9,420,223,197
050,27,017,"Minnesota","Carlton County",5,10,436,225,211
050,27,017,"Minnesota","Carlton County",5,11,465,252,213
050,27,017,"Minnesota","Carlton County",5,12,446,217,229
050,27,017,"Minnesota","Carlton County",5,13,494,264,230
050,27,017,"Minnesota","Carlton County",5,14,501,252,249
050,27,017,"Minnesota","Carlton County",5,15,526,268,258
050,27,017,"Minnesota","Carlton County",5,16,546,288,258
050,27,017,"Minnesota","Carlton County",5,17,563,305,258
050,27,017,"Minnesota","Carlton County",5,18,452,255,197
050,27,017,"Minnesota","Carlton County",5,19,379,225,154
050,27,017,"Minnesota","Carlton County",5,20,399,240,159
050,27,017,"Minnesota","Carlton County",5,21,387,226,161
050,27,017,"Minnesota","Carlton County",5,22,376,209,167
050,27,017,"Minnesota","Carlton County",5,23,392,236,156
050,27,017,"Minnesota","Carlton County",5,24,389,231,158
050,27,017,"Minnesota","Carlton County",5,25,389,230,159
050,27,017,"Minnesota","Carlton County",5,26,410,259,151
050,27,017,"Minnesota","Carlton County",5,27,440,253,187
050,27,017,"Minnesota","Carlton County",5,28,399,244,155
050,27,017,"Minnesota","Carlton County",5,29,444,244,200
050,27,017,"Minnesota","Carlton County",5,30,456,253,203
050,27,017,"Minnesota","Carlton County",5,31,456,263,193
050,27,017,"Minnesota","Carlton County",5,32,471,278,193
050,27,017,"Minnesota","Carlton County",5,33,470,251,219
050,27,017,"Minnesota","Carlton County",5,34,485,273,212
050,27,017,"Minnesota","Carlton County",5,35,471,258,213
050,27,017,"Minnesota","Carlton County",5,36,510,271,239
050,27,017,"Minnesota","Carlton County",5,37,508,275,233
050,27,017,"Minnesota","Carlton County",5,38,507,277,230
050,27,017,"Minnesota","Carlton County",5,39,516,302,214
050,27,017,"Minnesota","Carlton County",5,40,525,292,233
050,27,017,"Minnesota","Carlton County",5,41,537,303,234
050,27,017,"Minnesota","Carlton County",5,42,497,264,233
050,27,017,"Minnesota","Carlton County",5,43,481,268,213
050,27,017,"Minnesota","Carlton County",5,44,485,276,209
050,27,017,"Minnesota","Carlton County",5,45,466,261,205
050,27,017,"Minnesota","Carlton County",5,46,509,284,225
050,27,017,"Minnesota","Carlton County",5,47,463,248,215
050,27,017,"Minnesota","Carlton County",5,48,445,243,202
050,27,017,"Minnesota","Carlton County",5,49,427,234,193
050,27,017,"Minnesota","Carlton County",5,50,434,244,190
050,27,017,"Minnesota","Carlton County",5,51,449,259,190
050,27,017,"Minnesota","Carlton County",5,52,462,257,205
050,27,017,"Minnesota","Carlton County",5,53,479,263,216
050,27,017,"Minnesota","Carlton County",5,54,490,266,224
050,27,017,"Minnesota","Carlton County",5,55,463,260,203
050,27,017,"Minnesota","Carlton County",5,56,471,262,209
050,27,017,"Minnesota","Carlton County",5,57,485,252,233
050,27,017,"Minnesota","Carlton County",5,58,477,242,235
050,27,017,"Minnesota","Carlton County",5,59,487,260,227
050,27,017,"Minnesota","Carlton County",5,60,515,278,237
050,27,017,"Minnesota","Carlton County",5,61,536,263,273
050,27,017,"Minnesota","Carlton County",5,62,529,285,244
050,27,017,"Minnesota","Carlton County",5,63,527,284,243
050,27,017,"Minnesota","Carlton County",5,64,522,275,247
050,27,017,"Minnesota","Carlton County",5,65,523,257,266
050,27,017,"Minnesota","Carlton County",5,66,489,232,257
050,27,017,"Minnesota","Carlton County",5,67,496,232,264
050,27,017,"Minnesota","Carlton County",5,68,459,249,210
050,27,017,"Minnesota","Carlton County",5,69,414,205,209
050,27,017,"Minnesota","Carlton County",5,70,371,195,176
050,27,017,"Minnesota","Carlton County",5,71,375,184,191
050,27,017,"Minnesota","Carlton County",5,72,386,186,200
050,27,017,"Minnesota","Carlton County",5,73,362,179,183
050,27,017,"Minnesota","Carlton County",5,74,321,167,154
050,27,017,"Minnesota","Carlton County",5,75,317,170,147
050,27,017,"Minnesota","Carlton County",5,76,313,155,158
050,27,017,"Minnesota","Carlton County",5,77,192,91,101
050,27,017,"Minnesota","Carlton County",5,78,174,76,98
050,27,017,"Minnesota","Carlton County",5,79,198,86,112
050,27,017,"Minnesota","Carlton County",5,80,207,92,115
050,27,017,"Minnesota","Carlton County",5,81,161,69,92
050,27,017,"Minnesota","Carlton County",5,82,148,70,78
050,27,017,"Minnesota","Carlton County",5,83,130,63,67
050,27,017,"Minnesota","Carlton County",5,84,121,52,69
050,27,017,"Minnesota","Carlton County",5,85,821,221,600
050,27,019,"Minnesota","Carver County",1,0,1136,580,556
050,27,019,"Minnesota","Carver County",1,1,1249,642,607
050,27,019,"Minnesota","Carver County",1,2,1310,651,659
050,27,019,"Minnesota","Carver County",1,3,1393,708,685
050,27,019,"Minnesota","Carver County",1,4,1521,770,751
050,27,019,"Minnesota","Carver County",1,5,1535,766,769
050,27,019,"Minnesota","Carver County",1,6,1558,810,748
050,27,019,"Minnesota","Carver County",1,7,1556,787,769
050,27,019,"Minnesota","Carver County",1,8,1587,837,750
050,27,019,"Minnesota","Carver County",1,9,1627,839,788
050,27,019,"Minnesota","Carver County",1,10,1667,857,810
050,27,019,"Minnesota","Carver County",1,11,1686,843,843
050,27,019,"Minnesota","Carver County",1,12,1703,849,854
050,27,019,"Minnesota","Carver County",1,13,1780,911,869
050,27,019,"Minnesota","Carver County",1,14,1732,886,846
050,27,019,"Minnesota","Carver County",1,15,1723,875,848
050,27,019,"Minnesota","Carver County",1,16,1770,911,859
050,27,019,"Minnesota","Carver County",1,17,1709,873,836
050,27,019,"Minnesota","Carver County",1,18,1451,742,709
050,27,019,"Minnesota","Carver County",1,19,1168,598,570
050,27,019,"Minnesota","Carver County",1,20,1230,640,590
050,27,019,"Minnesota","Carver County",1,21,1202,608,594
050,27,019,"Minnesota","Carver County",1,22,1172,566,606
050,27,019,"Minnesota","Carver County",1,23,1114,545,569
050,27,019,"Minnesota","Carver County",1,24,1041,537,504
050,27,019,"Minnesota","Carver County",1,25,1011,498,513
050,27,019,"Minnesota","Carver County",1,26,957,469,488
050,27,019,"Minnesota","Carver County",1,27,1003,506,497
050,27,019,"Minnesota","Carver County",1,28,991,476,515
050,27,019,"Minnesota","Carver County",1,29,988,484,504
050,27,019,"Minnesota","Carver County",1,30,1085,535,550
050,27,019,"Minnesota","Carver County",1,31,1121,539,582
050,27,019,"Minnesota","Carver County",1,32,1222,624,598
050,27,019,"Minnesota","Carver County",1,33,1270,598,672
050,27,019,"Minnesota","Carver County",1,34,1500,720,780
050,27,019,"Minnesota","Carver County",1,35,1516,768,748
050,27,019,"Minnesota","Carver County",1,36,1565,775,790
050,27,019,"Minnesota","Carver County",1,37,1657,847,810
050,27,019,"Minnesota","Carver County",1,38,1661,847,814
050,27,019,"Minnesota","Carver County",1,39,1618,810,808
050,27,019,"Minnesota","Carver County",1,40,1620,817,803
050,27,019,"Minnesota","Carver County",1,41,1626,830,796
050,27,019,"Minnesota","Carver County",1,42,1568,809,759
050,27,019,"Minnesota","Carver County",1,43,1468,719,749
050,27,019,"Minnesota","Carver County",1,44,1420,709,711
050,27,019,"Minnesota","Carver County",1,45,1445,707,738
050,27,019,"Minnesota","Carver County",1,46,1396,710,686
050,27,019,"Minnesota","Carver County",1,47,1399,745,654
050,27,019,"Minnesota","Carver County",1,48,1468,738,730
050,27,019,"Minnesota","Carver County",1,49,1618,805,813
050,27,019,"Minnesota","Carver County",1,50,1571,801,770
050,27,019,"Minnesota","Carver County",1,51,1527,762,765
050,27,019,"Minnesota","Carver County",1,52,1496,751,745
050,27,019,"Minnesota","Carver County",1,53,1560,775,785
050,27,019,"Minnesota","Carver County",1,54,1588,781,807
050,27,019,"Minnesota","Carver County",1,55,1627,819,808
050,27,019,"Minnesota","Carver County",1,56,1641,859,782
050,27,019,"Minnesota","Carver County",1,57,1612,823,789
050,27,019,"Minnesota","Carver County",1,58,1601,794,807
050,27,019,"Minnesota","Carver County",1,59,1537,785,752
050,27,019,"Minnesota","Carver County",1,60,1435,719,716
050,27,019,"Minnesota","Carver County",1,61,1416,705,711
050,27,019,"Minnesota","Carver County",1,62,1346,717,629
050,27,019,"Minnesota","Carver County",1,63,1245,651,594
050,27,019,"Minnesota","Carver County",1,64,1176,600,576
050,27,019,"Minnesota","Carver County",1,65,1142,572,570
050,27,019,"Minnesota","Carver County",1,66,1038,508,530
050,27,019,"Minnesota","Carver County",1,67,988,483,505
050,27,019,"Minnesota","Carver County",1,68,977,481,496
050,27,019,"Minnesota","Carver County",1,69,820,399,421
050,27,019,"Minnesota","Carver County",1,70,822,400,422
050,27,019,"Minnesota","Carver County",1,71,773,373,400
050,27,019,"Minnesota","Carver County",1,72,751,373,378
050,27,019,"Minnesota","Carver County",1,73,728,364,364
050,27,019,"Minnesota","Carver County",1,74,505,218,287
050,27,019,"Minnesota","Carver County",1,75,474,214,260
050,27,019,"Minnesota","Carver County",1,76,475,224,251
050,27,019,"Minnesota","Carver County",1,77,479,220,259
050,27,019,"Minnesota","Carver County",1,78,405,191,214
050,27,019,"Minnesota","Carver County",1,79,369,165,204
050,27,019,"Minnesota","Carver County",1,80,337,141,196
050,27,019,"Minnesota","Carver County",1,81,302,119,183
050,27,019,"Minnesota","Carver County",1,82,294,133,161
050,27,019,"Minnesota","Carver County",1,83,273,130,143
050,27,019,"Minnesota","Carver County",1,84,248,106,142
050,27,019,"Minnesota","Carver County",1,85,1528,519,1009
050,27,019,"Minnesota","Carver County",2,0,1120,569,551
050,27,019,"Minnesota","Carver County",2,1,1238,634,604
050,27,019,"Minnesota","Carver County",2,2,1315,662,653
050,27,019,"Minnesota","Carver County",2,3,1381,701,680
050,27,019,"Minnesota","Carver County",2,4,1508,759,749
050,27,019,"Minnesota","Carver County",2,5,1538,768,770
050,27,019,"Minnesota","Carver County",2,6,1559,802,757
050,27,019,"Minnesota","Carver County",2,7,1563,795,768
050,27,019,"Minnesota","Carver County",2,8,1583,825,758
050,27,019,"Minnesota","Carver County",2,9,1624,843,781
050,27,019,"Minnesota","Carver County",2,10,1665,856,809
050,27,019,"Minnesota","Carver County",2,11,1675,841,834
050,27,019,"Minnesota","Carver County",2,12,1711,853,858
050,27,019,"Minnesota","Carver County",2,13,1761,898,863
050,27,019,"Minnesota","Carver County",2,14,1747,892,855
050,27,019,"Minnesota","Carver County",2,15,1730,880,850
050,27,019,"Minnesota","Carver County",2,16,1763,902,861
050,27,019,"Minnesota","Carver County",2,17,1723,882,841
050,27,019,"Minnesota","Carver County",2,18,1447,746,701
050,27,019,"Minnesota","Carver County",2,19,1180,603,577
050,27,019,"Minnesota","Carver County",2,20,1243,638,605
050,27,019,"Minnesota","Carver County",2,21,1205,616,589
050,27,019,"Minnesota","Carver County",2,22,1175,572,603
050,27,019,"Minnesota","Carver County",2,23,1119,546,573
050,27,019,"Minnesota","Carver County",2,24,1056,537,519
050,27,019,"Minnesota","Carver County",2,25,1016,503,513
050,27,019,"Minnesota","Carver County",2,26,983,483,500
050,27,019,"Minnesota","Carver County",2,27,1005,501,504
050,27,019,"Minnesota","Carver County",2,28,1008,491,517
050,27,019,"Minnesota","Carver County",2,29,1005,491,514
050,27,019,"Minnesota","Carver County",2,30,1089,536,553
050,27,019,"Minnesota","Carver County",2,31,1125,542,583
050,27,019,"Minnesota","Carver County",2,32,1214,607,607
050,27,019,"Minnesota","Carver County",2,33,1279,616,663
050,27,019,"Minnesota","Carver County",2,34,1463,701,762
050,27,019,"Minnesota","Carver County",2,35,1536,769,767
050,27,019,"Minnesota","Carver County",2,36,1549,772,777
050,27,019,"Minnesota","Carver County",2,37,1649,838,811
050,27,019,"Minnesota","Carver County",2,38,1673,852,821
050,27,019,"Minnesota","Carver County",2,39,1633,822,811
050,27,019,"Minnesota","Carver County",2,40,1634,824,810
050,27,019,"Minnesota","Carver County",2,41,1629,829,800
050,27,019,"Minnesota","Carver County",2,42,1581,814,767
050,27,019,"Minnesota","Carver County",2,43,1503,744,759
050,27,019,"Minnesota","Carver County",2,44,1420,707,713
050,27,019,"Minnesota","Carver County",2,45,1445,712,733
050,27,019,"Minnesota","Carver County",2,46,1405,706,699
050,27,019,"Minnesota","Carver County",2,47,1397,734,663
050,27,019,"Minnesota","Carver County",2,48,1456,744,712
050,27,019,"Minnesota","Carver County",2,49,1589,789,800
050,27,019,"Minnesota","Carver County",2,50,1581,801,780
050,27,019,"Minnesota","Carver County",2,51,1532,768,764
050,27,019,"Minnesota","Carver County",2,52,1495,748,747
050,27,019,"Minnesota","Carver County",2,53,1543,769,774
050,27,019,"Minnesota","Carver County",2,54,1573,773,800
050,27,019,"Minnesota","Carver County",2,55,1615,809,806
050,27,019,"Minnesota","Carver County",2,56,1641,851,790
050,27,019,"Minnesota","Carver County",2,57,1620,831,789
050,27,019,"Minnesota","Carver County",2,58,1599,800,799
050,27,019,"Minnesota","Carver County",2,59,1556,788,768
050,27,019,"Minnesota","Carver County",2,60,1450,731,719
050,27,019,"Minnesota","Carver County",2,61,1414,706,708
050,27,019,"Minnesota","Carver County",2,62,1359,711,648
050,27,019,"Minnesota","Carver County",2,63,1277,669,608
050,27,019,"Minnesota","Carver County",2,64,1177,603,574
050,27,019,"Minnesota","Carver County",2,65,1145,575,570
050,27,019,"Minnesota","Carver County",2,66,1066,523,543
050,27,019,"Minnesota","Carver County",2,67,1001,489,512
050,27,019,"Minnesota","Carver County",2,68,973,479,494
050,27,019,"Minnesota","Carver County",2,69,863,420,443
050,27,019,"Minnesota","Carver County",2,70,822,399,423
050,27,019,"Minnesota","Carver County",2,71,784,378,406
050,27,019,"Minnesota","Carver County",2,72,747,368,379
050,27,019,"Minnesota","Carver County",2,73,770,382,388
050,27,019,"Minnesota","Carver County",2,74,527,239,288
050,27,019,"Minnesota","Carver County",2,75,476,213,263
050,27,019,"Minnesota","Carver County",2,76,471,221,250
050,27,019,"Minnesota","Carver County",2,77,489,226,263
050,27,019,"Minnesota","Carver County",2,78,411,194,217
050,27,019,"Minnesota","Carver County",2,79,373,170,203
050,27,019,"Minnesota","Carver County",2,80,347,147,200
050,27,019,"Minnesota","Carver County",2,81,310,126,184
050,27,019,"Minnesota","Carver County",2,82,298,131,167
050,27,019,"Minnesota","Carver County",2,83,275,129,146
050,27,019,"Minnesota","Carver County",2,84,252,110,142
050,27,019,"Minnesota","Carver County",2,85,1550,526,1024
050,27,019,"Minnesota","Carver County",3,0,1133,598,535
050,27,019,"Minnesota","Carver County",3,1,1183,618,565
050,27,019,"Minnesota","Carver County",3,2,1345,682,663
050,27,019,"Minnesota","Carver County",3,3,1373,688,685
050,27,019,"Minnesota","Carver County",3,4,1452,741,711
050,27,019,"Minnesota","Carver County",3,5,1546,782,764
050,27,019,"Minnesota","Carver County",3,6,1536,778,758
050,27,019,"Minnesota","Carver County",3,7,1596,817,779
050,27,019,"Minnesota","Carver County",3,8,1573,789,784
050,27,019,"Minnesota","Carver County",3,9,1591,834,757
050,27,019,"Minnesota","Carver County",3,10,1648,871,777
050,27,019,"Minnesota","Carver County",3,11,1666,863,803
050,27,019,"Minnesota","Carver County",3,12,1654,837,817
050,27,019,"Minnesota","Carver County",3,13,1712,867,845
050,27,019,"Minnesota","Carver County",3,14,1728,881,847
050,27,019,"Minnesota","Carver County",3,15,1769,905,864
050,27,019,"Minnesota","Carver County",3,16,1713,869,844
050,27,019,"Minnesota","Carver County",3,17,1750,897,853
050,27,019,"Minnesota","Carver County",3,18,1491,778,713
050,27,019,"Minnesota","Carver County",3,19,1174,615,559
050,27,019,"Minnesota","Carver County",3,20,1265,628,637
050,27,019,"Minnesota","Carver County",3,21,1231,649,582
050,27,019,"Minnesota","Carver County",3,22,1209,607,602
050,27,019,"Minnesota","Carver County",3,23,1106,547,559
050,27,019,"Minnesota","Carver County",3,24,1100,562,538
050,27,019,"Minnesota","Carver County",3,25,1056,557,499
050,27,019,"Minnesota","Carver County",3,26,1043,507,536
050,27,019,"Minnesota","Carver County",3,27,1043,526,517
050,27,019,"Minnesota","Carver County",3,28,1113,567,546
050,27,019,"Minnesota","Carver County",3,29,1108,513,595
050,27,019,"Minnesota","Carver County",3,30,1133,559,574
050,27,019,"Minnesota","Carver County",3,31,1166,570,596
050,27,019,"Minnesota","Carver County",3,32,1269,612,657
050,27,019,"Minnesota","Carver County",3,33,1322,661,661
050,27,019,"Minnesota","Carver County",3,34,1344,652,692
050,27,019,"Minnesota","Carver County",3,35,1525,751,774
050,27,019,"Minnesota","Carver County",3,36,1600,805,795
050,27,019,"Minnesota","Carver County",3,37,1585,793,792
050,27,019,"Minnesota","Carver County",3,38,1691,857,834
050,27,019,"Minnesota","Carver County",3,39,1712,882,830
050,27,019,"Minnesota","Carver County",3,40,1689,844,845
050,27,019,"Minnesota","Carver County",3,41,1660,852,808
050,27,019,"Minnesota","Carver County",3,42,1648,837,811
050,27,019,"Minnesota","Carver County",3,43,1597,823,774
050,27,019,"Minnesota","Carver County",3,44,1526,761,765
050,27,019,"Minnesota","Carver County",3,45,1452,713,739
050,27,019,"Minnesota","Carver County",3,46,1427,706,721
050,27,019,"Minnesota","Carver County",3,47,1369,700,669
050,27,019,"Minnesota","Carver County",3,48,1410,738,672
050,27,019,"Minnesota","Carver County",3,49,1467,742,725
050,27,019,"Minnesota","Carver County",3,50,1577,777,800
050,27,019,"Minnesota","Carver County",3,51,1571,793,778
050,27,019,"Minnesota","Carver County",3,52,1528,774,754
050,27,019,"Minnesota","Carver County",3,53,1464,738,726
050,27,019,"Minnesota","Carver County",3,54,1531,757,774
050,27,019,"Minnesota","Carver County",3,55,1556,773,783
050,27,019,"Minnesota","Carver County",3,56,1591,800,791
050,27,019,"Minnesota","Carver County",3,57,1612,841,771
050,27,019,"Minnesota","Carver County",3,58,1604,826,778
050,27,019,"Minnesota","Carver County",3,59,1558,785,773
050,27,019,"Minnesota","Carver County",3,60,1526,776,750
050,27,019,"Minnesota","Carver County",3,61,1447,724,723
050,27,019,"Minnesota","Carver County",3,62,1427,706,721
050,27,019,"Minnesota","Carver County",3,63,1330,693,637
050,27,019,"Minnesota","Carver County",3,64,1265,672,593
050,27,019,"Minnesota","Carver County",3,65,1183,595,588
050,27,019,"Minnesota","Carver County",3,66,1128,560,568
050,27,019,"Minnesota","Carver County",3,67,1052,518,534
050,27,019,"Minnesota","Carver County",3,68,988,482,506
050,27,019,"Minnesota","Carver County",3,69,958,477,481
050,27,019,"Minnesota","Carver County",3,70,871,414,457
050,27,019,"Minnesota","Carver County",3,71,816,393,423
050,27,019,"Minnesota","Carver County",3,72,779,377,402
050,27,019,"Minnesota","Carver County",3,73,755,356,399
050,27,019,"Minnesota","Carver County",3,74,765,373,392
050,27,019,"Minnesota","Carver County",3,75,511,235,276
050,27,019,"Minnesota","Carver County",3,76,475,210,265
050,27,019,"Minnesota","Carver County",3,77,462,208,254
050,27,019,"Minnesota","Carver County",3,78,478,213,265
050,27,019,"Minnesota","Carver County",3,79,398,193,205
050,27,019,"Minnesota","Carver County",3,80,358,160,198
050,27,019,"Minnesota","Carver County",3,81,343,142,201
050,27,019,"Minnesota","Carver County",3,82,296,125,171
050,27,019,"Minnesota","Carver County",3,83,274,117,157
050,27,019,"Minnesota","Carver County",3,84,267,125,142
050,27,019,"Minnesota","Carver County",3,85,1616,566,1050
050,27,019,"Minnesota","Carver County",4,0,1208,639,569
050,27,019,"Minnesota","Carver County",4,1,1211,644,567
050,27,019,"Minnesota","Carver County",4,2,1282,662,620
050,27,019,"Minnesota","Carver County",4,3,1383,704,679
050,27,019,"Minnesota","Carver County",4,4,1410,708,702
050,27,019,"Minnesota","Carver County",4,5,1494,770,724
050,27,019,"Minnesota","Carver County",4,6,1605,807,798
050,27,019,"Minnesota","Carver County",4,7,1534,774,760
050,27,019,"Minnesota","Carver County",4,8,1600,819,781
050,27,019,"Minnesota","Carver County",4,9,1580,821,759
050,27,019,"Minnesota","Carver County",4,10,1575,830,745
050,27,019,"Minnesota","Carver County",4,11,1658,879,779
050,27,019,"Minnesota","Carver County",4,12,1681,879,802
050,27,019,"Minnesota","Carver County",4,13,1654,825,829
050,27,019,"Minnesota","Carver County",4,14,1690,858,832
050,27,019,"Minnesota","Carver County",4,15,1740,887,853
050,27,019,"Minnesota","Carver County",4,16,1749,900,849
050,27,019,"Minnesota","Carver County",4,17,1704,863,841
050,27,019,"Minnesota","Carver County",4,18,1496,792,704
050,27,019,"Minnesota","Carver County",4,19,1159,601,558
050,27,019,"Minnesota","Carver County",4,20,1244,636,608
050,27,019,"Minnesota","Carver County",4,21,1252,623,629
050,27,019,"Minnesota","Carver County",4,22,1205,635,570
050,27,019,"Minnesota","Carver County",4,23,1141,562,579
050,27,019,"Minnesota","Carver County",4,24,1023,509,514
050,27,019,"Minnesota","Carver County",4,25,1060,545,515
050,27,019,"Minnesota","Carver County",4,26,1019,523,496
050,27,019,"Minnesota","Carver County",4,27,1069,523,546
050,27,019,"Minnesota","Carver County",4,28,1101,557,544
050,27,019,"Minnesota","Carver County",4,29,1171,602,569
050,27,019,"Minnesota","Carver County",4,30,1218,589,629
050,27,019,"Minnesota","Carver County",4,31,1200,601,599
050,27,019,"Minnesota","Carver County",4,32,1273,643,630
050,27,019,"Minnesota","Carver County",4,33,1362,652,710
050,27,019,"Minnesota","Carver County",4,34,1399,697,702
050,27,019,"Minnesota","Carver County",4,35,1423,699,724
050,27,019,"Minnesota","Carver County",4,36,1635,801,834
050,27,019,"Minnesota","Carver County",4,37,1649,839,810
050,27,019,"Minnesota","Carver County",4,38,1646,827,819
050,27,019,"Minnesota","Carver County",4,39,1723,875,848
050,27,019,"Minnesota","Carver County",4,40,1742,897,845
050,27,019,"Minnesota","Carver County",4,41,1730,871,859
050,27,019,"Minnesota","Carver County",4,42,1678,866,812
050,27,019,"Minnesota","Carver County",4,43,1661,857,804
050,27,019,"Minnesota","Carver County",4,44,1611,830,781
050,27,019,"Minnesota","Carver County",4,45,1514,764,750
050,27,019,"Minnesota","Carver County",4,46,1487,733,754
050,27,019,"Minnesota","Carver County",4,47,1384,688,696
050,27,019,"Minnesota","Carver County",4,48,1374,697,677
050,27,019,"Minnesota","Carver County",4,49,1407,729,678
050,27,019,"Minnesota","Carver County",4,50,1443,739,704
050,27,019,"Minnesota","Carver County",4,51,1562,775,787
050,27,019,"Minnesota","Carver County",4,52,1569,801,768
050,27,019,"Minnesota","Carver County",4,53,1509,758,751
050,27,019,"Minnesota","Carver County",4,54,1421,716,705
050,27,019,"Minnesota","Carver County",4,55,1511,761,750
050,27,019,"Minnesota","Carver County",4,56,1518,747,771
050,27,019,"Minnesota","Carver County",4,57,1568,793,775
050,27,019,"Minnesota","Carver County",4,58,1593,834,759
050,27,019,"Minnesota","Carver County",4,59,1592,818,774
050,27,019,"Minnesota","Carver County",4,60,1541,782,759
050,27,019,"Minnesota","Carver County",4,61,1503,756,747
050,27,019,"Minnesota","Carver County",4,62,1428,708,720
050,27,019,"Minnesota","Carver County",4,63,1418,702,716
050,27,019,"Minnesota","Carver County",4,64,1333,697,636
050,27,019,"Minnesota","Carver County",4,65,1243,652,591
050,27,019,"Minnesota","Carver County",4,66,1166,585,581
050,27,019,"Minnesota","Carver County",4,67,1109,554,555
050,27,019,"Minnesota","Carver County",4,68,1054,512,542
050,27,019,"Minnesota","Carver County",4,69,980,470,510
050,27,019,"Minnesota","Carver County",4,70,968,476,492
050,27,019,"Minnesota","Carver County",4,71,884,423,461
050,27,019,"Minnesota","Carver County",4,72,812,387,425
050,27,019,"Minnesota","Carver County",4,73,786,365,421
050,27,019,"Minnesota","Carver County",4,74,759,364,395
050,27,019,"Minnesota","Carver County",4,75,766,376,390
050,27,019,"Minnesota","Carver County",4,76,517,241,276
050,27,019,"Minnesota","Carver County",4,77,483,207,276
050,27,019,"Minnesota","Carver County",4,78,451,194,257
050,27,019,"Minnesota","Carver County",4,79,470,213,257
050,27,019,"Minnesota","Carver County",4,80,419,197,222
050,27,019,"Minnesota","Carver County",4,81,351,153,198
050,27,019,"Minnesota","Carver County",4,82,330,145,185
050,27,019,"Minnesota","Carver County",4,83,285,115,170
050,27,019,"Minnesota","Carver County",4,84,256,109,147
050,27,019,"Minnesota","Carver County",4,85,1708,620,1088
050,27,019,"Minnesota","Carver County",5,0,1208,638,570
050,27,019,"Minnesota","Carver County",5,1,1243,640,603
050,27,019,"Minnesota","Carver County",5,2,1308,697,611
050,27,019,"Minnesota","Carver County",5,3,1307,675,632
050,27,019,"Minnesota","Carver County",5,4,1433,736,697
050,27,019,"Minnesota","Carver County",5,5,1431,720,711
050,27,019,"Minnesota","Carver County",5,6,1534,783,751
050,27,019,"Minnesota","Carver County",5,7,1606,804,802
050,27,019,"Minnesota","Carver County",5,8,1545,795,750
050,27,019,"Minnesota","Carver County",5,9,1612,825,787
050,27,019,"Minnesota","Carver County",5,10,1547,802,745
050,27,019,"Minnesota","Carver County",5,11,1595,837,758
050,27,019,"Minnesota","Carver County",5,12,1637,864,773
050,27,019,"Minnesota","Carver County",5,13,1700,887,813
050,27,019,"Minnesota","Carver County",5,14,1627,823,804
050,27,019,"Minnesota","Carver County",5,15,1692,862,830
050,27,019,"Minnesota","Carver County",5,16,1730,886,844
050,27,019,"Minnesota","Carver County",5,17,1755,896,859
050,27,019,"Minnesota","Carver County",5,18,1459,767,692
050,27,019,"Minnesota","Carver County",5,19,1194,639,555
050,27,019,"Minnesota","Carver County",5,20,1217,621,596
050,27,019,"Minnesota","Carver County",5,21,1269,669,600
050,27,019,"Minnesota","Carver County",5,22,1209,608,601
050,27,019,"Minnesota","Carver County",5,23,1163,616,547
050,27,019,"Minnesota","Carver County",5,24,1027,523,504
050,27,019,"Minnesota","Carver County",5,25,956,480,476
050,27,019,"Minnesota","Carver County",5,26,970,482,488
050,27,019,"Minnesota","Carver County",5,27,1066,539,527
050,27,019,"Minnesota","Carver County",5,28,1078,541,537
050,27,019,"Minnesota","Carver County",5,29,1158,574,584
050,27,019,"Minnesota","Carver County",5,30,1250,652,598
050,27,019,"Minnesota","Carver County",5,31,1306,640,666
050,27,019,"Minnesota","Carver County",5,32,1276,656,620
050,27,019,"Minnesota","Carver County",5,33,1367,679,688
050,27,019,"Minnesota","Carver County",5,34,1390,687,703
050,27,019,"Minnesota","Carver County",5,35,1468,726,742
050,27,019,"Minnesota","Carver County",5,36,1481,717,764
050,27,019,"Minnesota","Carver County",5,37,1665,831,834
050,27,019,"Minnesota","Carver County",5,38,1673,846,827
050,27,019,"Minnesota","Carver County",5,39,1691,861,830
050,27,019,"Minnesota","Carver County",5,40,1724,883,841
050,27,019,"Minnesota","Carver County",5,41,1756,894,862
050,27,019,"Minnesota","Carver County",5,42,1759,900,859
050,27,019,"Minnesota","Carver County",5,43,1676,873,803
050,27,019,"Minnesota","Carver County",5,44,1667,864,803
050,27,019,"Minnesota","Carver County",5,45,1600,820,780
050,27,019,"Minnesota","Carver County",5,46,1536,781,755
050,27,019,"Minnesota","Carver County",5,47,1462,720,742
050,27,019,"Minnesota","Carver County",5,48,1394,706,688
050,27,019,"Minnesota","Carver County",5,49,1387,693,694
050,27,019,"Minnesota","Carver County",5,50,1380,720,660
050,27,019,"Minnesota","Carver County",5,51,1446,733,713
050,27,019,"Minnesota","Carver County",5,52,1554,768,786
050,27,019,"Minnesota","Carver County",5,53,1564,799,765
050,27,019,"Minnesota","Carver County",5,54,1502,763,739
050,27,019,"Minnesota","Carver County",5,55,1415,708,707
050,27,019,"Minnesota","Carver County",5,56,1508,764,744
050,27,019,"Minnesota","Carver County",5,57,1515,734,781
050,27,019,"Minnesota","Carver County",5,58,1542,784,758
050,27,019,"Minnesota","Carver County",5,59,1574,832,742
050,27,019,"Minnesota","Carver County",5,60,1564,809,755
050,27,019,"Minnesota","Carver County",5,61,1527,775,752
050,27,019,"Minnesota","Carver County",5,62,1476,741,735
050,27,019,"Minnesota","Carver County",5,63,1417,697,720
050,27,019,"Minnesota","Carver County",5,64,1415,695,720
050,27,019,"Minnesota","Carver County",5,65,1315,673,642
050,27,019,"Minnesota","Carver County",5,66,1230,639,591
050,27,019,"Minnesota","Carver County",5,67,1177,588,589
050,27,019,"Minnesota","Carver County",5,68,1102,542,560
050,27,019,"Minnesota","Carver County",5,69,1065,514,551
050,27,019,"Minnesota","Carver County",5,70,993,474,519
050,27,019,"Minnesota","Carver County",5,71,988,486,502
050,27,019,"Minnesota","Carver County",5,72,890,432,458
050,27,019,"Minnesota","Carver County",5,73,820,384,436
050,27,019,"Minnesota","Carver County",5,74,788,360,428
050,27,019,"Minnesota","Carver County",5,75,742,357,385
050,27,019,"Minnesota","Carver County",5,76,755,375,380
050,27,019,"Minnesota","Carver County",5,77,510,226,284
050,27,019,"Minnesota","Carver County",5,78,467,193,274
050,27,019,"Minnesota","Carver County",5,79,438,187,251
050,27,019,"Minnesota","Carver County",5,80,462,209,253
050,27,019,"Minnesota","Carver County",5,81,414,193,221
050,27,019,"Minnesota","Carver County",5,82,337,148,189
050,27,019,"Minnesota","Carver County",5,83,304,135,169
050,27,019,"Minnesota","Carver County",5,84,270,113,157
050,27,019,"Minnesota","Carver County",5,85,1787,661,1126
050,27,021,"Minnesota","Cass County",1,0,269,139,130
050,27,021,"Minnesota","Cass County",1,1,284,160,124
050,27,021,"Minnesota","Cass County",1,2,304,163,141
050,27,021,"Minnesota","Cass County",1,3,285,139,146
050,27,021,"Minnesota","Cass County",1,4,328,182,146
050,27,021,"Minnesota","Cass County",1,5,358,206,152
050,27,021,"Minnesota","Cass County",1,6,363,189,174
050,27,021,"Minnesota","Cass County",1,7,344,183,161
050,27,021,"Minnesota","Cass County",1,8,373,198,175
050,27,021,"Minnesota","Cass County",1,9,326,177,149
050,27,021,"Minnesota","Cass County",1,10,345,186,159
050,27,021,"Minnesota","Cass County",1,11,350,189,161
050,27,021,"Minnesota","Cass County",1,12,385,197,188
050,27,021,"Minnesota","Cass County",1,13,382,203,179
050,27,021,"Minnesota","Cass County",1,14,396,210,186
050,27,021,"Minnesota","Cass County",1,15,402,211,191
050,27,021,"Minnesota","Cass County",1,16,354,188,166
050,27,021,"Minnesota","Cass County",1,17,357,180,177
050,27,021,"Minnesota","Cass County",1,18,325,178,147
050,27,021,"Minnesota","Cass County",1,19,239,130,109
050,27,021,"Minnesota","Cass County",1,20,242,128,114
050,27,021,"Minnesota","Cass County",1,21,240,124,116
050,27,021,"Minnesota","Cass County",1,22,221,105,116
050,27,021,"Minnesota","Cass County",1,23,251,132,119
050,27,021,"Minnesota","Cass County",1,24,260,132,128
050,27,021,"Minnesota","Cass County",1,25,257,127,130
050,27,021,"Minnesota","Cass County",1,26,281,155,126
050,27,021,"Minnesota","Cass County",1,27,279,145,134
050,27,021,"Minnesota","Cass County",1,28,268,126,142
050,27,021,"Minnesota","Cass County",1,29,278,127,151
050,27,021,"Minnesota","Cass County",1,30,265,123,142
050,27,021,"Minnesota","Cass County",1,31,241,123,118
050,27,021,"Minnesota","Cass County",1,32,275,135,140
050,27,021,"Minnesota","Cass County",1,33,290,150,140
050,27,021,"Minnesota","Cass County",1,34,307,160,147
050,27,021,"Minnesota","Cass County",1,35,322,168,154
050,27,021,"Minnesota","Cass County",1,36,315,156,159
050,27,021,"Minnesota","Cass County",1,37,317,154,163
050,27,021,"Minnesota","Cass County",1,38,314,164,150
050,27,021,"Minnesota","Cass County",1,39,288,148,140
050,27,021,"Minnesota","Cass County",1,40,296,150,146
050,27,021,"Minnesota","Cass County",1,41,304,161,143
050,27,021,"Minnesota","Cass County",1,42,306,169,137
050,27,021,"Minnesota","Cass County",1,43,300,155,145
050,27,021,"Minnesota","Cass County",1,44,293,166,127
050,27,021,"Minnesota","Cass County",1,45,261,133,128
050,27,021,"Minnesota","Cass County",1,46,283,139,144
050,27,021,"Minnesota","Cass County",1,47,287,143,144
050,27,021,"Minnesota","Cass County",1,48,267,142,125
050,27,021,"Minnesota","Cass County",1,49,329,169,160
050,27,021,"Minnesota","Cass County",1,50,353,172,181
050,27,021,"Minnesota","Cass County",1,51,358,182,176
050,27,021,"Minnesota","Cass County",1,52,358,189,169
050,27,021,"Minnesota","Cass County",1,53,359,181,178
050,27,021,"Minnesota","Cass County",1,54,383,197,186
050,27,021,"Minnesota","Cass County",1,55,389,201,188
050,27,021,"Minnesota","Cass County",1,56,439,212,227
050,27,021,"Minnesota","Cass County",1,57,473,241,232
050,27,021,"Minnesota","Cass County",1,58,524,266,258
050,27,021,"Minnesota","Cass County",1,59,537,256,281
050,27,021,"Minnesota","Cass County",1,60,555,277,278
050,27,021,"Minnesota","Cass County",1,61,582,290,292
050,27,021,"Minnesota","Cass County",1,62,544,289,255
050,27,021,"Minnesota","Cass County",1,63,542,275,267
050,27,021,"Minnesota","Cass County",1,64,573,295,278
050,27,021,"Minnesota","Cass County",1,65,553,283,270
050,27,021,"Minnesota","Cass County",1,66,560,288,272
050,27,021,"Minnesota","Cass County",1,67,555,286,269
050,27,021,"Minnesota","Cass County",1,68,541,286,255
050,27,021,"Minnesota","Cass County",1,69,493,258,235
050,27,021,"Minnesota","Cass County",1,70,471,243,228
050,27,021,"Minnesota","Cass County",1,71,450,240,210
050,27,021,"Minnesota","Cass County",1,72,447,231,216
050,27,021,"Minnesota","Cass County",1,73,448,232,216
050,27,021,"Minnesota","Cass County",1,74,305,160,145
050,27,021,"Minnesota","Cass County",1,75,320,176,144
050,27,021,"Minnesota","Cass County",1,76,307,155,152
050,27,021,"Minnesota","Cass County",1,77,316,160,156
050,27,021,"Minnesota","Cass County",1,78,315,162,153
050,27,021,"Minnesota","Cass County",1,79,261,131,130
050,27,021,"Minnesota","Cass County",1,80,220,120,100
050,27,021,"Minnesota","Cass County",1,81,223,120,103
050,27,021,"Minnesota","Cass County",1,82,167,85,82
050,27,021,"Minnesota","Cass County",1,83,124,67,57
050,27,021,"Minnesota","Cass County",1,84,134,72,62
050,27,021,"Minnesota","Cass County",1,85,705,281,424
050,27,021,"Minnesota","Cass County",2,0,269,136,133
050,27,021,"Minnesota","Cass County",2,1,283,156,127
050,27,021,"Minnesota","Cass County",2,2,297,160,137
050,27,021,"Minnesota","Cass County",2,3,291,146,145
050,27,021,"Minnesota","Cass County",2,4,319,174,145
050,27,021,"Minnesota","Cass County",2,5,353,201,152
050,27,021,"Minnesota","Cass County",2,6,364,195,169
050,27,021,"Minnesota","Cass County",2,7,350,184,166
050,27,021,"Minnesota","Cass County",2,8,366,195,171
050,27,021,"Minnesota","Cass County",2,9,338,181,157
050,27,021,"Minnesota","Cass County",2,10,338,183,155
050,27,021,"Minnesota","Cass County",2,11,346,186,160
050,27,021,"Minnesota","Cass County",2,12,379,197,182
050,27,021,"Minnesota","Cass County",2,13,383,202,181
050,27,021,"Minnesota","Cass County",2,14,393,209,184
050,27,021,"Minnesota","Cass County",2,15,403,213,190
050,27,021,"Minnesota","Cass County",2,16,367,194,173
050,27,021,"Minnesota","Cass County",2,17,356,181,175
050,27,021,"Minnesota","Cass County",2,18,318,172,146
050,27,021,"Minnesota","Cass County",2,19,246,135,111
050,27,021,"Minnesota","Cass County",2,20,245,133,112
050,27,021,"Minnesota","Cass County",2,21,241,125,116
050,27,021,"Minnesota","Cass County",2,22,224,109,115
050,27,021,"Minnesota","Cass County",2,23,246,125,121
050,27,021,"Minnesota","Cass County",2,24,260,134,126
050,27,021,"Minnesota","Cass County",2,25,261,130,131
050,27,021,"Minnesota","Cass County",2,26,276,148,128
050,27,021,"Minnesota","Cass County",2,27,282,147,135
050,27,021,"Minnesota","Cass County",2,28,276,134,142
050,27,021,"Minnesota","Cass County",2,29,278,126,152
050,27,021,"Minnesota","Cass County",2,30,271,128,143
050,27,021,"Minnesota","Cass County",2,31,249,124,125
050,27,021,"Minnesota","Cass County",2,32,268,133,135
050,27,021,"Minnesota","Cass County",2,33,289,149,140
050,27,021,"Minnesota","Cass County",2,34,306,158,148
050,27,021,"Minnesota","Cass County",2,35,321,167,154
050,27,021,"Minnesota","Cass County",2,36,314,158,156
050,27,021,"Minnesota","Cass County",2,37,317,156,161
050,27,021,"Minnesota","Cass County",2,38,322,167,155
050,27,021,"Minnesota","Cass County",2,39,298,153,145
050,27,021,"Minnesota","Cass County",2,40,297,151,146
050,27,021,"Minnesota","Cass County",2,41,304,160,144
050,27,021,"Minnesota","Cass County",2,42,305,166,139
050,27,021,"Minnesota","Cass County",2,43,302,159,143
050,27,021,"Minnesota","Cass County",2,44,295,163,132
050,27,021,"Minnesota","Cass County",2,45,270,141,129
050,27,021,"Minnesota","Cass County",2,46,279,138,141
050,27,021,"Minnesota","Cass County",2,47,284,142,142
050,27,021,"Minnesota","Cass County",2,48,274,146,128
050,27,021,"Minnesota","Cass County",2,49,314,162,152
050,27,021,"Minnesota","Cass County",2,50,350,171,179
050,27,021,"Minnesota","Cass County",2,51,360,181,179
050,27,021,"Minnesota","Cass County",2,52,360,186,174
050,27,021,"Minnesota","Cass County",2,53,360,182,178
050,27,021,"Minnesota","Cass County",2,54,370,192,178
050,27,021,"Minnesota","Cass County",2,55,391,200,191
050,27,021,"Minnesota","Cass County",2,56,429,211,218
050,27,021,"Minnesota","Cass County",2,57,465,234,231
050,27,021,"Minnesota","Cass County",2,58,513,258,255
050,27,021,"Minnesota","Cass County",2,59,542,263,279
050,27,021,"Minnesota","Cass County",2,60,556,273,283
050,27,021,"Minnesota","Cass County",2,61,575,288,287
050,27,021,"Minnesota","Cass County",2,62,558,291,267
050,27,021,"Minnesota","Cass County",2,63,550,284,266
050,27,021,"Minnesota","Cass County",2,64,566,292,274
050,27,021,"Minnesota","Cass County",2,65,563,289,274
050,27,021,"Minnesota","Cass County",2,66,559,287,272
050,27,021,"Minnesota","Cass County",2,67,558,289,269
050,27,021,"Minnesota","Cass County",2,68,540,283,257
050,27,021,"Minnesota","Cass County",2,69,509,267,242
050,27,021,"Minnesota","Cass County",2,70,477,249,228
050,27,021,"Minnesota","Cass County",2,71,452,239,213
050,27,021,"Minnesota","Cass County",2,72,441,228,213
050,27,021,"Minnesota","Cass County",2,73,471,245,226
050,27,021,"Minnesota","Cass County",2,74,316,166,150
050,27,021,"Minnesota","Cass County",2,75,314,170,144
050,27,021,"Minnesota","Cass County",2,76,302,153,149
050,27,021,"Minnesota","Cass County",2,77,319,161,158
050,27,021,"Minnesota","Cass County",2,78,304,153,151
050,27,021,"Minnesota","Cass County",2,79,272,138,134
050,27,021,"Minnesota","Cass County",2,80,226,120,106
050,27,021,"Minnesota","Cass County",2,81,220,118,102
050,27,021,"Minnesota","Cass County",2,82,177,92,85
050,27,021,"Minnesota","Cass County",2,83,127,70,57
050,27,021,"Minnesota","Cass County",2,84,130,70,60
050,27,021,"Minnesota","Cass County",2,85,719,291,428
050,27,021,"Minnesota","Cass County",3,0,282,151,131
050,27,021,"Minnesota","Cass County",3,1,268,136,132
050,27,021,"Minnesota","Cass County",3,2,294,150,144
050,27,021,"Minnesota","Cass County",3,3,321,169,152
050,27,021,"Minnesota","Cass County",3,4,320,158,162
050,27,021,"Minnesota","Cass County",3,5,316,175,141
050,27,021,"Minnesota","Cass County",3,6,369,207,162
050,27,021,"Minnesota","Cass County",3,7,381,204,177
050,27,021,"Minnesota","Cass County",3,8,349,184,165
050,27,021,"Minnesota","Cass County",3,9,380,197,183
050,27,021,"Minnesota","Cass County",3,10,328,182,146
050,27,021,"Minnesota","Cass County",3,11,349,190,159
050,27,021,"Minnesota","Cass County",3,12,352,192,160
050,27,021,"Minnesota","Cass County",3,13,378,198,180
050,27,021,"Minnesota","Cass County",3,14,392,202,190
050,27,021,"Minnesota","Cass County",3,15,400,213,187
050,27,021,"Minnesota","Cass County",3,16,410,220,190
050,27,021,"Minnesota","Cass County",3,17,360,192,168
050,27,021,"Minnesota","Cass County",3,18,306,161,145
050,27,021,"Minnesota","Cass County",3,19,237,127,110
050,27,021,"Minnesota","Cass County",3,20,260,142,118
050,27,021,"Minnesota","Cass County",3,21,274,146,128
050,27,021,"Minnesota","Cass County",3,22,255,133,122
050,27,021,"Minnesota","Cass County",3,23,222,112,110
050,27,021,"Minnesota","Cass County",3,24,240,121,119
050,27,021,"Minnesota","Cass County",3,25,261,123,138
050,27,021,"Minnesota","Cass County",3,26,259,135,124
050,27,021,"Minnesota","Cass County",3,27,277,142,135
050,27,021,"Minnesota","Cass County",3,28,282,147,135
050,27,021,"Minnesota","Cass County",3,29,279,134,145
050,27,021,"Minnesota","Cass County",3,30,259,118,141
050,27,021,"Minnesota","Cass County",3,31,273,128,145
050,27,021,"Minnesota","Cass County",3,32,264,130,134
050,27,021,"Minnesota","Cass County",3,33,284,136,148
050,27,021,"Minnesota","Cass County",3,34,306,149,157
050,27,021,"Minnesota","Cass County",3,35,317,162,155
050,27,021,"Minnesota","Cass County",3,36,339,186,153
050,27,021,"Minnesota","Cass County",3,37,309,152,157
050,27,021,"Minnesota","Cass County",3,38,348,182,166
050,27,021,"Minnesota","Cass County",3,39,318,161,157
050,27,021,"Minnesota","Cass County",3,40,302,146,156
050,27,021,"Minnesota","Cass County",3,41,315,163,152
050,27,021,"Minnesota","Cass County",3,42,325,175,150
050,27,021,"Minnesota","Cass County",3,43,298,159,139
050,27,021,"Minnesota","Cass County",3,44,317,169,148
050,27,021,"Minnesota","Cass County",3,45,290,159,131
050,27,021,"Minnesota","Cass County",3,46,285,151,134
050,27,021,"Minnesota","Cass County",3,47,276,137,139
050,27,021,"Minnesota","Cass County",3,48,299,148,151
050,27,021,"Minnesota","Cass County",3,49,275,147,128
050,27,021,"Minnesota","Cass County",3,50,318,170,148
050,27,021,"Minnesota","Cass County",3,51,370,185,185
050,27,021,"Minnesota","Cass County",3,52,366,179,187
050,27,021,"Minnesota","Cass County",3,53,367,185,182
050,27,021,"Minnesota","Cass County",3,54,369,187,182
050,27,021,"Minnesota","Cass County",3,55,396,203,193
050,27,021,"Minnesota","Cass County",3,56,414,218,196
050,27,021,"Minnesota","Cass County",3,57,462,222,240
050,27,021,"Minnesota","Cass County",3,58,505,257,248
050,27,021,"Minnesota","Cass County",3,59,539,269,270
050,27,021,"Minnesota","Cass County",3,60,572,280,292
050,27,021,"Minnesota","Cass County",3,61,603,297,306
050,27,021,"Minnesota","Cass County",3,62,600,302,298
050,27,021,"Minnesota","Cass County",3,63,582,311,271
050,27,021,"Minnesota","Cass County",3,64,570,302,268
050,27,021,"Minnesota","Cass County",3,65,569,287,282
050,27,021,"Minnesota","Cass County",3,66,589,306,283
050,27,021,"Minnesota","Cass County",3,67,572,301,271
050,27,021,"Minnesota","Cass County",3,68,559,281,278
050,27,021,"Minnesota","Cass County",3,69,528,277,251
050,27,021,"Minnesota","Cass County",3,70,504,262,242
050,27,021,"Minnesota","Cass County",3,71,457,242,215
050,27,021,"Minnesota","Cass County",3,72,443,232,211
050,27,021,"Minnesota","Cass County",3,73,430,231,199
050,27,021,"Minnesota","Cass County",3,74,456,234,222
050,27,021,"Minnesota","Cass County",3,75,302,158,144
050,27,021,"Minnesota","Cass County",3,76,303,167,136
050,27,021,"Minnesota","Cass County",3,77,286,146,140
050,27,021,"Minnesota","Cass County",3,78,307,145,162
050,27,021,"Minnesota","Cass County",3,79,289,143,146
050,27,021,"Minnesota","Cass County",3,80,243,122,121
050,27,021,"Minnesota","Cass County",3,81,217,111,106
050,27,021,"Minnesota","Cass County",3,82,200,109,91
050,27,021,"Minnesota","Cass County",3,83,154,81,73
050,27,021,"Minnesota","Cass County",3,84,110,60,50
050,27,021,"Minnesota","Cass County",3,85,731,296,435
050,27,021,"Minnesota","Cass County",4,0,282,145,137
050,27,021,"Minnesota","Cass County",4,1,290,136,154
050,27,021,"Minnesota","Cass County",4,2,287,158,129
050,27,021,"Minnesota","Cass County",4,3,310,157,153
050,27,021,"Minnesota","Cass County",4,4,326,173,153
050,27,021,"Minnesota","Cass County",4,5,339,171,168
050,27,021,"Minnesota","Cass County",4,6,326,186,140
050,27,021,"Minnesota","Cass County",4,7,381,213,168
050,27,021,"Minnesota","Cass County",4,8,371,199,172
050,27,021,"Minnesota","Cass County",4,9,355,190,165
050,27,021,"Minnesota","Cass County",4,10,381,197,184
050,27,021,"Minnesota","Cass County",4,11,328,188,140
050,27,021,"Minnesota","Cass County",4,12,361,200,161
050,27,021,"Minnesota","Cass County",4,13,355,198,157
050,27,021,"Minnesota","Cass County",4,14,390,192,198
050,27,021,"Minnesota","Cass County",4,15,410,211,199
050,27,021,"Minnesota","Cass County",4,16,408,216,192
050,27,021,"Minnesota","Cass County",4,17,412,225,187
050,27,021,"Minnesota","Cass County",4,18,319,175,144
050,27,021,"Minnesota","Cass County",4,19,236,125,111
050,27,021,"Minnesota","Cass County",4,20,251,132,119
050,27,021,"Minnesota","Cass County",4,21,296,161,135
050,27,021,"Minnesota","Cass County",4,22,271,146,125
050,27,021,"Minnesota","Cass County",4,23,280,147,133
050,27,021,"Minnesota","Cass County",4,24,234,132,102
050,27,021,"Minnesota","Cass County",4,25,235,122,113
050,27,021,"Minnesota","Cass County",4,26,290,137,153
050,27,021,"Minnesota","Cass County",4,27,266,136,130
050,27,021,"Minnesota","Cass County",4,28,284,147,137
050,27,021,"Minnesota","Cass County",4,29,297,149,148
050,27,021,"Minnesota","Cass County",4,30,300,150,150
050,27,021,"Minnesota","Cass County",4,31,268,123,145
050,27,021,"Minnesota","Cass County",4,32,300,141,159
050,27,021,"Minnesota","Cass County",4,33,269,134,135
050,27,021,"Minnesota","Cass County",4,34,283,140,143
050,27,021,"Minnesota","Cass County",4,35,290,141,149
050,27,021,"Minnesota","Cass County",4,36,344,181,163
050,27,021,"Minnesota","Cass County",4,37,347,187,160
050,27,021,"Minnesota","Cass County",4,38,316,159,157
050,27,021,"Minnesota","Cass County",4,39,349,180,169
050,27,021,"Minnesota","Cass County",4,40,329,170,159
050,27,021,"Minnesota","Cass County",4,41,320,160,160
050,27,021,"Minnesota","Cass County",4,42,326,166,160
050,27,021,"Minnesota","Cass County",4,43,317,169,148
050,27,021,"Minnesota","Cass County",4,44,321,172,149
050,27,021,"Minnesota","Cass County",4,45,318,174,144
050,27,021,"Minnesota","Cass County",4,46,300,164,136
050,27,021,"Minnesota","Cass County",4,47,292,154,138
050,27,021,"Minnesota","Cass County",4,48,278,137,141
050,27,021,"Minnesota","Cass County",4,49,303,152,151
050,27,021,"Minnesota","Cass County",4,50,291,149,142
050,27,021,"Minnesota","Cass County",4,51,334,179,155
050,27,021,"Minnesota","Cass County",4,52,384,193,191
050,27,021,"Minnesota","Cass County",4,53,373,185,188
050,27,021,"Minnesota","Cass County",4,54,392,197,195
050,27,021,"Minnesota","Cass County",4,55,373,183,190
050,27,021,"Minnesota","Cass County",4,56,413,214,199
050,27,021,"Minnesota","Cass County",4,57,446,227,219
050,27,021,"Minnesota","Cass County",4,58,479,243,236
050,27,021,"Minnesota","Cass County",4,59,519,262,257
050,27,021,"Minnesota","Cass County",4,60,576,284,292
050,27,021,"Minnesota","Cass County",4,61,609,302,307
050,27,021,"Minnesota","Cass County",4,62,655,322,333
050,27,021,"Minnesota","Cass County",4,63,639,322,317
050,27,021,"Minnesota","Cass County",4,64,623,338,285
050,27,021,"Minnesota","Cass County",4,65,580,314,266
050,27,021,"Minnesota","Cass County",4,66,586,294,292
050,27,021,"Minnesota","Cass County",4,67,594,315,279
050,27,021,"Minnesota","Cass County",4,68,575,290,285
050,27,021,"Minnesota","Cass County",4,69,550,277,273
050,27,021,"Minnesota","Cass County",4,70,525,274,251
050,27,021,"Minnesota","Cass County",4,71,490,261,229
050,27,021,"Minnesota","Cass County",4,72,436,230,206
050,27,021,"Minnesota","Cass County",4,73,431,226,205
050,27,021,"Minnesota","Cass County",4,74,416,225,191
050,27,021,"Minnesota","Cass County",4,75,441,227,214
050,27,021,"Minnesota","Cass County",4,76,286,149,137
050,27,021,"Minnesota","Cass County",4,77,291,158,133
050,27,021,"Minnesota","Cass County",4,78,277,135,142
050,27,021,"Minnesota","Cass County",4,79,294,139,155
050,27,021,"Minnesota","Cass County",4,80,247,119,128
050,27,021,"Minnesota","Cass County",4,81,230,106,124
050,27,021,"Minnesota","Cass County",4,82,193,100,93
050,27,021,"Minnesota","Cass County",4,83,176,96,80
050,27,021,"Minnesota","Cass County",4,84,129,69,60
050,27,021,"Minnesota","Cass County",4,85,714,282,432
050,27,021,"Minnesota","Cass County",5,0,283,146,137
050,27,021,"Minnesota","Cass County",5,1,263,157,106
050,27,021,"Minnesota","Cass County",5,2,311,154,157
050,27,021,"Minnesota","Cass County",5,3,295,165,130
050,27,021,"Minnesota","Cass County",5,4,305,157,148
050,27,021,"Minnesota","Cass County",5,5,323,176,147
050,27,021,"Minnesota","Cass County",5,6,323,155,168
050,27,021,"Minnesota","Cass County",5,7,333,189,144
050,27,021,"Minnesota","Cass County",5,8,378,212,166
050,27,021,"Minnesota","Cass County",5,9,383,210,173
050,27,021,"Minnesota","Cass County",5,10,358,182,176
050,27,021,"Minnesota","Cass County",5,11,394,197,197
050,27,021,"Minnesota","Cass County",5,12,346,192,154
050,27,021,"Minnesota","Cass County",5,13,376,203,173
050,27,021,"Minnesota","Cass County",5,14,349,198,151
050,27,021,"Minnesota","Cass County",5,15,394,196,198
050,27,021,"Minnesota","Cass County",5,16,420,220,200
050,27,021,"Minnesota","Cass County",5,17,400,217,183
050,27,021,"Minnesota","Cass County",5,18,345,190,155
050,27,021,"Minnesota","Cass County",5,19,271,141,130
050,27,021,"Minnesota","Cass County",5,20,239,122,117
050,27,021,"Minnesota","Cass County",5,21,283,146,137
050,27,021,"Minnesota","Cass County",5,22,291,166,125
050,27,021,"Minnesota","Cass County",5,23,252,137,115
050,27,021,"Minnesota","Cass County",5,24,286,146,140
050,27,021,"Minnesota","Cass County",5,25,218,125,93
050,27,021,"Minnesota","Cass County",5,26,248,134,114
050,27,021,"Minnesota","Cass County",5,27,280,129,151
050,27,021,"Minnesota","Cass County",5,28,264,128,136
050,27,021,"Minnesota","Cass County",5,29,294,156,138
050,27,021,"Minnesota","Cass County",5,30,297,150,147
050,27,021,"Minnesota","Cass County",5,31,291,148,143
050,27,021,"Minnesota","Cass County",5,32,284,133,151
050,27,021,"Minnesota","Cass County",5,33,300,138,162
050,27,021,"Minnesota","Cass County",5,34,266,127,139
050,27,021,"Minnesota","Cass County",5,35,302,146,156
050,27,021,"Minnesota","Cass County",5,36,297,138,159
050,27,021,"Minnesota","Cass County",5,37,344,177,167
050,27,021,"Minnesota","Cass County",5,38,351,192,159
050,27,021,"Minnesota","Cass County",5,39,310,158,152
050,27,021,"Minnesota","Cass County",5,40,365,187,178
050,27,021,"Minnesota","Cass County",5,41,342,179,163
050,27,021,"Minnesota","Cass County",5,42,324,164,160
050,27,021,"Minnesota","Cass County",5,43,323,162,161
050,27,021,"Minnesota","Cass County",5,44,332,173,159
050,27,021,"Minnesota","Cass County",5,45,315,167,148
050,27,021,"Minnesota","Cass County",5,46,319,172,147
050,27,021,"Minnesota","Cass County",5,47,292,158,134
050,27,021,"Minnesota","Cass County",5,48,293,160,133
050,27,021,"Minnesota","Cass County",5,49,289,141,148
050,27,021,"Minnesota","Cass County",5,50,317,161,156
050,27,021,"Minnesota","Cass County",5,51,320,164,156
050,27,021,"Minnesota","Cass County",5,52,343,186,157
050,27,021,"Minnesota","Cass County",5,53,404,203,201
050,27,021,"Minnesota","Cass County",5,54,379,188,191
050,27,021,"Minnesota","Cass County",5,55,402,199,203
050,27,021,"Minnesota","Cass County",5,56,385,189,196
050,27,021,"Minnesota","Cass County",5,57,436,221,215
050,27,021,"Minnesota","Cass County",5,58,468,239,229
050,27,021,"Minnesota","Cass County",5,59,520,268,252
050,27,021,"Minnesota","Cass County",5,60,508,256,252
050,27,021,"Minnesota","Cass County",5,61,595,295,300
050,27,021,"Minnesota","Cass County",5,62,635,314,321
050,27,021,"Minnesota","Cass County",5,63,673,335,338
050,27,021,"Minnesota","Cass County",5,64,658,337,321
050,27,021,"Minnesota","Cass County",5,65,634,343,291
050,27,021,"Minnesota","Cass County",5,66,570,316,254
050,27,021,"Minnesota","Cass County",5,67,597,306,291
050,27,021,"Minnesota","Cass County",5,68,586,310,276
050,27,021,"Minnesota","Cass County",5,69,565,286,279
050,27,021,"Minnesota","Cass County",5,70,550,278,272
050,27,021,"Minnesota","Cass County",5,71,502,259,243
050,27,021,"Minnesota","Cass County",5,72,472,247,225
050,27,021,"Minnesota","Cass County",5,73,416,217,199
050,27,021,"Minnesota","Cass County",5,74,401,212,189
050,27,021,"Minnesota","Cass County",5,75,393,216,177
050,27,021,"Minnesota","Cass County",5,76,414,212,202
050,27,021,"Minnesota","Cass County",5,77,272,141,131
050,27,021,"Minnesota","Cass County",5,78,275,145,130
050,27,021,"Minnesota","Cass County",5,79,266,132,134
050,27,021,"Minnesota","Cass County",5,80,257,113,144
050,27,021,"Minnesota","Cass County",5,81,244,113,131
050,27,021,"Minnesota","Cass County",5,82,204,93,111
050,27,021,"Minnesota","Cass County",5,83,174,89,85
050,27,021,"Minnesota","Cass County",5,84,157,87,70
050,27,021,"Minnesota","Cass County",5,85,713,278,435
050,27,023,"Minnesota","Chippewa County",1,0,156,79,77
050,27,023,"Minnesota","Chippewa County",1,1,171,85,86
050,27,023,"Minnesota","Chippewa County",1,2,179,96,83
050,27,023,"Minnesota","Chippewa County",1,3,166,78,88
050,27,023,"Minnesota","Chippewa County",1,4,188,88,100
050,27,023,"Minnesota","Chippewa County",1,5,191,101,90
050,27,023,"Minnesota","Chippewa County",1,6,181,97,84
050,27,023,"Minnesota","Chippewa County",1,7,187,95,92
050,27,023,"Minnesota","Chippewa County",1,8,183,87,96
050,27,023,"Minnesota","Chippewa County",1,9,166,91,75
050,27,023,"Minnesota","Chippewa County",1,10,161,87,74
050,27,023,"Minnesota","Chippewa County",1,11,171,85,86
050,27,023,"Minnesota","Chippewa County",1,12,182,82,100
050,27,023,"Minnesota","Chippewa County",1,13,193,91,102
050,27,023,"Minnesota","Chippewa County",1,14,176,93,83
050,27,023,"Minnesota","Chippewa County",1,15,160,92,68
050,27,023,"Minnesota","Chippewa County",1,16,172,89,83
050,27,023,"Minnesota","Chippewa County",1,17,159,84,75
050,27,023,"Minnesota","Chippewa County",1,18,128,70,58
050,27,023,"Minnesota","Chippewa County",1,19,114,62,52
050,27,023,"Minnesota","Chippewa County",1,20,112,56,56
050,27,023,"Minnesota","Chippewa County",1,21,131,62,69
050,27,023,"Minnesota","Chippewa County",1,22,127,71,56
050,27,023,"Minnesota","Chippewa County",1,23,134,79,55
050,27,023,"Minnesota","Chippewa County",1,24,139,77,62
050,27,023,"Minnesota","Chippewa County",1,25,138,82,56
050,27,023,"Minnesota","Chippewa County",1,26,149,79,70
050,27,023,"Minnesota","Chippewa County",1,27,148,77,71
050,27,023,"Minnesota","Chippewa County",1,28,151,65,86
050,27,023,"Minnesota","Chippewa County",1,29,152,65,87
050,27,023,"Minnesota","Chippewa County",1,30,141,73,68
050,27,023,"Minnesota","Chippewa County",1,31,132,81,51
050,27,023,"Minnesota","Chippewa County",1,32,137,79,58
050,27,023,"Minnesota","Chippewa County",1,33,146,72,74
050,27,023,"Minnesota","Chippewa County",1,34,140,73,67
050,27,023,"Minnesota","Chippewa County",1,35,155,82,73
050,27,023,"Minnesota","Chippewa County",1,36,158,85,73
050,27,023,"Minnesota","Chippewa County",1,37,157,82,75
050,27,023,"Minnesota","Chippewa County",1,38,177,95,82
050,27,023,"Minnesota","Chippewa County",1,39,145,72,73
050,27,023,"Minnesota","Chippewa County",1,40,155,87,68
050,27,023,"Minnesota","Chippewa County",1,41,136,70,66
050,27,023,"Minnesota","Chippewa County",1,42,123,64,59
050,27,023,"Minnesota","Chippewa County",1,43,137,64,73
050,27,023,"Minnesota","Chippewa County",1,44,134,68,66
050,27,023,"Minnesota","Chippewa County",1,45,103,54,49
050,27,023,"Minnesota","Chippewa County",1,46,109,59,50
050,27,023,"Minnesota","Chippewa County",1,47,121,61,60
050,27,023,"Minnesota","Chippewa County",1,48,124,61,63
050,27,023,"Minnesota","Chippewa County",1,49,121,61,60
050,27,023,"Minnesota","Chippewa County",1,50,116,61,55
050,27,023,"Minnesota","Chippewa County",1,51,130,65,65
050,27,023,"Minnesota","Chippewa County",1,52,146,69,77
050,27,023,"Minnesota","Chippewa County",1,53,156,78,78
050,27,023,"Minnesota","Chippewa County",1,54,158,76,82
050,27,023,"Minnesota","Chippewa County",1,55,171,88,83
050,27,023,"Minnesota","Chippewa County",1,56,168,92,76
050,27,023,"Minnesota","Chippewa County",1,57,166,77,89
050,27,023,"Minnesota","Chippewa County",1,58,173,87,86
050,27,023,"Minnesota","Chippewa County",1,59,183,91,92
050,27,023,"Minnesota","Chippewa County",1,60,157,88,69
050,27,023,"Minnesota","Chippewa County",1,61,183,86,97
050,27,023,"Minnesota","Chippewa County",1,62,182,83,99
050,27,023,"Minnesota","Chippewa County",1,63,170,85,85
050,27,023,"Minnesota","Chippewa County",1,64,161,83,78
050,27,023,"Minnesota","Chippewa County",1,65,169,95,74
050,27,023,"Minnesota","Chippewa County",1,66,170,86,84
050,27,023,"Minnesota","Chippewa County",1,67,154,79,75
050,27,023,"Minnesota","Chippewa County",1,68,165,84,81
050,27,023,"Minnesota","Chippewa County",1,69,152,72,80
050,27,023,"Minnesota","Chippewa County",1,70,131,69,62
050,27,023,"Minnesota","Chippewa County",1,71,134,75,59
050,27,023,"Minnesota","Chippewa County",1,72,134,68,66
050,27,023,"Minnesota","Chippewa County",1,73,108,52,56
050,27,023,"Minnesota","Chippewa County",1,74,89,45,44
050,27,023,"Minnesota","Chippewa County",1,75,109,50,59
050,27,023,"Minnesota","Chippewa County",1,76,110,54,56
050,27,023,"Minnesota","Chippewa County",1,77,100,43,57
050,27,023,"Minnesota","Chippewa County",1,78,93,43,50
050,27,023,"Minnesota","Chippewa County",1,79,81,41,40
050,27,023,"Minnesota","Chippewa County",1,80,81,40,41
050,27,023,"Minnesota","Chippewa County",1,81,74,31,43
050,27,023,"Minnesota","Chippewa County",1,82,67,34,33
050,27,023,"Minnesota","Chippewa County",1,83,63,32,31
050,27,023,"Minnesota","Chippewa County",1,84,69,31,38
050,27,023,"Minnesota","Chippewa County",1,85,416,135,281
050,27,023,"Minnesota","Chippewa County",2,0,155,78,77
050,27,023,"Minnesota","Chippewa County",2,1,164,81,83
050,27,023,"Minnesota","Chippewa County",2,2,176,92,84
050,27,023,"Minnesota","Chippewa County",2,3,171,85,86
050,27,023,"Minnesota","Chippewa County",2,4,187,89,98
050,27,023,"Minnesota","Chippewa County",2,5,191,99,92
050,27,023,"Minnesota","Chippewa County",2,6,182,97,85
050,27,023,"Minnesota","Chippewa County",2,7,186,96,90
050,27,023,"Minnesota","Chippewa County",2,8,184,89,95
050,27,023,"Minnesota","Chippewa County",2,9,170,90,80
050,27,023,"Minnesota","Chippewa County",2,10,164,88,76
050,27,023,"Minnesota","Chippewa County",2,11,166,84,82
050,27,023,"Minnesota","Chippewa County",2,12,180,82,98
050,27,023,"Minnesota","Chippewa County",2,13,189,87,102
050,27,023,"Minnesota","Chippewa County",2,14,183,94,89
050,27,023,"Minnesota","Chippewa County",2,15,167,94,73
050,27,023,"Minnesota","Chippewa County",2,16,170,91,79
050,27,023,"Minnesota","Chippewa County",2,17,163,86,77
050,27,023,"Minnesota","Chippewa County",2,18,129,71,58
050,27,023,"Minnesota","Chippewa County",2,19,110,60,50
050,27,023,"Minnesota","Chippewa County",2,20,115,58,57
050,27,023,"Minnesota","Chippewa County",2,21,128,60,68
050,27,023,"Minnesota","Chippewa County",2,22,129,72,57
050,27,023,"Minnesota","Chippewa County",2,23,130,74,56
050,27,023,"Minnesota","Chippewa County",2,24,138,77,61
050,27,023,"Minnesota","Chippewa County",2,25,138,79,59
050,27,023,"Minnesota","Chippewa County",2,26,149,80,69
050,27,023,"Minnesota","Chippewa County",2,27,146,75,71
050,27,023,"Minnesota","Chippewa County",2,28,149,67,82
050,27,023,"Minnesota","Chippewa County",2,29,155,67,88
050,27,023,"Minnesota","Chippewa County",2,30,145,72,73
050,27,023,"Minnesota","Chippewa County",2,31,134,78,56
050,27,023,"Minnesota","Chippewa County",2,32,134,78,56
050,27,023,"Minnesota","Chippewa County",2,33,141,71,70
050,27,023,"Minnesota","Chippewa County",2,34,142,73,69
050,27,023,"Minnesota","Chippewa County",2,35,153,81,72
050,27,023,"Minnesota","Chippewa County",2,36,155,83,72
050,27,023,"Minnesota","Chippewa County",2,37,158,83,75
050,27,023,"Minnesota","Chippewa County",2,38,174,93,81
050,27,023,"Minnesota","Chippewa County",2,39,150,76,74
050,27,023,"Minnesota","Chippewa County",2,40,155,85,70
050,27,023,"Minnesota","Chippewa County",2,41,140,74,66
050,27,023,"Minnesota","Chippewa County",2,42,127,66,61
050,27,023,"Minnesota","Chippewa County",2,43,134,64,70
050,27,023,"Minnesota","Chippewa County",2,44,135,68,67
050,27,023,"Minnesota","Chippewa County",2,45,110,58,52
050,27,023,"Minnesota","Chippewa County",2,46,107,58,49
050,27,023,"Minnesota","Chippewa County",2,47,119,61,58
050,27,023,"Minnesota","Chippewa County",2,48,124,61,63
050,27,023,"Minnesota","Chippewa County",2,49,121,60,61
050,27,023,"Minnesota","Chippewa County",2,50,116,61,55
050,27,023,"Minnesota","Chippewa County",2,51,126,64,62
050,27,023,"Minnesota","Chippewa County",2,52,144,69,75
050,27,023,"Minnesota","Chippewa County",2,53,153,75,78
050,27,023,"Minnesota","Chippewa County",2,54,158,77,81
050,27,023,"Minnesota","Chippewa County",2,55,170,87,83
050,27,023,"Minnesota","Chippewa County",2,56,170,91,79
050,27,023,"Minnesota","Chippewa County",2,57,164,78,86
050,27,023,"Minnesota","Chippewa County",2,58,171,85,86
050,27,023,"Minnesota","Chippewa County",2,59,180,90,90
050,27,023,"Minnesota","Chippewa County",2,60,164,89,75
050,27,023,"Minnesota","Chippewa County",2,61,178,87,91
050,27,023,"Minnesota","Chippewa County",2,62,182,85,97
050,27,023,"Minnesota","Chippewa County",2,63,176,86,90
050,27,023,"Minnesota","Chippewa County",2,64,164,85,79
050,27,023,"Minnesota","Chippewa County",2,65,164,90,74
050,27,023,"Minnesota","Chippewa County",2,66,170,89,81
050,27,023,"Minnesota","Chippewa County",2,67,158,81,77
050,27,023,"Minnesota","Chippewa County",2,68,160,82,78
050,27,023,"Minnesota","Chippewa County",2,69,156,76,80
050,27,023,"Minnesota","Chippewa County",2,70,134,68,66
050,27,023,"Minnesota","Chippewa County",2,71,134,74,60
050,27,023,"Minnesota","Chippewa County",2,72,134,70,64
050,27,023,"Minnesota","Chippewa County",2,73,118,58,60
050,27,023,"Minnesota","Chippewa County",2,74,84,43,41
050,27,023,"Minnesota","Chippewa County",2,75,105,49,56
050,27,023,"Minnesota","Chippewa County",2,76,109,53,56
050,27,023,"Minnesota","Chippewa County",2,77,104,46,58
050,27,023,"Minnesota","Chippewa County",2,78,93,42,51
050,27,023,"Minnesota","Chippewa County",2,79,81,41,40
050,27,023,"Minnesota","Chippewa County",2,80,81,40,41
050,27,023,"Minnesota","Chippewa County",2,81,71,31,40
050,27,023,"Minnesota","Chippewa County",2,82,68,33,35
050,27,023,"Minnesota","Chippewa County",2,83,63,32,31
050,27,023,"Minnesota","Chippewa County",2,84,67,30,37
050,27,023,"Minnesota","Chippewa County",2,85,416,138,278
050,27,023,"Minnesota","Chippewa County",3,0,140,71,69
050,27,023,"Minnesota","Chippewa County",3,1,144,71,73
050,27,023,"Minnesota","Chippewa County",3,2,158,84,74
050,27,023,"Minnesota","Chippewa County",3,3,170,90,80
050,27,023,"Minnesota","Chippewa County",3,4,164,81,83
050,27,023,"Minnesota","Chippewa County",3,5,186,86,100
050,27,023,"Minnesota","Chippewa County",3,6,189,98,91
050,27,023,"Minnesota","Chippewa County",3,7,185,100,85
050,27,023,"Minnesota","Chippewa County",3,8,186,91,95
050,27,023,"Minnesota","Chippewa County",3,9,186,89,97
050,27,023,"Minnesota","Chippewa County",3,10,157,80,77
050,27,023,"Minnesota","Chippewa County",3,11,168,90,78
050,27,023,"Minnesota","Chippewa County",3,12,173,85,88
050,27,023,"Minnesota","Chippewa County",3,13,178,83,95
050,27,023,"Minnesota","Chippewa County",3,14,187,87,100
050,27,023,"Minnesota","Chippewa County",3,15,185,94,91
050,27,023,"Minnesota","Chippewa County",3,16,158,84,74
050,27,023,"Minnesota","Chippewa County",3,17,164,89,75
050,27,023,"Minnesota","Chippewa County",3,18,144,77,67
050,27,023,"Minnesota","Chippewa County",3,19,102,59,43
050,27,023,"Minnesota","Chippewa County",3,20,112,60,52
050,27,023,"Minnesota","Chippewa County",3,21,125,61,64
050,27,023,"Minnesota","Chippewa County",3,22,126,62,64
050,27,023,"Minnesota","Chippewa County",3,23,121,71,50
050,27,023,"Minnesota","Chippewa County",3,24,128,75,53
050,27,023,"Minnesota","Chippewa County",3,25,123,68,55
050,27,023,"Minnesota","Chippewa County",3,26,129,72,57
050,27,023,"Minnesota","Chippewa County",3,27,146,77,69
050,27,023,"Minnesota","Chippewa County",3,28,146,73,73
050,27,023,"Minnesota","Chippewa County",3,29,147,63,84
050,27,023,"Minnesota","Chippewa County",3,30,159,69,90
050,27,023,"Minnesota","Chippewa County",3,31,145,72,73
050,27,023,"Minnesota","Chippewa County",3,32,140,79,61
050,27,023,"Minnesota","Chippewa County",3,33,126,75,51
050,27,023,"Minnesota","Chippewa County",3,34,135,67,68
050,27,023,"Minnesota","Chippewa County",3,35,137,71,66
050,27,023,"Minnesota","Chippewa County",3,36,140,77,63
050,27,023,"Minnesota","Chippewa County",3,37,161,87,74
050,27,023,"Minnesota","Chippewa County",3,38,153,84,69
050,27,023,"Minnesota","Chippewa County",3,39,166,86,80
050,27,023,"Minnesota","Chippewa County",3,40,148,76,72
050,27,023,"Minnesota","Chippewa County",3,41,151,86,65
050,27,023,"Minnesota","Chippewa County",3,42,147,78,69
050,27,023,"Minnesota","Chippewa County",3,43,126,65,61
050,27,023,"Minnesota","Chippewa County",3,44,132,66,66
050,27,023,"Minnesota","Chippewa County",3,45,128,66,62
050,27,023,"Minnesota","Chippewa County",3,46,112,60,52
050,27,023,"Minnesota","Chippewa County",3,47,103,53,50
050,27,023,"Minnesota","Chippewa County",3,48,117,59,58
050,27,023,"Minnesota","Chippewa County",3,49,118,58,60
050,27,023,"Minnesota","Chippewa County",3,50,115,55,60
050,27,023,"Minnesota","Chippewa County",3,51,108,56,52
050,27,023,"Minnesota","Chippewa County",3,52,126,66,60
050,27,023,"Minnesota","Chippewa County",3,53,138,63,75
050,27,023,"Minnesota","Chippewa County",3,54,149,72,77
050,27,023,"Minnesota","Chippewa County",3,55,165,80,85
050,27,023,"Minnesota","Chippewa County",3,56,164,84,80
050,27,023,"Minnesota","Chippewa County",3,57,158,81,77
050,27,023,"Minnesota","Chippewa County",3,58,164,77,87
050,27,023,"Minnesota","Chippewa County",3,59,171,85,86
050,27,023,"Minnesota","Chippewa County",3,60,179,89,90
050,27,023,"Minnesota","Chippewa County",3,61,161,89,72
050,27,023,"Minnesota","Chippewa County",3,62,172,85,87
050,27,023,"Minnesota","Chippewa County",3,63,180,83,97
050,27,023,"Minnesota","Chippewa County",3,64,173,88,85
050,27,023,"Minnesota","Chippewa County",3,65,157,81,76
050,27,023,"Minnesota","Chippewa County",3,66,160,89,71
050,27,023,"Minnesota","Chippewa County",3,67,168,84,84
050,27,023,"Minnesota","Chippewa County",3,68,148,76,72
050,27,023,"Minnesota","Chippewa County",3,69,152,77,75
050,27,023,"Minnesota","Chippewa County",3,70,153,75,78
050,27,023,"Minnesota","Chippewa County",3,71,131,66,65
050,27,023,"Minnesota","Chippewa County",3,72,133,75,58
050,27,023,"Minnesota","Chippewa County",3,73,126,63,63
050,27,023,"Minnesota","Chippewa County",3,74,116,57,59
050,27,023,"Minnesota","Chippewa County",3,75,88,42,46
050,27,023,"Minnesota","Chippewa County",3,76,101,46,55
050,27,023,"Minnesota","Chippewa County",3,77,102,47,55
050,27,023,"Minnesota","Chippewa County",3,78,103,50,53
050,27,023,"Minnesota","Chippewa County",3,79,86,38,48
050,27,023,"Minnesota","Chippewa County",3,80,78,36,42
050,27,023,"Minnesota","Chippewa County",3,81,74,36,38
050,27,023,"Minnesota","Chippewa County",3,82,69,33,36
050,27,023,"Minnesota","Chippewa County",3,83,69,34,35
050,27,023,"Minnesota","Chippewa County",3,84,63,27,36
050,27,023,"Minnesota","Chippewa County",3,85,401,135,266
050,27,023,"Minnesota","Chippewa County",4,0,165,91,74
050,27,023,"Minnesota","Chippewa County",4,1,147,85,62
050,27,023,"Minnesota","Chippewa County",4,2,146,72,74
050,27,023,"Minnesota","Chippewa County",4,3,154,80,74
050,27,023,"Minnesota","Chippewa County",4,4,161,84,77
050,27,023,"Minnesota","Chippewa County",4,5,172,88,84
050,27,023,"Minnesota","Chippewa County",4,6,189,92,97
050,27,023,"Minnesota","Chippewa County",4,7,200,104,96
050,27,023,"Minnesota","Chippewa County",4,8,187,102,85
050,27,023,"Minnesota","Chippewa County",4,9,175,83,92
050,27,023,"Minnesota","Chippewa County",4,10,174,83,91
050,27,023,"Minnesota","Chippewa County",4,11,155,78,77
050,27,023,"Minnesota","Chippewa County",4,12,160,88,72
050,27,023,"Minnesota","Chippewa County",4,13,167,82,85
050,27,023,"Minnesota","Chippewa County",4,14,168,76,92
050,27,023,"Minnesota","Chippewa County",4,15,185,84,101
050,27,023,"Minnesota","Chippewa County",4,16,181,91,90
050,27,023,"Minnesota","Chippewa County",4,17,161,86,75
050,27,023,"Minnesota","Chippewa County",4,18,138,75,63
050,27,023,"Minnesota","Chippewa County",4,19,116,60,56
050,27,023,"Minnesota","Chippewa County",4,20,104,60,44
050,27,023,"Minnesota","Chippewa County",4,21,132,70,62
050,27,023,"Minnesota","Chippewa County",4,22,130,70,60
050,27,023,"Minnesota","Chippewa County",4,23,128,60,68
050,27,023,"Minnesota","Chippewa County",4,24,126,76,50
050,27,023,"Minnesota","Chippewa County",4,25,119,70,49
050,27,023,"Minnesota","Chippewa County",4,26,126,69,57
050,27,023,"Minnesota","Chippewa County",4,27,132,73,59
050,27,023,"Minnesota","Chippewa County",4,28,147,73,74
050,27,023,"Minnesota","Chippewa County",4,29,146,73,73
050,27,023,"Minnesota","Chippewa County",4,30,144,64,80
050,27,023,"Minnesota","Chippewa County",4,31,157,71,86
050,27,023,"Minnesota","Chippewa County",4,32,153,76,77
050,27,023,"Minnesota","Chippewa County",4,33,139,81,58
050,27,023,"Minnesota","Chippewa County",4,34,126,71,55
050,27,023,"Minnesota","Chippewa County",4,35,144,75,69
050,27,023,"Minnesota","Chippewa County",4,36,135,70,65
050,27,023,"Minnesota","Chippewa County",4,37,144,73,71
050,27,023,"Minnesota","Chippewa County",4,38,152,90,62
050,27,023,"Minnesota","Chippewa County",4,39,149,80,69
050,27,023,"Minnesota","Chippewa County",4,40,167,86,81
050,27,023,"Minnesota","Chippewa County",4,41,144,72,72
050,27,023,"Minnesota","Chippewa County",4,42,145,85,60
050,27,023,"Minnesota","Chippewa County",4,43,153,81,72
050,27,023,"Minnesota","Chippewa County",4,44,128,65,63
050,27,023,"Minnesota","Chippewa County",4,45,124,62,62
050,27,023,"Minnesota","Chippewa County",4,46,124,65,59
050,27,023,"Minnesota","Chippewa County",4,47,108,57,51
050,27,023,"Minnesota","Chippewa County",4,48,103,53,50
050,27,023,"Minnesota","Chippewa County",4,49,113,57,56
050,27,023,"Minnesota","Chippewa County",4,50,119,60,59
050,27,023,"Minnesota","Chippewa County",4,51,119,56,63
050,27,023,"Minnesota","Chippewa County",4,52,117,63,54
050,27,023,"Minnesota","Chippewa County",4,53,119,62,57
050,27,023,"Minnesota","Chippewa County",4,54,142,62,80
050,27,023,"Minnesota","Chippewa County",4,55,143,73,70
050,27,023,"Minnesota","Chippewa County",4,56,155,77,78
050,27,023,"Minnesota","Chippewa County",4,57,157,78,79
050,27,023,"Minnesota","Chippewa County",4,58,149,76,73
050,27,023,"Minnesota","Chippewa County",4,59,167,78,89
050,27,023,"Minnesota","Chippewa County",4,60,172,84,88
050,27,023,"Minnesota","Chippewa County",4,61,178,89,89
050,27,023,"Minnesota","Chippewa County",4,62,154,85,69
050,27,023,"Minnesota","Chippewa County",4,63,174,85,89
050,27,023,"Minnesota","Chippewa County",4,64,185,88,97
050,27,023,"Minnesota","Chippewa County",4,65,165,80,85
050,27,023,"Minnesota","Chippewa County",4,66,151,77,74
050,27,023,"Minnesota","Chippewa County",4,67,163,88,75
050,27,023,"Minnesota","Chippewa County",4,68,153,76,77
050,27,023,"Minnesota","Chippewa County",4,69,143,74,69
050,27,023,"Minnesota","Chippewa County",4,70,147,72,75
050,27,023,"Minnesota","Chippewa County",4,71,145,71,74
050,27,023,"Minnesota","Chippewa County",4,72,134,66,68
050,27,023,"Minnesota","Chippewa County",4,73,126,72,54
050,27,023,"Minnesota","Chippewa County",4,74,125,62,63
050,27,023,"Minnesota","Chippewa County",4,75,114,54,60
050,27,023,"Minnesota","Chippewa County",4,76,87,44,43
050,27,023,"Minnesota","Chippewa County",4,77,91,37,54
050,27,023,"Minnesota","Chippewa County",4,78,98,51,47
050,27,023,"Minnesota","Chippewa County",4,79,93,47,46
050,27,023,"Minnesota","Chippewa County",4,80,88,35,53
050,27,023,"Minnesota","Chippewa County",4,81,72,33,39
050,27,023,"Minnesota","Chippewa County",4,82,72,38,34
050,27,023,"Minnesota","Chippewa County",4,83,68,33,35
050,27,023,"Minnesota","Chippewa County",4,84,64,29,35
050,27,023,"Minnesota","Chippewa County",4,85,377,123,254
050,27,023,"Minnesota","Chippewa County",5,0,164,90,74
050,27,023,"Minnesota","Chippewa County",5,1,163,85,78
050,27,023,"Minnesota","Chippewa County",5,2,147,86,61
050,27,023,"Minnesota","Chippewa County",5,3,148,76,72
050,27,023,"Minnesota","Chippewa County",5,4,153,82,71
050,27,023,"Minnesota","Chippewa County",5,5,162,85,77
050,27,023,"Minnesota","Chippewa County",5,6,172,92,80
050,27,023,"Minnesota","Chippewa County",5,7,195,100,95
050,27,023,"Minnesota","Chippewa County",5,8,192,100,92
050,27,023,"Minnesota","Chippewa County",5,9,190,104,86
050,27,023,"Minnesota","Chippewa County",5,10,172,88,84
050,27,023,"Minnesota","Chippewa County",5,11,170,81,89
050,27,023,"Minnesota","Chippewa County",5,12,153,78,75
050,27,023,"Minnesota","Chippewa County",5,13,170,96,74
050,27,023,"Minnesota","Chippewa County",5,14,164,80,84
050,27,023,"Minnesota","Chippewa County",5,15,176,82,94
050,27,023,"Minnesota","Chippewa County",5,16,178,83,95
050,27,023,"Minnesota","Chippewa County",5,17,189,96,93
050,27,023,"Minnesota","Chippewa County",5,18,132,70,62
050,27,023,"Minnesota","Chippewa County",5,19,102,58,44
050,27,023,"Minnesota","Chippewa County",5,20,119,65,54
050,27,023,"Minnesota","Chippewa County",5,21,118,63,55
050,27,023,"Minnesota","Chippewa County",5,22,129,69,60
050,27,023,"Minnesota","Chippewa County",5,23,116,64,52
050,27,023,"Minnesota","Chippewa County",5,24,119,63,56
050,27,023,"Minnesota","Chippewa County",5,25,125,74,51
050,27,023,"Minnesota","Chippewa County",5,26,112,59,53
050,27,023,"Minnesota","Chippewa County",5,27,138,71,67
050,27,023,"Minnesota","Chippewa County",5,28,147,79,68
050,27,023,"Minnesota","Chippewa County",5,29,142,72,70
050,27,023,"Minnesota","Chippewa County",5,30,133,68,65
050,27,023,"Minnesota","Chippewa County",5,31,134,57,77
050,27,023,"Minnesota","Chippewa County",5,32,156,72,84
050,27,023,"Minnesota","Chippewa County",5,33,141,73,68
050,27,023,"Minnesota","Chippewa County",5,34,141,79,62
050,27,023,"Minnesota","Chippewa County",5,35,126,70,56
050,27,023,"Minnesota","Chippewa County",5,36,151,81,70
050,27,023,"Minnesota","Chippewa County",5,37,138,65,73
050,27,023,"Minnesota","Chippewa County",5,38,147,77,70
050,27,023,"Minnesota","Chippewa County",5,39,150,83,67
050,27,023,"Minnesota","Chippewa County",5,40,152,78,74
050,27,023,"Minnesota","Chippewa County",5,41,167,88,79
050,27,023,"Minnesota","Chippewa County",5,42,151,76,75
050,27,023,"Minnesota","Chippewa County",5,43,141,83,58
050,27,023,"Minnesota","Chippewa County",5,44,150,78,72
050,27,023,"Minnesota","Chippewa County",5,45,122,59,63
050,27,023,"Minnesota","Chippewa County",5,46,129,66,63
050,27,023,"Minnesota","Chippewa County",5,47,125,64,61
050,27,023,"Minnesota","Chippewa County",5,48,112,61,51
050,27,023,"Minnesota","Chippewa County",5,49,98,51,47
050,27,023,"Minnesota","Chippewa County",5,50,113,59,54
050,27,023,"Minnesota","Chippewa County",5,51,118,59,59
050,27,023,"Minnesota","Chippewa County",5,52,124,61,63
050,27,023,"Minnesota","Chippewa County",5,53,112,57,55
050,27,023,"Minnesota","Chippewa County",5,54,116,58,58
050,27,023,"Minnesota","Chippewa County",5,55,139,64,75
050,27,023,"Minnesota","Chippewa County",5,56,139,72,67
050,27,023,"Minnesota","Chippewa County",5,57,148,70,78
050,27,023,"Minnesota","Chippewa County",5,58,153,78,75
050,27,023,"Minnesota","Chippewa County",5,59,148,75,73
050,27,023,"Minnesota","Chippewa County",5,60,168,79,89
050,27,023,"Minnesota","Chippewa County",5,61,171,82,89
050,27,023,"Minnesota","Chippewa County",5,62,174,90,84
050,27,023,"Minnesota","Chippewa County",5,63,156,86,70
050,27,023,"Minnesota","Chippewa County",5,64,176,89,87
050,27,023,"Minnesota","Chippewa County",5,65,175,77,98
050,27,023,"Minnesota","Chippewa County",5,66,158,75,83
050,27,023,"Minnesota","Chippewa County",5,67,151,77,74
050,27,023,"Minnesota","Chippewa County",5,68,149,81,68
050,27,023,"Minnesota","Chippewa County",5,69,154,78,76
050,27,023,"Minnesota","Chippewa County",5,70,136,69,67
050,27,023,"Minnesota","Chippewa County",5,71,140,70,70
050,27,023,"Minnesota","Chippewa County",5,72,148,74,74
050,27,023,"Minnesota","Chippewa County",5,73,122,61,61
050,27,023,"Minnesota","Chippewa County",5,74,123,68,55
050,27,023,"Minnesota","Chippewa County",5,75,128,62,66
050,27,023,"Minnesota","Chippewa County",5,76,114,54,60
050,27,023,"Minnesota","Chippewa County",5,77,77,38,39
050,27,023,"Minnesota","Chippewa County",5,78,90,42,48
050,27,023,"Minnesota","Chippewa County",5,79,89,47,42
050,27,023,"Minnesota","Chippewa County",5,80,93,44,49
050,27,023,"Minnesota","Chippewa County",5,81,78,31,47
050,27,023,"Minnesota","Chippewa County",5,82,71,34,37
050,27,023,"Minnesota","Chippewa County",5,83,69,36,33
050,27,023,"Minnesota","Chippewa County",5,84,66,30,36
050,27,023,"Minnesota","Chippewa County",5,85,365,121,244
050,27,025,"Minnesota","Chisago County",1,0,591,299,292
050,27,025,"Minnesota","Chisago County",1,1,643,312,331
050,27,025,"Minnesota","Chisago County",1,2,631,302,329
050,27,025,"Minnesota","Chisago County",1,3,696,352,344
050,27,025,"Minnesota","Chisago County",1,4,706,366,340
050,27,025,"Minnesota","Chisago County",1,5,726,373,353
050,27,025,"Minnesota","Chisago County",1,6,670,348,322
050,27,025,"Minnesota","Chisago County",1,7,666,336,330
050,27,025,"Minnesota","Chisago County",1,8,691,356,335
050,27,025,"Minnesota","Chisago County",1,9,735,369,366
050,27,025,"Minnesota","Chisago County",1,10,728,381,347
050,27,025,"Minnesota","Chisago County",1,11,789,399,390
050,27,025,"Minnesota","Chisago County",1,12,767,398,369
050,27,025,"Minnesota","Chisago County",1,13,787,405,382
050,27,025,"Minnesota","Chisago County",1,14,775,396,379
050,27,025,"Minnesota","Chisago County",1,15,768,382,386
050,27,025,"Minnesota","Chisago County",1,16,795,410,385
050,27,025,"Minnesota","Chisago County",1,17,778,399,379
050,27,025,"Minnesota","Chisago County",1,18,647,353,294
050,27,025,"Minnesota","Chisago County",1,19,528,287,241
050,27,025,"Minnesota","Chisago County",1,20,560,299,261
050,27,025,"Minnesota","Chisago County",1,21,608,332,276
050,27,025,"Minnesota","Chisago County",1,22,626,341,285
050,27,025,"Minnesota","Chisago County",1,23,619,335,284
050,27,025,"Minnesota","Chisago County",1,24,583,315,268
050,27,025,"Minnesota","Chisago County",1,25,586,338,248
050,27,025,"Minnesota","Chisago County",1,26,631,354,277
050,27,025,"Minnesota","Chisago County",1,27,668,350,318
050,27,025,"Minnesota","Chisago County",1,28,649,347,302
050,27,025,"Minnesota","Chisago County",1,29,696,380,316
050,27,025,"Minnesota","Chisago County",1,30,662,361,301
050,27,025,"Minnesota","Chisago County",1,31,686,384,302
050,27,025,"Minnesota","Chisago County",1,32,673,361,312
050,27,025,"Minnesota","Chisago County",1,33,737,392,345
050,27,025,"Minnesota","Chisago County",1,34,727,391,336
050,27,025,"Minnesota","Chisago County",1,35,757,393,364
050,27,025,"Minnesota","Chisago County",1,36,761,398,363
050,27,025,"Minnesota","Chisago County",1,37,821,445,376
050,27,025,"Minnesota","Chisago County",1,38,781,425,356
050,27,025,"Minnesota","Chisago County",1,39,804,437,367
050,27,025,"Minnesota","Chisago County",1,40,745,416,329
050,27,025,"Minnesota","Chisago County",1,41,753,394,359
050,27,025,"Minnesota","Chisago County",1,42,695,370,325
050,27,025,"Minnesota","Chisago County",1,43,673,354,319
050,27,025,"Minnesota","Chisago County",1,44,680,363,317
050,27,025,"Minnesota","Chisago County",1,45,662,347,315
050,27,025,"Minnesota","Chisago County",1,46,625,312,313
050,27,025,"Minnesota","Chisago County",1,47,693,355,338
050,27,025,"Minnesota","Chisago County",1,48,786,409,377
050,27,025,"Minnesota","Chisago County",1,49,864,464,400
050,27,025,"Minnesota","Chisago County",1,50,844,456,388
050,27,025,"Minnesota","Chisago County",1,51,808,427,381
050,27,025,"Minnesota","Chisago County",1,52,775,398,377
050,27,025,"Minnesota","Chisago County",1,53,832,439,393
050,27,025,"Minnesota","Chisago County",1,54,847,440,407
050,27,025,"Minnesota","Chisago County",1,55,928,509,419
050,27,025,"Minnesota","Chisago County",1,56,940,486,454
050,27,025,"Minnesota","Chisago County",1,57,914,469,445
050,27,025,"Minnesota","Chisago County",1,58,928,477,451
050,27,025,"Minnesota","Chisago County",1,59,923,493,430
050,27,025,"Minnesota","Chisago County",1,60,855,428,427
050,27,025,"Minnesota","Chisago County",1,61,860,428,432
050,27,025,"Minnesota","Chisago County",1,62,819,418,401
050,27,025,"Minnesota","Chisago County",1,63,767,373,394
050,27,025,"Minnesota","Chisago County",1,64,713,365,348
050,27,025,"Minnesota","Chisago County",1,65,682,346,336
050,27,025,"Minnesota","Chisago County",1,66,603,312,291
050,27,025,"Minnesota","Chisago County",1,67,630,323,307
050,27,025,"Minnesota","Chisago County",1,68,602,314,288
050,27,025,"Minnesota","Chisago County",1,69,566,287,279
050,27,025,"Minnesota","Chisago County",1,70,515,266,249
050,27,025,"Minnesota","Chisago County",1,71,495,254,241
050,27,025,"Minnesota","Chisago County",1,72,504,245,259
050,27,025,"Minnesota","Chisago County",1,73,472,240,232
050,27,025,"Minnesota","Chisago County",1,74,366,181,185
050,27,025,"Minnesota","Chisago County",1,75,370,184,186
050,27,025,"Minnesota","Chisago County",1,76,383,199,184
050,27,025,"Minnesota","Chisago County",1,77,373,186,187
050,27,025,"Minnesota","Chisago County",1,78,284,139,145
050,27,025,"Minnesota","Chisago County",1,79,264,125,139
050,27,025,"Minnesota","Chisago County",1,80,225,116,109
050,27,025,"Minnesota","Chisago County",1,81,214,114,100
050,27,025,"Minnesota","Chisago County",1,82,174,87,87
050,27,025,"Minnesota","Chisago County",1,83,170,78,92
050,27,025,"Minnesota","Chisago County",1,84,160,73,87
050,27,025,"Minnesota","Chisago County",1,85,886,332,554
050,27,025,"Minnesota","Chisago County",2,0,603,287,316
050,27,025,"Minnesota","Chisago County",2,1,627,306,321
050,27,025,"Minnesota","Chisago County",2,2,638,306,332
050,27,025,"Minnesota","Chisago County",2,3,679,338,341
050,27,025,"Minnesota","Chisago County",2,4,711,366,345
050,27,025,"Minnesota","Chisago County",2,5,720,372,348
050,27,025,"Minnesota","Chisago County",2,6,687,355,332
050,27,025,"Minnesota","Chisago County",2,7,665,337,328
050,27,025,"Minnesota","Chisago County",2,8,682,349,333
050,27,025,"Minnesota","Chisago County",2,9,723,365,358
050,27,025,"Minnesota","Chisago County",2,10,734,379,355
050,27,025,"Minnesota","Chisago County",2,11,769,394,375
050,27,025,"Minnesota","Chisago County",2,12,776,401,375
050,27,025,"Minnesota","Chisago County",2,13,782,403,379
050,27,025,"Minnesota","Chisago County",2,14,777,397,380
050,27,025,"Minnesota","Chisago County",2,15,772,387,385
050,27,025,"Minnesota","Chisago County",2,16,790,405,385
050,27,025,"Minnesota","Chisago County",2,17,784,403,381
050,27,025,"Minnesota","Chisago County",2,18,645,348,297
050,27,025,"Minnesota","Chisago County",2,19,527,289,238
050,27,025,"Minnesota","Chisago County",2,20,567,305,262
050,27,025,"Minnesota","Chisago County",2,21,603,329,274
050,27,025,"Minnesota","Chisago County",2,22,625,341,284
050,27,025,"Minnesota","Chisago County",2,23,624,337,287
050,27,025,"Minnesota","Chisago County",2,24,590,321,269
050,27,025,"Minnesota","Chisago County",2,25,592,338,254
050,27,025,"Minnesota","Chisago County",2,26,629,353,276
050,27,025,"Minnesota","Chisago County",2,27,658,350,308
050,27,025,"Minnesota","Chisago County",2,28,655,352,303
050,27,025,"Minnesota","Chisago County",2,29,689,375,314
050,27,025,"Minnesota","Chisago County",2,30,678,370,308
050,27,025,"Minnesota","Chisago County",2,31,688,384,304
050,27,025,"Minnesota","Chisago County",2,32,682,368,314
050,27,025,"Minnesota","Chisago County",2,33,719,382,337
050,27,025,"Minnesota","Chisago County",2,34,736,395,341
050,27,025,"Minnesota","Chisago County",2,35,751,393,358
050,27,025,"Minnesota","Chisago County",2,36,756,393,363
050,27,025,"Minnesota","Chisago County",2,37,815,437,378
050,27,025,"Minnesota","Chisago County",2,38,799,435,364
050,27,025,"Minnesota","Chisago County",2,39,798,433,365
050,27,025,"Minnesota","Chisago County",2,40,768,426,342
050,27,025,"Minnesota","Chisago County",2,41,752,400,352
050,27,025,"Minnesota","Chisago County",2,42,704,374,330
050,27,025,"Minnesota","Chisago County",2,43,685,361,324
050,27,025,"Minnesota","Chisago County",2,44,671,357,314
050,27,025,"Minnesota","Chisago County",2,45,670,352,318
050,27,025,"Minnesota","Chisago County",2,46,636,321,315
050,27,025,"Minnesota","Chisago County",2,47,678,345,333
050,27,025,"Minnesota","Chisago County",2,48,760,394,366
050,27,025,"Minnesota","Chisago County",2,49,851,455,396
050,27,025,"Minnesota","Chisago County",2,50,847,459,388
050,27,025,"Minnesota","Chisago County",2,51,811,432,379
050,27,025,"Minnesota","Chisago County",2,52,776,401,375
050,27,025,"Minnesota","Chisago County",2,53,816,428,388
050,27,025,"Minnesota","Chisago County",2,54,840,439,401
050,27,025,"Minnesota","Chisago County",2,55,908,491,417
050,27,025,"Minnesota","Chisago County",2,56,940,491,449
050,27,025,"Minnesota","Chisago County",2,57,924,474,450
050,27,025,"Minnesota","Chisago County",2,58,917,468,449
050,27,025,"Minnesota","Chisago County",2,59,926,490,436
050,27,025,"Minnesota","Chisago County",2,60,868,441,427
050,27,025,"Minnesota","Chisago County",2,61,857,429,428
050,27,025,"Minnesota","Chisago County",2,62,826,419,407
050,27,025,"Minnesota","Chisago County",2,63,784,385,399
050,27,025,"Minnesota","Chisago County",2,64,722,366,356
050,27,025,"Minnesota","Chisago County",2,65,683,346,337
050,27,025,"Minnesota","Chisago County",2,66,617,318,299
050,27,025,"Minnesota","Chisago County",2,67,620,317,303
050,27,025,"Minnesota","Chisago County",2,68,605,315,290
050,27,025,"Minnesota","Chisago County",2,69,581,298,283
050,27,025,"Minnesota","Chisago County",2,70,525,270,255
050,27,025,"Minnesota","Chisago County",2,71,500,256,244
050,27,025,"Minnesota","Chisago County",2,72,490,242,248
050,27,025,"Minnesota","Chisago County",2,73,507,255,252
050,27,025,"Minnesota","Chisago County",2,74,368,181,187
050,27,025,"Minnesota","Chisago County",2,75,369,185,184
050,27,025,"Minnesota","Chisago County",2,76,375,194,181
050,27,025,"Minnesota","Chisago County",2,77,382,192,190
050,27,025,"Minnesota","Chisago County",2,78,294,144,150
050,27,025,"Minnesota","Chisago County",2,79,268,127,141
050,27,025,"Minnesota","Chisago County",2,80,233,119,114
050,27,025,"Minnesota","Chisago County",2,81,212,111,101
050,27,025,"Minnesota","Chisago County",2,82,181,92,89
050,27,025,"Minnesota","Chisago County",2,83,169,77,92
050,27,025,"Minnesota","Chisago County",2,84,159,72,87
050,27,025,"Minnesota","Chisago County",2,85,896,340,556
050,27,025,"Minnesota","Chisago County",3,0,571,279,292
050,27,025,"Minnesota","Chisago County",3,1,668,323,345
050,27,025,"Minnesota","Chisago County",3,2,670,318,352
050,27,025,"Minnesota","Chisago County",3,3,652,331,321
050,27,025,"Minnesota","Chisago County",3,4,692,350,342
050,27,025,"Minnesota","Chisago County",3,5,724,361,363
050,27,025,"Minnesota","Chisago County",3,6,731,371,360
050,27,025,"Minnesota","Chisago County",3,7,708,373,335
050,27,025,"Minnesota","Chisago County",3,8,669,345,324
050,27,025,"Minnesota","Chisago County",3,9,712,365,347
050,27,025,"Minnesota","Chisago County",3,10,717,366,351
050,27,025,"Minnesota","Chisago County",3,11,743,396,347
050,27,025,"Minnesota","Chisago County",3,12,771,397,374
050,27,025,"Minnesota","Chisago County",3,13,789,409,380
050,27,025,"Minnesota","Chisago County",3,14,788,404,384
050,27,025,"Minnesota","Chisago County",3,15,787,397,390
050,27,025,"Minnesota","Chisago County",3,16,783,393,390
050,27,025,"Minnesota","Chisago County",3,17,810,414,396
050,27,025,"Minnesota","Chisago County",3,18,671,362,309
050,27,025,"Minnesota","Chisago County",3,19,511,281,230
050,27,025,"Minnesota","Chisago County",3,20,576,317,259
050,27,025,"Minnesota","Chisago County",3,21,600,333,267
050,27,025,"Minnesota","Chisago County",3,22,643,345,298
050,27,025,"Minnesota","Chisago County",3,23,651,372,279
050,27,025,"Minnesota","Chisago County",3,24,622,344,278
050,27,025,"Minnesota","Chisago County",3,25,606,343,263
050,27,025,"Minnesota","Chisago County",3,26,617,340,277
050,27,025,"Minnesota","Chisago County",3,27,665,363,302
050,27,025,"Minnesota","Chisago County",3,28,710,366,344
050,27,025,"Minnesota","Chisago County",3,29,678,370,308
050,27,025,"Minnesota","Chisago County",3,30,721,384,337
050,27,025,"Minnesota","Chisago County",3,31,708,385,323
050,27,025,"Minnesota","Chisago County",3,32,721,401,320
050,27,025,"Minnesota","Chisago County",3,33,707,371,336
050,27,025,"Minnesota","Chisago County",3,34,756,404,352
050,27,025,"Minnesota","Chisago County",3,35,744,397,347
050,27,025,"Minnesota","Chisago County",3,36,771,403,368
050,27,025,"Minnesota","Chisago County",3,37,783,414,369
050,27,025,"Minnesota","Chisago County",3,38,835,444,391
050,27,025,"Minnesota","Chisago County",3,39,827,448,379
050,27,025,"Minnesota","Chisago County",3,40,813,445,368
050,27,025,"Minnesota","Chisago County",3,41,781,423,358
050,27,025,"Minnesota","Chisago County",3,42,760,411,349
050,27,025,"Minnesota","Chisago County",3,43,712,375,337
050,27,025,"Minnesota","Chisago County",3,44,694,373,321
050,27,025,"Minnesota","Chisago County",3,45,680,360,320
050,27,025,"Minnesota","Chisago County",3,46,687,356,331
050,27,025,"Minnesota","Chisago County",3,47,630,324,306
050,27,025,"Minnesota","Chisago County",3,48,667,343,324
050,27,025,"Minnesota","Chisago County",3,49,766,402,364
050,27,025,"Minnesota","Chisago County",3,50,823,443,380
050,27,025,"Minnesota","Chisago County",3,51,848,462,386
050,27,025,"Minnesota","Chisago County",3,52,810,433,377
050,27,025,"Minnesota","Chisago County",3,53,771,400,371
050,27,025,"Minnesota","Chisago County",3,54,820,434,386
050,27,025,"Minnesota","Chisago County",3,55,842,434,408
050,27,025,"Minnesota","Chisago County",3,56,894,483,411
050,27,025,"Minnesota","Chisago County",3,57,938,485,453
050,27,025,"Minnesota","Chisago County",3,58,920,473,447
050,27,025,"Minnesota","Chisago County",3,59,904,459,445
050,27,025,"Minnesota","Chisago County",3,60,904,477,427
050,27,025,"Minnesota","Chisago County",3,61,855,440,415
050,27,025,"Minnesota","Chisago County",3,62,854,423,431
050,27,025,"Minnesota","Chisago County",3,63,827,413,414
050,27,025,"Minnesota","Chisago County",3,64,785,392,393
050,27,025,"Minnesota","Chisago County",3,65,720,367,353
050,27,025,"Minnesota","Chisago County",3,66,686,349,337
050,27,025,"Minnesota","Chisago County",3,67,625,323,302
050,27,025,"Minnesota","Chisago County",3,68,609,305,304
050,27,025,"Minnesota","Chisago County",3,69,605,312,293
050,27,025,"Minnesota","Chisago County",3,70,555,282,273
050,27,025,"Minnesota","Chisago County",3,71,509,262,247
050,27,025,"Minnesota","Chisago County",3,72,489,252,237
050,27,025,"Minnesota","Chisago County",3,73,487,243,244
050,27,025,"Minnesota","Chisago County",3,74,501,249,252
050,27,025,"Minnesota","Chisago County",3,75,364,176,188
050,27,025,"Minnesota","Chisago County",3,76,366,181,185
050,27,025,"Minnesota","Chisago County",3,77,366,184,182
050,27,025,"Minnesota","Chisago County",3,78,373,188,185
050,27,025,"Minnesota","Chisago County",3,79,283,139,144
050,27,025,"Minnesota","Chisago County",3,80,260,125,135
050,27,025,"Minnesota","Chisago County",3,81,221,108,113
050,27,025,"Minnesota","Chisago County",3,82,191,101,90
050,27,025,"Minnesota","Chisago County",3,83,175,86,89
050,27,025,"Minnesota","Chisago County",3,84,154,76,78
050,27,025,"Minnesota","Chisago County",3,85,917,351,566
050,27,025,"Minnesota","Chisago County",4,0,595,316,279
050,27,025,"Minnesota","Chisago County",4,1,600,287,313
050,27,025,"Minnesota","Chisago County",4,2,678,328,350
050,27,025,"Minnesota","Chisago County",4,3,675,329,346
050,27,025,"Minnesota","Chisago County",4,4,661,350,311
050,27,025,"Minnesota","Chisago County",4,5,704,357,347
050,27,025,"Minnesota","Chisago County",4,6,750,374,376
050,27,025,"Minnesota","Chisago County",4,7,761,389,372
050,27,025,"Minnesota","Chisago County",4,8,715,371,344
050,27,025,"Minnesota","Chisago County",4,9,675,343,332
050,27,025,"Minnesota","Chisago County",4,10,726,372,354
050,27,025,"Minnesota","Chisago County",4,11,737,380,357
050,27,025,"Minnesota","Chisago County",4,12,742,392,350
050,27,025,"Minnesota","Chisago County",4,13,787,405,382
050,27,025,"Minnesota","Chisago County",4,14,788,407,381
050,27,025,"Minnesota","Chisago County",4,15,795,417,378
050,27,025,"Minnesota","Chisago County",4,16,794,411,383
050,27,025,"Minnesota","Chisago County",4,17,795,396,399
050,27,025,"Minnesota","Chisago County",4,18,686,367,319
050,27,025,"Minnesota","Chisago County",4,19,521,291,230
050,27,025,"Minnesota","Chisago County",4,20,541,299,242
050,27,025,"Minnesota","Chisago County",4,21,591,332,259
050,27,025,"Minnesota","Chisago County",4,22,615,336,279
050,27,025,"Minnesota","Chisago County",4,23,643,352,291
050,27,025,"Minnesota","Chisago County",4,24,639,376,263
050,27,025,"Minnesota","Chisago County",4,25,623,363,260
050,27,025,"Minnesota","Chisago County",4,26,596,323,273
050,27,025,"Minnesota","Chisago County",4,27,617,335,282
050,27,025,"Minnesota","Chisago County",4,28,687,369,318
050,27,025,"Minnesota","Chisago County",4,29,727,369,358
050,27,025,"Minnesota","Chisago County",4,30,721,383,338
050,27,025,"Minnesota","Chisago County",4,31,766,428,338
050,27,025,"Minnesota","Chisago County",4,32,753,407,346
050,27,025,"Minnesota","Chisago County",4,33,725,399,326
050,27,025,"Minnesota","Chisago County",4,34,744,386,358
050,27,025,"Minnesota","Chisago County",4,35,766,411,355
050,27,025,"Minnesota","Chisago County",4,36,762,419,343
050,27,025,"Minnesota","Chisago County",4,37,814,419,395
050,27,025,"Minnesota","Chisago County",4,38,816,438,378
050,27,025,"Minnesota","Chisago County",4,39,842,439,403
050,27,025,"Minnesota","Chisago County",4,40,825,441,384
050,27,025,"Minnesota","Chisago County",4,41,788,432,356
050,27,025,"Minnesota","Chisago County",4,42,760,424,336
050,27,025,"Minnesota","Chisago County",4,43,764,410,354
050,27,025,"Minnesota","Chisago County",4,44,713,382,331
050,27,025,"Minnesota","Chisago County",4,45,699,368,331
050,27,025,"Minnesota","Chisago County",4,46,693,374,319
050,27,025,"Minnesota","Chisago County",4,47,682,357,325
050,27,025,"Minnesota","Chisago County",4,48,608,305,303
050,27,025,"Minnesota","Chisago County",4,49,662,344,318
050,27,025,"Minnesota","Chisago County",4,50,756,390,366
050,27,025,"Minnesota","Chisago County",4,51,820,445,375
050,27,025,"Minnesota","Chisago County",4,52,858,467,391
050,27,025,"Minnesota","Chisago County",4,53,805,438,367
050,27,025,"Minnesota","Chisago County",4,54,751,385,366
050,27,025,"Minnesota","Chisago County",4,55,792,410,382
050,27,025,"Minnesota","Chisago County",4,56,817,423,394
050,27,025,"Minnesota","Chisago County",4,57,869,466,403
050,27,025,"Minnesota","Chisago County",4,58,936,496,440
050,27,025,"Minnesota","Chisago County",4,59,918,467,451
050,27,025,"Minnesota","Chisago County",4,60,908,461,447
050,27,025,"Minnesota","Chisago County",4,61,888,470,418
050,27,025,"Minnesota","Chisago County",4,62,854,441,413
050,27,025,"Minnesota","Chisago County",4,63,845,417,428
050,27,025,"Minnesota","Chisago County",4,64,807,410,397
050,27,025,"Minnesota","Chisago County",4,65,771,383,388
050,27,025,"Minnesota","Chisago County",4,66,713,364,349
050,27,025,"Minnesota","Chisago County",4,67,687,345,342
050,27,025,"Minnesota","Chisago County",4,68,623,315,308
050,27,025,"Minnesota","Chisago County",4,69,596,301,295
050,27,025,"Minnesota","Chisago County",4,70,593,309,284
050,27,025,"Minnesota","Chisago County",4,71,544,273,271
050,27,025,"Minnesota","Chisago County",4,72,496,253,243
050,27,025,"Minnesota","Chisago County",4,73,492,253,239
050,27,025,"Minnesota","Chisago County",4,74,469,234,235
050,27,025,"Minnesota","Chisago County",4,75,494,243,251
050,27,025,"Minnesota","Chisago County",4,76,353,169,184
050,27,025,"Minnesota","Chisago County",4,77,362,179,183
050,27,025,"Minnesota","Chisago County",4,78,355,176,179
050,27,025,"Minnesota","Chisago County",4,79,343,172,171
050,27,025,"Minnesota","Chisago County",4,80,264,128,136
050,27,025,"Minnesota","Chisago County",4,81,244,111,133
050,27,025,"Minnesota","Chisago County",4,82,206,99,107
050,27,025,"Minnesota","Chisago County",4,83,185,98,87
050,27,025,"Minnesota","Chisago County",4,84,158,78,80
050,27,025,"Minnesota","Chisago County",4,85,959,370,589
050,27,025,"Minnesota","Chisago County",5,0,561,297,264
050,27,025,"Minnesota","Chisago County",5,1,643,327,316
050,27,025,"Minnesota","Chisago County",5,2,617,293,324
050,27,025,"Minnesota","Chisago County",5,3,703,345,358
050,27,025,"Minnesota","Chisago County",5,4,685,338,347
050,27,025,"Minnesota","Chisago County",5,5,681,371,310
050,27,025,"Minnesota","Chisago County",5,6,720,361,359
050,27,025,"Minnesota","Chisago County",5,7,775,395,380
050,27,025,"Minnesota","Chisago County",5,8,780,396,384
050,27,025,"Minnesota","Chisago County",5,9,722,382,340
050,27,025,"Minnesota","Chisago County",5,10,695,351,344
050,27,025,"Minnesota","Chisago County",5,11,746,383,363
050,27,025,"Minnesota","Chisago County",5,12,740,380,360
050,27,025,"Minnesota","Chisago County",5,13,755,405,350
050,27,025,"Minnesota","Chisago County",5,14,785,404,381
050,27,025,"Minnesota","Chisago County",5,15,775,398,377
050,27,025,"Minnesota","Chisago County",5,16,793,414,379
050,27,025,"Minnesota","Chisago County",5,17,795,411,384
050,27,025,"Minnesota","Chisago County",5,18,664,352,312
050,27,025,"Minnesota","Chisago County",5,19,549,296,253
050,27,025,"Minnesota","Chisago County",5,20,575,327,248
050,27,025,"Minnesota","Chisago County",5,21,581,323,258
050,27,025,"Minnesota","Chisago County",5,22,622,338,284
050,27,025,"Minnesota","Chisago County",5,23,628,355,273
050,27,025,"Minnesota","Chisago County",5,24,644,351,293
050,27,025,"Minnesota","Chisago County",5,25,643,383,260
050,27,025,"Minnesota","Chisago County",5,26,629,360,269
050,27,025,"Minnesota","Chisago County",5,27,626,322,304
050,27,025,"Minnesota","Chisago County",5,28,639,338,301
050,27,025,"Minnesota","Chisago County",5,29,721,394,327
050,27,025,"Minnesota","Chisago County",5,30,738,374,364
050,27,025,"Minnesota","Chisago County",5,31,751,406,345
050,27,025,"Minnesota","Chisago County",5,32,759,428,331
050,27,025,"Minnesota","Chisago County",5,33,761,400,361
050,27,025,"Minnesota","Chisago County",5,34,751,413,338
050,27,025,"Minnesota","Chisago County",5,35,767,396,371
050,27,025,"Minnesota","Chisago County",5,36,799,425,374
050,27,025,"Minnesota","Chisago County",5,37,790,431,359
050,27,025,"Minnesota","Chisago County",5,38,832,422,410
050,27,025,"Minnesota","Chisago County",5,39,836,439,397
050,27,025,"Minnesota","Chisago County",5,40,861,461,400
050,27,025,"Minnesota","Chisago County",5,41,831,440,391
050,27,025,"Minnesota","Chisago County",5,42,782,428,354
050,27,025,"Minnesota","Chisago County",5,43,775,431,344
050,27,025,"Minnesota","Chisago County",5,44,773,421,352
050,27,025,"Minnesota","Chisago County",5,45,730,399,331
050,27,025,"Minnesota","Chisago County",5,46,711,378,333
050,27,025,"Minnesota","Chisago County",5,47,696,385,311
050,27,025,"Minnesota","Chisago County",5,48,666,337,329
050,27,025,"Minnesota","Chisago County",5,49,609,305,304
050,27,025,"Minnesota","Chisago County",5,50,651,334,317
050,27,025,"Minnesota","Chisago County",5,51,765,396,369
050,27,025,"Minnesota","Chisago County",5,52,825,439,386
050,27,025,"Minnesota","Chisago County",5,53,863,471,392
050,27,025,"Minnesota","Chisago County",5,54,791,426,365
050,27,025,"Minnesota","Chisago County",5,55,755,382,373
050,27,025,"Minnesota","Chisago County",5,56,799,415,384
050,27,025,"Minnesota","Chisago County",5,57,811,413,398
050,27,025,"Minnesota","Chisago County",5,58,859,459,400
050,27,025,"Minnesota","Chisago County",5,59,932,484,448
050,27,025,"Minnesota","Chisago County",5,60,916,470,446
050,27,025,"Minnesota","Chisago County",5,61,910,466,444
050,27,025,"Minnesota","Chisago County",5,62,885,464,421
050,27,025,"Minnesota","Chisago County",5,63,852,429,423
050,27,025,"Minnesota","Chisago County",5,64,845,418,427
050,27,025,"Minnesota","Chisago County",5,65,795,393,402
050,27,025,"Minnesota","Chisago County",5,66,755,369,386
050,27,025,"Minnesota","Chisago County",5,67,713,363,350
050,27,025,"Minnesota","Chisago County",5,68,684,341,343
050,27,025,"Minnesota","Chisago County",5,69,623,313,310
050,27,025,"Minnesota","Chisago County",5,70,585,293,292
050,27,025,"Minnesota","Chisago County",5,71,573,295,278
050,27,025,"Minnesota","Chisago County",5,72,535,274,261
050,27,025,"Minnesota","Chisago County",5,73,489,244,245
050,27,025,"Minnesota","Chisago County",5,74,479,244,235
050,27,025,"Minnesota","Chisago County",5,75,465,226,239
050,27,025,"Minnesota","Chisago County",5,76,473,235,238
050,27,025,"Minnesota","Chisago County",5,77,345,164,181
050,27,025,"Minnesota","Chisago County",5,78,348,170,178
050,27,025,"Minnesota","Chisago County",5,79,337,165,172
050,27,025,"Minnesota","Chisago County",5,80,326,163,163
050,27,025,"Minnesota","Chisago County",5,81,250,116,134
050,27,025,"Minnesota","Chisago County",5,82,230,105,125
050,27,025,"Minnesota","Chisago County",5,83,204,99,105
050,27,025,"Minnesota","Chisago County",5,84,164,90,74
050,27,025,"Minnesota","Chisago County",5,85,993,401,592
050,27,027,"Minnesota","Clay County",1,0,840,433,407
050,27,027,"Minnesota","Clay County",1,1,859,442,417
050,27,027,"Minnesota","Clay County",1,2,884,451,433
050,27,027,"Minnesota","Clay County",1,3,951,497,454
050,27,027,"Minnesota","Clay County",1,4,943,502,441
050,27,027,"Minnesota","Clay County",1,5,1030,535,495
050,27,027,"Minnesota","Clay County",1,6,953,489,464
050,27,027,"Minnesota","Clay County",1,7,896,447,449
050,27,027,"Minnesota","Clay County",1,8,894,466,428
050,27,027,"Minnesota","Clay County",1,9,910,446,464
050,27,027,"Minnesota","Clay County",1,10,945,480,465
050,27,027,"Minnesota","Clay County",1,11,951,492,459
050,27,027,"Minnesota","Clay County",1,12,968,512,456
050,27,027,"Minnesota","Clay County",1,13,908,467,441
050,27,027,"Minnesota","Clay County",1,14,866,451,415
050,27,027,"Minnesota","Clay County",1,15,836,449,387
050,27,027,"Minnesota","Clay County",1,16,843,418,425
050,27,027,"Minnesota","Clay County",1,17,865,437,428
050,27,027,"Minnesota","Clay County",1,18,1102,490,612
050,27,027,"Minnesota","Clay County",1,19,1652,717,935
050,27,027,"Minnesota","Clay County",1,20,1758,751,1007
050,27,027,"Minnesota","Clay County",1,21,1508,686,822
050,27,027,"Minnesota","Clay County",1,22,1291,580,711
050,27,027,"Minnesota","Clay County",1,23,992,482,510
050,27,027,"Minnesota","Clay County",1,24,798,429,369
050,27,027,"Minnesota","Clay County",1,25,808,413,395
050,27,027,"Minnesota","Clay County",1,26,797,415,382
050,27,027,"Minnesota","Clay County",1,27,822,419,403
050,27,027,"Minnesota","Clay County",1,28,799,412,387
050,27,027,"Minnesota","Clay County",1,29,864,433,431
050,27,027,"Minnesota","Clay County",1,30,857,456,401
050,27,027,"Minnesota","Clay County",1,31,914,480,434
050,27,027,"Minnesota","Clay County",1,32,952,480,472
050,27,027,"Minnesota","Clay County",1,33,978,508,470
050,27,027,"Minnesota","Clay County",1,34,964,495,469
050,27,027,"Minnesota","Clay County",1,35,901,478,423
050,27,027,"Minnesota","Clay County",1,36,874,440,434
050,27,027,"Minnesota","Clay County",1,37,909,459,450
050,27,027,"Minnesota","Clay County",1,38,920,475,445
050,27,027,"Minnesota","Clay County",1,39,963,504,459
050,27,027,"Minnesota","Clay County",1,40,914,473,441
050,27,027,"Minnesota","Clay County",1,41,870,451,419
050,27,027,"Minnesota","Clay County",1,42,841,419,422
050,27,027,"Minnesota","Clay County",1,43,780,399,381
050,27,027,"Minnesota","Clay County",1,44,694,379,315
050,27,027,"Minnesota","Clay County",1,45,697,371,326
050,27,027,"Minnesota","Clay County",1,46,676,362,314
050,27,027,"Minnesota","Clay County",1,47,665,350,315
050,27,027,"Minnesota","Clay County",1,48,718,385,333
050,27,027,"Minnesota","Clay County",1,49,741,375,366
050,27,027,"Minnesota","Clay County",1,50,688,361,327
050,27,027,"Minnesota","Clay County",1,51,659,345,314
050,27,027,"Minnesota","Clay County",1,52,613,322,291
050,27,027,"Minnesota","Clay County",1,53,602,294,308
050,27,027,"Minnesota","Clay County",1,54,620,310,310
050,27,027,"Minnesota","Clay County",1,55,647,335,312
050,27,027,"Minnesota","Clay County",1,56,683,350,333
050,27,027,"Minnesota","Clay County",1,57,729,362,367
050,27,027,"Minnesota","Clay County",1,58,725,358,367
050,27,027,"Minnesota","Clay County",1,59,727,373,354
050,27,027,"Minnesota","Clay County",1,60,744,385,359
050,27,027,"Minnesota","Clay County",1,61,697,348,349
050,27,027,"Minnesota","Clay County",1,62,687,335,352
050,27,027,"Minnesota","Clay County",1,63,668,335,333
050,27,027,"Minnesota","Clay County",1,64,656,339,317
050,27,027,"Minnesota","Clay County",1,65,617,307,310
050,27,027,"Minnesota","Clay County",1,66,586,289,297
050,27,027,"Minnesota","Clay County",1,67,589,292,297
050,27,027,"Minnesota","Clay County",1,68,566,285,281
050,27,027,"Minnesota","Clay County",1,69,515,257,258
050,27,027,"Minnesota","Clay County",1,70,449,219,230
050,27,027,"Minnesota","Clay County",1,71,418,212,206
050,27,027,"Minnesota","Clay County",1,72,421,190,231
050,27,027,"Minnesota","Clay County",1,73,460,215,245
050,27,027,"Minnesota","Clay County",1,74,310,141,169
050,27,027,"Minnesota","Clay County",1,75,314,146,168
050,27,027,"Minnesota","Clay County",1,76,306,140,166
050,27,027,"Minnesota","Clay County",1,77,312,150,162
050,27,027,"Minnesota","Clay County",1,78,276,134,142
050,27,027,"Minnesota","Clay County",1,79,254,116,138
050,27,027,"Minnesota","Clay County",1,80,242,109,133
050,27,027,"Minnesota","Clay County",1,81,229,104,125
050,27,027,"Minnesota","Clay County",1,82,225,90,135
050,27,027,"Minnesota","Clay County",1,83,188,83,105
050,27,027,"Minnesota","Clay County",1,84,205,92,113
050,27,027,"Minnesota","Clay County",1,85,1328,457,871
050,27,027,"Minnesota","Clay County",2,0,848,434,414
050,27,027,"Minnesota","Clay County",2,1,860,441,419
050,27,027,"Minnesota","Clay County",2,2,881,454,427
050,27,027,"Minnesota","Clay County",2,3,934,486,448
050,27,027,"Minnesota","Clay County",2,4,956,508,448
050,27,027,"Minnesota","Clay County",2,5,1010,528,482
050,27,027,"Minnesota","Clay County",2,6,971,501,470
050,27,027,"Minnesota","Clay County",2,7,912,460,452
050,27,027,"Minnesota","Clay County",2,8,893,460,433
050,27,027,"Minnesota","Clay County",2,9,903,449,454
050,27,027,"Minnesota","Clay County",2,10,928,467,461
050,27,027,"Minnesota","Clay County",2,11,949,488,461
050,27,027,"Minnesota","Clay County",2,12,974,512,462
050,27,027,"Minnesota","Clay County",2,13,922,478,444
050,27,027,"Minnesota","Clay County",2,14,878,457,421
050,27,027,"Minnesota","Clay County",2,15,844,450,394
050,27,027,"Minnesota","Clay County",2,16,846,429,417
050,27,027,"Minnesota","Clay County",2,17,869,437,432
050,27,027,"Minnesota","Clay County",2,18,1102,491,611
050,27,027,"Minnesota","Clay County",2,19,1656,717,939
050,27,027,"Minnesota","Clay County",2,20,1764,751,1013
050,27,027,"Minnesota","Clay County",2,21,1510,687,823
050,27,027,"Minnesota","Clay County",2,22,1291,582,709
050,27,027,"Minnesota","Clay County",2,23,982,475,507
050,27,027,"Minnesota","Clay County",2,24,798,429,369
050,27,027,"Minnesota","Clay County",2,25,796,408,388
050,27,027,"Minnesota","Clay County",2,26,795,409,386
050,27,027,"Minnesota","Clay County",2,27,805,411,394
050,27,027,"Minnesota","Clay County",2,28,812,418,394
050,27,027,"Minnesota","Clay County",2,29,851,429,422
050,27,027,"Minnesota","Clay County",2,30,866,455,411
050,27,027,"Minnesota","Clay County",2,31,896,468,428
050,27,027,"Minnesota","Clay County",2,32,948,482,466
050,27,027,"Minnesota","Clay County",2,33,969,500,469
050,27,027,"Minnesota","Clay County",2,34,967,501,466
050,27,027,"Minnesota","Clay County",2,35,922,483,439
050,27,027,"Minnesota","Clay County",2,36,877,448,429
050,27,027,"Minnesota","Clay County",2,37,901,456,445
050,27,027,"Minnesota","Clay County",2,38,920,473,447
050,27,027,"Minnesota","Clay County",2,39,945,494,451
050,27,027,"Minnesota","Clay County",2,40,930,481,449
050,27,027,"Minnesota","Clay County",2,41,877,455,422
050,27,027,"Minnesota","Clay County",2,42,842,424,418
050,27,027,"Minnesota","Clay County",2,43,800,409,391
050,27,027,"Minnesota","Clay County",2,44,702,377,325
050,27,027,"Minnesota","Clay County",2,45,697,373,324
050,27,027,"Minnesota","Clay County",2,46,675,361,314
050,27,027,"Minnesota","Clay County",2,47,664,353,311
050,27,027,"Minnesota","Clay County",2,48,707,380,327
050,27,027,"Minnesota","Clay County",2,49,736,381,355
050,27,027,"Minnesota","Clay County",2,50,699,363,336
050,27,027,"Minnesota","Clay County",2,51,657,343,314
050,27,027,"Minnesota","Clay County",2,52,617,322,295
050,27,027,"Minnesota","Clay County",2,53,602,298,304
050,27,027,"Minnesota","Clay County",2,54,614,308,306
050,27,027,"Minnesota","Clay County",2,55,638,328,310
050,27,027,"Minnesota","Clay County",2,56,674,344,330
050,27,027,"Minnesota","Clay County",2,57,721,360,361
050,27,027,"Minnesota","Clay County",2,58,718,354,364
050,27,027,"Minnesota","Clay County",2,59,723,368,355
050,27,027,"Minnesota","Clay County",2,60,738,382,356
050,27,027,"Minnesota","Clay County",2,61,707,357,350
050,27,027,"Minnesota","Clay County",2,62,685,335,350
050,27,027,"Minnesota","Clay County",2,63,675,338,337
050,27,027,"Minnesota","Clay County",2,64,651,332,319
050,27,027,"Minnesota","Clay County",2,65,626,314,312
050,27,027,"Minnesota","Clay County",2,66,591,289,302
050,27,027,"Minnesota","Clay County",2,67,580,287,293
050,27,027,"Minnesota","Clay County",2,68,569,286,283
050,27,027,"Minnesota","Clay County",2,69,528,266,262
050,27,027,"Minnesota","Clay County",2,70,458,225,233
050,27,027,"Minnesota","Clay County",2,71,424,211,213
050,27,027,"Minnesota","Clay County",2,72,412,192,220
050,27,027,"Minnesota","Clay County",2,73,470,217,253
050,27,027,"Minnesota","Clay County",2,74,322,150,172
050,27,027,"Minnesota","Clay County",2,75,314,145,169
050,27,027,"Minnesota","Clay County",2,76,304,139,165
050,27,027,"Minnesota","Clay County",2,77,318,151,167
050,27,027,"Minnesota","Clay County",2,78,275,133,142
050,27,027,"Minnesota","Clay County",2,79,256,121,135
050,27,027,"Minnesota","Clay County",2,80,246,111,135
050,27,027,"Minnesota","Clay County",2,81,226,101,125
050,27,027,"Minnesota","Clay County",2,82,224,93,131
050,27,027,"Minnesota","Clay County",2,83,190,85,105
050,27,027,"Minnesota","Clay County",2,84,200,89,111
050,27,027,"Minnesota","Clay County",2,85,1311,451,860
050,27,027,"Minnesota","Clay County",3,0,781,395,386
050,27,027,"Minnesota","Clay County",3,1,907,462,445
050,27,027,"Minnesota","Clay County",3,2,886,466,420
050,27,027,"Minnesota","Clay County",3,3,892,462,430
050,27,027,"Minnesota","Clay County",3,4,956,494,462
050,27,027,"Minnesota","Clay County",3,5,927,505,422
050,27,027,"Minnesota","Clay County",3,6,1035,553,482
050,27,027,"Minnesota","Clay County",3,7,967,496,471
050,27,027,"Minnesota","Clay County",3,8,914,468,446
050,27,027,"Minnesota","Clay County",3,9,896,454,442
050,27,027,"Minnesota","Clay County",3,10,874,443,431
050,27,027,"Minnesota","Clay County",3,11,954,493,461
050,27,027,"Minnesota","Clay County",3,12,948,489,459
050,27,027,"Minnesota","Clay County",3,13,964,512,452
050,27,027,"Minnesota","Clay County",3,14,914,483,431
050,27,027,"Minnesota","Clay County",3,15,869,458,411
050,27,027,"Minnesota","Clay County",3,16,851,455,396
050,27,027,"Minnesota","Clay County",3,17,868,437,431
050,27,027,"Minnesota","Clay County",3,18,1125,511,614
050,27,027,"Minnesota","Clay County",3,19,1661,722,939
050,27,027,"Minnesota","Clay County",3,20,1730,741,989
050,27,027,"Minnesota","Clay County",3,21,1555,696,859
050,27,027,"Minnesota","Clay County",3,22,1317,596,721
050,27,027,"Minnesota","Clay County",3,23,964,463,501
050,27,027,"Minnesota","Clay County",3,24,788,420,368
050,27,027,"Minnesota","Clay County",3,25,801,395,406
050,27,027,"Minnesota","Clay County",3,26,803,412,391
050,27,027,"Minnesota","Clay County",3,27,792,397,395
050,27,027,"Minnesota","Clay County",3,28,853,441,412
050,27,027,"Minnesota","Clay County",3,29,838,425,413
050,27,027,"Minnesota","Clay County",3,30,830,410,420
050,27,027,"Minnesota","Clay County",3,31,871,459,412
050,27,027,"Minnesota","Clay County",3,32,934,488,446
050,27,027,"Minnesota","Clay County",3,33,943,476,467
050,27,027,"Minnesota","Clay County",3,34,972,499,473
050,27,027,"Minnesota","Clay County",3,35,993,505,488
050,27,027,"Minnesota","Clay County",3,36,950,504,446
050,27,027,"Minnesota","Clay County",3,37,866,449,417
050,27,027,"Minnesota","Clay County",3,38,882,441,441
050,27,027,"Minnesota","Clay County",3,39,919,471,448
050,27,027,"Minnesota","Clay County",3,40,938,491,447
050,27,027,"Minnesota","Clay County",3,41,926,476,450
050,27,027,"Minnesota","Clay County",3,42,876,455,421
050,27,027,"Minnesota","Clay County",3,43,858,436,422
050,27,027,"Minnesota","Clay County",3,44,780,387,393
050,27,027,"Minnesota","Clay County",3,45,678,367,311
050,27,027,"Minnesota","Clay County",3,46,696,370,326
050,27,027,"Minnesota","Clay County",3,47,663,361,302
050,27,027,"Minnesota","Clay County",3,48,652,338,314
050,27,027,"Minnesota","Clay County",3,49,693,374,319
050,27,027,"Minnesota","Clay County",3,50,725,373,352
050,27,027,"Minnesota","Clay County",3,51,693,355,338
050,27,027,"Minnesota","Clay County",3,52,647,341,306
050,27,027,"Minnesota","Clay County",3,53,601,318,283
050,27,027,"Minnesota","Clay County",3,54,619,306,313
050,27,027,"Minnesota","Clay County",3,55,621,313,308
050,27,027,"Minnesota","Clay County",3,56,629,324,305
050,27,027,"Minnesota","Clay County",3,57,653,334,319
050,27,027,"Minnesota","Clay County",3,58,692,334,358
050,27,027,"Minnesota","Clay County",3,59,701,345,356
050,27,027,"Minnesota","Clay County",3,60,716,358,358
050,27,027,"Minnesota","Clay County",3,61,737,386,351
050,27,027,"Minnesota","Clay County",3,62,690,341,349
050,27,027,"Minnesota","Clay County",3,63,665,324,341
050,27,027,"Minnesota","Clay County",3,64,656,322,334
050,27,027,"Minnesota","Clay County",3,65,636,314,322
050,27,027,"Minnesota","Clay County",3,66,605,298,307
050,27,027,"Minnesota","Clay County",3,67,583,285,298
050,27,027,"Minnesota","Clay County",3,68,563,273,290
050,27,027,"Minnesota","Clay County",3,69,554,282,272
050,27,027,"Minnesota","Clay County",3,70,525,270,255
050,27,027,"Minnesota","Clay County",3,71,453,218,235
050,27,027,"Minnesota","Clay County",3,72,425,209,216
050,27,027,"Minnesota","Clay County",3,73,408,191,217
050,27,027,"Minnesota","Clay County",3,74,468,218,250
050,27,027,"Minnesota","Clay County",3,75,311,144,167
050,27,027,"Minnesota","Clay County",3,76,303,137,166
050,27,027,"Minnesota","Clay County",3,77,298,134,164
050,27,027,"Minnesota","Clay County",3,78,304,141,163
050,27,027,"Minnesota","Clay County",3,79,270,136,134
050,27,027,"Minnesota","Clay County",3,80,247,119,128
050,27,027,"Minnesota","Clay County",3,81,219,97,122
050,27,027,"Minnesota","Clay County",3,82,216,92,124
050,27,027,"Minnesota","Clay County",3,83,206,93,113
050,27,027,"Minnesota","Clay County",3,84,175,71,104
050,27,027,"Minnesota","Clay County",3,85,1287,457,830
050,27,027,"Minnesota","Clay County",4,0,774,375,399
050,27,027,"Minnesota","Clay County",4,1,800,405,395
050,27,027,"Minnesota","Clay County",4,2,918,463,455
050,27,027,"Minnesota","Clay County",4,3,897,480,417
050,27,027,"Minnesota","Clay County",4,4,922,470,452
050,27,027,"Minnesota","Clay County",4,5,945,487,458
050,27,027,"Minnesota","Clay County",4,6,922,497,425
050,27,027,"Minnesota","Clay County",4,7,1030,548,482
050,27,027,"Minnesota","Clay County",4,8,974,501,473
050,27,027,"Minnesota","Clay County",4,9,909,466,443
050,27,027,"Minnesota","Clay County",4,10,891,454,437
050,27,027,"Minnesota","Clay County",4,11,875,446,429
050,27,027,"Minnesota","Clay County",4,12,949,490,459
050,27,027,"Minnesota","Clay County",4,13,937,474,463
050,27,027,"Minnesota","Clay County",4,14,960,507,453
050,27,027,"Minnesota","Clay County",4,15,899,470,429
050,27,027,"Minnesota","Clay County",4,16,861,456,405
050,27,027,"Minnesota","Clay County",4,17,860,465,395
050,27,027,"Minnesota","Clay County",4,18,1096,501,595
050,27,027,"Minnesota","Clay County",4,19,1682,730,952
050,27,027,"Minnesota","Clay County",4,20,1743,729,1014
050,27,027,"Minnesota","Clay County",4,21,1528,703,825
050,27,027,"Minnesota","Clay County",4,22,1336,594,742
050,27,027,"Minnesota","Clay County",4,23,1016,498,518
050,27,027,"Minnesota","Clay County",4,24,800,424,376
050,27,027,"Minnesota","Clay County",4,25,767,398,369
050,27,027,"Minnesota","Clay County",4,26,773,380,393
050,27,027,"Minnesota","Clay County",4,27,809,402,407
050,27,027,"Minnesota","Clay County",4,28,820,424,396
050,27,027,"Minnesota","Clay County",4,29,880,460,420
050,27,027,"Minnesota","Clay County",4,30,808,407,401
050,27,027,"Minnesota","Clay County",4,31,853,425,428
050,27,027,"Minnesota","Clay County",4,32,925,479,446
050,27,027,"Minnesota","Clay County",4,33,920,464,456
050,27,027,"Minnesota","Clay County",4,34,946,477,469
050,27,027,"Minnesota","Clay County",4,35,966,503,463
050,27,027,"Minnesota","Clay County",4,36,1004,507,497
050,27,027,"Minnesota","Clay County",4,37,965,513,452
050,27,027,"Minnesota","Clay County",4,38,876,454,422
050,27,027,"Minnesota","Clay County",4,39,888,447,441
050,27,027,"Minnesota","Clay County",4,40,909,465,444
050,27,027,"Minnesota","Clay County",4,41,948,492,456
050,27,027,"Minnesota","Clay County",4,42,906,456,450
050,27,027,"Minnesota","Clay County",4,43,892,461,431
050,27,027,"Minnesota","Clay County",4,44,836,415,421
050,27,027,"Minnesota","Clay County",4,45,767,385,382
050,27,027,"Minnesota","Clay County",4,46,673,365,308
050,27,027,"Minnesota","Clay County",4,47,706,380,326
050,27,027,"Minnesota","Clay County",4,48,673,363,310
050,27,027,"Minnesota","Clay County",4,49,639,342,297
050,27,027,"Minnesota","Clay County",4,50,679,355,324
050,27,027,"Minnesota","Clay County",4,51,706,359,347
050,27,027,"Minnesota","Clay County",4,52,683,353,330
050,27,027,"Minnesota","Clay County",4,53,631,333,298
050,27,027,"Minnesota","Clay County",4,54,600,316,284
050,27,027,"Minnesota","Clay County",4,55,619,304,315
050,27,027,"Minnesota","Clay County",4,56,603,296,307
050,27,027,"Minnesota","Clay County",4,57,616,316,300
050,27,027,"Minnesota","Clay County",4,58,641,324,317
050,27,027,"Minnesota","Clay County",4,59,674,329,345
050,27,027,"Minnesota","Clay County",4,60,711,350,361
050,27,027,"Minnesota","Clay County",4,61,714,355,359
050,27,027,"Minnesota","Clay County",4,62,701,363,338
050,27,027,"Minnesota","Clay County",4,63,668,333,335
050,27,027,"Minnesota","Clay County",4,64,659,317,342
050,27,027,"Minnesota","Clay County",4,65,647,313,334
050,27,027,"Minnesota","Clay County",4,66,619,303,316
050,27,027,"Minnesota","Clay County",4,67,596,300,296
050,27,027,"Minnesota","Clay County",4,68,571,278,293
050,27,027,"Minnesota","Clay County",4,69,551,266,285
050,27,027,"Minnesota","Clay County",4,70,551,282,269
050,27,027,"Minnesota","Clay County",4,71,525,261,264
050,27,027,"Minnesota","Clay County",4,72,457,219,238
050,27,027,"Minnesota","Clay County",4,73,414,201,213
050,27,027,"Minnesota","Clay County",4,74,403,191,212
050,27,027,"Minnesota","Clay County",4,75,444,210,234
050,27,027,"Minnesota","Clay County",4,76,295,135,160
050,27,027,"Minnesota","Clay County",4,77,293,130,163
050,27,027,"Minnesota","Clay County",4,78,286,124,162
050,27,027,"Minnesota","Clay County",4,79,294,136,158
050,27,027,"Minnesota","Clay County",4,80,260,129,131
050,27,027,"Minnesota","Clay County",4,81,224,105,119
050,27,027,"Minnesota","Clay County",4,82,210,86,124
050,27,027,"Minnesota","Clay County",4,83,197,90,107
050,27,027,"Minnesota","Clay County",4,84,190,81,109
050,27,027,"Minnesota","Clay County",4,85,1255,455,800
050,27,027,"Minnesota","Clay County",5,0,538,262,276
050,27,027,"Minnesota","Clay County",5,1,805,400,405
050,27,027,"Minnesota","Clay County",5,2,827,424,403
050,27,027,"Minnesota","Clay County",5,3,919,457,462
050,27,027,"Minnesota","Clay County",5,4,911,477,434
050,27,027,"Minnesota","Clay County",5,5,927,478,449
050,27,027,"Minnesota","Clay County",5,6,973,503,470
050,27,027,"Minnesota","Clay County",5,7,922,483,439
050,27,027,"Minnesota","Clay County",5,8,1040,542,498
050,27,027,"Minnesota","Clay County",5,9,967,497,470
050,27,027,"Minnesota","Clay County",5,10,917,484,433
050,27,027,"Minnesota","Clay County",5,11,916,456,460
050,27,027,"Minnesota","Clay County",5,12,890,446,444
050,27,027,"Minnesota","Clay County",5,13,979,500,479
050,27,027,"Minnesota","Clay County",5,14,918,466,452
050,27,027,"Minnesota","Clay County",5,15,951,509,442
050,27,027,"Minnesota","Clay County",5,16,891,477,414
050,27,027,"Minnesota","Clay County",5,17,883,454,429
050,27,027,"Minnesota","Clay County",5,18,1151,544,607
050,27,027,"Minnesota","Clay County",5,19,1740,758,982
050,27,027,"Minnesota","Clay County",5,20,1820,763,1057
050,27,027,"Minnesota","Clay County",5,21,1509,657,852
050,27,027,"Minnesota","Clay County",5,22,1324,613,711
050,27,027,"Minnesota","Clay County",5,23,1046,514,532
050,27,027,"Minnesota","Clay County",5,24,851,482,369
050,27,027,"Minnesota","Clay County",5,25,764,380,384
050,27,027,"Minnesota","Clay County",5,26,753,394,359
050,27,027,"Minnesota","Clay County",5,27,788,388,400
050,27,027,"Minnesota","Clay County",5,28,820,419,401
050,27,027,"Minnesota","Clay County",5,29,815,407,408
050,27,027,"Minnesota","Clay County",5,30,884,468,416
050,27,027,"Minnesota","Clay County",5,31,816,406,410
050,27,027,"Minnesota","Clay County",5,32,850,429,421
050,27,027,"Minnesota","Clay County",5,33,918,471,447
050,27,027,"Minnesota","Clay County",5,34,920,464,456
050,27,027,"Minnesota","Clay County",5,35,948,474,474
050,27,027,"Minnesota","Clay County",5,36,953,496,457
050,27,027,"Minnesota","Clay County",5,37,1026,526,500
050,27,027,"Minnesota","Clay County",5,38,988,521,467
050,27,027,"Minnesota","Clay County",5,39,888,453,435
050,27,027,"Minnesota","Clay County",5,40,905,462,443
050,27,027,"Minnesota","Clay County",5,41,911,473,438
050,27,027,"Minnesota","Clay County",5,42,954,494,460
050,27,027,"Minnesota","Clay County",5,43,925,471,454
050,27,027,"Minnesota","Clay County",5,44,871,451,420
050,27,027,"Minnesota","Clay County",5,45,820,407,413
050,27,027,"Minnesota","Clay County",5,46,768,386,382
050,27,027,"Minnesota","Clay County",5,47,668,370,298
050,27,027,"Minnesota","Clay County",5,48,709,383,326
050,27,027,"Minnesota","Clay County",5,49,676,368,308
050,27,027,"Minnesota","Clay County",5,50,651,340,311
050,27,027,"Minnesota","Clay County",5,51,659,331,328
050,27,027,"Minnesota","Clay County",5,52,720,370,350
050,27,027,"Minnesota","Clay County",5,53,680,352,328
050,27,027,"Minnesota","Clay County",5,54,646,344,302
050,27,027,"Minnesota","Clay County",5,55,593,318,275
050,27,027,"Minnesota","Clay County",5,56,609,300,309
050,27,027,"Minnesota","Clay County",5,57,611,305,306
050,27,027,"Minnesota","Clay County",5,58,590,301,289
050,27,027,"Minnesota","Clay County",5,59,620,311,309
050,27,027,"Minnesota","Clay County",5,60,674,330,344
050,27,027,"Minnesota","Clay County",5,61,701,343,358
050,27,027,"Minnesota","Clay County",5,62,693,344,349
050,27,027,"Minnesota","Clay County",5,63,676,350,326
050,27,027,"Minnesota","Clay County",5,64,650,318,332
050,27,027,"Minnesota","Clay County",5,65,648,309,339
050,27,027,"Minnesota","Clay County",5,66,639,308,331
050,27,027,"Minnesota","Clay County",5,67,604,295,309
050,27,027,"Minnesota","Clay County",5,68,587,287,300
050,27,027,"Minnesota","Clay County",5,69,551,270,281
050,27,027,"Minnesota","Clay County",5,70,548,272,276
050,27,027,"Minnesota","Clay County",5,71,535,274,261
050,27,027,"Minnesota","Clay County",5,72,512,253,259
050,27,027,"Minnesota","Clay County",5,73,448,211,237
050,27,027,"Minnesota","Clay County",5,74,417,204,213
050,27,027,"Minnesota","Clay County",5,75,384,181,203
050,27,027,"Minnesota","Clay County",5,76,430,199,231
050,27,027,"Minnesota","Clay County",5,77,286,128,158
050,27,027,"Minnesota","Clay County",5,78,282,121,161
050,27,027,"Minnesota","Clay County",5,79,275,118,157
050,27,027,"Minnesota","Clay County",5,80,290,129,161
050,27,027,"Minnesota","Clay County",5,81,248,120,128
050,27,027,"Minnesota","Clay County",5,82,213,95,118
050,27,027,"Minnesota","Clay County",5,83,201,93,108
050,27,027,"Minnesota","Clay County",5,84,186,84,102
050,27,027,"Minnesota","Clay County",5,85,1248,463,785
050,27,029,"Minnesota","Clearwater County",1,0,101,50,51
050,27,029,"Minnesota","Clearwater County",1,1,99,49,50
050,27,029,"Minnesota","Clearwater County",1,2,98,53,45
050,27,029,"Minnesota","Clearwater County",1,3,117,59,58
050,27,029,"Minnesota","Clearwater County",1,4,112,55,57
050,27,029,"Minnesota","Clearwater County",1,5,108,53,55
050,27,029,"Minnesota","Clearwater County",1,6,108,57,51
050,27,029,"Minnesota","Clearwater County",1,7,111,57,54
050,27,029,"Minnesota","Clearwater County",1,8,120,63,57
050,27,029,"Minnesota","Clearwater County",1,9,138,74,64
050,27,029,"Minnesota","Clearwater County",1,10,112,64,48
050,27,029,"Minnesota","Clearwater County",1,11,134,68,66
050,27,029,"Minnesota","Clearwater County",1,12,135,67,68
050,27,029,"Minnesota","Clearwater County",1,13,142,62,80
050,27,029,"Minnesota","Clearwater County",1,14,126,63,63
050,27,029,"Minnesota","Clearwater County",1,15,126,65,61
050,27,029,"Minnesota","Clearwater County",1,16,131,65,66
050,27,029,"Minnesota","Clearwater County",1,17,116,64,52
050,27,029,"Minnesota","Clearwater County",1,18,98,56,42
050,27,029,"Minnesota","Clearwater County",1,19,75,43,32
050,27,029,"Minnesota","Clearwater County",1,20,86,46,40
050,27,029,"Minnesota","Clearwater County",1,21,83,43,40
050,27,029,"Minnesota","Clearwater County",1,22,72,37,35
050,27,029,"Minnesota","Clearwater County",1,23,77,41,36
050,27,029,"Minnesota","Clearwater County",1,24,81,45,36
050,27,029,"Minnesota","Clearwater County",1,25,65,31,34
050,27,029,"Minnesota","Clearwater County",1,26,88,46,42
050,27,029,"Minnesota","Clearwater County",1,27,83,45,38
050,27,029,"Minnesota","Clearwater County",1,28,91,49,42
050,27,029,"Minnesota","Clearwater County",1,29,93,44,49
050,27,029,"Minnesota","Clearwater County",1,30,83,49,34
050,27,029,"Minnesota","Clearwater County",1,31,81,40,41
050,27,029,"Minnesota","Clearwater County",1,32,95,43,52
050,27,029,"Minnesota","Clearwater County",1,33,89,43,46
050,27,029,"Minnesota","Clearwater County",1,34,89,40,49
050,27,029,"Minnesota","Clearwater County",1,35,91,42,49
050,27,029,"Minnesota","Clearwater County",1,36,88,43,45
050,27,029,"Minnesota","Clearwater County",1,37,100,56,44
050,27,029,"Minnesota","Clearwater County",1,38,94,52,42
050,27,029,"Minnesota","Clearwater County",1,39,107,55,52
050,27,029,"Minnesota","Clearwater County",1,40,99,49,50
050,27,029,"Minnesota","Clearwater County",1,41,102,57,45
050,27,029,"Minnesota","Clearwater County",1,42,102,57,45
050,27,029,"Minnesota","Clearwater County",1,43,97,49,48
050,27,029,"Minnesota","Clearwater County",1,44,94,48,46
050,27,029,"Minnesota","Clearwater County",1,45,91,49,42
050,27,029,"Minnesota","Clearwater County",1,46,91,47,44
050,27,029,"Minnesota","Clearwater County",1,47,87,41,46
050,27,029,"Minnesota","Clearwater County",1,48,99,50,49
050,27,029,"Minnesota","Clearwater County",1,49,106,54,52
050,27,029,"Minnesota","Clearwater County",1,50,91,43,48
050,27,029,"Minnesota","Clearwater County",1,51,97,50,47
050,27,029,"Minnesota","Clearwater County",1,52,96,50,46
050,27,029,"Minnesota","Clearwater County",1,53,91,53,38
050,27,029,"Minnesota","Clearwater County",1,54,108,57,51
050,27,029,"Minnesota","Clearwater County",1,55,108,57,51
050,27,029,"Minnesota","Clearwater County",1,56,103,55,48
050,27,029,"Minnesota","Clearwater County",1,57,135,73,62
050,27,029,"Minnesota","Clearwater County",1,58,139,65,74
050,27,029,"Minnesota","Clearwater County",1,59,141,67,74
050,27,029,"Minnesota","Clearwater County",1,60,133,67,66
050,27,029,"Minnesota","Clearwater County",1,61,131,60,71
050,27,029,"Minnesota","Clearwater County",1,62,132,65,67
050,27,029,"Minnesota","Clearwater County",1,63,139,67,72
050,27,029,"Minnesota","Clearwater County",1,64,134,75,59
050,27,029,"Minnesota","Clearwater County",1,65,110,57,53
050,27,029,"Minnesota","Clearwater County",1,66,108,51,57
050,27,029,"Minnesota","Clearwater County",1,67,90,45,45
050,27,029,"Minnesota","Clearwater County",1,68,115,61,54
050,27,029,"Minnesota","Clearwater County",1,69,106,48,58
050,27,029,"Minnesota","Clearwater County",1,70,92,44,48
050,27,029,"Minnesota","Clearwater County",1,71,95,52,43
050,27,029,"Minnesota","Clearwater County",1,72,90,53,37
050,27,029,"Minnesota","Clearwater County",1,73,84,45,39
050,27,029,"Minnesota","Clearwater County",1,74,57,31,26
050,27,029,"Minnesota","Clearwater County",1,75,52,23,29
050,27,029,"Minnesota","Clearwater County",1,76,65,28,37
050,27,029,"Minnesota","Clearwater County",1,77,74,39,35
050,27,029,"Minnesota","Clearwater County",1,78,58,27,31
050,27,029,"Minnesota","Clearwater County",1,79,49,22,27
050,27,029,"Minnesota","Clearwater County",1,80,53,27,26
050,27,029,"Minnesota","Clearwater County",1,81,66,33,33
050,27,029,"Minnesota","Clearwater County",1,82,56,25,31
050,27,029,"Minnesota","Clearwater County",1,83,52,21,31
050,27,029,"Minnesota","Clearwater County",1,84,47,22,25
050,27,029,"Minnesota","Clearwater County",1,85,220,94,126
050,27,029,"Minnesota","Clearwater County",2,0,108,56,52
050,27,029,"Minnesota","Clearwater County",2,1,98,48,50
050,27,029,"Minnesota","Clearwater County",2,2,101,53,48
050,27,029,"Minnesota","Clearwater County",2,3,115,60,55
050,27,029,"Minnesota","Clearwater County",2,4,117,57,60
050,27,029,"Minnesota","Clearwater County",2,5,110,54,56
050,27,029,"Minnesota","Clearwater County",2,6,109,56,53
050,27,029,"Minnesota","Clearwater County",2,7,112,58,54
050,27,029,"Minnesota","Clearwater County",2,8,120,61,59
050,27,029,"Minnesota","Clearwater County",2,9,135,72,63
050,27,029,"Minnesota","Clearwater County",2,10,119,67,52
050,27,029,"Minnesota","Clearwater County",2,11,127,66,61
050,27,029,"Minnesota","Clearwater County",2,12,138,69,69
050,27,029,"Minnesota","Clearwater County",2,13,141,63,78
050,27,029,"Minnesota","Clearwater County",2,14,130,63,67
050,27,029,"Minnesota","Clearwater County",2,15,126,64,62
050,27,029,"Minnesota","Clearwater County",2,16,131,65,66
050,27,029,"Minnesota","Clearwater County",2,17,121,64,57
050,27,029,"Minnesota","Clearwater County",2,18,96,55,41
050,27,029,"Minnesota","Clearwater County",2,19,78,45,33
050,27,029,"Minnesota","Clearwater County",2,20,86,47,39
050,27,029,"Minnesota","Clearwater County",2,21,82,42,40
050,27,029,"Minnesota","Clearwater County",2,22,76,39,37
050,27,029,"Minnesota","Clearwater County",2,23,78,42,36
050,27,029,"Minnesota","Clearwater County",2,24,79,43,36
050,27,029,"Minnesota","Clearwater County",2,25,70,35,35
050,27,029,"Minnesota","Clearwater County",2,26,84,43,41
050,27,029,"Minnesota","Clearwater County",2,27,87,48,39
050,27,029,"Minnesota","Clearwater County",2,28,90,49,41
050,27,029,"Minnesota","Clearwater County",2,29,93,46,47
050,27,029,"Minnesota","Clearwater County",2,30,87,49,38
050,27,029,"Minnesota","Clearwater County",2,31,82,41,41
050,27,029,"Minnesota","Clearwater County",2,32,92,43,49
050,27,029,"Minnesota","Clearwater County",2,33,93,45,48
050,27,029,"Minnesota","Clearwater County",2,34,91,41,50
050,27,029,"Minnesota","Clearwater County",2,35,93,43,50
050,27,029,"Minnesota","Clearwater County",2,36,88,42,46
050,27,029,"Minnesota","Clearwater County",2,37,99,54,45
050,27,029,"Minnesota","Clearwater County",2,38,98,54,44
050,27,029,"Minnesota","Clearwater County",2,39,106,55,51
050,27,029,"Minnesota","Clearwater County",2,40,104,53,51
050,27,029,"Minnesota","Clearwater County",2,41,100,55,45
050,27,029,"Minnesota","Clearwater County",2,42,100,56,44
050,27,029,"Minnesota","Clearwater County",2,43,98,50,48
050,27,029,"Minnesota","Clearwater County",2,44,94,48,46
050,27,029,"Minnesota","Clearwater County",2,45,92,49,43
050,27,029,"Minnesota","Clearwater County",2,46,93,49,44
050,27,029,"Minnesota","Clearwater County",2,47,87,42,45
050,27,029,"Minnesota","Clearwater County",2,48,95,48,47
050,27,029,"Minnesota","Clearwater County",2,49,104,54,50
050,27,029,"Minnesota","Clearwater County",2,50,94,45,49
050,27,029,"Minnesota","Clearwater County",2,51,95,48,47
050,27,029,"Minnesota","Clearwater County",2,52,95,49,46
050,27,029,"Minnesota","Clearwater County",2,53,93,53,40
050,27,029,"Minnesota","Clearwater County",2,54,103,55,48
050,27,029,"Minnesota","Clearwater County",2,55,107,57,50
050,27,029,"Minnesota","Clearwater County",2,56,105,56,49
050,27,029,"Minnesota","Clearwater County",2,57,127,68,59
050,27,029,"Minnesota","Clearwater County",2,58,137,66,71
050,27,029,"Minnesota","Clearwater County",2,59,142,68,74
050,27,029,"Minnesota","Clearwater County",2,60,136,68,68
050,27,029,"Minnesota","Clearwater County",2,61,130,61,69
050,27,029,"Minnesota","Clearwater County",2,62,132,63,69
050,27,029,"Minnesota","Clearwater County",2,63,139,68,71
050,27,029,"Minnesota","Clearwater County",2,64,135,73,62
050,27,029,"Minnesota","Clearwater County",2,65,117,62,55
050,27,029,"Minnesota","Clearwater County",2,66,107,51,56
050,27,029,"Minnesota","Clearwater County",2,67,95,47,48
050,27,029,"Minnesota","Clearwater County",2,68,109,57,52
050,27,029,"Minnesota","Clearwater County",2,69,110,53,57
050,27,029,"Minnesota","Clearwater County",2,70,95,46,49
050,27,029,"Minnesota","Clearwater County",2,71,93,48,45
050,27,029,"Minnesota","Clearwater County",2,72,88,51,37
050,27,029,"Minnesota","Clearwater County",2,73,91,50,41
050,27,029,"Minnesota","Clearwater County",2,74,59,31,28
050,27,029,"Minnesota","Clearwater County",2,75,54,25,29
050,27,029,"Minnesota","Clearwater County",2,76,61,26,35
050,27,029,"Minnesota","Clearwater County",2,77,75,38,37
050,27,029,"Minnesota","Clearwater County",2,78,57,28,29
050,27,029,"Minnesota","Clearwater County",2,79,50,22,28
050,27,029,"Minnesota","Clearwater County",2,80,51,25,26
050,27,029,"Minnesota","Clearwater County",2,81,64,32,32
050,27,029,"Minnesota","Clearwater County",2,82,58,26,32
050,27,029,"Minnesota","Clearwater County",2,83,51,22,29
050,27,029,"Minnesota","Clearwater County",2,84,45,20,25
050,27,029,"Minnesota","Clearwater County",2,85,225,96,129
050,27,029,"Minnesota","Clearwater County",3,0,94,43,51
050,27,029,"Minnesota","Clearwater County",3,1,120,62,58
050,27,029,"Minnesota","Clearwater County",3,2,96,54,42
050,27,029,"Minnesota","Clearwater County",3,3,108,56,52
050,27,029,"Minnesota","Clearwater County",3,4,116,59,57
050,27,029,"Minnesota","Clearwater County",3,5,120,59,61
050,27,029,"Minnesota","Clearwater County",3,6,111,57,54
050,27,029,"Minnesota","Clearwater County",3,7,114,57,57
050,27,029,"Minnesota","Clearwater County",3,8,112,60,52
050,27,029,"Minnesota","Clearwater County",3,9,121,62,59
050,27,029,"Minnesota","Clearwater County",3,10,140,73,67
050,27,029,"Minnesota","Clearwater County",3,11,129,76,53
050,27,029,"Minnesota","Clearwater County",3,12,125,64,61
050,27,029,"Minnesota","Clearwater County",3,13,145,74,71
050,27,029,"Minnesota","Clearwater County",3,14,140,62,78
050,27,029,"Minnesota","Clearwater County",3,15,123,60,63
050,27,029,"Minnesota","Clearwater County",3,16,126,63,63
050,27,029,"Minnesota","Clearwater County",3,17,131,69,62
050,27,029,"Minnesota","Clearwater County",3,18,107,60,47
050,27,029,"Minnesota","Clearwater County",3,19,71,40,31
050,27,029,"Minnesota","Clearwater County",3,20,86,48,38
050,27,029,"Minnesota","Clearwater County",3,21,84,45,39
050,27,029,"Minnesota","Clearwater County",3,22,79,38,41
050,27,029,"Minnesota","Clearwater County",3,23,71,36,35
050,27,029,"Minnesota","Clearwater County",3,24,80,46,34
050,27,029,"Minnesota","Clearwater County",3,25,83,41,42
050,27,029,"Minnesota","Clearwater County",3,26,85,43,42
050,27,029,"Minnesota","Clearwater County",3,27,88,48,40
050,27,029,"Minnesota","Clearwater County",3,28,73,41,32
050,27,029,"Minnesota","Clearwater County",3,29,98,56,42
050,27,029,"Minnesota","Clearwater County",3,30,95,49,46
050,27,029,"Minnesota","Clearwater County",3,31,88,46,42
050,27,029,"Minnesota","Clearwater County",3,32,84,43,41
050,27,029,"Minnesota","Clearwater County",3,33,94,43,51
050,27,029,"Minnesota","Clearwater County",3,34,98,51,47
050,27,029,"Minnesota","Clearwater County",3,35,92,43,49
050,27,029,"Minnesota","Clearwater County",3,36,96,43,53
050,27,029,"Minnesota","Clearwater County",3,37,92,42,50
050,27,029,"Minnesota","Clearwater County",3,38,100,57,43
050,27,029,"Minnesota","Clearwater County",3,39,96,55,41
050,27,029,"Minnesota","Clearwater County",3,40,110,55,55
050,27,029,"Minnesota","Clearwater County",3,41,109,55,54
050,27,029,"Minnesota","Clearwater County",3,42,108,60,48
050,27,029,"Minnesota","Clearwater County",3,43,100,56,44
050,27,029,"Minnesota","Clearwater County",3,44,99,51,48
050,27,029,"Minnesota","Clearwater County",3,45,95,49,46
050,27,029,"Minnesota","Clearwater County",3,46,92,49,43
050,27,029,"Minnesota","Clearwater County",3,47,87,46,41
050,27,029,"Minnesota","Clearwater County",3,48,90,44,46
050,27,029,"Minnesota","Clearwater County",3,49,94,48,46
050,27,029,"Minnesota","Clearwater County",3,50,98,52,46
050,27,029,"Minnesota","Clearwater County",3,51,93,45,48
050,27,029,"Minnesota","Clearwater County",3,52,95,49,46
050,27,029,"Minnesota","Clearwater County",3,53,95,48,47
050,27,029,"Minnesota","Clearwater County",3,54,94,53,41
050,27,029,"Minnesota","Clearwater County",3,55,102,55,47
050,27,029,"Minnesota","Clearwater County",3,56,106,57,49
050,27,029,"Minnesota","Clearwater County",3,57,108,57,51
050,27,029,"Minnesota","Clearwater County",3,58,120,60,60
050,27,029,"Minnesota","Clearwater County",3,59,136,65,71
050,27,029,"Minnesota","Clearwater County",3,60,145,71,74
050,27,029,"Minnesota","Clearwater County",3,61,128,63,65
050,27,029,"Minnesota","Clearwater County",3,62,128,61,67
050,27,029,"Minnesota","Clearwater County",3,63,127,58,69
050,27,029,"Minnesota","Clearwater County",3,64,132,68,64
050,27,029,"Minnesota","Clearwater County",3,65,130,72,58
050,27,029,"Minnesota","Clearwater County",3,66,106,55,51
050,27,029,"Minnesota","Clearwater County",3,67,104,48,56
050,27,029,"Minnesota","Clearwater County",3,68,94,45,49
050,27,029,"Minnesota","Clearwater County",3,69,107,54,53
050,27,029,"Minnesota","Clearwater County",3,70,111,57,54
050,27,029,"Minnesota","Clearwater County",3,71,88,42,46
050,27,029,"Minnesota","Clearwater County",3,72,90,47,43
050,27,029,"Minnesota","Clearwater County",3,73,87,50,37
050,27,029,"Minnesota","Clearwater County",3,74,84,47,37
050,27,029,"Minnesota","Clearwater County",3,75,54,27,27
050,27,029,"Minnesota","Clearwater County",3,76,53,23,30
050,27,029,"Minnesota","Clearwater County",3,77,58,24,34
050,27,029,"Minnesota","Clearwater County",3,78,71,35,36
050,27,029,"Minnesota","Clearwater County",3,79,51,24,27
050,27,029,"Minnesota","Clearwater County",3,80,46,20,26
050,27,029,"Minnesota","Clearwater County",3,81,52,26,26
050,27,029,"Minnesota","Clearwater County",3,82,59,28,31
050,27,029,"Minnesota","Clearwater County",3,83,53,24,29
050,27,029,"Minnesota","Clearwater County",3,84,46,18,28
050,27,029,"Minnesota","Clearwater County",3,85,236,98,138
050,27,029,"Minnesota","Clearwater County",4,0,84,32,52
050,27,029,"Minnesota","Clearwater County",4,1,100,45,55
050,27,029,"Minnesota","Clearwater County",4,2,118,60,58
050,27,029,"Minnesota","Clearwater County",4,3,103,59,44
050,27,029,"Minnesota","Clearwater County",4,4,107,61,46
050,27,029,"Minnesota","Clearwater County",4,5,117,60,57
050,27,029,"Minnesota","Clearwater County",4,6,119,57,62
050,27,029,"Minnesota","Clearwater County",4,7,114,58,56
050,27,029,"Minnesota","Clearwater County",4,8,118,60,58
050,27,029,"Minnesota","Clearwater County",4,9,113,60,53
050,27,029,"Minnesota","Clearwater County",4,10,123,63,60
050,27,029,"Minnesota","Clearwater County",4,11,140,72,68
050,27,029,"Minnesota","Clearwater County",4,12,129,76,53
050,27,029,"Minnesota","Clearwater County",4,13,125,63,62
050,27,029,"Minnesota","Clearwater County",4,14,141,73,68
050,27,029,"Minnesota","Clearwater County",4,15,141,64,77
050,27,029,"Minnesota","Clearwater County",4,16,130,63,67
050,27,029,"Minnesota","Clearwater County",4,17,126,66,60
050,27,029,"Minnesota","Clearwater County",4,18,112,61,51
050,27,029,"Minnesota","Clearwater County",4,19,82,48,34
050,27,029,"Minnesota","Clearwater County",4,20,72,40,32
050,27,029,"Minnesota","Clearwater County",4,21,88,49,39
050,27,029,"Minnesota","Clearwater County",4,22,92,48,44
050,27,029,"Minnesota","Clearwater County",4,23,84,42,42
050,27,029,"Minnesota","Clearwater County",4,24,78,39,39
050,27,029,"Minnesota","Clearwater County",4,25,88,50,38
050,27,029,"Minnesota","Clearwater County",4,26,91,44,47
050,27,029,"Minnesota","Clearwater County",4,27,93,52,41
050,27,029,"Minnesota","Clearwater County",4,28,93,49,44
050,27,029,"Minnesota","Clearwater County",4,29,82,50,32
050,27,029,"Minnesota","Clearwater County",4,30,97,55,42
050,27,029,"Minnesota","Clearwater County",4,31,96,47,49
050,27,029,"Minnesota","Clearwater County",4,32,84,42,42
050,27,029,"Minnesota","Clearwater County",4,33,85,43,42
050,27,029,"Minnesota","Clearwater County",4,34,97,45,52
050,27,029,"Minnesota","Clearwater County",4,35,98,51,47
050,27,029,"Minnesota","Clearwater County",4,36,97,46,51
050,27,029,"Minnesota","Clearwater County",4,37,97,44,53
050,27,029,"Minnesota","Clearwater County",4,38,95,47,48
050,27,029,"Minnesota","Clearwater County",4,39,113,65,48
050,27,029,"Minnesota","Clearwater County",4,40,93,54,39
050,27,029,"Minnesota","Clearwater County",4,41,115,57,58
050,27,029,"Minnesota","Clearwater County",4,42,109,56,53
050,27,029,"Minnesota","Clearwater County",4,43,106,58,48
050,27,029,"Minnesota","Clearwater County",4,44,101,57,44
050,27,029,"Minnesota","Clearwater County",4,45,100,52,48
050,27,029,"Minnesota","Clearwater County",4,46,94,51,43
050,27,029,"Minnesota","Clearwater County",4,47,87,47,40
050,27,029,"Minnesota","Clearwater County",4,48,89,47,42
050,27,029,"Minnesota","Clearwater County",4,49,90,43,47
050,27,029,"Minnesota","Clearwater County",4,50,97,51,46
050,27,029,"Minnesota","Clearwater County",4,51,99,54,45
050,27,029,"Minnesota","Clearwater County",4,52,94,46,48
050,27,029,"Minnesota","Clearwater County",4,53,96,53,43
050,27,029,"Minnesota","Clearwater County",4,54,100,45,55
050,27,029,"Minnesota","Clearwater County",4,55,92,53,39
050,27,029,"Minnesota","Clearwater County",4,56,95,50,45
050,27,029,"Minnesota","Clearwater County",4,57,111,63,48
050,27,029,"Minnesota","Clearwater County",4,58,109,54,55
050,27,029,"Minnesota","Clearwater County",4,59,121,60,61
050,27,029,"Minnesota","Clearwater County",4,60,135,64,71
050,27,029,"Minnesota","Clearwater County",4,61,143,69,74
050,27,029,"Minnesota","Clearwater County",4,62,130,63,67
050,27,029,"Minnesota","Clearwater County",4,63,127,60,67
050,27,029,"Minnesota","Clearwater County",4,64,125,59,66
050,27,029,"Minnesota","Clearwater County",4,65,128,65,63
050,27,029,"Minnesota","Clearwater County",4,66,127,71,56
050,27,029,"Minnesota","Clearwater County",4,67,106,58,48
050,27,029,"Minnesota","Clearwater County",4,68,104,47,57
050,27,029,"Minnesota","Clearwater County",4,69,89,41,48
050,27,029,"Minnesota","Clearwater County",4,70,108,55,53
050,27,029,"Minnesota","Clearwater County",4,71,106,53,53
050,27,029,"Minnesota","Clearwater County",4,72,89,44,45
050,27,029,"Minnesota","Clearwater County",4,73,89,47,42
050,27,029,"Minnesota","Clearwater County",4,74,84,49,35
050,27,029,"Minnesota","Clearwater County",4,75,77,44,33
050,27,029,"Minnesota","Clearwater County",4,76,54,26,28
050,27,029,"Minnesota","Clearwater County",4,77,52,22,30
050,27,029,"Minnesota","Clearwater County",4,78,53,21,32
050,27,029,"Minnesota","Clearwater County",4,79,68,34,34
050,27,029,"Minnesota","Clearwater County",4,80,47,24,23
050,27,029,"Minnesota","Clearwater County",4,81,45,20,25
050,27,029,"Minnesota","Clearwater County",4,82,41,19,22
050,27,029,"Minnesota","Clearwater County",4,83,56,27,29
050,27,029,"Minnesota","Clearwater County",4,84,48,21,27
050,27,029,"Minnesota","Clearwater County",4,85,247,101,146
050,27,029,"Minnesota","Clearwater County",5,0,82,30,52
050,27,029,"Minnesota","Clearwater County",5,1,84,30,54
050,27,029,"Minnesota","Clearwater County",5,2,105,48,57
050,27,029,"Minnesota","Clearwater County",5,3,114,63,51
050,27,029,"Minnesota","Clearwater County",5,4,111,66,45
050,27,029,"Minnesota","Clearwater County",5,5,105,62,43
050,27,029,"Minnesota","Clearwater County",5,6,123,65,58
050,27,029,"Minnesota","Clearwater County",5,7,133,70,63
050,27,029,"Minnesota","Clearwater County",5,8,117,62,55
050,27,029,"Minnesota","Clearwater County",5,9,123,64,59
050,27,029,"Minnesota","Clearwater County",5,10,120,61,59
050,27,029,"Minnesota","Clearwater County",5,11,117,58,59
050,27,029,"Minnesota","Clearwater County",5,12,141,76,65
050,27,029,"Minnesota","Clearwater County",5,13,135,76,59
050,27,029,"Minnesota","Clearwater County",5,14,135,70,65
050,27,029,"Minnesota","Clearwater County",5,15,147,74,73
050,27,029,"Minnesota","Clearwater County",5,16,142,66,76
050,27,029,"Minnesota","Clearwater County",5,17,128,65,63
050,27,029,"Minnesota","Clearwater County",5,18,101,54,47
050,27,029,"Minnesota","Clearwater County",5,19,93,51,42
050,27,029,"Minnesota","Clearwater County",5,20,83,44,39
050,27,029,"Minnesota","Clearwater County",5,21,74,39,35
050,27,029,"Minnesota","Clearwater County",5,22,95,52,43
050,27,029,"Minnesota","Clearwater County",5,23,98,52,46
050,27,029,"Minnesota","Clearwater County",5,24,77,38,39
050,27,029,"Minnesota","Clearwater County",5,25,79,38,41
050,27,029,"Minnesota","Clearwater County",5,26,97,54,43
050,27,029,"Minnesota","Clearwater County",5,27,92,50,42
050,27,029,"Minnesota","Clearwater County",5,28,90,46,44
050,27,029,"Minnesota","Clearwater County",5,29,93,48,45
050,27,029,"Minnesota","Clearwater County",5,30,82,46,36
050,27,029,"Minnesota","Clearwater County",5,31,102,56,46
050,27,029,"Minnesota","Clearwater County",5,32,95,47,48
050,27,029,"Minnesota","Clearwater County",5,33,87,44,43
050,27,029,"Minnesota","Clearwater County",5,34,88,46,42
050,27,029,"Minnesota","Clearwater County",5,35,104,47,57
050,27,029,"Minnesota","Clearwater County",5,36,101,55,46
050,27,029,"Minnesota","Clearwater County",5,37,97,44,53
050,27,029,"Minnesota","Clearwater County",5,38,99,48,51
050,27,029,"Minnesota","Clearwater County",5,39,99,49,50
050,27,029,"Minnesota","Clearwater County",5,40,106,61,45
050,27,029,"Minnesota","Clearwater County",5,41,97,55,42
050,27,029,"Minnesota","Clearwater County",5,42,117,57,60
050,27,029,"Minnesota","Clearwater County",5,43,106,53,53
050,27,029,"Minnesota","Clearwater County",5,44,103,58,45
050,27,029,"Minnesota","Clearwater County",5,45,96,53,43
050,27,029,"Minnesota","Clearwater County",5,46,101,54,47
050,27,029,"Minnesota","Clearwater County",5,47,89,45,44
050,27,029,"Minnesota","Clearwater County",5,48,88,48,40
050,27,029,"Minnesota","Clearwater County",5,49,85,47,38
050,27,029,"Minnesota","Clearwater County",5,50,88,45,43
050,27,029,"Minnesota","Clearwater County",5,51,93,49,44
050,27,029,"Minnesota","Clearwater County",5,52,102,57,45
050,27,029,"Minnesota","Clearwater County",5,53,93,48,45
050,27,029,"Minnesota","Clearwater County",5,54,96,52,44
050,27,029,"Minnesota","Clearwater County",5,55,101,47,54
050,27,029,"Minnesota","Clearwater County",5,56,92,53,39
050,27,029,"Minnesota","Clearwater County",5,57,96,51,45
050,27,029,"Minnesota","Clearwater County",5,58,111,61,50
050,27,029,"Minnesota","Clearwater County",5,59,110,55,55
050,27,029,"Minnesota","Clearwater County",5,60,122,60,62
050,27,029,"Minnesota","Clearwater County",5,61,132,64,68
050,27,029,"Minnesota","Clearwater County",5,62,143,69,74
050,27,029,"Minnesota","Clearwater County",5,63,129,61,68
050,27,029,"Minnesota","Clearwater County",5,64,127,61,66
050,27,029,"Minnesota","Clearwater County",5,65,123,59,64
050,27,029,"Minnesota","Clearwater County",5,66,123,62,61
050,27,029,"Minnesota","Clearwater County",5,67,126,71,55
050,27,029,"Minnesota","Clearwater County",5,68,106,57,49
050,27,029,"Minnesota","Clearwater County",5,69,100,44,56
050,27,029,"Minnesota","Clearwater County",5,70,89,45,44
050,27,029,"Minnesota","Clearwater County",5,71,100,50,50
050,27,029,"Minnesota","Clearwater County",5,72,102,51,51
050,27,029,"Minnesota","Clearwater County",5,73,84,40,44
050,27,029,"Minnesota","Clearwater County",5,74,86,48,38
050,27,029,"Minnesota","Clearwater County",5,75,74,42,32
050,27,029,"Minnesota","Clearwater County",5,76,76,45,31
050,27,029,"Minnesota","Clearwater County",5,77,51,24,27
050,27,029,"Minnesota","Clearwater County",5,78,45,18,27
050,27,029,"Minnesota","Clearwater County",5,79,50,19,31
050,27,029,"Minnesota","Clearwater County",5,80,62,32,30
050,27,029,"Minnesota","Clearwater County",5,81,50,24,26
050,27,029,"Minnesota","Clearwater County",5,82,39,16,23
050,27,029,"Minnesota","Clearwater County",5,83,40,19,21
050,27,029,"Minnesota","Clearwater County",5,84,50,24,26
050,27,029,"Minnesota","Clearwater County",5,85,257,108,149
050,27,031,"Minnesota","Cook County",1,0,39,20,19
050,27,031,"Minnesota","Cook County",1,1,33,18,15
050,27,031,"Minnesota","Cook County",1,2,47,24,23
050,27,031,"Minnesota","Cook County",1,3,50,26,24
050,27,031,"Minnesota","Cook County",1,4,56,25,31
050,27,031,"Minnesota","Cook County",1,5,52,22,30
050,27,031,"Minnesota","Cook County",1,6,48,28,20
050,27,031,"Minnesota","Cook County",1,7,43,23,20
050,27,031,"Minnesota","Cook County",1,8,55,30,25
050,27,031,"Minnesota","Cook County",1,9,52,29,23
050,27,031,"Minnesota","Cook County",1,10,39,20,19
050,27,031,"Minnesota","Cook County",1,11,45,24,21
050,27,031,"Minnesota","Cook County",1,12,49,25,24
050,27,031,"Minnesota","Cook County",1,13,60,33,27
050,27,031,"Minnesota","Cook County",1,14,54,30,24
050,27,031,"Minnesota","Cook County",1,15,43,21,22
050,27,031,"Minnesota","Cook County",1,16,48,22,26
050,27,031,"Minnesota","Cook County",1,17,44,23,21
050,27,031,"Minnesota","Cook County",1,18,35,19,16
050,27,031,"Minnesota","Cook County",1,19,30,17,13
050,27,031,"Minnesota","Cook County",1,20,36,23,13
050,27,031,"Minnesota","Cook County",1,21,44,27,17
050,27,031,"Minnesota","Cook County",1,22,50,26,24
050,27,031,"Minnesota","Cook County",1,23,58,33,25
050,27,031,"Minnesota","Cook County",1,24,60,31,29
050,27,031,"Minnesota","Cook County",1,25,56,21,35
050,27,031,"Minnesota","Cook County",1,26,58,26,32
050,27,031,"Minnesota","Cook County",1,27,61,29,32
050,27,031,"Minnesota","Cook County",1,28,47,28,19
050,27,031,"Minnesota","Cook County",1,29,50,24,26
050,27,031,"Minnesota","Cook County",1,30,54,21,33
050,27,031,"Minnesota","Cook County",1,31,56,22,34
050,27,031,"Minnesota","Cook County",1,32,47,19,28
050,27,031,"Minnesota","Cook County",1,33,57,28,29
050,27,031,"Minnesota","Cook County",1,34,60,32,28
050,27,031,"Minnesota","Cook County",1,35,72,40,32
050,27,031,"Minnesota","Cook County",1,36,61,32,29
050,27,031,"Minnesota","Cook County",1,37,58,31,27
050,27,031,"Minnesota","Cook County",1,38,61,31,30
050,27,031,"Minnesota","Cook County",1,39,54,25,29
050,27,031,"Minnesota","Cook County",1,40,67,30,37
050,27,031,"Minnesota","Cook County",1,41,59,31,28
050,27,031,"Minnesota","Cook County",1,42,62,34,28
050,27,031,"Minnesota","Cook County",1,43,50,32,18
050,27,031,"Minnesota","Cook County",1,44,50,31,19
050,27,031,"Minnesota","Cook County",1,45,60,30,30
050,27,031,"Minnesota","Cook County",1,46,62,30,32
050,27,031,"Minnesota","Cook County",1,47,50,26,24
050,27,031,"Minnesota","Cook County",1,48,52,29,23
050,27,031,"Minnesota","Cook County",1,49,67,29,38
050,27,031,"Minnesota","Cook County",1,50,78,33,45
050,27,031,"Minnesota","Cook County",1,51,70,39,31
050,27,031,"Minnesota","Cook County",1,52,74,39,35
050,27,031,"Minnesota","Cook County",1,53,74,34,40
050,27,031,"Minnesota","Cook County",1,54,67,30,37
050,27,031,"Minnesota","Cook County",1,55,66,30,36
050,27,031,"Minnesota","Cook County",1,56,90,45,45
050,27,031,"Minnesota","Cook County",1,57,78,40,38
050,27,031,"Minnesota","Cook County",1,58,99,45,54
050,27,031,"Minnesota","Cook County",1,59,111,53,58
050,27,031,"Minnesota","Cook County",1,60,110,58,52
050,27,031,"Minnesota","Cook County",1,61,99,47,52
050,27,031,"Minnesota","Cook County",1,62,116,58,58
050,27,031,"Minnesota","Cook County",1,63,120,60,60
050,27,031,"Minnesota","Cook County",1,64,116,63,53
050,27,031,"Minnesota","Cook County",1,65,117,62,55
050,27,031,"Minnesota","Cook County",1,66,115,54,61
050,27,031,"Minnesota","Cook County",1,67,118,58,60
050,27,031,"Minnesota","Cook County",1,68,120,62,58
050,27,031,"Minnesota","Cook County",1,69,105,56,49
050,27,031,"Minnesota","Cook County",1,70,99,53,46
050,27,031,"Minnesota","Cook County",1,71,105,59,46
050,27,031,"Minnesota","Cook County",1,72,95,51,44
050,27,031,"Minnesota","Cook County",1,73,95,54,41
050,27,031,"Minnesota","Cook County",1,74,70,32,38
050,27,031,"Minnesota","Cook County",1,75,65,27,38
050,27,031,"Minnesota","Cook County",1,76,70,38,32
050,27,031,"Minnesota","Cook County",1,77,69,37,32
050,27,031,"Minnesota","Cook County",1,78,46,19,27
050,27,031,"Minnesota","Cook County",1,79,49,24,25
050,27,031,"Minnesota","Cook County",1,80,38,19,19
050,27,031,"Minnesota","Cook County",1,81,36,20,16
050,27,031,"Minnesota","Cook County",1,82,28,14,14
050,27,031,"Minnesota","Cook County",1,83,27,13,14
050,27,031,"Minnesota","Cook County",1,84,23,10,13
050,27,031,"Minnesota","Cook County",1,85,142,48,94
050,27,031,"Minnesota","Cook County",2,0,38,18,20
050,27,031,"Minnesota","Cook County",2,1,35,19,16
050,27,031,"Minnesota","Cook County",2,2,44,22,22
050,27,031,"Minnesota","Cook County",2,3,49,26,23
050,27,031,"Minnesota","Cook County",2,4,56,26,30
050,27,031,"Minnesota","Cook County",2,5,52,22,30
050,27,031,"Minnesota","Cook County",2,6,49,27,22
050,27,031,"Minnesota","Cook County",2,7,43,24,19
050,27,031,"Minnesota","Cook County",2,8,52,29,23
050,27,031,"Minnesota","Cook County",2,9,53,29,24
050,27,031,"Minnesota","Cook County",2,10,42,22,20
050,27,031,"Minnesota","Cook County",2,11,45,24,21
050,27,031,"Minnesota","Cook County",2,12,49,25,24
050,27,031,"Minnesota","Cook County",2,13,56,31,25
050,27,031,"Minnesota","Cook County",2,14,55,30,25
050,27,031,"Minnesota","Cook County",2,15,44,22,22
050,27,031,"Minnesota","Cook County",2,16,46,22,24
050,27,031,"Minnesota","Cook County",2,17,43,21,22
050,27,031,"Minnesota","Cook County",2,18,36,19,17
050,27,031,"Minnesota","Cook County",2,19,29,16,13
050,27,031,"Minnesota","Cook County",2,20,34,23,11
050,27,031,"Minnesota","Cook County",2,21,44,27,17
050,27,031,"Minnesota","Cook County",2,22,50,27,23
050,27,031,"Minnesota","Cook County",2,23,60,33,27
050,27,031,"Minnesota","Cook County",2,24,59,30,29
050,27,031,"Minnesota","Cook County",2,25,59,24,35
050,27,031,"Minnesota","Cook County",2,26,60,27,33
050,27,031,"Minnesota","Cook County",2,27,60,28,32
050,27,031,"Minnesota","Cook County",2,28,50,28,22
050,27,031,"Minnesota","Cook County",2,29,48,23,25
050,27,031,"Minnesota","Cook County",2,30,55,22,33
050,27,031,"Minnesota","Cook County",2,31,54,21,33
050,27,031,"Minnesota","Cook County",2,32,49,20,29
050,27,031,"Minnesota","Cook County",2,33,56,27,29
050,27,031,"Minnesota","Cook County",2,34,59,31,28
050,27,031,"Minnesota","Cook County",2,35,71,39,32
050,27,031,"Minnesota","Cook County",2,36,64,34,30
050,27,031,"Minnesota","Cook County",2,37,60,32,28
050,27,031,"Minnesota","Cook County",2,38,60,31,29
050,27,031,"Minnesota","Cook County",2,39,55,26,29
050,27,031,"Minnesota","Cook County",2,40,65,29,36
050,27,031,"Minnesota","Cook County",2,41,61,31,30
050,27,031,"Minnesota","Cook County",2,42,60,33,27
050,27,031,"Minnesota","Cook County",2,43,53,33,20
050,27,031,"Minnesota","Cook County",2,44,49,31,18
050,27,031,"Minnesota","Cook County",2,45,60,31,29
050,27,031,"Minnesota","Cook County",2,46,60,28,32
050,27,031,"Minnesota","Cook County",2,47,52,27,25
050,27,031,"Minnesota","Cook County",2,48,53,29,24
050,27,031,"Minnesota","Cook County",2,49,61,28,33
050,27,031,"Minnesota","Cook County",2,50,76,32,44
050,27,031,"Minnesota","Cook County",2,51,71,37,34
050,27,031,"Minnesota","Cook County",2,52,73,39,34
050,27,031,"Minnesota","Cook County",2,53,73,34,39
050,27,031,"Minnesota","Cook County",2,54,67,30,37
050,27,031,"Minnesota","Cook County",2,55,68,31,37
050,27,031,"Minnesota","Cook County",2,56,84,42,42
050,27,031,"Minnesota","Cook County",2,57,80,41,39
050,27,031,"Minnesota","Cook County",2,58,94,44,50
050,27,031,"Minnesota","Cook County",2,59,111,52,59
050,27,031,"Minnesota","Cook County",2,60,110,57,53
050,27,031,"Minnesota","Cook County",2,61,101,49,52
050,27,031,"Minnesota","Cook County",2,62,112,55,57
050,27,031,"Minnesota","Cook County",2,63,121,61,60
050,27,031,"Minnesota","Cook County",2,64,116,61,55
050,27,031,"Minnesota","Cook County",2,65,116,62,54
050,27,031,"Minnesota","Cook County",2,66,116,56,60
050,27,031,"Minnesota","Cook County",2,67,118,58,60
050,27,031,"Minnesota","Cook County",2,68,117,60,57
050,27,031,"Minnesota","Cook County",2,69,108,58,50
050,27,031,"Minnesota","Cook County",2,70,100,54,46
050,27,031,"Minnesota","Cook County",2,71,105,58,47
050,27,031,"Minnesota","Cook County",2,72,95,51,44
050,27,031,"Minnesota","Cook County",2,73,99,56,43
050,27,031,"Minnesota","Cook County",2,74,70,34,36
050,27,031,"Minnesota","Cook County",2,75,66,28,38
050,27,031,"Minnesota","Cook County",2,76,66,33,33
050,27,031,"Minnesota","Cook County",2,77,69,37,32
050,27,031,"Minnesota","Cook County",2,78,50,23,27
050,27,031,"Minnesota","Cook County",2,79,47,22,25
050,27,031,"Minnesota","Cook County",2,80,40,20,20
050,27,031,"Minnesota","Cook County",2,81,37,20,17
050,27,031,"Minnesota","Cook County",2,82,30,16,14
050,27,031,"Minnesota","Cook County",2,83,27,13,14
050,27,031,"Minnesota","Cook County",2,84,23,10,13
050,27,031,"Minnesota","Cook County",2,85,144,48,96
050,27,031,"Minnesota","Cook County",3,0,38,21,17
050,27,031,"Minnesota","Cook County",3,1,40,18,22
050,27,031,"Minnesota","Cook County",3,2,35,20,15
050,27,031,"Minnesota","Cook County",3,3,42,20,22
050,27,031,"Minnesota","Cook County",3,4,45,25,20
050,27,031,"Minnesota","Cook County",3,5,56,27,29
050,27,031,"Minnesota","Cook County",3,6,55,23,32
050,27,031,"Minnesota","Cook County",3,7,48,28,20
050,27,031,"Minnesota","Cook County",3,8,44,24,20
050,27,031,"Minnesota","Cook County",3,9,52,28,24
050,27,031,"Minnesota","Cook County",3,10,51,27,24
050,27,031,"Minnesota","Cook County",3,11,43,23,20
050,27,031,"Minnesota","Cook County",3,12,41,22,19
050,27,031,"Minnesota","Cook County",3,13,45,24,21
050,27,031,"Minnesota","Cook County",3,14,58,32,26
050,27,031,"Minnesota","Cook County",3,15,52,30,22
050,27,031,"Minnesota","Cook County",3,16,42,23,19
050,27,031,"Minnesota","Cook County",3,17,48,23,25
050,27,031,"Minnesota","Cook County",3,18,37,17,20
050,27,031,"Minnesota","Cook County",3,19,33,18,15
050,27,031,"Minnesota","Cook County",3,20,31,18,13
050,27,031,"Minnesota","Cook County",3,21,36,24,12
050,27,031,"Minnesota","Cook County",3,22,40,23,17
050,27,031,"Minnesota","Cook County",3,23,51,25,26
050,27,031,"Minnesota","Cook County",3,24,63,34,29
050,27,031,"Minnesota","Cook County",3,25,51,24,27
050,27,031,"Minnesota","Cook County",3,26,62,27,35
050,27,031,"Minnesota","Cook County",3,27,63,33,30
050,27,031,"Minnesota","Cook County",3,28,67,28,39
050,27,031,"Minnesota","Cook County",3,29,52,28,24
050,27,031,"Minnesota","Cook County",3,30,52,25,27
050,27,031,"Minnesota","Cook County",3,31,67,28,39
050,27,031,"Minnesota","Cook County",3,32,64,27,37
050,27,031,"Minnesota","Cook County",3,33,52,21,31
050,27,031,"Minnesota","Cook County",3,34,64,31,33
050,27,031,"Minnesota","Cook County",3,35,62,32,30
050,27,031,"Minnesota","Cook County",3,36,70,37,33
050,27,031,"Minnesota","Cook County",3,37,64,35,29
050,27,031,"Minnesota","Cook County",3,38,58,30,28
050,27,031,"Minnesota","Cook County",3,39,57,29,28
050,27,031,"Minnesota","Cook County",3,40,66,33,33
050,27,031,"Minnesota","Cook County",3,41,63,29,34
050,27,031,"Minnesota","Cook County",3,42,61,31,30
050,27,031,"Minnesota","Cook County",3,43,61,32,29
050,27,031,"Minnesota","Cook County",3,44,53,32,21
050,27,031,"Minnesota","Cook County",3,45,49,30,19
050,27,031,"Minnesota","Cook County",3,46,63,34,29
050,27,031,"Minnesota","Cook County",3,47,63,30,33
050,27,031,"Minnesota","Cook County",3,48,53,27,26
050,27,031,"Minnesota","Cook County",3,49,49,27,22
050,27,031,"Minnesota","Cook County",3,50,69,32,37
050,27,031,"Minnesota","Cook County",3,51,75,33,42
050,27,031,"Minnesota","Cook County",3,52,73,39,34
050,27,031,"Minnesota","Cook County",3,53,76,42,34
050,27,031,"Minnesota","Cook County",3,54,68,32,36
050,27,031,"Minnesota","Cook County",3,55,70,29,41
050,27,031,"Minnesota","Cook County",3,56,70,31,39
050,27,031,"Minnesota","Cook County",3,57,80,40,40
050,27,031,"Minnesota","Cook County",3,58,81,43,38
050,27,031,"Minnesota","Cook County",3,59,97,47,50
050,27,031,"Minnesota","Cook County",3,60,107,49,58
050,27,031,"Minnesota","Cook County",3,61,117,62,55
050,27,031,"Minnesota","Cook County",3,62,102,49,53
050,27,031,"Minnesota","Cook County",3,63,114,50,64
050,27,031,"Minnesota","Cook County",3,64,126,64,62
050,27,031,"Minnesota","Cook County",3,65,119,63,56
050,27,031,"Minnesota","Cook County",3,66,119,60,59
050,27,031,"Minnesota","Cook County",3,67,115,54,61
050,27,031,"Minnesota","Cook County",3,68,115,55,60
050,27,031,"Minnesota","Cook County",3,69,113,58,55
050,27,031,"Minnesota","Cook County",3,70,106,58,48
050,27,031,"Minnesota","Cook County",3,71,96,54,42
050,27,031,"Minnesota","Cook County",3,72,104,57,47
050,27,031,"Minnesota","Cook County",3,73,90,48,42
050,27,031,"Minnesota","Cook County",3,74,94,52,42
050,27,031,"Minnesota","Cook County",3,75,66,31,35
050,27,031,"Minnesota","Cook County",3,76,63,28,35
050,27,031,"Minnesota","Cook County",3,77,62,29,33
050,27,031,"Minnesota","Cook County",3,78,64,35,29
050,27,031,"Minnesota","Cook County",3,79,44,21,23
050,27,031,"Minnesota","Cook County",3,80,48,22,26
050,27,031,"Minnesota","Cook County",3,81,40,20,20
050,27,031,"Minnesota","Cook County",3,82,35,20,15
050,27,031,"Minnesota","Cook County",3,83,28,14,14
050,27,031,"Minnesota","Cook County",3,84,26,13,13
050,27,031,"Minnesota","Cook County",3,85,145,45,100
050,27,031,"Minnesota","Cook County",4,0,32,18,14
050,27,031,"Minnesota","Cook County",4,1,47,30,17
050,27,031,"Minnesota","Cook County",4,2,47,23,24
050,27,031,"Minnesota","Cook County",4,3,37,20,17
050,27,031,"Minnesota","Cook County",4,4,43,20,23
050,27,031,"Minnesota","Cook County",4,5,50,28,22
050,27,031,"Minnesota","Cook County",4,6,62,33,29
050,27,031,"Minnesota","Cook County",4,7,56,23,33
050,27,031,"Minnesota","Cook County",4,8,50,29,21
050,27,031,"Minnesota","Cook County",4,9,43,23,20
050,27,031,"Minnesota","Cook County",4,10,54,28,26
050,27,031,"Minnesota","Cook County",4,11,49,26,23
050,27,031,"Minnesota","Cook County",4,12,44,24,20
050,27,031,"Minnesota","Cook County",4,13,39,22,17
050,27,031,"Minnesota","Cook County",4,14,47,25,22
050,27,031,"Minnesota","Cook County",4,15,57,31,26
050,27,031,"Minnesota","Cook County",4,16,49,29,20
050,27,031,"Minnesota","Cook County",4,17,43,23,20
050,27,031,"Minnesota","Cook County",4,18,41,20,21
050,27,031,"Minnesota","Cook County",4,19,37,18,19
050,27,031,"Minnesota","Cook County",4,20,41,21,20
050,27,031,"Minnesota","Cook County",4,21,35,21,14
050,27,031,"Minnesota","Cook County",4,22,39,24,15
050,27,031,"Minnesota","Cook County",4,23,43,22,21
050,27,031,"Minnesota","Cook County",4,24,49,24,25
050,27,031,"Minnesota","Cook County",4,25,59,27,32
050,27,031,"Minnesota","Cook County",4,26,53,28,25
050,27,031,"Minnesota","Cook County",4,27,62,29,33
050,27,031,"Minnesota","Cook County",4,28,59,30,29
050,27,031,"Minnesota","Cook County",4,29,70,29,41
050,27,031,"Minnesota","Cook County",4,30,68,39,29
050,27,031,"Minnesota","Cook County",4,31,55,25,30
050,27,031,"Minnesota","Cook County",4,32,69,30,39
050,27,031,"Minnesota","Cook County",4,33,60,27,33
050,27,031,"Minnesota","Cook County",4,34,57,25,32
050,27,031,"Minnesota","Cook County",4,35,63,31,32
050,27,031,"Minnesota","Cook County",4,36,63,33,30
050,27,031,"Minnesota","Cook County",4,37,78,44,34
050,27,031,"Minnesota","Cook County",4,38,65,36,29
050,27,031,"Minnesota","Cook County",4,39,57,27,30
050,27,031,"Minnesota","Cook County",4,40,63,31,32
050,27,031,"Minnesota","Cook County",4,41,65,33,32
050,27,031,"Minnesota","Cook County",4,42,70,29,41
050,27,031,"Minnesota","Cook County",4,43,61,30,31
050,27,031,"Minnesota","Cook County",4,44,59,31,28
050,27,031,"Minnesota","Cook County",4,45,56,32,24
050,27,031,"Minnesota","Cook County",4,46,48,29,19
050,27,031,"Minnesota","Cook County",4,47,64,34,30
050,27,031,"Minnesota","Cook County",4,48,66,32,34
050,27,031,"Minnesota","Cook County",4,49,49,26,23
050,27,031,"Minnesota","Cook County",4,50,52,28,24
050,27,031,"Minnesota","Cook County",4,51,69,31,38
050,27,031,"Minnesota","Cook County",4,52,76,34,42
050,27,031,"Minnesota","Cook County",4,53,70,36,34
050,27,031,"Minnesota","Cook County",4,54,73,39,34
050,27,031,"Minnesota","Cook County",4,55,71,35,36
050,27,031,"Minnesota","Cook County",4,56,75,30,45
050,27,031,"Minnesota","Cook County",4,57,73,31,42
050,27,031,"Minnesota","Cook County",4,58,84,45,39
050,27,031,"Minnesota","Cook County",4,59,83,43,40
050,27,031,"Minnesota","Cook County",4,60,97,44,53
050,27,031,"Minnesota","Cook County",4,61,114,51,63
050,27,031,"Minnesota","Cook County",4,62,114,59,55
050,27,031,"Minnesota","Cook County",4,63,103,50,53
050,27,031,"Minnesota","Cook County",4,64,124,54,70
050,27,031,"Minnesota","Cook County",4,65,130,67,63
050,27,031,"Minnesota","Cook County",4,66,119,62,57
050,27,031,"Minnesota","Cook County",4,67,125,63,62
050,27,031,"Minnesota","Cook County",4,68,111,51,60
050,27,031,"Minnesota","Cook County",4,69,117,57,60
050,27,031,"Minnesota","Cook County",4,70,110,57,53
050,27,031,"Minnesota","Cook County",4,71,109,63,46
050,27,031,"Minnesota","Cook County",4,72,93,53,40
050,27,031,"Minnesota","Cook County",4,73,109,61,48
050,27,031,"Minnesota","Cook County",4,74,86,45,41
050,27,031,"Minnesota","Cook County",4,75,91,50,41
050,27,031,"Minnesota","Cook County",4,76,62,30,32
050,27,031,"Minnesota","Cook County",4,77,57,24,33
050,27,031,"Minnesota","Cook County",4,78,61,28,33
050,27,031,"Minnesota","Cook County",4,79,63,33,30
050,27,031,"Minnesota","Cook County",4,80,40,19,21
050,27,031,"Minnesota","Cook County",4,81,45,21,24
050,27,031,"Minnesota","Cook County",4,82,36,18,18
050,27,031,"Minnesota","Cook County",4,83,30,17,13
050,27,031,"Minnesota","Cook County",4,84,27,14,13
050,27,031,"Minnesota","Cook County",4,85,149,50,99
050,27,031,"Minnesota","Cook County",5,0,31,17,14
050,27,031,"Minnesota","Cook County",5,1,28,15,13
050,27,031,"Minnesota","Cook County",5,2,46,29,17
050,27,031,"Minnesota","Cook County",5,3,45,24,21
050,27,031,"Minnesota","Cook County",5,4,38,18,20
050,27,031,"Minnesota","Cook County",5,5,44,23,21
050,27,031,"Minnesota","Cook County",5,6,52,29,23
050,27,031,"Minnesota","Cook County",5,7,58,29,29
050,27,031,"Minnesota","Cook County",5,8,56,25,31
050,27,031,"Minnesota","Cook County",5,9,49,27,22
050,27,031,"Minnesota","Cook County",5,10,44,23,21
050,27,031,"Minnesota","Cook County",5,11,50,25,25
050,27,031,"Minnesota","Cook County",5,12,47,26,21
050,27,031,"Minnesota","Cook County",5,13,42,21,21
050,27,031,"Minnesota","Cook County",5,14,41,24,17
050,27,031,"Minnesota","Cook County",5,15,43,23,20
050,27,031,"Minnesota","Cook County",5,16,47,26,21
050,27,031,"Minnesota","Cook County",5,17,48,29,19
050,27,031,"Minnesota","Cook County",5,18,32,17,15
050,27,031,"Minnesota","Cook County",5,19,38,15,23
050,27,031,"Minnesota","Cook County",5,20,42,20,22
050,27,031,"Minnesota","Cook County",5,21,35,15,20
050,27,031,"Minnesota","Cook County",5,22,37,23,14
050,27,031,"Minnesota","Cook County",5,23,36,19,17
050,27,031,"Minnesota","Cook County",5,24,47,22,25
050,27,031,"Minnesota","Cook County",5,25,42,19,23
050,27,031,"Minnesota","Cook County",5,26,56,29,27
050,27,031,"Minnesota","Cook County",5,27,46,22,24
050,27,031,"Minnesota","Cook County",5,28,61,31,30
050,27,031,"Minnesota","Cook County",5,29,60,32,28
050,27,031,"Minnesota","Cook County",5,30,73,30,43
050,27,031,"Minnesota","Cook County",5,31,69,39,30
050,27,031,"Minnesota","Cook County",5,32,55,25,30
050,27,031,"Minnesota","Cook County",5,33,87,44,43
050,27,031,"Minnesota","Cook County",5,34,63,28,35
050,27,031,"Minnesota","Cook County",5,35,59,24,35
050,27,031,"Minnesota","Cook County",5,36,61,30,31
050,27,031,"Minnesota","Cook County",5,37,65,38,27
050,27,031,"Minnesota","Cook County",5,38,76,39,37
050,27,031,"Minnesota","Cook County",5,39,71,38,33
050,27,031,"Minnesota","Cook County",5,40,64,28,36
050,27,031,"Minnesota","Cook County",5,41,61,29,32
050,27,031,"Minnesota","Cook County",5,42,67,35,32
050,27,031,"Minnesota","Cook County",5,43,66,29,37
050,27,031,"Minnesota","Cook County",5,44,61,29,32
050,27,031,"Minnesota","Cook County",5,45,55,28,27
050,27,031,"Minnesota","Cook County",5,46,54,34,20
050,27,031,"Minnesota","Cook County",5,47,51,29,22
050,27,031,"Minnesota","Cook County",5,48,65,35,30
050,27,031,"Minnesota","Cook County",5,49,65,32,33
050,27,031,"Minnesota","Cook County",5,50,48,25,23
050,27,031,"Minnesota","Cook County",5,51,55,28,27
050,27,031,"Minnesota","Cook County",5,52,69,33,36
050,27,031,"Minnesota","Cook County",5,53,75,34,41
050,27,031,"Minnesota","Cook County",5,54,67,35,32
050,27,031,"Minnesota","Cook County",5,55,69,37,32
050,27,031,"Minnesota","Cook County",5,56,73,35,38
050,27,031,"Minnesota","Cook County",5,57,72,30,42
050,27,031,"Minnesota","Cook County",5,58,70,27,43
050,27,031,"Minnesota","Cook County",5,59,82,44,38
050,27,031,"Minnesota","Cook County",5,60,85,40,45
050,27,031,"Minnesota","Cook County",5,61,95,47,48
050,27,031,"Minnesota","Cook County",5,62,112,48,64
050,27,031,"Minnesota","Cook County",5,63,116,58,58
050,27,031,"Minnesota","Cook County",5,64,102,49,53
050,27,031,"Minnesota","Cook County",5,65,124,55,69
050,27,031,"Minnesota","Cook County",5,66,131,66,65
050,27,031,"Minnesota","Cook County",5,67,117,59,58
050,27,031,"Minnesota","Cook County",5,68,120,61,59
050,27,031,"Minnesota","Cook County",5,69,108,51,57
050,27,031,"Minnesota","Cook County",5,70,113,57,56
050,27,031,"Minnesota","Cook County",5,71,112,60,52
050,27,031,"Minnesota","Cook County",5,72,106,60,46
050,27,031,"Minnesota","Cook County",5,73,91,54,37
050,27,031,"Minnesota","Cook County",5,74,102,57,45
050,27,031,"Minnesota","Cook County",5,75,82,43,39
050,27,031,"Minnesota","Cook County",5,76,83,46,37
050,27,031,"Minnesota","Cook County",5,77,53,27,26
050,27,031,"Minnesota","Cook County",5,78,55,23,32
050,27,031,"Minnesota","Cook County",5,79,56,26,30
050,27,031,"Minnesota","Cook County",5,80,61,31,30
050,27,031,"Minnesota","Cook County",5,81,40,19,21
050,27,031,"Minnesota","Cook County",5,82,42,20,22
050,27,031,"Minnesota","Cook County",5,83,34,16,18
050,27,031,"Minnesota","Cook County",5,84,26,15,11
050,27,031,"Minnesota","Cook County",5,85,164,60,104
050,27,033,"Minnesota","Cottonwood County",1,0,140,72,68
050,27,033,"Minnesota","Cottonwood County",1,1,138,70,68
050,27,033,"Minnesota","Cottonwood County",1,2,140,75,65
050,27,033,"Minnesota","Cottonwood County",1,3,141,68,73
050,27,033,"Minnesota","Cottonwood County",1,4,170,90,80
050,27,033,"Minnesota","Cottonwood County",1,5,182,87,95
050,27,033,"Minnesota","Cottonwood County",1,6,172,87,85
050,27,033,"Minnesota","Cottonwood County",1,7,174,92,82
050,27,033,"Minnesota","Cottonwood County",1,8,172,89,83
050,27,033,"Minnesota","Cottonwood County",1,9,160,80,80
050,27,033,"Minnesota","Cottonwood County",1,10,144,77,67
050,27,033,"Minnesota","Cottonwood County",1,11,162,89,73
050,27,033,"Minnesota","Cottonwood County",1,12,178,95,83
050,27,033,"Minnesota","Cottonwood County",1,13,175,95,80
050,27,033,"Minnesota","Cottonwood County",1,14,160,87,73
050,27,033,"Minnesota","Cottonwood County",1,15,165,79,86
050,27,033,"Minnesota","Cottonwood County",1,16,159,75,84
050,27,033,"Minnesota","Cottonwood County",1,17,160,85,75
050,27,033,"Minnesota","Cottonwood County",1,18,140,80,60
050,27,033,"Minnesota","Cottonwood County",1,19,109,62,47
050,27,033,"Minnesota","Cottonwood County",1,20,99,55,44
050,27,033,"Minnesota","Cottonwood County",1,21,116,60,56
050,27,033,"Minnesota","Cottonwood County",1,22,116,65,51
050,27,033,"Minnesota","Cottonwood County",1,23,120,70,50
050,27,033,"Minnesota","Cottonwood County",1,24,122,62,60
050,27,033,"Minnesota","Cottonwood County",1,25,115,57,58
050,27,033,"Minnesota","Cottonwood County",1,26,110,51,59
050,27,033,"Minnesota","Cottonwood County",1,27,122,58,64
050,27,033,"Minnesota","Cottonwood County",1,28,114,64,50
050,27,033,"Minnesota","Cottonwood County",1,29,106,59,47
050,27,033,"Minnesota","Cottonwood County",1,30,120,66,54
050,27,033,"Minnesota","Cottonwood County",1,31,111,58,53
050,27,033,"Minnesota","Cottonwood County",1,32,123,65,58
050,27,033,"Minnesota","Cottonwood County",1,33,116,62,54
050,27,033,"Minnesota","Cottonwood County",1,34,114,59,55
050,27,033,"Minnesota","Cottonwood County",1,35,121,73,48
050,27,033,"Minnesota","Cottonwood County",1,36,120,60,60
050,27,033,"Minnesota","Cottonwood County",1,37,140,67,73
050,27,033,"Minnesota","Cottonwood County",1,38,129,75,54
050,27,033,"Minnesota","Cottonwood County",1,39,141,73,68
050,27,033,"Minnesota","Cottonwood County",1,40,126,64,62
050,27,033,"Minnesota","Cottonwood County",1,41,125,67,58
050,27,033,"Minnesota","Cottonwood County",1,42,125,66,59
050,27,033,"Minnesota","Cottonwood County",1,43,112,62,50
050,27,033,"Minnesota","Cottonwood County",1,44,116,52,64
050,27,033,"Minnesota","Cottonwood County",1,45,114,54,60
050,27,033,"Minnesota","Cottonwood County",1,46,107,47,60
050,27,033,"Minnesota","Cottonwood County",1,47,89,47,42
050,27,033,"Minnesota","Cottonwood County",1,48,114,51,63
050,27,033,"Minnesota","Cottonwood County",1,49,141,67,74
050,27,033,"Minnesota","Cottonwood County",1,50,127,62,65
050,27,033,"Minnesota","Cottonwood County",1,51,141,75,66
050,27,033,"Minnesota","Cottonwood County",1,52,129,68,61
050,27,033,"Minnesota","Cottonwood County",1,53,128,68,60
050,27,033,"Minnesota","Cottonwood County",1,54,140,70,70
050,27,033,"Minnesota","Cottonwood County",1,55,145,71,74
050,27,033,"Minnesota","Cottonwood County",1,56,136,66,70
050,27,033,"Minnesota","Cottonwood County",1,57,161,79,82
050,27,033,"Minnesota","Cottonwood County",1,58,159,81,78
050,27,033,"Minnesota","Cottonwood County",1,59,154,86,68
050,27,033,"Minnesota","Cottonwood County",1,60,160,85,75
050,27,033,"Minnesota","Cottonwood County",1,61,167,82,85
050,27,033,"Minnesota","Cottonwood County",1,62,151,85,66
050,27,033,"Minnesota","Cottonwood County",1,63,150,83,67
050,27,033,"Minnesota","Cottonwood County",1,64,164,85,79
050,27,033,"Minnesota","Cottonwood County",1,65,162,84,78
050,27,033,"Minnesota","Cottonwood County",1,66,146,71,75
050,27,033,"Minnesota","Cottonwood County",1,67,150,68,82
050,27,033,"Minnesota","Cottonwood County",1,68,150,72,78
050,27,033,"Minnesota","Cottonwood County",1,69,125,62,63
050,27,033,"Minnesota","Cottonwood County",1,70,134,68,66
050,27,033,"Minnesota","Cottonwood County",1,71,132,68,64
050,27,033,"Minnesota","Cottonwood County",1,72,127,60,67
050,27,033,"Minnesota","Cottonwood County",1,73,113,56,57
050,27,033,"Minnesota","Cottonwood County",1,74,100,47,53
050,27,033,"Minnesota","Cottonwood County",1,75,106,47,59
050,27,033,"Minnesota","Cottonwood County",1,76,98,49,49
050,27,033,"Minnesota","Cottonwood County",1,77,93,46,47
050,27,033,"Minnesota","Cottonwood County",1,78,82,38,44
050,27,033,"Minnesota","Cottonwood County",1,79,79,34,45
050,27,033,"Minnesota","Cottonwood County",1,80,77,33,44
050,27,033,"Minnesota","Cottonwood County",1,81,80,37,43
050,27,033,"Minnesota","Cottonwood County",1,82,68,30,38
050,27,033,"Minnesota","Cottonwood County",1,83,62,28,34
050,27,033,"Minnesota","Cottonwood County",1,84,71,30,41
050,27,033,"Minnesota","Cottonwood County",1,85,461,173,288
050,27,033,"Minnesota","Cottonwood County",2,0,139,70,69
050,27,033,"Minnesota","Cottonwood County",2,1,137,70,67
050,27,033,"Minnesota","Cottonwood County",2,2,140,74,66
050,27,033,"Minnesota","Cottonwood County",2,3,141,71,70
050,27,033,"Minnesota","Cottonwood County",2,4,163,84,79
050,27,033,"Minnesota","Cottonwood County",2,5,178,88,90
050,27,033,"Minnesota","Cottonwood County",2,6,177,88,89
050,27,033,"Minnesota","Cottonwood County",2,7,174,90,84
050,27,033,"Minnesota","Cottonwood County",2,8,175,91,84
050,27,033,"Minnesota","Cottonwood County",2,9,165,83,82
050,27,033,"Minnesota","Cottonwood County",2,10,152,80,72
050,27,033,"Minnesota","Cottonwood County",2,11,157,87,70
050,27,033,"Minnesota","Cottonwood County",2,12,176,93,83
050,27,033,"Minnesota","Cottonwood County",2,13,177,94,83
050,27,033,"Minnesota","Cottonwood County",2,14,163,88,75
050,27,033,"Minnesota","Cottonwood County",2,15,163,81,82
050,27,033,"Minnesota","Cottonwood County",2,16,161,77,84
050,27,033,"Minnesota","Cottonwood County",2,17,161,85,76
050,27,033,"Minnesota","Cottonwood County",2,18,137,78,59
050,27,033,"Minnesota","Cottonwood County",2,19,106,61,45
050,27,033,"Minnesota","Cottonwood County",2,20,104,58,46
050,27,033,"Minnesota","Cottonwood County",2,21,112,60,52
050,27,033,"Minnesota","Cottonwood County",2,22,117,65,52
050,27,033,"Minnesota","Cottonwood County",2,23,117,67,50
050,27,033,"Minnesota","Cottonwood County",2,24,120,64,56
050,27,033,"Minnesota","Cottonwood County",2,25,117,58,59
050,27,033,"Minnesota","Cottonwood County",2,26,112,53,59
050,27,033,"Minnesota","Cottonwood County",2,27,120,57,63
050,27,033,"Minnesota","Cottonwood County",2,28,117,63,54
050,27,033,"Minnesota","Cottonwood County",2,29,109,62,47
050,27,033,"Minnesota","Cottonwood County",2,30,121,67,54
050,27,033,"Minnesota","Cottonwood County",2,31,114,60,54
050,27,033,"Minnesota","Cottonwood County",2,32,120,63,57
050,27,033,"Minnesota","Cottonwood County",2,33,118,63,55
050,27,033,"Minnesota","Cottonwood County",2,34,114,59,55
050,27,033,"Minnesota","Cottonwood County",2,35,121,70,51
050,27,033,"Minnesota","Cottonwood County",2,36,120,62,58
050,27,033,"Minnesota","Cottonwood County",2,37,136,66,70
050,27,033,"Minnesota","Cottonwood County",2,38,134,74,60
050,27,033,"Minnesota","Cottonwood County",2,39,139,75,64
050,27,033,"Minnesota","Cottonwood County",2,40,130,66,64
050,27,033,"Minnesota","Cottonwood County",2,41,126,67,59
050,27,033,"Minnesota","Cottonwood County",2,42,127,67,60
050,27,033,"Minnesota","Cottonwood County",2,43,116,64,52
050,27,033,"Minnesota","Cottonwood County",2,44,114,53,61
050,27,033,"Minnesota","Cottonwood County",2,45,116,55,61
050,27,033,"Minnesota","Cottonwood County",2,46,107,47,60
050,27,033,"Minnesota","Cottonwood County",2,47,92,46,46
050,27,033,"Minnesota","Cottonwood County",2,48,109,51,58
050,27,033,"Minnesota","Cottonwood County",2,49,134,64,70
050,27,033,"Minnesota","Cottonwood County",2,50,131,63,68
050,27,033,"Minnesota","Cottonwood County",2,51,140,73,67
050,27,033,"Minnesota","Cottonwood County",2,52,129,68,61
050,27,033,"Minnesota","Cottonwood County",2,53,127,68,59
050,27,033,"Minnesota","Cottonwood County",2,54,136,68,68
050,27,033,"Minnesota","Cottonwood County",2,55,144,71,73
050,27,033,"Minnesota","Cottonwood County",2,56,139,67,72
050,27,033,"Minnesota","Cottonwood County",2,57,157,77,80
050,27,033,"Minnesota","Cottonwood County",2,58,156,79,77
050,27,033,"Minnesota","Cottonwood County",2,59,153,84,69
050,27,033,"Minnesota","Cottonwood County",2,60,157,83,74
050,27,033,"Minnesota","Cottonwood County",2,61,162,81,81
050,27,033,"Minnesota","Cottonwood County",2,62,156,85,71
050,27,033,"Minnesota","Cottonwood County",2,63,150,83,67
050,27,033,"Minnesota","Cottonwood County",2,64,158,83,75
050,27,033,"Minnesota","Cottonwood County",2,65,164,85,79
050,27,033,"Minnesota","Cottonwood County",2,66,150,74,76
050,27,033,"Minnesota","Cottonwood County",2,67,148,67,81
050,27,033,"Minnesota","Cottonwood County",2,68,146,69,77
050,27,033,"Minnesota","Cottonwood County",2,69,130,63,67
050,27,033,"Minnesota","Cottonwood County",2,70,133,67,66
050,27,033,"Minnesota","Cottonwood County",2,71,132,68,64
050,27,033,"Minnesota","Cottonwood County",2,72,126,61,65
050,27,033,"Minnesota","Cottonwood County",2,73,121,59,62
050,27,033,"Minnesota","Cottonwood County",2,74,97,46,51
050,27,033,"Minnesota","Cottonwood County",2,75,106,47,59
050,27,033,"Minnesota","Cottonwood County",2,76,98,47,51
050,27,033,"Minnesota","Cottonwood County",2,77,95,48,47
050,27,033,"Minnesota","Cottonwood County",2,78,83,39,44
050,27,033,"Minnesota","Cottonwood County",2,79,79,35,44
050,27,033,"Minnesota","Cottonwood County",2,80,76,32,44
050,27,033,"Minnesota","Cottonwood County",2,81,79,36,43
050,27,033,"Minnesota","Cottonwood County",2,82,71,31,40
050,27,033,"Minnesota","Cottonwood County",2,83,63,28,35
050,27,033,"Minnesota","Cottonwood County",2,84,66,28,38
050,27,033,"Minnesota","Cottonwood County",2,85,463,173,290
050,27,033,"Minnesota","Cottonwood County",3,0,141,62,79
050,27,033,"Minnesota","Cottonwood County",3,1,157,80,77
050,27,033,"Minnesota","Cottonwood County",3,2,143,70,73
050,27,033,"Minnesota","Cottonwood County",3,3,150,83,67
050,27,033,"Minnesota","Cottonwood County",3,4,150,74,76
050,27,033,"Minnesota","Cottonwood County",3,5,172,93,79
050,27,033,"Minnesota","Cottonwood County",3,6,192,101,91
050,27,033,"Minnesota","Cottonwood County",3,7,184,93,91
050,27,033,"Minnesota","Cottonwood County",3,8,182,95,87
050,27,033,"Minnesota","Cottonwood County",3,9,179,93,86
050,27,033,"Minnesota","Cottonwood County",3,10,160,84,76
050,27,033,"Minnesota","Cottonwood County",3,11,160,81,79
050,27,033,"Minnesota","Cottonwood County",3,12,153,87,66
050,27,033,"Minnesota","Cottonwood County",3,13,180,96,84
050,27,033,"Minnesota","Cottonwood County",3,14,182,98,84
050,27,033,"Minnesota","Cottonwood County",3,15,172,91,81
050,27,033,"Minnesota","Cottonwood County",3,16,167,83,84
050,27,033,"Minnesota","Cottonwood County",3,17,160,77,83
050,27,033,"Minnesota","Cottonwood County",3,18,142,78,64
050,27,033,"Minnesota","Cottonwood County",3,19,111,65,46
050,27,033,"Minnesota","Cottonwood County",3,20,119,67,52
050,27,033,"Minnesota","Cottonwood County",3,21,113,60,53
050,27,033,"Minnesota","Cottonwood County",3,22,109,55,54
050,27,033,"Minnesota","Cottonwood County",3,23,109,62,47
050,27,033,"Minnesota","Cottonwood County",3,24,117,76,41
050,27,033,"Minnesota","Cottonwood County",3,25,123,62,61
050,27,033,"Minnesota","Cottonwood County",3,26,116,58,58
050,27,033,"Minnesota","Cottonwood County",3,27,113,55,58
050,27,033,"Minnesota","Cottonwood County",3,28,132,57,75
050,27,033,"Minnesota","Cottonwood County",3,29,123,61,62
050,27,033,"Minnesota","Cottonwood County",3,30,108,58,50
050,27,033,"Minnesota","Cottonwood County",3,31,125,70,55
050,27,033,"Minnesota","Cottonwood County",3,32,120,67,53
050,27,033,"Minnesota","Cottonwood County",3,33,126,70,56
050,27,033,"Minnesota","Cottonwood County",3,34,121,66,55
050,27,033,"Minnesota","Cottonwood County",3,35,119,68,51
050,27,033,"Minnesota","Cottonwood County",3,36,119,69,50
050,27,033,"Minnesota","Cottonwood County",3,37,130,69,61
050,27,033,"Minnesota","Cottonwood County",3,38,138,67,71
050,27,033,"Minnesota","Cottonwood County",3,39,142,81,61
050,27,033,"Minnesota","Cottonwood County",3,40,142,73,69
050,27,033,"Minnesota","Cottonwood County",3,41,131,67,64
050,27,033,"Minnesota","Cottonwood County",3,42,128,64,64
050,27,033,"Minnesota","Cottonwood County",3,43,124,70,54
050,27,033,"Minnesota","Cottonwood County",3,44,121,65,56
050,27,033,"Minnesota","Cottonwood County",3,45,111,54,57
050,27,033,"Minnesota","Cottonwood County",3,46,120,60,60
050,27,033,"Minnesota","Cottonwood County",3,47,107,50,57
050,27,033,"Minnesota","Cottonwood County",3,48,100,48,52
050,27,033,"Minnesota","Cottonwood County",3,49,109,50,59
050,27,033,"Minnesota","Cottonwood County",3,50,123,60,63
050,27,033,"Minnesota","Cottonwood County",3,51,127,62,65
050,27,033,"Minnesota","Cottonwood County",3,52,131,65,66
050,27,033,"Minnesota","Cottonwood County",3,53,128,65,63
050,27,033,"Minnesota","Cottonwood County",3,54,129,65,64
050,27,033,"Minnesota","Cottonwood County",3,55,137,74,63
050,27,033,"Minnesota","Cottonwood County",3,56,143,71,72
050,27,033,"Minnesota","Cottonwood County",3,57,142,68,74
050,27,033,"Minnesota","Cottonwood County",3,58,148,73,75
050,27,033,"Minnesota","Cottonwood County",3,59,153,77,76
050,27,033,"Minnesota","Cottonwood County",3,60,150,80,70
050,27,033,"Minnesota","Cottonwood County",3,61,155,84,71
050,27,033,"Minnesota","Cottonwood County",3,62,160,80,80
050,27,033,"Minnesota","Cottonwood County",3,63,153,84,69
050,27,033,"Minnesota","Cottonwood County",3,64,144,78,66
050,27,033,"Minnesota","Cottonwood County",3,65,153,83,70
050,27,033,"Minnesota","Cottonwood County",3,66,158,81,77
050,27,033,"Minnesota","Cottonwood County",3,67,148,72,76
050,27,033,"Minnesota","Cottonwood County",3,68,143,65,78
050,27,033,"Minnesota","Cottonwood County",3,69,141,68,73
050,27,033,"Minnesota","Cottonwood County",3,70,128,59,69
050,27,033,"Minnesota","Cottonwood County",3,71,129,67,62
050,27,033,"Minnesota","Cottonwood County",3,72,128,64,64
050,27,033,"Minnesota","Cottonwood County",3,73,120,57,63
050,27,033,"Minnesota","Cottonwood County",3,74,119,58,61
050,27,033,"Minnesota","Cottonwood County",3,75,98,44,54
050,27,033,"Minnesota","Cottonwood County",3,76,104,43,61
050,27,033,"Minnesota","Cottonwood County",3,77,84,42,42
050,27,033,"Minnesota","Cottonwood County",3,78,88,43,45
050,27,033,"Minnesota","Cottonwood County",3,79,85,40,45
050,27,033,"Minnesota","Cottonwood County",3,80,74,31,43
050,27,033,"Minnesota","Cottonwood County",3,81,77,34,43
050,27,033,"Minnesota","Cottonwood County",3,82,70,32,38
050,27,033,"Minnesota","Cottonwood County",3,83,70,31,39
050,27,033,"Minnesota","Cottonwood County",3,84,55,25,30
050,27,033,"Minnesota","Cottonwood County",3,85,447,168,279
050,27,033,"Minnesota","Cottonwood County",4,0,141,66,75
050,27,033,"Minnesota","Cottonwood County",4,1,136,62,74
050,27,033,"Minnesota","Cottonwood County",4,2,159,80,79
050,27,033,"Minnesota","Cottonwood County",4,3,153,75,78
050,27,033,"Minnesota","Cottonwood County",4,4,138,74,64
050,27,033,"Minnesota","Cottonwood County",4,5,144,69,75
050,27,033,"Minnesota","Cottonwood County",4,6,167,86,81
050,27,033,"Minnesota","Cottonwood County",4,7,188,103,85
050,27,033,"Minnesota","Cottonwood County",4,8,181,91,90
050,27,033,"Minnesota","Cottonwood County",4,9,167,89,78
050,27,033,"Minnesota","Cottonwood County",4,10,177,94,83
050,27,033,"Minnesota","Cottonwood County",4,11,154,78,76
050,27,033,"Minnesota","Cottonwood County",4,12,161,80,81
050,27,033,"Minnesota","Cottonwood County",4,13,152,84,68
050,27,033,"Minnesota","Cottonwood County",4,14,178,93,85
050,27,033,"Minnesota","Cottonwood County",4,15,179,97,82
050,27,033,"Minnesota","Cottonwood County",4,16,168,92,76
050,27,033,"Minnesota","Cottonwood County",4,17,172,85,87
050,27,033,"Minnesota","Cottonwood County",4,18,131,67,64
050,27,033,"Minnesota","Cottonwood County",4,19,109,61,48
050,27,033,"Minnesota","Cottonwood County",4,20,112,62,50
050,27,033,"Minnesota","Cottonwood County",4,21,120,64,56
050,27,033,"Minnesota","Cottonwood County",4,22,112,59,53
050,27,033,"Minnesota","Cottonwood County",4,23,109,59,50
050,27,033,"Minnesota","Cottonwood County",4,24,100,56,44
050,27,033,"Minnesota","Cottonwood County",4,25,121,75,46
050,27,033,"Minnesota","Cottonwood County",4,26,111,54,57
050,27,033,"Minnesota","Cottonwood County",4,27,112,54,58
050,27,033,"Minnesota","Cottonwood County",4,28,118,55,63
050,27,033,"Minnesota","Cottonwood County",4,29,136,61,75
050,27,033,"Minnesota","Cottonwood County",4,30,117,58,59
050,27,033,"Minnesota","Cottonwood County",4,31,104,57,47
050,27,033,"Minnesota","Cottonwood County",4,32,115,59,56
050,27,033,"Minnesota","Cottonwood County",4,33,126,65,61
050,27,033,"Minnesota","Cottonwood County",4,34,123,69,54
050,27,033,"Minnesota","Cottonwood County",4,35,128,72,56
050,27,033,"Minnesota","Cottonwood County",4,36,115,64,51
050,27,033,"Minnesota","Cottonwood County",4,37,120,73,47
050,27,033,"Minnesota","Cottonwood County",4,38,127,69,58
050,27,033,"Minnesota","Cottonwood County",4,39,140,69,71
050,27,033,"Minnesota","Cottonwood County",4,40,135,73,62
050,27,033,"Minnesota","Cottonwood County",4,41,130,65,65
050,27,033,"Minnesota","Cottonwood County",4,42,127,63,64
050,27,033,"Minnesota","Cottonwood County",4,43,129,64,65
050,27,033,"Minnesota","Cottonwood County",4,44,123,65,58
050,27,033,"Minnesota","Cottonwood County",4,45,123,68,55
050,27,033,"Minnesota","Cottonwood County",4,46,108,53,55
050,27,033,"Minnesota","Cottonwood County",4,47,118,64,54
050,27,033,"Minnesota","Cottonwood County",4,48,110,49,61
050,27,033,"Minnesota","Cottonwood County",4,49,101,49,52
050,27,033,"Minnesota","Cottonwood County",4,50,105,48,57
050,27,033,"Minnesota","Cottonwood County",4,51,126,61,65
050,27,033,"Minnesota","Cottonwood County",4,52,121,59,62
050,27,033,"Minnesota","Cottonwood County",4,53,131,66,65
050,27,033,"Minnesota","Cottonwood County",4,54,132,68,64
050,27,033,"Minnesota","Cottonwood County",4,55,123,63,60
050,27,033,"Minnesota","Cottonwood County",4,56,129,69,60
050,27,033,"Minnesota","Cottonwood County",4,57,144,71,73
050,27,033,"Minnesota","Cottonwood County",4,58,137,66,71
050,27,033,"Minnesota","Cottonwood County",4,59,147,73,74
050,27,033,"Minnesota","Cottonwood County",4,60,157,78,79
050,27,033,"Minnesota","Cottonwood County",4,61,141,74,67
050,27,033,"Minnesota","Cottonwood County",4,62,153,80,73
050,27,033,"Minnesota","Cottonwood County",4,63,153,79,74
050,27,033,"Minnesota","Cottonwood County",4,64,148,80,68
050,27,033,"Minnesota","Cottonwood County",4,65,142,77,65
050,27,033,"Minnesota","Cottonwood County",4,66,145,78,67
050,27,033,"Minnesota","Cottonwood County",4,67,161,83,78
050,27,033,"Minnesota","Cottonwood County",4,68,145,73,72
050,27,033,"Minnesota","Cottonwood County",4,69,135,60,75
050,27,033,"Minnesota","Cottonwood County",4,70,139,65,74
050,27,033,"Minnesota","Cottonwood County",4,71,128,60,68
050,27,033,"Minnesota","Cottonwood County",4,72,127,65,62
050,27,033,"Minnesota","Cottonwood County",4,73,116,54,62
050,27,033,"Minnesota","Cottonwood County",4,74,115,54,61
050,27,033,"Minnesota","Cottonwood County",4,75,119,56,63
050,27,033,"Minnesota","Cottonwood County",4,76,95,42,53
050,27,033,"Minnesota","Cottonwood County",4,77,90,38,52
050,27,033,"Minnesota","Cottonwood County",4,78,79,36,43
050,27,033,"Minnesota","Cottonwood County",4,79,88,43,45
050,27,033,"Minnesota","Cottonwood County",4,80,78,34,44
050,27,033,"Minnesota","Cottonwood County",4,81,71,31,40
050,27,033,"Minnesota","Cottonwood County",4,82,76,34,42
050,27,033,"Minnesota","Cottonwood County",4,83,65,27,38
050,27,033,"Minnesota","Cottonwood County",4,84,60,28,32
050,27,033,"Minnesota","Cottonwood County",4,85,436,169,267
050,27,033,"Minnesota","Cottonwood County",5,0,127,58,69
050,27,033,"Minnesota","Cottonwood County",5,1,154,69,85
050,27,033,"Minnesota","Cottonwood County",5,2,133,62,71
050,27,033,"Minnesota","Cottonwood County",5,3,151,78,73
050,27,033,"Minnesota","Cottonwood County",5,4,158,78,80
050,27,033,"Minnesota","Cottonwood County",5,5,136,73,63
050,27,033,"Minnesota","Cottonwood County",5,6,139,70,69
050,27,033,"Minnesota","Cottonwood County",5,7,164,86,78
050,27,033,"Minnesota","Cottonwood County",5,8,182,95,87
050,27,033,"Minnesota","Cottonwood County",5,9,177,90,87
050,27,033,"Minnesota","Cottonwood County",5,10,171,92,79
050,27,033,"Minnesota","Cottonwood County",5,11,180,95,85
050,27,033,"Minnesota","Cottonwood County",5,12,158,79,79
050,27,033,"Minnesota","Cottonwood County",5,13,162,81,81
050,27,033,"Minnesota","Cottonwood County",5,14,152,81,71
050,27,033,"Minnesota","Cottonwood County",5,15,175,93,82
050,27,033,"Minnesota","Cottonwood County",5,16,172,90,82
050,27,033,"Minnesota","Cottonwood County",5,17,168,94,74
050,27,033,"Minnesota","Cottonwood County",5,18,134,68,66
050,27,033,"Minnesota","Cottonwood County",5,19,100,52,48
050,27,033,"Minnesota","Cottonwood County",5,20,110,65,45
050,27,033,"Minnesota","Cottonwood County",5,21,102,57,45
050,27,033,"Minnesota","Cottonwood County",5,22,124,68,56
050,27,033,"Minnesota","Cottonwood County",5,23,107,57,50
050,27,033,"Minnesota","Cottonwood County",5,24,114,65,49
050,27,033,"Minnesota","Cottonwood County",5,25,111,69,42
050,27,033,"Minnesota","Cottonwood County",5,26,121,72,49
050,27,033,"Minnesota","Cottonwood County",5,27,111,57,54
050,27,033,"Minnesota","Cottonwood County",5,28,108,51,57
050,27,033,"Minnesota","Cottonwood County",5,29,128,61,67
050,27,033,"Minnesota","Cottonwood County",5,30,131,63,68
050,27,033,"Minnesota","Cottonwood County",5,31,123,56,67
050,27,033,"Minnesota","Cottonwood County",5,32,111,57,54
050,27,033,"Minnesota","Cottonwood County",5,33,125,68,57
050,27,033,"Minnesota","Cottonwood County",5,34,124,67,57
050,27,033,"Minnesota","Cottonwood County",5,35,131,75,56
050,27,033,"Minnesota","Cottonwood County",5,36,114,63,51
050,27,033,"Minnesota","Cottonwood County",5,37,118,71,47
050,27,033,"Minnesota","Cottonwood County",5,38,134,79,55
050,27,033,"Minnesota","Cottonwood County",5,39,137,76,61
050,27,033,"Minnesota","Cottonwood County",5,40,146,69,77
050,27,033,"Minnesota","Cottonwood County",5,41,130,70,60
050,27,033,"Minnesota","Cottonwood County",5,42,122,60,62
050,27,033,"Minnesota","Cottonwood County",5,43,121,65,56
050,27,033,"Minnesota","Cottonwood County",5,44,124,59,65
050,27,033,"Minnesota","Cottonwood County",5,45,119,67,52
050,27,033,"Minnesota","Cottonwood County",5,46,126,67,59
050,27,033,"Minnesota","Cottonwood County",5,47,107,52,55
050,27,033,"Minnesota","Cottonwood County",5,48,117,62,55
050,27,033,"Minnesota","Cottonwood County",5,49,119,52,67
050,27,033,"Minnesota","Cottonwood County",5,50,108,52,56
050,27,033,"Minnesota","Cottonwood County",5,51,101,49,52
050,27,033,"Minnesota","Cottonwood County",5,52,120,57,63
050,27,033,"Minnesota","Cottonwood County",5,53,120,60,60
050,27,033,"Minnesota","Cottonwood County",5,54,134,66,68
050,27,033,"Minnesota","Cottonwood County",5,55,133,69,64
050,27,033,"Minnesota","Cottonwood County",5,56,127,64,63
050,27,033,"Minnesota","Cottonwood County",5,57,129,70,59
050,27,033,"Minnesota","Cottonwood County",5,58,139,70,69
050,27,033,"Minnesota","Cottonwood County",5,59,137,62,75
050,27,033,"Minnesota","Cottonwood County",5,60,146,73,73
050,27,033,"Minnesota","Cottonwood County",5,61,151,71,80
050,27,033,"Minnesota","Cottonwood County",5,62,137,72,65
050,27,033,"Minnesota","Cottonwood County",5,63,155,83,72
050,27,033,"Minnesota","Cottonwood County",5,64,152,78,74
050,27,033,"Minnesota","Cottonwood County",5,65,144,78,66
050,27,033,"Minnesota","Cottonwood County",5,66,138,76,62
050,27,033,"Minnesota","Cottonwood County",5,67,146,75,71
050,27,033,"Minnesota","Cottonwood County",5,68,157,83,74
050,27,033,"Minnesota","Cottonwood County",5,69,143,73,70
050,27,033,"Minnesota","Cottonwood County",5,70,133,58,75
050,27,033,"Minnesota","Cottonwood County",5,71,137,66,71
050,27,033,"Minnesota","Cottonwood County",5,72,125,57,68
050,27,033,"Minnesota","Cottonwood County",5,73,118,59,59
050,27,033,"Minnesota","Cottonwood County",5,74,112,52,60
050,27,033,"Minnesota","Cottonwood County",5,75,116,52,64
050,27,033,"Minnesota","Cottonwood County",5,76,116,54,62
050,27,033,"Minnesota","Cottonwood County",5,77,84,38,46
050,27,033,"Minnesota","Cottonwood County",5,78,86,36,50
050,27,033,"Minnesota","Cottonwood County",5,79,82,37,45
050,27,033,"Minnesota","Cottonwood County",5,80,81,38,43
050,27,033,"Minnesota","Cottonwood County",5,81,76,34,42
050,27,033,"Minnesota","Cottonwood County",5,82,68,30,38
050,27,033,"Minnesota","Cottonwood County",5,83,67,28,39
050,27,033,"Minnesota","Cottonwood County",5,84,56,22,34
050,27,033,"Minnesota","Cottonwood County",5,85,437,176,261
050,27,035,"Minnesota","Crow Wing County",1,0,627,320,307
050,27,035,"Minnesota","Crow Wing County",1,1,633,303,330
050,27,035,"Minnesota","Crow Wing County",1,2,694,350,344
050,27,035,"Minnesota","Crow Wing County",1,3,748,392,356
050,27,035,"Minnesota","Crow Wing County",1,4,753,370,383
050,27,035,"Minnesota","Crow Wing County",1,5,744,377,367
050,27,035,"Minnesota","Crow Wing County",1,6,760,366,394
050,27,035,"Minnesota","Crow Wing County",1,7,764,393,371
050,27,035,"Minnesota","Crow Wing County",1,8,750,379,371
050,27,035,"Minnesota","Crow Wing County",1,9,774,378,396
050,27,035,"Minnesota","Crow Wing County",1,10,831,440,391
050,27,035,"Minnesota","Crow Wing County",1,11,837,425,412
050,27,035,"Minnesota","Crow Wing County",1,12,868,451,417
050,27,035,"Minnesota","Crow Wing County",1,13,855,429,426
050,27,035,"Minnesota","Crow Wing County",1,14,859,439,420
050,27,035,"Minnesota","Crow Wing County",1,15,844,429,415
050,27,035,"Minnesota","Crow Wing County",1,16,832,436,396
050,27,035,"Minnesota","Crow Wing County",1,17,864,463,401
050,27,035,"Minnesota","Crow Wing County",1,18,708,380,328
050,27,035,"Minnesota","Crow Wing County",1,19,560,289,271
050,27,035,"Minnesota","Crow Wing County",1,20,602,312,290
050,27,035,"Minnesota","Crow Wing County",1,21,611,315,296
050,27,035,"Minnesota","Crow Wing County",1,22,596,315,281
050,27,035,"Minnesota","Crow Wing County",1,23,639,323,316
050,27,035,"Minnesota","Crow Wing County",1,24,645,323,322
050,27,035,"Minnesota","Crow Wing County",1,25,684,341,343
050,27,035,"Minnesota","Crow Wing County",1,26,699,356,343
050,27,035,"Minnesota","Crow Wing County",1,27,723,373,350
050,27,035,"Minnesota","Crow Wing County",1,28,751,384,367
050,27,035,"Minnesota","Crow Wing County",1,29,758,370,388
050,27,035,"Minnesota","Crow Wing County",1,30,711,377,334
050,27,035,"Minnesota","Crow Wing County",1,31,668,364,304
050,27,035,"Minnesota","Crow Wing County",1,32,674,359,315
050,27,035,"Minnesota","Crow Wing County",1,33,675,335,340
050,27,035,"Minnesota","Crow Wing County",1,34,765,387,378
050,27,035,"Minnesota","Crow Wing County",1,35,777,402,375
050,27,035,"Minnesota","Crow Wing County",1,36,772,401,371
050,27,035,"Minnesota","Crow Wing County",1,37,818,407,411
050,27,035,"Minnesota","Crow Wing County",1,38,808,402,406
050,27,035,"Minnesota","Crow Wing County",1,39,821,417,404
050,27,035,"Minnesota","Crow Wing County",1,40,827,445,382
050,27,035,"Minnesota","Crow Wing County",1,41,805,432,373
050,27,035,"Minnesota","Crow Wing County",1,42,734,378,356
050,27,035,"Minnesota","Crow Wing County",1,43,661,316,345
050,27,035,"Minnesota","Crow Wing County",1,44,632,321,311
050,27,035,"Minnesota","Crow Wing County",1,45,675,349,326
050,27,035,"Minnesota","Crow Wing County",1,46,626,312,314
050,27,035,"Minnesota","Crow Wing County",1,47,630,323,307
050,27,035,"Minnesota","Crow Wing County",1,48,724,389,335
050,27,035,"Minnesota","Crow Wing County",1,49,773,404,369
050,27,035,"Minnesota","Crow Wing County",1,50,753,382,371
050,27,035,"Minnesota","Crow Wing County",1,51,720,367,353
050,27,035,"Minnesota","Crow Wing County",1,52,732,368,364
050,27,035,"Minnesota","Crow Wing County",1,53,787,397,390
050,27,035,"Minnesota","Crow Wing County",1,54,843,410,433
050,27,035,"Minnesota","Crow Wing County",1,55,926,474,452
050,27,035,"Minnesota","Crow Wing County",1,56,976,507,469
050,27,035,"Minnesota","Crow Wing County",1,57,974,494,480
050,27,035,"Minnesota","Crow Wing County",1,58,1029,511,518
050,27,035,"Minnesota","Crow Wing County",1,59,1107,539,568
050,27,035,"Minnesota","Crow Wing County",1,60,1057,512,545
050,27,035,"Minnesota","Crow Wing County",1,61,1059,499,560
050,27,035,"Minnesota","Crow Wing County",1,62,1053,510,543
050,27,035,"Minnesota","Crow Wing County",1,63,1083,534,549
050,27,035,"Minnesota","Crow Wing County",1,64,1055,501,554
050,27,035,"Minnesota","Crow Wing County",1,65,1037,529,508
050,27,035,"Minnesota","Crow Wing County",1,66,992,528,464
050,27,035,"Minnesota","Crow Wing County",1,67,1006,518,488
050,27,035,"Minnesota","Crow Wing County",1,68,994,486,508
050,27,035,"Minnesota","Crow Wing County",1,69,914,447,467
050,27,035,"Minnesota","Crow Wing County",1,70,862,435,427
050,27,035,"Minnesota","Crow Wing County",1,71,853,438,415
050,27,035,"Minnesota","Crow Wing County",1,72,853,432,421
050,27,035,"Minnesota","Crow Wing County",1,73,818,405,413
050,27,035,"Minnesota","Crow Wing County",1,74,583,290,293
050,27,035,"Minnesota","Crow Wing County",1,75,601,301,300
050,27,035,"Minnesota","Crow Wing County",1,76,611,294,317
050,27,035,"Minnesota","Crow Wing County",1,77,678,316,362
050,27,035,"Minnesota","Crow Wing County",1,78,543,250,293
050,27,035,"Minnesota","Crow Wing County",1,79,493,238,255
050,27,035,"Minnesota","Crow Wing County",1,80,423,203,220
050,27,035,"Minnesota","Crow Wing County",1,81,397,193,204
050,27,035,"Minnesota","Crow Wing County",1,82,366,179,187
050,27,035,"Minnesota","Crow Wing County",1,83,308,149,159
050,27,035,"Minnesota","Crow Wing County",1,84,289,125,164
050,27,035,"Minnesota","Crow Wing County",1,85,1755,622,1133
050,27,035,"Minnesota","Crow Wing County",2,0,632,311,321
050,27,035,"Minnesota","Crow Wing County",2,1,630,306,324
050,27,035,"Minnesota","Crow Wing County",2,2,677,338,339
050,27,035,"Minnesota","Crow Wing County",2,3,735,381,354
050,27,035,"Minnesota","Crow Wing County",2,4,758,378,380
050,27,035,"Minnesota","Crow Wing County",2,5,747,375,372
050,27,035,"Minnesota","Crow Wing County",2,6,762,373,389
050,27,035,"Minnesota","Crow Wing County",2,7,765,387,378
050,27,035,"Minnesota","Crow Wing County",2,8,750,381,369
050,27,035,"Minnesota","Crow Wing County",2,9,771,382,389
050,27,035,"Minnesota","Crow Wing County",2,10,818,425,393
050,27,035,"Minnesota","Crow Wing County",2,11,835,429,406
050,27,035,"Minnesota","Crow Wing County",2,12,868,446,422
050,27,035,"Minnesota","Crow Wing County",2,13,863,436,427
050,27,035,"Minnesota","Crow Wing County",2,14,859,436,423
050,27,035,"Minnesota","Crow Wing County",2,15,849,430,419
050,27,035,"Minnesota","Crow Wing County",2,16,841,438,403
050,27,035,"Minnesota","Crow Wing County",2,17,857,454,403
050,27,035,"Minnesota","Crow Wing County",2,18,716,389,327
050,27,035,"Minnesota","Crow Wing County",2,19,569,296,273
050,27,035,"Minnesota","Crow Wing County",2,20,614,316,298
050,27,035,"Minnesota","Crow Wing County",2,21,614,316,298
050,27,035,"Minnesota","Crow Wing County",2,22,606,318,288
050,27,035,"Minnesota","Crow Wing County",2,23,634,327,307
050,27,035,"Minnesota","Crow Wing County",2,24,649,327,322
050,27,035,"Minnesota","Crow Wing County",2,25,680,340,340
050,27,035,"Minnesota","Crow Wing County",2,26,699,355,344
050,27,035,"Minnesota","Crow Wing County",2,27,713,365,348
050,27,035,"Minnesota","Crow Wing County",2,28,746,382,364
050,27,035,"Minnesota","Crow Wing County",2,29,750,370,380
050,27,035,"Minnesota","Crow Wing County",2,30,724,376,348
050,27,035,"Minnesota","Crow Wing County",2,31,681,367,314
050,27,035,"Minnesota","Crow Wing County",2,32,672,360,312
050,27,035,"Minnesota","Crow Wing County",2,33,673,339,334
050,27,035,"Minnesota","Crow Wing County",2,34,742,375,367
050,27,035,"Minnesota","Crow Wing County",2,35,782,402,380
050,27,035,"Minnesota","Crow Wing County",2,36,773,402,371
050,27,035,"Minnesota","Crow Wing County",2,37,808,406,402
050,27,035,"Minnesota","Crow Wing County",2,38,815,405,410
050,27,035,"Minnesota","Crow Wing County",2,39,814,413,401
050,27,035,"Minnesota","Crow Wing County",2,40,838,445,393
050,27,035,"Minnesota","Crow Wing County",2,41,810,435,375
050,27,035,"Minnesota","Crow Wing County",2,42,746,387,359
050,27,035,"Minnesota","Crow Wing County",2,43,684,332,352
050,27,035,"Minnesota","Crow Wing County",2,44,632,317,315
050,27,035,"Minnesota","Crow Wing County",2,45,675,348,327
050,27,035,"Minnesota","Crow Wing County",2,46,633,317,316
050,27,035,"Minnesota","Crow Wing County",2,47,630,321,309
050,27,035,"Minnesota","Crow Wing County",2,48,702,376,326
050,27,035,"Minnesota","Crow Wing County",2,49,766,401,365
050,27,035,"Minnesota","Crow Wing County",2,50,762,389,373
050,27,035,"Minnesota","Crow Wing County",2,51,729,371,358
050,27,035,"Minnesota","Crow Wing County",2,52,726,366,360
050,27,035,"Minnesota","Crow Wing County",2,53,778,391,387
050,27,035,"Minnesota","Crow Wing County",2,54,830,407,423
050,27,035,"Minnesota","Crow Wing County",2,55,910,462,448
050,27,035,"Minnesota","Crow Wing County",2,56,966,500,466
050,27,035,"Minnesota","Crow Wing County",2,57,986,502,484
050,27,035,"Minnesota","Crow Wing County",2,58,1015,506,509
050,27,035,"Minnesota","Crow Wing County",2,59,1104,541,563
050,27,035,"Minnesota","Crow Wing County",2,60,1071,519,552
050,27,035,"Minnesota","Crow Wing County",2,61,1064,505,559
050,27,035,"Minnesota","Crow Wing County",2,62,1060,510,550
050,27,035,"Minnesota","Crow Wing County",2,63,1088,534,554
050,27,035,"Minnesota","Crow Wing County",2,64,1063,511,552
050,27,035,"Minnesota","Crow Wing County",2,65,1043,525,518
050,27,035,"Minnesota","Crow Wing County",2,66,1006,529,477
050,27,035,"Minnesota","Crow Wing County",2,67,1001,518,483
050,27,035,"Minnesota","Crow Wing County",2,68,987,493,494
050,27,035,"Minnesota","Crow Wing County",2,69,944,463,481
050,27,035,"Minnesota","Crow Wing County",2,70,868,436,432
050,27,035,"Minnesota","Crow Wing County",2,71,849,432,417
050,27,035,"Minnesota","Crow Wing County",2,72,839,425,414
050,27,035,"Minnesota","Crow Wing County",2,73,862,427,435
050,27,035,"Minnesota","Crow Wing County",2,74,596,297,299
050,27,035,"Minnesota","Crow Wing County",2,75,595,296,299
050,27,035,"Minnesota","Crow Wing County",2,76,602,294,308
050,27,035,"Minnesota","Crow Wing County",2,77,681,319,362
050,27,035,"Minnesota","Crow Wing County",2,78,563,260,303
050,27,035,"Minnesota","Crow Wing County",2,79,504,240,264
050,27,035,"Minnesota","Crow Wing County",2,80,432,207,225
050,27,035,"Minnesota","Crow Wing County",2,81,399,192,207
050,27,035,"Minnesota","Crow Wing County",2,82,374,184,190
050,27,035,"Minnesota","Crow Wing County",2,83,313,154,159
050,27,035,"Minnesota","Crow Wing County",2,84,296,129,167
050,27,035,"Minnesota","Crow Wing County",2,85,1764,625,1139
050,27,035,"Minnesota","Crow Wing County",3,0,623,320,303
050,27,035,"Minnesota","Crow Wing County",3,1,647,320,327
050,27,035,"Minnesota","Crow Wing County",3,2,657,330,327
050,27,035,"Minnesota","Crow Wing County",3,3,694,350,344
050,27,035,"Minnesota","Crow Wing County",3,4,743,381,362
050,27,035,"Minnesota","Crow Wing County",3,5,772,387,385
050,27,035,"Minnesota","Crow Wing County",3,6,745,379,366
050,27,035,"Minnesota","Crow Wing County",3,7,778,383,395
050,27,035,"Minnesota","Crow Wing County",3,8,782,388,394
050,27,035,"Minnesota","Crow Wing County",3,9,777,395,382
050,27,035,"Minnesota","Crow Wing County",3,10,802,399,403
050,27,035,"Minnesota","Crow Wing County",3,11,823,428,395
050,27,035,"Minnesota","Crow Wing County",3,12,832,431,401
050,27,035,"Minnesota","Crow Wing County",3,13,895,458,437
050,27,035,"Minnesota","Crow Wing County",3,14,872,439,433
050,27,035,"Minnesota","Crow Wing County",3,15,875,443,432
050,27,035,"Minnesota","Crow Wing County",3,16,852,429,423
050,27,035,"Minnesota","Crow Wing County",3,17,849,444,405
050,27,035,"Minnesota","Crow Wing County",3,18,730,402,328
050,27,035,"Minnesota","Crow Wing County",3,19,583,319,264
050,27,035,"Minnesota","Crow Wing County",3,20,629,332,297
050,27,035,"Minnesota","Crow Wing County",3,21,644,319,325
050,27,035,"Minnesota","Crow Wing County",3,22,641,322,319
050,27,035,"Minnesota","Crow Wing County",3,23,597,316,281
050,27,035,"Minnesota","Crow Wing County",3,24,656,332,324
050,27,035,"Minnesota","Crow Wing County",3,25,658,340,318
050,27,035,"Minnesota","Crow Wing County",3,26,714,354,360
050,27,035,"Minnesota","Crow Wing County",3,27,695,344,351
050,27,035,"Minnesota","Crow Wing County",3,28,716,355,361
050,27,035,"Minnesota","Crow Wing County",3,29,764,380,384
050,27,035,"Minnesota","Crow Wing County",3,30,782,391,391
050,27,035,"Minnesota","Crow Wing County",3,31,737,384,353
050,27,035,"Minnesota","Crow Wing County",3,32,718,386,332
050,27,035,"Minnesota","Crow Wing County",3,33,689,362,327
050,27,035,"Minnesota","Crow Wing County",3,34,697,356,341
050,27,035,"Minnesota","Crow Wing County",3,35,779,394,385
050,27,035,"Minnesota","Crow Wing County",3,36,805,410,395
050,27,035,"Minnesota","Crow Wing County",3,37,792,404,388
050,27,035,"Minnesota","Crow Wing County",3,38,825,413,412
050,27,035,"Minnesota","Crow Wing County",3,39,840,412,428
050,27,035,"Minnesota","Crow Wing County",3,40,834,432,402
050,27,035,"Minnesota","Crow Wing County",3,41,842,445,397
050,27,035,"Minnesota","Crow Wing County",3,42,816,439,377
050,27,035,"Minnesota","Crow Wing County",3,43,784,409,375
050,27,035,"Minnesota","Crow Wing County",3,44,688,332,356
050,27,035,"Minnesota","Crow Wing County",3,45,652,333,319
050,27,035,"Minnesota","Crow Wing County",3,46,679,346,333
050,27,035,"Minnesota","Crow Wing County",3,47,657,332,325
050,27,035,"Minnesota","Crow Wing County",3,48,633,336,297
050,27,035,"Minnesota","Crow Wing County",3,49,714,378,336
050,27,035,"Minnesota","Crow Wing County",3,50,797,421,376
050,27,035,"Minnesota","Crow Wing County",3,51,768,398,370
050,27,035,"Minnesota","Crow Wing County",3,52,755,377,378
050,27,035,"Minnesota","Crow Wing County",3,53,757,372,385
050,27,035,"Minnesota","Crow Wing County",3,54,793,397,396
050,27,035,"Minnesota","Crow Wing County",3,55,837,411,426
050,27,035,"Minnesota","Crow Wing County",3,56,943,478,465
050,27,035,"Minnesota","Crow Wing County",3,57,1004,517,487
050,27,035,"Minnesota","Crow Wing County",3,58,1040,538,502
050,27,035,"Minnesota","Crow Wing County",3,59,1069,538,531
050,27,035,"Minnesota","Crow Wing County",3,60,1131,548,583
050,27,035,"Minnesota","Crow Wing County",3,61,1120,554,566
050,27,035,"Minnesota","Crow Wing County",3,62,1094,511,583
050,27,035,"Minnesota","Crow Wing County",3,63,1104,539,565
050,27,035,"Minnesota","Crow Wing County",3,64,1124,548,576
050,27,035,"Minnesota","Crow Wing County",3,65,1084,529,555
050,27,035,"Minnesota","Crow Wing County",3,66,1063,539,524
050,27,035,"Minnesota","Crow Wing County",3,67,1012,532,480
050,27,035,"Minnesota","Crow Wing County",3,68,999,520,479
050,27,035,"Minnesota","Crow Wing County",3,69,979,483,496
050,27,035,"Minnesota","Crow Wing County",3,70,912,451,461
050,27,035,"Minnesota","Crow Wing County",3,71,854,428,426
050,27,035,"Minnesota","Crow Wing County",3,72,841,425,416
050,27,035,"Minnesota","Crow Wing County",3,73,807,405,402
050,27,035,"Minnesota","Crow Wing County",3,74,853,431,422
050,27,035,"Minnesota","Crow Wing County",3,75,576,282,294
050,27,035,"Minnesota","Crow Wing County",3,76,580,287,293
050,27,035,"Minnesota","Crow Wing County",3,77,588,282,306
050,27,035,"Minnesota","Crow Wing County",3,78,643,299,344
050,27,035,"Minnesota","Crow Wing County",3,79,548,256,292
050,27,035,"Minnesota","Crow Wing County",3,80,450,208,242
050,27,035,"Minnesota","Crow Wing County",3,81,413,196,217
050,27,035,"Minnesota","Crow Wing County",3,82,386,184,202
050,27,035,"Minnesota","Crow Wing County",3,83,316,153,163
050,27,035,"Minnesota","Crow Wing County",3,84,317,147,170
050,27,035,"Minnesota","Crow Wing County",3,85,1777,623,1154
050,27,035,"Minnesota","Crow Wing County",4,0,627,328,299
050,27,035,"Minnesota","Crow Wing County",4,1,644,339,305
050,27,035,"Minnesota","Crow Wing County",4,2,645,314,331
050,27,035,"Minnesota","Crow Wing County",4,3,679,345,334
050,27,035,"Minnesota","Crow Wing County",4,4,689,340,349
050,27,035,"Minnesota","Crow Wing County",4,5,728,378,350
050,27,035,"Minnesota","Crow Wing County",4,6,791,400,391
050,27,035,"Minnesota","Crow Wing County",4,7,754,383,371
050,27,035,"Minnesota","Crow Wing County",4,8,785,382,403
050,27,035,"Minnesota","Crow Wing County",4,9,789,398,391
050,27,035,"Minnesota","Crow Wing County",4,10,784,405,379
050,27,035,"Minnesota","Crow Wing County",4,11,775,390,385
050,27,035,"Minnesota","Crow Wing County",4,12,823,420,403
050,27,035,"Minnesota","Crow Wing County",4,13,844,433,411
050,27,035,"Minnesota","Crow Wing County",4,14,908,465,443
050,27,035,"Minnesota","Crow Wing County",4,15,866,442,424
050,27,035,"Minnesota","Crow Wing County",4,16,875,457,418
050,27,035,"Minnesota","Crow Wing County",4,17,858,435,423
050,27,035,"Minnesota","Crow Wing County",4,18,727,394,333
050,27,035,"Minnesota","Crow Wing County",4,19,561,304,257
050,27,035,"Minnesota","Crow Wing County",4,20,638,345,293
050,27,035,"Minnesota","Crow Wing County",4,21,636,331,305
050,27,035,"Minnesota","Crow Wing County",4,22,674,333,341
050,27,035,"Minnesota","Crow Wing County",4,23,627,313,314
050,27,035,"Minnesota","Crow Wing County",4,24,581,296,285
050,27,035,"Minnesota","Crow Wing County",4,25,663,357,306
050,27,035,"Minnesota","Crow Wing County",4,26,660,344,316
050,27,035,"Minnesota","Crow Wing County",4,27,717,348,369
050,27,035,"Minnesota","Crow Wing County",4,28,713,353,360
050,27,035,"Minnesota","Crow Wing County",4,29,721,367,354
050,27,035,"Minnesota","Crow Wing County",4,30,739,371,368
050,27,035,"Minnesota","Crow Wing County",4,31,764,380,384
050,27,035,"Minnesota","Crow Wing County",4,32,759,386,373
050,27,035,"Minnesota","Crow Wing County",4,33,724,380,344
050,27,035,"Minnesota","Crow Wing County",4,34,711,379,332
050,27,035,"Minnesota","Crow Wing County",4,35,738,372,366
050,27,035,"Minnesota","Crow Wing County",4,36,772,386,386
050,27,035,"Minnesota","Crow Wing County",4,37,817,419,398
050,27,035,"Minnesota","Crow Wing County",4,38,803,413,390
050,27,035,"Minnesota","Crow Wing County",4,39,815,406,409
050,27,035,"Minnesota","Crow Wing County",4,40,835,398,437
050,27,035,"Minnesota","Crow Wing County",4,41,830,429,401
050,27,035,"Minnesota","Crow Wing County",4,42,847,449,398
050,27,035,"Minnesota","Crow Wing County",4,43,832,444,388
050,27,035,"Minnesota","Crow Wing County",4,44,781,411,370
050,27,035,"Minnesota","Crow Wing County",4,45,699,334,365
050,27,035,"Minnesota","Crow Wing County",4,46,658,328,330
050,27,035,"Minnesota","Crow Wing County",4,47,685,352,333
050,27,035,"Minnesota","Crow Wing County",4,48,676,349,327
050,27,035,"Minnesota","Crow Wing County",4,49,635,337,298
050,27,035,"Minnesota","Crow Wing County",4,50,745,397,348
050,27,035,"Minnesota","Crow Wing County",4,51,812,433,379
050,27,035,"Minnesota","Crow Wing County",4,52,783,404,379
050,27,035,"Minnesota","Crow Wing County",4,53,765,374,391
050,27,035,"Minnesota","Crow Wing County",4,54,787,375,412
050,27,035,"Minnesota","Crow Wing County",4,55,819,410,409
050,27,035,"Minnesota","Crow Wing County",4,56,884,431,453
050,27,035,"Minnesota","Crow Wing County",4,57,982,486,496
050,27,035,"Minnesota","Crow Wing County",4,58,1027,527,500
050,27,035,"Minnesota","Crow Wing County",4,59,1080,558,522
050,27,035,"Minnesota","Crow Wing County",4,60,1076,543,533
050,27,035,"Minnesota","Crow Wing County",4,61,1196,583,613
050,27,035,"Minnesota","Crow Wing County",4,62,1151,566,585
050,27,035,"Minnesota","Crow Wing County",4,63,1127,532,595
050,27,035,"Minnesota","Crow Wing County",4,64,1131,552,579
050,27,035,"Minnesota","Crow Wing County",4,65,1146,552,594
050,27,035,"Minnesota","Crow Wing County",4,66,1085,535,550
050,27,035,"Minnesota","Crow Wing County",4,67,1090,548,542
050,27,035,"Minnesota","Crow Wing County",4,68,1024,547,477
050,27,035,"Minnesota","Crow Wing County",4,69,1009,525,484
050,27,035,"Minnesota","Crow Wing County",4,70,974,485,489
050,27,035,"Minnesota","Crow Wing County",4,71,907,451,456
050,27,035,"Minnesota","Crow Wing County",4,72,861,426,435
050,27,035,"Minnesota","Crow Wing County",4,73,814,412,402
050,27,035,"Minnesota","Crow Wing County",4,74,800,401,399
050,27,035,"Minnesota","Crow Wing County",4,75,823,412,411
050,27,035,"Minnesota","Crow Wing County",4,76,553,277,276
050,27,035,"Minnesota","Crow Wing County",4,77,569,280,289
050,27,035,"Minnesota","Crow Wing County",4,78,558,266,292
050,27,035,"Minnesota","Crow Wing County",4,79,628,289,339
050,27,035,"Minnesota","Crow Wing County",4,80,498,224,274
050,27,035,"Minnesota","Crow Wing County",4,81,416,188,228
050,27,035,"Minnesota","Crow Wing County",4,82,392,182,210
050,27,035,"Minnesota","Crow Wing County",4,83,332,160,172
050,27,035,"Minnesota","Crow Wing County",4,84,318,139,179
050,27,035,"Minnesota","Crow Wing County",4,85,1820,663,1157
050,27,035,"Minnesota","Crow Wing County",5,0,628,327,301
050,27,035,"Minnesota","Crow Wing County",5,1,653,349,304
050,27,035,"Minnesota","Crow Wing County",5,2,637,327,310
050,27,035,"Minnesota","Crow Wing County",5,3,659,323,336
050,27,035,"Minnesota","Crow Wing County",5,4,684,340,344
050,27,035,"Minnesota","Crow Wing County",5,5,710,345,365
050,27,035,"Minnesota","Crow Wing County",5,6,753,387,366
050,27,035,"Minnesota","Crow Wing County",5,7,800,395,405
050,27,035,"Minnesota","Crow Wing County",5,8,762,390,372
050,27,035,"Minnesota","Crow Wing County",5,9,785,375,410
050,27,035,"Minnesota","Crow Wing County",5,10,775,390,385
050,27,035,"Minnesota","Crow Wing County",5,11,786,402,384
050,27,035,"Minnesota","Crow Wing County",5,12,792,400,392
050,27,035,"Minnesota","Crow Wing County",5,13,835,432,403
050,27,035,"Minnesota","Crow Wing County",5,14,864,449,415
050,27,035,"Minnesota","Crow Wing County",5,15,904,466,438
050,27,035,"Minnesota","Crow Wing County",5,16,853,429,424
050,27,035,"Minnesota","Crow Wing County",5,17,879,459,420
050,27,035,"Minnesota","Crow Wing County",5,18,727,393,334
050,27,035,"Minnesota","Crow Wing County",5,19,558,300,258
050,27,035,"Minnesota","Crow Wing County",5,20,619,327,292
050,27,035,"Minnesota","Crow Wing County",5,21,664,349,315
050,27,035,"Minnesota","Crow Wing County",5,22,660,342,318
050,27,035,"Minnesota","Crow Wing County",5,23,688,332,356
050,27,035,"Minnesota","Crow Wing County",5,24,615,314,301
050,27,035,"Minnesota","Crow Wing County",5,25,595,317,278
050,27,035,"Minnesota","Crow Wing County",5,26,694,372,322
050,27,035,"Minnesota","Crow Wing County",5,27,638,325,313
050,27,035,"Minnesota","Crow Wing County",5,28,704,348,356
050,27,035,"Minnesota","Crow Wing County",5,29,736,359,377
050,27,035,"Minnesota","Crow Wing County",5,30,737,388,349
050,27,035,"Minnesota","Crow Wing County",5,31,756,372,384
050,27,035,"Minnesota","Crow Wing County",5,32,784,406,378
050,27,035,"Minnesota","Crow Wing County",5,33,760,379,381
050,27,035,"Minnesota","Crow Wing County",5,34,743,387,356
050,27,035,"Minnesota","Crow Wing County",5,35,719,386,333
050,27,035,"Minnesota","Crow Wing County",5,36,750,377,373
050,27,035,"Minnesota","Crow Wing County",5,37,760,380,380
050,27,035,"Minnesota","Crow Wing County",5,38,828,420,408
050,27,035,"Minnesota","Crow Wing County",5,39,819,414,405
050,27,035,"Minnesota","Crow Wing County",5,40,823,408,415
050,27,035,"Minnesota","Crow Wing County",5,41,823,389,434
050,27,035,"Minnesota","Crow Wing County",5,42,857,441,416
050,27,035,"Minnesota","Crow Wing County",5,43,858,446,412
050,27,035,"Minnesota","Crow Wing County",5,44,832,447,385
050,27,035,"Minnesota","Crow Wing County",5,45,798,410,388
050,27,035,"Minnesota","Crow Wing County",5,46,712,339,373
050,27,035,"Minnesota","Crow Wing County",5,47,666,339,327
050,27,035,"Minnesota","Crow Wing County",5,48,705,366,339
050,27,035,"Minnesota","Crow Wing County",5,49,661,346,315
050,27,035,"Minnesota","Crow Wing County",5,50,667,359,308
050,27,035,"Minnesota","Crow Wing County",5,51,744,403,341
050,27,035,"Minnesota","Crow Wing County",5,52,843,443,400
050,27,035,"Minnesota","Crow Wing County",5,53,790,395,395
050,27,035,"Minnesota","Crow Wing County",5,54,779,378,401
050,27,035,"Minnesota","Crow Wing County",5,55,819,397,422
050,27,035,"Minnesota","Crow Wing County",5,56,841,413,428
050,27,035,"Minnesota","Crow Wing County",5,57,905,441,464
050,27,035,"Minnesota","Crow Wing County",5,58,994,495,499
050,27,035,"Minnesota","Crow Wing County",5,59,1034,537,497
050,27,035,"Minnesota","Crow Wing County",5,60,1115,570,545
050,27,035,"Minnesota","Crow Wing County",5,61,1121,568,553
050,27,035,"Minnesota","Crow Wing County",5,62,1206,597,609
050,27,035,"Minnesota","Crow Wing County",5,63,1166,576,590
050,27,035,"Minnesota","Crow Wing County",5,64,1165,559,606
050,27,035,"Minnesota","Crow Wing County",5,65,1137,568,569
050,27,035,"Minnesota","Crow Wing County",5,66,1142,552,590
050,27,035,"Minnesota","Crow Wing County",5,67,1082,534,548
050,27,035,"Minnesota","Crow Wing County",5,68,1064,539,525
050,27,035,"Minnesota","Crow Wing County",5,69,1008,532,476
050,27,035,"Minnesota","Crow Wing County",5,70,989,512,477
050,27,035,"Minnesota","Crow Wing County",5,71,953,477,476
050,27,035,"Minnesota","Crow Wing County",5,72,890,442,448
050,27,035,"Minnesota","Crow Wing County",5,73,834,406,428
050,27,035,"Minnesota","Crow Wing County",5,74,804,407,397
050,27,035,"Minnesota","Crow Wing County",5,75,782,389,393
050,27,035,"Minnesota","Crow Wing County",5,76,798,405,393
050,27,035,"Minnesota","Crow Wing County",5,77,539,270,269
050,27,035,"Minnesota","Crow Wing County",5,78,538,257,281
050,27,035,"Minnesota","Crow Wing County",5,79,540,258,282
050,27,035,"Minnesota","Crow Wing County",5,80,564,254,310
050,27,035,"Minnesota","Crow Wing County",5,81,468,206,262
050,27,035,"Minnesota","Crow Wing County",5,82,399,179,220
050,27,035,"Minnesota","Crow Wing County",5,83,352,163,189
050,27,035,"Minnesota","Crow Wing County",5,84,333,153,180
050,27,035,"Minnesota","Crow Wing County",5,85,1851,670,1181
050,27,037,"Minnesota","Dakota County",1,0,5228,2673,2555
050,27,037,"Minnesota","Dakota County",1,1,5403,2790,2613
050,27,037,"Minnesota","Dakota County",1,2,5451,2762,2689
050,27,037,"Minnesota","Dakota County",1,3,5747,2972,2775
050,27,037,"Minnesota","Dakota County",1,4,5917,3070,2847
050,27,037,"Minnesota","Dakota County",1,5,5985,3134,2851
050,27,037,"Minnesota","Dakota County",1,6,5938,3042,2896
050,27,037,"Minnesota","Dakota County",1,7,5965,3058,2907
050,27,037,"Minnesota","Dakota County",1,8,5874,3025,2849
050,27,037,"Minnesota","Dakota County",1,9,5832,2994,2838
050,27,037,"Minnesota","Dakota County",1,10,6175,3202,2973
050,27,037,"Minnesota","Dakota County",1,11,6335,3294,3041
050,27,037,"Minnesota","Dakota County",1,12,6351,3245,3106
050,27,037,"Minnesota","Dakota County",1,13,6457,3280,3177
050,27,037,"Minnesota","Dakota County",1,14,6290,3269,3021
050,27,037,"Minnesota","Dakota County",1,15,6324,3233,3091
050,27,037,"Minnesota","Dakota County",1,16,6372,3277,3095
050,27,037,"Minnesota","Dakota County",1,17,6206,3177,3029
050,27,037,"Minnesota","Dakota County",1,18,5151,2705,2446
050,27,037,"Minnesota","Dakota County",1,19,4307,2277,2030
050,27,037,"Minnesota","Dakota County",1,20,4526,2373,2153
050,27,037,"Minnesota","Dakota County",1,21,4573,2355,2218
050,27,037,"Minnesota","Dakota County",1,22,4930,2463,2467
050,27,037,"Minnesota","Dakota County",1,23,5036,2525,2511
050,27,037,"Minnesota","Dakota County",1,24,5160,2580,2580
050,27,037,"Minnesota","Dakota County",1,25,5309,2636,2673
050,27,037,"Minnesota","Dakota County",1,26,5427,2786,2641
050,27,037,"Minnesota","Dakota County",1,27,5471,2779,2692
050,27,037,"Minnesota","Dakota County",1,28,5453,2736,2717
050,27,037,"Minnesota","Dakota County",1,29,5487,2809,2678
050,27,037,"Minnesota","Dakota County",1,30,5580,2870,2710
050,27,037,"Minnesota","Dakota County",1,31,5660,2847,2813
050,27,037,"Minnesota","Dakota County",1,32,5794,2889,2905
050,27,037,"Minnesota","Dakota County",1,33,6013,3001,3012
050,27,037,"Minnesota","Dakota County",1,34,6326,3093,3233
050,27,037,"Minnesota","Dakota County",1,35,6550,3296,3254
050,27,037,"Minnesota","Dakota County",1,36,6433,3277,3156
050,27,037,"Minnesota","Dakota County",1,37,6376,3199,3177
050,27,037,"Minnesota","Dakota County",1,38,6429,3202,3227
050,27,037,"Minnesota","Dakota County",1,39,6554,3249,3305
050,27,037,"Minnesota","Dakota County",1,40,6336,3234,3102
050,27,037,"Minnesota","Dakota County",1,41,6018,3034,2984
050,27,037,"Minnesota","Dakota County",1,42,5769,2909,2860
050,27,037,"Minnesota","Dakota County",1,43,5540,2776,2764
050,27,037,"Minnesota","Dakota County",1,44,5367,2716,2651
050,27,037,"Minnesota","Dakota County",1,45,5250,2656,2594
050,27,037,"Minnesota","Dakota County",1,46,5165,2585,2580
050,27,037,"Minnesota","Dakota County",1,47,5209,2609,2600
050,27,037,"Minnesota","Dakota County",1,48,5625,2820,2805
050,27,037,"Minnesota","Dakota County",1,49,6076,3092,2984
050,27,037,"Minnesota","Dakota County",1,50,5943,2995,2948
050,27,037,"Minnesota","Dakota County",1,51,5803,2886,2917
050,27,037,"Minnesota","Dakota County",1,52,5526,2742,2784
050,27,037,"Minnesota","Dakota County",1,53,5653,2817,2836
050,27,037,"Minnesota","Dakota County",1,54,5830,2865,2965
050,27,037,"Minnesota","Dakota County",1,55,6210,3030,3180
050,27,037,"Minnesota","Dakota County",1,56,6321,3100,3221
050,27,037,"Minnesota","Dakota County",1,57,6342,3077,3265
050,27,037,"Minnesota","Dakota County",1,58,6381,3155,3226
050,27,037,"Minnesota","Dakota County",1,59,6374,3136,3238
050,27,037,"Minnesota","Dakota County",1,60,6209,3063,3146
050,27,037,"Minnesota","Dakota County",1,61,5901,2938,2963
050,27,037,"Minnesota","Dakota County",1,62,5685,2823,2862
050,27,037,"Minnesota","Dakota County",1,63,5337,2607,2730
050,27,037,"Minnesota","Dakota County",1,64,5112,2467,2645
050,27,037,"Minnesota","Dakota County",1,65,4953,2409,2544
050,27,037,"Minnesota","Dakota County",1,66,4590,2214,2376
050,27,037,"Minnesota","Dakota County",1,67,4494,2114,2380
050,27,037,"Minnesota","Dakota County",1,68,4298,2027,2271
050,27,037,"Minnesota","Dakota County",1,69,3954,1829,2125
050,27,037,"Minnesota","Dakota County",1,70,3784,1756,2028
050,27,037,"Minnesota","Dakota County",1,71,3599,1637,1962
050,27,037,"Minnesota","Dakota County",1,72,3557,1624,1933
050,27,037,"Minnesota","Dakota County",1,73,3628,1696,1932
050,27,037,"Minnesota","Dakota County",1,74,2495,1145,1350
050,27,037,"Minnesota","Dakota County",1,75,2480,1112,1368
050,27,037,"Minnesota","Dakota County",1,76,2380,1090,1290
050,27,037,"Minnesota","Dakota County",1,77,2391,1079,1312
050,27,037,"Minnesota","Dakota County",1,78,2081,931,1150
050,27,037,"Minnesota","Dakota County",1,79,1837,795,1042
050,27,037,"Minnesota","Dakota County",1,80,1602,652,950
050,27,037,"Minnesota","Dakota County",1,81,1515,624,891
050,27,037,"Minnesota","Dakota County",1,82,1330,545,785
050,27,037,"Minnesota","Dakota County",1,83,1241,505,736
050,27,037,"Minnesota","Dakota County",1,84,1169,477,692
050,27,037,"Minnesota","Dakota County",1,85,7123,2550,4573
050,27,037,"Minnesota","Dakota County",2,0,5148,2644,2504
050,27,037,"Minnesota","Dakota County",2,1,5373,2761,2612
050,27,037,"Minnesota","Dakota County",2,2,5467,2782,2685
050,27,037,"Minnesota","Dakota County",2,3,5672,2915,2757
050,27,037,"Minnesota","Dakota County",2,4,5901,3062,2839
050,27,037,"Minnesota","Dakota County",2,5,5979,3122,2857
050,27,037,"Minnesota","Dakota County",2,6,5967,3075,2892
050,27,037,"Minnesota","Dakota County",2,7,5953,3051,2902
050,27,037,"Minnesota","Dakota County",2,8,5880,3022,2858
050,27,037,"Minnesota","Dakota County",2,9,5846,3009,2837
050,27,037,"Minnesota","Dakota County",2,10,6095,3148,2947
050,27,037,"Minnesota","Dakota County",2,11,6285,3259,3026
050,27,037,"Minnesota","Dakota County",2,12,6386,3277,3109
050,27,037,"Minnesota","Dakota County",2,13,6426,3272,3154
050,27,037,"Minnesota","Dakota County",2,14,6330,3268,3062
050,27,037,"Minnesota","Dakota County",2,15,6323,3241,3082
050,27,037,"Minnesota","Dakota County",2,16,6372,3274,3098
050,27,037,"Minnesota","Dakota County",2,17,6249,3201,3048
050,27,037,"Minnesota","Dakota County",2,18,5179,2718,2461
050,27,037,"Minnesota","Dakota County",2,19,4321,2277,2044
050,27,037,"Minnesota","Dakota County",2,20,4600,2405,2195
050,27,037,"Minnesota","Dakota County",2,21,4617,2376,2241
050,27,037,"Minnesota","Dakota County",2,22,4904,2459,2445
050,27,037,"Minnesota","Dakota County",2,23,5046,2527,2519
050,27,037,"Minnesota","Dakota County",2,24,5148,2570,2578
050,27,037,"Minnesota","Dakota County",2,25,5292,2633,2659
050,27,037,"Minnesota","Dakota County",2,26,5436,2769,2667
050,27,037,"Minnesota","Dakota County",2,27,5470,2784,2686
050,27,037,"Minnesota","Dakota County",2,28,5495,2766,2729
050,27,037,"Minnesota","Dakota County",2,29,5494,2804,2690
050,27,037,"Minnesota","Dakota County",2,30,5620,2886,2734
050,27,037,"Minnesota","Dakota County",2,31,5656,2863,2793
050,27,037,"Minnesota","Dakota County",2,32,5778,2886,2892
050,27,037,"Minnesota","Dakota County",2,33,5972,2982,2990
050,27,037,"Minnesota","Dakota County",2,34,6279,3085,3194
050,27,037,"Minnesota","Dakota County",2,35,6545,3276,3269
050,27,037,"Minnesota","Dakota County",2,36,6424,3252,3172
050,27,037,"Minnesota","Dakota County",2,37,6406,3226,3180
050,27,037,"Minnesota","Dakota County",2,38,6447,3218,3229
050,27,037,"Minnesota","Dakota County",2,39,6513,3237,3276
050,27,037,"Minnesota","Dakota County",2,40,6435,3269,3166
050,27,037,"Minnesota","Dakota County",2,41,6096,3085,3011
050,27,037,"Minnesota","Dakota County",2,42,5804,2927,2877
050,27,037,"Minnesota","Dakota County",2,43,5627,2830,2797
050,27,037,"Minnesota","Dakota County",2,44,5369,2714,2655
050,27,037,"Minnesota","Dakota County",2,45,5299,2677,2622
050,27,037,"Minnesota","Dakota County",2,46,5177,2601,2576
050,27,037,"Minnesota","Dakota County",2,47,5180,2599,2581
050,27,037,"Minnesota","Dakota County",2,48,5519,2767,2752
050,27,037,"Minnesota","Dakota County",2,49,5976,3040,2936
050,27,037,"Minnesota","Dakota County",2,50,5975,3019,2956
050,27,037,"Minnesota","Dakota County",2,51,5812,2895,2917
050,27,037,"Minnesota","Dakota County",2,52,5569,2770,2799
050,27,037,"Minnesota","Dakota County",2,53,5607,2791,2816
050,27,037,"Minnesota","Dakota County",2,54,5753,2841,2912
050,27,037,"Minnesota","Dakota County",2,55,6091,2977,3114
050,27,037,"Minnesota","Dakota County",2,56,6278,3075,3203
050,27,037,"Minnesota","Dakota County",2,57,6328,3075,3253
050,27,037,"Minnesota","Dakota County",2,58,6345,3124,3221
050,27,037,"Minnesota","Dakota County",2,59,6372,3135,3237
050,27,037,"Minnesota","Dakota County",2,60,6208,3058,3150
050,27,037,"Minnesota","Dakota County",2,61,5936,2947,2989
050,27,037,"Minnesota","Dakota County",2,62,5701,2828,2873
050,27,037,"Minnesota","Dakota County",2,63,5438,2664,2774
050,27,037,"Minnesota","Dakota County",2,64,5116,2473,2643
050,27,037,"Minnesota","Dakota County",2,65,4957,2404,2553
050,27,037,"Minnesota","Dakota County",2,66,4664,2252,2412
050,27,037,"Minnesota","Dakota County",2,67,4481,2121,2360
050,27,037,"Minnesota","Dakota County",2,68,4294,2021,2273
050,27,037,"Minnesota","Dakota County",2,69,4049,1874,2175
050,27,037,"Minnesota","Dakota County",2,70,3792,1754,2038
050,27,037,"Minnesota","Dakota County",2,71,3643,1657,1986
050,27,037,"Minnesota","Dakota County",2,72,3497,1592,1905
050,27,037,"Minnesota","Dakota County",2,73,3785,1755,2030
050,27,037,"Minnesota","Dakota County",2,74,2591,1188,1403
050,27,037,"Minnesota","Dakota County",2,75,2478,1119,1359
050,27,037,"Minnesota","Dakota County",2,76,2376,1074,1302
050,27,037,"Minnesota","Dakota County",2,77,2428,1095,1333
050,27,037,"Minnesota","Dakota County",2,78,2090,937,1153
050,27,037,"Minnesota","Dakota County",2,79,1880,816,1064
050,27,037,"Minnesota","Dakota County",2,80,1646,676,970
050,27,037,"Minnesota","Dakota County",2,81,1518,623,895
050,27,037,"Minnesota","Dakota County",2,82,1370,557,813
050,27,037,"Minnesota","Dakota County",2,83,1245,504,741
050,27,037,"Minnesota","Dakota County",2,84,1168,478,690
050,27,037,"Minnesota","Dakota County",2,85,7166,2565,4601
050,27,037,"Minnesota","Dakota County",3,0,4883,2512,2371
050,27,037,"Minnesota","Dakota County",3,1,5214,2626,2588
050,27,037,"Minnesota","Dakota County",3,2,5510,2802,2708
050,27,037,"Minnesota","Dakota County",3,3,5556,2810,2746
050,27,037,"Minnesota","Dakota County",3,4,5725,2961,2764
050,27,037,"Minnesota","Dakota County",3,5,5997,3101,2896
050,27,037,"Minnesota","Dakota County",3,6,5983,3120,2863
050,27,037,"Minnesota","Dakota County",3,7,6013,3113,2900
050,27,037,"Minnesota","Dakota County",3,8,6017,3088,2929
050,27,037,"Minnesota","Dakota County",3,9,5849,3007,2842
050,27,037,"Minnesota","Dakota County",3,10,5892,3012,2880
050,27,037,"Minnesota","Dakota County",3,11,6073,3113,2960
050,27,037,"Minnesota","Dakota County",3,12,6309,3274,3035
050,27,037,"Minnesota","Dakota County",3,13,6431,3312,3119
050,27,037,"Minnesota","Dakota County",3,14,6422,3278,3144
050,27,037,"Minnesota","Dakota County",3,15,6347,3280,3067
050,27,037,"Minnesota","Dakota County",3,16,6351,3276,3075
050,27,037,"Minnesota","Dakota County",3,17,6378,3268,3110
050,27,037,"Minnesota","Dakota County",3,18,5347,2817,2530
050,27,037,"Minnesota","Dakota County",3,19,4250,2203,2047
050,27,037,"Minnesota","Dakota County",3,20,4607,2414,2193
050,27,037,"Minnesota","Dakota County",3,21,4753,2435,2318
050,27,037,"Minnesota","Dakota County",3,22,4879,2465,2414
050,27,037,"Minnesota","Dakota County",3,23,5002,2526,2476
050,27,037,"Minnesota","Dakota County",3,24,5150,2635,2515
050,27,037,"Minnesota","Dakota County",3,25,5207,2640,2567
050,27,037,"Minnesota","Dakota County",3,26,5419,2721,2698
050,27,037,"Minnesota","Dakota County",3,27,5521,2813,2708
050,27,037,"Minnesota","Dakota County",3,28,5582,2824,2758
050,27,037,"Minnesota","Dakota County",3,29,5563,2807,2756
050,27,037,"Minnesota","Dakota County",3,30,5682,2880,2802
050,27,037,"Minnesota","Dakota County",3,31,5779,2946,2833
050,27,037,"Minnesota","Dakota County",3,32,5878,2927,2951
050,27,037,"Minnesota","Dakota County",3,33,5927,2986,2941
050,27,037,"Minnesota","Dakota County",3,34,6144,3084,3060
050,27,037,"Minnesota","Dakota County",3,35,6349,3151,3198
050,27,037,"Minnesota","Dakota County",3,36,6641,3291,3350
050,27,037,"Minnesota","Dakota County",3,37,6510,3322,3188
050,27,037,"Minnesota","Dakota County",3,38,6440,3286,3154
050,27,037,"Minnesota","Dakota County",3,39,6448,3196,3252
050,27,037,"Minnesota","Dakota County",3,40,6539,3275,3264
050,27,037,"Minnesota","Dakota County",3,41,6469,3299,3170
050,27,037,"Minnesota","Dakota County",3,42,6053,3052,3001
050,27,037,"Minnesota","Dakota County",3,43,5818,2928,2890
050,27,037,"Minnesota","Dakota County",3,44,5601,2811,2790
050,27,037,"Minnesota","Dakota County",3,45,5288,2678,2610
050,27,037,"Minnesota","Dakota County",3,46,5285,2664,2621
050,27,037,"Minnesota","Dakota County",3,47,5078,2559,2519
050,27,037,"Minnesota","Dakota County",3,48,5147,2594,2553
050,27,037,"Minnesota","Dakota County",3,49,5489,2733,2756
050,27,037,"Minnesota","Dakota County",3,50,5958,3053,2905
050,27,037,"Minnesota","Dakota County",3,51,5957,3007,2950
050,27,037,"Minnesota","Dakota County",3,52,5750,2878,2872
050,27,037,"Minnesota","Dakota County",3,53,5552,2776,2776
050,27,037,"Minnesota","Dakota County",3,54,5557,2778,2779
050,27,037,"Minnesota","Dakota County",3,55,5655,2801,2854
050,27,037,"Minnesota","Dakota County",3,56,5975,2898,3077
050,27,037,"Minnesota","Dakota County",3,57,6232,3050,3182
050,27,037,"Minnesota","Dakota County",3,58,6256,3038,3218
050,27,037,"Minnesota","Dakota County",3,59,6229,3062,3167
050,27,037,"Minnesota","Dakota County",3,60,6233,3048,3185
050,27,037,"Minnesota","Dakota County",3,61,6077,2994,3083
050,27,037,"Minnesota","Dakota County",3,62,5779,2859,2920
050,27,037,"Minnesota","Dakota County",3,63,5588,2762,2826
050,27,037,"Minnesota","Dakota County",3,64,5320,2595,2725
050,27,037,"Minnesota","Dakota County",3,65,4992,2370,2622
050,27,037,"Minnesota","Dakota County",3,66,4902,2385,2517
050,27,037,"Minnesota","Dakota County",3,67,4594,2205,2389
050,27,037,"Minnesota","Dakota County",3,68,4390,2058,2332
050,27,037,"Minnesota","Dakota County",3,69,4264,1985,2279
050,27,037,"Minnesota","Dakota County",3,70,4005,1864,2141
050,27,037,"Minnesota","Dakota County",3,71,3757,1726,2031
050,27,037,"Minnesota","Dakota County",3,72,3536,1606,1930
050,27,037,"Minnesota","Dakota County",3,73,3440,1559,1881
050,27,037,"Minnesota","Dakota County",3,74,3708,1701,2007
050,27,037,"Minnesota","Dakota County",3,75,2534,1156,1378
050,27,037,"Minnesota","Dakota County",3,76,2416,1082,1334
050,27,037,"Minnesota","Dakota County",3,77,2302,1021,1281
050,27,037,"Minnesota","Dakota County",3,78,2355,1058,1297
050,27,037,"Minnesota","Dakota County",3,79,2038,895,1143
050,27,037,"Minnesota","Dakota County",3,80,1797,772,1025
050,27,037,"Minnesota","Dakota County",3,81,1556,631,925
050,27,037,"Minnesota","Dakota County",3,82,1451,602,849
050,27,037,"Minnesota","Dakota County",3,83,1316,522,794
050,27,037,"Minnesota","Dakota County",3,84,1171,468,703
050,27,037,"Minnesota","Dakota County",3,85,7293,2633,4660
050,27,037,"Minnesota","Dakota County",4,0,5048,2585,2463
050,27,037,"Minnesota","Dakota County",4,1,4926,2612,2314
050,27,037,"Minnesota","Dakota County",4,2,5316,2708,2608
050,27,037,"Minnesota","Dakota County",4,3,5599,2843,2756
050,27,037,"Minnesota","Dakota County",4,4,5582,2814,2768
050,27,037,"Minnesota","Dakota County",4,5,5833,3007,2826
050,27,037,"Minnesota","Dakota County",4,6,6057,3111,2946
050,27,037,"Minnesota","Dakota County",4,7,6032,3130,2902
050,27,037,"Minnesota","Dakota County",4,8,6043,3107,2936
050,27,037,"Minnesota","Dakota County",4,9,6037,3095,2942
050,27,037,"Minnesota","Dakota County",4,10,5886,3026,2860
050,27,037,"Minnesota","Dakota County",4,11,5926,3034,2892
050,27,037,"Minnesota","Dakota County",4,12,6137,3131,3006
050,27,037,"Minnesota","Dakota County",4,13,6319,3256,3063
050,27,037,"Minnesota","Dakota County",4,14,6449,3301,3148
050,27,037,"Minnesota","Dakota County",4,15,6497,3312,3185
050,27,037,"Minnesota","Dakota County",4,16,6342,3268,3074
050,27,037,"Minnesota","Dakota County",4,17,6358,3265,3093
050,27,037,"Minnesota","Dakota County",4,18,5414,2857,2557
050,27,037,"Minnesota","Dakota County",4,19,4279,2269,2010
050,27,037,"Minnesota","Dakota County",4,20,4461,2302,2159
050,27,037,"Minnesota","Dakota County",4,21,4755,2435,2320
050,27,037,"Minnesota","Dakota County",4,22,5036,2530,2506
050,27,037,"Minnesota","Dakota County",4,23,4911,2493,2418
050,27,037,"Minnesota","Dakota County",4,24,5077,2626,2451
050,27,037,"Minnesota","Dakota County",4,25,5140,2632,2508
050,27,037,"Minnesota","Dakota County",4,26,5217,2643,2574
050,27,037,"Minnesota","Dakota County",4,27,5428,2716,2712
050,27,037,"Minnesota","Dakota County",4,28,5545,2857,2688
050,27,037,"Minnesota","Dakota County",4,29,5559,2825,2734
050,27,037,"Minnesota","Dakota County",4,30,5658,2819,2839
050,27,037,"Minnesota","Dakota County",4,31,5728,2904,2824
050,27,037,"Minnesota","Dakota County",4,32,5836,2947,2889
050,27,037,"Minnesota","Dakota County",4,33,5911,2927,2984
050,27,037,"Minnesota","Dakota County",4,34,6064,3035,3029
050,27,037,"Minnesota","Dakota County",4,35,6189,3100,3089
050,27,037,"Minnesota","Dakota County",4,36,6423,3201,3222
050,27,037,"Minnesota","Dakota County",4,37,6610,3298,3312
050,27,037,"Minnesota","Dakota County",4,38,6545,3324,3221
050,27,037,"Minnesota","Dakota County",4,39,6536,3353,3183
050,27,037,"Minnesota","Dakota County",4,40,6470,3223,3247
050,27,037,"Minnesota","Dakota County",4,41,6503,3247,3256
050,27,037,"Minnesota","Dakota County",4,42,6429,3269,3160
050,27,037,"Minnesota","Dakota County",4,43,6038,3033,3005
050,27,037,"Minnesota","Dakota County",4,44,5823,2940,2883
050,27,037,"Minnesota","Dakota County",4,45,5568,2794,2774
050,27,037,"Minnesota","Dakota County",4,46,5299,2691,2608
050,27,037,"Minnesota","Dakota County",4,47,5258,2659,2599
050,27,037,"Minnesota","Dakota County",4,48,5044,2521,2523
050,27,037,"Minnesota","Dakota County",4,49,5133,2597,2536
050,27,037,"Minnesota","Dakota County",4,50,5400,2695,2705
050,27,037,"Minnesota","Dakota County",4,51,5919,3017,2902
050,27,037,"Minnesota","Dakota County",4,52,5856,2973,2883
050,27,037,"Minnesota","Dakota County",4,53,5623,2842,2781
050,27,037,"Minnesota","Dakota County",4,54,5477,2752,2725
050,27,037,"Minnesota","Dakota County",4,55,5442,2693,2749
050,27,037,"Minnesota","Dakota County",4,56,5519,2728,2791
050,27,037,"Minnesota","Dakota County",4,57,5871,2818,3053
050,27,037,"Minnesota","Dakota County",4,58,6109,2990,3119
050,27,037,"Minnesota","Dakota County",4,59,6103,2971,3132
050,27,037,"Minnesota","Dakota County",4,60,6077,2993,3084
050,27,037,"Minnesota","Dakota County",4,61,6070,2959,3111
050,27,037,"Minnesota","Dakota County",4,62,5896,2904,2992
050,27,037,"Minnesota","Dakota County",4,63,5629,2774,2855
050,27,037,"Minnesota","Dakota County",4,64,5454,2675,2779
050,27,037,"Minnesota","Dakota County",4,65,5210,2533,2677
050,27,037,"Minnesota","Dakota County",4,66,4928,2324,2604
050,27,037,"Minnesota","Dakota County",4,67,4802,2308,2494
050,27,037,"Minnesota","Dakota County",4,68,4534,2169,2365
050,27,037,"Minnesota","Dakota County",4,69,4329,2008,2321
050,27,037,"Minnesota","Dakota County",4,70,4159,1938,2221
050,27,037,"Minnesota","Dakota County",4,71,3913,1813,2100
050,27,037,"Minnesota","Dakota County",4,72,3682,1695,1987
050,27,037,"Minnesota","Dakota County",4,73,3507,1590,1917
050,27,037,"Minnesota","Dakota County",4,74,3358,1509,1849
050,27,037,"Minnesota","Dakota County",4,75,3591,1650,1941
050,27,037,"Minnesota","Dakota County",4,76,2495,1116,1379
050,27,037,"Minnesota","Dakota County",4,77,2334,1034,1300
050,27,037,"Minnesota","Dakota County",4,78,2230,1003,1227
050,27,037,"Minnesota","Dakota County",4,79,2306,1026,1280
050,27,037,"Minnesota","Dakota County",4,80,1944,837,1107
050,27,037,"Minnesota","Dakota County",4,81,1695,714,981
050,27,037,"Minnesota","Dakota County",4,82,1459,602,857
050,27,037,"Minnesota","Dakota County",4,83,1399,570,829
050,27,037,"Minnesota","Dakota County",4,84,1253,495,758
050,27,037,"Minnesota","Dakota County",4,85,7425,2682,4743
050,27,037,"Minnesota","Dakota County",5,0,5031,2575,2456
050,27,037,"Minnesota","Dakota County",5,1,5209,2639,2570
050,27,037,"Minnesota","Dakota County",5,2,4983,2589,2394
050,27,037,"Minnesota","Dakota County",5,3,5410,2732,2678
050,27,037,"Minnesota","Dakota County",5,4,5684,2888,2796
050,27,037,"Minnesota","Dakota County",5,5,5628,2831,2797
050,27,037,"Minnesota","Dakota County",5,6,5966,3064,2902
050,27,037,"Minnesota","Dakota County",5,7,6110,3179,2931
050,27,037,"Minnesota","Dakota County",5,8,6092,3161,2931
050,27,037,"Minnesota","Dakota County",5,9,6076,3087,2989
050,27,037,"Minnesota","Dakota County",5,10,6146,3140,3006
050,27,037,"Minnesota","Dakota County",5,11,5983,3065,2918
050,27,037,"Minnesota","Dakota County",5,12,5956,3043,2913
050,27,037,"Minnesota","Dakota County",5,13,6218,3167,3051
050,27,037,"Minnesota","Dakota County",5,14,6435,3321,3114
050,27,037,"Minnesota","Dakota County",5,15,6541,3342,3199
050,27,037,"Minnesota","Dakota County",5,16,6506,3313,3193
050,27,037,"Minnesota","Dakota County",5,17,6418,3328,3090
050,27,037,"Minnesota","Dakota County",5,18,5429,2865,2564
050,27,037,"Minnesota","Dakota County",5,19,4397,2321,2076
050,27,037,"Minnesota","Dakota County",5,20,4660,2427,2233
050,27,037,"Minnesota","Dakota County",5,21,4763,2393,2370
050,27,037,"Minnesota","Dakota County",5,22,5106,2543,2563
050,27,037,"Minnesota","Dakota County",5,23,5273,2652,2621
050,27,037,"Minnesota","Dakota County",5,24,5157,2637,2520
050,27,037,"Minnesota","Dakota County",5,25,5154,2696,2458
050,27,037,"Minnesota","Dakota County",5,26,5275,2721,2554
050,27,037,"Minnesota","Dakota County",5,27,5279,2649,2630
050,27,037,"Minnesota","Dakota County",5,28,5612,2806,2806
050,27,037,"Minnesota","Dakota County",5,29,5639,2932,2707
050,27,037,"Minnesota","Dakota County",5,30,5686,2857,2829
050,27,037,"Minnesota","Dakota County",5,31,5865,2920,2945
050,27,037,"Minnesota","Dakota County",5,32,5849,2951,2898
050,27,037,"Minnesota","Dakota County",5,33,5931,2974,2957
050,27,037,"Minnesota","Dakota County",5,34,6111,3020,3091
050,27,037,"Minnesota","Dakota County",5,35,6103,3025,3078
050,27,037,"Minnesota","Dakota County",5,36,6263,3141,3122
050,27,037,"Minnesota","Dakota County",5,37,6580,3292,3288
050,27,037,"Minnesota","Dakota County",5,38,6667,3346,3321
050,27,037,"Minnesota","Dakota County",5,39,6566,3342,3224
050,27,037,"Minnesota","Dakota County",5,40,6634,3414,3220
050,27,037,"Minnesota","Dakota County",5,41,6440,3209,3231
050,27,037,"Minnesota","Dakota County",5,42,6492,3246,3246
050,27,037,"Minnesota","Dakota County",5,43,6405,3244,3161
050,27,037,"Minnesota","Dakota County",5,44,6091,3053,3038
050,27,037,"Minnesota","Dakota County",5,45,5773,2915,2858
050,27,037,"Minnesota","Dakota County",5,46,5572,2780,2792
050,27,037,"Minnesota","Dakota County",5,47,5277,2676,2601
050,27,037,"Minnesota","Dakota County",5,48,5279,2650,2629
050,27,037,"Minnesota","Dakota County",5,49,5038,2513,2525
050,27,037,"Minnesota","Dakota County",5,50,5113,2603,2510
050,27,037,"Minnesota","Dakota County",5,51,5369,2680,2689
050,27,037,"Minnesota","Dakota County",5,52,5878,3028,2850
050,27,037,"Minnesota","Dakota County",5,53,5805,2957,2848
050,27,037,"Minnesota","Dakota County",5,54,5573,2797,2776
050,27,037,"Minnesota","Dakota County",5,55,5367,2672,2695
050,27,037,"Minnesota","Dakota County",5,56,5381,2677,2704
050,27,037,"Minnesota","Dakota County",5,57,5456,2687,2769
050,27,037,"Minnesota","Dakota County",5,58,5774,2765,3009
050,27,037,"Minnesota","Dakota County",5,59,6029,2941,3088
050,27,037,"Minnesota","Dakota County",5,60,6027,2941,3086
050,27,037,"Minnesota","Dakota County",5,61,5969,2937,3032
050,27,037,"Minnesota","Dakota County",5,62,5920,2875,3045
050,27,037,"Minnesota","Dakota County",5,63,5817,2874,2943
050,27,037,"Minnesota","Dakota County",5,64,5522,2707,2815
050,27,037,"Minnesota","Dakota County",5,65,5375,2622,2753
050,27,037,"Minnesota","Dakota County",5,66,5119,2461,2658
050,27,037,"Minnesota","Dakota County",5,67,4872,2284,2588
050,27,037,"Minnesota","Dakota County",5,68,4705,2244,2461
050,27,037,"Minnesota","Dakota County",5,69,4519,2142,2377
050,27,037,"Minnesota","Dakota County",5,70,4283,1995,2288
050,27,037,"Minnesota","Dakota County",5,71,4130,1906,2224
050,27,037,"Minnesota","Dakota County",5,72,3820,1773,2047
050,27,037,"Minnesota","Dakota County",5,73,3664,1677,1987
050,27,037,"Minnesota","Dakota County",5,74,3424,1534,1890
050,27,037,"Minnesota","Dakota County",5,75,3290,1482,1808
050,27,037,"Minnesota","Dakota County",5,76,3503,1587,1916
050,27,037,"Minnesota","Dakota County",5,77,2414,1066,1348
050,27,037,"Minnesota","Dakota County",5,78,2267,1002,1265
050,27,037,"Minnesota","Dakota County",5,79,2195,975,1220
050,27,037,"Minnesota","Dakota County",5,80,2240,983,1257
050,27,037,"Minnesota","Dakota County",5,81,1856,792,1064
050,27,037,"Minnesota","Dakota County",5,82,1616,690,926
050,27,037,"Minnesota","Dakota County",5,83,1388,561,827
050,27,037,"Minnesota","Dakota County",5,84,1338,542,796
050,27,037,"Minnesota","Dakota County",5,85,7664,2771,4893
050,27,039,"Minnesota","Dodge County",1,0,249,127,122
050,27,039,"Minnesota","Dodge County",1,1,244,121,123
050,27,039,"Minnesota","Dodge County",1,2,239,133,106
050,27,039,"Minnesota","Dodge County",1,3,260,150,110
050,27,039,"Minnesota","Dodge County",1,4,289,153,136
050,27,039,"Minnesota","Dodge County",1,5,287,139,148
050,27,039,"Minnesota","Dodge County",1,6,274,147,127
050,27,039,"Minnesota","Dodge County",1,7,288,149,139
050,27,039,"Minnesota","Dodge County",1,8,302,166,136
050,27,039,"Minnesota","Dodge County",1,9,314,158,156
050,27,039,"Minnesota","Dodge County",1,10,314,165,149
050,27,039,"Minnesota","Dodge County",1,11,325,156,169
050,27,039,"Minnesota","Dodge County",1,12,362,176,186
050,27,039,"Minnesota","Dodge County",1,13,329,160,169
050,27,039,"Minnesota","Dodge County",1,14,335,171,164
050,27,039,"Minnesota","Dodge County",1,15,323,165,158
050,27,039,"Minnesota","Dodge County",1,16,341,172,169
050,27,039,"Minnesota","Dodge County",1,17,333,167,166
050,27,039,"Minnesota","Dodge County",1,18,290,149,141
050,27,039,"Minnesota","Dodge County",1,19,216,118,98
050,27,039,"Minnesota","Dodge County",1,20,219,116,103
050,27,039,"Minnesota","Dodge County",1,21,217,105,112
050,27,039,"Minnesota","Dodge County",1,22,242,116,126
050,27,039,"Minnesota","Dodge County",1,23,230,108,122
050,27,039,"Minnesota","Dodge County",1,24,221,95,126
050,27,039,"Minnesota","Dodge County",1,25,234,111,123
050,27,039,"Minnesota","Dodge County",1,26,242,118,124
050,27,039,"Minnesota","Dodge County",1,27,240,120,120
050,27,039,"Minnesota","Dodge County",1,28,240,117,123
050,27,039,"Minnesota","Dodge County",1,29,236,127,109
050,27,039,"Minnesota","Dodge County",1,30,239,130,109
050,27,039,"Minnesota","Dodge County",1,31,231,117,114
050,27,039,"Minnesota","Dodge County",1,32,254,127,127
050,27,039,"Minnesota","Dodge County",1,33,257,130,127
050,27,039,"Minnesota","Dodge County",1,34,266,130,136
050,27,039,"Minnesota","Dodge County",1,35,301,149,152
050,27,039,"Minnesota","Dodge County",1,36,281,138,143
050,27,039,"Minnesota","Dodge County",1,37,295,156,139
050,27,039,"Minnesota","Dodge County",1,38,259,128,131
050,27,039,"Minnesota","Dodge County",1,39,283,147,136
050,27,039,"Minnesota","Dodge County",1,40,312,163,149
050,27,039,"Minnesota","Dodge County",1,41,305,155,150
050,27,039,"Minnesota","Dodge County",1,42,290,151,139
050,27,039,"Minnesota","Dodge County",1,43,269,138,131
050,27,039,"Minnesota","Dodge County",1,44,260,135,125
050,27,039,"Minnesota","Dodge County",1,45,277,130,147
050,27,039,"Minnesota","Dodge County",1,46,264,138,126
050,27,039,"Minnesota","Dodge County",1,47,275,144,131
050,27,039,"Minnesota","Dodge County",1,48,271,148,123
050,27,039,"Minnesota","Dodge County",1,49,284,143,141
050,27,039,"Minnesota","Dodge County",1,50,276,151,125
050,27,039,"Minnesota","Dodge County",1,51,271,148,123
050,27,039,"Minnesota","Dodge County",1,52,250,121,129
050,27,039,"Minnesota","Dodge County",1,53,246,130,116
050,27,039,"Minnesota","Dodge County",1,54,260,131,129
050,27,039,"Minnesota","Dodge County",1,55,285,138,147
050,27,039,"Minnesota","Dodge County",1,56,279,147,132
050,27,039,"Minnesota","Dodge County",1,57,273,143,130
050,27,039,"Minnesota","Dodge County",1,58,290,133,157
050,27,039,"Minnesota","Dodge County",1,59,279,139,140
050,27,039,"Minnesota","Dodge County",1,60,286,148,138
050,27,039,"Minnesota","Dodge County",1,61,282,137,145
050,27,039,"Minnesota","Dodge County",1,62,275,138,137
050,27,039,"Minnesota","Dodge County",1,63,258,128,130
050,27,039,"Minnesota","Dodge County",1,64,236,123,113
050,27,039,"Minnesota","Dodge County",1,65,239,129,110
050,27,039,"Minnesota","Dodge County",1,66,233,118,115
050,27,039,"Minnesota","Dodge County",1,67,205,107,98
050,27,039,"Minnesota","Dodge County",1,68,200,110,90
050,27,039,"Minnesota","Dodge County",1,69,189,96,93
050,27,039,"Minnesota","Dodge County",1,70,182,96,86
050,27,039,"Minnesota","Dodge County",1,71,156,76,80
050,27,039,"Minnesota","Dodge County",1,72,158,69,89
050,27,039,"Minnesota","Dodge County",1,73,153,68,85
050,27,039,"Minnesota","Dodge County",1,74,110,50,60
050,27,039,"Minnesota","Dodge County",1,75,116,53,63
050,27,039,"Minnesota","Dodge County",1,76,112,54,58
050,27,039,"Minnesota","Dodge County",1,77,108,54,54
050,27,039,"Minnesota","Dodge County",1,78,100,45,55
050,27,039,"Minnesota","Dodge County",1,79,98,50,48
050,27,039,"Minnesota","Dodge County",1,80,83,34,49
050,27,039,"Minnesota","Dodge County",1,81,74,30,44
050,27,039,"Minnesota","Dodge County",1,82,67,36,31
050,27,039,"Minnesota","Dodge County",1,83,67,33,34
050,27,039,"Minnesota","Dodge County",1,84,65,26,39
050,27,039,"Minnesota","Dodge County",1,85,397,152,245
050,27,039,"Minnesota","Dodge County",2,0,255,136,119
050,27,039,"Minnesota","Dodge County",2,1,245,123,122
050,27,039,"Minnesota","Dodge County",2,2,244,134,110
050,27,039,"Minnesota","Dodge County",2,3,260,148,112
050,27,039,"Minnesota","Dodge County",2,4,283,152,131
050,27,039,"Minnesota","Dodge County",2,5,286,142,144
050,27,039,"Minnesota","Dodge County",2,6,279,146,133
050,27,039,"Minnesota","Dodge County",2,7,285,150,135
050,27,039,"Minnesota","Dodge County",2,8,299,162,137
050,27,039,"Minnesota","Dodge County",2,9,313,161,152
050,27,039,"Minnesota","Dodge County",2,10,315,164,151
050,27,039,"Minnesota","Dodge County",2,11,324,158,166
050,27,039,"Minnesota","Dodge County",2,12,354,171,183
050,27,039,"Minnesota","Dodge County",2,13,335,162,173
050,27,039,"Minnesota","Dodge County",2,14,330,167,163
050,27,039,"Minnesota","Dodge County",2,15,326,167,159
050,27,039,"Minnesota","Dodge County",2,16,338,171,167
050,27,039,"Minnesota","Dodge County",2,17,334,169,165
050,27,039,"Minnesota","Dodge County",2,18,285,148,137
050,27,039,"Minnesota","Dodge County",2,19,221,119,102
050,27,039,"Minnesota","Dodge County",2,20,222,118,104
050,27,039,"Minnesota","Dodge County",2,21,221,109,112
050,27,039,"Minnesota","Dodge County",2,22,236,112,124
050,27,039,"Minnesota","Dodge County",2,23,232,108,124
050,27,039,"Minnesota","Dodge County",2,24,222,97,125
050,27,039,"Minnesota","Dodge County",2,25,233,108,125
050,27,039,"Minnesota","Dodge County",2,26,243,119,124
050,27,039,"Minnesota","Dodge County",2,27,241,120,121
050,27,039,"Minnesota","Dodge County",2,28,241,118,123
050,27,039,"Minnesota","Dodge County",2,29,238,125,113
050,27,039,"Minnesota","Dodge County",2,30,239,129,110
050,27,039,"Minnesota","Dodge County",2,31,236,123,113
050,27,039,"Minnesota","Dodge County",2,32,249,125,124
050,27,039,"Minnesota","Dodge County",2,33,256,128,128
050,27,039,"Minnesota","Dodge County",2,34,267,131,136
050,27,039,"Minnesota","Dodge County",2,35,295,145,150
050,27,039,"Minnesota","Dodge County",2,36,286,141,145
050,27,039,"Minnesota","Dodge County",2,37,293,153,140
050,27,039,"Minnesota","Dodge County",2,38,272,136,136
050,27,039,"Minnesota","Dodge County",2,39,277,142,135
050,27,039,"Minnesota","Dodge County",2,40,306,160,146
050,27,039,"Minnesota","Dodge County",2,41,307,157,150
050,27,039,"Minnesota","Dodge County",2,42,293,152,141
050,27,039,"Minnesota","Dodge County",2,43,273,141,132
050,27,039,"Minnesota","Dodge County",2,44,260,136,124
050,27,039,"Minnesota","Dodge County",2,45,275,132,143
050,27,039,"Minnesota","Dodge County",2,46,268,137,131
050,27,039,"Minnesota","Dodge County",2,47,272,143,129
050,27,039,"Minnesota","Dodge County",2,48,272,146,126
050,27,039,"Minnesota","Dodge County",2,49,282,145,137
050,27,039,"Minnesota","Dodge County",2,50,278,149,129
050,27,039,"Minnesota","Dodge County",2,51,269,148,121
050,27,039,"Minnesota","Dodge County",2,52,253,126,127
050,27,039,"Minnesota","Dodge County",2,53,245,126,119
050,27,039,"Minnesota","Dodge County",2,54,252,128,124
050,27,039,"Minnesota","Dodge County",2,55,273,133,140
050,27,039,"Minnesota","Dodge County",2,56,279,144,135
050,27,039,"Minnesota","Dodge County",2,57,274,145,129
050,27,039,"Minnesota","Dodge County",2,58,283,133,150
050,27,039,"Minnesota","Dodge County",2,59,282,137,145
050,27,039,"Minnesota","Dodge County",2,60,284,145,139
050,27,039,"Minnesota","Dodge County",2,61,281,138,143
050,27,039,"Minnesota","Dodge County",2,62,277,138,139
050,27,039,"Minnesota","Dodge County",2,63,264,132,132
050,27,039,"Minnesota","Dodge County",2,64,239,123,116
050,27,039,"Minnesota","Dodge County",2,65,235,126,109
050,27,039,"Minnesota","Dodge County",2,66,235,121,114
050,27,039,"Minnesota","Dodge County",2,67,210,108,102
050,27,039,"Minnesota","Dodge County",2,68,199,109,90
050,27,039,"Minnesota","Dodge County",2,69,193,100,93
050,27,039,"Minnesota","Dodge County",2,70,184,95,89
050,27,039,"Minnesota","Dodge County",2,71,161,80,81
050,27,039,"Minnesota","Dodge County",2,72,156,70,86
050,27,039,"Minnesota","Dodge County",2,73,162,72,90
050,27,039,"Minnesota","Dodge County",2,74,110,49,61
050,27,039,"Minnesota","Dodge County",2,75,112,51,61
050,27,039,"Minnesota","Dodge County",2,76,111,52,59
050,27,039,"Minnesota","Dodge County",2,77,113,56,57
050,27,039,"Minnesota","Dodge County",2,78,100,46,54
050,27,039,"Minnesota","Dodge County",2,79,98,49,49
050,27,039,"Minnesota","Dodge County",2,80,84,37,47
050,27,039,"Minnesota","Dodge County",2,81,75,31,44
050,27,039,"Minnesota","Dodge County",2,82,69,35,34
050,27,039,"Minnesota","Dodge County",2,83,65,32,33
050,27,039,"Minnesota","Dodge County",2,84,63,27,36
050,27,039,"Minnesota","Dodge County",2,85,403,155,248
050,27,039,"Minnesota","Dodge County",3,0,245,147,98
050,27,039,"Minnesota","Dodge County",3,1,269,128,141
050,27,039,"Minnesota","Dodge County",3,2,246,123,123
050,27,039,"Minnesota","Dodge County",3,3,251,137,114
050,27,039,"Minnesota","Dodge County",3,4,252,145,107
050,27,039,"Minnesota","Dodge County",3,5,282,156,126
050,27,039,"Minnesota","Dodge County",3,6,284,139,145
050,27,039,"Minnesota","Dodge County",3,7,284,147,137
050,27,039,"Minnesota","Dodge County",3,8,272,147,125
050,27,039,"Minnesota","Dodge County",3,9,306,166,140
050,27,039,"Minnesota","Dodge County",3,10,316,165,151
050,27,039,"Minnesota","Dodge County",3,11,314,165,149
050,27,039,"Minnesota","Dodge County",3,12,329,162,167
050,27,039,"Minnesota","Dodge County",3,13,352,170,182
050,27,039,"Minnesota","Dodge County",3,14,340,166,174
050,27,039,"Minnesota","Dodge County",3,15,322,162,160
050,27,039,"Minnesota","Dodge County",3,16,318,167,151
050,27,039,"Minnesota","Dodge County",3,17,331,162,169
050,27,039,"Minnesota","Dodge County",3,18,279,149,130
050,27,039,"Minnesota","Dodge County",3,19,229,115,114
050,27,039,"Minnesota","Dodge County",3,20,228,115,113
050,27,039,"Minnesota","Dodge County",3,21,236,125,111
050,27,039,"Minnesota","Dodge County",3,22,236,114,122
050,27,039,"Minnesota","Dodge County",3,23,236,116,120
050,27,039,"Minnesota","Dodge County",3,24,231,111,120
050,27,039,"Minnesota","Dodge County",3,25,235,100,135
050,27,039,"Minnesota","Dodge County",3,26,245,112,133
050,27,039,"Minnesota","Dodge County",3,27,252,130,122
050,27,039,"Minnesota","Dodge County",3,28,254,132,122
050,27,039,"Minnesota","Dodge County",3,29,246,127,119
050,27,039,"Minnesota","Dodge County",3,30,256,135,121
050,27,039,"Minnesota","Dodge County",3,31,259,139,120
050,27,039,"Minnesota","Dodge County",3,32,253,133,120
050,27,039,"Minnesota","Dodge County",3,33,259,127,132
050,27,039,"Minnesota","Dodge County",3,34,270,134,136
050,27,039,"Minnesota","Dodge County",3,35,265,132,133
050,27,039,"Minnesota","Dodge County",3,36,291,147,144
050,27,039,"Minnesota","Dodge County",3,37,300,149,151
050,27,039,"Minnesota","Dodge County",3,38,295,153,142
050,27,039,"Minnesota","Dodge County",3,39,281,138,143
050,27,039,"Minnesota","Dodge County",3,40,283,144,139
050,27,039,"Minnesota","Dodge County",3,41,302,156,146
050,27,039,"Minnesota","Dodge County",3,42,306,153,153
050,27,039,"Minnesota","Dodge County",3,43,281,146,135
050,27,039,"Minnesota","Dodge County",3,44,263,138,125
050,27,039,"Minnesota","Dodge County",3,45,265,141,124
050,27,039,"Minnesota","Dodge County",3,46,274,131,143
050,27,039,"Minnesota","Dodge County",3,47,269,141,128
050,27,039,"Minnesota","Dodge County",3,48,265,136,129
050,27,039,"Minnesota","Dodge County",3,49,273,148,125
050,27,039,"Minnesota","Dodge County",3,50,276,141,135
050,27,039,"Minnesota","Dodge County",3,51,267,145,122
050,27,039,"Minnesota","Dodge County",3,52,270,146,124
050,27,039,"Minnesota","Dodge County",3,53,247,123,124
050,27,039,"Minnesota","Dodge County",3,54,246,125,121
050,27,039,"Minnesota","Dodge County",3,55,253,131,122
050,27,039,"Minnesota","Dodge County",3,56,267,133,134
050,27,039,"Minnesota","Dodge County",3,57,279,145,134
050,27,039,"Minnesota","Dodge County",3,58,265,140,125
050,27,039,"Minnesota","Dodge County",3,59,280,134,146
050,27,039,"Minnesota","Dodge County",3,60,283,140,143
050,27,039,"Minnesota","Dodge County",3,61,281,148,133
050,27,039,"Minnesota","Dodge County",3,62,267,130,137
050,27,039,"Minnesota","Dodge County",3,63,266,131,135
050,27,039,"Minnesota","Dodge County",3,64,250,123,127
050,27,039,"Minnesota","Dodge County",3,65,233,122,111
050,27,039,"Minnesota","Dodge County",3,66,234,124,110
050,27,039,"Minnesota","Dodge County",3,67,231,116,115
050,27,039,"Minnesota","Dodge County",3,68,200,100,100
050,27,039,"Minnesota","Dodge County",3,69,193,107,86
050,27,039,"Minnesota","Dodge County",3,70,189,95,94
050,27,039,"Minnesota","Dodge County",3,71,182,93,89
050,27,039,"Minnesota","Dodge County",3,72,162,81,81
050,27,039,"Minnesota","Dodge County",3,73,156,70,86
050,27,039,"Minnesota","Dodge County",3,74,155,69,86
050,27,039,"Minnesota","Dodge County",3,75,106,46,60
050,27,039,"Minnesota","Dodge County",3,76,110,47,63
050,27,039,"Minnesota","Dodge County",3,77,108,51,57
050,27,039,"Minnesota","Dodge County",3,78,109,54,55
050,27,039,"Minnesota","Dodge County",3,79,96,45,51
050,27,039,"Minnesota","Dodge County",3,80,85,43,42
050,27,039,"Minnesota","Dodge County",3,81,84,35,49
050,27,039,"Minnesota","Dodge County",3,82,70,26,44
050,27,039,"Minnesota","Dodge County",3,83,69,34,35
050,27,039,"Minnesota","Dodge County",3,84,64,31,33
050,27,039,"Minnesota","Dodge County",3,85,389,153,236
050,27,039,"Minnesota","Dodge County",4,0,267,143,124
050,27,039,"Minnesota","Dodge County",4,1,247,140,107
050,27,039,"Minnesota","Dodge County",4,2,274,139,135
050,27,039,"Minnesota","Dodge County",4,3,260,123,137
050,27,039,"Minnesota","Dodge County",4,4,255,141,114
050,27,039,"Minnesota","Dodge County",4,5,246,140,106
050,27,039,"Minnesota","Dodge County",4,6,287,153,134
050,27,039,"Minnesota","Dodge County",4,7,295,144,151
050,27,039,"Minnesota","Dodge County",4,8,279,140,139
050,27,039,"Minnesota","Dodge County",4,9,270,141,129
050,27,039,"Minnesota","Dodge County",4,10,305,164,141
050,27,039,"Minnesota","Dodge County",4,11,315,158,157
050,27,039,"Minnesota","Dodge County",4,12,322,166,156
050,27,039,"Minnesota","Dodge County",4,13,328,159,169
050,27,039,"Minnesota","Dodge County",4,14,349,175,174
050,27,039,"Minnesota","Dodge County",4,15,339,168,171
050,27,039,"Minnesota","Dodge County",4,16,324,164,160
050,27,039,"Minnesota","Dodge County",4,17,313,163,150
050,27,039,"Minnesota","Dodge County",4,18,266,131,135
050,27,039,"Minnesota","Dodge County",4,19,208,108,100
050,27,039,"Minnesota","Dodge County",4,20,232,115,117
050,27,039,"Minnesota","Dodge County",4,21,218,108,110
050,27,039,"Minnesota","Dodge County",4,22,231,125,106
050,27,039,"Minnesota","Dodge County",4,23,228,111,117
050,27,039,"Minnesota","Dodge County",4,24,227,112,115
050,27,039,"Minnesota","Dodge County",4,25,230,111,119
050,27,039,"Minnesota","Dodge County",4,26,250,108,142
050,27,039,"Minnesota","Dodge County",4,27,266,133,133
050,27,039,"Minnesota","Dodge County",4,28,279,146,133
050,27,039,"Minnesota","Dodge County",4,29,265,141,124
050,27,039,"Minnesota","Dodge County",4,30,251,131,120
050,27,039,"Minnesota","Dodge County",4,31,249,128,121
050,27,039,"Minnesota","Dodge County",4,32,266,142,124
050,27,039,"Minnesota","Dodge County",4,33,260,136,124
050,27,039,"Minnesota","Dodge County",4,34,267,130,137
050,27,039,"Minnesota","Dodge County",4,35,268,132,136
050,27,039,"Minnesota","Dodge County",4,36,264,134,130
050,27,039,"Minnesota","Dodge County",4,37,303,143,160
050,27,039,"Minnesota","Dodge County",4,38,303,154,149
050,27,039,"Minnesota","Dodge County",4,39,289,156,133
050,27,039,"Minnesota","Dodge County",4,40,291,141,150
050,27,039,"Minnesota","Dodge County",4,41,287,145,142
050,27,039,"Minnesota","Dodge County",4,42,309,158,151
050,27,039,"Minnesota","Dodge County",4,43,309,153,156
050,27,039,"Minnesota","Dodge County",4,44,270,138,132
050,27,039,"Minnesota","Dodge County",4,45,264,142,122
050,27,039,"Minnesota","Dodge County",4,46,264,141,123
050,27,039,"Minnesota","Dodge County",4,47,279,139,140
050,27,039,"Minnesota","Dodge County",4,48,255,133,122
050,27,039,"Minnesota","Dodge County",4,49,256,130,126
050,27,039,"Minnesota","Dodge County",4,50,277,151,126
050,27,039,"Minnesota","Dodge County",4,51,272,138,134
050,27,039,"Minnesota","Dodge County",4,52,259,143,116
050,27,039,"Minnesota","Dodge County",4,53,267,147,120
050,27,039,"Minnesota","Dodge County",4,54,248,123,125
050,27,039,"Minnesota","Dodge County",4,55,249,129,120
050,27,039,"Minnesota","Dodge County",4,56,243,128,115
050,27,039,"Minnesota","Dodge County",4,57,264,131,133
050,27,039,"Minnesota","Dodge County",4,58,277,145,132
050,27,039,"Minnesota","Dodge County",4,59,260,136,124
050,27,039,"Minnesota","Dodge County",4,60,279,135,144
050,27,039,"Minnesota","Dodge County",4,61,284,140,144
050,27,039,"Minnesota","Dodge County",4,62,273,139,134
050,27,039,"Minnesota","Dodge County",4,63,269,131,138
050,27,039,"Minnesota","Dodge County",4,64,261,127,134
050,27,039,"Minnesota","Dodge County",4,65,243,122,121
050,27,039,"Minnesota","Dodge County",4,66,229,119,110
050,27,039,"Minnesota","Dodge County",4,67,233,120,113
050,27,039,"Minnesota","Dodge County",4,68,217,109,108
050,27,039,"Minnesota","Dodge County",4,69,192,97,95
050,27,039,"Minnesota","Dodge County",4,70,191,104,87
050,27,039,"Minnesota","Dodge County",4,71,181,89,92
050,27,039,"Minnesota","Dodge County",4,72,183,93,90
050,27,039,"Minnesota","Dodge County",4,73,155,80,75
050,27,039,"Minnesota","Dodge County",4,74,148,65,83
050,27,039,"Minnesota","Dodge County",4,75,153,69,84
050,27,039,"Minnesota","Dodge County",4,76,102,44,58
050,27,039,"Minnesota","Dodge County",4,77,109,45,64
050,27,039,"Minnesota","Dodge County",4,78,110,52,58
050,27,039,"Minnesota","Dodge County",4,79,106,57,49
050,27,039,"Minnesota","Dodge County",4,80,92,42,50
050,27,039,"Minnesota","Dodge County",4,81,83,41,42
050,27,039,"Minnesota","Dodge County",4,82,80,34,46
050,27,039,"Minnesota","Dodge County",4,83,70,26,44
050,27,039,"Minnesota","Dodge County",4,84,66,31,35
050,27,039,"Minnesota","Dodge County",4,85,388,168,220
050,27,039,"Minnesota","Dodge County",5,0,265,143,122
050,27,039,"Minnesota","Dodge County",5,1,278,153,125
050,27,039,"Minnesota","Dodge County",5,2,250,146,104
050,27,039,"Minnesota","Dodge County",5,3,266,133,133
050,27,039,"Minnesota","Dodge County",5,4,265,129,136
050,27,039,"Minnesota","Dodge County",5,5,256,136,120
050,27,039,"Minnesota","Dodge County",5,6,254,144,110
050,27,039,"Minnesota","Dodge County",5,7,292,153,139
050,27,039,"Minnesota","Dodge County",5,8,301,149,152
050,27,039,"Minnesota","Dodge County",5,9,276,137,139
050,27,039,"Minnesota","Dodge County",5,10,272,143,129
050,27,039,"Minnesota","Dodge County",5,11,318,172,146
050,27,039,"Minnesota","Dodge County",5,12,314,160,154
050,27,039,"Minnesota","Dodge County",5,13,324,174,150
050,27,039,"Minnesota","Dodge County",5,14,324,160,164
050,27,039,"Minnesota","Dodge County",5,15,353,173,180
050,27,039,"Minnesota","Dodge County",5,16,333,164,169
050,27,039,"Minnesota","Dodge County",5,17,324,169,155
050,27,039,"Minnesota","Dodge County",5,18,263,143,120
050,27,039,"Minnesota","Dodge County",5,19,204,103,101
050,27,039,"Minnesota","Dodge County",5,20,213,113,100
050,27,039,"Minnesota","Dodge County",5,21,223,114,109
050,27,039,"Minnesota","Dodge County",5,22,221,101,120
050,27,039,"Minnesota","Dodge County",5,23,235,131,104
050,27,039,"Minnesota","Dodge County",5,24,210,99,111
050,27,039,"Minnesota","Dodge County",5,25,232,112,120
050,27,039,"Minnesota","Dodge County",5,26,232,109,123
050,27,039,"Minnesota","Dodge County",5,27,271,120,151
050,27,039,"Minnesota","Dodge County",5,28,270,138,132
050,27,039,"Minnesota","Dodge County",5,29,284,153,131
050,27,039,"Minnesota","Dodge County",5,30,261,139,122
050,27,039,"Minnesota","Dodge County",5,31,262,137,125
050,27,039,"Minnesota","Dodge County",5,32,244,126,118
050,27,039,"Minnesota","Dodge County",5,33,269,138,131
050,27,039,"Minnesota","Dodge County",5,34,278,144,134
050,27,039,"Minnesota","Dodge County",5,35,277,135,142
050,27,039,"Minnesota","Dodge County",5,36,290,146,144
050,27,039,"Minnesota","Dodge County",5,37,271,138,133
050,27,039,"Minnesota","Dodge County",5,38,312,148,164
050,27,039,"Minnesota","Dodge County",5,39,298,150,148
050,27,039,"Minnesota","Dodge County",5,40,285,153,132
050,27,039,"Minnesota","Dodge County",5,41,296,142,154
050,27,039,"Minnesota","Dodge County",5,42,285,147,138
050,27,039,"Minnesota","Dodge County",5,43,315,164,151
050,27,039,"Minnesota","Dodge County",5,44,301,147,154
050,27,039,"Minnesota","Dodge County",5,45,273,144,129
050,27,039,"Minnesota","Dodge County",5,46,267,142,125
050,27,039,"Minnesota","Dodge County",5,47,265,143,122
050,27,039,"Minnesota","Dodge County",5,48,286,141,145
050,27,039,"Minnesota","Dodge County",5,49,253,134,119
050,27,039,"Minnesota","Dodge County",5,50,250,126,124
050,27,039,"Minnesota","Dodge County",5,51,268,152,116
050,27,039,"Minnesota","Dodge County",5,52,270,137,133
050,27,039,"Minnesota","Dodge County",5,53,258,143,115
050,27,039,"Minnesota","Dodge County",5,54,265,144,121
050,27,039,"Minnesota","Dodge County",5,55,246,124,122
050,27,039,"Minnesota","Dodge County",5,56,245,129,116
050,27,039,"Minnesota","Dodge County",5,57,240,125,115
050,27,039,"Minnesota","Dodge County",5,58,254,125,129
050,27,039,"Minnesota","Dodge County",5,59,265,135,130
050,27,039,"Minnesota","Dodge County",5,60,256,137,119
050,27,039,"Minnesota","Dodge County",5,61,276,133,143
050,27,039,"Minnesota","Dodge County",5,62,283,137,146
050,27,039,"Minnesota","Dodge County",5,63,271,138,133
050,27,039,"Minnesota","Dodge County",5,64,264,130,134
050,27,039,"Minnesota","Dodge County",5,65,264,129,135
050,27,039,"Minnesota","Dodge County",5,66,240,122,118
050,27,039,"Minnesota","Dodge County",5,67,228,116,112
050,27,039,"Minnesota","Dodge County",5,68,226,116,110
050,27,039,"Minnesota","Dodge County",5,69,215,107,108
050,27,039,"Minnesota","Dodge County",5,70,190,96,94
050,27,039,"Minnesota","Dodge County",5,71,182,97,85
050,27,039,"Minnesota","Dodge County",5,72,184,89,95
050,27,039,"Minnesota","Dodge County",5,73,177,92,85
050,27,039,"Minnesota","Dodge County",5,74,149,76,73
050,27,039,"Minnesota","Dodge County",5,75,147,64,83
050,27,039,"Minnesota","Dodge County",5,76,147,66,81
050,27,039,"Minnesota","Dodge County",5,77,96,42,54
050,27,039,"Minnesota","Dodge County",5,78,104,43,61
050,27,039,"Minnesota","Dodge County",5,79,106,49,57
050,27,039,"Minnesota","Dodge County",5,80,100,50,50
050,27,039,"Minnesota","Dodge County",5,81,88,42,46
050,27,039,"Minnesota","Dodge County",5,82,81,42,39
050,27,039,"Minnesota","Dodge County",5,83,78,34,44
050,27,039,"Minnesota","Dodge County",5,84,67,24,43
050,27,039,"Minnesota","Dodge County",5,85,397,183,214
050,27,041,"Minnesota","Douglas County",1,0,415,211,204
050,27,041,"Minnesota","Douglas County",1,1,440,221,219
050,27,041,"Minnesota","Douglas County",1,2,464,250,214
050,27,041,"Minnesota","Douglas County",1,3,455,238,217
050,27,041,"Minnesota","Douglas County",1,4,473,233,240
050,27,041,"Minnesota","Douglas County",1,5,456,241,215
050,27,041,"Minnesota","Douglas County",1,6,451,229,222
050,27,041,"Minnesota","Douglas County",1,7,446,216,230
050,27,041,"Minnesota","Douglas County",1,8,473,238,235
050,27,041,"Minnesota","Douglas County",1,9,476,239,237
050,27,041,"Minnesota","Douglas County",1,10,480,247,233
050,27,041,"Minnesota","Douglas County",1,11,475,250,225
050,27,041,"Minnesota","Douglas County",1,12,513,265,248
050,27,041,"Minnesota","Douglas County",1,13,504,255,249
050,27,041,"Minnesota","Douglas County",1,14,501,272,229
050,27,041,"Minnesota","Douglas County",1,15,513,259,254
050,27,041,"Minnesota","Douglas County",1,16,505,266,239
050,27,041,"Minnesota","Douglas County",1,17,465,242,223
050,27,041,"Minnesota","Douglas County",1,18,402,212,190
050,27,041,"Minnesota","Douglas County",1,19,358,180,178
050,27,041,"Minnesota","Douglas County",1,20,355,185,170
050,27,041,"Minnesota","Douglas County",1,21,394,211,183
050,27,041,"Minnesota","Douglas County",1,22,370,211,159
050,27,041,"Minnesota","Douglas County",1,23,378,204,174
050,27,041,"Minnesota","Douglas County",1,24,391,205,186
050,27,041,"Minnesota","Douglas County",1,25,412,203,209
050,27,041,"Minnesota","Douglas County",1,26,433,220,213
050,27,041,"Minnesota","Douglas County",1,27,414,213,201
050,27,041,"Minnesota","Douglas County",1,28,410,224,186
050,27,041,"Minnesota","Douglas County",1,29,435,244,191
050,27,041,"Minnesota","Douglas County",1,30,439,232,207
050,27,041,"Minnesota","Douglas County",1,31,419,211,208
050,27,041,"Minnesota","Douglas County",1,32,427,207,220
050,27,041,"Minnesota","Douglas County",1,33,451,235,216
050,27,041,"Minnesota","Douglas County",1,34,467,242,225
050,27,041,"Minnesota","Douglas County",1,35,485,247,238
050,27,041,"Minnesota","Douglas County",1,36,474,256,218
050,27,041,"Minnesota","Douglas County",1,37,486,255,231
050,27,041,"Minnesota","Douglas County",1,38,482,246,236
050,27,041,"Minnesota","Douglas County",1,39,489,257,232
050,27,041,"Minnesota","Douglas County",1,40,466,243,223
050,27,041,"Minnesota","Douglas County",1,41,442,235,207
050,27,041,"Minnesota","Douglas County",1,42,433,226,207
050,27,041,"Minnesota","Douglas County",1,43,407,209,198
050,27,041,"Minnesota","Douglas County",1,44,393,211,182
050,27,041,"Minnesota","Douglas County",1,45,378,199,179
050,27,041,"Minnesota","Douglas County",1,46,362,180,182
050,27,041,"Minnesota","Douglas County",1,47,387,196,191
050,27,041,"Minnesota","Douglas County",1,48,421,206,215
050,27,041,"Minnesota","Douglas County",1,49,449,226,223
050,27,041,"Minnesota","Douglas County",1,50,437,226,211
050,27,041,"Minnesota","Douglas County",1,51,436,218,218
050,27,041,"Minnesota","Douglas County",1,52,444,219,225
050,27,041,"Minnesota","Douglas County",1,53,432,224,208
050,27,041,"Minnesota","Douglas County",1,54,454,227,227
050,27,041,"Minnesota","Douglas County",1,55,496,250,246
050,27,041,"Minnesota","Douglas County",1,56,532,275,257
050,27,041,"Minnesota","Douglas County",1,57,558,277,281
050,27,041,"Minnesota","Douglas County",1,58,567,288,279
050,27,041,"Minnesota","Douglas County",1,59,585,294,291
050,27,041,"Minnesota","Douglas County",1,60,591,302,289
050,27,041,"Minnesota","Douglas County",1,61,607,298,309
050,27,041,"Minnesota","Douglas County",1,62,628,304,324
050,27,041,"Minnesota","Douglas County",1,63,610,280,330
050,27,041,"Minnesota","Douglas County",1,64,591,286,305
050,27,041,"Minnesota","Douglas County",1,65,588,282,306
050,27,041,"Minnesota","Douglas County",1,66,572,280,292
050,27,041,"Minnesota","Douglas County",1,67,561,293,268
050,27,041,"Minnesota","Douglas County",1,68,543,301,242
050,27,041,"Minnesota","Douglas County",1,69,495,255,240
050,27,041,"Minnesota","Douglas County",1,70,498,259,239
050,27,041,"Minnesota","Douglas County",1,71,478,244,234
050,27,041,"Minnesota","Douglas County",1,72,472,219,253
050,27,041,"Minnesota","Douglas County",1,73,428,197,231
050,27,041,"Minnesota","Douglas County",1,74,343,164,179
050,27,041,"Minnesota","Douglas County",1,75,371,174,197
050,27,041,"Minnesota","Douglas County",1,76,360,178,182
050,27,041,"Minnesota","Douglas County",1,77,350,172,178
050,27,041,"Minnesota","Douglas County",1,78,307,143,164
050,27,041,"Minnesota","Douglas County",1,79,316,148,168
050,27,041,"Minnesota","Douglas County",1,80,237,112,125
050,27,041,"Minnesota","Douglas County",1,81,246,117,129
050,27,041,"Minnesota","Douglas County",1,82,235,112,123
050,27,041,"Minnesota","Douglas County",1,83,217,105,112
050,27,041,"Minnesota","Douglas County",1,84,184,78,106
050,27,041,"Minnesota","Douglas County",1,85,1213,448,765
050,27,041,"Minnesota","Douglas County",2,0,422,216,206
050,27,041,"Minnesota","Douglas County",2,1,435,220,215
050,27,041,"Minnesota","Douglas County",2,2,460,243,217
050,27,041,"Minnesota","Douglas County",2,3,459,241,218
050,27,041,"Minnesota","Douglas County",2,4,471,237,234
050,27,041,"Minnesota","Douglas County",2,5,460,239,221
050,27,041,"Minnesota","Douglas County",2,6,450,229,221
050,27,041,"Minnesota","Douglas County",2,7,452,220,232
050,27,041,"Minnesota","Douglas County",2,8,467,233,234
050,27,041,"Minnesota","Douglas County",2,9,473,239,234
050,27,041,"Minnesota","Douglas County",2,10,480,246,234
050,27,041,"Minnesota","Douglas County",2,11,475,250,225
050,27,041,"Minnesota","Douglas County",2,12,509,265,244
050,27,041,"Minnesota","Douglas County",2,13,506,258,248
050,27,041,"Minnesota","Douglas County",2,14,503,267,236
050,27,041,"Minnesota","Douglas County",2,15,508,262,246
050,27,041,"Minnesota","Douglas County",2,16,510,266,244
050,27,041,"Minnesota","Douglas County",2,17,476,249,227
050,27,041,"Minnesota","Douglas County",2,18,405,214,191
050,27,041,"Minnesota","Douglas County",2,19,357,180,177
050,27,041,"Minnesota","Douglas County",2,20,365,188,177
050,27,041,"Minnesota","Douglas County",2,21,388,208,180
050,27,041,"Minnesota","Douglas County",2,22,377,212,165
050,27,041,"Minnesota","Douglas County",2,23,381,209,172
050,27,041,"Minnesota","Douglas County",2,24,388,204,184
050,27,041,"Minnesota","Douglas County",2,25,411,205,206
050,27,041,"Minnesota","Douglas County",2,26,430,216,214
050,27,041,"Minnesota","Douglas County",2,27,417,215,202
050,27,041,"Minnesota","Douglas County",2,28,408,221,187
050,27,041,"Minnesota","Douglas County",2,29,428,237,191
050,27,041,"Minnesota","Douglas County",2,30,443,239,204
050,27,041,"Minnesota","Douglas County",2,31,427,217,210
050,27,041,"Minnesota","Douglas County",2,32,429,208,221
050,27,041,"Minnesota","Douglas County",2,33,447,230,217
050,27,041,"Minnesota","Douglas County",2,34,463,241,222
050,27,041,"Minnesota","Douglas County",2,35,487,251,236
050,27,041,"Minnesota","Douglas County",2,36,475,254,221
050,27,041,"Minnesota","Douglas County",2,37,483,254,229
050,27,041,"Minnesota","Douglas County",2,38,484,247,237
050,27,041,"Minnesota","Douglas County",2,39,488,254,234
050,27,041,"Minnesota","Douglas County",2,40,476,249,227
050,27,041,"Minnesota","Douglas County",2,41,446,237,209
050,27,041,"Minnesota","Douglas County",2,42,431,225,206
050,27,041,"Minnesota","Douglas County",2,43,418,215,203
050,27,041,"Minnesota","Douglas County",2,44,392,209,183
050,27,041,"Minnesota","Douglas County",2,45,383,201,182
050,27,041,"Minnesota","Douglas County",2,46,364,185,179
050,27,041,"Minnesota","Douglas County",2,47,382,192,190
050,27,041,"Minnesota","Douglas County",2,48,413,204,209
050,27,041,"Minnesota","Douglas County",2,49,447,223,224
050,27,041,"Minnesota","Douglas County",2,50,442,227,215
050,27,041,"Minnesota","Douglas County",2,51,440,221,219
050,27,041,"Minnesota","Douglas County",2,52,441,218,223
050,27,041,"Minnesota","Douglas County",2,53,435,221,214
050,27,041,"Minnesota","Douglas County",2,54,449,227,222
050,27,041,"Minnesota","Douglas County",2,55,485,244,241
050,27,041,"Minnesota","Douglas County",2,56,527,268,259
050,27,041,"Minnesota","Douglas County",2,57,552,276,276
050,27,041,"Minnesota","Douglas County",2,58,567,285,282
050,27,041,"Minnesota","Douglas County",2,59,584,295,289
050,27,041,"Minnesota","Douglas County",2,60,591,301,290
050,27,041,"Minnesota","Douglas County",2,61,607,301,306
050,27,041,"Minnesota","Douglas County",2,62,623,302,321
050,27,041,"Minnesota","Douglas County",2,63,624,291,333
050,27,041,"Minnesota","Douglas County",2,64,593,281,312
050,27,041,"Minnesota","Douglas County",2,65,587,283,304
050,27,041,"Minnesota","Douglas County",2,66,578,283,295
050,27,041,"Minnesota","Douglas County",2,67,561,290,271
050,27,041,"Minnesota","Douglas County",2,68,543,298,245
050,27,041,"Minnesota","Douglas County",2,69,509,267,242
050,27,041,"Minnesota","Douglas County",2,70,497,259,238
050,27,041,"Minnesota","Douglas County",2,71,485,248,237
050,27,041,"Minnesota","Douglas County",2,72,468,222,246
050,27,041,"Minnesota","Douglas County",2,73,463,213,250
050,27,041,"Minnesota","Douglas County",2,74,341,161,180
050,27,041,"Minnesota","Douglas County",2,75,362,169,193
050,27,041,"Minnesota","Douglas County",2,76,352,172,180
050,27,041,"Minnesota","Douglas County",2,77,361,177,184
050,27,041,"Minnesota","Douglas County",2,78,309,148,161
050,27,041,"Minnesota","Douglas County",2,79,309,143,166
050,27,041,"Minnesota","Douglas County",2,80,251,119,132
050,27,041,"Minnesota","Douglas County",2,81,243,115,128
050,27,041,"Minnesota","Douglas County",2,82,234,112,122
050,27,041,"Minnesota","Douglas County",2,83,217,106,111
050,27,041,"Minnesota","Douglas County",2,84,191,84,107
050,27,041,"Minnesota","Douglas County",2,85,1217,451,766
050,27,041,"Minnesota","Douglas County",3,0,398,207,191
050,27,041,"Minnesota","Douglas County",3,1,428,223,205
050,27,041,"Minnesota","Douglas County",3,2,460,217,243
050,27,041,"Minnesota","Douglas County",3,3,466,245,221
050,27,041,"Minnesota","Douglas County",3,4,457,244,213
050,27,041,"Minnesota","Douglas County",3,5,477,244,233
050,27,041,"Minnesota","Douglas County",3,6,460,234,226
050,27,041,"Minnesota","Douglas County",3,7,455,230,225
050,27,041,"Minnesota","Douglas County",3,8,456,226,230
050,27,041,"Minnesota","Douglas County",3,9,467,233,234
050,27,041,"Minnesota","Douglas County",3,10,464,236,228
050,27,041,"Minnesota","Douglas County",3,11,468,240,228
050,27,041,"Minnesota","Douglas County",3,12,477,254,223
050,27,041,"Minnesota","Douglas County",3,13,511,263,248
050,27,041,"Minnesota","Douglas County",3,14,496,250,246
050,27,041,"Minnesota","Douglas County",3,15,497,266,231
050,27,041,"Minnesota","Douglas County",3,16,505,261,244
050,27,041,"Minnesota","Douglas County",3,17,516,266,250
050,27,041,"Minnesota","Douglas County",3,18,427,233,194
050,27,041,"Minnesota","Douglas County",3,19,365,188,177
050,27,041,"Minnesota","Douglas County",3,20,376,185,191
050,27,041,"Minnesota","Douglas County",3,21,378,195,183
050,27,041,"Minnesota","Douglas County",3,22,393,212,181
050,27,041,"Minnesota","Douglas County",3,23,402,221,181
050,27,041,"Minnesota","Douglas County",3,24,388,209,179
050,27,041,"Minnesota","Douglas County",3,25,385,201,184
050,27,041,"Minnesota","Douglas County",3,26,416,220,196
050,27,041,"Minnesota","Douglas County",3,27,417,211,206
050,27,041,"Minnesota","Douglas County",3,28,413,212,201
050,27,041,"Minnesota","Douglas County",3,29,422,221,201
050,27,041,"Minnesota","Douglas County",3,30,418,223,195
050,27,041,"Minnesota","Douglas County",3,31,433,230,203
050,27,041,"Minnesota","Douglas County",3,32,433,221,212
050,27,041,"Minnesota","Douglas County",3,33,437,223,214
050,27,041,"Minnesota","Douglas County",3,34,455,234,221
050,27,041,"Minnesota","Douglas County",3,35,477,243,234
050,27,041,"Minnesota","Douglas County",3,36,478,250,228
050,27,041,"Minnesota","Douglas County",3,37,475,255,220
050,27,041,"Minnesota","Douglas County",3,38,495,261,234
050,27,041,"Minnesota","Douglas County",3,39,510,264,246
050,27,041,"Minnesota","Douglas County",3,40,489,258,231
050,27,041,"Minnesota","Douglas County",3,41,474,247,227
050,27,041,"Minnesota","Douglas County",3,42,436,230,206
050,27,041,"Minnesota","Douglas County",3,43,443,228,215
050,27,041,"Minnesota","Douglas County",3,44,413,215,198
050,27,041,"Minnesota","Douglas County",3,45,396,207,189
050,27,041,"Minnesota","Douglas County",3,46,390,202,188
050,27,041,"Minnesota","Douglas County",3,47,373,189,184
050,27,041,"Minnesota","Douglas County",3,48,369,185,184
050,27,041,"Minnesota","Douglas County",3,49,422,204,218
050,27,041,"Minnesota","Douglas County",3,50,450,227,223
050,27,041,"Minnesota","Douglas County",3,51,449,228,221
050,27,041,"Minnesota","Douglas County",3,52,433,225,208
050,27,041,"Minnesota","Douglas County",3,53,427,207,220
050,27,041,"Minnesota","Douglas County",3,54,448,225,223
050,27,041,"Minnesota","Douglas County",3,55,450,232,218
050,27,041,"Minnesota","Douglas County",3,56,485,245,240
050,27,041,"Minnesota","Douglas County",3,57,535,270,265
050,27,041,"Minnesota","Douglas County",3,58,572,284,288
050,27,041,"Minnesota","Douglas County",3,59,601,298,303
050,27,041,"Minnesota","Douglas County",3,60,602,305,297
050,27,041,"Minnesota","Douglas County",3,61,605,303,302
050,27,041,"Minnesota","Douglas County",3,62,622,312,310
050,27,041,"Minnesota","Douglas County",3,63,643,306,337
050,27,041,"Minnesota","Douglas County",3,64,618,286,332
050,27,041,"Minnesota","Douglas County",3,65,604,291,313
050,27,041,"Minnesota","Douglas County",3,66,572,277,295
050,27,041,"Minnesota","Douglas County",3,67,579,288,291
050,27,041,"Minnesota","Douglas County",3,68,568,287,281
050,27,041,"Minnesota","Douglas County",3,69,530,283,247
050,27,041,"Minnesota","Douglas County",3,70,508,265,243
050,27,041,"Minnesota","Douglas County",3,71,494,260,234
050,27,041,"Minnesota","Douglas County",3,72,478,239,239
050,27,041,"Minnesota","Douglas County",3,73,455,221,234
050,27,041,"Minnesota","Douglas County",3,74,454,212,242
050,27,041,"Minnesota","Douglas County",3,75,337,154,183
050,27,041,"Minnesota","Douglas County",3,76,339,160,179
050,27,041,"Minnesota","Douglas County",3,77,345,164,181
050,27,041,"Minnesota","Douglas County",3,78,347,173,174
050,27,041,"Minnesota","Douglas County",3,79,311,147,164
050,27,041,"Minnesota","Douglas County",3,80,280,132,148
050,27,041,"Minnesota","Douglas County",3,81,245,116,129
050,27,041,"Minnesota","Douglas County",3,82,222,101,121
050,27,041,"Minnesota","Douglas County",3,83,222,104,118
050,27,041,"Minnesota","Douglas County",3,84,205,96,109
050,27,041,"Minnesota","Douglas County",3,85,1207,451,756
050,27,041,"Minnesota","Douglas County",4,0,399,193,206
050,27,041,"Minnesota","Douglas County",4,1,423,209,214
050,27,041,"Minnesota","Douglas County",4,2,432,223,209
050,27,041,"Minnesota","Douglas County",4,3,473,223,250
050,27,041,"Minnesota","Douglas County",4,4,469,257,212
050,27,041,"Minnesota","Douglas County",4,5,468,249,219
050,27,041,"Minnesota","Douglas County",4,6,501,258,243
050,27,041,"Minnesota","Douglas County",4,7,463,239,224
050,27,041,"Minnesota","Douglas County",4,8,462,235,227
050,27,041,"Minnesota","Douglas County",4,9,457,224,233
050,27,041,"Minnesota","Douglas County",4,10,470,237,233
050,27,041,"Minnesota","Douglas County",4,11,475,244,231
050,27,041,"Minnesota","Douglas County",4,12,493,252,241
050,27,041,"Minnesota","Douglas County",4,13,483,255,228
050,27,041,"Minnesota","Douglas County",4,14,521,264,257
050,27,041,"Minnesota","Douglas County",4,15,506,254,252
050,27,041,"Minnesota","Douglas County",4,16,501,268,233
050,27,041,"Minnesota","Douglas County",4,17,517,264,253
050,27,041,"Minnesota","Douglas County",4,18,445,239,206
050,27,041,"Minnesota","Douglas County",4,19,371,204,167
050,27,041,"Minnesota","Douglas County",4,20,386,193,193
050,27,041,"Minnesota","Douglas County",4,21,377,193,184
050,27,041,"Minnesota","Douglas County",4,22,397,212,185
050,27,041,"Minnesota","Douglas County",4,23,415,228,187
050,27,041,"Minnesota","Douglas County",4,24,400,217,183
050,27,041,"Minnesota","Douglas County",4,25,361,201,160
050,27,041,"Minnesota","Douglas County",4,26,384,196,188
050,27,041,"Minnesota","Douglas County",4,27,410,214,196
050,27,041,"Minnesota","Douglas County",4,28,414,200,214
050,27,041,"Minnesota","Douglas County",4,29,427,219,208
050,27,041,"Minnesota","Douglas County",4,30,415,216,199
050,27,041,"Minnesota","Douglas County",4,31,430,235,195
050,27,041,"Minnesota","Douglas County",4,32,440,224,216
050,27,041,"Minnesota","Douglas County",4,33,438,217,221
050,27,041,"Minnesota","Douglas County",4,34,445,221,224
050,27,041,"Minnesota","Douglas County",4,35,475,245,230
050,27,041,"Minnesota","Douglas County",4,36,470,241,229
050,27,041,"Minnesota","Douglas County",4,37,500,258,242
050,27,041,"Minnesota","Douglas County",4,38,471,250,221
050,27,041,"Minnesota","Douglas County",4,39,508,269,239
050,27,041,"Minnesota","Douglas County",4,40,506,265,241
050,27,041,"Minnesota","Douglas County",4,41,505,265,240
050,27,041,"Minnesota","Douglas County",4,42,472,249,223
050,27,041,"Minnesota","Douglas County",4,43,457,235,222
050,27,041,"Minnesota","Douglas County",4,44,447,233,214
050,27,041,"Minnesota","Douglas County",4,45,409,208,201
050,27,041,"Minnesota","Douglas County",4,46,399,210,189
050,27,041,"Minnesota","Douglas County",4,47,391,207,184
050,27,041,"Minnesota","Douglas County",4,48,357,180,177
050,27,041,"Minnesota","Douglas County",4,49,371,181,190
050,27,041,"Minnesota","Douglas County",4,50,420,199,221
050,27,041,"Minnesota","Douglas County",4,51,464,235,229
050,27,041,"Minnesota","Douglas County",4,52,451,234,217
050,27,041,"Minnesota","Douglas County",4,53,449,227,222
050,27,041,"Minnesota","Douglas County",4,54,440,212,228
050,27,041,"Minnesota","Douglas County",4,55,453,228,225
050,27,041,"Minnesota","Douglas County",4,56,459,233,226
050,27,041,"Minnesota","Douglas County",4,57,489,251,238
050,27,041,"Minnesota","Douglas County",4,58,545,271,274
050,27,041,"Minnesota","Douglas County",4,59,573,280,293
050,27,041,"Minnesota","Douglas County",4,60,599,296,303
050,27,041,"Minnesota","Douglas County",4,61,598,307,291
050,27,041,"Minnesota","Douglas County",4,62,624,316,308
050,27,041,"Minnesota","Douglas County",4,63,627,312,315
050,27,041,"Minnesota","Douglas County",4,64,655,313,342
050,27,041,"Minnesota","Douglas County",4,65,623,291,332
050,27,041,"Minnesota","Douglas County",4,66,603,284,319
050,27,041,"Minnesota","Douglas County",4,67,570,280,290
050,27,041,"Minnesota","Douglas County",4,68,587,295,292
050,27,041,"Minnesota","Douglas County",4,69,555,274,281
050,27,041,"Minnesota","Douglas County",4,70,531,281,250
050,27,041,"Minnesota","Douglas County",4,71,502,264,238
050,27,041,"Minnesota","Douglas County",4,72,500,262,238
050,27,041,"Minnesota","Douglas County",4,73,472,241,231
050,27,041,"Minnesota","Douglas County",4,74,459,225,234
050,27,041,"Minnesota","Douglas County",4,75,445,202,243
050,27,041,"Minnesota","Douglas County",4,76,316,146,170
050,27,041,"Minnesota","Douglas County",4,77,329,153,176
050,27,041,"Minnesota","Douglas County",4,78,335,159,176
050,27,041,"Minnesota","Douglas County",4,79,348,171,177
050,27,041,"Minnesota","Douglas County",4,80,278,136,142
050,27,041,"Minnesota","Douglas County",4,81,275,130,145
050,27,041,"Minnesota","Douglas County",4,82,227,107,120
050,27,041,"Minnesota","Douglas County",4,83,223,103,120
050,27,041,"Minnesota","Douglas County",4,84,206,96,110
050,27,041,"Minnesota","Douglas County",4,85,1248,486,762
050,27,041,"Minnesota","Douglas County",5,0,398,194,204
050,27,041,"Minnesota","Douglas County",5,1,412,202,210
050,27,041,"Minnesota","Douglas County",5,2,418,209,209
050,27,041,"Minnesota","Douglas County",5,3,449,234,215
050,27,041,"Minnesota","Douglas County",5,4,488,243,245
050,27,041,"Minnesota","Douglas County",5,5,486,264,222
050,27,041,"Minnesota","Douglas County",5,6,473,256,217
050,27,041,"Minnesota","Douglas County",5,7,510,260,250
050,27,041,"Minnesota","Douglas County",5,8,475,245,230
050,27,041,"Minnesota","Douglas County",5,9,460,229,231
050,27,041,"Minnesota","Douglas County",5,10,456,227,229
050,27,041,"Minnesota","Douglas County",5,11,459,235,224
050,27,041,"Minnesota","Douglas County",5,12,472,242,230
050,27,041,"Minnesota","Douglas County",5,13,497,256,241
050,27,041,"Minnesota","Douglas County",5,14,487,257,230
050,27,041,"Minnesota","Douglas County",5,15,527,272,255
050,27,041,"Minnesota","Douglas County",5,16,506,255,251
050,27,041,"Minnesota","Douglas County",5,17,493,272,221
050,27,041,"Minnesota","Douglas County",5,18,445,232,213
050,27,041,"Minnesota","Douglas County",5,19,376,201,175
050,27,041,"Minnesota","Douglas County",5,20,389,209,180
050,27,041,"Minnesota","Douglas County",5,21,403,203,200
050,27,041,"Minnesota","Douglas County",5,22,406,210,196
050,27,041,"Minnesota","Douglas County",5,23,422,232,190
050,27,041,"Minnesota","Douglas County",5,24,403,213,190
050,27,041,"Minnesota","Douglas County",5,25,380,216,164
050,27,041,"Minnesota","Douglas County",5,26,370,194,176
050,27,041,"Minnesota","Douglas County",5,27,378,195,183
050,27,041,"Minnesota","Douglas County",5,28,393,204,189
050,27,041,"Minnesota","Douglas County",5,29,414,203,211
050,27,041,"Minnesota","Douglas County",5,30,441,226,215
050,27,041,"Minnesota","Douglas County",5,31,422,227,195
050,27,041,"Minnesota","Douglas County",5,32,424,228,196
050,27,041,"Minnesota","Douglas County",5,33,464,236,228
050,27,041,"Minnesota","Douglas County",5,34,446,221,225
050,27,041,"Minnesota","Douglas County",5,35,462,229,233
050,27,041,"Minnesota","Douglas County",5,36,489,253,236
050,27,041,"Minnesota","Douglas County",5,37,479,254,225
050,27,041,"Minnesota","Douglas County",5,38,504,262,242
050,27,041,"Minnesota","Douglas County",5,39,474,249,225
050,27,041,"Minnesota","Douglas County",5,40,503,265,238
050,27,041,"Minnesota","Douglas County",5,41,516,269,247
050,27,041,"Minnesota","Douglas County",5,42,508,264,244
050,27,041,"Minnesota","Douglas County",5,43,472,249,223
050,27,041,"Minnesota","Douglas County",5,44,472,245,227
050,27,041,"Minnesota","Douglas County",5,45,441,224,217
050,27,041,"Minnesota","Douglas County",5,46,422,214,208
050,27,041,"Minnesota","Douglas County",5,47,405,209,196
050,27,041,"Minnesota","Douglas County",5,48,389,209,180
050,27,041,"Minnesota","Douglas County",5,49,359,177,182
050,27,041,"Minnesota","Douglas County",5,50,368,185,183
050,27,041,"Minnesota","Douglas County",5,51,416,201,215
050,27,041,"Minnesota","Douglas County",5,52,453,233,220
050,27,041,"Minnesota","Douglas County",5,53,452,233,219
050,27,041,"Minnesota","Douglas County",5,54,464,234,230
050,27,041,"Minnesota","Douglas County",5,55,435,206,229
050,27,041,"Minnesota","Douglas County",5,56,457,230,227
050,27,041,"Minnesota","Douglas County",5,57,465,237,228
050,27,041,"Minnesota","Douglas County",5,58,515,262,253
050,27,041,"Minnesota","Douglas County",5,59,558,278,280
050,27,041,"Minnesota","Douglas County",5,60,581,287,294
050,27,041,"Minnesota","Douglas County",5,61,588,288,300
050,27,041,"Minnesota","Douglas County",5,62,613,312,301
050,27,041,"Minnesota","Douglas County",5,63,635,319,316
050,27,041,"Minnesota","Douglas County",5,64,634,310,324
050,27,041,"Minnesota","Douglas County",5,65,660,320,340
050,27,041,"Minnesota","Douglas County",5,66,637,290,347
050,27,041,"Minnesota","Douglas County",5,67,596,276,320
050,27,041,"Minnesota","Douglas County",5,68,574,285,289
050,27,041,"Minnesota","Douglas County",5,69,558,278,280
050,27,041,"Minnesota","Douglas County",5,70,558,273,285
050,27,041,"Minnesota","Douglas County",5,71,527,279,248
050,27,041,"Minnesota","Douglas County",5,72,505,265,240
050,27,041,"Minnesota","Douglas County",5,73,482,261,221
050,27,041,"Minnesota","Douglas County",5,74,457,234,223
050,27,041,"Minnesota","Douglas County",5,75,463,225,238
050,27,041,"Minnesota","Douglas County",5,76,434,199,235
050,27,041,"Minnesota","Douglas County",5,77,307,138,169
050,27,041,"Minnesota","Douglas County",5,78,319,152,167
050,27,041,"Minnesota","Douglas County",5,79,337,153,184
050,27,041,"Minnesota","Douglas County",5,80,314,155,159
050,27,041,"Minnesota","Douglas County",5,81,270,132,138
050,27,041,"Minnesota","Douglas County",5,82,261,123,138
050,27,041,"Minnesota","Douglas County",5,83,221,105,116
050,27,041,"Minnesota","Douglas County",5,84,212,97,115
050,27,041,"Minnesota","Douglas County",5,85,1290,506,784
050,27,043,"Minnesota","Faribault County",1,0,147,74,73
050,27,043,"Minnesota","Faribault County",1,1,154,84,70
050,27,043,"Minnesota","Faribault County",1,2,145,77,68
050,27,043,"Minnesota","Faribault County",1,3,182,95,87
050,27,043,"Minnesota","Faribault County",1,4,175,98,77
050,27,043,"Minnesota","Faribault County",1,5,162,85,77
050,27,043,"Minnesota","Faribault County",1,6,161,82,79
050,27,043,"Minnesota","Faribault County",1,7,163,82,81
050,27,043,"Minnesota","Faribault County",1,8,172,82,90
050,27,043,"Minnesota","Faribault County",1,9,170,88,82
050,27,043,"Minnesota","Faribault County",1,10,168,94,74
050,27,043,"Minnesota","Faribault County",1,11,174,93,81
050,27,043,"Minnesota","Faribault County",1,12,198,99,99
050,27,043,"Minnesota","Faribault County",1,13,190,100,90
050,27,043,"Minnesota","Faribault County",1,14,188,99,89
050,27,043,"Minnesota","Faribault County",1,15,180,94,86
050,27,043,"Minnesota","Faribault County",1,16,178,87,91
050,27,043,"Minnesota","Faribault County",1,17,174,83,91
050,27,043,"Minnesota","Faribault County",1,18,142,81,61
050,27,043,"Minnesota","Faribault County",1,19,123,65,58
050,27,043,"Minnesota","Faribault County",1,20,120,60,60
050,27,043,"Minnesota","Faribault County",1,21,137,76,61
050,27,043,"Minnesota","Faribault County",1,22,146,82,64
050,27,043,"Minnesota","Faribault County",1,23,142,73,69
050,27,043,"Minnesota","Faribault County",1,24,123,63,60
050,27,043,"Minnesota","Faribault County",1,25,123,62,61
050,27,043,"Minnesota","Faribault County",1,26,133,67,66
050,27,043,"Minnesota","Faribault County",1,27,136,77,59
050,27,043,"Minnesota","Faribault County",1,28,141,76,65
050,27,043,"Minnesota","Faribault County",1,29,125,67,58
050,27,043,"Minnesota","Faribault County",1,30,145,73,72
050,27,043,"Minnesota","Faribault County",1,31,135,74,61
050,27,043,"Minnesota","Faribault County",1,32,138,69,69
050,27,043,"Minnesota","Faribault County",1,33,140,79,61
050,27,043,"Minnesota","Faribault County",1,34,144,69,75
050,27,043,"Minnesota","Faribault County",1,35,156,77,79
050,27,043,"Minnesota","Faribault County",1,36,167,85,82
050,27,043,"Minnesota","Faribault County",1,37,171,92,79
050,27,043,"Minnesota","Faribault County",1,38,169,81,88
050,27,043,"Minnesota","Faribault County",1,39,165,81,84
050,27,043,"Minnesota","Faribault County",1,40,161,82,79
050,27,043,"Minnesota","Faribault County",1,41,183,88,95
050,27,043,"Minnesota","Faribault County",1,42,181,92,89
050,27,043,"Minnesota","Faribault County",1,43,165,94,71
050,27,043,"Minnesota","Faribault County",1,44,144,83,61
050,27,043,"Minnesota","Faribault County",1,45,130,69,61
050,27,043,"Minnesota","Faribault County",1,46,129,69,60
050,27,043,"Minnesota","Faribault County",1,47,135,73,62
050,27,043,"Minnesota","Faribault County",1,48,141,71,70
050,27,043,"Minnesota","Faribault County",1,49,150,80,70
050,27,043,"Minnesota","Faribault County",1,50,143,79,64
050,27,043,"Minnesota","Faribault County",1,51,160,77,83
050,27,043,"Minnesota","Faribault County",1,52,156,82,74
050,27,043,"Minnesota","Faribault County",1,53,174,90,84
050,27,043,"Minnesota","Faribault County",1,54,193,98,95
050,27,043,"Minnesota","Faribault County",1,55,190,92,98
050,27,043,"Minnesota","Faribault County",1,56,185,97,88
050,27,043,"Minnesota","Faribault County",1,57,208,108,100
050,27,043,"Minnesota","Faribault County",1,58,218,106,112
050,27,043,"Minnesota","Faribault County",1,59,203,109,94
050,27,043,"Minnesota","Faribault County",1,60,213,113,100
050,27,043,"Minnesota","Faribault County",1,61,239,116,123
050,27,043,"Minnesota","Faribault County",1,62,243,115,128
050,27,043,"Minnesota","Faribault County",1,63,248,124,124
050,27,043,"Minnesota","Faribault County",1,64,226,122,104
050,27,043,"Minnesota","Faribault County",1,65,229,132,97
050,27,043,"Minnesota","Faribault County",1,66,212,118,94
050,27,043,"Minnesota","Faribault County",1,67,196,96,100
050,27,043,"Minnesota","Faribault County",1,68,202,98,104
050,27,043,"Minnesota","Faribault County",1,69,174,88,86
050,27,043,"Minnesota","Faribault County",1,70,154,77,77
050,27,043,"Minnesota","Faribault County",1,71,143,75,68
050,27,043,"Minnesota","Faribault County",1,72,169,89,80
050,27,043,"Minnesota","Faribault County",1,73,177,90,87
050,27,043,"Minnesota","Faribault County",1,74,123,57,66
050,27,043,"Minnesota","Faribault County",1,75,131,67,64
050,27,043,"Minnesota","Faribault County",1,76,128,58,70
050,27,043,"Minnesota","Faribault County",1,77,112,54,58
050,27,043,"Minnesota","Faribault County",1,78,104,49,55
050,27,043,"Minnesota","Faribault County",1,79,88,38,50
050,27,043,"Minnesota","Faribault County",1,80,89,30,59
050,27,043,"Minnesota","Faribault County",1,81,86,39,47
050,27,043,"Minnesota","Faribault County",1,82,75,33,42
050,27,043,"Minnesota","Faribault County",1,83,77,34,43
050,27,043,"Minnesota","Faribault County",1,84,84,32,52
050,27,043,"Minnesota","Faribault County",1,85,446,150,296
050,27,043,"Minnesota","Faribault County",2,0,143,79,64
050,27,043,"Minnesota","Faribault County",2,1,151,81,70
050,27,043,"Minnesota","Faribault County",2,2,151,81,70
050,27,043,"Minnesota","Faribault County",2,3,173,90,83
050,27,043,"Minnesota","Faribault County",2,4,177,98,79
050,27,043,"Minnesota","Faribault County",2,5,167,90,77
050,27,043,"Minnesota","Faribault County",2,6,164,84,80
050,27,043,"Minnesota","Faribault County",2,7,165,83,82
050,27,043,"Minnesota","Faribault County",2,8,169,81,88
050,27,043,"Minnesota","Faribault County",2,9,170,85,85
050,27,043,"Minnesota","Faribault County",2,10,169,93,76
050,27,043,"Minnesota","Faribault County",2,11,174,93,81
050,27,043,"Minnesota","Faribault County",2,12,194,99,95
050,27,043,"Minnesota","Faribault County",2,13,192,100,92
050,27,043,"Minnesota","Faribault County",2,14,186,97,89
050,27,043,"Minnesota","Faribault County",2,15,181,95,86
050,27,043,"Minnesota","Faribault County",2,16,176,87,89
050,27,043,"Minnesota","Faribault County",2,17,175,84,91
050,27,043,"Minnesota","Faribault County",2,18,144,78,66
050,27,043,"Minnesota","Faribault County",2,19,118,63,55
050,27,043,"Minnesota","Faribault County",2,20,124,63,61
050,27,043,"Minnesota","Faribault County",2,21,133,72,61
050,27,043,"Minnesota","Faribault County",2,22,144,81,63
050,27,043,"Minnesota","Faribault County",2,23,140,74,66
050,27,043,"Minnesota","Faribault County",2,24,126,65,61
050,27,043,"Minnesota","Faribault County",2,25,122,62,60
050,27,043,"Minnesota","Faribault County",2,26,131,68,63
050,27,043,"Minnesota","Faribault County",2,27,138,75,63
050,27,043,"Minnesota","Faribault County",2,28,139,76,63
050,27,043,"Minnesota","Faribault County",2,29,130,69,61
050,27,043,"Minnesota","Faribault County",2,30,144,74,70
050,27,043,"Minnesota","Faribault County",2,31,137,73,64
050,27,043,"Minnesota","Faribault County",2,32,137,70,67
050,27,043,"Minnesota","Faribault County",2,33,140,76,64
050,27,043,"Minnesota","Faribault County",2,34,143,72,71
050,27,043,"Minnesota","Faribault County",2,35,153,74,79
050,27,043,"Minnesota","Faribault County",2,36,165,83,82
050,27,043,"Minnesota","Faribault County",2,37,170,90,80
050,27,043,"Minnesota","Faribault County",2,38,172,85,87
050,27,043,"Minnesota","Faribault County",2,39,168,82,86
050,27,043,"Minnesota","Faribault County",2,40,163,82,81
050,27,043,"Minnesota","Faribault County",2,41,175,85,90
050,27,043,"Minnesota","Faribault County",2,42,179,90,89
050,27,043,"Minnesota","Faribault County",2,43,168,93,75
050,27,043,"Minnesota","Faribault County",2,44,146,84,62
050,27,043,"Minnesota","Faribault County",2,45,133,72,61
050,27,043,"Minnesota","Faribault County",2,46,126,67,59
050,27,043,"Minnesota","Faribault County",2,47,133,72,61
050,27,043,"Minnesota","Faribault County",2,48,140,72,68
050,27,043,"Minnesota","Faribault County",2,49,149,79,70
050,27,043,"Minnesota","Faribault County",2,50,145,79,66
050,27,043,"Minnesota","Faribault County",2,51,152,75,77
050,27,043,"Minnesota","Faribault County",2,52,153,78,75
050,27,043,"Minnesota","Faribault County",2,53,171,89,82
050,27,043,"Minnesota","Faribault County",2,54,189,97,92
050,27,043,"Minnesota","Faribault County",2,55,192,94,98
050,27,043,"Minnesota","Faribault County",2,56,186,95,91
050,27,043,"Minnesota","Faribault County",2,57,202,105,97
050,27,043,"Minnesota","Faribault County",2,58,215,106,109
050,27,043,"Minnesota","Faribault County",2,59,207,108,99
050,27,043,"Minnesota","Faribault County",2,60,210,112,98
050,27,043,"Minnesota","Faribault County",2,61,231,115,116
050,27,043,"Minnesota","Faribault County",2,62,240,113,127
050,27,043,"Minnesota","Faribault County",2,63,248,122,126
050,27,043,"Minnesota","Faribault County",2,64,230,122,108
050,27,043,"Minnesota","Faribault County",2,65,229,130,99
050,27,043,"Minnesota","Faribault County",2,66,215,121,94
050,27,043,"Minnesota","Faribault County",2,67,198,100,98
050,27,043,"Minnesota","Faribault County",2,68,199,96,103
050,27,043,"Minnesota","Faribault County",2,69,184,92,92
050,27,043,"Minnesota","Faribault County",2,70,157,79,78
050,27,043,"Minnesota","Faribault County",2,71,145,76,69
050,27,043,"Minnesota","Faribault County",2,72,160,84,76
050,27,043,"Minnesota","Faribault County",2,73,186,95,91
050,27,043,"Minnesota","Faribault County",2,74,126,61,65
050,27,043,"Minnesota","Faribault County",2,75,130,65,65
050,27,043,"Minnesota","Faribault County",2,76,128,60,68
050,27,043,"Minnesota","Faribault County",2,77,118,57,61
050,27,043,"Minnesota","Faribault County",2,78,103,49,54
050,27,043,"Minnesota","Faribault County",2,79,88,40,48
050,27,043,"Minnesota","Faribault County",2,80,88,32,56
050,27,043,"Minnesota","Faribault County",2,81,85,35,50
050,27,043,"Minnesota","Faribault County",2,82,77,34,43
050,27,043,"Minnesota","Faribault County",2,83,76,34,42
050,27,043,"Minnesota","Faribault County",2,84,81,32,49
050,27,043,"Minnesota","Faribault County",2,85,447,147,300
050,27,043,"Minnesota","Faribault County",3,0,112,50,62
050,27,043,"Minnesota","Faribault County",3,1,142,77,65
050,27,043,"Minnesota","Faribault County",3,2,158,85,73
050,27,043,"Minnesota","Faribault County",3,3,152,83,69
050,27,043,"Minnesota","Faribault County",3,4,170,87,83
050,27,043,"Minnesota","Faribault County",3,5,183,100,83
050,27,043,"Minnesota","Faribault County",3,6,175,92,83
050,27,043,"Minnesota","Faribault County",3,7,169,86,83
050,27,043,"Minnesota","Faribault County",3,8,172,84,88
050,27,043,"Minnesota","Faribault County",3,9,176,86,90
050,27,043,"Minnesota","Faribault County",3,10,166,82,84
050,27,043,"Minnesota","Faribault County",3,11,173,97,76
050,27,043,"Minnesota","Faribault County",3,12,177,94,83
050,27,043,"Minnesota","Faribault County",3,13,195,104,91
050,27,043,"Minnesota","Faribault County",3,14,195,97,98
050,27,043,"Minnesota","Faribault County",3,15,182,93,89
050,27,043,"Minnesota","Faribault County",3,16,178,93,85
050,27,043,"Minnesota","Faribault County",3,17,185,91,94
050,27,043,"Minnesota","Faribault County",3,18,151,76,75
050,27,043,"Minnesota","Faribault County",3,19,115,60,55
050,27,043,"Minnesota","Faribault County",3,20,127,66,61
050,27,043,"Minnesota","Faribault County",3,21,137,66,71
050,27,043,"Minnesota","Faribault County",3,22,146,77,69
050,27,043,"Minnesota","Faribault County",3,23,147,79,68
050,27,043,"Minnesota","Faribault County",3,24,137,68,69
050,27,043,"Minnesota","Faribault County",3,25,134,67,67
050,27,043,"Minnesota","Faribault County",3,26,116,56,60
050,27,043,"Minnesota","Faribault County",3,27,147,72,75
050,27,043,"Minnesota","Faribault County",3,28,136,71,65
050,27,043,"Minnesota","Faribault County",3,29,147,83,64
050,27,043,"Minnesota","Faribault County",3,30,130,70,60
050,27,043,"Minnesota","Faribault County",3,31,142,71,71
050,27,043,"Minnesota","Faribault County",3,32,139,76,63
050,27,043,"Minnesota","Faribault County",3,33,139,72,67
050,27,043,"Minnesota","Faribault County",3,34,144,76,68
050,27,043,"Minnesota","Faribault County",3,35,148,76,72
050,27,043,"Minnesota","Faribault County",3,36,163,83,80
050,27,043,"Minnesota","Faribault County",3,37,169,88,81
050,27,043,"Minnesota","Faribault County",3,38,168,92,76
050,27,043,"Minnesota","Faribault County",3,39,174,88,86
050,27,043,"Minnesota","Faribault County",3,40,170,84,86
050,27,043,"Minnesota","Faribault County",3,41,164,83,81
050,27,043,"Minnesota","Faribault County",3,42,182,88,94
050,27,043,"Minnesota","Faribault County",3,43,176,92,84
050,27,043,"Minnesota","Faribault County",3,44,174,95,79
050,27,043,"Minnesota","Faribault County",3,45,148,84,64
050,27,043,"Minnesota","Faribault County",3,46,136,74,62
050,27,043,"Minnesota","Faribault County",3,47,126,65,61
050,27,043,"Minnesota","Faribault County",3,48,132,71,61
050,27,043,"Minnesota","Faribault County",3,49,138,70,68
050,27,043,"Minnesota","Faribault County",3,50,152,81,71
050,27,043,"Minnesota","Faribault County",3,51,138,74,64
050,27,043,"Minnesota","Faribault County",3,52,157,75,82
050,27,043,"Minnesota","Faribault County",3,53,146,67,79
050,27,043,"Minnesota","Faribault County",3,54,179,96,83
050,27,043,"Minnesota","Faribault County",3,55,190,101,89
050,27,043,"Minnesota","Faribault County",3,56,190,93,97
050,27,043,"Minnesota","Faribault County",3,57,187,95,92
050,27,043,"Minnesota","Faribault County",3,58,200,103,97
050,27,043,"Minnesota","Faribault County",3,59,216,106,110
050,27,043,"Minnesota","Faribault County",3,60,206,106,100
050,27,043,"Minnesota","Faribault County",3,61,209,113,96
050,27,043,"Minnesota","Faribault County",3,62,225,113,112
050,27,043,"Minnesota","Faribault County",3,63,239,111,128
050,27,043,"Minnesota","Faribault County",3,64,240,117,123
050,27,043,"Minnesota","Faribault County",3,65,230,123,107
050,27,043,"Minnesota","Faribault County",3,66,223,127,96
050,27,043,"Minnesota","Faribault County",3,67,214,123,91
050,27,043,"Minnesota","Faribault County",3,68,192,95,97
050,27,043,"Minnesota","Faribault County",3,69,198,96,102
050,27,043,"Minnesota","Faribault County",3,70,179,89,90
050,27,043,"Minnesota","Faribault County",3,71,154,78,76
050,27,043,"Minnesota","Faribault County",3,72,139,73,66
050,27,043,"Minnesota","Faribault County",3,73,158,82,76
050,27,043,"Minnesota","Faribault County",3,74,174,88,86
050,27,043,"Minnesota","Faribault County",3,75,124,63,61
050,27,043,"Minnesota","Faribault County",3,76,120,62,58
050,27,043,"Minnesota","Faribault County",3,77,123,58,65
050,27,043,"Minnesota","Faribault County",3,78,112,53,59
050,27,043,"Minnesota","Faribault County",3,79,96,47,49
050,27,043,"Minnesota","Faribault County",3,80,88,39,49
050,27,043,"Minnesota","Faribault County",3,81,81,30,51
050,27,043,"Minnesota","Faribault County",3,82,79,32,47
050,27,043,"Minnesota","Faribault County",3,83,68,32,36
050,27,043,"Minnesota","Faribault County",3,84,70,30,40
050,27,043,"Minnesota","Faribault County",3,85,448,150,298
050,27,043,"Minnesota","Faribault County",4,0,125,60,65
050,27,043,"Minnesota","Faribault County",4,1,113,48,65
050,27,043,"Minnesota","Faribault County",4,2,150,84,66
050,27,043,"Minnesota","Faribault County",4,3,169,88,81
050,27,043,"Minnesota","Faribault County",4,4,154,86,68
050,27,043,"Minnesota","Faribault County",4,5,177,91,86
050,27,043,"Minnesota","Faribault County",4,6,186,103,83
050,27,043,"Minnesota","Faribault County",4,7,188,100,88
050,27,043,"Minnesota","Faribault County",4,8,170,85,85
050,27,043,"Minnesota","Faribault County",4,9,178,90,88
050,27,043,"Minnesota","Faribault County",4,10,181,87,94
050,27,043,"Minnesota","Faribault County",4,11,175,87,88
050,27,043,"Minnesota","Faribault County",4,12,176,96,80
050,27,043,"Minnesota","Faribault County",4,13,185,98,87
050,27,043,"Minnesota","Faribault County",4,14,191,99,92
050,27,043,"Minnesota","Faribault County",4,15,198,102,96
050,27,043,"Minnesota","Faribault County",4,16,193,96,97
050,27,043,"Minnesota","Faribault County",4,17,182,96,86
050,27,043,"Minnesota","Faribault County",4,18,151,74,77
050,27,043,"Minnesota","Faribault County",4,19,121,62,59
050,27,043,"Minnesota","Faribault County",4,20,115,63,52
050,27,043,"Minnesota","Faribault County",4,21,130,63,67
050,27,043,"Minnesota","Faribault County",4,22,155,78,77
050,27,043,"Minnesota","Faribault County",4,23,150,79,71
050,27,043,"Minnesota","Faribault County",4,24,146,82,64
050,27,043,"Minnesota","Faribault County",4,25,129,69,60
050,27,043,"Minnesota","Faribault County",4,26,142,68,74
050,27,043,"Minnesota","Faribault County",4,27,124,59,65
050,27,043,"Minnesota","Faribault County",4,28,146,72,74
050,27,043,"Minnesota","Faribault County",4,29,133,67,66
050,27,043,"Minnesota","Faribault County",4,30,153,87,66
050,27,043,"Minnesota","Faribault County",4,31,137,72,65
050,27,043,"Minnesota","Faribault County",4,32,147,75,72
050,27,043,"Minnesota","Faribault County",4,33,140,73,67
050,27,043,"Minnesota","Faribault County",4,34,158,82,76
050,27,043,"Minnesota","Faribault County",4,35,149,79,70
050,27,043,"Minnesota","Faribault County",4,36,157,82,75
050,27,043,"Minnesota","Faribault County",4,37,160,80,80
050,27,043,"Minnesota","Faribault County",4,38,173,89,84
050,27,043,"Minnesota","Faribault County",4,39,171,94,77
050,27,043,"Minnesota","Faribault County",4,40,183,100,83
050,27,043,"Minnesota","Faribault County",4,41,171,86,85
050,27,043,"Minnesota","Faribault County",4,42,163,81,82
050,27,043,"Minnesota","Faribault County",4,43,185,86,99
050,27,043,"Minnesota","Faribault County",4,44,174,92,82
050,27,043,"Minnesota","Faribault County",4,45,174,92,82
050,27,043,"Minnesota","Faribault County",4,46,146,84,62
050,27,043,"Minnesota","Faribault County",4,47,137,76,61
050,27,043,"Minnesota","Faribault County",4,48,126,63,63
050,27,043,"Minnesota","Faribault County",4,49,135,75,60
050,27,043,"Minnesota","Faribault County",4,50,136,70,66
050,27,043,"Minnesota","Faribault County",4,51,149,80,69
050,27,043,"Minnesota","Faribault County",4,52,132,72,60
050,27,043,"Minnesota","Faribault County",4,53,161,79,82
050,27,043,"Minnesota","Faribault County",4,54,143,68,75
050,27,043,"Minnesota","Faribault County",4,55,175,93,82
050,27,043,"Minnesota","Faribault County",4,56,191,101,90
050,27,043,"Minnesota","Faribault County",4,57,189,92,97
050,27,043,"Minnesota","Faribault County",4,58,188,94,94
050,27,043,"Minnesota","Faribault County",4,59,193,98,95
050,27,043,"Minnesota","Faribault County",4,60,217,108,109
050,27,043,"Minnesota","Faribault County",4,61,204,105,99
050,27,043,"Minnesota","Faribault County",4,62,212,112,100
050,27,043,"Minnesota","Faribault County",4,63,219,110,109
050,27,043,"Minnesota","Faribault County",4,64,229,106,123
050,27,043,"Minnesota","Faribault County",4,65,231,112,119
050,27,043,"Minnesota","Faribault County",4,66,229,124,105
050,27,043,"Minnesota","Faribault County",4,67,224,127,97
050,27,043,"Minnesota","Faribault County",4,68,213,122,91
050,27,043,"Minnesota","Faribault County",4,69,187,94,93
050,27,043,"Minnesota","Faribault County",4,70,188,93,95
050,27,043,"Minnesota","Faribault County",4,71,181,91,90
050,27,043,"Minnesota","Faribault County",4,72,143,71,72
050,27,043,"Minnesota","Faribault County",4,73,129,67,62
050,27,043,"Minnesota","Faribault County",4,74,153,79,74
050,27,043,"Minnesota","Faribault County",4,75,164,81,83
050,27,043,"Minnesota","Faribault County",4,76,115,58,57
050,27,043,"Minnesota","Faribault County",4,77,111,57,54
050,27,043,"Minnesota","Faribault County",4,78,120,55,65
050,27,043,"Minnesota","Faribault County",4,79,103,47,56
050,27,043,"Minnesota","Faribault County",4,80,97,48,49
050,27,043,"Minnesota","Faribault County",4,81,82,35,47
050,27,043,"Minnesota","Faribault County",4,82,79,28,51
050,27,043,"Minnesota","Faribault County",4,83,67,29,38
050,27,043,"Minnesota","Faribault County",4,84,62,27,35
050,27,043,"Minnesota","Faribault County",4,85,442,142,300
050,27,043,"Minnesota","Faribault County",5,0,127,60,67
050,27,043,"Minnesota","Faribault County",5,1,122,56,66
050,27,043,"Minnesota","Faribault County",5,2,117,54,63
050,27,043,"Minnesota","Faribault County",5,3,140,77,63
050,27,043,"Minnesota","Faribault County",5,4,167,97,70
050,27,043,"Minnesota","Faribault County",5,5,161,88,73
050,27,043,"Minnesota","Faribault County",5,6,177,98,79
050,27,043,"Minnesota","Faribault County",5,7,185,107,78
050,27,043,"Minnesota","Faribault County",5,8,179,91,88
050,27,043,"Minnesota","Faribault County",5,9,170,84,86
050,27,043,"Minnesota","Faribault County",5,10,181,95,86
050,27,043,"Minnesota","Faribault County",5,11,183,88,95
050,27,043,"Minnesota","Faribault County",5,12,171,83,88
050,27,043,"Minnesota","Faribault County",5,13,170,94,76
050,27,043,"Minnesota","Faribault County",5,14,177,95,82
050,27,043,"Minnesota","Faribault County",5,15,194,101,93
050,27,043,"Minnesota","Faribault County",5,16,198,99,99
050,27,043,"Minnesota","Faribault County",5,17,197,95,102
050,27,043,"Minnesota","Faribault County",5,18,153,81,72
050,27,043,"Minnesota","Faribault County",5,19,124,62,62
050,27,043,"Minnesota","Faribault County",5,20,127,63,64
050,27,043,"Minnesota","Faribault County",5,21,125,64,61
050,27,043,"Minnesota","Faribault County",5,22,141,66,75
050,27,043,"Minnesota","Faribault County",5,23,160,79,81
050,27,043,"Minnesota","Faribault County",5,24,147,79,68
050,27,043,"Minnesota","Faribault County",5,25,148,77,71
050,27,043,"Minnesota","Faribault County",5,26,134,69,65
050,27,043,"Minnesota","Faribault County",5,27,136,69,67
050,27,043,"Minnesota","Faribault County",5,28,130,63,67
050,27,043,"Minnesota","Faribault County",5,29,151,68,83
050,27,043,"Minnesota","Faribault County",5,30,135,69,66
050,27,043,"Minnesota","Faribault County",5,31,156,89,67
050,27,043,"Minnesota","Faribault County",5,32,137,73,64
050,27,043,"Minnesota","Faribault County",5,33,151,77,74
050,27,043,"Minnesota","Faribault County",5,34,146,74,72
050,27,043,"Minnesota","Faribault County",5,35,156,80,76
050,27,043,"Minnesota","Faribault County",5,36,160,86,74
050,27,043,"Minnesota","Faribault County",5,37,161,83,78
050,27,043,"Minnesota","Faribault County",5,38,168,81,87
050,27,043,"Minnesota","Faribault County",5,39,168,89,79
050,27,043,"Minnesota","Faribault County",5,40,173,96,77
050,27,043,"Minnesota","Faribault County",5,41,179,101,78
050,27,043,"Minnesota","Faribault County",5,42,175,87,88
050,27,043,"Minnesota","Faribault County",5,43,165,81,84
050,27,043,"Minnesota","Faribault County",5,44,185,86,99
050,27,043,"Minnesota","Faribault County",5,45,168,87,81
050,27,043,"Minnesota","Faribault County",5,46,171,91,80
050,27,043,"Minnesota","Faribault County",5,47,146,84,62
050,27,043,"Minnesota","Faribault County",5,48,145,82,63
050,27,043,"Minnesota","Faribault County",5,49,127,62,65
050,27,043,"Minnesota","Faribault County",5,50,136,75,61
050,27,043,"Minnesota","Faribault County",5,51,135,67,68
050,27,043,"Minnesota","Faribault County",5,52,156,84,72
050,27,043,"Minnesota","Faribault County",5,53,134,74,60
050,27,043,"Minnesota","Faribault County",5,54,162,79,83
050,27,043,"Minnesota","Faribault County",5,55,148,70,78
050,27,043,"Minnesota","Faribault County",5,56,173,93,80
050,27,043,"Minnesota","Faribault County",5,57,191,101,90
050,27,043,"Minnesota","Faribault County",5,58,192,95,97
050,27,043,"Minnesota","Faribault County",5,59,177,87,90
050,27,043,"Minnesota","Faribault County",5,60,190,95,95
050,27,043,"Minnesota","Faribault County",5,61,218,109,109
050,27,043,"Minnesota","Faribault County",5,62,197,101,96
050,27,043,"Minnesota","Faribault County",5,63,206,109,97
050,27,043,"Minnesota","Faribault County",5,64,214,105,109
050,27,043,"Minnesota","Faribault County",5,65,224,106,118
050,27,043,"Minnesota","Faribault County",5,66,228,110,118
050,27,043,"Minnesota","Faribault County",5,67,230,126,104
050,27,043,"Minnesota","Faribault County",5,68,221,122,99
050,27,043,"Minnesota","Faribault County",5,69,214,123,91
050,27,043,"Minnesota","Faribault County",5,70,174,88,86
050,27,043,"Minnesota","Faribault County",5,71,182,91,91
050,27,043,"Minnesota","Faribault County",5,72,173,85,88
050,27,043,"Minnesota","Faribault County",5,73,141,69,72
050,27,043,"Minnesota","Faribault County",5,74,127,67,60
050,27,043,"Minnesota","Faribault County",5,75,146,76,70
050,27,043,"Minnesota","Faribault County",5,76,148,69,79
050,27,043,"Minnesota","Faribault County",5,77,108,55,53
050,27,043,"Minnesota","Faribault County",5,78,114,58,56
050,27,043,"Minnesota","Faribault County",5,79,113,52,61
050,27,043,"Minnesota","Faribault County",5,80,106,49,57
050,27,043,"Minnesota","Faribault County",5,81,88,42,46
050,27,043,"Minnesota","Faribault County",5,82,79,34,45
050,27,043,"Minnesota","Faribault County",5,83,71,27,44
050,27,043,"Minnesota","Faribault County",5,84,61,26,35
050,27,043,"Minnesota","Faribault County",5,85,432,140,292
050,27,045,"Minnesota","Fillmore County",1,0,249,126,123
050,27,045,"Minnesota","Fillmore County",1,1,254,123,131
050,27,045,"Minnesota","Fillmore County",1,2,262,133,129
050,27,045,"Minnesota","Fillmore County",1,3,282,151,131
050,27,045,"Minnesota","Fillmore County",1,4,268,146,122
050,27,045,"Minnesota","Fillmore County",1,5,286,152,134
050,27,045,"Minnesota","Fillmore County",1,6,294,163,131
050,27,045,"Minnesota","Fillmore County",1,7,286,156,130
050,27,045,"Minnesota","Fillmore County",1,8,304,163,141
050,27,045,"Minnesota","Fillmore County",1,9,290,148,142
050,27,045,"Minnesota","Fillmore County",1,10,314,172,142
050,27,045,"Minnesota","Fillmore County",1,11,317,169,148
050,27,045,"Minnesota","Fillmore County",1,12,350,170,180
050,27,045,"Minnesota","Fillmore County",1,13,336,169,167
050,27,045,"Minnesota","Fillmore County",1,14,311,158,153
050,27,045,"Minnesota","Fillmore County",1,15,310,160,150
050,27,045,"Minnesota","Fillmore County",1,16,289,153,136
050,27,045,"Minnesota","Fillmore County",1,17,284,146,138
050,27,045,"Minnesota","Fillmore County",1,18,237,126,111
050,27,045,"Minnesota","Fillmore County",1,19,174,89,85
050,27,045,"Minnesota","Fillmore County",1,20,202,104,98
050,27,045,"Minnesota","Fillmore County",1,21,195,103,92
050,27,045,"Minnesota","Fillmore County",1,22,190,95,95
050,27,045,"Minnesota","Fillmore County",1,23,191,101,90
050,27,045,"Minnesota","Fillmore County",1,24,188,96,92
050,27,045,"Minnesota","Fillmore County",1,25,190,94,96
050,27,045,"Minnesota","Fillmore County",1,26,204,102,102
050,27,045,"Minnesota","Fillmore County",1,27,220,105,115
050,27,045,"Minnesota","Fillmore County",1,28,207,101,106
050,27,045,"Minnesota","Fillmore County",1,29,211,103,108
050,27,045,"Minnesota","Fillmore County",1,30,198,102,96
050,27,045,"Minnesota","Fillmore County",1,31,199,103,96
050,27,045,"Minnesota","Fillmore County",1,32,212,118,94
050,27,045,"Minnesota","Fillmore County",1,33,222,110,112
050,27,045,"Minnesota","Fillmore County",1,34,237,116,121
050,27,045,"Minnesota","Fillmore County",1,35,247,118,129
050,27,045,"Minnesota","Fillmore County",1,36,239,116,123
050,27,045,"Minnesota","Fillmore County",1,37,269,135,134
050,27,045,"Minnesota","Fillmore County",1,38,282,149,133
050,27,045,"Minnesota","Fillmore County",1,39,270,139,131
050,27,045,"Minnesota","Fillmore County",1,40,284,145,139
050,27,045,"Minnesota","Fillmore County",1,41,262,147,115
050,27,045,"Minnesota","Fillmore County",1,42,229,124,105
050,27,045,"Minnesota","Fillmore County",1,43,238,110,128
050,27,045,"Minnesota","Fillmore County",1,44,233,116,117
050,27,045,"Minnesota","Fillmore County",1,45,221,110,111
050,27,045,"Minnesota","Fillmore County",1,46,200,113,87
050,27,045,"Minnesota","Fillmore County",1,47,198,109,89
050,27,045,"Minnesota","Fillmore County",1,48,257,137,120
050,27,045,"Minnesota","Fillmore County",1,49,251,131,120
050,27,045,"Minnesota","Fillmore County",1,50,242,130,112
050,27,045,"Minnesota","Fillmore County",1,51,210,117,93
050,27,045,"Minnesota","Fillmore County",1,52,222,124,98
050,27,045,"Minnesota","Fillmore County",1,53,261,140,121
050,27,045,"Minnesota","Fillmore County",1,54,257,138,119
050,27,045,"Minnesota","Fillmore County",1,55,285,146,139
050,27,045,"Minnesota","Fillmore County",1,56,304,147,157
050,27,045,"Minnesota","Fillmore County",1,57,287,142,145
050,27,045,"Minnesota","Fillmore County",1,58,320,150,170
050,27,045,"Minnesota","Fillmore County",1,59,305,152,153
050,27,045,"Minnesota","Fillmore County",1,60,322,159,163
050,27,045,"Minnesota","Fillmore County",1,61,317,165,152
050,27,045,"Minnesota","Fillmore County",1,62,314,158,156
050,27,045,"Minnesota","Fillmore County",1,63,317,161,156
050,27,045,"Minnesota","Fillmore County",1,64,329,167,162
050,27,045,"Minnesota","Fillmore County",1,65,301,154,147
050,27,045,"Minnesota","Fillmore County",1,66,291,148,143
050,27,045,"Minnesota","Fillmore County",1,67,284,135,149
050,27,045,"Minnesota","Fillmore County",1,68,261,131,130
050,27,045,"Minnesota","Fillmore County",1,69,257,138,119
050,27,045,"Minnesota","Fillmore County",1,70,220,123,97
050,27,045,"Minnesota","Fillmore County",1,71,222,113,109
050,27,045,"Minnesota","Fillmore County",1,72,224,109,115
050,27,045,"Minnesota","Fillmore County",1,73,213,102,111
050,27,045,"Minnesota","Fillmore County",1,74,163,78,85
050,27,045,"Minnesota","Fillmore County",1,75,173,81,92
050,27,045,"Minnesota","Fillmore County",1,76,180,86,94
050,27,045,"Minnesota","Fillmore County",1,77,172,90,82
050,27,045,"Minnesota","Fillmore County",1,78,135,68,67
050,27,045,"Minnesota","Fillmore County",1,79,143,66,77
050,27,045,"Minnesota","Fillmore County",1,80,128,52,76
050,27,045,"Minnesota","Fillmore County",1,81,107,43,64
050,27,045,"Minnesota","Fillmore County",1,82,103,48,55
050,27,045,"Minnesota","Fillmore County",1,83,93,41,52
050,27,045,"Minnesota","Fillmore County",1,84,89,42,47
050,27,045,"Minnesota","Fillmore County",1,85,743,238,505
050,27,045,"Minnesota","Fillmore County",2,0,246,133,113
050,27,045,"Minnesota","Fillmore County",2,1,250,122,128
050,27,045,"Minnesota","Fillmore County",2,2,262,131,131
050,27,045,"Minnesota","Fillmore County",2,3,276,145,131
050,27,045,"Minnesota","Fillmore County",2,4,274,149,125
050,27,045,"Minnesota","Fillmore County",2,5,285,152,133
050,27,045,"Minnesota","Fillmore County",2,6,294,161,133
050,27,045,"Minnesota","Fillmore County",2,7,288,158,130
050,27,045,"Minnesota","Fillmore County",2,8,301,162,139
050,27,045,"Minnesota","Fillmore County",2,9,292,150,142
050,27,045,"Minnesota","Fillmore County",2,10,306,166,140
050,27,045,"Minnesota","Fillmore County",2,11,315,170,145
050,27,045,"Minnesota","Fillmore County",2,12,346,172,174
050,27,045,"Minnesota","Fillmore County",2,13,340,169,171
050,27,045,"Minnesota","Fillmore County",2,14,319,161,158
050,27,045,"Minnesota","Fillmore County",2,15,310,160,150
050,27,045,"Minnesota","Fillmore County",2,16,294,155,139
050,27,045,"Minnesota","Fillmore County",2,17,287,148,139
050,27,045,"Minnesota","Fillmore County",2,18,236,125,111
050,27,045,"Minnesota","Fillmore County",2,19,177,92,85
050,27,045,"Minnesota","Fillmore County",2,20,205,104,101
050,27,045,"Minnesota","Fillmore County",2,21,194,101,93
050,27,045,"Minnesota","Fillmore County",2,22,194,98,96
050,27,045,"Minnesota","Fillmore County",2,23,191,99,92
050,27,045,"Minnesota","Fillmore County",2,24,192,100,92
050,27,045,"Minnesota","Fillmore County",2,25,190,95,95
050,27,045,"Minnesota","Fillmore County",2,26,202,101,101
050,27,045,"Minnesota","Fillmore County",2,27,215,104,111
050,27,045,"Minnesota","Fillmore County",2,28,211,103,108
050,27,045,"Minnesota","Fillmore County",2,29,210,103,107
050,27,045,"Minnesota","Fillmore County",2,30,204,102,102
050,27,045,"Minnesota","Fillmore County",2,31,201,104,97
050,27,045,"Minnesota","Fillmore County",2,32,210,115,95
050,27,045,"Minnesota","Fillmore County",2,33,219,112,107
050,27,045,"Minnesota","Fillmore County",2,34,232,115,117
050,27,045,"Minnesota","Fillmore County",2,35,244,118,126
050,27,045,"Minnesota","Fillmore County",2,36,239,114,125
050,27,045,"Minnesota","Fillmore County",2,37,264,131,133
050,27,045,"Minnesota","Fillmore County",2,38,281,146,135
050,27,045,"Minnesota","Fillmore County",2,39,273,141,132
050,27,045,"Minnesota","Fillmore County",2,40,285,146,139
050,27,045,"Minnesota","Fillmore County",2,41,268,146,122
050,27,045,"Minnesota","Fillmore County",2,42,235,128,107
050,27,045,"Minnesota","Fillmore County",2,43,237,112,125
050,27,045,"Minnesota","Fillmore County",2,44,232,114,118
050,27,045,"Minnesota","Fillmore County",2,45,225,113,112
050,27,045,"Minnesota","Fillmore County",2,46,204,112,92
050,27,045,"Minnesota","Fillmore County",2,47,199,111,88
050,27,045,"Minnesota","Fillmore County",2,48,245,131,114
050,27,045,"Minnesota","Fillmore County",2,49,253,133,120
050,27,045,"Minnesota","Fillmore County",2,50,243,130,113
050,27,045,"Minnesota","Fillmore County",2,51,217,120,97
050,27,045,"Minnesota","Fillmore County",2,52,218,121,97
050,27,045,"Minnesota","Fillmore County",2,53,251,135,116
050,27,045,"Minnesota","Fillmore County",2,54,257,138,119
050,27,045,"Minnesota","Fillmore County",2,55,278,144,134
050,27,045,"Minnesota","Fillmore County",2,56,299,146,153
050,27,045,"Minnesota","Fillmore County",2,57,293,143,150
050,27,045,"Minnesota","Fillmore County",2,58,312,147,165
050,27,045,"Minnesota","Fillmore County",2,59,313,154,159
050,27,045,"Minnesota","Fillmore County",2,60,317,158,159
050,27,045,"Minnesota","Fillmore County",2,61,316,163,153
050,27,045,"Minnesota","Fillmore County",2,62,313,158,155
050,27,045,"Minnesota","Fillmore County",2,63,319,162,157
050,27,045,"Minnesota","Fillmore County",2,64,324,164,160
050,27,045,"Minnesota","Fillmore County",2,65,307,156,151
050,27,045,"Minnesota","Fillmore County",2,66,296,151,145
050,27,045,"Minnesota","Fillmore County",2,67,283,137,146
050,27,045,"Minnesota","Fillmore County",2,68,263,130,133
050,27,045,"Minnesota","Fillmore County",2,69,258,136,122
050,27,045,"Minnesota","Fillmore County",2,70,228,126,102
050,27,045,"Minnesota","Fillmore County",2,71,221,115,106
050,27,045,"Minnesota","Fillmore County",2,72,217,106,111
050,27,045,"Minnesota","Fillmore County",2,73,222,106,116
050,27,045,"Minnesota","Fillmore County",2,74,165,79,86
050,27,045,"Minnesota","Fillmore County",2,75,170,79,91
050,27,045,"Minnesota","Fillmore County",2,76,178,85,93
050,27,045,"Minnesota","Fillmore County",2,77,180,92,88
050,27,045,"Minnesota","Fillmore County",2,78,139,70,69
050,27,045,"Minnesota","Fillmore County",2,79,140,65,75
050,27,045,"Minnesota","Fillmore County",2,80,132,55,77
050,27,045,"Minnesota","Fillmore County",2,81,106,45,61
050,27,045,"Minnesota","Fillmore County",2,82,101,46,55
050,27,045,"Minnesota","Fillmore County",2,83,93,39,54
050,27,045,"Minnesota","Fillmore County",2,84,87,40,47
050,27,045,"Minnesota","Fillmore County",2,85,735,236,499
050,27,045,"Minnesota","Fillmore County",3,0,231,112,119
050,27,045,"Minnesota","Fillmore County",3,1,233,127,106
050,27,045,"Minnesota","Fillmore County",3,2,244,120,124
050,27,045,"Minnesota","Fillmore County",3,3,269,134,135
050,27,045,"Minnesota","Fillmore County",3,4,275,145,130
050,27,045,"Minnesota","Fillmore County",3,5,289,157,132
050,27,045,"Minnesota","Fillmore County",3,6,287,150,137
050,27,045,"Minnesota","Fillmore County",3,7,306,171,135
050,27,045,"Minnesota","Fillmore County",3,8,292,159,133
050,27,045,"Minnesota","Fillmore County",3,9,301,161,140
050,27,045,"Minnesota","Fillmore County",3,10,294,153,141
050,27,045,"Minnesota","Fillmore County",3,11,311,170,141
050,27,045,"Minnesota","Fillmore County",3,12,316,172,144
050,27,045,"Minnesota","Fillmore County",3,13,344,166,178
050,27,045,"Minnesota","Fillmore County",3,14,344,174,170
050,27,045,"Minnesota","Fillmore County",3,15,319,161,158
050,27,045,"Minnesota","Fillmore County",3,16,309,163,146
050,27,045,"Minnesota","Fillmore County",3,17,286,148,138
050,27,045,"Minnesota","Fillmore County",3,18,244,131,113
050,27,045,"Minnesota","Fillmore County",3,19,179,93,86
050,27,045,"Minnesota","Fillmore County",3,20,204,100,104
050,27,045,"Minnesota","Fillmore County",3,21,201,100,101
050,27,045,"Minnesota","Fillmore County",3,22,197,97,100
050,27,045,"Minnesota","Fillmore County",3,23,205,105,100
050,27,045,"Minnesota","Fillmore County",3,24,193,102,91
050,27,045,"Minnesota","Fillmore County",3,25,182,100,82
050,27,045,"Minnesota","Fillmore County",3,26,198,97,101
050,27,045,"Minnesota","Fillmore County",3,27,212,107,105
050,27,045,"Minnesota","Fillmore County",3,28,227,110,117
050,27,045,"Minnesota","Fillmore County",3,29,227,113,114
050,27,045,"Minnesota","Fillmore County",3,30,223,109,114
050,27,045,"Minnesota","Fillmore County",3,31,209,106,103
050,27,045,"Minnesota","Fillmore County",3,32,203,104,99
050,27,045,"Minnesota","Fillmore County",3,33,221,124,97
050,27,045,"Minnesota","Fillmore County",3,34,215,108,107
050,27,045,"Minnesota","Fillmore County",3,35,233,114,119
050,27,045,"Minnesota","Fillmore County",3,36,242,118,124
050,27,045,"Minnesota","Fillmore County",3,37,241,115,126
050,27,045,"Minnesota","Fillmore County",3,38,269,135,134
050,27,045,"Minnesota","Fillmore County",3,39,282,144,138
050,27,045,"Minnesota","Fillmore County",3,40,273,143,130
050,27,045,"Minnesota","Fillmore County",3,41,283,150,133
050,27,045,"Minnesota","Fillmore County",3,42,266,143,123
050,27,045,"Minnesota","Fillmore County",3,43,241,131,110
050,27,045,"Minnesota","Fillmore County",3,44,241,119,122
050,27,045,"Minnesota","Fillmore County",3,45,231,118,113
050,27,045,"Minnesota","Fillmore County",3,46,226,114,112
050,27,045,"Minnesota","Fillmore County",3,47,202,111,91
050,27,045,"Minnesota","Fillmore County",3,48,201,111,90
050,27,045,"Minnesota","Fillmore County",3,49,249,134,115
050,27,045,"Minnesota","Fillmore County",3,50,252,134,118
050,27,045,"Minnesota","Fillmore County",3,51,245,128,117
050,27,045,"Minnesota","Fillmore County",3,52,216,122,94
050,27,045,"Minnesota","Fillmore County",3,53,215,120,95
050,27,045,"Minnesota","Fillmore County",3,54,253,136,117
050,27,045,"Minnesota","Fillmore County",3,55,256,137,119
050,27,045,"Minnesota","Fillmore County",3,56,283,147,136
050,27,045,"Minnesota","Fillmore County",3,57,292,143,149
050,27,045,"Minnesota","Fillmore County",3,58,295,141,154
050,27,045,"Minnesota","Fillmore County",3,59,312,146,166
050,27,045,"Minnesota","Fillmore County",3,60,320,157,163
050,27,045,"Minnesota","Fillmore County",3,61,318,161,157
050,27,045,"Minnesota","Fillmore County",3,62,312,157,155
050,27,045,"Minnesota","Fillmore County",3,63,321,164,157
050,27,045,"Minnesota","Fillmore County",3,64,317,163,154
050,27,045,"Minnesota","Fillmore County",3,65,322,167,155
050,27,045,"Minnesota","Fillmore County",3,66,305,158,147
050,27,045,"Minnesota","Fillmore County",3,67,296,150,146
050,27,045,"Minnesota","Fillmore County",3,68,277,134,143
050,27,045,"Minnesota","Fillmore County",3,69,258,129,129
050,27,045,"Minnesota","Fillmore County",3,70,253,130,123
050,27,045,"Minnesota","Fillmore County",3,71,220,123,97
050,27,045,"Minnesota","Fillmore County",3,72,226,114,112
050,27,045,"Minnesota","Fillmore County",3,73,213,105,108
050,27,045,"Minnesota","Fillmore County",3,74,215,108,107
050,27,045,"Minnesota","Fillmore County",3,75,155,71,84
050,27,045,"Minnesota","Fillmore County",3,76,168,78,90
050,27,045,"Minnesota","Fillmore County",3,77,171,80,91
050,27,045,"Minnesota","Fillmore County",3,78,178,90,88
050,27,045,"Minnesota","Fillmore County",3,79,129,62,67
050,27,045,"Minnesota","Fillmore County",3,80,130,63,67
050,27,045,"Minnesota","Fillmore County",3,81,130,55,75
050,27,045,"Minnesota","Fillmore County",3,82,98,42,56
050,27,045,"Minnesota","Fillmore County",3,83,103,44,59
050,27,045,"Minnesota","Fillmore County",3,84,80,35,45
050,27,045,"Minnesota","Fillmore County",3,85,727,241,486
050,27,045,"Minnesota","Fillmore County",4,0,245,113,132
050,27,045,"Minnesota","Fillmore County",4,1,239,119,120
050,27,045,"Minnesota","Fillmore County",4,2,240,127,113
050,27,045,"Minnesota","Fillmore County",4,3,256,128,128
050,27,045,"Minnesota","Fillmore County",4,4,265,133,132
050,27,045,"Minnesota","Fillmore County",4,5,286,149,137
050,27,045,"Minnesota","Fillmore County",4,6,289,156,133
050,27,045,"Minnesota","Fillmore County",4,7,296,153,143
050,27,045,"Minnesota","Fillmore County",4,8,303,171,132
050,27,045,"Minnesota","Fillmore County",4,9,294,159,135
050,27,045,"Minnesota","Fillmore County",4,10,303,162,141
050,27,045,"Minnesota","Fillmore County",4,11,288,145,143
050,27,045,"Minnesota","Fillmore County",4,12,310,167,143
050,27,045,"Minnesota","Fillmore County",4,13,311,170,141
050,27,045,"Minnesota","Fillmore County",4,14,340,163,177
050,27,045,"Minnesota","Fillmore County",4,15,345,172,173
050,27,045,"Minnesota","Fillmore County",4,16,320,163,157
050,27,045,"Minnesota","Fillmore County",4,17,312,161,151
050,27,045,"Minnesota","Fillmore County",4,18,237,127,110
050,27,045,"Minnesota","Fillmore County",4,19,179,95,84
050,27,045,"Minnesota","Fillmore County",4,20,203,107,96
050,27,045,"Minnesota","Fillmore County",4,21,198,100,98
050,27,045,"Minnesota","Fillmore County",4,22,218,113,105
050,27,045,"Minnesota","Fillmore County",4,23,210,96,114
050,27,045,"Minnesota","Fillmore County",4,24,207,110,97
050,27,045,"Minnesota","Fillmore County",4,25,183,98,85
050,27,045,"Minnesota","Fillmore County",4,26,190,97,93
050,27,045,"Minnesota","Fillmore County",4,27,203,101,102
050,27,045,"Minnesota","Fillmore County",4,28,213,110,103
050,27,045,"Minnesota","Fillmore County",4,29,224,109,115
050,27,045,"Minnesota","Fillmore County",4,30,255,125,130
050,27,045,"Minnesota","Fillmore County",4,31,225,112,113
050,27,045,"Minnesota","Fillmore County",4,32,224,112,112
050,27,045,"Minnesota","Fillmore County",4,33,206,104,102
050,27,045,"Minnesota","Fillmore County",4,34,229,128,101
050,27,045,"Minnesota","Fillmore County",4,35,227,115,112
050,27,045,"Minnesota","Fillmore County",4,36,232,112,120
050,27,045,"Minnesota","Fillmore County",4,37,241,119,122
050,27,045,"Minnesota","Fillmore County",4,38,247,118,129
050,27,045,"Minnesota","Fillmore County",4,39,278,136,142
050,27,045,"Minnesota","Fillmore County",4,40,281,146,135
050,27,045,"Minnesota","Fillmore County",4,41,271,141,130
050,27,045,"Minnesota","Fillmore County",4,42,279,148,131
050,27,045,"Minnesota","Fillmore County",4,43,275,151,124
050,27,045,"Minnesota","Fillmore County",4,44,245,133,112
050,27,045,"Minnesota","Fillmore County",4,45,242,120,122
050,27,045,"Minnesota","Fillmore County",4,46,237,124,113
050,27,045,"Minnesota","Fillmore County",4,47,230,118,112
050,27,045,"Minnesota","Fillmore County",4,48,203,110,93
050,27,045,"Minnesota","Fillmore County",4,49,198,107,91
050,27,045,"Minnesota","Fillmore County",4,50,249,136,113
050,27,045,"Minnesota","Fillmore County",4,51,256,134,122
050,27,045,"Minnesota","Fillmore County",4,52,246,129,117
050,27,045,"Minnesota","Fillmore County",4,53,217,120,97
050,27,045,"Minnesota","Fillmore County",4,54,211,118,93
050,27,045,"Minnesota","Fillmore County",4,55,250,134,116
050,27,045,"Minnesota","Fillmore County",4,56,269,148,121
050,27,045,"Minnesota","Fillmore County",4,57,281,146,135
050,27,045,"Minnesota","Fillmore County",4,58,292,139,153
050,27,045,"Minnesota","Fillmore County",4,59,300,141,159
050,27,045,"Minnesota","Fillmore County",4,60,320,153,167
050,27,045,"Minnesota","Fillmore County",4,61,324,161,163
050,27,045,"Minnesota","Fillmore County",4,62,327,169,158
050,27,045,"Minnesota","Fillmore County",4,63,315,160,155
050,27,045,"Minnesota","Fillmore County",4,64,325,163,162
050,27,045,"Minnesota","Fillmore County",4,65,314,162,152
050,27,045,"Minnesota","Fillmore County",4,66,313,167,146
050,27,045,"Minnesota","Fillmore County",4,67,296,154,142
050,27,045,"Minnesota","Fillmore County",4,68,283,141,142
050,27,045,"Minnesota","Fillmore County",4,69,282,137,145
050,27,045,"Minnesota","Fillmore County",4,70,254,125,129
050,27,045,"Minnesota","Fillmore County",4,71,239,124,115
050,27,045,"Minnesota","Fillmore County",4,72,220,120,100
050,27,045,"Minnesota","Fillmore County",4,73,212,107,105
050,27,045,"Minnesota","Fillmore County",4,74,210,109,101
050,27,045,"Minnesota","Fillmore County",4,75,209,102,107
050,27,045,"Minnesota","Fillmore County",4,76,159,72,87
050,27,045,"Minnesota","Fillmore County",4,77,165,74,91
050,27,045,"Minnesota","Fillmore County",4,78,162,76,86
050,27,045,"Minnesota","Fillmore County",4,79,169,83,86
050,27,045,"Minnesota","Fillmore County",4,80,122,59,63
050,27,045,"Minnesota","Fillmore County",4,81,121,60,61
050,27,045,"Minnesota","Fillmore County",4,82,121,52,69
050,27,045,"Minnesota","Fillmore County",4,83,98,39,59
050,27,045,"Minnesota","Fillmore County",4,84,88,38,50
050,27,045,"Minnesota","Fillmore County",4,85,703,239,464
050,27,045,"Minnesota","Fillmore County",5,0,226,106,120
050,27,045,"Minnesota","Fillmore County",5,1,234,114,120
050,27,045,"Minnesota","Fillmore County",5,2,245,124,121
050,27,045,"Minnesota","Fillmore County",5,3,263,139,124
050,27,045,"Minnesota","Fillmore County",5,4,259,133,126
050,27,045,"Minnesota","Fillmore County",5,5,266,133,133
050,27,045,"Minnesota","Fillmore County",5,6,295,151,144
050,27,045,"Minnesota","Fillmore County",5,7,291,157,134
050,27,045,"Minnesota","Fillmore County",5,8,310,156,154
050,27,045,"Minnesota","Fillmore County",5,9,313,173,140
050,27,045,"Minnesota","Fillmore County",5,10,305,163,142
050,27,045,"Minnesota","Fillmore County",5,11,297,158,139
050,27,045,"Minnesota","Fillmore County",5,12,293,147,146
050,27,045,"Minnesota","Fillmore County",5,13,308,169,139
050,27,045,"Minnesota","Fillmore County",5,14,304,167,137
050,27,045,"Minnesota","Fillmore County",5,15,339,163,176
050,27,045,"Minnesota","Fillmore County",5,16,339,174,165
050,27,045,"Minnesota","Fillmore County",5,17,316,159,157
050,27,045,"Minnesota","Fillmore County",5,18,260,137,123
050,27,045,"Minnesota","Fillmore County",5,19,185,97,88
050,27,045,"Minnesota","Fillmore County",5,20,205,107,98
050,27,045,"Minnesota","Fillmore County",5,21,199,101,98
050,27,045,"Minnesota","Fillmore County",5,22,203,105,98
050,27,045,"Minnesota","Fillmore County",5,23,204,103,101
050,27,045,"Minnesota","Fillmore County",5,24,226,104,122
050,27,045,"Minnesota","Fillmore County",5,25,198,108,90
050,27,045,"Minnesota","Fillmore County",5,26,198,112,86
050,27,045,"Minnesota","Fillmore County",5,27,205,103,102
050,27,045,"Minnesota","Fillmore County",5,28,212,100,112
050,27,045,"Minnesota","Fillmore County",5,29,230,120,110
050,27,045,"Minnesota","Fillmore County",5,30,228,106,122
050,27,045,"Minnesota","Fillmore County",5,31,255,127,128
050,27,045,"Minnesota","Fillmore County",5,32,226,115,111
050,27,045,"Minnesota","Fillmore County",5,33,230,120,110
050,27,045,"Minnesota","Fillmore County",5,34,205,103,102
050,27,045,"Minnesota","Fillmore County",5,35,233,131,102
050,27,045,"Minnesota","Fillmore County",5,36,236,119,117
050,27,045,"Minnesota","Fillmore County",5,37,235,114,121
050,27,045,"Minnesota","Fillmore County",5,38,242,115,127
050,27,045,"Minnesota","Fillmore County",5,39,251,123,128
050,27,045,"Minnesota","Fillmore County",5,40,270,132,138
050,27,045,"Minnesota","Fillmore County",5,41,283,145,138
050,27,045,"Minnesota","Fillmore County",5,42,270,136,134
050,27,045,"Minnesota","Fillmore County",5,43,278,147,131
050,27,045,"Minnesota","Fillmore County",5,44,276,150,126
050,27,045,"Minnesota","Fillmore County",5,45,239,129,110
050,27,045,"Minnesota","Fillmore County",5,46,245,122,123
050,27,045,"Minnesota","Fillmore County",5,47,231,123,108
050,27,045,"Minnesota","Fillmore County",5,48,233,116,117
050,27,045,"Minnesota","Fillmore County",5,49,205,113,92
050,27,045,"Minnesota","Fillmore County",5,50,204,110,94
050,27,045,"Minnesota","Fillmore County",5,51,254,133,121
050,27,045,"Minnesota","Fillmore County",5,52,258,136,122
050,27,045,"Minnesota","Fillmore County",5,53,252,131,121
050,27,045,"Minnesota","Fillmore County",5,54,225,124,101
050,27,045,"Minnesota","Fillmore County",5,55,214,123,91
050,27,045,"Minnesota","Fillmore County",5,56,254,135,119
050,27,045,"Minnesota","Fillmore County",5,57,267,145,122
050,27,045,"Minnesota","Fillmore County",5,58,275,143,132
050,27,045,"Minnesota","Fillmore County",5,59,285,138,147
050,27,045,"Minnesota","Fillmore County",5,60,300,142,158
050,27,045,"Minnesota","Fillmore County",5,61,327,152,175
050,27,045,"Minnesota","Fillmore County",5,62,315,154,161
050,27,045,"Minnesota","Fillmore County",5,63,325,169,156
050,27,045,"Minnesota","Fillmore County",5,64,309,157,152
050,27,045,"Minnesota","Fillmore County",5,65,315,159,156
050,27,045,"Minnesota","Fillmore County",5,66,301,157,144
050,27,045,"Minnesota","Fillmore County",5,67,309,165,144
050,27,045,"Minnesota","Fillmore County",5,68,287,147,140
050,27,045,"Minnesota","Fillmore County",5,69,281,140,141
050,27,045,"Minnesota","Fillmore County",5,70,279,132,147
050,27,045,"Minnesota","Fillmore County",5,71,242,120,122
050,27,045,"Minnesota","Fillmore County",5,72,241,122,119
050,27,045,"Minnesota","Fillmore County",5,73,208,113,95
050,27,045,"Minnesota","Fillmore County",5,74,206,106,100
050,27,045,"Minnesota","Fillmore County",5,75,204,105,99
050,27,045,"Minnesota","Fillmore County",5,76,213,101,112
050,27,045,"Minnesota","Fillmore County",5,77,158,72,86
050,27,045,"Minnesota","Fillmore County",5,78,159,71,88
050,27,045,"Minnesota","Fillmore County",5,79,156,69,87
050,27,045,"Minnesota","Fillmore County",5,80,161,80,81
050,27,045,"Minnesota","Fillmore County",5,81,120,58,62
050,27,045,"Minnesota","Fillmore County",5,82,117,57,60
050,27,045,"Minnesota","Fillmore County",5,83,122,50,72
050,27,045,"Minnesota","Fillmore County",5,84,83,35,48
050,27,045,"Minnesota","Fillmore County",5,85,697,245,452
050,27,047,"Minnesota","Freeborn County",1,0,308,157,151
050,27,047,"Minnesota","Freeborn County",1,1,312,161,151
050,27,047,"Minnesota","Freeborn County",1,2,349,183,166
050,27,047,"Minnesota","Freeborn County",1,3,353,189,164
050,27,047,"Minnesota","Freeborn County",1,4,348,192,156
050,27,047,"Minnesota","Freeborn County",1,5,370,192,178
050,27,047,"Minnesota","Freeborn County",1,6,383,196,187
050,27,047,"Minnesota","Freeborn County",1,7,380,197,183
050,27,047,"Minnesota","Freeborn County",1,8,367,215,152
050,27,047,"Minnesota","Freeborn County",1,9,388,213,175
050,27,047,"Minnesota","Freeborn County",1,10,394,203,191
050,27,047,"Minnesota","Freeborn County",1,11,409,204,205
050,27,047,"Minnesota","Freeborn County",1,12,420,211,209
050,27,047,"Minnesota","Freeborn County",1,13,419,221,198
050,27,047,"Minnesota","Freeborn County",1,14,399,202,197
050,27,047,"Minnesota","Freeborn County",1,15,406,216,190
050,27,047,"Minnesota","Freeborn County",1,16,441,221,220
050,27,047,"Minnesota","Freeborn County",1,17,398,205,193
050,27,047,"Minnesota","Freeborn County",1,18,330,177,153
050,27,047,"Minnesota","Freeborn County",1,19,284,153,131
050,27,047,"Minnesota","Freeborn County",1,20,290,152,138
050,27,047,"Minnesota","Freeborn County",1,21,288,141,147
050,27,047,"Minnesota","Freeborn County",1,22,327,155,172
050,27,047,"Minnesota","Freeborn County",1,23,299,142,157
050,27,047,"Minnesota","Freeborn County",1,24,311,154,157
050,27,047,"Minnesota","Freeborn County",1,25,294,141,153
050,27,047,"Minnesota","Freeborn County",1,26,336,164,172
050,27,047,"Minnesota","Freeborn County",1,27,353,165,188
050,27,047,"Minnesota","Freeborn County",1,28,352,184,168
050,27,047,"Minnesota","Freeborn County",1,29,346,177,169
050,27,047,"Minnesota","Freeborn County",1,30,328,160,168
050,27,047,"Minnesota","Freeborn County",1,31,345,162,183
050,27,047,"Minnesota","Freeborn County",1,32,343,172,171
050,27,047,"Minnesota","Freeborn County",1,33,339,173,166
050,27,047,"Minnesota","Freeborn County",1,34,347,184,163
050,27,047,"Minnesota","Freeborn County",1,35,341,173,168
050,27,047,"Minnesota","Freeborn County",1,36,364,182,182
050,27,047,"Minnesota","Freeborn County",1,37,386,198,188
050,27,047,"Minnesota","Freeborn County",1,38,395,204,191
050,27,047,"Minnesota","Freeborn County",1,39,359,189,170
050,27,047,"Minnesota","Freeborn County",1,40,343,183,160
050,27,047,"Minnesota","Freeborn County",1,41,335,181,154
050,27,047,"Minnesota","Freeborn County",1,42,331,175,156
050,27,047,"Minnesota","Freeborn County",1,43,322,161,161
050,27,047,"Minnesota","Freeborn County",1,44,329,173,156
050,27,047,"Minnesota","Freeborn County",1,45,335,176,159
050,27,047,"Minnesota","Freeborn County",1,46,319,172,147
050,27,047,"Minnesota","Freeborn County",1,47,303,153,150
050,27,047,"Minnesota","Freeborn County",1,48,330,174,156
050,27,047,"Minnesota","Freeborn County",1,49,339,174,165
050,27,047,"Minnesota","Freeborn County",1,50,335,182,153
050,27,047,"Minnesota","Freeborn County",1,51,343,184,159
050,27,047,"Minnesota","Freeborn County",1,52,350,171,179
050,27,047,"Minnesota","Freeborn County",1,53,349,177,172
050,27,047,"Minnesota","Freeborn County",1,54,387,185,202
050,27,047,"Minnesota","Freeborn County",1,55,404,206,198
050,27,047,"Minnesota","Freeborn County",1,56,437,224,213
050,27,047,"Minnesota","Freeborn County",1,57,481,244,237
050,27,047,"Minnesota","Freeborn County",1,58,499,253,246
050,27,047,"Minnesota","Freeborn County",1,59,500,255,245
050,27,047,"Minnesota","Freeborn County",1,60,510,262,248
050,27,047,"Minnesota","Freeborn County",1,61,505,264,241
050,27,047,"Minnesota","Freeborn County",1,62,460,235,225
050,27,047,"Minnesota","Freeborn County",1,63,471,246,225
050,27,047,"Minnesota","Freeborn County",1,64,464,241,223
050,27,047,"Minnesota","Freeborn County",1,65,445,230,215
050,27,047,"Minnesota","Freeborn County",1,66,415,211,204
050,27,047,"Minnesota","Freeborn County",1,67,400,201,199
050,27,047,"Minnesota","Freeborn County",1,68,415,210,205
050,27,047,"Minnesota","Freeborn County",1,69,371,184,187
050,27,047,"Minnesota","Freeborn County",1,70,340,167,173
050,27,047,"Minnesota","Freeborn County",1,71,345,175,170
050,27,047,"Minnesota","Freeborn County",1,72,375,186,189
050,27,047,"Minnesota","Freeborn County",1,73,377,183,194
050,27,047,"Minnesota","Freeborn County",1,74,287,137,150
050,27,047,"Minnesota","Freeborn County",1,75,267,126,141
050,27,047,"Minnesota","Freeborn County",1,76,259,120,139
050,27,047,"Minnesota","Freeborn County",1,77,250,115,135
050,27,047,"Minnesota","Freeborn County",1,78,230,107,123
050,27,047,"Minnesota","Freeborn County",1,79,211,91,120
050,27,047,"Minnesota","Freeborn County",1,80,200,81,119
050,27,047,"Minnesota","Freeborn County",1,81,193,82,111
050,27,047,"Minnesota","Freeborn County",1,82,199,78,121
050,27,047,"Minnesota","Freeborn County",1,83,183,84,99
050,27,047,"Minnesota","Freeborn County",1,84,161,72,89
050,27,047,"Minnesota","Freeborn County",1,85,988,355,633
050,27,047,"Minnesota","Freeborn County",2,0,325,165,160
050,27,047,"Minnesota","Freeborn County",2,1,313,162,151
050,27,047,"Minnesota","Freeborn County",2,2,341,177,164
050,27,047,"Minnesota","Freeborn County",2,3,352,188,164
050,27,047,"Minnesota","Freeborn County",2,4,355,193,162
050,27,047,"Minnesota","Freeborn County",2,5,369,194,175
050,27,047,"Minnesota","Freeborn County",2,6,380,195,185
050,27,047,"Minnesota","Freeborn County",2,7,377,195,182
050,27,047,"Minnesota","Freeborn County",2,8,368,209,159
050,27,047,"Minnesota","Freeborn County",2,9,382,214,168
050,27,047,"Minnesota","Freeborn County",2,10,392,205,187
050,27,047,"Minnesota","Freeborn County",2,11,403,202,201
050,27,047,"Minnesota","Freeborn County",2,12,422,211,211
050,27,047,"Minnesota","Freeborn County",2,13,419,218,201
050,27,047,"Minnesota","Freeborn County",2,14,404,208,196
050,27,047,"Minnesota","Freeborn County",2,15,406,214,192
050,27,047,"Minnesota","Freeborn County",2,16,435,222,213
050,27,047,"Minnesota","Freeborn County",2,17,409,209,200
050,27,047,"Minnesota","Freeborn County",2,18,332,177,155
050,27,047,"Minnesota","Freeborn County",2,19,283,152,131
050,27,047,"Minnesota","Freeborn County",2,20,294,155,139
050,27,047,"Minnesota","Freeborn County",2,21,294,145,149
050,27,047,"Minnesota","Freeborn County",2,22,317,151,166
050,27,047,"Minnesota","Freeborn County",2,23,308,148,160
050,27,047,"Minnesota","Freeborn County",2,24,309,151,158
050,27,047,"Minnesota","Freeborn County",2,25,300,144,156
050,27,047,"Minnesota","Freeborn County",2,26,329,159,170
050,27,047,"Minnesota","Freeborn County",2,27,351,164,187
050,27,047,"Minnesota","Freeborn County",2,28,354,181,173
050,27,047,"Minnesota","Freeborn County",2,29,344,177,167
050,27,047,"Minnesota","Freeborn County",2,30,337,166,171
050,27,047,"Minnesota","Freeborn County",2,31,336,161,175
050,27,047,"Minnesota","Freeborn County",2,32,341,167,174
050,27,047,"Minnesota","Freeborn County",2,33,338,172,166
050,27,047,"Minnesota","Freeborn County",2,34,344,182,162
050,27,047,"Minnesota","Freeborn County",2,35,344,175,169
050,27,047,"Minnesota","Freeborn County",2,36,357,178,179
050,27,047,"Minnesota","Freeborn County",2,37,382,194,188
050,27,047,"Minnesota","Freeborn County",2,38,393,202,191
050,27,047,"Minnesota","Freeborn County",2,39,367,192,175
050,27,047,"Minnesota","Freeborn County",2,40,348,184,164
050,27,047,"Minnesota","Freeborn County",2,41,335,180,155
050,27,047,"Minnesota","Freeborn County",2,42,331,176,155
050,27,047,"Minnesota","Freeborn County",2,43,327,167,160
050,27,047,"Minnesota","Freeborn County",2,44,327,172,155
050,27,047,"Minnesota","Freeborn County",2,45,335,175,160
050,27,047,"Minnesota","Freeborn County",2,46,322,173,149
050,27,047,"Minnesota","Freeborn County",2,47,304,155,149
050,27,047,"Minnesota","Freeborn County",2,48,325,170,155
050,27,047,"Minnesota","Freeborn County",2,49,340,174,166
050,27,047,"Minnesota","Freeborn County",2,50,337,181,156
050,27,047,"Minnesota","Freeborn County",2,51,340,183,157
050,27,047,"Minnesota","Freeborn County",2,52,348,175,173
050,27,047,"Minnesota","Freeborn County",2,53,345,172,173
050,27,047,"Minnesota","Freeborn County",2,54,376,182,194
050,27,047,"Minnesota","Freeborn County",2,55,397,199,198
050,27,047,"Minnesota","Freeborn County",2,56,432,222,210
050,27,047,"Minnesota","Freeborn County",2,57,471,239,232
050,27,047,"Minnesota","Freeborn County",2,58,498,253,245
050,27,047,"Minnesota","Freeborn County",2,59,501,254,247
050,27,047,"Minnesota","Freeborn County",2,60,505,258,247
050,27,047,"Minnesota","Freeborn County",2,61,504,261,243
050,27,047,"Minnesota","Freeborn County",2,62,472,244,228
050,27,047,"Minnesota","Freeborn County",2,63,471,244,227
050,27,047,"Minnesota","Freeborn County",2,64,462,240,222
050,27,047,"Minnesota","Freeborn County",2,65,447,232,215
050,27,047,"Minnesota","Freeborn County",2,66,421,213,208
050,27,047,"Minnesota","Freeborn County",2,67,402,203,199
050,27,047,"Minnesota","Freeborn County",2,68,408,205,203
050,27,047,"Minnesota","Freeborn County",2,69,381,189,192
050,27,047,"Minnesota","Freeborn County",2,70,346,169,177
050,27,047,"Minnesota","Freeborn County",2,71,347,174,173
050,27,047,"Minnesota","Freeborn County",2,72,360,179,181
050,27,047,"Minnesota","Freeborn County",2,73,396,194,202
050,27,047,"Minnesota","Freeborn County",2,74,287,138,149
050,27,047,"Minnesota","Freeborn County",2,75,271,128,143
050,27,047,"Minnesota","Freeborn County",2,76,254,118,136
050,27,047,"Minnesota","Freeborn County",2,77,258,119,139
050,27,047,"Minnesota","Freeborn County",2,78,230,106,124
050,27,047,"Minnesota","Freeborn County",2,79,215,95,120
050,27,047,"Minnesota","Freeborn County",2,80,204,83,121
050,27,047,"Minnesota","Freeborn County",2,81,189,81,108
050,27,047,"Minnesota","Freeborn County",2,82,193,77,116
050,27,047,"Minnesota","Freeborn County",2,83,180,79,101
050,27,047,"Minnesota","Freeborn County",2,84,162,74,88
050,27,047,"Minnesota","Freeborn County",2,85,986,351,635
050,27,047,"Minnesota","Freeborn County",3,0,308,169,139
050,27,047,"Minnesota","Freeborn County",3,1,330,175,155
050,27,047,"Minnesota","Freeborn County",3,2,312,157,155
050,27,047,"Minnesota","Freeborn County",3,3,343,165,178
050,27,047,"Minnesota","Freeborn County",3,4,358,191,167
050,27,047,"Minnesota","Freeborn County",3,5,350,192,158
050,27,047,"Minnesota","Freeborn County",3,6,368,198,170
050,27,047,"Minnesota","Freeborn County",3,7,381,192,189
050,27,047,"Minnesota","Freeborn County",3,8,363,183,180
050,27,047,"Minnesota","Freeborn County",3,9,373,210,163
050,27,047,"Minnesota","Freeborn County",3,10,379,212,167
050,27,047,"Minnesota","Freeborn County",3,11,402,211,191
050,27,047,"Minnesota","Freeborn County",3,12,405,203,202
050,27,047,"Minnesota","Freeborn County",3,13,430,216,214
050,27,047,"Minnesota","Freeborn County",3,14,422,222,200
050,27,047,"Minnesota","Freeborn County",3,15,420,215,205
050,27,047,"Minnesota","Freeborn County",3,16,407,209,198
050,27,047,"Minnesota","Freeborn County",3,17,430,223,207
050,27,047,"Minnesota","Freeborn County",3,18,356,188,168
050,27,047,"Minnesota","Freeborn County",3,19,272,147,125
050,27,047,"Minnesota","Freeborn County",3,20,297,159,138
050,27,047,"Minnesota","Freeborn County",3,21,303,159,144
050,27,047,"Minnesota","Freeborn County",3,22,294,146,148
050,27,047,"Minnesota","Freeborn County",3,23,318,153,165
050,27,047,"Minnesota","Freeborn County",3,24,314,156,158
050,27,047,"Minnesota","Freeborn County",3,25,320,154,166
050,27,047,"Minnesota","Freeborn County",3,26,312,157,155
050,27,047,"Minnesota","Freeborn County",3,27,342,164,178
050,27,047,"Minnesota","Freeborn County",3,28,347,162,185
050,27,047,"Minnesota","Freeborn County",3,29,350,182,168
050,27,047,"Minnesota","Freeborn County",3,30,324,171,153
050,27,047,"Minnesota","Freeborn County",3,31,334,165,169
050,27,047,"Minnesota","Freeborn County",3,32,338,162,176
050,27,047,"Minnesota","Freeborn County",3,33,352,170,182
050,27,047,"Minnesota","Freeborn County",3,34,348,180,168
050,27,047,"Minnesota","Freeborn County",3,35,352,182,170
050,27,047,"Minnesota","Freeborn County",3,36,355,179,176
050,27,047,"Minnesota","Freeborn County",3,37,364,188,176
050,27,047,"Minnesota","Freeborn County",3,38,379,194,185
050,27,047,"Minnesota","Freeborn County",3,39,400,207,193
050,27,047,"Minnesota","Freeborn County",3,40,360,190,170
050,27,047,"Minnesota","Freeborn County",3,41,351,188,163
050,27,047,"Minnesota","Freeborn County",3,42,335,181,154
050,27,047,"Minnesota","Freeborn County",3,43,325,175,150
050,27,047,"Minnesota","Freeborn County",3,44,334,170,164
050,27,047,"Minnesota","Freeborn County",3,45,316,159,157
050,27,047,"Minnesota","Freeborn County",3,46,335,168,167
050,27,047,"Minnesota","Freeborn County",3,47,321,174,147
050,27,047,"Minnesota","Freeborn County",3,48,314,165,149
050,27,047,"Minnesota","Freeborn County",3,49,320,163,157
050,27,047,"Minnesota","Freeborn County",3,50,331,173,158
050,27,047,"Minnesota","Freeborn County",3,51,324,174,150
050,27,047,"Minnesota","Freeborn County",3,52,339,177,162
050,27,047,"Minnesota","Freeborn County",3,53,354,181,173
050,27,047,"Minnesota","Freeborn County",3,54,345,170,175
050,27,047,"Minnesota","Freeborn County",3,55,368,176,192
050,27,047,"Minnesota","Freeborn County",3,56,408,198,210
050,27,047,"Minnesota","Freeborn County",3,57,432,219,213
050,27,047,"Minnesota","Freeborn County",3,58,467,239,228
050,27,047,"Minnesota","Freeborn County",3,59,493,255,238
050,27,047,"Minnesota","Freeborn County",3,60,498,259,239
050,27,047,"Minnesota","Freeborn County",3,61,502,253,249
050,27,047,"Minnesota","Freeborn County",3,62,507,258,249
050,27,047,"Minnesota","Freeborn County",3,63,474,248,226
050,27,047,"Minnesota","Freeborn County",3,64,468,242,226
050,27,047,"Minnesota","Freeborn County",3,65,451,233,218
050,27,047,"Minnesota","Freeborn County",3,66,435,224,211
050,27,047,"Minnesota","Freeborn County",3,67,412,211,201
050,27,047,"Minnesota","Freeborn County",3,68,393,192,201
050,27,047,"Minnesota","Freeborn County",3,69,410,205,205
050,27,047,"Minnesota","Freeborn County",3,70,361,179,182
050,27,047,"Minnesota","Freeborn County",3,71,338,160,178
050,27,047,"Minnesota","Freeborn County",3,72,335,161,174
050,27,047,"Minnesota","Freeborn County",3,73,360,182,178
050,27,047,"Minnesota","Freeborn County",3,74,383,178,205
050,27,047,"Minnesota","Freeborn County",3,75,272,130,142
050,27,047,"Minnesota","Freeborn County",3,76,271,126,145
050,27,047,"Minnesota","Freeborn County",3,77,245,116,129
050,27,047,"Minnesota","Freeborn County",3,78,247,110,137
050,27,047,"Minnesota","Freeborn County",3,79,219,100,119
050,27,047,"Minnesota","Freeborn County",3,80,214,92,122
050,27,047,"Minnesota","Freeborn County",3,81,194,84,110
050,27,047,"Minnesota","Freeborn County",3,82,174,75,99
050,27,047,"Minnesota","Freeborn County",3,83,178,67,111
050,27,047,"Minnesota","Freeborn County",3,84,169,76,93
050,27,047,"Minnesota","Freeborn County",3,85,969,352,617
050,27,047,"Minnesota","Freeborn County",4,0,310,156,154
050,27,047,"Minnesota","Freeborn County",4,1,300,165,135
050,27,047,"Minnesota","Freeborn County",4,2,343,187,156
050,27,047,"Minnesota","Freeborn County",4,3,326,166,160
050,27,047,"Minnesota","Freeborn County",4,4,350,163,187
050,27,047,"Minnesota","Freeborn County",4,5,363,195,168
050,27,047,"Minnesota","Freeborn County",4,6,366,201,165
050,27,047,"Minnesota","Freeborn County",4,7,378,204,174
050,27,047,"Minnesota","Freeborn County",4,8,392,197,195
050,27,047,"Minnesota","Freeborn County",4,9,363,183,180
050,27,047,"Minnesota","Freeborn County",4,10,366,211,155
050,27,047,"Minnesota","Freeborn County",4,11,383,208,175
050,27,047,"Minnesota","Freeborn County",4,12,408,222,186
050,27,047,"Minnesota","Freeborn County",4,13,409,202,207
050,27,047,"Minnesota","Freeborn County",4,14,436,220,216
050,27,047,"Minnesota","Freeborn County",4,15,422,223,199
050,27,047,"Minnesota","Freeborn County",4,16,403,210,193
050,27,047,"Minnesota","Freeborn County",4,17,404,208,196
050,27,047,"Minnesota","Freeborn County",4,18,380,211,169
050,27,047,"Minnesota","Freeborn County",4,19,272,149,123
050,27,047,"Minnesota","Freeborn County",4,20,292,155,137
050,27,047,"Minnesota","Freeborn County",4,21,316,167,149
050,27,047,"Minnesota","Freeborn County",4,22,319,166,153
050,27,047,"Minnesota","Freeborn County",4,23,278,138,140
050,27,047,"Minnesota","Freeborn County",4,24,330,162,168
050,27,047,"Minnesota","Freeborn County",4,25,302,146,156
050,27,047,"Minnesota","Freeborn County",4,26,321,155,166
050,27,047,"Minnesota","Freeborn County",4,27,312,149,163
050,27,047,"Minnesota","Freeborn County",4,28,348,159,189
050,27,047,"Minnesota","Freeborn County",4,29,352,162,190
050,27,047,"Minnesota","Freeborn County",4,30,351,186,165
050,27,047,"Minnesota","Freeborn County",4,31,341,186,155
050,27,047,"Minnesota","Freeborn County",4,32,343,166,177
050,27,047,"Minnesota","Freeborn County",4,33,332,163,169
050,27,047,"Minnesota","Freeborn County",4,34,353,173,180
050,27,047,"Minnesota","Freeborn County",4,35,350,181,169
050,27,047,"Minnesota","Freeborn County",4,36,348,185,163
050,27,047,"Minnesota","Freeborn County",4,37,356,182,174
050,27,047,"Minnesota","Freeborn County",4,38,367,190,177
050,27,047,"Minnesota","Freeborn County",4,39,383,195,188
050,27,047,"Minnesota","Freeborn County",4,40,386,196,190
050,27,047,"Minnesota","Freeborn County",4,41,367,188,179
050,27,047,"Minnesota","Freeborn County",4,42,359,188,171
050,27,047,"Minnesota","Freeborn County",4,43,333,179,154
050,27,047,"Minnesota","Freeborn County",4,44,335,183,152
050,27,047,"Minnesota","Freeborn County",4,45,323,159,164
050,27,047,"Minnesota","Freeborn County",4,46,307,156,151
050,27,047,"Minnesota","Freeborn County",4,47,331,164,167
050,27,047,"Minnesota","Freeborn County",4,48,325,181,144
050,27,047,"Minnesota","Freeborn County",4,49,301,154,147
050,27,047,"Minnesota","Freeborn County",4,50,324,165,159
050,27,047,"Minnesota","Freeborn County",4,51,331,171,160
050,27,047,"Minnesota","Freeborn County",4,52,321,167,154
050,27,047,"Minnesota","Freeborn County",4,53,345,182,163
050,27,047,"Minnesota","Freeborn County",4,54,346,176,170
050,27,047,"Minnesota","Freeborn County",4,55,329,164,165
050,27,047,"Minnesota","Freeborn County",4,56,366,177,189
050,27,047,"Minnesota","Freeborn County",4,57,406,201,205
050,27,047,"Minnesota","Freeborn County",4,58,440,224,216
050,27,047,"Minnesota","Freeborn County",4,59,466,238,228
050,27,047,"Minnesota","Freeborn County",4,60,487,247,240
050,27,047,"Minnesota","Freeborn County",4,61,491,255,236
050,27,047,"Minnesota","Freeborn County",4,62,497,257,240
050,27,047,"Minnesota","Freeborn County",4,63,501,258,243
050,27,047,"Minnesota","Freeborn County",4,64,464,239,225
050,27,047,"Minnesota","Freeborn County",4,65,455,238,217
050,27,047,"Minnesota","Freeborn County",4,66,449,234,215
050,27,047,"Minnesota","Freeborn County",4,67,430,221,209
050,27,047,"Minnesota","Freeborn County",4,68,410,209,201
050,27,047,"Minnesota","Freeborn County",4,69,382,183,199
050,27,047,"Minnesota","Freeborn County",4,70,403,202,201
050,27,047,"Minnesota","Freeborn County",4,71,355,179,176
050,27,047,"Minnesota","Freeborn County",4,72,332,154,178
050,27,047,"Minnesota","Freeborn County",4,73,327,164,163
050,27,047,"Minnesota","Freeborn County",4,74,346,167,179
050,27,047,"Minnesota","Freeborn County",4,75,373,174,199
050,27,047,"Minnesota","Freeborn County",4,76,262,124,138
050,27,047,"Minnesota","Freeborn County",4,77,257,121,136
050,27,047,"Minnesota","Freeborn County",4,78,235,108,127
050,27,047,"Minnesota","Freeborn County",4,79,242,102,140
050,27,047,"Minnesota","Freeborn County",4,80,210,91,119
050,27,047,"Minnesota","Freeborn County",4,81,200,93,107
050,27,047,"Minnesota","Freeborn County",4,82,185,81,104
050,27,047,"Minnesota","Freeborn County",4,83,157,65,92
050,27,047,"Minnesota","Freeborn County",4,84,163,59,104
050,27,047,"Minnesota","Freeborn County",4,85,961,353,608
050,27,047,"Minnesota","Freeborn County",5,0,306,154,152
050,27,047,"Minnesota","Freeborn County",5,1,303,156,147
050,27,047,"Minnesota","Freeborn County",5,2,325,181,144
050,27,047,"Minnesota","Freeborn County",5,3,343,182,161
050,27,047,"Minnesota","Freeborn County",5,4,336,165,171
050,27,047,"Minnesota","Freeborn County",5,5,354,167,187
050,27,047,"Minnesota","Freeborn County",5,6,361,195,166
050,27,047,"Minnesota","Freeborn County",5,7,350,197,153
050,27,047,"Minnesota","Freeborn County",5,8,370,192,178
050,27,047,"Minnesota","Freeborn County",5,9,389,198,191
050,27,047,"Minnesota","Freeborn County",5,10,372,190,182
050,27,047,"Minnesota","Freeborn County",5,11,361,201,160
050,27,047,"Minnesota","Freeborn County",5,12,387,208,179
050,27,047,"Minnesota","Freeborn County",5,13,405,218,187
050,27,047,"Minnesota","Freeborn County",5,14,405,190,215
050,27,047,"Minnesota","Freeborn County",5,15,433,217,216
050,27,047,"Minnesota","Freeborn County",5,16,408,214,194
050,27,047,"Minnesota","Freeborn County",5,17,403,208,195
050,27,047,"Minnesota","Freeborn County",5,18,336,177,159
050,27,047,"Minnesota","Freeborn County",5,19,295,167,128
050,27,047,"Minnesota","Freeborn County",5,20,287,158,129
050,27,047,"Minnesota","Freeborn County",5,21,306,164,142
050,27,047,"Minnesota","Freeborn County",5,22,330,174,156
050,27,047,"Minnesota","Freeborn County",5,23,317,175,142
050,27,047,"Minnesota","Freeborn County",5,24,283,145,138
050,27,047,"Minnesota","Freeborn County",5,25,329,162,167
050,27,047,"Minnesota","Freeborn County",5,26,306,155,151
050,27,047,"Minnesota","Freeborn County",5,27,311,158,153
050,27,047,"Minnesota","Freeborn County",5,28,307,146,161
050,27,047,"Minnesota","Freeborn County",5,29,349,157,192
050,27,047,"Minnesota","Freeborn County",5,30,353,165,188
050,27,047,"Minnesota","Freeborn County",5,31,373,202,171
050,27,047,"Minnesota","Freeborn County",5,32,362,200,162
050,27,047,"Minnesota","Freeborn County",5,33,336,161,175
050,27,047,"Minnesota","Freeborn County",5,34,337,171,166
050,27,047,"Minnesota","Freeborn County",5,35,346,169,177
050,27,047,"Minnesota","Freeborn County",5,36,353,190,163
050,27,047,"Minnesota","Freeborn County",5,37,352,185,167
050,27,047,"Minnesota","Freeborn County",5,38,358,182,176
050,27,047,"Minnesota","Freeborn County",5,39,363,192,171
050,27,047,"Minnesota","Freeborn County",5,40,364,186,178
050,27,047,"Minnesota","Freeborn County",5,41,391,199,192
050,27,047,"Minnesota","Freeborn County",5,42,358,180,178
050,27,047,"Minnesota","Freeborn County",5,43,357,189,168
050,27,047,"Minnesota","Freeborn County",5,44,335,184,151
050,27,047,"Minnesota","Freeborn County",5,45,330,173,157
050,27,047,"Minnesota","Freeborn County",5,46,325,159,166
050,27,047,"Minnesota","Freeborn County",5,47,308,155,153
050,27,047,"Minnesota","Freeborn County",5,48,326,165,161
050,27,047,"Minnesota","Freeborn County",5,49,326,180,146
050,27,047,"Minnesota","Freeborn County",5,50,301,155,146
050,27,047,"Minnesota","Freeborn County",5,51,324,166,158
050,27,047,"Minnesota","Freeborn County",5,52,331,169,162
050,27,047,"Minnesota","Freeborn County",5,53,336,176,160
050,27,047,"Minnesota","Freeborn County",5,54,347,182,165
050,27,047,"Minnesota","Freeborn County",5,55,339,175,164
050,27,047,"Minnesota","Freeborn County",5,56,327,167,160
050,27,047,"Minnesota","Freeborn County",5,57,356,170,186
050,27,047,"Minnesota","Freeborn County",5,58,406,200,206
050,27,047,"Minnesota","Freeborn County",5,59,437,226,211
050,27,047,"Minnesota","Freeborn County",5,60,459,233,226
050,27,047,"Minnesota","Freeborn County",5,61,482,244,238
050,27,047,"Minnesota","Freeborn County",5,62,487,257,230
050,27,047,"Minnesota","Freeborn County",5,63,500,256,244
050,27,047,"Minnesota","Freeborn County",5,64,492,249,243
050,27,047,"Minnesota","Freeborn County",5,65,454,235,219
050,27,047,"Minnesota","Freeborn County",5,66,460,242,218
050,27,047,"Minnesota","Freeborn County",5,67,435,228,207
050,27,047,"Minnesota","Freeborn County",5,68,416,213,203
050,27,047,"Minnesota","Freeborn County",5,69,403,203,200
050,27,047,"Minnesota","Freeborn County",5,70,375,180,195
050,27,047,"Minnesota","Freeborn County",5,71,395,202,193
050,27,047,"Minnesota","Freeborn County",5,72,348,170,178
050,27,047,"Minnesota","Freeborn County",5,73,325,155,170
050,27,047,"Minnesota","Freeborn County",5,74,316,151,165
050,27,047,"Minnesota","Freeborn County",5,75,340,164,176
050,27,047,"Minnesota","Freeborn County",5,76,366,170,196
050,27,047,"Minnesota","Freeborn County",5,77,258,121,137
050,27,047,"Minnesota","Freeborn County",5,78,251,116,135
050,27,047,"Minnesota","Freeborn County",5,79,228,102,126
050,27,047,"Minnesota","Freeborn County",5,80,234,98,136
050,27,047,"Minnesota","Freeborn County",5,81,195,91,104
050,27,047,"Minnesota","Freeborn County",5,82,193,90,103
050,27,047,"Minnesota","Freeborn County",5,83,162,68,94
050,27,047,"Minnesota","Freeborn County",5,84,147,57,90
050,27,047,"Minnesota","Freeborn County",5,85,970,345,625
050,27,049,"Minnesota","Goodhue County",1,0,516,259,257
050,27,049,"Minnesota","Goodhue County",1,1,552,263,289
050,27,049,"Minnesota","Goodhue County",1,2,514,257,257
050,27,049,"Minnesota","Goodhue County",1,3,546,287,259
050,27,049,"Minnesota","Goodhue County",1,4,547,265,282
050,27,049,"Minnesota","Goodhue County",1,5,559,277,282
050,27,049,"Minnesota","Goodhue County",1,6,571,287,284
050,27,049,"Minnesota","Goodhue County",1,7,566,283,283
050,27,049,"Minnesota","Goodhue County",1,8,592,289,303
050,27,049,"Minnesota","Goodhue County",1,9,571,285,286
050,27,049,"Minnesota","Goodhue County",1,10,616,316,300
050,27,049,"Minnesota","Goodhue County",1,11,635,332,303
050,27,049,"Minnesota","Goodhue County",1,12,657,344,313
050,27,049,"Minnesota","Goodhue County",1,13,657,334,323
050,27,049,"Minnesota","Goodhue County",1,14,640,316,324
050,27,049,"Minnesota","Goodhue County",1,15,642,332,310
050,27,049,"Minnesota","Goodhue County",1,16,642,341,301
050,27,049,"Minnesota","Goodhue County",1,17,639,353,286
050,27,049,"Minnesota","Goodhue County",1,18,533,309,224
050,27,049,"Minnesota","Goodhue County",1,19,421,231,190
050,27,049,"Minnesota","Goodhue County",1,20,426,227,199
050,27,049,"Minnesota","Goodhue County",1,21,456,239,217
050,27,049,"Minnesota","Goodhue County",1,22,493,246,247
050,27,049,"Minnesota","Goodhue County",1,23,500,249,251
050,27,049,"Minnesota","Goodhue County",1,24,483,241,242
050,27,049,"Minnesota","Goodhue County",1,25,482,242,240
050,27,049,"Minnesota","Goodhue County",1,26,531,281,250
050,27,049,"Minnesota","Goodhue County",1,27,528,266,262
050,27,049,"Minnesota","Goodhue County",1,28,526,268,258
050,27,049,"Minnesota","Goodhue County",1,29,513,270,243
050,27,049,"Minnesota","Goodhue County",1,30,526,281,245
050,27,049,"Minnesota","Goodhue County",1,31,527,278,249
050,27,049,"Minnesota","Goodhue County",1,32,523,268,255
050,27,049,"Minnesota","Goodhue County",1,33,539,268,271
050,27,049,"Minnesota","Goodhue County",1,34,564,284,280
050,27,049,"Minnesota","Goodhue County",1,35,586,281,305
050,27,049,"Minnesota","Goodhue County",1,36,628,326,302
050,27,049,"Minnesota","Goodhue County",1,37,642,334,308
050,27,049,"Minnesota","Goodhue County",1,38,609,305,304
050,27,049,"Minnesota","Goodhue County",1,39,615,308,307
050,27,049,"Minnesota","Goodhue County",1,40,596,313,283
050,27,049,"Minnesota","Goodhue County",1,41,565,289,276
050,27,049,"Minnesota","Goodhue County",1,42,554,273,281
050,27,049,"Minnesota","Goodhue County",1,43,537,262,275
050,27,049,"Minnesota","Goodhue County",1,44,541,267,274
050,27,049,"Minnesota","Goodhue County",1,45,516,258,258
050,27,049,"Minnesota","Goodhue County",1,46,485,242,243
050,27,049,"Minnesota","Goodhue County",1,47,528,266,262
050,27,049,"Minnesota","Goodhue County",1,48,570,296,274
050,27,049,"Minnesota","Goodhue County",1,49,585,301,284
050,27,049,"Minnesota","Goodhue County",1,50,569,298,271
050,27,049,"Minnesota","Goodhue County",1,51,561,276,285
050,27,049,"Minnesota","Goodhue County",1,52,568,292,276
050,27,049,"Minnesota","Goodhue County",1,53,601,306,295
050,27,049,"Minnesota","Goodhue County",1,54,642,308,334
050,27,049,"Minnesota","Goodhue County",1,55,678,340,338
050,27,049,"Minnesota","Goodhue County",1,56,746,391,355
050,27,049,"Minnesota","Goodhue County",1,57,778,382,396
050,27,049,"Minnesota","Goodhue County",1,58,795,398,397
050,27,049,"Minnesota","Goodhue County",1,59,805,418,387
050,27,049,"Minnesota","Goodhue County",1,60,763,391,372
050,27,049,"Minnesota","Goodhue County",1,61,723,358,365
050,27,049,"Minnesota","Goodhue County",1,62,730,369,361
050,27,049,"Minnesota","Goodhue County",1,63,710,345,365
050,27,049,"Minnesota","Goodhue County",1,64,681,332,349
050,27,049,"Minnesota","Goodhue County",1,65,684,342,342
050,27,049,"Minnesota","Goodhue County",1,66,654,326,328
050,27,049,"Minnesota","Goodhue County",1,67,661,342,319
050,27,049,"Minnesota","Goodhue County",1,68,615,316,299
050,27,049,"Minnesota","Goodhue County",1,69,528,262,266
050,27,049,"Minnesota","Goodhue County",1,70,489,232,257
050,27,049,"Minnesota","Goodhue County",1,71,516,258,258
050,27,049,"Minnesota","Goodhue County",1,72,510,235,275
050,27,049,"Minnesota","Goodhue County",1,73,509,259,250
050,27,049,"Minnesota","Goodhue County",1,74,366,175,191
050,27,049,"Minnesota","Goodhue County",1,75,364,180,184
050,27,049,"Minnesota","Goodhue County",1,76,375,184,191
050,27,049,"Minnesota","Goodhue County",1,77,352,159,193
050,27,049,"Minnesota","Goodhue County",1,78,283,120,163
050,27,049,"Minnesota","Goodhue County",1,79,266,118,148
050,27,049,"Minnesota","Goodhue County",1,80,252,118,134
050,27,049,"Minnesota","Goodhue County",1,81,237,111,126
050,27,049,"Minnesota","Goodhue County",1,82,233,104,129
050,27,049,"Minnesota","Goodhue County",1,83,205,85,120
050,27,049,"Minnesota","Goodhue County",1,84,194,77,117
050,27,049,"Minnesota","Goodhue County",1,85,1147,416,731
050,27,049,"Minnesota","Goodhue County",2,0,524,262,262
050,27,049,"Minnesota","Goodhue County",2,1,540,263,277
050,27,049,"Minnesota","Goodhue County",2,2,519,257,262
050,27,049,"Minnesota","Goodhue County",2,3,536,280,256
050,27,049,"Minnesota","Goodhue County",2,4,553,276,277
050,27,049,"Minnesota","Goodhue County",2,5,557,275,282
050,27,049,"Minnesota","Goodhue County",2,6,568,284,284
050,27,049,"Minnesota","Goodhue County",2,7,568,285,283
050,27,049,"Minnesota","Goodhue County",2,8,582,287,295
050,27,049,"Minnesota","Goodhue County",2,9,579,286,293
050,27,049,"Minnesota","Goodhue County",2,10,604,308,296
050,27,049,"Minnesota","Goodhue County",2,11,624,326,298
050,27,049,"Minnesota","Goodhue County",2,12,655,342,313
050,27,049,"Minnesota","Goodhue County",2,13,652,332,320
050,27,049,"Minnesota","Goodhue County",2,14,643,320,323
050,27,049,"Minnesota","Goodhue County",2,15,641,328,313
050,27,049,"Minnesota","Goodhue County",2,16,640,338,302
050,27,049,"Minnesota","Goodhue County",2,17,644,354,290
050,27,049,"Minnesota","Goodhue County",2,18,536,306,230
050,27,049,"Minnesota","Goodhue County",2,19,424,233,191
050,27,049,"Minnesota","Goodhue County",2,20,438,234,204
050,27,049,"Minnesota","Goodhue County",2,21,452,236,216
050,27,049,"Minnesota","Goodhue County",2,22,487,246,241
050,27,049,"Minnesota","Goodhue County",2,23,498,248,250
050,27,049,"Minnesota","Goodhue County",2,24,484,243,241
050,27,049,"Minnesota","Goodhue County",2,25,488,247,241
050,27,049,"Minnesota","Goodhue County",2,26,518,271,247
050,27,049,"Minnesota","Goodhue County",2,27,530,269,261
050,27,049,"Minnesota","Goodhue County",2,28,529,269,260
050,27,049,"Minnesota","Goodhue County",2,29,520,271,249
050,27,049,"Minnesota","Goodhue County",2,30,531,281,250
050,27,049,"Minnesota","Goodhue County",2,31,527,279,248
050,27,049,"Minnesota","Goodhue County",2,32,523,267,256
050,27,049,"Minnesota","Goodhue County",2,33,539,270,269
050,27,049,"Minnesota","Goodhue County",2,34,557,280,277
050,27,049,"Minnesota","Goodhue County",2,35,587,284,303
050,27,049,"Minnesota","Goodhue County",2,36,616,313,303
050,27,049,"Minnesota","Goodhue County",2,37,640,332,308
050,27,049,"Minnesota","Goodhue County",2,38,620,314,306
050,27,049,"Minnesota","Goodhue County",2,39,611,306,305
050,27,049,"Minnesota","Goodhue County",2,40,603,313,290
050,27,049,"Minnesota","Goodhue County",2,41,574,296,278
050,27,049,"Minnesota","Goodhue County",2,42,555,275,280
050,27,049,"Minnesota","Goodhue County",2,43,546,266,280
050,27,049,"Minnesota","Goodhue County",2,44,532,263,269
050,27,049,"Minnesota","Goodhue County",2,45,523,261,262
050,27,049,"Minnesota","Goodhue County",2,46,493,248,245
050,27,049,"Minnesota","Goodhue County",2,47,516,260,256
050,27,049,"Minnesota","Goodhue County",2,48,558,285,273
050,27,049,"Minnesota","Goodhue County",2,49,584,301,283
050,27,049,"Minnesota","Goodhue County",2,50,575,299,276
050,27,049,"Minnesota","Goodhue County",2,51,561,280,281
050,27,049,"Minnesota","Goodhue County",2,52,564,288,276
050,27,049,"Minnesota","Goodhue County",2,53,596,304,292
050,27,049,"Minnesota","Goodhue County",2,54,632,309,323
050,27,049,"Minnesota","Goodhue County",2,55,670,333,337
050,27,049,"Minnesota","Goodhue County",2,56,729,379,350
050,27,049,"Minnesota","Goodhue County",2,57,770,384,386
050,27,049,"Minnesota","Goodhue County",2,58,788,392,396
050,27,049,"Minnesota","Goodhue County",2,59,804,413,391
050,27,049,"Minnesota","Goodhue County",2,60,771,396,375
050,27,049,"Minnesota","Goodhue County",2,61,728,365,363
050,27,049,"Minnesota","Goodhue County",2,62,731,368,363
050,27,049,"Minnesota","Goodhue County",2,63,719,352,367
050,27,049,"Minnesota","Goodhue County",2,64,686,335,351
050,27,049,"Minnesota","Goodhue County",2,65,684,340,344
050,27,049,"Minnesota","Goodhue County",2,66,660,329,331
050,27,049,"Minnesota","Goodhue County",2,67,652,334,318
050,27,049,"Minnesota","Goodhue County",2,68,621,322,299
050,27,049,"Minnesota","Goodhue County",2,69,544,272,272
050,27,049,"Minnesota","Goodhue County",2,70,498,238,260
050,27,049,"Minnesota","Goodhue County",2,71,509,252,257
050,27,049,"Minnesota","Goodhue County",2,72,494,230,264
050,27,049,"Minnesota","Goodhue County",2,73,533,266,267
050,27,049,"Minnesota","Goodhue County",2,74,373,179,194
050,27,049,"Minnesota","Goodhue County",2,75,367,181,186
050,27,049,"Minnesota","Goodhue County",2,76,368,182,186
050,27,049,"Minnesota","Goodhue County",2,77,360,165,195
050,27,049,"Minnesota","Goodhue County",2,78,294,126,168
050,27,049,"Minnesota","Goodhue County",2,79,262,116,146
050,27,049,"Minnesota","Goodhue County",2,80,253,118,135
050,27,049,"Minnesota","Goodhue County",2,81,237,111,126
050,27,049,"Minnesota","Goodhue County",2,82,230,101,129
050,27,049,"Minnesota","Goodhue County",2,83,211,89,122
050,27,049,"Minnesota","Goodhue County",2,84,188,77,111
050,27,049,"Minnesota","Goodhue County",2,85,1148,420,728
050,27,049,"Minnesota","Goodhue County",3,0,486,260,226
050,27,049,"Minnesota","Goodhue County",3,1,552,284,268
050,27,049,"Minnesota","Goodhue County",3,2,571,278,293
050,27,049,"Minnesota","Goodhue County",3,3,545,279,266
050,27,049,"Minnesota","Goodhue County",3,4,546,285,261
050,27,049,"Minnesota","Goodhue County",3,5,560,273,287
050,27,049,"Minnesota","Goodhue County",3,6,578,287,291
050,27,049,"Minnesota","Goodhue County",3,7,565,278,287
050,27,049,"Minnesota","Goodhue County",3,8,585,288,297
050,27,049,"Minnesota","Goodhue County",3,9,585,290,295
050,27,049,"Minnesota","Goodhue County",3,10,609,305,304
050,27,049,"Minnesota","Goodhue County",3,11,600,310,290
050,27,049,"Minnesota","Goodhue County",3,12,632,334,298
050,27,049,"Minnesota","Goodhue County",3,13,640,334,306
050,27,049,"Minnesota","Goodhue County",3,14,658,334,324
050,27,049,"Minnesota","Goodhue County",3,15,643,327,316
050,27,049,"Minnesota","Goodhue County",3,16,639,326,313
050,27,049,"Minnesota","Goodhue County",3,17,659,353,306
050,27,049,"Minnesota","Goodhue County",3,18,546,313,233
050,27,049,"Minnesota","Goodhue County",3,19,418,232,186
050,27,049,"Minnesota","Goodhue County",3,20,456,250,206
050,27,049,"Minnesota","Goodhue County",3,21,447,226,221
050,27,049,"Minnesota","Goodhue County",3,22,487,251,236
050,27,049,"Minnesota","Goodhue County",3,23,519,259,260
050,27,049,"Minnesota","Goodhue County",3,24,495,247,248
050,27,049,"Minnesota","Goodhue County",3,25,503,260,243
050,27,049,"Minnesota","Goodhue County",3,26,531,265,266
050,27,049,"Minnesota","Goodhue County",3,27,537,281,256
050,27,049,"Minnesota","Goodhue County",3,28,566,290,276
050,27,049,"Minnesota","Goodhue County",3,29,551,280,271
050,27,049,"Minnesota","Goodhue County",3,30,559,287,272
050,27,049,"Minnesota","Goodhue County",3,31,528,284,244
050,27,049,"Minnesota","Goodhue County",3,32,540,278,262
050,27,049,"Minnesota","Goodhue County",3,33,553,289,264
050,27,049,"Minnesota","Goodhue County",3,34,556,278,278
050,27,049,"Minnesota","Goodhue County",3,35,581,292,289
050,27,049,"Minnesota","Goodhue County",3,36,611,292,319
050,27,049,"Minnesota","Goodhue County",3,37,627,327,300
050,27,049,"Minnesota","Goodhue County",3,38,632,318,314
050,27,049,"Minnesota","Goodhue County",3,39,637,321,316
050,27,049,"Minnesota","Goodhue County",3,40,615,300,315
050,27,049,"Minnesota","Goodhue County",3,41,619,323,296
050,27,049,"Minnesota","Goodhue County",3,42,576,291,285
050,27,049,"Minnesota","Goodhue County",3,43,562,288,274
050,27,049,"Minnesota","Goodhue County",3,44,546,268,278
050,27,049,"Minnesota","Goodhue County",3,45,530,267,263
050,27,049,"Minnesota","Goodhue County",3,46,532,272,260
050,27,049,"Minnesota","Goodhue County",3,47,494,249,245
050,27,049,"Minnesota","Goodhue County",3,48,528,266,262
050,27,049,"Minnesota","Goodhue County",3,49,580,294,286
050,27,049,"Minnesota","Goodhue County",3,50,587,297,290
050,27,049,"Minnesota","Goodhue County",3,51,572,296,276
050,27,049,"Minnesota","Goodhue County",3,52,568,285,283
050,27,049,"Minnesota","Goodhue County",3,53,561,281,280
050,27,049,"Minnesota","Goodhue County",3,54,602,301,301
050,27,049,"Minnesota","Goodhue County",3,55,623,302,321
050,27,049,"Minnesota","Goodhue County",3,56,688,344,344
050,27,049,"Minnesota","Goodhue County",3,57,727,380,347
050,27,049,"Minnesota","Goodhue County",3,58,765,371,394
050,27,049,"Minnesota","Goodhue County",3,59,783,390,393
050,27,049,"Minnesota","Goodhue County",3,60,793,412,381
050,27,049,"Minnesota","Goodhue County",3,61,761,389,372
050,27,049,"Minnesota","Goodhue County",3,62,741,371,370
050,27,049,"Minnesota","Goodhue County",3,63,729,361,368
050,27,049,"Minnesota","Goodhue County",3,64,712,347,365
050,27,049,"Minnesota","Goodhue County",3,65,670,323,347
050,27,049,"Minnesota","Goodhue County",3,66,667,327,340
050,27,049,"Minnesota","Goodhue County",3,67,653,315,338
050,27,049,"Minnesota","Goodhue County",3,68,647,334,313
050,27,049,"Minnesota","Goodhue County",3,69,611,317,294
050,27,049,"Minnesota","Goodhue County",3,70,540,273,267
050,27,049,"Minnesota","Goodhue County",3,71,493,232,261
050,27,049,"Minnesota","Goodhue County",3,72,487,237,250
050,27,049,"Minnesota","Goodhue County",3,73,487,228,259
050,27,049,"Minnesota","Goodhue County",3,74,515,252,263
050,27,049,"Minnesota","Goodhue County",3,75,368,177,191
050,27,049,"Minnesota","Goodhue County",3,76,366,181,185
050,27,049,"Minnesota","Goodhue County",3,77,353,170,183
050,27,049,"Minnesota","Goodhue County",3,78,337,154,183
050,27,049,"Minnesota","Goodhue County",3,79,292,126,166
050,27,049,"Minnesota","Goodhue County",3,80,251,111,140
050,27,049,"Minnesota","Goodhue County",3,81,242,109,133
050,27,049,"Minnesota","Goodhue County",3,82,205,91,114
050,27,049,"Minnesota","Goodhue County",3,83,218,92,126
050,27,049,"Minnesota","Goodhue County",3,84,199,85,114
050,27,049,"Minnesota","Goodhue County",3,85,1114,407,707
050,27,049,"Minnesota","Goodhue County",4,0,494,270,224
050,27,049,"Minnesota","Goodhue County",4,1,480,252,228
050,27,049,"Minnesota","Goodhue County",4,2,551,282,269
050,27,049,"Minnesota","Goodhue County",4,3,581,281,300
050,27,049,"Minnesota","Goodhue County",4,4,556,280,276
050,27,049,"Minnesota","Goodhue County",4,5,552,283,269
050,27,049,"Minnesota","Goodhue County",4,6,558,273,285
050,27,049,"Minnesota","Goodhue County",4,7,585,303,282
050,27,049,"Minnesota","Goodhue County",4,8,574,287,287
050,27,049,"Minnesota","Goodhue County",4,9,607,307,300
050,27,049,"Minnesota","Goodhue County",4,10,611,313,298
050,27,049,"Minnesota","Goodhue County",4,11,599,304,295
050,27,049,"Minnesota","Goodhue County",4,12,605,313,292
050,27,049,"Minnesota","Goodhue County",4,13,624,329,295
050,27,049,"Minnesota","Goodhue County",4,14,646,336,310
050,27,049,"Minnesota","Goodhue County",4,15,667,343,324
050,27,049,"Minnesota","Goodhue County",4,16,636,332,304
050,27,049,"Minnesota","Goodhue County",4,17,664,350,314
050,27,049,"Minnesota","Goodhue County",4,18,562,311,251
050,27,049,"Minnesota","Goodhue County",4,19,406,234,172
050,27,049,"Minnesota","Goodhue County",4,20,429,243,186
050,27,049,"Minnesota","Goodhue County",4,21,441,234,207
050,27,049,"Minnesota","Goodhue County",4,22,465,231,234
050,27,049,"Minnesota","Goodhue County",4,23,499,262,237
050,27,049,"Minnesota","Goodhue County",4,24,522,262,260
050,27,049,"Minnesota","Goodhue County",4,25,503,254,249
050,27,049,"Minnesota","Goodhue County",4,26,484,248,236
050,27,049,"Minnesota","Goodhue County",4,27,537,271,266
050,27,049,"Minnesota","Goodhue County",4,28,549,286,263
050,27,049,"Minnesota","Goodhue County",4,29,554,287,267
050,27,049,"Minnesota","Goodhue County",4,30,572,294,278
050,27,049,"Minnesota","Goodhue County",4,31,570,295,275
050,27,049,"Minnesota","Goodhue County",4,32,555,293,262
050,27,049,"Minnesota","Goodhue County",4,33,563,287,276
050,27,049,"Minnesota","Goodhue County",4,34,563,290,273
050,27,049,"Minnesota","Goodhue County",4,35,567,275,292
050,27,049,"Minnesota","Goodhue County",4,36,603,300,303
050,27,049,"Minnesota","Goodhue County",4,37,630,300,330
050,27,049,"Minnesota","Goodhue County",4,38,643,341,302
050,27,049,"Minnesota","Goodhue County",4,39,632,309,323
050,27,049,"Minnesota","Goodhue County",4,40,647,324,323
050,27,049,"Minnesota","Goodhue County",4,41,624,309,315
050,27,049,"Minnesota","Goodhue County",4,42,609,314,295
050,27,049,"Minnesota","Goodhue County",4,43,580,302,278
050,27,049,"Minnesota","Goodhue County",4,44,566,295,271
050,27,049,"Minnesota","Goodhue County",4,45,554,271,283
050,27,049,"Minnesota","Goodhue County",4,46,510,258,252
050,27,049,"Minnesota","Goodhue County",4,47,523,267,256
050,27,049,"Minnesota","Goodhue County",4,48,505,254,251
050,27,049,"Minnesota","Goodhue County",4,49,526,268,258
050,27,049,"Minnesota","Goodhue County",4,50,558,281,277
050,27,049,"Minnesota","Goodhue County",4,51,575,295,280
050,27,049,"Minnesota","Goodhue County",4,52,589,304,285
050,27,049,"Minnesota","Goodhue County",4,53,564,284,280
050,27,049,"Minnesota","Goodhue County",4,54,568,284,284
050,27,049,"Minnesota","Goodhue County",4,55,596,301,295
050,27,049,"Minnesota","Goodhue County",4,56,636,307,329
050,27,049,"Minnesota","Goodhue County",4,57,688,350,338
050,27,049,"Minnesota","Goodhue County",4,58,720,370,350
050,27,049,"Minnesota","Goodhue County",4,59,762,368,394
050,27,049,"Minnesota","Goodhue County",4,60,769,388,381
050,27,049,"Minnesota","Goodhue County",4,61,778,400,378
050,27,049,"Minnesota","Goodhue County",4,62,764,397,367
050,27,049,"Minnesota","Goodhue County",4,63,736,368,368
050,27,049,"Minnesota","Goodhue County",4,64,725,353,372
050,27,049,"Minnesota","Goodhue County",4,65,714,350,364
050,27,049,"Minnesota","Goodhue County",4,66,650,311,339
050,27,049,"Minnesota","Goodhue County",4,67,657,318,339
050,27,049,"Minnesota","Goodhue County",4,68,655,315,340
050,27,049,"Minnesota","Goodhue County",4,69,635,327,308
050,27,049,"Minnesota","Goodhue County",4,70,604,319,285
050,27,049,"Minnesota","Goodhue County",4,71,535,274,261
050,27,049,"Minnesota","Goodhue County",4,72,478,214,264
050,27,049,"Minnesota","Goodhue County",4,73,476,237,239
050,27,049,"Minnesota","Goodhue County",4,74,466,215,251
050,27,049,"Minnesota","Goodhue County",4,75,494,235,259
050,27,049,"Minnesota","Goodhue County",4,76,361,175,186
050,27,049,"Minnesota","Goodhue County",4,77,347,170,177
050,27,049,"Minnesota","Goodhue County",4,78,337,163,174
050,27,049,"Minnesota","Goodhue County",4,79,332,149,183
050,27,049,"Minnesota","Goodhue County",4,80,277,118,159
050,27,049,"Minnesota","Goodhue County",4,81,246,107,139
050,27,049,"Minnesota","Goodhue County",4,82,212,86,126
050,27,049,"Minnesota","Goodhue County",4,83,188,80,108
050,27,049,"Minnesota","Goodhue County",4,84,202,89,113
050,27,049,"Minnesota","Goodhue County",4,85,1064,388,676
050,27,049,"Minnesota","Goodhue County",5,0,485,267,218
050,27,049,"Minnesota","Goodhue County",5,1,506,278,228
050,27,049,"Minnesota","Goodhue County",5,2,504,269,235
050,27,049,"Minnesota","Goodhue County",5,3,563,284,279
050,27,049,"Minnesota","Goodhue County",5,4,568,273,295
050,27,049,"Minnesota","Goodhue County",5,5,569,292,277
050,27,049,"Minnesota","Goodhue County",5,6,557,291,266
050,27,049,"Minnesota","Goodhue County",5,7,547,273,274
050,27,049,"Minnesota","Goodhue County",5,8,579,295,284
050,27,049,"Minnesota","Goodhue County",5,9,552,281,271
050,27,049,"Minnesota","Goodhue County",5,10,605,304,301
050,27,049,"Minnesota","Goodhue County",5,11,592,294,298
050,27,049,"Minnesota","Goodhue County",5,12,593,297,296
050,27,049,"Minnesota","Goodhue County",5,13,608,314,294
050,27,049,"Minnesota","Goodhue County",5,14,629,332,297
050,27,049,"Minnesota","Goodhue County",5,15,640,335,305
050,27,049,"Minnesota","Goodhue County",5,16,665,344,321
050,27,049,"Minnesota","Goodhue County",5,17,666,359,307
050,27,049,"Minnesota","Goodhue County",5,18,557,307,250
050,27,049,"Minnesota","Goodhue County",5,19,429,228,201
050,27,049,"Minnesota","Goodhue County",5,20,430,241,189
050,27,049,"Minnesota","Goodhue County",5,21,445,246,199
050,27,049,"Minnesota","Goodhue County",5,22,494,250,244
050,27,049,"Minnesota","Goodhue County",5,23,471,240,231
050,27,049,"Minnesota","Goodhue County",5,24,503,267,236
050,27,049,"Minnesota","Goodhue County",5,25,521,255,266
050,27,049,"Minnesota","Goodhue County",5,26,526,280,246
050,27,049,"Minnesota","Goodhue County",5,27,502,261,241
050,27,049,"Minnesota","Goodhue County",5,28,538,271,267
050,27,049,"Minnesota","Goodhue County",5,29,531,274,257
050,27,049,"Minnesota","Goodhue County",5,30,580,304,276
050,27,049,"Minnesota","Goodhue County",5,31,565,290,275
050,27,049,"Minnesota","Goodhue County",5,32,587,304,283
050,27,049,"Minnesota","Goodhue County",5,33,572,304,268
050,27,049,"Minnesota","Goodhue County",5,34,564,287,277
050,27,049,"Minnesota","Goodhue County",5,35,579,295,284
050,27,049,"Minnesota","Goodhue County",5,36,583,285,298
050,27,049,"Minnesota","Goodhue County",5,37,606,300,306
050,27,049,"Minnesota","Goodhue County",5,38,636,310,326
050,27,049,"Minnesota","Goodhue County",5,39,635,328,307
050,27,049,"Minnesota","Goodhue County",5,40,630,313,317
050,27,049,"Minnesota","Goodhue County",5,41,655,329,326
050,27,049,"Minnesota","Goodhue County",5,42,629,314,315
050,27,049,"Minnesota","Goodhue County",5,43,623,321,302
050,27,049,"Minnesota","Goodhue County",5,44,576,295,281
050,27,049,"Minnesota","Goodhue County",5,45,568,290,278
050,27,049,"Minnesota","Goodhue County",5,46,539,266,273
050,27,049,"Minnesota","Goodhue County",5,47,506,260,246
050,27,049,"Minnesota","Goodhue County",5,48,507,258,249
050,27,049,"Minnesota","Goodhue County",5,49,511,264,247
050,27,049,"Minnesota","Goodhue County",5,50,523,261,262
050,27,049,"Minnesota","Goodhue County",5,51,551,273,278
050,27,049,"Minnesota","Goodhue County",5,52,581,299,282
050,27,049,"Minnesota","Goodhue County",5,53,591,302,289
050,27,049,"Minnesota","Goodhue County",5,54,564,290,274
050,27,049,"Minnesota","Goodhue County",5,55,558,281,277
050,27,049,"Minnesota","Goodhue County",5,56,602,292,310
050,27,049,"Minnesota","Goodhue County",5,57,640,314,326
050,27,049,"Minnesota","Goodhue County",5,58,691,346,345
050,27,049,"Minnesota","Goodhue County",5,59,706,362,344
050,27,049,"Minnesota","Goodhue County",5,60,753,365,388
050,27,049,"Minnesota","Goodhue County",5,61,760,385,375
050,27,049,"Minnesota","Goodhue County",5,62,784,406,378
050,27,049,"Minnesota","Goodhue County",5,63,754,386,368
050,27,049,"Minnesota","Goodhue County",5,64,739,367,372
050,27,049,"Minnesota","Goodhue County",5,65,719,349,370
050,27,049,"Minnesota","Goodhue County",5,66,707,342,365
050,27,049,"Minnesota","Goodhue County",5,67,637,294,343
050,27,049,"Minnesota","Goodhue County",5,68,658,320,338
050,27,049,"Minnesota","Goodhue County",5,69,634,304,330
050,27,049,"Minnesota","Goodhue County",5,70,627,320,307
050,27,049,"Minnesota","Goodhue County",5,71,598,319,279
050,27,049,"Minnesota","Goodhue County",5,72,527,266,261
050,27,049,"Minnesota","Goodhue County",5,73,471,223,248
050,27,049,"Minnesota","Goodhue County",5,74,451,224,227
050,27,049,"Minnesota","Goodhue County",5,75,453,208,245
050,27,049,"Minnesota","Goodhue County",5,76,482,231,251
050,27,049,"Minnesota","Goodhue County",5,77,350,167,183
050,27,049,"Minnesota","Goodhue County",5,78,334,167,167
050,27,049,"Minnesota","Goodhue County",5,79,326,159,167
050,27,049,"Minnesota","Goodhue County",5,80,313,138,175
050,27,049,"Minnesota","Goodhue County",5,81,272,119,153
050,27,049,"Minnesota","Goodhue County",5,82,222,88,134
050,27,049,"Minnesota","Goodhue County",5,83,206,79,127
050,27,049,"Minnesota","Goodhue County",5,84,170,73,97
050,27,049,"Minnesota","Goodhue County",5,85,1055,389,666
050,27,051,"Minnesota","Grant County",1,0,60,30,30
050,27,051,"Minnesota","Grant County",1,1,67,36,31
050,27,051,"Minnesota","Grant County",1,2,62,37,25
050,27,051,"Minnesota","Grant County",1,3,66,35,31
050,27,051,"Minnesota","Grant County",1,4,74,31,43
050,27,051,"Minnesota","Grant County",1,5,87,42,45
050,27,051,"Minnesota","Grant County",1,6,90,44,46
050,27,051,"Minnesota","Grant County",1,7,80,44,36
050,27,051,"Minnesota","Grant County",1,8,72,36,36
050,27,051,"Minnesota","Grant County",1,9,82,42,40
050,27,051,"Minnesota","Grant County",1,10,83,44,39
050,27,051,"Minnesota","Grant County",1,11,81,39,42
050,27,051,"Minnesota","Grant County",1,12,89,44,45
050,27,051,"Minnesota","Grant County",1,13,80,40,40
050,27,051,"Minnesota","Grant County",1,14,91,44,47
050,27,051,"Minnesota","Grant County",1,15,82,39,43
050,27,051,"Minnesota","Grant County",1,16,86,43,43
050,27,051,"Minnesota","Grant County",1,17,80,41,39
050,27,051,"Minnesota","Grant County",1,18,61,33,28
050,27,051,"Minnesota","Grant County",1,19,46,27,19
050,27,051,"Minnesota","Grant County",1,20,41,24,17
050,27,051,"Minnesota","Grant County",1,21,53,30,23
050,27,051,"Minnesota","Grant County",1,22,42,22,20
050,27,051,"Minnesota","Grant County",1,23,46,27,19
050,27,051,"Minnesota","Grant County",1,24,56,26,30
050,27,051,"Minnesota","Grant County",1,25,60,27,33
050,27,051,"Minnesota","Grant County",1,26,68,31,37
050,27,051,"Minnesota","Grant County",1,27,56,31,25
050,27,051,"Minnesota","Grant County",1,28,66,30,36
050,27,051,"Minnesota","Grant County",1,29,65,31,34
050,27,051,"Minnesota","Grant County",1,30,61,33,28
050,27,051,"Minnesota","Grant County",1,31,60,35,25
050,27,051,"Minnesota","Grant County",1,32,65,31,34
050,27,051,"Minnesota","Grant County",1,33,73,41,32
050,27,051,"Minnesota","Grant County",1,34,78,38,40
050,27,051,"Minnesota","Grant County",1,35,65,29,36
050,27,051,"Minnesota","Grant County",1,36,71,33,38
050,27,051,"Minnesota","Grant County",1,37,80,39,41
050,27,051,"Minnesota","Grant County",1,38,79,42,37
050,27,051,"Minnesota","Grant County",1,39,74,35,39
050,27,051,"Minnesota","Grant County",1,40,74,42,32
050,27,051,"Minnesota","Grant County",1,41,69,40,29
050,27,051,"Minnesota","Grant County",1,42,63,34,29
050,27,051,"Minnesota","Grant County",1,43,69,37,32
050,27,051,"Minnesota","Grant County",1,44,69,33,36
050,27,051,"Minnesota","Grant County",1,45,74,37,37
050,27,051,"Minnesota","Grant County",1,46,69,39,30
050,27,051,"Minnesota","Grant County",1,47,60,36,24
050,27,051,"Minnesota","Grant County",1,48,65,34,31
050,27,051,"Minnesota","Grant County",1,49,53,31,22
050,27,051,"Minnesota","Grant County",1,50,63,34,29
050,27,051,"Minnesota","Grant County",1,51,64,33,31
050,27,051,"Minnesota","Grant County",1,52,67,31,36
050,27,051,"Minnesota","Grant County",1,53,61,30,31
050,27,051,"Minnesota","Grant County",1,54,64,34,30
050,27,051,"Minnesota","Grant County",1,55,78,43,35
050,27,051,"Minnesota","Grant County",1,56,80,44,36
050,27,051,"Minnesota","Grant County",1,57,98,47,51
050,27,051,"Minnesota","Grant County",1,58,98,43,55
050,27,051,"Minnesota","Grant County",1,59,91,44,47
050,27,051,"Minnesota","Grant County",1,60,97,53,44
050,27,051,"Minnesota","Grant County",1,61,91,46,45
050,27,051,"Minnesota","Grant County",1,62,94,45,49
050,27,051,"Minnesota","Grant County",1,63,95,49,46
050,27,051,"Minnesota","Grant County",1,64,99,53,46
050,27,051,"Minnesota","Grant County",1,65,92,45,47
050,27,051,"Minnesota","Grant County",1,66,87,42,45
050,27,051,"Minnesota","Grant County",1,67,74,41,33
050,27,051,"Minnesota","Grant County",1,68,72,36,36
050,27,051,"Minnesota","Grant County",1,69,84,39,45
050,27,051,"Minnesota","Grant County",1,70,83,38,45
050,27,051,"Minnesota","Grant County",1,71,81,41,40
050,27,051,"Minnesota","Grant County",1,72,80,38,42
050,27,051,"Minnesota","Grant County",1,73,73,40,33
050,27,051,"Minnesota","Grant County",1,74,45,26,19
050,27,051,"Minnesota","Grant County",1,75,54,32,22
050,27,051,"Minnesota","Grant County",1,76,53,24,29
050,27,051,"Minnesota","Grant County",1,77,52,28,24
050,27,051,"Minnesota","Grant County",1,78,52,27,25
050,27,051,"Minnesota","Grant County",1,79,54,27,27
050,27,051,"Minnesota","Grant County",1,80,44,21,23
050,27,051,"Minnesota","Grant County",1,81,34,17,17
050,27,051,"Minnesota","Grant County",1,82,29,13,16
050,27,051,"Minnesota","Grant County",1,83,31,16,15
050,27,051,"Minnesota","Grant County",1,84,32,13,19
050,27,051,"Minnesota","Grant County",1,85,185,77,108
050,27,051,"Minnesota","Grant County",2,0,68,35,33
050,27,051,"Minnesota","Grant County",2,1,65,35,30
050,27,051,"Minnesota","Grant County",2,2,65,38,27
050,27,051,"Minnesota","Grant County",2,3,65,35,30
050,27,051,"Minnesota","Grant County",2,4,73,32,41
050,27,051,"Minnesota","Grant County",2,5,85,40,45
050,27,051,"Minnesota","Grant County",2,6,89,44,45
050,27,051,"Minnesota","Grant County",2,7,81,43,38
050,27,051,"Minnesota","Grant County",2,8,74,38,36
050,27,051,"Minnesota","Grant County",2,9,80,40,40
050,27,051,"Minnesota","Grant County",2,10,83,43,40
050,27,051,"Minnesota","Grant County",2,11,82,40,42
050,27,051,"Minnesota","Grant County",2,12,87,42,45
050,27,051,"Minnesota","Grant County",2,13,82,40,42
050,27,051,"Minnesota","Grant County",2,14,90,44,46
050,27,051,"Minnesota","Grant County",2,15,86,41,45
050,27,051,"Minnesota","Grant County",2,16,85,42,43
050,27,051,"Minnesota","Grant County",2,17,82,41,41
050,27,051,"Minnesota","Grant County",2,18,64,34,30
050,27,051,"Minnesota","Grant County",2,19,48,27,21
050,27,051,"Minnesota","Grant County",2,20,45,26,19
050,27,051,"Minnesota","Grant County",2,21,51,30,21
050,27,051,"Minnesota","Grant County",2,22,46,25,21
050,27,051,"Minnesota","Grant County",2,23,46,26,20
050,27,051,"Minnesota","Grant County",2,24,53,25,28
050,27,051,"Minnesota","Grant County",2,25,59,27,32
050,27,051,"Minnesota","Grant County",2,26,66,31,35
050,27,051,"Minnesota","Grant County",2,27,58,30,28
050,27,051,"Minnesota","Grant County",2,28,65,31,34
050,27,051,"Minnesota","Grant County",2,29,65,31,34
050,27,051,"Minnesota","Grant County",2,30,62,33,29
050,27,051,"Minnesota","Grant County",2,31,62,35,27
050,27,051,"Minnesota","Grant County",2,32,64,32,32
050,27,051,"Minnesota","Grant County",2,33,72,39,33
050,27,051,"Minnesota","Grant County",2,34,77,38,39
050,27,051,"Minnesota","Grant County",2,35,68,30,38
050,27,051,"Minnesota","Grant County",2,36,68,32,36
050,27,051,"Minnesota","Grant County",2,37,77,37,40
050,27,051,"Minnesota","Grant County",2,38,80,41,39
050,27,051,"Minnesota","Grant County",2,39,76,37,39
050,27,051,"Minnesota","Grant County",2,40,75,41,34
050,27,051,"Minnesota","Grant County",2,41,69,39,30
050,27,051,"Minnesota","Grant County",2,42,65,36,29
050,27,051,"Minnesota","Grant County",2,43,69,37,32
050,27,051,"Minnesota","Grant County",2,44,69,34,35
050,27,051,"Minnesota","Grant County",2,45,74,36,38
050,27,051,"Minnesota","Grant County",2,46,71,39,32
050,27,051,"Minnesota","Grant County",2,47,62,36,26
050,27,051,"Minnesota","Grant County",2,48,62,34,28
050,27,051,"Minnesota","Grant County",2,49,55,31,24
050,27,051,"Minnesota","Grant County",2,50,59,33,26
050,27,051,"Minnesota","Grant County",2,51,62,33,29
050,27,051,"Minnesota","Grant County",2,52,67,32,35
050,27,051,"Minnesota","Grant County",2,53,63,30,33
050,27,051,"Minnesota","Grant County",2,54,63,33,30
050,27,051,"Minnesota","Grant County",2,55,76,42,34
050,27,051,"Minnesota","Grant County",2,56,81,45,36
050,27,051,"Minnesota","Grant County",2,57,95,47,48
050,27,051,"Minnesota","Grant County",2,58,98,44,54
050,27,051,"Minnesota","Grant County",2,59,92,43,49
050,27,051,"Minnesota","Grant County",2,60,95,51,44
050,27,051,"Minnesota","Grant County",2,61,91,46,45
050,27,051,"Minnesota","Grant County",2,62,92,45,47
050,27,051,"Minnesota","Grant County",2,63,96,49,47
050,27,051,"Minnesota","Grant County",2,64,97,51,46
050,27,051,"Minnesota","Grant County",2,65,93,47,46
050,27,051,"Minnesota","Grant County",2,66,88,43,45
050,27,051,"Minnesota","Grant County",2,67,78,41,37
050,27,051,"Minnesota","Grant County",2,68,71,36,35
050,27,051,"Minnesota","Grant County",2,69,82,38,44
050,27,051,"Minnesota","Grant County",2,70,82,38,44
050,27,051,"Minnesota","Grant County",2,71,82,40,42
050,27,051,"Minnesota","Grant County",2,72,79,38,41
050,27,051,"Minnesota","Grant County",2,73,78,41,37
050,27,051,"Minnesota","Grant County",2,74,48,27,21
050,27,051,"Minnesota","Grant County",2,75,52,31,21
050,27,051,"Minnesota","Grant County",2,76,52,25,27
050,27,051,"Minnesota","Grant County",2,77,53,28,25
050,27,051,"Minnesota","Grant County",2,78,50,26,24
050,27,051,"Minnesota","Grant County",2,79,53,26,27
050,27,051,"Minnesota","Grant County",2,80,46,22,24
050,27,051,"Minnesota","Grant County",2,81,36,18,18
050,27,051,"Minnesota","Grant County",2,82,30,14,16
050,27,051,"Minnesota","Grant County",2,83,30,15,15
050,27,051,"Minnesota","Grant County",2,84,31,13,18
050,27,051,"Minnesota","Grant County",2,85,187,78,109
050,27,051,"Minnesota","Grant County",3,0,56,27,29
050,27,051,"Minnesota","Grant County",3,1,73,39,34
050,27,051,"Minnesota","Grant County",3,2,59,32,27
050,27,051,"Minnesota","Grant County",3,3,69,39,30
050,27,051,"Minnesota","Grant County",3,4,63,34,29
050,27,051,"Minnesota","Grant County",3,5,81,38,43
050,27,051,"Minnesota","Grant County",3,6,90,40,50
050,27,051,"Minnesota","Grant County",3,7,92,44,48
050,27,051,"Minnesota","Grant County",3,8,83,46,37
050,27,051,"Minnesota","Grant County",3,9,81,40,41
050,27,051,"Minnesota","Grant County",3,10,73,38,35
050,27,051,"Minnesota","Grant County",3,11,95,48,47
050,27,051,"Minnesota","Grant County",3,12,78,39,39
050,27,051,"Minnesota","Grant County",3,13,82,39,43
050,27,051,"Minnesota","Grant County",3,14,87,46,41
050,27,051,"Minnesota","Grant County",3,15,95,50,45
050,27,051,"Minnesota","Grant County",3,16,83,37,46
050,27,051,"Minnesota","Grant County",3,17,78,39,39
050,27,051,"Minnesota","Grant County",3,18,67,35,32
050,27,051,"Minnesota","Grant County",3,19,48,24,24
050,27,051,"Minnesota","Grant County",3,20,50,30,20
050,27,051,"Minnesota","Grant County",3,21,43,25,18
050,27,051,"Minnesota","Grant County",3,22,55,30,25
050,27,051,"Minnesota","Grant County",3,23,54,32,22
050,27,051,"Minnesota","Grant County",3,24,47,26,21
050,27,051,"Minnesota","Grant County",3,25,59,25,34
050,27,051,"Minnesota","Grant County",3,26,57,31,26
050,27,051,"Minnesota","Grant County",3,27,66,27,39
050,27,051,"Minnesota","Grant County",3,28,66,31,35
050,27,051,"Minnesota","Grant County",3,29,67,29,38
050,27,051,"Minnesota","Grant County",3,30,76,40,36
050,27,051,"Minnesota","Grant County",3,31,73,41,32
050,27,051,"Minnesota","Grant County",3,32,71,42,29
050,27,051,"Minnesota","Grant County",3,33,75,39,36
050,27,051,"Minnesota","Grant County",3,34,77,43,34
050,27,051,"Minnesota","Grant County",3,35,70,35,35
050,27,051,"Minnesota","Grant County",3,36,69,29,40
050,27,051,"Minnesota","Grant County",3,37,70,33,37
050,27,051,"Minnesota","Grant County",3,38,78,38,40
050,27,051,"Minnesota","Grant County",3,39,85,45,40
050,27,051,"Minnesota","Grant County",3,40,82,42,40
050,27,051,"Minnesota","Grant County",3,41,79,40,39
050,27,051,"Minnesota","Grant County",3,42,71,42,29
050,27,051,"Minnesota","Grant County",3,43,67,36,31
050,27,051,"Minnesota","Grant County",3,44,68,36,32
050,27,051,"Minnesota","Grant County",3,45,65,32,33
050,27,051,"Minnesota","Grant County",3,46,69,35,34
050,27,051,"Minnesota","Grant County",3,47,68,40,28
050,27,051,"Minnesota","Grant County",3,48,62,38,24
050,27,051,"Minnesota","Grant County",3,49,55,29,26
050,27,051,"Minnesota","Grant County",3,50,56,30,26
050,27,051,"Minnesota","Grant County",3,51,61,35,26
050,27,051,"Minnesota","Grant County",3,52,65,35,30
050,27,051,"Minnesota","Grant County",3,53,66,27,39
050,27,051,"Minnesota","Grant County",3,54,60,28,32
050,27,051,"Minnesota","Grant County",3,55,63,32,31
050,27,051,"Minnesota","Grant County",3,56,75,40,35
050,27,051,"Minnesota","Grant County",3,57,83,45,38
050,27,051,"Minnesota","Grant County",3,58,99,48,51
050,27,051,"Minnesota","Grant County",3,59,94,41,53
050,27,051,"Minnesota","Grant County",3,60,99,46,53
050,27,051,"Minnesota","Grant County",3,61,96,51,45
050,27,051,"Minnesota","Grant County",3,62,89,49,40
050,27,051,"Minnesota","Grant County",3,63,95,47,48
050,27,051,"Minnesota","Grant County",3,64,97,49,48
050,27,051,"Minnesota","Grant County",3,65,93,47,46
050,27,051,"Minnesota","Grant County",3,66,91,45,46
050,27,051,"Minnesota","Grant County",3,67,87,42,45
050,27,051,"Minnesota","Grant County",3,68,76,38,38
050,27,051,"Minnesota","Grant County",3,69,75,36,39
050,27,051,"Minnesota","Grant County",3,70,76,37,39
050,27,051,"Minnesota","Grant County",3,71,81,37,44
050,27,051,"Minnesota","Grant County",3,72,76,39,37
050,27,051,"Minnesota","Grant County",3,73,81,38,43
050,27,051,"Minnesota","Grant County",3,74,78,41,37
050,27,051,"Minnesota","Grant County",3,75,48,27,21
050,27,051,"Minnesota","Grant County",3,76,50,29,21
050,27,051,"Minnesota","Grant County",3,77,47,25,22
050,27,051,"Minnesota","Grant County",3,78,50,27,23
050,27,051,"Minnesota","Grant County",3,79,45,21,24
050,27,051,"Minnesota","Grant County",3,80,51,25,26
050,27,051,"Minnesota","Grant County",3,81,41,21,20
050,27,051,"Minnesota","Grant County",3,82,34,19,15
050,27,051,"Minnesota","Grant County",3,83,29,14,15
050,27,051,"Minnesota","Grant County",3,84,33,15,18
050,27,051,"Minnesota","Grant County",3,85,182,83,99
050,27,051,"Minnesota","Grant County",4,0,68,26,42
050,27,051,"Minnesota","Grant County",4,1,52,23,29
050,27,051,"Minnesota","Grant County",4,2,77,40,37
050,27,051,"Minnesota","Grant County",4,3,65,38,27
050,27,051,"Minnesota","Grant County",4,4,70,40,30
050,27,051,"Minnesota","Grant County",4,5,62,35,27
050,27,051,"Minnesota","Grant County",4,6,79,36,43
050,27,051,"Minnesota","Grant County",4,7,84,38,46
050,27,051,"Minnesota","Grant County",4,8,101,51,50
050,27,051,"Minnesota","Grant County",4,9,90,48,42
050,27,051,"Minnesota","Grant County",4,10,80,40,40
050,27,051,"Minnesota","Grant County",4,11,74,38,36
050,27,051,"Minnesota","Grant County",4,12,92,45,47
050,27,051,"Minnesota","Grant County",4,13,78,39,39
050,27,051,"Minnesota","Grant County",4,14,81,38,43
050,27,051,"Minnesota","Grant County",4,15,88,45,43
050,27,051,"Minnesota","Grant County",4,16,96,51,45
050,27,051,"Minnesota","Grant County",4,17,82,37,45
050,27,051,"Minnesota","Grant County",4,18,68,35,33
050,27,051,"Minnesota","Grant County",4,19,54,25,29
050,27,051,"Minnesota","Grant County",4,20,48,26,22
050,27,051,"Minnesota","Grant County",4,21,51,30,21
050,27,051,"Minnesota","Grant County",4,22,45,22,23
050,27,051,"Minnesota","Grant County",4,23,57,30,27
050,27,051,"Minnesota","Grant County",4,24,54,33,21
050,27,051,"Minnesota","Grant County",4,25,55,28,27
050,27,051,"Minnesota","Grant County",4,26,52,23,29
050,27,051,"Minnesota","Grant County",4,27,51,28,23
050,27,051,"Minnesota","Grant County",4,28,70,33,37
050,27,051,"Minnesota","Grant County",4,29,65,29,36
050,27,051,"Minnesota","Grant County",4,30,68,30,38
050,27,051,"Minnesota","Grant County",4,31,76,40,36
050,27,051,"Minnesota","Grant County",4,32,73,43,30
050,27,051,"Minnesota","Grant County",4,33,70,39,31
050,27,051,"Minnesota","Grant County",4,34,72,40,32
050,27,051,"Minnesota","Grant County",4,35,74,39,35
050,27,051,"Minnesota","Grant County",4,36,74,35,39
050,27,051,"Minnesota","Grant County",4,37,74,33,41
050,27,051,"Minnesota","Grant County",4,38,65,29,36
050,27,051,"Minnesota","Grant County",4,39,78,38,40
050,27,051,"Minnesota","Grant County",4,40,82,41,41
050,27,051,"Minnesota","Grant County",4,41,86,42,44
050,27,051,"Minnesota","Grant County",4,42,76,39,37
050,27,051,"Minnesota","Grant County",4,43,71,42,29
050,27,051,"Minnesota","Grant County",4,44,66,36,30
050,27,051,"Minnesota","Grant County",4,45,69,39,30
050,27,051,"Minnesota","Grant County",4,46,64,31,33
050,27,051,"Minnesota","Grant County",4,47,73,38,35
050,27,051,"Minnesota","Grant County",4,48,70,39,31
050,27,051,"Minnesota","Grant County",4,49,58,34,24
050,27,051,"Minnesota","Grant County",4,50,62,30,32
050,27,051,"Minnesota","Grant County",4,51,55,33,22
050,27,051,"Minnesota","Grant County",4,52,60,36,24
050,27,051,"Minnesota","Grant County",4,53,67,33,34
050,27,051,"Minnesota","Grant County",4,54,64,27,37
050,27,051,"Minnesota","Grant County",4,55,62,29,33
050,27,051,"Minnesota","Grant County",4,56,62,30,32
050,27,051,"Minnesota","Grant County",4,57,75,41,34
050,27,051,"Minnesota","Grant County",4,58,83,46,37
050,27,051,"Minnesota","Grant County",4,59,94,44,50
050,27,051,"Minnesota","Grant County",4,60,94,42,52
050,27,051,"Minnesota","Grant County",4,61,96,43,53
050,27,051,"Minnesota","Grant County",4,62,90,48,42
050,27,051,"Minnesota","Grant County",4,63,92,49,43
050,27,051,"Minnesota","Grant County",4,64,97,46,51
050,27,051,"Minnesota","Grant County",4,65,95,46,49
050,27,051,"Minnesota","Grant County",4,66,92,48,44
050,27,051,"Minnesota","Grant County",4,67,95,49,46
050,27,051,"Minnesota","Grant County",4,68,82,37,45
050,27,051,"Minnesota","Grant County",4,69,80,38,42
050,27,051,"Minnesota","Grant County",4,70,69,32,37
050,27,051,"Minnesota","Grant County",4,71,76,38,38
050,27,051,"Minnesota","Grant County",4,72,76,36,40
050,27,051,"Minnesota","Grant County",4,73,75,39,36
050,27,051,"Minnesota","Grant County",4,74,82,39,43
050,27,051,"Minnesota","Grant County",4,75,73,39,34
050,27,051,"Minnesota","Grant County",4,76,47,25,22
050,27,051,"Minnesota","Grant County",4,77,43,27,16
050,27,051,"Minnesota","Grant County",4,78,43,22,21
050,27,051,"Minnesota","Grant County",4,79,44,22,22
050,27,051,"Minnesota","Grant County",4,80,47,21,26
050,27,051,"Minnesota","Grant County",4,81,50,24,26
050,27,051,"Minnesota","Grant County",4,82,36,20,16
050,27,051,"Minnesota","Grant County",4,83,34,22,12
050,27,051,"Minnesota","Grant County",4,84,28,12,16
050,27,051,"Minnesota","Grant County",4,85,173,80,93
050,27,051,"Minnesota","Grant County",5,0,68,26,42
050,27,051,"Minnesota","Grant County",5,1,75,33,42
050,27,051,"Minnesota","Grant County",5,2,59,28,31
050,27,051,"Minnesota","Grant County",5,3,75,39,36
050,27,051,"Minnesota","Grant County",5,4,64,35,29
050,27,051,"Minnesota","Grant County",5,5,73,45,28
050,27,051,"Minnesota","Grant County",5,6,61,35,26
050,27,051,"Minnesota","Grant County",5,7,82,37,45
050,27,051,"Minnesota","Grant County",5,8,86,37,49
050,27,051,"Minnesota","Grant County",5,9,100,50,50
050,27,051,"Minnesota","Grant County",5,10,87,47,40
050,27,051,"Minnesota","Grant County",5,11,81,41,40
050,27,051,"Minnesota","Grant County",5,12,73,39,34
050,27,051,"Minnesota","Grant County",5,13,95,49,46
050,27,051,"Minnesota","Grant County",5,14,80,40,40
050,27,051,"Minnesota","Grant County",5,15,85,40,45
050,27,051,"Minnesota","Grant County",5,16,87,46,41
050,27,051,"Minnesota","Grant County",5,17,96,51,45
050,27,051,"Minnesota","Grant County",5,18,74,36,38
050,27,051,"Minnesota","Grant County",5,19,53,28,25
050,27,051,"Minnesota","Grant County",5,20,63,31,32
050,27,051,"Minnesota","Grant County",5,21,47,21,26
050,27,051,"Minnesota","Grant County",5,22,50,32,18
050,27,051,"Minnesota","Grant County",5,23,49,27,22
050,27,051,"Minnesota","Grant County",5,24,51,27,24
050,27,051,"Minnesota","Grant County",5,25,60,33,27
050,27,051,"Minnesota","Grant County",5,26,56,31,25
050,27,051,"Minnesota","Grant County",5,27,45,20,25
050,27,051,"Minnesota","Grant County",5,28,57,31,26
050,27,051,"Minnesota","Grant County",5,29,67,28,39
050,27,051,"Minnesota","Grant County",5,30,71,35,36
050,27,051,"Minnesota","Grant County",5,31,68,26,42
050,27,051,"Minnesota","Grant County",5,32,83,44,39
050,27,051,"Minnesota","Grant County",5,33,72,41,31
050,27,051,"Minnesota","Grant County",5,34,74,46,28
050,27,051,"Minnesota","Grant County",5,35,77,42,35
050,27,051,"Minnesota","Grant County",5,36,74,43,31
050,27,051,"Minnesota","Grant County",5,37,68,30,38
050,27,051,"Minnesota","Grant County",5,38,82,37,45
050,27,051,"Minnesota","Grant County",5,39,67,30,37
050,27,051,"Minnesota","Grant County",5,40,77,39,38
050,27,051,"Minnesota","Grant County",5,41,89,42,47
050,27,051,"Minnesota","Grant County",5,42,80,42,38
050,27,051,"Minnesota","Grant County",5,43,76,40,36
050,27,051,"Minnesota","Grant County",5,44,72,42,30
050,27,051,"Minnesota","Grant County",5,45,70,39,31
050,27,051,"Minnesota","Grant County",5,46,70,38,32
050,27,051,"Minnesota","Grant County",5,47,63,35,28
050,27,051,"Minnesota","Grant County",5,48,77,38,39
050,27,051,"Minnesota","Grant County",5,49,68,38,30
050,27,051,"Minnesota","Grant County",5,50,59,34,25
050,27,051,"Minnesota","Grant County",5,51,62,31,31
050,27,051,"Minnesota","Grant County",5,52,51,29,22
050,27,051,"Minnesota","Grant County",5,53,58,32,26
050,27,051,"Minnesota","Grant County",5,54,66,33,33
050,27,051,"Minnesota","Grant County",5,55,68,31,37
050,27,051,"Minnesota","Grant County",5,56,59,27,32
050,27,051,"Minnesota","Grant County",5,57,63,32,31
050,27,051,"Minnesota","Grant County",5,58,75,41,34
050,27,051,"Minnesota","Grant County",5,59,76,41,35
050,27,051,"Minnesota","Grant County",5,60,93,46,47
050,27,051,"Minnesota","Grant County",5,61,96,40,56
050,27,051,"Minnesota","Grant County",5,62,93,44,49
050,27,051,"Minnesota","Grant County",5,63,88,46,42
050,27,051,"Minnesota","Grant County",5,64,90,48,42
050,27,051,"Minnesota","Grant County",5,65,96,46,50
050,27,051,"Minnesota","Grant County",5,66,97,47,50
050,27,051,"Minnesota","Grant County",5,67,93,49,44
050,27,051,"Minnesota","Grant County",5,68,90,44,46
050,27,051,"Minnesota","Grant County",5,69,84,36,48
050,27,051,"Minnesota","Grant County",5,70,74,36,38
050,27,051,"Minnesota","Grant County",5,71,71,34,37
050,27,051,"Minnesota","Grant County",5,72,75,33,42
050,27,051,"Minnesota","Grant County",5,73,75,33,42
050,27,051,"Minnesota","Grant County",5,74,72,38,34
050,27,051,"Minnesota","Grant County",5,75,79,39,40
050,27,051,"Minnesota","Grant County",5,76,66,34,32
050,27,051,"Minnesota","Grant County",5,77,41,23,18
050,27,051,"Minnesota","Grant County",5,78,40,25,15
050,27,051,"Minnesota","Grant County",5,79,43,19,24
050,27,051,"Minnesota","Grant County",5,80,43,21,22
050,27,051,"Minnesota","Grant County",5,81,44,20,24
050,27,051,"Minnesota","Grant County",5,82,45,22,23
050,27,051,"Minnesota","Grant County",5,83,32,21,11
050,27,051,"Minnesota","Grant County",5,84,35,20,15
050,27,051,"Minnesota","Grant County",5,85,170,79,91
050,27,053,"Minnesota","Hennepin County",1,0,15757,8047,7710
050,27,053,"Minnesota","Hennepin County",1,1,15478,7884,7594
050,27,053,"Minnesota","Hennepin County",1,2,15589,7999,7590
050,27,053,"Minnesota","Hennepin County",1,3,16259,8284,7975
050,27,053,"Minnesota","Hennepin County",1,4,16176,8268,7908
050,27,053,"Minnesota","Hennepin County",1,5,16146,8179,7967
050,27,053,"Minnesota","Hennepin County",1,6,15829,8092,7737
050,27,053,"Minnesota","Hennepin County",1,7,15586,7981,7605
050,27,053,"Minnesota","Hennepin County",1,8,15405,7840,7565
050,27,053,"Minnesota","Hennepin County",1,9,15427,7929,7498
050,27,053,"Minnesota","Hennepin County",1,10,15681,8039,7642
050,27,053,"Minnesota","Hennepin County",1,11,15740,8028,7712
050,27,053,"Minnesota","Hennepin County",1,12,16181,8223,7958
050,27,053,"Minnesota","Hennepin County",1,13,15927,8103,7824
050,27,053,"Minnesota","Hennepin County",1,14,15509,7872,7637
050,27,053,"Minnesota","Hennepin County",1,15,15529,7768,7761
050,27,053,"Minnesota","Hennepin County",1,16,15481,7852,7629
050,27,053,"Minnesota","Hennepin County",1,17,14834,7568,7266
050,27,053,"Minnesota","Hennepin County",1,18,14671,7463,7208
050,27,053,"Minnesota","Hennepin County",1,19,15119,7750,7369
050,27,053,"Minnesota","Hennepin County",1,20,13753,6931,6822
050,27,053,"Minnesota","Hennepin County",1,21,13707,6845,6862
050,27,053,"Minnesota","Hennepin County",1,22,14351,7032,7319
050,27,053,"Minnesota","Hennepin County",1,23,16769,8132,8637
050,27,053,"Minnesota","Hennepin County",1,24,18667,9208,9459
050,27,053,"Minnesota","Hennepin County",1,25,20277,10149,10128
050,27,053,"Minnesota","Hennepin County",1,26,21172,10758,10414
050,27,053,"Minnesota","Hennepin County",1,27,21487,10969,10518
050,27,053,"Minnesota","Hennepin County",1,28,21509,11023,10486
050,27,053,"Minnesota","Hennepin County",1,29,21141,10863,10278
050,27,053,"Minnesota","Hennepin County",1,30,21568,11135,10433
050,27,053,"Minnesota","Hennepin County",1,31,21513,11068,10445
050,27,053,"Minnesota","Hennepin County",1,32,21376,11046,10330
050,27,053,"Minnesota","Hennepin County",1,33,21283,10996,10287
050,27,053,"Minnesota","Hennepin County",1,34,20932,10733,10199
050,27,053,"Minnesota","Hennepin County",1,35,20659,10610,10049
050,27,053,"Minnesota","Hennepin County",1,36,20112,10301,9811
050,27,053,"Minnesota","Hennepin County",1,37,20057,10124,9933
050,27,053,"Minnesota","Hennepin County",1,38,19765,10066,9699
050,27,053,"Minnesota","Hennepin County",1,39,19258,9772,9486
050,27,053,"Minnesota","Hennepin County",1,40,18302,9315,8987
050,27,053,"Minnesota","Hennepin County",1,41,17392,8876,8516
050,27,053,"Minnesota","Hennepin County",1,42,16673,8507,8166
050,27,053,"Minnesota","Hennepin County",1,43,15645,8020,7625
050,27,053,"Minnesota","Hennepin County",1,44,14966,7651,7315
050,27,053,"Minnesota","Hennepin County",1,45,14854,7628,7226
050,27,053,"Minnesota","Hennepin County",1,46,14229,7275,6954
050,27,053,"Minnesota","Hennepin County",1,47,14208,7248,6960
050,27,053,"Minnesota","Hennepin County",1,48,14979,7541,7438
050,27,053,"Minnesota","Hennepin County",1,49,16328,8345,7983
050,27,053,"Minnesota","Hennepin County",1,50,15977,8161,7816
050,27,053,"Minnesota","Hennepin County",1,51,15555,7901,7654
050,27,053,"Minnesota","Hennepin County",1,52,14951,7612,7339
050,27,053,"Minnesota","Hennepin County",1,53,14935,7517,7418
050,27,053,"Minnesota","Hennepin County",1,54,15298,7671,7627
050,27,053,"Minnesota","Hennepin County",1,55,16107,8059,8048
050,27,053,"Minnesota","Hennepin County",1,56,16441,8296,8145
050,27,053,"Minnesota","Hennepin County",1,57,16561,8288,8273
050,27,053,"Minnesota","Hennepin County",1,58,16952,8480,8472
050,27,053,"Minnesota","Hennepin County",1,59,16720,8326,8394
050,27,053,"Minnesota","Hennepin County",1,60,16471,8162,8309
050,27,053,"Minnesota","Hennepin County",1,61,16176,7962,8214
050,27,053,"Minnesota","Hennepin County",1,62,15884,7708,8176
050,27,053,"Minnesota","Hennepin County",1,63,15236,7557,7679
050,27,053,"Minnesota","Hennepin County",1,64,14512,7141,7371
050,27,053,"Minnesota","Hennepin County",1,65,14079,6828,7251
050,27,053,"Minnesota","Hennepin County",1,66,13567,6592,6975
050,27,053,"Minnesota","Hennepin County",1,67,12911,6154,6757
050,27,053,"Minnesota","Hennepin County",1,68,12390,5869,6521
050,27,053,"Minnesota","Hennepin County",1,69,11323,5349,5974
050,27,053,"Minnesota","Hennepin County",1,70,10943,5085,5858
050,27,053,"Minnesota","Hennepin County",1,71,10220,4715,5505
050,27,053,"Minnesota","Hennepin County",1,72,9958,4590,5368
050,27,053,"Minnesota","Hennepin County",1,73,9815,4597,5218
050,27,053,"Minnesota","Hennepin County",1,74,6800,3103,3697
050,27,053,"Minnesota","Hennepin County",1,75,6630,2999,3631
050,27,053,"Minnesota","Hennepin County",1,76,6527,2946,3581
050,27,053,"Minnesota","Hennepin County",1,77,6447,2886,3561
050,27,053,"Minnesota","Hennepin County",1,78,5498,2445,3053
050,27,053,"Minnesota","Hennepin County",1,79,4874,2099,2775
050,27,053,"Minnesota","Hennepin County",1,80,4451,1917,2534
050,27,053,"Minnesota","Hennepin County",1,81,4350,1858,2492
050,27,053,"Minnesota","Hennepin County",1,82,4005,1658,2347
050,27,053,"Minnesota","Hennepin County",1,83,3590,1416,2174
050,27,053,"Minnesota","Hennepin County",1,84,3366,1346,2020
050,27,053,"Minnesota","Hennepin County",1,85,22795,7883,14912
050,27,053,"Minnesota","Hennepin County",2,0,15667,7939,7728
050,27,053,"Minnesota","Hennepin County",2,1,15420,7868,7552
050,27,053,"Minnesota","Hennepin County",2,2,15549,7967,7582
050,27,053,"Minnesota","Hennepin County",2,3,15983,8151,7832
050,27,053,"Minnesota","Hennepin County",2,4,16155,8242,7913
050,27,053,"Minnesota","Hennepin County",2,5,16125,8182,7943
050,27,053,"Minnesota","Hennepin County",2,6,15909,8128,7781
050,27,053,"Minnesota","Hennepin County",2,7,15609,7993,7616
050,27,053,"Minnesota","Hennepin County",2,8,15364,7834,7530
050,27,053,"Minnesota","Hennepin County",2,9,15348,7881,7467
050,27,053,"Minnesota","Hennepin County",2,10,15590,8003,7587
050,27,053,"Minnesota","Hennepin County",2,11,15629,7983,7646
050,27,053,"Minnesota","Hennepin County",2,12,16096,8187,7909
050,27,053,"Minnesota","Hennepin County",2,13,15942,8113,7829
050,27,053,"Minnesota","Hennepin County",2,14,15579,7905,7674
050,27,053,"Minnesota","Hennepin County",2,15,15502,7775,7727
050,27,053,"Minnesota","Hennepin County",2,16,15494,7829,7665
050,27,053,"Minnesota","Hennepin County",2,17,14985,7633,7352
050,27,053,"Minnesota","Hennepin County",2,18,14674,7460,7214
050,27,053,"Minnesota","Hennepin County",2,19,15167,7770,7397
050,27,053,"Minnesota","Hennepin County",2,20,13959,7054,6905
050,27,053,"Minnesota","Hennepin County",2,21,13758,6862,6896
050,27,053,"Minnesota","Hennepin County",2,22,14624,7161,7463
050,27,053,"Minnesota","Hennepin County",2,23,16654,8098,8556
050,27,053,"Minnesota","Hennepin County",2,24,18515,9136,9379
050,27,053,"Minnesota","Hennepin County",2,25,20106,10065,10041
050,27,053,"Minnesota","Hennepin County",2,26,21063,10696,10367
050,27,053,"Minnesota","Hennepin County",2,27,21352,10899,10453
050,27,053,"Minnesota","Hennepin County",2,28,21489,11024,10465
050,27,053,"Minnesota","Hennepin County",2,29,21212,10905,10307
050,27,053,"Minnesota","Hennepin County",2,30,21511,11106,10405
050,27,053,"Minnesota","Hennepin County",2,31,21394,11027,10367
050,27,053,"Minnesota","Hennepin County",2,32,21274,10978,10296
050,27,053,"Minnesota","Hennepin County",2,33,21201,10957,10244
050,27,053,"Minnesota","Hennepin County",2,34,20923,10746,10177
050,27,053,"Minnesota","Hennepin County",2,35,20756,10664,10092
050,27,053,"Minnesota","Hennepin County",2,36,20049,10271,9778
050,27,053,"Minnesota","Hennepin County",2,37,20068,10164,9904
050,27,053,"Minnesota","Hennepin County",2,38,19850,10085,9765
050,27,053,"Minnesota","Hennepin County",2,39,19267,9777,9490
050,27,053,"Minnesota","Hennepin County",2,40,18582,9449,9133
050,27,053,"Minnesota","Hennepin County",2,41,17547,8940,8607
050,27,053,"Minnesota","Hennepin County",2,42,16722,8538,8184
050,27,053,"Minnesota","Hennepin County",2,43,15965,8183,7782
050,27,053,"Minnesota","Hennepin County",2,44,14985,7665,7320
050,27,053,"Minnesota","Hennepin County",2,45,14946,7669,7277
050,27,053,"Minnesota","Hennepin County",2,46,14322,7328,6994
050,27,053,"Minnesota","Hennepin County",2,47,14135,7200,6935
050,27,053,"Minnesota","Hennepin County",2,48,14776,7447,7329
050,27,053,"Minnesota","Hennepin County",2,49,16046,8178,7868
050,27,053,"Minnesota","Hennepin County",2,50,16078,8220,7858
050,27,053,"Minnesota","Hennepin County",2,51,15561,7906,7655
050,27,053,"Minnesota","Hennepin County",2,52,15033,7659,7374
050,27,053,"Minnesota","Hennepin County",2,53,14896,7514,7382
050,27,053,"Minnesota","Hennepin County",2,54,15129,7591,7538
050,27,053,"Minnesota","Hennepin County",2,55,15867,7938,7929
050,27,053,"Minnesota","Hennepin County",2,56,16353,8230,8123
050,27,053,"Minnesota","Hennepin County",2,57,16517,8278,8239
050,27,053,"Minnesota","Hennepin County",2,58,16776,8398,8378
050,27,053,"Minnesota","Hennepin County",2,59,16779,8358,8421
050,27,053,"Minnesota","Hennepin County",2,60,16432,8148,8284
050,27,053,"Minnesota","Hennepin County",2,61,16128,7947,8181
050,27,053,"Minnesota","Hennepin County",2,62,15873,7723,8150
050,27,053,"Minnesota","Hennepin County",2,63,15433,7604,7829
050,27,053,"Minnesota","Hennepin County",2,64,14526,7152,7374
050,27,053,"Minnesota","Hennepin County",2,65,14061,6836,7225
050,27,053,"Minnesota","Hennepin County",2,66,13651,6626,7025
050,27,053,"Minnesota","Hennepin County",2,67,12948,6180,6768
050,27,053,"Minnesota","Hennepin County",2,68,12359,5864,6495
050,27,053,"Minnesota","Hennepin County",2,69,11602,5481,6121
050,27,053,"Minnesota","Hennepin County",2,70,10941,5101,5840
050,27,053,"Minnesota","Hennepin County",2,71,10355,4778,5577
050,27,053,"Minnesota","Hennepin County",2,72,9793,4515,5278
050,27,053,"Minnesota","Hennepin County",2,73,10255,4780,5475
050,27,053,"Minnesota","Hennepin County",2,74,7044,3230,3814
050,27,053,"Minnesota","Hennepin County",2,75,6624,2997,3627
050,27,053,"Minnesota","Hennepin County",2,76,6451,2902,3549
050,27,053,"Minnesota","Hennepin County",2,77,6541,2925,3616
050,27,053,"Minnesota","Hennepin County",2,78,5560,2465,3095
050,27,053,"Minnesota","Hennepin County",2,79,4943,2135,2808
050,27,053,"Minnesota","Hennepin County",2,80,4479,1926,2553
050,27,053,"Minnesota","Hennepin County",2,81,4307,1841,2466
050,27,053,"Minnesota","Hennepin County",2,82,4002,1655,2347
050,27,053,"Minnesota","Hennepin County",2,83,3612,1429,2183
050,27,053,"Minnesota","Hennepin County",2,84,3340,1339,2001
050,27,053,"Minnesota","Hennepin County",2,85,22562,7798,14764
050,27,053,"Minnesota","Hennepin County",3,0,14561,7488,7073
050,27,053,"Minnesota","Hennepin County",3,1,15058,7601,7457
050,27,053,"Minnesota","Hennepin County",3,2,14850,7544,7306
050,27,053,"Minnesota","Hennepin County",3,3,15166,7798,7368
050,27,053,"Minnesota","Hennepin County",3,4,15624,7994,7630
050,27,053,"Minnesota","Hennepin County",3,5,15833,8060,7773
050,27,053,"Minnesota","Hennepin County",3,6,15770,7991,7779
050,27,053,"Minnesota","Hennepin County",3,7,15626,7990,7636
050,27,053,"Minnesota","Hennepin County",3,8,15332,7836,7496
050,27,053,"Minnesota","Hennepin County",3,9,15051,7643,7408
050,27,053,"Minnesota","Hennepin County",3,10,15127,7714,7413
050,27,053,"Minnesota","Hennepin County",3,11,15340,7862,7478
050,27,053,"Minnesota","Hennepin County",3,12,15388,7870,7518
050,27,053,"Minnesota","Hennepin County",3,13,15860,8045,7815
050,27,053,"Minnesota","Hennepin County",3,14,15700,7965,7735
050,27,053,"Minnesota","Hennepin County",3,15,15404,7791,7613
050,27,053,"Minnesota","Hennepin County",3,16,15374,7724,7650
050,27,053,"Minnesota","Hennepin County",3,17,15387,7776,7611
050,27,053,"Minnesota","Hennepin County",3,18,14954,7572,7382
050,27,053,"Minnesota","Hennepin County",3,19,15046,7716,7330
050,27,053,"Minnesota","Hennepin County",3,20,14103,7179,6924
050,27,053,"Minnesota","Hennepin County",3,21,13879,6975,6904
050,27,053,"Minnesota","Hennepin County",3,22,14393,6967,7426
050,27,053,"Minnesota","Hennepin County",3,23,16163,7884,8279
050,27,053,"Minnesota","Hennepin County",3,24,17937,8736,9201
050,27,053,"Minnesota","Hennepin County",3,25,19130,9480,9650
050,27,053,"Minnesota","Hennepin County",3,26,20129,10218,9911
050,27,053,"Minnesota","Hennepin County",3,27,20617,10416,10201
050,27,053,"Minnesota","Hennepin County",3,28,20659,10571,10088
050,27,053,"Minnesota","Hennepin County",3,29,20945,10789,10156
050,27,053,"Minnesota","Hennepin County",3,30,20485,10573,9912
050,27,053,"Minnesota","Hennepin County",3,31,20770,10744,10026
050,27,053,"Minnesota","Hennepin County",3,32,20700,10654,10046
050,27,053,"Minnesota","Hennepin County",3,33,20407,10492,9915
050,27,053,"Minnesota","Hennepin County",3,34,20562,10561,10001
050,27,053,"Minnesota","Hennepin County",3,35,20440,10474,9966
050,27,053,"Minnesota","Hennepin County",3,36,20179,10352,9827
050,27,053,"Minnesota","Hennepin County",3,37,19510,9973,9537
050,27,053,"Minnesota","Hennepin County",3,38,19559,9937,9622
050,27,053,"Minnesota","Hennepin County",3,39,19410,9875,9535
050,27,053,"Minnesota","Hennepin County",3,40,18835,9501,9334
050,27,053,"Minnesota","Hennepin County",3,41,18181,9204,8977
050,27,053,"Minnesota","Hennepin County",3,42,17268,8842,8426
050,27,053,"Minnesota","Hennepin County",3,43,16473,8403,8070
050,27,053,"Minnesota","Hennepin County",3,44,15664,7999,7665
050,27,053,"Minnesota","Hennepin County",3,45,14759,7568,7191
050,27,053,"Minnesota","Hennepin County",3,46,14735,7563,7172
050,27,053,"Minnesota","Hennepin County",3,47,14074,7149,6925
050,27,053,"Minnesota","Hennepin County",3,48,13944,7078,6866
050,27,053,"Minnesota","Hennepin County",3,49,14478,7326,7152
050,27,053,"Minnesota","Hennepin County",3,50,15846,8066,7780
050,27,053,"Minnesota","Hennepin County",3,51,15801,8016,7785
050,27,053,"Minnesota","Hennepin County",3,52,15250,7778,7472
050,27,053,"Minnesota","Hennepin County",3,53,14703,7427,7276
050,27,053,"Minnesota","Hennepin County",3,54,14668,7394,7274
050,27,053,"Minnesota","Hennepin County",3,55,14842,7480,7362
050,27,053,"Minnesota","Hennepin County",3,56,15531,7751,7780
050,27,053,"Minnesota","Hennepin County",3,57,16083,8039,8044
050,27,053,"Minnesota","Hennepin County",3,58,16104,8094,8010
050,27,053,"Minnesota","Hennepin County",3,59,16338,8183,8155
050,27,053,"Minnesota","Hennepin County",3,60,16462,8175,8287
050,27,053,"Minnesota","Hennepin County",3,61,15970,7955,8015
050,27,053,"Minnesota","Hennepin County",3,62,15750,7726,8024
050,27,053,"Minnesota","Hennepin County",3,63,15422,7473,7949
050,27,053,"Minnesota","Hennepin County",3,64,14976,7341,7635
050,27,053,"Minnesota","Hennepin County",3,65,14152,6949,7203
050,27,053,"Minnesota","Hennepin County",3,66,13689,6663,7026
050,27,053,"Minnesota","Hennepin County",3,67,13278,6412,6866
050,27,053,"Minnesota","Hennepin County",3,68,12573,6001,6572
050,27,053,"Minnesota","Hennepin County",3,69,12030,5664,6366
050,27,053,"Minnesota","Hennepin County",3,70,11296,5305,5991
050,27,053,"Minnesota","Hennepin County",3,71,10700,4963,5737
050,27,053,"Minnesota","Hennepin County",3,72,10058,4622,5436
050,27,053,"Minnesota","Hennepin County",3,73,9520,4387,5133
050,27,053,"Minnesota","Hennepin County",3,74,9995,4631,5364
050,27,053,"Minnesota","Hennepin County",3,75,6792,3117,3675
050,27,053,"Minnesota","Hennepin County",3,76,6483,2922,3561
050,27,053,"Minnesota","Hennepin County",3,77,6240,2788,3452
050,27,053,"Minnesota","Hennepin County",3,78,6320,2807,3513
050,27,053,"Minnesota","Hennepin County",3,79,5353,2349,3004
050,27,053,"Minnesota","Hennepin County",3,80,4692,2012,2680
050,27,053,"Minnesota","Hennepin County",3,81,4362,1862,2500
050,27,053,"Minnesota","Hennepin County",3,82,4063,1693,2370
050,27,053,"Minnesota","Hennepin County",3,83,3815,1565,2250
050,27,053,"Minnesota","Hennepin County",3,84,3423,1346,2077
050,27,053,"Minnesota","Hennepin County",3,85,22636,7852,14784
050,27,053,"Minnesota","Hennepin County",4,0,14890,7582,7308
050,27,053,"Minnesota","Hennepin County",4,1,14152,7265,6887
050,27,053,"Minnesota","Hennepin County",4,2,14562,7343,7219
050,27,053,"Minnesota","Hennepin County",4,3,14543,7366,7177
050,27,053,"Minnesota","Hennepin County",4,4,14878,7686,7192
050,27,053,"Minnesota","Hennepin County",4,5,15359,7854,7505
050,27,053,"Minnesota","Hennepin County",4,6,15453,7904,7549
050,27,053,"Minnesota","Hennepin County",4,7,15500,7825,7675
050,27,053,"Minnesota","Hennepin County",4,8,15366,7791,7575
050,27,053,"Minnesota","Hennepin County",4,9,15157,7695,7462
050,27,053,"Minnesota","Hennepin County",4,10,14896,7532,7364
050,27,053,"Minnesota","Hennepin County",4,11,14920,7637,7283
050,27,053,"Minnesota","Hennepin County",4,12,15069,7737,7332
050,27,053,"Minnesota","Hennepin County",4,13,15229,7770,7459
050,27,053,"Minnesota","Hennepin County",4,14,15700,7971,7729
050,27,053,"Minnesota","Hennepin County",4,15,15641,7899,7742
050,27,053,"Minnesota","Hennepin County",4,16,15282,7700,7582
050,27,053,"Minnesota","Hennepin County",4,17,15310,7713,7597
050,27,053,"Minnesota","Hennepin County",4,18,14566,7392,7174
050,27,053,"Minnesota","Hennepin County",4,19,13690,7023,6667
050,27,053,"Minnesota","Hennepin County",4,20,13309,6781,6528
050,27,053,"Minnesota","Hennepin County",4,21,13702,6956,6746
050,27,053,"Minnesota","Hennepin County",4,22,14273,6998,7275
050,27,053,"Minnesota","Hennepin County",4,23,16020,7691,8329
050,27,053,"Minnesota","Hennepin County",4,24,17487,8587,8900
050,27,053,"Minnesota","Hennepin County",4,25,18529,9188,9341
050,27,053,"Minnesota","Hennepin County",4,26,19178,9596,9582
050,27,053,"Minnesota","Hennepin County",4,27,19992,10220,9772
050,27,053,"Minnesota","Hennepin County",4,28,20253,10196,10057
050,27,053,"Minnesota","Hennepin County",4,29,20310,10382,9928
050,27,053,"Minnesota","Hennepin County",4,30,20393,10521,9872
050,27,053,"Minnesota","Hennepin County",4,31,20047,10335,9712
050,27,053,"Minnesota","Hennepin County",4,32,20221,10523,9698
050,27,053,"Minnesota","Hennepin County",4,33,20000,10239,9761
050,27,053,"Minnesota","Hennepin County",4,34,19797,10165,9632
050,27,053,"Minnesota","Hennepin County",4,35,19938,10263,9675
050,27,053,"Minnesota","Hennepin County",4,36,19794,10152,9642
050,27,053,"Minnesota","Hennepin County",4,37,19728,10025,9703
050,27,053,"Minnesota","Hennepin County",4,38,19026,9703,9323
050,27,053,"Minnesota","Hennepin County",4,39,19075,9687,9388
050,27,053,"Minnesota","Hennepin County",4,40,18920,9558,9362
050,27,053,"Minnesota","Hennepin County",4,41,18304,9179,9125
050,27,053,"Minnesota","Hennepin County",4,42,17787,9006,8781
050,27,053,"Minnesota","Hennepin County",4,43,17055,8736,8319
050,27,053,"Minnesota","Hennepin County",4,44,16143,8192,7951
050,27,053,"Minnesota","Hennepin County",4,45,15383,7818,7565
050,27,053,"Minnesota","Hennepin County",4,46,14521,7429,7092
050,27,053,"Minnesota","Hennepin County",4,47,14445,7391,7054
050,27,053,"Minnesota","Hennepin County",4,48,13850,7020,6830
050,27,053,"Minnesota","Hennepin County",4,49,13702,6945,6757
050,27,053,"Minnesota","Hennepin County",4,50,14261,7224,7037
050,27,053,"Minnesota","Hennepin County",4,51,15506,7839,7667
050,27,053,"Minnesota","Hennepin County",4,52,15476,7854,7622
050,27,053,"Minnesota","Hennepin County",4,53,14945,7589,7356
050,27,053,"Minnesota","Hennepin County",4,54,14480,7289,7191
050,27,053,"Minnesota","Hennepin County",4,55,14446,7275,7171
050,27,053,"Minnesota","Hennepin County",4,56,14598,7324,7274
050,27,053,"Minnesota","Hennepin County",4,57,15169,7562,7607
050,27,053,"Minnesota","Hennepin County",4,58,15685,7877,7808
050,27,053,"Minnesota","Hennepin County",4,59,15703,7852,7851
050,27,053,"Minnesota","Hennepin County",4,60,15946,7950,7996
050,27,053,"Minnesota","Hennepin County",4,61,15972,7950,8022
050,27,053,"Minnesota","Hennepin County",4,62,15557,7710,7847
050,27,053,"Minnesota","Hennepin County",4,63,15237,7449,7788
050,27,053,"Minnesota","Hennepin County",4,64,14963,7206,7757
050,27,053,"Minnesota","Hennepin County",4,65,14523,7050,7473
050,27,053,"Minnesota","Hennepin County",4,66,13767,6767,7000
050,27,053,"Minnesota","Hennepin County",4,67,13295,6441,6854
050,27,053,"Minnesota","Hennepin County",4,68,12910,6201,6709
050,27,053,"Minnesota","Hennepin County",4,69,12324,5849,6475
050,27,053,"Minnesota","Hennepin County",4,70,11749,5515,6234
050,27,053,"Minnesota","Hennepin County",4,71,11049,5186,5863
050,27,053,"Minnesota","Hennepin County",4,72,10341,4763,5578
050,27,053,"Minnesota","Hennepin County",4,73,9753,4468,5285
050,27,053,"Minnesota","Hennepin County",4,74,9274,4244,5030
050,27,053,"Minnesota","Hennepin County",4,75,9693,4451,5242
050,27,053,"Minnesota","Hennepin County",4,76,6608,3029,3579
050,27,053,"Minnesota","Hennepin County",4,77,6253,2799,3454
050,27,053,"Minnesota","Hennepin County",4,78,6016,2690,3326
050,27,053,"Minnesota","Hennepin County",4,79,6116,2660,3456
050,27,053,"Minnesota","Hennepin County",4,80,5097,2223,2874
050,27,053,"Minnesota","Hennepin County",4,81,4596,1957,2639
050,27,053,"Minnesota","Hennepin County",4,82,4132,1710,2422
050,27,053,"Minnesota","Hennepin County",4,83,3891,1599,2292
050,27,053,"Minnesota","Hennepin County",4,84,3613,1480,2133
050,27,053,"Minnesota","Hennepin County",4,85,22777,7948,14829
050,27,053,"Minnesota","Hennepin County",5,0,14910,7573,7337
050,27,053,"Minnesota","Hennepin County",5,1,14362,7294,7068
050,27,053,"Minnesota","Hennepin County",5,2,13986,7155,6831
050,27,053,"Minnesota","Hennepin County",5,3,14361,7263,7098
050,27,053,"Minnesota","Hennepin County",5,4,14418,7284,7134
050,27,053,"Minnesota","Hennepin County",5,5,14701,7523,7178
050,27,053,"Minnesota","Hennepin County",5,6,15040,7696,7344
050,27,053,"Minnesota","Hennepin County",5,7,15384,7851,7533
050,27,053,"Minnesota","Hennepin County",5,8,15349,7759,7590
050,27,053,"Minnesota","Hennepin County",5,9,15241,7703,7538
050,27,053,"Minnesota","Hennepin County",5,10,15010,7620,7390
050,27,053,"Minnesota","Hennepin County",5,11,14811,7472,7339
050,27,053,"Minnesota","Hennepin County",5,12,14896,7625,7271
050,27,053,"Minnesota","Hennepin County",5,13,15009,7686,7323
050,27,053,"Minnesota","Hennepin County",5,14,15132,7718,7414
050,27,053,"Minnesota","Hennepin County",5,15,15712,7917,7795
050,27,053,"Minnesota","Hennepin County",5,16,15667,7858,7809
050,27,053,"Minnesota","Hennepin County",5,17,15238,7664,7574
050,27,053,"Minnesota","Hennepin County",5,18,15143,7622,7521
050,27,053,"Minnesota","Hennepin County",5,19,15369,7802,7567
050,27,053,"Minnesota","Hennepin County",5,20,13990,7058,6932
050,27,053,"Minnesota","Hennepin County",5,21,13821,6983,6838
050,27,053,"Minnesota","Hennepin County",5,22,14827,7336,7491
050,27,053,"Minnesota","Hennepin County",5,23,16134,7858,8276
050,27,053,"Minnesota","Hennepin County",5,24,17460,8457,9003
050,27,053,"Minnesota","Hennepin County",5,25,18303,9019,9284
050,27,053,"Minnesota","Hennepin County",5,26,18915,9390,9525
050,27,053,"Minnesota","Hennepin County",5,27,19242,9654,9588
050,27,053,"Minnesota","Hennepin County",5,28,19766,10090,9676
050,27,053,"Minnesota","Hennepin County",5,29,20133,10087,10046
050,27,053,"Minnesota","Hennepin County",5,30,19816,10124,9692
050,27,053,"Minnesota","Hennepin County",5,31,20208,10484,9724
050,27,053,"Minnesota","Hennepin County",5,32,19721,10206,9515
050,27,053,"Minnesota","Hennepin County",5,33,19869,10313,9556
050,27,053,"Minnesota","Hennepin County",5,34,19767,10011,9756
050,27,053,"Minnesota","Hennepin County",5,35,19495,9988,9507
050,27,053,"Minnesota","Hennepin County",5,36,19555,10061,9494
050,27,053,"Minnesota","Hennepin County",5,37,19514,9991,9523
050,27,053,"Minnesota","Hennepin County",5,38,19307,9812,9495
050,27,053,"Minnesota","Hennepin County",5,39,18655,9518,9137
050,27,053,"Minnesota","Hennepin County",5,40,18864,9518,9346
050,27,053,"Minnesota","Hennepin County",5,41,18552,9324,9228
050,27,053,"Minnesota","Hennepin County",5,42,17987,9016,8971
050,27,053,"Minnesota","Hennepin County",5,43,17589,8940,8649
050,27,053,"Minnesota","Hennepin County",5,44,16765,8540,8225
050,27,053,"Minnesota","Hennepin County",5,45,15981,8116,7865
050,27,053,"Minnesota","Hennepin County",5,46,15203,7716,7487
050,27,053,"Minnesota","Hennepin County",5,47,14341,7322,7019
050,27,053,"Minnesota","Hennepin County",5,48,14264,7262,7002
050,27,053,"Minnesota","Hennepin County",5,49,13764,7000,6764
050,27,053,"Minnesota","Hennepin County",5,50,13624,6906,6718
050,27,053,"Minnesota","Hennepin County",5,51,14050,7093,6957
050,27,053,"Minnesota","Hennepin County",5,52,15277,7764,7513
050,27,053,"Minnesota","Hennepin County",5,53,15233,7685,7548
050,27,053,"Minnesota","Hennepin County",5,54,14737,7472,7265
050,27,053,"Minnesota","Hennepin County",5,55,14285,7216,7069
050,27,053,"Minnesota","Hennepin County",5,56,14179,7135,7044
050,27,053,"Minnesota","Hennepin County",5,57,14353,7180,7173
050,27,053,"Minnesota","Hennepin County",5,58,14933,7480,7453
050,27,053,"Minnesota","Hennepin County",5,59,15318,7648,7670
050,27,053,"Minnesota","Hennepin County",5,60,15379,7656,7723
050,27,053,"Minnesota","Hennepin County",5,61,15554,7764,7790
050,27,053,"Minnesota","Hennepin County",5,62,15583,7757,7826
050,27,053,"Minnesota","Hennepin County",5,63,15160,7473,7687
050,27,053,"Minnesota","Hennepin County",5,64,14870,7234,7636
050,27,053,"Minnesota","Hennepin County",5,65,14590,7013,7577
050,27,053,"Minnesota","Hennepin County",5,66,14176,6867,7309
050,27,053,"Minnesota","Hennepin County",5,67,13396,6543,6853
050,27,053,"Minnesota","Hennepin County",5,68,12986,6276,6710
050,27,053,"Minnesota","Hennepin County",5,69,12641,6039,6602
050,27,053,"Minnesota","Hennepin County",5,70,12056,5699,6357
050,27,053,"Minnesota","Hennepin County",5,71,11531,5372,6159
050,27,053,"Minnesota","Hennepin County",5,72,10760,5012,5748
050,27,053,"Minnesota","Hennepin County",5,73,10103,4647,5456
050,27,053,"Minnesota","Hennepin County",5,74,9540,4355,5185
050,27,053,"Minnesota","Hennepin County",5,75,9021,4094,4927
050,27,053,"Minnesota","Hennepin County",5,76,9432,4324,5108
050,27,053,"Minnesota","Hennepin County",5,77,6427,2940,3487
050,27,053,"Minnesota","Hennepin County",5,78,6048,2705,3343
050,27,053,"Minnesota","Hennepin County",5,79,5793,2576,3217
050,27,053,"Minnesota","Hennepin County",5,80,5848,2547,3301
050,27,053,"Minnesota","Hennepin County",5,81,4973,2152,2821
050,27,053,"Minnesota","Hennepin County",5,82,4329,1813,2516
050,27,053,"Minnesota","Hennepin County",5,83,3960,1611,2349
050,27,053,"Minnesota","Hennepin County",5,84,3687,1507,2180
050,27,053,"Minnesota","Hennepin County",5,85,23334,8286,15048
050,27,055,"Minnesota","Houston County",1,0,177,92,85
050,27,055,"Minnesota","Houston County",1,1,206,104,102
050,27,055,"Minnesota","Houston County",1,2,230,119,111
050,27,055,"Minnesota","Houston County",1,3,216,105,111
050,27,055,"Minnesota","Houston County",1,4,228,114,114
050,27,055,"Minnesota","Houston County",1,5,228,119,109
050,27,055,"Minnesota","Houston County",1,6,243,130,113
050,27,055,"Minnesota","Houston County",1,7,226,119,107
050,27,055,"Minnesota","Houston County",1,8,219,111,108
050,27,055,"Minnesota","Houston County",1,9,199,103,96
050,27,055,"Minnesota","Houston County",1,10,224,120,104
050,27,055,"Minnesota","Houston County",1,11,244,124,120
050,27,055,"Minnesota","Houston County",1,12,265,144,121
050,27,055,"Minnesota","Houston County",1,13,270,154,116
050,27,055,"Minnesota","Houston County",1,14,253,138,115
050,27,055,"Minnesota","Houston County",1,15,250,125,125
050,27,055,"Minnesota","Houston County",1,16,252,127,125
050,27,055,"Minnesota","Houston County",1,17,258,130,128
050,27,055,"Minnesota","Houston County",1,18,203,106,97
050,27,055,"Minnesota","Houston County",1,19,160,87,73
050,27,055,"Minnesota","Houston County",1,20,160,84,76
050,27,055,"Minnesota","Houston County",1,21,150,77,73
050,27,055,"Minnesota","Houston County",1,22,150,79,71
050,27,055,"Minnesota","Houston County",1,23,194,106,88
050,27,055,"Minnesota","Houston County",1,24,186,98,88
050,27,055,"Minnesota","Houston County",1,25,173,94,79
050,27,055,"Minnesota","Houston County",1,26,179,92,87
050,27,055,"Minnesota","Houston County",1,27,189,103,86
050,27,055,"Minnesota","Houston County",1,28,191,86,105
050,27,055,"Minnesota","Houston County",1,29,183,85,98
050,27,055,"Minnesota","Houston County",1,30,181,95,86
050,27,055,"Minnesota","Houston County",1,31,194,106,88
050,27,055,"Minnesota","Houston County",1,32,191,106,85
050,27,055,"Minnesota","Houston County",1,33,203,99,104
050,27,055,"Minnesota","Houston County",1,34,204,93,111
050,27,055,"Minnesota","Houston County",1,35,219,115,104
050,27,055,"Minnesota","Houston County",1,36,222,115,107
050,27,055,"Minnesota","Houston County",1,37,237,126,111
050,27,055,"Minnesota","Houston County",1,38,223,117,106
050,27,055,"Minnesota","Houston County",1,39,247,117,130
050,27,055,"Minnesota","Houston County",1,40,250,133,117
050,27,055,"Minnesota","Houston County",1,41,233,118,115
050,27,055,"Minnesota","Houston County",1,42,224,119,105
050,27,055,"Minnesota","Houston County",1,43,212,109,103
050,27,055,"Minnesota","Houston County",1,44,187,99,88
050,27,055,"Minnesota","Houston County",1,45,173,84,89
050,27,055,"Minnesota","Houston County",1,46,189,95,94
050,27,055,"Minnesota","Houston County",1,47,196,98,98
050,27,055,"Minnesota","Houston County",1,48,227,109,118
050,27,055,"Minnesota","Houston County",1,49,245,122,123
050,27,055,"Minnesota","Houston County",1,50,221,123,98
050,27,055,"Minnesota","Houston County",1,51,208,108,100
050,27,055,"Minnesota","Houston County",1,52,224,112,112
050,27,055,"Minnesota","Houston County",1,53,247,111,136
050,27,055,"Minnesota","Houston County",1,54,243,110,133
050,27,055,"Minnesota","Houston County",1,55,228,111,117
050,27,055,"Minnesota","Houston County",1,56,274,135,139
050,27,055,"Minnesota","Houston County",1,57,297,146,151
050,27,055,"Minnesota","Houston County",1,58,319,154,165
050,27,055,"Minnesota","Houston County",1,59,332,159,173
050,27,055,"Minnesota","Houston County",1,60,344,176,168
050,27,055,"Minnesota","Houston County",1,61,336,173,163
050,27,055,"Minnesota","Houston County",1,62,314,161,153
050,27,055,"Minnesota","Houston County",1,63,304,158,146
050,27,055,"Minnesota","Houston County",1,64,293,151,142
050,27,055,"Minnesota","Houston County",1,65,295,146,149
050,27,055,"Minnesota","Houston County",1,66,289,155,134
050,27,055,"Minnesota","Houston County",1,67,287,153,134
050,27,055,"Minnesota","Houston County",1,68,270,142,128
050,27,055,"Minnesota","Houston County",1,69,234,126,108
050,27,055,"Minnesota","Houston County",1,70,216,114,102
050,27,055,"Minnesota","Houston County",1,71,206,100,106
050,27,055,"Minnesota","Houston County",1,72,207,108,99
050,27,055,"Minnesota","Houston County",1,73,215,104,111
050,27,055,"Minnesota","Houston County",1,74,162,78,84
050,27,055,"Minnesota","Houston County",1,75,167,83,84
050,27,055,"Minnesota","Houston County",1,76,159,83,76
050,27,055,"Minnesota","Houston County",1,77,149,80,69
050,27,055,"Minnesota","Houston County",1,78,122,60,62
050,27,055,"Minnesota","Houston County",1,79,108,47,61
050,27,055,"Minnesota","Houston County",1,80,105,48,57
050,27,055,"Minnesota","Houston County",1,81,96,45,51
050,27,055,"Minnesota","Houston County",1,82,86,36,50
050,27,055,"Minnesota","Houston County",1,83,76,33,43
050,27,055,"Minnesota","Houston County",1,84,75,29,46
050,27,055,"Minnesota","Houston County",1,85,575,216,359
050,27,055,"Minnesota","Houston County",2,0,193,96,97
050,27,055,"Minnesota","Houston County",2,1,200,102,98
050,27,055,"Minnesota","Houston County",2,2,224,116,108
050,27,055,"Minnesota","Houston County",2,3,221,109,112
050,27,055,"Minnesota","Houston County",2,4,230,115,115
050,27,055,"Minnesota","Houston County",2,5,228,118,110
050,27,055,"Minnesota","Houston County",2,6,236,125,111
050,27,055,"Minnesota","Houston County",2,7,227,121,106
050,27,055,"Minnesota","Houston County",2,8,221,113,108
050,27,055,"Minnesota","Houston County",2,9,204,104,100
050,27,055,"Minnesota","Houston County",2,10,218,116,102
050,27,055,"Minnesota","Houston County",2,11,238,123,115
050,27,055,"Minnesota","Houston County",2,12,260,139,121
050,27,055,"Minnesota","Houston County",2,13,267,151,116
050,27,055,"Minnesota","Houston County",2,14,255,141,114
050,27,055,"Minnesota","Houston County",2,15,252,129,123
050,27,055,"Minnesota","Houston County",2,16,255,128,127
050,27,055,"Minnesota","Houston County",2,17,258,130,128
050,27,055,"Minnesota","Houston County",2,18,207,107,100
050,27,055,"Minnesota","Houston County",2,19,159,86,73
050,27,055,"Minnesota","Houston County",2,20,163,87,76
050,27,055,"Minnesota","Houston County",2,21,155,80,75
050,27,055,"Minnesota","Houston County",2,22,148,78,70
050,27,055,"Minnesota","Houston County",2,23,188,102,86
050,27,055,"Minnesota","Houston County",2,24,181,95,86
050,27,055,"Minnesota","Houston County",2,25,173,93,80
050,27,055,"Minnesota","Houston County",2,26,179,93,86
050,27,055,"Minnesota","Houston County",2,27,188,101,87
050,27,055,"Minnesota","Houston County",2,28,193,91,102
050,27,055,"Minnesota","Houston County",2,29,190,88,102
050,27,055,"Minnesota","Houston County",2,30,184,95,89
050,27,055,"Minnesota","Houston County",2,31,190,102,88
050,27,055,"Minnesota","Houston County",2,32,192,106,86
050,27,055,"Minnesota","Houston County",2,33,198,99,99
050,27,055,"Minnesota","Houston County",2,34,207,97,110
050,27,055,"Minnesota","Houston County",2,35,219,112,107
050,27,055,"Minnesota","Houston County",2,36,221,115,106
050,27,055,"Minnesota","Houston County",2,37,237,125,112
050,27,055,"Minnesota","Houston County",2,38,227,118,109
050,27,055,"Minnesota","Houston County",2,39,241,117,124
050,27,055,"Minnesota","Houston County",2,40,252,131,121
050,27,055,"Minnesota","Houston County",2,41,238,123,115
050,27,055,"Minnesota","Houston County",2,42,221,115,106
050,27,055,"Minnesota","Houston County",2,43,217,113,104
050,27,055,"Minnesota","Houston County",2,44,191,101,90
050,27,055,"Minnesota","Houston County",2,45,177,88,89
050,27,055,"Minnesota","Houston County",2,46,184,91,93
050,27,055,"Minnesota","Houston County",2,47,194,97,97
050,27,055,"Minnesota","Houston County",2,48,222,108,114
050,27,055,"Minnesota","Houston County",2,49,235,116,119
050,27,055,"Minnesota","Houston County",2,50,227,123,104
050,27,055,"Minnesota","Houston County",2,51,211,111,100
050,27,055,"Minnesota","Houston County",2,52,221,111,110
050,27,055,"Minnesota","Houston County",2,53,238,109,129
050,27,055,"Minnesota","Houston County",2,54,243,110,133
050,27,055,"Minnesota","Houston County",2,55,229,109,120
050,27,055,"Minnesota","Houston County",2,56,267,133,134
050,27,055,"Minnesota","Houston County",2,57,290,142,148
050,27,055,"Minnesota","Houston County",2,58,312,151,161
050,27,055,"Minnesota","Houston County",2,59,330,158,172
050,27,055,"Minnesota","Houston County",2,60,340,172,168
050,27,055,"Minnesota","Houston County",2,61,336,172,164
050,27,055,"Minnesota","Houston County",2,62,319,163,156
050,27,055,"Minnesota","Houston County",2,63,309,160,149
050,27,055,"Minnesota","Houston County",2,64,294,152,142
050,27,055,"Minnesota","Houston County",2,65,295,147,148
050,27,055,"Minnesota","Houston County",2,66,290,153,137
050,27,055,"Minnesota","Houston County",2,67,286,153,133
050,27,055,"Minnesota","Houston County",2,68,272,143,129
050,27,055,"Minnesota","Houston County",2,69,243,129,114
050,27,055,"Minnesota","Houston County",2,70,218,114,104
050,27,055,"Minnesota","Houston County",2,71,209,104,105
050,27,055,"Minnesota","Houston County",2,72,203,105,98
050,27,055,"Minnesota","Houston County",2,73,223,110,113
050,27,055,"Minnesota","Houston County",2,74,162,77,85
050,27,055,"Minnesota","Houston County",2,75,165,81,84
050,27,055,"Minnesota","Houston County",2,76,158,80,78
050,27,055,"Minnesota","Houston County",2,77,154,83,71
050,27,055,"Minnesota","Houston County",2,78,124,63,61
050,27,055,"Minnesota","Houston County",2,79,110,49,61
050,27,055,"Minnesota","Houston County",2,80,103,46,57
050,27,055,"Minnesota","Houston County",2,81,95,43,52
050,27,055,"Minnesota","Houston County",2,82,88,38,50
050,27,055,"Minnesota","Houston County",2,83,77,33,44
050,27,055,"Minnesota","Houston County",2,84,74,30,44
050,27,055,"Minnesota","Houston County",2,85,576,216,360
050,27,055,"Minnesota","Houston County",3,0,177,99,78
050,27,055,"Minnesota","Houston County",3,1,193,98,95
050,27,055,"Minnesota","Houston County",3,2,198,100,98
050,27,055,"Minnesota","Houston County",3,3,221,109,112
050,27,055,"Minnesota","Houston County",3,4,225,108,117
050,27,055,"Minnesota","Houston County",3,5,228,110,118
050,27,055,"Minnesota","Houston County",3,6,225,121,104
050,27,055,"Minnesota","Houston County",3,7,239,127,112
050,27,055,"Minnesota","Houston County",3,8,227,126,101
050,27,055,"Minnesota","Houston County",3,9,232,121,111
050,27,055,"Minnesota","Houston County",3,10,198,105,93
050,27,055,"Minnesota","Houston County",3,11,215,117,98
050,27,055,"Minnesota","Houston County",3,12,242,124,118
050,27,055,"Minnesota","Houston County",3,13,269,146,123
050,27,055,"Minnesota","Houston County",3,14,268,150,118
050,27,055,"Minnesota","Houston County",3,15,257,143,114
050,27,055,"Minnesota","Houston County",3,16,248,126,122
050,27,055,"Minnesota","Houston County",3,17,249,125,124
050,27,055,"Minnesota","Houston County",3,18,223,119,104
050,27,055,"Minnesota","Houston County",3,19,157,78,79
050,27,055,"Minnesota","Houston County",3,20,177,98,79
050,27,055,"Minnesota","Houston County",3,21,180,93,87
050,27,055,"Minnesota","Houston County",3,22,160,84,76
050,27,055,"Minnesota","Houston County",3,23,178,97,81
050,27,055,"Minnesota","Houston County",3,24,181,95,86
050,27,055,"Minnesota","Houston County",3,25,175,97,78
050,27,055,"Minnesota","Houston County",3,26,164,90,74
050,27,055,"Minnesota","Houston County",3,27,160,85,75
050,27,055,"Minnesota","Houston County",3,28,185,94,91
050,27,055,"Minnesota","Houston County",3,29,198,94,104
050,27,055,"Minnesota","Houston County",3,30,190,89,101
050,27,055,"Minnesota","Houston County",3,31,195,101,94
050,27,055,"Minnesota","Houston County",3,32,188,103,85
050,27,055,"Minnesota","Houston County",3,33,187,99,88
050,27,055,"Minnesota","Houston County",3,34,203,96,107
050,27,055,"Minnesota","Houston County",3,35,200,93,107
050,27,055,"Minnesota","Houston County",3,36,214,117,97
050,27,055,"Minnesota","Houston County",3,37,234,126,108
050,27,055,"Minnesota","Houston County",3,38,238,123,115
050,27,055,"Minnesota","Houston County",3,39,223,117,106
050,27,055,"Minnesota","Houston County",3,40,245,119,126
050,27,055,"Minnesota","Houston County",3,41,259,136,123
050,27,055,"Minnesota","Houston County",3,42,227,116,111
050,27,055,"Minnesota","Houston County",3,43,231,119,112
050,27,055,"Minnesota","Houston County",3,44,231,123,108
050,27,055,"Minnesota","Houston County",3,45,186,98,88
050,27,055,"Minnesota","Houston County",3,46,172,86,86
050,27,055,"Minnesota","Houston County",3,47,189,92,97
050,27,055,"Minnesota","Houston County",3,48,201,101,100
050,27,055,"Minnesota","Houston County",3,49,218,106,112
050,27,055,"Minnesota","Houston County",3,50,238,119,119
050,27,055,"Minnesota","Houston County",3,51,232,127,105
050,27,055,"Minnesota","Houston County",3,52,216,114,102
050,27,055,"Minnesota","Houston County",3,53,215,103,112
050,27,055,"Minnesota","Houston County",3,54,234,109,125
050,27,055,"Minnesota","Houston County",3,55,243,109,134
050,27,055,"Minnesota","Houston County",3,56,242,121,121
050,27,055,"Minnesota","Houston County",3,57,247,120,127
050,27,055,"Minnesota","Houston County",3,58,289,142,147
050,27,055,"Minnesota","Houston County",3,59,309,145,164
050,27,055,"Minnesota","Houston County",3,60,337,164,173
050,27,055,"Minnesota","Houston County",3,61,335,164,171
050,27,055,"Minnesota","Houston County",3,62,331,175,156
050,27,055,"Minnesota","Houston County",3,63,318,155,163
050,27,055,"Minnesota","Houston County",3,64,305,158,147
050,27,055,"Minnesota","Houston County",3,65,291,152,139
050,27,055,"Minnesota","Houston County",3,66,294,148,146
050,27,055,"Minnesota","Houston County",3,67,285,150,135
050,27,055,"Minnesota","Houston County",3,68,278,147,131
050,27,055,"Minnesota","Houston County",3,69,276,145,131
050,27,055,"Minnesota","Houston County",3,70,241,126,115
050,27,055,"Minnesota","Houston County",3,71,208,110,98
050,27,055,"Minnesota","Houston County",3,72,206,99,107
050,27,055,"Minnesota","Houston County",3,73,199,100,99
050,27,055,"Minnesota","Houston County",3,74,226,112,114
050,27,055,"Minnesota","Houston County",3,75,157,76,81
050,27,055,"Minnesota","Houston County",3,76,164,78,86
050,27,055,"Minnesota","Houston County",3,77,151,77,74
050,27,055,"Minnesota","Houston County",3,78,152,83,69
050,27,055,"Minnesota","Houston County",3,79,117,57,60
050,27,055,"Minnesota","Houston County",3,80,101,44,57
050,27,055,"Minnesota","Houston County",3,81,106,46,60
050,27,055,"Minnesota","Houston County",3,82,88,38,50
050,27,055,"Minnesota","Houston County",3,83,85,38,47
050,27,055,"Minnesota","Houston County",3,84,67,26,41
050,27,055,"Minnesota","Houston County",3,85,556,207,349
050,27,055,"Minnesota","Houston County",4,0,131,74,57
050,27,055,"Minnesota","Houston County",4,1,176,100,76
050,27,055,"Minnesota","Houston County",4,2,200,99,101
050,27,055,"Minnesota","Houston County",4,3,201,97,104
050,27,055,"Minnesota","Houston County",4,4,220,108,112
050,27,055,"Minnesota","Houston County",4,5,227,106,121
050,27,055,"Minnesota","Houston County",4,6,225,112,113
050,27,055,"Minnesota","Houston County",4,7,227,118,109
050,27,055,"Minnesota","Houston County",4,8,227,123,104
050,27,055,"Minnesota","Houston County",4,9,231,125,106
050,27,055,"Minnesota","Houston County",4,10,236,127,109
050,27,055,"Minnesota","Houston County",4,11,197,100,97
050,27,055,"Minnesota","Houston County",4,12,222,113,109
050,27,055,"Minnesota","Houston County",4,13,239,121,118
050,27,055,"Minnesota","Houston County",4,14,263,139,124
050,27,055,"Minnesota","Houston County",4,15,264,150,114
050,27,055,"Minnesota","Houston County",4,16,267,148,119
050,27,055,"Minnesota","Houston County",4,17,246,126,120
050,27,055,"Minnesota","Houston County",4,18,216,114,102
050,27,055,"Minnesota","Houston County",4,19,163,89,74
050,27,055,"Minnesota","Houston County",4,20,162,82,80
050,27,055,"Minnesota","Houston County",4,21,182,95,87
050,27,055,"Minnesota","Houston County",4,22,181,100,81
050,27,055,"Minnesota","Houston County",4,23,158,89,69
050,27,055,"Minnesota","Houston County",4,24,155,81,74
050,27,055,"Minnesota","Houston County",4,25,184,95,89
050,27,055,"Minnesota","Houston County",4,26,180,97,83
050,27,055,"Minnesota","Houston County",4,27,161,89,72
050,27,055,"Minnesota","Houston County",4,28,165,89,76
050,27,055,"Minnesota","Houston County",4,29,195,96,99
050,27,055,"Minnesota","Houston County",4,30,206,100,106
050,27,055,"Minnesota","Houston County",4,31,186,89,97
050,27,055,"Minnesota","Houston County",4,32,201,105,96
050,27,055,"Minnesota","Houston County",4,33,203,111,92
050,27,055,"Minnesota","Houston County",4,34,199,105,94
050,27,055,"Minnesota","Houston County",4,35,201,100,101
050,27,055,"Minnesota","Houston County",4,36,199,97,102
050,27,055,"Minnesota","Houston County",4,37,216,118,98
050,27,055,"Minnesota","Houston County",4,38,233,123,110
050,27,055,"Minnesota","Houston County",4,39,239,118,121
050,27,055,"Minnesota","Houston County",4,40,225,121,104
050,27,055,"Minnesota","Houston County",4,41,250,125,125
050,27,055,"Minnesota","Houston County",4,42,256,134,122
050,27,055,"Minnesota","Houston County",4,43,235,117,118
050,27,055,"Minnesota","Houston County",4,44,230,122,108
050,27,055,"Minnesota","Houston County",4,45,221,116,105
050,27,055,"Minnesota","Houston County",4,46,184,97,87
050,27,055,"Minnesota","Houston County",4,47,172,85,87
050,27,055,"Minnesota","Houston County",4,48,192,94,98
050,27,055,"Minnesota","Houston County",4,49,197,100,97
050,27,055,"Minnesota","Houston County",4,50,217,107,110
050,27,055,"Minnesota","Houston County",4,51,243,124,119
050,27,055,"Minnesota","Houston County",4,52,242,137,105
050,27,055,"Minnesota","Houston County",4,53,215,113,102
050,27,055,"Minnesota","Houston County",4,54,218,106,112
050,27,055,"Minnesota","Houston County",4,55,229,103,126
050,27,055,"Minnesota","Houston County",4,56,250,118,132
050,27,055,"Minnesota","Houston County",4,57,236,113,123
050,27,055,"Minnesota","Houston County",4,58,255,128,127
050,27,055,"Minnesota","Houston County",4,59,292,139,153
050,27,055,"Minnesota","Houston County",4,60,305,144,161
050,27,055,"Minnesota","Houston County",4,61,331,159,172
050,27,055,"Minnesota","Houston County",4,62,335,170,165
050,27,055,"Minnesota","Houston County",4,63,328,175,153
050,27,055,"Minnesota","Houston County",4,64,316,151,165
050,27,055,"Minnesota","Houston County",4,65,304,157,147
050,27,055,"Minnesota","Houston County",4,66,289,153,136
050,27,055,"Minnesota","Houston County",4,67,295,148,147
050,27,055,"Minnesota","Houston County",4,68,282,147,135
050,27,055,"Minnesota","Houston County",4,69,275,147,128
050,27,055,"Minnesota","Houston County",4,70,269,142,127
050,27,055,"Minnesota","Houston County",4,71,243,129,114
050,27,055,"Minnesota","Houston County",4,72,197,101,96
050,27,055,"Minnesota","Houston County",4,73,201,95,106
050,27,055,"Minnesota","Houston County",4,74,199,99,100
050,27,055,"Minnesota","Houston County",4,75,217,109,108
050,27,055,"Minnesota","Houston County",4,76,149,68,81
050,27,055,"Minnesota","Houston County",4,77,157,73,84
050,27,055,"Minnesota","Houston County",4,78,150,75,75
050,27,055,"Minnesota","Houston County",4,79,143,77,66
050,27,055,"Minnesota","Houston County",4,80,108,54,54
050,27,055,"Minnesota","Houston County",4,81,99,41,58
050,27,055,"Minnesota","Houston County",4,82,102,45,57
050,27,055,"Minnesota","Houston County",4,83,83,38,45
050,27,055,"Minnesota","Houston County",4,84,78,34,44
050,27,055,"Minnesota","Houston County",4,85,529,195,334
050,27,055,"Minnesota","Houston County",5,0,66,38,28
050,27,055,"Minnesota","Houston County",5,1,138,79,59
050,27,055,"Minnesota","Houston County",5,2,175,102,73
050,27,055,"Minnesota","Houston County",5,3,207,102,105
050,27,055,"Minnesota","Houston County",5,4,201,98,103
050,27,055,"Minnesota","Houston County",5,5,225,112,113
050,27,055,"Minnesota","Houston County",5,6,247,121,126
050,27,055,"Minnesota","Houston County",5,7,227,111,116
050,27,055,"Minnesota","Houston County",5,8,243,129,114
050,27,055,"Minnesota","Houston County",5,9,235,127,108
050,27,055,"Minnesota","Houston County",5,10,231,124,107
050,27,055,"Minnesota","Houston County",5,11,237,127,110
050,27,055,"Minnesota","Houston County",5,12,203,101,102
050,27,055,"Minnesota","Houston County",5,13,223,114,109
050,27,055,"Minnesota","Houston County",5,14,234,119,115
050,27,055,"Minnesota","Houston County",5,15,261,138,123
050,27,055,"Minnesota","Houston County",5,16,271,155,116
050,27,055,"Minnesota","Houston County",5,17,261,144,117
050,27,055,"Minnesota","Houston County",5,18,220,112,108
050,27,055,"Minnesota","Houston County",5,19,154,84,70
050,27,055,"Minnesota","Houston County",5,20,169,91,78
050,27,055,"Minnesota","Houston County",5,21,167,84,83
050,27,055,"Minnesota","Houston County",5,22,170,88,82
050,27,055,"Minnesota","Houston County",5,23,199,108,91
050,27,055,"Minnesota","Houston County",5,24,147,75,72
050,27,055,"Minnesota","Houston County",5,25,161,88,73
050,27,055,"Minnesota","Houston County",5,26,196,102,94
050,27,055,"Minnesota","Houston County",5,27,172,91,81
050,27,055,"Minnesota","Houston County",5,28,165,93,72
050,27,055,"Minnesota","Houston County",5,29,167,87,80
050,27,055,"Minnesota","Houston County",5,30,200,100,100
050,27,055,"Minnesota","Houston County",5,31,207,97,110
050,27,055,"Minnesota","Houston County",5,32,188,86,102
050,27,055,"Minnesota","Houston County",5,33,194,97,97
050,27,055,"Minnesota","Houston County",5,34,201,113,88
050,27,055,"Minnesota","Houston County",5,35,205,107,98
050,27,055,"Minnesota","Houston County",5,36,203,100,103
050,27,055,"Minnesota","Houston County",5,37,198,103,95
050,27,055,"Minnesota","Houston County",5,38,224,120,104
050,27,055,"Minnesota","Houston County",5,39,239,126,113
050,27,055,"Minnesota","Houston County",5,40,236,117,119
050,27,055,"Minnesota","Houston County",5,41,231,124,107
050,27,055,"Minnesota","Houston County",5,42,239,119,120
050,27,055,"Minnesota","Houston County",5,43,261,134,127
050,27,055,"Minnesota","Houston County",5,44,236,120,116
050,27,055,"Minnesota","Houston County",5,45,229,120,109
050,27,055,"Minnesota","Houston County",5,46,221,113,108
050,27,055,"Minnesota","Houston County",5,47,192,103,89
050,27,055,"Minnesota","Houston County",5,48,177,87,90
050,27,055,"Minnesota","Houston County",5,49,186,92,94
050,27,055,"Minnesota","Houston County",5,50,189,95,94
050,27,055,"Minnesota","Houston County",5,51,224,111,113
050,27,055,"Minnesota","Houston County",5,52,242,124,118
050,27,055,"Minnesota","Houston County",5,53,238,133,105
050,27,055,"Minnesota","Houston County",5,54,214,117,97
050,27,055,"Minnesota","Houston County",5,55,212,101,111
050,27,055,"Minnesota","Houston County",5,56,233,108,125
050,27,055,"Minnesota","Houston County",5,57,236,106,130
050,27,055,"Minnesota","Houston County",5,58,234,113,121
050,27,055,"Minnesota","Houston County",5,59,249,120,129
050,27,055,"Minnesota","Houston County",5,60,285,132,153
050,27,055,"Minnesota","Houston County",5,61,300,139,161
050,27,055,"Minnesota","Houston County",5,62,335,162,173
050,27,055,"Minnesota","Houston County",5,63,326,164,162
050,27,055,"Minnesota","Houston County",5,64,328,177,151
050,27,055,"Minnesota","Houston County",5,65,310,147,163
050,27,055,"Minnesota","Houston County",5,66,305,160,145
050,27,055,"Minnesota","Houston County",5,67,284,149,135
050,27,055,"Minnesota","Houston County",5,68,289,140,149
050,27,055,"Minnesota","Houston County",5,69,280,144,136
050,27,055,"Minnesota","Houston County",5,70,271,145,126
050,27,055,"Minnesota","Houston County",5,71,264,140,124
050,27,055,"Minnesota","Houston County",5,72,235,122,113
050,27,055,"Minnesota","Houston County",5,73,190,96,94
050,27,055,"Minnesota","Houston County",5,74,203,96,107
050,27,055,"Minnesota","Houston County",5,75,192,97,95
050,27,055,"Minnesota","Houston County",5,76,207,99,108
050,27,055,"Minnesota","Houston County",5,77,144,65,79
050,27,055,"Minnesota","Houston County",5,78,153,72,81
050,27,055,"Minnesota","Houston County",5,79,142,70,72
050,27,055,"Minnesota","Houston County",5,80,130,72,58
050,27,055,"Minnesota","Houston County",5,81,108,52,56
050,27,055,"Minnesota","Houston County",5,82,97,40,57
050,27,055,"Minnesota","Houston County",5,83,97,46,51
050,27,055,"Minnesota","Houston County",5,84,74,33,41
050,27,055,"Minnesota","Houston County",5,85,523,194,329
050,27,057,"Minnesota","Hubbard County",1,0,206,105,101
050,27,057,"Minnesota","Hubbard County",1,1,214,101,113
050,27,057,"Minnesota","Hubbard County",1,2,208,100,108
050,27,057,"Minnesota","Hubbard County",1,3,218,111,107
050,27,057,"Minnesota","Hubbard County",1,4,233,121,112
050,27,057,"Minnesota","Hubbard County",1,5,251,134,117
050,27,057,"Minnesota","Hubbard County",1,6,259,135,124
050,27,057,"Minnesota","Hubbard County",1,7,249,127,122
050,27,057,"Minnesota","Hubbard County",1,8,273,147,126
050,27,057,"Minnesota","Hubbard County",1,9,262,147,115
050,27,057,"Minnesota","Hubbard County",1,10,272,149,123
050,27,057,"Minnesota","Hubbard County",1,11,290,146,144
050,27,057,"Minnesota","Hubbard County",1,12,299,149,150
050,27,057,"Minnesota","Hubbard County",1,13,296,142,154
050,27,057,"Minnesota","Hubbard County",1,14,283,145,138
050,27,057,"Minnesota","Hubbard County",1,15,269,132,137
050,27,057,"Minnesota","Hubbard County",1,16,256,133,123
050,27,057,"Minnesota","Hubbard County",1,17,235,117,118
050,27,057,"Minnesota","Hubbard County",1,18,203,106,97
050,27,057,"Minnesota","Hubbard County",1,19,188,96,92
050,27,057,"Minnesota","Hubbard County",1,20,168,89,79
050,27,057,"Minnesota","Hubbard County",1,21,158,94,64
050,27,057,"Minnesota","Hubbard County",1,22,174,92,82
050,27,057,"Minnesota","Hubbard County",1,23,179,98,81
050,27,057,"Minnesota","Hubbard County",1,24,184,98,86
050,27,057,"Minnesota","Hubbard County",1,25,184,100,84
050,27,057,"Minnesota","Hubbard County",1,26,178,95,83
050,27,057,"Minnesota","Hubbard County",1,27,170,82,88
050,27,057,"Minnesota","Hubbard County",1,28,198,108,90
050,27,057,"Minnesota","Hubbard County",1,29,189,98,91
050,27,057,"Minnesota","Hubbard County",1,30,187,88,99
050,27,057,"Minnesota","Hubbard County",1,31,195,90,105
050,27,057,"Minnesota","Hubbard County",1,32,178,97,81
050,27,057,"Minnesota","Hubbard County",1,33,203,105,98
050,27,057,"Minnesota","Hubbard County",1,34,209,112,97
050,27,057,"Minnesota","Hubbard County",1,35,224,114,110
050,27,057,"Minnesota","Hubbard County",1,36,227,118,109
050,27,057,"Minnesota","Hubbard County",1,37,254,132,122
050,27,057,"Minnesota","Hubbard County",1,38,268,151,117
050,27,057,"Minnesota","Hubbard County",1,39,264,137,127
050,27,057,"Minnesota","Hubbard County",1,40,239,116,123
050,27,057,"Minnesota","Hubbard County",1,41,218,113,105
050,27,057,"Minnesota","Hubbard County",1,42,210,109,101
050,27,057,"Minnesota","Hubbard County",1,43,211,112,99
050,27,057,"Minnesota","Hubbard County",1,44,211,103,108
050,27,057,"Minnesota","Hubbard County",1,45,215,106,109
050,27,057,"Minnesota","Hubbard County",1,46,225,103,122
050,27,057,"Minnesota","Hubbard County",1,47,219,107,112
050,27,057,"Minnesota","Hubbard County",1,48,225,119,106
050,27,057,"Minnesota","Hubbard County",1,49,223,109,114
050,27,057,"Minnesota","Hubbard County",1,50,238,130,108
050,27,057,"Minnesota","Hubbard County",1,51,221,122,99
050,27,057,"Minnesota","Hubbard County",1,52,214,105,109
050,27,057,"Minnesota","Hubbard County",1,53,244,119,125
050,27,057,"Minnesota","Hubbard County",1,54,284,146,138
050,27,057,"Minnesota","Hubbard County",1,55,320,158,162
050,27,057,"Minnesota","Hubbard County",1,56,342,169,173
050,27,057,"Minnesota","Hubbard County",1,57,343,167,176
050,27,057,"Minnesota","Hubbard County",1,58,386,195,191
050,27,057,"Minnesota","Hubbard County",1,59,388,206,182
050,27,057,"Minnesota","Hubbard County",1,60,367,187,180
050,27,057,"Minnesota","Hubbard County",1,61,364,176,188
050,27,057,"Minnesota","Hubbard County",1,62,374,195,179
050,27,057,"Minnesota","Hubbard County",1,63,349,181,168
050,27,057,"Minnesota","Hubbard County",1,64,349,186,163
050,27,057,"Minnesota","Hubbard County",1,65,346,173,173
050,27,057,"Minnesota","Hubbard County",1,66,363,181,182
050,27,057,"Minnesota","Hubbard County",1,67,382,190,192
050,27,057,"Minnesota","Hubbard County",1,68,375,179,196
050,27,057,"Minnesota","Hubbard County",1,69,348,175,173
050,27,057,"Minnesota","Hubbard County",1,70,328,176,152
050,27,057,"Minnesota","Hubbard County",1,71,314,163,151
050,27,057,"Minnesota","Hubbard County",1,72,281,152,129
050,27,057,"Minnesota","Hubbard County",1,73,306,171,135
050,27,057,"Minnesota","Hubbard County",1,74,218,118,100
050,27,057,"Minnesota","Hubbard County",1,75,219,111,108
050,27,057,"Minnesota","Hubbard County",1,76,221,116,105
050,27,057,"Minnesota","Hubbard County",1,77,210,109,101
050,27,057,"Minnesota","Hubbard County",1,78,168,84,84
050,27,057,"Minnesota","Hubbard County",1,79,158,74,84
050,27,057,"Minnesota","Hubbard County",1,80,158,73,85
050,27,057,"Minnesota","Hubbard County",1,81,133,64,69
050,27,057,"Minnesota","Hubbard County",1,82,122,56,66
050,27,057,"Minnesota","Hubbard County",1,83,117,55,62
050,27,057,"Minnesota","Hubbard County",1,84,118,54,64
050,27,057,"Minnesota","Hubbard County",1,85,531,242,289
050,27,057,"Minnesota","Hubbard County",2,0,208,111,97
050,27,057,"Minnesota","Hubbard County",2,1,212,101,111
050,27,057,"Minnesota","Hubbard County",2,2,211,102,109
050,27,057,"Minnesota","Hubbard County",2,3,214,108,106
050,27,057,"Minnesota","Hubbard County",2,4,232,119,113
050,27,057,"Minnesota","Hubbard County",2,5,249,132,117
050,27,057,"Minnesota","Hubbard County",2,6,258,135,123
050,27,057,"Minnesota","Hubbard County",2,7,252,129,123
050,27,057,"Minnesota","Hubbard County",2,8,267,141,126
050,27,057,"Minnesota","Hubbard County",2,9,269,149,120
050,27,057,"Minnesota","Hubbard County",2,10,270,149,121
050,27,057,"Minnesota","Hubbard County",2,11,287,147,140
050,27,057,"Minnesota","Hubbard County",2,12,298,149,149
050,27,057,"Minnesota","Hubbard County",2,13,296,143,153
050,27,057,"Minnesota","Hubbard County",2,14,287,145,142
050,27,057,"Minnesota","Hubbard County",2,15,272,135,137
050,27,057,"Minnesota","Hubbard County",2,16,258,132,126
050,27,057,"Minnesota","Hubbard County",2,17,241,122,119
050,27,057,"Minnesota","Hubbard County",2,18,202,105,97
050,27,057,"Minnesota","Hubbard County",2,19,185,95,90
050,27,057,"Minnesota","Hubbard County",2,20,171,89,82
050,27,057,"Minnesota","Hubbard County",2,21,161,93,68
050,27,057,"Minnesota","Hubbard County",2,22,172,92,80
050,27,057,"Minnesota","Hubbard County",2,23,179,96,83
050,27,057,"Minnesota","Hubbard County",2,24,182,97,85
050,27,057,"Minnesota","Hubbard County",2,25,186,101,85
050,27,057,"Minnesota","Hubbard County",2,26,182,97,85
050,27,057,"Minnesota","Hubbard County",2,27,173,86,87
050,27,057,"Minnesota","Hubbard County",2,28,193,104,89
050,27,057,"Minnesota","Hubbard County",2,29,192,100,92
050,27,057,"Minnesota","Hubbard County",2,30,190,90,100
050,27,057,"Minnesota","Hubbard County",2,31,194,90,104
050,27,057,"Minnesota","Hubbard County",2,32,183,95,88
050,27,057,"Minnesota","Hubbard County",2,33,198,104,94
050,27,057,"Minnesota","Hubbard County",2,34,212,113,99
050,27,057,"Minnesota","Hubbard County",2,35,227,117,110
050,27,057,"Minnesota","Hubbard County",2,36,229,119,110
050,27,057,"Minnesota","Hubbard County",2,37,251,130,121
050,27,057,"Minnesota","Hubbard County",2,38,269,148,121
050,27,057,"Minnesota","Hubbard County",2,39,265,139,126
050,27,057,"Minnesota","Hubbard County",2,40,247,121,126
050,27,057,"Minnesota","Hubbard County",2,41,221,113,108
050,27,057,"Minnesota","Hubbard County",2,42,212,112,100
050,27,057,"Minnesota","Hubbard County",2,43,211,112,99
050,27,057,"Minnesota","Hubbard County",2,44,209,105,104
050,27,057,"Minnesota","Hubbard County",2,45,214,106,108
050,27,057,"Minnesota","Hubbard County",2,46,220,102,118
050,27,057,"Minnesota","Hubbard County",2,47,221,107,114
050,27,057,"Minnesota","Hubbard County",2,48,224,116,108
050,27,057,"Minnesota","Hubbard County",2,49,222,110,112
050,27,057,"Minnesota","Hubbard County",2,50,237,126,111
050,27,057,"Minnesota","Hubbard County",2,51,225,124,101
050,27,057,"Minnesota","Hubbard County",2,52,216,109,107
050,27,057,"Minnesota","Hubbard County",2,53,234,115,119
050,27,057,"Minnesota","Hubbard County",2,54,276,140,136
050,27,057,"Minnesota","Hubbard County",2,55,314,157,157
050,27,057,"Minnesota","Hubbard County",2,56,336,168,168
050,27,057,"Minnesota","Hubbard County",2,57,344,168,176
050,27,057,"Minnesota","Hubbard County",2,58,377,190,187
050,27,057,"Minnesota","Hubbard County",2,59,389,204,185
050,27,057,"Minnesota","Hubbard County",2,60,369,189,180
050,27,057,"Minnesota","Hubbard County",2,61,365,178,187
050,27,057,"Minnesota","Hubbard County",2,62,373,191,182
050,27,057,"Minnesota","Hubbard County",2,63,358,186,172
050,27,057,"Minnesota","Hubbard County",2,64,348,186,162
050,27,057,"Minnesota","Hubbard County",2,65,350,178,172
050,27,057,"Minnesota","Hubbard County",2,66,361,180,181
050,27,057,"Minnesota","Hubbard County",2,67,377,188,189
050,27,057,"Minnesota","Hubbard County",2,68,372,181,191
050,27,057,"Minnesota","Hubbard County",2,69,356,178,178
050,27,057,"Minnesota","Hubbard County",2,70,333,175,158
050,27,057,"Minnesota","Hubbard County",2,71,317,166,151
050,27,057,"Minnesota","Hubbard County",2,72,285,153,132
050,27,057,"Minnesota","Hubbard County",2,73,313,174,139
050,27,057,"Minnesota","Hubbard County",2,74,219,120,99
050,27,057,"Minnesota","Hubbard County",2,75,217,111,106
050,27,057,"Minnesota","Hubbard County",2,76,217,113,104
050,27,057,"Minnesota","Hubbard County",2,77,217,112,105
050,27,057,"Minnesota","Hubbard County",2,78,173,86,87
050,27,057,"Minnesota","Hubbard County",2,79,157,73,84
050,27,057,"Minnesota","Hubbard County",2,80,158,72,86
050,27,057,"Minnesota","Hubbard County",2,81,136,65,71
050,27,057,"Minnesota","Hubbard County",2,82,125,59,66
050,27,057,"Minnesota","Hubbard County",2,83,114,53,61
050,27,057,"Minnesota","Hubbard County",2,84,119,54,65
050,27,057,"Minnesota","Hubbard County",2,85,542,249,293
050,27,057,"Minnesota","Hubbard County",3,0,234,124,110
050,27,057,"Minnesota","Hubbard County",3,1,219,120,99
050,27,057,"Minnesota","Hubbard County",3,2,215,109,106
050,27,057,"Minnesota","Hubbard County",3,3,220,109,111
050,27,057,"Minnesota","Hubbard County",3,4,224,112,112
050,27,057,"Minnesota","Hubbard County",3,5,239,123,116
050,27,057,"Minnesota","Hubbard County",3,6,248,128,120
050,27,057,"Minnesota","Hubbard County",3,7,266,134,132
050,27,057,"Minnesota","Hubbard County",3,8,254,128,126
050,27,057,"Minnesota","Hubbard County",3,9,267,147,120
050,27,057,"Minnesota","Hubbard County",3,10,276,152,124
050,27,057,"Minnesota","Hubbard County",3,11,278,148,130
050,27,057,"Minnesota","Hubbard County",3,12,282,148,134
050,27,057,"Minnesota","Hubbard County",3,13,294,139,155
050,27,057,"Minnesota","Hubbard County",3,14,299,144,155
050,27,057,"Minnesota","Hubbard County",3,15,287,143,144
050,27,057,"Minnesota","Hubbard County",3,16,274,135,139
050,27,057,"Minnesota","Hubbard County",3,17,261,131,130
050,27,057,"Minnesota","Hubbard County",3,18,204,103,101
050,27,057,"Minnesota","Hubbard County",3,19,182,98,84
050,27,057,"Minnesota","Hubbard County",3,20,178,93,85
050,27,057,"Minnesota","Hubbard County",3,21,169,94,75
050,27,057,"Minnesota","Hubbard County",3,22,176,99,77
050,27,057,"Minnesota","Hubbard County",3,23,191,99,92
050,27,057,"Minnesota","Hubbard County",3,24,172,95,77
050,27,057,"Minnesota","Hubbard County",3,25,190,102,88
050,27,057,"Minnesota","Hubbard County",3,26,186,93,93
050,27,057,"Minnesota","Hubbard County",3,27,188,104,84
050,27,057,"Minnesota","Hubbard County",3,28,187,93,94
050,27,057,"Minnesota","Hubbard County",3,29,192,101,91
050,27,057,"Minnesota","Hubbard County",3,30,194,104,90
050,27,057,"Minnesota","Hubbard County",3,31,199,92,107
050,27,057,"Minnesota","Hubbard County",3,32,198,93,105
050,27,057,"Minnesota","Hubbard County",3,33,198,106,92
050,27,057,"Minnesota","Hubbard County",3,34,214,111,103
050,27,057,"Minnesota","Hubbard County",3,35,208,110,98
050,27,057,"Minnesota","Hubbard County",3,36,232,118,114
050,27,057,"Minnesota","Hubbard County",3,37,238,123,115
050,27,057,"Minnesota","Hubbard County",3,38,257,136,121
050,27,057,"Minnesota","Hubbard County",3,39,281,158,123
050,27,057,"Minnesota","Hubbard County",3,40,278,144,134
050,27,057,"Minnesota","Hubbard County",3,41,244,117,127
050,27,057,"Minnesota","Hubbard County",3,42,231,120,111
050,27,057,"Minnesota","Hubbard County",3,43,216,116,100
050,27,057,"Minnesota","Hubbard County",3,44,220,117,103
050,27,057,"Minnesota","Hubbard County",3,45,217,107,110
050,27,057,"Minnesota","Hubbard County",3,46,209,96,113
050,27,057,"Minnesota","Hubbard County",3,47,235,109,126
050,27,057,"Minnesota","Hubbard County",3,48,234,122,112
050,27,057,"Minnesota","Hubbard County",3,49,218,112,106
050,27,057,"Minnesota","Hubbard County",3,50,221,104,117
050,27,057,"Minnesota","Hubbard County",3,51,241,129,112
050,27,057,"Minnesota","Hubbard County",3,52,236,131,105
050,27,057,"Minnesota","Hubbard County",3,53,215,113,102
050,27,057,"Minnesota","Hubbard County",3,54,247,119,128
050,27,057,"Minnesota","Hubbard County",3,55,275,139,136
050,27,057,"Minnesota","Hubbard County",3,56,320,156,164
050,27,057,"Minnesota","Hubbard County",3,57,336,171,165
050,27,057,"Minnesota","Hubbard County",3,58,349,168,181
050,27,057,"Minnesota","Hubbard County",3,59,395,200,195
050,27,057,"Minnesota","Hubbard County",3,60,403,205,198
050,27,057,"Minnesota","Hubbard County",3,61,400,206,194
050,27,057,"Minnesota","Hubbard County",3,62,376,184,192
050,27,057,"Minnesota","Hubbard County",3,63,372,187,185
050,27,057,"Minnesota","Hubbard County",3,64,379,191,188
050,27,057,"Minnesota","Hubbard County",3,65,370,200,170
050,27,057,"Minnesota","Hubbard County",3,66,364,186,178
050,27,057,"Minnesota","Hubbard County",3,67,373,186,187
050,27,057,"Minnesota","Hubbard County",3,68,376,194,182
050,27,057,"Minnesota","Hubbard County",3,69,375,185,190
050,27,057,"Minnesota","Hubbard County",3,70,346,178,168
050,27,057,"Minnesota","Hubbard County",3,71,337,177,160
050,27,057,"Minnesota","Hubbard County",3,72,315,163,152
050,27,057,"Minnesota","Hubbard County",3,73,270,145,125
050,27,057,"Minnesota","Hubbard County",3,74,297,162,135
050,27,057,"Minnesota","Hubbard County",3,75,210,114,96
050,27,057,"Minnesota","Hubbard County",3,76,206,104,102
050,27,057,"Minnesota","Hubbard County",3,77,204,106,98
050,27,057,"Minnesota","Hubbard County",3,78,211,109,102
050,27,057,"Minnesota","Hubbard County",3,79,159,78,81
050,27,057,"Minnesota","Hubbard County",3,80,142,62,80
050,27,057,"Minnesota","Hubbard County",3,81,144,64,80
050,27,057,"Minnesota","Hubbard County",3,82,123,58,65
050,27,057,"Minnesota","Hubbard County",3,83,110,57,53
050,27,057,"Minnesota","Hubbard County",3,84,109,48,61
050,27,057,"Minnesota","Hubbard County",3,85,570,263,307
050,27,057,"Minnesota","Hubbard County",4,0,227,136,91
050,27,057,"Minnesota","Hubbard County",4,1,220,118,102
050,27,057,"Minnesota","Hubbard County",4,2,222,119,103
050,27,057,"Minnesota","Hubbard County",4,3,223,110,113
050,27,057,"Minnesota","Hubbard County",4,4,223,115,108
050,27,057,"Minnesota","Hubbard County",4,5,212,108,104
050,27,057,"Minnesota","Hubbard County",4,6,234,120,114
050,27,057,"Minnesota","Hubbard County",4,7,258,134,124
050,27,057,"Minnesota","Hubbard County",4,8,263,130,133
050,27,057,"Minnesota","Hubbard County",4,9,255,129,126
050,27,057,"Minnesota","Hubbard County",4,10,270,149,121
050,27,057,"Minnesota","Hubbard County",4,11,284,150,134
050,27,057,"Minnesota","Hubbard County",4,12,277,146,131
050,27,057,"Minnesota","Hubbard County",4,13,282,145,137
050,27,057,"Minnesota","Hubbard County",4,14,302,145,157
050,27,057,"Minnesota","Hubbard County",4,15,303,142,161
050,27,057,"Minnesota","Hubbard County",4,16,288,143,145
050,27,057,"Minnesota","Hubbard County",4,17,283,142,141
050,27,057,"Minnesota","Hubbard County",4,18,216,111,105
050,27,057,"Minnesota","Hubbard County",4,19,178,94,84
050,27,057,"Minnesota","Hubbard County",4,20,169,87,82
050,27,057,"Minnesota","Hubbard County",4,21,173,91,82
050,27,057,"Minnesota","Hubbard County",4,22,178,94,84
050,27,057,"Minnesota","Hubbard County",4,23,192,111,81
050,27,057,"Minnesota","Hubbard County",4,24,188,99,89
050,27,057,"Minnesota","Hubbard County",4,25,160,91,69
050,27,057,"Minnesota","Hubbard County",4,26,185,95,90
050,27,057,"Minnesota","Hubbard County",4,27,169,88,81
050,27,057,"Minnesota","Hubbard County",4,28,196,102,94
050,27,057,"Minnesota","Hubbard County",4,29,192,93,99
050,27,057,"Minnesota","Hubbard County",4,30,197,99,98
050,27,057,"Minnesota","Hubbard County",4,31,207,110,97
050,27,057,"Minnesota","Hubbard County",4,32,203,104,99
050,27,057,"Minnesota","Hubbard County",4,33,208,94,114
050,27,057,"Minnesota","Hubbard County",4,34,205,110,95
050,27,057,"Minnesota","Hubbard County",4,35,227,122,105
050,27,057,"Minnesota","Hubbard County",4,36,200,100,100
050,27,057,"Minnesota","Hubbard County",4,37,231,115,116
050,27,057,"Minnesota","Hubbard County",4,38,243,127,116
050,27,057,"Minnesota","Hubbard County",4,39,249,133,116
050,27,057,"Minnesota","Hubbard County",4,40,277,154,123
050,27,057,"Minnesota","Hubbard County",4,41,275,144,131
050,27,057,"Minnesota","Hubbard County",4,42,251,121,130
050,27,057,"Minnesota","Hubbard County",4,43,224,112,112
050,27,057,"Minnesota","Hubbard County",4,44,220,123,97
050,27,057,"Minnesota","Hubbard County",4,45,220,116,104
050,27,057,"Minnesota","Hubbard County",4,46,213,105,108
050,27,057,"Minnesota","Hubbard County",4,47,217,103,114
050,27,057,"Minnesota","Hubbard County",4,48,242,117,125
050,27,057,"Minnesota","Hubbard County",4,49,231,119,112
050,27,057,"Minnesota","Hubbard County",4,50,218,112,106
050,27,057,"Minnesota","Hubbard County",4,51,232,107,125
050,27,057,"Minnesota","Hubbard County",4,52,241,127,114
050,27,057,"Minnesota","Hubbard County",4,53,236,132,104
050,27,057,"Minnesota","Hubbard County",4,54,223,113,110
050,27,057,"Minnesota","Hubbard County",4,55,261,123,138
050,27,057,"Minnesota","Hubbard County",4,56,277,144,133
050,27,057,"Minnesota","Hubbard County",4,57,334,164,170
050,27,057,"Minnesota","Hubbard County",4,58,358,182,176
050,27,057,"Minnesota","Hubbard County",4,59,356,173,183
050,27,057,"Minnesota","Hubbard County",4,60,405,202,203
050,27,057,"Minnesota","Hubbard County",4,61,422,209,213
050,27,057,"Minnesota","Hubbard County",4,62,410,214,196
050,27,057,"Minnesota","Hubbard County",4,63,387,192,195
050,27,057,"Minnesota","Hubbard County",4,64,386,194,192
050,27,057,"Minnesota","Hubbard County",4,65,394,194,200
050,27,057,"Minnesota","Hubbard County",4,66,375,200,175
050,27,057,"Minnesota","Hubbard County",4,67,380,192,188
050,27,057,"Minnesota","Hubbard County",4,68,371,185,186
050,27,057,"Minnesota","Hubbard County",4,69,370,190,180
050,27,057,"Minnesota","Hubbard County",4,70,373,183,190
050,27,057,"Minnesota","Hubbard County",4,71,343,174,169
050,27,057,"Minnesota","Hubbard County",4,72,340,176,164
050,27,057,"Minnesota","Hubbard County",4,73,314,163,151
050,27,057,"Minnesota","Hubbard County",4,74,270,146,124
050,27,057,"Minnesota","Hubbard County",4,75,300,165,135
050,27,057,"Minnesota","Hubbard County",4,76,208,114,94
050,27,057,"Minnesota","Hubbard County",4,77,200,100,100
050,27,057,"Minnesota","Hubbard County",4,78,194,102,92
050,27,057,"Minnesota","Hubbard County",4,79,205,109,96
050,27,057,"Minnesota","Hubbard County",4,80,154,72,82
050,27,057,"Minnesota","Hubbard County",4,81,127,52,75
050,27,057,"Minnesota","Hubbard County",4,82,132,57,75
050,27,057,"Minnesota","Hubbard County",4,83,106,54,52
050,27,057,"Minnesota","Hubbard County",4,84,101,51,50
050,27,057,"Minnesota","Hubbard County",4,85,598,275,323
050,27,057,"Minnesota","Hubbard County",5,0,226,138,88
050,27,057,"Minnesota","Hubbard County",5,1,211,124,87
050,27,057,"Minnesota","Hubbard County",5,2,221,120,101
050,27,057,"Minnesota","Hubbard County",5,3,226,119,107
050,27,057,"Minnesota","Hubbard County",5,4,228,107,121
050,27,057,"Minnesota","Hubbard County",5,5,221,105,116
050,27,057,"Minnesota","Hubbard County",5,6,211,107,104
050,27,057,"Minnesota","Hubbard County",5,7,232,117,115
050,27,057,"Minnesota","Hubbard County",5,8,257,134,123
050,27,057,"Minnesota","Hubbard County",5,9,272,134,138
050,27,057,"Minnesota","Hubbard County",5,10,250,125,125
050,27,057,"Minnesota","Hubbard County",5,11,271,148,123
050,27,057,"Minnesota","Hubbard County",5,12,291,160,131
050,27,057,"Minnesota","Hubbard County",5,13,275,146,129
050,27,057,"Minnesota","Hubbard County",5,14,287,145,142
050,27,057,"Minnesota","Hubbard County",5,15,300,143,157
050,27,057,"Minnesota","Hubbard County",5,16,307,141,166
050,27,057,"Minnesota","Hubbard County",5,17,283,140,143
050,27,057,"Minnesota","Hubbard County",5,18,238,127,111
050,27,057,"Minnesota","Hubbard County",5,19,189,101,88
050,27,057,"Minnesota","Hubbard County",5,20,177,96,81
050,27,057,"Minnesota","Hubbard County",5,21,171,85,86
050,27,057,"Minnesota","Hubbard County",5,22,192,95,97
050,27,057,"Minnesota","Hubbard County",5,23,183,99,84
050,27,057,"Minnesota","Hubbard County",5,24,188,102,86
050,27,057,"Minnesota","Hubbard County",5,25,182,98,84
050,27,057,"Minnesota","Hubbard County",5,26,172,97,75
050,27,057,"Minnesota","Hubbard County",5,27,187,100,87
050,27,057,"Minnesota","Hubbard County",5,28,168,92,76
050,27,057,"Minnesota","Hubbard County",5,29,186,96,90
050,27,057,"Minnesota","Hubbard County",5,30,199,96,103
050,27,057,"Minnesota","Hubbard County",5,31,191,99,92
050,27,057,"Minnesota","Hubbard County",5,32,220,117,103
050,27,057,"Minnesota","Hubbard County",5,33,211,111,100
050,27,057,"Minnesota","Hubbard County",5,34,211,94,117
050,27,057,"Minnesota","Hubbard County",5,35,200,106,94
050,27,057,"Minnesota","Hubbard County",5,36,222,113,109
050,27,057,"Minnesota","Hubbard County",5,37,208,104,104
050,27,057,"Minnesota","Hubbard County",5,38,236,117,119
050,27,057,"Minnesota","Hubbard County",5,39,253,136,117
050,27,057,"Minnesota","Hubbard County",5,40,262,136,126
050,27,057,"Minnesota","Hubbard County",5,41,283,164,119
050,27,057,"Minnesota","Hubbard County",5,42,277,142,135
050,27,057,"Minnesota","Hubbard County",5,43,252,120,132
050,27,057,"Minnesota","Hubbard County",5,44,250,128,122
050,27,057,"Minnesota","Hubbard County",5,45,221,117,104
050,27,057,"Minnesota","Hubbard County",5,46,218,112,106
050,27,057,"Minnesota","Hubbard County",5,47,221,109,112
050,27,057,"Minnesota","Hubbard County",5,48,225,111,114
050,27,057,"Minnesota","Hubbard County",5,49,231,109,122
050,27,057,"Minnesota","Hubbard County",5,50,229,118,111
050,27,057,"Minnesota","Hubbard County",5,51,226,113,113
050,27,057,"Minnesota","Hubbard County",5,52,243,113,130
050,27,057,"Minnesota","Hubbard County",5,53,239,127,112
050,27,057,"Minnesota","Hubbard County",5,54,246,132,114
050,27,057,"Minnesota","Hubbard County",5,55,238,123,115
050,27,057,"Minnesota","Hubbard County",5,56,260,128,132
050,27,057,"Minnesota","Hubbard County",5,57,282,141,141
050,27,057,"Minnesota","Hubbard County",5,58,365,187,178
050,27,057,"Minnesota","Hubbard County",5,59,368,185,183
050,27,057,"Minnesota","Hubbard County",5,60,363,175,188
050,27,057,"Minnesota","Hubbard County",5,61,414,206,208
050,27,057,"Minnesota","Hubbard County",5,62,437,225,212
050,27,057,"Minnesota","Hubbard County",5,63,414,213,201
050,27,057,"Minnesota","Hubbard County",5,64,397,201,196
050,27,057,"Minnesota","Hubbard County",5,65,393,196,197
050,27,057,"Minnesota","Hubbard County",5,66,401,202,199
050,27,057,"Minnesota","Hubbard County",5,67,382,199,183
050,27,057,"Minnesota","Hubbard County",5,68,375,190,185
050,27,057,"Minnesota","Hubbard County",5,69,367,185,182
050,27,057,"Minnesota","Hubbard County",5,70,369,189,180
050,27,057,"Minnesota","Hubbard County",5,71,359,177,182
050,27,057,"Minnesota","Hubbard County",5,72,347,171,176
050,27,057,"Minnesota","Hubbard County",5,73,327,171,156
050,27,057,"Minnesota","Hubbard County",5,74,302,155,147
050,27,057,"Minnesota","Hubbard County",5,75,264,142,122
050,27,057,"Minnesota","Hubbard County",5,76,279,150,129
050,27,057,"Minnesota","Hubbard County",5,77,198,106,92
050,27,057,"Minnesota","Hubbard County",5,78,186,94,92
050,27,057,"Minnesota","Hubbard County",5,79,178,97,81
050,27,057,"Minnesota","Hubbard County",5,80,197,103,94
050,27,057,"Minnesota","Hubbard County",5,81,137,63,74
050,27,057,"Minnesota","Hubbard County",5,82,116,45,71
050,27,057,"Minnesota","Hubbard County",5,83,115,51,64
050,27,057,"Minnesota","Hubbard County",5,84,101,48,53
050,27,057,"Minnesota","Hubbard County",5,85,625,289,336
050,27,059,"Minnesota","Isanti County",1,0,462,235,227
050,27,059,"Minnesota","Isanti County",1,1,489,265,224
050,27,059,"Minnesota","Isanti County",1,2,475,262,213
050,27,059,"Minnesota","Isanti County",1,3,482,245,237
050,27,059,"Minnesota","Isanti County",1,4,518,269,249
050,27,059,"Minnesota","Isanti County",1,5,545,271,274
050,27,059,"Minnesota","Isanti County",1,6,503,250,253
050,27,059,"Minnesota","Isanti County",1,7,512,279,233
050,27,059,"Minnesota","Isanti County",1,8,520,282,238
050,27,059,"Minnesota","Isanti County",1,9,572,287,285
050,27,059,"Minnesota","Isanti County",1,10,598,311,287
050,27,059,"Minnesota","Isanti County",1,11,588,291,297
050,27,059,"Minnesota","Isanti County",1,12,617,314,303
050,27,059,"Minnesota","Isanti County",1,13,624,331,293
050,27,059,"Minnesota","Isanti County",1,14,585,302,283
050,27,059,"Minnesota","Isanti County",1,15,578,300,278
050,27,059,"Minnesota","Isanti County",1,16,583,302,281
050,27,059,"Minnesota","Isanti County",1,17,562,284,278
050,27,059,"Minnesota","Isanti County",1,18,460,238,222
050,27,059,"Minnesota","Isanti County",1,19,352,192,160
050,27,059,"Minnesota","Isanti County",1,20,385,216,169
050,27,059,"Minnesota","Isanti County",1,21,414,209,205
050,27,059,"Minnesota","Isanti County",1,22,421,211,210
050,27,059,"Minnesota","Isanti County",1,23,428,228,200
050,27,059,"Minnesota","Isanti County",1,24,443,222,221
050,27,059,"Minnesota","Isanti County",1,25,456,227,229
050,27,059,"Minnesota","Isanti County",1,26,468,242,226
050,27,059,"Minnesota","Isanti County",1,27,480,235,245
050,27,059,"Minnesota","Isanti County",1,28,504,258,246
050,27,059,"Minnesota","Isanti County",1,29,505,256,249
050,27,059,"Minnesota","Isanti County",1,30,528,273,255
050,27,059,"Minnesota","Isanti County",1,31,551,299,252
050,27,059,"Minnesota","Isanti County",1,32,577,292,285
050,27,059,"Minnesota","Isanti County",1,33,607,296,311
050,27,059,"Minnesota","Isanti County",1,34,577,297,280
050,27,059,"Minnesota","Isanti County",1,35,566,284,282
050,27,059,"Minnesota","Isanti County",1,36,546,279,267
050,27,059,"Minnesota","Isanti County",1,37,581,308,273
050,27,059,"Minnesota","Isanti County",1,38,589,301,288
050,27,059,"Minnesota","Isanti County",1,39,572,287,285
050,27,059,"Minnesota","Isanti County",1,40,537,285,252
050,27,059,"Minnesota","Isanti County",1,41,526,277,249
050,27,059,"Minnesota","Isanti County",1,42,492,260,232
050,27,059,"Minnesota","Isanti County",1,43,425,213,212
050,27,059,"Minnesota","Isanti County",1,44,436,230,206
050,27,059,"Minnesota","Isanti County",1,45,471,236,235
050,27,059,"Minnesota","Isanti County",1,46,462,234,228
050,27,059,"Minnesota","Isanti County",1,47,467,236,231
050,27,059,"Minnesota","Isanti County",1,48,519,271,248
050,27,059,"Minnesota","Isanti County",1,49,539,275,264
050,27,059,"Minnesota","Isanti County",1,50,524,265,259
050,27,059,"Minnesota","Isanti County",1,51,504,269,235
050,27,059,"Minnesota","Isanti County",1,52,537,266,271
050,27,059,"Minnesota","Isanti County",1,53,579,288,291
050,27,059,"Minnesota","Isanti County",1,54,574,296,278
050,27,059,"Minnesota","Isanti County",1,55,584,317,267
050,27,059,"Minnesota","Isanti County",1,56,667,356,311
050,27,059,"Minnesota","Isanti County",1,57,662,336,326
050,27,059,"Minnesota","Isanti County",1,58,669,346,323
050,27,059,"Minnesota","Isanti County",1,59,632,329,303
050,27,059,"Minnesota","Isanti County",1,60,616,325,291
050,27,059,"Minnesota","Isanti County",1,61,622,323,299
050,27,059,"Minnesota","Isanti County",1,62,583,304,279
050,27,059,"Minnesota","Isanti County",1,63,528,262,266
050,27,059,"Minnesota","Isanti County",1,64,534,274,260
050,27,059,"Minnesota","Isanti County",1,65,484,251,233
050,27,059,"Minnesota","Isanti County",1,66,479,238,241
050,27,059,"Minnesota","Isanti County",1,67,457,232,225
050,27,059,"Minnesota","Isanti County",1,68,453,234,219
050,27,059,"Minnesota","Isanti County",1,69,377,188,189
050,27,059,"Minnesota","Isanti County",1,70,373,178,195
050,27,059,"Minnesota","Isanti County",1,71,370,168,202
050,27,059,"Minnesota","Isanti County",1,72,359,159,200
050,27,059,"Minnesota","Isanti County",1,73,335,156,179
050,27,059,"Minnesota","Isanti County",1,74,233,113,120
050,27,059,"Minnesota","Isanti County",1,75,253,124,129
050,27,059,"Minnesota","Isanti County",1,76,272,123,149
050,27,059,"Minnesota","Isanti County",1,77,258,109,149
050,27,059,"Minnesota","Isanti County",1,78,210,98,112
050,27,059,"Minnesota","Isanti County",1,79,191,92,99
050,27,059,"Minnesota","Isanti County",1,80,202,100,102
050,27,059,"Minnesota","Isanti County",1,81,186,82,104
050,27,059,"Minnesota","Isanti County",1,82,150,65,85
050,27,059,"Minnesota","Isanti County",1,83,142,57,85
050,27,059,"Minnesota","Isanti County",1,84,134,55,79
050,27,059,"Minnesota","Isanti County",1,85,709,267,442
050,27,059,"Minnesota","Isanti County",2,0,451,225,226
050,27,059,"Minnesota","Isanti County",2,1,487,262,225
050,27,059,"Minnesota","Isanti County",2,2,486,265,221
050,27,059,"Minnesota","Isanti County",2,3,484,251,233
050,27,059,"Minnesota","Isanti County",2,4,517,264,253
050,27,059,"Minnesota","Isanti County",2,5,542,270,272
050,27,059,"Minnesota","Isanti County",2,6,516,257,259
050,27,059,"Minnesota","Isanti County",2,7,514,276,238
050,27,059,"Minnesota","Isanti County",2,8,518,281,237
050,27,059,"Minnesota","Isanti County",2,9,563,290,273
050,27,059,"Minnesota","Isanti County",2,10,595,306,289
050,27,059,"Minnesota","Isanti County",2,11,592,297,295
050,27,059,"Minnesota","Isanti County",2,12,616,312,304
050,27,059,"Minnesota","Isanti County",2,13,629,331,298
050,27,059,"Minnesota","Isanti County",2,14,597,310,287
050,27,059,"Minnesota","Isanti County",2,15,583,301,282
050,27,059,"Minnesota","Isanti County",2,16,587,303,284
050,27,059,"Minnesota","Isanti County",2,17,570,289,281
050,27,059,"Minnesota","Isanti County",2,18,464,241,223
050,27,059,"Minnesota","Isanti County",2,19,357,192,165
050,27,059,"Minnesota","Isanti County",2,20,388,216,172
050,27,059,"Minnesota","Isanti County",2,21,412,214,198
050,27,059,"Minnesota","Isanti County",2,22,424,214,210
050,27,059,"Minnesota","Isanti County",2,23,432,225,207
050,27,059,"Minnesota","Isanti County",2,24,442,224,218
050,27,059,"Minnesota","Isanti County",2,25,460,231,229
050,27,059,"Minnesota","Isanti County",2,26,471,240,231
050,27,059,"Minnesota","Isanti County",2,27,480,238,242
050,27,059,"Minnesota","Isanti County",2,28,508,261,247
050,27,059,"Minnesota","Isanti County",2,29,512,260,252
050,27,059,"Minnesota","Isanti County",2,30,532,276,256
050,27,059,"Minnesota","Isanti County",2,31,549,295,254
050,27,059,"Minnesota","Isanti County",2,32,575,294,281
050,27,059,"Minnesota","Isanti County",2,33,604,299,305
050,27,059,"Minnesota","Isanti County",2,34,591,302,289
050,27,059,"Minnesota","Isanti County",2,35,579,293,286
050,27,059,"Minnesota","Isanti County",2,36,550,280,270
050,27,059,"Minnesota","Isanti County",2,37,577,304,273
050,27,059,"Minnesota","Isanti County",2,38,593,306,287
050,27,059,"Minnesota","Isanti County",2,39,578,293,285
050,27,059,"Minnesota","Isanti County",2,40,553,288,265
050,27,059,"Minnesota","Isanti County",2,41,531,278,253
050,27,059,"Minnesota","Isanti County",2,42,500,265,235
050,27,059,"Minnesota","Isanti County",2,43,447,228,219
050,27,059,"Minnesota","Isanti County",2,44,430,225,205
050,27,059,"Minnesota","Isanti County",2,45,466,237,229
050,27,059,"Minnesota","Isanti County",2,46,464,234,230
050,27,059,"Minnesota","Isanti County",2,47,469,236,233
050,27,059,"Minnesota","Isanti County",2,48,508,264,244
050,27,059,"Minnesota","Isanti County",2,49,540,279,261
050,27,059,"Minnesota","Isanti County",2,50,531,269,262
050,27,059,"Minnesota","Isanti County",2,51,512,268,244
050,27,059,"Minnesota","Isanti County",2,52,527,263,264
050,27,059,"Minnesota","Isanti County",2,53,574,284,290
050,27,059,"Minnesota","Isanti County",2,54,574,294,280
050,27,059,"Minnesota","Isanti County",2,55,583,312,271
050,27,059,"Minnesota","Isanti County",2,56,653,349,304
050,27,059,"Minnesota","Isanti County",2,57,666,343,323
050,27,059,"Minnesota","Isanti County",2,58,667,342,325
050,27,059,"Minnesota","Isanti County",2,59,647,336,311
050,27,059,"Minnesota","Isanti County",2,60,619,324,295
050,27,059,"Minnesota","Isanti County",2,61,622,324,298
050,27,059,"Minnesota","Isanti County",2,62,590,306,284
050,27,059,"Minnesota","Isanti County",2,63,550,276,274
050,27,059,"Minnesota","Isanti County",2,64,528,268,260
050,27,059,"Minnesota","Isanti County",2,65,495,256,239
050,27,059,"Minnesota","Isanti County",2,66,484,242,242
050,27,059,"Minnesota","Isanti County",2,67,460,234,226
050,27,059,"Minnesota","Isanti County",2,68,452,231,221
050,27,059,"Minnesota","Isanti County",2,69,400,200,200
050,27,059,"Minnesota","Isanti County",2,70,374,181,193
050,27,059,"Minnesota","Isanti County",2,71,374,172,202
050,27,059,"Minnesota","Isanti County",2,72,358,159,199
050,27,059,"Minnesota","Isanti County",2,73,358,164,194
050,27,059,"Minnesota","Isanti County",2,74,239,114,125
050,27,059,"Minnesota","Isanti County",2,75,249,120,129
050,27,059,"Minnesota","Isanti County",2,76,265,122,143
050,27,059,"Minnesota","Isanti County",2,77,268,116,152
050,27,059,"Minnesota","Isanti County",2,78,213,98,115
050,27,059,"Minnesota","Isanti County",2,79,194,92,102
050,27,059,"Minnesota","Isanti County",2,80,200,99,101
050,27,059,"Minnesota","Isanti County",2,81,186,83,103
050,27,059,"Minnesota","Isanti County",2,82,156,69,87
050,27,059,"Minnesota","Isanti County",2,83,140,56,84
050,27,059,"Minnesota","Isanti County",2,84,136,56,80
050,27,059,"Minnesota","Isanti County",2,85,719,272,447
050,27,059,"Minnesota","Isanti County",3,0,481,242,239
050,27,059,"Minnesota","Isanti County",3,1,461,236,225
050,27,059,"Minnesota","Isanti County",3,2,497,269,228
050,27,059,"Minnesota","Isanti County",3,3,489,265,224
050,27,059,"Minnesota","Isanti County",3,4,489,255,234
050,27,059,"Minnesota","Isanti County",3,5,551,288,263
050,27,059,"Minnesota","Isanti County",3,6,553,282,271
050,27,059,"Minnesota","Isanti County",3,7,524,256,268
050,27,059,"Minnesota","Isanti County",3,8,521,278,243
050,27,059,"Minnesota","Isanti County",3,9,509,267,242
050,27,059,"Minnesota","Isanti County",3,10,566,297,269
050,27,059,"Minnesota","Isanti County",3,11,594,299,295
050,27,059,"Minnesota","Isanti County",3,12,585,301,284
050,27,059,"Minnesota","Isanti County",3,13,607,308,299
050,27,059,"Minnesota","Isanti County",3,14,636,327,309
050,27,059,"Minnesota","Isanti County",3,15,584,308,276
050,27,059,"Minnesota","Isanti County",3,16,588,301,287
050,27,059,"Minnesota","Isanti County",3,17,567,296,271
050,27,059,"Minnesota","Isanti County",3,18,493,266,227
050,27,059,"Minnesota","Isanti County",3,19,369,190,179
050,27,059,"Minnesota","Isanti County",3,20,390,205,185
050,27,059,"Minnesota","Isanti County",3,21,429,235,194
050,27,059,"Minnesota","Isanti County",3,22,431,219,212
050,27,059,"Minnesota","Isanti County",3,23,440,223,217
050,27,059,"Minnesota","Isanti County",3,24,456,232,224
050,27,059,"Minnesota","Isanti County",3,25,450,239,211
050,27,059,"Minnesota","Isanti County",3,26,471,237,234
050,27,059,"Minnesota","Isanti County",3,27,477,247,230
050,27,059,"Minnesota","Isanti County",3,28,509,258,251
050,27,059,"Minnesota","Isanti County",3,29,538,267,271
050,27,059,"Minnesota","Isanti County",3,30,558,287,271
050,27,059,"Minnesota","Isanti County",3,31,561,288,273
050,27,059,"Minnesota","Isanti County",3,32,590,315,275
050,27,059,"Minnesota","Isanti County",3,33,582,299,283
050,27,059,"Minnesota","Isanti County",3,34,590,298,292
050,27,059,"Minnesota","Isanti County",3,35,595,308,287
050,27,059,"Minnesota","Isanti County",3,36,575,280,295
050,27,059,"Minnesota","Isanti County",3,37,559,281,278
050,27,059,"Minnesota","Isanti County",3,38,583,305,278
050,27,059,"Minnesota","Isanti County",3,39,600,306,294
050,27,059,"Minnesota","Isanti County",3,40,568,289,279
050,27,059,"Minnesota","Isanti County",3,41,566,301,265
050,27,059,"Minnesota","Isanti County",3,42,572,307,265
050,27,059,"Minnesota","Isanti County",3,43,490,252,238
050,27,059,"Minnesota","Isanti County",3,44,461,240,221
050,27,059,"Minnesota","Isanti County",3,45,445,235,210
050,27,059,"Minnesota","Isanti County",3,46,477,238,239
050,27,059,"Minnesota","Isanti County",3,47,468,243,225
050,27,059,"Minnesota","Isanti County",3,48,473,242,231
050,27,059,"Minnesota","Isanti County",3,49,509,266,243
050,27,059,"Minnesota","Isanti County",3,50,550,288,262
050,27,059,"Minnesota","Isanti County",3,51,551,271,280
050,27,059,"Minnesota","Isanti County",3,52,509,266,243
050,27,059,"Minnesota","Isanti County",3,53,527,264,263
050,27,059,"Minnesota","Isanti County",3,54,557,280,277
050,27,059,"Minnesota","Isanti County",3,55,578,292,286
050,27,059,"Minnesota","Isanti County",3,56,599,321,278
050,27,059,"Minnesota","Isanti County",3,57,663,361,302
050,27,059,"Minnesota","Isanti County",3,58,667,342,325
050,27,059,"Minnesota","Isanti County",3,59,670,339,331
050,27,059,"Minnesota","Isanti County",3,60,636,327,309
050,27,059,"Minnesota","Isanti County",3,61,618,328,290
050,27,059,"Minnesota","Isanti County",3,62,633,332,301
050,27,059,"Minnesota","Isanti County",3,63,591,304,287
050,27,059,"Minnesota","Isanti County",3,64,549,281,268
050,27,059,"Minnesota","Isanti County",3,65,523,260,263
050,27,059,"Minnesota","Isanti County",3,66,485,257,228
050,27,059,"Minnesota","Isanti County",3,67,480,237,243
050,27,059,"Minnesota","Isanti County",3,68,469,238,231
050,27,059,"Minnesota","Isanti County",3,69,445,229,216
050,27,059,"Minnesota","Isanti County",3,70,389,193,196
050,27,059,"Minnesota","Isanti County",3,71,372,178,194
050,27,059,"Minnesota","Isanti County",3,72,368,167,201
050,27,059,"Minnesota","Isanti County",3,73,352,159,193
050,27,059,"Minnesota","Isanti County",3,74,342,154,188
050,27,059,"Minnesota","Isanti County",3,75,239,115,124
050,27,059,"Minnesota","Isanti County",3,76,250,115,135
050,27,059,"Minnesota","Isanti County",3,77,261,126,135
050,27,059,"Minnesota","Isanti County",3,78,260,115,145
050,27,059,"Minnesota","Isanti County",3,79,206,92,114
050,27,059,"Minnesota","Isanti County",3,80,189,84,105
050,27,059,"Minnesota","Isanti County",3,81,191,94,97
050,27,059,"Minnesota","Isanti County",3,82,169,76,93
050,27,059,"Minnesota","Isanti County",3,83,145,67,78
050,27,059,"Minnesota","Isanti County",3,84,132,50,82
050,27,059,"Minnesota","Isanti County",3,85,720,269,451
050,27,059,"Minnesota","Isanti County",4,0,478,230,248
050,27,059,"Minnesota","Isanti County",4,1,475,241,234
050,27,059,"Minnesota","Isanti County",4,2,490,247,243
050,27,059,"Minnesota","Isanti County",4,3,526,273,253
050,27,059,"Minnesota","Isanti County",4,4,516,285,231
050,27,059,"Minnesota","Isanti County",4,5,504,257,247
050,27,059,"Minnesota","Isanti County",4,6,565,293,272
050,27,059,"Minnesota","Isanti County",4,7,566,288,278
050,27,059,"Minnesota","Isanti County",4,8,529,260,269
050,27,059,"Minnesota","Isanti County",4,9,525,285,240
050,27,059,"Minnesota","Isanti County",4,10,525,279,246
050,27,059,"Minnesota","Isanti County",4,11,582,295,287
050,27,059,"Minnesota","Isanti County",4,12,617,307,310
050,27,059,"Minnesota","Isanti County",4,13,598,311,287
050,27,059,"Minnesota","Isanti County",4,14,630,323,307
050,27,059,"Minnesota","Isanti County",4,15,650,329,321
050,27,059,"Minnesota","Isanti County",4,16,597,315,282
050,27,059,"Minnesota","Isanti County",4,17,599,305,294
050,27,059,"Minnesota","Isanti County",4,18,483,258,225
050,27,059,"Minnesota","Isanti County",4,19,388,209,179
050,27,059,"Minnesota","Isanti County",4,20,393,207,186
050,27,059,"Minnesota","Isanti County",4,21,425,218,207
050,27,059,"Minnesota","Isanti County",4,22,450,241,209
050,27,059,"Minnesota","Isanti County",4,23,446,226,220
050,27,059,"Minnesota","Isanti County",4,24,464,229,235
050,27,059,"Minnesota","Isanti County",4,25,493,248,245
050,27,059,"Minnesota","Isanti County",4,26,445,231,214
050,27,059,"Minnesota","Isanti County",4,27,495,256,239
050,27,059,"Minnesota","Isanti County",4,28,520,265,255
050,27,059,"Minnesota","Isanti County",4,29,512,262,250
050,27,059,"Minnesota","Isanti County",4,30,568,290,278
050,27,059,"Minnesota","Isanti County",4,31,579,314,265
050,27,059,"Minnesota","Isanti County",4,32,599,293,306
050,27,059,"Minnesota","Isanti County",4,33,595,323,272
050,27,059,"Minnesota","Isanti County",4,34,599,310,289
050,27,059,"Minnesota","Isanti County",4,35,605,300,305
050,27,059,"Minnesota","Isanti County",4,36,610,319,291
050,27,059,"Minnesota","Isanti County",4,37,602,295,307
050,27,059,"Minnesota","Isanti County",4,38,556,285,271
050,27,059,"Minnesota","Isanti County",4,39,587,308,279
050,27,059,"Minnesota","Isanti County",4,40,610,309,301
050,27,059,"Minnesota","Isanti County",4,41,584,299,285
050,27,059,"Minnesota","Isanti County",4,42,571,306,265
050,27,059,"Minnesota","Isanti County",4,43,561,305,256
050,27,059,"Minnesota","Isanti County",4,44,492,259,233
050,27,059,"Minnesota","Isanti County",4,45,468,238,230
050,27,059,"Minnesota","Isanti County",4,46,452,230,222
050,27,059,"Minnesota","Isanti County",4,47,491,250,241
050,27,059,"Minnesota","Isanti County",4,48,468,244,224
050,27,059,"Minnesota","Isanti County",4,49,474,246,228
050,27,059,"Minnesota","Isanti County",4,50,521,273,248
050,27,059,"Minnesota","Isanti County",4,51,555,292,263
050,27,059,"Minnesota","Isanti County",4,52,559,279,280
050,27,059,"Minnesota","Isanti County",4,53,519,275,244
050,27,059,"Minnesota","Isanti County",4,54,523,260,263
050,27,059,"Minnesota","Isanti County",4,55,553,277,276
050,27,059,"Minnesota","Isanti County",4,56,583,293,290
050,27,059,"Minnesota","Isanti County",4,57,589,317,272
050,27,059,"Minnesota","Isanti County",4,58,671,366,305
050,27,059,"Minnesota","Isanti County",4,59,664,331,333
050,27,059,"Minnesota","Isanti County",4,60,667,339,328
050,27,059,"Minnesota","Isanti County",4,61,643,330,313
050,27,059,"Minnesota","Isanti County",4,62,626,327,299
050,27,059,"Minnesota","Isanti County",4,63,623,329,294
050,27,059,"Minnesota","Isanti County",4,64,608,311,297
050,27,059,"Minnesota","Isanti County",4,65,547,278,269
050,27,059,"Minnesota","Isanti County",4,66,506,251,255
050,27,059,"Minnesota","Isanti County",4,67,506,267,239
050,27,059,"Minnesota","Isanti County",4,68,469,226,243
050,27,059,"Minnesota","Isanti County",4,69,445,229,216
050,27,059,"Minnesota","Isanti County",4,70,433,225,208
050,27,059,"Minnesota","Isanti County",4,71,383,189,194
050,27,059,"Minnesota","Isanti County",4,72,370,180,190
050,27,059,"Minnesota","Isanti County",4,73,368,164,204
050,27,059,"Minnesota","Isanti County",4,74,347,153,194
050,27,059,"Minnesota","Isanti County",4,75,339,157,182
050,27,059,"Minnesota","Isanti County",4,76,245,118,127
050,27,059,"Minnesota","Isanti County",4,77,240,112,128
050,27,059,"Minnesota","Isanti County",4,78,253,120,133
050,27,059,"Minnesota","Isanti County",4,79,247,106,141
050,27,059,"Minnesota","Isanti County",4,80,205,90,115
050,27,059,"Minnesota","Isanti County",4,81,177,75,102
050,27,059,"Minnesota","Isanti County",4,82,177,85,92
050,27,059,"Minnesota","Isanti County",4,83,155,70,85
050,27,059,"Minnesota","Isanti County",4,84,135,62,73
050,27,059,"Minnesota","Isanti County",4,85,703,276,427
050,27,059,"Minnesota","Isanti County",5,0,479,231,248
050,27,059,"Minnesota","Isanti County",5,1,494,227,267
050,27,059,"Minnesota","Isanti County",5,2,504,262,242
050,27,059,"Minnesota","Isanti County",5,3,501,250,251
050,27,059,"Minnesota","Isanti County",5,4,521,266,255
050,27,059,"Minnesota","Isanti County",5,5,523,292,231
050,27,059,"Minnesota","Isanti County",5,6,526,274,252
050,27,059,"Minnesota","Isanti County",5,7,570,297,273
050,27,059,"Minnesota","Isanti County",5,8,564,291,273
050,27,059,"Minnesota","Isanti County",5,9,526,256,270
050,27,059,"Minnesota","Isanti County",5,10,531,286,245
050,27,059,"Minnesota","Isanti County",5,11,524,284,240
050,27,059,"Minnesota","Isanti County",5,12,598,294,304
050,27,059,"Minnesota","Isanti County",5,13,614,305,309
050,27,059,"Minnesota","Isanti County",5,14,603,319,284
050,27,059,"Minnesota","Isanti County",5,15,621,320,301
050,27,059,"Minnesota","Isanti County",5,16,659,337,322
050,27,059,"Minnesota","Isanti County",5,17,591,304,287
050,27,059,"Minnesota","Isanti County",5,18,505,257,248
050,27,059,"Minnesota","Isanti County",5,19,376,205,171
050,27,059,"Minnesota","Isanti County",5,20,408,219,189
050,27,059,"Minnesota","Isanti County",5,21,430,220,210
050,27,059,"Minnesota","Isanti County",5,22,445,217,228
050,27,059,"Minnesota","Isanti County",5,23,461,238,223
050,27,059,"Minnesota","Isanti County",5,24,470,241,229
050,27,059,"Minnesota","Isanti County",5,25,475,245,230
050,27,059,"Minnesota","Isanti County",5,26,522,259,263
050,27,059,"Minnesota","Isanti County",5,27,477,253,224
050,27,059,"Minnesota","Isanti County",5,28,506,258,248
050,27,059,"Minnesota","Isanti County",5,29,545,289,256
050,27,059,"Minnesota","Isanti County",5,30,562,281,281
050,27,059,"Minnesota","Isanti County",5,31,601,301,300
050,27,059,"Minnesota","Isanti County",5,32,620,343,277
050,27,059,"Minnesota","Isanti County",5,33,599,297,302
050,27,059,"Minnesota","Isanti County",5,34,601,330,271
050,27,059,"Minnesota","Isanti County",5,35,600,306,294
050,27,059,"Minnesota","Isanti County",5,36,598,292,306
050,27,059,"Minnesota","Isanti County",5,37,626,326,300
050,27,059,"Minnesota","Isanti County",5,38,584,296,288
050,27,059,"Minnesota","Isanti County",5,39,562,288,274
050,27,059,"Minnesota","Isanti County",5,40,589,298,291
050,27,059,"Minnesota","Isanti County",5,41,612,314,298
050,27,059,"Minnesota","Isanti County",5,42,596,305,291
050,27,059,"Minnesota","Isanti County",5,43,584,308,276
050,27,059,"Minnesota","Isanti County",5,44,563,298,265
050,27,059,"Minnesota","Isanti County",5,45,501,253,248
050,27,059,"Minnesota","Isanti County",5,46,474,243,231
050,27,059,"Minnesota","Isanti County",5,47,455,235,220
050,27,059,"Minnesota","Isanti County",5,48,493,248,245
050,27,059,"Minnesota","Isanti County",5,49,456,238,218
050,27,059,"Minnesota","Isanti County",5,50,476,242,234
050,27,059,"Minnesota","Isanti County",5,51,526,273,253
050,27,059,"Minnesota","Isanti County",5,52,577,306,271
050,27,059,"Minnesota","Isanti County",5,53,559,274,285
050,27,059,"Minnesota","Isanti County",5,54,532,280,252
050,27,059,"Minnesota","Isanti County",5,55,510,252,258
050,27,059,"Minnesota","Isanti County",5,56,557,281,276
050,27,059,"Minnesota","Isanti County",5,57,569,286,283
050,27,059,"Minnesota","Isanti County",5,58,596,322,274
050,27,059,"Minnesota","Isanti County",5,59,676,367,309
050,27,059,"Minnesota","Isanti County",5,60,662,333,329
050,27,059,"Minnesota","Isanti County",5,61,652,328,324
050,27,059,"Minnesota","Isanti County",5,62,632,314,318
050,27,059,"Minnesota","Isanti County",5,63,612,329,283
050,27,059,"Minnesota","Isanti County",5,64,623,321,302
050,27,059,"Minnesota","Isanti County",5,65,611,308,303
050,27,059,"Minnesota","Isanti County",5,66,543,271,272
050,27,059,"Minnesota","Isanti County",5,67,503,246,257
050,27,059,"Minnesota","Isanti County",5,68,491,260,231
050,27,059,"Minnesota","Isanti County",5,69,461,226,235
050,27,059,"Minnesota","Isanti County",5,70,440,224,216
050,27,059,"Minnesota","Isanti County",5,71,434,225,209
050,27,059,"Minnesota","Isanti County",5,72,372,186,186
050,27,059,"Minnesota","Isanti County",5,73,375,179,196
050,27,059,"Minnesota","Isanti County",5,74,357,158,199
050,27,059,"Minnesota","Isanti County",5,75,345,155,190
050,27,059,"Minnesota","Isanti County",5,76,332,151,181
050,27,059,"Minnesota","Isanti County",5,77,231,113,118
050,27,059,"Minnesota","Isanti County",5,78,229,108,121
050,27,059,"Minnesota","Isanti County",5,79,234,107,127
050,27,059,"Minnesota","Isanti County",5,80,247,108,139
050,27,059,"Minnesota","Isanti County",5,81,197,79,118
050,27,059,"Minnesota","Isanti County",5,82,160,67,93
050,27,059,"Minnesota","Isanti County",5,83,164,79,85
050,27,059,"Minnesota","Isanti County",5,84,146,67,79
050,27,059,"Minnesota","Isanti County",5,85,706,292,414
050,27,061,"Minnesota","Itasca County",1,0,424,215,209
050,27,061,"Minnesota","Itasca County",1,1,443,209,234
050,27,061,"Minnesota","Itasca County",1,2,462,236,226
050,27,061,"Minnesota","Itasca County",1,3,464,246,218
050,27,061,"Minnesota","Itasca County",1,4,501,267,234
050,27,061,"Minnesota","Itasca County",1,5,504,272,232
050,27,061,"Minnesota","Itasca County",1,6,475,247,228
050,27,061,"Minnesota","Itasca County",1,7,484,251,233
050,27,061,"Minnesota","Itasca County",1,8,501,263,238
050,27,061,"Minnesota","Itasca County",1,9,501,255,246
050,27,061,"Minnesota","Itasca County",1,10,491,260,231
050,27,061,"Minnesota","Itasca County",1,11,549,301,248
050,27,061,"Minnesota","Itasca County",1,12,579,313,266
050,27,061,"Minnesota","Itasca County",1,13,588,320,268
050,27,061,"Minnesota","Itasca County",1,14,575,287,288
050,27,061,"Minnesota","Itasca County",1,15,582,298,284
050,27,061,"Minnesota","Itasca County",1,16,586,286,300
050,27,061,"Minnesota","Itasca County",1,17,545,279,266
050,27,061,"Minnesota","Itasca County",1,18,490,268,222
050,27,061,"Minnesota","Itasca County",1,19,414,238,176
050,27,061,"Minnesota","Itasca County",1,20,417,237,180
050,27,061,"Minnesota","Itasca County",1,21,435,241,194
050,27,061,"Minnesota","Itasca County",1,22,429,232,197
050,27,061,"Minnesota","Itasca County",1,23,391,200,191
050,27,061,"Minnesota","Itasca County",1,24,402,211,191
050,27,061,"Minnesota","Itasca County",1,25,380,186,194
050,27,061,"Minnesota","Itasca County",1,26,417,212,205
050,27,061,"Minnesota","Itasca County",1,27,444,227,217
050,27,061,"Minnesota","Itasca County",1,28,452,246,206
050,27,061,"Minnesota","Itasca County",1,29,431,216,215
050,27,061,"Minnesota","Itasca County",1,30,422,217,205
050,27,061,"Minnesota","Itasca County",1,31,426,241,185
050,27,061,"Minnesota","Itasca County",1,32,445,232,213
050,27,061,"Minnesota","Itasca County",1,33,445,230,215
050,27,061,"Minnesota","Itasca County",1,34,444,219,225
050,27,061,"Minnesota","Itasca County",1,35,477,235,242
050,27,061,"Minnesota","Itasca County",1,36,515,246,269
050,27,061,"Minnesota","Itasca County",1,37,526,264,262
050,27,061,"Minnesota","Itasca County",1,38,534,279,255
050,27,061,"Minnesota","Itasca County",1,39,510,265,245
050,27,061,"Minnesota","Itasca County",1,40,507,259,248
050,27,061,"Minnesota","Itasca County",1,41,525,279,246
050,27,061,"Minnesota","Itasca County",1,42,549,303,246
050,27,061,"Minnesota","Itasca County",1,43,519,273,246
050,27,061,"Minnesota","Itasca County",1,44,475,254,221
050,27,061,"Minnesota","Itasca County",1,45,454,233,221
050,27,061,"Minnesota","Itasca County",1,46,478,242,236
050,27,061,"Minnesota","Itasca County",1,47,493,252,241
050,27,061,"Minnesota","Itasca County",1,48,513,252,261
050,27,061,"Minnesota","Itasca County",1,49,537,274,263
050,27,061,"Minnesota","Itasca County",1,50,520,281,239
050,27,061,"Minnesota","Itasca County",1,51,525,277,248
050,27,061,"Minnesota","Itasca County",1,52,523,260,263
050,27,061,"Minnesota","Itasca County",1,53,549,264,285
050,27,061,"Minnesota","Itasca County",1,54,577,279,298
050,27,061,"Minnesota","Itasca County",1,55,620,313,307
050,27,061,"Minnesota","Itasca County",1,56,647,324,323
050,27,061,"Minnesota","Itasca County",1,57,683,329,354
050,27,061,"Minnesota","Itasca County",1,58,712,363,349
050,27,061,"Minnesota","Itasca County",1,59,709,361,348
050,27,061,"Minnesota","Itasca County",1,60,751,397,354
050,27,061,"Minnesota","Itasca County",1,61,758,381,377
050,27,061,"Minnesota","Itasca County",1,62,773,369,404
050,27,061,"Minnesota","Itasca County",1,63,777,384,393
050,27,061,"Minnesota","Itasca County",1,64,766,396,370
050,27,061,"Minnesota","Itasca County",1,65,814,418,396
050,27,061,"Minnesota","Itasca County",1,66,789,398,391
050,27,061,"Minnesota","Itasca County",1,67,769,396,373
050,27,061,"Minnesota","Itasca County",1,68,784,408,376
050,27,061,"Minnesota","Itasca County",1,69,703,351,352
050,27,061,"Minnesota","Itasca County",1,70,607,310,297
050,27,061,"Minnesota","Itasca County",1,71,592,304,288
050,27,061,"Minnesota","Itasca County",1,72,589,302,287
050,27,061,"Minnesota","Itasca County",1,73,559,283,276
050,27,061,"Minnesota","Itasca County",1,74,386,193,193
050,27,061,"Minnesota","Itasca County",1,75,412,212,200
050,27,061,"Minnesota","Itasca County",1,76,419,206,213
050,27,061,"Minnesota","Itasca County",1,77,430,206,224
050,27,061,"Minnesota","Itasca County",1,78,347,159,188
050,27,061,"Minnesota","Itasca County",1,79,326,154,172
050,27,061,"Minnesota","Itasca County",1,80,315,150,165
050,27,061,"Minnesota","Itasca County",1,81,267,123,144
050,27,061,"Minnesota","Itasca County",1,82,217,107,110
050,27,061,"Minnesota","Itasca County",1,83,199,93,106
050,27,061,"Minnesota","Itasca County",1,84,205,104,101
050,27,061,"Minnesota","Itasca County",1,85,1245,485,760
050,27,061,"Minnesota","Itasca County",2,0,433,211,222
050,27,061,"Minnesota","Itasca County",2,1,438,209,229
050,27,061,"Minnesota","Itasca County",2,2,460,231,229
050,27,061,"Minnesota","Itasca County",2,3,466,245,221
050,27,061,"Minnesota","Itasca County",2,4,497,265,232
050,27,061,"Minnesota","Itasca County",2,5,501,270,231
050,27,061,"Minnesota","Itasca County",2,6,483,254,229
050,27,061,"Minnesota","Itasca County",2,7,482,249,233
050,27,061,"Minnesota","Itasca County",2,8,496,259,237
050,27,061,"Minnesota","Itasca County",2,9,503,257,246
050,27,061,"Minnesota","Itasca County",2,10,495,260,235
050,27,061,"Minnesota","Itasca County",2,11,535,290,245
050,27,061,"Minnesota","Itasca County",2,12,575,312,263
050,27,061,"Minnesota","Itasca County",2,13,585,318,267
050,27,061,"Minnesota","Itasca County",2,14,577,294,283
050,27,061,"Minnesota","Itasca County",2,15,581,294,287
050,27,061,"Minnesota","Itasca County",2,16,585,289,296
050,27,061,"Minnesota","Itasca County",2,17,557,283,274
050,27,061,"Minnesota","Itasca County",2,18,482,262,220
050,27,061,"Minnesota","Itasca County",2,19,415,236,179
050,27,061,"Minnesota","Itasca County",2,20,422,237,185
050,27,061,"Minnesota","Itasca County",2,21,429,240,189
050,27,061,"Minnesota","Itasca County",2,22,433,236,197
050,27,061,"Minnesota","Itasca County",2,23,402,208,194
050,27,061,"Minnesota","Itasca County",2,24,395,206,189
050,27,061,"Minnesota","Itasca County",2,25,386,191,195
050,27,061,"Minnesota","Itasca County",2,26,416,211,205
050,27,061,"Minnesota","Itasca County",2,27,436,222,214
050,27,061,"Minnesota","Itasca County",2,28,450,239,211
050,27,061,"Minnesota","Itasca County",2,29,437,223,214
050,27,061,"Minnesota","Itasca County",2,30,430,219,211
050,27,061,"Minnesota","Itasca County",2,31,432,241,191
050,27,061,"Minnesota","Itasca County",2,32,441,235,206
050,27,061,"Minnesota","Itasca County",2,33,446,230,216
050,27,061,"Minnesota","Itasca County",2,34,447,224,223
050,27,061,"Minnesota","Itasca County",2,35,474,234,240
050,27,061,"Minnesota","Itasca County",2,36,506,243,263
050,27,061,"Minnesota","Itasca County",2,37,524,261,263
050,27,061,"Minnesota","Itasca County",2,38,532,277,255
050,27,061,"Minnesota","Itasca County",2,39,516,267,249
050,27,061,"Minnesota","Itasca County",2,40,514,265,249
050,27,061,"Minnesota","Itasca County",2,41,523,275,248
050,27,061,"Minnesota","Itasca County",2,42,542,297,245
050,27,061,"Minnesota","Itasca County",2,43,529,283,246
050,27,061,"Minnesota","Itasca County",2,44,482,259,223
050,27,061,"Minnesota","Itasca County",2,45,462,239,223
050,27,061,"Minnesota","Itasca County",2,46,467,236,231
050,27,061,"Minnesota","Itasca County",2,47,487,249,238
050,27,061,"Minnesota","Itasca County",2,48,506,252,254
050,27,061,"Minnesota","Itasca County",2,49,534,270,264
050,27,061,"Minnesota","Itasca County",2,50,523,277,246
050,27,061,"Minnesota","Itasca County",2,51,523,278,245
050,27,061,"Minnesota","Itasca County",2,52,523,263,260
050,27,061,"Minnesota","Itasca County",2,53,545,264,281
050,27,061,"Minnesota","Itasca County",2,54,571,276,295
050,27,061,"Minnesota","Itasca County",2,55,613,307,306
050,27,061,"Minnesota","Itasca County",2,56,646,324,322
050,27,061,"Minnesota","Itasca County",2,57,673,327,346
050,27,061,"Minnesota","Itasca County",2,58,704,354,350
050,27,061,"Minnesota","Itasca County",2,59,715,364,351
050,27,061,"Minnesota","Itasca County",2,60,742,389,353
050,27,061,"Minnesota","Itasca County",2,61,755,383,372
050,27,061,"Minnesota","Itasca County",2,62,763,368,395
050,27,061,"Minnesota","Itasca County",2,63,784,387,397
050,27,061,"Minnesota","Itasca County",2,64,763,390,373
050,27,061,"Minnesota","Itasca County",2,65,797,410,387
050,27,061,"Minnesota","Itasca County",2,66,795,402,393
050,27,061,"Minnesota","Itasca County",2,67,771,397,374
050,27,061,"Minnesota","Itasca County",2,68,773,402,371
050,27,061,"Minnesota","Itasca County",2,69,725,364,361
050,27,061,"Minnesota","Itasca County",2,70,627,318,309
050,27,061,"Minnesota","Itasca County",2,71,593,306,287
050,27,061,"Minnesota","Itasca County",2,72,577,295,282
050,27,061,"Minnesota","Itasca County",2,73,592,299,293
050,27,061,"Minnesota","Itasca County",2,74,398,199,199
050,27,061,"Minnesota","Itasca County",2,75,407,208,199
050,27,061,"Minnesota","Itasca County",2,76,406,199,207
050,27,061,"Minnesota","Itasca County",2,77,435,208,227
050,27,061,"Minnesota","Itasca County",2,78,360,166,194
050,27,061,"Minnesota","Itasca County",2,79,323,152,171
050,27,061,"Minnesota","Itasca County",2,80,316,150,166
050,27,061,"Minnesota","Itasca County",2,81,270,125,145
050,27,061,"Minnesota","Itasca County",2,82,226,110,116
050,27,061,"Minnesota","Itasca County",2,83,198,94,104
050,27,061,"Minnesota","Itasca County",2,84,201,101,100
050,27,061,"Minnesota","Itasca County",2,85,1255,489,766
050,27,061,"Minnesota","Itasca County",3,0,364,195,169
050,27,061,"Minnesota","Itasca County",3,1,454,219,235
050,27,061,"Minnesota","Itasca County",3,2,463,220,243
050,27,061,"Minnesota","Itasca County",3,3,466,233,233
050,27,061,"Minnesota","Itasca County",3,4,466,246,220
050,27,061,"Minnesota","Itasca County",3,5,498,263,235
050,27,061,"Minnesota","Itasca County",3,6,512,270,242
050,27,061,"Minnesota","Itasca County",3,7,481,245,236
050,27,061,"Minnesota","Itasca County",3,8,492,254,238
050,27,061,"Minnesota","Itasca County",3,9,500,257,243
050,27,061,"Minnesota","Itasca County",3,10,510,261,249
050,27,061,"Minnesota","Itasca County",3,11,493,256,237
050,27,061,"Minnesota","Itasca County",3,12,548,294,254
050,27,061,"Minnesota","Itasca County",3,13,588,320,268
050,27,061,"Minnesota","Itasca County",3,14,587,312,275
050,27,061,"Minnesota","Itasca County",3,15,577,292,285
050,27,061,"Minnesota","Itasca County",3,16,582,300,282
050,27,061,"Minnesota","Itasca County",3,17,578,283,295
050,27,061,"Minnesota","Itasca County",3,18,494,268,226
050,27,061,"Minnesota","Itasca County",3,19,411,224,187
050,27,061,"Minnesota","Itasca County",3,20,429,227,202
050,27,061,"Minnesota","Itasca County",3,21,421,223,198
050,27,061,"Minnesota","Itasca County",3,22,447,254,193
050,27,061,"Minnesota","Itasca County",3,23,428,230,198
050,27,061,"Minnesota","Itasca County",3,24,401,208,193
050,27,061,"Minnesota","Itasca County",3,25,392,201,191
050,27,061,"Minnesota","Itasca County",3,26,389,193,196
050,27,061,"Minnesota","Itasca County",3,27,417,204,213
050,27,061,"Minnesota","Itasca County",3,28,445,231,214
050,27,061,"Minnesota","Itasca County",3,29,450,235,215
050,27,061,"Minnesota","Itasca County",3,30,444,226,218
050,27,061,"Minnesota","Itasca County",3,31,446,229,217
050,27,061,"Minnesota","Itasca County",3,32,436,238,198
050,27,061,"Minnesota","Itasca County",3,33,452,242,210
050,27,061,"Minnesota","Itasca County",3,34,443,227,216
050,27,061,"Minnesota","Itasca County",3,35,464,236,228
050,27,061,"Minnesota","Itasca County",3,36,486,234,252
050,27,061,"Minnesota","Itasca County",3,37,515,251,264
050,27,061,"Minnesota","Itasca County",3,38,517,260,257
050,27,061,"Minnesota","Itasca County",3,39,535,276,259
050,27,061,"Minnesota","Itasca County",3,40,519,269,250
050,27,061,"Minnesota","Itasca County",3,41,514,264,250
050,27,061,"Minnesota","Itasca County",3,42,533,274,259
050,27,061,"Minnesota","Itasca County",3,43,539,296,243
050,27,061,"Minnesota","Itasca County",3,44,531,286,245
050,27,061,"Minnesota","Itasca County",3,45,481,256,225
050,27,061,"Minnesota","Itasca County",3,46,462,241,221
050,27,061,"Minnesota","Itasca County",3,47,463,244,219
050,27,061,"Minnesota","Itasca County",3,48,494,248,246
050,27,061,"Minnesota","Itasca County",3,49,511,255,256
050,27,061,"Minnesota","Itasca County",3,50,528,263,265
050,27,061,"Minnesota","Itasca County",3,51,526,281,245
050,27,061,"Minnesota","Itasca County",3,52,534,282,252
050,27,061,"Minnesota","Itasca County",3,53,541,272,269
050,27,061,"Minnesota","Itasca County",3,54,551,258,293
050,27,061,"Minnesota","Itasca County",3,55,569,284,285
050,27,061,"Minnesota","Itasca County",3,56,606,306,300
050,27,061,"Minnesota","Itasca County",3,57,657,332,325
050,27,061,"Minnesota","Itasca County",3,58,680,336,344
050,27,061,"Minnesota","Itasca County",3,59,703,352,351
050,27,061,"Minnesota","Itasca County",3,60,714,358,356
050,27,061,"Minnesota","Itasca County",3,61,745,387,358
050,27,061,"Minnesota","Itasca County",3,62,767,393,374
050,27,061,"Minnesota","Itasca County",3,63,780,373,407
050,27,061,"Minnesota","Itasca County",3,64,779,386,393
050,27,061,"Minnesota","Itasca County",3,65,760,391,369
050,27,061,"Minnesota","Itasca County",3,66,798,406,392
050,27,061,"Minnesota","Itasca County",3,67,795,403,392
050,27,061,"Minnesota","Itasca County",3,68,785,404,381
050,27,061,"Minnesota","Itasca County",3,69,764,396,368
050,27,061,"Minnesota","Itasca County",3,70,713,361,352
050,27,061,"Minnesota","Itasca County",3,71,608,309,299
050,27,061,"Minnesota","Itasca County",3,72,571,296,275
050,27,061,"Minnesota","Itasca County",3,73,568,290,278
050,27,061,"Minnesota","Itasca County",3,74,569,289,280
050,27,061,"Minnesota","Itasca County",3,75,393,192,201
050,27,061,"Minnesota","Itasca County",3,76,393,203,190
050,27,061,"Minnesota","Itasca County",3,77,388,188,200
050,27,061,"Minnesota","Itasca County",3,78,420,199,221
050,27,061,"Minnesota","Itasca County",3,79,335,156,179
050,27,061,"Minnesota","Itasca County",3,80,311,142,169
050,27,061,"Minnesota","Itasca County",3,81,297,139,158
050,27,061,"Minnesota","Itasca County",3,82,255,118,137
050,27,061,"Minnesota","Itasca County",3,83,200,96,104
050,27,061,"Minnesota","Itasca County",3,84,182,84,98
050,27,061,"Minnesota","Itasca County",3,85,1246,490,756
050,27,061,"Minnesota","Itasca County",4,0,381,209,172
050,27,061,"Minnesota","Itasca County",4,1,390,205,185
050,27,061,"Minnesota","Itasca County",4,2,454,220,234
050,27,061,"Minnesota","Itasca County",4,3,460,228,232
050,27,061,"Minnesota","Itasca County",4,4,476,230,246
050,27,061,"Minnesota","Itasca County",4,5,473,241,232
050,27,061,"Minnesota","Itasca County",4,6,509,274,235
050,27,061,"Minnesota","Itasca County",4,7,524,280,244
050,27,061,"Minnesota","Itasca County",4,8,484,244,240
050,27,061,"Minnesota","Itasca County",4,9,496,255,241
050,27,061,"Minnesota","Itasca County",4,10,520,269,251
050,27,061,"Minnesota","Itasca County",4,11,513,260,253
050,27,061,"Minnesota","Itasca County",4,12,509,262,247
050,27,061,"Minnesota","Itasca County",4,13,557,303,254
050,27,061,"Minnesota","Itasca County",4,14,594,319,275
050,27,061,"Minnesota","Itasca County",4,15,592,314,278
050,27,061,"Minnesota","Itasca County",4,16,596,304,292
050,27,061,"Minnesota","Itasca County",4,17,586,302,284
050,27,061,"Minnesota","Itasca County",4,18,505,265,240
050,27,061,"Minnesota","Itasca County",4,19,397,223,174
050,27,061,"Minnesota","Itasca County",4,20,412,213,199
050,27,061,"Minnesota","Itasca County",4,21,416,220,196
050,27,061,"Minnesota","Itasca County",4,22,434,232,202
050,27,061,"Minnesota","Itasca County",4,23,441,253,188
050,27,061,"Minnesota","Itasca County",4,24,420,218,202
050,27,061,"Minnesota","Itasca County",4,25,388,200,188
050,27,061,"Minnesota","Itasca County",4,26,402,196,206
050,27,061,"Minnesota","Itasca County",4,27,395,200,195
050,27,061,"Minnesota","Itasca County",4,28,429,225,204
050,27,061,"Minnesota","Itasca County",4,29,441,228,213
050,27,061,"Minnesota","Itasca County",4,30,450,236,214
050,27,061,"Minnesota","Itasca County",4,31,457,241,216
050,27,061,"Minnesota","Itasca County",4,32,439,217,222
050,27,061,"Minnesota","Itasca County",4,33,442,237,205
050,27,061,"Minnesota","Itasca County",4,34,456,246,210
050,27,061,"Minnesota","Itasca County",4,35,456,233,223
050,27,061,"Minnesota","Itasca County",4,36,483,243,240
050,27,061,"Minnesota","Itasca County",4,37,496,241,255
050,27,061,"Minnesota","Itasca County",4,38,509,240,269
050,27,061,"Minnesota","Itasca County",4,39,530,265,265
050,27,061,"Minnesota","Itasca County",4,40,541,282,259
050,27,061,"Minnesota","Itasca County",4,41,525,272,253
050,27,061,"Minnesota","Itasca County",4,42,528,273,255
050,27,061,"Minnesota","Itasca County",4,43,526,269,257
050,27,061,"Minnesota","Itasca County",4,44,554,305,249
050,27,061,"Minnesota","Itasca County",4,45,529,278,251
050,27,061,"Minnesota","Itasca County",4,46,490,254,236
050,27,061,"Minnesota","Itasca County",4,47,470,247,223
050,27,061,"Minnesota","Itasca County",4,48,473,242,231
050,27,061,"Minnesota","Itasca County",4,49,495,251,244
050,27,061,"Minnesota","Itasca County",4,50,508,255,253
050,27,061,"Minnesota","Itasca County",4,51,534,271,263
050,27,061,"Minnesota","Itasca County",4,52,542,289,253
050,27,061,"Minnesota","Itasca County",4,53,535,283,252
050,27,061,"Minnesota","Itasca County",4,54,548,269,279
050,27,061,"Minnesota","Itasca County",4,55,562,272,290
050,27,061,"Minnesota","Itasca County",4,56,570,288,282
050,27,061,"Minnesota","Itasca County",4,57,612,311,301
050,27,061,"Minnesota","Itasca County",4,58,668,329,339
050,27,061,"Minnesota","Itasca County",4,59,698,350,348
050,27,061,"Minnesota","Itasca County",4,60,724,358,366
050,27,061,"Minnesota","Itasca County",4,61,744,379,365
050,27,061,"Minnesota","Itasca County",4,62,746,390,356
050,27,061,"Minnesota","Itasca County",4,63,777,402,375
050,27,061,"Minnesota","Itasca County",4,64,773,369,404
050,27,061,"Minnesota","Itasca County",4,65,797,402,395
050,27,061,"Minnesota","Itasca County",4,66,744,388,356
050,27,061,"Minnesota","Itasca County",4,67,800,409,391
050,27,061,"Minnesota","Itasca County",4,68,787,398,389
050,27,061,"Minnesota","Itasca County",4,69,779,406,373
050,27,061,"Minnesota","Itasca County",4,70,751,388,363
050,27,061,"Minnesota","Itasca County",4,71,699,362,337
050,27,061,"Minnesota","Itasca County",4,72,585,295,290
050,27,061,"Minnesota","Itasca County",4,73,547,285,262
050,27,061,"Minnesota","Itasca County",4,74,554,278,276
050,27,061,"Minnesota","Itasca County",4,75,538,269,269
050,27,061,"Minnesota","Itasca County",4,76,381,187,194
050,27,061,"Minnesota","Itasca County",4,77,373,185,188
050,27,061,"Minnesota","Itasca County",4,78,363,171,192
050,27,061,"Minnesota","Itasca County",4,79,399,186,213
050,27,061,"Minnesota","Itasca County",4,80,325,146,179
050,27,061,"Minnesota","Itasca County",4,81,292,135,157
050,27,061,"Minnesota","Itasca County",4,82,273,127,146
050,27,061,"Minnesota","Itasca County",4,83,231,108,123
050,27,061,"Minnesota","Itasca County",4,84,183,94,89
050,27,061,"Minnesota","Itasca County",4,85,1209,465,744
050,27,061,"Minnesota","Itasca County",5,0,381,210,171
050,27,061,"Minnesota","Itasca County",5,1,396,217,179
050,27,061,"Minnesota","Itasca County",5,2,411,209,202
050,27,061,"Minnesota","Itasca County",5,3,481,228,253
050,27,061,"Minnesota","Itasca County",5,4,479,238,241
050,27,061,"Minnesota","Itasca County",5,5,485,243,242
050,27,061,"Minnesota","Itasca County",5,6,485,247,238
050,27,061,"Minnesota","Itasca County",5,7,526,279,247
050,27,061,"Minnesota","Itasca County",5,8,541,284,257
050,27,061,"Minnesota","Itasca County",5,9,506,252,254
050,27,061,"Minnesota","Itasca County",5,10,507,260,247
050,27,061,"Minnesota","Itasca County",5,11,517,271,246
050,27,061,"Minnesota","Itasca County",5,12,518,268,250
050,27,061,"Minnesota","Itasca County",5,13,512,272,240
050,27,061,"Minnesota","Itasca County",5,14,552,301,251
050,27,061,"Minnesota","Itasca County",5,15,603,328,275
050,27,061,"Minnesota","Itasca County",5,16,589,312,277
050,27,061,"Minnesota","Itasca County",5,17,588,300,288
050,27,061,"Minnesota","Itasca County",5,18,516,282,234
050,27,061,"Minnesota","Itasca County",5,19,436,233,203
050,27,061,"Minnesota","Itasca County",5,20,428,232,196
050,27,061,"Minnesota","Itasca County",5,21,420,211,209
050,27,061,"Minnesota","Itasca County",5,22,437,233,204
050,27,061,"Minnesota","Itasca County",5,23,431,227,204
050,27,061,"Minnesota","Itasca County",5,24,430,242,188
050,27,061,"Minnesota","Itasca County",5,25,419,211,208
050,27,061,"Minnesota","Itasca County",5,26,403,211,192
050,27,061,"Minnesota","Itasca County",5,27,411,198,213
050,27,061,"Minnesota","Itasca County",5,28,393,198,195
050,27,061,"Minnesota","Itasca County",5,29,439,221,218
050,27,061,"Minnesota","Itasca County",5,30,448,226,222
050,27,061,"Minnesota","Itasca County",5,31,457,246,211
050,27,061,"Minnesota","Itasca County",5,32,472,239,233
050,27,061,"Minnesota","Itasca County",5,33,453,227,226
050,27,061,"Minnesota","Itasca County",5,34,460,246,214
050,27,061,"Minnesota","Itasca County",5,35,471,259,212
050,27,061,"Minnesota","Itasca County",5,36,484,252,232
050,27,061,"Minnesota","Itasca County",5,37,480,243,237
050,27,061,"Minnesota","Itasca County",5,38,503,244,259
050,27,061,"Minnesota","Itasca County",5,39,518,238,280
050,27,061,"Minnesota","Itasca County",5,40,533,266,267
050,27,061,"Minnesota","Itasca County",5,41,549,290,259
050,27,061,"Minnesota","Itasca County",5,42,535,278,257
050,27,061,"Minnesota","Itasca County",5,43,530,273,257
050,27,061,"Minnesota","Itasca County",5,44,537,281,256
050,27,061,"Minnesota","Itasca County",5,45,551,300,251
050,27,061,"Minnesota","Itasca County",5,46,537,285,252
050,27,061,"Minnesota","Itasca County",5,47,493,260,233
050,27,061,"Minnesota","Itasca County",5,48,472,245,227
050,27,061,"Minnesota","Itasca County",5,49,482,249,233
050,27,061,"Minnesota","Itasca County",5,50,494,248,246
050,27,061,"Minnesota","Itasca County",5,51,520,265,255
050,27,061,"Minnesota","Itasca County",5,52,534,272,262
050,27,061,"Minnesota","Itasca County",5,53,543,295,248
050,27,061,"Minnesota","Itasca County",5,54,542,282,260
050,27,061,"Minnesota","Itasca County",5,55,544,268,276
050,27,061,"Minnesota","Itasca County",5,56,571,281,290
050,27,061,"Minnesota","Itasca County",5,57,582,293,289
050,27,061,"Minnesota","Itasca County",5,58,609,302,307
050,27,061,"Minnesota","Itasca County",5,59,683,331,352
050,27,061,"Minnesota","Itasca County",5,60,689,349,340
050,27,061,"Minnesota","Itasca County",5,61,737,368,369
050,27,061,"Minnesota","Itasca County",5,62,751,391,360
050,27,061,"Minnesota","Itasca County",5,63,752,392,360
050,27,061,"Minnesota","Itasca County",5,64,765,402,363
050,27,061,"Minnesota","Itasca County",5,65,769,366,403
050,27,061,"Minnesota","Itasca County",5,66,780,398,382
050,27,061,"Minnesota","Itasca County",5,67,740,391,349
050,27,061,"Minnesota","Itasca County",5,68,784,398,386
050,27,061,"Minnesota","Itasca County",5,69,774,396,378
050,27,061,"Minnesota","Itasca County",5,70,769,399,370
050,27,061,"Minnesota","Itasca County",5,71,732,381,351
050,27,061,"Minnesota","Itasca County",5,72,676,348,328
050,27,061,"Minnesota","Itasca County",5,73,574,286,288
050,27,061,"Minnesota","Itasca County",5,74,532,278,254
050,27,061,"Minnesota","Itasca County",5,75,544,271,273
050,27,061,"Minnesota","Itasca County",5,76,522,265,257
050,27,061,"Minnesota","Itasca County",5,77,363,171,192
050,27,061,"Minnesota","Itasca County",5,78,356,176,180
050,27,061,"Minnesota","Itasca County",5,79,341,162,179
050,27,061,"Minnesota","Itasca County",5,80,380,172,208
050,27,061,"Minnesota","Itasca County",5,81,300,135,165
050,27,061,"Minnesota","Itasca County",5,82,265,123,142
050,27,061,"Minnesota","Itasca County",5,83,255,119,136
050,27,061,"Minnesota","Itasca County",5,84,212,103,109
050,27,061,"Minnesota","Itasca County",5,85,1176,461,715
050,27,063,"Minnesota","Jackson County",1,0,99,51,48
050,27,063,"Minnesota","Jackson County",1,1,109,60,49
050,27,063,"Minnesota","Jackson County",1,2,117,54,63
050,27,063,"Minnesota","Jackson County",1,3,111,52,59
050,27,063,"Minnesota","Jackson County",1,4,117,61,56
050,27,063,"Minnesota","Jackson County",1,5,120,60,60
050,27,063,"Minnesota","Jackson County",1,6,116,60,56
050,27,063,"Minnesota","Jackson County",1,7,116,64,52
050,27,063,"Minnesota","Jackson County",1,8,109,55,54
050,27,063,"Minnesota","Jackson County",1,9,116,54,62
050,27,063,"Minnesota","Jackson County",1,10,120,66,54
050,27,063,"Minnesota","Jackson County",1,11,126,67,59
050,27,063,"Minnesota","Jackson County",1,12,131,65,66
050,27,063,"Minnesota","Jackson County",1,13,136,62,74
050,27,063,"Minnesota","Jackson County",1,14,144,73,71
050,27,063,"Minnesota","Jackson County",1,15,132,69,63
050,27,063,"Minnesota","Jackson County",1,16,128,77,51
050,27,063,"Minnesota","Jackson County",1,17,132,73,59
050,27,063,"Minnesota","Jackson County",1,18,109,64,45
050,27,063,"Minnesota","Jackson County",1,19,93,50,43
050,27,063,"Minnesota","Jackson County",1,20,100,56,44
050,27,063,"Minnesota","Jackson County",1,21,98,52,46
050,27,063,"Minnesota","Jackson County",1,22,106,54,52
050,27,063,"Minnesota","Jackson County",1,23,104,51,53
050,27,063,"Minnesota","Jackson County",1,24,93,49,44
050,27,063,"Minnesota","Jackson County",1,25,97,57,40
050,27,063,"Minnesota","Jackson County",1,26,92,53,39
050,27,063,"Minnesota","Jackson County",1,27,102,56,46
050,27,063,"Minnesota","Jackson County",1,28,106,55,51
050,27,063,"Minnesota","Jackson County",1,29,114,61,53
050,27,063,"Minnesota","Jackson County",1,30,91,48,43
050,27,063,"Minnesota","Jackson County",1,31,91,51,40
050,27,063,"Minnesota","Jackson County",1,32,95,52,43
050,27,063,"Minnesota","Jackson County",1,33,108,56,52
050,27,063,"Minnesota","Jackson County",1,34,110,60,50
050,27,063,"Minnesota","Jackson County",1,35,107,49,58
050,27,063,"Minnesota","Jackson County",1,36,118,64,54
050,27,063,"Minnesota","Jackson County",1,37,113,64,49
050,27,063,"Minnesota","Jackson County",1,38,130,62,68
050,27,063,"Minnesota","Jackson County",1,39,147,75,72
050,27,063,"Minnesota","Jackson County",1,40,125,68,57
050,27,063,"Minnesota","Jackson County",1,41,122,72,50
050,27,063,"Minnesota","Jackson County",1,42,122,68,54
050,27,063,"Minnesota","Jackson County",1,43,101,59,42
050,27,063,"Minnesota","Jackson County",1,44,100,53,47
050,27,063,"Minnesota","Jackson County",1,45,110,53,57
050,27,063,"Minnesota","Jackson County",1,46,115,59,56
050,27,063,"Minnesota","Jackson County",1,47,104,49,55
050,27,063,"Minnesota","Jackson County",1,48,110,54,56
050,27,063,"Minnesota","Jackson County",1,49,115,66,49
050,27,063,"Minnesota","Jackson County",1,50,130,68,62
050,27,063,"Minnesota","Jackson County",1,51,114,59,55
050,27,063,"Minnesota","Jackson County",1,52,104,58,46
050,27,063,"Minnesota","Jackson County",1,53,113,55,58
050,27,063,"Minnesota","Jackson County",1,54,124,63,61
050,27,063,"Minnesota","Jackson County",1,55,123,68,55
050,27,063,"Minnesota","Jackson County",1,56,129,71,58
050,27,063,"Minnesota","Jackson County",1,57,149,74,75
050,27,063,"Minnesota","Jackson County",1,58,156,85,71
050,27,063,"Minnesota","Jackson County",1,59,182,106,76
050,27,063,"Minnesota","Jackson County",1,60,189,111,78
050,27,063,"Minnesota","Jackson County",1,61,164,90,74
050,27,063,"Minnesota","Jackson County",1,62,156,80,76
050,27,063,"Minnesota","Jackson County",1,63,160,80,80
050,27,063,"Minnesota","Jackson County",1,64,154,79,75
050,27,063,"Minnesota","Jackson County",1,65,140,73,67
050,27,063,"Minnesota","Jackson County",1,66,142,73,69
050,27,063,"Minnesota","Jackson County",1,67,146,79,67
050,27,063,"Minnesota","Jackson County",1,68,148,78,70
050,27,063,"Minnesota","Jackson County",1,69,116,55,61
050,27,063,"Minnesota","Jackson County",1,70,114,57,57
050,27,063,"Minnesota","Jackson County",1,71,106,48,58
050,27,063,"Minnesota","Jackson County",1,72,103,55,48
050,27,063,"Minnesota","Jackson County",1,73,101,55,46
050,27,063,"Minnesota","Jackson County",1,74,73,40,33
050,27,063,"Minnesota","Jackson County",1,75,76,37,39
050,27,063,"Minnesota","Jackson County",1,76,84,43,41
050,27,063,"Minnesota","Jackson County",1,77,76,39,37
050,27,063,"Minnesota","Jackson County",1,78,79,40,39
050,27,063,"Minnesota","Jackson County",1,79,64,27,37
050,27,063,"Minnesota","Jackson County",1,80,56,23,33
050,27,063,"Minnesota","Jackson County",1,81,64,30,34
050,27,063,"Minnesota","Jackson County",1,82,65,27,38
050,27,063,"Minnesota","Jackson County",1,83,54,23,31
050,27,063,"Minnesota","Jackson County",1,84,57,21,36
050,27,063,"Minnesota","Jackson County",1,85,356,134,222
050,27,063,"Minnesota","Jackson County",2,0,104,51,53
050,27,063,"Minnesota","Jackson County",2,1,106,58,48
050,27,063,"Minnesota","Jackson County",2,2,116,55,61
050,27,063,"Minnesota","Jackson County",2,3,113,53,60
050,27,063,"Minnesota","Jackson County",2,4,117,59,58
050,27,063,"Minnesota","Jackson County",2,5,120,60,60
050,27,063,"Minnesota","Jackson County",2,6,116,60,56
050,27,063,"Minnesota","Jackson County",2,7,115,63,52
050,27,063,"Minnesota","Jackson County",2,8,110,57,53
050,27,063,"Minnesota","Jackson County",2,9,115,55,60
050,27,063,"Minnesota","Jackson County",2,10,120,63,57
050,27,063,"Minnesota","Jackson County",2,11,123,65,58
050,27,063,"Minnesota","Jackson County",2,12,129,66,63
050,27,063,"Minnesota","Jackson County",2,13,136,63,73
050,27,063,"Minnesota","Jackson County",2,14,143,70,73
050,27,063,"Minnesota","Jackson County",2,15,133,70,63
050,27,063,"Minnesota","Jackson County",2,16,130,74,56
050,27,063,"Minnesota","Jackson County",2,17,131,73,58
050,27,063,"Minnesota","Jackson County",2,18,109,64,45
050,27,063,"Minnesota","Jackson County",2,19,93,52,41
050,27,063,"Minnesota","Jackson County",2,20,101,56,45
050,27,063,"Minnesota","Jackson County",2,21,99,52,47
050,27,063,"Minnesota","Jackson County",2,22,105,54,51
050,27,063,"Minnesota","Jackson County",2,23,104,52,52
050,27,063,"Minnesota","Jackson County",2,24,96,50,46
050,27,063,"Minnesota","Jackson County",2,25,97,56,41
050,27,063,"Minnesota","Jackson County",2,26,95,55,40
050,27,063,"Minnesota","Jackson County",2,27,101,56,45
050,27,063,"Minnesota","Jackson County",2,28,106,55,51
050,27,063,"Minnesota","Jackson County",2,29,112,60,52
050,27,063,"Minnesota","Jackson County",2,30,98,52,46
050,27,063,"Minnesota","Jackson County",2,31,91,50,41
050,27,063,"Minnesota","Jackson County",2,32,95,52,43
050,27,063,"Minnesota","Jackson County",2,33,105,55,50
050,27,063,"Minnesota","Jackson County",2,34,110,58,52
050,27,063,"Minnesota","Jackson County",2,35,110,52,58
050,27,063,"Minnesota","Jackson County",2,36,114,60,54
050,27,063,"Minnesota","Jackson County",2,37,114,63,51
050,27,063,"Minnesota","Jackson County",2,38,126,62,64
050,27,063,"Minnesota","Jackson County",2,39,142,72,70
050,27,063,"Minnesota","Jackson County",2,40,131,70,61
050,27,063,"Minnesota","Jackson County",2,41,122,71,51
050,27,063,"Minnesota","Jackson County",2,42,122,70,52
050,27,063,"Minnesota","Jackson County",2,43,107,62,45
050,27,063,"Minnesota","Jackson County",2,44,100,54,46
050,27,063,"Minnesota","Jackson County",2,45,108,53,55
050,27,063,"Minnesota","Jackson County",2,46,114,58,56
050,27,063,"Minnesota","Jackson County",2,47,106,51,55
050,27,063,"Minnesota","Jackson County",2,48,109,53,56
050,27,063,"Minnesota","Jackson County",2,49,115,64,51
050,27,063,"Minnesota","Jackson County",2,50,126,67,59
050,27,063,"Minnesota","Jackson County",2,51,116,60,56
050,27,063,"Minnesota","Jackson County",2,52,107,58,49
050,27,063,"Minnesota","Jackson County",2,53,111,56,55
050,27,063,"Minnesota","Jackson County",2,54,121,61,60
050,27,063,"Minnesota","Jackson County",2,55,123,66,57
050,27,063,"Minnesota","Jackson County",2,56,129,71,58
050,27,063,"Minnesota","Jackson County",2,57,145,74,71
050,27,063,"Minnesota","Jackson County",2,58,152,81,71
050,27,063,"Minnesota","Jackson County",2,59,176,101,75
050,27,063,"Minnesota","Jackson County",2,60,186,109,77
050,27,063,"Minnesota","Jackson County",2,61,168,94,74
050,27,063,"Minnesota","Jackson County",2,62,157,81,76
050,27,063,"Minnesota","Jackson County",2,63,160,81,79
050,27,063,"Minnesota","Jackson County",2,64,154,78,76
050,27,063,"Minnesota","Jackson County",2,65,143,74,69
050,27,063,"Minnesota","Jackson County",2,66,142,74,68
050,27,063,"Minnesota","Jackson County",2,67,146,78,68
050,27,063,"Minnesota","Jackson County",2,68,148,78,70
050,27,063,"Minnesota","Jackson County",2,69,125,61,64
050,27,063,"Minnesota","Jackson County",2,70,114,56,58
050,27,063,"Minnesota","Jackson County",2,71,109,50,59
050,27,063,"Minnesota","Jackson County",2,72,101,52,49
050,27,063,"Minnesota","Jackson County",2,73,105,57,48
050,27,063,"Minnesota","Jackson County",2,74,75,41,34
050,27,063,"Minnesota","Jackson County",2,75,73,37,36
050,27,063,"Minnesota","Jackson County",2,76,80,40,40
050,27,063,"Minnesota","Jackson County",2,77,79,40,39
050,27,063,"Minnesota","Jackson County",2,78,78,39,39
050,27,063,"Minnesota","Jackson County",2,79,66,29,37
050,27,063,"Minnesota","Jackson County",2,80,58,24,34
050,27,063,"Minnesota","Jackson County",2,81,60,28,32
050,27,063,"Minnesota","Jackson County",2,82,65,28,37
050,27,063,"Minnesota","Jackson County",2,83,52,22,30
050,27,063,"Minnesota","Jackson County",2,84,58,22,36
050,27,063,"Minnesota","Jackson County",2,85,353,131,222
050,27,063,"Minnesota","Jackson County",3,0,87,40,47
050,27,063,"Minnesota","Jackson County",3,1,117,54,63
050,27,063,"Minnesota","Jackson County",3,2,110,57,53
050,27,063,"Minnesota","Jackson County",3,3,125,56,69
050,27,063,"Minnesota","Jackson County",3,4,118,56,62
050,27,063,"Minnesota","Jackson County",3,5,118,60,58
050,27,063,"Minnesota","Jackson County",3,6,122,63,59
050,27,063,"Minnesota","Jackson County",3,7,112,60,52
050,27,063,"Minnesota","Jackson County",3,8,118,65,53
050,27,063,"Minnesota","Jackson County",3,9,110,54,56
050,27,063,"Minnesota","Jackson County",3,10,116,57,59
050,27,063,"Minnesota","Jackson County",3,11,112,63,49
050,27,063,"Minnesota","Jackson County",3,12,128,65,63
050,27,063,"Minnesota","Jackson County",3,13,129,66,63
050,27,063,"Minnesota","Jackson County",3,14,138,63,75
050,27,063,"Minnesota","Jackson County",3,15,138,68,70
050,27,063,"Minnesota","Jackson County",3,16,127,66,61
050,27,063,"Minnesota","Jackson County",3,17,135,76,59
050,27,063,"Minnesota","Jackson County",3,18,109,65,44
050,27,063,"Minnesota","Jackson County",3,19,87,52,35
050,27,063,"Minnesota","Jackson County",3,20,104,57,47
050,27,063,"Minnesota","Jackson County",3,21,90,50,40
050,27,063,"Minnesota","Jackson County",3,22,103,56,47
050,27,063,"Minnesota","Jackson County",3,23,97,57,40
050,27,063,"Minnesota","Jackson County",3,24,98,51,47
050,27,063,"Minnesota","Jackson County",3,25,90,50,40
050,27,063,"Minnesota","Jackson County",3,26,106,63,43
050,27,063,"Minnesota","Jackson County",3,27,97,57,40
050,27,063,"Minnesota","Jackson County",3,28,109,64,45
050,27,063,"Minnesota","Jackson County",3,29,108,57,51
050,27,063,"Minnesota","Jackson County",3,30,116,63,53
050,27,063,"Minnesota","Jackson County",3,31,100,52,48
050,27,063,"Minnesota","Jackson County",3,32,100,53,47
050,27,063,"Minnesota","Jackson County",3,33,98,55,43
050,27,063,"Minnesota","Jackson County",3,34,110,58,52
050,27,063,"Minnesota","Jackson County",3,35,116,63,53
050,27,063,"Minnesota","Jackson County",3,36,117,55,62
050,27,063,"Minnesota","Jackson County",3,37,113,56,57
050,27,063,"Minnesota","Jackson County",3,38,117,66,51
050,27,063,"Minnesota","Jackson County",3,39,123,64,59
050,27,063,"Minnesota","Jackson County",3,40,140,71,69
050,27,063,"Minnesota","Jackson County",3,41,130,69,61
050,27,063,"Minnesota","Jackson County",3,42,120,70,50
050,27,063,"Minnesota","Jackson County",3,43,120,69,51
050,27,063,"Minnesota","Jackson County",3,44,105,59,46
050,27,063,"Minnesota","Jackson County",3,45,104,56,48
050,27,063,"Minnesota","Jackson County",3,46,108,54,54
050,27,063,"Minnesota","Jackson County",3,47,113,57,56
050,27,063,"Minnesota","Jackson County",3,48,105,52,53
050,27,063,"Minnesota","Jackson County",3,49,109,52,57
050,27,063,"Minnesota","Jackson County",3,50,120,65,55
050,27,063,"Minnesota","Jackson County",3,51,128,68,60
050,27,063,"Minnesota","Jackson County",3,52,113,57,56
050,27,063,"Minnesota","Jackson County",3,53,110,63,47
050,27,063,"Minnesota","Jackson County",3,54,114,59,55
050,27,063,"Minnesota","Jackson County",3,55,124,63,61
050,27,063,"Minnesota","Jackson County",3,56,123,67,56
050,27,063,"Minnesota","Jackson County",3,57,128,71,57
050,27,063,"Minnesota","Jackson County",3,58,144,75,69
050,27,063,"Minnesota","Jackson County",3,59,147,80,67
050,27,063,"Minnesota","Jackson County",3,60,170,97,73
050,27,063,"Minnesota","Jackson County",3,61,188,110,78
050,27,063,"Minnesota","Jackson County",3,62,166,91,75
050,27,063,"Minnesota","Jackson County",3,63,159,81,78
050,27,063,"Minnesota","Jackson County",3,64,158,83,75
050,27,063,"Minnesota","Jackson County",3,65,152,76,76
050,27,063,"Minnesota","Jackson County",3,66,144,74,70
050,27,063,"Minnesota","Jackson County",3,67,141,73,68
050,27,063,"Minnesota","Jackson County",3,68,147,79,68
050,27,063,"Minnesota","Jackson County",3,69,143,75,68
050,27,063,"Minnesota","Jackson County",3,70,124,59,65
050,27,063,"Minnesota","Jackson County",3,71,111,55,56
050,27,063,"Minnesota","Jackson County",3,72,107,48,59
050,27,063,"Minnesota","Jackson County",3,73,97,48,49
050,27,063,"Minnesota","Jackson County",3,74,107,57,50
050,27,063,"Minnesota","Jackson County",3,75,68,39,29
050,27,063,"Minnesota","Jackson County",3,76,73,37,36
050,27,063,"Minnesota","Jackson County",3,77,73,35,38
050,27,063,"Minnesota","Jackson County",3,78,84,41,43
050,27,063,"Minnesota","Jackson County",3,79,70,34,36
050,27,063,"Minnesota","Jackson County",3,80,65,31,34
050,27,063,"Minnesota","Jackson County",3,81,58,24,34
050,27,063,"Minnesota","Jackson County",3,82,60,28,32
050,27,063,"Minnesota","Jackson County",3,83,58,27,31
050,27,063,"Minnesota","Jackson County",3,84,52,21,31
050,27,063,"Minnesota","Jackson County",3,85,357,135,222
050,27,063,"Minnesota","Jackson County",4,0,102,49,53
050,27,063,"Minnesota","Jackson County",4,1,95,49,46
050,27,063,"Minnesota","Jackson County",4,2,114,55,59
050,27,063,"Minnesota","Jackson County",4,3,113,61,52
050,27,063,"Minnesota","Jackson County",4,4,124,56,68
050,27,063,"Minnesota","Jackson County",4,5,114,54,60
050,27,063,"Minnesota","Jackson County",4,6,116,60,56
050,27,063,"Minnesota","Jackson County",4,7,120,62,58
050,27,063,"Minnesota","Jackson County",4,8,116,59,57
050,27,063,"Minnesota","Jackson County",4,9,113,63,50
050,27,063,"Minnesota","Jackson County",4,10,108,51,57
050,27,063,"Minnesota","Jackson County",4,11,117,57,60
050,27,063,"Minnesota","Jackson County",4,12,109,58,51
050,27,063,"Minnesota","Jackson County",4,13,131,66,65
050,27,063,"Minnesota","Jackson County",4,14,125,63,62
050,27,063,"Minnesota","Jackson County",4,15,133,62,71
050,27,063,"Minnesota","Jackson County",4,16,134,67,67
050,27,063,"Minnesota","Jackson County",4,17,128,67,61
050,27,063,"Minnesota","Jackson County",4,18,107,65,42
050,27,063,"Minnesota","Jackson County",4,19,87,52,35
050,27,063,"Minnesota","Jackson County",4,20,98,58,40
050,27,063,"Minnesota","Jackson County",4,21,96,52,44
050,27,063,"Minnesota","Jackson County",4,22,101,56,45
050,27,063,"Minnesota","Jackson County",4,23,98,58,40
050,27,063,"Minnesota","Jackson County",4,24,90,53,37
050,27,063,"Minnesota","Jackson County",4,25,100,54,46
050,27,063,"Minnesota","Jackson County",4,26,88,46,42
050,27,063,"Minnesota","Jackson County",4,27,102,60,42
050,27,063,"Minnesota","Jackson County",4,28,98,59,39
050,27,063,"Minnesota","Jackson County",4,29,104,59,45
050,27,063,"Minnesota","Jackson County",4,30,105,53,52
050,27,063,"Minnesota","Jackson County",4,31,119,64,55
050,27,063,"Minnesota","Jackson County",4,32,107,58,49
050,27,063,"Minnesota","Jackson County",4,33,102,56,46
050,27,063,"Minnesota","Jackson County",4,34,101,56,45
050,27,063,"Minnesota","Jackson County",4,35,109,58,51
050,27,063,"Minnesota","Jackson County",4,36,114,61,53
050,27,063,"Minnesota","Jackson County",4,37,114,53,61
050,27,063,"Minnesota","Jackson County",4,38,112,56,56
050,27,063,"Minnesota","Jackson County",4,39,118,70,48
050,27,063,"Minnesota","Jackson County",4,40,123,64,59
050,27,063,"Minnesota","Jackson County",4,41,136,69,67
050,27,063,"Minnesota","Jackson County",4,42,127,67,60
050,27,063,"Minnesota","Jackson County",4,43,121,68,53
050,27,063,"Minnesota","Jackson County",4,44,123,69,54
050,27,063,"Minnesota","Jackson County",4,45,108,60,48
050,27,063,"Minnesota","Jackson County",4,46,103,55,48
050,27,063,"Minnesota","Jackson County",4,47,106,51,55
050,27,063,"Minnesota","Jackson County",4,48,114,59,55
050,27,063,"Minnesota","Jackson County",4,49,102,52,50
050,27,063,"Minnesota","Jackson County",4,50,108,52,56
050,27,063,"Minnesota","Jackson County",4,51,117,63,54
050,27,063,"Minnesota","Jackson County",4,52,122,67,55
050,27,063,"Minnesota","Jackson County",4,53,110,54,56
050,27,063,"Minnesota","Jackson County",4,54,116,64,52
050,27,063,"Minnesota","Jackson County",4,55,114,58,56
050,27,063,"Minnesota","Jackson County",4,56,122,60,62
050,27,063,"Minnesota","Jackson County",4,57,119,62,57
050,27,063,"Minnesota","Jackson County",4,58,129,74,55
050,27,063,"Minnesota","Jackson County",4,59,144,76,68
050,27,063,"Minnesota","Jackson County",4,60,145,79,66
050,27,063,"Minnesota","Jackson County",4,61,170,94,76
050,27,063,"Minnesota","Jackson County",4,62,181,104,77
050,27,063,"Minnesota","Jackson County",4,63,163,88,75
050,27,063,"Minnesota","Jackson County",4,64,155,82,73
050,27,063,"Minnesota","Jackson County",4,65,156,82,74
050,27,063,"Minnesota","Jackson County",4,66,151,76,75
050,27,063,"Minnesota","Jackson County",4,67,142,73,69
050,27,063,"Minnesota","Jackson County",4,68,134,70,64
050,27,063,"Minnesota","Jackson County",4,69,138,71,67
050,27,063,"Minnesota","Jackson County",4,70,142,74,68
050,27,063,"Minnesota","Jackson County",4,71,122,58,64
050,27,063,"Minnesota","Jackson County",4,72,110,54,56
050,27,063,"Minnesota","Jackson County",4,73,107,46,61
050,27,063,"Minnesota","Jackson County",4,74,97,48,49
050,27,063,"Minnesota","Jackson County",4,75,94,50,44
050,27,063,"Minnesota","Jackson County",4,76,68,40,28
050,27,063,"Minnesota","Jackson County",4,77,70,34,36
050,27,063,"Minnesota","Jackson County",4,78,77,35,42
050,27,063,"Minnesota","Jackson County",4,79,79,38,41
050,27,063,"Minnesota","Jackson County",4,80,65,33,32
050,27,063,"Minnesota","Jackson County",4,81,61,29,32
050,27,063,"Minnesota","Jackson County",4,82,57,23,34
050,27,063,"Minnesota","Jackson County",4,83,50,25,25
050,27,063,"Minnesota","Jackson County",4,84,59,25,34
050,27,063,"Minnesota","Jackson County",4,85,359,135,224
050,27,063,"Minnesota","Jackson County",5,0,94,46,48
050,27,063,"Minnesota","Jackson County",5,1,100,47,53
050,27,063,"Minnesota","Jackson County",5,2,99,48,51
050,27,063,"Minnesota","Jackson County",5,3,109,50,59
050,27,063,"Minnesota","Jackson County",5,4,112,63,49
050,27,063,"Minnesota","Jackson County",5,5,127,61,66
050,27,063,"Minnesota","Jackson County",5,6,115,54,61
050,27,063,"Minnesota","Jackson County",5,7,118,58,60
050,27,063,"Minnesota","Jackson County",5,8,116,61,55
050,27,063,"Minnesota","Jackson County",5,9,113,54,59
050,27,063,"Minnesota","Jackson County",5,10,118,64,54
050,27,063,"Minnesota","Jackson County",5,11,111,51,60
050,27,063,"Minnesota","Jackson County",5,12,123,61,62
050,27,063,"Minnesota","Jackson County",5,13,108,57,51
050,27,063,"Minnesota","Jackson County",5,14,135,66,69
050,27,063,"Minnesota","Jackson County",5,15,127,63,64
050,27,063,"Minnesota","Jackson County",5,16,138,67,71
050,27,063,"Minnesota","Jackson County",5,17,125,63,62
050,27,063,"Minnesota","Jackson County",5,18,109,57,52
050,27,063,"Minnesota","Jackson County",5,19,84,50,34
050,27,063,"Minnesota","Jackson County",5,20,96,56,40
050,27,063,"Minnesota","Jackson County",5,21,109,63,46
050,27,063,"Minnesota","Jackson County",5,22,110,51,59
050,27,063,"Minnesota","Jackson County",5,23,94,64,30
050,27,063,"Minnesota","Jackson County",5,24,104,61,43
050,27,063,"Minnesota","Jackson County",5,25,89,51,38
050,27,063,"Minnesota","Jackson County",5,26,107,57,50
050,27,063,"Minnesota","Jackson County",5,27,91,46,45
050,27,063,"Minnesota","Jackson County",5,28,108,65,43
050,27,063,"Minnesota","Jackson County",5,29,94,56,38
050,27,063,"Minnesota","Jackson County",5,30,109,61,48
050,27,063,"Minnesota","Jackson County",5,31,102,50,52
050,27,063,"Minnesota","Jackson County",5,32,120,64,56
050,27,063,"Minnesota","Jackson County",5,33,116,58,58
050,27,063,"Minnesota","Jackson County",5,34,107,60,47
050,27,063,"Minnesota","Jackson County",5,35,107,62,45
050,27,063,"Minnesota","Jackson County",5,36,111,60,51
050,27,063,"Minnesota","Jackson County",5,37,118,62,56
050,27,063,"Minnesota","Jackson County",5,38,106,49,57
050,27,063,"Minnesota","Jackson County",5,39,110,55,55
050,27,063,"Minnesota","Jackson County",5,40,122,73,49
050,27,063,"Minnesota","Jackson County",5,41,117,58,59
050,27,063,"Minnesota","Jackson County",5,42,134,68,66
050,27,063,"Minnesota","Jackson County",5,43,126,68,58
050,27,063,"Minnesota","Jackson County",5,44,122,67,55
050,27,063,"Minnesota","Jackson County",5,45,122,68,54
050,27,063,"Minnesota","Jackson County",5,46,106,62,44
050,27,063,"Minnesota","Jackson County",5,47,102,53,49
050,27,063,"Minnesota","Jackson County",5,48,102,48,54
050,27,063,"Minnesota","Jackson County",5,49,115,60,55
050,27,063,"Minnesota","Jackson County",5,50,99,51,48
050,27,063,"Minnesota","Jackson County",5,51,109,52,57
050,27,063,"Minnesota","Jackson County",5,52,118,64,54
050,27,063,"Minnesota","Jackson County",5,53,126,70,56
050,27,063,"Minnesota","Jackson County",5,54,110,57,53
050,27,063,"Minnesota","Jackson County",5,55,115,63,52
050,27,063,"Minnesota","Jackson County",5,56,113,59,54
050,27,063,"Minnesota","Jackson County",5,57,120,56,64
050,27,063,"Minnesota","Jackson County",5,58,122,65,57
050,27,063,"Minnesota","Jackson County",5,59,128,75,53
050,27,063,"Minnesota","Jackson County",5,60,145,74,71
050,27,063,"Minnesota","Jackson County",5,61,146,83,63
050,27,063,"Minnesota","Jackson County",5,62,168,91,77
050,27,063,"Minnesota","Jackson County",5,63,181,106,75
050,27,063,"Minnesota","Jackson County",5,64,161,86,75
050,27,063,"Minnesota","Jackson County",5,65,153,79,74
050,27,063,"Minnesota","Jackson County",5,66,154,80,74
050,27,063,"Minnesota","Jackson County",5,67,144,73,71
050,27,063,"Minnesota","Jackson County",5,68,142,70,72
050,27,063,"Minnesota","Jackson County",5,69,127,64,63
050,27,063,"Minnesota","Jackson County",5,70,137,70,67
050,27,063,"Minnesota","Jackson County",5,71,136,71,65
050,27,063,"Minnesota","Jackson County",5,72,119,57,62
050,27,063,"Minnesota","Jackson County",5,73,108,54,54
050,27,063,"Minnesota","Jackson County",5,74,108,46,62
050,27,063,"Minnesota","Jackson County",5,75,88,42,46
050,27,063,"Minnesota","Jackson County",5,76,94,51,43
050,27,063,"Minnesota","Jackson County",5,77,64,37,27
050,27,063,"Minnesota","Jackson County",5,78,73,33,40
050,27,063,"Minnesota","Jackson County",5,79,73,34,39
050,27,063,"Minnesota","Jackson County",5,80,77,37,40
050,27,063,"Minnesota","Jackson County",5,81,63,32,31
050,27,063,"Minnesota","Jackson County",5,82,62,28,34
050,27,063,"Minnesota","Jackson County",5,83,47,19,28
050,27,063,"Minnesota","Jackson County",5,84,56,25,31
050,27,063,"Minnesota","Jackson County",5,85,376,145,231
050,27,065,"Minnesota","Kanabec County",1,0,161,81,80
050,27,065,"Minnesota","Kanabec County",1,1,165,79,86
050,27,065,"Minnesota","Kanabec County",1,2,193,85,108
050,27,065,"Minnesota","Kanabec County",1,3,177,76,101
050,27,065,"Minnesota","Kanabec County",1,4,162,80,82
050,27,065,"Minnesota","Kanabec County",1,5,195,93,102
050,27,065,"Minnesota","Kanabec County",1,6,180,87,93
050,27,065,"Minnesota","Kanabec County",1,7,187,94,93
050,27,065,"Minnesota","Kanabec County",1,8,156,75,81
050,27,065,"Minnesota","Kanabec County",1,9,179,92,87
050,27,065,"Minnesota","Kanabec County",1,10,196,96,100
050,27,065,"Minnesota","Kanabec County",1,11,197,95,102
050,27,065,"Minnesota","Kanabec County",1,12,203,94,109
050,27,065,"Minnesota","Kanabec County",1,13,220,105,115
050,27,065,"Minnesota","Kanabec County",1,14,215,110,105
050,27,065,"Minnesota","Kanabec County",1,15,221,115,106
050,27,065,"Minnesota","Kanabec County",1,16,221,118,103
050,27,065,"Minnesota","Kanabec County",1,17,207,118,89
050,27,065,"Minnesota","Kanabec County",1,18,191,102,89
050,27,065,"Minnesota","Kanabec County",1,19,158,82,76
050,27,065,"Minnesota","Kanabec County",1,20,153,90,63
050,27,065,"Minnesota","Kanabec County",1,21,164,87,77
050,27,065,"Minnesota","Kanabec County",1,22,148,82,66
050,27,065,"Minnesota","Kanabec County",1,23,155,80,75
050,27,065,"Minnesota","Kanabec County",1,24,155,80,75
050,27,065,"Minnesota","Kanabec County",1,25,167,90,77
050,27,065,"Minnesota","Kanabec County",1,26,161,83,78
050,27,065,"Minnesota","Kanabec County",1,27,142,75,67
050,27,065,"Minnesota","Kanabec County",1,28,160,86,74
050,27,065,"Minnesota","Kanabec County",1,29,163,86,77
050,27,065,"Minnesota","Kanabec County",1,30,162,88,74
050,27,065,"Minnesota","Kanabec County",1,31,156,87,69
050,27,065,"Minnesota","Kanabec County",1,32,157,76,81
050,27,065,"Minnesota","Kanabec County",1,33,166,85,81
050,27,065,"Minnesota","Kanabec County",1,34,179,87,92
050,27,065,"Minnesota","Kanabec County",1,35,177,87,90
050,27,065,"Minnesota","Kanabec County",1,36,202,107,95
050,27,065,"Minnesota","Kanabec County",1,37,173,101,72
050,27,065,"Minnesota","Kanabec County",1,38,199,94,105
050,27,065,"Minnesota","Kanabec County",1,39,206,101,105
050,27,065,"Minnesota","Kanabec County",1,40,180,96,84
050,27,065,"Minnesota","Kanabec County",1,41,185,97,88
050,27,065,"Minnesota","Kanabec County",1,42,181,93,88
050,27,065,"Minnesota","Kanabec County",1,43,171,92,79
050,27,065,"Minnesota","Kanabec County",1,44,191,91,100
050,27,065,"Minnesota","Kanabec County",1,45,181,84,97
050,27,065,"Minnesota","Kanabec County",1,46,177,83,94
050,27,065,"Minnesota","Kanabec County",1,47,196,97,99
050,27,065,"Minnesota","Kanabec County",1,48,203,101,102
050,27,065,"Minnesota","Kanabec County",1,49,225,119,106
050,27,065,"Minnesota","Kanabec County",1,50,206,110,96
050,27,065,"Minnesota","Kanabec County",1,51,177,89,88
050,27,065,"Minnesota","Kanabec County",1,52,200,105,95
050,27,065,"Minnesota","Kanabec County",1,53,205,107,98
050,27,065,"Minnesota","Kanabec County",1,54,205,114,91
050,27,065,"Minnesota","Kanabec County",1,55,216,106,110
050,27,065,"Minnesota","Kanabec County",1,56,237,122,115
050,27,065,"Minnesota","Kanabec County",1,57,243,112,131
050,27,065,"Minnesota","Kanabec County",1,58,272,139,133
050,27,065,"Minnesota","Kanabec County",1,59,287,153,134
050,27,065,"Minnesota","Kanabec County",1,60,271,149,122
050,27,065,"Minnesota","Kanabec County",1,61,278,145,133
050,27,065,"Minnesota","Kanabec County",1,62,275,139,136
050,27,065,"Minnesota","Kanabec County",1,63,263,139,124
050,27,065,"Minnesota","Kanabec County",1,64,260,136,124
050,27,065,"Minnesota","Kanabec County",1,65,265,135,130
050,27,065,"Minnesota","Kanabec County",1,66,229,132,97
050,27,065,"Minnesota","Kanabec County",1,67,225,129,96
050,27,065,"Minnesota","Kanabec County",1,68,245,126,119
050,27,065,"Minnesota","Kanabec County",1,69,229,124,105
050,27,065,"Minnesota","Kanabec County",1,70,191,100,91
050,27,065,"Minnesota","Kanabec County",1,71,188,92,96
050,27,065,"Minnesota","Kanabec County",1,72,186,94,92
050,27,065,"Minnesota","Kanabec County",1,73,186,88,98
050,27,065,"Minnesota","Kanabec County",1,74,130,61,69
050,27,065,"Minnesota","Kanabec County",1,75,124,58,66
050,27,065,"Minnesota","Kanabec County",1,76,125,53,72
050,27,065,"Minnesota","Kanabec County",1,77,136,68,68
050,27,065,"Minnesota","Kanabec County",1,78,133,71,62
050,27,065,"Minnesota","Kanabec County",1,79,105,57,48
050,27,065,"Minnesota","Kanabec County",1,80,93,40,53
050,27,065,"Minnesota","Kanabec County",1,81,88,39,49
050,27,065,"Minnesota","Kanabec County",1,82,73,39,34
050,27,065,"Minnesota","Kanabec County",1,83,76,40,36
050,27,065,"Minnesota","Kanabec County",1,84,71,27,44
050,27,065,"Minnesota","Kanabec County",1,85,317,107,210
050,27,065,"Minnesota","Kanabec County",2,0,172,89,83
050,27,065,"Minnesota","Kanabec County",2,1,165,80,85
050,27,065,"Minnesota","Kanabec County",2,2,185,82,103
050,27,065,"Minnesota","Kanabec County",2,3,181,78,103
050,27,065,"Minnesota","Kanabec County",2,4,169,81,88
050,27,065,"Minnesota","Kanabec County",2,5,188,90,98
050,27,065,"Minnesota","Kanabec County",2,6,185,89,96
050,27,065,"Minnesota","Kanabec County",2,7,187,93,94
050,27,065,"Minnesota","Kanabec County",2,8,164,80,84
050,27,065,"Minnesota","Kanabec County",2,9,175,88,87
050,27,065,"Minnesota","Kanabec County",2,10,191,95,96
050,27,065,"Minnesota","Kanabec County",2,11,193,95,98
050,27,065,"Minnesota","Kanabec County",2,12,203,95,108
050,27,065,"Minnesota","Kanabec County",2,13,217,103,114
050,27,065,"Minnesota","Kanabec County",2,14,217,110,107
050,27,065,"Minnesota","Kanabec County",2,15,219,114,105
050,27,065,"Minnesota","Kanabec County",2,16,219,118,101
050,27,065,"Minnesota","Kanabec County",2,17,212,121,91
050,27,065,"Minnesota","Kanabec County",2,18,186,102,84
050,27,065,"Minnesota","Kanabec County",2,19,159,83,76
050,27,065,"Minnesota","Kanabec County",2,20,159,92,67
050,27,065,"Minnesota","Kanabec County",2,21,161,86,75
050,27,065,"Minnesota","Kanabec County",2,22,152,84,68
050,27,065,"Minnesota","Kanabec County",2,23,157,82,75
050,27,065,"Minnesota","Kanabec County",2,24,157,80,77
050,27,065,"Minnesota","Kanabec County",2,25,164,88,76
050,27,065,"Minnesota","Kanabec County",2,26,163,85,78
050,27,065,"Minnesota","Kanabec County",2,27,145,77,68
050,27,065,"Minnesota","Kanabec County",2,28,159,85,74
050,27,065,"Minnesota","Kanabec County",2,29,164,87,77
050,27,065,"Minnesota","Kanabec County",2,30,165,89,76
050,27,065,"Minnesota","Kanabec County",2,31,159,88,71
050,27,065,"Minnesota","Kanabec County",2,32,160,80,80
050,27,065,"Minnesota","Kanabec County",2,33,167,84,83
050,27,065,"Minnesota","Kanabec County",2,34,177,86,91
050,27,065,"Minnesota","Kanabec County",2,35,178,87,91
050,27,065,"Minnesota","Kanabec County",2,36,194,102,92
050,27,065,"Minnesota","Kanabec County",2,37,183,103,80
050,27,065,"Minnesota","Kanabec County",2,38,197,98,99
050,27,065,"Minnesota","Kanabec County",2,39,207,102,105
050,27,065,"Minnesota","Kanabec County",2,40,189,98,91
050,27,065,"Minnesota","Kanabec County",2,41,186,97,89
050,27,065,"Minnesota","Kanabec County",2,42,179,92,87
050,27,065,"Minnesota","Kanabec County",2,43,175,93,82
050,27,065,"Minnesota","Kanabec County",2,44,183,90,93
050,27,065,"Minnesota","Kanabec County",2,45,186,87,99
050,27,065,"Minnesota","Kanabec County",2,46,177,83,94
050,27,065,"Minnesota","Kanabec County",2,47,188,91,97
050,27,065,"Minnesota","Kanabec County",2,48,200,101,99
050,27,065,"Minnesota","Kanabec County",2,49,220,114,106
050,27,065,"Minnesota","Kanabec County",2,50,210,111,99
050,27,065,"Minnesota","Kanabec County",2,51,184,94,90
050,27,065,"Minnesota","Kanabec County",2,52,196,102,94
050,27,065,"Minnesota","Kanabec County",2,53,203,106,97
050,27,065,"Minnesota","Kanabec County",2,54,206,112,94
050,27,065,"Minnesota","Kanabec County",2,55,213,107,106
050,27,065,"Minnesota","Kanabec County",2,56,231,118,113
050,27,065,"Minnesota","Kanabec County",2,57,242,115,127
050,27,065,"Minnesota","Kanabec County",2,58,265,132,133
050,27,065,"Minnesota","Kanabec County",2,59,288,151,137
050,27,065,"Minnesota","Kanabec County",2,60,270,150,120
050,27,065,"Minnesota","Kanabec County",2,61,273,143,130
050,27,065,"Minnesota","Kanabec County",2,62,269,137,132
050,27,065,"Minnesota","Kanabec County",2,63,269,141,128
050,27,065,"Minnesota","Kanabec County",2,64,259,134,125
050,27,065,"Minnesota","Kanabec County",2,65,262,133,129
050,27,065,"Minnesota","Kanabec County",2,66,236,132,104
050,27,065,"Minnesota","Kanabec County",2,67,224,130,94
050,27,065,"Minnesota","Kanabec County",2,68,237,125,112
050,27,065,"Minnesota","Kanabec County",2,69,231,124,107
050,27,065,"Minnesota","Kanabec County",2,70,199,105,94
050,27,065,"Minnesota","Kanabec County",2,71,188,93,95
050,27,065,"Minnesota","Kanabec County",2,72,183,92,91
050,27,065,"Minnesota","Kanabec County",2,73,196,94,102
050,27,065,"Minnesota","Kanabec County",2,74,134,64,70
050,27,065,"Minnesota","Kanabec County",2,75,127,59,68
050,27,065,"Minnesota","Kanabec County",2,76,123,55,68
050,27,065,"Minnesota","Kanabec County",2,77,137,66,71
050,27,065,"Minnesota","Kanabec County",2,78,129,69,60
050,27,065,"Minnesota","Kanabec County",2,79,109,60,49
050,27,065,"Minnesota","Kanabec County",2,80,97,44,53
050,27,065,"Minnesota","Kanabec County",2,81,87,38,49
050,27,065,"Minnesota","Kanabec County",2,82,74,38,36
050,27,065,"Minnesota","Kanabec County",2,83,73,38,35
050,27,065,"Minnesota","Kanabec County",2,84,69,28,41
050,27,065,"Minnesota","Kanabec County",2,85,322,108,214
050,27,065,"Minnesota","Kanabec County",3,0,147,68,79
050,27,065,"Minnesota","Kanabec County",3,1,169,82,87
050,27,065,"Minnesota","Kanabec County",3,2,179,88,91
050,27,065,"Minnesota","Kanabec County",3,3,191,85,106
050,27,065,"Minnesota","Kanabec County",3,4,187,82,105
050,27,065,"Minnesota","Kanabec County",3,5,176,86,90
050,27,065,"Minnesota","Kanabec County",3,6,197,94,103
050,27,065,"Minnesota","Kanabec County",3,7,187,91,96
050,27,065,"Minnesota","Kanabec County",3,8,195,94,101
050,27,065,"Minnesota","Kanabec County",3,9,171,81,90
050,27,065,"Minnesota","Kanabec County",3,10,187,94,93
050,27,065,"Minnesota","Kanabec County",3,11,187,92,95
050,27,065,"Minnesota","Kanabec County",3,12,198,98,100
050,27,065,"Minnesota","Kanabec County",3,13,210,100,110
050,27,065,"Minnesota","Kanabec County",3,14,219,112,107
050,27,065,"Minnesota","Kanabec County",3,15,218,112,106
050,27,065,"Minnesota","Kanabec County",3,16,227,121,106
050,27,065,"Minnesota","Kanabec County",3,17,224,117,107
050,27,065,"Minnesota","Kanabec County",3,18,191,108,83
050,27,065,"Minnesota","Kanabec County",3,19,159,82,77
050,27,065,"Minnesota","Kanabec County",3,20,169,97,72
050,27,065,"Minnesota","Kanabec County",3,21,150,80,70
050,27,065,"Minnesota","Kanabec County",3,22,155,81,74
050,27,065,"Minnesota","Kanabec County",3,23,148,82,66
050,27,065,"Minnesota","Kanabec County",3,24,165,86,79
050,27,065,"Minnesota","Kanabec County",3,25,155,86,69
050,27,065,"Minnesota","Kanabec County",3,26,186,98,88
050,27,065,"Minnesota","Kanabec County",3,27,167,86,81
050,27,065,"Minnesota","Kanabec County",3,28,145,74,71
050,27,065,"Minnesota","Kanabec County",3,29,165,86,79
050,27,065,"Minnesota","Kanabec County",3,30,167,87,80
050,27,065,"Minnesota","Kanabec County",3,31,164,91,73
050,27,065,"Minnesota","Kanabec County",3,32,157,90,67
050,27,065,"Minnesota","Kanabec County",3,33,168,83,85
050,27,065,"Minnesota","Kanabec County",3,34,173,88,85
050,27,065,"Minnesota","Kanabec County",3,35,178,89,89
050,27,065,"Minnesota","Kanabec County",3,36,186,93,93
050,27,065,"Minnesota","Kanabec County",3,37,198,103,95
050,27,065,"Minnesota","Kanabec County",3,38,191,107,84
050,27,065,"Minnesota","Kanabec County",3,39,201,105,96
050,27,065,"Minnesota","Kanabec County",3,40,210,96,114
050,27,065,"Minnesota","Kanabec County",3,41,193,100,93
050,27,065,"Minnesota","Kanabec County",3,42,193,100,93
050,27,065,"Minnesota","Kanabec County",3,43,189,97,92
050,27,065,"Minnesota","Kanabec County",3,44,184,97,87
050,27,065,"Minnesota","Kanabec County",3,45,183,91,92
050,27,065,"Minnesota","Kanabec County",3,46,184,87,97
050,27,065,"Minnesota","Kanabec County",3,47,164,73,91
050,27,065,"Minnesota","Kanabec County",3,48,202,100,102
050,27,065,"Minnesota","Kanabec County",3,49,208,101,107
050,27,065,"Minnesota","Kanabec County",3,50,224,118,106
050,27,065,"Minnesota","Kanabec County",3,51,217,114,103
050,27,065,"Minnesota","Kanabec County",3,52,189,96,93
050,27,065,"Minnesota","Kanabec County",3,53,194,101,93
050,27,065,"Minnesota","Kanabec County",3,54,219,117,102
050,27,065,"Minnesota","Kanabec County",3,55,197,106,91
050,27,065,"Minnesota","Kanabec County",3,56,213,108,105
050,27,065,"Minnesota","Kanabec County",3,57,235,122,113
050,27,065,"Minnesota","Kanabec County",3,58,252,115,137
050,27,065,"Minnesota","Kanabec County",3,59,260,131,129
050,27,065,"Minnesota","Kanabec County",3,60,289,150,139
050,27,065,"Minnesota","Kanabec County",3,61,272,153,119
050,27,065,"Minnesota","Kanabec County",3,62,276,147,129
050,27,065,"Minnesota","Kanabec County",3,63,271,137,134
050,27,065,"Minnesota","Kanabec County",3,64,266,136,130
050,27,065,"Minnesota","Kanabec County",3,65,264,133,131
050,27,065,"Minnesota","Kanabec County",3,66,255,126,129
050,27,065,"Minnesota","Kanabec County",3,67,229,127,102
050,27,065,"Minnesota","Kanabec County",3,68,219,124,95
050,27,065,"Minnesota","Kanabec County",3,69,225,118,107
050,27,065,"Minnesota","Kanabec County",3,70,225,119,106
050,27,065,"Minnesota","Kanabec County",3,71,196,103,93
050,27,065,"Minnesota","Kanabec County",3,72,177,85,92
050,27,065,"Minnesota","Kanabec County",3,73,178,91,87
050,27,065,"Minnesota","Kanabec County",3,74,178,86,92
050,27,065,"Minnesota","Kanabec County",3,75,128,62,66
050,27,065,"Minnesota","Kanabec County",3,76,121,57,64
050,27,065,"Minnesota","Kanabec County",3,77,113,44,69
050,27,065,"Minnesota","Kanabec County",3,78,130,65,65
050,27,065,"Minnesota","Kanabec County",3,79,121,63,58
050,27,065,"Minnesota","Kanabec County",3,80,97,49,48
050,27,065,"Minnesota","Kanabec County",3,81,88,38,50
050,27,065,"Minnesota","Kanabec County",3,82,69,32,37
050,27,065,"Minnesota","Kanabec County",3,83,75,38,37
050,27,065,"Minnesota","Kanabec County",3,84,69,35,34
050,27,065,"Minnesota","Kanabec County",3,85,322,105,217
050,27,065,"Minnesota","Kanabec County",4,0,165,82,83
050,27,065,"Minnesota","Kanabec County",4,1,158,74,84
050,27,065,"Minnesota","Kanabec County",4,2,178,90,88
050,27,065,"Minnesota","Kanabec County",4,3,196,98,98
050,27,065,"Minnesota","Kanabec County",4,4,192,93,99
050,27,065,"Minnesota","Kanabec County",4,5,194,83,111
050,27,065,"Minnesota","Kanabec County",4,6,192,94,98
050,27,065,"Minnesota","Kanabec County",4,7,205,98,107
050,27,065,"Minnesota","Kanabec County",4,8,197,97,100
050,27,065,"Minnesota","Kanabec County",4,9,212,96,116
050,27,065,"Minnesota","Kanabec County",4,10,181,84,97
050,27,065,"Minnesota","Kanabec County",4,11,199,102,97
050,27,065,"Minnesota","Kanabec County",4,12,204,104,100
050,27,065,"Minnesota","Kanabec County",4,13,210,105,105
050,27,065,"Minnesota","Kanabec County",4,14,213,102,111
050,27,065,"Minnesota","Kanabec County",4,15,227,118,109
050,27,065,"Minnesota","Kanabec County",4,16,222,118,104
050,27,065,"Minnesota","Kanabec County",4,17,228,123,105
050,27,065,"Minnesota","Kanabec County",4,18,196,106,90
050,27,065,"Minnesota","Kanabec County",4,19,151,80,71
050,27,065,"Minnesota","Kanabec County",4,20,161,89,72
050,27,065,"Minnesota","Kanabec County",4,21,173,88,85
050,27,065,"Minnesota","Kanabec County",4,22,148,84,64
050,27,065,"Minnesota","Kanabec County",4,23,174,89,85
050,27,065,"Minnesota","Kanabec County",4,24,154,78,76
050,27,065,"Minnesota","Kanabec County",4,25,165,89,76
050,27,065,"Minnesota","Kanabec County",4,26,176,97,79
050,27,065,"Minnesota","Kanabec County",4,27,170,92,78
050,27,065,"Minnesota","Kanabec County",4,28,163,79,84
050,27,065,"Minnesota","Kanabec County",4,29,154,75,79
050,27,065,"Minnesota","Kanabec County",4,30,174,92,82
050,27,065,"Minnesota","Kanabec County",4,31,169,89,80
050,27,065,"Minnesota","Kanabec County",4,32,174,100,74
050,27,065,"Minnesota","Kanabec County",4,33,166,90,76
050,27,065,"Minnesota","Kanabec County",4,34,179,88,91
050,27,065,"Minnesota","Kanabec County",4,35,172,90,82
050,27,065,"Minnesota","Kanabec County",4,36,194,95,99
050,27,065,"Minnesota","Kanabec County",4,37,191,92,99
050,27,065,"Minnesota","Kanabec County",4,38,210,107,103
050,27,065,"Minnesota","Kanabec County",4,39,201,114,87
050,27,065,"Minnesota","Kanabec County",4,40,199,105,94
050,27,065,"Minnesota","Kanabec County",4,41,216,103,113
050,27,065,"Minnesota","Kanabec County",4,42,210,109,101
050,27,065,"Minnesota","Kanabec County",4,43,191,97,94
050,27,065,"Minnesota","Kanabec County",4,44,190,97,93
050,27,065,"Minnesota","Kanabec County",4,45,191,99,92
050,27,065,"Minnesota","Kanabec County",4,46,202,106,96
050,27,065,"Minnesota","Kanabec County",4,47,189,86,103
050,27,065,"Minnesota","Kanabec County",4,48,178,80,98
050,27,065,"Minnesota","Kanabec County",4,49,198,95,103
050,27,065,"Minnesota","Kanabec County",4,50,207,101,106
050,27,065,"Minnesota","Kanabec County",4,51,224,118,106
050,27,065,"Minnesota","Kanabec County",4,52,215,116,99
050,27,065,"Minnesota","Kanabec County",4,53,188,96,92
050,27,065,"Minnesota","Kanabec County",4,54,203,103,100
050,27,065,"Minnesota","Kanabec County",4,55,223,116,107
050,27,065,"Minnesota","Kanabec County",4,56,190,103,87
050,27,065,"Minnesota","Kanabec County",4,57,215,107,108
050,27,065,"Minnesota","Kanabec County",4,58,232,119,113
050,27,065,"Minnesota","Kanabec County",4,59,249,116,133
050,27,065,"Minnesota","Kanabec County",4,60,264,137,127
050,27,065,"Minnesota","Kanabec County",4,61,283,145,138
050,27,065,"Minnesota","Kanabec County",4,62,268,153,115
050,27,065,"Minnesota","Kanabec County",4,63,291,155,136
050,27,065,"Minnesota","Kanabec County",4,64,268,135,133
050,27,065,"Minnesota","Kanabec County",4,65,274,138,136
050,27,065,"Minnesota","Kanabec County",4,66,263,132,131
050,27,065,"Minnesota","Kanabec County",4,67,250,121,129
050,27,065,"Minnesota","Kanabec County",4,68,226,128,98
050,27,065,"Minnesota","Kanabec County",4,69,212,116,96
050,27,065,"Minnesota","Kanabec County",4,70,220,112,108
050,27,065,"Minnesota","Kanabec County",4,71,221,120,101
050,27,065,"Minnesota","Kanabec County",4,72,184,96,88
050,27,065,"Minnesota","Kanabec County",4,73,170,83,87
050,27,065,"Minnesota","Kanabec County",4,74,168,86,82
050,27,065,"Minnesota","Kanabec County",4,75,168,78,90
050,27,065,"Minnesota","Kanabec County",4,76,124,58,66
050,27,065,"Minnesota","Kanabec County",4,77,117,52,65
050,27,065,"Minnesota","Kanabec County",4,78,108,43,65
050,27,065,"Minnesota","Kanabec County",4,79,124,60,64
050,27,065,"Minnesota","Kanabec County",4,80,118,58,60
050,27,065,"Minnesota","Kanabec County",4,81,89,42,47
050,27,065,"Minnesota","Kanabec County",4,82,71,33,38
050,27,065,"Minnesota","Kanabec County",4,83,71,31,40
050,27,065,"Minnesota","Kanabec County",4,84,64,30,34
050,27,065,"Minnesota","Kanabec County",4,85,335,115,220
050,27,065,"Minnesota","Kanabec County",5,0,163,82,81
050,27,065,"Minnesota","Kanabec County",5,1,175,92,83
050,27,065,"Minnesota","Kanabec County",5,2,158,75,83
050,27,065,"Minnesota","Kanabec County",5,3,187,91,96
050,27,065,"Minnesota","Kanabec County",5,4,196,102,94
050,27,065,"Minnesota","Kanabec County",5,5,189,91,98
050,27,065,"Minnesota","Kanabec County",5,6,204,87,117
050,27,065,"Minnesota","Kanabec County",5,7,202,105,97
050,27,065,"Minnesota","Kanabec County",5,8,199,92,107
050,27,065,"Minnesota","Kanabec County",5,9,200,94,106
050,27,065,"Minnesota","Kanabec County",5,10,215,100,115
050,27,065,"Minnesota","Kanabec County",5,11,176,85,91
050,27,065,"Minnesota","Kanabec County",5,12,204,104,100
050,27,065,"Minnesota","Kanabec County",5,13,208,107,101
050,27,065,"Minnesota","Kanabec County",5,14,213,105,108
050,27,065,"Minnesota","Kanabec County",5,15,219,105,114
050,27,065,"Minnesota","Kanabec County",5,16,228,120,108
050,27,065,"Minnesota","Kanabec County",5,17,230,119,111
050,27,065,"Minnesota","Kanabec County",5,18,190,104,86
050,27,065,"Minnesota","Kanabec County",5,19,158,85,73
050,27,065,"Minnesota","Kanabec County",5,20,179,102,77
050,27,065,"Minnesota","Kanabec County",5,21,160,84,76
050,27,065,"Minnesota","Kanabec County",5,22,188,100,88
050,27,065,"Minnesota","Kanabec County",5,23,161,93,68
050,27,065,"Minnesota","Kanabec County",5,24,157,78,79
050,27,065,"Minnesota","Kanabec County",5,25,153,78,75
050,27,065,"Minnesota","Kanabec County",5,26,175,90,85
050,27,065,"Minnesota","Kanabec County",5,27,173,90,83
050,27,065,"Minnesota","Kanabec County",5,28,173,98,75
050,27,065,"Minnesota","Kanabec County",5,29,179,94,85
050,27,065,"Minnesota","Kanabec County",5,30,154,71,83
050,27,065,"Minnesota","Kanabec County",5,31,183,99,84
050,27,065,"Minnesota","Kanabec County",5,32,175,90,85
050,27,065,"Minnesota","Kanabec County",5,33,178,98,80
050,27,065,"Minnesota","Kanabec County",5,34,177,103,74
050,27,065,"Minnesota","Kanabec County",5,35,183,93,90
050,27,065,"Minnesota","Kanabec County",5,36,183,94,89
050,27,065,"Minnesota","Kanabec County",5,37,202,101,101
050,27,065,"Minnesota","Kanabec County",5,38,186,91,95
050,27,065,"Minnesota","Kanabec County",5,39,210,108,102
050,27,065,"Minnesota","Kanabec County",5,40,208,116,92
050,27,065,"Minnesota","Kanabec County",5,41,207,113,94
050,27,065,"Minnesota","Kanabec County",5,42,220,104,116
050,27,065,"Minnesota","Kanabec County",5,43,211,114,97
050,27,065,"Minnesota","Kanabec County",5,44,190,95,95
050,27,065,"Minnesota","Kanabec County",5,45,202,102,100
050,27,065,"Minnesota","Kanabec County",5,46,190,103,87
050,27,065,"Minnesota","Kanabec County",5,47,199,100,99
050,27,065,"Minnesota","Kanabec County",5,48,195,92,103
050,27,065,"Minnesota","Kanabec County",5,49,186,78,108
050,27,065,"Minnesota","Kanabec County",5,50,197,97,100
050,27,065,"Minnesota","Kanabec County",5,51,210,101,109
050,27,065,"Minnesota","Kanabec County",5,52,235,117,118
050,27,065,"Minnesota","Kanabec County",5,53,216,120,96
050,27,065,"Minnesota","Kanabec County",5,54,202,106,96
050,27,065,"Minnesota","Kanabec County",5,55,197,98,99
050,27,065,"Minnesota","Kanabec County",5,56,228,119,109
050,27,065,"Minnesota","Kanabec County",5,57,195,105,90
050,27,065,"Minnesota","Kanabec County",5,58,215,103,112
050,27,065,"Minnesota","Kanabec County",5,59,233,119,114
050,27,065,"Minnesota","Kanabec County",5,60,252,119,133
050,27,065,"Minnesota","Kanabec County",5,61,268,144,124
050,27,065,"Minnesota","Kanabec County",5,62,278,137,141
050,27,065,"Minnesota","Kanabec County",5,63,269,157,112
050,27,065,"Minnesota","Kanabec County",5,64,286,147,139
050,27,065,"Minnesota","Kanabec County",5,65,268,131,137
050,27,065,"Minnesota","Kanabec County",5,66,274,135,139
050,27,065,"Minnesota","Kanabec County",5,67,256,126,130
050,27,065,"Minnesota","Kanabec County",5,68,247,120,127
050,27,065,"Minnesota","Kanabec County",5,69,227,122,105
050,27,065,"Minnesota","Kanabec County",5,70,209,113,96
050,27,065,"Minnesota","Kanabec County",5,71,215,111,104
050,27,065,"Minnesota","Kanabec County",5,72,208,114,94
050,27,065,"Minnesota","Kanabec County",5,73,189,98,91
050,27,065,"Minnesota","Kanabec County",5,74,161,81,80
050,27,065,"Minnesota","Kanabec County",5,75,163,83,80
050,27,065,"Minnesota","Kanabec County",5,76,157,72,85
050,27,065,"Minnesota","Kanabec County",5,77,113,51,62
050,27,065,"Minnesota","Kanabec County",5,78,113,52,61
050,27,065,"Minnesota","Kanabec County",5,79,99,37,62
050,27,065,"Minnesota","Kanabec County",5,80,121,58,63
050,27,065,"Minnesota","Kanabec County",5,81,108,48,60
050,27,065,"Minnesota","Kanabec County",5,82,69,38,31
050,27,065,"Minnesota","Kanabec County",5,83,70,35,35
050,27,065,"Minnesota","Kanabec County",5,84,65,26,39
050,27,065,"Minnesota","Kanabec County",5,85,338,117,221
050,27,067,"Minnesota","Kandiyohi County",1,0,556,284,272
050,27,067,"Minnesota","Kandiyohi County",1,1,560,284,276
050,27,067,"Minnesota","Kandiyohi County",1,2,575,292,283
050,27,067,"Minnesota","Kandiyohi County",1,3,590,317,273
050,27,067,"Minnesota","Kandiyohi County",1,4,628,333,295
050,27,067,"Minnesota","Kandiyohi County",1,5,596,303,293
050,27,067,"Minnesota","Kandiyohi County",1,6,569,283,286
050,27,067,"Minnesota","Kandiyohi County",1,7,589,296,293
050,27,067,"Minnesota","Kandiyohi County",1,8,576,289,287
050,27,067,"Minnesota","Kandiyohi County",1,9,601,310,291
050,27,067,"Minnesota","Kandiyohi County",1,10,605,304,301
050,27,067,"Minnesota","Kandiyohi County",1,11,636,336,300
050,27,067,"Minnesota","Kandiyohi County",1,12,647,332,315
050,27,067,"Minnesota","Kandiyohi County",1,13,634,323,311
050,27,067,"Minnesota","Kandiyohi County",1,14,643,334,309
050,27,067,"Minnesota","Kandiyohi County",1,15,617,326,291
050,27,067,"Minnesota","Kandiyohi County",1,16,646,364,282
050,27,067,"Minnesota","Kandiyohi County",1,17,613,310,303
050,27,067,"Minnesota","Kandiyohi County",1,18,512,264,248
050,27,067,"Minnesota","Kandiyohi County",1,19,438,244,194
050,27,067,"Minnesota","Kandiyohi County",1,20,474,269,205
050,27,067,"Minnesota","Kandiyohi County",1,21,457,239,218
050,27,067,"Minnesota","Kandiyohi County",1,22,494,258,236
050,27,067,"Minnesota","Kandiyohi County",1,23,496,250,246
050,27,067,"Minnesota","Kandiyohi County",1,24,502,251,251
050,27,067,"Minnesota","Kandiyohi County",1,25,498,267,231
050,27,067,"Minnesota","Kandiyohi County",1,26,547,284,263
050,27,067,"Minnesota","Kandiyohi County",1,27,562,296,266
050,27,067,"Minnesota","Kandiyohi County",1,28,567,294,273
050,27,067,"Minnesota","Kandiyohi County",1,29,545,291,254
050,27,067,"Minnesota","Kandiyohi County",1,30,520,267,253
050,27,067,"Minnesota","Kandiyohi County",1,31,501,251,250
050,27,067,"Minnesota","Kandiyohi County",1,32,477,238,239
050,27,067,"Minnesota","Kandiyohi County",1,33,542,285,257
050,27,067,"Minnesota","Kandiyohi County",1,34,558,297,261
050,27,067,"Minnesota","Kandiyohi County",1,35,493,249,244
050,27,067,"Minnesota","Kandiyohi County",1,36,512,272,240
050,27,067,"Minnesota","Kandiyohi County",1,37,560,301,259
050,27,067,"Minnesota","Kandiyohi County",1,38,527,281,246
050,27,067,"Minnesota","Kandiyohi County",1,39,525,270,255
050,27,067,"Minnesota","Kandiyohi County",1,40,545,284,261
050,27,067,"Minnesota","Kandiyohi County",1,41,489,257,232
050,27,067,"Minnesota","Kandiyohi County",1,42,463,252,211
050,27,067,"Minnesota","Kandiyohi County",1,43,469,239,230
050,27,067,"Minnesota","Kandiyohi County",1,44,437,215,222
050,27,067,"Minnesota","Kandiyohi County",1,45,446,227,219
050,27,067,"Minnesota","Kandiyohi County",1,46,427,216,211
050,27,067,"Minnesota","Kandiyohi County",1,47,453,229,224
050,27,067,"Minnesota","Kandiyohi County",1,48,502,250,252
050,27,067,"Minnesota","Kandiyohi County",1,49,497,234,263
050,27,067,"Minnesota","Kandiyohi County",1,50,469,220,249
050,27,067,"Minnesota","Kandiyohi County",1,51,435,227,208
050,27,067,"Minnesota","Kandiyohi County",1,52,433,218,215
050,27,067,"Minnesota","Kandiyohi County",1,53,499,265,234
050,27,067,"Minnesota","Kandiyohi County",1,54,530,275,255
050,27,067,"Minnesota","Kandiyohi County",1,55,531,274,257
050,27,067,"Minnesota","Kandiyohi County",1,56,550,267,283
050,27,067,"Minnesota","Kandiyohi County",1,57,592,299,293
050,27,067,"Minnesota","Kandiyohi County",1,58,631,326,305
050,27,067,"Minnesota","Kandiyohi County",1,59,636,326,310
050,27,067,"Minnesota","Kandiyohi County",1,60,616,291,325
050,27,067,"Minnesota","Kandiyohi County",1,61,627,303,324
050,27,067,"Minnesota","Kandiyohi County",1,62,642,322,320
050,27,067,"Minnesota","Kandiyohi County",1,63,639,329,310
050,27,067,"Minnesota","Kandiyohi County",1,64,638,328,310
050,27,067,"Minnesota","Kandiyohi County",1,65,627,311,316
050,27,067,"Minnesota","Kandiyohi County",1,66,589,297,292
050,27,067,"Minnesota","Kandiyohi County",1,67,569,295,274
050,27,067,"Minnesota","Kandiyohi County",1,68,525,273,252
050,27,067,"Minnesota","Kandiyohi County",1,69,467,229,238
050,27,067,"Minnesota","Kandiyohi County",1,70,455,225,230
050,27,067,"Minnesota","Kandiyohi County",1,71,432,225,207
050,27,067,"Minnesota","Kandiyohi County",1,72,413,201,212
050,27,067,"Minnesota","Kandiyohi County",1,73,417,201,216
050,27,067,"Minnesota","Kandiyohi County",1,74,312,143,169
050,27,067,"Minnesota","Kandiyohi County",1,75,297,150,147
050,27,067,"Minnesota","Kandiyohi County",1,76,310,150,160
050,27,067,"Minnesota","Kandiyohi County",1,77,306,156,150
050,27,067,"Minnesota","Kandiyohi County",1,78,254,129,125
050,27,067,"Minnesota","Kandiyohi County",1,79,239,114,125
050,27,067,"Minnesota","Kandiyohi County",1,80,223,105,118
050,27,067,"Minnesota","Kandiyohi County",1,81,200,83,117
050,27,067,"Minnesota","Kandiyohi County",1,82,190,79,111
050,27,067,"Minnesota","Kandiyohi County",1,83,185,80,105
050,27,067,"Minnesota","Kandiyohi County",1,84,166,73,93
050,27,067,"Minnesota","Kandiyohi County",1,85,1166,399,767
050,27,067,"Minnesota","Kandiyohi County",2,0,579,288,291
050,27,067,"Minnesota","Kandiyohi County",2,1,556,283,273
050,27,067,"Minnesota","Kandiyohi County",2,2,565,289,276
050,27,067,"Minnesota","Kandiyohi County",2,3,583,308,275
050,27,067,"Minnesota","Kandiyohi County",2,4,620,328,292
050,27,067,"Minnesota","Kandiyohi County",2,5,598,306,292
050,27,067,"Minnesota","Kandiyohi County",2,6,577,289,288
050,27,067,"Minnesota","Kandiyohi County",2,7,583,294,289
050,27,067,"Minnesota","Kandiyohi County",2,8,578,291,287
050,27,067,"Minnesota","Kandiyohi County",2,9,595,304,291
050,27,067,"Minnesota","Kandiyohi County",2,10,604,306,298
050,27,067,"Minnesota","Kandiyohi County",2,11,626,328,298
050,27,067,"Minnesota","Kandiyohi County",2,12,647,333,314
050,27,067,"Minnesota","Kandiyohi County",2,13,634,323,311
050,27,067,"Minnesota","Kandiyohi County",2,14,636,329,307
050,27,067,"Minnesota","Kandiyohi County",2,15,622,329,293
050,27,067,"Minnesota","Kandiyohi County",2,16,642,358,284
050,27,067,"Minnesota","Kandiyohi County",2,17,619,320,299
050,27,067,"Minnesota","Kandiyohi County",2,18,514,266,248
050,27,067,"Minnesota","Kandiyohi County",2,19,440,241,199
050,27,067,"Minnesota","Kandiyohi County",2,20,479,269,210
050,27,067,"Minnesota","Kandiyohi County",2,21,459,244,215
050,27,067,"Minnesota","Kandiyohi County",2,22,488,252,236
050,27,067,"Minnesota","Kandiyohi County",2,23,500,254,246
050,27,067,"Minnesota","Kandiyohi County",2,24,495,250,245
050,27,067,"Minnesota","Kandiyohi County",2,25,500,262,238
050,27,067,"Minnesota","Kandiyohi County",2,26,536,281,255
050,27,067,"Minnesota","Kandiyohi County",2,27,556,291,265
050,27,067,"Minnesota","Kandiyohi County",2,28,567,296,271
050,27,067,"Minnesota","Kandiyohi County",2,29,550,290,260
050,27,067,"Minnesota","Kandiyohi County",2,30,528,272,256
050,27,067,"Minnesota","Kandiyohi County",2,31,500,252,248
050,27,067,"Minnesota","Kandiyohi County",2,32,481,241,240
050,27,067,"Minnesota","Kandiyohi County",2,33,526,273,253
050,27,067,"Minnesota","Kandiyohi County",2,34,554,294,260
050,27,067,"Minnesota","Kandiyohi County",2,35,512,262,250
050,27,067,"Minnesota","Kandiyohi County",2,36,505,264,241
050,27,067,"Minnesota","Kandiyohi County",2,37,549,294,255
050,27,067,"Minnesota","Kandiyohi County",2,38,529,282,247
050,27,067,"Minnesota","Kandiyohi County",2,39,523,272,251
050,27,067,"Minnesota","Kandiyohi County",2,40,547,282,265
050,27,067,"Minnesota","Kandiyohi County",2,41,499,263,236
050,27,067,"Minnesota","Kandiyohi County",2,42,467,252,215
050,27,067,"Minnesota","Kandiyohi County",2,43,471,245,226
050,27,067,"Minnesota","Kandiyohi County",2,44,440,220,220
050,27,067,"Minnesota","Kandiyohi County",2,45,449,228,221
050,27,067,"Minnesota","Kandiyohi County",2,46,433,218,215
050,27,067,"Minnesota","Kandiyohi County",2,47,442,226,216
050,27,067,"Minnesota","Kandiyohi County",2,48,490,244,246
050,27,067,"Minnesota","Kandiyohi County",2,49,497,238,259
050,27,067,"Minnesota","Kandiyohi County",2,50,477,223,254
050,27,067,"Minnesota","Kandiyohi County",2,51,441,225,216
050,27,067,"Minnesota","Kandiyohi County",2,52,434,219,215
050,27,067,"Minnesota","Kandiyohi County",2,53,483,253,230
050,27,067,"Minnesota","Kandiyohi County",2,54,525,275,250
050,27,067,"Minnesota","Kandiyohi County",2,55,529,274,255
050,27,067,"Minnesota","Kandiyohi County",2,56,549,270,279
050,27,067,"Minnesota","Kandiyohi County",2,57,582,293,289
050,27,067,"Minnesota","Kandiyohi County",2,58,621,320,301
050,27,067,"Minnesota","Kandiyohi County",2,59,635,326,309
050,27,067,"Minnesota","Kandiyohi County",2,60,618,298,320
050,27,067,"Minnesota","Kandiyohi County",2,61,620,298,322
050,27,067,"Minnesota","Kandiyohi County",2,62,635,313,322
050,27,067,"Minnesota","Kandiyohi County",2,63,643,329,314
050,27,067,"Minnesota","Kandiyohi County",2,64,634,325,309
050,27,067,"Minnesota","Kandiyohi County",2,65,632,315,317
050,27,067,"Minnesota","Kandiyohi County",2,66,599,302,297
050,27,067,"Minnesota","Kandiyohi County",2,67,568,292,276
050,27,067,"Minnesota","Kandiyohi County",2,68,530,275,255
050,27,067,"Minnesota","Kandiyohi County",2,69,485,242,243
050,27,067,"Minnesota","Kandiyohi County",2,70,455,225,230
050,27,067,"Minnesota","Kandiyohi County",2,71,438,223,215
050,27,067,"Minnesota","Kandiyohi County",2,72,406,200,206
050,27,067,"Minnesota","Kandiyohi County",2,73,437,211,226
050,27,067,"Minnesota","Kandiyohi County",2,74,313,145,168
050,27,067,"Minnesota","Kandiyohi County",2,75,297,149,148
050,27,067,"Minnesota","Kandiyohi County",2,76,300,147,153
050,27,067,"Minnesota","Kandiyohi County",2,77,314,158,156
050,27,067,"Minnesota","Kandiyohi County",2,78,255,130,125
050,27,067,"Minnesota","Kandiyohi County",2,79,242,117,125
050,27,067,"Minnesota","Kandiyohi County",2,80,227,108,119
050,27,067,"Minnesota","Kandiyohi County",2,81,204,88,116
050,27,067,"Minnesota","Kandiyohi County",2,82,191,79,112
050,27,067,"Minnesota","Kandiyohi County",2,83,186,81,105
050,27,067,"Minnesota","Kandiyohi County",2,84,164,71,93
050,27,067,"Minnesota","Kandiyohi County",2,85,1163,398,765
050,27,067,"Minnesota","Kandiyohi County",3,0,520,283,237
050,27,067,"Minnesota","Kandiyohi County",3,1,567,264,303
050,27,067,"Minnesota","Kandiyohi County",3,2,564,291,273
050,27,067,"Minnesota","Kandiyohi County",3,3,568,288,280
050,27,067,"Minnesota","Kandiyohi County",3,4,593,304,289
050,27,067,"Minnesota","Kandiyohi County",3,5,620,327,293
050,27,067,"Minnesota","Kandiyohi County",3,6,591,309,282
050,27,067,"Minnesota","Kandiyohi County",3,7,576,288,288
050,27,067,"Minnesota","Kandiyohi County",3,8,574,294,280
050,27,067,"Minnesota","Kandiyohi County",3,9,575,289,286
050,27,067,"Minnesota","Kandiyohi County",3,10,595,306,289
050,27,067,"Minnesota","Kandiyohi County",3,11,593,312,281
050,27,067,"Minnesota","Kandiyohi County",3,12,610,323,287
050,27,067,"Minnesota","Kandiyohi County",3,13,644,327,317
050,27,067,"Minnesota","Kandiyohi County",3,14,645,327,318
050,27,067,"Minnesota","Kandiyohi County",3,15,642,329,313
050,27,067,"Minnesota","Kandiyohi County",3,16,632,340,292
050,27,067,"Minnesota","Kandiyohi County",3,17,644,350,294
050,27,067,"Minnesota","Kandiyohi County",3,18,535,284,251
050,27,067,"Minnesota","Kandiyohi County",3,19,461,240,221
050,27,067,"Minnesota","Kandiyohi County",3,20,489,266,223
050,27,067,"Minnesota","Kandiyohi County",3,21,496,271,225
050,27,067,"Minnesota","Kandiyohi County",3,22,480,252,228
050,27,067,"Minnesota","Kandiyohi County",3,23,499,256,243
050,27,067,"Minnesota","Kandiyohi County",3,24,500,251,249
050,27,067,"Minnesota","Kandiyohi County",3,25,517,252,265
050,27,067,"Minnesota","Kandiyohi County",3,26,526,277,249
050,27,067,"Minnesota","Kandiyohi County",3,27,514,275,239
050,27,067,"Minnesota","Kandiyohi County",3,28,560,295,265
050,27,067,"Minnesota","Kandiyohi County",3,29,564,290,274
050,27,067,"Minnesota","Kandiyohi County",3,30,549,288,261
050,27,067,"Minnesota","Kandiyohi County",3,31,520,262,258
050,27,067,"Minnesota","Kandiyohi County",3,32,505,261,244
050,27,067,"Minnesota","Kandiyohi County",3,33,477,237,240
050,27,067,"Minnesota","Kandiyohi County",3,34,515,272,243
050,27,067,"Minnesota","Kandiyohi County",3,35,539,288,251
050,27,067,"Minnesota","Kandiyohi County",3,36,519,259,260
050,27,067,"Minnesota","Kandiyohi County",3,37,509,268,241
050,27,067,"Minnesota","Kandiyohi County",3,38,541,286,255
050,27,067,"Minnesota","Kandiyohi County",3,39,533,280,253
050,27,067,"Minnesota","Kandiyohi County",3,40,537,289,248
050,27,067,"Minnesota","Kandiyohi County",3,41,538,277,261
050,27,067,"Minnesota","Kandiyohi County",3,42,510,270,240
050,27,067,"Minnesota","Kandiyohi County",3,43,471,252,219
050,27,067,"Minnesota","Kandiyohi County",3,44,477,248,229
050,27,067,"Minnesota","Kandiyohi County",3,45,458,234,224
050,27,067,"Minnesota","Kandiyohi County",3,46,452,227,225
050,27,067,"Minnesota","Kandiyohi County",3,47,425,219,206
050,27,067,"Minnesota","Kandiyohi County",3,48,439,221,218
050,27,067,"Minnesota","Kandiyohi County",3,49,490,248,242
050,27,067,"Minnesota","Kandiyohi County",3,50,497,236,261
050,27,067,"Minnesota","Kandiyohi County",3,51,465,221,244
050,27,067,"Minnesota","Kandiyohi County",3,52,444,225,219
050,27,067,"Minnesota","Kandiyohi County",3,53,426,217,209
050,27,067,"Minnesota","Kandiyohi County",3,54,502,266,236
050,27,067,"Minnesota","Kandiyohi County",3,55,519,264,255
050,27,067,"Minnesota","Kandiyohi County",3,56,538,266,272
050,27,067,"Minnesota","Kandiyohi County",3,57,546,276,270
050,27,067,"Minnesota","Kandiyohi County",3,58,592,295,297
050,27,067,"Minnesota","Kandiyohi County",3,59,613,311,302
050,27,067,"Minnesota","Kandiyohi County",3,60,644,333,311
050,27,067,"Minnesota","Kandiyohi County",3,61,635,303,332
050,27,067,"Minnesota","Kandiyohi County",3,62,624,302,322
050,27,067,"Minnesota","Kandiyohi County",3,63,621,299,322
050,27,067,"Minnesota","Kandiyohi County",3,64,632,325,307
050,27,067,"Minnesota","Kandiyohi County",3,65,626,317,309
050,27,067,"Minnesota","Kandiyohi County",3,66,612,304,308
050,27,067,"Minnesota","Kandiyohi County",3,67,590,302,288
050,27,067,"Minnesota","Kandiyohi County",3,68,557,280,277
050,27,067,"Minnesota","Kandiyohi County",3,69,518,267,251
050,27,067,"Minnesota","Kandiyohi County",3,70,467,234,233
050,27,067,"Minnesota","Kandiyohi County",3,71,445,215,230
050,27,067,"Minnesota","Kandiyohi County",3,72,428,217,211
050,27,067,"Minnesota","Kandiyohi County",3,73,396,198,198
050,27,067,"Minnesota","Kandiyohi County",3,74,427,204,223
050,27,067,"Minnesota","Kandiyohi County",3,75,297,138,159
050,27,067,"Minnesota","Kandiyohi County",3,76,286,137,149
050,27,067,"Minnesota","Kandiyohi County",3,77,281,135,146
050,27,067,"Minnesota","Kandiyohi County",3,78,297,148,149
050,27,067,"Minnesota","Kandiyohi County",3,79,249,126,123
050,27,067,"Minnesota","Kandiyohi County",3,80,237,116,121
050,27,067,"Minnesota","Kandiyohi County",3,81,218,99,119
050,27,067,"Minnesota","Kandiyohi County",3,82,183,81,102
050,27,067,"Minnesota","Kandiyohi County",3,83,184,80,104
050,27,067,"Minnesota","Kandiyohi County",3,84,156,65,91
050,27,067,"Minnesota","Kandiyohi County",3,85,1159,402,757
050,27,067,"Minnesota","Kandiyohi County",4,0,537,276,261
050,27,067,"Minnesota","Kandiyohi County",4,1,529,281,248
050,27,067,"Minnesota","Kandiyohi County",4,2,568,277,291
050,27,067,"Minnesota","Kandiyohi County",4,3,568,296,272
050,27,067,"Minnesota","Kandiyohi County",4,4,564,285,279
050,27,067,"Minnesota","Kandiyohi County",4,5,595,309,286
050,27,067,"Minnesota","Kandiyohi County",4,6,619,320,299
050,27,067,"Minnesota","Kandiyohi County",4,7,594,305,289
050,27,067,"Minnesota","Kandiyohi County",4,8,576,286,290
050,27,067,"Minnesota","Kandiyohi County",4,9,572,287,285
050,27,067,"Minnesota","Kandiyohi County",4,10,572,281,291
050,27,067,"Minnesota","Kandiyohi County",4,11,590,307,283
050,27,067,"Minnesota","Kandiyohi County",4,12,576,299,277
050,27,067,"Minnesota","Kandiyohi County",4,13,619,330,289
050,27,067,"Minnesota","Kandiyohi County",4,14,626,319,307
050,27,067,"Minnesota","Kandiyohi County",4,15,635,330,305
050,27,067,"Minnesota","Kandiyohi County",4,16,651,338,313
050,27,067,"Minnesota","Kandiyohi County",4,17,630,333,297
050,27,067,"Minnesota","Kandiyohi County",4,18,561,317,244
050,27,067,"Minnesota","Kandiyohi County",4,19,463,245,218
050,27,067,"Minnesota","Kandiyohi County",4,20,488,256,232
050,27,067,"Minnesota","Kandiyohi County",4,21,502,257,245
050,27,067,"Minnesota","Kandiyohi County",4,22,508,267,241
050,27,067,"Minnesota","Kandiyohi County",4,23,488,262,226
050,27,067,"Minnesota","Kandiyohi County",4,24,496,253,243
050,27,067,"Minnesota","Kandiyohi County",4,25,471,238,233
050,27,067,"Minnesota","Kandiyohi County",4,26,495,242,253
050,27,067,"Minnesota","Kandiyohi County",4,27,507,255,252
050,27,067,"Minnesota","Kandiyohi County",4,28,514,271,243
050,27,067,"Minnesota","Kandiyohi County",4,29,571,297,274
050,27,067,"Minnesota","Kandiyohi County",4,30,546,278,268
050,27,067,"Minnesota","Kandiyohi County",4,31,543,276,267
050,27,067,"Minnesota","Kandiyohi County",4,32,518,267,251
050,27,067,"Minnesota","Kandiyohi County",4,33,504,266,238
050,27,067,"Minnesota","Kandiyohi County",4,34,473,232,241
050,27,067,"Minnesota","Kandiyohi County",4,35,523,281,242
050,27,067,"Minnesota","Kandiyohi County",4,36,563,298,265
050,27,067,"Minnesota","Kandiyohi County",4,37,533,272,261
050,27,067,"Minnesota","Kandiyohi County",4,38,506,260,246
050,27,067,"Minnesota","Kandiyohi County",4,39,552,291,261
050,27,067,"Minnesota","Kandiyohi County",4,40,532,277,255
050,27,067,"Minnesota","Kandiyohi County",4,41,529,285,244
050,27,067,"Minnesota","Kandiyohi County",4,42,527,277,250
050,27,067,"Minnesota","Kandiyohi County",4,43,503,261,242
050,27,067,"Minnesota","Kandiyohi County",4,44,464,250,214
050,27,067,"Minnesota","Kandiyohi County",4,45,489,254,235
050,27,067,"Minnesota","Kandiyohi County",4,46,460,234,226
050,27,067,"Minnesota","Kandiyohi County",4,47,443,229,214
050,27,067,"Minnesota","Kandiyohi County",4,48,433,215,218
050,27,067,"Minnesota","Kandiyohi County",4,49,437,218,219
050,27,067,"Minnesota","Kandiyohi County",4,50,481,239,242
050,27,067,"Minnesota","Kandiyohi County",4,51,496,244,252
050,27,067,"Minnesota","Kandiyohi County",4,52,452,210,242
050,27,067,"Minnesota","Kandiyohi County",4,53,448,231,217
050,27,067,"Minnesota","Kandiyohi County",4,54,441,220,221
050,27,067,"Minnesota","Kandiyohi County",4,55,478,256,222
050,27,067,"Minnesota","Kandiyohi County",4,56,523,267,256
050,27,067,"Minnesota","Kandiyohi County",4,57,543,268,275
050,27,067,"Minnesota","Kandiyohi County",4,58,552,277,275
050,27,067,"Minnesota","Kandiyohi County",4,59,576,292,284
050,27,067,"Minnesota","Kandiyohi County",4,60,611,307,304
050,27,067,"Minnesota","Kandiyohi County",4,61,643,329,314
050,27,067,"Minnesota","Kandiyohi County",4,62,631,304,327
050,27,067,"Minnesota","Kandiyohi County",4,63,608,294,314
050,27,067,"Minnesota","Kandiyohi County",4,64,627,298,329
050,27,067,"Minnesota","Kandiyohi County",4,65,634,323,311
050,27,067,"Minnesota","Kandiyohi County",4,66,616,315,301
050,27,067,"Minnesota","Kandiyohi County",4,67,608,307,301
050,27,067,"Minnesota","Kandiyohi County",4,68,568,286,282
050,27,067,"Minnesota","Kandiyohi County",4,69,550,276,274
050,27,067,"Minnesota","Kandiyohi County",4,70,519,268,251
050,27,067,"Minnesota","Kandiyohi County",4,71,467,233,234
050,27,067,"Minnesota","Kandiyohi County",4,72,433,206,227
050,27,067,"Minnesota","Kandiyohi County",4,73,423,215,208
050,27,067,"Minnesota","Kandiyohi County",4,74,393,190,203
050,27,067,"Minnesota","Kandiyohi County",4,75,403,191,212
050,27,067,"Minnesota","Kandiyohi County",4,76,287,128,159
050,27,067,"Minnesota","Kandiyohi County",4,77,266,126,140
050,27,067,"Minnesota","Kandiyohi County",4,78,262,128,134
050,27,067,"Minnesota","Kandiyohi County",4,79,288,140,148
050,27,067,"Minnesota","Kandiyohi County",4,80,245,124,121
050,27,067,"Minnesota","Kandiyohi County",4,81,229,107,122
050,27,067,"Minnesota","Kandiyohi County",4,82,203,92,111
050,27,067,"Minnesota","Kandiyohi County",4,83,182,84,98
050,27,067,"Minnesota","Kandiyohi County",4,84,160,66,94
050,27,067,"Minnesota","Kandiyohi County",4,85,1162,406,756
050,27,067,"Minnesota","Kandiyohi County",5,0,534,273,261
050,27,067,"Minnesota","Kandiyohi County",5,1,524,252,272
050,27,067,"Minnesota","Kandiyohi County",5,2,520,281,239
050,27,067,"Minnesota","Kandiyohi County",5,3,586,291,295
050,27,067,"Minnesota","Kandiyohi County",5,4,573,296,277
050,27,067,"Minnesota","Kandiyohi County",5,5,563,288,275
050,27,067,"Minnesota","Kandiyohi County",5,6,604,315,289
050,27,067,"Minnesota","Kandiyohi County",5,7,615,315,300
050,27,067,"Minnesota","Kandiyohi County",5,8,594,301,293
050,27,067,"Minnesota","Kandiyohi County",5,9,579,296,283
050,27,067,"Minnesota","Kandiyohi County",5,10,567,282,285
050,27,067,"Minnesota","Kandiyohi County",5,11,566,277,289
050,27,067,"Minnesota","Kandiyohi County",5,12,592,303,289
050,27,067,"Minnesota","Kandiyohi County",5,13,579,297,282
050,27,067,"Minnesota","Kandiyohi County",5,14,609,324,285
050,27,067,"Minnesota","Kandiyohi County",5,15,640,323,317
050,27,067,"Minnesota","Kandiyohi County",5,16,638,330,308
050,27,067,"Minnesota","Kandiyohi County",5,17,652,332,320
050,27,067,"Minnesota","Kandiyohi County",5,18,546,306,240
050,27,067,"Minnesota","Kandiyohi County",5,19,470,273,197
050,27,067,"Minnesota","Kandiyohi County",5,20,509,272,237
050,27,067,"Minnesota","Kandiyohi County",5,21,497,247,250
050,27,067,"Minnesota","Kandiyohi County",5,22,520,253,267
050,27,067,"Minnesota","Kandiyohi County",5,23,542,278,264
050,27,067,"Minnesota","Kandiyohi County",5,24,490,277,213
050,27,067,"Minnesota","Kandiyohi County",5,25,475,234,241
050,27,067,"Minnesota","Kandiyohi County",5,26,465,242,223
050,27,067,"Minnesota","Kandiyohi County",5,27,493,237,256
050,27,067,"Minnesota","Kandiyohi County",5,28,516,264,252
050,27,067,"Minnesota","Kandiyohi County",5,29,514,269,245
050,27,067,"Minnesota","Kandiyohi County",5,30,551,284,267
050,27,067,"Minnesota","Kandiyohi County",5,31,535,269,266
050,27,067,"Minnesota","Kandiyohi County",5,32,547,276,271
050,27,067,"Minnesota","Kandiyohi County",5,33,510,259,251
050,27,067,"Minnesota","Kandiyohi County",5,34,505,271,234
050,27,067,"Minnesota","Kandiyohi County",5,35,466,230,236
050,27,067,"Minnesota","Kandiyohi County",5,36,533,284,249
050,27,067,"Minnesota","Kandiyohi County",5,37,566,298,268
050,27,067,"Minnesota","Kandiyohi County",5,38,532,265,267
050,27,067,"Minnesota","Kandiyohi County",5,39,507,270,237
050,27,067,"Minnesota","Kandiyohi County",5,40,554,290,264
050,27,067,"Minnesota","Kandiyohi County",5,41,521,270,251
050,27,067,"Minnesota","Kandiyohi County",5,42,515,280,235
050,27,067,"Minnesota","Kandiyohi County",5,43,526,278,248
050,27,067,"Minnesota","Kandiyohi County",5,44,497,252,245
050,27,067,"Minnesota","Kandiyohi County",5,45,483,257,226
050,27,067,"Minnesota","Kandiyohi County",5,46,492,254,238
050,27,067,"Minnesota","Kandiyohi County",5,47,446,232,214
050,27,067,"Minnesota","Kandiyohi County",5,48,444,218,226
050,27,067,"Minnesota","Kandiyohi County",5,49,428,213,215
050,27,067,"Minnesota","Kandiyohi County",5,50,430,209,221
050,27,067,"Minnesota","Kandiyohi County",5,51,486,250,236
050,27,067,"Minnesota","Kandiyohi County",5,52,491,233,258
050,27,067,"Minnesota","Kandiyohi County",5,53,454,217,237
050,27,067,"Minnesota","Kandiyohi County",5,54,459,227,232
050,27,067,"Minnesota","Kandiyohi County",5,55,435,220,215
050,27,067,"Minnesota","Kandiyohi County",5,56,485,258,227
050,27,067,"Minnesota","Kandiyohi County",5,57,519,264,255
050,27,067,"Minnesota","Kandiyohi County",5,58,545,268,277
050,27,067,"Minnesota","Kandiyohi County",5,59,546,281,265
050,27,067,"Minnesota","Kandiyohi County",5,60,572,291,281
050,27,067,"Minnesota","Kandiyohi County",5,61,611,310,301
050,27,067,"Minnesota","Kandiyohi County",5,62,645,321,324
050,27,067,"Minnesota","Kandiyohi County",5,63,615,297,318
050,27,067,"Minnesota","Kandiyohi County",5,64,609,298,311
050,27,067,"Minnesota","Kandiyohi County",5,65,621,291,330
050,27,067,"Minnesota","Kandiyohi County",5,66,624,319,305
050,27,067,"Minnesota","Kandiyohi County",5,67,621,322,299
050,27,067,"Minnesota","Kandiyohi County",5,68,592,295,297
050,27,067,"Minnesota","Kandiyohi County",5,69,565,283,282
050,27,067,"Minnesota","Kandiyohi County",5,70,541,274,267
050,27,067,"Minnesota","Kandiyohi County",5,71,515,264,251
050,27,067,"Minnesota","Kandiyohi County",5,72,445,220,225
050,27,067,"Minnesota","Kandiyohi County",5,73,431,206,225
050,27,067,"Minnesota","Kandiyohi County",5,74,404,199,205
050,27,067,"Minnesota","Kandiyohi County",5,75,378,183,195
050,27,067,"Minnesota","Kandiyohi County",5,76,393,177,216
050,27,067,"Minnesota","Kandiyohi County",5,77,271,118,153
050,27,067,"Minnesota","Kandiyohi County",5,78,249,119,130
050,27,067,"Minnesota","Kandiyohi County",5,79,258,124,134
050,27,067,"Minnesota","Kandiyohi County",5,80,278,136,142
050,27,067,"Minnesota","Kandiyohi County",5,81,242,120,122
050,27,067,"Minnesota","Kandiyohi County",5,82,208,98,110
050,27,067,"Minnesota","Kandiyohi County",5,83,203,96,107
050,27,067,"Minnesota","Kandiyohi County",5,84,154,70,84
050,27,067,"Minnesota","Kandiyohi County",5,85,1188,421,767
050,27,069,"Minnesota","Kittson County",1,0,47,25,22
050,27,069,"Minnesota","Kittson County",1,1,47,26,21
050,27,069,"Minnesota","Kittson County",1,2,52,27,25
050,27,069,"Minnesota","Kittson County",1,3,31,16,15
050,27,069,"Minnesota","Kittson County",1,4,47,28,19
050,27,069,"Minnesota","Kittson County",1,5,56,30,26
050,27,069,"Minnesota","Kittson County",1,6,59,29,30
050,27,069,"Minnesota","Kittson County",1,7,47,25,22
050,27,069,"Minnesota","Kittson County",1,8,58,26,32
050,27,069,"Minnesota","Kittson County",1,9,60,32,28
050,27,069,"Minnesota","Kittson County",1,10,50,32,18
050,27,069,"Minnesota","Kittson County",1,11,50,25,25
050,27,069,"Minnesota","Kittson County",1,12,54,20,34
050,27,069,"Minnesota","Kittson County",1,13,62,30,32
050,27,069,"Minnesota","Kittson County",1,14,55,30,25
050,27,069,"Minnesota","Kittson County",1,15,56,26,30
050,27,069,"Minnesota","Kittson County",1,16,63,31,32
050,27,069,"Minnesota","Kittson County",1,17,44,23,21
050,27,069,"Minnesota","Kittson County",1,18,42,19,23
050,27,069,"Minnesota","Kittson County",1,19,38,19,19
050,27,069,"Minnesota","Kittson County",1,20,41,20,21
050,27,069,"Minnesota","Kittson County",1,21,42,21,21
050,27,069,"Minnesota","Kittson County",1,22,49,25,24
050,27,069,"Minnesota","Kittson County",1,23,40,25,15
050,27,069,"Minnesota","Kittson County",1,24,40,23,17
050,27,069,"Minnesota","Kittson County",1,25,38,25,13
050,27,069,"Minnesota","Kittson County",1,26,37,22,15
050,27,069,"Minnesota","Kittson County",1,27,40,20,20
050,27,069,"Minnesota","Kittson County",1,28,34,16,18
050,27,069,"Minnesota","Kittson County",1,29,36,15,21
050,27,069,"Minnesota","Kittson County",1,30,38,16,22
050,27,069,"Minnesota","Kittson County",1,31,43,19,24
050,27,069,"Minnesota","Kittson County",1,32,38,22,16
050,27,069,"Minnesota","Kittson County",1,33,35,19,16
050,27,069,"Minnesota","Kittson County",1,34,34,18,16
050,27,069,"Minnesota","Kittson County",1,35,41,17,24
050,27,069,"Minnesota","Kittson County",1,36,38,20,18
050,27,069,"Minnesota","Kittson County",1,37,38,24,14
050,27,069,"Minnesota","Kittson County",1,38,44,21,23
050,27,069,"Minnesota","Kittson County",1,39,52,29,23
050,27,069,"Minnesota","Kittson County",1,40,45,24,21
050,27,069,"Minnesota","Kittson County",1,41,37,21,16
050,27,069,"Minnesota","Kittson County",1,42,39,19,20
050,27,069,"Minnesota","Kittson County",1,43,33,13,20
050,27,069,"Minnesota","Kittson County",1,44,41,18,23
050,27,069,"Minnesota","Kittson County",1,45,44,20,24
050,27,069,"Minnesota","Kittson County",1,46,35,17,18
050,27,069,"Minnesota","Kittson County",1,47,34,18,16
050,27,069,"Minnesota","Kittson County",1,48,51,24,27
050,27,069,"Minnesota","Kittson County",1,49,60,29,31
050,27,069,"Minnesota","Kittson County",1,50,55,29,26
050,27,069,"Minnesota","Kittson County",1,51,46,25,21
050,27,069,"Minnesota","Kittson County",1,52,52,26,26
050,27,069,"Minnesota","Kittson County",1,53,51,27,24
050,27,069,"Minnesota","Kittson County",1,54,46,29,17
050,27,069,"Minnesota","Kittson County",1,55,59,33,26
050,27,069,"Minnesota","Kittson County",1,56,64,33,31
050,27,069,"Minnesota","Kittson County",1,57,65,34,31
050,27,069,"Minnesota","Kittson County",1,58,70,32,38
050,27,069,"Minnesota","Kittson County",1,59,74,38,36
050,27,069,"Minnesota","Kittson County",1,60,72,38,34
050,27,069,"Minnesota","Kittson County",1,61,72,40,32
050,27,069,"Minnesota","Kittson County",1,62,79,43,36
050,27,069,"Minnesota","Kittson County",1,63,69,34,35
050,27,069,"Minnesota","Kittson County",1,64,63,29,34
050,27,069,"Minnesota","Kittson County",1,65,65,38,27
050,27,069,"Minnesota","Kittson County",1,66,68,34,34
050,27,069,"Minnesota","Kittson County",1,67,75,37,38
050,27,069,"Minnesota","Kittson County",1,68,73,37,36
050,27,069,"Minnesota","Kittson County",1,69,59,29,30
050,27,069,"Minnesota","Kittson County",1,70,43,21,22
050,27,069,"Minnesota","Kittson County",1,71,46,22,24
050,27,069,"Minnesota","Kittson County",1,72,49,28,21
050,27,069,"Minnesota","Kittson County",1,73,48,24,24
050,27,069,"Minnesota","Kittson County",1,74,47,23,24
050,27,069,"Minnesota","Kittson County",1,75,41,22,19
050,27,069,"Minnesota","Kittson County",1,76,40,25,15
050,27,069,"Minnesota","Kittson County",1,77,40,19,21
050,27,069,"Minnesota","Kittson County",1,78,31,12,19
050,27,069,"Minnesota","Kittson County",1,79,26,13,13
050,27,069,"Minnesota","Kittson County",1,80,33,15,18
050,27,069,"Minnesota","Kittson County",1,81,28,14,14
050,27,069,"Minnesota","Kittson County",1,82,27,12,15
050,27,069,"Minnesota","Kittson County",1,83,29,12,17
050,27,069,"Minnesota","Kittson County",1,84,23,9,14
050,27,069,"Minnesota","Kittson County",1,85,164,48,116
050,27,069,"Minnesota","Kittson County",2,0,43,24,19
050,27,069,"Minnesota","Kittson County",2,1,45,25,20
050,27,069,"Minnesota","Kittson County",2,2,50,26,24
050,27,069,"Minnesota","Kittson County",2,3,36,19,17
050,27,069,"Minnesota","Kittson County",2,4,44,26,18
050,27,069,"Minnesota","Kittson County",2,5,56,31,25
050,27,069,"Minnesota","Kittson County",2,6,56,28,28
050,27,069,"Minnesota","Kittson County",2,7,51,26,25
050,27,069,"Minnesota","Kittson County",2,8,54,25,29
050,27,069,"Minnesota","Kittson County",2,9,60,30,30
050,27,069,"Minnesota","Kittson County",2,10,52,32,20
050,27,069,"Minnesota","Kittson County",2,11,51,27,24
050,27,069,"Minnesota","Kittson County",2,12,54,21,33
050,27,069,"Minnesota","Kittson County",2,13,61,28,33
050,27,069,"Minnesota","Kittson County",2,14,56,30,26
050,27,069,"Minnesota","Kittson County",2,15,55,26,29
050,27,069,"Minnesota","Kittson County",2,16,60,29,31
050,27,069,"Minnesota","Kittson County",2,17,48,25,23
050,27,069,"Minnesota","Kittson County",2,18,40,19,21
050,27,069,"Minnesota","Kittson County",2,19,35,17,18
050,27,069,"Minnesota","Kittson County",2,20,41,20,21
050,27,069,"Minnesota","Kittson County",2,21,41,21,20
050,27,069,"Minnesota","Kittson County",2,22,47,24,23
050,27,069,"Minnesota","Kittson County",2,23,44,27,17
050,27,069,"Minnesota","Kittson County",2,24,41,25,16
050,27,069,"Minnesota","Kittson County",2,25,38,24,14
050,27,069,"Minnesota","Kittson County",2,26,39,24,15
050,27,069,"Minnesota","Kittson County",2,27,40,21,19
050,27,069,"Minnesota","Kittson County",2,28,36,17,19
050,27,069,"Minnesota","Kittson County",2,29,35,15,20
050,27,069,"Minnesota","Kittson County",2,30,38,16,22
050,27,069,"Minnesota","Kittson County",2,31,41,18,23
050,27,069,"Minnesota","Kittson County",2,32,39,21,18
050,27,069,"Minnesota","Kittson County",2,33,35,19,16
050,27,069,"Minnesota","Kittson County",2,34,33,18,15
050,27,069,"Minnesota","Kittson County",2,35,41,18,23
050,27,069,"Minnesota","Kittson County",2,36,38,19,19
050,27,069,"Minnesota","Kittson County",2,37,38,23,15
050,27,069,"Minnesota","Kittson County",2,38,43,22,21
050,27,069,"Minnesota","Kittson County",2,39,49,26,23
050,27,069,"Minnesota","Kittson County",2,40,47,25,22
050,27,069,"Minnesota","Kittson County",2,41,38,22,16
050,27,069,"Minnesota","Kittson County",2,42,38,19,19
050,27,069,"Minnesota","Kittson County",2,43,35,15,20
050,27,069,"Minnesota","Kittson County",2,44,39,17,22
050,27,069,"Minnesota","Kittson County",2,45,43,19,24
050,27,069,"Minnesota","Kittson County",2,46,37,18,19
050,27,069,"Minnesota","Kittson County",2,47,34,18,16
050,27,069,"Minnesota","Kittson County",2,48,47,22,25
050,27,069,"Minnesota","Kittson County",2,49,58,28,30
050,27,069,"Minnesota","Kittson County",2,50,55,28,27
050,27,069,"Minnesota","Kittson County",2,51,47,25,22
050,27,069,"Minnesota","Kittson County",2,52,50,25,25
050,27,069,"Minnesota","Kittson County",2,53,52,27,25
050,27,069,"Minnesota","Kittson County",2,54,46,28,18
050,27,069,"Minnesota","Kittson County",2,55,56,32,24
050,27,069,"Minnesota","Kittson County",2,56,62,33,29
050,27,069,"Minnesota","Kittson County",2,57,64,33,31
050,27,069,"Minnesota","Kittson County",2,58,69,32,37
050,27,069,"Minnesota","Kittson County",2,59,72,35,37
050,27,069,"Minnesota","Kittson County",2,60,71,37,34
050,27,069,"Minnesota","Kittson County",2,61,71,40,31
050,27,069,"Minnesota","Kittson County",2,62,78,43,35
050,27,069,"Minnesota","Kittson County",2,63,71,36,35
050,27,069,"Minnesota","Kittson County",2,64,65,31,34
050,27,069,"Minnesota","Kittson County",2,65,63,35,28
050,27,069,"Minnesota","Kittson County",2,66,67,35,32
050,27,069,"Minnesota","Kittson County",2,67,72,35,37
050,27,069,"Minnesota","Kittson County",2,68,73,37,36
050,27,069,"Minnesota","Kittson County",2,69,62,31,31
050,27,069,"Minnesota","Kittson County",2,70,47,23,24
050,27,069,"Minnesota","Kittson County",2,71,45,22,23
050,27,069,"Minnesota","Kittson County",2,72,47,26,21
050,27,069,"Minnesota","Kittson County",2,73,51,26,25
050,27,069,"Minnesota","Kittson County",2,74,45,22,23
050,27,069,"Minnesota","Kittson County",2,75,42,22,20
050,27,069,"Minnesota","Kittson County",2,76,41,25,16
050,27,069,"Minnesota","Kittson County",2,77,42,21,21
050,27,069,"Minnesota","Kittson County",2,78,33,13,20
050,27,069,"Minnesota","Kittson County",2,79,25,12,13
050,27,069,"Minnesota","Kittson County",2,80,31,14,17
050,27,069,"Minnesota","Kittson County",2,81,28,14,14
050,27,069,"Minnesota","Kittson County",2,82,28,13,15
050,27,069,"Minnesota","Kittson County",2,83,30,12,18
050,27,069,"Minnesota","Kittson County",2,84,22,9,13
050,27,069,"Minnesota","Kittson County",2,85,165,48,117
050,27,069,"Minnesota","Kittson County",3,0,35,18,17
050,27,069,"Minnesota","Kittson County",3,1,47,26,21
050,27,069,"Minnesota","Kittson County",3,2,44,25,19
050,27,069,"Minnesota","Kittson County",3,3,53,25,28
050,27,069,"Minnesota","Kittson County",3,4,39,20,19
050,27,069,"Minnesota","Kittson County",3,5,45,27,18
050,27,069,"Minnesota","Kittson County",3,6,57,31,26
050,27,069,"Minnesota","Kittson County",3,7,56,28,28
050,27,069,"Minnesota","Kittson County",3,8,52,26,26
050,27,069,"Minnesota","Kittson County",3,9,53,26,27
050,27,069,"Minnesota","Kittson County",3,10,61,31,30
050,27,069,"Minnesota","Kittson County",3,11,53,32,21
050,27,069,"Minnesota","Kittson County",3,12,52,28,24
050,27,069,"Minnesota","Kittson County",3,13,54,21,33
050,27,069,"Minnesota","Kittson County",3,14,61,28,33
050,27,069,"Minnesota","Kittson County",3,15,59,31,28
050,27,069,"Minnesota","Kittson County",3,16,56,26,30
050,27,069,"Minnesota","Kittson County",3,17,57,27,30
050,27,069,"Minnesota","Kittson County",3,18,41,22,19
050,27,069,"Minnesota","Kittson County",3,19,27,13,14
050,27,069,"Minnesota","Kittson County",3,20,37,17,20
050,27,069,"Minnesota","Kittson County",3,21,43,20,23
050,27,069,"Minnesota","Kittson County",3,22,45,24,21
050,27,069,"Minnesota","Kittson County",3,23,49,26,23
050,27,069,"Minnesota","Kittson County",3,24,50,29,21
050,27,069,"Minnesota","Kittson County",3,25,41,24,17
050,27,069,"Minnesota","Kittson County",3,26,33,21,12
050,27,069,"Minnesota","Kittson County",3,27,38,22,16
050,27,069,"Minnesota","Kittson County",3,28,41,22,19
050,27,069,"Minnesota","Kittson County",3,29,37,18,19
050,27,069,"Minnesota","Kittson County",3,30,33,14,19
050,27,069,"Minnesota","Kittson County",3,31,42,19,23
050,27,069,"Minnesota","Kittson County",3,32,43,21,22
050,27,069,"Minnesota","Kittson County",3,33,41,22,19
050,27,069,"Minnesota","Kittson County",3,34,35,19,16
050,27,069,"Minnesota","Kittson County",3,35,32,17,15
050,27,069,"Minnesota","Kittson County",3,36,43,19,24
050,27,069,"Minnesota","Kittson County",3,37,39,20,19
050,27,069,"Minnesota","Kittson County",3,38,37,22,15
050,27,069,"Minnesota","Kittson County",3,39,44,22,22
050,27,069,"Minnesota","Kittson County",3,40,47,24,23
050,27,069,"Minnesota","Kittson County",3,41,47,25,22
050,27,069,"Minnesota","Kittson County",3,42,39,22,17
050,27,069,"Minnesota","Kittson County",3,43,41,21,20
050,27,069,"Minnesota","Kittson County",3,44,35,15,20
050,27,069,"Minnesota","Kittson County",3,45,37,15,22
050,27,069,"Minnesota","Kittson County",3,46,46,19,27
050,27,069,"Minnesota","Kittson County",3,47,38,18,20
050,27,069,"Minnesota","Kittson County",3,48,34,19,15
050,27,069,"Minnesota","Kittson County",3,49,47,21,26
050,27,069,"Minnesota","Kittson County",3,50,61,30,31
050,27,069,"Minnesota","Kittson County",3,51,55,28,27
050,27,069,"Minnesota","Kittson County",3,52,47,25,22
050,27,069,"Minnesota","Kittson County",3,53,52,27,25
050,27,069,"Minnesota","Kittson County",3,54,54,28,26
050,27,069,"Minnesota","Kittson County",3,55,48,28,20
050,27,069,"Minnesota","Kittson County",3,56,56,32,24
050,27,069,"Minnesota","Kittson County",3,57,61,33,28
050,27,069,"Minnesota","Kittson County",3,58,63,32,31
050,27,069,"Minnesota","Kittson County",3,59,67,30,37
050,27,069,"Minnesota","Kittson County",3,60,68,35,33
050,27,069,"Minnesota","Kittson County",3,61,72,40,32
050,27,069,"Minnesota","Kittson County",3,62,68,38,30
050,27,069,"Minnesota","Kittson County",3,63,73,41,32
050,27,069,"Minnesota","Kittson County",3,64,66,31,35
050,27,069,"Minnesota","Kittson County",3,65,63,32,31
050,27,069,"Minnesota","Kittson County",3,66,57,31,26
050,27,069,"Minnesota","Kittson County",3,67,63,34,29
050,27,069,"Minnesota","Kittson County",3,68,69,34,35
050,27,069,"Minnesota","Kittson County",3,69,68,35,33
050,27,069,"Minnesota","Kittson County",3,70,58,29,29
050,27,069,"Minnesota","Kittson County",3,71,47,23,24
050,27,069,"Minnesota","Kittson County",3,72,43,20,23
050,27,069,"Minnesota","Kittson County",3,73,47,26,21
050,27,069,"Minnesota","Kittson County",3,74,53,25,28
050,27,069,"Minnesota","Kittson County",3,75,39,19,20
050,27,069,"Minnesota","Kittson County",3,76,41,23,18
050,27,069,"Minnesota","Kittson County",3,77,43,24,19
050,27,069,"Minnesota","Kittson County",3,78,43,21,22
050,27,069,"Minnesota","Kittson County",3,79,29,14,15
050,27,069,"Minnesota","Kittson County",3,80,23,9,14
050,27,069,"Minnesota","Kittson County",3,81,29,14,15
050,27,069,"Minnesota","Kittson County",3,82,28,14,14
050,27,069,"Minnesota","Kittson County",3,83,34,15,19
050,27,069,"Minnesota","Kittson County",3,84,15,7,8
050,27,069,"Minnesota","Kittson County",3,85,159,48,111
050,27,069,"Minnesota","Kittson County",4,0,38,22,16
050,27,069,"Minnesota","Kittson County",4,1,35,18,17
050,27,069,"Minnesota","Kittson County",4,2,47,25,22
050,27,069,"Minnesota","Kittson County",4,3,45,26,19
050,27,069,"Minnesota","Kittson County",4,4,50,24,26
050,27,069,"Minnesota","Kittson County",4,5,35,17,18
050,27,069,"Minnesota","Kittson County",4,6,44,26,18
050,27,069,"Minnesota","Kittson County",4,7,52,31,21
050,27,069,"Minnesota","Kittson County",4,8,52,26,26
050,27,069,"Minnesota","Kittson County",4,9,49,26,23
050,27,069,"Minnesota","Kittson County",4,10,50,26,24
050,27,069,"Minnesota","Kittson County",4,11,61,32,29
050,27,069,"Minnesota","Kittson County",4,12,53,31,22
050,27,069,"Minnesota","Kittson County",4,13,50,28,22
050,27,069,"Minnesota","Kittson County",4,14,53,22,31
050,27,069,"Minnesota","Kittson County",4,15,58,26,32
050,27,069,"Minnesota","Kittson County",4,16,56,30,26
050,27,069,"Minnesota","Kittson County",4,17,55,26,29
050,27,069,"Minnesota","Kittson County",4,18,49,24,25
050,27,069,"Minnesota","Kittson County",4,19,30,15,15
050,27,069,"Minnesota","Kittson County",4,20,26,12,14
050,27,069,"Minnesota","Kittson County",4,21,37,19,18
050,27,069,"Minnesota","Kittson County",4,22,42,19,23
050,27,069,"Minnesota","Kittson County",4,23,42,24,18
050,27,069,"Minnesota","Kittson County",4,24,49,26,23
050,27,069,"Minnesota","Kittson County",4,25,44,25,19
050,27,069,"Minnesota","Kittson County",4,26,37,21,16
050,27,069,"Minnesota","Kittson County",4,27,33,20,13
050,27,069,"Minnesota","Kittson County",4,28,43,23,20
050,27,069,"Minnesota","Kittson County",4,29,40,21,19
050,27,069,"Minnesota","Kittson County",4,30,37,17,20
050,27,069,"Minnesota","Kittson County",4,31,33,14,19
050,27,069,"Minnesota","Kittson County",4,32,38,18,20
050,27,069,"Minnesota","Kittson County",4,33,39,18,21
050,27,069,"Minnesota","Kittson County",4,34,41,22,19
050,27,069,"Minnesota","Kittson County",4,35,35,19,16
050,27,069,"Minnesota","Kittson County",4,36,32,17,15
050,27,069,"Minnesota","Kittson County",4,37,43,19,24
050,27,069,"Minnesota","Kittson County",4,38,39,20,19
050,27,069,"Minnesota","Kittson County",4,39,38,22,16
050,27,069,"Minnesota","Kittson County",4,40,45,23,22
050,27,069,"Minnesota","Kittson County",4,41,45,22,23
050,27,069,"Minnesota","Kittson County",4,42,46,24,22
050,27,069,"Minnesota","Kittson County",4,43,38,22,16
050,27,069,"Minnesota","Kittson County",4,44,41,22,19
050,27,069,"Minnesota","Kittson County",4,45,36,15,21
050,27,069,"Minnesota","Kittson County",4,46,38,16,22
050,27,069,"Minnesota","Kittson County",4,47,46,19,27
050,27,069,"Minnesota","Kittson County",4,48,37,19,18
050,27,069,"Minnesota","Kittson County",4,49,33,18,15
050,27,069,"Minnesota","Kittson County",4,50,51,24,27
050,27,069,"Minnesota","Kittson County",4,51,57,29,28
050,27,069,"Minnesota","Kittson County",4,52,53,27,26
050,27,069,"Minnesota","Kittson County",4,53,46,25,21
050,27,069,"Minnesota","Kittson County",4,54,54,27,27
050,27,069,"Minnesota","Kittson County",4,55,51,26,25
050,27,069,"Minnesota","Kittson County",4,56,49,29,20
050,27,069,"Minnesota","Kittson County",4,57,55,31,24
050,27,069,"Minnesota","Kittson County",4,58,60,33,27
050,27,069,"Minnesota","Kittson County",4,59,64,31,33
050,27,069,"Minnesota","Kittson County",4,60,68,31,37
050,27,069,"Minnesota","Kittson County",4,61,72,40,32
050,27,069,"Minnesota","Kittson County",4,62,73,41,32
050,27,069,"Minnesota","Kittson County",4,63,67,37,30
050,27,069,"Minnesota","Kittson County",4,64,73,41,32
050,27,069,"Minnesota","Kittson County",4,65,66,32,34
050,27,069,"Minnesota","Kittson County",4,66,62,29,33
050,27,069,"Minnesota","Kittson County",4,67,54,29,25
050,27,069,"Minnesota","Kittson County",4,68,61,32,29
050,27,069,"Minnesota","Kittson County",4,69,64,31,33
050,27,069,"Minnesota","Kittson County",4,70,65,34,31
050,27,069,"Minnesota","Kittson County",4,71,57,28,29
050,27,069,"Minnesota","Kittson County",4,72,46,23,23
050,27,069,"Minnesota","Kittson County",4,73,43,21,22
050,27,069,"Minnesota","Kittson County",4,74,50,25,25
050,27,069,"Minnesota","Kittson County",4,75,46,22,24
050,27,069,"Minnesota","Kittson County",4,76,38,20,18
050,27,069,"Minnesota","Kittson County",4,77,40,19,21
050,27,069,"Minnesota","Kittson County",4,78,43,21,22
050,27,069,"Minnesota","Kittson County",4,79,36,21,15
050,27,069,"Minnesota","Kittson County",4,80,29,12,17
050,27,069,"Minnesota","Kittson County",4,81,18,8,10
050,27,069,"Minnesota","Kittson County",4,82,30,15,15
050,27,069,"Minnesota","Kittson County",4,83,35,15,20
050,27,069,"Minnesota","Kittson County",4,84,20,9,11
050,27,069,"Minnesota","Kittson County",4,85,155,47,108
050,27,069,"Minnesota","Kittson County",5,0,30,18,12
050,27,069,"Minnesota","Kittson County",5,1,39,24,15
050,27,069,"Minnesota","Kittson County",5,2,40,19,21
050,27,069,"Minnesota","Kittson County",5,3,44,26,18
050,27,069,"Minnesota","Kittson County",5,4,49,29,20
050,27,069,"Minnesota","Kittson County",5,5,51,24,27
050,27,069,"Minnesota","Kittson County",5,6,37,18,19
050,27,069,"Minnesota","Kittson County",5,7,44,25,19
050,27,069,"Minnesota","Kittson County",5,8,58,32,26
050,27,069,"Minnesota","Kittson County",5,9,52,26,26
050,27,069,"Minnesota","Kittson County",5,10,48,27,21
050,27,069,"Minnesota","Kittson County",5,11,55,26,29
050,27,069,"Minnesota","Kittson County",5,12,59,32,27
050,27,069,"Minnesota","Kittson County",5,13,53,31,22
050,27,069,"Minnesota","Kittson County",5,14,50,27,23
050,27,069,"Minnesota","Kittson County",5,15,54,22,32
050,27,069,"Minnesota","Kittson County",5,16,57,25,32
050,27,069,"Minnesota","Kittson County",5,17,58,31,27
050,27,069,"Minnesota","Kittson County",5,18,44,22,22
050,27,069,"Minnesota","Kittson County",5,19,36,17,19
050,27,069,"Minnesota","Kittson County",5,20,35,17,18
050,27,069,"Minnesota","Kittson County",5,21,26,13,13
050,27,069,"Minnesota","Kittson County",5,22,41,20,21
050,27,069,"Minnesota","Kittson County",5,23,38,19,19
050,27,069,"Minnesota","Kittson County",5,24,43,22,21
050,27,069,"Minnesota","Kittson County",5,25,47,22,25
050,27,069,"Minnesota","Kittson County",5,26,40,25,15
050,27,069,"Minnesota","Kittson County",5,27,35,20,15
050,27,069,"Minnesota","Kittson County",5,28,32,18,14
050,27,069,"Minnesota","Kittson County",5,29,39,20,19
050,27,069,"Minnesota","Kittson County",5,30,50,29,21
050,27,069,"Minnesota","Kittson County",5,31,38,17,21
050,27,069,"Minnesota","Kittson County",5,32,33,15,18
050,27,069,"Minnesota","Kittson County",5,33,39,17,22
050,27,069,"Minnesota","Kittson County",5,34,38,18,20
050,27,069,"Minnesota","Kittson County",5,35,39,20,19
050,27,069,"Minnesota","Kittson County",5,36,36,19,17
050,27,069,"Minnesota","Kittson County",5,37,34,19,15
050,27,069,"Minnesota","Kittson County",5,38,44,20,24
050,27,069,"Minnesota","Kittson County",5,39,42,19,23
050,27,069,"Minnesota","Kittson County",5,40,37,21,16
050,27,069,"Minnesota","Kittson County",5,41,44,22,22
050,27,069,"Minnesota","Kittson County",5,42,42,21,21
050,27,069,"Minnesota","Kittson County",5,43,47,25,22
050,27,069,"Minnesota","Kittson County",5,44,39,24,15
050,27,069,"Minnesota","Kittson County",5,45,36,20,16
050,27,069,"Minnesota","Kittson County",5,46,37,15,22
050,27,069,"Minnesota","Kittson County",5,47,39,17,22
050,27,069,"Minnesota","Kittson County",5,48,44,19,25
050,27,069,"Minnesota","Kittson County",5,49,36,18,18
050,27,069,"Minnesota","Kittson County",5,50,34,19,15
050,27,069,"Minnesota","Kittson County",5,51,48,21,27
050,27,069,"Minnesota","Kittson County",5,52,56,29,27
050,27,069,"Minnesota","Kittson County",5,53,54,28,26
050,27,069,"Minnesota","Kittson County",5,54,48,27,21
050,27,069,"Minnesota","Kittson County",5,55,50,25,25
050,27,069,"Minnesota","Kittson County",5,56,55,29,26
050,27,069,"Minnesota","Kittson County",5,57,47,27,20
050,27,069,"Minnesota","Kittson County",5,58,55,31,24
050,27,069,"Minnesota","Kittson County",5,59,61,33,28
050,27,069,"Minnesota","Kittson County",5,60,65,32,33
050,27,069,"Minnesota","Kittson County",5,61,73,36,37
050,27,069,"Minnesota","Kittson County",5,62,75,44,31
050,27,069,"Minnesota","Kittson County",5,63,71,40,31
050,27,069,"Minnesota","Kittson County",5,64,66,36,30
050,27,069,"Minnesota","Kittson County",5,65,69,40,29
050,27,069,"Minnesota","Kittson County",5,66,64,31,33
050,27,069,"Minnesota","Kittson County",5,67,60,28,32
050,27,069,"Minnesota","Kittson County",5,68,54,29,25
050,27,069,"Minnesota","Kittson County",5,69,60,30,30
050,27,069,"Minnesota","Kittson County",5,70,60,29,31
050,27,069,"Minnesota","Kittson County",5,71,62,33,29
050,27,069,"Minnesota","Kittson County",5,72,55,27,28
050,27,069,"Minnesota","Kittson County",5,73,46,23,23
050,27,069,"Minnesota","Kittson County",5,74,47,22,25
050,27,069,"Minnesota","Kittson County",5,75,45,23,22
050,27,069,"Minnesota","Kittson County",5,76,45,23,22
050,27,069,"Minnesota","Kittson County",5,77,36,16,20
050,27,069,"Minnesota","Kittson County",5,78,40,17,23
050,27,069,"Minnesota","Kittson County",5,79,40,22,18
050,27,069,"Minnesota","Kittson County",5,80,31,16,15
050,27,069,"Minnesota","Kittson County",5,81,23,10,13
050,27,069,"Minnesota","Kittson County",5,82,21,10,11
050,27,069,"Minnesota","Kittson County",5,83,36,16,20
050,27,069,"Minnesota","Kittson County",5,84,20,9,11
050,27,069,"Minnesota","Kittson County",5,85,160,49,111
050,27,071,"Minnesota","Koochiching County",1,0,95,49,46
050,27,071,"Minnesota","Koochiching County",1,1,99,59,40
050,27,071,"Minnesota","Koochiching County",1,2,104,59,45
050,27,071,"Minnesota","Koochiching County",1,3,95,47,48
050,27,071,"Minnesota","Koochiching County",1,4,100,49,51
050,27,071,"Minnesota","Koochiching County",1,5,111,53,58
050,27,071,"Minnesota","Koochiching County",1,6,118,57,61
050,27,071,"Minnesota","Koochiching County",1,7,101,46,55
050,27,071,"Minnesota","Koochiching County",1,8,116,54,62
050,27,071,"Minnesota","Koochiching County",1,9,122,67,55
050,27,071,"Minnesota","Koochiching County",1,10,118,58,60
050,27,071,"Minnesota","Koochiching County",1,11,143,72,71
050,27,071,"Minnesota","Koochiching County",1,12,142,69,73
050,27,071,"Minnesota","Koochiching County",1,13,133,64,69
050,27,071,"Minnesota","Koochiching County",1,14,135,67,68
050,27,071,"Minnesota","Koochiching County",1,15,127,67,60
050,27,071,"Minnesota","Koochiching County",1,16,149,70,79
050,27,071,"Minnesota","Koochiching County",1,17,137,74,63
050,27,071,"Minnesota","Koochiching County",1,18,149,71,78
050,27,071,"Minnesota","Koochiching County",1,19,134,67,67
050,27,071,"Minnesota","Koochiching County",1,20,120,63,57
050,27,071,"Minnesota","Koochiching County",1,21,108,53,55
050,27,071,"Minnesota","Koochiching County",1,22,98,57,41
050,27,071,"Minnesota","Koochiching County",1,23,88,43,45
050,27,071,"Minnesota","Koochiching County",1,24,95,51,44
050,27,071,"Minnesota","Koochiching County",1,25,99,54,45
050,27,071,"Minnesota","Koochiching County",1,26,117,63,54
050,27,071,"Minnesota","Koochiching County",1,27,130,59,71
050,27,071,"Minnesota","Koochiching County",1,28,127,67,60
050,27,071,"Minnesota","Koochiching County",1,29,118,58,60
050,27,071,"Minnesota","Koochiching County",1,30,102,52,50
050,27,071,"Minnesota","Koochiching County",1,31,114,57,57
050,27,071,"Minnesota","Koochiching County",1,32,105,56,49
050,27,071,"Minnesota","Koochiching County",1,33,112,63,49
050,27,071,"Minnesota","Koochiching County",1,34,120,60,60
050,27,071,"Minnesota","Koochiching County",1,35,120,61,59
050,27,071,"Minnesota","Koochiching County",1,36,114,58,56
050,27,071,"Minnesota","Koochiching County",1,37,118,62,56
050,27,071,"Minnesota","Koochiching County",1,38,131,73,58
050,27,071,"Minnesota","Koochiching County",1,39,130,63,67
050,27,071,"Minnesota","Koochiching County",1,40,124,59,65
050,27,071,"Minnesota","Koochiching County",1,41,128,67,61
050,27,071,"Minnesota","Koochiching County",1,42,125,67,58
050,27,071,"Minnesota","Koochiching County",1,43,130,67,63
050,27,071,"Minnesota","Koochiching County",1,44,107,50,57
050,27,071,"Minnesota","Koochiching County",1,45,110,54,56
050,27,071,"Minnesota","Koochiching County",1,46,120,55,65
050,27,071,"Minnesota","Koochiching County",1,47,124,62,62
050,27,071,"Minnesota","Koochiching County",1,48,143,70,73
050,27,071,"Minnesota","Koochiching County",1,49,160,79,81
050,27,071,"Minnesota","Koochiching County",1,50,135,64,71
050,27,071,"Minnesota","Koochiching County",1,51,134,72,62
050,27,071,"Minnesota","Koochiching County",1,52,154,82,72
050,27,071,"Minnesota","Koochiching County",1,53,178,99,79
050,27,071,"Minnesota","Koochiching County",1,54,184,98,86
050,27,071,"Minnesota","Koochiching County",1,55,170,88,82
050,27,071,"Minnesota","Koochiching County",1,56,193,91,102
050,27,071,"Minnesota","Koochiching County",1,57,193,99,94
050,27,071,"Minnesota","Koochiching County",1,58,212,115,97
050,27,071,"Minnesota","Koochiching County",1,59,212,109,103
050,27,071,"Minnesota","Koochiching County",1,60,186,91,95
050,27,071,"Minnesota","Koochiching County",1,61,223,116,107
050,27,071,"Minnesota","Koochiching County",1,62,232,112,120
050,27,071,"Minnesota","Koochiching County",1,63,248,129,119
050,27,071,"Minnesota","Koochiching County",1,64,236,125,111
050,27,071,"Minnesota","Koochiching County",1,65,221,125,96
050,27,071,"Minnesota","Koochiching County",1,66,212,110,102
050,27,071,"Minnesota","Koochiching County",1,67,225,114,111
050,27,071,"Minnesota","Koochiching County",1,68,221,116,105
050,27,071,"Minnesota","Koochiching County",1,69,201,97,104
050,27,071,"Minnesota","Koochiching County",1,70,190,99,91
050,27,071,"Minnesota","Koochiching County",1,71,175,90,85
050,27,071,"Minnesota","Koochiching County",1,72,181,88,93
050,27,071,"Minnesota","Koochiching County",1,73,166,86,80
050,27,071,"Minnesota","Koochiching County",1,74,111,54,57
050,27,071,"Minnesota","Koochiching County",1,75,117,57,60
050,27,071,"Minnesota","Koochiching County",1,76,111,50,61
050,27,071,"Minnesota","Koochiching County",1,77,115,58,57
050,27,071,"Minnesota","Koochiching County",1,78,100,50,50
050,27,071,"Minnesota","Koochiching County",1,79,102,51,51
050,27,071,"Minnesota","Koochiching County",1,80,76,33,43
050,27,071,"Minnesota","Koochiching County",1,81,90,41,49
050,27,071,"Minnesota","Koochiching County",1,82,83,45,38
050,27,071,"Minnesota","Koochiching County",1,83,71,28,43
050,27,071,"Minnesota","Koochiching County",1,84,66,35,31
050,27,071,"Minnesota","Koochiching County",1,85,375,153,222
050,27,071,"Minnesota","Koochiching County",2,0,97,47,50
050,27,071,"Minnesota","Koochiching County",2,1,96,56,40
050,27,071,"Minnesota","Koochiching County",2,2,100,57,43
050,27,071,"Minnesota","Koochiching County",2,3,94,47,47
050,27,071,"Minnesota","Koochiching County",2,4,99,48,51
050,27,071,"Minnesota","Koochiching County",2,5,108,52,56
050,27,071,"Minnesota","Koochiching County",2,6,116,55,61
050,27,071,"Minnesota","Koochiching County",2,7,105,47,58
050,27,071,"Minnesota","Koochiching County",2,8,111,51,60
050,27,071,"Minnesota","Koochiching County",2,9,121,64,57
050,27,071,"Minnesota","Koochiching County",2,10,121,61,60
050,27,071,"Minnesota","Koochiching County",2,11,136,67,69
050,27,071,"Minnesota","Koochiching County",2,12,143,69,74
050,27,071,"Minnesota","Koochiching County",2,13,135,64,71
050,27,071,"Minnesota","Koochiching County",2,14,135,67,68
050,27,071,"Minnesota","Koochiching County",2,15,130,68,62
050,27,071,"Minnesota","Koochiching County",2,16,146,71,75
050,27,071,"Minnesota","Koochiching County",2,17,140,73,67
050,27,071,"Minnesota","Koochiching County",2,18,145,72,73
050,27,071,"Minnesota","Koochiching County",2,19,133,66,67
050,27,071,"Minnesota","Koochiching County",2,20,121,63,58
050,27,071,"Minnesota","Koochiching County",2,21,110,55,55
050,27,071,"Minnesota","Koochiching County",2,22,98,55,43
050,27,071,"Minnesota","Koochiching County",2,23,91,45,46
050,27,071,"Minnesota","Koochiching County",2,24,93,49,44
050,27,071,"Minnesota","Koochiching County",2,25,99,54,45
050,27,071,"Minnesota","Koochiching County",2,26,114,61,53
050,27,071,"Minnesota","Koochiching County",2,27,125,59,66
050,27,071,"Minnesota","Koochiching County",2,28,127,64,63
050,27,071,"Minnesota","Koochiching County",2,29,119,59,60
050,27,071,"Minnesota","Koochiching County",2,30,106,53,53
050,27,071,"Minnesota","Koochiching County",2,31,111,55,56
050,27,071,"Minnesota","Koochiching County",2,32,108,57,51
050,27,071,"Minnesota","Koochiching County",2,33,110,61,49
050,27,071,"Minnesota","Koochiching County",2,34,117,60,57
050,27,071,"Minnesota","Koochiching County",2,35,122,61,61
050,27,071,"Minnesota","Koochiching County",2,36,115,59,56
050,27,071,"Minnesota","Koochiching County",2,37,117,60,57
050,27,071,"Minnesota","Koochiching County",2,38,130,72,58
050,27,071,"Minnesota","Koochiching County",2,39,128,65,63
050,27,071,"Minnesota","Koochiching County",2,40,126,61,65
050,27,071,"Minnesota","Koochiching County",2,41,127,65,62
050,27,071,"Minnesota","Koochiching County",2,42,125,66,59
050,27,071,"Minnesota","Koochiching County",2,43,128,66,62
050,27,071,"Minnesota","Koochiching County",2,44,111,53,58
050,27,071,"Minnesota","Koochiching County",2,45,108,53,55
050,27,071,"Minnesota","Koochiching County",2,46,117,55,62
050,27,071,"Minnesota","Koochiching County",2,47,121,59,62
050,27,071,"Minnesota","Koochiching County",2,48,139,68,71
050,27,071,"Minnesota","Koochiching County",2,49,155,76,79
050,27,071,"Minnesota","Koochiching County",2,50,143,69,74
050,27,071,"Minnesota","Koochiching County",2,51,135,71,64
050,27,071,"Minnesota","Koochiching County",2,52,147,78,69
050,27,071,"Minnesota","Koochiching County",2,53,172,95,77
050,27,071,"Minnesota","Koochiching County",2,54,181,98,83
050,27,071,"Minnesota","Koochiching County",2,55,174,90,84
050,27,071,"Minnesota","Koochiching County",2,56,190,92,98
050,27,071,"Minnesota","Koochiching County",2,57,192,97,95
050,27,071,"Minnesota","Koochiching County",2,58,209,113,96
050,27,071,"Minnesota","Koochiching County",2,59,215,112,103
050,27,071,"Minnesota","Koochiching County",2,60,191,95,96
050,27,071,"Minnesota","Koochiching County",2,61,213,110,103
050,27,071,"Minnesota","Koochiching County",2,62,228,112,116
050,27,071,"Minnesota","Koochiching County",2,63,245,124,121
050,27,071,"Minnesota","Koochiching County",2,64,237,124,113
050,27,071,"Minnesota","Koochiching County",2,65,224,125,99
050,27,071,"Minnesota","Koochiching County",2,66,214,114,100
050,27,071,"Minnesota","Koochiching County",2,67,223,113,110
050,27,071,"Minnesota","Koochiching County",2,68,220,115,105
050,27,071,"Minnesota","Koochiching County",2,69,205,100,105
050,27,071,"Minnesota","Koochiching County",2,70,191,98,93
050,27,071,"Minnesota","Koochiching County",2,71,178,93,85
050,27,071,"Minnesota","Koochiching County",2,72,174,86,88
050,27,071,"Minnesota","Koochiching County",2,73,179,92,87
050,27,071,"Minnesota","Koochiching County",2,74,115,56,59
050,27,071,"Minnesota","Koochiching County",2,75,116,57,59
050,27,071,"Minnesota","Koochiching County",2,76,112,52,60
050,27,071,"Minnesota","Koochiching County",2,77,115,57,58
050,27,071,"Minnesota","Koochiching County",2,78,98,48,50
050,27,071,"Minnesota","Koochiching County",2,79,101,51,50
050,27,071,"Minnesota","Koochiching County",2,80,83,37,46
050,27,071,"Minnesota","Koochiching County",2,81,85,39,46
050,27,071,"Minnesota","Koochiching County",2,82,83,43,40
050,27,071,"Minnesota","Koochiching County",2,83,72,30,42
050,27,071,"Minnesota","Koochiching County",2,84,65,32,33
050,27,071,"Minnesota","Koochiching County",2,85,377,155,222
050,27,071,"Minnesota","Koochiching County",3,0,84,39,45
050,27,071,"Minnesota","Koochiching County",3,1,103,52,51
050,27,071,"Minnesota","Koochiching County",3,2,99,61,38
050,27,071,"Minnesota","Koochiching County",3,3,99,58,41
050,27,071,"Minnesota","Koochiching County",3,4,98,47,51
050,27,071,"Minnesota","Koochiching County",3,5,101,50,51
050,27,071,"Minnesota","Koochiching County",3,6,113,56,57
050,27,071,"Minnesota","Koochiching County",3,7,118,57,61
050,27,071,"Minnesota","Koochiching County",3,8,107,48,59
050,27,071,"Minnesota","Koochiching County",3,9,112,52,60
050,27,071,"Minnesota","Koochiching County",3,10,121,60,61
050,27,071,"Minnesota","Koochiching County",3,11,119,57,62
050,27,071,"Minnesota","Koochiching County",3,12,136,69,67
050,27,071,"Minnesota","Koochiching County",3,13,151,74,77
050,27,071,"Minnesota","Koochiching County",3,14,131,62,69
050,27,071,"Minnesota","Koochiching County",3,15,141,68,73
050,27,071,"Minnesota","Koochiching County",3,16,129,68,61
050,27,071,"Minnesota","Koochiching County",3,17,145,67,78
050,27,071,"Minnesota","Koochiching County",3,18,133,70,63
050,27,071,"Minnesota","Koochiching County",3,19,127,68,59
050,27,071,"Minnesota","Koochiching County",3,20,120,63,57
050,27,071,"Minnesota","Koochiching County",3,21,115,59,56
050,27,071,"Minnesota","Koochiching County",3,22,110,54,56
050,27,071,"Minnesota","Koochiching County",3,23,99,54,45
050,27,071,"Minnesota","Koochiching County",3,24,96,45,51
050,27,071,"Minnesota","Koochiching County",3,25,90,50,40
050,27,071,"Minnesota","Koochiching County",3,26,104,55,49
050,27,071,"Minnesota","Koochiching County",3,27,118,60,58
050,27,071,"Minnesota","Koochiching County",3,28,119,61,58
050,27,071,"Minnesota","Koochiching County",3,29,130,63,67
050,27,071,"Minnesota","Koochiching County",3,30,122,63,59
050,27,071,"Minnesota","Koochiching County",3,31,110,56,54
050,27,071,"Minnesota","Koochiching County",3,32,119,60,59
050,27,071,"Minnesota","Koochiching County",3,33,114,63,51
050,27,071,"Minnesota","Koochiching County",3,34,114,61,53
050,27,071,"Minnesota","Koochiching County",3,35,118,61,57
050,27,071,"Minnesota","Koochiching County",3,36,110,58,52
050,27,071,"Minnesota","Koochiching County",3,37,114,54,60
050,27,071,"Minnesota","Koochiching County",3,38,122,64,58
050,27,071,"Minnesota","Koochiching County",3,39,132,69,63
050,27,071,"Minnesota","Koochiching County",3,40,128,63,65
050,27,071,"Minnesota","Koochiching County",3,41,122,58,64
050,27,071,"Minnesota","Koochiching County",3,42,128,68,60
050,27,071,"Minnesota","Koochiching County",3,43,126,72,54
050,27,071,"Minnesota","Koochiching County",3,44,120,61,59
050,27,071,"Minnesota","Koochiching County",3,45,110,54,56
050,27,071,"Minnesota","Koochiching County",3,46,113,56,57
050,27,071,"Minnesota","Koochiching County",3,47,119,56,63
050,27,071,"Minnesota","Koochiching County",3,48,119,57,62
050,27,071,"Minnesota","Koochiching County",3,49,141,68,73
050,27,071,"Minnesota","Koochiching County",3,50,156,78,78
050,27,071,"Minnesota","Koochiching County",3,51,143,70,73
050,27,071,"Minnesota","Koochiching County",3,52,136,69,67
050,27,071,"Minnesota","Koochiching County",3,53,148,78,70
050,27,071,"Minnesota","Koochiching County",3,54,170,95,75
050,27,071,"Minnesota","Koochiching County",3,55,178,97,81
050,27,071,"Minnesota","Koochiching County",3,56,177,88,89
050,27,071,"Minnesota","Koochiching County",3,57,190,93,97
050,27,071,"Minnesota","Koochiching County",3,58,190,98,92
050,27,071,"Minnesota","Koochiching County",3,59,213,113,100
050,27,071,"Minnesota","Koochiching County",3,60,206,108,98
050,27,071,"Minnesota","Koochiching County",3,61,199,101,98
050,27,071,"Minnesota","Koochiching County",3,62,211,109,102
050,27,071,"Minnesota","Koochiching County",3,63,227,112,115
050,27,071,"Minnesota","Koochiching County",3,64,241,121,120
050,27,071,"Minnesota","Koochiching County",3,65,229,118,111
050,27,071,"Minnesota","Koochiching County",3,66,220,124,96
050,27,071,"Minnesota","Koochiching County",3,67,210,113,97
050,27,071,"Minnesota","Koochiching County",3,68,220,117,103
050,27,071,"Minnesota","Koochiching County",3,69,214,114,100
050,27,071,"Minnesota","Koochiching County",3,70,199,95,104
050,27,071,"Minnesota","Koochiching County",3,71,188,98,90
050,27,071,"Minnesota","Koochiching County",3,72,167,88,79
050,27,071,"Minnesota","Koochiching County",3,73,171,87,84
050,27,071,"Minnesota","Koochiching County",3,74,173,86,87
050,27,071,"Minnesota","Koochiching County",3,75,108,51,57
050,27,071,"Minnesota","Koochiching County",3,76,106,52,54
050,27,071,"Minnesota","Koochiching County",3,77,107,50,57
050,27,071,"Minnesota","Koochiching County",3,78,116,56,60
050,27,071,"Minnesota","Koochiching County",3,79,93,47,46
050,27,071,"Minnesota","Koochiching County",3,80,92,46,46
050,27,071,"Minnesota","Koochiching County",3,81,80,38,42
050,27,071,"Minnesota","Koochiching County",3,82,77,38,39
050,27,071,"Minnesota","Koochiching County",3,83,76,35,41
050,27,071,"Minnesota","Koochiching County",3,84,64,28,36
050,27,071,"Minnesota","Koochiching County",3,85,379,157,222
050,27,071,"Minnesota","Koochiching County",4,0,102,49,53
050,27,071,"Minnesota","Koochiching County",4,1,87,43,44
050,27,071,"Minnesota","Koochiching County",4,2,113,56,57
050,27,071,"Minnesota","Koochiching County",4,3,97,60,37
050,27,071,"Minnesota","Koochiching County",4,4,105,59,46
050,27,071,"Minnesota","Koochiching County",4,5,98,49,49
050,27,071,"Minnesota","Koochiching County",4,6,104,55,49
050,27,071,"Minnesota","Koochiching County",4,7,114,56,58
050,27,071,"Minnesota","Koochiching County",4,8,121,60,61
050,27,071,"Minnesota","Koochiching County",4,9,106,50,56
050,27,071,"Minnesota","Koochiching County",4,10,114,54,60
050,27,071,"Minnesota","Koochiching County",4,11,120,63,57
050,27,071,"Minnesota","Koochiching County",4,12,124,62,62
050,27,071,"Minnesota","Koochiching County",4,13,139,72,67
050,27,071,"Minnesota","Koochiching County",4,14,146,70,76
050,27,071,"Minnesota","Koochiching County",4,15,132,62,70
050,27,071,"Minnesota","Koochiching County",4,16,141,71,70
050,27,071,"Minnesota","Koochiching County",4,17,130,69,61
050,27,071,"Minnesota","Koochiching County",4,18,141,65,76
050,27,071,"Minnesota","Koochiching County",4,19,117,61,56
050,27,071,"Minnesota","Koochiching County",4,20,108,60,48
050,27,071,"Minnesota","Koochiching County",4,21,116,62,54
050,27,071,"Minnesota","Koochiching County",4,22,103,54,49
050,27,071,"Minnesota","Koochiching County",4,23,109,47,62
050,27,071,"Minnesota","Koochiching County",4,24,94,57,37
050,27,071,"Minnesota","Koochiching County",4,25,88,45,43
050,27,071,"Minnesota","Koochiching County",4,26,92,50,42
050,27,071,"Minnesota","Koochiching County",4,27,103,51,52
050,27,071,"Minnesota","Koochiching County",4,28,118,65,53
050,27,071,"Minnesota","Koochiching County",4,29,119,58,61
050,27,071,"Minnesota","Koochiching County",4,30,124,59,65
050,27,071,"Minnesota","Koochiching County",4,31,127,69,58
050,27,071,"Minnesota","Koochiching County",4,32,108,56,52
050,27,071,"Minnesota","Koochiching County",4,33,124,66,58
050,27,071,"Minnesota","Koochiching County",4,34,115,61,54
050,27,071,"Minnesota","Koochiching County",4,35,115,63,52
050,27,071,"Minnesota","Koochiching County",4,36,118,62,56
050,27,071,"Minnesota","Koochiching County",4,37,110,59,51
050,27,071,"Minnesota","Koochiching County",4,38,116,57,59
050,27,071,"Minnesota","Koochiching County",4,39,126,66,60
050,27,071,"Minnesota","Koochiching County",4,40,130,68,62
050,27,071,"Minnesota","Koochiching County",4,41,127,61,66
050,27,071,"Minnesota","Koochiching County",4,42,122,58,64
050,27,071,"Minnesota","Koochiching County",4,43,123,63,60
050,27,071,"Minnesota","Koochiching County",4,44,128,72,56
050,27,071,"Minnesota","Koochiching County",4,45,131,66,65
050,27,071,"Minnesota","Koochiching County",4,46,109,54,55
050,27,071,"Minnesota","Koochiching County",4,47,108,53,55
050,27,071,"Minnesota","Koochiching County",4,48,122,60,62
050,27,071,"Minnesota","Koochiching County",4,49,119,56,63
050,27,071,"Minnesota","Koochiching County",4,50,147,74,73
050,27,071,"Minnesota","Koochiching County",4,51,158,84,74
050,27,071,"Minnesota","Koochiching County",4,52,141,64,77
050,27,071,"Minnesota","Koochiching County",4,53,137,67,70
050,27,071,"Minnesota","Koochiching County",4,54,144,78,66
050,27,071,"Minnesota","Koochiching County",4,55,164,93,71
050,27,071,"Minnesota","Koochiching County",4,56,178,95,83
050,27,071,"Minnesota","Koochiching County",4,57,178,92,86
050,27,071,"Minnesota","Koochiching County",4,58,190,95,95
050,27,071,"Minnesota","Koochiching County",4,59,196,98,98
050,27,071,"Minnesota","Koochiching County",4,60,207,109,98
050,27,071,"Minnesota","Koochiching County",4,61,208,109,99
050,27,071,"Minnesota","Koochiching County",4,62,201,103,98
050,27,071,"Minnesota","Koochiching County",4,63,210,105,105
050,27,071,"Minnesota","Koochiching County",4,64,227,111,116
050,27,071,"Minnesota","Koochiching County",4,65,235,118,117
050,27,071,"Minnesota","Koochiching County",4,66,228,116,112
050,27,071,"Minnesota","Koochiching County",4,67,222,124,98
050,27,071,"Minnesota","Koochiching County",4,68,211,115,96
050,27,071,"Minnesota","Koochiching County",4,69,211,109,102
050,27,071,"Minnesota","Koochiching County",4,70,208,111,97
050,27,071,"Minnesota","Koochiching County",4,71,198,96,102
050,27,071,"Minnesota","Koochiching County",4,72,182,95,87
050,27,071,"Minnesota","Koochiching County",4,73,166,88,78
050,27,071,"Minnesota","Koochiching County",4,74,170,83,87
050,27,071,"Minnesota","Koochiching County",4,75,170,85,85
050,27,071,"Minnesota","Koochiching County",4,76,104,50,54
050,27,071,"Minnesota","Koochiching County",4,77,98,48,50
050,27,071,"Minnesota","Koochiching County",4,78,100,44,56
050,27,071,"Minnesota","Koochiching County",4,79,111,54,57
050,27,071,"Minnesota","Koochiching County",4,80,86,42,44
050,27,071,"Minnesota","Koochiching County",4,81,86,44,42
050,27,071,"Minnesota","Koochiching County",4,82,69,32,37
050,27,071,"Minnesota","Koochiching County",4,83,70,32,38
050,27,071,"Minnesota","Koochiching County",4,84,66,33,33
050,27,071,"Minnesota","Koochiching County",4,85,368,155,213
050,27,071,"Minnesota","Koochiching County",5,0,100,48,52
050,27,071,"Minnesota","Koochiching County",5,1,100,50,50
050,27,071,"Minnesota","Koochiching County",5,2,85,42,43
050,27,071,"Minnesota","Koochiching County",5,3,110,56,54
050,27,071,"Minnesota","Koochiching County",5,4,101,65,36
050,27,071,"Minnesota","Koochiching County",5,5,107,59,48
050,27,071,"Minnesota","Koochiching County",5,6,96,47,49
050,27,071,"Minnesota","Koochiching County",5,7,104,55,49
050,27,071,"Minnesota","Koochiching County",5,8,116,54,62
050,27,071,"Minnesota","Koochiching County",5,9,121,60,61
050,27,071,"Minnesota","Koochiching County",5,10,106,48,58
050,27,071,"Minnesota","Koochiching County",5,11,111,51,60
050,27,071,"Minnesota","Koochiching County",5,12,114,59,55
050,27,071,"Minnesota","Koochiching County",5,13,121,60,61
050,27,071,"Minnesota","Koochiching County",5,14,140,72,68
050,27,071,"Minnesota","Koochiching County",5,15,147,73,74
050,27,071,"Minnesota","Koochiching County",5,16,129,59,70
050,27,071,"Minnesota","Koochiching County",5,17,137,68,69
050,27,071,"Minnesota","Koochiching County",5,18,125,65,60
050,27,071,"Minnesota","Koochiching County",5,19,120,57,63
050,27,071,"Minnesota","Koochiching County",5,20,102,60,42
050,27,071,"Minnesota","Koochiching County",5,21,105,58,47
050,27,071,"Minnesota","Koochiching County",5,22,123,64,59
050,27,071,"Minnesota","Koochiching County",5,23,114,62,52
050,27,071,"Minnesota","Koochiching County",5,24,115,54,61
050,27,071,"Minnesota","Koochiching County",5,25,96,57,39
050,27,071,"Minnesota","Koochiching County",5,26,89,46,43
050,27,071,"Minnesota","Koochiching County",5,27,95,49,46
050,27,071,"Minnesota","Koochiching County",5,28,103,53,50
050,27,071,"Minnesota","Koochiching County",5,29,116,65,51
050,27,071,"Minnesota","Koochiching County",5,30,117,58,59
050,27,071,"Minnesota","Koochiching County",5,31,126,59,67
050,27,071,"Minnesota","Koochiching County",5,32,133,75,58
050,27,071,"Minnesota","Koochiching County",5,33,113,59,54
050,27,071,"Minnesota","Koochiching County",5,34,130,71,59
050,27,071,"Minnesota","Koochiching County",5,35,109,60,49
050,27,071,"Minnesota","Koochiching County",5,36,116,66,50
050,27,071,"Minnesota","Koochiching County",5,37,115,60,55
050,27,071,"Minnesota","Koochiching County",5,38,118,61,57
050,27,071,"Minnesota","Koochiching County",5,39,125,62,63
050,27,071,"Minnesota","Koochiching County",5,40,125,66,59
050,27,071,"Minnesota","Koochiching County",5,41,132,68,64
050,27,071,"Minnesota","Koochiching County",5,42,122,62,60
050,27,071,"Minnesota","Koochiching County",5,43,123,58,65
050,27,071,"Minnesota","Koochiching County",5,44,119,60,59
050,27,071,"Minnesota","Koochiching County",5,45,125,70,55
050,27,071,"Minnesota","Koochiching County",5,46,132,67,65
050,27,071,"Minnesota","Koochiching County",5,47,109,52,57
050,27,071,"Minnesota","Koochiching County",5,48,107,55,52
050,27,071,"Minnesota","Koochiching County",5,49,118,58,60
050,27,071,"Minnesota","Koochiching County",5,50,127,61,66
050,27,071,"Minnesota","Koochiching County",5,51,140,73,67
050,27,071,"Minnesota","Koochiching County",5,52,161,83,78
050,27,071,"Minnesota","Koochiching County",5,53,144,64,80
050,27,071,"Minnesota","Koochiching County",5,54,138,67,71
050,27,071,"Minnesota","Koochiching County",5,55,140,76,64
050,27,071,"Minnesota","Koochiching County",5,56,172,96,76
050,27,071,"Minnesota","Koochiching County",5,57,186,101,85
050,27,071,"Minnesota","Koochiching County",5,58,180,92,88
050,27,071,"Minnesota","Koochiching County",5,59,188,92,96
050,27,071,"Minnesota","Koochiching County",5,60,191,95,96
050,27,071,"Minnesota","Koochiching County",5,61,211,112,99
050,27,071,"Minnesota","Koochiching County",5,62,207,111,96
050,27,071,"Minnesota","Koochiching County",5,63,200,104,96
050,27,071,"Minnesota","Koochiching County",5,64,209,103,106
050,27,071,"Minnesota","Koochiching County",5,65,213,99,114
050,27,071,"Minnesota","Koochiching County",5,66,233,116,117
050,27,071,"Minnesota","Koochiching County",5,67,229,113,116
050,27,071,"Minnesota","Koochiching County",5,68,219,122,97
050,27,071,"Minnesota","Koochiching County",5,69,206,111,95
050,27,071,"Minnesota","Koochiching County",5,70,201,103,98
050,27,071,"Minnesota","Koochiching County",5,71,202,106,96
050,27,071,"Minnesota","Koochiching County",5,72,191,92,99
050,27,071,"Minnesota","Koochiching County",5,73,177,94,83
050,27,071,"Minnesota","Koochiching County",5,74,158,85,73
050,27,071,"Minnesota","Koochiching County",5,75,165,80,85
050,27,071,"Minnesota","Koochiching County",5,76,162,81,81
050,27,071,"Minnesota","Koochiching County",5,77,96,47,49
050,27,071,"Minnesota","Koochiching County",5,78,96,44,52
050,27,071,"Minnesota","Koochiching County",5,79,98,42,56
050,27,071,"Minnesota","Koochiching County",5,80,103,48,55
050,27,071,"Minnesota","Koochiching County",5,81,80,41,39
050,27,071,"Minnesota","Koochiching County",5,82,75,41,34
050,27,071,"Minnesota","Koochiching County",5,83,64,28,36
050,27,071,"Minnesota","Koochiching County",5,84,61,29,32
050,27,071,"Minnesota","Koochiching County",5,85,366,158,208
050,27,073,"Minnesota","Lac qui Parle County",1,0,69,35,34
050,27,073,"Minnesota","Lac qui Parle County",1,1,70,37,33
050,27,073,"Minnesota","Lac qui Parle County",1,2,69,36,33
050,27,073,"Minnesota","Lac qui Parle County",1,3,60,34,26
050,27,073,"Minnesota","Lac qui Parle County",1,4,63,34,29
050,27,073,"Minnesota","Lac qui Parle County",1,5,68,35,33
050,27,073,"Minnesota","Lac qui Parle County",1,6,73,41,32
050,27,073,"Minnesota","Lac qui Parle County",1,7,71,36,35
050,27,073,"Minnesota","Lac qui Parle County",1,8,83,49,34
050,27,073,"Minnesota","Lac qui Parle County",1,9,83,55,28
050,27,073,"Minnesota","Lac qui Parle County",1,10,91,52,39
050,27,073,"Minnesota","Lac qui Parle County",1,11,83,41,42
050,27,073,"Minnesota","Lac qui Parle County",1,12,101,51,50
050,27,073,"Minnesota","Lac qui Parle County",1,13,93,47,46
050,27,073,"Minnesota","Lac qui Parle County",1,14,84,43,41
050,27,073,"Minnesota","Lac qui Parle County",1,15,88,42,46
050,27,073,"Minnesota","Lac qui Parle County",1,16,86,44,42
050,27,073,"Minnesota","Lac qui Parle County",1,17,88,45,43
050,27,073,"Minnesota","Lac qui Parle County",1,18,74,37,37
050,27,073,"Minnesota","Lac qui Parle County",1,19,58,28,30
050,27,073,"Minnesota","Lac qui Parle County",1,20,54,29,25
050,27,073,"Minnesota","Lac qui Parle County",1,21,48,29,19
050,27,073,"Minnesota","Lac qui Parle County",1,22,63,36,27
050,27,073,"Minnesota","Lac qui Parle County",1,23,59,28,31
050,27,073,"Minnesota","Lac qui Parle County",1,24,54,25,29
050,27,073,"Minnesota","Lac qui Parle County",1,25,67,29,38
050,27,073,"Minnesota","Lac qui Parle County",1,26,61,34,27
050,27,073,"Minnesota","Lac qui Parle County",1,27,66,33,33
050,27,073,"Minnesota","Lac qui Parle County",1,28,60,26,34
050,27,073,"Minnesota","Lac qui Parle County",1,29,52,32,20
050,27,073,"Minnesota","Lac qui Parle County",1,30,43,23,20
050,27,073,"Minnesota","Lac qui Parle County",1,31,54,29,25
050,27,073,"Minnesota","Lac qui Parle County",1,32,48,26,22
050,27,073,"Minnesota","Lac qui Parle County",1,33,46,22,24
050,27,073,"Minnesota","Lac qui Parle County",1,34,63,32,31
050,27,073,"Minnesota","Lac qui Parle County",1,35,71,39,32
050,27,073,"Minnesota","Lac qui Parle County",1,36,72,35,37
050,27,073,"Minnesota","Lac qui Parle County",1,37,81,41,40
050,27,073,"Minnesota","Lac qui Parle County",1,38,80,42,38
050,27,073,"Minnesota","Lac qui Parle County",1,39,83,40,43
050,27,073,"Minnesota","Lac qui Parle County",1,40,72,36,36
050,27,073,"Minnesota","Lac qui Parle County",1,41,68,29,39
050,27,073,"Minnesota","Lac qui Parle County",1,42,60,27,33
050,27,073,"Minnesota","Lac qui Parle County",1,43,67,41,26
050,27,073,"Minnesota","Lac qui Parle County",1,44,64,31,33
050,27,073,"Minnesota","Lac qui Parle County",1,45,70,39,31
050,27,073,"Minnesota","Lac qui Parle County",1,46,60,32,28
050,27,073,"Minnesota","Lac qui Parle County",1,47,72,39,33
050,27,073,"Minnesota","Lac qui Parle County",1,48,71,34,37
050,27,073,"Minnesota","Lac qui Parle County",1,49,61,31,30
050,27,073,"Minnesota","Lac qui Parle County",1,50,63,34,29
050,27,073,"Minnesota","Lac qui Parle County",1,51,75,41,34
050,27,073,"Minnesota","Lac qui Parle County",1,52,76,44,32
050,27,073,"Minnesota","Lac qui Parle County",1,53,70,39,31
050,27,073,"Minnesota","Lac qui Parle County",1,54,79,41,38
050,27,073,"Minnesota","Lac qui Parle County",1,55,84,49,35
050,27,073,"Minnesota","Lac qui Parle County",1,56,90,46,44
050,27,073,"Minnesota","Lac qui Parle County",1,57,108,51,57
050,27,073,"Minnesota","Lac qui Parle County",1,58,104,51,53
050,27,073,"Minnesota","Lac qui Parle County",1,59,121,64,57
050,27,073,"Minnesota","Lac qui Parle County",1,60,119,64,55
050,27,073,"Minnesota","Lac qui Parle County",1,61,110,56,54
050,27,073,"Minnesota","Lac qui Parle County",1,62,120,64,56
050,27,073,"Minnesota","Lac qui Parle County",1,63,115,62,53
050,27,073,"Minnesota","Lac qui Parle County",1,64,116,67,49
050,27,073,"Minnesota","Lac qui Parle County",1,65,111,59,52
050,27,073,"Minnesota","Lac qui Parle County",1,66,102,56,46
050,27,073,"Minnesota","Lac qui Parle County",1,67,113,61,52
050,27,073,"Minnesota","Lac qui Parle County",1,68,113,53,60
050,27,073,"Minnesota","Lac qui Parle County",1,69,99,49,50
050,27,073,"Minnesota","Lac qui Parle County",1,70,91,46,45
050,27,073,"Minnesota","Lac qui Parle County",1,71,78,36,42
050,27,073,"Minnesota","Lac qui Parle County",1,72,83,42,41
050,27,073,"Minnesota","Lac qui Parle County",1,73,86,47,39
050,27,073,"Minnesota","Lac qui Parle County",1,74,60,31,29
050,27,073,"Minnesota","Lac qui Parle County",1,75,65,31,34
050,27,073,"Minnesota","Lac qui Parle County",1,76,61,33,28
050,27,073,"Minnesota","Lac qui Parle County",1,77,57,26,31
050,27,073,"Minnesota","Lac qui Parle County",1,78,62,23,39
050,27,073,"Minnesota","Lac qui Parle County",1,79,60,28,32
050,27,073,"Minnesota","Lac qui Parle County",1,80,54,29,25
050,27,073,"Minnesota","Lac qui Parle County",1,81,56,29,27
050,27,073,"Minnesota","Lac qui Parle County",1,82,49,24,25
050,27,073,"Minnesota","Lac qui Parle County",1,83,47,19,28
050,27,073,"Minnesota","Lac qui Parle County",1,84,36,18,18
050,27,073,"Minnesota","Lac qui Parle County",1,85,341,127,214
050,27,073,"Minnesota","Lac qui Parle County",2,0,73,39,34
050,27,073,"Minnesota","Lac qui Parle County",2,1,69,36,33
050,27,073,"Minnesota","Lac qui Parle County",2,2,70,37,33
050,27,073,"Minnesota","Lac qui Parle County",2,3,61,34,27
050,27,073,"Minnesota","Lac qui Parle County",2,4,63,34,29
050,27,073,"Minnesota","Lac qui Parle County",2,5,66,34,32
050,27,073,"Minnesota","Lac qui Parle County",2,6,71,40,31
050,27,073,"Minnesota","Lac qui Parle County",2,7,72,37,35
050,27,073,"Minnesota","Lac qui Parle County",2,8,80,46,34
050,27,073,"Minnesota","Lac qui Parle County",2,9,83,52,31
050,27,073,"Minnesota","Lac qui Parle County",2,10,88,52,36
050,27,073,"Minnesota","Lac qui Parle County",2,11,86,44,42
050,27,073,"Minnesota","Lac qui Parle County",2,12,98,50,48
050,27,073,"Minnesota","Lac qui Parle County",2,13,94,48,46
050,27,073,"Minnesota","Lac qui Parle County",2,14,86,44,42
050,27,073,"Minnesota","Lac qui Parle County",2,15,85,42,43
050,27,073,"Minnesota","Lac qui Parle County",2,16,86,43,43
050,27,073,"Minnesota","Lac qui Parle County",2,17,86,44,42
050,27,073,"Minnesota","Lac qui Parle County",2,18,74,38,36
050,27,073,"Minnesota","Lac qui Parle County",2,19,58,28,30
050,27,073,"Minnesota","Lac qui Parle County",2,20,56,29,27
050,27,073,"Minnesota","Lac qui Parle County",2,21,50,29,21
050,27,073,"Minnesota","Lac qui Parle County",2,22,60,34,26
050,27,073,"Minnesota","Lac qui Parle County",2,23,59,31,28
050,27,073,"Minnesota","Lac qui Parle County",2,24,56,26,30
050,27,073,"Minnesota","Lac qui Parle County",2,25,63,28,35
050,27,073,"Minnesota","Lac qui Parle County",2,26,63,33,30
050,27,073,"Minnesota","Lac qui Parle County",2,27,65,33,32
050,27,073,"Minnesota","Lac qui Parle County",2,28,62,29,33
050,27,073,"Minnesota","Lac qui Parle County",2,29,53,31,22
050,27,073,"Minnesota","Lac qui Parle County",2,30,46,26,20
050,27,073,"Minnesota","Lac qui Parle County",2,31,52,28,24
050,27,073,"Minnesota","Lac qui Parle County",2,32,49,27,22
050,27,073,"Minnesota","Lac qui Parle County",2,33,48,23,25
050,27,073,"Minnesota","Lac qui Parle County",2,34,59,30,29
050,27,073,"Minnesota","Lac qui Parle County",2,35,70,38,32
050,27,073,"Minnesota","Lac qui Parle County",2,36,73,37,36
050,27,073,"Minnesota","Lac qui Parle County",2,37,79,40,39
050,27,073,"Minnesota","Lac qui Parle County",2,38,80,41,39
050,27,073,"Minnesota","Lac qui Parle County",2,39,84,41,43
050,27,073,"Minnesota","Lac qui Parle County",2,40,76,38,38
050,27,073,"Minnesota","Lac qui Parle County",2,41,68,30,38
050,27,073,"Minnesota","Lac qui Parle County",2,42,61,28,33
050,27,073,"Minnesota","Lac qui Parle County",2,43,67,38,29
050,27,073,"Minnesota","Lac qui Parle County",2,44,62,33,29
050,27,073,"Minnesota","Lac qui Parle County",2,45,69,37,32
050,27,073,"Minnesota","Lac qui Parle County",2,46,62,34,28
050,27,073,"Minnesota","Lac qui Parle County",2,47,69,37,32
050,27,073,"Minnesota","Lac qui Parle County",2,48,69,34,35
050,27,073,"Minnesota","Lac qui Parle County",2,49,63,32,31
050,27,073,"Minnesota","Lac qui Parle County",2,50,62,33,29
050,27,073,"Minnesota","Lac qui Parle County",2,51,71,39,32
050,27,073,"Minnesota","Lac qui Parle County",2,52,75,43,32
050,27,073,"Minnesota","Lac qui Parle County",2,53,71,40,31
050,27,073,"Minnesota","Lac qui Parle County",2,54,76,40,36
050,27,073,"Minnesota","Lac qui Parle County",2,55,83,47,36
050,27,073,"Minnesota","Lac qui Parle County",2,56,89,47,42
050,27,073,"Minnesota","Lac qui Parle County",2,57,102,48,54
050,27,073,"Minnesota","Lac qui Parle County",2,58,104,51,53
050,27,073,"Minnesota","Lac qui Parle County",2,59,118,62,56
050,27,073,"Minnesota","Lac qui Parle County",2,60,117,63,54
050,27,073,"Minnesota","Lac qui Parle County",2,61,112,58,54
050,27,073,"Minnesota","Lac qui Parle County",2,62,117,61,56
050,27,073,"Minnesota","Lac qui Parle County",2,63,117,63,54
050,27,073,"Minnesota","Lac qui Parle County",2,64,115,66,49
050,27,073,"Minnesota","Lac qui Parle County",2,65,112,61,51
050,27,073,"Minnesota","Lac qui Parle County",2,66,105,57,48
050,27,073,"Minnesota","Lac qui Parle County",2,67,111,60,51
050,27,073,"Minnesota","Lac qui Parle County",2,68,112,55,57
050,27,073,"Minnesota","Lac qui Parle County",2,69,102,49,53
050,27,073,"Minnesota","Lac qui Parle County",2,70,91,47,44
050,27,073,"Minnesota","Lac qui Parle County",2,71,81,38,43
050,27,073,"Minnesota","Lac qui Parle County",2,72,81,40,41
050,27,073,"Minnesota","Lac qui Parle County",2,73,89,47,42
050,27,073,"Minnesota","Lac qui Parle County",2,74,62,32,30
050,27,073,"Minnesota","Lac qui Parle County",2,75,65,32,33
050,27,073,"Minnesota","Lac qui Parle County",2,76,60,31,29
050,27,073,"Minnesota","Lac qui Parle County",2,77,58,28,30
050,27,073,"Minnesota","Lac qui Parle County",2,78,59,23,36
050,27,073,"Minnesota","Lac qui Parle County",2,79,60,27,33
050,27,073,"Minnesota","Lac qui Parle County",2,80,55,29,26
050,27,073,"Minnesota","Lac qui Parle County",2,81,51,26,25
050,27,073,"Minnesota","Lac qui Parle County",2,82,50,25,25
050,27,073,"Minnesota","Lac qui Parle County",2,83,48,20,28
050,27,073,"Minnesota","Lac qui Parle County",2,84,38,18,20
050,27,073,"Minnesota","Lac qui Parle County",2,85,338,127,211
050,27,073,"Minnesota","Lac qui Parle County",3,0,73,40,33
050,27,073,"Minnesota","Lac qui Parle County",3,1,80,44,36
050,27,073,"Minnesota","Lac qui Parle County",3,2,72,37,35
050,27,073,"Minnesota","Lac qui Parle County",3,3,78,43,35
050,27,073,"Minnesota","Lac qui Parle County",3,4,67,36,31
050,27,073,"Minnesota","Lac qui Parle County",3,5,64,34,30
050,27,073,"Minnesota","Lac qui Parle County",3,6,74,37,37
050,27,073,"Minnesota","Lac qui Parle County",3,7,69,40,29
050,27,073,"Minnesota","Lac qui Parle County",3,8,80,41,39
050,27,073,"Minnesota","Lac qui Parle County",3,9,85,50,35
050,27,073,"Minnesota","Lac qui Parle County",3,10,85,52,33
050,27,073,"Minnesota","Lac qui Parle County",3,11,86,55,31
050,27,073,"Minnesota","Lac qui Parle County",3,12,90,45,45
050,27,073,"Minnesota","Lac qui Parle County",3,13,100,52,48
050,27,073,"Minnesota","Lac qui Parle County",3,14,93,47,46
050,27,073,"Minnesota","Lac qui Parle County",3,15,86,44,42
050,27,073,"Minnesota","Lac qui Parle County",3,16,85,45,40
050,27,073,"Minnesota","Lac qui Parle County",3,17,79,38,41
050,27,073,"Minnesota","Lac qui Parle County",3,18,76,36,40
050,27,073,"Minnesota","Lac qui Parle County",3,19,60,30,30
050,27,073,"Minnesota","Lac qui Parle County",3,20,55,27,28
050,27,073,"Minnesota","Lac qui Parle County",3,21,54,27,27
050,27,073,"Minnesota","Lac qui Parle County",3,22,53,31,22
050,27,073,"Minnesota","Lac qui Parle County",3,23,65,36,29
050,27,073,"Minnesota","Lac qui Parle County",3,24,67,35,32
050,27,073,"Minnesota","Lac qui Parle County",3,25,62,29,33
050,27,073,"Minnesota","Lac qui Parle County",3,26,66,30,36
050,27,073,"Minnesota","Lac qui Parle County",3,27,64,39,25
050,27,073,"Minnesota","Lac qui Parle County",3,28,62,33,29
050,27,073,"Minnesota","Lac qui Parle County",3,29,62,31,31
050,27,073,"Minnesota","Lac qui Parle County",3,30,54,28,26
050,27,073,"Minnesota","Lac qui Parle County",3,31,53,28,25
050,27,073,"Minnesota","Lac qui Parle County",3,32,57,31,26
050,27,073,"Minnesota","Lac qui Parle County",3,33,47,26,21
050,27,073,"Minnesota","Lac qui Parle County",3,34,51,24,27
050,27,073,"Minnesota","Lac qui Parle County",3,35,60,30,30
050,27,073,"Minnesota","Lac qui Parle County",3,36,72,38,34
050,27,073,"Minnesota","Lac qui Parle County",3,37,74,38,36
050,27,073,"Minnesota","Lac qui Parle County",3,38,79,42,37
050,27,073,"Minnesota","Lac qui Parle County",3,39,75,39,36
050,27,073,"Minnesota","Lac qui Parle County",3,40,84,41,43
050,27,073,"Minnesota","Lac qui Parle County",3,41,79,38,41
050,27,073,"Minnesota","Lac qui Parle County",3,42,67,29,38
050,27,073,"Minnesota","Lac qui Parle County",3,43,63,30,33
050,27,073,"Minnesota","Lac qui Parle County",3,44,63,37,26
050,27,073,"Minnesota","Lac qui Parle County",3,45,63,33,30
050,27,073,"Minnesota","Lac qui Parle County",3,46,72,39,33
050,27,073,"Minnesota","Lac qui Parle County",3,47,61,36,25
050,27,073,"Minnesota","Lac qui Parle County",3,48,63,36,27
050,27,073,"Minnesota","Lac qui Parle County",3,49,69,34,35
050,27,073,"Minnesota","Lac qui Parle County",3,50,65,33,32
050,27,073,"Minnesota","Lac qui Parle County",3,51,64,34,30
050,27,073,"Minnesota","Lac qui Parle County",3,52,73,40,33
050,27,073,"Minnesota","Lac qui Parle County",3,53,77,44,33
050,27,073,"Minnesota","Lac qui Parle County",3,54,67,38,29
050,27,073,"Minnesota","Lac qui Parle County",3,55,77,41,36
050,27,073,"Minnesota","Lac qui Parle County",3,56,81,47,34
050,27,073,"Minnesota","Lac qui Parle County",3,57,92,47,45
050,27,073,"Minnesota","Lac qui Parle County",3,58,95,46,49
050,27,073,"Minnesota","Lac qui Parle County",3,59,104,52,52
050,27,073,"Minnesota","Lac qui Parle County",3,60,112,56,56
050,27,073,"Minnesota","Lac qui Parle County",3,61,111,59,52
050,27,073,"Minnesota","Lac qui Parle County",3,62,114,57,57
050,27,073,"Minnesota","Lac qui Parle County",3,63,116,61,55
050,27,073,"Minnesota","Lac qui Parle County",3,64,115,61,54
050,27,073,"Minnesota","Lac qui Parle County",3,65,111,66,45
050,27,073,"Minnesota","Lac qui Parle County",3,66,112,62,50
050,27,073,"Minnesota","Lac qui Parle County",3,67,103,55,48
050,27,073,"Minnesota","Lac qui Parle County",3,68,111,60,51
050,27,073,"Minnesota","Lac qui Parle County",3,69,109,54,55
050,27,073,"Minnesota","Lac qui Parle County",3,70,97,47,50
050,27,073,"Minnesota","Lac qui Parle County",3,71,87,45,42
050,27,073,"Minnesota","Lac qui Parle County",3,72,83,39,44
050,27,073,"Minnesota","Lac qui Parle County",3,73,77,38,39
050,27,073,"Minnesota","Lac qui Parle County",3,74,84,42,42
050,27,073,"Minnesota","Lac qui Parle County",3,75,58,31,27
050,27,073,"Minnesota","Lac qui Parle County",3,76,60,28,32
050,27,073,"Minnesota","Lac qui Parle County",3,77,59,32,27
050,27,073,"Minnesota","Lac qui Parle County",3,78,56,28,28
050,27,073,"Minnesota","Lac qui Parle County",3,79,58,23,35
050,27,073,"Minnesota","Lac qui Parle County",3,80,56,26,30
050,27,073,"Minnesota","Lac qui Parle County",3,81,57,28,29
050,27,073,"Minnesota","Lac qui Parle County",3,82,51,27,24
050,27,073,"Minnesota","Lac qui Parle County",3,83,49,22,27
050,27,073,"Minnesota","Lac qui Parle County",3,84,43,19,24
050,27,073,"Minnesota","Lac qui Parle County",3,85,318,120,198
050,27,073,"Minnesota","Lac qui Parle County",4,0,66,28,38
050,27,073,"Minnesota","Lac qui Parle County",4,1,78,42,36
050,27,073,"Minnesota","Lac qui Parle County",4,2,81,44,37
050,27,073,"Minnesota","Lac qui Parle County",4,3,76,43,33
050,27,073,"Minnesota","Lac qui Parle County",4,4,75,41,34
050,27,073,"Minnesota","Lac qui Parle County",4,5,65,33,32
050,27,073,"Minnesota","Lac qui Parle County",4,6,68,34,34
050,27,073,"Minnesota","Lac qui Parle County",4,7,71,36,35
050,27,073,"Minnesota","Lac qui Parle County",4,8,68,38,30
050,27,073,"Minnesota","Lac qui Parle County",4,9,79,41,38
050,27,073,"Minnesota","Lac qui Parle County",4,10,85,46,39
050,27,073,"Minnesota","Lac qui Parle County",4,11,86,53,33
050,27,073,"Minnesota","Lac qui Parle County",4,12,89,56,33
050,27,073,"Minnesota","Lac qui Parle County",4,13,86,44,42
050,27,073,"Minnesota","Lac qui Parle County",4,14,96,48,48
050,27,073,"Minnesota","Lac qui Parle County",4,15,94,47,47
050,27,073,"Minnesota","Lac qui Parle County",4,16,86,45,41
050,27,073,"Minnesota","Lac qui Parle County",4,17,82,45,37
050,27,073,"Minnesota","Lac qui Parle County",4,18,64,36,28
050,27,073,"Minnesota","Lac qui Parle County",4,19,56,28,28
050,27,073,"Minnesota","Lac qui Parle County",4,20,66,35,31
050,27,073,"Minnesota","Lac qui Parle County",4,21,59,25,34
050,27,073,"Minnesota","Lac qui Parle County",4,22,59,26,33
050,27,073,"Minnesota","Lac qui Parle County",4,23,56,33,23
050,27,073,"Minnesota","Lac qui Parle County",4,24,65,35,30
050,27,073,"Minnesota","Lac qui Parle County",4,25,62,36,26
050,27,073,"Minnesota","Lac qui Parle County",4,26,60,29,31
050,27,073,"Minnesota","Lac qui Parle County",4,27,67,30,37
050,27,073,"Minnesota","Lac qui Parle County",4,28,69,43,26
050,27,073,"Minnesota","Lac qui Parle County",4,29,67,36,31
050,27,073,"Minnesota","Lac qui Parle County",4,30,64,27,37
050,27,073,"Minnesota","Lac qui Parle County",4,31,57,30,27
050,27,073,"Minnesota","Lac qui Parle County",4,32,52,27,25
050,27,073,"Minnesota","Lac qui Parle County",4,33,59,31,28
050,27,073,"Minnesota","Lac qui Parle County",4,34,48,27,21
050,27,073,"Minnesota","Lac qui Parle County",4,35,56,28,28
050,27,073,"Minnesota","Lac qui Parle County",4,36,58,29,29
050,27,073,"Minnesota","Lac qui Parle County",4,37,71,38,33
050,27,073,"Minnesota","Lac qui Parle County",4,38,74,39,35
050,27,073,"Minnesota","Lac qui Parle County",4,39,76,41,35
050,27,073,"Minnesota","Lac qui Parle County",4,40,76,41,35
050,27,073,"Minnesota","Lac qui Parle County",4,41,85,41,44
050,27,073,"Minnesota","Lac qui Parle County",4,42,79,36,43
050,27,073,"Minnesota","Lac qui Parle County",4,43,70,32,38
050,27,073,"Minnesota","Lac qui Parle County",4,44,63,31,32
050,27,073,"Minnesota","Lac qui Parle County",4,45,65,38,27
050,27,073,"Minnesota","Lac qui Parle County",4,46,63,33,30
050,27,073,"Minnesota","Lac qui Parle County",4,47,69,38,31
050,27,073,"Minnesota","Lac qui Parle County",4,48,63,37,26
050,27,073,"Minnesota","Lac qui Parle County",4,49,64,36,28
050,27,073,"Minnesota","Lac qui Parle County",4,50,68,33,35
050,27,073,"Minnesota","Lac qui Parle County",4,51,70,37,33
050,27,073,"Minnesota","Lac qui Parle County",4,52,65,34,31
050,27,073,"Minnesota","Lac qui Parle County",4,53,74,40,34
050,27,073,"Minnesota","Lac qui Parle County",4,54,77,44,33
050,27,073,"Minnesota","Lac qui Parle County",4,55,70,41,29
050,27,073,"Minnesota","Lac qui Parle County",4,56,77,41,36
050,27,073,"Minnesota","Lac qui Parle County",4,57,82,47,35
050,27,073,"Minnesota","Lac qui Parle County",4,58,92,46,46
050,27,073,"Minnesota","Lac qui Parle County",4,59,96,48,48
050,27,073,"Minnesota","Lac qui Parle County",4,60,101,49,52
050,27,073,"Minnesota","Lac qui Parle County",4,61,110,54,56
050,27,073,"Minnesota","Lac qui Parle County",4,62,108,56,52
050,27,073,"Minnesota","Lac qui Parle County",4,63,113,55,58
050,27,073,"Minnesota","Lac qui Parle County",4,64,111,59,52
050,27,073,"Minnesota","Lac qui Parle County",4,65,119,62,57
050,27,073,"Minnesota","Lac qui Parle County",4,66,106,60,46
050,27,073,"Minnesota","Lac qui Parle County",4,67,108,59,49
050,27,073,"Minnesota","Lac qui Parle County",4,68,100,54,46
050,27,073,"Minnesota","Lac qui Parle County",4,69,107,56,51
050,27,073,"Minnesota","Lac qui Parle County",4,70,104,52,52
050,27,073,"Minnesota","Lac qui Parle County",4,71,96,44,52
050,27,073,"Minnesota","Lac qui Parle County",4,72,83,45,38
050,27,073,"Minnesota","Lac qui Parle County",4,73,76,35,41
050,27,073,"Minnesota","Lac qui Parle County",4,74,77,37,40
050,27,073,"Minnesota","Lac qui Parle County",4,75,83,42,41
050,27,073,"Minnesota","Lac qui Parle County",4,76,57,29,28
050,27,073,"Minnesota","Lac qui Parle County",4,77,58,28,30
050,27,073,"Minnesota","Lac qui Parle County",4,78,57,31,26
050,27,073,"Minnesota","Lac qui Parle County",4,79,57,30,27
050,27,073,"Minnesota","Lac qui Parle County",4,80,52,22,30
050,27,073,"Minnesota","Lac qui Parle County",4,81,57,25,32
050,27,073,"Minnesota","Lac qui Parle County",4,82,52,27,25
050,27,073,"Minnesota","Lac qui Parle County",4,83,48,23,25
050,27,073,"Minnesota","Lac qui Parle County",4,84,38,18,20
050,27,073,"Minnesota","Lac qui Parle County",4,85,314,121,193
050,27,073,"Minnesota","Lac qui Parle County",5,0,58,25,33
050,27,073,"Minnesota","Lac qui Parle County",5,1,77,35,42
050,27,073,"Minnesota","Lac qui Parle County",5,2,81,42,39
050,27,073,"Minnesota","Lac qui Parle County",5,3,81,46,35
050,27,073,"Minnesota","Lac qui Parle County",5,4,79,44,35
050,27,073,"Minnesota","Lac qui Parle County",5,5,81,44,37
050,27,073,"Minnesota","Lac qui Parle County",5,6,69,33,36
050,27,073,"Minnesota","Lac qui Parle County",5,7,72,36,36
050,27,073,"Minnesota","Lac qui Parle County",5,8,75,36,39
050,27,073,"Minnesota","Lac qui Parle County",5,9,69,38,31
050,27,073,"Minnesota","Lac qui Parle County",5,10,79,44,35
050,27,073,"Minnesota","Lac qui Parle County",5,11,77,41,36
050,27,073,"Minnesota","Lac qui Parle County",5,12,83,51,32
050,27,073,"Minnesota","Lac qui Parle County",5,13,90,56,34
050,27,073,"Minnesota","Lac qui Parle County",5,14,89,45,44
050,27,073,"Minnesota","Lac qui Parle County",5,15,99,52,47
050,27,073,"Minnesota","Lac qui Parle County",5,16,90,44,46
050,27,073,"Minnesota","Lac qui Parle County",5,17,89,45,44
050,27,073,"Minnesota","Lac qui Parle County",5,18,69,39,30
050,27,073,"Minnesota","Lac qui Parle County",5,19,51,31,20
050,27,073,"Minnesota","Lac qui Parle County",5,20,64,32,32
050,27,073,"Minnesota","Lac qui Parle County",5,21,67,37,30
050,27,073,"Minnesota","Lac qui Parle County",5,22,62,29,33
050,27,073,"Minnesota","Lac qui Parle County",5,23,64,31,33
050,27,073,"Minnesota","Lac qui Parle County",5,24,62,38,24
050,27,073,"Minnesota","Lac qui Parle County",5,25,55,26,29
050,27,073,"Minnesota","Lac qui Parle County",5,26,59,34,25
050,27,073,"Minnesota","Lac qui Parle County",5,27,62,30,32
050,27,073,"Minnesota","Lac qui Parle County",5,28,64,27,37
050,27,073,"Minnesota","Lac qui Parle County",5,29,65,39,26
050,27,073,"Minnesota","Lac qui Parle County",5,30,64,33,31
050,27,073,"Minnesota","Lac qui Parle County",5,31,64,29,35
050,27,073,"Minnesota","Lac qui Parle County",5,32,60,32,28
050,27,073,"Minnesota","Lac qui Parle County",5,33,56,27,29
050,27,073,"Minnesota","Lac qui Parle County",5,34,61,31,30
050,27,073,"Minnesota","Lac qui Parle County",5,35,53,28,25
050,27,073,"Minnesota","Lac qui Parle County",5,36,56,28,28
050,27,073,"Minnesota","Lac qui Parle County",5,37,60,30,30
050,27,073,"Minnesota","Lac qui Parle County",5,38,83,49,34
050,27,073,"Minnesota","Lac qui Parle County",5,39,75,41,34
050,27,073,"Minnesota","Lac qui Parle County",5,40,75,40,35
050,27,073,"Minnesota","Lac qui Parle County",5,41,70,39,31
050,27,073,"Minnesota","Lac qui Parle County",5,42,85,40,45
050,27,073,"Minnesota","Lac qui Parle County",5,43,81,38,43
050,27,073,"Minnesota","Lac qui Parle County",5,44,69,33,36
050,27,073,"Minnesota","Lac qui Parle County",5,45,64,32,32
050,27,073,"Minnesota","Lac qui Parle County",5,46,66,38,28
050,27,073,"Minnesota","Lac qui Parle County",5,47,63,36,27
050,27,073,"Minnesota","Lac qui Parle County",5,48,66,38,28
050,27,073,"Minnesota","Lac qui Parle County",5,49,62,35,27
050,27,073,"Minnesota","Lac qui Parle County",5,50,65,36,29
050,27,073,"Minnesota","Lac qui Parle County",5,51,67,34,33
050,27,073,"Minnesota","Lac qui Parle County",5,52,69,36,33
050,27,073,"Minnesota","Lac qui Parle County",5,53,62,34,28
050,27,073,"Minnesota","Lac qui Parle County",5,54,74,42,32
050,27,073,"Minnesota","Lac qui Parle County",5,55,75,44,31
050,27,073,"Minnesota","Lac qui Parle County",5,56,68,39,29
050,27,073,"Minnesota","Lac qui Parle County",5,57,81,41,40
050,27,073,"Minnesota","Lac qui Parle County",5,58,83,48,35
050,27,073,"Minnesota","Lac qui Parle County",5,59,90,47,43
050,27,073,"Minnesota","Lac qui Parle County",5,60,89,41,48
050,27,073,"Minnesota","Lac qui Parle County",5,61,101,48,53
050,27,073,"Minnesota","Lac qui Parle County",5,62,105,49,56
050,27,073,"Minnesota","Lac qui Parle County",5,63,106,57,49
050,27,073,"Minnesota","Lac qui Parle County",5,64,112,53,59
050,27,073,"Minnesota","Lac qui Parle County",5,65,110,58,52
050,27,073,"Minnesota","Lac qui Parle County",5,66,118,60,58
050,27,073,"Minnesota","Lac qui Parle County",5,67,104,57,47
050,27,073,"Minnesota","Lac qui Parle County",5,68,106,59,47
050,27,073,"Minnesota","Lac qui Parle County",5,69,96,52,44
050,27,073,"Minnesota","Lac qui Parle County",5,70,102,55,47
050,27,073,"Minnesota","Lac qui Parle County",5,71,98,49,49
050,27,073,"Minnesota","Lac qui Parle County",5,72,92,45,47
050,27,073,"Minnesota","Lac qui Parle County",5,73,81,43,38
050,27,073,"Minnesota","Lac qui Parle County",5,74,73,33,40
050,27,073,"Minnesota","Lac qui Parle County",5,75,76,36,40
050,27,073,"Minnesota","Lac qui Parle County",5,76,82,41,41
050,27,073,"Minnesota","Lac qui Parle County",5,77,54,27,27
050,27,073,"Minnesota","Lac qui Parle County",5,78,57,27,30
050,27,073,"Minnesota","Lac qui Parle County",5,79,56,31,25
050,27,073,"Minnesota","Lac qui Parle County",5,80,50,27,23
050,27,073,"Minnesota","Lac qui Parle County",5,81,54,22,32
050,27,073,"Minnesota","Lac qui Parle County",5,82,53,24,29
050,27,073,"Minnesota","Lac qui Parle County",5,83,54,26,28
050,27,073,"Minnesota","Lac qui Parle County",5,84,41,21,20
050,27,073,"Minnesota","Lac qui Parle County",5,85,311,122,189
050,27,075,"Minnesota","Lake County",1,0,97,51,46
050,27,075,"Minnesota","Lake County",1,1,98,52,46
050,27,075,"Minnesota","Lake County",1,2,112,63,49
050,27,075,"Minnesota","Lake County",1,3,112,68,44
050,27,075,"Minnesota","Lake County",1,4,96,56,40
050,27,075,"Minnesota","Lake County",1,5,106,56,50
050,27,075,"Minnesota","Lake County",1,6,116,60,56
050,27,075,"Minnesota","Lake County",1,7,124,62,62
050,27,075,"Minnesota","Lake County",1,8,118,69,49
050,27,075,"Minnesota","Lake County",1,9,119,76,43
050,27,075,"Minnesota","Lake County",1,10,127,71,56
050,27,075,"Minnesota","Lake County",1,11,134,63,71
050,27,075,"Minnesota","Lake County",1,12,134,63,71
050,27,075,"Minnesota","Lake County",1,13,130,65,65
050,27,075,"Minnesota","Lake County",1,14,126,63,63
050,27,075,"Minnesota","Lake County",1,15,115,61,54
050,27,075,"Minnesota","Lake County",1,16,118,65,53
050,27,075,"Minnesota","Lake County",1,17,125,67,58
050,27,075,"Minnesota","Lake County",1,18,102,60,42
050,27,075,"Minnesota","Lake County",1,19,70,34,36
050,27,075,"Minnesota","Lake County",1,20,81,40,41
050,27,075,"Minnesota","Lake County",1,21,90,47,43
050,27,075,"Minnesota","Lake County",1,22,95,45,50
050,27,075,"Minnesota","Lake County",1,23,87,42,45
050,27,075,"Minnesota","Lake County",1,24,89,49,40
050,27,075,"Minnesota","Lake County",1,25,86,44,42
050,27,075,"Minnesota","Lake County",1,26,86,42,44
050,27,075,"Minnesota","Lake County",1,27,99,51,48
050,27,075,"Minnesota","Lake County",1,28,105,55,50
050,27,075,"Minnesota","Lake County",1,29,96,45,51
050,27,075,"Minnesota","Lake County",1,30,84,44,40
050,27,075,"Minnesota","Lake County",1,31,106,55,51
050,27,075,"Minnesota","Lake County",1,32,117,60,57
050,27,075,"Minnesota","Lake County",1,33,111,58,53
050,27,075,"Minnesota","Lake County",1,34,120,61,59
050,27,075,"Minnesota","Lake County",1,35,114,57,57
050,27,075,"Minnesota","Lake County",1,36,116,60,56
050,27,075,"Minnesota","Lake County",1,37,121,67,54
050,27,075,"Minnesota","Lake County",1,38,120,69,51
050,27,075,"Minnesota","Lake County",1,39,147,84,63
050,27,075,"Minnesota","Lake County",1,40,129,65,64
050,27,075,"Minnesota","Lake County",1,41,124,64,60
050,27,075,"Minnesota","Lake County",1,42,116,57,59
050,27,075,"Minnesota","Lake County",1,43,117,59,58
050,27,075,"Minnesota","Lake County",1,44,108,57,51
050,27,075,"Minnesota","Lake County",1,45,119,64,55
050,27,075,"Minnesota","Lake County",1,46,110,62,48
050,27,075,"Minnesota","Lake County",1,47,108,55,53
050,27,075,"Minnesota","Lake County",1,48,126,63,63
050,27,075,"Minnesota","Lake County",1,49,113,56,57
050,27,075,"Minnesota","Lake County",1,50,117,57,60
050,27,075,"Minnesota","Lake County",1,51,126,59,67
050,27,075,"Minnesota","Lake County",1,52,114,49,65
050,27,075,"Minnesota","Lake County",1,53,124,66,58
050,27,075,"Minnesota","Lake County",1,54,118,60,58
050,27,075,"Minnesota","Lake County",1,55,133,64,69
050,27,075,"Minnesota","Lake County",1,56,153,83,70
050,27,075,"Minnesota","Lake County",1,57,173,96,77
050,27,075,"Minnesota","Lake County",1,58,178,86,92
050,27,075,"Minnesota","Lake County",1,59,203,93,110
050,27,075,"Minnesota","Lake County",1,60,211,101,110
050,27,075,"Minnesota","Lake County",1,61,213,116,97
050,27,075,"Minnesota","Lake County",1,62,205,109,96
050,27,075,"Minnesota","Lake County",1,63,194,103,91
050,27,075,"Minnesota","Lake County",1,64,206,104,102
050,27,075,"Minnesota","Lake County",1,65,204,107,97
050,27,075,"Minnesota","Lake County",1,66,219,122,97
050,27,075,"Minnesota","Lake County",1,67,207,111,96
050,27,075,"Minnesota","Lake County",1,68,182,94,88
050,27,075,"Minnesota","Lake County",1,69,162,80,82
050,27,075,"Minnesota","Lake County",1,70,170,90,80
050,27,075,"Minnesota","Lake County",1,71,153,82,71
050,27,075,"Minnesota","Lake County",1,72,133,75,58
050,27,075,"Minnesota","Lake County",1,73,129,69,60
050,27,075,"Minnesota","Lake County",1,74,96,46,50
050,27,075,"Minnesota","Lake County",1,75,108,48,60
050,27,075,"Minnesota","Lake County",1,76,106,55,51
050,27,075,"Minnesota","Lake County",1,77,112,55,57
050,27,075,"Minnesota","Lake County",1,78,99,48,51
050,27,075,"Minnesota","Lake County",1,79,86,42,44
050,27,075,"Minnesota","Lake County",1,80,77,38,39
050,27,075,"Minnesota","Lake County",1,81,81,43,38
050,27,075,"Minnesota","Lake County",1,82,75,33,42
050,27,075,"Minnesota","Lake County",1,83,67,28,39
050,27,075,"Minnesota","Lake County",1,84,73,32,41
050,27,075,"Minnesota","Lake County",1,85,377,161,216
050,27,075,"Minnesota","Lake County",2,0,109,61,48
050,27,075,"Minnesota","Lake County",2,1,99,53,46
050,27,075,"Minnesota","Lake County",2,2,109,61,48
050,27,075,"Minnesota","Lake County",2,3,112,67,45
050,27,075,"Minnesota","Lake County",2,4,99,59,40
050,27,075,"Minnesota","Lake County",2,5,105,56,49
050,27,075,"Minnesota","Lake County",2,6,116,60,56
050,27,075,"Minnesota","Lake County",2,7,123,63,60
050,27,075,"Minnesota","Lake County",2,8,120,68,52
050,27,075,"Minnesota","Lake County",2,9,119,75,44
050,27,075,"Minnesota","Lake County",2,10,125,72,53
050,27,075,"Minnesota","Lake County",2,11,131,64,67
050,27,075,"Minnesota","Lake County",2,12,135,65,70
050,27,075,"Minnesota","Lake County",2,13,133,65,68
050,27,075,"Minnesota","Lake County",2,14,128,64,64
050,27,075,"Minnesota","Lake County",2,15,118,62,56
050,27,075,"Minnesota","Lake County",2,16,118,64,54
050,27,075,"Minnesota","Lake County",2,17,123,68,55
050,27,075,"Minnesota","Lake County",2,18,103,59,44
050,27,075,"Minnesota","Lake County",2,19,74,38,36
050,27,075,"Minnesota","Lake County",2,20,80,40,40
050,27,075,"Minnesota","Lake County",2,21,90,47,43
050,27,075,"Minnesota","Lake County",2,22,95,46,49
050,27,075,"Minnesota","Lake County",2,23,90,43,47
050,27,075,"Minnesota","Lake County",2,24,86,47,39
050,27,075,"Minnesota","Lake County",2,25,86,44,42
050,27,075,"Minnesota","Lake County",2,26,86,43,43
050,27,075,"Minnesota","Lake County",2,27,97,50,47
050,27,075,"Minnesota","Lake County",2,28,104,54,50
050,27,075,"Minnesota","Lake County",2,29,98,48,50
050,27,075,"Minnesota","Lake County",2,30,88,45,43
050,27,075,"Minnesota","Lake County",2,31,103,53,50
050,27,075,"Minnesota","Lake County",2,32,115,59,56
050,27,075,"Minnesota","Lake County",2,33,115,60,55
050,27,075,"Minnesota","Lake County",2,34,118,60,58
050,27,075,"Minnesota","Lake County",2,35,117,58,59
050,27,075,"Minnesota","Lake County",2,36,114,58,56
050,27,075,"Minnesota","Lake County",2,37,121,66,55
050,27,075,"Minnesota","Lake County",2,38,123,69,54
050,27,075,"Minnesota","Lake County",2,39,141,80,61
050,27,075,"Minnesota","Lake County",2,40,136,70,66
050,27,075,"Minnesota","Lake County",2,41,124,63,61
050,27,075,"Minnesota","Lake County",2,42,117,58,59
050,27,075,"Minnesota","Lake County",2,43,119,60,59
050,27,075,"Minnesota","Lake County",2,44,111,59,52
050,27,075,"Minnesota","Lake County",2,45,118,64,54
050,27,075,"Minnesota","Lake County",2,46,111,62,49
050,27,075,"Minnesota","Lake County",2,47,109,57,52
050,27,075,"Minnesota","Lake County",2,48,122,61,61
050,27,075,"Minnesota","Lake County",2,49,117,58,59
050,27,075,"Minnesota","Lake County",2,50,115,57,58
050,27,075,"Minnesota","Lake County",2,51,122,58,64
050,27,075,"Minnesota","Lake County",2,52,116,51,65
050,27,075,"Minnesota","Lake County",2,53,122,63,59
050,27,075,"Minnesota","Lake County",2,54,118,60,58
050,27,075,"Minnesota","Lake County",2,55,129,63,66
050,27,075,"Minnesota","Lake County",2,56,151,81,70
050,27,075,"Minnesota","Lake County",2,57,167,92,75
050,27,075,"Minnesota","Lake County",2,58,177,88,89
050,27,075,"Minnesota","Lake County",2,59,200,93,107
050,27,075,"Minnesota","Lake County",2,60,205,96,109
050,27,075,"Minnesota","Lake County",2,61,212,112,100
050,27,075,"Minnesota","Lake County",2,62,204,109,95
050,27,075,"Minnesota","Lake County",2,63,201,106,95
050,27,075,"Minnesota","Lake County",2,64,202,102,100
050,27,075,"Minnesota","Lake County",2,65,206,108,98
050,27,075,"Minnesota","Lake County",2,66,216,119,97
050,27,075,"Minnesota","Lake County",2,67,208,112,96
050,27,075,"Minnesota","Lake County",2,68,186,98,88
050,27,075,"Minnesota","Lake County",2,69,166,83,83
050,27,075,"Minnesota","Lake County",2,70,166,86,80
050,27,075,"Minnesota","Lake County",2,71,157,84,73
050,27,075,"Minnesota","Lake County",2,72,132,72,60
050,27,075,"Minnesota","Lake County",2,73,130,71,59
050,27,075,"Minnesota","Lake County",2,74,99,49,50
050,27,075,"Minnesota","Lake County",2,75,105,48,57
050,27,075,"Minnesota","Lake County",2,76,103,51,52
050,27,075,"Minnesota","Lake County",2,77,115,57,58
050,27,075,"Minnesota","Lake County",2,78,99,48,51
050,27,075,"Minnesota","Lake County",2,79,88,43,45
050,27,075,"Minnesota","Lake County",2,80,78,38,40
050,27,075,"Minnesota","Lake County",2,81,78,41,37
050,27,075,"Minnesota","Lake County",2,82,76,34,42
050,27,075,"Minnesota","Lake County",2,83,65,28,37
050,27,075,"Minnesota","Lake County",2,84,72,32,40
050,27,075,"Minnesota","Lake County",2,85,376,159,217
050,27,075,"Minnesota","Lake County",3,0,82,33,49
050,27,075,"Minnesota","Lake County",3,1,112,68,44
050,27,075,"Minnesota","Lake County",3,2,105,52,53
050,27,075,"Minnesota","Lake County",3,3,109,65,44
050,27,075,"Minnesota","Lake County",3,4,110,72,38
050,27,075,"Minnesota","Lake County",3,5,107,63,44
050,27,075,"Minnesota","Lake County",3,6,114,62,52
050,27,075,"Minnesota","Lake County",3,7,121,64,57
050,27,075,"Minnesota","Lake County",3,8,134,72,62
050,27,075,"Minnesota","Lake County",3,9,115,64,51
050,27,075,"Minnesota","Lake County",3,10,125,76,49
050,27,075,"Minnesota","Lake County",3,11,125,71,54
050,27,075,"Minnesota","Lake County",3,12,133,66,67
050,27,075,"Minnesota","Lake County",3,13,134,62,72
050,27,075,"Minnesota","Lake County",3,14,135,66,69
050,27,075,"Minnesota","Lake County",3,15,126,64,62
050,27,075,"Minnesota","Lake County",3,16,117,65,52
050,27,075,"Minnesota","Lake County",3,17,114,62,52
050,27,075,"Minnesota","Lake County",3,18,105,59,46
050,27,075,"Minnesota","Lake County",3,19,79,44,35
050,27,075,"Minnesota","Lake County",3,20,82,43,39
050,27,075,"Minnesota","Lake County",3,21,89,43,46
050,27,075,"Minnesota","Lake County",3,22,94,45,49
050,27,075,"Minnesota","Lake County",3,23,97,48,49
050,27,075,"Minnesota","Lake County",3,24,92,47,45
050,27,075,"Minnesota","Lake County",3,25,79,43,36
050,27,075,"Minnesota","Lake County",3,26,102,49,53
050,27,075,"Minnesota","Lake County",3,27,96,46,50
050,27,075,"Minnesota","Lake County",3,28,93,47,46
050,27,075,"Minnesota","Lake County",3,29,107,52,55
050,27,075,"Minnesota","Lake County",3,30,91,40,51
050,27,075,"Minnesota","Lake County",3,31,86,46,40
050,27,075,"Minnesota","Lake County",3,32,104,53,51
050,27,075,"Minnesota","Lake County",3,33,123,65,58
050,27,075,"Minnesota","Lake County",3,34,120,57,63
050,27,075,"Minnesota","Lake County",3,35,120,66,54
050,27,075,"Minnesota","Lake County",3,36,116,56,60
050,27,075,"Minnesota","Lake County",3,37,124,65,59
050,27,075,"Minnesota","Lake County",3,38,126,64,62
050,27,075,"Minnesota","Lake County",3,39,127,71,56
050,27,075,"Minnesota","Lake County",3,40,146,83,63
050,27,075,"Minnesota","Lake County",3,41,146,79,67
050,27,075,"Minnesota","Lake County",3,42,130,64,66
050,27,075,"Minnesota","Lake County",3,43,120,58,62
050,27,075,"Minnesota","Lake County",3,44,122,61,61
050,27,075,"Minnesota","Lake County",3,45,118,64,54
050,27,075,"Minnesota","Lake County",3,46,118,65,53
050,27,075,"Minnesota","Lake County",3,47,119,68,51
050,27,075,"Minnesota","Lake County",3,48,114,63,51
050,27,075,"Minnesota","Lake County",3,49,123,63,60
050,27,075,"Minnesota","Lake County",3,50,117,57,60
050,27,075,"Minnesota","Lake County",3,51,119,58,61
050,27,075,"Minnesota","Lake County",3,52,123,58,65
050,27,075,"Minnesota","Lake County",3,53,118,56,62
050,27,075,"Minnesota","Lake County",3,54,119,63,56
050,27,075,"Minnesota","Lake County",3,55,117,60,57
050,27,075,"Minnesota","Lake County",3,56,142,72,70
050,27,075,"Minnesota","Lake County",3,57,155,81,74
050,27,075,"Minnesota","Lake County",3,58,176,94,82
050,27,075,"Minnesota","Lake County",3,59,184,95,89
050,27,075,"Minnesota","Lake County",3,60,203,94,109
050,27,075,"Minnesota","Lake County",3,61,210,100,110
050,27,075,"Minnesota","Lake County",3,62,204,109,95
050,27,075,"Minnesota","Lake County",3,63,208,116,92
050,27,075,"Minnesota","Lake County",3,64,202,108,94
050,27,075,"Minnesota","Lake County",3,65,201,104,97
050,27,075,"Minnesota","Lake County",3,66,212,111,101
050,27,075,"Minnesota","Lake County",3,67,207,108,99
050,27,075,"Minnesota","Lake County",3,68,206,113,93
050,27,075,"Minnesota","Lake County",3,69,182,98,84
050,27,075,"Minnesota","Lake County",3,70,168,84,84
050,27,075,"Minnesota","Lake County",3,71,166,88,78
050,27,075,"Minnesota","Lake County",3,72,151,82,69
050,27,075,"Minnesota","Lake County",3,73,125,66,59
050,27,075,"Minnesota","Lake County",3,74,131,73,58
050,27,075,"Minnesota","Lake County",3,75,92,45,47
050,27,075,"Minnesota","Lake County",3,76,98,45,53
050,27,075,"Minnesota","Lake County",3,77,101,51,50
050,27,075,"Minnesota","Lake County",3,78,106,52,54
050,27,075,"Minnesota","Lake County",3,79,98,49,49
050,27,075,"Minnesota","Lake County",3,80,85,43,42
050,27,075,"Minnesota","Lake County",3,81,69,34,35
050,27,075,"Minnesota","Lake County",3,82,67,32,35
050,27,075,"Minnesota","Lake County",3,83,70,31,39
050,27,075,"Minnesota","Lake County",3,84,64,27,37
050,27,075,"Minnesota","Lake County",3,85,382,154,228
050,27,075,"Minnesota","Lake County",4,0,83,38,45
050,27,075,"Minnesota","Lake County",4,1,93,35,58
050,27,075,"Minnesota","Lake County",4,2,113,65,48
050,27,075,"Minnesota","Lake County",4,3,100,46,54
050,27,075,"Minnesota","Lake County",4,4,110,66,44
050,27,075,"Minnesota","Lake County",4,5,107,66,41
050,27,075,"Minnesota","Lake County",4,6,98,57,41
050,27,075,"Minnesota","Lake County",4,7,110,57,53
050,27,075,"Minnesota","Lake County",4,8,113,63,50
050,27,075,"Minnesota","Lake County",4,9,134,72,62
050,27,075,"Minnesota","Lake County",4,10,118,65,53
050,27,075,"Minnesota","Lake County",4,11,130,77,53
050,27,075,"Minnesota","Lake County",4,12,124,71,53
050,27,075,"Minnesota","Lake County",4,13,138,69,69
050,27,075,"Minnesota","Lake County",4,14,130,62,68
050,27,075,"Minnesota","Lake County",4,15,136,69,67
050,27,075,"Minnesota","Lake County",4,16,124,62,62
050,27,075,"Minnesota","Lake County",4,17,127,65,62
050,27,075,"Minnesota","Lake County",4,18,98,57,41
050,27,075,"Minnesota","Lake County",4,19,74,44,30
050,27,075,"Minnesota","Lake County",4,20,86,51,35
050,27,075,"Minnesota","Lake County",4,21,82,43,39
050,27,075,"Minnesota","Lake County",4,22,82,40,42
050,27,075,"Minnesota","Lake County",4,23,94,48,46
050,27,075,"Minnesota","Lake County",4,24,99,53,46
050,27,075,"Minnesota","Lake County",4,25,86,39,47
050,27,075,"Minnesota","Lake County",4,26,71,40,31
050,27,075,"Minnesota","Lake County",4,27,100,50,50
050,27,075,"Minnesota","Lake County",4,28,88,46,42
050,27,075,"Minnesota","Lake County",4,29,91,45,46
050,27,075,"Minnesota","Lake County",4,30,105,50,55
050,27,075,"Minnesota","Lake County",4,31,94,46,48
050,27,075,"Minnesota","Lake County",4,32,88,45,43
050,27,075,"Minnesota","Lake County",4,33,106,52,54
050,27,075,"Minnesota","Lake County",4,34,121,64,57
050,27,075,"Minnesota","Lake County",4,35,122,63,59
050,27,075,"Minnesota","Lake County",4,36,122,65,57
050,27,075,"Minnesota","Lake County",4,37,119,56,63
050,27,075,"Minnesota","Lake County",4,38,122,62,60
050,27,075,"Minnesota","Lake County",4,39,132,69,63
050,27,075,"Minnesota","Lake County",4,40,130,75,55
050,27,075,"Minnesota","Lake County",4,41,152,87,65
050,27,075,"Minnesota","Lake County",4,42,146,80,66
050,27,075,"Minnesota","Lake County",4,43,124,62,62
050,27,075,"Minnesota","Lake County",4,44,125,58,67
050,27,075,"Minnesota","Lake County",4,45,126,66,60
050,27,075,"Minnesota","Lake County",4,46,109,59,50
050,27,075,"Minnesota","Lake County",4,47,122,69,53
050,27,075,"Minnesota","Lake County",4,48,118,67,51
050,27,075,"Minnesota","Lake County",4,49,106,58,48
050,27,075,"Minnesota","Lake County",4,50,121,61,60
050,27,075,"Minnesota","Lake County",4,51,116,58,58
050,27,075,"Minnesota","Lake County",4,52,119,57,62
050,27,075,"Minnesota","Lake County",4,53,127,58,69
050,27,075,"Minnesota","Lake County",4,54,117,53,64
050,27,075,"Minnesota","Lake County",4,55,124,66,58
050,27,075,"Minnesota","Lake County",4,56,121,64,57
050,27,075,"Minnesota","Lake County",4,57,140,66,74
050,27,075,"Minnesota","Lake County",4,58,153,78,75
050,27,075,"Minnesota","Lake County",4,59,186,96,90
050,27,075,"Minnesota","Lake County",4,60,184,93,91
050,27,075,"Minnesota","Lake County",4,61,203,97,106
050,27,075,"Minnesota","Lake County",4,62,219,105,114
050,27,075,"Minnesota","Lake County",4,63,219,119,100
050,27,075,"Minnesota","Lake County",4,64,207,112,95
050,27,075,"Minnesota","Lake County",4,65,199,105,94
050,27,075,"Minnesota","Lake County",4,66,204,108,96
050,27,075,"Minnesota","Lake County",4,67,208,105,103
050,27,075,"Minnesota","Lake County",4,68,199,109,90
050,27,075,"Minnesota","Lake County",4,69,200,109,91
050,27,075,"Minnesota","Lake County",4,70,179,94,85
050,27,075,"Minnesota","Lake County",4,71,163,81,82
050,27,075,"Minnesota","Lake County",4,72,166,86,80
050,27,075,"Minnesota","Lake County",4,73,142,74,68
050,27,075,"Minnesota","Lake County",4,74,122,67,55
050,27,075,"Minnesota","Lake County",4,75,123,68,55
050,27,075,"Minnesota","Lake County",4,76,88,43,45
050,27,075,"Minnesota","Lake County",4,77,95,45,50
050,27,075,"Minnesota","Lake County",4,78,92,48,44
050,27,075,"Minnesota","Lake County",4,79,106,53,53
050,27,075,"Minnesota","Lake County",4,80,96,49,47
050,27,075,"Minnesota","Lake County",4,81,81,43,38
050,27,075,"Minnesota","Lake County",4,82,60,29,31
050,27,075,"Minnesota","Lake County",4,83,55,27,28
050,27,075,"Minnesota","Lake County",4,84,70,32,38
050,27,075,"Minnesota","Lake County",4,85,380,150,230
050,27,075,"Minnesota","Lake County",5,0,83,38,45
050,27,075,"Minnesota","Lake County",5,1,85,41,44
050,27,075,"Minnesota","Lake County",5,2,81,29,52
050,27,075,"Minnesota","Lake County",5,3,119,70,49
050,27,075,"Minnesota","Lake County",5,4,99,50,49
050,27,075,"Minnesota","Lake County",5,5,113,66,47
050,27,075,"Minnesota","Lake County",5,6,113,71,42
050,27,075,"Minnesota","Lake County",5,7,99,58,41
050,27,075,"Minnesota","Lake County",5,8,108,53,55
050,27,075,"Minnesota","Lake County",5,9,117,62,55
050,27,075,"Minnesota","Lake County",5,10,127,73,54
050,27,075,"Minnesota","Lake County",5,11,116,64,52
050,27,075,"Minnesota","Lake County",5,12,130,75,55
050,27,075,"Minnesota","Lake County",5,13,126,71,55
050,27,075,"Minnesota","Lake County",5,14,134,67,67
050,27,075,"Minnesota","Lake County",5,15,132,61,71
050,27,075,"Minnesota","Lake County",5,16,134,69,65
050,27,075,"Minnesota","Lake County",5,17,120,58,62
050,27,075,"Minnesota","Lake County",5,18,103,56,47
050,27,075,"Minnesota","Lake County",5,19,73,41,32
050,27,075,"Minnesota","Lake County",5,20,78,45,33
050,27,075,"Minnesota","Lake County",5,21,88,55,33
050,27,075,"Minnesota","Lake County",5,22,74,39,35
050,27,075,"Minnesota","Lake County",5,23,78,36,42
050,27,075,"Minnesota","Lake County",5,24,94,49,45
050,27,075,"Minnesota","Lake County",5,25,90,44,46
050,27,075,"Minnesota","Lake County",5,26,80,38,42
050,27,075,"Minnesota","Lake County",5,27,77,42,35
050,27,075,"Minnesota","Lake County",5,28,104,51,53
050,27,075,"Minnesota","Lake County",5,29,96,49,47
050,27,075,"Minnesota","Lake County",5,30,102,49,53
050,27,075,"Minnesota","Lake County",5,31,116,59,57
050,27,075,"Minnesota","Lake County",5,32,99,46,53
050,27,075,"Minnesota","Lake County",5,33,91,47,44
050,27,075,"Minnesota","Lake County",5,34,107,52,55
050,27,075,"Minnesota","Lake County",5,35,121,64,57
050,27,075,"Minnesota","Lake County",5,36,119,58,61
050,27,075,"Minnesota","Lake County",5,37,122,68,54
050,27,075,"Minnesota","Lake County",5,38,122,60,62
050,27,075,"Minnesota","Lake County",5,39,127,68,59
050,27,075,"Minnesota","Lake County",5,40,135,68,67
050,27,075,"Minnesota","Lake County",5,41,133,77,56
050,27,075,"Minnesota","Lake County",5,42,164,94,70
050,27,075,"Minnesota","Lake County",5,43,138,76,62
050,27,075,"Minnesota","Lake County",5,44,122,63,59
050,27,075,"Minnesota","Lake County",5,45,132,63,69
050,27,075,"Minnesota","Lake County",5,46,117,61,56
050,27,075,"Minnesota","Lake County",5,47,116,60,56
050,27,075,"Minnesota","Lake County",5,48,119,68,51
050,27,075,"Minnesota","Lake County",5,49,113,63,50
050,27,075,"Minnesota","Lake County",5,50,104,53,51
050,27,075,"Minnesota","Lake County",5,51,127,63,64
050,27,075,"Minnesota","Lake County",5,52,118,61,57
050,27,075,"Minnesota","Lake County",5,53,125,62,63
050,27,075,"Minnesota","Lake County",5,54,127,53,74
050,27,075,"Minnesota","Lake County",5,55,123,53,70
050,27,075,"Minnesota","Lake County",5,56,135,72,63
050,27,075,"Minnesota","Lake County",5,57,119,63,56
050,27,075,"Minnesota","Lake County",5,58,145,72,73
050,27,075,"Minnesota","Lake County",5,59,155,79,76
050,27,075,"Minnesota","Lake County",5,60,185,100,85
050,27,075,"Minnesota","Lake County",5,61,190,98,92
050,27,075,"Minnesota","Lake County",5,62,198,91,107
050,27,075,"Minnesota","Lake County",5,63,217,105,112
050,27,075,"Minnesota","Lake County",5,64,221,116,105
050,27,075,"Minnesota","Lake County",5,65,204,111,93
050,27,075,"Minnesota","Lake County",5,66,206,109,97
050,27,075,"Minnesota","Lake County",5,67,199,97,102
050,27,075,"Minnesota","Lake County",5,68,206,104,102
050,27,075,"Minnesota","Lake County",5,69,196,104,92
050,27,075,"Minnesota","Lake County",5,70,196,107,89
050,27,075,"Minnesota","Lake County",5,71,171,92,79
050,27,075,"Minnesota","Lake County",5,72,159,79,80
050,27,075,"Minnesota","Lake County",5,73,152,78,74
050,27,075,"Minnesota","Lake County",5,74,145,77,68
050,27,075,"Minnesota","Lake County",5,75,114,59,55
050,27,075,"Minnesota","Lake County",5,76,115,64,51
050,27,075,"Minnesota","Lake County",5,77,88,43,45
050,27,075,"Minnesota","Lake County",5,78,86,42,44
050,27,075,"Minnesota","Lake County",5,79,90,46,44
050,27,075,"Minnesota","Lake County",5,80,97,51,46
050,27,075,"Minnesota","Lake County",5,81,90,47,43
050,27,075,"Minnesota","Lake County",5,82,72,37,35
050,27,075,"Minnesota","Lake County",5,83,47,21,26
050,27,075,"Minnesota","Lake County",5,84,55,26,29
050,27,075,"Minnesota","Lake County",5,85,392,153,239
050,27,077,"Minnesota","Lake of the Woods County",1,0,38,20,18
050,27,077,"Minnesota","Lake of the Woods County",1,1,40,22,18
050,27,077,"Minnesota","Lake of the Woods County",1,2,36,19,17
050,27,077,"Minnesota","Lake of the Woods County",1,3,44,26,18
050,27,077,"Minnesota","Lake of the Woods County",1,4,38,21,17
050,27,077,"Minnesota","Lake of the Woods County",1,5,30,16,14
050,27,077,"Minnesota","Lake of the Woods County",1,6,42,16,26
050,27,077,"Minnesota","Lake of the Woods County",1,7,47,23,24
050,27,077,"Minnesota","Lake of the Woods County",1,8,33,18,15
050,27,077,"Minnesota","Lake of the Woods County",1,9,32,18,14
050,27,077,"Minnesota","Lake of the Woods County",1,10,35,21,14
050,27,077,"Minnesota","Lake of the Woods County",1,11,39,20,19
050,27,077,"Minnesota","Lake of the Woods County",1,12,41,18,23
050,27,077,"Minnesota","Lake of the Woods County",1,13,45,18,27
050,27,077,"Minnesota","Lake of the Woods County",1,14,50,23,27
050,27,077,"Minnesota","Lake of the Woods County",1,15,44,24,20
050,27,077,"Minnesota","Lake of the Woods County",1,16,52,29,23
050,27,077,"Minnesota","Lake of the Woods County",1,17,43,22,21
050,27,077,"Minnesota","Lake of the Woods County",1,18,38,21,17
050,27,077,"Minnesota","Lake of the Woods County",1,19,28,16,12
050,27,077,"Minnesota","Lake of the Woods County",1,20,24,12,12
050,27,077,"Minnesota","Lake of the Woods County",1,21,29,15,14
050,27,077,"Minnesota","Lake of the Woods County",1,22,25,10,15
050,27,077,"Minnesota","Lake of the Woods County",1,23,28,12,16
050,27,077,"Minnesota","Lake of the Woods County",1,24,28,16,12
050,27,077,"Minnesota","Lake of the Woods County",1,25,36,22,14
050,27,077,"Minnesota","Lake of the Woods County",1,26,40,25,15
050,27,077,"Minnesota","Lake of the Woods County",1,27,38,24,14
050,27,077,"Minnesota","Lake of the Woods County",1,28,35,21,14
050,27,077,"Minnesota","Lake of the Woods County",1,29,29,16,13
050,27,077,"Minnesota","Lake of the Woods County",1,30,27,13,14
050,27,077,"Minnesota","Lake of the Woods County",1,31,31,15,16
050,27,077,"Minnesota","Lake of the Woods County",1,32,35,19,16
050,27,077,"Minnesota","Lake of the Woods County",1,33,34,20,14
050,27,077,"Minnesota","Lake of the Woods County",1,34,41,21,20
050,27,077,"Minnesota","Lake of the Woods County",1,35,37,21,16
050,27,077,"Minnesota","Lake of the Woods County",1,36,35,18,17
050,27,077,"Minnesota","Lake of the Woods County",1,37,43,21,22
050,27,077,"Minnesota","Lake of the Woods County",1,38,45,25,20
050,27,077,"Minnesota","Lake of the Woods County",1,39,38,19,19
050,27,077,"Minnesota","Lake of the Woods County",1,40,42,26,16
050,27,077,"Minnesota","Lake of the Woods County",1,41,44,23,21
050,27,077,"Minnesota","Lake of the Woods County",1,42,51,27,24
050,27,077,"Minnesota","Lake of the Woods County",1,43,43,18,25
050,27,077,"Minnesota","Lake of the Woods County",1,44,35,18,17
050,27,077,"Minnesota","Lake of the Woods County",1,45,35,19,16
050,27,077,"Minnesota","Lake of the Woods County",1,46,34,20,14
050,27,077,"Minnesota","Lake of the Woods County",1,47,43,24,19
050,27,077,"Minnesota","Lake of the Woods County",1,48,42,22,20
050,27,077,"Minnesota","Lake of the Woods County",1,49,42,21,21
050,27,077,"Minnesota","Lake of the Woods County",1,50,34,15,19
050,27,077,"Minnesota","Lake of the Woods County",1,51,42,21,21
050,27,077,"Minnesota","Lake of the Woods County",1,52,49,25,24
050,27,077,"Minnesota","Lake of the Woods County",1,53,46,24,22
050,27,077,"Minnesota","Lake of the Woods County",1,54,57,28,29
050,27,077,"Minnesota","Lake of the Woods County",1,55,58,34,24
050,27,077,"Minnesota","Lake of the Woods County",1,56,66,39,27
050,27,077,"Minnesota","Lake of the Woods County",1,57,63,41,22
050,27,077,"Minnesota","Lake of the Woods County",1,58,65,40,25
050,27,077,"Minnesota","Lake of the Woods County",1,59,74,37,37
050,27,077,"Minnesota","Lake of the Woods County",1,60,63,37,26
050,27,077,"Minnesota","Lake of the Woods County",1,61,86,43,43
050,27,077,"Minnesota","Lake of the Woods County",1,62,80,41,39
050,27,077,"Minnesota","Lake of the Woods County",1,63,71,38,33
050,27,077,"Minnesota","Lake of the Woods County",1,64,83,47,36
050,27,077,"Minnesota","Lake of the Woods County",1,65,89,53,36
050,27,077,"Minnesota","Lake of the Woods County",1,66,74,43,31
050,27,077,"Minnesota","Lake of the Woods County",1,67,72,32,40
050,27,077,"Minnesota","Lake of the Woods County",1,68,69,36,33
050,27,077,"Minnesota","Lake of the Woods County",1,69,62,29,33
050,27,077,"Minnesota","Lake of the Woods County",1,70,59,29,30
050,27,077,"Minnesota","Lake of the Woods County",1,71,52,33,19
050,27,077,"Minnesota","Lake of the Woods County",1,72,50,31,19
050,27,077,"Minnesota","Lake of the Woods County",1,73,50,28,22
050,27,077,"Minnesota","Lake of the Woods County",1,74,34,17,17
050,27,077,"Minnesota","Lake of the Woods County",1,75,31,15,16
050,27,077,"Minnesota","Lake of the Woods County",1,76,35,18,17
050,27,077,"Minnesota","Lake of the Woods County",1,77,26,11,15
050,27,077,"Minnesota","Lake of the Woods County",1,78,29,14,15
050,27,077,"Minnesota","Lake of the Woods County",1,79,25,9,16
050,27,077,"Minnesota","Lake of the Woods County",1,80,27,13,14
050,27,077,"Minnesota","Lake of the Woods County",1,81,25,17,8
050,27,077,"Minnesota","Lake of the Woods County",1,82,21,15,6
050,27,077,"Minnesota","Lake of the Woods County",1,83,20,11,9
050,27,077,"Minnesota","Lake of the Woods County",1,84,15,7,8
050,27,077,"Minnesota","Lake of the Woods County",1,85,79,23,56
050,27,077,"Minnesota","Lake of the Woods County",2,0,39,21,18
050,27,077,"Minnesota","Lake of the Woods County",2,1,38,21,17
050,27,077,"Minnesota","Lake of the Woods County",2,2,37,20,17
050,27,077,"Minnesota","Lake of the Woods County",2,3,42,24,18
050,27,077,"Minnesota","Lake of the Woods County",2,4,39,22,17
050,27,077,"Minnesota","Lake of the Woods County",2,5,31,16,15
050,27,077,"Minnesota","Lake of the Woods County",2,6,40,16,24
050,27,077,"Minnesota","Lake of the Woods County",2,7,45,22,23
050,27,077,"Minnesota","Lake of the Woods County",2,8,36,19,17
050,27,077,"Minnesota","Lake of the Woods County",2,9,33,18,15
050,27,077,"Minnesota","Lake of the Woods County",2,10,35,20,15
050,27,077,"Minnesota","Lake of the Woods County",2,11,39,21,18
050,27,077,"Minnesota","Lake of the Woods County",2,12,42,18,24
050,27,077,"Minnesota","Lake of the Woods County",2,13,45,18,27
050,27,077,"Minnesota","Lake of the Woods County",2,14,49,22,27
050,27,077,"Minnesota","Lake of the Woods County",2,15,46,24,22
050,27,077,"Minnesota","Lake of the Woods County",2,16,49,28,21
050,27,077,"Minnesota","Lake of the Woods County",2,17,46,24,22
050,27,077,"Minnesota","Lake of the Woods County",2,18,38,21,17
050,27,077,"Minnesota","Lake of the Woods County",2,19,29,16,13
050,27,077,"Minnesota","Lake of the Woods County",2,20,26,14,12
050,27,077,"Minnesota","Lake of the Woods County",2,21,27,14,13
050,27,077,"Minnesota","Lake of the Woods County",2,22,26,11,15
050,27,077,"Minnesota","Lake of the Woods County",2,23,26,12,14
050,27,077,"Minnesota","Lake of the Woods County",2,24,28,15,13
050,27,077,"Minnesota","Lake of the Woods County",2,25,33,20,13
050,27,077,"Minnesota","Lake of the Woods County",2,26,39,25,14
050,27,077,"Minnesota","Lake of the Woods County",2,27,38,24,14
050,27,077,"Minnesota","Lake of the Woods County",2,28,36,22,14
050,27,077,"Minnesota","Lake of the Woods County",2,29,30,17,13
050,27,077,"Minnesota","Lake of the Woods County",2,30,27,13,14
050,27,077,"Minnesota","Lake of the Woods County",2,31,30,15,15
050,27,077,"Minnesota","Lake of the Woods County",2,32,35,19,16
050,27,077,"Minnesota","Lake of the Woods County",2,33,35,20,15
050,27,077,"Minnesota","Lake of the Woods County",2,34,40,21,19
050,27,077,"Minnesota","Lake of the Woods County",2,35,38,21,17
050,27,077,"Minnesota","Lake of the Woods County",2,36,34,18,16
050,27,077,"Minnesota","Lake of the Woods County",2,37,42,21,21
050,27,077,"Minnesota","Lake of the Woods County",2,38,45,24,21
050,27,077,"Minnesota","Lake of the Woods County",2,39,39,20,19
050,27,077,"Minnesota","Lake of the Woods County",2,40,42,25,17
050,27,077,"Minnesota","Lake of the Woods County",2,41,44,24,20
050,27,077,"Minnesota","Lake of the Woods County",2,42,49,25,24
050,27,077,"Minnesota","Lake of the Woods County",2,43,46,21,25
050,27,077,"Minnesota","Lake of the Woods County",2,44,37,18,19
050,27,077,"Minnesota","Lake of the Woods County",2,45,36,19,17
050,27,077,"Minnesota","Lake of the Woods County",2,46,34,20,14
050,27,077,"Minnesota","Lake of the Woods County",2,47,41,23,18
050,27,077,"Minnesota","Lake of the Woods County",2,48,42,23,19
050,27,077,"Minnesota","Lake of the Woods County",2,49,42,21,21
050,27,077,"Minnesota","Lake of the Woods County",2,50,37,17,20
050,27,077,"Minnesota","Lake of the Woods County",2,51,39,19,20
050,27,077,"Minnesota","Lake of the Woods County",2,52,47,24,23
050,27,077,"Minnesota","Lake of the Woods County",2,53,46,23,23
050,27,077,"Minnesota","Lake of the Woods County",2,54,54,27,27
050,27,077,"Minnesota","Lake of the Woods County",2,55,57,32,25
050,27,077,"Minnesota","Lake of the Woods County",2,56,64,38,26
050,27,077,"Minnesota","Lake of the Woods County",2,57,63,40,23
050,27,077,"Minnesota","Lake of the Woods County",2,58,65,41,24
050,27,077,"Minnesota","Lake of the Woods County",2,59,72,38,34
050,27,077,"Minnesota","Lake of the Woods County",2,60,67,38,29
050,27,077,"Minnesota","Lake of the Woods County",2,61,82,42,40
050,27,077,"Minnesota","Lake of the Woods County",2,62,83,42,41
050,27,077,"Minnesota","Lake of the Woods County",2,63,75,40,35
050,27,077,"Minnesota","Lake of the Woods County",2,64,80,45,35
050,27,077,"Minnesota","Lake of the Woods County",2,65,88,52,36
050,27,077,"Minnesota","Lake of the Woods County",2,66,78,45,33
050,27,077,"Minnesota","Lake of the Woods County",2,67,72,35,37
050,27,077,"Minnesota","Lake of the Woods County",2,68,69,34,35
050,27,077,"Minnesota","Lake of the Woods County",2,69,63,30,33
050,27,077,"Minnesota","Lake of the Woods County",2,70,60,29,31
050,27,077,"Minnesota","Lake of the Woods County",2,71,53,31,22
050,27,077,"Minnesota","Lake of the Woods County",2,72,51,32,19
050,27,077,"Minnesota","Lake of the Woods County",2,73,52,31,21
050,27,077,"Minnesota","Lake of the Woods County",2,74,35,18,17
050,27,077,"Minnesota","Lake of the Woods County",2,75,31,15,16
050,27,077,"Minnesota","Lake of the Woods County",2,76,34,17,17
050,27,077,"Minnesota","Lake of the Woods County",2,77,28,12,16
050,27,077,"Minnesota","Lake of the Woods County",2,78,28,13,15
050,27,077,"Minnesota","Lake of the Woods County",2,79,24,10,14
050,27,077,"Minnesota","Lake of the Woods County",2,80,26,12,14
050,27,077,"Minnesota","Lake of the Woods County",2,81,24,16,8
050,27,077,"Minnesota","Lake of the Woods County",2,82,20,14,6
050,27,077,"Minnesota","Lake of the Woods County",2,83,21,12,9
050,27,077,"Minnesota","Lake of the Woods County",2,84,16,8,8
050,27,077,"Minnesota","Lake of the Woods County",2,85,76,21,55
050,27,077,"Minnesota","Lake of the Woods County",3,0,33,20,13
050,27,077,"Minnesota","Lake of the Woods County",3,1,41,21,20
050,27,077,"Minnesota","Lake of the Woods County",3,2,42,22,20
050,27,077,"Minnesota","Lake of the Woods County",3,3,37,20,17
050,27,077,"Minnesota","Lake of the Woods County",3,4,49,30,19
050,27,077,"Minnesota","Lake of the Woods County",3,5,47,28,19
050,27,077,"Minnesota","Lake of the Woods County",3,6,32,16,16
050,27,077,"Minnesota","Lake of the Woods County",3,7,40,15,25
050,27,077,"Minnesota","Lake of the Woods County",3,8,47,25,22
050,27,077,"Minnesota","Lake of the Woods County",3,9,39,21,18
050,27,077,"Minnesota","Lake of the Woods County",3,10,35,19,16
050,27,077,"Minnesota","Lake of the Woods County",3,11,33,20,13
050,27,077,"Minnesota","Lake of the Woods County",3,12,41,23,18
050,27,077,"Minnesota","Lake of the Woods County",3,13,43,19,24
050,27,077,"Minnesota","Lake of the Woods County",3,14,42,18,24
050,27,077,"Minnesota","Lake of the Woods County",3,15,49,23,26
050,27,077,"Minnesota","Lake of the Woods County",3,16,43,23,20
050,27,077,"Minnesota","Lake of the Woods County",3,17,52,29,23
050,27,077,"Minnesota","Lake of the Woods County",3,18,38,21,17
050,27,077,"Minnesota","Lake of the Woods County",3,19,33,19,14
050,27,077,"Minnesota","Lake of the Woods County",3,20,27,13,14
050,27,077,"Minnesota","Lake of the Woods County",3,21,25,11,14
050,27,077,"Minnesota","Lake of the Woods County",3,22,28,15,13
050,27,077,"Minnesota","Lake of the Woods County",3,23,30,16,14
050,27,077,"Minnesota","Lake of the Woods County",3,24,28,13,15
050,27,077,"Minnesota","Lake of the Woods County",3,25,33,15,18
050,27,077,"Minnesota","Lake of the Woods County",3,26,35,23,12
050,27,077,"Minnesota","Lake of the Woods County",3,27,39,24,15
050,27,077,"Minnesota","Lake of the Woods County",3,28,49,33,16
050,27,077,"Minnesota","Lake of the Woods County",3,29,42,22,20
050,27,077,"Minnesota","Lake of the Woods County",3,30,30,16,14
050,27,077,"Minnesota","Lake of the Woods County",3,31,31,17,14
050,27,077,"Minnesota","Lake of the Woods County",3,32,32,15,17
050,27,077,"Minnesota","Lake of the Woods County",3,33,35,18,17
050,27,077,"Minnesota","Lake of the Woods County",3,34,37,21,16
050,27,077,"Minnesota","Lake of the Woods County",3,35,40,20,20
050,27,077,"Minnesota","Lake of the Woods County",3,36,39,21,18
050,27,077,"Minnesota","Lake of the Woods County",3,37,36,18,18
050,27,077,"Minnesota","Lake of the Woods County",3,38,45,22,23
050,27,077,"Minnesota","Lake of the Woods County",3,39,45,25,20
050,27,077,"Minnesota","Lake of the Woods County",3,40,41,21,20
050,27,077,"Minnesota","Lake of the Woods County",3,41,42,25,17
050,27,077,"Minnesota","Lake of the Woods County",3,42,45,24,21
050,27,077,"Minnesota","Lake of the Woods County",3,43,50,26,24
050,27,077,"Minnesota","Lake of the Woods County",3,44,46,21,25
050,27,077,"Minnesota","Lake of the Woods County",3,45,37,18,19
050,27,077,"Minnesota","Lake of the Woods County",3,46,34,17,17
050,27,077,"Minnesota","Lake of the Woods County",3,47,33,18,15
050,27,077,"Minnesota","Lake of the Woods County",3,48,41,23,18
050,27,077,"Minnesota","Lake of the Woods County",3,49,44,26,18
050,27,077,"Minnesota","Lake of the Woods County",3,50,43,21,22
050,27,077,"Minnesota","Lake of the Woods County",3,51,37,17,20
050,27,077,"Minnesota","Lake of the Woods County",3,52,39,19,20
050,27,077,"Minnesota","Lake of the Woods County",3,53,51,28,23
050,27,077,"Minnesota","Lake of the Woods County",3,54,48,22,26
050,27,077,"Minnesota","Lake of the Woods County",3,55,55,28,27
050,27,077,"Minnesota","Lake of the Woods County",3,56,64,34,30
050,27,077,"Minnesota","Lake of the Woods County",3,57,65,39,26
050,27,077,"Minnesota","Lake of the Woods County",3,58,60,39,21
050,27,077,"Minnesota","Lake of the Woods County",3,59,65,42,23
050,27,077,"Minnesota","Lake of the Woods County",3,60,70,38,32
050,27,077,"Minnesota","Lake of the Woods County",3,61,72,38,34
050,27,077,"Minnesota","Lake of the Woods County",3,62,80,42,38
050,27,077,"Minnesota","Lake of the Woods County",3,63,82,41,41
050,27,077,"Minnesota","Lake of the Woods County",3,64,72,41,31
050,27,077,"Minnesota","Lake of the Woods County",3,65,83,47,36
050,27,077,"Minnesota","Lake of the Woods County",3,66,89,51,38
050,27,077,"Minnesota","Lake of the Woods County",3,67,75,43,32
050,27,077,"Minnesota","Lake of the Woods County",3,68,72,35,37
050,27,077,"Minnesota","Lake of the Woods County",3,69,66,33,33
050,27,077,"Minnesota","Lake of the Woods County",3,70,59,27,32
050,27,077,"Minnesota","Lake of the Woods County",3,71,64,32,32
050,27,077,"Minnesota","Lake of the Woods County",3,72,49,29,20
050,27,077,"Minnesota","Lake of the Woods County",3,73,50,32,18
050,27,077,"Minnesota","Lake of the Woods County",3,74,43,26,17
050,27,077,"Minnesota","Lake of the Woods County",3,75,36,18,18
050,27,077,"Minnesota","Lake of the Woods County",3,76,32,14,18
050,27,077,"Minnesota","Lake of the Woods County",3,77,28,14,14
050,27,077,"Minnesota","Lake of the Woods County",3,78,29,13,16
050,27,077,"Minnesota","Lake of the Woods County",3,79,26,12,14
050,27,077,"Minnesota","Lake of the Woods County",3,80,23,10,13
050,27,077,"Minnesota","Lake of the Woods County",3,81,26,13,13
050,27,077,"Minnesota","Lake of the Woods County",3,82,20,13,7
050,27,077,"Minnesota","Lake of the Woods County",3,83,21,13,8
050,27,077,"Minnesota","Lake of the Woods County",3,84,19,12,7
050,27,077,"Minnesota","Lake of the Woods County",3,85,78,22,56
050,27,077,"Minnesota","Lake of the Woods County",4,0,38,20,18
050,27,077,"Minnesota","Lake of the Woods County",4,1,35,20,15
050,27,077,"Minnesota","Lake of the Woods County",4,2,45,21,24
050,27,077,"Minnesota","Lake of the Woods County",4,3,43,21,22
050,27,077,"Minnesota","Lake of the Woods County",4,4,39,21,18
050,27,077,"Minnesota","Lake of the Woods County",4,5,47,28,19
050,27,077,"Minnesota","Lake of the Woods County",4,6,42,25,17
050,27,077,"Minnesota","Lake of the Woods County",4,7,35,18,17
050,27,077,"Minnesota","Lake of the Woods County",4,8,41,13,28
050,27,077,"Minnesota","Lake of the Woods County",4,9,44,22,22
050,27,077,"Minnesota","Lake of the Woods County",4,10,40,21,19
050,27,077,"Minnesota","Lake of the Woods County",4,11,34,18,16
050,27,077,"Minnesota","Lake of the Woods County",4,12,36,20,16
050,27,077,"Minnesota","Lake of the Woods County",4,13,46,27,19
050,27,077,"Minnesota","Lake of the Woods County",4,14,45,18,27
050,27,077,"Minnesota","Lake of the Woods County",4,15,49,22,27
050,27,077,"Minnesota","Lake of the Woods County",4,16,51,22,29
050,27,077,"Minnesota","Lake of the Woods County",4,17,45,24,21
050,27,077,"Minnesota","Lake of the Woods County",4,18,50,28,22
050,27,077,"Minnesota","Lake of the Woods County",4,19,34,18,16
050,27,077,"Minnesota","Lake of the Woods County",4,20,33,22,11
050,27,077,"Minnesota","Lake of the Woods County",4,21,27,13,14
050,27,077,"Minnesota","Lake of the Woods County",4,22,23,12,11
050,27,077,"Minnesota","Lake of the Woods County",4,23,32,19,13
050,27,077,"Minnesota","Lake of the Woods County",4,24,35,19,16
050,27,077,"Minnesota","Lake of the Woods County",4,25,25,13,12
050,27,077,"Minnesota","Lake of the Woods County",4,26,30,13,17
050,27,077,"Minnesota","Lake of the Woods County",4,27,42,30,12
050,27,077,"Minnesota","Lake of the Woods County",4,28,46,27,19
050,27,077,"Minnesota","Lake of the Woods County",4,29,51,33,18
050,27,077,"Minnesota","Lake of the Woods County",4,30,40,19,21
050,27,077,"Minnesota","Lake of the Woods County",4,31,31,16,15
050,27,077,"Minnesota","Lake of the Woods County",4,32,32,18,14
050,27,077,"Minnesota","Lake of the Woods County",4,33,35,16,19
050,27,077,"Minnesota","Lake of the Woods County",4,34,29,15,14
050,27,077,"Minnesota","Lake of the Woods County",4,35,40,20,20
050,27,077,"Minnesota","Lake of the Woods County",4,36,38,19,19
050,27,077,"Minnesota","Lake of the Woods County",4,37,39,20,19
050,27,077,"Minnesota","Lake of the Woods County",4,38,37,20,17
050,27,077,"Minnesota","Lake of the Woods County",4,39,44,23,21
050,27,077,"Minnesota","Lake of the Woods County",4,40,45,23,22
050,27,077,"Minnesota","Lake of the Woods County",4,41,38,18,20
050,27,077,"Minnesota","Lake of the Woods County",4,42,40,24,16
050,27,077,"Minnesota","Lake of the Woods County",4,43,49,25,24
050,27,077,"Minnesota","Lake of the Woods County",4,44,50,26,24
050,27,077,"Minnesota","Lake of the Woods County",4,45,49,21,28
050,27,077,"Minnesota","Lake of the Woods County",4,46,37,17,20
050,27,077,"Minnesota","Lake of the Woods County",4,47,38,19,19
050,27,077,"Minnesota","Lake of the Woods County",4,48,39,22,17
050,27,077,"Minnesota","Lake of the Woods County",4,49,38,20,18
050,27,077,"Minnesota","Lake of the Woods County",4,50,45,25,20
050,27,077,"Minnesota","Lake of the Woods County",4,51,47,22,25
050,27,077,"Minnesota","Lake of the Woods County",4,52,45,23,22
050,27,077,"Minnesota","Lake of the Woods County",4,53,40,19,21
050,27,077,"Minnesota","Lake of the Woods County",4,54,48,24,24
050,27,077,"Minnesota","Lake of the Woods County",4,55,48,22,26
050,27,077,"Minnesota","Lake of the Woods County",4,56,61,32,29
050,27,077,"Minnesota","Lake of the Woods County",4,57,63,32,31
050,27,077,"Minnesota","Lake of the Woods County",4,58,64,38,26
050,27,077,"Minnesota","Lake of the Woods County",4,59,63,41,22
050,27,077,"Minnesota","Lake of the Woods County",4,60,67,43,24
050,27,077,"Minnesota","Lake of the Woods County",4,61,72,39,33
050,27,077,"Minnesota","Lake of the Woods County",4,62,69,37,32
050,27,077,"Minnesota","Lake of the Woods County",4,63,85,44,41
050,27,077,"Minnesota","Lake of the Woods County",4,64,85,42,43
050,27,077,"Minnesota","Lake of the Woods County",4,65,74,39,35
050,27,077,"Minnesota","Lake of the Woods County",4,66,84,46,38
050,27,077,"Minnesota","Lake of the Woods County",4,67,88,55,33
050,27,077,"Minnesota","Lake of the Woods County",4,68,78,43,35
050,27,077,"Minnesota","Lake of the Woods County",4,69,69,35,34
050,27,077,"Minnesota","Lake of the Woods County",4,70,61,31,30
050,27,077,"Minnesota","Lake of the Woods County",4,71,58,25,33
050,27,077,"Minnesota","Lake of the Woods County",4,72,60,30,30
050,27,077,"Minnesota","Lake of the Woods County",4,73,51,30,21
050,27,077,"Minnesota","Lake of the Woods County",4,74,45,30,15
050,27,077,"Minnesota","Lake of the Woods County",4,75,43,26,17
050,27,077,"Minnesota","Lake of the Woods County",4,76,35,19,16
050,27,077,"Minnesota","Lake of the Woods County",4,77,29,11,18
050,27,077,"Minnesota","Lake of the Woods County",4,78,27,13,14
050,27,077,"Minnesota","Lake of the Woods County",4,79,28,13,15
050,27,077,"Minnesota","Lake of the Woods County",4,80,24,11,13
050,27,077,"Minnesota","Lake of the Woods County",4,81,23,11,12
050,27,077,"Minnesota","Lake of the Woods County",4,82,22,10,12
050,27,077,"Minnesota","Lake of the Woods County",4,83,20,11,9
050,27,077,"Minnesota","Lake of the Woods County",4,84,15,10,5
050,27,077,"Minnesota","Lake of the Woods County",4,85,79,25,54
050,27,077,"Minnesota","Lake of the Woods County",5,0,38,20,18
050,27,077,"Minnesota","Lake of the Woods County",5,1,38,18,20
050,27,077,"Minnesota","Lake of the Woods County",5,2,29,20,9
050,27,077,"Minnesota","Lake of the Woods County",5,3,46,22,24
050,27,077,"Minnesota","Lake of the Woods County",5,4,39,20,19
050,27,077,"Minnesota","Lake of the Woods County",5,5,37,19,18
050,27,077,"Minnesota","Lake of the Woods County",5,6,47,29,18
050,27,077,"Minnesota","Lake of the Woods County",5,7,42,25,17
050,27,077,"Minnesota","Lake of the Woods County",5,8,36,19,17
050,27,077,"Minnesota","Lake of the Woods County",5,9,37,13,24
050,27,077,"Minnesota","Lake of the Woods County",5,10,45,23,22
050,27,077,"Minnesota","Lake of the Woods County",5,11,38,21,17
050,27,077,"Minnesota","Lake of the Woods County",5,12,29,16,13
050,27,077,"Minnesota","Lake of the Woods County",5,13,36,20,16
050,27,077,"Minnesota","Lake of the Woods County",5,14,40,23,17
050,27,077,"Minnesota","Lake of the Woods County",5,15,46,18,28
050,27,077,"Minnesota","Lake of the Woods County",5,16,44,20,24
050,27,077,"Minnesota","Lake of the Woods County",5,17,52,22,30
050,27,077,"Minnesota","Lake of the Woods County",5,18,39,22,17
050,27,077,"Minnesota","Lake of the Woods County",5,19,34,20,14
050,27,077,"Minnesota","Lake of the Woods County",5,20,29,14,15
050,27,077,"Minnesota","Lake of the Woods County",5,21,32,20,12
050,27,077,"Minnesota","Lake of the Woods County",5,22,26,12,14
050,27,077,"Minnesota","Lake of the Woods County",5,23,22,11,11
050,27,077,"Minnesota","Lake of the Woods County",5,24,31,18,13
050,27,077,"Minnesota","Lake of the Woods County",5,25,31,16,15
050,27,077,"Minnesota","Lake of the Woods County",5,26,23,13,10
050,27,077,"Minnesota","Lake of the Woods County",5,27,25,13,12
050,27,077,"Minnesota","Lake of the Woods County",5,28,37,26,11
050,27,077,"Minnesota","Lake of the Woods County",5,29,37,21,16
050,27,077,"Minnesota","Lake of the Woods County",5,30,44,27,17
050,27,077,"Minnesota","Lake of the Woods County",5,31,31,14,17
050,27,077,"Minnesota","Lake of the Woods County",5,32,30,16,14
050,27,077,"Minnesota","Lake of the Woods County",5,33,33,19,14
050,27,077,"Minnesota","Lake of the Woods County",5,34,34,17,17
050,27,077,"Minnesota","Lake of the Woods County",5,35,31,16,15
050,27,077,"Minnesota","Lake of the Woods County",5,36,41,22,19
050,27,077,"Minnesota","Lake of the Woods County",5,37,38,18,20
050,27,077,"Minnesota","Lake of the Woods County",5,38,39,20,19
050,27,077,"Minnesota","Lake of the Woods County",5,39,34,20,14
050,27,077,"Minnesota","Lake of the Woods County",5,40,45,24,21
050,27,077,"Minnesota","Lake of the Woods County",5,41,43,21,22
050,27,077,"Minnesota","Lake of the Woods County",5,42,35,17,18
050,27,077,"Minnesota","Lake of the Woods County",5,43,43,26,17
050,27,077,"Minnesota","Lake of the Woods County",5,44,50,26,24
050,27,077,"Minnesota","Lake of the Woods County",5,45,48,24,24
050,27,077,"Minnesota","Lake of the Woods County",5,46,49,23,26
050,27,077,"Minnesota","Lake of the Woods County",5,47,39,18,21
050,27,077,"Minnesota","Lake of the Woods County",5,48,40,20,20
050,27,077,"Minnesota","Lake of the Woods County",5,49,38,21,17
050,27,077,"Minnesota","Lake of the Woods County",5,50,38,20,18
050,27,077,"Minnesota","Lake of the Woods County",5,51,45,25,20
050,27,077,"Minnesota","Lake of the Woods County",5,52,43,22,21
050,27,077,"Minnesota","Lake of the Woods County",5,53,50,27,23
050,27,077,"Minnesota","Lake of the Woods County",5,54,41,18,23
050,27,077,"Minnesota","Lake of the Woods County",5,55,48,25,23
050,27,077,"Minnesota","Lake of the Woods County",5,56,50,24,26
050,27,077,"Minnesota","Lake of the Woods County",5,57,58,29,29
050,27,077,"Minnesota","Lake of the Woods County",5,58,61,31,30
050,27,077,"Minnesota","Lake of the Woods County",5,59,68,40,28
050,27,077,"Minnesota","Lake of the Woods County",5,60,65,44,21
050,27,077,"Minnesota","Lake of the Woods County",5,61,71,47,24
050,27,077,"Minnesota","Lake of the Woods County",5,62,73,39,34
050,27,077,"Minnesota","Lake of the Woods County",5,63,71,38,33
050,27,077,"Minnesota","Lake of the Woods County",5,64,84,42,42
050,27,077,"Minnesota","Lake of the Woods County",5,65,85,42,43
050,27,077,"Minnesota","Lake of the Woods County",5,66,73,36,37
050,27,077,"Minnesota","Lake of the Woods County",5,67,83,47,36
050,27,077,"Minnesota","Lake of the Woods County",5,68,90,56,34
050,27,077,"Minnesota","Lake of the Woods County",5,69,76,43,33
050,27,077,"Minnesota","Lake of the Woods County",5,70,68,36,32
050,27,077,"Minnesota","Lake of the Woods County",5,71,62,32,30
050,27,077,"Minnesota","Lake of the Woods County",5,72,53,23,30
050,27,077,"Minnesota","Lake of the Woods County",5,73,60,30,30
050,27,077,"Minnesota","Lake of the Woods County",5,74,44,27,17
050,27,077,"Minnesota","Lake of the Woods County",5,75,45,30,15
050,27,077,"Minnesota","Lake of the Woods County",5,76,43,26,17
050,27,077,"Minnesota","Lake of the Woods County",5,77,28,16,12
050,27,077,"Minnesota","Lake of the Woods County",5,78,30,11,19
050,27,077,"Minnesota","Lake of the Woods County",5,79,23,11,12
050,27,077,"Minnesota","Lake of the Woods County",5,80,24,11,13
050,27,077,"Minnesota","Lake of the Woods County",5,81,26,13,13
050,27,077,"Minnesota","Lake of the Woods County",5,82,20,10,10
050,27,077,"Minnesota","Lake of the Woods County",5,83,22,8,14
050,27,077,"Minnesota","Lake of the Woods County",5,84,14,9,5
050,27,077,"Minnesota","Lake of the Woods County",5,85,73,25,48
050,27,079,"Minnesota","Le Sueur County",1,0,311,159,152
050,27,079,"Minnesota","Le Sueur County",1,1,314,160,154
050,27,079,"Minnesota","Le Sueur County",1,2,336,158,178
050,27,079,"Minnesota","Le Sueur County",1,3,369,194,175
050,27,079,"Minnesota","Le Sueur County",1,4,342,184,158
050,27,079,"Minnesota","Le Sueur County",1,5,348,182,166
050,27,079,"Minnesota","Le Sueur County",1,6,328,176,152
050,27,079,"Minnesota","Le Sueur County",1,7,361,181,180
050,27,079,"Minnesota","Le Sueur County",1,8,384,201,183
050,27,079,"Minnesota","Le Sueur County",1,9,386,199,187
050,27,079,"Minnesota","Le Sueur County",1,10,387,192,195
050,27,079,"Minnesota","Le Sueur County",1,11,393,204,189
050,27,079,"Minnesota","Le Sueur County",1,12,429,231,198
050,27,079,"Minnesota","Le Sueur County",1,13,397,203,194
050,27,079,"Minnesota","Le Sueur County",1,14,435,219,216
050,27,079,"Minnesota","Le Sueur County",1,15,425,208,217
050,27,079,"Minnesota","Le Sueur County",1,16,455,231,224
050,27,079,"Minnesota","Le Sueur County",1,17,400,208,192
050,27,079,"Minnesota","Le Sueur County",1,18,358,195,163
050,27,079,"Minnesota","Le Sueur County",1,19,269,146,123
050,27,079,"Minnesota","Le Sueur County",1,20,273,141,132
050,27,079,"Minnesota","Le Sueur County",1,21,275,140,135
050,27,079,"Minnesota","Le Sueur County",1,22,306,148,158
050,27,079,"Minnesota","Le Sueur County",1,23,307,151,156
050,27,079,"Minnesota","Le Sueur County",1,24,311,164,147
050,27,079,"Minnesota","Le Sueur County",1,25,295,149,146
050,27,079,"Minnesota","Le Sueur County",1,26,310,155,155
050,27,079,"Minnesota","Le Sueur County",1,27,327,159,168
050,27,079,"Minnesota","Le Sueur County",1,28,298,152,146
050,27,079,"Minnesota","Le Sueur County",1,29,310,160,150
050,27,079,"Minnesota","Le Sueur County",1,30,315,152,163
050,27,079,"Minnesota","Le Sueur County",1,31,280,133,147
050,27,079,"Minnesota","Le Sueur County",1,32,319,176,143
050,27,079,"Minnesota","Le Sueur County",1,33,329,164,165
050,27,079,"Minnesota","Le Sueur County",1,34,321,161,160
050,27,079,"Minnesota","Le Sueur County",1,35,343,180,163
050,27,079,"Minnesota","Le Sueur County",1,36,347,180,167
050,27,079,"Minnesota","Le Sueur County",1,37,375,188,187
050,27,079,"Minnesota","Le Sueur County",1,38,385,207,178
050,27,079,"Minnesota","Le Sueur County",1,39,384,193,191
050,27,079,"Minnesota","Le Sueur County",1,40,386,199,187
050,27,079,"Minnesota","Le Sueur County",1,41,369,202,167
050,27,079,"Minnesota","Le Sueur County",1,42,361,180,181
050,27,079,"Minnesota","Le Sueur County",1,43,356,177,179
050,27,079,"Minnesota","Le Sueur County",1,44,343,171,172
050,27,079,"Minnesota","Le Sueur County",1,45,319,158,161
050,27,079,"Minnesota","Le Sueur County",1,46,295,163,132
050,27,079,"Minnesota","Le Sueur County",1,47,333,179,154
050,27,079,"Minnesota","Le Sueur County",1,48,350,182,168
050,27,079,"Minnesota","Le Sueur County",1,49,399,198,201
050,27,079,"Minnesota","Le Sueur County",1,50,414,208,206
050,27,079,"Minnesota","Le Sueur County",1,51,397,218,179
050,27,079,"Minnesota","Le Sueur County",1,52,370,204,166
050,27,079,"Minnesota","Le Sueur County",1,53,396,215,181
050,27,079,"Minnesota","Le Sueur County",1,54,409,219,190
050,27,079,"Minnesota","Le Sueur County",1,55,435,222,213
050,27,079,"Minnesota","Le Sueur County",1,56,444,240,204
050,27,079,"Minnesota","Le Sueur County",1,57,456,239,217
050,27,079,"Minnesota","Le Sueur County",1,58,449,232,217
050,27,079,"Minnesota","Le Sueur County",1,59,438,226,212
050,27,079,"Minnesota","Le Sueur County",1,60,440,232,208
050,27,079,"Minnesota","Le Sueur County",1,61,419,220,199
050,27,079,"Minnesota","Le Sueur County",1,62,403,214,189
050,27,079,"Minnesota","Le Sueur County",1,63,381,197,184
050,27,079,"Minnesota","Le Sueur County",1,64,374,200,174
050,27,079,"Minnesota","Le Sueur County",1,65,376,193,183
050,27,079,"Minnesota","Le Sueur County",1,66,355,172,183
050,27,079,"Minnesota","Le Sueur County",1,67,329,169,160
050,27,079,"Minnesota","Le Sueur County",1,68,321,171,150
050,27,079,"Minnesota","Le Sueur County",1,69,298,145,153
050,27,079,"Minnesota","Le Sueur County",1,70,302,157,145
050,27,079,"Minnesota","Le Sueur County",1,71,283,143,140
050,27,079,"Minnesota","Le Sueur County",1,72,263,131,132
050,27,079,"Minnesota","Le Sueur County",1,73,270,128,142
050,27,079,"Minnesota","Le Sueur County",1,74,199,97,102
050,27,079,"Minnesota","Le Sueur County",1,75,198,99,99
050,27,079,"Minnesota","Le Sueur County",1,76,193,93,100
050,27,079,"Minnesota","Le Sueur County",1,77,195,92,103
050,27,079,"Minnesota","Le Sueur County",1,78,168,75,93
050,27,079,"Minnesota","Le Sueur County",1,79,160,70,90
050,27,079,"Minnesota","Le Sueur County",1,80,158,81,77
050,27,079,"Minnesota","Le Sueur County",1,81,145,80,65
050,27,079,"Minnesota","Le Sueur County",1,82,128,67,61
050,27,079,"Minnesota","Le Sueur County",1,83,120,54,66
050,27,079,"Minnesota","Le Sueur County",1,84,98,44,54
050,27,079,"Minnesota","Le Sueur County",1,85,535,166,369
050,27,079,"Minnesota","Le Sueur County",2,0,297,156,141
050,27,079,"Minnesota","Le Sueur County",2,1,308,157,151
050,27,079,"Minnesota","Le Sueur County",2,2,329,156,173
050,27,079,"Minnesota","Le Sueur County",2,3,360,185,175
050,27,079,"Minnesota","Le Sueur County",2,4,351,188,163
050,27,079,"Minnesota","Le Sueur County",2,5,347,184,163
050,27,079,"Minnesota","Le Sueur County",2,6,338,179,159
050,27,079,"Minnesota","Le Sueur County",2,7,354,180,174
050,27,079,"Minnesota","Le Sueur County",2,8,379,195,184
050,27,079,"Minnesota","Le Sueur County",2,9,387,199,188
050,27,079,"Minnesota","Le Sueur County",2,10,386,194,192
050,27,079,"Minnesota","Le Sueur County",2,11,389,199,190
050,27,079,"Minnesota","Le Sueur County",2,12,416,222,194
050,27,079,"Minnesota","Le Sueur County",2,13,406,210,196
050,27,079,"Minnesota","Le Sueur County",2,14,426,213,213
050,27,079,"Minnesota","Le Sueur County",2,15,428,212,216
050,27,079,"Minnesota","Le Sueur County",2,16,444,223,221
050,27,079,"Minnesota","Le Sueur County",2,17,413,213,200
050,27,079,"Minnesota","Le Sueur County",2,18,350,190,160
050,27,079,"Minnesota","Le Sueur County",2,19,272,148,124
050,27,079,"Minnesota","Le Sueur County",2,20,275,144,131
050,27,079,"Minnesota","Le Sueur County",2,21,277,141,136
050,27,079,"Minnesota","Le Sueur County",2,22,301,146,155
050,27,079,"Minnesota","Le Sueur County",2,23,307,150,157
050,27,079,"Minnesota","Le Sueur County",2,24,309,162,147
050,27,079,"Minnesota","Le Sueur County",2,25,299,155,144
050,27,079,"Minnesota","Le Sueur County",2,26,305,153,152
050,27,079,"Minnesota","Le Sueur County",2,27,321,158,163
050,27,079,"Minnesota","Le Sueur County",2,28,307,156,151
050,27,079,"Minnesota","Le Sueur County",2,29,309,159,150
050,27,079,"Minnesota","Le Sueur County",2,30,316,156,160
050,27,079,"Minnesota","Le Sueur County",2,31,289,140,149
050,27,079,"Minnesota","Le Sueur County",2,32,309,165,144
050,27,079,"Minnesota","Le Sueur County",2,33,325,166,159
050,27,079,"Minnesota","Le Sueur County",2,34,322,162,160
050,27,079,"Minnesota","Le Sueur County",2,35,337,176,161
050,27,079,"Minnesota","Le Sueur County",2,36,343,177,166
050,27,079,"Minnesota","Le Sueur County",2,37,371,188,183
050,27,079,"Minnesota","Le Sueur County",2,38,386,204,182
050,27,079,"Minnesota","Le Sueur County",2,39,384,196,188
050,27,079,"Minnesota","Le Sueur County",2,40,392,201,191
050,27,079,"Minnesota","Le Sueur County",2,41,374,202,172
050,27,079,"Minnesota","Le Sueur County",2,42,362,185,177
050,27,079,"Minnesota","Le Sueur County",2,43,359,180,179
050,27,079,"Minnesota","Le Sueur County",2,44,341,169,172
050,27,079,"Minnesota","Le Sueur County",2,45,329,163,166
050,27,079,"Minnesota","Le Sueur County",2,46,299,162,137
050,27,079,"Minnesota","Le Sueur County",2,47,325,177,148
050,27,079,"Minnesota","Le Sueur County",2,48,346,183,163
050,27,079,"Minnesota","Le Sueur County",2,49,388,195,193
050,27,079,"Minnesota","Le Sueur County",2,50,413,209,204
050,27,079,"Minnesota","Le Sueur County",2,51,398,214,184
050,27,079,"Minnesota","Le Sueur County",2,52,376,206,170
050,27,079,"Minnesota","Le Sueur County",2,53,390,212,178
050,27,079,"Minnesota","Le Sueur County",2,54,401,217,184
050,27,079,"Minnesota","Le Sueur County",2,55,428,221,207
050,27,079,"Minnesota","Le Sueur County",2,56,442,236,206
050,27,079,"Minnesota","Le Sueur County",2,57,455,240,215
050,27,079,"Minnesota","Le Sueur County",2,58,448,232,216
050,27,079,"Minnesota","Le Sueur County",2,59,441,229,212
050,27,079,"Minnesota","Le Sueur County",2,60,439,230,209
050,27,079,"Minnesota","Le Sueur County",2,61,417,219,198
050,27,079,"Minnesota","Le Sueur County",2,62,404,213,191
050,27,079,"Minnesota","Le Sueur County",2,63,390,202,188
050,27,079,"Minnesota","Le Sueur County",2,64,373,199,174
050,27,079,"Minnesota","Le Sueur County",2,65,376,196,180
050,27,079,"Minnesota","Le Sueur County",2,66,362,178,184
050,27,079,"Minnesota","Le Sueur County",2,67,333,168,165
050,27,079,"Minnesota","Le Sueur County",2,68,318,167,151
050,27,079,"Minnesota","Le Sueur County",2,69,307,153,154
050,27,079,"Minnesota","Le Sueur County",2,70,298,152,146
050,27,079,"Minnesota","Le Sueur County",2,71,286,145,141
050,27,079,"Minnesota","Le Sueur County",2,72,263,131,132
050,27,079,"Minnesota","Le Sueur County",2,73,280,135,145
050,27,079,"Minnesota","Le Sueur County",2,74,201,97,104
050,27,079,"Minnesota","Le Sueur County",2,75,196,98,98
050,27,079,"Minnesota","Le Sueur County",2,76,186,90,96
050,27,079,"Minnesota","Le Sueur County",2,77,199,93,106
050,27,079,"Minnesota","Le Sueur County",2,78,170,77,93
050,27,079,"Minnesota","Le Sueur County",2,79,160,71,89
050,27,079,"Minnesota","Le Sueur County",2,80,157,78,79
050,27,079,"Minnesota","Le Sueur County",2,81,147,81,66
050,27,079,"Minnesota","Le Sueur County",2,82,132,69,63
050,27,079,"Minnesota","Le Sueur County",2,83,120,55,65
050,27,079,"Minnesota","Le Sueur County",2,84,102,46,56
050,27,079,"Minnesota","Le Sueur County",2,85,542,169,373
050,27,079,"Minnesota","Le Sueur County",3,0,288,142,146
050,27,079,"Minnesota","Le Sueur County",3,1,329,178,151
050,27,079,"Minnesota","Le Sueur County",3,2,318,153,165
050,27,079,"Minnesota","Le Sueur County",3,3,326,158,168
050,27,079,"Minnesota","Le Sueur County",3,4,373,196,177
050,27,079,"Minnesota","Le Sueur County",3,5,355,190,165
050,27,079,"Minnesota","Le Sueur County",3,6,356,187,169
050,27,079,"Minnesota","Le Sueur County",3,7,346,185,161
050,27,079,"Minnesota","Le Sueur County",3,8,358,177,181
050,27,079,"Minnesota","Le Sueur County",3,9,376,195,181
050,27,079,"Minnesota","Le Sueur County",3,10,404,209,195
050,27,079,"Minnesota","Le Sueur County",3,11,384,193,191
050,27,079,"Minnesota","Le Sueur County",3,12,395,201,194
050,27,079,"Minnesota","Le Sueur County",3,13,424,228,196
050,27,079,"Minnesota","Le Sueur County",3,14,423,215,208
050,27,079,"Minnesota","Le Sueur County",3,15,427,213,214
050,27,079,"Minnesota","Le Sueur County",3,16,430,220,210
050,27,079,"Minnesota","Le Sueur County",3,17,423,210,213
050,27,079,"Minnesota","Le Sueur County",3,18,353,187,166
050,27,079,"Minnesota","Le Sueur County",3,19,274,152,122
050,27,079,"Minnesota","Le Sueur County",3,20,308,164,144
050,27,079,"Minnesota","Le Sueur County",3,21,289,150,139
050,27,079,"Minnesota","Le Sueur County",3,22,309,158,151
050,27,079,"Minnesota","Le Sueur County",3,23,302,155,147
050,27,079,"Minnesota","Le Sueur County",3,24,328,160,168
050,27,079,"Minnesota","Le Sueur County",3,25,313,167,146
050,27,079,"Minnesota","Le Sueur County",3,26,308,161,147
050,27,079,"Minnesota","Le Sueur County",3,27,334,154,180
050,27,079,"Minnesota","Le Sueur County",3,28,326,173,153
050,27,079,"Minnesota","Le Sueur County",3,29,300,150,150
050,27,079,"Minnesota","Le Sueur County",3,30,319,165,154
050,27,079,"Minnesota","Le Sueur County",3,31,324,165,159
050,27,079,"Minnesota","Le Sueur County",3,32,306,155,151
050,27,079,"Minnesota","Le Sueur County",3,33,305,162,143
050,27,079,"Minnesota","Le Sueur County",3,34,334,167,167
050,27,079,"Minnesota","Le Sueur County",3,35,343,171,172
050,27,079,"Minnesota","Le Sueur County",3,36,349,184,165
050,27,079,"Minnesota","Le Sueur County",3,37,340,170,170
050,27,079,"Minnesota","Le Sueur County",3,38,385,195,190
050,27,079,"Minnesota","Le Sueur County",3,39,394,213,181
050,27,079,"Minnesota","Le Sueur County",3,40,393,201,192
050,27,079,"Minnesota","Le Sueur County",3,41,396,207,189
050,27,079,"Minnesota","Le Sueur County",3,42,369,199,170
050,27,079,"Minnesota","Le Sueur County",3,43,359,188,171
050,27,079,"Minnesota","Le Sueur County",3,44,362,181,181
050,27,079,"Minnesota","Le Sueur County",3,45,336,161,175
050,27,079,"Minnesota","Le Sueur County",3,46,327,168,159
050,27,079,"Minnesota","Le Sueur County",3,47,314,162,152
050,27,079,"Minnesota","Le Sueur County",3,48,324,177,147
050,27,079,"Minnesota","Le Sueur County",3,49,352,185,167
050,27,079,"Minnesota","Le Sueur County",3,50,394,198,196
050,27,079,"Minnesota","Le Sueur County",3,51,413,211,202
050,27,079,"Minnesota","Le Sueur County",3,52,403,221,182
050,27,079,"Minnesota","Le Sueur County",3,53,378,210,168
050,27,079,"Minnesota","Le Sueur County",3,54,383,211,172
050,27,079,"Minnesota","Le Sueur County",3,55,398,210,188
050,27,079,"Minnesota","Le Sueur County",3,56,425,224,201
050,27,079,"Minnesota","Le Sueur County",3,57,448,236,212
050,27,079,"Minnesota","Le Sueur County",3,58,449,229,220
050,27,079,"Minnesota","Le Sueur County",3,59,445,234,211
050,27,079,"Minnesota","Le Sueur County",3,60,438,225,213
050,27,079,"Minnesota","Le Sueur County",3,61,441,229,212
050,27,079,"Minnesota","Le Sueur County",3,62,407,217,190
050,27,079,"Minnesota","Le Sueur County",3,63,408,215,193
050,27,079,"Minnesota","Le Sueur County",3,64,382,199,183
050,27,079,"Minnesota","Le Sueur County",3,65,364,193,171
050,27,079,"Minnesota","Le Sueur County",3,66,380,198,182
050,27,079,"Minnesota","Le Sueur County",3,67,355,178,177
050,27,079,"Minnesota","Le Sueur County",3,68,329,167,162
050,27,079,"Minnesota","Le Sueur County",3,69,321,166,155
050,27,079,"Minnesota","Le Sueur County",3,70,294,147,147
050,27,079,"Minnesota","Le Sueur County",3,71,293,147,146
050,27,079,"Minnesota","Le Sueur County",3,72,273,138,135
050,27,079,"Minnesota","Le Sueur County",3,73,253,129,124
050,27,079,"Minnesota","Le Sueur County",3,74,270,129,141
050,27,079,"Minnesota","Le Sueur County",3,75,192,93,99
050,27,079,"Minnesota","Le Sueur County",3,76,184,93,91
050,27,079,"Minnesota","Le Sueur County",3,77,179,85,94
050,27,079,"Minnesota","Le Sueur County",3,78,179,80,99
050,27,079,"Minnesota","Le Sueur County",3,79,168,73,95
050,27,079,"Minnesota","Le Sueur County",3,80,154,70,84
050,27,079,"Minnesota","Le Sueur County",3,81,151,75,76
050,27,079,"Minnesota","Le Sueur County",3,82,138,69,69
050,27,079,"Minnesota","Le Sueur County",3,83,128,67,61
050,27,079,"Minnesota","Le Sueur County",3,84,107,50,57
050,27,079,"Minnesota","Le Sueur County",3,85,566,183,383
050,27,079,"Minnesota","Le Sueur County",4,0,312,148,164
050,27,079,"Minnesota","Le Sueur County",4,1,307,153,154
050,27,079,"Minnesota","Le Sueur County",4,2,336,186,150
050,27,079,"Minnesota","Le Sueur County",4,3,327,160,167
050,27,079,"Minnesota","Le Sueur County",4,4,326,154,172
050,27,079,"Minnesota","Le Sueur County",4,5,357,189,168
050,27,079,"Minnesota","Le Sueur County",4,6,365,195,170
050,27,079,"Minnesota","Le Sueur County",4,7,371,192,179
050,27,079,"Minnesota","Le Sueur County",4,8,355,191,164
050,27,079,"Minnesota","Le Sueur County",4,9,375,191,184
050,27,079,"Minnesota","Le Sueur County",4,10,384,199,185
050,27,079,"Minnesota","Le Sueur County",4,11,413,213,200
050,27,079,"Minnesota","Le Sueur County",4,12,394,196,198
050,27,079,"Minnesota","Le Sueur County",4,13,413,217,196
050,27,079,"Minnesota","Le Sueur County",4,14,421,226,195
050,27,079,"Minnesota","Le Sueur County",4,15,426,215,211
050,27,079,"Minnesota","Le Sueur County",4,16,451,227,224
050,27,079,"Minnesota","Le Sueur County",4,17,427,220,207
050,27,079,"Minnesota","Le Sueur County",4,18,350,181,169
050,27,079,"Minnesota","Le Sueur County",4,19,266,144,122
050,27,079,"Minnesota","Le Sueur County",4,20,278,153,125
050,27,079,"Minnesota","Le Sueur County",4,21,292,160,132
050,27,079,"Minnesota","Le Sueur County",4,22,284,147,137
050,27,079,"Minnesota","Le Sueur County",4,23,302,158,144
050,27,079,"Minnesota","Le Sueur County",4,24,295,155,140
050,27,079,"Minnesota","Le Sueur County",4,25,324,160,164
050,27,079,"Minnesota","Le Sueur County",4,26,331,176,155
050,27,079,"Minnesota","Le Sueur County",4,27,304,157,147
050,27,079,"Minnesota","Le Sueur County",4,28,343,158,185
050,27,079,"Minnesota","Le Sueur County",4,29,336,176,160
050,27,079,"Minnesota","Le Sueur County",4,30,323,163,160
050,27,079,"Minnesota","Le Sueur County",4,31,326,168,158
050,27,079,"Minnesota","Le Sueur County",4,32,345,177,168
050,27,079,"Minnesota","Le Sueur County",4,33,326,164,162
050,27,079,"Minnesota","Le Sueur County",4,34,309,167,142
050,27,079,"Minnesota","Le Sueur County",4,35,347,180,167
050,27,079,"Minnesota","Le Sueur County",4,36,353,175,178
050,27,079,"Minnesota","Le Sueur County",4,37,350,179,171
050,27,079,"Minnesota","Le Sueur County",4,38,361,178,183
050,27,079,"Minnesota","Le Sueur County",4,39,401,202,199
050,27,079,"Minnesota","Le Sueur County",4,40,402,216,186
050,27,079,"Minnesota","Le Sueur County",4,41,406,213,193
050,27,079,"Minnesota","Le Sueur County",4,42,387,202,185
050,27,079,"Minnesota","Le Sueur County",4,43,386,211,175
050,27,079,"Minnesota","Le Sueur County",4,44,359,184,175
050,27,079,"Minnesota","Le Sueur County",4,45,375,182,193
050,27,079,"Minnesota","Le Sueur County",4,46,336,158,178
050,27,079,"Minnesota","Le Sueur County",4,47,329,171,158
050,27,079,"Minnesota","Le Sueur County",4,48,315,165,150
050,27,079,"Minnesota","Le Sueur County",4,49,321,179,142
050,27,079,"Minnesota","Le Sueur County",4,50,344,180,164
050,27,079,"Minnesota","Le Sueur County",4,51,393,197,196
050,27,079,"Minnesota","Le Sueur County",4,52,424,221,203
050,27,079,"Minnesota","Le Sueur County",4,53,402,216,186
050,27,079,"Minnesota","Le Sueur County",4,54,369,203,166
050,27,079,"Minnesota","Le Sueur County",4,55,398,218,180
050,27,079,"Minnesota","Le Sueur County",4,56,409,219,190
050,27,079,"Minnesota","Le Sueur County",4,57,430,225,205
050,27,079,"Minnesota","Le Sueur County",4,58,452,234,218
050,27,079,"Minnesota","Le Sueur County",4,59,449,225,224
050,27,079,"Minnesota","Le Sueur County",4,60,441,227,214
050,27,079,"Minnesota","Le Sueur County",4,61,437,227,210
050,27,079,"Minnesota","Le Sueur County",4,62,437,228,209
050,27,079,"Minnesota","Le Sueur County",4,63,419,221,198
050,27,079,"Minnesota","Le Sueur County",4,64,393,211,182
050,27,079,"Minnesota","Le Sueur County",4,65,375,193,182
050,27,079,"Minnesota","Le Sueur County",4,66,368,194,174
050,27,079,"Minnesota","Le Sueur County",4,67,366,192,174
050,27,079,"Minnesota","Le Sueur County",4,68,353,174,179
050,27,079,"Minnesota","Le Sueur County",4,69,332,164,168
050,27,079,"Minnesota","Le Sueur County",4,70,309,159,150
050,27,079,"Minnesota","Le Sueur County",4,71,281,139,142
050,27,079,"Minnesota","Le Sueur County",4,72,282,140,142
050,27,079,"Minnesota","Le Sueur County",4,73,270,132,138
050,27,079,"Minnesota","Le Sueur County",4,74,244,126,118
050,27,079,"Minnesota","Le Sueur County",4,75,259,119,140
050,27,079,"Minnesota","Le Sueur County",4,76,187,92,95
050,27,079,"Minnesota","Le Sueur County",4,77,181,88,93
050,27,079,"Minnesota","Le Sueur County",4,78,164,77,87
050,27,079,"Minnesota","Le Sueur County",4,79,177,76,101
050,27,079,"Minnesota","Le Sueur County",4,80,156,72,84
050,27,079,"Minnesota","Le Sueur County",4,81,142,64,78
050,27,079,"Minnesota","Le Sueur County",4,82,139,62,77
050,27,079,"Minnesota","Le Sueur County",4,83,131,63,68
050,27,079,"Minnesota","Le Sueur County",4,84,111,59,52
050,27,079,"Minnesota","Le Sueur County",4,85,578,193,385
050,27,079,"Minnesota","Le Sueur County",5,0,315,148,167
050,27,079,"Minnesota","Le Sueur County",5,1,322,151,171
050,27,079,"Minnesota","Le Sueur County",5,2,312,162,150
050,27,079,"Minnesota","Le Sueur County",5,3,329,175,154
050,27,079,"Minnesota","Le Sueur County",5,4,330,166,164
050,27,079,"Minnesota","Le Sueur County",5,5,331,156,175
050,27,079,"Minnesota","Le Sueur County",5,6,347,186,161
050,27,079,"Minnesota","Le Sueur County",5,7,379,209,170
050,27,079,"Minnesota","Le Sueur County",5,8,360,187,173
050,27,079,"Minnesota","Le Sueur County",5,9,365,198,167
050,27,079,"Minnesota","Le Sueur County",5,10,372,179,193
050,27,079,"Minnesota","Le Sueur County",5,11,397,210,187
050,27,079,"Minnesota","Le Sueur County",5,12,403,209,194
050,27,079,"Minnesota","Le Sueur County",5,13,405,204,201
050,27,079,"Minnesota","Le Sueur County",5,14,410,213,197
050,27,079,"Minnesota","Le Sueur County",5,15,430,234,196
050,27,079,"Minnesota","Le Sueur County",5,16,444,221,223
050,27,079,"Minnesota","Le Sueur County",5,17,442,222,220
050,27,079,"Minnesota","Le Sueur County",5,18,349,188,161
050,27,079,"Minnesota","Le Sueur County",5,19,278,142,136
050,27,079,"Minnesota","Le Sueur County",5,20,276,148,128
050,27,079,"Minnesota","Le Sueur County",5,21,303,165,138
050,27,079,"Minnesota","Le Sueur County",5,22,296,162,134
050,27,079,"Minnesota","Le Sueur County",5,23,312,161,151
050,27,079,"Minnesota","Le Sueur County",5,24,295,153,142
050,27,079,"Minnesota","Le Sueur County",5,25,290,154,136
050,27,079,"Minnesota","Le Sueur County",5,26,327,162,165
050,27,079,"Minnesota","Le Sueur County",5,27,316,173,143
050,27,079,"Minnesota","Le Sueur County",5,28,306,156,150
050,27,079,"Minnesota","Le Sueur County",5,29,334,160,174
050,27,079,"Minnesota","Le Sueur County",5,30,352,179,173
050,27,079,"Minnesota","Le Sueur County",5,31,329,165,164
050,27,079,"Minnesota","Le Sueur County",5,32,336,175,161
050,27,079,"Minnesota","Le Sueur County",5,33,355,179,176
050,27,079,"Minnesota","Le Sueur County",5,34,330,167,163
050,27,079,"Minnesota","Le Sueur County",5,35,318,171,147
050,27,079,"Minnesota","Le Sueur County",5,36,350,172,178
050,27,079,"Minnesota","Le Sueur County",5,37,352,178,174
050,27,079,"Minnesota","Le Sueur County",5,38,363,192,171
050,27,079,"Minnesota","Le Sueur County",5,39,366,180,186
050,27,079,"Minnesota","Le Sueur County",5,40,406,204,202
050,27,079,"Minnesota","Le Sueur County",5,41,403,212,191
050,27,079,"Minnesota","Le Sueur County",5,42,397,204,193
050,27,079,"Minnesota","Le Sueur County",5,43,397,210,187
050,27,079,"Minnesota","Le Sueur County",5,44,392,211,181
050,27,079,"Minnesota","Le Sueur County",5,45,377,194,183
050,27,079,"Minnesota","Le Sueur County",5,46,361,181,180
050,27,079,"Minnesota","Le Sueur County",5,47,340,161,179
050,27,079,"Minnesota","Le Sueur County",5,48,333,171,162
050,27,079,"Minnesota","Le Sueur County",5,49,311,163,148
050,27,079,"Minnesota","Le Sueur County",5,50,328,181,147
050,27,079,"Minnesota","Le Sueur County",5,51,353,185,168
050,27,079,"Minnesota","Le Sueur County",5,52,387,195,192
050,27,079,"Minnesota","Le Sueur County",5,53,420,214,206
050,27,079,"Minnesota","Le Sueur County",5,54,399,215,184
050,27,079,"Minnesota","Le Sueur County",5,55,382,209,173
050,27,079,"Minnesota","Le Sueur County",5,56,393,217,176
050,27,079,"Minnesota","Le Sueur County",5,57,410,217,193
050,27,079,"Minnesota","Le Sueur County",5,58,418,216,202
050,27,079,"Minnesota","Le Sueur County",5,59,457,236,221
050,27,079,"Minnesota","Le Sueur County",5,60,463,232,231
050,27,079,"Minnesota","Le Sueur County",5,61,453,242,211
050,27,079,"Minnesota","Le Sueur County",5,62,426,224,202
050,27,079,"Minnesota","Le Sueur County",5,63,442,225,217
050,27,079,"Minnesota","Le Sueur County",5,64,406,214,192
050,27,079,"Minnesota","Le Sueur County",5,65,388,205,183
050,27,079,"Minnesota","Le Sueur County",5,66,371,194,177
050,27,079,"Minnesota","Le Sueur County",5,67,361,190,171
050,27,079,"Minnesota","Le Sueur County",5,68,354,187,167
050,27,079,"Minnesota","Le Sueur County",5,69,353,175,178
050,27,079,"Minnesota","Le Sueur County",5,70,318,157,161
050,27,079,"Minnesota","Le Sueur County",5,71,298,150,148
050,27,079,"Minnesota","Le Sueur County",5,72,278,134,144
050,27,079,"Minnesota","Le Sueur County",5,73,282,138,144
050,27,079,"Minnesota","Le Sueur County",5,74,271,132,139
050,27,079,"Minnesota","Le Sueur County",5,75,235,121,114
050,27,079,"Minnesota","Le Sueur County",5,76,255,117,138
050,27,079,"Minnesota","Le Sueur County",5,77,188,92,96
050,27,079,"Minnesota","Le Sueur County",5,78,164,81,83
050,27,079,"Minnesota","Le Sueur County",5,79,167,75,92
050,27,079,"Minnesota","Le Sueur County",5,80,165,72,93
050,27,079,"Minnesota","Le Sueur County",5,81,150,68,82
050,27,079,"Minnesota","Le Sueur County",5,82,131,53,78
050,27,079,"Minnesota","Le Sueur County",5,83,135,58,77
050,27,079,"Minnesota","Le Sueur County",5,84,112,54,58
050,27,079,"Minnesota","Le Sueur County",5,85,599,218,381
050,27,081,"Minnesota","Lincoln County",1,0,70,36,34
050,27,081,"Minnesota","Lincoln County",1,1,74,35,39
050,27,081,"Minnesota","Lincoln County",1,2,77,41,36
050,27,081,"Minnesota","Lincoln County",1,3,61,39,22
050,27,081,"Minnesota","Lincoln County",1,4,77,41,36
050,27,081,"Minnesota","Lincoln County",1,5,71,37,34
050,27,081,"Minnesota","Lincoln County",1,6,70,37,33
050,27,081,"Minnesota","Lincoln County",1,7,67,41,26
050,27,081,"Minnesota","Lincoln County",1,8,74,42,32
050,27,081,"Minnesota","Lincoln County",1,9,72,36,36
050,27,081,"Minnesota","Lincoln County",1,10,78,37,41
050,27,081,"Minnesota","Lincoln County",1,11,82,45,37
050,27,081,"Minnesota","Lincoln County",1,12,89,47,42
050,27,081,"Minnesota","Lincoln County",1,13,84,43,41
050,27,081,"Minnesota","Lincoln County",1,14,79,40,39
050,27,081,"Minnesota","Lincoln County",1,15,75,37,38
050,27,081,"Minnesota","Lincoln County",1,16,79,41,38
050,27,081,"Minnesota","Lincoln County",1,17,77,39,38
050,27,081,"Minnesota","Lincoln County",1,18,55,31,24
050,27,081,"Minnesota","Lincoln County",1,19,41,24,17
050,27,081,"Minnesota","Lincoln County",1,20,47,24,23
050,27,081,"Minnesota","Lincoln County",1,21,49,23,26
050,27,081,"Minnesota","Lincoln County",1,22,50,20,30
050,27,081,"Minnesota","Lincoln County",1,23,57,28,29
050,27,081,"Minnesota","Lincoln County",1,24,50,25,25
050,27,081,"Minnesota","Lincoln County",1,25,48,25,23
050,27,081,"Minnesota","Lincoln County",1,26,57,31,26
050,27,081,"Minnesota","Lincoln County",1,27,60,25,35
050,27,081,"Minnesota","Lincoln County",1,28,50,27,23
050,27,081,"Minnesota","Lincoln County",1,29,53,31,22
050,27,081,"Minnesota","Lincoln County",1,30,51,33,18
050,27,081,"Minnesota","Lincoln County",1,31,53,31,22
050,27,081,"Minnesota","Lincoln County",1,32,62,32,30
050,27,081,"Minnesota","Lincoln County",1,33,53,21,32
050,27,081,"Minnesota","Lincoln County",1,34,60,33,27
050,27,081,"Minnesota","Lincoln County",1,35,56,33,23
050,27,081,"Minnesota","Lincoln County",1,36,53,28,25
050,27,081,"Minnesota","Lincoln County",1,37,73,31,42
050,27,081,"Minnesota","Lincoln County",1,38,57,25,32
050,27,081,"Minnesota","Lincoln County",1,39,63,31,32
050,27,081,"Minnesota","Lincoln County",1,40,59,31,28
050,27,081,"Minnesota","Lincoln County",1,41,58,34,24
050,27,081,"Minnesota","Lincoln County",1,42,74,37,37
050,27,081,"Minnesota","Lincoln County",1,43,62,33,29
050,27,081,"Minnesota","Lincoln County",1,44,58,31,27
050,27,081,"Minnesota","Lincoln County",1,45,52,27,25
050,27,081,"Minnesota","Lincoln County",1,46,48,27,21
050,27,081,"Minnesota","Lincoln County",1,47,55,29,26
050,27,081,"Minnesota","Lincoln County",1,48,65,35,30
050,27,081,"Minnesota","Lincoln County",1,49,66,40,26
050,27,081,"Minnesota","Lincoln County",1,50,64,34,30
050,27,081,"Minnesota","Lincoln County",1,51,57,25,32
050,27,081,"Minnesota","Lincoln County",1,52,58,30,28
050,27,081,"Minnesota","Lincoln County",1,53,69,38,31
050,27,081,"Minnesota","Lincoln County",1,54,71,36,35
050,27,081,"Minnesota","Lincoln County",1,55,67,35,32
050,27,081,"Minnesota","Lincoln County",1,56,73,39,34
050,27,081,"Minnesota","Lincoln County",1,57,75,41,34
050,27,081,"Minnesota","Lincoln County",1,58,85,47,38
050,27,081,"Minnesota","Lincoln County",1,59,94,49,45
050,27,081,"Minnesota","Lincoln County",1,60,76,37,39
050,27,081,"Minnesota","Lincoln County",1,61,86,44,42
050,27,081,"Minnesota","Lincoln County",1,62,92,49,43
050,27,081,"Minnesota","Lincoln County",1,63,79,47,32
050,27,081,"Minnesota","Lincoln County",1,64,94,58,36
050,27,081,"Minnesota","Lincoln County",1,65,76,41,35
050,27,081,"Minnesota","Lincoln County",1,66,89,42,47
050,27,081,"Minnesota","Lincoln County",1,67,78,39,39
050,27,081,"Minnesota","Lincoln County",1,68,79,36,43
050,27,081,"Minnesota","Lincoln County",1,69,69,35,34
050,27,081,"Minnesota","Lincoln County",1,70,58,26,32
050,27,081,"Minnesota","Lincoln County",1,71,61,31,30
050,27,081,"Minnesota","Lincoln County",1,72,50,23,27
050,27,081,"Minnesota","Lincoln County",1,73,50,24,26
050,27,081,"Minnesota","Lincoln County",1,74,48,25,23
050,27,081,"Minnesota","Lincoln County",1,75,51,23,28
050,27,081,"Minnesota","Lincoln County",1,76,51,24,27
050,27,081,"Minnesota","Lincoln County",1,77,55,27,28
050,27,081,"Minnesota","Lincoln County",1,78,42,17,25
050,27,081,"Minnesota","Lincoln County",1,79,45,25,20
050,27,081,"Minnesota","Lincoln County",1,80,39,19,20
050,27,081,"Minnesota","Lincoln County",1,81,41,14,27
050,27,081,"Minnesota","Lincoln County",1,82,37,15,22
050,27,081,"Minnesota","Lincoln County",1,83,36,16,20
050,27,081,"Minnesota","Lincoln County",1,84,31,17,14
050,27,081,"Minnesota","Lincoln County",1,85,264,104,160
050,27,081,"Minnesota","Lincoln County",2,0,72,38,34
050,27,081,"Minnesota","Lincoln County",2,1,73,35,38
050,27,081,"Minnesota","Lincoln County",2,2,78,41,37
050,27,081,"Minnesota","Lincoln County",2,3,65,40,25
050,27,081,"Minnesota","Lincoln County",2,4,73,40,33
050,27,081,"Minnesota","Lincoln County",2,5,72,38,34
050,27,081,"Minnesota","Lincoln County",2,6,69,36,33
050,27,081,"Minnesota","Lincoln County",2,7,68,40,28
050,27,081,"Minnesota","Lincoln County",2,8,72,42,30
050,27,081,"Minnesota","Lincoln County",2,9,71,36,35
050,27,081,"Minnesota","Lincoln County",2,10,76,36,40
050,27,081,"Minnesota","Lincoln County",2,11,81,43,38
050,27,081,"Minnesota","Lincoln County",2,12,87,46,41
050,27,081,"Minnesota","Lincoln County",2,13,86,44,42
050,27,081,"Minnesota","Lincoln County",2,14,80,41,39
050,27,081,"Minnesota","Lincoln County",2,15,76,37,39
050,27,081,"Minnesota","Lincoln County",2,16,78,39,39
050,27,081,"Minnesota","Lincoln County",2,17,77,39,38
050,27,081,"Minnesota","Lincoln County",2,18,55,30,25
050,27,081,"Minnesota","Lincoln County",2,19,41,24,17
050,27,081,"Minnesota","Lincoln County",2,20,46,24,22
050,27,081,"Minnesota","Lincoln County",2,21,49,23,26
050,27,081,"Minnesota","Lincoln County",2,22,50,21,29
050,27,081,"Minnesota","Lincoln County",2,23,58,27,31
050,27,081,"Minnesota","Lincoln County",2,24,51,25,26
050,27,081,"Minnesota","Lincoln County",2,25,49,25,24
050,27,081,"Minnesota","Lincoln County",2,26,55,29,26
050,27,081,"Minnesota","Lincoln County",2,27,59,27,32
050,27,081,"Minnesota","Lincoln County",2,28,52,27,25
050,27,081,"Minnesota","Lincoln County",2,29,54,31,23
050,27,081,"Minnesota","Lincoln County",2,30,50,32,18
050,27,081,"Minnesota","Lincoln County",2,31,51,31,20
050,27,081,"Minnesota","Lincoln County",2,32,57,30,27
050,27,081,"Minnesota","Lincoln County",2,33,54,23,31
050,27,081,"Minnesota","Lincoln County",2,34,58,30,28
050,27,081,"Minnesota","Lincoln County",2,35,57,33,24
050,27,081,"Minnesota","Lincoln County",2,36,53,29,24
050,27,081,"Minnesota","Lincoln County",2,37,68,30,38
050,27,081,"Minnesota","Lincoln County",2,38,62,27,35
050,27,081,"Minnesota","Lincoln County",2,39,61,29,32
050,27,081,"Minnesota","Lincoln County",2,40,60,31,29
050,27,081,"Minnesota","Lincoln County",2,41,59,33,26
050,27,081,"Minnesota","Lincoln County",2,42,70,36,34
050,27,081,"Minnesota","Lincoln County",2,43,66,35,31
050,27,081,"Minnesota","Lincoln County",2,44,58,31,27
050,27,081,"Minnesota","Lincoln County",2,45,54,28,26
050,27,081,"Minnesota","Lincoln County",2,46,49,27,22
050,27,081,"Minnesota","Lincoln County",2,47,53,28,25
050,27,081,"Minnesota","Lincoln County",2,48,62,34,28
050,27,081,"Minnesota","Lincoln County",2,49,66,39,27
050,27,081,"Minnesota","Lincoln County",2,50,64,35,29
050,27,081,"Minnesota","Lincoln County",2,51,58,27,31
050,27,081,"Minnesota","Lincoln County",2,52,57,29,28
050,27,081,"Minnesota","Lincoln County",2,53,66,36,30
050,27,081,"Minnesota","Lincoln County",2,54,71,37,34
050,27,081,"Minnesota","Lincoln County",2,55,68,35,33
050,27,081,"Minnesota","Lincoln County",2,56,73,39,34
050,27,081,"Minnesota","Lincoln County",2,57,75,41,34
050,27,081,"Minnesota","Lincoln County",2,58,82,45,37
050,27,081,"Minnesota","Lincoln County",2,59,93,49,44
050,27,081,"Minnesota","Lincoln County",2,60,80,39,41
050,27,081,"Minnesota","Lincoln County",2,61,83,41,42
050,27,081,"Minnesota","Lincoln County",2,62,91,48,43
050,27,081,"Minnesota","Lincoln County",2,63,83,48,35
050,27,081,"Minnesota","Lincoln County",2,64,90,55,35
050,27,081,"Minnesota","Lincoln County",2,65,81,46,35
050,27,081,"Minnesota","Lincoln County",2,66,86,42,44
050,27,081,"Minnesota","Lincoln County",2,67,80,40,40
050,27,081,"Minnesota","Lincoln County",2,68,78,37,41
050,27,081,"Minnesota","Lincoln County",2,69,71,35,36
050,27,081,"Minnesota","Lincoln County",2,70,61,28,33
050,27,081,"Minnesota","Lincoln County",2,71,61,30,31
050,27,081,"Minnesota","Lincoln County",2,72,50,24,26
050,27,081,"Minnesota","Lincoln County",2,73,52,25,27
050,27,081,"Minnesota","Lincoln County",2,74,45,24,21
050,27,081,"Minnesota","Lincoln County",2,75,50,23,27
050,27,081,"Minnesota","Lincoln County",2,76,49,23,26
050,27,081,"Minnesota","Lincoln County",2,77,56,27,29
050,27,081,"Minnesota","Lincoln County",2,78,43,18,25
050,27,081,"Minnesota","Lincoln County",2,79,44,23,21
050,27,081,"Minnesota","Lincoln County",2,80,40,20,20
050,27,081,"Minnesota","Lincoln County",2,81,40,15,25
050,27,081,"Minnesota","Lincoln County",2,82,37,15,22
050,27,081,"Minnesota","Lincoln County",2,83,36,15,21
050,27,081,"Minnesota","Lincoln County",2,84,32,17,15
050,27,081,"Minnesota","Lincoln County",2,85,258,103,155
050,27,081,"Minnesota","Lincoln County",3,0,69,34,35
050,27,081,"Minnesota","Lincoln County",3,1,65,31,34
050,27,081,"Minnesota","Lincoln County",3,2,69,33,36
050,27,081,"Minnesota","Lincoln County",3,3,77,40,37
050,27,081,"Minnesota","Lincoln County",3,4,60,32,28
050,27,081,"Minnesota","Lincoln County",3,5,75,42,33
050,27,081,"Minnesota","Lincoln County",3,6,72,40,32
050,27,081,"Minnesota","Lincoln County",3,7,70,37,33
050,27,081,"Minnesota","Lincoln County",3,8,70,41,29
050,27,081,"Minnesota","Lincoln County",3,9,71,42,29
050,27,081,"Minnesota","Lincoln County",3,10,74,37,37
050,27,081,"Minnesota","Lincoln County",3,11,74,33,41
050,27,081,"Minnesota","Lincoln County",3,12,82,48,34
050,27,081,"Minnesota","Lincoln County",3,13,77,41,36
050,27,081,"Minnesota","Lincoln County",3,14,84,44,40
050,27,081,"Minnesota","Lincoln County",3,15,79,42,37
050,27,081,"Minnesota","Lincoln County",3,16,73,36,37
050,27,081,"Minnesota","Lincoln County",3,17,73,39,34
050,27,081,"Minnesota","Lincoln County",3,18,65,35,30
050,27,081,"Minnesota","Lincoln County",3,19,46,25,21
050,27,081,"Minnesota","Lincoln County",3,20,47,29,18
050,27,081,"Minnesota","Lincoln County",3,21,41,21,20
050,27,081,"Minnesota","Lincoln County",3,22,53,25,28
050,27,081,"Minnesota","Lincoln County",3,23,56,22,34
050,27,081,"Minnesota","Lincoln County",3,24,53,26,27
050,27,081,"Minnesota","Lincoln County",3,25,47,22,25
050,27,081,"Minnesota","Lincoln County",3,26,44,22,22
050,27,081,"Minnesota","Lincoln County",3,27,53,25,28
050,27,081,"Minnesota","Lincoln County",3,28,64,33,31
050,27,081,"Minnesota","Lincoln County",3,29,49,22,27
050,27,081,"Minnesota","Lincoln County",3,30,60,31,29
050,27,081,"Minnesota","Lincoln County",3,31,51,31,20
050,27,081,"Minnesota","Lincoln County",3,32,52,33,19
050,27,081,"Minnesota","Lincoln County",3,33,55,31,24
050,27,081,"Minnesota","Lincoln County",3,34,57,25,32
050,27,081,"Minnesota","Lincoln County",3,35,62,34,28
050,27,081,"Minnesota","Lincoln County",3,36,53,30,23
050,27,081,"Minnesota","Lincoln County",3,37,50,26,24
050,27,081,"Minnesota","Lincoln County",3,38,66,29,37
050,27,081,"Minnesota","Lincoln County",3,39,65,30,35
050,27,081,"Minnesota","Lincoln County",3,40,60,29,31
050,27,081,"Minnesota","Lincoln County",3,41,61,33,28
050,27,081,"Minnesota","Lincoln County",3,42,60,33,27
050,27,081,"Minnesota","Lincoln County",3,43,72,37,35
050,27,081,"Minnesota","Lincoln County",3,44,68,34,34
050,27,081,"Minnesota","Lincoln County",3,45,60,34,26
050,27,081,"Minnesota","Lincoln County",3,46,51,25,26
050,27,081,"Minnesota","Lincoln County",3,47,46,23,23
050,27,081,"Minnesota","Lincoln County",3,48,54,29,25
050,27,081,"Minnesota","Lincoln County",3,49,64,34,30
050,27,081,"Minnesota","Lincoln County",3,50,69,42,27
050,27,081,"Minnesota","Lincoln County",3,51,67,36,31
050,27,081,"Minnesota","Lincoln County",3,52,57,27,30
050,27,081,"Minnesota","Lincoln County",3,53,58,30,28
050,27,081,"Minnesota","Lincoln County",3,54,68,38,30
050,27,081,"Minnesota","Lincoln County",3,55,73,36,37
050,27,081,"Minnesota","Lincoln County",3,56,73,38,35
050,27,081,"Minnesota","Lincoln County",3,57,73,39,34
050,27,081,"Minnesota","Lincoln County",3,58,72,40,32
050,27,081,"Minnesota","Lincoln County",3,59,83,46,37
050,27,081,"Minnesota","Lincoln County",3,60,93,49,44
050,27,081,"Minnesota","Lincoln County",3,61,81,39,42
050,27,081,"Minnesota","Lincoln County",3,62,81,40,41
050,27,081,"Minnesota","Lincoln County",3,63,89,46,43
050,27,081,"Minnesota","Lincoln County",3,64,82,46,36
050,27,081,"Minnesota","Lincoln County",3,65,90,54,36
050,27,081,"Minnesota","Lincoln County",3,66,77,44,33
050,27,081,"Minnesota","Lincoln County",3,67,78,39,39
050,27,081,"Minnesota","Lincoln County",3,68,80,39,41
050,27,081,"Minnesota","Lincoln County",3,69,79,38,41
050,27,081,"Minnesota","Lincoln County",3,70,72,35,37
050,27,081,"Minnesota","Lincoln County",3,71,57,25,32
050,27,081,"Minnesota","Lincoln County",3,72,61,29,32
050,27,081,"Minnesota","Lincoln County",3,73,47,23,24
050,27,081,"Minnesota","Lincoln County",3,74,55,27,28
050,27,081,"Minnesota","Lincoln County",3,75,41,20,21
050,27,081,"Minnesota","Lincoln County",3,76,49,22,27
050,27,081,"Minnesota","Lincoln County",3,77,48,22,26
050,27,081,"Minnesota","Lincoln County",3,78,51,24,27
050,27,081,"Minnesota","Lincoln County",3,79,44,20,24
050,27,081,"Minnesota","Lincoln County",3,80,39,19,20
050,27,081,"Minnesota","Lincoln County",3,81,40,18,22
050,27,081,"Minnesota","Lincoln County",3,82,36,15,21
050,27,081,"Minnesota","Lincoln County",3,83,35,13,22
050,27,081,"Minnesota","Lincoln County",3,84,29,14,15
050,27,081,"Minnesota","Lincoln County",3,85,250,102,148
050,27,081,"Minnesota","Lincoln County",4,0,63,36,27
050,27,081,"Minnesota","Lincoln County",4,1,69,34,35
050,27,081,"Minnesota","Lincoln County",4,2,73,32,41
050,27,081,"Minnesota","Lincoln County",4,3,70,34,36
050,27,081,"Minnesota","Lincoln County",4,4,77,41,36
050,27,081,"Minnesota","Lincoln County",4,5,61,36,25
050,27,081,"Minnesota","Lincoln County",4,6,81,46,35
050,27,081,"Minnesota","Lincoln County",4,7,75,42,33
050,27,081,"Minnesota","Lincoln County",4,8,70,37,33
050,27,081,"Minnesota","Lincoln County",4,9,65,40,25
050,27,081,"Minnesota","Lincoln County",4,10,73,43,30
050,27,081,"Minnesota","Lincoln County",4,11,75,36,39
050,27,081,"Minnesota","Lincoln County",4,12,74,32,42
050,27,081,"Minnesota","Lincoln County",4,13,78,46,32
050,27,081,"Minnesota","Lincoln County",4,14,75,41,34
050,27,081,"Minnesota","Lincoln County",4,15,81,41,40
050,27,081,"Minnesota","Lincoln County",4,16,83,45,38
050,27,081,"Minnesota","Lincoln County",4,17,74,36,38
050,27,081,"Minnesota","Lincoln County",4,18,62,34,28
050,27,081,"Minnesota","Lincoln County",4,19,49,27,22
050,27,081,"Minnesota","Lincoln County",4,20,51,27,24
050,27,081,"Minnesota","Lincoln County",4,21,46,29,17
050,27,081,"Minnesota","Lincoln County",4,22,42,21,21
050,27,081,"Minnesota","Lincoln County",4,23,59,28,31
050,27,081,"Minnesota","Lincoln County",4,24,53,21,32
050,27,081,"Minnesota","Lincoln County",4,25,60,32,28
050,27,081,"Minnesota","Lincoln County",4,26,50,21,29
050,27,081,"Minnesota","Lincoln County",4,27,48,27,21
050,27,081,"Minnesota","Lincoln County",4,28,59,29,30
050,27,081,"Minnesota","Lincoln County",4,29,65,37,28
050,27,081,"Minnesota","Lincoln County",4,30,55,26,29
050,27,081,"Minnesota","Lincoln County",4,31,59,31,28
050,27,081,"Minnesota","Lincoln County",4,32,51,31,20
050,27,081,"Minnesota","Lincoln County",4,33,50,31,19
050,27,081,"Minnesota","Lincoln County",4,34,55,31,24
050,27,081,"Minnesota","Lincoln County",4,35,61,22,39
050,27,081,"Minnesota","Lincoln County",4,36,62,35,27
050,27,081,"Minnesota","Lincoln County",4,37,53,30,23
050,27,081,"Minnesota","Lincoln County",4,38,49,28,21
050,27,081,"Minnesota","Lincoln County",4,39,65,30,35
050,27,081,"Minnesota","Lincoln County",4,40,58,26,32
050,27,081,"Minnesota","Lincoln County",4,41,58,29,29
050,27,081,"Minnesota","Lincoln County",4,42,61,32,29
050,27,081,"Minnesota","Lincoln County",4,43,65,33,32
050,27,081,"Minnesota","Lincoln County",4,44,69,37,32
050,27,081,"Minnesota","Lincoln County",4,45,66,32,34
050,27,081,"Minnesota","Lincoln County",4,46,62,35,27
050,27,081,"Minnesota","Lincoln County",4,47,50,24,26
050,27,081,"Minnesota","Lincoln County",4,48,44,21,23
050,27,081,"Minnesota","Lincoln County",4,49,52,27,25
050,27,081,"Minnesota","Lincoln County",4,50,64,34,30
050,27,081,"Minnesota","Lincoln County",4,51,73,46,27
050,27,081,"Minnesota","Lincoln County",4,52,68,36,32
050,27,081,"Minnesota","Lincoln County",4,53,57,26,31
050,27,081,"Minnesota","Lincoln County",4,54,60,31,29
050,27,081,"Minnesota","Lincoln County",4,55,70,40,30
050,27,081,"Minnesota","Lincoln County",4,56,73,35,38
050,27,081,"Minnesota","Lincoln County",4,57,73,38,35
050,27,081,"Minnesota","Lincoln County",4,58,69,36,33
050,27,081,"Minnesota","Lincoln County",4,59,74,39,35
050,27,081,"Minnesota","Lincoln County",4,60,84,46,38
050,27,081,"Minnesota","Lincoln County",4,61,100,52,48
050,27,081,"Minnesota","Lincoln County",4,62,75,36,39
050,27,081,"Minnesota","Lincoln County",4,63,77,36,41
050,27,081,"Minnesota","Lincoln County",4,64,93,46,47
050,27,081,"Minnesota","Lincoln County",4,65,84,50,34
050,27,081,"Minnesota","Lincoln County",4,66,90,53,37
050,27,081,"Minnesota","Lincoln County",4,67,77,43,34
050,27,081,"Minnesota","Lincoln County",4,68,78,41,37
050,27,081,"Minnesota","Lincoln County",4,69,78,38,40
050,27,081,"Minnesota","Lincoln County",4,70,79,40,39
050,27,081,"Minnesota","Lincoln County",4,71,69,31,38
050,27,081,"Minnesota","Lincoln County",4,72,60,27,33
050,27,081,"Minnesota","Lincoln County",4,73,57,27,30
050,27,081,"Minnesota","Lincoln County",4,74,45,23,22
050,27,081,"Minnesota","Lincoln County",4,75,52,23,29
050,27,081,"Minnesota","Lincoln County",4,76,36,18,18
050,27,081,"Minnesota","Lincoln County",4,77,46,17,29
050,27,081,"Minnesota","Lincoln County",4,78,45,19,26
050,27,081,"Minnesota","Lincoln County",4,79,52,24,28
050,27,081,"Minnesota","Lincoln County",4,80,40,17,23
050,27,081,"Minnesota","Lincoln County",4,81,42,20,22
050,27,081,"Minnesota","Lincoln County",4,82,37,17,20
050,27,081,"Minnesota","Lincoln County",4,83,36,13,23
050,27,081,"Minnesota","Lincoln County",4,84,29,10,19
050,27,081,"Minnesota","Lincoln County",4,85,228,93,135
050,27,081,"Minnesota","Lincoln County",5,0,46,27,19
050,27,081,"Minnesota","Lincoln County",5,1,58,32,26
050,27,081,"Minnesota","Lincoln County",5,2,67,35,32
050,27,081,"Minnesota","Lincoln County",5,3,62,30,32
050,27,081,"Minnesota","Lincoln County",5,4,68,36,32
050,27,081,"Minnesota","Lincoln County",5,5,81,41,40
050,27,081,"Minnesota","Lincoln County",5,6,60,34,26
050,27,081,"Minnesota","Lincoln County",5,7,76,43,33
050,27,081,"Minnesota","Lincoln County",5,8,74,40,34
050,27,081,"Minnesota","Lincoln County",5,9,76,39,37
050,27,081,"Minnesota","Lincoln County",5,10,69,44,25
050,27,081,"Minnesota","Lincoln County",5,11,73,43,30
050,27,081,"Minnesota","Lincoln County",5,12,80,39,41
050,27,081,"Minnesota","Lincoln County",5,13,78,33,45
050,27,081,"Minnesota","Lincoln County",5,14,81,47,34
050,27,081,"Minnesota","Lincoln County",5,15,78,44,34
050,27,081,"Minnesota","Lincoln County",5,16,86,44,42
050,27,081,"Minnesota","Lincoln County",5,17,81,44,37
050,27,081,"Minnesota","Lincoln County",5,18,62,31,31
050,27,081,"Minnesota","Lincoln County",5,19,48,26,22
050,27,081,"Minnesota","Lincoln County",5,20,50,26,24
050,27,081,"Minnesota","Lincoln County",5,21,58,30,28
050,27,081,"Minnesota","Lincoln County",5,22,48,30,18
050,27,081,"Minnesota","Lincoln County",5,23,50,25,25
050,27,081,"Minnesota","Lincoln County",5,24,54,27,27
050,27,081,"Minnesota","Lincoln County",5,25,45,18,27
050,27,081,"Minnesota","Lincoln County",5,26,54,31,23
050,27,081,"Minnesota","Lincoln County",5,27,49,20,29
050,27,081,"Minnesota","Lincoln County",5,28,48,29,19
050,27,081,"Minnesota","Lincoln County",5,29,57,28,29
050,27,081,"Minnesota","Lincoln County",5,30,64,34,30
050,27,081,"Minnesota","Lincoln County",5,31,55,29,26
050,27,081,"Minnesota","Lincoln County",5,32,66,34,32
050,27,081,"Minnesota","Lincoln County",5,33,52,30,22
050,27,081,"Minnesota","Lincoln County",5,34,49,29,20
050,27,081,"Minnesota","Lincoln County",5,35,57,31,26
050,27,081,"Minnesota","Lincoln County",5,36,67,25,42
050,27,081,"Minnesota","Lincoln County",5,37,63,34,29
050,27,081,"Minnesota","Lincoln County",5,38,52,30,22
050,27,081,"Minnesota","Lincoln County",5,39,52,30,22
050,27,081,"Minnesota","Lincoln County",5,40,66,32,34
050,27,081,"Minnesota","Lincoln County",5,41,57,26,31
050,27,081,"Minnesota","Lincoln County",5,42,60,30,30
050,27,081,"Minnesota","Lincoln County",5,43,63,35,28
050,27,081,"Minnesota","Lincoln County",5,44,67,33,34
050,27,081,"Minnesota","Lincoln County",5,45,68,37,31
050,27,081,"Minnesota","Lincoln County",5,46,69,33,36
050,27,081,"Minnesota","Lincoln County",5,47,68,37,31
050,27,081,"Minnesota","Lincoln County",5,48,51,25,26
050,27,081,"Minnesota","Lincoln County",5,49,47,22,25
050,27,081,"Minnesota","Lincoln County",5,50,47,23,24
050,27,081,"Minnesota","Lincoln County",5,51,68,37,31
050,27,081,"Minnesota","Lincoln County",5,52,73,48,25
050,27,081,"Minnesota","Lincoln County",5,53,64,33,31
050,27,081,"Minnesota","Lincoln County",5,54,56,26,30
050,27,081,"Minnesota","Lincoln County",5,55,60,31,29
050,27,081,"Minnesota","Lincoln County",5,56,73,42,31
050,27,081,"Minnesota","Lincoln County",5,57,74,34,40
050,27,081,"Minnesota","Lincoln County",5,58,73,38,35
050,27,081,"Minnesota","Lincoln County",5,59,68,35,33
050,27,081,"Minnesota","Lincoln County",5,60,78,42,36
050,27,081,"Minnesota","Lincoln County",5,61,87,49,38
050,27,081,"Minnesota","Lincoln County",5,62,95,52,43
050,27,081,"Minnesota","Lincoln County",5,63,74,35,39
050,27,081,"Minnesota","Lincoln County",5,64,77,35,42
050,27,081,"Minnesota","Lincoln County",5,65,92,47,45
050,27,081,"Minnesota","Lincoln County",5,66,80,48,32
050,27,081,"Minnesota","Lincoln County",5,67,87,52,35
050,27,081,"Minnesota","Lincoln County",5,68,75,43,32
050,27,081,"Minnesota","Lincoln County",5,69,74,38,36
050,27,081,"Minnesota","Lincoln County",5,70,77,38,39
050,27,081,"Minnesota","Lincoln County",5,71,74,35,39
050,27,081,"Minnesota","Lincoln County",5,72,68,32,36
050,27,081,"Minnesota","Lincoln County",5,73,57,26,31
050,27,081,"Minnesota","Lincoln County",5,74,56,28,28
050,27,081,"Minnesota","Lincoln County",5,75,42,20,22
050,27,081,"Minnesota","Lincoln County",5,76,47,22,25
050,27,081,"Minnesota","Lincoln County",5,77,33,16,17
050,27,081,"Minnesota","Lincoln County",5,78,45,16,29
050,27,081,"Minnesota","Lincoln County",5,79,48,21,27
050,27,081,"Minnesota","Lincoln County",5,80,46,21,25
050,27,081,"Minnesota","Lincoln County",5,81,37,15,22
050,27,081,"Minnesota","Lincoln County",5,82,36,18,18
050,27,081,"Minnesota","Lincoln County",5,83,34,14,20
050,27,081,"Minnesota","Lincoln County",5,84,31,11,20
050,27,081,"Minnesota","Lincoln County",5,85,205,78,127
050,27,083,"Minnesota","Lyon County",1,0,342,176,166
050,27,083,"Minnesota","Lyon County",1,1,343,174,169
050,27,083,"Minnesota","Lyon County",1,2,370,175,195
050,27,083,"Minnesota","Lyon County",1,3,406,219,187
050,27,083,"Minnesota","Lyon County",1,4,380,190,190
050,27,083,"Minnesota","Lyon County",1,5,376,189,187
050,27,083,"Minnesota","Lyon County",1,6,356,191,165
050,27,083,"Minnesota","Lyon County",1,7,371,196,175
050,27,083,"Minnesota","Lyon County",1,8,359,192,167
050,27,083,"Minnesota","Lyon County",1,9,370,192,178
050,27,083,"Minnesota","Lyon County",1,10,398,211,187
050,27,083,"Minnesota","Lyon County",1,11,404,212,192
050,27,083,"Minnesota","Lyon County",1,12,388,220,168
050,27,083,"Minnesota","Lyon County",1,13,384,205,179
050,27,083,"Minnesota","Lyon County",1,14,341,172,169
050,27,083,"Minnesota","Lyon County",1,15,326,167,159
050,27,083,"Minnesota","Lyon County",1,16,354,175,179
050,27,083,"Minnesota","Lyon County",1,17,353,170,183
050,27,083,"Minnesota","Lyon County",1,18,379,178,201
050,27,083,"Minnesota","Lyon County",1,19,474,253,221
050,27,083,"Minnesota","Lyon County",1,20,367,178,189
050,27,083,"Minnesota","Lyon County",1,21,301,148,153
050,27,083,"Minnesota","Lyon County",1,22,305,159,146
050,27,083,"Minnesota","Lyon County",1,23,283,144,139
050,27,083,"Minnesota","Lyon County",1,24,289,140,149
050,27,083,"Minnesota","Lyon County",1,25,299,154,145
050,27,083,"Minnesota","Lyon County",1,26,294,162,132
050,27,083,"Minnesota","Lyon County",1,27,309,159,150
050,27,083,"Minnesota","Lyon County",1,28,290,138,152
050,27,083,"Minnesota","Lyon County",1,29,297,148,149
050,27,083,"Minnesota","Lyon County",1,30,313,160,153
050,27,083,"Minnesota","Lyon County",1,31,323,165,158
050,27,083,"Minnesota","Lyon County",1,32,320,155,165
050,27,083,"Minnesota","Lyon County",1,33,308,144,164
050,27,083,"Minnesota","Lyon County",1,34,339,168,171
050,27,083,"Minnesota","Lyon County",1,35,318,162,156
050,27,083,"Minnesota","Lyon County",1,36,321,161,160
050,27,083,"Minnesota","Lyon County",1,37,328,155,173
050,27,083,"Minnesota","Lyon County",1,38,346,163,183
050,27,083,"Minnesota","Lyon County",1,39,341,174,167
050,27,083,"Minnesota","Lyon County",1,40,327,178,149
050,27,083,"Minnesota","Lyon County",1,41,311,165,146
050,27,083,"Minnesota","Lyon County",1,42,314,174,140
050,27,083,"Minnesota","Lyon County",1,43,292,148,144
050,27,083,"Minnesota","Lyon County",1,44,268,139,129
050,27,083,"Minnesota","Lyon County",1,45,301,155,146
050,27,083,"Minnesota","Lyon County",1,46,269,135,134
050,27,083,"Minnesota","Lyon County",1,47,238,128,110
050,27,083,"Minnesota","Lyon County",1,48,292,151,141
050,27,083,"Minnesota","Lyon County",1,49,312,165,147
050,27,083,"Minnesota","Lyon County",1,50,279,147,132
050,27,083,"Minnesota","Lyon County",1,51,275,143,132
050,27,083,"Minnesota","Lyon County",1,52,241,122,119
050,27,083,"Minnesota","Lyon County",1,53,258,127,131
050,27,083,"Minnesota","Lyon County",1,54,281,140,141
050,27,083,"Minnesota","Lyon County",1,55,301,145,156
050,27,083,"Minnesota","Lyon County",1,56,325,166,159
050,27,083,"Minnesota","Lyon County",1,57,332,183,149
050,27,083,"Minnesota","Lyon County",1,58,345,178,167
050,27,083,"Minnesota","Lyon County",1,59,333,168,165
050,27,083,"Minnesota","Lyon County",1,60,318,150,168
050,27,083,"Minnesota","Lyon County",1,61,343,160,183
050,27,083,"Minnesota","Lyon County",1,62,336,167,169
050,27,083,"Minnesota","Lyon County",1,63,335,165,170
050,27,083,"Minnesota","Lyon County",1,64,320,162,158
050,27,083,"Minnesota","Lyon County",1,65,307,158,149
050,27,083,"Minnesota","Lyon County",1,66,304,159,145
050,27,083,"Minnesota","Lyon County",1,67,270,132,138
050,27,083,"Minnesota","Lyon County",1,68,233,109,124
050,27,083,"Minnesota","Lyon County",1,69,230,113,117
050,27,083,"Minnesota","Lyon County",1,70,213,109,104
050,27,083,"Minnesota","Lyon County",1,71,202,107,95
050,27,083,"Minnesota","Lyon County",1,72,217,109,108
050,27,083,"Minnesota","Lyon County",1,73,188,87,101
050,27,083,"Minnesota","Lyon County",1,74,149,63,86
050,27,083,"Minnesota","Lyon County",1,75,153,60,93
050,27,083,"Minnesota","Lyon County",1,76,165,81,84
050,27,083,"Minnesota","Lyon County",1,77,152,76,76
050,27,083,"Minnesota","Lyon County",1,78,132,61,71
050,27,083,"Minnesota","Lyon County",1,79,126,54,72
050,27,083,"Minnesota","Lyon County",1,80,127,55,72
050,27,083,"Minnesota","Lyon County",1,81,116,49,67
050,27,083,"Minnesota","Lyon County",1,82,97,39,58
050,27,083,"Minnesota","Lyon County",1,83,96,44,52
050,27,083,"Minnesota","Lyon County",1,84,88,46,42
050,27,083,"Minnesota","Lyon County",1,85,644,207,437
050,27,083,"Minnesota","Lyon County",2,0,333,165,168
050,27,083,"Minnesota","Lyon County",2,1,340,172,168
050,27,083,"Minnesota","Lyon County",2,2,364,175,189
050,27,083,"Minnesota","Lyon County",2,3,396,206,190
050,27,083,"Minnesota","Lyon County",2,4,386,197,189
050,27,083,"Minnesota","Lyon County",2,5,372,187,185
050,27,083,"Minnesota","Lyon County",2,6,357,189,168
050,27,083,"Minnesota","Lyon County",2,7,364,193,171
050,27,083,"Minnesota","Lyon County",2,8,357,189,168
050,27,083,"Minnesota","Lyon County",2,9,363,189,174
050,27,083,"Minnesota","Lyon County",2,10,389,205,184
050,27,083,"Minnesota","Lyon County",2,11,399,211,188
050,27,083,"Minnesota","Lyon County",2,12,391,218,173
050,27,083,"Minnesota","Lyon County",2,13,383,208,175
050,27,083,"Minnesota","Lyon County",2,14,351,179,172
050,27,083,"Minnesota","Lyon County",2,15,332,169,163
050,27,083,"Minnesota","Lyon County",2,16,348,173,175
050,27,083,"Minnesota","Lyon County",2,17,354,170,184
050,27,083,"Minnesota","Lyon County",2,18,378,177,201
050,27,083,"Minnesota","Lyon County",2,19,473,251,222
050,27,083,"Minnesota","Lyon County",2,20,371,184,187
050,27,083,"Minnesota","Lyon County",2,21,304,150,154
050,27,083,"Minnesota","Lyon County",2,22,295,151,144
050,27,083,"Minnesota","Lyon County",2,23,282,143,139
050,27,083,"Minnesota","Lyon County",2,24,284,140,144
050,27,083,"Minnesota","Lyon County",2,25,297,150,147
050,27,083,"Minnesota","Lyon County",2,26,298,163,135
050,27,083,"Minnesota","Lyon County",2,27,297,154,143
050,27,083,"Minnesota","Lyon County",2,28,294,144,150
050,27,083,"Minnesota","Lyon County",2,29,294,146,148
050,27,083,"Minnesota","Lyon County",2,30,309,157,152
050,27,083,"Minnesota","Lyon County",2,31,316,161,155
050,27,083,"Minnesota","Lyon County",2,32,318,157,161
050,27,083,"Minnesota","Lyon County",2,33,307,145,162
050,27,083,"Minnesota","Lyon County",2,34,328,160,168
050,27,083,"Minnesota","Lyon County",2,35,321,162,159
050,27,083,"Minnesota","Lyon County",2,36,315,158,157
050,27,083,"Minnesota","Lyon County",2,37,323,155,168
050,27,083,"Minnesota","Lyon County",2,38,341,159,182
050,27,083,"Minnesota","Lyon County",2,39,339,170,169
050,27,083,"Minnesota","Lyon County",2,40,331,178,153
050,27,083,"Minnesota","Lyon County",2,41,315,169,146
050,27,083,"Minnesota","Lyon County",2,42,313,172,141
050,27,083,"Minnesota","Lyon County",2,43,297,154,143
050,27,083,"Minnesota","Lyon County",2,44,270,140,130
050,27,083,"Minnesota","Lyon County",2,45,292,150,142
050,27,083,"Minnesota","Lyon County",2,46,273,138,135
050,27,083,"Minnesota","Lyon County",2,47,241,127,114
050,27,083,"Minnesota","Lyon County",2,48,279,145,134
050,27,083,"Minnesota","Lyon County",2,49,310,163,147
050,27,083,"Minnesota","Lyon County",2,50,286,151,135
050,27,083,"Minnesota","Lyon County",2,51,274,143,131
050,27,083,"Minnesota","Lyon County",2,52,245,124,121
050,27,083,"Minnesota","Lyon County",2,53,253,124,129
050,27,083,"Minnesota","Lyon County",2,54,274,136,138
050,27,083,"Minnesota","Lyon County",2,55,295,143,152
050,27,083,"Minnesota","Lyon County",2,56,322,162,160
050,27,083,"Minnesota","Lyon County",2,57,330,178,152
050,27,083,"Minnesota","Lyon County",2,58,336,175,161
050,27,083,"Minnesota","Lyon County",2,59,339,172,167
050,27,083,"Minnesota","Lyon County",2,60,320,155,165
050,27,083,"Minnesota","Lyon County",2,61,336,157,179
050,27,083,"Minnesota","Lyon County",2,62,336,163,173
050,27,083,"Minnesota","Lyon County",2,63,337,167,170
050,27,083,"Minnesota","Lyon County",2,64,320,162,158
050,27,083,"Minnesota","Lyon County",2,65,311,159,152
050,27,083,"Minnesota","Lyon County",2,66,305,159,146
050,27,083,"Minnesota","Lyon County",2,67,279,140,139
050,27,083,"Minnesota","Lyon County",2,68,239,113,126
050,27,083,"Minnesota","Lyon County",2,69,230,110,120
050,27,083,"Minnesota","Lyon County",2,70,213,109,104
050,27,083,"Minnesota","Lyon County",2,71,205,108,97
050,27,083,"Minnesota","Lyon County",2,72,208,105,103
050,27,083,"Minnesota","Lyon County",2,73,204,96,108
050,27,083,"Minnesota","Lyon County",2,74,148,64,84
050,27,083,"Minnesota","Lyon County",2,75,151,61,90
050,27,083,"Minnesota","Lyon County",2,76,163,76,87
050,27,083,"Minnesota","Lyon County",2,77,157,79,78
050,27,083,"Minnesota","Lyon County",2,78,132,62,70
050,27,083,"Minnesota","Lyon County",2,79,127,56,71
050,27,083,"Minnesota","Lyon County",2,80,125,53,72
050,27,083,"Minnesota","Lyon County",2,81,115,50,65
050,27,083,"Minnesota","Lyon County",2,82,102,42,60
050,27,083,"Minnesota","Lyon County",2,83,92,41,51
050,27,083,"Minnesota","Lyon County",2,84,88,45,43
050,27,083,"Minnesota","Lyon County",2,85,642,205,437
050,27,083,"Minnesota","Lyon County",3,0,315,170,145
050,27,083,"Minnesota","Lyon County",3,1,340,179,161
050,27,083,"Minnesota","Lyon County",3,2,345,174,171
050,27,083,"Minnesota","Lyon County",3,3,375,179,196
050,27,083,"Minnesota","Lyon County",3,4,383,203,180
050,27,083,"Minnesota","Lyon County",3,5,394,204,190
050,27,083,"Minnesota","Lyon County",3,6,364,180,184
050,27,083,"Minnesota","Lyon County",3,7,355,183,172
050,27,083,"Minnesota","Lyon County",3,8,354,190,164
050,27,083,"Minnesota","Lyon County",3,9,355,186,169
050,27,083,"Minnesota","Lyon County",3,10,364,190,174
050,27,083,"Minnesota","Lyon County",3,11,404,217,187
050,27,083,"Minnesota","Lyon County",3,12,406,212,194
050,27,083,"Minnesota","Lyon County",3,13,397,221,176
050,27,083,"Minnesota","Lyon County",3,14,392,212,180
050,27,083,"Minnesota","Lyon County",3,15,362,183,179
050,27,083,"Minnesota","Lyon County",3,16,339,170,169
050,27,083,"Minnesota","Lyon County",3,17,353,176,177
050,27,083,"Minnesota","Lyon County",3,18,389,183,206
050,27,083,"Minnesota","Lyon County",3,19,471,245,226
050,27,083,"Minnesota","Lyon County",3,20,375,196,179
050,27,083,"Minnesota","Lyon County",3,21,335,166,169
050,27,083,"Minnesota","Lyon County",3,22,311,151,160
050,27,083,"Minnesota","Lyon County",3,23,307,160,147
050,27,083,"Minnesota","Lyon County",3,24,272,130,142
050,27,083,"Minnesota","Lyon County",3,25,287,145,142
050,27,083,"Minnesota","Lyon County",3,26,288,151,137
050,27,083,"Minnesota","Lyon County",3,27,291,161,130
050,27,083,"Minnesota","Lyon County",3,28,294,156,138
050,27,083,"Minnesota","Lyon County",3,29,293,136,157
050,27,083,"Minnesota","Lyon County",3,30,299,156,143
050,27,083,"Minnesota","Lyon County",3,31,303,151,152
050,27,083,"Minnesota","Lyon County",3,32,317,161,156
050,27,083,"Minnesota","Lyon County",3,33,315,152,163
050,27,083,"Minnesota","Lyon County",3,34,305,142,163
050,27,083,"Minnesota","Lyon County",3,35,312,161,151
050,27,083,"Minnesota","Lyon County",3,36,328,167,161
050,27,083,"Minnesota","Lyon County",3,37,308,150,158
050,27,083,"Minnesota","Lyon County",3,38,334,161,173
050,27,083,"Minnesota","Lyon County",3,39,341,166,175
050,27,083,"Minnesota","Lyon County",3,40,332,164,168
050,27,083,"Minnesota","Lyon County",3,41,345,181,164
050,27,083,"Minnesota","Lyon County",3,42,318,163,155
050,27,083,"Minnesota","Lyon County",3,43,318,172,146
050,27,083,"Minnesota","Lyon County",3,44,296,155,141
050,27,083,"Minnesota","Lyon County",3,45,282,153,129
050,27,083,"Minnesota","Lyon County",3,46,287,149,138
050,27,083,"Minnesota","Lyon County",3,47,264,133,131
050,27,083,"Minnesota","Lyon County",3,48,244,127,117
050,27,083,"Minnesota","Lyon County",3,49,282,145,137
050,27,083,"Minnesota","Lyon County",3,50,304,164,140
050,27,083,"Minnesota","Lyon County",3,51,282,148,134
050,27,083,"Minnesota","Lyon County",3,52,267,137,130
050,27,083,"Minnesota","Lyon County",3,53,244,120,124
050,27,083,"Minnesota","Lyon County",3,54,247,122,125
050,27,083,"Minnesota","Lyon County",3,55,273,141,132
050,27,083,"Minnesota","Lyon County",3,56,294,141,153
050,27,083,"Minnesota","Lyon County",3,57,311,153,158
050,27,083,"Minnesota","Lyon County",3,58,314,161,153
050,27,083,"Minnesota","Lyon County",3,59,326,169,157
050,27,083,"Minnesota","Lyon County",3,60,334,175,159
050,27,083,"Minnesota","Lyon County",3,61,317,150,167
050,27,083,"Minnesota","Lyon County",3,62,333,155,178
050,27,083,"Minnesota","Lyon County",3,63,337,162,175
050,27,083,"Minnesota","Lyon County",3,64,332,169,163
050,27,083,"Minnesota","Lyon County",3,65,310,158,152
050,27,083,"Minnesota","Lyon County",3,66,294,150,144
050,27,083,"Minnesota","Lyon County",3,67,313,160,153
050,27,083,"Minnesota","Lyon County",3,68,268,134,134
050,27,083,"Minnesota","Lyon County",3,69,241,113,128
050,27,083,"Minnesota","Lyon County",3,70,217,105,112
050,27,083,"Minnesota","Lyon County",3,71,214,108,106
050,27,083,"Minnesota","Lyon County",3,72,199,101,98
050,27,083,"Minnesota","Lyon County",3,73,201,102,99
050,27,083,"Minnesota","Lyon County",3,74,199,94,105
050,27,083,"Minnesota","Lyon County",3,75,148,63,85
050,27,083,"Minnesota","Lyon County",3,76,150,58,92
050,27,083,"Minnesota","Lyon County",3,77,146,74,72
050,27,083,"Minnesota","Lyon County",3,78,145,73,72
050,27,083,"Minnesota","Lyon County",3,79,139,69,70
050,27,083,"Minnesota","Lyon County",3,80,119,44,75
050,27,083,"Minnesota","Lyon County",3,81,115,49,66
050,27,083,"Minnesota","Lyon County",3,82,114,48,66
050,27,083,"Minnesota","Lyon County",3,83,92,39,53
050,27,083,"Minnesota","Lyon County",3,84,89,39,50
050,27,083,"Minnesota","Lyon County",3,85,624,210,414
050,27,083,"Minnesota","Lyon County",4,0,337,171,166
050,27,083,"Minnesota","Lyon County",4,1,302,156,146
050,27,083,"Minnesota","Lyon County",4,2,348,183,165
050,27,083,"Minnesota","Lyon County",4,3,348,178,170
050,27,083,"Minnesota","Lyon County",4,4,363,180,183
050,27,083,"Minnesota","Lyon County",4,5,384,199,185
050,27,083,"Minnesota","Lyon County",4,6,397,206,191
050,27,083,"Minnesota","Lyon County",4,7,377,183,194
050,27,083,"Minnesota","Lyon County",4,8,362,188,174
050,27,083,"Minnesota","Lyon County",4,9,367,200,167
050,27,083,"Minnesota","Lyon County",4,10,362,192,170
050,27,083,"Minnesota","Lyon County",4,11,379,198,181
050,27,083,"Minnesota","Lyon County",4,12,412,217,195
050,27,083,"Minnesota","Lyon County",4,13,411,217,194
050,27,083,"Minnesota","Lyon County",4,14,398,223,175
050,27,083,"Minnesota","Lyon County",4,15,401,207,194
050,27,083,"Minnesota","Lyon County",4,16,360,187,173
050,27,083,"Minnesota","Lyon County",4,17,345,168,177
050,27,083,"Minnesota","Lyon County",4,18,382,186,196
050,27,083,"Minnesota","Lyon County",4,19,467,239,228
050,27,083,"Minnesota","Lyon County",4,20,371,196,175
050,27,083,"Minnesota","Lyon County",4,21,316,169,147
050,27,083,"Minnesota","Lyon County",4,22,331,162,169
050,27,083,"Minnesota","Lyon County",4,23,309,156,153
050,27,083,"Minnesota","Lyon County",4,24,274,145,129
050,27,083,"Minnesota","Lyon County",4,25,253,119,134
050,27,083,"Minnesota","Lyon County",4,26,271,145,126
050,27,083,"Minnesota","Lyon County",4,27,256,133,123
050,27,083,"Minnesota","Lyon County",4,28,282,157,125
050,27,083,"Minnesota","Lyon County",4,29,284,145,139
050,27,083,"Minnesota","Lyon County",4,30,281,125,156
050,27,083,"Minnesota","Lyon County",4,31,302,156,146
050,27,083,"Minnesota","Lyon County",4,32,306,152,154
050,27,083,"Minnesota","Lyon County",4,33,312,158,154
050,27,083,"Minnesota","Lyon County",4,34,315,150,165
050,27,083,"Minnesota","Lyon County",4,35,300,138,162
050,27,083,"Minnesota","Lyon County",4,36,314,163,151
050,27,083,"Minnesota","Lyon County",4,37,324,163,161
050,27,083,"Minnesota","Lyon County",4,38,311,156,155
050,27,083,"Minnesota","Lyon County",4,39,328,165,163
050,27,083,"Minnesota","Lyon County",4,40,332,160,172
050,27,083,"Minnesota","Lyon County",4,41,346,161,185
050,27,083,"Minnesota","Lyon County",4,42,337,171,166
050,27,083,"Minnesota","Lyon County",4,43,308,154,154
050,27,083,"Minnesota","Lyon County",4,44,317,168,149
050,27,083,"Minnesota","Lyon County",4,45,321,176,145
050,27,083,"Minnesota","Lyon County",4,46,280,155,125
050,27,083,"Minnesota","Lyon County",4,47,285,146,139
050,27,083,"Minnesota","Lyon County",4,48,267,135,132
050,27,083,"Minnesota","Lyon County",4,49,248,127,121
050,27,083,"Minnesota","Lyon County",4,50,268,142,126
050,27,083,"Minnesota","Lyon County",4,51,305,164,141
050,27,083,"Minnesota","Lyon County",4,52,267,136,131
050,27,083,"Minnesota","Lyon County",4,53,263,131,132
050,27,083,"Minnesota","Lyon County",4,54,242,121,121
050,27,083,"Minnesota","Lyon County",4,55,241,120,121
050,27,083,"Minnesota","Lyon County",4,56,271,145,126
050,27,083,"Minnesota","Lyon County",4,57,291,142,149
050,27,083,"Minnesota","Lyon County",4,58,305,150,155
050,27,083,"Minnesota","Lyon County",4,59,308,157,151
050,27,083,"Minnesota","Lyon County",4,60,311,168,143
050,27,083,"Minnesota","Lyon County",4,61,331,175,156
050,27,083,"Minnesota","Lyon County",4,62,314,149,165
050,27,083,"Minnesota","Lyon County",4,63,334,152,182
050,27,083,"Minnesota","Lyon County",4,64,324,159,165
050,27,083,"Minnesota","Lyon County",4,65,326,165,161
050,27,083,"Minnesota","Lyon County",4,66,307,161,146
050,27,083,"Minnesota","Lyon County",4,67,294,150,144
050,27,083,"Minnesota","Lyon County",4,68,308,159,149
050,27,083,"Minnesota","Lyon County",4,69,275,136,139
050,27,083,"Minnesota","Lyon County",4,70,230,110,120
050,27,083,"Minnesota","Lyon County",4,71,216,105,111
050,27,083,"Minnesota","Lyon County",4,72,205,103,102
050,27,083,"Minnesota","Lyon County",4,73,195,99,96
050,27,083,"Minnesota","Lyon County",4,74,197,96,101
050,27,083,"Minnesota","Lyon County",4,75,199,95,104
050,27,083,"Minnesota","Lyon County",4,76,146,62,84
050,27,083,"Minnesota","Lyon County",4,77,143,62,81
050,27,083,"Minnesota","Lyon County",4,78,142,73,69
050,27,083,"Minnesota","Lyon County",4,79,147,75,72
050,27,083,"Minnesota","Lyon County",4,80,128,59,69
050,27,083,"Minnesota","Lyon County",4,81,110,40,70
050,27,083,"Minnesota","Lyon County",4,82,108,45,63
050,27,083,"Minnesota","Lyon County",4,83,108,44,64
050,27,083,"Minnesota","Lyon County",4,84,86,34,52
050,27,083,"Minnesota","Lyon County",4,85,605,213,392
050,27,083,"Minnesota","Lyon County",5,0,302,145,157
050,27,083,"Minnesota","Lyon County",5,1,348,176,172
050,27,083,"Minnesota","Lyon County",5,2,310,157,153
050,27,083,"Minnesota","Lyon County",5,3,355,179,176
050,27,083,"Minnesota","Lyon County",5,4,339,174,165
050,27,083,"Minnesota","Lyon County",5,5,363,178,185
050,27,083,"Minnesota","Lyon County",5,6,378,197,181
050,27,083,"Minnesota","Lyon County",5,7,410,203,207
050,27,083,"Minnesota","Lyon County",5,8,382,190,192
050,27,083,"Minnesota","Lyon County",5,9,368,190,178
050,27,083,"Minnesota","Lyon County",5,10,371,195,176
050,27,083,"Minnesota","Lyon County",5,11,378,205,173
050,27,083,"Minnesota","Lyon County",5,12,375,201,174
050,27,083,"Minnesota","Lyon County",5,13,408,223,185
050,27,083,"Minnesota","Lyon County",5,14,412,217,195
050,27,083,"Minnesota","Lyon County",5,15,415,226,189
050,27,083,"Minnesota","Lyon County",5,16,410,211,199
050,27,083,"Minnesota","Lyon County",5,17,370,190,180
050,27,083,"Minnesota","Lyon County",5,18,371,175,196
050,27,083,"Minnesota","Lyon County",5,19,458,246,212
050,27,083,"Minnesota","Lyon County",5,20,378,190,188
050,27,083,"Minnesota","Lyon County",5,21,329,176,153
050,27,083,"Minnesota","Lyon County",5,22,288,155,133
050,27,083,"Minnesota","Lyon County",5,23,311,158,153
050,27,083,"Minnesota","Lyon County",5,24,301,156,145
050,27,083,"Minnesota","Lyon County",5,25,271,139,132
050,27,083,"Minnesota","Lyon County",5,26,258,128,130
050,27,083,"Minnesota","Lyon County",5,27,261,126,135
050,27,083,"Minnesota","Lyon County",5,28,250,124,126
050,27,083,"Minnesota","Lyon County",5,29,273,141,132
050,27,083,"Minnesota","Lyon County",5,30,286,151,135
050,27,083,"Minnesota","Lyon County",5,31,275,120,155
050,27,083,"Minnesota","Lyon County",5,32,295,154,141
050,27,083,"Minnesota","Lyon County",5,33,305,152,153
050,27,083,"Minnesota","Lyon County",5,34,313,153,160
050,27,083,"Minnesota","Lyon County",5,35,313,150,163
050,27,083,"Minnesota","Lyon County",5,36,300,136,164
050,27,083,"Minnesota","Lyon County",5,37,313,160,153
050,27,083,"Minnesota","Lyon County",5,38,316,161,155
050,27,083,"Minnesota","Lyon County",5,39,305,154,151
050,27,083,"Minnesota","Lyon County",5,40,324,161,163
050,27,083,"Minnesota","Lyon County",5,41,354,167,187
050,27,083,"Minnesota","Lyon County",5,42,349,162,187
050,27,083,"Minnesota","Lyon County",5,43,331,171,160
050,27,083,"Minnesota","Lyon County",5,44,317,162,155
050,27,083,"Minnesota","Lyon County",5,45,333,184,149
050,27,083,"Minnesota","Lyon County",5,46,314,172,142
050,27,083,"Minnesota","Lyon County",5,47,263,146,117
050,27,083,"Minnesota","Lyon County",5,48,292,152,140
050,27,083,"Minnesota","Lyon County",5,49,261,129,132
050,27,083,"Minnesota","Lyon County",5,50,255,133,122
050,27,083,"Minnesota","Lyon County",5,51,264,142,122
050,27,083,"Minnesota","Lyon County",5,52,298,159,139
050,27,083,"Minnesota","Lyon County",5,53,259,126,133
050,27,083,"Minnesota","Lyon County",5,54,249,127,122
050,27,083,"Minnesota","Lyon County",5,55,231,114,117
050,27,083,"Minnesota","Lyon County",5,56,246,124,122
050,27,083,"Minnesota","Lyon County",5,57,263,144,119
050,27,083,"Minnesota","Lyon County",5,58,283,137,146
050,27,083,"Minnesota","Lyon County",5,59,302,141,161
050,27,083,"Minnesota","Lyon County",5,60,293,151,142
050,27,083,"Minnesota","Lyon County",5,61,301,161,140
050,27,083,"Minnesota","Lyon County",5,62,326,172,154
050,27,083,"Minnesota","Lyon County",5,63,312,147,165
050,27,083,"Minnesota","Lyon County",5,64,329,152,177
050,27,083,"Minnesota","Lyon County",5,65,324,161,163
050,27,083,"Minnesota","Lyon County",5,66,312,156,156
050,27,083,"Minnesota","Lyon County",5,67,315,162,153
050,27,083,"Minnesota","Lyon County",5,68,289,148,141
050,27,083,"Minnesota","Lyon County",5,69,309,160,149
050,27,083,"Minnesota","Lyon County",5,70,267,135,132
050,27,083,"Minnesota","Lyon County",5,71,223,106,117
050,27,083,"Minnesota","Lyon County",5,72,211,100,111
050,27,083,"Minnesota","Lyon County",5,73,198,101,97
050,27,083,"Minnesota","Lyon County",5,74,195,95,100
050,27,083,"Minnesota","Lyon County",5,75,197,96,101
050,27,083,"Minnesota","Lyon County",5,76,190,87,103
050,27,083,"Minnesota","Lyon County",5,77,136,63,73
050,27,083,"Minnesota","Lyon County",5,78,134,58,76
050,27,083,"Minnesota","Lyon County",5,79,143,75,68
050,27,083,"Minnesota","Lyon County",5,80,144,68,76
050,27,083,"Minnesota","Lyon County",5,81,122,58,64
050,27,083,"Minnesota","Lyon County",5,82,103,37,66
050,27,083,"Minnesota","Lyon County",5,83,103,47,56
050,27,083,"Minnesota","Lyon County",5,84,104,38,66
050,27,083,"Minnesota","Lyon County",5,85,595,210,385
050,27,085,"Minnesota","McLeod County",1,0,394,201,193
050,27,085,"Minnesota","McLeod County",1,1,415,204,211
050,27,085,"Minnesota","McLeod County",1,2,398,199,199
050,27,085,"Minnesota","McLeod County",1,3,423,209,214
050,27,085,"Minnesota","McLeod County",1,4,434,217,217
050,27,085,"Minnesota","McLeod County",1,5,447,227,220
050,27,085,"Minnesota","McLeod County",1,6,448,227,221
050,27,085,"Minnesota","McLeod County",1,7,463,227,236
050,27,085,"Minnesota","McLeod County",1,8,417,212,205
050,27,085,"Minnesota","McLeod County",1,9,464,238,226
050,27,085,"Minnesota","McLeod County",1,10,477,250,227
050,27,085,"Minnesota","McLeod County",1,11,476,250,226
050,27,085,"Minnesota","McLeod County",1,12,476,256,220
050,27,085,"Minnesota","McLeod County",1,13,521,271,250
050,27,085,"Minnesota","McLeod County",1,14,516,270,246
050,27,085,"Minnesota","McLeod County",1,15,523,267,256
050,27,085,"Minnesota","McLeod County",1,16,545,273,272
050,27,085,"Minnesota","McLeod County",1,17,548,280,268
050,27,085,"Minnesota","McLeod County",1,18,435,228,207
050,27,085,"Minnesota","McLeod County",1,19,338,179,159
050,27,085,"Minnesota","McLeod County",1,20,339,172,167
050,27,085,"Minnesota","McLeod County",1,21,379,182,197
050,27,085,"Minnesota","McLeod County",1,22,413,216,197
050,27,085,"Minnesota","McLeod County",1,23,421,223,198
050,27,085,"Minnesota","McLeod County",1,24,411,212,199
050,27,085,"Minnesota","McLeod County",1,25,395,209,186
050,27,085,"Minnesota","McLeod County",1,26,429,217,212
050,27,085,"Minnesota","McLeod County",1,27,446,237,209
050,27,085,"Minnesota","McLeod County",1,28,461,239,222
050,27,085,"Minnesota","McLeod County",1,29,382,197,185
050,27,085,"Minnesota","McLeod County",1,30,412,214,198
050,27,085,"Minnesota","McLeod County",1,31,432,217,215
050,27,085,"Minnesota","McLeod County",1,32,442,231,211
050,27,085,"Minnesota","McLeod County",1,33,435,222,213
050,27,085,"Minnesota","McLeod County",1,34,445,223,222
050,27,085,"Minnesota","McLeod County",1,35,460,229,231
050,27,085,"Minnesota","McLeod County",1,36,458,237,221
050,27,085,"Minnesota","McLeod County",1,37,455,236,219
050,27,085,"Minnesota","McLeod County",1,38,465,251,214
050,27,085,"Minnesota","McLeod County",1,39,467,248,219
050,27,085,"Minnesota","McLeod County",1,40,454,231,223
050,27,085,"Minnesota","McLeod County",1,41,442,236,206
050,27,085,"Minnesota","McLeod County",1,42,441,230,211
050,27,085,"Minnesota","McLeod County",1,43,418,222,196
050,27,085,"Minnesota","McLeod County",1,44,399,209,190
050,27,085,"Minnesota","McLeod County",1,45,410,207,203
050,27,085,"Minnesota","McLeod County",1,46,420,207,213
050,27,085,"Minnesota","McLeod County",1,47,429,224,205
050,27,085,"Minnesota","McLeod County",1,48,494,261,233
050,27,085,"Minnesota","McLeod County",1,49,510,265,245
050,27,085,"Minnesota","McLeod County",1,50,497,267,230
050,27,085,"Minnesota","McLeod County",1,51,464,241,223
050,27,085,"Minnesota","McLeod County",1,52,449,236,213
050,27,085,"Minnesota","McLeod County",1,53,466,235,231
050,27,085,"Minnesota","McLeod County",1,54,497,252,245
050,27,085,"Minnesota","McLeod County",1,55,502,263,239
050,27,085,"Minnesota","McLeod County",1,56,534,273,261
050,27,085,"Minnesota","McLeod County",1,57,547,262,285
050,27,085,"Minnesota","McLeod County",1,58,548,277,271
050,27,085,"Minnesota","McLeod County",1,59,551,279,272
050,27,085,"Minnesota","McLeod County",1,60,544,274,270
050,27,085,"Minnesota","McLeod County",1,61,535,264,271
050,27,085,"Minnesota","McLeod County",1,62,484,246,238
050,27,085,"Minnesota","McLeod County",1,63,500,267,233
050,27,085,"Minnesota","McLeod County",1,64,458,237,221
050,27,085,"Minnesota","McLeod County",1,65,438,206,232
050,27,085,"Minnesota","McLeod County",1,66,417,192,225
050,27,085,"Minnesota","McLeod County",1,67,408,195,213
050,27,085,"Minnesota","McLeod County",1,68,409,206,203
050,27,085,"Minnesota","McLeod County",1,69,387,189,198
050,27,085,"Minnesota","McLeod County",1,70,375,185,190
050,27,085,"Minnesota","McLeod County",1,71,363,166,197
050,27,085,"Minnesota","McLeod County",1,72,366,175,191
050,27,085,"Minnesota","McLeod County",1,73,358,171,187
050,27,085,"Minnesota","McLeod County",1,74,274,136,138
050,27,085,"Minnesota","McLeod County",1,75,280,136,144
050,27,085,"Minnesota","McLeod County",1,76,272,121,151
050,27,085,"Minnesota","McLeod County",1,77,279,120,159
050,27,085,"Minnesota","McLeod County",1,78,248,102,146
050,27,085,"Minnesota","McLeod County",1,79,221,92,129
050,27,085,"Minnesota","McLeod County",1,80,214,97,117
050,27,085,"Minnesota","McLeod County",1,81,196,95,101
050,27,085,"Minnesota","McLeod County",1,82,193,80,113
050,27,085,"Minnesota","McLeod County",1,83,194,88,106
050,27,085,"Minnesota","McLeod County",1,84,147,72,75
050,27,085,"Minnesota","McLeod County",1,85,1034,371,663
050,27,085,"Minnesota","McLeod County",2,0,410,211,199
050,27,085,"Minnesota","McLeod County",2,1,407,202,205
050,27,085,"Minnesota","McLeod County",2,2,401,199,202
050,27,085,"Minnesota","McLeod County",2,3,416,207,209
050,27,085,"Minnesota","McLeod County",2,4,434,219,215
050,27,085,"Minnesota","McLeod County",2,5,440,223,217
050,27,085,"Minnesota","McLeod County",2,6,448,228,220
050,27,085,"Minnesota","McLeod County",2,7,455,227,228
050,27,085,"Minnesota","McLeod County",2,8,426,215,211
050,27,085,"Minnesota","McLeod County",2,9,450,232,218
050,27,085,"Minnesota","McLeod County",2,10,470,247,223
050,27,085,"Minnesota","McLeod County",2,11,475,251,224
050,27,085,"Minnesota","McLeod County",2,12,481,257,224
050,27,085,"Minnesota","McLeod County",2,13,509,267,242
050,27,085,"Minnesota","McLeod County",2,14,520,271,249
050,27,085,"Minnesota","McLeod County",2,15,520,266,254
050,27,085,"Minnesota","McLeod County",2,16,538,272,266
050,27,085,"Minnesota","McLeod County",2,17,550,279,271
050,27,085,"Minnesota","McLeod County",2,18,442,232,210
050,27,085,"Minnesota","McLeod County",2,19,341,181,160
050,27,085,"Minnesota","McLeod County",2,20,352,178,174
050,27,085,"Minnesota","McLeod County",2,21,374,182,192
050,27,085,"Minnesota","McLeod County",2,22,411,210,201
050,27,085,"Minnesota","McLeod County",2,23,419,221,198
050,27,085,"Minnesota","McLeod County",2,24,409,214,195
050,27,085,"Minnesota","McLeod County",2,25,400,210,190
050,27,085,"Minnesota","McLeod County",2,26,422,216,206
050,27,085,"Minnesota","McLeod County",2,27,443,233,210
050,27,085,"Minnesota","McLeod County",2,28,456,237,219
050,27,085,"Minnesota","McLeod County",2,29,399,207,192
050,27,085,"Minnesota","McLeod County",2,30,410,213,197
050,27,085,"Minnesota","McLeod County",2,31,429,217,212
050,27,085,"Minnesota","McLeod County",2,32,441,227,214
050,27,085,"Minnesota","McLeod County",2,33,439,226,213
050,27,085,"Minnesota","McLeod County",2,34,444,224,220
050,27,085,"Minnesota","McLeod County",2,35,456,228,228
050,27,085,"Minnesota","McLeod County",2,36,455,233,222
050,27,085,"Minnesota","McLeod County",2,37,459,237,222
050,27,085,"Minnesota","McLeod County",2,38,468,250,218
050,27,085,"Minnesota","McLeod County",2,39,466,249,217
050,27,085,"Minnesota","McLeod County",2,40,462,238,224
050,27,085,"Minnesota","McLeod County",2,41,443,233,210
050,27,085,"Minnesota","McLeod County",2,42,442,232,210
050,27,085,"Minnesota","McLeod County",2,43,429,226,203
050,27,085,"Minnesota","McLeod County",2,44,401,210,191
050,27,085,"Minnesota","McLeod County",2,45,410,209,201
050,27,085,"Minnesota","McLeod County",2,46,416,207,209
050,27,085,"Minnesota","McLeod County",2,47,426,221,205
050,27,085,"Minnesota","McLeod County",2,48,479,253,226
050,27,085,"Minnesota","McLeod County",2,49,509,267,242
050,27,085,"Minnesota","McLeod County",2,50,500,267,233
050,27,085,"Minnesota","McLeod County",2,51,468,246,222
050,27,085,"Minnesota","McLeod County",2,52,450,236,214
050,27,085,"Minnesota","McLeod County",2,53,462,234,228
050,27,085,"Minnesota","McLeod County",2,54,488,249,239
050,27,085,"Minnesota","McLeod County",2,55,497,258,239
050,27,085,"Minnesota","McLeod County",2,56,524,268,256
050,27,085,"Minnesota","McLeod County",2,57,543,265,278
050,27,085,"Minnesota","McLeod County",2,58,549,272,277
050,27,085,"Minnesota","McLeod County",2,59,548,278,270
050,27,085,"Minnesota","McLeod County",2,60,540,272,268
050,27,085,"Minnesota","McLeod County",2,61,530,263,267
050,27,085,"Minnesota","McLeod County",2,62,494,251,243
050,27,085,"Minnesota","McLeod County",2,63,499,263,236
050,27,085,"Minnesota","McLeod County",2,64,463,240,223
050,27,085,"Minnesota","McLeod County",2,65,443,212,231
050,27,085,"Minnesota","McLeod County",2,66,420,194,226
050,27,085,"Minnesota","McLeod County",2,67,411,194,217
050,27,085,"Minnesota","McLeod County",2,68,404,202,202
050,27,085,"Minnesota","McLeod County",2,69,395,194,201
050,27,085,"Minnesota","McLeod County",2,70,375,186,189
050,27,085,"Minnesota","McLeod County",2,71,366,170,196
050,27,085,"Minnesota","McLeod County",2,72,358,170,188
050,27,085,"Minnesota","McLeod County",2,73,375,180,195
050,27,085,"Minnesota","McLeod County",2,74,275,134,141
050,27,085,"Minnesota","McLeod County",2,75,280,137,143
050,27,085,"Minnesota","McLeod County",2,76,270,122,148
050,27,085,"Minnesota","McLeod County",2,77,282,124,158
050,27,085,"Minnesota","McLeod County",2,78,252,104,148
050,27,085,"Minnesota","McLeod County",2,79,221,92,129
050,27,085,"Minnesota","McLeod County",2,80,213,95,118
050,27,085,"Minnesota","McLeod County",2,81,198,93,105
050,27,085,"Minnesota","McLeod County",2,82,191,80,111
050,27,085,"Minnesota","McLeod County",2,83,190,85,105
050,27,085,"Minnesota","McLeod County",2,84,148,72,76
050,27,085,"Minnesota","McLeod County",2,85,1031,372,659
050,27,085,"Minnesota","McLeod County",3,0,357,199,158
050,27,085,"Minnesota","McLeod County",3,1,412,224,188
050,27,085,"Minnesota","McLeod County",3,2,403,200,203
050,27,085,"Minnesota","McLeod County",3,3,392,193,199
050,27,085,"Minnesota","McLeod County",3,4,409,194,215
050,27,085,"Minnesota","McLeod County",3,5,436,221,215
050,27,085,"Minnesota","McLeod County",3,6,439,220,219
050,27,085,"Minnesota","McLeod County",3,7,443,232,211
050,27,085,"Minnesota","McLeod County",3,8,480,232,248
050,27,085,"Minnesota","McLeod County",3,9,423,213,210
050,27,085,"Minnesota","McLeod County",3,10,446,226,220
050,27,085,"Minnesota","McLeod County",3,11,472,250,222
050,27,085,"Minnesota","McLeod County",3,12,471,248,223
050,27,085,"Minnesota","McLeod County",3,13,486,260,226
050,27,085,"Minnesota","McLeod County",3,14,521,275,246
050,27,085,"Minnesota","McLeod County",3,15,522,273,249
050,27,085,"Minnesota","McLeod County",3,16,518,272,246
050,27,085,"Minnesota","McLeod County",3,17,560,274,286
050,27,085,"Minnesota","McLeod County",3,18,464,243,221
050,27,085,"Minnesota","McLeod County",3,19,349,190,159
050,27,085,"Minnesota","McLeod County",3,20,375,198,177
050,27,085,"Minnesota","McLeod County",3,21,389,188,201
050,27,085,"Minnesota","McLeod County",3,22,386,186,200
050,27,085,"Minnesota","McLeod County",3,23,432,220,212
050,27,085,"Minnesota","McLeod County",3,24,438,234,204
050,27,085,"Minnesota","McLeod County",3,25,410,219,191
050,27,085,"Minnesota","McLeod County",3,26,401,211,190
050,27,085,"Minnesota","McLeod County",3,27,429,220,209
050,27,085,"Minnesota","McLeod County",3,28,453,242,211
050,27,085,"Minnesota","McLeod County",3,29,443,233,210
050,27,085,"Minnesota","McLeod County",3,30,415,209,206
050,27,085,"Minnesota","McLeod County",3,31,435,225,210
050,27,085,"Minnesota","McLeod County",3,32,434,219,215
050,27,085,"Minnesota","McLeod County",3,33,456,232,224
050,27,085,"Minnesota","McLeod County",3,34,426,220,206
050,27,085,"Minnesota","McLeod County",3,35,434,212,222
050,27,085,"Minnesota","McLeod County",3,36,445,227,218
050,27,085,"Minnesota","McLeod County",3,37,473,249,224
050,27,085,"Minnesota","McLeod County",3,38,463,241,222
050,27,085,"Minnesota","McLeod County",3,39,462,245,217
050,27,085,"Minnesota","McLeod County",3,40,472,253,219
050,27,085,"Minnesota","McLeod County",3,41,477,246,231
050,27,085,"Minnesota","McLeod County",3,42,445,232,213
050,27,085,"Minnesota","McLeod County",3,43,443,238,205
050,27,085,"Minnesota","McLeod County",3,44,432,228,204
050,27,085,"Minnesota","McLeod County",3,45,391,205,186
050,27,085,"Minnesota","McLeod County",3,46,417,213,204
050,27,085,"Minnesota","McLeod County",3,47,421,205,216
050,27,085,"Minnesota","McLeod County",3,48,444,229,215
050,27,085,"Minnesota","McLeod County",3,49,480,253,227
050,27,085,"Minnesota","McLeod County",3,50,501,265,236
050,27,085,"Minnesota","McLeod County",3,51,488,258,230
050,27,085,"Minnesota","McLeod County",3,52,476,249,227
050,27,085,"Minnesota","McLeod County",3,53,445,236,209
050,27,085,"Minnesota","McLeod County",3,54,459,233,226
050,27,085,"Minnesota","McLeod County",3,55,484,249,235
050,27,085,"Minnesota","McLeod County",3,56,495,251,244
050,27,085,"Minnesota","McLeod County",3,57,516,265,251
050,27,085,"Minnesota","McLeod County",3,58,557,274,283
050,27,085,"Minnesota","McLeod County",3,59,551,273,278
050,27,085,"Minnesota","McLeod County",3,60,534,272,262
050,27,085,"Minnesota","McLeod County",3,61,538,266,272
050,27,085,"Minnesota","McLeod County",3,62,524,258,266
050,27,085,"Minnesota","McLeod County",3,63,489,251,238
050,27,085,"Minnesota","McLeod County",3,64,491,259,232
050,27,085,"Minnesota","McLeod County",3,65,454,232,222
050,27,085,"Minnesota","McLeod County",3,66,441,215,226
050,27,085,"Minnesota","McLeod County",3,67,421,191,230
050,27,085,"Minnesota","McLeod County",3,68,398,190,208
050,27,085,"Minnesota","McLeod County",3,69,403,200,203
050,27,085,"Minnesota","McLeod County",3,70,393,189,204
050,27,085,"Minnesota","McLeod County",3,71,371,180,191
050,27,085,"Minnesota","McLeod County",3,72,356,168,188
050,27,085,"Minnesota","McLeod County",3,73,339,166,173
050,27,085,"Minnesota","McLeod County",3,74,369,177,192
050,27,085,"Minnesota","McLeod County",3,75,263,127,136
050,27,085,"Minnesota","McLeod County",3,76,268,131,137
050,27,085,"Minnesota","McLeod County",3,77,262,118,144
050,27,085,"Minnesota","McLeod County",3,78,275,120,155
050,27,085,"Minnesota","McLeod County",3,79,243,101,142
050,27,085,"Minnesota","McLeod County",3,80,214,91,123
050,27,085,"Minnesota","McLeod County",3,81,206,91,115
050,27,085,"Minnesota","McLeod County",3,82,187,77,110
050,27,085,"Minnesota","McLeod County",3,83,182,72,110
050,27,085,"Minnesota","McLeod County",3,84,159,80,79
050,27,085,"Minnesota","McLeod County",3,85,1039,386,653
050,27,085,"Minnesota","McLeod County",4,0,375,208,167
050,27,085,"Minnesota","McLeod County",4,1,374,211,163
050,27,085,"Minnesota","McLeod County",4,2,427,231,196
050,27,085,"Minnesota","McLeod County",4,3,408,206,202
050,27,085,"Minnesota","McLeod County",4,4,405,201,204
050,27,085,"Minnesota","McLeod County",4,5,406,195,211
050,27,085,"Minnesota","McLeod County",4,6,436,217,219
050,27,085,"Minnesota","McLeod County",4,7,449,225,224
050,27,085,"Minnesota","McLeod County",4,8,427,218,209
050,27,085,"Minnesota","McLeod County",4,9,456,225,231
050,27,085,"Minnesota","McLeod County",4,10,425,215,210
050,27,085,"Minnesota","McLeod County",4,11,442,222,220
050,27,085,"Minnesota","McLeod County",4,12,456,240,216
050,27,085,"Minnesota","McLeod County",4,13,468,246,222
050,27,085,"Minnesota","McLeod County",4,14,493,263,230
050,27,085,"Minnesota","McLeod County",4,15,528,277,251
050,27,085,"Minnesota","McLeod County",4,16,521,273,248
050,27,085,"Minnesota","McLeod County",4,17,520,260,260
050,27,085,"Minnesota","McLeod County",4,18,466,235,231
050,27,085,"Minnesota","McLeod County",4,19,357,187,170
050,27,085,"Minnesota","McLeod County",4,20,363,191,172
050,27,085,"Minnesota","McLeod County",4,21,395,211,184
050,27,085,"Minnesota","McLeod County",4,22,412,198,214
050,27,085,"Minnesota","McLeod County",4,23,414,210,204
050,27,085,"Minnesota","McLeod County",4,24,425,221,204
050,27,085,"Minnesota","McLeod County",4,25,448,249,199
050,27,085,"Minnesota","McLeod County",4,26,402,217,185
050,27,085,"Minnesota","McLeod County",4,27,413,225,188
050,27,085,"Minnesota","McLeod County",4,28,434,215,219
050,27,085,"Minnesota","McLeod County",4,29,447,243,204
050,27,085,"Minnesota","McLeod County",4,30,449,226,223
050,27,085,"Minnesota","McLeod County",4,31,422,214,208
050,27,085,"Minnesota","McLeod County",4,32,446,235,211
050,27,085,"Minnesota","McLeod County",4,33,439,223,216
050,27,085,"Minnesota","McLeod County",4,34,466,240,226
050,27,085,"Minnesota","McLeod County",4,35,431,222,209
050,27,085,"Minnesota","McLeod County",4,36,429,213,216
050,27,085,"Minnesota","McLeod County",4,37,455,229,226
050,27,085,"Minnesota","McLeod County",4,38,472,249,223
050,27,085,"Minnesota","McLeod County",4,39,466,241,225
050,27,085,"Minnesota","McLeod County",4,40,462,246,216
050,27,085,"Minnesota","McLeod County",4,41,471,248,223
050,27,085,"Minnesota","McLeod County",4,42,470,245,225
050,27,085,"Minnesota","McLeod County",4,43,455,235,220
050,27,085,"Minnesota","McLeod County",4,44,436,232,204
050,27,085,"Minnesota","McLeod County",4,45,421,220,201
050,27,085,"Minnesota","McLeod County",4,46,388,200,188
050,27,085,"Minnesota","McLeod County",4,47,408,209,199
050,27,085,"Minnesota","McLeod County",4,48,419,204,215
050,27,085,"Minnesota","McLeod County",4,49,441,232,209
050,27,085,"Minnesota","McLeod County",4,50,480,256,224
050,27,085,"Minnesota","McLeod County",4,51,501,265,236
050,27,085,"Minnesota","McLeod County",4,52,499,268,231
050,27,085,"Minnesota","McLeod County",4,53,469,244,225
050,27,085,"Minnesota","McLeod County",4,54,455,242,213
050,27,085,"Minnesota","McLeod County",4,55,447,227,220
050,27,085,"Minnesota","McLeod County",4,56,481,243,238
050,27,085,"Minnesota","McLeod County",4,57,497,253,244
050,27,085,"Minnesota","McLeod County",4,58,514,258,256
050,27,085,"Minnesota","McLeod County",4,59,563,279,284
050,27,085,"Minnesota","McLeod County",4,60,536,264,272
050,27,085,"Minnesota","McLeod County",4,61,536,278,258
050,27,085,"Minnesota","McLeod County",4,62,531,264,267
050,27,085,"Minnesota","McLeod County",4,63,519,257,262
050,27,085,"Minnesota","McLeod County",4,64,476,243,233
050,27,085,"Minnesota","McLeod County",4,65,490,252,238
050,27,085,"Minnesota","McLeod County",4,66,434,225,209
050,27,085,"Minnesota","McLeod County",4,67,433,207,226
050,27,085,"Minnesota","McLeod County",4,68,398,180,218
050,27,085,"Minnesota","McLeod County",4,69,391,183,208
050,27,085,"Minnesota","McLeod County",4,70,390,193,197
050,27,085,"Minnesota","McLeod County",4,71,380,181,199
050,27,085,"Minnesota","McLeod County",4,72,370,176,194
050,27,085,"Minnesota","McLeod County",4,73,335,158,177
050,27,085,"Minnesota","McLeod County",4,74,341,165,176
050,27,085,"Minnesota","McLeod County",4,75,357,166,191
050,27,085,"Minnesota","McLeod County",4,76,255,121,134
050,27,085,"Minnesota","McLeod County",4,77,276,135,141
050,27,085,"Minnesota","McLeod County",4,78,255,111,144
050,27,085,"Minnesota","McLeod County",4,79,274,121,153
050,27,085,"Minnesota","McLeod County",4,80,229,103,126
050,27,085,"Minnesota","McLeod County",4,81,208,84,124
050,27,085,"Minnesota","McLeod County",4,82,192,73,119
050,27,085,"Minnesota","McLeod County",4,83,183,69,114
050,27,085,"Minnesota","McLeod County",4,84,154,67,87
050,27,085,"Minnesota","McLeod County",4,85,1047,406,641
050,27,085,"Minnesota","McLeod County",5,0,377,209,168
050,27,085,"Minnesota","McLeod County",5,1,395,206,189
050,27,085,"Minnesota","McLeod County",5,2,382,216,166
050,27,085,"Minnesota","McLeod County",5,3,443,230,213
050,27,085,"Minnesota","McLeod County",5,4,405,203,202
050,27,085,"Minnesota","McLeod County",5,5,421,213,208
050,27,085,"Minnesota","McLeod County",5,6,405,192,213
050,27,085,"Minnesota","McLeod County",5,7,432,219,213
050,27,085,"Minnesota","McLeod County",5,8,423,217,206
050,27,085,"Minnesota","McLeod County",5,9,422,219,203
050,27,085,"Minnesota","McLeod County",5,10,467,224,243
050,27,085,"Minnesota","McLeod County",5,11,422,210,212
050,27,085,"Minnesota","McLeod County",5,12,444,222,222
050,27,085,"Minnesota","McLeod County",5,13,459,242,217
050,27,085,"Minnesota","McLeod County",5,14,491,252,239
050,27,085,"Minnesota","McLeod County",5,15,511,280,231
050,27,085,"Minnesota","McLeod County",5,16,525,282,243
050,27,085,"Minnesota","McLeod County",5,17,532,277,255
050,27,085,"Minnesota","McLeod County",5,18,437,227,210
050,27,085,"Minnesota","McLeod County",5,19,357,179,178
050,27,085,"Minnesota","McLeod County",5,20,387,199,188
050,27,085,"Minnesota","McLeod County",5,21,399,203,196
050,27,085,"Minnesota","McLeod County",5,22,432,223,209
050,27,085,"Minnesota","McLeod County",5,23,417,210,207
050,27,085,"Minnesota","McLeod County",5,24,425,213,212
050,27,085,"Minnesota","McLeod County",5,25,450,232,218
050,27,085,"Minnesota","McLeod County",5,26,443,248,195
050,27,085,"Minnesota","McLeod County",5,27,396,219,177
050,27,085,"Minnesota","McLeod County",5,28,419,240,179
050,27,085,"Minnesota","McLeod County",5,29,440,214,226
050,27,085,"Minnesota","McLeod County",5,30,474,255,219
050,27,085,"Minnesota","McLeod County",5,31,455,235,220
050,27,085,"Minnesota","McLeod County",5,32,422,218,204
050,27,085,"Minnesota","McLeod County",5,33,456,238,218
050,27,085,"Minnesota","McLeod County",5,34,425,219,206
050,27,085,"Minnesota","McLeod County",5,35,448,231,217
050,27,085,"Minnesota","McLeod County",5,36,434,224,210
050,27,085,"Minnesota","McLeod County",5,37,431,214,217
050,27,085,"Minnesota","McLeod County",5,38,467,237,230
050,27,085,"Minnesota","McLeod County",5,39,463,241,222
050,27,085,"Minnesota","McLeod County",5,40,461,242,219
050,27,085,"Minnesota","McLeod County",5,41,465,247,218
050,27,085,"Minnesota","McLeod County",5,42,460,241,219
050,27,085,"Minnesota","McLeod County",5,43,474,245,229
050,27,085,"Minnesota","McLeod County",5,44,459,235,224
050,27,085,"Minnesota","McLeod County",5,45,435,233,202
050,27,085,"Minnesota","McLeod County",5,46,434,230,204
050,27,085,"Minnesota","McLeod County",5,47,391,204,187
050,27,085,"Minnesota","McLeod County",5,48,405,209,196
050,27,085,"Minnesota","McLeod County",5,49,422,203,219
050,27,085,"Minnesota","McLeod County",5,50,432,223,209
050,27,085,"Minnesota","McLeod County",5,51,474,255,219
050,27,085,"Minnesota","McLeod County",5,52,507,271,236
050,27,085,"Minnesota","McLeod County",5,53,491,259,232
050,27,085,"Minnesota","McLeod County",5,54,463,244,219
050,27,085,"Minnesota","McLeod County",5,55,463,246,217
050,27,085,"Minnesota","McLeod County",5,56,443,227,216
050,27,085,"Minnesota","McLeod County",5,57,473,243,230
050,27,085,"Minnesota","McLeod County",5,58,502,252,250
050,27,085,"Minnesota","McLeod County",5,59,511,252,259
050,27,085,"Minnesota","McLeod County",5,60,549,271,278
050,27,085,"Minnesota","McLeod County",5,61,533,263,270
050,27,085,"Minnesota","McLeod County",5,62,536,282,254
050,27,085,"Minnesota","McLeod County",5,63,519,258,261
050,27,085,"Minnesota","McLeod County",5,64,513,253,260
050,27,085,"Minnesota","McLeod County",5,65,481,242,239
050,27,085,"Minnesota","McLeod County",5,66,482,250,232
050,27,085,"Minnesota","McLeod County",5,67,428,217,211
050,27,085,"Minnesota","McLeod County",5,68,423,200,223
050,27,085,"Minnesota","McLeod County",5,69,392,180,212
050,27,085,"Minnesota","McLeod County",5,70,389,182,207
050,27,085,"Minnesota","McLeod County",5,71,381,185,196
050,27,085,"Minnesota","McLeod County",5,72,379,180,199
050,27,085,"Minnesota","McLeod County",5,73,343,164,179
050,27,085,"Minnesota","McLeod County",5,74,334,155,179
050,27,085,"Minnesota","McLeod County",5,75,327,157,170
050,27,085,"Minnesota","McLeod County",5,76,344,158,186
050,27,085,"Minnesota","McLeod County",5,77,252,119,133
050,27,085,"Minnesota","McLeod County",5,78,271,130,141
050,27,085,"Minnesota","McLeod County",5,79,244,108,136
050,27,085,"Minnesota","McLeod County",5,80,258,121,137
050,27,085,"Minnesota","McLeod County",5,81,221,92,129
050,27,085,"Minnesota","McLeod County",5,82,191,68,123
050,27,085,"Minnesota","McLeod County",5,83,188,65,123
050,27,085,"Minnesota","McLeod County",5,84,156,64,92
050,27,085,"Minnesota","McLeod County",5,85,1053,419,634
050,27,087,"Minnesota","Mahnomen County",1,0,90,45,45
050,27,087,"Minnesota","Mahnomen County",1,1,88,44,44
050,27,087,"Minnesota","Mahnomen County",1,2,86,46,40
050,27,087,"Minnesota","Mahnomen County",1,3,92,55,37
050,27,087,"Minnesota","Mahnomen County",1,4,96,52,44
050,27,087,"Minnesota","Mahnomen County",1,5,85,45,40
050,27,087,"Minnesota","Mahnomen County",1,6,86,41,45
050,27,087,"Minnesota","Mahnomen County",1,7,102,45,57
050,27,087,"Minnesota","Mahnomen County",1,8,117,66,51
050,27,087,"Minnesota","Mahnomen County",1,9,119,65,54
050,27,087,"Minnesota","Mahnomen County",1,10,106,52,54
050,27,087,"Minnesota","Mahnomen County",1,11,98,51,47
050,27,087,"Minnesota","Mahnomen County",1,12,103,48,55
050,27,087,"Minnesota","Mahnomen County",1,13,86,51,35
050,27,087,"Minnesota","Mahnomen County",1,14,80,49,31
050,27,087,"Minnesota","Mahnomen County",1,15,81,51,30
050,27,087,"Minnesota","Mahnomen County",1,16,88,47,41
050,27,087,"Minnesota","Mahnomen County",1,17,81,37,44
050,27,087,"Minnesota","Mahnomen County",1,18,79,44,35
050,27,087,"Minnesota","Mahnomen County",1,19,72,42,30
050,27,087,"Minnesota","Mahnomen County",1,20,67,31,36
050,27,087,"Minnesota","Mahnomen County",1,21,56,28,28
050,27,087,"Minnesota","Mahnomen County",1,22,63,28,35
050,27,087,"Minnesota","Mahnomen County",1,23,59,28,31
050,27,087,"Minnesota","Mahnomen County",1,24,60,28,32
050,27,087,"Minnesota","Mahnomen County",1,25,53,29,24
050,27,087,"Minnesota","Mahnomen County",1,26,47,22,25
050,27,087,"Minnesota","Mahnomen County",1,27,55,29,26
050,27,087,"Minnesota","Mahnomen County",1,28,50,22,28
050,27,087,"Minnesota","Mahnomen County",1,29,67,31,36
050,27,087,"Minnesota","Mahnomen County",1,30,65,26,39
050,27,087,"Minnesota","Mahnomen County",1,31,50,25,25
050,27,087,"Minnesota","Mahnomen County",1,32,54,28,26
050,27,087,"Minnesota","Mahnomen County",1,33,46,23,23
050,27,087,"Minnesota","Mahnomen County",1,34,49,27,22
050,27,087,"Minnesota","Mahnomen County",1,35,52,23,29
050,27,087,"Minnesota","Mahnomen County",1,36,52,29,23
050,27,087,"Minnesota","Mahnomen County",1,37,59,27,32
050,27,087,"Minnesota","Mahnomen County",1,38,60,27,33
050,27,087,"Minnesota","Mahnomen County",1,39,56,23,33
050,27,087,"Minnesota","Mahnomen County",1,40,69,32,37
050,27,087,"Minnesota","Mahnomen County",1,41,52,25,27
050,27,087,"Minnesota","Mahnomen County",1,42,64,34,30
050,27,087,"Minnesota","Mahnomen County",1,43,54,26,28
050,27,087,"Minnesota","Mahnomen County",1,44,38,22,16
050,27,087,"Minnesota","Mahnomen County",1,45,42,25,17
050,27,087,"Minnesota","Mahnomen County",1,46,47,23,24
050,27,087,"Minnesota","Mahnomen County",1,47,66,34,32
050,27,087,"Minnesota","Mahnomen County",1,48,57,33,24
050,27,087,"Minnesota","Mahnomen County",1,49,50,29,21
050,27,087,"Minnesota","Mahnomen County",1,50,59,31,28
050,27,087,"Minnesota","Mahnomen County",1,51,51,25,26
050,27,087,"Minnesota","Mahnomen County",1,52,55,28,27
050,27,087,"Minnesota","Mahnomen County",1,53,53,26,27
050,27,087,"Minnesota","Mahnomen County",1,54,52,22,30
050,27,087,"Minnesota","Mahnomen County",1,55,65,33,32
050,27,087,"Minnesota","Mahnomen County",1,56,61,31,30
050,27,087,"Minnesota","Mahnomen County",1,57,70,32,38
050,27,087,"Minnesota","Mahnomen County",1,58,70,36,34
050,27,087,"Minnesota","Mahnomen County",1,59,73,38,35
050,27,087,"Minnesota","Mahnomen County",1,60,81,42,39
050,27,087,"Minnesota","Mahnomen County",1,61,78,43,35
050,27,087,"Minnesota","Mahnomen County",1,62,61,34,27
050,27,087,"Minnesota","Mahnomen County",1,63,81,47,34
050,27,087,"Minnesota","Mahnomen County",1,64,70,34,36
050,27,087,"Minnesota","Mahnomen County",1,65,64,38,26
050,27,087,"Minnesota","Mahnomen County",1,66,63,37,26
050,27,087,"Minnesota","Mahnomen County",1,67,54,27,27
050,27,087,"Minnesota","Mahnomen County",1,68,48,22,26
050,27,087,"Minnesota","Mahnomen County",1,69,54,29,25
050,27,087,"Minnesota","Mahnomen County",1,70,60,30,30
050,27,087,"Minnesota","Mahnomen County",1,71,56,27,29
050,27,087,"Minnesota","Mahnomen County",1,72,61,30,31
050,27,087,"Minnesota","Mahnomen County",1,73,56,28,28
050,27,087,"Minnesota","Mahnomen County",1,74,37,18,19
050,27,087,"Minnesota","Mahnomen County",1,75,36,22,14
050,27,087,"Minnesota","Mahnomen County",1,76,34,14,20
050,27,087,"Minnesota","Mahnomen County",1,77,30,11,19
050,27,087,"Minnesota","Mahnomen County",1,78,29,9,20
050,27,087,"Minnesota","Mahnomen County",1,79,27,14,13
050,27,087,"Minnesota","Mahnomen County",1,80,22,10,12
050,27,087,"Minnesota","Mahnomen County",1,81,19,7,12
050,27,087,"Minnesota","Mahnomen County",1,82,25,11,14
050,27,087,"Minnesota","Mahnomen County",1,83,17,9,8
050,27,087,"Minnesota","Mahnomen County",1,84,16,5,11
050,27,087,"Minnesota","Mahnomen County",1,85,126,53,73
050,27,087,"Minnesota","Mahnomen County",2,0,86,45,41
050,27,087,"Minnesota","Mahnomen County",2,1,89,45,44
050,27,087,"Minnesota","Mahnomen County",2,2,89,47,42
050,27,087,"Minnesota","Mahnomen County",2,3,91,54,37
050,27,087,"Minnesota","Mahnomen County",2,4,93,51,42
050,27,087,"Minnesota","Mahnomen County",2,5,88,47,41
050,27,087,"Minnesota","Mahnomen County",2,6,82,40,42
050,27,087,"Minnesota","Mahnomen County",2,7,97,43,54
050,27,087,"Minnesota","Mahnomen County",2,8,110,60,50
050,27,087,"Minnesota","Mahnomen County",2,9,117,65,52
050,27,087,"Minnesota","Mahnomen County",2,10,108,56,52
050,27,087,"Minnesota","Mahnomen County",2,11,101,52,49
050,27,087,"Minnesota","Mahnomen County",2,12,100,49,51
050,27,087,"Minnesota","Mahnomen County",2,13,87,48,39
050,27,087,"Minnesota","Mahnomen County",2,14,79,49,30
050,27,087,"Minnesota","Mahnomen County",2,15,80,50,30
050,27,087,"Minnesota","Mahnomen County",2,16,87,49,38
050,27,087,"Minnesota","Mahnomen County",2,17,82,39,43
050,27,087,"Minnesota","Mahnomen County",2,18,78,42,36
050,27,087,"Minnesota","Mahnomen County",2,19,70,40,30
050,27,087,"Minnesota","Mahnomen County",2,20,69,34,35
050,27,087,"Minnesota","Mahnomen County",2,21,60,29,31
050,27,087,"Minnesota","Mahnomen County",2,22,61,28,33
050,27,087,"Minnesota","Mahnomen County",2,23,61,28,33
050,27,087,"Minnesota","Mahnomen County",2,24,58,28,30
050,27,087,"Minnesota","Mahnomen County",2,25,54,29,25
050,27,087,"Minnesota","Mahnomen County",2,26,50,25,25
050,27,087,"Minnesota","Mahnomen County",2,27,51,27,24
050,27,087,"Minnesota","Mahnomen County",2,28,51,23,28
050,27,087,"Minnesota","Mahnomen County",2,29,63,29,34
050,27,087,"Minnesota","Mahnomen County",2,30,64,27,37
050,27,087,"Minnesota","Mahnomen County",2,31,53,26,27
050,27,087,"Minnesota","Mahnomen County",2,32,52,27,25
050,27,087,"Minnesota","Mahnomen County",2,33,46,24,22
050,27,087,"Minnesota","Mahnomen County",2,34,48,26,22
050,27,087,"Minnesota","Mahnomen County",2,35,52,25,27
050,27,087,"Minnesota","Mahnomen County",2,36,51,27,24
050,27,087,"Minnesota","Mahnomen County",2,37,56,27,29
050,27,087,"Minnesota","Mahnomen County",2,38,61,27,34
050,27,087,"Minnesota","Mahnomen County",2,39,58,25,33
050,27,087,"Minnesota","Mahnomen County",2,40,66,30,36
050,27,087,"Minnesota","Mahnomen County",2,41,56,27,29
050,27,087,"Minnesota","Mahnomen County",2,42,59,31,28
050,27,087,"Minnesota","Mahnomen County",2,43,56,28,28
050,27,087,"Minnesota","Mahnomen County",2,44,41,22,19
050,27,087,"Minnesota","Mahnomen County",2,45,41,24,17
050,27,087,"Minnesota","Mahnomen County",2,46,46,24,22
050,27,087,"Minnesota","Mahnomen County",2,47,62,31,31
050,27,087,"Minnesota","Mahnomen County",2,48,60,34,26
050,27,087,"Minnesota","Mahnomen County",2,49,53,30,23
050,27,087,"Minnesota","Mahnomen County",2,50,58,31,27
050,27,087,"Minnesota","Mahnomen County",2,51,53,26,27
050,27,087,"Minnesota","Mahnomen County",2,52,54,27,27
050,27,087,"Minnesota","Mahnomen County",2,53,53,26,27
050,27,087,"Minnesota","Mahnomen County",2,54,54,24,30
050,27,087,"Minnesota","Mahnomen County",2,55,65,32,33
050,27,087,"Minnesota","Mahnomen County",2,56,64,32,32
050,27,087,"Minnesota","Mahnomen County",2,57,67,32,35
050,27,087,"Minnesota","Mahnomen County",2,58,68,34,34
050,27,087,"Minnesota","Mahnomen County",2,59,71,36,35
050,27,087,"Minnesota","Mahnomen County",2,60,79,41,38
050,27,087,"Minnesota","Mahnomen County",2,61,78,43,35
050,27,087,"Minnesota","Mahnomen County",2,62,65,36,29
050,27,087,"Minnesota","Mahnomen County",2,63,75,42,33
050,27,087,"Minnesota","Mahnomen County",2,64,70,36,34
050,27,087,"Minnesota","Mahnomen County",2,65,64,36,28
050,27,087,"Minnesota","Mahnomen County",2,66,63,38,25
050,27,087,"Minnesota","Mahnomen County",2,67,56,30,26
050,27,087,"Minnesota","Mahnomen County",2,68,49,23,26
050,27,087,"Minnesota","Mahnomen County",2,69,52,27,25
050,27,087,"Minnesota","Mahnomen County",2,70,57,29,28
050,27,087,"Minnesota","Mahnomen County",2,71,56,27,29
050,27,087,"Minnesota","Mahnomen County",2,72,58,29,29
050,27,087,"Minnesota","Mahnomen County",2,73,59,30,29
050,27,087,"Minnesota","Mahnomen County",2,74,38,18,20
050,27,087,"Minnesota","Mahnomen County",2,75,37,22,15
050,27,087,"Minnesota","Mahnomen County",2,76,34,15,19
050,27,087,"Minnesota","Mahnomen County",2,77,32,12,20
050,27,087,"Minnesota","Mahnomen County",2,78,25,8,17
050,27,087,"Minnesota","Mahnomen County",2,79,27,13,14
050,27,087,"Minnesota","Mahnomen County",2,80,23,11,12
050,27,087,"Minnesota","Mahnomen County",2,81,19,7,12
050,27,087,"Minnesota","Mahnomen County",2,82,24,11,13
050,27,087,"Minnesota","Mahnomen County",2,83,18,9,9
050,27,087,"Minnesota","Mahnomen County",2,84,16,6,10
050,27,087,"Minnesota","Mahnomen County",2,85,126,53,73
050,27,087,"Minnesota","Mahnomen County",3,0,79,36,43
050,27,087,"Minnesota","Mahnomen County",3,1,80,37,43
050,27,087,"Minnesota","Mahnomen County",3,2,94,48,46
050,27,087,"Minnesota","Mahnomen County",3,3,94,51,43
050,27,087,"Minnesota","Mahnomen County",3,4,90,54,36
050,27,087,"Minnesota","Mahnomen County",3,5,97,53,44
050,27,087,"Minnesota","Mahnomen County",3,6,92,47,45
050,27,087,"Minnesota","Mahnomen County",3,7,86,41,45
050,27,087,"Minnesota","Mahnomen County",3,8,98,44,54
050,27,087,"Minnesota","Mahnomen County",3,9,113,62,51
050,27,087,"Minnesota","Mahnomen County",3,10,119,66,53
050,27,087,"Minnesota","Mahnomen County",3,11,103,53,50
050,27,087,"Minnesota","Mahnomen County",3,12,100,49,51
050,27,087,"Minnesota","Mahnomen County",3,13,100,51,49
050,27,087,"Minnesota","Mahnomen County",3,14,87,48,39
050,27,087,"Minnesota","Mahnomen County",3,15,80,49,31
050,27,087,"Minnesota","Mahnomen County",3,16,87,53,34
050,27,087,"Minnesota","Mahnomen County",3,17,87,49,38
050,27,087,"Minnesota","Mahnomen County",3,18,71,34,37
050,27,087,"Minnesota","Mahnomen County",3,19,66,34,32
050,27,087,"Minnesota","Mahnomen County",3,20,66,39,27
050,27,087,"Minnesota","Mahnomen County",3,21,65,32,33
050,27,087,"Minnesota","Mahnomen County",3,22,61,32,29
050,27,087,"Minnesota","Mahnomen County",3,23,56,27,29
050,27,087,"Minnesota","Mahnomen County",3,24,62,27,35
050,27,087,"Minnesota","Mahnomen County",3,25,54,27,27
050,27,087,"Minnesota","Mahnomen County",3,26,55,26,29
050,27,087,"Minnesota","Mahnomen County",3,27,48,25,23
050,27,087,"Minnesota","Mahnomen County",3,28,58,34,24
050,27,087,"Minnesota","Mahnomen County",3,29,52,24,28
050,27,087,"Minnesota","Mahnomen County",3,30,56,25,31
050,27,087,"Minnesota","Mahnomen County",3,31,62,25,37
050,27,087,"Minnesota","Mahnomen County",3,32,55,30,25
050,27,087,"Minnesota","Mahnomen County",3,33,55,29,26
050,27,087,"Minnesota","Mahnomen County",3,34,43,22,21
050,27,087,"Minnesota","Mahnomen County",3,35,50,24,26
050,27,087,"Minnesota","Mahnomen County",3,36,56,29,27
050,27,087,"Minnesota","Mahnomen County",3,37,57,31,26
050,27,087,"Minnesota","Mahnomen County",3,38,62,28,34
050,27,087,"Minnesota","Mahnomen County",3,39,62,27,35
050,27,087,"Minnesota","Mahnomen County",3,40,57,24,33
050,27,087,"Minnesota","Mahnomen County",3,41,69,34,35
050,27,087,"Minnesota","Mahnomen County",3,42,52,25,27
050,27,087,"Minnesota","Mahnomen County",3,43,60,33,27
050,27,087,"Minnesota","Mahnomen County",3,44,50,24,26
050,27,087,"Minnesota","Mahnomen County",3,45,41,22,19
050,27,087,"Minnesota","Mahnomen County",3,46,43,26,17
050,27,087,"Minnesota","Mahnomen County",3,47,51,29,22
050,27,087,"Minnesota","Mahnomen County",3,48,68,32,36
050,27,087,"Minnesota","Mahnomen County",3,49,59,34,25
050,27,087,"Minnesota","Mahnomen County",3,50,53,30,23
050,27,087,"Minnesota","Mahnomen County",3,51,60,32,28
050,27,087,"Minnesota","Mahnomen County",3,52,52,24,28
050,27,087,"Minnesota","Mahnomen County",3,53,52,26,26
050,27,087,"Minnesota","Mahnomen County",3,54,47,23,24
050,27,087,"Minnesota","Mahnomen County",3,55,54,24,30
050,27,087,"Minnesota","Mahnomen County",3,56,64,30,34
050,27,087,"Minnesota","Mahnomen County",3,57,62,32,30
050,27,087,"Minnesota","Mahnomen County",3,58,72,37,35
050,27,087,"Minnesota","Mahnomen County",3,59,62,30,32
050,27,087,"Minnesota","Mahnomen County",3,60,74,38,36
050,27,087,"Minnesota","Mahnomen County",3,61,81,44,37
050,27,087,"Minnesota","Mahnomen County",3,62,77,39,38
050,27,087,"Minnesota","Mahnomen County",3,63,69,39,30
050,27,087,"Minnesota","Mahnomen County",3,64,71,38,33
050,27,087,"Minnesota","Mahnomen County",3,65,70,35,35
050,27,087,"Minnesota","Mahnomen County",3,66,61,35,26
050,27,087,"Minnesota","Mahnomen County",3,67,64,38,26
050,27,087,"Minnesota","Mahnomen County",3,68,54,27,27
050,27,087,"Minnesota","Mahnomen County",3,69,44,21,23
050,27,087,"Minnesota","Mahnomen County",3,70,48,24,24
050,27,087,"Minnesota","Mahnomen County",3,71,55,29,26
050,27,087,"Minnesota","Mahnomen County",3,72,53,26,27
050,27,087,"Minnesota","Mahnomen County",3,73,57,29,28
050,27,087,"Minnesota","Mahnomen County",3,74,57,28,29
050,27,087,"Minnesota","Mahnomen County",3,75,39,19,20
050,27,087,"Minnesota","Mahnomen County",3,76,32,18,14
050,27,087,"Minnesota","Mahnomen County",3,77,30,13,17
050,27,087,"Minnesota","Mahnomen County",3,78,31,12,19
050,27,087,"Minnesota","Mahnomen County",3,79,25,9,16
050,27,087,"Minnesota","Mahnomen County",3,80,25,13,12
050,27,087,"Minnesota","Mahnomen County",3,81,22,10,12
050,27,087,"Minnesota","Mahnomen County",3,82,18,6,12
050,27,087,"Minnesota","Mahnomen County",3,83,22,10,12
050,27,087,"Minnesota","Mahnomen County",3,84,18,9,9
050,27,087,"Minnesota","Mahnomen County",3,85,120,47,73
050,27,087,"Minnesota","Mahnomen County",4,0,63,28,35
050,27,087,"Minnesota","Mahnomen County",4,1,85,38,47
050,27,087,"Minnesota","Mahnomen County",4,2,83,43,40
050,27,087,"Minnesota","Mahnomen County",4,3,94,48,46
050,27,087,"Minnesota","Mahnomen County",4,4,92,51,41
050,27,087,"Minnesota","Mahnomen County",4,5,88,43,45
050,27,087,"Minnesota","Mahnomen County",4,6,104,56,48
050,27,087,"Minnesota","Mahnomen County",4,7,94,48,46
050,27,087,"Minnesota","Mahnomen County",4,8,91,45,46
050,27,087,"Minnesota","Mahnomen County",4,9,100,47,53
050,27,087,"Minnesota","Mahnomen County",4,10,113,64,49
050,27,087,"Minnesota","Mahnomen County",4,11,119,66,53
050,27,087,"Minnesota","Mahnomen County",4,12,103,55,48
050,27,087,"Minnesota","Mahnomen County",4,13,98,52,46
050,27,087,"Minnesota","Mahnomen County",4,14,98,50,48
050,27,087,"Minnesota","Mahnomen County",4,15,88,47,41
050,27,087,"Minnesota","Mahnomen County",4,16,81,47,34
050,27,087,"Minnesota","Mahnomen County",4,17,81,51,30
050,27,087,"Minnesota","Mahnomen County",4,18,83,46,37
050,27,087,"Minnesota","Mahnomen County",4,19,59,25,34
050,27,087,"Minnesota","Mahnomen County",4,20,62,30,32
050,27,087,"Minnesota","Mahnomen County",4,21,67,41,26
050,27,087,"Minnesota","Mahnomen County",4,22,66,32,34
050,27,087,"Minnesota","Mahnomen County",4,23,55,28,27
050,27,087,"Minnesota","Mahnomen County",4,24,60,29,31
050,27,087,"Minnesota","Mahnomen County",4,25,57,26,31
050,27,087,"Minnesota","Mahnomen County",4,26,54,27,27
050,27,087,"Minnesota","Mahnomen County",4,27,51,23,28
050,27,087,"Minnesota","Mahnomen County",4,28,51,28,23
050,27,087,"Minnesota","Mahnomen County",4,29,59,35,24
050,27,087,"Minnesota","Mahnomen County",4,30,56,26,30
050,27,087,"Minnesota","Mahnomen County",4,31,61,28,33
050,27,087,"Minnesota","Mahnomen County",4,32,61,23,38
050,27,087,"Minnesota","Mahnomen County",4,33,53,30,23
050,27,087,"Minnesota","Mahnomen County",4,34,53,26,27
050,27,087,"Minnesota","Mahnomen County",4,35,46,23,23
050,27,087,"Minnesota","Mahnomen County",4,36,44,22,22
050,27,087,"Minnesota","Mahnomen County",4,37,52,25,27
050,27,087,"Minnesota","Mahnomen County",4,38,56,30,26
050,27,087,"Minnesota","Mahnomen County",4,39,58,26,32
050,27,087,"Minnesota","Mahnomen County",4,40,59,23,36
050,27,087,"Minnesota","Mahnomen County",4,41,51,24,27
050,27,087,"Minnesota","Mahnomen County",4,42,70,35,35
050,27,087,"Minnesota","Mahnomen County",4,43,52,25,27
050,27,087,"Minnesota","Mahnomen County",4,44,60,34,26
050,27,087,"Minnesota","Mahnomen County",4,45,46,21,25
050,27,087,"Minnesota","Mahnomen County",4,46,44,22,22
050,27,087,"Minnesota","Mahnomen County",4,47,43,26,17
050,27,087,"Minnesota","Mahnomen County",4,48,48,28,20
050,27,087,"Minnesota","Mahnomen County",4,49,62,28,34
050,27,087,"Minnesota","Mahnomen County",4,50,58,34,24
050,27,087,"Minnesota","Mahnomen County",4,51,55,31,24
050,27,087,"Minnesota","Mahnomen County",4,52,54,29,25
050,27,087,"Minnesota","Mahnomen County",4,53,50,21,29
050,27,087,"Minnesota","Mahnomen County",4,54,55,27,28
050,27,087,"Minnesota","Mahnomen County",4,55,43,21,22
050,27,087,"Minnesota","Mahnomen County",4,56,51,22,29
050,27,087,"Minnesota","Mahnomen County",4,57,61,29,32
050,27,087,"Minnesota","Mahnomen County",4,58,68,32,36
050,27,087,"Minnesota","Mahnomen County",4,59,69,35,34
050,27,087,"Minnesota","Mahnomen County",4,60,66,30,36
050,27,087,"Minnesota","Mahnomen County",4,61,75,40,35
050,27,087,"Minnesota","Mahnomen County",4,62,77,41,36
050,27,087,"Minnesota","Mahnomen County",4,63,78,40,38
050,27,087,"Minnesota","Mahnomen County",4,64,61,38,23
050,27,087,"Minnesota","Mahnomen County",4,65,69,38,31
050,27,087,"Minnesota","Mahnomen County",4,66,68,32,36
050,27,087,"Minnesota","Mahnomen County",4,67,63,35,28
050,27,087,"Minnesota","Mahnomen County",4,68,61,37,24
050,27,087,"Minnesota","Mahnomen County",4,69,52,27,25
050,27,087,"Minnesota","Mahnomen County",4,70,41,19,22
050,27,087,"Minnesota","Mahnomen County",4,71,48,26,22
050,27,087,"Minnesota","Mahnomen County",4,72,53,27,26
050,27,087,"Minnesota","Mahnomen County",4,73,52,27,25
050,27,087,"Minnesota","Mahnomen County",4,74,54,28,26
050,27,087,"Minnesota","Mahnomen County",4,75,60,31,29
050,27,087,"Minnesota","Mahnomen County",4,76,29,10,19
050,27,087,"Minnesota","Mahnomen County",4,77,31,17,14
050,27,087,"Minnesota","Mahnomen County",4,78,28,13,15
050,27,087,"Minnesota","Mahnomen County",4,79,27,10,17
050,27,087,"Minnesota","Mahnomen County",4,80,20,9,11
050,27,087,"Minnesota","Mahnomen County",4,81,22,10,12
050,27,087,"Minnesota","Mahnomen County",4,82,18,9,9
050,27,087,"Minnesota","Mahnomen County",4,83,16,5,11
050,27,087,"Minnesota","Mahnomen County",4,84,18,9,9
050,27,087,"Minnesota","Mahnomen County",4,85,114,45,69
050,27,087,"Minnesota","Mahnomen County",5,0,62,27,35
050,27,087,"Minnesota","Mahnomen County",5,1,67,30,37
050,27,087,"Minnesota","Mahnomen County",5,2,87,40,47
050,27,087,"Minnesota","Mahnomen County",5,3,83,42,41
050,27,087,"Minnesota","Mahnomen County",5,4,90,44,46
050,27,087,"Minnesota","Mahnomen County",5,5,90,49,41
050,27,087,"Minnesota","Mahnomen County",5,6,88,43,45
050,27,087,"Minnesota","Mahnomen County",5,7,99,52,47
050,27,087,"Minnesota","Mahnomen County",5,8,89,43,46
050,27,087,"Minnesota","Mahnomen County",5,9,89,43,46
050,27,087,"Minnesota","Mahnomen County",5,10,92,40,52
050,27,087,"Minnesota","Mahnomen County",5,11,116,68,48
050,27,087,"Minnesota","Mahnomen County",5,12,115,68,47
050,27,087,"Minnesota","Mahnomen County",5,13,106,54,52
050,27,087,"Minnesota","Mahnomen County",5,14,93,48,45
050,27,087,"Minnesota","Mahnomen County",5,15,96,52,44
050,27,087,"Minnesota","Mahnomen County",5,16,94,51,43
050,27,087,"Minnesota","Mahnomen County",5,17,78,46,32
050,27,087,"Minnesota","Mahnomen County",5,18,70,44,26
050,27,087,"Minnesota","Mahnomen County",5,19,68,39,29
050,27,087,"Minnesota","Mahnomen County",5,20,58,24,34
050,27,087,"Minnesota","Mahnomen County",5,21,63,32,31
050,27,087,"Minnesota","Mahnomen County",5,22,66,40,26
050,27,087,"Minnesota","Mahnomen County",5,23,67,32,35
050,27,087,"Minnesota","Mahnomen County",5,24,50,26,24
050,27,087,"Minnesota","Mahnomen County",5,25,62,29,33
050,27,087,"Minnesota","Mahnomen County",5,26,52,27,25
050,27,087,"Minnesota","Mahnomen County",5,27,52,26,26
050,27,087,"Minnesota","Mahnomen County",5,28,54,24,30
050,27,087,"Minnesota","Mahnomen County",5,29,54,30,24
050,27,087,"Minnesota","Mahnomen County",5,30,62,37,25
050,27,087,"Minnesota","Mahnomen County",5,31,54,26,28
050,27,087,"Minnesota","Mahnomen County",5,32,58,28,30
050,27,087,"Minnesota","Mahnomen County",5,33,58,22,36
050,27,087,"Minnesota","Mahnomen County",5,34,50,29,21
050,27,087,"Minnesota","Mahnomen County",5,35,54,25,29
050,27,087,"Minnesota","Mahnomen County",5,36,44,21,23
050,27,087,"Minnesota","Mahnomen County",5,37,45,23,22
050,27,087,"Minnesota","Mahnomen County",5,38,59,30,29
050,27,087,"Minnesota","Mahnomen County",5,39,53,29,24
050,27,087,"Minnesota","Mahnomen County",5,40,58,27,31
050,27,087,"Minnesota","Mahnomen County",5,41,58,23,35
050,27,087,"Minnesota","Mahnomen County",5,42,50,24,26
050,27,087,"Minnesota","Mahnomen County",5,43,70,35,35
050,27,087,"Minnesota","Mahnomen County",5,44,47,22,25
050,27,087,"Minnesota","Mahnomen County",5,45,56,33,23
050,27,087,"Minnesota","Mahnomen County",5,46,48,21,27
050,27,087,"Minnesota","Mahnomen County",5,47,43,19,24
050,27,087,"Minnesota","Mahnomen County",5,48,42,26,16
050,27,087,"Minnesota","Mahnomen County",5,49,46,26,20
050,27,087,"Minnesota","Mahnomen County",5,50,61,28,33
050,27,087,"Minnesota","Mahnomen County",5,51,63,42,21
050,27,087,"Minnesota","Mahnomen County",5,52,52,29,23
050,27,087,"Minnesota","Mahnomen County",5,53,57,31,26
050,27,087,"Minnesota","Mahnomen County",5,54,51,21,30
050,27,087,"Minnesota","Mahnomen County",5,55,53,25,28
050,27,087,"Minnesota","Mahnomen County",5,56,43,19,24
050,27,087,"Minnesota","Mahnomen County",5,57,49,21,28
050,27,087,"Minnesota","Mahnomen County",5,58,63,31,32
050,27,087,"Minnesota","Mahnomen County",5,59,65,30,35
050,27,087,"Minnesota","Mahnomen County",5,60,70,35,35
050,27,087,"Minnesota","Mahnomen County",5,61,66,31,35
050,27,087,"Minnesota","Mahnomen County",5,62,74,36,38
050,27,087,"Minnesota","Mahnomen County",5,63,79,43,36
050,27,087,"Minnesota","Mahnomen County",5,64,75,39,36
050,27,087,"Minnesota","Mahnomen County",5,65,63,39,24
050,27,087,"Minnesota","Mahnomen County",5,66,64,36,28
050,27,087,"Minnesota","Mahnomen County",5,67,71,32,39
050,27,087,"Minnesota","Mahnomen County",5,68,62,33,29
050,27,087,"Minnesota","Mahnomen County",5,69,58,37,21
050,27,087,"Minnesota","Mahnomen County",5,70,49,24,25
050,27,087,"Minnesota","Mahnomen County",5,71,41,20,21
050,27,087,"Minnesota","Mahnomen County",5,72,47,24,23
050,27,087,"Minnesota","Mahnomen County",5,73,53,28,25
050,27,087,"Minnesota","Mahnomen County",5,74,51,27,24
050,27,087,"Minnesota","Mahnomen County",5,75,54,29,25
050,27,087,"Minnesota","Mahnomen County",5,76,54,25,29
050,27,087,"Minnesota","Mahnomen County",5,77,28,10,18
050,27,087,"Minnesota","Mahnomen County",5,78,30,18,12
050,27,087,"Minnesota","Mahnomen County",5,79,26,11,15
050,27,087,"Minnesota","Mahnomen County",5,80,24,10,14
050,27,087,"Minnesota","Mahnomen County",5,81,16,6,10
050,27,087,"Minnesota","Mahnomen County",5,82,22,10,12
050,27,087,"Minnesota","Mahnomen County",5,83,17,8,9
050,27,087,"Minnesota","Mahnomen County",5,84,15,4,11
050,27,087,"Minnesota","Mahnomen County",5,85,109,44,65
050,27,089,"Minnesota","Marshall County",1,0,100,52,48
050,27,089,"Minnesota","Marshall County",1,1,111,59,52
050,27,089,"Minnesota","Marshall County",1,2,100,57,43
050,27,089,"Minnesota","Marshall County",1,3,121,70,51
050,27,089,"Minnesota","Marshall County",1,4,125,62,63
050,27,089,"Minnesota","Marshall County",1,5,119,59,60
050,27,089,"Minnesota","Marshall County",1,6,118,61,57
050,27,089,"Minnesota","Marshall County",1,7,115,62,53
050,27,089,"Minnesota","Marshall County",1,8,119,60,59
050,27,089,"Minnesota","Marshall County",1,9,99,49,50
050,27,089,"Minnesota","Marshall County",1,10,122,56,66
050,27,089,"Minnesota","Marshall County",1,11,128,58,70
050,27,089,"Minnesota","Marshall County",1,12,145,75,70
050,27,089,"Minnesota","Marshall County",1,13,119,50,69
050,27,089,"Minnesota","Marshall County",1,14,108,50,58
050,27,089,"Minnesota","Marshall County",1,15,119,65,54
050,27,089,"Minnesota","Marshall County",1,16,116,60,56
050,27,089,"Minnesota","Marshall County",1,17,133,70,63
050,27,089,"Minnesota","Marshall County",1,18,98,49,49
050,27,089,"Minnesota","Marshall County",1,19,73,36,37
050,27,089,"Minnesota","Marshall County",1,20,75,41,34
050,27,089,"Minnesota","Marshall County",1,21,76,38,38
050,27,089,"Minnesota","Marshall County",1,22,85,45,40
050,27,089,"Minnesota","Marshall County",1,23,92,52,40
050,27,089,"Minnesota","Marshall County",1,24,101,55,46
050,27,089,"Minnesota","Marshall County",1,25,95,49,46
050,27,089,"Minnesota","Marshall County",1,26,90,47,43
050,27,089,"Minnesota","Marshall County",1,27,96,57,39
050,27,089,"Minnesota","Marshall County",1,28,88,44,44
050,27,089,"Minnesota","Marshall County",1,29,96,53,43
050,27,089,"Minnesota","Marshall County",1,30,102,52,50
050,27,089,"Minnesota","Marshall County",1,31,82,38,44
050,27,089,"Minnesota","Marshall County",1,32,89,40,49
050,27,089,"Minnesota","Marshall County",1,33,92,44,48
050,27,089,"Minnesota","Marshall County",1,34,99,47,52
050,27,089,"Minnesota","Marshall County",1,35,114,61,53
050,27,089,"Minnesota","Marshall County",1,36,111,63,48
050,27,089,"Minnesota","Marshall County",1,37,105,58,47
050,27,089,"Minnesota","Marshall County",1,38,103,60,43
050,27,089,"Minnesota","Marshall County",1,39,112,60,52
050,27,089,"Minnesota","Marshall County",1,40,108,59,49
050,27,089,"Minnesota","Marshall County",1,41,103,58,45
050,27,089,"Minnesota","Marshall County",1,42,106,53,53
050,27,089,"Minnesota","Marshall County",1,43,96,47,49
050,27,089,"Minnesota","Marshall County",1,44,88,46,42
050,27,089,"Minnesota","Marshall County",1,45,80,39,41
050,27,089,"Minnesota","Marshall County",1,46,92,51,41
050,27,089,"Minnesota","Marshall County",1,47,98,55,43
050,27,089,"Minnesota","Marshall County",1,48,101,51,50
050,27,089,"Minnesota","Marshall County",1,49,113,60,53
050,27,089,"Minnesota","Marshall County",1,50,105,58,47
050,27,089,"Minnesota","Marshall County",1,51,97,47,50
050,27,089,"Minnesota","Marshall County",1,52,88,43,45
050,27,089,"Minnesota","Marshall County",1,53,102,50,52
050,27,089,"Minnesota","Marshall County",1,54,120,61,59
050,27,089,"Minnesota","Marshall County",1,55,130,75,55
050,27,089,"Minnesota","Marshall County",1,56,133,71,62
050,27,089,"Minnesota","Marshall County",1,57,147,72,75
050,27,089,"Minnesota","Marshall County",1,58,126,64,62
050,27,089,"Minnesota","Marshall County",1,59,135,72,63
050,27,089,"Minnesota","Marshall County",1,60,132,72,60
050,27,089,"Minnesota","Marshall County",1,61,136,71,65
050,27,089,"Minnesota","Marshall County",1,62,137,75,62
050,27,089,"Minnesota","Marshall County",1,63,140,76,64
050,27,089,"Minnesota","Marshall County",1,64,132,74,58
050,27,089,"Minnesota","Marshall County",1,65,137,75,62
050,27,089,"Minnesota","Marshall County",1,66,143,78,65
050,27,089,"Minnesota","Marshall County",1,67,137,69,68
050,27,089,"Minnesota","Marshall County",1,68,109,55,54
050,27,089,"Minnesota","Marshall County",1,69,107,58,49
050,27,089,"Minnesota","Marshall County",1,70,102,61,41
050,27,089,"Minnesota","Marshall County",1,71,91,49,42
050,27,089,"Minnesota","Marshall County",1,72,93,49,44
050,27,089,"Minnesota","Marshall County",1,73,95,46,49
050,27,089,"Minnesota","Marshall County",1,74,68,29,39
050,27,089,"Minnesota","Marshall County",1,75,73,35,38
050,27,089,"Minnesota","Marshall County",1,76,69,32,37
050,27,089,"Minnesota","Marshall County",1,77,67,34,33
050,27,089,"Minnesota","Marshall County",1,78,55,26,29
050,27,089,"Minnesota","Marshall County",1,79,64,32,32
050,27,089,"Minnesota","Marshall County",1,80,61,29,32
050,27,089,"Minnesota","Marshall County",1,81,60,26,34
050,27,089,"Minnesota","Marshall County",1,82,57,25,32
050,27,089,"Minnesota","Marshall County",1,83,47,18,29
050,27,089,"Minnesota","Marshall County",1,84,42,16,26
050,27,089,"Minnesota","Marshall County",1,85,320,114,206
050,27,089,"Minnesota","Marshall County",2,0,100,51,49
050,27,089,"Minnesota","Marshall County",2,1,106,57,49
050,27,089,"Minnesota","Marshall County",2,2,105,59,46
050,27,089,"Minnesota","Marshall County",2,3,117,68,49
050,27,089,"Minnesota","Marshall County",2,4,124,65,59
050,27,089,"Minnesota","Marshall County",2,5,119,60,59
050,27,089,"Minnesota","Marshall County",2,6,118,61,57
050,27,089,"Minnesota","Marshall County",2,7,116,62,54
050,27,089,"Minnesota","Marshall County",2,8,117,60,57
050,27,089,"Minnesota","Marshall County",2,9,105,53,52
050,27,089,"Minnesota","Marshall County",2,10,116,53,63
050,27,089,"Minnesota","Marshall County",2,11,125,57,68
050,27,089,"Minnesota","Marshall County",2,12,142,71,71
050,27,089,"Minnesota","Marshall County",2,13,127,57,70
050,27,089,"Minnesota","Marshall County",2,14,110,51,59
050,27,089,"Minnesota","Marshall County",2,15,117,62,55
050,27,089,"Minnesota","Marshall County",2,16,118,62,56
050,27,089,"Minnesota","Marshall County",2,17,131,68,63
050,27,089,"Minnesota","Marshall County",2,18,100,51,49
050,27,089,"Minnesota","Marshall County",2,19,73,36,37
050,27,089,"Minnesota","Marshall County",2,20,75,40,35
050,27,089,"Minnesota","Marshall County",2,21,75,37,38
050,27,089,"Minnesota","Marshall County",2,22,85,45,40
050,27,089,"Minnesota","Marshall County",2,23,91,50,41
050,27,089,"Minnesota","Marshall County",2,24,100,54,46
050,27,089,"Minnesota","Marshall County",2,25,97,50,47
050,27,089,"Minnesota","Marshall County",2,26,92,48,44
050,27,089,"Minnesota","Marshall County",2,27,96,54,42
050,27,089,"Minnesota","Marshall County",2,28,91,48,43
050,27,089,"Minnesota","Marshall County",2,29,94,51,43
050,27,089,"Minnesota","Marshall County",2,30,99,52,47
050,27,089,"Minnesota","Marshall County",2,31,85,40,45
050,27,089,"Minnesota","Marshall County",2,32,86,39,47
050,27,089,"Minnesota","Marshall County",2,33,89,42,47
050,27,089,"Minnesota","Marshall County",2,34,99,47,52
050,27,089,"Minnesota","Marshall County",2,35,110,58,52
050,27,089,"Minnesota","Marshall County",2,36,111,62,49
050,27,089,"Minnesota","Marshall County",2,37,107,61,46
050,27,089,"Minnesota","Marshall County",2,38,105,60,45
050,27,089,"Minnesota","Marshall County",2,39,111,62,49
050,27,089,"Minnesota","Marshall County",2,40,111,61,50
050,27,089,"Minnesota","Marshall County",2,41,106,59,47
050,27,089,"Minnesota","Marshall County",2,42,106,54,52
050,27,089,"Minnesota","Marshall County",2,43,101,50,51
050,27,089,"Minnesota","Marshall County",2,44,89,47,42
050,27,089,"Minnesota","Marshall County",2,45,84,42,42
050,27,089,"Minnesota","Marshall County",2,46,89,49,40
050,27,089,"Minnesota","Marshall County",2,47,97,54,43
050,27,089,"Minnesota","Marshall County",2,48,100,51,49
050,27,089,"Minnesota","Marshall County",2,49,110,57,53
050,27,089,"Minnesota","Marshall County",2,50,107,58,49
050,27,089,"Minnesota","Marshall County",2,51,99,50,49
050,27,089,"Minnesota","Marshall County",2,52,89,44,45
050,27,089,"Minnesota","Marshall County",2,53,99,48,51
050,27,089,"Minnesota","Marshall County",2,54,115,59,56
050,27,089,"Minnesota","Marshall County",2,55,127,71,56
050,27,089,"Minnesota","Marshall County",2,56,135,73,62
050,27,089,"Minnesota","Marshall County",2,57,143,71,72
050,27,089,"Minnesota","Marshall County",2,58,129,65,64
050,27,089,"Minnesota","Marshall County",2,59,131,69,62
050,27,089,"Minnesota","Marshall County",2,60,132,72,60
050,27,089,"Minnesota","Marshall County",2,61,133,70,63
050,27,089,"Minnesota","Marshall County",2,62,135,73,62
050,27,089,"Minnesota","Marshall County",2,63,139,74,65
050,27,089,"Minnesota","Marshall County",2,64,132,74,58
050,27,089,"Minnesota","Marshall County",2,65,136,74,62
050,27,089,"Minnesota","Marshall County",2,66,139,74,65
050,27,089,"Minnesota","Marshall County",2,67,138,71,67
050,27,089,"Minnesota","Marshall County",2,68,114,57,57
050,27,089,"Minnesota","Marshall County",2,69,109,58,51
050,27,089,"Minnesota","Marshall County",2,70,103,60,43
050,27,089,"Minnesota","Marshall County",2,71,94,52,42
050,27,089,"Minnesota","Marshall County",2,72,91,48,43
050,27,089,"Minnesota","Marshall County",2,73,99,49,50
050,27,089,"Minnesota","Marshall County",2,74,68,30,38
050,27,089,"Minnesota","Marshall County",2,75,73,34,39
050,27,089,"Minnesota","Marshall County",2,76,68,31,37
050,27,089,"Minnesota","Marshall County",2,77,68,33,35
050,27,089,"Minnesota","Marshall County",2,78,56,27,29
050,27,089,"Minnesota","Marshall County",2,79,60,29,31
050,27,089,"Minnesota","Marshall County",2,80,59,29,30
050,27,089,"Minnesota","Marshall County",2,81,61,28,33
050,27,089,"Minnesota","Marshall County",2,82,57,25,32
050,27,089,"Minnesota","Marshall County",2,83,48,18,30
050,27,089,"Minnesota","Marshall County",2,84,42,16,26
050,27,089,"Minnesota","Marshall County",2,85,322,116,206
050,27,089,"Minnesota","Marshall County",3,0,104,50,54
050,27,089,"Minnesota","Marshall County",3,1,101,54,47
050,27,089,"Minnesota","Marshall County",3,2,108,60,48
050,27,089,"Minnesota","Marshall County",3,3,107,58,49
050,27,089,"Minnesota","Marshall County",3,4,116,65,51
050,27,089,"Minnesota","Marshall County",3,5,120,63,57
050,27,089,"Minnesota","Marshall County",3,6,115,59,56
050,27,089,"Minnesota","Marshall County",3,7,117,57,60
050,27,089,"Minnesota","Marshall County",3,8,117,60,57
050,27,089,"Minnesota","Marshall County",3,9,117,58,59
050,27,089,"Minnesota","Marshall County",3,10,108,52,56
050,27,089,"Minnesota","Marshall County",3,11,115,55,60
050,27,089,"Minnesota","Marshall County",3,12,128,60,68
050,27,089,"Minnesota","Marshall County",3,13,146,74,72
050,27,089,"Minnesota","Marshall County",3,14,126,56,70
050,27,089,"Minnesota","Marshall County",3,15,106,49,57
050,27,089,"Minnesota","Marshall County",3,16,113,59,54
050,27,089,"Minnesota","Marshall County",3,17,121,63,58
050,27,089,"Minnesota","Marshall County",3,18,111,60,51
050,27,089,"Minnesota","Marshall County",3,19,76,39,37
050,27,089,"Minnesota","Marshall County",3,20,73,37,36
050,27,089,"Minnesota","Marshall County",3,21,79,45,34
050,27,089,"Minnesota","Marshall County",3,22,80,36,44
050,27,089,"Minnesota","Marshall County",3,23,86,47,39
050,27,089,"Minnesota","Marshall County",3,24,82,46,36
050,27,089,"Minnesota","Marshall County",3,25,104,57,47
050,27,089,"Minnesota","Marshall County",3,26,98,49,49
050,27,089,"Minnesota","Marshall County",3,27,89,44,45
050,27,089,"Minnesota","Marshall County",3,28,101,51,50
050,27,089,"Minnesota","Marshall County",3,29,89,46,43
050,27,089,"Minnesota","Marshall County",3,30,105,56,49
050,27,089,"Minnesota","Marshall County",3,31,94,50,44
050,27,089,"Minnesota","Marshall County",3,32,93,41,52
050,27,089,"Minnesota","Marshall County",3,33,85,38,47
050,27,089,"Minnesota","Marshall County",3,34,90,41,49
050,27,089,"Minnesota","Marshall County",3,35,98,46,52
050,27,089,"Minnesota","Marshall County",3,36,109,60,49
050,27,089,"Minnesota","Marshall County",3,37,112,64,48
050,27,089,"Minnesota","Marshall County",3,38,103,59,44
050,27,089,"Minnesota","Marshall County",3,39,104,62,42
050,27,089,"Minnesota","Marshall County",3,40,109,59,50
050,27,089,"Minnesota","Marshall County",3,41,114,62,52
050,27,089,"Minnesota","Marshall County",3,42,107,60,47
050,27,089,"Minnesota","Marshall County",3,43,100,51,49
050,27,089,"Minnesota","Marshall County",3,44,100,50,50
050,27,089,"Minnesota","Marshall County",3,45,90,48,42
050,27,089,"Minnesota","Marshall County",3,46,83,43,40
050,27,089,"Minnesota","Marshall County",3,47,91,50,41
050,27,089,"Minnesota","Marshall County",3,48,97,53,44
050,27,089,"Minnesota","Marshall County",3,49,100,50,50
050,27,089,"Minnesota","Marshall County",3,50,112,56,56
050,27,089,"Minnesota","Marshall County",3,51,106,61,45
050,27,089,"Minnesota","Marshall County",3,52,100,51,49
050,27,089,"Minnesota","Marshall County",3,53,91,46,45
050,27,089,"Minnesota","Marshall County",3,54,94,45,49
050,27,089,"Minnesota","Marshall County",3,55,115,60,55
050,27,089,"Minnesota","Marshall County",3,56,126,71,55
050,27,089,"Minnesota","Marshall County",3,57,132,73,59
050,27,089,"Minnesota","Marshall County",3,58,140,68,72
050,27,089,"Minnesota","Marshall County",3,59,127,65,62
050,27,089,"Minnesota","Marshall County",3,60,129,68,61
050,27,089,"Minnesota","Marshall County",3,61,132,71,61
050,27,089,"Minnesota","Marshall County",3,62,136,71,65
050,27,089,"Minnesota","Marshall County",3,63,136,73,63
050,27,089,"Minnesota","Marshall County",3,64,135,72,63
050,27,089,"Minnesota","Marshall County",3,65,130,72,58
050,27,089,"Minnesota","Marshall County",3,66,136,70,66
050,27,089,"Minnesota","Marshall County",3,67,135,73,62
050,27,089,"Minnesota","Marshall County",3,68,136,70,66
050,27,089,"Minnesota","Marshall County",3,69,115,56,59
050,27,089,"Minnesota","Marshall County",3,70,108,58,50
050,27,089,"Minnesota","Marshall County",3,71,97,56,41
050,27,089,"Minnesota","Marshall County",3,72,86,46,40
050,27,089,"Minnesota","Marshall County",3,73,92,47,45
050,27,089,"Minnesota","Marshall County",3,74,97,48,49
050,27,089,"Minnesota","Marshall County",3,75,68,30,38
050,27,089,"Minnesota","Marshall County",3,76,71,32,39
050,27,089,"Minnesota","Marshall County",3,77,69,31,38
050,27,089,"Minnesota","Marshall County",3,78,64,33,31
050,27,089,"Minnesota","Marshall County",3,79,54,25,29
050,27,089,"Minnesota","Marshall County",3,80,52,28,24
050,27,089,"Minnesota","Marshall County",3,81,59,29,30
050,27,089,"Minnesota","Marshall County",3,82,52,23,29
050,27,089,"Minnesota","Marshall County",3,83,59,24,35
050,27,089,"Minnesota","Marshall County",3,84,41,14,27
050,27,089,"Minnesota","Marshall County",3,85,328,117,211
050,27,089,"Minnesota","Marshall County",4,0,104,58,46
050,27,089,"Minnesota","Marshall County",4,1,100,52,48
050,27,089,"Minnesota","Marshall County",4,2,101,57,44
050,27,089,"Minnesota","Marshall County",4,3,110,62,48
050,27,089,"Minnesota","Marshall County",4,4,109,58,51
050,27,089,"Minnesota","Marshall County",4,5,114,65,49
050,27,089,"Minnesota","Marshall County",4,6,122,64,58
050,27,089,"Minnesota","Marshall County",4,7,114,55,59
050,27,089,"Minnesota","Marshall County",4,8,116,58,58
050,27,089,"Minnesota","Marshall County",4,9,108,52,56
050,27,089,"Minnesota","Marshall County",4,10,115,56,59
050,27,089,"Minnesota","Marshall County",4,11,105,49,56
050,27,089,"Minnesota","Marshall County",4,12,115,52,63
050,27,089,"Minnesota","Marshall County",4,13,124,60,64
050,27,089,"Minnesota","Marshall County",4,14,143,72,71
050,27,089,"Minnesota","Marshall County",4,15,127,56,71
050,27,089,"Minnesota","Marshall County",4,16,103,48,55
050,27,089,"Minnesota","Marshall County",4,17,109,60,49
050,27,089,"Minnesota","Marshall County",4,18,102,53,49
050,27,089,"Minnesota","Marshall County",4,19,83,47,36
050,27,089,"Minnesota","Marshall County",4,20,79,41,38
050,27,089,"Minnesota","Marshall County",4,21,67,35,32
050,27,089,"Minnesota","Marshall County",4,22,72,44,28
050,27,089,"Minnesota","Marshall County",4,23,68,34,34
050,27,089,"Minnesota","Marshall County",4,24,90,45,45
050,27,089,"Minnesota","Marshall County",4,25,88,47,41
050,27,089,"Minnesota","Marshall County",4,26,105,61,44
050,27,089,"Minnesota","Marshall County",4,27,97,46,51
050,27,089,"Minnesota","Marshall County",4,28,85,44,41
050,27,089,"Minnesota","Marshall County",4,29,105,56,49
050,27,089,"Minnesota","Marshall County",4,30,92,49,43
050,27,089,"Minnesota","Marshall County",4,31,99,51,48
050,27,089,"Minnesota","Marshall County",4,32,97,50,47
050,27,089,"Minnesota","Marshall County",4,33,92,41,51
050,27,089,"Minnesota","Marshall County",4,34,86,41,45
050,27,089,"Minnesota","Marshall County",4,35,87,39,48
050,27,089,"Minnesota","Marshall County",4,36,100,52,48
050,27,089,"Minnesota","Marshall County",4,37,108,61,47
050,27,089,"Minnesota","Marshall County",4,38,109,61,48
050,27,089,"Minnesota","Marshall County",4,39,103,57,46
050,27,089,"Minnesota","Marshall County",4,40,106,63,43
050,27,089,"Minnesota","Marshall County",4,41,103,55,48
050,27,089,"Minnesota","Marshall County",4,42,116,62,54
050,27,089,"Minnesota","Marshall County",4,43,104,58,46
050,27,089,"Minnesota","Marshall County",4,44,103,53,50
050,27,089,"Minnesota","Marshall County",4,45,100,50,50
050,27,089,"Minnesota","Marshall County",4,46,91,47,44
050,27,089,"Minnesota","Marshall County",4,47,84,44,40
050,27,089,"Minnesota","Marshall County",4,48,90,52,38
050,27,089,"Minnesota","Marshall County",4,49,100,54,46
050,27,089,"Minnesota","Marshall County",4,50,100,49,51
050,27,089,"Minnesota","Marshall County",4,51,110,56,54
050,27,089,"Minnesota","Marshall County",4,52,103,59,44
050,27,089,"Minnesota","Marshall County",4,53,99,53,46
050,27,089,"Minnesota","Marshall County",4,54,84,41,43
050,27,089,"Minnesota","Marshall County",4,55,96,46,50
050,27,089,"Minnesota","Marshall County",4,56,115,60,55
050,27,089,"Minnesota","Marshall County",4,57,126,71,55
050,27,089,"Minnesota","Marshall County",4,58,129,71,58
050,27,089,"Minnesota","Marshall County",4,59,141,70,71
050,27,089,"Minnesota","Marshall County",4,60,127,65,62
050,27,089,"Minnesota","Marshall County",4,61,130,67,63
050,27,089,"Minnesota","Marshall County",4,62,134,73,61
050,27,089,"Minnesota","Marshall County",4,63,138,71,67
050,27,089,"Minnesota","Marshall County",4,64,133,72,61
050,27,089,"Minnesota","Marshall County",4,65,134,71,63
050,27,089,"Minnesota","Marshall County",4,66,125,70,55
050,27,089,"Minnesota","Marshall County",4,67,129,68,61
050,27,089,"Minnesota","Marshall County",4,68,132,70,62
050,27,089,"Minnesota","Marshall County",4,69,132,68,64
050,27,089,"Minnesota","Marshall County",4,70,108,54,54
050,27,089,"Minnesota","Marshall County",4,71,105,55,50
050,27,089,"Minnesota","Marshall County",4,72,89,49,40
050,27,089,"Minnesota","Marshall County",4,73,84,45,39
050,27,089,"Minnesota","Marshall County",4,74,91,47,44
050,27,089,"Minnesota","Marshall County",4,75,91,43,48
050,27,089,"Minnesota","Marshall County",4,76,68,28,40
050,27,089,"Minnesota","Marshall County",4,77,68,30,38
050,27,089,"Minnesota","Marshall County",4,78,68,31,37
050,27,089,"Minnesota","Marshall County",4,79,58,29,29
050,27,089,"Minnesota","Marshall County",4,80,51,23,28
050,27,089,"Minnesota","Marshall County",4,81,55,29,26
050,27,089,"Minnesota","Marshall County",4,82,53,25,28
050,27,089,"Minnesota","Marshall County",4,83,55,22,33
050,27,089,"Minnesota","Marshall County",4,84,50,21,29
050,27,089,"Minnesota","Marshall County",4,85,328,118,210
050,27,089,"Minnesota","Marshall County",5,0,81,43,38
050,27,089,"Minnesota","Marshall County",5,1,113,61,52
050,27,089,"Minnesota","Marshall County",5,2,96,46,50
050,27,089,"Minnesota","Marshall County",5,3,101,57,44
050,27,089,"Minnesota","Marshall County",5,4,105,55,50
050,27,089,"Minnesota","Marshall County",5,5,104,53,51
050,27,089,"Minnesota","Marshall County",5,6,123,70,53
050,27,089,"Minnesota","Marshall County",5,7,125,68,57
050,27,089,"Minnesota","Marshall County",5,8,112,56,56
050,27,089,"Minnesota","Marshall County",5,9,120,60,60
050,27,089,"Minnesota","Marshall County",5,10,112,54,58
050,27,089,"Minnesota","Marshall County",5,11,111,55,56
050,27,089,"Minnesota","Marshall County",5,12,104,49,55
050,27,089,"Minnesota","Marshall County",5,13,115,54,61
050,27,089,"Minnesota","Marshall County",5,14,124,61,63
050,27,089,"Minnesota","Marshall County",5,15,150,78,72
050,27,089,"Minnesota","Marshall County",5,16,128,56,72
050,27,089,"Minnesota","Marshall County",5,17,104,47,57
050,27,089,"Minnesota","Marshall County",5,18,92,51,41
050,27,089,"Minnesota","Marshall County",5,19,77,42,35
050,27,089,"Minnesota","Marshall County",5,20,89,48,41
050,27,089,"Minnesota","Marshall County",5,21,71,38,33
050,27,089,"Minnesota","Marshall County",5,22,72,32,40
050,27,089,"Minnesota","Marshall County",5,23,71,39,32
050,27,089,"Minnesota","Marshall County",5,24,62,33,29
050,27,089,"Minnesota","Marshall County",5,25,90,40,50
050,27,089,"Minnesota","Marshall County",5,26,84,45,39
050,27,089,"Minnesota","Marshall County",5,27,104,64,40
050,27,089,"Minnesota","Marshall County",5,28,98,49,49
050,27,089,"Minnesota","Marshall County",5,29,84,46,38
050,27,089,"Minnesota","Marshall County",5,30,111,56,55
050,27,089,"Minnesota","Marshall County",5,31,92,52,40
050,27,089,"Minnesota","Marshall County",5,32,97,49,48
050,27,089,"Minnesota","Marshall County",5,33,98,51,47
050,27,089,"Minnesota","Marshall County",5,34,89,41,48
050,27,089,"Minnesota","Marshall County",5,35,85,42,43
050,27,089,"Minnesota","Marshall County",5,36,87,40,47
050,27,089,"Minnesota","Marshall County",5,37,98,49,49
050,27,089,"Minnesota","Marshall County",5,38,105,60,45
050,27,089,"Minnesota","Marshall County",5,39,112,62,50
050,27,089,"Minnesota","Marshall County",5,40,111,60,51
050,27,089,"Minnesota","Marshall County",5,41,105,60,45
050,27,089,"Minnesota","Marshall County",5,42,106,56,50
050,27,089,"Minnesota","Marshall County",5,43,119,65,54
050,27,089,"Minnesota","Marshall County",5,44,109,60,49
050,27,089,"Minnesota","Marshall County",5,45,101,52,49
050,27,089,"Minnesota","Marshall County",5,46,103,55,48
050,27,089,"Minnesota","Marshall County",5,47,87,46,41
050,27,089,"Minnesota","Marshall County",5,48,84,41,43
050,27,089,"Minnesota","Marshall County",5,49,90,51,39
050,27,089,"Minnesota","Marshall County",5,50,100,53,47
050,27,089,"Minnesota","Marshall County",5,51,104,51,53
050,27,089,"Minnesota","Marshall County",5,52,109,56,53
050,27,089,"Minnesota","Marshall County",5,53,103,59,44
050,27,089,"Minnesota","Marshall County",5,54,97,51,46
050,27,089,"Minnesota","Marshall County",5,55,80,39,41
050,27,089,"Minnesota","Marshall County",5,56,95,47,48
050,27,089,"Minnesota","Marshall County",5,57,117,61,56
050,27,089,"Minnesota","Marshall County",5,58,125,71,54
050,27,089,"Minnesota","Marshall County",5,59,124,70,54
050,27,089,"Minnesota","Marshall County",5,60,141,70,71
050,27,089,"Minnesota","Marshall County",5,61,125,63,62
050,27,089,"Minnesota","Marshall County",5,62,128,65,63
050,27,089,"Minnesota","Marshall County",5,63,129,69,60
050,27,089,"Minnesota","Marshall County",5,64,134,70,64
050,27,089,"Minnesota","Marshall County",5,65,132,71,61
050,27,089,"Minnesota","Marshall County",5,66,130,69,61
050,27,089,"Minnesota","Marshall County",5,67,121,69,52
050,27,089,"Minnesota","Marshall County",5,68,120,61,59
050,27,089,"Minnesota","Marshall County",5,69,126,68,58
050,27,089,"Minnesota","Marshall County",5,70,128,67,61
050,27,089,"Minnesota","Marshall County",5,71,104,52,52
050,27,089,"Minnesota","Marshall County",5,72,98,50,48
050,27,089,"Minnesota","Marshall County",5,73,89,47,42
050,27,089,"Minnesota","Marshall County",5,74,83,45,38
050,27,089,"Minnesota","Marshall County",5,75,85,42,43
050,27,089,"Minnesota","Marshall County",5,76,89,42,47
050,27,089,"Minnesota","Marshall County",5,77,67,28,39
050,27,089,"Minnesota","Marshall County",5,78,63,29,34
050,27,089,"Minnesota","Marshall County",5,79,65,28,37
050,27,089,"Minnesota","Marshall County",5,80,53,27,26
050,27,089,"Minnesota","Marshall County",5,81,52,22,30
050,27,089,"Minnesota","Marshall County",5,82,50,25,25
050,27,089,"Minnesota","Marshall County",5,83,54,24,30
050,27,089,"Minnesota","Marshall County",5,84,49,20,29
050,27,089,"Minnesota","Marshall County",5,85,330,123,207
050,27,091,"Minnesota","Martin County",1,0,254,129,125
050,27,091,"Minnesota","Martin County",1,1,245,127,118
050,27,091,"Minnesota","Martin County",1,2,234,122,112
050,27,091,"Minnesota","Martin County",1,3,237,114,123
050,27,091,"Minnesota","Martin County",1,4,243,125,118
050,27,091,"Minnesota","Martin County",1,5,240,123,117
050,27,091,"Minnesota","Martin County",1,6,235,121,114
050,27,091,"Minnesota","Martin County",1,7,241,118,123
050,27,091,"Minnesota","Martin County",1,8,249,127,122
050,27,091,"Minnesota","Martin County",1,9,237,131,106
050,27,091,"Minnesota","Martin County",1,10,248,120,128
050,27,091,"Minnesota","Martin County",1,11,268,136,132
050,27,091,"Minnesota","Martin County",1,12,285,149,136
050,27,091,"Minnesota","Martin County",1,13,293,147,146
050,27,091,"Minnesota","Martin County",1,14,270,146,124
050,27,091,"Minnesota","Martin County",1,15,268,130,138
050,27,091,"Minnesota","Martin County",1,16,268,122,146
050,27,091,"Minnesota","Martin County",1,17,241,113,128
050,27,091,"Minnesota","Martin County",1,18,232,115,117
050,27,091,"Minnesota","Martin County",1,19,171,89,82
050,27,091,"Minnesota","Martin County",1,20,203,104,99
050,27,091,"Minnesota","Martin County",1,21,188,103,85
050,27,091,"Minnesota","Martin County",1,22,189,93,96
050,27,091,"Minnesota","Martin County",1,23,192,86,106
050,27,091,"Minnesota","Martin County",1,24,189,98,91
050,27,091,"Minnesota","Martin County",1,25,209,106,103
050,27,091,"Minnesota","Martin County",1,26,225,109,116
050,27,091,"Minnesota","Martin County",1,27,195,103,92
050,27,091,"Minnesota","Martin County",1,28,201,101,100
050,27,091,"Minnesota","Martin County",1,29,190,97,93
050,27,091,"Minnesota","Martin County",1,30,187,104,83
050,27,091,"Minnesota","Martin County",1,31,173,91,82
050,27,091,"Minnesota","Martin County",1,32,213,115,98
050,27,091,"Minnesota","Martin County",1,33,216,107,109
050,27,091,"Minnesota","Martin County",1,34,234,115,119
050,27,091,"Minnesota","Martin County",1,35,231,118,113
050,27,091,"Minnesota","Martin County",1,36,240,117,123
050,27,091,"Minnesota","Martin County",1,37,239,131,108
050,27,091,"Minnesota","Martin County",1,38,247,136,111
050,27,091,"Minnesota","Martin County",1,39,229,127,102
050,27,091,"Minnesota","Martin County",1,40,215,116,99
050,27,091,"Minnesota","Martin County",1,41,209,113,96
050,27,091,"Minnesota","Martin County",1,42,214,114,100
050,27,091,"Minnesota","Martin County",1,43,180,91,89
050,27,091,"Minnesota","Martin County",1,44,192,87,105
050,27,091,"Minnesota","Martin County",1,45,200,98,102
050,27,091,"Minnesota","Martin County",1,46,202,109,93
050,27,091,"Minnesota","Martin County",1,47,206,107,99
050,27,091,"Minnesota","Martin County",1,48,236,116,120
050,27,091,"Minnesota","Martin County",1,49,233,122,111
050,27,091,"Minnesota","Martin County",1,50,216,110,106
050,27,091,"Minnesota","Martin County",1,51,204,104,100
050,27,091,"Minnesota","Martin County",1,52,214,105,109
050,27,091,"Minnesota","Martin County",1,53,228,115,113
050,27,091,"Minnesota","Martin County",1,54,236,120,116
050,27,091,"Minnesota","Martin County",1,55,244,129,115
050,27,091,"Minnesota","Martin County",1,56,267,136,131
050,27,091,"Minnesota","Martin County",1,57,295,143,152
050,27,091,"Minnesota","Martin County",1,58,308,146,162
050,27,091,"Minnesota","Martin County",1,59,312,153,159
050,27,091,"Minnesota","Martin County",1,60,321,160,161
050,27,091,"Minnesota","Martin County",1,61,310,156,154
050,27,091,"Minnesota","Martin County",1,62,329,177,152
050,27,091,"Minnesota","Martin County",1,63,343,178,165
050,27,091,"Minnesota","Martin County",1,64,337,172,165
050,27,091,"Minnesota","Martin County",1,65,295,155,140
050,27,091,"Minnesota","Martin County",1,66,294,152,142
050,27,091,"Minnesota","Martin County",1,67,285,147,138
050,27,091,"Minnesota","Martin County",1,68,255,134,121
050,27,091,"Minnesota","Martin County",1,69,248,134,114
050,27,091,"Minnesota","Martin County",1,70,259,135,124
050,27,091,"Minnesota","Martin County",1,71,262,131,131
050,27,091,"Minnesota","Martin County",1,72,239,124,115
050,27,091,"Minnesota","Martin County",1,73,211,100,111
050,27,091,"Minnesota","Martin County",1,74,164,80,84
050,27,091,"Minnesota","Martin County",1,75,178,85,93
050,27,091,"Minnesota","Martin County",1,76,162,77,85
050,27,091,"Minnesota","Martin County",1,77,149,62,87
050,27,091,"Minnesota","Martin County",1,78,154,73,81
050,27,091,"Minnesota","Martin County",1,79,137,65,72
050,27,091,"Minnesota","Martin County",1,80,127,56,71
050,27,091,"Minnesota","Martin County",1,81,120,50,70
050,27,091,"Minnesota","Martin County",1,82,105,41,64
050,27,091,"Minnesota","Martin County",1,83,113,54,59
050,27,091,"Minnesota","Martin County",1,84,109,53,56
050,27,091,"Minnesota","Martin County",1,85,761,267,494
050,27,091,"Minnesota","Martin County",2,0,245,125,120
050,27,091,"Minnesota","Martin County",2,1,247,128,119
050,27,091,"Minnesota","Martin County",2,2,236,122,114
050,27,091,"Minnesota","Martin County",2,3,235,115,120
050,27,091,"Minnesota","Martin County",2,4,245,123,122
050,27,091,"Minnesota","Martin County",2,5,242,124,118
050,27,091,"Minnesota","Martin County",2,6,236,122,114
050,27,091,"Minnesota","Martin County",2,7,239,117,122
050,27,091,"Minnesota","Martin County",2,8,245,124,121
050,27,091,"Minnesota","Martin County",2,9,240,130,110
050,27,091,"Minnesota","Martin County",2,10,246,123,123
050,27,091,"Minnesota","Martin County",2,11,262,131,131
050,27,091,"Minnesota","Martin County",2,12,281,144,137
050,27,091,"Minnesota","Martin County",2,13,292,148,144
050,27,091,"Minnesota","Martin County",2,14,275,144,131
050,27,091,"Minnesota","Martin County",2,15,269,133,136
050,27,091,"Minnesota","Martin County",2,16,269,123,146
050,27,091,"Minnesota","Martin County",2,17,248,116,132
050,27,091,"Minnesota","Martin County",2,18,220,110,110
050,27,091,"Minnesota","Martin County",2,19,174,89,85
050,27,091,"Minnesota","Martin County",2,20,205,106,99
050,27,091,"Minnesota","Martin County",2,21,191,101,90
050,27,091,"Minnesota","Martin County",2,22,188,93,95
050,27,091,"Minnesota","Martin County",2,23,191,87,104
050,27,091,"Minnesota","Martin County",2,24,190,95,95
050,27,091,"Minnesota","Martin County",2,25,204,102,102
050,27,091,"Minnesota","Martin County",2,26,220,107,113
050,27,091,"Minnesota","Martin County",2,27,200,104,96
050,27,091,"Minnesota","Martin County",2,28,199,102,97
050,27,091,"Minnesota","Martin County",2,29,192,99,93
050,27,091,"Minnesota","Martin County",2,30,187,101,86
050,27,091,"Minnesota","Martin County",2,31,178,95,83
050,27,091,"Minnesota","Martin County",2,32,202,109,93
050,27,091,"Minnesota","Martin County",2,33,213,108,105
050,27,091,"Minnesota","Martin County",2,34,230,114,116
050,27,091,"Minnesota","Martin County",2,35,232,117,115
050,27,091,"Minnesota","Martin County",2,36,235,116,119
050,27,091,"Minnesota","Martin County",2,37,241,128,113
050,27,091,"Minnesota","Martin County",2,38,245,137,108
050,27,091,"Minnesota","Martin County",2,39,232,129,103
050,27,091,"Minnesota","Martin County",2,40,221,119,102
050,27,091,"Minnesota","Martin County",2,41,211,114,97
050,27,091,"Minnesota","Martin County",2,42,212,114,98
050,27,091,"Minnesota","Martin County",2,43,190,98,92
050,27,091,"Minnesota","Martin County",2,44,185,87,98
050,27,091,"Minnesota","Martin County",2,45,200,97,103
050,27,091,"Minnesota","Martin County",2,46,200,106,94
050,27,091,"Minnesota","Martin County",2,47,205,107,98
050,27,091,"Minnesota","Martin County",2,48,229,114,115
050,27,091,"Minnesota","Martin County",2,49,233,120,113
050,27,091,"Minnesota","Martin County",2,50,220,113,107
050,27,091,"Minnesota","Martin County",2,51,206,106,100
050,27,091,"Minnesota","Martin County",2,52,210,103,107
050,27,091,"Minnesota","Martin County",2,53,226,114,112
050,27,091,"Minnesota","Martin County",2,54,234,119,115
050,27,091,"Minnesota","Martin County",2,55,243,128,115
050,27,091,"Minnesota","Martin County",2,56,262,135,127
050,27,091,"Minnesota","Martin County",2,57,284,138,146
050,27,091,"Minnesota","Martin County",2,58,305,146,159
050,27,091,"Minnesota","Martin County",2,59,312,152,160
050,27,091,"Minnesota","Martin County",2,60,314,154,160
050,27,091,"Minnesota","Martin County",2,61,312,157,155
050,27,091,"Minnesota","Martin County",2,62,324,172,152
050,27,091,"Minnesota","Martin County",2,63,341,178,163
050,27,091,"Minnesota","Martin County",2,64,336,172,164
050,27,091,"Minnesota","Martin County",2,65,302,157,145
050,27,091,"Minnesota","Martin County",2,66,295,153,142
050,27,091,"Minnesota","Martin County",2,67,284,146,138
050,27,091,"Minnesota","Martin County",2,68,257,133,124
050,27,091,"Minnesota","Martin County",2,69,250,133,117
050,27,091,"Minnesota","Martin County",2,70,255,134,121
050,27,091,"Minnesota","Martin County",2,71,259,132,127
050,27,091,"Minnesota","Martin County",2,72,240,124,116
050,27,091,"Minnesota","Martin County",2,73,229,111,118
050,27,091,"Minnesota","Martin County",2,74,163,79,84
050,27,091,"Minnesota","Martin County",2,75,176,85,91
050,27,091,"Minnesota","Martin County",2,76,161,75,86
050,27,091,"Minnesota","Martin County",2,77,154,67,87
050,27,091,"Minnesota","Martin County",2,78,146,66,80
050,27,091,"Minnesota","Martin County",2,79,141,67,74
050,27,091,"Minnesota","Martin County",2,80,131,59,72
050,27,091,"Minnesota","Martin County",2,81,119,51,68
050,27,091,"Minnesota","Martin County",2,82,109,44,65
050,27,091,"Minnesota","Martin County",2,83,111,52,59
050,27,091,"Minnesota","Martin County",2,84,109,53,56
050,27,091,"Minnesota","Martin County",2,85,760,269,491
050,27,091,"Minnesota","Martin County",3,0,228,116,112
050,27,091,"Minnesota","Martin County",3,1,231,113,118
050,27,091,"Minnesota","Martin County",3,2,253,128,125
050,27,091,"Minnesota","Martin County",3,3,234,119,115
050,27,091,"Minnesota","Martin County",3,4,236,113,123
050,27,091,"Minnesota","Martin County",3,5,253,127,126
050,27,091,"Minnesota","Martin County",3,6,243,129,114
050,27,091,"Minnesota","Martin County",3,7,233,123,110
050,27,091,"Minnesota","Martin County",3,8,244,116,128
050,27,091,"Minnesota","Martin County",3,9,239,130,109
050,27,091,"Minnesota","Martin County",3,10,238,127,111
050,27,091,"Minnesota","Martin County",3,11,244,120,124
050,27,091,"Minnesota","Martin County",3,12,268,136,132
050,27,091,"Minnesota","Martin County",3,13,289,150,139
050,27,091,"Minnesota","Martin County",3,14,294,153,141
050,27,091,"Minnesota","Martin County",3,15,275,141,134
050,27,091,"Minnesota","Martin County",3,16,272,136,136
050,27,091,"Minnesota","Martin County",3,17,277,129,148
050,27,091,"Minnesota","Martin County",3,18,208,106,102
050,27,091,"Minnesota","Martin County",3,19,177,93,84
050,27,091,"Minnesota","Martin County",3,20,202,109,93
050,27,091,"Minnesota","Martin County",3,21,208,107,101
050,27,091,"Minnesota","Martin County",3,22,211,106,105
050,27,091,"Minnesota","Martin County",3,23,181,90,91
050,27,091,"Minnesota","Martin County",3,24,185,87,98
050,27,091,"Minnesota","Martin County",3,25,186,93,93
050,27,091,"Minnesota","Martin County",3,26,194,97,97
050,27,091,"Minnesota","Martin County",3,27,230,112,118
050,27,091,"Minnesota","Martin County",3,28,204,106,98
050,27,091,"Minnesota","Martin County",3,29,204,102,102
050,27,091,"Minnesota","Martin County",3,30,200,104,96
050,27,091,"Minnesota","Martin County",3,31,183,98,85
050,27,091,"Minnesota","Martin County",3,32,172,98,74
050,27,091,"Minnesota","Martin County",3,33,195,104,91
050,27,091,"Minnesota","Martin County",3,34,211,105,106
050,27,091,"Minnesota","Martin County",3,35,241,120,121
050,27,091,"Minnesota","Martin County",3,36,227,111,116
050,27,091,"Minnesota","Martin County",3,37,241,119,122
050,27,091,"Minnesota","Martin County",3,38,243,129,114
050,27,091,"Minnesota","Martin County",3,39,247,136,111
050,27,091,"Minnesota","Martin County",3,40,224,124,100
050,27,091,"Minnesota","Martin County",3,41,218,116,102
050,27,091,"Minnesota","Martin County",3,42,206,113,93
050,27,091,"Minnesota","Martin County",3,43,222,117,105
050,27,091,"Minnesota","Martin County",3,44,187,99,88
050,27,091,"Minnesota","Martin County",3,45,187,85,102
050,27,091,"Minnesota","Martin County",3,46,200,102,98
050,27,091,"Minnesota","Martin County",3,47,195,103,92
050,27,091,"Minnesota","Martin County",3,48,203,107,96
050,27,091,"Minnesota","Martin County",3,49,220,107,113
050,27,091,"Minnesota","Martin County",3,50,225,115,110
050,27,091,"Minnesota","Martin County",3,51,218,112,106
050,27,091,"Minnesota","Martin County",3,52,208,102,106
050,27,091,"Minnesota","Martin County",3,53,211,105,106
050,27,091,"Minnesota","Martin County",3,54,226,116,110
050,27,091,"Minnesota","Martin County",3,55,227,122,105
050,27,091,"Minnesota","Martin County",3,56,253,133,120
050,27,091,"Minnesota","Martin County",3,57,257,127,130
050,27,091,"Minnesota","Martin County",3,58,292,147,145
050,27,091,"Minnesota","Martin County",3,59,313,151,162
050,27,091,"Minnesota","Martin County",3,60,308,146,162
050,27,091,"Minnesota","Martin County",3,61,323,158,165
050,27,091,"Minnesota","Martin County",3,62,308,154,154
050,27,091,"Minnesota","Martin County",3,63,315,168,147
050,27,091,"Minnesota","Martin County",3,64,343,180,163
050,27,091,"Minnesota","Martin County",3,65,323,164,159
050,27,091,"Minnesota","Martin County",3,66,297,154,143
050,27,091,"Minnesota","Martin County",3,67,290,155,135
050,27,091,"Minnesota","Martin County",3,68,278,139,139
050,27,091,"Minnesota","Martin County",3,69,256,133,123
050,27,091,"Minnesota","Martin County",3,70,246,130,116
050,27,091,"Minnesota","Martin County",3,71,250,129,121
050,27,091,"Minnesota","Martin County",3,72,254,130,124
050,27,091,"Minnesota","Martin County",3,73,226,117,109
050,27,091,"Minnesota","Martin County",3,74,229,110,119
050,27,091,"Minnesota","Martin County",3,75,165,79,86
050,27,091,"Minnesota","Martin County",3,76,167,79,88
050,27,091,"Minnesota","Martin County",3,77,153,66,87
050,27,091,"Minnesota","Martin County",3,78,146,63,83
050,27,091,"Minnesota","Martin County",3,79,147,67,80
050,27,091,"Minnesota","Martin County",3,80,127,61,66
050,27,091,"Minnesota","Martin County",3,81,122,54,68
050,27,091,"Minnesota","Martin County",3,82,117,50,67
050,27,091,"Minnesota","Martin County",3,83,103,45,58
050,27,091,"Minnesota","Martin County",3,84,100,45,55
050,27,091,"Minnesota","Martin County",3,85,737,269,468
050,27,091,"Minnesota","Martin County",4,0,221,110,111
050,27,091,"Minnesota","Martin County",4,1,227,113,114
050,27,091,"Minnesota","Martin County",4,2,216,102,114
050,27,091,"Minnesota","Martin County",4,3,251,131,120
050,27,091,"Minnesota","Martin County",4,4,235,120,115
050,27,091,"Minnesota","Martin County",4,5,242,120,122
050,27,091,"Minnesota","Martin County",4,6,258,127,131
050,27,091,"Minnesota","Martin County",4,7,252,135,117
050,27,091,"Minnesota","Martin County",4,8,239,128,111
050,27,091,"Minnesota","Martin County",4,9,251,119,132
050,27,091,"Minnesota","Martin County",4,10,244,133,111
050,27,091,"Minnesota","Martin County",4,11,229,130,99
050,27,091,"Minnesota","Martin County",4,12,248,124,124
050,27,091,"Minnesota","Martin County",4,13,260,132,128
050,27,091,"Minnesota","Martin County",4,14,295,152,143
050,27,091,"Minnesota","Martin County",4,15,291,146,145
050,27,091,"Minnesota","Martin County",4,16,280,143,137
050,27,091,"Minnesota","Martin County",4,17,266,131,135
050,27,091,"Minnesota","Martin County",4,18,231,109,122
050,27,091,"Minnesota","Martin County",4,19,157,78,79
050,27,091,"Minnesota","Martin County",4,20,189,106,83
050,27,091,"Minnesota","Martin County",4,21,188,94,94
050,27,091,"Minnesota","Martin County",4,22,209,110,99
050,27,091,"Minnesota","Martin County",4,23,192,90,102
050,27,091,"Minnesota","Martin County",4,24,171,90,81
050,27,091,"Minnesota","Martin County",4,25,162,75,87
050,27,091,"Minnesota","Martin County",4,26,180,90,90
050,27,091,"Minnesota","Martin County",4,27,191,91,100
050,27,091,"Minnesota","Martin County",4,28,207,104,103
050,27,091,"Minnesota","Martin County",4,29,216,113,103
050,27,091,"Minnesota","Martin County",4,30,204,105,99
050,27,091,"Minnesota","Martin County",4,31,203,105,98
050,27,091,"Minnesota","Martin County",4,32,179,91,88
050,27,091,"Minnesota","Martin County",4,33,170,97,73
050,27,091,"Minnesota","Martin County",4,34,196,102,94
050,27,091,"Minnesota","Martin County",4,35,209,106,103
050,27,091,"Minnesota","Martin County",4,36,243,119,124
050,27,091,"Minnesota","Martin County",4,37,236,114,122
050,27,091,"Minnesota","Martin County",4,38,237,118,119
050,27,091,"Minnesota","Martin County",4,39,240,130,110
050,27,091,"Minnesota","Martin County",4,40,238,129,109
050,27,091,"Minnesota","Martin County",4,41,234,127,107
050,27,091,"Minnesota","Martin County",4,42,224,120,104
050,27,091,"Minnesota","Martin County",4,43,208,112,96
050,27,091,"Minnesota","Martin County",4,44,217,116,101
050,27,091,"Minnesota","Martin County",4,45,190,100,90
050,27,091,"Minnesota","Martin County",4,46,185,84,101
050,27,091,"Minnesota","Martin County",4,47,194,94,100
050,27,091,"Minnesota","Martin County",4,48,195,106,89
050,27,091,"Minnesota","Martin County",4,49,199,104,95
050,27,091,"Minnesota","Martin County",4,50,221,103,118
050,27,091,"Minnesota","Martin County",4,51,226,114,112
050,27,091,"Minnesota","Martin County",4,52,222,111,111
050,27,091,"Minnesota","Martin County",4,53,213,108,105
050,27,091,"Minnesota","Martin County",4,54,207,103,104
050,27,091,"Minnesota","Martin County",4,55,223,120,103
050,27,091,"Minnesota","Martin County",4,56,229,120,109
050,27,091,"Minnesota","Martin County",4,57,242,127,115
050,27,091,"Minnesota","Martin County",4,58,258,128,130
050,27,091,"Minnesota","Martin County",4,59,283,145,138
050,27,091,"Minnesota","Martin County",4,60,300,141,159
050,27,091,"Minnesota","Martin County",4,61,308,147,161
050,27,091,"Minnesota","Martin County",4,62,318,153,165
050,27,091,"Minnesota","Martin County",4,63,301,149,152
050,27,091,"Minnesota","Martin County",4,64,316,169,147
050,27,091,"Minnesota","Martin County",4,65,335,175,160
050,27,091,"Minnesota","Martin County",4,66,319,159,160
050,27,091,"Minnesota","Martin County",4,67,299,158,141
050,27,091,"Minnesota","Martin County",4,68,284,148,136
050,27,091,"Minnesota","Martin County",4,69,277,139,138
050,27,091,"Minnesota","Martin County",4,70,247,127,120
050,27,091,"Minnesota","Martin County",4,71,244,126,118
050,27,091,"Minnesota","Martin County",4,72,241,127,114
050,27,091,"Minnesota","Martin County",4,73,245,123,122
050,27,091,"Minnesota","Martin County",4,74,222,114,108
050,27,091,"Minnesota","Martin County",4,75,229,109,120
050,27,091,"Minnesota","Martin County",4,76,155,71,84
050,27,091,"Minnesota","Martin County",4,77,155,70,85
050,27,091,"Minnesota","Martin County",4,78,144,63,81
050,27,091,"Minnesota","Martin County",4,79,141,61,80
050,27,091,"Minnesota","Martin County",4,80,140,64,76
050,27,091,"Minnesota","Martin County",4,81,112,52,60
050,27,091,"Minnesota","Martin County",4,82,116,50,66
050,27,091,"Minnesota","Martin County",4,83,111,49,62
050,27,091,"Minnesota","Martin County",4,84,92,39,53
050,27,091,"Minnesota","Martin County",4,85,682,254,428
050,27,091,"Minnesota","Martin County",5,0,222,110,112
050,27,091,"Minnesota","Martin County",5,1,221,111,110
050,27,091,"Minnesota","Martin County",5,2,229,121,108
050,27,091,"Minnesota","Martin County",5,3,221,106,115
050,27,091,"Minnesota","Martin County",5,4,244,124,120
050,27,091,"Minnesota","Martin County",5,5,235,121,114
050,27,091,"Minnesota","Martin County",5,6,251,125,126
050,27,091,"Minnesota","Martin County",5,7,268,138,130
050,27,091,"Minnesota","Martin County",5,8,253,129,124
050,27,091,"Minnesota","Martin County",5,9,247,137,110
050,27,091,"Minnesota","Martin County",5,10,252,120,132
050,27,091,"Minnesota","Martin County",5,11,251,136,115
050,27,091,"Minnesota","Martin County",5,12,247,135,112
050,27,091,"Minnesota","Martin County",5,13,253,124,129
050,27,091,"Minnesota","Martin County",5,14,274,137,137
050,27,091,"Minnesota","Martin County",5,15,293,158,135
050,27,091,"Minnesota","Martin County",5,16,291,148,143
050,27,091,"Minnesota","Martin County",5,17,283,141,142
050,27,091,"Minnesota","Martin County",5,18,231,120,111
050,27,091,"Minnesota","Martin County",5,19,172,84,88
050,27,091,"Minnesota","Martin County",5,20,177,91,86
050,27,091,"Minnesota","Martin County",5,21,185,100,85
050,27,091,"Minnesota","Martin County",5,22,201,103,98
050,27,091,"Minnesota","Martin County",5,23,205,108,97
050,27,091,"Minnesota","Martin County",5,24,195,98,97
050,27,091,"Minnesota","Martin County",5,25,163,86,77
050,27,091,"Minnesota","Martin County",5,26,170,76,94
050,27,091,"Minnesota","Martin County",5,27,187,93,94
050,27,091,"Minnesota","Martin County",5,28,202,97,105
050,27,091,"Minnesota","Martin County",5,29,207,103,104
050,27,091,"Minnesota","Martin County",5,30,217,115,102
050,27,091,"Minnesota","Martin County",5,31,214,105,109
050,27,091,"Minnesota","Martin County",5,32,197,103,94
050,27,091,"Minnesota","Martin County",5,33,179,91,88
050,27,091,"Minnesota","Martin County",5,34,180,100,80
050,27,091,"Minnesota","Martin County",5,35,192,99,93
050,27,091,"Minnesota","Martin County",5,36,209,107,102
050,27,091,"Minnesota","Martin County",5,37,247,122,125
050,27,091,"Minnesota","Martin County",5,38,234,117,117
050,27,091,"Minnesota","Martin County",5,39,243,124,119
050,27,091,"Minnesota","Martin County",5,40,244,132,112
050,27,091,"Minnesota","Martin County",5,41,240,128,112
050,27,091,"Minnesota","Martin County",5,42,240,128,112
050,27,091,"Minnesota","Martin County",5,43,222,116,106
050,27,091,"Minnesota","Martin County",5,44,202,110,92
050,27,091,"Minnesota","Martin County",5,45,219,118,101
050,27,091,"Minnesota","Martin County",5,46,186,95,91
050,27,091,"Minnesota","Martin County",5,47,192,89,103
050,27,091,"Minnesota","Martin County",5,48,205,104,101
050,27,091,"Minnesota","Martin County",5,49,193,105,88
050,27,091,"Minnesota","Martin County",5,50,201,104,97
050,27,091,"Minnesota","Martin County",5,51,223,105,118
050,27,091,"Minnesota","Martin County",5,52,228,110,118
050,27,091,"Minnesota","Martin County",5,53,225,115,110
050,27,091,"Minnesota","Martin County",5,54,212,104,108
050,27,091,"Minnesota","Martin County",5,55,201,106,95
050,27,091,"Minnesota","Martin County",5,56,224,120,104
050,27,091,"Minnesota","Martin County",5,57,216,111,105
050,27,091,"Minnesota","Martin County",5,58,240,128,112
050,27,091,"Minnesota","Martin County",5,59,252,126,126
050,27,091,"Minnesota","Martin County",5,60,277,137,140
050,27,091,"Minnesota","Martin County",5,61,296,139,157
050,27,091,"Minnesota","Martin County",5,62,301,144,157
050,27,091,"Minnesota","Martin County",5,63,315,148,167
050,27,091,"Minnesota","Martin County",5,64,301,149,152
050,27,091,"Minnesota","Martin County",5,65,315,169,146
050,27,091,"Minnesota","Martin County",5,66,327,169,158
050,27,091,"Minnesota","Martin County",5,67,316,162,154
050,27,091,"Minnesota","Martin County",5,68,294,151,143
050,27,091,"Minnesota","Martin County",5,69,287,148,139
050,27,091,"Minnesota","Martin County",5,70,272,135,137
050,27,091,"Minnesota","Martin County",5,71,248,127,121
050,27,091,"Minnesota","Martin County",5,72,226,116,110
050,27,091,"Minnesota","Martin County",5,73,232,121,111
050,27,091,"Minnesota","Martin County",5,74,240,123,117
050,27,091,"Minnesota","Martin County",5,75,226,117,109
050,27,091,"Minnesota","Martin County",5,76,216,104,112
050,27,091,"Minnesota","Martin County",5,77,145,63,82
050,27,091,"Minnesota","Martin County",5,78,149,67,82
050,27,091,"Minnesota","Martin County",5,79,143,64,79
050,27,091,"Minnesota","Martin County",5,80,134,55,79
050,27,091,"Minnesota","Martin County",5,81,132,59,73
050,27,091,"Minnesota","Martin County",5,82,108,50,58
050,27,091,"Minnesota","Martin County",5,83,110,49,61
050,27,091,"Minnesota","Martin County",5,84,100,43,57
050,27,091,"Minnesota","Martin County",5,85,640,238,402
050,27,093,"Minnesota","Meeker County",1,0,276,139,137
050,27,093,"Minnesota","Meeker County",1,1,270,133,137
050,27,093,"Minnesota","Meeker County",1,2,284,140,144
050,27,093,"Minnesota","Meeker County",1,3,287,141,146
050,27,093,"Minnesota","Meeker County",1,4,302,154,148
050,27,093,"Minnesota","Meeker County",1,5,296,165,131
050,27,093,"Minnesota","Meeker County",1,6,307,160,147
050,27,093,"Minnesota","Meeker County",1,7,295,146,149
050,27,093,"Minnesota","Meeker County",1,8,312,166,146
050,27,093,"Minnesota","Meeker County",1,9,322,179,143
050,27,093,"Minnesota","Meeker County",1,10,333,166,167
050,27,093,"Minnesota","Meeker County",1,11,335,178,157
050,27,093,"Minnesota","Meeker County",1,12,355,194,161
050,27,093,"Minnesota","Meeker County",1,13,339,165,174
050,27,093,"Minnesota","Meeker County",1,14,342,181,161
050,27,093,"Minnesota","Meeker County",1,15,348,182,166
050,27,093,"Minnesota","Meeker County",1,16,340,167,173
050,27,093,"Minnesota","Meeker County",1,17,374,179,195
050,27,093,"Minnesota","Meeker County",1,18,283,148,135
050,27,093,"Minnesota","Meeker County",1,19,202,117,85
050,27,093,"Minnesota","Meeker County",1,20,242,133,109
050,27,093,"Minnesota","Meeker County",1,21,253,129,124
050,27,093,"Minnesota","Meeker County",1,22,266,142,124
050,27,093,"Minnesota","Meeker County",1,23,238,130,108
050,27,093,"Minnesota","Meeker County",1,24,260,134,126
050,27,093,"Minnesota","Meeker County",1,25,251,128,123
050,27,093,"Minnesota","Meeker County",1,26,239,131,108
050,27,093,"Minnesota","Meeker County",1,27,239,127,112
050,27,093,"Minnesota","Meeker County",1,28,222,122,100
050,27,093,"Minnesota","Meeker County",1,29,233,124,109
050,27,093,"Minnesota","Meeker County",1,30,219,114,105
050,27,093,"Minnesota","Meeker County",1,31,227,121,106
050,27,093,"Minnesota","Meeker County",1,32,245,115,130
050,27,093,"Minnesota","Meeker County",1,33,248,130,118
050,27,093,"Minnesota","Meeker County",1,34,263,136,127
050,27,093,"Minnesota","Meeker County",1,35,271,155,116
050,27,093,"Minnesota","Meeker County",1,36,264,131,133
050,27,093,"Minnesota","Meeker County",1,37,240,130,110
050,27,093,"Minnesota","Meeker County",1,38,270,143,127
050,27,093,"Minnesota","Meeker County",1,39,281,147,134
050,27,093,"Minnesota","Meeker County",1,40,294,141,153
050,27,093,"Minnesota","Meeker County",1,41,272,135,137
050,27,093,"Minnesota","Meeker County",1,42,272,131,141
050,27,093,"Minnesota","Meeker County",1,43,256,131,125
050,27,093,"Minnesota","Meeker County",1,44,258,138,120
050,27,093,"Minnesota","Meeker County",1,45,255,127,128
050,27,093,"Minnesota","Meeker County",1,46,241,114,127
050,27,093,"Minnesota","Meeker County",1,47,260,135,125
050,27,093,"Minnesota","Meeker County",1,48,287,150,137
050,27,093,"Minnesota","Meeker County",1,49,292,149,143
050,27,093,"Minnesota","Meeker County",1,50,262,127,135
050,27,093,"Minnesota","Meeker County",1,51,262,142,120
050,27,093,"Minnesota","Meeker County",1,52,284,159,125
050,27,093,"Minnesota","Meeker County",1,53,279,156,123
050,27,093,"Minnesota","Meeker County",1,54,277,147,130
050,27,093,"Minnesota","Meeker County",1,55,308,157,151
050,27,093,"Minnesota","Meeker County",1,56,328,162,166
050,27,093,"Minnesota","Meeker County",1,57,357,181,176
050,27,093,"Minnesota","Meeker County",1,58,371,193,178
050,27,093,"Minnesota","Meeker County",1,59,368,198,170
050,27,093,"Minnesota","Meeker County",1,60,364,191,173
050,27,093,"Minnesota","Meeker County",1,61,369,190,179
050,27,093,"Minnesota","Meeker County",1,62,364,186,178
050,27,093,"Minnesota","Meeker County",1,63,335,176,159
050,27,093,"Minnesota","Meeker County",1,64,345,184,161
050,27,093,"Minnesota","Meeker County",1,65,343,180,163
050,27,093,"Minnesota","Meeker County",1,66,335,174,161
050,27,093,"Minnesota","Meeker County",1,67,310,161,149
050,27,093,"Minnesota","Meeker County",1,68,305,157,148
050,27,093,"Minnesota","Meeker County",1,69,281,154,127
050,27,093,"Minnesota","Meeker County",1,70,278,147,131
050,27,093,"Minnesota","Meeker County",1,71,247,129,118
050,27,093,"Minnesota","Meeker County",1,72,216,104,112
050,27,093,"Minnesota","Meeker County",1,73,223,113,110
050,27,093,"Minnesota","Meeker County",1,74,158,73,85
050,27,093,"Minnesota","Meeker County",1,75,175,91,84
050,27,093,"Minnesota","Meeker County",1,76,176,88,88
050,27,093,"Minnesota","Meeker County",1,77,168,86,82
050,27,093,"Minnesota","Meeker County",1,78,157,78,79
050,27,093,"Minnesota","Meeker County",1,79,142,59,83
050,27,093,"Minnesota","Meeker County",1,80,118,57,61
050,27,093,"Minnesota","Meeker County",1,81,131,64,67
050,27,093,"Minnesota","Meeker County",1,82,122,56,66
050,27,093,"Minnesota","Meeker County",1,83,100,46,54
050,27,093,"Minnesota","Meeker County",1,84,96,45,51
050,27,093,"Minnesota","Meeker County",1,85,590,227,363
050,27,093,"Minnesota","Meeker County",2,0,259,131,128
050,27,093,"Minnesota","Meeker County",2,1,272,134,138
050,27,093,"Minnesota","Meeker County",2,2,281,138,143
050,27,093,"Minnesota","Meeker County",2,3,286,140,146
050,27,093,"Minnesota","Meeker County",2,4,299,153,146
050,27,093,"Minnesota","Meeker County",2,5,303,166,137
050,27,093,"Minnesota","Meeker County",2,6,307,162,145
050,27,093,"Minnesota","Meeker County",2,7,298,151,147
050,27,093,"Minnesota","Meeker County",2,8,310,163,147
050,27,093,"Minnesota","Meeker County",2,9,319,174,145
050,27,093,"Minnesota","Meeker County",2,10,330,168,162
050,27,093,"Minnesota","Meeker County",2,11,337,175,162
050,27,093,"Minnesota","Meeker County",2,12,353,191,162
050,27,093,"Minnesota","Meeker County",2,13,343,173,170
050,27,093,"Minnesota","Meeker County",2,14,343,178,165
050,27,093,"Minnesota","Meeker County",2,15,346,181,165
050,27,093,"Minnesota","Meeker County",2,16,341,170,171
050,27,093,"Minnesota","Meeker County",2,17,368,178,190
050,27,093,"Minnesota","Meeker County",2,18,286,149,137
050,27,093,"Minnesota","Meeker County",2,19,209,119,90
050,27,093,"Minnesota","Meeker County",2,20,245,136,109
050,27,093,"Minnesota","Meeker County",2,21,247,127,120
050,27,093,"Minnesota","Meeker County",2,22,270,141,129
050,27,093,"Minnesota","Meeker County",2,23,243,132,111
050,27,093,"Minnesota","Meeker County",2,24,258,133,125
050,27,093,"Minnesota","Meeker County",2,25,254,131,123
050,27,093,"Minnesota","Meeker County",2,26,242,131,111
050,27,093,"Minnesota","Meeker County",2,27,238,128,110
050,27,093,"Minnesota","Meeker County",2,28,228,124,104
050,27,093,"Minnesota","Meeker County",2,29,237,127,110
050,27,093,"Minnesota","Meeker County",2,30,220,114,106
050,27,093,"Minnesota","Meeker County",2,31,229,120,109
050,27,093,"Minnesota","Meeker County",2,32,243,117,126
050,27,093,"Minnesota","Meeker County",2,33,248,128,120
050,27,093,"Minnesota","Meeker County",2,34,259,135,124
050,27,093,"Minnesota","Meeker County",2,35,270,150,120
050,27,093,"Minnesota","Meeker County",2,36,265,136,129
050,27,093,"Minnesota","Meeker County",2,37,247,131,116
050,27,093,"Minnesota","Meeker County",2,38,264,140,124
050,27,093,"Minnesota","Meeker County",2,39,276,144,132
050,27,093,"Minnesota","Meeker County",2,40,293,143,150
050,27,093,"Minnesota","Meeker County",2,41,276,136,140
050,27,093,"Minnesota","Meeker County",2,42,272,132,140
050,27,093,"Minnesota","Meeker County",2,43,263,132,131
050,27,093,"Minnesota","Meeker County",2,44,257,137,120
050,27,093,"Minnesota","Meeker County",2,45,260,132,128
050,27,093,"Minnesota","Meeker County",2,46,244,116,128
050,27,093,"Minnesota","Meeker County",2,47,254,130,124
050,27,093,"Minnesota","Meeker County",2,48,282,147,135
050,27,093,"Minnesota","Meeker County",2,49,292,149,143
050,27,093,"Minnesota","Meeker County",2,50,268,131,137
050,27,093,"Minnesota","Meeker County",2,51,265,140,125
050,27,093,"Minnesota","Meeker County",2,52,275,153,122
050,27,093,"Minnesota","Meeker County",2,53,280,158,122
050,27,093,"Minnesota","Meeker County",2,54,277,149,128
050,27,093,"Minnesota","Meeker County",2,55,301,155,146
050,27,093,"Minnesota","Meeker County",2,56,325,162,163
050,27,093,"Minnesota","Meeker County",2,57,350,174,176
050,27,093,"Minnesota","Meeker County",2,58,368,192,176
050,27,093,"Minnesota","Meeker County",2,59,371,198,173
050,27,093,"Minnesota","Meeker County",2,60,364,193,171
050,27,093,"Minnesota","Meeker County",2,61,368,189,179
050,27,093,"Minnesota","Meeker County",2,62,363,186,177
050,27,093,"Minnesota","Meeker County",2,63,343,181,162
050,27,093,"Minnesota","Meeker County",2,64,344,183,161
050,27,093,"Minnesota","Meeker County",2,65,343,179,164
050,27,093,"Minnesota","Meeker County",2,66,338,175,163
050,27,093,"Minnesota","Meeker County",2,67,315,164,151
050,27,093,"Minnesota","Meeker County",2,68,305,158,147
050,27,093,"Minnesota","Meeker County",2,69,289,155,134
050,27,093,"Minnesota","Meeker County",2,70,275,147,128
050,27,093,"Minnesota","Meeker County",2,71,252,131,121
050,27,093,"Minnesota","Meeker County",2,72,216,106,110
050,27,093,"Minnesota","Meeker County",2,73,232,116,116
050,27,093,"Minnesota","Meeker County",2,74,163,77,86
050,27,093,"Minnesota","Meeker County",2,75,171,86,85
050,27,093,"Minnesota","Meeker County",2,76,175,88,87
050,27,093,"Minnesota","Meeker County",2,77,173,89,84
050,27,093,"Minnesota","Meeker County",2,78,157,78,79
050,27,093,"Minnesota","Meeker County",2,79,144,63,81
050,27,093,"Minnesota","Meeker County",2,80,124,58,66
050,27,093,"Minnesota","Meeker County",2,81,127,63,64
050,27,093,"Minnesota","Meeker County",2,82,124,58,66
050,27,093,"Minnesota","Meeker County",2,83,102,46,56
050,27,093,"Minnesota","Meeker County",2,84,94,44,50
050,27,093,"Minnesota","Meeker County",2,85,590,231,359
050,27,093,"Minnesota","Meeker County",3,0,243,122,121
050,27,093,"Minnesota","Meeker County",3,1,252,137,115
050,27,093,"Minnesota","Meeker County",3,2,266,136,130
050,27,093,"Minnesota","Meeker County",3,3,280,138,142
050,27,093,"Minnesota","Meeker County",3,4,289,151,138
050,27,093,"Minnesota","Meeker County",3,5,302,150,152
050,27,093,"Minnesota","Meeker County",3,6,307,171,136
050,27,093,"Minnesota","Meeker County",3,7,308,162,146
050,27,093,"Minnesota","Meeker County",3,8,307,158,149
050,27,093,"Minnesota","Meeker County",3,9,325,164,161
050,27,093,"Minnesota","Meeker County",3,10,316,172,144
050,27,093,"Minnesota","Meeker County",3,11,327,161,166
050,27,093,"Minnesota","Meeker County",3,12,342,179,163
050,27,093,"Minnesota","Meeker County",3,13,348,184,164
050,27,093,"Minnesota","Meeker County",3,14,341,164,177
050,27,093,"Minnesota","Meeker County",3,15,348,182,166
050,27,093,"Minnesota","Meeker County",3,16,353,185,168
050,27,093,"Minnesota","Meeker County",3,17,347,175,172
050,27,093,"Minnesota","Meeker County",3,18,306,156,150
050,27,093,"Minnesota","Meeker County",3,19,231,125,106
050,27,093,"Minnesota","Meeker County",3,20,241,138,103
050,27,093,"Minnesota","Meeker County",3,21,220,119,101
050,27,093,"Minnesota","Meeker County",3,22,261,130,131
050,27,093,"Minnesota","Meeker County",3,23,246,132,114
050,27,093,"Minnesota","Meeker County",3,24,231,127,104
050,27,093,"Minnesota","Meeker County",3,25,247,127,120
050,27,093,"Minnesota","Meeker County",3,26,253,127,126
050,27,093,"Minnesota","Meeker County",3,27,238,131,107
050,27,093,"Minnesota","Meeker County",3,28,239,131,108
050,27,093,"Minnesota","Meeker County",3,29,249,137,112
050,27,093,"Minnesota","Meeker County",3,30,220,110,110
050,27,093,"Minnesota","Meeker County",3,31,244,132,112
050,27,093,"Minnesota","Meeker County",3,32,232,121,111
050,27,093,"Minnesota","Meeker County",3,33,237,117,120
050,27,093,"Minnesota","Meeker County",3,34,253,129,124
050,27,093,"Minnesota","Meeker County",3,35,267,142,125
050,27,093,"Minnesota","Meeker County",3,36,266,145,121
050,27,093,"Minnesota","Meeker County",3,37,251,132,119
050,27,093,"Minnesota","Meeker County",3,38,266,145,121
050,27,093,"Minnesota","Meeker County",3,39,262,140,122
050,27,093,"Minnesota","Meeker County",3,40,284,144,140
050,27,093,"Minnesota","Meeker County",3,41,291,137,154
050,27,093,"Minnesota","Meeker County",3,42,289,145,144
050,27,093,"Minnesota","Meeker County",3,43,273,126,147
050,27,093,"Minnesota","Meeker County",3,44,259,132,127
050,27,093,"Minnesota","Meeker County",3,45,263,144,119
050,27,093,"Minnesota","Meeker County",3,46,251,125,126
050,27,093,"Minnesota","Meeker County",3,47,245,115,130
050,27,093,"Minnesota","Meeker County",3,48,252,131,121
050,27,093,"Minnesota","Meeker County",3,49,276,146,130
050,27,093,"Minnesota","Meeker County",3,50,290,148,142
050,27,093,"Minnesota","Meeker County",3,51,289,146,143
050,27,093,"Minnesota","Meeker County",3,52,255,133,122
050,27,093,"Minnesota","Meeker County",3,53,284,158,126
050,27,093,"Minnesota","Meeker County",3,54,280,154,126
050,27,093,"Minnesota","Meeker County",3,55,283,153,130
050,27,093,"Minnesota","Meeker County",3,56,311,165,146
050,27,093,"Minnesota","Meeker County",3,57,333,164,169
050,27,093,"Minnesota","Meeker County",3,58,351,179,172
050,27,093,"Minnesota","Meeker County",3,59,367,190,177
050,27,093,"Minnesota","Meeker County",3,60,365,194,171
050,27,093,"Minnesota","Meeker County",3,61,363,193,170
050,27,093,"Minnesota","Meeker County",3,62,358,185,173
050,27,093,"Minnesota","Meeker County",3,63,356,183,173
050,27,093,"Minnesota","Meeker County",3,64,342,176,166
050,27,093,"Minnesota","Meeker County",3,65,336,179,157
050,27,093,"Minnesota","Meeker County",3,66,342,180,162
050,27,093,"Minnesota","Meeker County",3,67,329,170,159
050,27,093,"Minnesota","Meeker County",3,68,314,166,148
050,27,093,"Minnesota","Meeker County",3,69,300,156,144
050,27,093,"Minnesota","Meeker County",3,70,276,151,125
050,27,093,"Minnesota","Meeker County",3,71,271,143,128
050,27,093,"Minnesota","Meeker County",3,72,248,130,118
050,27,093,"Minnesota","Meeker County",3,73,214,109,105
050,27,093,"Minnesota","Meeker County",3,74,218,109,109
050,27,093,"Minnesota","Meeker County",3,75,153,73,80
050,27,093,"Minnesota","Meeker County",3,76,176,86,90
050,27,093,"Minnesota","Meeker County",3,77,167,83,84
050,27,093,"Minnesota","Meeker County",3,78,171,86,85
050,27,093,"Minnesota","Meeker County",3,79,152,75,77
050,27,093,"Minnesota","Meeker County",3,80,142,62,80
050,27,093,"Minnesota","Meeker County",3,81,120,55,65
050,27,093,"Minnesota","Meeker County",3,82,114,56,58
050,27,093,"Minnesota","Meeker County",3,83,115,52,63
050,27,093,"Minnesota","Meeker County",3,84,86,37,49
050,27,093,"Minnesota","Meeker County",3,85,588,229,359
050,27,093,"Minnesota","Meeker County",4,0,256,136,120
050,27,093,"Minnesota","Meeker County",4,1,256,129,127
050,27,093,"Minnesota","Meeker County",4,2,268,136,132
050,27,093,"Minnesota","Meeker County",4,3,271,140,131
050,27,093,"Minnesota","Meeker County",4,4,295,154,141
050,27,093,"Minnesota","Meeker County",4,5,284,143,141
050,27,093,"Minnesota","Meeker County",4,6,322,168,154
050,27,093,"Minnesota","Meeker County",4,7,308,170,138
050,27,093,"Minnesota","Meeker County",4,8,314,165,149
050,27,093,"Minnesota","Meeker County",4,9,313,159,154
050,27,093,"Minnesota","Meeker County",4,10,326,164,162
050,27,093,"Minnesota","Meeker County",4,11,319,173,146
050,27,093,"Minnesota","Meeker County",4,12,343,175,168
050,27,093,"Minnesota","Meeker County",4,13,349,178,171
050,27,093,"Minnesota","Meeker County",4,14,355,194,161
050,27,093,"Minnesota","Meeker County",4,15,353,172,181
050,27,093,"Minnesota","Meeker County",4,16,354,191,163
050,27,093,"Minnesota","Meeker County",4,17,355,190,165
050,27,093,"Minnesota","Meeker County",4,18,282,141,141
050,27,093,"Minnesota","Meeker County",4,19,225,117,108
050,27,093,"Minnesota","Meeker County",4,20,264,147,117
050,27,093,"Minnesota","Meeker County",4,21,229,129,100
050,27,093,"Minnesota","Meeker County",4,22,234,126,108
050,27,093,"Minnesota","Meeker County",4,23,242,121,121
050,27,093,"Minnesota","Meeker County",4,24,258,141,117
050,27,093,"Minnesota","Meeker County",4,25,236,128,108
050,27,093,"Minnesota","Meeker County",4,26,244,119,125
050,27,093,"Minnesota","Meeker County",4,27,238,121,117
050,27,093,"Minnesota","Meeker County",4,28,226,125,101
050,27,093,"Minnesota","Meeker County",4,29,262,146,116
050,27,093,"Minnesota","Meeker County",4,30,244,131,113
050,27,093,"Minnesota","Meeker County",4,31,234,124,110
050,27,093,"Minnesota","Meeker County",4,32,237,130,107
050,27,093,"Minnesota","Meeker County",4,33,235,118,117
050,27,093,"Minnesota","Meeker County",4,34,242,119,123
050,27,093,"Minnesota","Meeker County",4,35,261,131,130
050,27,093,"Minnesota","Meeker County",4,36,277,147,130
050,27,093,"Minnesota","Meeker County",4,37,271,154,117
050,27,093,"Minnesota","Meeker County",4,38,251,135,116
050,27,093,"Minnesota","Meeker County",4,39,273,142,131
050,27,093,"Minnesota","Meeker County",4,40,270,144,126
050,27,093,"Minnesota","Meeker County",4,41,284,143,141
050,27,093,"Minnesota","Meeker County",4,42,310,141,169
050,27,093,"Minnesota","Meeker County",4,43,281,136,145
050,27,093,"Minnesota","Meeker County",4,44,271,138,133
050,27,093,"Minnesota","Meeker County",4,45,277,146,131
050,27,093,"Minnesota","Meeker County",4,46,253,135,118
050,27,093,"Minnesota","Meeker County",4,47,240,120,120
050,27,093,"Minnesota","Meeker County",4,48,256,125,131
050,27,093,"Minnesota","Meeker County",4,49,245,126,119
050,27,093,"Minnesota","Meeker County",4,50,264,136,128
050,27,093,"Minnesota","Meeker County",4,51,300,155,145
050,27,093,"Minnesota","Meeker County",4,52,270,134,136
050,27,093,"Minnesota","Meeker County",4,53,263,139,124
050,27,093,"Minnesota","Meeker County",4,54,289,160,129
050,27,093,"Minnesota","Meeker County",4,55,295,161,134
050,27,093,"Minnesota","Meeker County",4,56,284,153,131
050,27,093,"Minnesota","Meeker County",4,57,321,168,153
050,27,093,"Minnesota","Meeker County",4,58,339,174,165
050,27,093,"Minnesota","Meeker County",4,59,354,176,178
050,27,093,"Minnesota","Meeker County",4,60,363,190,173
050,27,093,"Minnesota","Meeker County",4,61,365,191,174
050,27,093,"Minnesota","Meeker County",4,62,354,185,169
050,27,093,"Minnesota","Meeker County",4,63,338,183,155
050,27,093,"Minnesota","Meeker County",4,64,357,185,172
050,27,093,"Minnesota","Meeker County",4,65,331,171,160
050,27,093,"Minnesota","Meeker County",4,66,337,181,156
050,27,093,"Minnesota","Meeker County",4,67,333,169,164
050,27,093,"Minnesota","Meeker County",4,68,335,175,160
050,27,093,"Minnesota","Meeker County",4,69,311,164,147
050,27,093,"Minnesota","Meeker County",4,70,294,154,140
050,27,093,"Minnesota","Meeker County",4,71,280,151,129
050,27,093,"Minnesota","Meeker County",4,72,263,140,123
050,27,093,"Minnesota","Meeker County",4,73,249,132,117
050,27,093,"Minnesota","Meeker County",4,74,209,106,103
050,27,093,"Minnesota","Meeker County",4,75,206,101,105
050,27,093,"Minnesota","Meeker County",4,76,153,72,81
050,27,093,"Minnesota","Meeker County",4,77,166,80,86
050,27,093,"Minnesota","Meeker County",4,78,162,82,80
050,27,093,"Minnesota","Meeker County",4,79,160,82,78
050,27,093,"Minnesota","Meeker County",4,80,145,69,76
050,27,093,"Minnesota","Meeker County",4,81,145,65,80
050,27,093,"Minnesota","Meeker County",4,82,117,52,65
050,27,093,"Minnesota","Meeker County",4,83,101,50,51
050,27,093,"Minnesota","Meeker County",4,84,100,48,52
050,27,093,"Minnesota","Meeker County",4,85,580,230,350
050,27,093,"Minnesota","Meeker County",5,0,257,137,120
050,27,093,"Minnesota","Meeker County",5,1,259,139,120
050,27,093,"Minnesota","Meeker County",5,2,263,130,133
050,27,093,"Minnesota","Meeker County",5,3,264,138,126
050,27,093,"Minnesota","Meeker County",5,4,279,142,137
050,27,093,"Minnesota","Meeker County",5,5,293,154,139
050,27,093,"Minnesota","Meeker County",5,6,285,145,140
050,27,093,"Minnesota","Meeker County",5,7,321,165,156
050,27,093,"Minnesota","Meeker County",5,8,310,176,134
050,27,093,"Minnesota","Meeker County",5,9,311,163,148
050,27,093,"Minnesota","Meeker County",5,10,319,163,156
050,27,093,"Minnesota","Meeker County",5,11,327,165,162
050,27,093,"Minnesota","Meeker County",5,12,308,168,140
050,27,093,"Minnesota","Meeker County",5,13,347,175,172
050,27,093,"Minnesota","Meeker County",5,14,335,175,160
050,27,093,"Minnesota","Meeker County",5,15,361,186,175
050,27,093,"Minnesota","Meeker County",5,16,361,174,187
050,27,093,"Minnesota","Meeker County",5,17,362,193,169
050,27,093,"Minnesota","Meeker County",5,18,300,166,134
050,27,093,"Minnesota","Meeker County",5,19,216,118,98
050,27,093,"Minnesota","Meeker County",5,20,269,136,133
050,27,093,"Minnesota","Meeker County",5,21,247,134,113
050,27,093,"Minnesota","Meeker County",5,22,240,136,104
050,27,093,"Minnesota","Meeker County",5,23,228,132,96
050,27,093,"Minnesota","Meeker County",5,24,249,129,120
050,27,093,"Minnesota","Meeker County",5,25,246,132,114
050,27,093,"Minnesota","Meeker County",5,26,230,126,104
050,27,093,"Minnesota","Meeker County",5,27,236,117,119
050,27,093,"Minnesota","Meeker County",5,28,244,124,120
050,27,093,"Minnesota","Meeker County",5,29,232,129,103
050,27,093,"Minnesota","Meeker County",5,30,250,132,118
050,27,093,"Minnesota","Meeker County",5,31,240,124,116
050,27,093,"Minnesota","Meeker County",5,32,235,124,111
050,27,093,"Minnesota","Meeker County",5,33,241,132,109
050,27,093,"Minnesota","Meeker County",5,34,240,123,117
050,27,093,"Minnesota","Meeker County",5,35,247,124,123
050,27,093,"Minnesota","Meeker County",5,36,266,132,134
050,27,093,"Minnesota","Meeker County",5,37,275,146,129
050,27,093,"Minnesota","Meeker County",5,38,271,154,117
050,27,093,"Minnesota","Meeker County",5,39,249,135,114
050,27,093,"Minnesota","Meeker County",5,40,271,146,125
050,27,093,"Minnesota","Meeker County",5,41,277,145,132
050,27,093,"Minnesota","Meeker County",5,42,303,155,148
050,27,093,"Minnesota","Meeker County",5,43,315,141,174
050,27,093,"Minnesota","Meeker County",5,44,278,136,142
050,27,093,"Minnesota","Meeker County",5,45,284,146,138
050,27,093,"Minnesota","Meeker County",5,46,271,137,134
050,27,093,"Minnesota","Meeker County",5,47,243,133,110
050,27,093,"Minnesota","Meeker County",5,48,252,131,121
050,27,093,"Minnesota","Meeker County",5,49,263,124,139
050,27,093,"Minnesota","Meeker County",5,50,239,124,115
050,27,093,"Minnesota","Meeker County",5,51,273,142,131
050,27,093,"Minnesota","Meeker County",5,52,286,146,140
050,27,093,"Minnesota","Meeker County",5,53,273,135,138
050,27,093,"Minnesota","Meeker County",5,54,269,136,133
050,27,093,"Minnesota","Meeker County",5,55,297,162,135
050,27,093,"Minnesota","Meeker County",5,56,288,162,126
050,27,093,"Minnesota","Meeker County",5,57,284,150,134
050,27,093,"Minnesota","Meeker County",5,58,315,168,147
050,27,093,"Minnesota","Meeker County",5,59,341,172,169
050,27,093,"Minnesota","Meeker County",5,60,358,178,180
050,27,093,"Minnesota","Meeker County",5,61,359,184,175
050,27,093,"Minnesota","Meeker County",5,62,358,186,172
050,27,093,"Minnesota","Meeker County",5,63,341,181,160
050,27,093,"Minnesota","Meeker County",5,64,332,179,153
050,27,093,"Minnesota","Meeker County",5,65,348,184,164
050,27,093,"Minnesota","Meeker County",5,66,325,167,158
050,27,093,"Minnesota","Meeker County",5,67,322,171,151
050,27,093,"Minnesota","Meeker County",5,68,332,171,161
050,27,093,"Minnesota","Meeker County",5,69,329,168,161
050,27,093,"Minnesota","Meeker County",5,70,296,153,143
050,27,093,"Minnesota","Meeker County",5,71,294,153,141
050,27,093,"Minnesota","Meeker County",5,72,266,147,119
050,27,093,"Minnesota","Meeker County",5,73,264,142,122
050,27,093,"Minnesota","Meeker County",5,74,244,129,115
050,27,093,"Minnesota","Meeker County",5,75,194,99,95
050,27,093,"Minnesota","Meeker County",5,76,209,101,108
050,27,093,"Minnesota","Meeker County",5,77,149,69,80
050,27,093,"Minnesota","Meeker County",5,78,158,78,80
050,27,093,"Minnesota","Meeker County",5,79,150,77,73
050,27,093,"Minnesota","Meeker County",5,80,151,76,75
050,27,093,"Minnesota","Meeker County",5,81,141,70,71
050,27,093,"Minnesota","Meeker County",5,82,141,61,80
050,27,093,"Minnesota","Meeker County",5,83,107,47,60
050,27,093,"Minnesota","Meeker County",5,84,89,45,44
050,27,093,"Minnesota","Meeker County",5,85,598,244,354
050,27,095,"Minnesota","Mille Lacs County",1,0,295,148,147
050,27,095,"Minnesota","Mille Lacs County",1,1,303,147,156
050,27,095,"Minnesota","Mille Lacs County",1,2,303,168,135
050,27,095,"Minnesota","Mille Lacs County",1,3,340,166,174
050,27,095,"Minnesota","Mille Lacs County",1,4,339,163,176
050,27,095,"Minnesota","Mille Lacs County",1,5,326,180,146
050,27,095,"Minnesota","Mille Lacs County",1,6,347,171,176
050,27,095,"Minnesota","Mille Lacs County",1,7,345,172,173
050,27,095,"Minnesota","Mille Lacs County",1,8,336,167,169
050,27,095,"Minnesota","Mille Lacs County",1,9,336,167,169
050,27,095,"Minnesota","Mille Lacs County",1,10,364,186,178
050,27,095,"Minnesota","Mille Lacs County",1,11,379,198,181
050,27,095,"Minnesota","Mille Lacs County",1,12,366,178,188
050,27,095,"Minnesota","Mille Lacs County",1,13,397,200,197
050,27,095,"Minnesota","Mille Lacs County",1,14,366,204,162
050,27,095,"Minnesota","Mille Lacs County",1,15,375,203,172
050,27,095,"Minnesota","Mille Lacs County",1,16,348,181,167
050,27,095,"Minnesota","Mille Lacs County",1,17,365,196,169
050,27,095,"Minnesota","Mille Lacs County",1,18,287,163,124
050,27,095,"Minnesota","Mille Lacs County",1,19,230,122,108
050,27,095,"Minnesota","Mille Lacs County",1,20,256,138,118
050,27,095,"Minnesota","Mille Lacs County",1,21,242,133,109
050,27,095,"Minnesota","Mille Lacs County",1,22,251,137,114
050,27,095,"Minnesota","Mille Lacs County",1,23,270,144,126
050,27,095,"Minnesota","Mille Lacs County",1,24,282,144,138
050,27,095,"Minnesota","Mille Lacs County",1,25,274,133,141
050,27,095,"Minnesota","Mille Lacs County",1,26,285,145,140
050,27,095,"Minnesota","Mille Lacs County",1,27,279,152,127
050,27,095,"Minnesota","Mille Lacs County",1,28,314,161,153
050,27,095,"Minnesota","Mille Lacs County",1,29,322,167,155
050,27,095,"Minnesota","Mille Lacs County",1,30,311,147,164
050,27,095,"Minnesota","Mille Lacs County",1,31,317,156,161
050,27,095,"Minnesota","Mille Lacs County",1,32,334,169,165
050,27,095,"Minnesota","Mille Lacs County",1,33,321,172,149
050,27,095,"Minnesota","Mille Lacs County",1,34,309,155,154
050,27,095,"Minnesota","Mille Lacs County",1,35,308,164,144
050,27,095,"Minnesota","Mille Lacs County",1,36,307,159,148
050,27,095,"Minnesota","Mille Lacs County",1,37,325,163,162
050,27,095,"Minnesota","Mille Lacs County",1,38,363,183,180
050,27,095,"Minnesota","Mille Lacs County",1,39,365,183,182
050,27,095,"Minnesota","Mille Lacs County",1,40,360,188,172
050,27,095,"Minnesota","Mille Lacs County",1,41,313,152,161
050,27,095,"Minnesota","Mille Lacs County",1,42,317,165,152
050,27,095,"Minnesota","Mille Lacs County",1,43,310,173,137
050,27,095,"Minnesota","Mille Lacs County",1,44,293,154,139
050,27,095,"Minnesota","Mille Lacs County",1,45,284,156,128
050,27,095,"Minnesota","Mille Lacs County",1,46,272,144,128
050,27,095,"Minnesota","Mille Lacs County",1,47,313,157,156
050,27,095,"Minnesota","Mille Lacs County",1,48,336,161,175
050,27,095,"Minnesota","Mille Lacs County",1,49,341,172,169
050,27,095,"Minnesota","Mille Lacs County",1,50,326,168,158
050,27,095,"Minnesota","Mille Lacs County",1,51,339,175,164
050,27,095,"Minnesota","Mille Lacs County",1,52,364,191,173
050,27,095,"Minnesota","Mille Lacs County",1,53,325,174,151
050,27,095,"Minnesota","Mille Lacs County",1,54,331,174,157
050,27,095,"Minnesota","Mille Lacs County",1,55,375,197,178
050,27,095,"Minnesota","Mille Lacs County",1,56,410,199,211
050,27,095,"Minnesota","Mille Lacs County",1,57,482,231,251
050,27,095,"Minnesota","Mille Lacs County",1,58,435,231,204
050,27,095,"Minnesota","Mille Lacs County",1,59,396,211,185
050,27,095,"Minnesota","Mille Lacs County",1,60,399,216,183
050,27,095,"Minnesota","Mille Lacs County",1,61,395,195,200
050,27,095,"Minnesota","Mille Lacs County",1,62,386,190,196
050,27,095,"Minnesota","Mille Lacs County",1,63,379,211,168
050,27,095,"Minnesota","Mille Lacs County",1,64,348,185,163
050,27,095,"Minnesota","Mille Lacs County",1,65,349,169,180
050,27,095,"Minnesota","Mille Lacs County",1,66,336,161,175
050,27,095,"Minnesota","Mille Lacs County",1,67,331,172,159
050,27,095,"Minnesota","Mille Lacs County",1,68,305,146,159
050,27,095,"Minnesota","Mille Lacs County",1,69,265,129,136
050,27,095,"Minnesota","Mille Lacs County",1,70,264,138,126
050,27,095,"Minnesota","Mille Lacs County",1,71,275,140,135
050,27,095,"Minnesota","Mille Lacs County",1,72,261,136,125
050,27,095,"Minnesota","Mille Lacs County",1,73,248,133,115
050,27,095,"Minnesota","Mille Lacs County",1,74,176,87,89
050,27,095,"Minnesota","Mille Lacs County",1,75,190,86,104
050,27,095,"Minnesota","Mille Lacs County",1,76,193,92,101
050,27,095,"Minnesota","Mille Lacs County",1,77,191,80,111
050,27,095,"Minnesota","Mille Lacs County",1,78,166,74,92
050,27,095,"Minnesota","Mille Lacs County",1,79,171,84,87
050,27,095,"Minnesota","Mille Lacs County",1,80,150,67,83
050,27,095,"Minnesota","Mille Lacs County",1,81,122,52,70
050,27,095,"Minnesota","Mille Lacs County",1,82,114,50,64
050,27,095,"Minnesota","Mille Lacs County",1,83,93,39,54
050,27,095,"Minnesota","Mille Lacs County",1,84,108,47,61
050,27,095,"Minnesota","Mille Lacs County",1,85,554,189,365
050,27,095,"Minnesota","Mille Lacs County",2,0,306,151,155
050,27,095,"Minnesota","Mille Lacs County",2,1,300,148,152
050,27,095,"Minnesota","Mille Lacs County",2,2,303,162,141
050,27,095,"Minnesota","Mille Lacs County",2,3,330,165,165
050,27,095,"Minnesota","Mille Lacs County",2,4,340,164,176
050,27,095,"Minnesota","Mille Lacs County",2,5,331,177,154
050,27,095,"Minnesota","Mille Lacs County",2,6,340,174,166
050,27,095,"Minnesota","Mille Lacs County",2,7,343,170,173
050,27,095,"Minnesota","Mille Lacs County",2,8,337,169,168
050,27,095,"Minnesota","Mille Lacs County",2,9,333,167,166
050,27,095,"Minnesota","Mille Lacs County",2,10,356,182,174
050,27,095,"Minnesota","Mille Lacs County",2,11,372,192,180
050,27,095,"Minnesota","Mille Lacs County",2,12,369,182,187
050,27,095,"Minnesota","Mille Lacs County",2,13,386,195,191
050,27,095,"Minnesota","Mille Lacs County",2,14,374,202,172
050,27,095,"Minnesota","Mille Lacs County",2,15,371,203,168
050,27,095,"Minnesota","Mille Lacs County",2,16,358,188,170
050,27,095,"Minnesota","Mille Lacs County",2,17,363,195,168
050,27,095,"Minnesota","Mille Lacs County",2,18,290,164,126
050,27,095,"Minnesota","Mille Lacs County",2,19,228,122,106
050,27,095,"Minnesota","Mille Lacs County",2,20,256,139,117
050,27,095,"Minnesota","Mille Lacs County",2,21,246,134,112
050,27,095,"Minnesota","Mille Lacs County",2,22,252,138,114
050,27,095,"Minnesota","Mille Lacs County",2,23,271,147,124
050,27,095,"Minnesota","Mille Lacs County",2,24,281,145,136
050,27,095,"Minnesota","Mille Lacs County",2,25,277,136,141
050,27,095,"Minnesota","Mille Lacs County",2,26,287,146,141
050,27,095,"Minnesota","Mille Lacs County",2,27,281,152,129
050,27,095,"Minnesota","Mille Lacs County",2,28,309,160,149
050,27,095,"Minnesota","Mille Lacs County",2,29,318,163,155
050,27,095,"Minnesota","Mille Lacs County",2,30,316,154,162
050,27,095,"Minnesota","Mille Lacs County",2,31,314,153,161
050,27,095,"Minnesota","Mille Lacs County",2,32,326,167,159
050,27,095,"Minnesota","Mille Lacs County",2,33,324,173,151
050,27,095,"Minnesota","Mille Lacs County",2,34,309,158,151
050,27,095,"Minnesota","Mille Lacs County",2,35,312,164,148
050,27,095,"Minnesota","Mille Lacs County",2,36,305,159,146
050,27,095,"Minnesota","Mille Lacs County",2,37,321,162,159
050,27,095,"Minnesota","Mille Lacs County",2,38,355,178,177
050,27,095,"Minnesota","Mille Lacs County",2,39,363,182,181
050,27,095,"Minnesota","Mille Lacs County",2,40,360,184,176
050,27,095,"Minnesota","Mille Lacs County",2,41,323,159,164
050,27,095,"Minnesota","Mille Lacs County",2,42,315,163,152
050,27,095,"Minnesota","Mille Lacs County",2,43,315,174,141
050,27,095,"Minnesota","Mille Lacs County",2,44,295,157,138
050,27,095,"Minnesota","Mille Lacs County",2,45,286,156,130
050,27,095,"Minnesota","Mille Lacs County",2,46,277,148,129
050,27,095,"Minnesota","Mille Lacs County",2,47,303,154,149
050,27,095,"Minnesota","Mille Lacs County",2,48,330,160,170
050,27,095,"Minnesota","Mille Lacs County",2,49,343,172,171
050,27,095,"Minnesota","Mille Lacs County",2,50,330,171,159
050,27,095,"Minnesota","Mille Lacs County",2,51,340,176,164
050,27,095,"Minnesota","Mille Lacs County",2,52,355,185,170
050,27,095,"Minnesota","Mille Lacs County",2,53,332,177,155
050,27,095,"Minnesota","Mille Lacs County",2,54,328,173,155
050,27,095,"Minnesota","Mille Lacs County",2,55,364,192,172
050,27,095,"Minnesota","Mille Lacs County",2,56,405,201,204
050,27,095,"Minnesota","Mille Lacs County",2,57,466,224,242
050,27,095,"Minnesota","Mille Lacs County",2,58,443,228,215
050,27,095,"Minnesota","Mille Lacs County",2,59,409,217,192
050,27,095,"Minnesota","Mille Lacs County",2,60,396,214,182
050,27,095,"Minnesota","Mille Lacs County",2,61,395,198,197
050,27,095,"Minnesota","Mille Lacs County",2,62,388,192,196
050,27,095,"Minnesota","Mille Lacs County",2,63,385,208,177
050,27,095,"Minnesota","Mille Lacs County",2,64,354,190,164
050,27,095,"Minnesota","Mille Lacs County",2,65,346,171,175
050,27,095,"Minnesota","Mille Lacs County",2,66,339,164,175
050,27,095,"Minnesota","Mille Lacs County",2,67,331,169,162
050,27,095,"Minnesota","Mille Lacs County",2,68,307,149,158
050,27,095,"Minnesota","Mille Lacs County",2,69,278,135,143
050,27,095,"Minnesota","Mille Lacs County",2,70,261,135,126
050,27,095,"Minnesota","Mille Lacs County",2,71,272,140,132
050,27,095,"Minnesota","Mille Lacs County",2,72,256,134,122
050,27,095,"Minnesota","Mille Lacs County",2,73,266,142,124
050,27,095,"Minnesota","Mille Lacs County",2,74,179,89,90
050,27,095,"Minnesota","Mille Lacs County",2,75,184,85,99
050,27,095,"Minnesota","Mille Lacs County",2,76,187,88,99
050,27,095,"Minnesota","Mille Lacs County",2,77,195,85,110
050,27,095,"Minnesota","Mille Lacs County",2,78,167,73,94
050,27,095,"Minnesota","Mille Lacs County",2,79,169,83,86
050,27,095,"Minnesota","Mille Lacs County",2,80,152,69,83
050,27,095,"Minnesota","Mille Lacs County",2,81,126,55,71
050,27,095,"Minnesota","Mille Lacs County",2,82,115,50,65
050,27,095,"Minnesota","Mille Lacs County",2,83,95,40,55
050,27,095,"Minnesota","Mille Lacs County",2,84,104,45,59
050,27,095,"Minnesota","Mille Lacs County",2,85,549,185,364
050,27,095,"Minnesota","Mille Lacs County",3,0,275,151,124
050,27,095,"Minnesota","Mille Lacs County",3,1,300,150,150
050,27,095,"Minnesota","Mille Lacs County",3,2,320,157,163
050,27,095,"Minnesota","Mille Lacs County",3,3,328,177,151
050,27,095,"Minnesota","Mille Lacs County",3,4,339,174,165
050,27,095,"Minnesota","Mille Lacs County",3,5,345,170,175
050,27,095,"Minnesota","Mille Lacs County",3,6,333,181,152
050,27,095,"Minnesota","Mille Lacs County",3,7,348,176,172
050,27,095,"Minnesota","Mille Lacs County",3,8,373,178,195
050,27,095,"Minnesota","Mille Lacs County",3,9,338,171,167
050,27,095,"Minnesota","Mille Lacs County",3,10,341,167,174
050,27,095,"Minnesota","Mille Lacs County",3,11,372,189,183
050,27,095,"Minnesota","Mille Lacs County",3,12,381,193,188
050,27,095,"Minnesota","Mille Lacs County",3,13,383,194,189
050,27,095,"Minnesota","Mille Lacs County",3,14,393,194,199
050,27,095,"Minnesota","Mille Lacs County",3,15,373,195,178
050,27,095,"Minnesota","Mille Lacs County",3,16,373,209,164
050,27,095,"Minnesota","Mille Lacs County",3,17,360,185,175
050,27,095,"Minnesota","Mille Lacs County",3,18,302,157,145
050,27,095,"Minnesota","Mille Lacs County",3,19,215,122,93
050,27,095,"Minnesota","Mille Lacs County",3,20,248,130,118
050,27,095,"Minnesota","Mille Lacs County",3,21,269,148,121
050,27,095,"Minnesota","Mille Lacs County",3,22,267,145,122
050,27,095,"Minnesota","Mille Lacs County",3,23,292,158,134
050,27,095,"Minnesota","Mille Lacs County",3,24,271,143,128
050,27,095,"Minnesota","Mille Lacs County",3,25,311,165,146
050,27,095,"Minnesota","Mille Lacs County",3,26,305,150,155
050,27,095,"Minnesota","Mille Lacs County",3,27,291,149,142
050,27,095,"Minnesota","Mille Lacs County",3,28,283,156,127
050,27,095,"Minnesota","Mille Lacs County",3,29,308,150,158
050,27,095,"Minnesota","Mille Lacs County",3,30,347,185,162
050,27,095,"Minnesota","Mille Lacs County",3,31,325,160,165
050,27,095,"Minnesota","Mille Lacs County",3,32,332,162,170
050,27,095,"Minnesota","Mille Lacs County",3,33,345,173,172
050,27,095,"Minnesota","Mille Lacs County",3,34,326,176,150
050,27,095,"Minnesota","Mille Lacs County",3,35,317,164,153
050,27,095,"Minnesota","Mille Lacs County",3,36,333,177,156
050,27,095,"Minnesota","Mille Lacs County",3,37,331,168,163
050,27,095,"Minnesota","Mille Lacs County",3,38,341,164,177
050,27,095,"Minnesota","Mille Lacs County",3,39,366,186,180
050,27,095,"Minnesota","Mille Lacs County",3,40,365,186,179
050,27,095,"Minnesota","Mille Lacs County",3,41,372,192,180
050,27,095,"Minnesota","Mille Lacs County",3,42,326,165,161
050,27,095,"Minnesota","Mille Lacs County",3,43,329,176,153
050,27,095,"Minnesota","Mille Lacs County",3,44,313,173,140
050,27,095,"Minnesota","Mille Lacs County",3,45,309,165,144
050,27,095,"Minnesota","Mille Lacs County",3,46,292,154,138
050,27,095,"Minnesota","Mille Lacs County",3,47,294,151,143
050,27,095,"Minnesota","Mille Lacs County",3,48,297,158,139
050,27,095,"Minnesota","Mille Lacs County",3,49,329,163,166
050,27,095,"Minnesota","Mille Lacs County",3,50,357,173,184
050,27,095,"Minnesota","Mille Lacs County",3,51,331,172,159
050,27,095,"Minnesota","Mille Lacs County",3,52,357,186,171
050,27,095,"Minnesota","Mille Lacs County",3,53,372,189,183
050,27,095,"Minnesota","Mille Lacs County",3,54,336,181,155
050,27,095,"Minnesota","Mille Lacs County",3,55,324,175,149
050,27,095,"Minnesota","Mille Lacs County",3,56,360,192,168
050,27,095,"Minnesota","Mille Lacs County",3,57,412,208,204
050,27,095,"Minnesota","Mille Lacs County",3,58,471,227,244
050,27,095,"Minnesota","Mille Lacs County",3,59,438,225,213
050,27,095,"Minnesota","Mille Lacs County",3,60,426,229,197
050,27,095,"Minnesota","Mille Lacs County",3,61,405,215,190
050,27,095,"Minnesota","Mille Lacs County",3,62,395,195,200
050,27,095,"Minnesota","Mille Lacs County",3,63,393,202,191
050,27,095,"Minnesota","Mille Lacs County",3,64,392,210,182
050,27,095,"Minnesota","Mille Lacs County",3,65,353,188,165
050,27,095,"Minnesota","Mille Lacs County",3,66,335,160,175
050,27,095,"Minnesota","Mille Lacs County",3,67,327,158,169
050,27,095,"Minnesota","Mille Lacs County",3,68,307,154,153
050,27,095,"Minnesota","Mille Lacs County",3,69,292,144,148
050,27,095,"Minnesota","Mille Lacs County",3,70,272,134,138
050,27,095,"Minnesota","Mille Lacs County",3,71,260,136,124
050,27,095,"Minnesota","Mille Lacs County",3,72,267,137,130
050,27,095,"Minnesota","Mille Lacs County",3,73,252,132,120
050,27,095,"Minnesota","Mille Lacs County",3,74,247,128,119
050,27,095,"Minnesota","Mille Lacs County",3,75,176,87,89
050,27,095,"Minnesota","Mille Lacs County",3,76,186,84,102
050,27,095,"Minnesota","Mille Lacs County",3,77,170,76,94
050,27,095,"Minnesota","Mille Lacs County",3,78,176,71,105
050,27,095,"Minnesota","Mille Lacs County",3,79,161,67,94
050,27,095,"Minnesota","Mille Lacs County",3,80,152,75,77
050,27,095,"Minnesota","Mille Lacs County",3,81,141,64,77
050,27,095,"Minnesota","Mille Lacs County",3,82,121,57,64
050,27,095,"Minnesota","Mille Lacs County",3,83,97,37,60
050,27,095,"Minnesota","Mille Lacs County",3,84,85,34,51
050,27,095,"Minnesota","Mille Lacs County",3,85,541,182,359
050,27,095,"Minnesota","Mille Lacs County",4,0,290,147,143
050,27,095,"Minnesota","Mille Lacs County",4,1,288,155,133
050,27,095,"Minnesota","Mille Lacs County",4,2,307,157,150
050,27,095,"Minnesota","Mille Lacs County",4,3,326,160,166
050,27,095,"Minnesota","Mille Lacs County",4,4,334,181,153
050,27,095,"Minnesota","Mille Lacs County",4,5,356,188,168
050,27,095,"Minnesota","Mille Lacs County",4,6,352,180,172
050,27,095,"Minnesota","Mille Lacs County",4,7,346,188,158
050,27,095,"Minnesota","Mille Lacs County",4,8,358,174,184
050,27,095,"Minnesota","Mille Lacs County",4,9,377,179,198
050,27,095,"Minnesota","Mille Lacs County",4,10,359,181,178
050,27,095,"Minnesota","Mille Lacs County",4,11,343,173,170
050,27,095,"Minnesota","Mille Lacs County",4,12,382,196,186
050,27,095,"Minnesota","Mille Lacs County",4,13,404,205,199
050,27,095,"Minnesota","Mille Lacs County",4,14,386,187,199
050,27,095,"Minnesota","Mille Lacs County",4,15,404,196,208
050,27,095,"Minnesota","Mille Lacs County",4,16,385,196,189
050,27,095,"Minnesota","Mille Lacs County",4,17,380,211,169
050,27,095,"Minnesota","Mille Lacs County",4,18,303,166,137
050,27,095,"Minnesota","Mille Lacs County",4,19,221,116,105
050,27,095,"Minnesota","Mille Lacs County",4,20,226,126,100
050,27,095,"Minnesota","Mille Lacs County",4,21,255,129,126
050,27,095,"Minnesota","Mille Lacs County",4,22,306,154,152
050,27,095,"Minnesota","Mille Lacs County",4,23,277,158,119
050,27,095,"Minnesota","Mille Lacs County",4,24,305,166,139
050,27,095,"Minnesota","Mille Lacs County",4,25,282,140,142
050,27,095,"Minnesota","Mille Lacs County",4,26,322,170,152
050,27,095,"Minnesota","Mille Lacs County",4,27,326,159,167
050,27,095,"Minnesota","Mille Lacs County",4,28,312,159,153
050,27,095,"Minnesota","Mille Lacs County",4,29,307,167,140
050,27,095,"Minnesota","Mille Lacs County",4,30,312,151,161
050,27,095,"Minnesota","Mille Lacs County",4,31,356,190,166
050,27,095,"Minnesota","Mille Lacs County",4,32,337,169,168
050,27,095,"Minnesota","Mille Lacs County",4,33,338,172,166
050,27,095,"Minnesota","Mille Lacs County",4,34,356,177,179
050,27,095,"Minnesota","Mille Lacs County",4,35,337,185,152
050,27,095,"Minnesota","Mille Lacs County",4,36,310,162,148
050,27,095,"Minnesota","Mille Lacs County",4,37,352,184,168
050,27,095,"Minnesota","Mille Lacs County",4,38,347,173,174
050,27,095,"Minnesota","Mille Lacs County",4,39,348,165,183
050,27,095,"Minnesota","Mille Lacs County",4,40,377,188,189
050,27,095,"Minnesota","Mille Lacs County",4,41,377,201,176
050,27,095,"Minnesota","Mille Lacs County",4,42,368,193,175
050,27,095,"Minnesota","Mille Lacs County",4,43,332,168,164
050,27,095,"Minnesota","Mille Lacs County",4,44,335,174,161
050,27,095,"Minnesota","Mille Lacs County",4,45,312,173,139
050,27,095,"Minnesota","Mille Lacs County",4,46,314,166,148
050,27,095,"Minnesota","Mille Lacs County",4,47,303,158,145
050,27,095,"Minnesota","Mille Lacs County",4,48,303,159,144
050,27,095,"Minnesota","Mille Lacs County",4,49,302,158,144
050,27,095,"Minnesota","Mille Lacs County",4,50,336,168,168
050,27,095,"Minnesota","Mille Lacs County",4,51,348,173,175
050,27,095,"Minnesota","Mille Lacs County",4,52,323,175,148
050,27,095,"Minnesota","Mille Lacs County",4,53,350,177,173
050,27,095,"Minnesota","Mille Lacs County",4,54,369,188,181
050,27,095,"Minnesota","Mille Lacs County",4,55,335,172,163
050,27,095,"Minnesota","Mille Lacs County",4,56,323,171,152
050,27,095,"Minnesota","Mille Lacs County",4,57,372,202,170
050,27,095,"Minnesota","Mille Lacs County",4,58,412,204,208
050,27,095,"Minnesota","Mille Lacs County",4,59,472,219,253
050,27,095,"Minnesota","Mille Lacs County",4,60,436,227,209
050,27,095,"Minnesota","Mille Lacs County",4,61,453,238,215
050,27,095,"Minnesota","Mille Lacs County",4,62,421,217,204
050,27,095,"Minnesota","Mille Lacs County",4,63,409,201,208
050,27,095,"Minnesota","Mille Lacs County",4,64,401,209,192
050,27,095,"Minnesota","Mille Lacs County",4,65,383,203,180
050,27,095,"Minnesota","Mille Lacs County",4,66,353,188,165
050,27,095,"Minnesota","Mille Lacs County",4,67,324,154,170
050,27,095,"Minnesota","Mille Lacs County",4,68,303,144,159
050,27,095,"Minnesota","Mille Lacs County",4,69,308,155,153
050,27,095,"Minnesota","Mille Lacs County",4,70,284,140,144
050,27,095,"Minnesota","Mille Lacs County",4,71,264,130,134
050,27,095,"Minnesota","Mille Lacs County",4,72,250,130,120
050,27,095,"Minnesota","Mille Lacs County",4,73,263,136,127
050,27,095,"Minnesota","Mille Lacs County",4,74,230,119,111
050,27,095,"Minnesota","Mille Lacs County",4,75,228,118,110
050,27,095,"Minnesota","Mille Lacs County",4,76,177,90,87
050,27,095,"Minnesota","Mille Lacs County",4,77,175,75,100
050,27,095,"Minnesota","Mille Lacs County",4,78,158,72,86
050,27,095,"Minnesota","Mille Lacs County",4,79,174,74,100
050,27,095,"Minnesota","Mille Lacs County",4,80,148,59,89
050,27,095,"Minnesota","Mille Lacs County",4,81,139,64,75
050,27,095,"Minnesota","Mille Lacs County",4,82,129,61,68
050,27,095,"Minnesota","Mille Lacs County",4,83,100,45,55
050,27,095,"Minnesota","Mille Lacs County",4,84,91,33,58
050,27,095,"Minnesota","Mille Lacs County",4,85,519,168,351
050,27,095,"Minnesota","Mille Lacs County",5,0,289,147,142
050,27,095,"Minnesota","Mille Lacs County",5,1,312,163,149
050,27,095,"Minnesota","Mille Lacs County",5,2,285,149,136
050,27,095,"Minnesota","Mille Lacs County",5,3,312,161,151
050,27,095,"Minnesota","Mille Lacs County",5,4,331,166,165
050,27,095,"Minnesota","Mille Lacs County",5,5,326,189,137
050,27,095,"Minnesota","Mille Lacs County",5,6,353,175,178
050,27,095,"Minnesota","Mille Lacs County",5,7,359,181,178
050,27,095,"Minnesota","Mille Lacs County",5,8,340,190,150
050,27,095,"Minnesota","Mille Lacs County",5,9,364,183,181
050,27,095,"Minnesota","Mille Lacs County",5,10,371,180,191
050,27,095,"Minnesota","Mille Lacs County",5,11,358,183,175
050,27,095,"Minnesota","Mille Lacs County",5,12,346,169,177
050,27,095,"Minnesota","Mille Lacs County",5,13,400,208,192
050,27,095,"Minnesota","Mille Lacs County",5,14,410,205,205
050,27,095,"Minnesota","Mille Lacs County",5,15,385,188,197
050,27,095,"Minnesota","Mille Lacs County",5,16,404,199,205
050,27,095,"Minnesota","Mille Lacs County",5,17,392,207,185
050,27,095,"Minnesota","Mille Lacs County",5,18,308,178,130
050,27,095,"Minnesota","Mille Lacs County",5,19,227,121,106
050,27,095,"Minnesota","Mille Lacs County",5,20,237,116,121
050,27,095,"Minnesota","Mille Lacs County",5,21,229,132,97
050,27,095,"Minnesota","Mille Lacs County",5,22,277,134,143
050,27,095,"Minnesota","Mille Lacs County",5,23,333,174,159
050,27,095,"Minnesota","Mille Lacs County",5,24,288,170,118
050,27,095,"Minnesota","Mille Lacs County",5,25,316,177,139
050,27,095,"Minnesota","Mille Lacs County",5,26,284,151,133
050,27,095,"Minnesota","Mille Lacs County",5,27,312,160,152
050,27,095,"Minnesota","Mille Lacs County",5,28,337,162,175
050,27,095,"Minnesota","Mille Lacs County",5,29,312,160,152
050,27,095,"Minnesota","Mille Lacs County",5,30,316,170,146
050,27,095,"Minnesota","Mille Lacs County",5,31,309,155,154
050,27,095,"Minnesota","Mille Lacs County",5,32,369,195,174
050,27,095,"Minnesota","Mille Lacs County",5,33,361,182,179
050,27,095,"Minnesota","Mille Lacs County",5,34,345,170,175
050,27,095,"Minnesota","Mille Lacs County",5,35,369,184,185
050,27,095,"Minnesota","Mille Lacs County",5,36,342,186,156
050,27,095,"Minnesota","Mille Lacs County",5,37,320,168,152
050,27,095,"Minnesota","Mille Lacs County",5,38,351,189,162
050,27,095,"Minnesota","Mille Lacs County",5,39,358,185,173
050,27,095,"Minnesota","Mille Lacs County",5,40,347,169,178
050,27,095,"Minnesota","Mille Lacs County",5,41,384,198,186
050,27,095,"Minnesota","Mille Lacs County",5,42,374,208,166
050,27,095,"Minnesota","Mille Lacs County",5,43,372,197,175
050,27,095,"Minnesota","Mille Lacs County",5,44,340,177,163
050,27,095,"Minnesota","Mille Lacs County",5,45,325,168,157
050,27,095,"Minnesota","Mille Lacs County",5,46,313,175,138
050,27,095,"Minnesota","Mille Lacs County",5,47,316,162,154
050,27,095,"Minnesota","Mille Lacs County",5,48,298,154,144
050,27,095,"Minnesota","Mille Lacs County",5,49,303,159,144
050,27,095,"Minnesota","Mille Lacs County",5,50,302,161,141
050,27,095,"Minnesota","Mille Lacs County",5,51,330,167,163
050,27,095,"Minnesota","Mille Lacs County",5,52,348,173,175
050,27,095,"Minnesota","Mille Lacs County",5,53,319,169,150
050,27,095,"Minnesota","Mille Lacs County",5,54,346,176,170
050,27,095,"Minnesota","Mille Lacs County",5,55,371,185,186
050,27,095,"Minnesota","Mille Lacs County",5,56,346,177,169
050,27,095,"Minnesota","Mille Lacs County",5,57,335,179,156
050,27,095,"Minnesota","Mille Lacs County",5,58,387,216,171
050,27,095,"Minnesota","Mille Lacs County",5,59,416,201,215
050,27,095,"Minnesota","Mille Lacs County",5,60,468,223,245
050,27,095,"Minnesota","Mille Lacs County",5,61,443,223,220
050,27,095,"Minnesota","Mille Lacs County",5,62,444,243,201
050,27,095,"Minnesota","Mille Lacs County",5,63,419,218,201
050,27,095,"Minnesota","Mille Lacs County",5,64,410,198,212
050,27,095,"Minnesota","Mille Lacs County",5,65,393,204,189
050,27,095,"Minnesota","Mille Lacs County",5,66,380,207,173
050,27,095,"Minnesota","Mille Lacs County",5,67,350,184,166
050,27,095,"Minnesota","Mille Lacs County",5,68,322,152,170
050,27,095,"Minnesota","Mille Lacs County",5,69,297,137,160
050,27,095,"Minnesota","Mille Lacs County",5,70,304,154,150
050,27,095,"Minnesota","Mille Lacs County",5,71,272,132,140
050,27,095,"Minnesota","Mille Lacs County",5,72,259,126,133
050,27,095,"Minnesota","Mille Lacs County",5,73,244,125,119
050,27,095,"Minnesota","Mille Lacs County",5,74,253,132,121
050,27,095,"Minnesota","Mille Lacs County",5,75,223,114,109
050,27,095,"Minnesota","Mille Lacs County",5,76,230,118,112
050,27,095,"Minnesota","Mille Lacs County",5,77,164,80,84
050,27,095,"Minnesota","Mille Lacs County",5,78,161,68,93
050,27,095,"Minnesota","Mille Lacs County",5,79,155,70,85
050,27,095,"Minnesota","Mille Lacs County",5,80,159,64,95
050,27,095,"Minnesota","Mille Lacs County",5,81,133,50,83
050,27,095,"Minnesota","Mille Lacs County",5,82,129,63,66
050,27,095,"Minnesota","Mille Lacs County",5,83,104,46,58
050,27,095,"Minnesota","Mille Lacs County",5,84,91,41,50
050,27,095,"Minnesota","Mille Lacs County",5,85,511,156,355
050,27,097,"Minnesota","Morrison County",1,0,367,188,179
050,27,097,"Minnesota","Morrison County",1,1,366,192,174
050,27,097,"Minnesota","Morrison County",1,2,394,188,206
050,27,097,"Minnesota","Morrison County",1,3,398,204,194
050,27,097,"Minnesota","Morrison County",1,4,425,225,200
050,27,097,"Minnesota","Morrison County",1,5,444,226,218
050,27,097,"Minnesota","Morrison County",1,6,438,232,206
050,27,097,"Minnesota","Morrison County",1,7,415,213,202
050,27,097,"Minnesota","Morrison County",1,8,416,216,200
050,27,097,"Minnesota","Morrison County",1,9,448,236,212
050,27,097,"Minnesota","Morrison County",1,10,484,257,227
050,27,097,"Minnesota","Morrison County",1,11,522,265,257
050,27,097,"Minnesota","Morrison County",1,12,504,249,255
050,27,097,"Minnesota","Morrison County",1,13,488,250,238
050,27,097,"Minnesota","Morrison County",1,14,496,246,250
050,27,097,"Minnesota","Morrison County",1,15,491,256,235
050,27,097,"Minnesota","Morrison County",1,16,472,250,222
050,27,097,"Minnesota","Morrison County",1,17,438,244,194
050,27,097,"Minnesota","Morrison County",1,18,371,198,173
050,27,097,"Minnesota","Morrison County",1,19,301,168,133
050,27,097,"Minnesota","Morrison County",1,20,310,180,130
050,27,097,"Minnesota","Morrison County",1,21,325,171,154
050,27,097,"Minnesota","Morrison County",1,22,341,171,170
050,27,097,"Minnesota","Morrison County",1,23,334,169,165
050,27,097,"Minnesota","Morrison County",1,24,358,178,180
050,27,097,"Minnesota","Morrison County",1,25,340,175,165
050,27,097,"Minnesota","Morrison County",1,26,321,164,157
050,27,097,"Minnesota","Morrison County",1,27,361,167,194
050,27,097,"Minnesota","Morrison County",1,28,353,164,189
050,27,097,"Minnesota","Morrison County",1,29,331,185,146
050,27,097,"Minnesota","Morrison County",1,30,348,186,162
050,27,097,"Minnesota","Morrison County",1,31,344,183,161
050,27,097,"Minnesota","Morrison County",1,32,376,204,172
050,27,097,"Minnesota","Morrison County",1,33,392,198,194
050,27,097,"Minnesota","Morrison County",1,34,414,207,207
050,27,097,"Minnesota","Morrison County",1,35,410,209,201
050,27,097,"Minnesota","Morrison County",1,36,426,222,204
050,27,097,"Minnesota","Morrison County",1,37,419,218,201
050,27,097,"Minnesota","Morrison County",1,38,440,228,212
050,27,097,"Minnesota","Morrison County",1,39,433,226,207
050,27,097,"Minnesota","Morrison County",1,40,459,228,231
050,27,097,"Minnesota","Morrison County",1,41,450,234,216
050,27,097,"Minnesota","Morrison County",1,42,409,209,200
050,27,097,"Minnesota","Morrison County",1,43,380,193,187
050,27,097,"Minnesota","Morrison County",1,44,375,192,183
050,27,097,"Minnesota","Morrison County",1,45,342,169,173
050,27,097,"Minnesota","Morrison County",1,46,306,167,139
050,27,097,"Minnesota","Morrison County",1,47,340,192,148
050,27,097,"Minnesota","Morrison County",1,48,386,203,183
050,27,097,"Minnesota","Morrison County",1,49,428,222,206
050,27,097,"Minnesota","Morrison County",1,50,408,191,217
050,27,097,"Minnesota","Morrison County",1,51,400,205,195
050,27,097,"Minnesota","Morrison County",1,52,415,232,183
050,27,097,"Minnesota","Morrison County",1,53,439,241,198
050,27,097,"Minnesota","Morrison County",1,54,457,260,197
050,27,097,"Minnesota","Morrison County",1,55,482,244,238
050,27,097,"Minnesota","Morrison County",1,56,512,265,247
050,27,097,"Minnesota","Morrison County",1,57,499,245,254
050,27,097,"Minnesota","Morrison County",1,58,526,261,265
050,27,097,"Minnesota","Morrison County",1,59,546,280,266
050,27,097,"Minnesota","Morrison County",1,60,530,266,264
050,27,097,"Minnesota","Morrison County",1,61,531,260,271
050,27,097,"Minnesota","Morrison County",1,62,517,252,265
050,27,097,"Minnesota","Morrison County",1,63,550,284,266
050,27,097,"Minnesota","Morrison County",1,64,534,278,256
050,27,097,"Minnesota","Morrison County",1,65,490,263,227
050,27,097,"Minnesota","Morrison County",1,66,467,247,220
050,27,097,"Minnesota","Morrison County",1,67,447,242,205
050,27,097,"Minnesota","Morrison County",1,68,436,232,204
050,27,097,"Minnesota","Morrison County",1,69,398,201,197
050,27,097,"Minnesota","Morrison County",1,70,383,197,186
050,27,097,"Minnesota","Morrison County",1,71,334,171,163
050,27,097,"Minnesota","Morrison County",1,72,357,185,172
050,27,097,"Minnesota","Morrison County",1,73,336,172,164
050,27,097,"Minnesota","Morrison County",1,74,241,118,123
050,27,097,"Minnesota","Morrison County",1,75,244,114,130
050,27,097,"Minnesota","Morrison County",1,76,253,124,129
050,27,097,"Minnesota","Morrison County",1,77,258,116,142
050,27,097,"Minnesota","Morrison County",1,78,229,94,135
050,27,097,"Minnesota","Morrison County",1,79,205,90,115
050,27,097,"Minnesota","Morrison County",1,80,171,86,85
050,27,097,"Minnesota","Morrison County",1,81,173,79,94
050,27,097,"Minnesota","Morrison County",1,82,164,75,89
050,27,097,"Minnesota","Morrison County",1,83,150,58,92
050,27,097,"Minnesota","Morrison County",1,84,131,52,79
050,27,097,"Minnesota","Morrison County",1,85,884,325,559
050,27,097,"Minnesota","Morrison County",2,0,349,174,175
050,27,097,"Minnesota","Morrison County",2,1,366,190,176
050,27,097,"Minnesota","Morrison County",2,2,386,191,195
050,27,097,"Minnesota","Morrison County",2,3,394,201,193
050,27,097,"Minnesota","Morrison County",2,4,419,222,197
050,27,097,"Minnesota","Morrison County",2,5,440,227,213
050,27,097,"Minnesota","Morrison County",2,6,442,233,209
050,27,097,"Minnesota","Morrison County",2,7,422,218,204
050,27,097,"Minnesota","Morrison County",2,8,415,216,199
050,27,097,"Minnesota","Morrison County",2,9,438,231,207
050,27,097,"Minnesota","Morrison County",2,10,478,252,226
050,27,097,"Minnesota","Morrison County",2,11,507,260,247
050,27,097,"Minnesota","Morrison County",2,12,507,252,255
050,27,097,"Minnesota","Morrison County",2,13,494,252,242
050,27,097,"Minnesota","Morrison County",2,14,494,247,247
050,27,097,"Minnesota","Morrison County",2,15,492,254,238
050,27,097,"Minnesota","Morrison County",2,16,477,253,224
050,27,097,"Minnesota","Morrison County",2,17,448,247,201
050,27,097,"Minnesota","Morrison County",2,18,363,199,164
050,27,097,"Minnesota","Morrison County",2,19,301,167,134
050,27,097,"Minnesota","Morrison County",2,20,316,181,135
050,27,097,"Minnesota","Morrison County",2,21,325,175,150
050,27,097,"Minnesota","Morrison County",2,22,338,172,166
050,27,097,"Minnesota","Morrison County",2,23,335,168,167
050,27,097,"Minnesota","Morrison County",2,24,351,175,176
050,27,097,"Minnesota","Morrison County",2,25,336,171,165
050,27,097,"Minnesota","Morrison County",2,26,329,168,161
050,27,097,"Minnesota","Morrison County",2,27,351,166,185
050,27,097,"Minnesota","Morrison County",2,28,356,166,190
050,27,097,"Minnesota","Morrison County",2,29,339,181,158
050,27,097,"Minnesota","Morrison County",2,30,345,186,159
050,27,097,"Minnesota","Morrison County",2,31,342,183,159
050,27,097,"Minnesota","Morrison County",2,32,368,198,170
050,27,097,"Minnesota","Morrison County",2,33,389,200,189
050,27,097,"Minnesota","Morrison County",2,34,408,203,205
050,27,097,"Minnesota","Morrison County",2,35,416,212,204
050,27,097,"Minnesota","Morrison County",2,36,418,217,201
050,27,097,"Minnesota","Morrison County",2,37,423,220,203
050,27,097,"Minnesota","Morrison County",2,38,435,226,209
050,27,097,"Minnesota","Morrison County",2,39,432,225,207
050,27,097,"Minnesota","Morrison County",2,40,456,229,227
050,27,097,"Minnesota","Morrison County",2,41,453,232,221
050,27,097,"Minnesota","Morrison County",2,42,418,217,201
050,27,097,"Minnesota","Morrison County",2,43,389,199,190
050,27,097,"Minnesota","Morrison County",2,44,375,191,184
050,27,097,"Minnesota","Morrison County",2,45,355,177,178
050,27,097,"Minnesota","Morrison County",2,46,311,166,145
050,27,097,"Minnesota","Morrison County",2,47,334,188,146
050,27,097,"Minnesota","Morrison County",2,48,372,201,171
050,27,097,"Minnesota","Morrison County",2,49,419,218,201
050,27,097,"Minnesota","Morrison County",2,50,413,199,214
050,27,097,"Minnesota","Morrison County",2,51,399,201,198
050,27,097,"Minnesota","Morrison County",2,52,411,225,186
050,27,097,"Minnesota","Morrison County",2,53,434,237,197
050,27,097,"Minnesota","Morrison County",2,54,453,256,197
050,27,097,"Minnesota","Morrison County",2,55,477,248,229
050,27,097,"Minnesota","Morrison County",2,56,505,261,244
050,27,097,"Minnesota","Morrison County",2,57,504,251,253
050,27,097,"Minnesota","Morrison County",2,58,518,257,261
050,27,097,"Minnesota","Morrison County",2,59,546,278,268
050,27,097,"Minnesota","Morrison County",2,60,533,270,263
050,27,097,"Minnesota","Morrison County",2,61,527,259,268
050,27,097,"Minnesota","Morrison County",2,62,518,254,264
050,27,097,"Minnesota","Morrison County",2,63,546,278,268
050,27,097,"Minnesota","Morrison County",2,64,535,279,256
050,27,097,"Minnesota","Morrison County",2,65,502,268,234
050,27,097,"Minnesota","Morrison County",2,66,473,250,223
050,27,097,"Minnesota","Morrison County",2,67,452,244,208
050,27,097,"Minnesota","Morrison County",2,68,435,232,203
050,27,097,"Minnesota","Morrison County",2,69,409,209,200
050,27,097,"Minnesota","Morrison County",2,70,385,199,186
050,27,097,"Minnesota","Morrison County",2,71,345,176,169
050,27,097,"Minnesota","Morrison County",2,72,349,180,169
050,27,097,"Minnesota","Morrison County",2,73,357,183,174
050,27,097,"Minnesota","Morrison County",2,74,243,121,122
050,27,097,"Minnesota","Morrison County",2,75,244,115,129
050,27,097,"Minnesota","Morrison County",2,76,248,121,127
050,27,097,"Minnesota","Morrison County",2,77,263,119,144
050,27,097,"Minnesota","Morrison County",2,78,232,98,134
050,27,097,"Minnesota","Morrison County",2,79,206,89,117
050,27,097,"Minnesota","Morrison County",2,80,176,85,91
050,27,097,"Minnesota","Morrison County",2,81,173,80,93
050,27,097,"Minnesota","Morrison County",2,82,165,75,90
050,27,097,"Minnesota","Morrison County",2,83,153,60,93
050,27,097,"Minnesota","Morrison County",2,84,133,51,82
050,27,097,"Minnesota","Morrison County",2,85,886,326,560
050,27,097,"Minnesota","Morrison County",3,0,333,163,170
050,27,097,"Minnesota","Morrison County",3,1,367,182,185
050,27,097,"Minnesota","Morrison County",3,2,378,196,182
050,27,097,"Minnesota","Morrison County",3,3,375,180,195
050,27,097,"Minnesota","Morrison County",3,4,391,201,190
050,27,097,"Minnesota","Morrison County",3,5,424,226,198
050,27,097,"Minnesota","Morrison County",3,6,443,233,210
050,27,097,"Minnesota","Morrison County",3,7,433,225,208
050,27,097,"Minnesota","Morrison County",3,8,431,225,206
050,27,097,"Minnesota","Morrison County",3,9,418,224,194
050,27,097,"Minnesota","Morrison County",3,10,425,224,201
050,27,097,"Minnesota","Morrison County",3,11,480,253,227
050,27,097,"Minnesota","Morrison County",3,12,508,267,241
050,27,097,"Minnesota","Morrison County",3,13,518,259,259
050,27,097,"Minnesota","Morrison County",3,14,498,250,248
050,27,097,"Minnesota","Morrison County",3,15,495,246,249
050,27,097,"Minnesota","Morrison County",3,16,490,256,234
050,27,097,"Minnesota","Morrison County",3,17,466,247,219
050,27,097,"Minnesota","Morrison County",3,18,370,204,166
050,27,097,"Minnesota","Morrison County",3,19,279,156,123
050,27,097,"Minnesota","Morrison County",3,20,315,168,147
050,27,097,"Minnesota","Morrison County",3,21,354,196,158
050,27,097,"Minnesota","Morrison County",3,22,352,186,166
050,27,097,"Minnesota","Morrison County",3,23,338,177,161
050,27,097,"Minnesota","Morrison County",3,24,341,189,152
050,27,097,"Minnesota","Morrison County",3,25,342,178,164
050,27,097,"Minnesota","Morrison County",3,26,346,170,176
050,27,097,"Minnesota","Morrison County",3,27,346,181,165
050,27,097,"Minnesota","Morrison County",3,28,359,180,179
050,27,097,"Minnesota","Morrison County",3,29,362,164,198
050,27,097,"Minnesota","Morrison County",3,30,344,180,164
050,27,097,"Minnesota","Morrison County",3,31,348,189,159
050,27,097,"Minnesota","Morrison County",3,32,339,180,159
050,27,097,"Minnesota","Morrison County",3,33,374,198,176
050,27,097,"Minnesota","Morrison County",3,34,391,196,195
050,27,097,"Minnesota","Morrison County",3,35,413,206,207
050,27,097,"Minnesota","Morrison County",3,36,422,217,205
050,27,097,"Minnesota","Morrison County",3,37,415,215,200
050,27,097,"Minnesota","Morrison County",3,38,432,227,205
050,27,097,"Minnesota","Morrison County",3,39,431,226,205
050,27,097,"Minnesota","Morrison County",3,40,444,229,215
050,27,097,"Minnesota","Morrison County",3,41,455,229,226
050,27,097,"Minnesota","Morrison County",3,42,463,245,218
050,27,097,"Minnesota","Morrison County",3,43,418,218,200
050,27,097,"Minnesota","Morrison County",3,44,398,201,197
050,27,097,"Minnesota","Morrison County",3,45,372,183,189
050,27,097,"Minnesota","Morrison County",3,46,352,175,177
050,27,097,"Minnesota","Morrison County",3,47,311,172,139
050,27,097,"Minnesota","Morrison County",3,48,342,190,152
050,27,097,"Minnesota","Morrison County",3,49,379,204,175
050,27,097,"Minnesota","Morrison County",3,50,421,217,204
050,27,097,"Minnesota","Morrison County",3,51,410,199,211
050,27,097,"Minnesota","Morrison County",3,52,399,204,195
050,27,097,"Minnesota","Morrison County",3,53,414,220,194
050,27,097,"Minnesota","Morrison County",3,54,451,248,203
050,27,097,"Minnesota","Morrison County",3,55,452,254,198
050,27,097,"Minnesota","Morrison County",3,56,488,253,235
050,27,097,"Minnesota","Morrison County",3,57,511,268,243
050,27,097,"Minnesota","Morrison County",3,58,505,249,256
050,27,097,"Minnesota","Morrison County",3,59,525,262,263
050,27,097,"Minnesota","Morrison County",3,60,550,278,272
050,27,097,"Minnesota","Morrison County",3,61,510,257,253
050,27,097,"Minnesota","Morrison County",3,62,512,253,259
050,27,097,"Minnesota","Morrison County",3,63,522,251,271
050,27,097,"Minnesota","Morrison County",3,64,543,277,266
050,27,097,"Minnesota","Morrison County",3,65,513,269,244
050,27,097,"Minnesota","Morrison County",3,66,501,264,237
050,27,097,"Minnesota","Morrison County",3,67,469,247,222
050,27,097,"Minnesota","Morrison County",3,68,451,237,214
050,27,097,"Minnesota","Morrison County",3,69,434,231,203
050,27,097,"Minnesota","Morrison County",3,70,405,211,194
050,27,097,"Minnesota","Morrison County",3,71,379,198,181
050,27,097,"Minnesota","Morrison County",3,72,346,172,174
050,27,097,"Minnesota","Morrison County",3,73,340,177,163
050,27,097,"Minnesota","Morrison County",3,74,343,171,172
050,27,097,"Minnesota","Morrison County",3,75,235,116,119
050,27,097,"Minnesota","Morrison County",3,76,239,114,125
050,27,097,"Minnesota","Morrison County",3,77,233,112,121
050,27,097,"Minnesota","Morrison County",3,78,253,114,139
050,27,097,"Minnesota","Morrison County",3,79,209,87,122
050,27,097,"Minnesota","Morrison County",3,80,189,81,108
050,27,097,"Minnesota","Morrison County",3,81,174,81,93
050,27,097,"Minnesota","Morrison County",3,82,162,82,80
050,27,097,"Minnesota","Morrison County",3,83,159,65,94
050,27,097,"Minnesota","Morrison County",3,84,150,59,91
050,27,097,"Minnesota","Morrison County",3,85,862,317,545
050,27,097,"Minnesota","Morrison County",4,0,343,161,182
050,27,097,"Minnesota","Morrison County",4,1,326,159,167
050,27,097,"Minnesota","Morrison County",4,2,374,187,187
050,27,097,"Minnesota","Morrison County",4,3,394,204,190
050,27,097,"Minnesota","Morrison County",4,4,400,195,205
050,27,097,"Minnesota","Morrison County",4,5,394,204,190
050,27,097,"Minnesota","Morrison County",4,6,453,234,219
050,27,097,"Minnesota","Morrison County",4,7,457,237,220
050,27,097,"Minnesota","Morrison County",4,8,446,226,220
050,27,097,"Minnesota","Morrison County",4,9,445,226,219
050,27,097,"Minnesota","Morrison County",4,10,420,225,195
050,27,097,"Minnesota","Morrison County",4,11,442,234,208
050,27,097,"Minnesota","Morrison County",4,12,482,259,223
050,27,097,"Minnesota","Morrison County",4,13,521,269,252
050,27,097,"Minnesota","Morrison County",4,14,512,250,262
050,27,097,"Minnesota","Morrison County",4,15,490,248,242
050,27,097,"Minnesota","Morrison County",4,16,510,256,254
050,27,097,"Minnesota","Morrison County",4,17,496,262,234
050,27,097,"Minnesota","Morrison County",4,18,389,214,175
050,27,097,"Minnesota","Morrison County",4,19,295,164,131
050,27,097,"Minnesota","Morrison County",4,20,278,150,128
050,27,097,"Minnesota","Morrison County",4,21,334,178,156
050,27,097,"Minnesota","Morrison County",4,22,362,198,164
050,27,097,"Minnesota","Morrison County",4,23,358,193,165
050,27,097,"Minnesota","Morrison County",4,24,351,179,172
050,27,097,"Minnesota","Morrison County",4,25,321,170,151
050,27,097,"Minnesota","Morrison County",4,26,339,181,158
050,27,097,"Minnesota","Morrison County",4,27,345,162,183
050,27,097,"Minnesota","Morrison County",4,28,331,169,162
050,27,097,"Minnesota","Morrison County",4,29,353,169,184
050,27,097,"Minnesota","Morrison County",4,30,367,169,198
050,27,097,"Minnesota","Morrison County",4,31,365,188,177
050,27,097,"Minnesota","Morrison County",4,32,363,191,172
050,27,097,"Minnesota","Morrison County",4,33,345,183,162
050,27,097,"Minnesota","Morrison County",4,34,389,201,188
050,27,097,"Minnesota","Morrison County",4,35,405,203,202
050,27,097,"Minnesota","Morrison County",4,36,424,211,213
050,27,097,"Minnesota","Morrison County",4,37,434,223,211
050,27,097,"Minnesota","Morrison County",4,38,439,228,211
050,27,097,"Minnesota","Morrison County",4,39,426,220,206
050,27,097,"Minnesota","Morrison County",4,40,433,231,202
050,27,097,"Minnesota","Morrison County",4,41,436,220,216
050,27,097,"Minnesota","Morrison County",4,42,464,236,228
050,27,097,"Minnesota","Morrison County",4,43,463,245,218
050,27,097,"Minnesota","Morrison County",4,44,424,218,206
050,27,097,"Minnesota","Morrison County",4,45,395,197,198
050,27,097,"Minnesota","Morrison County",4,46,368,183,185
050,27,097,"Minnesota","Morrison County",4,47,372,183,189
050,27,097,"Minnesota","Morrison County",4,48,314,175,139
050,27,097,"Minnesota","Morrison County",4,49,346,196,150
050,27,097,"Minnesota","Morrison County",4,50,386,205,181
050,27,097,"Minnesota","Morrison County",4,51,438,229,209
050,27,097,"Minnesota","Morrison County",4,52,400,192,208
050,27,097,"Minnesota","Morrison County",4,53,400,201,199
050,27,097,"Minnesota","Morrison County",4,54,418,226,192
050,27,097,"Minnesota","Morrison County",4,55,446,238,208
050,27,097,"Minnesota","Morrison County",4,56,445,254,191
050,27,097,"Minnesota","Morrison County",4,57,475,244,231
050,27,097,"Minnesota","Morrison County",4,58,507,268,239
050,27,097,"Minnesota","Morrison County",4,59,504,245,259
050,27,097,"Minnesota","Morrison County",4,60,537,268,269
050,27,097,"Minnesota","Morrison County",4,61,540,270,270
050,27,097,"Minnesota","Morrison County",4,62,507,256,251
050,27,097,"Minnesota","Morrison County",4,63,528,262,266
050,27,097,"Minnesota","Morrison County",4,64,509,246,263
050,27,097,"Minnesota","Morrison County",4,65,531,269,262
050,27,097,"Minnesota","Morrison County",4,66,504,258,246
050,27,097,"Minnesota","Morrison County",4,67,491,259,232
050,27,097,"Minnesota","Morrison County",4,68,468,244,224
050,27,097,"Minnesota","Morrison County",4,69,433,227,206
050,27,097,"Minnesota","Morrison County",4,70,427,231,196
050,27,097,"Minnesota","Morrison County",4,71,388,195,193
050,27,097,"Minnesota","Morrison County",4,72,380,197,183
050,27,097,"Minnesota","Morrison County",4,73,342,169,173
050,27,097,"Minnesota","Morrison County",4,74,339,175,164
050,27,097,"Minnesota","Morrison County",4,75,337,170,167
050,27,097,"Minnesota","Morrison County",4,76,222,109,113
050,27,097,"Minnesota","Morrison County",4,77,228,106,122
050,27,097,"Minnesota","Morrison County",4,78,229,108,121
050,27,097,"Minnesota","Morrison County",4,79,241,112,129
050,27,097,"Minnesota","Morrison County",4,80,194,81,113
050,27,097,"Minnesota","Morrison County",4,81,187,74,113
050,27,097,"Minnesota","Morrison County",4,82,160,78,82
050,27,097,"Minnesota","Morrison County",4,83,161,75,86
050,27,097,"Minnesota","Morrison County",4,84,147,63,84
050,27,097,"Minnesota","Morrison County",4,85,855,318,537
050,27,097,"Minnesota","Morrison County",5,0,344,162,182
050,27,097,"Minnesota","Morrison County",5,1,335,166,169
050,27,097,"Minnesota","Morrison County",5,2,323,153,170
050,27,097,"Minnesota","Morrison County",5,3,383,187,196
050,27,097,"Minnesota","Morrison County",5,4,391,206,185
050,27,097,"Minnesota","Morrison County",5,5,401,197,204
050,27,097,"Minnesota","Morrison County",5,6,402,207,195
050,27,097,"Minnesota","Morrison County",5,7,456,235,221
050,27,097,"Minnesota","Morrison County",5,8,459,239,220
050,27,097,"Minnesota","Morrison County",5,9,453,227,226
050,27,097,"Minnesota","Morrison County",5,10,450,227,223
050,27,097,"Minnesota","Morrison County",5,11,431,232,199
050,27,097,"Minnesota","Morrison County",5,12,436,231,205
050,27,097,"Minnesota","Morrison County",5,13,481,253,228
050,27,097,"Minnesota","Morrison County",5,14,515,268,247
050,27,097,"Minnesota","Morrison County",5,15,522,260,262
050,27,097,"Minnesota","Morrison County",5,16,498,252,246
050,27,097,"Minnesota","Morrison County",5,17,501,252,249
050,27,097,"Minnesota","Morrison County",5,18,410,225,185
050,27,097,"Minnesota","Morrison County",5,19,309,172,137
050,27,097,"Minnesota","Morrison County",5,20,304,169,135
050,27,097,"Minnesota","Morrison County",5,21,302,166,136
050,27,097,"Minnesota","Morrison County",5,22,352,192,160
050,27,097,"Minnesota","Morrison County",5,23,366,198,168
050,27,097,"Minnesota","Morrison County",5,24,361,199,162
050,27,097,"Minnesota","Morrison County",5,25,350,180,170
050,27,097,"Minnesota","Morrison County",5,26,334,184,150
050,27,097,"Minnesota","Morrison County",5,27,346,182,164
050,27,097,"Minnesota","Morrison County",5,28,348,166,182
050,27,097,"Minnesota","Morrison County",5,29,335,168,167
050,27,097,"Minnesota","Morrison County",5,30,352,174,178
050,27,097,"Minnesota","Morrison County",5,31,371,174,197
050,27,097,"Minnesota","Morrison County",5,32,363,183,180
050,27,097,"Minnesota","Morrison County",5,33,382,208,174
050,27,097,"Minnesota","Morrison County",5,34,363,194,169
050,27,097,"Minnesota","Morrison County",5,35,393,198,195
050,27,097,"Minnesota","Morrison County",5,36,403,198,205
050,27,097,"Minnesota","Morrison County",5,37,427,211,216
050,27,097,"Minnesota","Morrison County",5,38,433,228,205
050,27,097,"Minnesota","Morrison County",5,39,430,218,212
050,27,097,"Minnesota","Morrison County",5,40,430,224,206
050,27,097,"Minnesota","Morrison County",5,41,437,227,210
050,27,097,"Minnesota","Morrison County",5,42,431,221,210
050,27,097,"Minnesota","Morrison County",5,43,457,225,232
050,27,097,"Minnesota","Morrison County",5,44,467,250,217
050,27,097,"Minnesota","Morrison County",5,45,425,222,203
050,27,097,"Minnesota","Morrison County",5,46,396,195,201
050,27,097,"Minnesota","Morrison County",5,47,382,192,190
050,27,097,"Minnesota","Morrison County",5,48,372,188,184
050,27,097,"Minnesota","Morrison County",5,49,318,178,140
050,27,097,"Minnesota","Morrison County",5,50,342,191,151
050,27,097,"Minnesota","Morrison County",5,51,392,207,185
050,27,097,"Minnesota","Morrison County",5,52,443,233,210
050,27,097,"Minnesota","Morrison County",5,53,393,190,203
050,27,097,"Minnesota","Morrison County",5,54,401,204,197
050,27,097,"Minnesota","Morrison County",5,55,403,213,190
050,27,097,"Minnesota","Morrison County",5,56,448,243,205
050,27,097,"Minnesota","Morrison County",5,57,442,249,193
050,27,097,"Minnesota","Morrison County",5,58,466,242,224
050,27,097,"Minnesota","Morrison County",5,59,510,273,237
050,27,097,"Minnesota","Morrison County",5,60,508,247,261
050,27,097,"Minnesota","Morrison County",5,61,523,256,267
050,27,097,"Minnesota","Morrison County",5,62,529,263,266
050,27,097,"Minnesota","Morrison County",5,63,515,257,258
050,27,097,"Minnesota","Morrison County",5,64,527,261,266
050,27,097,"Minnesota","Morrison County",5,65,508,245,263
050,27,097,"Minnesota","Morrison County",5,66,521,260,261
050,27,097,"Minnesota","Morrison County",5,67,499,254,245
050,27,097,"Minnesota","Morrison County",5,68,477,248,229
050,27,097,"Minnesota","Morrison County",5,69,463,238,225
050,27,097,"Minnesota","Morrison County",5,70,434,231,203
050,27,097,"Minnesota","Morrison County",5,71,407,217,190
050,27,097,"Minnesota","Morrison County",5,72,385,188,197
050,27,097,"Minnesota","Morrison County",5,73,376,198,178
050,27,097,"Minnesota","Morrison County",5,74,339,169,170
050,27,097,"Minnesota","Morrison County",5,75,326,167,159
050,27,097,"Minnesota","Morrison County",5,76,323,167,156
050,27,097,"Minnesota","Morrison County",5,77,215,102,113
050,27,097,"Minnesota","Morrison County",5,78,224,104,120
050,27,097,"Minnesota","Morrison County",5,79,219,107,112
050,27,097,"Minnesota","Morrison County",5,80,216,100,116
050,27,097,"Minnesota","Morrison County",5,81,195,78,117
050,27,097,"Minnesota","Morrison County",5,82,171,69,102
050,27,097,"Minnesota","Morrison County",5,83,159,70,89
050,27,097,"Minnesota","Morrison County",5,84,159,75,84
050,27,097,"Minnesota","Morrison County",5,85,862,331,531
050,27,099,"Minnesota","Mower County",1,0,534,275,259
050,27,099,"Minnesota","Mower County",1,1,542,275,267
050,27,099,"Minnesota","Mower County",1,2,499,240,259
050,27,099,"Minnesota","Mower County",1,3,540,271,269
050,27,099,"Minnesota","Mower County",1,4,545,258,287
050,27,099,"Minnesota","Mower County",1,5,577,288,289
050,27,099,"Minnesota","Mower County",1,6,560,281,279
050,27,099,"Minnesota","Mower County",1,7,532,262,270
050,27,099,"Minnesota","Mower County",1,8,573,293,280
050,27,099,"Minnesota","Mower County",1,9,541,264,277
050,27,099,"Minnesota","Mower County",1,10,610,299,311
050,27,099,"Minnesota","Mower County",1,11,626,317,309
050,27,099,"Minnesota","Mower County",1,12,631,315,316
050,27,099,"Minnesota","Mower County",1,13,596,300,296
050,27,099,"Minnesota","Mower County",1,14,554,295,259
050,27,099,"Minnesota","Mower County",1,15,595,324,271
050,27,099,"Minnesota","Mower County",1,16,598,326,272
050,27,099,"Minnesota","Mower County",1,17,583,322,261
050,27,099,"Minnesota","Mower County",1,18,526,281,245
050,27,099,"Minnesota","Mower County",1,19,462,250,212
050,27,099,"Minnesota","Mower County",1,20,459,257,202
050,27,099,"Minnesota","Mower County",1,21,460,247,213
050,27,099,"Minnesota","Mower County",1,22,446,228,218
050,27,099,"Minnesota","Mower County",1,23,446,245,201
050,27,099,"Minnesota","Mower County",1,24,464,258,206
050,27,099,"Minnesota","Mower County",1,25,448,237,211
050,27,099,"Minnesota","Mower County",1,26,422,232,190
050,27,099,"Minnesota","Mower County",1,27,478,239,239
050,27,099,"Minnesota","Mower County",1,28,502,260,242
050,27,099,"Minnesota","Mower County",1,29,465,240,225
050,27,099,"Minnesota","Mower County",1,30,490,273,217
050,27,099,"Minnesota","Mower County",1,31,490,249,241
050,27,099,"Minnesota","Mower County",1,32,481,243,238
050,27,099,"Minnesota","Mower County",1,33,495,259,236
050,27,099,"Minnesota","Mower County",1,34,520,263,257
050,27,099,"Minnesota","Mower County",1,35,501,255,246
050,27,099,"Minnesota","Mower County",1,36,502,251,251
050,27,099,"Minnesota","Mower County",1,37,520,274,246
050,27,099,"Minnesota","Mower County",1,38,490,258,232
050,27,099,"Minnesota","Mower County",1,39,525,278,247
050,27,099,"Minnesota","Mower County",1,40,540,269,271
050,27,099,"Minnesota","Mower County",1,41,487,263,224
050,27,099,"Minnesota","Mower County",1,42,454,235,219
050,27,099,"Minnesota","Mower County",1,43,418,202,216
050,27,099,"Minnesota","Mower County",1,44,413,197,216
050,27,099,"Minnesota","Mower County",1,45,444,219,225
050,27,099,"Minnesota","Mower County",1,46,438,230,208
050,27,099,"Minnesota","Mower County",1,47,454,242,212
050,27,099,"Minnesota","Mower County",1,48,455,242,213
050,27,099,"Minnesota","Mower County",1,49,479,247,232
050,27,099,"Minnesota","Mower County",1,50,471,244,227
050,27,099,"Minnesota","Mower County",1,51,434,222,212
050,27,099,"Minnesota","Mower County",1,52,429,225,204
050,27,099,"Minnesota","Mower County",1,53,449,227,222
050,27,099,"Minnesota","Mower County",1,54,472,249,223
050,27,099,"Minnesota","Mower County",1,55,509,266,243
050,27,099,"Minnesota","Mower County",1,56,509,265,244
050,27,099,"Minnesota","Mower County",1,57,523,260,263
050,27,099,"Minnesota","Mower County",1,58,550,273,277
050,27,099,"Minnesota","Mower County",1,59,549,281,268
050,27,099,"Minnesota","Mower County",1,60,550,288,262
050,27,099,"Minnesota","Mower County",1,61,526,277,249
050,27,099,"Minnesota","Mower County",1,62,513,262,251
050,27,099,"Minnesota","Mower County",1,63,470,233,237
050,27,099,"Minnesota","Mower County",1,64,487,256,231
050,27,099,"Minnesota","Mower County",1,65,462,239,223
050,27,099,"Minnesota","Mower County",1,66,431,222,209
050,27,099,"Minnesota","Mower County",1,67,407,212,195
050,27,099,"Minnesota","Mower County",1,68,435,232,203
050,27,099,"Minnesota","Mower County",1,69,407,211,196
050,27,099,"Minnesota","Mower County",1,70,400,201,199
050,27,099,"Minnesota","Mower County",1,71,385,198,187
050,27,099,"Minnesota","Mower County",1,72,371,171,200
050,27,099,"Minnesota","Mower County",1,73,378,181,197
050,27,099,"Minnesota","Mower County",1,74,247,122,125
050,27,099,"Minnesota","Mower County",1,75,240,114,126
050,27,099,"Minnesota","Mower County",1,76,234,108,126
050,27,099,"Minnesota","Mower County",1,77,249,110,139
050,27,099,"Minnesota","Mower County",1,78,230,93,137
050,27,099,"Minnesota","Mower County",1,79,208,93,115
050,27,099,"Minnesota","Mower County",1,80,200,87,113
050,27,099,"Minnesota","Mower County",1,81,193,79,114
050,27,099,"Minnesota","Mower County",1,82,163,68,95
050,27,099,"Minnesota","Mower County",1,83,169,70,99
050,27,099,"Minnesota","Mower County",1,84,151,63,88
050,27,099,"Minnesota","Mower County",1,85,1222,403,819
050,27,099,"Minnesota","Mower County",2,0,533,280,253
050,27,099,"Minnesota","Mower County",2,1,535,272,263
050,27,099,"Minnesota","Mower County",2,2,509,249,260
050,27,099,"Minnesota","Mower County",2,3,534,265,269
050,27,099,"Minnesota","Mower County",2,4,544,262,282
050,27,099,"Minnesota","Mower County",2,5,572,284,288
050,27,099,"Minnesota","Mower County",2,6,565,284,281
050,27,099,"Minnesota","Mower County",2,7,539,268,271
050,27,099,"Minnesota","Mower County",2,8,559,284,275
050,27,099,"Minnesota","Mower County",2,9,546,269,277
050,27,099,"Minnesota","Mower County",2,10,596,291,305
050,27,099,"Minnesota","Mower County",2,11,622,312,310
050,27,099,"Minnesota","Mower County",2,12,635,318,317
050,27,099,"Minnesota","Mower County",2,13,601,301,300
050,27,099,"Minnesota","Mower County",2,14,565,296,269
050,27,099,"Minnesota","Mower County",2,15,586,318,268
050,27,099,"Minnesota","Mower County",2,16,599,325,274
050,27,099,"Minnesota","Mower County",2,17,590,325,265
050,27,099,"Minnesota","Mower County",2,18,521,280,241
050,27,099,"Minnesota","Mower County",2,19,459,246,213
050,27,099,"Minnesota","Mower County",2,20,470,260,210
050,27,099,"Minnesota","Mower County",2,21,460,251,209
050,27,099,"Minnesota","Mower County",2,22,453,237,216
050,27,099,"Minnesota","Mower County",2,23,449,241,208
050,27,099,"Minnesota","Mower County",2,24,457,249,208
050,27,099,"Minnesota","Mower County",2,25,450,243,207
050,27,099,"Minnesota","Mower County",2,26,432,235,197
050,27,099,"Minnesota","Mower County",2,27,467,241,226
050,27,099,"Minnesota","Mower County",2,28,497,255,242
050,27,099,"Minnesota","Mower County",2,29,474,247,227
050,27,099,"Minnesota","Mower County",2,30,492,271,221
050,27,099,"Minnesota","Mower County",2,31,486,251,235
050,27,099,"Minnesota","Mower County",2,32,481,243,238
050,27,099,"Minnesota","Mower County",2,33,489,253,236
050,27,099,"Minnesota","Mower County",2,34,508,256,252
050,27,099,"Minnesota","Mower County",2,35,507,259,248
050,27,099,"Minnesota","Mower County",2,36,498,249,249
050,27,099,"Minnesota","Mower County",2,37,518,271,247
050,27,099,"Minnesota","Mower County",2,38,500,264,236
050,27,099,"Minnesota","Mower County",2,39,519,274,245
050,27,099,"Minnesota","Mower County",2,40,544,275,269
050,27,099,"Minnesota","Mower County",2,41,498,263,235
050,27,099,"Minnesota","Mower County",2,42,455,237,218
050,27,099,"Minnesota","Mower County",2,43,432,211,221
050,27,099,"Minnesota","Mower County",2,44,412,196,216
050,27,099,"Minnesota","Mower County",2,45,438,215,223
050,27,099,"Minnesota","Mower County",2,46,435,226,209
050,27,099,"Minnesota","Mower County",2,47,452,240,212
050,27,099,"Minnesota","Mower County",2,48,455,242,213
050,27,099,"Minnesota","Mower County",2,49,477,250,227
050,27,099,"Minnesota","Mower County",2,50,477,246,231
050,27,099,"Minnesota","Mower County",2,51,443,228,215
050,27,099,"Minnesota","Mower County",2,52,426,224,202
050,27,099,"Minnesota","Mower County",2,53,444,226,218
050,27,099,"Minnesota","Mower County",2,54,465,244,221
050,27,099,"Minnesota","Mower County",2,55,500,262,238
050,27,099,"Minnesota","Mower County",2,56,517,271,246
050,27,099,"Minnesota","Mower County",2,57,518,260,258
050,27,099,"Minnesota","Mower County",2,58,544,268,276
050,27,099,"Minnesota","Mower County",2,59,553,281,272
050,27,099,"Minnesota","Mower County",2,60,547,285,262
050,27,099,"Minnesota","Mower County",2,61,530,278,252
050,27,099,"Minnesota","Mower County",2,62,511,263,248
050,27,099,"Minnesota","Mower County",2,63,486,243,243
050,27,099,"Minnesota","Mower County",2,64,475,248,227
050,27,099,"Minnesota","Mower County",2,65,464,240,224
050,27,099,"Minnesota","Mower County",2,66,438,226,212
050,27,099,"Minnesota","Mower County",2,67,411,215,196
050,27,099,"Minnesota","Mower County",2,68,423,224,199
050,27,099,"Minnesota","Mower County",2,69,417,219,198
050,27,099,"Minnesota","Mower County",2,70,399,202,197
050,27,099,"Minnesota","Mower County",2,71,386,199,187
050,27,099,"Minnesota","Mower County",2,72,367,172,195
050,27,099,"Minnesota","Mower County",2,73,393,187,206
050,27,099,"Minnesota","Mower County",2,74,260,128,132
050,27,099,"Minnesota","Mower County",2,75,241,115,126
050,27,099,"Minnesota","Mower County",2,76,232,108,124
050,27,099,"Minnesota","Mower County",2,77,253,113,140
050,27,099,"Minnesota","Mower County",2,78,227,93,134
050,27,099,"Minnesota","Mower County",2,79,212,92,120
050,27,099,"Minnesota","Mower County",2,80,202,89,113
050,27,099,"Minnesota","Mower County",2,81,194,81,113
050,27,099,"Minnesota","Mower County",2,82,168,71,97
050,27,099,"Minnesota","Mower County",2,83,164,68,96
050,27,099,"Minnesota","Mower County",2,84,148,62,86
050,27,099,"Minnesota","Mower County",2,85,1209,398,811
050,27,099,"Minnesota","Mower County",3,0,473,231,242
050,27,099,"Minnesota","Mower County",3,1,524,269,255
050,27,099,"Minnesota","Mower County",3,2,545,272,273
050,27,099,"Minnesota","Mower County",3,3,526,267,259
050,27,099,"Minnesota","Mower County",3,4,538,262,276
050,27,099,"Minnesota","Mower County",3,5,552,260,292
050,27,099,"Minnesota","Mower County",3,6,579,286,293
050,27,099,"Minnesota","Mower County",3,7,583,289,294
050,27,099,"Minnesota","Mower County",3,8,541,278,263
050,27,099,"Minnesota","Mower County",3,9,560,280,280
050,27,099,"Minnesota","Mower County",3,10,563,276,287
050,27,099,"Minnesota","Mower County",3,11,596,294,302
050,27,099,"Minnesota","Mower County",3,12,634,321,313
050,27,099,"Minnesota","Mower County",3,13,643,321,322
050,27,099,"Minnesota","Mower County",3,14,603,298,305
050,27,099,"Minnesota","Mower County",3,15,559,291,268
050,27,099,"Minnesota","Mower County",3,16,586,315,271
050,27,099,"Minnesota","Mower County",3,17,590,325,265
050,27,099,"Minnesota","Mower County",3,18,532,298,234
050,27,099,"Minnesota","Mower County",3,19,467,255,212
050,27,099,"Minnesota","Mower County",3,20,491,265,226
050,27,099,"Minnesota","Mower County",3,21,496,276,220
050,27,099,"Minnesota","Mower County",3,22,467,257,210
050,27,099,"Minnesota","Mower County",3,23,484,246,238
050,27,099,"Minnesota","Mower County",3,24,447,224,223
050,27,099,"Minnesota","Mower County",3,25,447,237,210
050,27,099,"Minnesota","Mower County",3,26,462,256,206
050,27,099,"Minnesota","Mower County",3,27,407,224,183
050,27,099,"Minnesota","Mower County",3,28,488,246,242
050,27,099,"Minnesota","Mower County",3,29,483,235,248
050,27,099,"Minnesota","Mower County",3,30,493,259,234
050,27,099,"Minnesota","Mower County",3,31,513,285,228
050,27,099,"Minnesota","Mower County",3,32,491,252,239
050,27,099,"Minnesota","Mower County",3,33,486,249,237
050,27,099,"Minnesota","Mower County",3,34,496,247,249
050,27,099,"Minnesota","Mower County",3,35,503,262,241
050,27,099,"Minnesota","Mower County",3,36,506,260,246
050,27,099,"Minnesota","Mower County",3,37,518,268,250
050,27,099,"Minnesota","Mower County",3,38,522,268,254
050,27,099,"Minnesota","Mower County",3,39,492,260,232
050,27,099,"Minnesota","Mower County",3,40,532,278,254
050,27,099,"Minnesota","Mower County",3,41,529,272,257
050,27,099,"Minnesota","Mower County",3,42,497,266,231
050,27,099,"Minnesota","Mower County",3,43,460,242,218
050,27,099,"Minnesota","Mower County",3,44,433,216,217
050,27,099,"Minnesota","Mower County",3,45,413,201,212
050,27,099,"Minnesota","Mower County",3,46,436,215,221
050,27,099,"Minnesota","Mower County",3,47,448,232,216
050,27,099,"Minnesota","Mower County",3,48,450,237,213
050,27,099,"Minnesota","Mower County",3,49,452,238,214
050,27,099,"Minnesota","Mower County",3,50,481,250,231
050,27,099,"Minnesota","Mower County",3,51,477,249,228
050,27,099,"Minnesota","Mower County",3,52,441,229,212
050,27,099,"Minnesota","Mower County",3,53,426,225,201
050,27,099,"Minnesota","Mower County",3,54,439,227,212
050,27,099,"Minnesota","Mower County",3,55,451,232,219
050,27,099,"Minnesota","Mower County",3,56,495,261,234
050,27,099,"Minnesota","Mower County",3,57,506,265,241
050,27,099,"Minnesota","Mower County",3,58,522,257,265
050,27,099,"Minnesota","Mower County",3,59,535,269,266
050,27,099,"Minnesota","Mower County",3,60,542,269,273
050,27,099,"Minnesota","Mower County",3,61,534,279,255
050,27,099,"Minnesota","Mower County",3,62,526,275,251
050,27,099,"Minnesota","Mower County",3,63,497,257,240
050,27,099,"Minnesota","Mower County",3,64,470,235,235
050,27,099,"Minnesota","Mower County",3,65,465,239,226
050,27,099,"Minnesota","Mower County",3,66,465,243,222
050,27,099,"Minnesota","Mower County",3,67,431,225,206
050,27,099,"Minnesota","Mower County",3,68,408,213,195
050,27,099,"Minnesota","Mower County",3,69,420,224,196
050,27,099,"Minnesota","Mower County",3,70,405,212,193
050,27,099,"Minnesota","Mower County",3,71,393,198,195
050,27,099,"Minnesota","Mower County",3,72,381,190,191
050,27,099,"Minnesota","Mower County",3,73,348,167,181
050,27,099,"Minnesota","Mower County",3,74,388,181,207
050,27,099,"Minnesota","Mower County",3,75,244,120,124
050,27,099,"Minnesota","Mower County",3,76,227,108,119
050,27,099,"Minnesota","Mower County",3,77,223,108,115
050,27,099,"Minnesota","Mower County",3,78,244,105,139
050,27,099,"Minnesota","Mower County",3,79,218,87,131
050,27,099,"Minnesota","Mower County",3,80,200,86,114
050,27,099,"Minnesota","Mower County",3,81,200,91,109
050,27,099,"Minnesota","Mower County",3,82,182,75,107
050,27,099,"Minnesota","Mower County",3,83,159,68,91
050,27,099,"Minnesota","Mower County",3,84,144,62,82
050,27,099,"Minnesota","Mower County",3,85,1196,397,799
050,27,099,"Minnesota","Mower County",4,0,499,239,260
050,27,099,"Minnesota","Mower County",4,1,500,236,264
050,27,099,"Minnesota","Mower County",4,2,522,264,258
050,27,099,"Minnesota","Mower County",4,3,540,267,273
050,27,099,"Minnesota","Mower County",4,4,513,265,248
050,27,099,"Minnesota","Mower County",4,5,537,257,280
050,27,099,"Minnesota","Mower County",4,6,556,268,288
050,27,099,"Minnesota","Mower County",4,7,572,284,288
050,27,099,"Minnesota","Mower County",4,8,590,290,300
050,27,099,"Minnesota","Mower County",4,9,555,277,278
050,27,099,"Minnesota","Mower County",4,10,558,274,284
050,27,099,"Minnesota","Mower County",4,11,547,265,282
050,27,099,"Minnesota","Mower County",4,12,592,295,297
050,27,099,"Minnesota","Mower County",4,13,641,325,316
050,27,099,"Minnesota","Mower County",4,14,620,302,318
050,27,099,"Minnesota","Mower County",4,15,618,306,312
050,27,099,"Minnesota","Mower County",4,16,558,289,269
050,27,099,"Minnesota","Mower County",4,17,597,320,277
050,27,099,"Minnesota","Mower County",4,18,535,297,238
050,27,099,"Minnesota","Mower County",4,19,461,260,201
050,27,099,"Minnesota","Mower County",4,20,455,250,205
050,27,099,"Minnesota","Mower County",4,21,489,264,225
050,27,099,"Minnesota","Mower County",4,22,502,280,222
050,27,099,"Minnesota","Mower County",4,23,481,258,223
050,27,099,"Minnesota","Mower County",4,24,460,245,215
050,27,099,"Minnesota","Mower County",4,25,448,237,211
050,27,099,"Minnesota","Mower County",4,26,449,236,213
050,27,099,"Minnesota","Mower County",4,27,455,255,200
050,27,099,"Minnesota","Mower County",4,28,416,230,186
050,27,099,"Minnesota","Mower County",4,29,490,239,251
050,27,099,"Minnesota","Mower County",4,30,509,247,262
050,27,099,"Minnesota","Mower County",4,31,487,257,230
050,27,099,"Minnesota","Mower County",4,32,518,292,226
050,27,099,"Minnesota","Mower County",4,33,509,264,245
050,27,099,"Minnesota","Mower County",4,34,480,246,234
050,27,099,"Minnesota","Mower County",4,35,486,245,241
050,27,099,"Minnesota","Mower County",4,36,491,245,246
050,27,099,"Minnesota","Mower County",4,37,526,275,251
050,27,099,"Minnesota","Mower County",4,38,510,254,256
050,27,099,"Minnesota","Mower County",4,39,508,258,250
050,27,099,"Minnesota","Mower County",4,40,490,257,233
050,27,099,"Minnesota","Mower County",4,41,508,262,246
050,27,099,"Minnesota","Mower County",4,42,517,266,251
050,27,099,"Minnesota","Mower County",4,43,499,269,230
050,27,099,"Minnesota","Mower County",4,44,452,238,214
050,27,099,"Minnesota","Mower County",4,45,430,212,218
050,27,099,"Minnesota","Mower County",4,46,409,204,205
050,27,099,"Minnesota","Mower County",4,47,437,216,221
050,27,099,"Minnesota","Mower County",4,48,439,227,212
050,27,099,"Minnesota","Mower County",4,49,445,235,210
050,27,099,"Minnesota","Mower County",4,50,455,241,214
050,27,099,"Minnesota","Mower County",4,51,478,252,226
050,27,099,"Minnesota","Mower County",4,52,482,251,231
050,27,099,"Minnesota","Mower County",4,53,445,227,218
050,27,099,"Minnesota","Mower County",4,54,417,223,194
050,27,099,"Minnesota","Mower County",4,55,420,208,212
050,27,099,"Minnesota","Mower County",4,56,448,231,217
050,27,099,"Minnesota","Mower County",4,57,493,257,236
050,27,099,"Minnesota","Mower County",4,58,491,252,239
050,27,099,"Minnesota","Mower County",4,59,530,259,271
050,27,099,"Minnesota","Mower County",4,60,526,262,264
050,27,099,"Minnesota","Mower County",4,61,532,263,269
050,27,099,"Minnesota","Mower County",4,62,522,273,249
050,27,099,"Minnesota","Mower County",4,63,526,274,252
050,27,099,"Minnesota","Mower County",4,64,483,254,229
050,27,099,"Minnesota","Mower County",4,65,456,223,233
050,27,099,"Minnesota","Mower County",4,66,461,235,226
050,27,099,"Minnesota","Mower County",4,67,457,244,213
050,27,099,"Minnesota","Mower County",4,68,413,218,195
050,27,099,"Minnesota","Mower County",4,69,401,211,190
050,27,099,"Minnesota","Mower County",4,70,413,218,195
050,27,099,"Minnesota","Mower County",4,71,396,208,188
050,27,099,"Minnesota","Mower County",4,72,388,190,198
050,27,099,"Minnesota","Mower County",4,73,368,190,178
050,27,099,"Minnesota","Mower County",4,74,333,164,169
050,27,099,"Minnesota","Mower County",4,75,369,166,203
050,27,099,"Minnesota","Mower County",4,76,236,114,122
050,27,099,"Minnesota","Mower County",4,77,222,108,114
050,27,099,"Minnesota","Mower County",4,78,210,98,112
050,27,099,"Minnesota","Mower County",4,79,226,91,135
050,27,099,"Minnesota","Mower County",4,80,209,84,125
050,27,099,"Minnesota","Mower County",4,81,201,89,112
050,27,099,"Minnesota","Mower County",4,82,185,84,101
050,27,099,"Minnesota","Mower County",4,83,170,74,96
050,27,099,"Minnesota","Mower County",4,84,140,63,77
050,27,099,"Minnesota","Mower County",4,85,1142,380,762
050,27,099,"Minnesota","Mower County",5,0,502,239,263
050,27,099,"Minnesota","Mower County",5,1,482,228,254
050,27,099,"Minnesota","Mower County",5,2,502,233,269
050,27,099,"Minnesota","Mower County",5,3,532,272,260
050,27,099,"Minnesota","Mower County",5,4,518,262,256
050,27,099,"Minnesota","Mower County",5,5,509,262,247
050,27,099,"Minnesota","Mower County",5,6,531,249,282
050,27,099,"Minnesota","Mower County",5,7,546,257,289
050,27,099,"Minnesota","Mower County",5,8,579,290,289
050,27,099,"Minnesota","Mower County",5,9,585,284,301
050,27,099,"Minnesota","Mower County",5,10,567,284,283
050,27,099,"Minnesota","Mower County",5,11,560,273,287
050,27,099,"Minnesota","Mower County",5,12,567,277,290
050,27,099,"Minnesota","Mower County",5,13,600,299,301
050,27,099,"Minnesota","Mower County",5,14,640,322,318
050,27,099,"Minnesota","Mower County",5,15,641,309,332
050,27,099,"Minnesota","Mower County",5,16,619,308,311
050,27,099,"Minnesota","Mower County",5,17,563,291,272
050,27,099,"Minnesota","Mower County",5,18,544,305,239
050,27,099,"Minnesota","Mower County",5,19,465,258,207
050,27,099,"Minnesota","Mower County",5,20,467,263,204
050,27,099,"Minnesota","Mower County",5,21,488,264,224
050,27,099,"Minnesota","Mower County",5,22,514,277,237
050,27,099,"Minnesota","Mower County",5,23,504,282,222
050,27,099,"Minnesota","Mower County",5,24,464,248,216
050,27,099,"Minnesota","Mower County",5,25,443,236,207
050,27,099,"Minnesota","Mower County",5,26,450,236,214
050,27,099,"Minnesota","Mower County",5,27,443,234,209
050,27,099,"Minnesota","Mower County",5,28,466,256,210
050,27,099,"Minnesota","Mower County",5,29,440,236,204
050,27,099,"Minnesota","Mower County",5,30,511,249,262
050,27,099,"Minnesota","Mower County",5,31,496,235,261
050,27,099,"Minnesota","Mower County",5,32,476,257,219
050,27,099,"Minnesota","Mower County",5,33,529,302,227
050,27,099,"Minnesota","Mower County",5,34,506,261,245
050,27,099,"Minnesota","Mower County",5,35,485,245,240
050,27,099,"Minnesota","Mower County",5,36,495,245,250
050,27,099,"Minnesota","Mower County",5,37,502,261,241
050,27,099,"Minnesota","Mower County",5,38,525,271,254
050,27,099,"Minnesota","Mower County",5,39,512,255,257
050,27,099,"Minnesota","Mower County",5,40,519,262,257
050,27,099,"Minnesota","Mower County",5,41,494,255,239
050,27,099,"Minnesota","Mower County",5,42,499,260,239
050,27,099,"Minnesota","Mower County",5,43,535,273,262
050,27,099,"Minnesota","Mower County",5,44,499,267,232
050,27,099,"Minnesota","Mower County",5,45,451,236,215
050,27,099,"Minnesota","Mower County",5,46,433,211,222
050,27,099,"Minnesota","Mower County",5,47,422,209,213
050,27,099,"Minnesota","Mower County",5,48,436,214,222
050,27,099,"Minnesota","Mower County",5,49,428,221,207
050,27,099,"Minnesota","Mower County",5,50,439,234,205
050,27,099,"Minnesota","Mower County",5,51,457,247,210
050,27,099,"Minnesota","Mower County",5,52,472,248,224
050,27,099,"Minnesota","Mower County",5,53,483,251,232
050,27,099,"Minnesota","Mower County",5,54,443,222,221
050,27,099,"Minnesota","Mower County",5,55,401,205,196
050,27,099,"Minnesota","Mower County",5,56,414,209,205
050,27,099,"Minnesota","Mower County",5,57,435,224,211
050,27,099,"Minnesota","Mower County",5,58,492,255,237
050,27,099,"Minnesota","Mower County",5,59,484,252,232
050,27,099,"Minnesota","Mower County",5,60,518,249,269
050,27,099,"Minnesota","Mower County",5,61,521,265,256
050,27,099,"Minnesota","Mower County",5,62,519,257,262
050,27,099,"Minnesota","Mower County",5,63,511,265,246
050,27,099,"Minnesota","Mower County",5,64,513,267,246
050,27,099,"Minnesota","Mower County",5,65,480,252,228
050,27,099,"Minnesota","Mower County",5,66,447,215,232
050,27,099,"Minnesota","Mower County",5,67,446,231,215
050,27,099,"Minnesota","Mower County",5,68,453,240,213
050,27,099,"Minnesota","Mower County",5,69,411,216,195
050,27,099,"Minnesota","Mower County",5,70,394,203,191
050,27,099,"Minnesota","Mower County",5,71,408,215,193
050,27,099,"Minnesota","Mower County",5,72,387,199,188
050,27,099,"Minnesota","Mower County",5,73,370,184,186
050,27,099,"Minnesota","Mower County",5,74,363,189,174
050,27,099,"Minnesota","Mower County",5,75,314,152,162
050,27,099,"Minnesota","Mower County",5,76,348,158,190
050,27,099,"Minnesota","Mower County",5,77,236,115,121
050,27,099,"Minnesota","Mower County",5,78,204,98,106
050,27,099,"Minnesota","Mower County",5,79,193,85,108
050,27,099,"Minnesota","Mower County",5,80,220,88,132
050,27,099,"Minnesota","Mower County",5,81,197,79,118
050,27,099,"Minnesota","Mower County",5,82,182,79,103
050,27,099,"Minnesota","Mower County",5,83,170,78,92
050,27,099,"Minnesota","Mower County",5,84,151,71,80
050,27,099,"Minnesota","Mower County",5,85,1098,360,738
050,27,101,"Minnesota","Murray County",1,0,88,45,43
050,27,101,"Minnesota","Murray County",1,1,87,41,46
050,27,101,"Minnesota","Murray County",1,2,78,40,38
050,27,101,"Minnesota","Murray County",1,3,91,42,49
050,27,101,"Minnesota","Murray County",1,4,103,50,53
050,27,101,"Minnesota","Murray County",1,5,91,50,41
050,27,101,"Minnesota","Murray County",1,6,101,49,52
050,27,101,"Minnesota","Murray County",1,7,97,46,51
050,27,101,"Minnesota","Murray County",1,8,97,57,40
050,27,101,"Minnesota","Murray County",1,9,93,52,41
050,27,101,"Minnesota","Murray County",1,10,108,57,51
050,27,101,"Minnesota","Murray County",1,11,107,58,49
050,27,101,"Minnesota","Murray County",1,12,120,61,59
050,27,101,"Minnesota","Murray County",1,13,113,53,60
050,27,101,"Minnesota","Murray County",1,14,114,57,57
050,27,101,"Minnesota","Murray County",1,15,101,48,53
050,27,101,"Minnesota","Murray County",1,16,102,51,51
050,27,101,"Minnesota","Murray County",1,17,99,48,51
050,27,101,"Minnesota","Murray County",1,18,91,46,45
050,27,101,"Minnesota","Murray County",1,19,82,44,38
050,27,101,"Minnesota","Murray County",1,20,71,41,30
050,27,101,"Minnesota","Murray County",1,21,73,39,34
050,27,101,"Minnesota","Murray County",1,22,79,33,46
050,27,101,"Minnesota","Murray County",1,23,71,33,38
050,27,101,"Minnesota","Murray County",1,24,73,38,35
050,27,101,"Minnesota","Murray County",1,25,72,35,37
050,27,101,"Minnesota","Murray County",1,26,73,35,38
050,27,101,"Minnesota","Murray County",1,27,68,33,35
050,27,101,"Minnesota","Murray County",1,28,70,32,38
050,27,101,"Minnesota","Murray County",1,29,75,41,34
050,27,101,"Minnesota","Murray County",1,30,71,35,36
050,27,101,"Minnesota","Murray County",1,31,57,30,27
050,27,101,"Minnesota","Murray County",1,32,70,42,28
050,27,101,"Minnesota","Murray County",1,33,84,46,38
050,27,101,"Minnesota","Murray County",1,34,83,43,40
050,27,101,"Minnesota","Murray County",1,35,95,47,48
050,27,101,"Minnesota","Murray County",1,36,79,43,36
050,27,101,"Minnesota","Murray County",1,37,102,52,50
050,27,101,"Minnesota","Murray County",1,38,92,47,45
050,27,101,"Minnesota","Murray County",1,39,95,47,48
050,27,101,"Minnesota","Murray County",1,40,93,47,46
050,27,101,"Minnesota","Murray County",1,41,93,47,46
050,27,101,"Minnesota","Murray County",1,42,90,48,42
050,27,101,"Minnesota","Murray County",1,43,86,43,43
050,27,101,"Minnesota","Murray County",1,44,93,52,41
050,27,101,"Minnesota","Murray County",1,45,71,33,38
050,27,101,"Minnesota","Murray County",1,46,74,36,38
050,27,101,"Minnesota","Murray County",1,47,75,41,34
050,27,101,"Minnesota","Murray County",1,48,82,42,40
050,27,101,"Minnesota","Murray County",1,49,88,47,41
050,27,101,"Minnesota","Murray County",1,50,93,44,49
050,27,101,"Minnesota","Murray County",1,51,93,46,47
050,27,101,"Minnesota","Murray County",1,52,86,39,47
050,27,101,"Minnesota","Murray County",1,53,88,45,43
050,27,101,"Minnesota","Murray County",1,54,102,54,48
050,27,101,"Minnesota","Murray County",1,55,108,59,49
050,27,101,"Minnesota","Murray County",1,56,117,62,55
050,27,101,"Minnesota","Murray County",1,57,130,66,64
050,27,101,"Minnesota","Murray County",1,58,119,61,58
050,27,101,"Minnesota","Murray County",1,59,130,69,61
050,27,101,"Minnesota","Murray County",1,60,131,69,62
050,27,101,"Minnesota","Murray County",1,61,125,63,62
050,27,101,"Minnesota","Murray County",1,62,144,69,75
050,27,101,"Minnesota","Murray County",1,63,132,62,70
050,27,101,"Minnesota","Murray County",1,64,140,69,71
050,27,101,"Minnesota","Murray County",1,65,122,59,63
050,27,101,"Minnesota","Murray County",1,66,133,67,66
050,27,101,"Minnesota","Murray County",1,67,135,73,62
050,27,101,"Minnesota","Murray County",1,68,134,70,64
050,27,101,"Minnesota","Murray County",1,69,118,65,53
050,27,101,"Minnesota","Murray County",1,70,117,66,51
050,27,101,"Minnesota","Murray County",1,71,111,64,47
050,27,101,"Minnesota","Murray County",1,72,97,50,47
050,27,101,"Minnesota","Murray County",1,73,96,45,51
050,27,101,"Minnesota","Murray County",1,74,77,39,38
050,27,101,"Minnesota","Murray County",1,75,76,38,38
050,27,101,"Minnesota","Murray County",1,76,86,45,41
050,27,101,"Minnesota","Murray County",1,77,83,41,42
050,27,101,"Minnesota","Murray County",1,78,70,36,34
050,27,101,"Minnesota","Murray County",1,79,65,30,35
050,27,101,"Minnesota","Murray County",1,80,63,27,36
050,27,101,"Minnesota","Murray County",1,81,57,26,31
050,27,101,"Minnesota","Murray County",1,82,50,23,27
050,27,101,"Minnesota","Murray County",1,83,39,17,22
050,27,101,"Minnesota","Murray County",1,84,44,19,25
050,27,101,"Minnesota","Murray County",1,85,296,117,179
050,27,101,"Minnesota","Murray County",2,0,87,42,45
050,27,101,"Minnesota","Murray County",2,1,84,40,44
050,27,101,"Minnesota","Murray County",2,2,81,40,41
050,27,101,"Minnesota","Murray County",2,3,87,41,46
050,27,101,"Minnesota","Murray County",2,4,102,49,53
050,27,101,"Minnesota","Murray County",2,5,94,50,44
050,27,101,"Minnesota","Murray County",2,6,98,49,49
050,27,101,"Minnesota","Murray County",2,7,100,48,52
050,27,101,"Minnesota","Murray County",2,8,95,54,41
050,27,101,"Minnesota","Murray County",2,9,94,53,41
050,27,101,"Minnesota","Murray County",2,10,104,56,48
050,27,101,"Minnesota","Murray County",2,11,108,59,49
050,27,101,"Minnesota","Murray County",2,12,119,62,57
050,27,101,"Minnesota","Murray County",2,13,115,55,60
050,27,101,"Minnesota","Murray County",2,14,114,56,58
050,27,101,"Minnesota","Murray County",2,15,105,50,55
050,27,101,"Minnesota","Murray County",2,16,101,50,51
050,27,101,"Minnesota","Murray County",2,17,100,49,51
050,27,101,"Minnesota","Murray County",2,18,89,45,44
050,27,101,"Minnesota","Murray County",2,19,82,43,39
050,27,101,"Minnesota","Murray County",2,20,75,42,33
050,27,101,"Minnesota","Murray County",2,21,75,40,35
050,27,101,"Minnesota","Murray County",2,22,77,34,43
050,27,101,"Minnesota","Murray County",2,23,72,32,40
050,27,101,"Minnesota","Murray County",2,24,72,37,35
050,27,101,"Minnesota","Murray County",2,25,71,35,36
050,27,101,"Minnesota","Murray County",2,26,72,35,37
050,27,101,"Minnesota","Murray County",2,27,68,32,36
050,27,101,"Minnesota","Murray County",2,28,67,32,35
050,27,101,"Minnesota","Murray County",2,29,75,39,36
050,27,101,"Minnesota","Murray County",2,30,74,38,36
050,27,101,"Minnesota","Murray County",2,31,59,31,28
050,27,101,"Minnesota","Murray County",2,32,66,39,27
050,27,101,"Minnesota","Murray County",2,33,80,45,35
050,27,101,"Minnesota","Murray County",2,34,82,43,39
050,27,101,"Minnesota","Murray County",2,35,93,46,47
050,27,101,"Minnesota","Murray County",2,36,82,43,39
050,27,101,"Minnesota","Murray County",2,37,97,50,47
050,27,101,"Minnesota","Murray County",2,38,95,49,46
050,27,101,"Minnesota","Murray County",2,39,94,47,47
050,27,101,"Minnesota","Murray County",2,40,94,48,46
050,27,101,"Minnesota","Murray County",2,41,92,47,45
050,27,101,"Minnesota","Murray County",2,42,90,48,42
050,27,101,"Minnesota","Murray County",2,43,88,45,43
050,27,101,"Minnesota","Murray County",2,44,89,49,40
050,27,101,"Minnesota","Murray County",2,45,76,37,39
050,27,101,"Minnesota","Murray County",2,46,74,36,38
050,27,101,"Minnesota","Murray County",2,47,72,38,34
050,27,101,"Minnesota","Murray County",2,48,81,43,38
050,27,101,"Minnesota","Murray County",2,49,87,45,42
050,27,101,"Minnesota","Murray County",2,50,90,43,47
050,27,101,"Minnesota","Murray County",2,51,93,46,47
050,27,101,"Minnesota","Murray County",2,52,88,41,47
050,27,101,"Minnesota","Murray County",2,53,86,42,44
050,27,101,"Minnesota","Murray County",2,54,99,51,48
050,27,101,"Minnesota","Murray County",2,55,107,58,49
050,27,101,"Minnesota","Murray County",2,56,116,62,54
050,27,101,"Minnesota","Murray County",2,57,129,66,63
050,27,101,"Minnesota","Murray County",2,58,122,62,60
050,27,101,"Minnesota","Murray County",2,59,127,67,60
050,27,101,"Minnesota","Murray County",2,60,129,68,61
050,27,101,"Minnesota","Murray County",2,61,127,65,62
050,27,101,"Minnesota","Murray County",2,62,140,67,73
050,27,101,"Minnesota","Murray County",2,63,138,65,73
050,27,101,"Minnesota","Murray County",2,64,137,67,70
050,27,101,"Minnesota","Murray County",2,65,126,61,65
050,27,101,"Minnesota","Murray County",2,66,130,65,65
050,27,101,"Minnesota","Murray County",2,67,135,71,64
050,27,101,"Minnesota","Murray County",2,68,133,70,63
050,27,101,"Minnesota","Murray County",2,69,123,67,56
050,27,101,"Minnesota","Murray County",2,70,116,65,51
050,27,101,"Minnesota","Murray County",2,71,113,65,48
050,27,101,"Minnesota","Murray County",2,72,98,52,46
050,27,101,"Minnesota","Murray County",2,73,100,48,52
050,27,101,"Minnesota","Murray County",2,74,77,38,39
050,27,101,"Minnesota","Murray County",2,75,76,38,38
050,27,101,"Minnesota","Murray County",2,76,84,44,40
050,27,101,"Minnesota","Murray County",2,77,85,43,42
050,27,101,"Minnesota","Murray County",2,78,73,37,36
050,27,101,"Minnesota","Murray County",2,79,66,32,34
050,27,101,"Minnesota","Murray County",2,80,62,27,35
050,27,101,"Minnesota","Murray County",2,81,58,26,32
050,27,101,"Minnesota","Murray County",2,82,53,24,29
050,27,101,"Minnesota","Murray County",2,83,41,18,23
050,27,101,"Minnesota","Murray County",2,84,41,17,24
050,27,101,"Minnesota","Murray County",2,85,300,121,179
050,27,101,"Minnesota","Murray County",3,0,76,39,37
050,27,101,"Minnesota","Murray County",3,1,102,47,55
050,27,101,"Minnesota","Murray County",3,2,85,40,45
050,27,101,"Minnesota","Murray County",3,3,83,43,40
050,27,101,"Minnesota","Murray County",3,4,86,44,42
050,27,101,"Minnesota","Murray County",3,5,108,52,56
050,27,101,"Minnesota","Murray County",3,6,98,54,44
050,27,101,"Minnesota","Murray County",3,7,102,51,51
050,27,101,"Minnesota","Murray County",3,8,100,47,53
050,27,101,"Minnesota","Murray County",3,9,98,56,42
050,27,101,"Minnesota","Murray County",3,10,92,53,39
050,27,101,"Minnesota","Murray County",3,11,100,54,46
050,27,101,"Minnesota","Murray County",3,12,104,58,46
050,27,101,"Minnesota","Murray County",3,13,114,60,54
050,27,101,"Minnesota","Murray County",3,14,111,51,60
050,27,101,"Minnesota","Murray County",3,15,113,55,58
050,27,101,"Minnesota","Murray County",3,16,103,50,53
050,27,101,"Minnesota","Murray County",3,17,101,52,49
050,27,101,"Minnesota","Murray County",3,18,86,43,43
050,27,101,"Minnesota","Murray County",3,19,76,35,41
050,27,101,"Minnesota","Murray County",3,20,81,41,40
050,27,101,"Minnesota","Murray County",3,21,75,36,39
050,27,101,"Minnesota","Murray County",3,22,78,41,37
050,27,101,"Minnesota","Murray County",3,23,75,37,38
050,27,101,"Minnesota","Murray County",3,24,80,38,42
050,27,101,"Minnesota","Murray County",3,25,73,37,36
050,27,101,"Minnesota","Murray County",3,26,79,40,39
050,27,101,"Minnesota","Murray County",3,27,69,36,33
050,27,101,"Minnesota","Murray County",3,28,67,36,31
050,27,101,"Minnesota","Murray County",3,29,73,34,39
050,27,101,"Minnesota","Murray County",3,30,73,38,35
050,27,101,"Minnesota","Murray County",3,31,72,38,34
050,27,101,"Minnesota","Murray County",3,32,62,31,31
050,27,101,"Minnesota","Murray County",3,33,67,41,26
050,27,101,"Minnesota","Murray County",3,34,84,47,37
050,27,101,"Minnesota","Murray County",3,35,81,41,40
050,27,101,"Minnesota","Murray County",3,36,91,46,45
050,27,101,"Minnesota","Murray County",3,37,82,44,38
050,27,101,"Minnesota","Murray County",3,38,102,53,49
050,27,101,"Minnesota","Murray County",3,39,94,47,47
050,27,101,"Minnesota","Murray County",3,40,97,47,50
050,27,101,"Minnesota","Murray County",3,41,94,49,45
050,27,101,"Minnesota","Murray County",3,42,91,47,44
050,27,101,"Minnesota","Murray County",3,43,90,48,42
050,27,101,"Minnesota","Murray County",3,44,87,45,42
050,27,101,"Minnesota","Murray County",3,45,86,45,41
050,27,101,"Minnesota","Murray County",3,46,83,41,42
050,27,101,"Minnesota","Murray County",3,47,74,34,40
050,27,101,"Minnesota","Murray County",3,48,70,38,32
050,27,101,"Minnesota","Murray County",3,49,81,41,40
050,27,101,"Minnesota","Murray County",3,50,82,42,40
050,27,101,"Minnesota","Murray County",3,51,91,42,49
050,27,101,"Minnesota","Murray County",3,52,92,44,48
050,27,101,"Minnesota","Murray County",3,53,89,42,47
050,27,101,"Minnesota","Murray County",3,54,84,40,44
050,27,101,"Minnesota","Murray County",3,55,99,50,49
050,27,101,"Minnesota","Murray County",3,56,106,59,47
050,27,101,"Minnesota","Murray County",3,57,113,58,55
050,27,101,"Minnesota","Murray County",3,58,125,66,59
050,27,101,"Minnesota","Murray County",3,59,120,61,59
050,27,101,"Minnesota","Murray County",3,60,125,65,60
050,27,101,"Minnesota","Murray County",3,61,129,67,62
050,27,101,"Minnesota","Murray County",3,62,128,70,58
050,27,101,"Minnesota","Murray County",3,63,141,67,74
050,27,101,"Minnesota","Murray County",3,64,141,67,74
050,27,101,"Minnesota","Murray County",3,65,139,70,69
050,27,101,"Minnesota","Murray County",3,66,125,59,66
050,27,101,"Minnesota","Murray County",3,67,131,64,67
050,27,101,"Minnesota","Murray County",3,68,133,68,65
050,27,101,"Minnesota","Murray County",3,69,130,71,59
050,27,101,"Minnesota","Murray County",3,70,115,65,50
050,27,101,"Minnesota","Murray County",3,71,109,61,48
050,27,101,"Minnesota","Murray County",3,72,110,64,46
050,27,101,"Minnesota","Murray County",3,73,97,50,47
050,27,101,"Minnesota","Murray County",3,74,97,47,50
050,27,101,"Minnesota","Murray County",3,75,73,35,38
050,27,101,"Minnesota","Murray County",3,76,71,37,34
050,27,101,"Minnesota","Murray County",3,77,81,42,39
050,27,101,"Minnesota","Murray County",3,78,80,38,42
050,27,101,"Minnesota","Murray County",3,79,70,38,32
050,27,101,"Minnesota","Murray County",3,80,63,29,34
050,27,101,"Minnesota","Murray County",3,81,58,26,32
050,27,101,"Minnesota","Murray County",3,82,54,23,31
050,27,101,"Minnesota","Murray County",3,83,50,22,28
050,27,101,"Minnesota","Murray County",3,84,43,19,24
050,27,101,"Minnesota","Murray County",3,85,290,121,169
050,27,101,"Minnesota","Murray County",4,0,73,36,37
050,27,101,"Minnesota","Murray County",4,1,82,36,46
050,27,101,"Minnesota","Murray County",4,2,96,47,49
050,27,101,"Minnesota","Murray County",4,3,86,39,47
050,27,101,"Minnesota","Murray County",4,4,87,40,47
050,27,101,"Minnesota","Murray County",4,5,86,44,42
050,27,101,"Minnesota","Murray County",4,6,111,53,58
050,27,101,"Minnesota","Murray County",4,7,101,55,46
050,27,101,"Minnesota","Murray County",4,8,94,54,40
050,27,101,"Minnesota","Murray County",4,9,105,51,54
050,27,101,"Minnesota","Murray County",4,10,98,55,43
050,27,101,"Minnesota","Murray County",4,11,90,52,38
050,27,101,"Minnesota","Murray County",4,12,104,53,51
050,27,101,"Minnesota","Murray County",4,13,103,58,45
050,27,101,"Minnesota","Murray County",4,14,117,62,55
050,27,101,"Minnesota","Murray County",4,15,111,50,61
050,27,101,"Minnesota","Murray County",4,16,109,54,55
050,27,101,"Minnesota","Murray County",4,17,102,48,54
050,27,101,"Minnesota","Murray County",4,18,86,48,38
050,27,101,"Minnesota","Murray County",4,19,69,33,36
050,27,101,"Minnesota","Murray County",4,20,73,34,39
050,27,101,"Minnesota","Murray County",4,21,76,35,41
050,27,101,"Minnesota","Murray County",4,22,77,39,38
050,27,101,"Minnesota","Murray County",4,23,75,40,35
050,27,101,"Minnesota","Murray County",4,24,62,29,33
050,27,101,"Minnesota","Murray County",4,25,70,33,37
050,27,101,"Minnesota","Murray County",4,26,73,35,38
050,27,101,"Minnesota","Murray County",4,27,81,36,45
050,27,101,"Minnesota","Murray County",4,28,72,39,33
050,27,101,"Minnesota","Murray County",4,29,63,34,29
050,27,101,"Minnesota","Murray County",4,30,67,32,35
050,27,101,"Minnesota","Murray County",4,31,68,30,38
050,27,101,"Minnesota","Murray County",4,32,72,39,33
050,27,101,"Minnesota","Murray County",4,33,65,29,36
050,27,101,"Minnesota","Murray County",4,34,68,40,28
050,27,101,"Minnesota","Murray County",4,35,83,44,39
050,27,101,"Minnesota","Murray County",4,36,84,43,41
050,27,101,"Minnesota","Murray County",4,37,89,46,43
050,27,101,"Minnesota","Murray County",4,38,82,45,37
050,27,101,"Minnesota","Murray County",4,39,101,51,50
050,27,101,"Minnesota","Murray County",4,40,93,47,46
050,27,101,"Minnesota","Murray County",4,41,100,47,53
050,27,101,"Minnesota","Murray County",4,42,96,51,45
050,27,101,"Minnesota","Murray County",4,43,92,47,45
050,27,101,"Minnesota","Murray County",4,44,93,50,43
050,27,101,"Minnesota","Murray County",4,45,88,46,42
050,27,101,"Minnesota","Murray County",4,46,85,44,41
050,27,101,"Minnesota","Murray County",4,47,77,40,37
050,27,101,"Minnesota","Murray County",4,48,73,36,37
050,27,101,"Minnesota","Murray County",4,49,71,37,34
050,27,101,"Minnesota","Murray County",4,50,79,40,39
050,27,101,"Minnesota","Murray County",4,51,88,44,44
050,27,101,"Minnesota","Murray County",4,52,90,43,47
050,27,101,"Minnesota","Murray County",4,53,93,45,48
050,27,101,"Minnesota","Murray County",4,54,89,42,47
050,27,101,"Minnesota","Murray County",4,55,83,38,45
050,27,101,"Minnesota","Murray County",4,56,99,50,49
050,27,101,"Minnesota","Murray County",4,57,107,59,48
050,27,101,"Minnesota","Murray County",4,58,114,62,52
050,27,101,"Minnesota","Murray County",4,59,123,65,58
050,27,101,"Minnesota","Murray County",4,60,121,63,58
050,27,101,"Minnesota","Murray County",4,61,125,65,60
050,27,101,"Minnesota","Murray County",4,62,132,69,63
050,27,101,"Minnesota","Murray County",4,63,126,71,55
050,27,101,"Minnesota","Murray County",4,64,139,68,71
050,27,101,"Minnesota","Murray County",4,65,132,64,68
050,27,101,"Minnesota","Murray County",4,66,136,69,67
050,27,101,"Minnesota","Murray County",4,67,124,56,68
050,27,101,"Minnesota","Murray County",4,68,128,63,65
050,27,101,"Minnesota","Murray County",4,69,125,66,59
050,27,101,"Minnesota","Murray County",4,70,126,68,58
050,27,101,"Minnesota","Murray County",4,71,118,68,50
050,27,101,"Minnesota","Murray County",4,72,107,62,45
050,27,101,"Minnesota","Murray County",4,73,109,64,45
050,27,101,"Minnesota","Murray County",4,74,93,47,46
050,27,101,"Minnesota","Murray County",4,75,96,46,50
050,27,101,"Minnesota","Murray County",4,76,73,34,39
050,27,101,"Minnesota","Murray County",4,77,69,36,33
050,27,101,"Minnesota","Murray County",4,78,76,38,38
050,27,101,"Minnesota","Murray County",4,79,76,36,40
050,27,101,"Minnesota","Murray County",4,80,65,34,31
050,27,101,"Minnesota","Murray County",4,81,61,29,32
050,27,101,"Minnesota","Murray County",4,82,59,26,33
050,27,101,"Minnesota","Murray County",4,83,52,21,31
050,27,101,"Minnesota","Murray County",4,84,50,21,29
050,27,101,"Minnesota","Murray County",4,85,278,120,158
050,27,101,"Minnesota","Murray County",5,0,59,32,27
050,27,101,"Minnesota","Murray County",5,1,77,40,37
050,27,101,"Minnesota","Murray County",5,2,88,40,48
050,27,101,"Minnesota","Murray County",5,3,99,48,51
050,27,101,"Minnesota","Murray County",5,4,94,43,51
050,27,101,"Minnesota","Murray County",5,5,89,45,44
050,27,101,"Minnesota","Murray County",5,6,94,47,47
050,27,101,"Minnesota","Murray County",5,7,107,49,58
050,27,101,"Minnesota","Murray County",5,8,103,57,46
050,27,101,"Minnesota","Murray County",5,9,96,56,40
050,27,101,"Minnesota","Murray County",5,10,105,52,53
050,27,101,"Minnesota","Murray County",5,11,97,52,45
050,27,101,"Minnesota","Murray County",5,12,88,49,39
050,27,101,"Minnesota","Murray County",5,13,100,54,46
050,27,101,"Minnesota","Murray County",5,14,99,58,41
050,27,101,"Minnesota","Murray County",5,15,120,60,60
050,27,101,"Minnesota","Murray County",5,16,106,47,59
050,27,101,"Minnesota","Murray County",5,17,116,56,60
050,27,101,"Minnesota","Murray County",5,18,86,44,42
050,27,101,"Minnesota","Murray County",5,19,70,37,33
050,27,101,"Minnesota","Murray County",5,20,70,31,39
050,27,101,"Minnesota","Murray County",5,21,79,37,42
050,27,101,"Minnesota","Murray County",5,22,85,40,45
050,27,101,"Minnesota","Murray County",5,23,77,37,40
050,27,101,"Minnesota","Murray County",5,24,73,36,37
050,27,101,"Minnesota","Murray County",5,25,68,31,37
050,27,101,"Minnesota","Murray County",5,26,74,29,45
050,27,101,"Minnesota","Murray County",5,27,76,39,37
050,27,101,"Minnesota","Murray County",5,28,76,35,41
050,27,101,"Minnesota","Murray County",5,29,82,43,39
050,27,101,"Minnesota","Murray County",5,30,67,33,34
050,27,101,"Minnesota","Murray County",5,31,78,39,39
050,27,101,"Minnesota","Murray County",5,32,66,27,39
050,27,101,"Minnesota","Murray County",5,33,74,39,35
050,27,101,"Minnesota","Murray County",5,34,67,28,39
050,27,101,"Minnesota","Murray County",5,35,72,41,31
050,27,101,"Minnesota","Murray County",5,36,87,50,37
050,27,101,"Minnesota","Murray County",5,37,80,39,41
050,27,101,"Minnesota","Murray County",5,38,91,49,42
050,27,101,"Minnesota","Murray County",5,39,82,44,38
050,27,101,"Minnesota","Murray County",5,40,100,53,47
050,27,101,"Minnesota","Murray County",5,41,100,52,48
050,27,101,"Minnesota","Murray County",5,42,105,52,53
050,27,101,"Minnesota","Murray County",5,43,101,54,47
050,27,101,"Minnesota","Murray County",5,44,91,44,47
050,27,101,"Minnesota","Murray County",5,45,91,48,43
050,27,101,"Minnesota","Murray County",5,46,89,48,41
050,27,101,"Minnesota","Murray County",5,47,87,45,42
050,27,101,"Minnesota","Murray County",5,48,76,40,36
050,27,101,"Minnesota","Murray County",5,49,74,38,36
050,27,101,"Minnesota","Murray County",5,50,70,38,32
050,27,101,"Minnesota","Murray County",5,51,80,38,42
050,27,101,"Minnesota","Murray County",5,52,89,45,44
050,27,101,"Minnesota","Murray County",5,53,98,49,49
050,27,101,"Minnesota","Murray County",5,54,96,44,52
050,27,101,"Minnesota","Murray County",5,55,90,41,49
050,27,101,"Minnesota","Murray County",5,56,83,38,45
050,27,101,"Minnesota","Murray County",5,57,102,53,49
050,27,101,"Minnesota","Murray County",5,58,104,58,46
050,27,101,"Minnesota","Murray County",5,59,110,64,46
050,27,101,"Minnesota","Murray County",5,60,120,63,57
050,27,101,"Minnesota","Murray County",5,61,116,59,57
050,27,101,"Minnesota","Murray County",5,62,125,66,59
050,27,101,"Minnesota","Murray County",5,63,128,69,59
050,27,101,"Minnesota","Murray County",5,64,122,67,55
050,27,101,"Minnesota","Murray County",5,65,132,63,69
050,27,101,"Minnesota","Murray County",5,66,136,66,70
050,27,101,"Minnesota","Murray County",5,67,133,69,64
050,27,101,"Minnesota","Murray County",5,68,121,54,67
050,27,101,"Minnesota","Murray County",5,69,123,62,61
050,27,101,"Minnesota","Murray County",5,70,117,61,56
050,27,101,"Minnesota","Murray County",5,71,126,68,58
050,27,101,"Minnesota","Murray County",5,72,113,67,46
050,27,101,"Minnesota","Murray County",5,73,103,59,44
050,27,101,"Minnesota","Murray County",5,74,106,62,44
050,27,101,"Minnesota","Murray County",5,75,89,46,43
050,27,101,"Minnesota","Murray County",5,76,97,46,51
050,27,101,"Minnesota","Murray County",5,77,73,32,41
050,27,101,"Minnesota","Murray County",5,78,67,34,33
050,27,101,"Minnesota","Murray County",5,79,73,38,35
050,27,101,"Minnesota","Murray County",5,80,70,33,37
050,27,101,"Minnesota","Murray County",5,81,62,34,28
050,27,101,"Minnesota","Murray County",5,82,59,29,30
050,27,101,"Minnesota","Murray County",5,83,54,23,31
050,27,101,"Minnesota","Murray County",5,84,49,18,31
050,27,101,"Minnesota","Murray County",5,85,282,120,162
050,27,103,"Minnesota","Nicollet County",1,0,325,164,161
050,27,103,"Minnesota","Nicollet County",1,1,351,178,173
050,27,103,"Minnesota","Nicollet County",1,2,369,180,189
050,27,103,"Minnesota","Nicollet County",1,3,405,192,213
050,27,103,"Minnesota","Nicollet County",1,4,409,199,210
050,27,103,"Minnesota","Nicollet County",1,5,409,210,199
050,27,103,"Minnesota","Nicollet County",1,6,422,216,206
050,27,103,"Minnesota","Nicollet County",1,7,412,219,193
050,27,103,"Minnesota","Nicollet County",1,8,420,233,187
050,27,103,"Minnesota","Nicollet County",1,9,409,199,210
050,27,103,"Minnesota","Nicollet County",1,10,442,221,221
050,27,103,"Minnesota","Nicollet County",1,11,477,238,239
050,27,103,"Minnesota","Nicollet County",1,12,446,218,228
050,27,103,"Minnesota","Nicollet County",1,13,481,248,233
050,27,103,"Minnesota","Nicollet County",1,14,445,224,221
050,27,103,"Minnesota","Nicollet County",1,15,469,230,239
050,27,103,"Minnesota","Nicollet County",1,16,443,221,222
050,27,103,"Minnesota","Nicollet County",1,17,439,224,215
050,27,103,"Minnesota","Nicollet County",1,18,601,271,330
050,27,103,"Minnesota","Nicollet County",1,19,867,381,486
050,27,103,"Minnesota","Nicollet County",1,20,835,415,420
050,27,103,"Minnesota","Nicollet County",1,21,727,379,348
050,27,103,"Minnesota","Nicollet County",1,22,580,272,308
050,27,103,"Minnesota","Nicollet County",1,23,394,200,194
050,27,103,"Minnesota","Nicollet County",1,24,372,196,176
050,27,103,"Minnesota","Nicollet County",1,25,324,174,150
050,27,103,"Minnesota","Nicollet County",1,26,370,192,178
050,27,103,"Minnesota","Nicollet County",1,27,367,191,176
050,27,103,"Minnesota","Nicollet County",1,28,398,218,180
050,27,103,"Minnesota","Nicollet County",1,29,411,212,199
050,27,103,"Minnesota","Nicollet County",1,30,397,207,190
050,27,103,"Minnesota","Nicollet County",1,31,444,224,220
050,27,103,"Minnesota","Nicollet County",1,32,430,236,194
050,27,103,"Minnesota","Nicollet County",1,33,456,240,216
050,27,103,"Minnesota","Nicollet County",1,34,482,231,251
050,27,103,"Minnesota","Nicollet County",1,35,488,251,237
050,27,103,"Minnesota","Nicollet County",1,36,466,244,222
050,27,103,"Minnesota","Nicollet County",1,37,483,237,246
050,27,103,"Minnesota","Nicollet County",1,38,485,255,230
050,27,103,"Minnesota","Nicollet County",1,39,520,283,237
050,27,103,"Minnesota","Nicollet County",1,40,493,276,217
050,27,103,"Minnesota","Nicollet County",1,41,443,238,205
050,27,103,"Minnesota","Nicollet County",1,42,450,220,230
050,27,103,"Minnesota","Nicollet County",1,43,419,212,207
050,27,103,"Minnesota","Nicollet County",1,44,380,202,178
050,27,103,"Minnesota","Nicollet County",1,45,367,186,181
050,27,103,"Minnesota","Nicollet County",1,46,376,219,157
050,27,103,"Minnesota","Nicollet County",1,47,385,203,182
050,27,103,"Minnesota","Nicollet County",1,48,363,195,168
050,27,103,"Minnesota","Nicollet County",1,49,398,224,174
050,27,103,"Minnesota","Nicollet County",1,50,373,210,163
050,27,103,"Minnesota","Nicollet County",1,51,378,191,187
050,27,103,"Minnesota","Nicollet County",1,52,370,208,162
050,27,103,"Minnesota","Nicollet County",1,53,369,201,168
050,27,103,"Minnesota","Nicollet County",1,54,375,212,163
050,27,103,"Minnesota","Nicollet County",1,55,407,235,172
050,27,103,"Minnesota","Nicollet County",1,56,420,231,189
050,27,103,"Minnesota","Nicollet County",1,57,416,219,197
050,27,103,"Minnesota","Nicollet County",1,58,417,230,187
050,27,103,"Minnesota","Nicollet County",1,59,452,228,224
050,27,103,"Minnesota","Nicollet County",1,60,438,224,214
050,27,103,"Minnesota","Nicollet County",1,61,429,204,225
050,27,103,"Minnesota","Nicollet County",1,62,427,214,213
050,27,103,"Minnesota","Nicollet County",1,63,426,207,219
050,27,103,"Minnesota","Nicollet County",1,64,417,203,214
050,27,103,"Minnesota","Nicollet County",1,65,379,187,192
050,27,103,"Minnesota","Nicollet County",1,66,372,188,184
050,27,103,"Minnesota","Nicollet County",1,67,386,196,190
050,27,103,"Minnesota","Nicollet County",1,68,367,184,183
050,27,103,"Minnesota","Nicollet County",1,69,339,164,175
050,27,103,"Minnesota","Nicollet County",1,70,320,155,165
050,27,103,"Minnesota","Nicollet County",1,71,298,156,142
050,27,103,"Minnesota","Nicollet County",1,72,320,164,156
050,27,103,"Minnesota","Nicollet County",1,73,327,182,145
050,27,103,"Minnesota","Nicollet County",1,74,228,117,111
050,27,103,"Minnesota","Nicollet County",1,75,204,101,103
050,27,103,"Minnesota","Nicollet County",1,76,194,83,111
050,27,103,"Minnesota","Nicollet County",1,77,194,80,114
050,27,103,"Minnesota","Nicollet County",1,78,179,80,99
050,27,103,"Minnesota","Nicollet County",1,79,164,74,90
050,27,103,"Minnesota","Nicollet County",1,80,150,64,86
050,27,103,"Minnesota","Nicollet County",1,81,144,61,83
050,27,103,"Minnesota","Nicollet County",1,82,136,65,71
050,27,103,"Minnesota","Nicollet County",1,83,138,57,81
050,27,103,"Minnesota","Nicollet County",1,84,130,49,81
050,27,103,"Minnesota","Nicollet County",1,85,822,275,547
050,27,103,"Minnesota","Nicollet County",2,0,338,174,164
050,27,103,"Minnesota","Nicollet County",2,1,344,175,169
050,27,103,"Minnesota","Nicollet County",2,2,366,180,186
050,27,103,"Minnesota","Nicollet County",2,3,394,188,206
050,27,103,"Minnesota","Nicollet County",2,4,411,201,210
050,27,103,"Minnesota","Nicollet County",2,5,409,210,199
050,27,103,"Minnesota","Nicollet County",2,6,420,216,204
050,27,103,"Minnesota","Nicollet County",2,7,408,215,193
050,27,103,"Minnesota","Nicollet County",2,8,415,227,188
050,27,103,"Minnesota","Nicollet County",2,9,416,209,207
050,27,103,"Minnesota","Nicollet County",2,10,436,217,219
050,27,103,"Minnesota","Nicollet County",2,11,469,233,236
050,27,103,"Minnesota","Nicollet County",2,12,457,227,230
050,27,103,"Minnesota","Nicollet County",2,13,473,243,230
050,27,103,"Minnesota","Nicollet County",2,14,459,232,227
050,27,103,"Minnesota","Nicollet County",2,15,461,227,234
050,27,103,"Minnesota","Nicollet County",2,16,453,224,229
050,27,103,"Minnesota","Nicollet County",2,17,444,225,219
050,27,103,"Minnesota","Nicollet County",2,18,604,274,330
050,27,103,"Minnesota","Nicollet County",2,19,870,380,490
050,27,103,"Minnesota","Nicollet County",2,20,842,419,423
050,27,103,"Minnesota","Nicollet County",2,21,737,384,353
050,27,103,"Minnesota","Nicollet County",2,22,581,271,310
050,27,103,"Minnesota","Nicollet County",2,23,395,200,195
050,27,103,"Minnesota","Nicollet County",2,24,374,195,179
050,27,103,"Minnesota","Nicollet County",2,25,334,178,156
050,27,103,"Minnesota","Nicollet County",2,26,360,188,172
050,27,103,"Minnesota","Nicollet County",2,27,369,194,175
050,27,103,"Minnesota","Nicollet County",2,28,398,216,182
050,27,103,"Minnesota","Nicollet County",2,29,406,211,195
050,27,103,"Minnesota","Nicollet County",2,30,406,210,196
050,27,103,"Minnesota","Nicollet County",2,31,434,219,215
050,27,103,"Minnesota","Nicollet County",2,32,439,237,202
050,27,103,"Minnesota","Nicollet County",2,33,449,238,211
050,27,103,"Minnesota","Nicollet County",2,34,478,232,246
050,27,103,"Minnesota","Nicollet County",2,35,489,246,243
050,27,103,"Minnesota","Nicollet County",2,36,474,246,228
050,27,103,"Minnesota","Nicollet County",2,37,481,239,242
050,27,103,"Minnesota","Nicollet County",2,38,487,253,234
050,27,103,"Minnesota","Nicollet County",2,39,509,275,234
050,27,103,"Minnesota","Nicollet County",2,40,501,279,222
050,27,103,"Minnesota","Nicollet County",2,41,456,245,211
050,27,103,"Minnesota","Nicollet County",2,42,453,228,225
050,27,103,"Minnesota","Nicollet County",2,43,426,213,213
050,27,103,"Minnesota","Nicollet County",2,44,389,205,184
050,27,103,"Minnesota","Nicollet County",2,45,369,189,180
050,27,103,"Minnesota","Nicollet County",2,46,378,215,163
050,27,103,"Minnesota","Nicollet County",2,47,375,201,174
050,27,103,"Minnesota","Nicollet County",2,48,372,199,173
050,27,103,"Minnesota","Nicollet County",2,49,389,216,173
050,27,103,"Minnesota","Nicollet County",2,50,380,212,168
050,27,103,"Minnesota","Nicollet County",2,51,378,197,181
050,27,103,"Minnesota","Nicollet County",2,52,372,204,168
050,27,103,"Minnesota","Nicollet County",2,53,366,200,166
050,27,103,"Minnesota","Nicollet County",2,54,374,211,163
050,27,103,"Minnesota","Nicollet County",2,55,396,227,169
050,27,103,"Minnesota","Nicollet County",2,56,420,235,185
050,27,103,"Minnesota","Nicollet County",2,57,414,221,193
050,27,103,"Minnesota","Nicollet County",2,58,416,227,189
050,27,103,"Minnesota","Nicollet County",2,59,446,230,216
050,27,103,"Minnesota","Nicollet County",2,60,443,226,217
050,27,103,"Minnesota","Nicollet County",2,61,429,206,223
050,27,103,"Minnesota","Nicollet County",2,62,423,211,212
050,27,103,"Minnesota","Nicollet County",2,63,429,208,221
050,27,103,"Minnesota","Nicollet County",2,64,408,198,210
050,27,103,"Minnesota","Nicollet County",2,65,385,188,197
050,27,103,"Minnesota","Nicollet County",2,66,371,185,186
050,27,103,"Minnesota","Nicollet County",2,67,377,192,185
050,27,103,"Minnesota","Nicollet County",2,68,367,187,180
050,27,103,"Minnesota","Nicollet County",2,69,344,168,176
050,27,103,"Minnesota","Nicollet County",2,70,326,158,168
050,27,103,"Minnesota","Nicollet County",2,71,300,155,145
050,27,103,"Minnesota","Nicollet County",2,72,308,158,150
050,27,103,"Minnesota","Nicollet County",2,73,335,181,154
050,27,103,"Minnesota","Nicollet County",2,74,232,121,111
050,27,103,"Minnesota","Nicollet County",2,75,210,105,105
050,27,103,"Minnesota","Nicollet County",2,76,196,86,110
050,27,103,"Minnesota","Nicollet County",2,77,197,82,115
050,27,103,"Minnesota","Nicollet County",2,78,180,79,101
050,27,103,"Minnesota","Nicollet County",2,79,161,71,90
050,27,103,"Minnesota","Nicollet County",2,80,153,66,87
050,27,103,"Minnesota","Nicollet County",2,81,140,60,80
050,27,103,"Minnesota","Nicollet County",2,82,141,65,76
050,27,103,"Minnesota","Nicollet County",2,83,136,58,78
050,27,103,"Minnesota","Nicollet County",2,84,130,49,81
050,27,103,"Minnesota","Nicollet County",2,85,814,271,543
050,27,103,"Minnesota","Nicollet County",3,0,310,156,154
050,27,103,"Minnesota","Nicollet County",3,1,354,189,165
050,27,103,"Minnesota","Nicollet County",3,2,324,174,150
050,27,103,"Minnesota","Nicollet County",3,3,387,189,198
050,27,103,"Minnesota","Nicollet County",3,4,381,180,201
050,27,103,"Minnesota","Nicollet County",3,5,410,202,208
050,27,103,"Minnesota","Nicollet County",3,6,420,212,208
050,27,103,"Minnesota","Nicollet County",3,7,441,223,218
050,27,103,"Minnesota","Nicollet County",3,8,395,206,189
050,27,103,"Minnesota","Nicollet County",3,9,422,236,186
050,27,103,"Minnesota","Nicollet County",3,10,426,218,208
050,27,103,"Minnesota","Nicollet County",3,11,426,217,209
050,27,103,"Minnesota","Nicollet County",3,12,465,232,233
050,27,103,"Minnesota","Nicollet County",3,13,466,227,239
050,27,103,"Minnesota","Nicollet County",3,14,475,245,230
050,27,103,"Minnesota","Nicollet County",3,15,460,232,228
050,27,103,"Minnesota","Nicollet County",3,16,469,229,240
050,27,103,"Minnesota","Nicollet County",3,17,472,244,228
050,27,103,"Minnesota","Nicollet County",3,18,613,284,329
050,27,103,"Minnesota","Nicollet County",3,19,871,375,496
050,27,103,"Minnesota","Nicollet County",3,20,832,413,419
050,27,103,"Minnesota","Nicollet County",3,21,729,378,351
050,27,103,"Minnesota","Nicollet County",3,22,546,249,297
050,27,103,"Minnesota","Nicollet County",3,23,346,185,161
050,27,103,"Minnesota","Nicollet County",3,24,371,201,170
050,27,103,"Minnesota","Nicollet County",3,25,329,179,150
050,27,103,"Minnesota","Nicollet County",3,26,339,167,172
050,27,103,"Minnesota","Nicollet County",3,27,358,187,171
050,27,103,"Minnesota","Nicollet County",3,28,402,214,188
050,27,103,"Minnesota","Nicollet County",3,29,410,222,188
050,27,103,"Minnesota","Nicollet County",3,30,417,219,198
050,27,103,"Minnesota","Nicollet County",3,31,408,204,204
050,27,103,"Minnesota","Nicollet County",3,32,432,227,205
050,27,103,"Minnesota","Nicollet County",3,33,429,235,194
050,27,103,"Minnesota","Nicollet County",3,34,441,233,208
050,27,103,"Minnesota","Nicollet County",3,35,473,226,247
050,27,103,"Minnesota","Nicollet County",3,36,491,242,249
050,27,103,"Minnesota","Nicollet County",3,37,490,259,231
050,27,103,"Minnesota","Nicollet County",3,38,486,239,247
050,27,103,"Minnesota","Nicollet County",3,39,500,264,236
050,27,103,"Minnesota","Nicollet County",3,40,493,269,224
050,27,103,"Minnesota","Nicollet County",3,41,511,279,232
050,27,103,"Minnesota","Nicollet County",3,42,466,251,215
050,27,103,"Minnesota","Nicollet County",3,43,443,218,225
050,27,103,"Minnesota","Nicollet County",3,44,424,215,209
050,27,103,"Minnesota","Nicollet County",3,45,376,197,179
050,27,103,"Minnesota","Nicollet County",3,46,393,212,181
050,27,103,"Minnesota","Nicollet County",3,47,344,185,159
050,27,103,"Minnesota","Nicollet County",3,48,380,204,176
050,27,103,"Minnesota","Nicollet County",3,49,365,193,172
050,27,103,"Minnesota","Nicollet County",3,50,385,215,170
050,27,103,"Minnesota","Nicollet County",3,51,386,217,169
050,27,103,"Minnesota","Nicollet County",3,52,367,194,173
050,27,103,"Minnesota","Nicollet County",3,53,369,203,166
050,27,103,"Minnesota","Nicollet County",3,54,372,202,170
050,27,103,"Minnesota","Nicollet County",3,55,371,207,164
050,27,103,"Minnesota","Nicollet County",3,56,396,223,173
050,27,103,"Minnesota","Nicollet County",3,57,404,229,175
050,27,103,"Minnesota","Nicollet County",3,58,399,214,185
050,27,103,"Minnesota","Nicollet County",3,59,415,223,192
050,27,103,"Minnesota","Nicollet County",3,60,437,231,206
050,27,103,"Minnesota","Nicollet County",3,61,428,211,217
050,27,103,"Minnesota","Nicollet County",3,62,423,212,211
050,27,103,"Minnesota","Nicollet County",3,63,417,200,217
050,27,103,"Minnesota","Nicollet County",3,64,408,199,209
050,27,103,"Minnesota","Nicollet County",3,65,411,195,216
050,27,103,"Minnesota","Nicollet County",3,66,363,179,184
050,27,103,"Minnesota","Nicollet County",3,67,376,186,190
050,27,103,"Minnesota","Nicollet County",3,68,358,183,175
050,27,103,"Minnesota","Nicollet County",3,69,351,173,178
050,27,103,"Minnesota","Nicollet County",3,70,354,166,188
050,27,103,"Minnesota","Nicollet County",3,71,306,155,151
050,27,103,"Minnesota","Nicollet County",3,72,299,149,150
050,27,103,"Minnesota","Nicollet County",3,73,297,156,141
050,27,103,"Minnesota","Nicollet County",3,74,326,171,155
050,27,103,"Minnesota","Nicollet County",3,75,232,125,107
050,27,103,"Minnesota","Nicollet County",3,76,205,98,107
050,27,103,"Minnesota","Nicollet County",3,77,200,92,108
050,27,103,"Minnesota","Nicollet County",3,78,187,80,107
050,27,103,"Minnesota","Nicollet County",3,79,163,70,93
050,27,103,"Minnesota","Nicollet County",3,80,155,68,87
050,27,103,"Minnesota","Nicollet County",3,81,140,57,83
050,27,103,"Minnesota","Nicollet County",3,82,150,65,85
050,27,103,"Minnesota","Nicollet County",3,83,138,63,75
050,27,103,"Minnesota","Nicollet County",3,84,126,50,76
050,27,103,"Minnesota","Nicollet County",3,85,823,272,551
050,27,103,"Minnesota","Nicollet County",4,0,319,169,150
050,27,103,"Minnesota","Nicollet County",4,1,297,143,154
050,27,103,"Minnesota","Nicollet County",4,2,358,188,170
050,27,103,"Minnesota","Nicollet County",4,3,341,186,155
050,27,103,"Minnesota","Nicollet County",4,4,363,173,190
050,27,103,"Minnesota","Nicollet County",4,5,381,179,202
050,27,103,"Minnesota","Nicollet County",4,6,417,206,211
050,27,103,"Minnesota","Nicollet County",4,7,418,207,211
050,27,103,"Minnesota","Nicollet County",4,8,423,217,206
050,27,103,"Minnesota","Nicollet County",4,9,401,221,180
050,27,103,"Minnesota","Nicollet County",4,10,420,226,194
050,27,103,"Minnesota","Nicollet County",4,11,430,225,205
050,27,103,"Minnesota","Nicollet County",4,12,425,215,210
050,27,103,"Minnesota","Nicollet County",4,13,481,240,241
050,27,103,"Minnesota","Nicollet County",4,14,474,240,234
050,27,103,"Minnesota","Nicollet County",4,15,475,246,229
050,27,103,"Minnesota","Nicollet County",4,16,475,238,237
050,27,103,"Minnesota","Nicollet County",4,17,469,232,237
050,27,103,"Minnesota","Nicollet County",4,18,640,307,333
050,27,103,"Minnesota","Nicollet County",4,19,869,383,486
050,27,103,"Minnesota","Nicollet County",4,20,831,399,432
050,27,103,"Minnesota","Nicollet County",4,21,752,394,358
050,27,103,"Minnesota","Nicollet County",4,22,587,288,299
050,27,103,"Minnesota","Nicollet County",4,23,364,189,175
050,27,103,"Minnesota","Nicollet County",4,24,357,190,167
050,27,103,"Minnesota","Nicollet County",4,25,370,193,177
050,27,103,"Minnesota","Nicollet County",4,26,338,188,150
050,27,103,"Minnesota","Nicollet County",4,27,352,172,180
050,27,103,"Minnesota","Nicollet County",4,28,374,202,172
050,27,103,"Minnesota","Nicollet County",4,29,397,211,186
050,27,103,"Minnesota","Nicollet County",4,30,421,234,187
050,27,103,"Minnesota","Nicollet County",4,31,416,216,200
050,27,103,"Minnesota","Nicollet County",4,32,414,206,208
050,27,103,"Minnesota","Nicollet County",4,33,422,223,199
050,27,103,"Minnesota","Nicollet County",4,34,431,234,197
050,27,103,"Minnesota","Nicollet County",4,35,424,225,199
050,27,103,"Minnesota","Nicollet County",4,36,475,233,242
050,27,103,"Minnesota","Nicollet County",4,37,480,228,252
050,27,103,"Minnesota","Nicollet County",4,38,476,257,219
050,27,103,"Minnesota","Nicollet County",4,39,500,250,250
050,27,103,"Minnesota","Nicollet County",4,40,493,266,227
050,27,103,"Minnesota","Nicollet County",4,41,498,267,231
050,27,103,"Minnesota","Nicollet County",4,42,508,272,236
050,27,103,"Minnesota","Nicollet County",4,43,435,225,210
050,27,103,"Minnesota","Nicollet County",4,44,445,221,224
050,27,103,"Minnesota","Nicollet County",4,45,398,203,195
050,27,103,"Minnesota","Nicollet County",4,46,391,217,174
050,27,103,"Minnesota","Nicollet County",4,47,370,193,177
050,27,103,"Minnesota","Nicollet County",4,48,348,189,159
050,27,103,"Minnesota","Nicollet County",4,49,368,196,172
050,27,103,"Minnesota","Nicollet County",4,50,367,192,175
050,27,103,"Minnesota","Nicollet County",4,51,395,221,174
050,27,103,"Minnesota","Nicollet County",4,52,381,210,171
050,27,103,"Minnesota","Nicollet County",4,53,375,194,181
050,27,103,"Minnesota","Nicollet County",4,54,369,203,166
050,27,103,"Minnesota","Nicollet County",4,55,361,192,169
050,27,103,"Minnesota","Nicollet County",4,56,375,205,170
050,27,103,"Minnesota","Nicollet County",4,57,378,215,163
050,27,103,"Minnesota","Nicollet County",4,58,397,223,174
050,27,103,"Minnesota","Nicollet County",4,59,391,205,186
050,27,103,"Minnesota","Nicollet County",4,60,425,233,192
050,27,103,"Minnesota","Nicollet County",4,61,434,224,210
050,27,103,"Minnesota","Nicollet County",4,62,412,211,201
050,27,103,"Minnesota","Nicollet County",4,63,415,191,224
050,27,103,"Minnesota","Nicollet County",4,64,416,198,218
050,27,103,"Minnesota","Nicollet County",4,65,401,197,204
050,27,103,"Minnesota","Nicollet County",4,66,387,186,201
050,27,103,"Minnesota","Nicollet County",4,67,366,179,187
050,27,103,"Minnesota","Nicollet County",4,68,363,180,183
050,27,103,"Minnesota","Nicollet County",4,69,347,172,175
050,27,103,"Minnesota","Nicollet County",4,70,357,172,185
050,27,103,"Minnesota","Nicollet County",4,71,344,164,180
050,27,103,"Minnesota","Nicollet County",4,72,306,153,153
050,27,103,"Minnesota","Nicollet County",4,73,291,146,145
050,27,103,"Minnesota","Nicollet County",4,74,283,140,143
050,27,103,"Minnesota","Nicollet County",4,75,319,172,147
050,27,103,"Minnesota","Nicollet County",4,76,228,115,113
050,27,103,"Minnesota","Nicollet County",4,77,206,101,105
050,27,103,"Minnesota","Nicollet County",4,78,188,86,102
050,27,103,"Minnesota","Nicollet County",4,79,174,72,102
050,27,103,"Minnesota","Nicollet County",4,80,161,70,91
050,27,103,"Minnesota","Nicollet County",4,81,149,63,86
050,27,103,"Minnesota","Nicollet County",4,82,149,61,88
050,27,103,"Minnesota","Nicollet County",4,83,146,59,87
050,27,103,"Minnesota","Nicollet County",4,84,137,58,79
050,27,103,"Minnesota","Nicollet County",4,85,839,281,558
050,27,103,"Minnesota","Nicollet County",5,0,321,170,151
050,27,103,"Minnesota","Nicollet County",5,1,330,172,158
050,27,103,"Minnesota","Nicollet County",5,2,311,153,158
050,27,103,"Minnesota","Nicollet County",5,3,352,190,162
050,27,103,"Minnesota","Nicollet County",5,4,344,181,163
050,27,103,"Minnesota","Nicollet County",5,5,364,178,186
050,27,103,"Minnesota","Nicollet County",5,6,382,179,203
050,27,103,"Minnesota","Nicollet County",5,7,400,199,201
050,27,103,"Minnesota","Nicollet County",5,8,395,191,204
050,27,103,"Minnesota","Nicollet County",5,9,420,220,200
050,27,103,"Minnesota","Nicollet County",5,10,422,228,194
050,27,103,"Minnesota","Nicollet County",5,11,412,228,184
050,27,103,"Minnesota","Nicollet County",5,12,424,215,209
050,27,103,"Minnesota","Nicollet County",5,13,434,223,211
050,27,103,"Minnesota","Nicollet County",5,14,476,236,240
050,27,103,"Minnesota","Nicollet County",5,15,467,226,241
050,27,103,"Minnesota","Nicollet County",5,16,461,238,223
050,27,103,"Minnesota","Nicollet County",5,17,474,237,237
050,27,103,"Minnesota","Nicollet County",5,18,648,301,347
050,27,103,"Minnesota","Nicollet County",5,19,916,404,512
050,27,103,"Minnesota","Nicollet County",5,20,874,418,456
050,27,103,"Minnesota","Nicollet County",5,21,747,381,366
050,27,103,"Minnesota","Nicollet County",5,22,598,289,309
050,27,103,"Minnesota","Nicollet County",5,23,401,225,176
050,27,103,"Minnesota","Nicollet County",5,24,370,190,180
050,27,103,"Minnesota","Nicollet County",5,25,367,186,181
050,27,103,"Minnesota","Nicollet County",5,26,338,182,156
050,27,103,"Minnesota","Nicollet County",5,27,336,180,156
050,27,103,"Minnesota","Nicollet County",5,28,362,173,189
050,27,103,"Minnesota","Nicollet County",5,29,373,193,180
050,27,103,"Minnesota","Nicollet County",5,30,414,229,185
050,27,103,"Minnesota","Nicollet County",5,31,404,225,179
050,27,103,"Minnesota","Nicollet County",5,32,415,218,197
050,27,103,"Minnesota","Nicollet County",5,33,398,201,197
050,27,103,"Minnesota","Nicollet County",5,34,423,223,200
050,27,103,"Minnesota","Nicollet County",5,35,427,233,194
050,27,103,"Minnesota","Nicollet County",5,36,437,229,208
050,27,103,"Minnesota","Nicollet County",5,37,459,217,242
050,27,103,"Minnesota","Nicollet County",5,38,476,233,243
050,27,103,"Minnesota","Nicollet County",5,39,489,266,223
050,27,103,"Minnesota","Nicollet County",5,40,474,240,234
050,27,103,"Minnesota","Nicollet County",5,41,494,260,234
050,27,103,"Minnesota","Nicollet County",5,42,528,293,235
050,27,103,"Minnesota","Nicollet County",5,43,488,253,235
050,27,103,"Minnesota","Nicollet County",5,44,457,235,222
050,27,103,"Minnesota","Nicollet County",5,45,428,209,219
050,27,103,"Minnesota","Nicollet County",5,46,424,223,201
050,27,103,"Minnesota","Nicollet County",5,47,374,204,170
050,27,103,"Minnesota","Nicollet County",5,48,370,199,171
050,27,103,"Minnesota","Nicollet County",5,49,334,183,151
050,27,103,"Minnesota","Nicollet County",5,50,377,199,178
050,27,103,"Minnesota","Nicollet County",5,51,358,195,163
050,27,103,"Minnesota","Nicollet County",5,52,385,214,171
050,27,103,"Minnesota","Nicollet County",5,53,371,209,162
050,27,103,"Minnesota","Nicollet County",5,54,383,204,179
050,27,103,"Minnesota","Nicollet County",5,55,362,198,164
050,27,103,"Minnesota","Nicollet County",5,56,361,191,170
050,27,103,"Minnesota","Nicollet County",5,57,365,199,166
050,27,103,"Minnesota","Nicollet County",5,58,364,196,168
050,27,103,"Minnesota","Nicollet County",5,59,385,214,171
050,27,103,"Minnesota","Nicollet County",5,60,389,205,184
050,27,103,"Minnesota","Nicollet County",5,61,415,214,201
050,27,103,"Minnesota","Nicollet County",5,62,437,239,198
050,27,103,"Minnesota","Nicollet County",5,63,416,204,212
050,27,103,"Minnesota","Nicollet County",5,64,387,183,204
050,27,103,"Minnesota","Nicollet County",5,65,409,188,221
050,27,103,"Minnesota","Nicollet County",5,66,390,194,196
050,27,103,"Minnesota","Nicollet County",5,67,381,178,203
050,27,103,"Minnesota","Nicollet County",5,68,365,182,183
050,27,103,"Minnesota","Nicollet County",5,69,345,168,177
050,27,103,"Minnesota","Nicollet County",5,70,344,166,178
050,27,103,"Minnesota","Nicollet County",5,71,336,164,172
050,27,103,"Minnesota","Nicollet County",5,72,337,159,178
050,27,103,"Minnesota","Nicollet County",5,73,290,149,141
050,27,103,"Minnesota","Nicollet County",5,74,281,132,149
050,27,103,"Minnesota","Nicollet County",5,75,276,141,135
050,27,103,"Minnesota","Nicollet County",5,76,300,155,145
050,27,103,"Minnesota","Nicollet County",5,77,224,116,108
050,27,103,"Minnesota","Nicollet County",5,78,198,99,99
050,27,103,"Minnesota","Nicollet County",5,79,170,79,91
050,27,103,"Minnesota","Nicollet County",5,80,168,72,96
050,27,103,"Minnesota","Nicollet County",5,81,148,61,87
050,27,103,"Minnesota","Nicollet County",5,82,160,70,90
050,27,103,"Minnesota","Nicollet County",5,83,143,56,87
050,27,103,"Minnesota","Nicollet County",5,84,137,52,85
050,27,103,"Minnesota","Nicollet County",5,85,853,281,572
050,27,105,"Minnesota","Nobles County",1,0,404,206,198
050,27,105,"Minnesota","Nobles County",1,1,398,205,193
050,27,105,"Minnesota","Nobles County",1,2,405,198,207
050,27,105,"Minnesota","Nobles County",1,3,352,176,176
050,27,105,"Minnesota","Nobles County",1,4,382,185,197
050,27,105,"Minnesota","Nobles County",1,5,341,173,168
050,27,105,"Minnesota","Nobles County",1,6,328,165,163
050,27,105,"Minnesota","Nobles County",1,7,356,190,166
050,27,105,"Minnesota","Nobles County",1,8,362,174,188
050,27,105,"Minnesota","Nobles County",1,9,376,186,190
050,27,105,"Minnesota","Nobles County",1,10,352,175,177
050,27,105,"Minnesota","Nobles County",1,11,332,175,157
050,27,105,"Minnesota","Nobles County",1,12,345,175,170
050,27,105,"Minnesota","Nobles County",1,13,358,178,180
050,27,105,"Minnesota","Nobles County",1,14,327,170,157
050,27,105,"Minnesota","Nobles County",1,15,328,171,157
050,27,105,"Minnesota","Nobles County",1,16,329,161,168
050,27,105,"Minnesota","Nobles County",1,17,327,169,158
050,27,105,"Minnesota","Nobles County",1,18,316,166,150
050,27,105,"Minnesota","Nobles County",1,19,295,157,138
050,27,105,"Minnesota","Nobles County",1,20,287,160,127
050,27,105,"Minnesota","Nobles County",1,21,277,148,129
050,27,105,"Minnesota","Nobles County",1,22,259,140,119
050,27,105,"Minnesota","Nobles County",1,23,261,137,124
050,27,105,"Minnesota","Nobles County",1,24,248,123,125
050,27,105,"Minnesota","Nobles County",1,25,249,122,127
050,27,105,"Minnesota","Nobles County",1,26,250,134,116
050,27,105,"Minnesota","Nobles County",1,27,248,141,107
050,27,105,"Minnesota","Nobles County",1,28,267,149,118
050,27,105,"Minnesota","Nobles County",1,29,252,145,107
050,27,105,"Minnesota","Nobles County",1,30,242,132,110
050,27,105,"Minnesota","Nobles County",1,31,257,142,115
050,27,105,"Minnesota","Nobles County",1,32,269,148,121
050,27,105,"Minnesota","Nobles County",1,33,296,161,135
050,27,105,"Minnesota","Nobles County",1,34,261,152,109
050,27,105,"Minnesota","Nobles County",1,35,266,143,123
050,27,105,"Minnesota","Nobles County",1,36,273,145,128
050,27,105,"Minnesota","Nobles County",1,37,277,159,118
050,27,105,"Minnesota","Nobles County",1,38,308,166,142
050,27,105,"Minnesota","Nobles County",1,39,292,163,129
050,27,105,"Minnesota","Nobles County",1,40,260,142,118
050,27,105,"Minnesota","Nobles County",1,41,236,130,106
050,27,105,"Minnesota","Nobles County",1,42,234,117,117
050,27,105,"Minnesota","Nobles County",1,43,239,119,120
050,27,105,"Minnesota","Nobles County",1,44,231,127,104
050,27,105,"Minnesota","Nobles County",1,45,228,124,104
050,27,105,"Minnesota","Nobles County",1,46,225,120,105
050,27,105,"Minnesota","Nobles County",1,47,220,112,108
050,27,105,"Minnesota","Nobles County",1,48,257,144,113
050,27,105,"Minnesota","Nobles County",1,49,250,138,112
050,27,105,"Minnesota","Nobles County",1,50,248,139,109
050,27,105,"Minnesota","Nobles County",1,51,249,146,103
050,27,105,"Minnesota","Nobles County",1,52,232,135,97
050,27,105,"Minnesota","Nobles County",1,53,256,142,114
050,27,105,"Minnesota","Nobles County",1,54,278,153,125
050,27,105,"Minnesota","Nobles County",1,55,264,139,125
050,27,105,"Minnesota","Nobles County",1,56,283,143,140
050,27,105,"Minnesota","Nobles County",1,57,267,150,117
050,27,105,"Minnesota","Nobles County",1,58,269,147,122
050,27,105,"Minnesota","Nobles County",1,59,253,140,113
050,27,105,"Minnesota","Nobles County",1,60,273,150,123
050,27,105,"Minnesota","Nobles County",1,61,277,142,135
050,27,105,"Minnesota","Nobles County",1,62,269,140,129
050,27,105,"Minnesota","Nobles County",1,63,275,145,130
050,27,105,"Minnesota","Nobles County",1,64,257,132,125
050,27,105,"Minnesota","Nobles County",1,65,256,134,122
050,27,105,"Minnesota","Nobles County",1,66,254,140,114
050,27,105,"Minnesota","Nobles County",1,67,217,121,96
050,27,105,"Minnesota","Nobles County",1,68,198,107,91
050,27,105,"Minnesota","Nobles County",1,69,199,99,100
050,27,105,"Minnesota","Nobles County",1,70,166,79,87
050,27,105,"Minnesota","Nobles County",1,71,163,84,79
050,27,105,"Minnesota","Nobles County",1,72,166,87,79
050,27,105,"Minnesota","Nobles County",1,73,175,84,91
050,27,105,"Minnesota","Nobles County",1,74,131,60,71
050,27,105,"Minnesota","Nobles County",1,75,125,53,72
050,27,105,"Minnesota","Nobles County",1,76,117,57,60
050,27,105,"Minnesota","Nobles County",1,77,151,67,84
050,27,105,"Minnesota","Nobles County",1,78,115,55,60
050,27,105,"Minnesota","Nobles County",1,79,109,58,51
050,27,105,"Minnesota","Nobles County",1,80,99,50,49
050,27,105,"Minnesota","Nobles County",1,81,100,45,55
050,27,105,"Minnesota","Nobles County",1,82,98,46,52
050,27,105,"Minnesota","Nobles County",1,83,87,40,47
050,27,105,"Minnesota","Nobles County",1,84,76,29,47
050,27,105,"Minnesota","Nobles County",1,85,605,196,409
050,27,105,"Minnesota","Nobles County",2,0,382,199,183
050,27,105,"Minnesota","Nobles County",2,1,396,204,192
050,27,105,"Minnesota","Nobles County",2,2,399,196,203
050,27,105,"Minnesota","Nobles County",2,3,362,178,184
050,27,105,"Minnesota","Nobles County",2,4,378,184,194
050,27,105,"Minnesota","Nobles County",2,5,348,173,175
050,27,105,"Minnesota","Nobles County",2,6,333,167,166
050,27,105,"Minnesota","Nobles County",2,7,347,182,165
050,27,105,"Minnesota","Nobles County",2,8,356,177,179
050,27,105,"Minnesota","Nobles County",2,9,372,183,189
050,27,105,"Minnesota","Nobles County",2,10,357,177,180
050,27,105,"Minnesota","Nobles County",2,11,334,173,161
050,27,105,"Minnesota","Nobles County",2,12,338,173,165
050,27,105,"Minnesota","Nobles County",2,13,351,174,177
050,27,105,"Minnesota","Nobles County",2,14,336,174,162
050,27,105,"Minnesota","Nobles County",2,15,326,170,156
050,27,105,"Minnesota","Nobles County",2,16,329,164,165
050,27,105,"Minnesota","Nobles County",2,17,324,166,158
050,27,105,"Minnesota","Nobles County",2,18,314,164,150
050,27,105,"Minnesota","Nobles County",2,19,298,158,140
050,27,105,"Minnesota","Nobles County",2,20,286,157,129
050,27,105,"Minnesota","Nobles County",2,21,276,149,127
050,27,105,"Minnesota","Nobles County",2,22,259,141,118
050,27,105,"Minnesota","Nobles County",2,23,252,133,119
050,27,105,"Minnesota","Nobles County",2,24,247,125,122
050,27,105,"Minnesota","Nobles County",2,25,246,122,124
050,27,105,"Minnesota","Nobles County",2,26,248,132,116
050,27,105,"Minnesota","Nobles County",2,27,247,138,109
050,27,105,"Minnesota","Nobles County",2,28,262,147,115
050,27,105,"Minnesota","Nobles County",2,29,251,143,108
050,27,105,"Minnesota","Nobles County",2,30,246,136,110
050,27,105,"Minnesota","Nobles County",2,31,248,138,110
050,27,105,"Minnesota","Nobles County",2,32,265,145,120
050,27,105,"Minnesota","Nobles County",2,33,286,156,130
050,27,105,"Minnesota","Nobles County",2,34,267,153,114
050,27,105,"Minnesota","Nobles County",2,35,264,144,120
050,27,105,"Minnesota","Nobles County",2,36,271,143,128
050,27,105,"Minnesota","Nobles County",2,37,271,152,119
050,27,105,"Minnesota","Nobles County",2,38,300,164,136
050,27,105,"Minnesota","Nobles County",2,39,294,163,131
050,27,105,"Minnesota","Nobles County",2,40,269,149,120
050,27,105,"Minnesota","Nobles County",2,41,242,132,110
050,27,105,"Minnesota","Nobles County",2,42,236,121,115
050,27,105,"Minnesota","Nobles County",2,43,242,121,121
050,27,105,"Minnesota","Nobles County",2,44,233,125,108
050,27,105,"Minnesota","Nobles County",2,45,227,124,103
050,27,105,"Minnesota","Nobles County",2,46,224,120,104
050,27,105,"Minnesota","Nobles County",2,47,221,115,106
050,27,105,"Minnesota","Nobles County",2,48,249,137,112
050,27,105,"Minnesota","Nobles County",2,49,251,139,112
050,27,105,"Minnesota","Nobles County",2,50,248,139,109
050,27,105,"Minnesota","Nobles County",2,51,246,142,104
050,27,105,"Minnesota","Nobles County",2,52,238,139,99
050,27,105,"Minnesota","Nobles County",2,53,247,139,108
050,27,105,"Minnesota","Nobles County",2,54,271,149,122
050,27,105,"Minnesota","Nobles County",2,55,262,139,123
050,27,105,"Minnesota","Nobles County",2,56,278,142,136
050,27,105,"Minnesota","Nobles County",2,57,270,149,121
050,27,105,"Minnesota","Nobles County",2,58,268,147,121
050,27,105,"Minnesota","Nobles County",2,59,255,141,114
050,27,105,"Minnesota","Nobles County",2,60,267,148,119
050,27,105,"Minnesota","Nobles County",2,61,272,141,131
050,27,105,"Minnesota","Nobles County",2,62,271,141,130
050,27,105,"Minnesota","Nobles County",2,63,274,145,129
050,27,105,"Minnesota","Nobles County",2,64,257,133,124
050,27,105,"Minnesota","Nobles County",2,65,258,135,123
050,27,105,"Minnesota","Nobles County",2,66,254,139,115
050,27,105,"Minnesota","Nobles County",2,67,219,120,99
050,27,105,"Minnesota","Nobles County",2,68,201,110,91
050,27,105,"Minnesota","Nobles County",2,69,196,100,96
050,27,105,"Minnesota","Nobles County",2,70,172,82,90
050,27,105,"Minnesota","Nobles County",2,71,162,81,81
050,27,105,"Minnesota","Nobles County",2,72,163,86,77
050,27,105,"Minnesota","Nobles County",2,73,179,87,92
050,27,105,"Minnesota","Nobles County",2,74,133,62,71
050,27,105,"Minnesota","Nobles County",2,75,127,55,72
050,27,105,"Minnesota","Nobles County",2,76,117,55,62
050,27,105,"Minnesota","Nobles County",2,77,149,67,82
050,27,105,"Minnesota","Nobles County",2,78,118,55,63
050,27,105,"Minnesota","Nobles County",2,79,107,55,52
050,27,105,"Minnesota","Nobles County",2,80,97,50,47
050,27,105,"Minnesota","Nobles County",2,81,99,46,53
050,27,105,"Minnesota","Nobles County",2,82,100,46,54
050,27,105,"Minnesota","Nobles County",2,83,87,40,47
050,27,105,"Minnesota","Nobles County",2,84,76,32,44
050,27,105,"Minnesota","Nobles County",2,85,607,198,409
050,27,105,"Minnesota","Nobles County",3,0,375,177,198
050,27,105,"Minnesota","Nobles County",3,1,383,201,182
050,27,105,"Minnesota","Nobles County",3,2,379,196,183
050,27,105,"Minnesota","Nobles County",3,3,396,198,198
050,27,105,"Minnesota","Nobles County",3,4,359,184,175
050,27,105,"Minnesota","Nobles County",3,5,362,179,183
050,27,105,"Minnesota","Nobles County",3,6,343,167,176
050,27,105,"Minnesota","Nobles County",3,7,328,165,163
050,27,105,"Minnesota","Nobles County",3,8,344,180,164
050,27,105,"Minnesota","Nobles County",3,9,342,167,175
050,27,105,"Minnesota","Nobles County",3,10,363,175,188
050,27,105,"Minnesota","Nobles County",3,11,350,168,182
050,27,105,"Minnesota","Nobles County",3,12,333,171,162
050,27,105,"Minnesota","Nobles County",3,13,334,168,166
050,27,105,"Minnesota","Nobles County",3,14,357,178,179
050,27,105,"Minnesota","Nobles County",3,15,329,168,161
050,27,105,"Minnesota","Nobles County",3,16,327,171,156
050,27,105,"Minnesota","Nobles County",3,17,329,166,163
050,27,105,"Minnesota","Nobles County",3,18,303,153,150
050,27,105,"Minnesota","Nobles County",3,19,305,161,144
050,27,105,"Minnesota","Nobles County",3,20,285,152,133
050,27,105,"Minnesota","Nobles County",3,21,272,146,126
050,27,105,"Minnesota","Nobles County",3,22,267,146,121
050,27,105,"Minnesota","Nobles County",3,23,230,130,100
050,27,105,"Minnesota","Nobles County",3,24,259,132,127
050,27,105,"Minnesota","Nobles County",3,25,237,129,108
050,27,105,"Minnesota","Nobles County",3,26,258,130,128
050,27,105,"Minnesota","Nobles County",3,27,263,143,120
050,27,105,"Minnesota","Nobles County",3,28,255,140,115
050,27,105,"Minnesota","Nobles County",3,29,248,143,105
050,27,105,"Minnesota","Nobles County",3,30,245,138,107
050,27,105,"Minnesota","Nobles County",3,31,232,119,113
050,27,105,"Minnesota","Nobles County",3,32,241,130,111
050,27,105,"Minnesota","Nobles County",3,33,269,144,125
050,27,105,"Minnesota","Nobles County",3,34,280,151,129
050,27,105,"Minnesota","Nobles County",3,35,261,146,115
050,27,105,"Minnesota","Nobles County",3,36,263,143,120
050,27,105,"Minnesota","Nobles County",3,37,259,144,115
050,27,105,"Minnesota","Nobles County",3,38,265,147,118
050,27,105,"Minnesota","Nobles County",3,39,301,169,132
050,27,105,"Minnesota","Nobles County",3,40,295,165,130
050,27,105,"Minnesota","Nobles County",3,41,263,145,118
050,27,105,"Minnesota","Nobles County",3,42,244,134,110
050,27,105,"Minnesota","Nobles County",3,43,235,117,118
050,27,105,"Minnesota","Nobles County",3,44,236,116,120
050,27,105,"Minnesota","Nobles County",3,45,235,130,105
050,27,105,"Minnesota","Nobles County",3,46,227,120,107
050,27,105,"Minnesota","Nobles County",3,47,228,122,106
050,27,105,"Minnesota","Nobles County",3,48,219,114,105
050,27,105,"Minnesota","Nobles County",3,49,245,137,108
050,27,105,"Minnesota","Nobles County",3,50,261,143,118
050,27,105,"Minnesota","Nobles County",3,51,242,140,102
050,27,105,"Minnesota","Nobles County",3,52,245,146,99
050,27,105,"Minnesota","Nobles County",3,53,233,137,96
050,27,105,"Minnesota","Nobles County",3,54,246,138,108
050,27,105,"Minnesota","Nobles County",3,55,258,139,119
050,27,105,"Minnesota","Nobles County",3,56,259,136,123
050,27,105,"Minnesota","Nobles County",3,57,272,142,130
050,27,105,"Minnesota","Nobles County",3,58,277,151,126
050,27,105,"Minnesota","Nobles County",3,59,261,145,116
050,27,105,"Minnesota","Nobles County",3,60,247,132,115
050,27,105,"Minnesota","Nobles County",3,61,261,140,121
050,27,105,"Minnesota","Nobles County",3,62,264,136,128
050,27,105,"Minnesota","Nobles County",3,63,264,138,126
050,27,105,"Minnesota","Nobles County",3,64,272,142,130
050,27,105,"Minnesota","Nobles County",3,65,249,129,120
050,27,105,"Minnesota","Nobles County",3,66,257,133,124
050,27,105,"Minnesota","Nobles County",3,67,237,133,104
050,27,105,"Minnesota","Nobles County",3,68,221,124,97
050,27,105,"Minnesota","Nobles County",3,69,199,107,92
050,27,105,"Minnesota","Nobles County",3,70,190,96,94
050,27,105,"Minnesota","Nobles County",3,71,167,80,87
050,27,105,"Minnesota","Nobles County",3,72,161,84,77
050,27,105,"Minnesota","Nobles County",3,73,149,77,72
050,27,105,"Minnesota","Nobles County",3,74,168,81,87
050,27,105,"Minnesota","Nobles County",3,75,127,61,66
050,27,105,"Minnesota","Nobles County",3,76,118,51,67
050,27,105,"Minnesota","Nobles County",3,77,122,54,68
050,27,105,"Minnesota","Nobles County",3,78,129,59,70
050,27,105,"Minnesota","Nobles County",3,79,106,45,61
050,27,105,"Minnesota","Nobles County",3,80,101,52,49
050,27,105,"Minnesota","Nobles County",3,81,97,50,47
050,27,105,"Minnesota","Nobles County",3,82,96,41,55
050,27,105,"Minnesota","Nobles County",3,83,90,45,45
050,27,105,"Minnesota","Nobles County",3,84,78,36,42
050,27,105,"Minnesota","Nobles County",3,85,588,190,398
050,27,105,"Minnesota","Nobles County",4,0,354,157,197
050,27,105,"Minnesota","Nobles County",4,1,360,184,176
050,27,105,"Minnesota","Nobles County",4,2,363,182,181
050,27,105,"Minnesota","Nobles County",4,3,371,187,184
050,27,105,"Minnesota","Nobles County",4,4,387,191,196
050,27,105,"Minnesota","Nobles County",4,5,359,180,179
050,27,105,"Minnesota","Nobles County",4,6,363,179,184
050,27,105,"Minnesota","Nobles County",4,7,342,162,180
050,27,105,"Minnesota","Nobles County",4,8,336,167,169
050,27,105,"Minnesota","Nobles County",4,9,336,178,158
050,27,105,"Minnesota","Nobles County",4,10,343,171,172
050,27,105,"Minnesota","Nobles County",4,11,367,179,188
050,27,105,"Minnesota","Nobles County",4,12,352,171,181
050,27,105,"Minnesota","Nobles County",4,13,322,170,152
050,27,105,"Minnesota","Nobles County",4,14,353,188,165
050,27,105,"Minnesota","Nobles County",4,15,358,182,176
050,27,105,"Minnesota","Nobles County",4,16,347,181,166
050,27,105,"Minnesota","Nobles County",4,17,332,182,150
050,27,105,"Minnesota","Nobles County",4,18,313,163,150
050,27,105,"Minnesota","Nobles County",4,19,275,137,138
050,27,105,"Minnesota","Nobles County",4,20,297,155,142
050,27,105,"Minnesota","Nobles County",4,21,280,146,134
050,27,105,"Minnesota","Nobles County",4,22,267,146,121
050,27,105,"Minnesota","Nobles County",4,23,254,134,120
050,27,105,"Minnesota","Nobles County",4,24,230,128,102
050,27,105,"Minnesota","Nobles County",4,25,233,118,115
050,27,105,"Minnesota","Nobles County",4,26,230,125,105
050,27,105,"Minnesota","Nobles County",4,27,239,124,115
050,27,105,"Minnesota","Nobles County",4,28,245,127,118
050,27,105,"Minnesota","Nobles County",4,29,246,132,114
050,27,105,"Minnesota","Nobles County",4,30,240,141,99
050,27,105,"Minnesota","Nobles County",4,31,240,139,101
050,27,105,"Minnesota","Nobles County",4,32,236,117,119
050,27,105,"Minnesota","Nobles County",4,33,237,126,111
050,27,105,"Minnesota","Nobles County",4,34,269,142,127
050,27,105,"Minnesota","Nobles County",4,35,267,146,121
050,27,105,"Minnesota","Nobles County",4,36,269,149,120
050,27,105,"Minnesota","Nobles County",4,37,262,142,120
050,27,105,"Minnesota","Nobles County",4,38,246,136,110
050,27,105,"Minnesota","Nobles County",4,39,255,141,114
050,27,105,"Minnesota","Nobles County",4,40,298,165,133
050,27,105,"Minnesota","Nobles County",4,41,284,155,129
050,27,105,"Minnesota","Nobles County",4,42,262,144,118
050,27,105,"Minnesota","Nobles County",4,43,239,130,109
050,27,105,"Minnesota","Nobles County",4,44,233,118,115
050,27,105,"Minnesota","Nobles County",4,45,229,117,112
050,27,105,"Minnesota","Nobles County",4,46,233,130,103
050,27,105,"Minnesota","Nobles County",4,47,229,124,105
050,27,105,"Minnesota","Nobles County",4,48,225,119,106
050,27,105,"Minnesota","Nobles County",4,49,215,107,108
050,27,105,"Minnesota","Nobles County",4,50,235,134,101
050,27,105,"Minnesota","Nobles County",4,51,255,140,115
050,27,105,"Minnesota","Nobles County",4,52,248,141,107
050,27,105,"Minnesota","Nobles County",4,53,244,146,98
050,27,105,"Minnesota","Nobles County",4,54,230,131,99
050,27,105,"Minnesota","Nobles County",4,55,236,130,106
050,27,105,"Minnesota","Nobles County",4,56,259,140,119
050,27,105,"Minnesota","Nobles County",4,57,258,136,122
050,27,105,"Minnesota","Nobles County",4,58,271,141,130
050,27,105,"Minnesota","Nobles County",4,59,271,148,123
050,27,105,"Minnesota","Nobles County",4,60,263,146,117
050,27,105,"Minnesota","Nobles County",4,61,239,130,109
050,27,105,"Minnesota","Nobles County",4,62,265,141,124
050,27,105,"Minnesota","Nobles County",4,63,262,134,128
050,27,105,"Minnesota","Nobles County",4,64,260,134,126
050,27,105,"Minnesota","Nobles County",4,65,266,138,128
050,27,105,"Minnesota","Nobles County",4,66,242,125,117
050,27,105,"Minnesota","Nobles County",4,67,249,130,119
050,27,105,"Minnesota","Nobles County",4,68,236,134,102
050,27,105,"Minnesota","Nobles County",4,69,213,121,92
050,27,105,"Minnesota","Nobles County",4,70,183,100,83
050,27,105,"Minnesota","Nobles County",4,71,185,95,90
050,27,105,"Minnesota","Nobles County",4,72,162,77,85
050,27,105,"Minnesota","Nobles County",4,73,150,75,75
050,27,105,"Minnesota","Nobles County",4,74,142,73,69
050,27,105,"Minnesota","Nobles County",4,75,169,85,84
050,27,105,"Minnesota","Nobles County",4,76,121,58,63
050,27,105,"Minnesota","Nobles County",4,77,131,54,77
050,27,105,"Minnesota","Nobles County",4,78,108,49,59
050,27,105,"Minnesota","Nobles County",4,79,123,54,69
050,27,105,"Minnesota","Nobles County",4,80,100,43,57
050,27,105,"Minnesota","Nobles County",4,81,98,51,47
050,27,105,"Minnesota","Nobles County",4,82,95,48,47
050,27,105,"Minnesota","Nobles County",4,83,85,42,43
050,27,105,"Minnesota","Nobles County",4,84,82,41,41
050,27,105,"Minnesota","Nobles County",4,85,600,199,401
050,27,105,"Minnesota","Nobles County",5,0,304,139,165
050,27,105,"Minnesota","Nobles County",5,1,349,163,186
050,27,105,"Minnesota","Nobles County",5,2,357,182,175
050,27,105,"Minnesota","Nobles County",5,3,372,186,186
050,27,105,"Minnesota","Nobles County",5,4,370,191,179
050,27,105,"Minnesota","Nobles County",5,5,380,185,195
050,27,105,"Minnesota","Nobles County",5,6,344,172,172
050,27,105,"Minnesota","Nobles County",5,7,354,174,180
050,27,105,"Minnesota","Nobles County",5,8,338,161,177
050,27,105,"Minnesota","Nobles County",5,9,332,167,165
050,27,105,"Minnesota","Nobles County",5,10,338,184,154
050,27,105,"Minnesota","Nobles County",5,11,332,169,163
050,27,105,"Minnesota","Nobles County",5,12,358,176,182
050,27,105,"Minnesota","Nobles County",5,13,353,170,183
050,27,105,"Minnesota","Nobles County",5,14,334,186,148
050,27,105,"Minnesota","Nobles County",5,15,348,186,162
050,27,105,"Minnesota","Nobles County",5,16,369,192,177
050,27,105,"Minnesota","Nobles County",5,17,341,185,156
050,27,105,"Minnesota","Nobles County",5,18,310,168,142
050,27,105,"Minnesota","Nobles County",5,19,292,151,141
050,27,105,"Minnesota","Nobles County",5,20,256,132,124
050,27,105,"Minnesota","Nobles County",5,21,289,151,138
050,27,105,"Minnesota","Nobles County",5,22,264,147,117
050,27,105,"Minnesota","Nobles County",5,23,268,147,121
050,27,105,"Minnesota","Nobles County",5,24,247,133,114
050,27,105,"Minnesota","Nobles County",5,25,225,125,100
050,27,105,"Minnesota","Nobles County",5,26,220,116,104
050,27,105,"Minnesota","Nobles County",5,27,217,118,99
050,27,105,"Minnesota","Nobles County",5,28,236,124,112
050,27,105,"Minnesota","Nobles County",5,29,230,119,111
050,27,105,"Minnesota","Nobles County",5,30,240,126,114
050,27,105,"Minnesota","Nobles County",5,31,220,127,93
050,27,105,"Minnesota","Nobles County",5,32,240,135,105
050,27,105,"Minnesota","Nobles County",5,33,244,132,112
050,27,105,"Minnesota","Nobles County",5,34,234,121,113
050,27,105,"Minnesota","Nobles County",5,35,264,133,131
050,27,105,"Minnesota","Nobles County",5,36,264,139,125
050,27,105,"Minnesota","Nobles County",5,37,260,142,118
050,27,105,"Minnesota","Nobles County",5,38,252,135,117
050,27,105,"Minnesota","Nobles County",5,39,244,140,104
050,27,105,"Minnesota","Nobles County",5,40,246,135,111
050,27,105,"Minnesota","Nobles County",5,41,296,165,131
050,27,105,"Minnesota","Nobles County",5,42,280,156,124
050,27,105,"Minnesota","Nobles County",5,43,260,142,118
050,27,105,"Minnesota","Nobles County",5,44,244,132,112
050,27,105,"Minnesota","Nobles County",5,45,216,114,102
050,27,105,"Minnesota","Nobles County",5,46,228,118,110
050,27,105,"Minnesota","Nobles County",5,47,234,132,102
050,27,105,"Minnesota","Nobles County",5,48,231,124,107
050,27,105,"Minnesota","Nobles County",5,49,213,111,102
050,27,105,"Minnesota","Nobles County",5,50,211,105,106
050,27,105,"Minnesota","Nobles County",5,51,233,132,101
050,27,105,"Minnesota","Nobles County",5,52,252,141,111
050,27,105,"Minnesota","Nobles County",5,53,251,144,107
050,27,105,"Minnesota","Nobles County",5,54,239,139,100
050,27,105,"Minnesota","Nobles County",5,55,218,124,94
050,27,105,"Minnesota","Nobles County",5,56,228,123,105
050,27,105,"Minnesota","Nobles County",5,57,254,137,117
050,27,105,"Minnesota","Nobles County",5,58,258,134,124
050,27,105,"Minnesota","Nobles County",5,59,249,133,116
050,27,105,"Minnesota","Nobles County",5,60,270,150,120
050,27,105,"Minnesota","Nobles County",5,61,253,139,114
050,27,105,"Minnesota","Nobles County",5,62,243,130,113
050,27,105,"Minnesota","Nobles County",5,63,259,140,119
050,27,105,"Minnesota","Nobles County",5,64,258,132,126
050,27,105,"Minnesota","Nobles County",5,65,259,134,125
050,27,105,"Minnesota","Nobles County",5,66,263,140,123
050,27,105,"Minnesota","Nobles County",5,67,230,119,111
050,27,105,"Minnesota","Nobles County",5,68,249,131,118
050,27,105,"Minnesota","Nobles County",5,69,224,127,97
050,27,105,"Minnesota","Nobles County",5,70,198,111,87
050,27,105,"Minnesota","Nobles County",5,71,184,101,83
050,27,105,"Minnesota","Nobles County",5,72,177,89,88
050,27,105,"Minnesota","Nobles County",5,73,151,71,80
050,27,105,"Minnesota","Nobles County",5,74,143,72,71
050,27,105,"Minnesota","Nobles County",5,75,144,76,68
050,27,105,"Minnesota","Nobles County",5,76,155,77,78
050,27,105,"Minnesota","Nobles County",5,77,129,61,68
050,27,105,"Minnesota","Nobles County",5,78,115,50,65
050,27,105,"Minnesota","Nobles County",5,79,98,43,55
050,27,105,"Minnesota","Nobles County",5,80,118,53,65
050,27,105,"Minnesota","Nobles County",5,81,96,43,53
050,27,105,"Minnesota","Nobles County",5,82,97,48,49
050,27,105,"Minnesota","Nobles County",5,83,86,46,40
050,27,105,"Minnesota","Nobles County",5,84,77,38,39
050,27,105,"Minnesota","Nobles County",5,85,621,213,408
050,27,107,"Minnesota","Norman County",1,0,75,39,36
050,27,107,"Minnesota","Norman County",1,1,78,39,39
050,27,107,"Minnesota","Norman County",1,2,74,37,37
050,27,107,"Minnesota","Norman County",1,3,78,39,39
050,27,107,"Minnesota","Norman County",1,4,81,38,43
050,27,107,"Minnesota","Norman County",1,5,69,31,38
050,27,107,"Minnesota","Norman County",1,6,87,44,43
050,27,107,"Minnesota","Norman County",1,7,91,46,45
050,27,107,"Minnesota","Norman County",1,8,76,38,38
050,27,107,"Minnesota","Norman County",1,9,88,51,37
050,27,107,"Minnesota","Norman County",1,10,92,57,35
050,27,107,"Minnesota","Norman County",1,11,93,49,44
050,27,107,"Minnesota","Norman County",1,12,104,48,56
050,27,107,"Minnesota","Norman County",1,13,88,41,47
050,27,107,"Minnesota","Norman County",1,14,93,46,47
050,27,107,"Minnesota","Norman County",1,15,89,44,45
050,27,107,"Minnesota","Norman County",1,16,98,51,47
050,27,107,"Minnesota","Norman County",1,17,93,51,42
050,27,107,"Minnesota","Norman County",1,18,93,52,41
050,27,107,"Minnesota","Norman County",1,19,61,40,21
050,27,107,"Minnesota","Norman County",1,20,58,35,23
050,27,107,"Minnesota","Norman County",1,21,54,22,32
050,27,107,"Minnesota","Norman County",1,22,66,27,39
050,27,107,"Minnesota","Norman County",1,23,68,36,32
050,27,107,"Minnesota","Norman County",1,24,60,37,23
050,27,107,"Minnesota","Norman County",1,25,59,32,27
050,27,107,"Minnesota","Norman County",1,26,61,32,29
050,27,107,"Minnesota","Norman County",1,27,56,32,24
050,27,107,"Minnesota","Norman County",1,28,64,37,27
050,27,107,"Minnesota","Norman County",1,29,61,32,29
050,27,107,"Minnesota","Norman County",1,30,66,31,35
050,27,107,"Minnesota","Norman County",1,31,69,33,36
050,27,107,"Minnesota","Norman County",1,32,60,33,27
050,27,107,"Minnesota","Norman County",1,33,55,26,29
050,27,107,"Minnesota","Norman County",1,34,68,34,34
050,27,107,"Minnesota","Norman County",1,35,62,33,29
050,27,107,"Minnesota","Norman County",1,36,63,37,26
050,27,107,"Minnesota","Norman County",1,37,66,35,31
050,27,107,"Minnesota","Norman County",1,38,71,31,40
050,27,107,"Minnesota","Norman County",1,39,77,41,36
050,27,107,"Minnesota","Norman County",1,40,84,41,43
050,27,107,"Minnesota","Norman County",1,41,73,33,40
050,27,107,"Minnesota","Norman County",1,42,74,32,42
050,27,107,"Minnesota","Norman County",1,43,80,43,37
050,27,107,"Minnesota","Norman County",1,44,80,40,40
050,27,107,"Minnesota","Norman County",1,45,79,42,37
050,27,107,"Minnesota","Norman County",1,46,81,45,36
050,27,107,"Minnesota","Norman County",1,47,70,37,33
050,27,107,"Minnesota","Norman County",1,48,78,39,39
050,27,107,"Minnesota","Norman County",1,49,92,47,45
050,27,107,"Minnesota","Norman County",1,50,82,46,36
050,27,107,"Minnesota","Norman County",1,51,60,29,31
050,27,107,"Minnesota","Norman County",1,52,67,31,36
050,27,107,"Minnesota","Norman County",1,53,79,40,39
050,27,107,"Minnesota","Norman County",1,54,78,43,35
050,27,107,"Minnesota","Norman County",1,55,88,47,41
050,27,107,"Minnesota","Norman County",1,56,106,54,52
050,27,107,"Minnesota","Norman County",1,57,121,66,55
050,27,107,"Minnesota","Norman County",1,58,100,50,50
050,27,107,"Minnesota","Norman County",1,59,105,51,54
050,27,107,"Minnesota","Norman County",1,60,99,47,52
050,27,107,"Minnesota","Norman County",1,61,91,47,44
050,27,107,"Minnesota","Norman County",1,62,93,45,48
050,27,107,"Minnesota","Norman County",1,63,92,48,44
050,27,107,"Minnesota","Norman County",1,64,84,43,41
050,27,107,"Minnesota","Norman County",1,65,84,41,43
050,27,107,"Minnesota","Norman County",1,66,92,49,43
050,27,107,"Minnesota","Norman County",1,67,98,58,40
050,27,107,"Minnesota","Norman County",1,68,71,39,32
050,27,107,"Minnesota","Norman County",1,69,65,36,29
050,27,107,"Minnesota","Norman County",1,70,63,35,28
050,27,107,"Minnesota","Norman County",1,71,72,40,32
050,27,107,"Minnesota","Norman County",1,72,68,37,31
050,27,107,"Minnesota","Norman County",1,73,62,27,35
050,27,107,"Minnesota","Norman County",1,74,55,26,29
050,27,107,"Minnesota","Norman County",1,75,60,33,27
050,27,107,"Minnesota","Norman County",1,76,52,25,27
050,27,107,"Minnesota","Norman County",1,77,54,24,30
050,27,107,"Minnesota","Norman County",1,78,43,22,21
050,27,107,"Minnesota","Norman County",1,79,39,20,19
050,27,107,"Minnesota","Norman County",1,80,32,11,21
050,27,107,"Minnesota","Norman County",1,81,33,12,21
050,27,107,"Minnesota","Norman County",1,82,38,19,19
050,27,107,"Minnesota","Norman County",1,83,29,16,13
050,27,107,"Minnesota","Norman County",1,84,31,16,15
050,27,107,"Minnesota","Norman County",1,85,201,81,120
050,27,107,"Minnesota","Norman County",2,0,81,41,40
050,27,107,"Minnesota","Norman County",2,1,77,39,38
050,27,107,"Minnesota","Norman County",2,2,73,36,37
050,27,107,"Minnesota","Norman County",2,3,77,39,38
050,27,107,"Minnesota","Norman County",2,4,81,39,42
050,27,107,"Minnesota","Norman County",2,5,73,33,40
050,27,107,"Minnesota","Norman County",2,6,83,41,42
050,27,107,"Minnesota","Norman County",2,7,89,45,44
050,27,107,"Minnesota","Norman County",2,8,79,40,39
050,27,107,"Minnesota","Norman County",2,9,83,47,36
050,27,107,"Minnesota","Norman County",2,10,91,55,36
050,27,107,"Minnesota","Norman County",2,11,92,51,41
050,27,107,"Minnesota","Norman County",2,12,102,48,54
050,27,107,"Minnesota","Norman County",2,13,91,43,48
050,27,107,"Minnesota","Norman County",2,14,93,45,48
050,27,107,"Minnesota","Norman County",2,15,90,44,46
050,27,107,"Minnesota","Norman County",2,16,97,49,48
050,27,107,"Minnesota","Norman County",2,17,93,51,42
050,27,107,"Minnesota","Norman County",2,18,88,51,37
050,27,107,"Minnesota","Norman County",2,19,63,40,23
050,27,107,"Minnesota","Norman County",2,20,61,38,23
050,27,107,"Minnesota","Norman County",2,21,54,24,30
050,27,107,"Minnesota","Norman County",2,22,64,26,38
050,27,107,"Minnesota","Norman County",2,23,69,34,35
050,27,107,"Minnesota","Norman County",2,24,63,38,25
050,27,107,"Minnesota","Norman County",2,25,60,34,26
050,27,107,"Minnesota","Norman County",2,26,60,32,28
050,27,107,"Minnesota","Norman County",2,27,57,33,24
050,27,107,"Minnesota","Norman County",2,28,60,35,25
050,27,107,"Minnesota","Norman County",2,29,61,33,28
050,27,107,"Minnesota","Norman County",2,30,65,31,34
050,27,107,"Minnesota","Norman County",2,31,68,33,35
050,27,107,"Minnesota","Norman County",2,32,63,33,30
050,27,107,"Minnesota","Norman County",2,33,57,28,29
050,27,107,"Minnesota","Norman County",2,34,65,32,33
050,27,107,"Minnesota","Norman County",2,35,64,35,29
050,27,107,"Minnesota","Norman County",2,36,60,34,26
050,27,107,"Minnesota","Norman County",2,37,65,35,30
050,27,107,"Minnesota","Norman County",2,38,69,31,38
050,27,107,"Minnesota","Norman County",2,39,77,38,39
050,27,107,"Minnesota","Norman County",2,40,83,42,41
050,27,107,"Minnesota","Norman County",2,41,76,35,41
050,27,107,"Minnesota","Norman County",2,42,73,32,41
050,27,107,"Minnesota","Norman County",2,43,79,40,39
050,27,107,"Minnesota","Norman County",2,44,78,40,38
050,27,107,"Minnesota","Norman County",2,45,81,42,39
050,27,107,"Minnesota","Norman County",2,46,81,45,36
050,27,107,"Minnesota","Norman County",2,47,72,38,34
050,27,107,"Minnesota","Norman County",2,48,75,38,37
050,27,107,"Minnesota","Norman County",2,49,90,46,44
050,27,107,"Minnesota","Norman County",2,50,86,47,39
050,27,107,"Minnesota","Norman County",2,51,63,32,31
050,27,107,"Minnesota","Norman County",2,52,65,31,34
050,27,107,"Minnesota","Norman County",2,53,76,38,38
050,27,107,"Minnesota","Norman County",2,54,78,42,36
050,27,107,"Minnesota","Norman County",2,55,85,46,39
050,27,107,"Minnesota","Norman County",2,56,102,53,49
050,27,107,"Minnesota","Norman County",2,57,118,64,54
050,27,107,"Minnesota","Norman County",2,58,105,54,51
050,27,107,"Minnesota","Norman County",2,59,104,51,53
050,27,107,"Minnesota","Norman County",2,60,100,48,52
050,27,107,"Minnesota","Norman County",2,61,91,46,45
050,27,107,"Minnesota","Norman County",2,62,92,45,47
050,27,107,"Minnesota","Norman County",2,63,92,47,45
050,27,107,"Minnesota","Norman County",2,64,85,44,41
050,27,107,"Minnesota","Norman County",2,65,85,42,43
050,27,107,"Minnesota","Norman County",2,66,92,48,44
050,27,107,"Minnesota","Norman County",2,67,97,56,41
050,27,107,"Minnesota","Norman County",2,68,76,43,33
050,27,107,"Minnesota","Norman County",2,69,68,38,30
050,27,107,"Minnesota","Norman County",2,70,61,33,28
050,27,107,"Minnesota","Norman County",2,71,70,39,31
050,27,107,"Minnesota","Norman County",2,72,67,37,30
050,27,107,"Minnesota","Norman County",2,73,67,31,36
050,27,107,"Minnesota","Norman County",2,74,52,23,29
050,27,107,"Minnesota","Norman County",2,75,58,31,27
050,27,107,"Minnesota","Norman County",2,76,51,26,25
050,27,107,"Minnesota","Norman County",2,77,54,24,30
050,27,107,"Minnesota","Norman County",2,78,43,21,22
050,27,107,"Minnesota","Norman County",2,79,41,21,20
050,27,107,"Minnesota","Norman County",2,80,32,12,20
050,27,107,"Minnesota","Norman County",2,81,33,12,21
050,27,107,"Minnesota","Norman County",2,82,37,17,20
050,27,107,"Minnesota","Norman County",2,83,31,17,14
050,27,107,"Minnesota","Norman County",2,84,31,16,15
050,27,107,"Minnesota","Norman County",2,85,202,83,119
050,27,107,"Minnesota","Norman County",3,0,68,34,34
050,27,107,"Minnesota","Norman County",3,1,76,40,36
050,27,107,"Minnesota","Norman County",3,2,86,42,44
050,27,107,"Minnesota","Norman County",3,3,76,34,42
050,27,107,"Minnesota","Norman County",3,4,82,41,41
050,27,107,"Minnesota","Norman County",3,5,85,41,44
050,27,107,"Minnesota","Norman County",3,6,76,35,41
050,27,107,"Minnesota","Norman County",3,7,86,42,44
050,27,107,"Minnesota","Norman County",3,8,88,43,45
050,27,107,"Minnesota","Norman County",3,9,79,43,36
050,27,107,"Minnesota","Norman County",3,10,83,46,37
050,27,107,"Minnesota","Norman County",3,11,91,55,36
050,27,107,"Minnesota","Norman County",3,12,94,52,42
050,27,107,"Minnesota","Norman County",3,13,100,48,52
050,27,107,"Minnesota","Norman County",3,14,92,44,48
050,27,107,"Minnesota","Norman County",3,15,93,44,49
050,27,107,"Minnesota","Norman County",3,16,93,46,47
050,27,107,"Minnesota","Norman County",3,17,95,48,47
050,27,107,"Minnesota","Norman County",3,18,80,46,34
050,27,107,"Minnesota","Norman County",3,19,63,33,30
050,27,107,"Minnesota","Norman County",3,20,67,41,26
050,27,107,"Minnesota","Norman County",3,21,65,38,27
050,27,107,"Minnesota","Norman County",3,22,58,28,30
050,27,107,"Minnesota","Norman County",3,23,68,29,39
050,27,107,"Minnesota","Norman County",3,24,69,40,29
050,27,107,"Minnesota","Norman County",3,25,59,33,26
050,27,107,"Minnesota","Norman County",3,26,57,33,24
050,27,107,"Minnesota","Norman County",3,27,63,38,25
050,27,107,"Minnesota","Norman County",3,28,67,36,31
050,27,107,"Minnesota","Norman County",3,29,53,31,22
050,27,107,"Minnesota","Norman County",3,30,62,34,28
050,27,107,"Minnesota","Norman County",3,31,67,30,37
050,27,107,"Minnesota","Norman County",3,32,71,38,33
050,27,107,"Minnesota","Norman County",3,33,68,39,29
050,27,107,"Minnesota","Norman County",3,34,60,28,32
050,27,107,"Minnesota","Norman County",3,35,65,32,33
050,27,107,"Minnesota","Norman County",3,36,71,37,34
050,27,107,"Minnesota","Norman County",3,37,60,35,25
050,27,107,"Minnesota","Norman County",3,38,66,35,31
050,27,107,"Minnesota","Norman County",3,39,68,33,35
050,27,107,"Minnesota","Norman County",3,40,77,38,39
050,27,107,"Minnesota","Norman County",3,41,82,41,41
050,27,107,"Minnesota","Norman County",3,42,74,34,40
050,27,107,"Minnesota","Norman County",3,43,71,30,41
050,27,107,"Minnesota","Norman County",3,44,74,37,37
050,27,107,"Minnesota","Norman County",3,45,79,40,39
050,27,107,"Minnesota","Norman County",3,46,83,43,40
050,27,107,"Minnesota","Norman County",3,47,79,43,36
050,27,107,"Minnesota","Norman County",3,48,72,37,35
050,27,107,"Minnesota","Norman County",3,49,75,38,37
050,27,107,"Minnesota","Norman County",3,50,94,49,45
050,27,107,"Minnesota","Norman County",3,51,83,48,35
050,27,107,"Minnesota","Norman County",3,52,68,32,36
050,27,107,"Minnesota","Norman County",3,53,66,31,35
050,27,107,"Minnesota","Norman County",3,54,77,37,40
050,27,107,"Minnesota","Norman County",3,55,81,42,39
050,27,107,"Minnesota","Norman County",3,56,83,44,39
050,27,107,"Minnesota","Norman County",3,57,96,48,48
050,27,107,"Minnesota","Norman County",3,58,118,68,50
050,27,107,"Minnesota","Norman County",3,59,104,53,51
050,27,107,"Minnesota","Norman County",3,60,106,54,52
050,27,107,"Minnesota","Norman County",3,61,99,47,52
050,27,107,"Minnesota","Norman County",3,62,89,42,47
050,27,107,"Minnesota","Norman County",3,63,85,44,41
050,27,107,"Minnesota","Norman County",3,64,92,49,43
050,27,107,"Minnesota","Norman County",3,65,81,42,39
050,27,107,"Minnesota","Norman County",3,66,82,38,44
050,27,107,"Minnesota","Norman County",3,67,92,48,44
050,27,107,"Minnesota","Norman County",3,68,98,55,43
050,27,107,"Minnesota","Norman County",3,69,72,41,31
050,27,107,"Minnesota","Norman County",3,70,66,37,29
050,27,107,"Minnesota","Norman County",3,71,61,33,28
050,27,107,"Minnesota","Norman County",3,72,66,36,30
050,27,107,"Minnesota","Norman County",3,73,69,37,32
050,27,107,"Minnesota","Norman County",3,74,64,29,35
050,27,107,"Minnesota","Norman County",3,75,48,22,26
050,27,107,"Minnesota","Norman County",3,76,57,31,26
050,27,107,"Minnesota","Norman County",3,77,50,23,27
050,27,107,"Minnesota","Norman County",3,78,50,22,28
050,27,107,"Minnesota","Norman County",3,79,45,22,23
050,27,107,"Minnesota","Norman County",3,80,34,15,19
050,27,107,"Minnesota","Norman County",3,81,31,12,19
050,27,107,"Minnesota","Norman County",3,82,30,8,22
050,27,107,"Minnesota","Norman County",3,83,30,14,16
050,27,107,"Minnesota","Norman County",3,84,29,17,12
050,27,107,"Minnesota","Norman County",3,85,209,87,122
050,27,107,"Minnesota","Norman County",4,0,73,34,39
050,27,107,"Minnesota","Norman County",4,1,75,34,41
050,27,107,"Minnesota","Norman County",4,2,79,42,37
050,27,107,"Minnesota","Norman County",4,3,85,40,45
050,27,107,"Minnesota","Norman County",4,4,73,32,41
050,27,107,"Minnesota","Norman County",4,5,86,42,44
050,27,107,"Minnesota","Norman County",4,6,82,40,42
050,27,107,"Minnesota","Norman County",4,7,81,35,46
050,27,107,"Minnesota","Norman County",4,8,85,43,42
050,27,107,"Minnesota","Norman County",4,9,84,40,44
050,27,107,"Minnesota","Norman County",4,10,75,38,37
050,27,107,"Minnesota","Norman County",4,11,75,42,33
050,27,107,"Minnesota","Norman County",4,12,89,54,35
050,27,107,"Minnesota","Norman County",4,13,95,53,42
050,27,107,"Minnesota","Norman County",4,14,99,47,52
050,27,107,"Minnesota","Norman County",4,15,92,43,49
050,27,107,"Minnesota","Norman County",4,16,92,44,48
050,27,107,"Minnesota","Norman County",4,17,95,47,48
050,27,107,"Minnesota","Norman County",4,18,87,46,41
050,27,107,"Minnesota","Norman County",4,19,57,34,23
050,27,107,"Minnesota","Norman County",4,20,63,37,26
050,27,107,"Minnesota","Norman County",4,21,66,37,29
050,27,107,"Minnesota","Norman County",4,22,69,45,24
050,27,107,"Minnesota","Norman County",4,23,57,27,30
050,27,107,"Minnesota","Norman County",4,24,65,26,39
050,27,107,"Minnesota","Norman County",4,25,67,40,27
050,27,107,"Minnesota","Norman County",4,26,64,36,28
050,27,107,"Minnesota","Norman County",4,27,56,32,24
050,27,107,"Minnesota","Norman County",4,28,58,37,21
050,27,107,"Minnesota","Norman County",4,29,61,33,28
050,27,107,"Minnesota","Norman County",4,30,47,27,20
050,27,107,"Minnesota","Norman County",4,31,65,36,29
050,27,107,"Minnesota","Norman County",4,32,62,27,35
050,27,107,"Minnesota","Norman County",4,33,73,38,35
050,27,107,"Minnesota","Norman County",4,34,70,39,31
050,27,107,"Minnesota","Norman County",4,35,60,29,31
050,27,107,"Minnesota","Norman County",4,36,62,30,32
050,27,107,"Minnesota","Norman County",4,37,69,38,31
050,27,107,"Minnesota","Norman County",4,38,60,35,25
050,27,107,"Minnesota","Norman County",4,39,65,32,33
050,27,107,"Minnesota","Norman County",4,40,70,35,35
050,27,107,"Minnesota","Norman County",4,41,79,40,39
050,27,107,"Minnesota","Norman County",4,42,84,42,42
050,27,107,"Minnesota","Norman County",4,43,75,35,40
050,27,107,"Minnesota","Norman County",4,44,68,30,38
050,27,107,"Minnesota","Norman County",4,45,75,38,37
050,27,107,"Minnesota","Norman County",4,46,80,42,38
050,27,107,"Minnesota","Norman County",4,47,80,44,36
050,27,107,"Minnesota","Norman County",4,48,81,44,37
050,27,107,"Minnesota","Norman County",4,49,72,38,34
050,27,107,"Minnesota","Norman County",4,50,76,39,37
050,27,107,"Minnesota","Norman County",4,51,100,51,49
050,27,107,"Minnesota","Norman County",4,52,84,49,35
050,27,107,"Minnesota","Norman County",4,53,69,32,37
050,27,107,"Minnesota","Norman County",4,54,63,30,33
050,27,107,"Minnesota","Norman County",4,55,77,37,40
050,27,107,"Minnesota","Norman County",4,56,82,43,39
050,27,107,"Minnesota","Norman County",4,57,79,44,35
050,27,107,"Minnesota","Norman County",4,58,94,48,46
050,27,107,"Minnesota","Norman County",4,59,115,66,49
050,27,107,"Minnesota","Norman County",4,60,104,52,52
050,27,107,"Minnesota","Norman County",4,61,105,53,52
050,27,107,"Minnesota","Norman County",4,62,97,48,49
050,27,107,"Minnesota","Norman County",4,63,89,40,49
050,27,107,"Minnesota","Norman County",4,64,81,43,38
050,27,107,"Minnesota","Norman County",4,65,87,44,43
050,27,107,"Minnesota","Norman County",4,66,82,43,39
050,27,107,"Minnesota","Norman County",4,67,80,39,41
050,27,107,"Minnesota","Norman County",4,68,95,50,45
050,27,107,"Minnesota","Norman County",4,69,96,53,43
050,27,107,"Minnesota","Norman County",4,70,67,40,27
050,27,107,"Minnesota","Norman County",4,71,63,33,30
050,27,107,"Minnesota","Norman County",4,72,56,29,27
050,27,107,"Minnesota","Norman County",4,73,65,35,30
050,27,107,"Minnesota","Norman County",4,74,62,32,30
050,27,107,"Minnesota","Norman County",4,75,61,29,32
050,27,107,"Minnesota","Norman County",4,76,48,23,25
050,27,107,"Minnesota","Norman County",4,77,56,29,27
050,27,107,"Minnesota","Norman County",4,78,44,20,24
050,27,107,"Minnesota","Norman County",4,79,51,23,28
050,27,107,"Minnesota","Norman County",4,80,35,18,17
050,27,107,"Minnesota","Norman County",4,81,32,13,19
050,27,107,"Minnesota","Norman County",4,82,29,9,20
050,27,107,"Minnesota","Norman County",4,83,26,10,16
050,27,107,"Minnesota","Norman County",4,84,31,14,17
050,27,107,"Minnesota","Norman County",4,85,208,86,122
050,27,107,"Minnesota","Norman County",5,0,55,24,31
050,27,107,"Minnesota","Norman County",5,1,67,30,37
050,27,107,"Minnesota","Norman County",5,2,78,35,43
050,27,107,"Minnesota","Norman County",5,3,82,48,34
050,27,107,"Minnesota","Norman County",5,4,83,38,45
050,27,107,"Minnesota","Norman County",5,5,75,35,40
050,27,107,"Minnesota","Norman County",5,6,83,42,41
050,27,107,"Minnesota","Norman County",5,7,82,42,40
050,27,107,"Minnesota","Norman County",5,8,86,39,47
050,27,107,"Minnesota","Norman County",5,9,86,41,45
050,27,107,"Minnesota","Norman County",5,10,80,40,40
050,27,107,"Minnesota","Norman County",5,11,73,37,36
050,27,107,"Minnesota","Norman County",5,12,77,41,36
050,27,107,"Minnesota","Norman County",5,13,90,54,36
050,27,107,"Minnesota","Norman County",5,14,92,50,42
050,27,107,"Minnesota","Norman County",5,15,98,46,52
050,27,107,"Minnesota","Norman County",5,16,90,42,48
050,27,107,"Minnesota","Norman County",5,17,95,46,49
050,27,107,"Minnesota","Norman County",5,18,81,42,39
050,27,107,"Minnesota","Norman County",5,19,67,36,31
050,27,107,"Minnesota","Norman County",5,20,61,39,22
050,27,107,"Minnesota","Norman County",5,21,72,41,31
050,27,107,"Minnesota","Norman County",5,22,68,39,29
050,27,107,"Minnesota","Norman County",5,23,72,47,25
050,27,107,"Minnesota","Norman County",5,24,62,23,39
050,27,107,"Minnesota","Norman County",5,25,50,18,32
050,27,107,"Minnesota","Norman County",5,26,63,40,23
050,27,107,"Minnesota","Norman County",5,27,62,33,29
050,27,107,"Minnesota","Norman County",5,28,61,38,23
050,27,107,"Minnesota","Norman County",5,29,60,43,17
050,27,107,"Minnesota","Norman County",5,30,66,32,34
050,27,107,"Minnesota","Norman County",5,31,51,27,24
050,27,107,"Minnesota","Norman County",5,32,65,39,26
050,27,107,"Minnesota","Norman County",5,33,68,32,36
050,27,107,"Minnesota","Norman County",5,34,72,38,34
050,27,107,"Minnesota","Norman County",5,35,65,37,28
050,27,107,"Minnesota","Norman County",5,36,68,35,33
050,27,107,"Minnesota","Norman County",5,37,63,32,31
050,27,107,"Minnesota","Norman County",5,38,71,38,33
050,27,107,"Minnesota","Norman County",5,39,59,34,25
050,27,107,"Minnesota","Norman County",5,40,67,35,32
050,27,107,"Minnesota","Norman County",5,41,70,34,36
050,27,107,"Minnesota","Norman County",5,42,75,38,37
050,27,107,"Minnesota","Norman County",5,43,84,41,43
050,27,107,"Minnesota","Norman County",5,44,76,34,42
050,27,107,"Minnesota","Norman County",5,45,72,32,40
050,27,107,"Minnesota","Norman County",5,46,78,40,38
050,27,107,"Minnesota","Norman County",5,47,78,40,38
050,27,107,"Minnesota","Norman County",5,48,80,45,35
050,27,107,"Minnesota","Norman County",5,49,77,43,34
050,27,107,"Minnesota","Norman County",5,50,74,37,37
050,27,107,"Minnesota","Norman County",5,51,71,39,32
050,27,107,"Minnesota","Norman County",5,52,98,52,46
050,27,107,"Minnesota","Norman County",5,53,89,49,40
050,27,107,"Minnesota","Norman County",5,54,70,33,37
050,27,107,"Minnesota","Norman County",5,55,63,30,33
050,27,107,"Minnesota","Norman County",5,56,72,34,38
050,27,107,"Minnesota","Norman County",5,57,79,43,36
050,27,107,"Minnesota","Norman County",5,58,80,44,36
050,27,107,"Minnesota","Norman County",5,59,94,49,45
050,27,107,"Minnesota","Norman County",5,60,116,67,49
050,27,107,"Minnesota","Norman County",5,61,104,53,51
050,27,107,"Minnesota","Norman County",5,62,106,55,51
050,27,107,"Minnesota","Norman County",5,63,97,47,50
050,27,107,"Minnesota","Norman County",5,64,87,39,48
050,27,107,"Minnesota","Norman County",5,65,80,40,40
050,27,107,"Minnesota","Norman County",5,66,84,44,40
050,27,107,"Minnesota","Norman County",5,67,82,45,37
050,27,107,"Minnesota","Norman County",5,68,83,41,42
050,27,107,"Minnesota","Norman County",5,69,89,47,42
050,27,107,"Minnesota","Norman County",5,70,92,50,42
050,27,107,"Minnesota","Norman County",5,71,66,40,26
050,27,107,"Minnesota","Norman County",5,72,58,29,29
050,27,107,"Minnesota","Norman County",5,73,56,28,28
050,27,107,"Minnesota","Norman County",5,74,59,29,30
050,27,107,"Minnesota","Norman County",5,75,61,32,29
050,27,107,"Minnesota","Norman County",5,76,57,27,30
050,27,107,"Minnesota","Norman County",5,77,49,22,27
050,27,107,"Minnesota","Norman County",5,78,47,23,24
050,27,107,"Minnesota","Norman County",5,79,45,21,24
050,27,107,"Minnesota","Norman County",5,80,41,18,23
050,27,107,"Minnesota","Norman County",5,81,35,17,18
050,27,107,"Minnesota","Norman County",5,82,29,9,20
050,27,107,"Minnesota","Norman County",5,83,22,10,12
050,27,107,"Minnesota","Norman County",5,84,27,10,17
050,27,107,"Minnesota","Norman County",5,85,211,85,126
050,27,109,"Minnesota","Olmsted County",1,0,2057,1061,996
050,27,109,"Minnesota","Olmsted County",1,1,2105,1088,1017
050,27,109,"Minnesota","Olmsted County",1,2,2140,1094,1046
050,27,109,"Minnesota","Olmsted County",1,3,2180,1100,1080
050,27,109,"Minnesota","Olmsted County",1,4,2245,1126,1119
050,27,109,"Minnesota","Olmsted County",1,5,2278,1101,1177
050,27,109,"Minnesota","Olmsted County",1,6,2206,1113,1093
050,27,109,"Minnesota","Olmsted County",1,7,2164,1097,1067
050,27,109,"Minnesota","Olmsted County",1,8,2161,1133,1028
050,27,109,"Minnesota","Olmsted County",1,9,2182,1136,1046
050,27,109,"Minnesota","Olmsted County",1,10,2219,1158,1061
050,27,109,"Minnesota","Olmsted County",1,11,2292,1169,1123
050,27,109,"Minnesota","Olmsted County",1,12,2391,1238,1153
050,27,109,"Minnesota","Olmsted County",1,13,2360,1199,1161
050,27,109,"Minnesota","Olmsted County",1,14,2328,1185,1143
050,27,109,"Minnesota","Olmsted County",1,15,2306,1175,1131
050,27,109,"Minnesota","Olmsted County",1,16,2299,1168,1131
050,27,109,"Minnesota","Olmsted County",1,17,2195,1129,1066
050,27,109,"Minnesota","Olmsted County",1,18,1842,939,903
050,27,109,"Minnesota","Olmsted County",1,19,1592,789,803
050,27,109,"Minnesota","Olmsted County",1,20,1644,830,814
050,27,109,"Minnesota","Olmsted County",1,21,1673,843,830
050,27,109,"Minnesota","Olmsted County",1,22,1752,863,889
050,27,109,"Minnesota","Olmsted County",1,23,2034,960,1074
050,27,109,"Minnesota","Olmsted County",1,24,2221,1014,1207
050,27,109,"Minnesota","Olmsted County",1,25,2256,1043,1213
050,27,109,"Minnesota","Olmsted County",1,26,2348,1118,1230
050,27,109,"Minnesota","Olmsted County",1,27,2374,1126,1248
050,27,109,"Minnesota","Olmsted County",1,28,2329,1089,1240
050,27,109,"Minnesota","Olmsted County",1,29,2268,1138,1130
050,27,109,"Minnesota","Olmsted County",1,30,2316,1107,1209
050,27,109,"Minnesota","Olmsted County",1,31,2343,1141,1202
050,27,109,"Minnesota","Olmsted County",1,32,2279,1132,1147
050,27,109,"Minnesota","Olmsted County",1,33,2259,1125,1134
050,27,109,"Minnesota","Olmsted County",1,34,2403,1202,1201
050,27,109,"Minnesota","Olmsted County",1,35,2418,1233,1185
050,27,109,"Minnesota","Olmsted County",1,36,2472,1262,1210
050,27,109,"Minnesota","Olmsted County",1,37,2373,1182,1191
050,27,109,"Minnesota","Olmsted County",1,38,2400,1195,1205
050,27,109,"Minnesota","Olmsted County",1,39,2317,1179,1138
050,27,109,"Minnesota","Olmsted County",1,40,2239,1129,1110
050,27,109,"Minnesota","Olmsted County",1,41,2139,1089,1050
050,27,109,"Minnesota","Olmsted County",1,42,2061,1023,1038
050,27,109,"Minnesota","Olmsted County",1,43,1967,1034,933
050,27,109,"Minnesota","Olmsted County",1,44,1922,979,943
050,27,109,"Minnesota","Olmsted County",1,45,1819,934,885
050,27,109,"Minnesota","Olmsted County",1,46,1726,865,861
050,27,109,"Minnesota","Olmsted County",1,47,1686,844,842
050,27,109,"Minnesota","Olmsted County",1,48,1828,924,904
050,27,109,"Minnesota","Olmsted County",1,49,1975,997,978
050,27,109,"Minnesota","Olmsted County",1,50,1882,951,931
050,27,109,"Minnesota","Olmsted County",1,51,1814,918,896
050,27,109,"Minnesota","Olmsted County",1,52,1748,877,871
050,27,109,"Minnesota","Olmsted County",1,53,1759,860,899
050,27,109,"Minnesota","Olmsted County",1,54,1899,935,964
050,27,109,"Minnesota","Olmsted County",1,55,2035,1006,1029
050,27,109,"Minnesota","Olmsted County",1,56,2062,1034,1028
050,27,109,"Minnesota","Olmsted County",1,57,2088,1029,1059
050,27,109,"Minnesota","Olmsted County",1,58,2161,1045,1116
050,27,109,"Minnesota","Olmsted County",1,59,2168,1079,1089
050,27,109,"Minnesota","Olmsted County",1,60,2199,1079,1120
050,27,109,"Minnesota","Olmsted County",1,61,2161,1032,1129
050,27,109,"Minnesota","Olmsted County",1,62,2123,1001,1122
050,27,109,"Minnesota","Olmsted County",1,63,1939,930,1009
050,27,109,"Minnesota","Olmsted County",1,64,1786,865,921
050,27,109,"Minnesota","Olmsted County",1,65,1732,837,895
050,27,109,"Minnesota","Olmsted County",1,66,1756,855,901
050,27,109,"Minnesota","Olmsted County",1,67,1650,802,848
050,27,109,"Minnesota","Olmsted County",1,68,1562,749,813
050,27,109,"Minnesota","Olmsted County",1,69,1406,656,750
050,27,109,"Minnesota","Olmsted County",1,70,1344,624,720
050,27,109,"Minnesota","Olmsted County",1,71,1306,594,712
050,27,109,"Minnesota","Olmsted County",1,72,1283,578,705
050,27,109,"Minnesota","Olmsted County",1,73,1288,601,687
050,27,109,"Minnesota","Olmsted County",1,74,922,418,504
050,27,109,"Minnesota","Olmsted County",1,75,953,431,522
050,27,109,"Minnesota","Olmsted County",1,76,988,451,537
050,27,109,"Minnesota","Olmsted County",1,77,1000,457,543
050,27,109,"Minnesota","Olmsted County",1,78,847,358,489
050,27,109,"Minnesota","Olmsted County",1,79,745,307,438
050,27,109,"Minnesota","Olmsted County",1,80,715,304,411
050,27,109,"Minnesota","Olmsted County",1,81,709,288,421
050,27,109,"Minnesota","Olmsted County",1,82,648,260,388
050,27,109,"Minnesota","Olmsted County",1,83,587,246,341
050,27,109,"Minnesota","Olmsted County",1,84,572,247,325
050,27,109,"Minnesota","Olmsted County",1,85,3630,1343,2287
050,27,109,"Minnesota","Olmsted County",2,0,2029,1051,978
050,27,109,"Minnesota","Olmsted County",2,1,2087,1079,1008
050,27,109,"Minnesota","Olmsted County",2,2,2138,1094,1044
050,27,109,"Minnesota","Olmsted County",2,3,2159,1091,1068
050,27,109,"Minnesota","Olmsted County",2,4,2233,1121,1112
050,27,109,"Minnesota","Olmsted County",2,5,2263,1105,1158
050,27,109,"Minnesota","Olmsted County",2,6,2222,1109,1113
050,27,109,"Minnesota","Olmsted County",2,7,2173,1099,1074
050,27,109,"Minnesota","Olmsted County",2,8,2156,1119,1037
050,27,109,"Minnesota","Olmsted County",2,9,2173,1133,1040
050,27,109,"Minnesota","Olmsted County",2,10,2210,1151,1059
050,27,109,"Minnesota","Olmsted County",2,11,2263,1164,1099
050,27,109,"Minnesota","Olmsted County",2,12,2376,1226,1150
050,27,109,"Minnesota","Olmsted County",2,13,2362,1209,1153
050,27,109,"Minnesota","Olmsted County",2,14,2339,1192,1147
050,27,109,"Minnesota","Olmsted County",2,15,2317,1180,1137
050,27,109,"Minnesota","Olmsted County",2,16,2301,1171,1130
050,27,109,"Minnesota","Olmsted County",2,17,2217,1137,1080
050,27,109,"Minnesota","Olmsted County",2,18,1854,953,901
050,27,109,"Minnesota","Olmsted County",2,19,1601,794,807
050,27,109,"Minnesota","Olmsted County",2,20,1672,836,836
050,27,109,"Minnesota","Olmsted County",2,21,1689,847,842
050,27,109,"Minnesota","Olmsted County",2,22,1795,878,917
050,27,109,"Minnesota","Olmsted County",2,23,2024,956,1068
050,27,109,"Minnesota","Olmsted County",2,24,2195,1013,1182
050,27,109,"Minnesota","Olmsted County",2,25,2267,1051,1216
050,27,109,"Minnesota","Olmsted County",2,26,2343,1109,1234
050,27,109,"Minnesota","Olmsted County",2,27,2376,1127,1249
050,27,109,"Minnesota","Olmsted County",2,28,2354,1115,1239
050,27,109,"Minnesota","Olmsted County",2,29,2285,1125,1160
050,27,109,"Minnesota","Olmsted County",2,30,2320,1121,1199
050,27,109,"Minnesota","Olmsted County",2,31,2338,1135,1203
050,27,109,"Minnesota","Olmsted County",2,32,2289,1130,1159
050,27,109,"Minnesota","Olmsted County",2,33,2269,1134,1135
050,27,109,"Minnesota","Olmsted County",2,34,2366,1189,1177
050,27,109,"Minnesota","Olmsted County",2,35,2422,1229,1193
050,27,109,"Minnesota","Olmsted County",2,36,2439,1241,1198
050,27,109,"Minnesota","Olmsted County",2,37,2411,1210,1201
050,27,109,"Minnesota","Olmsted County",2,38,2402,1196,1206
050,27,109,"Minnesota","Olmsted County",2,39,2327,1181,1146
050,27,109,"Minnesota","Olmsted County",2,40,2262,1144,1118
050,27,109,"Minnesota","Olmsted County",2,41,2157,1094,1063
050,27,109,"Minnesota","Olmsted County",2,42,2065,1033,1032
050,27,109,"Minnesota","Olmsted County",2,43,2001,1035,966
050,27,109,"Minnesota","Olmsted County",2,44,1917,987,930
050,27,109,"Minnesota","Olmsted County",2,45,1848,950,898
050,27,109,"Minnesota","Olmsted County",2,46,1741,877,864
050,27,109,"Minnesota","Olmsted County",2,47,1689,844,845
050,27,109,"Minnesota","Olmsted County",2,48,1794,905,889
050,27,109,"Minnesota","Olmsted County",2,49,1944,982,962
050,27,109,"Minnesota","Olmsted County",2,50,1909,965,944
050,27,109,"Minnesota","Olmsted County",2,51,1816,916,900
050,27,109,"Minnesota","Olmsted County",2,52,1758,885,873
050,27,109,"Minnesota","Olmsted County",2,53,1753,862,891
050,27,109,"Minnesota","Olmsted County",2,54,1859,913,946
050,27,109,"Minnesota","Olmsted County",2,55,1997,987,1010
050,27,109,"Minnesota","Olmsted County",2,56,2046,1023,1023
050,27,109,"Minnesota","Olmsted County",2,57,2078,1028,1050
050,27,109,"Minnesota","Olmsted County",2,58,2130,1035,1095
050,27,109,"Minnesota","Olmsted County",2,59,2170,1075,1095
050,27,109,"Minnesota","Olmsted County",2,60,2181,1071,1110
050,27,109,"Minnesota","Olmsted County",2,61,2162,1041,1121
050,27,109,"Minnesota","Olmsted County",2,62,2120,1004,1116
050,27,109,"Minnesota","Olmsted County",2,63,1987,952,1035
050,27,109,"Minnesota","Olmsted County",2,64,1806,871,935
050,27,109,"Minnesota","Olmsted County",2,65,1735,836,899
050,27,109,"Minnesota","Olmsted County",2,66,1743,845,898
050,27,109,"Minnesota","Olmsted County",2,67,1662,809,853
050,27,109,"Minnesota","Olmsted County",2,68,1570,753,817
050,27,109,"Minnesota","Olmsted County",2,69,1444,677,767
050,27,109,"Minnesota","Olmsted County",2,70,1354,629,725
050,27,109,"Minnesota","Olmsted County",2,71,1317,604,713
050,27,109,"Minnesota","Olmsted County",2,72,1265,572,693
050,27,109,"Minnesota","Olmsted County",2,73,1342,620,722
050,27,109,"Minnesota","Olmsted County",2,74,943,429,514
050,27,109,"Minnesota","Olmsted County",2,75,937,426,511
050,27,109,"Minnesota","Olmsted County",2,76,968,440,528
050,27,109,"Minnesota","Olmsted County",2,77,1018,464,554
050,27,109,"Minnesota","Olmsted County",2,78,858,367,491
050,27,109,"Minnesota","Olmsted County",2,79,757,313,444
050,27,109,"Minnesota","Olmsted County",2,80,709,295,414
050,27,109,"Minnesota","Olmsted County",2,81,706,288,418
050,27,109,"Minnesota","Olmsted County",2,82,653,262,391
050,27,109,"Minnesota","Olmsted County",2,83,593,244,349
050,27,109,"Minnesota","Olmsted County",2,84,567,242,325
050,27,109,"Minnesota","Olmsted County",2,85,3650,1353,2297
050,27,109,"Minnesota","Olmsted County",3,0,1944,1028,916
050,27,109,"Minnesota","Olmsted County",3,1,2018,1025,993
050,27,109,"Minnesota","Olmsted County",3,2,2061,1051,1010
050,27,109,"Minnesota","Olmsted County",3,3,2155,1094,1061
050,27,109,"Minnesota","Olmsted County",3,4,2184,1096,1088
050,27,109,"Minnesota","Olmsted County",3,5,2209,1111,1098
050,27,109,"Minnesota","Olmsted County",3,6,2271,1118,1153
050,27,109,"Minnesota","Olmsted County",3,7,2210,1098,1112
050,27,109,"Minnesota","Olmsted County",3,8,2198,1104,1094
050,27,109,"Minnesota","Olmsted County",3,9,2136,1113,1023
050,27,109,"Minnesota","Olmsted County",3,10,2163,1130,1033
050,27,109,"Minnesota","Olmsted County",3,11,2215,1147,1068
050,27,109,"Minnesota","Olmsted County",3,12,2269,1166,1103
050,27,109,"Minnesota","Olmsted County",3,13,2385,1227,1158
050,27,109,"Minnesota","Olmsted County",3,14,2352,1211,1141
050,27,109,"Minnesota","Olmsted County",3,15,2327,1180,1147
050,27,109,"Minnesota","Olmsted County",3,16,2300,1165,1135
050,27,109,"Minnesota","Olmsted County",3,17,2300,1190,1110
050,27,109,"Minnesota","Olmsted County",3,18,1973,1023,950
050,27,109,"Minnesota","Olmsted County",3,19,1638,841,797
050,27,109,"Minnesota","Olmsted County",3,20,1659,827,832
050,27,109,"Minnesota","Olmsted County",3,21,1727,846,881
050,27,109,"Minnesota","Olmsted County",3,22,1782,873,909
050,27,109,"Minnesota","Olmsted County",3,23,2047,956,1091
050,27,109,"Minnesota","Olmsted County",3,24,2186,1040,1146
050,27,109,"Minnesota","Olmsted County",3,25,2230,1030,1200
050,27,109,"Minnesota","Olmsted County",3,26,2335,1096,1239
050,27,109,"Minnesota","Olmsted County",3,27,2366,1128,1238
050,27,109,"Minnesota","Olmsted County",3,28,2403,1128,1275
050,27,109,"Minnesota","Olmsted County",3,29,2387,1142,1245
050,27,109,"Minnesota","Olmsted County",3,30,2322,1140,1182
050,27,109,"Minnesota","Olmsted County",3,31,2351,1132,1219
050,27,109,"Minnesota","Olmsted County",3,32,2320,1138,1182
050,27,109,"Minnesota","Olmsted County",3,33,2258,1115,1143
050,27,109,"Minnesota","Olmsted County",3,34,2259,1142,1117
050,27,109,"Minnesota","Olmsted County",3,35,2339,1178,1161
050,27,109,"Minnesota","Olmsted County",3,36,2395,1212,1183
050,27,109,"Minnesota","Olmsted County",3,37,2423,1235,1188
050,27,109,"Minnesota","Olmsted County",3,38,2414,1209,1205
050,27,109,"Minnesota","Olmsted County",3,39,2404,1208,1196
050,27,109,"Minnesota","Olmsted County",3,40,2287,1164,1123
050,27,109,"Minnesota","Olmsted County",3,41,2251,1119,1132
050,27,109,"Minnesota","Olmsted County",3,42,2151,1098,1053
050,27,109,"Minnesota","Olmsted County",3,43,2054,1036,1018
050,27,109,"Minnesota","Olmsted County",3,44,1999,1017,982
050,27,109,"Minnesota","Olmsted County",3,45,1902,971,931
050,27,109,"Minnesota","Olmsted County",3,46,1850,953,897
050,27,109,"Minnesota","Olmsted County",3,47,1735,873,862
050,27,109,"Minnesota","Olmsted County",3,48,1660,832,828
050,27,109,"Minnesota","Olmsted County",3,49,1779,890,889
050,27,109,"Minnesota","Olmsted County",3,50,1931,976,955
050,27,109,"Minnesota","Olmsted County",3,51,1910,966,944
050,27,109,"Minnesota","Olmsted County",3,52,1806,912,894
050,27,109,"Minnesota","Olmsted County",3,53,1755,880,875
050,27,109,"Minnesota","Olmsted County",3,54,1745,863,882
050,27,109,"Minnesota","Olmsted County",3,55,1831,894,937
050,27,109,"Minnesota","Olmsted County",3,56,1955,969,986
050,27,109,"Minnesota","Olmsted County",3,57,2041,1017,1024
050,27,109,"Minnesota","Olmsted County",3,58,2059,1016,1043
050,27,109,"Minnesota","Olmsted County",3,59,2078,1004,1074
050,27,109,"Minnesota","Olmsted County",3,60,2141,1054,1087
050,27,109,"Minnesota","Olmsted County",3,61,2162,1063,1099
050,27,109,"Minnesota","Olmsted County",3,62,2126,1029,1097
050,27,109,"Minnesota","Olmsted County",3,63,2069,973,1096
050,27,109,"Minnesota","Olmsted County",3,64,1967,941,1026
050,27,109,"Minnesota","Olmsted County",3,65,1795,869,926
050,27,109,"Minnesota","Olmsted County",3,66,1699,810,889
050,27,109,"Minnesota","Olmsted County",3,67,1725,839,886
050,27,109,"Minnesota","Olmsted County",3,68,1619,777,842
050,27,109,"Minnesota","Olmsted County",3,69,1564,755,809
050,27,109,"Minnesota","Olmsted County",3,70,1422,658,764
050,27,109,"Minnesota","Olmsted County",3,71,1330,619,711
050,27,109,"Minnesota","Olmsted County",3,72,1294,592,702
050,27,109,"Minnesota","Olmsted County",3,73,1266,572,694
050,27,109,"Minnesota","Olmsted County",3,74,1300,586,714
050,27,109,"Minnesota","Olmsted County",3,75,898,408,490
050,27,109,"Minnesota","Olmsted County",3,76,912,405,507
050,27,109,"Minnesota","Olmsted County",3,77,953,435,518
050,27,109,"Minnesota","Olmsted County",3,78,997,444,553
050,27,109,"Minnesota","Olmsted County",3,79,817,348,469
050,27,109,"Minnesota","Olmsted County",3,80,733,295,438
050,27,109,"Minnesota","Olmsted County",3,81,700,279,421
050,27,109,"Minnesota","Olmsted County",3,82,652,264,388
050,27,109,"Minnesota","Olmsted County",3,83,629,257,372
050,27,109,"Minnesota","Olmsted County",3,84,543,219,324
050,27,109,"Minnesota","Olmsted County",3,85,3735,1390,2345
050,27,109,"Minnesota","Olmsted County",4,0,2040,1063,977
050,27,109,"Minnesota","Olmsted County",4,1,1877,987,890
050,27,109,"Minnesota","Olmsted County",4,2,2012,1011,1001
050,27,109,"Minnesota","Olmsted County",4,3,2084,1075,1009
050,27,109,"Minnesota","Olmsted County",4,4,2137,1087,1050
050,27,109,"Minnesota","Olmsted County",4,5,2175,1080,1095
050,27,109,"Minnesota","Olmsted County",4,6,2174,1084,1090
050,27,109,"Minnesota","Olmsted County",4,7,2232,1109,1123
050,27,109,"Minnesota","Olmsted County",4,8,2171,1085,1086
050,27,109,"Minnesota","Olmsted County",4,9,2168,1092,1076
050,27,109,"Minnesota","Olmsted County",4,10,2169,1119,1050
050,27,109,"Minnesota","Olmsted County",4,11,2189,1152,1037
050,27,109,"Minnesota","Olmsted County",4,12,2202,1134,1068
050,27,109,"Minnesota","Olmsted County",4,13,2257,1174,1083
050,27,109,"Minnesota","Olmsted County",4,14,2373,1230,1143
050,27,109,"Minnesota","Olmsted County",4,15,2336,1211,1125
050,27,109,"Minnesota","Olmsted County",4,16,2339,1187,1152
050,27,109,"Minnesota","Olmsted County",4,17,2327,1178,1149
050,27,109,"Minnesota","Olmsted County",4,18,2021,1069,952
050,27,109,"Minnesota","Olmsted County",4,19,1648,847,801
050,27,109,"Minnesota","Olmsted County",4,20,1701,870,831
050,27,109,"Minnesota","Olmsted County",4,21,1710,847,863
050,27,109,"Minnesota","Olmsted County",4,22,1850,880,970
050,27,109,"Minnesota","Olmsted County",4,23,2046,941,1105
050,27,109,"Minnesota","Olmsted County",4,24,2166,1007,1159
050,27,109,"Minnesota","Olmsted County",4,25,2204,1065,1139
050,27,109,"Minnesota","Olmsted County",4,26,2265,1081,1184
050,27,109,"Minnesota","Olmsted County",4,27,2343,1084,1259
050,27,109,"Minnesota","Olmsted County",4,28,2376,1145,1231
050,27,109,"Minnesota","Olmsted County",4,29,2394,1118,1276
050,27,109,"Minnesota","Olmsted County",4,30,2388,1160,1228
050,27,109,"Minnesota","Olmsted County",4,31,2362,1158,1204
050,27,109,"Minnesota","Olmsted County",4,32,2297,1107,1190
050,27,109,"Minnesota","Olmsted County",4,33,2253,1103,1150
050,27,109,"Minnesota","Olmsted County",4,34,2245,1112,1133
050,27,109,"Minnesota","Olmsted County",4,35,2242,1126,1116
050,27,109,"Minnesota","Olmsted County",4,36,2325,1173,1152
050,27,109,"Minnesota","Olmsted County",4,37,2425,1234,1191
050,27,109,"Minnesota","Olmsted County",4,38,2430,1234,1196
050,27,109,"Minnesota","Olmsted County",4,39,2402,1216,1186
050,27,109,"Minnesota","Olmsted County",4,40,2384,1202,1182
050,27,109,"Minnesota","Olmsted County",4,41,2278,1159,1119
050,27,109,"Minnesota","Olmsted County",4,42,2229,1103,1126
050,27,109,"Minnesota","Olmsted County",4,43,2117,1083,1034
050,27,109,"Minnesota","Olmsted County",4,44,2046,1022,1024
050,27,109,"Minnesota","Olmsted County",4,45,1994,1013,981
050,27,109,"Minnesota","Olmsted County",4,46,1903,969,934
050,27,109,"Minnesota","Olmsted County",4,47,1842,937,905
050,27,109,"Minnesota","Olmsted County",4,48,1714,866,848
050,27,109,"Minnesota","Olmsted County",4,49,1660,837,823
050,27,109,"Minnesota","Olmsted County",4,50,1765,894,871
050,27,109,"Minnesota","Olmsted County",4,51,1893,953,940
050,27,109,"Minnesota","Olmsted County",4,52,1871,941,930
050,27,109,"Minnesota","Olmsted County",4,53,1802,900,902
050,27,109,"Minnesota","Olmsted County",4,54,1741,868,873
050,27,109,"Minnesota","Olmsted County",4,55,1724,851,873
050,27,109,"Minnesota","Olmsted County",4,56,1790,876,914
050,27,109,"Minnesota","Olmsted County",4,57,1934,957,977
050,27,109,"Minnesota","Olmsted County",4,58,2009,986,1023
050,27,109,"Minnesota","Olmsted County",4,59,2036,1015,1021
050,27,109,"Minnesota","Olmsted County",4,60,2039,986,1053
050,27,109,"Minnesota","Olmsted County",4,61,2117,1047,1070
050,27,109,"Minnesota","Olmsted County",4,62,2098,1035,1063
050,27,109,"Minnesota","Olmsted County",4,63,2059,994,1065
050,27,109,"Minnesota","Olmsted County",4,64,2034,961,1073
050,27,109,"Minnesota","Olmsted County",4,65,1934,915,1019
050,27,109,"Minnesota","Olmsted County",4,66,1742,831,911
050,27,109,"Minnesota","Olmsted County",4,67,1676,793,883
050,27,109,"Minnesota","Olmsted County",4,68,1699,821,878
050,27,109,"Minnesota","Olmsted County",4,69,1623,779,844
050,27,109,"Minnesota","Olmsted County",4,70,1542,731,811
050,27,109,"Minnesota","Olmsted County",4,71,1403,645,758
050,27,109,"Minnesota","Olmsted County",4,72,1304,603,701
050,27,109,"Minnesota","Olmsted County",4,73,1289,585,704
050,27,109,"Minnesota","Olmsted County",4,74,1249,557,692
050,27,109,"Minnesota","Olmsted County",4,75,1276,581,695
050,27,109,"Minnesota","Olmsted County",4,76,906,408,498
050,27,109,"Minnesota","Olmsted County",4,77,901,401,500
050,27,109,"Minnesota","Olmsted County",4,78,917,405,512
050,27,109,"Minnesota","Olmsted County",4,79,948,418,530
050,27,109,"Minnesota","Olmsted County",4,80,778,332,446
050,27,109,"Minnesota","Olmsted County",4,81,716,275,441
050,27,109,"Minnesota","Olmsted County",4,82,647,259,388
050,27,109,"Minnesota","Olmsted County",4,83,636,255,381
050,27,109,"Minnesota","Olmsted County",4,84,576,223,353
050,27,109,"Minnesota","Olmsted County",4,85,3840,1411,2429
050,27,109,"Minnesota","Olmsted County",5,0,2017,1049,968
050,27,109,"Minnesota","Olmsted County",5,1,2086,1085,1001
050,27,109,"Minnesota","Olmsted County",5,2,1858,968,890
050,27,109,"Minnesota","Olmsted County",5,3,1995,1033,962
050,27,109,"Minnesota","Olmsted County",5,4,2092,1079,1013
050,27,109,"Minnesota","Olmsted County",5,5,2135,1101,1034
050,27,109,"Minnesota","Olmsted County",5,6,2152,1066,1086
050,27,109,"Minnesota","Olmsted County",5,7,2186,1097,1089
050,27,109,"Minnesota","Olmsted County",5,8,2236,1107,1129
050,27,109,"Minnesota","Olmsted County",5,9,2182,1092,1090
050,27,109,"Minnesota","Olmsted County",5,10,2167,1093,1074
050,27,109,"Minnesota","Olmsted County",5,11,2179,1131,1048
050,27,109,"Minnesota","Olmsted County",5,12,2206,1150,1056
050,27,109,"Minnesota","Olmsted County",5,13,2214,1138,1076
050,27,109,"Minnesota","Olmsted County",5,14,2257,1170,1087
050,27,109,"Minnesota","Olmsted County",5,15,2369,1242,1127
050,27,109,"Minnesota","Olmsted County",5,16,2315,1183,1132
050,27,109,"Minnesota","Olmsted County",5,17,2317,1177,1140
050,27,109,"Minnesota","Olmsted County",5,18,2020,1050,970
050,27,109,"Minnesota","Olmsted County",5,19,1733,900,833
050,27,109,"Minnesota","Olmsted County",5,20,1744,886,858
050,27,109,"Minnesota","Olmsted County",5,21,1748,875,873
050,27,109,"Minnesota","Olmsted County",5,22,1832,883,949
050,27,109,"Minnesota","Olmsted County",5,23,2097,963,1134
050,27,109,"Minnesota","Olmsted County",5,24,2147,985,1162
050,27,109,"Minnesota","Olmsted County",5,25,2165,1021,1144
050,27,109,"Minnesota","Olmsted County",5,26,2241,1102,1139
050,27,109,"Minnesota","Olmsted County",5,27,2293,1098,1195
050,27,109,"Minnesota","Olmsted County",5,28,2412,1145,1267
050,27,109,"Minnesota","Olmsted County",5,29,2415,1174,1241
050,27,109,"Minnesota","Olmsted County",5,30,2360,1115,1245
050,27,109,"Minnesota","Olmsted County",5,31,2382,1168,1214
050,27,109,"Minnesota","Olmsted County",5,32,2399,1178,1221
050,27,109,"Minnesota","Olmsted County",5,33,2238,1074,1164
050,27,109,"Minnesota","Olmsted County",5,34,2226,1104,1122
050,27,109,"Minnesota","Olmsted County",5,35,2218,1099,1119
050,27,109,"Minnesota","Olmsted County",5,36,2232,1131,1101
050,27,109,"Minnesota","Olmsted County",5,37,2356,1204,1152
050,27,109,"Minnesota","Olmsted County",5,38,2388,1216,1172
050,27,109,"Minnesota","Olmsted County",5,39,2451,1258,1193
050,27,109,"Minnesota","Olmsted County",5,40,2398,1213,1185
050,27,109,"Minnesota","Olmsted County",5,41,2361,1203,1158
050,27,109,"Minnesota","Olmsted County",5,42,2266,1144,1122
050,27,109,"Minnesota","Olmsted County",5,43,2203,1090,1113
050,27,109,"Minnesota","Olmsted County",5,44,2152,1092,1060
050,27,109,"Minnesota","Olmsted County",5,45,2050,1043,1007
050,27,109,"Minnesota","Olmsted County",5,46,1993,1005,988
050,27,109,"Minnesota","Olmsted County",5,47,1882,943,939
050,27,109,"Minnesota","Olmsted County",5,48,1849,942,907
050,27,109,"Minnesota","Olmsted County",5,49,1698,866,832
050,27,109,"Minnesota","Olmsted County",5,50,1650,828,822
050,27,109,"Minnesota","Olmsted County",5,51,1757,884,873
050,27,109,"Minnesota","Olmsted County",5,52,1880,947,933
050,27,109,"Minnesota","Olmsted County",5,53,1842,923,919
050,27,109,"Minnesota","Olmsted County",5,54,1761,869,892
050,27,109,"Minnesota","Olmsted County",5,55,1737,875,862
050,27,109,"Minnesota","Olmsted County",5,56,1699,838,861
050,27,109,"Minnesota","Olmsted County",5,57,1783,866,917
050,27,109,"Minnesota","Olmsted County",5,58,1913,944,969
050,27,109,"Minnesota","Olmsted County",5,59,2003,989,1014
050,27,109,"Minnesota","Olmsted County",5,60,1998,995,1003
050,27,109,"Minnesota","Olmsted County",5,61,2002,964,1038
050,27,109,"Minnesota","Olmsted County",5,62,2089,1031,1058
050,27,109,"Minnesota","Olmsted County",5,63,2069,1019,1050
050,27,109,"Minnesota","Olmsted County",5,64,2010,962,1048
050,27,109,"Minnesota","Olmsted County",5,65,2004,936,1068
050,27,109,"Minnesota","Olmsted County",5,66,1900,895,1005
050,27,109,"Minnesota","Olmsted County",5,67,1703,812,891
050,27,109,"Minnesota","Olmsted County",5,68,1663,773,890
050,27,109,"Minnesota","Olmsted County",5,69,1687,814,873
050,27,109,"Minnesota","Olmsted County",5,70,1604,759,845
050,27,109,"Minnesota","Olmsted County",5,71,1523,725,798
050,27,109,"Minnesota","Olmsted County",5,72,1368,634,734
050,27,109,"Minnesota","Olmsted County",5,73,1306,608,698
050,27,109,"Minnesota","Olmsted County",5,74,1263,566,697
050,27,109,"Minnesota","Olmsted County",5,75,1217,544,673
050,27,109,"Minnesota","Olmsted County",5,76,1262,573,689
050,27,109,"Minnesota","Olmsted County",5,77,878,386,492
050,27,109,"Minnesota","Olmsted County",5,78,888,379,509
050,27,109,"Minnesota","Olmsted County",5,79,874,381,493
050,27,109,"Minnesota","Olmsted County",5,80,914,408,506
050,27,109,"Minnesota","Olmsted County",5,81,766,315,451
050,27,109,"Minnesota","Olmsted County",5,82,659,251,408
050,27,109,"Minnesota","Olmsted County",5,83,637,246,391
050,27,109,"Minnesota","Olmsted County",5,84,591,229,362
050,27,109,"Minnesota","Olmsted County",5,85,3972,1439,2533
050,27,111,"Minnesota","Otter Tail County",1,0,621,322,299
050,27,111,"Minnesota","Otter Tail County",1,1,647,333,314
050,27,111,"Minnesota","Otter Tail County",1,2,666,341,325
050,27,111,"Minnesota","Otter Tail County",1,3,724,349,375
050,27,111,"Minnesota","Otter Tail County",1,4,753,389,364
050,27,111,"Minnesota","Otter Tail County",1,5,716,376,340
050,27,111,"Minnesota","Otter Tail County",1,6,730,378,352
050,27,111,"Minnesota","Otter Tail County",1,7,715,373,342
050,27,111,"Minnesota","Otter Tail County",1,8,742,395,347
050,27,111,"Minnesota","Otter Tail County",1,9,730,375,355
050,27,111,"Minnesota","Otter Tail County",1,10,794,402,392
050,27,111,"Minnesota","Otter Tail County",1,11,798,430,368
050,27,111,"Minnesota","Otter Tail County",1,12,821,431,390
050,27,111,"Minnesota","Otter Tail County",1,13,777,390,387
050,27,111,"Minnesota","Otter Tail County",1,14,763,394,369
050,27,111,"Minnesota","Otter Tail County",1,15,731,372,359
050,27,111,"Minnesota","Otter Tail County",1,16,754,366,388
050,27,111,"Minnesota","Otter Tail County",1,17,739,382,357
050,27,111,"Minnesota","Otter Tail County",1,18,641,363,278
050,27,111,"Minnesota","Otter Tail County",1,19,517,280,237
050,27,111,"Minnesota","Otter Tail County",1,20,544,280,264
050,27,111,"Minnesota","Otter Tail County",1,21,589,311,278
050,27,111,"Minnesota","Otter Tail County",1,22,569,296,273
050,27,111,"Minnesota","Otter Tail County",1,23,557,295,262
050,27,111,"Minnesota","Otter Tail County",1,24,567,293,274
050,27,111,"Minnesota","Otter Tail County",1,25,530,301,229
050,27,111,"Minnesota","Otter Tail County",1,26,597,302,295
050,27,111,"Minnesota","Otter Tail County",1,27,611,294,317
050,27,111,"Minnesota","Otter Tail County",1,28,590,292,298
050,27,111,"Minnesota","Otter Tail County",1,29,541,282,259
050,27,111,"Minnesota","Otter Tail County",1,30,561,288,273
050,27,111,"Minnesota","Otter Tail County",1,31,566,292,274
050,27,111,"Minnesota","Otter Tail County",1,32,559,309,250
050,27,111,"Minnesota","Otter Tail County",1,33,586,320,266
050,27,111,"Minnesota","Otter Tail County",1,34,609,316,293
050,27,111,"Minnesota","Otter Tail County",1,35,623,295,328
050,27,111,"Minnesota","Otter Tail County",1,36,669,313,356
050,27,111,"Minnesota","Otter Tail County",1,37,674,345,329
050,27,111,"Minnesota","Otter Tail County",1,38,711,380,331
050,27,111,"Minnesota","Otter Tail County",1,39,710,381,329
050,27,111,"Minnesota","Otter Tail County",1,40,704,368,336
050,27,111,"Minnesota","Otter Tail County",1,41,670,356,314
050,27,111,"Minnesota","Otter Tail County",1,42,616,317,299
050,27,111,"Minnesota","Otter Tail County",1,43,613,331,282
050,27,111,"Minnesota","Otter Tail County",1,44,573,299,274
050,27,111,"Minnesota","Otter Tail County",1,45,527,274,253
050,27,111,"Minnesota","Otter Tail County",1,46,491,246,245
050,27,111,"Minnesota","Otter Tail County",1,47,550,266,284
050,27,111,"Minnesota","Otter Tail County",1,48,620,304,316
050,27,111,"Minnesota","Otter Tail County",1,49,671,345,326
050,27,111,"Minnesota","Otter Tail County",1,50,648,331,317
050,27,111,"Minnesota","Otter Tail County",1,51,677,349,328
050,27,111,"Minnesota","Otter Tail County",1,52,713,359,354
050,27,111,"Minnesota","Otter Tail County",1,53,713,366,347
050,27,111,"Minnesota","Otter Tail County",1,54,726,367,359
050,27,111,"Minnesota","Otter Tail County",1,55,772,389,383
050,27,111,"Minnesota","Otter Tail County",1,56,855,410,445
050,27,111,"Minnesota","Otter Tail County",1,57,918,460,458
050,27,111,"Minnesota","Otter Tail County",1,58,1011,513,498
050,27,111,"Minnesota","Otter Tail County",1,59,991,505,486
050,27,111,"Minnesota","Otter Tail County",1,60,1014,520,494
050,27,111,"Minnesota","Otter Tail County",1,61,1039,527,512
050,27,111,"Minnesota","Otter Tail County",1,62,1048,525,523
050,27,111,"Minnesota","Otter Tail County",1,63,1012,504,508
050,27,111,"Minnesota","Otter Tail County",1,64,1003,508,495
050,27,111,"Minnesota","Otter Tail County",1,65,1014,523,491
050,27,111,"Minnesota","Otter Tail County",1,66,986,508,478
050,27,111,"Minnesota","Otter Tail County",1,67,926,472,454
050,27,111,"Minnesota","Otter Tail County",1,68,911,471,440
050,27,111,"Minnesota","Otter Tail County",1,69,822,409,413
050,27,111,"Minnesota","Otter Tail County",1,70,848,432,416
050,27,111,"Minnesota","Otter Tail County",1,71,823,408,415
050,27,111,"Minnesota","Otter Tail County",1,72,743,402,341
050,27,111,"Minnesota","Otter Tail County",1,73,700,368,332
050,27,111,"Minnesota","Otter Tail County",1,74,535,272,263
050,27,111,"Minnesota","Otter Tail County",1,75,566,293,273
050,27,111,"Minnesota","Otter Tail County",1,76,560,280,280
050,27,111,"Minnesota","Otter Tail County",1,77,539,262,277
050,27,111,"Minnesota","Otter Tail County",1,78,463,219,244
050,27,111,"Minnesota","Otter Tail County",1,79,432,204,228
050,27,111,"Minnesota","Otter Tail County",1,80,401,206,195
050,27,111,"Minnesota","Otter Tail County",1,81,358,182,176
050,27,111,"Minnesota","Otter Tail County",1,82,356,169,187
050,27,111,"Minnesota","Otter Tail County",1,83,326,141,185
050,27,111,"Minnesota","Otter Tail County",1,84,309,130,179
050,27,111,"Minnesota","Otter Tail County",1,85,1960,691,1269
050,27,111,"Minnesota","Otter Tail County",2,0,618,325,293
050,27,111,"Minnesota","Otter Tail County",2,1,640,331,309
050,27,111,"Minnesota","Otter Tail County",2,2,661,339,322
050,27,111,"Minnesota","Otter Tail County",2,3,705,343,362
050,27,111,"Minnesota","Otter Tail County",2,4,749,379,370
050,27,111,"Minnesota","Otter Tail County",2,5,728,382,346
050,27,111,"Minnesota","Otter Tail County",2,6,732,382,350
050,27,111,"Minnesota","Otter Tail County",2,7,719,375,344
050,27,111,"Minnesota","Otter Tail County",2,8,737,392,345
050,27,111,"Minnesota","Otter Tail County",2,9,734,382,352
050,27,111,"Minnesota","Otter Tail County",2,10,775,392,383
050,27,111,"Minnesota","Otter Tail County",2,11,793,420,373
050,27,111,"Minnesota","Otter Tail County",2,12,818,431,387
050,27,111,"Minnesota","Otter Tail County",2,13,789,400,389
050,27,111,"Minnesota","Otter Tail County",2,14,769,392,377
050,27,111,"Minnesota","Otter Tail County",2,15,744,379,365
050,27,111,"Minnesota","Otter Tail County",2,16,751,369,382
050,27,111,"Minnesota","Otter Tail County",2,17,745,380,365
050,27,111,"Minnesota","Otter Tail County",2,18,636,355,281
050,27,111,"Minnesota","Otter Tail County",2,19,525,287,238
050,27,111,"Minnesota","Otter Tail County",2,20,549,285,264
050,27,111,"Minnesota","Otter Tail County",2,21,577,301,276
050,27,111,"Minnesota","Otter Tail County",2,22,573,301,272
050,27,111,"Minnesota","Otter Tail County",2,23,562,294,268
050,27,111,"Minnesota","Otter Tail County",2,24,559,294,265
050,27,111,"Minnesota","Otter Tail County",2,25,535,295,240
050,27,111,"Minnesota","Otter Tail County",2,26,584,301,283
050,27,111,"Minnesota","Otter Tail County",2,27,603,293,310
050,27,111,"Minnesota","Otter Tail County",2,28,591,289,302
050,27,111,"Minnesota","Otter Tail County",2,29,555,283,272
050,27,111,"Minnesota","Otter Tail County",2,30,566,291,275
050,27,111,"Minnesota","Otter Tail County",2,31,568,294,274
050,27,111,"Minnesota","Otter Tail County",2,32,558,301,257
050,27,111,"Minnesota","Otter Tail County",2,33,577,318,259
050,27,111,"Minnesota","Otter Tail County",2,34,604,317,287
050,27,111,"Minnesota","Otter Tail County",2,35,625,303,322
050,27,111,"Minnesota","Otter Tail County",2,36,661,311,350
050,27,111,"Minnesota","Otter Tail County",2,37,678,344,334
050,27,111,"Minnesota","Otter Tail County",2,38,702,372,330
050,27,111,"Minnesota","Otter Tail County",2,39,714,383,331
050,27,111,"Minnesota","Otter Tail County",2,40,712,374,338
050,27,111,"Minnesota","Otter Tail County",2,41,680,358,322
050,27,111,"Minnesota","Otter Tail County",2,42,627,326,301
050,27,111,"Minnesota","Otter Tail County",2,43,620,330,290
050,27,111,"Minnesota","Otter Tail County",2,44,578,305,273
050,27,111,"Minnesota","Otter Tail County",2,45,545,284,261
050,27,111,"Minnesota","Otter Tail County",2,46,503,254,249
050,27,111,"Minnesota","Otter Tail County",2,47,536,261,275
050,27,111,"Minnesota","Otter Tail County",2,48,607,297,310
050,27,111,"Minnesota","Otter Tail County",2,49,658,336,322
050,27,111,"Minnesota","Otter Tail County",2,50,658,337,321
050,27,111,"Minnesota","Otter Tail County",2,51,673,347,326
050,27,111,"Minnesota","Otter Tail County",2,52,695,350,345
050,27,111,"Minnesota","Otter Tail County",2,53,716,368,348
050,27,111,"Minnesota","Otter Tail County",2,54,724,367,357
050,27,111,"Minnesota","Otter Tail County",2,55,760,383,377
050,27,111,"Minnesota","Otter Tail County",2,56,838,406,432
050,27,111,"Minnesota","Otter Tail County",2,57,907,449,458
050,27,111,"Minnesota","Otter Tail County",2,58,992,502,490
050,27,111,"Minnesota","Otter Tail County",2,59,1005,512,493
050,27,111,"Minnesota","Otter Tail County",2,60,1006,513,493
050,27,111,"Minnesota","Otter Tail County",2,61,1028,524,504
050,27,111,"Minnesota","Otter Tail County",2,62,1047,529,518
050,27,111,"Minnesota","Otter Tail County",2,63,1030,512,518
050,27,111,"Minnesota","Otter Tail County",2,64,999,502,497
050,27,111,"Minnesota","Otter Tail County",2,65,1012,519,493
050,27,111,"Minnesota","Otter Tail County",2,66,992,511,481
050,27,111,"Minnesota","Otter Tail County",2,67,938,479,459
050,27,111,"Minnesota","Otter Tail County",2,68,907,465,442
050,27,111,"Minnesota","Otter Tail County",2,69,849,427,422
050,27,111,"Minnesota","Otter Tail County",2,70,836,424,412
050,27,111,"Minnesota","Otter Tail County",2,71,830,414,416
050,27,111,"Minnesota","Otter Tail County",2,72,739,389,350
050,27,111,"Minnesota","Otter Tail County",2,73,745,394,351
050,27,111,"Minnesota","Otter Tail County",2,74,531,272,259
050,27,111,"Minnesota","Otter Tail County",2,75,556,286,270
050,27,111,"Minnesota","Otter Tail County",2,76,548,275,273
050,27,111,"Minnesota","Otter Tail County",2,77,548,268,280
050,27,111,"Minnesota","Otter Tail County",2,78,470,222,248
050,27,111,"Minnesota","Otter Tail County",2,79,435,205,230
050,27,111,"Minnesota","Otter Tail County",2,80,406,204,202
050,27,111,"Minnesota","Otter Tail County",2,81,356,181,175
050,27,111,"Minnesota","Otter Tail County",2,82,358,173,185
050,27,111,"Minnesota","Otter Tail County",2,83,321,142,179
050,27,111,"Minnesota","Otter Tail County",2,84,307,130,177
050,27,111,"Minnesota","Otter Tail County",2,85,1962,693,1269
050,27,111,"Minnesota","Otter Tail County",3,0,575,300,275
050,27,111,"Minnesota","Otter Tail County",3,1,623,329,294
050,27,111,"Minnesota","Otter Tail County",3,2,644,336,308
050,27,111,"Minnesota","Otter Tail County",3,3,652,349,303
050,27,111,"Minnesota","Otter Tail County",3,4,720,346,374
050,27,111,"Minnesota","Otter Tail County",3,5,756,383,373
050,27,111,"Minnesota","Otter Tail County",3,6,734,397,337
050,27,111,"Minnesota","Otter Tail County",3,7,726,371,355
050,27,111,"Minnesota","Otter Tail County",3,8,723,375,348
050,27,111,"Minnesota","Otter Tail County",3,9,734,390,344
050,27,111,"Minnesota","Otter Tail County",3,10,743,386,357
050,27,111,"Minnesota","Otter Tail County",3,11,797,408,389
050,27,111,"Minnesota","Otter Tail County",3,12,812,435,377
050,27,111,"Minnesota","Otter Tail County",3,13,824,433,391
050,27,111,"Minnesota","Otter Tail County",3,14,779,396,383
050,27,111,"Minnesota","Otter Tail County",3,15,776,393,383
050,27,111,"Minnesota","Otter Tail County",3,16,722,374,348
050,27,111,"Minnesota","Otter Tail County",3,17,755,369,386
050,27,111,"Minnesota","Otter Tail County",3,18,653,348,305
050,27,111,"Minnesota","Otter Tail County",3,19,525,296,229
050,27,111,"Minnesota","Otter Tail County",3,20,556,296,260
050,27,111,"Minnesota","Otter Tail County",3,21,533,267,266
050,27,111,"Minnesota","Otter Tail County",3,22,566,298,268
050,27,111,"Minnesota","Otter Tail County",3,23,594,305,289
050,27,111,"Minnesota","Otter Tail County",3,24,556,306,250
050,27,111,"Minnesota","Otter Tail County",3,25,564,291,273
050,27,111,"Minnesota","Otter Tail County",3,26,526,284,242
050,27,111,"Minnesota","Otter Tail County",3,27,582,289,293
050,27,111,"Minnesota","Otter Tail County",3,28,600,294,306
050,27,111,"Minnesota","Otter Tail County",3,29,602,301,301
050,27,111,"Minnesota","Otter Tail County",3,30,550,274,276
050,27,111,"Minnesota","Otter Tail County",3,31,580,309,271
050,27,111,"Minnesota","Otter Tail County",3,32,577,294,283
050,27,111,"Minnesota","Otter Tail County",3,33,569,309,260
050,27,111,"Minnesota","Otter Tail County",3,34,585,325,260
050,27,111,"Minnesota","Otter Tail County",3,35,622,324,298
050,27,111,"Minnesota","Otter Tail County",3,36,657,329,328
050,27,111,"Minnesota","Otter Tail County",3,37,660,309,351
050,27,111,"Minnesota","Otter Tail County",3,38,690,348,342
050,27,111,"Minnesota","Otter Tail County",3,39,712,380,332
050,27,111,"Minnesota","Otter Tail County",3,40,735,391,344
050,27,111,"Minnesota","Otter Tail County",3,41,702,359,343
050,27,111,"Minnesota","Otter Tail County",3,42,687,364,323
050,27,111,"Minnesota","Otter Tail County",3,43,636,339,297
050,27,111,"Minnesota","Otter Tail County",3,44,615,331,284
050,27,111,"Minnesota","Otter Tail County",3,45,593,315,278
050,27,111,"Minnesota","Otter Tail County",3,46,550,280,270
050,27,111,"Minnesota","Otter Tail County",3,47,497,246,251
050,27,111,"Minnesota","Otter Tail County",3,48,563,274,289
050,27,111,"Minnesota","Otter Tail County",3,49,611,305,306
050,27,111,"Minnesota","Otter Tail County",3,50,654,328,326
050,27,111,"Minnesota","Otter Tail County",3,51,681,344,337
050,27,111,"Minnesota","Otter Tail County",3,52,659,332,327
050,27,111,"Minnesota","Otter Tail County",3,53,710,359,351
050,27,111,"Minnesota","Otter Tail County",3,54,708,361,347
050,27,111,"Minnesota","Otter Tail County",3,55,728,371,357
050,27,111,"Minnesota","Otter Tail County",3,56,765,385,380
050,27,111,"Minnesota","Otter Tail County",3,57,877,429,448
050,27,111,"Minnesota","Otter Tail County",3,58,927,457,470
050,27,111,"Minnesota","Otter Tail County",3,59,997,511,486
050,27,111,"Minnesota","Otter Tail County",3,60,1023,521,502
050,27,111,"Minnesota","Otter Tail County",3,61,1018,517,501
050,27,111,"Minnesota","Otter Tail County",3,62,1038,532,506
050,27,111,"Minnesota","Otter Tail County",3,63,1055,530,525
050,27,111,"Minnesota","Otter Tail County",3,64,1057,532,525
050,27,111,"Minnesota","Otter Tail County",3,65,1008,512,496
050,27,111,"Minnesota","Otter Tail County",3,66,1008,515,493
050,27,111,"Minnesota","Otter Tail County",3,67,982,509,473
050,27,111,"Minnesota","Otter Tail County",3,68,951,482,469
050,27,111,"Minnesota","Otter Tail County",3,69,888,458,430
050,27,111,"Minnesota","Otter Tail County",3,70,842,418,424
050,27,111,"Minnesota","Otter Tail County",3,71,843,428,415
050,27,111,"Minnesota","Otter Tail County",3,72,811,403,408
050,27,111,"Minnesota","Otter Tail County",3,73,741,383,358
050,27,111,"Minnesota","Otter Tail County",3,74,716,378,338
050,27,111,"Minnesota","Otter Tail County",3,75,513,260,253
050,27,111,"Minnesota","Otter Tail County",3,76,524,270,254
050,27,111,"Minnesota","Otter Tail County",3,77,509,260,249
050,27,111,"Minnesota","Otter Tail County",3,78,509,240,269
050,27,111,"Minnesota","Otter Tail County",3,79,445,208,237
050,27,111,"Minnesota","Otter Tail County",3,80,405,190,215
050,27,111,"Minnesota","Otter Tail County",3,81,376,188,188
050,27,111,"Minnesota","Otter Tail County",3,82,345,175,170
050,27,111,"Minnesota","Otter Tail County",3,83,329,163,166
050,27,111,"Minnesota","Otter Tail County",3,84,298,127,171
050,27,111,"Minnesota","Otter Tail County",3,85,1948,681,1267
050,27,111,"Minnesota","Otter Tail County",4,0,638,341,297
050,27,111,"Minnesota","Otter Tail County",4,1,617,325,292
050,27,111,"Minnesota","Otter Tail County",4,2,632,333,299
050,27,111,"Minnesota","Otter Tail County",4,3,642,331,311
050,27,111,"Minnesota","Otter Tail County",4,4,663,354,309
050,27,111,"Minnesota","Otter Tail County",4,5,732,353,379
050,27,111,"Minnesota","Otter Tail County",4,6,757,384,373
050,27,111,"Minnesota","Otter Tail County",4,7,747,400,347
050,27,111,"Minnesota","Otter Tail County",4,8,731,376,355
050,27,111,"Minnesota","Otter Tail County",4,9,722,387,335
050,27,111,"Minnesota","Otter Tail County",4,10,742,395,347
050,27,111,"Minnesota","Otter Tail County",4,11,751,392,359
050,27,111,"Minnesota","Otter Tail County",4,12,807,416,391
050,27,111,"Minnesota","Otter Tail County",4,13,798,418,380
050,27,111,"Minnesota","Otter Tail County",4,14,834,439,395
050,27,111,"Minnesota","Otter Tail County",4,15,795,407,388
050,27,111,"Minnesota","Otter Tail County",4,16,780,399,381
050,27,111,"Minnesota","Otter Tail County",4,17,738,385,353
050,27,111,"Minnesota","Otter Tail County",4,18,644,330,314
050,27,111,"Minnesota","Otter Tail County",4,19,533,279,254
050,27,111,"Minnesota","Otter Tail County",4,20,538,301,237
050,27,111,"Minnesota","Otter Tail County",4,21,544,280,264
050,27,111,"Minnesota","Otter Tail County",4,22,540,275,265
050,27,111,"Minnesota","Otter Tail County",4,23,558,284,274
050,27,111,"Minnesota","Otter Tail County",4,24,594,317,277
050,27,111,"Minnesota","Otter Tail County",4,25,536,291,245
050,27,111,"Minnesota","Otter Tail County",4,26,550,283,267
050,27,111,"Minnesota","Otter Tail County",4,27,520,270,250
050,27,111,"Minnesota","Otter Tail County",4,28,602,302,300
050,27,111,"Minnesota","Otter Tail County",4,29,612,297,315
050,27,111,"Minnesota","Otter Tail County",4,30,596,303,293
050,27,111,"Minnesota","Otter Tail County",4,31,574,290,284
050,27,111,"Minnesota","Otter Tail County",4,32,614,319,295
050,27,111,"Minnesota","Otter Tail County",4,33,586,295,291
050,27,111,"Minnesota","Otter Tail County",4,34,604,329,275
050,27,111,"Minnesota","Otter Tail County",4,35,590,325,265
050,27,111,"Minnesota","Otter Tail County",4,36,639,329,310
050,27,111,"Minnesota","Otter Tail County",4,37,677,343,334
050,27,111,"Minnesota","Otter Tail County",4,38,666,304,362
050,27,111,"Minnesota","Otter Tail County",4,39,705,358,347
050,27,111,"Minnesota","Otter Tail County",4,40,719,381,338
050,27,111,"Minnesota","Otter Tail County",4,41,736,391,345
050,27,111,"Minnesota","Otter Tail County",4,42,707,367,340
050,27,111,"Minnesota","Otter Tail County",4,43,692,370,322
050,27,111,"Minnesota","Otter Tail County",4,44,630,335,295
050,27,111,"Minnesota","Otter Tail County",4,45,622,336,286
050,27,111,"Minnesota","Otter Tail County",4,46,600,315,285
050,27,111,"Minnesota","Otter Tail County",4,47,554,282,272
050,27,111,"Minnesota","Otter Tail County",4,48,520,255,265
050,27,111,"Minnesota","Otter Tail County",4,49,546,267,279
050,27,111,"Minnesota","Otter Tail County",4,50,617,311,306
050,27,111,"Minnesota","Otter Tail County",4,51,688,346,342
050,27,111,"Minnesota","Otter Tail County",4,52,695,345,350
050,27,111,"Minnesota","Otter Tail County",4,53,672,333,339
050,27,111,"Minnesota","Otter Tail County",4,54,714,360,354
050,27,111,"Minnesota","Otter Tail County",4,55,709,371,338
050,27,111,"Minnesota","Otter Tail County",4,56,746,385,361
050,27,111,"Minnesota","Otter Tail County",4,57,796,410,386
050,27,111,"Minnesota","Otter Tail County",4,58,885,423,462
050,27,111,"Minnesota","Otter Tail County",4,59,935,461,474
050,27,111,"Minnesota","Otter Tail County",4,60,1024,511,513
050,27,111,"Minnesota","Otter Tail County",4,61,1043,529,514
050,27,111,"Minnesota","Otter Tail County",4,62,1057,542,515
050,27,111,"Minnesota","Otter Tail County",4,63,1040,538,502
050,27,111,"Minnesota","Otter Tail County",4,64,1061,524,537
050,27,111,"Minnesota","Otter Tail County",4,65,1058,544,514
050,27,111,"Minnesota","Otter Tail County",4,66,1008,514,494
050,27,111,"Minnesota","Otter Tail County",4,67,990,507,483
050,27,111,"Minnesota","Otter Tail County",4,68,992,512,480
050,27,111,"Minnesota","Otter Tail County",4,69,932,479,453
050,27,111,"Minnesota","Otter Tail County",4,70,876,448,428
050,27,111,"Minnesota","Otter Tail County",4,71,846,420,426
050,27,111,"Minnesota","Otter Tail County",4,72,809,414,395
050,27,111,"Minnesota","Otter Tail County",4,73,807,397,410
050,27,111,"Minnesota","Otter Tail County",4,74,704,362,342
050,27,111,"Minnesota","Otter Tail County",4,75,683,353,330
050,27,111,"Minnesota","Otter Tail County",4,76,499,255,244
050,27,111,"Minnesota","Otter Tail County",4,77,486,250,236
050,27,111,"Minnesota","Otter Tail County",4,78,494,247,247
050,27,111,"Minnesota","Otter Tail County",4,79,492,232,260
050,27,111,"Minnesota","Otter Tail County",4,80,421,194,227
050,27,111,"Minnesota","Otter Tail County",4,81,381,179,202
050,27,111,"Minnesota","Otter Tail County",4,82,355,170,185
050,27,111,"Minnesota","Otter Tail County",4,83,314,156,158
050,27,111,"Minnesota","Otter Tail County",4,84,304,150,154
050,27,111,"Minnesota","Otter Tail County",4,85,1937,676,1261
050,27,111,"Minnesota","Otter Tail County",5,0,620,332,288
050,27,111,"Minnesota","Otter Tail County",5,1,663,354,309
050,27,111,"Minnesota","Otter Tail County",5,2,622,329,293
050,27,111,"Minnesota","Otter Tail County",5,3,639,338,301
050,27,111,"Minnesota","Otter Tail County",5,4,650,330,320
050,27,111,"Minnesota","Otter Tail County",5,5,672,346,326
050,27,111,"Minnesota","Otter Tail County",5,6,742,364,378
050,27,111,"Minnesota","Otter Tail County",5,7,758,386,372
050,27,111,"Minnesota","Otter Tail County",5,8,742,400,342
050,27,111,"Minnesota","Otter Tail County",5,9,752,383,369
050,27,111,"Minnesota","Otter Tail County",5,10,716,379,337
050,27,111,"Minnesota","Otter Tail County",5,11,767,408,359
050,27,111,"Minnesota","Otter Tail County",5,12,769,404,365
050,27,111,"Minnesota","Otter Tail County",5,13,809,413,396
050,27,111,"Minnesota","Otter Tail County",5,14,807,427,380
050,27,111,"Minnesota","Otter Tail County",5,15,818,431,387
050,27,111,"Minnesota","Otter Tail County",5,16,796,405,391
050,27,111,"Minnesota","Otter Tail County",5,17,792,402,390
050,27,111,"Minnesota","Otter Tail County",5,18,648,353,295
050,27,111,"Minnesota","Otter Tail County",5,19,512,265,247
050,27,111,"Minnesota","Otter Tail County",5,20,542,280,262
050,27,111,"Minnesota","Otter Tail County",5,21,530,292,238
050,27,111,"Minnesota","Otter Tail County",5,22,553,281,272
050,27,111,"Minnesota","Otter Tail County",5,23,538,280,258
050,27,111,"Minnesota","Otter Tail County",5,24,538,278,260
050,27,111,"Minnesota","Otter Tail County",5,25,577,294,283
050,27,111,"Minnesota","Otter Tail County",5,26,531,291,240
050,27,111,"Minnesota","Otter Tail County",5,27,553,286,267
050,27,111,"Minnesota","Otter Tail County",5,28,533,278,255
050,27,111,"Minnesota","Otter Tail County",5,29,577,297,280
050,27,111,"Minnesota","Otter Tail County",5,30,597,284,313
050,27,111,"Minnesota","Otter Tail County",5,31,592,301,291
050,27,111,"Minnesota","Otter Tail County",5,32,593,303,290
050,27,111,"Minnesota","Otter Tail County",5,33,613,318,295
050,27,111,"Minnesota","Otter Tail County",5,34,608,304,304
050,27,111,"Minnesota","Otter Tail County",5,35,621,342,279
050,27,111,"Minnesota","Otter Tail County",5,36,613,342,271
050,27,111,"Minnesota","Otter Tail County",5,37,650,335,315
050,27,111,"Minnesota","Otter Tail County",5,38,686,346,340
050,27,111,"Minnesota","Otter Tail County",5,39,695,330,365
050,27,111,"Minnesota","Otter Tail County",5,40,709,362,347
050,27,111,"Minnesota","Otter Tail County",5,41,716,380,336
050,27,111,"Minnesota","Otter Tail County",5,42,731,386,345
050,27,111,"Minnesota","Otter Tail County",5,43,723,371,352
050,27,111,"Minnesota","Otter Tail County",5,44,689,368,321
050,27,111,"Minnesota","Otter Tail County",5,45,631,335,296
050,27,111,"Minnesota","Otter Tail County",5,46,629,338,291
050,27,111,"Minnesota","Otter Tail County",5,47,593,315,278
050,27,111,"Minnesota","Otter Tail County",5,48,567,285,282
050,27,111,"Minnesota","Otter Tail County",5,49,528,260,268
050,27,111,"Minnesota","Otter Tail County",5,50,559,273,286
050,27,111,"Minnesota","Otter Tail County",5,51,643,327,316
050,27,111,"Minnesota","Otter Tail County",5,52,672,332,340
050,27,111,"Minnesota","Otter Tail County",5,53,696,355,341
050,27,111,"Minnesota","Otter Tail County",5,54,693,339,354
050,27,111,"Minnesota","Otter Tail County",5,55,698,359,339
050,27,111,"Minnesota","Otter Tail County",5,56,735,380,355
050,27,111,"Minnesota","Otter Tail County",5,57,760,394,366
050,27,111,"Minnesota","Otter Tail County",5,58,794,394,400
050,27,111,"Minnesota","Otter Tail County",5,59,894,438,456
050,27,111,"Minnesota","Otter Tail County",5,60,955,466,489
050,27,111,"Minnesota","Otter Tail County",5,61,1027,516,511
050,27,111,"Minnesota","Otter Tail County",5,62,1058,537,521
050,27,111,"Minnesota","Otter Tail County",5,63,1060,551,509
050,27,111,"Minnesota","Otter Tail County",5,64,1045,534,511
050,27,111,"Minnesota","Otter Tail County",5,65,1059,524,535
050,27,111,"Minnesota","Otter Tail County",5,66,1042,535,507
050,27,111,"Minnesota","Otter Tail County",5,67,983,505,478
050,27,111,"Minnesota","Otter Tail County",5,68,1002,510,492
050,27,111,"Minnesota","Otter Tail County",5,69,982,510,472
050,27,111,"Minnesota","Otter Tail County",5,70,921,469,452
050,27,111,"Minnesota","Otter Tail County",5,71,878,450,428
050,27,111,"Minnesota","Otter Tail County",5,72,819,407,412
050,27,111,"Minnesota","Otter Tail County",5,73,790,404,386
050,27,111,"Minnesota","Otter Tail County",5,74,780,380,400
050,27,111,"Minnesota","Otter Tail County",5,75,680,348,332
050,27,111,"Minnesota","Otter Tail County",5,76,656,341,315
050,27,111,"Minnesota","Otter Tail County",5,77,468,242,226
050,27,111,"Minnesota","Otter Tail County",5,78,471,236,235
050,27,111,"Minnesota","Otter Tail County",5,79,476,239,237
050,27,111,"Minnesota","Otter Tail County",5,80,456,214,242
050,27,111,"Minnesota","Otter Tail County",5,81,392,180,212
050,27,111,"Minnesota","Otter Tail County",5,82,362,166,196
050,27,111,"Minnesota","Otter Tail County",5,83,323,153,170
050,27,111,"Minnesota","Otter Tail County",5,84,291,144,147
050,27,111,"Minnesota","Otter Tail County",5,85,1956,714,1242
050,27,113,"Minnesota","Pennington County",1,0,155,82,73
050,27,113,"Minnesota","Pennington County",1,1,162,79,83
050,27,113,"Minnesota","Pennington County",1,2,186,85,101
050,27,113,"Minnesota","Pennington County",1,3,180,87,93
050,27,113,"Minnesota","Pennington County",1,4,187,87,100
050,27,113,"Minnesota","Pennington County",1,5,185,88,97
050,27,113,"Minnesota","Pennington County",1,6,175,80,95
050,27,113,"Minnesota","Pennington County",1,7,173,89,84
050,27,113,"Minnesota","Pennington County",1,8,182,95,87
050,27,113,"Minnesota","Pennington County",1,9,187,98,89
050,27,113,"Minnesota","Pennington County",1,10,181,90,91
050,27,113,"Minnesota","Pennington County",1,11,185,97,88
050,27,113,"Minnesota","Pennington County",1,12,176,89,87
050,27,113,"Minnesota","Pennington County",1,13,196,91,105
050,27,113,"Minnesota","Pennington County",1,14,176,85,91
050,27,113,"Minnesota","Pennington County",1,15,179,85,94
050,27,113,"Minnesota","Pennington County",1,16,197,104,93
050,27,113,"Minnesota","Pennington County",1,17,166,80,86
050,27,113,"Minnesota","Pennington County",1,18,167,83,84
050,27,113,"Minnesota","Pennington County",1,19,166,85,81
050,27,113,"Minnesota","Pennington County",1,20,169,80,89
050,27,113,"Minnesota","Pennington County",1,21,165,78,87
050,27,113,"Minnesota","Pennington County",1,22,158,82,76
050,27,113,"Minnesota","Pennington County",1,23,167,96,71
050,27,113,"Minnesota","Pennington County",1,24,149,77,72
050,27,113,"Minnesota","Pennington County",1,25,153,81,72
050,27,113,"Minnesota","Pennington County",1,26,190,104,86
050,27,113,"Minnesota","Pennington County",1,27,170,89,81
050,27,113,"Minnesota","Pennington County",1,28,187,100,87
050,27,113,"Minnesota","Pennington County",1,29,198,104,94
050,27,113,"Minnesota","Pennington County",1,30,169,85,84
050,27,113,"Minnesota","Pennington County",1,31,189,101,88
050,27,113,"Minnesota","Pennington County",1,32,163,90,73
050,27,113,"Minnesota","Pennington County",1,33,197,104,93
050,27,113,"Minnesota","Pennington County",1,34,181,98,83
050,27,113,"Minnesota","Pennington County",1,35,179,93,86
050,27,113,"Minnesota","Pennington County",1,36,181,92,89
050,27,113,"Minnesota","Pennington County",1,37,190,97,93
050,27,113,"Minnesota","Pennington County",1,38,191,97,94
050,27,113,"Minnesota","Pennington County",1,39,190,90,100
050,27,113,"Minnesota","Pennington County",1,40,173,90,83
050,27,113,"Minnesota","Pennington County",1,41,157,86,71
050,27,113,"Minnesota","Pennington County",1,42,161,87,74
050,27,113,"Minnesota","Pennington County",1,43,158,84,74
050,27,113,"Minnesota","Pennington County",1,44,161,77,84
050,27,113,"Minnesota","Pennington County",1,45,157,79,78
050,27,113,"Minnesota","Pennington County",1,46,177,94,83
050,27,113,"Minnesota","Pennington County",1,47,165,84,81
050,27,113,"Minnesota","Pennington County",1,48,187,94,93
050,27,113,"Minnesota","Pennington County",1,49,174,95,79
050,27,113,"Minnesota","Pennington County",1,50,150,79,71
050,27,113,"Minnesota","Pennington County",1,51,161,83,78
050,27,113,"Minnesota","Pennington County",1,52,154,78,76
050,27,113,"Minnesota","Pennington County",1,53,153,83,70
050,27,113,"Minnesota","Pennington County",1,54,157,92,65
050,27,113,"Minnesota","Pennington County",1,55,169,81,88
050,27,113,"Minnesota","Pennington County",1,56,167,87,80
050,27,113,"Minnesota","Pennington County",1,57,185,98,87
050,27,113,"Minnesota","Pennington County",1,58,204,97,107
050,27,113,"Minnesota","Pennington County",1,59,213,101,112
050,27,113,"Minnesota","Pennington County",1,60,203,101,102
050,27,113,"Minnesota","Pennington County",1,61,206,98,108
050,27,113,"Minnesota","Pennington County",1,62,206,100,106
050,27,113,"Minnesota","Pennington County",1,63,192,101,91
050,27,113,"Minnesota","Pennington County",1,64,186,94,92
050,27,113,"Minnesota","Pennington County",1,65,181,91,90
050,27,113,"Minnesota","Pennington County",1,66,171,85,86
050,27,113,"Minnesota","Pennington County",1,67,168,86,82
050,27,113,"Minnesota","Pennington County",1,68,142,72,70
050,27,113,"Minnesota","Pennington County",1,69,137,72,65
050,27,113,"Minnesota","Pennington County",1,70,133,64,69
050,27,113,"Minnesota","Pennington County",1,71,128,60,68
050,27,113,"Minnesota","Pennington County",1,72,129,59,70
050,27,113,"Minnesota","Pennington County",1,73,124,52,72
050,27,113,"Minnesota","Pennington County",1,74,92,41,51
050,27,113,"Minnesota","Pennington County",1,75,99,50,49
050,27,113,"Minnesota","Pennington County",1,76,96,47,49
050,27,113,"Minnesota","Pennington County",1,77,86,38,48
050,27,113,"Minnesota","Pennington County",1,78,92,35,57
050,27,113,"Minnesota","Pennington County",1,79,80,34,46
050,27,113,"Minnesota","Pennington County",1,80,75,36,39
050,27,113,"Minnesota","Pennington County",1,81,64,28,36
050,27,113,"Minnesota","Pennington County",1,82,57,21,36
050,27,113,"Minnesota","Pennington County",1,83,58,27,31
050,27,113,"Minnesota","Pennington County",1,84,47,14,33
050,27,113,"Minnesota","Pennington County",1,85,356,135,221
050,27,113,"Minnesota","Pennington County",2,0,148,76,72
050,27,113,"Minnesota","Pennington County",2,1,161,78,83
050,27,113,"Minnesota","Pennington County",2,2,179,83,96
050,27,113,"Minnesota","Pennington County",2,3,178,84,94
050,27,113,"Minnesota","Pennington County",2,4,185,86,99
050,27,113,"Minnesota","Pennington County",2,5,186,88,98
050,27,113,"Minnesota","Pennington County",2,6,176,82,94
050,27,113,"Minnesota","Pennington County",2,7,172,86,86
050,27,113,"Minnesota","Pennington County",2,8,179,94,85
050,27,113,"Minnesota","Pennington County",2,9,185,97,88
050,27,113,"Minnesota","Pennington County",2,10,182,91,91
050,27,113,"Minnesota","Pennington County",2,11,179,93,86
050,27,113,"Minnesota","Pennington County",2,12,177,90,87
050,27,113,"Minnesota","Pennington County",2,13,191,91,100
050,27,113,"Minnesota","Pennington County",2,14,180,86,94
050,27,113,"Minnesota","Pennington County",2,15,179,86,93
050,27,113,"Minnesota","Pennington County",2,16,193,99,94
050,27,113,"Minnesota","Pennington County",2,17,172,85,87
050,27,113,"Minnesota","Pennington County",2,18,166,83,83
050,27,113,"Minnesota","Pennington County",2,19,165,84,81
050,27,113,"Minnesota","Pennington County",2,20,169,80,89
050,27,113,"Minnesota","Pennington County",2,21,164,78,86
050,27,113,"Minnesota","Pennington County",2,22,162,81,81
050,27,113,"Minnesota","Pennington County",2,23,165,91,74
050,27,113,"Minnesota","Pennington County",2,24,151,80,71
050,27,113,"Minnesota","Pennington County",2,25,150,78,72
050,27,113,"Minnesota","Pennington County",2,26,178,97,81
050,27,113,"Minnesota","Pennington County",2,27,171,91,80
050,27,113,"Minnesota","Pennington County",2,28,181,95,86
050,27,113,"Minnesota","Pennington County",2,29,194,103,91
050,27,113,"Minnesota","Pennington County",2,30,177,91,86
050,27,113,"Minnesota","Pennington County",2,31,182,97,85
050,27,113,"Minnesota","Pennington County",2,32,169,91,78
050,27,113,"Minnesota","Pennington County",2,33,187,100,87
050,27,113,"Minnesota","Pennington County",2,34,184,99,85
050,27,113,"Minnesota","Pennington County",2,35,178,92,86
050,27,113,"Minnesota","Pennington County",2,36,179,92,87
050,27,113,"Minnesota","Pennington County",2,37,188,97,91
050,27,113,"Minnesota","Pennington County",2,38,193,98,95
050,27,113,"Minnesota","Pennington County",2,39,187,89,98
050,27,113,"Minnesota","Pennington County",2,40,179,91,88
050,27,113,"Minnesota","Pennington County",2,41,161,88,73
050,27,113,"Minnesota","Pennington County",2,42,157,86,71
050,27,113,"Minnesota","Pennington County",2,43,161,86,75
050,27,113,"Minnesota","Pennington County",2,44,157,77,80
050,27,113,"Minnesota","Pennington County",2,45,159,79,80
050,27,113,"Minnesota","Pennington County",2,46,171,89,82
050,27,113,"Minnesota","Pennington County",2,47,167,86,81
050,27,113,"Minnesota","Pennington County",2,48,181,91,90
050,27,113,"Minnesota","Pennington County",2,49,177,95,82
050,27,113,"Minnesota","Pennington County",2,50,154,82,72
050,27,113,"Minnesota","Pennington County",2,51,158,82,76
050,27,113,"Minnesota","Pennington County",2,52,155,79,76
050,27,113,"Minnesota","Pennington County",2,53,150,79,71
050,27,113,"Minnesota","Pennington County",2,54,154,89,65
050,27,113,"Minnesota","Pennington County",2,55,166,85,81
050,27,113,"Minnesota","Pennington County",2,56,167,85,82
050,27,113,"Minnesota","Pennington County",2,57,182,96,86
050,27,113,"Minnesota","Pennington County",2,58,196,96,100
050,27,113,"Minnesota","Pennington County",2,59,213,101,112
050,27,113,"Minnesota","Pennington County",2,60,204,101,103
050,27,113,"Minnesota","Pennington County",2,61,206,100,106
050,27,113,"Minnesota","Pennington County",2,62,205,99,106
050,27,113,"Minnesota","Pennington County",2,63,197,102,95
050,27,113,"Minnesota","Pennington County",2,64,186,95,91
050,27,113,"Minnesota","Pennington County",2,65,182,92,90
050,27,113,"Minnesota","Pennington County",2,66,173,86,87
050,27,113,"Minnesota","Pennington County",2,67,168,86,82
050,27,113,"Minnesota","Pennington County",2,68,147,74,73
050,27,113,"Minnesota","Pennington County",2,69,139,72,67
050,27,113,"Minnesota","Pennington County",2,70,135,66,69
050,27,113,"Minnesota","Pennington County",2,71,129,61,68
050,27,113,"Minnesota","Pennington County",2,72,126,58,68
050,27,113,"Minnesota","Pennington County",2,73,130,55,75
050,27,113,"Minnesota","Pennington County",2,74,93,41,52
050,27,113,"Minnesota","Pennington County",2,75,98,49,49
050,27,113,"Minnesota","Pennington County",2,76,95,46,49
050,27,113,"Minnesota","Pennington County",2,77,89,40,49
050,27,113,"Minnesota","Pennington County",2,78,89,35,54
050,27,113,"Minnesota","Pennington County",2,79,82,33,49
050,27,113,"Minnesota","Pennington County",2,80,78,36,42
050,27,113,"Minnesota","Pennington County",2,81,66,30,36
050,27,113,"Minnesota","Pennington County",2,82,58,23,35
050,27,113,"Minnesota","Pennington County",2,83,57,26,31
050,27,113,"Minnesota","Pennington County",2,84,47,16,31
050,27,113,"Minnesota","Pennington County",2,85,357,135,222
050,27,113,"Minnesota","Pennington County",3,0,137,69,68
050,27,113,"Minnesota","Pennington County",3,1,153,72,81
050,27,113,"Minnesota","Pennington County",3,2,159,80,79
050,27,113,"Minnesota","Pennington County",3,3,172,78,94
050,27,113,"Minnesota","Pennington County",3,4,174,85,89
050,27,113,"Minnesota","Pennington County",3,5,182,84,98
050,27,113,"Minnesota","Pennington County",3,6,180,83,97
050,27,113,"Minnesota","Pennington County",3,7,169,82,87
050,27,113,"Minnesota","Pennington County",3,8,174,87,87
050,27,113,"Minnesota","Pennington County",3,9,181,94,87
050,27,113,"Minnesota","Pennington County",3,10,173,89,84
050,27,113,"Minnesota","Pennington County",3,11,186,93,93
050,27,113,"Minnesota","Pennington County",3,12,169,88,81
050,27,113,"Minnesota","Pennington County",3,13,173,89,84
050,27,113,"Minnesota","Pennington County",3,14,188,89,99
050,27,113,"Minnesota","Pennington County",3,15,174,87,87
050,27,113,"Minnesota","Pennington County",3,16,178,83,95
050,27,113,"Minnesota","Pennington County",3,17,187,97,90
050,27,113,"Minnesota","Pennington County",3,18,174,85,89
050,27,113,"Minnesota","Pennington County",3,19,159,80,79
050,27,113,"Minnesota","Pennington County",3,20,151,76,75
050,27,113,"Minnesota","Pennington County",3,21,163,80,83
050,27,113,"Minnesota","Pennington County",3,22,157,73,84
050,27,113,"Minnesota","Pennington County",3,23,168,82,86
050,27,113,"Minnesota","Pennington County",3,24,154,86,68
050,27,113,"Minnesota","Pennington County",3,25,145,76,69
050,27,113,"Minnesota","Pennington County",3,26,155,81,74
050,27,113,"Minnesota","Pennington County",3,27,168,91,77
050,27,113,"Minnesota","Pennington County",3,28,172,92,80
050,27,113,"Minnesota","Pennington County",3,29,182,104,78
050,27,113,"Minnesota","Pennington County",3,30,180,104,76
050,27,113,"Minnesota","Pennington County",3,31,180,93,87
050,27,113,"Minnesota","Pennington County",3,32,181,95,86
050,27,113,"Minnesota","Pennington County",3,33,161,86,75
050,27,113,"Minnesota","Pennington County",3,34,194,109,85
050,27,113,"Minnesota","Pennington County",3,35,178,97,81
050,27,113,"Minnesota","Pennington County",3,36,178,91,87
050,27,113,"Minnesota","Pennington County",3,37,175,93,82
050,27,113,"Minnesota","Pennington County",3,38,179,92,87
050,27,113,"Minnesota","Pennington County",3,39,195,99,96
050,27,113,"Minnesota","Pennington County",3,40,184,87,97
050,27,113,"Minnesota","Pennington County",3,41,178,91,87
050,27,113,"Minnesota","Pennington County",3,42,152,81,71
050,27,113,"Minnesota","Pennington County",3,43,149,84,65
050,27,113,"Minnesota","Pennington County",3,44,160,85,75
050,27,113,"Minnesota","Pennington County",3,45,153,77,76
050,27,113,"Minnesota","Pennington County",3,46,155,74,81
050,27,113,"Minnesota","Pennington County",3,47,166,86,80
050,27,113,"Minnesota","Pennington County",3,48,163,84,79
050,27,113,"Minnesota","Pennington County",3,49,177,92,85
050,27,113,"Minnesota","Pennington County",3,50,173,93,80
050,27,113,"Minnesota","Pennington County",3,51,162,86,76
050,27,113,"Minnesota","Pennington County",3,52,159,79,80
050,27,113,"Minnesota","Pennington County",3,53,157,79,78
050,27,113,"Minnesota","Pennington County",3,54,148,75,73
050,27,113,"Minnesota","Pennington County",3,55,153,90,63
050,27,113,"Minnesota","Pennington County",3,56,158,80,78
050,27,113,"Minnesota","Pennington County",3,57,169,83,86
050,27,113,"Minnesota","Pennington County",3,58,180,93,87
050,27,113,"Minnesota","Pennington County",3,59,199,96,103
050,27,113,"Minnesota","Pennington County",3,60,213,100,113
050,27,113,"Minnesota","Pennington County",3,61,202,100,102
050,27,113,"Minnesota","Pennington County",3,62,202,98,104
050,27,113,"Minnesota","Pennington County",3,63,206,100,106
050,27,113,"Minnesota","Pennington County",3,64,190,98,92
050,27,113,"Minnesota","Pennington County",3,65,184,93,91
050,27,113,"Minnesota","Pennington County",3,66,177,90,87
050,27,113,"Minnesota","Pennington County",3,67,173,86,87
050,27,113,"Minnesota","Pennington County",3,68,166,83,83
050,27,113,"Minnesota","Pennington County",3,69,144,74,70
050,27,113,"Minnesota","Pennington County",3,70,137,70,67
050,27,113,"Minnesota","Pennington County",3,71,133,67,66
050,27,113,"Minnesota","Pennington County",3,72,127,61,66
050,27,113,"Minnesota","Pennington County",3,73,126,57,69
050,27,113,"Minnesota","Pennington County",3,74,123,53,70
050,27,113,"Minnesota","Pennington County",3,75,94,42,52
050,27,113,"Minnesota","Pennington County",3,76,96,47,49
050,27,113,"Minnesota","Pennington County",3,77,92,44,48
050,27,113,"Minnesota","Pennington County",3,78,83,35,48
050,27,113,"Minnesota","Pennington County",3,79,85,33,52
050,27,113,"Minnesota","Pennington County",3,80,77,29,48
050,27,113,"Minnesota","Pennington County",3,81,72,34,38
050,27,113,"Minnesota","Pennington County",3,82,69,29,40
050,27,113,"Minnesota","Pennington County",3,83,53,21,32
050,27,113,"Minnesota","Pennington County",3,84,56,26,30
050,27,113,"Minnesota","Pennington County",3,85,348,134,214
050,27,113,"Minnesota","Pennington County",4,0,156,85,71
050,27,113,"Minnesota","Pennington County",4,1,138,74,64
050,27,113,"Minnesota","Pennington County",4,2,158,71,87
050,27,113,"Minnesota","Pennington County",4,3,165,85,80
050,27,113,"Minnesota","Pennington County",4,4,175,76,99
050,27,113,"Minnesota","Pennington County",4,5,171,87,84
050,27,113,"Minnesota","Pennington County",4,6,194,91,103
050,27,113,"Minnesota","Pennington County",4,7,176,85,91
050,27,113,"Minnesota","Pennington County",4,8,177,82,95
050,27,113,"Minnesota","Pennington County",4,9,168,84,84
050,27,113,"Minnesota","Pennington County",4,10,187,98,89
050,27,113,"Minnesota","Pennington County",4,11,179,95,84
050,27,113,"Minnesota","Pennington County",4,12,173,79,94
050,27,113,"Minnesota","Pennington County",4,13,172,88,84
050,27,113,"Minnesota","Pennington County",4,14,173,94,79
050,27,113,"Minnesota","Pennington County",4,15,193,92,101
050,27,113,"Minnesota","Pennington County",4,16,179,88,91
050,27,113,"Minnesota","Pennington County",4,17,184,86,98
050,27,113,"Minnesota","Pennington County",4,18,185,100,85
050,27,113,"Minnesota","Pennington County",4,19,173,88,85
050,27,113,"Minnesota","Pennington County",4,20,161,79,82
050,27,113,"Minnesota","Pennington County",4,21,152,78,74
050,27,113,"Minnesota","Pennington County",4,22,169,78,91
050,27,113,"Minnesota","Pennington County",4,23,165,73,92
050,27,113,"Minnesota","Pennington County",4,24,165,82,83
050,27,113,"Minnesota","Pennington County",4,25,161,88,73
050,27,113,"Minnesota","Pennington County",4,26,153,87,66
050,27,113,"Minnesota","Pennington County",4,27,163,86,77
050,27,113,"Minnesota","Pennington County",4,28,174,96,78
050,27,113,"Minnesota","Pennington County",4,29,172,94,78
050,27,113,"Minnesota","Pennington County",4,30,179,104,75
050,27,113,"Minnesota","Pennington County",4,31,198,106,92
050,27,113,"Minnesota","Pennington County",4,32,170,88,82
050,27,113,"Minnesota","Pennington County",4,33,182,94,88
050,27,113,"Minnesota","Pennington County",4,34,160,90,70
050,27,113,"Minnesota","Pennington County",4,35,178,98,80
050,27,113,"Minnesota","Pennington County",4,36,184,97,87
050,27,113,"Minnesota","Pennington County",4,37,173,91,82
050,27,113,"Minnesota","Pennington County",4,38,173,92,81
050,27,113,"Minnesota","Pennington County",4,39,186,99,87
050,27,113,"Minnesota","Pennington County",4,40,192,99,93
050,27,113,"Minnesota","Pennington County",4,41,182,84,98
050,27,113,"Minnesota","Pennington County",4,42,170,88,82
050,27,113,"Minnesota","Pennington County",4,43,153,81,72
050,27,113,"Minnesota","Pennington County",4,44,156,92,64
050,27,113,"Minnesota","Pennington County",4,45,159,83,76
050,27,113,"Minnesota","Pennington County",4,46,162,78,84
050,27,113,"Minnesota","Pennington County",4,47,150,68,82
050,27,113,"Minnesota","Pennington County",4,48,161,85,76
050,27,113,"Minnesota","Pennington County",4,49,163,87,76
050,27,113,"Minnesota","Pennington County",4,50,172,87,85
050,27,113,"Minnesota","Pennington County",4,51,181,97,84
050,27,113,"Minnesota","Pennington County",4,52,162,87,75
050,27,113,"Minnesota","Pennington County",4,53,161,80,81
050,27,113,"Minnesota","Pennington County",4,54,155,81,74
050,27,113,"Minnesota","Pennington County",4,55,150,75,75
050,27,113,"Minnesota","Pennington County",4,56,152,85,67
050,27,113,"Minnesota","Pennington County",4,57,167,87,80
050,27,113,"Minnesota","Pennington County",4,58,156,75,81
050,27,113,"Minnesota","Pennington County",4,59,171,90,81
050,27,113,"Minnesota","Pennington County",4,60,193,97,96
050,27,113,"Minnesota","Pennington County",4,61,209,97,112
050,27,113,"Minnesota","Pennington County",4,62,194,94,100
050,27,113,"Minnesota","Pennington County",4,63,205,96,109
050,27,113,"Minnesota","Pennington County",4,64,203,99,104
050,27,113,"Minnesota","Pennington County",4,65,188,103,85
050,27,113,"Minnesota","Pennington County",4,66,173,84,89
050,27,113,"Minnesota","Pennington County",4,67,173,87,86
050,27,113,"Minnesota","Pennington County",4,68,165,80,85
050,27,113,"Minnesota","Pennington County",4,69,162,82,80
050,27,113,"Minnesota","Pennington County",4,70,140,70,70
050,27,113,"Minnesota","Pennington County",4,71,130,69,61
050,27,113,"Minnesota","Pennington County",4,72,132,66,66
050,27,113,"Minnesota","Pennington County",4,73,122,56,66
050,27,113,"Minnesota","Pennington County",4,74,121,55,66
050,27,113,"Minnesota","Pennington County",4,75,119,52,67
050,27,113,"Minnesota","Pennington County",4,76,95,44,51
050,27,113,"Minnesota","Pennington County",4,77,87,43,44
050,27,113,"Minnesota","Pennington County",4,78,92,41,51
050,27,113,"Minnesota","Pennington County",4,79,79,34,45
050,27,113,"Minnesota","Pennington County",4,80,80,29,51
050,27,113,"Minnesota","Pennington County",4,81,69,26,43
050,27,113,"Minnesota","Pennington County",4,82,75,34,41
050,27,113,"Minnesota","Pennington County",4,83,68,30,38
050,27,113,"Minnesota","Pennington County",4,84,46,20,26
050,27,113,"Minnesota","Pennington County",4,85,327,121,206
050,27,113,"Minnesota","Pennington County",5,0,141,80,61
050,27,113,"Minnesota","Pennington County",5,1,153,83,70
050,27,113,"Minnesota","Pennington County",5,2,137,68,69
050,27,113,"Minnesota","Pennington County",5,3,144,68,76
050,27,113,"Minnesota","Pennington County",5,4,172,87,85
050,27,113,"Minnesota","Pennington County",5,5,171,76,95
050,27,113,"Minnesota","Pennington County",5,6,168,89,79
050,27,113,"Minnesota","Pennington County",5,7,182,84,98
050,27,113,"Minnesota","Pennington County",5,8,170,84,86
050,27,113,"Minnesota","Pennington County",5,9,165,81,84
050,27,113,"Minnesota","Pennington County",5,10,173,87,86
050,27,113,"Minnesota","Pennington County",5,11,189,99,90
050,27,113,"Minnesota","Pennington County",5,12,182,97,85
050,27,113,"Minnesota","Pennington County",5,13,182,86,96
050,27,113,"Minnesota","Pennington County",5,14,172,87,85
050,27,113,"Minnesota","Pennington County",5,15,172,89,83
050,27,113,"Minnesota","Pennington County",5,16,191,89,102
050,27,113,"Minnesota","Pennington County",5,17,174,88,86
050,27,113,"Minnesota","Pennington County",5,18,187,92,95
050,27,113,"Minnesota","Pennington County",5,19,176,94,82
050,27,113,"Minnesota","Pennington County",5,20,151,73,78
050,27,113,"Minnesota","Pennington County",5,21,152,73,79
050,27,113,"Minnesota","Pennington County",5,22,158,84,74
050,27,113,"Minnesota","Pennington County",5,23,182,89,93
050,27,113,"Minnesota","Pennington County",5,24,182,86,96
050,27,113,"Minnesota","Pennington County",5,25,157,79,78
050,27,113,"Minnesota","Pennington County",5,26,166,91,75
050,27,113,"Minnesota","Pennington County",5,27,151,87,64
050,27,113,"Minnesota","Pennington County",5,28,152,79,73
050,27,113,"Minnesota","Pennington County",5,29,164,84,80
050,27,113,"Minnesota","Pennington County",5,30,157,90,67
050,27,113,"Minnesota","Pennington County",5,31,167,97,70
050,27,113,"Minnesota","Pennington County",5,32,209,113,96
050,27,113,"Minnesota","Pennington County",5,33,166,82,84
050,27,113,"Minnesota","Pennington County",5,34,179,94,85
050,27,113,"Minnesota","Pennington County",5,35,162,94,68
050,27,113,"Minnesota","Pennington County",5,36,179,95,84
050,27,113,"Minnesota","Pennington County",5,37,182,96,86
050,27,113,"Minnesota","Pennington County",5,38,175,92,83
050,27,113,"Minnesota","Pennington County",5,39,172,90,82
050,27,113,"Minnesota","Pennington County",5,40,188,100,88
050,27,113,"Minnesota","Pennington County",5,41,191,99,92
050,27,113,"Minnesota","Pennington County",5,42,181,85,96
050,27,113,"Minnesota","Pennington County",5,43,177,92,85
050,27,113,"Minnesota","Pennington County",5,44,155,81,74
050,27,113,"Minnesota","Pennington County",5,45,154,92,62
050,27,113,"Minnesota","Pennington County",5,46,156,81,75
050,27,113,"Minnesota","Pennington County",5,47,159,75,84
050,27,113,"Minnesota","Pennington County",5,48,146,67,79
050,27,113,"Minnesota","Pennington County",5,49,159,85,74
050,27,113,"Minnesota","Pennington County",5,50,160,86,74
050,27,113,"Minnesota","Pennington County",5,51,168,85,83
050,27,113,"Minnesota","Pennington County",5,52,171,91,80
050,27,113,"Minnesota","Pennington County",5,53,164,87,77
050,27,113,"Minnesota","Pennington County",5,54,161,78,83
050,27,113,"Minnesota","Pennington County",5,55,152,79,73
050,27,113,"Minnesota","Pennington County",5,56,154,77,77
050,27,113,"Minnesota","Pennington County",5,57,151,84,67
050,27,113,"Minnesota","Pennington County",5,58,164,88,76
050,27,113,"Minnesota","Pennington County",5,59,151,72,79
050,27,113,"Minnesota","Pennington County",5,60,166,90,76
050,27,113,"Minnesota","Pennington County",5,61,191,95,96
050,27,113,"Minnesota","Pennington County",5,62,204,96,108
050,27,113,"Minnesota","Pennington County",5,63,187,91,96
050,27,113,"Minnesota","Pennington County",5,64,204,97,107
050,27,113,"Minnesota","Pennington County",5,65,204,101,103
050,27,113,"Minnesota","Pennington County",5,66,176,95,81
050,27,113,"Minnesota","Pennington County",5,67,172,83,89
050,27,113,"Minnesota","Pennington County",5,68,171,82,89
050,27,113,"Minnesota","Pennington County",5,69,159,79,80
050,27,113,"Minnesota","Pennington County",5,70,160,78,82
050,27,113,"Minnesota","Pennington County",5,71,135,69,66
050,27,113,"Minnesota","Pennington County",5,72,130,68,62
050,27,113,"Minnesota","Pennington County",5,73,132,65,67
050,27,113,"Minnesota","Pennington County",5,74,117,55,62
050,27,113,"Minnesota","Pennington County",5,75,118,56,62
050,27,113,"Minnesota","Pennington County",5,76,118,52,66
050,27,113,"Minnesota","Pennington County",5,77,88,42,46
050,27,113,"Minnesota","Pennington County",5,78,86,40,46
050,27,113,"Minnesota","Pennington County",5,79,90,41,49
050,27,113,"Minnesota","Pennington County",5,80,74,31,43
050,27,113,"Minnesota","Pennington County",5,81,77,31,46
050,27,113,"Minnesota","Pennington County",5,82,72,25,47
050,27,113,"Minnesota","Pennington County",5,83,73,34,39
050,27,113,"Minnesota","Pennington County",5,84,66,30,36
050,27,113,"Minnesota","Pennington County",5,85,318,115,203
050,27,115,"Minnesota","Pine County",1,0,221,111,110
050,27,115,"Minnesota","Pine County",1,1,237,115,122
050,27,115,"Minnesota","Pine County",1,2,272,146,126
050,27,115,"Minnesota","Pine County",1,3,266,140,126
050,27,115,"Minnesota","Pine County",1,4,292,149,143
050,27,115,"Minnesota","Pine County",1,5,297,150,147
050,27,115,"Minnesota","Pine County",1,6,325,170,155
050,27,115,"Minnesota","Pine County",1,7,288,142,146
050,27,115,"Minnesota","Pine County",1,8,292,138,154
050,27,115,"Minnesota","Pine County",1,9,304,159,145
050,27,115,"Minnesota","Pine County",1,10,327,185,142
050,27,115,"Minnesota","Pine County",1,11,334,165,169
050,27,115,"Minnesota","Pine County",1,12,368,186,182
050,27,115,"Minnesota","Pine County",1,13,349,186,163
050,27,115,"Minnesota","Pine County",1,14,359,203,156
050,27,115,"Minnesota","Pine County",1,15,367,201,166
050,27,115,"Minnesota","Pine County",1,16,355,180,175
050,27,115,"Minnesota","Pine County",1,17,339,178,161
050,27,115,"Minnesota","Pine County",1,18,305,163,142
050,27,115,"Minnesota","Pine County",1,19,239,125,114
050,27,115,"Minnesota","Pine County",1,20,266,154,112
050,27,115,"Minnesota","Pine County",1,21,244,132,112
050,27,115,"Minnesota","Pine County",1,22,255,153,102
050,27,115,"Minnesota","Pine County",1,23,267,164,103
050,27,115,"Minnesota","Pine County",1,24,273,171,102
050,27,115,"Minnesota","Pine County",1,25,292,164,128
050,27,115,"Minnesota","Pine County",1,26,297,186,111
050,27,115,"Minnesota","Pine County",1,27,297,168,129
050,27,115,"Minnesota","Pine County",1,28,294,167,127
050,27,115,"Minnesota","Pine County",1,29,332,219,113
050,27,115,"Minnesota","Pine County",1,30,308,196,112
050,27,115,"Minnesota","Pine County",1,31,305,176,129
050,27,115,"Minnesota","Pine County",1,32,334,198,136
050,27,115,"Minnesota","Pine County",1,33,344,211,133
050,27,115,"Minnesota","Pine County",1,34,357,218,139
050,27,115,"Minnesota","Pine County",1,35,364,212,152
050,27,115,"Minnesota","Pine County",1,36,378,214,164
050,27,115,"Minnesota","Pine County",1,37,360,202,158
050,27,115,"Minnesota","Pine County",1,38,385,214,171
050,27,115,"Minnesota","Pine County",1,39,372,213,159
050,27,115,"Minnesota","Pine County",1,40,398,236,162
050,27,115,"Minnesota","Pine County",1,41,365,217,148
050,27,115,"Minnesota","Pine County",1,42,361,208,153
050,27,115,"Minnesota","Pine County",1,43,343,192,151
050,27,115,"Minnesota","Pine County",1,44,330,194,136
050,27,115,"Minnesota","Pine County",1,45,335,185,150
050,27,115,"Minnesota","Pine County",1,46,299,157,142
050,27,115,"Minnesota","Pine County",1,47,308,167,141
050,27,115,"Minnesota","Pine County",1,48,342,201,141
050,27,115,"Minnesota","Pine County",1,49,392,226,166
050,27,115,"Minnesota","Pine County",1,50,384,203,181
050,27,115,"Minnesota","Pine County",1,51,365,191,174
050,27,115,"Minnesota","Pine County",1,52,363,199,164
050,27,115,"Minnesota","Pine County",1,53,372,198,174
050,27,115,"Minnesota","Pine County",1,54,409,224,185
050,27,115,"Minnesota","Pine County",1,55,443,233,210
050,27,115,"Minnesota","Pine County",1,56,493,258,235
050,27,115,"Minnesota","Pine County",1,57,506,275,231
050,27,115,"Minnesota","Pine County",1,58,497,269,228
050,27,115,"Minnesota","Pine County",1,59,519,279,240
050,27,115,"Minnesota","Pine County",1,60,490,258,232
050,27,115,"Minnesota","Pine County",1,61,475,229,246
050,27,115,"Minnesota","Pine County",1,62,502,268,234
050,27,115,"Minnesota","Pine County",1,63,499,269,230
050,27,115,"Minnesota","Pine County",1,64,501,263,238
050,27,115,"Minnesota","Pine County",1,65,490,273,217
050,27,115,"Minnesota","Pine County",1,66,446,232,214
050,27,115,"Minnesota","Pine County",1,67,442,226,216
050,27,115,"Minnesota","Pine County",1,68,401,196,205
050,27,115,"Minnesota","Pine County",1,69,373,188,185
050,27,115,"Minnesota","Pine County",1,70,358,187,171
050,27,115,"Minnesota","Pine County",1,71,348,187,161
050,27,115,"Minnesota","Pine County",1,72,324,178,146
050,27,115,"Minnesota","Pine County",1,73,300,152,148
050,27,115,"Minnesota","Pine County",1,74,214,102,112
050,27,115,"Minnesota","Pine County",1,75,236,111,125
050,27,115,"Minnesota","Pine County",1,76,248,124,124
050,27,115,"Minnesota","Pine County",1,77,241,107,134
050,27,115,"Minnesota","Pine County",1,78,215,97,118
050,27,115,"Minnesota","Pine County",1,79,184,87,97
050,27,115,"Minnesota","Pine County",1,80,143,71,72
050,27,115,"Minnesota","Pine County",1,81,154,74,80
050,27,115,"Minnesota","Pine County",1,82,154,75,79
050,27,115,"Minnesota","Pine County",1,83,127,61,66
050,27,115,"Minnesota","Pine County",1,84,120,57,63
050,27,115,"Minnesota","Pine County",1,85,620,261,359
050,27,115,"Minnesota","Pine County",2,0,228,110,118
050,27,115,"Minnesota","Pine County",2,1,237,116,121
050,27,115,"Minnesota","Pine County",2,2,264,140,124
050,27,115,"Minnesota","Pine County",2,3,270,142,128
050,27,115,"Minnesota","Pine County",2,4,288,148,140
050,27,115,"Minnesota","Pine County",2,5,297,153,144
050,27,115,"Minnesota","Pine County",2,6,320,165,155
050,27,115,"Minnesota","Pine County",2,7,296,146,150
050,27,115,"Minnesota","Pine County",2,8,291,138,153
050,27,115,"Minnesota","Pine County",2,9,301,154,147
050,27,115,"Minnesota","Pine County",2,10,325,180,145
050,27,115,"Minnesota","Pine County",2,11,334,172,162
050,27,115,"Minnesota","Pine County",2,12,359,182,177
050,27,115,"Minnesota","Pine County",2,13,356,187,169
050,27,115,"Minnesota","Pine County",2,14,359,201,158
050,27,115,"Minnesota","Pine County",2,15,365,202,163
050,27,115,"Minnesota","Pine County",2,16,357,184,173
050,27,115,"Minnesota","Pine County",2,17,343,178,165
050,27,115,"Minnesota","Pine County",2,18,297,160,137
050,27,115,"Minnesota","Pine County",2,19,236,125,111
050,27,115,"Minnesota","Pine County",2,20,267,151,116
050,27,115,"Minnesota","Pine County",2,21,243,133,110
050,27,115,"Minnesota","Pine County",2,22,259,154,105
050,27,115,"Minnesota","Pine County",2,23,261,159,102
050,27,115,"Minnesota","Pine County",2,24,275,170,105
050,27,115,"Minnesota","Pine County",2,25,287,164,123
050,27,115,"Minnesota","Pine County",2,26,296,181,115
050,27,115,"Minnesota","Pine County",2,27,295,170,125
050,27,115,"Minnesota","Pine County",2,28,298,170,128
050,27,115,"Minnesota","Pine County",2,29,331,214,117
050,27,115,"Minnesota","Pine County",2,30,316,201,115
050,27,115,"Minnesota","Pine County",2,31,301,175,126
050,27,115,"Minnesota","Pine County",2,32,330,197,133
050,27,115,"Minnesota","Pine County",2,33,344,209,135
050,27,115,"Minnesota","Pine County",2,34,355,218,137
050,27,115,"Minnesota","Pine County",2,35,368,216,152
050,27,115,"Minnesota","Pine County",2,36,374,213,161
050,27,115,"Minnesota","Pine County",2,37,366,206,160
050,27,115,"Minnesota","Pine County",2,38,384,215,169
050,27,115,"Minnesota","Pine County",2,39,373,209,164
050,27,115,"Minnesota","Pine County",2,40,401,237,164
050,27,115,"Minnesota","Pine County",2,41,371,219,152
050,27,115,"Minnesota","Pine County",2,42,358,207,151
050,27,115,"Minnesota","Pine County",2,43,354,200,154
050,27,115,"Minnesota","Pine County",2,44,332,195,137
050,27,115,"Minnesota","Pine County",2,45,332,188,144
050,27,115,"Minnesota","Pine County",2,46,305,161,144
050,27,115,"Minnesota","Pine County",2,47,307,167,140
050,27,115,"Minnesota","Pine County",2,48,330,190,140
050,27,115,"Minnesota","Pine County",2,49,383,221,162
050,27,115,"Minnesota","Pine County",2,50,390,211,179
050,27,115,"Minnesota","Pine County",2,51,365,190,175
050,27,115,"Minnesota","Pine County",2,52,362,196,166
050,27,115,"Minnesota","Pine County",2,53,369,197,172
050,27,115,"Minnesota","Pine County",2,54,396,214,182
050,27,115,"Minnesota","Pine County",2,55,438,231,207
050,27,115,"Minnesota","Pine County",2,56,483,255,228
050,27,115,"Minnesota","Pine County",2,57,500,269,231
050,27,115,"Minnesota","Pine County",2,58,500,273,227
050,27,115,"Minnesota","Pine County",2,59,516,278,238
050,27,115,"Minnesota","Pine County",2,60,495,262,233
050,27,115,"Minnesota","Pine County",2,61,479,236,243
050,27,115,"Minnesota","Pine County",2,62,495,258,237
050,27,115,"Minnesota","Pine County",2,63,510,273,237
050,27,115,"Minnesota","Pine County",2,64,494,262,232
050,27,115,"Minnesota","Pine County",2,65,491,270,221
050,27,115,"Minnesota","Pine County",2,66,458,242,216
050,27,115,"Minnesota","Pine County",2,67,441,227,214
050,27,115,"Minnesota","Pine County",2,68,408,203,205
050,27,115,"Minnesota","Pine County",2,69,382,190,192
050,27,115,"Minnesota","Pine County",2,70,361,187,174
050,27,115,"Minnesota","Pine County",2,71,352,188,164
050,27,115,"Minnesota","Pine County",2,72,323,177,146
050,27,115,"Minnesota","Pine County",2,73,322,168,154
050,27,115,"Minnesota","Pine County",2,74,220,107,113
050,27,115,"Minnesota","Pine County",2,75,226,105,121
050,27,115,"Minnesota","Pine County",2,76,241,118,123
050,27,115,"Minnesota","Pine County",2,77,246,113,133
050,27,115,"Minnesota","Pine County",2,78,211,94,117
050,27,115,"Minnesota","Pine County",2,79,188,87,101
050,27,115,"Minnesota","Pine County",2,80,151,75,76
050,27,115,"Minnesota","Pine County",2,81,148,72,76
050,27,115,"Minnesota","Pine County",2,82,151,73,78
050,27,115,"Minnesota","Pine County",2,83,126,59,67
050,27,115,"Minnesota","Pine County",2,84,119,57,62
050,27,115,"Minnesota","Pine County",2,85,623,266,357
050,27,115,"Minnesota","Pine County",3,0,256,126,130
050,27,115,"Minnesota","Pine County",3,1,275,132,143
050,27,115,"Minnesota","Pine County",3,2,248,115,133
050,27,115,"Minnesota","Pine County",3,3,269,139,130
050,27,115,"Minnesota","Pine County",3,4,274,141,133
050,27,115,"Minnesota","Pine County",3,5,296,152,144
050,27,115,"Minnesota","Pine County",3,6,300,151,149
050,27,115,"Minnesota","Pine County",3,7,324,162,162
050,27,115,"Minnesota","Pine County",3,8,307,155,152
050,27,115,"Minnesota","Pine County",3,9,297,143,154
050,27,115,"Minnesota","Pine County",3,10,314,161,153
050,27,115,"Minnesota","Pine County",3,11,340,188,152
050,27,115,"Minnesota","Pine County",3,12,338,178,160
050,27,115,"Minnesota","Pine County",3,13,365,182,183
050,27,115,"Minnesota","Pine County",3,14,374,197,177
050,27,115,"Minnesota","Pine County",3,15,368,206,162
050,27,115,"Minnesota","Pine County",3,16,360,196,164
050,27,115,"Minnesota","Pine County",3,17,366,188,178
050,27,115,"Minnesota","Pine County",3,18,309,176,133
050,27,115,"Minnesota","Pine County",3,19,239,134,105
050,27,115,"Minnesota","Pine County",3,20,279,153,126
050,27,115,"Minnesota","Pine County",3,21,258,138,120
050,27,115,"Minnesota","Pine County",3,22,275,159,116
050,27,115,"Minnesota","Pine County",3,23,266,155,111
050,27,115,"Minnesota","Pine County",3,24,273,173,100
050,27,115,"Minnesota","Pine County",3,25,266,165,101
050,27,115,"Minnesota","Pine County",3,26,303,188,115
050,27,115,"Minnesota","Pine County",3,27,294,169,125
050,27,115,"Minnesota","Pine County",3,28,311,183,128
050,27,115,"Minnesota","Pine County",3,29,344,215,129
050,27,115,"Minnesota","Pine County",3,30,340,216,124
050,27,115,"Minnesota","Pine County",3,31,303,182,121
050,27,115,"Minnesota","Pine County",3,32,310,183,127
050,27,115,"Minnesota","Pine County",3,33,358,208,150
050,27,115,"Minnesota","Pine County",3,34,365,221,144
050,27,115,"Minnesota","Pine County",3,35,353,211,142
050,27,115,"Minnesota","Pine County",3,36,387,222,165
050,27,115,"Minnesota","Pine County",3,37,373,216,157
050,27,115,"Minnesota","Pine County",3,38,387,222,165
050,27,115,"Minnesota","Pine County",3,39,378,202,176
050,27,115,"Minnesota","Pine County",3,40,397,231,166
050,27,115,"Minnesota","Pine County",3,41,391,229,162
050,27,115,"Minnesota","Pine County",3,42,374,219,155
050,27,115,"Minnesota","Pine County",3,43,370,214,156
050,27,115,"Minnesota","Pine County",3,44,359,206,153
050,27,115,"Minnesota","Pine County",3,45,339,199,140
050,27,115,"Minnesota","Pine County",3,46,328,179,149
050,27,115,"Minnesota","Pine County",3,47,314,168,146
050,27,115,"Minnesota","Pine County",3,48,310,167,143
050,27,115,"Minnesota","Pine County",3,49,357,202,155
050,27,115,"Minnesota","Pine County",3,50,398,230,168
050,27,115,"Minnesota","Pine County",3,51,403,217,186
050,27,115,"Minnesota","Pine County",3,52,373,194,179
050,27,115,"Minnesota","Pine County",3,53,365,192,173
050,27,115,"Minnesota","Pine County",3,54,372,195,177
050,27,115,"Minnesota","Pine County",3,55,404,220,184
050,27,115,"Minnesota","Pine County",3,56,446,238,208
050,27,115,"Minnesota","Pine County",3,57,473,250,223
050,27,115,"Minnesota","Pine County",3,58,517,277,240
050,27,115,"Minnesota","Pine County",3,59,496,272,224
050,27,115,"Minnesota","Pine County",3,60,516,281,235
050,27,115,"Minnesota","Pine County",3,61,508,261,247
050,27,115,"Minnesota","Pine County",3,62,500,245,255
050,27,115,"Minnesota","Pine County",3,63,515,271,244
050,27,115,"Minnesota","Pine County",3,64,495,258,237
050,27,115,"Minnesota","Pine County",3,65,501,261,240
050,27,115,"Minnesota","Pine County",3,66,487,268,219
050,27,115,"Minnesota","Pine County",3,67,453,239,214
050,27,115,"Minnesota","Pine County",3,68,452,229,223
050,27,115,"Minnesota","Pine County",3,69,412,208,204
050,27,115,"Minnesota","Pine County",3,70,380,188,192
050,27,115,"Minnesota","Pine County",3,71,355,185,170
050,27,115,"Minnesota","Pine County",3,72,349,187,162
050,27,115,"Minnesota","Pine County",3,73,309,165,144
050,27,115,"Minnesota","Pine County",3,74,315,162,153
050,27,115,"Minnesota","Pine County",3,75,208,102,106
050,27,115,"Minnesota","Pine County",3,76,215,100,115
050,27,115,"Minnesota","Pine County",3,77,236,117,119
050,27,115,"Minnesota","Pine County",3,78,234,108,126
050,27,115,"Minnesota","Pine County",3,79,199,87,112
050,27,115,"Minnesota","Pine County",3,80,179,81,98
050,27,115,"Minnesota","Pine County",3,81,149,76,73
050,27,115,"Minnesota","Pine County",3,82,132,65,67
050,27,115,"Minnesota","Pine County",3,83,137,66,71
050,27,115,"Minnesota","Pine County",3,84,114,53,61
050,27,115,"Minnesota","Pine County",3,85,636,276,360
050,27,115,"Minnesota","Pine County",4,0,296,158,138
050,27,115,"Minnesota","Pine County",4,1,280,138,142
050,27,115,"Minnesota","Pine County",4,2,272,123,149
050,27,115,"Minnesota","Pine County",4,3,272,129,143
050,27,115,"Minnesota","Pine County",4,4,279,144,135
050,27,115,"Minnesota","Pine County",4,5,293,147,146
050,27,115,"Minnesota","Pine County",4,6,297,159,138
050,27,115,"Minnesota","Pine County",4,7,309,162,147
050,27,115,"Minnesota","Pine County",4,8,330,168,162
050,27,115,"Minnesota","Pine County",4,9,307,147,160
050,27,115,"Minnesota","Pine County",4,10,308,141,167
050,27,115,"Minnesota","Pine County",4,11,311,164,147
050,27,115,"Minnesota","Pine County",4,12,350,188,162
050,27,115,"Minnesota","Pine County",4,13,348,183,165
050,27,115,"Minnesota","Pine County",4,14,389,198,191
050,27,115,"Minnesota","Pine County",4,15,380,194,186
050,27,115,"Minnesota","Pine County",4,16,373,213,160
050,27,115,"Minnesota","Pine County",4,17,369,199,170
050,27,115,"Minnesota","Pine County",4,18,323,185,138
050,27,115,"Minnesota","Pine County",4,19,229,131,98
050,27,115,"Minnesota","Pine County",4,20,259,146,113
050,27,115,"Minnesota","Pine County",4,21,268,145,123
050,27,115,"Minnesota","Pine County",4,22,288,159,129
050,27,115,"Minnesota","Pine County",4,23,279,160,119
050,27,115,"Minnesota","Pine County",4,24,271,160,111
050,27,115,"Minnesota","Pine County",4,25,280,167,113
050,27,115,"Minnesota","Pine County",4,26,269,165,104
050,27,115,"Minnesota","Pine County",4,27,288,171,117
050,27,115,"Minnesota","Pine County",4,28,303,172,131
050,27,115,"Minnesota","Pine County",4,29,319,196,123
050,27,115,"Minnesota","Pine County",4,30,319,185,134
050,27,115,"Minnesota","Pine County",4,31,324,190,134
050,27,115,"Minnesota","Pine County",4,32,305,178,127
050,27,115,"Minnesota","Pine County",4,33,326,185,141
050,27,115,"Minnesota","Pine County",4,34,348,198,150
050,27,115,"Minnesota","Pine County",4,35,366,207,159
050,27,115,"Minnesota","Pine County",4,36,338,193,145
050,27,115,"Minnesota","Pine County",4,37,382,217,165
050,27,115,"Minnesota","Pine County",4,38,388,220,168
050,27,115,"Minnesota","Pine County",4,39,370,201,169
050,27,115,"Minnesota","Pine County",4,40,390,204,186
050,27,115,"Minnesota","Pine County",4,41,389,213,176
050,27,115,"Minnesota","Pine County",4,42,384,218,166
050,27,115,"Minnesota","Pine County",4,43,395,229,166
050,27,115,"Minnesota","Pine County",4,44,370,208,162
050,27,115,"Minnesota","Pine County",4,45,350,203,147
050,27,115,"Minnesota","Pine County",4,46,324,181,143
050,27,115,"Minnesota","Pine County",4,47,336,188,148
050,27,115,"Minnesota","Pine County",4,48,293,153,140
050,27,115,"Minnesota","Pine County",4,49,314,163,151
050,27,115,"Minnesota","Pine County",4,50,357,207,150
050,27,115,"Minnesota","Pine County",4,51,390,209,181
050,27,115,"Minnesota","Pine County",4,52,388,210,178
050,27,115,"Minnesota","Pine County",4,53,377,200,177
050,27,115,"Minnesota","Pine County",4,54,374,188,186
050,27,115,"Minnesota","Pine County",4,55,384,197,187
050,27,115,"Minnesota","Pine County",4,56,412,225,187
050,27,115,"Minnesota","Pine County",4,57,441,233,208
050,27,115,"Minnesota","Pine County",4,58,483,247,236
050,27,115,"Minnesota","Pine County",4,59,531,282,249
050,27,115,"Minnesota","Pine County",4,60,504,277,227
050,27,115,"Minnesota","Pine County",4,61,516,283,233
050,27,115,"Minnesota","Pine County",4,62,516,263,253
050,27,115,"Minnesota","Pine County",4,63,530,260,270
050,27,115,"Minnesota","Pine County",4,64,516,271,245
050,27,115,"Minnesota","Pine County",4,65,507,262,245
050,27,115,"Minnesota","Pine County",4,66,504,258,246
050,27,115,"Minnesota","Pine County",4,67,485,261,224
050,27,115,"Minnesota","Pine County",4,68,452,234,218
050,27,115,"Minnesota","Pine County",4,69,455,229,226
050,27,115,"Minnesota","Pine County",4,70,406,202,204
050,27,115,"Minnesota","Pine County",4,71,372,189,183
050,27,115,"Minnesota","Pine County",4,72,357,186,171
050,27,115,"Minnesota","Pine County",4,73,342,184,158
050,27,115,"Minnesota","Pine County",4,74,297,158,139
050,27,115,"Minnesota","Pine County",4,75,318,160,158
050,27,115,"Minnesota","Pine County",4,76,194,95,99
050,27,115,"Minnesota","Pine County",4,77,207,96,111
050,27,115,"Minnesota","Pine County",4,78,228,117,111
050,27,115,"Minnesota","Pine County",4,79,218,101,117
050,27,115,"Minnesota","Pine County",4,80,178,80,98
050,27,115,"Minnesota","Pine County",4,81,170,77,93
050,27,115,"Minnesota","Pine County",4,82,135,68,67
050,27,115,"Minnesota","Pine County",4,83,114,53,61
050,27,115,"Minnesota","Pine County",4,84,124,61,63
050,27,115,"Minnesota","Pine County",4,85,601,263,338
050,27,115,"Minnesota","Pine County",5,0,295,159,136
050,27,115,"Minnesota","Pine County",5,1,305,162,143
050,27,115,"Minnesota","Pine County",5,2,292,139,153
050,27,115,"Minnesota","Pine County",5,3,283,131,152
050,27,115,"Minnesota","Pine County",5,4,269,126,143
050,27,115,"Minnesota","Pine County",5,5,283,140,143
050,27,115,"Minnesota","Pine County",5,6,293,144,149
050,27,115,"Minnesota","Pine County",5,7,299,155,144
050,27,115,"Minnesota","Pine County",5,8,333,174,159
050,27,115,"Minnesota","Pine County",5,9,341,171,170
050,27,115,"Minnesota","Pine County",5,10,317,152,165
050,27,115,"Minnesota","Pine County",5,11,313,142,171
050,27,115,"Minnesota","Pine County",5,12,323,171,152
050,27,115,"Minnesota","Pine County",5,13,351,184,167
050,27,115,"Minnesota","Pine County",5,14,340,182,158
050,27,115,"Minnesota","Pine County",5,15,383,197,186
050,27,115,"Minnesota","Pine County",5,16,383,199,184
050,27,115,"Minnesota","Pine County",5,17,375,217,158
050,27,115,"Minnesota","Pine County",5,18,320,180,140
050,27,115,"Minnesota","Pine County",5,19,255,150,105
050,27,115,"Minnesota","Pine County",5,20,277,166,111
050,27,115,"Minnesota","Pine County",5,21,253,137,116
050,27,115,"Minnesota","Pine County",5,22,293,171,122
050,27,115,"Minnesota","Pine County",5,23,317,180,137
050,27,115,"Minnesota","Pine County",5,24,305,177,128
050,27,115,"Minnesota","Pine County",5,25,280,162,118
050,27,115,"Minnesota","Pine County",5,26,291,185,106
050,27,115,"Minnesota","Pine County",5,27,294,183,111
050,27,115,"Minnesota","Pine County",5,28,323,189,134
050,27,115,"Minnesota","Pine County",5,29,367,219,148
050,27,115,"Minnesota","Pine County",5,30,340,210,130
050,27,115,"Minnesota","Pine County",5,31,316,179,137
050,27,115,"Minnesota","Pine County",5,32,356,225,131
050,27,115,"Minnesota","Pine County",5,33,345,211,134
050,27,115,"Minnesota","Pine County",5,34,335,193,142
050,27,115,"Minnesota","Pine County",5,35,366,216,150
050,27,115,"Minnesota","Pine County",5,36,386,218,168
050,27,115,"Minnesota","Pine County",5,37,362,210,152
050,27,115,"Minnesota","Pine County",5,38,423,248,175
050,27,115,"Minnesota","Pine County",5,39,394,223,171
050,27,115,"Minnesota","Pine County",5,40,395,230,165
050,27,115,"Minnesota","Pine County",5,41,391,201,190
050,27,115,"Minnesota","Pine County",5,42,390,219,171
050,27,115,"Minnesota","Pine County",5,43,421,247,174
050,27,115,"Minnesota","Pine County",5,44,403,240,163
050,27,115,"Minnesota","Pine County",5,45,380,218,162
050,27,115,"Minnesota","Pine County",5,46,346,196,150
050,27,115,"Minnesota","Pine County",5,47,353,202,151
050,27,115,"Minnesota","Pine County",5,48,335,191,144
050,27,115,"Minnesota","Pine County",5,49,311,161,150
050,27,115,"Minnesota","Pine County",5,50,326,178,148
050,27,115,"Minnesota","Pine County",5,51,360,198,162
050,27,115,"Minnesota","Pine County",5,52,394,216,178
050,27,115,"Minnesota","Pine County",5,53,389,213,176
050,27,115,"Minnesota","Pine County",5,54,374,204,170
050,27,115,"Minnesota","Pine County",5,55,385,191,194
050,27,115,"Minnesota","Pine County",5,56,394,205,189
050,27,115,"Minnesota","Pine County",5,57,401,210,191
050,27,115,"Minnesota","Pine County",5,58,462,243,219
050,27,115,"Minnesota","Pine County",5,59,485,254,231
050,27,115,"Minnesota","Pine County",5,60,537,288,249
050,27,115,"Minnesota","Pine County",5,61,511,279,232
050,27,115,"Minnesota","Pine County",5,62,541,298,243
050,27,115,"Minnesota","Pine County",5,63,537,274,263
050,27,115,"Minnesota","Pine County",5,64,528,260,268
050,27,115,"Minnesota","Pine County",5,65,519,271,248
050,27,115,"Minnesota","Pine County",5,66,500,260,240
050,27,115,"Minnesota","Pine County",5,67,503,260,243
050,27,115,"Minnesota","Pine County",5,68,491,261,230
050,27,115,"Minnesota","Pine County",5,69,446,232,214
050,27,115,"Minnesota","Pine County",5,70,442,223,219
050,27,115,"Minnesota","Pine County",5,71,395,197,198
050,27,115,"Minnesota","Pine County",5,72,372,187,185
050,27,115,"Minnesota","Pine County",5,73,347,181,166
050,27,115,"Minnesota","Pine County",5,74,337,183,154
050,27,115,"Minnesota","Pine County",5,75,295,157,138
050,27,115,"Minnesota","Pine County",5,76,295,146,149
050,27,115,"Minnesota","Pine County",5,77,185,90,95
050,27,115,"Minnesota","Pine County",5,78,197,92,105
050,27,115,"Minnesota","Pine County",5,79,210,109,101
050,27,115,"Minnesota","Pine County",5,80,199,92,107
050,27,115,"Minnesota","Pine County",5,81,166,73,93
050,27,115,"Minnesota","Pine County",5,82,160,71,89
050,27,115,"Minnesota","Pine County",5,83,119,57,62
050,27,115,"Minnesota","Pine County",5,84,104,47,57
050,27,115,"Minnesota","Pine County",5,85,590,266,324
050,27,117,"Minnesota","Pipestone County",1,0,136,70,66
050,27,117,"Minnesota","Pipestone County",1,1,139,72,67
050,27,117,"Minnesota","Pipestone County",1,2,135,69,66
050,27,117,"Minnesota","Pipestone County",1,3,139,72,67
050,27,117,"Minnesota","Pipestone County",1,4,131,68,63
050,27,117,"Minnesota","Pipestone County",1,5,139,67,72
050,27,117,"Minnesota","Pipestone County",1,6,145,75,70
050,27,117,"Minnesota","Pipestone County",1,7,132,70,62
050,27,117,"Minnesota","Pipestone County",1,8,147,77,70
050,27,117,"Minnesota","Pipestone County",1,9,146,75,71
050,27,117,"Minnesota","Pipestone County",1,10,155,72,83
050,27,117,"Minnesota","Pipestone County",1,11,134,64,70
050,27,117,"Minnesota","Pipestone County",1,12,151,74,77
050,27,117,"Minnesota","Pipestone County",1,13,144,77,67
050,27,117,"Minnesota","Pipestone County",1,14,142,71,71
050,27,117,"Minnesota","Pipestone County",1,15,141,74,67
050,27,117,"Minnesota","Pipestone County",1,16,149,70,79
050,27,117,"Minnesota","Pipestone County",1,17,136,72,64
050,27,117,"Minnesota","Pipestone County",1,18,113,62,51
050,27,117,"Minnesota","Pipestone County",1,19,89,40,49
050,27,117,"Minnesota","Pipestone County",1,20,88,47,41
050,27,117,"Minnesota","Pipestone County",1,21,81,41,40
050,27,117,"Minnesota","Pipestone County",1,22,96,45,51
050,27,117,"Minnesota","Pipestone County",1,23,96,44,52
050,27,117,"Minnesota","Pipestone County",1,24,94,45,49
050,27,117,"Minnesota","Pipestone County",1,25,101,49,52
050,27,117,"Minnesota","Pipestone County",1,26,102,51,51
050,27,117,"Minnesota","Pipestone County",1,27,108,52,56
050,27,117,"Minnesota","Pipestone County",1,28,96,51,45
050,27,117,"Minnesota","Pipestone County",1,29,82,34,48
050,27,117,"Minnesota","Pipestone County",1,30,81,40,41
050,27,117,"Minnesota","Pipestone County",1,31,97,46,51
050,27,117,"Minnesota","Pipestone County",1,32,86,47,39
050,27,117,"Minnesota","Pipestone County",1,33,95,46,49
050,27,117,"Minnesota","Pipestone County",1,34,118,66,52
050,27,117,"Minnesota","Pipestone County",1,35,111,68,43
050,27,117,"Minnesota","Pipestone County",1,36,97,53,44
050,27,117,"Minnesota","Pipestone County",1,37,108,59,49
050,27,117,"Minnesota","Pipestone County",1,38,114,58,56
050,27,117,"Minnesota","Pipestone County",1,39,106,54,52
050,27,117,"Minnesota","Pipestone County",1,40,96,51,45
050,27,117,"Minnesota","Pipestone County",1,41,95,43,52
050,27,117,"Minnesota","Pipestone County",1,42,98,48,50
050,27,117,"Minnesota","Pipestone County",1,43,105,57,48
050,27,117,"Minnesota","Pipestone County",1,44,105,59,46
050,27,117,"Minnesota","Pipestone County",1,45,91,43,48
050,27,117,"Minnesota","Pipestone County",1,46,82,41,41
050,27,117,"Minnesota","Pipestone County",1,47,88,41,47
050,27,117,"Minnesota","Pipestone County",1,48,108,48,60
050,27,117,"Minnesota","Pipestone County",1,49,118,61,57
050,27,117,"Minnesota","Pipestone County",1,50,109,56,53
050,27,117,"Minnesota","Pipestone County",1,51,103,53,50
050,27,117,"Minnesota","Pipestone County",1,52,101,53,48
050,27,117,"Minnesota","Pipestone County",1,53,104,50,54
050,27,117,"Minnesota","Pipestone County",1,54,125,71,54
050,27,117,"Minnesota","Pipestone County",1,55,117,64,53
050,27,117,"Minnesota","Pipestone County",1,56,126,60,66
050,27,117,"Minnesota","Pipestone County",1,57,126,57,69
050,27,117,"Minnesota","Pipestone County",1,58,147,76,71
050,27,117,"Minnesota","Pipestone County",1,59,134,75,59
050,27,117,"Minnesota","Pipestone County",1,60,135,76,59
050,27,117,"Minnesota","Pipestone County",1,61,122,59,63
050,27,117,"Minnesota","Pipestone County",1,62,116,58,58
050,27,117,"Minnesota","Pipestone County",1,63,135,68,67
050,27,117,"Minnesota","Pipestone County",1,64,138,74,64
050,27,117,"Minnesota","Pipestone County",1,65,129,72,57
050,27,117,"Minnesota","Pipestone County",1,66,113,66,47
050,27,117,"Minnesota","Pipestone County",1,67,101,49,52
050,27,117,"Minnesota","Pipestone County",1,68,97,50,47
050,27,117,"Minnesota","Pipestone County",1,69,96,48,48
050,27,117,"Minnesota","Pipestone County",1,70,97,52,45
050,27,117,"Minnesota","Pipestone County",1,71,82,38,44
050,27,117,"Minnesota","Pipestone County",1,72,89,37,52
050,27,117,"Minnesota","Pipestone County",1,73,89,38,51
050,27,117,"Minnesota","Pipestone County",1,74,74,34,40
050,27,117,"Minnesota","Pipestone County",1,75,77,35,42
050,27,117,"Minnesota","Pipestone County",1,76,61,27,34
050,27,117,"Minnesota","Pipestone County",1,77,63,28,35
050,27,117,"Minnesota","Pipestone County",1,78,60,27,33
050,27,117,"Minnesota","Pipestone County",1,79,52,23,29
050,27,117,"Minnesota","Pipestone County",1,80,52,21,31
050,27,117,"Minnesota","Pipestone County",1,81,58,29,29
050,27,117,"Minnesota","Pipestone County",1,82,72,30,42
050,27,117,"Minnesota","Pipestone County",1,83,47,19,28
050,27,117,"Minnesota","Pipestone County",1,84,41,12,29
050,27,117,"Minnesota","Pipestone County",1,85,346,101,245
050,27,117,"Minnesota","Pipestone County",2,0,143,71,72
050,27,117,"Minnesota","Pipestone County",2,1,138,72,66
050,27,117,"Minnesota","Pipestone County",2,2,136,70,66
050,27,117,"Minnesota","Pipestone County",2,3,138,71,67
050,27,117,"Minnesota","Pipestone County",2,4,131,67,64
050,27,117,"Minnesota","Pipestone County",2,5,139,68,71
050,27,117,"Minnesota","Pipestone County",2,6,146,74,72
050,27,117,"Minnesota","Pipestone County",2,7,134,70,64
050,27,117,"Minnesota","Pipestone County",2,8,141,75,66
050,27,117,"Minnesota","Pipestone County",2,9,147,76,71
050,27,117,"Minnesota","Pipestone County",2,10,152,72,80
050,27,117,"Minnesota","Pipestone County",2,11,137,64,73
050,27,117,"Minnesota","Pipestone County",2,12,147,71,76
050,27,117,"Minnesota","Pipestone County",2,13,144,75,69
050,27,117,"Minnesota","Pipestone County",2,14,141,72,69
050,27,117,"Minnesota","Pipestone County",2,15,139,71,68
050,27,117,"Minnesota","Pipestone County",2,16,148,72,76
050,27,117,"Minnesota","Pipestone County",2,17,140,71,69
050,27,117,"Minnesota","Pipestone County",2,18,112,62,50
050,27,117,"Minnesota","Pipestone County",2,19,89,42,47
050,27,117,"Minnesota","Pipestone County",2,20,90,47,43
050,27,117,"Minnesota","Pipestone County",2,21,83,42,41
050,27,117,"Minnesota","Pipestone County",2,22,96,45,51
050,27,117,"Minnesota","Pipestone County",2,23,94,43,51
050,27,117,"Minnesota","Pipestone County",2,24,95,46,49
050,27,117,"Minnesota","Pipestone County",2,25,100,48,52
050,27,117,"Minnesota","Pipestone County",2,26,103,51,52
050,27,117,"Minnesota","Pipestone County",2,27,107,52,55
050,27,117,"Minnesota","Pipestone County",2,28,99,51,48
050,27,117,"Minnesota","Pipestone County",2,29,85,38,47
050,27,117,"Minnesota","Pipestone County",2,30,81,39,42
050,27,117,"Minnesota","Pipestone County",2,31,92,44,48
050,27,117,"Minnesota","Pipestone County",2,32,88,47,41
050,27,117,"Minnesota","Pipestone County",2,33,91,46,45
050,27,117,"Minnesota","Pipestone County",2,34,112,62,50
050,27,117,"Minnesota","Pipestone County",2,35,111,67,44
050,27,117,"Minnesota","Pipestone County",2,36,97,55,42
050,27,117,"Minnesota","Pipestone County",2,37,107,59,48
050,27,117,"Minnesota","Pipestone County",2,38,115,59,56
050,27,117,"Minnesota","Pipestone County",2,39,108,56,52
050,27,117,"Minnesota","Pipestone County",2,40,100,53,47
050,27,117,"Minnesota","Pipestone County",2,41,97,45,52
050,27,117,"Minnesota","Pipestone County",2,42,98,47,51
050,27,117,"Minnesota","Pipestone County",2,43,106,57,49
050,27,117,"Minnesota","Pipestone County",2,44,103,57,46
050,27,117,"Minnesota","Pipestone County",2,45,94,47,47
050,27,117,"Minnesota","Pipestone County",2,46,82,40,42
050,27,117,"Minnesota","Pipestone County",2,47,87,41,46
050,27,117,"Minnesota","Pipestone County",2,48,103,47,56
050,27,117,"Minnesota","Pipestone County",2,49,116,58,58
050,27,117,"Minnesota","Pipestone County",2,50,112,58,54
050,27,117,"Minnesota","Pipestone County",2,51,105,54,51
050,27,117,"Minnesota","Pipestone County",2,52,101,53,48
050,27,117,"Minnesota","Pipestone County",2,53,103,51,52
050,27,117,"Minnesota","Pipestone County",2,54,119,66,53
050,27,117,"Minnesota","Pipestone County",2,55,118,65,53
050,27,117,"Minnesota","Pipestone County",2,56,124,61,63
050,27,117,"Minnesota","Pipestone County",2,57,126,59,67
050,27,117,"Minnesota","Pipestone County",2,58,142,72,70
050,27,117,"Minnesota","Pipestone County",2,59,136,74,62
050,27,117,"Minnesota","Pipestone County",2,60,134,75,59
050,27,117,"Minnesota","Pipestone County",2,61,123,62,61
050,27,117,"Minnesota","Pipestone County",2,62,117,59,58
050,27,117,"Minnesota","Pipestone County",2,63,130,64,66
050,27,117,"Minnesota","Pipestone County",2,64,137,73,64
050,27,117,"Minnesota","Pipestone County",2,65,131,72,59
050,27,117,"Minnesota","Pipestone County",2,66,116,68,48
050,27,117,"Minnesota","Pipestone County",2,67,104,53,51
050,27,117,"Minnesota","Pipestone County",2,68,97,48,49
050,27,117,"Minnesota","Pipestone County",2,69,97,48,49
050,27,117,"Minnesota","Pipestone County",2,70,96,51,45
050,27,117,"Minnesota","Pipestone County",2,71,85,41,44
050,27,117,"Minnesota","Pipestone County",2,72,87,37,50
050,27,117,"Minnesota","Pipestone County",2,73,92,39,53
050,27,117,"Minnesota","Pipestone County",2,74,71,32,39
050,27,117,"Minnesota","Pipestone County",2,75,77,35,42
050,27,117,"Minnesota","Pipestone County",2,76,64,28,36
050,27,117,"Minnesota","Pipestone County",2,77,64,29,35
050,27,117,"Minnesota","Pipestone County",2,78,60,28,32
050,27,117,"Minnesota","Pipestone County",2,79,53,24,29
050,27,117,"Minnesota","Pipestone County",2,80,53,21,32
050,27,117,"Minnesota","Pipestone County",2,81,55,27,28
050,27,117,"Minnesota","Pipestone County",2,82,71,30,41
050,27,117,"Minnesota","Pipestone County",2,83,52,22,30
050,27,117,"Minnesota","Pipestone County",2,84,42,13,29
050,27,117,"Minnesota","Pipestone County",2,85,341,101,240
050,27,117,"Minnesota","Pipestone County",3,0,131,71,60
050,27,117,"Minnesota","Pipestone County",3,1,151,70,81
050,27,117,"Minnesota","Pipestone County",3,2,146,76,70
050,27,117,"Minnesota","Pipestone County",3,3,137,68,69
050,27,117,"Minnesota","Pipestone County",3,4,139,74,65
050,27,117,"Minnesota","Pipestone County",3,5,131,67,64
050,27,117,"Minnesota","Pipestone County",3,6,144,73,71
050,27,117,"Minnesota","Pipestone County",3,7,139,71,68
050,27,117,"Minnesota","Pipestone County",3,8,131,68,63
050,27,117,"Minnesota","Pipestone County",3,9,146,79,67
050,27,117,"Minnesota","Pipestone County",3,10,153,82,71
050,27,117,"Minnesota","Pipestone County",3,11,149,73,76
050,27,117,"Minnesota","Pipestone County",3,12,137,63,74
050,27,117,"Minnesota","Pipestone County",3,13,144,71,73
050,27,117,"Minnesota","Pipestone County",3,14,142,74,68
050,27,117,"Minnesota","Pipestone County",3,15,142,73,69
050,27,117,"Minnesota","Pipestone County",3,16,137,71,66
050,27,117,"Minnesota","Pipestone County",3,17,138,66,72
050,27,117,"Minnesota","Pipestone County",3,18,118,61,57
050,27,117,"Minnesota","Pipestone County",3,19,75,42,33
050,27,117,"Minnesota","Pipestone County",3,20,92,46,46
050,27,117,"Minnesota","Pipestone County",3,21,95,41,54
050,27,117,"Minnesota","Pipestone County",3,22,79,39,40
050,27,117,"Minnesota","Pipestone County",3,23,100,47,53
050,27,117,"Minnesota","Pipestone County",3,24,103,52,51
050,27,117,"Minnesota","Pipestone County",3,25,94,44,50
050,27,117,"Minnesota","Pipestone County",3,26,107,49,58
050,27,117,"Minnesota","Pipestone County",3,27,101,48,53
050,27,117,"Minnesota","Pipestone County",3,28,100,50,50
050,27,117,"Minnesota","Pipestone County",3,29,98,52,46
050,27,117,"Minnesota","Pipestone County",3,30,83,37,46
050,27,117,"Minnesota","Pipestone County",3,31,83,42,41
050,27,117,"Minnesota","Pipestone County",3,32,92,45,47
050,27,117,"Minnesota","Pipestone County",3,33,91,45,46
050,27,117,"Minnesota","Pipestone County",3,34,91,46,45
050,27,117,"Minnesota","Pipestone County",3,35,114,60,54
050,27,117,"Minnesota","Pipestone County",3,36,102,60,42
050,27,117,"Minnesota","Pipestone County",3,37,97,57,40
050,27,117,"Minnesota","Pipestone County",3,38,108,61,47
050,27,117,"Minnesota","Pipestone County",3,39,111,59,52
050,27,117,"Minnesota","Pipestone County",3,40,106,56,50
050,27,117,"Minnesota","Pipestone County",3,41,97,51,46
050,27,117,"Minnesota","Pipestone County",3,42,92,38,54
050,27,117,"Minnesota","Pipestone County",3,43,100,48,52
050,27,117,"Minnesota","Pipestone County",3,44,109,57,52
050,27,117,"Minnesota","Pipestone County",3,45,98,55,43
050,27,117,"Minnesota","Pipestone County",3,46,97,51,46
050,27,117,"Minnesota","Pipestone County",3,47,83,40,43
050,27,117,"Minnesota","Pipestone County",3,48,87,40,47
050,27,117,"Minnesota","Pipestone County",3,49,96,44,52
050,27,117,"Minnesota","Pipestone County",3,50,114,57,57
050,27,117,"Minnesota","Pipestone County",3,51,108,57,51
050,27,117,"Minnesota","Pipestone County",3,52,106,53,53
050,27,117,"Minnesota","Pipestone County",3,53,102,54,48
050,27,117,"Minnesota","Pipestone County",3,54,100,47,53
050,27,117,"Minnesota","Pipestone County",3,55,111,60,51
050,27,117,"Minnesota","Pipestone County",3,56,120,65,55
050,27,117,"Minnesota","Pipestone County",3,57,121,63,58
050,27,117,"Minnesota","Pipestone County",3,58,128,56,72
050,27,117,"Minnesota","Pipestone County",3,59,142,72,70
050,27,117,"Minnesota","Pipestone County",3,60,132,71,61
050,27,117,"Minnesota","Pipestone County",3,61,129,69,60
050,27,117,"Minnesota","Pipestone County",3,62,120,60,60
050,27,117,"Minnesota","Pipestone County",3,63,117,59,58
050,27,117,"Minnesota","Pipestone County",3,64,129,61,68
050,27,117,"Minnesota","Pipestone County",3,65,136,71,65
050,27,117,"Minnesota","Pipestone County",3,66,128,69,59
050,27,117,"Minnesota","Pipestone County",3,67,113,68,45
050,27,117,"Minnesota","Pipestone County",3,68,104,52,52
050,27,117,"Minnesota","Pipestone County",3,69,95,46,49
050,27,117,"Minnesota","Pipestone County",3,70,97,49,48
050,27,117,"Minnesota","Pipestone County",3,71,93,47,46
050,27,117,"Minnesota","Pipestone County",3,72,83,40,43
050,27,117,"Minnesota","Pipestone County",3,73,79,35,44
050,27,117,"Minnesota","Pipestone County",3,74,86,36,50
050,27,117,"Minnesota","Pipestone County",3,75,69,31,38
050,27,117,"Minnesota","Pipestone County",3,76,76,35,41
050,27,117,"Minnesota","Pipestone County",3,77,64,28,36
050,27,117,"Minnesota","Pipestone County",3,78,64,29,35
050,27,117,"Minnesota","Pipestone County",3,79,56,27,29
050,27,117,"Minnesota","Pipestone County",3,80,54,23,31
050,27,117,"Minnesota","Pipestone County",3,81,43,17,26
050,27,117,"Minnesota","Pipestone County",3,82,61,27,34
050,27,117,"Minnesota","Pipestone County",3,83,64,28,36
050,27,117,"Minnesota","Pipestone County",3,84,48,19,29
050,27,117,"Minnesota","Pipestone County",3,85,326,99,227
050,27,117,"Minnesota","Pipestone County",4,0,133,69,64
050,27,117,"Minnesota","Pipestone County",4,1,122,70,52
050,27,117,"Minnesota","Pipestone County",4,2,153,75,78
050,27,117,"Minnesota","Pipestone County",4,3,146,75,71
050,27,117,"Minnesota","Pipestone County",4,4,140,70,70
050,27,117,"Minnesota","Pipestone County",4,5,141,76,65
050,27,117,"Minnesota","Pipestone County",4,6,136,71,65
050,27,117,"Minnesota","Pipestone County",4,7,146,76,70
050,27,117,"Minnesota","Pipestone County",4,8,146,78,68
050,27,117,"Minnesota","Pipestone County",4,9,130,65,65
050,27,117,"Minnesota","Pipestone County",4,10,151,81,70
050,27,117,"Minnesota","Pipestone County",4,11,156,83,73
050,27,117,"Minnesota","Pipestone County",4,12,148,76,72
050,27,117,"Minnesota","Pipestone County",4,13,142,65,77
050,27,117,"Minnesota","Pipestone County",4,14,146,73,73
050,27,117,"Minnesota","Pipestone County",4,15,146,77,69
050,27,117,"Minnesota","Pipestone County",4,16,143,74,69
050,27,117,"Minnesota","Pipestone County",4,17,133,69,64
050,27,117,"Minnesota","Pipestone County",4,18,113,56,57
050,27,117,"Minnesota","Pipestone County",4,19,94,48,46
050,27,117,"Minnesota","Pipestone County",4,20,77,43,34
050,27,117,"Minnesota","Pipestone County",4,21,82,39,43
050,27,117,"Minnesota","Pipestone County",4,22,81,32,49
050,27,117,"Minnesota","Pipestone County",4,23,78,36,42
050,27,117,"Minnesota","Pipestone County",4,24,100,46,54
050,27,117,"Minnesota","Pipestone County",4,25,96,49,47
050,27,117,"Minnesota","Pipestone County",4,26,102,49,53
050,27,117,"Minnesota","Pipestone County",4,27,116,49,67
050,27,117,"Minnesota","Pipestone County",4,28,104,50,54
050,27,117,"Minnesota","Pipestone County",4,29,91,43,48
050,27,117,"Minnesota","Pipestone County",4,30,93,51,42
050,27,117,"Minnesota","Pipestone County",4,31,87,43,44
050,27,117,"Minnesota","Pipestone County",4,32,85,43,42
050,27,117,"Minnesota","Pipestone County",4,33,95,50,45
050,27,117,"Minnesota","Pipestone County",4,34,93,43,50
050,27,117,"Minnesota","Pipestone County",4,35,97,53,44
050,27,117,"Minnesota","Pipestone County",4,36,118,61,57
050,27,117,"Minnesota","Pipestone County",4,37,104,59,45
050,27,117,"Minnesota","Pipestone County",4,38,104,59,45
050,27,117,"Minnesota","Pipestone County",4,39,116,68,48
050,27,117,"Minnesota","Pipestone County",4,40,112,59,53
050,27,117,"Minnesota","Pipestone County",4,41,105,56,49
050,27,117,"Minnesota","Pipestone County",4,42,94,47,47
050,27,117,"Minnesota","Pipestone County",4,43,90,38,52
050,27,117,"Minnesota","Pipestone County",4,44,95,44,51
050,27,117,"Minnesota","Pipestone County",4,45,111,58,53
050,27,117,"Minnesota","Pipestone County",4,46,96,53,43
050,27,117,"Minnesota","Pipestone County",4,47,94,48,46
050,27,117,"Minnesota","Pipestone County",4,48,77,36,41
050,27,117,"Minnesota","Pipestone County",4,49,83,37,46
050,27,117,"Minnesota","Pipestone County",4,50,97,44,53
050,27,117,"Minnesota","Pipestone County",4,51,113,55,58
050,27,117,"Minnesota","Pipestone County",4,52,112,58,54
050,27,117,"Minnesota","Pipestone County",4,53,101,50,51
050,27,117,"Minnesota","Pipestone County",4,54,100,52,48
050,27,117,"Minnesota","Pipestone County",4,55,102,50,52
050,27,117,"Minnesota","Pipestone County",4,56,110,61,49
050,27,117,"Minnesota","Pipestone County",4,57,122,68,54
050,27,117,"Minnesota","Pipestone County",4,58,113,56,57
050,27,117,"Minnesota","Pipestone County",4,59,124,55,69
050,27,117,"Minnesota","Pipestone County",4,60,140,71,69
050,27,117,"Minnesota","Pipestone County",4,61,130,69,61
050,27,117,"Minnesota","Pipestone County",4,62,125,68,57
050,27,117,"Minnesota","Pipestone County",4,63,123,61,62
050,27,117,"Minnesota","Pipestone County",4,64,113,55,58
050,27,117,"Minnesota","Pipestone County",4,65,128,58,70
050,27,117,"Minnesota","Pipestone County",4,66,132,70,62
050,27,117,"Minnesota","Pipestone County",4,67,122,68,54
050,27,117,"Minnesota","Pipestone County",4,68,112,68,44
050,27,117,"Minnesota","Pipestone County",4,69,100,48,52
050,27,117,"Minnesota","Pipestone County",4,70,94,47,47
050,27,117,"Minnesota","Pipestone County",4,71,97,48,49
050,27,117,"Minnesota","Pipestone County",4,72,93,47,46
050,27,117,"Minnesota","Pipestone County",4,73,77,36,41
050,27,117,"Minnesota","Pipestone County",4,74,77,34,43
050,27,117,"Minnesota","Pipestone County",4,75,80,33,47
050,27,117,"Minnesota","Pipestone County",4,76,65,26,39
050,27,117,"Minnesota","Pipestone County",4,77,73,34,39
050,27,117,"Minnesota","Pipestone County",4,78,70,32,38
050,27,117,"Minnesota","Pipestone County",4,79,58,27,31
050,27,117,"Minnesota","Pipestone County",4,80,57,25,32
050,27,117,"Minnesota","Pipestone County",4,81,46,21,25
050,27,117,"Minnesota","Pipestone County",4,82,50,17,33
050,27,117,"Minnesota","Pipestone County",4,83,55,26,29
050,27,117,"Minnesota","Pipestone County",4,84,58,23,35
050,27,117,"Minnesota","Pipestone County",4,85,317,97,220
050,27,117,"Minnesota","Pipestone County",5,0,108,59,49
050,27,117,"Minnesota","Pipestone County",5,1,128,71,57
050,27,117,"Minnesota","Pipestone County",5,2,122,70,52
050,27,117,"Minnesota","Pipestone County",5,3,148,75,73
050,27,117,"Minnesota","Pipestone County",5,4,147,74,73
050,27,117,"Minnesota","Pipestone County",5,5,136,68,68
050,27,117,"Minnesota","Pipestone County",5,6,142,78,64
050,27,117,"Minnesota","Pipestone County",5,7,138,74,64
050,27,117,"Minnesota","Pipestone County",5,8,147,77,70
050,27,117,"Minnesota","Pipestone County",5,9,146,83,63
050,27,117,"Minnesota","Pipestone County",5,10,126,64,62
050,27,117,"Minnesota","Pipestone County",5,11,157,87,70
050,27,117,"Minnesota","Pipestone County",5,12,158,84,74
050,27,117,"Minnesota","Pipestone County",5,13,148,76,72
050,27,117,"Minnesota","Pipestone County",5,14,140,64,76
050,27,117,"Minnesota","Pipestone County",5,15,141,71,70
050,27,117,"Minnesota","Pipestone County",5,16,146,75,71
050,27,117,"Minnesota","Pipestone County",5,17,138,74,64
050,27,117,"Minnesota","Pipestone County",5,18,116,64,52
050,27,117,"Minnesota","Pipestone County",5,19,85,42,43
050,27,117,"Minnesota","Pipestone County",5,20,93,49,44
050,27,117,"Minnesota","Pipestone County",5,21,84,47,37
050,27,117,"Minnesota","Pipestone County",5,22,87,40,47
050,27,117,"Minnesota","Pipestone County",5,23,87,37,50
050,27,117,"Minnesota","Pipestone County",5,24,72,37,35
050,27,117,"Minnesota","Pipestone County",5,25,95,44,51
050,27,117,"Minnesota","Pipestone County",5,26,101,52,49
050,27,117,"Minnesota","Pipestone County",5,27,111,50,61
050,27,117,"Minnesota","Pipestone County",5,28,116,53,63
050,27,117,"Minnesota","Pipestone County",5,29,103,51,52
050,27,117,"Minnesota","Pipestone County",5,30,90,47,43
050,27,117,"Minnesota","Pipestone County",5,31,91,48,43
050,27,117,"Minnesota","Pipestone County",5,32,92,47,45
050,27,117,"Minnesota","Pipestone County",5,33,83,41,42
050,27,117,"Minnesota","Pipestone County",5,34,95,50,45
050,27,117,"Minnesota","Pipestone County",5,35,87,42,45
050,27,117,"Minnesota","Pipestone County",5,36,94,48,46
050,27,117,"Minnesota","Pipestone County",5,37,116,60,56
050,27,117,"Minnesota","Pipestone County",5,38,107,60,47
050,27,117,"Minnesota","Pipestone County",5,39,101,52,49
050,27,117,"Minnesota","Pipestone County",5,40,114,68,46
050,27,117,"Minnesota","Pipestone County",5,41,115,61,54
050,27,117,"Minnesota","Pipestone County",5,42,108,60,48
050,27,117,"Minnesota","Pipestone County",5,43,98,49,49
050,27,117,"Minnesota","Pipestone County",5,44,93,42,51
050,27,117,"Minnesota","Pipestone County",5,45,95,45,50
050,27,117,"Minnesota","Pipestone County",5,46,112,58,54
050,27,117,"Minnesota","Pipestone County",5,47,96,53,43
050,27,117,"Minnesota","Pipestone County",5,48,96,48,48
050,27,117,"Minnesota","Pipestone County",5,49,75,35,40
050,27,117,"Minnesota","Pipestone County",5,50,80,36,44
050,27,117,"Minnesota","Pipestone County",5,51,93,44,49
050,27,117,"Minnesota","Pipestone County",5,52,116,58,58
050,27,117,"Minnesota","Pipestone County",5,53,106,56,50
050,27,117,"Minnesota","Pipestone County",5,54,99,49,50
050,27,117,"Minnesota","Pipestone County",5,55,97,49,48
050,27,117,"Minnesota","Pipestone County",5,56,100,49,51
050,27,117,"Minnesota","Pipestone County",5,57,110,59,51
050,27,117,"Minnesota","Pipestone County",5,58,113,61,52
050,27,117,"Minnesota","Pipestone County",5,59,111,55,56
050,27,117,"Minnesota","Pipestone County",5,60,120,52,68
050,27,117,"Minnesota","Pipestone County",5,61,139,70,69
050,27,117,"Minnesota","Pipestone County",5,62,128,69,59
050,27,117,"Minnesota","Pipestone County",5,63,122,67,55
050,27,117,"Minnesota","Pipestone County",5,64,122,58,64
050,27,117,"Minnesota","Pipestone County",5,65,109,52,57
050,27,117,"Minnesota","Pipestone County",5,66,127,58,69
050,27,117,"Minnesota","Pipestone County",5,67,133,71,62
050,27,117,"Minnesota","Pipestone County",5,68,124,71,53
050,27,117,"Minnesota","Pipestone County",5,69,108,65,43
050,27,117,"Minnesota","Pipestone County",5,70,97,46,51
050,27,117,"Minnesota","Pipestone County",5,71,95,46,49
050,27,117,"Minnesota","Pipestone County",5,72,94,47,47
050,27,117,"Minnesota","Pipestone County",5,73,84,42,42
050,27,117,"Minnesota","Pipestone County",5,74,73,33,40
050,27,117,"Minnesota","Pipestone County",5,75,70,30,40
050,27,117,"Minnesota","Pipestone County",5,76,71,27,44
050,27,117,"Minnesota","Pipestone County",5,77,63,26,37
050,27,117,"Minnesota","Pipestone County",5,78,75,34,41
050,27,117,"Minnesota","Pipestone County",5,79,69,33,36
050,27,117,"Minnesota","Pipestone County",5,80,60,26,34
050,27,117,"Minnesota","Pipestone County",5,81,50,25,25
050,27,117,"Minnesota","Pipestone County",5,82,52,21,31
050,27,117,"Minnesota","Pipestone County",5,83,43,18,25
050,27,117,"Minnesota","Pipestone County",5,84,47,22,25
050,27,117,"Minnesota","Pipestone County",5,85,321,103,218
050,27,119,"Minnesota","Polk County",1,0,390,199,191
050,27,119,"Minnesota","Polk County",1,1,397,199,198
050,27,119,"Minnesota","Polk County",1,2,429,234,195
050,27,119,"Minnesota","Polk County",1,3,451,230,221
050,27,119,"Minnesota","Polk County",1,4,425,223,202
050,27,119,"Minnesota","Polk County",1,5,420,236,184
050,27,119,"Minnesota","Polk County",1,6,433,235,198
050,27,119,"Minnesota","Polk County",1,7,433,216,217
050,27,119,"Minnesota","Polk County",1,8,411,206,205
050,27,119,"Minnesota","Polk County",1,9,404,202,202
050,27,119,"Minnesota","Polk County",1,10,421,213,208
050,27,119,"Minnesota","Polk County",1,11,472,245,227
050,27,119,"Minnesota","Polk County",1,12,452,240,212
050,27,119,"Minnesota","Polk County",1,13,450,238,212
050,27,119,"Minnesota","Polk County",1,14,428,229,199
050,27,119,"Minnesota","Polk County",1,15,439,225,214
050,27,119,"Minnesota","Polk County",1,16,456,224,232
050,27,119,"Minnesota","Polk County",1,17,423,200,223
050,27,119,"Minnesota","Polk County",1,18,428,209,219
050,27,119,"Minnesota","Polk County",1,19,387,212,175
050,27,119,"Minnesota","Polk County",1,20,387,199,188
050,27,119,"Minnesota","Polk County",1,21,351,172,179
050,27,119,"Minnesota","Polk County",1,22,364,185,179
050,27,119,"Minnesota","Polk County",1,23,316,165,151
050,27,119,"Minnesota","Polk County",1,24,341,182,159
050,27,119,"Minnesota","Polk County",1,25,309,164,145
050,27,119,"Minnesota","Polk County",1,26,330,179,151
050,27,119,"Minnesota","Polk County",1,27,338,180,158
050,27,119,"Minnesota","Polk County",1,28,336,195,141
050,27,119,"Minnesota","Polk County",1,29,341,180,161
050,27,119,"Minnesota","Polk County",1,30,368,181,187
050,27,119,"Minnesota","Polk County",1,31,356,182,174
050,27,119,"Minnesota","Polk County",1,32,386,185,201
050,27,119,"Minnesota","Polk County",1,33,399,201,198
050,27,119,"Minnesota","Polk County",1,34,403,213,190
050,27,119,"Minnesota","Polk County",1,35,399,207,192
050,27,119,"Minnesota","Polk County",1,36,410,216,194
050,27,119,"Minnesota","Polk County",1,37,403,215,188
050,27,119,"Minnesota","Polk County",1,38,431,211,220
050,27,119,"Minnesota","Polk County",1,39,384,209,175
050,27,119,"Minnesota","Polk County",1,40,358,185,173
050,27,119,"Minnesota","Polk County",1,41,373,205,168
050,27,119,"Minnesota","Polk County",1,42,338,177,161
050,27,119,"Minnesota","Polk County",1,43,319,170,149
050,27,119,"Minnesota","Polk County",1,44,309,166,143
050,27,119,"Minnesota","Polk County",1,45,301,163,138
050,27,119,"Minnesota","Polk County",1,46,313,165,148
050,27,119,"Minnesota","Polk County",1,47,332,165,167
050,27,119,"Minnesota","Polk County",1,48,340,175,165
050,27,119,"Minnesota","Polk County",1,49,355,182,173
050,27,119,"Minnesota","Polk County",1,50,334,177,157
050,27,119,"Minnesota","Polk County",1,51,335,173,162
050,27,119,"Minnesota","Polk County",1,52,350,180,170
050,27,119,"Minnesota","Polk County",1,53,344,175,169
050,27,119,"Minnesota","Polk County",1,54,383,194,189
050,27,119,"Minnesota","Polk County",1,55,414,211,203
050,27,119,"Minnesota","Polk County",1,56,421,226,195
050,27,119,"Minnesota","Polk County",1,57,461,236,225
050,27,119,"Minnesota","Polk County",1,58,464,239,225
050,27,119,"Minnesota","Polk County",1,59,451,217,234
050,27,119,"Minnesota","Polk County",1,60,436,214,222
050,27,119,"Minnesota","Polk County",1,61,417,209,208
050,27,119,"Minnesota","Polk County",1,62,455,227,228
050,27,119,"Minnesota","Polk County",1,63,446,218,228
050,27,119,"Minnesota","Polk County",1,64,416,215,201
050,27,119,"Minnesota","Polk County",1,65,420,230,190
050,27,119,"Minnesota","Polk County",1,66,401,204,197
050,27,119,"Minnesota","Polk County",1,67,364,196,168
050,27,119,"Minnesota","Polk County",1,68,361,180,181
050,27,119,"Minnesota","Polk County",1,69,328,159,169
050,27,119,"Minnesota","Polk County",1,70,279,146,133
050,27,119,"Minnesota","Polk County",1,71,310,162,148
050,27,119,"Minnesota","Polk County",1,72,303,149,154
050,27,119,"Minnesota","Polk County",1,73,283,143,140
050,27,119,"Minnesota","Polk County",1,74,199,102,97
050,27,119,"Minnesota","Polk County",1,75,213,114,99
050,27,119,"Minnesota","Polk County",1,76,217,103,114
050,27,119,"Minnesota","Polk County",1,77,203,93,110
050,27,119,"Minnesota","Polk County",1,78,174,78,96
050,27,119,"Minnesota","Polk County",1,79,178,76,102
050,27,119,"Minnesota","Polk County",1,80,167,72,95
050,27,119,"Minnesota","Polk County",1,81,130,56,74
050,27,119,"Minnesota","Polk County",1,82,123,54,69
050,27,119,"Minnesota","Polk County",1,83,146,63,83
050,27,119,"Minnesota","Polk County",1,84,126,56,70
050,27,119,"Minnesota","Polk County",1,85,894,240,654
050,27,119,"Minnesota","Polk County",2,0,384,194,190
050,27,119,"Minnesota","Polk County",2,1,393,199,194
050,27,119,"Minnesota","Polk County",2,2,421,226,195
050,27,119,"Minnesota","Polk County",2,3,438,227,211
050,27,119,"Minnesota","Polk County",2,4,430,223,207
050,27,119,"Minnesota","Polk County",2,5,418,232,186
050,27,119,"Minnesota","Polk County",2,6,430,232,198
050,27,119,"Minnesota","Polk County",2,7,433,222,211
050,27,119,"Minnesota","Polk County",2,8,419,211,208
050,27,119,"Minnesota","Polk County",2,9,404,200,204
050,27,119,"Minnesota","Polk County",2,10,418,210,208
050,27,119,"Minnesota","Polk County",2,11,456,238,218
050,27,119,"Minnesota","Polk County",2,12,457,242,215
050,27,119,"Minnesota","Polk County",2,13,447,236,211
050,27,119,"Minnesota","Polk County",2,14,435,231,204
050,27,119,"Minnesota","Polk County",2,15,437,226,211
050,27,119,"Minnesota","Polk County",2,16,452,224,228
050,27,119,"Minnesota","Polk County",2,17,428,204,224
050,27,119,"Minnesota","Polk County",2,18,418,203,215
050,27,119,"Minnesota","Polk County",2,19,396,217,179
050,27,119,"Minnesota","Polk County",2,20,389,199,190
050,27,119,"Minnesota","Polk County",2,21,351,173,178
050,27,119,"Minnesota","Polk County",2,22,353,177,176
050,27,119,"Minnesota","Polk County",2,23,319,166,153
050,27,119,"Minnesota","Polk County",2,24,329,175,154
050,27,119,"Minnesota","Polk County",2,25,314,166,148
050,27,119,"Minnesota","Polk County",2,26,328,177,151
050,27,119,"Minnesota","Polk County",2,27,336,179,157
050,27,119,"Minnesota","Polk County",2,28,337,192,145
050,27,119,"Minnesota","Polk County",2,29,338,182,156
050,27,119,"Minnesota","Polk County",2,30,364,182,182
050,27,119,"Minnesota","Polk County",2,31,358,181,177
050,27,119,"Minnesota","Polk County",2,32,377,183,194
050,27,119,"Minnesota","Polk County",2,33,397,197,200
050,27,119,"Minnesota","Polk County",2,34,400,208,192
050,27,119,"Minnesota","Polk County",2,35,401,209,192
050,27,119,"Minnesota","Polk County",2,36,399,212,187
050,27,119,"Minnesota","Polk County",2,37,403,213,190
050,27,119,"Minnesota","Polk County",2,38,424,212,212
050,27,119,"Minnesota","Polk County",2,39,389,206,183
050,27,119,"Minnesota","Polk County",2,40,368,194,174
050,27,119,"Minnesota","Polk County",2,41,371,199,172
050,27,119,"Minnesota","Polk County",2,42,344,183,161
050,27,119,"Minnesota","Polk County",2,43,324,172,152
050,27,119,"Minnesota","Polk County",2,44,306,166,140
050,27,119,"Minnesota","Polk County",2,45,305,166,139
050,27,119,"Minnesota","Polk County",2,46,310,165,145
050,27,119,"Minnesota","Polk County",2,47,326,165,161
050,27,119,"Minnesota","Polk County",2,48,339,173,166
050,27,119,"Minnesota","Polk County",2,49,353,181,172
050,27,119,"Minnesota","Polk County",2,50,335,175,160
050,27,119,"Minnesota","Polk County",2,51,335,174,161
050,27,119,"Minnesota","Polk County",2,52,344,178,166
050,27,119,"Minnesota","Polk County",2,53,344,176,168
050,27,119,"Minnesota","Polk County",2,54,371,189,182
050,27,119,"Minnesota","Polk County",2,55,406,207,199
050,27,119,"Minnesota","Polk County",2,56,418,222,196
050,27,119,"Minnesota","Polk County",2,57,449,232,217
050,27,119,"Minnesota","Polk County",2,58,458,236,222
050,27,119,"Minnesota","Polk County",2,59,456,223,233
050,27,119,"Minnesota","Polk County",2,60,438,213,225
050,27,119,"Minnesota","Polk County",2,61,415,206,209
050,27,119,"Minnesota","Polk County",2,62,438,218,220
050,27,119,"Minnesota","Polk County",2,63,449,220,229
050,27,119,"Minnesota","Polk County",2,64,416,213,203
050,27,119,"Minnesota","Polk County",2,65,418,226,192
050,27,119,"Minnesota","Polk County",2,66,399,206,193
050,27,119,"Minnesota","Polk County",2,67,371,197,174
050,27,119,"Minnesota","Polk County",2,68,353,182,171
050,27,119,"Minnesota","Polk County",2,69,339,165,174
050,27,119,"Minnesota","Polk County",2,70,286,147,139
050,27,119,"Minnesota","Polk County",2,71,303,157,146
050,27,119,"Minnesota","Polk County",2,72,298,147,151
050,27,119,"Minnesota","Polk County",2,73,299,149,150
050,27,119,"Minnesota","Polk County",2,74,207,105,102
050,27,119,"Minnesota","Polk County",2,75,213,114,99
050,27,119,"Minnesota","Polk County",2,76,213,104,109
050,27,119,"Minnesota","Polk County",2,77,206,95,111
050,27,119,"Minnesota","Polk County",2,78,175,78,97
050,27,119,"Minnesota","Polk County",2,79,173,75,98
050,27,119,"Minnesota","Polk County",2,80,167,73,94
050,27,119,"Minnesota","Polk County",2,81,136,59,77
050,27,119,"Minnesota","Polk County",2,82,121,51,70
050,27,119,"Minnesota","Polk County",2,83,142,61,81
050,27,119,"Minnesota","Polk County",2,84,125,56,69
050,27,119,"Minnesota","Polk County",2,85,894,240,654
050,27,119,"Minnesota","Polk County",3,0,367,199,168
050,27,119,"Minnesota","Polk County",3,1,383,205,178
050,27,119,"Minnesota","Polk County",3,2,403,203,200
050,27,119,"Minnesota","Polk County",3,3,406,217,189
050,27,119,"Minnesota","Polk County",3,4,430,217,213
050,27,119,"Minnesota","Polk County",3,5,422,216,206
050,27,119,"Minnesota","Polk County",3,6,415,224,191
050,27,119,"Minnesota","Polk County",3,7,443,242,201
050,27,119,"Minnesota","Polk County",3,8,423,214,209
050,27,119,"Minnesota","Polk County",3,9,422,202,220
050,27,119,"Minnesota","Polk County",3,10,404,200,204
050,27,119,"Minnesota","Polk County",3,11,412,201,211
050,27,119,"Minnesota","Polk County",3,12,455,236,219
050,27,119,"Minnesota","Polk County",3,13,454,240,214
050,27,119,"Minnesota","Polk County",3,14,453,237,216
050,27,119,"Minnesota","Polk County",3,15,437,233,204
050,27,119,"Minnesota","Polk County",3,16,431,219,212
050,27,119,"Minnesota","Polk County",3,17,443,225,218
050,27,119,"Minnesota","Polk County",3,18,416,192,224
050,27,119,"Minnesota","Polk County",3,19,410,229,181
050,27,119,"Minnesota","Polk County",3,20,400,199,201
050,27,119,"Minnesota","Polk County",3,21,356,173,183
050,27,119,"Minnesota","Polk County",3,22,354,176,178
050,27,119,"Minnesota","Polk County",3,23,335,177,158
050,27,119,"Minnesota","Polk County",3,24,292,153,139
050,27,119,"Minnesota","Polk County",3,25,329,173,156
050,27,119,"Minnesota","Polk County",3,26,298,159,139
050,27,119,"Minnesota","Polk County",3,27,317,159,158
050,27,119,"Minnesota","Polk County",3,28,327,176,151
050,27,119,"Minnesota","Polk County",3,29,334,182,152
050,27,119,"Minnesota","Polk County",3,30,349,186,163
050,27,119,"Minnesota","Polk County",3,31,361,178,183
050,27,119,"Minnesota","Polk County",3,32,347,177,170
050,27,119,"Minnesota","Polk County",3,33,384,192,192
050,27,119,"Minnesota","Polk County",3,34,391,202,189
050,27,119,"Minnesota","Polk County",3,35,410,206,204
050,27,119,"Minnesota","Polk County",3,36,384,201,183
050,27,119,"Minnesota","Polk County",3,37,391,209,182
050,27,119,"Minnesota","Polk County",3,38,411,218,193
050,27,119,"Minnesota","Polk County",3,39,411,199,212
050,27,119,"Minnesota","Polk County",3,40,383,204,179
050,27,119,"Minnesota","Polk County",3,41,373,196,177
050,27,119,"Minnesota","Polk County",3,42,374,202,172
050,27,119,"Minnesota","Polk County",3,43,356,185,171
050,27,119,"Minnesota","Polk County",3,44,334,177,157
050,27,119,"Minnesota","Polk County",3,45,307,173,134
050,27,119,"Minnesota","Polk County",3,46,307,166,141
050,27,119,"Minnesota","Polk County",3,47,307,166,141
050,27,119,"Minnesota","Polk County",3,48,327,170,157
050,27,119,"Minnesota","Polk County",3,49,337,170,167
050,27,119,"Minnesota","Polk County",3,50,348,181,167
050,27,119,"Minnesota","Polk County",3,51,342,172,170
050,27,119,"Minnesota","Polk County",3,52,337,177,160
050,27,119,"Minnesota","Polk County",3,53,343,174,169
050,27,119,"Minnesota","Polk County",3,54,329,167,162
050,27,119,"Minnesota","Polk County",3,55,372,191,181
050,27,119,"Minnesota","Polk County",3,56,395,209,186
050,27,119,"Minnesota","Polk County",3,57,413,218,195
050,27,119,"Minnesota","Polk County",3,58,449,237,212
050,27,119,"Minnesota","Polk County",3,59,444,229,215
050,27,119,"Minnesota","Polk County",3,60,446,216,230
050,27,119,"Minnesota","Polk County",3,61,442,213,229
050,27,119,"Minnesota","Polk County",3,62,408,202,206
050,27,119,"Minnesota","Polk County",3,63,425,209,216
050,27,119,"Minnesota","Polk County",3,64,426,208,218
050,27,119,"Minnesota","Polk County",3,65,417,214,203
050,27,119,"Minnesota","Polk County",3,66,408,220,188
050,27,119,"Minnesota","Polk County",3,67,382,202,180
050,27,119,"Minnesota","Polk County",3,68,351,185,166
050,27,119,"Minnesota","Polk County",3,69,347,179,168
050,27,119,"Minnesota","Polk County",3,70,329,164,165
050,27,119,"Minnesota","Polk County",3,71,276,140,136
050,27,119,"Minnesota","Polk County",3,72,289,149,140
050,27,119,"Minnesota","Polk County",3,73,282,146,136
050,27,119,"Minnesota","Polk County",3,74,279,139,140
050,27,119,"Minnesota","Polk County",3,75,202,106,96
050,27,119,"Minnesota","Polk County",3,76,202,104,98
050,27,119,"Minnesota","Polk County",3,77,204,99,105
050,27,119,"Minnesota","Polk County",3,78,200,88,112
050,27,119,"Minnesota","Polk County",3,79,163,75,88
050,27,119,"Minnesota","Polk County",3,80,159,66,93
050,27,119,"Minnesota","Polk County",3,81,146,64,82
050,27,119,"Minnesota","Polk County",3,82,117,48,69
050,27,119,"Minnesota","Polk County",3,83,130,53,77
050,27,119,"Minnesota","Polk County",3,84,117,55,62
050,27,119,"Minnesota","Polk County",3,85,885,233,652
050,27,119,"Minnesota","Polk County",4,0,350,185,165
050,27,119,"Minnesota","Polk County",4,1,357,183,174
050,27,119,"Minnesota","Polk County",4,2,388,206,182
050,27,119,"Minnesota","Polk County",4,3,410,206,204
050,27,119,"Minnesota","Polk County",4,4,421,224,197
050,27,119,"Minnesota","Polk County",4,5,454,233,221
050,27,119,"Minnesota","Polk County",4,6,422,208,214
050,27,119,"Minnesota","Polk County",4,7,414,219,195
050,27,119,"Minnesota","Polk County",4,8,452,247,205
050,27,119,"Minnesota","Polk County",4,9,445,219,226
050,27,119,"Minnesota","Polk County",4,10,419,203,216
050,27,119,"Minnesota","Polk County",4,11,406,196,210
050,27,119,"Minnesota","Polk County",4,12,403,195,208
050,27,119,"Minnesota","Polk County",4,13,454,239,215
050,27,119,"Minnesota","Polk County",4,14,455,234,221
050,27,119,"Minnesota","Polk County",4,15,446,235,211
050,27,119,"Minnesota","Polk County",4,16,426,221,205
050,27,119,"Minnesota","Polk County",4,17,424,218,206
050,27,119,"Minnesota","Polk County",4,18,428,220,208
050,27,119,"Minnesota","Polk County",4,19,390,204,186
050,27,119,"Minnesota","Polk County",4,20,406,214,192
050,27,119,"Minnesota","Polk County",4,21,352,173,179
050,27,119,"Minnesota","Polk County",4,22,366,178,188
050,27,119,"Minnesota","Polk County",4,23,326,166,160
050,27,119,"Minnesota","Polk County",4,24,316,157,159
050,27,119,"Minnesota","Polk County",4,25,284,145,139
050,27,119,"Minnesota","Polk County",4,26,332,175,157
050,27,119,"Minnesota","Polk County",4,27,299,151,148
050,27,119,"Minnesota","Polk County",4,28,353,187,166
050,27,119,"Minnesota","Polk County",4,29,319,171,148
050,27,119,"Minnesota","Polk County",4,30,333,176,157
050,27,119,"Minnesota","Polk County",4,31,337,171,166
050,27,119,"Minnesota","Polk County",4,32,352,177,175
050,27,119,"Minnesota","Polk County",4,33,369,195,174
050,27,119,"Minnesota","Polk County",4,34,395,197,198
050,27,119,"Minnesota","Polk County",4,35,399,209,190
050,27,119,"Minnesota","Polk County",4,36,412,214,198
050,27,119,"Minnesota","Polk County",4,37,389,203,186
050,27,119,"Minnesota","Polk County",4,38,393,214,179
050,27,119,"Minnesota","Polk County",4,39,393,199,194
050,27,119,"Minnesota","Polk County",4,40,407,196,211
050,27,119,"Minnesota","Polk County",4,41,377,198,179
050,27,119,"Minnesota","Polk County",4,42,386,203,183
050,27,119,"Minnesota","Polk County",4,43,387,212,175
050,27,119,"Minnesota","Polk County",4,44,350,184,166
050,27,119,"Minnesota","Polk County",4,45,325,179,146
050,27,119,"Minnesota","Polk County",4,46,313,173,140
050,27,119,"Minnesota","Polk County",4,47,310,166,144
050,27,119,"Minnesota","Polk County",4,48,308,167,141
050,27,119,"Minnesota","Polk County",4,49,320,167,153
050,27,119,"Minnesota","Polk County",4,50,334,169,165
050,27,119,"Minnesota","Polk County",4,51,340,173,167
050,27,119,"Minnesota","Polk County",4,52,353,180,173
050,27,119,"Minnesota","Polk County",4,53,333,174,159
050,27,119,"Minnesota","Polk County",4,54,346,172,174
050,27,119,"Minnesota","Polk County",4,55,333,165,168
050,27,119,"Minnesota","Polk County",4,56,366,188,178
050,27,119,"Minnesota","Polk County",4,57,391,201,190
050,27,119,"Minnesota","Polk County",4,58,414,223,191
050,27,119,"Minnesota","Polk County",4,59,450,238,212
050,27,119,"Minnesota","Polk County",4,60,443,231,212
050,27,119,"Minnesota","Polk County",4,61,442,210,232
050,27,119,"Minnesota","Polk County",4,62,439,215,224
050,27,119,"Minnesota","Polk County",4,63,393,195,198
050,27,119,"Minnesota","Polk County",4,64,414,204,210
050,27,119,"Minnesota","Polk County",4,65,422,210,212
050,27,119,"Minnesota","Polk County",4,66,410,207,203
050,27,119,"Minnesota","Polk County",4,67,395,216,179
050,27,119,"Minnesota","Polk County",4,68,370,191,179
050,27,119,"Minnesota","Polk County",4,69,348,185,163
050,27,119,"Minnesota","Polk County",4,70,334,180,154
050,27,119,"Minnesota","Polk County",4,71,319,154,165
050,27,119,"Minnesota","Polk County",4,72,269,138,131
050,27,119,"Minnesota","Polk County",4,73,272,142,130
050,27,119,"Minnesota","Polk County",4,74,270,134,136
050,27,119,"Minnesota","Polk County",4,75,265,136,129
050,27,119,"Minnesota","Polk County",4,76,194,96,98
050,27,119,"Minnesota","Polk County",4,77,193,101,92
050,27,119,"Minnesota","Polk County",4,78,193,91,102
050,27,119,"Minnesota","Polk County",4,79,185,82,103
050,27,119,"Minnesota","Polk County",4,80,156,71,85
050,27,119,"Minnesota","Polk County",4,81,142,59,83
050,27,119,"Minnesota","Polk County",4,82,130,53,77
050,27,119,"Minnesota","Polk County",4,83,131,54,77
050,27,119,"Minnesota","Polk County",4,84,100,44,56
050,27,119,"Minnesota","Polk County",4,85,864,229,635
050,27,119,"Minnesota","Polk County",5,0,290,151,139
050,27,119,"Minnesota","Polk County",5,1,344,190,154
050,27,119,"Minnesota","Polk County",5,2,349,179,170
050,27,119,"Minnesota","Polk County",5,3,373,196,177
050,27,119,"Minnesota","Polk County",5,4,406,199,207
050,27,119,"Minnesota","Polk County",5,5,451,239,212
050,27,119,"Minnesota","Polk County",5,6,447,224,223
050,27,119,"Minnesota","Polk County",5,7,421,213,208
050,27,119,"Minnesota","Polk County",5,8,416,218,198
050,27,119,"Minnesota","Polk County",5,9,463,249,214
050,27,119,"Minnesota","Polk County",5,10,439,215,224
050,27,119,"Minnesota","Polk County",5,11,423,205,218
050,27,119,"Minnesota","Polk County",5,12,397,195,202
050,27,119,"Minnesota","Polk County",5,13,417,205,212
050,27,119,"Minnesota","Polk County",5,14,447,238,209
050,27,119,"Minnesota","Polk County",5,15,446,237,209
050,27,119,"Minnesota","Polk County",5,16,451,239,212
050,27,119,"Minnesota","Polk County",5,17,424,214,210
050,27,119,"Minnesota","Polk County",5,18,420,211,209
050,27,119,"Minnesota","Polk County",5,19,408,228,180
050,27,119,"Minnesota","Polk County",5,20,407,204,203
050,27,119,"Minnesota","Polk County",5,21,372,196,176
050,27,119,"Minnesota","Polk County",5,22,357,173,184
050,27,119,"Minnesota","Polk County",5,23,310,158,152
050,27,119,"Minnesota","Polk County",5,24,324,165,159
050,27,119,"Minnesota","Polk County",5,25,313,151,162
050,27,119,"Minnesota","Polk County",5,26,292,149,143
050,27,119,"Minnesota","Polk County",5,27,326,165,161
050,27,119,"Minnesota","Polk County",5,28,299,159,140
050,27,119,"Minnesota","Polk County",5,29,349,186,163
050,27,119,"Minnesota","Polk County",5,30,323,167,156
050,27,119,"Minnesota","Polk County",5,31,317,167,150
050,27,119,"Minnesota","Polk County",5,32,323,167,156
050,27,119,"Minnesota","Polk County",5,33,339,178,161
050,27,119,"Minnesota","Polk County",5,34,356,192,164
050,27,119,"Minnesota","Polk County",5,35,404,206,198
050,27,119,"Minnesota","Polk County",5,36,398,207,191
050,27,119,"Minnesota","Polk County",5,37,407,213,194
050,27,119,"Minnesota","Polk County",5,38,403,209,194
050,27,119,"Minnesota","Polk County",5,39,380,206,174
050,27,119,"Minnesota","Polk County",5,40,387,196,191
050,27,119,"Minnesota","Polk County",5,41,417,202,215
050,27,119,"Minnesota","Polk County",5,42,375,196,179
050,27,119,"Minnesota","Polk County",5,43,375,201,174
050,27,119,"Minnesota","Polk County",5,44,391,213,178
050,27,119,"Minnesota","Polk County",5,45,359,189,170
050,27,119,"Minnesota","Polk County",5,46,326,175,151
050,27,119,"Minnesota","Polk County",5,47,312,172,140
050,27,119,"Minnesota","Polk County",5,48,316,171,145
050,27,119,"Minnesota","Polk County",5,49,310,165,145
050,27,119,"Minnesota","Polk County",5,50,309,158,151
050,27,119,"Minnesota","Polk County",5,51,324,161,163
050,27,119,"Minnesota","Polk County",5,52,331,171,160
050,27,119,"Minnesota","Polk County",5,53,357,185,172
050,27,119,"Minnesota","Polk County",5,54,338,174,164
050,27,119,"Minnesota","Polk County",5,55,355,174,181
050,27,119,"Minnesota","Polk County",5,56,314,157,157
050,27,119,"Minnesota","Polk County",5,57,365,182,183
050,27,119,"Minnesota","Polk County",5,58,379,201,178
050,27,119,"Minnesota","Polk County",5,59,403,210,193
050,27,119,"Minnesota","Polk County",5,60,440,232,208
050,27,119,"Minnesota","Polk County",5,61,443,229,214
050,27,119,"Minnesota","Polk County",5,62,434,211,223
050,27,119,"Minnesota","Polk County",5,63,423,208,215
050,27,119,"Minnesota","Polk County",5,64,369,179,190
050,27,119,"Minnesota","Polk County",5,65,413,201,212
050,27,119,"Minnesota","Polk County",5,66,416,204,212
050,27,119,"Minnesota","Polk County",5,67,386,194,192
050,27,119,"Minnesota","Polk County",5,68,377,206,171
050,27,119,"Minnesota","Polk County",5,69,378,193,185
050,27,119,"Minnesota","Polk County",5,70,336,181,155
050,27,119,"Minnesota","Polk County",5,71,325,171,154
050,27,119,"Minnesota","Polk County",5,72,313,153,160
050,27,119,"Minnesota","Polk County",5,73,252,131,121
050,27,119,"Minnesota","Polk County",5,74,258,134,124
050,27,119,"Minnesota","Polk County",5,75,255,128,127
050,27,119,"Minnesota","Polk County",5,76,255,125,130
050,27,119,"Minnesota","Polk County",5,77,180,90,90
050,27,119,"Minnesota","Polk County",5,78,182,92,90
050,27,119,"Minnesota","Polk County",5,79,177,88,89
050,27,119,"Minnesota","Polk County",5,80,175,80,95
050,27,119,"Minnesota","Polk County",5,81,141,60,81
050,27,119,"Minnesota","Polk County",5,82,118,47,71
050,27,119,"Minnesota","Polk County",5,83,140,57,83
050,27,119,"Minnesota","Polk County",5,84,106,46,60
050,27,119,"Minnesota","Polk County",5,85,846,218,628
050,27,121,"Minnesota","Pope County",1,0,122,62,60
050,27,121,"Minnesota","Pope County",1,1,122,68,54
050,27,121,"Minnesota","Pope County",1,2,128,71,57
050,27,121,"Minnesota","Pope County",1,3,131,73,58
050,27,121,"Minnesota","Pope County",1,4,125,68,57
050,27,121,"Minnesota","Pope County",1,5,143,65,78
050,27,121,"Minnesota","Pope County",1,6,128,62,66
050,27,121,"Minnesota","Pope County",1,7,140,73,67
050,27,121,"Minnesota","Pope County",1,8,148,82,66
050,27,121,"Minnesota","Pope County",1,9,138,70,68
050,27,121,"Minnesota","Pope County",1,10,139,72,67
050,27,121,"Minnesota","Pope County",1,11,152,81,71
050,27,121,"Minnesota","Pope County",1,12,173,101,72
050,27,121,"Minnesota","Pope County",1,13,137,82,55
050,27,121,"Minnesota","Pope County",1,14,136,68,68
050,27,121,"Minnesota","Pope County",1,15,128,64,64
050,27,121,"Minnesota","Pope County",1,16,139,81,58
050,27,121,"Minnesota","Pope County",1,17,126,65,61
050,27,121,"Minnesota","Pope County",1,18,108,62,46
050,27,121,"Minnesota","Pope County",1,19,80,40,40
050,27,121,"Minnesota","Pope County",1,20,85,42,43
050,27,121,"Minnesota","Pope County",1,21,93,51,42
050,27,121,"Minnesota","Pope County",1,22,99,52,47
050,27,121,"Minnesota","Pope County",1,23,113,62,51
050,27,121,"Minnesota","Pope County",1,24,100,53,47
050,27,121,"Minnesota","Pope County",1,25,92,44,48
050,27,121,"Minnesota","Pope County",1,26,109,54,55
050,27,121,"Minnesota","Pope County",1,27,117,62,55
050,27,121,"Minnesota","Pope County",1,28,116,60,56
050,27,121,"Minnesota","Pope County",1,29,121,58,63
050,27,121,"Minnesota","Pope County",1,30,110,54,56
050,27,121,"Minnesota","Pope County",1,31,123,62,61
050,27,121,"Minnesota","Pope County",1,32,135,69,66
050,27,121,"Minnesota","Pope County",1,33,132,61,71
050,27,121,"Minnesota","Pope County",1,34,146,78,68
050,27,121,"Minnesota","Pope County",1,35,138,73,65
050,27,121,"Minnesota","Pope County",1,36,159,85,74
050,27,121,"Minnesota","Pope County",1,37,148,83,65
050,27,121,"Minnesota","Pope County",1,38,150,86,64
050,27,121,"Minnesota","Pope County",1,39,147,81,66
050,27,121,"Minnesota","Pope County",1,40,122,67,55
050,27,121,"Minnesota","Pope County",1,41,119,63,56
050,27,121,"Minnesota","Pope County",1,42,119,59,60
050,27,121,"Minnesota","Pope County",1,43,115,57,58
050,27,121,"Minnesota","Pope County",1,44,108,54,54
050,27,121,"Minnesota","Pope County",1,45,115,66,49
050,27,121,"Minnesota","Pope County",1,46,95,55,40
050,27,121,"Minnesota","Pope County",1,47,104,56,48
050,27,121,"Minnesota","Pope County",1,48,122,69,53
050,27,121,"Minnesota","Pope County",1,49,120,65,55
050,27,121,"Minnesota","Pope County",1,50,128,65,63
050,27,121,"Minnesota","Pope County",1,51,120,66,54
050,27,121,"Minnesota","Pope County",1,52,119,63,56
050,27,121,"Minnesota","Pope County",1,53,123,62,61
050,27,121,"Minnesota","Pope County",1,54,119,59,60
050,27,121,"Minnesota","Pope County",1,55,143,72,71
050,27,121,"Minnesota","Pope County",1,56,148,78,70
050,27,121,"Minnesota","Pope County",1,57,165,89,76
050,27,121,"Minnesota","Pope County",1,58,181,101,80
050,27,121,"Minnesota","Pope County",1,59,188,96,92
050,27,121,"Minnesota","Pope County",1,60,194,90,104
050,27,121,"Minnesota","Pope County",1,61,176,87,89
050,27,121,"Minnesota","Pope County",1,62,198,95,103
050,27,121,"Minnesota","Pope County",1,63,199,90,109
050,27,121,"Minnesota","Pope County",1,64,196,99,97
050,27,121,"Minnesota","Pope County",1,65,188,101,87
050,27,121,"Minnesota","Pope County",1,66,184,101,83
050,27,121,"Minnesota","Pope County",1,67,176,91,85
050,27,121,"Minnesota","Pope County",1,68,161,85,76
050,27,121,"Minnesota","Pope County",1,69,177,97,80
050,27,121,"Minnesota","Pope County",1,70,157,86,71
050,27,121,"Minnesota","Pope County",1,71,144,81,63
050,27,121,"Minnesota","Pope County",1,72,148,75,73
050,27,121,"Minnesota","Pope County",1,73,134,67,67
050,27,121,"Minnesota","Pope County",1,74,94,47,47
050,27,121,"Minnesota","Pope County",1,75,114,58,56
050,27,121,"Minnesota","Pope County",1,76,108,53,55
050,27,121,"Minnesota","Pope County",1,77,89,42,47
050,27,121,"Minnesota","Pope County",1,78,85,41,44
050,27,121,"Minnesota","Pope County",1,79,81,39,42
050,27,121,"Minnesota","Pope County",1,80,67,29,38
050,27,121,"Minnesota","Pope County",1,81,66,26,40
050,27,121,"Minnesota","Pope County",1,82,70,35,35
050,27,121,"Minnesota","Pope County",1,83,63,28,35
050,27,121,"Minnesota","Pope County",1,84,50,20,30
050,27,121,"Minnesota","Pope County",1,85,338,132,206
050,27,121,"Minnesota","Pope County",2,0,123,62,61
050,27,121,"Minnesota","Pope County",2,1,122,65,57
050,27,121,"Minnesota","Pope County",2,2,128,70,58
050,27,121,"Minnesota","Pope County",2,3,130,72,58
050,27,121,"Minnesota","Pope County",2,4,126,68,58
050,27,121,"Minnesota","Pope County",2,5,139,65,74
050,27,121,"Minnesota","Pope County",2,6,135,64,71
050,27,121,"Minnesota","Pope County",2,7,139,70,69
050,27,121,"Minnesota","Pope County",2,8,147,80,67
050,27,121,"Minnesota","Pope County",2,9,143,74,69
050,27,121,"Minnesota","Pope County",2,10,141,73,68
050,27,121,"Minnesota","Pope County",2,11,150,80,70
050,27,121,"Minnesota","Pope County",2,12,168,96,72
050,27,121,"Minnesota","Pope County",2,13,144,85,59
050,27,121,"Minnesota","Pope County",2,14,135,70,65
050,27,121,"Minnesota","Pope County",2,15,130,65,65
050,27,121,"Minnesota","Pope County",2,16,135,76,59
050,27,121,"Minnesota","Pope County",2,17,130,70,60
050,27,121,"Minnesota","Pope County",2,18,106,60,46
050,27,121,"Minnesota","Pope County",2,19,80,41,39
050,27,121,"Minnesota","Pope County",2,20,87,44,43
050,27,121,"Minnesota","Pope County",2,21,89,47,42
050,27,121,"Minnesota","Pope County",2,22,100,52,48
050,27,121,"Minnesota","Pope County",2,23,110,60,50
050,27,121,"Minnesota","Pope County",2,24,102,55,47
050,27,121,"Minnesota","Pope County",2,25,94,46,48
050,27,121,"Minnesota","Pope County",2,26,107,54,53
050,27,121,"Minnesota","Pope County",2,27,115,60,55
050,27,121,"Minnesota","Pope County",2,28,118,61,57
050,27,121,"Minnesota","Pope County",2,29,123,59,64
050,27,121,"Minnesota","Pope County",2,30,113,55,58
050,27,121,"Minnesota","Pope County",2,31,120,60,60
050,27,121,"Minnesota","Pope County",2,32,134,69,65
050,27,121,"Minnesota","Pope County",2,33,133,63,70
050,27,121,"Minnesota","Pope County",2,34,144,75,69
050,27,121,"Minnesota","Pope County",2,35,142,76,66
050,27,121,"Minnesota","Pope County",2,36,154,82,72
050,27,121,"Minnesota","Pope County",2,37,151,84,67
050,27,121,"Minnesota","Pope County",2,38,151,87,64
050,27,121,"Minnesota","Pope County",2,39,149,83,66
050,27,121,"Minnesota","Pope County",2,40,129,72,57
050,27,121,"Minnesota","Pope County",2,41,120,64,56
050,27,121,"Minnesota","Pope County",2,42,117,59,58
050,27,121,"Minnesota","Pope County",2,43,117,58,59
050,27,121,"Minnesota","Pope County",2,44,108,54,54
050,27,121,"Minnesota","Pope County",2,45,115,64,51
050,27,121,"Minnesota","Pope County",2,46,100,58,42
050,27,121,"Minnesota","Pope County",2,47,102,56,46
050,27,121,"Minnesota","Pope County",2,48,116,65,51
050,27,121,"Minnesota","Pope County",2,49,121,66,55
050,27,121,"Minnesota","Pope County",2,50,127,65,62
050,27,121,"Minnesota","Pope County",2,51,121,65,56
050,27,121,"Minnesota","Pope County",2,52,119,64,55
050,27,121,"Minnesota","Pope County",2,53,121,62,59
050,27,121,"Minnesota","Pope County",2,54,120,60,60
050,27,121,"Minnesota","Pope County",2,55,138,69,69
050,27,121,"Minnesota","Pope County",2,56,149,78,71
050,27,121,"Minnesota","Pope County",2,57,161,87,74
050,27,121,"Minnesota","Pope County",2,58,176,98,78
050,27,121,"Minnesota","Pope County",2,59,188,98,90
050,27,121,"Minnesota","Pope County",2,60,192,91,101
050,27,121,"Minnesota","Pope County",2,61,181,88,93
050,27,121,"Minnesota","Pope County",2,62,192,92,100
050,27,121,"Minnesota","Pope County",2,63,202,94,108
050,27,121,"Minnesota","Pope County",2,64,198,98,100
050,27,121,"Minnesota","Pope County",2,65,191,101,90
050,27,121,"Minnesota","Pope County",2,66,184,100,84
050,27,121,"Minnesota","Pope County",2,67,175,91,84
050,27,121,"Minnesota","Pope County",2,68,163,86,77
050,27,121,"Minnesota","Pope County",2,69,174,95,79
050,27,121,"Minnesota","Pope County",2,70,158,86,72
050,27,121,"Minnesota","Pope County",2,71,147,82,65
050,27,121,"Minnesota","Pope County",2,72,143,74,69
050,27,121,"Minnesota","Pope County",2,73,144,73,71
050,27,121,"Minnesota","Pope County",2,74,96,48,48
050,27,121,"Minnesota","Pope County",2,75,110,56,54
050,27,121,"Minnesota","Pope County",2,76,107,53,54
050,27,121,"Minnesota","Pope County",2,77,96,46,50
050,27,121,"Minnesota","Pope County",2,78,83,39,44
050,27,121,"Minnesota","Pope County",2,79,81,39,42
050,27,121,"Minnesota","Pope County",2,80,70,30,40
050,27,121,"Minnesota","Pope County",2,81,65,26,39
050,27,121,"Minnesota","Pope County",2,82,68,34,34
050,27,121,"Minnesota","Pope County",2,83,64,29,35
050,27,121,"Minnesota","Pope County",2,84,52,22,30
050,27,121,"Minnesota","Pope County",2,85,337,133,204
050,27,121,"Minnesota","Pope County",3,0,120,76,44
050,27,121,"Minnesota","Pope County",3,1,122,65,57
050,27,121,"Minnesota","Pope County",3,2,118,65,53
050,27,121,"Minnesota","Pope County",3,3,136,76,60
050,27,121,"Minnesota","Pope County",3,4,123,69,54
050,27,121,"Minnesota","Pope County",3,5,132,72,60
050,27,121,"Minnesota","Pope County",3,6,140,64,76
050,27,121,"Minnesota","Pope County",3,7,145,72,73
050,27,121,"Minnesota","Pope County",3,8,140,69,71
050,27,121,"Minnesota","Pope County",3,9,148,83,65
050,27,121,"Minnesota","Pope County",3,10,149,76,73
050,27,121,"Minnesota","Pope County",3,11,147,75,72
050,27,121,"Minnesota","Pope County",3,12,153,77,76
050,27,121,"Minnesota","Pope County",3,13,174,102,72
050,27,121,"Minnesota","Pope County",3,14,144,83,61
050,27,121,"Minnesota","Pope County",3,15,138,72,66
050,27,121,"Minnesota","Pope County",3,16,126,64,62
050,27,121,"Minnesota","Pope County",3,17,139,76,63
050,27,121,"Minnesota","Pope County",3,18,117,65,52
050,27,121,"Minnesota","Pope County",3,19,85,49,36
050,27,121,"Minnesota","Pope County",3,20,87,45,42
050,27,121,"Minnesota","Pope County",3,21,83,40,43
050,27,121,"Minnesota","Pope County",3,22,106,55,51
050,27,121,"Minnesota","Pope County",3,23,107,60,47
050,27,121,"Minnesota","Pope County",3,24,104,57,47
050,27,121,"Minnesota","Pope County",3,25,103,51,52
050,27,121,"Minnesota","Pope County",3,26,96,45,51
050,27,121,"Minnesota","Pope County",3,27,108,52,56
050,27,121,"Minnesota","Pope County",3,28,120,61,59
050,27,121,"Minnesota","Pope County",3,29,124,61,63
050,27,121,"Minnesota","Pope County",3,30,129,64,65
050,27,121,"Minnesota","Pope County",3,31,116,60,56
050,27,121,"Minnesota","Pope County",3,32,114,59,55
050,27,121,"Minnesota","Pope County",3,33,129,63,66
050,27,121,"Minnesota","Pope County",3,34,138,66,72
050,27,121,"Minnesota","Pope County",3,35,141,75,66
050,27,121,"Minnesota","Pope County",3,36,145,78,67
050,27,121,"Minnesota","Pope County",3,37,150,78,72
050,27,121,"Minnesota","Pope County",3,38,151,85,66
050,27,121,"Minnesota","Pope County",3,39,150,87,63
050,27,121,"Minnesota","Pope County",3,40,146,79,67
050,27,121,"Minnesota","Pope County",3,41,131,73,58
050,27,121,"Minnesota","Pope County",3,42,121,65,56
050,27,121,"Minnesota","Pope County",3,43,115,56,59
050,27,121,"Minnesota","Pope County",3,44,118,57,61
050,27,121,"Minnesota","Pope County",3,45,104,50,54
050,27,121,"Minnesota","Pope County",3,46,112,61,51
050,27,121,"Minnesota","Pope County",3,47,106,58,48
050,27,121,"Minnesota","Pope County",3,48,105,61,44
050,27,121,"Minnesota","Pope County",3,49,116,66,50
050,27,121,"Minnesota","Pope County",3,50,114,58,56
050,27,121,"Minnesota","Pope County",3,51,135,69,66
050,27,121,"Minnesota","Pope County",3,52,129,66,63
050,27,121,"Minnesota","Pope County",3,53,122,64,58
050,27,121,"Minnesota","Pope County",3,54,118,60,58
050,27,121,"Minnesota","Pope County",3,55,129,64,65
050,27,121,"Minnesota","Pope County",3,56,138,70,68
050,27,121,"Minnesota","Pope County",3,57,154,83,71
050,27,121,"Minnesota","Pope County",3,58,161,86,75
050,27,121,"Minnesota","Pope County",3,59,182,99,83
050,27,121,"Minnesota","Pope County",3,60,186,98,88
050,27,121,"Minnesota","Pope County",3,61,194,95,99
050,27,121,"Minnesota","Pope County",3,62,182,87,95
050,27,121,"Minnesota","Pope County",3,63,194,92,102
050,27,121,"Minnesota","Pope County",3,64,204,93,111
050,27,121,"Minnesota","Pope County",3,65,199,102,97
050,27,121,"Minnesota","Pope County",3,66,196,104,92
050,27,121,"Minnesota","Pope County",3,67,190,101,89
050,27,121,"Minnesota","Pope County",3,68,169,87,82
050,27,121,"Minnesota","Pope County",3,69,161,82,79
050,27,121,"Minnesota","Pope County",3,70,172,95,77
050,27,121,"Minnesota","Pope County",3,71,159,84,75
050,27,121,"Minnesota","Pope County",3,72,142,77,65
050,27,121,"Minnesota","Pope County",3,73,139,72,67
050,27,121,"Minnesota","Pope County",3,74,139,73,66
050,27,121,"Minnesota","Pope County",3,75,94,45,49
050,27,121,"Minnesota","Pope County",3,76,107,52,55
050,27,121,"Minnesota","Pope County",3,77,104,52,52
050,27,121,"Minnesota","Pope County",3,78,92,43,49
050,27,121,"Minnesota","Pope County",3,79,77,36,41
050,27,121,"Minnesota","Pope County",3,80,78,35,43
050,27,121,"Minnesota","Pope County",3,81,65,27,38
050,27,121,"Minnesota","Pope County",3,82,63,27,36
050,27,121,"Minnesota","Pope County",3,83,59,27,32
050,27,121,"Minnesota","Pope County",3,84,54,26,28
050,27,121,"Minnesota","Pope County",3,85,338,133,205
050,27,121,"Minnesota","Pope County",4,0,126,68,58
050,27,121,"Minnesota","Pope County",4,1,114,74,40
050,27,121,"Minnesota","Pope County",4,2,126,69,57
050,27,121,"Minnesota","Pope County",4,3,117,62,55
050,27,121,"Minnesota","Pope County",4,4,132,70,62
050,27,121,"Minnesota","Pope County",4,5,122,65,57
050,27,121,"Minnesota","Pope County",4,6,134,73,61
050,27,121,"Minnesota","Pope County",4,7,144,65,79
050,27,121,"Minnesota","Pope County",4,8,151,76,75
050,27,121,"Minnesota","Pope County",4,9,149,73,76
050,27,121,"Minnesota","Pope County",4,10,148,81,67
050,27,121,"Minnesota","Pope County",4,11,155,79,76
050,27,121,"Minnesota","Pope County",4,12,147,76,71
050,27,121,"Minnesota","Pope County",4,13,153,79,74
050,27,121,"Minnesota","Pope County",4,14,175,101,74
050,27,121,"Minnesota","Pope County",4,15,143,82,61
050,27,121,"Minnesota","Pope County",4,16,134,68,66
050,27,121,"Minnesota","Pope County",4,17,126,60,66
050,27,121,"Minnesota","Pope County",4,18,117,67,50
050,27,121,"Minnesota","Pope County",4,19,90,48,42
050,27,121,"Minnesota","Pope County",4,20,84,51,33
050,27,121,"Minnesota","Pope County",4,21,90,42,48
050,27,121,"Minnesota","Pope County",4,22,91,46,45
050,27,121,"Minnesota","Pope County",4,23,104,54,50
050,27,121,"Minnesota","Pope County",4,24,102,52,50
050,27,121,"Minnesota","Pope County",4,25,102,57,45
050,27,121,"Minnesota","Pope County",4,26,101,50,51
050,27,121,"Minnesota","Pope County",4,27,102,45,57
050,27,121,"Minnesota","Pope County",4,28,122,56,66
050,27,121,"Minnesota","Pope County",4,29,125,65,60
050,27,121,"Minnesota","Pope County",4,30,132,61,71
050,27,121,"Minnesota","Pope County",4,31,125,66,59
050,27,121,"Minnesota","Pope County",4,32,106,56,50
050,27,121,"Minnesota","Pope County",4,33,120,62,58
050,27,121,"Minnesota","Pope County",4,34,128,62,66
050,27,121,"Minnesota","Pope County",4,35,132,62,70
050,27,121,"Minnesota","Pope County",4,36,142,76,66
050,27,121,"Minnesota","Pope County",4,37,137,72,65
050,27,121,"Minnesota","Pope County",4,38,144,76,68
050,27,121,"Minnesota","Pope County",4,39,152,80,72
050,27,121,"Minnesota","Pope County",4,40,149,86,63
050,27,121,"Minnesota","Pope County",4,41,150,84,66
050,27,121,"Minnesota","Pope County",4,42,123,68,55
050,27,121,"Minnesota","Pope County",4,43,125,64,61
050,27,121,"Minnesota","Pope County",4,44,112,56,56
050,27,121,"Minnesota","Pope County",4,45,120,57,63
050,27,121,"Minnesota","Pope County",4,46,101,48,53
050,27,121,"Minnesota","Pope County",4,47,107,58,49
050,27,121,"Minnesota","Pope County",4,48,114,64,50
050,27,121,"Minnesota","Pope County",4,49,103,59,44
050,27,121,"Minnesota","Pope County",4,50,114,64,50
050,27,121,"Minnesota","Pope County",4,51,116,54,62
050,27,121,"Minnesota","Pope County",4,52,135,72,63
050,27,121,"Minnesota","Pope County",4,53,135,65,70
050,27,121,"Minnesota","Pope County",4,54,122,65,57
050,27,121,"Minnesota","Pope County",4,55,126,64,62
050,27,121,"Minnesota","Pope County",4,56,126,66,60
050,27,121,"Minnesota","Pope County",4,57,141,73,68
050,27,121,"Minnesota","Pope County",4,58,147,79,68
050,27,121,"Minnesota","Pope County",4,59,164,85,79
050,27,121,"Minnesota","Pope County",4,60,184,102,82
050,27,121,"Minnesota","Pope County",4,61,191,102,89
050,27,121,"Minnesota","Pope County",4,62,201,96,105
050,27,121,"Minnesota","Pope County",4,63,186,88,98
050,27,121,"Minnesota","Pope County",4,64,196,94,102
050,27,121,"Minnesota","Pope County",4,65,203,95,108
050,27,121,"Minnesota","Pope County",4,66,197,98,99
050,27,121,"Minnesota","Pope County",4,67,189,99,90
050,27,121,"Minnesota","Pope County",4,68,185,95,90
050,27,121,"Minnesota","Pope County",4,69,165,85,80
050,27,121,"Minnesota","Pope County",4,70,155,77,78
050,27,121,"Minnesota","Pope County",4,71,170,93,77
050,27,121,"Minnesota","Pope County",4,72,157,79,78
050,27,121,"Minnesota","Pope County",4,73,140,76,64
050,27,121,"Minnesota","Pope County",4,74,137,72,65
050,27,121,"Minnesota","Pope County",4,75,135,68,67
050,27,121,"Minnesota","Pope County",4,76,89,42,47
050,27,121,"Minnesota","Pope County",4,77,107,52,55
050,27,121,"Minnesota","Pope County",4,78,97,46,51
050,27,121,"Minnesota","Pope County",4,79,93,45,48
050,27,121,"Minnesota","Pope County",4,80,79,36,43
050,27,121,"Minnesota","Pope County",4,81,75,34,41
050,27,121,"Minnesota","Pope County",4,82,62,29,33
050,27,121,"Minnesota","Pope County",4,83,56,20,36
050,27,121,"Minnesota","Pope County",4,84,53,25,28
050,27,121,"Minnesota","Pope County",4,85,344,139,205
050,27,121,"Minnesota","Pope County",5,0,126,69,57
050,27,121,"Minnesota","Pope County",5,1,120,61,59
050,27,121,"Minnesota","Pope County",5,2,121,81,40
050,27,121,"Minnesota","Pope County",5,3,128,72,56
050,27,121,"Minnesota","Pope County",5,4,119,64,55
050,27,121,"Minnesota","Pope County",5,5,133,72,61
050,27,121,"Minnesota","Pope County",5,6,128,69,59
050,27,121,"Minnesota","Pope County",5,7,136,75,61
050,27,121,"Minnesota","Pope County",5,8,143,67,76
050,27,121,"Minnesota","Pope County",5,9,155,79,76
050,27,121,"Minnesota","Pope County",5,10,146,71,75
050,27,121,"Minnesota","Pope County",5,11,147,80,67
050,27,121,"Minnesota","Pope County",5,12,154,79,75
050,27,121,"Minnesota","Pope County",5,13,145,76,69
050,27,121,"Minnesota","Pope County",5,14,152,77,75
050,27,121,"Minnesota","Pope County",5,15,174,100,74
050,27,121,"Minnesota","Pope County",5,16,136,78,58
050,27,121,"Minnesota","Pope County",5,17,135,69,66
050,27,121,"Minnesota","Pope County",5,18,107,52,55
050,27,121,"Minnesota","Pope County",5,19,92,50,42
050,27,121,"Minnesota","Pope County",5,20,100,53,47
050,27,121,"Minnesota","Pope County",5,21,83,47,36
050,27,121,"Minnesota","Pope County",5,22,93,41,52
050,27,121,"Minnesota","Pope County",5,23,97,47,50
050,27,121,"Minnesota","Pope County",5,24,79,43,36
050,27,121,"Minnesota","Pope County",5,25,98,52,46
050,27,121,"Minnesota","Pope County",5,26,113,58,55
050,27,121,"Minnesota","Pope County",5,27,104,56,48
050,27,121,"Minnesota","Pope County",5,28,111,46,65
050,27,121,"Minnesota","Pope County",5,29,128,57,71
050,27,121,"Minnesota","Pope County",5,30,122,61,61
050,27,121,"Minnesota","Pope County",5,31,126,65,61
050,27,121,"Minnesota","Pope County",5,32,130,73,57
050,27,121,"Minnesota","Pope County",5,33,112,62,50
050,27,121,"Minnesota","Pope County",5,34,122,61,61
050,27,121,"Minnesota","Pope County",5,35,128,63,65
050,27,121,"Minnesota","Pope County",5,36,130,61,69
050,27,121,"Minnesota","Pope County",5,37,142,75,67
050,27,121,"Minnesota","Pope County",5,38,135,70,65
050,27,121,"Minnesota","Pope County",5,39,139,73,66
050,27,121,"Minnesota","Pope County",5,40,149,80,69
050,27,121,"Minnesota","Pope County",5,41,147,87,60
050,27,121,"Minnesota","Pope County",5,42,151,88,63
050,27,121,"Minnesota","Pope County",5,43,129,71,58
050,27,121,"Minnesota","Pope County",5,44,127,68,59
050,27,121,"Minnesota","Pope County",5,45,115,58,57
050,27,121,"Minnesota","Pope County",5,46,118,56,62
050,27,121,"Minnesota","Pope County",5,47,102,47,55
050,27,121,"Minnesota","Pope County",5,48,108,59,49
050,27,121,"Minnesota","Pope County",5,49,119,64,55
050,27,121,"Minnesota","Pope County",5,50,100,54,46
050,27,121,"Minnesota","Pope County",5,51,117,67,50
050,27,121,"Minnesota","Pope County",5,52,115,55,60
050,27,121,"Minnesota","Pope County",5,53,142,72,70
050,27,121,"Minnesota","Pope County",5,54,129,61,68
050,27,121,"Minnesota","Pope County",5,55,115,62,53
050,27,121,"Minnesota","Pope County",5,56,129,68,61
050,27,121,"Minnesota","Pope County",5,57,131,71,60
050,27,121,"Minnesota","Pope County",5,58,135,73,62
050,27,121,"Minnesota","Pope County",5,59,153,80,73
050,27,121,"Minnesota","Pope County",5,60,159,83,76
050,27,121,"Minnesota","Pope County",5,61,186,105,81
050,27,121,"Minnesota","Pope County",5,62,193,101,92
050,27,121,"Minnesota","Pope County",5,63,196,89,107
050,27,121,"Minnesota","Pope County",5,64,188,90,98
050,27,121,"Minnesota","Pope County",5,65,194,97,97
050,27,121,"Minnesota","Pope County",5,66,200,94,106
050,27,121,"Minnesota","Pope County",5,67,190,93,97
050,27,121,"Minnesota","Pope County",5,68,180,91,89
050,27,121,"Minnesota","Pope County",5,69,184,94,90
050,27,121,"Minnesota","Pope County",5,70,160,81,79
050,27,121,"Minnesota","Pope County",5,71,154,77,77
050,27,121,"Minnesota","Pope County",5,72,163,88,75
050,27,121,"Minnesota","Pope County",5,73,156,79,77
050,27,121,"Minnesota","Pope County",5,74,138,76,62
050,27,121,"Minnesota","Pope County",5,75,138,73,65
050,27,121,"Minnesota","Pope County",5,76,132,65,67
050,27,121,"Minnesota","Pope County",5,77,86,41,45
050,27,121,"Minnesota","Pope County",5,78,98,45,53
050,27,121,"Minnesota","Pope County",5,79,95,47,48
050,27,121,"Minnesota","Pope County",5,80,87,42,45
050,27,121,"Minnesota","Pope County",5,81,76,34,42
050,27,121,"Minnesota","Pope County",5,82,73,35,38
050,27,121,"Minnesota","Pope County",5,83,51,20,31
050,27,121,"Minnesota","Pope County",5,84,52,20,32
050,27,121,"Minnesota","Pope County",5,85,351,148,203
050,27,123,"Minnesota","Ramsey County",1,0,7304,3734,3570
050,27,123,"Minnesota","Ramsey County",1,1,7145,3628,3517
050,27,123,"Minnesota","Ramsey County",1,2,7486,3906,3580
050,27,123,"Minnesota","Ramsey County",1,3,7528,3905,3623
050,27,123,"Minnesota","Ramsey County",1,4,7483,3771,3712
050,27,123,"Minnesota","Ramsey County",1,5,7502,3814,3688
050,27,123,"Minnesota","Ramsey County",1,6,7389,3799,3590
050,27,123,"Minnesota","Ramsey County",1,7,7451,3841,3610
050,27,123,"Minnesota","Ramsey County",1,8,7218,3720,3498
050,27,123,"Minnesota","Ramsey County",1,9,7134,3653,3481
050,27,123,"Minnesota","Ramsey County",1,10,7122,3727,3395
050,27,123,"Minnesota","Ramsey County",1,11,7267,3740,3527
050,27,123,"Minnesota","Ramsey County",1,12,7373,3709,3664
050,27,123,"Minnesota","Ramsey County",1,13,7274,3667,3607
050,27,123,"Minnesota","Ramsey County",1,14,7045,3580,3465
050,27,123,"Minnesota","Ramsey County",1,15,6841,3498,3343
050,27,123,"Minnesota","Ramsey County",1,16,6939,3530,3409
050,27,123,"Minnesota","Ramsey County",1,17,6776,3457,3319
050,27,123,"Minnesota","Ramsey County",1,18,7019,3458,3561
050,27,123,"Minnesota","Ramsey County",1,19,7975,3914,4061
050,27,123,"Minnesota","Ramsey County",1,20,7190,3482,3708
050,27,123,"Minnesota","Ramsey County",1,21,6875,3352,3523
050,27,123,"Minnesota","Ramsey County",1,22,6982,3333,3649
050,27,123,"Minnesota","Ramsey County",1,23,7347,3534,3813
050,27,123,"Minnesota","Ramsey County",1,24,8071,3967,4104
050,27,123,"Minnesota","Ramsey County",1,25,8596,4314,4282
050,27,123,"Minnesota","Ramsey County",1,26,8866,4383,4483
050,27,123,"Minnesota","Ramsey County",1,27,9237,4567,4670
050,27,123,"Minnesota","Ramsey County",1,28,9408,4765,4643
050,27,123,"Minnesota","Ramsey County",1,29,9518,4832,4686
050,27,123,"Minnesota","Ramsey County",1,30,9388,4731,4657
050,27,123,"Minnesota","Ramsey County",1,31,9060,4533,4527
050,27,123,"Minnesota","Ramsey County",1,32,8952,4532,4420
050,27,123,"Minnesota","Ramsey County",1,33,8809,4440,4369
050,27,123,"Minnesota","Ramsey County",1,34,8604,4255,4349
050,27,123,"Minnesota","Ramsey County",1,35,8443,4192,4251
050,27,123,"Minnesota","Ramsey County",1,36,8266,4092,4174
050,27,123,"Minnesota","Ramsey County",1,37,8125,4089,4036
050,27,123,"Minnesota","Ramsey County",1,38,7842,3898,3944
050,27,123,"Minnesota","Ramsey County",1,39,7630,3835,3795
050,27,123,"Minnesota","Ramsey County",1,40,7165,3636,3529
050,27,123,"Minnesota","Ramsey County",1,41,6698,3405,3293
050,27,123,"Minnesota","Ramsey County",1,42,6324,3149,3175
050,27,123,"Minnesota","Ramsey County",1,43,6011,3034,2977
050,27,123,"Minnesota","Ramsey County",1,44,5932,3026,2906
050,27,123,"Minnesota","Ramsey County",1,45,5962,3073,2889
050,27,123,"Minnesota","Ramsey County",1,46,5580,2779,2801
050,27,123,"Minnesota","Ramsey County",1,47,5676,2846,2830
050,27,123,"Minnesota","Ramsey County",1,48,5899,2945,2954
050,27,123,"Minnesota","Ramsey County",1,49,6303,3157,3146
050,27,123,"Minnesota","Ramsey County",1,50,6288,3151,3137
050,27,123,"Minnesota","Ramsey County",1,51,6162,3078,3084
050,27,123,"Minnesota","Ramsey County",1,52,5930,2976,2954
050,27,123,"Minnesota","Ramsey County",1,53,5949,2996,2953
050,27,123,"Minnesota","Ramsey County",1,54,6038,2988,3050
050,27,123,"Minnesota","Ramsey County",1,55,6427,3189,3238
050,27,123,"Minnesota","Ramsey County",1,56,6642,3307,3335
050,27,123,"Minnesota","Ramsey County",1,57,6778,3408,3370
050,27,123,"Minnesota","Ramsey County",1,58,6869,3388,3481
050,27,123,"Minnesota","Ramsey County",1,59,6994,3364,3630
050,27,123,"Minnesota","Ramsey County",1,60,6865,3339,3526
050,27,123,"Minnesota","Ramsey County",1,61,6731,3228,3503
050,27,123,"Minnesota","Ramsey County",1,62,6623,3168,3455
050,27,123,"Minnesota","Ramsey County",1,63,6356,3046,3310
050,27,123,"Minnesota","Ramsey County",1,64,6242,2944,3298
050,27,123,"Minnesota","Ramsey County",1,65,5942,2802,3140
050,27,123,"Minnesota","Ramsey County",1,66,5834,2681,3153
050,27,123,"Minnesota","Ramsey County",1,67,5618,2591,3027
050,27,123,"Minnesota","Ramsey County",1,68,5531,2546,2985
050,27,123,"Minnesota","Ramsey County",1,69,5060,2378,2682
050,27,123,"Minnesota","Ramsey County",1,70,4816,2232,2584
050,27,123,"Minnesota","Ramsey County",1,71,4519,2048,2471
050,27,123,"Minnesota","Ramsey County",1,72,4397,2005,2392
050,27,123,"Minnesota","Ramsey County",1,73,4328,2006,2322
050,27,123,"Minnesota","Ramsey County",1,74,2997,1341,1656
050,27,123,"Minnesota","Ramsey County",1,75,2877,1294,1583
050,27,123,"Minnesota","Ramsey County",1,76,2829,1239,1590
050,27,123,"Minnesota","Ramsey County",1,77,2906,1276,1630
050,27,123,"Minnesota","Ramsey County",1,78,2422,1065,1357
050,27,123,"Minnesota","Ramsey County",1,79,2199,955,1244
050,27,123,"Minnesota","Ramsey County",1,80,2032,848,1184
050,27,123,"Minnesota","Ramsey County",1,81,1902,800,1102
050,27,123,"Minnesota","Ramsey County",1,82,1748,703,1045
050,27,123,"Minnesota","Ramsey County",1,83,1732,687,1045
050,27,123,"Minnesota","Ramsey County",1,84,1508,562,946
050,27,123,"Minnesota","Ramsey County",1,85,10234,3398,6836
050,27,123,"Minnesota","Ramsey County",2,0,7246,3699,3547
050,27,123,"Minnesota","Ramsey County",2,1,7125,3622,3503
050,27,123,"Minnesota","Ramsey County",2,2,7376,3835,3541
050,27,123,"Minnesota","Ramsey County",2,3,7466,3877,3589
050,27,123,"Minnesota","Ramsey County",2,4,7460,3791,3669
050,27,123,"Minnesota","Ramsey County",2,5,7465,3783,3682
050,27,123,"Minnesota","Ramsey County",2,6,7405,3790,3615
050,27,123,"Minnesota","Ramsey County",2,7,7401,3809,3592
050,27,123,"Minnesota","Ramsey County",2,8,7229,3722,3507
050,27,123,"Minnesota","Ramsey County",2,9,7129,3663,3466
050,27,123,"Minnesota","Ramsey County",2,10,7108,3692,3416
050,27,123,"Minnesota","Ramsey County",2,11,7175,3708,3467
050,27,123,"Minnesota","Ramsey County",2,12,7347,3716,3631
050,27,123,"Minnesota","Ramsey County",2,13,7283,3679,3604
050,27,123,"Minnesota","Ramsey County",2,14,7088,3598,3490
050,27,123,"Minnesota","Ramsey County",2,15,6891,3513,3378
050,27,123,"Minnesota","Ramsey County",2,16,6921,3523,3398
050,27,123,"Minnesota","Ramsey County",2,17,6827,3477,3350
050,27,123,"Minnesota","Ramsey County",2,18,7043,3478,3565
050,27,123,"Minnesota","Ramsey County",2,19,7966,3903,4063
050,27,123,"Minnesota","Ramsey County",2,20,7293,3535,3758
050,27,123,"Minnesota","Ramsey County",2,21,6894,3353,3541
050,27,123,"Minnesota","Ramsey County",2,22,6976,3331,3645
050,27,123,"Minnesota","Ramsey County",2,23,7316,3516,3800
050,27,123,"Minnesota","Ramsey County",2,24,7955,3909,4046
050,27,123,"Minnesota","Ramsey County",2,25,8505,4246,4259
050,27,123,"Minnesota","Ramsey County",2,26,8851,4404,4447
050,27,123,"Minnesota","Ramsey County",2,27,9124,4535,4589
050,27,123,"Minnesota","Ramsey County",2,28,9361,4727,4634
050,27,123,"Minnesota","Ramsey County",2,29,9451,4791,4660
050,27,123,"Minnesota","Ramsey County",2,30,9407,4747,4660
050,27,123,"Minnesota","Ramsey County",2,31,9049,4547,4502
050,27,123,"Minnesota","Ramsey County",2,32,8907,4506,4401
050,27,123,"Minnesota","Ramsey County",2,33,8791,4440,4351
050,27,123,"Minnesota","Ramsey County",2,34,8614,4285,4329
050,27,123,"Minnesota","Ramsey County",2,35,8484,4205,4279
050,27,123,"Minnesota","Ramsey County",2,36,8224,4078,4146
050,27,123,"Minnesota","Ramsey County",2,37,8137,4080,4057
050,27,123,"Minnesota","Ramsey County",2,38,7923,3951,3972
050,27,123,"Minnesota","Ramsey County",2,39,7620,3817,3803
050,27,123,"Minnesota","Ramsey County",2,40,7285,3690,3595
050,27,123,"Minnesota","Ramsey County",2,41,6768,3433,3335
050,27,123,"Minnesota","Ramsey County",2,42,6352,3173,3179
050,27,123,"Minnesota","Ramsey County",2,43,6110,3073,3037
050,27,123,"Minnesota","Ramsey County",2,44,5889,2997,2892
050,27,123,"Minnesota","Ramsey County",2,45,5944,3053,2891
050,27,123,"Minnesota","Ramsey County",2,46,5633,2827,2806
050,27,123,"Minnesota","Ramsey County",2,47,5628,2815,2813
050,27,123,"Minnesota","Ramsey County",2,48,5847,2930,2917
050,27,123,"Minnesota","Ramsey County",2,49,6202,3102,3100
050,27,123,"Minnesota","Ramsey County",2,50,6292,3144,3148
050,27,123,"Minnesota","Ramsey County",2,51,6145,3076,3069
050,27,123,"Minnesota","Ramsey County",2,52,5967,2995,2972
050,27,123,"Minnesota","Ramsey County",2,53,5905,2968,2937
050,27,123,"Minnesota","Ramsey County",2,54,5993,2977,3016
050,27,123,"Minnesota","Ramsey County",2,55,6313,3131,3182
050,27,123,"Minnesota","Ramsey County",2,56,6577,3273,3304
050,27,123,"Minnesota","Ramsey County",2,57,6745,3389,3356
050,27,123,"Minnesota","Ramsey County",2,58,6815,3373,3442
050,27,123,"Minnesota","Ramsey County",2,59,6964,3368,3596
050,27,123,"Minnesota","Ramsey County",2,60,6844,3314,3530
050,27,123,"Minnesota","Ramsey County",2,61,6707,3225,3482
050,27,123,"Minnesota","Ramsey County",2,62,6596,3154,3442
050,27,123,"Minnesota","Ramsey County",2,63,6432,3088,3344
050,27,123,"Minnesota","Ramsey County",2,64,6185,2924,3261
050,27,123,"Minnesota","Ramsey County",2,65,5965,2807,3158
050,27,123,"Minnesota","Ramsey County",2,66,5830,2696,3134
050,27,123,"Minnesota","Ramsey County",2,67,5614,2586,3028
050,27,123,"Minnesota","Ramsey County",2,68,5494,2528,2966
050,27,123,"Minnesota","Ramsey County",2,69,5165,2410,2755
050,27,123,"Minnesota","Ramsey County",2,70,4832,2246,2586
050,27,123,"Minnesota","Ramsey County",2,71,4567,2078,2489
050,27,123,"Minnesota","Ramsey County",2,72,4316,1965,2351
050,27,123,"Minnesota","Ramsey County",2,73,4519,2086,2433
050,27,123,"Minnesota","Ramsey County",2,74,3095,1393,1702
050,27,123,"Minnesota","Ramsey County",2,75,2879,1295,1584
050,27,123,"Minnesota","Ramsey County",2,76,2786,1228,1558
050,27,123,"Minnesota","Ramsey County",2,77,2929,1288,1641
050,27,123,"Minnesota","Ramsey County",2,78,2474,1089,1385
050,27,123,"Minnesota","Ramsey County",2,79,2217,965,1252
050,27,123,"Minnesota","Ramsey County",2,80,2052,859,1193
050,27,123,"Minnesota","Ramsey County",2,81,1882,793,1089
050,27,123,"Minnesota","Ramsey County",2,82,1751,714,1037
050,27,123,"Minnesota","Ramsey County",2,83,1708,675,1033
050,27,123,"Minnesota","Ramsey County",2,84,1528,579,949
050,27,123,"Minnesota","Ramsey County",2,85,10142,3368,6774
050,27,123,"Minnesota","Ramsey County",3,0,6657,3473,3184
050,27,123,"Minnesota","Ramsey County",3,1,6774,3476,3298
050,27,123,"Minnesota","Ramsey County",3,2,6857,3502,3355
050,27,123,"Minnesota","Ramsey County",3,3,7089,3650,3439
050,27,123,"Minnesota","Ramsey County",3,4,7251,3766,3485
050,27,123,"Minnesota","Ramsey County",3,5,7197,3670,3527
050,27,123,"Minnesota","Ramsey County",3,6,7292,3717,3575
050,27,123,"Minnesota","Ramsey County",3,7,7195,3690,3505
050,27,123,"Minnesota","Ramsey County",3,8,7151,3673,3478
050,27,123,"Minnesota","Ramsey County",3,9,7130,3697,3433
050,27,123,"Minnesota","Ramsey County",3,10,6978,3582,3396
050,27,123,"Minnesota","Ramsey County",3,11,6933,3616,3317
050,27,123,"Minnesota","Ramsey County",3,12,6961,3579,3382
050,27,123,"Minnesota","Ramsey County",3,13,7239,3694,3545
050,27,123,"Minnesota","Ramsey County",3,14,7178,3636,3542
050,27,123,"Minnesota","Ramsey County",3,15,6961,3532,3429
050,27,123,"Minnesota","Ramsey County",3,16,6785,3438,3347
050,27,123,"Minnesota","Ramsey County",3,17,6858,3490,3368
050,27,123,"Minnesota","Ramsey County",3,18,7139,3544,3595
050,27,123,"Minnesota","Ramsey County",3,19,7878,3847,4031
050,27,123,"Minnesota","Ramsey County",3,20,7371,3579,3792
050,27,123,"Minnesota","Ramsey County",3,21,7015,3416,3599
050,27,123,"Minnesota","Ramsey County",3,22,6769,3278,3491
050,27,123,"Minnesota","Ramsey County",3,23,7194,3403,3791
050,27,123,"Minnesota","Ramsey County",3,24,7653,3673,3980
050,27,123,"Minnesota","Ramsey County",3,25,8021,3913,4108
050,27,123,"Minnesota","Ramsey County",3,26,8502,4306,4196
050,27,123,"Minnesota","Ramsey County",3,27,8692,4318,4374
050,27,123,"Minnesota","Ramsey County",3,28,8918,4473,4445
050,27,123,"Minnesota","Ramsey County",3,29,9071,4525,4546
050,27,123,"Minnesota","Ramsey County",3,30,9099,4624,4475
050,27,123,"Minnesota","Ramsey County",3,31,9187,4651,4536
050,27,123,"Minnesota","Ramsey County",3,32,8644,4375,4269
050,27,123,"Minnesota","Ramsey County",3,33,8593,4326,4267
050,27,123,"Minnesota","Ramsey County",3,34,8540,4311,4229
050,27,123,"Minnesota","Ramsey County",3,35,8275,4129,4146
050,27,123,"Minnesota","Ramsey County",3,36,8241,4081,4160
050,27,123,"Minnesota","Ramsey County",3,37,7963,3937,4026
050,27,123,"Minnesota","Ramsey County",3,38,7883,3937,3946
050,27,123,"Minnesota","Ramsey County",3,39,7676,3833,3843
050,27,123,"Minnesota","Ramsey County",3,40,7425,3718,3707
050,27,123,"Minnesota","Ramsey County",3,41,7131,3625,3506
050,27,123,"Minnesota","Ramsey County",3,42,6549,3289,3260
050,27,123,"Minnesota","Ramsey County",3,43,6202,3120,3082
050,27,123,"Minnesota","Ramsey County",3,44,5943,2988,2955
050,27,123,"Minnesota","Ramsey County",3,45,5797,2947,2850
050,27,123,"Minnesota","Ramsey County",3,46,5760,2945,2815
050,27,123,"Minnesota","Ramsey County",3,47,5525,2751,2774
050,27,123,"Minnesota","Ramsey County",3,48,5595,2824,2771
050,27,123,"Minnesota","Ramsey County",3,49,5715,2856,2859
050,27,123,"Minnesota","Ramsey County",3,50,6080,3035,3045
050,27,123,"Minnesota","Ramsey County",3,51,6126,3063,3063
050,27,123,"Minnesota","Ramsey County",3,52,6077,3047,3030
050,27,123,"Minnesota","Ramsey County",3,53,5835,2924,2911
050,27,123,"Minnesota","Ramsey County",3,54,5781,2895,2886
050,27,123,"Minnesota","Ramsey County",3,55,5853,2931,2922
050,27,123,"Minnesota","Ramsey County",3,56,6131,3032,3099
050,27,123,"Minnesota","Ramsey County",3,57,6405,3174,3231
050,27,123,"Minnesota","Ramsey County",3,58,6552,3282,3270
050,27,123,"Minnesota","Ramsey County",3,59,6642,3276,3366
050,27,123,"Minnesota","Ramsey County",3,60,6788,3266,3522
050,27,123,"Minnesota","Ramsey County",3,61,6624,3190,3434
050,27,123,"Minnesota","Ramsey County",3,62,6502,3106,3396
050,27,123,"Minnesota","Ramsey County",3,63,6424,3087,3337
050,27,123,"Minnesota","Ramsey County",3,64,6164,2941,3223
050,27,123,"Minnesota","Ramsey County",3,65,5986,2807,3179
050,27,123,"Minnesota","Ramsey County",3,66,5781,2701,3080
050,27,123,"Minnesota","Ramsey County",3,67,5608,2587,3021
050,27,123,"Minnesota","Ramsey County",3,68,5457,2501,2956
050,27,123,"Minnesota","Ramsey County",3,69,5341,2437,2904
050,27,123,"Minnesota","Ramsey County",3,70,5029,2343,2686
050,27,123,"Minnesota","Ramsey County",3,71,4726,2201,2525
050,27,123,"Minnesota","Ramsey County",3,72,4409,1976,2433
050,27,123,"Minnesota","Ramsey County",3,73,4183,1905,2278
050,27,123,"Minnesota","Ramsey County",3,74,4382,2017,2365
050,27,123,"Minnesota","Ramsey County",3,75,2980,1337,1643
050,27,123,"Minnesota","Ramsey County",3,76,2762,1226,1536
050,27,123,"Minnesota","Ramsey County",3,77,2698,1178,1520
050,27,123,"Minnesota","Ramsey County",3,78,2818,1251,1567
050,27,123,"Minnesota","Ramsey County",3,79,2345,1022,1323
050,27,123,"Minnesota","Ramsey County",3,80,2114,885,1229
050,27,123,"Minnesota","Ramsey County",3,81,1920,815,1105
050,27,123,"Minnesota","Ramsey County",3,82,1779,736,1043
050,27,123,"Minnesota","Ramsey County",3,83,1671,667,1004
050,27,123,"Minnesota","Ramsey County",3,84,1564,610,954
050,27,123,"Minnesota","Ramsey County",3,85,10036,3342,6694
050,27,123,"Minnesota","Ramsey County",4,0,6700,3425,3275
050,27,123,"Minnesota","Ramsey County",4,1,6374,3284,3090
050,27,123,"Minnesota","Ramsey County",4,2,6569,3374,3195
050,27,123,"Minnesota","Ramsey County",4,3,6603,3324,3279
050,27,123,"Minnesota","Ramsey County",4,4,6882,3567,3315
050,27,123,"Minnesota","Ramsey County",4,5,7057,3661,3396
050,27,123,"Minnesota","Ramsey County",4,6,7035,3608,3427
050,27,123,"Minnesota","Ramsey County",4,7,7156,3660,3496
050,27,123,"Minnesota","Ramsey County",4,8,7015,3622,3393
050,27,123,"Minnesota","Ramsey County",4,9,7040,3587,3453
050,27,123,"Minnesota","Ramsey County",4,10,7064,3640,3424
050,27,123,"Minnesota","Ramsey County",4,11,6916,3573,3343
050,27,123,"Minnesota","Ramsey County",4,12,6732,3490,3242
050,27,123,"Minnesota","Ramsey County",4,13,6905,3535,3370
050,27,123,"Minnesota","Ramsey County",4,14,7076,3588,3488
050,27,123,"Minnesota","Ramsey County",4,15,7059,3600,3459
050,27,123,"Minnesota","Ramsey County",4,16,6908,3476,3432
050,27,123,"Minnesota","Ramsey County",4,17,6770,3433,3337
050,27,123,"Minnesota","Ramsey County",4,18,7046,3503,3543
050,27,123,"Minnesota","Ramsey County",4,19,7581,3727,3854
050,27,123,"Minnesota","Ramsey County",4,20,6963,3360,3603
050,27,123,"Minnesota","Ramsey County",4,21,6923,3383,3540
050,27,123,"Minnesota","Ramsey County",4,22,6905,3376,3529
050,27,123,"Minnesota","Ramsey County",4,23,6862,3356,3506
050,27,123,"Minnesota","Ramsey County",4,24,7428,3521,3907
050,27,123,"Minnesota","Ramsey County",4,25,7692,3691,4001
050,27,123,"Minnesota","Ramsey County",4,26,8131,4016,4115
050,27,123,"Minnesota","Ramsey County",4,27,8364,4279,4085
050,27,123,"Minnesota","Ramsey County",4,28,8489,4249,4240
050,27,123,"Minnesota","Ramsey County",4,29,8709,4342,4367
050,27,123,"Minnesota","Ramsey County",4,30,8717,4362,4355
050,27,123,"Minnesota","Ramsey County",4,31,8877,4465,4412
050,27,123,"Minnesota","Ramsey County",4,32,8938,4524,4414
050,27,123,"Minnesota","Ramsey County",4,33,8473,4319,4154
050,27,123,"Minnesota","Ramsey County",4,34,8474,4322,4152
050,27,123,"Minnesota","Ramsey County",4,35,8287,4171,4116
050,27,123,"Minnesota","Ramsey County",4,36,8044,3984,4060
050,27,123,"Minnesota","Ramsey County",4,37,7992,3940,4052
050,27,123,"Minnesota","Ramsey County",4,38,7783,3824,3959
050,27,123,"Minnesota","Ramsey County",4,39,7656,3791,3865
050,27,123,"Minnesota","Ramsey County",4,40,7558,3792,3766
050,27,123,"Minnesota","Ramsey County",4,41,7289,3653,3636
050,27,123,"Minnesota","Ramsey County",4,42,6973,3531,3442
050,27,123,"Minnesota","Ramsey County",4,43,6428,3234,3194
050,27,123,"Minnesota","Ramsey County",4,44,6083,3059,3024
050,27,123,"Minnesota","Ramsey County",4,45,5815,2915,2900
050,27,123,"Minnesota","Ramsey County",4,46,5645,2834,2811
050,27,123,"Minnesota","Ramsey County",4,47,5661,2882,2779
050,27,123,"Minnesota","Ramsey County",4,48,5507,2787,2720
050,27,123,"Minnesota","Ramsey County",4,49,5412,2689,2723
050,27,123,"Minnesota","Ramsey County",4,50,5595,2753,2842
050,27,123,"Minnesota","Ramsey County",4,51,5935,2945,2990
050,27,123,"Minnesota","Ramsey County",4,52,6032,3011,3021
050,27,123,"Minnesota","Ramsey County",4,53,5982,3000,2982
050,27,123,"Minnesota","Ramsey County",4,54,5717,2831,2886
050,27,123,"Minnesota","Ramsey County",4,55,5719,2869,2850
050,27,123,"Minnesota","Ramsey County",4,56,5738,2845,2893
050,27,123,"Minnesota","Ramsey County",4,57,6004,2958,3046
050,27,123,"Minnesota","Ramsey County",4,58,6245,3102,3143
050,27,123,"Minnesota","Ramsey County",4,59,6409,3214,3195
050,27,123,"Minnesota","Ramsey County",4,60,6429,3156,3273
050,27,123,"Minnesota","Ramsey County",4,61,6571,3166,3405
050,27,123,"Minnesota","Ramsey County",4,62,6412,3046,3366
050,27,123,"Minnesota","Ramsey County",4,63,6318,3034,3284
050,27,123,"Minnesota","Ramsey County",4,64,6176,2939,3237
050,27,123,"Minnesota","Ramsey County",4,65,5953,2800,3153
050,27,123,"Minnesota","Ramsey County",4,66,5771,2694,3077
050,27,123,"Minnesota","Ramsey County",4,67,5545,2584,2961
050,27,123,"Minnesota","Ramsey County",4,68,5482,2517,2965
050,27,123,"Minnesota","Ramsey County",4,69,5253,2406,2847
050,27,123,"Minnesota","Ramsey County",4,70,5168,2360,2808
050,27,123,"Minnesota","Ramsey County",4,71,4922,2292,2630
050,27,123,"Minnesota","Ramsey County",4,72,4615,2118,2497
050,27,123,"Minnesota","Ramsey County",4,73,4274,1926,2348
050,27,123,"Minnesota","Ramsey County",4,74,4065,1857,2208
050,27,123,"Minnesota","Ramsey County",4,75,4250,1957,2293
050,27,123,"Minnesota","Ramsey County",4,76,2853,1267,1586
050,27,123,"Minnesota","Ramsey County",4,77,2712,1193,1519
050,27,123,"Minnesota","Ramsey County",4,78,2574,1126,1448
050,27,123,"Minnesota","Ramsey County",4,79,2723,1211,1512
050,27,123,"Minnesota","Ramsey County",4,80,2277,963,1314
050,27,123,"Minnesota","Ramsey County",4,81,1970,831,1139
050,27,123,"Minnesota","Ramsey County",4,82,1800,748,1052
050,27,123,"Minnesota","Ramsey County",4,83,1732,705,1027
050,27,123,"Minnesota","Ramsey County",4,84,1529,597,932
050,27,123,"Minnesota","Ramsey County",4,85,9987,3338,6649
050,27,123,"Minnesota","Ramsey County",5,0,6677,3418,3259
050,27,123,"Minnesota","Ramsey County",5,1,6652,3427,3225
050,27,123,"Minnesota","Ramsey County",5,2,6209,3214,2995
050,27,123,"Minnesota","Ramsey County",5,3,6399,3228,3171
050,27,123,"Minnesota","Ramsey County",5,4,6487,3293,3194
050,27,123,"Minnesota","Ramsey County",5,5,6767,3480,3287
050,27,123,"Minnesota","Ramsey County",5,6,6940,3624,3316
050,27,123,"Minnesota","Ramsey County",5,7,6930,3542,3388
050,27,123,"Minnesota","Ramsey County",5,8,7083,3619,3464
050,27,123,"Minnesota","Ramsey County",5,9,6911,3570,3341
050,27,123,"Minnesota","Ramsey County",5,10,6964,3544,3420
050,27,123,"Minnesota","Ramsey County",5,11,6958,3575,3383
050,27,123,"Minnesota","Ramsey County",5,12,6797,3490,3307
050,27,123,"Minnesota","Ramsey County",5,13,6622,3441,3181
050,27,123,"Minnesota","Ramsey County",5,14,6872,3494,3378
050,27,123,"Minnesota","Ramsey County",5,15,7029,3538,3491
050,27,123,"Minnesota","Ramsey County",5,16,7031,3589,3442
050,27,123,"Minnesota","Ramsey County",5,17,6856,3453,3403
050,27,123,"Minnesota","Ramsey County",5,18,7011,3487,3524
050,27,123,"Minnesota","Ramsey County",5,19,7824,3817,4007
050,27,123,"Minnesota","Ramsey County",5,20,7185,3476,3709
050,27,123,"Minnesota","Ramsey County",5,21,6854,3337,3517
050,27,123,"Minnesota","Ramsey County",5,22,7026,3446,3580
050,27,123,"Minnesota","Ramsey County",5,23,7175,3519,3656
050,27,123,"Minnesota","Ramsey County",5,24,7278,3589,3689
050,27,123,"Minnesota","Ramsey County",5,25,7635,3680,3955
050,27,123,"Minnesota","Ramsey County",5,26,7912,3922,3990
050,27,123,"Minnesota","Ramsey County",5,27,8174,4033,4141
050,27,123,"Minnesota","Ramsey County",5,28,8350,4287,4063
050,27,123,"Minnesota","Ramsey County",5,29,8381,4215,4166
050,27,123,"Minnesota","Ramsey County",5,30,8601,4302,4299
050,27,123,"Minnesota","Ramsey County",5,31,8539,4243,4296
050,27,123,"Minnesota","Ramsey County",5,32,8676,4346,4330
050,27,123,"Minnesota","Ramsey County",5,33,8693,4442,4251
050,27,123,"Minnesota","Ramsey County",5,34,8325,4250,4075
050,27,123,"Minnesota","Ramsey County",5,35,8308,4261,4047
050,27,123,"Minnesota","Ramsey County",5,36,8115,4087,4028
050,27,123,"Minnesota","Ramsey County",5,37,7891,3874,4017
050,27,123,"Minnesota","Ramsey County",5,38,7871,3861,4010
050,27,123,"Minnesota","Ramsey County",5,39,7637,3721,3916
050,27,123,"Minnesota","Ramsey County",5,40,7489,3749,3740
050,27,123,"Minnesota","Ramsey County",5,41,7503,3757,3746
050,27,123,"Minnesota","Ramsey County",5,42,7147,3582,3565
050,27,123,"Minnesota","Ramsey County",5,43,6949,3521,3428
050,27,123,"Minnesota","Ramsey County",5,44,6374,3197,3177
050,27,123,"Minnesota","Ramsey County",5,45,5999,2992,3007
050,27,123,"Minnesota","Ramsey County",5,46,5800,2858,2942
050,27,123,"Minnesota","Ramsey County",5,47,5590,2792,2798
050,27,123,"Minnesota","Ramsey County",5,48,5675,2946,2729
050,27,123,"Minnesota","Ramsey County",5,49,5345,2673,2672
050,27,123,"Minnesota","Ramsey County",5,50,5356,2652,2704
050,27,123,"Minnesota","Ramsey County",5,51,5481,2699,2782
050,27,123,"Minnesota","Ramsey County",5,52,5868,2909,2959
050,27,123,"Minnesota","Ramsey County",5,53,5984,3004,2980
050,27,123,"Minnesota","Ramsey County",5,54,5930,2966,2964
050,27,123,"Minnesota","Ramsey County",5,55,5655,2803,2852
050,27,123,"Minnesota","Ramsey County",5,56,5582,2793,2789
050,27,123,"Minnesota","Ramsey County",5,57,5613,2803,2810
050,27,123,"Minnesota","Ramsey County",5,58,5908,2884,3024
050,27,123,"Minnesota","Ramsey County",5,59,6135,3034,3101
050,27,123,"Minnesota","Ramsey County",5,60,6203,3111,3092
050,27,123,"Minnesota","Ramsey County",5,61,6248,3043,3205
050,27,123,"Minnesota","Ramsey County",5,62,6393,3050,3343
050,27,123,"Minnesota","Ramsey County",5,63,6291,2999,3292
050,27,123,"Minnesota","Ramsey County",5,64,6127,2926,3201
050,27,123,"Minnesota","Ramsey County",5,65,5978,2819,3159
050,27,123,"Minnesota","Ramsey County",5,66,5838,2742,3096
050,27,123,"Minnesota","Ramsey County",5,67,5597,2633,2964
050,27,123,"Minnesota","Ramsey County",5,68,5453,2524,2929
050,27,123,"Minnesota","Ramsey County",5,69,5349,2440,2909
050,27,123,"Minnesota","Ramsey County",5,70,5118,2341,2777
050,27,123,"Minnesota","Ramsey County",5,71,5075,2308,2767
050,27,123,"Minnesota","Ramsey County",5,72,4826,2228,2598
050,27,123,"Minnesota","Ramsey County",5,73,4478,2057,2421
050,27,123,"Minnesota","Ramsey County",5,74,4175,1896,2279
050,27,123,"Minnesota","Ramsey County",5,75,3958,1799,2159
050,27,123,"Minnesota","Ramsey County",5,76,4117,1875,2242
050,27,123,"Minnesota","Ramsey County",5,77,2768,1228,1540
050,27,123,"Minnesota","Ramsey County",5,78,2616,1164,1452
050,27,123,"Minnesota","Ramsey County",5,79,2485,1092,1393
050,27,123,"Minnesota","Ramsey County",5,80,2645,1141,1504
050,27,123,"Minnesota","Ramsey County",5,81,2130,907,1223
050,27,123,"Minnesota","Ramsey County",5,82,1853,762,1091
050,27,123,"Minnesota","Ramsey County",5,83,1754,715,1039
050,27,123,"Minnesota","Ramsey County",5,84,1627,649,978
050,27,123,"Minnesota","Ramsey County",5,85,9945,3334,6611
050,27,125,"Minnesota","Red Lake County",1,0,43,22,21
050,27,125,"Minnesota","Red Lake County",1,1,52,29,23
050,27,125,"Minnesota","Red Lake County",1,2,45,26,19
050,27,125,"Minnesota","Red Lake County",1,3,40,23,17
050,27,125,"Minnesota","Red Lake County",1,4,58,32,26
050,27,125,"Minnesota","Red Lake County",1,5,52,30,22
050,27,125,"Minnesota","Red Lake County",1,6,59,33,26
050,27,125,"Minnesota","Red Lake County",1,7,55,32,23
050,27,125,"Minnesota","Red Lake County",1,8,56,29,27
050,27,125,"Minnesota","Red Lake County",1,9,56,28,28
050,27,125,"Minnesota","Red Lake County",1,10,57,28,29
050,27,125,"Minnesota","Red Lake County",1,11,50,32,18
050,27,125,"Minnesota","Red Lake County",1,12,58,31,27
050,27,125,"Minnesota","Red Lake County",1,13,52,25,27
050,27,125,"Minnesota","Red Lake County",1,14,47,19,28
050,27,125,"Minnesota","Red Lake County",1,15,62,31,31
050,27,125,"Minnesota","Red Lake County",1,16,61,30,31
050,27,125,"Minnesota","Red Lake County",1,17,50,24,26
050,27,125,"Minnesota","Red Lake County",1,18,47,21,26
050,27,125,"Minnesota","Red Lake County",1,19,35,18,17
050,27,125,"Minnesota","Red Lake County",1,20,40,22,18
050,27,125,"Minnesota","Red Lake County",1,21,32,15,17
050,27,125,"Minnesota","Red Lake County",1,22,30,16,14
050,27,125,"Minnesota","Red Lake County",1,23,34,20,14
050,27,125,"Minnesota","Red Lake County",1,24,28,14,14
050,27,125,"Minnesota","Red Lake County",1,25,37,19,18
050,27,125,"Minnesota","Red Lake County",1,26,41,20,21
050,27,125,"Minnesota","Red Lake County",1,27,38,22,16
050,27,125,"Minnesota","Red Lake County",1,28,29,16,13
050,27,125,"Minnesota","Red Lake County",1,29,36,21,15
050,27,125,"Minnesota","Red Lake County",1,30,31,18,13
050,27,125,"Minnesota","Red Lake County",1,31,43,24,19
050,27,125,"Minnesota","Red Lake County",1,32,41,21,20
050,27,125,"Minnesota","Red Lake County",1,33,35,16,19
050,27,125,"Minnesota","Red Lake County",1,34,41,23,18
050,27,125,"Minnesota","Red Lake County",1,35,41,25,16
050,27,125,"Minnesota","Red Lake County",1,36,54,30,24
050,27,125,"Minnesota","Red Lake County",1,37,50,26,24
050,27,125,"Minnesota","Red Lake County",1,38,52,24,28
050,27,125,"Minnesota","Red Lake County",1,39,53,22,31
050,27,125,"Minnesota","Red Lake County",1,40,52,25,27
050,27,125,"Minnesota","Red Lake County",1,41,52,22,30
050,27,125,"Minnesota","Red Lake County",1,42,56,28,28
050,27,125,"Minnesota","Red Lake County",1,43,46,25,21
050,27,125,"Minnesota","Red Lake County",1,44,34,18,16
050,27,125,"Minnesota","Red Lake County",1,45,42,19,23
050,27,125,"Minnesota","Red Lake County",1,46,47,26,21
050,27,125,"Minnesota","Red Lake County",1,47,42,22,20
050,27,125,"Minnesota","Red Lake County",1,48,37,19,18
050,27,125,"Minnesota","Red Lake County",1,49,42,24,18
050,27,125,"Minnesota","Red Lake County",1,50,46,23,23
050,27,125,"Minnesota","Red Lake County",1,51,48,23,25
050,27,125,"Minnesota","Red Lake County",1,52,40,22,18
050,27,125,"Minnesota","Red Lake County",1,53,47,27,20
050,27,125,"Minnesota","Red Lake County",1,54,43,21,22
050,27,125,"Minnesota","Red Lake County",1,55,53,29,24
050,27,125,"Minnesota","Red Lake County",1,56,59,29,30
050,27,125,"Minnesota","Red Lake County",1,57,58,26,32
050,27,125,"Minnesota","Red Lake County",1,58,57,29,28
050,27,125,"Minnesota","Red Lake County",1,59,58,32,26
050,27,125,"Minnesota","Red Lake County",1,60,55,28,27
050,27,125,"Minnesota","Red Lake County",1,61,71,39,32
050,27,125,"Minnesota","Red Lake County",1,62,60,31,29
050,27,125,"Minnesota","Red Lake County",1,63,59,31,28
050,27,125,"Minnesota","Red Lake County",1,64,62,32,30
050,27,125,"Minnesota","Red Lake County",1,65,66,35,31
050,27,125,"Minnesota","Red Lake County",1,66,59,36,23
050,27,125,"Minnesota","Red Lake County",1,67,51,30,21
050,27,125,"Minnesota","Red Lake County",1,68,48,27,21
050,27,125,"Minnesota","Red Lake County",1,69,43,24,19
050,27,125,"Minnesota","Red Lake County",1,70,50,28,22
050,27,125,"Minnesota","Red Lake County",1,71,45,24,21
050,27,125,"Minnesota","Red Lake County",1,72,38,17,21
050,27,125,"Minnesota","Red Lake County",1,73,40,22,18
050,27,125,"Minnesota","Red Lake County",1,74,34,16,18
050,27,125,"Minnesota","Red Lake County",1,75,36,16,20
050,27,125,"Minnesota","Red Lake County",1,76,26,12,14
050,27,125,"Minnesota","Red Lake County",1,77,23,9,14
050,27,125,"Minnesota","Red Lake County",1,78,22,8,14
050,27,125,"Minnesota","Red Lake County",1,79,27,15,12
050,27,125,"Minnesota","Red Lake County",1,80,22,13,9
050,27,125,"Minnesota","Red Lake County",1,81,24,12,12
050,27,125,"Minnesota","Red Lake County",1,82,28,14,14
050,27,125,"Minnesota","Red Lake County",1,83,21,10,11
050,27,125,"Minnesota","Red Lake County",1,84,17,8,9
050,27,125,"Minnesota","Red Lake County",1,85,127,51,76
050,27,125,"Minnesota","Red Lake County",2,0,45,21,24
050,27,125,"Minnesota","Red Lake County",2,1,50,27,23
050,27,125,"Minnesota","Red Lake County",2,2,46,26,20
050,27,125,"Minnesota","Red Lake County",2,3,41,23,18
050,27,125,"Minnesota","Red Lake County",2,4,54,30,24
050,27,125,"Minnesota","Red Lake County",2,5,54,31,23
050,27,125,"Minnesota","Red Lake County",2,6,57,32,25
050,27,125,"Minnesota","Red Lake County",2,7,57,33,24
050,27,125,"Minnesota","Red Lake County",2,8,58,31,27
050,27,125,"Minnesota","Red Lake County",2,9,56,28,28
050,27,125,"Minnesota","Red Lake County",2,10,55,27,28
050,27,125,"Minnesota","Red Lake County",2,11,52,31,21
050,27,125,"Minnesota","Red Lake County",2,12,56,32,24
050,27,125,"Minnesota","Red Lake County",2,13,53,26,27
050,27,125,"Minnesota","Red Lake County",2,14,48,20,28
050,27,125,"Minnesota","Red Lake County",2,15,58,28,30
050,27,125,"Minnesota","Red Lake County",2,16,61,30,31
050,27,125,"Minnesota","Red Lake County",2,17,53,26,27
050,27,125,"Minnesota","Red Lake County",2,18,44,20,24
050,27,125,"Minnesota","Red Lake County",2,19,36,18,18
050,27,125,"Minnesota","Red Lake County",2,20,39,22,17
050,27,125,"Minnesota","Red Lake County",2,21,33,16,17
050,27,125,"Minnesota","Red Lake County",2,22,31,16,15
050,27,125,"Minnesota","Red Lake County",2,23,33,19,14
050,27,125,"Minnesota","Red Lake County",2,24,29,15,14
050,27,125,"Minnesota","Red Lake County",2,25,36,18,18
050,27,125,"Minnesota","Red Lake County",2,26,40,20,20
050,27,125,"Minnesota","Red Lake County",2,27,38,21,17
050,27,125,"Minnesota","Red Lake County",2,28,31,17,14
050,27,125,"Minnesota","Red Lake County",2,29,36,21,15
050,27,125,"Minnesota","Red Lake County",2,30,34,19,15
050,27,125,"Minnesota","Red Lake County",2,31,40,23,17
050,27,125,"Minnesota","Red Lake County",2,32,42,21,21
050,27,125,"Minnesota","Red Lake County",2,33,37,18,19
050,27,125,"Minnesota","Red Lake County",2,34,41,22,19
050,27,125,"Minnesota","Red Lake County",2,35,41,25,16
050,27,125,"Minnesota","Red Lake County",2,36,50,28,22
050,27,125,"Minnesota","Red Lake County",2,37,52,27,25
050,27,125,"Minnesota","Red Lake County",2,38,51,24,27
050,27,125,"Minnesota","Red Lake County",2,39,53,23,30
050,27,125,"Minnesota","Red Lake County",2,40,53,25,28
050,27,125,"Minnesota","Red Lake County",2,41,54,24,30
050,27,125,"Minnesota","Red Lake County",2,42,55,27,28
050,27,125,"Minnesota","Red Lake County",2,43,50,26,24
050,27,125,"Minnesota","Red Lake County",2,44,37,20,17
050,27,125,"Minnesota","Red Lake County",2,45,40,19,21
050,27,125,"Minnesota","Red Lake County",2,46,46,25,21
050,27,125,"Minnesota","Red Lake County",2,47,41,21,20
050,27,125,"Minnesota","Red Lake County",2,48,39,20,19
050,27,125,"Minnesota","Red Lake County",2,49,40,23,17
050,27,125,"Minnesota","Red Lake County",2,50,46,24,22
050,27,125,"Minnesota","Red Lake County",2,51,47,22,25
050,27,125,"Minnesota","Red Lake County",2,52,41,22,19
050,27,125,"Minnesota","Red Lake County",2,53,44,25,19
050,27,125,"Minnesota","Red Lake County",2,54,42,22,20
050,27,125,"Minnesota","Red Lake County",2,55,50,27,23
050,27,125,"Minnesota","Red Lake County",2,56,57,28,29
050,27,125,"Minnesota","Red Lake County",2,57,57,26,31
050,27,125,"Minnesota","Red Lake County",2,58,57,28,29
050,27,125,"Minnesota","Red Lake County",2,59,59,32,27
050,27,125,"Minnesota","Red Lake County",2,60,56,29,27
050,27,125,"Minnesota","Red Lake County",2,61,66,36,30
050,27,125,"Minnesota","Red Lake County",2,62,62,33,29
050,27,125,"Minnesota","Red Lake County",2,63,60,31,29
050,27,125,"Minnesota","Red Lake County",2,64,60,31,29
050,27,125,"Minnesota","Red Lake County",2,65,66,35,31
050,27,125,"Minnesota","Red Lake County",2,66,61,36,25
050,27,125,"Minnesota","Red Lake County",2,67,53,32,21
050,27,125,"Minnesota","Red Lake County",2,68,50,29,21
050,27,125,"Minnesota","Red Lake County",2,69,44,24,20
050,27,125,"Minnesota","Red Lake County",2,70,48,27,21
050,27,125,"Minnesota","Red Lake County",2,71,46,25,21
050,27,125,"Minnesota","Red Lake County",2,72,41,19,22
050,27,125,"Minnesota","Red Lake County",2,73,42,22,20
050,27,125,"Minnesota","Red Lake County",2,74,32,15,17
050,27,125,"Minnesota","Red Lake County",2,75,34,16,18
050,27,125,"Minnesota","Red Lake County",2,76,28,13,15
050,27,125,"Minnesota","Red Lake County",2,77,24,10,14
050,27,125,"Minnesota","Red Lake County",2,78,22,8,14
050,27,125,"Minnesota","Red Lake County",2,79,25,13,12
050,27,125,"Minnesota","Red Lake County",2,80,23,13,10
050,27,125,"Minnesota","Red Lake County",2,81,23,12,11
050,27,125,"Minnesota","Red Lake County",2,82,28,14,14
050,27,125,"Minnesota","Red Lake County",2,83,22,11,11
050,27,125,"Minnesota","Red Lake County",2,84,18,8,10
050,27,125,"Minnesota","Red Lake County",2,85,128,52,76
050,27,125,"Minnesota","Red Lake County",3,0,53,24,29
050,27,125,"Minnesota","Red Lake County",3,1,58,25,33
050,27,125,"Minnesota","Red Lake County",3,2,47,24,23
050,27,125,"Minnesota","Red Lake County",3,3,43,25,18
050,27,125,"Minnesota","Red Lake County",3,4,40,23,17
050,27,125,"Minnesota","Red Lake County",3,5,55,29,26
050,27,125,"Minnesota","Red Lake County",3,6,51,31,20
050,27,125,"Minnesota","Red Lake County",3,7,61,33,28
050,27,125,"Minnesota","Red Lake County",3,8,56,33,23
050,27,125,"Minnesota","Red Lake County",3,9,56,33,23
050,27,125,"Minnesota","Red Lake County",3,10,51,26,25
050,27,125,"Minnesota","Red Lake County",3,11,55,29,26
050,27,125,"Minnesota","Red Lake County",3,12,56,32,24
050,27,125,"Minnesota","Red Lake County",3,13,61,34,27
050,27,125,"Minnesota","Red Lake County",3,14,56,29,27
050,27,125,"Minnesota","Red Lake County",3,15,44,18,26
050,27,125,"Minnesota","Red Lake County",3,16,56,28,28
050,27,125,"Minnesota","Red Lake County",3,17,61,29,32
050,27,125,"Minnesota","Red Lake County",3,18,45,22,23
050,27,125,"Minnesota","Red Lake County",3,19,32,15,17
050,27,125,"Minnesota","Red Lake County",3,20,38,19,19
050,27,125,"Minnesota","Red Lake County",3,21,40,23,17
050,27,125,"Minnesota","Red Lake County",3,22,32,13,19
050,27,125,"Minnesota","Red Lake County",3,23,33,19,14
050,27,125,"Minnesota","Red Lake County",3,24,36,18,18
050,27,125,"Minnesota","Red Lake County",3,25,34,16,18
050,27,125,"Minnesota","Red Lake County",3,26,35,17,18
050,27,125,"Minnesota","Red Lake County",3,27,40,19,21
050,27,125,"Minnesota","Red Lake County",3,28,34,17,17
050,27,125,"Minnesota","Red Lake County",3,29,29,16,13
050,27,125,"Minnesota","Red Lake County",3,30,40,25,15
050,27,125,"Minnesota","Red Lake County",3,31,33,19,14
050,27,125,"Minnesota","Red Lake County",3,32,38,22,16
050,27,125,"Minnesota","Red Lake County",3,33,43,23,20
050,27,125,"Minnesota","Red Lake County",3,34,37,19,18
050,27,125,"Minnesota","Red Lake County",3,35,40,21,19
050,27,125,"Minnesota","Red Lake County",3,36,42,24,18
050,27,125,"Minnesota","Red Lake County",3,37,48,28,20
050,27,125,"Minnesota","Red Lake County",3,38,51,26,25
050,27,125,"Minnesota","Red Lake County",3,39,49,23,26
050,27,125,"Minnesota","Red Lake County",3,40,53,23,30
050,27,125,"Minnesota","Red Lake County",3,41,53,27,26
050,27,125,"Minnesota","Red Lake County",3,42,56,25,31
050,27,125,"Minnesota","Red Lake County",3,43,55,26,29
050,27,125,"Minnesota","Red Lake County",3,44,51,27,24
050,27,125,"Minnesota","Red Lake County",3,45,37,20,17
050,27,125,"Minnesota","Red Lake County",3,46,42,21,21
050,27,125,"Minnesota","Red Lake County",3,47,45,24,21
050,27,125,"Minnesota","Red Lake County",3,48,43,21,22
050,27,125,"Minnesota","Red Lake County",3,49,40,21,19
050,27,125,"Minnesota","Red Lake County",3,50,43,25,18
050,27,125,"Minnesota","Red Lake County",3,51,44,23,21
050,27,125,"Minnesota","Red Lake County",3,52,52,26,26
050,27,125,"Minnesota","Red Lake County",3,53,41,21,20
050,27,125,"Minnesota","Red Lake County",3,54,44,26,18
050,27,125,"Minnesota","Red Lake County",3,55,44,24,20
050,27,125,"Minnesota","Red Lake County",3,56,48,24,24
050,27,125,"Minnesota","Red Lake County",3,57,56,29,27
050,27,125,"Minnesota","Red Lake County",3,58,53,23,30
050,27,125,"Minnesota","Red Lake County",3,59,54,28,26
050,27,125,"Minnesota","Red Lake County",3,60,60,32,28
050,27,125,"Minnesota","Red Lake County",3,61,53,26,27
050,27,125,"Minnesota","Red Lake County",3,62,64,36,28
050,27,125,"Minnesota","Red Lake County",3,63,62,33,29
050,27,125,"Minnesota","Red Lake County",3,64,63,34,29
050,27,125,"Minnesota","Red Lake County",3,65,60,31,29
050,27,125,"Minnesota","Red Lake County",3,66,66,37,29
050,27,125,"Minnesota","Red Lake County",3,67,61,36,25
050,27,125,"Minnesota","Red Lake County",3,68,53,31,22
050,27,125,"Minnesota","Red Lake County",3,69,47,26,21
050,27,125,"Minnesota","Red Lake County",3,70,45,24,21
050,27,125,"Minnesota","Red Lake County",3,71,47,25,22
050,27,125,"Minnesota","Red Lake County",3,72,46,25,21
050,27,125,"Minnesota","Red Lake County",3,73,39,17,22
050,27,125,"Minnesota","Red Lake County",3,74,40,21,19
050,27,125,"Minnesota","Red Lake County",3,75,30,14,16
050,27,125,"Minnesota","Red Lake County",3,76,33,16,17
050,27,125,"Minnesota","Red Lake County",3,77,28,12,16
050,27,125,"Minnesota","Red Lake County",3,78,24,10,14
050,27,125,"Minnesota","Red Lake County",3,79,22,8,14
050,27,125,"Minnesota","Red Lake County",3,80,25,13,12
050,27,125,"Minnesota","Red Lake County",3,81,22,12,10
050,27,125,"Minnesota","Red Lake County",3,82,21,12,9
050,27,125,"Minnesota","Red Lake County",3,83,29,15,14
050,27,125,"Minnesota","Red Lake County",3,84,19,10,9
050,27,125,"Minnesota","Red Lake County",3,85,123,51,72
050,27,125,"Minnesota","Red Lake County",4,0,51,28,23
050,27,125,"Minnesota","Red Lake County",4,1,55,30,25
050,27,125,"Minnesota","Red Lake County",4,2,57,27,30
050,27,125,"Minnesota","Red Lake County",4,3,46,20,26
050,27,125,"Minnesota","Red Lake County",4,4,46,27,19
050,27,125,"Minnesota","Red Lake County",4,5,38,20,18
050,27,125,"Minnesota","Red Lake County",4,6,53,30,23
050,27,125,"Minnesota","Red Lake County",4,7,53,31,22
050,27,125,"Minnesota","Red Lake County",4,8,54,30,24
050,27,125,"Minnesota","Red Lake County",4,9,55,31,24
050,27,125,"Minnesota","Red Lake County",4,10,51,32,19
050,27,125,"Minnesota","Red Lake County",4,11,50,26,24
050,27,125,"Minnesota","Red Lake County",4,12,51,28,23
050,27,125,"Minnesota","Red Lake County",4,13,55,31,24
050,27,125,"Minnesota","Red Lake County",4,14,57,30,27
050,27,125,"Minnesota","Red Lake County",4,15,53,28,25
050,27,125,"Minnesota","Red Lake County",4,16,45,19,26
050,27,125,"Minnesota","Red Lake County",4,17,57,29,28
050,27,125,"Minnesota","Red Lake County",4,18,51,23,28
050,27,125,"Minnesota","Red Lake County",4,19,35,16,19
050,27,125,"Minnesota","Red Lake County",4,20,31,11,20
050,27,125,"Minnesota","Red Lake County",4,21,43,23,20
050,27,125,"Minnesota","Red Lake County",4,22,42,24,18
050,27,125,"Minnesota","Red Lake County",4,23,32,16,16
050,27,125,"Minnesota","Red Lake County",4,24,34,23,11
050,27,125,"Minnesota","Red Lake County",4,25,39,22,17
050,27,125,"Minnesota","Red Lake County",4,26,37,17,20
050,27,125,"Minnesota","Red Lake County",4,27,34,15,19
050,27,125,"Minnesota","Red Lake County",4,28,36,16,20
050,27,125,"Minnesota","Red Lake County",4,29,33,18,15
050,27,125,"Minnesota","Red Lake County",4,30,27,13,14
050,27,125,"Minnesota","Red Lake County",4,31,39,27,12
050,27,125,"Minnesota","Red Lake County",4,32,35,20,15
050,27,125,"Minnesota","Red Lake County",4,33,36,21,15
050,27,125,"Minnesota","Red Lake County",4,34,39,21,18
050,27,125,"Minnesota","Red Lake County",4,35,38,20,18
050,27,125,"Minnesota","Red Lake County",4,36,42,22,20
050,27,125,"Minnesota","Red Lake County",4,37,41,24,17
050,27,125,"Minnesota","Red Lake County",4,38,49,28,21
050,27,125,"Minnesota","Red Lake County",4,39,50,26,24
050,27,125,"Minnesota","Red Lake County",4,40,51,24,27
050,27,125,"Minnesota","Red Lake County",4,41,53,23,30
050,27,125,"Minnesota","Red Lake County",4,42,53,27,26
050,27,125,"Minnesota","Red Lake County",4,43,59,28,31
050,27,125,"Minnesota","Red Lake County",4,44,54,24,30
050,27,125,"Minnesota","Red Lake County",4,45,45,23,22
050,27,125,"Minnesota","Red Lake County",4,46,37,20,17
050,27,125,"Minnesota","Red Lake County",4,47,41,19,22
050,27,125,"Minnesota","Red Lake County",4,48,45,24,21
050,27,125,"Minnesota","Red Lake County",4,49,45,20,25
050,27,125,"Minnesota","Red Lake County",4,50,38,21,17
050,27,125,"Minnesota","Red Lake County",4,51,39,21,18
050,27,125,"Minnesota","Red Lake County",4,52,42,22,20
050,27,125,"Minnesota","Red Lake County",4,53,50,26,24
050,27,125,"Minnesota","Red Lake County",4,54,39,20,19
050,27,125,"Minnesota","Red Lake County",4,55,44,28,16
050,27,125,"Minnesota","Red Lake County",4,56,42,23,19
050,27,125,"Minnesota","Red Lake County",4,57,48,24,24
050,27,125,"Minnesota","Red Lake County",4,58,56,29,27
050,27,125,"Minnesota","Red Lake County",4,59,49,23,26
050,27,125,"Minnesota","Red Lake County",4,60,51,24,27
050,27,125,"Minnesota","Red Lake County",4,61,60,32,28
050,27,125,"Minnesota","Red Lake County",4,62,52,25,27
050,27,125,"Minnesota","Red Lake County",4,63,61,35,26
050,27,125,"Minnesota","Red Lake County",4,64,62,33,29
050,27,125,"Minnesota","Red Lake County",4,65,58,30,28
050,27,125,"Minnesota","Red Lake County",4,66,62,31,31
050,27,125,"Minnesota","Red Lake County",4,67,66,35,31
050,27,125,"Minnesota","Red Lake County",4,68,59,34,25
050,27,125,"Minnesota","Red Lake County",4,69,54,30,24
050,27,125,"Minnesota","Red Lake County",4,70,44,22,22
050,27,125,"Minnesota","Red Lake County",4,71,43,22,21
050,27,125,"Minnesota","Red Lake County",4,72,44,24,20
050,27,125,"Minnesota","Red Lake County",4,73,44,24,20
050,27,125,"Minnesota","Red Lake County",4,74,37,16,21
050,27,125,"Minnesota","Red Lake County",4,75,39,20,19
050,27,125,"Minnesota","Red Lake County",4,76,29,14,15
050,27,125,"Minnesota","Red Lake County",4,77,30,12,18
050,27,125,"Minnesota","Red Lake County",4,78,27,12,15
050,27,125,"Minnesota","Red Lake County",4,79,23,10,13
050,27,125,"Minnesota","Red Lake County",4,80,19,6,13
050,27,125,"Minnesota","Red Lake County",4,81,24,11,13
050,27,125,"Minnesota","Red Lake County",4,82,20,12,8
050,27,125,"Minnesota","Red Lake County",4,83,21,13,8
050,27,125,"Minnesota","Red Lake County",4,84,29,16,13
050,27,125,"Minnesota","Red Lake County",4,85,123,52,71
050,27,125,"Minnesota","Red Lake County",5,0,46,25,21
050,27,125,"Minnesota","Red Lake County",5,1,53,28,25
050,27,125,"Minnesota","Red Lake County",5,2,55,30,25
050,27,125,"Minnesota","Red Lake County",5,3,60,27,33
050,27,125,"Minnesota","Red Lake County",5,4,43,20,23
050,27,125,"Minnesota","Red Lake County",5,5,46,26,20
050,27,125,"Minnesota","Red Lake County",5,6,39,19,20
050,27,125,"Minnesota","Red Lake County",5,7,52,27,25
050,27,125,"Minnesota","Red Lake County",5,8,53,29,24
050,27,125,"Minnesota","Red Lake County",5,9,59,32,27
050,27,125,"Minnesota","Red Lake County",5,10,56,32,24
050,27,125,"Minnesota","Red Lake County",5,11,53,33,20
050,27,125,"Minnesota","Red Lake County",5,12,50,26,24
050,27,125,"Minnesota","Red Lake County",5,13,56,27,29
050,27,125,"Minnesota","Red Lake County",5,14,56,32,24
050,27,125,"Minnesota","Red Lake County",5,15,60,32,28
050,27,125,"Minnesota","Red Lake County",5,16,54,26,28
050,27,125,"Minnesota","Red Lake County",5,17,47,20,27
050,27,125,"Minnesota","Red Lake County",5,18,48,25,23
050,27,125,"Minnesota","Red Lake County",5,19,39,18,21
050,27,125,"Minnesota","Red Lake County",5,20,39,17,22
050,27,125,"Minnesota","Red Lake County",5,21,36,13,23
050,27,125,"Minnesota","Red Lake County",5,22,38,22,16
050,27,125,"Minnesota","Red Lake County",5,23,45,26,19
050,27,125,"Minnesota","Red Lake County",5,24,31,17,14
050,27,125,"Minnesota","Red Lake County",5,25,37,21,16
050,27,125,"Minnesota","Red Lake County",5,26,34,19,15
050,27,125,"Minnesota","Red Lake County",5,27,37,17,20
050,27,125,"Minnesota","Red Lake County",5,28,40,19,21
050,27,125,"Minnesota","Red Lake County",5,29,44,21,23
050,27,125,"Minnesota","Red Lake County",5,30,35,22,13
050,27,125,"Minnesota","Red Lake County",5,31,33,18,15
050,27,125,"Minnesota","Red Lake County",5,32,37,24,13
050,27,125,"Minnesota","Red Lake County",5,33,34,19,15
050,27,125,"Minnesota","Red Lake County",5,34,39,20,19
050,27,125,"Minnesota","Red Lake County",5,35,40,23,17
050,27,125,"Minnesota","Red Lake County",5,36,39,21,18
050,27,125,"Minnesota","Red Lake County",5,37,44,22,22
050,27,125,"Minnesota","Red Lake County",5,38,38,21,17
050,27,125,"Minnesota","Red Lake County",5,39,47,27,20
050,27,125,"Minnesota","Red Lake County",5,40,49,25,24
050,27,125,"Minnesota","Red Lake County",5,41,50,23,27
050,27,125,"Minnesota","Red Lake County",5,42,52,24,28
050,27,125,"Minnesota","Red Lake County",5,43,56,26,30
050,27,125,"Minnesota","Red Lake County",5,44,60,29,31
050,27,125,"Minnesota","Red Lake County",5,45,53,23,30
050,27,125,"Minnesota","Red Lake County",5,46,46,24,22
050,27,125,"Minnesota","Red Lake County",5,47,35,18,17
050,27,125,"Minnesota","Red Lake County",5,48,46,24,22
050,27,125,"Minnesota","Red Lake County",5,49,43,23,20
050,27,125,"Minnesota","Red Lake County",5,50,45,20,25
050,27,125,"Minnesota","Red Lake County",5,51,38,21,17
050,27,125,"Minnesota","Red Lake County",5,52,40,22,18
050,27,125,"Minnesota","Red Lake County",5,53,42,22,20
050,27,125,"Minnesota","Red Lake County",5,54,46,25,21
050,27,125,"Minnesota","Red Lake County",5,55,37,20,17
050,27,125,"Minnesota","Red Lake County",5,56,43,27,16
050,27,125,"Minnesota","Red Lake County",5,57,42,23,19
050,27,125,"Minnesota","Red Lake County",5,58,48,23,25
050,27,125,"Minnesota","Red Lake County",5,59,57,30,27
050,27,125,"Minnesota","Red Lake County",5,60,51,24,27
050,27,125,"Minnesota","Red Lake County",5,61,50,24,26
050,27,125,"Minnesota","Red Lake County",5,62,59,31,28
050,27,125,"Minnesota","Red Lake County",5,63,53,25,28
050,27,125,"Minnesota","Red Lake County",5,64,61,35,26
050,27,125,"Minnesota","Red Lake County",5,65,61,33,28
050,27,125,"Minnesota","Red Lake County",5,66,60,32,28
050,27,125,"Minnesota","Red Lake County",5,67,62,31,31
050,27,125,"Minnesota","Red Lake County",5,68,65,34,31
050,27,125,"Minnesota","Red Lake County",5,69,59,33,26
050,27,125,"Minnesota","Red Lake County",5,70,48,25,23
050,27,125,"Minnesota","Red Lake County",5,71,41,20,21
050,27,125,"Minnesota","Red Lake County",5,72,44,23,21
050,27,125,"Minnesota","Red Lake County",5,73,44,23,21
050,27,125,"Minnesota","Red Lake County",5,74,41,22,19
050,27,125,"Minnesota","Red Lake County",5,75,38,16,22
050,27,125,"Minnesota","Red Lake County",5,76,37,19,18
050,27,125,"Minnesota","Red Lake County",5,77,28,12,16
050,27,125,"Minnesota","Red Lake County",5,78,31,13,18
050,27,125,"Minnesota","Red Lake County",5,79,27,12,15
050,27,125,"Minnesota","Red Lake County",5,80,19,8,11
050,27,125,"Minnesota","Red Lake County",5,81,18,6,12
050,27,125,"Minnesota","Red Lake County",5,82,22,11,11
050,27,125,"Minnesota","Red Lake County",5,83,20,13,7
050,27,125,"Minnesota","Red Lake County",5,84,19,13,6
050,27,125,"Minnesota","Red Lake County",5,85,133,61,72
050,27,127,"Minnesota","Redwood County",1,0,195,98,97
050,27,127,"Minnesota","Redwood County",1,1,193,91,102
050,27,127,"Minnesota","Redwood County",1,2,207,104,103
050,27,127,"Minnesota","Redwood County",1,3,209,125,84
050,27,127,"Minnesota","Redwood County",1,4,211,113,98
050,27,127,"Minnesota","Redwood County",1,5,189,94,95
050,27,127,"Minnesota","Redwood County",1,6,212,110,102
050,27,127,"Minnesota","Redwood County",1,7,208,103,105
050,27,127,"Minnesota","Redwood County",1,8,205,106,99
050,27,127,"Minnesota","Redwood County",1,9,201,91,110
050,27,127,"Minnesota","Redwood County",1,10,230,115,115
050,27,127,"Minnesota","Redwood County",1,11,220,109,111
050,27,127,"Minnesota","Redwood County",1,12,232,125,107
050,27,127,"Minnesota","Redwood County",1,13,253,136,117
050,27,127,"Minnesota","Redwood County",1,14,228,111,117
050,27,127,"Minnesota","Redwood County",1,15,232,119,113
050,27,127,"Minnesota","Redwood County",1,16,233,124,109
050,27,127,"Minnesota","Redwood County",1,17,245,132,113
050,27,127,"Minnesota","Redwood County",1,18,181,104,77
050,27,127,"Minnesota","Redwood County",1,19,134,74,60
050,27,127,"Minnesota","Redwood County",1,20,158,85,73
050,27,127,"Minnesota","Redwood County",1,21,137,76,61
050,27,127,"Minnesota","Redwood County",1,22,169,86,83
050,27,127,"Minnesota","Redwood County",1,23,163,76,87
050,27,127,"Minnesota","Redwood County",1,24,153,73,80
050,27,127,"Minnesota","Redwood County",1,25,155,69,86
050,27,127,"Minnesota","Redwood County",1,26,161,80,81
050,27,127,"Minnesota","Redwood County",1,27,191,88,103
050,27,127,"Minnesota","Redwood County",1,28,171,92,79
050,27,127,"Minnesota","Redwood County",1,29,170,89,81
050,27,127,"Minnesota","Redwood County",1,30,158,74,84
050,27,127,"Minnesota","Redwood County",1,31,151,77,74
050,27,127,"Minnesota","Redwood County",1,32,161,83,78
050,27,127,"Minnesota","Redwood County",1,33,154,76,78
050,27,127,"Minnesota","Redwood County",1,34,174,86,88
050,27,127,"Minnesota","Redwood County",1,35,186,101,85
050,27,127,"Minnesota","Redwood County",1,36,182,101,81
050,27,127,"Minnesota","Redwood County",1,37,194,104,90
050,27,127,"Minnesota","Redwood County",1,38,196,106,90
050,27,127,"Minnesota","Redwood County",1,39,168,88,80
050,27,127,"Minnesota","Redwood County",1,40,172,84,88
050,27,127,"Minnesota","Redwood County",1,41,172,84,88
050,27,127,"Minnesota","Redwood County",1,42,171,84,87
050,27,127,"Minnesota","Redwood County",1,43,142,81,61
050,27,127,"Minnesota","Redwood County",1,44,145,78,67
050,27,127,"Minnesota","Redwood County",1,45,149,68,81
050,27,127,"Minnesota","Redwood County",1,46,146,70,76
050,27,127,"Minnesota","Redwood County",1,47,157,81,76
050,27,127,"Minnesota","Redwood County",1,48,164,76,88
050,27,127,"Minnesota","Redwood County",1,49,161,80,81
050,27,127,"Minnesota","Redwood County",1,50,165,91,74
050,27,127,"Minnesota","Redwood County",1,51,178,102,76
050,27,127,"Minnesota","Redwood County",1,52,193,106,87
050,27,127,"Minnesota","Redwood County",1,53,176,97,79
050,27,127,"Minnesota","Redwood County",1,54,185,102,83
050,27,127,"Minnesota","Redwood County",1,55,197,108,89
050,27,127,"Minnesota","Redwood County",1,56,199,97,102
050,27,127,"Minnesota","Redwood County",1,57,208,98,110
050,27,127,"Minnesota","Redwood County",1,58,228,107,121
050,27,127,"Minnesota","Redwood County",1,59,234,121,113
050,27,127,"Minnesota","Redwood County",1,60,225,122,103
050,27,127,"Minnesota","Redwood County",1,61,214,110,104
050,27,127,"Minnesota","Redwood County",1,62,227,124,103
050,27,127,"Minnesota","Redwood County",1,63,219,116,103
050,27,127,"Minnesota","Redwood County",1,64,210,112,98
050,27,127,"Minnesota","Redwood County",1,65,203,104,99
050,27,127,"Minnesota","Redwood County",1,66,196,95,101
050,27,127,"Minnesota","Redwood County",1,67,186,92,94
050,27,127,"Minnesota","Redwood County",1,68,186,98,88
050,27,127,"Minnesota","Redwood County",1,69,188,95,93
050,27,127,"Minnesota","Redwood County",1,70,174,87,87
050,27,127,"Minnesota","Redwood County",1,71,167,79,88
050,27,127,"Minnesota","Redwood County",1,72,161,76,85
050,27,127,"Minnesota","Redwood County",1,73,156,69,87
050,27,127,"Minnesota","Redwood County",1,74,114,48,66
050,27,127,"Minnesota","Redwood County",1,75,112,49,63
050,27,127,"Minnesota","Redwood County",1,76,117,56,61
050,27,127,"Minnesota","Redwood County",1,77,104,53,51
050,27,127,"Minnesota","Redwood County",1,78,102,51,51
050,27,127,"Minnesota","Redwood County",1,79,111,55,56
050,27,127,"Minnesota","Redwood County",1,80,108,49,59
050,27,127,"Minnesota","Redwood County",1,81,102,50,52
050,27,127,"Minnesota","Redwood County",1,82,93,48,45
050,27,127,"Minnesota","Redwood County",1,83,66,29,37
050,27,127,"Minnesota","Redwood County",1,84,74,40,34
050,27,127,"Minnesota","Redwood County",1,85,500,167,333
050,27,127,"Minnesota","Redwood County",2,0,205,106,99
050,27,127,"Minnesota","Redwood County",2,1,193,92,101
050,27,127,"Minnesota","Redwood County",2,2,203,102,101
050,27,127,"Minnesota","Redwood County",2,3,208,119,89
050,27,127,"Minnesota","Redwood County",2,4,208,114,94
050,27,127,"Minnesota","Redwood County",2,5,197,100,97
050,27,127,"Minnesota","Redwood County",2,6,207,106,101
050,27,127,"Minnesota","Redwood County",2,7,209,106,103
050,27,127,"Minnesota","Redwood County",2,8,204,104,100
050,27,127,"Minnesota","Redwood County",2,9,202,93,109
050,27,127,"Minnesota","Redwood County",2,10,221,109,112
050,27,127,"Minnesota","Redwood County",2,11,220,109,111
050,27,127,"Minnesota","Redwood County",2,12,231,122,109
050,27,127,"Minnesota","Redwood County",2,13,248,134,114
050,27,127,"Minnesota","Redwood County",2,14,232,116,116
050,27,127,"Minnesota","Redwood County",2,15,232,117,115
050,27,127,"Minnesota","Redwood County",2,16,231,121,110
050,27,127,"Minnesota","Redwood County",2,17,241,129,112
050,27,127,"Minnesota","Redwood County",2,18,185,104,81
050,27,127,"Minnesota","Redwood County",2,19,141,79,62
050,27,127,"Minnesota","Redwood County",2,20,153,83,70
050,27,127,"Minnesota","Redwood County",2,21,142,77,65
050,27,127,"Minnesota","Redwood County",2,22,164,85,79
050,27,127,"Minnesota","Redwood County",2,23,164,77,87
050,27,127,"Minnesota","Redwood County",2,24,157,74,83
050,27,127,"Minnesota","Redwood County",2,25,157,71,86
050,27,127,"Minnesota","Redwood County",2,26,161,78,83
050,27,127,"Minnesota","Redwood County",2,27,184,86,98
050,27,127,"Minnesota","Redwood County",2,28,175,90,85
050,27,127,"Minnesota","Redwood County",2,29,172,89,83
050,27,127,"Minnesota","Redwood County",2,30,166,80,86
050,27,127,"Minnesota","Redwood County",2,31,153,76,77
050,27,127,"Minnesota","Redwood County",2,32,158,82,76
050,27,127,"Minnesota","Redwood County",2,33,156,78,78
050,27,127,"Minnesota","Redwood County",2,34,170,84,86
050,27,127,"Minnesota","Redwood County",2,35,184,98,86
050,27,127,"Minnesota","Redwood County",2,36,181,101,80
050,27,127,"Minnesota","Redwood County",2,37,192,103,89
050,27,127,"Minnesota","Redwood County",2,38,198,107,91
050,27,127,"Minnesota","Redwood County",2,39,175,93,82
050,27,127,"Minnesota","Redwood County",2,40,173,85,88
050,27,127,"Minnesota","Redwood County",2,41,172,83,89
050,27,127,"Minnesota","Redwood County",2,42,168,83,85
050,27,127,"Minnesota","Redwood County",2,43,151,83,68
050,27,127,"Minnesota","Redwood County",2,44,142,77,65
050,27,127,"Minnesota","Redwood County",2,45,149,71,78
050,27,127,"Minnesota","Redwood County",2,46,145,69,76
050,27,127,"Minnesota","Redwood County",2,47,151,77,74
050,27,127,"Minnesota","Redwood County",2,48,161,77,84
050,27,127,"Minnesota","Redwood County",2,49,161,78,83
050,27,127,"Minnesota","Redwood County",2,50,165,89,76
050,27,127,"Minnesota","Redwood County",2,51,174,99,75
050,27,127,"Minnesota","Redwood County",2,52,189,105,84
050,27,127,"Minnesota","Redwood County",2,53,178,99,79
050,27,127,"Minnesota","Redwood County",2,54,181,100,81
050,27,127,"Minnesota","Redwood County",2,55,192,106,86
050,27,127,"Minnesota","Redwood County",2,56,201,101,100
050,27,127,"Minnesota","Redwood County",2,57,205,99,106
050,27,127,"Minnesota","Redwood County",2,58,220,103,117
050,27,127,"Minnesota","Redwood County",2,59,233,118,115
050,27,127,"Minnesota","Redwood County",2,60,226,121,105
050,27,127,"Minnesota","Redwood County",2,61,213,110,103
050,27,127,"Minnesota","Redwood County",2,62,226,121,105
050,27,127,"Minnesota","Redwood County",2,63,222,118,104
050,27,127,"Minnesota","Redwood County",2,64,210,111,99
050,27,127,"Minnesota","Redwood County",2,65,203,105,98
050,27,127,"Minnesota","Redwood County",2,66,198,96,102
050,27,127,"Minnesota","Redwood County",2,67,187,93,94
050,27,127,"Minnesota","Redwood County",2,68,186,97,89
050,27,127,"Minnesota","Redwood County",2,69,188,95,93
050,27,127,"Minnesota","Redwood County",2,70,176,88,88
050,27,127,"Minnesota","Redwood County",2,71,170,81,89
050,27,127,"Minnesota","Redwood County",2,72,157,76,81
050,27,127,"Minnesota","Redwood County",2,73,164,73,91
050,27,127,"Minnesota","Redwood County",2,74,116,50,66
050,27,127,"Minnesota","Redwood County",2,75,109,46,63
050,27,127,"Minnesota","Redwood County",2,76,115,55,60
050,27,127,"Minnesota","Redwood County",2,77,109,55,54
050,27,127,"Minnesota","Redwood County",2,78,98,49,49
050,27,127,"Minnesota","Redwood County",2,79,108,54,54
050,27,127,"Minnesota","Redwood County",2,80,107,49,58
050,27,127,"Minnesota","Redwood County",2,81,101,48,53
050,27,127,"Minnesota","Redwood County",2,82,96,49,47
050,27,127,"Minnesota","Redwood County",2,83,69,32,37
050,27,127,"Minnesota","Redwood County",2,84,69,36,33
050,27,127,"Minnesota","Redwood County",2,85,504,170,334
050,27,127,"Minnesota","Redwood County",3,0,185,93,92
050,27,127,"Minnesota","Redwood County",3,1,208,105,103
050,27,127,"Minnesota","Redwood County",3,2,194,89,105
050,27,127,"Minnesota","Redwood County",3,3,202,99,103
050,27,127,"Minnesota","Redwood County",3,4,211,120,91
050,27,127,"Minnesota","Redwood County",3,5,217,109,108
050,27,127,"Minnesota","Redwood County",3,6,198,101,97
050,27,127,"Minnesota","Redwood County",3,7,214,108,106
050,27,127,"Minnesota","Redwood County",3,8,207,106,101
050,27,127,"Minnesota","Redwood County",3,9,206,103,103
050,27,127,"Minnesota","Redwood County",3,10,220,105,115
050,27,127,"Minnesota","Redwood County",3,11,207,102,105
050,27,127,"Minnesota","Redwood County",3,12,224,110,114
050,27,127,"Minnesota","Redwood County",3,13,234,120,114
050,27,127,"Minnesota","Redwood County",3,14,252,133,119
050,27,127,"Minnesota","Redwood County",3,15,227,117,110
050,27,127,"Minnesota","Redwood County",3,16,227,112,115
050,27,127,"Minnesota","Redwood County",3,17,239,126,113
050,27,127,"Minnesota","Redwood County",3,18,210,118,92
050,27,127,"Minnesota","Redwood County",3,19,151,85,66
050,27,127,"Minnesota","Redwood County",3,20,151,80,71
050,27,127,"Minnesota","Redwood County",3,21,155,83,72
050,27,127,"Minnesota","Redwood County",3,22,176,92,84
050,27,127,"Minnesota","Redwood County",3,23,159,86,73
050,27,127,"Minnesota","Redwood County",3,24,155,77,78
050,27,127,"Minnesota","Redwood County",3,25,156,81,75
050,27,127,"Minnesota","Redwood County",3,26,166,76,90
050,27,127,"Minnesota","Redwood County",3,27,155,80,75
050,27,127,"Minnesota","Redwood County",3,28,182,88,94
050,27,127,"Minnesota","Redwood County",3,29,171,88,83
050,27,127,"Minnesota","Redwood County",3,30,177,89,88
050,27,127,"Minnesota","Redwood County",3,31,165,78,87
050,27,127,"Minnesota","Redwood County",3,32,155,76,79
050,27,127,"Minnesota","Redwood County",3,33,160,80,80
050,27,127,"Minnesota","Redwood County",3,34,151,75,76
050,27,127,"Minnesota","Redwood County",3,35,174,87,87
050,27,127,"Minnesota","Redwood County",3,36,193,105,88
050,27,127,"Minnesota","Redwood County",3,37,183,100,83
050,27,127,"Minnesota","Redwood County",3,38,189,98,91
050,27,127,"Minnesota","Redwood County",3,39,195,103,92
050,27,127,"Minnesota","Redwood County",3,40,174,97,77
050,27,127,"Minnesota","Redwood County",3,41,172,84,88
050,27,127,"Minnesota","Redwood County",3,42,160,80,80
050,27,127,"Minnesota","Redwood County",3,43,165,83,82
050,27,127,"Minnesota","Redwood County",3,44,154,85,69
050,27,127,"Minnesota","Redwood County",3,45,138,72,66
050,27,127,"Minnesota","Redwood County",3,46,144,66,78
050,27,127,"Minnesota","Redwood County",3,47,138,69,69
050,27,127,"Minnesota","Redwood County",3,48,149,79,70
050,27,127,"Minnesota","Redwood County",3,49,164,80,84
050,27,127,"Minnesota","Redwood County",3,50,168,82,86
050,27,127,"Minnesota","Redwood County",3,51,164,88,76
050,27,127,"Minnesota","Redwood County",3,52,173,96,77
050,27,127,"Minnesota","Redwood County",3,53,185,102,83
050,27,127,"Minnesota","Redwood County",3,54,180,99,81
050,27,127,"Minnesota","Redwood County",3,55,182,101,81
050,27,127,"Minnesota","Redwood County",3,56,186,102,84
050,27,127,"Minnesota","Redwood County",3,57,198,107,91
050,27,127,"Minnesota","Redwood County",3,58,204,100,104
050,27,127,"Minnesota","Redwood County",3,59,220,100,120
050,27,127,"Minnesota","Redwood County",3,60,233,117,116
050,27,127,"Minnesota","Redwood County",3,61,223,118,105
050,27,127,"Minnesota","Redwood County",3,62,216,114,102
050,27,127,"Minnesota","Redwood County",3,63,219,117,102
050,27,127,"Minnesota","Redwood County",3,64,224,122,102
050,27,127,"Minnesota","Redwood County",3,65,199,106,93
050,27,127,"Minnesota","Redwood County",3,66,195,95,100
050,27,127,"Minnesota","Redwood County",3,67,190,92,98
050,27,127,"Minnesota","Redwood County",3,68,188,96,92
050,27,127,"Minnesota","Redwood County",3,69,176,90,86
050,27,127,"Minnesota","Redwood County",3,70,177,89,88
050,27,127,"Minnesota","Redwood County",3,71,178,91,87
050,27,127,"Minnesota","Redwood County",3,72,162,77,85
050,27,127,"Minnesota","Redwood County",3,73,153,71,82
050,27,127,"Minnesota","Redwood County",3,74,158,71,87
050,27,127,"Minnesota","Redwood County",3,75,115,48,67
050,27,127,"Minnesota","Redwood County",3,76,104,44,60
050,27,127,"Minnesota","Redwood County",3,77,110,53,57
050,27,127,"Minnesota","Redwood County",3,78,106,53,53
050,27,127,"Minnesota","Redwood County",3,79,95,47,48
050,27,127,"Minnesota","Redwood County",3,80,97,42,55
050,27,127,"Minnesota","Redwood County",3,81,100,47,53
050,27,127,"Minnesota","Redwood County",3,82,103,52,51
050,27,127,"Minnesota","Redwood County",3,83,91,46,45
050,27,127,"Minnesota","Redwood County",3,84,62,32,30
050,27,127,"Minnesota","Redwood County",3,85,495,168,327
050,27,127,"Minnesota","Redwood County",4,0,192,104,88
050,27,127,"Minnesota","Redwood County",4,1,194,94,100
050,27,127,"Minnesota","Redwood County",4,2,217,105,112
050,27,127,"Minnesota","Redwood County",4,3,202,92,110
050,27,127,"Minnesota","Redwood County",4,4,204,100,104
050,27,127,"Minnesota","Redwood County",4,5,212,113,99
050,27,127,"Minnesota","Redwood County",4,6,212,108,104
050,27,127,"Minnesota","Redwood County",4,7,203,104,99
050,27,127,"Minnesota","Redwood County",4,8,215,109,106
050,27,127,"Minnesota","Redwood County",4,9,205,103,102
050,27,127,"Minnesota","Redwood County",4,10,196,97,99
050,27,127,"Minnesota","Redwood County",4,11,226,109,117
050,27,127,"Minnesota","Redwood County",4,12,209,108,101
050,27,127,"Minnesota","Redwood County",4,13,219,107,112
050,27,127,"Minnesota","Redwood County",4,14,240,125,115
050,27,127,"Minnesota","Redwood County",4,15,250,132,118
050,27,127,"Minnesota","Redwood County",4,16,228,116,112
050,27,127,"Minnesota","Redwood County",4,17,224,116,108
050,27,127,"Minnesota","Redwood County",4,18,192,103,89
050,27,127,"Minnesota","Redwood County",4,19,170,90,80
050,27,127,"Minnesota","Redwood County",4,20,158,86,72
050,27,127,"Minnesota","Redwood County",4,21,153,77,76
050,27,127,"Minnesota","Redwood County",4,22,159,84,75
050,27,127,"Minnesota","Redwood County",4,23,161,81,80
050,27,127,"Minnesota","Redwood County",4,24,157,83,74
050,27,127,"Minnesota","Redwood County",4,25,152,76,76
050,27,127,"Minnesota","Redwood County",4,26,165,84,81
050,27,127,"Minnesota","Redwood County",4,27,162,73,89
050,27,127,"Minnesota","Redwood County",4,28,158,85,73
050,27,127,"Minnesota","Redwood County",4,29,172,82,90
050,27,127,"Minnesota","Redwood County",4,30,182,95,87
050,27,127,"Minnesota","Redwood County",4,31,177,94,83
050,27,127,"Minnesota","Redwood County",4,32,164,79,85
050,27,127,"Minnesota","Redwood County",4,33,166,78,88
050,27,127,"Minnesota","Redwood County",4,34,155,78,77
050,27,127,"Minnesota","Redwood County",4,35,158,79,79
050,27,127,"Minnesota","Redwood County",4,36,175,93,82
050,27,127,"Minnesota","Redwood County",4,37,202,113,89
050,27,127,"Minnesota","Redwood County",4,38,181,99,82
050,27,127,"Minnesota","Redwood County",4,39,183,97,86
050,27,127,"Minnesota","Redwood County",4,40,192,98,94
050,27,127,"Minnesota","Redwood County",4,41,180,98,82
050,27,127,"Minnesota","Redwood County",4,42,176,86,90
050,27,127,"Minnesota","Redwood County",4,43,159,80,79
050,27,127,"Minnesota","Redwood County",4,44,167,84,83
050,27,127,"Minnesota","Redwood County",4,45,151,83,68
050,27,127,"Minnesota","Redwood County",4,46,141,71,70
050,27,127,"Minnesota","Redwood County",4,47,146,71,75
050,27,127,"Minnesota","Redwood County",4,48,132,66,66
050,27,127,"Minnesota","Redwood County",4,49,152,80,72
050,27,127,"Minnesota","Redwood County",4,50,171,85,86
050,27,127,"Minnesota","Redwood County",4,51,170,83,87
050,27,127,"Minnesota","Redwood County",4,52,158,83,75
050,27,127,"Minnesota","Redwood County",4,53,169,93,76
050,27,127,"Minnesota","Redwood County",4,54,187,104,83
050,27,127,"Minnesota","Redwood County",4,55,182,97,85
050,27,127,"Minnesota","Redwood County",4,56,183,97,86
050,27,127,"Minnesota","Redwood County",4,57,182,102,80
050,27,127,"Minnesota","Redwood County",4,58,187,97,90
050,27,127,"Minnesota","Redwood County",4,59,207,103,104
050,27,127,"Minnesota","Redwood County",4,60,219,99,120
050,27,127,"Minnesota","Redwood County",4,61,231,113,118
050,27,127,"Minnesota","Redwood County",4,62,220,120,100
050,27,127,"Minnesota","Redwood County",4,63,214,110,104
050,27,127,"Minnesota","Redwood County",4,64,220,114,106
050,27,127,"Minnesota","Redwood County",4,65,220,123,97
050,27,127,"Minnesota","Redwood County",4,66,192,102,90
050,27,127,"Minnesota","Redwood County",4,67,189,91,98
050,27,127,"Minnesota","Redwood County",4,68,190,92,98
050,27,127,"Minnesota","Redwood County",4,69,180,92,88
050,27,127,"Minnesota","Redwood County",4,70,173,84,89
050,27,127,"Minnesota","Redwood County",4,71,179,91,88
050,27,127,"Minnesota","Redwood County",4,72,168,87,81
050,27,127,"Minnesota","Redwood County",4,73,157,74,83
050,27,127,"Minnesota","Redwood County",4,74,153,71,82
050,27,127,"Minnesota","Redwood County",4,75,150,66,84
050,27,127,"Minnesota","Redwood County",4,76,109,46,63
050,27,127,"Minnesota","Redwood County",4,77,100,43,57
050,27,127,"Minnesota","Redwood County",4,78,105,49,56
050,27,127,"Minnesota","Redwood County",4,79,105,54,51
050,27,127,"Minnesota","Redwood County",4,80,86,40,46
050,27,127,"Minnesota","Redwood County",4,81,85,37,48
050,27,127,"Minnesota","Redwood County",4,82,96,48,48
050,27,127,"Minnesota","Redwood County",4,83,98,48,50
050,27,127,"Minnesota","Redwood County",4,84,85,46,39
050,27,127,"Minnesota","Redwood County",4,85,492,166,326
050,27,127,"Minnesota","Redwood County",5,0,188,102,86
050,27,127,"Minnesota","Redwood County",5,1,193,101,92
050,27,127,"Minnesota","Redwood County",5,2,192,93,99
050,27,127,"Minnesota","Redwood County",5,3,213,106,107
050,27,127,"Minnesota","Redwood County",5,4,208,95,113
050,27,127,"Minnesota","Redwood County",5,5,201,96,105
050,27,127,"Minnesota","Redwood County",5,6,209,111,98
050,27,127,"Minnesota","Redwood County",5,7,205,106,99
050,27,127,"Minnesota","Redwood County",5,8,209,106,103
050,27,127,"Minnesota","Redwood County",5,9,215,111,104
050,27,127,"Minnesota","Redwood County",5,10,210,110,100
050,27,127,"Minnesota","Redwood County",5,11,204,102,102
050,27,127,"Minnesota","Redwood County",5,12,234,118,116
050,27,127,"Minnesota","Redwood County",5,13,204,108,96
050,27,127,"Minnesota","Redwood County",5,14,225,105,120
050,27,127,"Minnesota","Redwood County",5,15,233,120,113
050,27,127,"Minnesota","Redwood County",5,16,244,130,114
050,27,127,"Minnesota","Redwood County",5,17,231,117,114
050,27,127,"Minnesota","Redwood County",5,18,186,100,86
050,27,127,"Minnesota","Redwood County",5,19,162,87,75
050,27,127,"Minnesota","Redwood County",5,20,177,96,81
050,27,127,"Minnesota","Redwood County",5,21,159,85,74
050,27,127,"Minnesota","Redwood County",5,22,156,80,76
050,27,127,"Minnesota","Redwood County",5,23,151,73,78
050,27,127,"Minnesota","Redwood County",5,24,155,81,74
050,27,127,"Minnesota","Redwood County",5,25,151,80,71
050,27,127,"Minnesota","Redwood County",5,26,139,67,72
050,27,127,"Minnesota","Redwood County",5,27,153,78,75
050,27,127,"Minnesota","Redwood County",5,28,164,73,91
050,27,127,"Minnesota","Redwood County",5,29,174,90,84
050,27,127,"Minnesota","Redwood County",5,30,172,83,89
050,27,127,"Minnesota","Redwood County",5,31,165,86,79
050,27,127,"Minnesota","Redwood County",5,32,173,90,83
050,27,127,"Minnesota","Redwood County",5,33,165,81,84
050,27,127,"Minnesota","Redwood County",5,34,150,68,82
050,27,127,"Minnesota","Redwood County",5,35,159,81,78
050,27,127,"Minnesota","Redwood County",5,36,167,76,91
050,27,127,"Minnesota","Redwood County",5,37,180,95,85
050,27,127,"Minnesota","Redwood County",5,38,202,113,89
050,27,127,"Minnesota","Redwood County",5,39,195,106,89
050,27,127,"Minnesota","Redwood County",5,40,194,102,92
050,27,127,"Minnesota","Redwood County",5,41,194,98,96
050,27,127,"Minnesota","Redwood County",5,42,181,98,83
050,27,127,"Minnesota","Redwood County",5,43,169,86,83
050,27,127,"Minnesota","Redwood County",5,44,165,84,81
050,27,127,"Minnesota","Redwood County",5,45,169,87,82
050,27,127,"Minnesota","Redwood County",5,46,153,82,71
050,27,127,"Minnesota","Redwood County",5,47,148,78,70
050,27,127,"Minnesota","Redwood County",5,48,146,68,78
050,27,127,"Minnesota","Redwood County",5,49,130,64,66
050,27,127,"Minnesota","Redwood County",5,50,159,85,74
050,27,127,"Minnesota","Redwood County",5,51,175,88,87
050,27,127,"Minnesota","Redwood County",5,52,163,82,81
050,27,127,"Minnesota","Redwood County",5,53,166,87,79
050,27,127,"Minnesota","Redwood County",5,54,168,91,77
050,27,127,"Minnesota","Redwood County",5,55,178,98,80
050,27,127,"Minnesota","Redwood County",5,56,179,94,85
050,27,127,"Minnesota","Redwood County",5,57,182,99,83
050,27,127,"Minnesota","Redwood County",5,58,181,100,81
050,27,127,"Minnesota","Redwood County",5,59,184,96,88
050,27,127,"Minnesota","Redwood County",5,60,197,96,101
050,27,127,"Minnesota","Redwood County",5,61,217,97,120
050,27,127,"Minnesota","Redwood County",5,62,228,115,113
050,27,127,"Minnesota","Redwood County",5,63,211,115,96
050,27,127,"Minnesota","Redwood County",5,64,209,107,102
050,27,127,"Minnesota","Redwood County",5,65,218,117,101
050,27,127,"Minnesota","Redwood County",5,66,212,117,95
050,27,127,"Minnesota","Redwood County",5,67,184,97,87
050,27,127,"Minnesota","Redwood County",5,68,190,91,99
050,27,127,"Minnesota","Redwood County",5,69,183,85,98
050,27,127,"Minnesota","Redwood County",5,70,178,88,90
050,27,127,"Minnesota","Redwood County",5,71,181,88,93
050,27,127,"Minnesota","Redwood County",5,72,177,89,88
050,27,127,"Minnesota","Redwood County",5,73,160,81,79
050,27,127,"Minnesota","Redwood County",5,74,154,75,79
050,27,127,"Minnesota","Redwood County",5,75,142,64,78
050,27,127,"Minnesota","Redwood County",5,76,146,65,81
050,27,127,"Minnesota","Redwood County",5,77,107,44,63
050,27,127,"Minnesota","Redwood County",5,78,97,39,58
050,27,127,"Minnesota","Redwood County",5,79,107,51,56
050,27,127,"Minnesota","Redwood County",5,80,94,46,48
050,27,127,"Minnesota","Redwood County",5,81,76,35,41
050,27,127,"Minnesota","Redwood County",5,82,86,40,46
050,27,127,"Minnesota","Redwood County",5,83,89,43,46
050,27,127,"Minnesota","Redwood County",5,84,90,48,42
050,27,127,"Minnesota","Redwood County",5,85,498,169,329
050,27,129,"Minnesota","Renville County",1,0,169,87,82
050,27,129,"Minnesota","Renville County",1,1,175,93,82
050,27,129,"Minnesota","Renville County",1,2,179,97,82
050,27,129,"Minnesota","Renville County",1,3,204,98,106
050,27,129,"Minnesota","Renville County",1,4,181,89,92
050,27,129,"Minnesota","Renville County",1,5,188,107,81
050,27,129,"Minnesota","Renville County",1,6,193,99,94
050,27,129,"Minnesota","Renville County",1,7,191,89,102
050,27,129,"Minnesota","Renville County",1,8,206,105,101
050,27,129,"Minnesota","Renville County",1,9,186,97,89
050,27,129,"Minnesota","Renville County",1,10,178,90,88
050,27,129,"Minnesota","Renville County",1,11,207,99,108
050,27,129,"Minnesota","Renville County",1,12,209,104,105
050,27,129,"Minnesota","Renville County",1,13,193,101,92
050,27,129,"Minnesota","Renville County",1,14,199,96,103
050,27,129,"Minnesota","Renville County",1,15,205,96,109
050,27,129,"Minnesota","Renville County",1,16,198,102,96
050,27,129,"Minnesota","Renville County",1,17,200,108,92
050,27,129,"Minnesota","Renville County",1,18,171,91,80
050,27,129,"Minnesota","Renville County",1,19,131,68,63
050,27,129,"Minnesota","Renville County",1,20,137,68,69
050,27,129,"Minnesota","Renville County",1,21,149,70,79
050,27,129,"Minnesota","Renville County",1,22,160,86,74
050,27,129,"Minnesota","Renville County",1,23,157,84,73
050,27,129,"Minnesota","Renville County",1,24,163,91,72
050,27,129,"Minnesota","Renville County",1,25,140,75,65
050,27,129,"Minnesota","Renville County",1,26,150,75,75
050,27,129,"Minnesota","Renville County",1,27,170,91,79
050,27,129,"Minnesota","Renville County",1,28,146,83,63
050,27,129,"Minnesota","Renville County",1,29,135,76,59
050,27,129,"Minnesota","Renville County",1,30,141,74,67
050,27,129,"Minnesota","Renville County",1,31,147,80,67
050,27,129,"Minnesota","Renville County",1,32,167,91,76
050,27,129,"Minnesota","Renville County",1,33,144,70,74
050,27,129,"Minnesota","Renville County",1,34,162,83,79
050,27,129,"Minnesota","Renville County",1,35,195,97,98
050,27,129,"Minnesota","Renville County",1,36,159,90,69
050,27,129,"Minnesota","Renville County",1,37,161,91,70
050,27,129,"Minnesota","Renville County",1,38,175,89,86
050,27,129,"Minnesota","Renville County",1,39,173,93,80
050,27,129,"Minnesota","Renville County",1,40,171,87,84
050,27,129,"Minnesota","Renville County",1,41,164,84,80
050,27,129,"Minnesota","Renville County",1,42,150,70,80
050,27,129,"Minnesota","Renville County",1,43,158,78,80
050,27,129,"Minnesota","Renville County",1,44,159,85,74
050,27,129,"Minnesota","Renville County",1,45,154,84,70
050,27,129,"Minnesota","Renville County",1,46,146,82,64
050,27,129,"Minnesota","Renville County",1,47,143,74,69
050,27,129,"Minnesota","Renville County",1,48,169,86,83
050,27,129,"Minnesota","Renville County",1,49,164,92,72
050,27,129,"Minnesota","Renville County",1,50,172,93,79
050,27,129,"Minnesota","Renville County",1,51,165,76,89
050,27,129,"Minnesota","Renville County",1,52,168,87,81
050,27,129,"Minnesota","Renville County",1,53,192,103,89
050,27,129,"Minnesota","Renville County",1,54,173,83,90
050,27,129,"Minnesota","Renville County",1,55,202,100,102
050,27,129,"Minnesota","Renville County",1,56,224,107,117
050,27,129,"Minnesota","Renville County",1,57,210,104,106
050,27,129,"Minnesota","Renville County",1,58,232,117,115
050,27,129,"Minnesota","Renville County",1,59,243,134,109
050,27,129,"Minnesota","Renville County",1,60,248,139,109
050,27,129,"Minnesota","Renville County",1,61,239,124,115
050,27,129,"Minnesota","Renville County",1,62,259,143,116
050,27,129,"Minnesota","Renville County",1,63,229,127,102
050,27,129,"Minnesota","Renville County",1,64,219,120,99
050,27,129,"Minnesota","Renville County",1,65,223,117,106
050,27,129,"Minnesota","Renville County",1,66,183,96,87
050,27,129,"Minnesota","Renville County",1,67,195,102,93
050,27,129,"Minnesota","Renville County",1,68,195,112,83
050,27,129,"Minnesota","Renville County",1,69,167,96,71
050,27,129,"Minnesota","Renville County",1,70,154,80,74
050,27,129,"Minnesota","Renville County",1,71,146,73,73
050,27,129,"Minnesota","Renville County",1,72,147,82,65
050,27,129,"Minnesota","Renville County",1,73,131,67,64
050,27,129,"Minnesota","Renville County",1,74,101,42,59
050,27,129,"Minnesota","Renville County",1,75,117,52,65
050,27,129,"Minnesota","Renville County",1,76,116,62,54
050,27,129,"Minnesota","Renville County",1,77,112,51,61
050,27,129,"Minnesota","Renville County",1,78,117,53,64
050,27,129,"Minnesota","Renville County",1,79,93,49,44
050,27,129,"Minnesota","Renville County",1,80,93,51,42
050,27,129,"Minnesota","Renville County",1,81,83,41,42
050,27,129,"Minnesota","Renville County",1,82,70,32,38
050,27,129,"Minnesota","Renville County",1,83,71,30,41
050,27,129,"Minnesota","Renville County",1,84,68,27,41
050,27,129,"Minnesota","Renville County",1,85,495,172,323
050,27,129,"Minnesota","Renville County",2,0,163,85,78
050,27,129,"Minnesota","Renville County",2,1,173,91,82
050,27,129,"Minnesota","Renville County",2,2,178,95,83
050,27,129,"Minnesota","Renville County",2,3,196,97,99
050,27,129,"Minnesota","Renville County",2,4,188,92,96
050,27,129,"Minnesota","Renville County",2,5,187,103,84
050,27,129,"Minnesota","Renville County",2,6,190,97,93
050,27,129,"Minnesota","Renville County",2,7,191,91,100
050,27,129,"Minnesota","Renville County",2,8,201,102,99
050,27,129,"Minnesota","Renville County",2,9,190,100,90
050,27,129,"Minnesota","Renville County",2,10,181,91,90
050,27,129,"Minnesota","Renville County",2,11,198,96,102
050,27,129,"Minnesota","Renville County",2,12,208,103,105
050,27,129,"Minnesota","Renville County",2,13,198,101,97
050,27,129,"Minnesota","Renville County",2,14,198,97,101
050,27,129,"Minnesota","Renville County",2,15,203,96,107
050,27,129,"Minnesota","Renville County",2,16,202,102,100
050,27,129,"Minnesota","Renville County",2,17,200,107,93
050,27,129,"Minnesota","Renville County",2,18,169,90,79
050,27,129,"Minnesota","Renville County",2,19,130,69,61
050,27,129,"Minnesota","Renville County",2,20,141,71,70
050,27,129,"Minnesota","Renville County",2,21,146,69,77
050,27,129,"Minnesota","Renville County",2,22,160,84,76
050,27,129,"Minnesota","Renville County",2,23,156,83,73
050,27,129,"Minnesota","Renville County",2,24,160,89,71
050,27,129,"Minnesota","Renville County",2,25,145,79,66
050,27,129,"Minnesota","Renville County",2,26,150,76,74
050,27,129,"Minnesota","Renville County",2,27,167,90,77
050,27,129,"Minnesota","Renville County",2,28,152,86,66
050,27,129,"Minnesota","Renville County",2,29,140,78,62
050,27,129,"Minnesota","Renville County",2,30,140,75,65
050,27,129,"Minnesota","Renville County",2,31,147,80,67
050,27,129,"Minnesota","Renville County",2,32,161,86,75
050,27,129,"Minnesota","Renville County",2,33,152,76,76
050,27,129,"Minnesota","Renville County",2,34,158,81,77
050,27,129,"Minnesota","Renville County",2,35,187,94,93
050,27,129,"Minnesota","Renville County",2,36,165,90,75
050,27,129,"Minnesota","Renville County",2,37,162,91,71
050,27,129,"Minnesota","Renville County",2,38,174,90,84
050,27,129,"Minnesota","Renville County",2,39,172,90,82
050,27,129,"Minnesota","Renville County",2,40,172,89,83
050,27,129,"Minnesota","Renville County",2,41,165,84,81
050,27,129,"Minnesota","Renville County",2,42,152,72,80
050,27,129,"Minnesota","Renville County",2,43,158,77,81
050,27,129,"Minnesota","Renville County",2,44,157,82,75
050,27,129,"Minnesota","Renville County",2,45,157,86,71
050,27,129,"Minnesota","Renville County",2,46,146,81,65
050,27,129,"Minnesota","Renville County",2,47,146,78,68
050,27,129,"Minnesota","Renville County",2,48,163,84,79
050,27,129,"Minnesota","Renville County",2,49,166,90,76
050,27,129,"Minnesota","Renville County",2,50,169,93,76
050,27,129,"Minnesota","Renville County",2,51,166,79,87
050,27,129,"Minnesota","Renville County",2,52,164,83,81
050,27,129,"Minnesota","Renville County",2,53,186,100,86
050,27,129,"Minnesota","Renville County",2,54,179,89,90
050,27,129,"Minnesota","Renville County",2,55,195,95,100
050,27,129,"Minnesota","Renville County",2,56,219,105,114
050,27,129,"Minnesota","Renville County",2,57,210,102,108
050,27,129,"Minnesota","Renville County",2,58,224,113,111
050,27,129,"Minnesota","Renville County",2,59,240,130,110
050,27,129,"Minnesota","Renville County",2,60,244,137,107
050,27,129,"Minnesota","Renville County",2,61,239,126,113
050,27,129,"Minnesota","Renville County",2,62,253,138,115
050,27,129,"Minnesota","Renville County",2,63,239,132,107
050,27,129,"Minnesota","Renville County",2,64,217,120,97
050,27,129,"Minnesota","Renville County",2,65,225,120,105
050,27,129,"Minnesota","Renville County",2,66,189,100,89
050,27,129,"Minnesota","Renville County",2,67,190,100,90
050,27,129,"Minnesota","Renville County",2,68,194,109,85
050,27,129,"Minnesota","Renville County",2,69,173,99,74
050,27,129,"Minnesota","Renville County",2,70,155,83,72
050,27,129,"Minnesota","Renville County",2,71,148,74,74
050,27,129,"Minnesota","Renville County",2,72,143,79,64
050,27,129,"Minnesota","Renville County",2,73,140,74,66
050,27,129,"Minnesota","Renville County",2,74,101,44,57
050,27,129,"Minnesota","Renville County",2,75,114,50,64
050,27,129,"Minnesota","Renville County",2,76,114,59,55
050,27,129,"Minnesota","Renville County",2,77,115,55,60
050,27,129,"Minnesota","Renville County",2,78,112,51,61
050,27,129,"Minnesota","Renville County",2,79,97,49,48
050,27,129,"Minnesota","Renville County",2,80,92,51,41
050,27,129,"Minnesota","Renville County",2,81,84,42,42
050,27,129,"Minnesota","Renville County",2,82,75,36,39
050,27,129,"Minnesota","Renville County",2,83,69,30,39
050,27,129,"Minnesota","Renville County",2,84,68,27,41
050,27,129,"Minnesota","Renville County",2,85,491,170,321
050,27,129,"Minnesota","Renville County",3,0,146,79,67
050,27,129,"Minnesota","Renville County",3,1,154,87,67
050,27,129,"Minnesota","Renville County",3,2,178,93,85
050,27,129,"Minnesota","Renville County",3,3,172,91,81
050,27,129,"Minnesota","Renville County",3,4,194,102,92
050,27,129,"Minnesota","Renville County",3,5,188,92,96
050,27,129,"Minnesota","Renville County",3,6,187,99,88
050,27,129,"Minnesota","Renville County",3,7,194,100,94
050,27,129,"Minnesota","Renville County",3,8,203,97,106
050,27,129,"Minnesota","Renville County",3,9,200,104,96
050,27,129,"Minnesota","Renville County",3,10,195,101,94
050,27,129,"Minnesota","Renville County",3,11,180,92,88
050,27,129,"Minnesota","Renville County",3,12,199,100,99
050,27,129,"Minnesota","Renville County",3,13,201,96,105
050,27,129,"Minnesota","Renville County",3,14,198,101,97
050,27,129,"Minnesota","Renville County",3,15,198,95,103
050,27,129,"Minnesota","Renville County",3,16,202,98,104
050,27,129,"Minnesota","Renville County",3,17,200,102,98
050,27,129,"Minnesota","Renville County",3,18,175,101,74
050,27,129,"Minnesota","Renville County",3,19,136,71,65
050,27,129,"Minnesota","Renville County",3,20,146,79,67
050,27,129,"Minnesota","Renville County",3,21,150,78,72
050,27,129,"Minnesota","Renville County",3,22,153,74,79
050,27,129,"Minnesota","Renville County",3,23,150,81,69
050,27,129,"Minnesota","Renville County",3,24,152,88,64
050,27,129,"Minnesota","Renville County",3,25,152,85,67
050,27,129,"Minnesota","Renville County",3,26,147,80,67
050,27,129,"Minnesota","Renville County",3,27,161,77,84
050,27,129,"Minnesota","Renville County",3,28,162,85,77
050,27,129,"Minnesota","Renville County",3,29,153,85,68
050,27,129,"Minnesota","Renville County",3,30,136,77,59
050,27,129,"Minnesota","Renville County",3,31,143,74,69
050,27,129,"Minnesota","Renville County",3,32,150,82,68
050,27,129,"Minnesota","Renville County",3,33,168,81,87
050,27,129,"Minnesota","Renville County",3,34,156,77,79
050,27,129,"Minnesota","Renville County",3,35,169,93,76
050,27,129,"Minnesota","Renville County",3,36,179,91,88
050,27,129,"Minnesota","Renville County",3,37,166,90,76
050,27,129,"Minnesota","Renville County",3,38,159,90,69
050,27,129,"Minnesota","Renville County",3,39,178,90,88
050,27,129,"Minnesota","Renville County",3,40,172,89,83
050,27,129,"Minnesota","Renville County",3,41,182,94,88
050,27,129,"Minnesota","Renville County",3,42,172,85,87
050,27,129,"Minnesota","Renville County",3,43,152,70,82
050,27,129,"Minnesota","Renville County",3,44,161,75,86
050,27,129,"Minnesota","Renville County",3,45,156,82,74
050,27,129,"Minnesota","Renville County",3,46,155,88,67
050,27,129,"Minnesota","Renville County",3,47,147,81,66
050,27,129,"Minnesota","Renville County",3,48,150,80,70
050,27,129,"Minnesota","Renville County",3,49,156,81,75
050,27,129,"Minnesota","Renville County",3,50,161,88,73
050,27,129,"Minnesota","Renville County",3,51,179,96,83
050,27,129,"Minnesota","Renville County",3,52,164,78,86
050,27,129,"Minnesota","Renville County",3,53,164,84,80
050,27,129,"Minnesota","Renville County",3,54,183,99,84
050,27,129,"Minnesota","Renville County",3,55,179,88,91
050,27,129,"Minnesota","Renville County",3,56,194,99,95
050,27,129,"Minnesota","Renville County",3,57,217,101,116
050,27,129,"Minnesota","Renville County",3,58,202,98,104
050,27,129,"Minnesota","Renville County",3,59,221,108,113
050,27,129,"Minnesota","Renville County",3,60,228,123,105
050,27,129,"Minnesota","Renville County",3,61,236,130,106
050,27,129,"Minnesota","Renville County",3,62,238,125,113
050,27,129,"Minnesota","Renville County",3,63,254,137,117
050,27,129,"Minnesota","Renville County",3,64,237,131,106
050,27,129,"Minnesota","Renville County",3,65,218,119,99
050,27,129,"Minnesota","Renville County",3,66,211,112,99
050,27,129,"Minnesota","Renville County",3,67,187,103,84
050,27,129,"Minnesota","Renville County",3,68,184,96,88
050,27,129,"Minnesota","Renville County",3,69,189,106,83
050,27,129,"Minnesota","Renville County",3,70,168,98,70
050,27,129,"Minnesota","Renville County",3,71,158,83,75
050,27,129,"Minnesota","Renville County",3,72,142,76,66
050,27,129,"Minnesota","Renville County",3,73,133,72,61
050,27,129,"Minnesota","Renville County",3,74,139,73,66
050,27,129,"Minnesota","Renville County",3,75,89,33,56
050,27,129,"Minnesota","Renville County",3,76,112,52,60
050,27,129,"Minnesota","Renville County",3,77,112,55,57
050,27,129,"Minnesota","Renville County",3,78,114,57,57
050,27,129,"Minnesota","Renville County",3,79,100,47,53
050,27,129,"Minnesota","Renville County",3,80,93,47,46
050,27,129,"Minnesota","Renville County",3,81,80,40,40
050,27,129,"Minnesota","Renville County",3,82,81,42,39
050,27,129,"Minnesota","Renville County",3,83,72,35,37
050,27,129,"Minnesota","Renville County",3,84,61,25,36
050,27,129,"Minnesota","Renville County",3,85,472,155,317
050,27,129,"Minnesota","Renville County",4,0,137,69,68
050,27,129,"Minnesota","Renville County",4,1,157,87,70
050,27,129,"Minnesota","Renville County",4,2,165,90,75
050,27,129,"Minnesota","Renville County",4,3,186,102,84
050,27,129,"Minnesota","Renville County",4,4,172,91,81
050,27,129,"Minnesota","Renville County",4,5,201,105,96
050,27,129,"Minnesota","Renville County",4,6,183,87,96
050,27,129,"Minnesota","Renville County",4,7,183,95,88
050,27,129,"Minnesota","Renville County",4,8,188,95,93
050,27,129,"Minnesota","Renville County",4,9,205,96,109
050,27,129,"Minnesota","Renville County",4,10,201,101,100
050,27,129,"Minnesota","Renville County",4,11,192,102,90
050,27,129,"Minnesota","Renville County",4,12,191,99,92
050,27,129,"Minnesota","Renville County",4,13,200,99,101
050,27,129,"Minnesota","Renville County",4,14,204,102,102
050,27,129,"Minnesota","Renville County",4,15,181,99,82
050,27,129,"Minnesota","Renville County",4,16,196,96,100
050,27,129,"Minnesota","Renville County",4,17,197,96,101
050,27,129,"Minnesota","Renville County",4,18,174,89,85
050,27,129,"Minnesota","Renville County",4,19,135,80,55
050,27,129,"Minnesota","Renville County",4,20,150,79,71
050,27,129,"Minnesota","Renville County",4,21,128,69,59
050,27,129,"Minnesota","Renville County",4,22,156,78,78
050,27,129,"Minnesota","Renville County",4,23,137,68,69
050,27,129,"Minnesota","Renville County",4,24,149,75,74
050,27,129,"Minnesota","Renville County",4,25,161,85,76
050,27,129,"Minnesota","Renville County",4,26,148,86,62
050,27,129,"Minnesota","Renville County",4,27,151,84,67
050,27,129,"Minnesota","Renville County",4,28,157,75,82
050,27,129,"Minnesota","Renville County",4,29,168,82,86
050,27,129,"Minnesota","Renville County",4,30,150,88,62
050,27,129,"Minnesota","Renville County",4,31,138,77,61
050,27,129,"Minnesota","Renville County",4,32,146,76,70
050,27,129,"Minnesota","Renville County",4,33,157,83,74
050,27,129,"Minnesota","Renville County",4,34,167,81,86
050,27,129,"Minnesota","Renville County",4,35,159,76,83
050,27,129,"Minnesota","Renville County",4,36,163,93,70
050,27,129,"Minnesota","Renville County",4,37,180,94,86
050,27,129,"Minnesota","Renville County",4,38,166,83,83
050,27,129,"Minnesota","Renville County",4,39,163,91,72
050,27,129,"Minnesota","Renville County",4,40,183,87,96
050,27,129,"Minnesota","Renville County",4,41,170,87,83
050,27,129,"Minnesota","Renville County",4,42,182,95,87
050,27,129,"Minnesota","Renville County",4,43,176,89,87
050,27,129,"Minnesota","Renville County",4,44,161,74,87
050,27,129,"Minnesota","Renville County",4,45,162,78,84
050,27,129,"Minnesota","Renville County",4,46,155,85,70
050,27,129,"Minnesota","Renville County",4,47,156,89,67
050,27,129,"Minnesota","Renville County",4,48,143,79,64
050,27,129,"Minnesota","Renville County",4,49,151,80,71
050,27,129,"Minnesota","Renville County",4,50,148,80,68
050,27,129,"Minnesota","Renville County",4,51,155,84,71
050,27,129,"Minnesota","Renville County",4,52,173,95,78
050,27,129,"Minnesota","Renville County",4,53,160,77,83
050,27,129,"Minnesota","Renville County",4,54,162,82,80
050,27,129,"Minnesota","Renville County",4,55,187,101,86
050,27,129,"Minnesota","Renville County",4,56,171,84,87
050,27,129,"Minnesota","Renville County",4,57,190,98,92
050,27,129,"Minnesota","Renville County",4,58,215,101,114
050,27,129,"Minnesota","Renville County",4,59,206,96,110
050,27,129,"Minnesota","Renville County",4,60,214,109,105
050,27,129,"Minnesota","Renville County",4,61,227,122,105
050,27,129,"Minnesota","Renville County",4,62,239,129,110
050,27,129,"Minnesota","Renville County",4,63,237,124,113
050,27,129,"Minnesota","Renville County",4,64,249,133,116
050,27,129,"Minnesota","Renville County",4,65,236,127,109
050,27,129,"Minnesota","Renville County",4,66,211,118,93
050,27,129,"Minnesota","Renville County",4,67,210,111,99
050,27,129,"Minnesota","Renville County",4,68,183,97,86
050,27,129,"Minnesota","Renville County",4,69,180,94,86
050,27,129,"Minnesota","Renville County",4,70,182,104,78
050,27,129,"Minnesota","Renville County",4,71,165,97,68
050,27,129,"Minnesota","Renville County",4,72,152,80,72
050,27,129,"Minnesota","Renville County",4,73,135,71,64
050,27,129,"Minnesota","Renville County",4,74,129,68,61
050,27,129,"Minnesota","Renville County",4,75,134,65,69
050,27,129,"Minnesota","Renville County",4,76,77,34,43
050,27,129,"Minnesota","Renville County",4,77,106,47,59
050,27,129,"Minnesota","Renville County",4,78,103,53,50
050,27,129,"Minnesota","Renville County",4,79,101,52,49
050,27,129,"Minnesota","Renville County",4,80,94,43,51
050,27,129,"Minnesota","Renville County",4,81,82,41,41
050,27,129,"Minnesota","Renville County",4,82,72,36,36
050,27,129,"Minnesota","Renville County",4,83,76,39,37
050,27,129,"Minnesota","Renville County",4,84,67,31,36
050,27,129,"Minnesota","Renville County",4,85,464,146,318
050,27,129,"Minnesota","Renville County",5,0,142,74,68
050,27,129,"Minnesota","Renville County",5,1,134,79,55
050,27,129,"Minnesota","Renville County",5,2,162,88,74
050,27,129,"Minnesota","Renville County",5,3,173,95,78
050,27,129,"Minnesota","Renville County",5,4,184,99,85
050,27,129,"Minnesota","Renville County",5,5,172,92,80
050,27,129,"Minnesota","Renville County",5,6,193,101,92
050,27,129,"Minnesota","Renville County",5,7,181,86,95
050,27,129,"Minnesota","Renville County",5,8,188,98,90
050,27,129,"Minnesota","Renville County",5,9,196,101,95
050,27,129,"Minnesota","Renville County",5,10,207,96,111
050,27,129,"Minnesota","Renville County",5,11,192,95,97
050,27,129,"Minnesota","Renville County",5,12,194,101,93
050,27,129,"Minnesota","Renville County",5,13,185,96,89
050,27,129,"Minnesota","Renville County",5,14,200,102,98
050,27,129,"Minnesota","Renville County",5,15,214,107,107
050,27,129,"Minnesota","Renville County",5,16,193,103,90
050,27,129,"Minnesota","Renville County",5,17,196,96,100
050,27,129,"Minnesota","Renville County",5,18,184,95,89
050,27,129,"Minnesota","Renville County",5,19,139,73,66
050,27,129,"Minnesota","Renville County",5,20,130,74,56
050,27,129,"Minnesota","Renville County",5,21,143,76,67
050,27,129,"Minnesota","Renville County",5,22,142,75,67
050,27,129,"Minnesota","Renville County",5,23,150,77,73
050,27,129,"Minnesota","Renville County",5,24,141,73,68
050,27,129,"Minnesota","Renville County",5,25,160,82,78
050,27,129,"Minnesota","Renville County",5,26,158,84,74
050,27,129,"Minnesota","Renville County",5,27,165,97,68
050,27,129,"Minnesota","Renville County",5,28,141,77,64
050,27,129,"Minnesota","Renville County",5,29,165,79,86
050,27,129,"Minnesota","Renville County",5,30,154,76,78
050,27,129,"Minnesota","Renville County",5,31,155,92,63
050,27,129,"Minnesota","Renville County",5,32,142,76,66
050,27,129,"Minnesota","Renville County",5,33,152,79,73
050,27,129,"Minnesota","Renville County",5,34,156,81,75
050,27,129,"Minnesota","Renville County",5,35,173,88,85
050,27,129,"Minnesota","Renville County",5,36,158,75,83
050,27,129,"Minnesota","Renville County",5,37,157,86,71
050,27,129,"Minnesota","Renville County",5,38,175,94,81
050,27,129,"Minnesota","Renville County",5,39,160,81,79
050,27,129,"Minnesota","Renville County",5,40,164,93,71
050,27,129,"Minnesota","Renville County",5,41,187,95,92
050,27,129,"Minnesota","Renville County",5,42,169,82,87
050,27,129,"Minnesota","Renville County",5,43,182,94,88
050,27,129,"Minnesota","Renville County",5,44,169,86,83
050,27,129,"Minnesota","Renville County",5,45,159,73,86
050,27,129,"Minnesota","Renville County",5,46,162,78,84
050,27,129,"Minnesota","Renville County",5,47,148,80,68
050,27,129,"Minnesota","Renville County",5,48,158,88,70
050,27,129,"Minnesota","Renville County",5,49,142,75,67
050,27,129,"Minnesota","Renville County",5,50,137,74,63
050,27,129,"Minnesota","Renville County",5,51,150,76,74
050,27,129,"Minnesota","Renville County",5,52,155,86,69
050,27,129,"Minnesota","Renville County",5,53,171,96,75
050,27,129,"Minnesota","Renville County",5,54,167,80,87
050,27,129,"Minnesota","Renville County",5,55,155,78,77
050,27,129,"Minnesota","Renville County",5,56,184,100,84
050,27,129,"Minnesota","Renville County",5,57,171,84,87
050,27,129,"Minnesota","Renville County",5,58,187,99,88
050,27,129,"Minnesota","Renville County",5,59,217,99,118
050,27,129,"Minnesota","Renville County",5,60,200,93,107
050,27,129,"Minnesota","Renville County",5,61,214,108,106
050,27,129,"Minnesota","Renville County",5,62,224,121,103
050,27,129,"Minnesota","Renville County",5,63,237,129,108
050,27,129,"Minnesota","Renville County",5,64,222,116,106
050,27,129,"Minnesota","Renville County",5,65,249,132,117
050,27,129,"Minnesota","Renville County",5,66,229,123,106
050,27,129,"Minnesota","Renville County",5,67,206,114,92
050,27,129,"Minnesota","Renville County",5,68,205,109,96
050,27,129,"Minnesota","Renville County",5,69,177,93,84
050,27,129,"Minnesota","Renville County",5,70,168,88,80
050,27,129,"Minnesota","Renville County",5,71,182,102,80
050,27,129,"Minnesota","Renville County",5,72,153,92,61
050,27,129,"Minnesota","Renville County",5,73,146,76,70
050,27,129,"Minnesota","Renville County",5,74,131,69,62
050,27,129,"Minnesota","Renville County",5,75,122,62,60
050,27,129,"Minnesota","Renville County",5,76,118,64,54
050,27,129,"Minnesota","Renville County",5,77,73,30,43
050,27,129,"Minnesota","Renville County",5,78,101,46,55
050,27,129,"Minnesota","Renville County",5,79,92,47,45
050,27,129,"Minnesota","Renville County",5,80,98,51,47
050,27,129,"Minnesota","Renville County",5,81,81,33,48
050,27,129,"Minnesota","Renville County",5,82,76,39,37
050,27,129,"Minnesota","Renville County",5,83,72,36,36
050,27,129,"Minnesota","Renville County",5,84,70,33,37
050,27,129,"Minnesota","Renville County",5,85,462,141,321
050,27,131,"Minnesota","Rice County",1,0,736,375,361
050,27,131,"Minnesota","Rice County",1,1,759,394,365
050,27,131,"Minnesota","Rice County",1,2,773,398,375
050,27,131,"Minnesota","Rice County",1,3,812,400,412
050,27,131,"Minnesota","Rice County",1,4,794,375,419
050,27,131,"Minnesota","Rice County",1,5,772,390,382
050,27,131,"Minnesota","Rice County",1,6,802,396,406
050,27,131,"Minnesota","Rice County",1,7,796,395,401
050,27,131,"Minnesota","Rice County",1,8,786,393,393
050,27,131,"Minnesota","Rice County",1,9,821,431,390
050,27,131,"Minnesota","Rice County",1,10,836,428,408
050,27,131,"Minnesota","Rice County",1,11,878,424,454
050,27,131,"Minnesota","Rice County",1,12,887,440,447
050,27,131,"Minnesota","Rice County",1,13,864,426,438
050,27,131,"Minnesota","Rice County",1,14,862,435,427
050,27,131,"Minnesota","Rice County",1,15,860,423,437
050,27,131,"Minnesota","Rice County",1,16,893,447,446
050,27,131,"Minnesota","Rice County",1,17,918,460,458
050,27,131,"Minnesota","Rice County",1,18,1251,621,630
050,27,131,"Minnesota","Rice County",1,19,1884,891,993
050,27,131,"Minnesota","Rice County",1,20,1823,935,888
050,27,131,"Minnesota","Rice County",1,21,1702,849,853
050,27,131,"Minnesota","Rice County",1,22,1335,681,654
050,27,131,"Minnesota","Rice County",1,23,772,415,357
050,27,131,"Minnesota","Rice County",1,24,728,422,306
050,27,131,"Minnesota","Rice County",1,25,706,386,320
050,27,131,"Minnesota","Rice County",1,26,739,414,325
050,27,131,"Minnesota","Rice County",1,27,729,379,350
050,27,131,"Minnesota","Rice County",1,28,721,400,321
050,27,131,"Minnesota","Rice County",1,29,757,414,343
050,27,131,"Minnesota","Rice County",1,30,747,423,324
050,27,131,"Minnesota","Rice County",1,31,823,470,353
050,27,131,"Minnesota","Rice County",1,32,824,433,391
050,27,131,"Minnesota","Rice County",1,33,826,446,380
050,27,131,"Minnesota","Rice County",1,34,863,478,385
050,27,131,"Minnesota","Rice County",1,35,787,442,345
050,27,131,"Minnesota","Rice County",1,36,812,467,345
050,27,131,"Minnesota","Rice County",1,37,812,473,339
050,27,131,"Minnesota","Rice County",1,38,808,433,375
050,27,131,"Minnesota","Rice County",1,39,852,466,386
050,27,131,"Minnesota","Rice County",1,40,878,493,385
050,27,131,"Minnesota","Rice County",1,41,808,431,377
050,27,131,"Minnesota","Rice County",1,42,746,404,342
050,27,131,"Minnesota","Rice County",1,43,751,408,343
050,27,131,"Minnesota","Rice County",1,44,716,397,319
050,27,131,"Minnesota","Rice County",1,45,728,399,329
050,27,131,"Minnesota","Rice County",1,46,712,376,336
050,27,131,"Minnesota","Rice County",1,47,758,402,356
050,27,131,"Minnesota","Rice County",1,48,771,418,353
050,27,131,"Minnesota","Rice County",1,49,877,486,391
050,27,131,"Minnesota","Rice County",1,50,874,460,414
050,27,131,"Minnesota","Rice County",1,51,803,412,391
050,27,131,"Minnesota","Rice County",1,52,808,428,380
050,27,131,"Minnesota","Rice County",1,53,778,407,371
050,27,131,"Minnesota","Rice County",1,54,787,413,374
050,27,131,"Minnesota","Rice County",1,55,908,484,424
050,27,131,"Minnesota","Rice County",1,56,890,468,422
050,27,131,"Minnesota","Rice County",1,57,901,472,429
050,27,131,"Minnesota","Rice County",1,58,870,466,404
050,27,131,"Minnesota","Rice County",1,59,867,447,420
050,27,131,"Minnesota","Rice County",1,60,877,442,435
050,27,131,"Minnesota","Rice County",1,61,905,442,463
050,27,131,"Minnesota","Rice County",1,62,881,444,437
050,27,131,"Minnesota","Rice County",1,63,778,382,396
050,27,131,"Minnesota","Rice County",1,64,771,398,373
050,27,131,"Minnesota","Rice County",1,65,755,371,384
050,27,131,"Minnesota","Rice County",1,66,707,344,363
050,27,131,"Minnesota","Rice County",1,67,697,328,369
050,27,131,"Minnesota","Rice County",1,68,695,338,357
050,27,131,"Minnesota","Rice County",1,69,635,313,322
050,27,131,"Minnesota","Rice County",1,70,582,288,294
050,27,131,"Minnesota","Rice County",1,71,596,298,298
050,27,131,"Minnesota","Rice County",1,72,558,274,284
050,27,131,"Minnesota","Rice County",1,73,568,274,294
050,27,131,"Minnesota","Rice County",1,74,398,191,207
050,27,131,"Minnesota","Rice County",1,75,403,202,201
050,27,131,"Minnesota","Rice County",1,76,379,188,191
050,27,131,"Minnesota","Rice County",1,77,379,176,203
050,27,131,"Minnesota","Rice County",1,78,325,155,170
050,27,131,"Minnesota","Rice County",1,79,309,145,164
050,27,131,"Minnesota","Rice County",1,80,298,148,150
050,27,131,"Minnesota","Rice County",1,81,276,123,153
050,27,131,"Minnesota","Rice County",1,82,249,111,138
050,27,131,"Minnesota","Rice County",1,83,242,105,137
050,27,131,"Minnesota","Rice County",1,84,234,104,130
050,27,131,"Minnesota","Rice County",1,85,1223,433,790
050,27,131,"Minnesota","Rice County",2,0,739,372,367
050,27,131,"Minnesota","Rice County",2,1,752,389,363
050,27,131,"Minnesota","Rice County",2,2,772,400,372
050,27,131,"Minnesota","Rice County",2,3,794,397,397
050,27,131,"Minnesota","Rice County",2,4,797,381,416
050,27,131,"Minnesota","Rice County",2,5,774,384,390
050,27,131,"Minnesota","Rice County",2,6,794,394,400
050,27,131,"Minnesota","Rice County",2,7,796,395,401
050,27,131,"Minnesota","Rice County",2,8,786,391,395
050,27,131,"Minnesota","Rice County",2,9,814,423,391
050,27,131,"Minnesota","Rice County",2,10,833,427,406
050,27,131,"Minnesota","Rice County",2,11,866,423,443
050,27,131,"Minnesota","Rice County",2,12,887,436,451
050,27,131,"Minnesota","Rice County",2,13,871,433,438
050,27,131,"Minnesota","Rice County",2,14,864,435,429
050,27,131,"Minnesota","Rice County",2,15,863,427,436
050,27,131,"Minnesota","Rice County",2,16,890,444,446
050,27,131,"Minnesota","Rice County",2,17,914,457,457
050,27,131,"Minnesota","Rice County",2,18,1245,610,635
050,27,131,"Minnesota","Rice County",2,19,1874,889,985
050,27,131,"Minnesota","Rice County",2,20,1831,933,898
050,27,131,"Minnesota","Rice County",2,21,1715,861,854
050,27,131,"Minnesota","Rice County",2,22,1327,677,650
050,27,131,"Minnesota","Rice County",2,23,777,416,361
050,27,131,"Minnesota","Rice County",2,24,731,415,316
050,27,131,"Minnesota","Rice County",2,25,707,391,316
050,27,131,"Minnesota","Rice County",2,26,741,413,328
050,27,131,"Minnesota","Rice County",2,27,722,380,342
050,27,131,"Minnesota","Rice County",2,28,728,399,329
050,27,131,"Minnesota","Rice County",2,29,752,412,340
050,27,131,"Minnesota","Rice County",2,30,757,426,331
050,27,131,"Minnesota","Rice County",2,31,806,461,345
050,27,131,"Minnesota","Rice County",2,32,819,435,384
050,27,131,"Minnesota","Rice County",2,33,825,441,384
050,27,131,"Minnesota","Rice County",2,34,850,467,383
050,27,131,"Minnesota","Rice County",2,35,816,458,358
050,27,131,"Minnesota","Rice County",2,36,800,458,342
050,27,131,"Minnesota","Rice County",2,37,818,476,342
050,27,131,"Minnesota","Rice County",2,38,814,446,368
050,27,131,"Minnesota","Rice County",2,39,836,456,380
050,27,131,"Minnesota","Rice County",2,40,878,489,389
050,27,131,"Minnesota","Rice County",2,41,825,447,378
050,27,131,"Minnesota","Rice County",2,42,760,411,349
050,27,131,"Minnesota","Rice County",2,43,752,408,344
050,27,131,"Minnesota","Rice County",2,44,717,395,322
050,27,131,"Minnesota","Rice County",2,45,726,400,326
050,27,131,"Minnesota","Rice County",2,46,711,379,332
050,27,131,"Minnesota","Rice County",2,47,749,396,353
050,27,131,"Minnesota","Rice County",2,48,764,412,352
050,27,131,"Minnesota","Rice County",2,49,857,472,385
050,27,131,"Minnesota","Rice County",2,50,865,460,405
050,27,131,"Minnesota","Rice County",2,51,816,421,395
050,27,131,"Minnesota","Rice County",2,52,805,422,383
050,27,131,"Minnesota","Rice County",2,53,785,410,375
050,27,131,"Minnesota","Rice County",2,54,780,409,371
050,27,131,"Minnesota","Rice County",2,55,884,470,414
050,27,131,"Minnesota","Rice County",2,56,888,469,419
050,27,131,"Minnesota","Rice County",2,57,898,470,428
050,27,131,"Minnesota","Rice County",2,58,875,467,408
050,27,131,"Minnesota","Rice County",2,59,872,450,422
050,27,131,"Minnesota","Rice County",2,60,870,441,429
050,27,131,"Minnesota","Rice County",2,61,894,440,454
050,27,131,"Minnesota","Rice County",2,62,886,441,445
050,27,131,"Minnesota","Rice County",2,63,809,401,408
050,27,131,"Minnesota","Rice County",2,64,766,390,376
050,27,131,"Minnesota","Rice County",2,65,755,375,380
050,27,131,"Minnesota","Rice County",2,66,716,349,367
050,27,131,"Minnesota","Rice County",2,67,696,329,367
050,27,131,"Minnesota","Rice County",2,68,682,329,353
050,27,131,"Minnesota","Rice County",2,69,653,322,331
050,27,131,"Minnesota","Rice County",2,70,587,290,297
050,27,131,"Minnesota","Rice County",2,71,589,293,296
050,27,131,"Minnesota","Rice County",2,72,556,274,282
050,27,131,"Minnesota","Rice County",2,73,593,287,306
050,27,131,"Minnesota","Rice County",2,74,408,196,212
050,27,131,"Minnesota","Rice County",2,75,404,201,203
050,27,131,"Minnesota","Rice County",2,76,378,188,190
050,27,131,"Minnesota","Rice County",2,77,387,181,206
050,27,131,"Minnesota","Rice County",2,78,330,156,174
050,27,131,"Minnesota","Rice County",2,79,307,145,162
050,27,131,"Minnesota","Rice County",2,80,303,147,156
050,27,131,"Minnesota","Rice County",2,81,276,126,150
050,27,131,"Minnesota","Rice County",2,82,256,114,142
050,27,131,"Minnesota","Rice County",2,83,238,102,136
050,27,131,"Minnesota","Rice County",2,84,226,101,125
050,27,131,"Minnesota","Rice County",2,85,1233,443,790
050,27,131,"Minnesota","Rice County",3,0,628,331,297
050,27,131,"Minnesota","Rice County",3,1,745,381,364
050,27,131,"Minnesota","Rice County",3,2,760,402,358
050,27,131,"Minnesota","Rice County",3,3,781,399,382
050,27,131,"Minnesota","Rice County",3,4,796,388,408
050,27,131,"Minnesota","Rice County",3,5,810,387,423
050,27,131,"Minnesota","Rice County",3,6,775,388,387
050,27,131,"Minnesota","Rice County",3,7,803,408,395
050,27,131,"Minnesota","Rice County",3,8,821,416,405
050,27,131,"Minnesota","Rice County",3,9,798,400,398
050,27,131,"Minnesota","Rice County",3,10,804,421,383
050,27,131,"Minnesota","Rice County",3,11,816,423,393
050,27,131,"Minnesota","Rice County",3,12,868,427,441
050,27,131,"Minnesota","Rice County",3,13,871,434,437
050,27,131,"Minnesota","Rice County",3,14,869,431,438
050,27,131,"Minnesota","Rice County",3,15,855,428,427
050,27,131,"Minnesota","Rice County",3,16,886,441,445
050,27,131,"Minnesota","Rice County",3,17,904,452,452
050,27,131,"Minnesota","Rice County",3,18,1300,623,677
050,27,131,"Minnesota","Rice County",3,19,1872,893,979
050,27,131,"Minnesota","Rice County",3,20,1838,934,904
050,27,131,"Minnesota","Rice County",3,21,1726,890,836
050,27,131,"Minnesota","Rice County",3,22,1345,698,647
050,27,131,"Minnesota","Rice County",3,23,770,424,346
050,27,131,"Minnesota","Rice County",3,24,712,397,315
050,27,131,"Minnesota","Rice County",3,25,725,385,340
050,27,131,"Minnesota","Rice County",3,26,745,429,316
050,27,131,"Minnesota","Rice County",3,27,767,440,327
050,27,131,"Minnesota","Rice County",3,28,733,402,331
050,27,131,"Minnesota","Rice County",3,29,768,419,349
050,27,131,"Minnesota","Rice County",3,30,766,425,341
050,27,131,"Minnesota","Rice County",3,31,808,475,333
050,27,131,"Minnesota","Rice County",3,32,802,442,360
050,27,131,"Minnesota","Rice County",3,33,819,430,389
050,27,131,"Minnesota","Rice County",3,34,819,453,366
050,27,131,"Minnesota","Rice County",3,35,859,489,370
050,27,131,"Minnesota","Rice County",3,36,821,452,369
050,27,131,"Minnesota","Rice County",3,37,841,491,350
050,27,131,"Minnesota","Rice County",3,38,834,475,359
050,27,131,"Minnesota","Rice County",3,39,826,453,373
050,27,131,"Minnesota","Rice County",3,40,848,461,387
050,27,131,"Minnesota","Rice County",3,41,884,487,397
050,27,131,"Minnesota","Rice County",3,42,830,449,381
050,27,131,"Minnesota","Rice County",3,43,762,408,354
050,27,131,"Minnesota","Rice County",3,44,758,410,348
050,27,131,"Minnesota","Rice County",3,45,742,407,335
050,27,131,"Minnesota","Rice County",3,46,727,408,319
050,27,131,"Minnesota","Rice County",3,47,738,393,345
050,27,131,"Minnesota","Rice County",3,48,724,385,339
050,27,131,"Minnesota","Rice County",3,49,765,419,346
050,27,131,"Minnesota","Rice County",3,50,837,452,385
050,27,131,"Minnesota","Rice County",3,51,873,464,409
050,27,131,"Minnesota","Rice County",3,52,821,435,386
050,27,131,"Minnesota","Rice County",3,53,791,402,389
050,27,131,"Minnesota","Rice County",3,54,771,411,360
050,27,131,"Minnesota","Rice County",3,55,799,410,389
050,27,131,"Minnesota","Rice County",3,56,861,451,410
050,27,131,"Minnesota","Rice County",3,57,864,453,411
050,27,131,"Minnesota","Rice County",3,58,880,465,415
050,27,131,"Minnesota","Rice County",3,59,857,442,415
050,27,131,"Minnesota","Rice County",3,60,873,458,415
050,27,131,"Minnesota","Rice County",3,61,853,433,420
050,27,131,"Minnesota","Rice County",3,62,884,428,456
050,27,131,"Minnesota","Rice County",3,63,870,437,433
050,27,131,"Minnesota","Rice County",3,64,804,402,402
050,27,131,"Minnesota","Rice County",3,65,760,387,373
050,27,131,"Minnesota","Rice County",3,66,731,367,364
050,27,131,"Minnesota","Rice County",3,67,735,349,386
050,27,131,"Minnesota","Rice County",3,68,681,324,357
050,27,131,"Minnesota","Rice County",3,69,670,326,344
050,27,131,"Minnesota","Rice County",3,70,644,309,335
050,27,131,"Minnesota","Rice County",3,71,575,289,286
050,27,131,"Minnesota","Rice County",3,72,573,284,289
050,27,131,"Minnesota","Rice County",3,73,554,274,280
050,27,131,"Minnesota","Rice County",3,74,577,273,304
050,27,131,"Minnesota","Rice County",3,75,395,189,206
050,27,131,"Minnesota","Rice County",3,76,389,190,199
050,27,131,"Minnesota","Rice County",3,77,359,176,183
050,27,131,"Minnesota","Rice County",3,78,377,173,204
050,27,131,"Minnesota","Rice County",3,79,316,150,166
050,27,131,"Minnesota","Rice County",3,80,292,138,154
050,27,131,"Minnesota","Rice County",3,81,274,129,145
050,27,131,"Minnesota","Rice County",3,82,276,131,145
050,27,131,"Minnesota","Rice County",3,83,232,95,137
050,27,131,"Minnesota","Rice County",3,84,203,90,113
050,27,131,"Minnesota","Rice County",3,85,1226,461,765
050,27,131,"Minnesota","Rice County",4,0,672,328,344
050,27,131,"Minnesota","Rice County",4,1,657,340,317
050,27,131,"Minnesota","Rice County",4,2,775,392,383
050,27,131,"Minnesota","Rice County",4,3,768,389,379
050,27,131,"Minnesota","Rice County",4,4,786,405,381
050,27,131,"Minnesota","Rice County",4,5,797,392,405
050,27,131,"Minnesota","Rice County",4,6,840,404,436
050,27,131,"Minnesota","Rice County",4,7,770,383,387
050,27,131,"Minnesota","Rice County",4,8,793,397,396
050,27,131,"Minnesota","Rice County",4,9,793,412,381
050,27,131,"Minnesota","Rice County",4,10,794,386,408
050,27,131,"Minnesota","Rice County",4,11,792,409,383
050,27,131,"Minnesota","Rice County",4,12,829,426,403
050,27,131,"Minnesota","Rice County",4,13,874,434,440
050,27,131,"Minnesota","Rice County",4,14,867,435,432
050,27,131,"Minnesota","Rice County",4,15,873,436,437
050,27,131,"Minnesota","Rice County",4,16,863,440,423
050,27,131,"Minnesota","Rice County",4,17,899,445,454
050,27,131,"Minnesota","Rice County",4,18,1271,607,664
050,27,131,"Minnesota","Rice County",4,19,1868,893,975
050,27,131,"Minnesota","Rice County",4,20,1804,926,878
050,27,131,"Minnesota","Rice County",4,21,1751,888,863
050,27,131,"Minnesota","Rice County",4,22,1384,720,664
050,27,131,"Minnesota","Rice County",4,23,794,433,361
050,27,131,"Minnesota","Rice County",4,24,747,422,325
050,27,131,"Minnesota","Rice County",4,25,711,382,329
050,27,131,"Minnesota","Rice County",4,26,800,428,372
050,27,131,"Minnesota","Rice County",4,27,730,409,321
050,27,131,"Minnesota","Rice County",4,28,762,441,321
050,27,131,"Minnesota","Rice County",4,29,760,415,345
050,27,131,"Minnesota","Rice County",4,30,762,410,352
050,27,131,"Minnesota","Rice County",4,31,809,450,359
050,27,131,"Minnesota","Rice County",4,32,789,449,340
050,27,131,"Minnesota","Rice County",4,33,858,479,379
050,27,131,"Minnesota","Rice County",4,34,829,447,382
050,27,131,"Minnesota","Rice County",4,35,819,457,362
050,27,131,"Minnesota","Rice County",4,36,871,490,381
050,27,131,"Minnesota","Rice County",4,37,831,468,363
050,27,131,"Minnesota","Rice County",4,38,839,493,346
050,27,131,"Minnesota","Rice County",4,39,825,462,363
050,27,131,"Minnesota","Rice County",4,40,824,449,375
050,27,131,"Minnesota","Rice County",4,41,854,466,388
050,27,131,"Minnesota","Rice County",4,42,868,471,397
050,27,131,"Minnesota","Rice County",4,43,809,442,367
050,27,131,"Minnesota","Rice County",4,44,753,407,346
050,27,131,"Minnesota","Rice County",4,45,763,416,347
050,27,131,"Minnesota","Rice County",4,46,738,402,336
050,27,131,"Minnesota","Rice County",4,47,741,412,329
050,27,131,"Minnesota","Rice County",4,48,731,385,346
050,27,131,"Minnesota","Rice County",4,49,721,383,338
050,27,131,"Minnesota","Rice County",4,50,736,390,346
050,27,131,"Minnesota","Rice County",4,51,849,455,394
050,27,131,"Minnesota","Rice County",4,52,880,479,401
050,27,131,"Minnesota","Rice County",4,53,820,428,392
050,27,131,"Minnesota","Rice County",4,54,786,403,383
050,27,131,"Minnesota","Rice County",4,55,798,434,364
050,27,131,"Minnesota","Rice County",4,56,791,401,390
050,27,131,"Minnesota","Rice County",4,57,856,449,407
050,27,131,"Minnesota","Rice County",4,58,873,464,409
050,27,131,"Minnesota","Rice County",4,59,869,447,422
050,27,131,"Minnesota","Rice County",4,60,861,443,418
050,27,131,"Minnesota","Rice County",4,61,857,458,399
050,27,131,"Minnesota","Rice County",4,62,861,422,439
050,27,131,"Minnesota","Rice County",4,63,854,415,439
050,27,131,"Minnesota","Rice County",4,64,862,434,428
050,27,131,"Minnesota","Rice County",4,65,797,400,397
050,27,131,"Minnesota","Rice County",4,66,741,379,362
050,27,131,"Minnesota","Rice County",4,67,722,357,365
050,27,131,"Minnesota","Rice County",4,68,716,341,375
050,27,131,"Minnesota","Rice County",4,69,657,311,346
050,27,131,"Minnesota","Rice County",4,70,654,309,345
050,27,131,"Minnesota","Rice County",4,71,643,314,329
050,27,131,"Minnesota","Rice County",4,72,561,277,284
050,27,131,"Minnesota","Rice County",4,73,575,282,293
050,27,131,"Minnesota","Rice County",4,74,538,265,273
050,27,131,"Minnesota","Rice County",4,75,566,261,305
050,27,131,"Minnesota","Rice County",4,76,378,181,197
050,27,131,"Minnesota","Rice County",4,77,371,180,191
050,27,131,"Minnesota","Rice County",4,78,337,158,179
050,27,131,"Minnesota","Rice County",4,79,366,170,196
050,27,131,"Minnesota","Rice County",4,80,295,141,154
050,27,131,"Minnesota","Rice County",4,81,266,121,145
050,27,131,"Minnesota","Rice County",4,82,262,133,129
050,27,131,"Minnesota","Rice County",4,83,259,111,148
050,27,131,"Minnesota","Rice County",4,84,203,88,115
050,27,131,"Minnesota","Rice County",4,85,1205,456,749
050,27,131,"Minnesota","Rice County",5,0,677,329,348
050,27,131,"Minnesota","Rice County",5,1,699,349,350
050,27,131,"Minnesota","Rice County",5,2,678,348,330
050,27,131,"Minnesota","Rice County",5,3,770,391,379
050,27,131,"Minnesota","Rice County",5,4,776,393,383
050,27,131,"Minnesota","Rice County",5,5,760,397,363
050,27,131,"Minnesota","Rice County",5,6,818,401,417
050,27,131,"Minnesota","Rice County",5,7,840,415,425
050,27,131,"Minnesota","Rice County",5,8,766,387,379
050,27,131,"Minnesota","Rice County",5,9,803,412,391
050,27,131,"Minnesota","Rice County",5,10,790,408,382
050,27,131,"Minnesota","Rice County",5,11,791,396,395
050,27,131,"Minnesota","Rice County",5,12,786,403,383
050,27,131,"Minnesota","Rice County",5,13,831,424,407
050,27,131,"Minnesota","Rice County",5,14,850,426,424
050,27,131,"Minnesota","Rice County",5,15,868,439,429
050,27,131,"Minnesota","Rice County",5,16,879,443,436
050,27,131,"Minnesota","Rice County",5,17,887,452,435
050,27,131,"Minnesota","Rice County",5,18,1271,608,663
050,27,131,"Minnesota","Rice County",5,19,1897,903,994
050,27,131,"Minnesota","Rice County",5,20,1850,941,909
050,27,131,"Minnesota","Rice County",5,21,1763,904,859
050,27,131,"Minnesota","Rice County",5,22,1393,748,645
050,27,131,"Minnesota","Rice County",5,23,842,467,375
050,27,131,"Minnesota","Rice County",5,24,759,442,317
050,27,131,"Minnesota","Rice County",5,25,738,412,326
050,27,131,"Minnesota","Rice County",5,26,758,416,342
050,27,131,"Minnesota","Rice County",5,27,791,406,385
050,27,131,"Minnesota","Rice County",5,28,748,429,319
050,27,131,"Minnesota","Rice County",5,29,799,450,349
050,27,131,"Minnesota","Rice County",5,30,774,424,350
050,27,131,"Minnesota","Rice County",5,31,796,436,360
050,27,131,"Minnesota","Rice County",5,32,819,447,372
050,27,131,"Minnesota","Rice County",5,33,813,475,338
050,27,131,"Minnesota","Rice County",5,34,874,488,386
050,27,131,"Minnesota","Rice County",5,35,863,478,385
050,27,131,"Minnesota","Rice County",5,36,809,443,366
050,27,131,"Minnesota","Rice County",5,37,886,513,373
050,27,131,"Minnesota","Rice County",5,38,828,463,365
050,27,131,"Minnesota","Rice County",5,39,856,503,353
050,27,131,"Minnesota","Rice County",5,40,813,451,362
050,27,131,"Minnesota","Rice County",5,41,841,466,375
050,27,131,"Minnesota","Rice County",5,42,854,458,396
050,27,131,"Minnesota","Rice County",5,43,879,471,408
050,27,131,"Minnesota","Rice County",5,44,810,441,369
050,27,131,"Minnesota","Rice County",5,45,753,414,339
050,27,131,"Minnesota","Rice County",5,46,762,424,338
050,27,131,"Minnesota","Rice County",5,47,768,420,348
050,27,131,"Minnesota","Rice County",5,48,760,431,329
050,27,131,"Minnesota","Rice County",5,49,735,393,342
050,27,131,"Minnesota","Rice County",5,50,710,375,335
050,27,131,"Minnesota","Rice County",5,51,748,400,348
050,27,131,"Minnesota","Rice County",5,52,850,461,389
050,27,131,"Minnesota","Rice County",5,53,868,468,400
050,27,131,"Minnesota","Rice County",5,54,795,413,382
050,27,131,"Minnesota","Rice County",5,55,806,416,390
050,27,131,"Minnesota","Rice County",5,56,779,424,355
050,27,131,"Minnesota","Rice County",5,57,803,404,399
050,27,131,"Minnesota","Rice County",5,58,857,459,398
050,27,131,"Minnesota","Rice County",5,59,853,440,413
050,27,131,"Minnesota","Rice County",5,60,864,446,418
050,27,131,"Minnesota","Rice County",5,61,848,437,411
050,27,131,"Minnesota","Rice County",5,62,845,440,405
050,27,131,"Minnesota","Rice County",5,63,858,423,435
050,27,131,"Minnesota","Rice County",5,64,826,403,423
050,27,131,"Minnesota","Rice County",5,65,849,426,423
050,27,131,"Minnesota","Rice County",5,66,775,393,382
050,27,131,"Minnesota","Rice County",5,67,735,376,359
050,27,131,"Minnesota","Rice County",5,68,703,349,354
050,27,131,"Minnesota","Rice County",5,69,704,336,368
050,27,131,"Minnesota","Rice County",5,70,644,301,343
050,27,131,"Minnesota","Rice County",5,71,652,311,341
050,27,131,"Minnesota","Rice County",5,72,612,301,311
050,27,131,"Minnesota","Rice County",5,73,562,280,282
050,27,131,"Minnesota","Rice County",5,74,555,269,286
050,27,131,"Minnesota","Rice County",5,75,519,251,268
050,27,131,"Minnesota","Rice County",5,76,543,249,294
050,27,131,"Minnesota","Rice County",5,77,365,170,195
050,27,131,"Minnesota","Rice County",5,78,360,167,193
050,27,131,"Minnesota","Rice County",5,79,326,153,173
050,27,131,"Minnesota","Rice County",5,80,350,159,191
050,27,131,"Minnesota","Rice County",5,81,272,127,145
050,27,131,"Minnesota","Rice County",5,82,262,122,140
050,27,131,"Minnesota","Rice County",5,83,245,116,129
050,27,131,"Minnesota","Rice County",5,84,220,99,121
050,27,131,"Minnesota","Rice County",5,85,1214,458,756
050,27,133,"Minnesota","Rock County",1,0,95,50,45
050,27,133,"Minnesota","Rock County",1,1,103,53,50
050,27,133,"Minnesota","Rock County",1,2,106,49,57
050,27,133,"Minnesota","Rock County",1,3,112,51,61
050,27,133,"Minnesota","Rock County",1,4,108,51,57
050,27,133,"Minnesota","Rock County",1,5,119,51,68
050,27,133,"Minnesota","Rock County",1,6,131,62,69
050,27,133,"Minnesota","Rock County",1,7,126,51,75
050,27,133,"Minnesota","Rock County",1,8,138,63,75
050,27,133,"Minnesota","Rock County",1,9,135,68,67
050,27,133,"Minnesota","Rock County",1,10,151,81,70
050,27,133,"Minnesota","Rock County",1,11,149,76,73
050,27,133,"Minnesota","Rock County",1,12,158,86,72
050,27,133,"Minnesota","Rock County",1,13,166,91,75
050,27,133,"Minnesota","Rock County",1,14,168,85,83
050,27,133,"Minnesota","Rock County",1,15,164,84,80
050,27,133,"Minnesota","Rock County",1,16,167,91,76
050,27,133,"Minnesota","Rock County",1,17,154,88,66
050,27,133,"Minnesota","Rock County",1,18,114,54,60
050,27,133,"Minnesota","Rock County",1,19,107,59,48
050,27,133,"Minnesota","Rock County",1,20,97,53,44
050,27,133,"Minnesota","Rock County",1,21,97,51,46
050,27,133,"Minnesota","Rock County",1,22,98,46,52
050,27,133,"Minnesota","Rock County",1,23,92,49,43
050,27,133,"Minnesota","Rock County",1,24,96,50,46
050,27,133,"Minnesota","Rock County",1,25,106,53,53
050,27,133,"Minnesota","Rock County",1,26,99,58,41
050,27,133,"Minnesota","Rock County",1,27,105,58,47
050,27,133,"Minnesota","Rock County",1,28,105,55,50
050,27,133,"Minnesota","Rock County",1,29,102,54,48
050,27,133,"Minnesota","Rock County",1,30,94,51,43
050,27,133,"Minnesota","Rock County",1,31,98,51,47
050,27,133,"Minnesota","Rock County",1,32,101,46,55
050,27,133,"Minnesota","Rock County",1,33,106,58,48
050,27,133,"Minnesota","Rock County",1,34,96,51,45
050,27,133,"Minnesota","Rock County",1,35,109,54,55
050,27,133,"Minnesota","Rock County",1,36,116,65,51
050,27,133,"Minnesota","Rock County",1,37,111,59,52
050,27,133,"Minnesota","Rock County",1,38,112,51,61
050,27,133,"Minnesota","Rock County",1,39,99,47,52
050,27,133,"Minnesota","Rock County",1,40,116,60,56
050,27,133,"Minnesota","Rock County",1,41,123,60,63
050,27,133,"Minnesota","Rock County",1,42,120,61,59
050,27,133,"Minnesota","Rock County",1,43,120,59,61
050,27,133,"Minnesota","Rock County",1,44,128,64,64
050,27,133,"Minnesota","Rock County",1,45,119,57,62
050,27,133,"Minnesota","Rock County",1,46,116,60,56
050,27,133,"Minnesota","Rock County",1,47,109,61,48
050,27,133,"Minnesota","Rock County",1,48,119,61,58
050,27,133,"Minnesota","Rock County",1,49,121,60,61
050,27,133,"Minnesota","Rock County",1,50,105,51,54
050,27,133,"Minnesota","Rock County",1,51,106,44,62
050,27,133,"Minnesota","Rock County",1,52,99,54,45
050,27,133,"Minnesota","Rock County",1,53,102,54,48
050,27,133,"Minnesota","Rock County",1,54,111,56,55
050,27,133,"Minnesota","Rock County",1,55,115,51,64
050,27,133,"Minnesota","Rock County",1,56,131,62,69
050,27,133,"Minnesota","Rock County",1,57,131,66,65
050,27,133,"Minnesota","Rock County",1,58,148,68,80
050,27,133,"Minnesota","Rock County",1,59,135,70,65
050,27,133,"Minnesota","Rock County",1,60,144,77,67
050,27,133,"Minnesota","Rock County",1,61,140,73,67
050,27,133,"Minnesota","Rock County",1,62,143,70,73
050,27,133,"Minnesota","Rock County",1,63,129,66,63
050,27,133,"Minnesota","Rock County",1,64,122,63,59
050,27,133,"Minnesota","Rock County",1,65,123,64,59
050,27,133,"Minnesota","Rock County",1,66,131,68,63
050,27,133,"Minnesota","Rock County",1,67,111,49,62
050,27,133,"Minnesota","Rock County",1,68,106,50,56
050,27,133,"Minnesota","Rock County",1,69,93,45,48
050,27,133,"Minnesota","Rock County",1,70,102,52,50
050,27,133,"Minnesota","Rock County",1,71,97,48,49
050,27,133,"Minnesota","Rock County",1,72,99,43,56
050,27,133,"Minnesota","Rock County",1,73,94,45,49
050,27,133,"Minnesota","Rock County",1,74,69,34,35
050,27,133,"Minnesota","Rock County",1,75,72,40,32
050,27,133,"Minnesota","Rock County",1,76,80,41,39
050,27,133,"Minnesota","Rock County",1,77,70,34,36
050,27,133,"Minnesota","Rock County",1,78,64,31,33
050,27,133,"Minnesota","Rock County",1,79,62,34,28
050,27,133,"Minnesota","Rock County",1,80,55,27,28
050,27,133,"Minnesota","Rock County",1,81,54,21,33
050,27,133,"Minnesota","Rock County",1,82,45,16,29
050,27,133,"Minnesota","Rock County",1,83,52,25,27
050,27,133,"Minnesota","Rock County",1,84,42,20,22
050,27,133,"Minnesota","Rock County",1,85,310,102,208
050,27,133,"Minnesota","Rock County",2,0,93,47,46
050,27,133,"Minnesota","Rock County",2,1,101,52,49
050,27,133,"Minnesota","Rock County",2,2,108,53,55
050,27,133,"Minnesota","Rock County",2,3,112,52,60
050,27,133,"Minnesota","Rock County",2,4,110,52,58
050,27,133,"Minnesota","Rock County",2,5,116,51,65
050,27,133,"Minnesota","Rock County",2,6,127,58,69
050,27,133,"Minnesota","Rock County",2,7,129,55,74
050,27,133,"Minnesota","Rock County",2,8,136,61,75
050,27,133,"Minnesota","Rock County",2,9,135,67,68
050,27,133,"Minnesota","Rock County",2,10,148,79,69
050,27,133,"Minnesota","Rock County",2,11,147,76,71
050,27,133,"Minnesota","Rock County",2,12,158,85,73
050,27,133,"Minnesota","Rock County",2,13,164,89,75
050,27,133,"Minnesota","Rock County",2,14,165,85,80
050,27,133,"Minnesota","Rock County",2,15,164,83,81
050,27,133,"Minnesota","Rock County",2,16,165,88,77
050,27,133,"Minnesota","Rock County",2,17,159,90,69
050,27,133,"Minnesota","Rock County",2,18,117,59,58
050,27,133,"Minnesota","Rock County",2,19,101,54,47
050,27,133,"Minnesota","Rock County",2,20,102,56,46
050,27,133,"Minnesota","Rock County",2,21,97,50,47
050,27,133,"Minnesota","Rock County",2,22,98,47,51
050,27,133,"Minnesota","Rock County",2,23,96,49,47
050,27,133,"Minnesota","Rock County",2,24,96,51,45
050,27,133,"Minnesota","Rock County",2,25,103,52,51
050,27,133,"Minnesota","Rock County",2,26,101,58,43
050,27,133,"Minnesota","Rock County",2,27,102,57,45
050,27,133,"Minnesota","Rock County",2,28,105,55,50
050,27,133,"Minnesota","Rock County",2,29,102,53,49
050,27,133,"Minnesota","Rock County",2,30,99,53,46
050,27,133,"Minnesota","Rock County",2,31,95,50,45
050,27,133,"Minnesota","Rock County",2,32,102,49,53
050,27,133,"Minnesota","Rock County",2,33,104,55,49
050,27,133,"Minnesota","Rock County",2,34,99,54,45
050,27,133,"Minnesota","Rock County",2,35,106,53,53
050,27,133,"Minnesota","Rock County",2,36,114,62,52
050,27,133,"Minnesota","Rock County",2,37,115,62,53
050,27,133,"Minnesota","Rock County",2,38,114,53,61
050,27,133,"Minnesota","Rock County",2,39,102,48,54
050,27,133,"Minnesota","Rock County",2,40,113,57,56
050,27,133,"Minnesota","Rock County",2,41,120,60,60
050,27,133,"Minnesota","Rock County",2,42,121,61,60
050,27,133,"Minnesota","Rock County",2,43,120,60,60
050,27,133,"Minnesota","Rock County",2,44,123,61,62
050,27,133,"Minnesota","Rock County",2,45,122,58,64
050,27,133,"Minnesota","Rock County",2,46,116,59,57
050,27,133,"Minnesota","Rock County",2,47,112,61,51
050,27,133,"Minnesota","Rock County",2,48,114,60,54
050,27,133,"Minnesota","Rock County",2,49,120,61,59
050,27,133,"Minnesota","Rock County",2,50,111,54,57
050,27,133,"Minnesota","Rock County",2,51,106,46,60
050,27,133,"Minnesota","Rock County",2,52,101,52,49
050,27,133,"Minnesota","Rock County",2,53,102,54,48
050,27,133,"Minnesota","Rock County",2,54,107,55,52
050,27,133,"Minnesota","Rock County",2,55,112,50,62
050,27,133,"Minnesota","Rock County",2,56,126,59,67
050,27,133,"Minnesota","Rock County",2,57,131,65,66
050,27,133,"Minnesota","Rock County",2,58,144,67,77
050,27,133,"Minnesota","Rock County",2,59,140,72,68
050,27,133,"Minnesota","Rock County",2,60,141,75,66
050,27,133,"Minnesota","Rock County",2,61,141,74,67
050,27,133,"Minnesota","Rock County",2,62,143,71,72
050,27,133,"Minnesota","Rock County",2,63,132,67,65
050,27,133,"Minnesota","Rock County",2,64,123,63,60
050,27,133,"Minnesota","Rock County",2,65,120,63,57
050,27,133,"Minnesota","Rock County",2,66,130,68,62
050,27,133,"Minnesota","Rock County",2,67,115,53,62
050,27,133,"Minnesota","Rock County",2,68,106,49,57
050,27,133,"Minnesota","Rock County",2,69,97,46,51
050,27,133,"Minnesota","Rock County",2,70,98,50,48
050,27,133,"Minnesota","Rock County",2,71,98,49,49
050,27,133,"Minnesota","Rock County",2,72,97,44,53
050,27,133,"Minnesota","Rock County",2,73,100,47,53
050,27,133,"Minnesota","Rock County",2,74,71,35,36
050,27,133,"Minnesota","Rock County",2,75,68,35,33
050,27,133,"Minnesota","Rock County",2,76,73,37,36
050,27,133,"Minnesota","Rock County",2,77,75,37,38
050,27,133,"Minnesota","Rock County",2,78,65,32,33
050,27,133,"Minnesota","Rock County",2,79,62,33,29
050,27,133,"Minnesota","Rock County",2,80,54,28,26
050,27,133,"Minnesota","Rock County",2,81,54,22,32
050,27,133,"Minnesota","Rock County",2,82,47,17,30
050,27,133,"Minnesota","Rock County",2,83,52,24,28
050,27,133,"Minnesota","Rock County",2,84,42,20,22
050,27,133,"Minnesota","Rock County",2,85,304,100,204
050,27,133,"Minnesota","Rock County",3,0,106,50,56
050,27,133,"Minnesota","Rock County",3,1,91,45,46
050,27,133,"Minnesota","Rock County",3,2,107,55,52
050,27,133,"Minnesota","Rock County",3,3,112,52,60
050,27,133,"Minnesota","Rock County",3,4,108,50,58
050,27,133,"Minnesota","Rock County",3,5,111,49,62
050,27,133,"Minnesota","Rock County",3,6,127,60,67
050,27,133,"Minnesota","Rock County",3,7,134,64,70
050,27,133,"Minnesota","Rock County",3,8,129,54,75
050,27,133,"Minnesota","Rock County",3,9,139,63,76
050,27,133,"Minnesota","Rock County",3,10,134,62,72
050,27,133,"Minnesota","Rock County",3,11,150,79,71
050,27,133,"Minnesota","Rock County",3,12,141,71,70
050,27,133,"Minnesota","Rock County",3,13,163,90,73
050,27,133,"Minnesota","Rock County",3,14,169,94,75
050,27,133,"Minnesota","Rock County",3,15,163,82,81
050,27,133,"Minnesota","Rock County",3,16,165,83,82
050,27,133,"Minnesota","Rock County",3,17,172,93,79
050,27,133,"Minnesota","Rock County",3,18,138,80,58
050,27,133,"Minnesota","Rock County",3,19,91,45,46
050,27,133,"Minnesota","Rock County",3,20,109,58,51
050,27,133,"Minnesota","Rock County",3,21,108,59,49
050,27,133,"Minnesota","Rock County",3,22,97,50,47
050,27,133,"Minnesota","Rock County",3,23,103,50,53
050,27,133,"Minnesota","Rock County",3,24,98,49,49
050,27,133,"Minnesota","Rock County",3,25,92,49,43
050,27,133,"Minnesota","Rock County",3,26,105,54,51
050,27,133,"Minnesota","Rock County",3,27,102,58,44
050,27,133,"Minnesota","Rock County",3,28,108,57,51
050,27,133,"Minnesota","Rock County",3,29,106,60,46
050,27,133,"Minnesota","Rock County",3,30,107,55,52
050,27,133,"Minnesota","Rock County",3,31,95,47,48
050,27,133,"Minnesota","Rock County",3,32,99,51,48
050,27,133,"Minnesota","Rock County",3,33,100,48,52
050,27,133,"Minnesota","Rock County",3,34,109,58,51
050,27,133,"Minnesota","Rock County",3,35,92,51,41
050,27,133,"Minnesota","Rock County",3,36,113,60,53
050,27,133,"Minnesota","Rock County",3,37,121,65,56
050,27,133,"Minnesota","Rock County",3,38,118,59,59
050,27,133,"Minnesota","Rock County",3,39,117,55,62
050,27,133,"Minnesota","Rock County",3,40,111,56,55
050,27,133,"Minnesota","Rock County",3,41,114,59,55
050,27,133,"Minnesota","Rock County",3,42,124,59,65
050,27,133,"Minnesota","Rock County",3,43,128,66,62
050,27,133,"Minnesota","Rock County",3,44,119,61,58
050,27,133,"Minnesota","Rock County",3,45,123,61,62
050,27,133,"Minnesota","Rock County",3,46,125,62,63
050,27,133,"Minnesota","Rock County",3,47,113,60,53
050,27,133,"Minnesota","Rock County",3,48,110,59,51
050,27,133,"Minnesota","Rock County",3,49,107,56,51
050,27,133,"Minnesota","Rock County",3,50,124,61,63
050,27,133,"Minnesota","Rock County",3,51,107,53,54
050,27,133,"Minnesota","Rock County",3,52,102,45,57
050,27,133,"Minnesota","Rock County",3,53,102,52,50
050,27,133,"Minnesota","Rock County",3,54,106,58,48
050,27,133,"Minnesota","Rock County",3,55,109,55,54
050,27,133,"Minnesota","Rock County",3,56,106,46,60
050,27,133,"Minnesota","Rock County",3,57,125,60,65
050,27,133,"Minnesota","Rock County",3,58,132,64,68
050,27,133,"Minnesota","Rock County",3,59,147,73,74
050,27,133,"Minnesota","Rock County",3,60,132,66,66
050,27,133,"Minnesota","Rock County",3,61,140,76,64
050,27,133,"Minnesota","Rock County",3,62,142,76,66
050,27,133,"Minnesota","Rock County",3,63,136,64,72
050,27,133,"Minnesota","Rock County",3,64,130,64,66
050,27,133,"Minnesota","Rock County",3,65,117,59,58
050,27,133,"Minnesota","Rock County",3,66,117,62,55
050,27,133,"Minnesota","Rock County",3,67,125,64,61
050,27,133,"Minnesota","Rock County",3,68,111,50,61
050,27,133,"Minnesota","Rock County",3,69,105,45,60
050,27,133,"Minnesota","Rock County",3,70,96,45,51
050,27,133,"Minnesota","Rock County",3,71,97,51,46
050,27,133,"Minnesota","Rock County",3,72,88,39,49
050,27,133,"Minnesota","Rock County",3,73,87,39,48
050,27,133,"Minnesota","Rock County",3,74,98,48,50
050,27,133,"Minnesota","Rock County",3,75,67,32,35
050,27,133,"Minnesota","Rock County",3,76,66,31,35
050,27,133,"Minnesota","Rock County",3,77,74,40,34
050,27,133,"Minnesota","Rock County",3,78,70,34,36
050,27,133,"Minnesota","Rock County",3,79,65,30,35
050,27,133,"Minnesota","Rock County",3,80,57,31,26
050,27,133,"Minnesota","Rock County",3,81,53,26,27
050,27,133,"Minnesota","Rock County",3,82,46,17,29
050,27,133,"Minnesota","Rock County",3,83,53,23,30
050,27,133,"Minnesota","Rock County",3,84,44,20,24
050,27,133,"Minnesota","Rock County",3,85,286,97,189
050,27,133,"Minnesota","Rock County",4,0,86,42,44
050,27,133,"Minnesota","Rock County",4,1,106,50,56
050,27,133,"Minnesota","Rock County",4,2,96,49,47
050,27,133,"Minnesota","Rock County",4,3,102,56,46
050,27,133,"Minnesota","Rock County",4,4,116,56,60
050,27,133,"Minnesota","Rock County",4,5,111,56,55
050,27,133,"Minnesota","Rock County",4,6,111,51,60
050,27,133,"Minnesota","Rock County",4,7,123,57,66
050,27,133,"Minnesota","Rock County",4,8,135,64,71
050,27,133,"Minnesota","Rock County",4,9,136,60,76
050,27,133,"Minnesota","Rock County",4,10,129,57,72
050,27,133,"Minnesota","Rock County",4,11,132,62,70
050,27,133,"Minnesota","Rock County",4,12,145,73,72
050,27,133,"Minnesota","Rock County",4,13,147,77,70
050,27,133,"Minnesota","Rock County",4,14,161,83,78
050,27,133,"Minnesota","Rock County",4,15,163,90,73
050,27,133,"Minnesota","Rock County",4,16,160,79,81
050,27,133,"Minnesota","Rock County",4,17,165,86,79
050,27,133,"Minnesota","Rock County",4,18,140,77,63
050,27,133,"Minnesota","Rock County",4,19,98,54,44
050,27,133,"Minnesota","Rock County",4,20,90,49,41
050,27,133,"Minnesota","Rock County",4,21,105,53,52
050,27,133,"Minnesota","Rock County",4,22,112,59,53
050,27,133,"Minnesota","Rock County",4,23,88,43,45
050,27,133,"Minnesota","Rock County",4,24,97,46,51
050,27,133,"Minnesota","Rock County",4,25,107,54,53
050,27,133,"Minnesota","Rock County",4,26,96,54,42
050,27,133,"Minnesota","Rock County",4,27,103,44,59
050,27,133,"Minnesota","Rock County",4,28,95,53,42
050,27,133,"Minnesota","Rock County",4,29,112,58,54
050,27,133,"Minnesota","Rock County",4,30,108,58,50
050,27,133,"Minnesota","Rock County",4,31,101,56,45
050,27,133,"Minnesota","Rock County",4,32,97,49,48
050,27,133,"Minnesota","Rock County",4,33,97,49,48
050,27,133,"Minnesota","Rock County",4,34,104,50,54
050,27,133,"Minnesota","Rock County",4,35,110,61,49
050,27,133,"Minnesota","Rock County",4,36,91,52,39
050,27,133,"Minnesota","Rock County",4,37,118,60,58
050,27,133,"Minnesota","Rock County",4,38,116,59,57
050,27,133,"Minnesota","Rock County",4,39,113,58,55
050,27,133,"Minnesota","Rock County",4,40,119,55,64
050,27,133,"Minnesota","Rock County",4,41,113,59,54
050,27,133,"Minnesota","Rock County",4,42,115,60,55
050,27,133,"Minnesota","Rock County",4,43,119,55,64
050,27,133,"Minnesota","Rock County",4,44,128,66,62
050,27,133,"Minnesota","Rock County",4,45,117,61,56
050,27,133,"Minnesota","Rock County",4,46,120,59,61
050,27,133,"Minnesota","Rock County",4,47,127,65,62
050,27,133,"Minnesota","Rock County",4,48,113,60,53
050,27,133,"Minnesota","Rock County",4,49,98,56,42
050,27,133,"Minnesota","Rock County",4,50,120,61,59
050,27,133,"Minnesota","Rock County",4,51,124,64,60
050,27,133,"Minnesota","Rock County",4,52,107,54,53
050,27,133,"Minnesota","Rock County",4,53,104,47,57
050,27,133,"Minnesota","Rock County",4,54,103,54,49
050,27,133,"Minnesota","Rock County",4,55,103,53,50
050,27,133,"Minnesota","Rock County",4,56,112,57,55
050,27,133,"Minnesota","Rock County",4,57,98,41,57
050,27,133,"Minnesota","Rock County",4,58,118,56,62
050,27,133,"Minnesota","Rock County",4,59,137,71,66
050,27,133,"Minnesota","Rock County",4,60,140,67,73
050,27,133,"Minnesota","Rock County",4,61,133,67,66
050,27,133,"Minnesota","Rock County",4,62,139,75,64
050,27,133,"Minnesota","Rock County",4,63,139,72,67
050,27,133,"Minnesota","Rock County",4,64,132,62,70
050,27,133,"Minnesota","Rock County",4,65,126,64,62
050,27,133,"Minnesota","Rock County",4,66,117,58,59
050,27,133,"Minnesota","Rock County",4,67,114,56,58
050,27,133,"Minnesota","Rock County",4,68,123,64,59
050,27,133,"Minnesota","Rock County",4,69,106,45,61
050,27,133,"Minnesota","Rock County",4,70,102,42,60
050,27,133,"Minnesota","Rock County",4,71,94,49,45
050,27,133,"Minnesota","Rock County",4,72,89,44,45
050,27,133,"Minnesota","Rock County",4,73,83,35,48
050,27,133,"Minnesota","Rock County",4,74,87,42,45
050,27,133,"Minnesota","Rock County",4,75,92,44,48
050,27,133,"Minnesota","Rock County",4,76,66,29,37
050,27,133,"Minnesota","Rock County",4,77,69,35,34
050,27,133,"Minnesota","Rock County",4,78,72,37,35
050,27,133,"Minnesota","Rock County",4,79,67,34,33
050,27,133,"Minnesota","Rock County",4,80,63,28,35
050,27,133,"Minnesota","Rock County",4,81,58,31,27
050,27,133,"Minnesota","Rock County",4,82,48,24,24
050,27,133,"Minnesota","Rock County",4,83,53,22,31
050,27,133,"Minnesota","Rock County",4,84,43,18,25
050,27,133,"Minnesota","Rock County",4,85,282,97,185
050,27,133,"Minnesota","Rock County",5,0,56,26,30
050,27,133,"Minnesota","Rock County",5,1,92,46,46
050,27,133,"Minnesota","Rock County",5,2,106,55,51
050,27,133,"Minnesota","Rock County",5,3,99,52,47
050,27,133,"Minnesota","Rock County",5,4,99,54,45
050,27,133,"Minnesota","Rock County",5,5,115,51,64
050,27,133,"Minnesota","Rock County",5,6,110,56,54
050,27,133,"Minnesota","Rock County",5,7,115,54,61
050,27,133,"Minnesota","Rock County",5,8,127,59,68
050,27,133,"Minnesota","Rock County",5,9,136,63,73
050,27,133,"Minnesota","Rock County",5,10,134,59,75
050,27,133,"Minnesota","Rock County",5,11,130,57,73
050,27,133,"Minnesota","Rock County",5,12,130,62,68
050,27,133,"Minnesota","Rock County",5,13,148,78,70
050,27,133,"Minnesota","Rock County",5,14,148,78,70
050,27,133,"Minnesota","Rock County",5,15,153,78,75
050,27,133,"Minnesota","Rock County",5,16,173,98,75
050,27,133,"Minnesota","Rock County",5,17,170,82,88
050,27,133,"Minnesota","Rock County",5,18,141,77,64
050,27,133,"Minnesota","Rock County",5,19,107,55,52
050,27,133,"Minnesota","Rock County",5,20,109,61,48
050,27,133,"Minnesota","Rock County",5,21,95,47,48
050,27,133,"Minnesota","Rock County",5,22,115,55,60
050,27,133,"Minnesota","Rock County",5,23,107,61,46
050,27,133,"Minnesota","Rock County",5,24,104,54,50
050,27,133,"Minnesota","Rock County",5,25,93,42,51
050,27,133,"Minnesota","Rock County",5,26,117,67,50
050,27,133,"Minnesota","Rock County",5,27,102,54,48
050,27,133,"Minnesota","Rock County",5,28,100,44,56
050,27,133,"Minnesota","Rock County",5,29,104,56,48
050,27,133,"Minnesota","Rock County",5,30,107,53,54
050,27,133,"Minnesota","Rock County",5,31,107,57,50
050,27,133,"Minnesota","Rock County",5,32,109,60,49
050,27,133,"Minnesota","Rock County",5,33,96,51,45
050,27,133,"Minnesota","Rock County",5,34,101,51,50
050,27,133,"Minnesota","Rock County",5,35,100,50,50
050,27,133,"Minnesota","Rock County",5,36,116,63,53
050,27,133,"Minnesota","Rock County",5,37,102,60,42
050,27,133,"Minnesota","Rock County",5,38,120,59,61
050,27,133,"Minnesota","Rock County",5,39,126,63,63
050,27,133,"Minnesota","Rock County",5,40,110,57,53
050,27,133,"Minnesota","Rock County",5,41,123,61,62
050,27,133,"Minnesota","Rock County",5,42,112,57,55
050,27,133,"Minnesota","Rock County",5,43,114,58,56
050,27,133,"Minnesota","Rock County",5,44,126,62,64
050,27,133,"Minnesota","Rock County",5,45,129,66,63
050,27,133,"Minnesota","Rock County",5,46,122,66,56
050,27,133,"Minnesota","Rock County",5,47,113,56,57
050,27,133,"Minnesota","Rock County",5,48,130,65,65
050,27,133,"Minnesota","Rock County",5,49,105,53,52
050,27,133,"Minnesota","Rock County",5,50,100,57,43
050,27,133,"Minnesota","Rock County",5,51,122,62,60
050,27,133,"Minnesota","Rock County",5,52,120,63,57
050,27,133,"Minnesota","Rock County",5,53,105,51,54
050,27,133,"Minnesota","Rock County",5,54,104,48,56
050,27,133,"Minnesota","Rock County",5,55,99,52,47
050,27,133,"Minnesota","Rock County",5,56,102,52,50
050,27,133,"Minnesota","Rock County",5,57,109,56,53
050,27,133,"Minnesota","Rock County",5,58,103,40,63
050,27,133,"Minnesota","Rock County",5,59,118,59,59
050,27,133,"Minnesota","Rock County",5,60,130,66,64
050,27,133,"Minnesota","Rock County",5,61,140,68,72
050,27,133,"Minnesota","Rock County",5,62,130,65,65
050,27,133,"Minnesota","Rock County",5,63,136,72,64
050,27,133,"Minnesota","Rock County",5,64,141,73,68
050,27,133,"Minnesota","Rock County",5,65,132,62,70
050,27,133,"Minnesota","Rock County",5,66,120,59,61
050,27,133,"Minnesota","Rock County",5,67,115,54,61
050,27,133,"Minnesota","Rock County",5,68,113,57,56
050,27,133,"Minnesota","Rock County",5,69,120,60,60
050,27,133,"Minnesota","Rock County",5,70,103,44,59
050,27,133,"Minnesota","Rock County",5,71,105,46,59
050,27,133,"Minnesota","Rock County",5,72,89,45,44
050,27,133,"Minnesota","Rock County",5,73,83,40,43
050,27,133,"Minnesota","Rock County",5,74,82,36,46
050,27,133,"Minnesota","Rock County",5,75,81,37,44
050,27,133,"Minnesota","Rock County",5,76,90,40,50
050,27,133,"Minnesota","Rock County",5,77,68,32,36
050,27,133,"Minnesota","Rock County",5,78,63,31,32
050,27,133,"Minnesota","Rock County",5,79,70,36,34
050,27,133,"Minnesota","Rock County",5,80,65,36,29
050,27,133,"Minnesota","Rock County",5,81,61,27,34
050,27,133,"Minnesota","Rock County",5,82,54,28,26
050,27,133,"Minnesota","Rock County",5,83,55,29,26
050,27,133,"Minnesota","Rock County",5,84,45,17,28
050,27,133,"Minnesota","Rock County",5,85,275,91,184
050,27,135,"Minnesota","Roseau County",1,0,172,88,84
050,27,135,"Minnesota","Roseau County",1,1,164,86,78
050,27,135,"Minnesota","Roseau County",1,2,159,89,70
050,27,135,"Minnesota","Roseau County",1,3,188,105,83
050,27,135,"Minnesota","Roseau County",1,4,176,95,81
050,27,135,"Minnesota","Roseau County",1,5,194,100,94
050,27,135,"Minnesota","Roseau County",1,6,213,112,101
050,27,135,"Minnesota","Roseau County",1,7,212,113,99
050,27,135,"Minnesota","Roseau County",1,8,212,115,97
050,27,135,"Minnesota","Roseau County",1,9,210,110,100
050,27,135,"Minnesota","Roseau County",1,10,228,101,127
050,27,135,"Minnesota","Roseau County",1,11,215,104,111
050,27,135,"Minnesota","Roseau County",1,12,233,115,118
050,27,135,"Minnesota","Roseau County",1,13,231,120,111
050,27,135,"Minnesota","Roseau County",1,14,231,113,118
050,27,135,"Minnesota","Roseau County",1,15,208,102,106
050,27,135,"Minnesota","Roseau County",1,16,230,126,104
050,27,135,"Minnesota","Roseau County",1,17,222,116,106
050,27,135,"Minnesota","Roseau County",1,18,197,110,87
050,27,135,"Minnesota","Roseau County",1,19,148,79,69
050,27,135,"Minnesota","Roseau County",1,20,152,81,71
050,27,135,"Minnesota","Roseau County",1,21,151,86,65
050,27,135,"Minnesota","Roseau County",1,22,166,88,78
050,27,135,"Minnesota","Roseau County",1,23,177,88,89
050,27,135,"Minnesota","Roseau County",1,24,170,88,82
050,27,135,"Minnesota","Roseau County",1,25,171,88,83
050,27,135,"Minnesota","Roseau County",1,26,149,84,65
050,27,135,"Minnesota","Roseau County",1,27,151,86,65
050,27,135,"Minnesota","Roseau County",1,28,157,83,74
050,27,135,"Minnesota","Roseau County",1,29,149,75,74
050,27,135,"Minnesota","Roseau County",1,30,155,88,67
050,27,135,"Minnesota","Roseau County",1,31,151,81,70
050,27,135,"Minnesota","Roseau County",1,32,127,68,59
050,27,135,"Minnesota","Roseau County",1,33,161,90,71
050,27,135,"Minnesota","Roseau County",1,34,173,91,82
050,27,135,"Minnesota","Roseau County",1,35,154,77,77
050,27,135,"Minnesota","Roseau County",1,36,176,82,94
050,27,135,"Minnesota","Roseau County",1,37,177,97,80
050,27,135,"Minnesota","Roseau County",1,38,172,88,84
050,27,135,"Minnesota","Roseau County",1,39,159,88,71
050,27,135,"Minnesota","Roseau County",1,40,182,105,77
050,27,135,"Minnesota","Roseau County",1,41,183,109,74
050,27,135,"Minnesota","Roseau County",1,42,179,97,82
050,27,135,"Minnesota","Roseau County",1,43,186,96,90
050,27,135,"Minnesota","Roseau County",1,44,173,87,86
050,27,135,"Minnesota","Roseau County",1,45,170,89,81
050,27,135,"Minnesota","Roseau County",1,46,168,86,82
050,27,135,"Minnesota","Roseau County",1,47,180,92,88
050,27,135,"Minnesota","Roseau County",1,48,192,97,95
050,27,135,"Minnesota","Roseau County",1,49,210,114,96
050,27,135,"Minnesota","Roseau County",1,50,194,103,91
050,27,135,"Minnesota","Roseau County",1,51,206,104,102
050,27,135,"Minnesota","Roseau County",1,52,215,115,100
050,27,135,"Minnesota","Roseau County",1,53,217,124,93
050,27,135,"Minnesota","Roseau County",1,54,221,121,100
050,27,135,"Minnesota","Roseau County",1,55,244,128,116
050,27,135,"Minnesota","Roseau County",1,56,249,137,112
050,27,135,"Minnesota","Roseau County",1,57,262,152,110
050,27,135,"Minnesota","Roseau County",1,58,251,134,117
050,27,135,"Minnesota","Roseau County",1,59,252,130,122
050,27,135,"Minnesota","Roseau County",1,60,269,138,131
050,27,135,"Minnesota","Roseau County",1,61,230,120,110
050,27,135,"Minnesota","Roseau County",1,62,238,124,114
050,27,135,"Minnesota","Roseau County",1,63,216,115,101
050,27,135,"Minnesota","Roseau County",1,64,220,117,103
050,27,135,"Minnesota","Roseau County",1,65,215,118,97
050,27,135,"Minnesota","Roseau County",1,66,211,114,97
050,27,135,"Minnesota","Roseau County",1,67,200,100,100
050,27,135,"Minnesota","Roseau County",1,68,172,86,86
050,27,135,"Minnesota","Roseau County",1,69,155,76,79
050,27,135,"Minnesota","Roseau County",1,70,155,77,78
050,27,135,"Minnesota","Roseau County",1,71,151,77,74
050,27,135,"Minnesota","Roseau County",1,72,143,75,68
050,27,135,"Minnesota","Roseau County",1,73,130,67,63
050,27,135,"Minnesota","Roseau County",1,74,93,45,48
050,27,135,"Minnesota","Roseau County",1,75,104,48,56
050,27,135,"Minnesota","Roseau County",1,76,109,50,59
050,27,135,"Minnesota","Roseau County",1,77,108,56,52
050,27,135,"Minnesota","Roseau County",1,78,86,46,40
050,27,135,"Minnesota","Roseau County",1,79,83,41,42
050,27,135,"Minnesota","Roseau County",1,80,76,38,38
050,27,135,"Minnesota","Roseau County",1,81,71,37,34
050,27,135,"Minnesota","Roseau County",1,82,59,29,30
050,27,135,"Minnesota","Roseau County",1,83,56,24,32
050,27,135,"Minnesota","Roseau County",1,84,56,25,31
050,27,135,"Minnesota","Roseau County",1,85,349,110,239
050,27,135,"Minnesota","Roseau County",2,0,164,83,81
050,27,135,"Minnesota","Roseau County",2,1,163,86,77
050,27,135,"Minnesota","Roseau County",2,2,159,88,71
050,27,135,"Minnesota","Roseau County",2,3,180,101,79
050,27,135,"Minnesota","Roseau County",2,4,179,98,81
050,27,135,"Minnesota","Roseau County",2,5,187,97,90
050,27,135,"Minnesota","Roseau County",2,6,207,108,99
050,27,135,"Minnesota","Roseau County",2,7,213,114,99
050,27,135,"Minnesota","Roseau County",2,8,213,114,99
050,27,135,"Minnesota","Roseau County",2,9,211,110,101
050,27,135,"Minnesota","Roseau County",2,10,223,103,120
050,27,135,"Minnesota","Roseau County",2,11,217,104,113
050,27,135,"Minnesota","Roseau County",2,12,232,114,118
050,27,135,"Minnesota","Roseau County",2,13,232,119,113
050,27,135,"Minnesota","Roseau County",2,14,232,116,116
050,27,135,"Minnesota","Roseau County",2,15,214,105,109
050,27,135,"Minnesota","Roseau County",2,16,225,121,104
050,27,135,"Minnesota","Roseau County",2,17,221,118,103
050,27,135,"Minnesota","Roseau County",2,18,188,105,83
050,27,135,"Minnesota","Roseau County",2,19,149,80,69
050,27,135,"Minnesota","Roseau County",2,20,155,83,72
050,27,135,"Minnesota","Roseau County",2,21,154,87,67
050,27,135,"Minnesota","Roseau County",2,22,166,88,78
050,27,135,"Minnesota","Roseau County",2,23,176,88,88
050,27,135,"Minnesota","Roseau County",2,24,173,89,84
050,27,135,"Minnesota","Roseau County",2,25,172,89,83
050,27,135,"Minnesota","Roseau County",2,26,155,86,69
050,27,135,"Minnesota","Roseau County",2,27,149,85,64
050,27,135,"Minnesota","Roseau County",2,28,154,83,71
050,27,135,"Minnesota","Roseau County",2,29,150,76,74
050,27,135,"Minnesota","Roseau County",2,30,153,84,69
050,27,135,"Minnesota","Roseau County",2,31,152,82,70
050,27,135,"Minnesota","Roseau County",2,32,133,71,62
050,27,135,"Minnesota","Roseau County",2,33,151,84,67
050,27,135,"Minnesota","Roseau County",2,34,169,91,78
050,27,135,"Minnesota","Roseau County",2,35,159,80,79
050,27,135,"Minnesota","Roseau County",2,36,169,81,88
050,27,135,"Minnesota","Roseau County",2,37,176,92,84
050,27,135,"Minnesota","Roseau County",2,38,176,92,84
050,27,135,"Minnesota","Roseau County",2,39,164,90,74
050,27,135,"Minnesota","Roseau County",2,40,180,103,77
050,27,135,"Minnesota","Roseau County",2,41,181,107,74
050,27,135,"Minnesota","Roseau County",2,42,181,100,81
050,27,135,"Minnesota","Roseau County",2,43,186,97,89
050,27,135,"Minnesota","Roseau County",2,44,173,88,85
050,27,135,"Minnesota","Roseau County",2,45,173,89,84
050,27,135,"Minnesota","Roseau County",2,46,169,87,82
050,27,135,"Minnesota","Roseau County",2,47,176,90,86
050,27,135,"Minnesota","Roseau County",2,48,191,98,93
050,27,135,"Minnesota","Roseau County",2,49,207,111,96
050,27,135,"Minnesota","Roseau County",2,50,197,105,92
050,27,135,"Minnesota","Roseau County",2,51,202,103,99
050,27,135,"Minnesota","Roseau County",2,52,213,113,100
050,27,135,"Minnesota","Roseau County",2,53,217,121,96
050,27,135,"Minnesota","Roseau County",2,54,221,123,98
050,27,135,"Minnesota","Roseau County",2,55,239,127,112
050,27,135,"Minnesota","Roseau County",2,56,248,135,113
050,27,135,"Minnesota","Roseau County",2,57,258,148,110
050,27,135,"Minnesota","Roseau County",2,58,253,138,115
050,27,135,"Minnesota","Roseau County",2,59,252,130,122
050,27,135,"Minnesota","Roseau County",2,60,265,135,130
050,27,135,"Minnesota","Roseau County",2,61,237,123,114
050,27,135,"Minnesota","Roseau County",2,62,232,121,111
050,27,135,"Minnesota","Roseau County",2,63,222,118,104
050,27,135,"Minnesota","Roseau County",2,64,216,115,101
050,27,135,"Minnesota","Roseau County",2,65,215,116,99
050,27,135,"Minnesota","Roseau County",2,66,210,114,96
050,27,135,"Minnesota","Roseau County",2,67,203,104,99
050,27,135,"Minnesota","Roseau County",2,68,177,89,88
050,27,135,"Minnesota","Roseau County",2,69,159,78,81
050,27,135,"Minnesota","Roseau County",2,70,154,75,79
050,27,135,"Minnesota","Roseau County",2,71,151,77,74
050,27,135,"Minnesota","Roseau County",2,72,142,74,68
050,27,135,"Minnesota","Roseau County",2,73,141,74,67
050,27,135,"Minnesota","Roseau County",2,74,93,46,47
050,27,135,"Minnesota","Roseau County",2,75,102,48,54
050,27,135,"Minnesota","Roseau County",2,76,104,48,56
050,27,135,"Minnesota","Roseau County",2,77,109,55,54
050,27,135,"Minnesota","Roseau County",2,78,85,46,39
050,27,135,"Minnesota","Roseau County",2,79,82,40,42
050,27,135,"Minnesota","Roseau County",2,80,77,38,39
050,27,135,"Minnesota","Roseau County",2,81,71,36,35
050,27,135,"Minnesota","Roseau County",2,82,62,31,31
050,27,135,"Minnesota","Roseau County",2,83,56,25,31
050,27,135,"Minnesota","Roseau County",2,84,54,23,31
050,27,135,"Minnesota","Roseau County",2,85,352,112,240
050,27,135,"Minnesota","Roseau County",3,0,160,74,86
050,27,135,"Minnesota","Roseau County",3,1,157,82,75
050,27,135,"Minnesota","Roseau County",3,2,161,88,73
050,27,135,"Minnesota","Roseau County",3,3,166,96,70
050,27,135,"Minnesota","Roseau County",3,4,187,102,85
050,27,135,"Minnesota","Roseau County",3,5,175,95,80
050,27,135,"Minnesota","Roseau County",3,6,188,99,89
050,27,135,"Minnesota","Roseau County",3,7,208,110,98
050,27,135,"Minnesota","Roseau County",3,8,215,116,99
050,27,135,"Minnesota","Roseau County",3,9,214,115,99
050,27,135,"Minnesota","Roseau County",3,10,221,113,108
050,27,135,"Minnesota","Roseau County",3,11,224,104,120
050,27,135,"Minnesota","Roseau County",3,12,217,104,113
050,27,135,"Minnesota","Roseau County",3,13,239,115,124
050,27,135,"Minnesota","Roseau County",3,14,229,119,110
050,27,135,"Minnesota","Roseau County",3,15,235,120,115
050,27,135,"Minnesota","Roseau County",3,16,213,103,110
050,27,135,"Minnesota","Roseau County",3,17,220,116,104
050,27,135,"Minnesota","Roseau County",3,18,188,104,84
050,27,135,"Minnesota","Roseau County",3,19,150,81,69
050,27,135,"Minnesota","Roseau County",3,20,160,85,75
050,27,135,"Minnesota","Roseau County",3,21,148,81,67
050,27,135,"Minnesota","Roseau County",3,22,159,90,69
050,27,135,"Minnesota","Roseau County",3,23,164,82,82
050,27,135,"Minnesota","Roseau County",3,24,168,91,77
050,27,135,"Minnesota","Roseau County",3,25,164,83,81
050,27,135,"Minnesota","Roseau County",3,26,170,88,82
050,27,135,"Minnesota","Roseau County",3,27,155,87,68
050,27,135,"Minnesota","Roseau County",3,28,153,86,67
050,27,135,"Minnesota","Roseau County",3,29,160,85,75
050,27,135,"Minnesota","Roseau County",3,30,154,75,79
050,27,135,"Minnesota","Roseau County",3,31,168,93,75
050,27,135,"Minnesota","Roseau County",3,32,153,85,68
050,27,135,"Minnesota","Roseau County",3,33,145,76,69
050,27,135,"Minnesota","Roseau County",3,34,167,88,79
050,27,135,"Minnesota","Roseau County",3,35,180,100,80
050,27,135,"Minnesota","Roseau County",3,36,163,82,81
050,27,135,"Minnesota","Roseau County",3,37,171,81,90
050,27,135,"Minnesota","Roseau County",3,38,177,91,86
050,27,135,"Minnesota","Roseau County",3,39,169,89,80
050,27,135,"Minnesota","Roseau County",3,40,162,90,72
050,27,135,"Minnesota","Roseau County",3,41,176,100,76
050,27,135,"Minnesota","Roseau County",3,42,185,108,77
050,27,135,"Minnesota","Roseau County",3,43,186,101,85
050,27,135,"Minnesota","Roseau County",3,44,187,97,90
050,27,135,"Minnesota","Roseau County",3,45,173,89,84
050,27,135,"Minnesota","Roseau County",3,46,180,94,86
050,27,135,"Minnesota","Roseau County",3,47,167,87,80
050,27,135,"Minnesota","Roseau County",3,48,176,90,86
050,27,135,"Minnesota","Roseau County",3,49,190,98,92
050,27,135,"Minnesota","Roseau County",3,50,203,109,94
050,27,135,"Minnesota","Roseau County",3,51,197,108,89
050,27,135,"Minnesota","Roseau County",3,52,196,99,97
050,27,135,"Minnesota","Roseau County",3,53,211,113,98
050,27,135,"Minnesota","Roseau County",3,54,213,120,93
050,27,135,"Minnesota","Roseau County",3,55,221,121,100
050,27,135,"Minnesota","Roseau County",3,56,230,125,105
050,27,135,"Minnesota","Roseau County",3,57,247,133,114
050,27,135,"Minnesota","Roseau County",3,58,248,142,106
050,27,135,"Minnesota","Roseau County",3,59,255,141,114
050,27,135,"Minnesota","Roseau County",3,60,249,128,121
050,27,135,"Minnesota","Roseau County",3,61,267,134,133
050,27,135,"Minnesota","Roseau County",3,62,224,118,106
050,27,135,"Minnesota","Roseau County",3,63,231,120,111
050,27,135,"Minnesota","Roseau County",3,64,224,120,104
050,27,135,"Minnesota","Roseau County",3,65,213,116,97
050,27,135,"Minnesota","Roseau County",3,66,204,107,97
050,27,135,"Minnesota","Roseau County",3,67,202,109,93
050,27,135,"Minnesota","Roseau County",3,68,201,102,99
050,27,135,"Minnesota","Roseau County",3,69,179,91,88
050,27,135,"Minnesota","Roseau County",3,70,150,72,78
050,27,135,"Minnesota","Roseau County",3,71,146,68,78
050,27,135,"Minnesota","Roseau County",3,72,149,75,74
050,27,135,"Minnesota","Roseau County",3,73,136,73,63
050,27,135,"Minnesota","Roseau County",3,74,136,70,66
050,27,135,"Minnesota","Roseau County",3,75,90,46,44
050,27,135,"Minnesota","Roseau County",3,76,100,44,56
050,27,135,"Minnesota","Roseau County",3,77,96,43,53
050,27,135,"Minnesota","Roseau County",3,78,104,53,51
050,27,135,"Minnesota","Roseau County",3,79,82,43,39
050,27,135,"Minnesota","Roseau County",3,80,76,33,43
050,27,135,"Minnesota","Roseau County",3,81,73,37,36
050,27,135,"Minnesota","Roseau County",3,82,63,33,30
050,27,135,"Minnesota","Roseau County",3,83,59,29,30
050,27,135,"Minnesota","Roseau County",3,84,48,20,28
050,27,135,"Minnesota","Roseau County",3,85,354,111,243
050,27,135,"Minnesota","Roseau County",4,0,180,83,97
050,27,135,"Minnesota","Roseau County",4,1,169,78,91
050,27,135,"Minnesota","Roseau County",4,2,166,85,81
050,27,135,"Minnesota","Roseau County",4,3,160,89,71
050,27,135,"Minnesota","Roseau County",4,4,162,96,66
050,27,135,"Minnesota","Roseau County",4,5,194,108,86
050,27,135,"Minnesota","Roseau County",4,6,185,103,82
050,27,135,"Minnesota","Roseau County",4,7,194,100,94
050,27,135,"Minnesota","Roseau County",4,8,212,116,96
050,27,135,"Minnesota","Roseau County",4,9,222,121,101
050,27,135,"Minnesota","Roseau County",4,10,218,117,101
050,27,135,"Minnesota","Roseau County",4,11,223,113,110
050,27,135,"Minnesota","Roseau County",4,12,233,110,123
050,27,135,"Minnesota","Roseau County",4,13,216,103,113
050,27,135,"Minnesota","Roseau County",4,14,249,121,128
050,27,135,"Minnesota","Roseau County",4,15,239,126,113
050,27,135,"Minnesota","Roseau County",4,16,233,119,114
050,27,135,"Minnesota","Roseau County",4,17,208,100,108
050,27,135,"Minnesota","Roseau County",4,18,183,97,86
050,27,135,"Minnesota","Roseau County",4,19,142,81,61
050,27,135,"Minnesota","Roseau County",4,20,154,85,69
050,27,135,"Minnesota","Roseau County",4,21,158,80,78
050,27,135,"Minnesota","Roseau County",4,22,148,77,71
050,27,135,"Minnesota","Roseau County",4,23,154,92,62
050,27,135,"Minnesota","Roseau County",4,24,169,77,92
050,27,135,"Minnesota","Roseau County",4,25,169,93,76
050,27,135,"Minnesota","Roseau County",4,26,170,90,80
050,27,135,"Minnesota","Roseau County",4,27,158,82,76
050,27,135,"Minnesota","Roseau County",4,28,164,90,74
050,27,135,"Minnesota","Roseau County",4,29,154,89,65
050,27,135,"Minnesota","Roseau County",4,30,155,83,72
050,27,135,"Minnesota","Roseau County",4,31,160,79,81
050,27,135,"Minnesota","Roseau County",4,32,174,95,79
050,27,135,"Minnesota","Roseau County",4,33,154,90,64
050,27,135,"Minnesota","Roseau County",4,34,145,77,68
050,27,135,"Minnesota","Roseau County",4,35,169,90,79
050,27,135,"Minnesota","Roseau County",4,36,169,91,78
050,27,135,"Minnesota","Roseau County",4,37,170,86,84
050,27,135,"Minnesota","Roseau County",4,38,173,82,91
050,27,135,"Minnesota","Roseau County",4,39,188,96,92
050,27,135,"Minnesota","Roseau County",4,40,172,86,86
050,27,135,"Minnesota","Roseau County",4,41,164,94,70
050,27,135,"Minnesota","Roseau County",4,42,180,105,75
050,27,135,"Minnesota","Roseau County",4,43,183,107,76
050,27,135,"Minnesota","Roseau County",4,44,182,101,81
050,27,135,"Minnesota","Roseau County",4,45,183,97,86
050,27,135,"Minnesota","Roseau County",4,46,175,88,87
050,27,135,"Minnesota","Roseau County",4,47,176,86,90
050,27,135,"Minnesota","Roseau County",4,48,165,88,77
050,27,135,"Minnesota","Roseau County",4,49,172,89,83
050,27,135,"Minnesota","Roseau County",4,50,192,97,95
050,27,135,"Minnesota","Roseau County",4,51,201,106,95
050,27,135,"Minnesota","Roseau County",4,52,197,110,87
050,27,135,"Minnesota","Roseau County",4,53,199,101,98
050,27,135,"Minnesota","Roseau County",4,54,212,114,98
050,27,135,"Minnesota","Roseau County",4,55,215,122,93
050,27,135,"Minnesota","Roseau County",4,56,219,125,94
050,27,135,"Minnesota","Roseau County",4,57,227,124,103
050,27,135,"Minnesota","Roseau County",4,58,246,130,116
050,27,135,"Minnesota","Roseau County",4,59,246,141,105
050,27,135,"Minnesota","Roseau County",4,60,245,133,112
050,27,135,"Minnesota","Roseau County",4,61,252,127,125
050,27,135,"Minnesota","Roseau County",4,62,263,132,131
050,27,135,"Minnesota","Roseau County",4,63,226,119,107
050,27,135,"Minnesota","Roseau County",4,64,232,120,112
050,27,135,"Minnesota","Roseau County",4,65,216,117,99
050,27,135,"Minnesota","Roseau County",4,66,210,113,97
050,27,135,"Minnesota","Roseau County",4,67,198,101,97
050,27,135,"Minnesota","Roseau County",4,68,198,104,94
050,27,135,"Minnesota","Roseau County",4,69,201,102,99
050,27,135,"Minnesota","Roseau County",4,70,172,84,88
050,27,135,"Minnesota","Roseau County",4,71,143,67,76
050,27,135,"Minnesota","Roseau County",4,72,149,71,78
050,27,135,"Minnesota","Roseau County",4,73,142,73,69
050,27,135,"Minnesota","Roseau County",4,74,129,69,60
050,27,135,"Minnesota","Roseau County",4,75,134,69,65
050,27,135,"Minnesota","Roseau County",4,76,88,44,44
050,27,135,"Minnesota","Roseau County",4,77,96,43,53
050,27,135,"Minnesota","Roseau County",4,78,96,46,50
050,27,135,"Minnesota","Roseau County",4,79,99,48,51
050,27,135,"Minnesota","Roseau County",4,80,78,37,41
050,27,135,"Minnesota","Roseau County",4,81,72,32,40
050,27,135,"Minnesota","Roseau County",4,82,66,33,33
050,27,135,"Minnesota","Roseau County",4,83,64,34,30
050,27,135,"Minnesota","Roseau County",4,84,56,28,28
050,27,135,"Minnesota","Roseau County",4,85,360,118,242
050,27,135,"Minnesota","Roseau County",5,0,176,82,94
050,27,135,"Minnesota","Roseau County",5,1,183,83,100
050,27,135,"Minnesota","Roseau County",5,2,160,73,87
050,27,135,"Minnesota","Roseau County",5,3,177,89,88
050,27,135,"Minnesota","Roseau County",5,4,170,95,75
050,27,135,"Minnesota","Roseau County",5,5,162,93,69
050,27,135,"Minnesota","Roseau County",5,6,196,107,89
050,27,135,"Minnesota","Roseau County",5,7,175,96,79
050,27,135,"Minnesota","Roseau County",5,8,187,100,87
050,27,135,"Minnesota","Roseau County",5,9,215,114,101
050,27,135,"Minnesota","Roseau County",5,10,225,122,103
050,27,135,"Minnesota","Roseau County",5,11,217,116,101
050,27,135,"Minnesota","Roseau County",5,12,217,119,98
050,27,135,"Minnesota","Roseau County",5,13,231,109,122
050,27,135,"Minnesota","Roseau County",5,14,221,106,115
050,27,135,"Minnesota","Roseau County",5,15,247,121,126
050,27,135,"Minnesota","Roseau County",5,16,238,125,113
050,27,135,"Minnesota","Roseau County",5,17,233,119,114
050,27,135,"Minnesota","Roseau County",5,18,169,84,85
050,27,135,"Minnesota","Roseau County",5,19,140,75,65
050,27,135,"Minnesota","Roseau County",5,20,156,92,64
050,27,135,"Minnesota","Roseau County",5,21,156,83,73
050,27,135,"Minnesota","Roseau County",5,22,156,82,74
050,27,135,"Minnesota","Roseau County",5,23,143,77,66
050,27,135,"Minnesota","Roseau County",5,24,150,93,57
050,27,135,"Minnesota","Roseau County",5,25,172,82,90
050,27,135,"Minnesota","Roseau County",5,26,174,98,76
050,27,135,"Minnesota","Roseau County",5,27,162,83,79
050,27,135,"Minnesota","Roseau County",5,28,152,80,72
050,27,135,"Minnesota","Roseau County",5,29,166,92,74
050,27,135,"Minnesota","Roseau County",5,30,160,90,70
050,27,135,"Minnesota","Roseau County",5,31,156,85,71
050,27,135,"Minnesota","Roseau County",5,32,157,77,80
050,27,135,"Minnesota","Roseau County",5,33,179,98,81
050,27,135,"Minnesota","Roseau County",5,34,149,83,66
050,27,135,"Minnesota","Roseau County",5,35,144,75,69
050,27,135,"Minnesota","Roseau County",5,36,170,90,80
050,27,135,"Minnesota","Roseau County",5,37,176,99,77
050,27,135,"Minnesota","Roseau County",5,38,172,85,87
050,27,135,"Minnesota","Roseau County",5,39,173,82,91
050,27,135,"Minnesota","Roseau County",5,40,180,94,86
050,27,135,"Minnesota","Roseau County",5,41,179,91,88
050,27,135,"Minnesota","Roseau County",5,42,171,99,72
050,27,135,"Minnesota","Roseau County",5,43,178,104,74
050,27,135,"Minnesota","Roseau County",5,44,179,104,75
050,27,135,"Minnesota","Roseau County",5,45,180,98,82
050,27,135,"Minnesota","Roseau County",5,46,186,96,90
050,27,135,"Minnesota","Roseau County",5,47,176,89,87
050,27,135,"Minnesota","Roseau County",5,48,179,88,91
050,27,135,"Minnesota","Roseau County",5,49,169,90,79
050,27,135,"Minnesota","Roseau County",5,50,172,89,83
050,27,135,"Minnesota","Roseau County",5,51,195,99,96
050,27,135,"Minnesota","Roseau County",5,52,205,106,99
050,27,135,"Minnesota","Roseau County",5,53,191,108,83
050,27,135,"Minnesota","Roseau County",5,54,194,97,97
050,27,135,"Minnesota","Roseau County",5,55,213,114,99
050,27,135,"Minnesota","Roseau County",5,56,209,118,91
050,27,135,"Minnesota","Roseau County",5,57,214,123,91
050,27,135,"Minnesota","Roseau County",5,58,221,120,101
050,27,135,"Minnesota","Roseau County",5,59,244,130,114
050,27,135,"Minnesota","Roseau County",5,60,238,136,102
050,27,135,"Minnesota","Roseau County",5,61,244,132,112
050,27,135,"Minnesota","Roseau County",5,62,248,124,124
050,27,135,"Minnesota","Roseau County",5,63,258,131,127
050,27,135,"Minnesota","Roseau County",5,64,220,118,102
050,27,135,"Minnesota","Roseau County",5,65,229,118,111
050,27,135,"Minnesota","Roseau County",5,66,205,113,92
050,27,135,"Minnesota","Roseau County",5,67,206,113,93
050,27,135,"Minnesota","Roseau County",5,68,192,96,96
050,27,135,"Minnesota","Roseau County",5,69,194,105,89
050,27,135,"Minnesota","Roseau County",5,70,194,97,97
050,27,135,"Minnesota","Roseau County",5,71,168,82,86
050,27,135,"Minnesota","Roseau County",5,72,143,67,76
050,27,135,"Minnesota","Roseau County",5,73,140,68,72
050,27,135,"Minnesota","Roseau County",5,74,133,66,67
050,27,135,"Minnesota","Roseau County",5,75,125,65,60
050,27,135,"Minnesota","Roseau County",5,76,132,66,66
050,27,135,"Minnesota","Roseau County",5,77,84,43,41
050,27,135,"Minnesota","Roseau County",5,78,92,42,50
050,27,135,"Minnesota","Roseau County",5,79,92,42,50
050,27,135,"Minnesota","Roseau County",5,80,90,41,49
050,27,135,"Minnesota","Roseau County",5,81,70,35,35
050,27,135,"Minnesota","Roseau County",5,82,62,27,35
050,27,135,"Minnesota","Roseau County",5,83,66,33,33
050,27,135,"Minnesota","Roseau County",5,84,57,30,27
050,27,135,"Minnesota","Roseau County",5,85,373,127,246
050,27,137,"Minnesota","St. Louis County",1,0,1847,945,902
050,27,137,"Minnesota","St. Louis County",1,1,1865,957,908
050,27,137,"Minnesota","St. Louis County",1,2,1986,1020,966
050,27,137,"Minnesota","St. Louis County",1,3,1977,984,993
050,27,137,"Minnesota","St. Louis County",1,4,1996,1020,976
050,27,137,"Minnesota","St. Louis County",1,5,2116,1065,1051
050,27,137,"Minnesota","St. Louis County",1,6,2058,1012,1046
050,27,137,"Minnesota","St. Louis County",1,7,2100,1098,1002
050,27,137,"Minnesota","St. Louis County",1,8,2061,1095,966
050,27,137,"Minnesota","St. Louis County",1,9,2062,1068,994
050,27,137,"Minnesota","St. Louis County",1,10,2175,1091,1084
050,27,137,"Minnesota","St. Louis County",1,11,2237,1153,1084
050,27,137,"Minnesota","St. Louis County",1,12,2307,1193,1114
050,27,137,"Minnesota","St. Louis County",1,13,2293,1170,1123
050,27,137,"Minnesota","St. Louis County",1,14,2284,1177,1107
050,27,137,"Minnesota","St. Louis County",1,15,2218,1147,1071
050,27,137,"Minnesota","St. Louis County",1,16,2327,1219,1108
050,27,137,"Minnesota","St. Louis County",1,17,2221,1163,1058
050,27,137,"Minnesota","St. Louis County",1,18,2699,1359,1340
050,27,137,"Minnesota","St. Louis County",1,19,3854,1878,1976
050,27,137,"Minnesota","St. Louis County",1,20,4183,2028,2155
050,27,137,"Minnesota","St. Louis County",1,21,3854,2029,1825
050,27,137,"Minnesota","St. Louis County",1,22,3613,1831,1782
050,27,137,"Minnesota","St. Louis County",1,23,3036,1508,1528
050,27,137,"Minnesota","St. Louis County",1,24,2657,1398,1259
050,27,137,"Minnesota","St. Louis County",1,25,2459,1269,1190
050,27,137,"Minnesota","St. Louis County",1,26,2395,1233,1162
050,27,137,"Minnesota","St. Louis County",1,27,2343,1210,1133
050,27,137,"Minnesota","St. Louis County",1,28,2332,1189,1143
050,27,137,"Minnesota","St. Louis County",1,29,2209,1150,1059
050,27,137,"Minnesota","St. Louis County",1,30,2146,1174,972
050,27,137,"Minnesota","St. Louis County",1,31,2269,1192,1077
050,27,137,"Minnesota","St. Louis County",1,32,2299,1194,1105
050,27,137,"Minnesota","St. Louis County",1,33,2325,1231,1094
050,27,137,"Minnesota","St. Louis County",1,34,2314,1217,1097
050,27,137,"Minnesota","St. Louis County",1,35,2350,1220,1130
050,27,137,"Minnesota","St. Louis County",1,36,2381,1227,1154
050,27,137,"Minnesota","St. Louis County",1,37,2493,1321,1172
050,27,137,"Minnesota","St. Louis County",1,38,2533,1351,1182
050,27,137,"Minnesota","St. Louis County",1,39,2529,1305,1224
050,27,137,"Minnesota","St. Louis County",1,40,2446,1306,1140
050,27,137,"Minnesota","St. Louis County",1,41,2286,1215,1071
050,27,137,"Minnesota","St. Louis County",1,42,2272,1157,1115
050,27,137,"Minnesota","St. Louis County",1,43,2162,1141,1021
050,27,137,"Minnesota","St. Louis County",1,44,2094,1089,1005
050,27,137,"Minnesota","St. Louis County",1,45,2041,1064,977
050,27,137,"Minnesota","St. Louis County",1,46,1986,1026,960
050,27,137,"Minnesota","St. Louis County",1,47,2010,1056,954
050,27,137,"Minnesota","St. Louis County",1,48,2150,1122,1028
050,27,137,"Minnesota","St. Louis County",1,49,2369,1257,1112
050,27,137,"Minnesota","St. Louis County",1,50,2284,1183,1101
050,27,137,"Minnesota","St. Louis County",1,51,2176,1113,1063
050,27,137,"Minnesota","St. Louis County",1,52,2180,1116,1064
050,27,137,"Minnesota","St. Louis County",1,53,2289,1151,1138
050,27,137,"Minnesota","St. Louis County",1,54,2417,1209,1208
050,27,137,"Minnesota","St. Louis County",1,55,2558,1286,1272
050,27,137,"Minnesota","St. Louis County",1,56,2674,1345,1329
050,27,137,"Minnesota","St. Louis County",1,57,2784,1381,1403
050,27,137,"Minnesota","St. Louis County",1,58,2930,1463,1467
050,27,137,"Minnesota","St. Louis County",1,59,2974,1506,1468
050,27,137,"Minnesota","St. Louis County",1,60,2975,1491,1484
050,27,137,"Minnesota","St. Louis County",1,61,3012,1496,1516
050,27,137,"Minnesota","St. Louis County",1,62,3164,1539,1625
050,27,137,"Minnesota","St. Louis County",1,63,3140,1576,1564
050,27,137,"Minnesota","St. Louis County",1,64,3001,1550,1451
050,27,137,"Minnesota","St. Louis County",1,65,3031,1528,1503
050,27,137,"Minnesota","St. Louis County",1,66,3011,1493,1518
050,27,137,"Minnesota","St. Louis County",1,67,2902,1471,1431
050,27,137,"Minnesota","St. Louis County",1,68,2713,1347,1366
050,27,137,"Minnesota","St. Louis County",1,69,2487,1263,1224
050,27,137,"Minnesota","St. Louis County",1,70,2398,1231,1167
050,27,137,"Minnesota","St. Louis County",1,71,2207,1127,1080
050,27,137,"Minnesota","St. Louis County",1,72,2157,1099,1058
050,27,137,"Minnesota","St. Louis County",1,73,2147,1090,1057
050,27,137,"Minnesota","St. Louis County",1,74,1431,702,729
050,27,137,"Minnesota","St. Louis County",1,75,1418,693,725
050,27,137,"Minnesota","St. Louis County",1,76,1443,687,756
050,27,137,"Minnesota","St. Louis County",1,77,1468,711,757
050,27,137,"Minnesota","St. Louis County",1,78,1205,547,658
050,27,137,"Minnesota","St. Louis County",1,79,1081,473,608
050,27,137,"Minnesota","St. Louis County",1,80,998,427,571
050,27,137,"Minnesota","St. Louis County",1,81,959,410,549
050,27,137,"Minnesota","St. Louis County",1,82,888,394,494
050,27,137,"Minnesota","St. Louis County",1,83,819,332,487
050,27,137,"Minnesota","St. Louis County",1,84,755,309,446
050,27,137,"Minnesota","St. Louis County",1,85,4938,1656,3282
050,27,137,"Minnesota","St. Louis County",2,0,1812,936,876
050,27,137,"Minnesota","St. Louis County",2,1,1861,954,907
050,27,137,"Minnesota","St. Louis County",2,2,1955,1005,950
050,27,137,"Minnesota","St. Louis County",2,3,1968,988,980
050,27,137,"Minnesota","St. Louis County",2,4,1990,1010,980
050,27,137,"Minnesota","St. Louis County",2,5,2082,1053,1029
050,27,137,"Minnesota","St. Louis County",2,6,2071,1024,1047
050,27,137,"Minnesota","St. Louis County",2,7,2094,1080,1014
050,27,137,"Minnesota","St. Louis County",2,8,2064,1092,972
050,27,137,"Minnesota","St. Louis County",2,9,2059,1072,987
050,27,137,"Minnesota","St. Louis County",2,10,2148,1083,1065
050,27,137,"Minnesota","St. Louis County",2,11,2215,1136,1079
050,27,137,"Minnesota","St. Louis County",2,12,2304,1191,1113
050,27,137,"Minnesota","St. Louis County",2,13,2299,1176,1123
050,27,137,"Minnesota","St. Louis County",2,14,2286,1172,1114
050,27,137,"Minnesota","St. Louis County",2,15,2239,1155,1084
050,27,137,"Minnesota","St. Louis County",2,16,2316,1209,1107
050,27,137,"Minnesota","St. Louis County",2,17,2247,1178,1069
050,27,137,"Minnesota","St. Louis County",2,18,2714,1367,1347
050,27,137,"Minnesota","St. Louis County",2,19,3850,1877,1973
050,27,137,"Minnesota","St. Louis County",2,20,4213,2039,2174
050,27,137,"Minnesota","St. Louis County",2,21,3837,2024,1813
050,27,137,"Minnesota","St. Louis County",2,22,3596,1815,1781
050,27,137,"Minnesota","St. Louis County",2,23,3030,1506,1524
050,27,137,"Minnesota","St. Louis County",2,24,2653,1401,1252
050,27,137,"Minnesota","St. Louis County",2,25,2447,1265,1182
050,27,137,"Minnesota","St. Louis County",2,26,2386,1229,1157
050,27,137,"Minnesota","St. Louis County",2,27,2329,1201,1128
050,27,137,"Minnesota","St. Louis County",2,28,2331,1188,1143
050,27,137,"Minnesota","St. Louis County",2,29,2238,1159,1079
050,27,137,"Minnesota","St. Louis County",2,30,2175,1174,1001
050,27,137,"Minnesota","St. Louis County",2,31,2231,1181,1050
050,27,137,"Minnesota","St. Louis County",2,32,2299,1197,1102
050,27,137,"Minnesota","St. Louis County",2,33,2323,1227,1096
050,27,137,"Minnesota","St. Louis County",2,34,2320,1222,1098
050,27,137,"Minnesota","St. Louis County",2,35,2355,1223,1132
050,27,137,"Minnesota","St. Louis County",2,36,2354,1213,1141
050,27,137,"Minnesota","St. Louis County",2,37,2472,1301,1171
050,27,137,"Minnesota","St. Louis County",2,38,2538,1353,1185
050,27,137,"Minnesota","St. Louis County",2,39,2524,1315,1209
050,27,137,"Minnesota","St. Louis County",2,40,2475,1309,1166
050,27,137,"Minnesota","St. Louis County",2,41,2321,1233,1088
050,27,137,"Minnesota","St. Louis County",2,42,2266,1163,1103
050,27,137,"Minnesota","St. Louis County",2,43,2207,1153,1054
050,27,137,"Minnesota","St. Louis County",2,44,2087,1091,996
050,27,137,"Minnesota","St. Louis County",2,45,2067,1079,988
050,27,137,"Minnesota","St. Louis County",2,46,1986,1028,958
050,27,137,"Minnesota","St. Louis County",2,47,1989,1040,949
050,27,137,"Minnesota","St. Louis County",2,48,2119,1107,1012
050,27,137,"Minnesota","St. Louis County",2,49,2323,1227,1096
050,27,137,"Minnesota","St. Louis County",2,50,2316,1206,1110
050,27,137,"Minnesota","St. Louis County",2,51,2191,1118,1073
050,27,137,"Minnesota","St. Louis County",2,52,2172,1112,1060
050,27,137,"Minnesota","St. Louis County",2,53,2267,1143,1124
050,27,137,"Minnesota","St. Louis County",2,54,2384,1192,1192
050,27,137,"Minnesota","St. Louis County",2,55,2527,1268,1259
050,27,137,"Minnesota","St. Louis County",2,56,2638,1322,1316
050,27,137,"Minnesota","St. Louis County",2,57,2756,1370,1386
050,27,137,"Minnesota","St. Louis County",2,58,2886,1439,1447
050,27,137,"Minnesota","St. Louis County",2,59,2976,1502,1474
050,27,137,"Minnesota","St. Louis County",2,60,2962,1484,1478
050,27,137,"Minnesota","St. Louis County",2,61,2984,1483,1501
050,27,137,"Minnesota","St. Louis County",2,62,3116,1526,1590
050,27,137,"Minnesota","St. Louis County",2,63,3167,1577,1590
050,27,137,"Minnesota","St. Louis County",2,64,3001,1539,1462
050,27,137,"Minnesota","St. Louis County",2,65,3004,1520,1484
050,27,137,"Minnesota","St. Louis County",2,66,3012,1497,1515
050,27,137,"Minnesota","St. Louis County",2,67,2910,1468,1442
050,27,137,"Minnesota","St. Louis County",2,68,2723,1360,1363
050,27,137,"Minnesota","St. Louis County",2,69,2552,1292,1260
050,27,137,"Minnesota","St. Louis County",2,70,2384,1216,1168
050,27,137,"Minnesota","St. Louis County",2,71,2255,1152,1103
050,27,137,"Minnesota","St. Louis County",2,72,2114,1077,1037
050,27,137,"Minnesota","St. Louis County",2,73,2240,1138,1102
050,27,137,"Minnesota","St. Louis County",2,74,1487,737,750
050,27,137,"Minnesota","St. Louis County",2,75,1412,688,724
050,27,137,"Minnesota","St. Louis County",2,76,1417,680,737
050,27,137,"Minnesota","St. Louis County",2,77,1487,718,769
050,27,137,"Minnesota","St. Louis County",2,78,1232,569,663
050,27,137,"Minnesota","St. Louis County",2,79,1094,484,610
050,27,137,"Minnesota","St. Louis County",2,80,1008,430,578
050,27,137,"Minnesota","St. Louis County",2,81,949,400,549
050,27,137,"Minnesota","St. Louis County",2,82,893,393,500
050,27,137,"Minnesota","St. Louis County",2,83,829,342,487
050,27,137,"Minnesota","St. Louis County",2,84,748,300,448
050,27,137,"Minnesota","St. Louis County",2,85,4925,1644,3281
050,27,137,"Minnesota","St. Louis County",3,0,1812,951,861
050,27,137,"Minnesota","St. Louis County",3,1,1826,952,874
050,27,137,"Minnesota","St. Louis County",3,2,1853,935,918
050,27,137,"Minnesota","St. Louis County",3,3,1952,998,954
050,27,137,"Minnesota","St. Louis County",3,4,1977,988,989
050,27,137,"Minnesota","St. Louis County",3,5,1978,1006,972
050,27,137,"Minnesota","St. Louis County",3,6,2049,1041,1008
050,27,137,"Minnesota","St. Louis County",3,7,2088,1029,1059
050,27,137,"Minnesota","St. Louis County",3,8,2055,1055,1000
050,27,137,"Minnesota","St. Louis County",3,9,2072,1101,971
050,27,137,"Minnesota","St. Louis County",3,10,2046,1059,987
050,27,137,"Minnesota","St. Louis County",3,11,2142,1085,1057
050,27,137,"Minnesota","St. Louis County",3,12,2225,1146,1079
050,27,137,"Minnesota","St. Louis County",3,13,2285,1179,1106
050,27,137,"Minnesota","St. Louis County",3,14,2288,1164,1124
050,27,137,"Minnesota","St. Louis County",3,15,2269,1163,1106
050,27,137,"Minnesota","St. Louis County",3,16,2256,1160,1096
050,27,137,"Minnesota","St. Louis County",3,17,2334,1217,1117
050,27,137,"Minnesota","St. Louis County",3,18,2781,1419,1362
050,27,137,"Minnesota","St. Louis County",3,19,3815,1855,1960
050,27,137,"Minnesota","St. Louis County",3,20,4210,2029,2181
050,27,137,"Minnesota","St. Louis County",3,21,3876,2037,1839
050,27,137,"Minnesota","St. Louis County",3,22,3595,1800,1795
050,27,137,"Minnesota","St. Louis County",3,23,3069,1529,1540
050,27,137,"Minnesota","St. Louis County",3,24,2674,1408,1266
050,27,137,"Minnesota","St. Louis County",3,25,2433,1236,1197
050,27,137,"Minnesota","St. Louis County",3,26,2325,1192,1133
050,27,137,"Minnesota","St. Louis County",3,27,2277,1170,1107
050,27,137,"Minnesota","St. Louis County",3,28,2283,1190,1093
050,27,137,"Minnesota","St. Louis County",3,29,2313,1167,1146
050,27,137,"Minnesota","St. Louis County",3,30,2216,1155,1061
050,27,137,"Minnesota","St. Louis County",3,31,2184,1160,1024
050,27,137,"Minnesota","St. Louis County",3,32,2287,1206,1081
050,27,137,"Minnesota","St. Louis County",3,33,2322,1215,1107
050,27,137,"Minnesota","St. Louis County",3,34,2291,1208,1083
050,27,137,"Minnesota","St. Louis County",3,35,2357,1235,1122
050,27,137,"Minnesota","St. Louis County",3,36,2310,1194,1116
050,27,137,"Minnesota","St. Louis County",3,37,2365,1208,1157
050,27,137,"Minnesota","St. Louis County",3,38,2477,1307,1170
050,27,137,"Minnesota","St. Louis County",3,39,2526,1352,1174
050,27,137,"Minnesota","St. Louis County",3,40,2533,1321,1212
050,27,137,"Minnesota","St. Louis County",3,41,2467,1301,1166
050,27,137,"Minnesota","St. Louis County",3,42,2322,1221,1101
050,27,137,"Minnesota","St. Louis County",3,43,2312,1184,1128
050,27,137,"Minnesota","St. Louis County",3,44,2194,1149,1045
050,27,137,"Minnesota","St. Louis County",3,45,2100,1093,1007
050,27,137,"Minnesota","St. Louis County",3,46,2071,1086,985
050,27,137,"Minnesota","St. Louis County",3,47,1937,1007,930
050,27,137,"Minnesota","St. Louis County",3,48,2021,1046,975
050,27,137,"Minnesota","St. Louis County",3,49,2085,1098,987
050,27,137,"Minnesota","St. Louis County",3,50,2349,1249,1100
050,27,137,"Minnesota","St. Louis County",3,51,2268,1171,1097
050,27,137,"Minnesota","St. Louis County",3,52,2171,1118,1053
050,27,137,"Minnesota","St. Louis County",3,53,2173,1111,1062
050,27,137,"Minnesota","St. Louis County",3,54,2238,1127,1111
050,27,137,"Minnesota","St. Louis County",3,55,2393,1197,1196
050,27,137,"Minnesota","St. Louis County",3,56,2499,1245,1254
050,27,137,"Minnesota","St. Louis County",3,57,2630,1325,1305
050,27,137,"Minnesota","St. Louis County",3,58,2734,1349,1385
050,27,137,"Minnesota","St. Louis County",3,59,2879,1426,1453
050,27,137,"Minnesota","St. Louis County",3,60,2979,1505,1474
050,27,137,"Minnesota","St. Louis County",3,61,2943,1463,1480
050,27,137,"Minnesota","St. Louis County",3,62,2959,1459,1500
050,27,137,"Minnesota","St. Louis County",3,63,3065,1509,1556
050,27,137,"Minnesota","St. Louis County",3,64,3106,1526,1580
050,27,137,"Minnesota","St. Louis County",3,65,2963,1518,1445
050,27,137,"Minnesota","St. Louis County",3,66,2968,1496,1472
050,27,137,"Minnesota","St. Louis County",3,67,2952,1466,1486
050,27,137,"Minnesota","St. Louis County",3,68,2845,1438,1407
050,27,137,"Minnesota","St. Louis County",3,69,2683,1346,1337
050,27,137,"Minnesota","St. Louis County",3,70,2473,1244,1229
050,27,137,"Minnesota","St. Louis County",3,71,2330,1173,1157
050,27,137,"Minnesota","St. Louis County",3,72,2186,1116,1070
050,27,137,"Minnesota","St. Louis County",3,73,2047,1027,1020
050,27,137,"Minnesota","St. Louis County",3,74,2155,1083,1072
050,27,137,"Minnesota","St. Louis County",3,75,1439,705,734
050,27,137,"Minnesota","St. Louis County",3,76,1331,648,683
050,27,137,"Minnesota","St. Louis County",3,77,1377,661,716
050,27,137,"Minnesota","St. Louis County",3,78,1420,675,745
050,27,137,"Minnesota","St. Louis County",3,79,1170,546,624
050,27,137,"Minnesota","St. Louis County",3,80,1039,454,585
050,27,137,"Minnesota","St. Louis County",3,81,933,391,542
050,27,137,"Minnesota","St. Louis County",3,82,883,383,500
050,27,137,"Minnesota","St. Louis County",3,83,837,357,480
050,27,137,"Minnesota","St. Louis County",3,84,733,297,436
050,27,137,"Minnesota","St. Louis County",3,85,4836,1610,3226
050,27,137,"Minnesota","St. Louis County",4,0,1847,948,899
050,27,137,"Minnesota","St. Louis County",4,1,1823,937,886
050,27,137,"Minnesota","St. Louis County",4,2,1819,963,856
050,27,137,"Minnesota","St. Louis County",4,3,1868,957,911
050,27,137,"Minnesota","St. Louis County",4,4,1957,998,959
050,27,137,"Minnesota","St. Louis County",4,5,1986,994,992
050,27,137,"Minnesota","St. Louis County",4,6,1982,1001,981
050,27,137,"Minnesota","St. Louis County",4,7,2063,1049,1014
050,27,137,"Minnesota","St. Louis County",4,8,2094,1044,1050
050,27,137,"Minnesota","St. Louis County",4,9,2045,1057,988
050,27,137,"Minnesota","St. Louis County",4,10,2098,1116,982
050,27,137,"Minnesota","St. Louis County",4,11,2055,1054,1001
050,27,137,"Minnesota","St. Louis County",4,12,2169,1083,1086
050,27,137,"Minnesota","St. Louis County",4,13,2197,1126,1071
050,27,137,"Minnesota","St. Louis County",4,14,2335,1199,1136
050,27,137,"Minnesota","St. Louis County",4,15,2277,1157,1120
050,27,137,"Minnesota","St. Louis County",4,16,2289,1173,1116
050,27,137,"Minnesota","St. Louis County",4,17,2246,1166,1080
050,27,137,"Minnesota","St. Louis County",4,18,2800,1438,1362
050,27,137,"Minnesota","St. Louis County",4,19,3828,1879,1949
050,27,137,"Minnesota","St. Louis County",4,20,4107,1974,2133
050,27,137,"Minnesota","St. Louis County",4,21,3874,2034,1840
050,27,137,"Minnesota","St. Louis County",4,22,3647,1841,1806
050,27,137,"Minnesota","St. Louis County",4,23,3049,1497,1552
050,27,137,"Minnesota","St. Louis County",4,24,2712,1440,1272
050,27,137,"Minnesota","St. Louis County",4,25,2450,1257,1193
050,27,137,"Minnesota","St. Louis County",4,26,2346,1195,1151
050,27,137,"Minnesota","St. Louis County",4,27,2241,1149,1092
050,27,137,"Minnesota","St. Louis County",4,28,2256,1145,1111
050,27,137,"Minnesota","St. Louis County",4,29,2370,1230,1140
050,27,137,"Minnesota","St. Louis County",4,30,2290,1167,1123
050,27,137,"Minnesota","St. Louis County",4,31,2232,1150,1082
050,27,137,"Minnesota","St. Louis County",4,32,2254,1192,1062
050,27,137,"Minnesota","St. Louis County",4,33,2335,1216,1119
050,27,137,"Minnesota","St. Louis County",4,34,2335,1201,1134
050,27,137,"Minnesota","St. Louis County",4,35,2347,1238,1109
050,27,137,"Minnesota","St. Louis County",4,36,2337,1227,1110
050,27,137,"Minnesota","St. Louis County",4,37,2329,1212,1117
050,27,137,"Minnesota","St. Louis County",4,38,2386,1228,1158
050,27,137,"Minnesota","St. Louis County",4,39,2475,1307,1168
050,27,137,"Minnesota","St. Louis County",4,40,2515,1350,1165
050,27,137,"Minnesota","St. Louis County",4,41,2515,1308,1207
050,27,137,"Minnesota","St. Louis County",4,42,2501,1295,1206
050,27,137,"Minnesota","St. Louis County",4,43,2323,1221,1102
050,27,137,"Minnesota","St. Louis County",4,44,2333,1190,1143
050,27,137,"Minnesota","St. Louis County",4,45,2235,1165,1070
050,27,137,"Minnesota","St. Louis County",4,46,2101,1094,1007
050,27,137,"Minnesota","St. Louis County",4,47,2065,1071,994
050,27,137,"Minnesota","St. Louis County",4,48,1980,1022,958
050,27,137,"Minnesota","St. Louis County",4,49,2035,1050,985
050,27,137,"Minnesota","St. Louis County",4,50,2133,1128,1005
050,27,137,"Minnesota","St. Louis County",4,51,2331,1222,1109
050,27,137,"Minnesota","St. Louis County",4,52,2286,1187,1099
050,27,137,"Minnesota","St. Louis County",4,53,2165,1115,1050
050,27,137,"Minnesota","St. Louis County",4,54,2180,1106,1074
050,27,137,"Minnesota","St. Louis County",4,55,2231,1127,1104
050,27,137,"Minnesota","St. Louis County",4,56,2371,1185,1186
050,27,137,"Minnesota","St. Louis County",4,57,2500,1234,1266
050,27,137,"Minnesota","St. Louis County",4,58,2604,1298,1306
050,27,137,"Minnesota","St. Louis County",4,59,2723,1332,1391
050,27,137,"Minnesota","St. Louis County",4,60,2888,1445,1443
050,27,137,"Minnesota","St. Louis County",4,61,2944,1467,1477
050,27,137,"Minnesota","St. Louis County",4,62,2900,1441,1459
050,27,137,"Minnesota","St. Louis County",4,63,2913,1436,1477
050,27,137,"Minnesota","St. Louis County",4,64,3023,1474,1549
050,27,137,"Minnesota","St. Louis County",4,65,3030,1490,1540
050,27,137,"Minnesota","St. Louis County",4,66,2922,1487,1435
050,27,137,"Minnesota","St. Louis County",4,67,2917,1473,1444
050,27,137,"Minnesota","St. Louis County",4,68,2877,1422,1455
050,27,137,"Minnesota","St. Louis County",4,69,2785,1410,1375
050,27,137,"Minnesota","St. Louis County",4,70,2627,1300,1327
050,27,137,"Minnesota","St. Louis County",4,71,2416,1206,1210
050,27,137,"Minnesota","St. Louis County",4,72,2280,1150,1130
050,27,137,"Minnesota","St. Louis County",4,73,2118,1067,1051
050,27,137,"Minnesota","St. Louis County",4,74,1989,992,997
050,27,137,"Minnesota","St. Louis County",4,75,2091,1052,1039
050,27,137,"Minnesota","St. Louis County",4,76,1375,669,706
050,27,137,"Minnesota","St. Louis County",4,77,1274,618,656
050,27,137,"Minnesota","St. Louis County",4,78,1311,620,691
050,27,137,"Minnesota","St. Louis County",4,79,1348,642,706
050,27,137,"Minnesota","St. Louis County",4,80,1105,507,598
050,27,137,"Minnesota","St. Louis County",4,81,960,410,550
050,27,137,"Minnesota","St. Louis County",4,82,845,359,486
050,27,137,"Minnesota","St. Louis County",4,83,824,343,481
050,27,137,"Minnesota","St. Louis County",4,84,754,315,439
050,27,137,"Minnesota","St. Louis County",4,85,4765,1583,3182
050,27,137,"Minnesota","St. Louis County",5,0,1842,948,894
050,27,137,"Minnesota","St. Louis County",5,1,1851,953,898
050,27,137,"Minnesota","St. Louis County",5,2,1818,931,887
050,27,137,"Minnesota","St. Louis County",5,3,1840,954,886
050,27,137,"Minnesota","St. Louis County",5,4,1859,941,918
050,27,137,"Minnesota","St. Louis County",5,5,1939,983,956
050,27,137,"Minnesota","St. Louis County",5,6,1968,986,982
050,27,137,"Minnesota","St. Louis County",5,7,1979,991,988
050,27,137,"Minnesota","St. Louis County",5,8,2054,1047,1007
050,27,137,"Minnesota","St. Louis County",5,9,2094,1044,1050
050,27,137,"Minnesota","St. Louis County",5,10,2043,1051,992
050,27,137,"Minnesota","St. Louis County",5,11,2090,1108,982
050,27,137,"Minnesota","St. Louis County",5,12,2057,1070,987
050,27,137,"Minnesota","St. Louis County",5,13,2144,1070,1074
050,27,137,"Minnesota","St. Louis County",5,14,2220,1133,1087
050,27,137,"Minnesota","St. Louis County",5,15,2313,1173,1140
050,27,137,"Minnesota","St. Louis County",5,16,2321,1173,1148
050,27,137,"Minnesota","St. Louis County",5,17,2288,1185,1103
050,27,137,"Minnesota","St. Louis County",5,18,2924,1472,1452
050,27,137,"Minnesota","St. Louis County",5,19,4303,2104,2199
050,27,137,"Minnesota","St. Louis County",5,20,4396,2130,2266
050,27,137,"Minnesota","St. Louis County",5,21,3874,2041,1833
050,27,137,"Minnesota","St. Louis County",5,22,3686,1840,1846
050,27,137,"Minnesota","St. Louis County",5,23,3138,1579,1559
050,27,137,"Minnesota","St. Louis County",5,24,2724,1447,1277
050,27,137,"Minnesota","St. Louis County",5,25,2431,1251,1180
050,27,137,"Minnesota","St. Louis County",5,26,2346,1206,1140
050,27,137,"Minnesota","St. Louis County",5,27,2250,1146,1104
050,27,137,"Minnesota","St. Louis County",5,28,2227,1113,1114
050,27,137,"Minnesota","St. Louis County",5,29,2278,1152,1126
050,27,137,"Minnesota","St. Louis County",5,30,2323,1209,1114
050,27,137,"Minnesota","St. Louis County",5,31,2312,1177,1135
050,27,137,"Minnesota","St. Louis County",5,32,2280,1190,1090
050,27,137,"Minnesota","St. Louis County",5,33,2263,1207,1056
050,27,137,"Minnesota","St. Louis County",5,34,2346,1210,1136
050,27,137,"Minnesota","St. Louis County",5,35,2381,1232,1149
050,27,137,"Minnesota","St. Louis County",5,36,2311,1234,1077
050,27,137,"Minnesota","St. Louis County",5,37,2355,1218,1137
050,27,137,"Minnesota","St. Louis County",5,38,2375,1239,1136
050,27,137,"Minnesota","St. Louis County",5,39,2390,1225,1165
050,27,137,"Minnesota","St. Louis County",5,40,2462,1296,1166
050,27,137,"Minnesota","St. Louis County",5,41,2520,1346,1174
050,27,137,"Minnesota","St. Louis County",5,42,2537,1296,1241
050,27,137,"Minnesota","St. Louis County",5,43,2527,1310,1217
050,27,137,"Minnesota","St. Louis County",5,44,2318,1222,1096
050,27,137,"Minnesota","St. Louis County",5,45,2335,1201,1134
050,27,137,"Minnesota","St. Louis County",5,46,2232,1165,1067
050,27,137,"Minnesota","St. Louis County",5,47,2084,1072,1012
050,27,137,"Minnesota","St. Louis County",5,48,2101,1086,1015
050,27,137,"Minnesota","St. Louis County",5,49,1969,1031,938
050,27,137,"Minnesota","St. Louis County",5,50,2054,1071,983
050,27,137,"Minnesota","St. Louis County",5,51,2098,1093,1005
050,27,137,"Minnesota","St. Louis County",5,52,2345,1231,1114
050,27,137,"Minnesota","St. Louis County",5,53,2289,1187,1102
050,27,137,"Minnesota","St. Louis County",5,54,2162,1099,1063
050,27,137,"Minnesota","St. Louis County",5,55,2177,1110,1067
050,27,137,"Minnesota","St. Louis County",5,56,2208,1114,1094
050,27,137,"Minnesota","St. Louis County",5,57,2357,1166,1191
050,27,137,"Minnesota","St. Louis County",5,58,2457,1210,1247
050,27,137,"Minnesota","St. Louis County",5,59,2582,1283,1299
050,27,137,"Minnesota","St. Louis County",5,60,2756,1354,1402
050,27,137,"Minnesota","St. Louis County",5,61,2852,1417,1435
050,27,137,"Minnesota","St. Louis County",5,62,2936,1456,1480
050,27,137,"Minnesota","St. Louis County",5,63,2865,1416,1449
050,27,137,"Minnesota","St. Louis County",5,64,2879,1409,1470
050,27,137,"Minnesota","St. Louis County",5,65,2970,1451,1519
050,27,137,"Minnesota","St. Louis County",5,66,3003,1464,1539
050,27,137,"Minnesota","St. Louis County",5,67,2872,1461,1411
050,27,137,"Minnesota","St. Louis County",5,68,2846,1427,1419
050,27,137,"Minnesota","St. Louis County",5,69,2845,1401,1444
050,27,137,"Minnesota","St. Louis County",5,70,2733,1371,1362
050,27,137,"Minnesota","St. Louis County",5,71,2578,1265,1313
050,27,137,"Minnesota","St. Louis County",5,72,2364,1185,1179
050,27,137,"Minnesota","St. Louis County",5,73,2221,1112,1109
050,27,137,"Minnesota","St. Louis County",5,74,2065,1034,1031
050,27,137,"Minnesota","St. Louis County",5,75,1948,974,974
050,27,137,"Minnesota","St. Louis County",5,76,2007,1006,1001
050,27,137,"Minnesota","St. Louis County",5,77,1321,642,679
050,27,137,"Minnesota","St. Louis County",5,78,1211,579,632
050,27,137,"Minnesota","St. Louis County",5,79,1255,593,662
050,27,137,"Minnesota","St. Louis County",5,80,1277,599,678
050,27,137,"Minnesota","St. Louis County",5,81,1037,468,569
050,27,137,"Minnesota","St. Louis County",5,82,903,391,512
050,27,137,"Minnesota","St. Louis County",5,83,803,323,480
050,27,137,"Minnesota","St. Louis County",5,84,754,308,446
050,27,137,"Minnesota","St. Louis County",5,85,4766,1591,3175
050,27,139,"Minnesota","Scott County",1,0,1699,864,835
050,27,139,"Minnesota","Scott County",1,1,1770,920,850
050,27,139,"Minnesota","Scott County",1,2,1908,974,934
050,27,139,"Minnesota","Scott County",1,3,2014,1017,997
050,27,139,"Minnesota","Scott County",1,4,2139,1077,1062
050,27,139,"Minnesota","Scott County",1,5,2185,1075,1110
050,27,139,"Minnesota","Scott County",1,6,2270,1160,1110
050,27,139,"Minnesota","Scott County",1,7,2289,1164,1125
050,27,139,"Minnesota","Scott County",1,8,2289,1161,1128
050,27,139,"Minnesota","Scott County",1,9,2325,1194,1131
050,27,139,"Minnesota","Scott County",1,10,2407,1203,1204
050,27,139,"Minnesota","Scott County",1,11,2403,1210,1193
050,27,139,"Minnesota","Scott County",1,12,2530,1307,1223
050,27,139,"Minnesota","Scott County",1,13,2513,1278,1235
050,27,139,"Minnesota","Scott County",1,14,2548,1258,1290
050,27,139,"Minnesota","Scott County",1,15,2533,1284,1249
050,27,139,"Minnesota","Scott County",1,16,2502,1270,1232
050,27,139,"Minnesota","Scott County",1,17,2456,1236,1220
050,27,139,"Minnesota","Scott County",1,18,2018,1074,944
050,27,139,"Minnesota","Scott County",1,19,1614,858,756
050,27,139,"Minnesota","Scott County",1,20,1728,878,850
050,27,139,"Minnesota","Scott County",1,21,1679,851,828
050,27,139,"Minnesota","Scott County",1,22,1658,834,824
050,27,139,"Minnesota","Scott County",1,23,1631,828,803
050,27,139,"Minnesota","Scott County",1,24,1620,810,810
050,27,139,"Minnesota","Scott County",1,25,1590,789,801
050,27,139,"Minnesota","Scott County",1,26,1671,871,800
050,27,139,"Minnesota","Scott County",1,27,1594,793,801
050,27,139,"Minnesota","Scott County",1,28,1662,818,844
050,27,139,"Minnesota","Scott County",1,29,1618,781,837
050,27,139,"Minnesota","Scott County",1,30,1747,884,863
050,27,139,"Minnesota","Scott County",1,31,1795,858,937
050,27,139,"Minnesota","Scott County",1,32,1923,944,979
050,27,139,"Minnesota","Scott County",1,33,1991,1008,983
050,27,139,"Minnesota","Scott County",1,34,2072,1024,1048
050,27,139,"Minnesota","Scott County",1,35,2139,1084,1055
050,27,139,"Minnesota","Scott County",1,36,2209,1126,1083
050,27,139,"Minnesota","Scott County",1,37,2302,1162,1140
050,27,139,"Minnesota","Scott County",1,38,2276,1122,1154
050,27,139,"Minnesota","Scott County",1,39,2330,1166,1164
050,27,139,"Minnesota","Scott County",1,40,2356,1190,1166
050,27,139,"Minnesota","Scott County",1,41,2212,1107,1105
050,27,139,"Minnesota","Scott County",1,42,2158,1072,1086
050,27,139,"Minnesota","Scott County",1,43,2160,1086,1074
050,27,139,"Minnesota","Scott County",1,44,2153,1087,1066
050,27,139,"Minnesota","Scott County",1,45,2103,1066,1037
050,27,139,"Minnesota","Scott County",1,46,1967,1002,965
050,27,139,"Minnesota","Scott County",1,47,2030,1003,1027
050,27,139,"Minnesota","Scott County",1,48,2216,1105,1111
050,27,139,"Minnesota","Scott County",1,49,2473,1243,1230
050,27,139,"Minnesota","Scott County",1,50,2316,1182,1134
050,27,139,"Minnesota","Scott County",1,51,2237,1178,1059
050,27,139,"Minnesota","Scott County",1,52,2188,1145,1043
050,27,139,"Minnesota","Scott County",1,53,2140,1083,1057
050,27,139,"Minnesota","Scott County",1,54,2154,1102,1052
050,27,139,"Minnesota","Scott County",1,55,2252,1175,1077
050,27,139,"Minnesota","Scott County",1,56,2189,1138,1051
050,27,139,"Minnesota","Scott County",1,57,2179,1117,1062
050,27,139,"Minnesota","Scott County",1,58,2109,1055,1054
050,27,139,"Minnesota","Scott County",1,59,2030,1024,1006
050,27,139,"Minnesota","Scott County",1,60,1900,983,917
050,27,139,"Minnesota","Scott County",1,61,1849,964,885
050,27,139,"Minnesota","Scott County",1,62,1733,882,851
050,27,139,"Minnesota","Scott County",1,63,1575,810,765
050,27,139,"Minnesota","Scott County",1,64,1439,740,699
050,27,139,"Minnesota","Scott County",1,65,1323,667,656
050,27,139,"Minnesota","Scott County",1,66,1257,629,628
050,27,139,"Minnesota","Scott County",1,67,1222,597,625
050,27,139,"Minnesota","Scott County",1,68,1220,595,625
050,27,139,"Minnesota","Scott County",1,69,1070,520,550
050,27,139,"Minnesota","Scott County",1,70,986,463,523
050,27,139,"Minnesota","Scott County",1,71,963,454,509
050,27,139,"Minnesota","Scott County",1,72,955,451,504
050,27,139,"Minnesota","Scott County",1,73,960,444,516
050,27,139,"Minnesota","Scott County",1,74,677,313,364
050,27,139,"Minnesota","Scott County",1,75,663,309,354
050,27,139,"Minnesota","Scott County",1,76,659,303,356
050,27,139,"Minnesota","Scott County",1,77,635,288,347
050,27,139,"Minnesota","Scott County",1,78,504,231,273
050,27,139,"Minnesota","Scott County",1,79,491,223,268
050,27,139,"Minnesota","Scott County",1,80,429,192,237
050,27,139,"Minnesota","Scott County",1,81,409,184,225
050,27,139,"Minnesota","Scott County",1,82,354,151,203
050,27,139,"Minnesota","Scott County",1,83,326,155,171
050,27,139,"Minnesota","Scott County",1,84,310,143,167
050,27,139,"Minnesota","Scott County",1,85,1738,655,1083
050,27,139,"Minnesota","Scott County",2,0,1693,862,831
050,27,139,"Minnesota","Scott County",2,1,1768,913,855
050,27,139,"Minnesota","Scott County",2,2,1887,964,923
050,27,139,"Minnesota","Scott County",2,3,1989,1007,982
050,27,139,"Minnesota","Scott County",2,4,2124,1070,1054
050,27,139,"Minnesota","Scott County",2,5,2189,1090,1099
050,27,139,"Minnesota","Scott County",2,6,2263,1149,1114
050,27,139,"Minnesota","Scott County",2,7,2286,1161,1125
050,27,139,"Minnesota","Scott County",2,8,2289,1161,1128
050,27,139,"Minnesota","Scott County",2,9,2323,1190,1133
050,27,139,"Minnesota","Scott County",2,10,2385,1198,1187
050,27,139,"Minnesota","Scott County",2,11,2396,1207,1189
050,27,139,"Minnesota","Scott County",2,12,2514,1293,1221
050,27,139,"Minnesota","Scott County",2,13,2520,1288,1232
050,27,139,"Minnesota","Scott County",2,14,2532,1261,1271
050,27,139,"Minnesota","Scott County",2,15,2536,1278,1258
050,27,139,"Minnesota","Scott County",2,16,2512,1277,1235
050,27,139,"Minnesota","Scott County",2,17,2466,1244,1222
050,27,139,"Minnesota","Scott County",2,18,2026,1070,956
050,27,139,"Minnesota","Scott County",2,19,1633,866,767
050,27,139,"Minnesota","Scott County",2,20,1746,895,851
050,27,139,"Minnesota","Scott County",2,21,1696,860,836
050,27,139,"Minnesota","Scott County",2,22,1668,839,829
050,27,139,"Minnesota","Scott County",2,23,1646,834,812
050,27,139,"Minnesota","Scott County",2,24,1633,820,813
050,27,139,"Minnesota","Scott County",2,25,1615,806,809
050,27,139,"Minnesota","Scott County",2,26,1668,858,810
050,27,139,"Minnesota","Scott County",2,27,1629,818,811
050,27,139,"Minnesota","Scott County",2,28,1665,821,844
050,27,139,"Minnesota","Scott County",2,29,1649,797,852
050,27,139,"Minnesota","Scott County",2,30,1744,876,868
050,27,139,"Minnesota","Scott County",2,31,1800,872,928
050,27,139,"Minnesota","Scott County",2,32,1905,930,975
050,27,139,"Minnesota","Scott County",2,33,1980,996,984
050,27,139,"Minnesota","Scott County",2,34,2065,1029,1036
050,27,139,"Minnesota","Scott County",2,35,2146,1084,1062
050,27,139,"Minnesota","Scott County",2,36,2188,1118,1070
050,27,139,"Minnesota","Scott County",2,37,2284,1160,1124
050,27,139,"Minnesota","Scott County",2,38,2299,1139,1160
050,27,139,"Minnesota","Scott County",2,39,2326,1159,1167
050,27,139,"Minnesota","Scott County",2,40,2366,1190,1176
050,27,139,"Minnesota","Scott County",2,41,2250,1127,1123
050,27,139,"Minnesota","Scott County",2,42,2159,1074,1085
050,27,139,"Minnesota","Scott County",2,43,2173,1088,1085
050,27,139,"Minnesota","Scott County",2,44,2135,1075,1060
050,27,139,"Minnesota","Scott County",2,45,2110,1070,1040
050,27,139,"Minnesota","Scott County",2,46,1999,1014,985
050,27,139,"Minnesota","Scott County",2,47,2010,1001,1009
050,27,139,"Minnesota","Scott County",2,48,2167,1079,1088
050,27,139,"Minnesota","Scott County",2,49,2422,1213,1209
050,27,139,"Minnesota","Scott County",2,50,2357,1198,1159
050,27,139,"Minnesota","Scott County",2,51,2251,1175,1076
050,27,139,"Minnesota","Scott County",2,52,2199,1152,1047
050,27,139,"Minnesota","Scott County",2,53,2154,1100,1054
050,27,139,"Minnesota","Scott County",2,54,2145,1098,1047
050,27,139,"Minnesota","Scott County",2,55,2224,1155,1069
050,27,139,"Minnesota","Scott County",2,56,2206,1147,1059
050,27,139,"Minnesota","Scott County",2,57,2182,1121,1061
050,27,139,"Minnesota","Scott County",2,58,2116,1064,1052
050,27,139,"Minnesota","Scott County",2,59,2051,1032,1019
050,27,139,"Minnesota","Scott County",2,60,1925,990,935
050,27,139,"Minnesota","Scott County",2,61,1856,965,891
050,27,139,"Minnesota","Scott County",2,62,1758,897,861
050,27,139,"Minnesota","Scott County",2,63,1622,833,789
050,27,139,"Minnesota","Scott County",2,64,1459,750,709
050,27,139,"Minnesota","Scott County",2,65,1345,677,668
050,27,139,"Minnesota","Scott County",2,66,1271,636,635
050,27,139,"Minnesota","Scott County",2,67,1226,601,625
050,27,139,"Minnesota","Scott County",2,68,1208,594,614
050,27,139,"Minnesota","Scott County",2,69,1113,541,572
050,27,139,"Minnesota","Scott County",2,70,1000,474,526
050,27,139,"Minnesota","Scott County",2,71,967,454,513
050,27,139,"Minnesota","Scott County",2,72,942,440,502
050,27,139,"Minnesota","Scott County",2,73,1003,467,536
050,27,139,"Minnesota","Scott County",2,74,699,324,375
050,27,139,"Minnesota","Scott County",2,75,666,311,355
050,27,139,"Minnesota","Scott County",2,76,655,302,353
050,27,139,"Minnesota","Scott County",2,77,651,296,355
050,27,139,"Minnesota","Scott County",2,78,523,237,286
050,27,139,"Minnesota","Scott County",2,79,490,224,266
050,27,139,"Minnesota","Scott County",2,80,438,195,243
050,27,139,"Minnesota","Scott County",2,81,416,186,230
050,27,139,"Minnesota","Scott County",2,82,363,153,210
050,27,139,"Minnesota","Scott County",2,83,324,150,174
050,27,139,"Minnesota","Scott County",2,84,310,144,166
050,27,139,"Minnesota","Scott County",2,85,1758,655,1103
050,27,139,"Minnesota","Scott County",3,0,1680,877,803
050,27,139,"Minnesota","Scott County",3,1,1776,887,889
050,27,139,"Minnesota","Scott County",3,2,1832,955,877
050,27,139,"Minnesota","Scott County",3,3,1971,1032,939
050,27,139,"Minnesota","Scott County",3,4,2035,1027,1008
050,27,139,"Minnesota","Scott County",3,5,2156,1095,1061
050,27,139,"Minnesota","Scott County",3,6,2221,1123,1098
050,27,139,"Minnesota","Scott County",3,7,2273,1152,1121
050,27,139,"Minnesota","Scott County",3,8,2299,1165,1134
050,27,139,"Minnesota","Scott County",3,9,2330,1173,1157
050,27,139,"Minnesota","Scott County",3,10,2341,1199,1142
050,27,139,"Minnesota","Scott County",3,11,2395,1202,1193
050,27,139,"Minnesota","Scott County",3,12,2450,1238,1212
050,27,139,"Minnesota","Scott County",3,13,2544,1290,1254
050,27,139,"Minnesota","Scott County",3,14,2544,1289,1255
050,27,139,"Minnesota","Scott County",3,15,2535,1257,1278
050,27,139,"Minnesota","Scott County",3,16,2535,1270,1265
050,27,139,"Minnesota","Scott County",3,17,2566,1307,1259
050,27,139,"Minnesota","Scott County",3,18,2112,1090,1022
050,27,139,"Minnesota","Scott County",3,19,1639,860,779
050,27,139,"Minnesota","Scott County",3,20,1771,923,848
050,27,139,"Minnesota","Scott County",3,21,1822,939,883
050,27,139,"Minnesota","Scott County",3,22,1805,907,898
050,27,139,"Minnesota","Scott County",3,23,1754,877,877
050,27,139,"Minnesota","Scott County",3,24,1651,851,800
050,27,139,"Minnesota","Scott County",3,25,1606,811,795
050,27,139,"Minnesota","Scott County",3,26,1673,829,844
050,27,139,"Minnesota","Scott County",3,27,1722,885,837
050,27,139,"Minnesota","Scott County",3,28,1741,863,878
050,27,139,"Minnesota","Scott County",3,29,1779,881,898
050,27,139,"Minnesota","Scott County",3,30,1755,858,897
050,27,139,"Minnesota","Scott County",3,31,1848,939,909
050,27,139,"Minnesota","Scott County",3,32,1898,926,972
050,27,139,"Minnesota","Scott County",3,33,1978,970,1008
050,27,139,"Minnesota","Scott County",3,34,2122,1069,1053
050,27,139,"Minnesota","Scott County",3,35,2140,1078,1062
050,27,139,"Minnesota","Scott County",3,36,2210,1113,1097
050,27,139,"Minnesota","Scott County",3,37,2230,1115,1115
050,27,139,"Minnesota","Scott County",3,38,2351,1191,1160
050,27,139,"Minnesota","Scott County",3,39,2330,1153,1177
050,27,139,"Minnesota","Scott County",3,40,2346,1187,1159
050,27,139,"Minnesota","Scott County",3,41,2364,1203,1161
050,27,139,"Minnesota","Scott County",3,42,2266,1143,1123
050,27,139,"Minnesota","Scott County",3,43,2174,1083,1091
050,27,139,"Minnesota","Scott County",3,44,2174,1084,1090
050,27,139,"Minnesota","Scott County",3,45,2126,1068,1058
050,27,139,"Minnesota","Scott County",3,46,2105,1065,1040
050,27,139,"Minnesota","Scott County",3,47,2011,1036,975
050,27,139,"Minnesota","Scott County",3,48,1989,983,1006
050,27,139,"Minnesota","Scott County",3,49,2154,1066,1088
050,27,139,"Minnesota","Scott County",3,50,2427,1228,1199
050,27,139,"Minnesota","Scott County",3,51,2352,1189,1163
050,27,139,"Minnesota","Scott County",3,52,2245,1164,1081
050,27,139,"Minnesota","Scott County",3,53,2194,1141,1053
050,27,139,"Minnesota","Scott County",3,54,2140,1099,1041
050,27,139,"Minnesota","Scott County",3,55,2121,1088,1033
050,27,139,"Minnesota","Scott County",3,56,2230,1153,1077
050,27,139,"Minnesota","Scott County",3,57,2180,1129,1051
050,27,139,"Minnesota","Scott County",3,58,2130,1098,1032
050,27,139,"Minnesota","Scott County",3,59,2114,1065,1049
050,27,139,"Minnesota","Scott County",3,60,2035,1030,1005
050,27,139,"Minnesota","Scott County",3,61,1901,963,938
050,27,139,"Minnesota","Scott County",3,62,1805,937,868
050,27,139,"Minnesota","Scott County",3,63,1716,879,837
050,27,139,"Minnesota","Scott County",3,64,1598,823,775
050,27,139,"Minnesota","Scott County",3,65,1425,720,705
050,27,139,"Minnesota","Scott County",3,66,1322,666,656
050,27,139,"Minnesota","Scott County",3,67,1249,620,629
050,27,139,"Minnesota","Scott County",3,68,1218,598,620
050,27,139,"Minnesota","Scott County",3,69,1210,585,625
050,27,139,"Minnesota","Scott County",3,70,1101,535,566
050,27,139,"Minnesota","Scott County",3,71,1001,473,528
050,27,139,"Minnesota","Scott County",3,72,969,449,520
050,27,139,"Minnesota","Scott County",3,73,942,433,509
050,27,139,"Minnesota","Scott County",3,74,982,449,533
050,27,139,"Minnesota","Scott County",3,75,685,319,366
050,27,139,"Minnesota","Scott County",3,76,656,299,357
050,27,139,"Minnesota","Scott County",3,77,649,306,343
050,27,139,"Minnesota","Scott County",3,78,620,269,351
050,27,139,"Minnesota","Scott County",3,79,514,230,284
050,27,139,"Minnesota","Scott County",3,80,473,219,254
050,27,139,"Minnesota","Scott County",3,81,438,187,251
050,27,139,"Minnesota","Scott County",3,82,382,169,213
050,27,139,"Minnesota","Scott County",3,83,337,142,195
050,27,139,"Minnesota","Scott County",3,84,310,149,161
050,27,139,"Minnesota","Scott County",3,85,1811,689,1122
050,27,139,"Minnesota","Scott County",4,0,1725,875,850
050,27,139,"Minnesota","Scott County",4,1,1778,901,877
050,27,139,"Minnesota","Scott County",4,2,1814,896,918
050,27,139,"Minnesota","Scott County",4,3,1860,948,912
050,27,139,"Minnesota","Scott County",4,4,2048,1081,967
050,27,139,"Minnesota","Scott County",4,5,2069,1042,1027
050,27,139,"Minnesota","Scott County",4,6,2161,1078,1083
050,27,139,"Minnesota","Scott County",4,7,2219,1127,1092
050,27,139,"Minnesota","Scott County",4,8,2264,1150,1114
050,27,139,"Minnesota","Scott County",4,9,2308,1171,1137
050,27,139,"Minnesota","Scott County",4,10,2346,1169,1177
050,27,139,"Minnesota","Scott County",4,11,2340,1193,1147
050,27,139,"Minnesota","Scott County",4,12,2431,1223,1208
050,27,139,"Minnesota","Scott County",4,13,2502,1279,1223
050,27,139,"Minnesota","Scott County",4,14,2560,1303,1257
050,27,139,"Minnesota","Scott County",4,15,2537,1293,1244
050,27,139,"Minnesota","Scott County",4,16,2533,1258,1275
050,27,139,"Minnesota","Scott County",4,17,2551,1290,1261
050,27,139,"Minnesota","Scott County",4,18,2191,1150,1041
050,27,139,"Minnesota","Scott County",4,19,1646,854,792
050,27,139,"Minnesota","Scott County",4,20,1723,902,821
050,27,139,"Minnesota","Scott County",4,21,1790,931,859
050,27,139,"Minnesota","Scott County",4,22,1835,935,900
050,27,139,"Minnesota","Scott County",4,23,1821,928,893
050,27,139,"Minnesota","Scott County",4,24,1719,856,863
050,27,139,"Minnesota","Scott County",4,25,1666,836,830
050,27,139,"Minnesota","Scott County",4,26,1658,852,806
050,27,139,"Minnesota","Scott County",4,27,1691,856,835
050,27,139,"Minnesota","Scott County",4,28,1761,896,865
050,27,139,"Minnesota","Scott County",4,29,1823,905,918
050,27,139,"Minnesota","Scott County",4,30,1812,906,906
050,27,139,"Minnesota","Scott County",4,31,1763,840,923
050,27,139,"Minnesota","Scott County",4,32,1944,1005,939
050,27,139,"Minnesota","Scott County",4,33,1961,978,983
050,27,139,"Minnesota","Scott County",4,34,2060,1000,1060
050,27,139,"Minnesota","Scott County",4,35,2181,1102,1079
050,27,139,"Minnesota","Scott County",4,36,2185,1100,1085
050,27,139,"Minnesota","Scott County",4,37,2246,1142,1104
050,27,139,"Minnesota","Scott County",4,38,2251,1134,1117
050,27,139,"Minnesota","Scott County",4,39,2338,1189,1149
050,27,139,"Minnesota","Scott County",4,40,2323,1149,1174
050,27,139,"Minnesota","Scott County",4,41,2338,1180,1158
050,27,139,"Minnesota","Scott County",4,42,2363,1194,1169
050,27,139,"Minnesota","Scott County",4,43,2240,1130,1110
050,27,139,"Minnesota","Scott County",4,44,2150,1079,1071
050,27,139,"Minnesota","Scott County",4,45,2141,1072,1069
050,27,139,"Minnesota","Scott County",4,46,2132,1076,1056
050,27,139,"Minnesota","Scott County",4,47,2119,1074,1045
050,27,139,"Minnesota","Scott County",4,48,2002,1045,957
050,27,139,"Minnesota","Scott County",4,49,1972,975,997
050,27,139,"Minnesota","Scott County",4,50,2158,1077,1081
050,27,139,"Minnesota","Scott County",4,51,2375,1205,1170
050,27,139,"Minnesota","Scott County",4,52,2300,1179,1121
050,27,139,"Minnesota","Scott County",4,53,2206,1141,1065
050,27,139,"Minnesota","Scott County",4,54,2163,1125,1038
050,27,139,"Minnesota","Scott County",4,55,2121,1090,1031
050,27,139,"Minnesota","Scott County",4,56,2092,1071,1021
050,27,139,"Minnesota","Scott County",4,57,2193,1132,1061
050,27,139,"Minnesota","Scott County",4,58,2129,1096,1033
050,27,139,"Minnesota","Scott County",4,59,2104,1100,1004
050,27,139,"Minnesota","Scott County",4,60,2063,1039,1024
050,27,139,"Minnesota","Scott County",4,61,2033,1024,1009
050,27,139,"Minnesota","Scott County",4,62,1867,928,939
050,27,139,"Minnesota","Scott County",4,63,1771,913,858
050,27,139,"Minnesota","Scott County",4,64,1700,882,818
050,27,139,"Minnesota","Scott County",4,65,1586,816,770
050,27,139,"Minnesota","Scott County",4,66,1404,714,690
050,27,139,"Minnesota","Scott County",4,67,1287,647,640
050,27,139,"Minnesota","Scott County",4,68,1220,600,620
050,27,139,"Minnesota","Scott County",4,69,1195,586,609
050,27,139,"Minnesota","Scott County",4,70,1178,567,611
050,27,139,"Minnesota","Scott County",4,71,1085,525,560
050,27,139,"Minnesota","Scott County",4,72,987,467,520
050,27,139,"Minnesota","Scott County",4,73,955,430,525
050,27,139,"Minnesota","Scott County",4,74,924,418,506
050,27,139,"Minnesota","Scott County",4,75,961,438,523
050,27,139,"Minnesota","Scott County",4,76,666,304,362
050,27,139,"Minnesota","Scott County",4,77,643,295,348
050,27,139,"Minnesota","Scott County",4,78,635,291,344
050,27,139,"Minnesota","Scott County",4,79,606,268,338
050,27,139,"Minnesota","Scott County",4,80,492,217,275
050,27,139,"Minnesota","Scott County",4,81,477,220,257
050,27,139,"Minnesota","Scott County",4,82,413,174,239
050,27,139,"Minnesota","Scott County",4,83,372,170,202
050,27,139,"Minnesota","Scott County",4,84,315,137,178
050,27,139,"Minnesota","Scott County",4,85,1856,719,1137
050,27,139,"Minnesota","Scott County",5,0,1724,876,848
050,27,139,"Minnesota","Scott County",5,1,1747,882,865
050,27,139,"Minnesota","Scott County",5,2,1865,933,932
050,27,139,"Minnesota","Scott County",5,3,1878,929,949
050,27,139,"Minnesota","Scott County",5,4,1907,971,936
050,27,139,"Minnesota","Scott County",5,5,2099,1095,1004
050,27,139,"Minnesota","Scott County",5,6,2074,1049,1025
050,27,139,"Minnesota","Scott County",5,7,2206,1102,1104
050,27,139,"Minnesota","Scott County",5,8,2209,1124,1085
050,27,139,"Minnesota","Scott County",5,9,2277,1153,1124
050,27,139,"Minnesota","Scott County",5,10,2289,1159,1130
050,27,139,"Minnesota","Scott County",5,11,2340,1171,1169
050,27,139,"Minnesota","Scott County",5,12,2326,1183,1143
050,27,139,"Minnesota","Scott County",5,13,2450,1244,1206
050,27,139,"Minnesota","Scott County",5,14,2501,1284,1217
050,27,139,"Minnesota","Scott County",5,15,2570,1303,1267
050,27,139,"Minnesota","Scott County",5,16,2555,1293,1262
050,27,139,"Minnesota","Scott County",5,17,2560,1276,1284
050,27,139,"Minnesota","Scott County",5,18,2166,1118,1048
050,27,139,"Minnesota","Scott County",5,19,1739,907,832
050,27,139,"Minnesota","Scott County",5,20,1788,920,868
050,27,139,"Minnesota","Scott County",5,21,1820,938,882
050,27,139,"Minnesota","Scott County",5,22,1899,983,916
050,27,139,"Minnesota","Scott County",5,23,1869,959,910
050,27,139,"Minnesota","Scott County",5,24,1850,944,906
050,27,139,"Minnesota","Scott County",5,25,1731,857,874
050,27,139,"Minnesota","Scott County",5,26,1693,886,807
050,27,139,"Minnesota","Scott County",5,27,1625,825,800
050,27,139,"Minnesota","Scott County",5,28,1707,859,848
050,27,139,"Minnesota","Scott County",5,29,1826,932,894
050,27,139,"Minnesota","Scott County",5,30,1838,928,910
050,27,139,"Minnesota","Scott County",5,31,1836,893,943
050,27,139,"Minnesota","Scott County",5,32,1852,890,962
050,27,139,"Minnesota","Scott County",5,33,2033,1053,980
050,27,139,"Minnesota","Scott County",5,34,2091,1043,1048
050,27,139,"Minnesota","Scott County",5,35,2089,1029,1060
050,27,139,"Minnesota","Scott County",5,36,2189,1114,1075
050,27,139,"Minnesota","Scott County",5,37,2220,1095,1125
050,27,139,"Minnesota","Scott County",5,38,2310,1168,1142
050,27,139,"Minnesota","Scott County",5,39,2291,1142,1149
050,27,139,"Minnesota","Scott County",5,40,2331,1186,1145
050,27,139,"Minnesota","Scott County",5,41,2333,1154,1179
050,27,139,"Minnesota","Scott County",5,42,2359,1184,1175
050,27,139,"Minnesota","Scott County",5,43,2373,1201,1172
050,27,139,"Minnesota","Scott County",5,44,2238,1125,1113
050,27,139,"Minnesota","Scott County",5,45,2129,1053,1076
050,27,139,"Minnesota","Scott County",5,46,2131,1064,1067
050,27,139,"Minnesota","Scott County",5,47,2116,1069,1047
050,27,139,"Minnesota","Scott County",5,48,2139,1086,1053
050,27,139,"Minnesota","Scott County",5,49,2015,1044,971
050,27,139,"Minnesota","Scott County",5,50,1955,962,993
050,27,139,"Minnesota","Scott County",5,51,2163,1073,1090
050,27,139,"Minnesota","Scott County",5,52,2370,1197,1173
050,27,139,"Minnesota","Scott County",5,53,2311,1194,1117
050,27,139,"Minnesota","Scott County",5,54,2180,1125,1055
050,27,139,"Minnesota","Scott County",5,55,2119,1104,1015
050,27,139,"Minnesota","Scott County",5,56,2055,1049,1006
050,27,139,"Minnesota","Scott County",5,57,2070,1063,1007
050,27,139,"Minnesota","Scott County",5,58,2192,1131,1061
050,27,139,"Minnesota","Scott County",5,59,2099,1087,1012
050,27,139,"Minnesota","Scott County",5,60,2076,1084,992
050,27,139,"Minnesota","Scott County",5,61,2067,1041,1026
050,27,139,"Minnesota","Scott County",5,62,2015,1009,1006
050,27,139,"Minnesota","Scott County",5,63,1821,906,915
050,27,139,"Minnesota","Scott County",5,64,1750,900,850
050,27,139,"Minnesota","Scott County",5,65,1704,878,826
050,27,139,"Minnesota","Scott County",5,66,1558,801,757
050,27,139,"Minnesota","Scott County",5,67,1391,702,689
050,27,139,"Minnesota","Scott County",5,68,1253,628,625
050,27,139,"Minnesota","Scott County",5,69,1206,592,614
050,27,139,"Minnesota","Scott County",5,70,1167,562,605
050,27,139,"Minnesota","Scott County",5,71,1148,556,592
050,27,139,"Minnesota","Scott County",5,72,1071,515,556
050,27,139,"Minnesota","Scott County",5,73,967,456,511
050,27,139,"Minnesota","Scott County",5,74,938,413,525
050,27,139,"Minnesota","Scott County",5,75,892,398,494
050,27,139,"Minnesota","Scott County",5,76,968,435,533
050,27,139,"Minnesota","Scott County",5,77,650,301,349
050,27,139,"Minnesota","Scott County",5,78,621,278,343
050,27,139,"Minnesota","Scott County",5,79,618,280,338
050,27,139,"Minnesota","Scott County",5,80,576,249,327
050,27,139,"Minnesota","Scott County",5,81,500,216,284
050,27,139,"Minnesota","Scott County",5,82,452,201,251
050,27,139,"Minnesota","Scott County",5,83,397,167,230
050,27,139,"Minnesota","Scott County",5,84,363,165,198
050,27,139,"Minnesota","Scott County",5,85,1928,741,1187
050,27,141,"Minnesota","Sherburne County",1,0,1170,598,572
050,27,141,"Minnesota","Sherburne County",1,1,1277,655,622
050,27,141,"Minnesota","Sherburne County",1,2,1254,669,585
050,27,141,"Minnesota","Sherburne County",1,3,1314,647,667
050,27,141,"Minnesota","Sherburne County",1,4,1370,673,697
050,27,141,"Minnesota","Sherburne County",1,5,1384,698,686
050,27,141,"Minnesota","Sherburne County",1,6,1360,741,619
050,27,141,"Minnesota","Sherburne County",1,7,1441,740,701
050,27,141,"Minnesota","Sherburne County",1,8,1390,700,690
050,27,141,"Minnesota","Sherburne County",1,9,1384,721,663
050,27,141,"Minnesota","Sherburne County",1,10,1453,755,698
050,27,141,"Minnesota","Sherburne County",1,11,1475,777,698
050,27,141,"Minnesota","Sherburne County",1,12,1517,771,746
050,27,141,"Minnesota","Sherburne County",1,13,1579,788,791
050,27,141,"Minnesota","Sherburne County",1,14,1577,783,794
050,27,141,"Minnesota","Sherburne County",1,15,1508,754,754
050,27,141,"Minnesota","Sherburne County",1,16,1520,764,756
050,27,141,"Minnesota","Sherburne County",1,17,1574,815,759
050,27,141,"Minnesota","Sherburne County",1,18,1314,729,585
050,27,141,"Minnesota","Sherburne County",1,19,1053,563,490
050,27,141,"Minnesota","Sherburne County",1,20,1106,613,493
050,27,141,"Minnesota","Sherburne County",1,21,1154,653,501
050,27,141,"Minnesota","Sherburne County",1,22,1120,589,531
050,27,141,"Minnesota","Sherburne County",1,23,1122,612,510
050,27,141,"Minnesota","Sherburne County",1,24,1098,623,475
050,27,141,"Minnesota","Sherburne County",1,25,1089,584,505
050,27,141,"Minnesota","Sherburne County",1,26,1146,612,534
050,27,141,"Minnesota","Sherburne County",1,27,1171,629,542
050,27,141,"Minnesota","Sherburne County",1,28,1221,653,568
050,27,141,"Minnesota","Sherburne County",1,29,1208,624,584
050,27,141,"Minnesota","Sherburne County",1,30,1245,654,591
050,27,141,"Minnesota","Sherburne County",1,31,1315,680,635
050,27,141,"Minnesota","Sherburne County",1,32,1383,732,651
050,27,141,"Minnesota","Sherburne County",1,33,1404,721,683
050,27,141,"Minnesota","Sherburne County",1,34,1457,789,668
050,27,141,"Minnesota","Sherburne County",1,35,1442,762,680
050,27,141,"Minnesota","Sherburne County",1,36,1456,746,710
050,27,141,"Minnesota","Sherburne County",1,37,1458,773,685
050,27,141,"Minnesota","Sherburne County",1,38,1452,755,697
050,27,141,"Minnesota","Sherburne County",1,39,1439,760,679
050,27,141,"Minnesota","Sherburne County",1,40,1410,735,675
050,27,141,"Minnesota","Sherburne County",1,41,1382,729,653
050,27,141,"Minnesota","Sherburne County",1,42,1379,724,655
050,27,141,"Minnesota","Sherburne County",1,43,1327,697,630
050,27,141,"Minnesota","Sherburne County",1,44,1249,658,591
050,27,141,"Minnesota","Sherburne County",1,45,1251,638,613
050,27,141,"Minnesota","Sherburne County",1,46,1234,633,601
050,27,141,"Minnesota","Sherburne County",1,47,1310,693,617
050,27,141,"Minnesota","Sherburne County",1,48,1342,710,632
050,27,141,"Minnesota","Sherburne County",1,49,1484,741,743
050,27,141,"Minnesota","Sherburne County",1,50,1448,746,702
050,27,141,"Minnesota","Sherburne County",1,51,1341,690,651
050,27,141,"Minnesota","Sherburne County",1,52,1284,665,619
050,27,141,"Minnesota","Sherburne County",1,53,1327,703,624
050,27,141,"Minnesota","Sherburne County",1,54,1356,709,647
050,27,141,"Minnesota","Sherburne County",1,55,1408,739,669
050,27,141,"Minnesota","Sherburne County",1,56,1397,725,672
050,27,141,"Minnesota","Sherburne County",1,57,1339,697,642
050,27,141,"Minnesota","Sherburne County",1,58,1347,731,616
050,27,141,"Minnesota","Sherburne County",1,59,1298,690,608
050,27,141,"Minnesota","Sherburne County",1,60,1216,637,579
050,27,141,"Minnesota","Sherburne County",1,61,1176,610,566
050,27,141,"Minnesota","Sherburne County",1,62,1130,568,562
050,27,141,"Minnesota","Sherburne County",1,63,1031,518,513
050,27,141,"Minnesota","Sherburne County",1,64,993,523,470
050,27,141,"Minnesota","Sherburne County",1,65,914,471,443
050,27,141,"Minnesota","Sherburne County",1,66,842,430,412
050,27,141,"Minnesota","Sherburne County",1,67,829,399,430
050,27,141,"Minnesota","Sherburne County",1,68,809,392,417
050,27,141,"Minnesota","Sherburne County",1,69,747,363,384
050,27,141,"Minnesota","Sherburne County",1,70,704,342,362
050,27,141,"Minnesota","Sherburne County",1,71,672,332,340
050,27,141,"Minnesota","Sherburne County",1,72,646,319,327
050,27,141,"Minnesota","Sherburne County",1,73,623,305,318
050,27,141,"Minnesota","Sherburne County",1,74,418,194,224
050,27,141,"Minnesota","Sherburne County",1,75,420,193,227
050,27,141,"Minnesota","Sherburne County",1,76,437,205,232
050,27,141,"Minnesota","Sherburne County",1,77,416,182,234
050,27,141,"Minnesota","Sherburne County",1,78,350,164,186
050,27,141,"Minnesota","Sherburne County",1,79,303,149,154
050,27,141,"Minnesota","Sherburne County",1,80,255,121,134
050,27,141,"Minnesota","Sherburne County",1,81,271,124,147
050,27,141,"Minnesota","Sherburne County",1,82,235,98,137
050,27,141,"Minnesota","Sherburne County",1,83,197,90,107
050,27,141,"Minnesota","Sherburne County",1,84,187,85,102
050,27,141,"Minnesota","Sherburne County",1,85,1055,375,680
050,27,141,"Minnesota","Sherburne County",2,0,1199,616,583
050,27,141,"Minnesota","Sherburne County",2,1,1259,649,610
050,27,141,"Minnesota","Sherburne County",2,2,1267,666,601
050,27,141,"Minnesota","Sherburne County",2,3,1300,653,647
050,27,141,"Minnesota","Sherburne County",2,4,1363,669,694
050,27,141,"Minnesota","Sherburne County",2,5,1384,695,689
050,27,141,"Minnesota","Sherburne County",2,6,1381,738,643
050,27,141,"Minnesota","Sherburne County",2,7,1426,740,686
050,27,141,"Minnesota","Sherburne County",2,8,1405,709,696
050,27,141,"Minnesota","Sherburne County",2,9,1388,715,673
050,27,141,"Minnesota","Sherburne County",2,10,1448,750,698
050,27,141,"Minnesota","Sherburne County",2,11,1468,768,700
050,27,141,"Minnesota","Sherburne County",2,12,1519,775,744
050,27,141,"Minnesota","Sherburne County",2,13,1574,789,785
050,27,141,"Minnesota","Sherburne County",2,14,1587,791,796
050,27,141,"Minnesota","Sherburne County",2,15,1531,763,768
050,27,141,"Minnesota","Sherburne County",2,16,1515,762,753
050,27,141,"Minnesota","Sherburne County",2,17,1559,803,756
050,27,141,"Minnesota","Sherburne County",2,18,1316,726,590
050,27,141,"Minnesota","Sherburne County",2,19,1060,574,486
050,27,141,"Minnesota","Sherburne County",2,20,1126,617,509
050,27,141,"Minnesota","Sherburne County",2,21,1160,654,506
050,27,141,"Minnesota","Sherburne County",2,22,1140,609,531
050,27,141,"Minnesota","Sherburne County",2,23,1142,618,524
050,27,141,"Minnesota","Sherburne County",2,24,1101,618,483
050,27,141,"Minnesota","Sherburne County",2,25,1097,598,499
050,27,141,"Minnesota","Sherburne County",2,26,1141,612,529
050,27,141,"Minnesota","Sherburne County",2,27,1177,631,546
050,27,141,"Minnesota","Sherburne County",2,28,1227,654,573
050,27,141,"Minnesota","Sherburne County",2,29,1224,640,584
050,27,141,"Minnesota","Sherburne County",2,30,1260,656,604
050,27,141,"Minnesota","Sherburne County",2,31,1310,680,630
050,27,141,"Minnesota","Sherburne County",2,32,1379,726,653
050,27,141,"Minnesota","Sherburne County",2,33,1393,718,675
050,27,141,"Minnesota","Sherburne County",2,34,1458,782,676
050,27,141,"Minnesota","Sherburne County",2,35,1461,774,687
050,27,141,"Minnesota","Sherburne County",2,36,1453,751,702
050,27,141,"Minnesota","Sherburne County",2,37,1463,764,699
050,27,141,"Minnesota","Sherburne County",2,38,1461,761,700
050,27,141,"Minnesota","Sherburne County",2,39,1444,759,685
050,27,141,"Minnesota","Sherburne County",2,40,1428,748,680
050,27,141,"Minnesota","Sherburne County",2,41,1385,728,657
050,27,141,"Minnesota","Sherburne County",2,42,1372,717,655
050,27,141,"Minnesota","Sherburne County",2,43,1351,709,642
050,27,141,"Minnesota","Sherburne County",2,44,1256,661,595
050,27,141,"Minnesota","Sherburne County",2,45,1259,647,612
050,27,141,"Minnesota","Sherburne County",2,46,1235,632,603
050,27,141,"Minnesota","Sherburne County",2,47,1285,675,610
050,27,141,"Minnesota","Sherburne County",2,48,1325,701,624
050,27,141,"Minnesota","Sherburne County",2,49,1458,739,719
050,27,141,"Minnesota","Sherburne County",2,50,1453,741,712
050,27,141,"Minnesota","Sherburne County",2,51,1363,704,659
050,27,141,"Minnesota","Sherburne County",2,52,1299,673,626
050,27,141,"Minnesota","Sherburne County",2,53,1319,694,625
050,27,141,"Minnesota","Sherburne County",2,54,1343,705,638
050,27,141,"Minnesota","Sherburne County",2,55,1391,732,659
050,27,141,"Minnesota","Sherburne County",2,56,1399,728,671
050,27,141,"Minnesota","Sherburne County",2,57,1357,703,654
050,27,141,"Minnesota","Sherburne County",2,58,1346,724,622
050,27,141,"Minnesota","Sherburne County",2,59,1318,704,614
050,27,141,"Minnesota","Sherburne County",2,60,1232,649,583
050,27,141,"Minnesota","Sherburne County",2,61,1179,612,567
050,27,141,"Minnesota","Sherburne County",2,62,1138,576,562
050,27,141,"Minnesota","Sherburne County",2,63,1068,536,532
050,27,141,"Minnesota","Sherburne County",2,64,995,519,476
050,27,141,"Minnesota","Sherburne County",2,65,932,484,448
050,27,141,"Minnesota","Sherburne County",2,66,856,438,418
050,27,141,"Minnesota","Sherburne County",2,67,825,404,421
050,27,141,"Minnesota","Sherburne County",2,68,809,392,417
050,27,141,"Minnesota","Sherburne County",2,69,770,373,397
050,27,141,"Minnesota","Sherburne County",2,70,702,341,361
050,27,141,"Minnesota","Sherburne County",2,71,678,334,344
050,27,141,"Minnesota","Sherburne County",2,72,639,317,322
050,27,141,"Minnesota","Sherburne County",2,73,662,324,338
050,27,141,"Minnesota","Sherburne County",2,74,435,203,232
050,27,141,"Minnesota","Sherburne County",2,75,418,193,225
050,27,141,"Minnesota","Sherburne County",2,76,431,203,228
050,27,141,"Minnesota","Sherburne County",2,77,430,192,238
050,27,141,"Minnesota","Sherburne County",2,78,357,165,192
050,27,141,"Minnesota","Sherburne County",2,79,314,152,162
050,27,141,"Minnesota","Sherburne County",2,80,263,125,138
050,27,141,"Minnesota","Sherburne County",2,81,263,122,141
050,27,141,"Minnesota","Sherburne County",2,82,239,102,137
050,27,141,"Minnesota","Sherburne County",2,83,201,89,112
050,27,141,"Minnesota","Sherburne County",2,84,186,85,101
050,27,141,"Minnesota","Sherburne County",2,85,1063,374,689
050,27,141,"Minnesota","Sherburne County",3,0,1129,583,546
050,27,141,"Minnesota","Sherburne County",3,1,1287,658,629
050,27,141,"Minnesota","Sherburne County",3,2,1304,701,603
050,27,141,"Minnesota","Sherburne County",3,3,1343,693,650
050,27,141,"Minnesota","Sherburne County",3,4,1352,663,689
050,27,141,"Minnesota","Sherburne County",3,5,1439,714,725
050,27,141,"Minnesota","Sherburne County",3,6,1437,719,718
050,27,141,"Minnesota","Sherburne County",3,7,1415,750,665
050,27,141,"Minnesota","Sherburne County",3,8,1424,739,685
050,27,141,"Minnesota","Sherburne County",3,9,1432,730,702
050,27,141,"Minnesota","Sherburne County",3,10,1381,726,655
050,27,141,"Minnesota","Sherburne County",3,11,1474,764,710
050,27,141,"Minnesota","Sherburne County",3,12,1500,784,716
050,27,141,"Minnesota","Sherburne County",3,13,1553,803,750
050,27,141,"Minnesota","Sherburne County",3,14,1588,792,796
050,27,141,"Minnesota","Sherburne County",3,15,1580,776,804
050,27,141,"Minnesota","Sherburne County",3,16,1542,754,788
050,27,141,"Minnesota","Sherburne County",3,17,1551,799,752
050,27,141,"Minnesota","Sherburne County",3,18,1385,742,643
050,27,141,"Minnesota","Sherburne County",3,19,1087,600,487
050,27,141,"Minnesota","Sherburne County",3,20,1162,626,536
050,27,141,"Minnesota","Sherburne County",3,21,1218,663,555
050,27,141,"Minnesota","Sherburne County",3,22,1230,683,547
050,27,141,"Minnesota","Sherburne County",3,23,1202,657,545
050,27,141,"Minnesota","Sherburne County",3,24,1133,610,523
050,27,141,"Minnesota","Sherburne County",3,25,1108,600,508
050,27,141,"Minnesota","Sherburne County",3,26,1127,633,494
050,27,141,"Minnesota","Sherburne County",3,27,1196,640,556
050,27,141,"Minnesota","Sherburne County",3,28,1229,637,592
050,27,141,"Minnesota","Sherburne County",3,29,1280,684,596
050,27,141,"Minnesota","Sherburne County",3,30,1294,686,608
050,27,141,"Minnesota","Sherburne County",3,31,1310,662,648
050,27,141,"Minnesota","Sherburne County",3,32,1423,739,684
050,27,141,"Minnesota","Sherburne County",3,33,1397,727,670
050,27,141,"Minnesota","Sherburne County",3,34,1463,766,697
050,27,141,"Minnesota","Sherburne County",3,35,1486,808,678
050,27,141,"Minnesota","Sherburne County",3,36,1472,788,684
050,27,141,"Minnesota","Sherburne County",3,37,1448,740,708
050,27,141,"Minnesota","Sherburne County",3,38,1475,779,696
050,27,141,"Minnesota","Sherburne County",3,39,1487,782,705
050,27,141,"Minnesota","Sherburne County",3,40,1460,782,678
050,27,141,"Minnesota","Sherburne County",3,41,1451,761,690
050,27,141,"Minnesota","Sherburne County",3,42,1388,733,655
050,27,141,"Minnesota","Sherburne County",3,43,1394,724,670
050,27,141,"Minnesota","Sherburne County",3,44,1348,712,636
050,27,141,"Minnesota","Sherburne County",3,45,1270,665,605
050,27,141,"Minnesota","Sherburne County",3,46,1261,650,611
050,27,141,"Minnesota","Sherburne County",3,47,1239,636,603
050,27,141,"Minnesota","Sherburne County",3,48,1278,667,611
050,27,141,"Minnesota","Sherburne County",3,49,1331,699,632
050,27,141,"Minnesota","Sherburne County",3,50,1474,746,728
050,27,141,"Minnesota","Sherburne County",3,51,1453,743,710
050,27,141,"Minnesota","Sherburne County",3,52,1352,692,660
050,27,141,"Minnesota","Sherburne County",3,53,1281,682,599
050,27,141,"Minnesota","Sherburne County",3,54,1318,682,636
050,27,141,"Minnesota","Sherburne County",3,55,1336,709,627
050,27,141,"Minnesota","Sherburne County",3,56,1387,729,658
050,27,141,"Minnesota","Sherburne County",3,57,1375,719,656
050,27,141,"Minnesota","Sherburne County",3,58,1353,696,657
050,27,141,"Minnesota","Sherburne County",3,59,1355,728,627
050,27,141,"Minnesota","Sherburne County",3,60,1313,695,618
050,27,141,"Minnesota","Sherburne County",3,61,1186,620,566
050,27,141,"Minnesota","Sherburne County",3,62,1167,606,561
050,27,141,"Minnesota","Sherburne County",3,63,1087,547,540
050,27,141,"Minnesota","Sherburne County",3,64,1053,536,517
050,27,141,"Minnesota","Sherburne County",3,65,980,503,477
050,27,141,"Minnesota","Sherburne County",3,66,929,488,441
050,27,141,"Minnesota","Sherburne County",3,67,847,425,422
050,27,141,"Minnesota","Sherburne County",3,68,819,406,413
050,27,141,"Minnesota","Sherburne County",3,69,805,391,414
050,27,141,"Minnesota","Sherburne County",3,70,750,362,388
050,27,141,"Minnesota","Sherburne County",3,71,678,316,362
050,27,141,"Minnesota","Sherburne County",3,72,660,324,336
050,27,141,"Minnesota","Sherburne County",3,73,611,297,314
050,27,141,"Minnesota","Sherburne County",3,74,644,315,329
050,27,141,"Minnesota","Sherburne County",3,75,417,193,224
050,27,141,"Minnesota","Sherburne County",3,76,412,187,225
050,27,141,"Minnesota","Sherburne County",3,77,416,188,228
050,27,141,"Minnesota","Sherburne County",3,78,413,184,229
050,27,141,"Minnesota","Sherburne County",3,79,337,154,183
050,27,141,"Minnesota","Sherburne County",3,80,299,145,154
050,27,141,"Minnesota","Sherburne County",3,81,241,115,126
050,27,141,"Minnesota","Sherburne County",3,82,245,113,132
050,27,141,"Minnesota","Sherburne County",3,83,226,89,137
050,27,141,"Minnesota","Sherburne County",3,84,188,79,109
050,27,141,"Minnesota","Sherburne County",3,85,1041,368,673
050,27,141,"Minnesota","Sherburne County",4,0,1171,594,577
050,27,141,"Minnesota","Sherburne County",4,1,1232,624,608
050,27,141,"Minnesota","Sherburne County",4,2,1332,677,655
050,27,141,"Minnesota","Sherburne County",4,3,1370,749,621
050,27,141,"Minnesota","Sherburne County",4,4,1427,723,704
050,27,141,"Minnesota","Sherburne County",4,5,1416,685,731
050,27,141,"Minnesota","Sherburne County",4,6,1460,716,744
050,27,141,"Minnesota","Sherburne County",4,7,1502,741,761
050,27,141,"Minnesota","Sherburne County",4,8,1423,745,678
050,27,141,"Minnesota","Sherburne County",4,9,1478,763,715
050,27,141,"Minnesota","Sherburne County",4,10,1472,743,729
050,27,141,"Minnesota","Sherburne County",4,11,1383,720,663
050,27,141,"Minnesota","Sherburne County",4,12,1483,763,720
050,27,141,"Minnesota","Sherburne County",4,13,1538,809,729
050,27,141,"Minnesota","Sherburne County",4,14,1601,832,769
050,27,141,"Minnesota","Sherburne County",4,15,1567,783,784
050,27,141,"Minnesota","Sherburne County",4,16,1603,801,802
050,27,141,"Minnesota","Sherburne County",4,17,1591,796,795
050,27,141,"Minnesota","Sherburne County",4,18,1322,726,596
050,27,141,"Minnesota","Sherburne County",4,19,1043,573,470
050,27,141,"Minnesota","Sherburne County",4,20,1128,633,495
050,27,141,"Minnesota","Sherburne County",4,21,1245,668,577
050,27,141,"Minnesota","Sherburne County",4,22,1248,674,574
050,27,141,"Minnesota","Sherburne County",4,23,1242,688,554
050,27,141,"Minnesota","Sherburne County",4,24,1170,647,523
050,27,141,"Minnesota","Sherburne County",4,25,1104,586,518
050,27,141,"Minnesota","Sherburne County",4,26,1168,636,532
050,27,141,"Minnesota","Sherburne County",4,27,1171,643,528
050,27,141,"Minnesota","Sherburne County",4,28,1265,659,606
050,27,141,"Minnesota","Sherburne County",4,29,1288,678,610
050,27,141,"Minnesota","Sherburne County",4,30,1340,723,617
050,27,141,"Minnesota","Sherburne County",4,31,1353,732,621
050,27,141,"Minnesota","Sherburne County",4,32,1399,707,692
050,27,141,"Minnesota","Sherburne County",4,33,1436,712,724
050,27,141,"Minnesota","Sherburne County",4,34,1460,757,703
050,27,141,"Minnesota","Sherburne County",4,35,1460,766,694
050,27,141,"Minnesota","Sherburne County",4,36,1534,822,712
050,27,141,"Minnesota","Sherburne County",4,37,1519,804,715
050,27,141,"Minnesota","Sherburne County",4,38,1457,745,712
050,27,141,"Minnesota","Sherburne County",4,39,1546,815,731
050,27,141,"Minnesota","Sherburne County",4,40,1534,812,722
050,27,141,"Minnesota","Sherburne County",4,41,1514,812,702
050,27,141,"Minnesota","Sherburne County",4,42,1479,766,713
050,27,141,"Minnesota","Sherburne County",4,43,1404,745,659
050,27,141,"Minnesota","Sherburne County",4,44,1383,721,662
050,27,141,"Minnesota","Sherburne County",4,45,1370,739,631
050,27,141,"Minnesota","Sherburne County",4,46,1258,664,594
050,27,141,"Minnesota","Sherburne County",4,47,1273,652,621
050,27,141,"Minnesota","Sherburne County",4,48,1235,630,605
050,27,141,"Minnesota","Sherburne County",4,49,1264,666,598
050,27,141,"Minnesota","Sherburne County",4,50,1315,676,639
050,27,141,"Minnesota","Sherburne County",4,51,1435,723,712
050,27,141,"Minnesota","Sherburne County",4,52,1457,738,719
050,27,141,"Minnesota","Sherburne County",4,53,1332,699,633
050,27,141,"Minnesota","Sherburne County",4,54,1244,660,584
050,27,141,"Minnesota","Sherburne County",4,55,1299,676,623
050,27,141,"Minnesota","Sherburne County",4,56,1323,685,638
050,27,141,"Minnesota","Sherburne County",4,57,1377,713,664
050,27,141,"Minnesota","Sherburne County",4,58,1354,705,649
050,27,141,"Minnesota","Sherburne County",4,59,1310,662,648
050,27,141,"Minnesota","Sherburne County",4,60,1313,693,620
050,27,141,"Minnesota","Sherburne County",4,61,1302,683,619
050,27,141,"Minnesota","Sherburne County",4,62,1166,601,565
050,27,141,"Minnesota","Sherburne County",4,63,1152,595,557
050,27,141,"Minnesota","Sherburne County",4,64,1080,550,530
050,27,141,"Minnesota","Sherburne County",4,65,1020,520,500
050,27,141,"Minnesota","Sherburne County",4,66,969,493,476
050,27,141,"Minnesota","Sherburne County",4,67,880,457,423
050,27,141,"Minnesota","Sherburne County",4,68,816,407,409
050,27,141,"Minnesota","Sherburne County",4,69,823,401,422
050,27,141,"Minnesota","Sherburne County",4,70,783,364,419
050,27,141,"Minnesota","Sherburne County",4,71,720,348,372
050,27,141,"Minnesota","Sherburne County",4,72,660,308,352
050,27,141,"Minnesota","Sherburne County",4,73,633,304,329
050,27,141,"Minnesota","Sherburne County",4,74,594,287,307
050,27,141,"Minnesota","Sherburne County",4,75,612,295,317
050,27,141,"Minnesota","Sherburne County",4,76,399,179,220
050,27,141,"Minnesota","Sherburne County",4,77,399,176,223
050,27,141,"Minnesota","Sherburne County",4,78,405,182,223
050,27,141,"Minnesota","Sherburne County",4,79,397,173,224
050,27,141,"Minnesota","Sherburne County",4,80,326,151,175
050,27,141,"Minnesota","Sherburne County",4,81,281,141,140
050,27,141,"Minnesota","Sherburne County",4,82,232,109,123
050,27,141,"Minnesota","Sherburne County",4,83,231,103,128
050,27,141,"Minnesota","Sherburne County",4,84,213,85,128
050,27,141,"Minnesota","Sherburne County",4,85,1027,362,665
050,27,141,"Minnesota","Sherburne County",5,0,1171,595,576
050,27,141,"Minnesota","Sherburne County",5,1,1227,613,614
050,27,141,"Minnesota","Sherburne County",5,2,1248,616,632
050,27,141,"Minnesota","Sherburne County",5,3,1385,701,684
050,27,141,"Minnesota","Sherburne County",5,4,1443,789,654
050,27,141,"Minnesota","Sherburne County",5,5,1463,744,719
050,27,141,"Minnesota","Sherburne County",5,6,1460,715,745
050,27,141,"Minnesota","Sherburne County",5,7,1503,739,764
050,27,141,"Minnesota","Sherburne County",5,8,1535,761,774
050,27,141,"Minnesota","Sherburne County",5,9,1452,759,693
050,27,141,"Minnesota","Sherburne County",5,10,1522,792,730
050,27,141,"Minnesota","Sherburne County",5,11,1474,731,743
050,27,141,"Minnesota","Sherburne County",5,12,1437,760,677
050,27,141,"Minnesota","Sherburne County",5,13,1501,766,735
050,27,141,"Minnesota","Sherburne County",5,14,1545,818,727
050,27,141,"Minnesota","Sherburne County",5,15,1613,843,770
050,27,141,"Minnesota","Sherburne County",5,16,1626,818,808
050,27,141,"Minnesota","Sherburne County",5,17,1625,815,810
050,27,141,"Minnesota","Sherburne County",5,18,1366,720,646
050,27,141,"Minnesota","Sherburne County",5,19,1044,591,453
050,27,141,"Minnesota","Sherburne County",5,20,1151,629,522
050,27,141,"Minnesota","Sherburne County",5,21,1246,726,520
050,27,141,"Minnesota","Sherburne County",5,22,1299,683,616
050,27,141,"Minnesota","Sherburne County",5,23,1279,708,571
050,27,141,"Minnesota","Sherburne County",5,24,1209,685,524
050,27,141,"Minnesota","Sherburne County",5,25,1144,628,516
050,27,141,"Minnesota","Sherburne County",5,26,1160,625,535
050,27,141,"Minnesota","Sherburne County",5,27,1229,669,560
050,27,141,"Minnesota","Sherburne County",5,28,1243,673,570
050,27,141,"Minnesota","Sherburne County",5,29,1299,690,609
050,27,141,"Minnesota","Sherburne County",5,30,1351,717,634
050,27,141,"Minnesota","Sherburne County",5,31,1402,762,640
050,27,141,"Minnesota","Sherburne County",5,32,1419,769,650
050,27,141,"Minnesota","Sherburne County",5,33,1388,672,716
050,27,141,"Minnesota","Sherburne County",5,34,1509,764,745
050,27,141,"Minnesota","Sherburne County",5,35,1507,790,717
050,27,141,"Minnesota","Sherburne County",5,36,1497,796,701
050,27,141,"Minnesota","Sherburne County",5,37,1576,835,741
050,27,141,"Minnesota","Sherburne County",5,38,1566,826,740
050,27,141,"Minnesota","Sherburne County",5,39,1481,756,725
050,27,141,"Minnesota","Sherburne County",5,40,1592,838,754
050,27,141,"Minnesota","Sherburne County",5,41,1557,822,735
050,27,141,"Minnesota","Sherburne County",5,42,1526,818,708
050,27,141,"Minnesota","Sherburne County",5,43,1515,802,713
050,27,141,"Minnesota","Sherburne County",5,44,1414,756,658
050,27,141,"Minnesota","Sherburne County",5,45,1435,746,689
050,27,141,"Minnesota","Sherburne County",5,46,1344,727,617
050,27,141,"Minnesota","Sherburne County",5,47,1283,683,600
050,27,141,"Minnesota","Sherburne County",5,48,1275,645,630
050,27,141,"Minnesota","Sherburne County",5,49,1234,638,596
050,27,141,"Minnesota","Sherburne County",5,50,1252,652,600
050,27,141,"Minnesota","Sherburne County",5,51,1312,674,638
050,27,141,"Minnesota","Sherburne County",5,52,1425,708,717
050,27,141,"Minnesota","Sherburne County",5,53,1435,744,691
050,27,141,"Minnesota","Sherburne County",5,54,1317,688,629
050,27,141,"Minnesota","Sherburne County",5,55,1247,657,590
050,27,141,"Minnesota","Sherburne County",5,56,1281,675,606
050,27,141,"Minnesota","Sherburne County",5,57,1303,673,630
050,27,141,"Minnesota","Sherburne County",5,58,1340,691,649
050,27,141,"Minnesota","Sherburne County",5,59,1340,688,652
050,27,141,"Minnesota","Sherburne County",5,60,1290,649,641
050,27,141,"Minnesota","Sherburne County",5,61,1298,678,620
050,27,141,"Minnesota","Sherburne County",5,62,1269,663,606
050,27,141,"Minnesota","Sherburne County",5,63,1159,593,566
050,27,141,"Minnesota","Sherburne County",5,64,1130,581,549
050,27,141,"Minnesota","Sherburne County",5,65,1066,529,537
050,27,141,"Minnesota","Sherburne County",5,66,1001,497,504
050,27,141,"Minnesota","Sherburne County",5,67,935,473,462
050,27,141,"Minnesota","Sherburne County",5,68,866,449,417
050,27,141,"Minnesota","Sherburne County",5,69,825,410,415
050,27,141,"Minnesota","Sherburne County",5,70,799,384,415
050,27,141,"Minnesota","Sherburne County",5,71,765,356,409
050,27,141,"Minnesota","Sherburne County",5,72,700,332,368
050,27,141,"Minnesota","Sherburne County",5,73,643,289,354
050,27,141,"Minnesota","Sherburne County",5,74,632,304,328
050,27,141,"Minnesota","Sherburne County",5,75,568,276,292
050,27,141,"Minnesota","Sherburne County",5,76,591,285,306
050,27,141,"Minnesota","Sherburne County",5,77,380,165,215
050,27,141,"Minnesota","Sherburne County",5,78,390,174,216
050,27,141,"Minnesota","Sherburne County",5,79,396,173,223
050,27,141,"Minnesota","Sherburne County",5,80,388,167,221
050,27,141,"Minnesota","Sherburne County",5,81,310,146,164
050,27,141,"Minnesota","Sherburne County",5,82,267,129,138
050,27,141,"Minnesota","Sherburne County",5,83,220,101,119
050,27,141,"Minnesota","Sherburne County",5,84,221,95,126
050,27,141,"Minnesota","Sherburne County",5,85,1075,379,696
050,27,143,"Minnesota","Sibley County",1,0,164,84,80
050,27,143,"Minnesota","Sibley County",1,1,157,85,72
050,27,143,"Minnesota","Sibley County",1,2,174,95,79
050,27,143,"Minnesota","Sibley County",1,3,170,82,88
050,27,143,"Minnesota","Sibley County",1,4,161,72,89
050,27,143,"Minnesota","Sibley County",1,5,174,82,92
050,27,143,"Minnesota","Sibley County",1,6,192,100,92
050,27,143,"Minnesota","Sibley County",1,7,176,93,83
050,27,143,"Minnesota","Sibley County",1,8,176,93,83
050,27,143,"Minnesota","Sibley County",1,9,175,95,80
050,27,143,"Minnesota","Sibley County",1,10,199,113,86
050,27,143,"Minnesota","Sibley County",1,11,206,116,90
050,27,143,"Minnesota","Sibley County",1,12,206,96,110
050,27,143,"Minnesota","Sibley County",1,13,215,106,109
050,27,143,"Minnesota","Sibley County",1,14,227,115,112
050,27,143,"Minnesota","Sibley County",1,15,205,104,101
050,27,143,"Minnesota","Sibley County",1,16,222,111,111
050,27,143,"Minnesota","Sibley County",1,17,210,114,96
050,27,143,"Minnesota","Sibley County",1,18,173,91,82
050,27,143,"Minnesota","Sibley County",1,19,144,77,67
050,27,143,"Minnesota","Sibley County",1,20,162,86,76
050,27,143,"Minnesota","Sibley County",1,21,146,80,66
050,27,143,"Minnesota","Sibley County",1,22,162,86,76
050,27,143,"Minnesota","Sibley County",1,23,145,74,71
050,27,143,"Minnesota","Sibley County",1,24,153,77,76
050,27,143,"Minnesota","Sibley County",1,25,146,78,68
050,27,143,"Minnesota","Sibley County",1,26,161,82,79
050,27,143,"Minnesota","Sibley County",1,27,160,82,78
050,27,143,"Minnesota","Sibley County",1,28,168,85,83
050,27,143,"Minnesota","Sibley County",1,29,156,80,76
050,27,143,"Minnesota","Sibley County",1,30,156,87,69
050,27,143,"Minnesota","Sibley County",1,31,174,94,80
050,27,143,"Minnesota","Sibley County",1,32,159,87,72
050,27,143,"Minnesota","Sibley County",1,33,158,83,75
050,27,143,"Minnesota","Sibley County",1,34,169,88,81
050,27,143,"Minnesota","Sibley County",1,35,176,87,89
050,27,143,"Minnesota","Sibley County",1,36,195,93,102
050,27,143,"Minnesota","Sibley County",1,37,200,114,86
050,27,143,"Minnesota","Sibley County",1,38,192,106,86
050,27,143,"Minnesota","Sibley County",1,39,187,98,89
050,27,143,"Minnesota","Sibley County",1,40,187,99,88
050,27,143,"Minnesota","Sibley County",1,41,190,98,92
050,27,143,"Minnesota","Sibley County",1,42,172,94,78
050,27,143,"Minnesota","Sibley County",1,43,161,95,66
050,27,143,"Minnesota","Sibley County",1,44,175,97,78
050,27,143,"Minnesota","Sibley County",1,45,160,87,73
050,27,143,"Minnesota","Sibley County",1,46,151,68,83
050,27,143,"Minnesota","Sibley County",1,47,167,88,79
050,27,143,"Minnesota","Sibley County",1,48,176,90,86
050,27,143,"Minnesota","Sibley County",1,49,196,94,102
050,27,143,"Minnesota","Sibley County",1,50,182,97,85
050,27,143,"Minnesota","Sibley County",1,51,184,97,87
050,27,143,"Minnesota","Sibley County",1,52,179,95,84
050,27,143,"Minnesota","Sibley County",1,53,170,86,84
050,27,143,"Minnesota","Sibley County",1,54,186,86,100
050,27,143,"Minnesota","Sibley County",1,55,217,114,103
050,27,143,"Minnesota","Sibley County",1,56,249,125,124
050,27,143,"Minnesota","Sibley County",1,57,274,125,149
050,27,143,"Minnesota","Sibley County",1,58,250,130,120
050,27,143,"Minnesota","Sibley County",1,59,239,135,104
050,27,143,"Minnesota","Sibley County",1,60,255,135,120
050,27,143,"Minnesota","Sibley County",1,61,226,121,105
050,27,143,"Minnesota","Sibley County",1,62,232,123,109
050,27,143,"Minnesota","Sibley County",1,63,212,121,91
050,27,143,"Minnesota","Sibley County",1,64,206,113,93
050,27,143,"Minnesota","Sibley County",1,65,190,103,87
050,27,143,"Minnesota","Sibley County",1,66,180,92,88
050,27,143,"Minnesota","Sibley County",1,67,174,95,79
050,27,143,"Minnesota","Sibley County",1,68,160,85,75
050,27,143,"Minnesota","Sibley County",1,69,161,91,70
050,27,143,"Minnesota","Sibley County",1,70,144,80,64
050,27,143,"Minnesota","Sibley County",1,71,138,66,72
050,27,143,"Minnesota","Sibley County",1,72,133,58,75
050,27,143,"Minnesota","Sibley County",1,73,132,57,75
050,27,143,"Minnesota","Sibley County",1,74,92,43,49
050,27,143,"Minnesota","Sibley County",1,75,104,55,49
050,27,143,"Minnesota","Sibley County",1,76,108,53,55
050,27,143,"Minnesota","Sibley County",1,77,107,44,63
050,27,143,"Minnesota","Sibley County",1,78,93,39,54
050,27,143,"Minnesota","Sibley County",1,79,84,34,50
050,27,143,"Minnesota","Sibley County",1,80,76,34,42
050,27,143,"Minnesota","Sibley County",1,81,68,30,38
050,27,143,"Minnesota","Sibley County",1,82,70,29,41
050,27,143,"Minnesota","Sibley County",1,83,72,30,42
050,27,143,"Minnesota","Sibley County",1,84,73,33,40
050,27,143,"Minnesota","Sibley County",1,85,419,140,279
050,27,143,"Minnesota","Sibley County",2,0,169,81,88
050,27,143,"Minnesota","Sibley County",2,1,158,86,72
050,27,143,"Minnesota","Sibley County",2,2,169,92,77
050,27,143,"Minnesota","Sibley County",2,3,168,84,84
050,27,143,"Minnesota","Sibley County",2,4,163,73,90
050,27,143,"Minnesota","Sibley County",2,5,171,80,91
050,27,143,"Minnesota","Sibley County",2,6,187,96,91
050,27,143,"Minnesota","Sibley County",2,7,178,93,85
050,27,143,"Minnesota","Sibley County",2,8,173,92,81
050,27,143,"Minnesota","Sibley County",2,9,176,96,80
050,27,143,"Minnesota","Sibley County",2,10,189,106,83
050,27,143,"Minnesota","Sibley County",2,11,200,112,88
050,27,143,"Minnesota","Sibley County",2,12,207,101,106
050,27,143,"Minnesota","Sibley County",2,13,211,102,109
050,27,143,"Minnesota","Sibley County",2,14,224,113,111
050,27,143,"Minnesota","Sibley County",2,15,209,106,103
050,27,143,"Minnesota","Sibley County",2,16,218,110,108
050,27,143,"Minnesota","Sibley County",2,17,212,113,99
050,27,143,"Minnesota","Sibley County",2,18,171,92,79
050,27,143,"Minnesota","Sibley County",2,19,142,76,66
050,27,143,"Minnesota","Sibley County",2,20,160,84,76
050,27,143,"Minnesota","Sibley County",2,21,152,82,70
050,27,143,"Minnesota","Sibley County",2,22,160,85,75
050,27,143,"Minnesota","Sibley County",2,23,150,79,71
050,27,143,"Minnesota","Sibley County",2,24,150,77,73
050,27,143,"Minnesota","Sibley County",2,25,148,78,70
050,27,143,"Minnesota","Sibley County",2,26,156,80,76
050,27,143,"Minnesota","Sibley County",2,27,161,83,78
050,27,143,"Minnesota","Sibley County",2,28,170,85,85
050,27,143,"Minnesota","Sibley County",2,29,161,83,78
050,27,143,"Minnesota","Sibley County",2,30,157,86,71
050,27,143,"Minnesota","Sibley County",2,31,168,92,76
050,27,143,"Minnesota","Sibley County",2,32,162,90,72
050,27,143,"Minnesota","Sibley County",2,33,159,84,75
050,27,143,"Minnesota","Sibley County",2,34,165,87,78
050,27,143,"Minnesota","Sibley County",2,35,175,88,87
050,27,143,"Minnesota","Sibley County",2,36,189,92,97
050,27,143,"Minnesota","Sibley County",2,37,200,110,90
050,27,143,"Minnesota","Sibley County",2,38,195,108,87
050,27,143,"Minnesota","Sibley County",2,39,189,101,88
050,27,143,"Minnesota","Sibley County",2,40,186,97,89
050,27,143,"Minnesota","Sibley County",2,41,188,97,91
050,27,143,"Minnesota","Sibley County",2,42,174,94,80
050,27,143,"Minnesota","Sibley County",2,43,165,95,70
050,27,143,"Minnesota","Sibley County",2,44,171,97,74
050,27,143,"Minnesota","Sibley County",2,45,164,90,74
050,27,143,"Minnesota","Sibley County",2,46,155,73,82
050,27,143,"Minnesota","Sibley County",2,47,164,84,80
050,27,143,"Minnesota","Sibley County",2,48,173,90,83
050,27,143,"Minnesota","Sibley County",2,49,190,92,98
050,27,143,"Minnesota","Sibley County",2,50,183,96,87
050,27,143,"Minnesota","Sibley County",2,51,180,96,84
050,27,143,"Minnesota","Sibley County",2,52,179,95,84
050,27,143,"Minnesota","Sibley County",2,53,172,89,83
050,27,143,"Minnesota","Sibley County",2,54,181,85,96
050,27,143,"Minnesota","Sibley County",2,55,208,107,101
050,27,143,"Minnesota","Sibley County",2,56,243,123,120
050,27,143,"Minnesota","Sibley County",2,57,268,125,143
050,27,143,"Minnesota","Sibley County",2,58,251,126,125
050,27,143,"Minnesota","Sibley County",2,59,242,134,108
050,27,143,"Minnesota","Sibley County",2,60,249,133,116
050,27,143,"Minnesota","Sibley County",2,61,234,125,109
050,27,143,"Minnesota","Sibley County",2,62,230,122,108
050,27,143,"Minnesota","Sibley County",2,63,220,124,96
050,27,143,"Minnesota","Sibley County",2,64,206,114,92
050,27,143,"Minnesota","Sibley County",2,65,192,105,87
050,27,143,"Minnesota","Sibley County",2,66,182,95,87
050,27,143,"Minnesota","Sibley County",2,67,176,95,81
050,27,143,"Minnesota","Sibley County",2,68,162,87,75
050,27,143,"Minnesota","Sibley County",2,69,161,90,71
050,27,143,"Minnesota","Sibley County",2,70,147,82,65
050,27,143,"Minnesota","Sibley County",2,71,140,70,70
050,27,143,"Minnesota","Sibley County",2,72,132,59,73
050,27,143,"Minnesota","Sibley County",2,73,139,60,79
050,27,143,"Minnesota","Sibley County",2,74,94,44,50
050,27,143,"Minnesota","Sibley County",2,75,99,52,47
050,27,143,"Minnesota","Sibley County",2,76,106,53,53
050,27,143,"Minnesota","Sibley County",2,77,108,47,61
050,27,143,"Minnesota","Sibley County",2,78,94,40,54
050,27,143,"Minnesota","Sibley County",2,79,86,34,52
050,27,143,"Minnesota","Sibley County",2,80,74,32,42
050,27,143,"Minnesota","Sibley County",2,81,68,31,37
050,27,143,"Minnesota","Sibley County",2,82,71,30,41
050,27,143,"Minnesota","Sibley County",2,83,71,30,41
050,27,143,"Minnesota","Sibley County",2,84,73,33,40
050,27,143,"Minnesota","Sibley County",2,85,420,141,279
050,27,143,"Minnesota","Sibley County",3,0,152,84,68
050,27,143,"Minnesota","Sibley County",3,1,182,82,100
050,27,143,"Minnesota","Sibley County",3,2,163,88,75
050,27,143,"Minnesota","Sibley County",3,3,185,100,85
050,27,143,"Minnesota","Sibley County",3,4,179,88,91
050,27,143,"Minnesota","Sibley County",3,5,163,74,89
050,27,143,"Minnesota","Sibley County",3,6,169,76,93
050,27,143,"Minnesota","Sibley County",3,7,181,90,91
050,27,143,"Minnesota","Sibley County",3,8,174,92,82
050,27,143,"Minnesota","Sibley County",3,9,178,98,80
050,27,143,"Minnesota","Sibley County",3,10,188,100,88
050,27,143,"Minnesota","Sibley County",3,11,192,105,87
050,27,143,"Minnesota","Sibley County",3,12,209,117,92
050,27,143,"Minnesota","Sibley County",3,13,198,95,103
050,27,143,"Minnesota","Sibley County",3,14,211,103,108
050,27,143,"Minnesota","Sibley County",3,15,218,108,110
050,27,143,"Minnesota","Sibley County",3,16,205,103,102
050,27,143,"Minnesota","Sibley County",3,17,219,113,106
050,27,143,"Minnesota","Sibley County",3,18,179,94,85
050,27,143,"Minnesota","Sibley County",3,19,142,79,63
050,27,143,"Minnesota","Sibley County",3,20,153,81,72
050,27,143,"Minnesota","Sibley County",3,21,171,94,77
050,27,143,"Minnesota","Sibley County",3,22,164,83,81
050,27,143,"Minnesota","Sibley County",3,23,159,81,78
050,27,143,"Minnesota","Sibley County",3,24,152,80,72
050,27,143,"Minnesota","Sibley County",3,25,146,71,75
050,27,143,"Minnesota","Sibley County",3,26,150,81,69
050,27,143,"Minnesota","Sibley County",3,27,156,82,74
050,27,143,"Minnesota","Sibley County",3,28,166,85,81
050,27,143,"Minnesota","Sibley County",3,29,177,94,83
050,27,143,"Minnesota","Sibley County",3,30,168,85,83
050,27,143,"Minnesota","Sibley County",3,31,168,90,78
050,27,143,"Minnesota","Sibley County",3,32,175,91,84
050,27,143,"Minnesota","Sibley County",3,33,174,96,78
050,27,143,"Minnesota","Sibley County",3,34,164,82,82
050,27,143,"Minnesota","Sibley County",3,35,168,87,81
050,27,143,"Minnesota","Sibley County",3,36,182,93,89
050,27,143,"Minnesota","Sibley County",3,37,197,98,99
050,27,143,"Minnesota","Sibley County",3,38,203,113,90
050,27,143,"Minnesota","Sibley County",3,39,195,104,91
050,27,143,"Minnesota","Sibley County",3,40,191,103,88
050,27,143,"Minnesota","Sibley County",3,41,193,103,90
050,27,143,"Minnesota","Sibley County",3,42,178,91,87
050,27,143,"Minnesota","Sibley County",3,43,176,97,79
050,27,143,"Minnesota","Sibley County",3,44,169,94,75
050,27,143,"Minnesota","Sibley County",3,45,168,95,73
050,27,143,"Minnesota","Sibley County",3,46,167,88,79
050,27,143,"Minnesota","Sibley County",3,47,145,72,73
050,27,143,"Minnesota","Sibley County",3,48,165,88,77
050,27,143,"Minnesota","Sibley County",3,49,175,88,87
050,27,143,"Minnesota","Sibley County",3,50,184,93,91
050,27,143,"Minnesota","Sibley County",3,51,179,90,89
050,27,143,"Minnesota","Sibley County",3,52,192,106,86
050,27,143,"Minnesota","Sibley County",3,53,184,97,87
050,27,143,"Minnesota","Sibley County",3,54,181,90,91
050,27,143,"Minnesota","Sibley County",3,55,175,81,94
050,27,143,"Minnesota","Sibley County",3,56,211,108,103
050,27,143,"Minnesota","Sibley County",3,57,247,127,120
050,27,143,"Minnesota","Sibley County",3,58,257,123,134
050,27,143,"Minnesota","Sibley County",3,59,247,123,124
050,27,143,"Minnesota","Sibley County",3,60,252,141,111
050,27,143,"Minnesota","Sibley County",3,61,250,132,118
050,27,143,"Minnesota","Sibley County",3,62,235,127,108
050,27,143,"Minnesota","Sibley County",3,63,231,123,108
050,27,143,"Minnesota","Sibley County",3,64,229,130,99
050,27,143,"Minnesota","Sibley County",3,65,198,111,87
050,27,143,"Minnesota","Sibley County",3,66,188,102,86
050,27,143,"Minnesota","Sibley County",3,67,185,98,87
050,27,143,"Minnesota","Sibley County",3,68,171,90,81
050,27,143,"Minnesota","Sibley County",3,69,157,86,71
050,27,143,"Minnesota","Sibley County",3,70,154,87,67
050,27,143,"Minnesota","Sibley County",3,71,147,82,65
050,27,143,"Minnesota","Sibley County",3,72,139,67,72
050,27,143,"Minnesota","Sibley County",3,73,131,56,75
050,27,143,"Minnesota","Sibley County",3,74,133,60,73
050,27,143,"Minnesota","Sibley County",3,75,92,44,48
050,27,143,"Minnesota","Sibley County",3,76,95,50,45
050,27,143,"Minnesota","Sibley County",3,77,107,51,56
050,27,143,"Minnesota","Sibley County",3,78,102,45,57
050,27,143,"Minnesota","Sibley County",3,79,91,39,52
050,27,143,"Minnesota","Sibley County",3,80,76,29,47
050,27,143,"Minnesota","Sibley County",3,81,74,30,44
050,27,143,"Minnesota","Sibley County",3,82,63,28,35
050,27,143,"Minnesota","Sibley County",3,83,67,30,37
050,27,143,"Minnesota","Sibley County",3,84,71,29,42
050,27,143,"Minnesota","Sibley County",3,85,426,151,275
050,27,143,"Minnesota","Sibley County",4,0,187,110,77
050,27,143,"Minnesota","Sibley County",4,1,160,89,71
050,27,143,"Minnesota","Sibley County",4,2,182,77,105
050,27,143,"Minnesota","Sibley County",4,3,168,92,76
050,27,143,"Minnesota","Sibley County",4,4,189,98,91
050,27,143,"Minnesota","Sibley County",4,5,176,92,84
050,27,143,"Minnesota","Sibley County",4,6,165,72,93
050,27,143,"Minnesota","Sibley County",4,7,172,78,94
050,27,143,"Minnesota","Sibley County",4,8,186,92,94
050,27,143,"Minnesota","Sibley County",4,9,178,94,84
050,27,143,"Minnesota","Sibley County",4,10,182,100,82
050,27,143,"Minnesota","Sibley County",4,11,186,95,91
050,27,143,"Minnesota","Sibley County",4,12,197,106,91
050,27,143,"Minnesota","Sibley County",4,13,208,116,92
050,27,143,"Minnesota","Sibley County",4,14,192,92,100
050,27,143,"Minnesota","Sibley County",4,15,210,99,111
050,27,143,"Minnesota","Sibley County",4,16,214,111,103
050,27,143,"Minnesota","Sibley County",4,17,203,100,103
050,27,143,"Minnesota","Sibley County",4,18,200,107,93
050,27,143,"Minnesota","Sibley County",4,19,134,72,62
050,27,143,"Minnesota","Sibley County",4,20,148,78,70
050,27,143,"Minnesota","Sibley County",4,21,162,85,77
050,27,143,"Minnesota","Sibley County",4,22,183,96,87
050,27,143,"Minnesota","Sibley County",4,23,173,91,82
050,27,143,"Minnesota","Sibley County",4,24,172,86,86
050,27,143,"Minnesota","Sibley County",4,25,160,88,72
050,27,143,"Minnesota","Sibley County",4,26,146,72,74
050,27,143,"Minnesota","Sibley County",4,27,155,79,76
050,27,143,"Minnesota","Sibley County",4,28,150,78,72
050,27,143,"Minnesota","Sibley County",4,29,172,87,85
050,27,143,"Minnesota","Sibley County",4,30,181,93,88
050,27,143,"Minnesota","Sibley County",4,31,168,89,79
050,27,143,"Minnesota","Sibley County",4,32,167,89,78
050,27,143,"Minnesota","Sibley County",4,33,179,88,91
050,27,143,"Minnesota","Sibley County",4,34,168,96,72
050,27,143,"Minnesota","Sibley County",4,35,171,86,85
050,27,143,"Minnesota","Sibley County",4,36,167,89,78
050,27,143,"Minnesota","Sibley County",4,37,184,91,93
050,27,143,"Minnesota","Sibley County",4,38,188,93,95
050,27,143,"Minnesota","Sibley County",4,39,197,108,89
050,27,143,"Minnesota","Sibley County",4,40,208,115,93
050,27,143,"Minnesota","Sibley County",4,41,186,101,85
050,27,143,"Minnesota","Sibley County",4,42,205,109,96
050,27,143,"Minnesota","Sibley County",4,43,172,90,82
050,27,143,"Minnesota","Sibley County",4,44,172,93,79
050,27,143,"Minnesota","Sibley County",4,45,181,98,83
050,27,143,"Minnesota","Sibley County",4,46,178,95,83
050,27,143,"Minnesota","Sibley County",4,47,164,87,77
050,27,143,"Minnesota","Sibley County",4,48,147,76,71
050,27,143,"Minnesota","Sibley County",4,49,168,84,84
050,27,143,"Minnesota","Sibley County",4,50,176,89,87
050,27,143,"Minnesota","Sibley County",4,51,182,92,90
050,27,143,"Minnesota","Sibley County",4,52,176,86,90
050,27,143,"Minnesota","Sibley County",4,53,190,105,85
050,27,143,"Minnesota","Sibley County",4,54,186,96,90
050,27,143,"Minnesota","Sibley County",4,55,176,89,87
050,27,143,"Minnesota","Sibley County",4,56,175,83,92
050,27,143,"Minnesota","Sibley County",4,57,216,111,105
050,27,143,"Minnesota","Sibley County",4,58,239,125,114
050,27,143,"Minnesota","Sibley County",4,59,248,118,130
050,27,143,"Minnesota","Sibley County",4,60,246,125,121
050,27,143,"Minnesota","Sibley County",4,61,245,137,108
050,27,143,"Minnesota","Sibley County",4,62,243,131,112
050,27,143,"Minnesota","Sibley County",4,63,221,121,100
050,27,143,"Minnesota","Sibley County",4,64,226,118,108
050,27,143,"Minnesota","Sibley County",4,65,216,122,94
050,27,143,"Minnesota","Sibley County",4,66,199,111,88
050,27,143,"Minnesota","Sibley County",4,67,189,101,88
050,27,143,"Minnesota","Sibley County",4,68,178,91,87
050,27,143,"Minnesota","Sibley County",4,69,169,93,76
050,27,143,"Minnesota","Sibley County",4,70,155,85,70
050,27,143,"Minnesota","Sibley County",4,71,146,81,65
050,27,143,"Minnesota","Sibley County",4,72,140,77,63
050,27,143,"Minnesota","Sibley County",4,73,138,66,72
050,27,143,"Minnesota","Sibley County",4,74,123,55,68
050,27,143,"Minnesota","Sibley County",4,75,126,59,67
050,27,143,"Minnesota","Sibley County",4,76,85,41,44
050,27,143,"Minnesota","Sibley County",4,77,99,49,50
050,27,143,"Minnesota","Sibley County",4,78,100,49,51
050,27,143,"Minnesota","Sibley County",4,79,94,41,53
050,27,143,"Minnesota","Sibley County",4,80,81,36,45
050,27,143,"Minnesota","Sibley County",4,81,73,27,46
050,27,143,"Minnesota","Sibley County",4,82,63,26,37
050,27,143,"Minnesota","Sibley County",4,83,62,30,32
050,27,143,"Minnesota","Sibley County",4,84,66,26,40
050,27,143,"Minnesota","Sibley County",4,85,420,148,272
050,27,143,"Minnesota","Sibley County",5,0,185,109,76
050,27,143,"Minnesota","Sibley County",5,1,205,114,91
050,27,143,"Minnesota","Sibley County",5,2,173,97,76
050,27,143,"Minnesota","Sibley County",5,3,194,92,102
050,27,143,"Minnesota","Sibley County",5,4,173,93,80
050,27,143,"Minnesota","Sibley County",5,5,188,101,87
050,27,143,"Minnesota","Sibley County",5,6,187,98,89
050,27,143,"Minnesota","Sibley County",5,7,171,77,94
050,27,143,"Minnesota","Sibley County",5,8,182,82,100
050,27,143,"Minnesota","Sibley County",5,9,199,97,102
050,27,143,"Minnesota","Sibley County",5,10,180,96,84
050,27,143,"Minnesota","Sibley County",5,11,185,101,84
050,27,143,"Minnesota","Sibley County",5,12,195,100,95
050,27,143,"Minnesota","Sibley County",5,13,204,105,99
050,27,143,"Minnesota","Sibley County",5,14,212,117,95
050,27,143,"Minnesota","Sibley County",5,15,191,92,99
050,27,143,"Minnesota","Sibley County",5,16,209,102,107
050,27,143,"Minnesota","Sibley County",5,17,216,111,105
050,27,143,"Minnesota","Sibley County",5,18,179,90,89
050,27,143,"Minnesota","Sibley County",5,19,160,90,70
050,27,143,"Minnesota","Sibley County",5,20,142,79,63
050,27,143,"Minnesota","Sibley County",5,21,160,86,74
050,27,143,"Minnesota","Sibley County",5,22,163,76,87
050,27,143,"Minnesota","Sibley County",5,23,178,94,84
050,27,143,"Minnesota","Sibley County",5,24,172,95,77
050,27,143,"Minnesota","Sibley County",5,25,153,83,70
050,27,143,"Minnesota","Sibley County",5,26,163,98,65
050,27,143,"Minnesota","Sibley County",5,27,157,88,69
050,27,143,"Minnesota","Sibley County",5,28,158,73,85
050,27,143,"Minnesota","Sibley County",5,29,158,84,74
050,27,143,"Minnesota","Sibley County",5,30,176,84,92
050,27,143,"Minnesota","Sibley County",5,31,189,102,87
050,27,143,"Minnesota","Sibley County",5,32,191,100,91
050,27,143,"Minnesota","Sibley County",5,33,181,99,82
050,27,143,"Minnesota","Sibley County",5,34,190,104,86
050,27,143,"Minnesota","Sibley County",5,35,182,100,82
050,27,143,"Minnesota","Sibley County",5,36,170,87,83
050,27,143,"Minnesota","Sibley County",5,37,170,92,78
050,27,143,"Minnesota","Sibley County",5,38,179,87,92
050,27,143,"Minnesota","Sibley County",5,39,195,95,100
050,27,143,"Minnesota","Sibley County",5,40,205,112,93
050,27,143,"Minnesota","Sibley County",5,41,213,121,92
050,27,143,"Minnesota","Sibley County",5,42,186,103,83
050,27,143,"Minnesota","Sibley County",5,43,196,107,89
050,27,143,"Minnesota","Sibley County",5,44,168,89,79
050,27,143,"Minnesota","Sibley County",5,45,177,91,86
050,27,143,"Minnesota","Sibley County",5,46,183,96,87
050,27,143,"Minnesota","Sibley County",5,47,172,95,77
050,27,143,"Minnesota","Sibley County",5,48,150,83,67
050,27,143,"Minnesota","Sibley County",5,49,148,75,73
050,27,143,"Minnesota","Sibley County",5,50,169,90,79
050,27,143,"Minnesota","Sibley County",5,51,174,88,86
050,27,143,"Minnesota","Sibley County",5,52,189,96,93
050,27,143,"Minnesota","Sibley County",5,53,175,86,89
050,27,143,"Minnesota","Sibley County",5,54,192,103,89
050,27,143,"Minnesota","Sibley County",5,55,182,94,88
050,27,143,"Minnesota","Sibley County",5,56,179,92,87
050,27,143,"Minnesota","Sibley County",5,57,176,79,97
050,27,143,"Minnesota","Sibley County",5,58,206,106,100
050,27,143,"Minnesota","Sibley County",5,59,238,120,118
050,27,143,"Minnesota","Sibley County",5,60,242,114,128
050,27,143,"Minnesota","Sibley County",5,61,249,126,123
050,27,143,"Minnesota","Sibley County",5,62,239,137,102
050,27,143,"Minnesota","Sibley County",5,63,247,131,116
050,27,143,"Minnesota","Sibley County",5,64,218,115,103
050,27,143,"Minnesota","Sibley County",5,65,216,113,103
050,27,143,"Minnesota","Sibley County",5,66,214,122,92
050,27,143,"Minnesota","Sibley County",5,67,202,115,87
050,27,143,"Minnesota","Sibley County",5,68,183,95,88
050,27,143,"Minnesota","Sibley County",5,69,176,90,86
050,27,143,"Minnesota","Sibley County",5,70,169,92,77
050,27,143,"Minnesota","Sibley County",5,71,154,84,70
050,27,143,"Minnesota","Sibley County",5,72,139,76,63
050,27,143,"Minnesota","Sibley County",5,73,140,75,65
050,27,143,"Minnesota","Sibley County",5,74,130,64,66
050,27,143,"Minnesota","Sibley County",5,75,120,56,64
050,27,143,"Minnesota","Sibley County",5,76,117,54,63
050,27,143,"Minnesota","Sibley County",5,77,85,38,47
050,27,143,"Minnesota","Sibley County",5,78,89,47,42
050,27,143,"Minnesota","Sibley County",5,79,98,48,50
050,27,143,"Minnesota","Sibley County",5,80,84,38,46
050,27,143,"Minnesota","Sibley County",5,81,81,35,46
050,27,143,"Minnesota","Sibley County",5,82,60,22,38
050,27,143,"Minnesota","Sibley County",5,83,57,27,30
050,27,143,"Minnesota","Sibley County",5,84,64,28,36
050,27,143,"Minnesota","Sibley County",5,85,418,149,269
050,27,145,"Minnesota","Stearns County",1,0,1972,1006,966
050,27,145,"Minnesota","Stearns County",1,1,2039,1027,1012
050,27,145,"Minnesota","Stearns County",1,2,2105,1075,1030
050,27,145,"Minnesota","Stearns County",1,3,2126,1101,1025
050,27,145,"Minnesota","Stearns County",1,4,2036,1028,1008
050,27,145,"Minnesota","Stearns County",1,5,2077,1032,1045
050,27,145,"Minnesota","Stearns County",1,6,2056,1033,1023
050,27,145,"Minnesota","Stearns County",1,7,2045,1041,1004
050,27,145,"Minnesota","Stearns County",1,8,1993,1045,948
050,27,145,"Minnesota","Stearns County",1,9,2023,1023,1000
050,27,145,"Minnesota","Stearns County",1,10,2062,1012,1050
050,27,145,"Minnesota","Stearns County",1,11,2066,1052,1014
050,27,145,"Minnesota","Stearns County",1,12,2151,1071,1080
050,27,145,"Minnesota","Stearns County",1,13,2178,1130,1048
050,27,145,"Minnesota","Stearns County",1,14,2131,1071,1060
050,27,145,"Minnesota","Stearns County",1,15,2084,1043,1041
050,27,145,"Minnesota","Stearns County",1,16,2132,1046,1086
050,27,145,"Minnesota","Stearns County",1,17,2125,1079,1046
050,27,145,"Minnesota","Stearns County",1,18,2651,1279,1372
050,27,145,"Minnesota","Stearns County",1,19,3812,1892,1920
050,27,145,"Minnesota","Stearns County",1,20,3789,1947,1842
050,27,145,"Minnesota","Stearns County",1,21,3919,1883,2036
050,27,145,"Minnesota","Stearns County",1,22,3761,1973,1788
050,27,145,"Minnesota","Stearns County",1,23,2736,1453,1283
050,27,145,"Minnesota","Stearns County",1,24,2324,1283,1041
050,27,145,"Minnesota","Stearns County",1,25,2147,1154,993
050,27,145,"Minnesota","Stearns County",1,26,1936,1007,929
050,27,145,"Minnesota","Stearns County",1,27,1923,1004,919
050,27,145,"Minnesota","Stearns County",1,28,1986,1034,952
050,27,145,"Minnesota","Stearns County",1,29,1863,1003,860
050,27,145,"Minnesota","Stearns County",1,30,1793,950,843
050,27,145,"Minnesota","Stearns County",1,31,1832,969,863
050,27,145,"Minnesota","Stearns County",1,32,1780,923,857
050,27,145,"Minnesota","Stearns County",1,33,1811,981,830
050,27,145,"Minnesota","Stearns County",1,34,1864,999,865
050,27,145,"Minnesota","Stearns County",1,35,1908,991,917
050,27,145,"Minnesota","Stearns County",1,36,1861,963,898
050,27,145,"Minnesota","Stearns County",1,37,1955,1000,955
050,27,145,"Minnesota","Stearns County",1,38,1938,1038,900
050,27,145,"Minnesota","Stearns County",1,39,1967,1053,914
050,27,145,"Minnesota","Stearns County",1,40,1915,979,936
050,27,145,"Minnesota","Stearns County",1,41,1820,931,889
050,27,145,"Minnesota","Stearns County",1,42,1760,919,841
050,27,145,"Minnesota","Stearns County",1,43,1638,854,784
050,27,145,"Minnesota","Stearns County",1,44,1536,789,747
050,27,145,"Minnesota","Stearns County",1,45,1579,814,765
050,27,145,"Minnesota","Stearns County",1,46,1536,801,735
050,27,145,"Minnesota","Stearns County",1,47,1507,780,727
050,27,145,"Minnesota","Stearns County",1,48,1617,809,808
050,27,145,"Minnesota","Stearns County",1,49,1778,900,878
050,27,145,"Minnesota","Stearns County",1,50,1765,911,854
050,27,145,"Minnesota","Stearns County",1,51,1769,882,887
050,27,145,"Minnesota","Stearns County",1,52,1741,905,836
050,27,145,"Minnesota","Stearns County",1,53,1814,927,887
050,27,145,"Minnesota","Stearns County",1,54,1887,941,946
050,27,145,"Minnesota","Stearns County",1,55,1977,1021,956
050,27,145,"Minnesota","Stearns County",1,56,2047,1060,987
050,27,145,"Minnesota","Stearns County",1,57,2066,1059,1007
050,27,145,"Minnesota","Stearns County",1,58,1987,1006,981
050,27,145,"Minnesota","Stearns County",1,59,2015,1003,1012
050,27,145,"Minnesota","Stearns County",1,60,2007,996,1011
050,27,145,"Minnesota","Stearns County",1,61,1891,955,936
050,27,145,"Minnesota","Stearns County",1,62,1872,958,914
050,27,145,"Minnesota","Stearns County",1,63,1859,964,895
050,27,145,"Minnesota","Stearns County",1,64,1743,890,853
050,27,145,"Minnesota","Stearns County",1,65,1701,853,848
050,27,145,"Minnesota","Stearns County",1,66,1656,850,806
050,27,145,"Minnesota","Stearns County",1,67,1605,804,801
050,27,145,"Minnesota","Stearns County",1,68,1550,748,802
050,27,145,"Minnesota","Stearns County",1,69,1430,694,736
050,27,145,"Minnesota","Stearns County",1,70,1336,663,673
050,27,145,"Minnesota","Stearns County",1,71,1284,645,639
050,27,145,"Minnesota","Stearns County",1,72,1306,644,662
050,27,145,"Minnesota","Stearns County",1,73,1242,605,637
050,27,145,"Minnesota","Stearns County",1,74,930,443,487
050,27,145,"Minnesota","Stearns County",1,75,900,417,483
050,27,145,"Minnesota","Stearns County",1,76,896,418,478
050,27,145,"Minnesota","Stearns County",1,77,888,422,466
050,27,145,"Minnesota","Stearns County",1,78,778,362,416
050,27,145,"Minnesota","Stearns County",1,79,682,304,378
050,27,145,"Minnesota","Stearns County",1,80,661,295,366
050,27,145,"Minnesota","Stearns County",1,81,655,316,339
050,27,145,"Minnesota","Stearns County",1,82,612,286,326
050,27,145,"Minnesota","Stearns County",1,83,543,243,300
050,27,145,"Minnesota","Stearns County",1,84,479,225,254
050,27,145,"Minnesota","Stearns County",1,85,3079,1200,1879
050,27,145,"Minnesota","Stearns County",2,0,2019,1053,966
050,27,145,"Minnesota","Stearns County",2,1,2025,1024,1001
050,27,145,"Minnesota","Stearns County",2,2,2102,1072,1030
050,27,145,"Minnesota","Stearns County",2,3,2115,1090,1025
050,27,145,"Minnesota","Stearns County",2,4,2068,1046,1022
050,27,145,"Minnesota","Stearns County",2,5,2060,1023,1037
050,27,145,"Minnesota","Stearns County",2,6,2061,1033,1028
050,27,145,"Minnesota","Stearns County",2,7,2039,1036,1003
050,27,145,"Minnesota","Stearns County",2,8,2005,1043,962
050,27,145,"Minnesota","Stearns County",2,9,2019,1033,986
050,27,145,"Minnesota","Stearns County",2,10,2050,1016,1034
050,27,145,"Minnesota","Stearns County",2,11,2060,1040,1020
050,27,145,"Minnesota","Stearns County",2,12,2145,1075,1070
050,27,145,"Minnesota","Stearns County",2,13,2168,1116,1052
050,27,145,"Minnesota","Stearns County",2,14,2138,1083,1055
050,27,145,"Minnesota","Stearns County",2,15,2105,1055,1050
050,27,145,"Minnesota","Stearns County",2,16,2129,1049,1080
050,27,145,"Minnesota","Stearns County",2,17,2129,1071,1058
050,27,145,"Minnesota","Stearns County",2,18,2645,1272,1373
050,27,145,"Minnesota","Stearns County",2,19,3825,1898,1927
050,27,145,"Minnesota","Stearns County",2,20,3807,1952,1855
050,27,145,"Minnesota","Stearns County",2,21,3928,1890,2038
050,27,145,"Minnesota","Stearns County",2,22,3755,1968,1787
050,27,145,"Minnesota","Stearns County",2,23,2728,1443,1285
050,27,145,"Minnesota","Stearns County",2,24,2326,1280,1046
050,27,145,"Minnesota","Stearns County",2,25,2141,1153,988
050,27,145,"Minnesota","Stearns County",2,26,1952,1018,934
050,27,145,"Minnesota","Stearns County",2,27,1909,997,912
050,27,145,"Minnesota","Stearns County",2,28,1973,1035,938
050,27,145,"Minnesota","Stearns County",2,29,1883,1003,880
050,27,145,"Minnesota","Stearns County",2,30,1818,964,854
050,27,145,"Minnesota","Stearns County",2,31,1818,956,862
050,27,145,"Minnesota","Stearns County",2,32,1788,926,862
050,27,145,"Minnesota","Stearns County",2,33,1807,969,838
050,27,145,"Minnesota","Stearns County",2,34,1851,995,856
050,27,145,"Minnesota","Stearns County",2,35,1906,996,910
050,27,145,"Minnesota","Stearns County",2,36,1863,967,896
050,27,145,"Minnesota","Stearns County",2,37,1928,991,937
050,27,145,"Minnesota","Stearns County",2,38,1943,1027,916
050,27,145,"Minnesota","Stearns County",2,39,1953,1045,908
050,27,145,"Minnesota","Stearns County",2,40,1944,1004,940
050,27,145,"Minnesota","Stearns County",2,41,1840,941,899
050,27,145,"Minnesota","Stearns County",2,42,1761,913,848
050,27,145,"Minnesota","Stearns County",2,43,1680,875,805
050,27,145,"Minnesota","Stearns County",2,44,1540,794,746
050,27,145,"Minnesota","Stearns County",2,45,1577,812,765
050,27,145,"Minnesota","Stearns County",2,46,1542,801,741
050,27,145,"Minnesota","Stearns County",2,47,1505,779,726
050,27,145,"Minnesota","Stearns County",2,48,1589,804,785
050,27,145,"Minnesota","Stearns County",2,49,1745,883,862
050,27,145,"Minnesota","Stearns County",2,50,1771,908,863
050,27,145,"Minnesota","Stearns County",2,51,1757,883,874
050,27,145,"Minnesota","Stearns County",2,52,1744,898,846
050,27,145,"Minnesota","Stearns County",2,53,1793,920,873
050,27,145,"Minnesota","Stearns County",2,54,1861,933,928
050,27,145,"Minnesota","Stearns County",2,55,1954,1007,947
050,27,145,"Minnesota","Stearns County",2,56,2032,1049,983
050,27,145,"Minnesota","Stearns County",2,57,2061,1057,1004
050,27,145,"Minnesota","Stearns County",2,58,2004,1015,989
050,27,145,"Minnesota","Stearns County",2,59,2011,1005,1006
050,27,145,"Minnesota","Stearns County",2,60,1999,995,1004
050,27,145,"Minnesota","Stearns County",2,61,1906,958,948
050,27,145,"Minnesota","Stearns County",2,62,1871,954,917
050,27,145,"Minnesota","Stearns County",2,63,1875,967,908
050,27,145,"Minnesota","Stearns County",2,64,1754,898,856
050,27,145,"Minnesota","Stearns County",2,65,1705,857,848
050,27,145,"Minnesota","Stearns County",2,66,1663,848,815
050,27,145,"Minnesota","Stearns County",2,67,1612,812,800
050,27,145,"Minnesota","Stearns County",2,68,1555,756,799
050,27,145,"Minnesota","Stearns County",2,69,1463,707,756
050,27,145,"Minnesota","Stearns County",2,70,1348,666,682
050,27,145,"Minnesota","Stearns County",2,71,1297,646,651
050,27,145,"Minnesota","Stearns County",2,72,1281,636,645
050,27,145,"Minnesota","Stearns County",2,73,1317,641,676
050,27,145,"Minnesota","Stearns County",2,74,932,449,483
050,27,145,"Minnesota","Stearns County",2,75,909,420,489
050,27,145,"Minnesota","Stearns County",2,76,889,415,474
050,27,145,"Minnesota","Stearns County",2,77,900,421,479
050,27,145,"Minnesota","Stearns County",2,78,786,371,415
050,27,145,"Minnesota","Stearns County",2,79,691,309,382
050,27,145,"Minnesota","Stearns County",2,80,656,292,364
050,27,145,"Minnesota","Stearns County",2,81,648,309,339
050,27,145,"Minnesota","Stearns County",2,82,615,289,326
050,27,145,"Minnesota","Stearns County",2,83,549,250,299
050,27,145,"Minnesota","Stearns County",2,84,485,225,260
050,27,145,"Minnesota","Stearns County",2,85,3079,1203,1876
050,27,145,"Minnesota","Stearns County",3,0,1901,969,932
050,27,145,"Minnesota","Stearns County",3,1,2052,1085,967
050,27,145,"Minnesota","Stearns County",3,2,2041,1032,1009
050,27,145,"Minnesota","Stearns County",3,3,2085,1090,995
050,27,145,"Minnesota","Stearns County",3,4,2100,1061,1039
050,27,145,"Minnesota","Stearns County",3,5,2085,1070,1015
050,27,145,"Minnesota","Stearns County",3,6,2087,1065,1022
050,27,145,"Minnesota","Stearns County",3,7,2098,1047,1051
050,27,145,"Minnesota","Stearns County",3,8,2037,1028,1009
050,27,145,"Minnesota","Stearns County",3,9,2009,1043,966
050,27,145,"Minnesota","Stearns County",3,10,2041,1045,996
050,27,145,"Minnesota","Stearns County",3,11,2074,1049,1025
050,27,145,"Minnesota","Stearns County",3,12,2099,1069,1030
050,27,145,"Minnesota","Stearns County",3,13,2158,1074,1084
050,27,145,"Minnesota","Stearns County",3,14,2187,1123,1064
050,27,145,"Minnesota","Stearns County",3,15,2178,1116,1062
050,27,145,"Minnesota","Stearns County",3,16,2117,1051,1066
050,27,145,"Minnesota","Stearns County",3,17,2176,1075,1101
050,27,145,"Minnesota","Stearns County",3,18,2722,1301,1421
050,27,145,"Minnesota","Stearns County",3,19,3829,1894,1935
050,27,145,"Minnesota","Stearns County",3,20,3760,1913,1847
050,27,145,"Minnesota","Stearns County",3,21,3935,1894,2041
050,27,145,"Minnesota","Stearns County",3,22,3777,1966,1811
050,27,145,"Minnesota","Stearns County",3,23,2683,1412,1271
050,27,145,"Minnesota","Stearns County",3,24,2349,1275,1074
050,27,145,"Minnesota","Stearns County",3,25,2157,1176,981
050,27,145,"Minnesota","Stearns County",3,26,1977,1063,914
050,27,145,"Minnesota","Stearns County",3,27,1908,1005,903
050,27,145,"Minnesota","Stearns County",3,28,1883,998,885
050,27,145,"Minnesota","Stearns County",3,29,1951,1005,946
050,27,145,"Minnesota","Stearns County",3,30,1873,986,887
050,27,145,"Minnesota","Stearns County",3,31,1800,934,866
050,27,145,"Minnesota","Stearns County",3,32,1807,968,839
050,27,145,"Minnesota","Stearns County",3,33,1810,918,892
050,27,145,"Minnesota","Stearns County",3,34,1816,953,863
050,27,145,"Minnesota","Stearns County",3,35,1863,1010,853
050,27,145,"Minnesota","Stearns County",3,36,1928,1021,907
050,27,145,"Minnesota","Stearns County",3,37,1886,985,901
050,27,145,"Minnesota","Stearns County",3,38,1917,978,939
050,27,145,"Minnesota","Stearns County",3,39,1952,1030,922
050,27,145,"Minnesota","Stearns County",3,40,1951,1045,906
050,27,145,"Minnesota","Stearns County",3,41,1909,986,923
050,27,145,"Minnesota","Stearns County",3,42,1819,920,899
050,27,145,"Minnesota","Stearns County",3,43,1770,920,850
050,27,145,"Minnesota","Stearns County",3,44,1661,865,796
050,27,145,"Minnesota","Stearns County",3,45,1565,815,750
050,27,145,"Minnesota","Stearns County",3,46,1579,812,767
050,27,145,"Minnesota","Stearns County",3,47,1541,808,733
050,27,145,"Minnesota","Stearns County",3,48,1503,768,735
050,27,145,"Minnesota","Stearns County",3,49,1576,799,777
050,27,145,"Minnesota","Stearns County",3,50,1730,880,850
050,27,145,"Minnesota","Stearns County",3,51,1773,905,868
050,27,145,"Minnesota","Stearns County",3,52,1756,879,877
050,27,145,"Minnesota","Stearns County",3,53,1751,902,849
050,27,145,"Minnesota","Stearns County",3,54,1781,906,875
050,27,145,"Minnesota","Stearns County",3,55,1835,933,902
050,27,145,"Minnesota","Stearns County",3,56,1944,1001,943
050,27,145,"Minnesota","Stearns County",3,57,2011,1043,968
050,27,145,"Minnesota","Stearns County",3,58,2039,1044,995
050,27,145,"Minnesota","Stearns County",3,59,1987,999,988
050,27,145,"Minnesota","Stearns County",3,60,1982,1005,977
050,27,145,"Minnesota","Stearns County",3,61,1969,974,995
050,27,145,"Minnesota","Stearns County",3,62,1879,934,945
050,27,145,"Minnesota","Stearns County",3,63,1860,940,920
050,27,145,"Minnesota","Stearns County",3,64,1861,944,917
050,27,145,"Minnesota","Stearns County",3,65,1729,884,845
050,27,145,"Minnesota","Stearns County",3,66,1671,839,832
050,27,145,"Minnesota","Stearns County",3,67,1644,838,806
050,27,145,"Minnesota","Stearns County",3,68,1602,796,806
050,27,145,"Minnesota","Stearns County",3,69,1539,743,796
050,27,145,"Minnesota","Stearns County",3,70,1425,683,742
050,27,145,"Minnesota","Stearns County",3,71,1320,646,674
050,27,145,"Minnesota","Stearns County",3,72,1278,640,638
050,27,145,"Minnesota","Stearns County",3,73,1242,601,641
050,27,145,"Minnesota","Stearns County",3,74,1275,615,660
050,27,145,"Minnesota","Stearns County",3,75,917,427,490
050,27,145,"Minnesota","Stearns County",3,76,870,406,464
050,27,145,"Minnesota","Stearns County",3,77,842,379,463
050,27,145,"Minnesota","Stearns County",3,78,868,422,446
050,27,145,"Minnesota","Stearns County",3,79,758,347,411
050,27,145,"Minnesota","Stearns County",3,80,667,290,377
050,27,145,"Minnesota","Stearns County",3,81,616,277,339
050,27,145,"Minnesota","Stearns County",3,82,612,286,326
050,27,145,"Minnesota","Stearns County",3,83,560,264,296
050,27,145,"Minnesota","Stearns County",3,84,495,223,272
050,27,145,"Minnesota","Stearns County",3,85,3134,1219,1915
050,27,145,"Minnesota","Stearns County",4,0,1962,984,978
050,27,145,"Minnesota","Stearns County",4,1,1968,1016,952
050,27,145,"Minnesota","Stearns County",4,2,2082,1104,978
050,27,145,"Minnesota","Stearns County",4,3,2067,1046,1021
050,27,145,"Minnesota","Stearns County",4,4,2109,1110,999
050,27,145,"Minnesota","Stearns County",4,5,2146,1091,1055
050,27,145,"Minnesota","Stearns County",4,6,2092,1041,1051
050,27,145,"Minnesota","Stearns County",4,7,2100,1063,1037
050,27,145,"Minnesota","Stearns County",4,8,2077,1037,1040
050,27,145,"Minnesota","Stearns County",4,9,2079,1045,1034
050,27,145,"Minnesota","Stearns County",4,10,2042,1060,982
050,27,145,"Minnesota","Stearns County",4,11,2066,1048,1018
050,27,145,"Minnesota","Stearns County",4,12,2090,1044,1046
050,27,145,"Minnesota","Stearns County",4,13,2116,1067,1049
050,27,145,"Minnesota","Stearns County",4,14,2179,1087,1092
050,27,145,"Minnesota","Stearns County",4,15,2206,1124,1082
050,27,145,"Minnesota","Stearns County",4,16,2210,1116,1094
050,27,145,"Minnesota","Stearns County",4,17,2160,1059,1101
050,27,145,"Minnesota","Stearns County",4,18,2752,1317,1435
050,27,145,"Minnesota","Stearns County",4,19,3838,1898,1940
050,27,145,"Minnesota","Stearns County",4,20,3742,1920,1822
050,27,145,"Minnesota","Stearns County",4,21,3900,1869,2031
050,27,145,"Minnesota","Stearns County",4,22,3773,1978,1795
050,27,145,"Minnesota","Stearns County",4,23,2735,1422,1313
050,27,145,"Minnesota","Stearns County",4,24,2298,1246,1052
050,27,145,"Minnesota","Stearns County",4,25,2151,1139,1012
050,27,145,"Minnesota","Stearns County",4,26,2010,1081,929
050,27,145,"Minnesota","Stearns County",4,27,1905,1024,881
050,27,145,"Minnesota","Stearns County",4,28,1910,996,914
050,27,145,"Minnesota","Stearns County",4,29,1872,977,895
050,27,145,"Minnesota","Stearns County",4,30,1954,1013,941
050,27,145,"Minnesota","Stearns County",4,31,1894,998,896
050,27,145,"Minnesota","Stearns County",4,32,1796,938,858
050,27,145,"Minnesota","Stearns County",4,33,1834,989,845
050,27,145,"Minnesota","Stearns County",4,34,1846,935,911
050,27,145,"Minnesota","Stearns County",4,35,1777,928,849
050,27,145,"Minnesota","Stearns County",4,36,1918,1038,880
050,27,145,"Minnesota","Stearns County",4,37,1946,1043,903
050,27,145,"Minnesota","Stearns County",4,38,1891,992,899
050,27,145,"Minnesota","Stearns County",4,39,1933,1002,931
050,27,145,"Minnesota","Stearns County",4,40,1976,1039,937
050,27,145,"Minnesota","Stearns County",4,41,1927,1033,894
050,27,145,"Minnesota","Stearns County",4,42,1925,984,941
050,27,145,"Minnesota","Stearns County",4,43,1843,931,912
050,27,145,"Minnesota","Stearns County",4,44,1785,925,860
050,27,145,"Minnesota","Stearns County",4,45,1648,860,788
050,27,145,"Minnesota","Stearns County",4,46,1574,824,750
050,27,145,"Minnesota","Stearns County",4,47,1550,801,749
050,27,145,"Minnesota","Stearns County",4,48,1558,795,763
050,27,145,"Minnesota","Stearns County",4,49,1511,763,748
050,27,145,"Minnesota","Stearns County",4,50,1590,814,776
050,27,145,"Minnesota","Stearns County",4,51,1717,887,830
050,27,145,"Minnesota","Stearns County",4,52,1780,910,870
050,27,145,"Minnesota","Stearns County",4,53,1718,854,864
050,27,145,"Minnesota","Stearns County",4,54,1731,880,851
050,27,145,"Minnesota","Stearns County",4,55,1770,914,856
050,27,145,"Minnesota","Stearns County",4,56,1818,927,891
050,27,145,"Minnesota","Stearns County",4,57,1938,1007,931
050,27,145,"Minnesota","Stearns County",4,58,2005,1032,973
050,27,145,"Minnesota","Stearns County",4,59,2034,1042,992
050,27,145,"Minnesota","Stearns County",4,60,1973,991,982
050,27,145,"Minnesota","Stearns County",4,61,1963,988,975
050,27,145,"Minnesota","Stearns County",4,62,1938,951,987
050,27,145,"Minnesota","Stearns County",4,63,1834,897,937
050,27,145,"Minnesota","Stearns County",4,64,1819,920,899
050,27,145,"Minnesota","Stearns County",4,65,1844,927,917
050,27,145,"Minnesota","Stearns County",4,66,1699,871,828
050,27,145,"Minnesota","Stearns County",4,67,1672,843,829
050,27,145,"Minnesota","Stearns County",4,68,1627,814,813
050,27,145,"Minnesota","Stearns County",4,69,1575,779,796
050,27,145,"Minnesota","Stearns County",4,70,1489,716,773
050,27,145,"Minnesota","Stearns County",4,71,1421,677,744
050,27,145,"Minnesota","Stearns County",4,72,1294,637,657
050,27,145,"Minnesota","Stearns County",4,73,1247,620,627
050,27,145,"Minnesota","Stearns County",4,74,1217,594,623
050,27,145,"Minnesota","Stearns County",4,75,1259,604,655
050,27,145,"Minnesota","Stearns County",4,76,891,415,476
050,27,145,"Minnesota","Stearns County",4,77,817,368,449
050,27,145,"Minnesota","Stearns County",4,78,818,382,436
050,27,145,"Minnesota","Stearns County",4,79,828,389,439
050,27,145,"Minnesota","Stearns County",4,80,730,325,405
050,27,145,"Minnesota","Stearns County",4,81,631,284,347
050,27,145,"Minnesota","Stearns County",4,82,573,241,332
050,27,145,"Minnesota","Stearns County",4,83,572,263,309
050,27,145,"Minnesota","Stearns County",4,84,511,244,267
050,27,145,"Minnesota","Stearns County",4,85,3176,1229,1947
050,27,145,"Minnesota","Stearns County",5,0,1948,972,976
050,27,145,"Minnesota","Stearns County",5,1,1981,984,997
050,27,145,"Minnesota","Stearns County",5,2,1981,1025,956
050,27,145,"Minnesota","Stearns County",5,3,2032,1066,966
050,27,145,"Minnesota","Stearns County",5,4,2088,1073,1015
050,27,145,"Minnesota","Stearns County",5,5,2123,1101,1022
050,27,145,"Minnesota","Stearns County",5,6,2149,1084,1065
050,27,145,"Minnesota","Stearns County",5,7,2092,1045,1047
050,27,145,"Minnesota","Stearns County",5,8,2122,1070,1052
050,27,145,"Minnesota","Stearns County",5,9,2122,1042,1080
050,27,145,"Minnesota","Stearns County",5,10,2114,1064,1050
050,27,145,"Minnesota","Stearns County",5,11,2071,1079,992
050,27,145,"Minnesota","Stearns County",5,12,2080,1049,1031
050,27,145,"Minnesota","Stearns County",5,13,2103,1052,1051
050,27,145,"Minnesota","Stearns County",5,14,2169,1107,1062
050,27,145,"Minnesota","Stearns County",5,15,2213,1101,1112
050,27,145,"Minnesota","Stearns County",5,16,2257,1123,1134
050,27,145,"Minnesota","Stearns County",5,17,2242,1128,1114
050,27,145,"Minnesota","Stearns County",5,18,2671,1282,1389
050,27,145,"Minnesota","Stearns County",5,19,3731,1852,1879
050,27,145,"Minnesota","Stearns County",5,20,3668,1856,1812
050,27,145,"Minnesota","Stearns County",5,21,3843,1845,1998
050,27,145,"Minnesota","Stearns County",5,22,3727,1942,1785
050,27,145,"Minnesota","Stearns County",5,23,2743,1458,1285
050,27,145,"Minnesota","Stearns County",5,24,2341,1244,1097
050,27,145,"Minnesota","Stearns County",5,25,2112,1131,981
050,27,145,"Minnesota","Stearns County",5,26,2004,1026,978
050,27,145,"Minnesota","Stearns County",5,27,1940,1041,899
050,27,145,"Minnesota","Stearns County",5,28,1872,972,900
050,27,145,"Minnesota","Stearns County",5,29,1872,981,891
050,27,145,"Minnesota","Stearns County",5,30,1842,969,873
050,27,145,"Minnesota","Stearns County",5,31,1973,1004,969
050,27,145,"Minnesota","Stearns County",5,32,1898,1009,889
050,27,145,"Minnesota","Stearns County",5,33,1807,929,878
050,27,145,"Minnesota","Stearns County",5,34,1823,977,846
050,27,145,"Minnesota","Stearns County",5,35,1841,930,911
050,27,145,"Minnesota","Stearns County",5,36,1838,975,863
050,27,145,"Minnesota","Stearns County",5,37,1947,1061,886
050,27,145,"Minnesota","Stearns County",5,38,1971,1037,934
050,27,145,"Minnesota","Stearns County",5,39,1911,1023,888
050,27,145,"Minnesota","Stearns County",5,40,1927,993,934
050,27,145,"Minnesota","Stearns County",5,41,1976,1046,930
050,27,145,"Minnesota","Stearns County",5,42,1943,1034,909
050,27,145,"Minnesota","Stearns County",5,43,1933,989,944
050,27,145,"Minnesota","Stearns County",5,44,1855,932,923
050,27,145,"Minnesota","Stearns County",5,45,1795,930,865
050,27,145,"Minnesota","Stearns County",5,46,1662,872,790
050,27,145,"Minnesota","Stearns County",5,47,1568,817,751
050,27,145,"Minnesota","Stearns County",5,48,1583,815,768
050,27,145,"Minnesota","Stearns County",5,49,1554,791,763
050,27,145,"Minnesota","Stearns County",5,50,1523,782,741
050,27,145,"Minnesota","Stearns County",5,51,1574,802,772
050,27,145,"Minnesota","Stearns County",5,52,1717,906,811
050,27,145,"Minnesota","Stearns County",5,53,1755,902,853
050,27,145,"Minnesota","Stearns County",5,54,1734,852,882
050,27,145,"Minnesota","Stearns County",5,55,1722,885,837
050,27,145,"Minnesota","Stearns County",5,56,1747,894,853
050,27,145,"Minnesota","Stearns County",5,57,1830,944,886
050,27,145,"Minnesota","Stearns County",5,58,1907,986,921
050,27,145,"Minnesota","Stearns County",5,59,1989,1013,976
050,27,145,"Minnesota","Stearns County",5,60,2035,1048,987
050,27,145,"Minnesota","Stearns County",5,61,1960,984,976
050,27,145,"Minnesota","Stearns County",5,62,1948,975,973
050,27,145,"Minnesota","Stearns County",5,63,1910,932,978
050,27,145,"Minnesota","Stearns County",5,64,1832,891,941
050,27,145,"Minnesota","Stearns County",5,65,1811,913,898
050,27,145,"Minnesota","Stearns County",5,66,1824,924,900
050,27,145,"Minnesota","Stearns County",5,67,1683,856,827
050,27,145,"Minnesota","Stearns County",5,68,1665,832,833
050,27,145,"Minnesota","Stearns County",5,69,1598,792,806
050,27,145,"Minnesota","Stearns County",5,70,1540,756,784
050,27,145,"Minnesota","Stearns County",5,71,1483,701,782
050,27,145,"Minnesota","Stearns County",5,72,1400,668,732
050,27,145,"Minnesota","Stearns County",5,73,1267,626,641
050,27,145,"Minnesota","Stearns County",5,74,1221,606,615
050,27,145,"Minnesota","Stearns County",5,75,1195,577,618
050,27,145,"Minnesota","Stearns County",5,76,1221,588,633
050,27,145,"Minnesota","Stearns County",5,77,849,382,467
050,27,145,"Minnesota","Stearns County",5,78,800,371,429
050,27,145,"Minnesota","Stearns County",5,79,782,354,428
050,27,145,"Minnesota","Stearns County",5,80,800,367,433
050,27,145,"Minnesota","Stearns County",5,81,683,310,373
050,27,145,"Minnesota","Stearns County",5,82,594,256,338
050,27,145,"Minnesota","Stearns County",5,83,525,215,310
050,27,145,"Minnesota","Stearns County",5,84,519,243,276
050,27,145,"Minnesota","Stearns County",5,85,3276,1298,1978
050,27,147,"Minnesota","Steele County",1,0,401,203,198
050,27,147,"Minnesota","Steele County",1,1,411,203,208
050,27,147,"Minnesota","Steele County",1,2,427,216,211
050,27,147,"Minnesota","Steele County",1,3,437,231,206
050,27,147,"Minnesota","Steele County",1,4,487,244,243
050,27,147,"Minnesota","Steele County",1,5,517,263,254
050,27,147,"Minnesota","Steele County",1,6,548,271,277
050,27,147,"Minnesota","Steele County",1,7,513,228,285
050,27,147,"Minnesota","Steele County",1,8,479,249,230
050,27,147,"Minnesota","Steele County",1,9,554,277,277
050,27,147,"Minnesota","Steele County",1,10,540,265,275
050,27,147,"Minnesota","Steele County",1,11,581,282,299
050,27,147,"Minnesota","Steele County",1,12,575,280,295
050,27,147,"Minnesota","Steele County",1,13,587,292,295
050,27,147,"Minnesota","Steele County",1,14,569,288,281
050,27,147,"Minnesota","Steele County",1,15,562,287,275
050,27,147,"Minnesota","Steele County",1,16,587,305,282
050,27,147,"Minnesota","Steele County",1,17,558,296,262
050,27,147,"Minnesota","Steele County",1,18,455,230,225
050,27,147,"Minnesota","Steele County",1,19,352,194,158
050,27,147,"Minnesota","Steele County",1,20,383,201,182
050,27,147,"Minnesota","Steele County",1,21,385,197,188
050,27,147,"Minnesota","Steele County",1,22,380,201,179
050,27,147,"Minnesota","Steele County",1,23,410,206,204
050,27,147,"Minnesota","Steele County",1,24,415,215,200
050,27,147,"Minnesota","Steele County",1,25,404,218,186
050,27,147,"Minnesota","Steele County",1,26,410,220,190
050,27,147,"Minnesota","Steele County",1,27,390,209,181
050,27,147,"Minnesota","Steele County",1,28,386,196,190
050,27,147,"Minnesota","Steele County",1,29,427,234,193
050,27,147,"Minnesota","Steele County",1,30,406,204,202
050,27,147,"Minnesota","Steele County",1,31,414,211,203
050,27,147,"Minnesota","Steele County",1,32,444,231,213
050,27,147,"Minnesota","Steele County",1,33,436,226,210
050,27,147,"Minnesota","Steele County",1,34,485,249,236
050,27,147,"Minnesota","Steele County",1,35,525,277,248
050,27,147,"Minnesota","Steele County",1,36,509,256,253
050,27,147,"Minnesota","Steele County",1,37,507,246,261
050,27,147,"Minnesota","Steele County",1,38,502,263,239
050,27,147,"Minnesota","Steele County",1,39,501,278,223
050,27,147,"Minnesota","Steele County",1,40,458,244,214
050,27,147,"Minnesota","Steele County",1,41,436,222,214
050,27,147,"Minnesota","Steele County",1,42,419,196,223
050,27,147,"Minnesota","Steele County",1,43,414,193,221
050,27,147,"Minnesota","Steele County",1,44,438,200,238
050,27,147,"Minnesota","Steele County",1,45,417,209,208
050,27,147,"Minnesota","Steele County",1,46,402,211,191
050,27,147,"Minnesota","Steele County",1,47,409,218,191
050,27,147,"Minnesota","Steele County",1,48,457,245,212
050,27,147,"Minnesota","Steele County",1,49,479,261,218
050,27,147,"Minnesota","Steele County",1,50,473,247,226
050,27,147,"Minnesota","Steele County",1,51,479,242,237
050,27,147,"Minnesota","Steele County",1,52,457,235,222
050,27,147,"Minnesota","Steele County",1,53,475,241,234
050,27,147,"Minnesota","Steele County",1,54,497,250,247
050,27,147,"Minnesota","Steele County",1,55,504,265,239
050,27,147,"Minnesota","Steele County",1,56,509,258,251
050,27,147,"Minnesota","Steele County",1,57,532,282,250
050,27,147,"Minnesota","Steele County",1,58,548,279,269
050,27,147,"Minnesota","Steele County",1,59,545,275,270
050,27,147,"Minnesota","Steele County",1,60,554,269,285
050,27,147,"Minnesota","Steele County",1,61,489,241,248
050,27,147,"Minnesota","Steele County",1,62,449,231,218
050,27,147,"Minnesota","Steele County",1,63,459,241,218
050,27,147,"Minnesota","Steele County",1,64,458,228,230
050,27,147,"Minnesota","Steele County",1,65,460,230,230
050,27,147,"Minnesota","Steele County",1,66,475,241,234
050,27,147,"Minnesota","Steele County",1,67,467,230,237
050,27,147,"Minnesota","Steele County",1,68,424,212,212
050,27,147,"Minnesota","Steele County",1,69,384,198,186
050,27,147,"Minnesota","Steele County",1,70,374,187,187
050,27,147,"Minnesota","Steele County",1,71,324,160,164
050,27,147,"Minnesota","Steele County",1,72,312,143,169
050,27,147,"Minnesota","Steele County",1,73,322,146,176
050,27,147,"Minnesota","Steele County",1,74,254,117,137
050,27,147,"Minnesota","Steele County",1,75,261,130,131
050,27,147,"Minnesota","Steele County",1,76,231,103,128
050,27,147,"Minnesota","Steele County",1,77,227,101,126
050,27,147,"Minnesota","Steele County",1,78,218,107,111
050,27,147,"Minnesota","Steele County",1,79,207,95,112
050,27,147,"Minnesota","Steele County",1,80,188,79,109
050,27,147,"Minnesota","Steele County",1,81,196,84,112
050,27,147,"Minnesota","Steele County",1,82,177,72,105
050,27,147,"Minnesota","Steele County",1,83,157,65,92
050,27,147,"Minnesota","Steele County",1,84,142,56,86
050,27,147,"Minnesota","Steele County",1,85,990,368,622
050,27,147,"Minnesota","Steele County",2,0,397,192,205
050,27,147,"Minnesota","Steele County",2,1,411,204,207
050,27,147,"Minnesota","Steele County",2,2,425,213,212
050,27,147,"Minnesota","Steele County",2,3,439,228,211
050,27,147,"Minnesota","Steele County",2,4,481,243,238
050,27,147,"Minnesota","Steele County",2,5,511,260,251
050,27,147,"Minnesota","Steele County",2,6,541,268,273
050,27,147,"Minnesota","Steele County",2,7,520,238,282
050,27,147,"Minnesota","Steele County",2,8,488,244,244
050,27,147,"Minnesota","Steele County",2,9,533,269,264
050,27,147,"Minnesota","Steele County",2,10,544,269,275
050,27,147,"Minnesota","Steele County",2,11,565,274,291
050,27,147,"Minnesota","Steele County",2,12,582,284,298
050,27,147,"Minnesota","Steele County",2,13,581,288,293
050,27,147,"Minnesota","Steele County",2,14,571,287,284
050,27,147,"Minnesota","Steele County",2,15,563,287,276
050,27,147,"Minnesota","Steele County",2,16,582,302,280
050,27,147,"Minnesota","Steele County",2,17,563,296,267
050,27,147,"Minnesota","Steele County",2,18,459,235,224
050,27,147,"Minnesota","Steele County",2,19,360,195,165
050,27,147,"Minnesota","Steele County",2,20,385,204,181
050,27,147,"Minnesota","Steele County",2,21,388,201,187
050,27,147,"Minnesota","Steele County",2,22,390,204,186
050,27,147,"Minnesota","Steele County",2,23,408,205,203
050,27,147,"Minnesota","Steele County",2,24,410,212,198
050,27,147,"Minnesota","Steele County",2,25,405,216,189
050,27,147,"Minnesota","Steele County",2,26,407,218,189
050,27,147,"Minnesota","Steele County",2,27,394,211,183
050,27,147,"Minnesota","Steele County",2,28,388,201,187
050,27,147,"Minnesota","Steele County",2,29,417,224,193
050,27,147,"Minnesota","Steele County",2,30,413,211,202
050,27,147,"Minnesota","Steele County",2,31,410,207,203
050,27,147,"Minnesota","Steele County",2,32,436,226,210
050,27,147,"Minnesota","Steele County",2,33,441,228,213
050,27,147,"Minnesota","Steele County",2,34,474,245,229
050,27,147,"Minnesota","Steele County",2,35,520,273,247
050,27,147,"Minnesota","Steele County",2,36,511,260,251
050,27,147,"Minnesota","Steele County",2,37,510,250,260
050,27,147,"Minnesota","Steele County",2,38,505,259,246
050,27,147,"Minnesota","Steele County",2,39,499,273,226
050,27,147,"Minnesota","Steele County",2,40,469,252,217
050,27,147,"Minnesota","Steele County",2,41,441,227,214
050,27,147,"Minnesota","Steele County",2,42,419,201,218
050,27,147,"Minnesota","Steele County",2,43,421,197,224
050,27,147,"Minnesota","Steele County",2,44,427,197,230
050,27,147,"Minnesota","Steele County",2,45,426,209,217
050,27,147,"Minnesota","Steele County",2,46,406,211,195
050,27,147,"Minnesota","Steele County",2,47,407,216,191
050,27,147,"Minnesota","Steele County",2,48,441,237,204
050,27,147,"Minnesota","Steele County",2,49,473,257,216
050,27,147,"Minnesota","Steele County",2,50,473,251,222
050,27,147,"Minnesota","Steele County",2,51,474,241,233
050,27,147,"Minnesota","Steele County",2,52,463,239,224
050,27,147,"Minnesota","Steele County",2,53,470,240,230
050,27,147,"Minnesota","Steele County",2,54,489,246,243
050,27,147,"Minnesota","Steele County",2,55,500,260,240
050,27,147,"Minnesota","Steele County",2,56,508,260,248
050,27,147,"Minnesota","Steele County",2,57,524,275,249
050,27,147,"Minnesota","Steele County",2,58,544,281,263
050,27,147,"Minnesota","Steele County",2,59,547,276,271
050,27,147,"Minnesota","Steele County",2,60,545,267,278
050,27,147,"Minnesota","Steele County",2,61,499,243,256
050,27,147,"Minnesota","Steele County",2,62,455,230,225
050,27,147,"Minnesota","Steele County",2,63,461,240,221
050,27,147,"Minnesota","Steele County",2,64,450,227,223
050,27,147,"Minnesota","Steele County",2,65,454,226,228
050,27,147,"Minnesota","Steele County",2,66,474,239,235
050,27,147,"Minnesota","Steele County",2,67,468,232,236
050,27,147,"Minnesota","Steele County",2,68,432,215,217
050,27,147,"Minnesota","Steele County",2,69,392,199,193
050,27,147,"Minnesota","Steele County",2,70,376,189,187
050,27,147,"Minnesota","Steele County",2,71,336,166,170
050,27,147,"Minnesota","Steele County",2,72,308,144,164
050,27,147,"Minnesota","Steele County",2,73,335,152,183
050,27,147,"Minnesota","Steele County",2,74,252,115,137
050,27,147,"Minnesota","Steele County",2,75,260,126,134
050,27,147,"Minnesota","Steele County",2,76,237,109,128
050,27,147,"Minnesota","Steele County",2,77,233,104,129
050,27,147,"Minnesota","Steele County",2,78,216,105,111
050,27,147,"Minnesota","Steele County",2,79,205,95,110
050,27,147,"Minnesota","Steele County",2,80,192,83,109
050,27,147,"Minnesota","Steele County",2,81,194,82,112
050,27,147,"Minnesota","Steele County",2,82,182,76,106
050,27,147,"Minnesota","Steele County",2,83,161,65,96
050,27,147,"Minnesota","Steele County",2,84,144,57,87
050,27,147,"Minnesota","Steele County",2,85,974,361,613
050,27,147,"Minnesota","Steele County",3,0,397,200,197
050,27,147,"Minnesota","Steele County",3,1,402,196,206
050,27,147,"Minnesota","Steele County",3,2,422,210,212
050,27,147,"Minnesota","Steele County",3,3,432,216,216
050,27,147,"Minnesota","Steele County",3,4,440,231,209
050,27,147,"Minnesota","Steele County",3,5,480,249,231
050,27,147,"Minnesota","Steele County",3,6,515,262,253
050,27,147,"Minnesota","Steele County",3,7,549,270,279
050,27,147,"Minnesota","Steele County",3,8,526,243,283
050,27,147,"Minnesota","Steele County",3,9,512,258,254
050,27,147,"Minnesota","Steele County",3,10,522,262,260
050,27,147,"Minnesota","Steele County",3,11,547,265,282
050,27,147,"Minnesota","Steele County",3,12,571,274,297
050,27,147,"Minnesota","Steele County",3,13,597,296,301
050,27,147,"Minnesota","Steele County",3,14,575,283,292
050,27,147,"Minnesota","Steele County",3,15,583,301,282
050,27,147,"Minnesota","Steele County",3,16,561,287,274
050,27,147,"Minnesota","Steele County",3,17,587,301,286
050,27,147,"Minnesota","Steele County",3,18,491,263,228
050,27,147,"Minnesota","Steele County",3,19,378,201,177
050,27,147,"Minnesota","Steele County",3,20,385,209,176
050,27,147,"Minnesota","Steele County",3,21,396,202,194
050,27,147,"Minnesota","Steele County",3,22,393,200,193
050,27,147,"Minnesota","Steele County",3,23,408,213,195
050,27,147,"Minnesota","Steele County",3,24,379,200,179
050,27,147,"Minnesota","Steele County",3,25,419,212,207
050,27,147,"Minnesota","Steele County",3,26,410,216,194
050,27,147,"Minnesota","Steele County",3,27,413,217,196
050,27,147,"Minnesota","Steele County",3,28,406,214,192
050,27,147,"Minnesota","Steele County",3,29,402,213,189
050,27,147,"Minnesota","Steele County",3,30,405,216,189
050,27,147,"Minnesota","Steele County",3,31,435,221,214
050,27,147,"Minnesota","Steele County",3,32,431,220,211
050,27,147,"Minnesota","Steele County",3,33,453,237,216
050,27,147,"Minnesota","Steele County",3,34,433,220,213
050,27,147,"Minnesota","Steele County",3,35,472,249,223
050,27,147,"Minnesota","Steele County",3,36,516,275,241
050,27,147,"Minnesota","Steele County",3,37,515,262,253
050,27,147,"Minnesota","Steele County",3,38,507,244,263
050,27,147,"Minnesota","Steele County",3,39,489,247,242
050,27,147,"Minnesota","Steele County",3,40,494,263,231
050,27,147,"Minnesota","Steele County",3,41,473,251,222
050,27,147,"Minnesota","Steele County",3,42,431,220,211
050,27,147,"Minnesota","Steele County",3,43,426,206,220
050,27,147,"Minnesota","Steele County",3,44,429,201,228
050,27,147,"Minnesota","Steele County",3,45,429,197,232
050,27,147,"Minnesota","Steele County",3,46,433,211,222
050,27,147,"Minnesota","Steele County",3,47,402,212,190
050,27,147,"Minnesota","Steele County",3,48,394,213,181
050,27,147,"Minnesota","Steele County",3,49,446,244,202
050,27,147,"Minnesota","Steele County",3,50,469,260,209
050,27,147,"Minnesota","Steele County",3,51,474,246,228
050,27,147,"Minnesota","Steele County",3,52,483,241,242
050,27,147,"Minnesota","Steele County",3,53,459,241,218
050,27,147,"Minnesota","Steele County",3,54,463,235,228
050,27,147,"Minnesota","Steele County",3,55,489,243,246
050,27,147,"Minnesota","Steele County",3,56,490,256,234
050,27,147,"Minnesota","Steele County",3,57,504,258,246
050,27,147,"Minnesota","Steele County",3,58,516,266,250
050,27,147,"Minnesota","Steele County",3,59,525,265,260
050,27,147,"Minnesota","Steele County",3,60,541,276,265
050,27,147,"Minnesota","Steele County",3,61,532,258,274
050,27,147,"Minnesota","Steele County",3,62,486,237,249
050,27,147,"Minnesota","Steele County",3,63,450,227,223
050,27,147,"Minnesota","Steele County",3,64,450,227,223
050,27,147,"Minnesota","Steele County",3,65,439,222,217
050,27,147,"Minnesota","Steele County",3,66,444,213,231
050,27,147,"Minnesota","Steele County",3,67,463,234,229
050,27,147,"Minnesota","Steele County",3,68,467,231,236
050,27,147,"Minnesota","Steele County",3,69,421,211,210
050,27,147,"Minnesota","Steele County",3,70,385,192,193
050,27,147,"Minnesota","Steele County",3,71,363,185,178
050,27,147,"Minnesota","Steele County",3,72,332,165,167
050,27,147,"Minnesota","Steele County",3,73,307,144,163
050,27,147,"Minnesota","Steele County",3,74,328,146,182
050,27,147,"Minnesota","Steele County",3,75,252,113,139
050,27,147,"Minnesota","Steele County",3,76,248,119,129
050,27,147,"Minnesota","Steele County",3,77,230,107,123
050,27,147,"Minnesota","Steele County",3,78,234,112,122
050,27,147,"Minnesota","Steele County",3,79,197,89,108
050,27,147,"Minnesota","Steele County",3,80,198,91,107
050,27,147,"Minnesota","Steele County",3,81,191,79,112
050,27,147,"Minnesota","Steele County",3,82,184,84,100
050,27,147,"Minnesota","Steele County",3,83,166,66,100
050,27,147,"Minnesota","Steele County",3,84,147,57,90
050,27,147,"Minnesota","Steele County",3,85,989,361,628
050,27,147,"Minnesota","Steele County",4,0,432,232,200
050,27,147,"Minnesota","Steele County",4,1,413,193,220
050,27,147,"Minnesota","Steele County",4,2,410,194,216
050,27,147,"Minnesota","Steele County",4,3,423,220,203
050,27,147,"Minnesota","Steele County",4,4,449,227,222
050,27,147,"Minnesota","Steele County",4,5,454,244,210
050,27,147,"Minnesota","Steele County",4,6,477,261,216
050,27,147,"Minnesota","Steele County",4,7,512,266,246
050,27,147,"Minnesota","Steele County",4,8,557,279,278
050,27,147,"Minnesota","Steele County",4,9,537,255,282
050,27,147,"Minnesota","Steele County",4,10,524,266,258
050,27,147,"Minnesota","Steele County",4,11,517,258,259
050,27,147,"Minnesota","Steele County",4,12,527,252,275
050,27,147,"Minnesota","Steele County",4,13,562,266,296
050,27,147,"Minnesota","Steele County",4,14,587,290,297
050,27,147,"Minnesota","Steele County",4,15,569,275,294
050,27,147,"Minnesota","Steele County",4,16,578,288,290
050,27,147,"Minnesota","Steele County",4,17,571,301,270
050,27,147,"Minnesota","Steele County",4,18,504,268,236
050,27,147,"Minnesota","Steele County",4,19,394,213,181
050,27,147,"Minnesota","Steele County",4,20,391,204,187
050,27,147,"Minnesota","Steele County",4,21,376,205,171
050,27,147,"Minnesota","Steele County",4,22,415,214,201
050,27,147,"Minnesota","Steele County",4,23,407,211,196
050,27,147,"Minnesota","Steele County",4,24,430,226,204
050,27,147,"Minnesota","Steele County",4,25,386,200,186
050,27,147,"Minnesota","Steele County",4,26,413,207,206
050,27,147,"Minnesota","Steele County",4,27,416,216,200
050,27,147,"Minnesota","Steele County",4,28,419,231,188
050,27,147,"Minnesota","Steele County",4,29,433,224,209
050,27,147,"Minnesota","Steele County",4,30,408,208,200
050,27,147,"Minnesota","Steele County",4,31,403,219,184
050,27,147,"Minnesota","Steele County",4,32,439,223,216
050,27,147,"Minnesota","Steele County",4,33,432,225,207
050,27,147,"Minnesota","Steele County",4,34,452,221,231
050,27,147,"Minnesota","Steele County",4,35,427,222,205
050,27,147,"Minnesota","Steele County",4,36,465,244,221
050,27,147,"Minnesota","Steele County",4,37,520,279,241
050,27,147,"Minnesota","Steele County",4,38,517,258,259
050,27,147,"Minnesota","Steele County",4,39,511,244,267
050,27,147,"Minnesota","Steele County",4,40,473,238,235
050,27,147,"Minnesota","Steele County",4,41,491,259,232
050,27,147,"Minnesota","Steele County",4,42,473,249,224
050,27,147,"Minnesota","Steele County",4,43,414,211,203
050,27,147,"Minnesota","Steele County",4,44,444,214,230
050,27,147,"Minnesota","Steele County",4,45,418,196,222
050,27,147,"Minnesota","Steele County",4,46,431,199,232
050,27,147,"Minnesota","Steele County",4,47,425,206,219
050,27,147,"Minnesota","Steele County",4,48,399,213,186
050,27,147,"Minnesota","Steele County",4,49,398,215,183
050,27,147,"Minnesota","Steele County",4,50,437,237,200
050,27,147,"Minnesota","Steele County",4,51,461,251,210
050,27,147,"Minnesota","Steele County",4,52,462,240,222
050,27,147,"Minnesota","Steele County",4,53,488,247,241
050,27,147,"Minnesota","Steele County",4,54,449,236,213
050,27,147,"Minnesota","Steele County",4,55,463,235,228
050,27,147,"Minnesota","Steele County",4,56,492,250,242
050,27,147,"Minnesota","Steele County",4,57,482,248,234
050,27,147,"Minnesota","Steele County",4,58,504,259,245
050,27,147,"Minnesota","Steele County",4,59,515,263,252
050,27,147,"Minnesota","Steele County",4,60,512,265,247
050,27,147,"Minnesota","Steele County",4,61,533,272,261
050,27,147,"Minnesota","Steele County",4,62,519,252,267
050,27,147,"Minnesota","Steele County",4,63,491,237,254
050,27,147,"Minnesota","Steele County",4,64,453,226,227
050,27,147,"Minnesota","Steele County",4,65,438,222,216
050,27,147,"Minnesota","Steele County",4,66,438,217,221
050,27,147,"Minnesota","Steele County",4,67,440,212,228
050,27,147,"Minnesota","Steele County",4,68,460,231,229
050,27,147,"Minnesota","Steele County",4,69,456,224,232
050,27,147,"Minnesota","Steele County",4,70,432,208,224
050,27,147,"Minnesota","Steele County",4,71,383,191,192
050,27,147,"Minnesota","Steele County",4,72,363,183,180
050,27,147,"Minnesota","Steele County",4,73,332,167,165
050,27,147,"Minnesota","Steele County",4,74,292,134,158
050,27,147,"Minnesota","Steele County",4,75,308,134,174
050,27,147,"Minnesota","Steele County",4,76,243,108,135
050,27,147,"Minnesota","Steele County",4,77,237,118,119
050,27,147,"Minnesota","Steele County",4,78,238,114,124
050,27,147,"Minnesota","Steele County",4,79,216,100,116
050,27,147,"Minnesota","Steele County",4,80,197,87,110
050,27,147,"Minnesota","Steele County",4,81,197,89,108
050,27,147,"Minnesota","Steele County",4,82,181,82,99
050,27,147,"Minnesota","Steele County",4,83,164,71,93
050,27,147,"Minnesota","Steele County",4,84,152,57,95
050,27,147,"Minnesota","Steele County",4,85,978,358,620
050,27,147,"Minnesota","Steele County",5,0,429,229,200
050,27,147,"Minnesota","Steele County",5,1,453,236,217
050,27,147,"Minnesota","Steele County",5,2,421,199,222
050,27,147,"Minnesota","Steele County",5,3,424,203,221
050,27,147,"Minnesota","Steele County",5,4,424,221,203
050,27,147,"Minnesota","Steele County",5,5,444,222,222
050,27,147,"Minnesota","Steele County",5,6,465,249,216
050,27,147,"Minnesota","Steele County",5,7,482,264,218
050,27,147,"Minnesota","Steele County",5,8,505,265,240
050,27,147,"Minnesota","Steele County",5,9,554,274,280
050,27,147,"Minnesota","Steele County",5,10,535,254,281
050,27,147,"Minnesota","Steele County",5,11,512,259,253
050,27,147,"Minnesota","Steele County",5,12,507,252,255
050,27,147,"Minnesota","Steele County",5,13,541,272,269
050,27,147,"Minnesota","Steele County",5,14,557,268,289
050,27,147,"Minnesota","Steele County",5,15,578,288,290
050,27,147,"Minnesota","Steele County",5,16,569,274,295
050,27,147,"Minnesota","Steele County",5,17,584,305,279
050,27,147,"Minnesota","Steele County",5,18,478,254,224
050,27,147,"Minnesota","Steele County",5,19,409,216,193
050,27,147,"Minnesota","Steele County",5,20,411,220,191
050,27,147,"Minnesota","Steele County",5,21,407,210,197
050,27,147,"Minnesota","Steele County",5,22,413,216,197
050,27,147,"Minnesota","Steele County",5,23,457,235,222
050,27,147,"Minnesota","Steele County",5,24,430,230,200
050,27,147,"Minnesota","Steele County",5,25,447,237,210
050,27,147,"Minnesota","Steele County",5,26,398,194,204
050,27,147,"Minnesota","Steele County",5,27,391,187,204
050,27,147,"Minnesota","Steele County",5,28,401,209,192
050,27,147,"Minnesota","Steele County",5,29,430,232,198
050,27,147,"Minnesota","Steele County",5,30,435,218,217
050,27,147,"Minnesota","Steele County",5,31,408,206,202
050,27,147,"Minnesota","Steele County",5,32,418,234,184
050,27,147,"Minnesota","Steele County",5,33,446,232,214
050,27,147,"Minnesota","Steele County",5,34,429,217,212
050,27,147,"Minnesota","Steele County",5,35,451,218,233
050,27,147,"Minnesota","Steele County",5,36,428,223,205
050,27,147,"Minnesota","Steele County",5,37,454,239,215
050,27,147,"Minnesota","Steele County",5,38,516,274,242
050,27,147,"Minnesota","Steele County",5,39,519,264,255
050,27,147,"Minnesota","Steele County",5,40,505,238,267
050,27,147,"Minnesota","Steele County",5,41,474,238,236
050,27,147,"Minnesota","Steele County",5,42,492,258,234
050,27,147,"Minnesota","Steele County",5,43,460,244,216
050,27,147,"Minnesota","Steele County",5,44,415,208,207
050,27,147,"Minnesota","Steele County",5,45,437,210,227
050,27,147,"Minnesota","Steele County",5,46,427,198,229
050,27,147,"Minnesota","Steele County",5,47,429,197,232
050,27,147,"Minnesota","Steele County",5,48,415,208,207
050,27,147,"Minnesota","Steele County",5,49,398,213,185
050,27,147,"Minnesota","Steele County",5,50,398,215,183
050,27,147,"Minnesota","Steele County",5,51,430,227,203
050,27,147,"Minnesota","Steele County",5,52,458,246,212
050,27,147,"Minnesota","Steele County",5,53,460,239,221
050,27,147,"Minnesota","Steele County",5,54,478,241,237
050,27,147,"Minnesota","Steele County",5,55,443,237,206
050,27,147,"Minnesota","Steele County",5,56,450,228,222
050,27,147,"Minnesota","Steele County",5,57,475,241,234
050,27,147,"Minnesota","Steele County",5,58,485,250,235
050,27,147,"Minnesota","Steele County",5,59,518,267,251
050,27,147,"Minnesota","Steele County",5,60,503,262,241
050,27,147,"Minnesota","Steele County",5,61,503,257,246
050,27,147,"Minnesota","Steele County",5,62,516,264,252
050,27,147,"Minnesota","Steele County",5,63,515,246,269
050,27,147,"Minnesota","Steele County",5,64,493,237,256
050,27,147,"Minnesota","Steele County",5,65,432,215,217
050,27,147,"Minnesota","Steele County",5,66,436,216,220
050,27,147,"Minnesota","Steele County",5,67,437,215,222
050,27,147,"Minnesota","Steele County",5,68,435,211,224
050,27,147,"Minnesota","Steele County",5,69,442,219,223
050,27,147,"Minnesota","Steele County",5,70,458,221,237
050,27,147,"Minnesota","Steele County",5,71,426,208,218
050,27,147,"Minnesota","Steele County",5,72,382,190,192
050,27,147,"Minnesota","Steele County",5,73,368,183,185
050,27,147,"Minnesota","Steele County",5,74,315,157,158
050,27,147,"Minnesota","Steele County",5,75,282,126,156
050,27,147,"Minnesota","Steele County",5,76,292,127,165
050,27,147,"Minnesota","Steele County",5,77,232,101,131
050,27,147,"Minnesota","Steele County",5,78,242,123,119
050,27,147,"Minnesota","Steele County",5,79,225,105,120
050,27,147,"Minnesota","Steele County",5,80,211,95,116
050,27,147,"Minnesota","Steele County",5,81,201,86,115
050,27,147,"Minnesota","Steele County",5,82,187,93,94
050,27,147,"Minnesota","Steele County",5,83,163,71,92
050,27,147,"Minnesota","Steele County",5,84,148,60,88
050,27,147,"Minnesota","Steele County",5,85,970,354,616
050,27,149,"Minnesota","Stevens County",1,0,128,66,62
050,27,149,"Minnesota","Stevens County",1,1,138,70,68
050,27,149,"Minnesota","Stevens County",1,2,115,57,58
050,27,149,"Minnesota","Stevens County",1,3,114,58,56
050,27,149,"Minnesota","Stevens County",1,4,113,56,57
050,27,149,"Minnesota","Stevens County",1,5,116,54,62
050,27,149,"Minnesota","Stevens County",1,6,116,60,56
050,27,149,"Minnesota","Stevens County",1,7,130,75,55
050,27,149,"Minnesota","Stevens County",1,8,118,65,53
050,27,149,"Minnesota","Stevens County",1,9,111,55,56
050,27,149,"Minnesota","Stevens County",1,10,119,54,65
050,27,149,"Minnesota","Stevens County",1,11,125,65,60
050,27,149,"Minnesota","Stevens County",1,12,134,69,65
050,27,149,"Minnesota","Stevens County",1,13,132,66,66
050,27,149,"Minnesota","Stevens County",1,14,126,65,61
050,27,149,"Minnesota","Stevens County",1,15,115,57,58
050,27,149,"Minnesota","Stevens County",1,16,124,62,62
050,27,149,"Minnesota","Stevens County",1,17,113,60,53
050,27,149,"Minnesota","Stevens County",1,18,191,92,99
050,27,149,"Minnesota","Stevens County",1,19,365,166,199
050,27,149,"Minnesota","Stevens County",1,20,317,149,168
050,27,149,"Minnesota","Stevens County",1,21,283,136,147
050,27,149,"Minnesota","Stevens County",1,22,272,126,146
050,27,149,"Minnesota","Stevens County",1,23,146,88,58
050,27,149,"Minnesota","Stevens County",1,24,125,62,63
050,27,149,"Minnesota","Stevens County",1,25,121,73,48
050,27,149,"Minnesota","Stevens County",1,26,118,73,45
050,27,149,"Minnesota","Stevens County",1,27,116,72,44
050,27,149,"Minnesota","Stevens County",1,28,111,70,41
050,27,149,"Minnesota","Stevens County",1,29,108,59,49
050,27,149,"Minnesota","Stevens County",1,30,118,69,49
050,27,149,"Minnesota","Stevens County",1,31,111,54,57
050,27,149,"Minnesota","Stevens County",1,32,106,63,43
050,27,149,"Minnesota","Stevens County",1,33,113,70,43
050,27,149,"Minnesota","Stevens County",1,34,115,66,49
050,27,149,"Minnesota","Stevens County",1,35,102,55,47
050,27,149,"Minnesota","Stevens County",1,36,115,55,60
050,27,149,"Minnesota","Stevens County",1,37,128,68,60
050,27,149,"Minnesota","Stevens County",1,38,121,61,60
050,27,149,"Minnesota","Stevens County",1,39,125,67,58
050,27,149,"Minnesota","Stevens County",1,40,113,68,45
050,27,149,"Minnesota","Stevens County",1,41,100,60,40
050,27,149,"Minnesota","Stevens County",1,42,109,58,51
050,27,149,"Minnesota","Stevens County",1,43,117,72,45
050,27,149,"Minnesota","Stevens County",1,44,102,59,43
050,27,149,"Minnesota","Stevens County",1,45,79,44,35
050,27,149,"Minnesota","Stevens County",1,46,80,44,36
050,27,149,"Minnesota","Stevens County",1,47,86,43,43
050,27,149,"Minnesota","Stevens County",1,48,91,49,42
050,27,149,"Minnesota","Stevens County",1,49,87,40,47
050,27,149,"Minnesota","Stevens County",1,50,85,39,46
050,27,149,"Minnesota","Stevens County",1,51,82,41,41
050,27,149,"Minnesota","Stevens County",1,52,81,40,41
050,27,149,"Minnesota","Stevens County",1,53,88,46,42
050,27,149,"Minnesota","Stevens County",1,54,87,45,42
050,27,149,"Minnesota","Stevens County",1,55,85,41,44
050,27,149,"Minnesota","Stevens County",1,56,89,44,45
050,27,149,"Minnesota","Stevens County",1,57,116,62,54
050,27,149,"Minnesota","Stevens County",1,58,109,60,49
050,27,149,"Minnesota","Stevens County",1,59,95,49,46
050,27,149,"Minnesota","Stevens County",1,60,96,52,44
050,27,149,"Minnesota","Stevens County",1,61,113,55,58
050,27,149,"Minnesota","Stevens County",1,62,117,53,64
050,27,149,"Minnesota","Stevens County",1,63,106,54,52
050,27,149,"Minnesota","Stevens County",1,64,108,53,55
050,27,149,"Minnesota","Stevens County",1,65,94,49,45
050,27,149,"Minnesota","Stevens County",1,66,103,54,49
050,27,149,"Minnesota","Stevens County",1,67,103,56,47
050,27,149,"Minnesota","Stevens County",1,68,94,45,49
050,27,149,"Minnesota","Stevens County",1,69,105,49,56
050,27,149,"Minnesota","Stevens County",1,70,98,49,49
050,27,149,"Minnesota","Stevens County",1,71,85,38,47
050,27,149,"Minnesota","Stevens County",1,72,73,30,43
050,27,149,"Minnesota","Stevens County",1,73,83,39,44
050,27,149,"Minnesota","Stevens County",1,74,53,30,23
050,27,149,"Minnesota","Stevens County",1,75,46,23,23
050,27,149,"Minnesota","Stevens County",1,76,49,22,27
050,27,149,"Minnesota","Stevens County",1,77,54,23,31
050,27,149,"Minnesota","Stevens County",1,78,57,26,31
050,27,149,"Minnesota","Stevens County",1,79,50,24,26
050,27,149,"Minnesota","Stevens County",1,80,39,23,16
050,27,149,"Minnesota","Stevens County",1,81,40,20,20
050,27,149,"Minnesota","Stevens County",1,82,40,17,23
050,27,149,"Minnesota","Stevens County",1,83,35,11,24
050,27,149,"Minnesota","Stevens County",1,84,36,14,22
050,27,149,"Minnesota","Stevens County",1,85,302,103,199
050,27,149,"Minnesota","Stevens County",2,0,135,72,63
050,27,149,"Minnesota","Stevens County",2,1,134,69,65
050,27,149,"Minnesota","Stevens County",2,2,117,59,58
050,27,149,"Minnesota","Stevens County",2,3,114,57,57
050,27,149,"Minnesota","Stevens County",2,4,113,56,57
050,27,149,"Minnesota","Stevens County",2,5,116,54,62
050,27,149,"Minnesota","Stevens County",2,6,117,59,58
050,27,149,"Minnesota","Stevens County",2,7,125,70,55
050,27,149,"Minnesota","Stevens County",2,8,121,67,54
050,27,149,"Minnesota","Stevens County",2,9,114,58,56
050,27,149,"Minnesota","Stevens County",2,10,117,53,64
050,27,149,"Minnesota","Stevens County",2,11,121,61,60
050,27,149,"Minnesota","Stevens County",2,12,132,68,64
050,27,149,"Minnesota","Stevens County",2,13,133,68,65
050,27,149,"Minnesota","Stevens County",2,14,128,65,63
050,27,149,"Minnesota","Stevens County",2,15,117,58,59
050,27,149,"Minnesota","Stevens County",2,16,123,61,62
050,27,149,"Minnesota","Stevens County",2,17,117,62,55
050,27,149,"Minnesota","Stevens County",2,18,188,89,99
050,27,149,"Minnesota","Stevens County",2,19,365,165,200
050,27,149,"Minnesota","Stevens County",2,20,316,151,165
050,27,149,"Minnesota","Stevens County",2,21,284,136,148
050,27,149,"Minnesota","Stevens County",2,22,267,125,142
050,27,149,"Minnesota","Stevens County",2,23,148,88,60
050,27,149,"Minnesota","Stevens County",2,24,126,64,62
050,27,149,"Minnesota","Stevens County",2,25,121,69,52
050,27,149,"Minnesota","Stevens County",2,26,119,73,46
050,27,149,"Minnesota","Stevens County",2,27,116,73,43
050,27,149,"Minnesota","Stevens County",2,28,112,71,41
050,27,149,"Minnesota","Stevens County",2,29,110,63,47
050,27,149,"Minnesota","Stevens County",2,30,117,68,49
050,27,149,"Minnesota","Stevens County",2,31,112,56,56
050,27,149,"Minnesota","Stevens County",2,32,106,60,46
050,27,149,"Minnesota","Stevens County",2,33,111,68,43
050,27,149,"Minnesota","Stevens County",2,34,114,66,48
050,27,149,"Minnesota","Stevens County",2,35,102,56,46
050,27,149,"Minnesota","Stevens County",2,36,110,53,57
050,27,149,"Minnesota","Stevens County",2,37,128,66,62
050,27,149,"Minnesota","Stevens County",2,38,122,63,59
050,27,149,"Minnesota","Stevens County",2,39,124,66,58
050,27,149,"Minnesota","Stevens County",2,40,118,69,49
050,27,149,"Minnesota","Stevens County",2,41,101,61,40
050,27,149,"Minnesota","Stevens County",2,42,108,60,48
050,27,149,"Minnesota","Stevens County",2,43,114,67,47
050,27,149,"Minnesota","Stevens County",2,44,103,61,42
050,27,149,"Minnesota","Stevens County",2,45,85,49,36
050,27,149,"Minnesota","Stevens County",2,46,79,43,36
050,27,149,"Minnesota","Stevens County",2,47,83,42,41
050,27,149,"Minnesota","Stevens County",2,48,90,48,42
050,27,149,"Minnesota","Stevens County",2,49,87,41,46
050,27,149,"Minnesota","Stevens County",2,50,85,39,46
050,27,149,"Minnesota","Stevens County",2,51,80,39,41
050,27,149,"Minnesota","Stevens County",2,52,81,41,40
050,27,149,"Minnesota","Stevens County",2,53,85,44,41
050,27,149,"Minnesota","Stevens County",2,54,86,44,42
050,27,149,"Minnesota","Stevens County",2,55,85,42,43
050,27,149,"Minnesota","Stevens County",2,56,88,43,45
050,27,149,"Minnesota","Stevens County",2,57,110,58,52
050,27,149,"Minnesota","Stevens County",2,58,111,61,50
050,27,149,"Minnesota","Stevens County",2,59,98,51,47
050,27,149,"Minnesota","Stevens County",2,60,94,51,43
050,27,149,"Minnesota","Stevens County",2,61,108,54,54
050,27,149,"Minnesota","Stevens County",2,62,113,53,60
050,27,149,"Minnesota","Stevens County",2,63,109,54,55
050,27,149,"Minnesota","Stevens County",2,64,105,52,53
050,27,149,"Minnesota","Stevens County",2,65,96,49,47
050,27,149,"Minnesota","Stevens County",2,66,102,53,49
050,27,149,"Minnesota","Stevens County",2,67,103,55,48
050,27,149,"Minnesota","Stevens County",2,68,95,47,48
050,27,149,"Minnesota","Stevens County",2,69,104,49,55
050,27,149,"Minnesota","Stevens County",2,70,100,49,51
050,27,149,"Minnesota","Stevens County",2,71,89,40,49
050,27,149,"Minnesota","Stevens County",2,72,72,29,43
050,27,149,"Minnesota","Stevens County",2,73,85,39,46
050,27,149,"Minnesota","Stevens County",2,74,55,29,26
050,27,149,"Minnesota","Stevens County",2,75,48,25,23
050,27,149,"Minnesota","Stevens County",2,76,47,22,25
050,27,149,"Minnesota","Stevens County",2,77,53,23,30
050,27,149,"Minnesota","Stevens County",2,78,55,25,30
050,27,149,"Minnesota","Stevens County",2,79,53,25,28
050,27,149,"Minnesota","Stevens County",2,80,39,22,17
050,27,149,"Minnesota","Stevens County",2,81,40,20,20
050,27,149,"Minnesota","Stevens County",2,82,39,17,22
050,27,149,"Minnesota","Stevens County",2,83,34,12,22
050,27,149,"Minnesota","Stevens County",2,84,36,14,22
050,27,149,"Minnesota","Stevens County",2,85,303,103,200
050,27,149,"Minnesota","Stevens County",3,0,103,44,59
050,27,149,"Minnesota","Stevens County",3,1,138,70,68
050,27,149,"Minnesota","Stevens County",3,2,134,68,66
050,27,149,"Minnesota","Stevens County",3,3,116,57,59
050,27,149,"Minnesota","Stevens County",3,4,121,60,61
050,27,149,"Minnesota","Stevens County",3,5,106,55,51
050,27,149,"Minnesota","Stevens County",3,6,116,57,59
050,27,149,"Minnesota","Stevens County",3,7,118,63,55
050,27,149,"Minnesota","Stevens County",3,8,123,67,56
050,27,149,"Minnesota","Stevens County",3,9,124,68,56
050,27,149,"Minnesota","Stevens County",3,10,113,57,56
050,27,149,"Minnesota","Stevens County",3,11,114,54,60
050,27,149,"Minnesota","Stevens County",3,12,121,62,59
050,27,149,"Minnesota","Stevens County",3,13,135,71,64
050,27,149,"Minnesota","Stevens County",3,14,136,74,62
050,27,149,"Minnesota","Stevens County",3,15,126,64,62
050,27,149,"Minnesota","Stevens County",3,16,122,58,64
050,27,149,"Minnesota","Stevens County",3,17,125,64,61
050,27,149,"Minnesota","Stevens County",3,18,194,90,104
050,27,149,"Minnesota","Stevens County",3,19,368,163,205
050,27,149,"Minnesota","Stevens County",3,20,314,150,164
050,27,149,"Minnesota","Stevens County",3,21,293,141,152
050,27,149,"Minnesota","Stevens County",3,22,263,126,137
050,27,149,"Minnesota","Stevens County",3,23,149,90,59
050,27,149,"Minnesota","Stevens County",3,24,123,63,60
050,27,149,"Minnesota","Stevens County",3,25,113,59,54
050,27,149,"Minnesota","Stevens County",3,26,119,68,51
050,27,149,"Minnesota","Stevens County",3,27,112,70,42
050,27,149,"Minnesota","Stevens County",3,28,120,75,45
050,27,149,"Minnesota","Stevens County",3,29,117,71,46
050,27,149,"Minnesota","Stevens County",3,30,112,64,48
050,27,149,"Minnesota","Stevens County",3,31,123,69,54
050,27,149,"Minnesota","Stevens County",3,32,121,60,61
050,27,149,"Minnesota","Stevens County",3,33,110,65,45
050,27,149,"Minnesota","Stevens County",3,34,118,72,46
050,27,149,"Minnesota","Stevens County",3,35,117,68,49
050,27,149,"Minnesota","Stevens County",3,36,110,64,46
050,27,149,"Minnesota","Stevens County",3,37,119,59,60
050,27,149,"Minnesota","Stevens County",3,38,127,65,62
050,27,149,"Minnesota","Stevens County",3,39,120,60,60
050,27,149,"Minnesota","Stevens County",3,40,120,64,56
050,27,149,"Minnesota","Stevens County",3,41,111,64,47
050,27,149,"Minnesota","Stevens County",3,42,99,62,37
050,27,149,"Minnesota","Stevens County",3,43,103,55,48
050,27,149,"Minnesota","Stevens County",3,44,115,68,47
050,27,149,"Minnesota","Stevens County",3,45,101,61,40
050,27,149,"Minnesota","Stevens County",3,46,84,47,37
050,27,149,"Minnesota","Stevens County",3,47,79,43,36
050,27,149,"Minnesota","Stevens County",3,48,78,39,39
050,27,149,"Minnesota","Stevens County",3,49,87,46,41
050,27,149,"Minnesota","Stevens County",3,50,80,40,40
050,27,149,"Minnesota","Stevens County",3,51,83,39,44
050,27,149,"Minnesota","Stevens County",3,52,80,38,42
050,27,149,"Minnesota","Stevens County",3,53,81,42,39
050,27,149,"Minnesota","Stevens County",3,54,81,43,38
050,27,149,"Minnesota","Stevens County",3,55,84,44,40
050,27,149,"Minnesota","Stevens County",3,56,84,40,44
050,27,149,"Minnesota","Stevens County",3,57,86,44,42
050,27,149,"Minnesota","Stevens County",3,58,110,59,51
050,27,149,"Minnesota","Stevens County",3,59,103,53,50
050,27,149,"Minnesota","Stevens County",3,60,98,51,47
050,27,149,"Minnesota","Stevens County",3,61,95,49,46
050,27,149,"Minnesota","Stevens County",3,62,108,52,56
050,27,149,"Minnesota","Stevens County",3,63,107,52,55
050,27,149,"Minnesota","Stevens County",3,64,109,55,54
050,27,149,"Minnesota","Stevens County",3,65,103,50,53
050,27,149,"Minnesota","Stevens County",3,66,98,50,48
050,27,149,"Minnesota","Stevens County",3,67,100,52,48
050,27,149,"Minnesota","Stevens County",3,68,101,52,49
050,27,149,"Minnesota","Stevens County",3,69,94,46,48
050,27,149,"Minnesota","Stevens County",3,70,103,48,55
050,27,149,"Minnesota","Stevens County",3,71,95,46,49
050,27,149,"Minnesota","Stevens County",3,72,84,38,46
050,27,149,"Minnesota","Stevens County",3,73,72,29,43
050,27,149,"Minnesota","Stevens County",3,74,84,39,45
050,27,149,"Minnesota","Stevens County",3,75,53,27,26
050,27,149,"Minnesota","Stevens County",3,76,52,27,25
050,27,149,"Minnesota","Stevens County",3,77,44,21,23
050,27,149,"Minnesota","Stevens County",3,78,50,22,28
050,27,149,"Minnesota","Stevens County",3,79,57,24,33
050,27,149,"Minnesota","Stevens County",3,80,44,22,22
050,27,149,"Minnesota","Stevens County",3,81,42,21,21
050,27,149,"Minnesota","Stevens County",3,82,34,17,17
050,27,149,"Minnesota","Stevens County",3,83,35,17,18
050,27,149,"Minnesota","Stevens County",3,84,31,10,21
050,27,149,"Minnesota","Stevens County",3,85,294,98,196
050,27,149,"Minnesota","Stevens County",4,0,111,47,64
050,27,149,"Minnesota","Stevens County",4,1,110,48,62
050,27,149,"Minnesota","Stevens County",4,2,135,69,66
050,27,149,"Minnesota","Stevens County",4,3,131,64,67
050,27,149,"Minnesota","Stevens County",4,4,113,52,61
050,27,149,"Minnesota","Stevens County",4,5,119,60,59
050,27,149,"Minnesota","Stevens County",4,6,106,55,51
050,27,149,"Minnesota","Stevens County",4,7,111,54,57
050,27,149,"Minnesota","Stevens County",4,8,118,61,57
050,27,149,"Minnesota","Stevens County",4,9,123,68,55
050,27,149,"Minnesota","Stevens County",4,10,126,67,59
050,27,149,"Minnesota","Stevens County",4,11,109,56,53
050,27,149,"Minnesota","Stevens County",4,12,117,56,61
050,27,149,"Minnesota","Stevens County",4,13,126,63,63
050,27,149,"Minnesota","Stevens County",4,14,132,72,60
050,27,149,"Minnesota","Stevens County",4,15,140,75,65
050,27,149,"Minnesota","Stevens County",4,16,131,68,63
050,27,149,"Minnesota","Stevens County",4,17,121,58,63
050,27,149,"Minnesota","Stevens County",4,18,201,89,112
050,27,149,"Minnesota","Stevens County",4,19,370,162,208
050,27,149,"Minnesota","Stevens County",4,20,310,150,160
050,27,149,"Minnesota","Stevens County",4,21,293,139,154
050,27,149,"Minnesota","Stevens County",4,22,261,119,142
050,27,149,"Minnesota","Stevens County",4,23,140,93,47
050,27,149,"Minnesota","Stevens County",4,24,113,66,47
050,27,149,"Minnesota","Stevens County",4,25,97,51,46
050,27,149,"Minnesota","Stevens County",4,26,113,61,52
050,27,149,"Minnesota","Stevens County",4,27,111,64,47
050,27,149,"Minnesota","Stevens County",4,28,114,73,41
050,27,149,"Minnesota","Stevens County",4,29,122,77,45
050,27,149,"Minnesota","Stevens County",4,30,104,66,38
050,27,149,"Minnesota","Stevens County",4,31,108,57,51
050,27,149,"Minnesota","Stevens County",4,32,120,63,57
050,27,149,"Minnesota","Stevens County",4,33,121,64,57
050,27,149,"Minnesota","Stevens County",4,34,110,63,47
050,27,149,"Minnesota","Stevens County",4,35,115,73,42
050,27,149,"Minnesota","Stevens County",4,36,119,72,47
050,27,149,"Minnesota","Stevens County",4,37,106,60,46
050,27,149,"Minnesota","Stevens County",4,38,120,63,57
050,27,149,"Minnesota","Stevens County",4,39,129,68,61
050,27,149,"Minnesota","Stevens County",4,40,120,58,62
050,27,149,"Minnesota","Stevens County",4,41,117,62,55
050,27,149,"Minnesota","Stevens County",4,42,118,66,52
050,27,149,"Minnesota","Stevens County",4,43,90,55,35
050,27,149,"Minnesota","Stevens County",4,44,100,53,47
050,27,149,"Minnesota","Stevens County",4,45,114,69,45
050,27,149,"Minnesota","Stevens County",4,46,100,61,39
050,27,149,"Minnesota","Stevens County",4,47,81,47,34
050,27,149,"Minnesota","Stevens County",4,48,83,47,36
050,27,149,"Minnesota","Stevens County",4,49,79,39,40
050,27,149,"Minnesota","Stevens County",4,50,88,48,40
050,27,149,"Minnesota","Stevens County",4,51,75,37,38
050,27,149,"Minnesota","Stevens County",4,52,87,42,45
050,27,149,"Minnesota","Stevens County",4,53,78,39,39
050,27,149,"Minnesota","Stevens County",4,54,82,41,41
050,27,149,"Minnesota","Stevens County",4,55,78,42,36
050,27,149,"Minnesota","Stevens County",4,56,80,41,39
050,27,149,"Minnesota","Stevens County",4,57,86,41,45
050,27,149,"Minnesota","Stevens County",4,58,83,42,41
050,27,149,"Minnesota","Stevens County",4,59,103,58,45
050,27,149,"Minnesota","Stevens County",4,60,99,51,48
050,27,149,"Minnesota","Stevens County",4,61,93,48,45
050,27,149,"Minnesota","Stevens County",4,62,92,46,46
050,27,149,"Minnesota","Stevens County",4,63,109,52,57
050,27,149,"Minnesota","Stevens County",4,64,103,50,53
050,27,149,"Minnesota","Stevens County",4,65,103,51,52
050,27,149,"Minnesota","Stevens County",4,66,103,48,55
050,27,149,"Minnesota","Stevens County",4,67,94,46,48
050,27,149,"Minnesota","Stevens County",4,68,100,53,47
050,27,149,"Minnesota","Stevens County",4,69,101,50,51
050,27,149,"Minnesota","Stevens County",4,70,94,45,49
050,27,149,"Minnesota","Stevens County",4,71,100,46,54
050,27,149,"Minnesota","Stevens County",4,72,92,46,46
050,27,149,"Minnesota","Stevens County",4,73,85,38,47
050,27,149,"Minnesota","Stevens County",4,74,73,30,43
050,27,149,"Minnesota","Stevens County",4,75,82,40,42
050,27,149,"Minnesota","Stevens County",4,76,56,28,28
050,27,149,"Minnesota","Stevens County",4,77,52,27,25
050,27,149,"Minnesota","Stevens County",4,78,42,22,20
050,27,149,"Minnesota","Stevens County",4,79,51,21,30
050,27,149,"Minnesota","Stevens County",4,80,44,18,26
050,27,149,"Minnesota","Stevens County",4,81,46,22,24
050,27,149,"Minnesota","Stevens County",4,82,38,20,18
050,27,149,"Minnesota","Stevens County",4,83,31,17,14
050,27,149,"Minnesota","Stevens County",4,84,34,17,17
050,27,149,"Minnesota","Stevens County",4,85,280,90,190
050,27,149,"Minnesota","Stevens County",5,0,109,45,64
050,27,149,"Minnesota","Stevens County",5,1,119,54,65
050,27,149,"Minnesota","Stevens County",5,2,115,53,62
050,27,149,"Minnesota","Stevens County",5,3,135,69,66
050,27,149,"Minnesota","Stevens County",5,4,123,60,63
050,27,149,"Minnesota","Stevens County",5,5,126,56,70
050,27,149,"Minnesota","Stevens County",5,6,116,55,61
050,27,149,"Minnesota","Stevens County",5,7,101,52,49
050,27,149,"Minnesota","Stevens County",5,8,117,56,61
050,27,149,"Minnesota","Stevens County",5,9,116,62,54
050,27,149,"Minnesota","Stevens County",5,10,130,70,60
050,27,149,"Minnesota","Stevens County",5,11,124,71,53
050,27,149,"Minnesota","Stevens County",5,12,117,61,56
050,27,149,"Minnesota","Stevens County",5,13,114,52,62
050,27,149,"Minnesota","Stevens County",5,14,130,64,66
050,27,149,"Minnesota","Stevens County",5,15,132,72,60
050,27,149,"Minnesota","Stevens County",5,16,138,77,61
050,27,149,"Minnesota","Stevens County",5,17,124,68,56
050,27,149,"Minnesota","Stevens County",5,18,196,85,111
050,27,149,"Minnesota","Stevens County",5,19,394,169,225
050,27,149,"Minnesota","Stevens County",5,20,327,153,174
050,27,149,"Minnesota","Stevens County",5,21,289,133,156
050,27,149,"Minnesota","Stevens County",5,22,266,128,138
050,27,149,"Minnesota","Stevens County",5,23,139,88,51
050,27,149,"Minnesota","Stevens County",5,24,118,72,46
050,27,149,"Minnesota","Stevens County",5,25,100,61,39
050,27,149,"Minnesota","Stevens County",5,26,102,52,50
050,27,149,"Minnesota","Stevens County",5,27,108,65,43
050,27,149,"Minnesota","Stevens County",5,28,107,68,39
050,27,149,"Minnesota","Stevens County",5,29,117,72,45
050,27,149,"Minnesota","Stevens County",5,30,124,81,43
050,27,149,"Minnesota","Stevens County",5,31,112,70,42
050,27,149,"Minnesota","Stevens County",5,32,117,60,57
050,27,149,"Minnesota","Stevens County",5,33,127,70,57
050,27,149,"Minnesota","Stevens County",5,34,123,65,58
050,27,149,"Minnesota","Stevens County",5,35,124,79,45
050,27,149,"Minnesota","Stevens County",5,36,114,70,44
050,27,149,"Minnesota","Stevens County",5,37,132,80,52
050,27,149,"Minnesota","Stevens County",5,38,107,62,45
050,27,149,"Minnesota","Stevens County",5,39,116,60,56
050,27,149,"Minnesota","Stevens County",5,40,133,77,56
050,27,149,"Minnesota","Stevens County",5,41,128,63,65
050,27,149,"Minnesota","Stevens County",5,42,123,63,60
050,27,149,"Minnesota","Stevens County",5,43,113,62,51
050,27,149,"Minnesota","Stevens County",5,44,90,56,34
050,27,149,"Minnesota","Stevens County",5,45,102,54,48
050,27,149,"Minnesota","Stevens County",5,46,111,67,44
050,27,149,"Minnesota","Stevens County",5,47,107,65,42
050,27,149,"Minnesota","Stevens County",5,48,85,50,35
050,27,149,"Minnesota","Stevens County",5,49,83,48,35
050,27,149,"Minnesota","Stevens County",5,50,75,41,34
050,27,149,"Minnesota","Stevens County",5,51,87,47,40
050,27,149,"Minnesota","Stevens County",5,52,74,37,37
050,27,149,"Minnesota","Stevens County",5,53,83,40,43
050,27,149,"Minnesota","Stevens County",5,54,77,40,37
050,27,149,"Minnesota","Stevens County",5,55,78,40,38
050,27,149,"Minnesota","Stevens County",5,56,74,37,37
050,27,149,"Minnesota","Stevens County",5,57,81,43,38
050,27,149,"Minnesota","Stevens County",5,58,87,43,44
050,27,149,"Minnesota","Stevens County",5,59,79,39,40
050,27,149,"Minnesota","Stevens County",5,60,102,56,46
050,27,149,"Minnesota","Stevens County",5,61,95,50,45
050,27,149,"Minnesota","Stevens County",5,62,88,46,42
050,27,149,"Minnesota","Stevens County",5,63,87,45,42
050,27,149,"Minnesota","Stevens County",5,64,107,50,57
050,27,149,"Minnesota","Stevens County",5,65,99,47,52
050,27,149,"Minnesota","Stevens County",5,66,102,50,52
050,27,149,"Minnesota","Stevens County",5,67,102,47,55
050,27,149,"Minnesota","Stevens County",5,68,94,45,49
050,27,149,"Minnesota","Stevens County",5,69,99,52,47
050,27,149,"Minnesota","Stevens County",5,70,102,51,51
050,27,149,"Minnesota","Stevens County",5,71,87,41,46
050,27,149,"Minnesota","Stevens County",5,72,96,45,51
050,27,149,"Minnesota","Stevens County",5,73,94,46,48
050,27,149,"Minnesota","Stevens County",5,74,85,38,47
050,27,149,"Minnesota","Stevens County",5,75,72,30,42
050,27,149,"Minnesota","Stevens County",5,76,85,41,44
050,27,149,"Minnesota","Stevens County",5,77,52,27,25
050,27,149,"Minnesota","Stevens County",5,78,53,29,24
050,27,149,"Minnesota","Stevens County",5,79,44,21,23
050,27,149,"Minnesota","Stevens County",5,80,42,17,25
050,27,149,"Minnesota","Stevens County",5,81,47,19,28
050,27,149,"Minnesota","Stevens County",5,82,44,21,23
050,27,149,"Minnesota","Stevens County",5,83,34,18,16
050,27,149,"Minnesota","Stevens County",5,84,29,17,12
050,27,149,"Minnesota","Stevens County",5,85,272,91,181
050,27,151,"Minnesota","Swift County",1,0,117,61,56
050,27,151,"Minnesota","Swift County",1,1,114,54,60
050,27,151,"Minnesota","Swift County",1,2,130,57,73
050,27,151,"Minnesota","Swift County",1,3,134,71,63
050,27,151,"Minnesota","Swift County",1,4,124,60,64
050,27,151,"Minnesota","Swift County",1,5,109,49,60
050,27,151,"Minnesota","Swift County",1,6,121,61,60
050,27,151,"Minnesota","Swift County",1,7,116,55,61
050,27,151,"Minnesota","Swift County",1,8,134,70,64
050,27,151,"Minnesota","Swift County",1,9,131,71,60
050,27,151,"Minnesota","Swift County",1,10,124,69,55
050,27,151,"Minnesota","Swift County",1,11,126,61,65
050,27,151,"Minnesota","Swift County",1,12,126,66,60
050,27,151,"Minnesota","Swift County",1,13,137,71,66
050,27,151,"Minnesota","Swift County",1,14,120,72,48
050,27,151,"Minnesota","Swift County",1,15,132,73,59
050,27,151,"Minnesota","Swift County",1,16,140,66,74
050,27,151,"Minnesota","Swift County",1,17,134,66,68
050,27,151,"Minnesota","Swift County",1,18,114,59,55
050,27,151,"Minnesota","Swift County",1,19,78,42,36
050,27,151,"Minnesota","Swift County",1,20,83,40,43
050,27,151,"Minnesota","Swift County",1,21,94,45,49
050,27,151,"Minnesota","Swift County",1,22,90,46,44
050,27,151,"Minnesota","Swift County",1,23,100,58,42
050,27,151,"Minnesota","Swift County",1,24,100,49,51
050,27,151,"Minnesota","Swift County",1,25,109,51,58
050,27,151,"Minnesota","Swift County",1,26,102,50,52
050,27,151,"Minnesota","Swift County",1,27,95,46,49
050,27,151,"Minnesota","Swift County",1,28,108,58,50
050,27,151,"Minnesota","Swift County",1,29,104,51,53
050,27,151,"Minnesota","Swift County",1,30,98,56,42
050,27,151,"Minnesota","Swift County",1,31,102,61,41
050,27,151,"Minnesota","Swift County",1,32,115,65,50
050,27,151,"Minnesota","Swift County",1,33,113,64,49
050,27,151,"Minnesota","Swift County",1,34,97,49,48
050,27,151,"Minnesota","Swift County",1,35,101,55,46
050,27,151,"Minnesota","Swift County",1,36,104,57,47
050,27,151,"Minnesota","Swift County",1,37,122,71,51
050,27,151,"Minnesota","Swift County",1,38,137,70,67
050,27,151,"Minnesota","Swift County",1,39,139,68,71
050,27,151,"Minnesota","Swift County",1,40,133,69,64
050,27,151,"Minnesota","Swift County",1,41,116,70,46
050,27,151,"Minnesota","Swift County",1,42,112,57,55
050,27,151,"Minnesota","Swift County",1,43,103,57,46
050,27,151,"Minnesota","Swift County",1,44,97,57,40
050,27,151,"Minnesota","Swift County",1,45,81,44,37
050,27,151,"Minnesota","Swift County",1,46,91,45,46
050,27,151,"Minnesota","Swift County",1,47,107,55,52
050,27,151,"Minnesota","Swift County",1,48,103,53,50
050,27,151,"Minnesota","Swift County",1,49,108,54,54
050,27,151,"Minnesota","Swift County",1,50,104,62,42
050,27,151,"Minnesota","Swift County",1,51,120,68,52
050,27,151,"Minnesota","Swift County",1,52,115,60,55
050,27,151,"Minnesota","Swift County",1,53,110,59,51
050,27,151,"Minnesota","Swift County",1,54,123,65,58
050,27,151,"Minnesota","Swift County",1,55,143,76,67
050,27,151,"Minnesota","Swift County",1,56,136,76,60
050,27,151,"Minnesota","Swift County",1,57,133,71,62
050,27,151,"Minnesota","Swift County",1,58,133,67,66
050,27,151,"Minnesota","Swift County",1,59,142,73,69
050,27,151,"Minnesota","Swift County",1,60,149,83,66
050,27,151,"Minnesota","Swift County",1,61,148,84,64
050,27,151,"Minnesota","Swift County",1,62,145,72,73
050,27,151,"Minnesota","Swift County",1,63,142,73,69
050,27,151,"Minnesota","Swift County",1,64,142,79,63
050,27,151,"Minnesota","Swift County",1,65,142,85,57
050,27,151,"Minnesota","Swift County",1,66,125,67,58
050,27,151,"Minnesota","Swift County",1,67,119,61,58
050,27,151,"Minnesota","Swift County",1,68,117,58,59
050,27,151,"Minnesota","Swift County",1,69,112,65,47
050,27,151,"Minnesota","Swift County",1,70,116,58,58
050,27,151,"Minnesota","Swift County",1,71,109,53,56
050,27,151,"Minnesota","Swift County",1,72,110,55,55
050,27,151,"Minnesota","Swift County",1,73,111,54,57
050,27,151,"Minnesota","Swift County",1,74,73,35,38
050,27,151,"Minnesota","Swift County",1,75,74,37,37
050,27,151,"Minnesota","Swift County",1,76,80,31,49
050,27,151,"Minnesota","Swift County",1,77,75,33,42
050,27,151,"Minnesota","Swift County",1,78,72,33,39
050,27,151,"Minnesota","Swift County",1,79,67,30,37
050,27,151,"Minnesota","Swift County",1,80,64,21,43
050,27,151,"Minnesota","Swift County",1,81,63,23,40
050,27,151,"Minnesota","Swift County",1,82,53,21,32
050,27,151,"Minnesota","Swift County",1,83,58,24,34
050,27,151,"Minnesota","Swift County",1,84,65,25,40
050,27,151,"Minnesota","Swift County",1,85,415,125,290
050,27,151,"Minnesota","Swift County",2,0,121,64,57
050,27,151,"Minnesota","Swift County",2,1,114,55,59
050,27,151,"Minnesota","Swift County",2,2,126,57,69
050,27,151,"Minnesota","Swift County",2,3,128,66,62
050,27,151,"Minnesota","Swift County",2,4,125,60,65
050,27,151,"Minnesota","Swift County",2,5,114,52,62
050,27,151,"Minnesota","Swift County",2,6,117,58,59
050,27,151,"Minnesota","Swift County",2,7,115,54,61
050,27,151,"Minnesota","Swift County",2,8,129,65,64
050,27,151,"Minnesota","Swift County",2,9,129,69,60
050,27,151,"Minnesota","Swift County",2,10,124,68,56
050,27,151,"Minnesota","Swift County",2,11,125,62,63
050,27,151,"Minnesota","Swift County",2,12,125,64,61
050,27,151,"Minnesota","Swift County",2,13,135,71,64
050,27,151,"Minnesota","Swift County",2,14,124,73,51
050,27,151,"Minnesota","Swift County",2,15,129,73,56
050,27,151,"Minnesota","Swift County",2,16,140,68,72
050,27,151,"Minnesota","Swift County",2,17,135,66,69
050,27,151,"Minnesota","Swift County",2,18,114,58,56
050,27,151,"Minnesota","Swift County",2,19,82,43,39
050,27,151,"Minnesota","Swift County",2,20,85,42,43
050,27,151,"Minnesota","Swift County",2,21,91,43,48
050,27,151,"Minnesota","Swift County",2,22,91,45,46
050,27,151,"Minnesota","Swift County",2,23,99,56,43
050,27,151,"Minnesota","Swift County",2,24,103,53,50
050,27,151,"Minnesota","Swift County",2,25,110,52,58
050,27,151,"Minnesota","Swift County",2,26,104,50,54
050,27,151,"Minnesota","Swift County",2,27,97,48,49
050,27,151,"Minnesota","Swift County",2,28,105,56,49
050,27,151,"Minnesota","Swift County",2,29,104,53,51
050,27,151,"Minnesota","Swift County",2,30,99,55,44
050,27,151,"Minnesota","Swift County",2,31,102,61,41
050,27,151,"Minnesota","Swift County",2,32,112,64,48
050,27,151,"Minnesota","Swift County",2,33,111,63,48
050,27,151,"Minnesota","Swift County",2,34,101,53,48
050,27,151,"Minnesota","Swift County",2,35,100,54,46
050,27,151,"Minnesota","Swift County",2,36,102,55,47
050,27,151,"Minnesota","Swift County",2,37,118,68,50
050,27,151,"Minnesota","Swift County",2,38,134,71,63
050,27,151,"Minnesota","Swift County",2,39,137,68,69
050,27,151,"Minnesota","Swift County",2,40,134,69,65
050,27,151,"Minnesota","Swift County",2,41,120,71,49
050,27,151,"Minnesota","Swift County",2,42,110,58,52
050,27,151,"Minnesota","Swift County",2,43,106,57,49
050,27,151,"Minnesota","Swift County",2,44,97,57,40
050,27,151,"Minnesota","Swift County",2,45,84,47,37
050,27,151,"Minnesota","Swift County",2,46,89,45,44
050,27,151,"Minnesota","Swift County",2,47,101,51,50
050,27,151,"Minnesota","Swift County",2,48,104,54,50
050,27,151,"Minnesota","Swift County",2,49,108,54,54
050,27,151,"Minnesota","Swift County",2,50,104,60,44
050,27,151,"Minnesota","Swift County",2,51,115,66,49
050,27,151,"Minnesota","Swift County",2,52,116,62,54
050,27,151,"Minnesota","Swift County",2,53,109,58,51
050,27,151,"Minnesota","Swift County",2,54,120,63,57
050,27,151,"Minnesota","Swift County",2,55,139,73,66
050,27,151,"Minnesota","Swift County",2,56,137,76,61
050,27,151,"Minnesota","Swift County",2,57,134,72,62
050,27,151,"Minnesota","Swift County",2,58,131,67,64
050,27,151,"Minnesota","Swift County",2,59,141,72,69
050,27,151,"Minnesota","Swift County",2,60,145,79,66
050,27,151,"Minnesota","Swift County",2,61,147,83,64
050,27,151,"Minnesota","Swift County",2,62,147,76,71
050,27,151,"Minnesota","Swift County",2,63,142,72,70
050,27,151,"Minnesota","Swift County",2,64,140,76,64
050,27,151,"Minnesota","Swift County",2,65,140,83,57
050,27,151,"Minnesota","Swift County",2,66,129,71,58
050,27,151,"Minnesota","Swift County",2,67,120,63,57
050,27,151,"Minnesota","Swift County",2,68,116,58,58
050,27,151,"Minnesota","Swift County",2,69,112,64,48
050,27,151,"Minnesota","Swift County",2,70,114,59,55
050,27,151,"Minnesota","Swift County",2,71,111,55,56
050,27,151,"Minnesota","Swift County",2,72,108,53,55
050,27,151,"Minnesota","Swift County",2,73,115,56,59
050,27,151,"Minnesota","Swift County",2,74,76,36,40
050,27,151,"Minnesota","Swift County",2,75,73,36,37
050,27,151,"Minnesota","Swift County",2,76,78,32,46
050,27,151,"Minnesota","Swift County",2,77,76,32,44
050,27,151,"Minnesota","Swift County",2,78,72,33,39
050,27,151,"Minnesota","Swift County",2,79,68,30,38
050,27,151,"Minnesota","Swift County",2,80,64,23,41
050,27,151,"Minnesota","Swift County",2,81,64,23,41
050,27,151,"Minnesota","Swift County",2,82,54,21,33
050,27,151,"Minnesota","Swift County",2,83,56,23,33
050,27,151,"Minnesota","Swift County",2,84,62,22,40
050,27,151,"Minnesota","Swift County",2,85,416,127,289
050,27,151,"Minnesota","Swift County",3,0,110,48,62
050,27,151,"Minnesota","Swift County",3,1,122,54,68
050,27,151,"Minnesota","Swift County",3,2,113,54,59
050,27,151,"Minnesota","Swift County",3,3,123,54,69
050,27,151,"Minnesota","Swift County",3,4,127,66,61
050,27,151,"Minnesota","Swift County",3,5,132,62,70
050,27,151,"Minnesota","Swift County",3,6,114,52,62
050,27,151,"Minnesota","Swift County",3,7,112,55,57
050,27,151,"Minnesota","Swift County",3,8,115,54,61
050,27,151,"Minnesota","Swift County",3,9,132,65,67
050,27,151,"Minnesota","Swift County",3,10,134,72,62
050,27,151,"Minnesota","Swift County",3,11,120,62,58
050,27,151,"Minnesota","Swift County",3,12,124,66,58
050,27,151,"Minnesota","Swift County",3,13,131,70,61
050,27,151,"Minnesota","Swift County",3,14,136,69,67
050,27,151,"Minnesota","Swift County",3,15,130,72,58
050,27,151,"Minnesota","Swift County",3,16,130,76,54
050,27,151,"Minnesota","Swift County",3,17,140,71,69
050,27,151,"Minnesota","Swift County",3,18,117,60,57
050,27,151,"Minnesota","Swift County",3,19,92,46,46
050,27,151,"Minnesota","Swift County",3,20,91,45,46
050,27,151,"Minnesota","Swift County",3,21,91,46,45
050,27,151,"Minnesota","Swift County",3,22,95,47,48
050,27,151,"Minnesota","Swift County",3,23,89,48,41
050,27,151,"Minnesota","Swift County",3,24,97,57,40
050,27,151,"Minnesota","Swift County",3,25,95,46,49
050,27,151,"Minnesota","Swift County",3,26,110,51,59
050,27,151,"Minnesota","Swift County",3,27,100,49,51
050,27,151,"Minnesota","Swift County",3,28,93,45,48
050,27,151,"Minnesota","Swift County",3,29,110,59,51
050,27,151,"Minnesota","Swift County",3,30,96,47,49
050,27,151,"Minnesota","Swift County",3,31,94,52,42
050,27,151,"Minnesota","Swift County",3,32,108,61,47
050,27,151,"Minnesota","Swift County",3,33,119,68,51
050,27,151,"Minnesota","Swift County",3,34,115,68,47
050,27,151,"Minnesota","Swift County",3,35,100,53,47
050,27,151,"Minnesota","Swift County",3,36,107,57,50
050,27,151,"Minnesota","Swift County",3,37,98,48,50
050,27,151,"Minnesota","Swift County",3,38,120,68,52
050,27,151,"Minnesota","Swift County",3,39,136,77,59
050,27,151,"Minnesota","Swift County",3,40,141,67,74
050,27,151,"Minnesota","Swift County",3,41,137,76,61
050,27,151,"Minnesota","Swift County",3,42,112,63,49
050,27,151,"Minnesota","Swift County",3,43,108,57,51
050,27,151,"Minnesota","Swift County",3,44,109,59,50
050,27,151,"Minnesota","Swift County",3,45,104,59,45
050,27,151,"Minnesota","Swift County",3,46,85,46,39
050,27,151,"Minnesota","Swift County",3,47,89,44,45
050,27,151,"Minnesota","Swift County",3,48,106,54,52
050,27,151,"Minnesota","Swift County",3,49,101,51,50
050,27,151,"Minnesota","Swift County",3,50,108,53,55
050,27,151,"Minnesota","Swift County",3,51,98,56,42
050,27,151,"Minnesota","Swift County",3,52,116,66,50
050,27,151,"Minnesota","Swift County",3,53,122,64,58
050,27,151,"Minnesota","Swift County",3,54,112,59,53
050,27,151,"Minnesota","Swift County",3,55,116,61,55
050,27,151,"Minnesota","Swift County",3,56,139,73,66
050,27,151,"Minnesota","Swift County",3,57,140,75,65
050,27,151,"Minnesota","Swift County",3,58,134,73,61
050,27,151,"Minnesota","Swift County",3,59,133,69,64
050,27,151,"Minnesota","Swift County",3,60,135,69,66
050,27,151,"Minnesota","Swift County",3,61,140,73,67
050,27,151,"Minnesota","Swift County",3,62,148,86,62
050,27,151,"Minnesota","Swift County",3,63,139,75,64
050,27,151,"Minnesota","Swift County",3,64,143,73,70
050,27,151,"Minnesota","Swift County",3,65,136,73,63
050,27,151,"Minnesota","Swift County",3,66,133,80,53
050,27,151,"Minnesota","Swift County",3,67,124,72,52
050,27,151,"Minnesota","Swift County",3,68,122,60,62
050,27,151,"Minnesota","Swift County",3,69,110,56,54
050,27,151,"Minnesota","Swift County",3,70,106,62,44
050,27,151,"Minnesota","Swift County",3,71,109,58,51
050,27,151,"Minnesota","Swift County",3,72,105,52,53
050,27,151,"Minnesota","Swift County",3,73,105,50,55
050,27,151,"Minnesota","Swift County",3,74,113,55,58
050,27,151,"Minnesota","Swift County",3,75,73,34,39
050,27,151,"Minnesota","Swift County",3,76,74,35,39
050,27,151,"Minnesota","Swift County",3,77,72,28,44
050,27,151,"Minnesota","Swift County",3,78,81,35,46
050,27,151,"Minnesota","Swift County",3,79,70,31,39
050,27,151,"Minnesota","Swift County",3,80,60,26,34
050,27,151,"Minnesota","Swift County",3,81,66,23,43
050,27,151,"Minnesota","Swift County",3,82,60,24,36
050,27,151,"Minnesota","Swift County",3,83,54,24,30
050,27,151,"Minnesota","Swift County",3,84,56,19,37
050,27,151,"Minnesota","Swift County",3,85,420,132,288
050,27,151,"Minnesota","Swift County",4,0,111,47,64
050,27,151,"Minnesota","Swift County",4,1,113,53,60
050,27,151,"Minnesota","Swift County",4,2,117,51,66
050,27,151,"Minnesota","Swift County",4,3,106,50,56
050,27,151,"Minnesota","Swift County",4,4,134,60,74
050,27,151,"Minnesota","Swift County",4,5,127,65,62
050,27,151,"Minnesota","Swift County",4,6,135,64,71
050,27,151,"Minnesota","Swift County",4,7,117,54,63
050,27,151,"Minnesota","Swift County",4,8,107,51,56
050,27,151,"Minnesota","Swift County",4,9,121,56,65
050,27,151,"Minnesota","Swift County",4,10,128,66,62
050,27,151,"Minnesota","Swift County",4,11,130,68,62
050,27,151,"Minnesota","Swift County",4,12,118,60,58
050,27,151,"Minnesota","Swift County",4,13,121,63,58
050,27,151,"Minnesota","Swift County",4,14,137,76,61
050,27,151,"Minnesota","Swift County",4,15,139,71,68
050,27,151,"Minnesota","Swift County",4,16,129,71,58
050,27,151,"Minnesota","Swift County",4,17,133,75,58
050,27,151,"Minnesota","Swift County",4,18,119,66,53
050,27,151,"Minnesota","Swift County",4,19,84,43,41
050,27,151,"Minnesota","Swift County",4,20,93,41,52
050,27,151,"Minnesota","Swift County",4,21,92,47,45
050,27,151,"Minnesota","Swift County",4,22,95,50,45
050,27,151,"Minnesota","Swift County",4,23,102,53,49
050,27,151,"Minnesota","Swift County",4,24,92,53,39
050,27,151,"Minnesota","Swift County",4,25,96,63,33
050,27,151,"Minnesota","Swift County",4,26,92,52,40
050,27,151,"Minnesota","Swift County",4,27,115,57,58
050,27,151,"Minnesota","Swift County",4,28,101,49,52
050,27,151,"Minnesota","Swift County",4,29,92,51,41
050,27,151,"Minnesota","Swift County",4,30,114,61,53
050,27,151,"Minnesota","Swift County",4,31,94,48,46
050,27,151,"Minnesota","Swift County",4,32,93,53,40
050,27,151,"Minnesota","Swift County",4,33,103,58,45
050,27,151,"Minnesota","Swift County",4,34,119,70,49
050,27,151,"Minnesota","Swift County",4,35,107,64,43
050,27,151,"Minnesota","Swift County",4,36,99,55,44
050,27,151,"Minnesota","Swift County",4,37,110,62,48
050,27,151,"Minnesota","Swift County",4,38,101,51,50
050,27,151,"Minnesota","Swift County",4,39,124,68,56
050,27,151,"Minnesota","Swift County",4,40,130,77,53
050,27,151,"Minnesota","Swift County",4,41,142,73,69
050,27,151,"Minnesota","Swift County",4,42,137,73,64
050,27,151,"Minnesota","Swift County",4,43,115,63,52
050,27,151,"Minnesota","Swift County",4,44,110,59,51
050,27,151,"Minnesota","Swift County",4,45,110,57,53
050,27,151,"Minnesota","Swift County",4,46,104,59,45
050,27,151,"Minnesota","Swift County",4,47,88,45,43
050,27,151,"Minnesota","Swift County",4,48,95,47,48
050,27,151,"Minnesota","Swift County",4,49,103,52,51
050,27,151,"Minnesota","Swift County",4,50,102,52,50
050,27,151,"Minnesota","Swift County",4,51,105,52,53
050,27,151,"Minnesota","Swift County",4,52,100,59,41
050,27,151,"Minnesota","Swift County",4,53,118,69,49
050,27,151,"Minnesota","Swift County",4,54,121,63,58
050,27,151,"Minnesota","Swift County",4,55,107,56,51
050,27,151,"Minnesota","Swift County",4,56,118,63,55
050,27,151,"Minnesota","Swift County",4,57,140,74,66
050,27,151,"Minnesota","Swift County",4,58,138,75,63
050,27,151,"Minnesota","Swift County",4,59,128,70,58
050,27,151,"Minnesota","Swift County",4,60,137,73,64
050,27,151,"Minnesota","Swift County",4,61,132,66,66
050,27,151,"Minnesota","Swift County",4,62,139,72,67
050,27,151,"Minnesota","Swift County",4,63,145,83,62
050,27,151,"Minnesota","Swift County",4,64,139,74,65
050,27,151,"Minnesota","Swift County",4,65,138,70,68
050,27,151,"Minnesota","Swift County",4,66,133,71,62
050,27,151,"Minnesota","Swift County",4,67,135,83,52
050,27,151,"Minnesota","Swift County",4,68,125,69,56
050,27,151,"Minnesota","Swift County",4,69,116,59,57
050,27,151,"Minnesota","Swift County",4,70,107,54,53
050,27,151,"Minnesota","Swift County",4,71,108,62,46
050,27,151,"Minnesota","Swift County",4,72,105,54,51
050,27,151,"Minnesota","Swift County",4,73,102,53,49
050,27,151,"Minnesota","Swift County",4,74,98,49,49
050,27,151,"Minnesota","Swift County",4,75,108,51,57
050,27,151,"Minnesota","Swift County",4,76,78,35,43
050,27,151,"Minnesota","Swift County",4,77,67,32,35
050,27,151,"Minnesota","Swift County",4,78,76,30,46
050,27,151,"Minnesota","Swift County",4,79,79,30,49
050,27,151,"Minnesota","Swift County",4,80,70,31,39
050,27,151,"Minnesota","Swift County",4,81,65,29,36
050,27,151,"Minnesota","Swift County",4,82,62,24,38
050,27,151,"Minnesota","Swift County",4,83,61,25,36
050,27,151,"Minnesota","Swift County",4,84,56,20,36
050,27,151,"Minnesota","Swift County",4,85,419,127,292
050,27,151,"Minnesota","Swift County",5,0,111,48,63
050,27,151,"Minnesota","Swift County",5,1,125,53,72
050,27,151,"Minnesota","Swift County",5,2,118,49,69
050,27,151,"Minnesota","Swift County",5,3,119,49,70
050,27,151,"Minnesota","Swift County",5,4,108,54,54
050,27,151,"Minnesota","Swift County",5,5,131,62,69
050,27,151,"Minnesota","Swift County",5,6,132,62,70
050,27,151,"Minnesota","Swift County",5,7,133,64,69
050,27,151,"Minnesota","Swift County",5,8,102,51,51
050,27,151,"Minnesota","Swift County",5,9,106,52,54
050,27,151,"Minnesota","Swift County",5,10,123,58,65
050,27,151,"Minnesota","Swift County",5,11,133,72,61
050,27,151,"Minnesota","Swift County",5,12,130,69,61
050,27,151,"Minnesota","Swift County",5,13,127,67,60
050,27,151,"Minnesota","Swift County",5,14,121,67,54
050,27,151,"Minnesota","Swift County",5,15,129,75,54
050,27,151,"Minnesota","Swift County",5,16,140,72,68
050,27,151,"Minnesota","Swift County",5,17,123,63,60
050,27,151,"Minnesota","Swift County",5,18,114,69,45
050,27,151,"Minnesota","Swift County",5,19,90,46,44
050,27,151,"Minnesota","Swift County",5,20,90,46,44
050,27,151,"Minnesota","Swift County",5,21,96,46,50
050,27,151,"Minnesota","Swift County",5,22,100,53,47
050,27,151,"Minnesota","Swift County",5,23,100,51,49
050,27,151,"Minnesota","Swift County",5,24,100,57,43
050,27,151,"Minnesota","Swift County",5,25,84,48,36
050,27,151,"Minnesota","Swift County",5,26,101,72,29
050,27,151,"Minnesota","Swift County",5,27,93,50,43
050,27,151,"Minnesota","Swift County",5,28,115,59,56
050,27,151,"Minnesota","Swift County",5,29,104,50,54
050,27,151,"Minnesota","Swift County",5,30,97,52,45
050,27,151,"Minnesota","Swift County",5,31,118,64,54
050,27,151,"Minnesota","Swift County",5,32,98,51,47
050,27,151,"Minnesota","Swift County",5,33,97,55,42
050,27,151,"Minnesota","Swift County",5,34,101,58,43
050,27,151,"Minnesota","Swift County",5,35,105,63,42
050,27,151,"Minnesota","Swift County",5,36,110,64,46
050,27,151,"Minnesota","Swift County",5,37,101,58,43
050,27,151,"Minnesota","Swift County",5,38,111,63,48
050,27,151,"Minnesota","Swift County",5,39,95,49,46
050,27,151,"Minnesota","Swift County",5,40,115,62,53
050,27,151,"Minnesota","Swift County",5,41,129,70,59
050,27,151,"Minnesota","Swift County",5,42,135,65,70
050,27,151,"Minnesota","Swift County",5,43,135,70,65
050,27,151,"Minnesota","Swift County",5,44,115,65,50
050,27,151,"Minnesota","Swift County",5,45,106,57,49
050,27,151,"Minnesota","Swift County",5,46,108,55,53
050,27,151,"Minnesota","Swift County",5,47,104,58,46
050,27,151,"Minnesota","Swift County",5,48,86,46,40
050,27,151,"Minnesota","Swift County",5,49,95,50,45
050,27,151,"Minnesota","Swift County",5,50,101,50,51
050,27,151,"Minnesota","Swift County",5,51,96,48,48
050,27,151,"Minnesota","Swift County",5,52,106,53,53
050,27,151,"Minnesota","Swift County",5,53,98,57,41
050,27,151,"Minnesota","Swift County",5,54,119,71,48
050,27,151,"Minnesota","Swift County",5,55,117,61,56
050,27,151,"Minnesota","Swift County",5,56,105,53,52
050,27,151,"Minnesota","Swift County",5,57,123,66,57
050,27,151,"Minnesota","Swift County",5,58,139,74,65
050,27,151,"Minnesota","Swift County",5,59,131,69,62
050,27,151,"Minnesota","Swift County",5,60,123,68,55
050,27,151,"Minnesota","Swift County",5,61,137,71,66
050,27,151,"Minnesota","Swift County",5,62,129,67,62
050,27,151,"Minnesota","Swift County",5,63,139,70,69
050,27,151,"Minnesota","Swift County",5,64,144,81,63
050,27,151,"Minnesota","Swift County",5,65,133,70,63
050,27,151,"Minnesota","Swift County",5,66,131,69,62
050,27,151,"Minnesota","Swift County",5,67,132,71,61
050,27,151,"Minnesota","Swift County",5,68,134,79,55
050,27,151,"Minnesota","Swift County",5,69,126,70,56
050,27,151,"Minnesota","Swift County",5,70,113,57,56
050,27,151,"Minnesota","Swift County",5,71,108,53,55
050,27,151,"Minnesota","Swift County",5,72,103,60,43
050,27,151,"Minnesota","Swift County",5,73,102,55,47
050,27,151,"Minnesota","Swift County",5,74,98,54,44
050,27,151,"Minnesota","Swift County",5,75,93,43,50
050,27,151,"Minnesota","Swift County",5,76,112,52,60
050,27,151,"Minnesota","Swift County",5,77,72,31,41
050,27,151,"Minnesota","Swift County",5,78,71,33,38
050,27,151,"Minnesota","Swift County",5,79,71,22,49
050,27,151,"Minnesota","Swift County",5,80,77,29,48
050,27,151,"Minnesota","Swift County",5,81,71,32,39
050,27,151,"Minnesota","Swift County",5,82,60,31,29
050,27,151,"Minnesota","Swift County",5,83,67,29,38
050,27,151,"Minnesota","Swift County",5,84,60,20,40
050,27,151,"Minnesota","Swift County",5,85,419,126,293
050,27,153,"Minnesota","Todd County",1,0,310,158,152
050,27,153,"Minnesota","Todd County",1,1,332,165,167
050,27,153,"Minnesota","Todd County",1,2,334,173,161
050,27,153,"Minnesota","Todd County",1,3,358,194,164
050,27,153,"Minnesota","Todd County",1,4,357,182,175
050,27,153,"Minnesota","Todd County",1,5,346,176,170
050,27,153,"Minnesota","Todd County",1,6,337,179,158
050,27,153,"Minnesota","Todd County",1,7,354,182,172
050,27,153,"Minnesota","Todd County",1,8,342,179,163
050,27,153,"Minnesota","Todd County",1,9,354,180,174
050,27,153,"Minnesota","Todd County",1,10,380,186,194
050,27,153,"Minnesota","Todd County",1,11,372,191,181
050,27,153,"Minnesota","Todd County",1,12,366,204,162
050,27,153,"Minnesota","Todd County",1,13,351,195,156
050,27,153,"Minnesota","Todd County",1,14,325,178,147
050,27,153,"Minnesota","Todd County",1,15,316,171,145
050,27,153,"Minnesota","Todd County",1,16,320,171,149
050,27,153,"Minnesota","Todd County",1,17,336,196,140
050,27,153,"Minnesota","Todd County",1,18,280,150,130
050,27,153,"Minnesota","Todd County",1,19,224,116,108
050,27,153,"Minnesota","Todd County",1,20,230,122,108
050,27,153,"Minnesota","Todd County",1,21,233,114,119
050,27,153,"Minnesota","Todd County",1,22,247,115,132
050,27,153,"Minnesota","Todd County",1,23,285,139,146
050,27,153,"Minnesota","Todd County",1,24,282,146,136
050,27,153,"Minnesota","Todd County",1,25,240,133,107
050,27,153,"Minnesota","Todd County",1,26,253,134,119
050,27,153,"Minnesota","Todd County",1,27,256,136,120
050,27,153,"Minnesota","Todd County",1,28,255,137,118
050,27,153,"Minnesota","Todd County",1,29,239,133,106
050,27,153,"Minnesota","Todd County",1,30,233,124,109
050,27,153,"Minnesota","Todd County",1,31,229,117,112
050,27,153,"Minnesota","Todd County",1,32,235,123,112
050,27,153,"Minnesota","Todd County",1,33,250,130,120
050,27,153,"Minnesota","Todd County",1,34,275,138,137
050,27,153,"Minnesota","Todd County",1,35,254,131,123
050,27,153,"Minnesota","Todd County",1,36,267,144,123
050,27,153,"Minnesota","Todd County",1,37,296,157,139
050,27,153,"Minnesota","Todd County",1,38,282,147,135
050,27,153,"Minnesota","Todd County",1,39,280,143,137
050,27,153,"Minnesota","Todd County",1,40,280,152,128
050,27,153,"Minnesota","Todd County",1,41,268,152,116
050,27,153,"Minnesota","Todd County",1,42,246,131,115
050,27,153,"Minnesota","Todd County",1,43,257,143,114
050,27,153,"Minnesota","Todd County",1,44,246,137,109
050,27,153,"Minnesota","Todd County",1,45,235,120,115
050,27,153,"Minnesota","Todd County",1,46,227,121,106
050,27,153,"Minnesota","Todd County",1,47,243,124,119
050,27,153,"Minnesota","Todd County",1,48,270,146,124
050,27,153,"Minnesota","Todd County",1,49,298,152,146
050,27,153,"Minnesota","Todd County",1,50,282,151,131
050,27,153,"Minnesota","Todd County",1,51,286,152,134
050,27,153,"Minnesota","Todd County",1,52,267,132,135
050,27,153,"Minnesota","Todd County",1,53,287,146,141
050,27,153,"Minnesota","Todd County",1,54,329,163,166
050,27,153,"Minnesota","Todd County",1,55,363,181,182
050,27,153,"Minnesota","Todd County",1,56,377,189,188
050,27,153,"Minnesota","Todd County",1,57,408,206,202
050,27,153,"Minnesota","Todd County",1,58,407,204,203
050,27,153,"Minnesota","Todd County",1,59,394,206,188
050,27,153,"Minnesota","Todd County",1,60,395,198,197
050,27,153,"Minnesota","Todd County",1,61,392,202,190
050,27,153,"Minnesota","Todd County",1,62,425,237,188
050,27,153,"Minnesota","Todd County",1,63,399,223,176
050,27,153,"Minnesota","Todd County",1,64,372,204,168
050,27,153,"Minnesota","Todd County",1,65,380,198,182
050,27,153,"Minnesota","Todd County",1,66,387,209,178
050,27,153,"Minnesota","Todd County",1,67,375,203,172
050,27,153,"Minnesota","Todd County",1,68,349,192,157
050,27,153,"Minnesota","Todd County",1,69,288,158,130
050,27,153,"Minnesota","Todd County",1,70,297,165,132
050,27,153,"Minnesota","Todd County",1,71,279,144,135
050,27,153,"Minnesota","Todd County",1,72,288,141,147
050,27,153,"Minnesota","Todd County",1,73,293,141,152
050,27,153,"Minnesota","Todd County",1,74,220,108,112
050,27,153,"Minnesota","Todd County",1,75,220,109,111
050,27,153,"Minnesota","Todd County",1,76,216,106,110
050,27,153,"Minnesota","Todd County",1,77,217,109,108
050,27,153,"Minnesota","Todd County",1,78,188,97,91
050,27,153,"Minnesota","Todd County",1,79,173,77,96
050,27,153,"Minnesota","Todd County",1,80,164,79,85
050,27,153,"Minnesota","Todd County",1,81,152,72,80
050,27,153,"Minnesota","Todd County",1,82,131,63,68
050,27,153,"Minnesota","Todd County",1,83,120,51,69
050,27,153,"Minnesota","Todd County",1,84,108,46,62
050,27,153,"Minnesota","Todd County",1,85,653,273,380
050,27,153,"Minnesota","Todd County",2,0,323,170,153
050,27,153,"Minnesota","Todd County",2,1,328,164,164
050,27,153,"Minnesota","Todd County",2,2,331,169,162
050,27,153,"Minnesota","Todd County",2,3,349,188,161
050,27,153,"Minnesota","Todd County",2,4,359,186,173
050,27,153,"Minnesota","Todd County",2,5,348,178,170
050,27,153,"Minnesota","Todd County",2,6,342,180,162
050,27,153,"Minnesota","Todd County",2,7,349,181,168
050,27,153,"Minnesota","Todd County",2,8,346,181,165
050,27,153,"Minnesota","Todd County",2,9,353,181,172
050,27,153,"Minnesota","Todd County",2,10,373,185,188
050,27,153,"Minnesota","Todd County",2,11,373,189,184
050,27,153,"Minnesota","Todd County",2,12,373,203,170
050,27,153,"Minnesota","Todd County",2,13,352,194,158
050,27,153,"Minnesota","Todd County",2,14,330,181,149
050,27,153,"Minnesota","Todd County",2,15,319,173,146
050,27,153,"Minnesota","Todd County",2,16,321,172,149
050,27,153,"Minnesota","Todd County",2,17,330,188,142
050,27,153,"Minnesota","Todd County",2,18,279,155,124
050,27,153,"Minnesota","Todd County",2,19,221,115,106
050,27,153,"Minnesota","Todd County",2,20,237,126,111
050,27,153,"Minnesota","Todd County",2,21,228,110,118
050,27,153,"Minnesota","Todd County",2,22,249,115,134
050,27,153,"Minnesota","Todd County",2,23,277,134,143
050,27,153,"Minnesota","Todd County",2,24,279,143,136
050,27,153,"Minnesota","Todd County",2,25,248,136,112
050,27,153,"Minnesota","Todd County",2,26,249,133,116
050,27,153,"Minnesota","Todd County",2,27,251,133,118
050,27,153,"Minnesota","Todd County",2,28,257,138,119
050,27,153,"Minnesota","Todd County",2,29,244,134,110
050,27,153,"Minnesota","Todd County",2,30,238,129,109
050,27,153,"Minnesota","Todd County",2,31,231,121,110
050,27,153,"Minnesota","Todd County",2,32,236,123,113
050,27,153,"Minnesota","Todd County",2,33,245,127,118
050,27,153,"Minnesota","Todd County",2,34,267,134,133
050,27,153,"Minnesota","Todd County",2,35,264,136,128
050,27,153,"Minnesota","Todd County",2,36,263,141,122
050,27,153,"Minnesota","Todd County",2,37,288,152,136
050,27,153,"Minnesota","Todd County",2,38,286,151,135
050,27,153,"Minnesota","Todd County",2,39,280,144,136
050,27,153,"Minnesota","Todd County",2,40,282,150,132
050,27,153,"Minnesota","Todd County",2,41,271,153,118
050,27,153,"Minnesota","Todd County",2,42,250,135,115
050,27,153,"Minnesota","Todd County",2,43,256,142,114
050,27,153,"Minnesota","Todd County",2,44,247,137,110
050,27,153,"Minnesota","Todd County",2,45,237,123,114
050,27,153,"Minnesota","Todd County",2,46,227,118,109
050,27,153,"Minnesota","Todd County",2,47,237,122,115
050,27,153,"Minnesota","Todd County",2,48,265,140,125
050,27,153,"Minnesota","Todd County",2,49,291,150,141
050,27,153,"Minnesota","Todd County",2,50,287,153,134
050,27,153,"Minnesota","Todd County",2,51,284,152,132
050,27,153,"Minnesota","Todd County",2,52,273,138,135
050,27,153,"Minnesota","Todd County",2,53,280,143,137
050,27,153,"Minnesota","Todd County",2,54,320,159,161
050,27,153,"Minnesota","Todd County",2,55,356,178,178
050,27,153,"Minnesota","Todd County",2,56,375,189,186
050,27,153,"Minnesota","Todd County",2,57,401,201,200
050,27,153,"Minnesota","Todd County",2,58,407,204,203
050,27,153,"Minnesota","Todd County",2,59,401,207,194
050,27,153,"Minnesota","Todd County",2,60,391,197,194
050,27,153,"Minnesota","Todd County",2,61,393,203,190
050,27,153,"Minnesota","Todd County",2,62,418,228,190
050,27,153,"Minnesota","Todd County",2,63,408,227,181
050,27,153,"Minnesota","Todd County",2,64,376,207,169
050,27,153,"Minnesota","Todd County",2,65,378,201,177
050,27,153,"Minnesota","Todd County",2,66,385,206,179
050,27,153,"Minnesota","Todd County",2,67,377,205,172
050,27,153,"Minnesota","Todd County",2,68,351,193,158
050,27,153,"Minnesota","Todd County",2,69,305,167,138
050,27,153,"Minnesota","Todd County",2,70,293,163,130
050,27,153,"Minnesota","Todd County",2,71,285,150,135
050,27,153,"Minnesota","Todd County",2,72,280,139,141
050,27,153,"Minnesota","Todd County",2,73,307,148,159
050,27,153,"Minnesota","Todd County",2,74,222,108,114
050,27,153,"Minnesota","Todd County",2,75,220,108,112
050,27,153,"Minnesota","Todd County",2,76,215,105,110
050,27,153,"Minnesota","Todd County",2,77,220,109,111
050,27,153,"Minnesota","Todd County",2,78,191,98,93
050,27,153,"Minnesota","Todd County",2,79,174,81,93
050,27,153,"Minnesota","Todd County",2,80,166,78,88
050,27,153,"Minnesota","Todd County",2,81,153,73,80
050,27,153,"Minnesota","Todd County",2,82,135,65,70
050,27,153,"Minnesota","Todd County",2,83,119,52,67
050,27,153,"Minnesota","Todd County",2,84,108,46,62
050,27,153,"Minnesota","Todd County",2,85,661,275,386
050,27,153,"Minnesota","Todd County",3,0,288,162,126
050,27,153,"Minnesota","Todd County",3,1,323,173,150
050,27,153,"Minnesota","Todd County",3,2,320,158,162
050,27,153,"Minnesota","Todd County",3,3,317,162,155
050,27,153,"Minnesota","Todd County",3,4,336,181,155
050,27,153,"Minnesota","Todd County",3,5,368,192,176
050,27,153,"Minnesota","Todd County",3,6,346,179,167
050,27,153,"Minnesota","Todd County",3,7,356,190,166
050,27,153,"Minnesota","Todd County",3,8,356,188,168
050,27,153,"Minnesota","Todd County",3,9,344,178,166
050,27,153,"Minnesota","Todd County",3,10,358,180,178
050,27,153,"Minnesota","Todd County",3,11,365,180,185
050,27,153,"Minnesota","Todd County",3,12,381,192,189
050,27,153,"Minnesota","Todd County",3,13,376,206,170
050,27,153,"Minnesota","Todd County",3,14,346,195,151
050,27,153,"Minnesota","Todd County",3,15,324,183,141
050,27,153,"Minnesota","Todd County",3,16,330,185,145
050,27,153,"Minnesota","Todd County",3,17,324,179,145
050,27,153,"Minnesota","Todd County",3,18,282,157,125
050,27,153,"Minnesota","Todd County",3,19,223,124,99
050,27,153,"Minnesota","Todd County",3,20,238,138,100
050,27,153,"Minnesota","Todd County",3,21,232,123,109
050,27,153,"Minnesota","Todd County",3,22,256,122,134
050,27,153,"Minnesota","Todd County",3,23,239,117,122
050,27,153,"Minnesota","Todd County",3,24,259,129,130
050,27,153,"Minnesota","Todd County",3,25,269,142,127
050,27,153,"Minnesota","Todd County",3,26,243,130,113
050,27,153,"Minnesota","Todd County",3,27,250,133,117
050,27,153,"Minnesota","Todd County",3,28,252,136,116
050,27,153,"Minnesota","Todd County",3,29,240,130,110
050,27,153,"Minnesota","Todd County",3,30,244,133,111
050,27,153,"Minnesota","Todd County",3,31,260,136,124
050,27,153,"Minnesota","Todd County",3,32,234,118,116
050,27,153,"Minnesota","Todd County",3,33,236,125,111
050,27,153,"Minnesota","Todd County",3,34,256,138,118
050,27,153,"Minnesota","Todd County",3,35,263,136,127
050,27,153,"Minnesota","Todd County",3,36,268,137,131
050,27,153,"Minnesota","Todd County",3,37,254,130,124
050,27,153,"Minnesota","Todd County",3,38,279,142,137
050,27,153,"Minnesota","Todd County",3,39,298,152,146
050,27,153,"Minnesota","Todd County",3,40,277,149,128
050,27,153,"Minnesota","Todd County",3,41,278,149,129
050,27,153,"Minnesota","Todd County",3,42,278,149,129
050,27,153,"Minnesota","Todd County",3,43,260,142,118
050,27,153,"Minnesota","Todd County",3,44,264,143,121
050,27,153,"Minnesota","Todd County",3,45,244,141,103
050,27,153,"Minnesota","Todd County",3,46,236,118,118
050,27,153,"Minnesota","Todd County",3,47,225,114,111
050,27,153,"Minnesota","Todd County",3,48,230,118,112
050,27,153,"Minnesota","Todd County",3,49,273,144,129
050,27,153,"Minnesota","Todd County",3,50,283,147,136
050,27,153,"Minnesota","Todd County",3,51,287,155,132
050,27,153,"Minnesota","Todd County",3,52,286,151,135
050,27,153,"Minnesota","Todd County",3,53,271,141,130
050,27,153,"Minnesota","Todd County",3,54,285,145,140
050,27,153,"Minnesota","Todd County",3,55,320,156,164
050,27,153,"Minnesota","Todd County",3,56,354,179,175
050,27,153,"Minnesota","Todd County",3,57,374,189,185
050,27,153,"Minnesota","Todd County",3,58,406,206,200
050,27,153,"Minnesota","Todd County",3,59,402,203,199
050,27,153,"Minnesota","Todd County",3,60,402,208,194
050,27,153,"Minnesota","Todd County",3,61,391,202,189
050,27,153,"Minnesota","Todd County",3,62,405,206,199
050,27,153,"Minnesota","Todd County",3,63,422,231,191
050,27,153,"Minnesota","Todd County",3,64,403,226,177
050,27,153,"Minnesota","Todd County",3,65,379,213,166
050,27,153,"Minnesota","Todd County",3,66,377,198,179
050,27,153,"Minnesota","Todd County",3,67,383,202,181
050,27,153,"Minnesota","Todd County",3,68,374,202,172
050,27,153,"Minnesota","Todd County",3,69,354,197,157
050,27,153,"Minnesota","Todd County",3,70,298,162,136
050,27,153,"Minnesota","Todd County",3,71,291,160,131
050,27,153,"Minnesota","Todd County",3,72,274,146,128
050,27,153,"Minnesota","Todd County",3,73,268,127,141
050,27,153,"Minnesota","Todd County",3,74,294,145,149
050,27,153,"Minnesota","Todd County",3,75,211,102,109
050,27,153,"Minnesota","Todd County",3,76,207,100,107
050,27,153,"Minnesota","Todd County",3,77,213,106,107
050,27,153,"Minnesota","Todd County",3,78,210,107,103
050,27,153,"Minnesota","Todd County",3,79,174,91,83
050,27,153,"Minnesota","Todd County",3,80,166,76,90
050,27,153,"Minnesota","Todd County",3,81,158,70,88
050,27,153,"Minnesota","Todd County",3,82,146,72,74
050,27,153,"Minnesota","Todd County",3,83,131,65,66
050,27,153,"Minnesota","Todd County",3,84,106,48,58
050,27,153,"Minnesota","Todd County",3,85,685,275,410
050,27,153,"Minnesota","Todd County",4,0,310,170,140
050,27,153,"Minnesota","Todd County",4,1,306,169,137
050,27,153,"Minnesota","Todd County",4,2,332,176,156
050,27,153,"Minnesota","Todd County",4,3,317,150,167
050,27,153,"Minnesota","Todd County",4,4,324,168,156
050,27,153,"Minnesota","Todd County",4,5,332,179,153
050,27,153,"Minnesota","Todd County",4,6,359,183,176
050,27,153,"Minnesota","Todd County",4,7,333,172,161
050,27,153,"Minnesota","Todd County",4,8,352,195,157
050,27,153,"Minnesota","Todd County",4,9,374,199,175
050,27,153,"Minnesota","Todd County",4,10,365,189,176
050,27,153,"Minnesota","Todd County",4,11,372,188,184
050,27,153,"Minnesota","Todd County",4,12,370,176,194
050,27,153,"Minnesota","Todd County",4,13,398,203,195
050,27,153,"Minnesota","Todd County",4,14,368,202,166
050,27,153,"Minnesota","Todd County",4,15,365,203,162
050,27,153,"Minnesota","Todd County",4,16,330,182,148
050,27,153,"Minnesota","Todd County",4,17,323,178,145
050,27,153,"Minnesota","Todd County",4,18,265,145,120
050,27,153,"Minnesota","Todd County",4,19,220,128,92
050,27,153,"Minnesota","Todd County",4,20,236,137,99
050,27,153,"Minnesota","Todd County",4,21,236,127,109
050,27,153,"Minnesota","Todd County",4,22,243,122,121
050,27,153,"Minnesota","Todd County",4,23,282,124,158
050,27,153,"Minnesota","Todd County",4,24,240,111,129
050,27,153,"Minnesota","Todd County",4,25,264,141,123
050,27,153,"Minnesota","Todd County",4,26,282,161,121
050,27,153,"Minnesota","Todd County",4,27,230,122,108
050,27,153,"Minnesota","Todd County",4,28,249,140,109
050,27,153,"Minnesota","Todd County",4,29,253,131,122
050,27,153,"Minnesota","Todd County",4,30,250,138,112
050,27,153,"Minnesota","Todd County",4,31,244,138,106
050,27,153,"Minnesota","Todd County",4,32,257,137,120
050,27,153,"Minnesota","Todd County",4,33,234,122,112
050,27,153,"Minnesota","Todd County",4,34,246,127,119
050,27,153,"Minnesota","Todd County",4,35,264,143,121
050,27,153,"Minnesota","Todd County",4,36,262,132,130
050,27,153,"Minnesota","Todd County",4,37,276,138,138
050,27,153,"Minnesota","Todd County",4,38,255,128,127
050,27,153,"Minnesota","Todd County",4,39,289,149,140
050,27,153,"Minnesota","Todd County",4,40,295,154,141
050,27,153,"Minnesota","Todd County",4,41,286,156,130
050,27,153,"Minnesota","Todd County",4,42,281,148,133
050,27,153,"Minnesota","Todd County",4,43,280,154,126
050,27,153,"Minnesota","Todd County",4,44,253,133,120
050,27,153,"Minnesota","Todd County",4,45,264,147,117
050,27,153,"Minnesota","Todd County",4,46,241,140,101
050,27,153,"Minnesota","Todd County",4,47,233,119,114
050,27,153,"Minnesota","Todd County",4,48,241,121,120
050,27,153,"Minnesota","Todd County",4,49,234,121,113
050,27,153,"Minnesota","Todd County",4,50,270,145,125
050,27,153,"Minnesota","Todd County",4,51,292,153,139
050,27,153,"Minnesota","Todd County",4,52,295,155,140
050,27,153,"Minnesota","Todd County",4,53,271,144,127
050,27,153,"Minnesota","Todd County",4,54,278,143,135
050,27,153,"Minnesota","Todd County",4,55,281,139,142
050,27,153,"Minnesota","Todd County",4,56,336,168,168
050,27,153,"Minnesota","Todd County",4,57,355,180,175
050,27,153,"Minnesota","Todd County",4,58,367,184,183
050,27,153,"Minnesota","Todd County",4,59,405,203,202
050,27,153,"Minnesota","Todd County",4,60,404,199,205
050,27,153,"Minnesota","Todd County",4,61,392,203,189
050,27,153,"Minnesota","Todd County",4,62,400,206,194
050,27,153,"Minnesota","Todd County",4,63,409,206,203
050,27,153,"Minnesota","Todd County",4,64,427,234,193
050,27,153,"Minnesota","Todd County",4,65,406,225,181
050,27,153,"Minnesota","Todd County",4,66,384,221,163
050,27,153,"Minnesota","Todd County",4,67,376,195,181
050,27,153,"Minnesota","Todd County",4,68,380,201,179
050,27,153,"Minnesota","Todd County",4,69,380,206,174
050,27,153,"Minnesota","Todd County",4,70,354,192,162
050,27,153,"Minnesota","Todd County",4,71,304,164,140
050,27,153,"Minnesota","Todd County",4,72,282,157,125
050,27,153,"Minnesota","Todd County",4,73,274,147,127
050,27,153,"Minnesota","Todd County",4,74,257,129,128
050,27,153,"Minnesota","Todd County",4,75,283,138,145
050,27,153,"Minnesota","Todd County",4,76,210,102,108
050,27,153,"Minnesota","Todd County",4,77,202,93,109
050,27,153,"Minnesota","Todd County",4,78,200,102,98
050,27,153,"Minnesota","Todd County",4,79,201,104,97
050,27,153,"Minnesota","Todd County",4,80,170,90,80
050,27,153,"Minnesota","Todd County",4,81,157,69,88
050,27,153,"Minnesota","Todd County",4,82,156,70,86
050,27,153,"Minnesota","Todd County",4,83,136,63,73
050,27,153,"Minnesota","Todd County",4,84,114,58,56
050,27,153,"Minnesota","Todd County",4,85,710,284,426
050,27,153,"Minnesota","Todd County",5,0,304,168,136
050,27,153,"Minnesota","Todd County",5,1,299,154,145
050,27,153,"Minnesota","Todd County",5,2,288,152,136
050,27,153,"Minnesota","Todd County",5,3,335,178,157
050,27,153,"Minnesota","Todd County",5,4,321,157,164
050,27,153,"Minnesota","Todd County",5,5,322,167,155
050,27,153,"Minnesota","Todd County",5,6,347,185,162
050,27,153,"Minnesota","Todd County",5,7,383,193,190
050,27,153,"Minnesota","Todd County",5,8,349,174,175
050,27,153,"Minnesota","Todd County",5,9,376,214,162
050,27,153,"Minnesota","Todd County",5,10,365,184,181
050,27,153,"Minnesota","Todd County",5,11,375,192,183
050,27,153,"Minnesota","Todd County",5,12,385,190,195
050,27,153,"Minnesota","Todd County",5,13,377,178,199
050,27,153,"Minnesota","Todd County",5,14,397,214,183
050,27,153,"Minnesota","Todd County",5,15,372,202,170
050,27,153,"Minnesota","Todd County",5,16,363,203,160
050,27,153,"Minnesota","Todd County",5,17,327,180,147
050,27,153,"Minnesota","Todd County",5,18,272,151,121
050,27,153,"Minnesota","Todd County",5,19,219,125,94
050,27,153,"Minnesota","Todd County",5,20,253,152,101
050,27,153,"Minnesota","Todd County",5,21,239,128,111
050,27,153,"Minnesota","Todd County",5,22,255,126,129
050,27,153,"Minnesota","Todd County",5,23,226,113,113
050,27,153,"Minnesota","Todd County",5,24,273,129,144
050,27,153,"Minnesota","Todd County",5,25,244,125,119
050,27,153,"Minnesota","Todd County",5,26,261,138,123
050,27,153,"Minnesota","Todd County",5,27,290,164,126
050,27,153,"Minnesota","Todd County",5,28,233,122,111
050,27,153,"Minnesota","Todd County",5,29,244,136,108
050,27,153,"Minnesota","Todd County",5,30,255,132,123
050,27,153,"Minnesota","Todd County",5,31,261,141,120
050,27,153,"Minnesota","Todd County",5,32,259,142,117
050,27,153,"Minnesota","Todd County",5,33,256,132,124
050,27,153,"Minnesota","Todd County",5,34,260,133,127
050,27,153,"Minnesota","Todd County",5,35,254,139,115
050,27,153,"Minnesota","Todd County",5,36,258,136,122
050,27,153,"Minnesota","Todd County",5,37,257,125,132
050,27,153,"Minnesota","Todd County",5,38,287,143,144
050,27,153,"Minnesota","Todd County",5,39,265,132,133
050,27,153,"Minnesota","Todd County",5,40,280,143,137
050,27,153,"Minnesota","Todd County",5,41,294,158,136
050,27,153,"Minnesota","Todd County",5,42,279,150,129
050,27,153,"Minnesota","Todd County",5,43,288,150,138
050,27,153,"Minnesota","Todd County",5,44,276,152,124
050,27,153,"Minnesota","Todd County",5,45,250,130,120
050,27,153,"Minnesota","Todd County",5,46,266,149,117
050,27,153,"Minnesota","Todd County",5,47,242,143,99
050,27,153,"Minnesota","Todd County",5,48,237,120,117
050,27,153,"Minnesota","Todd County",5,49,235,119,116
050,27,153,"Minnesota","Todd County",5,50,225,116,109
050,27,153,"Minnesota","Todd County",5,51,275,147,128
050,27,153,"Minnesota","Todd County",5,52,293,152,141
050,27,153,"Minnesota","Todd County",5,53,295,159,136
050,27,153,"Minnesota","Todd County",5,54,264,144,120
050,27,153,"Minnesota","Todd County",5,55,272,135,137
050,27,153,"Minnesota","Todd County",5,56,281,141,140
050,27,153,"Minnesota","Todd County",5,57,338,168,170
050,27,153,"Minnesota","Todd County",5,58,360,183,177
050,27,153,"Minnesota","Todd County",5,59,375,190,185
050,27,153,"Minnesota","Todd County",5,60,413,208,205
050,27,153,"Minnesota","Todd County",5,61,409,205,204
050,27,153,"Minnesota","Todd County",5,62,386,194,192
050,27,153,"Minnesota","Todd County",5,63,393,204,189
050,27,153,"Minnesota","Todd County",5,64,392,196,196
050,27,153,"Minnesota","Todd County",5,65,433,235,198
050,27,153,"Minnesota","Todd County",5,66,402,226,176
050,27,153,"Minnesota","Todd County",5,67,382,221,161
050,27,153,"Minnesota","Todd County",5,68,368,191,177
050,27,153,"Minnesota","Todd County",5,69,377,198,179
050,27,153,"Minnesota","Todd County",5,70,369,193,176
050,27,153,"Minnesota","Todd County",5,71,355,193,162
050,27,153,"Minnesota","Todd County",5,72,303,167,136
050,27,153,"Minnesota","Todd County",5,73,281,154,127
050,27,153,"Minnesota","Todd County",5,74,266,146,120
050,27,153,"Minnesota","Todd County",5,75,246,122,124
050,27,153,"Minnesota","Todd County",5,76,276,137,139
050,27,153,"Minnesota","Todd County",5,77,206,99,107
050,27,153,"Minnesota","Todd County",5,78,188,87,101
050,27,153,"Minnesota","Todd County",5,79,182,92,90
050,27,153,"Minnesota","Todd County",5,80,189,101,88
050,27,153,"Minnesota","Todd County",5,81,158,84,74
050,27,153,"Minnesota","Todd County",5,82,154,70,84
050,27,153,"Minnesota","Todd County",5,83,148,66,82
050,27,153,"Minnesota","Todd County",5,84,118,56,62
050,27,153,"Minnesota","Todd County",5,85,742,300,442
050,27,155,"Minnesota","Traverse County",1,0,35,18,17
050,27,155,"Minnesota","Traverse County",1,1,41,21,20
050,27,155,"Minnesota","Traverse County",1,2,37,24,13
050,27,155,"Minnesota","Traverse County",1,3,40,19,21
050,27,155,"Minnesota","Traverse County",1,4,38,20,18
050,27,155,"Minnesota","Traverse County",1,5,44,27,17
050,27,155,"Minnesota","Traverse County",1,6,38,17,21
050,27,155,"Minnesota","Traverse County",1,7,36,21,15
050,27,155,"Minnesota","Traverse County",1,8,44,25,19
050,27,155,"Minnesota","Traverse County",1,9,40,23,17
050,27,155,"Minnesota","Traverse County",1,10,38,15,23
050,27,155,"Minnesota","Traverse County",1,11,49,24,25
050,27,155,"Minnesota","Traverse County",1,12,39,16,23
050,27,155,"Minnesota","Traverse County",1,13,46,24,22
050,27,155,"Minnesota","Traverse County",1,14,41,22,19
050,27,155,"Minnesota","Traverse County",1,15,38,22,16
050,27,155,"Minnesota","Traverse County",1,16,38,17,21
050,27,155,"Minnesota","Traverse County",1,17,42,18,24
050,27,155,"Minnesota","Traverse County",1,18,28,13,15
050,27,155,"Minnesota","Traverse County",1,19,32,17,15
050,27,155,"Minnesota","Traverse County",1,20,28,14,14
050,27,155,"Minnesota","Traverse County",1,21,31,17,14
050,27,155,"Minnesota","Traverse County",1,22,36,23,13
050,27,155,"Minnesota","Traverse County",1,23,38,17,21
050,27,155,"Minnesota","Traverse County",1,24,38,20,18
050,27,155,"Minnesota","Traverse County",1,25,30,14,16
050,27,155,"Minnesota","Traverse County",1,26,35,22,13
050,27,155,"Minnesota","Traverse County",1,27,33,18,15
050,27,155,"Minnesota","Traverse County",1,28,33,17,16
050,27,155,"Minnesota","Traverse County",1,29,35,20,15
050,27,155,"Minnesota","Traverse County",1,30,34,20,14
050,27,155,"Minnesota","Traverse County",1,31,30,13,17
050,27,155,"Minnesota","Traverse County",1,32,26,17,9
050,27,155,"Minnesota","Traverse County",1,33,26,18,8
050,27,155,"Minnesota","Traverse County",1,34,30,17,13
050,27,155,"Minnesota","Traverse County",1,35,30,14,16
050,27,155,"Minnesota","Traverse County",1,36,39,18,21
050,27,155,"Minnesota","Traverse County",1,37,45,24,21
050,27,155,"Minnesota","Traverse County",1,38,44,31,13
050,27,155,"Minnesota","Traverse County",1,39,40,22,18
050,27,155,"Minnesota","Traverse County",1,40,44,23,21
050,27,155,"Minnesota","Traverse County",1,41,27,13,14
050,27,155,"Minnesota","Traverse County",1,42,31,18,13
050,27,155,"Minnesota","Traverse County",1,43,34,19,15
050,27,155,"Minnesota","Traverse County",1,44,47,22,25
050,27,155,"Minnesota","Traverse County",1,45,33,20,13
050,27,155,"Minnesota","Traverse County",1,46,32,17,15
050,27,155,"Minnesota","Traverse County",1,47,26,13,13
050,27,155,"Minnesota","Traverse County",1,48,36,19,17
050,27,155,"Minnesota","Traverse County",1,49,40,23,17
050,27,155,"Minnesota","Traverse County",1,50,33,22,11
050,27,155,"Minnesota","Traverse County",1,51,27,16,11
050,27,155,"Minnesota","Traverse County",1,52,36,20,16
050,27,155,"Minnesota","Traverse County",1,53,43,18,25
050,27,155,"Minnesota","Traverse County",1,54,50,22,28
050,27,155,"Minnesota","Traverse County",1,55,49,24,25
050,27,155,"Minnesota","Traverse County",1,56,52,26,26
050,27,155,"Minnesota","Traverse County",1,57,57,29,28
050,27,155,"Minnesota","Traverse County",1,58,45,24,21
050,27,155,"Minnesota","Traverse County",1,59,53,26,27
050,27,155,"Minnesota","Traverse County",1,60,48,27,21
050,27,155,"Minnesota","Traverse County",1,61,56,29,27
050,27,155,"Minnesota","Traverse County",1,62,52,21,31
050,27,155,"Minnesota","Traverse County",1,63,50,23,27
050,27,155,"Minnesota","Traverse County",1,64,51,29,22
050,27,155,"Minnesota","Traverse County",1,65,64,37,27
050,27,155,"Minnesota","Traverse County",1,66,56,29,27
050,27,155,"Minnesota","Traverse County",1,67,46,25,21
050,27,155,"Minnesota","Traverse County",1,68,43,25,18
050,27,155,"Minnesota","Traverse County",1,69,34,21,13
050,27,155,"Minnesota","Traverse County",1,70,30,13,17
050,27,155,"Minnesota","Traverse County",1,71,35,17,18
050,27,155,"Minnesota","Traverse County",1,72,42,22,20
050,27,155,"Minnesota","Traverse County",1,73,36,16,20
050,27,155,"Minnesota","Traverse County",1,74,25,12,13
050,27,155,"Minnesota","Traverse County",1,75,33,14,19
050,27,155,"Minnesota","Traverse County",1,76,27,11,16
050,27,155,"Minnesota","Traverse County",1,77,34,16,18
050,27,155,"Minnesota","Traverse County",1,78,36,16,20
050,27,155,"Minnesota","Traverse County",1,79,26,13,13
050,27,155,"Minnesota","Traverse County",1,80,23,12,11
050,27,155,"Minnesota","Traverse County",1,81,31,15,16
050,27,155,"Minnesota","Traverse County",1,82,28,15,13
050,27,155,"Minnesota","Traverse County",1,83,19,8,11
050,27,155,"Minnesota","Traverse County",1,84,17,7,10
050,27,155,"Minnesota","Traverse County",1,85,155,48,107
050,27,155,"Minnesota","Traverse County",2,0,47,25,22
050,27,155,"Minnesota","Traverse County",2,1,40,20,20
050,27,155,"Minnesota","Traverse County",2,2,37,22,15
050,27,155,"Minnesota","Traverse County",2,3,38,19,19
050,27,155,"Minnesota","Traverse County",2,4,38,19,19
050,27,155,"Minnesota","Traverse County",2,5,43,25,18
050,27,155,"Minnesota","Traverse County",2,6,39,19,20
050,27,155,"Minnesota","Traverse County",2,7,38,21,17
050,27,155,"Minnesota","Traverse County",2,8,41,23,18
050,27,155,"Minnesota","Traverse County",2,9,41,23,18
050,27,155,"Minnesota","Traverse County",2,10,39,17,22
050,27,155,"Minnesota","Traverse County",2,11,45,21,24
050,27,155,"Minnesota","Traverse County",2,12,42,19,23
050,27,155,"Minnesota","Traverse County",2,13,45,22,23
050,27,155,"Minnesota","Traverse County",2,14,42,22,20
050,27,155,"Minnesota","Traverse County",2,15,39,23,16
050,27,155,"Minnesota","Traverse County",2,16,37,18,19
050,27,155,"Minnesota","Traverse County",2,17,41,18,23
050,27,155,"Minnesota","Traverse County",2,18,29,13,16
050,27,155,"Minnesota","Traverse County",2,19,28,15,13
050,27,155,"Minnesota","Traverse County",2,20,30,15,15
050,27,155,"Minnesota","Traverse County",2,21,30,16,14
050,27,155,"Minnesota","Traverse County",2,22,36,22,14
050,27,155,"Minnesota","Traverse County",2,23,40,20,20
050,27,155,"Minnesota","Traverse County",2,24,37,19,18
050,27,155,"Minnesota","Traverse County",2,25,30,15,15
050,27,155,"Minnesota","Traverse County",2,26,34,21,13
050,27,155,"Minnesota","Traverse County",2,27,33,19,14
050,27,155,"Minnesota","Traverse County",2,28,33,17,16
050,27,155,"Minnesota","Traverse County",2,29,34,19,15
050,27,155,"Minnesota","Traverse County",2,30,34,19,15
050,27,155,"Minnesota","Traverse County",2,31,31,15,16
050,27,155,"Minnesota","Traverse County",2,32,27,16,11
050,27,155,"Minnesota","Traverse County",2,33,26,18,8
050,27,155,"Minnesota","Traverse County",2,34,29,17,12
050,27,155,"Minnesota","Traverse County",2,35,29,14,15
050,27,155,"Minnesota","Traverse County",2,36,39,18,21
050,27,155,"Minnesota","Traverse County",2,37,43,23,20
050,27,155,"Minnesota","Traverse County",2,38,43,29,14
050,27,155,"Minnesota","Traverse County",2,39,39,23,16
050,27,155,"Minnesota","Traverse County",2,40,44,23,21
050,27,155,"Minnesota","Traverse County",2,41,32,16,16
050,27,155,"Minnesota","Traverse County",2,42,31,17,14
050,27,155,"Minnesota","Traverse County",2,43,34,19,15
050,27,155,"Minnesota","Traverse County",2,44,43,21,22
050,27,155,"Minnesota","Traverse County",2,45,37,20,17
050,27,155,"Minnesota","Traverse County",2,46,32,18,14
050,27,155,"Minnesota","Traverse County",2,47,27,14,13
050,27,155,"Minnesota","Traverse County",2,48,33,18,15
050,27,155,"Minnesota","Traverse County",2,49,38,21,17
050,27,155,"Minnesota","Traverse County",2,50,34,22,12
050,27,155,"Minnesota","Traverse County",2,51,28,17,11
050,27,155,"Minnesota","Traverse County",2,52,35,20,15
050,27,155,"Minnesota","Traverse County",2,53,41,18,23
050,27,155,"Minnesota","Traverse County",2,54,48,21,27
050,27,155,"Minnesota","Traverse County",2,55,49,23,26
050,27,155,"Minnesota","Traverse County",2,56,49,25,24
050,27,155,"Minnesota","Traverse County",2,57,56,28,28
050,27,155,"Minnesota","Traverse County",2,58,48,25,23
050,27,155,"Minnesota","Traverse County",2,59,52,26,26
050,27,155,"Minnesota","Traverse County",2,60,50,27,23
050,27,155,"Minnesota","Traverse County",2,61,53,28,25
050,27,155,"Minnesota","Traverse County",2,62,53,23,30
050,27,155,"Minnesota","Traverse County",2,63,51,23,28
050,27,155,"Minnesota","Traverse County",2,64,50,27,23
050,27,155,"Minnesota","Traverse County",2,65,61,35,26
050,27,155,"Minnesota","Traverse County",2,66,58,31,27
050,27,155,"Minnesota","Traverse County",2,67,49,26,23
050,27,155,"Minnesota","Traverse County",2,68,41,24,17
050,27,155,"Minnesota","Traverse County",2,69,37,23,14
050,27,155,"Minnesota","Traverse County",2,70,31,15,16
050,27,155,"Minnesota","Traverse County",2,71,34,16,18
050,27,155,"Minnesota","Traverse County",2,72,40,21,19
050,27,155,"Minnesota","Traverse County",2,73,39,18,21
050,27,155,"Minnesota","Traverse County",2,74,25,12,13
050,27,155,"Minnesota","Traverse County",2,75,32,14,18
050,27,155,"Minnesota","Traverse County",2,76,26,10,16
050,27,155,"Minnesota","Traverse County",2,77,32,14,18
050,27,155,"Minnesota","Traverse County",2,78,36,16,20
050,27,155,"Minnesota","Traverse County",2,79,28,14,14
050,27,155,"Minnesota","Traverse County",2,80,23,12,11
050,27,155,"Minnesota","Traverse County",2,81,30,15,15
050,27,155,"Minnesota","Traverse County",2,82,27,13,14
050,27,155,"Minnesota","Traverse County",2,83,20,9,11
050,27,155,"Minnesota","Traverse County",2,84,18,8,10
050,27,155,"Minnesota","Traverse County",2,85,153,47,106
050,27,155,"Minnesota","Traverse County",3,0,38,21,17
050,27,155,"Minnesota","Traverse County",3,1,53,25,28
050,27,155,"Minnesota","Traverse County",3,2,41,19,22
050,27,155,"Minnesota","Traverse County",3,3,30,20,10
050,27,155,"Minnesota","Traverse County",3,4,39,17,22
050,27,155,"Minnesota","Traverse County",3,5,37,18,19
050,27,155,"Minnesota","Traverse County",3,6,45,25,20
050,27,155,"Minnesota","Traverse County",3,7,33,17,16
050,27,155,"Minnesota","Traverse County",3,8,40,24,16
050,27,155,"Minnesota","Traverse County",3,9,38,24,14
050,27,155,"Minnesota","Traverse County",3,10,42,25,17
050,27,155,"Minnesota","Traverse County",3,11,37,16,21
050,27,155,"Minnesota","Traverse County",3,12,42,18,24
050,27,155,"Minnesota","Traverse County",3,13,39,16,23
050,27,155,"Minnesota","Traverse County",3,14,41,22,19
050,27,155,"Minnesota","Traverse County",3,15,43,22,21
050,27,155,"Minnesota","Traverse County",3,16,40,24,16
050,27,155,"Minnesota","Traverse County",3,17,36,17,19
050,27,155,"Minnesota","Traverse County",3,18,37,16,21
050,27,155,"Minnesota","Traverse County",3,19,27,10,17
050,27,155,"Minnesota","Traverse County",3,20,25,14,11
050,27,155,"Minnesota","Traverse County",3,21,29,13,16
050,27,155,"Minnesota","Traverse County",3,22,32,17,15
050,27,155,"Minnesota","Traverse County",3,23,33,21,12
050,27,155,"Minnesota","Traverse County",3,24,37,19,18
050,27,155,"Minnesota","Traverse County",3,25,35,17,18
050,27,155,"Minnesota","Traverse County",3,26,24,13,11
050,27,155,"Minnesota","Traverse County",3,27,37,22,15
050,27,155,"Minnesota","Traverse County",3,28,29,15,14
050,27,155,"Minnesota","Traverse County",3,29,29,15,14
050,27,155,"Minnesota","Traverse County",3,30,29,18,11
050,27,155,"Minnesota","Traverse County",3,31,39,22,17
050,27,155,"Minnesota","Traverse County",3,32,30,15,15
050,27,155,"Minnesota","Traverse County",3,33,29,15,14
050,27,155,"Minnesota","Traverse County",3,34,24,14,10
050,27,155,"Minnesota","Traverse County",3,35,26,16,10
050,27,155,"Minnesota","Traverse County",3,36,29,15,14
050,27,155,"Minnesota","Traverse County",3,37,40,20,20
050,27,155,"Minnesota","Traverse County",3,38,41,21,20
050,27,155,"Minnesota","Traverse County",3,39,40,25,15
050,27,155,"Minnesota","Traverse County",3,40,42,28,14
050,27,155,"Minnesota","Traverse County",3,41,42,23,19
050,27,155,"Minnesota","Traverse County",3,42,34,17,17
050,27,155,"Minnesota","Traverse County",3,43,30,17,13
050,27,155,"Minnesota","Traverse County",3,44,30,17,13
050,27,155,"Minnesota","Traverse County",3,45,41,19,22
050,27,155,"Minnesota","Traverse County",3,46,37,20,17
050,27,155,"Minnesota","Traverse County",3,47,33,19,14
050,27,155,"Minnesota","Traverse County",3,48,27,14,13
050,27,155,"Minnesota","Traverse County",3,49,34,18,16
050,27,155,"Minnesota","Traverse County",3,50,39,21,18
050,27,155,"Minnesota","Traverse County",3,51,31,20,11
050,27,155,"Minnesota","Traverse County",3,52,30,19,11
050,27,155,"Minnesota","Traverse County",3,53,33,18,15
050,27,155,"Minnesota","Traverse County",3,54,36,17,19
050,27,155,"Minnesota","Traverse County",3,55,47,20,27
050,27,155,"Minnesota","Traverse County",3,56,49,23,26
050,27,155,"Minnesota","Traverse County",3,57,49,25,24
050,27,155,"Minnesota","Traverse County",3,58,56,28,28
050,27,155,"Minnesota","Traverse County",3,59,49,26,23
050,27,155,"Minnesota","Traverse County",3,60,48,24,24
050,27,155,"Minnesota","Traverse County",3,61,49,26,23
050,27,155,"Minnesota","Traverse County",3,62,51,26,25
050,27,155,"Minnesota","Traverse County",3,63,53,23,30
050,27,155,"Minnesota","Traverse County",3,64,51,23,28
050,27,155,"Minnesota","Traverse County",3,65,47,26,21
050,27,155,"Minnesota","Traverse County",3,66,57,32,25
050,27,155,"Minnesota","Traverse County",3,67,55,30,25
050,27,155,"Minnesota","Traverse County",3,68,51,26,25
050,27,155,"Minnesota","Traverse County",3,69,41,24,17
050,27,155,"Minnesota","Traverse County",3,70,36,22,14
050,27,155,"Minnesota","Traverse County",3,71,32,15,17
050,27,155,"Minnesota","Traverse County",3,72,31,14,17
050,27,155,"Minnesota","Traverse County",3,73,38,19,19
050,27,155,"Minnesota","Traverse County",3,74,33,17,16
050,27,155,"Minnesota","Traverse County",3,75,27,14,13
050,27,155,"Minnesota","Traverse County",3,76,27,10,17
050,27,155,"Minnesota","Traverse County",3,77,23,9,14
050,27,155,"Minnesota","Traverse County",3,78,33,13,20
050,27,155,"Minnesota","Traverse County",3,79,32,13,19
050,27,155,"Minnesota","Traverse County",3,80,25,12,13
050,27,155,"Minnesota","Traverse County",3,81,25,12,13
050,27,155,"Minnesota","Traverse County",3,82,29,14,15
050,27,155,"Minnesota","Traverse County",3,83,22,11,11
050,27,155,"Minnesota","Traverse County",3,84,21,11,10
050,27,155,"Minnesota","Traverse County",3,85,151,46,105
050,27,155,"Minnesota","Traverse County",4,0,31,17,14
050,27,155,"Minnesota","Traverse County",4,1,44,25,19
050,27,155,"Minnesota","Traverse County",4,2,52,25,27
050,27,155,"Minnesota","Traverse County",4,3,37,15,22
050,27,155,"Minnesota","Traverse County",4,4,31,20,11
050,27,155,"Minnesota","Traverse County",4,5,43,20,23
050,27,155,"Minnesota","Traverse County",4,6,36,16,20
050,27,155,"Minnesota","Traverse County",4,7,44,25,19
050,27,155,"Minnesota","Traverse County",4,8,35,17,18
050,27,155,"Minnesota","Traverse County",4,9,40,24,16
050,27,155,"Minnesota","Traverse County",4,10,40,24,16
050,27,155,"Minnesota","Traverse County",4,11,43,24,19
050,27,155,"Minnesota","Traverse County",4,12,34,15,19
050,27,155,"Minnesota","Traverse County",4,13,44,19,25
050,27,155,"Minnesota","Traverse County",4,14,41,16,25
050,27,155,"Minnesota","Traverse County",4,15,41,23,18
050,27,155,"Minnesota","Traverse County",4,16,45,24,21
050,27,155,"Minnesota","Traverse County",4,17,37,23,14
050,27,155,"Minnesota","Traverse County",4,18,30,15,15
050,27,155,"Minnesota","Traverse County",4,19,31,13,18
050,27,155,"Minnesota","Traverse County",4,20,22,10,12
050,27,155,"Minnesota","Traverse County",4,21,27,13,14
050,27,155,"Minnesota","Traverse County",4,22,30,14,16
050,27,155,"Minnesota","Traverse County",4,23,31,18,13
050,27,155,"Minnesota","Traverse County",4,24,31,24,7
050,27,155,"Minnesota","Traverse County",4,25,35,17,18
050,27,155,"Minnesota","Traverse County",4,26,31,18,13
050,27,155,"Minnesota","Traverse County",4,27,26,13,13
050,27,155,"Minnesota","Traverse County",4,28,37,22,15
050,27,155,"Minnesota","Traverse County",4,29,27,14,13
050,27,155,"Minnesota","Traverse County",4,30,30,16,14
050,27,155,"Minnesota","Traverse County",4,31,30,19,11
050,27,155,"Minnesota","Traverse County",4,32,38,20,18
050,27,155,"Minnesota","Traverse County",4,33,32,16,16
050,27,155,"Minnesota","Traverse County",4,34,31,18,13
050,27,155,"Minnesota","Traverse County",4,35,27,15,12
050,27,155,"Minnesota","Traverse County",4,36,26,16,10
050,27,155,"Minnesota","Traverse County",4,37,25,13,12
050,27,155,"Minnesota","Traverse County",4,38,41,19,22
050,27,155,"Minnesota","Traverse County",4,39,41,21,20
050,27,155,"Minnesota","Traverse County",4,40,47,31,16
050,27,155,"Minnesota","Traverse County",4,41,43,29,14
050,27,155,"Minnesota","Traverse County",4,42,42,24,18
050,27,155,"Minnesota","Traverse County",4,43,34,17,17
050,27,155,"Minnesota","Traverse County",4,44,31,17,14
050,27,155,"Minnesota","Traverse County",4,45,31,17,14
050,27,155,"Minnesota","Traverse County",4,46,38,17,21
050,27,155,"Minnesota","Traverse County",4,47,36,20,16
050,27,155,"Minnesota","Traverse County",4,48,33,19,14
050,27,155,"Minnesota","Traverse County",4,49,30,17,13
050,27,155,"Minnesota","Traverse County",4,50,35,19,16
050,27,155,"Minnesota","Traverse County",4,51,34,16,18
050,27,155,"Minnesota","Traverse County",4,52,34,22,12
050,27,155,"Minnesota","Traverse County",4,53,30,19,11
050,27,155,"Minnesota","Traverse County",4,54,29,14,15
050,27,155,"Minnesota","Traverse County",4,55,36,16,20
050,27,155,"Minnesota","Traverse County",4,56,44,19,25
050,27,155,"Minnesota","Traverse County",4,57,48,22,26
050,27,155,"Minnesota","Traverse County",4,58,48,24,24
050,27,155,"Minnesota","Traverse County",4,59,63,35,28
050,27,155,"Minnesota","Traverse County",4,60,49,25,24
050,27,155,"Minnesota","Traverse County",4,61,45,21,24
050,27,155,"Minnesota","Traverse County",4,62,48,26,22
050,27,155,"Minnesota","Traverse County",4,63,49,25,24
050,27,155,"Minnesota","Traverse County",4,64,55,22,33
050,27,155,"Minnesota","Traverse County",4,65,48,23,25
050,27,155,"Minnesota","Traverse County",4,66,47,28,19
050,27,155,"Minnesota","Traverse County",4,67,59,33,26
050,27,155,"Minnesota","Traverse County",4,68,55,29,26
050,27,155,"Minnesota","Traverse County",4,69,47,25,22
050,27,155,"Minnesota","Traverse County",4,70,41,25,16
050,27,155,"Minnesota","Traverse County",4,71,34,20,14
050,27,155,"Minnesota","Traverse County",4,72,30,14,16
050,27,155,"Minnesota","Traverse County",4,73,31,14,17
050,27,155,"Minnesota","Traverse County",4,74,35,18,17
050,27,155,"Minnesota","Traverse County",4,75,34,19,15
050,27,155,"Minnesota","Traverse County",4,76,18,8,10
050,27,155,"Minnesota","Traverse County",4,77,27,12,15
050,27,155,"Minnesota","Traverse County",4,78,24,7,17
050,27,155,"Minnesota","Traverse County",4,79,30,14,16
050,27,155,"Minnesota","Traverse County",4,80,31,13,18
050,27,155,"Minnesota","Traverse County",4,81,29,14,15
050,27,155,"Minnesota","Traverse County",4,82,20,9,11
050,27,155,"Minnesota","Traverse County",4,83,22,10,12
050,27,155,"Minnesota","Traverse County",4,84,22,11,11
050,27,155,"Minnesota","Traverse County",4,85,149,49,100
050,27,155,"Minnesota","Traverse County",5,0,24,13,11
050,27,155,"Minnesota","Traverse County",5,1,25,14,11
050,27,155,"Minnesota","Traverse County",5,2,43,21,22
050,27,155,"Minnesota","Traverse County",5,3,46,25,21
050,27,155,"Minnesota","Traverse County",5,4,36,14,22
050,27,155,"Minnesota","Traverse County",5,5,27,18,9
050,27,155,"Minnesota","Traverse County",5,6,38,18,20
050,27,155,"Minnesota","Traverse County",5,7,37,15,22
050,27,155,"Minnesota","Traverse County",5,8,43,26,17
050,27,155,"Minnesota","Traverse County",5,9,32,15,17
050,27,155,"Minnesota","Traverse County",5,10,35,20,15
050,27,155,"Minnesota","Traverse County",5,11,41,25,16
050,27,155,"Minnesota","Traverse County",5,12,40,24,16
050,27,155,"Minnesota","Traverse County",5,13,38,19,19
050,27,155,"Minnesota","Traverse County",5,14,44,18,26
050,27,155,"Minnesota","Traverse County",5,15,41,16,25
050,27,155,"Minnesota","Traverse County",5,16,39,21,18
050,27,155,"Minnesota","Traverse County",5,17,40,21,19
050,27,155,"Minnesota","Traverse County",5,18,32,20,12
050,27,155,"Minnesota","Traverse County",5,19,24,10,14
050,27,155,"Minnesota","Traverse County",5,20,32,14,18
050,27,155,"Minnesota","Traverse County",5,21,24,12,12
050,27,155,"Minnesota","Traverse County",5,22,28,15,13
050,27,155,"Minnesota","Traverse County",5,23,31,15,16
050,27,155,"Minnesota","Traverse County",5,24,24,15,9
050,27,155,"Minnesota","Traverse County",5,25,23,17,6
050,27,155,"Minnesota","Traverse County",5,26,41,23,18
050,27,155,"Minnesota","Traverse County",5,27,30,16,14
050,27,155,"Minnesota","Traverse County",5,28,24,12,12
050,27,155,"Minnesota","Traverse County",5,29,37,21,16
050,27,155,"Minnesota","Traverse County",5,30,33,19,14
050,27,155,"Minnesota","Traverse County",5,31,29,14,15
050,27,155,"Minnesota","Traverse County",5,32,30,20,10
050,27,155,"Minnesota","Traverse County",5,33,40,25,15
050,27,155,"Minnesota","Traverse County",5,34,25,12,13
050,27,155,"Minnesota","Traverse County",5,35,32,19,13
050,27,155,"Minnesota","Traverse County",5,36,29,17,12
050,27,155,"Minnesota","Traverse County",5,37,28,19,9
050,27,155,"Minnesota","Traverse County",5,38,28,15,13
050,27,155,"Minnesota","Traverse County",5,39,42,19,23
050,27,155,"Minnesota","Traverse County",5,40,39,18,21
050,27,155,"Minnesota","Traverse County",5,41,38,23,15
050,27,155,"Minnesota","Traverse County",5,42,42,29,13
050,27,155,"Minnesota","Traverse County",5,43,42,24,18
050,27,155,"Minnesota","Traverse County",5,44,35,18,17
050,27,155,"Minnesota","Traverse County",5,45,30,16,14
050,27,155,"Minnesota","Traverse County",5,46,29,16,13
050,27,155,"Minnesota","Traverse County",5,47,36,16,20
050,27,155,"Minnesota","Traverse County",5,48,36,20,16
050,27,155,"Minnesota","Traverse County",5,49,31,17,14
050,27,155,"Minnesota","Traverse County",5,50,31,18,13
050,27,155,"Minnesota","Traverse County",5,51,34,17,17
050,27,155,"Minnesota","Traverse County",5,52,35,18,17
050,27,155,"Minnesota","Traverse County",5,53,33,21,12
050,27,155,"Minnesota","Traverse County",5,54,28,17,11
050,27,155,"Minnesota","Traverse County",5,55,28,12,16
050,27,155,"Minnesota","Traverse County",5,56,34,14,20
050,27,155,"Minnesota","Traverse County",5,57,43,20,23
050,27,155,"Minnesota","Traverse County",5,58,46,22,24
050,27,155,"Minnesota","Traverse County",5,59,48,24,24
050,27,155,"Minnesota","Traverse County",5,60,60,32,28
050,27,155,"Minnesota","Traverse County",5,61,47,22,25
050,27,155,"Minnesota","Traverse County",5,62,45,21,24
050,27,155,"Minnesota","Traverse County",5,63,48,26,22
050,27,155,"Minnesota","Traverse County",5,64,49,25,24
050,27,155,"Minnesota","Traverse County",5,65,53,23,30
050,27,155,"Minnesota","Traverse County",5,66,45,23,22
050,27,155,"Minnesota","Traverse County",5,67,49,30,19
050,27,155,"Minnesota","Traverse County",5,68,59,31,28
050,27,155,"Minnesota","Traverse County",5,69,51,28,23
050,27,155,"Minnesota","Traverse County",5,70,45,24,21
050,27,155,"Minnesota","Traverse County",5,71,38,22,16
050,27,155,"Minnesota","Traverse County",5,72,32,19,13
050,27,155,"Minnesota","Traverse County",5,73,32,14,18
050,27,155,"Minnesota","Traverse County",5,74,32,16,16
050,27,155,"Minnesota","Traverse County",5,75,38,21,17
050,27,155,"Minnesota","Traverse County",5,76,26,14,12
050,27,155,"Minnesota","Traverse County",5,77,16,7,9
050,27,155,"Minnesota","Traverse County",5,78,29,11,18
050,27,155,"Minnesota","Traverse County",5,79,22,7,15
050,27,155,"Minnesota","Traverse County",5,80,28,14,14
050,27,155,"Minnesota","Traverse County",5,81,34,15,19
050,27,155,"Minnesota","Traverse County",5,82,23,11,12
050,27,155,"Minnesota","Traverse County",5,83,12,4,8
050,27,155,"Minnesota","Traverse County",5,84,22,12,10
050,27,155,"Minnesota","Traverse County",5,85,148,53,95
050,27,157,"Minnesota","Wabasha County",1,0,220,112,108
050,27,157,"Minnesota","Wabasha County",1,1,249,117,132
050,27,157,"Minnesota","Wabasha County",1,2,238,124,114
050,27,157,"Minnesota","Wabasha County",1,3,255,143,112
050,27,157,"Minnesota","Wabasha County",1,4,245,126,119
050,27,157,"Minnesota","Wabasha County",1,5,241,112,129
050,27,157,"Minnesota","Wabasha County",1,6,250,130,120
050,27,157,"Minnesota","Wabasha County",1,7,255,136,119
050,27,157,"Minnesota","Wabasha County",1,8,266,143,123
050,27,157,"Minnesota","Wabasha County",1,9,269,144,125
050,27,157,"Minnesota","Wabasha County",1,10,263,138,125
050,27,157,"Minnesota","Wabasha County",1,11,294,153,141
050,27,157,"Minnesota","Wabasha County",1,12,307,158,149
050,27,157,"Minnesota","Wabasha County",1,13,275,146,129
050,27,157,"Minnesota","Wabasha County",1,14,275,137,138
050,27,157,"Minnesota","Wabasha County",1,15,286,144,142
050,27,157,"Minnesota","Wabasha County",1,16,274,140,134
050,27,157,"Minnesota","Wabasha County",1,17,272,135,137
050,27,157,"Minnesota","Wabasha County",1,18,228,117,111
050,27,157,"Minnesota","Wabasha County",1,19,170,92,78
050,27,157,"Minnesota","Wabasha County",1,20,164,88,76
050,27,157,"Minnesota","Wabasha County",1,21,189,93,96
050,27,157,"Minnesota","Wabasha County",1,22,194,88,106
050,27,157,"Minnesota","Wabasha County",1,23,203,104,99
050,27,157,"Minnesota","Wabasha County",1,24,203,93,110
050,27,157,"Minnesota","Wabasha County",1,25,200,94,106
050,27,157,"Minnesota","Wabasha County",1,26,211,105,106
050,27,157,"Minnesota","Wabasha County",1,27,208,109,99
050,27,157,"Minnesota","Wabasha County",1,28,224,107,117
050,27,157,"Minnesota","Wabasha County",1,29,216,111,105
050,27,157,"Minnesota","Wabasha County",1,30,208,99,109
050,27,157,"Minnesota","Wabasha County",1,31,202,98,104
050,27,157,"Minnesota","Wabasha County",1,32,216,118,98
050,27,157,"Minnesota","Wabasha County",1,33,247,123,124
050,27,157,"Minnesota","Wabasha County",1,34,246,130,116
050,27,157,"Minnesota","Wabasha County",1,35,260,121,139
050,27,157,"Minnesota","Wabasha County",1,36,255,128,127
050,27,157,"Minnesota","Wabasha County",1,37,243,126,117
050,27,157,"Minnesota","Wabasha County",1,38,249,128,121
050,27,157,"Minnesota","Wabasha County",1,39,240,130,110
050,27,157,"Minnesota","Wabasha County",1,40,245,131,114
050,27,157,"Minnesota","Wabasha County",1,41,247,128,119
050,27,157,"Minnesota","Wabasha County",1,42,222,116,106
050,27,157,"Minnesota","Wabasha County",1,43,209,111,98
050,27,157,"Minnesota","Wabasha County",1,44,219,114,105
050,27,157,"Minnesota","Wabasha County",1,45,223,119,104
050,27,157,"Minnesota","Wabasha County",1,46,218,113,105
050,27,157,"Minnesota","Wabasha County",1,47,230,124,106
050,27,157,"Minnesota","Wabasha County",1,48,265,127,138
050,27,157,"Minnesota","Wabasha County",1,49,256,123,133
050,27,157,"Minnesota","Wabasha County",1,50,263,131,132
050,27,157,"Minnesota","Wabasha County",1,51,264,146,118
050,27,157,"Minnesota","Wabasha County",1,52,275,138,137
050,27,157,"Minnesota","Wabasha County",1,53,296,142,154
050,27,157,"Minnesota","Wabasha County",1,54,294,155,139
050,27,157,"Minnesota","Wabasha County",1,55,321,157,164
050,27,157,"Minnesota","Wabasha County",1,56,344,175,169
050,27,157,"Minnesota","Wabasha County",1,57,345,182,163
050,27,157,"Minnesota","Wabasha County",1,58,353,177,176
050,27,157,"Minnesota","Wabasha County",1,59,353,180,173
050,27,157,"Minnesota","Wabasha County",1,60,327,165,162
050,27,157,"Minnesota","Wabasha County",1,61,336,170,166
050,27,157,"Minnesota","Wabasha County",1,62,339,170,169
050,27,157,"Minnesota","Wabasha County",1,63,336,171,165
050,27,157,"Minnesota","Wabasha County",1,64,315,159,156
050,27,157,"Minnesota","Wabasha County",1,65,341,180,161
050,27,157,"Minnesota","Wabasha County",1,66,292,152,140
050,27,157,"Minnesota","Wabasha County",1,67,282,157,125
050,27,157,"Minnesota","Wabasha County",1,68,295,160,135
050,27,157,"Minnesota","Wabasha County",1,69,274,141,133
050,27,157,"Minnesota","Wabasha County",1,70,267,132,135
050,27,157,"Minnesota","Wabasha County",1,71,254,119,135
050,27,157,"Minnesota","Wabasha County",1,72,269,124,145
050,27,157,"Minnesota","Wabasha County",1,73,272,130,142
050,27,157,"Minnesota","Wabasha County",1,74,187,96,91
050,27,157,"Minnesota","Wabasha County",1,75,190,95,95
050,27,157,"Minnesota","Wabasha County",1,76,176,79,97
050,27,157,"Minnesota","Wabasha County",1,77,172,77,95
050,27,157,"Minnesota","Wabasha County",1,78,162,74,88
050,27,157,"Minnesota","Wabasha County",1,79,143,74,69
050,27,157,"Minnesota","Wabasha County",1,80,152,76,76
050,27,157,"Minnesota","Wabasha County",1,81,122,63,59
050,27,157,"Minnesota","Wabasha County",1,82,117,53,64
050,27,157,"Minnesota","Wabasha County",1,83,113,52,61
050,27,157,"Minnesota","Wabasha County",1,84,92,45,47
050,27,157,"Minnesota","Wabasha County",1,85,607,231,376
050,27,157,"Minnesota","Wabasha County",2,0,233,116,117
050,27,157,"Minnesota","Wabasha County",2,1,245,117,128
050,27,157,"Minnesota","Wabasha County",2,2,246,126,120
050,27,157,"Minnesota","Wabasha County",2,3,251,138,113
050,27,157,"Minnesota","Wabasha County",2,4,247,129,118
050,27,157,"Minnesota","Wabasha County",2,5,243,116,127
050,27,157,"Minnesota","Wabasha County",2,6,250,128,122
050,27,157,"Minnesota","Wabasha County",2,7,256,136,120
050,27,157,"Minnesota","Wabasha County",2,8,264,142,122
050,27,157,"Minnesota","Wabasha County",2,9,269,145,124
050,27,157,"Minnesota","Wabasha County",2,10,266,140,126
050,27,157,"Minnesota","Wabasha County",2,11,288,152,136
050,27,157,"Minnesota","Wabasha County",2,12,301,157,144
050,27,157,"Minnesota","Wabasha County",2,13,282,150,132
050,27,157,"Minnesota","Wabasha County",2,14,274,139,135
050,27,157,"Minnesota","Wabasha County",2,15,284,143,141
050,27,157,"Minnesota","Wabasha County",2,16,277,141,136
050,27,157,"Minnesota","Wabasha County",2,17,275,136,139
050,27,157,"Minnesota","Wabasha County",2,18,223,115,108
050,27,157,"Minnesota","Wabasha County",2,19,174,92,82
050,27,157,"Minnesota","Wabasha County",2,20,171,91,80
050,27,157,"Minnesota","Wabasha County",2,21,187,93,94
050,27,157,"Minnesota","Wabasha County",2,22,194,91,103
050,27,157,"Minnesota","Wabasha County",2,23,201,100,101
050,27,157,"Minnesota","Wabasha County",2,24,202,95,107
050,27,157,"Minnesota","Wabasha County",2,25,199,92,107
050,27,157,"Minnesota","Wabasha County",2,26,208,103,105
050,27,157,"Minnesota","Wabasha County",2,27,212,108,104
050,27,157,"Minnesota","Wabasha County",2,28,221,109,112
050,27,157,"Minnesota","Wabasha County",2,29,219,111,108
050,27,157,"Minnesota","Wabasha County",2,30,214,103,111
050,27,157,"Minnesota","Wabasha County",2,31,206,99,107
050,27,157,"Minnesota","Wabasha County",2,32,214,114,100
050,27,157,"Minnesota","Wabasha County",2,33,241,122,119
050,27,157,"Minnesota","Wabasha County",2,34,249,130,119
050,27,157,"Minnesota","Wabasha County",2,35,260,124,136
050,27,157,"Minnesota","Wabasha County",2,36,254,125,129
050,27,157,"Minnesota","Wabasha County",2,37,246,127,119
050,27,157,"Minnesota","Wabasha County",2,38,250,129,121
050,27,157,"Minnesota","Wabasha County",2,39,243,130,113
050,27,157,"Minnesota","Wabasha County",2,40,244,131,113
050,27,157,"Minnesota","Wabasha County",2,41,247,129,118
050,27,157,"Minnesota","Wabasha County",2,42,226,118,108
050,27,157,"Minnesota","Wabasha County",2,43,213,112,101
050,27,157,"Minnesota","Wabasha County",2,44,215,113,102
050,27,157,"Minnesota","Wabasha County",2,45,224,119,105
050,27,157,"Minnesota","Wabasha County",2,46,216,113,103
050,27,157,"Minnesota","Wabasha County",2,47,227,121,106
050,27,157,"Minnesota","Wabasha County",2,48,256,126,130
050,27,157,"Minnesota","Wabasha County",2,49,260,126,134
050,27,157,"Minnesota","Wabasha County",2,50,261,129,132
050,27,157,"Minnesota","Wabasha County",2,51,263,142,121
050,27,157,"Minnesota","Wabasha County",2,52,273,139,134
050,27,157,"Minnesota","Wabasha County",2,53,291,142,149
050,27,157,"Minnesota","Wabasha County",2,54,294,152,142
050,27,157,"Minnesota","Wabasha County",2,55,314,158,156
050,27,157,"Minnesota","Wabasha County",2,56,344,174,170
050,27,157,"Minnesota","Wabasha County",2,57,346,180,166
050,27,157,"Minnesota","Wabasha County",2,58,353,179,174
050,27,157,"Minnesota","Wabasha County",2,59,353,179,174
050,27,157,"Minnesota","Wabasha County",2,60,331,168,163
050,27,157,"Minnesota","Wabasha County",2,61,331,165,166
050,27,157,"Minnesota","Wabasha County",2,62,337,169,168
050,27,157,"Minnesota","Wabasha County",2,63,338,170,168
050,27,157,"Minnesota","Wabasha County",2,64,318,161,157
050,27,157,"Minnesota","Wabasha County",2,65,334,175,159
050,27,157,"Minnesota","Wabasha County",2,66,303,157,146
050,27,157,"Minnesota","Wabasha County",2,67,284,156,128
050,27,157,"Minnesota","Wabasha County",2,68,288,156,132
050,27,157,"Minnesota","Wabasha County",2,69,277,145,132
050,27,157,"Minnesota","Wabasha County",2,70,268,133,135
050,27,157,"Minnesota","Wabasha County",2,71,255,120,135
050,27,157,"Minnesota","Wabasha County",2,72,261,121,140
050,27,157,"Minnesota","Wabasha County",2,73,285,135,150
050,27,157,"Minnesota","Wabasha County",2,74,192,97,95
050,27,157,"Minnesota","Wabasha County",2,75,187,94,93
050,27,157,"Minnesota","Wabasha County",2,76,177,82,95
050,27,157,"Minnesota","Wabasha County",2,77,177,79,98
050,27,157,"Minnesota","Wabasha County",2,78,159,73,86
050,27,157,"Minnesota","Wabasha County",2,79,146,73,73
050,27,157,"Minnesota","Wabasha County",2,80,148,74,74
050,27,157,"Minnesota","Wabasha County",2,81,126,63,63
050,27,157,"Minnesota","Wabasha County",2,82,119,56,63
050,27,157,"Minnesota","Wabasha County",2,83,112,51,61
050,27,157,"Minnesota","Wabasha County",2,84,97,46,51
050,27,157,"Minnesota","Wabasha County",2,85,598,228,370
050,27,157,"Minnesota","Wabasha County",3,0,216,108,108
050,27,157,"Minnesota","Wabasha County",3,1,247,124,123
050,27,157,"Minnesota","Wabasha County",3,2,248,119,129
050,27,157,"Minnesota","Wabasha County",3,3,245,127,118
050,27,157,"Minnesota","Wabasha County",3,4,250,136,114
050,27,157,"Minnesota","Wabasha County",3,5,248,123,125
050,27,157,"Minnesota","Wabasha County",3,6,244,119,125
050,27,157,"Minnesota","Wabasha County",3,7,250,130,120
050,27,157,"Minnesota","Wabasha County",3,8,261,140,121
050,27,157,"Minnesota","Wabasha County",3,9,260,139,121
050,27,157,"Minnesota","Wabasha County",3,10,280,148,132
050,27,157,"Minnesota","Wabasha County",3,11,261,137,124
050,27,157,"Minnesota","Wabasha County",3,12,292,149,143
050,27,157,"Minnesota","Wabasha County",3,13,295,150,145
050,27,157,"Minnesota","Wabasha County",3,14,290,150,140
050,27,157,"Minnesota","Wabasha County",3,15,286,148,138
050,27,157,"Minnesota","Wabasha County",3,16,288,144,144
050,27,157,"Minnesota","Wabasha County",3,17,284,144,140
050,27,157,"Minnesota","Wabasha County",3,18,234,120,114
050,27,157,"Minnesota","Wabasha County",3,19,174,91,83
050,27,157,"Minnesota","Wabasha County",3,20,193,95,98
050,27,157,"Minnesota","Wabasha County",3,21,180,94,86
050,27,157,"Minnesota","Wabasha County",3,22,184,90,94
050,27,157,"Minnesota","Wabasha County",3,23,202,95,107
050,27,157,"Minnesota","Wabasha County",3,24,201,105,96
050,27,157,"Minnesota","Wabasha County",3,25,193,92,101
050,27,157,"Minnesota","Wabasha County",3,26,193,85,108
050,27,157,"Minnesota","Wabasha County",3,27,227,112,115
050,27,157,"Minnesota","Wabasha County",3,28,219,112,107
050,27,157,"Minnesota","Wabasha County",3,29,233,114,119
050,27,157,"Minnesota","Wabasha County",3,30,215,106,109
050,27,157,"Minnesota","Wabasha County",3,31,224,109,115
050,27,157,"Minnesota","Wabasha County",3,32,213,100,113
050,27,157,"Minnesota","Wabasha County",3,33,218,115,103
050,27,157,"Minnesota","Wabasha County",3,34,236,120,116
050,27,157,"Minnesota","Wabasha County",3,35,252,128,124
050,27,157,"Minnesota","Wabasha County",3,36,277,136,141
050,27,157,"Minnesota","Wabasha County",3,37,256,122,134
050,27,157,"Minnesota","Wabasha County",3,38,244,125,119
050,27,157,"Minnesota","Wabasha County",3,39,254,132,122
050,27,157,"Minnesota","Wabasha County",3,40,240,126,114
050,27,157,"Minnesota","Wabasha County",3,41,240,127,113
050,27,157,"Minnesota","Wabasha County",3,42,241,125,116
050,27,157,"Minnesota","Wabasha County",3,43,230,122,108
050,27,157,"Minnesota","Wabasha County",3,44,218,117,101
050,27,157,"Minnesota","Wabasha County",3,45,207,109,98
050,27,157,"Minnesota","Wabasha County",3,46,222,117,105
050,27,157,"Minnesota","Wabasha County",3,47,221,115,106
050,27,157,"Minnesota","Wabasha County",3,48,234,126,108
050,27,157,"Minnesota","Wabasha County",3,49,255,131,124
050,27,157,"Minnesota","Wabasha County",3,50,271,131,140
050,27,157,"Minnesota","Wabasha County",3,51,255,126,129
050,27,157,"Minnesota","Wabasha County",3,52,264,140,124
050,27,157,"Minnesota","Wabasha County",3,53,278,139,139
050,27,157,"Minnesota","Wabasha County",3,54,284,142,142
050,27,157,"Minnesota","Wabasha County",3,55,299,152,147
050,27,157,"Minnesota","Wabasha County",3,56,317,164,153
050,27,157,"Minnesota","Wabasha County",3,57,346,175,171
050,27,157,"Minnesota","Wabasha County",3,58,346,178,168
050,27,157,"Minnesota","Wabasha County",3,59,362,180,182
050,27,157,"Minnesota","Wabasha County",3,60,348,174,174
050,27,157,"Minnesota","Wabasha County",3,61,330,171,159
050,27,157,"Minnesota","Wabasha County",3,62,325,162,163
050,27,157,"Minnesota","Wabasha County",3,63,335,169,166
050,27,157,"Minnesota","Wabasha County",3,64,348,176,172
050,27,157,"Minnesota","Wabasha County",3,65,317,159,158
050,27,157,"Minnesota","Wabasha County",3,66,333,173,160
050,27,157,"Minnesota","Wabasha County",3,67,303,159,144
050,27,157,"Minnesota","Wabasha County",3,68,279,151,128
050,27,157,"Minnesota","Wabasha County",3,69,285,153,132
050,27,157,"Minnesota","Wabasha County",3,70,270,139,131
050,27,157,"Minnesota","Wabasha County",3,71,266,132,134
050,27,157,"Minnesota","Wabasha County",3,72,251,115,136
050,27,157,"Minnesota","Wabasha County",3,73,254,117,137
050,27,157,"Minnesota","Wabasha County",3,74,274,130,144
050,27,157,"Minnesota","Wabasha County",3,75,188,96,92
050,27,157,"Minnesota","Wabasha County",3,76,183,89,94
050,27,157,"Minnesota","Wabasha County",3,77,174,78,96
050,27,157,"Minnesota","Wabasha County",3,78,171,77,94
050,27,157,"Minnesota","Wabasha County",3,79,154,71,83
050,27,157,"Minnesota","Wabasha County",3,80,143,68,75
050,27,157,"Minnesota","Wabasha County",3,81,138,69,69
050,27,157,"Minnesota","Wabasha County",3,82,129,63,66
050,27,157,"Minnesota","Wabasha County",3,83,108,51,57
050,27,157,"Minnesota","Wabasha County",3,84,103,45,58
050,27,157,"Minnesota","Wabasha County",3,85,609,243,366
050,27,157,"Minnesota","Wabasha County",4,0,228,111,117
050,27,157,"Minnesota","Wabasha County",4,1,229,119,110
050,27,157,"Minnesota","Wabasha County",4,2,246,120,126
050,27,157,"Minnesota","Wabasha County",4,3,261,129,132
050,27,157,"Minnesota","Wabasha County",4,4,234,113,121
050,27,157,"Minnesota","Wabasha County",4,5,247,133,114
050,27,157,"Minnesota","Wabasha County",4,6,252,125,127
050,27,157,"Minnesota","Wabasha County",4,7,253,121,132
050,27,157,"Minnesota","Wabasha County",4,8,248,125,123
050,27,157,"Minnesota","Wabasha County",4,9,257,133,124
050,27,157,"Minnesota","Wabasha County",4,10,264,140,124
050,27,157,"Minnesota","Wabasha County",4,11,288,153,135
050,27,157,"Minnesota","Wabasha County",4,12,264,140,124
050,27,157,"Minnesota","Wabasha County",4,13,301,153,148
050,27,157,"Minnesota","Wabasha County",4,14,293,147,146
050,27,157,"Minnesota","Wabasha County",4,15,295,157,138
050,27,157,"Minnesota","Wabasha County",4,16,287,146,141
050,27,157,"Minnesota","Wabasha County",4,17,288,144,144
050,27,157,"Minnesota","Wabasha County",4,18,240,123,117
050,27,157,"Minnesota","Wabasha County",4,19,179,92,87
050,27,157,"Minnesota","Wabasha County",4,20,188,97,91
050,27,157,"Minnesota","Wabasha County",4,21,203,104,99
050,27,157,"Minnesota","Wabasha County",4,22,187,88,99
050,27,157,"Minnesota","Wabasha County",4,23,201,104,97
050,27,157,"Minnesota","Wabasha County",4,24,220,106,114
050,27,157,"Minnesota","Wabasha County",4,25,201,109,92
050,27,157,"Minnesota","Wabasha County",4,26,199,100,99
050,27,157,"Minnesota","Wabasha County",4,27,217,97,120
050,27,157,"Minnesota","Wabasha County",4,28,234,121,113
050,27,157,"Minnesota","Wabasha County",4,29,228,116,112
050,27,157,"Minnesota","Wabasha County",4,30,232,115,117
050,27,157,"Minnesota","Wabasha County",4,31,211,105,106
050,27,157,"Minnesota","Wabasha County",4,32,227,108,119
050,27,157,"Minnesota","Wabasha County",4,33,206,98,108
050,27,157,"Minnesota","Wabasha County",4,34,231,128,103
050,27,157,"Minnesota","Wabasha County",4,35,236,115,121
050,27,157,"Minnesota","Wabasha County",4,36,268,140,128
050,27,157,"Minnesota","Wabasha County",4,37,275,139,136
050,27,157,"Minnesota","Wabasha County",4,38,241,116,125
050,27,157,"Minnesota","Wabasha County",4,39,248,131,117
050,27,157,"Minnesota","Wabasha County",4,40,254,128,126
050,27,157,"Minnesota","Wabasha County",4,41,246,128,118
050,27,157,"Minnesota","Wabasha County",4,42,252,136,116
050,27,157,"Minnesota","Wabasha County",4,43,240,125,115
050,27,157,"Minnesota","Wabasha County",4,44,232,127,105
050,27,157,"Minnesota","Wabasha County",4,45,214,115,99
050,27,157,"Minnesota","Wabasha County",4,46,215,112,103
050,27,157,"Minnesota","Wabasha County",4,47,221,116,105
050,27,157,"Minnesota","Wabasha County",4,48,221,112,109
050,27,157,"Minnesota","Wabasha County",4,49,238,131,107
050,27,157,"Minnesota","Wabasha County",4,50,256,132,124
050,27,157,"Minnesota","Wabasha County",4,51,281,136,145
050,27,157,"Minnesota","Wabasha County",4,52,257,125,132
050,27,157,"Minnesota","Wabasha County",4,53,257,135,122
050,27,157,"Minnesota","Wabasha County",4,54,269,131,138
050,27,157,"Minnesota","Wabasha County",4,55,278,141,137
050,27,157,"Minnesota","Wabasha County",4,56,287,144,143
050,27,157,"Minnesota","Wabasha County",4,57,314,165,149
050,27,157,"Minnesota","Wabasha County",4,58,367,189,178
050,27,157,"Minnesota","Wabasha County",4,59,344,172,172
050,27,157,"Minnesota","Wabasha County",4,60,363,179,184
050,27,157,"Minnesota","Wabasha County",4,61,346,174,172
050,27,157,"Minnesota","Wabasha County",4,62,339,172,167
050,27,157,"Minnesota","Wabasha County",4,63,324,164,160
050,27,157,"Minnesota","Wabasha County",4,64,329,166,163
050,27,157,"Minnesota","Wabasha County",4,65,350,178,172
050,27,157,"Minnesota","Wabasha County",4,66,323,160,163
050,27,157,"Minnesota","Wabasha County",4,67,341,182,159
050,27,157,"Minnesota","Wabasha County",4,68,298,154,144
050,27,157,"Minnesota","Wabasha County",4,69,270,144,126
050,27,157,"Minnesota","Wabasha County",4,70,278,149,129
050,27,157,"Minnesota","Wabasha County",4,71,271,139,132
050,27,157,"Minnesota","Wabasha County",4,72,268,132,136
050,27,157,"Minnesota","Wabasha County",4,73,249,114,135
050,27,157,"Minnesota","Wabasha County",4,74,247,115,132
050,27,157,"Minnesota","Wabasha County",4,75,262,124,138
050,27,157,"Minnesota","Wabasha County",4,76,186,94,92
050,27,157,"Minnesota","Wabasha County",4,77,178,84,94
050,27,157,"Minnesota","Wabasha County",4,78,167,74,93
050,27,157,"Minnesota","Wabasha County",4,79,169,79,90
050,27,157,"Minnesota","Wabasha County",4,80,150,69,81
050,27,157,"Minnesota","Wabasha County",4,81,125,58,67
050,27,157,"Minnesota","Wabasha County",4,82,135,66,69
050,27,157,"Minnesota","Wabasha County",4,83,112,53,59
050,27,157,"Minnesota","Wabasha County",4,84,96,43,53
050,27,157,"Minnesota","Wabasha County",4,85,626,259,367
050,27,157,"Minnesota","Wabasha County",5,0,220,107,113
050,27,157,"Minnesota","Wabasha County",5,1,242,112,130
050,27,157,"Minnesota","Wabasha County",5,2,225,114,111
050,27,157,"Minnesota","Wabasha County",5,3,255,124,131
050,27,157,"Minnesota","Wabasha County",5,4,268,129,139
050,27,157,"Minnesota","Wabasha County",5,5,241,116,125
050,27,157,"Minnesota","Wabasha County",5,6,249,136,113
050,27,157,"Minnesota","Wabasha County",5,7,260,130,130
050,27,157,"Minnesota","Wabasha County",5,8,252,122,130
050,27,157,"Minnesota","Wabasha County",5,9,240,121,119
050,27,157,"Minnesota","Wabasha County",5,10,265,138,127
050,27,157,"Minnesota","Wabasha County",5,11,260,134,126
050,27,157,"Minnesota","Wabasha County",5,12,292,153,139
050,27,157,"Minnesota","Wabasha County",5,13,261,137,124
050,27,157,"Minnesota","Wabasha County",5,14,300,152,148
050,27,157,"Minnesota","Wabasha County",5,15,297,145,152
050,27,157,"Minnesota","Wabasha County",5,16,302,163,139
050,27,157,"Minnesota","Wabasha County",5,17,290,148,142
050,27,157,"Minnesota","Wabasha County",5,18,237,124,113
050,27,157,"Minnesota","Wabasha County",5,19,177,92,85
050,27,157,"Minnesota","Wabasha County",5,20,185,97,88
050,27,157,"Minnesota","Wabasha County",5,21,209,106,103
050,27,157,"Minnesota","Wabasha County",5,22,202,103,99
050,27,157,"Minnesota","Wabasha County",5,23,201,100,101
050,27,157,"Minnesota","Wabasha County",5,24,201,104,97
050,27,157,"Minnesota","Wabasha County",5,25,204,101,103
050,27,157,"Minnesota","Wabasha County",5,26,205,110,95
050,27,157,"Minnesota","Wabasha County",5,27,200,96,104
050,27,157,"Minnesota","Wabasha County",5,28,224,99,125
050,27,157,"Minnesota","Wabasha County",5,29,238,122,116
050,27,157,"Minnesota","Wabasha County",5,30,223,114,109
050,27,157,"Minnesota","Wabasha County",5,31,238,117,121
050,27,157,"Minnesota","Wabasha County",5,32,207,108,99
050,27,157,"Minnesota","Wabasha County",5,33,236,112,124
050,27,157,"Minnesota","Wabasha County",5,34,204,101,103
050,27,157,"Minnesota","Wabasha County",5,35,233,129,104
050,27,157,"Minnesota","Wabasha County",5,36,231,116,115
050,27,157,"Minnesota","Wabasha County",5,37,267,143,124
050,27,157,"Minnesota","Wabasha County",5,38,271,132,139
050,27,157,"Minnesota","Wabasha County",5,39,248,122,126
050,27,157,"Minnesota","Wabasha County",5,40,248,127,121
050,27,157,"Minnesota","Wabasha County",5,41,254,128,126
050,27,157,"Minnesota","Wabasha County",5,42,248,130,118
050,27,157,"Minnesota","Wabasha County",5,43,255,136,119
050,27,157,"Minnesota","Wabasha County",5,44,241,128,113
050,27,157,"Minnesota","Wabasha County",5,45,230,124,106
050,27,157,"Minnesota","Wabasha County",5,46,213,113,100
050,27,157,"Minnesota","Wabasha County",5,47,223,116,107
050,27,157,"Minnesota","Wabasha County",5,48,221,114,107
050,27,157,"Minnesota","Wabasha County",5,49,220,111,109
050,27,157,"Minnesota","Wabasha County",5,50,241,134,107
050,27,157,"Minnesota","Wabasha County",5,51,257,131,126
050,27,157,"Minnesota","Wabasha County",5,52,280,137,143
050,27,157,"Minnesota","Wabasha County",5,53,250,119,131
050,27,157,"Minnesota","Wabasha County",5,54,256,132,124
050,27,157,"Minnesota","Wabasha County",5,55,273,133,140
050,27,157,"Minnesota","Wabasha County",5,56,278,144,134
050,27,157,"Minnesota","Wabasha County",5,57,291,145,146
050,27,157,"Minnesota","Wabasha County",5,58,321,172,149
050,27,157,"Minnesota","Wabasha County",5,59,366,189,177
050,27,157,"Minnesota","Wabasha County",5,60,342,171,171
050,27,157,"Minnesota","Wabasha County",5,61,367,181,186
050,27,157,"Minnesota","Wabasha County",5,62,338,168,170
050,27,157,"Minnesota","Wabasha County",5,63,333,169,164
050,27,157,"Minnesota","Wabasha County",5,64,329,165,164
050,27,157,"Minnesota","Wabasha County",5,65,332,170,162
050,27,157,"Minnesota","Wabasha County",5,66,356,180,176
050,27,157,"Minnesota","Wabasha County",5,67,335,171,164
050,27,157,"Minnesota","Wabasha County",5,68,327,171,156
050,27,157,"Minnesota","Wabasha County",5,69,289,153,136
050,27,157,"Minnesota","Wabasha County",5,70,269,144,125
050,27,157,"Minnesota","Wabasha County",5,71,276,146,130
050,27,157,"Minnesota","Wabasha County",5,72,272,136,136
050,27,157,"Minnesota","Wabasha County",5,73,259,129,130
050,27,157,"Minnesota","Wabasha County",5,74,240,111,129
050,27,157,"Minnesota","Wabasha County",5,75,238,106,132
050,27,157,"Minnesota","Wabasha County",5,76,260,120,140
050,27,157,"Minnesota","Wabasha County",5,77,180,91,89
050,27,157,"Minnesota","Wabasha County",5,78,168,81,87
050,27,157,"Minnesota","Wabasha County",5,79,157,69,88
050,27,157,"Minnesota","Wabasha County",5,80,164,77,87
050,27,157,"Minnesota","Wabasha County",5,81,139,64,75
050,27,157,"Minnesota","Wabasha County",5,82,121,54,67
050,27,157,"Minnesota","Wabasha County",5,83,119,57,62
050,27,157,"Minnesota","Wabasha County",5,84,106,49,57
050,27,157,"Minnesota","Wabasha County",5,85,641,272,369
050,27,159,"Minnesota","Wadena County",1,0,182,94,88
050,27,159,"Minnesota","Wadena County",1,1,186,101,85
050,27,159,"Minnesota","Wadena County",1,2,206,116,90
050,27,159,"Minnesota","Wadena County",1,3,200,113,87
050,27,159,"Minnesota","Wadena County",1,4,208,123,85
050,27,159,"Minnesota","Wadena County",1,5,197,108,89
050,27,159,"Minnesota","Wadena County",1,6,185,100,85
050,27,159,"Minnesota","Wadena County",1,7,186,87,99
050,27,159,"Minnesota","Wadena County",1,8,214,110,104
050,27,159,"Minnesota","Wadena County",1,9,218,112,106
050,27,159,"Minnesota","Wadena County",1,10,214,97,117
050,27,159,"Minnesota","Wadena County",1,11,233,114,119
050,27,159,"Minnesota","Wadena County",1,12,227,103,124
050,27,159,"Minnesota","Wadena County",1,13,213,101,112
050,27,159,"Minnesota","Wadena County",1,14,231,108,123
050,27,159,"Minnesota","Wadena County",1,15,223,117,106
050,27,159,"Minnesota","Wadena County",1,16,215,108,107
050,27,159,"Minnesota","Wadena County",1,17,205,108,97
050,27,159,"Minnesota","Wadena County",1,18,158,79,79
050,27,159,"Minnesota","Wadena County",1,19,113,63,50
050,27,159,"Minnesota","Wadena County",1,20,130,71,59
050,27,159,"Minnesota","Wadena County",1,21,132,63,69
050,27,159,"Minnesota","Wadena County",1,22,131,63,68
050,27,159,"Minnesota","Wadena County",1,23,145,75,70
050,27,159,"Minnesota","Wadena County",1,24,134,72,62
050,27,159,"Minnesota","Wadena County",1,25,136,68,68
050,27,159,"Minnesota","Wadena County",1,26,150,79,71
050,27,159,"Minnesota","Wadena County",1,27,165,81,84
050,27,159,"Minnesota","Wadena County",1,28,161,78,83
050,27,159,"Minnesota","Wadena County",1,29,146,76,70
050,27,159,"Minnesota","Wadena County",1,30,154,84,70
050,27,159,"Minnesota","Wadena County",1,31,158,80,78
050,27,159,"Minnesota","Wadena County",1,32,147,69,78
050,27,159,"Minnesota","Wadena County",1,33,147,80,67
050,27,159,"Minnesota","Wadena County",1,34,154,87,67
050,27,159,"Minnesota","Wadena County",1,35,139,59,80
050,27,159,"Minnesota","Wadena County",1,36,129,65,64
050,27,159,"Minnesota","Wadena County",1,37,163,82,81
050,27,159,"Minnesota","Wadena County",1,38,178,90,88
050,27,159,"Minnesota","Wadena County",1,39,162,76,86
050,27,159,"Minnesota","Wadena County",1,40,155,76,79
050,27,159,"Minnesota","Wadena County",1,41,175,92,83
050,27,159,"Minnesota","Wadena County",1,42,153,81,72
050,27,159,"Minnesota","Wadena County",1,43,154,75,79
050,27,159,"Minnesota","Wadena County",1,44,138,60,78
050,27,159,"Minnesota","Wadena County",1,45,139,76,63
050,27,159,"Minnesota","Wadena County",1,46,157,81,76
050,27,159,"Minnesota","Wadena County",1,47,170,88,82
050,27,159,"Minnesota","Wadena County",1,48,153,79,74
050,27,159,"Minnesota","Wadena County",1,49,147,77,70
050,27,159,"Minnesota","Wadena County",1,50,141,83,58
050,27,159,"Minnesota","Wadena County",1,51,150,74,76
050,27,159,"Minnesota","Wadena County",1,52,161,85,76
050,27,159,"Minnesota","Wadena County",1,53,162,91,71
050,27,159,"Minnesota","Wadena County",1,54,150,78,72
050,27,159,"Minnesota","Wadena County",1,55,164,88,76
050,27,159,"Minnesota","Wadena County",1,56,174,89,85
050,27,159,"Minnesota","Wadena County",1,57,195,98,97
050,27,159,"Minnesota","Wadena County",1,58,212,102,110
050,27,159,"Minnesota","Wadena County",1,59,211,101,110
050,27,159,"Minnesota","Wadena County",1,60,192,102,90
050,27,159,"Minnesota","Wadena County",1,61,196,101,95
050,27,159,"Minnesota","Wadena County",1,62,199,95,104
050,27,159,"Minnesota","Wadena County",1,63,192,102,90
050,27,159,"Minnesota","Wadena County",1,64,192,98,94
050,27,159,"Minnesota","Wadena County",1,65,178,88,90
050,27,159,"Minnesota","Wadena County",1,66,184,96,88
050,27,159,"Minnesota","Wadena County",1,67,177,88,89
050,27,159,"Minnesota","Wadena County",1,68,177,84,93
050,27,159,"Minnesota","Wadena County",1,69,175,89,86
050,27,159,"Minnesota","Wadena County",1,70,158,79,79
050,27,159,"Minnesota","Wadena County",1,71,142,67,75
050,27,159,"Minnesota","Wadena County",1,72,140,63,77
050,27,159,"Minnesota","Wadena County",1,73,140,72,68
050,27,159,"Minnesota","Wadena County",1,74,100,50,50
050,27,159,"Minnesota","Wadena County",1,75,105,48,57
050,27,159,"Minnesota","Wadena County",1,76,113,49,64
050,27,159,"Minnesota","Wadena County",1,77,127,59,68
050,27,159,"Minnesota","Wadena County",1,78,97,48,49
050,27,159,"Minnesota","Wadena County",1,79,85,38,47
050,27,159,"Minnesota","Wadena County",1,80,75,36,39
050,27,159,"Minnesota","Wadena County",1,81,80,41,39
050,27,159,"Minnesota","Wadena County",1,82,81,36,45
050,27,159,"Minnesota","Wadena County",1,83,65,29,36
050,27,159,"Minnesota","Wadena County",1,84,56,26,30
050,27,159,"Minnesota","Wadena County",1,85,400,120,280
050,27,159,"Minnesota","Wadena County",2,0,195,100,95
050,27,159,"Minnesota","Wadena County",2,1,188,100,88
050,27,159,"Minnesota","Wadena County",2,2,204,112,92
050,27,159,"Minnesota","Wadena County",2,3,206,116,90
050,27,159,"Minnesota","Wadena County",2,4,212,124,88
050,27,159,"Minnesota","Wadena County",2,5,201,112,89
050,27,159,"Minnesota","Wadena County",2,6,189,101,88
050,27,159,"Minnesota","Wadena County",2,7,186,91,95
050,27,159,"Minnesota","Wadena County",2,8,208,105,103
050,27,159,"Minnesota","Wadena County",2,9,216,111,105
050,27,159,"Minnesota","Wadena County",2,10,215,101,114
050,27,159,"Minnesota","Wadena County",2,11,227,111,116
050,27,159,"Minnesota","Wadena County",2,12,231,107,124
050,27,159,"Minnesota","Wadena County",2,13,216,101,115
050,27,159,"Minnesota","Wadena County",2,14,226,106,120
050,27,159,"Minnesota","Wadena County",2,15,222,114,108
050,27,159,"Minnesota","Wadena County",2,16,218,111,107
050,27,159,"Minnesota","Wadena County",2,17,207,107,100
050,27,159,"Minnesota","Wadena County",2,18,157,81,76
050,27,159,"Minnesota","Wadena County",2,19,118,63,55
050,27,159,"Minnesota","Wadena County",2,20,131,71,60
050,27,159,"Minnesota","Wadena County",2,21,131,64,67
050,27,159,"Minnesota","Wadena County",2,22,136,65,71
050,27,159,"Minnesota","Wadena County",2,23,143,72,71
050,27,159,"Minnesota","Wadena County",2,24,138,73,65
050,27,159,"Minnesota","Wadena County",2,25,137,69,68
050,27,159,"Minnesota","Wadena County",2,26,150,78,72
050,27,159,"Minnesota","Wadena County",2,27,161,80,81
050,27,159,"Minnesota","Wadena County",2,28,162,79,83
050,27,159,"Minnesota","Wadena County",2,29,152,78,74
050,27,159,"Minnesota","Wadena County",2,30,154,84,70
050,27,159,"Minnesota","Wadena County",2,31,158,81,77
050,27,159,"Minnesota","Wadena County",2,32,151,73,78
050,27,159,"Minnesota","Wadena County",2,33,147,78,69
050,27,159,"Minnesota","Wadena County",2,34,155,86,69
050,27,159,"Minnesota","Wadena County",2,35,143,66,77
050,27,159,"Minnesota","Wadena County",2,36,130,63,67
050,27,159,"Minnesota","Wadena County",2,37,154,77,77
050,27,159,"Minnesota","Wadena County",2,38,176,88,88
050,27,159,"Minnesota","Wadena County",2,39,166,79,87
050,27,159,"Minnesota","Wadena County",2,40,158,76,82
050,27,159,"Minnesota","Wadena County",2,41,170,89,81
050,27,159,"Minnesota","Wadena County",2,42,156,82,74
050,27,159,"Minnesota","Wadena County",2,43,156,77,79
050,27,159,"Minnesota","Wadena County",2,44,141,63,78
050,27,159,"Minnesota","Wadena County",2,45,140,73,67
050,27,159,"Minnesota","Wadena County",2,46,153,80,73
050,27,159,"Minnesota","Wadena County",2,47,166,84,82
050,27,159,"Minnesota","Wadena County",2,48,161,84,77
050,27,159,"Minnesota","Wadena County",2,49,146,76,70
050,27,159,"Minnesota","Wadena County",2,50,141,81,60
050,27,159,"Minnesota","Wadena County",2,51,146,75,71
050,27,159,"Minnesota","Wadena County",2,52,159,83,76
050,27,159,"Minnesota","Wadena County",2,53,161,89,72
050,27,159,"Minnesota","Wadena County",2,54,155,82,73
050,27,159,"Minnesota","Wadena County",2,55,160,85,75
050,27,159,"Minnesota","Wadena County",2,56,171,87,84
050,27,159,"Minnesota","Wadena County",2,57,191,97,94
050,27,159,"Minnesota","Wadena County",2,58,209,101,108
050,27,159,"Minnesota","Wadena County",2,59,214,103,111
050,27,159,"Minnesota","Wadena County",2,60,196,101,95
050,27,159,"Minnesota","Wadena County",2,61,195,101,94
050,27,159,"Minnesota","Wadena County",2,62,200,97,103
050,27,159,"Minnesota","Wadena County",2,63,195,101,94
050,27,159,"Minnesota","Wadena County",2,64,191,97,94
050,27,159,"Minnesota","Wadena County",2,65,181,90,91
050,27,159,"Minnesota","Wadena County",2,66,185,96,89
050,27,159,"Minnesota","Wadena County",2,67,179,91,88
050,27,159,"Minnesota","Wadena County",2,68,172,83,89
050,27,159,"Minnesota","Wadena County",2,69,179,90,89
050,27,159,"Minnesota","Wadena County",2,70,161,80,81
050,27,159,"Minnesota","Wadena County",2,71,144,68,76
050,27,159,"Minnesota","Wadena County",2,72,137,63,74
050,27,159,"Minnesota","Wadena County",2,73,149,73,76
050,27,159,"Minnesota","Wadena County",2,74,103,52,51
050,27,159,"Minnesota","Wadena County",2,75,102,48,54
050,27,159,"Minnesota","Wadena County",2,76,108,47,61
050,27,159,"Minnesota","Wadena County",2,77,127,58,69
050,27,159,"Minnesota","Wadena County",2,78,98,47,51
050,27,159,"Minnesota","Wadena County",2,79,88,39,49
050,27,159,"Minnesota","Wadena County",2,80,74,37,37
050,27,159,"Minnesota","Wadena County",2,81,78,39,39
050,27,159,"Minnesota","Wadena County",2,82,83,37,46
050,27,159,"Minnesota","Wadena County",2,83,66,30,36
050,27,159,"Minnesota","Wadena County",2,84,56,25,31
050,27,159,"Minnesota","Wadena County",2,85,399,121,278
050,27,159,"Minnesota","Wadena County",3,0,175,93,82
050,27,159,"Minnesota","Wadena County",3,1,190,95,95
050,27,159,"Minnesota","Wadena County",3,2,197,106,91
050,27,159,"Minnesota","Wadena County",3,3,216,114,102
050,27,159,"Minnesota","Wadena County",3,4,200,116,84
050,27,159,"Minnesota","Wadena County",3,5,205,117,88
050,27,159,"Minnesota","Wadena County",3,6,211,119,92
050,27,159,"Minnesota","Wadena County",3,7,190,103,87
050,27,159,"Minnesota","Wadena County",3,8,191,98,93
050,27,159,"Minnesota","Wadena County",3,9,212,105,107
050,27,159,"Minnesota","Wadena County",3,10,220,113,107
050,27,159,"Minnesota","Wadena County",3,11,217,100,117
050,27,159,"Minnesota","Wadena County",3,12,230,111,119
050,27,159,"Minnesota","Wadena County",3,13,224,100,124
050,27,159,"Minnesota","Wadena County",3,14,224,102,122
050,27,159,"Minnesota","Wadena County",3,15,220,101,119
050,27,159,"Minnesota","Wadena County",3,16,218,112,106
050,27,159,"Minnesota","Wadena County",3,17,222,112,110
050,27,159,"Minnesota","Wadena County",3,18,168,90,78
050,27,159,"Minnesota","Wadena County",3,19,128,68,60
050,27,159,"Minnesota","Wadena County",3,20,142,79,63
050,27,159,"Minnesota","Wadena County",3,21,139,72,67
050,27,159,"Minnesota","Wadena County",3,22,137,67,70
050,27,159,"Minnesota","Wadena County",3,23,125,61,64
050,27,159,"Minnesota","Wadena County",3,24,151,72,79
050,27,159,"Minnesota","Wadena County",3,25,145,74,71
050,27,159,"Minnesota","Wadena County",3,26,139,73,66
050,27,159,"Minnesota","Wadena County",3,27,149,74,75
050,27,159,"Minnesota","Wadena County",3,28,158,82,76
050,27,159,"Minnesota","Wadena County",3,29,159,75,84
050,27,159,"Minnesota","Wadena County",3,30,162,82,80
050,27,159,"Minnesota","Wadena County",3,31,154,87,67
050,27,159,"Minnesota","Wadena County",3,32,153,75,78
050,27,159,"Minnesota","Wadena County",3,33,145,69,76
050,27,159,"Minnesota","Wadena County",3,34,147,77,70
050,27,159,"Minnesota","Wadena County",3,35,163,89,74
050,27,159,"Minnesota","Wadena County",3,36,145,70,75
050,27,159,"Minnesota","Wadena County",3,37,144,71,73
050,27,159,"Minnesota","Wadena County",3,38,157,80,77
050,27,159,"Minnesota","Wadena County",3,39,177,91,86
050,27,159,"Minnesota","Wadena County",3,40,164,76,88
050,27,159,"Minnesota","Wadena County",3,41,164,80,84
050,27,159,"Minnesota","Wadena County",3,42,166,87,79
050,27,159,"Minnesota","Wadena County",3,43,156,80,76
050,27,159,"Minnesota","Wadena County",3,44,163,82,81
050,27,159,"Minnesota","Wadena County",3,45,140,61,79
050,27,159,"Minnesota","Wadena County",3,46,141,75,66
050,27,159,"Minnesota","Wadena County",3,47,144,71,73
050,27,159,"Minnesota","Wadena County",3,48,175,94,81
050,27,159,"Minnesota","Wadena County",3,49,160,84,76
050,27,159,"Minnesota","Wadena County",3,50,155,82,73
050,27,159,"Minnesota","Wadena County",3,51,146,82,64
050,27,159,"Minnesota","Wadena County",3,52,154,76,78
050,27,159,"Minnesota","Wadena County",3,53,154,80,74
050,27,159,"Minnesota","Wadena County",3,54,162,93,69
050,27,159,"Minnesota","Wadena County",3,55,160,83,77
050,27,159,"Minnesota","Wadena County",3,56,159,86,73
050,27,159,"Minnesota","Wadena County",3,57,173,90,83
050,27,159,"Minnesota","Wadena County",3,58,189,91,98
050,27,159,"Minnesota","Wadena County",3,59,208,98,110
050,27,159,"Minnesota","Wadena County",3,60,213,103,110
050,27,159,"Minnesota","Wadena County",3,61,195,101,94
050,27,159,"Minnesota","Wadena County",3,62,189,95,94
050,27,159,"Minnesota","Wadena County",3,63,196,100,96
050,27,159,"Minnesota","Wadena County",3,64,184,92,92
050,27,159,"Minnesota","Wadena County",3,65,188,94,94
050,27,159,"Minnesota","Wadena County",3,66,179,88,91
050,27,159,"Minnesota","Wadena County",3,67,184,97,87
050,27,159,"Minnesota","Wadena County",3,68,166,84,82
050,27,159,"Minnesota","Wadena County",3,69,175,85,90
050,27,159,"Minnesota","Wadena County",3,70,177,83,94
050,27,159,"Minnesota","Wadena County",3,71,160,80,80
050,27,159,"Minnesota","Wadena County",3,72,134,64,70
050,27,159,"Minnesota","Wadena County",3,73,137,65,72
050,27,159,"Minnesota","Wadena County",3,74,139,66,73
050,27,159,"Minnesota","Wadena County",3,75,94,48,46
050,27,159,"Minnesota","Wadena County",3,76,98,48,50
050,27,159,"Minnesota","Wadena County",3,77,111,46,65
050,27,159,"Minnesota","Wadena County",3,78,121,56,65
050,27,159,"Minnesota","Wadena County",3,79,93,40,53
050,27,159,"Minnesota","Wadena County",3,80,80,39,41
050,27,159,"Minnesota","Wadena County",3,81,68,33,35
050,27,159,"Minnesota","Wadena County",3,82,80,37,43
050,27,159,"Minnesota","Wadena County",3,83,69,34,35
050,27,159,"Minnesota","Wadena County",3,84,56,25,31
050,27,159,"Minnesota","Wadena County",3,85,373,111,262
050,27,159,"Minnesota","Wadena County",4,0,191,103,88
050,27,159,"Minnesota","Wadena County",4,1,174,90,84
050,27,159,"Minnesota","Wadena County",4,2,205,101,104
050,27,159,"Minnesota","Wadena County",4,3,199,102,97
050,27,159,"Minnesota","Wadena County",4,4,218,120,98
050,27,159,"Minnesota","Wadena County",4,5,201,114,87
050,27,159,"Minnesota","Wadena County",4,6,206,117,89
050,27,159,"Minnesota","Wadena County",4,7,221,122,99
050,27,159,"Minnesota","Wadena County",4,8,198,106,92
050,27,159,"Minnesota","Wadena County",4,9,198,103,95
050,27,159,"Minnesota","Wadena County",4,10,205,105,100
050,27,159,"Minnesota","Wadena County",4,11,215,111,104
050,27,159,"Minnesota","Wadena County",4,12,220,106,114
050,27,159,"Minnesota","Wadena County",4,13,226,108,118
050,27,159,"Minnesota","Wadena County",4,14,222,99,123
050,27,159,"Minnesota","Wadena County",4,15,228,107,121
050,27,159,"Minnesota","Wadena County",4,16,217,101,116
050,27,159,"Minnesota","Wadena County",4,17,221,111,110
050,27,159,"Minnesota","Wadena County",4,18,187,102,85
050,27,159,"Minnesota","Wadena County",4,19,131,72,59
050,27,159,"Minnesota","Wadena County",4,20,146,85,61
050,27,159,"Minnesota","Wadena County",4,21,141,73,68
050,27,159,"Minnesota","Wadena County",4,22,137,73,64
050,27,159,"Minnesota","Wadena County",4,23,143,74,69
050,27,159,"Minnesota","Wadena County",4,24,124,60,64
050,27,159,"Minnesota","Wadena County",4,25,182,90,92
050,27,159,"Minnesota","Wadena County",4,26,148,72,76
050,27,159,"Minnesota","Wadena County",4,27,133,72,61
050,27,159,"Minnesota","Wadena County",4,28,154,79,75
050,27,159,"Minnesota","Wadena County",4,29,154,82,72
050,27,159,"Minnesota","Wadena County",4,30,148,67,81
050,27,159,"Minnesota","Wadena County",4,31,169,83,86
050,27,159,"Minnesota","Wadena County",4,32,150,83,67
050,27,159,"Minnesota","Wadena County",4,33,156,78,78
050,27,159,"Minnesota","Wadena County",4,34,149,74,75
050,27,159,"Minnesota","Wadena County",4,35,157,82,75
050,27,159,"Minnesota","Wadena County",4,36,170,95,75
050,27,159,"Minnesota","Wadena County",4,37,150,77,73
050,27,159,"Minnesota","Wadena County",4,38,155,73,82
050,27,159,"Minnesota","Wadena County",4,39,158,81,77
050,27,159,"Minnesota","Wadena County",4,40,175,93,82
050,27,159,"Minnesota","Wadena County",4,41,165,79,86
050,27,159,"Minnesota","Wadena County",4,42,167,78,89
050,27,159,"Minnesota","Wadena County",4,43,176,93,83
050,27,159,"Minnesota","Wadena County",4,44,159,83,76
050,27,159,"Minnesota","Wadena County",4,45,158,81,77
050,27,159,"Minnesota","Wadena County",4,46,147,69,78
050,27,159,"Minnesota","Wadena County",4,47,141,68,73
050,27,159,"Minnesota","Wadena County",4,48,152,79,73
050,27,159,"Minnesota","Wadena County",4,49,172,87,85
050,27,159,"Minnesota","Wadena County",4,50,162,87,75
050,27,159,"Minnesota","Wadena County",4,51,153,80,73
050,27,159,"Minnesota","Wadena County",4,52,149,84,65
050,27,159,"Minnesota","Wadena County",4,53,145,75,70
050,27,159,"Minnesota","Wadena County",4,54,158,81,77
050,27,159,"Minnesota","Wadena County",4,55,159,88,71
050,27,159,"Minnesota","Wadena County",4,56,164,78,86
050,27,159,"Minnesota","Wadena County",4,57,164,91,73
050,27,159,"Minnesota","Wadena County",4,58,176,91,85
050,27,159,"Minnesota","Wadena County",4,59,192,96,96
050,27,159,"Minnesota","Wadena County",4,60,216,100,116
050,27,159,"Minnesota","Wadena County",4,61,215,107,108
050,27,159,"Minnesota","Wadena County",4,62,195,95,100
050,27,159,"Minnesota","Wadena County",4,63,195,96,99
050,27,159,"Minnesota","Wadena County",4,64,186,93,93
050,27,159,"Minnesota","Wadena County",4,65,179,89,90
050,27,159,"Minnesota","Wadena County",4,66,195,95,100
050,27,159,"Minnesota","Wadena County",4,67,181,94,87
050,27,159,"Minnesota","Wadena County",4,68,171,86,85
050,27,159,"Minnesota","Wadena County",4,69,168,85,83
050,27,159,"Minnesota","Wadena County",4,70,170,81,89
050,27,159,"Minnesota","Wadena County",4,71,177,82,95
050,27,159,"Minnesota","Wadena County",4,72,151,77,74
050,27,159,"Minnesota","Wadena County",4,73,130,60,70
050,27,159,"Minnesota","Wadena County",4,74,132,59,73
050,27,159,"Minnesota","Wadena County",4,75,133,64,69
050,27,159,"Minnesota","Wadena County",4,76,89,47,42
050,27,159,"Minnesota","Wadena County",4,77,100,47,53
050,27,159,"Minnesota","Wadena County",4,78,101,43,58
050,27,159,"Minnesota","Wadena County",4,79,116,49,67
050,27,159,"Minnesota","Wadena County",4,80,78,37,41
050,27,159,"Minnesota","Wadena County",4,81,74,35,39
050,27,159,"Minnesota","Wadena County",4,82,65,29,36
050,27,159,"Minnesota","Wadena County",4,83,65,35,30
050,27,159,"Minnesota","Wadena County",4,84,58,29,29
050,27,159,"Minnesota","Wadena County",4,85,355,111,244
050,27,159,"Minnesota","Wadena County",5,0,191,102,89
050,27,159,"Minnesota","Wadena County",5,1,196,106,90
050,27,159,"Minnesota","Wadena County",5,2,173,93,80
050,27,159,"Minnesota","Wadena County",5,3,203,101,102
050,27,159,"Minnesota","Wadena County",5,4,201,98,103
050,27,159,"Minnesota","Wadena County",5,5,216,116,100
050,27,159,"Minnesota","Wadena County",5,6,208,116,92
050,27,159,"Minnesota","Wadena County",5,7,200,114,86
050,27,159,"Minnesota","Wadena County",5,8,218,117,101
050,27,159,"Minnesota","Wadena County",5,9,197,107,90
050,27,159,"Minnesota","Wadena County",5,10,199,108,91
050,27,159,"Minnesota","Wadena County",5,11,212,105,107
050,27,159,"Minnesota","Wadena County",5,12,218,110,108
050,27,159,"Minnesota","Wadena County",5,13,236,114,122
050,27,159,"Minnesota","Wadena County",5,14,228,110,118
050,27,159,"Minnesota","Wadena County",5,15,228,99,129
050,27,159,"Minnesota","Wadena County",5,16,231,111,120
050,27,159,"Minnesota","Wadena County",5,17,222,96,126
050,27,159,"Minnesota","Wadena County",5,18,186,97,89
050,27,159,"Minnesota","Wadena County",5,19,133,72,61
050,27,159,"Minnesota","Wadena County",5,20,161,95,66
050,27,159,"Minnesota","Wadena County",5,21,150,84,66
050,27,159,"Minnesota","Wadena County",5,22,139,74,65
050,27,159,"Minnesota","Wadena County",5,23,149,73,76
050,27,159,"Minnesota","Wadena County",5,24,142,70,72
050,27,159,"Minnesota","Wadena County",5,25,133,65,68
050,27,159,"Minnesota","Wadena County",5,26,181,88,93
050,27,159,"Minnesota","Wadena County",5,27,149,70,79
050,27,159,"Minnesota","Wadena County",5,28,137,72,65
050,27,159,"Minnesota","Wadena County",5,29,155,82,73
050,27,159,"Minnesota","Wadena County",5,30,145,76,69
050,27,159,"Minnesota","Wadena County",5,31,156,66,90
050,27,159,"Minnesota","Wadena County",5,32,165,81,84
050,27,159,"Minnesota","Wadena County",5,33,167,93,74
050,27,159,"Minnesota","Wadena County",5,34,163,84,79
050,27,159,"Minnesota","Wadena County",5,35,151,76,75
050,27,159,"Minnesota","Wadena County",5,36,156,87,69
050,27,159,"Minnesota","Wadena County",5,37,162,89,73
050,27,159,"Minnesota","Wadena County",5,38,154,81,73
050,27,159,"Minnesota","Wadena County",5,39,149,69,80
050,27,159,"Minnesota","Wadena County",5,40,161,82,79
050,27,159,"Minnesota","Wadena County",5,41,185,98,87
050,27,159,"Minnesota","Wadena County",5,42,164,79,85
050,27,159,"Minnesota","Wadena County",5,43,147,75,72
050,27,159,"Minnesota","Wadena County",5,44,172,93,79
050,27,159,"Minnesota","Wadena County",5,45,167,88,79
050,27,159,"Minnesota","Wadena County",5,46,158,83,75
050,27,159,"Minnesota","Wadena County",5,47,145,62,83
050,27,159,"Minnesota","Wadena County",5,48,146,78,68
050,27,159,"Minnesota","Wadena County",5,49,149,74,75
050,27,159,"Minnesota","Wadena County",5,50,172,89,83
050,27,159,"Minnesota","Wadena County",5,51,168,90,78
050,27,159,"Minnesota","Wadena County",5,52,158,87,71
050,27,159,"Minnesota","Wadena County",5,53,149,85,64
050,27,159,"Minnesota","Wadena County",5,54,138,69,69
050,27,159,"Minnesota","Wadena County",5,55,159,80,79
050,27,159,"Minnesota","Wadena County",5,56,150,80,70
050,27,159,"Minnesota","Wadena County",5,57,154,77,77
050,27,159,"Minnesota","Wadena County",5,58,166,91,75
050,27,159,"Minnesota","Wadena County",5,59,172,87,85
050,27,159,"Minnesota","Wadena County",5,60,192,96,96
050,27,159,"Minnesota","Wadena County",5,61,223,105,118
050,27,159,"Minnesota","Wadena County",5,62,211,101,110
050,27,159,"Minnesota","Wadena County",5,63,195,97,98
050,27,159,"Minnesota","Wadena County",5,64,192,95,97
050,27,159,"Minnesota","Wadena County",5,65,180,91,89
050,27,159,"Minnesota","Wadena County",5,66,180,90,90
050,27,159,"Minnesota","Wadena County",5,67,197,95,102
050,27,159,"Minnesota","Wadena County",5,68,167,82,85
050,27,159,"Minnesota","Wadena County",5,69,172,86,86
050,27,159,"Minnesota","Wadena County",5,70,162,78,84
050,27,159,"Minnesota","Wadena County",5,71,171,78,93
050,27,159,"Minnesota","Wadena County",5,72,166,78,88
050,27,159,"Minnesota","Wadena County",5,73,150,77,73
050,27,159,"Minnesota","Wadena County",5,74,121,53,68
050,27,159,"Minnesota","Wadena County",5,75,122,56,66
050,27,159,"Minnesota","Wadena County",5,76,125,60,65
050,27,159,"Minnesota","Wadena County",5,77,87,45,42
050,27,159,"Minnesota","Wadena County",5,78,87,41,46
050,27,159,"Minnesota","Wadena County",5,79,98,37,61
050,27,159,"Minnesota","Wadena County",5,80,100,45,55
050,27,159,"Minnesota","Wadena County",5,81,77,33,44
050,27,159,"Minnesota","Wadena County",5,82,74,33,41
050,27,159,"Minnesota","Wadena County",5,83,52,27,25
050,27,159,"Minnesota","Wadena County",5,84,53,28,25
050,27,159,"Minnesota","Wadena County",5,85,347,115,232
050,27,161,"Minnesota","Waseca County",1,0,204,105,99
050,27,161,"Minnesota","Waseca County",1,1,200,99,101
050,27,161,"Minnesota","Waseca County",1,2,211,112,99
050,27,161,"Minnesota","Waseca County",1,3,214,118,96
050,27,161,"Minnesota","Waseca County",1,4,248,133,115
050,27,161,"Minnesota","Waseca County",1,5,232,125,107
050,27,161,"Minnesota","Waseca County",1,6,236,124,112
050,27,161,"Minnesota","Waseca County",1,7,241,126,115
050,27,161,"Minnesota","Waseca County",1,8,260,142,118
050,27,161,"Minnesota","Waseca County",1,9,236,139,97
050,27,161,"Minnesota","Waseca County",1,10,247,128,119
050,27,161,"Minnesota","Waseca County",1,11,258,129,129
050,27,161,"Minnesota","Waseca County",1,12,277,133,144
050,27,161,"Minnesota","Waseca County",1,13,292,147,145
050,27,161,"Minnesota","Waseca County",1,14,281,143,138
050,27,161,"Minnesota","Waseca County",1,15,276,139,137
050,27,161,"Minnesota","Waseca County",1,16,283,152,131
050,27,161,"Minnesota","Waseca County",1,17,280,136,144
050,27,161,"Minnesota","Waseca County",1,18,231,104,127
050,27,161,"Minnesota","Waseca County",1,19,185,99,86
050,27,161,"Minnesota","Waseca County",1,20,207,104,103
050,27,161,"Minnesota","Waseca County",1,21,200,87,113
050,27,161,"Minnesota","Waseca County",1,22,226,104,122
050,27,161,"Minnesota","Waseca County",1,23,217,104,113
050,27,161,"Minnesota","Waseca County",1,24,207,96,111
050,27,161,"Minnesota","Waseca County",1,25,223,90,133
050,27,161,"Minnesota","Waseca County",1,26,208,100,108
050,27,161,"Minnesota","Waseca County",1,27,211,108,103
050,27,161,"Minnesota","Waseca County",1,28,215,93,122
050,27,161,"Minnesota","Waseca County",1,29,229,99,130
050,27,161,"Minnesota","Waseca County",1,30,232,108,124
050,27,161,"Minnesota","Waseca County",1,31,227,99,128
050,27,161,"Minnesota","Waseca County",1,32,215,108,107
050,27,161,"Minnesota","Waseca County",1,33,235,108,127
050,27,161,"Minnesota","Waseca County",1,34,238,108,130
050,27,161,"Minnesota","Waseca County",1,35,264,124,140
050,27,161,"Minnesota","Waseca County",1,36,254,116,138
050,27,161,"Minnesota","Waseca County",1,37,275,126,149
050,27,161,"Minnesota","Waseca County",1,38,244,110,134
050,27,161,"Minnesota","Waseca County",1,39,260,113,147
050,27,161,"Minnesota","Waseca County",1,40,272,125,147
050,27,161,"Minnesota","Waseca County",1,41,259,133,126
050,27,161,"Minnesota","Waseca County",1,42,251,129,122
050,27,161,"Minnesota","Waseca County",1,43,238,96,142
050,27,161,"Minnesota","Waseca County",1,44,230,105,125
050,27,161,"Minnesota","Waseca County",1,45,206,92,114
050,27,161,"Minnesota","Waseca County",1,46,191,83,108
050,27,161,"Minnesota","Waseca County",1,47,213,104,109
050,27,161,"Minnesota","Waseca County",1,48,246,122,124
050,27,161,"Minnesota","Waseca County",1,49,270,141,129
050,27,161,"Minnesota","Waseca County",1,50,228,110,118
050,27,161,"Minnesota","Waseca County",1,51,232,119,113
050,27,161,"Minnesota","Waseca County",1,52,196,102,94
050,27,161,"Minnesota","Waseca County",1,53,209,92,117
050,27,161,"Minnesota","Waseca County",1,54,242,128,114
050,27,161,"Minnesota","Waseca County",1,55,253,129,124
050,27,161,"Minnesota","Waseca County",1,56,255,124,131
050,27,161,"Minnesota","Waseca County",1,57,249,130,119
050,27,161,"Minnesota","Waseca County",1,58,255,133,122
050,27,161,"Minnesota","Waseca County",1,59,267,138,129
050,27,161,"Minnesota","Waseca County",1,60,256,139,117
050,27,161,"Minnesota","Waseca County",1,61,254,127,127
050,27,161,"Minnesota","Waseca County",1,62,270,127,143
050,27,161,"Minnesota","Waseca County",1,63,263,125,138
050,27,161,"Minnesota","Waseca County",1,64,253,128,125
050,27,161,"Minnesota","Waseca County",1,65,231,120,111
050,27,161,"Minnesota","Waseca County",1,66,228,114,114
050,27,161,"Minnesota","Waseca County",1,67,235,117,118
050,27,161,"Minnesota","Waseca County",1,68,233,110,123
050,27,161,"Minnesota","Waseca County",1,69,216,110,106
050,27,161,"Minnesota","Waseca County",1,70,215,116,99
050,27,161,"Minnesota","Waseca County",1,71,192,97,95
050,27,161,"Minnesota","Waseca County",1,72,181,96,85
050,27,161,"Minnesota","Waseca County",1,73,178,99,79
050,27,161,"Minnesota","Waseca County",1,74,132,66,66
050,27,161,"Minnesota","Waseca County",1,75,124,65,59
050,27,161,"Minnesota","Waseca County",1,76,120,64,56
050,27,161,"Minnesota","Waseca County",1,77,108,44,64
050,27,161,"Minnesota","Waseca County",1,78,111,46,65
050,27,161,"Minnesota","Waseca County",1,79,98,47,51
050,27,161,"Minnesota","Waseca County",1,80,88,40,48
050,27,161,"Minnesota","Waseca County",1,81,85,43,42
050,27,161,"Minnesota","Waseca County",1,82,68,27,41
050,27,161,"Minnesota","Waseca County",1,83,73,32,41
050,27,161,"Minnesota","Waseca County",1,84,69,32,37
050,27,161,"Minnesota","Waseca County",1,85,441,160,281
050,27,161,"Minnesota","Waseca County",2,0,203,104,99
050,27,161,"Minnesota","Waseca County",2,1,200,99,101
050,27,161,"Minnesota","Waseca County",2,2,205,108,97
050,27,161,"Minnesota","Waseca County",2,3,214,118,96
050,27,161,"Minnesota","Waseca County",2,4,244,132,112
050,27,161,"Minnesota","Waseca County",2,5,239,129,110
050,27,161,"Minnesota","Waseca County",2,6,238,125,113
050,27,161,"Minnesota","Waseca County",2,7,240,127,113
050,27,161,"Minnesota","Waseca County",2,8,252,137,115
050,27,161,"Minnesota","Waseca County",2,9,240,139,101
050,27,161,"Minnesota","Waseca County",2,10,245,130,115
050,27,161,"Minnesota","Waseca County",2,11,253,127,126
050,27,161,"Minnesota","Waseca County",2,12,276,134,142
050,27,161,"Minnesota","Waseca County",2,13,288,144,144
050,27,161,"Minnesota","Waseca County",2,14,283,144,139
050,27,161,"Minnesota","Waseca County",2,15,278,139,139
050,27,161,"Minnesota","Waseca County",2,16,285,149,136
050,27,161,"Minnesota","Waseca County",2,17,280,139,141
050,27,161,"Minnesota","Waseca County",2,18,233,109,124
050,27,161,"Minnesota","Waseca County",2,19,180,92,88
050,27,161,"Minnesota","Waseca County",2,20,208,103,105
050,27,161,"Minnesota","Waseca County",2,21,204,91,113
050,27,161,"Minnesota","Waseca County",2,22,222,101,121
050,27,161,"Minnesota","Waseca County",2,23,220,104,116
050,27,161,"Minnesota","Waseca County",2,24,209,97,112
050,27,161,"Minnesota","Waseca County",2,25,220,90,130
050,27,161,"Minnesota","Waseca County",2,26,209,99,110
050,27,161,"Minnesota","Waseca County",2,27,210,105,105
050,27,161,"Minnesota","Waseca County",2,28,215,98,117
050,27,161,"Minnesota","Waseca County",2,29,230,99,131
050,27,161,"Minnesota","Waseca County",2,30,235,108,127
050,27,161,"Minnesota","Waseca County",2,31,229,102,127
050,27,161,"Minnesota","Waseca County",2,32,219,108,111
050,27,161,"Minnesota","Waseca County",2,33,229,106,123
050,27,161,"Minnesota","Waseca County",2,34,237,109,128
050,27,161,"Minnesota","Waseca County",2,35,258,121,137
050,27,161,"Minnesota","Waseca County",2,36,259,119,140
050,27,161,"Minnesota","Waseca County",2,37,272,124,148
050,27,161,"Minnesota","Waseca County",2,38,251,115,136
050,27,161,"Minnesota","Waseca County",2,39,258,114,144
050,27,161,"Minnesota","Waseca County",2,40,273,126,147
050,27,161,"Minnesota","Waseca County",2,41,262,132,130
050,27,161,"Minnesota","Waseca County",2,42,250,129,121
050,27,161,"Minnesota","Waseca County",2,43,245,105,140
050,27,161,"Minnesota","Waseca County",2,44,228,101,127
050,27,161,"Minnesota","Waseca County",2,45,211,95,116
050,27,161,"Minnesota","Waseca County",2,46,194,85,109
050,27,161,"Minnesota","Waseca County",2,47,209,100,109
050,27,161,"Minnesota","Waseca County",2,48,239,117,122
050,27,161,"Minnesota","Waseca County",2,49,263,136,127
050,27,161,"Minnesota","Waseca County",2,50,235,115,120
050,27,161,"Minnesota","Waseca County",2,51,229,116,113
050,27,161,"Minnesota","Waseca County",2,52,202,105,97
050,27,161,"Minnesota","Waseca County",2,53,208,95,113
050,27,161,"Minnesota","Waseca County",2,54,230,117,113
050,27,161,"Minnesota","Waseca County",2,55,248,126,122
050,27,161,"Minnesota","Waseca County",2,56,256,125,131
050,27,161,"Minnesota","Waseca County",2,57,251,130,121
050,27,161,"Minnesota","Waseca County",2,58,253,132,121
050,27,161,"Minnesota","Waseca County",2,59,265,138,127
050,27,161,"Minnesota","Waseca County",2,60,258,139,119
050,27,161,"Minnesota","Waseca County",2,61,253,129,124
050,27,161,"Minnesota","Waseca County",2,62,264,126,138
050,27,161,"Minnesota","Waseca County",2,63,266,126,140
050,27,161,"Minnesota","Waseca County",2,64,254,126,128
050,27,161,"Minnesota","Waseca County",2,65,237,122,115
050,27,161,"Minnesota","Waseca County",2,66,228,115,113
050,27,161,"Minnesota","Waseca County",2,67,230,115,115
050,27,161,"Minnesota","Waseca County",2,68,232,111,121
050,27,161,"Minnesota","Waseca County",2,69,220,110,110
050,27,161,"Minnesota","Waseca County",2,70,215,114,101
050,27,161,"Minnesota","Waseca County",2,71,197,101,96
050,27,161,"Minnesota","Waseca County",2,72,179,93,86
050,27,161,"Minnesota","Waseca County",2,73,187,103,84
050,27,161,"Minnesota","Waseca County",2,74,133,68,65
050,27,161,"Minnesota","Waseca County",2,75,123,65,58
050,27,161,"Minnesota","Waseca County",2,76,118,63,55
050,27,161,"Minnesota","Waseca County",2,77,114,50,64
050,27,161,"Minnesota","Waseca County",2,78,107,44,63
050,27,161,"Minnesota","Waseca County",2,79,100,47,53
050,27,161,"Minnesota","Waseca County",2,80,89,40,49
050,27,161,"Minnesota","Waseca County",2,81,85,42,43
050,27,161,"Minnesota","Waseca County",2,82,71,31,40
050,27,161,"Minnesota","Waseca County",2,83,71,31,40
050,27,161,"Minnesota","Waseca County",2,84,68,31,37
050,27,161,"Minnesota","Waseca County",2,85,443,165,278
050,27,161,"Minnesota","Waseca County",3,0,185,104,81
050,27,161,"Minnesota","Waseca County",3,1,197,99,98
050,27,161,"Minnesota","Waseca County",3,2,206,102,104
050,27,161,"Minnesota","Waseca County",3,3,195,100,95
050,27,161,"Minnesota","Waseca County",3,4,223,122,101
050,27,161,"Minnesota","Waseca County",3,5,252,137,115
050,27,161,"Minnesota","Waseca County",3,6,241,126,115
050,27,161,"Minnesota","Waseca County",3,7,226,119,107
050,27,161,"Minnesota","Waseca County",3,8,246,130,116
050,27,161,"Minnesota","Waseca County",3,9,246,132,114
050,27,161,"Minnesota","Waseca County",3,10,248,141,107
050,27,161,"Minnesota","Waseca County",3,11,246,129,117
050,27,161,"Minnesota","Waseca County",3,12,253,131,122
050,27,161,"Minnesota","Waseca County",3,13,267,128,139
050,27,161,"Minnesota","Waseca County",3,14,297,148,149
050,27,161,"Minnesota","Waseca County",3,15,293,144,149
050,27,161,"Minnesota","Waseca County",3,16,288,144,144
050,27,161,"Minnesota","Waseca County",3,17,272,144,128
050,27,161,"Minnesota","Waseca County",3,18,251,127,124
050,27,161,"Minnesota","Waseca County",3,19,173,75,98
050,27,161,"Minnesota","Waseca County",3,20,208,101,107
050,27,161,"Minnesota","Waseca County",3,21,219,107,112
050,27,161,"Minnesota","Waseca County",3,22,228,105,123
050,27,161,"Minnesota","Waseca County",3,23,220,98,122
050,27,161,"Minnesota","Waseca County",3,24,231,119,112
050,27,161,"Minnesota","Waseca County",3,25,225,103,122
050,27,161,"Minnesota","Waseca County",3,26,221,99,122
050,27,161,"Minnesota","Waseca County",3,27,205,90,115
050,27,161,"Minnesota","Waseca County",3,28,225,116,109
050,27,161,"Minnesota","Waseca County",3,29,222,102,120
050,27,161,"Minnesota","Waseca County",3,30,236,102,134
050,27,161,"Minnesota","Waseca County",3,31,220,89,131
050,27,161,"Minnesota","Waseca County",3,32,221,104,117
050,27,161,"Minnesota","Waseca County",3,33,226,103,123
050,27,161,"Minnesota","Waseca County",3,34,233,114,119
050,27,161,"Minnesota","Waseca County",3,35,249,119,130
050,27,161,"Minnesota","Waseca County",3,36,268,126,142
050,27,161,"Minnesota","Waseca County",3,37,268,124,144
050,27,161,"Minnesota","Waseca County",3,38,271,127,144
050,27,161,"Minnesota","Waseca County",3,39,254,113,141
050,27,161,"Minnesota","Waseca County",3,40,255,117,138
050,27,161,"Minnesota","Waseca County",3,41,276,122,154
050,27,161,"Minnesota","Waseca County",3,42,253,134,119
050,27,161,"Minnesota","Waseca County",3,43,251,122,129
050,27,161,"Minnesota","Waseca County",3,44,249,111,138
050,27,161,"Minnesota","Waseca County",3,45,220,102,118
050,27,161,"Minnesota","Waseca County",3,46,217,97,120
050,27,161,"Minnesota","Waseca County",3,47,193,84,109
050,27,161,"Minnesota","Waseca County",3,48,208,99,109
050,27,161,"Minnesota","Waseca County",3,49,223,111,112
050,27,161,"Minnesota","Waseca County",3,50,263,131,132
050,27,161,"Minnesota","Waseca County",3,51,232,110,122
050,27,161,"Minnesota","Waseca County",3,52,228,121,107
050,27,161,"Minnesota","Waseca County",3,53,203,103,100
050,27,161,"Minnesota","Waseca County",3,54,205,99,106
050,27,161,"Minnesota","Waseca County",3,55,232,118,114
050,27,161,"Minnesota","Waseca County",3,56,246,122,124
050,27,161,"Minnesota","Waseca County",3,57,253,131,122
050,27,161,"Minnesota","Waseca County",3,58,250,130,120
050,27,161,"Minnesota","Waseca County",3,59,257,133,124
050,27,161,"Minnesota","Waseca County",3,60,266,141,125
050,27,161,"Minnesota","Waseca County",3,61,255,132,123
050,27,161,"Minnesota","Waseca County",3,62,252,132,120
050,27,161,"Minnesota","Waseca County",3,63,264,124,140
050,27,161,"Minnesota","Waseca County",3,64,260,124,136
050,27,161,"Minnesota","Waseca County",3,65,251,124,127
050,27,161,"Minnesota","Waseca County",3,66,239,124,115
050,27,161,"Minnesota","Waseca County",3,67,221,115,106
050,27,161,"Minnesota","Waseca County",3,68,227,111,116
050,27,161,"Minnesota","Waseca County",3,69,223,107,116
050,27,161,"Minnesota","Waseca County",3,70,215,109,106
050,27,161,"Minnesota","Waseca County",3,71,203,109,94
050,27,161,"Minnesota","Waseca County",3,72,193,100,93
050,27,161,"Minnesota","Waseca County",3,73,168,86,82
050,27,161,"Minnesota","Waseca County",3,74,180,99,81
050,27,161,"Minnesota","Waseca County",3,75,130,64,66
050,27,161,"Minnesota","Waseca County",3,76,122,67,55
050,27,161,"Minnesota","Waseca County",3,77,116,60,56
050,27,161,"Minnesota","Waseca County",3,78,111,48,63
050,27,161,"Minnesota","Waseca County",3,79,95,42,53
050,27,161,"Minnesota","Waseca County",3,80,94,43,51
050,27,161,"Minnesota","Waseca County",3,81,85,38,47
050,27,161,"Minnesota","Waseca County",3,82,80,38,42
050,27,161,"Minnesota","Waseca County",3,83,70,31,39
050,27,161,"Minnesota","Waseca County",3,84,76,30,46
050,27,161,"Minnesota","Waseca County",3,85,437,170,267
050,27,161,"Minnesota","Waseca County",4,0,195,99,96
050,27,161,"Minnesota","Waseca County",4,1,181,98,83
050,27,161,"Minnesota","Waseca County",4,2,197,99,98
050,27,161,"Minnesota","Waseca County",4,3,210,98,112
050,27,161,"Minnesota","Waseca County",4,4,215,110,105
050,27,161,"Minnesota","Waseca County",4,5,216,114,102
050,27,161,"Minnesota","Waseca County",4,6,244,134,110
050,27,161,"Minnesota","Waseca County",4,7,240,121,119
050,27,161,"Minnesota","Waseca County",4,8,237,130,107
050,27,161,"Minnesota","Waseca County",4,9,241,127,114
050,27,161,"Minnesota","Waseca County",4,10,242,131,111
050,27,161,"Minnesota","Waseca County",4,11,252,139,113
050,27,161,"Minnesota","Waseca County",4,12,247,131,116
050,27,161,"Minnesota","Waseca County",4,13,249,127,122
050,27,161,"Minnesota","Waseca County",4,14,281,136,145
050,27,161,"Minnesota","Waseca County",4,15,281,135,146
050,27,161,"Minnesota","Waseca County",4,16,285,143,142
050,27,161,"Minnesota","Waseca County",4,17,280,141,139
050,27,161,"Minnesota","Waseca County",4,18,246,130,116
050,27,161,"Minnesota","Waseca County",4,19,183,94,89
050,27,161,"Minnesota","Waseca County",4,20,190,81,109
050,27,161,"Minnesota","Waseca County",4,21,217,107,110
050,27,161,"Minnesota","Waseca County",4,22,229,113,116
050,27,161,"Minnesota","Waseca County",4,23,229,115,114
050,27,161,"Minnesota","Waseca County",4,24,217,96,121
050,27,161,"Minnesota","Waseca County",4,25,248,118,130
050,27,161,"Minnesota","Waseca County",4,26,217,93,124
050,27,161,"Minnesota","Waseca County",4,27,217,87,130
050,27,161,"Minnesota","Waseca County",4,28,201,88,113
050,27,161,"Minnesota","Waseca County",4,29,248,123,125
050,27,161,"Minnesota","Waseca County",4,30,237,114,123
050,27,161,"Minnesota","Waseca County",4,31,226,92,134
050,27,161,"Minnesota","Waseca County",4,32,202,87,115
050,27,161,"Minnesota","Waseca County",4,33,224,108,116
050,27,161,"Minnesota","Waseca County",4,34,219,100,119
050,27,161,"Minnesota","Waseca County",4,35,235,112,123
050,27,161,"Minnesota","Waseca County",4,36,259,123,136
050,27,161,"Minnesota","Waseca County",4,37,268,122,146
050,27,161,"Minnesota","Waseca County",4,38,271,129,142
050,27,161,"Minnesota","Waseca County",4,39,272,127,145
050,27,161,"Minnesota","Waseca County",4,40,255,112,143
050,27,161,"Minnesota","Waseca County",4,41,258,116,142
050,27,161,"Minnesota","Waseca County",4,42,260,124,136
050,27,161,"Minnesota","Waseca County",4,43,267,140,127
050,27,161,"Minnesota","Waseca County",4,44,243,117,126
050,27,161,"Minnesota","Waseca County",4,45,246,109,137
050,27,161,"Minnesota","Waseca County",4,46,218,98,120
050,27,161,"Minnesota","Waseca County",4,47,216,96,120
050,27,161,"Minnesota","Waseca County",4,48,188,80,108
050,27,161,"Minnesota","Waseca County",4,49,200,102,98
050,27,161,"Minnesota","Waseca County",4,50,225,111,114
050,27,161,"Minnesota","Waseca County",4,51,262,130,132
050,27,161,"Minnesota","Waseca County",4,52,225,108,117
050,27,161,"Minnesota","Waseca County",4,53,231,121,110
050,27,161,"Minnesota","Waseca County",4,54,201,105,96
050,27,161,"Minnesota","Waseca County",4,55,204,96,108
050,27,161,"Minnesota","Waseca County",4,56,230,116,114
050,27,161,"Minnesota","Waseca County",4,57,231,117,114
050,27,161,"Minnesota","Waseca County",4,58,243,125,118
050,27,161,"Minnesota","Waseca County",4,59,244,122,122
050,27,161,"Minnesota","Waseca County",4,60,254,133,121
050,27,161,"Minnesota","Waseca County",4,61,257,134,123
050,27,161,"Minnesota","Waseca County",4,62,254,134,120
050,27,161,"Minnesota","Waseca County",4,63,239,128,111
050,27,161,"Minnesota","Waseca County",4,64,262,127,135
050,27,161,"Minnesota","Waseca County",4,65,253,121,132
050,27,161,"Minnesota","Waseca County",4,66,246,122,124
050,27,161,"Minnesota","Waseca County",4,67,236,126,110
050,27,161,"Minnesota","Waseca County",4,68,226,116,110
050,27,161,"Minnesota","Waseca County",4,69,227,114,113
050,27,161,"Minnesota","Waseca County",4,70,219,108,111
050,27,161,"Minnesota","Waseca County",4,71,209,104,105
050,27,161,"Minnesota","Waseca County",4,72,202,108,94
050,27,161,"Minnesota","Waseca County",4,73,187,96,91
050,27,161,"Minnesota","Waseca County",4,74,163,83,80
050,27,161,"Minnesota","Waseca County",4,75,176,93,83
050,27,161,"Minnesota","Waseca County",4,76,123,62,61
050,27,161,"Minnesota","Waseca County",4,77,119,62,57
050,27,161,"Minnesota","Waseca County",4,78,111,58,53
050,27,161,"Minnesota","Waseca County",4,79,104,49,55
050,27,161,"Minnesota","Waseca County",4,80,88,34,54
050,27,161,"Minnesota","Waseca County",4,81,92,44,48
050,27,161,"Minnesota","Waseca County",4,82,75,31,44
050,27,161,"Minnesota","Waseca County",4,83,81,40,41
050,27,161,"Minnesota","Waseca County",4,84,69,27,42
050,27,161,"Minnesota","Waseca County",4,85,447,179,268
050,27,161,"Minnesota","Waseca County",5,0,196,99,97
050,27,161,"Minnesota","Waseca County",5,1,205,94,111
050,27,161,"Minnesota","Waseca County",5,2,191,100,91
050,27,161,"Minnesota","Waseca County",5,3,205,103,102
050,27,161,"Minnesota","Waseca County",5,4,208,97,111
050,27,161,"Minnesota","Waseca County",5,5,226,117,109
050,27,161,"Minnesota","Waseca County",5,6,227,121,106
050,27,161,"Minnesota","Waseca County",5,7,246,135,111
050,27,161,"Minnesota","Waseca County",5,8,250,131,119
050,27,161,"Minnesota","Waseca County",5,9,237,126,111
050,27,161,"Minnesota","Waseca County",5,10,254,134,120
050,27,161,"Minnesota","Waseca County",5,11,241,130,111
050,27,161,"Minnesota","Waseca County",5,12,256,147,109
050,27,161,"Minnesota","Waseca County",5,13,245,127,118
050,27,161,"Minnesota","Waseca County",5,14,240,124,116
050,27,161,"Minnesota","Waseca County",5,15,274,131,143
050,27,161,"Minnesota","Waseca County",5,16,281,135,146
050,27,161,"Minnesota","Waseca County",5,17,281,135,146
050,27,161,"Minnesota","Waseca County",5,18,250,122,128
050,27,161,"Minnesota","Waseca County",5,19,178,95,83
050,27,161,"Minnesota","Waseca County",5,20,215,106,109
050,27,161,"Minnesota","Waseca County",5,21,208,92,116
050,27,161,"Minnesota","Waseca County",5,22,226,107,119
050,27,161,"Minnesota","Waseca County",5,23,227,107,120
050,27,161,"Minnesota","Waseca County",5,24,239,113,126
050,27,161,"Minnesota","Waseca County",5,25,242,104,138
050,27,161,"Minnesota","Waseca County",5,26,236,113,123
050,27,161,"Minnesota","Waseca County",5,27,221,100,121
050,27,161,"Minnesota","Waseca County",5,28,216,83,133
050,27,161,"Minnesota","Waseca County",5,29,206,89,117
050,27,161,"Minnesota","Waseca County",5,30,254,127,127
050,27,161,"Minnesota","Waseca County",5,31,248,108,140
050,27,161,"Minnesota","Waseca County",5,32,221,98,123
050,27,161,"Minnesota","Waseca County",5,33,215,86,129
050,27,161,"Minnesota","Waseca County",5,34,223,108,115
050,27,161,"Minnesota","Waseca County",5,35,227,102,125
050,27,161,"Minnesota","Waseca County",5,36,237,109,128
050,27,161,"Minnesota","Waseca County",5,37,261,126,135
050,27,161,"Minnesota","Waseca County",5,38,266,123,143
050,27,161,"Minnesota","Waseca County",5,39,273,131,142
050,27,161,"Minnesota","Waseca County",5,40,276,133,143
050,27,161,"Minnesota","Waseca County",5,41,265,117,148
050,27,161,"Minnesota","Waseca County",5,42,255,119,136
050,27,161,"Minnesota","Waseca County",5,43,261,119,142
050,27,161,"Minnesota","Waseca County",5,44,261,134,127
050,27,161,"Minnesota","Waseca County",5,45,239,115,124
050,27,161,"Minnesota","Waseca County",5,46,241,104,137
050,27,161,"Minnesota","Waseca County",5,47,222,102,120
050,27,161,"Minnesota","Waseca County",5,48,216,94,122
050,27,161,"Minnesota","Waseca County",5,49,181,83,98
050,27,161,"Minnesota","Waseca County",5,50,192,93,99
050,27,161,"Minnesota","Waseca County",5,51,227,109,118
050,27,161,"Minnesota","Waseca County",5,52,253,131,122
050,27,161,"Minnesota","Waseca County",5,53,226,106,120
050,27,161,"Minnesota","Waseca County",5,54,226,123,103
050,27,161,"Minnesota","Waseca County",5,55,192,99,93
050,27,161,"Minnesota","Waseca County",5,56,207,96,111
050,27,161,"Minnesota","Waseca County",5,57,216,112,104
050,27,161,"Minnesota","Waseca County",5,58,230,117,113
050,27,161,"Minnesota","Waseca County",5,59,247,126,121
050,27,161,"Minnesota","Waseca County",5,60,244,129,115
050,27,161,"Minnesota","Waseca County",5,61,252,126,126
050,27,161,"Minnesota","Waseca County",5,62,264,138,126
050,27,161,"Minnesota","Waseca County",5,63,254,137,117
050,27,161,"Minnesota","Waseca County",5,64,240,129,111
050,27,161,"Minnesota","Waseca County",5,65,256,122,134
050,27,161,"Minnesota","Waseca County",5,66,245,114,131
050,27,161,"Minnesota","Waseca County",5,67,240,123,117
050,27,161,"Minnesota","Waseca County",5,68,243,129,114
050,27,161,"Minnesota","Waseca County",5,69,220,114,106
050,27,161,"Minnesota","Waseca County",5,70,227,117,110
050,27,161,"Minnesota","Waseca County",5,71,212,103,109
050,27,161,"Minnesota","Waseca County",5,72,204,101,103
050,27,161,"Minnesota","Waseca County",5,73,195,105,90
050,27,161,"Minnesota","Waseca County",5,74,179,91,88
050,27,161,"Minnesota","Waseca County",5,75,158,80,78
050,27,161,"Minnesota","Waseca County",5,76,172,93,79
050,27,161,"Minnesota","Waseca County",5,77,119,58,61
050,27,161,"Minnesota","Waseca County",5,78,114,58,56
050,27,161,"Minnesota","Waseca County",5,79,102,56,46
050,27,161,"Minnesota","Waseca County",5,80,98,44,54
050,27,161,"Minnesota","Waseca County",5,81,84,35,49
050,27,161,"Minnesota","Waseca County",5,82,83,39,44
050,27,161,"Minnesota","Waseca County",5,83,72,31,41
050,27,161,"Minnesota","Waseca County",5,84,79,36,43
050,27,161,"Minnesota","Waseca County",5,85,440,180,260
050,27,163,"Minnesota","Washington County",1,0,2722,1384,1338
050,27,163,"Minnesota","Washington County",1,1,2900,1472,1428
050,27,163,"Minnesota","Washington County",1,2,3024,1550,1474
050,27,163,"Minnesota","Washington County",1,3,3273,1678,1595
050,27,163,"Minnesota","Washington County",1,4,3383,1711,1672
050,27,163,"Minnesota","Washington County",1,5,3508,1764,1744
050,27,163,"Minnesota","Washington County",1,6,3693,1880,1813
050,27,163,"Minnesota","Washington County",1,7,3691,1896,1795
050,27,163,"Minnesota","Washington County",1,8,3617,1809,1808
050,27,163,"Minnesota","Washington County",1,9,3659,1858,1801
050,27,163,"Minnesota","Washington County",1,10,3874,1990,1884
050,27,163,"Minnesota","Washington County",1,11,4016,2047,1969
050,27,163,"Minnesota","Washington County",1,12,4018,2033,1985
050,27,163,"Minnesota","Washington County",1,13,4048,2047,2001
050,27,163,"Minnesota","Washington County",1,14,4003,2021,1982
050,27,163,"Minnesota","Washington County",1,15,4041,2057,1984
050,27,163,"Minnesota","Washington County",1,16,4125,2103,2022
050,27,163,"Minnesota","Washington County",1,17,4027,2100,1927
050,27,163,"Minnesota","Washington County",1,18,3358,1803,1555
050,27,163,"Minnesota","Washington County",1,19,2648,1394,1254
050,27,163,"Minnesota","Washington County",1,20,2861,1471,1390
050,27,163,"Minnesota","Washington County",1,21,2897,1493,1404
050,27,163,"Minnesota","Washington County",1,22,2989,1524,1465
050,27,163,"Minnesota","Washington County",1,23,3025,1544,1481
050,27,163,"Minnesota","Washington County",1,24,2896,1500,1396
050,27,163,"Minnesota","Washington County",1,25,2886,1511,1375
050,27,163,"Minnesota","Washington County",1,26,2896,1495,1401
050,27,163,"Minnesota","Washington County",1,27,2864,1480,1384
050,27,163,"Minnesota","Washington County",1,28,2852,1462,1390
050,27,163,"Minnesota","Washington County",1,29,2877,1502,1375
050,27,163,"Minnesota","Washington County",1,30,2917,1497,1420
050,27,163,"Minnesota","Washington County",1,31,3058,1537,1521
050,27,163,"Minnesota","Washington County",1,32,3143,1572,1571
050,27,163,"Minnesota","Washington County",1,33,3267,1620,1647
050,27,163,"Minnesota","Washington County",1,34,3525,1725,1800
050,27,163,"Minnesota","Washington County",1,35,3548,1702,1846
050,27,163,"Minnesota","Washington County",1,36,3629,1816,1813
050,27,163,"Minnesota","Washington County",1,37,3867,1967,1900
050,27,163,"Minnesota","Washington County",1,38,3897,1958,1939
050,27,163,"Minnesota","Washington County",1,39,3979,1981,1998
050,27,163,"Minnesota","Washington County",1,40,3769,1887,1882
050,27,163,"Minnesota","Washington County",1,41,3580,1791,1789
050,27,163,"Minnesota","Washington County",1,42,3475,1765,1710
050,27,163,"Minnesota","Washington County",1,43,3376,1700,1676
050,27,163,"Minnesota","Washington County",1,44,3361,1687,1674
050,27,163,"Minnesota","Washington County",1,45,3400,1707,1693
050,27,163,"Minnesota","Washington County",1,46,3270,1708,1562
050,27,163,"Minnesota","Washington County",1,47,3120,1605,1515
050,27,163,"Minnesota","Washington County",1,48,3464,1740,1724
050,27,163,"Minnesota","Washington County",1,49,3787,1886,1901
050,27,163,"Minnesota","Washington County",1,50,3731,1859,1872
050,27,163,"Minnesota","Washington County",1,51,3658,1782,1876
050,27,163,"Minnesota","Washington County",1,52,3603,1782,1821
050,27,163,"Minnesota","Washington County",1,53,3705,1818,1887
050,27,163,"Minnesota","Washington County",1,54,3801,1861,1940
050,27,163,"Minnesota","Washington County",1,55,3828,1865,1963
050,27,163,"Minnesota","Washington County",1,56,3951,1951,2000
050,27,163,"Minnesota","Washington County",1,57,3933,1942,1991
050,27,163,"Minnesota","Washington County",1,58,3984,1967,2017
050,27,163,"Minnesota","Washington County",1,59,3982,1993,1989
050,27,163,"Minnesota","Washington County",1,60,3830,1946,1884
050,27,163,"Minnesota","Washington County",1,61,3676,1844,1832
050,27,163,"Minnesota","Washington County",1,62,3646,1764,1882
050,27,163,"Minnesota","Washington County",1,63,3436,1683,1753
050,27,163,"Minnesota","Washington County",1,64,3207,1568,1639
050,27,163,"Minnesota","Washington County",1,65,3038,1462,1576
050,27,163,"Minnesota","Washington County",1,66,2884,1371,1513
050,27,163,"Minnesota","Washington County",1,67,2824,1362,1462
050,27,163,"Minnesota","Washington County",1,68,2864,1369,1495
050,27,163,"Minnesota","Washington County",1,69,2576,1222,1354
050,27,163,"Minnesota","Washington County",1,70,2406,1197,1209
050,27,163,"Minnesota","Washington County",1,71,2305,1116,1189
050,27,163,"Minnesota","Washington County",1,72,2361,1133,1228
050,27,163,"Minnesota","Washington County",1,73,2371,1132,1239
050,27,163,"Minnesota","Washington County",1,74,1594,746,848
050,27,163,"Minnesota","Washington County",1,75,1570,753,817
050,27,163,"Minnesota","Washington County",1,76,1557,746,811
050,27,163,"Minnesota","Washington County",1,77,1528,717,811
050,27,163,"Minnesota","Washington County",1,78,1298,588,710
050,27,163,"Minnesota","Washington County",1,79,1138,503,635
050,27,163,"Minnesota","Washington County",1,80,1138,481,657
050,27,163,"Minnesota","Washington County",1,81,1040,460,580
050,27,163,"Minnesota","Washington County",1,82,914,422,492
050,27,163,"Minnesota","Washington County",1,83,791,338,453
050,27,163,"Minnesota","Washington County",1,84,746,317,429
050,27,163,"Minnesota","Washington County",1,85,4540,1678,2862
050,27,163,"Minnesota","Washington County",2,0,2776,1407,1369
050,27,163,"Minnesota","Washington County",2,1,2893,1472,1421
050,27,163,"Minnesota","Washington County",2,2,3034,1551,1483
050,27,163,"Minnesota","Washington County",2,3,3235,1663,1572
050,27,163,"Minnesota","Washington County",2,4,3397,1724,1673
050,27,163,"Minnesota","Washington County",2,5,3514,1769,1745
050,27,163,"Minnesota","Washington County",2,6,3683,1873,1810
050,27,163,"Minnesota","Washington County",2,7,3707,1899,1808
050,27,163,"Minnesota","Washington County",2,8,3646,1834,1812
050,27,163,"Minnesota","Washington County",2,9,3663,1853,1810
050,27,163,"Minnesota","Washington County",2,10,3841,1969,1872
050,27,163,"Minnesota","Washington County",2,11,3984,2037,1947
050,27,163,"Minnesota","Washington County",2,12,4054,2052,2002
050,27,163,"Minnesota","Washington County",2,13,4046,2042,2004
050,27,163,"Minnesota","Washington County",2,14,4017,2026,1991
050,27,163,"Minnesota","Washington County",2,15,4042,2052,1990
050,27,163,"Minnesota","Washington County",2,16,4111,2098,2013
050,27,163,"Minnesota","Washington County",2,17,4053,2106,1947
050,27,163,"Minnesota","Washington County",2,18,3350,1798,1552
050,27,163,"Minnesota","Washington County",2,19,2697,1431,1266
050,27,163,"Minnesota","Washington County",2,20,2885,1485,1400
050,27,163,"Minnesota","Washington County",2,21,2907,1497,1410
050,27,163,"Minnesota","Washington County",2,22,2976,1522,1454
050,27,163,"Minnesota","Washington County",2,23,3018,1540,1478
050,27,163,"Minnesota","Washington County",2,24,2933,1517,1416
050,27,163,"Minnesota","Washington County",2,25,2883,1499,1384
050,27,163,"Minnesota","Washington County",2,26,2897,1504,1393
050,27,163,"Minnesota","Washington County",2,27,2879,1480,1399
050,27,163,"Minnesota","Washington County",2,28,2890,1486,1404
050,27,163,"Minnesota","Washington County",2,29,2898,1509,1389
050,27,163,"Minnesota","Washington County",2,30,2952,1516,1436
050,27,163,"Minnesota","Washington County",2,31,3056,1538,1518
050,27,163,"Minnesota","Washington County",2,32,3153,1574,1579
050,27,163,"Minnesota","Washington County",2,33,3264,1623,1641
050,27,163,"Minnesota","Washington County",2,34,3491,1711,1780
050,27,163,"Minnesota","Washington County",2,35,3601,1744,1857
050,27,163,"Minnesota","Washington County",2,36,3621,1798,1823
050,27,163,"Minnesota","Washington County",2,37,3842,1950,1892
050,27,163,"Minnesota","Washington County",2,38,3921,1978,1943
050,27,163,"Minnesota","Washington County",2,39,3958,1977,1981
050,27,163,"Minnesota","Washington County",2,40,3843,1921,1922
050,27,163,"Minnesota","Washington County",2,41,3628,1816,1812
050,27,163,"Minnesota","Washington County",2,42,3499,1778,1721
050,27,163,"Minnesota","Washington County",2,43,3422,1726,1696
050,27,163,"Minnesota","Washington County",2,44,3350,1683,1667
050,27,163,"Minnesota","Washington County",2,45,3405,1713,1692
050,27,163,"Minnesota","Washington County",2,46,3295,1709,1586
050,27,163,"Minnesota","Washington County",2,47,3155,1628,1527
050,27,163,"Minnesota","Washington County",2,48,3371,1701,1670
050,27,163,"Minnesota","Washington County",2,49,3719,1860,1859
050,27,163,"Minnesota","Washington County",2,50,3748,1869,1879
050,27,163,"Minnesota","Washington County",2,51,3664,1797,1867
050,27,163,"Minnesota","Washington County",2,52,3605,1775,1830
050,27,163,"Minnesota","Washington County",2,53,3686,1814,1872
050,27,163,"Minnesota","Washington County",2,54,3755,1839,1916
050,27,163,"Minnesota","Washington County",2,55,3813,1862,1951
050,27,163,"Minnesota","Washington County",2,56,3924,1932,1992
050,27,163,"Minnesota","Washington County",2,57,3939,1943,1996
050,27,163,"Minnesota","Washington County",2,58,3959,1955,2004
050,27,163,"Minnesota","Washington County",2,59,3997,1998,1999
050,27,163,"Minnesota","Washington County",2,60,3839,1941,1898
050,27,163,"Minnesota","Washington County",2,61,3695,1854,1841
050,27,163,"Minnesota","Washington County",2,62,3639,1774,1865
050,27,163,"Minnesota","Washington County",2,63,3502,1710,1792
050,27,163,"Minnesota","Washington County",2,64,3231,1581,1650
050,27,163,"Minnesota","Washington County",2,65,3070,1480,1590
050,27,163,"Minnesota","Washington County",2,66,2915,1389,1526
050,27,163,"Minnesota","Washington County",2,67,2817,1351,1466
050,27,163,"Minnesota","Washington County",2,68,2827,1348,1479
050,27,163,"Minnesota","Washington County",2,69,2657,1262,1395
050,27,163,"Minnesota","Washington County",2,70,2434,1198,1236
050,27,163,"Minnesota","Washington County",2,71,2336,1137,1199
050,27,163,"Minnesota","Washington County",2,72,2305,1110,1195
050,27,163,"Minnesota","Washington County",2,73,2476,1177,1299
050,27,163,"Minnesota","Washington County",2,74,1666,787,879
050,27,163,"Minnesota","Washington County",2,75,1579,752,827
050,27,163,"Minnesota","Washington County",2,76,1553,743,810
050,27,163,"Minnesota","Washington County",2,77,1567,739,828
050,27,163,"Minnesota","Washington County",2,78,1326,608,718
050,27,163,"Minnesota","Washington County",2,79,1169,521,648
050,27,163,"Minnesota","Washington County",2,80,1141,481,660
050,27,163,"Minnesota","Washington County",2,81,1048,463,585
050,27,163,"Minnesota","Washington County",2,82,936,428,508
050,27,163,"Minnesota","Washington County",2,83,814,356,458
050,27,163,"Minnesota","Washington County",2,84,751,319,432
050,27,163,"Minnesota","Washington County",2,85,4551,1680,2871
050,27,163,"Minnesota","Washington County",3,0,2676,1375,1301
050,27,163,"Minnesota","Washington County",3,1,3027,1527,1500
050,27,163,"Minnesota","Washington County",3,2,3063,1551,1512
050,27,163,"Minnesota","Washington County",3,3,3193,1633,1560
050,27,163,"Minnesota","Washington County",3,4,3423,1753,1670
050,27,163,"Minnesota","Washington County",3,5,3556,1810,1746
050,27,163,"Minnesota","Washington County",3,6,3630,1811,1819
050,27,163,"Minnesota","Washington County",3,7,3786,1919,1867
050,27,163,"Minnesota","Washington County",3,8,3797,1942,1855
050,27,163,"Minnesota","Washington County",3,9,3735,1887,1848
050,27,163,"Minnesota","Washington County",3,10,3739,1891,1848
050,27,163,"Minnesota","Washington County",3,11,3943,2013,1930
050,27,163,"Minnesota","Washington County",3,12,4080,2097,1983
050,27,163,"Minnesota","Washington County",3,13,4098,2076,2022
050,27,163,"Minnesota","Washington County",3,14,4080,2070,2010
050,27,163,"Minnesota","Washington County",3,15,4071,2050,2021
050,27,163,"Minnesota","Washington County",3,16,4028,2044,1984
050,27,163,"Minnesota","Washington County",3,17,4106,2088,2018
050,27,163,"Minnesota","Washington County",3,18,3500,1860,1640
050,27,163,"Minnesota","Washington County",3,19,2735,1464,1271
050,27,163,"Minnesota","Washington County",3,20,2885,1520,1365
050,27,163,"Minnesota","Washington County",3,21,3002,1540,1462
050,27,163,"Minnesota","Washington County",3,22,3099,1581,1518
050,27,163,"Minnesota","Washington County",3,23,3009,1551,1458
050,27,163,"Minnesota","Washington County",3,24,2974,1540,1434
050,27,163,"Minnesota","Washington County",3,25,2896,1525,1371
050,27,163,"Minnesota","Washington County",3,26,2911,1510,1401
050,27,163,"Minnesota","Washington County",3,27,2988,1546,1442
050,27,163,"Minnesota","Washington County",3,28,2957,1496,1461
050,27,163,"Minnesota","Washington County",3,29,3100,1570,1530
050,27,163,"Minnesota","Washington County",3,30,3068,1572,1496
050,27,163,"Minnesota","Washington County",3,31,3093,1585,1508
050,27,163,"Minnesota","Washington County",3,32,3233,1617,1616
050,27,163,"Minnesota","Washington County",3,33,3370,1700,1670
050,27,163,"Minnesota","Washington County",3,34,3438,1716,1722
050,27,163,"Minnesota","Washington County",3,35,3667,1811,1856
050,27,163,"Minnesota","Washington County",3,36,3767,1844,1923
050,27,163,"Minnesota","Washington County",3,37,3809,1901,1908
050,27,163,"Minnesota","Washington County",3,38,3948,2030,1918
050,27,163,"Minnesota","Washington County",3,39,4027,2007,2020
050,27,163,"Minnesota","Washington County",3,40,4061,2034,2027
050,27,163,"Minnesota","Washington County",3,41,3907,1959,1948
050,27,163,"Minnesota","Washington County",3,42,3699,1892,1807
050,27,163,"Minnesota","Washington County",3,43,3552,1803,1749
050,27,163,"Minnesota","Washington County",3,44,3487,1772,1715
050,27,163,"Minnesota","Washington County",3,45,3346,1693,1653
050,27,163,"Minnesota","Washington County",3,46,3474,1784,1690
050,27,163,"Minnesota","Washington County",3,47,3338,1712,1626
050,27,163,"Minnesota","Washington County",3,48,3208,1643,1565
050,27,163,"Minnesota","Washington County",3,49,3379,1708,1671
050,27,163,"Minnesota","Washington County",3,50,3768,1875,1893
050,27,163,"Minnesota","Washington County",3,51,3747,1879,1868
050,27,163,"Minnesota","Washington County",3,52,3648,1787,1861
050,27,163,"Minnesota","Washington County",3,53,3648,1818,1830
050,27,163,"Minnesota","Washington County",3,54,3645,1782,1863
050,27,163,"Minnesota","Washington County",3,55,3741,1833,1908
050,27,163,"Minnesota","Washington County",3,56,3770,1835,1935
050,27,163,"Minnesota","Washington County",3,57,3896,1940,1956
050,27,163,"Minnesota","Washington County",3,58,3926,1928,1998
050,27,163,"Minnesota","Washington County",3,59,3897,1920,1977
050,27,163,"Minnesota","Washington County",3,60,3946,1971,1975
050,27,163,"Minnesota","Washington County",3,61,3805,1920,1885
050,27,163,"Minnesota","Washington County",3,62,3693,1840,1853
050,27,163,"Minnesota","Washington County",3,63,3589,1739,1850
050,27,163,"Minnesota","Washington County",3,64,3461,1692,1769
050,27,163,"Minnesota","Washington County",3,65,3213,1571,1642
050,27,163,"Minnesota","Washington County",3,66,3013,1441,1572
050,27,163,"Minnesota","Washington County",3,67,2890,1378,1512
050,27,163,"Minnesota","Washington County",3,68,2775,1323,1452
050,27,163,"Minnesota","Washington County",3,69,2777,1327,1450
050,27,163,"Minnesota","Washington County",3,70,2611,1246,1365
050,27,163,"Minnesota","Washington County",3,71,2394,1180,1214
050,27,163,"Minnesota","Washington County",3,72,2304,1113,1191
050,27,163,"Minnesota","Washington County",3,73,2290,1091,1199
050,27,163,"Minnesota","Washington County",3,74,2412,1139,1273
050,27,163,"Minnesota","Washington County",3,75,1624,768,856
050,27,163,"Minnesota","Washington County",3,76,1559,734,825
050,27,163,"Minnesota","Washington County",3,77,1503,708,795
050,27,163,"Minnesota","Washington County",3,78,1536,714,822
050,27,163,"Minnesota","Washington County",3,79,1269,575,694
050,27,163,"Minnesota","Washington County",3,80,1164,497,667
050,27,163,"Minnesota","Washington County",3,81,1080,461,619
050,27,163,"Minnesota","Washington County",3,82,989,426,563
050,27,163,"Minnesota","Washington County",3,83,871,391,480
050,27,163,"Minnesota","Washington County",3,84,767,324,443
050,27,163,"Minnesota","Washington County",3,85,4686,1756,2930
050,27,163,"Minnesota","Washington County",4,0,2790,1438,1352
050,27,163,"Minnesota","Washington County",4,1,2853,1495,1358
050,27,163,"Minnesota","Washington County",4,2,3270,1630,1640
050,27,163,"Minnesota","Washington County",4,3,3246,1657,1589
050,27,163,"Minnesota","Washington County",4,4,3302,1682,1620
050,27,163,"Minnesota","Washington County",4,5,3595,1818,1777
050,27,163,"Minnesota","Washington County",4,6,3644,1866,1778
050,27,163,"Minnesota","Washington County",4,7,3723,1882,1841
050,27,163,"Minnesota","Washington County",4,8,3883,1956,1927
050,27,163,"Minnesota","Washington County",4,9,3861,1990,1871
050,27,163,"Minnesota","Washington County",4,10,3814,1928,1886
050,27,163,"Minnesota","Washington County",4,11,3792,1903,1889
050,27,163,"Minnesota","Washington County",4,12,3987,2027,1960
050,27,163,"Minnesota","Washington County",4,13,4112,2116,1996
050,27,163,"Minnesota","Washington County",4,14,4151,2093,2058
050,27,163,"Minnesota","Washington County",4,15,4142,2079,2063
050,27,163,"Minnesota","Washington County",4,16,4079,2050,2029
050,27,163,"Minnesota","Washington County",4,17,4071,2079,1992
050,27,163,"Minnesota","Washington County",4,18,3481,1824,1657
050,27,163,"Minnesota","Washington County",4,19,2757,1476,1281
050,27,163,"Minnesota","Washington County",4,20,2919,1547,1372
050,27,163,"Minnesota","Washington County",4,21,2946,1544,1402
050,27,163,"Minnesota","Washington County",4,22,3120,1583,1537
050,27,163,"Minnesota","Washington County",4,23,3062,1536,1526
050,27,163,"Minnesota","Washington County",4,24,2950,1509,1441
050,27,163,"Minnesota","Washington County",4,25,2895,1493,1402
050,27,163,"Minnesota","Washington County",4,26,2883,1509,1374
050,27,163,"Minnesota","Washington County",4,27,2894,1464,1430
050,27,163,"Minnesota","Washington County",4,28,3024,1561,1463
050,27,163,"Minnesota","Washington County",4,29,3004,1521,1483
050,27,163,"Minnesota","Washington County",4,30,3204,1644,1560
050,27,163,"Minnesota","Washington County",4,31,3212,1611,1601
050,27,163,"Minnesota","Washington County",4,32,3239,1642,1597
050,27,163,"Minnesota","Washington County",4,33,3387,1692,1695
050,27,163,"Minnesota","Washington County",4,34,3595,1796,1799
050,27,163,"Minnesota","Washington County",4,35,3566,1799,1767
050,27,163,"Minnesota","Washington County",4,36,3823,1885,1938
050,27,163,"Minnesota","Washington County",4,37,3931,1955,1976
050,27,163,"Minnesota","Washington County",4,38,3946,1979,1967
050,27,163,"Minnesota","Washington County",4,39,4026,2069,1957
050,27,163,"Minnesota","Washington County",4,40,4104,2030,2074
050,27,163,"Minnesota","Washington County",4,41,4159,2068,2091
050,27,163,"Minnesota","Washington County",4,42,4011,2019,1992
050,27,163,"Minnesota","Washington County",4,43,3724,1895,1829
050,27,163,"Minnesota","Washington County",4,44,3612,1827,1785
050,27,163,"Minnesota","Washington County",4,45,3496,1757,1739
050,27,163,"Minnesota","Washington County",4,46,3377,1715,1662
050,27,163,"Minnesota","Washington County",4,47,3444,1758,1686
050,27,163,"Minnesota","Washington County",4,48,3344,1726,1618
050,27,163,"Minnesota","Washington County",4,49,3210,1648,1562
050,27,163,"Minnesota","Washington County",4,50,3401,1721,1680
050,27,163,"Minnesota","Washington County",4,51,3718,1849,1869
050,27,163,"Minnesota","Washington County",4,52,3742,1872,1870
050,27,163,"Minnesota","Washington County",4,53,3628,1785,1843
050,27,163,"Minnesota","Washington County",4,54,3651,1822,1829
050,27,163,"Minnesota","Washington County",4,55,3615,1778,1837
050,27,163,"Minnesota","Washington County",4,56,3715,1818,1897
050,27,163,"Minnesota","Washington County",4,57,3723,1814,1909
050,27,163,"Minnesota","Washington County",4,58,3875,1901,1974
050,27,163,"Minnesota","Washington County",4,59,3869,1913,1956
050,27,163,"Minnesota","Washington County",4,60,3853,1904,1949
050,27,163,"Minnesota","Washington County",4,61,3926,1946,1980
050,27,163,"Minnesota","Washington County",4,62,3772,1898,1874
050,27,163,"Minnesota","Washington County",4,63,3632,1805,1827
050,27,163,"Minnesota","Washington County",4,64,3514,1694,1820
050,27,163,"Minnesota","Washington County",4,65,3452,1666,1786
050,27,163,"Minnesota","Washington County",4,66,3162,1550,1612
050,27,163,"Minnesota","Washington County",4,67,3016,1437,1579
050,27,163,"Minnesota","Washington County",4,68,2843,1357,1486
050,27,163,"Minnesota","Washington County",4,69,2726,1283,1443
050,27,163,"Minnesota","Washington County",4,70,2735,1301,1434
050,27,163,"Minnesota","Washington County",4,71,2570,1215,1355
050,27,163,"Minnesota","Washington County",4,72,2380,1171,1209
050,27,163,"Minnesota","Washington County",4,73,2298,1096,1202
050,27,163,"Minnesota","Washington County",4,74,2258,1068,1190
050,27,163,"Minnesota","Washington County",4,75,2369,1122,1247
050,27,163,"Minnesota","Washington County",4,76,1610,757,853
050,27,163,"Minnesota","Washington County",4,77,1505,697,808
050,27,163,"Minnesota","Washington County",4,78,1465,693,772
050,27,163,"Minnesota","Washington County",4,79,1474,681,793
050,27,163,"Minnesota","Washington County",4,80,1272,560,712
050,27,163,"Minnesota","Washington County",4,81,1093,482,611
050,27,163,"Minnesota","Washington County",4,82,1013,422,591
050,27,163,"Minnesota","Washington County",4,83,946,400,546
050,27,163,"Minnesota","Washington County",4,84,820,369,451
050,27,163,"Minnesota","Washington County",4,85,4868,1823,3045
050,27,163,"Minnesota","Washington County",5,0,2781,1430,1351
050,27,163,"Minnesota","Washington County",5,1,2917,1502,1415
050,27,163,"Minnesota","Washington County",5,2,3026,1597,1429
050,27,163,"Minnesota","Washington County",5,3,3400,1717,1683
050,27,163,"Minnesota","Washington County",5,4,3353,1724,1629
050,27,163,"Minnesota","Washington County",5,5,3385,1724,1661
050,27,163,"Minnesota","Washington County",5,6,3697,1898,1799
050,27,163,"Minnesota","Washington County",5,7,3660,1871,1789
050,27,163,"Minnesota","Washington County",5,8,3780,1921,1859
050,27,163,"Minnesota","Washington County",5,9,3960,1993,1967
050,27,163,"Minnesota","Washington County",5,10,3889,2020,1869
050,27,163,"Minnesota","Washington County",5,11,3871,1971,1900
050,27,163,"Minnesota","Washington County",5,12,3857,1945,1912
050,27,163,"Minnesota","Washington County",5,13,3998,2044,1954
050,27,163,"Minnesota","Washington County",5,14,4108,2116,1992
050,27,163,"Minnesota","Washington County",5,15,4166,2096,2070
050,27,163,"Minnesota","Washington County",5,16,4170,2115,2055
050,27,163,"Minnesota","Washington County",5,17,4103,2056,2047
050,27,163,"Minnesota","Washington County",5,18,3462,1829,1633
050,27,163,"Minnesota","Washington County",5,19,2748,1438,1310
050,27,163,"Minnesota","Washington County",5,20,3013,1582,1431
050,27,163,"Minnesota","Washington County",5,21,2984,1554,1430
050,27,163,"Minnesota","Washington County",5,22,3092,1597,1495
050,27,163,"Minnesota","Washington County",5,23,3115,1554,1561
050,27,163,"Minnesota","Washington County",5,24,2961,1511,1450
050,27,163,"Minnesota","Washington County",5,25,2966,1546,1420
050,27,163,"Minnesota","Washington County",5,26,2908,1471,1437
050,27,163,"Minnesota","Washington County",5,27,2881,1474,1407
050,27,163,"Minnesota","Washington County",5,28,2957,1477,1480
050,27,163,"Minnesota","Washington County",5,29,3149,1606,1543
050,27,163,"Minnesota","Washington County",5,30,3105,1561,1544
050,27,163,"Minnesota","Washington County",5,31,3308,1669,1639
050,27,163,"Minnesota","Washington County",5,32,3339,1670,1669
050,27,163,"Minnesota","Washington County",5,33,3380,1704,1676
050,27,163,"Minnesota","Washington County",5,34,3558,1765,1793
050,27,163,"Minnesota","Washington County",5,35,3678,1860,1818
050,27,163,"Minnesota","Washington County",5,36,3716,1891,1825
050,27,163,"Minnesota","Washington County",5,37,3974,1962,2012
050,27,163,"Minnesota","Washington County",5,38,4023,1971,2052
050,27,163,"Minnesota","Washington County",5,39,4008,2041,1967
050,27,163,"Minnesota","Washington County",5,40,4121,2117,2004
050,27,163,"Minnesota","Washington County",5,41,4149,2045,2104
050,27,163,"Minnesota","Washington County",5,42,4216,2105,2111
050,27,163,"Minnesota","Washington County",5,43,3989,2006,1983
050,27,163,"Minnesota","Washington County",5,44,3741,1907,1834
050,27,163,"Minnesota","Washington County",5,45,3594,1810,1784
050,27,163,"Minnesota","Washington County",5,46,3508,1771,1737
050,27,163,"Minnesota","Washington County",5,47,3393,1708,1685
050,27,163,"Minnesota","Washington County",5,48,3470,1762,1708
050,27,163,"Minnesota","Washington County",5,49,3363,1736,1627
050,27,163,"Minnesota","Washington County",5,50,3185,1627,1558
050,27,163,"Minnesota","Washington County",5,51,3380,1703,1677
050,27,163,"Minnesota","Washington County",5,52,3713,1832,1881
050,27,163,"Minnesota","Washington County",5,53,3750,1876,1874
050,27,163,"Minnesota","Washington County",5,54,3591,1780,1811
050,27,163,"Minnesota","Washington County",5,55,3652,1823,1829
050,27,163,"Minnesota","Washington County",5,56,3613,1763,1850
050,27,163,"Minnesota","Washington County",5,57,3698,1799,1899
050,27,163,"Minnesota","Washington County",5,58,3685,1798,1887
050,27,163,"Minnesota","Washington County",5,59,3803,1879,1924
050,27,163,"Minnesota","Washington County",5,60,3804,1878,1926
050,27,163,"Minnesota","Washington County",5,61,3806,1881,1925
050,27,163,"Minnesota","Washington County",5,62,3903,1932,1971
050,27,163,"Minnesota","Washington County",5,63,3710,1860,1850
050,27,163,"Minnesota","Washington County",5,64,3583,1784,1799
050,27,163,"Minnesota","Washington County",5,65,3478,1653,1825
050,27,163,"Minnesota","Washington County",5,66,3394,1635,1759
050,27,163,"Minnesota","Washington County",5,67,3148,1529,1619
050,27,163,"Minnesota","Washington County",5,68,3023,1442,1581
050,27,163,"Minnesota","Washington County",5,69,2817,1344,1473
050,27,163,"Minnesota","Washington County",5,70,2691,1268,1423
050,27,163,"Minnesota","Washington County",5,71,2689,1289,1400
050,27,163,"Minnesota","Washington County",5,72,2547,1207,1340
050,27,163,"Minnesota","Washington County",5,73,2370,1159,1211
050,27,163,"Minnesota","Washington County",5,74,2251,1068,1183
050,27,163,"Minnesota","Washington County",5,75,2225,1063,1162
050,27,163,"Minnesota","Washington County",5,76,2347,1103,1244
050,27,163,"Minnesota","Washington County",5,77,1571,727,844
050,27,163,"Minnesota","Washington County",5,78,1476,681,795
050,27,163,"Minnesota","Washington County",5,79,1425,672,753
050,27,163,"Minnesota","Washington County",5,80,1445,649,796
050,27,163,"Minnesota","Washington County",5,81,1191,533,658
050,27,163,"Minnesota","Washington County",5,82,1033,443,590
050,27,163,"Minnesota","Washington County",5,83,968,392,576
050,27,163,"Minnesota","Washington County",5,84,895,374,521
050,27,163,"Minnesota","Washington County",5,85,5086,1936,3150
050,27,165,"Minnesota","Watonwan County",1,0,175,93,82
050,27,165,"Minnesota","Watonwan County",1,1,163,92,71
050,27,165,"Minnesota","Watonwan County",1,2,181,94,87
050,27,165,"Minnesota","Watonwan County",1,3,141,75,66
050,27,165,"Minnesota","Watonwan County",1,4,167,82,85
050,27,165,"Minnesota","Watonwan County",1,5,150,74,76
050,27,165,"Minnesota","Watonwan County",1,6,139,71,68
050,27,165,"Minnesota","Watonwan County",1,7,142,73,69
050,27,165,"Minnesota","Watonwan County",1,8,165,84,81
050,27,165,"Minnesota","Watonwan County",1,9,163,81,82
050,27,165,"Minnesota","Watonwan County",1,10,153,67,86
050,27,165,"Minnesota","Watonwan County",1,11,152,68,84
050,27,165,"Minnesota","Watonwan County",1,12,169,82,87
050,27,165,"Minnesota","Watonwan County",1,13,167,78,89
050,27,165,"Minnesota","Watonwan County",1,14,149,69,80
050,27,165,"Minnesota","Watonwan County",1,15,151,70,81
050,27,165,"Minnesota","Watonwan County",1,16,153,73,80
050,27,165,"Minnesota","Watonwan County",1,17,148,79,69
050,27,165,"Minnesota","Watonwan County",1,18,143,75,68
050,27,165,"Minnesota","Watonwan County",1,19,131,64,67
050,27,165,"Minnesota","Watonwan County",1,20,123,65,58
050,27,165,"Minnesota","Watonwan County",1,21,114,54,60
050,27,165,"Minnesota","Watonwan County",1,22,132,65,67
050,27,165,"Minnesota","Watonwan County",1,23,141,78,63
050,27,165,"Minnesota","Watonwan County",1,24,141,75,66
050,27,165,"Minnesota","Watonwan County",1,25,150,80,70
050,27,165,"Minnesota","Watonwan County",1,26,134,67,67
050,27,165,"Minnesota","Watonwan County",1,27,141,71,70
050,27,165,"Minnesota","Watonwan County",1,28,130,66,64
050,27,165,"Minnesota","Watonwan County",1,29,113,65,48
050,27,165,"Minnesota","Watonwan County",1,30,90,52,38
050,27,165,"Minnesota","Watonwan County",1,31,109,63,46
050,27,165,"Minnesota","Watonwan County",1,32,106,55,51
050,27,165,"Minnesota","Watonwan County",1,33,104,52,52
050,27,165,"Minnesota","Watonwan County",1,34,116,57,59
050,27,165,"Minnesota","Watonwan County",1,35,120,57,63
050,27,165,"Minnesota","Watonwan County",1,36,124,61,63
050,27,165,"Minnesota","Watonwan County",1,37,133,59,74
050,27,165,"Minnesota","Watonwan County",1,38,131,67,64
050,27,165,"Minnesota","Watonwan County",1,39,126,72,54
050,27,165,"Minnesota","Watonwan County",1,40,136,77,59
050,27,165,"Minnesota","Watonwan County",1,41,136,76,60
050,27,165,"Minnesota","Watonwan County",1,42,119,60,59
050,27,165,"Minnesota","Watonwan County",1,43,125,59,66
050,27,165,"Minnesota","Watonwan County",1,44,128,67,61
050,27,165,"Minnesota","Watonwan County",1,45,130,69,61
050,27,165,"Minnesota","Watonwan County",1,46,113,54,59
050,27,165,"Minnesota","Watonwan County",1,47,117,60,57
050,27,165,"Minnesota","Watonwan County",1,48,120,66,54
050,27,165,"Minnesota","Watonwan County",1,49,127,75,52
050,27,165,"Minnesota","Watonwan County",1,50,123,65,58
050,27,165,"Minnesota","Watonwan County",1,51,112,54,58
050,27,165,"Minnesota","Watonwan County",1,52,124,57,67
050,27,165,"Minnesota","Watonwan County",1,53,130,65,65
050,27,165,"Minnesota","Watonwan County",1,54,130,71,59
050,27,165,"Minnesota","Watonwan County",1,55,129,70,59
050,27,165,"Minnesota","Watonwan County",1,56,143,74,69
050,27,165,"Minnesota","Watonwan County",1,57,144,65,79
050,27,165,"Minnesota","Watonwan County",1,58,167,80,87
050,27,165,"Minnesota","Watonwan County",1,59,167,82,85
050,27,165,"Minnesota","Watonwan County",1,60,163,78,85
050,27,165,"Minnesota","Watonwan County",1,61,176,80,96
050,27,165,"Minnesota","Watonwan County",1,62,172,83,89
050,27,165,"Minnesota","Watonwan County",1,63,153,76,77
050,27,165,"Minnesota","Watonwan County",1,64,156,72,84
050,27,165,"Minnesota","Watonwan County",1,65,172,89,83
050,27,165,"Minnesota","Watonwan County",1,66,153,82,71
050,27,165,"Minnesota","Watonwan County",1,67,125,73,52
050,27,165,"Minnesota","Watonwan County",1,68,130,75,55
050,27,165,"Minnesota","Watonwan County",1,69,125,73,52
050,27,165,"Minnesota","Watonwan County",1,70,101,53,48
050,27,165,"Minnesota","Watonwan County",1,71,106,51,55
050,27,165,"Minnesota","Watonwan County",1,72,98,46,52
050,27,165,"Minnesota","Watonwan County",1,73,97,44,53
050,27,165,"Minnesota","Watonwan County",1,74,74,33,41
050,27,165,"Minnesota","Watonwan County",1,75,81,44,37
050,27,165,"Minnesota","Watonwan County",1,76,81,40,41
050,27,165,"Minnesota","Watonwan County",1,77,91,42,49
050,27,165,"Minnesota","Watonwan County",1,78,67,31,36
050,27,165,"Minnesota","Watonwan County",1,79,67,39,28
050,27,165,"Minnesota","Watonwan County",1,80,64,32,32
050,27,165,"Minnesota","Watonwan County",1,81,62,27,35
050,27,165,"Minnesota","Watonwan County",1,82,53,23,30
050,27,165,"Minnesota","Watonwan County",1,83,56,24,32
050,27,165,"Minnesota","Watonwan County",1,84,50,18,32
050,27,165,"Minnesota","Watonwan County",1,85,389,148,241
050,27,165,"Minnesota","Watonwan County",2,0,181,96,85
050,27,165,"Minnesota","Watonwan County",2,1,165,91,74
050,27,165,"Minnesota","Watonwan County",2,2,174,92,82
050,27,165,"Minnesota","Watonwan County",2,3,148,79,69
050,27,165,"Minnesota","Watonwan County",2,4,158,80,78
050,27,165,"Minnesota","Watonwan County",2,5,154,76,78
050,27,165,"Minnesota","Watonwan County",2,6,142,71,71
050,27,165,"Minnesota","Watonwan County",2,7,140,71,69
050,27,165,"Minnesota","Watonwan County",2,8,161,81,80
050,27,165,"Minnesota","Watonwan County",2,9,165,82,83
050,27,165,"Minnesota","Watonwan County",2,10,155,69,86
050,27,165,"Minnesota","Watonwan County",2,11,150,69,81
050,27,165,"Minnesota","Watonwan County",2,12,166,79,87
050,27,165,"Minnesota","Watonwan County",2,13,168,80,88
050,27,165,"Minnesota","Watonwan County",2,14,153,72,81
050,27,165,"Minnesota","Watonwan County",2,15,150,69,81
050,27,165,"Minnesota","Watonwan County",2,16,155,73,82
050,27,165,"Minnesota","Watonwan County",2,17,148,77,71
050,27,165,"Minnesota","Watonwan County",2,18,137,71,66
050,27,165,"Minnesota","Watonwan County",2,19,127,63,64
050,27,165,"Minnesota","Watonwan County",2,20,126,66,60
050,27,165,"Minnesota","Watonwan County",2,21,115,55,60
050,27,165,"Minnesota","Watonwan County",2,22,128,63,65
050,27,165,"Minnesota","Watonwan County",2,23,140,74,66
050,27,165,"Minnesota","Watonwan County",2,24,139,74,65
050,27,165,"Minnesota","Watonwan County",2,25,145,76,69
050,27,165,"Minnesota","Watonwan County",2,26,138,70,68
050,27,165,"Minnesota","Watonwan County",2,27,139,70,69
050,27,165,"Minnesota","Watonwan County",2,28,131,67,64
050,27,165,"Minnesota","Watonwan County",2,29,116,64,52
050,27,165,"Minnesota","Watonwan County",2,30,97,56,41
050,27,165,"Minnesota","Watonwan County",2,31,104,61,43
050,27,165,"Minnesota","Watonwan County",2,32,105,57,48
050,27,165,"Minnesota","Watonwan County",2,33,102,51,51
050,27,165,"Minnesota","Watonwan County",2,34,114,56,58
050,27,165,"Minnesota","Watonwan County",2,35,118,56,62
050,27,165,"Minnesota","Watonwan County",2,36,123,59,64
050,27,165,"Minnesota","Watonwan County",2,37,131,59,72
050,27,165,"Minnesota","Watonwan County",2,38,132,66,66
050,27,165,"Minnesota","Watonwan County",2,39,129,72,57
050,27,165,"Minnesota","Watonwan County",2,40,135,76,59
050,27,165,"Minnesota","Watonwan County",2,41,135,76,59
050,27,165,"Minnesota","Watonwan County",2,42,122,63,59
050,27,165,"Minnesota","Watonwan County",2,43,123,59,64
050,27,165,"Minnesota","Watonwan County",2,44,126,64,62
050,27,165,"Minnesota","Watonwan County",2,45,129,68,61
050,27,165,"Minnesota","Watonwan County",2,46,117,58,59
050,27,165,"Minnesota","Watonwan County",2,47,116,59,57
050,27,165,"Minnesota","Watonwan County",2,48,122,67,55
050,27,165,"Minnesota","Watonwan County",2,49,127,74,53
050,27,165,"Minnesota","Watonwan County",2,50,124,68,56
050,27,165,"Minnesota","Watonwan County",2,51,115,57,58
050,27,165,"Minnesota","Watonwan County",2,52,120,55,65
050,27,165,"Minnesota","Watonwan County",2,53,130,63,67
050,27,165,"Minnesota","Watonwan County",2,54,128,68,60
050,27,165,"Minnesota","Watonwan County",2,55,130,71,59
050,27,165,"Minnesota","Watonwan County",2,56,141,73,68
050,27,165,"Minnesota","Watonwan County",2,57,145,67,78
050,27,165,"Minnesota","Watonwan County",2,58,160,75,85
050,27,165,"Minnesota","Watonwan County",2,59,166,81,85
050,27,165,"Minnesota","Watonwan County",2,60,164,79,85
050,27,165,"Minnesota","Watonwan County",2,61,169,78,91
050,27,165,"Minnesota","Watonwan County",2,62,173,82,91
050,27,165,"Minnesota","Watonwan County",2,63,160,79,81
050,27,165,"Minnesota","Watonwan County",2,64,153,71,82
050,27,165,"Minnesota","Watonwan County",2,65,167,85,82
050,27,165,"Minnesota","Watonwan County",2,66,157,83,74
050,27,165,"Minnesota","Watonwan County",2,67,131,75,56
050,27,165,"Minnesota","Watonwan County",2,68,128,74,54
050,27,165,"Minnesota","Watonwan County",2,69,125,73,52
050,27,165,"Minnesota","Watonwan County",2,70,106,57,49
050,27,165,"Minnesota","Watonwan County",2,71,105,52,53
050,27,165,"Minnesota","Watonwan County",2,72,98,47,51
050,27,165,"Minnesota","Watonwan County",2,73,101,46,55
050,27,165,"Minnesota","Watonwan County",2,74,73,34,39
050,27,165,"Minnesota","Watonwan County",2,75,81,42,39
050,27,165,"Minnesota","Watonwan County",2,76,80,40,40
050,27,165,"Minnesota","Watonwan County",2,77,91,42,49
050,27,165,"Minnesota","Watonwan County",2,78,70,33,37
050,27,165,"Minnesota","Watonwan County",2,79,67,37,30
050,27,165,"Minnesota","Watonwan County",2,80,63,32,31
050,27,165,"Minnesota","Watonwan County",2,81,62,28,34
050,27,165,"Minnesota","Watonwan County",2,82,53,23,30
050,27,165,"Minnesota","Watonwan County",2,83,52,22,30
050,27,165,"Minnesota","Watonwan County",2,84,50,19,31
050,27,165,"Minnesota","Watonwan County",2,85,386,146,240
050,27,165,"Minnesota","Watonwan County",3,0,156,71,85
050,27,165,"Minnesota","Watonwan County",3,1,184,99,85
050,27,165,"Minnesota","Watonwan County",3,2,165,91,74
050,27,165,"Minnesota","Watonwan County",3,3,160,87,73
050,27,165,"Minnesota","Watonwan County",3,4,149,81,68
050,27,165,"Minnesota","Watonwan County",3,5,162,80,82
050,27,165,"Minnesota","Watonwan County",3,6,154,77,77
050,27,165,"Minnesota","Watonwan County",3,7,139,73,66
050,27,165,"Minnesota","Watonwan County",3,8,139,71,68
050,27,165,"Minnesota","Watonwan County",3,9,155,80,75
050,27,165,"Minnesota","Watonwan County",3,10,168,87,81
050,27,165,"Minnesota","Watonwan County",3,11,158,68,90
050,27,165,"Minnesota","Watonwan County",3,12,152,69,83
050,27,165,"Minnesota","Watonwan County",3,13,167,75,92
050,27,165,"Minnesota","Watonwan County",3,14,163,82,81
050,27,165,"Minnesota","Watonwan County",3,15,159,75,84
050,27,165,"Minnesota","Watonwan County",3,16,149,69,80
050,27,165,"Minnesota","Watonwan County",3,17,155,73,82
050,27,165,"Minnesota","Watonwan County",3,18,131,68,63
050,27,165,"Minnesota","Watonwan County",3,19,114,60,54
050,27,165,"Minnesota","Watonwan County",3,20,127,66,61
050,27,165,"Minnesota","Watonwan County",3,21,124,66,58
050,27,165,"Minnesota","Watonwan County",3,22,116,61,55
050,27,165,"Minnesota","Watonwan County",3,23,126,66,60
050,27,165,"Minnesota","Watonwan County",3,24,134,71,63
050,27,165,"Minnesota","Watonwan County",3,25,137,73,64
050,27,165,"Minnesota","Watonwan County",3,26,135,70,65
050,27,165,"Minnesota","Watonwan County",3,27,138,69,69
050,27,165,"Minnesota","Watonwan County",3,28,131,64,67
050,27,165,"Minnesota","Watonwan County",3,29,132,65,67
050,27,165,"Minnesota","Watonwan County",3,30,118,68,50
050,27,165,"Minnesota","Watonwan County",3,31,98,58,40
050,27,165,"Minnesota","Watonwan County",3,32,103,64,39
050,27,165,"Minnesota","Watonwan County",3,33,100,53,47
050,27,165,"Minnesota","Watonwan County",3,34,99,48,51
050,27,165,"Minnesota","Watonwan County",3,35,116,58,58
050,27,165,"Minnesota","Watonwan County",3,36,118,58,60
050,27,165,"Minnesota","Watonwan County",3,37,121,56,65
050,27,165,"Minnesota","Watonwan County",3,38,123,55,68
050,27,165,"Minnesota","Watonwan County",3,39,130,66,64
050,27,165,"Minnesota","Watonwan County",3,40,128,70,58
050,27,165,"Minnesota","Watonwan County",3,41,137,76,61
050,27,165,"Minnesota","Watonwan County",3,42,134,78,56
050,27,165,"Minnesota","Watonwan County",3,43,126,66,60
050,27,165,"Minnesota","Watonwan County",3,44,123,60,63
050,27,165,"Minnesota","Watonwan County",3,45,133,66,67
050,27,165,"Minnesota","Watonwan County",3,46,132,69,63
050,27,165,"Minnesota","Watonwan County",3,47,119,56,63
050,27,165,"Minnesota","Watonwan County",3,48,112,59,53
050,27,165,"Minnesota","Watonwan County",3,49,121,70,51
050,27,165,"Minnesota","Watonwan County",3,50,123,73,50
050,27,165,"Minnesota","Watonwan County",3,51,118,65,53
050,27,165,"Minnesota","Watonwan County",3,52,117,57,60
050,27,165,"Minnesota","Watonwan County",3,53,115,49,66
050,27,165,"Minnesota","Watonwan County",3,54,125,60,65
050,27,165,"Minnesota","Watonwan County",3,55,134,71,63
050,27,165,"Minnesota","Watonwan County",3,56,130,72,58
050,27,165,"Minnesota","Watonwan County",3,57,130,71,59
050,27,165,"Minnesota","Watonwan County",3,58,138,65,73
050,27,165,"Minnesota","Watonwan County",3,59,158,74,84
050,27,165,"Minnesota","Watonwan County",3,60,164,81,83
050,27,165,"Minnesota","Watonwan County",3,61,160,78,82
050,27,165,"Minnesota","Watonwan County",3,62,167,81,86
050,27,165,"Minnesota","Watonwan County",3,63,170,83,87
050,27,165,"Minnesota","Watonwan County",3,64,158,76,82
050,27,165,"Minnesota","Watonwan County",3,65,145,69,76
050,27,165,"Minnesota","Watonwan County",3,66,165,84,81
050,27,165,"Minnesota","Watonwan County",3,67,155,81,74
050,27,165,"Minnesota","Watonwan County",3,68,129,74,55
050,27,165,"Minnesota","Watonwan County",3,69,128,72,56
050,27,165,"Minnesota","Watonwan County",3,70,119,69,50
050,27,165,"Minnesota","Watonwan County",3,71,108,57,51
050,27,165,"Minnesota","Watonwan County",3,72,103,49,54
050,27,165,"Minnesota","Watonwan County",3,73,99,48,51
050,27,165,"Minnesota","Watonwan County",3,74,98,44,54
050,27,165,"Minnesota","Watonwan County",3,75,72,35,37
050,27,165,"Minnesota","Watonwan County",3,76,76,40,36
050,27,165,"Minnesota","Watonwan County",3,77,84,42,42
050,27,165,"Minnesota","Watonwan County",3,78,79,37,42
050,27,165,"Minnesota","Watonwan County",3,79,68,33,35
050,27,165,"Minnesota","Watonwan County",3,80,64,34,30
050,27,165,"Minnesota","Watonwan County",3,81,65,32,33
050,27,165,"Minnesota","Watonwan County",3,82,59,27,32
050,27,165,"Minnesota","Watonwan County",3,83,47,20,27
050,27,165,"Minnesota","Watonwan County",3,84,46,21,25
050,27,165,"Minnesota","Watonwan County",3,85,378,138,240
050,27,165,"Minnesota","Watonwan County",4,0,175,83,92
050,27,165,"Minnesota","Watonwan County",4,1,172,91,81
050,27,165,"Minnesota","Watonwan County",4,2,170,95,75
050,27,165,"Minnesota","Watonwan County",4,3,164,84,80
050,27,165,"Minnesota","Watonwan County",4,4,157,86,71
050,27,165,"Minnesota","Watonwan County",4,5,146,80,66
050,27,165,"Minnesota","Watonwan County",4,6,151,72,79
050,27,165,"Minnesota","Watonwan County",4,7,151,74,77
050,27,165,"Minnesota","Watonwan County",4,8,139,71,68
050,27,165,"Minnesota","Watonwan County",4,9,145,75,70
050,27,165,"Minnesota","Watonwan County",4,10,158,80,78
050,27,165,"Minnesota","Watonwan County",4,11,175,89,86
050,27,165,"Minnesota","Watonwan County",4,12,155,69,86
050,27,165,"Minnesota","Watonwan County",4,13,150,66,84
050,27,165,"Minnesota","Watonwan County",4,14,172,80,92
050,27,165,"Minnesota","Watonwan County",4,15,171,86,85
050,27,165,"Minnesota","Watonwan County",4,16,157,71,86
050,27,165,"Minnesota","Watonwan County",4,17,157,67,90
050,27,165,"Minnesota","Watonwan County",4,18,140,66,74
050,27,165,"Minnesota","Watonwan County",4,19,109,58,51
050,27,165,"Minnesota","Watonwan County",4,20,109,58,51
050,27,165,"Minnesota","Watonwan County",4,21,123,64,59
050,27,165,"Minnesota","Watonwan County",4,22,134,73,61
050,27,165,"Minnesota","Watonwan County",4,23,113,55,58
050,27,165,"Minnesota","Watonwan County",4,24,133,68,65
050,27,165,"Minnesota","Watonwan County",4,25,144,73,71
050,27,165,"Minnesota","Watonwan County",4,26,136,71,65
050,27,165,"Minnesota","Watonwan County",4,27,134,72,62
050,27,165,"Minnesota","Watonwan County",4,28,133,67,66
050,27,165,"Minnesota","Watonwan County",4,29,127,61,66
050,27,165,"Minnesota","Watonwan County",4,30,124,62,62
050,27,165,"Minnesota","Watonwan County",4,31,113,62,51
050,27,165,"Minnesota","Watonwan County",4,32,81,46,35
050,27,165,"Minnesota","Watonwan County",4,33,103,63,40
050,27,165,"Minnesota","Watonwan County",4,34,100,51,49
050,27,165,"Minnesota","Watonwan County",4,35,93,46,47
050,27,165,"Minnesota","Watonwan County",4,36,115,57,58
050,27,165,"Minnesota","Watonwan County",4,37,114,51,63
050,27,165,"Minnesota","Watonwan County",4,38,130,61,69
050,27,165,"Minnesota","Watonwan County",4,39,121,53,68
050,27,165,"Minnesota","Watonwan County",4,40,131,64,67
050,27,165,"Minnesota","Watonwan County",4,41,131,71,60
050,27,165,"Minnesota","Watonwan County",4,42,139,75,64
050,27,165,"Minnesota","Watonwan County",4,43,136,79,57
050,27,165,"Minnesota","Watonwan County",4,44,126,67,59
050,27,165,"Minnesota","Watonwan County",4,45,123,59,64
050,27,165,"Minnesota","Watonwan County",4,46,133,66,67
050,27,165,"Minnesota","Watonwan County",4,47,128,66,62
050,27,165,"Minnesota","Watonwan County",4,48,124,58,66
050,27,165,"Minnesota","Watonwan County",4,49,106,57,49
050,27,165,"Minnesota","Watonwan County",4,50,119,69,50
050,27,165,"Minnesota","Watonwan County",4,51,123,71,52
050,27,165,"Minnesota","Watonwan County",4,52,116,62,54
050,27,165,"Minnesota","Watonwan County",4,53,114,52,62
050,27,165,"Minnesota","Watonwan County",4,54,122,51,71
050,27,165,"Minnesota","Watonwan County",4,55,126,61,65
050,27,165,"Minnesota","Watonwan County",4,56,132,70,62
050,27,165,"Minnesota","Watonwan County",4,57,125,71,54
050,27,165,"Minnesota","Watonwan County",4,58,117,68,49
050,27,165,"Minnesota","Watonwan County",4,59,128,59,69
050,27,165,"Minnesota","Watonwan County",4,60,157,73,84
050,27,165,"Minnesota","Watonwan County",4,61,161,79,82
050,27,165,"Minnesota","Watonwan County",4,62,155,78,77
050,27,165,"Minnesota","Watonwan County",4,63,161,76,85
050,27,165,"Minnesota","Watonwan County",4,64,165,77,88
050,27,165,"Minnesota","Watonwan County",4,65,152,75,77
050,27,165,"Minnesota","Watonwan County",4,66,142,67,75
050,27,165,"Minnesota","Watonwan County",4,67,158,77,81
050,27,165,"Minnesota","Watonwan County",4,68,155,81,74
050,27,165,"Minnesota","Watonwan County",4,69,126,72,54
050,27,165,"Minnesota","Watonwan County",4,70,116,68,48
050,27,165,"Minnesota","Watonwan County",4,71,118,66,52
050,27,165,"Minnesota","Watonwan County",4,72,103,54,49
050,27,165,"Minnesota","Watonwan County",4,73,99,47,52
050,27,165,"Minnesota","Watonwan County",4,74,93,44,49
050,27,165,"Minnesota","Watonwan County",4,75,99,46,53
050,27,165,"Minnesota","Watonwan County",4,76,68,32,36
050,27,165,"Minnesota","Watonwan County",4,77,75,39,36
050,27,165,"Minnesota","Watonwan County",4,78,77,40,37
050,27,165,"Minnesota","Watonwan County",4,79,73,36,37
050,27,165,"Minnesota","Watonwan County",4,80,61,29,32
050,27,165,"Minnesota","Watonwan County",4,81,68,33,35
050,27,165,"Minnesota","Watonwan County",4,82,58,28,30
050,27,165,"Minnesota","Watonwan County",4,83,54,23,31
050,27,165,"Minnesota","Watonwan County",4,84,45,18,27
050,27,165,"Minnesota","Watonwan County",4,85,374,130,244
050,27,165,"Minnesota","Watonwan County",5,0,177,84,93
050,27,165,"Minnesota","Watonwan County",5,1,195,109,86
050,27,165,"Minnesota","Watonwan County",5,2,167,87,80
050,27,165,"Minnesota","Watonwan County",5,3,179,103,76
050,27,165,"Minnesota","Watonwan County",5,4,158,85,73
050,27,165,"Minnesota","Watonwan County",5,5,161,85,76
050,27,165,"Minnesota","Watonwan County",5,6,133,72,61
050,27,165,"Minnesota","Watonwan County",5,7,151,72,79
050,27,165,"Minnesota","Watonwan County",5,8,151,75,76
050,27,165,"Minnesota","Watonwan County",5,9,141,73,68
050,27,165,"Minnesota","Watonwan County",5,10,142,72,70
050,27,165,"Minnesota","Watonwan County",5,11,158,80,78
050,27,165,"Minnesota","Watonwan County",5,12,172,87,85
050,27,165,"Minnesota","Watonwan County",5,13,156,67,89
050,27,165,"Minnesota","Watonwan County",5,14,152,70,82
050,27,165,"Minnesota","Watonwan County",5,15,180,89,91
050,27,165,"Minnesota","Watonwan County",5,16,174,84,90
050,27,165,"Minnesota","Watonwan County",5,17,190,73,117
050,27,165,"Minnesota","Watonwan County",5,18,141,61,80
050,27,165,"Minnesota","Watonwan County",5,19,118,57,61
050,27,165,"Minnesota","Watonwan County",5,20,112,63,49
050,27,165,"Minnesota","Watonwan County",5,21,110,58,52
050,27,165,"Minnesota","Watonwan County",5,22,125,64,61
050,27,165,"Minnesota","Watonwan County",5,23,125,65,60
050,27,165,"Minnesota","Watonwan County",5,24,111,60,51
050,27,165,"Minnesota","Watonwan County",5,25,132,67,65
050,27,165,"Minnesota","Watonwan County",5,26,142,69,73
050,27,165,"Minnesota","Watonwan County",5,27,133,68,65
050,27,165,"Minnesota","Watonwan County",5,28,137,73,64
050,27,165,"Minnesota","Watonwan County",5,29,126,67,59
050,27,165,"Minnesota","Watonwan County",5,30,124,62,62
050,27,165,"Minnesota","Watonwan County",5,31,121,61,60
050,27,165,"Minnesota","Watonwan County",5,32,108,60,48
050,27,165,"Minnesota","Watonwan County",5,33,77,44,33
050,27,165,"Minnesota","Watonwan County",5,34,96,60,36
050,27,165,"Minnesota","Watonwan County",5,35,95,47,48
050,27,165,"Minnesota","Watonwan County",5,36,95,48,47
050,27,165,"Minnesota","Watonwan County",5,37,111,57,54
050,27,165,"Minnesota","Watonwan County",5,38,118,53,65
050,27,165,"Minnesota","Watonwan County",5,39,130,62,68
050,27,165,"Minnesota","Watonwan County",5,40,119,55,64
050,27,165,"Minnesota","Watonwan County",5,41,129,61,68
050,27,165,"Minnesota","Watonwan County",5,42,129,71,58
050,27,165,"Minnesota","Watonwan County",5,43,142,76,66
050,27,165,"Minnesota","Watonwan County",5,44,136,78,58
050,27,165,"Minnesota","Watonwan County",5,45,126,66,60
050,27,165,"Minnesota","Watonwan County",5,46,122,61,61
050,27,165,"Minnesota","Watonwan County",5,47,134,65,69
050,27,165,"Minnesota","Watonwan County",5,48,116,59,57
050,27,165,"Minnesota","Watonwan County",5,49,125,57,68
050,27,165,"Minnesota","Watonwan County",5,50,102,54,48
050,27,165,"Minnesota","Watonwan County",5,51,115,64,51
050,27,165,"Minnesota","Watonwan County",5,52,128,76,52
050,27,165,"Minnesota","Watonwan County",5,53,119,64,55
050,27,165,"Minnesota","Watonwan County",5,54,108,51,57
050,27,165,"Minnesota","Watonwan County",5,55,118,50,68
050,27,165,"Minnesota","Watonwan County",5,56,125,59,66
050,27,165,"Minnesota","Watonwan County",5,57,129,70,59
050,27,165,"Minnesota","Watonwan County",5,58,122,67,55
050,27,165,"Minnesota","Watonwan County",5,59,114,64,50
050,27,165,"Minnesota","Watonwan County",5,60,126,58,68
050,27,165,"Minnesota","Watonwan County",5,61,154,72,82
050,27,165,"Minnesota","Watonwan County",5,62,154,74,80
050,27,165,"Minnesota","Watonwan County",5,63,154,78,76
050,27,165,"Minnesota","Watonwan County",5,64,157,73,84
050,27,165,"Minnesota","Watonwan County",5,65,162,75,87
050,27,165,"Minnesota","Watonwan County",5,66,145,72,73
050,27,165,"Minnesota","Watonwan County",5,67,141,66,75
050,27,165,"Minnesota","Watonwan County",5,68,158,77,81
050,27,165,"Minnesota","Watonwan County",5,69,153,79,74
050,27,165,"Minnesota","Watonwan County",5,70,120,67,53
050,27,165,"Minnesota","Watonwan County",5,71,115,66,49
050,27,165,"Minnesota","Watonwan County",5,72,111,62,49
050,27,165,"Minnesota","Watonwan County",5,73,98,52,46
050,27,165,"Minnesota","Watonwan County",5,74,93,44,49
050,27,165,"Minnesota","Watonwan County",5,75,92,45,47
050,27,165,"Minnesota","Watonwan County",5,76,95,42,53
050,27,165,"Minnesota","Watonwan County",5,77,64,29,35
050,27,165,"Minnesota","Watonwan County",5,78,65,34,31
050,27,165,"Minnesota","Watonwan County",5,79,76,40,36
050,27,165,"Minnesota","Watonwan County",5,80,67,30,37
050,27,165,"Minnesota","Watonwan County",5,81,62,29,33
050,27,165,"Minnesota","Watonwan County",5,82,61,28,33
050,27,165,"Minnesota","Watonwan County",5,83,55,25,30
050,27,165,"Minnesota","Watonwan County",5,84,51,22,29
050,27,165,"Minnesota","Watonwan County",5,85,366,122,244
050,27,167,"Minnesota","Wilkin County",1,0,69,37,32
050,27,167,"Minnesota","Wilkin County",1,1,66,38,28
050,27,167,"Minnesota","Wilkin County",1,2,82,44,38
050,27,167,"Minnesota","Wilkin County",1,3,82,43,39
050,27,167,"Minnesota","Wilkin County",1,4,76,45,31
050,27,167,"Minnesota","Wilkin County",1,5,87,43,44
050,27,167,"Minnesota","Wilkin County",1,6,80,40,40
050,27,167,"Minnesota","Wilkin County",1,7,65,33,32
050,27,167,"Minnesota","Wilkin County",1,8,91,48,43
050,27,167,"Minnesota","Wilkin County",1,9,85,45,40
050,27,167,"Minnesota","Wilkin County",1,10,89,52,37
050,27,167,"Minnesota","Wilkin County",1,11,87,46,41
050,27,167,"Minnesota","Wilkin County",1,12,98,54,44
050,27,167,"Minnesota","Wilkin County",1,13,93,44,49
050,27,167,"Minnesota","Wilkin County",1,14,81,39,42
050,27,167,"Minnesota","Wilkin County",1,15,85,45,40
050,27,167,"Minnesota","Wilkin County",1,16,73,46,27
050,27,167,"Minnesota","Wilkin County",1,17,85,54,31
050,27,167,"Minnesota","Wilkin County",1,18,71,47,24
050,27,167,"Minnesota","Wilkin County",1,19,64,43,21
050,27,167,"Minnesota","Wilkin County",1,20,67,42,25
050,27,167,"Minnesota","Wilkin County",1,21,73,36,37
050,27,167,"Minnesota","Wilkin County",1,22,79,42,37
050,27,167,"Minnesota","Wilkin County",1,23,70,38,32
050,27,167,"Minnesota","Wilkin County",1,24,81,41,40
050,27,167,"Minnesota","Wilkin County",1,25,69,39,30
050,27,167,"Minnesota","Wilkin County",1,26,71,42,29
050,27,167,"Minnesota","Wilkin County",1,27,65,36,29
050,27,167,"Minnesota","Wilkin County",1,28,61,38,23
050,27,167,"Minnesota","Wilkin County",1,29,62,33,29
050,27,167,"Minnesota","Wilkin County",1,30,61,30,31
050,27,167,"Minnesota","Wilkin County",1,31,65,34,31
050,27,167,"Minnesota","Wilkin County",1,32,80,34,46
050,27,167,"Minnesota","Wilkin County",1,33,70,36,34
050,27,167,"Minnesota","Wilkin County",1,34,70,38,32
050,27,167,"Minnesota","Wilkin County",1,35,67,32,35
050,27,167,"Minnesota","Wilkin County",1,36,77,37,40
050,27,167,"Minnesota","Wilkin County",1,37,78,44,34
050,27,167,"Minnesota","Wilkin County",1,38,81,44,37
050,27,167,"Minnesota","Wilkin County",1,39,90,49,41
050,27,167,"Minnesota","Wilkin County",1,40,82,42,40
050,27,167,"Minnesota","Wilkin County",1,41,77,40,37
050,27,167,"Minnesota","Wilkin County",1,42,74,41,33
050,27,167,"Minnesota","Wilkin County",1,43,73,40,33
050,27,167,"Minnesota","Wilkin County",1,44,66,28,38
050,27,167,"Minnesota","Wilkin County",1,45,64,38,26
050,27,167,"Minnesota","Wilkin County",1,46,70,39,31
050,27,167,"Minnesota","Wilkin County",1,47,81,39,42
050,27,167,"Minnesota","Wilkin County",1,48,76,44,32
050,27,167,"Minnesota","Wilkin County",1,49,78,43,35
050,27,167,"Minnesota","Wilkin County",1,50,82,40,42
050,27,167,"Minnesota","Wilkin County",1,51,77,44,33
050,27,167,"Minnesota","Wilkin County",1,52,76,40,36
050,27,167,"Minnesota","Wilkin County",1,53,93,51,42
050,27,167,"Minnesota","Wilkin County",1,54,94,51,43
050,27,167,"Minnesota","Wilkin County",1,55,83,44,39
050,27,167,"Minnesota","Wilkin County",1,56,101,49,52
050,27,167,"Minnesota","Wilkin County",1,57,116,62,54
050,27,167,"Minnesota","Wilkin County",1,58,116,64,52
050,27,167,"Minnesota","Wilkin County",1,59,107,60,47
050,27,167,"Minnesota","Wilkin County",1,60,116,62,54
050,27,167,"Minnesota","Wilkin County",1,61,115,62,53
050,27,167,"Minnesota","Wilkin County",1,62,113,59,54
050,27,167,"Minnesota","Wilkin County",1,63,96,51,45
050,27,167,"Minnesota","Wilkin County",1,64,105,55,50
050,27,167,"Minnesota","Wilkin County",1,65,99,50,49
050,27,167,"Minnesota","Wilkin County",1,66,87,45,42
050,27,167,"Minnesota","Wilkin County",1,67,77,42,35
050,27,167,"Minnesota","Wilkin County",1,68,72,43,29
050,27,167,"Minnesota","Wilkin County",1,69,74,38,36
050,27,167,"Minnesota","Wilkin County",1,70,62,32,30
050,27,167,"Minnesota","Wilkin County",1,71,64,33,31
050,27,167,"Minnesota","Wilkin County",1,72,62,29,33
050,27,167,"Minnesota","Wilkin County",1,73,55,24,31
050,27,167,"Minnesota","Wilkin County",1,74,49,22,27
050,27,167,"Minnesota","Wilkin County",1,75,47,24,23
050,27,167,"Minnesota","Wilkin County",1,76,46,24,22
050,27,167,"Minnesota","Wilkin County",1,77,42,17,25
050,27,167,"Minnesota","Wilkin County",1,78,43,18,25
050,27,167,"Minnesota","Wilkin County",1,79,44,20,24
050,27,167,"Minnesota","Wilkin County",1,80,35,16,19
050,27,167,"Minnesota","Wilkin County",1,81,35,17,18
050,27,167,"Minnesota","Wilkin County",1,82,32,12,20
050,27,167,"Minnesota","Wilkin County",1,83,30,13,17
050,27,167,"Minnesota","Wilkin County",1,84,23,11,12
050,27,167,"Minnesota","Wilkin County",1,85,153,70,83
050,27,167,"Minnesota","Wilkin County",2,0,66,34,32
050,27,167,"Minnesota","Wilkin County",2,1,69,40,29
050,27,167,"Minnesota","Wilkin County",2,2,78,42,36
050,27,167,"Minnesota","Wilkin County",2,3,83,43,40
050,27,167,"Minnesota","Wilkin County",2,4,78,44,34
050,27,167,"Minnesota","Wilkin County",2,5,83,43,40
050,27,167,"Minnesota","Wilkin County",2,6,80,40,40
050,27,167,"Minnesota","Wilkin County",2,7,69,35,34
050,27,167,"Minnesota","Wilkin County",2,8,86,46,40
050,27,167,"Minnesota","Wilkin County",2,9,86,46,40
050,27,167,"Minnesota","Wilkin County",2,10,88,49,39
050,27,167,"Minnesota","Wilkin County",2,11,87,47,40
050,27,167,"Minnesota","Wilkin County",2,12,94,51,43
050,27,167,"Minnesota","Wilkin County",2,13,94,46,48
050,27,167,"Minnesota","Wilkin County",2,14,83,39,44
050,27,167,"Minnesota","Wilkin County",2,15,82,44,38
050,27,167,"Minnesota","Wilkin County",2,16,75,45,30
050,27,167,"Minnesota","Wilkin County",2,17,82,53,29
050,27,167,"Minnesota","Wilkin County",2,18,68,45,23
050,27,167,"Minnesota","Wilkin County",2,19,62,41,21
050,27,167,"Minnesota","Wilkin County",2,20,68,43,25
050,27,167,"Minnesota","Wilkin County",2,21,73,38,35
050,27,167,"Minnesota","Wilkin County",2,22,77,41,36
050,27,167,"Minnesota","Wilkin County",2,23,74,40,34
050,27,167,"Minnesota","Wilkin County",2,24,77,39,38
050,27,167,"Minnesota","Wilkin County",2,25,72,40,32
050,27,167,"Minnesota","Wilkin County",2,26,72,43,29
050,27,167,"Minnesota","Wilkin County",2,27,66,38,28
050,27,167,"Minnesota","Wilkin County",2,28,62,38,24
050,27,167,"Minnesota","Wilkin County",2,29,63,35,28
050,27,167,"Minnesota","Wilkin County",2,30,61,30,31
050,27,167,"Minnesota","Wilkin County",2,31,63,32,31
050,27,167,"Minnesota","Wilkin County",2,32,76,34,42
050,27,167,"Minnesota","Wilkin County",2,33,72,34,38
050,27,167,"Minnesota","Wilkin County",2,34,71,38,33
050,27,167,"Minnesota","Wilkin County",2,35,69,34,35
050,27,167,"Minnesota","Wilkin County",2,36,75,36,39
050,27,167,"Minnesota","Wilkin County",2,37,78,42,36
050,27,167,"Minnesota","Wilkin County",2,38,81,44,37
050,27,167,"Minnesota","Wilkin County",2,39,90,50,40
050,27,167,"Minnesota","Wilkin County",2,40,86,44,42
050,27,167,"Minnesota","Wilkin County",2,41,78,40,38
050,27,167,"Minnesota","Wilkin County",2,42,73,40,33
050,27,167,"Minnesota","Wilkin County",2,43,75,41,34
050,27,167,"Minnesota","Wilkin County",2,44,66,31,35
050,27,167,"Minnesota","Wilkin County",2,45,65,36,29
050,27,167,"Minnesota","Wilkin County",2,46,68,39,29
050,27,167,"Minnesota","Wilkin County",2,47,79,39,40
050,27,167,"Minnesota","Wilkin County",2,48,77,43,34
050,27,167,"Minnesota","Wilkin County",2,49,78,43,35
050,27,167,"Minnesota","Wilkin County",2,50,81,41,40
050,27,167,"Minnesota","Wilkin County",2,51,79,44,35
050,27,167,"Minnesota","Wilkin County",2,52,76,41,35
050,27,167,"Minnesota","Wilkin County",2,53,88,48,40
050,27,167,"Minnesota","Wilkin County",2,54,93,51,42
050,27,167,"Minnesota","Wilkin County",2,55,85,45,40
050,27,167,"Minnesota","Wilkin County",2,56,98,48,50
050,27,167,"Minnesota","Wilkin County",2,57,113,59,54
050,27,167,"Minnesota","Wilkin County",2,58,115,63,52
050,27,167,"Minnesota","Wilkin County",2,59,108,60,48
050,27,167,"Minnesota","Wilkin County",2,60,112,61,51
050,27,167,"Minnesota","Wilkin County",2,61,113,61,52
050,27,167,"Minnesota","Wilkin County",2,62,111,58,53
050,27,167,"Minnesota","Wilkin County",2,63,100,53,47
050,27,167,"Minnesota","Wilkin County",2,64,102,53,49
050,27,167,"Minnesota","Wilkin County",2,65,100,51,49
050,27,167,"Minnesota","Wilkin County",2,66,90,46,44
050,27,167,"Minnesota","Wilkin County",2,67,77,41,36
050,27,167,"Minnesota","Wilkin County",2,68,73,43,30
050,27,167,"Minnesota","Wilkin County",2,69,74,39,35
050,27,167,"Minnesota","Wilkin County",2,70,65,34,31
050,27,167,"Minnesota","Wilkin County",2,71,63,32,31
050,27,167,"Minnesota","Wilkin County",2,72,62,30,32
050,27,167,"Minnesota","Wilkin County",2,73,58,26,32
050,27,167,"Minnesota","Wilkin County",2,74,46,21,25
050,27,167,"Minnesota","Wilkin County",2,75,47,23,24
050,27,167,"Minnesota","Wilkin County",2,76,46,24,22
050,27,167,"Minnesota","Wilkin County",2,77,42,19,23
050,27,167,"Minnesota","Wilkin County",2,78,41,17,24
050,27,167,"Minnesota","Wilkin County",2,79,45,20,25
050,27,167,"Minnesota","Wilkin County",2,80,37,17,20
050,27,167,"Minnesota","Wilkin County",2,81,32,15,17
050,27,167,"Minnesota","Wilkin County",2,82,33,13,20
050,27,167,"Minnesota","Wilkin County",2,83,30,13,17
050,27,167,"Minnesota","Wilkin County",2,84,21,10,11
050,27,167,"Minnesota","Wilkin County",2,85,145,65,80
050,27,167,"Minnesota","Wilkin County",3,0,58,30,28
050,27,167,"Minnesota","Wilkin County",3,1,68,35,33
050,27,167,"Minnesota","Wilkin County",3,2,68,40,28
050,27,167,"Minnesota","Wilkin County",3,3,71,39,32
050,27,167,"Minnesota","Wilkin County",3,4,79,39,40
050,27,167,"Minnesota","Wilkin County",3,5,78,42,36
050,27,167,"Minnesota","Wilkin County",3,6,80,41,39
050,27,167,"Minnesota","Wilkin County",3,7,79,40,39
050,27,167,"Minnesota","Wilkin County",3,8,75,35,40
050,27,167,"Minnesota","Wilkin County",3,9,88,45,43
050,27,167,"Minnesota","Wilkin County",3,10,89,46,43
050,27,167,"Minnesota","Wilkin County",3,11,83,46,37
050,27,167,"Minnesota","Wilkin County",3,12,92,50,42
050,27,167,"Minnesota","Wilkin County",3,13,94,50,44
050,27,167,"Minnesota","Wilkin County",3,14,101,53,48
050,27,167,"Minnesota","Wilkin County",3,15,88,45,43
050,27,167,"Minnesota","Wilkin County",3,16,82,42,40
050,27,167,"Minnesota","Wilkin County",3,17,78,47,31
050,27,167,"Minnesota","Wilkin County",3,18,72,48,24
050,27,167,"Minnesota","Wilkin County",3,19,48,30,18
050,27,167,"Minnesota","Wilkin County",3,20,67,44,23
050,27,167,"Minnesota","Wilkin County",3,21,68,43,25
050,27,167,"Minnesota","Wilkin County",3,22,71,36,35
050,27,167,"Minnesota","Wilkin County",3,23,71,37,34
050,27,167,"Minnesota","Wilkin County",3,24,76,41,35
050,27,167,"Minnesota","Wilkin County",3,25,70,36,34
050,27,167,"Minnesota","Wilkin County",3,26,75,41,34
050,27,167,"Minnesota","Wilkin County",3,27,75,44,31
050,27,167,"Minnesota","Wilkin County",3,28,68,40,28
050,27,167,"Minnesota","Wilkin County",3,29,57,32,25
050,27,167,"Minnesota","Wilkin County",3,30,68,35,33
050,27,167,"Minnesota","Wilkin County",3,31,58,28,30
050,27,167,"Minnesota","Wilkin County",3,32,58,31,27
050,27,167,"Minnesota","Wilkin County",3,33,73,31,42
050,27,167,"Minnesota","Wilkin County",3,34,70,36,34
050,27,167,"Minnesota","Wilkin County",3,35,77,42,35
050,27,167,"Minnesota","Wilkin County",3,36,61,30,31
050,27,167,"Minnesota","Wilkin County",3,37,70,31,39
050,27,167,"Minnesota","Wilkin County",3,38,77,39,38
050,27,167,"Minnesota","Wilkin County",3,39,81,45,36
050,27,167,"Minnesota","Wilkin County",3,40,97,53,44
050,27,167,"Minnesota","Wilkin County",3,41,87,45,42
050,27,167,"Minnesota","Wilkin County",3,42,79,41,38
050,27,167,"Minnesota","Wilkin County",3,43,80,44,36
050,27,167,"Minnesota","Wilkin County",3,44,74,41,33
050,27,167,"Minnesota","Wilkin County",3,45,67,33,34
050,27,167,"Minnesota","Wilkin County",3,46,67,36,31
050,27,167,"Minnesota","Wilkin County",3,47,71,42,29
050,27,167,"Minnesota","Wilkin County",3,48,76,36,40
050,27,167,"Minnesota","Wilkin County",3,49,79,43,36
050,27,167,"Minnesota","Wilkin County",3,50,80,44,36
050,27,167,"Minnesota","Wilkin County",3,51,80,42,38
050,27,167,"Minnesota","Wilkin County",3,52,80,45,35
050,27,167,"Minnesota","Wilkin County",3,53,79,44,35
050,27,167,"Minnesota","Wilkin County",3,54,89,49,40
050,27,167,"Minnesota","Wilkin County",3,55,91,49,42
050,27,167,"Minnesota","Wilkin County",3,56,77,39,38
050,27,167,"Minnesota","Wilkin County",3,57,98,48,50
050,27,167,"Minnesota","Wilkin County",3,58,103,56,47
050,27,167,"Minnesota","Wilkin County",3,59,113,62,51
050,27,167,"Minnesota","Wilkin County",3,60,103,58,45
050,27,167,"Minnesota","Wilkin County",3,61,110,60,50
050,27,167,"Minnesota","Wilkin County",3,62,111,60,51
050,27,167,"Minnesota","Wilkin County",3,63,105,55,50
050,27,167,"Minnesota","Wilkin County",3,64,92,49,43
050,27,167,"Minnesota","Wilkin County",3,65,97,49,48
050,27,167,"Minnesota","Wilkin County",3,66,102,51,51
050,27,167,"Minnesota","Wilkin County",3,67,85,43,42
050,27,167,"Minnesota","Wilkin County",3,68,76,40,36
050,27,167,"Minnesota","Wilkin County",3,69,72,43,29
050,27,167,"Minnesota","Wilkin County",3,70,71,40,31
050,27,167,"Minnesota","Wilkin County",3,71,66,35,31
050,27,167,"Minnesota","Wilkin County",3,72,59,30,29
050,27,167,"Minnesota","Wilkin County",3,73,58,26,32
050,27,167,"Minnesota","Wilkin County",3,74,56,25,31
050,27,167,"Minnesota","Wilkin County",3,75,44,19,25
050,27,167,"Minnesota","Wilkin County",3,76,44,20,24
050,27,167,"Minnesota","Wilkin County",3,77,42,21,21
050,27,167,"Minnesota","Wilkin County",3,78,42,19,23
050,27,167,"Minnesota","Wilkin County",3,79,41,18,23
050,27,167,"Minnesota","Wilkin County",3,80,41,19,22
050,27,167,"Minnesota","Wilkin County",3,81,31,14,17
050,27,167,"Minnesota","Wilkin County",3,82,32,14,18
050,27,167,"Minnesota","Wilkin County",3,83,32,13,19
050,27,167,"Minnesota","Wilkin County",3,84,26,11,15
050,27,167,"Minnesota","Wilkin County",3,85,144,64,80
050,27,167,"Minnesota","Wilkin County",4,0,65,33,32
050,27,167,"Minnesota","Wilkin County",4,1,58,32,26
050,27,167,"Minnesota","Wilkin County",4,2,65,37,28
050,27,167,"Minnesota","Wilkin County",4,3,68,39,29
050,27,167,"Minnesota","Wilkin County",4,4,68,38,30
050,27,167,"Minnesota","Wilkin County",4,5,84,40,44
050,27,167,"Minnesota","Wilkin County",4,6,79,43,36
050,27,167,"Minnesota","Wilkin County",4,7,80,43,37
050,27,167,"Minnesota","Wilkin County",4,8,85,45,40
050,27,167,"Minnesota","Wilkin County",4,9,79,43,36
050,27,167,"Minnesota","Wilkin County",4,10,86,43,43
050,27,167,"Minnesota","Wilkin County",4,11,90,48,42
050,27,167,"Minnesota","Wilkin County",4,12,86,48,38
050,27,167,"Minnesota","Wilkin County",4,13,95,53,42
050,27,167,"Minnesota","Wilkin County",4,14,93,52,41
050,27,167,"Minnesota","Wilkin County",4,15,97,51,46
050,27,167,"Minnesota","Wilkin County",4,16,86,44,42
050,27,167,"Minnesota","Wilkin County",4,17,90,46,44
050,27,167,"Minnesota","Wilkin County",4,18,68,39,29
050,27,167,"Minnesota","Wilkin County",4,19,55,34,21
050,27,167,"Minnesota","Wilkin County",4,20,52,32,20
050,27,167,"Minnesota","Wilkin County",4,21,65,43,22
050,27,167,"Minnesota","Wilkin County",4,22,77,48,29
050,27,167,"Minnesota","Wilkin County",4,23,65,35,30
050,27,167,"Minnesota","Wilkin County",4,24,62,34,28
050,27,167,"Minnesota","Wilkin County",4,25,76,41,35
050,27,167,"Minnesota","Wilkin County",4,26,67,29,38
050,27,167,"Minnesota","Wilkin County",4,27,82,45,37
050,27,167,"Minnesota","Wilkin County",4,28,76,42,34
050,27,167,"Minnesota","Wilkin County",4,29,65,37,28
050,27,167,"Minnesota","Wilkin County",4,30,65,37,28
050,27,167,"Minnesota","Wilkin County",4,31,70,37,33
050,27,167,"Minnesota","Wilkin County",4,32,55,29,26
050,27,167,"Minnesota","Wilkin County",4,33,66,36,30
050,27,167,"Minnesota","Wilkin County",4,34,70,31,39
050,27,167,"Minnesota","Wilkin County",4,35,67,33,34
050,27,167,"Minnesota","Wilkin County",4,36,78,47,31
050,27,167,"Minnesota","Wilkin County",4,37,64,31,33
050,27,167,"Minnesota","Wilkin County",4,38,76,36,40
050,27,167,"Minnesota","Wilkin County",4,39,80,39,41
050,27,167,"Minnesota","Wilkin County",4,40,88,47,41
050,27,167,"Minnesota","Wilkin County",4,41,94,52,42
050,27,167,"Minnesota","Wilkin County",4,42,82,39,43
050,27,167,"Minnesota","Wilkin County",4,43,82,44,38
050,27,167,"Minnesota","Wilkin County",4,44,75,42,33
050,27,167,"Minnesota","Wilkin County",4,45,67,39,28
050,27,167,"Minnesota","Wilkin County",4,46,65,31,34
050,27,167,"Minnesota","Wilkin County",4,47,67,37,30
050,27,167,"Minnesota","Wilkin County",4,48,74,44,30
050,27,167,"Minnesota","Wilkin County",4,49,72,33,39
050,27,167,"Minnesota","Wilkin County",4,50,78,43,35
050,27,167,"Minnesota","Wilkin County",4,51,73,40,33
050,27,167,"Minnesota","Wilkin County",4,52,81,43,38
050,27,167,"Minnesota","Wilkin County",4,53,83,48,35
050,27,167,"Minnesota","Wilkin County",4,54,78,42,36
050,27,167,"Minnesota","Wilkin County",4,55,92,47,45
050,27,167,"Minnesota","Wilkin County",4,56,90,48,42
050,27,167,"Minnesota","Wilkin County",4,57,75,39,36
050,27,167,"Minnesota","Wilkin County",4,58,101,50,51
050,27,167,"Minnesota","Wilkin County",4,59,100,53,47
050,27,167,"Minnesota","Wilkin County",4,60,108,60,48
050,27,167,"Minnesota","Wilkin County",4,61,95,52,43
050,27,167,"Minnesota","Wilkin County",4,62,109,56,53
050,27,167,"Minnesota","Wilkin County",4,63,110,61,49
050,27,167,"Minnesota","Wilkin County",4,64,100,52,48
050,27,167,"Minnesota","Wilkin County",4,65,87,46,41
050,27,167,"Minnesota","Wilkin County",4,66,94,49,45
050,27,167,"Minnesota","Wilkin County",4,67,91,46,45
050,27,167,"Minnesota","Wilkin County",4,68,81,40,41
050,27,167,"Minnesota","Wilkin County",4,69,73,35,38
050,27,167,"Minnesota","Wilkin County",4,70,71,43,28
050,27,167,"Minnesota","Wilkin County",4,71,71,38,33
050,27,167,"Minnesota","Wilkin County",4,72,66,35,31
050,27,167,"Minnesota","Wilkin County",4,73,58,29,29
050,27,167,"Minnesota","Wilkin County",4,74,60,28,32
050,27,167,"Minnesota","Wilkin County",4,75,53,23,30
050,27,167,"Minnesota","Wilkin County",4,76,42,17,25
050,27,167,"Minnesota","Wilkin County",4,77,39,18,21
050,27,167,"Minnesota","Wilkin County",4,78,40,20,20
050,27,167,"Minnesota","Wilkin County",4,79,38,18,20
050,27,167,"Minnesota","Wilkin County",4,80,31,15,16
050,27,167,"Minnesota","Wilkin County",4,81,36,16,20
050,27,167,"Minnesota","Wilkin County",4,82,28,12,16
050,27,167,"Minnesota","Wilkin County",4,83,29,16,13
050,27,167,"Minnesota","Wilkin County",4,84,30,11,19
050,27,167,"Minnesota","Wilkin County",4,85,146,65,81
050,27,167,"Minnesota","Wilkin County",5,0,46,25,21
050,27,167,"Minnesota","Wilkin County",5,1,65,29,36
050,27,167,"Minnesota","Wilkin County",5,2,62,34,28
050,27,167,"Minnesota","Wilkin County",5,3,71,37,34
050,27,167,"Minnesota","Wilkin County",5,4,80,49,31
050,27,167,"Minnesota","Wilkin County",5,5,71,40,31
050,27,167,"Minnesota","Wilkin County",5,6,85,40,45
050,27,167,"Minnesota","Wilkin County",5,7,87,48,39
050,27,167,"Minnesota","Wilkin County",5,8,80,44,36
050,27,167,"Minnesota","Wilkin County",5,9,79,37,42
050,27,167,"Minnesota","Wilkin County",5,10,79,40,39
050,27,167,"Minnesota","Wilkin County",5,11,80,36,44
050,27,167,"Minnesota","Wilkin County",5,12,90,49,41
050,27,167,"Minnesota","Wilkin County",5,13,78,41,37
050,27,167,"Minnesota","Wilkin County",5,14,94,52,42
050,27,167,"Minnesota","Wilkin County",5,15,93,52,41
050,27,167,"Minnesota","Wilkin County",5,16,101,51,50
050,27,167,"Minnesota","Wilkin County",5,17,91,49,42
050,27,167,"Minnesota","Wilkin County",5,18,77,42,35
050,27,167,"Minnesota","Wilkin County",5,19,52,28,24
050,27,167,"Minnesota","Wilkin County",5,20,55,34,21
050,27,167,"Minnesota","Wilkin County",5,21,49,27,22
050,27,167,"Minnesota","Wilkin County",5,22,65,45,20
050,27,167,"Minnesota","Wilkin County",5,23,76,43,33
050,27,167,"Minnesota","Wilkin County",5,24,50,28,22
050,27,167,"Minnesota","Wilkin County",5,25,64,35,29
050,27,167,"Minnesota","Wilkin County",5,26,75,46,29
050,27,167,"Minnesota","Wilkin County",5,27,61,23,38
050,27,167,"Minnesota","Wilkin County",5,28,91,53,38
050,27,167,"Minnesota","Wilkin County",5,29,74,41,33
050,27,167,"Minnesota","Wilkin County",5,30,72,44,28
050,27,167,"Minnesota","Wilkin County",5,31,67,36,31
050,27,167,"Minnesota","Wilkin County",5,32,76,39,37
050,27,167,"Minnesota","Wilkin County",5,33,61,33,28
050,27,167,"Minnesota","Wilkin County",5,34,68,36,32
050,27,167,"Minnesota","Wilkin County",5,35,67,31,36
050,27,167,"Minnesota","Wilkin County",5,36,71,37,34
050,27,167,"Minnesota","Wilkin County",5,37,75,42,33
050,27,167,"Minnesota","Wilkin County",5,38,63,32,31
050,27,167,"Minnesota","Wilkin County",5,39,75,37,38
050,27,167,"Minnesota","Wilkin County",5,40,79,40,39
050,27,167,"Minnesota","Wilkin County",5,41,89,46,43
050,27,167,"Minnesota","Wilkin County",5,42,94,52,42
050,27,167,"Minnesota","Wilkin County",5,43,83,40,43
050,27,167,"Minnesota","Wilkin County",5,44,86,47,39
050,27,167,"Minnesota","Wilkin County",5,45,78,47,31
050,27,167,"Minnesota","Wilkin County",5,46,67,38,29
050,27,167,"Minnesota","Wilkin County",5,47,62,29,33
050,27,167,"Minnesota","Wilkin County",5,48,65,34,31
050,27,167,"Minnesota","Wilkin County",5,49,71,41,30
050,27,167,"Minnesota","Wilkin County",5,50,69,30,39
050,27,167,"Minnesota","Wilkin County",5,51,80,45,35
050,27,167,"Minnesota","Wilkin County",5,52,71,41,30
050,27,167,"Minnesota","Wilkin County",5,53,81,43,38
050,27,167,"Minnesota","Wilkin County",5,54,85,48,37
050,27,167,"Minnesota","Wilkin County",5,55,80,43,37
050,27,167,"Minnesota","Wilkin County",5,56,87,45,42
050,27,167,"Minnesota","Wilkin County",5,57,95,48,47
050,27,167,"Minnesota","Wilkin County",5,58,72,36,36
050,27,167,"Minnesota","Wilkin County",5,59,98,48,50
050,27,167,"Minnesota","Wilkin County",5,60,102,55,47
050,27,167,"Minnesota","Wilkin County",5,61,102,57,45
050,27,167,"Minnesota","Wilkin County",5,62,93,50,43
050,27,167,"Minnesota","Wilkin County",5,63,109,55,54
050,27,167,"Minnesota","Wilkin County",5,64,110,61,49
050,27,167,"Minnesota","Wilkin County",5,65,96,51,45
050,27,167,"Minnesota","Wilkin County",5,66,83,45,38
050,27,167,"Minnesota","Wilkin County",5,67,89,46,43
050,27,167,"Minnesota","Wilkin County",5,68,87,41,46
050,27,167,"Minnesota","Wilkin County",5,69,76,38,38
050,27,167,"Minnesota","Wilkin County",5,70,74,36,38
050,27,167,"Minnesota","Wilkin County",5,71,74,44,30
050,27,167,"Minnesota","Wilkin County",5,72,70,38,32
050,27,167,"Minnesota","Wilkin County",5,73,60,32,28
050,27,167,"Minnesota","Wilkin County",5,74,60,30,30
050,27,167,"Minnesota","Wilkin County",5,75,59,27,32
050,27,167,"Minnesota","Wilkin County",5,76,48,19,29
050,27,167,"Minnesota","Wilkin County",5,77,36,13,23
050,27,167,"Minnesota","Wilkin County",5,78,37,18,19
050,27,167,"Minnesota","Wilkin County",5,79,39,20,19
050,27,167,"Minnesota","Wilkin County",5,80,33,16,17
050,27,167,"Minnesota","Wilkin County",5,81,27,12,15
050,27,167,"Minnesota","Wilkin County",5,82,30,14,16
050,27,167,"Minnesota","Wilkin County",5,83,25,12,13
050,27,167,"Minnesota","Wilkin County",5,84,25,12,13
050,27,167,"Minnesota","Wilkin County",5,85,154,64,90
050,27,169,"Minnesota","Winona County",1,0,449,233,216
050,27,169,"Minnesota","Winona County",1,1,455,247,208
050,27,169,"Minnesota","Winona County",1,2,470,249,221
050,27,169,"Minnesota","Winona County",1,3,461,220,241
050,27,169,"Minnesota","Winona County",1,4,492,238,254
050,27,169,"Minnesota","Winona County",1,5,505,243,262
050,27,169,"Minnesota","Winona County",1,6,493,260,233
050,27,169,"Minnesota","Winona County",1,7,489,254,235
050,27,169,"Minnesota","Winona County",1,8,460,233,227
050,27,169,"Minnesota","Winona County",1,9,448,226,222
050,27,169,"Minnesota","Winona County",1,10,498,273,225
050,27,169,"Minnesota","Winona County",1,11,549,294,255
050,27,169,"Minnesota","Winona County",1,12,554,286,268
050,27,169,"Minnesota","Winona County",1,13,570,282,288
050,27,169,"Minnesota","Winona County",1,14,538,256,282
050,27,169,"Minnesota","Winona County",1,15,523,264,259
050,27,169,"Minnesota","Winona County",1,16,568,293,275
050,27,169,"Minnesota","Winona County",1,17,537,285,252
050,27,169,"Minnesota","Winona County",1,18,1048,444,604
050,27,169,"Minnesota","Winona County",1,19,1730,744,986
050,27,169,"Minnesota","Winona County",1,20,1700,769,931
050,27,169,"Minnesota","Winona County",1,21,1895,838,1057
050,27,169,"Minnesota","Winona County",1,22,1558,857,701
050,27,169,"Minnesota","Winona County",1,23,973,555,418
050,27,169,"Minnesota","Winona County",1,24,733,416,317
050,27,169,"Minnesota","Winona County",1,25,682,368,314
050,27,169,"Minnesota","Winona County",1,26,575,309,266
050,27,169,"Minnesota","Winona County",1,27,562,293,269
050,27,169,"Minnesota","Winona County",1,28,564,308,256
050,27,169,"Minnesota","Winona County",1,29,554,294,260
050,27,169,"Minnesota","Winona County",1,30,558,291,267
050,27,169,"Minnesota","Winona County",1,31,496,255,241
050,27,169,"Minnesota","Winona County",1,32,466,228,238
050,27,169,"Minnesota","Winona County",1,33,495,251,244
050,27,169,"Minnesota","Winona County",1,34,517,260,257
050,27,169,"Minnesota","Winona County",1,35,543,279,264
050,27,169,"Minnesota","Winona County",1,36,550,275,275
050,27,169,"Minnesota","Winona County",1,37,580,284,296
050,27,169,"Minnesota","Winona County",1,38,546,273,273
050,27,169,"Minnesota","Winona County",1,39,574,305,269
050,27,169,"Minnesota","Winona County",1,40,556,287,269
050,27,169,"Minnesota","Winona County",1,41,504,255,249
050,27,169,"Minnesota","Winona County",1,42,496,269,227
050,27,169,"Minnesota","Winona County",1,43,467,251,216
050,27,169,"Minnesota","Winona County",1,44,491,256,235
050,27,169,"Minnesota","Winona County",1,45,471,235,236
050,27,169,"Minnesota","Winona County",1,46,465,234,231
050,27,169,"Minnesota","Winona County",1,47,477,256,221
050,27,169,"Minnesota","Winona County",1,48,493,263,230
050,27,169,"Minnesota","Winona County",1,49,561,298,263
050,27,169,"Minnesota","Winona County",1,50,514,268,246
050,27,169,"Minnesota","Winona County",1,51,500,254,246
050,27,169,"Minnesota","Winona County",1,52,508,248,260
050,27,169,"Minnesota","Winona County",1,53,539,278,261
050,27,169,"Minnesota","Winona County",1,54,541,276,265
050,27,169,"Minnesota","Winona County",1,55,573,282,291
050,27,169,"Minnesota","Winona County",1,56,593,308,285
050,27,169,"Minnesota","Winona County",1,57,591,301,290
050,27,169,"Minnesota","Winona County",1,58,641,314,327
050,27,169,"Minnesota","Winona County",1,59,660,324,336
050,27,169,"Minnesota","Winona County",1,60,663,323,340
050,27,169,"Minnesota","Winona County",1,61,672,341,331
050,27,169,"Minnesota","Winona County",1,62,672,330,342
050,27,169,"Minnesota","Winona County",1,63,648,332,316
050,27,169,"Minnesota","Winona County",1,64,650,330,320
050,27,169,"Minnesota","Winona County",1,65,620,310,310
050,27,169,"Minnesota","Winona County",1,66,590,294,296
050,27,169,"Minnesota","Winona County",1,67,623,319,304
050,27,169,"Minnesota","Winona County",1,68,602,331,271
050,27,169,"Minnesota","Winona County",1,69,508,252,256
050,27,169,"Minnesota","Winona County",1,70,483,233,250
050,27,169,"Minnesota","Winona County",1,71,471,230,241
050,27,169,"Minnesota","Winona County",1,72,463,237,226
050,27,169,"Minnesota","Winona County",1,73,470,229,241
050,27,169,"Minnesota","Winona County",1,74,329,156,173
050,27,169,"Minnesota","Winona County",1,75,348,175,173
050,27,169,"Minnesota","Winona County",1,76,329,163,166
050,27,169,"Minnesota","Winona County",1,77,319,152,167
050,27,169,"Minnesota","Winona County",1,78,275,127,148
050,27,169,"Minnesota","Winona County",1,79,257,120,137
050,27,169,"Minnesota","Winona County",1,80,211,99,112
050,27,169,"Minnesota","Winona County",1,81,210,94,116
050,27,169,"Minnesota","Winona County",1,82,211,102,109
050,27,169,"Minnesota","Winona County",1,83,202,91,111
050,27,169,"Minnesota","Winona County",1,84,178,78,100
050,27,169,"Minnesota","Winona County",1,85,1063,348,715
050,27,169,"Minnesota","Winona County",2,0,470,242,228
050,27,169,"Minnesota","Winona County",2,1,453,243,210
050,27,169,"Minnesota","Winona County",2,2,467,249,218
050,27,169,"Minnesota","Winona County",2,3,458,227,231
050,27,169,"Minnesota","Winona County",2,4,485,236,249
050,27,169,"Minnesota","Winona County",2,5,500,243,257
050,27,169,"Minnesota","Winona County",2,6,497,258,239
050,27,169,"Minnesota","Winona County",2,7,488,255,233
050,27,169,"Minnesota","Winona County",2,8,465,238,227
050,27,169,"Minnesota","Winona County",2,9,450,229,221
050,27,169,"Minnesota","Winona County",2,10,488,263,225
050,27,169,"Minnesota","Winona County",2,11,537,290,247
050,27,169,"Minnesota","Winona County",2,12,553,288,265
050,27,169,"Minnesota","Winona County",2,13,564,281,283
050,27,169,"Minnesota","Winona County",2,14,546,263,283
050,27,169,"Minnesota","Winona County",2,15,526,262,264
050,27,169,"Minnesota","Winona County",2,16,562,287,275
050,27,169,"Minnesota","Winona County",2,17,550,289,261
050,27,169,"Minnesota","Winona County",2,18,1043,446,597
050,27,169,"Minnesota","Winona County",2,19,1729,740,989
050,27,169,"Minnesota","Winona County",2,20,1715,775,940
050,27,169,"Minnesota","Winona County",2,21,1886,835,1051
050,27,169,"Minnesota","Winona County",2,22,1554,856,698
050,27,169,"Minnesota","Winona County",2,23,971,557,414
050,27,169,"Minnesota","Winona County",2,24,732,411,321
050,27,169,"Minnesota","Winona County",2,25,674,369,305
050,27,169,"Minnesota","Winona County",2,26,583,312,271
050,27,169,"Minnesota","Winona County",2,27,555,290,265
050,27,169,"Minnesota","Winona County",2,28,562,304,258
050,27,169,"Minnesota","Winona County",2,29,555,294,261
050,27,169,"Minnesota","Winona County",2,30,559,294,265
050,27,169,"Minnesota","Winona County",2,31,506,262,244
050,27,169,"Minnesota","Winona County",2,32,469,232,237
050,27,169,"Minnesota","Winona County",2,33,485,243,242
050,27,169,"Minnesota","Winona County",2,34,511,256,255
050,27,169,"Minnesota","Winona County",2,35,540,276,264
050,27,169,"Minnesota","Winona County",2,36,545,273,272
050,27,169,"Minnesota","Winona County",2,37,570,278,292
050,27,169,"Minnesota","Winona County",2,38,555,277,278
050,27,169,"Minnesota","Winona County",2,39,567,296,271
050,27,169,"Minnesota","Winona County",2,40,565,294,271
050,27,169,"Minnesota","Winona County",2,41,514,262,252
050,27,169,"Minnesota","Winona County",2,42,496,265,231
050,27,169,"Minnesota","Winona County",2,43,476,257,219
050,27,169,"Minnesota","Winona County",2,44,481,254,227
050,27,169,"Minnesota","Winona County",2,45,482,244,238
050,27,169,"Minnesota","Winona County",2,46,467,235,232
050,27,169,"Minnesota","Winona County",2,47,471,250,221
050,27,169,"Minnesota","Winona County",2,48,489,263,226
050,27,169,"Minnesota","Winona County",2,49,549,291,258
050,27,169,"Minnesota","Winona County",2,50,522,272,250
050,27,169,"Minnesota","Winona County",2,51,499,254,245
050,27,169,"Minnesota","Winona County",2,52,503,250,253
050,27,169,"Minnesota","Winona County",2,53,533,271,262
050,27,169,"Minnesota","Winona County",2,54,537,274,263
050,27,169,"Minnesota","Winona County",2,55,567,281,286
050,27,169,"Minnesota","Winona County",2,56,589,303,286
050,27,169,"Minnesota","Winona County",2,57,592,302,290
050,27,169,"Minnesota","Winona County",2,58,631,312,319
050,27,169,"Minnesota","Winona County",2,59,660,323,337
050,27,169,"Minnesota","Winona County",2,60,660,323,337
050,27,169,"Minnesota","Winona County",2,61,665,334,331
050,27,169,"Minnesota","Winona County",2,62,667,331,336
050,27,169,"Minnesota","Winona County",2,63,656,332,324
050,27,169,"Minnesota","Winona County",2,64,644,328,316
050,27,169,"Minnesota","Winona County",2,65,619,312,307
050,27,169,"Minnesota","Winona County",2,66,596,297,299
050,27,169,"Minnesota","Winona County",2,67,610,311,299
050,27,169,"Minnesota","Winona County",2,68,603,325,278
050,27,169,"Minnesota","Winona County",2,69,536,274,262
050,27,169,"Minnesota","Winona County",2,70,487,236,251
050,27,169,"Minnesota","Winona County",2,71,473,231,242
050,27,169,"Minnesota","Winona County",2,72,457,232,225
050,27,169,"Minnesota","Winona County",2,73,488,239,249
050,27,169,"Minnesota","Winona County",2,74,339,161,178
050,27,169,"Minnesota","Winona County",2,75,341,167,174
050,27,169,"Minnesota","Winona County",2,76,329,164,165
050,27,169,"Minnesota","Winona County",2,77,327,156,171
050,27,169,"Minnesota","Winona County",2,78,281,131,150
050,27,169,"Minnesota","Winona County",2,79,255,115,140
050,27,169,"Minnesota","Winona County",2,80,219,104,115
050,27,169,"Minnesota","Winona County",2,81,204,92,112
050,27,169,"Minnesota","Winona County",2,82,207,98,109
050,27,169,"Minnesota","Winona County",2,83,199,90,109
050,27,169,"Minnesota","Winona County",2,84,179,75,104
050,27,169,"Minnesota","Winona County",2,85,1058,350,708
050,27,169,"Minnesota","Winona County",3,0,461,244,217
050,27,169,"Minnesota","Winona County",3,1,482,248,234
050,27,169,"Minnesota","Winona County",3,2,469,256,213
050,27,169,"Minnesota","Winona County",3,3,478,258,220
050,27,169,"Minnesota","Winona County",3,4,459,233,226
050,27,169,"Minnesota","Winona County",3,5,471,231,240
050,27,169,"Minnesota","Winona County",3,6,499,238,261
050,27,169,"Minnesota","Winona County",3,7,486,254,232
050,27,169,"Minnesota","Winona County",3,8,481,252,229
050,27,169,"Minnesota","Winona County",3,9,460,240,220
050,27,169,"Minnesota","Winona County",3,10,439,223,216
050,27,169,"Minnesota","Winona County",3,11,491,260,231
050,27,169,"Minnesota","Winona County",3,12,527,283,244
050,27,169,"Minnesota","Winona County",3,13,546,284,262
050,27,169,"Minnesota","Winona County",3,14,569,282,287
050,27,169,"Minnesota","Winona County",3,15,543,270,273
050,27,169,"Minnesota","Winona County",3,16,530,267,263
050,27,169,"Minnesota","Winona County",3,17,577,294,283
050,27,169,"Minnesota","Winona County",3,18,1036,453,583
050,27,169,"Minnesota","Winona County",3,19,1713,724,989
050,27,169,"Minnesota","Winona County",3,20,1724,771,953
050,27,169,"Minnesota","Winona County",3,21,1907,848,1059
050,27,169,"Minnesota","Winona County",3,22,1565,862,703
050,27,169,"Minnesota","Winona County",3,23,970,560,410
050,27,169,"Minnesota","Winona County",3,24,722,390,332
050,27,169,"Minnesota","Winona County",3,25,679,387,292
050,27,169,"Minnesota","Winona County",3,26,577,304,273
050,27,169,"Minnesota","Winona County",3,27,545,282,263
050,27,169,"Minnesota","Winona County",3,28,522,283,239
050,27,169,"Minnesota","Winona County",3,29,548,287,261
050,27,169,"Minnesota","Winona County",3,30,544,298,246
050,27,169,"Minnesota","Winona County",3,31,569,299,270
050,27,169,"Minnesota","Winona County",3,32,516,267,249
050,27,169,"Minnesota","Winona County",3,33,484,241,243
050,27,169,"Minnesota","Winona County",3,34,481,240,241
050,27,169,"Minnesota","Winona County",3,35,520,260,260
050,27,169,"Minnesota","Winona County",3,36,549,281,268
050,27,169,"Minnesota","Winona County",3,37,540,270,270
050,27,169,"Minnesota","Winona County",3,38,561,274,287
050,27,169,"Minnesota","Winona County",3,39,556,279,277
050,27,169,"Minnesota","Winona County",3,40,576,298,278
050,27,169,"Minnesota","Winona County",3,41,579,307,272
050,27,169,"Minnesota","Winona County",3,42,524,267,257
050,27,169,"Minnesota","Winona County",3,43,499,269,230
050,27,169,"Minnesota","Winona County",3,44,488,264,224
050,27,169,"Minnesota","Winona County",3,45,488,256,232
050,27,169,"Minnesota","Winona County",3,46,493,245,248
050,27,169,"Minnesota","Winona County",3,47,472,239,233
050,27,169,"Minnesota","Winona County",3,48,481,258,223
050,27,169,"Minnesota","Winona County",3,49,503,268,235
050,27,169,"Minnesota","Winona County",3,50,550,290,260
050,27,169,"Minnesota","Winona County",3,51,512,266,246
050,27,169,"Minnesota","Winona County",3,52,501,257,244
050,27,169,"Minnesota","Winona County",3,53,506,256,250
050,27,169,"Minnesota","Winona County",3,54,530,271,259
050,27,169,"Minnesota","Winona County",3,55,541,274,267
050,27,169,"Minnesota","Winona County",3,56,572,290,282
050,27,169,"Minnesota","Winona County",3,57,580,294,286
050,27,169,"Minnesota","Winona County",3,58,595,305,290
050,27,169,"Minnesota","Winona County",3,59,636,318,318
050,27,169,"Minnesota","Winona County",3,60,650,317,333
050,27,169,"Minnesota","Winona County",3,61,671,332,339
050,27,169,"Minnesota","Winona County",3,62,665,333,332
050,27,169,"Minnesota","Winona County",3,63,654,321,333
050,27,169,"Minnesota","Winona County",3,64,654,332,322
050,27,169,"Minnesota","Winona County",3,65,624,310,314
050,27,169,"Minnesota","Winona County",3,66,608,307,301
050,27,169,"Minnesota","Winona County",3,67,580,285,295
050,27,169,"Minnesota","Winona County",3,68,606,306,300
050,27,169,"Minnesota","Winona County",3,69,600,325,275
050,27,169,"Minnesota","Winona County",3,70,526,267,259
050,27,169,"Minnesota","Winona County",3,71,478,231,247
050,27,169,"Minnesota","Winona County",3,72,459,225,234
050,27,169,"Minnesota","Winona County",3,73,449,228,221
050,27,169,"Minnesota","Winona County",3,74,475,231,244
050,27,169,"Minnesota","Winona County",3,75,326,154,172
050,27,169,"Minnesota","Winona County",3,76,334,164,170
050,27,169,"Minnesota","Winona County",3,77,320,159,161
050,27,169,"Minnesota","Winona County",3,78,317,149,168
050,27,169,"Minnesota","Winona County",3,79,276,124,152
050,27,169,"Minnesota","Winona County",3,80,250,115,135
050,27,169,"Minnesota","Winona County",3,81,210,94,116
050,27,169,"Minnesota","Winona County",3,82,192,87,105
050,27,169,"Minnesota","Winona County",3,83,191,90,101
050,27,169,"Minnesota","Winona County",3,84,189,76,113
050,27,169,"Minnesota","Winona County",3,85,1062,354,708
050,27,169,"Minnesota","Winona County",4,0,382,194,188
050,27,169,"Minnesota","Winona County",4,1,462,252,210
050,27,169,"Minnesota","Winona County",4,2,477,243,234
050,27,169,"Minnesota","Winona County",4,3,447,244,203
050,27,169,"Minnesota","Winona County",4,4,470,247,223
050,27,169,"Minnesota","Winona County",4,5,455,236,219
050,27,169,"Minnesota","Winona County",4,6,459,226,233
050,27,169,"Minnesota","Winona County",4,7,490,238,252
050,27,169,"Minnesota","Winona County",4,8,479,247,232
050,27,169,"Minnesota","Winona County",4,9,475,251,224
050,27,169,"Minnesota","Winona County",4,10,456,232,224
050,27,169,"Minnesota","Winona County",4,11,435,230,205
050,27,169,"Minnesota","Winona County",4,12,483,267,216
050,27,169,"Minnesota","Winona County",4,13,536,288,248
050,27,169,"Minnesota","Winona County",4,14,542,285,257
050,27,169,"Minnesota","Winona County",4,15,567,277,290
050,27,169,"Minnesota","Winona County",4,16,565,278,287
050,27,169,"Minnesota","Winona County",4,17,545,271,274
050,27,169,"Minnesota","Winona County",4,18,1052,448,604
050,27,169,"Minnesota","Winona County",4,19,1684,723,961
050,27,169,"Minnesota","Winona County",4,20,1686,732,954
050,27,169,"Minnesota","Winona County",4,21,1943,854,1089
050,27,169,"Minnesota","Winona County",4,22,1578,871,707
050,27,169,"Minnesota","Winona County",4,23,981,560,421
050,27,169,"Minnesota","Winona County",4,24,697,388,309
050,27,169,"Minnesota","Winona County",4,25,671,371,300
050,27,169,"Minnesota","Winona County",4,26,567,308,259
050,27,169,"Minnesota","Winona County",4,27,538,271,267
050,27,169,"Minnesota","Winona County",4,28,514,270,244
050,27,169,"Minnesota","Winona County",4,29,514,278,236
050,27,169,"Minnesota","Winona County",4,30,525,273,252
050,27,169,"Minnesota","Winona County",4,31,539,294,245
050,27,169,"Minnesota","Winona County",4,32,555,288,267
050,27,169,"Minnesota","Winona County",4,33,519,273,246
050,27,169,"Minnesota","Winona County",4,34,465,233,232
050,27,169,"Minnesota","Winona County",4,35,487,244,243
050,27,169,"Minnesota","Winona County",4,36,524,261,263
050,27,169,"Minnesota","Winona County",4,37,542,269,273
050,27,169,"Minnesota","Winona County",4,38,533,270,263
050,27,169,"Minnesota","Winona County",4,39,563,273,290
050,27,169,"Minnesota","Winona County",4,40,547,276,271
050,27,169,"Minnesota","Winona County",4,41,562,299,263
050,27,169,"Minnesota","Winona County",4,42,562,295,267
050,27,169,"Minnesota","Winona County",4,43,513,264,249
050,27,169,"Minnesota","Winona County",4,44,502,268,234
050,27,169,"Minnesota","Winona County",4,45,484,257,227
050,27,169,"Minnesota","Winona County",4,46,488,257,231
050,27,169,"Minnesota","Winona County",4,47,504,252,252
050,27,169,"Minnesota","Winona County",4,48,459,237,222
050,27,169,"Minnesota","Winona County",4,49,483,260,223
050,27,169,"Minnesota","Winona County",4,50,491,263,228
050,27,169,"Minnesota","Winona County",4,51,547,287,260
050,27,169,"Minnesota","Winona County",4,52,512,262,250
050,27,169,"Minnesota","Winona County",4,53,500,254,246
050,27,169,"Minnesota","Winona County",4,54,499,254,245
050,27,169,"Minnesota","Winona County",4,55,532,274,258
050,27,169,"Minnesota","Winona County",4,56,541,276,265
050,27,169,"Minnesota","Winona County",4,57,571,282,289
050,27,169,"Minnesota","Winona County",4,58,576,291,285
050,27,169,"Minnesota","Winona County",4,59,597,302,295
050,27,169,"Minnesota","Winona County",4,60,644,325,319
050,27,169,"Minnesota","Winona County",4,61,646,316,330
050,27,169,"Minnesota","Winona County",4,62,670,333,337
050,27,169,"Minnesota","Winona County",4,63,647,318,329
050,27,169,"Minnesota","Winona County",4,64,647,320,327
050,27,169,"Minnesota","Winona County",4,65,637,324,313
050,27,169,"Minnesota","Winona County",4,66,618,312,306
050,27,169,"Minnesota","Winona County",4,67,603,304,299
050,27,169,"Minnesota","Winona County",4,68,576,282,294
050,27,169,"Minnesota","Winona County",4,69,602,303,299
050,27,169,"Minnesota","Winona County",4,70,590,316,274
050,27,169,"Minnesota","Winona County",4,71,523,263,260
050,27,169,"Minnesota","Winona County",4,72,471,231,240
050,27,169,"Minnesota","Winona County",4,73,452,224,228
050,27,169,"Minnesota","Winona County",4,74,437,219,218
050,27,169,"Minnesota","Winona County",4,75,462,221,241
050,27,169,"Minnesota","Winona County",4,76,327,159,168
050,27,169,"Minnesota","Winona County",4,77,325,157,168
050,27,169,"Minnesota","Winona County",4,78,307,151,156
050,27,169,"Minnesota","Winona County",4,79,306,138,168
050,27,169,"Minnesota","Winona County",4,80,270,124,146
050,27,169,"Minnesota","Winona County",4,81,233,104,129
050,27,169,"Minnesota","Winona County",4,82,198,88,110
050,27,169,"Minnesota","Winona County",4,83,172,80,92
050,27,169,"Minnesota","Winona County",4,84,182,81,101
050,27,169,"Minnesota","Winona County",4,85,1052,347,705
050,27,169,"Minnesota","Winona County",5,0,330,163,167
050,27,169,"Minnesota","Winona County",5,1,389,198,191
050,27,169,"Minnesota","Winona County",5,2,456,242,214
050,27,169,"Minnesota","Winona County",5,3,465,233,232
050,27,169,"Minnesota","Winona County",5,4,439,240,199
050,27,169,"Minnesota","Winona County",5,5,468,243,225
050,27,169,"Minnesota","Winona County",5,6,448,225,223
050,27,169,"Minnesota","Winona County",5,7,456,220,236
050,27,169,"Minnesota","Winona County",5,8,483,235,248
050,27,169,"Minnesota","Winona County",5,9,478,251,227
050,27,169,"Minnesota","Winona County",5,10,475,246,229
050,27,169,"Minnesota","Winona County",5,11,454,232,222
050,27,169,"Minnesota","Winona County",5,12,437,230,207
050,27,169,"Minnesota","Winona County",5,13,493,266,227
050,27,169,"Minnesota","Winona County",5,14,543,284,259
050,27,169,"Minnesota","Winona County",5,15,538,279,259
050,27,169,"Minnesota","Winona County",5,16,581,284,297
050,27,169,"Minnesota","Winona County",5,17,591,290,301
050,27,169,"Minnesota","Winona County",5,18,1088,453,635
050,27,169,"Minnesota","Winona County",5,19,1823,770,1053
050,27,169,"Minnesota","Winona County",5,20,1733,772,961
050,27,169,"Minnesota","Winona County",5,21,1894,817,1077
050,27,169,"Minnesota","Winona County",5,22,1655,896,759
050,27,169,"Minnesota","Winona County",5,23,1012,589,423
050,27,169,"Minnesota","Winona County",5,24,742,403,339
050,27,169,"Minnesota","Winona County",5,25,624,349,275
050,27,169,"Minnesota","Winona County",5,26,598,329,269
050,27,169,"Minnesota","Winona County",5,27,564,288,276
050,27,169,"Minnesota","Winona County",5,28,531,273,258
050,27,169,"Minnesota","Winona County",5,29,511,268,243
050,27,169,"Minnesota","Winona County",5,30,486,264,222
050,27,169,"Minnesota","Winona County",5,31,526,276,250
050,27,169,"Minnesota","Winona County",5,32,542,293,249
050,27,169,"Minnesota","Winona County",5,33,551,295,256
050,27,169,"Minnesota","Winona County",5,34,504,263,241
050,27,169,"Minnesota","Winona County",5,35,458,227,231
050,27,169,"Minnesota","Winona County",5,36,501,254,247
050,27,169,"Minnesota","Winona County",5,37,523,255,268
050,27,169,"Minnesota","Winona County",5,38,552,273,279
050,27,169,"Minnesota","Winona County",5,39,530,268,262
050,27,169,"Minnesota","Winona County",5,40,573,275,298
050,27,169,"Minnesota","Winona County",5,41,545,278,267
050,27,169,"Minnesota","Winona County",5,42,558,302,256
050,27,169,"Minnesota","Winona County",5,43,557,291,266
050,27,169,"Minnesota","Winona County",5,44,504,254,250
050,27,169,"Minnesota","Winona County",5,45,511,269,242
050,27,169,"Minnesota","Winona County",5,46,495,266,229
050,27,169,"Minnesota","Winona County",5,47,482,251,231
050,27,169,"Minnesota","Winona County",5,48,493,248,245
050,27,169,"Minnesota","Winona County",5,49,453,234,219
050,27,169,"Minnesota","Winona County",5,50,476,252,224
050,27,169,"Minnesota","Winona County",5,51,484,255,229
050,27,169,"Minnesota","Winona County",5,52,545,283,262
050,27,169,"Minnesota","Winona County",5,53,518,267,251
050,27,169,"Minnesota","Winona County",5,54,489,247,242
050,27,169,"Minnesota","Winona County",5,55,508,261,247
050,27,169,"Minnesota","Winona County",5,56,544,276,268
050,27,169,"Minnesota","Winona County",5,57,537,270,267
050,27,169,"Minnesota","Winona County",5,58,566,281,285
050,27,169,"Minnesota","Winona County",5,59,573,289,284
050,27,169,"Minnesota","Winona County",5,60,600,303,297
050,27,169,"Minnesota","Winona County",5,61,645,324,321
050,27,169,"Minnesota","Winona County",5,62,637,313,324
050,27,169,"Minnesota","Winona County",5,63,672,329,343
050,27,169,"Minnesota","Winona County",5,64,641,315,326
050,27,169,"Minnesota","Winona County",5,65,641,320,321
050,27,169,"Minnesota","Winona County",5,66,627,319,308
050,27,169,"Minnesota","Winona County",5,67,615,305,310
050,27,169,"Minnesota","Winona County",5,68,597,297,300
050,27,169,"Minnesota","Winona County",5,69,577,285,292
050,27,169,"Minnesota","Winona County",5,70,591,296,295
050,27,169,"Minnesota","Winona County",5,71,582,311,271
050,27,169,"Minnesota","Winona County",5,72,517,262,255
050,27,169,"Minnesota","Winona County",5,73,465,233,232
050,27,169,"Minnesota","Winona County",5,74,443,219,224
050,27,169,"Minnesota","Winona County",5,75,424,210,214
050,27,169,"Minnesota","Winona County",5,76,453,220,233
050,27,169,"Minnesota","Winona County",5,77,318,152,166
050,27,169,"Minnesota","Winona County",5,78,309,146,163
050,27,169,"Minnesota","Winona County",5,79,298,145,153
050,27,169,"Minnesota","Winona County",5,80,300,140,160
050,27,169,"Minnesota","Winona County",5,81,256,113,143
050,27,169,"Minnesota","Winona County",5,82,226,102,124
050,27,169,"Minnesota","Winona County",5,83,176,80,96
050,27,169,"Minnesota","Winona County",5,84,171,75,96
050,27,169,"Minnesota","Winona County",5,85,1057,358,699
050,27,171,"Minnesota","Wright County",1,0,1714,874,840
050,27,171,"Minnesota","Wright County",1,1,1767,900,867
050,27,171,"Minnesota","Wright County",1,2,1893,999,894
050,27,171,"Minnesota","Wright County",1,3,1990,1047,943
050,27,171,"Minnesota","Wright County",1,4,2075,1062,1013
050,27,171,"Minnesota","Wright County",1,5,2072,1096,976
050,27,171,"Minnesota","Wright County",1,6,2119,1108,1011
050,27,171,"Minnesota","Wright County",1,7,2130,1078,1052
050,27,171,"Minnesota","Wright County",1,8,2202,1118,1084
050,27,171,"Minnesota","Wright County",1,9,2161,1110,1051
050,27,171,"Minnesota","Wright County",1,10,2336,1207,1129
050,27,171,"Minnesota","Wright County",1,11,2390,1239,1151
050,27,171,"Minnesota","Wright County",1,12,2520,1302,1218
050,27,171,"Minnesota","Wright County",1,13,2511,1285,1226
050,27,171,"Minnesota","Wright County",1,14,2440,1244,1196
050,27,171,"Minnesota","Wright County",1,15,2392,1256,1136
050,27,171,"Minnesota","Wright County",1,16,2433,1265,1168
050,27,171,"Minnesota","Wright County",1,17,2276,1168,1108
050,27,171,"Minnesota","Wright County",1,18,1882,1004,878
050,27,171,"Minnesota","Wright County",1,19,1421,770,651
050,27,171,"Minnesota","Wright County",1,20,1423,753,670
050,27,171,"Minnesota","Wright County",1,21,1419,727,692
050,27,171,"Minnesota","Wright County",1,22,1375,692,683
050,27,171,"Minnesota","Wright County",1,23,1458,734,724
050,27,171,"Minnesota","Wright County",1,24,1425,715,710
050,27,171,"Minnesota","Wright County",1,25,1392,707,685
050,27,171,"Minnesota","Wright County",1,26,1461,768,693
050,27,171,"Minnesota","Wright County",1,27,1512,782,730
050,27,171,"Minnesota","Wright County",1,28,1529,768,761
050,27,171,"Minnesota","Wright County",1,29,1557,787,770
050,27,171,"Minnesota","Wright County",1,30,1631,809,822
050,27,171,"Minnesota","Wright County",1,31,1633,835,798
050,27,171,"Minnesota","Wright County",1,32,1686,828,858
050,27,171,"Minnesota","Wright County",1,33,1823,907,916
050,27,171,"Minnesota","Wright County",1,34,1908,982,926
050,27,171,"Minnesota","Wright County",1,35,2022,1021,1001
050,27,171,"Minnesota","Wright County",1,36,2042,1029,1013
050,27,171,"Minnesota","Wright County",1,37,2053,1060,993
050,27,171,"Minnesota","Wright County",1,38,2151,1091,1060
050,27,171,"Minnesota","Wright County",1,39,2153,1096,1057
050,27,171,"Minnesota","Wright County",1,40,2126,1080,1046
050,27,171,"Minnesota","Wright County",1,41,2030,1028,1002
050,27,171,"Minnesota","Wright County",1,42,2022,1029,993
050,27,171,"Minnesota","Wright County",1,43,1971,1023,948
050,27,171,"Minnesota","Wright County",1,44,1924,988,936
050,27,171,"Minnesota","Wright County",1,45,1906,998,908
050,27,171,"Minnesota","Wright County",1,46,1810,950,860
050,27,171,"Minnesota","Wright County",1,47,1823,953,870
050,27,171,"Minnesota","Wright County",1,48,1909,1014,895
050,27,171,"Minnesota","Wright County",1,49,2050,1075,975
050,27,171,"Minnesota","Wright County",1,50,1947,1000,947
050,27,171,"Minnesota","Wright County",1,51,1903,1003,900
050,27,171,"Minnesota","Wright County",1,52,1873,993,880
050,27,171,"Minnesota","Wright County",1,53,1868,952,916
050,27,171,"Minnesota","Wright County",1,54,1860,949,911
050,27,171,"Minnesota","Wright County",1,55,1915,965,950
050,27,171,"Minnesota","Wright County",1,56,1969,1014,955
050,27,171,"Minnesota","Wright County",1,57,1939,996,943
050,27,171,"Minnesota","Wright County",1,58,1953,1035,918
050,27,171,"Minnesota","Wright County",1,59,1842,959,883
050,27,171,"Minnesota","Wright County",1,60,1800,945,855
050,27,171,"Minnesota","Wright County",1,61,1722,874,848
050,27,171,"Minnesota","Wright County",1,62,1609,833,776
050,27,171,"Minnesota","Wright County",1,63,1537,779,758
050,27,171,"Minnesota","Wright County",1,64,1453,729,724
050,27,171,"Minnesota","Wright County",1,65,1333,685,648
050,27,171,"Minnesota","Wright County",1,66,1305,682,623
050,27,171,"Minnesota","Wright County",1,67,1242,602,640
050,27,171,"Minnesota","Wright County",1,68,1219,585,634
050,27,171,"Minnesota","Wright County",1,69,1137,551,586
050,27,171,"Minnesota","Wright County",1,70,1049,508,541
050,27,171,"Minnesota","Wright County",1,71,1017,480,537
050,27,171,"Minnesota","Wright County",1,72,1071,506,565
050,27,171,"Minnesota","Wright County",1,73,990,472,518
050,27,171,"Minnesota","Wright County",1,74,710,336,374
050,27,171,"Minnesota","Wright County",1,75,718,337,381
050,27,171,"Minnesota","Wright County",1,76,730,339,391
050,27,171,"Minnesota","Wright County",1,77,710,347,363
050,27,171,"Minnesota","Wright County",1,78,609,293,316
050,27,171,"Minnesota","Wright County",1,79,505,249,256
050,27,171,"Minnesota","Wright County",1,80,505,227,278
050,27,171,"Minnesota","Wright County",1,81,456,208,248
050,27,171,"Minnesota","Wright County",1,82,409,199,210
050,27,171,"Minnesota","Wright County",1,83,335,151,184
050,27,171,"Minnesota","Wright County",1,84,326,147,179
050,27,171,"Minnesota","Wright County",1,85,1835,675,1160
050,27,171,"Minnesota","Wright County",2,0,1747,909,838
050,27,171,"Minnesota","Wright County",2,1,1765,903,862
050,27,171,"Minnesota","Wright County",2,2,1878,984,894
050,27,171,"Minnesota","Wright County",2,3,1980,1039,941
050,27,171,"Minnesota","Wright County",2,4,2076,1073,1003
050,27,171,"Minnesota","Wright County",2,5,2086,1097,989
050,27,171,"Minnesota","Wright County",2,6,2122,1112,1010
050,27,171,"Minnesota","Wright County",2,7,2140,1094,1046
050,27,171,"Minnesota","Wright County",2,8,2184,1110,1074
050,27,171,"Minnesota","Wright County",2,9,2176,1116,1060
050,27,171,"Minnesota","Wright County",2,10,2299,1187,1112
050,27,171,"Minnesota","Wright County",2,11,2377,1233,1144
050,27,171,"Minnesota","Wright County",2,12,2501,1293,1208
050,27,171,"Minnesota","Wright County",2,13,2520,1293,1227
050,27,171,"Minnesota","Wright County",2,14,2466,1263,1203
050,27,171,"Minnesota","Wright County",2,15,2414,1259,1155
050,27,171,"Minnesota","Wright County",2,16,2431,1267,1164
050,27,171,"Minnesota","Wright County",2,17,2322,1195,1127
050,27,171,"Minnesota","Wright County",2,18,1877,997,880
050,27,171,"Minnesota","Wright County",2,19,1449,782,667
050,27,171,"Minnesota","Wright County",2,20,1459,774,685
050,27,171,"Minnesota","Wright County",2,21,1418,731,687
050,27,171,"Minnesota","Wright County",2,22,1391,705,686
050,27,171,"Minnesota","Wright County",2,23,1444,726,718
050,27,171,"Minnesota","Wright County",2,24,1431,719,712
050,27,171,"Minnesota","Wright County",2,25,1407,714,693
050,27,171,"Minnesota","Wright County",2,26,1461,766,695
050,27,171,"Minnesota","Wright County",2,27,1507,778,729
050,27,171,"Minnesota","Wright County",2,28,1544,784,760
050,27,171,"Minnesota","Wright County",2,29,1576,797,779
050,27,171,"Minnesota","Wright County",2,30,1641,817,824
050,27,171,"Minnesota","Wright County",2,31,1651,839,812
050,27,171,"Minnesota","Wright County",2,32,1685,837,848
050,27,171,"Minnesota","Wright County",2,33,1800,895,905
050,27,171,"Minnesota","Wright County",2,34,1904,972,932
050,27,171,"Minnesota","Wright County",2,35,2020,1025,995
050,27,171,"Minnesota","Wright County",2,36,2033,1023,1010
050,27,171,"Minnesota","Wright County",2,37,2065,1059,1006
050,27,171,"Minnesota","Wright County",2,38,2149,1096,1053
050,27,171,"Minnesota","Wright County",2,39,2162,1103,1059
050,27,171,"Minnesota","Wright County",2,40,2150,1094,1056
050,27,171,"Minnesota","Wright County",2,41,2063,1045,1018
050,27,171,"Minnesota","Wright County",2,42,2019,1027,992
050,27,171,"Minnesota","Wright County",2,43,1998,1031,967
050,27,171,"Minnesota","Wright County",2,44,1918,989,929
050,27,171,"Minnesota","Wright County",2,45,1916,1000,916
050,27,171,"Minnesota","Wright County",2,46,1824,958,866
050,27,171,"Minnesota","Wright County",2,47,1814,948,866
050,27,171,"Minnesota","Wright County",2,48,1884,997,887
050,27,171,"Minnesota","Wright County",2,49,2026,1066,960
050,27,171,"Minnesota","Wright County",2,50,1975,1016,959
050,27,171,"Minnesota","Wright County",2,51,1906,998,908
050,27,171,"Minnesota","Wright County",2,52,1864,982,882
050,27,171,"Minnesota","Wright County",2,53,1867,959,908
050,27,171,"Minnesota","Wright County",2,54,1855,948,907
050,27,171,"Minnesota","Wright County",2,55,1899,958,941
050,27,171,"Minnesota","Wright County",2,56,1954,1003,951
050,27,171,"Minnesota","Wright County",2,57,1948,1003,945
050,27,171,"Minnesota","Wright County",2,58,1943,1021,922
050,27,171,"Minnesota","Wright County",2,59,1873,982,891
050,27,171,"Minnesota","Wright County",2,60,1806,943,863
050,27,171,"Minnesota","Wright County",2,61,1734,887,847
050,27,171,"Minnesota","Wright County",2,62,1632,839,793
050,27,171,"Minnesota","Wright County",2,63,1562,795,767
050,27,171,"Minnesota","Wright County",2,64,1466,738,728
050,27,171,"Minnesota","Wright County",2,65,1366,697,669
050,27,171,"Minnesota","Wright County",2,66,1312,681,631
050,27,171,"Minnesota","Wright County",2,67,1254,619,635
050,27,171,"Minnesota","Wright County",2,68,1213,583,630
050,27,171,"Minnesota","Wright County",2,69,1167,563,604
050,27,171,"Minnesota","Wright County",2,70,1063,514,549
050,27,171,"Minnesota","Wright County",2,71,1017,483,534
050,27,171,"Minnesota","Wright County",2,72,1041,495,546
050,27,171,"Minnesota","Wright County",2,73,1058,502,556
050,27,171,"Minnesota","Wright County",2,74,724,343,381
050,27,171,"Minnesota","Wright County",2,75,718,338,380
050,27,171,"Minnesota","Wright County",2,76,716,332,384
050,27,171,"Minnesota","Wright County",2,77,730,351,379
050,27,171,"Minnesota","Wright County",2,78,618,298,320
050,27,171,"Minnesota","Wright County",2,79,523,257,266
050,27,171,"Minnesota","Wright County",2,80,502,231,271
050,27,171,"Minnesota","Wright County",2,81,462,208,254
050,27,171,"Minnesota","Wright County",2,82,417,200,217
050,27,171,"Minnesota","Wright County",2,83,347,159,188
050,27,171,"Minnesota","Wright County",2,84,323,146,177
050,27,171,"Minnesota","Wright County",2,85,1858,686,1172
050,27,171,"Minnesota","Wright County",3,0,1778,946,832
050,27,171,"Minnesota","Wright County",3,1,1866,972,894
050,27,171,"Minnesota","Wright County",3,2,1903,974,929
050,27,171,"Minnesota","Wright County",3,3,1945,1000,945
050,27,171,"Minnesota","Wright County",3,4,2055,1086,969
050,27,171,"Minnesota","Wright County",3,5,2167,1112,1055
050,27,171,"Minnesota","Wright County",3,6,2190,1135,1055
050,27,171,"Minnesota","Wright County",3,7,2155,1118,1037
050,27,171,"Minnesota","Wright County",3,8,2214,1152,1062
050,27,171,"Minnesota","Wright County",3,9,2216,1122,1094
050,27,171,"Minnesota","Wright County",3,10,2234,1144,1090
050,27,171,"Minnesota","Wright County",3,11,2333,1218,1115
050,27,171,"Minnesota","Wright County",3,12,2412,1247,1165
050,27,171,"Minnesota","Wright County",3,13,2538,1300,1238
050,27,171,"Minnesota","Wright County",3,14,2538,1300,1238
050,27,171,"Minnesota","Wright County",3,15,2477,1262,1215
050,27,171,"Minnesota","Wright County",3,16,2436,1282,1154
050,27,171,"Minnesota","Wright County",3,17,2425,1261,1164
050,27,171,"Minnesota","Wright County",3,18,1965,1029,936
050,27,171,"Minnesota","Wright County",3,19,1464,785,679
050,27,171,"Minnesota","Wright County",3,20,1518,791,727
050,27,171,"Minnesota","Wright County",3,21,1501,777,724
050,27,171,"Minnesota","Wright County",3,22,1504,778,726
050,27,171,"Minnesota","Wright County",3,23,1448,737,711
050,27,171,"Minnesota","Wright County",3,24,1459,739,720
050,27,171,"Minnesota","Wright County",3,25,1490,754,736
050,27,171,"Minnesota","Wright County",3,26,1534,780,754
050,27,171,"Minnesota","Wright County",3,27,1536,810,726
050,27,171,"Minnesota","Wright County",3,28,1626,832,794
050,27,171,"Minnesota","Wright County",3,29,1713,882,831
050,27,171,"Minnesota","Wright County",3,30,1656,828,828
050,27,171,"Minnesota","Wright County",3,31,1742,863,879
050,27,171,"Minnesota","Wright County",3,32,1775,912,863
050,27,171,"Minnesota","Wright County",3,33,1800,911,889
050,27,171,"Minnesota","Wright County",3,34,1917,939,978
050,27,171,"Minnesota","Wright County",3,35,1998,1016,982
050,27,171,"Minnesota","Wright County",3,36,2127,1081,1046
050,27,171,"Minnesota","Wright County",3,37,2088,1056,1032
050,27,171,"Minnesota","Wright County",3,38,2124,1087,1037
050,27,171,"Minnesota","Wright County",3,39,2226,1134,1092
050,27,171,"Minnesota","Wright County",3,40,2195,1113,1082
050,27,171,"Minnesota","Wright County",3,41,2202,1138,1064
050,27,171,"Minnesota","Wright County",3,42,2078,1047,1031
050,27,171,"Minnesota","Wright County",3,43,2074,1060,1014
050,27,171,"Minnesota","Wright County",3,44,2013,1039,974
050,27,171,"Minnesota","Wright County",3,45,1927,998,929
050,27,171,"Minnesota","Wright County",3,46,1912,995,917
050,27,171,"Minnesota","Wright County",3,47,1842,966,876
050,27,171,"Minnesota","Wright County",3,48,1811,949,862
050,27,171,"Minnesota","Wright County",3,49,1883,990,893
050,27,171,"Minnesota","Wright County",3,50,1999,1057,942
050,27,171,"Minnesota","Wright County",3,51,1950,1018,932
050,27,171,"Minnesota","Wright County",3,52,1931,996,935
050,27,171,"Minnesota","Wright County",3,53,1868,980,888
050,27,171,"Minnesota","Wright County",3,54,1866,946,920
050,27,171,"Minnesota","Wright County",3,55,1844,928,916
050,27,171,"Minnesota","Wright County",3,56,1896,953,943
050,27,171,"Minnesota","Wright County",3,57,1957,1001,956
050,27,171,"Minnesota","Wright County",3,58,1947,996,951
050,27,171,"Minnesota","Wright County",3,59,1917,1000,917
050,27,171,"Minnesota","Wright County",3,60,1880,985,895
050,27,171,"Minnesota","Wright County",3,61,1819,951,868
050,27,171,"Minnesota","Wright County",3,62,1745,888,857
050,27,171,"Minnesota","Wright County",3,63,1634,836,798
050,27,171,"Minnesota","Wright County",3,64,1578,800,778
050,27,171,"Minnesota","Wright County",3,65,1465,736,729
050,27,171,"Minnesota","Wright County",3,66,1348,682,666
050,27,171,"Minnesota","Wright County",3,67,1338,684,654
050,27,171,"Minnesota","Wright County",3,68,1240,604,636
050,27,171,"Minnesota","Wright County",3,69,1231,590,641
050,27,171,"Minnesota","Wright County",3,70,1153,568,585
050,27,171,"Minnesota","Wright County",3,71,1045,504,541
050,27,171,"Minnesota","Wright County",3,72,1003,472,531
050,27,171,"Minnesota","Wright County",3,73,1033,484,549
050,27,171,"Minnesota","Wright County",3,74,1037,496,541
050,27,171,"Minnesota","Wright County",3,75,713,339,374
050,27,171,"Minnesota","Wright County",3,76,700,322,378
050,27,171,"Minnesota","Wright County",3,77,688,316,372
050,27,171,"Minnesota","Wright County",3,78,703,322,381
050,27,171,"Minnesota","Wright County",3,79,596,286,310
050,27,171,"Minnesota","Wright County",3,80,494,248,246
050,27,171,"Minnesota","Wright County",3,81,488,223,265
050,27,171,"Minnesota","Wright County",3,82,447,201,246
050,27,171,"Minnesota","Wright County",3,83,390,175,215
050,27,171,"Minnesota","Wright County",3,84,330,149,181
050,27,171,"Minnesota","Wright County",3,85,1901,717,1184
050,27,171,"Minnesota","Wright County",4,0,1872,976,896
050,27,171,"Minnesota","Wright County",4,1,1867,1014,853
050,27,171,"Minnesota","Wright County",4,2,2026,1059,967
050,27,171,"Minnesota","Wright County",4,3,2030,1034,996
050,27,171,"Minnesota","Wright County",4,4,2036,1063,973
050,27,171,"Minnesota","Wright County",4,5,2108,1120,988
050,27,171,"Minnesota","Wright County",4,6,2228,1144,1084
050,27,171,"Minnesota","Wright County",4,7,2250,1183,1067
050,27,171,"Minnesota","Wright County",4,8,2246,1160,1086
050,27,171,"Minnesota","Wright County",4,9,2259,1163,1096
050,27,171,"Minnesota","Wright County",4,10,2242,1148,1094
050,27,171,"Minnesota","Wright County",4,11,2274,1170,1104
050,27,171,"Minnesota","Wright County",4,12,2346,1213,1133
050,27,171,"Minnesota","Wright County",4,13,2424,1267,1157
050,27,171,"Minnesota","Wright County",4,14,2582,1330,1252
050,27,171,"Minnesota","Wright County",4,15,2592,1336,1256
050,27,171,"Minnesota","Wright County",4,16,2499,1286,1213
050,27,171,"Minnesota","Wright County",4,17,2448,1297,1151
050,27,171,"Minnesota","Wright County",4,18,2022,1076,946
050,27,171,"Minnesota","Wright County",4,19,1511,809,702
050,27,171,"Minnesota","Wright County",4,20,1510,798,712
050,27,171,"Minnesota","Wright County",4,21,1548,790,758
050,27,171,"Minnesota","Wright County",4,22,1537,802,735
050,27,171,"Minnesota","Wright County",4,23,1486,780,706
050,27,171,"Minnesota","Wright County",4,24,1445,756,689
050,27,171,"Minnesota","Wright County",4,25,1505,751,754
050,27,171,"Minnesota","Wright County",4,26,1484,771,713
050,27,171,"Minnesota","Wright County",4,27,1583,795,788
050,27,171,"Minnesota","Wright County",4,28,1618,844,774
050,27,171,"Minnesota","Wright County",4,29,1701,874,827
050,27,171,"Minnesota","Wright County",4,30,1837,940,897
050,27,171,"Minnesota","Wright County",4,31,1763,874,889
050,27,171,"Minnesota","Wright County",4,32,1846,900,946
050,27,171,"Minnesota","Wright County",4,33,1883,984,899
050,27,171,"Minnesota","Wright County",4,34,1917,972,945
050,27,171,"Minnesota","Wright County",4,35,2029,994,1035
050,27,171,"Minnesota","Wright County",4,36,2076,1038,1038
050,27,171,"Minnesota","Wright County",4,37,2210,1135,1075
050,27,171,"Minnesota","Wright County",4,38,2152,1092,1060
050,27,171,"Minnesota","Wright County",4,39,2161,1099,1062
050,27,171,"Minnesota","Wright County",4,40,2293,1175,1118
050,27,171,"Minnesota","Wright County",4,41,2234,1141,1093
050,27,171,"Minnesota","Wright County",4,42,2227,1156,1071
050,27,171,"Minnesota","Wright County",4,43,2105,1037,1068
050,27,171,"Minnesota","Wright County",4,44,2113,1080,1033
050,27,171,"Minnesota","Wright County",4,45,2030,1050,980
050,27,171,"Minnesota","Wright County",4,46,1937,1017,920
050,27,171,"Minnesota","Wright County",4,47,1935,1001,934
050,27,171,"Minnesota","Wright County",4,48,1849,973,876
050,27,171,"Minnesota","Wright County",4,49,1823,960,863
050,27,171,"Minnesota","Wright County",4,50,1902,1007,895
050,27,171,"Minnesota","Wright County",4,51,1996,1058,938
050,27,171,"Minnesota","Wright County",4,52,1979,1037,942
050,27,171,"Minnesota","Wright County",4,53,1937,1002,935
050,27,171,"Minnesota","Wright County",4,54,1857,967,890
050,27,171,"Minnesota","Wright County",4,55,1834,923,911
050,27,171,"Minnesota","Wright County",4,56,1856,936,920
050,27,171,"Minnesota","Wright County",4,57,1901,948,953
050,27,171,"Minnesota","Wright County",4,58,1960,998,962
050,27,171,"Minnesota","Wright County",4,59,1915,975,940
050,27,171,"Minnesota","Wright County",4,60,1918,1002,916
050,27,171,"Minnesota","Wright County",4,61,1882,976,906
050,27,171,"Minnesota","Wright County",4,62,1816,932,884
050,27,171,"Minnesota","Wright County",4,63,1732,885,847
050,27,171,"Minnesota","Wright County",4,64,1639,833,806
050,27,171,"Minnesota","Wright County",4,65,1569,785,784
050,27,171,"Minnesota","Wright County",4,66,1445,713,732
050,27,171,"Minnesota","Wright County",4,67,1345,676,669
050,27,171,"Minnesota","Wright County",4,68,1319,670,649
050,27,171,"Minnesota","Wright County",4,69,1255,609,646
050,27,171,"Minnesota","Wright County",4,70,1232,589,643
050,27,171,"Minnesota","Wright County",4,71,1134,557,577
050,27,171,"Minnesota","Wright County",4,72,1028,493,535
050,27,171,"Minnesota","Wright County",4,73,992,451,541
050,27,171,"Minnesota","Wright County",4,74,1012,474,538
050,27,171,"Minnesota","Wright County",4,75,1021,476,545
050,27,171,"Minnesota","Wright County",4,76,691,319,372
050,27,171,"Minnesota","Wright County",4,77,670,305,365
050,27,171,"Minnesota","Wright County",4,78,660,291,369
050,27,171,"Minnesota","Wright County",4,79,670,307,363
050,27,171,"Minnesota","Wright County",4,80,571,274,297
050,27,171,"Minnesota","Wright County",4,81,483,237,246
050,27,171,"Minnesota","Wright County",4,82,461,210,251
050,27,171,"Minnesota","Wright County",4,83,418,176,242
050,27,171,"Minnesota","Wright County",4,84,361,163,198
050,27,171,"Minnesota","Wright County",4,85,1958,748,1210
050,27,171,"Minnesota","Wright County",5,0,1874,977,897
050,27,171,"Minnesota","Wright County",5,1,2006,1051,955
050,27,171,"Minnesota","Wright County",5,2,2005,1095,910
050,27,171,"Minnesota","Wright County",5,3,2130,1101,1029
050,27,171,"Minnesota","Wright County",5,4,2091,1068,1023
050,27,171,"Minnesota","Wright County",5,5,2115,1115,1000
050,27,171,"Minnesota","Wright County",5,6,2179,1150,1029
050,27,171,"Minnesota","Wright County",5,7,2258,1161,1097
050,27,171,"Minnesota","Wright County",5,8,2317,1200,1117
050,27,171,"Minnesota","Wright County",5,9,2260,1166,1094
050,27,171,"Minnesota","Wright County",5,10,2318,1207,1111
050,27,171,"Minnesota","Wright County",5,11,2274,1181,1093
050,27,171,"Minnesota","Wright County",5,12,2290,1176,1114
050,27,171,"Minnesota","Wright County",5,13,2363,1220,1143
050,27,171,"Minnesota","Wright County",5,14,2474,1272,1202
050,27,171,"Minnesota","Wright County",5,15,2623,1359,1264
050,27,171,"Minnesota","Wright County",5,16,2585,1341,1244
050,27,171,"Minnesota","Wright County",5,17,2516,1296,1220
050,27,171,"Minnesota","Wright County",5,18,2029,1102,927
050,27,171,"Minnesota","Wright County",5,19,1547,826,721
050,27,171,"Minnesota","Wright County",5,20,1635,861,774
050,27,171,"Minnesota","Wright County",5,21,1575,818,757
050,27,171,"Minnesota","Wright County",5,22,1601,823,778
050,27,171,"Minnesota","Wright County",5,23,1578,830,748
050,27,171,"Minnesota","Wright County",5,24,1554,816,738
050,27,171,"Minnesota","Wright County",5,25,1486,786,700
050,27,171,"Minnesota","Wright County",5,26,1585,819,766
050,27,171,"Minnesota","Wright County",5,27,1595,797,798
050,27,171,"Minnesota","Wright County",5,28,1688,839,849
050,27,171,"Minnesota","Wright County",5,29,1706,893,813
050,27,171,"Minnesota","Wright County",5,30,1828,940,888
050,27,171,"Minnesota","Wright County",5,31,1963,1017,946
050,27,171,"Minnesota","Wright County",5,32,1850,907,943
050,27,171,"Minnesota","Wright County",5,33,1965,970,995
050,27,171,"Minnesota","Wright County",5,34,1951,1017,934
050,27,171,"Minnesota","Wright County",5,35,2041,1032,1009
050,27,171,"Minnesota","Wright County",5,36,2095,1022,1073
050,27,171,"Minnesota","Wright County",5,37,2149,1057,1092
050,27,171,"Minnesota","Wright County",5,38,2280,1174,1106
050,27,171,"Minnesota","Wright County",5,39,2239,1141,1098
050,27,171,"Minnesota","Wright County",5,40,2217,1121,1096
050,27,171,"Minnesota","Wright County",5,41,2309,1197,1112
050,27,171,"Minnesota","Wright County",5,42,2265,1157,1108
050,27,171,"Minnesota","Wright County",5,43,2233,1151,1082
050,27,171,"Minnesota","Wright County",5,44,2130,1058,1072
050,27,171,"Minnesota","Wright County",5,45,2142,1099,1043
050,27,171,"Minnesota","Wright County",5,46,2042,1061,981
050,27,171,"Minnesota","Wright County",5,47,1941,1024,917
050,27,171,"Minnesota","Wright County",5,48,1930,1004,926
050,27,171,"Minnesota","Wright County",5,49,1829,964,865
050,27,171,"Minnesota","Wright County",5,50,1799,938,861
050,27,171,"Minnesota","Wright County",5,51,1871,1001,870
050,27,171,"Minnesota","Wright County",5,52,1995,1048,947
050,27,171,"Minnesota","Wright County",5,53,1970,1021,949
050,27,171,"Minnesota","Wright County",5,54,1902,985,917
050,27,171,"Minnesota","Wright County",5,55,1844,960,884
050,27,171,"Minnesota","Wright County",5,56,1835,925,910
050,27,171,"Minnesota","Wright County",5,57,1869,949,920
050,27,171,"Minnesota","Wright County",5,58,1881,931,950
050,27,171,"Minnesota","Wright County",5,59,1968,1012,956
050,27,171,"Minnesota","Wright County",5,60,1914,973,941
050,27,171,"Minnesota","Wright County",5,61,1923,997,926
050,27,171,"Minnesota","Wright County",5,62,1879,961,918
050,27,171,"Minnesota","Wright County",5,63,1839,943,896
050,27,171,"Minnesota","Wright County",5,64,1758,882,876
050,27,171,"Minnesota","Wright County",5,65,1619,818,801
050,27,171,"Minnesota","Wright County",5,66,1537,764,773
050,27,171,"Minnesota","Wright County",5,67,1460,722,738
050,27,171,"Minnesota","Wright County",5,68,1327,656,671
050,27,171,"Minnesota","Wright County",5,69,1336,673,663
050,27,171,"Minnesota","Wright County",5,70,1224,600,624
050,27,171,"Minnesota","Wright County",5,71,1204,579,625
050,27,171,"Minnesota","Wright County",5,72,1116,541,575
050,27,171,"Minnesota","Wright County",5,73,1005,470,535
050,27,171,"Minnesota","Wright County",5,74,973,437,536
050,27,171,"Minnesota","Wright County",5,75,987,470,517
050,27,171,"Minnesota","Wright County",5,76,995,457,538
050,27,171,"Minnesota","Wright County",5,77,659,303,356
050,27,171,"Minnesota","Wright County",5,78,649,288,361
050,27,171,"Minnesota","Wright County",5,79,657,291,366
050,27,171,"Minnesota","Wright County",5,80,645,302,343
050,27,171,"Minnesota","Wright County",5,81,538,253,285
050,27,171,"Minnesota","Wright County",5,82,476,228,248
050,27,171,"Minnesota","Wright County",5,83,438,189,249
050,27,171,"Minnesota","Wright County",5,84,388,162,226
050,27,171,"Minnesota","Wright County",5,85,2014,791,1223
050,27,173,"Minnesota","Yellow Medicine County",1,0,105,53,52
050,27,173,"Minnesota","Yellow Medicine County",1,1,104,53,51
050,27,173,"Minnesota","Yellow Medicine County",1,2,102,46,56
050,27,173,"Minnesota","Yellow Medicine County",1,3,114,50,64
050,27,173,"Minnesota","Yellow Medicine County",1,4,128,67,61
050,27,173,"Minnesota","Yellow Medicine County",1,5,107,52,55
050,27,173,"Minnesota","Yellow Medicine County",1,6,112,48,64
050,27,173,"Minnesota","Yellow Medicine County",1,7,128,63,65
050,27,173,"Minnesota","Yellow Medicine County",1,8,132,61,71
050,27,173,"Minnesota","Yellow Medicine County",1,9,123,62,61
050,27,173,"Minnesota","Yellow Medicine County",1,10,126,70,56
050,27,173,"Minnesota","Yellow Medicine County",1,11,134,67,67
050,27,173,"Minnesota","Yellow Medicine County",1,12,149,76,73
050,27,173,"Minnesota","Yellow Medicine County",1,13,141,71,70
050,27,173,"Minnesota","Yellow Medicine County",1,14,142,80,62
050,27,173,"Minnesota","Yellow Medicine County",1,15,131,69,62
050,27,173,"Minnesota","Yellow Medicine County",1,16,143,76,67
050,27,173,"Minnesota","Yellow Medicine County",1,17,131,72,59
050,27,173,"Minnesota","Yellow Medicine County",1,18,112,62,50
050,27,173,"Minnesota","Yellow Medicine County",1,19,100,55,45
050,27,173,"Minnesota","Yellow Medicine County",1,20,103,58,45
050,27,173,"Minnesota","Yellow Medicine County",1,21,103,54,49
050,27,173,"Minnesota","Yellow Medicine County",1,22,113,61,52
050,27,173,"Minnesota","Yellow Medicine County",1,23,112,60,52
050,27,173,"Minnesota","Yellow Medicine County",1,24,93,47,46
050,27,173,"Minnesota","Yellow Medicine County",1,25,92,49,43
050,27,173,"Minnesota","Yellow Medicine County",1,26,109,59,50
050,27,173,"Minnesota","Yellow Medicine County",1,27,104,52,52
050,27,173,"Minnesota","Yellow Medicine County",1,28,97,50,47
050,27,173,"Minnesota","Yellow Medicine County",1,29,84,50,34
050,27,173,"Minnesota","Yellow Medicine County",1,30,90,48,42
050,27,173,"Minnesota","Yellow Medicine County",1,31,105,52,53
050,27,173,"Minnesota","Yellow Medicine County",1,32,110,60,50
050,27,173,"Minnesota","Yellow Medicine County",1,33,100,56,44
050,27,173,"Minnesota","Yellow Medicine County",1,34,114,63,51
050,27,173,"Minnesota","Yellow Medicine County",1,35,116,61,55
050,27,173,"Minnesota","Yellow Medicine County",1,36,125,64,61
050,27,173,"Minnesota","Yellow Medicine County",1,37,129,69,60
050,27,173,"Minnesota","Yellow Medicine County",1,38,122,59,63
050,27,173,"Minnesota","Yellow Medicine County",1,39,103,54,49
050,27,173,"Minnesota","Yellow Medicine County",1,40,97,58,39
050,27,173,"Minnesota","Yellow Medicine County",1,41,97,49,48
050,27,173,"Minnesota","Yellow Medicine County",1,42,96,48,48
050,27,173,"Minnesota","Yellow Medicine County",1,43,97,53,44
050,27,173,"Minnesota","Yellow Medicine County",1,44,104,55,49
050,27,173,"Minnesota","Yellow Medicine County",1,45,97,46,51
050,27,173,"Minnesota","Yellow Medicine County",1,46,86,42,44
050,27,173,"Minnesota","Yellow Medicine County",1,47,104,52,52
050,27,173,"Minnesota","Yellow Medicine County",1,48,105,52,53
050,27,173,"Minnesota","Yellow Medicine County",1,49,111,57,54
050,27,173,"Minnesota","Yellow Medicine County",1,50,108,56,52
050,27,173,"Minnesota","Yellow Medicine County",1,51,107,55,52
050,27,173,"Minnesota","Yellow Medicine County",1,52,109,60,49
050,27,173,"Minnesota","Yellow Medicine County",1,53,126,61,65
050,27,173,"Minnesota","Yellow Medicine County",1,54,118,57,61
050,27,173,"Minnesota","Yellow Medicine County",1,55,117,60,57
050,27,173,"Minnesota","Yellow Medicine County",1,56,131,68,63
050,27,173,"Minnesota","Yellow Medicine County",1,57,134,62,72
050,27,173,"Minnesota","Yellow Medicine County",1,58,150,68,82
050,27,173,"Minnesota","Yellow Medicine County",1,59,148,73,75
050,27,173,"Minnesota","Yellow Medicine County",1,60,145,73,72
050,27,173,"Minnesota","Yellow Medicine County",1,61,165,89,76
050,27,173,"Minnesota","Yellow Medicine County",1,62,161,84,77
050,27,173,"Minnesota","Yellow Medicine County",1,63,157,76,81
050,27,173,"Minnesota","Yellow Medicine County",1,64,167,86,81
050,27,173,"Minnesota","Yellow Medicine County",1,65,147,81,66
050,27,173,"Minnesota","Yellow Medicine County",1,66,128,71,57
050,27,173,"Minnesota","Yellow Medicine County",1,67,134,75,59
050,27,173,"Minnesota","Yellow Medicine County",1,68,116,67,49
050,27,173,"Minnesota","Yellow Medicine County",1,69,107,59,48
050,27,173,"Minnesota","Yellow Medicine County",1,70,100,52,48
050,27,173,"Minnesota","Yellow Medicine County",1,71,88,38,50
050,27,173,"Minnesota","Yellow Medicine County",1,72,91,44,47
050,27,173,"Minnesota","Yellow Medicine County",1,73,88,44,44
050,27,173,"Minnesota","Yellow Medicine County",1,74,58,27,31
050,27,173,"Minnesota","Yellow Medicine County",1,75,63,30,33
050,27,173,"Minnesota","Yellow Medicine County",1,76,66,36,30
050,27,173,"Minnesota","Yellow Medicine County",1,77,64,35,29
050,27,173,"Minnesota","Yellow Medicine County",1,78,62,27,35
050,27,173,"Minnesota","Yellow Medicine County",1,79,62,30,32
050,27,173,"Minnesota","Yellow Medicine County",1,80,53,23,30
050,27,173,"Minnesota","Yellow Medicine County",1,81,58,26,32
050,27,173,"Minnesota","Yellow Medicine County",1,82,51,23,28
050,27,173,"Minnesota","Yellow Medicine County",1,83,41,18,23
050,27,173,"Minnesota","Yellow Medicine County",1,84,47,22,25
050,27,173,"Minnesota","Yellow Medicine County",1,85,274,102,172
050,27,173,"Minnesota","Yellow Medicine County",2,0,107,55,52
050,27,173,"Minnesota","Yellow Medicine County",2,1,102,52,50
050,27,173,"Minnesota","Yellow Medicine County",2,2,103,48,55
050,27,173,"Minnesota","Yellow Medicine County",2,3,110,48,62
050,27,173,"Minnesota","Yellow Medicine County",2,4,125,62,63
050,27,173,"Minnesota","Yellow Medicine County",2,5,111,55,56
050,27,173,"Minnesota","Yellow Medicine County",2,6,112,49,63
050,27,173,"Minnesota","Yellow Medicine County",2,7,123,59,64
050,27,173,"Minnesota","Yellow Medicine County",2,8,131,61,70
050,27,173,"Minnesota","Yellow Medicine County",2,9,123,61,62
050,27,173,"Minnesota","Yellow Medicine County",2,10,124,68,56
050,27,173,"Minnesota","Yellow Medicine County",2,11,131,68,63
050,27,173,"Minnesota","Yellow Medicine County",2,12,144,74,70
050,27,173,"Minnesota","Yellow Medicine County",2,13,140,72,68
050,27,173,"Minnesota","Yellow Medicine County",2,14,138,76,62
050,27,173,"Minnesota","Yellow Medicine County",2,15,132,71,61
050,27,173,"Minnesota","Yellow Medicine County",2,16,141,74,67
050,27,173,"Minnesota","Yellow Medicine County",2,17,137,74,63
050,27,173,"Minnesota","Yellow Medicine County",2,18,109,60,49
050,27,173,"Minnesota","Yellow Medicine County",2,19,99,54,45
050,27,173,"Minnesota","Yellow Medicine County",2,20,105,58,47
050,27,173,"Minnesota","Yellow Medicine County",2,21,105,56,49
050,27,173,"Minnesota","Yellow Medicine County",2,22,114,62,52
050,27,173,"Minnesota","Yellow Medicine County",2,23,111,60,51
050,27,173,"Minnesota","Yellow Medicine County",2,24,96,50,46
050,27,173,"Minnesota","Yellow Medicine County",2,25,91,48,43
050,27,173,"Minnesota","Yellow Medicine County",2,26,106,58,48
050,27,173,"Minnesota","Yellow Medicine County",2,27,105,54,51
050,27,173,"Minnesota","Yellow Medicine County",2,28,98,50,48
050,27,173,"Minnesota","Yellow Medicine County",2,29,86,49,37
050,27,173,"Minnesota","Yellow Medicine County",2,30,89,48,41
050,27,173,"Minnesota","Yellow Medicine County",2,31,100,51,49
050,27,173,"Minnesota","Yellow Medicine County",2,32,108,57,51
050,27,173,"Minnesota","Yellow Medicine County",2,33,104,58,46
050,27,173,"Minnesota","Yellow Medicine County",2,34,111,61,50
050,27,173,"Minnesota","Yellow Medicine County",2,35,115,61,54
050,27,173,"Minnesota","Yellow Medicine County",2,36,121,63,58
050,27,173,"Minnesota","Yellow Medicine County",2,37,128,68,60
050,27,173,"Minnesota","Yellow Medicine County",2,38,124,62,62
050,27,173,"Minnesota","Yellow Medicine County",2,39,108,57,51
050,27,173,"Minnesota","Yellow Medicine County",2,40,99,58,41
050,27,173,"Minnesota","Yellow Medicine County",2,41,96,50,46
050,27,173,"Minnesota","Yellow Medicine County",2,42,93,47,46
050,27,173,"Minnesota","Yellow Medicine County",2,43,97,53,44
050,27,173,"Minnesota","Yellow Medicine County",2,44,104,55,49
050,27,173,"Minnesota","Yellow Medicine County",2,45,97,47,50
050,27,173,"Minnesota","Yellow Medicine County",2,46,88,44,44
050,27,173,"Minnesota","Yellow Medicine County",2,47,100,50,50
050,27,173,"Minnesota","Yellow Medicine County",2,48,102,50,52
050,27,173,"Minnesota","Yellow Medicine County",2,49,111,56,55
050,27,173,"Minnesota","Yellow Medicine County",2,50,110,57,53
050,27,173,"Minnesota","Yellow Medicine County",2,51,107,55,52
050,27,173,"Minnesota","Yellow Medicine County",2,52,107,58,49
050,27,173,"Minnesota","Yellow Medicine County",2,53,122,60,62
050,27,173,"Minnesota","Yellow Medicine County",2,54,118,58,60
050,27,173,"Minnesota","Yellow Medicine County",2,55,119,61,58
050,27,173,"Minnesota","Yellow Medicine County",2,56,128,67,61
050,27,173,"Minnesota","Yellow Medicine County",2,57,132,63,69
050,27,173,"Minnesota","Yellow Medicine County",2,58,143,65,78
050,27,173,"Minnesota","Yellow Medicine County",2,59,148,72,76
050,27,173,"Minnesota","Yellow Medicine County",2,60,145,73,72
050,27,173,"Minnesota","Yellow Medicine County",2,61,158,84,74
050,27,173,"Minnesota","Yellow Medicine County",2,62,162,85,77
050,27,173,"Minnesota","Yellow Medicine County",2,63,159,78,81
050,27,173,"Minnesota","Yellow Medicine County",2,64,161,82,79
050,27,173,"Minnesota","Yellow Medicine County",2,65,153,82,71
050,27,173,"Minnesota","Yellow Medicine County",2,66,132,73,59
050,27,173,"Minnesota","Yellow Medicine County",2,67,132,74,58
050,27,173,"Minnesota","Yellow Medicine County",2,68,119,69,50
050,27,173,"Minnesota","Yellow Medicine County",2,69,108,60,48
050,27,173,"Minnesota","Yellow Medicine County",2,70,101,53,48
050,27,173,"Minnesota","Yellow Medicine County",2,71,90,41,49
050,27,173,"Minnesota","Yellow Medicine County",2,72,89,42,47
050,27,173,"Minnesota","Yellow Medicine County",2,73,95,47,48
050,27,173,"Minnesota","Yellow Medicine County",2,74,60,28,32
050,27,173,"Minnesota","Yellow Medicine County",2,75,61,28,33
050,27,173,"Minnesota","Yellow Medicine County",2,76,65,34,31
050,27,173,"Minnesota","Yellow Medicine County",2,77,64,36,28
050,27,173,"Minnesota","Yellow Medicine County",2,78,61,28,33
050,27,173,"Minnesota","Yellow Medicine County",2,79,61,29,32
050,27,173,"Minnesota","Yellow Medicine County",2,80,55,24,31
050,27,173,"Minnesota","Yellow Medicine County",2,81,57,26,31
050,27,173,"Minnesota","Yellow Medicine County",2,82,53,24,29
050,27,173,"Minnesota","Yellow Medicine County",2,83,41,17,24
050,27,173,"Minnesota","Yellow Medicine County",2,84,44,21,23
050,27,173,"Minnesota","Yellow Medicine County",2,85,281,105,176
050,27,173,"Minnesota","Yellow Medicine County",3,0,122,55,67
050,27,173,"Minnesota","Yellow Medicine County",3,1,115,61,54
050,27,173,"Minnesota","Yellow Medicine County",3,2,103,50,53
050,27,173,"Minnesota","Yellow Medicine County",3,3,105,51,54
050,27,173,"Minnesota","Yellow Medicine County",3,4,111,44,67
050,27,173,"Minnesota","Yellow Medicine County",3,5,127,59,68
050,27,173,"Minnesota","Yellow Medicine County",3,6,106,53,53
050,27,173,"Minnesota","Yellow Medicine County",3,7,117,50,67
050,27,173,"Minnesota","Yellow Medicine County",3,8,120,59,61
050,27,173,"Minnesota","Yellow Medicine County",3,9,133,62,71
050,27,173,"Minnesota","Yellow Medicine County",3,10,121,58,63
050,27,173,"Minnesota","Yellow Medicine County",3,11,126,65,61
050,27,173,"Minnesota","Yellow Medicine County",3,12,131,68,63
050,27,173,"Minnesota","Yellow Medicine County",3,13,137,71,66
050,27,173,"Minnesota","Yellow Medicine County",3,14,137,75,62
050,27,173,"Minnesota","Yellow Medicine County",3,15,134,72,62
050,27,173,"Minnesota","Yellow Medicine County",3,16,133,74,59
050,27,173,"Minnesota","Yellow Medicine County",3,17,141,76,65
050,27,173,"Minnesota","Yellow Medicine County",3,18,117,65,52
050,27,173,"Minnesota","Yellow Medicine County",3,19,94,53,41
050,27,173,"Minnesota","Yellow Medicine County",3,20,96,51,45
050,27,173,"Minnesota","Yellow Medicine County",3,21,105,52,53
050,27,173,"Minnesota","Yellow Medicine County",3,22,105,62,43
050,27,173,"Minnesota","Yellow Medicine County",3,23,109,57,52
050,27,173,"Minnesota","Yellow Medicine County",3,24,104,53,51
050,27,173,"Minnesota","Yellow Medicine County",3,25,94,48,46
050,27,173,"Minnesota","Yellow Medicine County",3,26,95,51,44
050,27,173,"Minnesota","Yellow Medicine County",3,27,108,55,53
050,27,173,"Minnesota","Yellow Medicine County",3,28,99,48,51
050,27,173,"Minnesota","Yellow Medicine County",3,29,96,51,45
050,27,173,"Minnesota","Yellow Medicine County",3,30,82,45,37
050,27,173,"Minnesota","Yellow Medicine County",3,31,86,44,42
050,27,173,"Minnesota","Yellow Medicine County",3,32,102,49,53
050,27,173,"Minnesota","Yellow Medicine County",3,33,106,57,49
050,27,173,"Minnesota","Yellow Medicine County",3,34,102,55,47
050,27,173,"Minnesota","Yellow Medicine County",3,35,110,64,46
050,27,173,"Minnesota","Yellow Medicine County",3,36,120,64,56
050,27,173,"Minnesota","Yellow Medicine County",3,37,126,66,60
050,27,173,"Minnesota","Yellow Medicine County",3,38,131,70,61
050,27,173,"Minnesota","Yellow Medicine County",3,39,125,62,63
050,27,173,"Minnesota","Yellow Medicine County",3,40,108,58,50
050,27,173,"Minnesota","Yellow Medicine County",3,41,96,58,38
050,27,173,"Minnesota","Yellow Medicine County",3,42,94,50,44
050,27,173,"Minnesota","Yellow Medicine County",3,43,88,45,43
050,27,173,"Minnesota","Yellow Medicine County",3,44,100,55,45
050,27,173,"Minnesota","Yellow Medicine County",3,45,108,58,50
050,27,173,"Minnesota","Yellow Medicine County",3,46,95,47,48
050,27,173,"Minnesota","Yellow Medicine County",3,47,87,43,44
050,27,173,"Minnesota","Yellow Medicine County",3,48,95,46,49
050,27,173,"Minnesota","Yellow Medicine County",3,49,103,50,53
050,27,173,"Minnesota","Yellow Medicine County",3,50,114,58,56
050,27,173,"Minnesota","Yellow Medicine County",3,51,104,56,48
050,27,173,"Minnesota","Yellow Medicine County",3,52,104,54,50
050,27,173,"Minnesota","Yellow Medicine County",3,53,108,56,52
050,27,173,"Minnesota","Yellow Medicine County",3,54,126,63,63
050,27,173,"Minnesota","Yellow Medicine County",3,55,118,58,60
050,27,173,"Minnesota","Yellow Medicine County",3,56,118,60,58
050,27,173,"Minnesota","Yellow Medicine County",3,57,129,68,61
050,27,173,"Minnesota","Yellow Medicine County",3,58,128,59,69
050,27,173,"Minnesota","Yellow Medicine County",3,59,142,66,76
050,27,173,"Minnesota","Yellow Medicine County",3,60,148,72,76
050,27,173,"Minnesota","Yellow Medicine County",3,61,139,72,67
050,27,173,"Minnesota","Yellow Medicine County",3,62,156,81,75
050,27,173,"Minnesota","Yellow Medicine County",3,63,159,84,75
050,27,173,"Minnesota","Yellow Medicine County",3,64,159,79,80
050,27,173,"Minnesota","Yellow Medicine County",3,65,161,82,79
050,27,173,"Minnesota","Yellow Medicine County",3,66,153,83,70
050,27,173,"Minnesota","Yellow Medicine County",3,67,129,69,60
050,27,173,"Minnesota","Yellow Medicine County",3,68,129,75,54
050,27,173,"Minnesota","Yellow Medicine County",3,69,114,67,47
050,27,173,"Minnesota","Yellow Medicine County",3,70,107,59,48
050,27,173,"Minnesota","Yellow Medicine County",3,71,100,56,44
050,27,173,"Minnesota","Yellow Medicine County",3,72,88,40,48
050,27,173,"Minnesota","Yellow Medicine County",3,73,89,41,48
050,27,173,"Minnesota","Yellow Medicine County",3,74,85,41,44
050,27,173,"Minnesota","Yellow Medicine County",3,75,58,26,32
050,27,173,"Minnesota","Yellow Medicine County",3,76,60,27,33
050,27,173,"Minnesota","Yellow Medicine County",3,77,63,34,29
050,27,173,"Minnesota","Yellow Medicine County",3,78,60,32,28
050,27,173,"Minnesota","Yellow Medicine County",3,79,58,25,33
050,27,173,"Minnesota","Yellow Medicine County",3,80,57,27,30
050,27,173,"Minnesota","Yellow Medicine County",3,81,51,24,27
050,27,173,"Minnesota","Yellow Medicine County",3,82,52,24,28
050,27,173,"Minnesota","Yellow Medicine County",3,83,51,23,28
050,27,173,"Minnesota","Yellow Medicine County",3,84,42,18,24
050,27,173,"Minnesota","Yellow Medicine County",3,85,275,102,173
050,27,173,"Minnesota","Yellow Medicine County",4,0,104,55,49
050,27,173,"Minnesota","Yellow Medicine County",4,1,121,54,67
050,27,173,"Minnesota","Yellow Medicine County",4,2,116,61,55
050,27,173,"Minnesota","Yellow Medicine County",4,3,106,53,53
050,27,173,"Minnesota","Yellow Medicine County",4,4,110,55,55
050,27,173,"Minnesota","Yellow Medicine County",4,5,116,48,68
050,27,173,"Minnesota","Yellow Medicine County",4,6,133,64,69
050,27,173,"Minnesota","Yellow Medicine County",4,7,114,56,58
050,27,173,"Minnesota","Yellow Medicine County",4,8,113,51,62
050,27,173,"Minnesota","Yellow Medicine County",4,9,122,59,63
050,27,173,"Minnesota","Yellow Medicine County",4,10,141,72,69
050,27,173,"Minnesota","Yellow Medicine County",4,11,125,64,61
050,27,173,"Minnesota","Yellow Medicine County",4,12,130,67,63
050,27,173,"Minnesota","Yellow Medicine County",4,13,133,67,66
050,27,173,"Minnesota","Yellow Medicine County",4,14,143,72,71
050,27,173,"Minnesota","Yellow Medicine County",4,15,146,78,68
050,27,173,"Minnesota","Yellow Medicine County",4,16,127,67,60
050,27,173,"Minnesota","Yellow Medicine County",4,17,134,74,60
050,27,173,"Minnesota","Yellow Medicine County",4,18,127,71,56
050,27,173,"Minnesota","Yellow Medicine County",4,19,102,55,47
050,27,173,"Minnesota","Yellow Medicine County",4,20,86,44,42
050,27,173,"Minnesota","Yellow Medicine County",4,21,98,52,46
050,27,173,"Minnesota","Yellow Medicine County",4,22,105,56,49
050,27,173,"Minnesota","Yellow Medicine County",4,23,93,49,44
050,27,173,"Minnesota","Yellow Medicine County",4,24,102,57,45
050,27,173,"Minnesota","Yellow Medicine County",4,25,110,60,50
050,27,173,"Minnesota","Yellow Medicine County",4,26,98,51,47
050,27,173,"Minnesota","Yellow Medicine County",4,27,96,47,49
050,27,173,"Minnesota","Yellow Medicine County",4,28,100,52,48
050,27,173,"Minnesota","Yellow Medicine County",4,29,95,47,48
050,27,173,"Minnesota","Yellow Medicine County",4,30,98,50,48
050,27,173,"Minnesota","Yellow Medicine County",4,31,90,50,40
050,27,173,"Minnesota","Yellow Medicine County",4,32,80,40,40
050,27,173,"Minnesota","Yellow Medicine County",4,33,107,54,53
050,27,173,"Minnesota","Yellow Medicine County",4,34,112,56,56
050,27,173,"Minnesota","Yellow Medicine County",4,35,107,59,48
050,27,173,"Minnesota","Yellow Medicine County",4,36,113,62,51
050,27,173,"Minnesota","Yellow Medicine County",4,37,120,63,57
050,27,173,"Minnesota","Yellow Medicine County",4,38,120,64,56
050,27,173,"Minnesota","Yellow Medicine County",4,39,131,68,63
050,27,173,"Minnesota","Yellow Medicine County",4,40,131,66,65
050,27,173,"Minnesota","Yellow Medicine County",4,41,115,60,55
050,27,173,"Minnesota","Yellow Medicine County",4,42,100,60,40
050,27,173,"Minnesota","Yellow Medicine County",4,43,94,51,43
050,27,173,"Minnesota","Yellow Medicine County",4,44,88,43,45
050,27,173,"Minnesota","Yellow Medicine County",4,45,98,53,45
050,27,173,"Minnesota","Yellow Medicine County",4,46,109,57,52
050,27,173,"Minnesota","Yellow Medicine County",4,47,95,47,48
050,27,173,"Minnesota","Yellow Medicine County",4,48,90,46,44
050,27,173,"Minnesota","Yellow Medicine County",4,49,95,47,48
050,27,173,"Minnesota","Yellow Medicine County",4,50,101,48,53
050,27,173,"Minnesota","Yellow Medicine County",4,51,108,54,54
050,27,173,"Minnesota","Yellow Medicine County",4,52,106,57,49
050,27,173,"Minnesota","Yellow Medicine County",4,53,101,49,52
050,27,173,"Minnesota","Yellow Medicine County",4,54,108,60,48
050,27,173,"Minnesota","Yellow Medicine County",4,55,125,62,63
050,27,173,"Minnesota","Yellow Medicine County",4,56,118,58,60
050,27,173,"Minnesota","Yellow Medicine County",4,57,119,61,58
050,27,173,"Minnesota","Yellow Medicine County",4,58,129,67,62
050,27,173,"Minnesota","Yellow Medicine County",4,59,126,58,68
050,27,173,"Minnesota","Yellow Medicine County",4,60,143,67,76
050,27,173,"Minnesota","Yellow Medicine County",4,61,151,75,76
050,27,173,"Minnesota","Yellow Medicine County",4,62,144,76,68
050,27,173,"Minnesota","Yellow Medicine County",4,63,154,81,73
050,27,173,"Minnesota","Yellow Medicine County",4,64,158,84,74
050,27,173,"Minnesota","Yellow Medicine County",4,65,156,74,82
050,27,173,"Minnesota","Yellow Medicine County",4,66,157,79,78
050,27,173,"Minnesota","Yellow Medicine County",4,67,155,83,72
050,27,173,"Minnesota","Yellow Medicine County",4,68,127,69,58
050,27,173,"Minnesota","Yellow Medicine County",4,69,124,72,52
050,27,173,"Minnesota","Yellow Medicine County",4,70,113,64,49
050,27,173,"Minnesota","Yellow Medicine County",4,71,106,59,47
050,27,173,"Minnesota","Yellow Medicine County",4,72,99,55,44
050,27,173,"Minnesota","Yellow Medicine County",4,73,89,39,50
050,27,173,"Minnesota","Yellow Medicine County",4,74,85,36,49
050,27,173,"Minnesota","Yellow Medicine County",4,75,86,43,43
050,27,173,"Minnesota","Yellow Medicine County",4,76,58,25,33
050,27,173,"Minnesota","Yellow Medicine County",4,77,58,26,32
050,27,173,"Minnesota","Yellow Medicine County",4,78,67,36,31
050,27,173,"Minnesota","Yellow Medicine County",4,79,53,27,26
050,27,173,"Minnesota","Yellow Medicine County",4,80,55,23,32
050,27,173,"Minnesota","Yellow Medicine County",4,81,57,28,29
050,27,173,"Minnesota","Yellow Medicine County",4,82,46,23,23
050,27,173,"Minnesota","Yellow Medicine County",4,83,48,24,24
050,27,173,"Minnesota","Yellow Medicine County",4,84,51,25,26
050,27,173,"Minnesota","Yellow Medicine County",4,85,264,93,171
050,27,173,"Minnesota","Yellow Medicine County",5,0,90,46,44
050,27,173,"Minnesota","Yellow Medicine County",5,1,110,55,55
050,27,173,"Minnesota","Yellow Medicine County",5,2,129,57,72
050,27,173,"Minnesota","Yellow Medicine County",5,3,122,62,60
050,27,173,"Minnesota","Yellow Medicine County",5,4,111,57,54
050,27,173,"Minnesota","Yellow Medicine County",5,5,112,57,55
050,27,173,"Minnesota","Yellow Medicine County",5,6,119,49,70
050,27,173,"Minnesota","Yellow Medicine County",5,7,131,61,70
050,27,173,"Minnesota","Yellow Medicine County",5,8,109,57,52
050,27,173,"Minnesota","Yellow Medicine County",5,9,116,53,63
050,27,173,"Minnesota","Yellow Medicine County",5,10,120,62,58
050,27,173,"Minnesota","Yellow Medicine County",5,11,145,78,67
050,27,173,"Minnesota","Yellow Medicine County",5,12,119,57,62
050,27,173,"Minnesota","Yellow Medicine County",5,13,132,67,65
050,27,173,"Minnesota","Yellow Medicine County",5,14,128,65,63
050,27,173,"Minnesota","Yellow Medicine County",5,15,147,74,73
050,27,173,"Minnesota","Yellow Medicine County",5,16,141,76,65
050,27,173,"Minnesota","Yellow Medicine County",5,17,127,69,58
050,27,173,"Minnesota","Yellow Medicine County",5,18,116,68,48
050,27,173,"Minnesota","Yellow Medicine County",5,19,112,58,54
050,27,173,"Minnesota","Yellow Medicine County",5,20,98,54,44
050,27,173,"Minnesota","Yellow Medicine County",5,21,84,38,46
050,27,173,"Minnesota","Yellow Medicine County",5,22,95,54,41
050,27,173,"Minnesota","Yellow Medicine County",5,23,109,59,50
050,27,173,"Minnesota","Yellow Medicine County",5,24,93,48,45
050,27,173,"Minnesota","Yellow Medicine County",5,25,99,57,42
050,27,173,"Minnesota","Yellow Medicine County",5,26,115,65,50
050,27,173,"Minnesota","Yellow Medicine County",5,27,111,62,49
050,27,173,"Minnesota","Yellow Medicine County",5,28,101,53,48
050,27,173,"Minnesota","Yellow Medicine County",5,29,102,52,50
050,27,173,"Minnesota","Yellow Medicine County",5,30,101,48,53
050,27,173,"Minnesota","Yellow Medicine County",5,31,104,57,47
050,27,173,"Minnesota","Yellow Medicine County",5,32,84,44,40
050,27,173,"Minnesota","Yellow Medicine County",5,33,81,42,39
050,27,173,"Minnesota","Yellow Medicine County",5,34,100,51,49
050,27,173,"Minnesota","Yellow Medicine County",5,35,114,58,56
050,27,173,"Minnesota","Yellow Medicine County",5,36,105,57,48
050,27,173,"Minnesota","Yellow Medicine County",5,37,110,59,51
050,27,173,"Minnesota","Yellow Medicine County",5,38,123,65,58
050,27,173,"Minnesota","Yellow Medicine County",5,39,121,64,57
050,27,173,"Minnesota","Yellow Medicine County",5,40,131,67,64
050,27,173,"Minnesota","Yellow Medicine County",5,41,133,68,65
050,27,173,"Minnesota","Yellow Medicine County",5,42,110,59,51
050,27,173,"Minnesota","Yellow Medicine County",5,43,94,56,38
050,27,173,"Minnesota","Yellow Medicine County",5,44,94,51,43
050,27,173,"Minnesota","Yellow Medicine County",5,45,86,43,43
050,27,173,"Minnesota","Yellow Medicine County",5,46,101,55,46
050,27,173,"Minnesota","Yellow Medicine County",5,47,108,54,54
050,27,173,"Minnesota","Yellow Medicine County",5,48,96,47,49
050,27,173,"Minnesota","Yellow Medicine County",5,49,89,47,42
050,27,173,"Minnesota","Yellow Medicine County",5,50,89,43,46
050,27,173,"Minnesota","Yellow Medicine County",5,51,105,50,55
050,27,173,"Minnesota","Yellow Medicine County",5,52,110,55,55
050,27,173,"Minnesota","Yellow Medicine County",5,53,103,53,50
050,27,173,"Minnesota","Yellow Medicine County",5,54,108,51,57
050,27,173,"Minnesota","Yellow Medicine County",5,55,113,65,48
050,27,173,"Minnesota","Yellow Medicine County",5,56,124,61,63
050,27,173,"Minnesota","Yellow Medicine County",5,57,119,58,61
050,27,173,"Minnesota","Yellow Medicine County",5,58,118,59,59
050,27,173,"Minnesota","Yellow Medicine County",5,59,130,71,59
050,27,173,"Minnesota","Yellow Medicine County",5,60,132,61,71
050,27,173,"Minnesota","Yellow Medicine County",5,61,139,65,74
050,27,173,"Minnesota","Yellow Medicine County",5,62,149,73,76
050,27,173,"Minnesota","Yellow Medicine County",5,63,143,76,67
050,27,173,"Minnesota","Yellow Medicine County",5,64,154,81,73
050,27,173,"Minnesota","Yellow Medicine County",5,65,155,79,76
050,27,173,"Minnesota","Yellow Medicine County",5,66,158,75,83
050,27,173,"Minnesota","Yellow Medicine County",5,67,155,76,79
050,27,173,"Minnesota","Yellow Medicine County",5,68,154,83,71
050,27,173,"Minnesota","Yellow Medicine County",5,69,120,66,54
050,27,173,"Minnesota","Yellow Medicine County",5,70,122,70,52
050,27,173,"Minnesota","Yellow Medicine County",5,71,111,63,48
050,27,173,"Minnesota","Yellow Medicine County",5,72,104,58,46
050,27,173,"Minnesota","Yellow Medicine County",5,73,100,54,46
050,27,173,"Minnesota","Yellow Medicine County",5,74,80,33,47
050,27,173,"Minnesota","Yellow Medicine County",5,75,82,35,47
050,27,173,"Minnesota","Yellow Medicine County",5,76,83,42,41
050,27,173,"Minnesota","Yellow Medicine County",5,77,55,24,31
050,27,173,"Minnesota","Yellow Medicine County",5,78,59,27,32
050,27,173,"Minnesota","Yellow Medicine County",5,79,59,32,27
050,27,173,"Minnesota","Yellow Medicine County",5,80,50,25,25
050,27,173,"Minnesota","Yellow Medicine County",5,81,52,22,30
050,27,173,"Minnesota","Yellow Medicine County",5,82,53,26,27
050,27,173,"Minnesota","Yellow Medicine County",5,83,44,23,21
050,27,173,"Minnesota","Yellow Medicine County",5,84,46,23,23
050,27,173,"Minnesota","Yellow Medicine County",5,85,261,93,168

