"SUMLEV","STATE","COUNTY","STNAME","CTYNAME","YEAR","AGE","TOT_POP","TOT_MALE","TOT_FEMALE"
050,06,001,"California","Alameda County",1,0,18151,9271,8880
050,06,001,"California","Alameda County",1,1,18094,9186,8908
050,06,001,"California","Alameda County",1,2,18428,9400,9028
050,06,001,"California","Alameda County",1,3,19312,9833,9479
050,06,001,"California","Alameda County",1,4,19215,9939,9276
050,06,001,"California","Alameda County",1,5,19164,9845,9319
050,06,001,"California","Alameda County",1,6,19126,9769,9357
050,06,001,"California","Alameda County",1,7,19137,9906,9231
050,06,001,"California","Alameda County",1,8,18767,9624,9143
050,06,001,"California","Alameda County",1,9,18895,9618,9277
050,06,001,"California","Alameda County",1,10,19267,9835,9432
050,06,001,"California","Alameda County",1,11,19677,10110,9567
050,06,001,"California","Alameda County",1,12,20180,10445,9735
050,06,001,"California","Alameda County",1,13,19777,10202,9575
050,06,001,"California","Alameda County",1,14,19184,9845,9339
050,06,001,"California","Alameda County",1,15,18972,9680,9292
050,06,001,"California","Alameda County",1,16,19051,9652,9399
050,06,001,"California","Alameda County",1,17,18901,9596,9305
050,06,001,"California","Alameda County",1,18,21123,10511,10612
050,06,001,"California","Alameda County",1,19,19837,9852,9985
050,06,001,"California","Alameda County",1,20,18087,8988,9099
050,06,001,"California","Alameda County",1,21,18133,9034,9099
050,06,001,"California","Alameda County",1,22,18367,9115,9252
050,06,001,"California","Alameda County",1,23,19352,9536,9816
050,06,001,"California","Alameda County",1,24,20876,10379,10497
050,06,001,"California","Alameda County",1,25,22506,11302,11204
050,06,001,"California","Alameda County",1,26,23980,12195,11785
050,06,001,"California","Alameda County",1,27,25093,12576,12517
050,06,001,"California","Alameda County",1,28,26941,13440,13501
050,06,001,"California","Alameda County",1,29,28979,14479,14500
050,06,001,"California","Alameda County",1,30,30004,14978,15026
050,06,001,"California","Alameda County",1,31,30143,15167,14976
050,06,001,"California","Alameda County",1,32,29163,14752,14411
050,06,001,"California","Alameda County",1,33,28768,14561,14207
050,06,001,"California","Alameda County",1,34,28916,14805,14111
050,06,001,"California","Alameda County",1,35,28880,14624,14256
050,06,001,"California","Alameda County",1,36,28205,14286,13919
050,06,001,"California","Alameda County",1,37,28144,14362,13782
050,06,001,"California","Alameda County",1,38,27868,14070,13798
050,06,001,"California","Alameda County",1,39,26819,13482,13337
050,06,001,"California","Alameda County",1,40,26623,13635,12988
050,06,001,"California","Alameda County",1,41,24655,12656,11999
050,06,001,"California","Alameda County",1,42,24009,12087,11922
050,06,001,"California","Alameda County",1,43,23372,11713,11659
050,06,001,"California","Alameda County",1,44,23079,11619,11460
050,06,001,"California","Alameda County",1,45,23502,11912,11590
050,06,001,"California","Alameda County",1,46,22443,11269,11174
050,06,001,"California","Alameda County",1,47,22604,11413,11191
050,06,001,"California","Alameda County",1,48,22680,11485,11195
050,06,001,"California","Alameda County",1,49,23342,11850,11492
050,06,001,"California","Alameda County",1,50,23850,12210,11640
050,06,001,"California","Alameda County",1,51,22198,11312,10886
050,06,001,"California","Alameda County",1,52,20976,10723,10253
050,06,001,"California","Alameda County",1,53,20809,10498,10311
050,06,001,"California","Alameda County",1,54,20974,10462,10512
050,06,001,"California","Alameda County",1,55,22066,11224,10842
050,06,001,"California","Alameda County",1,56,21823,10926,10897
050,06,001,"California","Alameda County",1,57,21794,10823,10971
050,06,001,"California","Alameda County",1,58,21401,10572,10829
050,06,001,"California","Alameda County",1,59,20903,10240,10663
050,06,001,"California","Alameda County",1,60,20960,10503,10457
050,06,001,"California","Alameda County",1,61,20088,9951,10137
050,06,001,"California","Alameda County",1,62,19746,9796,9950
050,06,001,"California","Alameda County",1,63,18707,9114,9593
050,06,001,"California","Alameda County",1,64,18049,8702,9347
050,06,001,"California","Alameda County",1,65,17963,8685,9278
050,06,001,"California","Alameda County",1,66,16527,7944,8583
050,06,001,"California","Alameda County",1,67,16073,7616,8457
050,06,001,"California","Alameda County",1,68,15185,7104,8081
050,06,001,"California","Alameda County",1,69,14388,6557,7831
050,06,001,"California","Alameda County",1,70,14256,6572,7684
050,06,001,"California","Alameda County",1,71,13322,6193,7129
050,06,001,"California","Alameda County",1,72,13041,6020,7021
050,06,001,"California","Alameda County",1,73,12666,5742,6924
050,06,001,"California","Alameda County",1,74,9604,4349,5255
050,06,001,"California","Alameda County",1,75,9392,4239,5153
050,06,001,"California","Alameda County",1,76,8686,3914,4772
050,06,001,"California","Alameda County",1,77,8208,3638,4570
050,06,001,"California","Alameda County",1,78,7112,3104,4008
050,06,001,"California","Alameda County",1,79,6513,2830,3683
050,06,001,"California","Alameda County",1,80,6158,2672,3486
050,06,001,"California","Alameda County",1,81,5709,2446,3263
050,06,001,"California","Alameda County",1,82,5282,2219,3063
050,06,001,"California","Alameda County",1,83,4732,1988,2744
050,06,001,"California","Alameda County",1,84,4420,1833,2587
050,06,001,"California","Alameda County",1,85,28977,10267,18710
050,06,001,"California","Alameda County",2,0,17948,9170,8778
050,06,001,"California","Alameda County",2,1,18034,9155,8879
050,06,001,"California","Alameda County",2,2,18279,9309,8970
050,06,001,"California","Alameda County",2,3,19004,9681,9323
050,06,001,"California","Alameda County",2,4,19161,9872,9289
050,06,001,"California","Alameda County",2,5,19115,9835,9280
050,06,001,"California","Alameda County",2,6,19077,9767,9310
050,06,001,"California","Alameda County",2,7,19042,9830,9212
050,06,001,"California","Alameda County",2,8,18689,9608,9081
050,06,001,"California","Alameda County",2,9,18772,9573,9199
050,06,001,"California","Alameda County",2,10,19129,9762,9367
050,06,001,"California","Alameda County",2,11,19403,9951,9452
050,06,001,"California","Alameda County",2,12,20065,10368,9697
050,06,001,"California","Alameda County",2,13,19763,10207,9556
050,06,001,"California","Alameda County",2,14,19247,9893,9354
050,06,001,"California","Alameda County",2,15,18969,9693,9276
050,06,001,"California","Alameda County",2,16,18998,9653,9345
050,06,001,"California","Alameda County",2,17,18920,9587,9333
050,06,001,"California","Alameda County",2,18,21092,10488,10604
050,06,001,"California","Alameda County",2,19,19822,9840,9982
050,06,001,"California","Alameda County",2,20,18303,9090,9213
050,06,001,"California","Alameda County",2,21,18118,9031,9087
050,06,001,"California","Alameda County",2,22,18258,9059,9199
050,06,001,"California","Alameda County",2,23,19205,9483,9722
050,06,001,"California","Alameda County",2,24,20594,10225,10369
050,06,001,"California","Alameda County",2,25,22202,11134,11068
050,06,001,"California","Alameda County",2,26,23712,12033,11679
050,06,001,"California","Alameda County",2,27,24857,12485,12372
050,06,001,"California","Alameda County",2,28,26613,13299,13314
050,06,001,"California","Alameda County",2,29,28523,14221,14302
050,06,001,"California","Alameda County",2,30,30050,15010,15040
050,06,001,"California","Alameda County",2,31,30034,15071,14963
050,06,001,"California","Alameda County",2,32,29357,14825,14532
050,06,001,"California","Alameda County",2,33,28842,14624,14218
050,06,001,"California","Alameda County",2,34,28804,14717,14087
050,06,001,"California","Alameda County",2,35,29013,14732,14281
050,06,001,"California","Alameda County",2,36,28138,14255,13883
050,06,001,"California","Alameda County",2,37,28127,14337,13790
050,06,001,"California","Alameda County",2,38,28015,14195,13820
050,06,001,"California","Alameda County",2,39,26847,13500,13347
050,06,001,"California","Alameda County",2,40,26836,13712,13124
050,06,001,"California","Alameda County",2,41,24910,12763,12147
050,06,001,"California","Alameda County",2,42,23999,12138,11861
050,06,001,"California","Alameda County",2,43,23533,11796,11737
050,06,001,"California","Alameda County",2,44,22925,11544,11381
050,06,001,"California","Alameda County",2,45,23518,11928,11590
050,06,001,"California","Alameda County",2,46,22504,11309,11195
050,06,001,"California","Alameda County",2,47,22493,11349,11144
050,06,001,"California","Alameda County",2,48,22622,11456,11166
050,06,001,"California","Alameda County",2,49,23087,11721,11366
050,06,001,"California","Alameda County",2,50,23893,12251,11642
050,06,001,"California","Alameda County",2,51,22297,11343,10954
050,06,001,"California","Alameda County",2,52,21225,10841,10384
050,06,001,"California","Alameda County",2,53,20700,10464,10236
050,06,001,"California","Alameda County",2,54,20809,10417,10392
050,06,001,"California","Alameda County",2,55,21821,11079,10742
050,06,001,"California","Alameda County",2,56,21761,10908,10853
050,06,001,"California","Alameda County",2,57,21767,10840,10927
050,06,001,"California","Alameda County",2,58,21382,10577,10805
050,06,001,"California","Alameda County",2,59,20825,10218,10607
050,06,001,"California","Alameda County",2,60,21044,10508,10536
050,06,001,"California","Alameda County",2,61,20044,9942,10102
050,06,001,"California","Alameda County",2,62,19701,9780,9921
050,06,001,"California","Alameda County",2,63,18899,9235,9664
050,06,001,"California","Alameda County",2,64,18006,8694,9312
050,06,001,"California","Alameda County",2,65,17890,8644,9246
050,06,001,"California","Alameda County",2,66,16737,8039,8698
050,06,001,"California","Alameda County",2,67,16002,7605,8397
050,06,001,"California","Alameda County",2,68,15271,7161,8110
050,06,001,"California","Alameda County",2,69,14489,6636,7853
050,06,001,"California","Alameda County",2,70,14250,6541,7709
050,06,001,"California","Alameda County",2,71,13395,6200,7195
050,06,001,"California","Alameda County",2,72,12925,5961,6964
050,06,001,"California","Alameda County",2,73,13058,5947,7111
050,06,001,"California","Alameda County",2,74,9840,4446,5394
050,06,001,"California","Alameda County",2,75,9416,4248,5168
050,06,001,"California","Alameda County",2,76,8754,3934,4820
050,06,001,"California","Alameda County",2,77,8340,3713,4627
050,06,001,"California","Alameda County",2,78,7246,3169,4077
050,06,001,"California","Alameda County",2,79,6585,2844,3741
050,06,001,"California","Alameda County",2,80,6202,2688,3514
050,06,001,"California","Alameda County",2,81,5718,2471,3247
050,06,001,"California","Alameda County",2,82,5349,2249,3100
050,06,001,"California","Alameda County",2,83,4769,1991,2778
050,06,001,"California","Alameda County",2,84,4411,1824,2587
050,06,001,"California","Alameda County",2,85,29077,10338,18739
050,06,001,"California","Alameda County",3,0,16769,8496,8273
050,06,001,"California","Alameda County",3,1,17188,8775,8413
050,06,001,"California","Alameda County",3,2,17395,8864,8531
050,06,001,"California","Alameda County",3,3,17697,9031,8666
050,06,001,"California","Alameda County",3,4,18426,9383,9043
050,06,001,"California","Alameda County",3,5,18565,9527,9038
050,06,001,"California","Alameda County",3,6,18536,9498,9038
050,06,001,"California","Alameda County",3,7,18498,9500,8998
050,06,001,"California","Alameda County",3,8,18530,9582,8948
050,06,001,"California","Alameda County",3,9,18179,9333,8846
050,06,001,"California","Alameda County",3,10,18311,9365,8946
050,06,001,"California","Alameda County",3,11,18558,9458,9100
050,06,001,"California","Alameda County",3,12,18819,9615,9204
050,06,001,"California","Alameda County",3,13,19646,10114,9532
050,06,001,"California","Alameda County",3,14,19276,9934,9342
050,06,001,"California","Alameda County",3,15,18891,9726,9165
050,06,001,"California","Alameda County",3,16,18687,9592,9095
050,06,001,"California","Alameda County",3,17,18717,9479,9238
050,06,001,"California","Alameda County",3,18,19121,9640,9481
050,06,001,"California","Alameda County",3,19,17133,8644,8489
050,06,001,"California","Alameda County",3,20,16970,8545,8425
050,06,001,"California","Alameda County",3,21,17087,8628,8459
050,06,001,"California","Alameda County",3,22,16921,8479,8442
050,06,001,"California","Alameda County",3,23,17863,8873,8990
050,06,001,"California","Alameda County",3,24,19140,9490,9650
050,06,001,"California","Alameda County",3,25,20357,10115,10242
050,06,001,"California","Alameda County",3,26,21893,11035,10858
050,06,001,"California","Alameda County",3,27,23193,11748,11445
050,06,001,"California","Alameda County",3,28,24279,12177,12102
050,06,001,"California","Alameda County",3,29,26106,13048,13058
050,06,001,"California","Alameda County",3,30,28051,14031,14020
050,06,001,"California","Alameda County",3,31,29360,14570,14790
050,06,001,"California","Alameda County",3,32,29145,14728,14417
050,06,001,"California","Alameda County",3,33,28692,14520,14172
050,06,001,"California","Alameda County",3,34,28179,14299,13880
050,06,001,"California","Alameda County",3,35,28242,14476,13766
050,06,001,"California","Alameda County",3,36,27984,14240,13744
050,06,001,"California","Alameda County",3,37,27266,13890,13376
050,06,001,"California","Alameda County",3,38,27407,14046,13361
050,06,001,"California","Alameda County",3,39,27068,13618,13450
050,06,001,"California","Alameda County",3,40,26435,13456,12979
050,06,001,"California","Alameda County",3,41,25692,13079,12613
050,06,001,"California","Alameda County",3,42,24350,12454,11896
050,06,001,"California","Alameda County",3,43,23448,11857,11591
050,06,001,"California","Alameda County",3,44,22886,11473,11413
050,06,001,"California","Alameda County",3,45,22742,11566,11176
050,06,001,"California","Alameda County",3,46,22666,11471,11195
050,06,001,"California","Alameda County",3,47,22083,11091,10992
050,06,001,"California","Alameda County",3,48,22108,11129,10979
050,06,001,"California","Alameda County",3,49,22019,11116,10903
050,06,001,"California","Alameda County",3,50,23305,12017,11288
050,06,001,"California","Alameda County",3,51,22904,11619,11285
050,06,001,"California","Alameda County",3,52,21811,11023,10788
050,06,001,"California","Alameda County",3,53,20944,10655,10289
050,06,001,"California","Alameda County",3,54,20141,10169,9972
050,06,001,"California","Alameda County",3,55,20690,10489,10201
050,06,001,"California","Alameda County",3,56,20926,10531,10395
050,06,001,"California","Alameda County",3,57,21301,10705,10596
050,06,001,"California","Alameda County",3,58,21186,10532,10654
050,06,001,"California","Alameda County",3,59,20795,10239,10556
050,06,001,"California","Alameda County",3,60,20432,10067,10365
050,06,001,"California","Alameda County",3,61,20176,9969,10207
050,06,001,"California","Alameda County",3,62,19338,9613,9725
050,06,001,"California","Alameda County",3,63,18994,9389,9605
050,06,001,"California","Alameda County",3,64,18169,8841,9328
050,06,001,"California","Alameda County",3,65,17647,8493,9154
050,06,001,"California","Alameda County",3,66,17137,8227,8910
050,06,001,"California","Alameda County",3,67,16191,7729,8462
050,06,001,"California","Alameda County",3,68,15604,7393,8211
050,06,001,"California","Alameda County",3,69,14887,6939,7948
050,06,001,"California","Alameda County",3,70,14123,6421,7702
050,06,001,"California","Alameda County",3,71,13747,6286,7461
050,06,001,"California","Alameda County",3,72,13025,5948,7077
050,06,001,"California","Alameda County",3,73,12629,5773,6856
050,06,001,"California","Alameda County",3,74,12685,5758,6927
050,06,001,"California","Alameda County",3,75,9548,4292,5256
050,06,001,"California","Alameda County",3,76,9059,4042,5017
050,06,001,"California","Alameda County",3,77,8491,3770,4721
050,06,001,"California","Alameda County",3,78,8048,3562,4486
050,06,001,"California","Alameda County",3,79,7037,3027,4010
050,06,001,"California","Alameda County",3,80,6315,2701,3614
050,06,001,"California","Alameda County",3,81,5841,2527,3314
050,06,001,"California","Alameda County",3,82,5475,2337,3138
050,06,001,"California","Alameda County",3,83,5038,2106,2932
050,06,001,"California","Alameda County",3,84,4516,1858,2658
050,06,001,"California","Alameda County",3,85,29318,10544,18774
050,06,001,"California","Alameda County",4,0,16973,8712,8261
050,06,001,"California","Alameda County",4,1,16149,8218,7931
050,06,001,"California","Alameda County",4,2,16755,8608,8147
050,06,001,"California","Alameda County",4,3,16977,8642,8335
050,06,001,"California","Alameda County",4,4,17310,8822,8488
050,06,001,"California","Alameda County",4,5,17839,9084,8755
050,06,001,"California","Alameda County",4,6,18058,9286,8772
050,06,001,"California","Alameda County",4,7,17956,9169,8787
050,06,001,"California","Alameda County",4,8,18035,9231,8804
050,06,001,"California","Alameda County",4,9,18056,9348,8708
050,06,001,"California","Alameda County",4,10,17642,9088,8554
050,06,001,"California","Alameda County",4,11,17806,9101,8705
050,06,001,"California","Alameda County",4,12,18119,9279,8840
050,06,001,"California","Alameda County",4,13,18485,9430,9055
050,06,001,"California","Alameda County",4,14,19221,9900,9321
050,06,001,"California","Alameda County",4,15,19022,9797,9225
050,06,001,"California","Alameda County",4,16,18640,9632,9008
050,06,001,"California","Alameda County",4,17,18638,9548,9090
050,06,001,"California","Alameda County",4,18,20472,10169,10303
050,06,001,"California","Alameda County",4,19,18758,9300,9458
050,06,001,"California","Alameda County",4,20,17363,8698,8665
050,06,001,"California","Alameda County",4,21,17938,9037,8901
050,06,001,"California","Alameda County",4,22,17455,8822,8633
050,06,001,"California","Alameda County",4,23,17549,8824,8725
050,06,001,"California","Alameda County",4,24,18471,9191,9280
050,06,001,"California","Alameda County",4,25,19837,9795,10042
050,06,001,"California","Alameda County",4,26,20886,10394,10492
050,06,001,"California","Alameda County",4,27,22169,11112,11057
050,06,001,"California","Alameda County",4,28,23360,11693,11667
050,06,001,"California","Alameda County",4,29,24279,12107,12172
050,06,001,"California","Alameda County",4,30,26266,13152,13114
050,06,001,"California","Alameda County",4,31,27703,13778,13925
050,06,001,"California","Alameda County",4,32,29013,14408,14605
050,06,001,"California","Alameda County",4,33,28862,14669,14193
050,06,001,"California","Alameda County",4,34,28227,14320,13907
050,06,001,"California","Alameda County",4,35,27869,14168,13701
050,06,001,"California","Alameda County",4,36,27234,13898,13336
050,06,001,"California","Alameda County",4,37,27132,13850,13282
050,06,001,"California","Alameda County",4,38,26594,13583,13011
050,06,001,"California","Alameda County",4,39,26548,13584,12964
050,06,001,"California","Alameda County",4,40,26602,13516,13086
050,06,001,"California","Alameda County",4,41,25087,12626,12461
050,06,001,"California","Alameda County",4,42,25033,12686,12347
050,06,001,"California","Alameda County",4,43,23639,12073,11566
050,06,001,"California","Alameda County",4,44,22706,11398,11308
050,06,001,"California","Alameda County",4,45,22704,11397,11307
050,06,001,"California","Alameda County",4,46,21799,10960,10839
050,06,001,"California","Alameda County",4,47,22156,11188,10968
050,06,001,"California","Alameda County",4,48,21669,10896,10773
050,06,001,"California","Alameda County",4,49,21526,10851,10675
050,06,001,"California","Alameda County",4,50,22298,11377,10921
050,06,001,"California","Alameda County",4,51,22203,11302,10901
050,06,001,"California","Alameda County",4,52,22210,11211,10999
050,06,001,"California","Alameda County",4,53,21384,10757,10627
050,06,001,"California","Alameda County",4,54,20230,10277,9953
050,06,001,"California","Alameda County",4,55,20010,10244,9766
050,06,001,"California","Alameda County",4,56,19871,9948,9923
050,06,001,"California","Alameda County",4,57,20513,10374,10139
050,06,001,"California","Alameda County",4,58,20737,10425,10312
050,06,001,"California","Alameda County",4,59,20523,10106,10417
050,06,001,"California","Alameda County",4,60,20558,10217,10341
050,06,001,"California","Alameda County",4,61,19607,9576,10031
050,06,001,"California","Alameda County",4,62,19563,9648,9915
050,06,001,"California","Alameda County",4,63,18667,9263,9404
050,06,001,"California","Alameda County",4,64,18226,8985,9241
050,06,001,"California","Alameda County",4,65,17756,8620,9136
050,06,001,"California","Alameda County",4,66,16889,8077,8812
050,06,001,"California","Alameda County",4,67,16567,7897,8670
050,06,001,"California","Alameda County",4,68,15701,7481,8220
050,06,001,"California","Alameda County",4,69,15146,7131,8015
050,06,001,"California","Alameda County",4,70,14551,6715,7836
050,06,001,"California","Alameda County",4,71,13626,6184,7442
050,06,001,"California","Alameda County",4,72,13350,6029,7321
050,06,001,"California","Alameda County",4,73,12709,5760,6949
050,06,001,"California","Alameda County",4,74,12221,5577,6644
050,06,001,"California","Alameda County",4,75,12317,5594,6723
050,06,001,"California","Alameda County",4,76,9198,4093,5105
050,06,001,"California","Alameda County",4,77,8749,3877,4872
050,06,001,"California","Alameda County",4,78,8199,3647,4552
050,06,001,"California","Alameda County",4,79,7804,3396,4408
050,06,001,"California","Alameda County",4,80,6782,2910,3872
050,06,001,"California","Alameda County",4,81,5983,2540,3443
050,06,001,"California","Alameda County",4,82,5624,2402,3222
050,06,001,"California","Alameda County",4,83,5175,2187,2988
050,06,001,"California","Alameda County",4,84,4733,1956,2777
050,06,001,"California","Alameda County",4,85,29992,10877,19115
050,06,001,"California","Alameda County",5,0,16562,8509,8053
050,06,001,"California","Alameda County",5,1,16838,8625,8213
050,06,001,"California","Alameda County",5,2,16070,8240,7830
050,06,001,"California","Alameda County",5,3,16533,8500,8033
050,06,001,"California","Alameda County",5,4,16728,8472,8256
050,06,001,"California","Alameda County",5,5,17031,8641,8390
050,06,001,"California","Alameda County",5,6,17459,8901,8558
050,06,001,"California","Alameda County",5,7,17762,9087,8675
050,06,001,"California","Alameda County",5,8,17624,9006,8618
050,06,001,"California","Alameda County",5,9,17740,9135,8605
050,06,001,"California","Alameda County",5,10,17779,9207,8572
050,06,001,"California","Alameda County",5,11,17320,8904,8416
050,06,001,"California","Alameda County",5,12,17517,9002,8515
050,06,001,"California","Alameda County",5,13,17902,9160,8742
050,06,001,"California","Alameda County",5,14,18335,9329,9006
050,06,001,"California","Alameda County",5,15,19112,9832,9280
050,06,001,"California","Alameda County",5,16,18857,9805,9052
050,06,001,"California","Alameda County",5,17,18764,9636,9128
050,06,001,"California","Alameda County",5,18,20564,10302,10262
050,06,001,"California","Alameda County",5,19,18999,9432,9567
050,06,001,"California","Alameda County",5,20,17768,8834,8934
050,06,001,"California","Alameda County",5,21,17692,8904,8788
050,06,001,"California","Alameda County",5,22,17673,8951,8722
050,06,001,"California","Alameda County",5,23,17844,9045,8799
050,06,001,"California","Alameda County",5,24,18176,9167,9009
050,06,001,"California","Alameda County",5,25,19253,9558,9695
050,06,001,"California","Alameda County",5,26,20304,10058,10246
050,06,001,"California","Alameda County",5,27,21295,10508,10787
050,06,001,"California","Alameda County",5,28,22553,11245,11308
050,06,001,"California","Alameda County",5,29,23705,11834,11871
050,06,001,"California","Alameda County",5,30,24830,12453,12377
050,06,001,"California","Alameda County",5,31,26585,13289,13296
050,06,001,"California","Alameda County",5,32,27867,13853,14014
050,06,001,"California","Alameda County",5,33,29074,14487,14587
050,06,001,"California","Alameda County",5,34,28635,14552,14083
050,06,001,"California","Alameda County",5,35,28243,14409,13834
050,06,001,"California","Alameda County",5,36,27169,13768,13401
050,06,001,"California","Alameda County",5,37,26677,13656,13021
050,06,001,"California","Alameda County",5,38,26747,13754,12993
050,06,001,"California","Alameda County",5,39,25964,13227,12737
050,06,001,"California","Alameda County",5,40,26240,13489,12751
050,06,001,"California","Alameda County",5,41,25503,12881,12622
050,06,001,"California","Alameda County",5,42,24669,12383,12286
050,06,001,"California","Alameda County",5,43,24621,12432,12189
050,06,001,"California","Alameda County",5,44,23139,11771,11368
050,06,001,"California","Alameda County",5,45,22750,11471,11279
050,06,001,"California","Alameda County",5,46,22036,10958,11078
050,06,001,"California","Alameda County",5,47,21583,10875,10708
050,06,001,"California","Alameda County",5,48,21899,11031,10868
050,06,001,"California","Alameda County",5,49,21189,10669,10520
050,06,001,"California","Alameda County",5,50,21946,11203,10743
050,06,001,"California","Alameda County",5,51,21415,10771,10644
050,06,001,"California","Alameda County",5,52,21767,11008,10759
050,06,001,"California","Alameda County",5,53,21845,10996,10849
050,06,001,"California","Alameda County",5,54,20871,10494,10377
050,06,001,"California","Alameda County",5,55,20242,10413,9829
050,06,001,"California","Alameda County",5,56,19425,9860,9565
050,06,001,"California","Alameda County",5,57,19553,9870,9683
050,06,001,"California","Alameda County",5,58,20128,10131,9997
050,06,001,"California","Alameda County",5,59,20245,10087,10158
050,06,001,"California","Alameda County",5,60,20370,10097,10273
050,06,001,"California","Alameda County",5,61,19824,9786,10038
050,06,001,"California","Alameda County",5,62,19141,9366,9775
050,06,001,"California","Alameda County",5,63,19013,9356,9657
050,06,001,"California","Alameda County",5,64,18097,8932,9165
050,06,001,"California","Alameda County",5,65,17928,8829,9099
050,06,001,"California","Alameda County",5,66,17144,8227,8917
050,06,001,"California","Alameda County",5,67,16470,7812,8658
050,06,001,"California","Alameda County",5,68,16192,7699,8493
050,06,001,"California","Alameda County",5,69,15409,7297,8112
050,06,001,"California","Alameda County",5,70,14883,6979,7904
050,06,001,"California","Alameda County",5,71,14140,6519,7621
050,06,001,"California","Alameda County",5,72,13292,5983,7309
050,06,001,"California","Alameda County",5,73,13105,5875,7230
050,06,001,"California","Alameda County",5,74,12403,5620,6783
050,06,001,"California","Alameda County",5,75,11924,5442,6482
050,06,001,"California","Alameda County",5,76,11893,5358,6535
050,06,001,"California","Alameda County",5,77,8939,3942,4997
050,06,001,"California","Alameda County",5,78,8487,3756,4731
050,06,001,"California","Alameda County",5,79,7965,3485,4480
050,06,001,"California","Alameda County",5,80,7548,3267,4281
050,06,001,"California","Alameda County",5,81,6445,2735,3710
050,06,001,"California","Alameda County",5,82,5766,2418,3348
050,06,001,"California","Alameda County",5,83,5337,2267,3070
050,06,001,"California","Alameda County",5,84,4898,2044,2854
050,06,001,"California","Alameda County",5,85,30959,11326,19633
050,06,003,"California","Alpine County",1,0,10,5,5
050,06,003,"California","Alpine County",1,1,10,5,5
050,06,003,"California","Alpine County",1,2,12,3,9
050,06,003,"California","Alpine County",1,3,8,2,6
050,06,003,"California","Alpine County",1,4,7,4,3
050,06,003,"California","Alpine County",1,5,10,6,4
050,06,003,"California","Alpine County",1,6,16,7,9
050,06,003,"California","Alpine County",1,7,8,4,4
050,06,003,"California","Alpine County",1,8,3,1,2
050,06,003,"California","Alpine County",1,9,13,4,9
050,06,003,"California","Alpine County",1,10,8,4,4
050,06,003,"California","Alpine County",1,11,15,10,5
050,06,003,"California","Alpine County",1,12,14,4,10
050,06,003,"California","Alpine County",1,13,17,12,5
050,06,003,"California","Alpine County",1,14,13,10,3
050,06,003,"California","Alpine County",1,15,13,3,10
050,06,003,"California","Alpine County",1,16,22,13,9
050,06,003,"California","Alpine County",1,17,18,11,7
050,06,003,"California","Alpine County",1,18,16,12,4
050,06,003,"California","Alpine County",1,19,8,4,4
050,06,003,"California","Alpine County",1,20,10,2,8
050,06,003,"California","Alpine County",1,21,15,6,9
050,06,003,"California","Alpine County",1,22,12,8,4
050,06,003,"California","Alpine County",1,23,12,7,5
050,06,003,"California","Alpine County",1,24,15,6,9
050,06,003,"California","Alpine County",1,25,12,6,6
050,06,003,"California","Alpine County",1,26,10,5,5
050,06,003,"California","Alpine County",1,27,19,12,7
050,06,003,"California","Alpine County",1,28,9,5,4
050,06,003,"California","Alpine County",1,29,11,10,1
050,06,003,"California","Alpine County",1,30,6,6,0
050,06,003,"California","Alpine County",1,31,12,7,5
050,06,003,"California","Alpine County",1,32,16,7,9
050,06,003,"California","Alpine County",1,33,13,6,7
050,06,003,"California","Alpine County",1,34,8,4,4
050,06,003,"California","Alpine County",1,35,10,8,2
050,06,003,"California","Alpine County",1,36,13,8,5
050,06,003,"California","Alpine County",1,37,5,1,4
050,06,003,"California","Alpine County",1,38,9,4,5
050,06,003,"California","Alpine County",1,39,9,6,3
050,06,003,"California","Alpine County",1,40,8,4,4
050,06,003,"California","Alpine County",1,41,8,5,3
050,06,003,"California","Alpine County",1,42,7,4,3
050,06,003,"California","Alpine County",1,43,16,8,8
050,06,003,"California","Alpine County",1,44,10,7,3
050,06,003,"California","Alpine County",1,45,16,8,8
050,06,003,"California","Alpine County",1,46,12,6,6
050,06,003,"California","Alpine County",1,47,14,7,7
050,06,003,"California","Alpine County",1,48,14,6,8
050,06,003,"California","Alpine County",1,49,20,10,10
050,06,003,"California","Alpine County",1,50,15,10,5
050,06,003,"California","Alpine County",1,51,17,11,6
050,06,003,"California","Alpine County",1,52,16,6,10
050,06,003,"California","Alpine County",1,53,14,7,7
050,06,003,"California","Alpine County",1,54,14,5,9
050,06,003,"California","Alpine County",1,55,14,5,9
050,06,003,"California","Alpine County",1,56,21,15,6
050,06,003,"California","Alpine County",1,57,22,15,7
050,06,003,"California","Alpine County",1,58,25,18,7
050,06,003,"California","Alpine County",1,59,15,11,4
050,06,003,"California","Alpine County",1,60,21,13,8
050,06,003,"California","Alpine County",1,61,29,17,12
050,06,003,"California","Alpine County",1,62,31,12,19
050,06,003,"California","Alpine County",1,63,23,12,11
050,06,003,"California","Alpine County",1,64,21,8,13
050,06,003,"California","Alpine County",1,65,27,18,9
050,06,003,"California","Alpine County",1,66,24,18,6
050,06,003,"California","Alpine County",1,67,25,13,12
050,06,003,"California","Alpine County",1,68,26,16,10
050,06,003,"California","Alpine County",1,69,23,11,12
050,06,003,"California","Alpine County",1,70,23,12,11
050,06,003,"California","Alpine County",1,71,22,12,10
050,06,003,"California","Alpine County",1,72,19,8,11
050,06,003,"California","Alpine County",1,73,21,10,11
050,06,003,"California","Alpine County",1,74,11,7,4
050,06,003,"California","Alpine County",1,75,15,9,6
050,06,003,"California","Alpine County",1,76,9,3,6
050,06,003,"California","Alpine County",1,77,7,4,3
050,06,003,"California","Alpine County",1,78,9,3,6
050,06,003,"California","Alpine County",1,79,5,2,3
050,06,003,"California","Alpine County",1,80,2,1,1
050,06,003,"California","Alpine County",1,81,4,3,1
050,06,003,"California","Alpine County",1,82,5,3,2
050,06,003,"California","Alpine County",1,83,5,2,3
050,06,003,"California","Alpine County",1,84,8,4,4
050,06,003,"California","Alpine County",1,85,22,9,13
050,06,003,"California","Alpine County",2,0,13,8,5
050,06,003,"California","Alpine County",2,1,9,4,5
050,06,003,"California","Alpine County",2,2,12,3,9
050,06,003,"California","Alpine County",2,3,8,2,6
050,06,003,"California","Alpine County",2,4,7,4,3
050,06,003,"California","Alpine County",2,5,10,6,4
050,06,003,"California","Alpine County",2,6,15,6,9
050,06,003,"California","Alpine County",2,7,9,4,5
050,06,003,"California","Alpine County",2,8,3,1,2
050,06,003,"California","Alpine County",2,9,12,4,8
050,06,003,"California","Alpine County",2,10,10,4,6
050,06,003,"California","Alpine County",2,11,13,9,4
050,06,003,"California","Alpine County",2,12,14,5,9
050,06,003,"California","Alpine County",2,13,17,10,7
050,06,003,"California","Alpine County",2,14,13,10,3
050,06,003,"California","Alpine County",2,15,13,5,8
050,06,003,"California","Alpine County",2,16,21,11,10
050,06,003,"California","Alpine County",2,17,19,12,7
050,06,003,"California","Alpine County",2,18,16,12,4
050,06,003,"California","Alpine County",2,19,8,5,3
050,06,003,"California","Alpine County",2,20,9,2,7
050,06,003,"California","Alpine County",2,21,13,5,8
050,06,003,"California","Alpine County",2,22,14,8,6
050,06,003,"California","Alpine County",2,23,11,7,4
050,06,003,"California","Alpine County",2,24,15,7,8
050,06,003,"California","Alpine County",2,25,13,6,7
050,06,003,"California","Alpine County",2,26,11,6,5
050,06,003,"California","Alpine County",2,27,16,11,5
050,06,003,"California","Alpine County",2,28,12,7,5
050,06,003,"California","Alpine County",2,29,12,10,2
050,06,003,"California","Alpine County",2,30,8,8,0
050,06,003,"California","Alpine County",2,31,11,7,4
050,06,003,"California","Alpine County",2,32,15,7,8
050,06,003,"California","Alpine County",2,33,12,5,7
050,06,003,"California","Alpine County",2,34,9,4,5
050,06,003,"California","Alpine County",2,35,10,8,2
050,06,003,"California","Alpine County",2,36,13,8,5
050,06,003,"California","Alpine County",2,37,6,2,4
050,06,003,"California","Alpine County",2,38,10,4,6
050,06,003,"California","Alpine County",2,39,10,6,4
050,06,003,"California","Alpine County",2,40,8,4,4
050,06,003,"California","Alpine County",2,41,8,5,3
050,06,003,"California","Alpine County",2,42,7,4,3
050,06,003,"California","Alpine County",2,43,15,8,7
050,06,003,"California","Alpine County",2,44,11,7,4
050,06,003,"California","Alpine County",2,45,16,8,8
050,06,003,"California","Alpine County",2,46,14,7,7
050,06,003,"California","Alpine County",2,47,13,7,6
050,06,003,"California","Alpine County",2,48,14,6,8
050,06,003,"California","Alpine County",2,49,19,9,10
050,06,003,"California","Alpine County",2,50,17,11,6
050,06,003,"California","Alpine County",2,51,15,10,5
050,06,003,"California","Alpine County",2,52,16,7,9
050,06,003,"California","Alpine County",2,53,14,7,7
050,06,003,"California","Alpine County",2,54,15,6,9
050,06,003,"California","Alpine County",2,55,14,5,9
050,06,003,"California","Alpine County",2,56,19,12,7
050,06,003,"California","Alpine County",2,57,21,15,6
050,06,003,"California","Alpine County",2,58,23,16,7
050,06,003,"California","Alpine County",2,59,19,13,6
050,06,003,"California","Alpine County",2,60,19,13,6
050,06,003,"California","Alpine County",2,61,28,16,12
050,06,003,"California","Alpine County",2,62,29,12,17
050,06,003,"California","Alpine County",2,63,24,12,12
050,06,003,"California","Alpine County",2,64,21,8,13
050,06,003,"California","Alpine County",2,65,26,16,10
050,06,003,"California","Alpine County",2,66,23,17,6
050,06,003,"California","Alpine County",2,67,24,14,10
050,06,003,"California","Alpine County",2,68,27,16,11
050,06,003,"California","Alpine County",2,69,24,12,12
050,06,003,"California","Alpine County",2,70,23,12,11
050,06,003,"California","Alpine County",2,71,22,12,10
050,06,003,"California","Alpine County",2,72,19,8,11
050,06,003,"California","Alpine County",2,73,21,10,11
050,06,003,"California","Alpine County",2,74,12,7,5
050,06,003,"California","Alpine County",2,75,15,9,6
050,06,003,"California","Alpine County",2,76,10,4,6
050,06,003,"California","Alpine County",2,77,8,4,4
050,06,003,"California","Alpine County",2,78,8,3,5
050,06,003,"California","Alpine County",2,79,6,2,4
050,06,003,"California","Alpine County",2,80,2,1,1
050,06,003,"California","Alpine County",2,81,4,3,1
050,06,003,"California","Alpine County",2,82,5,3,2
050,06,003,"California","Alpine County",2,83,5,2,3
050,06,003,"California","Alpine County",2,84,8,4,4
050,06,003,"California","Alpine County",2,85,22,9,13
050,06,003,"California","Alpine County",3,0,10,7,3
050,06,003,"California","Alpine County",3,1,13,8,5
050,06,003,"California","Alpine County",3,2,8,3,5
050,06,003,"California","Alpine County",3,3,12,3,9
050,06,003,"California","Alpine County",3,4,8,2,6
050,06,003,"California","Alpine County",3,5,7,4,3
050,06,003,"California","Alpine County",3,6,8,4,4
050,06,003,"California","Alpine County",3,7,15,6,9
050,06,003,"California","Alpine County",3,8,9,4,5
050,06,003,"California","Alpine County",3,9,3,1,2
050,06,003,"California","Alpine County",3,10,13,5,8
050,06,003,"California","Alpine County",3,11,10,4,6
050,06,003,"California","Alpine County",3,12,13,9,4
050,06,003,"California","Alpine County",3,13,15,6,9
050,06,003,"California","Alpine County",3,14,15,9,6
050,06,003,"California","Alpine County",3,15,12,9,3
050,06,003,"California","Alpine County",3,16,16,5,11
050,06,003,"California","Alpine County",3,17,25,15,10
050,06,003,"California","Alpine County",3,18,20,13,7
050,06,003,"California","Alpine County",3,19,12,8,4
050,06,003,"California","Alpine County",3,20,10,8,2
050,06,003,"California","Alpine County",3,21,7,2,5
050,06,003,"California","Alpine County",3,22,10,4,6
050,06,003,"California","Alpine County",3,23,12,8,4
050,06,003,"California","Alpine County",3,24,8,4,4
050,06,003,"California","Alpine County",3,25,14,7,7
050,06,003,"California","Alpine County",3,26,13,4,9
050,06,003,"California","Alpine County",3,27,15,8,7
050,06,003,"California","Alpine County",3,28,16,11,5
050,06,003,"California","Alpine County",3,29,18,9,9
050,06,003,"California","Alpine County",3,30,17,14,3
050,06,003,"California","Alpine County",3,31,5,5,0
050,06,003,"California","Alpine County",3,32,10,7,3
050,06,003,"California","Alpine County",3,33,19,10,9
050,06,003,"California","Alpine County",3,34,11,5,6
050,06,003,"California","Alpine County",3,35,18,8,10
050,06,003,"California","Alpine County",3,36,13,9,4
050,06,003,"California","Alpine County",3,37,12,6,6
050,06,003,"California","Alpine County",3,38,9,4,5
050,06,003,"California","Alpine County",3,39,11,4,7
050,06,003,"California","Alpine County",3,40,11,7,4
050,06,003,"California","Alpine County",3,41,9,4,5
050,06,003,"California","Alpine County",3,42,9,6,3
050,06,003,"California","Alpine County",3,43,6,4,2
050,06,003,"California","Alpine County",3,44,18,9,9
050,06,003,"California","Alpine County",3,45,12,7,5
050,06,003,"California","Alpine County",3,46,18,7,11
050,06,003,"California","Alpine County",3,47,15,8,7
050,06,003,"California","Alpine County",3,48,14,8,6
050,06,003,"California","Alpine County",3,49,17,8,9
050,06,003,"California","Alpine County",3,50,20,9,11
050,06,003,"California","Alpine County",3,51,16,10,6
050,06,003,"California","Alpine County",3,52,22,14,8
050,06,003,"California","Alpine County",3,53,16,8,8
050,06,003,"California","Alpine County",3,54,11,5,6
050,06,003,"California","Alpine County",3,55,11,7,4
050,06,003,"California","Alpine County",3,56,13,4,9
050,06,003,"California","Alpine County",3,57,18,10,8
050,06,003,"California","Alpine County",3,58,23,16,7
050,06,003,"California","Alpine County",3,59,24,17,7
050,06,003,"California","Alpine County",3,60,21,15,6
050,06,003,"California","Alpine County",3,61,18,11,7
050,06,003,"California","Alpine County",3,62,28,16,12
050,06,003,"California","Alpine County",3,63,28,12,16
050,06,003,"California","Alpine County",3,64,23,11,12
050,06,003,"California","Alpine County",3,65,20,8,12
050,06,003,"California","Alpine County",3,66,24,15,9
050,06,003,"California","Alpine County",3,67,21,16,5
050,06,003,"California","Alpine County",3,68,23,13,10
050,06,003,"California","Alpine County",3,69,29,18,11
050,06,003,"California","Alpine County",3,70,23,11,12
050,06,003,"California","Alpine County",3,71,20,11,9
050,06,003,"California","Alpine County",3,72,23,12,11
050,06,003,"California","Alpine County",3,73,16,7,9
050,06,003,"California","Alpine County",3,74,21,11,10
050,06,003,"California","Alpine County",3,75,12,7,5
050,06,003,"California","Alpine County",3,76,13,9,4
050,06,003,"California","Alpine County",3,77,9,4,5
050,06,003,"California","Alpine County",3,78,8,4,4
050,06,003,"California","Alpine County",3,79,9,3,6
050,06,003,"California","Alpine County",3,80,3,1,2
050,06,003,"California","Alpine County",3,81,2,1,1
050,06,003,"California","Alpine County",3,82,2,2,0
050,06,003,"California","Alpine County",3,83,5,3,2
050,06,003,"California","Alpine County",3,84,5,2,3
050,06,003,"California","Alpine County",3,85,28,12,16
050,06,003,"California","Alpine County",4,0,10,8,2
050,06,003,"California","Alpine County",4,1,10,7,3
050,06,003,"California","Alpine County",4,2,8,5,3
050,06,003,"California","Alpine County",4,3,7,2,5
050,06,003,"California","Alpine County",4,4,11,2,9
050,06,003,"California","Alpine County",4,5,7,2,5
050,06,003,"California","Alpine County",4,6,9,6,3
050,06,003,"California","Alpine County",4,7,13,5,8
050,06,003,"California","Alpine County",4,8,15,6,9
050,06,003,"California","Alpine County",4,9,9,4,5
050,06,003,"California","Alpine County",4,10,3,1,2
050,06,003,"California","Alpine County",4,11,13,5,8
050,06,003,"California","Alpine County",4,12,11,4,7
050,06,003,"California","Alpine County",4,13,12,7,5
050,06,003,"California","Alpine County",4,14,12,6,6
050,06,003,"California","Alpine County",4,15,13,7,6
050,06,003,"California","Alpine County",4,16,10,7,3
050,06,003,"California","Alpine County",4,17,17,6,11
050,06,003,"California","Alpine County",4,18,21,13,8
050,06,003,"California","Alpine County",4,19,18,11,7
050,06,003,"California","Alpine County",4,20,13,9,4
050,06,003,"California","Alpine County",4,21,10,7,3
050,06,003,"California","Alpine County",4,22,9,2,7
050,06,003,"California","Alpine County",4,23,17,11,6
050,06,003,"California","Alpine County",4,24,13,10,3
050,06,003,"California","Alpine County",4,25,9,7,2
050,06,003,"California","Alpine County",4,26,6,3,3
050,06,003,"California","Alpine County",4,27,11,4,7
050,06,003,"California","Alpine County",4,28,16,10,6
050,06,003,"California","Alpine County",4,29,16,13,3
050,06,003,"California","Alpine County",4,30,21,12,9
050,06,003,"California","Alpine County",4,31,17,11,6
050,06,003,"California","Alpine County",4,32,6,5,1
050,06,003,"California","Alpine County",4,33,8,5,3
050,06,003,"California","Alpine County",4,34,19,10,9
050,06,003,"California","Alpine County",4,35,13,5,8
050,06,003,"California","Alpine County",4,36,14,7,7
050,06,003,"California","Alpine County",4,37,12,8,4
050,06,003,"California","Alpine County",4,38,13,7,6
050,06,003,"California","Alpine County",4,39,11,5,6
050,06,003,"California","Alpine County",4,40,12,5,7
050,06,003,"California","Alpine County",4,41,9,8,1
050,06,003,"California","Alpine County",4,42,9,4,5
050,06,003,"California","Alpine County",4,43,11,5,6
050,06,003,"California","Alpine County",4,44,7,5,2
050,06,003,"California","Alpine County",4,45,19,10,9
050,06,003,"California","Alpine County",4,46,11,6,5
050,06,003,"California","Alpine County",4,47,18,7,11
050,06,003,"California","Alpine County",4,48,10,2,8
050,06,003,"California","Alpine County",4,49,12,7,5
050,06,003,"California","Alpine County",4,50,15,7,8
050,06,003,"California","Alpine County",4,51,20,8,12
050,06,003,"California","Alpine County",4,52,11,7,4
050,06,003,"California","Alpine County",4,53,22,14,8
050,06,003,"California","Alpine County",4,54,13,8,5
050,06,003,"California","Alpine County",4,55,17,8,9
050,06,003,"California","Alpine County",4,56,10,7,3
050,06,003,"California","Alpine County",4,57,15,6,9
050,06,003,"California","Alpine County",4,58,15,9,6
050,06,003,"California","Alpine County",4,59,23,16,7
050,06,003,"California","Alpine County",4,60,22,16,6
050,06,003,"California","Alpine County",4,61,21,15,6
050,06,003,"California","Alpine County",4,62,18,11,7
050,06,003,"California","Alpine County",4,63,28,16,12
050,06,003,"California","Alpine County",4,64,26,10,16
050,06,003,"California","Alpine County",4,65,21,11,10
050,06,003,"California","Alpine County",4,66,19,7,12
050,06,003,"California","Alpine County",4,67,25,17,8
050,06,003,"California","Alpine County",4,68,20,14,6
050,06,003,"California","Alpine County",4,69,22,13,9
050,06,003,"California","Alpine County",4,70,24,14,10
050,06,003,"California","Alpine County",4,71,20,9,11
050,06,003,"California","Alpine County",4,72,18,11,7
050,06,003,"California","Alpine County",4,73,20,10,10
050,06,003,"California","Alpine County",4,74,16,7,9
050,06,003,"California","Alpine County",4,75,22,12,10
050,06,003,"California","Alpine County",4,76,11,6,5
050,06,003,"California","Alpine County",4,77,12,8,4
050,06,003,"California","Alpine County",4,78,10,5,5
050,06,003,"California","Alpine County",4,79,7,4,3
050,06,003,"California","Alpine County",4,80,10,3,7
050,06,003,"California","Alpine County",4,81,2,0,2
050,06,003,"California","Alpine County",4,82,2,1,1
050,06,003,"California","Alpine County",4,83,2,2,0
050,06,003,"California","Alpine County",4,84,5,3,2
050,06,003,"California","Alpine County",4,85,25,14,11
050,06,003,"California","Alpine County",5,0,7,6,1
050,06,003,"California","Alpine County",5,1,10,8,2
050,06,003,"California","Alpine County",5,2,9,7,2
050,06,003,"California","Alpine County",5,3,8,5,3
050,06,003,"California","Alpine County",5,4,8,2,6
050,06,003,"California","Alpine County",5,5,12,2,10
050,06,003,"California","Alpine County",5,6,6,2,4
050,06,003,"California","Alpine County",5,7,8,6,2
050,06,003,"California","Alpine County",5,8,13,5,8
050,06,003,"California","Alpine County",5,9,16,6,10
050,06,003,"California","Alpine County",5,10,13,7,6
050,06,003,"California","Alpine County",5,11,3,1,2
050,06,003,"California","Alpine County",5,12,13,5,8
050,06,003,"California","Alpine County",5,13,11,4,7
050,06,003,"California","Alpine County",5,14,12,7,5
050,06,003,"California","Alpine County",5,15,12,6,6
050,06,003,"California","Alpine County",5,16,16,7,9
050,06,003,"California","Alpine County",5,17,9,6,3
050,06,003,"California","Alpine County",5,18,16,5,11
050,06,003,"California","Alpine County",5,19,16,10,6
050,06,003,"California","Alpine County",5,20,18,13,5
050,06,003,"California","Alpine County",5,21,14,9,5
050,06,003,"California","Alpine County",5,22,11,7,4
050,06,003,"California","Alpine County",5,23,7,1,6
050,06,003,"California","Alpine County",5,24,16,11,5
050,06,003,"California","Alpine County",5,25,13,10,3
050,06,003,"California","Alpine County",5,26,9,6,3
050,06,003,"California","Alpine County",5,27,7,3,4
050,06,003,"California","Alpine County",5,28,8,5,3
050,06,003,"California","Alpine County",5,29,14,7,7
050,06,003,"California","Alpine County",5,30,13,11,2
050,06,003,"California","Alpine County",5,31,15,10,5
050,06,003,"California","Alpine County",5,32,15,9,6
050,06,003,"California","Alpine County",5,33,8,5,3
050,06,003,"California","Alpine County",5,34,9,6,3
050,06,003,"California","Alpine County",5,35,20,11,9
050,06,003,"California","Alpine County",5,36,13,5,8
050,06,003,"California","Alpine County",5,37,9,5,4
050,06,003,"California","Alpine County",5,38,15,10,5
050,06,003,"California","Alpine County",5,39,13,7,6
050,06,003,"California","Alpine County",5,40,11,3,8
050,06,003,"California","Alpine County",5,41,10,4,6
050,06,003,"California","Alpine County",5,42,10,9,1
050,06,003,"California","Alpine County",5,43,9,4,5
050,06,003,"California","Alpine County",5,44,12,5,7
050,06,003,"California","Alpine County",5,45,8,6,2
050,06,003,"California","Alpine County",5,46,17,9,8
050,06,003,"California","Alpine County",5,47,10,7,3
050,06,003,"California","Alpine County",5,48,18,7,11
050,06,003,"California","Alpine County",5,49,11,3,8
050,06,003,"California","Alpine County",5,50,11,7,4
050,06,003,"California","Alpine County",5,51,13,5,8
050,06,003,"California","Alpine County",5,52,20,9,11
050,06,003,"California","Alpine County",5,53,10,7,3
050,06,003,"California","Alpine County",5,54,19,11,8
050,06,003,"California","Alpine County",5,55,12,7,5
050,06,003,"California","Alpine County",5,56,12,7,5
050,06,003,"California","Alpine County",5,57,10,7,3
050,06,003,"California","Alpine County",5,58,15,6,9
050,06,003,"California","Alpine County",5,59,12,7,5
050,06,003,"California","Alpine County",5,60,23,16,7
050,06,003,"California","Alpine County",5,61,21,16,5
050,06,003,"California","Alpine County",5,62,22,15,7
050,06,003,"California","Alpine County",5,63,15,9,6
050,06,003,"California","Alpine County",5,64,27,15,12
050,06,003,"California","Alpine County",5,65,25,11,14
050,06,003,"California","Alpine County",5,66,20,11,9
050,06,003,"California","Alpine County",5,67,19,7,12
050,06,003,"California","Alpine County",5,68,24,16,8
050,06,003,"California","Alpine County",5,69,16,10,6
050,06,003,"California","Alpine County",5,70,19,12,7
050,06,003,"California","Alpine County",5,71,24,14,10
050,06,003,"California","Alpine County",5,72,19,8,11
050,06,003,"California","Alpine County",5,73,17,10,7
050,06,003,"California","Alpine County",5,74,20,11,9
050,06,003,"California","Alpine County",5,75,14,7,7
050,06,003,"California","Alpine County",5,76,21,11,10
050,06,003,"California","Alpine County",5,77,9,4,5
050,06,003,"California","Alpine County",5,78,13,9,4
050,06,003,"California","Alpine County",5,79,9,5,4
050,06,003,"California","Alpine County",5,80,7,4,3
050,06,003,"California","Alpine County",5,81,9,4,5
050,06,003,"California","Alpine County",5,82,2,0,2
050,06,003,"California","Alpine County",5,83,2,1,1
050,06,003,"California","Alpine County",5,84,2,2,0
050,06,003,"California","Alpine County",5,85,27,15,12
050,06,005,"California","Amador County",1,0,317,166,151
050,06,005,"California","Amador County",1,1,316,170,146
050,06,005,"California","Amador County",1,2,316,165,151
050,06,005,"California","Amador County",1,3,321,176,145
050,06,005,"California","Amador County",1,4,350,184,166
050,06,005,"California","Amador County",1,5,360,170,190
050,06,005,"California","Amador County",1,6,351,184,167
050,06,005,"California","Amador County",1,7,326,186,140
050,06,005,"California","Amador County",1,8,368,204,164
050,06,005,"California","Amador County",1,9,342,190,152
050,06,005,"California","Amador County",1,10,331,171,160
050,06,005,"California","Amador County",1,11,340,173,167
050,06,005,"California","Amador County",1,12,377,180,197
050,06,005,"California","Amador County",1,13,371,183,188
050,06,005,"California","Amador County",1,14,353,184,169
050,06,005,"California","Amador County",1,15,376,186,190
050,06,005,"California","Amador County",1,16,361,187,174
050,06,005,"California","Amador County",1,17,371,196,175
050,06,005,"California","Amador County",1,18,330,187,143
050,06,005,"California","Amador County",1,19,278,162,116
050,06,005,"California","Amador County",1,20,304,168,136
050,06,005,"California","Amador County",1,21,291,168,123
050,06,005,"California","Amador County",1,22,301,168,133
050,06,005,"California","Amador County",1,23,334,196,138
050,06,005,"California","Amador County",1,24,356,203,153
050,06,005,"California","Amador County",1,25,377,228,149
050,06,005,"California","Amador County",1,26,398,231,167
050,06,005,"California","Amador County",1,27,433,248,185
050,06,005,"California","Amador County",1,28,441,261,180
050,06,005,"California","Amador County",1,29,479,282,197
050,06,005,"California","Amador County",1,30,477,272,205
050,06,005,"California","Amador County",1,31,480,301,179
050,06,005,"California","Amador County",1,32,466,283,183
050,06,005,"California","Amador County",1,33,455,277,178
050,06,005,"California","Amador County",1,34,469,282,187
050,06,005,"California","Amador County",1,35,431,251,180
050,06,005,"California","Amador County",1,36,463,285,178
050,06,005,"California","Amador County",1,37,498,302,196
050,06,005,"California","Amador County",1,38,489,302,187
050,06,005,"California","Amador County",1,39,527,329,198
050,06,005,"California","Amador County",1,40,531,360,171
050,06,005,"California","Amador County",1,41,505,342,163
050,06,005,"California","Amador County",1,42,499,334,165
050,06,005,"California","Amador County",1,43,467,301,166
050,06,005,"California","Amador County",1,44,457,299,158
050,06,005,"California","Amador County",1,45,444,281,163
050,06,005,"California","Amador County",1,46,451,291,160
050,06,005,"California","Amador County",1,47,527,332,195
050,06,005,"California","Amador County",1,48,495,319,176
050,06,005,"California","Amador County",1,49,530,315,215
050,06,005,"California","Amador County",1,50,548,331,217
050,06,005,"California","Amador County",1,51,517,299,218
050,06,005,"California","Amador County",1,52,519,305,214
050,06,005,"California","Amador County",1,53,537,320,217
050,06,005,"California","Amador County",1,54,526,308,218
050,06,005,"California","Amador County",1,55,581,316,265
050,06,005,"California","Amador County",1,56,619,318,301
050,06,005,"California","Amador County",1,57,625,335,290
050,06,005,"California","Amador County",1,58,652,332,320
050,06,005,"California","Amador County",1,59,698,357,341
050,06,005,"California","Amador County",1,60,676,341,335
050,06,005,"California","Amador County",1,61,682,354,328
050,06,005,"California","Amador County",1,62,675,341,334
050,06,005,"California","Amador County",1,63,674,342,332
050,06,005,"California","Amador County",1,64,692,348,344
050,06,005,"California","Amador County",1,65,731,372,359
050,06,005,"California","Amador County",1,66,721,355,366
050,06,005,"California","Amador County",1,67,713,344,369
050,06,005,"California","Amador County",1,68,717,339,378
050,06,005,"California","Amador County",1,69,680,324,356
050,06,005,"California","Amador County",1,70,677,322,355
050,06,005,"California","Amador County",1,71,701,330,371
050,06,005,"California","Amador County",1,72,667,328,339
050,06,005,"California","Amador County",1,73,714,341,373
050,06,005,"California","Amador County",1,74,495,239,256
050,06,005,"California","Amador County",1,75,477,245,232
050,06,005,"California","Amador County",1,76,459,228,231
050,06,005,"California","Amador County",1,77,426,207,219
050,06,005,"California","Amador County",1,78,347,175,172
050,06,005,"California","Amador County",1,79,307,147,160
050,06,005,"California","Amador County",1,80,281,133,148
050,06,005,"California","Amador County",1,81,285,138,147
050,06,005,"California","Amador County",1,82,239,122,117
050,06,005,"California","Amador County",1,83,201,105,96
050,06,005,"California","Amador County",1,84,191,85,106
050,06,005,"California","Amador County",1,85,991,414,577
050,06,005,"California","Amador County",2,0,297,150,147
050,06,005,"California","Amador County",2,1,317,169,148
050,06,005,"California","Amador County",2,2,317,166,151
050,06,005,"California","Amador County",2,3,320,173,147
050,06,005,"California","Amador County",2,4,344,180,164
050,06,005,"California","Amador County",2,5,360,174,186
050,06,005,"California","Amador County",2,6,353,181,172
050,06,005,"California","Amador County",2,7,334,187,147
050,06,005,"California","Amador County",2,8,358,199,159
050,06,005,"California","Amador County",2,9,350,196,154
050,06,005,"California","Amador County",2,10,332,175,157
050,06,005,"California","Amador County",2,11,339,173,166
050,06,005,"California","Amador County",2,12,373,181,192
050,06,005,"California","Amador County",2,13,370,182,188
050,06,005,"California","Amador County",2,14,357,184,173
050,06,005,"California","Amador County",2,15,370,184,186
050,06,005,"California","Amador County",2,16,371,189,182
050,06,005,"California","Amador County",2,17,369,196,173
050,06,005,"California","Amador County",2,18,325,184,141
050,06,005,"California","Amador County",2,19,281,166,115
050,06,005,"California","Amador County",2,20,302,170,132
050,06,005,"California","Amador County",2,21,296,170,126
050,06,005,"California","Amador County",2,22,302,171,131
050,06,005,"California","Amador County",2,23,335,196,139
050,06,005,"California","Amador County",2,24,351,202,149
050,06,005,"California","Amador County",2,25,380,228,152
050,06,005,"California","Amador County",2,26,397,231,166
050,06,005,"California","Amador County",2,27,426,244,182
050,06,005,"California","Amador County",2,28,452,266,186
050,06,005,"California","Amador County",2,29,477,281,196
050,06,005,"California","Amador County",2,30,479,274,205
050,06,005,"California","Amador County",2,31,488,301,187
050,06,005,"California","Amador County",2,32,463,282,181
050,06,005,"California","Amador County",2,33,461,279,182
050,06,005,"California","Amador County",2,34,472,285,187
050,06,005,"California","Amador County",2,35,442,257,185
050,06,005,"California","Amador County",2,36,459,279,180
050,06,005,"California","Amador County",2,37,492,301,191
050,06,005,"California","Amador County",2,38,494,302,192
050,06,005,"California","Amador County",2,39,524,329,195
050,06,005,"California","Amador County",2,40,537,358,179
050,06,005,"California","Amador County",2,41,501,337,164
050,06,005,"California","Amador County",2,42,501,337,164
050,06,005,"California","Amador County",2,43,473,306,167
050,06,005,"California","Amador County",2,44,462,302,160
050,06,005,"California","Amador County",2,45,443,280,163
050,06,005,"California","Amador County",2,46,456,292,164
050,06,005,"California","Amador County",2,47,515,329,186
050,06,005,"California","Amador County",2,48,494,315,179
050,06,005,"California","Amador County",2,49,525,316,209
050,06,005,"California","Amador County",2,50,541,322,219
050,06,005,"California","Amador County",2,51,523,307,216
050,06,005,"California","Amador County",2,52,521,304,217
050,06,005,"California","Amador County",2,53,530,314,216
050,06,005,"California","Amador County",2,54,526,309,217
050,06,005,"California","Amador County",2,55,561,307,254
050,06,005,"California","Amador County",2,56,614,315,299
050,06,005,"California","Amador County",2,57,624,331,293
050,06,005,"California","Amador County",2,58,649,332,317
050,06,005,"California","Amador County",2,59,695,352,343
050,06,005,"California","Amador County",2,60,680,342,338
050,06,005,"California","Amador County",2,61,685,356,329
050,06,005,"California","Amador County",2,62,679,346,333
050,06,005,"California","Amador County",2,63,686,348,338
050,06,005,"California","Amador County",2,64,682,344,338
050,06,005,"California","Amador County",2,65,726,368,358
050,06,005,"California","Amador County",2,66,729,361,368
050,06,005,"California","Amador County",2,67,714,345,369
050,06,005,"California","Amador County",2,68,717,342,375
050,06,005,"California","Amador County",2,69,693,329,364
050,06,005,"California","Amador County",2,70,674,319,355
050,06,005,"California","Amador County",2,71,696,328,368
050,06,005,"California","Amador County",2,72,659,317,342
050,06,005,"California","Amador County",2,73,729,350,379
050,06,005,"California","Amador County",2,74,512,246,266
050,06,005,"California","Amador County",2,75,480,244,236
050,06,005,"California","Amador County",2,76,456,228,228
050,06,005,"California","Amador County",2,77,442,219,223
050,06,005,"California","Amador County",2,78,358,179,179
050,06,005,"California","Amador County",2,79,308,148,160
050,06,005,"California","Amador County",2,80,285,134,151
050,06,005,"California","Amador County",2,81,273,131,142
050,06,005,"California","Amador County",2,82,247,124,123
050,06,005,"California","Amador County",2,83,206,106,100
050,06,005,"California","Amador County",2,84,193,91,102
050,06,005,"California","Amador County",2,85,996,413,583
050,06,005,"California","Amador County",3,0,323,155,168
050,06,005,"California","Amador County",3,1,329,171,158
050,06,005,"California","Amador County",3,2,332,179,153
050,06,005,"California","Amador County",3,3,336,164,172
050,06,005,"California","Amador County",3,4,323,179,144
050,06,005,"California","Amador County",3,5,351,176,175
050,06,005,"California","Amador County",3,6,384,192,192
050,06,005,"California","Amador County",3,7,349,180,169
050,06,005,"California","Amador County",3,8,341,193,148
050,06,005,"California","Amador County",3,9,351,193,158
050,06,005,"California","Amador County",3,10,358,206,152
050,06,005,"California","Amador County",3,11,333,174,159
050,06,005,"California","Amador County",3,12,340,171,169
050,06,005,"California","Amador County",3,13,371,179,192
050,06,005,"California","Amador County",3,14,374,180,194
050,06,005,"California","Amador County",3,15,362,184,178
050,06,005,"California","Amador County",3,16,403,202,201
050,06,005,"California","Amador County",3,17,385,207,178
050,06,005,"California","Amador County",3,18,355,198,157
050,06,005,"California","Amador County",3,19,273,156,117
050,06,005,"California","Amador County",3,20,298,168,130
050,06,005,"California","Amador County",3,21,309,162,147
050,06,005,"California","Amador County",3,22,297,171,126
050,06,005,"California","Amador County",3,23,318,178,140
050,06,005,"California","Amador County",3,24,333,197,136
050,06,005,"California","Amador County",3,25,378,221,157
050,06,005,"California","Amador County",3,26,400,226,174
050,06,005,"California","Amador County",3,27,399,243,156
050,06,005,"California","Amador County",3,28,453,271,182
050,06,005,"California","Amador County",3,29,474,289,185
050,06,005,"California","Amador County",3,30,481,278,203
050,06,005,"California","Amador County",3,31,530,311,219
050,06,005,"California","Amador County",3,32,491,300,191
050,06,005,"California","Amador County",3,33,494,291,203
050,06,005,"California","Amador County",3,34,503,312,191
050,06,005,"California","Amador County",3,35,494,297,197
050,06,005,"California","Amador County",3,36,484,285,199
050,06,005,"California","Amador County",3,37,492,305,187
050,06,005,"California","Amador County",3,38,528,325,203
050,06,005,"California","Amador County",3,39,536,334,202
050,06,005,"California","Amador County",3,40,560,361,199
050,06,005,"California","Amador County",3,41,541,353,188
050,06,005,"California","Amador County",3,42,534,364,170
050,06,005,"California","Amador County",3,43,505,330,175
050,06,005,"California","Amador County",3,44,505,332,173
050,06,005,"California","Amador County",3,45,449,291,158
050,06,005,"California","Amador County",3,46,481,303,178
050,06,005,"California","Amador County",3,47,500,330,170
050,06,005,"California","Amador County",3,48,488,307,181
050,06,005,"California","Amador County",3,49,498,310,188
050,06,005,"California","Amador County",3,50,513,297,216
050,06,005,"California","Amador County",3,51,547,332,215
050,06,005,"California","Amador County",3,52,532,306,226
050,06,005,"California","Amador County",3,53,518,305,213
050,06,005,"California","Amador County",3,54,530,299,231
050,06,005,"California","Amador County",3,55,516,296,220
050,06,005,"California","Amador County",3,56,591,318,273
050,06,005,"California","Amador County",3,57,624,321,303
050,06,005,"California","Amador County",3,58,641,339,302
050,06,005,"California","Amador County",3,59,672,343,329
050,06,005,"California","Amador County",3,60,685,354,331
050,06,005,"California","Amador County",3,61,701,358,343
050,06,005,"California","Amador County",3,62,701,360,341
050,06,005,"California","Amador County",3,63,682,338,344
050,06,005,"California","Amador County",3,64,713,354,359
050,06,005,"California","Amador County",3,65,697,345,352
050,06,005,"California","Amador County",3,66,725,369,356
050,06,005,"California","Amador County",3,67,721,353,368
050,06,005,"California","Amador County",3,68,713,347,366
050,06,005,"California","Amador County",3,69,706,345,361
050,06,005,"California","Amador County",3,70,678,316,362
050,06,005,"California","Amador County",3,71,668,315,353
050,06,005,"California","Amador County",3,72,676,326,350
050,06,005,"California","Amador County",3,73,638,306,332
050,06,005,"California","Amador County",3,74,700,332,368
050,06,005,"California","Amador County",3,75,498,236,262
050,06,005,"California","Amador County",3,76,460,234,226
050,06,005,"California","Amador County",3,77,437,216,221
050,06,005,"California","Amador County",3,78,427,208,219
050,06,005,"California","Amador County",3,79,343,171,172
050,06,005,"California","Amador County",3,80,286,134,152
050,06,005,"California","Amador County",3,81,270,128,142
050,06,005,"California","Amador County",3,82,250,121,129
050,06,005,"California","Amador County",3,83,224,109,115
050,06,005,"California","Amador County",3,84,203,103,100
050,06,005,"California","Amador County",3,85,1016,434,582
050,06,005,"California","Amador County",4,0,334,171,163
050,06,005,"California","Amador County",4,1,350,179,171
050,06,005,"California","Amador County",4,2,350,181,169
050,06,005,"California","Amador County",4,3,345,179,166
050,06,005,"California","Amador County",4,4,346,172,174
050,06,005,"California","Amador County",4,5,326,182,144
050,06,005,"California","Amador County",4,6,355,189,166
050,06,005,"California","Amador County",4,7,393,192,201
050,06,005,"California","Amador County",4,8,343,175,168
050,06,005,"California","Amador County",4,9,357,198,159
050,06,005,"California","Amador County",4,10,354,194,160
050,06,005,"California","Amador County",4,11,361,205,156
050,06,005,"California","Amador County",4,12,353,183,170
050,06,005,"California","Amador County",4,13,348,175,173
050,06,005,"California","Amador County",4,14,395,192,203
050,06,005,"California","Amador County",4,15,361,173,188
050,06,005,"California","Amador County",4,16,370,185,185
050,06,005,"California","Amador County",4,17,402,196,206
050,06,005,"California","Amador County",4,18,355,201,154
050,06,005,"California","Amador County",4,19,289,172,117
050,06,005,"California","Amador County",4,20,280,151,129
050,06,005,"California","Amador County",4,21,299,171,128
050,06,005,"California","Amador County",4,22,306,158,148
050,06,005,"California","Amador County",4,23,322,193,129
050,06,005,"California","Amador County",4,24,319,183,136
050,06,005,"California","Amador County",4,25,351,219,132
050,06,005,"California","Amador County",4,26,380,215,165
050,06,005,"California","Amador County",4,27,417,241,176
050,06,005,"California","Amador County",4,28,425,260,165
050,06,005,"California","Amador County",4,29,480,287,193
050,06,005,"California","Amador County",4,30,482,295,187
050,06,005,"California","Amador County",4,31,536,317,219
050,06,005,"California","Amador County",4,32,512,303,209
050,06,005,"California","Amador County",4,33,505,309,196
050,06,005,"California","Amador County",4,34,509,312,197
050,06,005,"California","Amador County",4,35,511,308,203
050,06,005,"California","Amador County",4,36,509,309,200
050,06,005,"California","Amador County",4,37,508,309,199
050,06,005,"California","Amador County",4,38,507,315,192
050,06,005,"California","Amador County",4,39,537,344,193
050,06,005,"California","Amador County",4,40,557,342,215
050,06,005,"California","Amador County",4,41,555,345,210
050,06,005,"California","Amador County",4,42,556,371,185
050,06,005,"California","Amador County",4,43,521,342,179
050,06,005,"California","Amador County",4,44,525,340,185
050,06,005,"California","Amador County",4,45,482,313,169
050,06,005,"California","Amador County",4,46,485,326,159
050,06,005,"California","Amador County",4,47,528,345,183
050,06,005,"California","Amador County",4,48,471,301,170
050,06,005,"California","Amador County",4,49,480,300,180
050,06,005,"California","Amador County",4,50,487,292,195
050,06,005,"California","Amador County",4,51,527,308,219
050,06,005,"California","Amador County",4,52,562,344,218
050,06,005,"California","Amador County",4,53,530,295,235
050,06,005,"California","Amador County",4,54,517,298,219
050,06,005,"California","Amador County",4,55,537,303,234
050,06,005,"California","Amador County",4,56,522,287,235
050,06,005,"California","Amador County",4,57,592,325,267
050,06,005,"California","Amador County",4,58,616,306,310
050,06,005,"California","Amador County",4,59,640,337,303
050,06,005,"California","Amador County",4,60,675,334,341
050,06,005,"California","Amador County",4,61,710,367,343
050,06,005,"California","Amador County",4,62,722,369,353
050,06,005,"California","Amador County",4,63,704,362,342
050,06,005,"California","Amador County",4,64,671,322,349
050,06,005,"California","Amador County",4,65,717,355,362
050,06,005,"California","Amador County",4,66,692,349,343
050,06,005,"California","Amador County",4,67,703,362,341
050,06,005,"California","Amador County",4,68,727,355,372
050,06,005,"California","Amador County",4,69,703,341,362
050,06,005,"California","Amador County",4,70,677,325,352
050,06,005,"California","Amador County",4,71,668,311,357
050,06,005,"California","Amador County",4,72,654,307,347
050,06,005,"California","Amador County",4,73,662,321,341
050,06,005,"California","Amador County",4,74,627,304,323
050,06,005,"California","Amador County",4,75,670,319,351
050,06,005,"California","Amador County",4,76,474,221,253
050,06,005,"California","Amador County",4,77,438,220,218
050,06,005,"California","Amador County",4,78,419,204,215
050,06,005,"California","Amador County",4,79,398,200,198
050,06,005,"California","Amador County",4,80,327,163,164
050,06,005,"California","Amador County",4,81,270,124,146
050,06,005,"California","Amador County",4,82,255,128,127
050,06,005,"California","Amador County",4,83,220,102,118
050,06,005,"California","Amador County",4,84,204,99,105
050,06,005,"California","Amador County",4,85,1034,435,599
050,06,005,"California","Amador County",5,0,332,167,165
050,06,005,"California","Amador County",5,1,357,202,155
050,06,005,"California","Amador County",5,2,347,189,158
050,06,005,"California","Amador County",5,3,354,185,169
050,06,005,"California","Amador County",5,4,342,173,169
050,06,005,"California","Amador County",5,5,364,181,183
050,06,005,"California","Amador County",5,6,337,182,155
050,06,005,"California","Amador County",5,7,356,191,165
050,06,005,"California","Amador County",5,8,394,191,203
050,06,005,"California","Amador County",5,9,358,186,172
050,06,005,"California","Amador County",5,10,356,197,159
050,06,005,"California","Amador County",5,11,365,202,163
050,06,005,"California","Amador County",5,12,378,211,167
050,06,005,"California","Amador County",5,13,353,183,170
050,06,005,"California","Amador County",5,14,357,169,188
050,06,005,"California","Amador County",5,15,396,195,201
050,06,005,"California","Amador County",5,16,387,194,193
050,06,005,"California","Amador County",5,17,379,200,179
050,06,005,"California","Amador County",5,18,374,198,176
050,06,005,"California","Amador County",5,19,290,169,121
050,06,005,"California","Amador County",5,20,299,176,123
050,06,005,"California","Amador County",5,21,299,164,135
050,06,005,"California","Amador County",5,22,314,180,134
050,06,005,"California","Amador County",5,23,337,181,156
050,06,005,"California","Amador County",5,24,345,205,140
050,06,005,"California","Amador County",5,25,362,205,157
050,06,005,"California","Amador County",5,26,376,233,143
050,06,005,"California","Amador County",5,27,385,223,162
050,06,005,"California","Amador County",5,28,437,263,174
050,06,005,"California","Amador County",5,29,447,275,172
050,06,005,"California","Amador County",5,30,475,286,189
050,06,005,"California","Amador County",5,31,536,334,202
050,06,005,"California","Amador County",5,32,521,306,215
050,06,005,"California","Amador County",5,33,543,318,225
050,06,005,"California","Amador County",5,34,514,320,194
050,06,005,"California","Amador County",5,35,519,312,207
050,06,005,"California","Amador County",5,36,535,330,205
050,06,005,"California","Amador County",5,37,540,335,205
050,06,005,"California","Amador County",5,38,537,319,218
050,06,005,"California","Amador County",5,39,523,331,192
050,06,005,"California","Amador County",5,40,579,376,203
050,06,005,"California","Amador County",5,41,564,335,229
050,06,005,"California","Amador County",5,42,568,363,205
050,06,005,"California","Amador County",5,43,534,347,187
050,06,005,"California","Amador County",5,44,531,350,181
050,06,005,"California","Amador County",5,45,501,317,184
050,06,005,"California","Amador County",5,46,510,330,180
050,06,005,"California","Amador County",5,47,523,368,155
050,06,005,"California","Amador County",5,48,498,314,184
050,06,005,"California","Amador County",5,49,461,298,163
050,06,005,"California","Amador County",5,50,479,289,190
050,06,005,"California","Amador County",5,51,480,293,187
050,06,005,"California","Amador County",5,52,547,314,233
050,06,005,"California","Amador County",5,53,540,325,215
050,06,005,"California","Amador County",5,54,526,289,237
050,06,005,"California","Amador County",5,55,506,286,220
050,06,005,"California","Amador County",5,56,539,294,245
050,06,005,"California","Amador County",5,57,519,286,233
050,06,005,"California","Amador County",5,58,606,328,278
050,06,005,"California","Amador County",5,59,609,300,309
050,06,005,"California","Amador County",5,60,629,331,298
050,06,005,"California","Amador County",5,61,701,347,354
050,06,005,"California","Amador County",5,62,688,360,328
050,06,005,"California","Amador County",5,63,724,368,356
050,06,005,"California","Amador County",5,64,680,347,333
050,06,005,"California","Amador County",5,65,683,324,359
050,06,005,"California","Amador County",5,66,723,354,369
050,06,005,"California","Amador County",5,67,663,332,331
050,06,005,"California","Amador County",5,68,705,364,341
050,06,005,"California","Amador County",5,69,717,349,368
050,06,005,"California","Amador County",5,70,678,325,353
050,06,005,"California","Amador County",5,71,657,308,349
050,06,005,"California","Amador County",5,72,656,302,354
050,06,005,"California","Amador County",5,73,643,298,345
050,06,005,"California","Amador County",5,74,639,306,333
050,06,005,"California","Amador County",5,75,605,291,314
050,06,005,"California","Amador County",5,76,643,304,339
050,06,005,"California","Amador County",5,77,452,212,240
050,06,005,"California","Amador County",5,78,426,214,212
050,06,005,"California","Amador County",5,79,405,197,208
050,06,005,"California","Amador County",5,80,369,185,184
050,06,005,"California","Amador County",5,81,307,153,154
050,06,005,"California","Amador County",5,82,254,121,133
050,06,005,"California","Amador County",5,83,235,111,124
050,06,005,"California","Amador County",5,84,205,93,112
050,06,005,"California","Amador County",5,85,1084,466,618
050,06,007,"California","Butte County",1,0,2204,1128,1076
050,06,007,"California","Butte County",1,1,2248,1184,1064
050,06,007,"California","Butte County",1,2,2290,1186,1104
050,06,007,"California","Butte County",1,3,2364,1183,1181
050,06,007,"California","Butte County",1,4,2318,1179,1139
050,06,007,"California","Butte County",1,5,2468,1268,1200
050,06,007,"California","Butte County",1,6,2423,1276,1147
050,06,007,"California","Butte County",1,7,2350,1217,1133
050,06,007,"California","Butte County",1,8,2396,1265,1131
050,06,007,"California","Butte County",1,9,2451,1267,1184
050,06,007,"California","Butte County",1,10,2488,1251,1237
050,06,007,"California","Butte County",1,11,2464,1233,1231
050,06,007,"California","Butte County",1,12,2550,1326,1224
050,06,007,"California","Butte County",1,13,2577,1338,1239
050,06,007,"California","Butte County",1,14,2509,1262,1247
050,06,007,"California","Butte County",1,15,2489,1255,1234
050,06,007,"California","Butte County",1,16,2554,1265,1289
050,06,007,"California","Butte County",1,17,2459,1228,1231
050,06,007,"California","Butte County",1,18,3473,1659,1814
050,06,007,"California","Butte County",1,19,4162,2087,2075
050,06,007,"California","Butte County",1,20,4536,2236,2300
050,06,007,"California","Butte County",1,21,5059,2548,2511
050,06,007,"California","Butte County",1,22,4986,2389,2597
050,06,007,"California","Butte County",1,23,4878,2541,2337
050,06,007,"California","Butte County",1,24,3639,1974,1665
050,06,007,"California","Butte County",1,25,3238,1716,1522
050,06,007,"California","Butte County",1,26,2933,1526,1407
050,06,007,"California","Butte County",1,27,2748,1405,1343
050,06,007,"California","Butte County",1,28,2871,1458,1413
050,06,007,"California","Butte County",1,29,3027,1573,1454
050,06,007,"California","Butte County",1,30,2858,1471,1387
050,06,007,"California","Butte County",1,31,2619,1391,1228
050,06,007,"California","Butte County",1,32,2401,1279,1122
050,06,007,"California","Butte County",1,33,2317,1178,1139
050,06,007,"California","Butte County",1,34,2455,1244,1211
050,06,007,"California","Butte County",1,35,2645,1345,1300
050,06,007,"California","Butte County",1,36,2623,1348,1275
050,06,007,"California","Butte County",1,37,2617,1337,1280
050,06,007,"California","Butte County",1,38,2556,1326,1230
050,06,007,"California","Butte County",1,39,2576,1344,1232
050,06,007,"California","Butte County",1,40,2542,1333,1209
050,06,007,"California","Butte County",1,41,2429,1250,1179
050,06,007,"California","Butte County",1,42,2312,1180,1132
050,06,007,"California","Butte County",1,43,2209,1140,1069
050,06,007,"California","Butte County",1,44,2152,1079,1073
050,06,007,"California","Butte County",1,45,2141,1082,1059
050,06,007,"California","Butte County",1,46,2056,1059,997
050,06,007,"California","Butte County",1,47,2084,1043,1041
050,06,007,"California","Butte County",1,48,2205,1145,1060
050,06,007,"California","Butte County",1,49,2354,1189,1165
050,06,007,"California","Butte County",1,50,2276,1124,1152
050,06,007,"California","Butte County",1,51,2208,1118,1090
050,06,007,"California","Butte County",1,52,2179,1090,1089
050,06,007,"California","Butte County",1,53,2188,1102,1086
050,06,007,"California","Butte County",1,54,2205,1092,1113
050,06,007,"California","Butte County",1,55,2387,1150,1237
050,06,007,"California","Butte County",1,56,2498,1184,1314
050,06,007,"California","Butte County",1,57,2518,1221,1297
050,06,007,"California","Butte County",1,58,2554,1221,1333
050,06,007,"California","Butte County",1,59,2624,1278,1346
050,06,007,"California","Butte County",1,60,2593,1277,1316
050,06,007,"California","Butte County",1,61,2662,1293,1369
050,06,007,"California","Butte County",1,62,2695,1341,1354
050,06,007,"California","Butte County",1,63,2708,1297,1411
050,06,007,"California","Butte County",1,64,2609,1260,1349
050,06,007,"California","Butte County",1,65,2553,1227,1326
050,06,007,"California","Butte County",1,66,2573,1209,1364
050,06,007,"California","Butte County",1,67,2567,1224,1343
050,06,007,"California","Butte County",1,68,2514,1197,1317
050,06,007,"California","Butte County",1,69,2362,1115,1247
050,06,007,"California","Butte County",1,70,2277,1099,1178
050,06,007,"California","Butte County",1,71,2161,1042,1119
050,06,007,"California","Butte County",1,72,2174,1068,1106
050,06,007,"California","Butte County",1,73,2148,1055,1093
050,06,007,"California","Butte County",1,74,1510,710,800
050,06,007,"California","Butte County",1,75,1477,677,800
050,06,007,"California","Butte County",1,76,1419,641,778
050,06,007,"California","Butte County",1,77,1302,600,702
050,06,007,"California","Butte County",1,78,1130,537,593
050,06,007,"California","Butte County",1,79,1033,464,569
050,06,007,"California","Butte County",1,80,929,416,513
050,06,007,"California","Butte County",1,81,883,401,482
050,06,007,"California","Butte County",1,82,816,368,448
050,06,007,"California","Butte County",1,83,712,295,417
050,06,007,"California","Butte County",1,84,662,280,382
050,06,007,"California","Butte County",1,85,4221,1507,2714
050,06,007,"California","Butte County",2,0,2143,1108,1035
050,06,007,"California","Butte County",2,1,2227,1165,1062
050,06,007,"California","Butte County",2,2,2269,1180,1089
050,06,007,"California","Butte County",2,3,2322,1172,1150
050,06,007,"California","Butte County",2,4,2325,1175,1150
050,06,007,"California","Butte County",2,5,2418,1240,1178
050,06,007,"California","Butte County",2,6,2418,1268,1150
050,06,007,"California","Butte County",2,7,2347,1226,1121
050,06,007,"California","Butte County",2,8,2363,1243,1120
050,06,007,"California","Butte County",2,9,2425,1260,1165
050,06,007,"California","Butte County",2,10,2464,1246,1218
050,06,007,"California","Butte County",2,11,2444,1223,1221
050,06,007,"California","Butte County",2,12,2526,1302,1224
050,06,007,"California","Butte County",2,13,2553,1324,1229
050,06,007,"California","Butte County",2,14,2507,1270,1237
050,06,007,"California","Butte County",2,15,2481,1247,1234
050,06,007,"California","Butte County",2,16,2527,1254,1273
050,06,007,"California","Butte County",2,17,2468,1227,1241
050,06,007,"California","Butte County",2,18,3434,1626,1808
050,06,007,"California","Butte County",2,19,4114,2060,2054
050,06,007,"California","Butte County",2,20,4575,2252,2323
050,06,007,"California","Butte County",2,21,5021,2530,2491
050,06,007,"California","Butte County",2,22,4983,2410,2573
050,06,007,"California","Butte County",2,23,4817,2501,2316
050,06,007,"California","Butte County",2,24,3600,1955,1645
050,06,007,"California","Butte County",2,25,3209,1706,1503
050,06,007,"California","Butte County",2,26,2907,1510,1397
050,06,007,"California","Butte County",2,27,2718,1396,1322
050,06,007,"California","Butte County",2,28,2816,1432,1384
050,06,007,"California","Butte County",2,29,2955,1524,1431
050,06,007,"California","Butte County",2,30,2883,1484,1399
050,06,007,"California","Butte County",2,31,2655,1400,1255
050,06,007,"California","Butte County",2,32,2433,1295,1138
050,06,007,"California","Butte County",2,33,2318,1195,1123
050,06,007,"California","Butte County",2,34,2414,1228,1186
050,06,007,"California","Butte County",2,35,2597,1317,1280
050,06,007,"California","Butte County",2,36,2600,1332,1268
050,06,007,"California","Butte County",2,37,2597,1326,1271
050,06,007,"California","Butte County",2,38,2567,1325,1242
050,06,007,"California","Butte County",2,39,2550,1327,1223
050,06,007,"California","Butte County",2,40,2555,1342,1213
050,06,007,"California","Butte County",2,41,2432,1258,1174
050,06,007,"California","Butte County",2,42,2304,1180,1124
050,06,007,"California","Butte County",2,43,2234,1150,1084
050,06,007,"California","Butte County",2,44,2138,1080,1058
050,06,007,"California","Butte County",2,45,2134,1075,1059
050,06,007,"California","Butte County",2,46,2058,1055,1003
050,06,007,"California","Butte County",2,47,2051,1032,1019
050,06,007,"California","Butte County",2,48,2163,1117,1046
050,06,007,"California","Butte County",2,49,2312,1175,1137
050,06,007,"California","Butte County",2,50,2281,1134,1147
050,06,007,"California","Butte County",2,51,2203,1107,1096
050,06,007,"California","Butte County",2,52,2168,1090,1078
050,06,007,"California","Butte County",2,53,2169,1086,1083
050,06,007,"California","Butte County",2,54,2174,1081,1093
050,06,007,"California","Butte County",2,55,2319,1119,1200
050,06,007,"California","Butte County",2,56,2461,1171,1290
050,06,007,"California","Butte County",2,57,2480,1187,1293
050,06,007,"California","Butte County",2,58,2530,1214,1316
050,06,007,"California","Butte County",2,59,2594,1256,1338
050,06,007,"California","Butte County",2,60,2579,1262,1317
050,06,007,"California","Butte County",2,61,2611,1275,1336
050,06,007,"California","Butte County",2,62,2659,1315,1344
050,06,007,"California","Butte County",2,63,2694,1302,1392
050,06,007,"California","Butte County",2,64,2587,1241,1346
050,06,007,"California","Butte County",2,65,2533,1216,1317
050,06,007,"California","Butte County",2,66,2536,1199,1337
050,06,007,"California","Butte County",2,67,2527,1200,1327
050,06,007,"California","Butte County",2,68,2472,1177,1295
050,06,007,"California","Butte County",2,69,2383,1127,1256
050,06,007,"California","Butte County",2,70,2255,1082,1173
050,06,007,"California","Butte County",2,71,2163,1043,1120
050,06,007,"California","Butte County",2,72,2107,1033,1074
050,06,007,"California","Butte County",2,73,2213,1084,1129
050,06,007,"California","Butte County",2,74,1538,728,810
050,06,007,"California","Butte County",2,75,1463,677,786
050,06,007,"California","Butte County",2,76,1389,628,761
050,06,007,"California","Butte County",2,77,1335,615,720
050,06,007,"California","Butte County",2,78,1131,531,600
050,06,007,"California","Butte County",2,79,1026,462,564
050,06,007,"California","Butte County",2,80,928,413,515
050,06,007,"California","Butte County",2,81,874,400,474
050,06,007,"California","Butte County",2,82,817,368,449
050,06,007,"California","Butte County",2,83,721,305,416
050,06,007,"California","Butte County",2,84,656,275,381
050,06,007,"California","Butte County",2,85,4204,1497,2707
050,06,007,"California","Butte County",3,0,1995,989,1006
050,06,007,"California","Butte County",3,1,2201,1123,1078
050,06,007,"California","Butte County",3,2,2221,1150,1071
050,06,007,"California","Butte County",3,3,2273,1202,1071
050,06,007,"California","Butte County",3,4,2323,1177,1146
050,06,007,"California","Butte County",3,5,2344,1173,1171
050,06,007,"California","Butte County",3,6,2412,1238,1174
050,06,007,"California","Butte County",3,7,2402,1266,1136
050,06,007,"California","Butte County",3,8,2332,1204,1128
050,06,007,"California","Butte County",3,9,2352,1228,1124
050,06,007,"California","Butte County",3,10,2396,1249,1147
050,06,007,"California","Butte County",3,11,2431,1234,1197
050,06,007,"California","Butte County",3,12,2433,1227,1206
050,06,007,"California","Butte County",3,13,2505,1305,1200
050,06,007,"California","Butte County",3,14,2521,1322,1199
050,06,007,"California","Butte County",3,15,2479,1253,1226
050,06,007,"California","Butte County",3,16,2474,1244,1230
050,06,007,"California","Butte County",3,17,2502,1247,1255
050,06,007,"California","Butte County",3,18,2455,1231,1224
050,06,007,"California","Butte County",3,19,3184,1560,1624
050,06,007,"California","Butte County",3,20,4521,2185,2336
050,06,007,"California","Butte County",3,21,5002,2506,2496
050,06,007,"California","Butte County",3,22,4941,2422,2519
050,06,007,"California","Butte County",3,23,4719,2464,2255
050,06,007,"California","Butte County",3,24,3507,1887,1620
050,06,007,"California","Butte County",3,25,3145,1693,1452
050,06,007,"California","Butte County",3,26,2903,1464,1439
050,06,007,"California","Butte County",3,27,2684,1388,1296
050,06,007,"California","Butte County",3,28,2644,1362,1282
050,06,007,"California","Butte County",3,29,2724,1385,1339
050,06,007,"California","Butte County",3,30,2915,1487,1428
050,06,007,"California","Butte County",3,31,2870,1485,1385
050,06,007,"California","Butte County",3,32,2655,1388,1267
050,06,007,"California","Butte County",3,33,2410,1291,1119
050,06,007,"California","Butte County",3,34,2338,1212,1126
050,06,007,"California","Butte County",3,35,2398,1201,1197
050,06,007,"California","Butte County",3,36,2592,1320,1272
050,06,007,"California","Butte County",3,37,2590,1341,1249
050,06,007,"California","Butte County",3,38,2586,1323,1263
050,06,007,"California","Butte County",3,39,2531,1294,1237
050,06,007,"California","Butte County",3,40,2539,1324,1215
050,06,007,"California","Butte County",3,41,2560,1352,1208
050,06,007,"California","Butte County",3,42,2403,1241,1162
050,06,007,"California","Butte County",3,43,2289,1174,1115
050,06,007,"California","Butte County",3,44,2227,1152,1075
050,06,007,"California","Butte County",3,45,2098,1043,1055
050,06,007,"California","Butte County",3,46,2102,1062,1040
050,06,007,"California","Butte County",3,47,1999,1019,980
050,06,007,"California","Butte County",3,48,2039,1024,1015
050,06,007,"California","Butte County",3,49,2155,1118,1037
050,06,007,"California","Butte County",3,50,2306,1171,1135
050,06,007,"California","Butte County",3,51,2239,1116,1123
050,06,007,"California","Butte County",3,52,2191,1106,1085
050,06,007,"California","Butte County",3,53,2122,1058,1064
050,06,007,"California","Butte County",3,54,2128,1079,1049
050,06,007,"California","Butte County",3,55,2134,1041,1093
050,06,007,"California","Butte County",3,56,2259,1103,1156
050,06,007,"California","Butte County",3,57,2378,1119,1259
050,06,007,"California","Butte County",3,58,2463,1174,1289
050,06,007,"California","Butte County",3,59,2451,1168,1283
050,06,007,"California","Butte County",3,60,2533,1221,1312
050,06,007,"California","Butte County",3,61,2471,1209,1262
050,06,007,"California","Butte County",3,62,2531,1235,1296
050,06,007,"California","Butte County",3,63,2599,1268,1331
050,06,007,"California","Butte County",3,64,2642,1270,1372
050,06,007,"California","Butte County",3,65,2486,1192,1294
050,06,007,"California","Butte County",3,66,2450,1181,1269
050,06,007,"California","Butte County",3,67,2462,1162,1300
050,06,007,"California","Butte County",3,68,2458,1162,1296
050,06,007,"California","Butte County",3,69,2391,1113,1278
050,06,007,"California","Butte County",3,70,2302,1072,1230
050,06,007,"California","Butte County",3,71,2175,1033,1142
050,06,007,"California","Butte County",3,72,2102,1004,1098
050,06,007,"California","Butte County",3,73,2017,985,1032
050,06,007,"California","Butte County",3,74,2099,1016,1083
050,06,007,"California","Butte County",3,75,1480,688,792
050,06,007,"California","Butte County",3,76,1398,644,754
050,06,007,"California","Butte County",3,77,1334,593,741
050,06,007,"California","Butte County",3,78,1243,574,669
050,06,007,"California","Butte County",3,79,1083,503,580
050,06,007,"California","Butte County",3,80,955,429,526
050,06,007,"California","Butte County",3,81,881,388,493
050,06,007,"California","Butte County",3,82,810,361,449
050,06,007,"California","Butte County",3,83,751,329,422
050,06,007,"California","Butte County",3,84,654,266,388
050,06,007,"California","Butte County",3,85,4037,1436,2601
050,06,007,"California","Butte County",4,0,2001,997,1004
050,06,007,"California","Butte County",4,1,2058,1021,1037
050,06,007,"California","Butte County",4,2,2251,1157,1094
050,06,007,"California","Butte County",4,3,2219,1148,1071
050,06,007,"California","Butte County",4,4,2271,1181,1090
050,06,007,"California","Butte County",4,5,2351,1204,1147
050,06,007,"California","Butte County",4,6,2351,1170,1181
050,06,007,"California","Butte County",4,7,2414,1245,1169
050,06,007,"California","Butte County",4,8,2421,1280,1141
050,06,007,"California","Butte County",4,9,2334,1219,1115
050,06,007,"California","Butte County",4,10,2372,1237,1135
050,06,007,"California","Butte County",4,11,2399,1251,1148
050,06,007,"California","Butte County",4,12,2439,1249,1190
050,06,007,"California","Butte County",4,13,2423,1231,1192
050,06,007,"California","Butte County",4,14,2481,1287,1194
050,06,007,"California","Butte County",4,15,2505,1312,1193
050,06,007,"California","Butte County",4,16,2485,1246,1239
050,06,007,"California","Butte County",4,17,2461,1238,1223
050,06,007,"California","Butte County",4,18,3493,1628,1865
050,06,007,"California","Butte County",4,19,4095,2038,2057
050,06,007,"California","Butte County",4,20,4524,2209,2315
050,06,007,"California","Butte County",4,21,5142,2536,2606
050,06,007,"California","Butte County",4,22,5109,2477,2632
050,06,007,"California","Butte County",4,23,4697,2450,2247
050,06,007,"California","Butte County",4,24,3388,1870,1518
050,06,007,"California","Butte County",4,25,3106,1661,1445
050,06,007,"California","Butte County",4,26,2835,1471,1364
050,06,007,"California","Butte County",4,27,2647,1329,1318
050,06,007,"California","Butte County",4,28,2588,1315,1273
050,06,007,"California","Butte County",4,29,2570,1323,1247
050,06,007,"California","Butte County",4,30,2711,1369,1342
050,06,007,"California","Butte County",4,31,2932,1509,1423
050,06,007,"California","Butte County",4,32,2853,1478,1375
050,06,007,"California","Butte County",4,33,2646,1380,1266
050,06,007,"California","Butte County",4,34,2449,1299,1150
050,06,007,"California","Butte County",4,35,2340,1199,1141
050,06,007,"California","Butte County",4,36,2424,1219,1205
050,06,007,"California","Butte County",4,37,2556,1305,1251
050,06,007,"California","Butte County",4,38,2560,1309,1251
050,06,007,"California","Butte County",4,39,2537,1282,1255
050,06,007,"California","Butte County",4,40,2494,1288,1206
050,06,007,"California","Butte County",4,41,2559,1337,1222
050,06,007,"California","Butte County",4,42,2531,1332,1199
050,06,007,"California","Butte County",4,43,2361,1222,1139
050,06,007,"California","Butte County",4,44,2293,1179,1114
050,06,007,"California","Butte County",4,45,2181,1122,1059
050,06,007,"California","Butte County",4,46,2081,1037,1044
050,06,007,"California","Butte County",4,47,2066,1030,1036
050,06,007,"California","Butte County",4,48,1972,1008,964
050,06,007,"California","Butte County",4,49,2030,1017,1013
050,06,007,"California","Butte County",4,50,2103,1096,1007
050,06,007,"California","Butte County",4,51,2253,1138,1115
050,06,007,"California","Butte County",4,52,2232,1126,1106
050,06,007,"California","Butte County",4,53,2146,1074,1072
050,06,007,"California","Butte County",4,54,2109,1044,1065
050,06,007,"California","Butte County",4,55,2065,1030,1035
050,06,007,"California","Butte County",4,56,2095,1024,1071
050,06,007,"California","Butte County",4,57,2179,1044,1135
050,06,007,"California","Butte County",4,58,2381,1122,1259
050,06,007,"California","Butte County",4,59,2406,1141,1265
050,06,007,"California","Butte County",4,60,2391,1122,1269
050,06,007,"California","Butte County",4,61,2484,1213,1271
050,06,007,"California","Butte County",4,62,2398,1187,1211
050,06,007,"California","Butte County",4,63,2454,1177,1277
050,06,007,"California","Butte County",4,64,2518,1221,1297
050,06,007,"California","Butte County",4,65,2532,1220,1312
050,06,007,"California","Butte County",4,66,2424,1153,1271
050,06,007,"California","Butte County",4,67,2381,1138,1243
050,06,007,"California","Butte County",4,68,2402,1126,1276
050,06,007,"California","Butte County",4,69,2410,1134,1276
050,06,007,"California","Butte County",4,70,2300,1059,1241
050,06,007,"California","Butte County",4,71,2222,1040,1182
050,06,007,"California","Butte County",4,72,2099,991,1108
050,06,007,"California","Butte County",4,73,2009,966,1043
050,06,007,"California","Butte County",4,74,1941,929,1012
050,06,007,"California","Butte County",4,75,2024,974,1050
050,06,007,"California","Butte County",4,76,1436,657,779
050,06,007,"California","Butte County",4,77,1352,624,728
050,06,007,"California","Butte County",4,78,1265,558,707
050,06,007,"California","Butte County",4,79,1183,540,643
050,06,007,"California","Butte County",4,80,1039,484,555
050,06,007,"California","Butte County",4,81,897,403,494
050,06,007,"California","Butte County",4,82,837,360,477
050,06,007,"California","Butte County",4,83,745,330,415
050,06,007,"California","Butte County",4,84,688,298,390
050,06,007,"California","Butte County",4,85,3963,1436,2527
050,06,007,"California","Butte County",5,0,1935,963,972
050,06,007,"California","Butte County",5,1,2095,1072,1023
050,06,007,"California","Butte County",5,2,2057,1010,1047
050,06,007,"California","Butte County",5,3,2304,1207,1097
050,06,007,"California","Butte County",5,4,2238,1154,1084
050,06,007,"California","Butte County",5,5,2294,1198,1096
050,06,007,"California","Butte County",5,6,2366,1200,1166
050,06,007,"California","Butte County",5,7,2388,1187,1201
050,06,007,"California","Butte County",5,8,2467,1259,1208
050,06,007,"California","Butte County",5,9,2433,1286,1147
050,06,007,"California","Butte County",5,10,2379,1261,1118
050,06,007,"California","Butte County",5,11,2422,1253,1169
050,06,007,"California","Butte County",5,12,2416,1257,1159
050,06,007,"California","Butte County",5,13,2459,1250,1209
050,06,007,"California","Butte County",5,14,2465,1255,1210
050,06,007,"California","Butte County",5,15,2492,1274,1218
050,06,007,"California","Butte County",5,16,2485,1302,1183
050,06,007,"California","Butte County",5,17,2504,1254,1250
050,06,007,"California","Butte County",5,18,3345,1588,1757
050,06,007,"California","Butte County",5,19,4020,1986,2034
050,06,007,"California","Butte County",5,20,4574,2230,2344
050,06,007,"California","Butte County",5,21,4996,2477,2519
050,06,007,"California","Butte County",5,22,5113,2420,2693
050,06,007,"California","Butte County",5,23,4831,2509,2322
050,06,007,"California","Butte County",5,24,3379,1833,1546
050,06,007,"California","Butte County",5,25,3018,1636,1382
050,06,007,"California","Butte County",5,26,2800,1434,1366
050,06,007,"California","Butte County",5,27,2649,1392,1257
050,06,007,"California","Butte County",5,28,2584,1282,1302
050,06,007,"California","Butte County",5,29,2571,1340,1231
050,06,007,"California","Butte County",5,30,2551,1301,1250
050,06,007,"California","Butte County",5,31,2683,1359,1324
050,06,007,"California","Butte County",5,32,2971,1550,1421
050,06,007,"California","Butte County",5,33,2823,1452,1371
050,06,007,"California","Butte County",5,34,2637,1369,1268
050,06,007,"California","Butte County",5,35,2424,1274,1150
050,06,007,"California","Butte County",5,36,2352,1211,1141
050,06,007,"California","Butte County",5,37,2438,1227,1211
050,06,007,"California","Butte County",5,38,2537,1278,1259
050,06,007,"California","Butte County",5,39,2539,1282,1257
050,06,007,"California","Butte County",5,40,2532,1283,1249
050,06,007,"California","Butte County",5,41,2503,1295,1208
050,06,007,"California","Butte County",5,42,2574,1320,1254
050,06,007,"California","Butte County",5,43,2548,1351,1197
050,06,007,"California","Butte County",5,44,2340,1204,1136
050,06,007,"California","Butte County",5,45,2259,1154,1105
050,06,007,"California","Butte County",5,46,2171,1100,1071
050,06,007,"California","Butte County",5,47,2051,1006,1045
050,06,007,"California","Butte County",5,48,2059,1032,1027
050,06,007,"California","Butte County",5,49,1958,999,959
050,06,007,"California","Butte County",5,50,1996,1002,994
050,06,007,"California","Butte County",5,51,2075,1077,998
050,06,007,"California","Butte County",5,52,2257,1135,1122
050,06,007,"California","Butte County",5,53,2174,1097,1077
050,06,007,"California","Butte County",5,54,2132,1063,1069
050,06,007,"California","Butte County",5,55,2081,1021,1060
050,06,007,"California","Butte County",5,56,2024,1004,1020
050,06,007,"California","Butte County",5,57,2024,986,1038
050,06,007,"California","Butte County",5,58,2185,1047,1138
050,06,007,"California","Butte County",5,59,2341,1084,1257
050,06,007,"California","Butte County",5,60,2365,1098,1267
050,06,007,"California","Butte County",5,61,2373,1113,1260
050,06,007,"California","Butte County",5,62,2455,1188,1267
050,06,007,"California","Butte County",5,63,2352,1145,1207
050,06,007,"California","Butte County",5,64,2428,1145,1283
050,06,007,"California","Butte County",5,65,2485,1210,1275
050,06,007,"California","Butte County",5,66,2493,1203,1290
050,06,007,"California","Butte County",5,67,2391,1124,1267
050,06,007,"California","Butte County",5,68,2330,1106,1224
050,06,007,"California","Butte County",5,69,2369,1107,1262
050,06,007,"California","Butte County",5,70,2374,1116,1258
050,06,007,"California","Butte County",5,71,2247,1028,1219
050,06,007,"California","Butte County",5,72,2175,1013,1162
050,06,007,"California","Butte County",5,73,2024,956,1068
050,06,007,"California","Butte County",5,74,1934,919,1015
050,06,007,"California","Butte County",5,75,1882,894,988
050,06,007,"California","Butte County",5,76,1938,922,1016
050,06,007,"California","Butte County",5,77,1382,634,748
050,06,007,"California","Butte County",5,78,1288,593,695
050,06,007,"California","Butte County",5,79,1206,524,682
050,06,007,"California","Butte County",5,80,1121,502,619
050,06,007,"California","Butte County",5,81,990,461,529
050,06,007,"California","Butte County",5,82,847,376,471
050,06,007,"California","Butte County",5,83,776,331,445
050,06,007,"California","Butte County",5,84,694,302,392
050,06,007,"California","Butte County",5,85,3935,1474,2461
050,06,009,"California","Calaveras County",1,0,378,197,181
050,06,009,"California","Calaveras County",1,1,389,209,180
050,06,009,"California","Calaveras County",1,2,421,211,210
050,06,009,"California","Calaveras County",1,3,398,213,185
050,06,009,"California","Calaveras County",1,4,402,225,177
050,06,009,"California","Calaveras County",1,5,404,212,192
050,06,009,"California","Calaveras County",1,6,432,212,220
050,06,009,"California","Calaveras County",1,7,414,207,207
050,06,009,"California","Calaveras County",1,8,428,226,202
050,06,009,"California","Calaveras County",1,9,425,229,196
050,06,009,"California","Calaveras County",1,10,397,197,200
050,06,009,"California","Calaveras County",1,11,432,227,205
050,06,009,"California","Calaveras County",1,12,447,220,227
050,06,009,"California","Calaveras County",1,13,483,222,261
050,06,009,"California","Calaveras County",1,14,452,226,226
050,06,009,"California","Calaveras County",1,15,469,236,233
050,06,009,"California","Calaveras County",1,16,479,270,209
050,06,009,"California","Calaveras County",1,17,484,265,219
050,06,009,"California","Calaveras County",1,18,415,210,205
050,06,009,"California","Calaveras County",1,19,337,183,154
050,06,009,"California","Calaveras County",1,20,363,192,171
050,06,009,"California","Calaveras County",1,21,353,197,156
050,06,009,"California","Calaveras County",1,22,375,191,184
050,06,009,"California","Calaveras County",1,23,379,185,194
050,06,009,"California","Calaveras County",1,24,388,204,184
050,06,009,"California","Calaveras County",1,25,401,219,182
050,06,009,"California","Calaveras County",1,26,397,215,182
050,06,009,"California","Calaveras County",1,27,414,225,189
050,06,009,"California","Calaveras County",1,28,465,233,232
050,06,009,"California","Calaveras County",1,29,435,210,225
050,06,009,"California","Calaveras County",1,30,418,205,213
050,06,009,"California","Calaveras County",1,31,427,218,209
050,06,009,"California","Calaveras County",1,32,466,226,240
050,06,009,"California","Calaveras County",1,33,467,229,238
050,06,009,"California","Calaveras County",1,34,495,261,234
050,06,009,"California","Calaveras County",1,35,477,253,224
050,06,009,"California","Calaveras County",1,36,440,245,195
050,06,009,"California","Calaveras County",1,37,487,251,236
050,06,009,"California","Calaveras County",1,38,469,247,222
050,06,009,"California","Calaveras County",1,39,503,270,233
050,06,009,"California","Calaveras County",1,40,469,239,230
050,06,009,"California","Calaveras County",1,41,428,216,212
050,06,009,"California","Calaveras County",1,42,442,222,220
050,06,009,"California","Calaveras County",1,43,440,233,207
050,06,009,"California","Calaveras County",1,44,394,214,180
050,06,009,"California","Calaveras County",1,45,388,194,194
050,06,009,"California","Calaveras County",1,46,392,199,193
050,06,009,"California","Calaveras County",1,47,416,216,200
050,06,009,"California","Calaveras County",1,48,477,235,242
050,06,009,"California","Calaveras County",1,49,578,296,282
050,06,009,"California","Calaveras County",1,50,572,270,302
050,06,009,"California","Calaveras County",1,51,543,262,281
050,06,009,"California","Calaveras County",1,52,565,283,282
050,06,009,"California","Calaveras County",1,53,580,280,300
050,06,009,"California","Calaveras County",1,54,609,309,300
050,06,009,"California","Calaveras County",1,55,634,311,323
050,06,009,"California","Calaveras County",1,56,702,347,355
050,06,009,"California","Calaveras County",1,57,720,340,380
050,06,009,"California","Calaveras County",1,58,815,400,415
050,06,009,"California","Calaveras County",1,59,827,394,433
050,06,009,"California","Calaveras County",1,60,820,378,442
050,06,009,"California","Calaveras County",1,61,849,425,424
050,06,009,"California","Calaveras County",1,62,932,470,462
050,06,009,"California","Calaveras County",1,63,905,429,476
050,06,009,"California","Calaveras County",1,64,891,422,469
050,06,009,"California","Calaveras County",1,65,877,437,440
050,06,009,"California","Calaveras County",1,66,859,389,470
050,06,009,"California","Calaveras County",1,67,850,386,464
050,06,009,"California","Calaveras County",1,68,800,388,412
050,06,009,"California","Calaveras County",1,69,805,406,399
050,06,009,"California","Calaveras County",1,70,783,392,391
050,06,009,"California","Calaveras County",1,71,757,379,378
050,06,009,"California","Calaveras County",1,72,778,394,384
050,06,009,"California","Calaveras County",1,73,787,401,386
050,06,009,"California","Calaveras County",1,74,564,289,275
050,06,009,"California","Calaveras County",1,75,547,278,269
050,06,009,"California","Calaveras County",1,76,535,275,260
050,06,009,"California","Calaveras County",1,77,517,253,264
050,06,009,"California","Calaveras County",1,78,429,217,212
050,06,009,"California","Calaveras County",1,79,371,184,187
050,06,009,"California","Calaveras County",1,80,329,160,169
050,06,009,"California","Calaveras County",1,81,311,157,154
050,06,009,"California","Calaveras County",1,82,309,144,165
050,06,009,"California","Calaveras County",1,83,265,127,138
050,06,009,"California","Calaveras County",1,84,211,105,106
050,06,009,"California","Calaveras County",1,85,1107,472,635
050,06,009,"California","Calaveras County",2,0,374,205,169
050,06,009,"California","Calaveras County",2,1,385,206,179
050,06,009,"California","Calaveras County",2,2,411,211,200
050,06,009,"California","Calaveras County",2,3,403,213,190
050,06,009,"California","Calaveras County",2,4,403,224,179
050,06,009,"California","Calaveras County",2,5,404,215,189
050,06,009,"California","Calaveras County",2,6,428,214,214
050,06,009,"California","Calaveras County",2,7,421,208,213
050,06,009,"California","Calaveras County",2,8,426,221,205
050,06,009,"California","Calaveras County",2,9,426,228,198
050,06,009,"California","Calaveras County",2,10,407,205,202
050,06,009,"California","Calaveras County",2,11,425,221,204
050,06,009,"California","Calaveras County",2,12,449,222,227
050,06,009,"California","Calaveras County",2,13,475,222,253
050,06,009,"California","Calaveras County",2,14,464,229,235
050,06,009,"California","Calaveras County",2,15,467,236,231
050,06,009,"California","Calaveras County",2,16,480,265,215
050,06,009,"California","Calaveras County",2,17,483,263,220
050,06,009,"California","Calaveras County",2,18,409,213,196
050,06,009,"California","Calaveras County",2,19,341,181,160
050,06,009,"California","Calaveras County",2,20,364,191,173
050,06,009,"California","Calaveras County",2,21,357,196,161
050,06,009,"California","Calaveras County",2,22,373,194,179
050,06,009,"California","Calaveras County",2,23,379,190,189
050,06,009,"California","Calaveras County",2,24,390,202,188
050,06,009,"California","Calaveras County",2,25,402,218,184
050,06,009,"California","Calaveras County",2,26,398,216,182
050,06,009,"California","Calaveras County",2,27,410,221,189
050,06,009,"California","Calaveras County",2,28,453,231,222
050,06,009,"California","Calaveras County",2,29,444,215,229
050,06,009,"California","Calaveras County",2,30,423,208,215
050,06,009,"California","Calaveras County",2,31,423,214,209
050,06,009,"California","Calaveras County",2,32,459,224,235
050,06,009,"California","Calaveras County",2,33,471,232,239
050,06,009,"California","Calaveras County",2,34,493,257,236
050,06,009,"California","Calaveras County",2,35,486,260,226
050,06,009,"California","Calaveras County",2,36,448,245,203
050,06,009,"California","Calaveras County",2,37,479,252,227
050,06,009,"California","Calaveras County",2,38,481,251,230
050,06,009,"California","Calaveras County",2,39,496,265,231
050,06,009,"California","Calaveras County",2,40,484,250,234
050,06,009,"California","Calaveras County",2,41,438,222,216
050,06,009,"California","Calaveras County",2,42,438,220,218
050,06,009,"California","Calaveras County",2,43,448,236,212
050,06,009,"California","Calaveras County",2,44,402,216,186
050,06,009,"California","Calaveras County",2,45,393,201,192
050,06,009,"California","Calaveras County",2,46,390,199,191
050,06,009,"California","Calaveras County",2,47,411,214,197
050,06,009,"California","Calaveras County",2,48,463,232,231
050,06,009,"California","Calaveras County",2,49,557,282,275
050,06,009,"California","Calaveras County",2,50,577,278,299
050,06,009,"California","Calaveras County",2,51,554,266,288
050,06,009,"California","Calaveras County",2,52,565,282,283
050,06,009,"California","Calaveras County",2,53,580,283,297
050,06,009,"California","Calaveras County",2,54,602,303,299
050,06,009,"California","Calaveras County",2,55,628,309,319
050,06,009,"California","Calaveras County",2,56,695,341,354
050,06,009,"California","Calaveras County",2,57,728,346,382
050,06,009,"California","Calaveras County",2,58,794,387,407
050,06,009,"California","Calaveras County",2,59,830,398,432
050,06,009,"California","Calaveras County",2,60,829,386,443
050,06,009,"California","Calaveras County",2,61,848,417,431
050,06,009,"California","Calaveras County",2,62,909,457,452
050,06,009,"California","Calaveras County",2,63,920,442,478
050,06,009,"California","Calaveras County",2,64,892,423,469
050,06,009,"California","Calaveras County",2,65,879,431,448
050,06,009,"California","Calaveras County",2,66,864,404,460
050,06,009,"California","Calaveras County",2,67,844,384,460
050,06,009,"California","Calaveras County",2,68,804,384,420
050,06,009,"California","Calaveras County",2,69,807,404,403
050,06,009,"California","Calaveras County",2,70,786,395,391
050,06,009,"California","Calaveras County",2,71,757,382,375
050,06,009,"California","Calaveras County",2,72,757,381,376
050,06,009,"California","Calaveras County",2,73,817,415,402
050,06,009,"California","Calaveras County",2,74,575,293,282
050,06,009,"California","Calaveras County",2,75,549,279,270
050,06,009,"California","Calaveras County",2,76,528,270,258
050,06,009,"California","Calaveras County",2,77,529,261,268
050,06,009,"California","Calaveras County",2,78,433,215,218
050,06,009,"California","Calaveras County",2,79,378,189,189
050,06,009,"California","Calaveras County",2,80,336,164,172
050,06,009,"California","Calaveras County",2,81,305,154,151
050,06,009,"California","Calaveras County",2,82,306,143,163
050,06,009,"California","Calaveras County",2,83,270,129,141
050,06,009,"California","Calaveras County",2,84,220,108,112
050,06,009,"California","Calaveras County",2,85,1119,483,636
050,06,009,"California","Calaveras County",3,0,366,204,162
050,06,009,"California","Calaveras County",3,1,421,236,185
050,06,009,"California","Calaveras County",3,2,410,212,198
050,06,009,"California","Calaveras County",3,3,444,235,209
050,06,009,"California","Calaveras County",3,4,442,231,211
050,06,009,"California","Calaveras County",3,5,432,242,190
050,06,009,"California","Calaveras County",3,6,418,223,195
050,06,009,"California","Calaveras County",3,7,452,222,230
050,06,009,"California","Calaveras County",3,8,431,211,220
050,06,009,"California","Calaveras County",3,9,446,235,211
050,06,009,"California","Calaveras County",3,10,436,228,208
050,06,009,"California","Calaveras County",3,11,419,205,214
050,06,009,"California","Calaveras County",3,12,453,241,212
050,06,009,"California","Calaveras County",3,13,462,221,241
050,06,009,"California","Calaveras County",3,14,508,237,271
050,06,009,"California","Calaveras County",3,15,489,248,241
050,06,009,"California","Calaveras County",3,16,479,248,231
050,06,009,"California","Calaveras County",3,17,470,257,213
050,06,009,"California","Calaveras County",3,18,439,247,192
050,06,009,"California","Calaveras County",3,19,333,170,163
050,06,009,"California","Calaveras County",3,20,344,179,165
050,06,009,"California","Calaveras County",3,21,358,193,165
050,06,009,"California","Calaveras County",3,22,362,195,167
050,06,009,"California","Calaveras County",3,23,403,202,201
050,06,009,"California","Calaveras County",3,24,378,198,180
050,06,009,"California","Calaveras County",3,25,417,212,205
050,06,009,"California","Calaveras County",3,26,414,215,199
050,06,009,"California","Calaveras County",3,27,409,205,204
050,06,009,"California","Calaveras County",3,28,437,244,193
050,06,009,"California","Calaveras County",3,29,452,224,228
050,06,009,"California","Calaveras County",3,30,486,227,259
050,06,009,"California","Calaveras County",3,31,473,233,240
050,06,009,"California","Calaveras County",3,32,461,226,235
050,06,009,"California","Calaveras County",3,33,470,231,239
050,06,009,"California","Calaveras County",3,34,502,257,245
050,06,009,"California","Calaveras County",3,35,536,271,265
050,06,009,"California","Calaveras County",3,36,517,274,243
050,06,009,"California","Calaveras County",3,37,496,269,227
050,06,009,"California","Calaveras County",3,38,478,249,229
050,06,009,"California","Calaveras County",3,39,509,264,245
050,06,009,"California","Calaveras County",3,40,527,287,240
050,06,009,"California","Calaveras County",3,41,510,258,252
050,06,009,"California","Calaveras County",3,42,462,251,211
050,06,009,"California","Calaveras County",3,43,459,230,229
050,06,009,"California","Calaveras County",3,44,470,247,223
050,06,009,"California","Calaveras County",3,45,417,226,191
050,06,009,"California","Calaveras County",3,46,416,215,201
050,06,009,"California","Calaveras County",3,47,433,228,205
050,06,009,"California","Calaveras County",3,48,425,228,197
050,06,009,"California","Calaveras County",3,49,485,242,243
050,06,009,"California","Calaveras County",3,50,581,290,291
050,06,009,"California","Calaveras County",3,51,579,278,301
050,06,009,"California","Calaveras County",3,52,554,264,290
050,06,009,"California","Calaveras County",3,53,558,275,283
050,06,009,"California","Calaveras County",3,54,594,289,305
050,06,009,"California","Calaveras County",3,55,594,291,303
050,06,009,"California","Calaveras County",3,56,652,326,326
050,06,009,"California","Calaveras County",3,57,697,334,363
050,06,009,"California","Calaveras County",3,58,749,362,387
050,06,009,"California","Calaveras County",3,59,804,399,405
050,06,009,"California","Calaveras County",3,60,854,413,441
050,06,009,"California","Calaveras County",3,61,844,389,455
050,06,009,"California","Calaveras County",3,62,856,420,436
050,06,009,"California","Calaveras County",3,63,896,447,449
050,06,009,"California","Calaveras County",3,64,937,457,480
050,06,009,"California","Calaveras County",3,65,885,420,465
050,06,009,"California","Calaveras County",3,66,883,429,454
050,06,009,"California","Calaveras County",3,67,852,403,449
050,06,009,"California","Calaveras County",3,68,831,378,453
050,06,009,"California","Calaveras County",3,69,801,380,421
050,06,009,"California","Calaveras County",3,70,801,396,405
050,06,009,"California","Calaveras County",3,71,768,381,387
050,06,009,"California","Calaveras County",3,72,743,369,374
050,06,009,"California","Calaveras County",3,73,735,372,363
050,06,009,"California","Calaveras County",3,74,792,404,388
050,06,009,"California","Calaveras County",3,75,559,284,275
050,06,009,"California","Calaveras County",3,76,522,261,261
050,06,009,"California","Calaveras County",3,77,510,261,249
050,06,009,"California","Calaveras County",3,78,505,245,260
050,06,009,"California","Calaveras County",3,79,408,201,207
050,06,009,"California","Calaveras County",3,80,352,180,172
050,06,009,"California","Calaveras County",3,81,312,152,160
050,06,009,"California","Calaveras County",3,82,277,137,140
050,06,009,"California","Calaveras County",3,83,285,132,153
050,06,009,"California","Calaveras County",3,84,246,118,128
050,06,009,"California","Calaveras County",3,85,1177,508,669
050,06,009,"California","Calaveras County",4,0,389,211,178
050,06,009,"California","Calaveras County",4,1,369,197,172
050,06,009,"California","Calaveras County",4,2,437,224,213
050,06,009,"California","Calaveras County",4,3,433,225,208
050,06,009,"California","Calaveras County",4,4,457,238,219
050,06,009,"California","Calaveras County",4,5,485,261,224
050,06,009,"California","Calaveras County",4,6,436,238,198
050,06,009,"California","Calaveras County",4,7,457,243,214
050,06,009,"California","Calaveras County",4,8,444,228,216
050,06,009,"California","Calaveras County",4,9,449,214,235
050,06,009,"California","Calaveras County",4,10,467,242,225
050,06,009,"California","Calaveras County",4,11,471,231,240
050,06,009,"California","Calaveras County",4,12,424,207,217
050,06,009,"California","Calaveras County",4,13,470,250,220
050,06,009,"California","Calaveras County",4,14,463,230,233
050,06,009,"California","Calaveras County",4,15,536,255,281
050,06,009,"California","Calaveras County",4,16,497,249,248
050,06,009,"California","Calaveras County",4,17,473,243,230
050,06,009,"California","Calaveras County",4,18,420,228,192
050,06,009,"California","Calaveras County",4,19,343,191,152
050,06,009,"California","Calaveras County",4,20,345,178,167
050,06,009,"California","Calaveras County",4,21,347,172,175
050,06,009,"California","Calaveras County",4,22,357,185,172
050,06,009,"California","Calaveras County",4,23,362,196,166
050,06,009,"California","Calaveras County",4,24,395,190,205
050,06,009,"California","Calaveras County",4,25,379,202,177
050,06,009,"California","Calaveras County",4,26,407,201,206
050,06,009,"California","Calaveras County",4,27,418,217,201
050,06,009,"California","Calaveras County",4,28,438,226,212
050,06,009,"California","Calaveras County",4,29,459,250,209
050,06,009,"California","Calaveras County",4,30,477,232,245
050,06,009,"California","Calaveras County",4,31,506,233,273
050,06,009,"California","Calaveras County",4,32,484,230,254
050,06,009,"California","Calaveras County",4,33,476,235,241
050,06,009,"California","Calaveras County",4,34,497,245,252
050,06,009,"California","Calaveras County",4,35,533,279,254
050,06,009,"California","Calaveras County",4,36,541,274,267
050,06,009,"California","Calaveras County",4,37,545,296,249
050,06,009,"California","Calaveras County",4,38,511,274,237
050,06,009,"California","Calaveras County",4,39,505,260,245
050,06,009,"California","Calaveras County",4,40,531,280,251
050,06,009,"California","Calaveras County",4,41,529,282,247
050,06,009,"California","Calaveras County",4,42,526,261,265
050,06,009,"California","Calaveras County",4,43,484,263,221
050,06,009,"California","Calaveras County",4,44,483,257,226
050,06,009,"California","Calaveras County",4,45,485,261,224
050,06,009,"California","Calaveras County",4,46,428,234,194
050,06,009,"California","Calaveras County",4,47,417,221,196
050,06,009,"California","Calaveras County",4,48,439,232,207
050,06,009,"California","Calaveras County",4,49,454,249,205
050,06,009,"California","Calaveras County",4,50,492,243,249
050,06,009,"California","Calaveras County",4,51,574,285,289
050,06,009,"California","Calaveras County",4,52,598,284,314
050,06,009,"California","Calaveras County",4,53,554,264,290
050,06,009,"California","Calaveras County",4,54,568,282,286
050,06,009,"California","Calaveras County",4,55,595,291,304
050,06,009,"California","Calaveras County",4,56,602,295,307
050,06,009,"California","Calaveras County",4,57,669,334,335
050,06,009,"California","Calaveras County",4,58,717,351,366
050,06,009,"California","Calaveras County",4,59,737,358,379
050,06,009,"California","Calaveras County",4,60,814,402,412
050,06,009,"California","Calaveras County",4,61,861,416,445
050,06,009,"California","Calaveras County",4,62,832,383,449
050,06,009,"California","Calaveras County",4,63,865,422,443
050,06,009,"California","Calaveras County",4,64,888,451,437
050,06,009,"California","Calaveras County",4,65,931,446,485
050,06,009,"California","Calaveras County",4,66,885,415,470
050,06,009,"California","Calaveras County",4,67,875,428,447
050,06,009,"California","Calaveras County",4,68,844,399,445
050,06,009,"California","Calaveras County",4,69,814,371,443
050,06,009,"California","Calaveras County",4,70,780,370,410
050,06,009,"California","Calaveras County",4,71,767,381,386
050,06,009,"California","Calaveras County",4,72,749,373,376
050,06,009,"California","Calaveras County",4,73,695,344,351
050,06,009,"California","Calaveras County",4,74,703,353,350
050,06,009,"California","Calaveras County",4,75,757,384,373
050,06,009,"California","Calaveras County",4,76,522,264,258
050,06,009,"California","Calaveras County",4,77,498,251,247
050,06,009,"California","Calaveras County",4,78,476,245,231
050,06,009,"California","Calaveras County",4,79,482,235,247
050,06,009,"California","Calaveras County",4,80,383,186,197
050,06,009,"California","Calaveras County",4,81,310,158,152
050,06,009,"California","Calaveras County",4,82,291,139,152
050,06,009,"California","Calaveras County",4,83,245,118,127
050,06,009,"California","Calaveras County",4,84,250,116,134
050,06,009,"California","Calaveras County",4,85,1255,550,705
050,06,009,"California","Calaveras County",5,0,377,206,171
050,06,009,"California","Calaveras County",5,1,402,205,197
050,06,009,"California","Calaveras County",5,2,368,189,179
050,06,009,"California","Calaveras County",5,3,465,239,226
050,06,009,"California","Calaveras County",5,4,450,237,213
050,06,009,"California","Calaveras County",5,5,457,243,214
050,06,009,"California","Calaveras County",5,6,496,264,232
050,06,009,"California","Calaveras County",5,7,440,240,200
050,06,009,"California","Calaveras County",5,8,462,242,220
050,06,009,"California","Calaveras County",5,9,446,231,215
050,06,009,"California","Calaveras County",5,10,459,212,247
050,06,009,"California","Calaveras County",5,11,463,238,225
050,06,009,"California","Calaveras County",5,12,470,231,239
050,06,009,"California","Calaveras County",5,13,415,204,211
050,06,009,"California","Calaveras County",5,14,490,267,223
050,06,009,"California","Calaveras County",5,15,468,234,234
050,06,009,"California","Calaveras County",5,16,543,261,282
050,06,009,"California","Calaveras County",5,17,485,244,241
050,06,009,"California","Calaveras County",5,18,414,218,196
050,06,009,"California","Calaveras County",5,19,355,187,168
050,06,009,"California","Calaveras County",5,20,346,191,155
050,06,009,"California","Calaveras County",5,21,372,193,179
050,06,009,"California","Calaveras County",5,22,356,174,182
050,06,009,"California","Calaveras County",5,23,358,188,170
050,06,009,"California","Calaveras County",5,24,380,206,174
050,06,009,"California","Calaveras County",5,25,377,186,191
050,06,009,"California","Calaveras County",5,26,356,188,168
050,06,009,"California","Calaveras County",5,27,422,214,208
050,06,009,"California","Calaveras County",5,28,434,221,213
050,06,009,"California","Calaveras County",5,29,442,222,220
050,06,009,"California","Calaveras County",5,30,453,235,218
050,06,009,"California","Calaveras County",5,31,489,237,252
050,06,009,"California","Calaveras County",5,32,527,241,286
050,06,009,"California","Calaveras County",5,33,479,229,250
050,06,009,"California","Calaveras County",5,34,492,246,246
050,06,009,"California","Calaveras County",5,35,503,250,253
050,06,009,"California","Calaveras County",5,36,518,259,259
050,06,009,"California","Calaveras County",5,37,545,281,264
050,06,009,"California","Calaveras County",5,38,559,304,255
050,06,009,"California","Calaveras County",5,39,511,268,243
050,06,009,"California","Calaveras County",5,40,512,270,242
050,06,009,"California","Calaveras County",5,41,522,277,245
050,06,009,"California","Calaveras County",5,42,525,287,238
050,06,009,"California","Calaveras County",5,43,536,273,263
050,06,009,"California","Calaveras County",5,44,485,259,226
050,06,009,"California","Calaveras County",5,45,501,271,230
050,06,009,"California","Calaveras County",5,46,491,264,227
050,06,009,"California","Calaveras County",5,47,427,234,193
050,06,009,"California","Calaveras County",5,48,429,230,199
050,06,009,"California","Calaveras County",5,49,440,222,218
050,06,009,"California","Calaveras County",5,50,473,259,214
050,06,009,"California","Calaveras County",5,51,493,241,252
050,06,009,"California","Calaveras County",5,52,591,295,296
050,06,009,"California","Calaveras County",5,53,619,297,322
050,06,009,"California","Calaveras County",5,54,545,259,286
050,06,009,"California","Calaveras County",5,55,558,262,296
050,06,009,"California","Calaveras County",5,56,604,293,311
050,06,009,"California","Calaveras County",5,57,613,293,320
050,06,009,"California","Calaveras County",5,58,683,341,342
050,06,009,"California","Calaveras County",5,59,730,353,377
050,06,009,"California","Calaveras County",5,60,743,352,391
050,06,009,"California","Calaveras County",5,61,813,396,417
050,06,009,"California","Calaveras County",5,62,866,425,441
050,06,009,"California","Calaveras County",5,63,821,374,447
050,06,009,"California","Calaveras County",5,64,867,425,442
050,06,009,"California","Calaveras County",5,65,874,443,431
050,06,009,"California","Calaveras County",5,66,920,442,478
050,06,009,"California","Calaveras County",5,67,873,415,458
050,06,009,"California","Calaveras County",5,68,851,420,431
050,06,009,"California","Calaveras County",5,69,844,402,442
050,06,009,"California","Calaveras County",5,70,810,366,444
050,06,009,"California","Calaveras County",5,71,777,374,403
050,06,009,"California","Calaveras County",5,72,751,367,384
050,06,009,"California","Calaveras County",5,73,737,360,377
050,06,009,"California","Calaveras County",5,74,665,332,333
050,06,009,"California","Calaveras County",5,75,690,346,344
050,06,009,"California","Calaveras County",5,76,726,367,359
050,06,009,"California","Calaveras County",5,77,494,250,244
050,06,009,"California","Calaveras County",5,78,468,234,234
050,06,009,"California","Calaveras County",5,79,444,228,216
050,06,009,"California","Calaveras County",5,80,470,228,242
050,06,009,"California","Calaveras County",5,81,353,175,178
050,06,009,"California","Calaveras County",5,82,287,146,141
050,06,009,"California","Calaveras County",5,83,269,124,145
050,06,009,"California","Calaveras County",5,84,217,107,110
050,06,009,"California","Calaveras County",5,85,1314,582,732
050,06,011,"California","Colusa County",1,0,259,131,128
050,06,011,"California","Colusa County",1,1,270,134,136
050,06,011,"California","Colusa County",1,2,295,157,138
050,06,011,"California","Colusa County",1,3,325,163,162
050,06,011,"California","Colusa County",1,4,340,165,175
050,06,011,"California","Colusa County",1,5,301,158,143
050,06,011,"California","Colusa County",1,6,324,163,161
050,06,011,"California","Colusa County",1,7,347,174,173
050,06,011,"California","Colusa County",1,8,327,156,171
050,06,011,"California","Colusa County",1,9,326,165,161
050,06,011,"California","Colusa County",1,10,326,186,140
050,06,011,"California","Colusa County",1,11,380,208,172
050,06,011,"California","Colusa County",1,12,388,202,186
050,06,011,"California","Colusa County",1,13,381,200,181
050,06,011,"California","Colusa County",1,14,373,189,184
050,06,011,"California","Colusa County",1,15,345,190,155
050,06,011,"California","Colusa County",1,16,338,187,151
050,06,011,"California","Colusa County",1,17,338,175,163
050,06,011,"California","Colusa County",1,18,302,165,137
050,06,011,"California","Colusa County",1,19,279,144,135
050,06,011,"California","Colusa County",1,20,283,144,139
050,06,011,"California","Colusa County",1,21,284,144,140
050,06,011,"California","Colusa County",1,22,279,140,139
050,06,011,"California","Colusa County",1,23,248,124,124
050,06,011,"California","Colusa County",1,24,275,134,141
050,06,011,"California","Colusa County",1,25,299,147,152
050,06,011,"California","Colusa County",1,26,290,149,141
050,06,011,"California","Colusa County",1,27,298,146,152
050,06,011,"California","Colusa County",1,28,314,155,159
050,06,011,"California","Colusa County",1,29,283,146,137
050,06,011,"California","Colusa County",1,30,291,160,131
050,06,011,"California","Colusa County",1,31,294,155,139
050,06,011,"California","Colusa County",1,32,272,156,116
050,06,011,"California","Colusa County",1,33,274,152,122
050,06,011,"California","Colusa County",1,34,283,139,144
050,06,011,"California","Colusa County",1,35,306,145,161
050,06,011,"California","Colusa County",1,36,304,148,156
050,06,011,"California","Colusa County",1,37,306,160,146
050,06,011,"California","Colusa County",1,38,308,161,147
050,06,011,"California","Colusa County",1,39,297,148,149
050,06,011,"California","Colusa County",1,40,267,134,133
050,06,011,"California","Colusa County",1,41,246,134,112
050,06,011,"California","Colusa County",1,42,250,128,122
050,06,011,"California","Colusa County",1,43,252,125,127
050,06,011,"California","Colusa County",1,44,247,128,119
050,06,011,"California","Colusa County",1,45,247,123,124
050,06,011,"California","Colusa County",1,46,216,101,115
050,06,011,"California","Colusa County",1,47,236,116,120
050,06,011,"California","Colusa County",1,48,238,120,118
050,06,011,"California","Colusa County",1,49,272,146,126
050,06,011,"California","Colusa County",1,50,264,139,125
050,06,011,"California","Colusa County",1,51,251,123,128
050,06,011,"California","Colusa County",1,52,262,129,133
050,06,011,"California","Colusa County",1,53,241,122,119
050,06,011,"California","Colusa County",1,54,227,123,104
050,06,011,"California","Colusa County",1,55,264,141,123
050,06,011,"California","Colusa County",1,56,251,127,124
050,06,011,"California","Colusa County",1,57,233,125,108
050,06,011,"California","Colusa County",1,58,242,125,117
050,06,011,"California","Colusa County",1,59,272,153,119
050,06,011,"California","Colusa County",1,60,280,140,140
050,06,011,"California","Colusa County",1,61,254,124,130
050,06,011,"California","Colusa County",1,62,253,126,127
050,06,011,"California","Colusa County",1,63,284,155,129
050,06,011,"California","Colusa County",1,64,238,123,115
050,06,011,"California","Colusa County",1,65,223,123,100
050,06,011,"California","Colusa County",1,66,237,114,123
050,06,011,"California","Colusa County",1,67,222,116,106
050,06,011,"California","Colusa County",1,68,196,97,99
050,06,011,"California","Colusa County",1,69,193,88,105
050,06,011,"California","Colusa County",1,70,198,103,95
050,06,011,"California","Colusa County",1,71,175,90,85
050,06,011,"California","Colusa County",1,72,173,90,83
050,06,011,"California","Colusa County",1,73,170,82,88
050,06,011,"California","Colusa County",1,74,122,60,62
050,06,011,"California","Colusa County",1,75,120,55,65
050,06,011,"California","Colusa County",1,76,127,68,59
050,06,011,"California","Colusa County",1,77,130,66,64
050,06,011,"California","Colusa County",1,78,116,55,61
050,06,011,"California","Colusa County",1,79,109,54,55
050,06,011,"California","Colusa County",1,80,90,42,48
050,06,011,"California","Colusa County",1,81,71,35,36
050,06,011,"California","Colusa County",1,82,70,35,35
050,06,011,"California","Colusa County",1,83,62,31,31
050,06,011,"California","Colusa County",1,84,57,27,30
050,06,011,"California","Colusa County",1,85,336,137,199
050,06,011,"California","Colusa County",2,0,263,136,127
050,06,011,"California","Colusa County",2,1,267,132,135
050,06,011,"California","Colusa County",2,2,291,151,140
050,06,011,"California","Colusa County",2,3,318,162,156
050,06,011,"California","Colusa County",2,4,339,165,174
050,06,011,"California","Colusa County",2,5,313,161,152
050,06,011,"California","Colusa County",2,6,322,164,158
050,06,011,"California","Colusa County",2,7,341,171,170
050,06,011,"California","Colusa County",2,8,331,159,172
050,06,011,"California","Colusa County",2,9,326,163,163
050,06,011,"California","Colusa County",2,10,329,183,146
050,06,011,"California","Colusa County",2,11,364,202,162
050,06,011,"California","Colusa County",2,12,388,205,183
050,06,011,"California","Colusa County",2,13,383,199,184
050,06,011,"California","Colusa County",2,14,374,193,181
050,06,011,"California","Colusa County",2,15,352,190,162
050,06,011,"California","Colusa County",2,16,338,185,153
050,06,011,"California","Colusa County",2,17,339,179,160
050,06,011,"California","Colusa County",2,18,300,164,136
050,06,011,"California","Colusa County",2,19,278,144,134
050,06,011,"California","Colusa County",2,20,287,146,141
050,06,011,"California","Colusa County",2,21,284,143,141
050,06,011,"California","Colusa County",2,22,278,139,139
050,06,011,"California","Colusa County",2,23,254,126,128
050,06,011,"California","Colusa County",2,24,269,134,135
050,06,011,"California","Colusa County",2,25,295,146,149
050,06,011,"California","Colusa County",2,26,293,149,144
050,06,011,"California","Colusa County",2,27,295,146,149
050,06,011,"California","Colusa County",2,28,308,152,156
050,06,011,"California","Colusa County",2,29,292,150,142
050,06,011,"California","Colusa County",2,30,291,158,133
050,06,011,"California","Colusa County",2,31,290,155,135
050,06,011,"California","Colusa County",2,32,277,156,121
050,06,011,"California","Colusa County",2,33,274,153,121
050,06,011,"California","Colusa County",2,34,282,143,139
050,06,011,"California","Colusa County",2,35,304,145,159
050,06,011,"California","Colusa County",2,36,303,147,156
050,06,011,"California","Colusa County",2,37,308,158,150
050,06,011,"California","Colusa County",2,38,310,162,148
050,06,011,"California","Colusa County",2,39,297,149,148
050,06,011,"California","Colusa County",2,40,275,138,137
050,06,011,"California","Colusa County",2,41,252,134,118
050,06,011,"California","Colusa County",2,42,247,129,118
050,06,011,"California","Colusa County",2,43,253,125,128
050,06,011,"California","Colusa County",2,44,245,126,119
050,06,011,"California","Colusa County",2,45,247,124,123
050,06,011,"California","Colusa County",2,46,224,107,117
050,06,011,"California","Colusa County",2,47,233,112,121
050,06,011,"California","Colusa County",2,48,240,121,119
050,06,011,"California","Colusa County",2,49,265,140,125
050,06,011,"California","Colusa County",2,50,262,139,123
050,06,011,"California","Colusa County",2,51,250,123,127
050,06,011,"California","Colusa County",2,52,257,126,131
050,06,011,"California","Colusa County",2,53,243,123,120
050,06,011,"California","Colusa County",2,54,233,125,108
050,06,011,"California","Colusa County",2,55,252,135,117
050,06,011,"California","Colusa County",2,56,255,131,124
050,06,011,"California","Colusa County",2,57,240,125,115
050,06,011,"California","Colusa County",2,58,238,123,115
050,06,011,"California","Colusa County",2,59,263,146,117
050,06,011,"California","Colusa County",2,60,282,145,137
050,06,011,"California","Colusa County",2,61,260,128,132
050,06,011,"California","Colusa County",2,62,251,125,126
050,06,011,"California","Colusa County",2,63,280,149,131
050,06,011,"California","Colusa County",2,64,246,130,116
050,06,011,"California","Colusa County",2,65,230,124,106
050,06,011,"California","Colusa County",2,66,232,114,118
050,06,011,"California","Colusa County",2,67,222,115,107
050,06,011,"California","Colusa County",2,68,199,100,99
050,06,011,"California","Colusa County",2,69,195,91,104
050,06,011,"California","Colusa County",2,70,198,100,98
050,06,011,"California","Colusa County",2,71,178,91,87
050,06,011,"California","Colusa County",2,72,172,89,83
050,06,011,"California","Colusa County",2,73,177,88,89
050,06,011,"California","Colusa County",2,74,125,60,65
050,06,011,"California","Colusa County",2,75,123,57,66
050,06,011,"California","Colusa County",2,76,121,62,59
050,06,011,"California","Colusa County",2,77,132,68,64
050,06,011,"California","Colusa County",2,78,118,57,61
050,06,011,"California","Colusa County",2,79,110,56,54
050,06,011,"California","Colusa County",2,80,94,44,50
050,06,011,"California","Colusa County",2,81,73,35,38
050,06,011,"California","Colusa County",2,82,69,35,34
050,06,011,"California","Colusa County",2,83,62,30,32
050,06,011,"California","Colusa County",2,84,59,29,30
050,06,011,"California","Colusa County",2,85,335,136,199
050,06,011,"California","Colusa County",3,0,292,142,150
050,06,011,"California","Colusa County",3,1,267,144,123
050,06,011,"California","Colusa County",3,2,263,132,131
050,06,011,"California","Colusa County",3,3,290,152,138
050,06,011,"California","Colusa County",3,4,319,163,156
050,06,011,"California","Colusa County",3,5,330,164,166
050,06,011,"California","Colusa County",3,6,309,159,150
050,06,011,"California","Colusa County",3,7,322,163,159
050,06,011,"California","Colusa County",3,8,336,169,167
050,06,011,"California","Colusa County",3,9,328,158,170
050,06,011,"California","Colusa County",3,10,321,158,163
050,06,011,"California","Colusa County",3,11,337,178,159
050,06,011,"California","Colusa County",3,12,358,199,159
050,06,011,"California","Colusa County",3,13,386,211,175
050,06,011,"California","Colusa County",3,14,395,200,195
050,06,011,"California","Colusa County",3,15,375,197,178
050,06,011,"California","Colusa County",3,16,347,183,164
050,06,011,"California","Colusa County",3,17,351,193,158
050,06,011,"California","Colusa County",3,18,319,165,154
050,06,011,"California","Colusa County",3,19,270,145,125
050,06,011,"California","Colusa County",3,20,290,148,142
050,06,011,"California","Colusa County",3,21,288,147,141
050,06,011,"California","Colusa County",3,22,283,139,144
050,06,011,"California","Colusa County",3,23,278,134,144
050,06,011,"California","Colusa County",3,24,249,124,125
050,06,011,"California","Colusa County",3,25,268,133,135
050,06,011,"California","Colusa County",3,26,296,147,149
050,06,011,"California","Colusa County",3,27,289,143,146
050,06,011,"California","Colusa County",3,28,288,142,146
050,06,011,"California","Colusa County",3,29,293,148,145
050,06,011,"California","Colusa County",3,30,291,154,137
050,06,011,"California","Colusa County",3,31,286,158,128
050,06,011,"California","Colusa County",3,32,282,152,130
050,06,011,"California","Colusa County",3,33,279,159,120
050,06,011,"California","Colusa County",3,34,274,147,127
050,06,011,"California","Colusa County",3,35,286,143,143
050,06,011,"California","Colusa County",3,36,304,148,156
050,06,011,"California","Colusa County",3,37,309,151,158
050,06,011,"California","Colusa County",3,38,319,164,155
050,06,011,"California","Colusa County",3,39,315,163,152
050,06,011,"California","Colusa County",3,40,294,149,145
050,06,011,"California","Colusa County",3,41,275,134,141
050,06,011,"California","Colusa County",3,42,253,134,119
050,06,011,"California","Colusa County",3,43,255,130,125
050,06,011,"California","Colusa County",3,44,257,126,131
050,06,011,"California","Colusa County",3,45,252,126,126
050,06,011,"California","Colusa County",3,46,243,118,125
050,06,011,"California","Colusa County",3,47,226,111,115
050,06,011,"California","Colusa County",3,48,239,120,119
050,06,011,"California","Colusa County",3,49,243,123,120
050,06,011,"California","Colusa County",3,50,261,137,124
050,06,011,"California","Colusa County",3,51,258,137,121
050,06,011,"California","Colusa County",3,52,258,126,132
050,06,011,"California","Colusa County",3,53,258,128,130
050,06,011,"California","Colusa County",3,54,243,124,119
050,06,011,"California","Colusa County",3,55,231,126,105
050,06,011,"California","Colusa County",3,56,250,136,114
050,06,011,"California","Colusa County",3,57,262,136,126
050,06,011,"California","Colusa County",3,58,238,127,111
050,06,011,"California","Colusa County",3,59,238,119,119
050,06,011,"California","Colusa County",3,60,261,141,120
050,06,011,"California","Colusa County",3,61,269,132,137
050,06,011,"California","Colusa County",3,62,247,122,125
050,06,011,"California","Colusa County",3,63,248,121,127
050,06,011,"California","Colusa County",3,64,271,146,125
050,06,011,"California","Colusa County",3,65,238,126,112
050,06,011,"California","Colusa County",3,66,226,124,102
050,06,011,"California","Colusa County",3,67,226,108,118
050,06,011,"California","Colusa County",3,68,219,109,110
050,06,011,"California","Colusa County",3,69,191,99,92
050,06,011,"California","Colusa County",3,70,199,97,102
050,06,011,"California","Colusa County",3,71,198,100,98
050,06,011,"California","Colusa County",3,72,170,87,83
050,06,011,"California","Colusa County",3,73,171,87,84
050,06,011,"California","Colusa County",3,74,172,82,90
050,06,011,"California","Colusa County",3,75,126,60,66
050,06,011,"California","Colusa County",3,76,110,52,58
050,06,011,"California","Colusa County",3,77,110,57,53
050,06,011,"California","Colusa County",3,78,125,64,61
050,06,011,"California","Colusa County",3,79,116,57,59
050,06,011,"California","Colusa County",3,80,104,50,54
050,06,011,"California","Colusa County",3,81,89,42,47
050,06,011,"California","Colusa County",3,82,68,34,34
050,06,011,"California","Colusa County",3,83,62,34,28
050,06,011,"California","Colusa County",3,84,62,29,33
050,06,011,"California","Colusa County",3,85,325,134,191
050,06,011,"California","Colusa County",4,0,283,148,135
050,06,011,"California","Colusa County",4,1,301,140,161
050,06,011,"California","Colusa County",4,2,271,146,125
050,06,011,"California","Colusa County",4,3,264,139,125
050,06,011,"California","Colusa County",4,4,284,149,135
050,06,011,"California","Colusa County",4,5,322,167,155
050,06,011,"California","Colusa County",4,6,331,161,170
050,06,011,"California","Colusa County",4,7,311,160,151
050,06,011,"California","Colusa County",4,8,325,161,164
050,06,011,"California","Colusa County",4,9,337,170,167
050,06,011,"California","Colusa County",4,10,344,165,179
050,06,011,"California","Colusa County",4,11,337,159,178
050,06,011,"California","Colusa County",4,12,324,169,155
050,06,011,"California","Colusa County",4,13,360,199,161
050,06,011,"California","Colusa County",4,14,386,206,180
050,06,011,"California","Colusa County",4,15,400,205,195
050,06,011,"California","Colusa County",4,16,377,195,182
050,06,011,"California","Colusa County",4,17,351,187,164
050,06,011,"California","Colusa County",4,18,321,181,140
050,06,011,"California","Colusa County",4,19,276,141,135
050,06,011,"California","Colusa County",4,20,270,142,128
050,06,011,"California","Colusa County",4,21,290,147,143
050,06,011,"California","Colusa County",4,22,274,136,138
050,06,011,"California","Colusa County",4,23,274,138,136
050,06,011,"California","Colusa County",4,24,279,138,141
050,06,011,"California","Colusa County",4,25,236,116,120
050,06,011,"California","Colusa County",4,26,258,134,124
050,06,011,"California","Colusa County",4,27,299,145,154
050,06,011,"California","Colusa County",4,28,298,149,149
050,06,011,"California","Colusa County",4,29,282,141,141
050,06,011,"California","Colusa County",4,30,294,149,145
050,06,011,"California","Colusa County",4,31,294,156,138
050,06,011,"California","Colusa County",4,32,287,162,125
050,06,011,"California","Colusa County",4,33,287,154,133
050,06,011,"California","Colusa County",4,34,269,151,118
050,06,011,"California","Colusa County",4,35,276,146,130
050,06,011,"California","Colusa County",4,36,291,141,150
050,06,011,"California","Colusa County",4,37,302,146,156
050,06,011,"California","Colusa County",4,38,308,152,156
050,06,011,"California","Colusa County",4,39,328,172,156
050,06,011,"California","Colusa County",4,40,315,164,151
050,06,011,"California","Colusa County",4,41,294,149,145
050,06,011,"California","Colusa County",4,42,262,129,133
050,06,011,"California","Colusa County",4,43,259,132,127
050,06,011,"California","Colusa County",4,44,252,128,124
050,06,011,"California","Colusa County",4,45,250,123,127
050,06,011,"California","Colusa County",4,46,243,121,122
050,06,011,"California","Colusa County",4,47,238,115,123
050,06,011,"California","Colusa County",4,48,222,108,114
050,06,011,"California","Colusa County",4,49,235,117,118
050,06,011,"California","Colusa County",4,50,245,125,120
050,06,011,"California","Colusa County",4,51,264,137,127
050,06,011,"California","Colusa County",4,52,263,142,121
050,06,011,"California","Colusa County",4,53,260,129,131
050,06,011,"California","Colusa County",4,54,259,130,129
050,06,011,"California","Colusa County",4,55,240,122,118
050,06,011,"California","Colusa County",4,56,226,125,101
050,06,011,"California","Colusa County",4,57,249,129,120
050,06,011,"California","Colusa County",4,58,243,129,114
050,06,011,"California","Colusa County",4,59,230,121,109
050,06,011,"California","Colusa County",4,60,233,117,116
050,06,011,"California","Colusa County",4,61,254,137,117
050,06,011,"California","Colusa County",4,62,258,124,134
050,06,011,"California","Colusa County",4,63,238,118,120
050,06,011,"California","Colusa County",4,64,246,125,121
050,06,011,"California","Colusa County",4,65,269,148,121
050,06,011,"California","Colusa County",4,66,236,123,113
050,06,011,"California","Colusa County",4,67,225,122,103
050,06,011,"California","Colusa County",4,68,223,107,116
050,06,011,"California","Colusa County",4,69,210,105,105
050,06,011,"California","Colusa County",4,70,185,93,92
050,06,011,"California","Colusa County",4,71,197,95,102
050,06,011,"California","Colusa County",4,72,188,94,94
050,06,011,"California","Colusa County",4,73,168,86,82
050,06,011,"California","Colusa County",4,74,164,81,83
050,06,011,"California","Colusa County",4,75,172,84,88
050,06,011,"California","Colusa County",4,76,116,57,59
050,06,011,"California","Colusa County",4,77,100,42,58
050,06,011,"California","Colusa County",4,78,105,54,51
050,06,011,"California","Colusa County",4,79,125,66,59
050,06,011,"California","Colusa County",4,80,114,53,61
050,06,011,"California","Colusa County",4,81,95,45,50
050,06,011,"California","Colusa County",4,82,89,44,45
050,06,011,"California","Colusa County",4,83,63,34,29
050,06,011,"California","Colusa County",4,84,57,28,29
050,06,011,"California","Colusa County",4,85,329,144,185
050,06,011,"California","Colusa County",5,0,280,149,131
050,06,011,"California","Colusa County",5,1,287,154,133
050,06,011,"California","Colusa County",5,2,309,147,162
050,06,011,"California","Colusa County",5,3,274,155,119
050,06,011,"California","Colusa County",5,4,268,138,130
050,06,011,"California","Colusa County",5,5,291,157,134
050,06,011,"California","Colusa County",5,6,328,170,158
050,06,011,"California","Colusa County",5,7,337,167,170
050,06,011,"California","Colusa County",5,8,314,162,152
050,06,011,"California","Colusa County",5,9,345,167,178
050,06,011,"California","Colusa County",5,10,344,178,166
050,06,011,"California","Colusa County",5,11,353,166,187
050,06,011,"California","Colusa County",5,12,346,164,182
050,06,011,"California","Colusa County",5,13,324,170,154
050,06,011,"California","Colusa County",5,14,349,193,156
050,06,011,"California","Colusa County",5,15,400,216,184
050,06,011,"California","Colusa County",5,16,391,207,184
050,06,011,"California","Colusa County",5,17,375,195,180
050,06,011,"California","Colusa County",5,18,330,176,154
050,06,011,"California","Colusa County",5,19,291,165,126
050,06,011,"California","Colusa County",5,20,280,146,134
050,06,011,"California","Colusa County",5,21,271,140,131
050,06,011,"California","Colusa County",5,22,290,149,141
050,06,011,"California","Colusa County",5,23,276,138,138
050,06,011,"California","Colusa County",5,24,272,145,127
050,06,011,"California","Colusa County",5,25,277,135,142
050,06,011,"California","Colusa County",5,26,232,114,118
050,06,011,"California","Colusa County",5,27,255,134,121
050,06,011,"California","Colusa County",5,28,300,142,158
050,06,011,"California","Colusa County",5,29,301,149,152
050,06,011,"California","Colusa County",5,30,286,142,144
050,06,011,"California","Colusa County",5,31,299,154,145
050,06,011,"California","Colusa County",5,32,291,153,138
050,06,011,"California","Colusa County",5,33,285,160,125
050,06,011,"California","Colusa County",5,34,284,150,134
050,06,011,"California","Colusa County",5,35,267,149,118
050,06,011,"California","Colusa County",5,36,280,145,135
050,06,011,"California","Colusa County",5,37,296,141,155
050,06,011,"California","Colusa County",5,38,302,149,153
050,06,011,"California","Colusa County",5,39,315,162,153
050,06,011,"California","Colusa County",5,40,313,157,156
050,06,011,"California","Colusa County",5,41,313,162,151
050,06,011,"California","Colusa County",5,42,286,145,141
050,06,011,"California","Colusa County",5,43,262,129,133
050,06,011,"California","Colusa County",5,44,253,131,122
050,06,011,"California","Colusa County",5,45,243,126,117
050,06,011,"California","Colusa County",5,46,251,122,129
050,06,011,"California","Colusa County",5,47,248,125,123
050,06,011,"California","Colusa County",5,48,240,116,124
050,06,011,"California","Colusa County",5,49,226,112,114
050,06,011,"California","Colusa County",5,50,237,120,117
050,06,011,"California","Colusa County",5,51,239,129,110
050,06,011,"California","Colusa County",5,52,258,132,126
050,06,011,"California","Colusa County",5,53,268,142,126
050,06,011,"California","Colusa County",5,54,254,126,128
050,06,011,"California","Colusa County",5,55,254,128,126
050,06,011,"California","Colusa County",5,56,237,120,117
050,06,011,"California","Colusa County",5,57,226,122,104
050,06,011,"California","Colusa County",5,58,250,133,117
050,06,011,"California","Colusa County",5,59,241,128,113
050,06,011,"California","Colusa County",5,60,237,126,111
050,06,011,"California","Colusa County",5,61,232,115,117
050,06,011,"California","Colusa County",5,62,251,133,118
050,06,011,"California","Colusa County",5,63,267,134,133
050,06,011,"California","Colusa County",5,64,237,116,121
050,06,011,"California","Colusa County",5,65,242,126,116
050,06,011,"California","Colusa County",5,66,273,153,120
050,06,011,"California","Colusa County",5,67,229,119,110
050,06,011,"California","Colusa County",5,68,220,119,101
050,06,011,"California","Colusa County",5,69,211,99,112
050,06,011,"California","Colusa County",5,70,206,104,102
050,06,011,"California","Colusa County",5,71,178,89,89
050,06,011,"California","Colusa County",5,72,184,86,98
050,06,011,"California","Colusa County",5,73,184,92,92
050,06,011,"California","Colusa County",5,74,167,84,83
050,06,011,"California","Colusa County",5,75,161,78,83
050,06,011,"California","Colusa County",5,76,162,78,84
050,06,011,"California","Colusa County",5,77,104,47,57
050,06,011,"California","Colusa County",5,78,101,41,60
050,06,011,"California","Colusa County",5,79,99,54,45
050,06,011,"California","Colusa County",5,80,121,61,60
050,06,011,"California","Colusa County",5,81,105,47,58
050,06,011,"California","Colusa County",5,82,87,43,44
050,06,011,"California","Colusa County",5,83,85,43,42
050,06,011,"California","Colusa County",5,84,57,28,29
050,06,011,"California","Colusa County",5,85,343,154,189
050,06,013,"California","Contra Costa County",1,0,11833,6040,5793
050,06,013,"California","Contra Costa County",1,1,12266,6276,5990
050,06,013,"California","Contra Costa County",1,2,12752,6549,6203
050,06,013,"California","Contra Costa County",1,3,13270,6717,6553
050,06,013,"California","Contra Costa County",1,4,13841,7047,6794
050,06,013,"California","Contra Costa County",1,5,14077,7200,6877
050,06,013,"California","Contra Costa County",1,6,14029,7181,6848
050,06,013,"California","Contra Costa County",1,7,14207,7177,7030
050,06,013,"California","Contra Costa County",1,8,14491,7375,7116
050,06,013,"California","Contra Costa County",1,9,14850,7548,7302
050,06,013,"California","Contra Costa County",1,10,15074,7709,7365
050,06,013,"California","Contra Costa County",1,11,15590,7963,7627
050,06,013,"California","Contra Costa County",1,12,16367,8378,7989
050,06,013,"California","Contra Costa County",1,13,16513,8420,8093
050,06,013,"California","Contra Costa County",1,14,16140,8251,7889
050,06,013,"California","Contra Costa County",1,15,16095,8274,7821
050,06,013,"California","Contra Costa County",1,16,16350,8359,7991
050,06,013,"California","Contra Costa County",1,17,16056,8199,7857
050,06,013,"California","Contra Costa County",1,18,14403,7412,6991
050,06,013,"California","Contra Costa County",1,19,12780,6599,6181
050,06,013,"California","Contra Costa County",1,20,12919,6669,6250
050,06,013,"California","Contra Costa County",1,21,12839,6542,6297
050,06,013,"California","Contra Costa County",1,22,13049,6587,6462
050,06,013,"California","Contra Costa County",1,23,13252,6706,6546
050,06,013,"California","Contra Costa County",1,24,13278,6723,6555
050,06,013,"California","Contra Costa County",1,25,13546,6833,6713
050,06,013,"California","Contra Costa County",1,26,13682,6917,6765
050,06,013,"California","Contra Costa County",1,27,14071,7202,6869
050,06,013,"California","Contra Costa County",1,28,14412,7302,7110
050,06,013,"California","Contra Costa County",1,29,14771,7441,7330
050,06,013,"California","Contra Costa County",1,30,14927,7420,7507
050,06,013,"California","Contra Costa County",1,31,14606,7316,7290
050,06,013,"California","Contra Costa County",1,32,14844,7430,7414
050,06,013,"California","Contra Costa County",1,33,14945,7506,7439
050,06,013,"California","Contra Costa County",1,34,15609,7746,7863
050,06,013,"California","Contra Costa County",1,35,15873,7798,8075
050,06,013,"California","Contra Costa County",1,36,16071,8025,8046
050,06,013,"California","Contra Costa County",1,37,16299,8093,8206
050,06,013,"California","Contra Costa County",1,38,16671,8369,8302
050,06,013,"California","Contra Costa County",1,39,16713,8313,8400
050,06,013,"California","Contra Costa County",1,40,16586,8151,8435
050,06,013,"California","Contra Costa County",1,41,16052,7918,8134
050,06,013,"California","Contra Costa County",1,42,15863,7801,8062
050,06,013,"California","Contra Costa County",1,43,15647,7684,7963
050,06,013,"California","Contra Costa County",1,44,15687,7762,7925
050,06,013,"California","Contra Costa County",1,45,15740,7766,7974
050,06,013,"California","Contra Costa County",1,46,15346,7542,7804
050,06,013,"California","Contra Costa County",1,47,15551,7623,7928
050,06,013,"California","Contra Costa County",1,48,15976,7910,8066
050,06,013,"California","Contra Costa County",1,49,16999,8525,8474
050,06,013,"California","Contra Costa County",1,50,17047,8521,8526
050,06,013,"California","Contra Costa County",1,51,16468,8247,8221
050,06,013,"California","Contra Costa County",1,52,15819,7789,8030
050,06,013,"California","Contra Costa County",1,53,15604,7710,7894
050,06,013,"California","Contra Costa County",1,54,16051,8031,8020
050,06,013,"California","Contra Costa County",1,55,16682,8267,8415
050,06,013,"California","Contra Costa County",1,56,16608,8203,8405
050,06,013,"California","Contra Costa County",1,57,16376,8099,8277
050,06,013,"California","Contra Costa County",1,58,16204,7994,8210
050,06,013,"California","Contra Costa County",1,59,15911,7919,7992
050,06,013,"California","Contra Costa County",1,60,15505,7670,7835
050,06,013,"California","Contra Costa County",1,61,15012,7321,7691
050,06,013,"California","Contra Costa County",1,62,14760,7151,7609
050,06,013,"California","Contra Costa County",1,63,14270,6884,7386
050,06,013,"California","Contra Costa County",1,64,13850,6682,7168
050,06,013,"California","Contra Costa County",1,65,13388,6408,6980
050,06,013,"California","Contra Costa County",1,66,12756,6065,6691
050,06,013,"California","Contra Costa County",1,67,12238,5665,6573
050,06,013,"California","Contra Costa County",1,68,11692,5441,6251
050,06,013,"California","Contra Costa County",1,69,11014,5070,5944
050,06,013,"California","Contra Costa County",1,70,10889,4976,5913
050,06,013,"California","Contra Costa County",1,71,10495,4767,5728
050,06,013,"California","Contra Costa County",1,72,10591,4826,5765
050,06,013,"California","Contra Costa County",1,73,10575,4887,5688
050,06,013,"California","Contra Costa County",1,74,7845,3518,4327
050,06,013,"California","Contra Costa County",1,75,7635,3397,4238
050,06,013,"California","Contra Costa County",1,76,7246,3246,4000
050,06,013,"California","Contra Costa County",1,77,6968,3076,3892
050,06,013,"California","Contra Costa County",1,78,6051,2671,3380
050,06,013,"California","Contra Costa County",1,79,5438,2376,3062
050,06,013,"California","Contra Costa County",1,80,4979,2198,2781
050,06,013,"California","Contra Costa County",1,81,4541,2022,2519
050,06,013,"California","Contra Costa County",1,82,4234,1889,2345
050,06,013,"California","Contra Costa County",1,83,3696,1571,2125
050,06,013,"California","Contra Costa County",1,84,3383,1409,1974
050,06,013,"California","Contra Costa County",1,85,21301,7793,13508
050,06,013,"California","Contra Costa County",2,0,11892,6052,5840
050,06,013,"California","Contra Costa County",2,1,12216,6244,5972
050,06,013,"California","Contra Costa County",2,2,12668,6501,6167
050,06,013,"California","Contra Costa County",2,3,13154,6692,6462
050,06,013,"California","Contra Costa County",2,4,13740,6980,6760
050,06,013,"California","Contra Costa County",2,5,14057,7184,6873
050,06,013,"California","Contra Costa County",2,6,14058,7201,6857
050,06,013,"California","Contra Costa County",2,7,14154,7170,6984
050,06,013,"California","Contra Costa County",2,8,14382,7299,7083
050,06,013,"California","Contra Costa County",2,9,14764,7514,7250
050,06,013,"California","Contra Costa County",2,10,15019,7674,7345
050,06,013,"California","Contra Costa County",2,11,15381,7856,7525
050,06,013,"California","Contra Costa County",2,12,16254,8311,7943
050,06,013,"California","Contra Costa County",2,13,16441,8403,8038
050,06,013,"California","Contra Costa County",2,14,16228,8291,7937
050,06,013,"California","Contra Costa County",2,15,16122,8270,7852
050,06,013,"California","Contra Costa County",2,16,16293,8335,7958
050,06,013,"California","Contra Costa County",2,17,16104,8221,7883
050,06,013,"California","Contra Costa County",2,18,14319,7387,6932
050,06,013,"California","Contra Costa County",2,19,12820,6590,6230
050,06,013,"California","Contra Costa County",2,20,13069,6742,6327
050,06,013,"California","Contra Costa County",2,21,12862,6560,6302
050,06,013,"California","Contra Costa County",2,22,13020,6579,6441
050,06,013,"California","Contra Costa County",2,23,13205,6667,6538
050,06,013,"California","Contra Costa County",2,24,13228,6697,6531
050,06,013,"California","Contra Costa County",2,25,13460,6790,6670
050,06,013,"California","Contra Costa County",2,26,13665,6907,6758
050,06,013,"California","Contra Costa County",2,27,13958,7128,6830
050,06,013,"California","Contra Costa County",2,28,14335,7280,7055
050,06,013,"California","Contra Costa County",2,29,14722,7427,7295
050,06,013,"California","Contra Costa County",2,30,15016,7488,7528
050,06,013,"California","Contra Costa County",2,31,14670,7324,7346
050,06,013,"California","Contra Costa County",2,32,14815,7424,7391
050,06,013,"California","Contra Costa County",2,33,14974,7505,7469
050,06,013,"California","Contra Costa County",2,34,15518,7723,7795
050,06,013,"California","Contra Costa County",2,35,15960,7864,8096
050,06,013,"California","Contra Costa County",2,36,15991,7956,8035
050,06,013,"California","Contra Costa County",2,37,16304,8109,8195
050,06,013,"California","Contra Costa County",2,38,16732,8370,8362
050,06,013,"California","Contra Costa County",2,39,16695,8314,8381
050,06,013,"California","Contra Costa County",2,40,16759,8272,8487
050,06,013,"California","Contra Costa County",2,41,16168,7962,8206
050,06,013,"California","Contra Costa County",2,42,15859,7811,8048
050,06,013,"California","Contra Costa County",2,43,15796,7760,8036
050,06,013,"California","Contra Costa County",2,44,15580,7695,7885
050,06,013,"California","Contra Costa County",2,45,15787,7795,7992
050,06,013,"California","Contra Costa County",2,46,15405,7576,7829
050,06,013,"California","Contra Costa County",2,47,15469,7594,7875
050,06,013,"California","Contra Costa County",2,48,15867,7846,8021
050,06,013,"California","Contra Costa County",2,49,16762,8385,8377
050,06,013,"California","Contra Costa County",2,50,17041,8522,8519
050,06,013,"California","Contra Costa County",2,51,16506,8260,8246
050,06,013,"California","Contra Costa County",2,52,15965,7897,8068
050,06,013,"California","Contra Costa County",2,53,15569,7682,7887
050,06,013,"California","Contra Costa County",2,54,15875,7927,7948
050,06,013,"California","Contra Costa County",2,55,16491,8192,8299
050,06,013,"California","Contra Costa County",2,56,16619,8220,8399
050,06,013,"California","Contra Costa County",2,57,16399,8097,8302
050,06,013,"California","Contra Costa County",2,58,16186,7983,8203
050,06,013,"California","Contra Costa County",2,59,15914,7907,8007
050,06,013,"California","Contra Costa County",2,60,15585,7713,7872
050,06,013,"California","Contra Costa County",2,61,15021,7347,7674
050,06,013,"California","Contra Costa County",2,62,14715,7129,7586
050,06,013,"California","Contra Costa County",2,63,14387,6944,7443
050,06,013,"California","Contra Costa County",2,64,13799,6654,7145
050,06,013,"California","Contra Costa County",2,65,13423,6420,7003
050,06,013,"California","Contra Costa County",2,66,12858,6116,6742
050,06,013,"California","Contra Costa County",2,67,12254,5715,6539
050,06,013,"California","Contra Costa County",2,68,11733,5454,6279
050,06,013,"California","Contra Costa County",2,69,11138,5125,6013
050,06,013,"California","Contra Costa County",2,70,10881,4976,5905
050,06,013,"California","Contra Costa County",2,71,10541,4783,5758
050,06,013,"California","Contra Costa County",2,72,10407,4728,5679
050,06,013,"California","Contra Costa County",2,73,10918,5024,5894
050,06,013,"California","Contra Costa County",2,74,8048,3631,4417
050,06,013,"California","Contra Costa County",2,75,7667,3418,4249
050,06,013,"California","Contra Costa County",2,76,7245,3228,4017
050,06,013,"California","Contra Costa County",2,77,7118,3156,3962
050,06,013,"California","Contra Costa County",2,78,6150,2708,3442
050,06,013,"California","Contra Costa County",2,79,5514,2417,3097
050,06,013,"California","Contra Costa County",2,80,5039,2213,2826
050,06,013,"California","Contra Costa County",2,81,4572,2037,2535
050,06,013,"California","Contra Costa County",2,82,4283,1907,2376
050,06,013,"California","Contra Costa County",2,83,3742,1603,2139
050,06,013,"California","Contra Costa County",2,84,3406,1422,1984
050,06,013,"California","Contra Costa County",2,85,21343,7803,13540
050,06,013,"California","Contra Costa County",3,0,11773,6000,5773
050,06,013,"California","Contra Costa County",3,1,12151,6166,5985
050,06,013,"California","Contra Costa County",3,2,12383,6319,6064
050,06,013,"California","Contra Costa County",3,3,12732,6514,6218
050,06,013,"California","Contra Costa County",3,4,13192,6724,6468
050,06,013,"California","Contra Costa County",3,5,13684,6946,6738
050,06,013,"California","Contra Costa County",3,6,14049,7197,6852
050,06,013,"California","Contra Costa County",3,7,13977,7175,6802
050,06,013,"California","Contra Costa County",3,8,14127,7111,7016
050,06,013,"California","Contra Costa County",3,9,14378,7315,7063
050,06,013,"California","Contra Costa County",3,10,14635,7450,7185
050,06,013,"California","Contra Costa County",3,11,14988,7628,7360
050,06,013,"California","Contra Costa County",3,12,15267,7789,7478
050,06,013,"California","Contra Costa County",3,13,16189,8267,7922
050,06,013,"California","Contra Costa County",3,14,16348,8342,8006
050,06,013,"California","Contra Costa County",3,15,16140,8237,7903
050,06,013,"California","Contra Costa County",3,16,15955,8183,7772
050,06,013,"California","Contra Costa County",3,17,16180,8248,7932
050,06,013,"California","Contra Costa County",3,18,14490,7494,6996
050,06,013,"California","Contra Costa County",3,19,12654,6406,6248
050,06,013,"California","Contra Costa County",3,20,13162,6734,6428
050,06,013,"California","Contra Costa County",3,21,13112,6703,6409
050,06,013,"California","Contra Costa County",3,22,13073,6606,6467
050,06,013,"California","Contra Costa County",3,23,13073,6565,6508
050,06,013,"California","Contra Costa County",3,24,13157,6676,6481
050,06,013,"California","Contra Costa County",3,25,13218,6703,6515
050,06,013,"California","Contra Costa County",3,26,13450,6833,6617
050,06,013,"California","Contra Costa County",3,27,13637,6931,6706
050,06,013,"California","Contra Costa County",3,28,13827,6947,6880
050,06,013,"California","Contra Costa County",3,29,14285,7251,7034
050,06,013,"California","Contra Costa County",3,30,14942,7451,7491
050,06,013,"California","Contra Costa County",3,31,15135,7472,7663
050,06,013,"California","Contra Costa County",3,32,14987,7435,7552
050,06,013,"California","Contra Costa County",3,33,15131,7572,7559
050,06,013,"California","Contra Costa County",3,34,15395,7698,7697
050,06,013,"California","Contra Costa County",3,35,15878,7901,7977
050,06,013,"California","Contra Costa County",3,36,16321,8066,8255
050,06,013,"California","Contra Costa County",3,37,16194,8047,8147
050,06,013,"California","Contra Costa County",3,38,16584,8235,8349
050,06,013,"California","Contra Costa County",3,39,16967,8448,8519
050,06,013,"California","Contra Costa County",3,40,16781,8345,8436
050,06,013,"California","Contra Costa County",3,41,16910,8360,8550
050,06,013,"California","Contra Costa County",3,42,16218,8009,8209
050,06,013,"California","Contra Costa County",3,43,15866,7844,8022
050,06,013,"California","Contra Costa County",3,44,15769,7746,8023
050,06,013,"California","Contra Costa County",3,45,15519,7627,7892
050,06,013,"California","Contra Costa County",3,46,15665,7720,7945
050,06,013,"California","Contra Costa County",3,47,15403,7559,7844
050,06,013,"California","Contra Costa County",3,48,15368,7594,7774
050,06,013,"California","Contra Costa County",3,49,15799,7820,7979
050,06,013,"California","Contra Costa County",3,50,16654,8355,8299
050,06,013,"California","Contra Costa County",3,51,16812,8444,8368
050,06,013,"California","Contra Costa County",3,52,16314,8197,8117
050,06,013,"California","Contra Costa County",3,53,15648,7753,7895
050,06,013,"California","Contra Costa County",3,54,15270,7498,7772
050,06,013,"California","Contra Costa County",3,55,15676,7838,7838
050,06,013,"California","Contra Costa County",3,56,16068,7944,8124
050,06,013,"California","Contra Costa County",3,57,16253,8054,8199
050,06,013,"California","Contra Costa County",3,58,16140,7938,8202
050,06,013,"California","Contra Costa County",3,59,15813,7756,8057
050,06,013,"California","Contra Costa County",3,60,15576,7732,7844
050,06,013,"California","Contra Costa County",3,61,15152,7448,7704
050,06,013,"California","Contra Costa County",3,62,14640,7112,7528
050,06,013,"California","Contra Costa County",3,63,14275,6926,7349
050,06,013,"California","Contra Costa County",3,64,14018,6756,7262
050,06,013,"California","Contra Costa County",3,65,13453,6426,7027
050,06,013,"California","Contra Costa County",3,66,13064,6189,6875
050,06,013,"California","Contra Costa County",3,67,12513,5928,6585
050,06,013,"California","Contra Costa County",3,68,12009,5574,6435
050,06,013,"California","Contra Costa County",3,69,11494,5313,6181
050,06,013,"California","Contra Costa County",3,70,10875,4955,5920
050,06,013,"California","Contra Costa County",3,71,10635,4829,5806
050,06,013,"California","Contra Costa County",3,72,10216,4635,5581
050,06,013,"California","Contra Costa County",3,73,10122,4600,5522
050,06,013,"California","Contra Costa County",3,74,10612,4874,5738
050,06,013,"California","Contra Costa County",3,75,7849,3528,4321
050,06,013,"California","Contra Costa County",3,76,7436,3267,4169
050,06,013,"California","Contra Costa County",3,77,7033,3114,3919
050,06,013,"California","Contra Costa County",3,78,6884,3045,3839
050,06,013,"California","Contra Costa County",3,79,5930,2595,3335
050,06,013,"California","Contra Costa County",3,80,5286,2287,2999
050,06,013,"California","Contra Costa County",3,81,4778,2059,2719
050,06,013,"California","Contra Costa County",3,82,4309,1914,2395
050,06,013,"California","Contra Costa County",3,83,4030,1771,2259
050,06,013,"California","Contra Costa County",3,84,3505,1502,2003
050,06,013,"California","Contra Costa County",3,85,21481,7930,13551
050,06,013,"California","Contra Costa County",4,0,11802,6063,5739
050,06,013,"California","Contra Costa County",4,1,11876,6071,5805
050,06,013,"California","Contra Costa County",4,2,12297,6242,6055
050,06,013,"California","Contra Costa County",4,3,12509,6352,6157
050,06,013,"California","Contra Costa County",4,4,12778,6543,6235
050,06,013,"California","Contra Costa County",4,5,13300,6751,6549
050,06,013,"California","Contra Costa County",4,6,13762,6984,6778
050,06,013,"California","Contra Costa County",4,7,14024,7221,6803
050,06,013,"California","Contra Costa County",4,8,14025,7151,6874
050,06,013,"California","Contra Costa County",4,9,14123,7082,7041
050,06,013,"California","Contra Costa County",4,10,14420,7326,7094
050,06,013,"California","Contra Costa County",4,11,14546,7392,7154
050,06,013,"California","Contra Costa County",4,12,14960,7616,7344
050,06,013,"California","Contra Costa County",4,13,15189,7746,7443
050,06,013,"California","Contra Costa County",4,14,16106,8227,7879
050,06,013,"California","Contra Costa County",4,15,16282,8315,7967
050,06,013,"California","Contra Costa County",4,16,16054,8214,7840
050,06,013,"California","Contra Costa County",4,17,15891,8153,7738
050,06,013,"California","Contra Costa County",4,18,14390,7473,6917
050,06,013,"California","Contra Costa County",4,19,12511,6410,6101
050,06,013,"California","Contra Costa County",4,20,12818,6509,6309
050,06,013,"California","Contra Costa County",4,21,13051,6636,6415
050,06,013,"California","Contra Costa County",4,22,13035,6597,6438
050,06,013,"California","Contra Costa County",4,23,12862,6464,6398
050,06,013,"California","Contra Costa County",4,24,12721,6364,6357
050,06,013,"California","Contra Costa County",4,25,12851,6514,6337
050,06,013,"California","Contra Costa County",4,26,12840,6510,6330
050,06,013,"California","Contra Costa County",4,27,13082,6627,6455
050,06,013,"California","Contra Costa County",4,28,13283,6775,6508
050,06,013,"California","Contra Costa County",4,29,13672,6826,6846
050,06,013,"California","Contra Costa County",4,30,14260,7156,7104
050,06,013,"California","Contra Costa County",4,31,14875,7348,7527
050,06,013,"California","Contra Costa County",4,32,15124,7481,7643
050,06,013,"California","Contra Costa County",4,33,15159,7465,7694
050,06,013,"California","Contra Costa County",4,34,15363,7680,7683
050,06,013,"California","Contra Costa County",4,35,15488,7764,7724
050,06,013,"California","Contra Costa County",4,36,16112,8004,8108
050,06,013,"California","Contra Costa County",4,37,16457,8102,8355
050,06,013,"California","Contra Costa County",4,38,16484,8104,8380
050,06,013,"California","Contra Costa County",4,39,16765,8285,8480
050,06,013,"California","Contra Costa County",4,40,17092,8516,8576
050,06,013,"California","Contra Costa County",4,41,16814,8393,8421
050,06,013,"California","Contra Costa County",4,42,16895,8361,8534
050,06,013,"California","Contra Costa County",4,43,16240,8038,8202
050,06,013,"California","Contra Costa County",4,44,15905,7857,8048
050,06,013,"California","Contra Costa County",4,45,15718,7764,7954
050,06,013,"California","Contra Costa County",4,46,15412,7557,7855
050,06,013,"California","Contra Costa County",4,47,15702,7758,7944
050,06,013,"California","Contra Costa County",4,48,15264,7508,7756
050,06,013,"California","Contra Costa County",4,49,15217,7488,7729
050,06,013,"California","Contra Costa County",4,50,15640,7755,7885
050,06,013,"California","Contra Costa County",4,51,16435,8263,8172
050,06,013,"California","Contra Costa County",4,52,16558,8363,8195
050,06,013,"California","Contra Costa County",4,53,15926,8028,7898
050,06,013,"California","Contra Costa County",4,54,15395,7615,7780
050,06,013,"California","Contra Costa County",4,55,14963,7336,7627
050,06,013,"California","Contra Costa County",4,56,15270,7645,7625
050,06,013,"California","Contra Costa County",4,57,15703,7746,7957
050,06,013,"California","Contra Costa County",4,58,15883,7830,8053
050,06,013,"California","Contra Costa County",4,59,15762,7750,8012
050,06,013,"California","Contra Costa County",4,60,15402,7536,7866
050,06,013,"California","Contra Costa County",4,61,15142,7482,7660
050,06,013,"California","Contra Costa County",4,62,14731,7217,7514
050,06,013,"California","Contra Costa County",4,63,14145,6874,7271
050,06,013,"California","Contra Costa County",4,64,13865,6709,7156
050,06,013,"California","Contra Costa County",4,65,13712,6575,7137
050,06,013,"California","Contra Costa County",4,66,13069,6168,6901
050,06,013,"California","Contra Costa County",4,67,12676,5992,6684
050,06,013,"California","Contra Costa County",4,68,12136,5722,6414
050,06,013,"California","Contra Costa County",4,69,11658,5391,6267
050,06,013,"California","Contra Costa County",4,70,11235,5176,6059
050,06,013,"California","Contra Costa County",4,71,10621,4796,5825
050,06,013,"California","Contra Costa County",4,72,10371,4715,5656
050,06,013,"California","Contra Costa County",4,73,9959,4497,5462
050,06,013,"California","Contra Costa County",4,74,9934,4504,5430
050,06,013,"California","Contra Costa County",4,75,10316,4724,5592
050,06,013,"California","Contra Costa County",4,76,7605,3367,4238
050,06,013,"California","Contra Costa County",4,77,7202,3136,4066
050,06,013,"California","Contra Costa County",4,78,6787,2985,3802
050,06,013,"California","Contra Costa County",4,79,6605,2886,3719
050,06,013,"California","Contra Costa County",4,80,5721,2481,3240
050,06,013,"California","Contra Costa County",4,81,5051,2166,2885
050,06,013,"California","Contra Costa County",4,82,4558,1937,2621
050,06,013,"California","Contra Costa County",4,83,4064,1786,2278
050,06,013,"California","Contra Costa County",4,84,3791,1653,2138
050,06,013,"California","Contra Costa County",4,85,21722,8120,13602
050,06,013,"California","Contra Costa County",5,0,11622,5969,5653
050,06,013,"California","Contra Costa County",5,1,12122,6273,5849
050,06,013,"California","Contra Costa County",5,2,12091,6216,5875
050,06,013,"California","Contra Costa County",5,3,12343,6226,6117
050,06,013,"California","Contra Costa County",5,4,12674,6430,6244
050,06,013,"California","Contra Costa County",5,5,12861,6570,6291
050,06,013,"California","Contra Costa County",5,6,13374,6801,6573
050,06,013,"California","Contra Costa County",5,7,13690,6993,6697
050,06,013,"California","Contra Costa County",5,8,14026,7170,6856
050,06,013,"California","Contra Costa County",5,9,14072,7172,6900
050,06,013,"California","Contra Costa County",5,10,14137,7066,7071
050,06,013,"California","Contra Costa County",5,11,14327,7286,7041
050,06,013,"California","Contra Costa County",5,12,14579,7351,7228
050,06,013,"California","Contra Costa County",5,13,14979,7599,7380
050,06,013,"California","Contra Costa County",5,14,15163,7770,7393
050,06,013,"California","Contra Costa County",5,15,16145,8246,7899
050,06,013,"California","Contra Costa County",5,16,16248,8268,7980
050,06,013,"California","Contra Costa County",5,17,15986,8165,7821
050,06,013,"California","Contra Costa County",5,18,14210,7421,6789
050,06,013,"California","Contra Costa County",5,19,12715,6535,6180
050,06,013,"California","Contra Costa County",5,20,12981,6668,6313
050,06,013,"California","Contra Costa County",5,21,12910,6544,6366
050,06,013,"California","Contra Costa County",5,22,13157,6664,6493
050,06,013,"California","Contra Costa County",5,23,12997,6526,6471
050,06,013,"California","Contra Costa County",5,24,12625,6361,6264
050,06,013,"California","Contra Costa County",5,25,12625,6293,6332
050,06,013,"California","Contra Costa County",5,26,12668,6432,6236
050,06,013,"California","Contra Costa County",5,27,12658,6405,6253
050,06,013,"California","Contra Costa County",5,28,12977,6509,6468
050,06,013,"California","Contra Costa County",5,29,13238,6684,6554
050,06,013,"California","Contra Costa County",5,30,13721,6837,6884
050,06,013,"California","Contra Costa County",5,31,14390,7153,7237
050,06,013,"California","Contra Costa County",5,32,14951,7326,7625
050,06,013,"California","Contra Costa County",5,33,15373,7541,7832
050,06,013,"California","Contra Costa County",5,34,15475,7594,7881
050,06,013,"California","Contra Costa County",5,35,15565,7732,7833
050,06,013,"California","Contra Costa County",5,36,15756,7908,7848
050,06,013,"California","Contra Costa County",5,37,16280,8135,8145
050,06,013,"California","Contra Costa County",5,38,16667,8193,8474
050,06,013,"California","Contra Costa County",5,39,16560,8094,8466
050,06,013,"California","Contra Costa County",5,40,16824,8366,8458
050,06,013,"California","Contra Costa County",5,41,17141,8556,8585
050,06,013,"California","Contra Costa County",5,42,16646,8319,8327
050,06,013,"California","Contra Costa County",5,43,16825,8333,8492
050,06,013,"California","Contra Costa County",5,44,16193,7969,8224
050,06,013,"California","Contra Costa County",5,45,15834,7849,7985
050,06,013,"California","Contra Costa County",5,46,15565,7686,7879
050,06,013,"California","Contra Costa County",5,47,15361,7531,7830
050,06,013,"California","Contra Costa County",5,48,15580,7722,7858
050,06,013,"California","Contra Costa County",5,49,15122,7456,7666
050,06,013,"California","Contra Costa County",5,50,15057,7424,7633
050,06,013,"California","Contra Costa County",5,51,15410,7657,7753
050,06,013,"California","Contra Costa County",5,52,16226,8195,8031
050,06,013,"California","Contra Costa County",5,53,16280,8199,8081
050,06,013,"California","Contra Costa County",5,54,15711,7916,7795
050,06,013,"California","Contra Costa County",5,55,15328,7566,7762
050,06,013,"California","Contra Costa County",5,56,14714,7211,7503
050,06,013,"California","Contra Costa County",5,57,14954,7476,7478
050,06,013,"California","Contra Costa County",5,58,15326,7558,7768
050,06,013,"California","Contra Costa County",5,59,15601,7710,7891
050,06,013,"California","Contra Costa County",5,60,15414,7579,7835
050,06,013,"California","Contra Costa County",5,61,15043,7282,7761
050,06,013,"California","Contra Costa County",5,62,14816,7283,7533
050,06,013,"California","Contra Costa County",5,63,14424,7081,7343
050,06,013,"California","Contra Costa County",5,64,13863,6714,7149
050,06,013,"California","Contra Costa County",5,65,13569,6525,7044
050,06,013,"California","Contra Costa County",5,66,13380,6389,6991
050,06,013,"California","Contra Costa County",5,67,12799,6063,6736
050,06,013,"California","Contra Costa County",5,68,12411,5853,6558
050,06,013,"California","Contra Costa County",5,69,11882,5582,6300
050,06,013,"California","Contra Costa County",5,70,11448,5267,6181
050,06,013,"California","Contra Costa County",5,71,11026,5052,5974
050,06,013,"California","Contra Costa County",5,72,10373,4662,5711
050,06,013,"California","Contra Costa County",5,73,10164,4613,5551
050,06,013,"California","Contra Costa County",5,74,9760,4417,5343
050,06,013,"California","Contra Costa County",5,75,9775,4410,5365
050,06,013,"California","Contra Costa County",5,76,9998,4534,5464
050,06,013,"California","Contra Costa County",5,77,7415,3255,4160
050,06,013,"California","Contra Costa County",5,78,7009,3031,3978
050,06,013,"California","Contra Costa County",5,79,6583,2886,3697
050,06,013,"California","Contra Costa County",5,80,6367,2761,3606
050,06,013,"California","Contra Costa County",5,81,5497,2376,3121
050,06,013,"California","Contra Costa County",5,82,4808,2041,2767
050,06,013,"California","Contra Costa County",5,83,4281,1820,2461
050,06,013,"California","Contra Costa County",5,84,3861,1692,2169
050,06,013,"California","Contra Costa County",5,85,22423,8525,13898
050,06,015,"California","Del Norte County",1,0,268,137,131
050,06,015,"California","Del Norte County",1,1,268,134,134
050,06,015,"California","Del Norte County",1,2,261,129,132
050,06,015,"California","Del Norte County",1,3,299,157,142
050,06,015,"California","Del Norte County",1,4,323,154,169
050,06,015,"California","Del Norte County",1,5,316,168,148
050,06,015,"California","Del Norte County",1,6,331,179,152
050,06,015,"California","Del Norte County",1,7,347,187,160
050,06,015,"California","Del Norte County",1,8,337,158,179
050,06,015,"California","Del Norte County",1,9,340,175,165
050,06,015,"California","Del Norte County",1,10,338,167,171
050,06,015,"California","Del Norte County",1,11,332,180,152
050,06,015,"California","Del Norte County",1,12,363,183,180
050,06,015,"California","Del Norte County",1,13,387,199,188
050,06,015,"California","Del Norte County",1,14,344,180,164
050,06,015,"California","Del Norte County",1,15,319,168,151
050,06,015,"California","Del Norte County",1,16,310,160,150
050,06,015,"California","Del Norte County",1,17,299,156,143
050,06,015,"California","Del Norte County",1,18,290,157,133
050,06,015,"California","Del Norte County",1,19,243,139,104
050,06,015,"California","Del Norte County",1,20,283,171,112
050,06,015,"California","Del Norte County",1,21,256,152,104
050,06,015,"California","Del Norte County",1,22,305,179,126
050,06,015,"California","Del Norte County",1,23,334,203,131
050,06,015,"California","Del Norte County",1,24,319,199,120
050,06,015,"California","Del Norte County",1,25,328,208,120
050,06,015,"California","Del Norte County",1,26,341,211,130
050,06,015,"California","Del Norte County",1,27,353,228,125
050,06,015,"California","Del Norte County",1,28,372,230,142
050,06,015,"California","Del Norte County",1,29,406,261,145
050,06,015,"California","Del Norte County",1,30,395,260,135
050,06,015,"California","Del Norte County",1,31,373,239,134
050,06,015,"California","Del Norte County",1,32,371,246,125
050,06,015,"California","Del Norte County",1,33,417,282,135
050,06,015,"California","Del Norte County",1,34,405,248,157
050,06,015,"California","Del Norte County",1,35,419,273,146
050,06,015,"California","Del Norte County",1,36,415,253,162
050,06,015,"California","Del Norte County",1,37,421,250,171
050,06,015,"California","Del Norte County",1,38,408,261,147
050,06,015,"California","Del Norte County",1,39,422,265,157
050,06,015,"California","Del Norte County",1,40,397,227,170
050,06,015,"California","Del Norte County",1,41,393,238,155
050,06,015,"California","Del Norte County",1,42,350,224,126
050,06,015,"California","Del Norte County",1,43,332,198,134
050,06,015,"California","Del Norte County",1,44,322,190,132
050,06,015,"California","Del Norte County",1,45,312,181,131
050,06,015,"California","Del Norte County",1,46,311,192,119
050,06,015,"California","Del Norte County",1,47,329,198,131
050,06,015,"California","Del Norte County",1,48,326,195,131
050,06,015,"California","Del Norte County",1,49,354,211,143
050,06,015,"California","Del Norte County",1,50,321,177,144
050,06,015,"California","Del Norte County",1,51,299,165,134
050,06,015,"California","Del Norte County",1,52,302,173,129
050,06,015,"California","Del Norte County",1,53,299,151,148
050,06,015,"California","Del Norte County",1,54,295,144,151
050,06,015,"California","Del Norte County",1,55,360,186,174
050,06,015,"California","Del Norte County",1,56,396,211,185
050,06,015,"California","Del Norte County",1,57,373,195,178
050,06,015,"California","Del Norte County",1,58,395,192,203
050,06,015,"California","Del Norte County",1,59,395,185,210
050,06,015,"California","Del Norte County",1,60,422,217,205
050,06,015,"California","Del Norte County",1,61,396,205,191
050,06,015,"California","Del Norte County",1,62,424,201,223
050,06,015,"California","Del Norte County",1,63,416,196,220
050,06,015,"California","Del Norte County",1,64,393,181,212
050,06,015,"California","Del Norte County",1,65,384,170,214
050,06,015,"California","Del Norte County",1,66,368,179,189
050,06,015,"California","Del Norte County",1,67,380,192,188
050,06,015,"California","Del Norte County",1,68,387,202,185
050,06,015,"California","Del Norte County",1,69,338,164,174
050,06,015,"California","Del Norte County",1,70,319,161,158
050,06,015,"California","Del Norte County",1,71,300,150,150
050,06,015,"California","Del Norte County",1,72,292,160,132
050,06,015,"California","Del Norte County",1,73,307,156,151
050,06,015,"California","Del Norte County",1,74,206,106,100
050,06,015,"California","Del Norte County",1,75,190,98,92
050,06,015,"California","Del Norte County",1,76,172,79,93
050,06,015,"California","Del Norte County",1,77,181,77,104
050,06,015,"California","Del Norte County",1,78,171,73,98
050,06,015,"California","Del Norte County",1,79,146,65,81
050,06,015,"California","Del Norte County",1,80,139,60,79
050,06,015,"California","Del Norte County",1,81,116,56,60
050,06,015,"California","Del Norte County",1,82,102,45,57
050,06,015,"California","Del Norte County",1,83,90,34,56
050,06,015,"California","Del Norte County",1,84,78,27,51
050,06,015,"California","Del Norte County",1,85,509,202,307
050,06,015,"California","Del Norte County",2,0,275,135,140
050,06,015,"California","Del Norte County",2,1,266,134,132
050,06,015,"California","Del Norte County",2,2,265,132,133
050,06,015,"California","Del Norte County",2,3,291,150,141
050,06,015,"California","Del Norte County",2,4,316,153,163
050,06,015,"California","Del Norte County",2,5,314,165,149
050,06,015,"California","Del Norte County",2,6,327,177,150
050,06,015,"California","Del Norte County",2,7,342,184,158
050,06,015,"California","Del Norte County",2,8,342,166,176
050,06,015,"California","Del Norte County",2,9,340,170,170
050,06,015,"California","Del Norte County",2,10,336,169,167
050,06,015,"California","Del Norte County",2,11,332,177,155
050,06,015,"California","Del Norte County",2,12,359,183,176
050,06,015,"California","Del Norte County",2,13,381,197,184
050,06,015,"California","Del Norte County",2,14,351,184,167
050,06,015,"California","Del Norte County",2,15,324,169,155
050,06,015,"California","Del Norte County",2,16,309,162,147
050,06,015,"California","Del Norte County",2,17,301,157,144
050,06,015,"California","Del Norte County",2,18,280,152,128
050,06,015,"California","Del Norte County",2,19,243,138,105
050,06,015,"California","Del Norte County",2,20,281,169,112
050,06,015,"California","Del Norte County",2,21,262,155,107
050,06,015,"California","Del Norte County",2,22,295,173,122
050,06,015,"California","Del Norte County",2,23,331,199,132
050,06,015,"California","Del Norte County",2,24,316,197,119
050,06,015,"California","Del Norte County",2,25,326,204,122
050,06,015,"California","Del Norte County",2,26,336,207,129
050,06,015,"California","Del Norte County",2,27,345,220,125
050,06,015,"California","Del Norte County",2,28,364,226,138
050,06,015,"California","Del Norte County",2,29,395,249,146
050,06,015,"California","Del Norte County",2,30,390,253,137
050,06,015,"California","Del Norte County",2,31,368,235,133
050,06,015,"California","Del Norte County",2,32,369,241,128
050,06,015,"California","Del Norte County",2,33,400,267,133
050,06,015,"California","Del Norte County",2,34,396,246,150
050,06,015,"California","Del Norte County",2,35,415,264,151
050,06,015,"California","Del Norte County",2,36,406,247,159
050,06,015,"California","Del Norte County",2,37,412,241,171
050,06,015,"California","Del Norte County",2,38,406,253,153
050,06,015,"California","Del Norte County",2,39,413,259,154
050,06,015,"California","Del Norte County",2,40,395,227,168
050,06,015,"California","Del Norte County",2,41,389,231,158
050,06,015,"California","Del Norte County",2,42,349,218,131
050,06,015,"California","Del Norte County",2,43,342,205,137
050,06,015,"California","Del Norte County",2,44,321,190,131
050,06,015,"California","Del Norte County",2,45,310,178,132
050,06,015,"California","Del Norte County",2,46,312,189,123
050,06,015,"California","Del Norte County",2,47,322,193,129
050,06,015,"California","Del Norte County",2,48,326,192,134
050,06,015,"California","Del Norte County",2,49,346,204,142
050,06,015,"California","Del Norte County",2,50,328,181,147
050,06,015,"California","Del Norte County",2,51,301,164,137
050,06,015,"California","Del Norte County",2,52,298,165,133
050,06,015,"California","Del Norte County",2,53,297,152,145
050,06,015,"California","Del Norte County",2,54,292,144,148
050,06,015,"California","Del Norte County",2,55,344,176,168
050,06,015,"California","Del Norte County",2,56,386,202,184
050,06,015,"California","Del Norte County",2,57,377,197,180
050,06,015,"California","Del Norte County",2,58,392,194,198
050,06,015,"California","Del Norte County",2,59,395,188,207
050,06,015,"California","Del Norte County",2,60,417,211,206
050,06,015,"California","Del Norte County",2,61,399,207,192
050,06,015,"California","Del Norte County",2,62,415,201,214
050,06,015,"California","Del Norte County",2,63,420,199,221
050,06,015,"California","Del Norte County",2,64,394,183,211
050,06,015,"California","Del Norte County",2,65,387,172,215
050,06,015,"California","Del Norte County",2,66,376,180,196
050,06,015,"California","Del Norte County",2,67,378,188,190
050,06,015,"California","Del Norte County",2,68,380,196,184
050,06,015,"California","Del Norte County",2,69,352,175,177
050,06,015,"California","Del Norte County",2,70,321,161,160
050,06,015,"California","Del Norte County",2,71,301,150,151
050,06,015,"California","Del Norte County",2,72,289,154,135
050,06,015,"California","Del Norte County",2,73,321,167,154
050,06,015,"California","Del Norte County",2,74,217,111,106
050,06,015,"California","Del Norte County",2,75,192,99,93
050,06,015,"California","Del Norte County",2,76,171,81,90
050,06,015,"California","Del Norte County",2,77,180,76,104
050,06,015,"California","Del Norte County",2,78,169,71,98
050,06,015,"California","Del Norte County",2,79,148,66,82
050,06,015,"California","Del Norte County",2,80,140,60,80
050,06,015,"California","Del Norte County",2,81,117,55,62
050,06,015,"California","Del Norte County",2,82,105,47,58
050,06,015,"California","Del Norte County",2,83,90,35,55
050,06,015,"California","Del Norte County",2,84,77,27,50
050,06,015,"California","Del Norte County",2,85,506,202,304
050,06,015,"California","Del Norte County",3,0,259,149,110
050,06,015,"California","Del Norte County",3,1,294,147,147
050,06,015,"California","Del Norte County",3,2,276,138,138
050,06,015,"California","Del Norte County",3,3,284,146,138
050,06,015,"California","Del Norte County",3,4,291,148,143
050,06,015,"California","Del Norte County",3,5,327,161,166
050,06,015,"California","Del Norte County",3,6,333,174,159
050,06,015,"California","Del Norte County",3,7,326,170,156
050,06,015,"California","Del Norte County",3,8,337,181,156
050,06,015,"California","Del Norte County",3,9,346,168,178
050,06,015,"California","Del Norte County",3,10,348,174,174
050,06,015,"California","Del Norte County",3,11,331,164,167
050,06,015,"California","Del Norte County",3,12,343,185,158
050,06,015,"California","Del Norte County",3,13,358,183,175
050,06,015,"California","Del Norte County",3,14,380,197,183
050,06,015,"California","Del Norte County",3,15,346,184,162
050,06,015,"California","Del Norte County",3,16,336,178,158
050,06,015,"California","Del Norte County",3,17,298,153,145
050,06,015,"California","Del Norte County",3,18,271,147,124
050,06,015,"California","Del Norte County",3,19,236,134,102
050,06,015,"California","Del Norte County",3,20,272,160,112
050,06,015,"California","Del Norte County",3,21,266,159,107
050,06,015,"California","Del Norte County",3,22,272,156,116
050,06,015,"California","Del Norte County",3,23,315,177,138
050,06,015,"California","Del Norte County",3,24,341,209,132
050,06,015,"California","Del Norte County",3,25,320,200,120
050,06,015,"California","Del Norte County",3,26,331,199,132
050,06,015,"California","Del Norte County",3,27,353,220,133
050,06,015,"California","Del Norte County",3,28,368,228,140
050,06,015,"California","Del Norte County",3,29,386,249,137
050,06,015,"California","Del Norte County",3,30,387,239,148
050,06,015,"California","Del Norte County",3,31,392,244,148
050,06,015,"California","Del Norte County",3,32,370,230,140
050,06,015,"California","Del Norte County",3,33,376,246,130
050,06,015,"California","Del Norte County",3,34,387,245,142
050,06,015,"California","Del Norte County",3,35,407,249,158
050,06,015,"California","Del Norte County",3,36,416,262,154
050,06,015,"California","Del Norte County",3,37,398,235,163
050,06,015,"California","Del Norte County",3,38,431,247,184
050,06,015,"California","Del Norte County",3,39,415,259,156
050,06,015,"California","Del Norte County",3,40,410,243,167
050,06,015,"California","Del Norte County",3,41,404,231,173
050,06,015,"California","Del Norte County",3,42,352,197,155
050,06,015,"California","Del Norte County",3,43,356,223,133
050,06,015,"California","Del Norte County",3,44,337,195,142
050,06,015,"California","Del Norte County",3,45,301,172,129
050,06,015,"California","Del Norte County",3,46,295,166,129
050,06,015,"California","Del Norte County",3,47,295,168,127
050,06,015,"California","Del Norte County",3,48,310,181,129
050,06,015,"California","Del Norte County",3,49,312,176,136
050,06,015,"California","Del Norte County",3,50,334,197,137
050,06,015,"California","Del Norte County",3,51,329,183,146
050,06,015,"California","Del Norte County",3,52,278,150,128
050,06,015,"California","Del Norte County",3,53,283,152,131
050,06,015,"California","Del Norte County",3,54,275,136,139
050,06,015,"California","Del Norte County",3,55,299,149,150
050,06,015,"California","Del Norte County",3,56,335,162,173
050,06,015,"California","Del Norte County",3,57,374,189,185
050,06,015,"California","Del Norte County",3,58,386,202,184
050,06,015,"California","Del Norte County",3,59,400,192,208
050,06,015,"California","Del Norte County",3,60,403,198,205
050,06,015,"California","Del Norte County",3,61,390,189,201
050,06,015,"California","Del Norte County",3,62,390,198,192
050,06,015,"California","Del Norte County",3,63,394,189,205
050,06,015,"California","Del Norte County",3,64,425,201,224
050,06,015,"California","Del Norte County",3,65,398,182,216
050,06,015,"California","Del Norte County",3,66,378,172,206
050,06,015,"California","Del Norte County",3,67,370,175,195
050,06,015,"California","Del Norte County",3,68,374,186,188
050,06,015,"California","Del Norte County",3,69,372,193,179
050,06,015,"California","Del Norte County",3,70,350,170,180
050,06,015,"California","Del Norte County",3,71,311,159,152
050,06,015,"California","Del Norte County",3,72,289,141,148
050,06,015,"California","Del Norte County",3,73,282,150,132
050,06,015,"California","Del Norte County",3,74,311,161,150
050,06,015,"California","Del Norte County",3,75,201,102,99
050,06,015,"California","Del Norte County",3,76,188,99,89
050,06,015,"California","Del Norte County",3,77,169,76,93
050,06,015,"California","Del Norte County",3,78,177,75,102
050,06,015,"California","Del Norte County",3,79,154,63,91
050,06,015,"California","Del Norte County",3,80,146,64,82
050,06,015,"California","Del Norte County",3,81,125,53,72
050,06,015,"California","Del Norte County",3,82,114,54,60
050,06,015,"California","Del Norte County",3,83,101,46,55
050,06,015,"California","Del Norte County",3,84,82,34,48
050,06,015,"California","Del Norte County",3,85,502,194,308
050,06,015,"California","Del Norte County",4,0,261,142,119
050,06,015,"California","Del Norte County",4,1,260,154,106
050,06,015,"California","Del Norte County",4,2,287,144,143
050,06,015,"California","Del Norte County",4,3,278,139,139
050,06,015,"California","Del Norte County",4,4,282,148,134
050,06,015,"California","Del Norte County",4,5,279,145,134
050,06,015,"California","Del Norte County",4,6,319,159,160
050,06,015,"California","Del Norte County",4,7,327,169,158
050,06,015,"California","Del Norte County",4,8,332,170,162
050,06,015,"California","Del Norte County",4,9,325,172,153
050,06,015,"California","Del Norte County",4,10,347,170,177
050,06,015,"California","Del Norte County",4,11,337,163,174
050,06,015,"California","Del Norte County",4,12,328,158,170
050,06,015,"California","Del Norte County",4,13,341,188,153
050,06,015,"California","Del Norte County",4,14,360,178,182
050,06,015,"California","Del Norte County",4,15,371,188,183
050,06,015,"California","Del Norte County",4,16,333,172,161
050,06,015,"California","Del Norte County",4,17,335,177,158
050,06,015,"California","Del Norte County",4,18,263,141,122
050,06,015,"California","Del Norte County",4,19,212,121,91
050,06,015,"California","Del Norte County",4,20,259,161,98
050,06,015,"California","Del Norte County",4,21,270,154,116
050,06,015,"California","Del Norte County",4,22,248,137,111
050,06,015,"California","Del Norte County",4,23,278,164,114
050,06,015,"California","Del Norte County",4,24,299,171,128
050,06,015,"California","Del Norte County",4,25,332,200,132
050,06,015,"California","Del Norte County",4,26,299,191,108
050,06,015,"California","Del Norte County",4,27,321,197,124
050,06,015,"California","Del Norte County",4,28,355,223,132
050,06,015,"California","Del Norte County",4,29,371,234,137
050,06,015,"California","Del Norte County",4,30,357,226,131
050,06,015,"California","Del Norte County",4,31,385,227,158
050,06,015,"California","Del Norte County",4,32,381,239,142
050,06,015,"California","Del Norte County",4,33,368,223,145
050,06,015,"California","Del Norte County",4,34,346,220,126
050,06,015,"California","Del Norte County",4,35,391,244,147
050,06,015,"California","Del Norte County",4,36,402,243,159
050,06,015,"California","Del Norte County",4,37,403,247,156
050,06,015,"California","Del Norte County",4,38,400,239,161
050,06,015,"California","Del Norte County",4,39,402,232,170
050,06,015,"California","Del Norte County",4,40,386,228,158
050,06,015,"California","Del Norte County",4,41,428,254,174
050,06,015,"California","Del Norte County",4,42,356,194,162
050,06,015,"California","Del Norte County",4,43,361,199,162
050,06,015,"California","Del Norte County",4,44,357,217,140
050,06,015,"California","Del Norte County",4,45,318,180,138
050,06,015,"California","Del Norte County",4,46,297,173,124
050,06,015,"California","Del Norte County",4,47,279,152,127
050,06,015,"California","Del Norte County",4,48,302,171,131
050,06,015,"California","Del Norte County",4,49,303,180,123
050,06,015,"California","Del Norte County",4,50,285,154,131
050,06,015,"California","Del Norte County",4,51,322,186,136
050,06,015,"California","Del Norte County",4,52,314,166,148
050,06,015,"California","Del Norte County",4,53,280,143,137
050,06,015,"California","Del Norte County",4,54,275,145,130
050,06,015,"California","Del Norte County",4,55,274,141,133
050,06,015,"California","Del Norte County",4,56,294,143,151
050,06,015,"California","Del Norte County",4,57,308,145,163
050,06,015,"California","Del Norte County",4,58,380,189,191
050,06,015,"California","Del Norte County",4,59,368,190,178
050,06,015,"California","Del Norte County",4,60,410,205,205
050,06,015,"California","Del Norte County",4,61,392,185,207
050,06,015,"California","Del Norte County",4,62,369,175,194
050,06,015,"California","Del Norte County",4,63,389,194,195
050,06,015,"California","Del Norte County",4,64,402,196,206
050,06,015,"California","Del Norte County",4,65,422,192,230
050,06,015,"California","Del Norte County",4,66,385,182,203
050,06,015,"California","Del Norte County",4,67,378,179,199
050,06,015,"California","Del Norte County",4,68,377,175,202
050,06,015,"California","Del Norte County",4,69,363,184,179
050,06,015,"California","Del Norte County",4,70,373,198,175
050,06,015,"California","Del Norte County",4,71,343,166,177
050,06,015,"California","Del Norte County",4,72,306,149,157
050,06,015,"California","Del Norte County",4,73,285,137,148
050,06,015,"California","Del Norte County",4,74,266,136,130
050,06,015,"California","Del Norte County",4,75,296,150,146
050,06,015,"California","Del Norte County",4,76,199,101,98
050,06,015,"California","Del Norte County",4,77,184,94,90
050,06,015,"California","Del Norte County",4,78,154,68,86
050,06,015,"California","Del Norte County",4,79,159,68,91
050,06,015,"California","Del Norte County",4,80,150,62,88
050,06,015,"California","Del Norte County",4,81,138,63,75
050,06,015,"California","Del Norte County",4,82,122,54,68
050,06,015,"California","Del Norte County",4,83,113,51,62
050,06,015,"California","Del Norte County",4,84,92,40,52
050,06,015,"California","Del Norte County",4,85,514,205,309
050,06,015,"California","Del Norte County",5,0,236,127,109
050,06,015,"California","Del Norte County",5,1,284,157,127
050,06,015,"California","Del Norte County",5,2,260,155,105
050,06,015,"California","Del Norte County",5,3,281,143,138
050,06,015,"California","Del Norte County",5,4,270,131,139
050,06,015,"California","Del Norte County",5,5,278,143,135
050,06,015,"California","Del Norte County",5,6,270,141,129
050,06,015,"California","Del Norte County",5,7,314,157,157
050,06,015,"California","Del Norte County",5,8,327,174,153
050,06,015,"California","Del Norte County",5,9,326,166,160
050,06,015,"California","Del Norte County",5,10,328,177,151
050,06,015,"California","Del Norte County",5,11,341,164,177
050,06,015,"California","Del Norte County",5,12,327,157,170
050,06,015,"California","Del Norte County",5,13,319,157,162
050,06,015,"California","Del Norte County",5,14,336,180,156
050,06,015,"California","Del Norte County",5,15,347,177,170
050,06,015,"California","Del Norte County",5,16,382,198,184
050,06,015,"California","Del Norte County",5,17,329,168,161
050,06,015,"California","Del Norte County",5,18,298,165,133
050,06,015,"California","Del Norte County",5,19,214,117,97
050,06,015,"California","Del Norte County",5,20,232,135,97
050,06,015,"California","Del Norte County",5,21,248,152,96
050,06,015,"California","Del Norte County",5,22,254,142,112
050,06,015,"California","Del Norte County",5,23,267,146,121
050,06,015,"California","Del Norte County",5,24,279,160,119
050,06,015,"California","Del Norte County",5,25,287,160,127
050,06,015,"California","Del Norte County",5,26,316,186,130
050,06,015,"California","Del Norte County",5,27,308,202,106
050,06,015,"California","Del Norte County",5,28,317,194,123
050,06,015,"California","Del Norte County",5,29,348,214,134
050,06,015,"California","Del Norte County",5,30,355,219,136
050,06,015,"California","Del Norte County",5,31,344,206,138
050,06,015,"California","Del Norte County",5,32,368,210,158
050,06,015,"California","Del Norte County",5,33,362,226,136
050,06,015,"California","Del Norte County",5,34,345,195,150
050,06,015,"California","Del Norte County",5,35,341,218,123
050,06,015,"California","Del Norte County",5,36,383,236,147
050,06,015,"California","Del Norte County",5,37,383,224,159
050,06,015,"California","Del Norte County",5,38,405,245,160
050,06,015,"California","Del Norte County",5,39,388,224,164
050,06,015,"California","Del Norte County",5,40,370,199,171
050,06,015,"California","Del Norte County",5,41,387,229,158
050,06,015,"California","Del Norte County",5,42,395,223,172
050,06,015,"California","Del Norte County",5,43,365,199,166
050,06,015,"California","Del Norte County",5,44,359,197,162
050,06,015,"California","Del Norte County",5,45,343,204,139
050,06,015,"California","Del Norte County",5,46,317,177,140
050,06,015,"California","Del Norte County",5,47,280,152,128
050,06,015,"California","Del Norte County",5,48,280,149,131
050,06,015,"California","Del Norte County",5,49,286,161,125
050,06,015,"California","Del Norte County",5,50,293,172,121
050,06,015,"California","Del Norte County",5,51,291,159,132
050,06,015,"California","Del Norte County",5,52,305,165,140
050,06,015,"California","Del Norte County",5,53,307,153,154
050,06,015,"California","Del Norte County",5,54,278,132,146
050,06,015,"California","Del Norte County",5,55,276,151,125
050,06,015,"California","Del Norte County",5,56,270,136,134
050,06,015,"California","Del Norte County",5,57,275,127,148
050,06,015,"California","Del Norte County",5,58,301,144,157
050,06,015,"California","Del Norte County",5,59,365,176,189
050,06,015,"California","Del Norte County",5,60,360,189,171
050,06,015,"California","Del Norte County",5,61,389,189,200
050,06,015,"California","Del Norte County",5,62,388,178,210
050,06,015,"California","Del Norte County",5,63,376,176,200
050,06,015,"California","Del Norte County",5,64,374,183,191
050,06,015,"California","Del Norte County",5,65,398,197,201
050,06,015,"California","Del Norte County",5,66,420,200,220
050,06,015,"California","Del Norte County",5,67,373,171,202
050,06,015,"California","Del Norte County",5,68,367,170,197
050,06,015,"California","Del Norte County",5,69,375,174,201
050,06,015,"California","Del Norte County",5,70,352,178,174
050,06,015,"California","Del Norte County",5,71,361,187,174
050,06,015,"California","Del Norte County",5,72,336,160,176
050,06,015,"California","Del Norte County",5,73,295,143,152
050,06,015,"California","Del Norte County",5,74,278,134,144
050,06,015,"California","Del Norte County",5,75,245,126,119
050,06,015,"California","Del Norte County",5,76,285,146,139
050,06,015,"California","Del Norte County",5,77,193,96,97
050,06,015,"California","Del Norte County",5,78,172,90,82
050,06,015,"California","Del Norte County",5,79,135,59,76
050,06,015,"California","Del Norte County",5,80,159,66,93
050,06,015,"California","Del Norte County",5,81,134,57,77
050,06,015,"California","Del Norte County",5,82,126,59,67
050,06,015,"California","Del Norte County",5,83,118,50,68
050,06,015,"California","Del Norte County",5,84,107,51,56
050,06,015,"California","Del Norte County",5,85,533,212,321
050,06,017,"California","El Dorado County",1,0,1576,810,766
050,06,017,"California","El Dorado County",1,1,1634,832,802
050,06,017,"California","El Dorado County",1,2,1750,894,856
050,06,017,"California","El Dorado County",1,3,1835,930,905
050,06,017,"California","El Dorado County",1,4,1816,904,912
050,06,017,"California","El Dorado County",1,5,1966,974,992
050,06,017,"California","El Dorado County",1,6,2017,1053,964
050,06,017,"California","El Dorado County",1,7,2066,1095,971
050,06,017,"California","El Dorado County",1,8,2093,1107,986
050,06,017,"California","El Dorado County",1,9,2149,1089,1060
050,06,017,"California","El Dorado County",1,10,2198,1131,1067
050,06,017,"California","El Dorado County",1,11,2307,1197,1110
050,06,017,"California","El Dorado County",1,12,2433,1234,1199
050,06,017,"California","El Dorado County",1,13,2529,1298,1231
050,06,017,"California","El Dorado County",1,14,2485,1267,1218
050,06,017,"California","El Dorado County",1,15,2473,1254,1219
050,06,017,"California","El Dorado County",1,16,2517,1285,1232
050,06,017,"California","El Dorado County",1,17,2432,1267,1165
050,06,017,"California","El Dorado County",1,18,2072,1094,978
050,06,017,"California","El Dorado County",1,19,1693,892,801
050,06,017,"California","El Dorado County",1,20,1799,937,862
050,06,017,"California","El Dorado County",1,21,1829,943,886
050,06,017,"California","El Dorado County",1,22,1867,949,918
050,06,017,"California","El Dorado County",1,23,1836,932,904
050,06,017,"California","El Dorado County",1,24,1860,943,917
050,06,017,"California","El Dorado County",1,25,1778,920,858
050,06,017,"California","El Dorado County",1,26,1804,932,872
050,06,017,"California","El Dorado County",1,27,1766,938,828
050,06,017,"California","El Dorado County",1,28,1879,992,887
050,06,017,"California","El Dorado County",1,29,1965,1061,904
050,06,017,"California","El Dorado County",1,30,1914,984,930
050,06,017,"California","El Dorado County",1,31,1901,937,964
050,06,017,"California","El Dorado County",1,32,1962,968,994
050,06,017,"California","El Dorado County",1,33,1965,990,975
050,06,017,"California","El Dorado County",1,34,2095,1067,1028
050,06,017,"California","El Dorado County",1,35,2156,1106,1050
050,06,017,"California","El Dorado County",1,36,2207,1110,1097
050,06,017,"California","El Dorado County",1,37,2398,1195,1203
050,06,017,"California","El Dorado County",1,38,2303,1127,1176
050,06,017,"California","El Dorado County",1,39,2329,1155,1174
050,06,017,"California","El Dorado County",1,40,2310,1156,1154
050,06,017,"California","El Dorado County",1,41,2349,1208,1141
050,06,017,"California","El Dorado County",1,42,2318,1186,1132
050,06,017,"California","El Dorado County",1,43,2136,1053,1083
050,06,017,"California","El Dorado County",1,44,2119,1070,1049
050,06,017,"California","El Dorado County",1,45,2139,1057,1082
050,06,017,"California","El Dorado County",1,46,2098,1058,1040
050,06,017,"California","El Dorado County",1,47,2208,1166,1042
050,06,017,"California","El Dorado County",1,48,2327,1183,1144
050,06,017,"California","El Dorado County",1,49,2656,1324,1332
050,06,017,"California","El Dorado County",1,50,2650,1323,1327
050,06,017,"California","El Dorado County",1,51,2575,1278,1297
050,06,017,"California","El Dorado County",1,52,2466,1229,1237
050,06,017,"California","El Dorado County",1,53,2531,1260,1271
050,06,017,"California","El Dorado County",1,54,2650,1329,1321
050,06,017,"California","El Dorado County",1,55,2852,1423,1429
050,06,017,"California","El Dorado County",1,56,3041,1516,1525
050,06,017,"California","El Dorado County",1,57,3170,1559,1611
050,06,017,"California","El Dorado County",1,58,3256,1601,1655
050,06,017,"California","El Dorado County",1,59,3256,1595,1661
050,06,017,"California","El Dorado County",1,60,3304,1631,1673
050,06,017,"California","El Dorado County",1,61,3312,1635,1677
050,06,017,"California","El Dorado County",1,62,3444,1689,1755
050,06,017,"California","El Dorado County",1,63,3310,1608,1702
050,06,017,"California","El Dorado County",1,64,3129,1531,1598
050,06,017,"California","El Dorado County",1,65,3066,1506,1560
050,06,017,"California","El Dorado County",1,66,2997,1469,1528
050,06,017,"California","El Dorado County",1,67,2959,1447,1512
050,06,017,"California","El Dorado County",1,68,2874,1497,1377
050,06,017,"California","El Dorado County",1,69,2652,1334,1318
050,06,017,"California","El Dorado County",1,70,2600,1277,1323
050,06,017,"California","El Dorado County",1,71,2486,1239,1247
050,06,017,"California","El Dorado County",1,72,2436,1205,1231
050,06,017,"California","El Dorado County",1,73,2527,1246,1281
050,06,017,"California","El Dorado County",1,74,1700,835,865
050,06,017,"California","El Dorado County",1,75,1665,820,845
050,06,017,"California","El Dorado County",1,76,1639,795,844
050,06,017,"California","El Dorado County",1,77,1575,766,809
050,06,017,"California","El Dorado County",1,78,1304,620,684
050,06,017,"California","El Dorado County",1,79,1160,571,589
050,06,017,"California","El Dorado County",1,80,1015,500,515
050,06,017,"California","El Dorado County",1,81,962,452,510
050,06,017,"California","El Dorado County",1,82,851,401,450
050,06,017,"California","El Dorado County",1,83,753,361,392
050,06,017,"California","El Dorado County",1,84,658,319,339
050,06,017,"California","El Dorado County",1,85,4050,1646,2404
050,06,017,"California","El Dorado County",2,0,1589,827,762
050,06,017,"California","El Dorado County",2,1,1624,830,794
050,06,017,"California","El Dorado County",2,2,1732,882,850
050,06,017,"California","El Dorado County",2,3,1821,923,898
050,06,017,"California","El Dorado County",2,4,1842,922,920
050,06,017,"California","El Dorado County",2,5,1942,964,978
050,06,017,"California","El Dorado County",2,6,2021,1041,980
050,06,017,"California","El Dorado County",2,7,2064,1090,974
050,06,017,"California","El Dorado County",2,8,2088,1105,983
050,06,017,"California","El Dorado County",2,9,2142,1096,1046
050,06,017,"California","El Dorado County",2,10,2193,1126,1067
050,06,017,"California","El Dorado County",2,11,2277,1177,1100
050,06,017,"California","El Dorado County",2,12,2423,1238,1185
050,06,017,"California","El Dorado County",2,13,2503,1281,1222
050,06,017,"California","El Dorado County",2,14,2493,1273,1220
050,06,017,"California","El Dorado County",2,15,2479,1262,1217
050,06,017,"California","El Dorado County",2,16,2503,1278,1225
050,06,017,"California","El Dorado County",2,17,2447,1264,1183
050,06,017,"California","El Dorado County",2,18,2060,1093,967
050,06,017,"California","El Dorado County",2,19,1704,898,806
050,06,017,"California","El Dorado County",2,20,1798,936,862
050,06,017,"California","El Dorado County",2,21,1826,940,886
050,06,017,"California","El Dorado County",2,22,1860,947,913
050,06,017,"California","El Dorado County",2,23,1844,930,914
050,06,017,"California","El Dorado County",2,24,1836,933,903
050,06,017,"California","El Dorado County",2,25,1788,921,867
050,06,017,"California","El Dorado County",2,26,1788,925,863
050,06,017,"California","El Dorado County",2,27,1768,931,837
050,06,017,"California","El Dorado County",2,28,1853,979,874
050,06,017,"California","El Dorado County",2,29,1939,1039,900
050,06,017,"California","El Dorado County",2,30,1944,1005,939
050,06,017,"California","El Dorado County",2,31,1905,946,959
050,06,017,"California","El Dorado County",2,32,1957,960,997
050,06,017,"California","El Dorado County",2,33,1973,985,988
050,06,017,"California","El Dorado County",2,34,2081,1056,1025
050,06,017,"California","El Dorado County",2,35,2169,1108,1061
050,06,017,"California","El Dorado County",2,36,2208,1117,1091
050,06,017,"California","El Dorado County",2,37,2364,1184,1180
050,06,017,"California","El Dorado County",2,38,2345,1156,1189
050,06,017,"California","El Dorado County",2,39,2326,1150,1176
050,06,017,"California","El Dorado County",2,40,2340,1170,1170
050,06,017,"California","El Dorado County",2,41,2349,1204,1145
050,06,017,"California","El Dorado County",2,42,2318,1188,1130
050,06,017,"California","El Dorado County",2,43,2203,1098,1105
050,06,017,"California","El Dorado County",2,44,2114,1062,1052
050,06,017,"California","El Dorado County",2,45,2147,1066,1081
050,06,017,"California","El Dorado County",2,46,2106,1058,1048
050,06,017,"California","El Dorado County",2,47,2177,1135,1042
050,06,017,"California","El Dorado County",2,48,2303,1182,1121
050,06,017,"California","El Dorado County",2,49,2583,1295,1288
050,06,017,"California","El Dorado County",2,50,2654,1324,1330
050,06,017,"California","El Dorado County",2,51,2582,1282,1300
050,06,017,"California","El Dorado County",2,52,2479,1234,1245
050,06,017,"California","El Dorado County",2,53,2513,1253,1260
050,06,017,"California","El Dorado County",2,54,2614,1309,1305
050,06,017,"California","El Dorado County",2,55,2802,1401,1401
050,06,017,"California","El Dorado County",2,56,3004,1500,1504
050,06,017,"California","El Dorado County",2,57,3135,1543,1592
050,06,017,"California","El Dorado County",2,58,3228,1587,1641
050,06,017,"California","El Dorado County",2,59,3265,1604,1661
050,06,017,"California","El Dorado County",2,60,3287,1619,1668
050,06,017,"California","El Dorado County",2,61,3298,1627,1671
050,06,017,"California","El Dorado County",2,62,3401,1669,1732
050,06,017,"California","El Dorado County",2,63,3368,1640,1728
050,06,017,"California","El Dorado County",2,64,3156,1541,1615
050,06,017,"California","El Dorado County",2,65,3075,1505,1570
050,06,017,"California","El Dorado County",2,66,3017,1477,1540
050,06,017,"California","El Dorado County",2,67,2949,1443,1506
050,06,017,"California","El Dorado County",2,68,2869,1470,1399
050,06,017,"California","El Dorado County",2,69,2711,1374,1337
050,06,017,"California","El Dorado County",2,70,2590,1278,1312
050,06,017,"California","El Dorado County",2,71,2507,1244,1263
050,06,017,"California","El Dorado County",2,72,2403,1187,1216
050,06,017,"California","El Dorado County",2,73,2610,1295,1315
050,06,017,"California","El Dorado County",2,74,1772,870,902
050,06,017,"California","El Dorado County",2,75,1664,817,847
050,06,017,"California","El Dorado County",2,76,1620,784,836
050,06,017,"California","El Dorado County",2,77,1615,784,831
050,06,017,"California","El Dorado County",2,78,1342,638,704
050,06,017,"California","El Dorado County",2,79,1183,578,605
050,06,017,"California","El Dorado County",2,80,1046,516,530
050,06,017,"California","El Dorado County",2,81,958,456,502
050,06,017,"California","El Dorado County",2,82,867,407,460
050,06,017,"California","El Dorado County",2,83,765,361,404
050,06,017,"California","El Dorado County",2,84,663,319,344
050,06,017,"California","El Dorado County",2,85,4074,1660,2414
050,06,017,"California","El Dorado County",3,0,1507,794,713
050,06,017,"California","El Dorado County",3,1,1697,839,858
050,06,017,"California","El Dorado County",3,2,1744,885,859
050,06,017,"California","El Dorado County",3,3,1838,935,903
050,06,017,"California","El Dorado County",3,4,1887,973,914
050,06,017,"California","El Dorado County",3,5,1927,955,972
050,06,017,"California","El Dorado County",3,6,2004,989,1015
050,06,017,"California","El Dorado County",3,7,2084,1064,1020
050,06,017,"California","El Dorado County",3,8,2111,1109,1002
050,06,017,"California","El Dorado County",3,9,2145,1138,1007
050,06,017,"California","El Dorado County",3,10,2195,1117,1078
050,06,017,"California","El Dorado County",3,11,2243,1140,1103
050,06,017,"California","El Dorado County",3,12,2300,1188,1112
050,06,017,"California","El Dorado County",3,13,2455,1266,1189
050,06,017,"California","El Dorado County",3,14,2538,1287,1251
050,06,017,"California","El Dorado County",3,15,2505,1279,1226
050,06,017,"California","El Dorado County",3,16,2499,1275,1224
050,06,017,"California","El Dorado County",3,17,2448,1252,1196
050,06,017,"California","El Dorado County",3,18,2101,1117,984
050,06,017,"California","El Dorado County",3,19,1710,909,801
050,06,017,"California","El Dorado County",3,20,1779,915,864
050,06,017,"California","El Dorado County",3,21,1762,910,852
050,06,017,"California","El Dorado County",3,22,1889,979,910
050,06,017,"California","El Dorado County",3,23,1848,920,928
050,06,017,"California","El Dorado County",3,24,1846,937,909
050,06,017,"California","El Dorado County",3,25,1846,965,881
050,06,017,"California","El Dorado County",3,26,1812,925,887
050,06,017,"California","El Dorado County",3,27,1861,954,907
050,06,017,"California","El Dorado County",3,28,1863,978,885
050,06,017,"California","El Dorado County",3,29,1948,1023,925
050,06,017,"California","El Dorado County",3,30,2046,1066,980
050,06,017,"California","El Dorado County",3,31,2125,1119,1006
050,06,017,"California","El Dorado County",3,32,2072,1037,1035
050,06,017,"California","El Dorado County",3,33,2132,1022,1110
050,06,017,"California","El Dorado County",3,34,2159,1090,1069
050,06,017,"California","El Dorado County",3,35,2227,1115,1112
050,06,017,"California","El Dorado County",3,36,2316,1192,1124
050,06,017,"California","El Dorado County",3,37,2340,1188,1152
050,06,017,"California","El Dorado County",3,38,2466,1245,1221
050,06,017,"California","El Dorado County",3,39,2459,1223,1236
050,06,017,"California","El Dorado County",3,40,2426,1215,1211
050,06,017,"California","El Dorado County",3,41,2437,1232,1205
050,06,017,"California","El Dorado County",3,42,2416,1234,1182
050,06,017,"California","El Dorado County",3,43,2411,1224,1187
050,06,017,"California","El Dorado County",3,44,2254,1117,1137
050,06,017,"California","El Dorado County",3,45,2196,1110,1086
050,06,017,"California","El Dorado County",3,46,2201,1113,1088
050,06,017,"California","El Dorado County",3,47,2139,1067,1072
050,06,017,"California","El Dorado County",3,48,2206,1152,1054
050,06,017,"California","El Dorado County",3,49,2318,1196,1122
050,06,017,"California","El Dorado County",3,50,2584,1296,1288
050,06,017,"California","El Dorado County",3,51,2690,1351,1339
050,06,017,"California","El Dorado County",3,52,2569,1268,1301
050,06,017,"California","El Dorado County",3,53,2498,1252,1246
050,06,017,"California","El Dorado County",3,54,2506,1250,1256
050,06,017,"California","El Dorado County",3,55,2611,1302,1309
050,06,017,"California","El Dorado County",3,56,2780,1401,1379
050,06,017,"California","El Dorado County",3,57,3035,1523,1512
050,06,017,"California","El Dorado County",3,58,3143,1528,1615
050,06,017,"California","El Dorado County",3,59,3246,1584,1662
050,06,017,"California","El Dorado County",3,60,3254,1586,1668
050,06,017,"California","El Dorado County",3,61,3259,1587,1672
050,06,017,"California","El Dorado County",3,62,3276,1596,1680
050,06,017,"California","El Dorado County",3,63,3367,1647,1720
050,06,017,"California","El Dorado County",3,64,3375,1630,1745
050,06,017,"California","El Dorado County",3,65,3159,1551,1608
050,06,017,"California","El Dorado County",3,66,3023,1463,1560
050,06,017,"California","El Dorado County",3,67,2996,1466,1530
050,06,017,"California","El Dorado County",3,68,2930,1417,1513
050,06,017,"California","El Dorado County",3,69,2811,1437,1374
050,06,017,"California","El Dorado County",3,70,2665,1348,1317
050,06,017,"California","El Dorado County",3,71,2560,1263,1297
050,06,017,"California","El Dorado County",3,72,2443,1196,1247
050,06,017,"California","El Dorado County",3,73,2327,1147,1180
050,06,017,"California","El Dorado County",3,74,2531,1250,1281
050,06,017,"California","El Dorado County",3,75,1730,847,883
050,06,017,"California","El Dorado County",3,76,1590,775,815
050,06,017,"California","El Dorado County",3,77,1550,741,809
050,06,017,"California","El Dorado County",3,78,1562,751,811
050,06,017,"California","El Dorado County",3,79,1279,603,676
050,06,017,"California","El Dorado County",3,80,1127,548,579
050,06,017,"California","El Dorado County",3,81,991,482,509
050,06,017,"California","El Dorado County",3,82,881,417,464
050,06,017,"California","El Dorado County",3,83,819,384,435
050,06,017,"California","El Dorado County",3,84,710,332,378
050,06,017,"California","El Dorado County",3,85,4089,1693,2396
050,06,017,"California","El Dorado County",4,0,1594,828,766
050,06,017,"California","El Dorado County",4,1,1613,870,743
050,06,017,"California","El Dorado County",4,2,1736,870,866
050,06,017,"California","El Dorado County",4,3,1801,934,867
050,06,017,"California","El Dorado County",4,4,1913,974,939
050,06,017,"California","El Dorado County",4,5,1959,999,960
050,06,017,"California","El Dorado County",4,6,1962,975,987
050,06,017,"California","El Dorado County",4,7,2031,998,1033
050,06,017,"California","El Dorado County",4,8,2123,1074,1049
050,06,017,"California","El Dorado County",4,9,2102,1102,1000
050,06,017,"California","El Dorado County",4,10,2159,1121,1038
050,06,017,"California","El Dorado County",4,11,2222,1125,1097
050,06,017,"California","El Dorado County",4,12,2267,1159,1108
050,06,017,"California","El Dorado County",4,13,2330,1194,1136
050,06,017,"California","El Dorado County",4,14,2452,1245,1207
050,06,017,"California","El Dorado County",4,15,2538,1300,1238
050,06,017,"California","El Dorado County",4,16,2499,1279,1220
050,06,017,"California","El Dorado County",4,17,2465,1251,1214
050,06,017,"California","El Dorado County",4,18,2109,1110,999
050,06,017,"California","El Dorado County",4,19,1701,913,788
050,06,017,"California","El Dorado County",4,20,1748,919,829
050,06,017,"California","El Dorado County",4,21,1749,878,871
050,06,017,"California","El Dorado County",4,22,1735,888,847
050,06,017,"California","El Dorado County",4,23,1816,935,881
050,06,017,"California","El Dorado County",4,24,1776,898,878
050,06,017,"California","El Dorado County",4,25,1761,905,856
050,06,017,"California","El Dorado County",4,26,1725,899,826
050,06,017,"California","El Dorado County",4,27,1741,913,828
050,06,017,"California","El Dorado County",4,28,1822,933,889
050,06,017,"California","El Dorado County",4,29,1818,947,871
050,06,017,"California","El Dorado County",4,30,1915,989,926
050,06,017,"California","El Dorado County",4,31,2040,1051,989
050,06,017,"California","El Dorado County",4,32,2183,1153,1030
050,06,017,"California","El Dorado County",4,33,2094,1022,1072
050,06,017,"California","El Dorado County",4,34,2190,1030,1160
050,06,017,"California","El Dorado County",4,35,2186,1100,1086
050,06,017,"California","El Dorado County",4,36,2312,1182,1130
050,06,017,"California","El Dorado County",4,37,2383,1212,1171
050,06,017,"California","El Dorado County",4,38,2383,1198,1185
050,06,017,"California","El Dorado County",4,39,2555,1280,1275
050,06,017,"California","El Dorado County",4,40,2515,1260,1255
050,06,017,"California","El Dorado County",4,41,2473,1243,1230
050,06,017,"California","El Dorado County",4,42,2431,1239,1192
050,06,017,"California","El Dorado County",4,43,2431,1237,1194
050,06,017,"California","El Dorado County",4,44,2445,1236,1209
050,06,017,"California","El Dorado County",4,45,2323,1157,1166
050,06,017,"California","El Dorado County",4,46,2215,1114,1101
050,06,017,"California","El Dorado County",4,47,2198,1108,1090
050,06,017,"California","El Dorado County",4,48,2136,1080,1056
050,06,017,"California","El Dorado County",4,49,2168,1131,1037
050,06,017,"California","El Dorado County",4,50,2366,1224,1142
050,06,017,"California","El Dorado County",4,51,2565,1297,1268
050,06,017,"California","El Dorado County",4,52,2695,1337,1358
050,06,017,"California","El Dorado County",4,53,2551,1243,1308
050,06,017,"California","El Dorado County",4,54,2494,1254,1240
050,06,017,"California","El Dorado County",4,55,2511,1251,1260
050,06,017,"California","El Dorado County",4,56,2596,1295,1301
050,06,017,"California","El Dorado County",4,57,2764,1389,1375
050,06,017,"California","El Dorado County",4,58,3008,1536,1472
050,06,017,"California","El Dorado County",4,59,3056,1474,1582
050,06,017,"California","El Dorado County",4,60,3203,1548,1655
050,06,017,"California","El Dorado County",4,61,3159,1525,1634
050,06,017,"California","El Dorado County",4,62,3241,1593,1648
050,06,017,"California","El Dorado County",4,63,3192,1558,1634
050,06,017,"California","El Dorado County",4,64,3299,1613,1686
050,06,017,"California","El Dorado County",4,65,3312,1596,1716
050,06,017,"California","El Dorado County",4,66,3109,1529,1580
050,06,017,"California","El Dorado County",4,67,2946,1421,1525
050,06,017,"California","El Dorado County",4,68,2920,1421,1499
050,06,017,"California","El Dorado County",4,69,2859,1386,1473
050,06,017,"California","El Dorado County",4,70,2740,1403,1337
050,06,017,"California","El Dorado County",4,71,2593,1300,1293
050,06,017,"California","El Dorado County",4,72,2514,1244,1270
050,06,017,"California","El Dorado County",4,73,2392,1178,1214
050,06,017,"California","El Dorado County",4,74,2250,1108,1142
050,06,017,"California","El Dorado County",4,75,2427,1198,1229
050,06,017,"California","El Dorado County",4,76,1689,818,871
050,06,017,"California","El Dorado County",4,77,1525,728,797
050,06,017,"California","El Dorado County",4,78,1478,696,782
050,06,017,"California","El Dorado County",4,79,1502,719,783
050,06,017,"California","El Dorado County",4,80,1201,570,631
050,06,017,"California","El Dorado County",4,81,1077,515,562
050,06,017,"California","El Dorado County",4,82,925,445,480
050,06,017,"California","El Dorado County",4,83,834,386,448
050,06,017,"California","El Dorado County",4,84,752,350,402
050,06,017,"California","El Dorado County",4,85,4199,1779,2420
050,06,017,"California","El Dorado County",5,0,1497,767,730
050,06,017,"California","El Dorado County",5,1,1627,859,768
050,06,017,"California","El Dorado County",5,2,1644,903,741
050,06,017,"California","El Dorado County",5,3,1774,898,876
050,06,017,"California","El Dorado County",5,4,1809,934,875
050,06,017,"California","El Dorado County",5,5,1960,998,962
050,06,017,"California","El Dorado County",5,6,1992,1012,980
050,06,017,"California","El Dorado County",5,7,2000,986,1014
050,06,017,"California","El Dorado County",5,8,2055,1008,1047
050,06,017,"California","El Dorado County",5,9,2123,1081,1042
050,06,017,"California","El Dorado County",5,10,2135,1121,1014
050,06,017,"California","El Dorado County",5,11,2175,1127,1048
050,06,017,"California","El Dorado County",5,12,2251,1158,1093
050,06,017,"California","El Dorado County",5,13,2297,1183,1114
050,06,017,"California","El Dorado County",5,14,2326,1198,1128
050,06,017,"California","El Dorado County",5,15,2434,1244,1190
050,06,017,"California","El Dorado County",5,16,2546,1307,1239
050,06,017,"California","El Dorado County",5,17,2464,1273,1191
050,06,017,"California","El Dorado County",5,18,2127,1119,1008
050,06,017,"California","El Dorado County",5,19,1728,897,831
050,06,017,"California","El Dorado County",5,20,1758,924,834
050,06,017,"California","El Dorado County",5,21,1791,928,863
050,06,017,"California","El Dorado County",5,22,1788,887,901
050,06,017,"California","El Dorado County",5,23,1725,878,847
050,06,017,"California","El Dorado County",5,24,1780,925,855
050,06,017,"California","El Dorado County",5,25,1736,892,844
050,06,017,"California","El Dorado County",5,26,1669,866,803
050,06,017,"California","El Dorado County",5,27,1727,896,831
050,06,017,"California","El Dorado County",5,28,1714,876,838
050,06,017,"California","El Dorado County",5,29,1762,898,864
050,06,017,"California","El Dorado County",5,30,1788,926,862
050,06,017,"California","El Dorado County",5,31,1916,991,925
050,06,017,"California","El Dorado County",5,32,2094,1042,1052
050,06,017,"California","El Dorado County",5,33,2211,1151,1060
050,06,017,"California","El Dorado County",5,34,2151,1045,1106
050,06,017,"California","El Dorado County",5,35,2234,1063,1171
050,06,017,"California","El Dorado County",5,36,2241,1123,1118
050,06,017,"California","El Dorado County",5,37,2355,1214,1141
050,06,017,"California","El Dorado County",5,38,2437,1234,1203
050,06,017,"California","El Dorado County",5,39,2451,1233,1218
050,06,017,"California","El Dorado County",5,40,2603,1299,1304
050,06,017,"California","El Dorado County",5,41,2566,1282,1284
050,06,017,"California","El Dorado County",5,42,2524,1276,1248
050,06,017,"California","El Dorado County",5,43,2441,1250,1191
050,06,017,"California","El Dorado County",5,44,2437,1245,1192
050,06,017,"California","El Dorado County",5,45,2421,1229,1192
050,06,017,"California","El Dorado County",5,46,2340,1174,1166
050,06,017,"California","El Dorado County",5,47,2220,1122,1098
050,06,017,"California","El Dorado County",5,48,2201,1106,1095
050,06,017,"California","El Dorado County",5,49,2151,1099,1052
050,06,017,"California","El Dorado County",5,50,2150,1121,1029
050,06,017,"California","El Dorado County",5,51,2333,1220,1113
050,06,017,"California","El Dorado County",5,52,2563,1291,1272
050,06,017,"California","El Dorado County",5,53,2683,1323,1360
050,06,017,"California","El Dorado County",5,54,2519,1237,1282
050,06,017,"California","El Dorado County",5,55,2450,1230,1220
050,06,017,"California","El Dorado County",5,56,2454,1229,1225
050,06,017,"California","El Dorado County",5,57,2591,1275,1316
050,06,017,"California","El Dorado County",5,58,2741,1386,1355
050,06,017,"California","El Dorado County",5,59,2938,1497,1441
050,06,017,"California","El Dorado County",5,60,3008,1434,1574
050,06,017,"California","El Dorado County",5,61,3184,1551,1633
050,06,017,"California","El Dorado County",5,62,3182,1524,1658
050,06,017,"California","El Dorado County",5,63,3243,1586,1657
050,06,017,"California","El Dorado County",5,64,3192,1552,1640
050,06,017,"California","El Dorado County",5,65,3258,1597,1661
050,06,017,"California","El Dorado County",5,66,3281,1592,1689
050,06,017,"California","El Dorado County",5,67,3055,1489,1566
050,06,017,"California","El Dorado County",5,68,2910,1391,1519
050,06,017,"California","El Dorado County",5,69,2863,1406,1457
050,06,017,"California","El Dorado County",5,70,2797,1340,1457
050,06,017,"California","El Dorado County",5,71,2686,1359,1327
050,06,017,"California","El Dorado County",5,72,2535,1275,1260
050,06,017,"California","El Dorado County",5,73,2430,1206,1224
050,06,017,"California","El Dorado County",5,74,2349,1155,1194
050,06,017,"California","El Dorado County",5,75,2201,1084,1117
050,06,017,"California","El Dorado County",5,76,2368,1173,1195
050,06,017,"California","El Dorado County",5,77,1623,773,850
050,06,017,"California","El Dorado County",5,78,1465,694,771
050,06,017,"California","El Dorado County",5,79,1415,666,749
050,06,017,"California","El Dorado County",5,80,1419,675,744
050,06,017,"California","El Dorado County",5,81,1134,530,604
050,06,017,"California","El Dorado County",5,82,1014,484,530
050,06,017,"California","El Dorado County",5,83,874,418,456
050,06,017,"California","El Dorado County",5,84,783,368,415
050,06,017,"California","El Dorado County",5,85,4328,1851,2477
050,06,019,"California","Fresno County",1,0,14141,7231,6910
050,06,019,"California","Fresno County",1,1,14180,7188,6992
050,06,019,"California","Fresno County",1,2,14514,7450,7064
050,06,019,"California","Fresno County",1,3,15184,7839,7345
050,06,019,"California","Fresno County",1,4,15613,7993,7620
050,06,019,"California","Fresno County",1,5,16135,8172,7963
050,06,019,"California","Fresno County",1,6,16157,8282,7875
050,06,019,"California","Fresno County",1,7,16191,8306,7885
050,06,019,"California","Fresno County",1,8,16468,8453,8015
050,06,019,"California","Fresno County",1,9,16633,8464,8169
050,06,019,"California","Fresno County",1,10,16494,8387,8107
050,06,019,"California","Fresno County",1,11,16705,8477,8228
050,06,019,"California","Fresno County",1,12,17362,8971,8391
050,06,019,"California","Fresno County",1,13,16973,8768,8205
050,06,019,"California","Fresno County",1,14,16450,8497,7953
050,06,019,"California","Fresno County",1,15,16020,8185,7835
050,06,019,"California","Fresno County",1,16,15826,8085,7741
050,06,019,"California","Fresno County",1,17,15356,7798,7558
050,06,019,"California","Fresno County",1,18,14170,7238,6932
050,06,019,"California","Fresno County",1,19,13226,6785,6441
050,06,019,"California","Fresno County",1,20,13327,6775,6552
050,06,019,"California","Fresno County",1,21,13476,6802,6674
050,06,019,"California","Fresno County",1,22,13663,6944,6719
050,06,019,"California","Fresno County",1,23,13909,6987,6922
050,06,019,"California","Fresno County",1,24,14207,7195,7012
050,06,019,"California","Fresno County",1,25,14543,7407,7136
050,06,019,"California","Fresno County",1,26,15064,7667,7397
050,06,019,"California","Fresno County",1,27,15271,7757,7514
050,06,019,"California","Fresno County",1,28,15860,8103,7757
050,06,019,"California","Fresno County",1,29,16319,8358,7961
050,06,019,"California","Fresno County",1,30,15969,8111,7858
050,06,019,"California","Fresno County",1,31,15344,7740,7604
050,06,019,"California","Fresno County",1,32,14928,7610,7318
050,06,019,"California","Fresno County",1,33,14610,7539,7071
050,06,019,"California","Fresno County",1,34,14570,7639,6931
050,06,019,"California","Fresno County",1,35,14082,7260,6822
050,06,019,"California","Fresno County",1,36,13938,7125,6813
050,06,019,"California","Fresno County",1,37,14197,7221,6976
050,06,019,"California","Fresno County",1,38,13878,7078,6800
050,06,019,"California","Fresno County",1,39,13574,6932,6642
050,06,019,"California","Fresno County",1,40,13255,6712,6543
050,06,019,"California","Fresno County",1,41,12421,6241,6180
050,06,019,"California","Fresno County",1,42,12389,6322,6067
050,06,019,"California","Fresno County",1,43,11948,6110,5838
050,06,019,"California","Fresno County",1,44,11703,5979,5724
050,06,019,"California","Fresno County",1,45,11495,5927,5568
050,06,019,"California","Fresno County",1,46,10938,5628,5310
050,06,019,"California","Fresno County",1,47,10990,5520,5470
050,06,019,"California","Fresno County",1,48,11192,5600,5592
050,06,019,"California","Fresno County",1,49,11660,5901,5759
050,06,019,"California","Fresno County",1,50,11164,5693,5471
050,06,019,"California","Fresno County",1,51,10960,5572,5388
050,06,019,"California","Fresno County",1,52,10846,5502,5344
050,06,019,"California","Fresno County",1,53,10766,5482,5284
050,06,019,"California","Fresno County",1,54,10847,5498,5349
050,06,019,"California","Fresno County",1,55,11124,5607,5517
050,06,019,"California","Fresno County",1,56,11171,5582,5589
050,06,019,"California","Fresno County",1,57,11038,5432,5606
050,06,019,"California","Fresno County",1,58,11064,5450,5614
050,06,019,"California","Fresno County",1,59,11025,5452,5573
050,06,019,"California","Fresno County",1,60,10806,5385,5421
050,06,019,"California","Fresno County",1,61,10316,5083,5233
050,06,019,"California","Fresno County",1,62,10158,4990,5168
050,06,019,"California","Fresno County",1,63,9678,4748,4930
050,06,019,"California","Fresno County",1,64,9414,4581,4833
050,06,019,"California","Fresno County",1,65,9298,4470,4828
050,06,019,"California","Fresno County",1,66,8803,4217,4586
050,06,019,"California","Fresno County",1,67,8428,4048,4380
050,06,019,"California","Fresno County",1,68,8127,3850,4277
050,06,019,"California","Fresno County",1,69,7649,3598,4051
050,06,019,"California","Fresno County",1,70,7442,3562,3880
050,06,019,"California","Fresno County",1,71,7181,3387,3794
050,06,019,"California","Fresno County",1,72,6872,3207,3665
050,06,019,"California","Fresno County",1,73,6709,3169,3540
050,06,019,"California","Fresno County",1,74,5120,2378,2742
050,06,019,"California","Fresno County",1,75,4952,2298,2654
050,06,019,"California","Fresno County",1,76,4769,2177,2592
050,06,019,"California","Fresno County",1,77,4557,2091,2466
050,06,019,"California","Fresno County",1,78,3962,1780,2182
050,06,019,"California","Fresno County",1,79,3548,1518,2030
050,06,019,"California","Fresno County",1,80,3293,1429,1864
050,06,019,"California","Fresno County",1,81,3009,1290,1719
050,06,019,"California","Fresno County",1,82,2783,1191,1592
050,06,019,"California","Fresno County",1,83,2613,1142,1471
050,06,019,"California","Fresno County",1,84,2433,1030,1403
050,06,019,"California","Fresno County",1,85,14203,5151,9052
050,06,019,"California","Fresno County",2,0,13950,7134,6816
050,06,019,"California","Fresno County",2,1,14179,7198,6981
050,06,019,"California","Fresno County",2,2,14428,7390,7038
050,06,019,"California","Fresno County",2,3,14990,7726,7264
050,06,019,"California","Fresno County",2,4,15542,7977,7565
050,06,019,"California","Fresno County",2,5,16005,8123,7882
050,06,019,"California","Fresno County",2,6,16152,8259,7893
050,06,019,"California","Fresno County",2,7,16154,8278,7876
050,06,019,"California","Fresno County",2,8,16321,8367,7954
050,06,019,"California","Fresno County",2,9,16583,8460,8123
050,06,019,"California","Fresno County",2,10,16535,8413,8122
050,06,019,"California","Fresno County",2,11,16571,8418,8153
050,06,019,"California","Fresno County",2,12,17262,8884,8378
050,06,019,"California","Fresno County",2,13,17041,8810,8231
050,06,019,"California","Fresno County",2,14,16567,8549,8018
050,06,019,"California","Fresno County",2,15,16123,8254,7869
050,06,019,"California","Fresno County",2,16,15878,8108,7770
050,06,019,"California","Fresno County",2,17,15443,7847,7596
050,06,019,"California","Fresno County",2,18,14214,7269,6945
050,06,019,"California","Fresno County",2,19,13243,6773,6470
050,06,019,"California","Fresno County",2,20,13465,6856,6609
050,06,019,"California","Fresno County",2,21,13457,6796,6661
050,06,019,"California","Fresno County",2,22,13685,6942,6743
050,06,019,"California","Fresno County",2,23,13903,7007,6896
050,06,019,"California","Fresno County",2,24,14145,7152,6993
050,06,019,"California","Fresno County",2,25,14482,7377,7105
050,06,019,"California","Fresno County",2,26,14996,7638,7358
050,06,019,"California","Fresno County",2,27,15189,7742,7447
050,06,019,"California","Fresno County",2,28,15729,8032,7697
050,06,019,"California","Fresno County",2,29,16174,8261,7913
050,06,019,"California","Fresno County",2,30,16099,8186,7913
050,06,019,"California","Fresno County",2,31,15436,7809,7627
050,06,019,"California","Fresno County",2,32,15025,7639,7386
050,06,019,"California","Fresno County",2,33,14656,7542,7114
050,06,019,"California","Fresno County",2,34,14568,7619,6949
050,06,019,"California","Fresno County",2,35,14248,7370,6878
050,06,019,"California","Fresno County",2,36,13913,7129,6784
050,06,019,"California","Fresno County",2,37,14132,7198,6934
050,06,019,"California","Fresno County",2,38,14004,7135,6869
050,06,019,"California","Fresno County",2,39,13563,6919,6644
050,06,019,"California","Fresno County",2,40,13432,6826,6606
050,06,019,"California","Fresno County",2,41,12561,6309,6252
050,06,019,"California","Fresno County",2,42,12363,6305,6058
050,06,019,"California","Fresno County",2,43,12087,6174,5913
050,06,019,"California","Fresno County",2,44,11699,5977,5722
050,06,019,"California","Fresno County",2,45,11575,5960,5615
050,06,019,"California","Fresno County",2,46,11032,5670,5362
050,06,019,"California","Fresno County",2,47,10973,5541,5432
050,06,019,"California","Fresno County",2,48,11134,5574,5560
050,06,019,"California","Fresno County",2,49,11581,5840,5741
050,06,019,"California","Fresno County",2,50,11267,5728,5539
050,06,019,"California","Fresno County",2,51,10961,5575,5386
050,06,019,"California","Fresno County",2,52,10882,5523,5359
050,06,019,"California","Fresno County",2,53,10728,5459,5269
050,06,019,"California","Fresno County",2,54,10806,5490,5316
050,06,019,"California","Fresno County",2,55,11051,5575,5476
050,06,019,"California","Fresno County",2,56,11177,5596,5581
050,06,019,"California","Fresno County",2,57,11019,5430,5589
050,06,019,"California","Fresno County",2,58,11041,5437,5604
050,06,019,"California","Fresno County",2,59,10970,5418,5552
050,06,019,"California","Fresno County",2,60,10890,5418,5472
050,06,019,"California","Fresno County",2,61,10369,5118,5251
050,06,019,"California","Fresno County",2,62,10138,4977,5161
050,06,019,"California","Fresno County",2,63,9823,4807,5016
050,06,019,"California","Fresno County",2,64,9386,4571,4815
050,06,019,"California","Fresno County",2,65,9293,4477,4816
050,06,019,"California","Fresno County",2,66,8890,4249,4641
050,06,019,"California","Fresno County",2,67,8462,4059,4403
050,06,019,"California","Fresno County",2,68,8116,3840,4276
050,06,019,"California","Fresno County",2,69,7744,3643,4101
050,06,019,"California","Fresno County",2,70,7458,3542,3916
050,06,019,"California","Fresno County",2,71,7206,3405,3801
050,06,019,"California","Fresno County",2,72,6836,3197,3639
050,06,019,"California","Fresno County",2,73,6939,3259,3680
050,06,019,"California","Fresno County",2,74,5234,2437,2797
050,06,019,"California","Fresno County",2,75,4970,2300,2670
050,06,019,"California","Fresno County",2,76,4766,2185,2581
050,06,019,"California","Fresno County",2,77,4633,2118,2515
050,06,019,"California","Fresno County",2,78,4011,1805,2206
050,06,019,"California","Fresno County",2,79,3588,1549,2039
050,06,019,"California","Fresno County",2,80,3323,1430,1893
050,06,019,"California","Fresno County",2,81,3024,1300,1724
050,06,019,"California","Fresno County",2,82,2815,1202,1613
050,06,019,"California","Fresno County",2,83,2588,1120,1468
050,06,019,"California","Fresno County",2,84,2434,1033,1401
050,06,019,"California","Fresno County",2,85,14227,5151,9076
050,06,019,"California","Fresno County",3,0,13650,6880,6770
050,06,019,"California","Fresno County",3,1,14033,7205,6828
050,06,019,"California","Fresno County",3,2,14211,7207,7004
050,06,019,"California","Fresno County",3,3,14521,7392,7129
050,06,019,"California","Fresno County",3,4,15018,7724,7294
050,06,019,"California","Fresno County",3,5,15542,7956,7586
050,06,019,"California","Fresno County",3,6,16046,8207,7839
050,06,019,"California","Fresno County",3,7,16223,8268,7955
050,06,019,"California","Fresno County",3,8,16168,8296,7872
050,06,019,"California","Fresno County",3,9,16422,8398,8024
050,06,019,"California","Fresno County",3,10,16596,8447,8149
050,06,019,"California","Fresno County",3,11,16567,8451,8116
050,06,019,"California","Fresno County",3,12,16613,8435,8178
050,06,019,"California","Fresno County",3,13,17330,8938,8392
050,06,019,"California","Fresno County",3,14,17010,8778,8232
050,06,019,"California","Fresno County",3,15,16533,8514,8019
050,06,019,"California","Fresno County",3,16,16153,8286,7867
050,06,019,"California","Fresno County",3,17,15879,8110,7769
050,06,019,"California","Fresno County",3,18,14458,7421,7037
050,06,019,"California","Fresno County",3,19,13038,6647,6391
050,06,019,"California","Fresno County",3,20,13374,6827,6547
050,06,019,"California","Fresno County",3,21,13639,6885,6754
050,06,019,"California","Fresno County",3,22,13681,6940,6741
050,06,019,"California","Fresno County",3,23,13971,7107,6864
050,06,019,"California","Fresno County",3,24,14157,7126,7031
050,06,019,"California","Fresno County",3,25,14229,7213,7016
050,06,019,"California","Fresno County",3,26,14623,7449,7174
050,06,019,"California","Fresno County",3,27,15066,7711,7355
050,06,019,"California","Fresno County",3,28,15221,7758,7463
050,06,019,"California","Fresno County",3,29,15843,8075,7768
050,06,019,"California","Fresno County",3,30,16067,8191,7876
050,06,019,"California","Fresno County",3,31,16111,8243,7868
050,06,019,"California","Fresno County",3,32,15432,7814,7618
050,06,019,"California","Fresno County",3,33,15038,7644,7394
050,06,019,"California","Fresno County",3,34,14693,7573,7120
050,06,019,"California","Fresno County",3,35,14508,7550,6958
050,06,019,"California","Fresno County",3,36,14301,7402,6899
050,06,019,"California","Fresno County",3,37,13933,7137,6796
050,06,019,"California","Fresno County",3,38,14093,7161,6932
050,06,019,"California","Fresno County",3,39,14040,7163,6877
050,06,019,"California","Fresno County",3,40,13588,6945,6643
050,06,019,"California","Fresno County",3,41,13341,6742,6599
050,06,019,"California","Fresno County",3,42,12636,6382,6254
050,06,019,"California","Fresno County",3,43,12282,6239,6043
050,06,019,"California","Fresno County",3,44,12061,6134,5927
050,06,019,"California","Fresno County",3,45,11626,5978,5648
050,06,019,"California","Fresno County",3,46,11512,5896,5616
050,06,019,"California","Fresno County",3,47,11027,5659,5368
050,06,019,"California","Fresno County",3,48,10877,5491,5386
050,06,019,"California","Fresno County",3,49,11104,5529,5575
050,06,019,"California","Fresno County",3,50,11391,5694,5697
050,06,019,"California","Fresno County",3,51,11206,5707,5499
050,06,019,"California","Fresno County",3,52,10914,5519,5395
050,06,019,"California","Fresno County",3,53,10762,5471,5291
050,06,019,"California","Fresno County",3,54,10649,5396,5253
050,06,019,"California","Fresno County",3,55,10669,5400,5269
050,06,019,"California","Fresno County",3,56,10953,5495,5458
050,06,019,"California","Fresno County",3,57,10939,5426,5513
050,06,019,"California","Fresno County",3,58,10887,5382,5505
050,06,019,"California","Fresno County",3,59,10852,5328,5524
050,06,019,"California","Fresno County",3,60,10823,5315,5508
050,06,019,"California","Fresno County",3,61,10619,5257,5362
050,06,019,"California","Fresno County",3,62,10161,5014,5147
050,06,019,"California","Fresno County",3,63,9917,4795,5122
050,06,019,"California","Fresno County",3,64,9574,4682,4892
050,06,019,"California","Fresno County",3,65,9154,4459,4695
050,06,019,"California","Fresno County",3,66,9046,4314,4732
050,06,019,"California","Fresno County",3,67,8629,4096,4533
050,06,019,"California","Fresno County",3,68,8182,3869,4313
050,06,019,"California","Fresno County",3,69,7890,3715,4175
050,06,019,"California","Fresno County",3,70,7497,3505,3992
050,06,019,"California","Fresno County",3,71,7328,3465,3863
050,06,019,"California","Fresno County",3,72,6920,3246,3674
050,06,019,"California","Fresno County",3,73,6625,3086,3539
050,06,019,"California","Fresno County",3,74,6696,3113,3583
050,06,019,"California","Fresno County",3,75,5021,2315,2706
050,06,019,"California","Fresno County",3,76,4786,2204,2582
050,06,019,"California","Fresno County",3,77,4526,2042,2484
050,06,019,"California","Fresno County",3,78,4408,1961,2447
050,06,019,"California","Fresno County",3,79,3819,1700,2119
050,06,019,"California","Fresno County",3,80,3378,1440,1938
050,06,019,"California","Fresno County",3,81,3150,1354,1796
050,06,019,"California","Fresno County",3,82,2814,1205,1609
050,06,019,"California","Fresno County",3,83,2602,1102,1500
050,06,019,"California","Fresno County",3,84,2376,971,1405
050,06,019,"California","Fresno County",3,85,13855,5102,8753
050,06,019,"California","Fresno County",4,0,14090,7092,6998
050,06,019,"California","Fresno County",4,1,13674,6835,6839
050,06,019,"California","Fresno County",4,2,14093,7250,6843
050,06,019,"California","Fresno County",4,3,14287,7232,7055
050,06,019,"California","Fresno County",4,4,14627,7429,7198
050,06,019,"California","Fresno County",4,5,15038,7709,7329
050,06,019,"California","Fresno County",4,6,15522,7975,7547
050,06,019,"California","Fresno County",4,7,16040,8172,7868
050,06,019,"California","Fresno County",4,8,16208,8253,7955
050,06,019,"California","Fresno County",4,9,16180,8330,7850
050,06,019,"California","Fresno County",4,10,16374,8385,7989
050,06,019,"California","Fresno County",4,11,16624,8522,8102
050,06,019,"California","Fresno County",4,12,16529,8422,8107
050,06,019,"California","Fresno County",4,13,16597,8416,8181
050,06,019,"California","Fresno County",4,14,17288,8927,8361
050,06,019,"California","Fresno County",4,15,16963,8755,8208
050,06,019,"California","Fresno County",4,16,16499,8483,8016
050,06,019,"California","Fresno County",4,17,16057,8258,7799
050,06,019,"California","Fresno County",4,18,14996,7743,7253
050,06,019,"California","Fresno County",4,19,13554,6913,6641
050,06,019,"California","Fresno County",4,20,13440,6864,6576
050,06,019,"California","Fresno County",4,21,13580,6895,6685
050,06,019,"California","Fresno County",4,22,14019,7064,6955
050,06,019,"California","Fresno County",4,23,14005,7138,6867
050,06,019,"California","Fresno County",4,24,14140,7250,6890
050,06,019,"California","Fresno County",4,25,14120,7132,6988
050,06,019,"California","Fresno County",4,26,14262,7239,7023
050,06,019,"California","Fresno County",4,27,14585,7501,7084
050,06,019,"California","Fresno County",4,28,14981,7695,7286
050,06,019,"California","Fresno County",4,29,15195,7728,7467
050,06,019,"California","Fresno County",4,30,15682,7988,7694
050,06,019,"California","Fresno County",4,31,16104,8244,7860
050,06,019,"California","Fresno County",4,32,16066,8239,7827
050,06,019,"California","Fresno County",4,33,15371,7798,7573
050,06,019,"California","Fresno County",4,34,14953,7611,7342
050,06,019,"California","Fresno County",4,35,14588,7498,7090
050,06,019,"California","Fresno County",4,36,14518,7544,6974
050,06,019,"California","Fresno County",4,37,14290,7411,6879
050,06,019,"California","Fresno County",4,38,13797,7054,6743
050,06,019,"California","Fresno County",4,39,14027,7086,6941
050,06,019,"California","Fresno County",4,40,14041,7145,6896
050,06,019,"California","Fresno County",4,41,13439,6844,6595
050,06,019,"California","Fresno County",4,42,13344,6783,6561
050,06,019,"California","Fresno County",4,43,12491,6326,6165
050,06,019,"California","Fresno County",4,44,12188,6177,6011
050,06,019,"California","Fresno County",4,45,12005,6130,5875
050,06,019,"California","Fresno County",4,46,11560,5905,5655
050,06,019,"California","Fresno County",4,47,11470,5852,5618
050,06,019,"California","Fresno County",4,48,10882,5595,5287
050,06,019,"California","Fresno County",4,49,10796,5441,5355
050,06,019,"California","Fresno County",4,50,10857,5383,5474
050,06,019,"California","Fresno County",4,51,11220,5590,5630
050,06,019,"California","Fresno County",4,52,11112,5638,5474
050,06,019,"California","Fresno County",4,53,10709,5418,5291
050,06,019,"California","Fresno County",4,54,10645,5400,5245
050,06,019,"California","Fresno County",4,55,10508,5344,5164
050,06,019,"California","Fresno County",4,56,10539,5315,5224
050,06,019,"California","Fresno County",4,57,10734,5318,5416
050,06,019,"California","Fresno County",4,58,10751,5358,5393
050,06,019,"California","Fresno County",4,59,10682,5257,5425
050,06,019,"California","Fresno County",4,60,10677,5228,5449
050,06,019,"California","Fresno County",4,61,10488,5127,5361
050,06,019,"California","Fresno County",4,62,10439,5155,5284
050,06,019,"California","Fresno County",4,63,9904,4825,5079
050,06,019,"California","Fresno County",4,64,9615,4625,4990
050,06,019,"California","Fresno County",4,65,9317,4539,4778
050,06,019,"California","Fresno County",4,66,8896,4303,4593
050,06,019,"California","Fresno County",4,67,8783,4167,4616
050,06,019,"California","Fresno County",4,68,8394,3952,4442
050,06,019,"California","Fresno County",4,69,7949,3726,4223
050,06,019,"California","Fresno County",4,70,7649,3576,4073
050,06,019,"California","Fresno County",4,71,7321,3416,3905
050,06,019,"California","Fresno County",4,72,7055,3293,3762
050,06,019,"California","Fresno County",4,73,6702,3138,3564
050,06,019,"California","Fresno County",4,74,6430,2981,3449
050,06,019,"California","Fresno County",4,75,6424,2954,3470
050,06,019,"California","Fresno County",4,76,4845,2216,2629
050,06,019,"California","Fresno County",4,77,4578,2085,2493
050,06,019,"California","Fresno County",4,78,4304,1919,2385
050,06,019,"California","Fresno County",4,79,4153,1827,2326
050,06,019,"California","Fresno County",4,80,3634,1613,2021
050,06,019,"California","Fresno County",4,81,3224,1376,1848
050,06,019,"California","Fresno County",4,82,2960,1265,1695
050,06,019,"California","Fresno County",4,83,2600,1096,1504
050,06,019,"California","Fresno County",4,84,2414,975,1439
050,06,019,"California","Fresno County",4,85,13668,5043,8625
050,06,019,"California","Fresno County",5,0,13871,6974,6897
050,06,019,"California","Fresno County",5,1,14084,7040,7044
050,06,019,"California","Fresno County",5,2,13685,6867,6818
050,06,019,"California","Fresno County",5,3,14077,7232,6845
050,06,019,"California","Fresno County",5,4,14310,7304,7006
050,06,019,"California","Fresno County",5,5,14565,7396,7169
050,06,019,"California","Fresno County",5,6,15014,7718,7296
050,06,019,"California","Fresno County",5,7,15489,7905,7584
050,06,019,"California","Fresno County",5,8,16003,8145,7858
050,06,019,"California","Fresno County",5,9,16217,8255,7962
050,06,019,"California","Fresno County",5,10,16177,8293,7884
050,06,019,"California","Fresno County",5,11,16411,8417,7994
050,06,019,"California","Fresno County",5,12,16570,8500,8070
050,06,019,"California","Fresno County",5,13,16472,8380,8092
050,06,019,"California","Fresno County",5,14,16536,8398,8138
050,06,019,"California","Fresno County",5,15,17235,8890,8345
050,06,019,"California","Fresno County",5,16,16914,8708,8206
050,06,019,"California","Fresno County",5,17,16408,8459,7949
050,06,019,"California","Fresno County",5,18,15208,7889,7319
050,06,019,"California","Fresno County",5,19,13972,7155,6817
050,06,019,"California","Fresno County",5,20,13750,7014,6736
050,06,019,"California","Fresno County",5,21,13592,6880,6712
050,06,019,"California","Fresno County",5,22,13808,7039,6769
050,06,019,"California","Fresno County",5,23,14208,7180,7028
050,06,019,"California","Fresno County",5,24,14232,7259,6973
050,06,019,"California","Fresno County",5,25,14157,7296,6861
050,06,019,"California","Fresno County",5,26,14196,7144,7052
050,06,019,"California","Fresno County",5,27,14244,7275,6969
050,06,019,"California","Fresno County",5,28,14518,7513,7005
050,06,019,"California","Fresno County",5,29,14962,7677,7285
050,06,019,"California","Fresno County",5,30,15018,7659,7359
050,06,019,"California","Fresno County",5,31,15606,7977,7629
050,06,019,"California","Fresno County",5,32,16025,8210,7815
050,06,019,"California","Fresno County",5,33,16003,8191,7812
050,06,019,"California","Fresno County",5,34,15283,7811,7472
050,06,019,"California","Fresno County",5,35,14793,7501,7292
050,06,019,"California","Fresno County",5,36,14493,7477,7016
050,06,019,"California","Fresno County",5,37,14509,7553,6956
050,06,019,"California","Fresno County",5,38,14218,7381,6837
050,06,019,"California","Fresno County",5,39,13721,6985,6736
050,06,019,"California","Fresno County",5,40,13988,7085,6903
050,06,019,"California","Fresno County",5,41,13901,7064,6837
050,06,019,"California","Fresno County",5,42,13488,6886,6602
050,06,019,"California","Fresno County",5,43,13243,6764,6479
050,06,019,"California","Fresno County",5,44,12438,6261,6177
050,06,019,"California","Fresno County",5,45,12050,6118,5932
050,06,019,"California","Fresno County",5,46,11870,6015,5855
050,06,019,"California","Fresno County",5,47,11498,5903,5595
050,06,019,"California","Fresno County",5,48,11338,5767,5571
050,06,019,"California","Fresno County",5,49,10863,5555,5308
050,06,019,"California","Fresno County",5,50,10619,5305,5314
050,06,019,"California","Fresno County",5,51,10822,5365,5457
050,06,019,"California","Fresno County",5,52,11111,5562,5549
050,06,019,"California","Fresno County",5,53,10977,5579,5398
050,06,019,"California","Fresno County",5,54,10633,5409,5224
050,06,019,"California","Fresno County",5,55,10560,5346,5214
050,06,019,"California","Fresno County",5,56,10428,5287,5141
050,06,019,"California","Fresno County",5,57,10288,5172,5116
050,06,019,"California","Fresno County",5,58,10584,5271,5313
050,06,019,"California","Fresno County",5,59,10558,5275,5283
050,06,019,"California","Fresno County",5,60,10519,5152,5367
050,06,019,"California","Fresno County",5,61,10349,5033,5316
050,06,019,"California","Fresno County",5,62,10273,5044,5229
050,06,019,"California","Fresno County",5,63,10229,4992,5237
050,06,019,"California","Fresno County",5,64,9660,4701,4959
050,06,019,"California","Fresno County",5,65,9383,4480,4903
050,06,019,"California","Fresno County",5,66,9093,4393,4700
050,06,019,"California","Fresno County",5,67,8676,4180,4496
050,06,019,"California","Fresno County",5,68,8569,4023,4546
050,06,019,"California","Fresno County",5,69,8208,3845,4363
050,06,019,"California","Fresno County",5,70,7685,3585,4100
050,06,019,"California","Fresno County",5,71,7518,3504,4014
050,06,019,"California","Fresno County",5,72,7064,3275,3789
050,06,019,"California","Fresno County",5,73,6892,3213,3679
050,06,019,"California","Fresno County",5,74,6496,3022,3474
050,06,019,"California","Fresno County",5,75,6197,2847,3350
050,06,019,"California","Fresno County",5,76,6214,2852,3362
050,06,019,"California","Fresno County",5,77,4635,2095,2540
050,06,019,"California","Fresno County",5,78,4376,1966,2410
050,06,019,"California","Fresno County",5,79,4093,1813,2280
050,06,019,"California","Fresno County",5,80,3958,1752,2206
050,06,019,"California","Fresno County",5,81,3456,1537,1919
050,06,019,"California","Fresno County",5,82,3029,1275,1754
050,06,019,"California","Fresno County",5,83,2768,1174,1594
050,06,019,"California","Fresno County",5,84,2412,972,1440
050,06,019,"California","Fresno County",5,85,13599,5038,8561
050,06,021,"California","Glenn County",1,0,387,198,189
050,06,021,"California","Glenn County",1,1,377,189,188
050,06,021,"California","Glenn County",1,2,369,207,162
050,06,021,"California","Glenn County",1,3,394,216,178
050,06,021,"California","Glenn County",1,4,443,238,205
050,06,021,"California","Glenn County",1,5,455,241,214
050,06,021,"California","Glenn County",1,6,435,235,200
050,06,021,"California","Glenn County",1,7,415,220,195
050,06,021,"California","Glenn County",1,8,426,233,193
050,06,021,"California","Glenn County",1,9,462,254,208
050,06,021,"California","Glenn County",1,10,468,231,237
050,06,021,"California","Glenn County",1,11,464,230,234
050,06,021,"California","Glenn County",1,12,464,246,218
050,06,021,"California","Glenn County",1,13,465,250,215
050,06,021,"California","Glenn County",1,14,488,252,236
050,06,021,"California","Glenn County",1,15,448,221,227
050,06,021,"California","Glenn County",1,16,437,217,220
050,06,021,"California","Glenn County",1,17,410,213,197
050,06,021,"California","Glenn County",1,18,398,212,186
050,06,021,"California","Glenn County",1,19,350,181,169
050,06,021,"California","Glenn County",1,20,347,184,163
050,06,021,"California","Glenn County",1,21,375,201,174
050,06,021,"California","Glenn County",1,22,382,206,176
050,06,021,"California","Glenn County",1,23,374,184,190
050,06,021,"California","Glenn County",1,24,364,188,176
050,06,021,"California","Glenn County",1,25,361,182,179
050,06,021,"California","Glenn County",1,26,338,164,174
050,06,021,"California","Glenn County",1,27,367,189,178
050,06,021,"California","Glenn County",1,28,396,210,186
050,06,021,"California","Glenn County",1,29,385,203,182
050,06,021,"California","Glenn County",1,30,373,201,172
050,06,021,"California","Glenn County",1,31,386,207,179
050,06,021,"California","Glenn County",1,32,379,185,194
050,06,021,"California","Glenn County",1,33,362,185,177
050,06,021,"California","Glenn County",1,34,374,206,168
050,06,021,"California","Glenn County",1,35,363,192,171
050,06,021,"California","Glenn County",1,36,338,169,169
050,06,021,"California","Glenn County",1,37,353,169,184
050,06,021,"California","Glenn County",1,38,378,194,184
050,06,021,"California","Glenn County",1,39,361,195,166
050,06,021,"California","Glenn County",1,40,340,173,167
050,06,021,"California","Glenn County",1,41,322,158,164
050,06,021,"California","Glenn County",1,42,331,168,163
050,06,021,"California","Glenn County",1,43,303,159,144
050,06,021,"California","Glenn County",1,44,303,162,141
050,06,021,"California","Glenn County",1,45,289,144,145
050,06,021,"California","Glenn County",1,46,295,132,163
050,06,021,"California","Glenn County",1,47,314,155,159
050,06,021,"California","Glenn County",1,48,319,159,160
050,06,021,"California","Glenn County",1,49,333,164,169
050,06,021,"California","Glenn County",1,50,304,160,144
050,06,021,"California","Glenn County",1,51,316,170,146
050,06,021,"California","Glenn County",1,52,297,154,143
050,06,021,"California","Glenn County",1,53,331,175,156
050,06,021,"California","Glenn County",1,54,316,160,156
050,06,021,"California","Glenn County",1,55,335,167,168
050,06,021,"California","Glenn County",1,56,370,175,195
050,06,021,"California","Glenn County",1,57,375,185,190
050,06,021,"California","Glenn County",1,58,397,210,187
050,06,021,"California","Glenn County",1,59,383,190,193
050,06,021,"California","Glenn County",1,60,358,179,179
050,06,021,"California","Glenn County",1,61,344,181,163
050,06,021,"California","Glenn County",1,62,349,176,173
050,06,021,"California","Glenn County",1,63,370,182,188
050,06,021,"California","Glenn County",1,64,367,180,187
050,06,021,"California","Glenn County",1,65,358,187,171
050,06,021,"California","Glenn County",1,66,344,180,164
050,06,021,"California","Glenn County",1,67,300,150,150
050,06,021,"California","Glenn County",1,68,297,151,146
050,06,021,"California","Glenn County",1,69,288,144,144
050,06,021,"California","Glenn County",1,70,259,132,127
050,06,021,"California","Glenn County",1,71,247,115,132
050,06,021,"California","Glenn County",1,72,231,116,115
050,06,021,"California","Glenn County",1,73,239,124,115
050,06,021,"California","Glenn County",1,74,179,94,85
050,06,021,"California","Glenn County",1,75,179,91,88
050,06,021,"California","Glenn County",1,76,195,94,101
050,06,021,"California","Glenn County",1,77,179,85,94
050,06,021,"California","Glenn County",1,78,164,85,79
050,06,021,"California","Glenn County",1,79,149,76,73
050,06,021,"California","Glenn County",1,80,141,72,69
050,06,021,"California","Glenn County",1,81,117,50,67
050,06,021,"California","Glenn County",1,82,114,48,66
050,06,021,"California","Glenn County",1,83,112,51,61
050,06,021,"California","Glenn County",1,84,87,36,51
050,06,021,"California","Glenn County",1,85,470,186,284
050,06,021,"California","Glenn County",2,0,385,197,188
050,06,021,"California","Glenn County",2,1,375,190,185
050,06,021,"California","Glenn County",2,2,370,203,167
050,06,021,"California","Glenn County",2,3,388,214,174
050,06,021,"California","Glenn County",2,4,434,234,200
050,06,021,"California","Glenn County",2,5,452,240,212
050,06,021,"California","Glenn County",2,6,441,237,204
050,06,021,"California","Glenn County",2,7,421,225,196
050,06,021,"California","Glenn County",2,8,424,230,194
050,06,021,"California","Glenn County",2,9,455,250,205
050,06,021,"California","Glenn County",2,10,466,236,230
050,06,021,"California","Glenn County",2,11,464,231,233
050,06,021,"California","Glenn County",2,12,463,243,220
050,06,021,"California","Glenn County",2,13,463,248,215
050,06,021,"California","Glenn County",2,14,483,251,232
050,06,021,"California","Glenn County",2,15,458,229,229
050,06,021,"California","Glenn County",2,16,438,217,221
050,06,021,"California","Glenn County",2,17,417,214,203
050,06,021,"California","Glenn County",2,18,387,207,180
050,06,021,"California","Glenn County",2,19,348,180,168
050,06,021,"California","Glenn County",2,20,352,185,167
050,06,021,"California","Glenn County",2,21,368,199,169
050,06,021,"California","Glenn County",2,22,382,204,178
050,06,021,"California","Glenn County",2,23,376,190,186
050,06,021,"California","Glenn County",2,24,364,186,178
050,06,021,"California","Glenn County",2,25,364,183,181
050,06,021,"California","Glenn County",2,26,343,168,175
050,06,021,"California","Glenn County",2,27,361,185,176
050,06,021,"California","Glenn County",2,28,389,203,186
050,06,021,"California","Glenn County",2,29,386,205,181
050,06,021,"California","Glenn County",2,30,381,205,176
050,06,021,"California","Glenn County",2,31,384,206,178
050,06,021,"California","Glenn County",2,32,377,187,190
050,06,021,"California","Glenn County",2,33,367,185,182
050,06,021,"California","Glenn County",2,34,370,200,170
050,06,021,"California","Glenn County",2,35,369,196,173
050,06,021,"California","Glenn County",2,36,344,173,171
050,06,021,"California","Glenn County",2,37,349,169,180
050,06,021,"California","Glenn County",2,38,370,186,184
050,06,021,"California","Glenn County",2,39,360,192,168
050,06,021,"California","Glenn County",2,40,346,179,167
050,06,021,"California","Glenn County",2,41,323,160,163
050,06,021,"California","Glenn County",2,42,327,166,161
050,06,021,"California","Glenn County",2,43,309,161,148
050,06,021,"California","Glenn County",2,44,299,159,140
050,06,021,"California","Glenn County",2,45,294,150,144
050,06,021,"California","Glenn County",2,46,291,134,157
050,06,021,"California","Glenn County",2,47,308,148,160
050,06,021,"California","Glenn County",2,48,321,160,161
050,06,021,"California","Glenn County",2,49,329,163,166
050,06,021,"California","Glenn County",2,50,311,160,151
050,06,021,"California","Glenn County",2,51,311,166,145
050,06,021,"California","Glenn County",2,52,300,156,144
050,06,021,"California","Glenn County",2,53,317,167,150
050,06,021,"California","Glenn County",2,54,317,163,154
050,06,021,"California","Glenn County",2,55,329,164,165
050,06,021,"California","Glenn County",2,56,363,174,189
050,06,021,"California","Glenn County",2,57,375,183,192
050,06,021,"California","Glenn County",2,58,387,201,186
050,06,021,"California","Glenn County",2,59,384,195,189
050,06,021,"California","Glenn County",2,60,362,181,181
050,06,021,"California","Glenn County",2,61,348,181,167
050,06,021,"California","Glenn County",2,62,344,173,171
050,06,021,"California","Glenn County",2,63,367,182,185
050,06,021,"California","Glenn County",2,64,365,180,185
050,06,021,"California","Glenn County",2,65,361,187,174
050,06,021,"California","Glenn County",2,66,344,178,166
050,06,021,"California","Glenn County",2,67,311,155,156
050,06,021,"California","Glenn County",2,68,293,148,145
050,06,021,"California","Glenn County",2,69,293,147,146
050,06,021,"California","Glenn County",2,70,262,133,129
050,06,021,"California","Glenn County",2,71,250,120,130
050,06,021,"California","Glenn County",2,72,230,115,115
050,06,021,"California","Glenn County",2,73,248,128,120
050,06,021,"California","Glenn County",2,74,179,93,86
050,06,021,"California","Glenn County",2,75,180,91,89
050,06,021,"California","Glenn County",2,76,188,91,97
050,06,021,"California","Glenn County",2,77,186,90,96
050,06,021,"California","Glenn County",2,78,162,83,79
050,06,021,"California","Glenn County",2,79,153,79,74
050,06,021,"California","Glenn County",2,80,143,74,69
050,06,021,"California","Glenn County",2,81,120,52,68
050,06,021,"California","Glenn County",2,82,112,48,64
050,06,021,"California","Glenn County",2,83,111,50,61
050,06,021,"California","Glenn County",2,84,93,41,52
050,06,021,"California","Glenn County",2,85,470,182,288
050,06,021,"California","Glenn County",3,0,366,175,191
050,06,021,"California","Glenn County",3,1,387,209,178
050,06,021,"California","Glenn County",3,2,375,186,189
050,06,021,"California","Glenn County",3,3,376,203,173
050,06,021,"California","Glenn County",3,4,395,212,183
050,06,021,"California","Glenn County",3,5,428,239,189
050,06,021,"California","Glenn County",3,6,454,240,214
050,06,021,"California","Glenn County",3,7,443,229,214
050,06,021,"California","Glenn County",3,8,418,215,203
050,06,021,"California","Glenn County",3,9,417,227,190
050,06,021,"California","Glenn County",3,10,451,247,204
050,06,021,"California","Glenn County",3,11,462,232,230
050,06,021,"California","Glenn County",3,12,451,222,229
050,06,021,"California","Glenn County",3,13,475,246,229
050,06,021,"California","Glenn County",3,14,469,253,216
050,06,021,"California","Glenn County",3,15,471,245,226
050,06,021,"California","Glenn County",3,16,458,234,224
050,06,021,"California","Glenn County",3,17,431,218,213
050,06,021,"California","Glenn County",3,18,379,201,178
050,06,021,"California","Glenn County",3,19,331,174,157
050,06,021,"California","Glenn County",3,20,350,183,167
050,06,021,"California","Glenn County",3,21,351,180,171
050,06,021,"California","Glenn County",3,22,375,203,172
050,06,021,"California","Glenn County",3,23,387,196,191
050,06,021,"California","Glenn County",3,24,356,173,183
050,06,021,"California","Glenn County",3,25,342,176,166
050,06,021,"California","Glenn County",3,26,346,182,164
050,06,021,"California","Glenn County",3,27,339,173,166
050,06,021,"California","Glenn County",3,28,352,175,177
050,06,021,"California","Glenn County",3,29,404,208,196
050,06,021,"California","Glenn County",3,30,370,195,175
050,06,021,"California","Glenn County",3,31,368,190,178
050,06,021,"California","Glenn County",3,32,366,192,174
050,06,021,"California","Glenn County",3,33,378,184,194
050,06,021,"California","Glenn County",3,34,368,188,180
050,06,021,"California","Glenn County",3,35,367,204,163
050,06,021,"California","Glenn County",3,36,378,198,180
050,06,021,"California","Glenn County",3,37,328,157,171
050,06,021,"California","Glenn County",3,38,358,184,174
050,06,021,"California","Glenn County",3,39,364,182,182
050,06,021,"California","Glenn County",3,40,371,202,169
050,06,021,"California","Glenn County",3,41,334,172,162
050,06,021,"California","Glenn County",3,42,334,165,169
050,06,021,"California","Glenn County",3,43,320,163,157
050,06,021,"California","Glenn County",3,44,314,167,147
050,06,021,"California","Glenn County",3,45,295,159,136
050,06,021,"California","Glenn County",3,46,292,148,144
050,06,021,"California","Glenn County",3,47,290,132,158
050,06,021,"California","Glenn County",3,48,315,154,161
050,06,021,"California","Glenn County",3,49,315,160,155
050,06,021,"California","Glenn County",3,50,323,161,162
050,06,021,"California","Glenn County",3,51,314,159,155
050,06,021,"California","Glenn County",3,52,302,153,149
050,06,021,"California","Glenn County",3,53,296,157,139
050,06,021,"California","Glenn County",3,54,305,158,147
050,06,021,"California","Glenn County",3,55,312,161,151
050,06,021,"California","Glenn County",3,56,324,163,161
050,06,021,"California","Glenn County",3,57,365,174,191
050,06,021,"California","Glenn County",3,58,364,179,185
050,06,021,"California","Glenn County",3,59,382,203,179
050,06,021,"California","Glenn County",3,60,363,184,179
050,06,021,"California","Glenn County",3,61,359,178,181
050,06,021,"California","Glenn County",3,62,351,186,165
050,06,021,"California","Glenn County",3,63,336,167,169
050,06,021,"California","Glenn County",3,64,372,186,186
050,06,021,"California","Glenn County",3,65,353,170,183
050,06,021,"California","Glenn County",3,66,355,187,168
050,06,021,"California","Glenn County",3,67,329,168,161
050,06,021,"California","Glenn County",3,68,300,151,149
050,06,021,"California","Glenn County",3,69,286,146,140
050,06,021,"California","Glenn County",3,70,278,140,138
050,06,021,"California","Glenn County",3,71,257,128,129
050,06,021,"California","Glenn County",3,72,246,120,126
050,06,021,"California","Glenn County",3,73,224,114,110
050,06,021,"California","Glenn County",3,74,245,127,118
050,06,021,"California","Glenn County",3,75,170,88,82
050,06,021,"California","Glenn County",3,76,169,85,84
050,06,021,"California","Glenn County",3,77,186,90,96
050,06,021,"California","Glenn County",3,78,172,82,90
050,06,021,"California","Glenn County",3,79,164,82,82
050,06,021,"California","Glenn County",3,80,139,68,71
050,06,021,"California","Glenn County",3,81,133,66,67
050,06,021,"California","Glenn County",3,82,112,46,66
050,06,021,"California","Glenn County",3,83,109,46,63
050,06,021,"California","Glenn County",3,84,101,47,54
050,06,021,"California","Glenn County",3,85,458,179,279
050,06,021,"California","Glenn County",4,0,353,169,184
050,06,021,"California","Glenn County",4,1,370,173,197
050,06,021,"California","Glenn County",4,2,372,203,169
050,06,021,"California","Glenn County",4,3,379,190,189
050,06,021,"California","Glenn County",4,4,369,203,166
050,06,021,"California","Glenn County",4,5,391,213,178
050,06,021,"California","Glenn County",4,6,430,240,190
050,06,021,"California","Glenn County",4,7,451,234,217
050,06,021,"California","Glenn County",4,8,432,219,213
050,06,021,"California","Glenn County",4,9,423,223,200
050,06,021,"California","Glenn County",4,10,416,227,189
050,06,021,"California","Glenn County",4,11,451,248,203
050,06,021,"California","Glenn County",4,12,464,238,226
050,06,021,"California","Glenn County",4,13,464,222,242
050,06,021,"California","Glenn County",4,14,484,244,240
050,06,021,"California","Glenn County",4,15,479,260,219
050,06,021,"California","Glenn County",4,16,469,243,226
050,06,021,"California","Glenn County",4,17,468,243,225
050,06,021,"California","Glenn County",4,18,384,202,182
050,06,021,"California","Glenn County",4,19,319,167,152
050,06,021,"California","Glenn County",4,20,333,171,162
050,06,021,"California","Glenn County",4,21,342,187,155
050,06,021,"California","Glenn County",4,22,347,184,163
050,06,021,"California","Glenn County",4,23,351,188,163
050,06,021,"California","Glenn County",4,24,367,189,178
050,06,021,"California","Glenn County",4,25,336,164,172
050,06,021,"California","Glenn County",4,26,341,177,164
050,06,021,"California","Glenn County",4,27,346,182,164
050,06,021,"California","Glenn County",4,28,317,163,154
050,06,021,"California","Glenn County",4,29,360,177,183
050,06,021,"California","Glenn County",4,30,389,202,187
050,06,021,"California","Glenn County",4,31,369,192,177
050,06,021,"California","Glenn County",4,32,373,193,180
050,06,021,"California","Glenn County",4,33,369,185,184
050,06,021,"California","Glenn County",4,34,379,187,192
050,06,021,"California","Glenn County",4,35,364,186,178
050,06,021,"California","Glenn County",4,36,364,204,160
050,06,021,"California","Glenn County",4,37,364,185,179
050,06,021,"California","Glenn County",4,38,333,164,169
050,06,021,"California","Glenn County",4,39,356,181,175
050,06,021,"California","Glenn County",4,40,376,191,185
050,06,021,"California","Glenn County",4,41,361,198,163
050,06,021,"California","Glenn County",4,42,335,175,160
050,06,021,"California","Glenn County",4,43,332,166,166
050,06,021,"California","Glenn County",4,44,303,150,153
050,06,021,"California","Glenn County",4,45,298,157,141
050,06,021,"California","Glenn County",4,46,306,165,141
050,06,021,"California","Glenn County",4,47,290,144,146
050,06,021,"California","Glenn County",4,48,293,128,165
050,06,021,"California","Glenn County",4,49,314,157,157
050,06,021,"California","Glenn County",4,50,316,161,155
050,06,021,"California","Glenn County",4,51,313,158,155
050,06,021,"California","Glenn County",4,52,312,155,157
050,06,021,"California","Glenn County",4,53,302,157,145
050,06,021,"California","Glenn County",4,54,283,150,133
050,06,021,"California","Glenn County",4,55,290,154,136
050,06,021,"California","Glenn County",4,56,312,161,151
050,06,021,"California","Glenn County",4,57,311,150,161
050,06,021,"California","Glenn County",4,58,354,172,182
050,06,021,"California","Glenn County",4,59,354,181,173
050,06,021,"California","Glenn County",4,60,363,183,180
050,06,021,"California","Glenn County",4,61,349,173,176
050,06,021,"California","Glenn County",4,62,354,170,184
050,06,021,"California","Glenn County",4,63,340,178,162
050,06,021,"California","Glenn County",4,64,317,160,157
050,06,021,"California","Glenn County",4,65,352,178,174
050,06,021,"California","Glenn County",4,66,331,161,170
050,06,021,"California","Glenn County",4,67,349,180,169
050,06,021,"California","Glenn County",4,68,311,161,150
050,06,021,"California","Glenn County",4,69,298,149,149
050,06,021,"California","Glenn County",4,70,274,140,134
050,06,021,"California","Glenn County",4,71,259,123,136
050,06,021,"California","Glenn County",4,72,245,125,120
050,06,021,"California","Glenn County",4,73,239,116,123
050,06,021,"California","Glenn County",4,74,213,109,104
050,06,021,"California","Glenn County",4,75,226,115,111
050,06,021,"California","Glenn County",4,76,158,82,76
050,06,021,"California","Glenn County",4,77,168,85,83
050,06,021,"California","Glenn County",4,78,167,78,89
050,06,021,"California","Glenn County",4,79,172,84,88
050,06,021,"California","Glenn County",4,80,152,77,75
050,06,021,"California","Glenn County",4,81,125,61,64
050,06,021,"California","Glenn County",4,82,123,62,61
050,06,021,"California","Glenn County",4,83,99,40,59
050,06,021,"California","Glenn County",4,84,92,40,52
050,06,021,"California","Glenn County",4,85,461,178,283
050,06,021,"California","Glenn County",5,0,344,162,182
050,06,021,"California","Glenn County",5,1,355,176,179
050,06,021,"California","Glenn County",5,2,363,177,186
050,06,021,"California","Glenn County",5,3,361,191,170
050,06,021,"California","Glenn County",5,4,377,189,188
050,06,021,"California","Glenn County",5,5,374,210,164
050,06,021,"California","Glenn County",5,6,389,204,185
050,06,021,"California","Glenn County",5,7,442,246,196
050,06,021,"California","Glenn County",5,8,437,232,205
050,06,021,"California","Glenn County",5,9,427,220,207
050,06,021,"California","Glenn County",5,10,404,203,201
050,06,021,"California","Glenn County",5,11,420,230,190
050,06,021,"California","Glenn County",5,12,448,244,204
050,06,021,"California","Glenn County",5,13,455,237,218
050,06,021,"California","Glenn County",5,14,472,225,247
050,06,021,"California","Glenn County",5,15,472,243,229
050,06,021,"California","Glenn County",5,16,466,254,212
050,06,021,"California","Glenn County",5,17,464,243,221
050,06,021,"California","Glenn County",5,18,435,231,204
050,06,021,"California","Glenn County",5,19,339,175,164
050,06,021,"California","Glenn County",5,20,320,175,145
050,06,021,"California","Glenn County",5,21,342,175,167
050,06,021,"California","Glenn County",5,22,343,177,166
050,06,021,"California","Glenn County",5,23,345,181,164
050,06,021,"California","Glenn County",5,24,343,192,151
050,06,021,"California","Glenn County",5,25,358,181,177
050,06,021,"California","Glenn County",5,26,333,172,161
050,06,021,"California","Glenn County",5,27,333,171,162
050,06,021,"California","Glenn County",5,28,352,184,168
050,06,021,"California","Glenn County",5,29,312,150,162
050,06,021,"California","Glenn County",5,30,354,174,180
050,06,021,"California","Glenn County",5,31,378,201,177
050,06,021,"California","Glenn County",5,32,367,190,177
050,06,021,"California","Glenn County",5,33,368,188,180
050,06,021,"California","Glenn County",5,34,366,190,176
050,06,021,"California","Glenn County",5,35,392,204,188
050,06,021,"California","Glenn County",5,36,373,193,180
050,06,021,"California","Glenn County",5,37,352,195,157
050,06,021,"California","Glenn County",5,38,366,181,185
050,06,021,"California","Glenn County",5,39,329,162,167
050,06,021,"California","Glenn County",5,40,356,188,168
050,06,021,"California","Glenn County",5,41,361,181,180
050,06,021,"California","Glenn County",5,42,358,198,160
050,06,021,"California","Glenn County",5,43,338,176,162
050,06,021,"California","Glenn County",5,44,328,160,168
050,06,021,"California","Glenn County",5,45,306,150,156
050,06,021,"California","Glenn County",5,46,300,162,138
050,06,021,"California","Glenn County",5,47,295,160,135
050,06,021,"California","Glenn County",5,48,295,147,148
050,06,021,"California","Glenn County",5,49,294,125,169
050,06,021,"California","Glenn County",5,50,310,153,157
050,06,021,"California","Glenn County",5,51,308,157,151
050,06,021,"California","Glenn County",5,52,312,151,161
050,06,021,"California","Glenn County",5,53,310,158,152
050,06,021,"California","Glenn County",5,54,293,152,141
050,06,021,"California","Glenn County",5,55,280,148,132
050,06,021,"California","Glenn County",5,56,291,150,141
050,06,021,"California","Glenn County",5,57,310,161,149
050,06,021,"California","Glenn County",5,58,309,152,157
050,06,021,"California","Glenn County",5,59,352,168,184
050,06,021,"California","Glenn County",5,60,338,169,169
050,06,021,"California","Glenn County",5,61,357,177,180
050,06,021,"California","Glenn County",5,62,344,169,175
050,06,021,"California","Glenn County",5,63,344,165,179
050,06,021,"California","Glenn County",5,64,317,165,152
050,06,021,"California","Glenn County",5,65,303,152,151
050,06,021,"California","Glenn County",5,66,343,179,164
050,06,021,"California","Glenn County",5,67,325,153,172
050,06,021,"California","Glenn County",5,68,336,174,162
050,06,021,"California","Glenn County",5,69,306,161,145
050,06,021,"California","Glenn County",5,70,287,145,142
050,06,021,"California","Glenn County",5,71,257,130,127
050,06,021,"California","Glenn County",5,72,248,118,130
050,06,021,"California","Glenn County",5,73,236,121,115
050,06,021,"California","Glenn County",5,74,234,112,122
050,06,021,"California","Glenn County",5,75,196,99,97
050,06,021,"California","Glenn County",5,76,211,107,104
050,06,021,"California","Glenn County",5,77,166,86,80
050,06,021,"California","Glenn County",5,78,156,76,80
050,06,021,"California","Glenn County",5,79,167,79,88
050,06,021,"California","Glenn County",5,80,164,82,82
050,06,021,"California","Glenn County",5,81,138,69,69
050,06,021,"California","Glenn County",5,82,118,58,60
050,06,021,"California","Glenn County",5,83,111,56,55
050,06,021,"California","Glenn County",5,84,85,35,50
050,06,021,"California","Glenn County",5,85,466,181,285
050,06,023,"California","Humboldt County",1,0,1402,715,687
050,06,023,"California","Humboldt County",1,1,1397,709,688
050,06,023,"California","Humboldt County",1,2,1324,669,655
050,06,023,"California","Humboldt County",1,3,1407,684,723
050,06,023,"California","Humboldt County",1,4,1488,748,740
050,06,023,"California","Humboldt County",1,5,1433,747,686
050,06,023,"California","Humboldt County",1,6,1489,781,708
050,06,023,"California","Humboldt County",1,7,1492,773,719
050,06,023,"California","Humboldt County",1,8,1412,699,713
050,06,023,"California","Humboldt County",1,9,1454,717,737
050,06,023,"California","Humboldt County",1,10,1447,736,711
050,06,023,"California","Humboldt County",1,11,1512,780,732
050,06,023,"California","Humboldt County",1,12,1575,787,788
050,06,023,"California","Humboldt County",1,13,1595,813,782
050,06,023,"California","Humboldt County",1,14,1544,797,747
050,06,023,"California","Humboldt County",1,15,1520,788,732
050,06,023,"California","Humboldt County",1,16,1464,753,711
050,06,023,"California","Humboldt County",1,17,1449,739,710
050,06,023,"California","Humboldt County",1,18,2096,999,1097
050,06,023,"California","Humboldt County",1,19,2344,1191,1153
050,06,023,"California","Humboldt County",1,20,2294,1113,1181
050,06,023,"California","Humboldt County",1,21,2524,1207,1317
050,06,023,"California","Humboldt County",1,22,2614,1244,1370
050,06,023,"California","Humboldt County",1,23,2729,1396,1333
050,06,023,"California","Humboldt County",1,24,2255,1114,1141
050,06,023,"California","Humboldt County",1,25,2077,1067,1010
050,06,023,"California","Humboldt County",1,26,1880,950,930
050,06,023,"California","Humboldt County",1,27,1761,878,883
050,06,023,"California","Humboldt County",1,28,1885,939,946
050,06,023,"California","Humboldt County",1,29,1891,945,946
050,06,023,"California","Humboldt County",1,30,1827,894,933
050,06,023,"California","Humboldt County",1,31,1659,877,782
050,06,023,"California","Humboldt County",1,32,1583,817,766
050,06,023,"California","Humboldt County",1,33,1577,804,773
050,06,023,"California","Humboldt County",1,34,1687,871,816
050,06,023,"California","Humboldt County",1,35,1772,909,863
050,06,023,"California","Humboldt County",1,36,1684,828,856
050,06,023,"California","Humboldt County",1,37,1878,966,912
050,06,023,"California","Humboldt County",1,38,1941,994,947
050,06,023,"California","Humboldt County",1,39,1941,989,952
050,06,023,"California","Humboldt County",1,40,1955,1022,933
050,06,023,"California","Humboldt County",1,41,1832,932,900
050,06,023,"California","Humboldt County",1,42,1774,929,845
050,06,023,"California","Humboldt County",1,43,1678,870,808
050,06,023,"California","Humboldt County",1,44,1587,853,734
050,06,023,"California","Humboldt County",1,45,1649,893,756
050,06,023,"California","Humboldt County",1,46,1560,819,741
050,06,023,"California","Humboldt County",1,47,1471,780,691
050,06,023,"California","Humboldt County",1,48,1477,772,705
050,06,023,"California","Humboldt County",1,49,1579,837,742
050,06,023,"California","Humboldt County",1,50,1513,803,710
050,06,023,"California","Humboldt County",1,51,1429,767,662
050,06,023,"California","Humboldt County",1,52,1338,720,618
050,06,023,"California","Humboldt County",1,53,1370,688,682
050,06,023,"California","Humboldt County",1,54,1315,634,681
050,06,023,"California","Humboldt County",1,55,1539,730,809
050,06,023,"California","Humboldt County",1,56,1580,780,800
050,06,023,"California","Humboldt County",1,57,1677,840,837
050,06,023,"California","Humboldt County",1,58,1695,828,867
050,06,023,"California","Humboldt County",1,59,1831,906,925
050,06,023,"California","Humboldt County",1,60,1825,875,950
050,06,023,"California","Humboldt County",1,61,1794,846,948
050,06,023,"California","Humboldt County",1,62,1834,888,946
050,06,023,"California","Humboldt County",1,63,1833,866,967
050,06,023,"California","Humboldt County",1,64,1824,882,942
050,06,023,"California","Humboldt County",1,65,1870,879,991
050,06,023,"California","Humboldt County",1,66,1875,871,1004
050,06,023,"California","Humboldt County",1,67,1843,855,988
050,06,023,"California","Humboldt County",1,68,1791,862,929
050,06,023,"California","Humboldt County",1,69,1691,812,879
050,06,023,"California","Humboldt County",1,70,1699,816,883
050,06,023,"California","Humboldt County",1,71,1626,760,866
050,06,023,"California","Humboldt County",1,72,1466,722,744
050,06,023,"California","Humboldt County",1,73,1510,751,759
050,06,023,"California","Humboldt County",1,74,994,491,503
050,06,023,"California","Humboldt County",1,75,949,446,503
050,06,023,"California","Humboldt County",1,76,867,405,462
050,06,023,"California","Humboldt County",1,77,857,400,457
050,06,023,"California","Humboldt County",1,78,736,332,404
050,06,023,"California","Humboldt County",1,79,646,301,345
050,06,023,"California","Humboldt County",1,80,578,272,306
050,06,023,"California","Humboldt County",1,81,534,256,278
050,06,023,"California","Humboldt County",1,82,486,226,260
050,06,023,"California","Humboldt County",1,83,439,184,255
050,06,023,"California","Humboldt County",1,84,346,135,211
050,06,023,"California","Humboldt County",1,85,2397,884,1513
050,06,023,"California","Humboldt County",2,0,1350,696,654
050,06,023,"California","Humboldt County",2,1,1395,708,687
050,06,023,"California","Humboldt County",2,2,1338,674,664
050,06,023,"California","Humboldt County",2,3,1378,677,701
050,06,023,"California","Humboldt County",2,4,1471,734,737
050,06,023,"California","Humboldt County",2,5,1443,747,696
050,06,023,"California","Humboldt County",2,6,1471,770,701
050,06,023,"California","Humboldt County",2,7,1485,772,713
050,06,023,"California","Humboldt County",2,8,1425,711,714
050,06,023,"California","Humboldt County",2,9,1436,710,726
050,06,023,"California","Humboldt County",2,10,1449,729,720
050,06,023,"California","Humboldt County",2,11,1492,767,725
050,06,023,"California","Humboldt County",2,12,1565,788,777
050,06,023,"California","Humboldt County",2,13,1586,805,781
050,06,023,"California","Humboldt County",2,14,1550,798,752
050,06,023,"California","Humboldt County",2,15,1528,790,738
050,06,023,"California","Humboldt County",2,16,1478,761,717
050,06,023,"California","Humboldt County",2,17,1459,742,717
050,06,023,"California","Humboldt County",2,18,2046,973,1073
050,06,023,"California","Humboldt County",2,19,2328,1182,1146
050,06,023,"California","Humboldt County",2,20,2324,1133,1191
050,06,023,"California","Humboldt County",2,21,2482,1186,1296
050,06,023,"California","Humboldt County",2,22,2623,1243,1380
050,06,023,"California","Humboldt County",2,23,2731,1397,1334
050,06,023,"California","Humboldt County",2,24,2241,1107,1134
050,06,023,"California","Humboldt County",2,25,2049,1054,995
050,06,023,"California","Humboldt County",2,26,1870,941,929
050,06,023,"California","Humboldt County",2,27,1753,879,874
050,06,023,"California","Humboldt County",2,28,1848,921,927
050,06,023,"California","Humboldt County",2,29,1887,940,947
050,06,023,"California","Humboldt County",2,30,1855,919,936
050,06,023,"California","Humboldt County",2,31,1671,861,810
050,06,023,"California","Humboldt County",2,32,1593,824,769
050,06,023,"California","Humboldt County",2,33,1577,805,772
050,06,023,"California","Humboldt County",2,34,1656,851,805
050,06,023,"California","Humboldt County",2,35,1764,906,858
050,06,023,"California","Humboldt County",2,36,1685,832,853
050,06,023,"California","Humboldt County",2,37,1836,933,903
050,06,023,"California","Humboldt County",2,38,1932,990,942
050,06,023,"California","Humboldt County",2,39,1935,985,950
050,06,023,"California","Humboldt County",2,40,1981,1035,946
050,06,023,"California","Humboldt County",2,41,1848,942,906
050,06,023,"California","Humboldt County",2,42,1769,916,853
050,06,023,"California","Humboldt County",2,43,1701,880,821
050,06,023,"California","Humboldt County",2,44,1588,844,744
050,06,023,"California","Humboldt County",2,45,1651,892,759
050,06,023,"California","Humboldt County",2,46,1566,825,741
050,06,023,"California","Humboldt County",2,47,1483,783,700
050,06,023,"California","Humboldt County",2,48,1479,779,700
050,06,023,"California","Humboldt County",2,49,1556,821,735
050,06,023,"California","Humboldt County",2,50,1540,818,722
050,06,023,"California","Humboldt County",2,51,1429,763,666
050,06,023,"California","Humboldt County",2,52,1363,737,626
050,06,023,"California","Humboldt County",2,53,1356,692,664
050,06,023,"California","Humboldt County",2,54,1323,644,679
050,06,023,"California","Humboldt County",2,55,1495,711,784
050,06,023,"California","Humboldt County",2,56,1566,765,801
050,06,023,"California","Humboldt County",2,57,1648,818,830
050,06,023,"California","Humboldt County",2,58,1688,830,858
050,06,023,"California","Humboldt County",2,59,1812,895,917
050,06,023,"California","Humboldt County",2,60,1823,879,944
050,06,023,"California","Humboldt County",2,61,1790,844,946
050,06,023,"California","Humboldt County",2,62,1823,878,945
050,06,023,"California","Humboldt County",2,63,1846,879,967
050,06,023,"California","Humboldt County",2,64,1819,874,945
050,06,023,"California","Humboldt County",2,65,1861,881,980
050,06,023,"California","Humboldt County",2,66,1864,865,999
050,06,023,"California","Humboldt County",2,67,1841,852,989
050,06,023,"California","Humboldt County",2,68,1783,850,933
050,06,023,"California","Humboldt County",2,69,1715,826,889
050,06,023,"California","Humboldt County",2,70,1679,803,876
050,06,023,"California","Humboldt County",2,71,1627,767,860
050,06,023,"California","Humboldt County",2,72,1472,711,761
050,06,023,"California","Humboldt County",2,73,1563,775,788
050,06,023,"California","Humboldt County",2,74,1045,516,529
050,06,023,"California","Humboldt County",2,75,944,450,494
050,06,023,"California","Humboldt County",2,76,868,404,464
050,06,023,"California","Humboldt County",2,77,879,409,470
050,06,023,"California","Humboldt County",2,78,741,337,404
050,06,023,"California","Humboldt County",2,79,648,296,352
050,06,023,"California","Humboldt County",2,80,591,279,312
050,06,023,"California","Humboldt County",2,81,532,254,278
050,06,023,"California","Humboldt County",2,82,498,232,266
050,06,023,"California","Humboldt County",2,83,442,188,254
050,06,023,"California","Humboldt County",2,84,356,142,214
050,06,023,"California","Humboldt County",2,85,2385,879,1506
050,06,023,"California","Humboldt County",3,0,1228,650,578
050,06,023,"California","Humboldt County",3,1,1304,674,630
050,06,023,"California","Humboldt County",3,2,1365,670,695
050,06,023,"California","Humboldt County",3,3,1313,667,646
050,06,023,"California","Humboldt County",3,4,1347,661,686
050,06,023,"California","Humboldt County",3,5,1461,742,719
050,06,023,"California","Humboldt County",3,6,1437,743,694
050,06,023,"California","Humboldt County",3,7,1464,767,697
050,06,023,"California","Humboldt County",3,8,1493,783,710
050,06,023,"California","Humboldt County",3,9,1423,714,709
050,06,023,"California","Humboldt County",3,10,1444,715,729
050,06,023,"California","Humboldt County",3,11,1437,729,708
050,06,023,"California","Humboldt County",3,12,1480,752,728
050,06,023,"California","Humboldt County",3,13,1557,780,777
050,06,023,"California","Humboldt County",3,14,1578,797,781
050,06,023,"California","Humboldt County",3,15,1544,790,754
050,06,023,"California","Humboldt County",3,16,1545,801,744
050,06,023,"California","Humboldt County",3,17,1505,758,747
050,06,023,"California","Humboldt County",3,18,1589,786,803
050,06,023,"California","Humboldt County",3,19,1878,979,899
050,06,023,"California","Humboldt County",3,20,2191,1087,1104
050,06,023,"California","Humboldt County",3,21,2381,1122,1259
050,06,023,"California","Humboldt County",3,22,2580,1195,1385
050,06,023,"California","Humboldt County",3,23,2742,1397,1345
050,06,023,"California","Humboldt County",3,24,2187,1092,1095
050,06,023,"California","Humboldt County",3,25,1988,1026,962
050,06,023,"California","Humboldt County",3,26,1811,892,919
050,06,023,"California","Humboldt County",3,27,1702,862,840
050,06,023,"California","Humboldt County",3,28,1734,873,861
050,06,023,"California","Humboldt County",3,29,1805,900,905
050,06,023,"California","Humboldt County",3,30,1928,967,961
050,06,023,"California","Humboldt County",3,31,1746,840,906
050,06,023,"California","Humboldt County",3,32,1680,861,819
050,06,023,"California","Humboldt County",3,33,1596,809,787
050,06,023,"California","Humboldt County",3,34,1570,802,768
050,06,023,"California","Humboldt County",3,35,1708,894,814
050,06,023,"California","Humboldt County",3,36,1731,874,857
050,06,023,"California","Humboldt County",3,37,1690,829,861
050,06,023,"California","Humboldt County",3,38,1847,944,903
050,06,023,"California","Humboldt County",3,39,1921,967,954
050,06,023,"California","Humboldt County",3,40,1999,1031,968
050,06,023,"California","Humboldt County",3,41,1930,1008,922
050,06,023,"California","Humboldt County",3,42,1818,920,898
050,06,023,"California","Humboldt County",3,43,1778,922,856
050,06,023,"California","Humboldt County",3,44,1699,879,820
050,06,023,"California","Humboldt County",3,45,1649,885,764
050,06,023,"California","Humboldt County",3,46,1588,854,734
050,06,023,"California","Humboldt County",3,47,1545,809,736
050,06,023,"California","Humboldt County",3,48,1510,793,717
050,06,023,"California","Humboldt County",3,49,1452,755,697
050,06,023,"California","Humboldt County",3,50,1606,863,743
050,06,023,"California","Humboldt County",3,51,1515,782,733
050,06,023,"California","Humboldt County",3,52,1419,752,667
050,06,023,"California","Humboldt County",3,53,1348,717,631
050,06,023,"California","Humboldt County",3,54,1348,685,663
050,06,023,"California","Humboldt County",3,55,1334,649,685
050,06,023,"California","Humboldt County",3,56,1479,696,783
050,06,023,"California","Humboldt County",3,57,1513,737,776
050,06,023,"California","Humboldt County",3,58,1658,828,830
050,06,023,"California","Humboldt County",3,59,1684,828,856
050,06,023,"California","Humboldt County",3,60,1785,886,899
050,06,023,"California","Humboldt County",3,61,1799,847,952
050,06,023,"California","Humboldt County",3,62,1770,818,952
050,06,023,"California","Humboldt County",3,63,1805,857,948
050,06,023,"California","Humboldt County",3,64,1829,865,964
050,06,023,"California","Humboldt County",3,65,1770,844,926
050,06,023,"California","Humboldt County",3,66,1827,859,968
050,06,023,"California","Humboldt County",3,67,1851,846,1005
050,06,023,"California","Humboldt County",3,68,1807,838,969
050,06,023,"California","Humboldt County",3,69,1739,826,913
050,06,023,"California","Humboldt County",3,70,1695,814,881
050,06,023,"California","Humboldt County",3,71,1651,784,867
050,06,023,"California","Humboldt County",3,72,1592,745,847
050,06,023,"California","Humboldt County",3,73,1431,688,743
050,06,023,"California","Humboldt County",3,74,1517,753,764
050,06,023,"California","Humboldt County",3,75,1019,503,516
050,06,023,"California","Humboldt County",3,76,929,443,486
050,06,023,"California","Humboldt County",3,77,844,383,461
050,06,023,"California","Humboldt County",3,78,825,386,439
050,06,023,"California","Humboldt County",3,79,694,312,382
050,06,023,"California","Humboldt County",3,80,608,278,330
050,06,023,"California","Humboldt County",3,81,568,268,300
050,06,023,"California","Humboldt County",3,82,504,240,264
050,06,023,"California","Humboldt County",3,83,461,197,264
050,06,023,"California","Humboldt County",3,84,405,173,232
050,06,023,"California","Humboldt County",3,85,2370,851,1519
050,06,023,"California","Humboldt County",4,0,1241,679,562
050,06,023,"California","Humboldt County",4,1,1211,658,553
050,06,023,"California","Humboldt County",4,2,1288,671,617
050,06,023,"California","Humboldt County",4,3,1327,653,674
050,06,023,"California","Humboldt County",4,4,1298,643,655
050,06,023,"California","Humboldt County",4,5,1319,645,674
050,06,023,"California","Humboldt County",4,6,1462,736,726
050,06,023,"California","Humboldt County",4,7,1421,737,684
050,06,023,"California","Humboldt County",4,8,1438,748,690
050,06,023,"California","Humboldt County",4,9,1456,755,701
050,06,023,"California","Humboldt County",4,10,1417,703,714
050,06,023,"California","Humboldt County",4,11,1415,707,708
050,06,023,"California","Humboldt County",4,12,1417,740,677
050,06,023,"California","Humboldt County",4,13,1481,763,718
050,06,023,"California","Humboldt County",4,14,1555,783,772
050,06,023,"California","Humboldt County",4,15,1583,788,795
050,06,023,"California","Humboldt County",4,16,1521,775,746
050,06,023,"California","Humboldt County",4,17,1572,808,764
050,06,023,"California","Humboldt County",4,18,1935,918,1017
050,06,023,"California","Humboldt County",4,19,2127,1091,1036
050,06,023,"California","Humboldt County",4,20,2245,1130,1115
050,06,023,"California","Humboldt County",4,21,2439,1177,1262
050,06,023,"California","Humboldt County",4,22,2603,1202,1401
050,06,023,"California","Humboldt County",4,23,2763,1388,1375
050,06,023,"California","Humboldt County",4,24,2280,1120,1160
050,06,023,"California","Humboldt County",4,25,1905,994,911
050,06,023,"California","Humboldt County",4,26,1736,852,884
050,06,023,"California","Humboldt County",4,27,1666,817,849
050,06,023,"California","Humboldt County",4,28,1684,856,828
050,06,023,"California","Humboldt County",4,29,1720,865,855
050,06,023,"California","Humboldt County",4,30,1803,919,884
050,06,023,"California","Humboldt County",4,31,1801,883,918
050,06,023,"California","Humboldt County",4,32,1768,846,922
050,06,023,"California","Humboldt County",4,33,1701,877,824
050,06,023,"California","Humboldt County",4,34,1601,807,794
050,06,023,"California","Humboldt County",4,35,1606,826,780
050,06,023,"California","Humboldt County",4,36,1650,845,805
050,06,023,"California","Humboldt County",4,37,1705,850,855
050,06,023,"California","Humboldt County",4,38,1678,824,854
050,06,023,"California","Humboldt County",4,39,1837,949,888
050,06,023,"California","Humboldt County",4,40,1987,1013,974
050,06,023,"California","Humboldt County",4,41,1935,981,954
050,06,023,"California","Humboldt County",4,42,1905,1000,905
050,06,023,"California","Humboldt County",4,43,1798,905,893
050,06,023,"California","Humboldt County",4,44,1768,908,860
050,06,023,"California","Humboldt County",4,45,1743,930,813
050,06,023,"California","Humboldt County",4,46,1558,826,732
050,06,023,"California","Humboldt County",4,47,1590,853,737
050,06,023,"California","Humboldt County",4,48,1558,817,741
050,06,023,"California","Humboldt County",4,49,1480,764,716
050,06,023,"California","Humboldt County",4,50,1485,788,697
050,06,023,"California","Humboldt County",4,51,1538,816,722
050,06,023,"California","Humboldt County",4,52,1503,781,722
050,06,023,"California","Humboldt County",4,53,1388,740,648
050,06,023,"California","Humboldt County",4,54,1336,703,633
050,06,023,"California","Humboldt County",4,55,1350,687,663
050,06,023,"California","Humboldt County",4,56,1300,625,675
050,06,023,"California","Humboldt County",4,57,1454,674,780
050,06,023,"California","Humboldt County",4,58,1520,746,774
050,06,023,"California","Humboldt County",4,59,1679,841,838
050,06,023,"California","Humboldt County",4,60,1663,818,845
050,06,023,"California","Humboldt County",4,61,1730,837,893
050,06,023,"California","Humboldt County",4,62,1745,831,914
050,06,023,"California","Humboldt County",4,63,1732,788,944
050,06,023,"California","Humboldt County",4,64,1774,846,928
050,06,023,"California","Humboldt County",4,65,1797,846,951
050,06,023,"California","Humboldt County",4,66,1706,810,896
050,06,023,"California","Humboldt County",4,67,1810,840,970
050,06,023,"California","Humboldt County",4,68,1811,829,982
050,06,023,"California","Humboldt County",4,69,1763,816,947
050,06,023,"California","Humboldt County",4,70,1720,816,904
050,06,023,"California","Humboldt County",4,71,1664,802,862
050,06,023,"California","Humboldt County",4,72,1631,774,857
050,06,023,"California","Humboldt County",4,73,1565,719,846
050,06,023,"California","Humboldt County",4,74,1382,658,724
050,06,023,"California","Humboldt County",4,75,1470,727,743
050,06,023,"California","Humboldt County",4,76,989,493,496
050,06,023,"California","Humboldt County",4,77,904,413,491
050,06,023,"California","Humboldt County",4,78,803,367,436
050,06,023,"California","Humboldt County",4,79,770,350,420
050,06,023,"California","Humboldt County",4,80,650,298,352
050,06,023,"California","Humboldt County",4,81,563,261,302
050,06,023,"California","Humboldt County",4,82,522,252,270
050,06,023,"California","Humboldt County",4,83,480,215,265
050,06,023,"California","Humboldt County",4,84,419,175,244
050,06,023,"California","Humboldt County",4,85,2331,838,1493
050,06,023,"California","Humboldt County",5,0,1229,674,555
050,06,023,"California","Humboldt County",5,1,1203,645,558
050,06,023,"California","Humboldt County",5,2,1181,639,542
050,06,023,"California","Humboldt County",5,3,1271,668,603
050,06,023,"California","Humboldt County",5,4,1314,649,665
050,06,023,"California","Humboldt County",5,5,1290,629,661
050,06,023,"California","Humboldt County",5,6,1319,647,672
050,06,023,"California","Humboldt County",5,7,1426,719,707
050,06,023,"California","Humboldt County",5,8,1403,727,676
050,06,023,"California","Humboldt County",5,9,1399,720,679
050,06,023,"California","Humboldt County",5,10,1446,745,701
050,06,023,"California","Humboldt County",5,11,1413,717,696
050,06,023,"California","Humboldt County",5,12,1396,690,706
050,06,023,"California","Humboldt County",5,13,1409,734,675
050,06,023,"California","Humboldt County",5,14,1467,766,701
050,06,023,"California","Humboldt County",5,15,1555,778,777
050,06,023,"California","Humboldt County",5,16,1574,801,773
050,06,023,"California","Humboldt County",5,17,1544,776,768
050,06,023,"California","Humboldt County",5,18,2139,1013,1126
050,06,023,"California","Humboldt County",5,19,2344,1183,1161
050,06,023,"California","Humboldt County",5,20,2223,1099,1124
050,06,023,"California","Humboldt County",5,21,2379,1175,1204
050,06,023,"California","Humboldt County",5,22,2539,1192,1347
050,06,023,"California","Humboldt County",5,23,2725,1367,1358
050,06,023,"California","Humboldt County",5,24,2228,1083,1145
050,06,023,"California","Humboldt County",5,25,2023,1029,994
050,06,023,"California","Humboldt County",5,26,1679,851,828
050,06,023,"California","Humboldt County",5,27,1572,789,783
050,06,023,"California","Humboldt County",5,28,1605,801,804
050,06,023,"California","Humboldt County",5,29,1616,806,810
050,06,023,"California","Humboldt County",5,30,1703,862,841
050,06,023,"California","Humboldt County",5,31,1662,821,841
050,06,023,"California","Humboldt County",5,32,1772,849,923
050,06,023,"California","Humboldt County",5,33,1745,833,912
050,06,023,"California","Humboldt County",5,34,1672,865,807
050,06,023,"California","Humboldt County",5,35,1643,846,797
050,06,023,"California","Humboldt County",5,36,1533,766,767
050,06,023,"California","Humboldt County",5,37,1633,846,787
050,06,023,"California","Humboldt County",5,38,1677,840,837
050,06,023,"California","Humboldt County",5,39,1640,795,845
050,06,023,"California","Humboldt County",5,40,1876,983,893
050,06,023,"California","Humboldt County",5,41,1895,941,954
050,06,023,"California","Humboldt County",5,42,1913,971,942
050,06,023,"California","Humboldt County",5,43,1869,984,885
050,06,023,"California","Humboldt County",5,44,1783,905,878
050,06,023,"California","Humboldt County",5,45,1793,942,851
050,06,023,"California","Humboldt County",5,46,1682,878,804
050,06,023,"California","Humboldt County",5,47,1547,811,736
050,06,023,"California","Humboldt County",5,48,1587,851,736
050,06,023,"California","Humboldt County",5,49,1521,786,735
050,06,023,"California","Humboldt County",5,50,1525,794,731
050,06,023,"California","Humboldt County",5,51,1427,734,693
050,06,023,"California","Humboldt County",5,52,1487,797,690
050,06,023,"California","Humboldt County",5,53,1486,766,720
050,06,023,"California","Humboldt County",5,54,1375,727,648
050,06,023,"California","Humboldt County",5,55,1360,725,635
050,06,023,"California","Humboldt County",5,56,1331,666,665
050,06,023,"California","Humboldt County",5,57,1258,600,658
050,06,023,"California","Humboldt County",5,58,1437,676,761
050,06,023,"California","Humboldt County",5,59,1516,741,775
050,06,023,"California","Humboldt County",5,60,1675,845,830
050,06,023,"California","Humboldt County",5,61,1624,782,842
050,06,023,"California","Humboldt County",5,62,1710,838,872
050,06,023,"California","Humboldt County",5,63,1701,797,904
050,06,023,"California","Humboldt County",5,64,1712,783,929
050,06,023,"California","Humboldt County",5,65,1728,821,907
050,06,023,"California","Humboldt County",5,66,1752,814,938
050,06,023,"California","Humboldt County",5,67,1689,793,896
050,06,023,"California","Humboldt County",5,68,1785,824,961
050,06,023,"California","Humboldt County",5,69,1767,799,968
050,06,023,"California","Humboldt County",5,70,1737,803,934
050,06,023,"California","Humboldt County",5,71,1687,799,888
050,06,023,"California","Humboldt County",5,72,1619,779,840
050,06,023,"California","Humboldt County",5,73,1576,741,835
050,06,023,"California","Humboldt County",5,74,1529,695,834
050,06,023,"California","Humboldt County",5,75,1336,628,708
050,06,023,"California","Humboldt County",5,76,1430,709,721
050,06,023,"California","Humboldt County",5,77,953,458,495
050,06,023,"California","Humboldt County",5,78,858,402,456
050,06,023,"California","Humboldt County",5,79,757,342,415
050,06,023,"California","Humboldt County",5,80,727,336,391
050,06,023,"California","Humboldt County",5,81,606,285,321
050,06,023,"California","Humboldt County",5,82,511,238,273
050,06,023,"California","Humboldt County",5,83,490,227,263
050,06,023,"California","Humboldt County",5,84,433,192,241
050,06,023,"California","Humboldt County",5,85,2334,843,1491
050,06,025,"California","Imperial County",1,0,2486,1276,1210
050,06,025,"California","Imperial County",1,1,2559,1295,1264
050,06,025,"California","Imperial County",1,2,2728,1341,1387
050,06,025,"California","Imperial County",1,3,2895,1450,1445
050,06,025,"California","Imperial County",1,4,3053,1545,1508
050,06,025,"California","Imperial County",1,5,3094,1547,1547
050,06,025,"California","Imperial County",1,6,3002,1521,1481
050,06,025,"California","Imperial County",1,7,2967,1522,1445
050,06,025,"California","Imperial County",1,8,3036,1544,1492
050,06,025,"California","Imperial County",1,9,2973,1558,1415
050,06,025,"California","Imperial County",1,10,2828,1470,1358
050,06,025,"California","Imperial County",1,11,2903,1504,1399
050,06,025,"California","Imperial County",1,12,2971,1492,1479
050,06,025,"California","Imperial County",1,13,2892,1413,1479
050,06,025,"California","Imperial County",1,14,2884,1427,1457
050,06,025,"California","Imperial County",1,15,2875,1441,1434
050,06,025,"California","Imperial County",1,16,2844,1429,1415
050,06,025,"California","Imperial County",1,17,2806,1424,1382
050,06,025,"California","Imperial County",1,18,2600,1359,1241
050,06,025,"California","Imperial County",1,19,2492,1333,1159
050,06,025,"California","Imperial County",1,20,2538,1389,1149
050,06,025,"California","Imperial County",1,21,2496,1361,1135
050,06,025,"California","Imperial County",1,22,2453,1343,1110
050,06,025,"California","Imperial County",1,23,2499,1391,1108
050,06,025,"California","Imperial County",1,24,2480,1360,1120
050,06,025,"California","Imperial County",1,25,2503,1343,1160
050,06,025,"California","Imperial County",1,26,2589,1405,1184
050,06,025,"California","Imperial County",1,27,2700,1486,1214
050,06,025,"California","Imperial County",1,28,2741,1518,1223
050,06,025,"California","Imperial County",1,29,2778,1589,1189
050,06,025,"California","Imperial County",1,30,2696,1552,1144
050,06,025,"California","Imperial County",1,31,2620,1493,1127
050,06,025,"California","Imperial County",1,32,2587,1460,1127
050,06,025,"California","Imperial County",1,33,2530,1402,1128
050,06,025,"California","Imperial County",1,34,2526,1434,1092
050,06,025,"California","Imperial County",1,35,2394,1367,1027
050,06,025,"California","Imperial County",1,36,2384,1324,1060
050,06,025,"California","Imperial County",1,37,2500,1356,1144
050,06,025,"California","Imperial County",1,38,2421,1307,1114
050,06,025,"California","Imperial County",1,39,2333,1235,1098
050,06,025,"California","Imperial County",1,40,2255,1259,996
050,06,025,"California","Imperial County",1,41,2077,1133,944
050,06,025,"California","Imperial County",1,42,1989,1079,910
050,06,025,"California","Imperial County",1,43,2050,1109,941
050,06,025,"California","Imperial County",1,44,1985,1039,946
050,06,025,"California","Imperial County",1,45,1939,1001,938
050,06,025,"California","Imperial County",1,46,1899,970,929
050,06,025,"California","Imperial County",1,47,1912,954,958
050,06,025,"California","Imperial County",1,48,1896,945,951
050,06,025,"California","Imperial County",1,49,1992,1034,958
050,06,025,"California","Imperial County",1,50,2019,1034,985
050,06,025,"California","Imperial County",1,51,1958,990,968
050,06,025,"California","Imperial County",1,52,1972,986,986
050,06,025,"California","Imperial County",1,53,1943,979,964
050,06,025,"California","Imperial County",1,54,1918,967,951
050,06,025,"California","Imperial County",1,55,1878,915,963
050,06,025,"California","Imperial County",1,56,1881,912,969
050,06,025,"California","Imperial County",1,57,1958,947,1011
050,06,025,"California","Imperial County",1,58,1918,948,970
050,06,025,"California","Imperial County",1,59,1866,909,957
050,06,025,"California","Imperial County",1,60,1866,939,927
050,06,025,"California","Imperial County",1,61,1822,899,923
050,06,025,"California","Imperial County",1,62,1814,872,942
050,06,025,"California","Imperial County",1,63,1780,870,910
050,06,025,"California","Imperial County",1,64,1755,839,916
050,06,025,"California","Imperial County",1,65,1677,780,897
050,06,025,"California","Imperial County",1,66,1588,747,841
050,06,025,"California","Imperial County",1,67,1486,696,790
050,06,025,"California","Imperial County",1,68,1481,720,761
050,06,025,"California","Imperial County",1,69,1355,621,734
050,06,025,"California","Imperial County",1,70,1315,612,703
050,06,025,"California","Imperial County",1,71,1292,625,667
050,06,025,"California","Imperial County",1,72,1277,615,662
050,06,025,"California","Imperial County",1,73,1223,571,652
050,06,025,"California","Imperial County",1,74,1003,463,540
050,06,025,"California","Imperial County",1,75,942,421,521
050,06,025,"California","Imperial County",1,76,867,364,503
050,06,025,"California","Imperial County",1,77,825,368,457
050,06,025,"California","Imperial County",1,78,761,345,416
050,06,025,"California","Imperial County",1,79,741,328,413
050,06,025,"California","Imperial County",1,80,668,287,381
050,06,025,"California","Imperial County",1,81,652,297,355
050,06,025,"California","Imperial County",1,82,565,226,339
050,06,025,"California","Imperial County",1,83,540,238,302
050,06,025,"California","Imperial County",1,84,536,242,294
050,06,025,"California","Imperial County",1,85,2921,1181,1740
050,06,025,"California","Imperial County",2,0,2408,1238,1170
050,06,025,"California","Imperial County",2,1,2556,1295,1261
050,06,025,"California","Imperial County",2,2,2682,1331,1351
050,06,025,"California","Imperial County",2,3,2840,1418,1422
050,06,025,"California","Imperial County",2,4,3023,1529,1494
050,06,025,"California","Imperial County",2,5,3083,1546,1537
050,06,025,"California","Imperial County",2,6,3027,1528,1499
050,06,025,"California","Imperial County",2,7,2971,1516,1455
050,06,025,"California","Imperial County",2,8,3004,1530,1474
050,06,025,"California","Imperial County",2,9,2990,1554,1436
050,06,025,"California","Imperial County",2,10,2863,1491,1372
050,06,025,"California","Imperial County",2,11,2874,1489,1385
050,06,025,"California","Imperial County",2,12,2967,1503,1464
050,06,025,"California","Imperial County",2,13,2914,1432,1482
050,06,025,"California","Imperial County",2,14,2887,1424,1463
050,06,025,"California","Imperial County",2,15,2884,1443,1441
050,06,025,"California","Imperial County",2,16,2855,1434,1421
050,06,025,"California","Imperial County",2,17,2804,1420,1384
050,06,025,"California","Imperial County",2,18,2600,1356,1244
050,06,025,"California","Imperial County",2,19,2489,1334,1155
050,06,025,"California","Imperial County",2,20,2549,1393,1156
050,06,025,"California","Imperial County",2,21,2496,1363,1133
050,06,025,"California","Imperial County",2,22,2461,1357,1104
050,06,025,"California","Imperial County",2,23,2483,1374,1109
050,06,025,"California","Imperial County",2,24,2470,1362,1108
050,06,025,"California","Imperial County",2,25,2498,1350,1148
050,06,025,"California","Imperial County",2,26,2575,1397,1178
050,06,025,"California","Imperial County",2,27,2673,1472,1201
050,06,025,"California","Imperial County",2,28,2741,1519,1222
050,06,025,"California","Imperial County",2,29,2769,1573,1196
050,06,025,"California","Imperial County",2,30,2723,1565,1158
050,06,025,"California","Imperial County",2,31,2620,1498,1122
050,06,025,"California","Imperial County",2,32,2599,1471,1128
050,06,025,"California","Imperial County",2,33,2542,1415,1127
050,06,025,"California","Imperial County",2,34,2529,1430,1099
050,06,025,"California","Imperial County",2,35,2437,1392,1045
050,06,025,"California","Imperial County",2,36,2381,1330,1051
050,06,025,"California","Imperial County",2,37,2466,1343,1123
050,06,025,"California","Imperial County",2,38,2452,1323,1129
050,06,025,"California","Imperial County",2,39,2335,1240,1095
050,06,025,"California","Imperial County",2,40,2289,1266,1023
050,06,025,"California","Imperial County",2,41,2098,1148,950
050,06,025,"California","Imperial County",2,42,1998,1083,915
050,06,025,"California","Imperial County",2,43,2053,1113,940
050,06,025,"California","Imperial County",2,44,1989,1050,939
050,06,025,"California","Imperial County",2,45,1943,1004,939
050,06,025,"California","Imperial County",2,46,1907,976,931
050,06,025,"California","Imperial County",2,47,1908,955,953
050,06,025,"California","Imperial County",2,48,1892,942,950
050,06,025,"California","Imperial County",2,49,1967,1008,959
050,06,025,"California","Imperial County",2,50,1995,1022,973
050,06,025,"California","Imperial County",2,51,1965,998,967
050,06,025,"California","Imperial County",2,52,1967,984,983
050,06,025,"California","Imperial County",2,53,1940,976,964
050,06,025,"California","Imperial County",2,54,1917,966,951
050,06,025,"California","Imperial County",2,55,1877,918,959
050,06,025,"California","Imperial County",2,56,1881,915,966
050,06,025,"California","Imperial County",2,57,1926,932,994
050,06,025,"California","Imperial County",2,58,1918,939,979
050,06,025,"California","Imperial County",2,59,1852,905,947
050,06,025,"California","Imperial County",2,60,1881,939,942
050,06,025,"California","Imperial County",2,61,1823,899,924
050,06,025,"California","Imperial County",2,62,1793,864,929
050,06,025,"California","Imperial County",2,63,1783,867,916
050,06,025,"California","Imperial County",2,64,1738,834,904
050,06,025,"California","Imperial County",2,65,1693,790,903
050,06,025,"California","Imperial County",2,66,1590,745,845
050,06,025,"California","Imperial County",2,67,1497,698,799
050,06,025,"California","Imperial County",2,68,1472,708,764
050,06,025,"California","Imperial County",2,69,1377,636,741
050,06,025,"California","Imperial County",2,70,1323,612,711
050,06,025,"California","Imperial County",2,71,1286,614,672
050,06,025,"California","Imperial County",2,72,1263,607,656
050,06,025,"California","Imperial County",2,73,1258,590,668
050,06,025,"California","Imperial County",2,74,1021,471,550
050,06,025,"California","Imperial County",2,75,951,429,522
050,06,025,"California","Imperial County",2,76,874,371,503
050,06,025,"California","Imperial County",2,77,835,364,471
050,06,025,"California","Imperial County",2,78,760,342,418
050,06,025,"California","Imperial County",2,79,736,327,409
050,06,025,"California","Imperial County",2,80,676,290,386
050,06,025,"California","Imperial County",2,81,642,291,351
050,06,025,"California","Imperial County",2,82,582,240,342
050,06,025,"California","Imperial County",2,83,532,229,303
050,06,025,"California","Imperial County",2,84,523,236,287
050,06,025,"California","Imperial County",2,85,2901,1168,1733
050,06,025,"California","Imperial County",3,0,2300,1136,1164
050,06,025,"California","Imperial County",3,1,2413,1221,1192
050,06,025,"California","Imperial County",3,2,2564,1314,1250
050,06,025,"California","Imperial County",3,3,2664,1324,1340
050,06,025,"California","Imperial County",3,4,2872,1432,1440
050,06,025,"California","Imperial County",3,5,2997,1523,1474
050,06,025,"California","Imperial County",3,6,3070,1535,1535
050,06,025,"California","Imperial County",3,7,3012,1527,1485
050,06,025,"California","Imperial County",3,8,2982,1516,1466
050,06,025,"California","Imperial County",3,9,3004,1537,1467
050,06,025,"California","Imperial County",3,10,2998,1565,1433
050,06,025,"California","Imperial County",3,11,2878,1497,1381
050,06,025,"California","Imperial County",3,12,2863,1489,1374
050,06,025,"California","Imperial County",3,13,2983,1504,1479
050,06,025,"California","Imperial County",3,14,2922,1423,1499
050,06,025,"California","Imperial County",3,15,2889,1442,1447
050,06,025,"California","Imperial County",3,16,2864,1444,1420
050,06,025,"California","Imperial County",3,17,2867,1428,1439
050,06,025,"California","Imperial County",3,18,2662,1378,1284
050,06,025,"California","Imperial County",3,19,2477,1320,1157
050,06,025,"California","Imperial County",3,20,2509,1354,1155
050,06,025,"California","Imperial County",3,21,2551,1388,1163
050,06,025,"California","Imperial County",3,22,2456,1354,1102
050,06,025,"California","Imperial County",3,23,2459,1345,1114
050,06,025,"California","Imperial County",3,24,2489,1381,1108
050,06,025,"California","Imperial County",3,25,2462,1363,1099
050,06,025,"California","Imperial County",3,26,2472,1352,1120
050,06,025,"California","Imperial County",3,27,2603,1423,1180
050,06,025,"California","Imperial County",3,28,2692,1477,1215
050,06,025,"California","Imperial County",3,29,2747,1518,1229
050,06,025,"California","Imperial County",3,30,2749,1539,1210
050,06,025,"California","Imperial County",3,31,2739,1570,1169
050,06,025,"California","Imperial County",3,32,2595,1455,1140
050,06,025,"California","Imperial County",3,33,2576,1465,1111
050,06,025,"California","Imperial County",3,34,2503,1379,1124
050,06,025,"California","Imperial County",3,35,2494,1405,1089
050,06,025,"California","Imperial County",3,36,2408,1354,1054
050,06,025,"California","Imperial County",3,37,2356,1301,1055
050,06,025,"California","Imperial County",3,38,2420,1311,1109
050,06,025,"California","Imperial County",3,39,2399,1279,1120
050,06,025,"California","Imperial County",3,40,2341,1244,1097
050,06,025,"California","Imperial County",3,41,2240,1229,1011
050,06,025,"California","Imperial County",3,42,2041,1104,937
050,06,025,"California","Imperial County",3,43,2010,1100,910
050,06,025,"California","Imperial County",3,44,2003,1069,934
050,06,025,"California","Imperial County",3,45,1954,1020,934
050,06,025,"California","Imperial County",3,46,1940,1001,939
050,06,025,"California","Imperial County",3,47,1910,974,936
050,06,025,"California","Imperial County",3,48,1851,923,928
050,06,025,"California","Imperial County",3,49,1860,927,933
050,06,025,"California","Imperial County",3,50,1931,971,960
050,06,025,"California","Imperial County",3,51,1976,1014,962
050,06,025,"California","Imperial County",3,52,1922,962,960
050,06,025,"California","Imperial County",3,53,1959,978,981
050,06,025,"California","Imperial County",3,54,1888,926,962
050,06,025,"California","Imperial County",3,55,1861,922,939
050,06,025,"California","Imperial County",3,56,1884,917,967
050,06,025,"California","Imperial County",3,57,1830,885,945
050,06,025,"California","Imperial County",3,58,1904,913,991
050,06,025,"California","Imperial County",3,59,1852,897,955
050,06,025,"California","Imperial County",3,60,1832,911,921
050,06,025,"California","Imperial County",3,61,1830,896,934
050,06,025,"California","Imperial County",3,62,1801,896,905
050,06,025,"California","Imperial County",3,63,1740,825,915
050,06,025,"California","Imperial County",3,64,1734,838,896
050,06,025,"California","Imperial County",3,65,1732,835,897
050,06,025,"California","Imperial County",3,66,1687,801,886
050,06,025,"California","Imperial County",3,67,1530,708,822
050,06,025,"California","Imperial County",3,68,1470,692,778
050,06,025,"California","Imperial County",3,69,1411,664,747
050,06,025,"California","Imperial County",3,70,1323,606,717
050,06,025,"California","Imperial County",3,71,1290,590,700
050,06,025,"California","Imperial County",3,72,1227,583,644
050,06,025,"California","Imperial County",3,73,1213,572,641
050,06,025,"California","Imperial County",3,74,1211,555,656
050,06,025,"California","Imperial County",3,75,986,449,537
050,06,025,"California","Imperial County",3,76,905,404,501
050,06,025,"California","Imperial County",3,77,828,358,470
050,06,025,"California","Imperial County",3,78,791,341,450
050,06,025,"California","Imperial County",3,79,716,325,391
050,06,025,"California","Imperial County",3,80,680,294,386
050,06,025,"California","Imperial County",3,81,641,284,357
050,06,025,"California","Imperial County",3,82,580,255,325
050,06,025,"California","Imperial County",3,83,540,219,321
050,06,025,"California","Imperial County",3,84,471,199,272
050,06,025,"California","Imperial County",3,85,2852,1138,1714
050,06,025,"California","Imperial County",4,0,2466,1203,1263
050,06,025,"California","Imperial County",4,1,2327,1142,1185
050,06,025,"California","Imperial County",4,2,2412,1238,1174
050,06,025,"California","Imperial County",4,3,2553,1320,1233
050,06,025,"California","Imperial County",4,4,2671,1321,1350
050,06,025,"California","Imperial County",4,5,2879,1446,1433
050,06,025,"California","Imperial County",4,6,2996,1523,1473
050,06,025,"California","Imperial County",4,7,3091,1549,1542
050,06,025,"California","Imperial County",4,8,3016,1530,1486
050,06,025,"California","Imperial County",4,9,2978,1503,1475
050,06,025,"California","Imperial County",4,10,2986,1527,1459
050,06,025,"California","Imperial County",4,11,3002,1572,1430
050,06,025,"California","Imperial County",4,12,2866,1499,1367
050,06,025,"California","Imperial County",4,13,2866,1470,1396
050,06,025,"California","Imperial County",4,14,2992,1503,1489
050,06,025,"California","Imperial County",4,15,2893,1416,1477
050,06,025,"California","Imperial County",4,16,2902,1457,1445
050,06,025,"California","Imperial County",4,17,2837,1429,1408
050,06,025,"California","Imperial County",4,18,2691,1373,1318
050,06,025,"California","Imperial County",4,19,2515,1324,1191
050,06,025,"California","Imperial County",4,20,2470,1345,1125
050,06,025,"California","Imperial County",4,21,2491,1349,1142
050,06,025,"California","Imperial County",4,22,2549,1413,1136
050,06,025,"California","Imperial County",4,23,2464,1365,1099
050,06,025,"California","Imperial County",4,24,2422,1357,1065
050,06,025,"California","Imperial County",4,25,2450,1369,1081
050,06,025,"California","Imperial County",4,26,2451,1366,1085
050,06,025,"California","Imperial County",4,27,2474,1344,1130
050,06,025,"California","Imperial County",4,28,2599,1423,1176
050,06,025,"California","Imperial County",4,29,2691,1484,1207
050,06,025,"California","Imperial County",4,30,2729,1515,1214
050,06,025,"California","Imperial County",4,31,2774,1533,1241
050,06,025,"California","Imperial County",4,32,2730,1551,1179
050,06,025,"California","Imperial County",4,33,2596,1454,1142
050,06,025,"California","Imperial County",4,34,2564,1449,1115
050,06,025,"California","Imperial County",4,35,2497,1376,1121
050,06,025,"California","Imperial County",4,36,2448,1351,1097
050,06,025,"California","Imperial County",4,37,2351,1313,1038
050,06,025,"California","Imperial County",4,38,2307,1257,1050
050,06,025,"California","Imperial County",4,39,2371,1280,1091
050,06,025,"California","Imperial County",4,40,2393,1285,1108
050,06,025,"California","Imperial County",4,41,2288,1213,1075
050,06,025,"California","Imperial County",4,42,2190,1195,995
050,06,025,"California","Imperial County",4,43,2032,1105,927
050,06,025,"California","Imperial County",4,44,1982,1074,908
050,06,025,"California","Imperial County",4,45,1946,1034,912
050,06,025,"California","Imperial County",4,46,1989,1038,951
050,06,025,"California","Imperial County",4,47,1965,1016,949
050,06,025,"California","Imperial County",4,48,1858,947,911
050,06,025,"California","Imperial County",4,49,1849,911,938
050,06,025,"California","Imperial County",4,50,1830,903,927
050,06,025,"California","Imperial County",4,51,1928,968,960
050,06,025,"California","Imperial County",4,52,1942,993,949
050,06,025,"California","Imperial County",4,53,1921,972,949
050,06,025,"California","Imperial County",4,54,1911,950,961
050,06,025,"California","Imperial County",4,55,1832,879,953
050,06,025,"California","Imperial County",4,56,1817,899,918
050,06,025,"California","Imperial County",4,57,1829,887,942
050,06,025,"California","Imperial County",4,58,1778,843,935
050,06,025,"California","Imperial County",4,59,1837,880,957
050,06,025,"California","Imperial County",4,60,1820,890,930
050,06,025,"California","Imperial County",4,61,1802,880,922
050,06,025,"California","Imperial County",4,62,1794,884,910
050,06,025,"California","Imperial County",4,63,1719,851,868
050,06,025,"California","Imperial County",4,64,1694,807,887
050,06,025,"California","Imperial County",4,65,1716,820,896
050,06,025,"California","Imperial County",4,66,1699,817,882
050,06,025,"California","Imperial County",4,67,1652,780,872
050,06,025,"California","Imperial County",4,68,1517,707,810
050,06,025,"California","Imperial County",4,69,1416,665,751
050,06,025,"California","Imperial County",4,70,1381,647,734
050,06,025,"California","Imperial County",4,71,1305,593,712
050,06,025,"California","Imperial County",4,72,1234,562,672
050,06,025,"California","Imperial County",4,73,1187,557,630
050,06,025,"California","Imperial County",4,74,1183,562,621
050,06,025,"California","Imperial County",4,75,1181,538,643
050,06,025,"California","Imperial County",4,76,959,439,520
050,06,025,"California","Imperial County",4,77,863,386,477
050,06,025,"California","Imperial County",4,78,794,338,456
050,06,025,"California","Imperial County",4,79,754,325,429
050,06,025,"California","Imperial County",4,80,660,289,371
050,06,025,"California","Imperial County",4,81,645,290,355
050,06,025,"California","Imperial County",4,82,604,261,343
050,06,025,"California","Imperial County",4,83,544,233,311
050,06,025,"California","Imperial County",4,84,498,200,298
050,06,025,"California","Imperial County",4,85,2835,1122,1713
050,06,025,"California","Imperial County",5,0,2408,1180,1228
050,06,025,"California","Imperial County",5,1,2464,1183,1281
050,06,025,"California","Imperial County",5,2,2319,1160,1159
050,06,025,"California","Imperial County",5,3,2398,1226,1172
050,06,025,"California","Imperial County",5,4,2599,1345,1254
050,06,025,"California","Imperial County",5,5,2663,1325,1338
050,06,025,"California","Imperial County",5,6,2856,1422,1434
050,06,025,"California","Imperial County",5,7,2962,1505,1457
050,06,025,"California","Imperial County",5,8,3099,1547,1552
050,06,025,"California","Imperial County",5,9,3016,1547,1469
050,06,025,"California","Imperial County",5,10,2958,1504,1454
050,06,025,"California","Imperial County",5,11,3023,1559,1464
050,06,025,"California","Imperial County",5,12,2989,1578,1411
050,06,025,"California","Imperial County",5,13,2887,1504,1383
050,06,025,"California","Imperial County",5,14,2890,1457,1433
050,06,025,"California","Imperial County",5,15,2983,1508,1475
050,06,025,"California","Imperial County",5,16,2942,1461,1481
050,06,025,"California","Imperial County",5,17,2892,1448,1444
050,06,025,"California","Imperial County",5,18,2697,1380,1317
050,06,025,"California","Imperial County",5,19,2556,1329,1227
050,06,025,"California","Imperial County",5,20,2552,1365,1187
050,06,025,"California","Imperial County",5,21,2497,1354,1143
050,06,025,"California","Imperial County",5,22,2489,1359,1130
050,06,025,"California","Imperial County",5,23,2560,1415,1145
050,06,025,"California","Imperial County",5,24,2442,1357,1085
050,06,025,"California","Imperial County",5,25,2353,1334,1019
050,06,025,"California","Imperial County",5,26,2410,1367,1043
050,06,025,"California","Imperial County",5,27,2422,1347,1075
050,06,025,"California","Imperial County",5,28,2461,1349,1112
050,06,025,"California","Imperial County",5,29,2567,1413,1154
050,06,025,"California","Imperial County",5,30,2632,1446,1186
050,06,025,"California","Imperial County",5,31,2743,1520,1223
050,06,025,"California","Imperial County",5,32,2792,1535,1257
050,06,025,"California","Imperial County",5,33,2724,1549,1175
050,06,025,"California","Imperial County",5,34,2583,1449,1134
050,06,025,"California","Imperial County",5,35,2544,1441,1103
050,06,025,"California","Imperial County",5,36,2512,1374,1138
050,06,025,"California","Imperial County",5,37,2426,1331,1095
050,06,025,"California","Imperial County",5,38,2319,1283,1036
050,06,025,"California","Imperial County",5,39,2285,1243,1042
050,06,025,"California","Imperial County",5,40,2376,1292,1084
050,06,025,"California","Imperial County",5,41,2340,1260,1080
050,06,025,"California","Imperial County",5,42,2245,1182,1063
050,06,025,"California","Imperial County",5,43,2208,1206,1002
050,06,025,"California","Imperial County",5,44,2001,1093,908
050,06,025,"California","Imperial County",5,45,1945,1053,892
050,06,025,"California","Imperial County",5,46,1940,1037,903
050,06,025,"California","Imperial County",5,47,2020,1044,976
050,06,025,"California","Imperial County",5,48,1920,987,933
050,06,025,"California","Imperial County",5,49,1860,934,926
050,06,025,"California","Imperial County",5,50,1799,875,924
050,06,025,"California","Imperial County",5,51,1838,915,923
050,06,025,"California","Imperial County",5,52,1891,940,951
050,06,025,"California","Imperial County",5,53,1938,987,951
050,06,025,"California","Imperial County",5,54,1875,942,933
050,06,025,"California","Imperial County",5,55,1854,900,954
050,06,025,"California","Imperial County",5,56,1809,863,946
050,06,025,"California","Imperial County",5,57,1799,886,913
050,06,025,"California","Imperial County",5,58,1803,867,936
050,06,025,"California","Imperial County",5,59,1738,828,910
050,06,025,"California","Imperial County",5,60,1804,864,940
050,06,025,"California","Imperial County",5,61,1797,864,933
050,06,025,"California","Imperial County",5,62,1762,860,902
050,06,025,"California","Imperial County",5,63,1744,850,894
050,06,025,"California","Imperial County",5,64,1679,819,860
050,06,025,"California","Imperial County",5,65,1676,806,870
050,06,025,"California","Imperial County",5,66,1704,810,894
050,06,025,"California","Imperial County",5,67,1664,791,873
050,06,025,"California","Imperial County",5,68,1632,766,866
050,06,025,"California","Imperial County",5,69,1485,684,801
050,06,025,"California","Imperial County",5,70,1381,659,722
050,06,025,"California","Imperial County",5,71,1358,634,724
050,06,025,"California","Imperial County",5,72,1259,575,684
050,06,025,"California","Imperial County",5,73,1198,541,657
050,06,025,"California","Imperial County",5,74,1167,559,608
050,06,025,"California","Imperial County",5,75,1148,536,612
050,06,025,"California","Imperial County",5,76,1155,522,633
050,06,025,"California","Imperial County",5,77,917,422,495
050,06,025,"California","Imperial County",5,78,824,366,458
050,06,025,"California","Imperial County",5,79,750,322,428
050,06,025,"California","Imperial County",5,80,691,290,401
050,06,025,"California","Imperial County",5,81,625,277,348
050,06,025,"California","Imperial County",5,82,609,270,339
050,06,025,"California","Imperial County",5,83,570,242,328
050,06,025,"California","Imperial County",5,84,495,208,287
050,06,025,"California","Imperial County",5,85,2850,1118,1732
050,06,027,"California","Inyo County",1,0,188,96,92
050,06,027,"California","Inyo County",1,1,188,91,97
050,06,027,"California","Inyo County",1,2,204,93,111
050,06,027,"California","Inyo County",1,3,216,95,121
050,06,027,"California","Inyo County",1,4,217,115,102
050,06,027,"California","Inyo County",1,5,219,105,114
050,06,027,"California","Inyo County",1,6,250,116,134
050,06,027,"California","Inyo County",1,7,224,117,107
050,06,027,"California","Inyo County",1,8,229,121,108
050,06,027,"California","Inyo County",1,9,206,103,103
050,06,027,"California","Inyo County",1,10,230,120,110
050,06,027,"California","Inyo County",1,11,238,122,116
050,06,027,"California","Inyo County",1,12,223,115,108
050,06,027,"California","Inyo County",1,13,235,120,115
050,06,027,"California","Inyo County",1,14,222,118,104
050,06,027,"California","Inyo County",1,15,215,116,99
050,06,027,"California","Inyo County",1,16,199,100,99
050,06,027,"California","Inyo County",1,17,203,105,98
050,06,027,"California","Inyo County",1,18,199,119,80
050,06,027,"California","Inyo County",1,19,193,121,72
050,06,027,"California","Inyo County",1,20,191,113,78
050,06,027,"California","Inyo County",1,21,154,74,80
050,06,027,"California","Inyo County",1,22,157,74,83
050,06,027,"California","Inyo County",1,23,176,85,91
050,06,027,"California","Inyo County",1,24,172,84,88
050,06,027,"California","Inyo County",1,25,190,96,94
050,06,027,"California","Inyo County",1,26,181,87,94
050,06,027,"California","Inyo County",1,27,200,89,111
050,06,027,"California","Inyo County",1,28,185,90,95
050,06,027,"California","Inyo County",1,29,210,95,115
050,06,027,"California","Inyo County",1,30,211,105,106
050,06,027,"California","Inyo County",1,31,215,116,99
050,06,027,"California","Inyo County",1,32,209,106,103
050,06,027,"California","Inyo County",1,33,204,112,92
050,06,027,"California","Inyo County",1,34,229,124,105
050,06,027,"California","Inyo County",1,35,249,124,125
050,06,027,"California","Inyo County",1,36,286,146,140
050,06,027,"California","Inyo County",1,37,291,156,135
050,06,027,"California","Inyo County",1,38,239,127,112
050,06,027,"California","Inyo County",1,39,235,124,111
050,06,027,"California","Inyo County",1,40,228,127,101
050,06,027,"California","Inyo County",1,41,221,119,102
050,06,027,"California","Inyo County",1,42,214,126,88
050,06,027,"California","Inyo County",1,43,204,115,89
050,06,027,"California","Inyo County",1,44,192,100,92
050,06,027,"California","Inyo County",1,45,191,96,95
050,06,027,"California","Inyo County",1,46,188,96,92
050,06,027,"California","Inyo County",1,47,201,105,96
050,06,027,"California","Inyo County",1,48,208,110,98
050,06,027,"California","Inyo County",1,49,220,112,108
050,06,027,"California","Inyo County",1,50,202,104,98
050,06,027,"California","Inyo County",1,51,221,123,98
050,06,027,"California","Inyo County",1,52,212,103,109
050,06,027,"California","Inyo County",1,53,189,91,98
050,06,027,"California","Inyo County",1,54,205,102,103
050,06,027,"California","Inyo County",1,55,222,110,112
050,06,027,"California","Inyo County",1,56,251,119,132
050,06,027,"California","Inyo County",1,57,277,138,139
050,06,027,"California","Inyo County",1,58,313,152,161
050,06,027,"California","Inyo County",1,59,309,153,156
050,06,027,"California","Inyo County",1,60,317,160,157
050,06,027,"California","Inyo County",1,61,335,165,170
050,06,027,"California","Inyo County",1,62,336,167,169
050,06,027,"California","Inyo County",1,63,304,168,136
050,06,027,"California","Inyo County",1,64,314,153,161
050,06,027,"California","Inyo County",1,65,341,161,180
050,06,027,"California","Inyo County",1,66,300,140,160
050,06,027,"California","Inyo County",1,67,289,149,140
050,06,027,"California","Inyo County",1,68,269,150,119
050,06,027,"California","Inyo County",1,69,255,131,124
050,06,027,"California","Inyo County",1,70,251,130,121
050,06,027,"California","Inyo County",1,71,242,120,122
050,06,027,"California","Inyo County",1,72,237,126,111
050,06,027,"California","Inyo County",1,73,236,120,116
050,06,027,"California","Inyo County",1,74,159,78,81
050,06,027,"California","Inyo County",1,75,169,88,81
050,06,027,"California","Inyo County",1,76,176,88,88
050,06,027,"California","Inyo County",1,77,176,80,96
050,06,027,"California","Inyo County",1,78,142,66,76
050,06,027,"California","Inyo County",1,79,130,64,66
050,06,027,"California","Inyo County",1,80,116,52,64
050,06,027,"California","Inyo County",1,81,107,51,56
050,06,027,"California","Inyo County",1,82,114,56,58
050,06,027,"California","Inyo County",1,83,101,51,50
050,06,027,"California","Inyo County",1,84,96,50,46
050,06,027,"California","Inyo County",1,85,556,230,326
050,06,027,"California","Inyo County",2,0,169,87,82
050,06,027,"California","Inyo County",2,1,189,92,97
050,06,027,"California","Inyo County",2,2,202,94,108
050,06,027,"California","Inyo County",2,3,214,95,119
050,06,027,"California","Inyo County",2,4,215,108,107
050,06,027,"California","Inyo County",2,5,219,107,112
050,06,027,"California","Inyo County",2,6,243,113,130
050,06,027,"California","Inyo County",2,7,230,117,113
050,06,027,"California","Inyo County",2,8,225,118,107
050,06,027,"California","Inyo County",2,9,212,107,105
050,06,027,"California","Inyo County",2,10,224,115,109
050,06,027,"California","Inyo County",2,11,237,122,115
050,06,027,"California","Inyo County",2,12,229,117,112
050,06,027,"California","Inyo County",2,13,232,119,113
050,06,027,"California","Inyo County",2,14,226,119,107
050,06,027,"California","Inyo County",2,15,218,118,100
050,06,027,"California","Inyo County",2,16,204,103,101
050,06,027,"California","Inyo County",2,17,201,103,98
050,06,027,"California","Inyo County",2,18,197,115,82
050,06,027,"California","Inyo County",2,19,192,120,72
050,06,027,"California","Inyo County",2,20,192,114,78
050,06,027,"California","Inyo County",2,21,152,74,78
050,06,027,"California","Inyo County",2,22,158,76,82
050,06,027,"California","Inyo County",2,23,169,80,89
050,06,027,"California","Inyo County",2,24,174,87,87
050,06,027,"California","Inyo County",2,25,185,92,93
050,06,027,"California","Inyo County",2,26,181,86,95
050,06,027,"California","Inyo County",2,27,203,90,113
050,06,027,"California","Inyo County",2,28,189,91,98
050,06,027,"California","Inyo County",2,29,207,94,113
050,06,027,"California","Inyo County",2,30,213,107,106
050,06,027,"California","Inyo County",2,31,210,112,98
050,06,027,"California","Inyo County",2,32,207,106,101
050,06,027,"California","Inyo County",2,33,210,114,96
050,06,027,"California","Inyo County",2,34,224,122,102
050,06,027,"California","Inyo County",2,35,247,125,122
050,06,027,"California","Inyo County",2,36,273,137,136
050,06,027,"California","Inyo County",2,37,294,156,138
050,06,027,"California","Inyo County",2,38,254,134,120
050,06,027,"California","Inyo County",2,39,231,120,111
050,06,027,"California","Inyo County",2,40,234,129,105
050,06,027,"California","Inyo County",2,41,224,122,102
050,06,027,"California","Inyo County",2,42,216,126,90
050,06,027,"California","Inyo County",2,43,206,116,90
050,06,027,"California","Inyo County",2,44,193,102,91
050,06,027,"California","Inyo County",2,45,195,98,97
050,06,027,"California","Inyo County",2,46,187,95,92
050,06,027,"California","Inyo County",2,47,199,104,95
050,06,027,"California","Inyo County",2,48,211,113,98
050,06,027,"California","Inyo County",2,49,217,112,105
050,06,027,"California","Inyo County",2,50,205,104,101
050,06,027,"California","Inyo County",2,51,215,118,97
050,06,027,"California","Inyo County",2,52,214,107,107
050,06,027,"California","Inyo County",2,53,191,91,100
050,06,027,"California","Inyo County",2,54,201,99,102
050,06,027,"California","Inyo County",2,55,222,111,111
050,06,027,"California","Inyo County",2,56,242,115,127
050,06,027,"California","Inyo County",2,57,267,130,137
050,06,027,"California","Inyo County",2,58,302,148,154
050,06,027,"California","Inyo County",2,59,313,154,159
050,06,027,"California","Inyo County",2,60,311,156,155
050,06,027,"California","Inyo County",2,61,330,162,168
050,06,027,"California","Inyo County",2,62,331,163,168
050,06,027,"California","Inyo County",2,63,316,170,146
050,06,027,"California","Inyo County",2,64,306,153,153
050,06,027,"California","Inyo County",2,65,336,160,176
050,06,027,"California","Inyo County",2,66,310,146,164
050,06,027,"California","Inyo County",2,67,288,143,145
050,06,027,"California","Inyo County",2,68,269,147,122
050,06,027,"California","Inyo County",2,69,261,136,125
050,06,027,"California","Inyo County",2,70,249,129,120
050,06,027,"California","Inyo County",2,71,242,119,123
050,06,027,"California","Inyo County",2,72,233,121,112
050,06,027,"California","Inyo County",2,73,247,127,120
050,06,027,"California","Inyo County",2,74,165,82,83
050,06,027,"California","Inyo County",2,75,167,85,82
050,06,027,"California","Inyo County",2,76,171,87,84
050,06,027,"California","Inyo County",2,77,180,84,96
050,06,027,"California","Inyo County",2,78,146,69,77
050,06,027,"California","Inyo County",2,79,129,62,67
050,06,027,"California","Inyo County",2,80,119,55,64
050,06,027,"California","Inyo County",2,81,106,50,56
050,06,027,"California","Inyo County",2,82,113,52,61
050,06,027,"California","Inyo County",2,83,103,52,51
050,06,027,"California","Inyo County",2,84,97,51,46
050,06,027,"California","Inyo County",2,85,557,230,327
050,06,027,"California","Inyo County",3,0,174,96,78
050,06,027,"California","Inyo County",3,1,174,91,83
050,06,027,"California","Inyo County",3,2,190,93,97
050,06,027,"California","Inyo County",3,3,210,101,109
050,06,027,"California","Inyo County",3,4,215,92,123
050,06,027,"California","Inyo County",3,5,215,105,110
050,06,027,"California","Inyo County",3,6,213,104,109
050,06,027,"California","Inyo County",3,7,237,107,130
050,06,027,"California","Inyo County",3,8,232,125,107
050,06,027,"California","Inyo County",3,9,228,119,109
050,06,027,"California","Inyo County",3,10,213,108,105
050,06,027,"California","Inyo County",3,11,223,117,106
050,06,027,"California","Inyo County",3,12,230,121,109
050,06,027,"California","Inyo County",3,13,237,123,114
050,06,027,"California","Inyo County",3,14,228,117,111
050,06,027,"California","Inyo County",3,15,226,119,107
050,06,027,"California","Inyo County",3,16,215,117,98
050,06,027,"California","Inyo County",3,17,213,109,104
050,06,027,"California","Inyo County",3,18,198,108,90
050,06,027,"California","Inyo County",3,19,188,118,70
050,06,027,"California","Inyo County",3,20,190,125,65
050,06,027,"California","Inyo County",3,21,156,76,80
050,06,027,"California","Inyo County",3,22,156,81,75
050,06,027,"California","Inyo County",3,23,160,76,84
050,06,027,"California","Inyo County",3,24,172,85,87
050,06,027,"California","Inyo County",3,25,173,95,78
050,06,027,"California","Inyo County",3,26,172,86,86
050,06,027,"California","Inyo County",3,27,198,91,107
050,06,027,"California","Inyo County",3,28,199,89,110
050,06,027,"California","Inyo County",3,29,194,91,103
050,06,027,"California","Inyo County",3,30,220,107,113
050,06,027,"California","Inyo County",3,31,226,111,115
050,06,027,"California","Inyo County",3,32,208,110,98
050,06,027,"California","Inyo County",3,33,212,110,102
050,06,027,"California","Inyo County",3,34,200,99,101
050,06,027,"California","Inyo County",3,35,230,124,106
050,06,027,"California","Inyo County",3,36,251,123,128
050,06,027,"California","Inyo County",3,37,280,144,136
050,06,027,"California","Inyo County",3,38,306,156,150
050,06,027,"California","Inyo County",3,39,256,134,122
050,06,027,"California","Inyo County",3,40,231,113,118
050,06,027,"California","Inyo County",3,41,239,131,108
050,06,027,"California","Inyo County",3,42,232,123,109
050,06,027,"California","Inyo County",3,43,200,116,84
050,06,027,"California","Inyo County",3,44,211,122,89
050,06,027,"California","Inyo County",3,45,194,104,90
050,06,027,"California","Inyo County",3,46,194,98,96
050,06,027,"California","Inyo County",3,47,193,99,94
050,06,027,"California","Inyo County",3,48,211,115,96
050,06,027,"California","Inyo County",3,49,205,110,95
050,06,027,"California","Inyo County",3,50,211,105,106
050,06,027,"California","Inyo County",3,51,212,108,104
050,06,027,"California","Inyo County",3,52,216,119,97
050,06,027,"California","Inyo County",3,53,212,104,108
050,06,027,"California","Inyo County",3,54,180,86,94
050,06,027,"California","Inyo County",3,55,211,108,103
050,06,027,"California","Inyo County",3,56,218,112,106
050,06,027,"California","Inyo County",3,57,236,113,123
050,06,027,"California","Inyo County",3,58,269,133,136
050,06,027,"California","Inyo County",3,59,315,160,155
050,06,027,"California","Inyo County",3,60,293,142,151
050,06,027,"California","Inyo County",3,61,309,143,166
050,06,027,"California","Inyo County",3,62,311,158,153
050,06,027,"California","Inyo County",3,63,342,170,172
050,06,027,"California","Inyo County",3,64,283,152,131
050,06,027,"California","Inyo County",3,65,303,159,144
050,06,027,"California","Inyo County",3,66,336,160,176
050,06,027,"California","Inyo County",3,67,297,137,160
050,06,027,"California","Inyo County",3,68,280,136,144
050,06,027,"California","Inyo County",3,69,265,139,126
050,06,027,"California","Inyo County",3,70,252,136,116
050,06,027,"California","Inyo County",3,71,242,122,120
050,06,027,"California","Inyo County",3,72,227,111,116
050,06,027,"California","Inyo County",3,73,220,117,103
050,06,027,"California","Inyo County",3,74,247,125,122
050,06,027,"California","Inyo County",3,75,164,78,86
050,06,027,"California","Inyo County",3,76,163,84,79
050,06,027,"California","Inyo County",3,77,171,84,87
050,06,027,"California","Inyo County",3,78,178,83,95
050,06,027,"California","Inyo County",3,79,140,68,72
050,06,027,"California","Inyo County",3,80,119,57,62
050,06,027,"California","Inyo County",3,81,105,50,55
050,06,027,"California","Inyo County",3,82,114,49,65
050,06,027,"California","Inyo County",3,83,97,49,48
050,06,027,"California","Inyo County",3,84,101,57,44
050,06,027,"California","Inyo County",3,85,557,229,328
050,06,027,"California","Inyo County",4,0,165,79,86
050,06,027,"California","Inyo County",4,1,187,103,84
050,06,027,"California","Inyo County",4,2,171,89,82
050,06,027,"California","Inyo County",4,3,201,90,111
050,06,027,"California","Inyo County",4,4,203,96,107
050,06,027,"California","Inyo County",4,5,211,89,122
050,06,027,"California","Inyo County",4,6,210,108,102
050,06,027,"California","Inyo County",4,7,209,102,107
050,06,027,"California","Inyo County",4,8,235,104,131
050,06,027,"California","Inyo County",4,9,221,111,110
050,06,027,"California","Inyo County",4,10,222,122,100
050,06,027,"California","Inyo County",4,11,213,113,100
050,06,027,"California","Inyo County",4,12,220,118,102
050,06,027,"California","Inyo County",4,13,235,120,115
050,06,027,"California","Inyo County",4,14,230,117,113
050,06,027,"California","Inyo County",4,15,217,113,104
050,06,027,"California","Inyo County",4,16,220,115,105
050,06,027,"California","Inyo County",4,17,222,125,97
050,06,027,"California","Inyo County",4,18,205,112,93
050,06,027,"California","Inyo County",4,19,185,115,70
050,06,027,"California","Inyo County",4,20,197,124,73
050,06,027,"California","Inyo County",4,21,140,80,60
050,06,027,"California","Inyo County",4,22,168,74,94
050,06,027,"California","Inyo County",4,23,157,72,85
050,06,027,"California","Inyo County",4,24,168,86,82
050,06,027,"California","Inyo County",4,25,163,79,84
050,06,027,"California","Inyo County",4,26,161,88,73
050,06,027,"California","Inyo County",4,27,183,92,91
050,06,027,"California","Inyo County",4,28,178,85,93
050,06,027,"California","Inyo County",4,29,198,79,119
050,06,027,"California","Inyo County",4,30,211,108,103
050,06,027,"California","Inyo County",4,31,210,101,109
050,06,027,"California","Inyo County",4,32,231,113,118
050,06,027,"California","Inyo County",4,33,212,113,99
050,06,027,"California","Inyo County",4,34,220,120,100
050,06,027,"California","Inyo County",4,35,199,100,99
050,06,027,"California","Inyo County",4,36,223,116,107
050,06,027,"California","Inyo County",4,37,250,123,127
050,06,027,"California","Inyo County",4,38,260,130,130
050,06,027,"California","Inyo County",4,39,298,149,149
050,06,027,"California","Inyo County",4,40,262,137,125
050,06,027,"California","Inyo County",4,41,227,113,114
050,06,027,"California","Inyo County",4,42,249,137,112
050,06,027,"California","Inyo County",4,43,237,120,117
050,06,027,"California","Inyo County",4,44,203,118,85
050,06,027,"California","Inyo County",4,45,222,129,93
050,06,027,"California","Inyo County",4,46,195,106,89
050,06,027,"California","Inyo County",4,47,198,97,101
050,06,027,"California","Inyo County",4,48,193,103,90
050,06,027,"California","Inyo County",4,49,209,114,95
050,06,027,"California","Inyo County",4,50,196,106,90
050,06,027,"California","Inyo County",4,51,215,108,107
050,06,027,"California","Inyo County",4,52,213,108,105
050,06,027,"California","Inyo County",4,53,208,112,96
050,06,027,"California","Inyo County",4,54,200,92,108
050,06,027,"California","Inyo County",4,55,193,96,97
050,06,027,"California","Inyo County",4,56,209,102,107
050,06,027,"California","Inyo County",4,57,218,106,112
050,06,027,"California","Inyo County",4,58,237,116,121
050,06,027,"California","Inyo County",4,59,276,137,139
050,06,027,"California","Inyo County",4,60,295,141,154
050,06,027,"California","Inyo County",4,61,291,138,153
050,06,027,"California","Inyo County",4,62,300,143,157
050,06,027,"California","Inyo County",4,63,324,170,154
050,06,027,"California","Inyo County",4,64,323,156,167
050,06,027,"California","Inyo County",4,65,286,156,130
050,06,027,"California","Inyo County",4,66,299,155,144
050,06,027,"California","Inyo County",4,67,328,153,175
050,06,027,"California","Inyo County",4,68,290,134,156
050,06,027,"California","Inyo County",4,69,279,134,145
050,06,027,"California","Inyo County",4,70,257,138,119
050,06,027,"California","Inyo County",4,71,235,128,107
050,06,027,"California","Inyo County",4,72,231,115,116
050,06,027,"California","Inyo County",4,73,217,106,111
050,06,027,"California","Inyo County",4,74,216,115,101
050,06,027,"California","Inyo County",4,75,238,118,120
050,06,027,"California","Inyo County",4,76,155,76,79
050,06,027,"California","Inyo County",4,77,162,80,82
050,06,027,"California","Inyo County",4,78,164,77,87
050,06,027,"California","Inyo County",4,79,163,79,84
050,06,027,"California","Inyo County",4,80,133,60,73
050,06,027,"California","Inyo County",4,81,107,50,57
050,06,027,"California","Inyo County",4,82,113,51,62
050,06,027,"California","Inyo County",4,83,101,46,55
050,06,027,"California","Inyo County",4,84,96,53,43
050,06,027,"California","Inyo County",4,85,570,242,328
050,06,027,"California","Inyo County",5,0,160,78,82
050,06,027,"California","Inyo County",5,1,165,81,84
050,06,027,"California","Inyo County",5,2,193,106,87
050,06,027,"California","Inyo County",5,3,165,87,78
050,06,027,"California","Inyo County",5,4,199,93,106
050,06,027,"California","Inyo County",5,5,198,98,100
050,06,027,"California","Inyo County",5,6,198,91,107
050,06,027,"California","Inyo County",5,7,205,104,101
050,06,027,"California","Inyo County",5,8,207,102,105
050,06,027,"California","Inyo County",5,9,219,99,120
050,06,027,"California","Inyo County",5,10,219,109,110
050,06,027,"California","Inyo County",5,11,219,120,99
050,06,027,"California","Inyo County",5,12,206,108,98
050,06,027,"California","Inyo County",5,13,218,116,102
050,06,027,"California","Inyo County",5,14,226,118,108
050,06,027,"California","Inyo County",5,15,226,119,107
050,06,027,"California","Inyo County",5,16,215,115,100
050,06,027,"California","Inyo County",5,17,230,124,106
050,06,027,"California","Inyo County",5,18,215,129,86
050,06,027,"California","Inyo County",5,19,201,124,77
050,06,027,"California","Inyo County",5,20,200,123,77
050,06,027,"California","Inyo County",5,21,158,84,74
050,06,027,"California","Inyo County",5,22,148,84,64
050,06,027,"California","Inyo County",5,23,164,80,84
050,06,027,"California","Inyo County",5,24,152,74,78
050,06,027,"California","Inyo County",5,25,165,80,85
050,06,027,"California","Inyo County",5,26,153,75,78
050,06,027,"California","Inyo County",5,27,180,99,81
050,06,027,"California","Inyo County",5,28,187,94,93
050,06,027,"California","Inyo County",5,29,194,92,102
050,06,027,"California","Inyo County",5,30,208,93,115
050,06,027,"California","Inyo County",5,31,217,104,113
050,06,027,"California","Inyo County",5,32,217,104,113
050,06,027,"California","Inyo County",5,33,234,109,125
050,06,027,"California","Inyo County",5,34,207,109,98
050,06,027,"California","Inyo County",5,35,207,110,97
050,06,027,"California","Inyo County",5,36,201,96,105
050,06,027,"California","Inyo County",5,37,223,121,102
050,06,027,"California","Inyo County",5,38,238,118,120
050,06,027,"California","Inyo County",5,39,242,122,120
050,06,027,"California","Inyo County",5,40,293,149,144
050,06,027,"California","Inyo County",5,41,259,135,124
050,06,027,"California","Inyo County",5,42,236,116,120
050,06,027,"California","Inyo County",5,43,246,132,114
050,06,027,"California","Inyo County",5,44,235,123,112
050,06,027,"California","Inyo County",5,45,204,119,85
050,06,027,"California","Inyo County",5,46,220,126,94
050,06,027,"California","Inyo County",5,47,196,108,88
050,06,027,"California","Inyo County",5,48,183,96,87
050,06,027,"California","Inyo County",5,49,195,106,89
050,06,027,"California","Inyo County",5,50,206,109,97
050,06,027,"California","Inyo County",5,51,200,109,91
050,06,027,"California","Inyo County",5,52,217,113,104
050,06,027,"California","Inyo County",5,53,210,103,107
050,06,027,"California","Inyo County",5,54,205,106,99
050,06,027,"California","Inyo County",5,55,207,102,105
050,06,027,"California","Inyo County",5,56,183,90,93
050,06,027,"California","Inyo County",5,57,210,96,114
050,06,027,"California","Inyo County",5,58,222,108,114
050,06,027,"California","Inyo County",5,59,239,117,122
050,06,027,"California","Inyo County",5,60,255,120,135
050,06,027,"California","Inyo County",5,61,297,137,160
050,06,027,"California","Inyo County",5,62,285,137,148
050,06,027,"California","Inyo County",5,63,293,145,148
050,06,027,"California","Inyo County",5,64,301,161,140
050,06,027,"California","Inyo County",5,65,328,166,162
050,06,027,"California","Inyo County",5,66,282,154,128
050,06,027,"California","Inyo County",5,67,294,153,141
050,06,027,"California","Inyo County",5,68,315,142,173
050,06,027,"California","Inyo County",5,69,287,131,156
050,06,027,"California","Inyo County",5,70,277,137,140
050,06,027,"California","Inyo County",5,71,239,129,110
050,06,027,"California","Inyo County",5,72,227,121,106
050,06,027,"California","Inyo County",5,73,225,112,113
050,06,027,"California","Inyo County",5,74,210,107,103
050,06,027,"California","Inyo County",5,75,211,110,101
050,06,027,"California","Inyo County",5,76,229,118,111
050,06,027,"California","Inyo County",5,77,154,74,80
050,06,027,"California","Inyo County",5,78,153,76,77
050,06,027,"California","Inyo County",5,79,154,75,79
050,06,027,"California","Inyo County",5,80,149,71,78
050,06,027,"California","Inyo County",5,81,122,55,67
050,06,027,"California","Inyo County",5,82,109,49,60
050,06,027,"California","Inyo County",5,83,107,47,60
050,06,027,"California","Inyo County",5,84,98,49,49
050,06,027,"California","Inyo County",5,85,581,247,334
050,06,029,"California","Kern County",1,0,12701,6479,6222
050,06,029,"California","Kern County",1,1,12950,6610,6340
050,06,029,"California","Kern County",1,2,13343,6821,6522
050,06,029,"California","Kern County",1,3,13976,7152,6824
050,06,029,"California","Kern County",1,4,14305,7356,6949
050,06,029,"California","Kern County",1,5,14549,7423,7126
050,06,029,"California","Kern County",1,6,14755,7570,7185
050,06,029,"California","Kern County",1,7,14930,7628,7302
050,06,029,"California","Kern County",1,8,14906,7600,7306
050,06,029,"California","Kern County",1,9,15312,7772,7540
050,06,029,"California","Kern County",1,10,15556,7886,7670
050,06,029,"California","Kern County",1,11,15754,8033,7721
050,06,029,"California","Kern County",1,12,16126,8228,7898
050,06,029,"California","Kern County",1,13,15816,7990,7826
050,06,029,"California","Kern County",1,14,15274,7753,7521
050,06,029,"California","Kern County",1,15,14876,7629,7247
050,06,029,"California","Kern County",1,16,14712,7479,7233
050,06,029,"California","Kern County",1,17,14258,7249,7009
050,06,029,"California","Kern County",1,18,13013,6755,6258
050,06,029,"California","Kern County",1,19,12140,6428,5712
050,06,029,"California","Kern County",1,20,12287,6549,5738
050,06,029,"California","Kern County",1,21,12534,6753,5781
050,06,029,"California","Kern County",1,22,12374,6483,5891
050,06,029,"California","Kern County",1,23,12762,6839,5923
050,06,029,"California","Kern County",1,24,13213,7069,6144
050,06,029,"California","Kern County",1,25,13699,7168,6531
050,06,029,"California","Kern County",1,26,13997,7453,6544
050,06,029,"California","Kern County",1,27,14182,7558,6624
050,06,029,"California","Kern County",1,28,14814,7983,6831
050,06,029,"California","Kern County",1,29,14729,7720,7009
050,06,029,"California","Kern County",1,30,14323,7621,6702
050,06,029,"California","Kern County",1,31,13696,7253,6443
050,06,029,"California","Kern County",1,32,13665,7317,6348
050,06,029,"California","Kern County",1,33,13139,6963,6176
050,06,029,"California","Kern County",1,34,13149,7083,6066
050,06,029,"California","Kern County",1,35,12985,6886,6099
050,06,029,"California","Kern County",1,36,12836,6868,5968
050,06,029,"California","Kern County",1,37,12810,6783,6027
050,06,029,"California","Kern County",1,38,12477,6664,5813
050,06,029,"California","Kern County",1,39,12204,6436,5768
050,06,029,"California","Kern County",1,40,11895,6256,5639
050,06,029,"California","Kern County",1,41,11421,6055,5366
050,06,029,"California","Kern County",1,42,11008,5825,5183
050,06,029,"California","Kern County",1,43,10752,5709,5043
050,06,029,"California","Kern County",1,44,10597,5580,5017
050,06,029,"California","Kern County",1,45,10387,5391,4996
050,06,029,"California","Kern County",1,46,10104,5297,4807
050,06,029,"California","Kern County",1,47,10091,5199,4892
050,06,029,"California","Kern County",1,48,10140,5169,4971
050,06,029,"California","Kern County",1,49,10349,5326,5023
050,06,029,"California","Kern County",1,50,10154,5174,4980
050,06,029,"California","Kern County",1,51,9853,5018,4835
050,06,029,"California","Kern County",1,52,9681,4910,4771
050,06,029,"California","Kern County",1,53,9730,4978,4752
050,06,029,"California","Kern County",1,54,9582,4901,4681
050,06,029,"California","Kern County",1,55,9864,4957,4907
050,06,029,"California","Kern County",1,56,9944,4980,4964
050,06,029,"California","Kern County",1,57,10040,5014,5026
050,06,029,"California","Kern County",1,58,10135,5115,5020
050,06,029,"California","Kern County",1,59,10038,5005,5033
050,06,029,"California","Kern County",1,60,9893,4938,4955
050,06,029,"California","Kern County",1,61,9434,4760,4674
050,06,029,"California","Kern County",1,62,9402,4799,4603
050,06,029,"California","Kern County",1,63,8829,4438,4391
050,06,029,"California","Kern County",1,64,8423,4242,4181
050,06,029,"California","Kern County",1,65,8108,4026,4082
050,06,029,"California","Kern County",1,66,7642,3789,3853
050,06,029,"California","Kern County",1,67,7342,3631,3711
050,06,029,"California","Kern County",1,68,6856,3321,3535
050,06,029,"California","Kern County",1,69,6362,3042,3320
050,06,029,"California","Kern County",1,70,6035,2921,3114
050,06,029,"California","Kern County",1,71,5724,2732,2992
050,06,029,"California","Kern County",1,72,5642,2616,3026
050,06,029,"California","Kern County",1,73,5595,2612,2983
050,06,029,"California","Kern County",1,74,4193,1982,2211
050,06,029,"California","Kern County",1,75,4087,1913,2174
050,06,029,"California","Kern County",1,76,3950,1803,2147
050,06,029,"California","Kern County",1,77,3790,1739,2051
050,06,029,"California","Kern County",1,78,3305,1502,1803
050,06,029,"California","Kern County",1,79,3036,1407,1629
050,06,029,"California","Kern County",1,80,2735,1249,1486
050,06,029,"California","Kern County",1,81,2487,1095,1392
050,06,029,"California","Kern County",1,82,2200,985,1215
050,06,029,"California","Kern County",1,83,1955,871,1084
050,06,029,"California","Kern County",1,84,1772,777,995
050,06,029,"California","Kern County",1,85,9540,3571,5969
050,06,029,"California","Kern County",2,0,12515,6405,6110
050,06,029,"California","Kern County",2,1,12950,6601,6349
050,06,029,"California","Kern County",2,2,13289,6784,6505
050,06,029,"California","Kern County",2,3,13802,7068,6734
050,06,029,"California","Kern County",2,4,14268,7326,6942
050,06,029,"California","Kern County",2,5,14519,7418,7101
050,06,029,"California","Kern County",2,6,14741,7552,7189
050,06,029,"California","Kern County",2,7,14888,7607,7281
050,06,029,"California","Kern County",2,8,14865,7580,7285
050,06,029,"California","Kern County",2,9,15216,7731,7485
050,06,029,"California","Kern County",2,10,15506,7865,7641
050,06,029,"California","Kern County",2,11,15639,7962,7677
050,06,029,"California","Kern County",2,12,16109,8219,7890
050,06,029,"California","Kern County",2,13,15873,8045,7828
050,06,029,"California","Kern County",2,14,15410,7816,7594
050,06,029,"California","Kern County",2,15,14990,7670,7320
050,06,029,"California","Kern County",2,16,14758,7521,7237
050,06,029,"California","Kern County",2,17,14337,7288,7049
050,06,029,"California","Kern County",2,18,12981,6722,6259
050,06,029,"California","Kern County",2,19,12092,6347,5745
050,06,029,"California","Kern County",2,20,12338,6517,5821
050,06,029,"California","Kern County",2,21,12380,6589,5791
050,06,029,"California","Kern County",2,22,12290,6389,5901
050,06,029,"California","Kern County",2,23,12599,6666,5933
050,06,029,"California","Kern County",2,24,12972,6876,6096
050,06,029,"California","Kern County",2,25,13429,6979,6450
050,06,029,"California","Kern County",2,26,13824,7250,6574
050,06,029,"California","Kern County",2,27,13967,7363,6604
050,06,029,"California","Kern County",2,28,14559,7765,6794
050,06,029,"California","Kern County",2,29,14540,7576,6964
050,06,029,"California","Kern County",2,30,14360,7543,6817
050,06,029,"California","Kern County",2,31,13643,7155,6488
050,06,029,"California","Kern County",2,32,13502,7133,6369
050,06,029,"California","Kern County",2,33,13055,6853,6202
050,06,029,"California","Kern County",2,34,13037,6935,6102
050,06,029,"California","Kern County",2,35,12937,6824,6113
050,06,029,"California","Kern County",2,36,12693,6714,5979
050,06,029,"California","Kern County",2,37,12696,6680,6016
050,06,029,"California","Kern County",2,38,12497,6599,5898
050,06,029,"California","Kern County",2,39,12096,6337,5759
050,06,029,"California","Kern County",2,40,11925,6216,5709
050,06,029,"California","Kern County",2,41,11368,5966,5402
050,06,029,"California","Kern County",2,42,10933,5732,5201
050,06,029,"California","Kern County",2,43,10753,5650,5103
050,06,029,"California","Kern County",2,44,10464,5479,4985
050,06,029,"California","Kern County",2,45,10338,5330,5008
050,06,029,"California","Kern County",2,46,10063,5217,4846
050,06,029,"California","Kern County",2,47,9977,5108,4869
050,06,029,"California","Kern County",2,48,10031,5077,4954
050,06,029,"California","Kern County",2,49,10240,5213,5027
050,06,029,"California","Kern County",2,50,10123,5135,4988
050,06,029,"California","Kern County",2,51,9836,4978,4858
050,06,029,"California","Kern County",2,52,9677,4892,4785
050,06,029,"California","Kern County",2,53,9635,4899,4736
050,06,029,"California","Kern County",2,54,9552,4869,4683
050,06,029,"California","Kern County",2,55,9759,4908,4851
050,06,029,"California","Kern County",2,56,9872,4931,4941
050,06,029,"California","Kern County",2,57,9968,4977,4991
050,06,029,"California","Kern County",2,58,10052,5036,5016
050,06,029,"California","Kern County",2,59,9996,4977,5019
050,06,029,"California","Kern County",2,60,9908,4942,4966
050,06,029,"California","Kern County",2,61,9492,4763,4729
050,06,029,"California","Kern County",2,62,9326,4733,4593
050,06,029,"California","Kern County",2,63,8968,4512,4456
050,06,029,"California","Kern County",2,64,8437,4237,4200
050,06,029,"California","Kern County",2,65,8136,4051,4085
050,06,029,"California","Kern County",2,66,7721,3824,3897
050,06,029,"California","Kern County",2,67,7367,3639,3728
050,06,029,"California","Kern County",2,68,6873,3343,3530
050,06,029,"California","Kern County",2,69,6480,3114,3366
050,06,029,"California","Kern County",2,70,6070,2921,3149
050,06,029,"California","Kern County",2,71,5756,2751,3005
050,06,029,"California","Kern County",2,72,5562,2586,2976
050,06,029,"California","Kern County",2,73,5767,2695,3072
050,06,029,"California","Kern County",2,74,4290,2009,2281
050,06,029,"California","Kern County",2,75,4088,1912,2176
050,06,029,"California","Kern County",2,76,3922,1792,2130
050,06,029,"California","Kern County",2,77,3839,1762,2077
050,06,029,"California","Kern County",2,78,3334,1515,1819
050,06,029,"California","Kern County",2,79,3037,1393,1644
050,06,029,"California","Kern County",2,80,2786,1271,1515
050,06,029,"California","Kern County",2,81,2511,1113,1398
050,06,029,"California","Kern County",2,82,2238,1000,1238
050,06,029,"California","Kern County",2,83,1958,868,1090
050,06,029,"California","Kern County",2,84,1772,788,984
050,06,029,"California","Kern County",2,85,9548,3589,5959
050,06,029,"California","Kern County",3,0,12142,6164,5978
050,06,029,"California","Kern County",3,1,12787,6583,6204
050,06,029,"California","Kern County",3,2,13152,6706,6446
050,06,029,"California","Kern County",3,3,13423,6865,6558
050,06,029,"California","Kern County",3,4,13993,7138,6855
050,06,029,"California","Kern County",3,5,14401,7425,6976
050,06,029,"California","Kern County",3,6,14596,7463,7133
050,06,029,"California","Kern County",3,7,14831,7586,7245
050,06,029,"California","Kern County",3,8,15015,7671,7344
050,06,029,"California","Kern County",3,9,14964,7589,7375
050,06,029,"California","Kern County",3,10,15301,7773,7528
050,06,029,"California","Kern County",3,11,15552,7871,7681
050,06,029,"California","Kern County",3,12,15757,8011,7746
050,06,029,"California","Kern County",3,13,16157,8266,7891
050,06,029,"California","Kern County",3,14,15904,8123,7781
050,06,029,"California","Kern County",3,15,15474,7828,7646
050,06,029,"California","Kern County",3,16,15062,7669,7393
050,06,029,"California","Kern County",3,17,14748,7530,7218
050,06,029,"California","Kern County",3,18,13288,6877,6411
050,06,029,"California","Kern County",3,19,12047,6257,5790
050,06,029,"California","Kern County",3,20,12528,6608,5920
050,06,029,"California","Kern County",3,21,12735,6768,5967
050,06,029,"California","Kern County",3,22,12458,6455,6003
050,06,029,"California","Kern County",3,23,12707,6654,6053
050,06,029,"California","Kern County",3,24,12952,6925,6027
050,06,029,"California","Kern County",3,25,13085,6854,6231
050,06,029,"California","Kern County",3,26,13641,7094,6547
050,06,029,"California","Kern County",3,27,13837,7140,6697
050,06,029,"California","Kern County",3,28,14208,7568,6640
050,06,029,"California","Kern County",3,29,14524,7650,6874
050,06,029,"California","Kern County",3,30,14729,7709,7020
050,06,029,"California","Kern County",3,31,14575,7654,6921
050,06,029,"California","Kern County",3,32,13837,7326,6511
050,06,029,"California","Kern County",3,33,13428,7017,6411
050,06,029,"California","Kern County",3,34,13161,6947,6214
050,06,029,"California","Kern County",3,35,13107,6937,6170
050,06,029,"California","Kern County",3,36,13067,6939,6128
050,06,029,"California","Kern County",3,37,12678,6679,5999
050,06,029,"California","Kern County",3,38,12731,6669,6062
050,06,029,"California","Kern County",3,39,12569,6620,5949
050,06,029,"California","Kern County",3,40,12116,6330,5786
050,06,029,"California","Kern County",3,41,12043,6333,5710
050,06,029,"California","Kern County",3,42,11292,5850,5442
050,06,029,"California","Kern County",3,43,10978,5747,5231
050,06,029,"California","Kern County",3,44,10770,5697,5073
050,06,029,"California","Kern County",3,45,10400,5438,4962
050,06,029,"California","Kern County",3,46,10382,5374,5008
050,06,029,"California","Kern County",3,47,9997,5179,4818
050,06,029,"California","Kern County",3,48,9947,5049,4898
050,06,029,"California","Kern County",3,49,9934,5044,4890
050,06,029,"California","Kern County",3,50,10128,5117,5011
050,06,029,"California","Kern County",3,51,10029,5092,4937
050,06,029,"California","Kern County",3,52,9747,4900,4847
050,06,029,"California","Kern County",3,53,9646,4847,4799
050,06,029,"California","Kern County",3,54,9584,4856,4728
050,06,029,"California","Kern County",3,55,9436,4805,4631
050,06,029,"California","Kern County",3,56,9601,4818,4783
050,06,029,"California","Kern County",3,57,9838,4920,4918
050,06,029,"California","Kern County",3,58,9810,4862,4948
050,06,029,"California","Kern County",3,59,9894,4865,5029
050,06,029,"California","Kern County",3,60,9790,4858,4932
050,06,029,"California","Kern County",3,61,9688,4827,4861
050,06,029,"California","Kern County",3,62,9350,4720,4630
050,06,029,"California","Kern County",3,63,9075,4580,4495
050,06,029,"California","Kern County",3,64,8676,4338,4338
050,06,029,"California","Kern County",3,65,8217,4109,4108
050,06,029,"California","Kern County",3,66,7907,3900,4007
050,06,029,"California","Kern County",3,67,7504,3677,3827
050,06,029,"California","Kern County",3,68,7140,3510,3630
050,06,029,"California","Kern County",3,69,6665,3248,3417
050,06,029,"California","Kern County",3,70,6231,2974,3257
050,06,029,"California","Kern County",3,71,5851,2797,3054
050,06,029,"California","Kern County",3,72,5520,2620,2900
050,06,029,"California","Kern County",3,73,5382,2498,2884
050,06,029,"California","Kern County",3,74,5539,2579,2960
050,06,029,"California","Kern County",3,75,4080,1890,2190
050,06,029,"California","Kern County",3,76,3918,1789,2129
050,06,029,"California","Kern County",3,77,3662,1671,1991
050,06,029,"California","Kern County",3,78,3645,1650,1995
050,06,029,"California","Kern County",3,79,3110,1406,1704
050,06,029,"California","Kern County",3,80,2819,1286,1533
050,06,029,"California","Kern County",3,81,2617,1181,1436
050,06,029,"California","Kern County",3,82,2306,1017,1289
050,06,029,"California","Kern County",3,83,2033,886,1147
050,06,029,"California","Kern County",3,84,1773,793,980
050,06,029,"California","Kern County",3,85,9488,3580,5908
050,06,029,"California","Kern County",4,0,12676,6404,6272
050,06,029,"California","Kern County",4,1,12415,6305,6110
050,06,029,"California","Kern County",4,2,12883,6624,6259
050,06,029,"California","Kern County",4,3,13208,6772,6436
050,06,029,"California","Kern County",4,4,13536,6859,6677
050,06,029,"California","Kern County",4,5,14046,7172,6874
050,06,029,"California","Kern County",4,6,14452,7404,7048
050,06,029,"California","Kern County",4,7,14722,7499,7223
050,06,029,"California","Kern County",4,8,14952,7628,7324
050,06,029,"California","Kern County",4,9,15094,7680,7414
050,06,029,"California","Kern County",4,10,14974,7620,7354
050,06,029,"California","Kern County",4,11,15404,7830,7574
050,06,029,"California","Kern County",4,12,15616,7904,7712
050,06,029,"California","Kern County",4,13,15899,8099,7800
050,06,029,"California","Kern County",4,14,16256,8317,7939
050,06,029,"California","Kern County",4,15,16005,8162,7843
050,06,029,"California","Kern County",4,16,15559,7847,7712
050,06,029,"California","Kern County",4,17,15102,7679,7423
050,06,029,"California","Kern County",4,18,13648,7115,6533
050,06,029,"California","Kern County",4,19,12320,6463,5857
050,06,029,"California","Kern County",4,20,12469,6558,5911
050,06,029,"California","Kern County",4,21,12920,6910,6010
050,06,029,"California","Kern County",4,22,12732,6669,6063
050,06,029,"California","Kern County",4,23,12791,6660,6131
050,06,029,"California","Kern County",4,24,12975,6858,6117
050,06,029,"California","Kern County",4,25,12843,6824,6019
050,06,029,"California","Kern County",4,26,13177,6951,6226
050,06,029,"California","Kern County",4,27,13558,6996,6562
050,06,029,"California","Kern County",4,28,13997,7353,6644
050,06,029,"California","Kern County",4,29,14055,7432,6623
050,06,029,"California","Kern County",4,30,14488,7638,6850
050,06,029,"California","Kern County",4,31,14829,7766,7063
050,06,029,"California","Kern County",4,32,14584,7705,6879
050,06,029,"California","Kern County",4,33,13552,7080,6472
050,06,029,"California","Kern County",4,34,13337,6988,6349
050,06,029,"California","Kern County",4,35,13113,6907,6206
050,06,029,"California","Kern County",4,36,13157,6974,6183
050,06,029,"California","Kern County",4,37,13004,6889,6115
050,06,029,"California","Kern County",4,38,12696,6677,6019
050,06,029,"California","Kern County",4,39,12730,6667,6063
050,06,029,"California","Kern County",4,40,12527,6600,5927
050,06,029,"California","Kern County",4,41,12156,6405,5751
050,06,029,"California","Kern County",4,42,11906,6191,5715
050,06,029,"California","Kern County",4,43,11311,5855,5456
050,06,029,"California","Kern County",4,44,10960,5785,5175
050,06,029,"California","Kern County",4,45,10641,5615,5026
050,06,029,"California","Kern County",4,46,10412,5459,4953
050,06,029,"California","Kern County",4,47,10287,5332,4955
050,06,029,"California","Kern County",4,48,9890,5067,4823
050,06,029,"California","Kern County",4,49,9869,4989,4880
050,06,029,"California","Kern County",4,50,9816,4965,4851
050,06,029,"California","Kern County",4,51,10059,5070,4989
050,06,029,"California","Kern County",4,52,9939,5024,4915
050,06,029,"California","Kern County",4,53,9654,4843,4811
050,06,029,"California","Kern County",4,54,9492,4761,4731
050,06,029,"California","Kern County",4,55,9446,4760,4686
050,06,029,"California","Kern County",4,56,9311,4722,4589
050,06,029,"California","Kern County",4,57,9510,4772,4738
050,06,029,"California","Kern County",4,58,9598,4788,4810
050,06,029,"California","Kern County",4,59,9585,4689,4896
050,06,029,"California","Kern County",4,60,9676,4760,4916
050,06,029,"California","Kern County",4,61,9507,4652,4855
050,06,029,"California","Kern County",4,62,9449,4715,4734
050,06,029,"California","Kern County",4,63,9052,4544,4508
050,06,029,"California","Kern County",4,64,8769,4365,4404
050,06,029,"California","Kern County",4,65,8437,4211,4226
050,06,029,"California","Kern County",4,66,7988,3978,4010
050,06,029,"California","Kern County",4,67,7737,3786,3951
050,06,029,"California","Kern County",4,68,7277,3539,3738
050,06,029,"California","Kern County",4,69,6924,3406,3518
050,06,029,"California","Kern County",4,70,6476,3133,3343
050,06,029,"California","Kern County",4,71,6036,2848,3188
050,06,029,"California","Kern County",4,72,5667,2687,2980
050,06,029,"California","Kern County",4,73,5307,2495,2812
050,06,029,"California","Kern County",4,74,5133,2349,2784
050,06,029,"California","Kern County",4,75,5291,2456,2835
050,06,029,"California","Kern County",4,76,3945,1817,2128
050,06,029,"California","Kern County",4,77,3675,1672,2003
050,06,029,"California","Kern County",4,78,3451,1556,1895
050,06,029,"California","Kern County",4,79,3401,1539,1862
050,06,029,"California","Kern County",4,80,2906,1319,1587
050,06,029,"California","Kern County",4,81,2647,1194,1453
050,06,029,"California","Kern County",4,82,2399,1073,1326
050,06,029,"California","Kern County",4,83,2126,930,1196
050,06,029,"California","Kern County",4,84,1863,825,1038
050,06,029,"California","Kern County",4,85,9469,3606,5863
050,06,029,"California","Kern County",5,0,11999,6059,5940
050,06,029,"California","Kern County",5,1,12812,6509,6303
050,06,029,"California","Kern County",5,2,12407,6330,6077
050,06,029,"California","Kern County",5,3,12907,6636,6271
050,06,029,"California","Kern County",5,4,13175,6760,6415
050,06,029,"California","Kern County",5,5,13573,6881,6692
050,06,029,"California","Kern County",5,6,14009,7136,6873
050,06,029,"California","Kern County",5,7,14480,7411,7069
050,06,029,"California","Kern County",5,8,14784,7516,7268
050,06,029,"California","Kern County",5,9,15006,7625,7381
050,06,029,"California","Kern County",5,10,15024,7669,7355
050,06,029,"California","Kern County",5,11,15064,7652,7412
050,06,029,"California","Kern County",5,12,15407,7827,7580
050,06,029,"California","Kern County",5,13,15592,7911,7681
050,06,029,"California","Kern County",5,14,15809,8054,7755
050,06,029,"California","Kern County",5,15,16244,8310,7934
050,06,029,"California","Kern County",5,16,15927,8143,7784
050,06,029,"California","Kern County",5,17,15509,7845,7664
050,06,029,"California","Kern County",5,18,13873,7182,6691
050,06,029,"California","Kern County",5,19,12534,6559,5975
050,06,029,"California","Kern County",5,20,12678,6625,6053
050,06,029,"California","Kern County",5,21,12746,6670,6076
050,06,029,"California","Kern County",5,22,12831,6663,6168
050,06,029,"California","Kern County",5,23,12942,6771,6171
050,06,029,"California","Kern County",5,24,12847,6661,6186
050,06,029,"California","Kern County",5,25,12664,6614,6050
050,06,029,"California","Kern County",5,26,12756,6719,6037
050,06,029,"California","Kern County",5,27,12927,6688,6239
050,06,029,"California","Kern County",5,28,13531,7004,6527
050,06,029,"California","Kern County",5,29,13641,7016,6625
050,06,029,"California","Kern County",5,30,13881,7282,6599
050,06,029,"California","Kern County",5,31,14480,7588,6892
050,06,029,"California","Kern County",5,32,14619,7622,6997
050,06,029,"California","Kern County",5,33,14197,7375,6822
050,06,029,"California","Kern County",5,34,13310,6924,6386
050,06,029,"California","Kern County",5,35,13228,6888,6340
050,06,029,"California","Kern County",5,36,13086,6890,6196
050,06,029,"California","Kern County",5,37,12892,6752,6140
050,06,029,"California","Kern County",5,38,12803,6702,6101
050,06,029,"California","Kern County",5,39,12552,6507,6045
050,06,029,"California","Kern County",5,40,12473,6480,5993
050,06,029,"California","Kern County",5,41,12416,6550,5866
050,06,029,"California","Kern County",5,42,11916,6201,5715
050,06,029,"California","Kern County",5,43,11821,6093,5728
050,06,029,"California","Kern County",5,44,11127,5744,5383
050,06,029,"California","Kern County",5,45,10675,5573,5102
050,06,029,"California","Kern County",5,46,10528,5530,4998
050,06,029,"California","Kern County",5,47,10216,5312,4904
050,06,029,"California","Kern County",5,48,10072,5147,4925
050,06,029,"California","Kern County",5,49,9691,4896,4795
050,06,029,"California","Kern County",5,50,9610,4802,4808
050,06,029,"California","Kern County",5,51,9599,4807,4792
050,06,029,"California","Kern County",5,52,9922,4968,4954
050,06,029,"California","Kern County",5,53,9752,4887,4865
050,06,029,"California","Kern County",5,54,9454,4688,4766
050,06,029,"California","Kern County",5,55,9302,4631,4671
050,06,029,"California","Kern County",5,56,9300,4666,4634
050,06,029,"California","Kern County",5,57,9212,4672,4540
050,06,029,"California","Kern County",5,58,9308,4656,4652
050,06,029,"California","Kern County",5,59,9368,4614,4754
050,06,029,"California","Kern County",5,60,9374,4550,4824
050,06,029,"California","Kern County",5,61,9425,4607,4818
050,06,029,"California","Kern County",5,62,9323,4582,4741
050,06,029,"California","Kern County",5,63,9194,4532,4662
050,06,029,"California","Kern County",5,64,8732,4347,4385
050,06,029,"California","Kern County",5,65,8501,4193,4308
050,06,029,"California","Kern County",5,66,8214,4068,4146
050,06,029,"California","Kern County",5,67,7841,3892,3949
050,06,029,"California","Kern County",5,68,7536,3659,3877
050,06,029,"California","Kern County",5,69,7110,3453,3657
050,06,029,"California","Kern County",5,70,6733,3296,3437
050,06,029,"California","Kern County",5,71,6282,3012,3270
050,06,029,"California","Kern County",5,72,5846,2745,3101
050,06,029,"California","Kern County",5,73,5477,2585,2892
050,06,029,"California","Kern County",5,74,5112,2391,2721
050,06,029,"California","Kern County",5,75,4918,2227,2691
050,06,029,"California","Kern County",5,76,5144,2370,2774
050,06,029,"California","Kern County",5,77,3756,1736,2020
050,06,029,"California","Kern County",5,78,3527,1592,1935
050,06,029,"California","Kern County",5,79,3226,1461,1765
050,06,029,"California","Kern County",5,80,3156,1418,1738
050,06,029,"California","Kern County",5,81,2733,1219,1514
050,06,029,"California","Kern County",5,82,2414,1081,1333
050,06,029,"California","Kern County",5,83,2219,979,1240
050,06,029,"California","Kern County",5,84,1968,876,1092
050,06,029,"California","Kern County",5,85,9551,3685,5866
050,06,031,"California","Kings County",1,0,2149,1091,1058
050,06,031,"California","Kings County",1,1,2233,1127,1106
050,06,031,"California","Kings County",1,2,2315,1175,1140
050,06,031,"California","Kings County",1,3,2343,1211,1132
050,06,031,"California","Kings County",1,4,2291,1193,1098
050,06,031,"California","Kings County",1,5,2312,1207,1105
050,06,031,"California","Kings County",1,6,2290,1191,1099
050,06,031,"California","Kings County",1,7,2382,1194,1188
050,06,031,"California","Kings County",1,8,2342,1171,1171
050,06,031,"California","Kings County",1,9,2435,1229,1206
050,06,031,"California","Kings County",1,10,2379,1197,1182
050,06,031,"California","Kings County",1,11,2484,1253,1231
050,06,031,"California","Kings County",1,12,2557,1306,1251
050,06,031,"California","Kings County",1,13,2444,1261,1183
050,06,031,"California","Kings County",1,14,2319,1166,1153
050,06,031,"California","Kings County",1,15,2257,1170,1087
050,06,031,"California","Kings County",1,16,2152,1110,1042
050,06,031,"California","Kings County",1,17,2043,1024,1019
050,06,031,"California","Kings County",1,18,1983,1033,950
050,06,031,"California","Kings County",1,19,2005,1112,893
050,06,031,"California","Kings County",1,20,2236,1307,929
050,06,031,"California","Kings County",1,21,2290,1331,959
050,06,031,"California","Kings County",1,22,2471,1462,1009
050,06,031,"California","Kings County",1,23,2452,1409,1043
050,06,031,"California","Kings County",1,24,2499,1467,1032
050,06,031,"California","Kings County",1,25,2504,1468,1036
050,06,031,"California","Kings County",1,26,2550,1485,1065
050,06,031,"California","Kings County",1,27,2608,1541,1067
050,06,031,"California","Kings County",1,28,2663,1578,1085
050,06,031,"California","Kings County",1,29,2696,1581,1115
050,06,031,"California","Kings County",1,30,2559,1502,1057
050,06,031,"California","Kings County",1,31,2505,1466,1039
050,06,031,"California","Kings County",1,32,2452,1465,987
050,06,031,"California","Kings County",1,33,2455,1460,995
050,06,031,"California","Kings County",1,34,2484,1488,996
050,06,031,"California","Kings County",1,35,2485,1487,998
050,06,031,"California","Kings County",1,36,2357,1384,973
050,06,031,"California","Kings County",1,37,2375,1432,943
050,06,031,"California","Kings County",1,38,2261,1357,904
050,06,031,"California","Kings County",1,39,2249,1365,884
050,06,031,"California","Kings County",1,40,2217,1322,895
050,06,031,"California","Kings County",1,41,2011,1231,780
050,06,031,"California","Kings County",1,42,2017,1224,793
050,06,031,"California","Kings County",1,43,1989,1208,781
050,06,031,"California","Kings County",1,44,1880,1145,735
050,06,031,"California","Kings County",1,45,1878,1132,746
050,06,031,"California","Kings County",1,46,1743,1044,699
050,06,031,"California","Kings County",1,47,1788,1099,689
050,06,031,"California","Kings County",1,48,1721,1051,670
050,06,031,"California","Kings County",1,49,1804,1108,696
050,06,031,"California","Kings County",1,50,1686,1035,651
050,06,031,"California","Kings County",1,51,1645,1007,638
050,06,031,"California","Kings County",1,52,1643,970,673
050,06,031,"California","Kings County",1,53,1547,876,671
050,06,031,"California","Kings County",1,54,1619,921,698
050,06,031,"California","Kings County",1,55,1659,909,750
050,06,031,"California","Kings County",1,56,1593,867,726
050,06,031,"California","Kings County",1,57,1578,855,723
050,06,031,"California","Kings County",1,58,1557,820,737
050,06,031,"California","Kings County",1,59,1506,796,710
050,06,031,"California","Kings County",1,60,1441,776,665
050,06,031,"California","Kings County",1,61,1440,790,650
050,06,031,"California","Kings County",1,62,1387,731,656
050,06,031,"California","Kings County",1,63,1282,660,622
050,06,031,"California","Kings County",1,64,1183,627,556
050,06,031,"California","Kings County",1,65,1205,659,546
050,06,031,"California","Kings County",1,66,1125,598,527
050,06,031,"California","Kings County",1,67,1074,559,515
050,06,031,"California","Kings County",1,68,1000,510,490
050,06,031,"California","Kings County",1,69,911,446,465
050,06,031,"California","Kings County",1,70,923,440,483
050,06,031,"California","Kings County",1,71,861,390,471
050,06,031,"California","Kings County",1,72,860,417,443
050,06,031,"California","Kings County",1,73,844,404,440
050,06,031,"California","Kings County",1,74,641,300,341
050,06,031,"California","Kings County",1,75,640,298,342
050,06,031,"California","Kings County",1,76,594,278,316
050,06,031,"California","Kings County",1,77,569,273,296
050,06,031,"California","Kings County",1,78,520,242,278
050,06,031,"California","Kings County",1,79,452,204,248
050,06,031,"California","Kings County",1,80,450,189,261
050,06,031,"California","Kings County",1,81,416,173,243
050,06,031,"California","Kings County",1,82,388,176,212
050,06,031,"California","Kings County",1,83,331,158,173
050,06,031,"California","Kings County",1,84,317,146,171
050,06,031,"California","Kings County",1,85,1685,658,1027
050,06,031,"California","Kings County",2,0,2185,1108,1077
050,06,031,"California","Kings County",2,1,2219,1116,1103
050,06,031,"California","Kings County",2,2,2286,1159,1127
050,06,031,"California","Kings County",2,3,2316,1195,1121
050,06,031,"California","Kings County",2,4,2304,1199,1105
050,06,031,"California","Kings County",2,5,2306,1203,1103
050,06,031,"California","Kings County",2,6,2295,1197,1098
050,06,031,"California","Kings County",2,7,2347,1185,1162
050,06,031,"California","Kings County",2,8,2342,1170,1172
050,06,031,"California","Kings County",2,9,2404,1206,1198
050,06,031,"California","Kings County",2,10,2391,1201,1190
050,06,031,"California","Kings County",2,11,2443,1233,1210
050,06,031,"California","Kings County",2,12,2546,1298,1248
050,06,031,"California","Kings County",2,13,2468,1268,1200
050,06,031,"California","Kings County",2,14,2347,1190,1157
050,06,031,"California","Kings County",2,15,2274,1169,1105
050,06,031,"California","Kings County",2,16,2170,1116,1054
050,06,031,"California","Kings County",2,17,2064,1040,1024
050,06,031,"California","Kings County",2,18,1967,1024,943
050,06,031,"California","Kings County",2,19,2020,1120,900
050,06,031,"California","Kings County",2,20,2262,1318,944
050,06,031,"California","Kings County",2,21,2305,1350,955
050,06,031,"California","Kings County",2,22,2450,1446,1004
050,06,031,"California","Kings County",2,23,2473,1432,1041
050,06,031,"California","Kings County",2,24,2505,1467,1038
050,06,031,"California","Kings County",2,25,2514,1474,1040
050,06,031,"California","Kings County",2,26,2545,1490,1055
050,06,031,"California","Kings County",2,27,2594,1527,1067
050,06,031,"California","Kings County",2,28,2660,1580,1080
050,06,031,"California","Kings County",2,29,2692,1588,1104
050,06,031,"California","Kings County",2,30,2592,1517,1075
050,06,031,"California","Kings County",2,31,2511,1475,1036
050,06,031,"California","Kings County",2,32,2472,1470,1002
050,06,031,"California","Kings County",2,33,2457,1464,993
050,06,031,"California","Kings County",2,34,2487,1489,998
050,06,031,"California","Kings County",2,35,2504,1504,1000
050,06,031,"California","Kings County",2,36,2372,1400,972
050,06,031,"California","Kings County",2,37,2380,1430,950
050,06,031,"California","Kings County",2,38,2294,1376,918
050,06,031,"California","Kings County",2,39,2248,1367,881
050,06,031,"California","Kings County",2,40,2232,1337,895
050,06,031,"California","Kings County",2,41,2059,1255,804
050,06,031,"California","Kings County",2,42,2007,1217,790
050,06,031,"California","Kings County",2,43,2010,1221,789
050,06,031,"California","Kings County",2,44,1883,1144,739
050,06,031,"California","Kings County",2,45,1885,1142,743
050,06,031,"California","Kings County",2,46,1765,1058,707
050,06,031,"California","Kings County",2,47,1781,1095,686
050,06,031,"California","Kings County",2,48,1733,1060,673
050,06,031,"California","Kings County",2,49,1790,1100,690
050,06,031,"California","Kings County",2,50,1684,1027,657
050,06,031,"California","Kings County",2,51,1649,1013,636
050,06,031,"California","Kings County",2,52,1639,976,663
050,06,031,"California","Kings County",2,53,1547,880,667
050,06,031,"California","Kings County",2,54,1604,913,691
050,06,031,"California","Kings County",2,55,1648,906,742
050,06,031,"California","Kings County",2,56,1598,865,733
050,06,031,"California","Kings County",2,57,1577,851,726
050,06,031,"California","Kings County",2,58,1560,828,732
050,06,031,"California","Kings County",2,59,1506,794,712
050,06,031,"California","Kings County",2,60,1457,780,677
050,06,031,"California","Kings County",2,61,1437,786,651
050,06,031,"California","Kings County",2,62,1381,733,648
050,06,031,"California","Kings County",2,63,1302,675,627
050,06,031,"California","Kings County",2,64,1198,629,569
050,06,031,"California","Kings County",2,65,1197,649,548
050,06,031,"California","Kings County",2,66,1138,605,533
050,06,031,"California","Kings County",2,67,1081,567,514
050,06,031,"California","Kings County",2,68,1011,517,494
050,06,031,"California","Kings County",2,69,928,458,470
050,06,031,"California","Kings County",2,70,916,437,479
050,06,031,"California","Kings County",2,71,874,401,473
050,06,031,"California","Kings County",2,72,847,402,445
050,06,031,"California","Kings County",2,73,874,420,454
050,06,031,"California","Kings County",2,74,656,307,349
050,06,031,"California","Kings County",2,75,635,297,338
050,06,031,"California","Kings County",2,76,597,279,318
050,06,031,"California","Kings County",2,77,580,276,304
050,06,031,"California","Kings County",2,78,519,243,276
050,06,031,"California","Kings County",2,79,460,208,252
050,06,031,"California","Kings County",2,80,442,188,254
050,06,031,"California","Kings County",2,81,423,177,246
050,06,031,"California","Kings County",2,82,390,174,216
050,06,031,"California","Kings County",2,83,338,160,178
050,06,031,"California","Kings County",2,84,307,141,166
050,06,031,"California","Kings County",2,85,1688,671,1017
050,06,031,"California","Kings County",3,0,2150,1065,1085
050,06,031,"California","Kings County",3,1,2195,1106,1089
050,06,031,"California","Kings County",3,2,2231,1105,1126
050,06,031,"California","Kings County",3,3,2295,1159,1136
050,06,031,"California","Kings County",3,4,2276,1167,1109
050,06,031,"California","Kings County",3,5,2323,1204,1119
050,06,031,"California","Kings County",3,6,2274,1166,1108
050,06,031,"California","Kings County",3,7,2300,1192,1108
050,06,031,"California","Kings County",3,8,2341,1169,1172
050,06,031,"California","Kings County",3,9,2321,1151,1170
050,06,031,"California","Kings County",3,10,2413,1211,1202
050,06,031,"California","Kings County",3,11,2361,1201,1160
050,06,031,"California","Kings County",3,12,2441,1217,1224
050,06,031,"California","Kings County",3,13,2509,1286,1223
050,06,031,"California","Kings County",3,14,2476,1275,1201
050,06,031,"California","Kings County",3,15,2342,1189,1153
050,06,031,"California","Kings County",3,16,2239,1141,1098
050,06,031,"California","Kings County",3,17,2128,1099,1029
050,06,031,"California","Kings County",3,18,1923,992,931
050,06,031,"California","Kings County",3,19,1996,1102,894
050,06,031,"California","Kings County",3,20,2276,1308,968
050,06,031,"California","Kings County",3,21,2357,1370,987
050,06,031,"California","Kings County",3,22,2407,1417,990
050,06,031,"California","Kings County",3,23,2477,1438,1039
050,06,031,"California","Kings County",3,24,2530,1472,1058
050,06,031,"California","Kings County",3,25,2507,1448,1059
050,06,031,"California","Kings County",3,26,2474,1454,1020
050,06,031,"California","Kings County",3,27,2505,1442,1063
050,06,031,"California","Kings County",3,28,2596,1540,1056
050,06,031,"California","Kings County",3,29,2640,1550,1090
050,06,031,"California","Kings County",3,30,2638,1512,1126
050,06,031,"California","Kings County",3,31,2598,1526,1072
050,06,031,"California","Kings County",3,32,2451,1457,994
050,06,031,"California","Kings County",3,33,2421,1435,986
050,06,031,"California","Kings County",3,34,2439,1427,1012
050,06,031,"California","Kings County",3,35,2502,1507,995
050,06,031,"California","Kings County",3,36,2436,1471,965
050,06,031,"California","Kings County",3,37,2323,1365,958
050,06,031,"California","Kings County",3,38,2373,1417,956
050,06,031,"California","Kings County",3,39,2311,1392,919
050,06,031,"California","Kings County",3,40,2202,1329,873
050,06,031,"California","Kings County",3,41,2197,1316,881
050,06,031,"California","Kings County",3,42,2003,1197,806
050,06,031,"California","Kings County",3,43,1997,1213,784
050,06,031,"California","Kings County",3,44,1890,1131,759
050,06,031,"California","Kings County",3,45,1893,1155,738
050,06,031,"California","Kings County",3,46,1845,1097,748
050,06,031,"California","Kings County",3,47,1773,1083,690
050,06,031,"California","Kings County",3,48,1721,1044,677
050,06,031,"California","Kings County",3,49,1759,1068,691
050,06,031,"California","Kings County",3,50,1669,992,677
050,06,031,"California","Kings County",3,51,1659,1018,641
050,06,031,"California","Kings County",3,52,1604,969,635
050,06,031,"California","Kings County",3,53,1552,905,647
050,06,031,"California","Kings County",3,54,1536,881,655
050,06,031,"California","Kings County",3,55,1545,866,679
050,06,031,"California","Kings County",3,56,1550,827,723
050,06,031,"California","Kings County",3,57,1560,823,737
050,06,031,"California","Kings County",3,58,1508,811,697
050,06,031,"California","Kings County",3,59,1489,782,707
050,06,031,"California","Kings County",3,60,1434,744,690
050,06,031,"California","Kings County",3,61,1424,760,664
050,06,031,"California","Kings County",3,62,1370,724,646
050,06,031,"California","Kings County",3,63,1318,693,625
050,06,031,"California","Kings County",3,64,1249,653,596
050,06,031,"California","Kings County",3,65,1180,625,555
050,06,031,"California","Kings County",3,66,1162,616,546
050,06,031,"California","Kings County",3,67,1099,586,513
050,06,031,"California","Kings County",3,68,1052,547,505
050,06,031,"California","Kings County",3,69,975,493,482
050,06,031,"California","Kings County",3,70,902,440,462
050,06,031,"California","Kings County",3,71,891,422,469
050,06,031,"California","Kings County",3,72,830,376,454
050,06,031,"California","Kings County",3,73,823,389,434
050,06,031,"California","Kings County",3,74,839,395,444
050,06,031,"California","Kings County",3,75,629,295,334
050,06,031,"California","Kings County",3,76,610,289,321
050,06,031,"California","Kings County",3,77,564,255,309
050,06,031,"California","Kings County",3,78,541,259,282
050,06,031,"California","Kings County",3,79,490,226,264
050,06,031,"California","Kings County",3,80,437,196,241
050,06,031,"California","Kings County",3,81,430,181,249
050,06,031,"California","Kings County",3,82,394,165,229
050,06,031,"California","Kings County",3,83,366,158,208
050,06,031,"California","Kings County",3,84,305,139,166
050,06,031,"California","Kings County",3,85,1714,697,1017
050,06,031,"California","Kings County",4,0,2097,1050,1047
050,06,031,"California","Kings County",4,1,2165,1068,1097
050,06,031,"California","Kings County",4,2,2202,1107,1095
050,06,031,"California","Kings County",4,3,2169,1069,1100
050,06,031,"California","Kings County",4,4,2289,1158,1131
050,06,031,"California","Kings County",4,5,2239,1134,1105
050,06,031,"California","Kings County",4,6,2274,1195,1079
050,06,031,"California","Kings County",4,7,2298,1192,1106
050,06,031,"California","Kings County",4,8,2306,1201,1105
050,06,031,"California","Kings County",4,9,2311,1155,1156
050,06,031,"California","Kings County",4,10,2293,1138,1155
050,06,031,"California","Kings County",4,11,2356,1188,1168
050,06,031,"California","Kings County",4,12,2334,1170,1164
050,06,031,"California","Kings County",4,13,2432,1226,1206
050,06,031,"California","Kings County",4,14,2487,1271,1216
050,06,031,"California","Kings County",4,15,2450,1277,1173
050,06,031,"California","Kings County",4,16,2301,1166,1135
050,06,031,"California","Kings County",4,17,2221,1131,1090
050,06,031,"California","Kings County",4,18,1996,1050,946
050,06,031,"California","Kings County",4,19,1934,1055,879
050,06,031,"California","Kings County",4,20,2221,1275,946
050,06,031,"California","Kings County",4,21,2375,1363,1012
050,06,031,"California","Kings County",4,22,2421,1439,982
050,06,031,"California","Kings County",4,23,2367,1394,973
050,06,031,"California","Kings County",4,24,2490,1452,1038
050,06,031,"California","Kings County",4,25,2545,1465,1080
050,06,031,"California","Kings County",4,26,2511,1478,1033
050,06,031,"California","Kings County",4,27,2527,1494,1033
050,06,031,"California","Kings County",4,28,2534,1502,1032
050,06,031,"California","Kings County",4,29,2574,1557,1017
050,06,031,"California","Kings County",4,30,2613,1533,1080
050,06,031,"California","Kings County",4,31,2604,1498,1106
050,06,031,"California","Kings County",4,32,2628,1558,1070
050,06,031,"California","Kings County",4,33,2371,1412,959
050,06,031,"California","Kings County",4,34,2462,1462,1000
050,06,031,"California","Kings County",4,35,2453,1467,986
050,06,031,"California","Kings County",4,36,2461,1493,968
050,06,031,"California","Kings County",4,37,2423,1486,937
050,06,031,"California","Kings County",4,38,2266,1331,935
050,06,031,"California","Kings County",4,39,2345,1423,922
050,06,031,"California","Kings County",4,40,2277,1369,908
050,06,031,"California","Kings County",4,41,2201,1334,867
050,06,031,"California","Kings County",4,42,2179,1291,888
050,06,031,"California","Kings County",4,43,1983,1210,773
050,06,031,"California","Kings County",4,44,1930,1160,770
050,06,031,"California","Kings County",4,45,1912,1161,751
050,06,031,"California","Kings County",4,46,1859,1141,718
050,06,031,"California","Kings County",4,47,1872,1145,727
050,06,031,"California","Kings County",4,48,1755,1071,684
050,06,031,"California","Kings County",4,49,1737,1065,672
050,06,031,"California","Kings County",4,50,1653,977,676
050,06,031,"California","Kings County",4,51,1653,993,660
050,06,031,"California","Kings County",4,52,1634,1001,633
050,06,031,"California","Kings County",4,53,1520,907,613
050,06,031,"California","Kings County",4,54,1566,919,647
050,06,031,"California","Kings County",4,55,1501,857,644
050,06,031,"California","Kings County",4,56,1460,808,652
050,06,031,"California","Kings County",4,57,1518,803,715
050,06,031,"California","Kings County",4,58,1532,813,719
050,06,031,"California","Kings County",4,59,1476,793,683
050,06,031,"California","Kings County",4,60,1429,745,684
050,06,031,"California","Kings County",4,61,1412,738,674
050,06,031,"California","Kings County",4,62,1356,707,649
050,06,031,"California","Kings County",4,63,1326,685,641
050,06,031,"California","Kings County",4,64,1293,681,612
050,06,031,"California","Kings County",4,65,1217,644,573
050,06,031,"California","Kings County",4,66,1171,616,555
050,06,031,"California","Kings County",4,67,1137,597,540
050,06,031,"California","Kings County",4,68,1054,555,499
050,06,031,"California","Kings County",4,69,1017,521,496
050,06,031,"California","Kings County",4,70,943,474,469
050,06,031,"California","Kings County",4,71,883,438,445
050,06,031,"California","Kings County",4,72,852,401,451
050,06,031,"California","Kings County",4,73,807,368,439
050,06,031,"California","Kings County",4,74,791,373,418
050,06,031,"California","Kings County",4,75,796,368,428
050,06,031,"California","Kings County",4,76,596,278,318
050,06,031,"California","Kings County",4,77,586,275,311
050,06,031,"California","Kings County",4,78,551,247,304
050,06,031,"California","Kings County",4,79,502,241,261
050,06,031,"California","Kings County",4,80,463,215,248
050,06,031,"California","Kings County",4,81,410,179,231
050,06,031,"California","Kings County",4,82,383,167,216
050,06,031,"California","Kings County",4,83,374,148,226
050,06,031,"California","Kings County",4,84,331,138,193
050,06,031,"California","Kings County",4,85,1744,715,1029
050,06,031,"California","Kings County",5,0,2060,1036,1024
050,06,031,"California","Kings County",5,1,2098,1083,1015
050,06,031,"California","Kings County",5,2,2091,1031,1060
050,06,031,"California","Kings County",5,3,2158,1083,1075
050,06,031,"California","Kings County",5,4,2173,1067,1106
050,06,031,"California","Kings County",5,5,2278,1149,1129
050,06,031,"California","Kings County",5,6,2205,1118,1087
050,06,031,"California","Kings County",5,7,2252,1200,1052
050,06,031,"California","Kings County",5,8,2276,1189,1087
050,06,031,"California","Kings County",5,9,2293,1187,1106
050,06,031,"California","Kings County",5,10,2276,1129,1147
050,06,031,"California","Kings County",5,11,2291,1127,1164
050,06,031,"California","Kings County",5,12,2342,1185,1157
050,06,031,"California","Kings County",5,13,2338,1184,1154
050,06,031,"California","Kings County",5,14,2422,1226,1196
050,06,031,"California","Kings County",5,15,2459,1266,1193
050,06,031,"California","Kings County",5,16,2428,1275,1153
050,06,031,"California","Kings County",5,17,2281,1151,1130
050,06,031,"California","Kings County",5,18,2056,1082,974
050,06,031,"California","Kings County",5,19,2024,1119,905
050,06,031,"California","Kings County",5,20,2150,1230,920
050,06,031,"California","Kings County",5,21,2263,1313,950
050,06,031,"California","Kings County",5,22,2437,1412,1025
050,06,031,"California","Kings County",5,23,2453,1446,1007
050,06,031,"California","Kings County",5,24,2398,1409,989
050,06,031,"California","Kings County",5,25,2482,1461,1021
050,06,031,"California","Kings County",5,26,2526,1459,1067
050,06,031,"California","Kings County",5,27,2501,1478,1023
050,06,031,"California","Kings County",5,28,2529,1529,1000
050,06,031,"California","Kings County",5,29,2547,1507,1040
050,06,031,"California","Kings County",5,30,2503,1477,1026
050,06,031,"California","Kings County",5,31,2625,1557,1068
050,06,031,"California","Kings County",5,32,2538,1460,1078
050,06,031,"California","Kings County",5,33,2532,1502,1030
050,06,031,"California","Kings County",5,34,2329,1383,946
050,06,031,"California","Kings County",5,35,2477,1489,988
050,06,031,"California","Kings County",5,36,2364,1417,947
050,06,031,"California","Kings County",5,37,2448,1475,973
050,06,031,"California","Kings County",5,38,2356,1432,924
050,06,031,"California","Kings County",5,39,2314,1385,929
050,06,031,"California","Kings County",5,40,2283,1386,897
050,06,031,"California","Kings County",5,41,2239,1347,892
050,06,031,"California","Kings County",5,42,2163,1300,863
050,06,031,"California","Kings County",5,43,2152,1299,853
050,06,031,"California","Kings County",5,44,1912,1170,742
050,06,031,"California","Kings County",5,45,1924,1157,767
050,06,031,"California","Kings County",5,46,1870,1120,750
050,06,031,"California","Kings County",5,47,1877,1170,707
050,06,031,"California","Kings County",5,48,1812,1114,698
050,06,031,"California","Kings County",5,49,1748,1058,690
050,06,031,"California","Kings County",5,50,1618,965,653
050,06,031,"California","Kings County",5,51,1626,964,662
050,06,031,"California","Kings County",5,52,1600,949,651
050,06,031,"California","Kings County",5,53,1524,913,611
050,06,031,"California","Kings County",5,54,1536,918,618
050,06,031,"California","Kings County",5,55,1512,878,634
050,06,031,"California","Kings County",5,56,1437,811,626
050,06,031,"California","Kings County",5,57,1426,776,650
050,06,031,"California","Kings County",5,58,1500,792,708
050,06,031,"California","Kings County",5,59,1487,787,700
050,06,031,"California","Kings County",5,60,1432,753,679
050,06,031,"California","Kings County",5,61,1424,740,684
050,06,031,"California","Kings County",5,62,1369,700,669
050,06,031,"California","Kings County",5,63,1320,673,647
050,06,031,"California","Kings County",5,64,1287,668,619
050,06,031,"California","Kings County",5,65,1276,672,604
050,06,031,"California","Kings County",5,66,1186,628,558
050,06,031,"California","Kings County",5,67,1143,604,539
050,06,031,"California","Kings County",5,68,1095,568,527
050,06,031,"California","Kings County",5,69,1009,529,480
050,06,031,"California","Kings County",5,70,986,504,482
050,06,031,"California","Kings County",5,71,925,462,463
050,06,031,"California","Kings County",5,72,852,423,429
050,06,031,"California","Kings County",5,73,842,400,442
050,06,031,"California","Kings County",5,74,765,349,416
050,06,031,"California","Kings County",5,75,757,353,404
050,06,031,"California","Kings County",5,76,762,351,411
050,06,031,"California","Kings County",5,77,578,266,312
050,06,031,"California","Kings County",5,78,564,266,298
050,06,031,"California","Kings County",5,79,515,232,283
050,06,031,"California","Kings County",5,80,477,231,246
050,06,031,"California","Kings County",5,81,437,197,240
050,06,031,"California","Kings County",5,82,376,174,202
050,06,031,"California","Kings County",5,83,361,151,210
050,06,031,"California","Kings County",5,84,339,127,212
050,06,031,"California","Kings County",5,85,1786,731,1055
050,06,033,"California","Lake County",1,0,760,386,374
050,06,033,"California","Lake County",1,1,805,400,405
050,06,033,"California","Lake County",1,2,840,439,401
050,06,033,"California","Lake County",1,3,856,443,413
050,06,033,"California","Lake County",1,4,808,400,408
050,06,033,"California","Lake County",1,5,831,415,416
050,06,033,"California","Lake County",1,6,841,413,428
050,06,033,"California","Lake County",1,7,815,408,407
050,06,033,"California","Lake County",1,8,798,421,377
050,06,033,"California","Lake County",1,9,834,432,402
050,06,033,"California","Lake County",1,10,820,389,431
050,06,033,"California","Lake County",1,11,845,438,407
050,06,033,"California","Lake County",1,12,862,445,417
050,06,033,"California","Lake County",1,13,875,461,414
050,06,033,"California","Lake County",1,14,834,438,396
050,06,033,"California","Lake County",1,15,777,415,362
050,06,033,"California","Lake County",1,16,782,398,384
050,06,033,"California","Lake County",1,17,817,422,395
050,06,033,"California","Lake County",1,18,680,368,312
050,06,033,"California","Lake County",1,19,567,302,265
050,06,033,"California","Lake County",1,20,606,321,285
050,06,033,"California","Lake County",1,21,589,300,289
050,06,033,"California","Lake County",1,22,613,318,295
050,06,033,"California","Lake County",1,23,637,341,296
050,06,033,"California","Lake County",1,24,662,359,303
050,06,033,"California","Lake County",1,25,707,382,325
050,06,033,"California","Lake County",1,26,676,361,315
050,06,033,"California","Lake County",1,27,693,348,345
050,06,033,"California","Lake County",1,28,751,385,366
050,06,033,"California","Lake County",1,29,809,417,392
050,06,033,"California","Lake County",1,30,800,399,401
050,06,033,"California","Lake County",1,31,809,442,367
050,06,033,"California","Lake County",1,32,787,392,395
050,06,033,"California","Lake County",1,33,782,388,394
050,06,033,"California","Lake County",1,34,804,414,390
050,06,033,"California","Lake County",1,35,783,396,387
050,06,033,"California","Lake County",1,36,756,384,372
050,06,033,"California","Lake County",1,37,788,428,360
050,06,033,"California","Lake County",1,38,790,418,372
050,06,033,"California","Lake County",1,39,797,402,395
050,06,033,"California","Lake County",1,40,747,382,365
050,06,033,"California","Lake County",1,41,709,374,335
050,06,033,"California","Lake County",1,42,744,403,341
050,06,033,"California","Lake County",1,43,711,350,361
050,06,033,"California","Lake County",1,44,677,329,348
050,06,033,"California","Lake County",1,45,658,334,324
050,06,033,"California","Lake County",1,46,662,337,325
050,06,033,"California","Lake County",1,47,683,349,334
050,06,033,"California","Lake County",1,48,703,329,374
050,06,033,"California","Lake County",1,49,838,392,446
050,06,033,"California","Lake County",1,50,855,408,447
050,06,033,"California","Lake County",1,51,797,378,419
050,06,033,"California","Lake County",1,52,743,362,381
050,06,033,"California","Lake County",1,53,834,430,404
050,06,033,"California","Lake County",1,54,922,477,445
050,06,033,"California","Lake County",1,55,952,438,514
050,06,033,"California","Lake County",1,56,973,486,487
050,06,033,"California","Lake County",1,57,966,479,487
050,06,033,"California","Lake County",1,58,1009,465,544
050,06,033,"California","Lake County",1,59,1045,520,525
050,06,033,"California","Lake County",1,60,1101,536,565
050,06,033,"California","Lake County",1,61,1075,519,556
050,06,033,"California","Lake County",1,62,1188,585,603
050,06,033,"California","Lake County",1,63,1177,570,607
050,06,033,"California","Lake County",1,64,1075,513,562
050,06,033,"California","Lake County",1,65,1070,499,571
050,06,033,"California","Lake County",1,66,1038,512,526
050,06,033,"California","Lake County",1,67,1104,519,585
050,06,033,"California","Lake County",1,68,1056,514,542
050,06,033,"California","Lake County",1,69,970,482,488
050,06,033,"California","Lake County",1,70,947,505,442
050,06,033,"California","Lake County",1,71,925,479,446
050,06,033,"California","Lake County",1,72,954,502,452
050,06,033,"California","Lake County",1,73,975,489,486
050,06,033,"California","Lake County",1,74,671,338,333
050,06,033,"California","Lake County",1,75,663,311,352
050,06,033,"California","Lake County",1,76,613,294,319
050,06,033,"California","Lake County",1,77,631,320,311
050,06,033,"California","Lake County",1,78,511,252,259
050,06,033,"California","Lake County",1,79,434,203,231
050,06,033,"California","Lake County",1,80,411,201,210
050,06,033,"California","Lake County",1,81,376,186,190
050,06,033,"California","Lake County",1,82,339,159,180
050,06,033,"California","Lake County",1,83,292,136,156
050,06,033,"California","Lake County",1,84,252,126,126
050,06,033,"California","Lake County",1,85,1398,592,806
050,06,033,"California","Lake County",2,0,750,388,362
050,06,033,"California","Lake County",2,1,801,400,401
050,06,033,"California","Lake County",2,2,832,429,403
050,06,033,"California","Lake County",2,3,852,440,412
050,06,033,"California","Lake County",2,4,829,413,416
050,06,033,"California","Lake County",2,5,827,414,413
050,06,033,"California","Lake County",2,6,843,417,426
050,06,033,"California","Lake County",2,7,820,408,412
050,06,033,"California","Lake County",2,8,804,417,387
050,06,033,"California","Lake County",2,9,824,426,398
050,06,033,"California","Lake County",2,10,825,400,425
050,06,033,"California","Lake County",2,11,834,424,410
050,06,033,"California","Lake County",2,12,869,449,420
050,06,033,"California","Lake County",2,13,877,460,417
050,06,033,"California","Lake County",2,14,845,446,399
050,06,033,"California","Lake County",2,15,793,420,373
050,06,033,"California","Lake County",2,16,786,405,381
050,06,033,"California","Lake County",2,17,805,415,390
050,06,033,"California","Lake County",2,18,682,368,314
050,06,033,"California","Lake County",2,19,571,306,265
050,06,033,"California","Lake County",2,20,605,319,286
050,06,033,"California","Lake County",2,21,596,302,294
050,06,033,"California","Lake County",2,22,610,313,297
050,06,033,"California","Lake County",2,23,634,337,297
050,06,033,"California","Lake County",2,24,663,359,304
050,06,033,"California","Lake County",2,25,693,376,317
050,06,033,"California","Lake County",2,26,683,365,318
050,06,033,"California","Lake County",2,27,690,350,340
050,06,033,"California","Lake County",2,28,740,377,363
050,06,033,"California","Lake County",2,29,802,412,390
050,06,033,"California","Lake County",2,30,805,405,400
050,06,033,"California","Lake County",2,31,809,432,377
050,06,033,"California","Lake County",2,32,793,405,388
050,06,033,"California","Lake County",2,33,786,390,396
050,06,033,"California","Lake County",2,34,798,408,390
050,06,033,"California","Lake County",2,35,792,402,390
050,06,033,"California","Lake County",2,36,760,386,374
050,06,033,"California","Lake County",2,37,782,418,364
050,06,033,"California","Lake County",2,38,797,425,372
050,06,033,"California","Lake County",2,39,797,405,392
050,06,033,"California","Lake County",2,40,768,391,377
050,06,033,"California","Lake County",2,41,721,378,343
050,06,033,"California","Lake County",2,42,736,396,340
050,06,033,"California","Lake County",2,43,720,361,359
050,06,033,"California","Lake County",2,44,676,327,349
050,06,033,"California","Lake County",2,45,668,334,334
050,06,033,"California","Lake County",2,46,662,335,327
050,06,033,"California","Lake County",2,47,677,346,331
050,06,033,"California","Lake County",2,48,698,335,363
050,06,033,"California","Lake County",2,49,809,377,432
050,06,033,"California","Lake County",2,50,850,401,449
050,06,033,"California","Lake County",2,51,810,385,425
050,06,033,"California","Lake County",2,52,754,366,388
050,06,033,"California","Lake County",2,53,810,412,398
050,06,033,"California","Lake County",2,54,895,463,432
050,06,033,"California","Lake County",2,55,949,451,498
050,06,033,"California","Lake County",2,56,969,476,493
050,06,033,"California","Lake County",2,57,970,483,487
050,06,033,"California","Lake County",2,58,997,465,532
050,06,033,"California","Lake County",2,59,1037,506,531
050,06,033,"California","Lake County",2,60,1088,535,553
050,06,033,"California","Lake County",2,61,1081,523,558
050,06,033,"California","Lake County",2,62,1153,563,590
050,06,033,"California","Lake County",2,63,1186,577,609
050,06,033,"California","Lake County",2,64,1093,525,568
050,06,033,"California","Lake County",2,65,1071,504,567
050,06,033,"California","Lake County",2,66,1047,511,536
050,06,033,"California","Lake County",2,67,1085,519,566
050,06,033,"California","Lake County",2,68,1058,510,548
050,06,033,"California","Lake County",2,69,989,492,497
050,06,033,"California","Lake County",2,70,941,492,449
050,06,033,"California","Lake County",2,71,926,484,442
050,06,033,"California","Lake County",2,72,927,488,439
050,06,033,"California","Lake County",2,73,1012,514,498
050,06,033,"California","Lake County",2,74,695,349,346
050,06,033,"California","Lake County",2,75,659,314,345
050,06,033,"California","Lake County",2,76,615,294,321
050,06,033,"California","Lake County",2,77,633,312,321
050,06,033,"California","Lake County",2,78,521,259,262
050,06,033,"California","Lake County",2,79,444,210,234
050,06,033,"California","Lake County",2,80,411,197,214
050,06,033,"California","Lake County",2,81,381,189,192
050,06,033,"California","Lake County",2,82,342,164,178
050,06,033,"California","Lake County",2,83,296,139,157
050,06,033,"California","Lake County",2,84,252,125,127
050,06,033,"California","Lake County",2,85,1413,603,810
050,06,033,"California","Lake County",3,0,681,359,322
050,06,033,"California","Lake County",3,1,777,389,388
050,06,033,"California","Lake County",3,2,818,412,406
050,06,033,"California","Lake County",3,3,856,437,419
050,06,033,"California","Lake County",3,4,875,440,435
050,06,033,"California","Lake County",3,5,849,428,421
050,06,033,"California","Lake County",3,6,848,413,435
050,06,033,"California","Lake County",3,7,870,427,443
050,06,033,"California","Lake County",3,8,843,424,419
050,06,033,"California","Lake County",3,9,824,420,404
050,06,033,"California","Lake County",3,10,841,427,414
050,06,033,"California","Lake County",3,11,844,418,426
050,06,033,"California","Lake County",3,12,860,436,424
050,06,033,"California","Lake County",3,13,875,450,425
050,06,033,"California","Lake County",3,14,875,462,413
050,06,033,"California","Lake County",3,15,858,445,413
050,06,033,"California","Lake County",3,16,812,433,379
050,06,033,"California","Lake County",3,17,793,413,380
050,06,033,"California","Lake County",3,18,705,364,341
050,06,033,"California","Lake County",3,19,577,308,269
050,06,033,"California","Lake County",3,20,585,311,274
050,06,033,"California","Lake County",3,21,627,322,305
050,06,033,"California","Lake County",3,22,611,309,302
050,06,033,"California","Lake County",3,23,645,332,313
050,06,033,"California","Lake County",3,24,667,358,309
050,06,033,"California","Lake County",3,25,649,341,308
050,06,033,"California","Lake County",3,26,685,371,314
050,06,033,"California","Lake County",3,27,687,372,315
050,06,033,"California","Lake County",3,28,713,355,358
050,06,033,"California","Lake County",3,29,766,376,390
050,06,033,"California","Lake County",3,30,844,430,414
050,06,033,"California","Lake County",3,31,841,416,425
050,06,033,"California","Lake County",3,32,831,443,388
050,06,033,"California","Lake County",3,33,812,407,405
050,06,033,"California","Lake County",3,34,823,405,418
050,06,033,"California","Lake County",3,35,839,418,421
050,06,033,"California","Lake County",3,36,813,414,399
050,06,033,"California","Lake County",3,37,796,412,384
050,06,033,"California","Lake County",3,38,813,436,377
050,06,033,"California","Lake County",3,39,841,449,392
050,06,033,"California","Lake County",3,40,823,423,400
050,06,033,"California","Lake County",3,41,768,370,398
050,06,033,"California","Lake County",3,42,736,386,350
050,06,033,"California","Lake County",3,43,751,401,350
050,06,033,"California","Lake County",3,44,732,364,368
050,06,033,"California","Lake County",3,45,676,332,344
050,06,033,"California","Lake County",3,46,682,341,341
050,06,033,"California","Lake County",3,47,652,331,321
050,06,033,"California","Lake County",3,48,696,362,334
050,06,033,"California","Lake County",3,49,705,334,371
050,06,033,"California","Lake County",3,50,818,383,435
050,06,033,"California","Lake County",3,51,849,386,463
050,06,033,"California","Lake County",3,52,808,384,424
050,06,033,"California","Lake County",3,53,732,358,374
050,06,033,"California","Lake County",3,54,809,414,395
050,06,033,"California","Lake County",3,55,885,450,435
050,06,033,"California","Lake County",3,56,954,453,501
050,06,033,"California","Lake County",3,57,967,480,487
050,06,033,"California","Lake County",3,58,944,460,484
050,06,033,"California","Lake County",3,59,1012,471,541
050,06,033,"California","Lake County",3,60,1051,516,535
050,06,033,"California","Lake County",3,61,1083,526,557
050,06,033,"California","Lake County",3,62,1023,496,527
050,06,033,"California","Lake County",3,63,1145,561,584
050,06,033,"California","Lake County",3,64,1155,564,591
050,06,033,"California","Lake County",3,65,1053,503,550
050,06,033,"California","Lake County",3,66,1060,503,557
050,06,033,"California","Lake County",3,67,1024,503,521
050,06,033,"California","Lake County",3,68,1044,489,555
050,06,033,"California","Lake County",3,69,1026,496,530
050,06,033,"California","Lake County",3,70,969,494,475
050,06,033,"California","Lake County",3,71,904,475,429
050,06,033,"California","Lake County",3,72,898,476,422
050,06,033,"California","Lake County",3,73,901,469,432
050,06,033,"California","Lake County",3,74,1002,510,492
050,06,033,"California","Lake County",3,75,677,347,330
050,06,033,"California","Lake County",3,76,620,297,323
050,06,033,"California","Lake County",3,77,568,269,299
050,06,033,"California","Lake County",3,78,605,297,308
050,06,033,"California","Lake County",3,79,503,248,255
050,06,033,"California","Lake County",3,80,410,188,222
050,06,033,"California","Lake County",3,81,380,179,201
050,06,033,"California","Lake County",3,82,335,166,169
050,06,033,"California","Lake County",3,83,323,157,166
050,06,033,"California","Lake County",3,84,271,125,146
050,06,033,"California","Lake County",3,85,1447,632,815
050,06,033,"California","Lake County",4,0,688,345,343
050,06,033,"California","Lake County",4,1,704,379,325
050,06,033,"California","Lake County",4,2,777,392,385
050,06,033,"California","Lake County",4,3,830,425,405
050,06,033,"California","Lake County",4,4,851,431,420
050,06,033,"California","Lake County",4,5,865,437,428
050,06,033,"California","Lake County",4,6,873,451,422
050,06,033,"California","Lake County",4,7,840,408,432
050,06,033,"California","Lake County",4,8,880,431,449
050,06,033,"California","Lake County",4,9,856,423,433
050,06,033,"California","Lake County",4,10,828,430,398
050,06,033,"California","Lake County",4,11,837,427,410
050,06,033,"California","Lake County",4,12,850,424,426
050,06,033,"California","Lake County",4,13,865,439,426
050,06,033,"California","Lake County",4,14,902,473,429
050,06,033,"California","Lake County",4,15,871,461,410
050,06,033,"California","Lake County",4,16,861,454,407
050,06,033,"California","Lake County",4,17,803,433,370
050,06,033,"California","Lake County",4,18,713,380,333
050,06,033,"California","Lake County",4,19,581,297,284
050,06,033,"California","Lake County",4,20,583,314,269
050,06,033,"California","Lake County",4,21,560,296,264
050,06,033,"California","Lake County",4,22,619,311,308
050,06,033,"California","Lake County",4,23,614,307,307
050,06,033,"California","Lake County",4,24,638,329,309
050,06,033,"California","Lake County",4,25,661,332,329
050,06,033,"California","Lake County",4,26,663,341,322
050,06,033,"California","Lake County",4,27,684,367,317
050,06,033,"California","Lake County",4,28,683,361,322
050,06,033,"California","Lake County",4,29,724,360,364
050,06,033,"California","Lake County",4,30,769,375,394
050,06,033,"California","Lake County",4,31,864,447,417
050,06,033,"California","Lake County",4,32,860,429,431
050,06,033,"California","Lake County",4,33,823,442,381
050,06,033,"California","Lake County",4,34,811,410,401
050,06,033,"California","Lake County",4,35,819,393,426
050,06,033,"California","Lake County",4,36,847,426,421
050,06,033,"California","Lake County",4,37,829,418,411
050,06,033,"California","Lake County",4,38,795,409,386
050,06,033,"California","Lake County",4,39,829,453,376
050,06,033,"California","Lake County",4,40,865,466,399
050,06,033,"California","Lake County",4,41,818,421,397
050,06,033,"California","Lake County",4,42,777,369,408
050,06,033,"California","Lake County",4,43,720,385,335
050,06,033,"California","Lake County",4,44,740,388,352
050,06,033,"California","Lake County",4,45,732,369,363
050,06,033,"California","Lake County",4,46,662,320,342
050,06,033,"California","Lake County",4,47,711,356,355
050,06,033,"California","Lake County",4,48,648,333,315
050,06,033,"California","Lake County",4,49,692,355,337
050,06,033,"California","Lake County",4,50,702,330,372
050,06,033,"California","Lake County",4,51,797,372,425
050,06,033,"California","Lake County",4,52,832,371,461
050,06,033,"California","Lake County",4,53,789,377,412
050,06,033,"California","Lake County",4,54,723,352,371
050,06,033,"California","Lake County",4,55,826,417,409
050,06,033,"California","Lake County",4,56,866,452,414
050,06,033,"California","Lake County",4,57,947,437,510
050,06,033,"California","Lake County",4,58,933,461,472
050,06,033,"California","Lake County",4,59,945,469,476
050,06,033,"California","Lake County",4,60,983,466,517
050,06,033,"California","Lake County",4,61,1035,505,530
050,06,033,"California","Lake County",4,62,1049,503,546
050,06,033,"California","Lake County",4,63,1001,489,512
050,06,033,"California","Lake County",4,64,1103,534,569
050,06,033,"California","Lake County",4,65,1109,532,577
050,06,033,"California","Lake County",4,66,1040,502,538
050,06,033,"California","Lake County",4,67,1039,491,548
050,06,033,"California","Lake County",4,68,988,485,503
050,06,033,"California","Lake County",4,69,1029,488,541
050,06,033,"California","Lake County",4,70,997,486,511
050,06,033,"California","Lake County",4,71,947,479,468
050,06,033,"California","Lake County",4,72,870,456,414
050,06,033,"California","Lake County",4,73,869,455,414
050,06,033,"California","Lake County",4,74,861,440,421
050,06,033,"California","Lake County",4,75,965,489,476
050,06,033,"California","Lake County",4,76,652,339,313
050,06,033,"California","Lake County",4,77,577,274,303
050,06,033,"California","Lake County",4,78,529,239,290
050,06,033,"California","Lake County",4,79,553,271,282
050,06,033,"California","Lake County",4,80,447,218,229
050,06,033,"California","Lake County",4,81,399,183,216
050,06,033,"California","Lake County",4,82,342,159,183
050,06,033,"California","Lake County",4,83,322,162,160
050,06,033,"California","Lake County",4,84,291,139,152
050,06,033,"California","Lake County",4,85,1500,662,838
050,06,033,"California","Lake County",5,0,689,345,344
050,06,033,"California","Lake County",5,1,696,348,348
050,06,033,"California","Lake County",5,2,709,372,337
050,06,033,"California","Lake County",5,3,795,402,393
050,06,033,"California","Lake County",5,4,807,421,386
050,06,033,"California","Lake County",5,5,861,432,429
050,06,033,"California","Lake County",5,6,883,461,422
050,06,033,"California","Lake County",5,7,888,445,443
050,06,033,"California","Lake County",5,8,845,420,425
050,06,033,"California","Lake County",5,9,893,444,449
050,06,033,"California","Lake County",5,10,865,431,434
050,06,033,"California","Lake County",5,11,817,426,391
050,06,033,"California","Lake County",5,12,842,425,417
050,06,033,"California","Lake County",5,13,855,427,428
050,06,033,"California","Lake County",5,14,846,428,418
050,06,033,"California","Lake County",5,15,870,453,417
050,06,033,"California","Lake County",5,16,871,464,407
050,06,033,"California","Lake County",5,17,868,457,411
050,06,033,"California","Lake County",5,18,714,388,326
050,06,033,"California","Lake County",5,19,599,322,277
050,06,033,"California","Lake County",5,20,603,293,310
050,06,033,"California","Lake County",5,21,585,311,274
050,06,033,"California","Lake County",5,22,570,302,268
050,06,033,"California","Lake County",5,23,642,328,314
050,06,033,"California","Lake County",5,24,599,311,288
050,06,033,"California","Lake County",5,25,643,336,307
050,06,033,"California","Lake County",5,26,678,344,334
050,06,033,"California","Lake County",5,27,664,344,320
050,06,033,"California","Lake County",5,28,687,369,318
050,06,033,"California","Lake County",5,29,718,375,343
050,06,033,"California","Lake County",5,30,702,353,349
050,06,033,"California","Lake County",5,31,746,363,383
050,06,033,"California","Lake County",5,32,879,439,440
050,06,033,"California","Lake County",5,33,868,434,434
050,06,033,"California","Lake County",5,34,824,445,379
050,06,033,"California","Lake County",5,35,780,392,388
050,06,033,"California","Lake County",5,36,813,397,416
050,06,033,"California","Lake County",5,37,841,416,425
050,06,033,"California","Lake County",5,38,845,439,406
050,06,033,"California","Lake County",5,39,795,410,385
050,06,033,"California","Lake County",5,40,863,468,395
050,06,033,"California","Lake County",5,41,853,460,393
050,06,033,"California","Lake County",5,42,819,418,401
050,06,033,"California","Lake County",5,43,777,363,414
050,06,033,"California","Lake County",5,44,705,380,325
050,06,033,"California","Lake County",5,45,731,380,351
050,06,033,"California","Lake County",5,46,725,372,353
050,06,033,"California","Lake County",5,47,686,339,347
050,06,033,"California","Lake County",5,48,709,343,366
050,06,033,"California","Lake County",5,49,636,321,315
050,06,033,"California","Lake County",5,50,701,357,344
050,06,033,"California","Lake County",5,51,698,321,377
050,06,033,"California","Lake County",5,52,773,359,414
050,06,033,"California","Lake County",5,53,835,384,451
050,06,033,"California","Lake County",5,54,797,380,417
050,06,033,"California","Lake County",5,55,712,340,372
050,06,033,"California","Lake County",5,56,809,408,401
050,06,033,"California","Lake County",5,57,875,454,421
050,06,033,"California","Lake County",5,58,931,424,507
050,06,033,"California","Lake County",5,59,922,450,472
050,06,033,"California","Lake County",5,60,928,455,473
050,06,033,"California","Lake County",5,61,970,472,498
050,06,033,"California","Lake County",5,62,1014,495,519
050,06,033,"California","Lake County",5,63,1049,510,539
050,06,033,"California","Lake County",5,64,995,478,517
050,06,033,"California","Lake County",5,65,1075,524,551
050,06,033,"California","Lake County",5,66,1106,536,570
050,06,033,"California","Lake County",5,67,1024,496,528
050,06,033,"California","Lake County",5,68,1020,477,543
050,06,033,"California","Lake County",5,69,962,471,491
050,06,033,"California","Lake County",5,70,1016,482,534
050,06,033,"California","Lake County",5,71,973,466,507
050,06,033,"California","Lake County",5,72,920,464,456
050,06,033,"California","Lake County",5,73,852,441,411
050,06,033,"California","Lake County",5,74,831,434,397
050,06,033,"California","Lake County",5,75,814,415,399
050,06,033,"California","Lake County",5,76,926,472,454
050,06,033,"California","Lake County",5,77,623,324,299
050,06,033,"California","Lake County",5,78,545,252,293
050,06,033,"California","Lake County",5,79,494,228,266
050,06,033,"California","Lake County",5,80,516,250,266
050,06,033,"California","Lake County",5,81,440,213,227
050,06,033,"California","Lake County",5,82,363,162,201
050,06,033,"California","Lake County",5,83,316,151,165
050,06,033,"California","Lake County",5,84,297,151,146
050,06,033,"California","Lake County",5,85,1557,703,854
050,06,035,"California","Lassen County",1,0,301,153,148
050,06,035,"California","Lassen County",1,1,306,163,143
050,06,035,"California","Lassen County",1,2,313,162,151
050,06,035,"California","Lassen County",1,3,316,159,157
050,06,035,"California","Lassen County",1,4,311,168,143
050,06,035,"California","Lassen County",1,5,337,182,155
050,06,035,"California","Lassen County",1,6,340,169,171
050,06,035,"California","Lassen County",1,7,298,149,149
050,06,035,"California","Lassen County",1,8,293,124,169
050,06,035,"California","Lassen County",1,9,305,157,148
050,06,035,"California","Lassen County",1,10,332,170,162
050,06,035,"California","Lassen County",1,11,320,149,171
050,06,035,"California","Lassen County",1,12,313,153,160
050,06,035,"California","Lassen County",1,13,307,166,141
050,06,035,"California","Lassen County",1,14,312,175,137
050,06,035,"California","Lassen County",1,15,320,161,159
050,06,035,"California","Lassen County",1,16,303,150,153
050,06,035,"California","Lassen County",1,17,319,171,148
050,06,035,"California","Lassen County",1,18,263,156,107
050,06,035,"California","Lassen County",1,19,319,231,88
050,06,035,"California","Lassen County",1,20,424,312,112
050,06,035,"California","Lassen County",1,21,458,362,96
050,06,035,"California","Lassen County",1,22,495,384,111
050,06,035,"California","Lassen County",1,23,532,404,128
050,06,035,"California","Lassen County",1,24,588,452,136
050,06,035,"California","Lassen County",1,25,610,483,127
050,06,035,"California","Lassen County",1,26,624,477,147
050,06,035,"California","Lassen County",1,27,643,508,135
050,06,035,"California","Lassen County",1,28,648,486,162
050,06,035,"California","Lassen County",1,29,720,567,153
050,06,035,"California","Lassen County",1,30,629,473,156
050,06,035,"California","Lassen County",1,31,690,533,157
050,06,035,"California","Lassen County",1,32,602,455,147
050,06,035,"California","Lassen County",1,33,599,448,151
050,06,035,"California","Lassen County",1,34,546,401,145
050,06,035,"California","Lassen County",1,35,550,405,145
050,06,035,"California","Lassen County",1,36,560,407,153
050,06,035,"California","Lassen County",1,37,552,402,150
050,06,035,"California","Lassen County",1,38,563,419,144
050,06,035,"California","Lassen County",1,39,509,380,129
050,06,035,"California","Lassen County",1,40,488,354,134
050,06,035,"California","Lassen County",1,41,475,349,126
050,06,035,"California","Lassen County",1,42,439,309,130
050,06,035,"California","Lassen County",1,43,466,339,127
050,06,035,"California","Lassen County",1,44,480,357,123
050,06,035,"California","Lassen County",1,45,455,327,128
050,06,035,"California","Lassen County",1,46,445,317,128
050,06,035,"California","Lassen County",1,47,424,289,135
050,06,035,"California","Lassen County",1,48,453,304,149
050,06,035,"California","Lassen County",1,49,436,287,149
050,06,035,"California","Lassen County",1,50,404,256,148
050,06,035,"California","Lassen County",1,51,399,272,127
050,06,035,"California","Lassen County",1,52,357,232,125
050,06,035,"California","Lassen County",1,53,374,232,142
050,06,035,"California","Lassen County",1,54,373,223,150
050,06,035,"California","Lassen County",1,55,371,216,155
050,06,035,"California","Lassen County",1,56,376,209,167
050,06,035,"California","Lassen County",1,57,372,213,159
050,06,035,"California","Lassen County",1,58,373,218,155
050,06,035,"California","Lassen County",1,59,353,194,159
050,06,035,"California","Lassen County",1,60,397,213,184
050,06,035,"California","Lassen County",1,61,372,198,174
050,06,035,"California","Lassen County",1,62,384,202,182
050,06,035,"California","Lassen County",1,63,344,177,167
050,06,035,"California","Lassen County",1,64,324,156,168
050,06,035,"California","Lassen County",1,65,342,169,173
050,06,035,"California","Lassen County",1,66,349,168,181
050,06,035,"California","Lassen County",1,67,364,188,176
050,06,035,"California","Lassen County",1,68,333,173,160
050,06,035,"California","Lassen County",1,69,310,163,147
050,06,035,"California","Lassen County",1,70,276,146,130
050,06,035,"California","Lassen County",1,71,285,146,139
050,06,035,"California","Lassen County",1,72,310,155,155
050,06,035,"California","Lassen County",1,73,299,141,158
050,06,035,"California","Lassen County",1,74,200,99,101
050,06,035,"California","Lassen County",1,75,176,90,86
050,06,035,"California","Lassen County",1,76,178,96,82
050,06,035,"California","Lassen County",1,77,178,91,87
050,06,035,"California","Lassen County",1,78,151,78,73
050,06,035,"California","Lassen County",1,79,121,57,64
050,06,035,"California","Lassen County",1,80,109,50,59
050,06,035,"California","Lassen County",1,81,104,49,55
050,06,035,"California","Lassen County",1,82,98,49,49
050,06,035,"California","Lassen County",1,83,89,38,51
050,06,035,"California","Lassen County",1,84,80,35,45
050,06,035,"California","Lassen County",1,85,477,204,273
050,06,035,"California","Lassen County",2,0,294,150,144
050,06,035,"California","Lassen County",2,1,302,158,144
050,06,035,"California","Lassen County",2,2,310,160,150
050,06,035,"California","Lassen County",2,3,315,160,155
050,06,035,"California","Lassen County",2,4,315,167,148
050,06,035,"California","Lassen County",2,5,336,181,155
050,06,035,"California","Lassen County",2,6,341,173,168
050,06,035,"California","Lassen County",2,7,310,153,157
050,06,035,"California","Lassen County",2,8,296,130,166
050,06,035,"California","Lassen County",2,9,305,150,155
050,06,035,"California","Lassen County",2,10,324,166,158
050,06,035,"California","Lassen County",2,11,323,154,169
050,06,035,"California","Lassen County",2,12,316,153,163
050,06,035,"California","Lassen County",2,13,307,161,146
050,06,035,"California","Lassen County",2,14,311,172,139
050,06,035,"California","Lassen County",2,15,318,164,154
050,06,035,"California","Lassen County",2,16,309,154,155
050,06,035,"California","Lassen County",2,17,309,163,146
050,06,035,"California","Lassen County",2,18,269,159,110
050,06,035,"California","Lassen County",2,19,309,221,88
050,06,035,"California","Lassen County",2,20,407,301,106
050,06,035,"California","Lassen County",2,21,453,353,100
050,06,035,"California","Lassen County",2,22,480,370,110
050,06,035,"California","Lassen County",2,23,521,394,127
050,06,035,"California","Lassen County",2,24,570,435,135
050,06,035,"California","Lassen County",2,25,598,466,132
050,06,035,"California","Lassen County",2,26,605,462,143
050,06,035,"California","Lassen County",2,27,634,495,139
050,06,035,"California","Lassen County",2,28,631,475,156
050,06,035,"California","Lassen County",2,29,697,543,154
050,06,035,"California","Lassen County",2,30,618,461,157
050,06,035,"California","Lassen County",2,31,671,516,155
050,06,035,"California","Lassen County",2,32,591,441,150
050,06,035,"California","Lassen County",2,33,587,437,150
050,06,035,"California","Lassen County",2,34,543,394,149
050,06,035,"California","Lassen County",2,35,541,393,148
050,06,035,"California","Lassen County",2,36,551,402,149
050,06,035,"California","Lassen County",2,37,540,391,149
050,06,035,"California","Lassen County",2,38,551,406,145
050,06,035,"California","Lassen County",2,39,498,368,130
050,06,035,"California","Lassen County",2,40,481,348,133
050,06,035,"California","Lassen County",2,41,466,339,127
050,06,035,"California","Lassen County",2,42,430,301,129
050,06,035,"California","Lassen County",2,43,455,326,129
050,06,035,"California","Lassen County",2,44,467,344,123
050,06,035,"California","Lassen County",2,45,449,321,128
050,06,035,"California","Lassen County",2,46,439,313,126
050,06,035,"California","Lassen County",2,47,414,281,133
050,06,035,"California","Lassen County",2,48,439,296,143
050,06,035,"California","Lassen County",2,49,430,280,150
050,06,035,"California","Lassen County",2,50,398,249,149
050,06,035,"California","Lassen County",2,51,394,264,130
050,06,035,"California","Lassen County",2,52,352,228,124
050,06,035,"California","Lassen County",2,53,361,225,136
050,06,035,"California","Lassen County",2,54,365,219,146
050,06,035,"California","Lassen County",2,55,362,210,152
050,06,035,"California","Lassen County",2,56,373,209,164
050,06,035,"California","Lassen County",2,57,370,209,161
050,06,035,"California","Lassen County",2,58,369,211,158
050,06,035,"California","Lassen County",2,59,356,197,159
050,06,035,"California","Lassen County",2,60,388,209,179
050,06,035,"California","Lassen County",2,61,367,192,175
050,06,035,"California","Lassen County",2,62,375,196,179
050,06,035,"California","Lassen County",2,63,352,181,171
050,06,035,"California","Lassen County",2,64,320,157,163
050,06,035,"California","Lassen County",2,65,332,163,169
050,06,035,"California","Lassen County",2,66,347,167,180
050,06,035,"California","Lassen County",2,67,356,180,176
050,06,035,"California","Lassen County",2,68,335,174,161
050,06,035,"California","Lassen County",2,69,314,164,150
050,06,035,"California","Lassen County",2,70,281,148,133
050,06,035,"California","Lassen County",2,71,278,143,135
050,06,035,"California","Lassen County",2,72,300,151,149
050,06,035,"California","Lassen County",2,73,313,151,162
050,06,035,"California","Lassen County",2,74,211,103,108
050,06,035,"California","Lassen County",2,75,180,90,90
050,06,035,"California","Lassen County",2,76,174,93,81
050,06,035,"California","Lassen County",2,77,180,95,85
050,06,035,"California","Lassen County",2,78,149,78,71
050,06,035,"California","Lassen County",2,79,127,61,66
050,06,035,"California","Lassen County",2,80,112,52,60
050,06,035,"California","Lassen County",2,81,100,46,54
050,06,035,"California","Lassen County",2,82,100,49,51
050,06,035,"California","Lassen County",2,83,90,41,49
050,06,035,"California","Lassen County",2,84,79,34,45
050,06,035,"California","Lassen County",2,85,479,204,275
050,06,035,"California","Lassen County",3,0,302,150,152
050,06,035,"California","Lassen County",3,1,297,166,131
050,06,035,"California","Lassen County",3,2,313,160,153
050,06,035,"California","Lassen County",3,3,312,166,146
050,06,035,"California","Lassen County",3,4,309,157,152
050,06,035,"California","Lassen County",3,5,337,185,152
050,06,035,"California","Lassen County",3,6,348,187,161
050,06,035,"California","Lassen County",3,7,358,178,180
050,06,035,"California","Lassen County",3,8,317,156,161
050,06,035,"California","Lassen County",3,9,293,131,162
050,06,035,"California","Lassen County",3,10,320,157,163
050,06,035,"California","Lassen County",3,11,325,169,156
050,06,035,"California","Lassen County",3,12,322,157,165
050,06,035,"California","Lassen County",3,13,319,148,171
050,06,035,"California","Lassen County",3,14,303,154,149
050,06,035,"California","Lassen County",3,15,304,163,141
050,06,035,"California","Lassen County",3,16,310,156,154
050,06,035,"California","Lassen County",3,17,307,157,150
050,06,035,"California","Lassen County",3,18,290,173,117
050,06,035,"California","Lassen County",3,19,281,192,89
050,06,035,"California","Lassen County",3,20,366,270,96
050,06,035,"California","Lassen County",3,21,426,324,102
050,06,035,"California","Lassen County",3,22,465,351,114
050,06,035,"California","Lassen County",3,23,509,396,113
050,06,035,"California","Lassen County",3,24,528,409,119
050,06,035,"California","Lassen County",3,25,563,418,145
050,06,035,"California","Lassen County",3,26,552,418,134
050,06,035,"California","Lassen County",3,27,639,479,160
050,06,035,"California","Lassen County",3,28,617,464,153
050,06,035,"California","Lassen County",3,29,677,519,158
050,06,035,"California","Lassen County",3,30,621,461,160
050,06,035,"California","Lassen County",3,31,663,508,155
050,06,035,"California","Lassen County",3,32,594,426,168
050,06,035,"California","Lassen County",3,33,595,441,154
050,06,035,"California","Lassen County",3,34,516,375,141
050,06,035,"California","Lassen County",3,35,527,376,151
050,06,035,"California","Lassen County",3,36,538,400,138
050,06,035,"California","Lassen County",3,37,543,393,150
050,06,035,"California","Lassen County",3,38,542,390,152
050,06,035,"California","Lassen County",3,39,501,355,146
050,06,035,"California","Lassen County",3,40,455,326,129
050,06,035,"California","Lassen County",3,41,461,330,131
050,06,035,"California","Lassen County",3,42,416,286,130
050,06,035,"California","Lassen County",3,43,425,298,127
050,06,035,"California","Lassen County",3,44,449,316,133
050,06,035,"California","Lassen County",3,45,436,309,127
050,06,035,"California","Lassen County",3,46,427,306,121
050,06,035,"California","Lassen County",3,47,393,273,120
050,06,035,"California","Lassen County",3,48,412,281,131
050,06,035,"California","Lassen County",3,49,407,266,141
050,06,035,"California","Lassen County",3,50,393,234,159
050,06,035,"California","Lassen County",3,51,383,241,142
050,06,035,"California","Lassen County",3,52,355,226,129
050,06,035,"California","Lassen County",3,53,335,216,119
050,06,035,"California","Lassen County",3,54,356,212,144
050,06,035,"California","Lassen County",3,55,338,192,146
050,06,035,"California","Lassen County",3,56,354,207,147
050,06,035,"California","Lassen County",3,57,366,202,164
050,06,035,"California","Lassen County",3,58,340,181,159
050,06,035,"California","Lassen County",3,59,354,201,153
050,06,035,"California","Lassen County",3,60,367,207,160
050,06,035,"California","Lassen County",3,61,359,190,169
050,06,035,"California","Lassen County",3,62,352,180,172
050,06,035,"California","Lassen County",3,63,359,195,164
050,06,035,"California","Lassen County",3,64,340,169,171
050,06,035,"California","Lassen County",3,65,315,155,160
050,06,035,"California","Lassen County",3,66,330,161,169
050,06,035,"California","Lassen County",3,67,337,157,180
050,06,035,"California","Lassen County",3,68,344,174,170
050,06,035,"California","Lassen County",3,69,330,172,158
050,06,035,"California","Lassen County",3,70,309,161,148
050,06,035,"California","Lassen County",3,71,282,142,140
050,06,035,"California","Lassen County",3,72,271,138,133
050,06,035,"California","Lassen County",3,73,298,151,147
050,06,035,"California","Lassen County",3,74,303,149,154
050,06,035,"California","Lassen County",3,75,207,100,107
050,06,035,"California","Lassen County",3,76,174,86,88
050,06,035,"California","Lassen County",3,77,169,91,78
050,06,035,"California","Lassen County",3,78,173,88,85
050,06,035,"California","Lassen County",3,79,145,74,71
050,06,035,"California","Lassen County",3,80,123,58,65
050,06,035,"California","Lassen County",3,81,107,50,57
050,06,035,"California","Lassen County",3,82,96,43,53
050,06,035,"California","Lassen County",3,83,100,48,52
050,06,035,"California","Lassen County",3,84,81,35,46
050,06,035,"California","Lassen County",3,85,510,224,286
050,06,035,"California","Lassen County",4,0,288,142,146
050,06,035,"California","Lassen County",4,1,275,144,131
050,06,035,"California","Lassen County",4,2,294,166,128
050,06,035,"California","Lassen County",4,3,293,155,138
050,06,035,"California","Lassen County",4,4,309,168,141
050,06,035,"California","Lassen County",4,5,312,160,152
050,06,035,"California","Lassen County",4,6,332,186,146
050,06,035,"California","Lassen County",4,7,342,184,158
050,06,035,"California","Lassen County",4,8,341,168,173
050,06,035,"California","Lassen County",4,9,308,151,157
050,06,035,"California","Lassen County",4,10,304,141,163
050,06,035,"California","Lassen County",4,11,319,159,160
050,06,035,"California","Lassen County",4,12,315,168,147
050,06,035,"California","Lassen County",4,13,330,160,170
050,06,035,"California","Lassen County",4,14,327,153,174
050,06,035,"California","Lassen County",4,15,293,148,145
050,06,035,"California","Lassen County",4,16,304,168,136
050,06,035,"California","Lassen County",4,17,310,156,154
050,06,035,"California","Lassen County",4,18,284,161,123
050,06,035,"California","Lassen County",4,19,270,186,84
050,06,035,"California","Lassen County",4,20,318,226,92
050,06,035,"California","Lassen County",4,21,367,286,81
050,06,035,"California","Lassen County",4,22,395,286,109
050,06,035,"California","Lassen County",4,23,431,322,109
050,06,035,"California","Lassen County",4,24,474,366,108
050,06,035,"California","Lassen County",4,25,457,343,114
050,06,035,"California","Lassen County",4,26,474,336,138
050,06,035,"California","Lassen County",4,27,523,391,132
050,06,035,"California","Lassen County",4,28,562,407,155
050,06,035,"California","Lassen County",4,29,594,442,152
050,06,035,"California","Lassen County",4,30,531,383,148
050,06,035,"California","Lassen County",4,31,614,446,168
050,06,035,"California","Lassen County",4,32,528,376,152
050,06,035,"California","Lassen County",4,33,542,374,168
050,06,035,"California","Lassen County",4,34,493,353,140
050,06,035,"California","Lassen County",4,35,462,322,140
050,06,035,"California","Lassen County",4,36,490,343,147
050,06,035,"California","Lassen County",4,37,477,344,133
050,06,035,"California","Lassen County",4,38,521,362,159
050,06,035,"California","Lassen County",4,39,471,316,155
050,06,035,"California","Lassen County",4,40,418,287,131
050,06,035,"California","Lassen County",4,41,412,291,121
050,06,035,"California","Lassen County",4,42,384,258,126
050,06,035,"California","Lassen County",4,43,393,270,123
050,06,035,"California","Lassen County",4,44,397,267,130
050,06,035,"California","Lassen County",4,45,405,266,139
050,06,035,"California","Lassen County",4,46,397,274,123
050,06,035,"California","Lassen County",4,47,365,252,113
050,06,035,"California","Lassen County",4,48,390,264,126
050,06,035,"California","Lassen County",4,49,356,236,120
050,06,035,"California","Lassen County",4,50,344,210,134
050,06,035,"California","Lassen County",4,51,368,218,150
050,06,035,"California","Lassen County",4,52,346,200,146
050,06,035,"California","Lassen County",4,53,316,191,125
050,06,035,"California","Lassen County",4,54,302,184,118
050,06,035,"California","Lassen County",4,55,318,176,142
050,06,035,"California","Lassen County",4,56,323,181,142
050,06,035,"California","Lassen County",4,57,334,194,140
050,06,035,"California","Lassen County",4,58,335,175,160
050,06,035,"California","Lassen County",4,59,325,170,155
050,06,035,"California","Lassen County",4,60,353,202,151
050,06,035,"California","Lassen County",4,61,340,184,156
050,06,035,"California","Lassen County",4,62,356,183,173
050,06,035,"California","Lassen County",4,63,332,170,162
050,06,035,"California","Lassen County",4,64,352,196,156
050,06,035,"California","Lassen County",4,65,331,163,168
050,06,035,"California","Lassen County",4,66,326,162,164
050,06,035,"California","Lassen County",4,67,326,155,171
050,06,035,"California","Lassen County",4,68,340,161,179
050,06,035,"California","Lassen County",4,69,355,175,180
050,06,035,"California","Lassen County",4,70,315,168,147
050,06,035,"California","Lassen County",4,71,309,156,153
050,06,035,"California","Lassen County",4,72,264,130,134
050,06,035,"California","Lassen County",4,73,268,132,136
050,06,035,"California","Lassen County",4,74,291,147,144
050,06,035,"California","Lassen County",4,75,290,139,151
050,06,035,"California","Lassen County",4,76,207,102,105
050,06,035,"California","Lassen County",4,77,171,83,88
050,06,035,"California","Lassen County",4,78,166,88,78
050,06,035,"California","Lassen County",4,79,164,83,81
050,06,035,"California","Lassen County",4,80,137,67,70
050,06,035,"California","Lassen County",4,81,116,56,60
050,06,035,"California","Lassen County",4,82,95,50,45
050,06,035,"California","Lassen County",4,83,91,42,49
050,06,035,"California","Lassen County",4,84,92,45,47
050,06,035,"California","Lassen County",4,85,531,233,298
050,06,035,"California","Lassen County",5,0,263,133,130
050,06,035,"California","Lassen County",5,1,287,146,141
050,06,035,"California","Lassen County",5,2,263,137,126
050,06,035,"California","Lassen County",5,3,307,165,142
050,06,035,"California","Lassen County",5,4,286,156,130
050,06,035,"California","Lassen County",5,5,299,157,142
050,06,035,"California","Lassen County",5,6,292,148,144
050,06,035,"California","Lassen County",5,7,317,174,143
050,06,035,"California","Lassen County",5,8,316,172,144
050,06,035,"California","Lassen County",5,9,323,153,170
050,06,035,"California","Lassen County",5,10,300,152,148
050,06,035,"California","Lassen County",5,11,306,141,165
050,06,035,"California","Lassen County",5,12,307,156,151
050,06,035,"California","Lassen County",5,13,301,157,144
050,06,035,"California","Lassen County",5,14,331,161,170
050,06,035,"California","Lassen County",5,15,320,153,167
050,06,035,"California","Lassen County",5,16,299,151,148
050,06,035,"California","Lassen County",5,17,306,169,137
050,06,035,"California","Lassen County",5,18,281,158,123
050,06,035,"California","Lassen County",5,19,273,174,99
050,06,035,"California","Lassen County",5,20,319,235,84
050,06,035,"California","Lassen County",5,21,340,244,96
050,06,035,"California","Lassen County",5,22,353,274,79
050,06,035,"California","Lassen County",5,23,402,284,118
050,06,035,"California","Lassen County",5,24,431,326,105
050,06,035,"California","Lassen County",5,25,447,335,112
050,06,035,"California","Lassen County",5,26,422,302,120
050,06,035,"California","Lassen County",5,27,480,340,140
050,06,035,"California","Lassen County",5,28,461,336,125
050,06,035,"California","Lassen County",5,29,562,411,151
050,06,035,"California","Lassen County",5,30,489,345,144
050,06,035,"California","Lassen County",5,31,518,383,135
050,06,035,"California","Lassen County",5,32,510,346,164
050,06,035,"California","Lassen County",5,33,499,351,148
050,06,035,"California","Lassen County",5,34,473,317,156
050,06,035,"California","Lassen County",5,35,450,321,129
050,06,035,"California","Lassen County",5,36,463,312,151
050,06,035,"California","Lassen County",5,37,465,325,140
050,06,035,"California","Lassen County",5,38,469,334,135
050,06,035,"California","Lassen County",5,39,465,309,156
050,06,035,"California","Lassen County",5,40,441,293,148
050,06,035,"California","Lassen County",5,41,398,261,137
050,06,035,"California","Lassen County",5,42,370,247,123
050,06,035,"California","Lassen County",5,43,373,247,126
050,06,035,"California","Lassen County",5,44,378,263,115
050,06,035,"California","Lassen County",5,45,358,235,123
050,06,035,"California","Lassen County",5,46,371,244,127
050,06,035,"California","Lassen County",5,47,360,239,121
050,06,035,"California","Lassen County",5,48,357,242,115
050,06,035,"California","Lassen County",5,49,358,235,123
050,06,035,"California","Lassen County",5,50,314,201,113
050,06,035,"California","Lassen County",5,51,336,205,131
050,06,035,"California","Lassen County",5,52,319,180,139
050,06,035,"California","Lassen County",5,53,322,179,143
050,06,035,"California","Lassen County",5,54,296,174,122
050,06,035,"California","Lassen County",5,55,282,163,119
050,06,035,"California","Lassen County",5,56,308,170,138
050,06,035,"California","Lassen County",5,57,306,168,138
050,06,035,"California","Lassen County",5,58,308,167,141
050,06,035,"California","Lassen County",5,59,331,167,164
050,06,035,"California","Lassen County",5,60,338,188,150
050,06,035,"California","Lassen County",5,61,337,182,155
050,06,035,"California","Lassen County",5,62,334,182,152
050,06,035,"California","Lassen County",5,63,344,177,167
050,06,035,"California","Lassen County",5,64,328,166,162
050,06,035,"California","Lassen County",5,65,354,198,156
050,06,035,"California","Lassen County",5,66,326,158,168
050,06,035,"California","Lassen County",5,67,310,147,163
050,06,035,"California","Lassen County",5,68,324,151,173
050,06,035,"California","Lassen County",5,69,333,156,177
050,06,035,"California","Lassen County",5,70,348,172,176
050,06,035,"California","Lassen County",5,71,305,160,145
050,06,035,"California","Lassen County",5,72,303,152,151
050,06,035,"California","Lassen County",5,73,252,123,129
050,06,035,"California","Lassen County",5,74,263,131,132
050,06,035,"California","Lassen County",5,75,273,135,138
050,06,035,"California","Lassen County",5,76,277,134,143
050,06,035,"California","Lassen County",5,77,203,103,100
050,06,035,"California","Lassen County",5,78,154,74,80
050,06,035,"California","Lassen County",5,79,162,82,80
050,06,035,"California","Lassen County",5,80,153,74,79
050,06,035,"California","Lassen County",5,81,124,62,62
050,06,035,"California","Lassen County",5,82,110,55,55
050,06,035,"California","Lassen County",5,83,93,51,42
050,06,035,"California","Lassen County",5,84,82,36,46
050,06,035,"California","Lassen County",5,85,550,246,304
050,06,037,"California","Los Angeles County",1,0,106751,54451,52300
050,06,037,"California","Los Angeles County",1,1,106207,54037,52170
050,06,037,"California","Los Angeles County",1,2,110604,56291,54313
050,06,037,"California","Los Angeles County",1,3,114979,58926,56053
050,06,037,"California","Los Angeles County",1,4,116295,59697,56598
050,06,037,"California","Los Angeles County",1,5,119129,61177,57952
050,06,037,"California","Los Angeles County",1,6,118309,60984,57325
050,06,037,"California","Los Angeles County",1,7,118842,60879,57963
050,06,037,"California","Los Angeles County",1,8,118195,60623,57572
050,06,037,"California","Los Angeles County",1,9,119741,61349,58392
050,06,037,"California","Los Angeles County",1,10,120080,61692,58388
050,06,037,"California","Los Angeles County",1,11,122986,63347,59639
050,06,037,"California","Los Angeles County",1,12,127675,65707,61968
050,06,037,"California","Los Angeles County",1,13,125828,64689,61139
050,06,037,"California","Los Angeles County",1,14,122907,62926,59981
050,06,037,"California","Los Angeles County",1,15,122646,62773,59873
050,06,037,"California","Los Angeles County",1,16,123492,63064,60428
050,06,037,"California","Los Angeles County",1,17,123178,62866,60312
050,06,037,"California","Los Angeles County",1,18,124907,63341,61566
050,06,037,"California","Los Angeles County",1,19,125649,63269,62380
050,06,037,"California","Los Angeles County",1,20,125338,63235,62103
050,06,037,"California","Los Angeles County",1,21,124358,62682,61676
050,06,037,"California","Los Angeles County",1,22,127492,64109,63383
050,06,037,"California","Los Angeles County",1,23,135344,67667,67677
050,06,037,"California","Los Angeles County",1,24,143934,72243,71691
050,06,037,"California","Los Angeles County",1,25,149426,74879,74547
050,06,037,"California","Los Angeles County",1,26,154967,77938,77029
050,06,037,"California","Los Angeles County",1,27,160704,81070,79634
050,06,037,"California","Los Angeles County",1,28,166936,84320,82616
050,06,037,"California","Los Angeles County",1,29,172217,87411,84806
050,06,037,"California","Los Angeles County",1,30,171072,87134,83938
050,06,037,"California","Los Angeles County",1,31,165070,84100,80970
050,06,037,"California","Los Angeles County",1,32,161163,82369,78794
050,06,037,"California","Los Angeles County",1,33,156805,80894,75911
050,06,037,"California","Los Angeles County",1,34,153173,79002,74171
050,06,037,"California","Los Angeles County",1,35,148796,76180,72616
050,06,037,"California","Los Angeles County",1,36,144904,74396,70508
050,06,037,"California","Los Angeles County",1,37,145958,74768,71190
050,06,037,"California","Los Angeles County",1,38,143930,73201,70729
050,06,037,"California","Los Angeles County",1,39,141962,72310,69652
050,06,037,"California","Los Angeles County",1,40,139321,71048,68273
050,06,037,"California","Los Angeles County",1,41,132715,67215,65500
050,06,037,"California","Los Angeles County",1,42,131639,66294,65345
050,06,037,"California","Los Angeles County",1,43,130576,65238,65338
050,06,037,"California","Los Angeles County",1,44,129828,64949,64879
050,06,037,"California","Los Angeles County",1,45,131959,66136,65823
050,06,037,"California","Los Angeles County",1,46,128793,64115,64678
050,06,037,"California","Los Angeles County",1,47,129607,64733,64874
050,06,037,"California","Los Angeles County",1,48,134316,67170,67146
050,06,037,"California","Los Angeles County",1,49,141149,70782,70367
050,06,037,"California","Los Angeles County",1,50,140116,70842,69274
050,06,037,"California","Los Angeles County",1,51,134042,67457,66585
050,06,037,"California","Los Angeles County",1,52,129987,65438,64549
050,06,037,"California","Los Angeles County",1,53,128731,64444,64287
050,06,037,"California","Los Angeles County",1,54,129369,64669,64700
050,06,037,"California","Los Angeles County",1,55,132396,65965,66431
050,06,037,"California","Los Angeles County",1,56,132047,65798,66249
050,06,037,"California","Los Angeles County",1,57,130431,64490,65941
050,06,037,"California","Los Angeles County",1,58,127590,63225,64365
050,06,037,"California","Los Angeles County",1,59,126598,62421,64177
050,06,037,"California","Los Angeles County",1,60,124569,61549,63020
050,06,037,"California","Los Angeles County",1,61,119313,58243,61070
050,06,037,"California","Los Angeles County",1,62,117341,56937,60404
050,06,037,"California","Los Angeles County",1,63,112120,54188,57932
050,06,037,"California","Los Angeles County",1,64,108908,52111,56797
050,06,037,"California","Los Angeles County",1,65,105424,50329,55095
050,06,037,"California","Los Angeles County",1,66,98084,46657,51427
050,06,037,"California","Los Angeles County",1,67,93026,43848,49178
050,06,037,"California","Los Angeles County",1,68,88242,41272,46970
050,06,037,"California","Los Angeles County",1,69,83396,38476,44920
050,06,037,"California","Los Angeles County",1,70,80531,36720,43811
050,06,037,"California","Los Angeles County",1,71,75696,34264,41432
050,06,037,"California","Los Angeles County",1,72,73800,33619,40181
050,06,037,"California","Los Angeles County",1,73,72111,33007,39104
050,06,037,"California","Los Angeles County",1,74,56255,25043,31212
050,06,037,"California","Los Angeles County",1,75,55093,24301,30792
050,06,037,"California","Los Angeles County",1,76,51806,22729,29077
050,06,037,"California","Los Angeles County",1,77,49685,21635,28050
050,06,037,"California","Los Angeles County",1,78,43789,18992,24797
050,06,037,"California","Los Angeles County",1,79,40561,17483,23078
050,06,037,"California","Los Angeles County",1,80,38002,16072,21930
050,06,037,"California","Los Angeles County",1,81,35453,14891,20562
050,06,037,"California","Los Angeles County",1,82,32939,13640,19299
050,06,037,"California","Los Angeles County",1,83,29879,12266,17613
050,06,037,"California","Los Angeles County",1,84,27852,11220,16632
050,06,037,"California","Los Angeles County",1,85,176942,63653,113289
050,06,037,"California","Los Angeles County",2,0,103506,52954,50552
050,06,037,"California","Los Angeles County",2,1,105845,53841,52004
050,06,037,"California","Los Angeles County",2,2,108901,55412,53489
050,06,037,"California","Los Angeles County",2,3,113114,57874,55240
050,06,037,"California","Los Angeles County",2,4,115638,59315,56323
050,06,037,"California","Los Angeles County",2,5,118004,60614,57390
050,06,037,"California","Los Angeles County",2,6,118124,60862,57262
050,06,037,"California","Los Angeles County",2,7,118089,60556,57533
050,06,037,"California","Los Angeles County",2,8,117440,60181,57259
050,06,037,"California","Los Angeles County",2,9,118969,61003,57966
050,06,037,"California","Los Angeles County",2,10,119726,61472,58254
050,06,037,"California","Los Angeles County",2,11,121346,62442,58904
050,06,037,"California","Los Angeles County",2,12,126761,65258,61503
050,06,037,"California","Los Angeles County",2,13,125728,64665,61063
050,06,037,"California","Los Angeles County",2,14,123284,63196,60088
050,06,037,"California","Los Angeles County",2,15,122534,62732,59802
050,06,037,"California","Los Angeles County",2,16,123116,62883,60233
050,06,037,"California","Los Angeles County",2,17,122969,62745,60224
050,06,037,"California","Los Angeles County",2,18,124074,62850,61224
050,06,037,"California","Los Angeles County",2,19,124840,62822,62018
050,06,037,"California","Los Angeles County",2,20,125996,63536,62460
050,06,037,"California","Los Angeles County",2,21,123787,62425,61362
050,06,037,"California","Los Angeles County",2,22,127133,63862,63271
050,06,037,"California","Los Angeles County",2,23,134095,67098,66997
050,06,037,"California","Los Angeles County",2,24,142125,71231,70894
050,06,037,"California","Los Angeles County",2,25,148531,74463,74068
050,06,037,"California","Los Angeles County",2,26,154084,77465,76619
050,06,037,"California","Los Angeles County",2,27,159024,80271,78753
050,06,037,"California","Los Angeles County",2,28,165518,83634,81884
050,06,037,"California","Los Angeles County",2,29,170354,86354,84000
050,06,037,"California","Los Angeles County",2,30,171842,87456,84386
050,06,037,"California","Los Angeles County",2,31,165243,84156,81087
050,06,037,"California","Los Angeles County",2,32,161436,82444,78992
050,06,037,"California","Los Angeles County",2,33,157034,80829,76205
050,06,037,"California","Los Angeles County",2,34,153388,79110,74278
050,06,037,"California","Los Angeles County",2,35,149889,76900,72989
050,06,037,"California","Los Angeles County",2,36,144566,74105,70461
050,06,037,"California","Los Angeles County",2,37,145226,74430,70796
050,06,037,"California","Los Angeles County",2,38,144541,73609,70932
050,06,037,"California","Los Angeles County",2,39,141262,71901,69361
050,06,037,"California","Los Angeles County",2,40,140601,71741,68860
050,06,037,"California","Los Angeles County",2,41,133341,67556,65785
050,06,037,"California","Los Angeles County",2,42,130998,66119,64879
050,06,037,"California","Los Angeles County",2,43,130920,65466,65454
050,06,037,"California","Los Angeles County",2,44,128959,64545,64414
050,06,037,"California","Los Angeles County",2,45,131486,65848,65638
050,06,037,"California","Los Angeles County",2,46,128883,64229,64654
050,06,037,"California","Los Angeles County",2,47,128793,64220,64573
050,06,037,"California","Los Angeles County",2,48,133145,66548,66597
050,06,037,"California","Los Angeles County",2,49,139327,69784,69543
050,06,037,"California","Los Angeles County",2,50,140126,70767,69359
050,06,037,"California","Los Angeles County",2,51,134413,67667,66746
050,06,037,"California","Los Angeles County",2,52,130859,65893,64966
050,06,037,"California","Los Angeles County",2,53,128138,64188,63950
050,06,037,"California","Los Angeles County",2,54,128741,64386,64355
050,06,037,"California","Los Angeles County",2,55,131397,65562,65835
050,06,037,"California","Los Angeles County",2,56,132007,65752,66255
050,06,037,"California","Los Angeles County",2,57,130257,64477,65780
050,06,037,"California","Los Angeles County",2,58,127862,63303,64559
050,06,037,"California","Los Angeles County",2,59,125823,62076,63747
050,06,037,"California","Los Angeles County",2,60,125276,61802,63474
050,06,037,"California","Los Angeles County",2,61,119729,58590,61139
050,06,037,"California","Los Angeles County",2,62,116900,56765,60135
050,06,037,"California","Los Angeles County",2,63,113265,54712,58553
050,06,037,"California","Los Angeles County",2,64,108585,52017,56568
050,06,037,"California","Los Angeles County",2,65,105639,50403,55236
050,06,037,"California","Los Angeles County",2,66,99246,47169,52077
050,06,037,"California","Los Angeles County",2,67,93342,44072,49270
050,06,037,"California","Los Angeles County",2,68,88478,41389,47089
050,06,037,"California","Los Angeles County",2,69,84058,38864,45194
050,06,037,"California","Los Angeles County",2,70,80953,36940,44013
050,06,037,"California","Los Angeles County",2,71,76170,34460,41710
050,06,037,"California","Los Angeles County",2,72,73228,33228,40000
050,06,037,"California","Los Angeles County",2,73,74092,33861,40231
050,06,037,"California","Los Angeles County",2,74,57301,25613,31688
050,06,037,"California","Los Angeles County",2,75,55062,24293,30769
050,06,037,"California","Los Angeles County",2,76,51893,22725,29168
050,06,037,"California","Los Angeles County",2,77,50214,21920,28294
050,06,037,"California","Los Angeles County",2,78,44342,19204,25138
050,06,037,"California","Los Angeles County",2,79,40709,17483,23226
050,06,037,"California","Los Angeles County",2,80,38278,16219,22059
050,06,037,"California","Los Angeles County",2,81,35444,14915,20529
050,06,037,"California","Los Angeles County",2,82,33137,13731,19406
050,06,037,"California","Los Angeles County",2,83,29982,12294,17688
050,06,037,"California","Los Angeles County",2,84,27792,11223,16569
050,06,037,"California","Los Angeles County",2,85,176540,63513,113027
050,06,037,"California","Los Angeles County",3,0,94707,48193,46514
050,06,037,"California","Los Angeles County",3,1,99510,50928,48582
050,06,037,"California","Los Angeles County",3,2,102206,51905,50301
050,06,037,"California","Los Angeles County",3,3,105706,53731,51975
050,06,037,"California","Los Angeles County",3,4,110187,56386,53801
050,06,037,"California","Los Angeles County",3,5,112685,57905,54780
050,06,037,"California","Los Angeles County",3,6,115382,59348,56034
050,06,037,"California","Los Angeles County",3,7,115620,59609,56011
050,06,037,"California","Los Angeles County",3,8,115717,59358,56359
050,06,037,"California","Los Angeles County",3,9,115112,59015,56097
050,06,037,"California","Los Angeles County",3,10,116613,59742,56871
050,06,037,"California","Los Angeles County",3,11,117692,60529,57163
050,06,037,"California","Los Angeles County",3,12,119358,61396,57962
050,06,037,"California","Los Angeles County",3,13,124644,64114,60530
050,06,037,"California","Los Angeles County",3,14,124026,63777,60249
050,06,037,"California","Los Angeles County",3,15,121729,62428,59301
050,06,037,"California","Los Angeles County",3,16,121183,62010,59173
050,06,037,"California","Los Angeles County",3,17,121983,62307,59676
050,06,037,"California","Los Angeles County",3,18,118816,60543,58273
050,06,037,"California","Los Angeles County",3,19,113077,57356,55721
050,06,037,"California","Los Angeles County",3,20,117897,59814,58083
050,06,037,"California","Los Angeles County",3,21,119272,60419,58853
050,06,037,"California","Los Angeles County",3,22,120851,60748,60103
050,06,037,"California","Los Angeles County",3,23,127241,63765,63476
050,06,037,"California","Los Angeles County",3,24,134653,67395,67258
050,06,037,"California","Los Angeles County",3,25,141273,70889,70384
050,06,037,"California","Los Angeles County",3,26,146553,73604,72949
050,06,037,"California","Los Angeles County",3,27,151685,76234,75451
050,06,037,"California","Los Angeles County",3,28,155866,78691,77175
050,06,037,"California","Los Angeles County",3,29,161362,81518,79844
050,06,037,"California","Los Angeles County",3,30,166409,84528,81881
050,06,037,"California","Los Angeles County",3,31,166764,84894,81870
050,06,037,"California","Los Angeles County",3,32,160605,81895,78710
050,06,037,"California","Los Angeles County",3,33,156667,80052,76615
050,06,037,"California","Los Angeles County",3,34,152555,78481,74074
050,06,037,"California","Los Angeles County",3,35,149260,76967,72293
050,06,037,"California","Los Angeles County",3,36,145635,74679,70956
050,06,037,"California","Los Angeles County",3,37,140445,71936,68509
050,06,037,"California","Los Angeles County",3,38,141232,72233,68999
050,06,037,"California","Los Angeles County",3,39,140770,71625,69145
050,06,037,"California","Los Angeles County",3,40,138027,70342,67685
050,06,037,"California","Los Angeles County",3,41,136977,69682,67295
050,06,037,"California","Los Angeles County",3,42,129963,65709,64254
050,06,037,"California","Los Angeles County",3,43,128419,64618,63801
050,06,037,"California","Los Angeles County",3,44,128006,63881,64125
050,06,037,"California","Los Angeles County",3,45,126942,63487,63455
050,06,037,"California","Los Angeles County",3,46,128800,64308,64492
050,06,037,"California","Los Angeles County",3,47,126393,62897,63496
050,06,037,"California","Los Angeles County",3,48,127039,63327,63712
050,06,037,"California","Los Angeles County",3,49,130496,64960,65536
050,06,037,"California","Los Angeles County",3,50,137085,68718,68367
050,06,037,"California","Los Angeles County",3,51,137179,68983,68196
050,06,037,"California","Los Angeles County",3,52,132177,66524,65653
050,06,037,"California","Los Angeles County",3,53,128225,64476,63749
050,06,037,"California","Los Angeles County",3,54,125809,62775,63034
050,06,037,"California","Los Angeles County",3,55,126228,63044,63184
050,06,037,"California","Los Angeles County",3,56,128866,64156,64710
050,06,037,"California","Los Angeles County",3,57,128690,63890,64800
050,06,037,"California","Los Angeles County",3,58,127305,62923,64382
050,06,037,"California","Los Angeles County",3,59,124929,61595,63334
050,06,037,"California","Los Angeles County",3,60,122635,60466,62169
050,06,037,"California","Los Angeles County",3,61,121796,59794,62002
050,06,037,"California","Los Angeles County",3,62,116604,56742,59862
050,06,037,"California","Los Angeles County",3,63,113490,54882,58608
050,06,037,"California","Los Angeles County",3,64,109962,52848,57114
050,06,037,"California","Los Angeles County",3,65,105025,50037,54988
050,06,037,"California","Los Angeles County",3,66,102467,48664,53803
050,06,037,"California","Los Angeles County",3,67,96329,45474,50855
050,06,037,"California","Los Angeles County",3,68,90350,42417,47933
050,06,037,"California","Los Angeles County",3,69,85695,39847,45848
050,06,037,"California","Los Angeles County",3,70,81420,37349,44071
050,06,037,"California","Los Angeles County",3,71,78330,35463,42867
050,06,037,"California","Los Angeles County",3,72,73630,33054,40576
050,06,037,"California","Los Angeles County",3,73,70793,31840,38953
050,06,037,"California","Los Angeles County",3,74,71331,32333,38998
050,06,037,"California","Los Angeles County",3,75,55142,24370,30772
050,06,037,"California","Los Angeles County",3,76,52934,23153,29781
050,06,037,"California","Los Angeles County",3,77,49697,21592,28105
050,06,037,"California","Los Angeles County",3,78,47903,20721,27182
050,06,037,"California","Los Angeles County",3,79,42254,18066,24188
050,06,037,"California","Los Angeles County",3,80,38601,16349,22252
050,06,037,"California","Los Angeles County",3,81,36015,15029,20986
050,06,037,"California","Los Angeles County",3,82,33135,13677,19458
050,06,037,"California","Los Angeles County",3,83,30900,12653,18247
050,06,037,"California","Los Angeles County",3,84,27664,11125,16539
050,06,037,"California","Los Angeles County",3,85,174857,62751,112106
050,06,037,"California","Los Angeles County",4,0,97494,49674,47820
050,06,037,"California","Los Angeles County",4,1,92019,46883,45136
050,06,037,"California","Los Angeles County",4,2,96968,49699,47269
050,06,037,"California","Los Angeles County",4,3,99604,50617,48987
050,06,037,"California","Los Angeles County",4,4,103260,52522,50738
050,06,037,"California","Los Angeles County",4,5,107566,55017,52549
050,06,037,"California","Los Angeles County",4,6,110272,56655,53617
050,06,037,"California","Los Angeles County",4,7,112940,57959,54981
050,06,037,"California","Los Angeles County",4,8,113456,58449,55007
050,06,037,"California","Los Angeles County",4,9,113764,58333,55431
050,06,037,"California","Los Angeles County",4,10,113209,58045,55164
050,06,037,"California","Los Angeles County",4,11,114792,58839,55953
050,06,037,"California","Los Angeles County",4,12,115969,59678,56291
050,06,037,"California","Los Angeles County",4,13,117731,60512,57219
050,06,037,"California","Los Angeles County",4,14,123270,63458,59812
050,06,037,"California","Los Angeles County",4,15,122974,63139,59835
050,06,037,"California","Los Angeles County",4,16,120759,61919,58840
050,06,037,"California","Los Angeles County",4,17,120842,61809,59033
050,06,037,"California","Los Angeles County",4,18,122013,61765,60248
050,06,037,"California","Los Angeles County",4,19,118390,59398,58992
050,06,037,"California","Los Angeles County",4,20,118194,59555,58639
050,06,037,"California","Los Angeles County",4,21,120185,60728,59457
050,06,037,"California","Los Angeles County",4,22,122531,61745,60786
050,06,037,"California","Los Angeles County",4,23,124982,62424,62558
050,06,037,"California","Los Angeles County",4,24,131121,65711,65410
050,06,037,"California","Los Angeles County",4,25,137193,68646,68547
050,06,037,"California","Los Angeles County",4,26,142534,71406,71128
050,06,037,"California","Los Angeles County",4,27,146825,73737,73088
050,06,037,"California","Los Angeles County",4,28,150599,75648,74951
050,06,037,"California","Los Angeles County",4,29,154495,77968,76527
050,06,037,"California","Los Angeles County",4,30,159327,80583,78744
050,06,037,"California","Los Angeles County",4,31,163477,83019,80458
050,06,037,"California","Los Angeles County",4,32,164208,83685,80523
050,06,037,"California","Los Angeles County",4,33,157417,80406,77011
050,06,037,"California","Los Angeles County",4,34,152708,78004,74704
050,06,037,"California","Los Angeles County",4,35,149356,76876,72480
050,06,037,"California","Los Angeles County",4,36,145655,74999,70656
050,06,037,"California","Los Angeles County",4,37,142236,73083,69153
050,06,037,"California","Los Angeles County",4,38,137106,70102,67004
050,06,037,"California","Los Angeles County",4,39,138080,70494,67586
050,06,037,"California","Los Angeles County",4,40,138088,70324,67764
050,06,037,"California","Los Angeles County",4,41,134544,68313,66231
050,06,037,"California","Los Angeles County",4,42,134073,68154,65919
050,06,037,"California","Los Angeles County",4,43,127359,64293,63066
050,06,037,"California","Los Angeles County",4,44,125896,63325,62571
050,06,037,"California","Los Angeles County",4,45,125954,62713,63241
050,06,037,"California","Los Angeles County",4,46,124551,62053,62498
050,06,037,"California","Los Angeles County",4,47,126231,62968,63263
050,06,037,"California","Los Angeles County",4,48,124699,62114,62585
050,06,037,"California","Los Angeles County",4,49,124541,61900,62641
050,06,037,"California","Los Angeles County",4,50,128495,64128,64367
050,06,037,"California","Los Angeles County",4,51,134252,67040,67212
050,06,037,"California","Los Angeles County",4,52,134705,67742,66963
050,06,037,"California","Los Angeles County",4,53,129566,65156,64410
050,06,037,"California","Los Angeles County",4,54,125814,63064,62750
050,06,037,"California","Los Angeles County",4,55,123609,61647,61962
050,06,037,"California","Los Angeles County",4,56,123846,61791,62055
050,06,037,"California","Los Angeles County",4,57,125840,62407,63433
050,06,037,"California","Los Angeles County",4,58,125921,62495,63426
050,06,037,"California","Los Angeles County",4,59,124320,61204,63116
050,06,037,"California","Los Angeles County",4,60,121828,59922,61906
050,06,037,"California","Los Angeles County",4,61,119128,58571,60557
050,06,037,"California","Los Angeles County",4,62,118658,58032,60626
050,06,037,"California","Los Angeles County",4,63,113298,54874,58424
050,06,037,"California","Los Angeles County",4,64,110305,53176,57129
050,06,037,"California","Los Angeles County",4,65,106608,50979,55629
050,06,037,"California","Los Angeles County",4,66,101696,48216,53480
050,06,037,"California","Los Angeles County",4,67,99333,46913,52420
050,06,037,"California","Los Angeles County",4,68,93425,43879,49546
050,06,037,"California","Los Angeles County",4,69,87440,40849,46591
050,06,037,"California","Los Angeles County",4,70,83096,38471,44625
050,06,037,"California","Los Angeles County",4,71,78854,35916,42938
050,06,037,"California","Los Angeles County",4,72,76007,34201,41806
050,06,037,"California","Los Angeles County",4,73,71380,31799,39581
050,06,037,"California","Los Angeles County",4,74,68272,30469,37803
050,06,037,"California","Los Angeles County",4,75,68753,30847,37906
050,06,037,"California","Los Angeles County",4,76,53165,23304,29861
050,06,037,"California","Los Angeles County",4,77,50991,22168,28823
050,06,037,"California","Los Angeles County",4,78,47628,20565,27063
050,06,037,"California","Los Angeles County",4,79,45830,19651,26179
050,06,037,"California","Los Angeles County",4,80,40192,16947,23245
050,06,037,"California","Los Angeles County",4,81,36568,15324,21244
050,06,037,"California","Los Angeles County",4,82,33969,13994,19975
050,06,037,"California","Los Angeles County",4,83,31047,12672,18375
050,06,037,"California","Los Angeles County",4,84,28713,11510,17203
050,06,037,"California","Los Angeles County",4,85,175756,63244,112512
050,06,037,"California","Los Angeles County",5,0,95934,48875,47059
050,06,037,"California","Los Angeles County",5,1,95427,48676,46751
050,06,037,"California","Los Angeles County",5,2,90593,46147,44446
050,06,037,"California","Los Angeles County",5,3,95628,49019,46609
050,06,037,"California","Los Angeles County",5,4,98295,50061,48234
050,06,037,"California","Los Angeles County",5,5,101751,51864,49887
050,06,037,"California","Los Angeles County",5,6,105974,54311,51663
050,06,037,"California","Los Angeles County",5,7,109031,55939,53092
050,06,037,"California","Los Angeles County",5,8,111668,57235,54433
050,06,037,"California","Los Angeles County",5,9,112171,57851,54320
050,06,037,"California","Los Angeles County",5,10,112614,57760,54854
050,06,037,"California","Los Angeles County",5,11,112132,57545,54587
050,06,037,"California","Los Angeles County",5,12,113618,58254,55364
050,06,037,"California","Los Angeles County",5,13,114883,59097,55786
050,06,037,"California","Los Angeles County",5,14,116966,60030,56936
050,06,037,"California","Los Angeles County",5,15,122687,63089,59598
050,06,037,"California","Los Angeles County",5,16,122551,62840,59711
050,06,037,"California","Los Angeles County",5,17,120847,61958,58889
050,06,037,"California","Los Angeles County",5,18,122212,62011,60201
050,06,037,"California","Los Angeles County",5,19,120220,60295,59925
050,06,037,"California","Los Angeles County",5,20,119202,59910,59292
050,06,037,"California","Los Angeles County",5,21,117202,59127,58075
050,06,037,"California","Los Angeles County",5,22,121070,60828,60242
050,06,037,"California","Los Angeles County",5,23,125069,62721,62348
050,06,037,"California","Los Angeles County",5,24,128090,63887,64203
050,06,037,"California","Los Angeles County",5,25,133603,66981,66622
050,06,037,"California","Los Angeles County",5,26,138804,69358,69446
050,06,037,"California","Los Angeles County",5,27,143183,71585,71598
050,06,037,"California","Los Angeles County",5,28,146681,73644,73037
050,06,037,"California","Los Angeles County",5,29,150149,75476,74673
050,06,037,"California","Los Angeles County",5,30,153490,77537,75953
050,06,037,"California","Los Angeles County",5,31,157134,79419,77715
050,06,037,"California","Los Angeles County",5,32,161724,81886,79838
050,06,037,"California","Los Angeles County",5,33,161534,82301,79233
050,06,037,"California","Los Angeles County",5,34,154671,78716,75955
050,06,037,"California","Los Angeles County",5,35,150255,76789,73466
050,06,037,"California","Los Angeles County",5,36,146698,75360,71338
050,06,037,"California","Los Angeles County",5,37,143244,73765,69479
050,06,037,"California","Los Angeles County",5,38,139830,71600,68230
050,06,037,"California","Los Angeles County",5,39,134839,68963,65876
050,06,037,"California","Los Angeles County",5,40,136104,69477,66627
050,06,037,"California","Los Angeles County",5,41,135459,68792,66667
050,06,037,"California","Los Angeles County",5,42,132216,67034,65182
050,06,037,"California","Los Angeles County",5,43,132166,67006,65160
050,06,037,"California","Los Angeles County",5,44,125362,63249,62113
050,06,037,"California","Los Angeles County",5,45,124780,62659,62121
050,06,037,"California","Los Angeles County",5,46,123917,61521,62396
050,06,037,"California","Los Angeles County",5,47,122576,60976,61600
050,06,037,"California","Los Angeles County",5,48,124958,62385,62573
050,06,037,"California","Los Angeles County",5,49,122722,60966,61756
050,06,037,"California","Los Angeles County",5,50,123117,61314,61803
050,06,037,"California","Los Angeles County",5,51,126501,62819,63682
050,06,037,"California","Los Angeles County",5,52,132397,66062,66335
050,06,037,"California","Los Angeles County",5,53,132611,66557,66054
050,06,037,"California","Los Angeles County",5,54,127556,63956,63600
050,06,037,"California","Los Angeles County",5,55,124004,62049,61955
050,06,037,"California","Los Angeles County",5,56,121659,60542,61117
050,06,037,"California","Los Angeles County",5,57,121564,60450,61114
050,06,037,"California","Los Angeles County",5,58,123570,61299,62271
050,06,037,"California","Los Angeles County",5,59,123576,61187,62389
050,06,037,"California","Los Angeles County",5,60,121876,59941,61935
050,06,037,"California","Los Angeles County",5,61,118925,58277,60648
050,06,037,"California","Los Angeles County",5,62,116635,57138,59497
050,06,037,"California","Los Angeles County",5,63,115914,56563,59351
050,06,037,"California","Los Angeles County",5,64,110737,53396,57341
050,06,037,"California","Los Angeles County",5,65,107353,51571,55782
050,06,037,"California","Los Angeles County",5,66,104120,49582,54538
050,06,037,"California","Los Angeles County",5,67,99160,46786,52374
050,06,037,"California","Los Angeles County",5,68,96996,45608,51388
050,06,037,"California","Los Angeles County",5,69,91014,42570,48444
050,06,037,"California","Los Angeles County",5,70,85284,39678,45606
050,06,037,"California","Los Angeles County",5,71,80918,37276,43642
050,06,037,"California","Los Angeles County",5,72,76913,34882,42031
050,06,037,"California","Los Angeles County",5,73,74084,33139,40945
050,06,037,"California","Los Angeles County",5,74,69257,30648,38609
050,06,037,"California","Los Angeles County",5,75,66177,29245,36932
050,06,037,"California","Los Angeles County",5,76,66647,29698,36949
050,06,037,"California","Los Angeles County",5,77,51438,22461,28977
050,06,037,"California","Los Angeles County",5,78,49162,21282,27880
050,06,037,"California","Los Angeles County",5,79,45839,19597,26242
050,06,037,"California","Los Angeles County",5,80,43733,18550,25183
050,06,037,"California","Los Angeles County",5,81,38152,15927,22225
050,06,037,"California","Los Angeles County",5,82,34624,14309,20315
050,06,037,"California","Los Angeles County",5,83,32055,13110,18945
050,06,037,"California","Los Angeles County",5,84,29028,11680,17348
050,06,037,"California","Los Angeles County",5,85,178815,64642,114173
050,06,039,"California","Madera County",1,0,1991,1022,969
050,06,039,"California","Madera County",1,1,2102,1091,1011
050,06,039,"California","Madera County",1,2,2198,1117,1081
050,06,039,"California","Madera County",1,3,2298,1200,1098
050,06,039,"California","Madera County",1,4,2406,1247,1159
050,06,039,"California","Madera County",1,5,2427,1228,1199
050,06,039,"California","Madera County",1,6,2369,1201,1168
050,06,039,"California","Madera County",1,7,2425,1229,1196
050,06,039,"California","Madera County",1,8,2500,1289,1211
050,06,039,"California","Madera County",1,9,2528,1298,1230
050,06,039,"California","Madera County",1,10,2498,1281,1217
050,06,039,"California","Madera County",1,11,2508,1259,1249
050,06,039,"California","Madera County",1,12,2641,1319,1322
050,06,039,"California","Madera County",1,13,2608,1321,1287
050,06,039,"California","Madera County",1,14,2541,1275,1266
050,06,039,"California","Madera County",1,15,2439,1228,1211
050,06,039,"California","Madera County",1,16,2391,1183,1208
050,06,039,"California","Madera County",1,17,2351,1180,1171
050,06,039,"California","Madera County",1,18,2166,1119,1047
050,06,039,"California","Madera County",1,19,1996,1031,965
050,06,039,"California","Madera County",1,20,1981,1018,963
050,06,039,"California","Madera County",1,21,2036,1006,1030
050,06,039,"California","Madera County",1,22,2013,978,1035
050,06,039,"California","Madera County",1,23,2078,983,1095
050,06,039,"California","Madera County",1,24,2033,946,1087
050,06,039,"California","Madera County",1,25,2092,972,1120
050,06,039,"California","Madera County",1,26,2057,956,1101
050,06,039,"California","Madera County",1,27,2178,1025,1153
050,06,039,"California","Madera County",1,28,2286,1097,1189
050,06,039,"California","Madera County",1,29,2274,1093,1181
050,06,039,"California","Madera County",1,30,2215,1044,1171
050,06,039,"California","Madera County",1,31,2119,994,1125
050,06,039,"California","Madera County",1,32,2062,989,1073
050,06,039,"California","Madera County",1,33,2105,998,1107
050,06,039,"California","Madera County",1,34,2072,981,1091
050,06,039,"California","Madera County",1,35,2092,984,1108
050,06,039,"California","Madera County",1,36,2083,1015,1068
050,06,039,"California","Madera County",1,37,2129,1004,1125
050,06,039,"California","Madera County",1,38,2057,980,1077
050,06,039,"California","Madera County",1,39,2077,943,1134
050,06,039,"California","Madera County",1,40,2054,972,1082
050,06,039,"California","Madera County",1,41,1983,913,1070
050,06,039,"California","Madera County",1,42,1934,860,1074
050,06,039,"California","Madera County",1,43,1868,866,1002
050,06,039,"California","Madera County",1,44,1801,821,980
050,06,039,"California","Madera County",1,45,1840,833,1007
050,06,039,"California","Madera County",1,46,1776,826,950
050,06,039,"California","Madera County",1,47,1790,846,944
050,06,039,"California","Madera County",1,48,1823,830,993
050,06,039,"California","Madera County",1,49,1911,902,1009
050,06,039,"California","Madera County",1,50,1818,889,929
050,06,039,"California","Madera County",1,51,1714,837,877
050,06,039,"California","Madera County",1,52,1672,801,871
050,06,039,"California","Madera County",1,53,1704,836,868
050,06,039,"California","Madera County",1,54,1703,851,852
050,06,039,"California","Madera County",1,55,1743,903,840
050,06,039,"California","Madera County",1,56,1728,845,883
050,06,039,"California","Madera County",1,57,1772,878,894
050,06,039,"California","Madera County",1,58,1769,883,886
050,06,039,"California","Madera County",1,59,1763,852,911
050,06,039,"California","Madera County",1,60,1789,859,930
050,06,039,"California","Madera County",1,61,1696,820,876
050,06,039,"California","Madera County",1,62,1689,829,860
050,06,039,"California","Madera County",1,63,1709,845,864
050,06,039,"California","Madera County",1,64,1621,783,838
050,06,039,"California","Madera County",1,65,1604,764,840
050,06,039,"California","Madera County",1,66,1567,756,811
050,06,039,"California","Madera County",1,67,1562,762,800
050,06,039,"California","Madera County",1,68,1447,713,734
050,06,039,"California","Madera County",1,69,1403,704,699
050,06,039,"California","Madera County",1,70,1371,689,682
050,06,039,"California","Madera County",1,71,1289,623,666
050,06,039,"California","Madera County",1,72,1255,585,670
050,06,039,"California","Madera County",1,73,1257,623,634
050,06,039,"California","Madera County",1,74,934,442,492
050,06,039,"California","Madera County",1,75,894,418,476
050,06,039,"California","Madera County",1,76,870,416,454
050,06,039,"California","Madera County",1,77,803,389,414
050,06,039,"California","Madera County",1,78,679,323,356
050,06,039,"California","Madera County",1,79,654,305,349
050,06,039,"California","Madera County",1,80,604,281,323
050,06,039,"California","Madera County",1,81,566,285,281
050,06,039,"California","Madera County",1,82,484,227,257
050,06,039,"California","Madera County",1,83,411,181,230
050,06,039,"California","Madera County",1,84,357,166,191
050,06,039,"California","Madera County",1,85,2155,898,1257
050,06,039,"California","Madera County",2,0,2002,1048,954
050,06,039,"California","Madera County",2,1,2091,1082,1009
050,06,039,"California","Madera County",2,2,2183,1115,1068
050,06,039,"California","Madera County",2,3,2275,1181,1094
050,06,039,"California","Madera County",2,4,2390,1241,1149
050,06,039,"California","Madera County",2,5,2429,1235,1194
050,06,039,"California","Madera County",2,6,2388,1211,1177
050,06,039,"California","Madera County",2,7,2416,1224,1192
050,06,039,"California","Madera County",2,8,2480,1274,1206
050,06,039,"California","Madera County",2,9,2536,1305,1231
050,06,039,"California","Madera County",2,10,2510,1286,1224
050,06,039,"California","Madera County",2,11,2498,1259,1239
050,06,039,"California","Madera County",2,12,2628,1312,1316
050,06,039,"California","Madera County",2,13,2613,1316,1297
050,06,039,"California","Madera County",2,14,2562,1287,1275
050,06,039,"California","Madera County",2,15,2474,1244,1230
050,06,039,"California","Madera County",2,16,2410,1199,1211
050,06,039,"California","Madera County",2,17,2361,1182,1179
050,06,039,"California","Madera County",2,18,2161,1112,1049
050,06,039,"California","Madera County",2,19,2000,1032,968
050,06,039,"California","Madera County",2,20,2007,1031,976
050,06,039,"California","Madera County",2,21,2025,1010,1015
050,06,039,"California","Madera County",2,22,2015,985,1030
050,06,039,"California","Madera County",2,23,2056,977,1079
050,06,039,"California","Madera County",2,24,2043,957,1086
050,06,039,"California","Madera County",2,25,2059,963,1096
050,06,039,"California","Madera County",2,26,2065,967,1098
050,06,039,"California","Madera County",2,27,2144,1012,1132
050,06,039,"California","Madera County",2,28,2260,1086,1174
050,06,039,"California","Madera County",2,29,2265,1091,1174
050,06,039,"California","Madera County",2,30,2235,1070,1165
050,06,039,"California","Madera County",2,31,2118,997,1121
050,06,039,"California","Madera County",2,32,2081,996,1085
050,06,039,"California","Madera County",2,33,2083,992,1091
050,06,039,"California","Madera County",2,34,2079,992,1087
050,06,039,"California","Madera County",2,35,2100,999,1101
050,06,039,"California","Madera County",2,36,2073,1005,1068
050,06,039,"California","Madera County",2,37,2110,1007,1103
050,06,039,"California","Madera County",2,38,2082,993,1089
050,06,039,"California","Madera County",2,39,2065,952,1113
050,06,039,"California","Madera County",2,40,2075,982,1093
050,06,039,"California","Madera County",2,41,1981,920,1061
050,06,039,"California","Madera County",2,42,1939,874,1065
050,06,039,"California","Madera County",2,43,1883,867,1016
050,06,039,"California","Madera County",2,44,1807,830,977
050,06,039,"California","Madera County",2,45,1831,839,992
050,06,039,"California","Madera County",2,46,1774,824,950
050,06,039,"California","Madera County",2,47,1776,838,938
050,06,039,"California","Madera County",2,48,1815,836,979
050,06,039,"California","Madera County",2,49,1885,890,995
050,06,039,"California","Madera County",2,50,1829,895,934
050,06,039,"California","Madera County",2,51,1718,839,879
050,06,039,"California","Madera County",2,52,1675,812,863
050,06,039,"California","Madera County",2,53,1682,826,856
050,06,039,"California","Madera County",2,54,1701,852,849
050,06,039,"California","Madera County",2,55,1735,897,838
050,06,039,"California","Madera County",2,56,1741,862,879
050,06,039,"California","Madera County",2,57,1764,874,890
050,06,039,"California","Madera County",2,58,1767,883,884
050,06,039,"California","Madera County",2,59,1761,861,900
050,06,039,"California","Madera County",2,60,1790,862,928
050,06,039,"California","Madera County",2,61,1717,832,885
050,06,039,"California","Madera County",2,62,1679,824,855
050,06,039,"California","Madera County",2,63,1710,847,863
050,06,039,"California","Madera County",2,64,1639,795,844
050,06,039,"California","Madera County",2,65,1614,773,841
050,06,039,"California","Madera County",2,66,1570,756,814
050,06,039,"California","Madera County",2,67,1551,755,796
050,06,039,"California","Madera County",2,68,1453,714,739
050,06,039,"California","Madera County",2,69,1419,708,711
050,06,039,"California","Madera County",2,70,1373,692,681
050,06,039,"California","Madera County",2,71,1305,633,672
050,06,039,"California","Madera County",2,72,1242,584,658
050,06,039,"California","Madera County",2,73,1297,631,666
050,06,039,"California","Madera County",2,74,953,453,500
050,06,039,"California","Madera County",2,75,897,420,477
050,06,039,"California","Madera County",2,76,863,412,451
050,06,039,"California","Madera County",2,77,823,398,425
050,06,039,"California","Madera County",2,78,686,328,358
050,06,039,"California","Madera County",2,79,645,303,342
050,06,039,"California","Madera County",2,80,603,279,324
050,06,039,"California","Madera County",2,81,566,279,287
050,06,039,"California","Madera County",2,82,498,234,264
050,06,039,"California","Madera County",2,83,411,185,226
050,06,039,"California","Madera County",2,84,363,171,192
050,06,039,"California","Madera County",2,85,2167,902,1265
050,06,039,"California","Madera County",3,0,2062,1085,977
050,06,039,"California","Madera County",3,1,2052,1063,989
050,06,039,"California","Madera County",3,2,2127,1109,1018
050,06,039,"California","Madera County",3,3,2246,1161,1085
050,06,039,"California","Madera County",3,4,2311,1203,1108
050,06,039,"California","Madera County",3,5,2428,1264,1164
050,06,039,"California","Madera County",3,6,2465,1248,1217
050,06,039,"California","Madera County",3,7,2462,1247,1215
050,06,039,"California","Madera County",3,8,2440,1238,1202
050,06,039,"California","Madera County",3,9,2509,1294,1215
050,06,039,"California","Madera County",3,10,2577,1336,1241
050,06,039,"California","Madera County",3,11,2538,1306,1232
050,06,039,"California","Madera County",3,12,2554,1297,1257
050,06,039,"California","Madera County",3,13,2628,1315,1313
050,06,039,"California","Madera County",3,14,2656,1346,1310
050,06,039,"California","Madera County",3,15,2601,1322,1279
050,06,039,"California","Madera County",3,16,2514,1253,1261
050,06,039,"California","Madera County",3,17,2443,1223,1220
050,06,039,"California","Madera County",3,18,2204,1118,1086
050,06,039,"California","Madera County",3,19,2012,1024,988
050,06,039,"California","Madera County",3,20,2086,1053,1033
050,06,039,"California","Madera County",3,21,2105,1057,1048
050,06,039,"California","Madera County",3,22,2064,1028,1036
050,06,039,"California","Madera County",3,23,2094,1007,1087
050,06,039,"California","Madera County",3,24,2133,1017,1116
050,06,039,"California","Madera County",3,25,2024,964,1060
050,06,039,"California","Madera County",3,26,2121,988,1133
050,06,039,"California","Madera County",3,27,2133,992,1141
050,06,039,"California","Madera County",3,28,2227,1044,1183
050,06,039,"California","Madera County",3,29,2301,1101,1200
050,06,039,"California","Madera County",3,30,2314,1120,1194
050,06,039,"California","Madera County",3,31,2302,1115,1187
050,06,039,"California","Madera County",3,32,2210,1060,1150
050,06,039,"California","Madera County",3,33,2131,1024,1107
050,06,039,"California","Madera County",3,34,2113,1028,1085
050,06,039,"California","Madera County",3,35,2154,1035,1119
050,06,039,"California","Madera County",3,36,2136,1024,1112
050,06,039,"California","Madera County",3,37,2126,1030,1096
050,06,039,"California","Madera County",3,38,2175,1032,1143
050,06,039,"California","Madera County",3,39,2172,1029,1143
050,06,039,"California","Madera County",3,40,2094,979,1115
050,06,039,"California","Madera County",3,41,2122,1017,1105
050,06,039,"California","Madera County",3,42,2051,956,1095
050,06,039,"California","Madera County",3,43,1980,901,1079
050,06,039,"California","Madera County",3,44,1894,886,1008
050,06,039,"California","Madera County",3,45,1869,874,995
050,06,039,"California","Madera County",3,46,1838,843,995
050,06,039,"California","Madera County",3,47,1813,841,972
050,06,039,"California","Madera County",3,48,1793,828,965
050,06,039,"California","Madera County",3,49,1804,836,968
050,06,039,"California","Madera County",3,50,1883,927,956
050,06,039,"California","Madera County",3,51,1837,878,959
050,06,039,"California","Madera County",3,52,1725,863,862
050,06,039,"California","Madera County",3,53,1640,804,836
050,06,039,"California","Madera County",3,54,1684,842,842
050,06,039,"California","Madera County",3,55,1690,859,831
050,06,039,"California","Madera County",3,56,1743,884,859
050,06,039,"California","Madera County",3,57,1736,876,860
050,06,039,"California","Madera County",3,58,1722,848,874
050,06,039,"California","Madera County",3,59,1760,874,886
050,06,039,"California","Madera County",3,60,1743,848,895
050,06,039,"California","Madera County",3,61,1777,858,919
050,06,039,"California","Madera County",3,62,1688,823,865
050,06,039,"California","Madera County",3,63,1673,825,848
050,06,039,"California","Madera County",3,64,1705,851,854
050,06,039,"California","Madera County",3,65,1646,810,836
050,06,039,"California","Madera County",3,66,1566,757,809
050,06,039,"California","Madera County",3,67,1543,746,797
050,06,039,"California","Madera County",3,68,1517,740,777
050,06,039,"California","Madera County",3,69,1419,696,723
050,06,039,"California","Madera County",3,70,1389,700,689
050,06,039,"California","Madera County",3,71,1337,667,670
050,06,039,"California","Madera County",3,72,1255,612,643
050,06,039,"California","Madera County",3,73,1212,560,652
050,06,039,"California","Madera County",3,74,1245,607,638
050,06,039,"California","Madera County",3,75,903,429,474
050,06,039,"California","Madera County",3,76,851,400,451
050,06,039,"California","Madera County",3,77,830,385,445
050,06,039,"California","Madera County",3,78,771,371,400
050,06,039,"California","Madera County",3,79,626,294,332
050,06,039,"California","Madera County",3,80,596,275,321
050,06,039,"California","Madera County",3,81,566,263,303
050,06,039,"California","Madera County",3,82,537,253,284
050,06,039,"California","Madera County",3,83,459,217,242
050,06,039,"California","Madera County",3,84,370,168,202
050,06,039,"California","Madera County",3,85,2114,888,1226
050,06,039,"California","Madera County",4,0,2085,1078,1007
050,06,039,"California","Madera County",4,1,2075,1104,971
050,06,039,"California","Madera County",4,2,2115,1081,1034
050,06,039,"California","Madera County",4,3,2202,1150,1052
050,06,039,"California","Madera County",4,4,2258,1158,1100
050,06,039,"California","Madera County",4,5,2347,1234,1113
050,06,039,"California","Madera County",4,6,2489,1278,1211
050,06,039,"California","Madera County",4,7,2475,1254,1221
050,06,039,"California","Madera County",4,8,2463,1255,1208
050,06,039,"California","Madera County",4,9,2482,1276,1206
050,06,039,"California","Madera County",4,10,2555,1320,1235
050,06,039,"California","Madera County",4,11,2602,1339,1263
050,06,039,"California","Madera County",4,12,2562,1319,1243
050,06,039,"California","Madera County",4,13,2600,1338,1262
050,06,039,"California","Madera County",4,14,2645,1320,1325
050,06,039,"California","Madera County",4,15,2677,1347,1330
050,06,039,"California","Madera County",4,16,2647,1341,1306
050,06,039,"California","Madera County",4,17,2572,1293,1279
050,06,039,"California","Madera County",4,18,2278,1138,1140
050,06,039,"California","Madera County",4,19,2015,1008,1007
050,06,039,"California","Madera County",4,20,2068,1041,1027
050,06,039,"California","Madera County",4,21,2151,1066,1085
050,06,039,"California","Madera County",4,22,2104,1069,1035
050,06,039,"California","Madera County",4,23,2121,1026,1095
050,06,039,"California","Madera County",4,24,2136,993,1143
050,06,039,"California","Madera County",4,25,2109,1013,1096
050,06,039,"California","Madera County",4,26,2045,976,1069
050,06,039,"California","Madera County",4,27,2122,950,1172
050,06,039,"California","Madera County",4,28,2157,1002,1155
050,06,039,"California","Madera County",4,29,2246,1049,1197
050,06,039,"California","Madera County",4,30,2328,1138,1190
050,06,039,"California","Madera County",4,31,2305,1116,1189
050,06,039,"California","Madera County",4,32,2321,1131,1190
050,06,039,"California","Madera County",4,33,2230,1057,1173
050,06,039,"California","Madera County",4,34,2144,1048,1096
050,06,039,"California","Madera County",4,35,2186,1073,1113
050,06,039,"California","Madera County",4,36,2178,1062,1116
050,06,039,"California","Madera County",4,37,2166,1030,1136
050,06,039,"California","Madera County",4,38,2145,1049,1096
050,06,039,"California","Madera County",4,39,2214,1048,1166
050,06,039,"California","Madera County",4,40,2189,1048,1141
050,06,039,"California","Madera County",4,41,2072,980,1092
050,06,039,"California","Madera County",4,42,2200,1041,1159
050,06,039,"California","Madera County",4,43,2064,952,1112
050,06,039,"California","Madera County",4,44,1969,893,1076
050,06,039,"California","Madera County",4,45,1905,894,1011
050,06,039,"California","Madera County",4,46,1851,863,988
050,06,039,"California","Madera County",4,47,1853,867,986
050,06,039,"California","Madera County",4,48,1796,820,976
050,06,039,"California","Madera County",4,49,1768,838,930
050,06,039,"California","Madera County",4,50,1807,848,959
050,06,039,"California","Madera County",4,51,1876,925,951
050,06,039,"California","Madera County",4,52,1821,890,931
050,06,039,"California","Madera County",4,53,1718,861,857
050,06,039,"California","Madera County",4,54,1623,814,809
050,06,039,"California","Madera County",4,55,1689,860,829
050,06,039,"California","Madera County",4,56,1656,832,824
050,06,039,"California","Madera County",4,57,1735,881,854
050,06,039,"California","Madera County",4,58,1714,856,858
050,06,039,"California","Madera County",4,59,1684,833,851
050,06,039,"California","Madera County",4,60,1718,841,877
050,06,039,"California","Madera County",4,61,1728,838,890
050,06,039,"California","Madera County",4,62,1737,816,921
050,06,039,"California","Madera County",4,63,1666,821,845
050,06,039,"California","Madera County",4,64,1654,811,843
050,06,039,"California","Madera County",4,65,1666,841,825
050,06,039,"California","Madera County",4,66,1608,790,818
050,06,039,"California","Madera County",4,67,1531,738,793
050,06,039,"California","Madera County",4,68,1519,732,787
050,06,039,"California","Madera County",4,69,1491,731,760
050,06,039,"California","Madera County",4,70,1388,684,704
050,06,039,"California","Madera County",4,71,1337,661,676
050,06,039,"California","Madera County",4,72,1296,645,651
050,06,039,"California","Madera County",4,73,1203,587,616
050,06,039,"California","Madera County",4,74,1158,537,621
050,06,039,"California","Madera County",4,75,1189,577,612
050,06,039,"California","Madera County",4,76,846,398,448
050,06,039,"California","Madera County",4,77,829,391,438
050,06,039,"California","Madera County",4,78,778,357,421
050,06,039,"California","Madera County",4,79,727,344,383
050,06,039,"California","Madera County",4,80,563,259,304
050,06,039,"California","Madera County",4,81,555,259,296
050,06,039,"California","Madera County",4,82,528,232,296
050,06,039,"California","Madera County",4,83,489,234,255
050,06,039,"California","Madera County",4,84,415,203,212
050,06,039,"California","Madera County",4,85,2100,888,1212
050,06,039,"California","Madera County",5,0,2047,1055,992
050,06,039,"California","Madera County",5,1,2213,1147,1066
050,06,039,"California","Madera County",5,2,2113,1130,983
050,06,039,"California","Madera County",5,3,2173,1099,1074
050,06,039,"California","Madera County",5,4,2241,1177,1064
050,06,039,"California","Madera County",5,5,2304,1192,1112
050,06,039,"California","Madera County",5,6,2368,1245,1123
050,06,039,"California","Madera County",5,7,2506,1270,1236
050,06,039,"California","Madera County",5,8,2497,1260,1237
050,06,039,"California","Madera County",5,9,2492,1278,1214
050,06,039,"California","Madera County",5,10,2499,1287,1212
050,06,039,"California","Madera County",5,11,2561,1322,1239
050,06,039,"California","Madera County",5,12,2620,1351,1269
050,06,039,"California","Madera County",5,13,2566,1327,1239
050,06,039,"California","Madera County",5,14,2625,1339,1286
050,06,039,"California","Madera County",5,15,2688,1329,1359
050,06,039,"California","Madera County",5,16,2701,1378,1323
050,06,039,"California","Madera County",5,17,2700,1379,1321
050,06,039,"California","Madera County",5,18,2376,1222,1154
050,06,039,"California","Madera County",5,19,2124,1046,1078
050,06,039,"California","Madera County",5,20,2098,1021,1077
050,06,039,"California","Madera County",5,21,2189,1077,1112
050,06,039,"California","Madera County",5,22,2211,1079,1132
050,06,039,"California","Madera County",5,23,2219,1097,1122
050,06,039,"California","Madera County",5,24,2165,1013,1152
050,06,039,"California","Madera County",5,25,2163,1034,1129
050,06,039,"California","Madera County",5,26,2139,1025,1114
050,06,039,"California","Madera County",5,27,2077,954,1123
050,06,039,"California","Madera County",5,28,2181,960,1221
050,06,039,"California","Madera County",5,29,2211,1014,1197
050,06,039,"California","Madera County",5,30,2313,1084,1229
050,06,039,"California","Madera County",5,31,2367,1151,1216
050,06,039,"California","Madera County",5,32,2351,1134,1217
050,06,039,"California","Madera County",5,33,2337,1129,1208
050,06,039,"California","Madera County",5,34,2239,1055,1184
050,06,039,"California","Madera County",5,35,2188,1070,1118
050,06,039,"California","Madera County",5,36,2243,1091,1152
050,06,039,"California","Madera County",5,37,2230,1075,1155
050,06,039,"California","Madera County",5,38,2240,1063,1177
050,06,039,"California","Madera County",5,39,2217,1062,1155
050,06,039,"California","Madera County",5,40,2273,1082,1191
050,06,039,"California","Madera County",5,41,2187,1043,1144
050,06,039,"California","Madera County",5,42,2148,998,1150
050,06,039,"California","Madera County",5,43,2211,1050,1161
050,06,039,"California","Madera County",5,44,2110,983,1127
050,06,039,"California","Madera County",5,45,2012,927,1085
050,06,039,"California","Madera County",5,46,1930,893,1037
050,06,039,"California","Madera County",5,47,1874,887,987
050,06,039,"California","Madera County",5,48,1898,874,1024
050,06,039,"California","Madera County",5,49,1790,819,971
050,06,039,"California","Madera County",5,50,1769,848,921
050,06,039,"California","Madera County",5,51,1807,837,970
050,06,039,"California","Madera County",5,52,1892,922,970
050,06,039,"California","Madera County",5,53,1767,874,893
050,06,039,"California","Madera County",5,54,1723,873,850
050,06,039,"California","Madera County",5,55,1626,841,785
050,06,039,"California","Madera County",5,56,1688,847,841
050,06,039,"California","Madera County",5,57,1654,822,832
050,06,039,"California","Madera County",5,58,1717,860,857
050,06,039,"California","Madera County",5,59,1673,840,833
050,06,039,"California","Madera County",5,60,1699,842,857
050,06,039,"California","Madera County",5,61,1728,846,882
050,06,039,"California","Madera County",5,62,1710,815,895
050,06,039,"California","Madera County",5,63,1717,816,901
050,06,039,"California","Madera County",5,64,1617,789,828
050,06,039,"California","Madera County",5,65,1626,803,823
050,06,039,"California","Madera County",5,66,1630,812,818
050,06,039,"California","Madera County",5,67,1606,779,827
050,06,039,"California","Madera County",5,68,1504,737,767
050,06,039,"California","Madera County",5,69,1493,724,769
050,06,039,"California","Madera County",5,70,1463,726,737
050,06,039,"California","Madera County",5,71,1351,652,699
050,06,039,"California","Madera County",5,72,1314,651,663
050,06,039,"California","Madera County",5,73,1249,618,631
050,06,039,"California","Madera County",5,74,1164,560,604
050,06,039,"California","Madera County",5,75,1113,512,601
050,06,039,"California","Madera County",5,76,1152,544,608
050,06,039,"California","Madera County",5,77,820,377,443
050,06,039,"California","Madera County",5,78,793,373,420
050,06,039,"California","Madera County",5,79,744,340,404
050,06,039,"California","Madera County",5,80,675,314,361
050,06,039,"California","Madera County",5,81,533,248,285
050,06,039,"California","Madera County",5,82,528,233,295
050,06,039,"California","Madera County",5,83,487,222,265
050,06,039,"California","Madera County",5,84,454,223,231
050,06,039,"California","Madera County",5,85,2147,920,1227
050,06,041,"California","Marin County",1,0,2163,1107,1056
050,06,041,"California","Marin County",1,1,2257,1151,1106
050,06,041,"California","Marin County",1,2,2392,1206,1186
050,06,041,"California","Marin County",1,3,2475,1281,1194
050,06,041,"California","Marin County",1,4,2575,1317,1258
050,06,041,"California","Marin County",1,5,2654,1341,1313
050,06,041,"California","Marin County",1,6,2786,1387,1399
050,06,041,"California","Marin County",1,7,2782,1395,1387
050,06,041,"California","Marin County",1,8,2823,1423,1400
050,06,041,"California","Marin County",1,9,2780,1403,1377
050,06,041,"California","Marin County",1,10,3035,1583,1452
050,06,041,"California","Marin County",1,11,3287,1668,1619
050,06,041,"California","Marin County",1,12,3501,1823,1678
050,06,041,"California","Marin County",1,13,3513,1766,1747
050,06,041,"California","Marin County",1,14,3516,1782,1734
050,06,041,"California","Marin County",1,15,3484,1772,1712
050,06,041,"California","Marin County",1,16,3563,1810,1753
050,06,041,"California","Marin County",1,17,3554,1809,1745
050,06,041,"California","Marin County",1,18,3092,1594,1498
050,06,041,"California","Marin County",1,19,2567,1317,1250
050,06,041,"California","Marin County",1,20,2495,1240,1255
050,06,041,"California","Marin County",1,21,2482,1216,1266
050,06,041,"California","Marin County",1,22,2414,1213,1201
050,06,041,"California","Marin County",1,23,2280,1145,1135
050,06,041,"California","Marin County",1,24,2207,1143,1064
050,06,041,"California","Marin County",1,25,2193,1167,1026
050,06,041,"California","Marin County",1,26,2155,1149,1006
050,06,041,"California","Marin County",1,27,2123,1179,944
050,06,041,"California","Marin County",1,28,2104,1158,946
050,06,041,"California","Marin County",1,29,2158,1120,1038
050,06,041,"California","Marin County",1,30,2167,1179,988
050,06,041,"California","Marin County",1,31,2205,1196,1009
050,06,041,"California","Marin County",1,32,2393,1267,1126
050,06,041,"California","Marin County",1,33,2501,1342,1159
050,06,041,"California","Marin County",1,34,2663,1385,1278
050,06,041,"California","Marin County",1,35,2735,1402,1333
050,06,041,"California","Marin County",1,36,2858,1476,1382
050,06,041,"California","Marin County",1,37,2985,1549,1436
050,06,041,"California","Marin County",1,38,2988,1515,1473
050,06,041,"California","Marin County",1,39,3163,1587,1576
050,06,041,"California","Marin County",1,40,3196,1609,1587
050,06,041,"California","Marin County",1,41,3143,1638,1505
050,06,041,"California","Marin County",1,42,3291,1663,1628
050,06,041,"California","Marin County",1,43,3300,1605,1695
050,06,041,"California","Marin County",1,44,3304,1659,1645
050,06,041,"California","Marin County",1,45,3457,1777,1680
050,06,041,"California","Marin County",1,46,3550,1798,1752
050,06,041,"California","Marin County",1,47,3716,1863,1853
050,06,041,"California","Marin County",1,48,3906,1944,1962
050,06,041,"California","Marin County",1,49,4367,2163,2204
050,06,041,"California","Marin County",1,50,4443,2241,2202
050,06,041,"California","Marin County",1,51,4221,2151,2070
050,06,041,"California","Marin County",1,52,4139,2127,2012
050,06,041,"California","Marin County",1,53,4105,2028,2077
050,06,041,"California","Marin County",1,54,4163,2001,2162
050,06,041,"California","Marin County",1,55,4068,2035,2033
050,06,041,"California","Marin County",1,56,4018,1998,2020
050,06,041,"California","Marin County",1,57,4021,2008,2013
050,06,041,"California","Marin County",1,58,3996,1977,2019
050,06,041,"California","Marin County",1,59,4063,1960,2103
050,06,041,"California","Marin County",1,60,3999,1925,2074
050,06,041,"California","Marin County",1,61,3909,1858,2051
050,06,041,"California","Marin County",1,62,3860,1845,2015
050,06,041,"California","Marin County",1,63,3694,1788,1906
050,06,041,"California","Marin County",1,64,3735,1781,1954
050,06,041,"California","Marin County",1,65,3745,1733,2012
050,06,041,"California","Marin County",1,66,3674,1704,1970
050,06,041,"California","Marin County",1,67,3712,1715,1997
050,06,041,"California","Marin County",1,68,3620,1660,1960
050,06,041,"California","Marin County",1,69,3358,1539,1819
050,06,041,"California","Marin County",1,70,3330,1522,1808
050,06,041,"California","Marin County",1,71,3241,1472,1769
050,06,041,"California","Marin County",1,72,3344,1521,1823
050,06,041,"California","Marin County",1,73,3378,1562,1816
050,06,041,"California","Marin County",1,74,2549,1162,1387
050,06,041,"California","Marin County",1,75,2527,1198,1329
050,06,041,"California","Marin County",1,76,2471,1155,1316
050,06,041,"California","Marin County",1,77,2388,1099,1289
050,06,041,"California","Marin County",1,78,1961,901,1060
050,06,041,"California","Marin County",1,79,1670,778,892
050,06,041,"California","Marin County",1,80,1529,672,857
050,06,041,"California","Marin County",1,81,1499,680,819
050,06,041,"California","Marin County",1,82,1313,596,717
050,06,041,"California","Marin County",1,83,1134,482,652
050,06,041,"California","Marin County",1,84,1051,464,587
050,06,041,"California","Marin County",1,85,7095,2682,4413
050,06,041,"California","Marin County",2,0,2140,1108,1032
050,06,041,"California","Marin County",2,1,2238,1142,1096
050,06,041,"California","Marin County",2,2,2368,1202,1166
050,06,041,"California","Marin County",2,3,2448,1259,1189
050,06,041,"California","Marin County",2,4,2560,1314,1246
050,06,041,"California","Marin County",2,5,2637,1336,1301
050,06,041,"California","Marin County",2,6,2756,1374,1382
050,06,041,"California","Marin County",2,7,2784,1392,1392
050,06,041,"California","Marin County",2,8,2797,1409,1388
050,06,041,"California","Marin County",2,9,2789,1409,1380
050,06,041,"California","Marin County",2,10,2963,1534,1429
050,06,041,"California","Marin County",2,11,3206,1640,1566
050,06,041,"California","Marin County",2,12,3462,1793,1669
050,06,041,"California","Marin County",2,13,3503,1778,1725
050,06,041,"California","Marin County",2,14,3511,1775,1736
050,06,041,"California","Marin County",2,15,3489,1773,1716
050,06,041,"California","Marin County",2,16,3540,1795,1745
050,06,041,"California","Marin County",2,17,3541,1804,1737
050,06,041,"California","Marin County",2,18,3097,1596,1501
050,06,041,"California","Marin County",2,19,2590,1332,1258
050,06,041,"California","Marin County",2,20,2545,1269,1276
050,06,041,"California","Marin County",2,21,2474,1218,1256
050,06,041,"California","Marin County",2,22,2389,1186,1203
050,06,041,"California","Marin County",2,23,2271,1135,1136
050,06,041,"California","Marin County",2,24,2175,1116,1059
050,06,041,"California","Marin County",2,25,2167,1137,1030
050,06,041,"California","Marin County",2,26,2135,1133,1002
050,06,041,"California","Marin County",2,27,2113,1161,952
050,06,041,"California","Marin County",2,28,2090,1136,954
050,06,041,"California","Marin County",2,29,2145,1125,1020
050,06,041,"California","Marin County",2,30,2169,1162,1007
050,06,041,"California","Marin County",2,31,2205,1185,1020
050,06,041,"California","Marin County",2,32,2363,1253,1110
050,06,041,"California","Marin County",2,33,2492,1323,1169
050,06,041,"California","Marin County",2,34,2644,1370,1274
050,06,041,"California","Marin County",2,35,2739,1404,1335
050,06,041,"California","Marin County",2,36,2816,1446,1370
050,06,041,"California","Marin County",2,37,2951,1518,1433
050,06,041,"California","Marin County",2,38,3000,1520,1480
050,06,041,"California","Marin County",2,39,3107,1555,1552
050,06,041,"California","Marin County",2,40,3201,1605,1596
050,06,041,"California","Marin County",2,41,3132,1606,1526
050,06,041,"California","Marin County",2,42,3230,1639,1591
050,06,041,"California","Marin County",2,43,3303,1606,1697
050,06,041,"California","Marin County",2,44,3259,1618,1641
050,06,041,"California","Marin County",2,45,3424,1740,1684
050,06,041,"California","Marin County",2,46,3497,1773,1724
050,06,041,"California","Marin County",2,47,3661,1833,1828
050,06,041,"California","Marin County",2,48,3836,1906,1930
050,06,041,"California","Marin County",2,49,4257,2109,2148
050,06,041,"California","Marin County",2,50,4414,2206,2208
050,06,041,"California","Marin County",2,51,4241,2148,2093
050,06,041,"California","Marin County",2,52,4138,2110,2028
050,06,041,"California","Marin County",2,53,4092,2035,2057
050,06,041,"California","Marin County",2,54,4110,1983,2127
050,06,041,"California","Marin County",2,55,4067,2002,2065
050,06,041,"California","Marin County",2,56,4020,1996,2024
050,06,041,"California","Marin County",2,57,4005,1996,2009
050,06,041,"California","Marin County",2,58,3973,1966,2007
050,06,041,"California","Marin County",2,59,4037,1955,2082
050,06,041,"California","Marin County",2,60,4001,1922,2079
050,06,041,"California","Marin County",2,61,3894,1851,2043
050,06,041,"California","Marin County",2,62,3845,1834,2011
050,06,041,"California","Marin County",2,63,3751,1805,1946
050,06,041,"California","Marin County",2,64,3678,1761,1917
050,06,041,"California","Marin County",2,65,3717,1734,1983
050,06,041,"California","Marin County",2,66,3676,1702,1974
050,06,041,"California","Marin County",2,67,3663,1688,1975
050,06,041,"California","Marin County",2,68,3607,1657,1950
050,06,041,"California","Marin County",2,69,3433,1572,1861
050,06,041,"California","Marin County",2,70,3310,1511,1799
050,06,041,"California","Marin County",2,71,3248,1472,1776
050,06,041,"California","Marin County",2,72,3251,1478,1773
050,06,041,"California","Marin County",2,73,3512,1621,1891
050,06,041,"California","Marin County",2,74,2570,1173,1397
050,06,041,"California","Marin County",2,75,2521,1180,1341
050,06,041,"California","Marin County",2,76,2446,1139,1307
050,06,041,"California","Marin County",2,77,2451,1131,1320
050,06,041,"California","Marin County",2,78,2006,924,1082
050,06,041,"California","Marin County",2,79,1721,801,920
050,06,041,"California","Marin County",2,80,1546,691,855
050,06,041,"California","Marin County",2,81,1483,666,817
050,06,041,"California","Marin County",2,82,1346,613,733
050,06,041,"California","Marin County",2,83,1157,503,654
050,06,041,"California","Marin County",2,84,1058,460,598
050,06,041,"California","Marin County",2,85,7109,2686,4423
050,06,041,"California","Marin County",3,0,2204,1127,1077
050,06,041,"California","Marin County",3,1,2157,1149,1008
050,06,041,"California","Marin County",3,2,2241,1131,1110
050,06,041,"California","Marin County",3,3,2374,1210,1164
050,06,041,"California","Marin County",3,4,2427,1253,1174
050,06,041,"California","Marin County",3,5,2517,1304,1213
050,06,041,"California","Marin County",3,6,2659,1347,1312
050,06,041,"California","Marin County",3,7,2721,1353,1368
050,06,041,"California","Marin County",3,8,2785,1409,1376
050,06,041,"California","Marin County",3,9,2775,1398,1377
050,06,041,"California","Marin County",3,10,2776,1406,1370
050,06,041,"California","Marin County",3,11,2948,1533,1415
050,06,041,"California","Marin County",3,12,3170,1610,1560
050,06,041,"California","Marin County",3,13,3403,1771,1632
050,06,041,"California","Marin County",3,14,3468,1763,1705
050,06,041,"California","Marin County",3,15,3450,1770,1680
050,06,041,"California","Marin County",3,16,3474,1750,1724
050,06,041,"California","Marin County",3,17,3545,1811,1734
050,06,041,"California","Marin County",3,18,3214,1651,1563
050,06,041,"California","Marin County",3,19,2616,1348,1268
050,06,041,"California","Marin County",3,20,2665,1362,1303
050,06,041,"California","Marin County",3,21,2583,1293,1290
050,06,041,"California","Marin County",3,22,2409,1172,1237
050,06,041,"California","Marin County",3,23,2306,1175,1131
050,06,041,"California","Marin County",3,24,2162,1098,1064
050,06,041,"California","Marin County",3,25,2105,1061,1044
050,06,041,"California","Marin County",3,26,2072,1084,988
050,06,041,"California","Marin County",3,27,2105,1122,983
050,06,041,"California","Marin County",3,28,2098,1100,998
050,06,041,"California","Marin County",3,29,2196,1143,1053
050,06,041,"California","Marin County",3,30,2222,1145,1077
050,06,041,"California","Marin County",3,31,2227,1166,1061
050,06,041,"California","Marin County",3,32,2321,1217,1104
050,06,041,"California","Marin County",3,33,2497,1298,1199
050,06,041,"California","Marin County",3,34,2624,1326,1298
050,06,041,"California","Marin County",3,35,2766,1448,1318
050,06,041,"California","Marin County",3,36,2852,1459,1393
050,06,041,"California","Marin County",3,37,2902,1477,1425
050,06,041,"California","Marin County",3,38,2982,1520,1462
050,06,041,"California","Marin County",3,39,3092,1543,1549
050,06,041,"California","Marin County",3,40,3132,1591,1541
050,06,041,"California","Marin County",3,41,3179,1571,1608
050,06,041,"California","Marin County",3,42,3180,1629,1551
050,06,041,"California","Marin County",3,43,3240,1643,1597
050,06,041,"California","Marin County",3,44,3277,1572,1705
050,06,041,"California","Marin County",3,45,3221,1565,1656
050,06,041,"California","Marin County",3,46,3406,1728,1678
050,06,041,"California","Marin County",3,47,3496,1767,1729
050,06,041,"California","Marin County",3,48,3587,1775,1812
050,06,041,"California","Marin County",3,49,3802,1873,1929
050,06,041,"California","Marin County",3,50,4138,2022,2116
050,06,041,"California","Marin County",3,51,4354,2151,2203
050,06,041,"California","Marin County",3,52,4200,2095,2105
050,06,041,"California","Marin County",3,53,4024,2033,1991
050,06,041,"California","Marin County",3,54,4016,2007,2009
050,06,041,"California","Marin County",3,55,4002,1924,2078
050,06,041,"California","Marin County",3,56,3984,1954,2030
050,06,041,"California","Marin County",3,57,3943,1956,1987
050,06,041,"California","Marin County",3,58,3937,1964,1973
050,06,041,"California","Marin County",3,59,3891,1910,1981
050,06,041,"California","Marin County",3,60,3966,1920,2046
050,06,041,"California","Marin County",3,61,3946,1884,2062
050,06,041,"California","Marin County",3,62,3794,1800,1994
050,06,041,"California","Marin County",3,63,3778,1784,1994
050,06,041,"California","Marin County",3,64,3644,1734,1910
050,06,041,"California","Marin County",3,65,3588,1728,1860
050,06,041,"California","Marin County",3,66,3639,1688,1951
050,06,041,"California","Marin County",3,67,3571,1645,1926
050,06,041,"California","Marin County",3,68,3573,1639,1934
050,06,041,"California","Marin County",3,69,3526,1613,1913
050,06,041,"California","Marin County",3,70,3350,1525,1825
050,06,041,"California","Marin County",3,71,3255,1470,1785
050,06,041,"California","Marin County",3,72,3176,1433,1743
050,06,041,"California","Marin County",3,73,3171,1440,1731
050,06,041,"California","Marin County",3,74,3426,1583,1843
050,06,041,"California","Marin County",3,75,2506,1130,1376
050,06,041,"California","Marin County",3,76,2439,1118,1321
050,06,041,"California","Marin County",3,77,2401,1118,1283
050,06,041,"California","Marin County",3,78,2389,1097,1292
050,06,041,"California","Marin County",3,79,1948,894,1054
050,06,041,"California","Marin County",3,80,1665,764,901
050,06,041,"California","Marin County",3,81,1465,646,819
050,06,041,"California","Marin County",3,82,1421,629,792
050,06,041,"California","Marin County",3,83,1263,588,675
050,06,041,"California","Marin County",3,84,1100,476,624
050,06,041,"California","Marin County",3,85,7159,2721,4438
050,06,041,"California","Marin County",4,0,2318,1184,1134
050,06,041,"California","Marin County",4,1,2245,1144,1101
050,06,041,"California","Marin County",4,2,2136,1134,1002
050,06,041,"California","Marin County",4,3,2227,1121,1106
050,06,041,"California","Marin County",4,4,2337,1180,1157
050,06,041,"California","Marin County",4,5,2445,1269,1176
050,06,041,"California","Marin County",4,6,2546,1321,1225
050,06,041,"California","Marin County",4,7,2592,1314,1278
050,06,041,"California","Marin County",4,8,2695,1358,1337
050,06,041,"California","Marin County",4,9,2781,1396,1385
050,06,041,"California","Marin County",4,10,2753,1391,1362
050,06,041,"California","Marin County",4,11,2758,1389,1369
050,06,041,"California","Marin County",4,12,2902,1516,1386
050,06,041,"California","Marin County",4,13,3121,1592,1529
050,06,041,"California","Marin County",4,14,3391,1762,1629
050,06,041,"California","Marin County",4,15,3424,1764,1660
050,06,041,"California","Marin County",4,16,3452,1762,1690
050,06,041,"California","Marin County",4,17,3461,1746,1715
050,06,041,"California","Marin County",4,18,3161,1628,1533
050,06,041,"California","Marin County",4,19,2662,1384,1278
050,06,041,"California","Marin County",4,20,2615,1355,1260
050,06,041,"California","Marin County",4,21,2709,1383,1326
050,06,041,"California","Marin County",4,22,2523,1271,1252
050,06,041,"California","Marin County",4,23,2242,1134,1108
050,06,041,"California","Marin County",4,24,2100,1121,979
050,06,041,"California","Marin County",4,25,2038,1030,1008
050,06,041,"California","Marin County",4,26,1955,975,980
050,06,041,"California","Marin County",4,27,2009,1073,936
050,06,041,"California","Marin County",4,28,2013,1051,962
050,06,041,"California","Marin County",4,29,2066,1094,972
050,06,041,"California","Marin County",4,30,2127,1101,1026
050,06,041,"California","Marin County",4,31,2212,1149,1063
050,06,041,"California","Marin County",4,32,2268,1186,1082
050,06,041,"California","Marin County",4,33,2360,1254,1106
050,06,041,"California","Marin County",4,34,2548,1319,1229
050,06,041,"California","Marin County",4,35,2659,1359,1300
050,06,041,"California","Marin County",4,36,2744,1440,1304
050,06,041,"California","Marin County",4,37,2902,1494,1408
050,06,041,"California","Marin County",4,38,2939,1482,1457
050,06,041,"California","Marin County",4,39,3046,1562,1484
050,06,041,"California","Marin County",4,40,3156,1596,1560
050,06,041,"California","Marin County",4,41,3178,1603,1575
050,06,041,"California","Marin County",4,42,3161,1559,1602
050,06,041,"California","Marin County",4,43,3185,1615,1570
050,06,041,"California","Marin County",4,44,3187,1621,1566
050,06,041,"California","Marin County",4,45,3219,1534,1685
050,06,041,"California","Marin County",4,46,3202,1568,1634
050,06,041,"California","Marin County",4,47,3383,1746,1637
050,06,041,"California","Marin County",4,48,3482,1766,1716
050,06,041,"California","Marin County",4,49,3585,1756,1829
050,06,041,"California","Marin County",4,50,3730,1836,1894
050,06,041,"California","Marin County",4,51,4069,1987,2082
050,06,041,"California","Marin County",4,52,4330,2146,2184
050,06,041,"California","Marin County",4,53,4152,2088,2064
050,06,041,"California","Marin County",4,54,3987,1999,1988
050,06,041,"California","Marin County",4,55,3900,1946,1954
050,06,041,"California","Marin County",4,56,3954,1929,2025
050,06,041,"California","Marin County",4,57,3868,1903,1965
050,06,041,"California","Marin County",4,58,3843,1913,1930
050,06,041,"California","Marin County",4,59,3825,1906,1919
050,06,041,"California","Marin County",4,60,3846,1877,1969
050,06,041,"California","Marin County",4,61,3864,1877,1987
050,06,041,"California","Marin County",4,62,3862,1850,2012
050,06,041,"California","Marin County",4,63,3733,1766,1967
050,06,041,"California","Marin County",4,64,3694,1731,1963
050,06,041,"California","Marin County",4,65,3546,1676,1870
050,06,041,"California","Marin County",4,66,3499,1676,1823
050,06,041,"California","Marin County",4,67,3531,1630,1901
050,06,041,"California","Marin County",4,68,3501,1615,1886
050,06,041,"California","Marin County",4,69,3514,1601,1913
050,06,041,"California","Marin County",4,70,3448,1568,1880
050,06,041,"California","Marin County",4,71,3282,1480,1802
050,06,041,"California","Marin County",4,72,3191,1434,1757
050,06,041,"California","Marin County",4,73,3097,1410,1687
050,06,041,"California","Marin County",4,74,3130,1408,1722
050,06,041,"California","Marin County",4,75,3324,1528,1796
050,06,041,"California","Marin County",4,76,2451,1083,1368
050,06,041,"California","Marin County",4,77,2396,1095,1301
050,06,041,"California","Marin County",4,78,2353,1080,1273
050,06,041,"California","Marin County",4,79,2337,1071,1266
050,06,041,"California","Marin County",4,80,1901,853,1048
050,06,041,"California","Marin County",4,81,1590,717,873
050,06,041,"California","Marin County",4,82,1425,623,802
050,06,041,"California","Marin County",4,83,1331,595,736
050,06,041,"California","Marin County",4,84,1207,562,645
050,06,041,"California","Marin County",4,85,7223,2756,4467
050,06,041,"California","Marin County",5,0,2283,1164,1119
050,06,041,"California","Marin County",5,1,2239,1114,1125
050,06,041,"California","Marin County",5,2,2210,1138,1072
050,06,041,"California","Marin County",5,3,2117,1116,1001
050,06,041,"California","Marin County",5,4,2237,1130,1107
050,06,041,"California","Marin County",5,5,2367,1196,1171
050,06,041,"California","Marin County",5,6,2430,1259,1171
050,06,041,"California","Marin County",5,7,2512,1305,1207
050,06,041,"California","Marin County",5,8,2599,1327,1272
050,06,041,"California","Marin County",5,9,2714,1381,1333
050,06,041,"California","Marin County",5,10,2772,1394,1378
050,06,041,"California","Marin County",5,11,2758,1410,1348
050,06,041,"California","Marin County",5,12,2722,1366,1356
050,06,041,"California","Marin County",5,13,2892,1493,1399
050,06,041,"California","Marin County",5,14,3120,1581,1539
050,06,041,"California","Marin County",5,15,3371,1768,1603
050,06,041,"California","Marin County",5,16,3441,1769,1672
050,06,041,"California","Marin County",5,17,3433,1754,1679
050,06,041,"California","Marin County",5,18,3090,1589,1501
050,06,041,"California","Marin County",5,19,2669,1380,1289
050,06,041,"California","Marin County",5,20,2774,1423,1351
050,06,041,"California","Marin County",5,21,2682,1396,1286
050,06,041,"California","Marin County",5,22,2692,1357,1335
050,06,041,"California","Marin County",5,23,2448,1242,1206
050,06,041,"California","Marin County",5,24,2157,1099,1058
050,06,041,"California","Marin County",5,25,1999,1093,906
050,06,041,"California","Marin County",5,26,1921,971,950
050,06,041,"California","Marin County",5,27,1925,1020,905
050,06,041,"California","Marin County",5,28,1957,1017,940
050,06,041,"California","Marin County",5,29,2025,1078,947
050,06,041,"California","Marin County",5,30,1995,1083,912
050,06,041,"California","Marin County",5,31,2169,1117,1052
050,06,041,"California","Marin County",5,32,2238,1151,1087
050,06,041,"California","Marin County",5,33,2315,1217,1098
050,06,041,"California","Marin County",5,34,2388,1280,1108
050,06,041,"California","Marin County",5,35,2532,1315,1217
050,06,041,"California","Marin County",5,36,2663,1361,1302
050,06,041,"California","Marin County",5,37,2780,1459,1321
050,06,041,"California","Marin County",5,38,2906,1503,1403
050,06,041,"California","Marin County",5,39,3019,1551,1468
050,06,041,"California","Marin County",5,40,3045,1585,1460
050,06,041,"California","Marin County",5,41,3156,1611,1545
050,06,041,"California","Marin County",5,42,3186,1611,1575
050,06,041,"California","Marin County",5,43,3169,1561,1608
050,06,041,"California","Marin County",5,44,3164,1626,1538
050,06,041,"California","Marin County",5,45,3180,1598,1582
050,06,041,"California","Marin County",5,46,3222,1560,1662
050,06,041,"California","Marin County",5,47,3247,1645,1602
050,06,041,"California","Marin County",5,48,3323,1710,1613
050,06,041,"California","Marin County",5,49,3526,1807,1719
050,06,041,"California","Marin County",5,50,3543,1718,1825
050,06,041,"California","Marin County",5,51,3645,1789,1856
050,06,041,"California","Marin County",5,52,4072,2000,2072
050,06,041,"California","Marin County",5,53,4320,2152,2168
050,06,041,"California","Marin County",5,54,4112,2041,2071
050,06,041,"California","Marin County",5,55,3961,1985,1976
050,06,041,"California","Marin County",5,56,3884,1967,1917
050,06,041,"California","Marin County",5,57,3955,1933,2022
050,06,041,"California","Marin County",5,58,3802,1876,1926
050,06,041,"California","Marin County",5,59,3786,1893,1893
050,06,041,"California","Marin County",5,60,3770,1864,1906
050,06,041,"California","Marin County",5,61,3755,1846,1909
050,06,041,"California","Marin County",5,62,3793,1839,1954
050,06,041,"California","Marin County",5,63,3819,1805,2014
050,06,041,"California","Marin County",5,64,3666,1729,1937
050,06,041,"California","Marin County",5,65,3584,1687,1897
050,06,041,"California","Marin County",5,66,3461,1640,1821
050,06,041,"California","Marin County",5,67,3432,1624,1808
050,06,041,"California","Marin County",5,68,3457,1588,1869
050,06,041,"California","Marin County",5,69,3441,1563,1878
050,06,041,"California","Marin County",5,70,3454,1559,1895
050,06,041,"California","Marin County",5,71,3401,1537,1864
050,06,041,"California","Marin County",5,72,3223,1450,1773
050,06,041,"California","Marin County",5,73,3121,1400,1721
050,06,041,"California","Marin County",5,74,3072,1391,1681
050,06,041,"California","Marin County",5,75,3046,1372,1674
050,06,041,"California","Marin County",5,76,3240,1477,1763
050,06,041,"California","Marin County",5,77,2403,1061,1342
050,06,041,"California","Marin County",5,78,2356,1062,1294
050,06,041,"California","Marin County",5,79,2295,1049,1246
050,06,041,"California","Marin County",5,80,2276,1034,1242
050,06,041,"California","Marin County",5,81,1834,819,1015
050,06,041,"California","Marin County",5,82,1548,693,855
050,06,041,"California","Marin County",5,83,1350,591,759
050,06,041,"California","Marin County",5,84,1283,577,706
050,06,041,"California","Marin County",5,85,7468,2893,4575
050,06,043,"California","Mariposa County",1,0,140,71,69
050,06,043,"California","Mariposa County",1,1,144,71,73
050,06,043,"California","Mariposa County",1,2,147,64,83
050,06,043,"California","Mariposa County",1,3,154,85,69
050,06,043,"California","Mariposa County",1,4,161,81,80
050,06,043,"California","Mariposa County",1,5,162,78,84
050,06,043,"California","Mariposa County",1,6,150,78,72
050,06,043,"California","Mariposa County",1,7,170,83,87
050,06,043,"California","Mariposa County",1,8,165,80,85
050,06,043,"California","Mariposa County",1,9,171,91,80
050,06,043,"California","Mariposa County",1,10,161,75,86
050,06,043,"California","Mariposa County",1,11,169,89,80
050,06,043,"California","Mariposa County",1,12,168,82,86
050,06,043,"California","Mariposa County",1,13,163,76,87
050,06,043,"California","Mariposa County",1,14,185,88,97
050,06,043,"California","Mariposa County",1,15,177,91,86
050,06,043,"California","Mariposa County",1,16,153,74,79
050,06,043,"California","Mariposa County",1,17,165,88,77
050,06,043,"California","Mariposa County",1,18,162,87,75
050,06,043,"California","Mariposa County",1,19,130,78,52
050,06,043,"California","Mariposa County",1,20,120,68,52
050,06,043,"California","Mariposa County",1,21,101,48,53
050,06,043,"California","Mariposa County",1,22,136,79,57
050,06,043,"California","Mariposa County",1,23,147,79,68
050,06,043,"California","Mariposa County",1,24,159,86,73
050,06,043,"California","Mariposa County",1,25,153,66,87
050,06,043,"California","Mariposa County",1,26,168,93,75
050,06,043,"California","Mariposa County",1,27,178,89,89
050,06,043,"California","Mariposa County",1,28,183,89,94
050,06,043,"California","Mariposa County",1,29,185,97,88
050,06,043,"California","Mariposa County",1,30,190,92,98
050,06,043,"California","Mariposa County",1,31,188,91,97
050,06,043,"California","Mariposa County",1,32,204,113,91
050,06,043,"California","Mariposa County",1,33,187,106,81
050,06,043,"California","Mariposa County",1,34,182,93,89
050,06,043,"California","Mariposa County",1,35,176,93,83
050,06,043,"California","Mariposa County",1,36,182,96,86
050,06,043,"California","Mariposa County",1,37,183,99,84
050,06,043,"California","Mariposa County",1,38,183,98,85
050,06,043,"California","Mariposa County",1,39,174,94,80
050,06,043,"California","Mariposa County",1,40,178,92,86
050,06,043,"California","Mariposa County",1,41,166,83,83
050,06,043,"California","Mariposa County",1,42,172,90,82
050,06,043,"California","Mariposa County",1,43,162,73,89
050,06,043,"California","Mariposa County",1,44,146,72,74
050,06,043,"California","Mariposa County",1,45,147,76,71
050,06,043,"California","Mariposa County",1,46,151,83,68
050,06,043,"California","Mariposa County",1,47,167,87,80
050,06,043,"California","Mariposa County",1,48,182,93,89
050,06,043,"California","Mariposa County",1,49,165,92,73
050,06,043,"California","Mariposa County",1,50,178,86,92
050,06,043,"California","Mariposa County",1,51,175,88,87
050,06,043,"California","Mariposa County",1,52,188,90,98
050,06,043,"California","Mariposa County",1,53,180,90,90
050,06,043,"California","Mariposa County",1,54,214,105,109
050,06,043,"California","Mariposa County",1,55,230,104,126
050,06,043,"California","Mariposa County",1,56,263,140,123
050,06,043,"California","Mariposa County",1,57,256,145,111
050,06,043,"California","Mariposa County",1,58,305,147,158
050,06,043,"California","Mariposa County",1,59,308,139,169
050,06,043,"California","Mariposa County",1,60,310,153,157
050,06,043,"California","Mariposa County",1,61,348,173,175
050,06,043,"California","Mariposa County",1,62,338,168,170
050,06,043,"California","Mariposa County",1,63,338,165,173
050,06,043,"California","Mariposa County",1,64,335,160,175
050,06,043,"California","Mariposa County",1,65,341,170,171
050,06,043,"California","Mariposa County",1,66,311,160,151
050,06,043,"California","Mariposa County",1,67,306,154,152
050,06,043,"California","Mariposa County",1,68,300,147,153
050,06,043,"California","Mariposa County",1,69,295,134,161
050,06,043,"California","Mariposa County",1,70,313,151,162
050,06,043,"California","Mariposa County",1,71,279,151,128
050,06,043,"California","Mariposa County",1,72,293,154,139
050,06,043,"California","Mariposa County",1,73,283,153,130
050,06,043,"California","Mariposa County",1,74,200,110,90
050,06,043,"California","Mariposa County",1,75,212,113,99
050,06,043,"California","Mariposa County",1,76,201,98,103
050,06,043,"California","Mariposa County",1,77,213,97,116
050,06,043,"California","Mariposa County",1,78,163,78,85
050,06,043,"California","Mariposa County",1,79,156,87,69
050,06,043,"California","Mariposa County",1,80,140,70,70
050,06,043,"California","Mariposa County",1,81,132,73,59
050,06,043,"California","Mariposa County",1,82,127,67,60
050,06,043,"California","Mariposa County",1,83,99,46,53
050,06,043,"California","Mariposa County",1,84,89,44,45
050,06,043,"California","Mariposa County",1,85,495,214,281
050,06,043,"California","Mariposa County",2,0,145,74,71
050,06,043,"California","Mariposa County",2,1,144,70,74
050,06,043,"California","Mariposa County",2,2,149,67,82
050,06,043,"California","Mariposa County",2,3,155,81,74
050,06,043,"California","Mariposa County",2,4,162,82,80
050,06,043,"California","Mariposa County",2,5,163,78,85
050,06,043,"California","Mariposa County",2,6,155,80,75
050,06,043,"California","Mariposa County",2,7,166,82,84
050,06,043,"California","Mariposa County",2,8,169,81,88
050,06,043,"California","Mariposa County",2,9,171,88,83
050,06,043,"California","Mariposa County",2,10,164,81,83
050,06,043,"California","Mariposa County",2,11,166,84,82
050,06,043,"California","Mariposa County",2,12,170,85,85
050,06,043,"California","Mariposa County",2,13,165,79,86
050,06,043,"California","Mariposa County",2,14,177,83,94
050,06,043,"California","Mariposa County",2,15,176,88,88
050,06,043,"California","Mariposa County",2,16,159,77,82
050,06,043,"California","Mariposa County",2,17,162,84,78
050,06,043,"California","Mariposa County",2,18,155,83,72
050,06,043,"California","Mariposa County",2,19,131,78,53
050,06,043,"California","Mariposa County",2,20,123,69,54
050,06,043,"California","Mariposa County",2,21,107,54,53
050,06,043,"California","Mariposa County",2,22,130,71,59
050,06,043,"California","Mariposa County",2,23,145,78,67
050,06,043,"California","Mariposa County",2,24,156,82,74
050,06,043,"California","Mariposa County",2,25,156,71,85
050,06,043,"California","Mariposa County",2,26,169,90,79
050,06,043,"California","Mariposa County",2,27,177,89,88
050,06,043,"California","Mariposa County",2,28,182,88,94
050,06,043,"California","Mariposa County",2,29,183,93,90
050,06,043,"California","Mariposa County",2,30,190,93,97
050,06,043,"California","Mariposa County",2,31,193,95,98
050,06,043,"California","Mariposa County",2,32,201,107,94
050,06,043,"California","Mariposa County",2,33,190,105,85
050,06,043,"California","Mariposa County",2,34,184,98,86
050,06,043,"California","Mariposa County",2,35,181,95,86
050,06,043,"California","Mariposa County",2,36,179,95,84
050,06,043,"California","Mariposa County",2,37,185,101,84
050,06,043,"California","Mariposa County",2,38,184,99,85
050,06,043,"California","Mariposa County",2,39,178,97,81
050,06,043,"California","Mariposa County",2,40,179,93,86
050,06,043,"California","Mariposa County",2,41,169,86,83
050,06,043,"California","Mariposa County",2,42,167,85,82
050,06,043,"California","Mariposa County",2,43,167,79,88
050,06,043,"California","Mariposa County",2,44,146,71,75
050,06,043,"California","Mariposa County",2,45,146,74,72
050,06,043,"California","Mariposa County",2,46,152,82,70
050,06,043,"California","Mariposa County",2,47,162,85,77
050,06,043,"California","Mariposa County",2,48,175,89,86
050,06,043,"California","Mariposa County",2,49,167,89,78
050,06,043,"California","Mariposa County",2,50,177,89,88
050,06,043,"California","Mariposa County",2,51,175,88,87
050,06,043,"California","Mariposa County",2,52,186,90,96
050,06,043,"California","Mariposa County",2,53,181,90,91
050,06,043,"California","Mariposa County",2,54,206,100,106
050,06,043,"California","Mariposa County",2,55,230,106,124
050,06,043,"California","Mariposa County",2,56,256,132,124
050,06,043,"California","Mariposa County",2,57,260,144,116
050,06,043,"California","Mariposa County",2,58,289,143,146
050,06,043,"California","Mariposa County",2,59,307,141,166
050,06,043,"California","Mariposa County",2,60,310,150,160
050,06,043,"California","Mariposa County",2,61,338,168,170
050,06,043,"California","Mariposa County",2,62,337,166,171
050,06,043,"California","Mariposa County",2,63,340,167,173
050,06,043,"California","Mariposa County",2,64,334,158,176
050,06,043,"California","Mariposa County",2,65,337,167,170
050,06,043,"California","Mariposa County",2,66,317,162,155
050,06,043,"California","Mariposa County",2,67,306,155,151
050,06,043,"California","Mariposa County",2,68,295,145,150
050,06,043,"California","Mariposa County",2,69,294,135,159
050,06,043,"California","Mariposa County",2,70,304,144,160
050,06,043,"California","Mariposa County",2,71,286,149,137
050,06,043,"California","Mariposa County",2,72,281,149,132
050,06,043,"California","Mariposa County",2,73,298,159,139
050,06,043,"California","Mariposa County",2,74,204,112,92
050,06,043,"California","Mariposa County",2,75,212,114,98
050,06,043,"California","Mariposa County",2,76,201,101,100
050,06,043,"California","Mariposa County",2,77,215,99,116
050,06,043,"California","Mariposa County",2,78,168,80,88
050,06,043,"California","Mariposa County",2,79,155,84,71
050,06,043,"California","Mariposa County",2,80,142,73,69
050,06,043,"California","Mariposa County",2,81,132,71,61
050,06,043,"California","Mariposa County",2,82,124,65,59
050,06,043,"California","Mariposa County",2,83,102,50,52
050,06,043,"California","Mariposa County",2,84,91,44,47
050,06,043,"California","Mariposa County",2,85,502,219,283
050,06,043,"California","Mariposa County",3,0,142,75,67
050,06,043,"California","Mariposa County",3,1,158,74,84
050,06,043,"California","Mariposa County",3,2,166,81,85
050,06,043,"California","Mariposa County",3,3,146,68,78
050,06,043,"California","Mariposa County",3,4,162,85,77
050,06,043,"California","Mariposa County",3,5,169,93,76
050,06,043,"California","Mariposa County",3,6,178,89,89
050,06,043,"California","Mariposa County",3,7,159,83,76
050,06,043,"California","Mariposa County",3,8,176,85,91
050,06,043,"California","Mariposa County",3,9,171,79,92
050,06,043,"California","Mariposa County",3,10,179,91,88
050,06,043,"California","Mariposa County",3,11,176,90,86
050,06,043,"California","Mariposa County",3,12,175,91,84
050,06,043,"California","Mariposa County",3,13,168,87,81
050,06,043,"California","Mariposa County",3,14,165,73,92
050,06,043,"California","Mariposa County",3,15,179,83,96
050,06,043,"California","Mariposa County",3,16,179,87,92
050,06,043,"California","Mariposa County",3,17,168,79,89
050,06,043,"California","Mariposa County",3,18,150,84,66
050,06,043,"California","Mariposa County",3,19,123,66,57
050,06,043,"California","Mariposa County",3,20,135,79,56
050,06,043,"California","Mariposa County",3,21,127,68,59
050,06,043,"California","Mariposa County",3,22,112,58,54
050,06,043,"California","Mariposa County",3,23,126,69,57
050,06,043,"California","Mariposa County",3,24,129,67,62
050,06,043,"California","Mariposa County",3,25,148,81,67
050,06,043,"California","Mariposa County",3,26,156,75,81
050,06,043,"California","Mariposa County",3,27,178,88,90
050,06,043,"California","Mariposa County",3,28,162,77,85
050,06,043,"California","Mariposa County",3,29,181,85,96
050,06,043,"California","Mariposa County",3,30,210,105,105
050,06,043,"California","Mariposa County",3,31,181,90,91
050,06,043,"California","Mariposa County",3,32,203,102,101
050,06,043,"California","Mariposa County",3,33,197,107,90
050,06,043,"California","Mariposa County",3,34,189,105,84
050,06,043,"California","Mariposa County",3,35,185,95,90
050,06,043,"California","Mariposa County",3,36,188,95,93
050,06,043,"California","Mariposa County",3,37,183,96,87
050,06,043,"California","Mariposa County",3,38,189,106,83
050,06,043,"California","Mariposa County",3,39,195,114,81
050,06,043,"California","Mariposa County",3,40,168,92,76
050,06,043,"California","Mariposa County",3,41,175,90,85
050,06,043,"California","Mariposa County",3,42,165,84,81
050,06,043,"California","Mariposa County",3,43,167,85,82
050,06,043,"California","Mariposa County",3,44,165,79,86
050,06,043,"California","Mariposa County",3,45,156,78,78
050,06,043,"California","Mariposa County",3,46,146,72,74
050,06,043,"California","Mariposa County",3,47,160,86,74
050,06,043,"California","Mariposa County",3,48,170,80,90
050,06,043,"California","Mariposa County",3,49,163,78,85
050,06,043,"California","Mariposa County",3,50,170,89,81
050,06,043,"California","Mariposa County",3,51,178,93,85
050,06,043,"California","Mariposa County",3,52,176,83,93
050,06,043,"California","Mariposa County",3,53,195,92,103
050,06,043,"California","Mariposa County",3,54,192,96,96
050,06,043,"California","Mariposa County",3,55,205,98,107
050,06,043,"California","Mariposa County",3,56,219,101,118
050,06,043,"California","Mariposa County",3,57,254,131,123
050,06,043,"California","Mariposa County",3,58,255,140,115
050,06,043,"California","Mariposa County",3,59,304,149,155
050,06,043,"California","Mariposa County",3,60,301,131,170
050,06,043,"California","Mariposa County",3,61,315,157,158
050,06,043,"California","Mariposa County",3,62,333,168,165
050,06,043,"California","Mariposa County",3,63,337,165,172
050,06,043,"California","Mariposa County",3,64,338,166,172
050,06,043,"California","Mariposa County",3,65,329,158,171
050,06,043,"California","Mariposa County",3,66,335,170,165
050,06,043,"California","Mariposa County",3,67,298,155,143
050,06,043,"California","Mariposa County",3,68,299,149,150
050,06,043,"California","Mariposa County",3,69,287,141,146
050,06,043,"California","Mariposa County",3,70,289,133,156
050,06,043,"California","Mariposa County",3,71,303,149,154
050,06,043,"California","Mariposa County",3,72,276,140,136
050,06,043,"California","Mariposa County",3,73,271,141,130
050,06,043,"California","Mariposa County",3,74,284,153,131
050,06,043,"California","Mariposa County",3,75,197,111,86
050,06,043,"California","Mariposa County",3,76,202,106,96
050,06,043,"California","Mariposa County",3,77,192,93,99
050,06,043,"California","Mariposa County",3,78,206,93,113
050,06,043,"California","Mariposa County",3,79,161,80,81
050,06,043,"California","Mariposa County",3,80,150,81,69
050,06,043,"California","Mariposa County",3,81,132,68,64
050,06,043,"California","Mariposa County",3,82,125,67,58
050,06,043,"California","Mariposa County",3,83,121,65,56
050,06,043,"California","Mariposa County",3,84,92,45,47
050,06,043,"California","Mariposa County",3,85,508,226,282
050,06,043,"California","Mariposa County",4,0,154,89,65
050,06,043,"California","Mariposa County",4,1,129,72,57
050,06,043,"California","Mariposa County",4,2,172,79,93
050,06,043,"California","Mariposa County",4,3,162,82,80
050,06,043,"California","Mariposa County",4,4,147,66,81
050,06,043,"California","Mariposa County",4,5,165,79,86
050,06,043,"California","Mariposa County",4,6,170,98,72
050,06,043,"California","Mariposa County",4,7,180,91,89
050,06,043,"California","Mariposa County",4,8,161,83,78
050,06,043,"California","Mariposa County",4,9,176,93,83
050,06,043,"California","Mariposa County",4,10,170,85,85
050,06,043,"California","Mariposa County",4,11,189,96,93
050,06,043,"California","Mariposa County",4,12,166,90,76
050,06,043,"California","Mariposa County",4,13,174,92,82
050,06,043,"California","Mariposa County",4,14,182,90,92
050,06,043,"California","Mariposa County",4,15,166,74,92
050,06,043,"California","Mariposa County",4,16,176,78,98
050,06,043,"California","Mariposa County",4,17,182,92,90
050,06,043,"California","Mariposa County",4,18,151,76,75
050,06,043,"California","Mariposa County",4,19,125,72,53
050,06,043,"California","Mariposa County",4,20,136,72,64
050,06,043,"California","Mariposa County",4,21,143,85,58
050,06,043,"California","Mariposa County",4,22,123,76,47
050,06,043,"California","Mariposa County",4,23,107,57,50
050,06,043,"California","Mariposa County",4,24,132,66,66
050,06,043,"California","Mariposa County",4,25,134,73,61
050,06,043,"California","Mariposa County",4,26,158,83,75
050,06,043,"California","Mariposa County",4,27,162,81,81
050,06,043,"California","Mariposa County",4,28,196,90,106
050,06,043,"California","Mariposa County",4,29,162,70,92
050,06,043,"California","Mariposa County",4,30,191,86,105
050,06,043,"California","Mariposa County",4,31,218,111,107
050,06,043,"California","Mariposa County",4,32,186,93,93
050,06,043,"California","Mariposa County",4,33,207,100,107
050,06,043,"California","Mariposa County",4,34,196,108,88
050,06,043,"California","Mariposa County",4,35,191,107,84
050,06,043,"California","Mariposa County",4,36,184,95,89
050,06,043,"California","Mariposa County",4,37,188,93,95
050,06,043,"California","Mariposa County",4,38,193,102,91
050,06,043,"California","Mariposa County",4,39,182,97,85
050,06,043,"California","Mariposa County",4,40,200,120,80
050,06,043,"California","Mariposa County",4,41,175,96,79
050,06,043,"California","Mariposa County",4,42,176,90,86
050,06,043,"California","Mariposa County",4,43,174,86,88
050,06,043,"California","Mariposa County",4,44,158,83,75
050,06,043,"California","Mariposa County",4,45,169,80,89
050,06,043,"California","Mariposa County",4,46,156,77,79
050,06,043,"California","Mariposa County",4,47,147,73,74
050,06,043,"California","Mariposa County",4,48,154,85,69
050,06,043,"California","Mariposa County",4,49,161,81,80
050,06,043,"California","Mariposa County",4,50,175,85,90
050,06,043,"California","Mariposa County",4,51,159,78,81
050,06,043,"California","Mariposa County",4,52,186,97,89
050,06,043,"California","Mariposa County",4,53,172,81,91
050,06,043,"California","Mariposa County",4,54,194,93,101
050,06,043,"California","Mariposa County",4,55,206,106,100
050,06,043,"California","Mariposa County",4,56,199,97,102
050,06,043,"California","Mariposa County",4,57,227,102,125
050,06,043,"California","Mariposa County",4,58,247,123,124
050,06,043,"California","Mariposa County",4,59,256,140,116
050,06,043,"California","Mariposa County",4,60,295,142,153
050,06,043,"California","Mariposa County",4,61,278,129,149
050,06,043,"California","Mariposa County",4,62,306,157,149
050,06,043,"California","Mariposa County",4,63,331,168,163
050,06,043,"California","Mariposa County",4,64,327,151,176
050,06,043,"California","Mariposa County",4,65,336,169,167
050,06,043,"California","Mariposa County",4,66,332,154,178
050,06,043,"California","Mariposa County",4,67,317,161,156
050,06,043,"California","Mariposa County",4,68,289,151,138
050,06,043,"California","Mariposa County",4,69,278,143,135
050,06,043,"California","Mariposa County",4,70,288,142,146
050,06,043,"California","Mariposa County",4,71,277,131,146
050,06,043,"California","Mariposa County",4,72,296,143,153
050,06,043,"California","Mariposa County",4,73,260,129,131
050,06,043,"California","Mariposa County",4,74,260,133,127
050,06,043,"California","Mariposa County",4,75,265,141,124
050,06,043,"California","Mariposa County",4,76,185,101,84
050,06,043,"California","Mariposa County",4,77,187,100,87
050,06,043,"California","Mariposa County",4,78,185,91,94
050,06,043,"California","Mariposa County",4,79,201,91,110
050,06,043,"California","Mariposa County",4,80,159,80,79
050,06,043,"California","Mariposa County",4,81,144,81,63
050,06,043,"California","Mariposa County",4,82,121,63,58
050,06,043,"California","Mariposa County",4,83,118,62,56
050,06,043,"California","Mariposa County",4,84,107,57,50
050,06,043,"California","Mariposa County",4,85,534,239,295
050,06,043,"California","Mariposa County",5,0,144,80,64
050,06,043,"California","Mariposa County",5,1,157,91,66
050,06,043,"California","Mariposa County",5,2,144,75,69
050,06,043,"California","Mariposa County",5,3,180,85,95
050,06,043,"California","Mariposa County",5,4,164,82,82
050,06,043,"California","Mariposa County",5,5,152,69,83
050,06,043,"California","Mariposa County",5,6,158,77,81
050,06,043,"California","Mariposa County",5,7,159,89,70
050,06,043,"California","Mariposa County",5,8,175,83,92
050,06,043,"California","Mariposa County",5,9,165,84,81
050,06,043,"California","Mariposa County",5,10,185,92,93
050,06,043,"California","Mariposa County",5,11,177,90,87
050,06,043,"California","Mariposa County",5,12,197,102,95
050,06,043,"California","Mariposa County",5,13,170,90,80
050,06,043,"California","Mariposa County",5,14,181,95,86
050,06,043,"California","Mariposa County",5,15,185,93,92
050,06,043,"California","Mariposa County",5,16,163,73,90
050,06,043,"California","Mariposa County",5,17,180,80,100
050,06,043,"California","Mariposa County",5,18,154,80,74
050,06,043,"California","Mariposa County",5,19,118,59,59
050,06,043,"California","Mariposa County",5,20,125,74,51
050,06,043,"California","Mariposa County",5,21,129,65,64
050,06,043,"California","Mariposa County",5,22,140,81,59
050,06,043,"California","Mariposa County",5,23,117,72,45
050,06,043,"California","Mariposa County",5,24,112,59,53
050,06,043,"California","Mariposa County",5,25,129,64,65
050,06,043,"California","Mariposa County",5,26,124,69,55
050,06,043,"California","Mariposa County",5,27,169,90,79
050,06,043,"California","Mariposa County",5,28,167,85,82
050,06,043,"California","Mariposa County",5,29,196,85,111
050,06,043,"California","Mariposa County",5,30,176,73,103
050,06,043,"California","Mariposa County",5,31,195,79,116
050,06,043,"California","Mariposa County",5,32,216,109,107
050,06,043,"California","Mariposa County",5,33,189,100,89
050,06,043,"California","Mariposa County",5,34,218,107,111
050,06,043,"California","Mariposa County",5,35,215,114,101
050,06,043,"California","Mariposa County",5,36,192,110,82
050,06,043,"California","Mariposa County",5,37,178,94,84
050,06,043,"California","Mariposa County",5,38,186,91,95
050,06,043,"California","Mariposa County",5,39,202,108,94
050,06,043,"California","Mariposa County",5,40,174,96,78
050,06,043,"California","Mariposa County",5,41,196,117,79
050,06,043,"California","Mariposa County",5,42,179,93,86
050,06,043,"California","Mariposa County",5,43,162,79,83
050,06,043,"California","Mariposa County",5,44,169,92,77
050,06,043,"California","Mariposa County",5,45,161,84,77
050,06,043,"California","Mariposa County",5,46,163,73,90
050,06,043,"California","Mariposa County",5,47,160,79,81
050,06,043,"California","Mariposa County",5,48,140,76,64
050,06,043,"California","Mariposa County",5,49,151,85,66
050,06,043,"California","Mariposa County",5,50,153,74,79
050,06,043,"California","Mariposa County",5,51,172,87,85
050,06,043,"California","Mariposa County",5,52,152,71,81
050,06,043,"California","Mariposa County",5,53,179,100,79
050,06,043,"California","Mariposa County",5,54,170,81,89
050,06,043,"California","Mariposa County",5,55,203,96,107
050,06,043,"California","Mariposa County",5,56,197,107,90
050,06,043,"California","Mariposa County",5,57,193,95,98
050,06,043,"California","Mariposa County",5,58,216,97,119
050,06,043,"California","Mariposa County",5,59,247,125,122
050,06,043,"California","Mariposa County",5,60,249,134,115
050,06,043,"California","Mariposa County",5,61,300,149,151
050,06,043,"California","Mariposa County",5,62,282,131,151
050,06,043,"California","Mariposa County",5,63,305,157,148
050,06,043,"California","Mariposa County",5,64,320,162,158
050,06,043,"California","Mariposa County",5,65,310,145,165
050,06,043,"California","Mariposa County",5,66,333,170,163
050,06,043,"California","Mariposa County",5,67,328,151,177
050,06,043,"California","Mariposa County",5,68,306,155,151
050,06,043,"California","Mariposa County",5,69,282,150,132
050,06,043,"California","Mariposa County",5,70,269,138,131
050,06,043,"California","Mariposa County",5,71,275,132,143
050,06,043,"California","Mariposa County",5,72,279,133,146
050,06,043,"California","Mariposa County",5,73,286,134,152
050,06,043,"California","Mariposa County",5,74,263,132,131
050,06,043,"California","Mariposa County",5,75,250,127,123
050,06,043,"California","Mariposa County",5,76,255,134,121
050,06,043,"California","Mariposa County",5,77,173,90,83
050,06,043,"California","Mariposa County",5,78,174,94,80
050,06,043,"California","Mariposa County",5,79,176,86,90
050,06,043,"California","Mariposa County",5,80,198,90,108
050,06,043,"California","Mariposa County",5,81,155,79,76
050,06,043,"California","Mariposa County",5,82,137,77,60
050,06,043,"California","Mariposa County",5,83,112,59,53
050,06,043,"California","Mariposa County",5,84,101,54,47
050,06,043,"California","Mariposa County",5,85,581,271,310
050,06,045,"California","Mendocino County",1,0,952,481,471
050,06,045,"California","Mendocino County",1,1,971,504,467
050,06,045,"California","Mendocino County",1,2,986,527,459
050,06,045,"California","Mendocino County",1,3,1064,525,539
050,06,045,"California","Mendocino County",1,4,1076,538,538
050,06,045,"California","Mendocino County",1,5,1119,558,561
050,06,045,"California","Mendocino County",1,6,1066,515,551
050,06,045,"California","Mendocino County",1,7,1096,530,566
050,06,045,"California","Mendocino County",1,8,1151,604,547
050,06,045,"California","Mendocino County",1,9,1077,552,525
050,06,045,"California","Mendocino County",1,10,1125,576,549
050,06,045,"California","Mendocino County",1,11,1164,608,556
050,06,045,"California","Mendocino County",1,12,1175,627,548
050,06,045,"California","Mendocino County",1,13,1139,595,544
050,06,045,"California","Mendocino County",1,14,1116,568,548
050,06,045,"California","Mendocino County",1,15,1104,569,535
050,06,045,"California","Mendocino County",1,16,1102,552,550
050,06,045,"California","Mendocino County",1,17,1100,535,565
050,06,045,"California","Mendocino County",1,18,1005,506,499
050,06,045,"California","Mendocino County",1,19,869,465,404
050,06,045,"California","Mendocino County",1,20,889,482,407
050,06,045,"California","Mendocino County",1,21,866,466,400
050,06,045,"California","Mendocino County",1,22,897,441,456
050,06,045,"California","Mendocino County",1,23,863,429,434
050,06,045,"California","Mendocino County",1,24,898,457,441
050,06,045,"California","Mendocino County",1,25,933,493,440
050,06,045,"California","Mendocino County",1,26,943,494,449
050,06,045,"California","Mendocino County",1,27,979,520,459
050,06,045,"California","Mendocino County",1,28,1025,541,484
050,06,045,"California","Mendocino County",1,29,1065,537,528
050,06,045,"California","Mendocino County",1,30,1039,513,526
050,06,045,"California","Mendocino County",1,31,990,502,488
050,06,045,"California","Mendocino County",1,32,992,490,502
050,06,045,"California","Mendocino County",1,33,1005,522,483
050,06,045,"California","Mendocino County",1,34,1063,548,515
050,06,045,"California","Mendocino County",1,35,1113,567,546
050,06,045,"California","Mendocino County",1,36,1098,567,531
050,06,045,"California","Mendocino County",1,37,1144,568,576
050,06,045,"California","Mendocino County",1,38,1169,590,579
050,06,045,"California","Mendocino County",1,39,1198,609,589
050,06,045,"California","Mendocino County",1,40,1143,599,544
050,06,045,"California","Mendocino County",1,41,1101,553,548
050,06,045,"California","Mendocino County",1,42,1120,586,534
050,06,045,"California","Mendocino County",1,43,1084,574,510
050,06,045,"California","Mendocino County",1,44,1079,541,538
050,06,045,"California","Mendocino County",1,45,1042,554,488
050,06,045,"California","Mendocino County",1,46,1051,559,492
050,06,045,"California","Mendocino County",1,47,1040,521,519
050,06,045,"California","Mendocino County",1,48,1056,508,548
050,06,045,"California","Mendocino County",1,49,1143,574,569
050,06,045,"California","Mendocino County",1,50,1068,533,535
050,06,045,"California","Mendocino County",1,51,1079,552,527
050,06,045,"California","Mendocino County",1,52,1032,532,500
050,06,045,"California","Mendocino County",1,53,1034,516,518
050,06,045,"California","Mendocino County",1,54,1028,501,527
050,06,045,"California","Mendocino County",1,55,1091,543,548
050,06,045,"California","Mendocino County",1,56,1131,559,572
050,06,045,"California","Mendocino County",1,57,1175,593,582
050,06,045,"California","Mendocino County",1,58,1230,593,637
050,06,045,"California","Mendocino County",1,59,1273,611,662
050,06,045,"California","Mendocino County",1,60,1289,639,650
050,06,045,"California","Mendocino County",1,61,1278,632,646
050,06,045,"California","Mendocino County",1,62,1397,682,715
050,06,045,"California","Mendocino County",1,63,1381,680,701
050,06,045,"California","Mendocino County",1,64,1409,675,734
050,06,045,"California","Mendocino County",1,65,1413,680,733
050,06,045,"California","Mendocino County",1,66,1412,676,736
050,06,045,"California","Mendocino County",1,67,1448,673,775
050,06,045,"California","Mendocino County",1,68,1437,659,778
050,06,045,"California","Mendocino County",1,69,1431,682,749
050,06,045,"California","Mendocino County",1,70,1456,677,779
050,06,045,"California","Mendocino County",1,71,1336,665,671
050,06,045,"California","Mendocino County",1,72,1390,693,697
050,06,045,"California","Mendocino County",1,73,1382,686,696
050,06,045,"California","Mendocino County",1,74,935,464,471
050,06,045,"California","Mendocino County",1,75,872,438,434
050,06,045,"California","Mendocino County",1,76,826,396,430
050,06,045,"California","Mendocino County",1,77,765,371,394
050,06,045,"California","Mendocino County",1,78,634,303,331
050,06,045,"California","Mendocino County",1,79,543,267,276
050,06,045,"California","Mendocino County",1,80,484,232,252
050,06,045,"California","Mendocino County",1,81,415,190,225
050,06,045,"California","Mendocino County",1,82,368,169,199
050,06,045,"California","Mendocino County",1,83,313,156,157
050,06,045,"California","Mendocino County",1,84,347,155,192
050,06,045,"California","Mendocino County",1,85,2003,706,1297
050,06,045,"California","Mendocino County",2,0,937,480,457
050,06,045,"California","Mendocino County",2,1,963,496,467
050,06,045,"California","Mendocino County",2,2,978,519,459
050,06,045,"California","Mendocino County",2,3,1042,523,519
050,06,045,"California","Mendocino County",2,4,1075,538,537
050,06,045,"California","Mendocino County",2,5,1105,551,554
050,06,045,"California","Mendocino County",2,6,1079,524,555
050,06,045,"California","Mendocino County",2,7,1084,523,561
050,06,045,"California","Mendocino County",2,8,1134,585,549
050,06,045,"California","Mendocino County",2,9,1097,568,529
050,06,045,"California","Mendocino County",2,10,1112,567,545
050,06,045,"California","Mendocino County",2,11,1148,598,550
050,06,045,"California","Mendocino County",2,12,1176,624,552
050,06,045,"California","Mendocino County",2,13,1141,599,542
050,06,045,"California","Mendocino County",2,14,1120,573,547
050,06,045,"California","Mendocino County",2,15,1106,566,540
050,06,045,"California","Mendocino County",2,16,1106,557,549
050,06,045,"California","Mendocino County",2,17,1099,542,557
050,06,045,"California","Mendocino County",2,18,1001,502,499
050,06,045,"California","Mendocino County",2,19,870,460,410
050,06,045,"California","Mendocino County",2,20,888,482,406
050,06,045,"California","Mendocino County",2,21,868,462,406
050,06,045,"California","Mendocino County",2,22,885,447,438
050,06,045,"California","Mendocino County",2,23,873,433,440
050,06,045,"California","Mendocino County",2,24,885,448,437
050,06,045,"California","Mendocino County",2,25,924,481,443
050,06,045,"California","Mendocino County",2,26,939,493,446
050,06,045,"California","Mendocino County",2,27,969,516,453
050,06,045,"California","Mendocino County",2,28,1012,534,478
050,06,045,"California","Mendocino County",2,29,1050,536,514
050,06,045,"California","Mendocino County",2,30,1054,524,530
050,06,045,"California","Mendocino County",2,31,997,501,496
050,06,045,"California","Mendocino County",2,32,986,488,498
050,06,045,"California","Mendocino County",2,33,996,509,487
050,06,045,"California","Mendocino County",2,34,1049,542,507
050,06,045,"California","Mendocino County",2,35,1105,565,540
050,06,045,"California","Mendocino County",2,36,1092,562,530
050,06,045,"California","Mendocino County",2,37,1133,568,565
050,06,045,"California","Mendocino County",2,38,1171,586,585
050,06,045,"California","Mendocino County",2,39,1186,603,583
050,06,045,"California","Mendocino County",2,40,1168,610,558
050,06,045,"California","Mendocino County",2,41,1106,561,545
050,06,045,"California","Mendocino County",2,42,1106,574,532
050,06,045,"California","Mendocino County",2,43,1098,581,517
050,06,045,"California","Mendocino County",2,44,1071,542,529
050,06,045,"California","Mendocino County",2,45,1053,551,502
050,06,045,"California","Mendocino County",2,46,1043,554,489
050,06,045,"California","Mendocino County",2,47,1040,527,513
050,06,045,"California","Mendocino County",2,48,1053,510,543
050,06,045,"California","Mendocino County",2,49,1122,560,562
050,06,045,"California","Mendocino County",2,50,1087,542,545
050,06,045,"California","Mendocino County",2,51,1070,541,529
050,06,045,"California","Mendocino County",2,52,1035,532,503
050,06,045,"California","Mendocino County",2,53,1024,512,512
050,06,045,"California","Mendocino County",2,54,1027,503,524
050,06,045,"California","Mendocino County",2,55,1071,530,541
050,06,045,"California","Mendocino County",2,56,1116,554,562
050,06,045,"California","Mendocino County",2,57,1159,582,577
050,06,045,"California","Mendocino County",2,58,1208,586,622
050,06,045,"California","Mendocino County",2,59,1261,605,656
050,06,045,"California","Mendocino County",2,60,1284,635,649
050,06,045,"California","Mendocino County",2,61,1277,629,648
050,06,045,"California","Mendocino County",2,62,1365,667,698
050,06,045,"California","Mendocino County",2,63,1388,684,704
050,06,045,"California","Mendocino County",2,64,1387,669,718
050,06,045,"California","Mendocino County",2,65,1406,676,730
050,06,045,"California","Mendocino County",2,66,1408,673,735
050,06,045,"California","Mendocino County",2,67,1431,670,761
050,06,045,"California","Mendocino County",2,68,1418,653,765
050,06,045,"California","Mendocino County",2,69,1434,681,753
050,06,045,"California","Mendocino County",2,70,1438,672,766
050,06,045,"California","Mendocino County",2,71,1358,666,692
050,06,045,"California","Mendocino County",2,72,1345,669,676
050,06,045,"California","Mendocino County",2,73,1440,719,721
050,06,045,"California","Mendocino County",2,74,976,484,492
050,06,045,"California","Mendocino County",2,75,884,441,443
050,06,045,"California","Mendocino County",2,76,830,402,428
050,06,045,"California","Mendocino County",2,77,791,378,413
050,06,045,"California","Mendocino County",2,78,639,306,333
050,06,045,"California","Mendocino County",2,79,558,274,284
050,06,045,"California","Mendocino County",2,80,490,233,257
050,06,045,"California","Mendocino County",2,81,428,200,228
050,06,045,"California","Mendocino County",2,82,377,171,206
050,06,045,"California","Mendocino County",2,83,320,157,163
050,06,045,"California","Mendocino County",2,84,335,151,184
050,06,045,"California","Mendocino County",2,85,2007,716,1291
050,06,045,"California","Mendocino County",3,0,909,435,474
050,06,045,"California","Mendocino County",3,1,915,452,463
050,06,045,"California","Mendocino County",3,2,964,492,472
050,06,045,"California","Mendocino County",3,3,979,516,463
050,06,045,"California","Mendocino County",3,4,1056,523,533
050,06,045,"California","Mendocino County",3,5,1067,533,534
050,06,045,"California","Mendocino County",3,6,1107,544,563
050,06,045,"California","Mendocino County",3,7,1065,510,555
050,06,045,"California","Mendocino County",3,8,1077,518,559
050,06,045,"California","Mendocino County",3,9,1129,583,546
050,06,045,"California","Mendocino County",3,10,1084,566,518
050,06,045,"California","Mendocino County",3,11,1135,584,551
050,06,045,"California","Mendocino County",3,12,1127,578,549
050,06,045,"California","Mendocino County",3,13,1188,638,550
050,06,045,"California","Mendocino County",3,14,1132,594,538
050,06,045,"California","Mendocino County",3,15,1106,561,545
050,06,045,"California","Mendocino County",3,16,1125,569,556
050,06,045,"California","Mendocino County",3,17,1095,556,539
050,06,045,"California","Mendocino County",3,18,1024,515,509
050,06,045,"California","Mendocino County",3,19,875,444,431
050,06,045,"California","Mendocino County",3,20,893,477,416
050,06,045,"California","Mendocino County",3,21,891,468,423
050,06,045,"California","Mendocino County",3,22,907,476,431
050,06,045,"California","Mendocino County",3,23,918,456,462
050,06,045,"California","Mendocino County",3,24,854,413,441
050,06,045,"California","Mendocino County",3,25,902,454,448
050,06,045,"California","Mendocino County",3,26,965,501,464
050,06,045,"California","Mendocino County",3,27,957,495,462
050,06,045,"California","Mendocino County",3,28,987,520,467
050,06,045,"California","Mendocino County",3,29,1008,516,492
050,06,045,"California","Mendocino County",3,30,1085,555,530
050,06,045,"California","Mendocino County",3,31,1074,531,543
050,06,045,"California","Mendocino County",3,32,1010,501,509
050,06,045,"California","Mendocino County",3,33,1001,500,501
050,06,045,"California","Mendocino County",3,34,1003,508,495
050,06,045,"California","Mendocino County",3,35,1059,545,514
050,06,045,"California","Mendocino County",3,36,1105,558,547
050,06,045,"California","Mendocino County",3,37,1105,580,525
050,06,045,"California","Mendocino County",3,38,1138,559,579
050,06,045,"California","Mendocino County",3,39,1165,581,584
050,06,045,"California","Mendocino County",3,40,1197,603,594
050,06,045,"California","Mendocino County",3,41,1172,609,563
050,06,045,"California","Mendocino County",3,42,1095,548,547
050,06,045,"California","Mendocino County",3,43,1127,596,531
050,06,045,"California","Mendocino County",3,44,1126,598,528
050,06,045,"California","Mendocino County",3,45,1070,534,536
050,06,045,"California","Mendocino County",3,46,1047,554,493
050,06,045,"California","Mendocino County",3,47,1034,549,485
050,06,045,"California","Mendocino County",3,48,1022,520,502
050,06,045,"California","Mendocino County",3,49,1048,514,534
050,06,045,"California","Mendocino County",3,50,1106,543,563
050,06,045,"California","Mendocino County",3,51,1095,541,554
050,06,045,"California","Mendocino County",3,52,1055,534,521
050,06,045,"California","Mendocino County",3,53,1019,519,500
050,06,045,"California","Mendocino County",3,54,1044,513,531
050,06,045,"California","Mendocino County",3,55,1029,510,519
050,06,045,"California","Mendocino County",3,56,1053,533,520
050,06,045,"California","Mendocino County",3,57,1092,541,551
050,06,045,"California","Mendocino County",3,58,1138,567,571
050,06,045,"California","Mendocino County",3,59,1218,581,637
050,06,045,"California","Mendocino County",3,60,1260,616,644
050,06,045,"California","Mendocino County",3,61,1265,620,645
050,06,045,"California","Mendocino County",3,62,1282,625,657
050,06,045,"California","Mendocino County",3,63,1373,681,692
050,06,045,"California","Mendocino County",3,64,1399,681,718
050,06,045,"California","Mendocino County",3,65,1366,655,711
050,06,045,"California","Mendocino County",3,66,1381,651,730
050,06,045,"California","Mendocino County",3,67,1372,649,723
050,06,045,"California","Mendocino County",3,68,1408,659,749
050,06,045,"California","Mendocino County",3,69,1394,639,755
050,06,045,"California","Mendocino County",3,70,1409,665,744
050,06,045,"California","Mendocino County",3,71,1415,661,754
050,06,045,"California","Mendocino County",3,72,1328,654,674
050,06,045,"California","Mendocino County",3,73,1300,653,647
050,06,045,"California","Mendocino County",3,74,1407,698,709
050,06,045,"California","Mendocino County",3,75,947,470,477
050,06,045,"California","Mendocino County",3,76,852,428,424
050,06,045,"California","Mendocino County",3,77,805,390,415
050,06,045,"California","Mendocino County",3,78,750,357,393
050,06,045,"California","Mendocino County",3,79,599,287,312
050,06,045,"California","Mendocino County",3,80,527,252,275
050,06,045,"California","Mendocino County",3,81,471,220,251
050,06,045,"California","Mendocino County",3,82,385,173,212
050,06,045,"California","Mendocino County",3,83,356,170,186
050,06,045,"California","Mendocino County",3,84,296,137,159
050,06,045,"California","Mendocino County",3,85,2001,722,1279
050,06,045,"California","Mendocino County",4,0,913,451,462
050,06,045,"California","Mendocino County",4,1,907,418,489
050,06,045,"California","Mendocino County",4,2,912,461,451
050,06,045,"California","Mendocino County",4,3,960,486,474
050,06,045,"California","Mendocino County",4,4,974,513,461
050,06,045,"California","Mendocino County",4,5,1021,508,513
050,06,045,"California","Mendocino County",4,6,1053,530,523
050,06,045,"California","Mendocino County",4,7,1083,541,542
050,06,045,"California","Mendocino County",4,8,1071,511,560
050,06,045,"California","Mendocino County",4,9,1075,515,560
050,06,045,"California","Mendocino County",4,10,1111,577,534
050,06,045,"California","Mendocino County",4,11,1065,561,504
050,06,045,"California","Mendocino County",4,12,1119,580,539
050,06,045,"California","Mendocino County",4,13,1126,589,537
050,06,045,"California","Mendocino County",4,14,1157,624,533
050,06,045,"California","Mendocino County",4,15,1123,592,531
050,06,045,"California","Mendocino County",4,16,1114,571,543
050,06,045,"California","Mendocino County",4,17,1095,551,544
050,06,045,"California","Mendocino County",4,18,970,511,459
050,06,045,"California","Mendocino County",4,19,859,442,417
050,06,045,"California","Mendocino County",4,20,872,444,428
050,06,045,"California","Mendocino County",4,21,864,451,413
050,06,045,"California","Mendocino County",4,22,889,462,427
050,06,045,"California","Mendocino County",4,23,903,467,436
050,06,045,"California","Mendocino County",4,24,913,458,455
050,06,045,"California","Mendocino County",4,25,816,389,427
050,06,045,"California","Mendocino County",4,26,876,435,441
050,06,045,"California","Mendocino County",4,27,948,505,443
050,06,045,"California","Mendocino County",4,28,965,501,464
050,06,045,"California","Mendocino County",4,29,943,501,442
050,06,045,"California","Mendocino County",4,30,1006,522,484
050,06,045,"California","Mendocino County",4,31,1029,523,506
050,06,045,"California","Mendocino County",4,32,1036,517,519
050,06,045,"California","Mendocino County",4,33,1010,505,505
050,06,045,"California","Mendocino County",4,34,974,475,499
050,06,045,"California","Mendocino County",4,35,998,488,510
050,06,045,"California","Mendocino County",4,36,1042,528,514
050,06,045,"California","Mendocino County",4,37,1077,537,540
050,06,045,"California","Mendocino County",4,38,1094,562,532
050,06,045,"California","Mendocino County",4,39,1101,533,568
050,06,045,"California","Mendocino County",4,40,1160,581,579
050,06,045,"California","Mendocino County",4,41,1168,598,570
050,06,045,"California","Mendocino County",4,42,1177,612,565
050,06,045,"California","Mendocino County",4,43,1077,538,539
050,06,045,"California","Mendocino County",4,44,1121,585,536
050,06,045,"California","Mendocino County",4,45,1119,595,524
050,06,045,"California","Mendocino County",4,46,1066,536,530
050,06,045,"California","Mendocino County",4,47,1015,531,484
050,06,045,"California","Mendocino County",4,48,1019,543,476
050,06,045,"California","Mendocino County",4,49,998,501,497
050,06,045,"California","Mendocino County",4,50,1048,524,524
050,06,045,"California","Mendocino County",4,51,1119,545,574
050,06,045,"California","Mendocino County",4,52,1059,525,534
050,06,045,"California","Mendocino County",4,53,1020,515,505
050,06,045,"California","Mendocino County",4,54,1017,514,503
050,06,045,"California","Mendocino County",4,55,1040,506,534
050,06,045,"California","Mendocino County",4,56,1012,510,502
050,06,045,"California","Mendocino County",4,57,1042,530,512
050,06,045,"California","Mendocino County",4,58,1082,540,542
050,06,045,"California","Mendocino County",4,59,1126,549,577
050,06,045,"California","Mendocino County",4,60,1211,585,626
050,06,045,"California","Mendocino County",4,61,1251,605,646
050,06,045,"California","Mendocino County",4,62,1231,598,633
050,06,045,"California","Mendocino County",4,63,1249,614,635
050,06,045,"California","Mendocino County",4,64,1338,673,665
050,06,045,"California","Mendocino County",4,65,1370,669,701
050,06,045,"California","Mendocino County",4,66,1338,633,705
050,06,045,"California","Mendocino County",4,67,1349,632,717
050,06,045,"California","Mendocino County",4,68,1321,624,697
050,06,045,"California","Mendocino County",4,69,1386,656,730
050,06,045,"California","Mendocino County",4,70,1369,618,751
050,06,045,"California","Mendocino County",4,71,1383,640,743
050,06,045,"California","Mendocino County",4,72,1374,643,731
050,06,045,"California","Mendocino County",4,73,1286,630,656
050,06,045,"California","Mendocino County",4,74,1269,643,626
050,06,045,"California","Mendocino County",4,75,1379,684,695
050,06,045,"California","Mendocino County",4,76,906,448,458
050,06,045,"California","Mendocino County",4,77,819,416,403
050,06,045,"California","Mendocino County",4,78,762,371,391
050,06,045,"California","Mendocino County",4,79,714,345,369
050,06,045,"California","Mendocino County",4,80,570,273,297
050,06,045,"California","Mendocino County",4,81,495,230,265
050,06,045,"California","Mendocino County",4,82,440,200,240
050,06,045,"California","Mendocino County",4,83,366,169,197
050,06,045,"California","Mendocino County",4,84,328,151,177
050,06,045,"California","Mendocino County",4,85,1954,738,1216
050,06,045,"California","Mendocino County",5,0,862,435,427
050,06,045,"California","Mendocino County",5,1,898,437,461
050,06,045,"California","Mendocino County",5,2,911,426,485
050,06,045,"California","Mendocino County",5,3,900,457,443
050,06,045,"California","Mendocino County",5,4,970,491,479
050,06,045,"California","Mendocino County",5,5,964,523,441
050,06,045,"California","Mendocino County",5,6,1020,509,511
050,06,045,"California","Mendocino County",5,7,1027,520,507
050,06,045,"California","Mendocino County",5,8,1069,532,537
050,06,045,"California","Mendocino County",5,9,1080,515,565
050,06,045,"California","Mendocino County",5,10,1050,501,549
050,06,045,"California","Mendocino County",5,11,1106,575,531
050,06,045,"California","Mendocino County",5,12,1058,566,492
050,06,045,"California","Mendocino County",5,13,1135,593,542
050,06,045,"California","Mendocino County",5,14,1109,581,528
050,06,045,"California","Mendocino County",5,15,1155,627,528
050,06,045,"California","Mendocino County",5,16,1127,597,530
050,06,045,"California","Mendocino County",5,17,1091,557,534
050,06,045,"California","Mendocino County",5,18,998,513,485
050,06,045,"California","Mendocino County",5,19,826,436,390
050,06,045,"California","Mendocino County",5,20,888,452,436
050,06,045,"California","Mendocino County",5,21,871,445,426
050,06,045,"California","Mendocino County",5,22,886,457,429
050,06,045,"California","Mendocino County",5,23,899,466,433
050,06,045,"California","Mendocino County",5,24,869,452,417
050,06,045,"California","Mendocino County",5,25,871,445,426
050,06,045,"California","Mendocino County",5,26,824,389,435
050,06,045,"California","Mendocino County",5,27,868,433,435
050,06,045,"California","Mendocino County",5,28,939,506,433
050,06,045,"California","Mendocino County",5,29,965,505,460
050,06,045,"California","Mendocino County",5,30,943,506,437
050,06,045,"California","Mendocino County",5,31,985,505,480
050,06,045,"California","Mendocino County",5,32,1015,512,503
050,06,045,"California","Mendocino County",5,33,1029,516,513
050,06,045,"California","Mendocino County",5,34,993,504,489
050,06,045,"California","Mendocino County",5,35,975,462,513
050,06,045,"California","Mendocino County",5,36,1004,482,522
050,06,045,"California","Mendocino County",5,37,1019,517,502
050,06,045,"California","Mendocino County",5,38,1086,535,551
050,06,045,"California","Mendocino County",5,39,1072,550,522
050,06,045,"California","Mendocino County",5,40,1077,522,555
050,06,045,"California","Mendocino County",5,41,1148,566,582
050,06,045,"California","Mendocino County",5,42,1134,572,562
050,06,045,"California","Mendocino County",5,43,1191,617,574
050,06,045,"California","Mendocino County",5,44,1071,535,536
050,06,045,"California","Mendocino County",5,45,1110,581,529
050,06,045,"California","Mendocino County",5,46,1131,600,531
050,06,045,"California","Mendocino County",5,47,1028,502,526
050,06,045,"California","Mendocino County",5,48,982,516,466
050,06,045,"California","Mendocino County",5,49,1012,535,477
050,06,045,"California","Mendocino County",5,50,983,500,483
050,06,045,"California","Mendocino County",5,51,1038,515,523
050,06,045,"California","Mendocino County",5,52,1088,530,558
050,06,045,"California","Mendocino County",5,53,1021,501,520
050,06,045,"California","Mendocino County",5,54,1000,504,496
050,06,045,"California","Mendocino County",5,55,1015,509,506
050,06,045,"California","Mendocino County",5,56,1018,493,525
050,06,045,"California","Mendocino County",5,57,975,492,483
050,06,045,"California","Mendocino County",5,58,1019,511,508
050,06,045,"California","Mendocino County",5,59,1072,526,546
050,06,045,"California","Mendocino County",5,60,1107,559,548
050,06,045,"California","Mendocino County",5,61,1204,567,637
050,06,045,"California","Mendocino County",5,62,1232,590,642
050,06,045,"California","Mendocino County",5,63,1206,585,621
050,06,045,"California","Mendocino County",5,64,1235,609,626
050,06,045,"California","Mendocino County",5,65,1321,660,661
050,06,045,"California","Mendocino County",5,66,1327,649,678
050,06,045,"California","Mendocino County",5,67,1300,628,672
050,06,045,"California","Mendocino County",5,68,1317,610,707
050,06,045,"California","Mendocino County",5,69,1295,611,684
050,06,045,"California","Mendocino County",5,70,1372,637,735
050,06,045,"California","Mendocino County",5,71,1363,602,761
050,06,045,"California","Mendocino County",5,72,1357,628,729
050,06,045,"California","Mendocino County",5,73,1357,627,730
050,06,045,"California","Mendocino County",5,74,1256,613,643
050,06,045,"California","Mendocino County",5,75,1243,625,618
050,06,045,"California","Mendocino County",5,76,1332,654,678
050,06,045,"California","Mendocino County",5,77,879,435,444
050,06,045,"California","Mendocino County",5,78,784,396,388
050,06,045,"California","Mendocino County",5,79,724,356,368
050,06,045,"California","Mendocino County",5,80,684,320,364
050,06,045,"California","Mendocino County",5,81,545,259,286
050,06,045,"California","Mendocino County",5,82,466,208,258
050,06,045,"California","Mendocino County",5,83,414,193,221
050,06,045,"California","Mendocino County",5,84,345,154,191
050,06,045,"California","Mendocino County",5,85,1973,779,1194
050,06,047,"California","Merced County",1,0,3859,1967,1892
050,06,047,"California","Merced County",1,1,3986,2063,1923
050,06,047,"California","Merced County",1,2,4148,2151,1997
050,06,047,"California","Merced County",1,3,4579,2380,2199
050,06,047,"California","Merced County",1,4,4410,2273,2137
050,06,047,"California","Merced County",1,5,4430,2273,2157
050,06,047,"California","Merced County",1,6,4579,2349,2230
050,06,047,"California","Merced County",1,7,4637,2349,2288
050,06,047,"California","Merced County",1,8,4670,2371,2299
050,06,047,"California","Merced County",1,9,4769,2495,2274
050,06,047,"California","Merced County",1,10,4813,2449,2364
050,06,047,"California","Merced County",1,11,4831,2452,2379
050,06,047,"California","Merced County",1,12,5036,2611,2425
050,06,047,"California","Merced County",1,13,5077,2633,2444
050,06,047,"California","Merced County",1,14,4938,2525,2413
050,06,047,"California","Merced County",1,15,4813,2423,2390
050,06,047,"California","Merced County",1,16,4773,2420,2353
050,06,047,"California","Merced County",1,17,4780,2434,2346
050,06,047,"California","Merced County",1,18,5161,2614,2547
050,06,047,"California","Merced County",1,19,4817,2475,2342
050,06,047,"California","Merced County",1,20,4173,2141,2032
050,06,047,"California","Merced County",1,21,3936,2064,1872
050,06,047,"California","Merced County",1,22,3987,2060,1927
050,06,047,"California","Merced County",1,23,3949,2037,1912
050,06,047,"California","Merced County",1,24,4087,2152,1935
050,06,047,"California","Merced County",1,25,4117,2151,1966
050,06,047,"California","Merced County",1,26,4185,2183,2002
050,06,047,"California","Merced County",1,27,4123,2114,2009
050,06,047,"California","Merced County",1,28,4215,2222,1993
050,06,047,"California","Merced County",1,29,4340,2292,2048
050,06,047,"California","Merced County",1,30,4281,2193,2088
050,06,047,"California","Merced County",1,31,3928,2050,1878
050,06,047,"California","Merced County",1,32,3925,2101,1824
050,06,047,"California","Merced County",1,33,3889,2042,1847
050,06,047,"California","Merced County",1,34,3835,2002,1833
050,06,047,"California","Merced County",1,35,3866,2034,1832
050,06,047,"California","Merced County",1,36,3769,1976,1793
050,06,047,"California","Merced County",1,37,3792,1944,1848
050,06,047,"California","Merced County",1,38,3676,1865,1811
050,06,047,"California","Merced County",1,39,3618,1837,1781
050,06,047,"California","Merced County",1,40,3588,1840,1748
050,06,047,"California","Merced County",1,41,3432,1732,1700
050,06,047,"California","Merced County",1,42,3237,1622,1615
050,06,047,"California","Merced County",1,43,3181,1644,1537
050,06,047,"California","Merced County",1,44,3221,1645,1576
050,06,047,"California","Merced County",1,45,3186,1571,1615
050,06,047,"California","Merced County",1,46,3069,1488,1581
050,06,047,"California","Merced County",1,47,3146,1553,1593
050,06,047,"California","Merced County",1,48,3201,1593,1608
050,06,047,"California","Merced County",1,49,3262,1624,1638
050,06,047,"California","Merced County",1,50,3162,1607,1555
050,06,047,"California","Merced County",1,51,3055,1539,1516
050,06,047,"California","Merced County",1,52,3017,1580,1437
050,06,047,"California","Merced County",1,53,2935,1526,1409
050,06,047,"California","Merced County",1,54,2974,1521,1453
050,06,047,"California","Merced County",1,55,3155,1583,1572
050,06,047,"California","Merced County",1,56,2976,1528,1448
050,06,047,"California","Merced County",1,57,2994,1543,1451
050,06,047,"California","Merced County",1,58,3032,1503,1529
050,06,047,"California","Merced County",1,59,2950,1476,1474
050,06,047,"California","Merced County",1,60,2937,1499,1438
050,06,047,"California","Merced County",1,61,2746,1386,1360
050,06,047,"California","Merced County",1,62,2726,1370,1356
050,06,047,"California","Merced County",1,63,2614,1306,1308
050,06,047,"California","Merced County",1,64,2566,1279,1287
050,06,047,"California","Merced County",1,65,2482,1238,1244
050,06,047,"California","Merced County",1,66,2263,1104,1159
050,06,047,"California","Merced County",1,67,2143,1023,1120
050,06,047,"California","Merced County",1,68,2058,1012,1046
050,06,047,"California","Merced County",1,69,1922,925,997
050,06,047,"California","Merced County",1,70,1864,912,952
050,06,047,"California","Merced County",1,71,1797,879,918
050,06,047,"California","Merced County",1,72,1723,813,910
050,06,047,"California","Merced County",1,73,1709,816,893
050,06,047,"California","Merced County",1,74,1370,624,746
050,06,047,"California","Merced County",1,75,1330,625,705
050,06,047,"California","Merced County",1,76,1260,565,695
050,06,047,"California","Merced County",1,77,1124,537,587
050,06,047,"California","Merced County",1,78,1003,463,540
050,06,047,"California","Merced County",1,79,987,452,535
050,06,047,"California","Merced County",1,80,865,395,470
050,06,047,"California","Merced County",1,81,779,332,447
050,06,047,"California","Merced County",1,82,739,332,407
050,06,047,"California","Merced County",1,83,625,263,362
050,06,047,"California","Merced County",1,84,608,249,359
050,06,047,"California","Merced County",1,85,3395,1294,2101
050,06,047,"California","Merced County",2,0,3821,1959,1862
050,06,047,"California","Merced County",2,1,3977,2051,1926
050,06,047,"California","Merced County",2,2,4129,2142,1987
050,06,047,"California","Merced County",2,3,4464,2318,2146
050,06,047,"California","Merced County",2,4,4464,2306,2158
050,06,047,"California","Merced County",2,5,4438,2282,2156
050,06,047,"California","Merced County",2,6,4552,2336,2216
050,06,047,"California","Merced County",2,7,4619,2340,2279
050,06,047,"California","Merced County",2,8,4656,2359,2297
050,06,047,"California","Merced County",2,9,4755,2469,2286
050,06,047,"California","Merced County",2,10,4814,2462,2352
050,06,047,"California","Merced County",2,11,4815,2447,2368
050,06,047,"California","Merced County",2,12,5017,2590,2427
050,06,047,"California","Merced County",2,13,5063,2623,2440
050,06,047,"California","Merced County",2,14,4978,2552,2426
050,06,047,"California","Merced County",2,15,4849,2450,2399
050,06,047,"California","Merced County",2,16,4805,2431,2374
050,06,047,"California","Merced County",2,17,4776,2427,2349
050,06,047,"California","Merced County",2,18,5179,2624,2555
050,06,047,"California","Merced County",2,19,4826,2476,2350
050,06,047,"California","Merced County",2,20,4248,2179,2069
050,06,047,"California","Merced County",2,21,3958,2065,1893
050,06,047,"California","Merced County",2,22,3984,2067,1917
050,06,047,"California","Merced County",2,23,3955,2038,1917
050,06,047,"California","Merced County",2,24,4056,2123,1933
050,06,047,"California","Merced County",2,25,4119,2151,1968
050,06,047,"California","Merced County",2,26,4175,2181,1994
050,06,047,"California","Merced County",2,27,4130,2136,1994
050,06,047,"California","Merced County",2,28,4209,2208,2001
050,06,047,"California","Merced County",2,29,4299,2269,2030
050,06,047,"California","Merced County",2,30,4307,2224,2083
050,06,047,"California","Merced County",2,31,4005,2085,1920
050,06,047,"California","Merced County",2,32,3922,2089,1833
050,06,047,"California","Merced County",2,33,3890,2050,1840
050,06,047,"California","Merced County",2,34,3866,2023,1843
050,06,047,"California","Merced County",2,35,3883,2037,1846
050,06,047,"California","Merced County",2,36,3780,1982,1798
050,06,047,"California","Merced County",2,37,3802,1960,1842
050,06,047,"California","Merced County",2,38,3728,1896,1832
050,06,047,"California","Merced County",2,39,3615,1833,1782
050,06,047,"California","Merced County",2,40,3628,1858,1770
050,06,047,"California","Merced County",2,41,3459,1753,1706
050,06,047,"California","Merced County",2,42,3271,1647,1624
050,06,047,"California","Merced County",2,43,3213,1646,1567
050,06,047,"California","Merced County",2,44,3198,1635,1563
050,06,047,"California","Merced County",2,45,3205,1593,1612
050,06,047,"California","Merced County",2,46,3092,1506,1586
050,06,047,"California","Merced County",2,47,3119,1536,1583
050,06,047,"California","Merced County",2,48,3199,1595,1604
050,06,047,"California","Merced County",2,49,3254,1616,1638
050,06,047,"California","Merced County",2,50,3186,1610,1576
050,06,047,"California","Merced County",2,51,3074,1553,1521
050,06,047,"California","Merced County",2,52,3030,1573,1457
050,06,047,"California","Merced County",2,53,2948,1536,1412
050,06,047,"California","Merced County",2,54,2970,1526,1444
050,06,047,"California","Merced County",2,55,3118,1577,1541
050,06,047,"California","Merced County",2,56,3025,1544,1481
050,06,047,"California","Merced County",2,57,2984,1534,1450
050,06,047,"California","Merced County",2,58,3032,1513,1519
050,06,047,"California","Merced County",2,59,2964,1480,1484
050,06,047,"California","Merced County",2,60,2946,1497,1449
050,06,047,"California","Merced County",2,61,2778,1407,1371
050,06,047,"California","Merced County",2,62,2714,1364,1350
050,06,047,"California","Merced County",2,63,2654,1326,1328
050,06,047,"California","Merced County",2,64,2565,1282,1283
050,06,047,"California","Merced County",2,65,2491,1244,1247
050,06,047,"California","Merced County",2,66,2303,1126,1177
050,06,047,"California","Merced County",2,67,2159,1035,1124
050,06,047,"California","Merced County",2,68,2052,1003,1049
050,06,047,"California","Merced County",2,69,1957,947,1010
050,06,047,"California","Merced County",2,70,1871,908,963
050,06,047,"California","Merced County",2,71,1799,882,917
050,06,047,"California","Merced County",2,72,1716,814,902
050,06,047,"California","Merced County",2,73,1766,841,925
050,06,047,"California","Merced County",2,74,1375,635,740
050,06,047,"California","Merced County",2,75,1339,619,720
050,06,047,"California","Merced County",2,76,1262,573,689
050,06,047,"California","Merced County",2,77,1163,545,618
050,06,047,"California","Merced County",2,78,1011,465,546
050,06,047,"California","Merced County",2,79,972,444,528
050,06,047,"California","Merced County",2,80,877,399,478
050,06,047,"California","Merced County",2,81,793,345,448
050,06,047,"California","Merced County",2,82,731,325,406
050,06,047,"California","Merced County",2,83,642,276,366
050,06,047,"California","Merced County",2,84,592,241,351
050,06,047,"California","Merced County",2,85,3405,1292,2113
050,06,047,"California","Merced County",3,0,3800,1932,1868
050,06,047,"California","Merced County",3,1,4016,2032,1984
050,06,047,"California","Merced County",3,2,4098,2099,1999
050,06,047,"California","Merced County",3,3,4279,2221,2058
050,06,047,"California","Merced County",3,4,4544,2340,2204
050,06,047,"California","Merced County",3,5,4619,2404,2215
050,06,047,"California","Merced County",3,6,4501,2313,2188
050,06,047,"California","Merced County",3,7,4618,2355,2263
050,06,047,"California","Merced County",3,8,4711,2398,2313
050,06,047,"California","Merced County",3,9,4750,2421,2329
050,06,047,"California","Merced County",3,10,4811,2492,2319
050,06,047,"California","Merced County",3,11,4854,2492,2362
050,06,047,"California","Merced County",3,12,4888,2496,2392
050,06,047,"California","Merced County",3,13,5094,2626,2468
050,06,047,"California","Merced County",3,14,5167,2685,2482
050,06,047,"California","Merced County",3,15,5050,2610,2440
050,06,047,"California","Merced County",3,16,4928,2489,2439
050,06,047,"California","Merced County",3,17,4848,2453,2395
050,06,047,"California","Merced County",3,18,4449,2283,2166
050,06,047,"California","Merced County",3,19,4043,2081,1962
050,06,047,"California","Merced County",3,20,4103,2117,1986
050,06,047,"California","Merced County",3,21,4158,2138,2020
050,06,047,"California","Merced County",3,22,4056,2098,1958
050,06,047,"California","Merced County",3,23,3985,2066,1919
050,06,047,"California","Merced County",3,24,4086,2107,1979
050,06,047,"California","Merced County",3,25,4108,2145,1963
050,06,047,"California","Merced County",3,26,4149,2168,1981
050,06,047,"California","Merced County",3,27,4239,2232,2007
050,06,047,"California","Merced County",3,28,4208,2177,2031
050,06,047,"California","Merced County",3,29,4280,2233,2047
050,06,047,"California","Merced County",3,30,4381,2322,2059
050,06,047,"California","Merced County",3,31,4394,2278,2116
050,06,047,"California","Merced County",3,32,4057,2106,1951
050,06,047,"California","Merced County",3,33,3977,2077,1900
050,06,047,"California","Merced County",3,34,3947,2093,1854
050,06,047,"California","Merced County",3,35,3959,2074,1885
050,06,047,"California","Merced County",3,36,3922,2060,1862
050,06,047,"California","Merced County",3,37,3861,2018,1843
050,06,047,"California","Merced County",3,38,3834,1957,1877
050,06,047,"California","Merced County",3,39,3780,1935,1845
050,06,047,"California","Merced County",3,40,3647,1849,1798
050,06,047,"California","Merced County",3,41,3649,1869,1780
050,06,047,"California","Merced County",3,42,3475,1759,1716
050,06,047,"California","Merced County",3,43,3336,1687,1649
050,06,047,"California","Merced County",3,44,3277,1676,1601
050,06,047,"California","Merced County",3,45,3230,1658,1572
050,06,047,"California","Merced County",3,46,3214,1584,1630
050,06,047,"California","Merced County",3,47,3100,1514,1586
050,06,047,"California","Merced County",3,48,3186,1571,1615
050,06,047,"California","Merced County",3,49,3203,1594,1609
050,06,047,"California","Merced County",3,50,3248,1603,1645
050,06,047,"California","Merced County",3,51,3210,1613,1597
050,06,047,"California","Merced County",3,52,3069,1545,1524
050,06,047,"California","Merced County",3,53,3015,1559,1456
050,06,047,"California","Merced County",3,54,2939,1525,1414
050,06,047,"California","Merced County",3,55,2992,1542,1450
050,06,047,"California","Merced County",3,56,3089,1545,1544
050,06,047,"California","Merced County",3,57,3024,1542,1482
050,06,047,"California","Merced County",3,58,2958,1528,1430
050,06,047,"California","Merced County",3,59,2997,1484,1513
050,06,047,"California","Merced County",3,60,2983,1481,1502
050,06,047,"California","Merced County",3,61,2907,1462,1445
050,06,047,"California","Merced County",3,62,2740,1392,1348
050,06,047,"California","Merced County",3,63,2703,1343,1360
050,06,047,"California","Merced County",3,64,2618,1299,1319
050,06,047,"California","Merced County",3,65,2509,1232,1277
050,06,047,"California","Merced County",3,66,2450,1221,1229
050,06,047,"California","Merced County",3,67,2285,1110,1175
050,06,047,"California","Merced County",3,68,2106,1013,1093
050,06,047,"California","Merced County",3,69,2033,991,1042
050,06,047,"California","Merced County",3,70,1913,916,997
050,06,047,"California","Merced County",3,71,1825,882,943
050,06,047,"California","Merced County",3,72,1768,868,900
050,06,047,"California","Merced County",3,73,1673,788,885
050,06,047,"California","Merced County",3,74,1707,813,894
050,06,047,"California","Merced County",3,75,1321,596,725
050,06,047,"California","Merced County",3,76,1287,593,694
050,06,047,"California","Merced County",3,77,1211,549,662
050,06,047,"California","Merced County",3,78,1100,506,594
050,06,047,"California","Merced County",3,79,949,431,518
050,06,047,"California","Merced County",3,80,888,396,492
050,06,047,"California","Merced County",3,81,837,378,459
050,06,047,"California","Merced County",3,82,709,310,399
050,06,047,"California","Merced County",3,83,671,293,378
050,06,047,"California","Merced County",3,84,588,258,330
050,06,047,"California","Merced County",3,85,3419,1259,2160
050,06,047,"California","Merced County",4,0,3875,2018,1857
050,06,047,"California","Merced County",4,1,3860,1978,1882
050,06,047,"California","Merced County",4,2,4106,2090,2016
050,06,047,"California","Merced County",4,3,4191,2141,2050
050,06,047,"California","Merced County",4,4,4348,2277,2071
050,06,047,"California","Merced County",4,5,4637,2371,2266
050,06,047,"California","Merced County",4,6,4752,2483,2269
050,06,047,"California","Merced County",4,7,4575,2375,2200
050,06,047,"California","Merced County",4,8,4735,2403,2332
050,06,047,"California","Merced County",4,9,4756,2433,2323
050,06,047,"California","Merced County",4,10,4812,2426,2386
050,06,047,"California","Merced County",4,11,4909,2533,2376
050,06,047,"California","Merced County",4,12,4924,2540,2384
050,06,047,"California","Merced County",4,13,4946,2528,2418
050,06,047,"California","Merced County",4,14,5105,2639,2466
050,06,047,"California","Merced County",4,15,5186,2699,2487
050,06,047,"California","Merced County",4,16,5097,2615,2482
050,06,047,"California","Merced County",4,17,5017,2545,2472
050,06,047,"California","Merced County",4,18,5585,2849,2736
050,06,047,"California","Merced County",4,19,5124,2620,2504
050,06,047,"California","Merced County",4,20,4512,2288,2224
050,06,047,"California","Merced County",4,21,4257,2186,2071
050,06,047,"California","Merced County",4,22,4250,2216,2034
050,06,047,"California","Merced County",4,23,4114,2124,1990
050,06,047,"California","Merced County",4,24,4044,2111,1933
050,06,047,"California","Merced County",4,25,4070,2080,1990
050,06,047,"California","Merced County",4,26,4065,2131,1934
050,06,047,"California","Merced County",4,27,4164,2159,2005
050,06,047,"California","Merced County",4,28,4280,2237,2043
050,06,047,"California","Merced County",4,29,4249,2207,2042
050,06,047,"California","Merced County",4,30,4354,2242,2112
050,06,047,"California","Merced County",4,31,4462,2366,2096
050,06,047,"California","Merced County",4,32,4466,2328,2138
050,06,047,"California","Merced County",4,33,4120,2137,1983
050,06,047,"California","Merced County",4,34,4049,2134,1915
050,06,047,"California","Merced County",4,35,3971,2061,1910
050,06,047,"California","Merced County",4,36,3981,2104,1877
050,06,047,"California","Merced County",4,37,3947,2067,1880
050,06,047,"California","Merced County",4,38,3880,2012,1868
050,06,047,"California","Merced County",4,39,3854,1969,1885
050,06,047,"California","Merced County",4,40,3831,1978,1853
050,06,047,"California","Merced County",4,41,3712,1898,1814
050,06,047,"California","Merced County",4,42,3653,1862,1791
050,06,047,"California","Merced County",4,43,3496,1761,1735
050,06,047,"California","Merced County",4,44,3357,1700,1657
050,06,047,"California","Merced County",4,45,3311,1704,1607
050,06,047,"California","Merced County",4,46,3217,1649,1568
050,06,047,"California","Merced County",4,47,3191,1589,1602
050,06,047,"California","Merced County",4,48,3154,1552,1602
050,06,047,"California","Merced County",4,49,3156,1552,1604
050,06,047,"California","Merced County",4,50,3178,1567,1611
050,06,047,"California","Merced County",4,51,3204,1577,1627
050,06,047,"California","Merced County",4,52,3206,1603,1603
050,06,047,"California","Merced County",4,53,3058,1538,1520
050,06,047,"California","Merced County",4,54,2977,1532,1445
050,06,047,"California","Merced County",4,55,2942,1528,1414
050,06,047,"California","Merced County",4,56,2984,1532,1452
050,06,047,"California","Merced County",4,57,3034,1516,1518
050,06,047,"California","Merced County",4,58,2986,1508,1478
050,06,047,"California","Merced County",4,59,2948,1512,1436
050,06,047,"California","Merced County",4,60,2946,1467,1479
050,06,047,"California","Merced County",4,61,2920,1437,1483
050,06,047,"California","Merced County",4,62,2910,1455,1455
050,06,047,"California","Merced County",4,63,2642,1331,1311
050,06,047,"California","Merced County",4,64,2614,1307,1307
050,06,047,"California","Merced County",4,65,2566,1271,1295
050,06,047,"California","Merced County",4,66,2417,1176,1241
050,06,047,"California","Merced County",4,67,2385,1185,1200
050,06,047,"California","Merced County",4,68,2190,1058,1132
050,06,047,"California","Merced County",4,69,2027,970,1057
050,06,047,"California","Merced County",4,70,1958,950,1008
050,06,047,"California","Merced County",4,71,1864,886,978
050,06,047,"California","Merced County",4,72,1773,846,927
050,06,047,"California","Merced County",4,73,1701,827,874
050,06,047,"California","Merced County",4,74,1620,759,861
050,06,047,"California","Merced County",4,75,1615,757,858
050,06,047,"California","Merced County",4,76,1262,571,691
050,06,047,"California","Merced County",4,77,1232,555,677
050,06,047,"California","Merced County",4,78,1155,514,641
050,06,047,"California","Merced County",4,79,1026,466,560
050,06,047,"California","Merced County",4,80,878,393,485
050,06,047,"California","Merced County",4,81,845,377,468
050,06,047,"California","Merced County",4,82,779,353,426
050,06,047,"California","Merced County",4,83,666,290,376
050,06,047,"California","Merced County",4,84,612,265,347
050,06,047,"California","Merced County",4,85,3383,1248,2135
050,06,047,"California","Merced County",5,0,3771,1960,1811
050,06,047,"California","Merced County",5,1,3969,2040,1929
050,06,047,"California","Merced County",5,2,3900,1981,1919
050,06,047,"California","Merced County",5,3,4119,2090,2029
050,06,047,"California","Merced County",5,4,4207,2159,2048
050,06,047,"California","Merced County",5,5,4360,2271,2089
050,06,047,"California","Merced County",5,6,4635,2369,2266
050,06,047,"California","Merced County",5,7,4729,2471,2258
050,06,047,"California","Merced County",5,8,4600,2378,2222
050,06,047,"California","Merced County",5,9,4746,2420,2326
050,06,047,"California","Merced County",5,10,4744,2425,2319
050,06,047,"California","Merced County",5,11,4830,2457,2373
050,06,047,"California","Merced County",5,12,4910,2538,2372
050,06,047,"California","Merced County",5,13,4968,2569,2399
050,06,047,"California","Merced County",5,14,4962,2532,2430
050,06,047,"California","Merced County",5,15,5105,2627,2478
050,06,047,"California","Merced County",5,16,5208,2702,2506
050,06,047,"California","Merced County",5,17,5137,2645,2492
050,06,047,"California","Merced County",5,18,5819,2967,2852
050,06,047,"California","Merced County",5,19,5325,2750,2575
050,06,047,"California","Merced County",5,20,4652,2353,2299
050,06,047,"California","Merced County",5,21,4443,2285,2158
050,06,047,"California","Merced County",5,22,4292,2224,2068
050,06,047,"California","Merced County",5,23,4201,2159,2042
050,06,047,"California","Merced County",5,24,4154,2130,2024
050,06,047,"California","Merced County",5,25,3993,2060,1933
050,06,047,"California","Merced County",5,26,4035,2088,1947
050,06,047,"California","Merced County",5,27,4015,2117,1898
050,06,047,"California","Merced County",5,28,4252,2208,2044
050,06,047,"California","Merced County",5,29,4300,2244,2056
050,06,047,"California","Merced County",5,30,4233,2202,2031
050,06,047,"California","Merced County",5,31,4379,2256,2123
050,06,047,"California","Merced County",5,32,4436,2355,2081
050,06,047,"California","Merced County",5,33,4421,2287,2134
050,06,047,"California","Merced County",5,34,4129,2161,1968
050,06,047,"California","Merced County",5,35,4052,2132,1920
050,06,047,"California","Merced County",5,36,3953,2046,1907
050,06,047,"California","Merced County",5,37,4005,2094,1911
050,06,047,"California","Merced County",5,38,3975,2085,1890
050,06,047,"California","Merced County",5,39,3868,2019,1849
050,06,047,"California","Merced County",5,40,3833,1937,1896
050,06,047,"California","Merced County",5,41,3873,2019,1854
050,06,047,"California","Merced County",5,42,3716,1886,1830
050,06,047,"California","Merced County",5,43,3641,1867,1774
050,06,047,"California","Merced County",5,44,3453,1741,1712
050,06,047,"California","Merced County",5,45,3366,1688,1678
050,06,047,"California","Merced County",5,46,3298,1679,1619
050,06,047,"California","Merced County",5,47,3227,1668,1559
050,06,047,"California","Merced County",5,48,3190,1607,1583
050,06,047,"California","Merced County",5,49,3091,1504,1587
050,06,047,"California","Merced County",5,50,3090,1525,1565
050,06,047,"California","Merced County",5,51,3152,1552,1600
050,06,047,"California","Merced County",5,52,3149,1530,1619
050,06,047,"California","Merced County",5,53,3186,1589,1597
050,06,047,"California","Merced County",5,54,3011,1504,1507
050,06,047,"California","Merced County",5,55,2988,1546,1442
050,06,047,"California","Merced County",5,56,2917,1504,1413
050,06,047,"California","Merced County",5,57,2959,1516,1443
050,06,047,"California","Merced County",5,58,2987,1483,1504
050,06,047,"California","Merced County",5,59,2958,1494,1464
050,06,047,"California","Merced County",5,60,2899,1477,1422
050,06,047,"California","Merced County",5,61,2907,1442,1465
050,06,047,"California","Merced County",5,62,2857,1414,1443
050,06,047,"California","Merced County",5,63,2848,1426,1422
050,06,047,"California","Merced County",5,64,2607,1308,1299
050,06,047,"California","Merced County",5,65,2563,1261,1302
050,06,047,"California","Merced County",5,66,2504,1230,1274
050,06,047,"California","Merced County",5,67,2377,1153,1224
050,06,047,"California","Merced County",5,68,2306,1146,1160
050,06,047,"California","Merced County",5,69,2141,1028,1113
050,06,047,"California","Merced County",5,70,1963,943,1020
050,06,047,"California","Merced County",5,71,1900,904,996
050,06,047,"California","Merced County",5,72,1816,849,967
050,06,047,"California","Merced County",5,73,1722,804,918
050,06,047,"California","Merced County",5,74,1645,797,848
050,06,047,"California","Merced County",5,75,1561,719,842
050,06,047,"California","Merced County",5,76,1545,731,814
050,06,047,"California","Merced County",5,77,1194,538,656
050,06,047,"California","Merced County",5,78,1179,527,652
050,06,047,"California","Merced County",5,79,1115,496,619
050,06,047,"California","Merced County",5,80,951,420,531
050,06,047,"California","Merced County",5,81,843,377,466
050,06,047,"California","Merced County",5,82,795,359,436
050,06,047,"California","Merced County",5,83,721,322,399
050,06,047,"California","Merced County",5,84,616,266,350
050,06,047,"California","Merced County",5,85,3428,1284,2144
050,06,049,"California","Modoc County",1,0,70,36,34
050,06,049,"California","Modoc County",1,1,75,41,34
050,06,049,"California","Modoc County",1,2,86,48,38
050,06,049,"California","Modoc County",1,3,97,53,44
050,06,049,"California","Modoc County",1,4,87,38,49
050,06,049,"California","Modoc County",1,5,99,44,55
050,06,049,"California","Modoc County",1,6,96,41,55
050,06,049,"California","Modoc County",1,7,100,53,47
050,06,049,"California","Modoc County",1,8,88,43,45
050,06,049,"California","Modoc County",1,9,111,62,49
050,06,049,"California","Modoc County",1,10,107,53,54
050,06,049,"California","Modoc County",1,11,100,50,50
050,06,049,"California","Modoc County",1,12,98,49,49
050,06,049,"California","Modoc County",1,13,95,47,48
050,06,049,"California","Modoc County",1,14,96,50,46
050,06,049,"California","Modoc County",1,15,97,54,43
050,06,049,"California","Modoc County",1,16,101,56,45
050,06,049,"California","Modoc County",1,17,99,53,46
050,06,049,"California","Modoc County",1,18,73,45,28
050,06,049,"California","Modoc County",1,19,67,38,29
050,06,049,"California","Modoc County",1,20,67,33,34
050,06,049,"California","Modoc County",1,21,61,31,30
050,06,049,"California","Modoc County",1,22,64,32,32
050,06,049,"California","Modoc County",1,23,69,38,31
050,06,049,"California","Modoc County",1,24,91,49,42
050,06,049,"California","Modoc County",1,25,85,44,41
050,06,049,"California","Modoc County",1,26,74,43,31
050,06,049,"California","Modoc County",1,27,79,40,39
050,06,049,"California","Modoc County",1,28,98,45,53
050,06,049,"California","Modoc County",1,29,102,54,48
050,06,049,"California","Modoc County",1,30,81,45,36
050,06,049,"California","Modoc County",1,31,92,49,43
050,06,049,"California","Modoc County",1,32,90,40,50
050,06,049,"California","Modoc County",1,33,74,35,39
050,06,049,"California","Modoc County",1,34,85,39,46
050,06,049,"California","Modoc County",1,35,94,42,52
050,06,049,"California","Modoc County",1,36,89,52,37
050,06,049,"California","Modoc County",1,37,107,59,48
050,06,049,"California","Modoc County",1,38,92,46,46
050,06,049,"California","Modoc County",1,39,89,48,41
050,06,049,"California","Modoc County",1,40,90,47,43
050,06,049,"California","Modoc County",1,41,77,34,43
050,06,049,"California","Modoc County",1,42,86,40,46
050,06,049,"California","Modoc County",1,43,91,47,44
050,06,049,"California","Modoc County",1,44,94,42,52
050,06,049,"California","Modoc County",1,45,78,34,44
050,06,049,"California","Modoc County",1,46,83,42,41
050,06,049,"California","Modoc County",1,47,87,53,34
050,06,049,"California","Modoc County",1,48,92,60,32
050,06,049,"California","Modoc County",1,49,98,58,40
050,06,049,"California","Modoc County",1,50,108,55,53
050,06,049,"California","Modoc County",1,51,92,43,49
050,06,049,"California","Modoc County",1,52,88,40,48
050,06,049,"California","Modoc County",1,53,97,45,52
050,06,049,"California","Modoc County",1,54,109,49,60
050,06,049,"California","Modoc County",1,55,128,58,70
050,06,049,"California","Modoc County",1,56,111,50,61
050,06,049,"California","Modoc County",1,57,126,61,65
050,06,049,"California","Modoc County",1,58,147,73,74
050,06,049,"California","Modoc County",1,59,150,74,76
050,06,049,"California","Modoc County",1,60,133,69,64
050,06,049,"California","Modoc County",1,61,138,65,73
050,06,049,"California","Modoc County",1,62,149,60,89
050,06,049,"California","Modoc County",1,63,136,63,73
050,06,049,"California","Modoc County",1,64,143,71,72
050,06,049,"California","Modoc County",1,65,168,92,76
050,06,049,"California","Modoc County",1,66,156,77,79
050,06,049,"California","Modoc County",1,67,144,74,70
050,06,049,"California","Modoc County",1,68,143,80,63
050,06,049,"California","Modoc County",1,69,154,78,76
050,06,049,"California","Modoc County",1,70,154,75,79
050,06,049,"California","Modoc County",1,71,145,76,69
050,06,049,"California","Modoc County",1,72,131,76,55
050,06,049,"California","Modoc County",1,73,150,80,70
050,06,049,"California","Modoc County",1,74,94,47,47
050,06,049,"California","Modoc County",1,75,100,50,50
050,06,049,"California","Modoc County",1,76,112,58,54
050,06,049,"California","Modoc County",1,77,91,47,44
050,06,049,"California","Modoc County",1,78,92,45,47
050,06,049,"California","Modoc County",1,79,80,45,35
050,06,049,"California","Modoc County",1,80,87,44,43
050,06,049,"California","Modoc County",1,81,62,31,31
050,06,049,"California","Modoc County",1,82,47,22,25
050,06,049,"California","Modoc County",1,83,48,19,29
050,06,049,"California","Modoc County",1,84,38,17,21
050,06,049,"California","Modoc County",1,85,251,113,138
050,06,049,"California","Modoc County",2,0,66,35,31
050,06,049,"California","Modoc County",2,1,73,39,34
050,06,049,"California","Modoc County",2,2,84,46,38
050,06,049,"California","Modoc County",2,3,93,51,42
050,06,049,"California","Modoc County",2,4,91,41,50
050,06,049,"California","Modoc County",2,5,97,44,53
050,06,049,"California","Modoc County",2,6,98,43,55
050,06,049,"California","Modoc County",2,7,100,52,48
050,06,049,"California","Modoc County",2,8,90,45,45
050,06,049,"California","Modoc County",2,9,105,56,49
050,06,049,"California","Modoc County",2,10,109,56,53
050,06,049,"California","Modoc County",2,11,99,50,49
050,06,049,"California","Modoc County",2,12,100,50,50
050,06,049,"California","Modoc County",2,13,95,47,48
050,06,049,"California","Modoc County",2,14,96,49,47
050,06,049,"California","Modoc County",2,15,95,52,43
050,06,049,"California","Modoc County",2,16,97,54,43
050,06,049,"California","Modoc County",2,17,96,53,43
050,06,049,"California","Modoc County",2,18,76,46,30
050,06,049,"California","Modoc County",2,19,67,39,28
050,06,049,"California","Modoc County",2,20,68,34,34
050,06,049,"California","Modoc County",2,21,62,31,31
050,06,049,"California","Modoc County",2,22,65,33,32
050,06,049,"California","Modoc County",2,23,68,37,31
050,06,049,"California","Modoc County",2,24,88,48,40
050,06,049,"California","Modoc County",2,25,83,43,40
050,06,049,"California","Modoc County",2,26,77,44,33
050,06,049,"California","Modoc County",2,27,77,40,37
050,06,049,"California","Modoc County",2,28,94,45,49
050,06,049,"California","Modoc County",2,29,101,53,48
050,06,049,"California","Modoc County",2,30,88,49,39
050,06,049,"California","Modoc County",2,31,88,47,41
050,06,049,"California","Modoc County",2,32,88,41,47
050,06,049,"California","Modoc County",2,33,77,35,42
050,06,049,"California","Modoc County",2,34,81,38,43
050,06,049,"California","Modoc County",2,35,93,43,50
050,06,049,"California","Modoc County",2,36,91,51,40
050,06,049,"California","Modoc County",2,37,102,56,46
050,06,049,"California","Modoc County",2,38,94,47,47
050,06,049,"California","Modoc County",2,39,89,48,41
050,06,049,"California","Modoc County",2,40,88,47,41
050,06,049,"California","Modoc County",2,41,81,37,44
050,06,049,"California","Modoc County",2,42,83,39,44
050,06,049,"California","Modoc County",2,43,91,46,45
050,06,049,"California","Modoc County",2,44,92,43,49
050,06,049,"California","Modoc County",2,45,81,35,46
050,06,049,"California","Modoc County",2,46,81,40,41
050,06,049,"California","Modoc County",2,47,86,50,36
050,06,049,"California","Modoc County",2,48,90,58,32
050,06,049,"California","Modoc County",2,49,96,57,39
050,06,049,"California","Modoc County",2,50,105,55,50
050,06,049,"California","Modoc County",2,51,96,46,50
050,06,049,"California","Modoc County",2,52,89,41,48
050,06,049,"California","Modoc County",2,53,95,44,51
050,06,049,"California","Modoc County",2,54,106,48,58
050,06,049,"California","Modoc County",2,55,126,58,68
050,06,049,"California","Modoc County",2,56,116,52,64
050,06,049,"California","Modoc County",2,57,122,59,63
050,06,049,"California","Modoc County",2,58,143,70,73
050,06,049,"California","Modoc County",2,59,150,73,77
050,06,049,"California","Modoc County",2,60,138,71,67
050,06,049,"California","Modoc County",2,61,137,65,72
050,06,049,"California","Modoc County",2,62,145,61,84
050,06,049,"California","Modoc County",2,63,141,63,78
050,06,049,"California","Modoc County",2,64,142,69,73
050,06,049,"California","Modoc County",2,65,164,88,76
050,06,049,"California","Modoc County",2,66,157,79,78
050,06,049,"California","Modoc County",2,67,149,77,72
050,06,049,"California","Modoc County",2,68,140,77,63
050,06,049,"California","Modoc County",2,69,151,79,72
050,06,049,"California","Modoc County",2,70,152,74,78
050,06,049,"California","Modoc County",2,71,149,77,72
050,06,049,"California","Modoc County",2,72,132,74,58
050,06,049,"California","Modoc County",2,73,151,82,69
050,06,049,"California","Modoc County",2,74,99,51,48
050,06,049,"California","Modoc County",2,75,97,48,49
050,06,049,"California","Modoc County",2,76,109,56,53
050,06,049,"California","Modoc County",2,77,99,51,48
050,06,049,"California","Modoc County",2,78,91,45,46
050,06,049,"California","Modoc County",2,79,80,43,37
050,06,049,"California","Modoc County",2,80,87,45,42
050,06,049,"California","Modoc County",2,81,66,34,32
050,06,049,"California","Modoc County",2,82,52,24,28
050,06,049,"California","Modoc County",2,83,47,19,28
050,06,049,"California","Modoc County",2,84,37,16,21
050,06,049,"California","Modoc County",2,85,251,112,139
050,06,049,"California","Modoc County",3,0,69,36,33
050,06,049,"California","Modoc County",3,1,76,43,33
050,06,049,"California","Modoc County",3,2,75,39,36
050,06,049,"California","Modoc County",3,3,86,50,36
050,06,049,"California","Modoc County",3,4,89,50,39
050,06,049,"California","Modoc County",3,5,84,39,45
050,06,049,"California","Modoc County",3,6,103,48,55
050,06,049,"California","Modoc County",3,7,95,44,51
050,06,049,"California","Modoc County",3,8,97,49,48
050,06,049,"California","Modoc County",3,9,94,46,48
050,06,049,"California","Modoc County",3,10,100,52,48
050,06,049,"California","Modoc County",3,11,108,56,52
050,06,049,"California","Modoc County",3,12,98,47,51
050,06,049,"California","Modoc County",3,13,98,44,54
050,06,049,"California","Modoc County",3,14,97,50,47
050,06,049,"California","Modoc County",3,15,86,43,43
050,06,049,"California","Modoc County",3,16,93,53,40
050,06,049,"California","Modoc County",3,17,89,47,42
050,06,049,"California","Modoc County",3,18,87,54,33
050,06,049,"California","Modoc County",3,19,62,37,25
050,06,049,"California","Modoc County",3,20,63,36,27
050,06,049,"California","Modoc County",3,21,62,34,28
050,06,049,"California","Modoc County",3,22,56,27,29
050,06,049,"California","Modoc County",3,23,78,37,41
050,06,049,"California","Modoc County",3,24,77,33,44
050,06,049,"California","Modoc County",3,25,94,50,44
050,06,049,"California","Modoc County",3,26,77,43,34
050,06,049,"California","Modoc County",3,27,74,35,39
050,06,049,"California","Modoc County",3,28,78,40,38
050,06,049,"California","Modoc County",3,29,106,46,60
050,06,049,"California","Modoc County",3,30,111,55,56
050,06,049,"California","Modoc County",3,31,93,49,44
050,06,049,"California","Modoc County",3,32,87,44,43
050,06,049,"California","Modoc County",3,33,85,35,50
050,06,049,"California","Modoc County",3,34,75,34,41
050,06,049,"California","Modoc County",3,35,84,37,47
050,06,049,"California","Modoc County",3,36,88,40,48
050,06,049,"California","Modoc County",3,37,89,50,39
050,06,049,"California","Modoc County",3,38,105,57,48
050,06,049,"California","Modoc County",3,39,88,41,47
050,06,049,"California","Modoc County",3,40,86,49,37
050,06,049,"California","Modoc County",3,41,91,45,46
050,06,049,"California","Modoc County",3,42,78,35,43
050,06,049,"California","Modoc County",3,43,66,32,34
050,06,049,"California","Modoc County",3,44,89,47,42
050,06,049,"California","Modoc County",3,45,85,36,49
050,06,049,"California","Modoc County",3,46,87,39,48
050,06,049,"California","Modoc County",3,47,78,37,41
050,06,049,"California","Modoc County",3,48,74,42,32
050,06,049,"California","Modoc County",3,49,84,53,31
050,06,049,"California","Modoc County",3,50,99,58,41
050,06,049,"California","Modoc County",3,51,109,54,55
050,06,049,"California","Modoc County",3,52,95,47,48
050,06,049,"California","Modoc County",3,53,85,41,44
050,06,049,"California","Modoc County",3,54,101,50,51
050,06,049,"California","Modoc County",3,55,112,48,64
050,06,049,"California","Modoc County",3,56,134,59,75
050,06,049,"California","Modoc County",3,57,112,55,57
050,06,049,"California","Modoc County",3,58,124,60,64
050,06,049,"California","Modoc County",3,59,140,63,77
050,06,049,"California","Modoc County",3,60,145,72,73
050,06,049,"California","Modoc County",3,61,139,75,64
050,06,049,"California","Modoc County",3,62,145,70,75
050,06,049,"California","Modoc County",3,63,146,66,80
050,06,049,"California","Modoc County",3,64,141,60,81
050,06,049,"California","Modoc County",3,65,141,70,71
050,06,049,"California","Modoc County",3,66,166,87,79
050,06,049,"California","Modoc County",3,67,158,80,78
050,06,049,"California","Modoc County",3,68,143,74,69
050,06,049,"California","Modoc County",3,69,143,76,67
050,06,049,"California","Modoc County",3,70,156,79,77
050,06,049,"California","Modoc County",3,71,155,77,78
050,06,049,"California","Modoc County",3,72,137,70,67
050,06,049,"California","Modoc County",3,73,125,70,55
050,06,049,"California","Modoc County",3,74,154,87,67
050,06,049,"California","Modoc County",3,75,96,49,47
050,06,049,"California","Modoc County",3,76,95,48,47
050,06,049,"California","Modoc County",3,77,113,56,57
050,06,049,"California","Modoc County",3,78,96,50,46
050,06,049,"California","Modoc County",3,79,87,41,46
050,06,049,"California","Modoc County",3,80,81,38,43
050,06,049,"California","Modoc County",3,81,81,44,37
050,06,049,"California","Modoc County",3,82,63,30,33
050,06,049,"California","Modoc County",3,83,53,21,32
050,06,049,"California","Modoc County",3,84,44,19,25
050,06,049,"California","Modoc County",3,85,253,114,139
050,06,049,"California","Modoc County",4,0,69,29,40
050,06,049,"California","Modoc County",4,1,77,43,34
050,06,049,"California","Modoc County",4,2,72,37,35
050,06,049,"California","Modoc County",4,3,79,39,40
050,06,049,"California","Modoc County",4,4,94,53,41
050,06,049,"California","Modoc County",4,5,87,49,38
050,06,049,"California","Modoc County",4,6,93,41,52
050,06,049,"California","Modoc County",4,7,101,46,55
050,06,049,"California","Modoc County",4,8,92,44,48
050,06,049,"California","Modoc County",4,9,100,49,51
050,06,049,"California","Modoc County",4,10,100,54,46
050,06,049,"California","Modoc County",4,11,91,46,45
050,06,049,"California","Modoc County",4,12,112,57,55
050,06,049,"California","Modoc County",4,13,106,52,54
050,06,049,"California","Modoc County",4,14,95,42,53
050,06,049,"California","Modoc County",4,15,95,48,47
050,06,049,"California","Modoc County",4,16,93,42,51
050,06,049,"California","Modoc County",4,17,88,50,38
050,06,049,"California","Modoc County",4,18,79,42,37
050,06,049,"California","Modoc County",4,19,70,42,28
050,06,049,"California","Modoc County",4,20,58,33,25
050,06,049,"California","Modoc County",4,21,69,38,31
050,06,049,"California","Modoc County",4,22,66,32,34
050,06,049,"California","Modoc County",4,23,64,31,33
050,06,049,"California","Modoc County",4,24,80,36,44
050,06,049,"California","Modoc County",4,25,73,28,45
050,06,049,"California","Modoc County",4,26,82,46,36
050,06,049,"California","Modoc County",4,27,79,47,32
050,06,049,"California","Modoc County",4,28,74,35,39
050,06,049,"California","Modoc County",4,29,72,36,36
050,06,049,"California","Modoc County",4,30,104,44,60
050,06,049,"California","Modoc County",4,31,110,55,55
050,06,049,"California","Modoc County",4,32,91,46,45
050,06,049,"California","Modoc County",4,33,87,44,43
050,06,049,"California","Modoc County",4,34,87,40,47
050,06,049,"California","Modoc County",4,35,87,42,45
050,06,049,"California","Modoc County",4,36,87,37,50
050,06,049,"California","Modoc County",4,37,83,34,49
050,06,049,"California","Modoc County",4,38,92,51,41
050,06,049,"California","Modoc County",4,39,100,55,45
050,06,049,"California","Modoc County",4,40,84,41,43
050,06,049,"California","Modoc County",4,41,87,47,40
050,06,049,"California","Modoc County",4,42,100,52,48
050,06,049,"California","Modoc County",4,43,81,36,45
050,06,049,"California","Modoc County",4,44,69,34,35
050,06,049,"California","Modoc County",4,45,89,46,43
050,06,049,"California","Modoc County",4,46,78,33,45
050,06,049,"California","Modoc County",4,47,89,41,48
050,06,049,"California","Modoc County",4,48,79,38,41
050,06,049,"California","Modoc County",4,49,74,43,31
050,06,049,"California","Modoc County",4,50,81,52,29
050,06,049,"California","Modoc County",4,51,97,59,38
050,06,049,"California","Modoc County",4,52,113,56,57
050,06,049,"California","Modoc County",4,53,93,45,48
050,06,049,"California","Modoc County",4,54,84,38,46
050,06,049,"California","Modoc County",4,55,103,49,54
050,06,049,"California","Modoc County",4,56,111,50,61
050,06,049,"California","Modoc County",4,57,135,60,75
050,06,049,"California","Modoc County",4,58,110,52,58
050,06,049,"California","Modoc County",4,59,127,56,71
050,06,049,"California","Modoc County",4,60,134,61,73
050,06,049,"California","Modoc County",4,61,141,70,71
050,06,049,"California","Modoc County",4,62,148,81,67
050,06,049,"California","Modoc County",4,63,148,74,74
050,06,049,"California","Modoc County",4,64,140,61,79
050,06,049,"California","Modoc County",4,65,139,60,79
050,06,049,"California","Modoc County",4,66,140,69,71
050,06,049,"California","Modoc County",4,67,170,90,80
050,06,049,"California","Modoc County",4,68,159,78,81
050,06,049,"California","Modoc County",4,69,147,74,73
050,06,049,"California","Modoc County",4,70,145,77,68
050,06,049,"California","Modoc County",4,71,156,82,74
050,06,049,"California","Modoc County",4,72,147,72,75
050,06,049,"California","Modoc County",4,73,138,70,68
050,06,049,"California","Modoc County",4,74,123,71,52
050,06,049,"California","Modoc County",4,75,147,79,68
050,06,049,"California","Modoc County",4,76,91,45,46
050,06,049,"California","Modoc County",4,77,94,48,46
050,06,049,"California","Modoc County",4,78,109,54,55
050,06,049,"California","Modoc County",4,79,91,46,45
050,06,049,"California","Modoc County",4,80,86,37,49
050,06,049,"California","Modoc County",4,81,70,34,36
050,06,049,"California","Modoc County",4,82,75,42,33
050,06,049,"California","Modoc County",4,83,61,27,34
050,06,049,"California","Modoc County",4,84,49,21,28
050,06,049,"California","Modoc County",4,85,249,110,139
050,06,049,"California","Modoc County",5,0,34,12,22
050,06,049,"California","Modoc County",5,1,72,27,45
050,06,049,"California","Modoc County",5,2,84,46,38
050,06,049,"California","Modoc County",5,3,75,43,32
050,06,049,"California","Modoc County",5,4,72,38,34
050,06,049,"California","Modoc County",5,5,99,56,43
050,06,049,"California","Modoc County",5,6,89,48,41
050,06,049,"California","Modoc County",5,7,94,44,50
050,06,049,"California","Modoc County",5,8,101,47,54
050,06,049,"California","Modoc County",5,9,92,44,48
050,06,049,"California","Modoc County",5,10,103,53,50
050,06,049,"California","Modoc County",5,11,91,48,43
050,06,049,"California","Modoc County",5,12,93,48,45
050,06,049,"California","Modoc County",5,13,114,56,58
050,06,049,"California","Modoc County",5,14,103,53,50
050,06,049,"California","Modoc County",5,15,94,43,51
050,06,049,"California","Modoc County",5,16,94,51,43
050,06,049,"California","Modoc County",5,17,90,42,48
050,06,049,"California","Modoc County",5,18,78,48,30
050,06,049,"California","Modoc County",5,19,62,31,31
050,06,049,"California","Modoc County",5,20,66,39,27
050,06,049,"California","Modoc County",5,21,48,26,22
050,06,049,"California","Modoc County",5,22,67,38,29
050,06,049,"California","Modoc County",5,23,68,36,32
050,06,049,"California","Modoc County",5,24,64,30,34
050,06,049,"California","Modoc County",5,25,70,30,40
050,06,049,"California","Modoc County",5,26,77,34,43
050,06,049,"California","Modoc County",5,27,80,44,36
050,06,049,"California","Modoc County",5,28,73,42,31
050,06,049,"California","Modoc County",5,29,83,39,44
050,06,049,"California","Modoc County",5,30,74,38,36
050,06,049,"California","Modoc County",5,31,111,50,61
050,06,049,"California","Modoc County",5,32,110,53,57
050,06,049,"California","Modoc County",5,33,92,44,48
050,06,049,"California","Modoc County",5,34,90,48,42
050,06,049,"California","Modoc County",5,35,94,43,51
050,06,049,"California","Modoc County",5,36,87,42,45
050,06,049,"California","Modoc County",5,37,90,36,54
050,06,049,"California","Modoc County",5,38,85,34,51
050,06,049,"California","Modoc County",5,39,92,48,44
050,06,049,"California","Modoc County",5,40,103,55,48
050,06,049,"California","Modoc County",5,41,84,42,42
050,06,049,"California","Modoc County",5,42,90,50,40
050,06,049,"California","Modoc County",5,43,100,52,48
050,06,049,"California","Modoc County",5,44,74,32,42
050,06,049,"California","Modoc County",5,45,72,36,36
050,06,049,"California","Modoc County",5,46,87,45,42
050,06,049,"California","Modoc County",5,47,82,32,50
050,06,049,"California","Modoc County",5,48,84,40,44
050,06,049,"California","Modoc County",5,49,79,37,42
050,06,049,"California","Modoc County",5,50,72,42,30
050,06,049,"California","Modoc County",5,51,88,54,34
050,06,049,"California","Modoc County",5,52,96,57,39
050,06,049,"California","Modoc County",5,53,111,54,57
050,06,049,"California","Modoc County",5,54,92,45,47
050,06,049,"California","Modoc County",5,55,79,39,40
050,06,049,"California","Modoc County",5,56,105,49,56
050,06,049,"California","Modoc County",5,57,102,48,54
050,06,049,"California","Modoc County",5,58,128,55,73
050,06,049,"California","Modoc County",5,59,111,47,64
050,06,049,"California","Modoc County",5,60,131,63,68
050,06,049,"California","Modoc County",5,61,138,64,74
050,06,049,"California","Modoc County",5,62,140,70,70
050,06,049,"California","Modoc County",5,63,147,82,65
050,06,049,"California","Modoc County",5,64,143,70,73
050,06,049,"California","Modoc County",5,65,137,58,79
050,06,049,"California","Modoc County",5,66,141,60,81
050,06,049,"California","Modoc County",5,67,142,71,71
050,06,049,"California","Modoc County",5,68,165,87,78
050,06,049,"California","Modoc County",5,69,162,78,84
050,06,049,"California","Modoc County",5,70,138,71,67
050,06,049,"California","Modoc County",5,71,146,79,67
050,06,049,"California","Modoc County",5,72,150,77,73
050,06,049,"California","Modoc County",5,73,146,72,74
050,06,049,"California","Modoc County",5,74,132,71,61
050,06,049,"California","Modoc County",5,75,118,68,50
050,06,049,"California","Modoc County",5,76,137,71,66
050,06,049,"California","Modoc County",5,77,91,46,45
050,06,049,"California","Modoc County",5,78,92,47,45
050,06,049,"California","Modoc County",5,79,100,47,53
050,06,049,"California","Modoc County",5,80,93,44,49
050,06,049,"California","Modoc County",5,81,76,35,41
050,06,049,"California","Modoc County",5,82,64,32,32
050,06,049,"California","Modoc County",5,83,70,37,33
050,06,049,"California","Modoc County",5,84,58,28,30
050,06,049,"California","Modoc County",5,85,249,109,140
050,06,051,"California","Mono County",1,0,107,57,50
050,06,051,"California","Mono County",1,1,106,59,47
050,06,051,"California","Mono County",1,2,119,61,58
050,06,051,"California","Mono County",1,3,135,73,62
050,06,051,"California","Mono County",1,4,129,70,59
050,06,051,"California","Mono County",1,5,133,75,58
050,06,051,"California","Mono County",1,6,124,57,67
050,06,051,"California","Mono County",1,7,127,70,57
050,06,051,"California","Mono County",1,8,119,58,61
050,06,051,"California","Mono County",1,9,120,52,68
050,06,051,"California","Mono County",1,10,135,62,73
050,06,051,"California","Mono County",1,11,138,60,78
050,06,051,"California","Mono County",1,12,139,71,68
050,06,051,"California","Mono County",1,13,130,66,64
050,06,051,"California","Mono County",1,14,145,71,74
050,06,051,"California","Mono County",1,15,132,66,66
050,06,051,"California","Mono County",1,16,149,73,76
050,06,051,"California","Mono County",1,17,130,63,67
050,06,051,"California","Mono County",1,18,130,67,63
050,06,051,"California","Mono County",1,19,151,86,65
050,06,051,"California","Mono County",1,20,144,72,72
050,06,051,"California","Mono County",1,21,159,88,71
050,06,051,"California","Mono County",1,22,164,91,73
050,06,051,"California","Mono County",1,23,185,105,80
050,06,051,"California","Mono County",1,24,192,115,77
050,06,051,"California","Mono County",1,25,179,118,61
050,06,051,"California","Mono County",1,26,199,110,89
050,06,051,"California","Mono County",1,27,208,116,92
050,06,051,"California","Mono County",1,28,199,109,90
050,06,051,"California","Mono County",1,29,180,102,78
050,06,051,"California","Mono County",1,30,242,121,121
050,06,051,"California","Mono County",1,31,205,101,104
050,06,051,"California","Mono County",1,32,196,92,104
050,06,051,"California","Mono County",1,33,219,110,109
050,06,051,"California","Mono County",1,34,199,93,106
050,06,051,"California","Mono County",1,35,193,100,93
050,06,051,"California","Mono County",1,36,184,88,96
050,06,051,"California","Mono County",1,37,197,105,92
050,06,051,"California","Mono County",1,38,181,95,86
050,06,051,"California","Mono County",1,39,178,90,88
050,06,051,"California","Mono County",1,40,170,91,79
050,06,051,"California","Mono County",1,41,158,73,85
050,06,051,"California","Mono County",1,42,151,87,64
050,06,051,"California","Mono County",1,43,162,87,75
050,06,051,"California","Mono County",1,44,177,97,80
050,06,051,"California","Mono County",1,45,161,88,73
050,06,051,"California","Mono County",1,46,167,100,67
050,06,051,"California","Mono County",1,47,157,81,76
050,06,051,"California","Mono County",1,48,164,84,80
050,06,051,"California","Mono County",1,49,182,111,71
050,06,051,"California","Mono County",1,50,209,117,92
050,06,051,"California","Mono County",1,51,172,97,75
050,06,051,"California","Mono County",1,52,150,82,68
050,06,051,"California","Mono County",1,53,163,99,64
050,06,051,"California","Mono County",1,54,174,94,80
050,06,051,"California","Mono County",1,55,185,102,83
050,06,051,"California","Mono County",1,56,212,118,94
050,06,051,"California","Mono County",1,57,203,104,99
050,06,051,"California","Mono County",1,58,215,123,92
050,06,051,"California","Mono County",1,59,196,102,94
050,06,051,"California","Mono County",1,60,202,105,97
050,06,051,"California","Mono County",1,61,228,130,98
050,06,051,"California","Mono County",1,62,224,135,89
050,06,051,"California","Mono County",1,63,203,116,87
050,06,051,"California","Mono County",1,64,209,118,91
050,06,051,"California","Mono County",1,65,186,101,85
050,06,051,"California","Mono County",1,66,165,85,80
050,06,051,"California","Mono County",1,67,178,90,88
050,06,051,"California","Mono County",1,68,177,97,80
050,06,051,"California","Mono County",1,69,158,84,74
050,06,051,"California","Mono County",1,70,155,91,64
050,06,051,"California","Mono County",1,71,130,65,65
050,06,051,"California","Mono County",1,72,111,54,57
050,06,051,"California","Mono County",1,73,117,71,46
050,06,051,"California","Mono County",1,74,91,52,39
050,06,051,"California","Mono County",1,75,86,49,37
050,06,051,"California","Mono County",1,76,81,46,35
050,06,051,"California","Mono County",1,77,84,47,37
050,06,051,"California","Mono County",1,78,63,34,29
050,06,051,"California","Mono County",1,79,46,25,21
050,06,051,"California","Mono County",1,80,46,23,23
050,06,051,"California","Mono County",1,81,46,21,25
050,06,051,"California","Mono County",1,82,40,19,21
050,06,051,"California","Mono County",1,83,37,16,21
050,06,051,"California","Mono County",1,84,26,11,15
050,06,051,"California","Mono County",1,85,183,93,90
050,06,051,"California","Mono County",2,0,125,66,59
050,06,051,"California","Mono County",2,1,106,59,47
050,06,051,"California","Mono County",2,2,116,61,55
050,06,051,"California","Mono County",2,3,131,70,61
050,06,051,"California","Mono County",2,4,130,71,59
050,06,051,"California","Mono County",2,5,130,72,58
050,06,051,"California","Mono County",2,6,127,63,64
050,06,051,"California","Mono County",2,7,125,65,60
050,06,051,"California","Mono County",2,8,122,61,61
050,06,051,"California","Mono County",2,9,121,53,68
050,06,051,"California","Mono County",2,10,130,60,70
050,06,051,"California","Mono County",2,11,136,60,76
050,06,051,"California","Mono County",2,12,139,67,72
050,06,051,"California","Mono County",2,13,132,67,65
050,06,051,"California","Mono County",2,14,142,69,73
050,06,051,"California","Mono County",2,15,135,67,68
050,06,051,"California","Mono County",2,16,144,71,73
050,06,051,"California","Mono County",2,17,134,65,69
050,06,051,"California","Mono County",2,18,128,67,61
050,06,051,"California","Mono County",2,19,149,84,65
050,06,051,"California","Mono County",2,20,141,72,69
050,06,051,"California","Mono County",2,21,161,90,71
050,06,051,"California","Mono County",2,22,160,88,72
050,06,051,"California","Mono County",2,23,187,105,82
050,06,051,"California","Mono County",2,24,189,114,75
050,06,051,"California","Mono County",2,25,180,114,66
050,06,051,"California","Mono County",2,26,194,112,82
050,06,051,"California","Mono County",2,27,209,117,92
050,06,051,"California","Mono County",2,28,200,112,88
050,06,051,"California","Mono County",2,29,188,106,82
050,06,051,"California","Mono County",2,30,231,118,113
050,06,051,"California","Mono County",2,31,218,107,111
050,06,051,"California","Mono County",2,32,198,96,102
050,06,051,"California","Mono County",2,33,213,107,106
050,06,051,"California","Mono County",2,34,201,96,105
050,06,051,"California","Mono County",2,35,195,98,97
050,06,051,"California","Mono County",2,36,187,92,95
050,06,051,"California","Mono County",2,37,193,99,94
050,06,051,"California","Mono County",2,38,185,98,87
050,06,051,"California","Mono County",2,39,178,90,88
050,06,051,"California","Mono County",2,40,176,93,83
050,06,051,"California","Mono County",2,41,161,77,84
050,06,051,"California","Mono County",2,42,150,82,68
050,06,051,"California","Mono County",2,43,163,90,73
050,06,051,"California","Mono County",2,44,172,93,79
050,06,051,"California","Mono County",2,45,166,91,75
050,06,051,"California","Mono County",2,46,163,95,68
050,06,051,"California","Mono County",2,47,163,88,75
050,06,051,"California","Mono County",2,48,165,85,80
050,06,051,"California","Mono County",2,49,178,103,75
050,06,051,"California","Mono County",2,50,200,113,87
050,06,051,"California","Mono County",2,51,182,102,80
050,06,051,"California","Mono County",2,52,155,85,70
050,06,051,"California","Mono County",2,53,162,97,65
050,06,051,"California","Mono County",2,54,170,93,77
050,06,051,"California","Mono County",2,55,183,100,83
050,06,051,"California","Mono County",2,56,206,114,92
050,06,051,"California","Mono County",2,57,204,108,96
050,06,051,"California","Mono County",2,58,210,118,92
050,06,051,"California","Mono County",2,59,202,108,94
050,06,051,"California","Mono County",2,60,201,104,97
050,06,051,"California","Mono County",2,61,219,124,95
050,06,051,"California","Mono County",2,62,222,133,89
050,06,051,"California","Mono County",2,63,208,120,88
050,06,051,"California","Mono County",2,64,202,114,88
050,06,051,"California","Mono County",2,65,191,104,87
050,06,051,"California","Mono County",2,66,170,89,81
050,06,051,"California","Mono County",2,67,175,88,87
050,06,051,"California","Mono County",2,68,174,92,82
050,06,051,"California","Mono County",2,69,163,87,76
050,06,051,"California","Mono County",2,70,155,90,65
050,06,051,"California","Mono County",2,71,134,70,64
050,06,051,"California","Mono County",2,72,113,56,57
050,06,051,"California","Mono County",2,73,122,71,51
050,06,051,"California","Mono County",2,74,92,53,39
050,06,051,"California","Mono County",2,75,85,48,37
050,06,051,"California","Mono County",2,76,79,45,34
050,06,051,"California","Mono County",2,77,84,47,37
050,06,051,"California","Mono County",2,78,67,36,31
050,06,051,"California","Mono County",2,79,49,27,22
050,06,051,"California","Mono County",2,80,45,22,23
050,06,051,"California","Mono County",2,81,45,21,24
050,06,051,"California","Mono County",2,82,42,20,22
050,06,051,"California","Mono County",2,83,35,15,20
050,06,051,"California","Mono County",2,84,29,12,17
050,06,051,"California","Mono County",2,85,186,95,91
050,06,051,"California","Mono County",3,0,113,58,55
050,06,051,"California","Mono County",3,1,126,75,51
050,06,051,"California","Mono County",3,2,103,53,50
050,06,051,"California","Mono County",3,3,112,57,55
050,06,051,"California","Mono County",3,4,126,66,60
050,06,051,"California","Mono County",3,5,124,63,61
050,06,051,"California","Mono County",3,6,134,74,60
050,06,051,"California","Mono County",3,7,127,62,65
050,06,051,"California","Mono County",3,8,126,65,61
050,06,051,"California","Mono County",3,9,124,65,59
050,06,051,"California","Mono County",3,10,127,60,67
050,06,051,"California","Mono County",3,11,123,57,66
050,06,051,"California","Mono County",3,12,134,59,75
050,06,051,"California","Mono County",3,13,135,66,69
050,06,051,"California","Mono County",3,14,138,68,70
050,06,051,"California","Mono County",3,15,146,69,77
050,06,051,"California","Mono County",3,16,128,63,65
050,06,051,"California","Mono County",3,17,140,72,68
050,06,051,"California","Mono County",3,18,132,71,61
050,06,051,"California","Mono County",3,19,139,74,65
050,06,051,"California","Mono County",3,20,132,73,59
050,06,051,"California","Mono County",3,21,162,93,69
050,06,051,"California","Mono County",3,22,160,89,71
050,06,051,"California","Mono County",3,23,169,83,86
050,06,051,"California","Mono County",3,24,198,112,86
050,06,051,"California","Mono County",3,25,188,107,81
050,06,051,"California","Mono County",3,26,181,111,70
050,06,051,"California","Mono County",3,27,206,118,88
050,06,051,"California","Mono County",3,28,212,123,89
050,06,051,"California","Mono County",3,29,200,115,85
050,06,051,"California","Mono County",3,30,183,102,81
050,06,051,"California","Mono County",3,31,228,113,115
050,06,051,"California","Mono County",3,32,220,114,106
050,06,051,"California","Mono County",3,33,211,107,104
050,06,051,"California","Mono County",3,34,204,97,107
050,06,051,"California","Mono County",3,35,196,100,96
050,06,051,"California","Mono County",3,36,189,97,92
050,06,051,"California","Mono County",3,37,189,90,99
050,06,051,"California","Mono County",3,38,193,104,89
050,06,051,"California","Mono County",3,39,180,93,87
050,06,051,"California","Mono County",3,40,183,100,83
050,06,051,"California","Mono County",3,41,164,85,79
050,06,051,"California","Mono County",3,42,165,76,89
050,06,051,"California","Mono County",3,43,155,89,66
050,06,051,"California","Mono County",3,44,159,84,75
050,06,051,"California","Mono County",3,45,167,89,78
050,06,051,"California","Mono County",3,46,157,83,74
050,06,051,"California","Mono County",3,47,161,90,71
050,06,051,"California","Mono County",3,48,176,97,79
050,06,051,"California","Mono County",3,49,155,81,74
050,06,051,"California","Mono County",3,50,170,104,66
050,06,051,"California","Mono County",3,51,199,109,90
050,06,051,"California","Mono County",3,52,183,103,80
050,06,051,"California","Mono County",3,53,158,88,70
050,06,051,"California","Mono County",3,54,165,94,71
050,06,051,"California","Mono County",3,55,167,89,78
050,06,051,"California","Mono County",3,56,196,108,88
050,06,051,"California","Mono County",3,57,209,108,101
050,06,051,"California","Mono County",3,58,188,101,87
050,06,051,"California","Mono County",3,59,218,124,94
050,06,051,"California","Mono County",3,60,201,105,96
050,06,051,"California","Mono County",3,61,202,104,98
050,06,051,"California","Mono County",3,62,226,129,97
050,06,051,"California","Mono County",3,63,217,133,84
050,06,051,"California","Mono County",3,64,212,124,88
050,06,051,"California","Mono County",3,65,199,112,87
050,06,051,"California","Mono County",3,66,183,98,85
050,06,051,"California","Mono County",3,67,161,86,75
050,06,051,"California","Mono County",3,68,173,86,87
050,06,051,"California","Mono County",3,69,170,92,78
050,06,051,"California","Mono County",3,70,163,91,72
050,06,051,"California","Mono County",3,71,154,91,63
050,06,051,"California","Mono County",3,72,131,68,63
050,06,051,"California","Mono County",3,73,110,55,55
050,06,051,"California","Mono County",3,74,123,72,51
050,06,051,"California","Mono County",3,75,86,48,38
050,06,051,"California","Mono County",3,76,85,48,37
050,06,051,"California","Mono County",3,77,71,39,32
050,06,051,"California","Mono County",3,78,79,48,31
050,06,051,"California","Mono County",3,79,63,33,30
050,06,051,"California","Mono County",3,80,46,24,22
050,06,051,"California","Mono County",3,81,44,22,22
050,06,051,"California","Mono County",3,82,44,22,22
050,06,051,"California","Mono County",3,83,42,21,21
050,06,051,"California","Mono County",3,84,31,14,17
050,06,051,"California","Mono County",3,85,202,97,105
050,06,051,"California","Mono County",4,0,128,63,65
050,06,051,"California","Mono County",4,1,106,58,48
050,06,051,"California","Mono County",4,2,120,69,51
050,06,051,"California","Mono County",4,3,96,51,45
050,06,051,"California","Mono County",4,4,110,59,51
050,06,051,"California","Mono County",4,5,111,55,56
050,06,051,"California","Mono County",4,6,121,63,58
050,06,051,"California","Mono County",4,7,131,71,60
050,06,051,"California","Mono County",4,8,132,63,69
050,06,051,"California","Mono County",4,9,125,66,59
050,06,051,"California","Mono County",4,10,125,57,68
050,06,051,"California","Mono County",4,11,127,60,67
050,06,051,"California","Mono County",4,12,122,53,69
050,06,051,"California","Mono County",4,13,127,59,68
050,06,051,"California","Mono County",4,14,137,62,75
050,06,051,"California","Mono County",4,15,138,69,69
050,06,051,"California","Mono County",4,16,143,69,74
050,06,051,"California","Mono County",4,17,118,59,59
050,06,051,"California","Mono County",4,18,141,78,63
050,06,051,"California","Mono County",4,19,138,78,60
050,06,051,"California","Mono County",4,20,112,59,53
050,06,051,"California","Mono County",4,21,162,94,68
050,06,051,"California","Mono County",4,22,148,82,66
050,06,051,"California","Mono County",4,23,144,81,63
050,06,051,"California","Mono County",4,24,163,80,83
050,06,051,"California","Mono County",4,25,174,100,74
050,06,051,"California","Mono County",4,26,187,102,85
050,06,051,"California","Mono County",4,27,194,111,83
050,06,051,"California","Mono County",4,28,199,113,86
050,06,051,"California","Mono County",4,29,195,120,75
050,06,051,"California","Mono County",4,30,192,113,79
050,06,051,"California","Mono County",4,31,184,100,84
050,06,051,"California","Mono County",4,32,209,109,100
050,06,051,"California","Mono County",4,33,210,104,106
050,06,051,"California","Mono County",4,34,191,96,95
050,06,051,"California","Mono County",4,35,198,100,98
050,06,051,"California","Mono County",4,36,194,99,95
050,06,051,"California","Mono County",4,37,183,96,87
050,06,051,"California","Mono County",4,38,197,93,104
050,06,051,"California","Mono County",4,39,189,96,93
050,06,051,"California","Mono County",4,40,177,95,82
050,06,051,"California","Mono County",4,41,178,93,85
050,06,051,"California","Mono County",4,42,160,80,80
050,06,051,"California","Mono County",4,43,159,71,88
050,06,051,"California","Mono County",4,44,153,88,65
050,06,051,"California","Mono County",4,45,159,86,73
050,06,051,"California","Mono County",4,46,165,88,77
050,06,051,"California","Mono County",4,47,151,81,70
050,06,051,"California","Mono County",4,48,161,91,70
050,06,051,"California","Mono County",4,49,170,86,84
050,06,051,"California","Mono County",4,50,158,85,73
050,06,051,"California","Mono County",4,51,182,108,74
050,06,051,"California","Mono County",4,52,195,107,88
050,06,051,"California","Mono County",4,53,186,104,82
050,06,051,"California","Mono County",4,54,160,85,75
050,06,051,"California","Mono County",4,55,163,90,73
050,06,051,"California","Mono County",4,56,163,92,71
050,06,051,"California","Mono County",4,57,182,105,77
050,06,051,"California","Mono County",4,58,199,105,94
050,06,051,"California","Mono County",4,59,181,98,83
050,06,051,"California","Mono County",4,60,215,121,94
050,06,051,"California","Mono County",4,61,199,103,96
050,06,051,"California","Mono County",4,62,207,109,98
050,06,051,"California","Mono County",4,63,226,130,96
050,06,051,"California","Mono County",4,64,212,125,87
050,06,051,"California","Mono County",4,65,201,116,85
050,06,051,"California","Mono County",4,66,187,107,80
050,06,051,"California","Mono County",4,67,169,95,74
050,06,051,"California","Mono County",4,68,157,86,71
050,06,051,"California","Mono County",4,69,161,83,78
050,06,051,"California","Mono County",4,70,159,83,76
050,06,051,"California","Mono County",4,71,153,85,68
050,06,051,"California","Mono County",4,72,148,87,61
050,06,051,"California","Mono County",4,73,131,67,64
050,06,051,"California","Mono County",4,74,103,51,52
050,06,051,"California","Mono County",4,75,110,64,46
050,06,051,"California","Mono County",4,76,79,46,33
050,06,051,"California","Mono County",4,77,85,50,35
050,06,051,"California","Mono County",4,78,68,39,29
050,06,051,"California","Mono County",4,79,74,45,29
050,06,051,"California","Mono County",4,80,59,31,28
050,06,051,"California","Mono County",4,81,46,22,24
050,06,051,"California","Mono County",4,82,41,20,21
050,06,051,"California","Mono County",4,83,41,21,20
050,06,051,"California","Mono County",4,84,41,20,21
050,06,051,"California","Mono County",4,85,207,100,107
050,06,051,"California","Mono County",5,0,113,55,58
050,06,051,"California","Mono County",5,1,138,62,76
050,06,051,"California","Mono County",5,2,103,54,49
050,06,051,"California","Mono County",5,3,121,73,48
050,06,051,"California","Mono County",5,4,102,54,48
050,06,051,"California","Mono County",5,5,114,61,53
050,06,051,"California","Mono County",5,6,130,70,60
050,06,051,"California","Mono County",5,7,123,66,57
050,06,051,"California","Mono County",5,8,137,71,66
050,06,051,"California","Mono County",5,9,141,71,70
050,06,051,"California","Mono County",5,10,137,70,67
050,06,051,"California","Mono County",5,11,118,55,63
050,06,051,"California","Mono County",5,12,119,58,61
050,06,051,"California","Mono County",5,13,119,53,66
050,06,051,"California","Mono County",5,14,134,57,77
050,06,051,"California","Mono County",5,15,136,61,75
050,06,051,"California","Mono County",5,16,132,66,66
050,06,051,"California","Mono County",5,17,140,67,73
050,06,051,"California","Mono County",5,18,113,60,53
050,06,051,"California","Mono County",5,19,149,86,63
050,06,051,"California","Mono County",5,20,109,59,50
050,06,051,"California","Mono County",5,21,135,73,62
050,06,051,"California","Mono County",5,22,172,95,77
050,06,051,"California","Mono County",5,23,172,89,83
050,06,051,"California","Mono County",5,24,153,89,64
050,06,051,"California","Mono County",5,25,165,83,82
050,06,051,"California","Mono County",5,26,186,101,85
050,06,051,"California","Mono County",5,27,212,103,109
050,06,051,"California","Mono County",5,28,191,100,91
050,06,051,"California","Mono County",5,29,190,112,78
050,06,051,"California","Mono County",5,30,188,112,76
050,06,051,"California","Mono County",5,31,201,115,86
050,06,051,"California","Mono County",5,32,194,115,79
050,06,051,"California","Mono County",5,33,197,101,96
050,06,051,"California","Mono County",5,34,192,96,96
050,06,051,"California","Mono County",5,35,192,101,91
050,06,051,"California","Mono County",5,36,207,110,97
050,06,051,"California","Mono County",5,37,201,104,97
050,06,051,"California","Mono County",5,38,191,101,90
050,06,051,"California","Mono County",5,39,192,90,102
050,06,051,"California","Mono County",5,40,182,95,87
050,06,051,"California","Mono County",5,41,178,94,84
050,06,051,"California","Mono County",5,42,184,93,91
050,06,051,"California","Mono County",5,43,161,81,80
050,06,051,"California","Mono County",5,44,159,67,92
050,06,051,"California","Mono County",5,45,158,92,66
050,06,051,"California","Mono County",5,46,150,84,66
050,06,051,"California","Mono County",5,47,164,85,79
050,06,051,"California","Mono County",5,48,151,83,68
050,06,051,"California","Mono County",5,49,158,90,68
050,06,051,"California","Mono County",5,50,176,90,86
050,06,051,"California","Mono County",5,51,158,84,74
050,06,051,"California","Mono County",5,52,177,105,72
050,06,051,"California","Mono County",5,53,199,110,89
050,06,051,"California","Mono County",5,54,191,96,95
050,06,051,"California","Mono County",5,55,156,81,75
050,06,051,"California","Mono County",5,56,168,94,74
050,06,051,"California","Mono County",5,57,158,91,67
050,06,051,"California","Mono County",5,58,181,109,72
050,06,051,"California","Mono County",5,59,188,99,89
050,06,051,"California","Mono County",5,60,169,89,80
050,06,051,"California","Mono County",5,61,204,120,84
050,06,051,"California","Mono County",5,62,193,100,93
050,06,051,"California","Mono County",5,63,197,105,92
050,06,051,"California","Mono County",5,64,227,130,97
050,06,051,"California","Mono County",5,65,205,123,82
050,06,051,"California","Mono County",5,66,196,113,83
050,06,051,"California","Mono County",5,67,179,103,76
050,06,051,"California","Mono County",5,68,161,92,69
050,06,051,"California","Mono County",5,69,146,78,68
050,06,051,"California","Mono County",5,70,158,83,75
050,06,051,"California","Mono County",5,71,155,82,73
050,06,051,"California","Mono County",5,72,146,81,65
050,06,051,"California","Mono County",5,73,147,89,58
050,06,051,"California","Mono County",5,74,124,65,59
050,06,051,"California","Mono County",5,75,99,45,54
050,06,051,"California","Mono County",5,76,105,61,44
050,06,051,"California","Mono County",5,77,75,45,30
050,06,051,"California","Mono County",5,78,85,50,35
050,06,051,"California","Mono County",5,79,66,37,29
050,06,051,"California","Mono County",5,80,70,40,30
050,06,051,"California","Mono County",5,81,58,30,28
050,06,051,"California","Mono County",5,82,43,21,22
050,06,051,"California","Mono County",5,83,37,18,19
050,06,051,"California","Mono County",5,84,41,22,19
050,06,051,"California","Mono County",5,85,224,104,120
050,06,053,"California","Monterey County",1,0,5820,2964,2856
050,06,053,"California","Monterey County",1,1,5788,2940,2848
050,06,053,"California","Monterey County",1,2,5810,2984,2826
050,06,053,"California","Monterey County",1,3,6021,3035,2986
050,06,053,"California","Monterey County",1,4,6307,3226,3081
050,06,053,"California","Monterey County",1,5,6405,3252,3153
050,06,053,"California","Monterey County",1,6,6379,3254,3125
050,06,053,"California","Monterey County",1,7,6502,3324,3178
050,06,053,"California","Monterey County",1,8,6752,3494,3258
050,06,053,"California","Monterey County",1,9,6776,3473,3303
050,06,053,"California","Monterey County",1,10,6609,3447,3162
050,06,053,"California","Monterey County",1,11,6713,3417,3296
050,06,053,"California","Monterey County",1,12,6994,3541,3453
050,06,053,"California","Monterey County",1,13,6929,3539,3390
050,06,053,"California","Monterey County",1,14,6560,3362,3198
050,06,053,"California","Monterey County",1,15,6467,3333,3134
050,06,053,"California","Monterey County",1,16,6493,3316,3177
050,06,053,"California","Monterey County",1,17,6260,3152,3108
050,06,053,"California","Monterey County",1,18,6617,3293,3324
050,06,053,"California","Monterey County",1,19,6779,3421,3358
050,06,053,"California","Monterey County",1,20,6414,3334,3080
050,06,053,"California","Monterey County",1,21,5989,3144,2845
050,06,053,"California","Monterey County",1,22,5913,3036,2877
050,06,053,"California","Monterey County",1,23,6028,3100,2928
050,06,053,"California","Monterey County",1,24,5926,3106,2820
050,06,053,"California","Monterey County",1,25,5952,3128,2824
050,06,053,"California","Monterey County",1,26,6089,3183,2906
050,06,053,"California","Monterey County",1,27,6175,3174,3001
050,06,053,"California","Monterey County",1,28,6179,3201,2978
050,06,053,"California","Monterey County",1,29,6316,3291,3025
050,06,053,"California","Monterey County",1,30,6150,3263,2887
050,06,053,"California","Monterey County",1,31,5926,3189,2737
050,06,053,"California","Monterey County",1,32,6005,3161,2844
050,06,053,"California","Monterey County",1,33,6143,3265,2878
050,06,053,"California","Monterey County",1,34,6197,3308,2889
050,06,053,"California","Monterey County",1,35,6111,3253,2858
050,06,053,"California","Monterey County",1,36,5871,3115,2756
050,06,053,"California","Monterey County",1,37,6109,3200,2909
050,06,053,"California","Monterey County",1,38,6126,3316,2810
050,06,053,"California","Monterey County",1,39,5927,3154,2773
050,06,053,"California","Monterey County",1,40,5962,3173,2789
050,06,053,"California","Monterey County",1,41,5539,2868,2671
050,06,053,"California","Monterey County",1,42,5549,2937,2612
050,06,053,"California","Monterey County",1,43,5386,2897,2489
050,06,053,"California","Monterey County",1,44,5204,2764,2440
050,06,053,"California","Monterey County",1,45,5138,2685,2453
050,06,053,"California","Monterey County",1,46,5355,2944,2411
050,06,053,"California","Monterey County",1,47,5074,2668,2406
050,06,053,"California","Monterey County",1,48,5148,2716,2432
050,06,053,"California","Monterey County",1,49,5352,2793,2559
050,06,053,"California","Monterey County",1,50,5296,2779,2517
050,06,053,"California","Monterey County",1,51,5003,2643,2360
050,06,053,"California","Monterey County",1,52,4974,2595,2379
050,06,053,"California","Monterey County",1,53,4909,2584,2325
050,06,053,"California","Monterey County",1,54,4899,2555,2344
050,06,053,"California","Monterey County",1,55,4962,2566,2396
050,06,053,"California","Monterey County",1,56,4977,2573,2404
050,06,053,"California","Monterey County",1,57,4844,2401,2443
050,06,053,"California","Monterey County",1,58,4928,2467,2461
050,06,053,"California","Monterey County",1,59,4983,2441,2542
050,06,053,"California","Monterey County",1,60,5053,2484,2569
050,06,053,"California","Monterey County",1,61,4865,2391,2474
050,06,053,"California","Monterey County",1,62,4888,2380,2508
050,06,053,"California","Monterey County",1,63,4648,2266,2382
050,06,053,"California","Monterey County",1,64,4510,2239,2271
050,06,053,"California","Monterey County",1,65,4538,2220,2318
050,06,053,"California","Monterey County",1,66,4254,2097,2157
050,06,053,"California","Monterey County",1,67,4040,2012,2028
050,06,053,"California","Monterey County",1,68,3865,1867,1998
050,06,053,"California","Monterey County",1,69,3650,1735,1915
050,06,053,"California","Monterey County",1,70,3600,1733,1867
050,06,053,"California","Monterey County",1,71,3482,1703,1779
050,06,053,"California","Monterey County",1,72,3387,1609,1778
050,06,053,"California","Monterey County",1,73,3267,1553,1714
050,06,053,"California","Monterey County",1,74,2428,1136,1292
050,06,053,"California","Monterey County",1,75,2422,1148,1274
050,06,053,"California","Monterey County",1,76,2264,1049,1215
050,06,053,"California","Monterey County",1,77,2116,980,1136
050,06,053,"California","Monterey County",1,78,1782,830,952
050,06,053,"California","Monterey County",1,79,1653,754,899
050,06,053,"California","Monterey County",1,80,1525,683,842
050,06,053,"California","Monterey County",1,81,1413,644,769
050,06,053,"California","Monterey County",1,82,1324,612,712
050,06,053,"California","Monterey County",1,83,1202,524,678
050,06,053,"California","Monterey County",1,84,1097,466,631
050,06,053,"California","Monterey County",1,85,7753,2850,4903
050,06,053,"California","Monterey County",2,0,5814,2987,2827
050,06,053,"California","Monterey County",2,1,5790,2942,2848
050,06,053,"California","Monterey County",2,2,5783,2954,2829
050,06,053,"California","Monterey County",2,3,5941,3008,2933
050,06,053,"California","Monterey County",2,4,6237,3176,3061
050,06,053,"California","Monterey County",2,5,6367,3236,3131
050,06,053,"California","Monterey County",2,6,6374,3251,3123
050,06,053,"California","Monterey County",2,7,6447,3292,3155
050,06,053,"California","Monterey County",2,8,6652,3436,3216
050,06,053,"California","Monterey County",2,9,6743,3466,3277
050,06,053,"California","Monterey County",2,10,6635,3446,3189
050,06,053,"California","Monterey County",2,11,6624,3387,3237
050,06,053,"California","Monterey County",2,12,6939,3521,3418
050,06,053,"California","Monterey County",2,13,6904,3519,3385
050,06,053,"California","Monterey County",2,14,6633,3400,3233
050,06,053,"California","Monterey County",2,15,6478,3333,3145
050,06,053,"California","Monterey County",2,16,6493,3324,3169
050,06,053,"California","Monterey County",2,17,6296,3180,3116
050,06,053,"California","Monterey County",2,18,6584,3291,3293
050,06,053,"California","Monterey County",2,19,6735,3392,3343
050,06,053,"California","Monterey County",2,20,6427,3326,3101
050,06,053,"California","Monterey County",2,21,5977,3133,2844
050,06,053,"California","Monterey County",2,22,5883,3029,2854
050,06,053,"California","Monterey County",2,23,5973,3066,2907
050,06,053,"California","Monterey County",2,24,5897,3084,2813
050,06,053,"California","Monterey County",2,25,5902,3089,2813
050,06,053,"California","Monterey County",2,26,6048,3154,2894
050,06,053,"California","Monterey County",2,27,6128,3158,2970
050,06,053,"California","Monterey County",2,28,6164,3187,2977
050,06,053,"California","Monterey County",2,29,6237,3241,2996
050,06,053,"California","Monterey County",2,30,6212,3276,2936
050,06,053,"California","Monterey County",2,31,5944,3190,2754
050,06,053,"California","Monterey County",2,32,5937,3123,2814
050,06,053,"California","Monterey County",2,33,6094,3237,2857
050,06,053,"California","Monterey County",2,34,6153,3276,2877
050,06,053,"California","Monterey County",2,35,6118,3261,2857
050,06,053,"California","Monterey County",2,36,5859,3096,2763
050,06,053,"California","Monterey County",2,37,6033,3167,2866
050,06,053,"California","Monterey County",2,38,6150,3311,2839
050,06,053,"California","Monterey County",2,39,5918,3158,2760
050,06,053,"California","Monterey County",2,40,5982,3180,2802
050,06,053,"California","Monterey County",2,41,5590,2901,2689
050,06,053,"California","Monterey County",2,42,5510,2897,2613
050,06,053,"California","Monterey County",2,43,5422,2906,2516
050,06,053,"California","Monterey County",2,44,5209,2771,2438
050,06,053,"California","Monterey County",2,45,5126,2676,2450
050,06,053,"California","Monterey County",2,46,5308,2894,2414
050,06,053,"California","Monterey County",2,47,5087,2682,2405
050,06,053,"California","Monterey County",2,48,5128,2702,2426
050,06,053,"California","Monterey County",2,49,5289,2756,2533
050,06,053,"California","Monterey County",2,50,5289,2765,2524
050,06,053,"California","Monterey County",2,51,5046,2660,2386
050,06,053,"California","Monterey County",2,52,4972,2597,2375
050,06,053,"California","Monterey County",2,53,4886,2567,2319
050,06,053,"California","Monterey County",2,54,4879,2555,2324
050,06,053,"California","Monterey County",2,55,4940,2559,2381
050,06,053,"California","Monterey County",2,56,4949,2549,2400
050,06,053,"California","Monterey County",2,57,4853,2424,2429
050,06,053,"California","Monterey County",2,58,4905,2452,2453
050,06,053,"California","Monterey County",2,59,4945,2429,2516
050,06,053,"California","Monterey County",2,60,5047,2481,2566
050,06,053,"California","Monterey County",2,61,4891,2404,2487
050,06,053,"California","Monterey County",2,62,4860,2376,2484
050,06,053,"California","Monterey County",2,63,4709,2284,2425
050,06,053,"California","Monterey County",2,64,4483,2202,2281
050,06,053,"California","Monterey County",2,65,4524,2222,2302
050,06,053,"California","Monterey County",2,66,4291,2104,2187
050,06,053,"California","Monterey County",2,67,4054,2022,2032
050,06,053,"California","Monterey County",2,68,3870,1875,1995
050,06,053,"California","Monterey County",2,69,3687,1764,1923
050,06,053,"California","Monterey County",2,70,3599,1728,1871
050,06,053,"California","Monterey County",2,71,3497,1706,1791
050,06,053,"California","Monterey County",2,72,3363,1611,1752
050,06,053,"California","Monterey County",2,73,3411,1620,1791
050,06,053,"California","Monterey County",2,74,2491,1169,1322
050,06,053,"California","Monterey County",2,75,2414,1145,1269
050,06,053,"California","Monterey County",2,76,2273,1055,1218
050,06,053,"California","Monterey County",2,77,2172,1007,1165
050,06,053,"California","Monterey County",2,78,1832,850,982
050,06,053,"California","Monterey County",2,79,1667,764,903
050,06,053,"California","Monterey County",2,80,1548,696,852
050,06,053,"California","Monterey County",2,81,1427,648,779
050,06,053,"California","Monterey County",2,82,1342,620,722
050,06,053,"California","Monterey County",2,83,1204,532,672
050,06,053,"California","Monterey County",2,84,1092,466,626
050,06,053,"California","Monterey County",2,85,7736,2843,4893
050,06,053,"California","Monterey County",3,0,5366,2753,2613
050,06,053,"California","Monterey County",3,1,5833,2974,2859
050,06,053,"California","Monterey County",3,2,5776,2912,2864
050,06,053,"California","Monterey County",3,3,5811,2952,2859
050,06,053,"California","Monterey County",3,4,5890,2967,2923
050,06,053,"California","Monterey County",3,5,6179,3145,3034
050,06,053,"California","Monterey County",3,6,6300,3210,3090
050,06,053,"California","Monterey County",3,7,6300,3204,3096
050,06,053,"California","Monterey County",3,8,6403,3248,3155
050,06,053,"California","Monterey County",3,9,6561,3374,3187
050,06,053,"California","Monterey County",3,10,6718,3454,3264
050,06,053,"California","Monterey County",3,11,6554,3398,3156
050,06,053,"California","Monterey County",3,12,6562,3350,3212
050,06,053,"California","Monterey County",3,13,6810,3463,3347
050,06,053,"California","Monterey County",3,14,6880,3514,3366
050,06,053,"California","Monterey County",3,15,6586,3393,3193
050,06,053,"California","Monterey County",3,16,6521,3352,3169
050,06,053,"California","Monterey County",3,17,6359,3233,3126
050,06,053,"California","Monterey County",3,18,6548,3319,3229
050,06,053,"California","Monterey County",3,19,6628,3346,3282
050,06,053,"California","Monterey County",3,20,6479,3333,3146
050,06,053,"California","Monterey County",3,21,5964,3124,2840
050,06,053,"California","Monterey County",3,22,5682,2980,2702
050,06,053,"California","Monterey County",3,23,5825,3018,2807
050,06,053,"California","Monterey County",3,24,5836,3021,2815
050,06,053,"California","Monterey County",3,25,5695,2935,2760
050,06,053,"California","Monterey County",3,26,5810,3004,2806
050,06,053,"California","Monterey County",3,27,6085,3146,2939
050,06,053,"California","Monterey County",3,28,6106,3171,2935
050,06,053,"California","Monterey County",3,29,6017,3073,2944
050,06,053,"California","Monterey County",3,30,6239,3275,2964
050,06,053,"California","Monterey County",3,31,6248,3324,2924
050,06,053,"California","Monterey County",3,32,5788,3047,2741
050,06,053,"California","Monterey County",3,33,6021,3227,2794
050,06,053,"California","Monterey County",3,34,6114,3264,2850
050,06,053,"California","Monterey County",3,35,6139,3287,2852
050,06,053,"California","Monterey County",3,36,6036,3157,2879
050,06,053,"California","Monterey County",3,37,5832,3088,2744
050,06,053,"California","Monterey County",3,38,6118,3262,2856
050,06,053,"California","Monterey County",3,39,5994,3217,2777
050,06,053,"California","Monterey County",3,40,5956,3203,2753
050,06,053,"California","Monterey County",3,41,5952,3149,2803
050,06,053,"California","Monterey County",3,42,5559,2878,2681
050,06,053,"California","Monterey County",3,43,5504,2960,2544
050,06,053,"California","Monterey County",3,44,5411,2915,2496
050,06,053,"California","Monterey County",3,45,5072,2644,2428
050,06,053,"California","Monterey County",3,46,5231,2820,2411
050,06,053,"California","Monterey County",3,47,5150,2737,2413
050,06,053,"California","Monterey County",3,48,5132,2744,2388
050,06,053,"California","Monterey County",3,49,5044,2629,2415
050,06,053,"California","Monterey County",3,50,5270,2745,2525
050,06,053,"California","Monterey County",3,51,5288,2779,2509
050,06,053,"California","Monterey County",3,52,4992,2593,2399
050,06,053,"California","Monterey County",3,53,4913,2569,2344
050,06,053,"California","Monterey County",3,54,4846,2585,2261
050,06,053,"California","Monterey County",3,55,4850,2541,2309
050,06,053,"California","Monterey County",3,56,4868,2491,2377
050,06,053,"California","Monterey County",3,57,4849,2466,2383
050,06,053,"California","Monterey County",3,58,4770,2399,2371
050,06,053,"California","Monterey County",3,59,4850,2417,2433
050,06,053,"California","Monterey County",3,60,4847,2389,2458
050,06,053,"California","Monterey County",3,61,4936,2427,2509
050,06,053,"California","Monterey County",3,62,4851,2440,2411
050,06,053,"California","Monterey County",3,63,4724,2269,2455
050,06,053,"California","Monterey County",3,64,4582,2188,2394
050,06,053,"California","Monterey County",3,65,4421,2168,2253
050,06,053,"California","Monterey County",3,66,4370,2114,2256
050,06,053,"California","Monterey County",3,67,4185,2049,2136
050,06,053,"California","Monterey County",3,68,3986,1963,2023
050,06,053,"California","Monterey County",3,69,3779,1824,1955
050,06,053,"California","Monterey County",3,70,3600,1717,1883
050,06,053,"California","Monterey County",3,71,3510,1680,1830
050,06,053,"California","Monterey County",3,72,3436,1678,1758
050,06,053,"California","Monterey County",3,73,3272,1572,1700
050,06,053,"California","Monterey County",3,74,3298,1542,1756
050,06,053,"California","Monterey County",3,75,2420,1135,1285
050,06,053,"California","Monterey County",3,76,2332,1100,1232
050,06,053,"California","Monterey County",3,77,2198,1007,1191
050,06,053,"California","Monterey County",3,78,2097,972,1125
050,06,053,"California","Monterey County",3,79,1790,824,966
050,06,053,"California","Monterey County",3,80,1596,718,878
050,06,053,"California","Monterey County",3,81,1465,653,812
050,06,053,"California","Monterey County",3,82,1361,617,744
050,06,053,"California","Monterey County",3,83,1280,584,696
050,06,053,"California","Monterey County",3,84,1102,483,619
050,06,053,"California","Monterey County",3,85,7600,2793,4807
050,06,053,"California","Monterey County",4,0,5611,2795,2816
050,06,053,"California","Monterey County",4,1,5358,2722,2636
050,06,053,"California","Monterey County",4,2,5759,2926,2833
050,06,053,"California","Monterey County",4,3,5732,2860,2872
050,06,053,"California","Monterey County",4,4,5698,2854,2844
050,06,053,"California","Monterey County",4,5,5800,2924,2876
050,06,053,"California","Monterey County",4,6,6107,3107,3000
050,06,053,"California","Monterey County",4,7,6186,3159,3027
050,06,053,"California","Monterey County",4,8,6185,3149,3036
050,06,053,"California","Monterey County",4,9,6313,3204,3109
050,06,053,"California","Monterey County",4,10,6523,3387,3136
050,06,053,"California","Monterey County",4,11,6662,3404,3258
050,06,053,"California","Monterey County",4,12,6497,3373,3124
050,06,053,"California","Monterey County",4,13,6473,3307,3166
050,06,053,"California","Monterey County",4,14,6786,3432,3354
050,06,053,"California","Monterey County",4,15,6833,3486,3347
050,06,053,"California","Monterey County",4,16,6618,3414,3204
050,06,053,"California","Monterey County",4,17,6442,3305,3137
050,06,053,"California","Monterey County",4,18,6622,3392,3230
050,06,053,"California","Monterey County",4,19,6665,3431,3234
050,06,053,"California","Monterey County",4,20,6404,3309,3095
050,06,053,"California","Monterey County",4,21,6065,3149,2916
050,06,053,"California","Monterey County",4,22,5743,2968,2775
050,06,053,"California","Monterey County",4,23,5579,2943,2636
050,06,053,"California","Monterey County",4,24,5663,2951,2712
050,06,053,"California","Monterey County",4,25,5526,2838,2688
050,06,053,"California","Monterey County",4,26,5527,2808,2719
050,06,053,"California","Monterey County",4,27,5794,2991,2803
050,06,053,"California","Monterey County",4,28,5860,3041,2819
050,06,053,"California","Monterey County",4,29,5765,2982,2783
050,06,053,"California","Monterey County",4,30,5922,3045,2877
050,06,053,"California","Monterey County",4,31,6101,3230,2871
050,06,053,"California","Monterey County",4,32,5981,3105,2876
050,06,053,"California","Monterey County",4,33,5745,3058,2687
050,06,053,"California","Monterey County",4,34,5909,3152,2757
050,06,053,"California","Monterey County",4,35,5908,3191,2717
050,06,053,"California","Monterey County",4,36,5897,3086,2811
050,06,053,"California","Monterey County",4,37,5900,3073,2827
050,06,053,"California","Monterey County",4,38,5763,3075,2688
050,06,053,"California","Monterey County",4,39,5900,3136,2764
050,06,053,"California","Monterey County",4,40,5912,3167,2745
050,06,053,"California","Monterey County",4,41,5818,3073,2745
050,06,053,"California","Monterey County",4,42,5804,3030,2774
050,06,053,"California","Monterey County",4,43,5499,2871,2628
050,06,053,"California","Monterey County",4,44,5424,2936,2488
050,06,053,"California","Monterey County",4,45,5196,2737,2459
050,06,053,"California","Monterey County",4,46,5133,2749,2384
050,06,053,"California","Monterey County",4,47,5050,2652,2398
050,06,053,"California","Monterey County",4,48,5109,2731,2378
050,06,053,"California","Monterey County",4,49,4992,2626,2366
050,06,053,"California","Monterey County",4,50,4913,2526,2387
050,06,053,"California","Monterey County",4,51,5202,2701,2501
050,06,053,"California","Monterey County",4,52,5169,2686,2483
050,06,053,"California","Monterey County",4,53,4898,2536,2362
050,06,053,"California","Monterey County",4,54,4860,2558,2302
050,06,053,"California","Monterey County",4,55,4723,2485,2238
050,06,053,"California","Monterey County",4,56,4728,2454,2274
050,06,053,"California","Monterey County",4,57,4727,2389,2338
050,06,053,"California","Monterey County",4,58,4738,2424,2314
050,06,053,"California","Monterey County",4,59,4680,2320,2360
050,06,053,"California","Monterey County",4,60,4775,2393,2382
050,06,053,"California","Monterey County",4,61,4747,2333,2414
050,06,053,"California","Monterey County",4,62,4854,2429,2425
050,06,053,"California","Monterey County",4,63,4707,2323,2384
050,06,053,"California","Monterey County",4,64,4571,2183,2388
050,06,053,"California","Monterey County",4,65,4517,2164,2353
050,06,053,"California","Monterey County",4,66,4250,2061,2189
050,06,053,"California","Monterey County",4,67,4268,2083,2185
050,06,053,"California","Monterey County",4,68,4096,2000,2096
050,06,053,"California","Monterey County",4,69,3887,1925,1962
050,06,053,"California","Monterey County",4,70,3681,1778,1903
050,06,053,"California","Monterey County",4,71,3511,1668,1843
050,06,053,"California","Monterey County",4,72,3460,1656,1804
050,06,053,"California","Monterey County",4,73,3333,1615,1718
050,06,053,"California","Monterey County",4,74,3161,1508,1653
050,06,053,"California","Monterey County",4,75,3254,1511,1743
050,06,053,"California","Monterey County",4,76,2334,1095,1239
050,06,053,"California","Monterey County",4,77,2249,1052,1197
050,06,053,"California","Monterey County",4,78,2124,965,1159
050,06,053,"California","Monterey County",4,79,2035,941,1094
050,06,053,"California","Monterey County",4,80,1704,775,929
050,06,053,"California","Monterey County",4,81,1522,685,837
050,06,053,"California","Monterey County",4,82,1398,616,782
050,06,053,"California","Monterey County",4,83,1314,596,718
050,06,053,"California","Monterey County",4,84,1173,531,642
050,06,053,"California","Monterey County",4,85,7562,2830,4732
050,06,053,"California","Monterey County",5,0,5592,2781,2811
050,06,053,"California","Monterey County",5,1,5590,2772,2818
050,06,053,"California","Monterey County",5,2,5271,2667,2604
050,06,053,"California","Monterey County",5,3,5643,2845,2798
050,06,053,"California","Monterey County",5,4,5682,2816,2866
050,06,053,"California","Monterey County",5,5,5607,2769,2838
050,06,053,"California","Monterey County",5,6,5693,2850,2843
050,06,053,"California","Monterey County",5,7,6028,3061,2967
050,06,053,"California","Monterey County",5,8,6121,3113,3008
050,06,053,"California","Monterey County",5,9,6112,3090,3022
050,06,053,"California","Monterey County",5,10,6295,3209,3086
050,06,053,"California","Monterey County",5,11,6454,3350,3104
050,06,053,"California","Monterey County",5,12,6624,3389,3235
050,06,053,"California","Monterey County",5,13,6384,3298,3086
050,06,053,"California","Monterey County",5,14,6409,3287,3122
050,06,053,"California","Monterey County",5,15,6744,3406,3338
050,06,053,"California","Monterey County",5,16,6891,3486,3405
050,06,053,"California","Monterey County",5,17,6528,3352,3176
050,06,053,"California","Monterey County",5,18,6771,3467,3304
050,06,053,"California","Monterey County",5,19,6821,3503,3318
050,06,053,"California","Monterey County",5,20,6555,3411,3144
050,06,053,"California","Monterey County",5,21,6083,3160,2923
050,06,053,"California","Monterey County",5,22,5903,3035,2868
050,06,053,"California","Monterey County",5,23,5776,2981,2795
050,06,053,"California","Monterey County",5,24,5462,2874,2588
050,06,053,"California","Monterey County",5,25,5429,2803,2626
050,06,053,"California","Monterey County",5,26,5403,2746,2657
050,06,053,"California","Monterey County",5,27,5547,2839,2708
050,06,053,"California","Monterey County",5,28,5667,2954,2713
050,06,053,"California","Monterey County",5,29,5609,2890,2719
050,06,053,"California","Monterey County",5,30,5727,2976,2751
050,06,053,"California","Monterey County",5,31,5903,3057,2846
050,06,053,"California","Monterey County",5,32,5877,3044,2833
050,06,053,"California","Monterey County",5,33,5927,3115,2812
050,06,053,"California","Monterey County",5,34,5583,2956,2627
050,06,053,"California","Monterey County",5,35,5778,3086,2692
050,06,053,"California","Monterey County",5,36,5772,3071,2701
050,06,053,"California","Monterey County",5,37,5728,2994,2734
050,06,053,"California","Monterey County",5,38,5862,3066,2796
050,06,053,"California","Monterey County",5,39,5631,3001,2630
050,06,053,"California","Monterey County",5,40,5863,3117,2746
050,06,053,"California","Monterey County",5,41,5863,3106,2757
050,06,053,"California","Monterey County",5,42,5739,3010,2729
050,06,053,"California","Monterey County",5,43,5739,3036,2703
050,06,053,"California","Monterey County",5,44,5429,2836,2593
050,06,053,"California","Monterey County",5,45,5242,2774,2468
050,06,053,"California","Monterey County",5,46,5294,2871,2423
050,06,053,"California","Monterey County",5,47,4940,2603,2337
050,06,053,"California","Monterey County",5,48,5029,2674,2355
050,06,053,"California","Monterey County",5,49,4984,2616,2368
050,06,053,"California","Monterey County",5,50,4918,2568,2350
050,06,053,"California","Monterey County",5,51,4877,2520,2357
050,06,053,"California","Monterey County",5,52,5134,2637,2497
050,06,053,"California","Monterey County",5,53,5057,2629,2428
050,06,053,"California","Monterey County",5,54,4808,2521,2287
050,06,053,"California","Monterey County",5,55,4794,2523,2271
050,06,053,"California","Monterey County",5,56,4626,2413,2213
050,06,053,"California","Monterey County",5,57,4629,2380,2249
050,06,053,"California","Monterey County",5,58,4653,2351,2302
050,06,053,"California","Monterey County",5,59,4620,2342,2278
050,06,053,"California","Monterey County",5,60,4606,2288,2318
050,06,053,"California","Monterey County",5,61,4681,2333,2348
050,06,053,"California","Monterey County",5,62,4703,2346,2357
050,06,053,"California","Monterey County",5,63,4737,2360,2377
050,06,053,"California","Monterey County",5,64,4590,2230,2360
050,06,053,"California","Monterey County",5,65,4522,2164,2358
050,06,053,"California","Monterey County",5,66,4369,2057,2312
050,06,053,"California","Monterey County",5,67,4160,2019,2141
050,06,053,"California","Monterey County",5,68,4194,2036,2158
050,06,053,"California","Monterey County",5,69,3998,1957,2041
050,06,053,"California","Monterey County",5,70,3798,1881,1917
050,06,053,"California","Monterey County",5,71,3591,1720,1871
050,06,053,"California","Monterey County",5,72,3457,1646,1811
050,06,053,"California","Monterey County",5,73,3366,1600,1766
050,06,053,"California","Monterey County",5,74,3227,1550,1677
050,06,053,"California","Monterey County",5,75,3113,1496,1617
050,06,053,"California","Monterey County",5,76,3175,1480,1695
050,06,053,"California","Monterey County",5,77,2260,1043,1217
050,06,053,"California","Monterey County",5,78,2160,1000,1160
050,06,053,"California","Monterey County",5,79,2078,945,1133
050,06,053,"California","Monterey County",5,80,1937,891,1046
050,06,053,"California","Monterey County",5,81,1623,738,885
050,06,053,"California","Monterey County",5,82,1462,665,797
050,06,053,"California","Monterey County",5,83,1338,588,750
050,06,053,"California","Monterey County",5,84,1218,548,670
050,06,053,"California","Monterey County",5,85,7640,2932,4708
050,06,055,"California","Napa County",1,0,1239,633,606
050,06,055,"California","Napa County",1,1,1195,597,598
050,06,055,"California","Napa County",1,2,1282,650,632
050,06,055,"California","Napa County",1,3,1305,662,643
050,06,055,"California","Napa County",1,4,1415,756,659
050,06,055,"California","Napa County",1,5,1440,741,699
050,06,055,"California","Napa County",1,6,1441,718,723
050,06,055,"California","Napa County",1,7,1424,747,677
050,06,055,"California","Napa County",1,8,1575,836,739
050,06,055,"California","Napa County",1,9,1560,805,755
050,06,055,"California","Napa County",1,10,1643,810,833
050,06,055,"California","Napa County",1,11,1732,873,859
050,06,055,"California","Napa County",1,12,1716,896,820
050,06,055,"California","Napa County",1,13,1811,947,864
050,06,055,"California","Napa County",1,14,1793,925,868
050,06,055,"California","Napa County",1,15,1809,947,862
050,06,055,"California","Napa County",1,16,1859,952,907
050,06,055,"California","Napa County",1,17,1828,914,914
050,06,055,"California","Napa County",1,18,1715,886,829
050,06,055,"California","Napa County",1,19,1556,788,768
050,06,055,"California","Napa County",1,20,1553,795,758
050,06,055,"California","Napa County",1,21,1590,851,739
050,06,055,"California","Napa County",1,22,1612,856,756
050,06,055,"California","Napa County",1,23,1588,818,770
050,06,055,"California","Napa County",1,24,1581,819,762
050,06,055,"California","Napa County",1,25,1705,875,830
050,06,055,"California","Napa County",1,26,1666,836,830
050,06,055,"California","Napa County",1,27,1745,878,867
050,06,055,"California","Napa County",1,28,1719,871,848
050,06,055,"California","Napa County",1,29,1693,854,839
050,06,055,"California","Napa County",1,30,1649,839,810
050,06,055,"California","Napa County",1,31,1603,803,800
050,06,055,"California","Napa County",1,32,1636,803,833
050,06,055,"California","Napa County",1,33,1673,826,847
050,06,055,"California","Napa County",1,34,1746,895,851
050,06,055,"California","Napa County",1,35,1762,924,838
050,06,055,"California","Napa County",1,36,1736,903,833
050,06,055,"California","Napa County",1,37,1801,925,876
050,06,055,"California","Napa County",1,38,1811,952,859
050,06,055,"California","Napa County",1,39,1812,927,885
050,06,055,"California","Napa County",1,40,1821,939,882
050,06,055,"California","Napa County",1,41,1697,867,830
050,06,055,"California","Napa County",1,42,1779,886,893
050,06,055,"California","Napa County",1,43,1754,890,864
050,06,055,"California","Napa County",1,44,1681,842,839
050,06,055,"California","Napa County",1,45,1715,903,812
050,06,055,"California","Napa County",1,46,1727,904,823
050,06,055,"California","Napa County",1,47,1720,859,861
050,06,055,"California","Napa County",1,48,1742,873,869
050,06,055,"California","Napa County",1,49,1864,954,910
050,06,055,"California","Napa County",1,50,1908,920,988
050,06,055,"California","Napa County",1,51,1852,918,934
050,06,055,"California","Napa County",1,52,1781,883,898
050,06,055,"California","Napa County",1,53,1775,880,895
050,06,055,"California","Napa County",1,54,1805,886,919
050,06,055,"California","Napa County",1,55,1849,928,921
050,06,055,"California","Napa County",1,56,1958,1001,957
050,06,055,"California","Napa County",1,57,1946,1003,943
050,06,055,"California","Napa County",1,58,1926,966,960
050,06,055,"California","Napa County",1,59,1944,952,992
050,06,055,"California","Napa County",1,60,1944,960,984
050,06,055,"California","Napa County",1,61,1849,947,902
050,06,055,"California","Napa County",1,62,1870,903,967
050,06,055,"California","Napa County",1,63,1834,904,930
050,06,055,"California","Napa County",1,64,1798,892,906
050,06,055,"California","Napa County",1,65,1737,829,908
050,06,055,"California","Napa County",1,66,1684,786,898
050,06,055,"California","Napa County",1,67,1734,810,924
050,06,055,"California","Napa County",1,68,1675,803,872
050,06,055,"California","Napa County",1,69,1601,786,815
050,06,055,"California","Napa County",1,70,1543,736,807
050,06,055,"California","Napa County",1,71,1462,739,723
050,06,055,"California","Napa County",1,72,1521,738,783
050,06,055,"California","Napa County",1,73,1532,757,775
050,06,055,"California","Napa County",1,74,1083,511,572
050,06,055,"California","Napa County",1,75,1148,552,596
050,06,055,"California","Napa County",1,76,1043,487,556
050,06,055,"California","Napa County",1,77,1056,503,553
050,06,055,"California","Napa County",1,78,915,446,469
050,06,055,"California","Napa County",1,79,855,414,441
050,06,055,"California","Napa County",1,80,738,360,378
050,06,055,"California","Napa County",1,81,734,360,374
050,06,055,"California","Napa County",1,82,680,332,348
050,06,055,"California","Napa County",1,83,616,305,311
050,06,055,"California","Napa County",1,84,586,280,306
050,06,055,"California","Napa County",1,85,3512,1364,2148
050,06,055,"California","Napa County",2,0,1219,621,598
050,06,055,"California","Napa County",2,1,1200,601,599
050,06,055,"California","Napa County",2,2,1255,634,621
050,06,055,"California","Napa County",2,3,1289,651,638
050,06,055,"California","Napa County",2,4,1389,734,655
050,06,055,"California","Napa County",2,5,1431,745,686
050,06,055,"California","Napa County",2,6,1434,721,713
050,06,055,"California","Napa County",2,7,1426,738,688
050,06,055,"California","Napa County",2,8,1523,804,719
050,06,055,"California","Napa County",2,9,1559,809,750
050,06,055,"California","Napa County",2,10,1624,807,817
050,06,055,"California","Napa County",2,11,1698,850,848
050,06,055,"California","Napa County",2,12,1724,895,829
050,06,055,"California","Napa County",2,13,1784,932,852
050,06,055,"California","Napa County",2,14,1795,930,865
050,06,055,"California","Napa County",2,15,1803,938,865
050,06,055,"California","Napa County",2,16,1841,947,894
050,06,055,"California","Napa County",2,17,1831,923,908
050,06,055,"California","Napa County",2,18,1709,878,831
050,06,055,"California","Napa County",2,19,1566,797,769
050,06,055,"California","Napa County",2,20,1567,802,765
050,06,055,"California","Napa County",2,21,1576,843,733
050,06,055,"California","Napa County",2,22,1599,845,754
050,06,055,"California","Napa County",2,23,1584,824,760
050,06,055,"California","Napa County",2,24,1571,812,759
050,06,055,"California","Napa County",2,25,1681,876,805
050,06,055,"California","Napa County",2,26,1660,830,830
050,06,055,"California","Napa County",2,27,1718,867,851
050,06,055,"California","Napa County",2,28,1710,864,846
050,06,055,"California","Napa County",2,29,1688,848,840
050,06,055,"California","Napa County",2,30,1661,841,820
050,06,055,"California","Napa County",2,31,1595,794,801
050,06,055,"California","Napa County",2,32,1625,800,825
050,06,055,"California","Napa County",2,33,1650,811,839
050,06,055,"California","Napa County",2,34,1732,879,853
050,06,055,"California","Napa County",2,35,1761,916,845
050,06,055,"California","Napa County",2,36,1732,902,830
050,06,055,"California","Napa County",2,37,1780,916,864
050,06,055,"California","Napa County",2,38,1813,950,863
050,06,055,"California","Napa County",2,39,1785,912,873
050,06,055,"California","Napa County",2,40,1824,939,885
050,06,055,"California","Napa County",2,41,1720,877,843
050,06,055,"California","Napa County",2,42,1747,875,872
050,06,055,"California","Napa County",2,43,1760,891,869
050,06,055,"California","Napa County",2,44,1677,840,837
050,06,055,"California","Napa County",2,45,1710,889,821
050,06,055,"California","Napa County",2,46,1709,896,813
050,06,055,"California","Napa County",2,47,1715,865,850
050,06,055,"California","Napa County",2,48,1718,859,859
050,06,055,"California","Napa County",2,49,1830,929,901
050,06,055,"California","Napa County",2,50,1895,926,969
050,06,055,"California","Napa County",2,51,1846,903,943
050,06,055,"California","Napa County",2,52,1782,880,902
050,06,055,"California","Napa County",2,53,1771,879,892
050,06,055,"California","Napa County",2,54,1786,877,909
050,06,055,"California","Napa County",2,55,1831,909,922
050,06,055,"California","Napa County",2,56,1930,980,950
050,06,055,"California","Napa County",2,57,1937,990,947
050,06,055,"California","Napa County",2,58,1924,972,952
050,06,055,"California","Napa County",2,59,1930,946,984
050,06,055,"California","Napa County",2,60,1943,956,987
050,06,055,"California","Napa County",2,61,1858,942,916
050,06,055,"California","Napa County",2,62,1846,897,949
050,06,055,"California","Napa County",2,63,1848,911,937
050,06,055,"California","Napa County",2,64,1776,874,902
050,06,055,"California","Napa County",2,65,1737,836,901
050,06,055,"California","Napa County",2,66,1694,800,894
050,06,055,"California","Napa County",2,67,1703,796,907
050,06,055,"California","Napa County",2,68,1666,790,876
050,06,055,"California","Napa County",2,69,1617,787,830
050,06,055,"California","Napa County",2,70,1541,739,802
050,06,055,"California","Napa County",2,71,1476,735,741
050,06,055,"California","Napa County",2,72,1486,730,756
050,06,055,"California","Napa County",2,73,1586,780,806
050,06,055,"California","Napa County",2,74,1120,532,588
050,06,055,"California","Napa County",2,75,1134,544,590
050,06,055,"California","Napa County",2,76,1046,490,556
050,06,055,"California","Napa County",2,77,1072,511,561
050,06,055,"California","Napa County",2,78,926,451,475
050,06,055,"California","Napa County",2,79,852,409,443
050,06,055,"California","Napa County",2,80,751,364,387
050,06,055,"California","Napa County",2,81,735,364,371
050,06,055,"California","Napa County",2,82,685,333,352
050,06,055,"California","Napa County",2,83,624,309,315
050,06,055,"California","Napa County",2,84,584,278,306
050,06,055,"California","Napa County",2,85,3523,1366,2157
050,06,055,"California","Napa County",3,0,1220,648,572
050,06,055,"California","Napa County",3,1,1209,610,599
050,06,055,"California","Napa County",3,2,1193,598,595
050,06,055,"California","Napa County",3,3,1252,628,624
050,06,055,"California","Napa County",3,4,1267,637,630
050,06,055,"California","Napa County",3,5,1390,731,659
050,06,055,"California","Napa County",3,6,1424,745,679
050,06,055,"California","Napa County",3,7,1436,717,719
050,06,055,"California","Napa County",3,8,1394,710,684
050,06,055,"California","Napa County",3,9,1507,791,716
050,06,055,"California","Napa County",3,10,1530,803,727
050,06,055,"California","Napa County",3,11,1609,805,804
050,06,055,"California","Napa County",3,12,1669,845,824
050,06,055,"California","Napa County",3,13,1726,900,826
050,06,055,"California","Napa County",3,14,1762,922,840
050,06,055,"California","Napa County",3,15,1783,917,866
050,06,055,"California","Napa County",3,16,1778,930,848
050,06,055,"California","Napa County",3,17,1802,939,863
050,06,055,"California","Napa County",3,18,1727,887,840
050,06,055,"California","Napa County",3,19,1566,799,767
050,06,055,"California","Napa County",3,20,1565,802,763
050,06,055,"California","Napa County",3,21,1599,851,748
050,06,055,"California","Napa County",3,22,1556,814,742
050,06,055,"California","Napa County",3,23,1564,814,750
050,06,055,"California","Napa County",3,24,1555,813,742
050,06,055,"California","Napa County",3,25,1609,865,744
050,06,055,"California","Napa County",3,26,1640,820,820
050,06,055,"California","Napa County",3,27,1688,848,840
050,06,055,"California","Napa County",3,28,1694,859,835
050,06,055,"California","Napa County",3,29,1713,860,853
050,06,055,"California","Napa County",3,30,1703,857,846
050,06,055,"California","Napa County",3,31,1678,863,815
050,06,055,"California","Napa County",3,32,1644,834,810
050,06,055,"California","Napa County",3,33,1670,825,845
050,06,055,"California","Napa County",3,34,1671,823,848
050,06,055,"California","Napa County",3,35,1708,863,845
050,06,055,"California","Napa County",3,36,1766,926,840
050,06,055,"California","Napa County",3,37,1748,895,853
050,06,055,"California","Napa County",3,38,1780,924,856
050,06,055,"California","Napa County",3,39,1810,936,874
050,06,055,"California","Napa County",3,40,1807,930,877
050,06,055,"California","Napa County",3,41,1824,944,880
050,06,055,"California","Napa County",3,42,1721,894,827
050,06,055,"California","Napa County",3,43,1746,901,845
050,06,055,"California","Napa County",3,44,1726,852,874
050,06,055,"California","Napa County",3,45,1668,858,810
050,06,055,"California","Napa County",3,46,1678,862,816
050,06,055,"California","Napa County",3,47,1689,877,812
050,06,055,"California","Napa County",3,48,1671,832,839
050,06,055,"California","Napa County",3,49,1717,867,850
050,06,055,"California","Napa County",3,50,1825,942,883
050,06,055,"California","Napa County",3,51,1868,902,966
050,06,055,"California","Napa County",3,52,1793,871,922
050,06,055,"California","Napa County",3,53,1764,872,892
050,06,055,"California","Napa County",3,54,1742,874,868
050,06,055,"California","Napa County",3,55,1725,844,881
050,06,055,"California","Napa County",3,56,1823,919,904
050,06,055,"California","Napa County",3,57,1891,946,945
050,06,055,"California","Napa County",3,58,1915,978,937
050,06,055,"California","Napa County",3,59,1877,946,931
050,06,055,"California","Napa County",3,60,1868,920,948
050,06,055,"California","Napa County",3,61,1911,946,965
050,06,055,"California","Napa County",3,62,1821,920,901
050,06,055,"California","Napa County",3,63,1821,901,920
050,06,055,"California","Napa County",3,64,1752,829,923
050,06,055,"California","Napa County",3,65,1710,835,875
050,06,055,"California","Napa County",3,66,1696,830,866
050,06,055,"California","Napa County",3,67,1666,776,890
050,06,055,"California","Napa County",3,68,1673,771,902
050,06,055,"California","Napa County",3,69,1631,770,861
050,06,055,"California","Napa County",3,70,1547,750,797
050,06,055,"California","Napa County",3,71,1516,734,782
050,06,055,"California","Napa County",3,72,1452,722,730
050,06,055,"California","Napa County",3,73,1441,691,750
050,06,055,"California","Napa County",3,74,1542,746,796
050,06,055,"California","Napa County",3,75,1145,550,595
050,06,055,"California","Napa County",3,76,1069,500,569
050,06,055,"California","Napa County",3,77,1033,492,541
050,06,055,"California","Napa County",3,78,1041,493,548
050,06,055,"California","Napa County",3,79,884,428,456
050,06,055,"California","Napa County",3,80,793,380,413
050,06,055,"California","Napa County",3,81,744,364,380
050,06,055,"California","Napa County",3,82,684,335,349
050,06,055,"California","Napa County",3,83,663,321,342
050,06,055,"California","Napa County",3,84,589,282,307
050,06,055,"California","Napa County",3,85,3498,1387,2111
050,06,055,"California","Napa County",4,0,1191,634,557
050,06,055,"California","Napa County",4,1,1225,640,585
050,06,055,"California","Napa County",4,2,1202,610,592
050,06,055,"California","Napa County",4,3,1172,602,570
050,06,055,"California","Napa County",4,4,1227,611,616
050,06,055,"California","Napa County",4,5,1240,621,619
050,06,055,"California","Napa County",4,6,1380,728,652
050,06,055,"California","Napa County",4,7,1435,741,694
050,06,055,"California","Napa County",4,8,1402,702,700
050,06,055,"California","Napa County",4,9,1398,708,690
050,06,055,"California","Napa County",4,10,1488,787,701
050,06,055,"California","Napa County",4,11,1530,800,730
050,06,055,"California","Napa County",4,12,1573,788,785
050,06,055,"California","Napa County",4,13,1654,827,827
050,06,055,"California","Napa County",4,14,1711,890,821
050,06,055,"California","Napa County",4,15,1752,915,837
050,06,055,"California","Napa County",4,16,1793,919,874
050,06,055,"California","Napa County",4,17,1762,926,836
050,06,055,"California","Napa County",4,18,1687,892,795
050,06,055,"California","Napa County",4,19,1552,784,768
050,06,055,"California","Napa County",4,20,1572,808,764
050,06,055,"California","Napa County",4,21,1581,840,741
050,06,055,"California","Napa County",4,22,1587,829,758
050,06,055,"California","Napa County",4,23,1514,793,721
050,06,055,"California","Napa County",4,24,1498,786,712
050,06,055,"California","Napa County",4,25,1581,861,720
050,06,055,"California","Napa County",4,26,1514,793,721
050,06,055,"California","Napa County",4,27,1658,848,810
050,06,055,"California","Napa County",4,28,1627,826,801
050,06,055,"California","Napa County",4,29,1657,840,817
050,06,055,"California","Napa County",4,30,1695,865,830
050,06,055,"California","Napa County",4,31,1666,808,858
050,06,055,"California","Napa County",4,32,1670,847,823
050,06,055,"California","Napa County",4,33,1602,812,790
050,06,055,"California","Napa County",4,34,1657,842,815
050,06,055,"California","Napa County",4,35,1599,787,812
050,06,055,"California","Napa County",4,36,1688,856,832
050,06,055,"California","Napa County",4,37,1727,898,829
050,06,055,"California","Napa County",4,38,1768,924,844
050,06,055,"California","Napa County",4,39,1721,873,848
050,06,055,"California","Napa County",4,40,1782,933,849
050,06,055,"California","Napa County",4,41,1796,906,890
050,06,055,"California","Napa County",4,42,1830,961,869
050,06,055,"California","Napa County",4,43,1691,890,801
050,06,055,"California","Napa County",4,44,1677,855,822
050,06,055,"California","Napa County",4,45,1702,824,878
050,06,055,"California","Napa County",4,46,1645,840,805
050,06,055,"California","Napa County",4,47,1692,871,821
050,06,055,"California","Napa County",4,48,1646,842,804
050,06,055,"California","Napa County",4,49,1673,834,839
050,06,055,"California","Napa County",4,50,1717,871,846
050,06,055,"California","Napa County",4,51,1805,904,901
050,06,055,"California","Napa County",4,52,1822,879,943
050,06,055,"California","Napa County",4,53,1783,895,888
050,06,055,"California","Napa County",4,54,1734,854,880
050,06,055,"California","Napa County",4,55,1707,845,862
050,06,055,"California","Napa County",4,56,1696,845,851
050,06,055,"California","Napa County",4,57,1770,876,894
050,06,055,"California","Napa County",4,58,1865,927,938
050,06,055,"California","Napa County",4,59,1860,949,911
050,06,055,"California","Napa County",4,60,1807,909,898
050,06,055,"California","Napa County",4,61,1818,909,909
050,06,055,"California","Napa County",4,62,1880,914,966
050,06,055,"California","Napa County",4,63,1802,930,872
050,06,055,"California","Napa County",4,64,1775,856,919
050,06,055,"California","Napa County",4,65,1717,811,906
050,06,055,"California","Napa County",4,66,1676,835,841
050,06,055,"California","Napa County",4,67,1643,789,854
050,06,055,"California","Napa County",4,68,1626,745,881
050,06,055,"California","Napa County",4,69,1606,751,855
050,06,055,"California","Napa County",4,70,1529,710,819
050,06,055,"California","Napa County",4,71,1516,736,780
050,06,055,"California","Napa County",4,72,1494,730,764
050,06,055,"California","Napa County",4,73,1400,693,707
050,06,055,"California","Napa County",4,74,1381,655,726
050,06,055,"California","Napa County",4,75,1544,751,793
050,06,055,"California","Napa County",4,76,1068,507,561
050,06,055,"California","Napa County",4,77,1054,497,557
050,06,055,"California","Napa County",4,78,997,482,515
050,06,055,"California","Napa County",4,79,1003,476,527
050,06,055,"California","Napa County",4,80,836,406,430
050,06,055,"California","Napa County",4,81,804,388,416
050,06,055,"California","Napa County",4,82,700,339,361
050,06,055,"California","Napa County",4,83,668,328,340
050,06,055,"California","Napa County",4,84,638,289,349
050,06,055,"California","Napa County",4,85,3539,1423,2116
050,06,055,"California","Napa County",5,0,1176,627,549
050,06,055,"California","Napa County",5,1,1137,616,521
050,06,055,"California","Napa County",5,2,1194,629,565
050,06,055,"California","Napa County",5,3,1200,617,583
050,06,055,"California","Napa County",5,4,1213,619,594
050,06,055,"California","Napa County",5,5,1214,613,601
050,06,055,"California","Napa County",5,6,1240,620,620
050,06,055,"California","Napa County",5,7,1366,714,652
050,06,055,"California","Napa County",5,8,1413,743,670
050,06,055,"California","Napa County",5,9,1402,701,701
050,06,055,"California","Napa County",5,10,1385,695,690
050,06,055,"California","Napa County",5,11,1491,788,703
050,06,055,"California","Napa County",5,12,1494,794,700
050,06,055,"California","Napa County",5,13,1582,796,786
050,06,055,"California","Napa County",5,14,1638,830,808
050,06,055,"California","Napa County",5,15,1706,884,822
050,06,055,"California","Napa County",5,16,1732,892,840
050,06,055,"California","Napa County",5,17,1795,928,867
050,06,055,"California","Napa County",5,18,1660,871,789
050,06,055,"California","Napa County",5,19,1555,822,733
050,06,055,"California","Napa County",5,20,1613,818,795
050,06,055,"California","Napa County",5,21,1611,864,747
050,06,055,"California","Napa County",5,22,1577,822,755
050,06,055,"California","Napa County",5,23,1519,793,726
050,06,055,"California","Napa County",5,24,1486,787,699
050,06,055,"California","Napa County",5,25,1526,819,707
050,06,055,"California","Napa County",5,26,1512,803,709
050,06,055,"California","Napa County",5,27,1518,805,713
050,06,055,"California","Napa County",5,28,1629,831,798
050,06,055,"California","Napa County",5,29,1549,781,768
050,06,055,"California","Napa County",5,30,1616,828,788
050,06,055,"California","Napa County",5,31,1644,832,812
050,06,055,"California","Napa County",5,32,1679,817,862
050,06,055,"California","Napa County",5,33,1636,837,799
050,06,055,"California","Napa County",5,34,1607,821,786
050,06,055,"California","Napa County",5,35,1625,811,814
050,06,055,"California","Napa County",5,36,1616,810,806
050,06,055,"California","Napa County",5,37,1676,858,818
050,06,055,"California","Napa County",5,38,1724,916,808
050,06,055,"California","Napa County",5,39,1717,875,842
050,06,055,"California","Napa County",5,40,1714,859,855
050,06,055,"California","Napa County",5,41,1749,910,839
050,06,055,"California","Napa County",5,42,1776,909,867
050,06,055,"California","Napa County",5,43,1811,977,834
050,06,055,"California","Napa County",5,44,1653,853,800
050,06,055,"California","Napa County",5,45,1682,862,820
050,06,055,"California","Napa County",5,46,1703,820,883
050,06,055,"California","Napa County",5,47,1666,844,822
050,06,055,"California","Napa County",5,48,1651,853,798
050,06,055,"California","Napa County",5,49,1659,851,808
050,06,055,"California","Napa County",5,50,1686,848,838
050,06,055,"California","Napa County",5,51,1722,855,867
050,06,055,"California","Napa County",5,52,1765,877,888
050,06,055,"California","Napa County",5,53,1837,886,951
050,06,055,"California","Napa County",5,54,1779,906,873
050,06,055,"California","Napa County",5,55,1690,823,867
050,06,055,"California","Napa County",5,56,1692,856,836
050,06,055,"California","Napa County",5,57,1661,801,860
050,06,055,"California","Napa County",5,58,1761,886,875
050,06,055,"California","Napa County",5,59,1790,896,894
050,06,055,"California","Napa County",5,60,1833,924,909
050,06,055,"California","Napa County",5,61,1778,894,884
050,06,055,"California","Napa County",5,62,1829,891,938
050,06,055,"California","Napa County",5,63,1874,930,944
050,06,055,"California","Napa County",5,64,1751,877,874
050,06,055,"California","Napa County",5,65,1736,837,899
050,06,055,"California","Napa County",5,66,1685,818,867
050,06,055,"California","Napa County",5,67,1624,802,822
050,06,055,"California","Napa County",5,68,1610,774,836
050,06,055,"California","Napa County",5,69,1580,726,854
050,06,055,"California","Napa County",5,70,1537,705,832
050,06,055,"California","Napa County",5,71,1523,716,807
050,06,055,"California","Napa County",5,72,1491,727,764
050,06,055,"California","Napa County",5,73,1467,721,746
050,06,055,"California","Napa County",5,74,1359,664,695
050,06,055,"California","Napa County",5,75,1390,660,730
050,06,055,"California","Napa County",5,76,1468,713,755
050,06,055,"California","Napa County",5,77,1048,502,546
050,06,055,"California","Napa County",5,78,1021,482,539
050,06,055,"California","Napa County",5,79,965,473,492
050,06,055,"California","Napa County",5,80,938,446,492
050,06,055,"California","Napa County",5,81,839,408,431
050,06,055,"California","Napa County",5,82,757,364,393
050,06,055,"California","Napa County",5,83,691,337,354
050,06,055,"California","Napa County",5,84,640,299,341
050,06,055,"California","Napa County",5,85,3662,1478,2184
050,06,057,"California","Nevada County",1,0,814,421,393
050,06,057,"California","Nevada County",1,1,861,450,411
050,06,057,"California","Nevada County",1,2,820,439,381
050,06,057,"California","Nevada County",1,3,854,448,406
050,06,057,"California","Nevada County",1,4,908,467,441
050,06,057,"California","Nevada County",1,5,917,465,452
050,06,057,"California","Nevada County",1,6,983,525,458
050,06,057,"California","Nevada County",1,7,951,493,458
050,06,057,"California","Nevada County",1,8,941,501,440
050,06,057,"California","Nevada County",1,9,953,510,443
050,06,057,"California","Nevada County",1,10,1019,526,493
050,06,057,"California","Nevada County",1,11,1054,527,527
050,06,057,"California","Nevada County",1,12,1094,572,522
050,06,057,"California","Nevada County",1,13,1077,568,509
050,06,057,"California","Nevada County",1,14,1044,526,518
050,06,057,"California","Nevada County",1,15,1091,546,545
050,06,057,"California","Nevada County",1,16,1100,575,525
050,06,057,"California","Nevada County",1,17,1057,529,528
050,06,057,"California","Nevada County",1,18,947,511,436
050,06,057,"California","Nevada County",1,19,774,405,369
050,06,057,"California","Nevada County",1,20,780,398,382
050,06,057,"California","Nevada County",1,21,811,417,394
050,06,057,"California","Nevada County",1,22,840,442,398
050,06,057,"California","Nevada County",1,23,837,433,404
050,06,057,"California","Nevada County",1,24,879,460,419
050,06,057,"California","Nevada County",1,25,905,462,443
050,06,057,"California","Nevada County",1,26,873,452,421
050,06,057,"California","Nevada County",1,27,897,480,417
050,06,057,"California","Nevada County",1,28,941,473,468
050,06,057,"California","Nevada County",1,29,988,482,506
050,06,057,"California","Nevada County",1,30,1028,504,524
050,06,057,"California","Nevada County",1,31,1033,515,518
050,06,057,"California","Nevada County",1,32,1010,501,509
050,06,057,"California","Nevada County",1,33,1064,532,532
050,06,057,"California","Nevada County",1,34,1087,552,535
050,06,057,"California","Nevada County",1,35,1143,565,578
050,06,057,"California","Nevada County",1,36,1139,574,565
050,06,057,"California","Nevada County",1,37,1172,572,600
050,06,057,"California","Nevada County",1,38,1200,608,592
050,06,057,"California","Nevada County",1,39,1200,620,580
050,06,057,"California","Nevada County",1,40,1317,690,627
050,06,057,"California","Nevada County",1,41,1257,666,591
050,06,057,"California","Nevada County",1,42,1199,608,591
050,06,057,"California","Nevada County",1,43,1153,581,572
050,06,057,"California","Nevada County",1,44,1064,543,521
050,06,057,"California","Nevada County",1,45,1081,568,513
050,06,057,"California","Nevada County",1,46,1041,562,479
050,06,057,"California","Nevada County",1,47,1053,566,487
050,06,057,"California","Nevada County",1,48,1079,566,513
050,06,057,"California","Nevada County",1,49,1229,634,595
050,06,057,"California","Nevada County",1,50,1242,630,612
050,06,057,"California","Nevada County",1,51,1160,564,596
050,06,057,"California","Nevada County",1,52,1128,570,558
050,06,057,"California","Nevada County",1,53,1182,597,585
050,06,057,"California","Nevada County",1,54,1209,584,625
050,06,057,"California","Nevada County",1,55,1389,673,716
050,06,057,"California","Nevada County",1,56,1471,697,774
050,06,057,"California","Nevada County",1,57,1566,752,814
050,06,057,"California","Nevada County",1,58,1647,769,878
050,06,057,"California","Nevada County",1,59,1690,759,931
050,06,057,"California","Nevada County",1,60,1736,799,937
050,06,057,"California","Nevada County",1,61,1759,805,954
050,06,057,"California","Nevada County",1,62,1840,852,988
050,06,057,"California","Nevada County",1,63,1911,906,1005
050,06,057,"California","Nevada County",1,64,1886,903,983
050,06,057,"California","Nevada County",1,65,1935,919,1016
050,06,057,"California","Nevada County",1,66,1941,931,1010
050,06,057,"California","Nevada County",1,67,1907,881,1026
050,06,057,"California","Nevada County",1,68,1934,923,1011
050,06,057,"California","Nevada County",1,69,1874,904,970
050,06,057,"California","Nevada County",1,70,1786,902,884
050,06,057,"California","Nevada County",1,71,1737,871,866
050,06,057,"California","Nevada County",1,72,1757,858,899
050,06,057,"California","Nevada County",1,73,1757,898,859
050,06,057,"California","Nevada County",1,74,1208,589,619
050,06,057,"California","Nevada County",1,75,1149,574,575
050,06,057,"California","Nevada County",1,76,1112,533,579
050,06,057,"California","Nevada County",1,77,1057,511,546
050,06,057,"California","Nevada County",1,78,884,426,458
050,06,057,"California","Nevada County",1,79,781,381,400
050,06,057,"California","Nevada County",1,80,714,341,373
050,06,057,"California","Nevada County",1,81,689,329,360
050,06,057,"California","Nevada County",1,82,619,311,308
050,06,057,"California","Nevada County",1,83,519,253,266
050,06,057,"California","Nevada County",1,84,450,199,251
050,06,057,"California","Nevada County",1,85,3052,1134,1918
050,06,057,"California","Nevada County",2,0,832,426,406
050,06,057,"California","Nevada County",2,1,844,441,403
050,06,057,"California","Nevada County",2,2,827,440,387
050,06,057,"California","Nevada County",2,3,843,445,398
050,06,057,"California","Nevada County",2,4,901,465,436
050,06,057,"California","Nevada County",2,5,914,467,447
050,06,057,"California","Nevada County",2,6,971,513,458
050,06,057,"California","Nevada County",2,7,964,503,461
050,06,057,"California","Nevada County",2,8,943,499,444
050,06,057,"California","Nevada County",2,9,954,511,443
050,06,057,"California","Nevada County",2,10,1003,522,481
050,06,057,"California","Nevada County",2,11,1042,526,516
050,06,057,"California","Nevada County",2,12,1085,562,523
050,06,057,"California","Nevada County",2,13,1080,573,507
050,06,057,"California","Nevada County",2,14,1049,533,516
050,06,057,"California","Nevada County",2,15,1090,551,539
050,06,057,"California","Nevada County",2,16,1094,561,533
050,06,057,"California","Nevada County",2,17,1065,539,526
050,06,057,"California","Nevada County",2,18,933,496,437
050,06,057,"California","Nevada County",2,19,780,409,371
050,06,057,"California","Nevada County",2,20,793,405,388
050,06,057,"California","Nevada County",2,21,815,419,396
050,06,057,"California","Nevada County",2,22,841,441,400
050,06,057,"California","Nevada County",2,23,845,438,407
050,06,057,"California","Nevada County",2,24,868,453,415
050,06,057,"California","Nevada County",2,25,897,459,438
050,06,057,"California","Nevada County",2,26,885,456,429
050,06,057,"California","Nevada County",2,27,891,472,419
050,06,057,"California","Nevada County",2,28,934,478,456
050,06,057,"California","Nevada County",2,29,986,483,503
050,06,057,"California","Nevada County",2,30,1035,507,528
050,06,057,"California","Nevada County",2,31,1042,520,522
050,06,057,"California","Nevada County",2,32,1019,501,518
050,06,057,"California","Nevada County",2,33,1053,526,527
050,06,057,"California","Nevada County",2,34,1089,550,539
050,06,057,"California","Nevada County",2,35,1147,571,576
050,06,057,"California","Nevada County",2,36,1133,567,566
050,06,057,"California","Nevada County",2,37,1175,579,596
050,06,057,"California","Nevada County",2,38,1210,610,600
050,06,057,"California","Nevada County",2,39,1204,617,587
050,06,057,"California","Nevada County",2,40,1303,680,623
050,06,057,"California","Nevada County",2,41,1268,667,601
050,06,057,"California","Nevada County",2,42,1216,624,592
050,06,057,"California","Nevada County",2,43,1180,596,584
050,06,057,"California","Nevada County",2,44,1076,549,527
050,06,057,"California","Nevada County",2,45,1091,573,518
050,06,057,"California","Nevada County",2,46,1056,566,490
050,06,057,"California","Nevada County",2,47,1048,562,486
050,06,057,"California","Nevada County",2,48,1075,567,508
050,06,057,"California","Nevada County",2,49,1198,619,579
050,06,057,"California","Nevada County",2,50,1246,632,614
050,06,057,"California","Nevada County",2,51,1172,578,594
050,06,057,"California","Nevada County",2,52,1136,568,568
050,06,057,"California","Nevada County",2,53,1172,595,577
050,06,057,"California","Nevada County",2,54,1205,588,617
050,06,057,"California","Nevada County",2,55,1353,656,697
050,06,057,"California","Nevada County",2,56,1456,695,761
050,06,057,"California","Nevada County",2,57,1552,741,811
050,06,057,"California","Nevada County",2,58,1632,770,862
050,06,057,"California","Nevada County",2,59,1696,765,931
050,06,057,"California","Nevada County",2,60,1725,791,934
050,06,057,"California","Nevada County",2,61,1747,805,942
050,06,057,"California","Nevada County",2,62,1825,841,984
050,06,057,"California","Nevada County",2,63,1918,907,1011
050,06,057,"California","Nevada County",2,64,1876,897,979
050,06,057,"California","Nevada County",2,65,1915,910,1005
050,06,057,"California","Nevada County",2,66,1937,926,1011
050,06,057,"California","Nevada County",2,67,1900,887,1013
050,06,057,"California","Nevada County",2,68,1904,902,1002
050,06,057,"California","Nevada County",2,69,1888,906,982
050,06,057,"California","Nevada County",2,70,1794,896,898
050,06,057,"California","Nevada County",2,71,1744,876,868
050,06,057,"California","Nevada County",2,72,1710,842,868
050,06,057,"California","Nevada County",2,73,1833,921,912
050,06,057,"California","Nevada County",2,74,1253,617,636
050,06,057,"California","Nevada County",2,75,1154,575,579
050,06,057,"California","Nevada County",2,76,1101,532,569
050,06,057,"California","Nevada County",2,77,1088,523,565
050,06,057,"California","Nevada County",2,78,896,435,461
050,06,057,"California","Nevada County",2,79,794,387,407
050,06,057,"California","Nevada County",2,80,718,347,371
050,06,057,"California","Nevada County",2,81,679,326,353
050,06,057,"California","Nevada County",2,82,624,307,317
050,06,057,"California","Nevada County",2,83,534,261,273
050,06,057,"California","Nevada County",2,84,449,205,244
050,06,057,"California","Nevada County",2,85,3052,1139,1913
050,06,057,"California","Nevada County",3,0,803,408,395
050,06,057,"California","Nevada County",3,1,855,447,408
050,06,057,"California","Nevada County",3,2,859,449,410
050,06,057,"California","Nevada County",3,3,865,455,410
050,06,057,"California","Nevada County",3,4,895,464,431
050,06,057,"California","Nevada County",3,5,922,487,435
050,06,057,"California","Nevada County",3,6,927,477,450
050,06,057,"California","Nevada County",3,7,1010,515,495
050,06,057,"California","Nevada County",3,8,973,499,474
050,06,057,"California","Nevada County",3,9,959,518,441
050,06,057,"California","Nevada County",3,10,962,524,438
050,06,057,"California","Nevada County",3,11,1015,527,488
050,06,057,"California","Nevada County",3,12,1086,552,534
050,06,057,"California","Nevada County",3,13,1070,568,502
050,06,057,"California","Nevada County",3,14,1080,561,519
050,06,057,"California","Nevada County",3,15,1096,567,529
050,06,057,"California","Nevada County",3,16,1065,523,542
050,06,057,"California","Nevada County",3,17,1098,566,532
050,06,057,"California","Nevada County",3,18,928,491,437
050,06,057,"California","Nevada County",3,19,747,394,353
050,06,057,"California","Nevada County",3,20,802,420,382
050,06,057,"California","Nevada County",3,21,822,396,426
050,06,057,"California","Nevada County",3,22,859,428,431
050,06,057,"California","Nevada County",3,23,844,445,399
050,06,057,"California","Nevada County",3,24,923,483,440
050,06,057,"California","Nevada County",3,25,911,483,428
050,06,057,"California","Nevada County",3,26,891,476,415
050,06,057,"California","Nevada County",3,27,906,470,436
050,06,057,"California","Nevada County",3,28,929,489,440
050,06,057,"California","Nevada County",3,29,1001,504,497
050,06,057,"California","Nevada County",3,30,1042,515,527
050,06,057,"California","Nevada County",3,31,1132,551,581
050,06,057,"California","Nevada County",3,32,1109,554,555
050,06,057,"California","Nevada County",3,33,1123,560,563
050,06,057,"California","Nevada County",3,34,1164,578,586
050,06,057,"California","Nevada County",3,35,1164,600,564
050,06,057,"California","Nevada County",3,36,1227,617,610
050,06,057,"California","Nevada County",3,37,1241,619,622
050,06,057,"California","Nevada County",3,38,1230,614,616
050,06,057,"California","Nevada County",3,39,1257,624,633
050,06,057,"California","Nevada County",3,40,1252,636,616
050,06,057,"California","Nevada County",3,41,1296,674,622
050,06,057,"California","Nevada County",3,42,1343,706,637
050,06,057,"California","Nevada County",3,43,1271,649,622
050,06,057,"California","Nevada County",3,44,1180,598,582
050,06,057,"California","Nevada County",3,45,1128,590,538
050,06,057,"California","Nevada County",3,46,1122,593,529
050,06,057,"California","Nevada County",3,47,1085,564,521
050,06,057,"California","Nevada County",3,48,1076,567,509
050,06,057,"California","Nevada County",3,49,1115,593,522
050,06,057,"California","Nevada County",3,50,1226,634,592
050,06,057,"California","Nevada County",3,51,1292,636,656
050,06,057,"California","Nevada County",3,52,1186,583,603
050,06,057,"California","Nevada County",3,53,1162,583,579
050,06,057,"California","Nevada County",3,54,1186,594,592
050,06,057,"California","Nevada County",3,55,1242,599,643
050,06,057,"California","Nevada County",3,56,1316,639,677
050,06,057,"California","Nevada County",3,57,1487,691,796
050,06,057,"California","Nevada County",3,58,1566,761,805
050,06,057,"California","Nevada County",3,59,1677,770,907
050,06,057,"California","Nevada County",3,60,1680,766,914
050,06,057,"California","Nevada County",3,61,1739,805,934
050,06,057,"California","Nevada County",3,62,1715,785,930
050,06,057,"California","Nevada County",3,63,1860,857,1003
050,06,057,"California","Nevada County",3,64,1918,909,1009
050,06,057,"California","Nevada County",3,65,1874,879,995
050,06,057,"California","Nevada County",3,66,1900,912,988
050,06,057,"California","Nevada County",3,67,1920,927,993
050,06,057,"California","Nevada County",3,68,1853,860,993
050,06,057,"California","Nevada County",3,69,1861,884,977
050,06,057,"California","Nevada County",3,70,1861,887,974
050,06,057,"California","Nevada County",3,71,1742,870,872
050,06,057,"California","Nevada County",3,72,1683,845,838
050,06,057,"California","Nevada County",3,73,1656,806,850
050,06,057,"California","Nevada County",3,74,1780,886,894
050,06,057,"California","Nevada County",3,75,1224,601,623
050,06,057,"California","Nevada County",3,76,1121,557,564
050,06,057,"California","Nevada County",3,77,1037,495,542
050,06,057,"California","Nevada County",3,78,1027,491,536
050,06,057,"California","Nevada County",3,79,863,407,456
050,06,057,"California","Nevada County",3,80,747,363,384
050,06,057,"California","Nevada County",3,81,680,321,359
050,06,057,"California","Nevada County",3,82,642,312,330
050,06,057,"California","Nevada County",3,83,595,288,307
050,06,057,"California","Nevada County",3,84,483,238,245
050,06,057,"California","Nevada County",3,85,3056,1165,1891
050,06,057,"California","Nevada County",4,0,825,406,419
050,06,057,"California","Nevada County",4,1,775,384,391
050,06,057,"California","Nevada County",4,2,871,451,420
050,06,057,"California","Nevada County",4,3,853,454,399
050,06,057,"California","Nevada County",4,4,893,471,422
050,06,057,"California","Nevada County",4,5,920,453,467
050,06,057,"California","Nevada County",4,6,932,497,435
050,06,057,"California","Nevada County",4,7,948,483,465
050,06,057,"California","Nevada County",4,8,1024,523,501
050,06,057,"California","Nevada County",4,9,978,498,480
050,06,057,"California","Nevada County",4,10,972,522,450
050,06,057,"California","Nevada County",4,11,971,520,451
050,06,057,"California","Nevada County",4,12,1032,542,490
050,06,057,"California","Nevada County",4,13,1098,573,525
050,06,057,"California","Nevada County",4,14,1065,543,522
050,06,057,"California","Nevada County",4,15,1109,597,512
050,06,057,"California","Nevada County",4,16,1067,546,521
050,06,057,"California","Nevada County",4,17,1042,517,525
050,06,057,"California","Nevada County",4,18,935,492,443
050,06,057,"California","Nevada County",4,19,726,368,358
050,06,057,"California","Nevada County",4,20,748,400,348
050,06,057,"California","Nevada County",4,21,770,401,369
050,06,057,"California","Nevada County",4,22,813,392,421
050,06,057,"California","Nevada County",4,23,837,423,414
050,06,057,"California","Nevada County",4,24,816,444,372
050,06,057,"California","Nevada County",4,25,861,443,418
050,06,057,"California","Nevada County",4,26,861,446,415
050,06,057,"California","Nevada County",4,27,858,457,401
050,06,057,"California","Nevada County",4,28,864,443,421
050,06,057,"California","Nevada County",4,29,908,473,435
050,06,057,"California","Nevada County",4,30,981,488,493
050,06,057,"California","Nevada County",4,31,1063,526,537
050,06,057,"California","Nevada County",4,32,1148,534,614
050,06,057,"California","Nevada County",4,33,1140,578,562
050,06,057,"California","Nevada County",4,34,1157,600,557
050,06,057,"California","Nevada County",4,35,1188,584,604
050,06,057,"California","Nevada County",4,36,1174,602,572
050,06,057,"California","Nevada County",4,37,1251,633,618
050,06,057,"California","Nevada County",4,38,1264,630,634
050,06,057,"California","Nevada County",4,39,1264,634,630
050,06,057,"California","Nevada County",4,40,1277,631,646
050,06,057,"California","Nevada County",4,41,1214,617,597
050,06,057,"California","Nevada County",4,42,1317,694,623
050,06,057,"California","Nevada County",4,43,1331,694,637
050,06,057,"California","Nevada County",4,44,1272,639,633
050,06,057,"California","Nevada County",4,45,1215,634,581
050,06,057,"California","Nevada County",4,46,1119,587,532
050,06,057,"California","Nevada County",4,47,1122,596,526
050,06,057,"California","Nevada County",4,48,1062,561,501
050,06,057,"California","Nevada County",4,49,1051,541,510
050,06,057,"California","Nevada County",4,50,1140,610,530
050,06,057,"California","Nevada County",4,51,1213,629,584
050,06,057,"California","Nevada County",4,52,1288,634,654
050,06,057,"California","Nevada County",4,53,1205,594,611
050,06,057,"California","Nevada County",4,54,1155,581,574
050,06,057,"California","Nevada County",4,55,1195,609,586
050,06,057,"California","Nevada County",4,56,1204,570,634
050,06,057,"California","Nevada County",4,57,1338,654,684
050,06,057,"California","Nevada County",4,58,1516,728,788
050,06,057,"California","Nevada County",4,59,1534,740,794
050,06,057,"California","Nevada County",4,60,1683,778,905
050,06,057,"California","Nevada County",4,61,1674,764,910
050,06,057,"California","Nevada County",4,62,1697,780,917
050,06,057,"California","Nevada County",4,63,1695,791,904
050,06,057,"California","Nevada County",4,64,1871,861,1010
050,06,057,"California","Nevada County",4,65,1882,881,1001
050,06,057,"California","Nevada County",4,66,1848,871,977
050,06,057,"California","Nevada County",4,67,1859,885,974
050,06,057,"California","Nevada County",4,68,1861,897,964
050,06,057,"California","Nevada County",4,69,1826,844,982
050,06,057,"California","Nevada County",4,70,1805,865,940
050,06,057,"California","Nevada County",4,71,1797,854,943
050,06,057,"California","Nevada County",4,72,1676,838,838
050,06,057,"California","Nevada County",4,73,1641,829,812
050,06,057,"California","Nevada County",4,74,1609,760,849
050,06,057,"California","Nevada County",4,75,1695,844,851
050,06,057,"California","Nevada County",4,76,1173,574,599
050,06,057,"California","Nevada County",4,77,1083,531,552
050,06,057,"California","Nevada County",4,78,969,459,510
050,06,057,"California","Nevada County",4,79,972,461,511
050,06,057,"California","Nevada County",4,80,799,374,425
050,06,057,"California","Nevada County",4,81,700,339,361
050,06,057,"California","Nevada County",4,82,624,295,329
050,06,057,"California","Nevada County",4,83,598,280,318
050,06,057,"California","Nevada County",4,84,529,250,279
050,06,057,"California","Nevada County",4,85,3065,1209,1856
050,06,057,"California","Nevada County",5,0,749,371,378
050,06,057,"California","Nevada County",5,1,827,418,409
050,06,057,"California","Nevada County",5,2,784,386,398
050,06,057,"California","Nevada County",5,3,858,443,415
050,06,057,"California","Nevada County",5,4,869,465,404
050,06,057,"California","Nevada County",5,5,923,476,447
050,06,057,"California","Nevada County",5,6,942,464,478
050,06,057,"California","Nevada County",5,7,941,514,427
050,06,057,"California","Nevada County",5,8,934,478,456
050,06,057,"California","Nevada County",5,9,1030,517,513
050,06,057,"California","Nevada County",5,10,991,506,485
050,06,057,"California","Nevada County",5,11,983,534,449
050,06,057,"California","Nevada County",5,12,973,514,459
050,06,057,"California","Nevada County",5,13,1042,557,485
050,06,057,"California","Nevada County",5,14,1080,557,523
050,06,057,"California","Nevada County",5,15,1097,577,520
050,06,057,"California","Nevada County",5,16,1085,584,501
050,06,057,"California","Nevada County",5,17,1051,528,523
050,06,057,"California","Nevada County",5,18,873,455,418
050,06,057,"California","Nevada County",5,19,745,384,361
050,06,057,"California","Nevada County",5,20,749,380,369
050,06,057,"California","Nevada County",5,21,767,399,368
050,06,057,"California","Nevada County",5,22,789,417,372
050,06,057,"California","Nevada County",5,23,809,397,412
050,06,057,"California","Nevada County",5,24,858,429,429
050,06,057,"California","Nevada County",5,25,797,439,358
050,06,057,"California","Nevada County",5,26,851,442,409
050,06,057,"California","Nevada County",5,27,909,464,445
050,06,057,"California","Nevada County",5,28,894,459,435
050,06,057,"California","Nevada County",5,29,883,450,433
050,06,057,"California","Nevada County",5,30,906,483,423
050,06,057,"California","Nevada County",5,31,1032,517,515
050,06,057,"California","Nevada County",5,32,1068,522,546
050,06,057,"California","Nevada County",5,33,1155,546,609
050,06,057,"California","Nevada County",5,34,1157,572,585
050,06,057,"California","Nevada County",5,35,1188,607,581
050,06,057,"California","Nevada County",5,36,1207,581,626
050,06,057,"California","Nevada County",5,37,1199,619,580
050,06,057,"California","Nevada County",5,38,1269,640,629
050,06,057,"California","Nevada County",5,39,1272,626,646
050,06,057,"California","Nevada County",5,40,1263,640,623
050,06,057,"California","Nevada County",5,41,1293,633,660
050,06,057,"California","Nevada County",5,42,1228,618,610
050,06,057,"California","Nevada County",5,43,1321,697,624
050,06,057,"California","Nevada County",5,44,1320,678,642
050,06,057,"California","Nevada County",5,45,1310,673,637
050,06,057,"California","Nevada County",5,46,1213,627,586
050,06,057,"California","Nevada County",5,47,1109,576,533
050,06,057,"California","Nevada County",5,48,1102,588,514
050,06,057,"California","Nevada County",5,49,1082,571,511
050,06,057,"California","Nevada County",5,50,1078,565,513
050,06,057,"California","Nevada County",5,51,1091,580,511
050,06,057,"California","Nevada County",5,52,1215,625,590
050,06,057,"California","Nevada County",5,53,1278,623,655
050,06,057,"California","Nevada County",5,54,1209,594,615
050,06,057,"California","Nevada County",5,55,1172,577,595
050,06,057,"California","Nevada County",5,56,1175,590,585
050,06,057,"California","Nevada County",5,57,1224,583,641
050,06,057,"California","Nevada County",5,58,1351,678,673
050,06,057,"California","Nevada County",5,59,1499,702,797
050,06,057,"California","Nevada County",5,60,1537,742,795
050,06,057,"California","Nevada County",5,61,1645,754,891
050,06,057,"California","Nevada County",5,62,1668,756,912
050,06,057,"California","Nevada County",5,63,1694,780,914
050,06,057,"California","Nevada County",5,64,1680,805,875
050,06,057,"California","Nevada County",5,65,1823,836,987
050,06,057,"California","Nevada County",5,66,1889,889,1000
050,06,057,"California","Nevada County",5,67,1845,863,982
050,06,057,"California","Nevada County",5,68,1809,856,953
050,06,057,"California","Nevada County",5,69,1822,875,947
050,06,057,"California","Nevada County",5,70,1792,833,959
050,06,057,"California","Nevada County",5,71,1760,832,928
050,06,057,"California","Nevada County",5,72,1749,826,923
050,06,057,"California","Nevada County",5,73,1654,816,838
050,06,057,"California","Nevada County",5,74,1623,805,818
050,06,057,"California","Nevada County",5,75,1560,749,811
050,06,057,"California","Nevada County",5,76,1637,813,824
050,06,057,"California","Nevada County",5,77,1148,553,595
050,06,057,"California","Nevada County",5,78,1032,508,524
050,06,057,"California","Nevada County",5,79,935,446,489
050,06,057,"California","Nevada County",5,80,921,438,483
050,06,057,"California","Nevada County",5,81,768,356,412
050,06,057,"California","Nevada County",5,82,662,319,343
050,06,057,"California","Nevada County",5,83,603,279,324
050,06,057,"California","Nevada County",5,84,539,248,291
050,06,057,"California","Nevada County",5,85,3173,1270,1903
050,06,059,"California","Orange County",1,0,35001,17921,17080
050,06,059,"California","Orange County",1,1,35084,17986,17098
050,06,059,"California","Orange County",1,2,36242,18704,17538
050,06,059,"California","Orange County",1,3,37307,19122,18185
050,06,059,"California","Orange County",1,4,36820,18807,18013
050,06,059,"California","Orange County",1,5,37947,19418,18529
050,06,059,"California","Orange County",1,6,37090,19122,17968
050,06,059,"California","Orange County",1,7,37270,18991,18279
050,06,059,"California","Orange County",1,8,37495,19158,18337
050,06,059,"California","Orange County",1,9,37935,19557,18378
050,06,059,"California","Orange County",1,10,38738,19795,18943
050,06,059,"California","Orange County",1,11,39879,20336,19543
050,06,059,"California","Orange County",1,12,41775,21504,20271
050,06,059,"California","Orange County",1,13,41668,21487,20181
050,06,059,"California","Orange County",1,14,41104,21099,20005
050,06,059,"California","Orange County",1,15,41450,21147,20303
050,06,059,"California","Orange County",1,16,41763,21242,20521
050,06,059,"California","Orange County",1,17,41761,21282,20479
050,06,059,"California","Orange County",1,18,43968,22046,21922
050,06,059,"California","Orange County",1,19,41436,20760,20676
050,06,059,"California","Orange County",1,20,39395,19901,19494
050,06,059,"California","Orange County",1,21,39529,19732,19797
050,06,059,"California","Orange County",1,22,40033,20040,19993
050,06,059,"California","Orange County",1,23,41538,20873,20665
050,06,059,"California","Orange County",1,24,43076,21802,21274
050,06,059,"California","Orange County",1,25,44275,22594,21681
050,06,059,"California","Orange County",1,26,45502,23223,22279
050,06,059,"California","Orange County",1,27,46358,23658,22700
050,06,059,"California","Orange County",1,28,47441,24367,23074
050,06,059,"California","Orange County",1,29,48599,25010,23589
050,06,059,"California","Orange County",1,30,47555,24358,23197
050,06,059,"California","Orange County",1,31,45494,23284,22210
050,06,059,"California","Orange County",1,32,43900,22479,21421
050,06,059,"California","Orange County",1,33,42459,21745,20714
050,06,059,"California","Orange County",1,34,42729,21901,20828
050,06,059,"California","Orange County",1,35,42574,21744,20830
050,06,059,"California","Orange County",1,36,43012,22013,20999
050,06,059,"California","Orange County",1,37,43424,22126,21298
050,06,059,"California","Orange County",1,38,42756,21607,21149
050,06,059,"California","Orange County",1,39,42337,21337,21000
050,06,059,"California","Orange County",1,40,41348,20689,20659
050,06,059,"California","Orange County",1,41,39798,19816,19982
050,06,059,"California","Orange County",1,42,39658,19700,19958
050,06,059,"California","Orange County",1,43,39905,19707,20198
050,06,059,"California","Orange County",1,44,40379,19752,20627
050,06,059,"California","Orange County",1,45,41116,20109,21007
050,06,059,"California","Orange County",1,46,40750,20013,20737
050,06,059,"California","Orange County",1,47,41705,20453,21252
050,06,059,"California","Orange County",1,48,44345,21938,22407
050,06,059,"California","Orange County",1,49,47067,23458,23609
050,06,059,"California","Orange County",1,50,46256,22940,23316
050,06,059,"California","Orange County",1,51,45163,22514,22649
050,06,059,"California","Orange County",1,52,43874,21888,21986
050,06,059,"California","Orange County",1,53,43318,21545,21773
050,06,059,"California","Orange County",1,54,43535,21755,21780
050,06,059,"California","Orange County",1,55,44881,22395,22486
050,06,059,"California","Orange County",1,56,44712,22318,22394
050,06,059,"California","Orange County",1,57,44108,22048,22060
050,06,059,"California","Orange County",1,58,43325,21691,21634
050,06,059,"California","Orange County",1,59,42850,21413,21437
050,06,059,"California","Orange County",1,60,41920,20992,20928
050,06,059,"California","Orange County",1,61,40273,20000,20273
050,06,059,"California","Orange County",1,62,39400,19624,19776
050,06,059,"California","Orange County",1,63,37303,18279,19024
050,06,059,"California","Orange County",1,64,36145,17564,18581
050,06,059,"California","Orange County",1,65,34410,16605,17805
050,06,059,"California","Orange County",1,66,32482,15461,17021
050,06,059,"California","Orange County",1,67,30846,14667,16179
050,06,059,"California","Orange County",1,68,29217,13741,15476
050,06,059,"California","Orange County",1,69,27324,12705,14619
050,06,059,"California","Orange County",1,70,26806,12470,14336
050,06,059,"California","Orange County",1,71,25921,12027,13894
050,06,059,"California","Orange County",1,72,25651,11736,13915
050,06,059,"California","Orange County",1,73,25828,11834,13994
050,06,059,"California","Orange County",1,74,19585,8802,10783
050,06,059,"California","Orange County",1,75,19339,8736,10603
050,06,059,"California","Orange County",1,76,18632,8378,10254
050,06,059,"California","Orange County",1,77,18302,8215,10087
050,06,059,"California","Orange County",1,78,15870,7057,8813
050,06,059,"California","Orange County",1,79,14447,6383,8064
050,06,059,"California","Orange County",1,80,13282,5878,7404
050,06,059,"California","Orange County",1,81,12329,5437,6892
050,06,059,"California","Orange County",1,82,11602,5035,6567
050,06,059,"California","Orange County",1,83,10441,4498,5943
050,06,059,"California","Orange County",1,84,9541,4077,5464
050,06,059,"California","Orange County",1,85,58289,21908,36381
050,06,059,"California","Orange County",2,0,33853,17361,16492
050,06,059,"California","Orange County",2,1,34916,17894,17022
050,06,059,"California","Orange County",2,2,35888,18484,17404
050,06,059,"California","Orange County",2,3,36919,18964,17955
050,06,059,"California","Orange County",2,4,36965,18902,18063
050,06,059,"California","Orange County",2,5,37649,19267,18382
050,06,059,"California","Orange County",2,6,37301,19206,18095
050,06,059,"California","Orange County",2,7,37168,18996,18172
050,06,059,"California","Orange County",2,8,37235,19019,18216
050,06,059,"California","Orange County",2,9,37790,19462,18328
050,06,059,"California","Orange County",2,10,38557,19741,18816
050,06,059,"California","Orange County",2,11,39392,20090,19302
050,06,059,"California","Orange County",2,12,41473,21302,20171
050,06,059,"California","Orange County",2,13,41595,21454,20141
050,06,059,"California","Orange County",2,14,41209,21172,20037
050,06,059,"California","Orange County",2,15,41390,21145,20245
050,06,059,"California","Orange County",2,16,41743,21238,20505
050,06,059,"California","Orange County",2,17,41801,21287,20514
050,06,059,"California","Orange County",2,18,43824,21924,21900
050,06,059,"California","Orange County",2,19,41277,20684,20593
050,06,059,"California","Orange County",2,20,39749,20043,19706
050,06,059,"California","Orange County",2,21,39550,19795,19755
050,06,059,"California","Orange County",2,22,39972,19998,19974
050,06,059,"California","Orange County",2,23,41346,20742,20604
050,06,059,"California","Orange County",2,24,42737,21625,21112
050,06,059,"California","Orange County",2,25,44064,22461,21603
050,06,059,"California","Orange County",2,26,45314,23154,22160
050,06,059,"California","Orange County",2,27,46027,23516,22511
050,06,059,"California","Orange County",2,28,47136,24193,22943
050,06,059,"California","Orange County",2,29,48182,24764,23418
050,06,059,"California","Orange County",2,30,47930,24578,23352
050,06,059,"California","Orange County",2,31,45696,23403,22293
050,06,059,"California","Orange County",2,32,44162,22595,21567
050,06,059,"California","Orange County",2,33,42698,21849,20849
050,06,059,"California","Orange County",2,34,42604,21843,20761
050,06,059,"California","Orange County",2,35,42768,21845,20923
050,06,059,"California","Orange County",2,36,42665,21816,20849
050,06,059,"California","Orange County",2,37,43315,22084,21231
050,06,059,"California","Orange County",2,38,43100,21823,21277
050,06,059,"California","Orange County",2,39,42214,21264,20950
050,06,059,"California","Orange County",2,40,41816,20953,20863
050,06,059,"California","Orange County",2,41,40030,19941,20089
050,06,059,"California","Orange County",2,42,39510,19638,19872
050,06,059,"California","Orange County",2,43,39979,19749,20230
050,06,059,"California","Orange County",2,44,39976,19595,20381
050,06,059,"California","Orange County",2,45,41053,20079,20974
050,06,059,"California","Orange County",2,46,40719,19964,20755
050,06,059,"California","Orange County",2,47,41349,20279,21070
050,06,059,"California","Orange County",2,48,43715,21582,22133
050,06,059,"California","Orange County",2,49,46420,23094,23326
050,06,059,"California","Orange County",2,50,46485,23073,23412
050,06,059,"California","Orange County",2,51,45184,22493,22691
050,06,059,"California","Orange County",2,52,44168,22033,22135
050,06,059,"California","Orange County",2,53,43231,21515,21716
050,06,059,"California","Orange County",2,54,43365,21645,21720
050,06,059,"California","Orange County",2,55,44500,22206,22294
050,06,059,"California","Orange County",2,56,44747,22329,22418
050,06,059,"California","Orange County",2,57,44200,22083,22117
050,06,059,"California","Orange County",2,58,43374,21696,21678
050,06,059,"California","Orange County",2,59,42748,21391,21357
050,06,059,"California","Orange County",2,60,42176,21080,21096
050,06,059,"California","Orange County",2,61,40402,20111,20291
050,06,059,"California","Orange County",2,62,39435,19611,19824
050,06,059,"California","Orange County",2,63,37875,18623,19252
050,06,059,"California","Orange County",2,64,36125,17588,18537
050,06,059,"California","Orange County",2,65,34680,16739,17941
050,06,059,"California","Orange County",2,66,32859,15667,17192
050,06,059,"California","Orange County",2,67,31003,14741,16262
050,06,059,"California","Orange County",2,68,29386,13833,15553
050,06,059,"California","Orange County",2,69,27705,12904,14801
050,06,059,"California","Orange County",2,70,26880,12485,14395
050,06,059,"California","Orange County",2,71,26012,12051,13961
050,06,059,"California","Orange County",2,72,25347,11633,13714
050,06,059,"California","Orange County",2,73,26569,12179,14390
050,06,059,"California","Orange County",2,74,20028,9036,10992
050,06,059,"California","Orange County",2,75,19342,8715,10627
050,06,059,"California","Orange County",2,76,18602,8363,10239
050,06,059,"California","Orange County",2,77,18508,8298,10210
050,06,059,"California","Orange County",2,78,16182,7191,8991
050,06,059,"California","Orange County",2,79,14596,6447,8149
050,06,059,"California","Orange County",2,80,13504,5966,7538
050,06,059,"California","Orange County",2,81,12377,5476,6901
050,06,059,"California","Orange County",2,82,11676,5074,6602
050,06,059,"California","Orange County",2,83,10544,4532,6012
050,06,059,"California","Orange County",2,84,9606,4098,5508
050,06,059,"California","Orange County",2,85,58572,22049,36523
050,06,059,"California","Orange County",3,0,30096,15392,14704
050,06,059,"California","Orange County",3,1,33417,17070,16347
050,06,059,"California","Orange County",3,2,34390,17635,16755
050,06,059,"California","Orange County",3,3,35515,18330,17185
050,06,059,"California","Orange County",3,4,36494,18709,17785
050,06,059,"California","Orange County",3,5,36654,18687,17967
050,06,059,"California","Orange County",3,6,37314,19014,18300
050,06,059,"California","Orange County",3,7,36977,19040,17937
050,06,059,"California","Orange County",3,8,36729,18787,17942
050,06,059,"California","Orange County",3,9,36906,18833,18073
050,06,059,"California","Orange County",3,10,37510,19340,18170
050,06,059,"California","Orange County",3,11,38249,19565,18684
050,06,059,"California","Orange County",3,12,39051,19954,19097
050,06,059,"California","Orange County",3,13,41227,21162,20065
050,06,059,"California","Orange County",3,14,41351,21377,19974
050,06,059,"California","Orange County",3,15,41040,21109,19931
050,06,059,"California","Orange County",3,16,41197,21076,20121
050,06,059,"California","Orange County",3,17,41671,21172,20499
050,06,059,"California","Orange County",3,18,41803,21073,20730
050,06,059,"California","Orange County",3,19,37481,18954,18527
050,06,059,"California","Orange County",3,20,37939,19203,18736
050,06,059,"California","Orange County",3,21,38815,19654,19161
050,06,059,"California","Orange County",3,22,38939,19530,19409
050,06,059,"California","Orange County",3,23,40295,20136,20159
050,06,059,"California","Orange County",3,24,41937,21036,20901
050,06,059,"California","Orange County",3,25,43172,21854,21318
050,06,059,"California","Orange County",3,26,44266,22493,21773
050,06,059,"California","Orange County",3,27,45223,23080,22143
050,06,059,"California","Orange County",3,28,45509,23191,22318
050,06,059,"California","Orange County",3,29,46897,23961,22936
050,06,059,"California","Orange County",3,30,47384,24310,23074
050,06,059,"California","Orange County",3,31,47415,24249,23166
050,06,059,"California","Orange County",3,32,45482,23251,22231
050,06,059,"California","Orange County",3,33,43778,22398,21380
050,06,059,"California","Orange County",3,34,42377,21634,20743
050,06,059,"California","Orange County",3,35,42295,21602,20693
050,06,059,"California","Orange County",3,36,42513,21685,20828
050,06,059,"California","Orange County",3,37,42480,21694,20786
050,06,059,"California","Orange County",3,38,43040,21931,21109
050,06,059,"California","Orange County",3,39,42927,21666,21261
050,06,059,"California","Orange County",3,40,41894,21053,20841
050,06,059,"California","Orange County",3,41,41482,20743,20739
050,06,059,"California","Orange County",3,42,39776,19738,20038
050,06,059,"California","Orange County",3,43,39356,19514,19842
050,06,059,"California","Orange County",3,44,39601,19611,19990
050,06,059,"California","Orange County",3,45,39772,19446,20326
050,06,059,"California","Orange County",3,46,40667,19815,20852
050,06,059,"California","Orange County",3,47,40436,19766,20670
050,06,059,"California","Orange County",3,48,41124,20112,21012
050,06,059,"California","Orange County",3,49,43221,21342,21879
050,06,059,"California","Orange County",3,50,45944,22805,23139
050,06,059,"California","Orange County",3,51,45977,22788,23189
050,06,059,"California","Orange County",3,52,44726,22267,22459
050,06,059,"California","Orange County",3,53,43753,21802,21951
050,06,059,"California","Orange County",3,54,42641,21202,21439
050,06,059,"California","Orange County",3,55,42847,21408,21439
050,06,059,"California","Orange County",3,56,43784,21823,21961
050,06,059,"California","Orange County",3,57,44038,22004,22034
050,06,059,"California","Orange County",3,58,43418,21655,21763
050,06,059,"California","Orange County",3,59,42769,21421,21348
050,06,059,"California","Orange County",3,60,42017,20941,21076
050,06,059,"California","Orange County",3,61,41290,20547,20743
050,06,059,"California","Orange County",3,62,39647,19616,20031
050,06,059,"California","Orange County",3,63,38500,19060,19440
050,06,059,"California","Orange County",3,64,37097,18204,18893
050,06,059,"California","Orange County",3,65,35280,17126,18154
050,06,059,"California","Orange County",3,66,33881,16260,17621
050,06,059,"California","Orange County",3,67,32061,15214,16847
050,06,059,"California","Orange County",3,68,30296,14315,15981
050,06,059,"California","Orange County",3,69,28750,13457,15293
050,06,059,"California","Orange County",3,70,27120,12577,14543
050,06,059,"California","Orange County",3,71,26305,12148,14157
050,06,059,"California","Orange County",3,72,25406,11680,13726
050,06,059,"California","Orange County",3,73,24700,11232,13468
050,06,059,"California","Orange County",3,74,25824,11732,14092
050,06,059,"California","Orange County",3,75,19500,8777,10723
050,06,059,"California","Orange County",3,76,18785,8415,10370
050,06,059,"California","Orange County",3,77,18002,8036,9966
050,06,059,"California","Orange County",3,78,17830,7945,9885
050,06,059,"California","Orange County",3,79,15528,6846,8682
050,06,059,"California","Orange County",3,80,13989,6093,7896
050,06,059,"California","Orange County",3,81,12815,5605,7210
050,06,059,"California","Orange County",3,82,11669,5100,6569
050,06,059,"California","Orange County",3,83,10945,4697,6248
050,06,059,"California","Orange County",3,84,9803,4144,5659
050,06,059,"California","Orange County",3,85,58590,22203,36387
050,06,059,"California","Orange County",4,0,31269,15958,15311
050,06,059,"California","Orange County",4,1,29684,15247,14437
050,06,059,"California","Orange County",4,2,32912,16799,16113
050,06,059,"California","Orange County",4,3,34000,17447,16553
050,06,059,"California","Orange County",4,4,35122,18114,17008
050,06,059,"California","Orange County",4,5,36229,18554,17675
050,06,059,"California","Orange County",4,6,36158,18458,17700
050,06,059,"California","Orange County",4,7,37046,18892,18154
050,06,059,"California","Orange County",4,8,36661,18860,17801
050,06,059,"California","Orange County",4,9,36462,18681,17781
050,06,059,"California","Orange County",4,10,36670,18688,17982
050,06,059,"California","Orange County",4,11,37298,19226,18072
050,06,059,"California","Orange County",4,12,38038,19454,18584
050,06,059,"California","Orange County",4,13,38922,19839,19083
050,06,059,"California","Orange County",4,14,40987,21021,19966
050,06,059,"California","Orange County",4,15,41214,21318,19896
050,06,059,"California","Orange County",4,16,41071,21102,19969
050,06,059,"California","Orange County",4,17,41203,21025,20178
050,06,059,"California","Orange County",4,18,43915,21821,22094
050,06,059,"California","Orange County",4,19,39954,19914,20040
050,06,059,"California","Orange County",4,20,37703,18970,18733
050,06,059,"California","Orange County",4,21,39501,19896,19605
050,06,059,"California","Orange County",4,22,39628,20014,19614
050,06,059,"California","Orange County",4,23,39666,19864,19802
050,06,059,"California","Orange County",4,24,40922,20562,20360
050,06,059,"California","Orange County",4,25,42130,21269,20861
050,06,059,"California","Orange County",4,26,42936,21813,21123
050,06,059,"California","Orange County",4,27,44180,22544,21636
050,06,059,"California","Orange County",4,28,44615,22766,21849
050,06,059,"California","Orange County",4,29,45191,23023,22168
050,06,059,"California","Orange County",4,30,46210,23700,22510
050,06,059,"California","Orange County",4,31,46761,23941,22820
050,06,059,"California","Orange County",4,32,46601,23778,22823
050,06,059,"California","Orange County",4,33,44911,22904,22007
050,06,059,"California","Orange County",4,34,43487,22194,21293
050,06,059,"California","Orange County",4,35,42062,21429,20633
050,06,059,"California","Orange County",4,36,41808,21326,20482
050,06,059,"California","Orange County",4,37,42105,21349,20756
050,06,059,"California","Orange County",4,38,42077,21499,20578
050,06,059,"California","Orange County",4,39,42769,21733,21036
050,06,059,"California","Orange County",4,40,42493,21368,21125
050,06,059,"California","Orange County",4,41,41464,20804,20660
050,06,059,"California","Orange County",4,42,41222,20521,20701
050,06,059,"California","Orange County",4,43,39378,19525,19853
050,06,059,"California","Orange County",4,44,38910,19241,19669
050,06,059,"California","Orange County",4,45,39286,19476,19810
050,06,059,"California","Orange County",4,46,39423,19323,20100
050,06,059,"California","Orange County",4,47,40289,19643,20646
050,06,059,"California","Orange County",4,48,40149,19626,20523
050,06,059,"California","Orange County",4,49,40738,19941,20797
050,06,059,"California","Orange County",4,50,42793,21029,21764
050,06,059,"California","Orange County",4,51,45450,22501,22949
050,06,059,"California","Orange County",4,52,45492,22476,23016
050,06,059,"California","Orange County",4,53,44202,21915,22287
050,06,059,"California","Orange County",4,54,43208,21570,21638
050,06,059,"California","Orange County",4,55,42085,20890,21195
050,06,059,"California","Orange County",4,56,42158,21034,21124
050,06,059,"California","Orange County",4,57,43101,21405,21696
050,06,059,"California","Orange County",4,58,43283,21571,21712
050,06,059,"California","Orange County",4,59,42639,21235,21404
050,06,059,"California","Orange County",4,60,41973,20936,21037
050,06,059,"California","Orange County",4,61,41266,20534,20732
050,06,059,"California","Orange County",4,62,40446,20062,20384
050,06,059,"California","Orange County",4,63,38806,19160,19646
050,06,059,"California","Orange County",4,64,37635,18560,19075
050,06,059,"California","Orange County",4,65,36334,17811,18523
050,06,059,"California","Orange County",4,66,34514,16664,17850
050,06,059,"California","Orange County",4,67,33075,15808,17267
050,06,059,"California","Orange County",4,68,31260,14755,16505
050,06,059,"California","Orange County",4,69,29628,13941,15687
050,06,059,"California","Orange County",4,70,28100,13061,15039
050,06,059,"California","Orange County",4,71,26490,12220,14270
050,06,059,"California","Orange County",4,72,25751,11822,13929
050,06,059,"California","Orange County",4,73,24769,11340,13429
050,06,059,"California","Orange County",4,74,24107,10884,13223
050,06,059,"California","Orange County",4,75,25190,11383,13807
050,06,059,"California","Orange County",4,76,18962,8481,10481
050,06,059,"California","Orange County",4,77,18183,8073,10110
050,06,059,"California","Orange County",4,78,17418,7749,9669
050,06,059,"California","Orange County",4,79,17130,7568,9562
050,06,059,"California","Orange County",4,80,14944,6478,8466
050,06,059,"California","Orange County",4,81,13337,5763,7574
050,06,059,"California","Orange County",4,82,12214,5271,6943
050,06,059,"California","Orange County",4,83,11038,4762,6276
050,06,059,"California","Orange County",4,84,10260,4341,5919
050,06,059,"California","Orange County",4,85,59701,22777,36924
050,06,059,"California","Orange County",5,0,30877,15773,15104
050,06,059,"California","Orange County",5,1,30841,15749,15092
050,06,059,"California","Orange County",5,2,29293,15107,14186
050,06,059,"California","Orange County",5,3,32493,16568,15925
050,06,059,"California","Orange County",5,4,33569,17264,16305
050,06,059,"California","Orange County",5,5,34758,17957,16801
050,06,059,"California","Orange County",5,6,35841,18344,17497
050,06,059,"California","Orange County",5,7,35920,18308,17612
050,06,059,"California","Orange County",5,8,36701,18769,17932
050,06,059,"California","Orange County",5,9,36323,18661,17662
050,06,059,"California","Orange County",5,10,36112,18471,17641
050,06,059,"California","Orange County",5,11,36351,18564,17787
050,06,059,"California","Orange County",5,12,36937,19046,17891
050,06,059,"California","Orange County",5,13,37860,19369,18491
050,06,059,"California","Orange County",5,14,38745,19740,19005
050,06,059,"California","Orange County",5,15,40951,21056,19895
050,06,059,"California","Orange County",5,16,41141,21260,19881
050,06,059,"California","Orange County",5,17,41167,21157,20010
050,06,059,"California","Orange County",5,18,43800,21849,21951
050,06,059,"California","Orange County",5,19,40490,20139,20351
050,06,059,"California","Orange County",5,20,38323,19148,19175
050,06,059,"California","Orange County",5,21,38145,19153,18992
050,06,059,"California","Orange County",5,22,39513,19893,19620
050,06,059,"California","Orange County",5,23,39884,20061,19823
050,06,059,"California","Orange County",5,24,40228,20228,20000
050,06,059,"California","Orange County",5,25,41171,20653,20518
050,06,059,"California","Orange County",5,26,42090,21314,20776
050,06,059,"California","Orange County",5,27,42677,21547,21130
050,06,059,"California","Orange County",5,28,43614,22215,21399
050,06,059,"California","Orange County",5,29,44109,22449,21660
050,06,059,"California","Orange County",5,30,44425,22583,21842
050,06,059,"California","Orange County",5,31,45461,23305,22156
050,06,059,"California","Orange County",5,32,45858,23430,22428
050,06,059,"California","Orange County",5,33,46123,23425,22698
050,06,059,"California","Orange County",5,34,44375,22596,21779
050,06,059,"California","Orange County",5,35,42977,21862,21115
050,06,059,"California","Orange County",5,36,41452,21088,20364
050,06,059,"California","Orange County",5,37,41375,21003,20372
050,06,059,"California","Orange County",5,38,41759,21172,20587
050,06,059,"California","Orange County",5,39,41872,21284,20588
050,06,059,"California","Orange County",5,40,42403,21502,20901
050,06,059,"California","Orange County",5,41,42130,21135,20995
050,06,059,"California","Orange County",5,42,41117,20590,20527
050,06,059,"California","Orange County",5,43,40799,20288,20511
050,06,059,"California","Orange County",5,44,39014,19394,19620
050,06,059,"California","Orange County",5,45,38587,19149,19438
050,06,059,"California","Orange County",5,46,38942,19258,19684
050,06,059,"California","Orange County",5,47,39017,19112,19905
050,06,059,"California","Orange County",5,48,39964,19516,20448
050,06,059,"California","Orange County",5,49,39924,19505,20419
050,06,059,"California","Orange County",5,50,40278,19647,20631
050,06,059,"California","Orange County",5,51,42338,20823,21515
050,06,059,"California","Orange County",5,52,45009,22255,22754
050,06,059,"California","Orange County",5,53,44998,22168,22830
050,06,059,"California","Orange County",5,54,43575,21566,22009
050,06,059,"California","Orange County",5,55,42632,21346,21286
050,06,059,"California","Orange County",5,56,41449,20614,20835
050,06,059,"California","Orange County",5,57,41542,20663,20879
050,06,059,"California","Orange County",5,58,42426,20970,21456
050,06,059,"California","Orange County",5,59,42659,21227,21432
050,06,059,"California","Orange County",5,60,41870,20860,21010
050,06,059,"California","Orange County",5,61,41240,20552,20688
050,06,059,"California","Orange County",5,62,40534,20121,20413
050,06,059,"California","Orange County",5,63,39754,19687,20067
050,06,059,"California","Orange County",5,64,38032,18717,19315
050,06,059,"California","Orange County",5,65,36991,18175,18816
050,06,059,"California","Orange County",5,66,35767,17424,18343
050,06,059,"California","Orange County",5,67,33807,16259,17548
050,06,059,"California","Orange County",5,68,32425,15445,16980
050,06,059,"California","Orange County",5,69,30724,14458,16266
050,06,059,"California","Orange County",5,70,29150,13634,15516
050,06,059,"California","Orange County",5,71,27588,12810,14778
050,06,059,"California","Orange County",5,72,26009,11933,14076
050,06,059,"California","Orange County",5,73,25202,11517,13685
050,06,059,"California","Orange County",5,74,24257,11018,13239
050,06,059,"California","Orange County",5,75,23527,10574,12953
050,06,059,"California","Orange County",5,76,24556,11072,13484
050,06,059,"California","Orange County",5,77,18437,8176,10261
050,06,059,"California","Orange County",5,78,17646,7800,9846
050,06,059,"California","Orange County",5,79,16870,7445,9425
050,06,059,"California","Orange County",5,80,16514,7210,9304
050,06,059,"California","Orange County",5,81,14309,6158,8151
050,06,059,"California","Orange County",5,82,12719,5429,7290
050,06,059,"California","Orange County",5,83,11592,4930,6662
050,06,059,"California","Orange County",5,84,10371,4413,5958
050,06,059,"California","Orange County",5,85,61460,23656,37804
050,06,061,"California","Placer County",1,0,3661,1876,1785
050,06,061,"California","Placer County",1,1,3859,1966,1893
050,06,061,"California","Placer County",1,2,4147,2141,2006
050,06,061,"California","Placer County",1,3,4479,2326,2153
050,06,061,"California","Placer County",1,4,4718,2419,2299
050,06,061,"California","Placer County",1,5,4876,2466,2410
050,06,061,"California","Placer County",1,6,4834,2431,2403
050,06,061,"California","Placer County",1,7,4960,2499,2461
050,06,061,"California","Placer County",1,8,5041,2587,2454
050,06,061,"California","Placer County",1,9,5272,2733,2539
050,06,061,"California","Placer County",1,10,5322,2640,2682
050,06,061,"California","Placer County",1,11,5501,2774,2727
050,06,061,"California","Placer County",1,12,5594,2864,2730
050,06,061,"California","Placer County",1,13,5754,2929,2825
050,06,061,"California","Placer County",1,14,5513,2825,2688
050,06,061,"California","Placer County",1,15,5574,2840,2734
050,06,061,"California","Placer County",1,16,5654,2938,2716
050,06,061,"California","Placer County",1,17,5520,2837,2683
050,06,061,"California","Placer County",1,18,4783,2521,2262
050,06,061,"California","Placer County",1,19,4008,2138,1870
050,06,061,"California","Placer County",1,20,4021,2086,1935
050,06,061,"California","Placer County",1,21,4082,2101,1981
050,06,061,"California","Placer County",1,22,4051,2040,2011
050,06,061,"California","Placer County",1,23,4116,2101,2015
050,06,061,"California","Placer County",1,24,4085,2073,2012
050,06,061,"California","Placer County",1,25,4070,2110,1960
050,06,061,"California","Placer County",1,26,3968,2035,1933
050,06,061,"California","Placer County",1,27,4137,2097,2040
050,06,061,"California","Placer County",1,28,4074,2047,2027
050,06,061,"California","Placer County",1,29,4347,2173,2174
050,06,061,"California","Placer County",1,30,4420,2242,2178
050,06,061,"California","Placer County",1,31,4353,2231,2122
050,06,061,"California","Placer County",1,32,4504,2234,2270
050,06,061,"California","Placer County",1,33,4669,2356,2313
050,06,061,"California","Placer County",1,34,4847,2369,2478
050,06,061,"California","Placer County",1,35,5135,2553,2582
050,06,061,"California","Placer County",1,36,5281,2622,2659
050,06,061,"California","Placer County",1,37,5504,2677,2827
050,06,061,"California","Placer County",1,38,5745,2843,2902
050,06,061,"California","Placer County",1,39,5826,2924,2902
050,06,061,"California","Placer County",1,40,5589,2818,2771
050,06,061,"California","Placer County",1,41,5489,2802,2687
050,06,061,"California","Placer County",1,42,5427,2761,2666
050,06,061,"California","Placer County",1,43,5336,2669,2667
050,06,061,"California","Placer County",1,44,5124,2561,2563
050,06,061,"California","Placer County",1,45,5170,2579,2591
050,06,061,"California","Placer County",1,46,5016,2480,2536
050,06,061,"California","Placer County",1,47,5074,2555,2519
050,06,061,"California","Placer County",1,48,5385,2712,2673
050,06,061,"California","Placer County",1,49,5903,2896,3007
050,06,061,"California","Placer County",1,50,5763,2861,2902
050,06,061,"California","Placer County",1,51,5321,2635,2686
050,06,061,"California","Placer County",1,52,5096,2499,2597
050,06,061,"California","Placer County",1,53,5162,2592,2570
050,06,061,"California","Placer County",1,54,5208,2578,2630
050,06,061,"California","Placer County",1,55,5393,2680,2713
050,06,061,"California","Placer County",1,56,5606,2763,2843
050,06,061,"California","Placer County",1,57,5592,2758,2834
050,06,061,"California","Placer County",1,58,5626,2729,2897
050,06,061,"California","Placer County",1,59,5687,2823,2864
050,06,061,"California","Placer County",1,60,5491,2668,2823
050,06,061,"California","Placer County",1,61,5342,2570,2772
050,06,061,"California","Placer County",1,62,5416,2600,2816
050,06,061,"California","Placer County",1,63,5244,2464,2780
050,06,061,"California","Placer County",1,64,5096,2415,2681
050,06,061,"California","Placer County",1,65,5001,2318,2683
050,06,061,"California","Placer County",1,66,4972,2318,2654
050,06,061,"California","Placer County",1,67,4897,2282,2615
050,06,061,"California","Placer County",1,68,4780,2227,2553
050,06,061,"California","Placer County",1,69,4621,2134,2487
050,06,061,"California","Placer County",1,70,4485,2086,2399
050,06,061,"California","Placer County",1,71,4396,2018,2378
050,06,061,"California","Placer County",1,72,4653,2129,2524
050,06,061,"California","Placer County",1,73,4742,2259,2483
050,06,061,"California","Placer County",1,74,3358,1496,1862
050,06,061,"California","Placer County",1,75,3383,1530,1853
050,06,061,"California","Placer County",1,76,3189,1425,1764
050,06,061,"California","Placer County",1,77,3211,1418,1793
050,06,061,"California","Placer County",1,78,2766,1249,1517
050,06,061,"California","Placer County",1,79,2457,1090,1367
050,06,061,"California","Placer County",1,80,2303,997,1306
050,06,061,"California","Placer County",1,81,2135,960,1175
050,06,061,"California","Placer County",1,82,1906,858,1048
050,06,061,"California","Placer County",1,83,1665,709,956
050,06,061,"California","Placer County",1,84,1561,665,896
050,06,061,"California","Placer County",1,85,9403,3630,5773
050,06,061,"California","Placer County",2,0,3677,1893,1784
050,06,061,"California","Placer County",2,1,3849,1958,1891
050,06,061,"California","Placer County",2,2,4126,2126,2000
050,06,061,"California","Placer County",2,3,4438,2302,2136
050,06,061,"California","Placer County",2,4,4717,2419,2298
050,06,061,"California","Placer County",2,5,4883,2474,2409
050,06,061,"California","Placer County",2,6,4894,2468,2426
050,06,061,"California","Placer County",2,7,4954,2498,2456
050,06,061,"California","Placer County",2,8,5034,2576,2458
050,06,061,"California","Placer County",2,9,5232,2705,2527
050,06,061,"California","Placer County",2,10,5345,2682,2663
050,06,061,"California","Placer County",2,11,5462,2748,2714
050,06,061,"California","Placer County",2,12,5624,2869,2755
050,06,061,"California","Placer County",2,13,5726,2921,2805
050,06,061,"California","Placer County",2,14,5584,2856,2728
050,06,061,"California","Placer County",2,15,5575,2843,2732
050,06,061,"California","Placer County",2,16,5658,2928,2730
050,06,061,"California","Placer County",2,17,5567,2871,2696
050,06,061,"California","Placer County",2,18,4768,2511,2257
050,06,061,"California","Placer County",2,19,4042,2152,1890
050,06,061,"California","Placer County",2,20,4089,2127,1962
050,06,061,"California","Placer County",2,21,4065,2091,1974
050,06,061,"California","Placer County",2,22,4089,2069,2020
050,06,061,"California","Placer County",2,23,4114,2090,2024
050,06,061,"California","Placer County",2,24,4079,2075,2004
050,06,061,"California","Placer County",2,25,4059,2090,1969
050,06,061,"California","Placer County",2,26,4003,2058,1945
050,06,061,"California","Placer County",2,27,4097,2080,2017
050,06,061,"California","Placer County",2,28,4118,2071,2047
050,06,061,"California","Placer County",2,29,4310,2154,2156
050,06,061,"California","Placer County",2,30,4446,2248,2198
050,06,061,"California","Placer County",2,31,4400,2247,2153
050,06,061,"California","Placer County",2,32,4508,2254,2254
050,06,061,"California","Placer County",2,33,4671,2343,2328
050,06,061,"California","Placer County",2,34,4853,2392,2461
050,06,061,"California","Placer County",2,35,5155,2557,2598
050,06,061,"California","Placer County",2,36,5255,2608,2647
050,06,061,"California","Placer County",2,37,5505,2692,2813
050,06,061,"California","Placer County",2,38,5754,2844,2910
050,06,061,"California","Placer County",2,39,5818,2910,2908
050,06,061,"California","Placer County",2,40,5700,2872,2828
050,06,061,"California","Placer County",2,41,5525,2808,2717
050,06,061,"California","Placer County",2,42,5445,2771,2674
050,06,061,"California","Placer County",2,43,5413,2721,2692
050,06,061,"California","Placer County",2,44,5160,2584,2576
050,06,061,"California","Placer County",2,45,5192,2585,2607
050,06,061,"California","Placer County",2,46,5048,2498,2550
050,06,061,"California","Placer County",2,47,5056,2531,2525
050,06,061,"California","Placer County",2,48,5312,2671,2641
050,06,061,"California","Placer County",2,49,5800,2864,2936
050,06,061,"California","Placer County",2,50,5818,2880,2938
050,06,061,"California","Placer County",2,51,5414,2683,2731
050,06,061,"California","Placer County",2,52,5144,2536,2608
050,06,061,"California","Placer County",2,53,5137,2564,2573
050,06,061,"California","Placer County",2,54,5175,2572,2603
050,06,061,"California","Placer County",2,55,5352,2657,2695
050,06,061,"California","Placer County",2,56,5564,2747,2817
050,06,061,"California","Placer County",2,57,5599,2760,2839
050,06,061,"California","Placer County",2,58,5607,2735,2872
050,06,061,"California","Placer County",2,59,5681,2805,2876
050,06,061,"California","Placer County",2,60,5535,2697,2838
050,06,061,"California","Placer County",2,61,5364,2585,2779
050,06,061,"California","Placer County",2,62,5390,2589,2801
050,06,061,"California","Placer County",2,63,5331,2515,2816
050,06,061,"California","Placer County",2,64,5100,2408,2692
050,06,061,"California","Placer County",2,65,5027,2343,2684
050,06,061,"California","Placer County",2,66,4976,2311,2665
050,06,061,"California","Placer County",2,67,4903,2279,2624
050,06,061,"California","Placer County",2,68,4775,2228,2547
050,06,061,"California","Placer County",2,69,4693,2170,2523
050,06,061,"California","Placer County",2,70,4501,2096,2405
050,06,061,"California","Placer County",2,71,4420,2031,2389
050,06,061,"California","Placer County",2,72,4514,2064,2450
050,06,061,"California","Placer County",2,73,4934,2319,2615
050,06,061,"California","Placer County",2,74,3467,1568,1899
050,06,061,"California","Placer County",2,75,3377,1522,1855
050,06,061,"California","Placer County",2,76,3186,1431,1755
050,06,061,"California","Placer County",2,77,3280,1447,1833
050,06,061,"California","Placer County",2,78,2810,1259,1551
050,06,061,"California","Placer County",2,79,2502,1110,1392
050,06,061,"California","Placer County",2,80,2326,1008,1318
050,06,061,"California","Placer County",2,81,2140,958,1182
050,06,061,"California","Placer County",2,82,1943,872,1071
050,06,061,"California","Placer County",2,83,1696,730,966
050,06,061,"California","Placer County",2,84,1561,667,894
050,06,061,"California","Placer County",2,85,9491,3677,5814
050,06,061,"California","Placer County",3,0,3575,1856,1719
050,06,061,"California","Placer County",3,1,3944,2022,1922
050,06,061,"California","Placer County",3,2,4135,2140,1995
050,06,061,"California","Placer County",3,3,4351,2273,2078
050,06,061,"California","Placer County",3,4,4672,2424,2248
050,06,061,"California","Placer County",3,5,4942,2523,2419
050,06,061,"California","Placer County",3,6,5092,2595,2497
050,06,061,"California","Placer County",3,7,5006,2553,2453
050,06,061,"California","Placer County",3,8,5010,2548,2462
050,06,061,"California","Placer County",3,9,5167,2648,2519
050,06,061,"California","Placer County",3,10,5329,2775,2554
050,06,061,"California","Placer County",3,11,5413,2719,2694
050,06,061,"California","Placer County",3,12,5526,2806,2720
050,06,061,"California","Placer County",3,13,5738,2901,2837
050,06,061,"California","Placer County",3,14,5753,2942,2811
050,06,061,"California","Placer County",3,15,5706,2919,2787
050,06,061,"California","Placer County",3,16,5659,2906,2753
050,06,061,"California","Placer County",3,17,5641,2894,2747
050,06,061,"California","Placer County",3,18,4908,2592,2316
050,06,061,"California","Placer County",3,19,4081,2159,1922
050,06,061,"California","Placer County",3,20,4160,2170,1990
050,06,061,"California","Placer County",3,21,4176,2147,2029
050,06,061,"California","Placer County",3,22,4240,2139,2101
050,06,061,"California","Placer County",3,23,4222,2138,2084
050,06,061,"California","Placer County",3,24,4096,2072,2024
050,06,061,"California","Placer County",3,25,4118,2076,2042
050,06,061,"California","Placer County",3,26,4178,2139,2039
050,06,061,"California","Placer County",3,27,4255,2193,2062
050,06,061,"California","Placer County",3,28,4224,2163,2061
050,06,061,"California","Placer County",3,29,4331,2151,2180
050,06,061,"California","Placer County",3,30,4484,2257,2227
050,06,061,"California","Placer County",3,31,4709,2354,2355
050,06,061,"California","Placer County",3,32,4725,2376,2349
050,06,061,"California","Placer County",3,33,4873,2449,2424
050,06,061,"California","Placer County",3,34,4982,2476,2506
050,06,061,"California","Placer County",3,35,5070,2489,2581
050,06,061,"California","Placer County",3,36,5466,2696,2770
050,06,061,"California","Placer County",3,37,5564,2754,2810
050,06,061,"California","Placer County",3,38,5781,2840,2941
050,06,061,"California","Placer County",3,39,5990,2966,3024
050,06,061,"California","Placer County",3,40,6004,3051,2953
050,06,061,"California","Placer County",3,41,5869,2940,2929
050,06,061,"California","Placer County",3,42,5638,2849,2789
050,06,061,"California","Placer County",3,43,5594,2861,2733
050,06,061,"California","Placer County",3,44,5487,2760,2727
050,06,061,"California","Placer County",3,45,5234,2633,2601
050,06,061,"California","Placer County",3,46,5296,2633,2663
050,06,061,"California","Placer County",3,47,5093,2530,2563
050,06,061,"California","Placer County",3,48,5124,2552,2572
050,06,061,"California","Placer County",3,49,5336,2686,2650
050,06,061,"California","Placer County",3,50,5861,2899,2962
050,06,061,"California","Placer County",3,51,5814,2911,2903
050,06,061,"California","Placer County",3,52,5429,2678,2751
050,06,061,"California","Placer County",3,53,5227,2588,2639
050,06,061,"California","Placer County",3,54,5131,2563,2568
050,06,061,"California","Placer County",3,55,5189,2573,2616
050,06,061,"California","Placer County",3,56,5330,2627,2703
050,06,061,"California","Placer County",3,57,5549,2717,2832
050,06,061,"California","Placer County",3,58,5596,2765,2831
050,06,061,"California","Placer County",3,59,5639,2730,2909
050,06,061,"California","Placer County",3,60,5706,2785,2921
050,06,061,"California","Placer County",3,61,5515,2703,2812
050,06,061,"California","Placer County",3,62,5384,2570,2814
050,06,061,"California","Placer County",3,63,5426,2594,2832
050,06,061,"California","Placer County",3,64,5395,2543,2852
050,06,061,"California","Placer County",3,65,5140,2407,2733
050,06,061,"California","Placer County",3,66,5026,2327,2699
050,06,061,"California","Placer County",3,67,4917,2250,2667
050,06,061,"California","Placer County",3,68,4855,2249,2606
050,06,061,"California","Placer County",3,69,4773,2212,2561
050,06,061,"California","Placer County",3,70,4648,2171,2477
050,06,061,"California","Placer County",3,71,4463,2057,2406
050,06,061,"California","Placer County",3,72,4361,1986,2375
050,06,061,"California","Placer County",3,73,4484,2053,2431
050,06,061,"California","Placer County",3,74,4873,2266,2607
050,06,061,"California","Placer County",3,75,3405,1534,1871
050,06,061,"California","Placer County",3,76,3303,1465,1838
050,06,061,"California","Placer County",3,77,3131,1402,1729
050,06,061,"California","Placer County",3,78,3176,1387,1789
050,06,061,"California","Placer County",3,79,2724,1213,1511
050,06,061,"California","Placer County",3,80,2435,1074,1361
050,06,061,"California","Placer County",3,81,2212,963,1249
050,06,061,"California","Placer County",3,82,1987,900,1087
050,06,061,"California","Placer County",3,83,1858,803,1055
050,06,061,"California","Placer County",3,84,1563,668,895
050,06,061,"California","Placer County",3,85,9555,3670,5885
050,06,061,"California","Placer County",4,0,3814,1935,1879
050,06,061,"California","Placer County",4,1,3887,2007,1880
050,06,061,"California","Placer County",4,2,4177,2125,2052
050,06,061,"California","Placer County",4,3,4386,2285,2101
050,06,061,"California","Placer County",4,4,4619,2419,2200
050,06,061,"California","Placer County",4,5,4844,2523,2321
050,06,061,"California","Placer County",4,6,5168,2639,2529
050,06,061,"California","Placer County",4,7,5262,2663,2599
050,06,061,"California","Placer County",4,8,5195,2672,2523
050,06,061,"California","Placer County",4,9,5124,2633,2491
050,06,061,"California","Placer County",4,10,5325,2756,2569
050,06,061,"California","Placer County",4,11,5462,2858,2604
050,06,061,"California","Placer County",4,12,5506,2776,2730
050,06,061,"California","Placer County",4,13,5636,2866,2770
050,06,061,"California","Placer County",4,14,5751,2921,2830
050,06,061,"California","Placer County",4,15,5808,2963,2845
050,06,061,"California","Placer County",4,16,5725,2920,2805
050,06,061,"California","Placer County",4,17,5646,2906,2740
050,06,061,"California","Placer County",4,18,4914,2590,2324
050,06,061,"California","Placer County",4,19,4064,2185,1879
050,06,061,"California","Placer County",4,20,4142,2143,1999
050,06,061,"California","Placer County",4,21,4158,2161,1997
050,06,061,"California","Placer County",4,22,4235,2161,2074
050,06,061,"California","Placer County",4,23,4266,2178,2088
050,06,061,"California","Placer County",4,24,4141,2124,2017
050,06,061,"California","Placer County",4,25,4090,2068,2022
050,06,061,"California","Placer County",4,26,4074,2020,2054
050,06,061,"California","Placer County",4,27,4195,2131,2064
050,06,061,"California","Placer County",4,28,4338,2201,2137
050,06,061,"California","Placer County",4,29,4356,2214,2142
050,06,061,"California","Placer County",4,30,4473,2171,2302
050,06,061,"California","Placer County",4,31,4665,2316,2349
050,06,061,"California","Placer County",4,32,4982,2455,2527
050,06,061,"California","Placer County",4,33,4963,2525,2438
050,06,061,"California","Placer County",4,34,5057,2515,2542
050,06,061,"California","Placer County",4,35,5286,2649,2637
050,06,061,"California","Placer County",4,36,5322,2602,2720
050,06,061,"California","Placer County",4,37,5738,2789,2949
050,06,061,"California","Placer County",4,38,5792,2881,2911
050,06,061,"California","Placer County",4,39,5960,2942,3018
050,06,061,"California","Placer County",4,40,6132,3059,3073
050,06,061,"California","Placer County",4,41,6153,3108,3045
050,06,061,"California","Placer County",4,42,6032,3034,2998
050,06,061,"California","Placer County",4,43,5753,2877,2876
050,06,061,"California","Placer County",4,44,5710,2923,2787
050,06,061,"California","Placer County",4,45,5521,2783,2738
050,06,061,"California","Placer County",4,46,5315,2703,2612
050,06,061,"California","Placer County",4,47,5319,2677,2642
050,06,061,"California","Placer County",4,48,5079,2518,2561
050,06,061,"California","Placer County",4,49,5145,2535,2610
050,06,061,"California","Placer County",4,50,5342,2707,2635
050,06,061,"California","Placer County",4,51,5880,2894,2986
050,06,061,"California","Placer County",4,52,5770,2875,2895
050,06,061,"California","Placer County",4,53,5430,2670,2760
050,06,061,"California","Placer County",4,54,5206,2566,2640
050,06,061,"California","Placer County",4,55,5059,2503,2556
050,06,061,"California","Placer County",4,56,5125,2543,2582
050,06,061,"California","Placer County",4,57,5286,2585,2701
050,06,061,"California","Placer County",4,58,5519,2691,2828
050,06,061,"California","Placer County",4,59,5523,2722,2801
050,06,061,"California","Placer County",4,60,5654,2709,2945
050,06,061,"California","Placer County",4,61,5660,2743,2917
050,06,061,"California","Placer County",4,62,5459,2695,2764
050,06,061,"California","Placer County",4,63,5373,2564,2809
050,06,061,"California","Placer County",4,64,5415,2570,2845
050,06,061,"California","Placer County",4,65,5385,2521,2864
050,06,061,"California","Placer County",4,66,5130,2393,2737
050,06,061,"California","Placer County",4,67,4965,2273,2692
050,06,061,"California","Placer County",4,68,4916,2232,2684
050,06,061,"California","Placer County",4,69,4830,2222,2608
050,06,061,"California","Placer County",4,70,4757,2193,2564
050,06,061,"California","Placer County",4,71,4624,2163,2461
050,06,061,"California","Placer County",4,72,4402,2023,2379
050,06,061,"California","Placer County",4,73,4347,1973,2374
050,06,061,"California","Placer County",4,74,4389,1993,2396
050,06,061,"California","Placer County",4,75,4799,2215,2584
050,06,061,"California","Placer County",4,76,3317,1477,1840
050,06,061,"California","Placer County",4,77,3300,1436,1864
050,06,061,"California","Placer County",4,78,3032,1347,1685
050,06,061,"California","Placer County",4,79,3103,1352,1751
050,06,061,"California","Placer County",4,80,2637,1172,1465
050,06,061,"California","Placer County",4,81,2354,1025,1329
050,06,061,"California","Placer County",4,82,2082,906,1176
050,06,061,"California","Placer County",4,83,1884,809,1075
050,06,061,"California","Placer County",4,84,1747,769,978
050,06,061,"California","Placer County",4,85,9668,3737,5931
050,06,061,"California","Placer County",5,0,3608,1829,1779
050,06,061,"California","Placer County",5,1,4135,2134,2001
050,06,061,"California","Placer County",5,2,4090,2096,1994
050,06,061,"California","Placer County",5,3,4354,2182,2172
050,06,061,"California","Placer County",5,4,4526,2392,2134
050,06,061,"California","Placer County",5,5,4820,2542,2278
050,06,061,"California","Placer County",5,6,4958,2573,2385
050,06,061,"California","Placer County",5,7,5288,2722,2566
050,06,061,"California","Placer County",5,8,5381,2746,2635
050,06,061,"California","Placer County",5,9,5277,2735,2542
050,06,061,"California","Placer County",5,10,5163,2662,2501
050,06,061,"California","Placer County",5,11,5408,2819,2589
050,06,061,"California","Placer County",5,12,5504,2890,2614
050,06,061,"California","Placer County",5,13,5561,2813,2748
050,06,061,"California","Placer County",5,14,5640,2864,2776
050,06,061,"California","Placer County",5,15,5837,2964,2873
050,06,061,"California","Placer County",5,16,5817,2966,2851
050,06,061,"California","Placer County",5,17,5729,2915,2814
050,06,061,"California","Placer County",5,18,4919,2602,2317
050,06,061,"California","Placer County",5,19,4184,2222,1962
050,06,061,"California","Placer County",5,20,4338,2295,2043
050,06,061,"California","Placer County",5,21,4325,2232,2093
050,06,061,"California","Placer County",5,22,4362,2243,2119
050,06,061,"California","Placer County",5,23,4259,2157,2102
050,06,061,"California","Placer County",5,24,4347,2247,2100
050,06,061,"California","Placer County",5,25,4088,2095,1993
050,06,061,"California","Placer County",5,26,4140,2082,2058
050,06,061,"California","Placer County",5,27,4135,2047,2088
050,06,061,"California","Placer County",5,28,4247,2164,2083
050,06,061,"California","Placer County",5,29,4423,2245,2178
050,06,061,"California","Placer County",5,30,4516,2323,2193
050,06,061,"California","Placer County",5,31,4729,2287,2442
050,06,061,"California","Placer County",5,32,4831,2413,2418
050,06,061,"California","Placer County",5,33,5269,2573,2696
050,06,061,"California","Placer County",5,34,5167,2605,2562
050,06,061,"California","Placer County",5,35,5319,2670,2649
050,06,061,"California","Placer County",5,36,5525,2772,2753
050,06,061,"California","Placer County",5,37,5590,2741,2849
050,06,061,"California","Placer County",5,38,5973,2919,3054
050,06,061,"California","Placer County",5,39,5939,2937,3002
050,06,061,"California","Placer County",5,40,6111,3045,3066
050,06,061,"California","Placer County",5,41,6257,3141,3116
050,06,061,"California","Placer County",5,42,6248,3170,3078
050,06,061,"California","Placer County",5,43,6127,3089,3038
050,06,061,"California","Placer County",5,44,5910,2990,2920
050,06,061,"California","Placer County",5,45,5801,2944,2857
050,06,061,"California","Placer County",5,46,5560,2800,2760
050,06,061,"California","Placer County",5,47,5391,2763,2628
050,06,061,"California","Placer County",5,48,5375,2695,2680
050,06,061,"California","Placer County",5,49,5107,2531,2576
050,06,061,"California","Placer County",5,50,5141,2524,2617
050,06,061,"California","Placer County",5,51,5337,2697,2640
050,06,061,"California","Placer County",5,52,5875,2910,2965
050,06,061,"California","Placer County",5,53,5759,2865,2894
050,06,061,"California","Placer County",5,54,5446,2673,2773
050,06,061,"California","Placer County",5,55,5165,2559,2606
050,06,061,"California","Placer County",5,56,5019,2472,2547
050,06,061,"California","Placer County",5,57,5136,2543,2593
050,06,061,"California","Placer County",5,58,5284,2597,2687
050,06,061,"California","Placer County",5,59,5509,2675,2834
050,06,061,"California","Placer County",5,60,5441,2667,2774
050,06,061,"California","Placer County",5,61,5637,2701,2936
050,06,061,"California","Placer County",5,62,5626,2725,2901
050,06,061,"California","Placer County",5,63,5451,2704,2747
050,06,061,"California","Placer County",5,64,5360,2564,2796
050,06,061,"California","Placer County",5,65,5417,2551,2866
050,06,061,"California","Placer County",5,66,5394,2506,2888
050,06,061,"California","Placer County",5,67,5115,2368,2747
050,06,061,"California","Placer County",5,68,4973,2261,2712
050,06,061,"California","Placer County",5,69,4948,2225,2723
050,06,061,"California","Placer County",5,70,4832,2198,2634
050,06,061,"California","Placer County",5,71,4748,2184,2564
050,06,061,"California","Placer County",5,72,4619,2138,2481
050,06,061,"California","Placer County",5,73,4402,2026,2376
050,06,061,"California","Placer County",5,74,4306,1936,2370
050,06,061,"California","Placer County",5,75,4351,1961,2390
050,06,061,"California","Placer County",5,76,4684,2150,2534
050,06,061,"California","Placer County",5,77,3276,1439,1837
050,06,061,"California","Placer County",5,78,3180,1367,1813
050,06,061,"California","Placer County",5,79,2980,1309,1671
050,06,061,"California","Placer County",5,80,3008,1298,1710
050,06,061,"California","Placer County",5,81,2535,1106,1429
050,06,061,"California","Placer County",5,82,2217,966,1251
050,06,061,"California","Placer County",5,83,1955,809,1146
050,06,061,"California","Placer County",5,84,1779,768,1011
050,06,061,"California","Placer County",5,85,10048,3951,6097
050,06,063,"California","Plumas County",1,0,160,83,77
050,06,063,"California","Plumas County",1,1,167,91,76
050,06,063,"California","Plumas County",1,2,197,101,96
050,06,063,"California","Plumas County",1,3,219,101,118
050,06,063,"California","Plumas County",1,4,200,101,99
050,06,063,"California","Plumas County",1,5,187,91,96
050,06,063,"California","Plumas County",1,6,191,94,97
050,06,063,"California","Plumas County",1,7,187,91,96
050,06,063,"California","Plumas County",1,8,179,94,85
050,06,063,"California","Plumas County",1,9,178,102,76
050,06,063,"California","Plumas County",1,10,189,106,83
050,06,063,"California","Plumas County",1,11,220,115,105
050,06,063,"California","Plumas County",1,12,231,123,108
050,06,063,"California","Plumas County",1,13,207,111,96
050,06,063,"California","Plumas County",1,14,195,104,91
050,06,063,"California","Plumas County",1,15,209,97,112
050,06,063,"California","Plumas County",1,16,212,100,112
050,06,063,"California","Plumas County",1,17,212,107,105
050,06,063,"California","Plumas County",1,18,148,74,74
050,06,063,"California","Plumas County",1,19,150,82,68
050,06,063,"California","Plumas County",1,20,148,76,72
050,06,063,"California","Plumas County",1,21,138,72,66
050,06,063,"California","Plumas County",1,22,136,69,67
050,06,063,"California","Plumas County",1,23,119,61,58
050,06,063,"California","Plumas County",1,24,142,79,63
050,06,063,"California","Plumas County",1,25,149,63,86
050,06,063,"California","Plumas County",1,26,173,78,95
050,06,063,"California","Plumas County",1,27,162,80,82
050,06,063,"California","Plumas County",1,28,191,97,94
050,06,063,"California","Plumas County",1,29,198,110,88
050,06,063,"California","Plumas County",1,30,191,95,96
050,06,063,"California","Plumas County",1,31,216,104,112
050,06,063,"California","Plumas County",1,32,218,106,112
050,06,063,"California","Plumas County",1,33,201,101,100
050,06,063,"California","Plumas County",1,34,205,105,100
050,06,063,"California","Plumas County",1,35,202,99,103
050,06,063,"California","Plumas County",1,36,217,107,110
050,06,063,"California","Plumas County",1,37,228,117,111
050,06,063,"California","Plumas County",1,38,204,100,104
050,06,063,"California","Plumas County",1,39,207,94,113
050,06,063,"California","Plumas County",1,40,194,104,90
050,06,063,"California","Plumas County",1,41,214,109,105
050,06,063,"California","Plumas County",1,42,209,103,106
050,06,063,"California","Plumas County",1,43,198,93,105
050,06,063,"California","Plumas County",1,44,174,97,77
050,06,063,"California","Plumas County",1,45,174,96,78
050,06,063,"California","Plumas County",1,46,172,89,83
050,06,063,"California","Plumas County",1,47,178,85,93
050,06,063,"California","Plumas County",1,48,187,97,90
050,06,063,"California","Plumas County",1,49,205,119,86
050,06,063,"California","Plumas County",1,50,192,96,96
050,06,063,"California","Plumas County",1,51,195,104,91
050,06,063,"California","Plumas County",1,52,207,104,103
050,06,063,"California","Plumas County",1,53,230,114,116
050,06,063,"California","Plumas County",1,54,252,120,132
050,06,063,"California","Plumas County",1,55,242,113,129
050,06,063,"California","Plumas County",1,56,291,143,148
050,06,063,"California","Plumas County",1,57,309,136,173
050,06,063,"California","Plumas County",1,58,332,176,156
050,06,063,"California","Plumas County",1,59,360,181,179
050,06,063,"California","Plumas County",1,60,366,174,192
050,06,063,"California","Plumas County",1,61,362,159,203
050,06,063,"California","Plumas County",1,62,385,188,197
050,06,063,"California","Plumas County",1,63,431,211,220
050,06,063,"California","Plumas County",1,64,399,180,219
050,06,063,"California","Plumas County",1,65,398,190,208
050,06,063,"California","Plumas County",1,66,426,217,209
050,06,063,"California","Plumas County",1,67,452,249,203
050,06,063,"California","Plumas County",1,68,436,225,211
050,06,063,"California","Plumas County",1,69,360,186,174
050,06,063,"California","Plumas County",1,70,365,205,160
050,06,063,"California","Plumas County",1,71,335,166,169
050,06,063,"California","Plumas County",1,72,355,173,182
050,06,063,"California","Plumas County",1,73,363,187,176
050,06,063,"California","Plumas County",1,74,245,123,122
050,06,063,"California","Plumas County",1,75,246,132,114
050,06,063,"California","Plumas County",1,76,245,120,125
050,06,063,"California","Plumas County",1,77,232,141,91
050,06,063,"California","Plumas County",1,78,195,105,90
050,06,063,"California","Plumas County",1,79,159,76,83
050,06,063,"California","Plumas County",1,80,146,81,65
050,06,063,"California","Plumas County",1,81,138,72,66
050,06,063,"California","Plumas County",1,82,129,62,67
050,06,063,"California","Plumas County",1,83,94,50,44
050,06,063,"California","Plumas County",1,84,87,43,44
050,06,063,"California","Plumas County",1,85,447,185,262
050,06,063,"California","Plumas County",2,0,155,75,80
050,06,063,"California","Plumas County",2,1,164,88,76
050,06,063,"California","Plumas County",2,2,185,96,89
050,06,063,"California","Plumas County",2,3,214,102,112
050,06,063,"California","Plumas County",2,4,205,102,103
050,06,063,"California","Plumas County",2,5,191,94,97
050,06,063,"California","Plumas County",2,6,189,92,97
050,06,063,"California","Plumas County",2,7,188,92,96
050,06,063,"California","Plumas County",2,8,180,92,88
050,06,063,"California","Plumas County",2,9,180,100,80
050,06,063,"California","Plumas County",2,10,191,108,83
050,06,063,"California","Plumas County",2,11,212,113,99
050,06,063,"California","Plumas County",2,12,229,122,107
050,06,063,"California","Plumas County",2,13,213,116,97
050,06,063,"California","Plumas County",2,14,197,105,92
050,06,063,"California","Plumas County",2,15,206,98,108
050,06,063,"California","Plumas County",2,16,215,101,114
050,06,063,"California","Plumas County",2,17,210,105,105
050,06,063,"California","Plumas County",2,18,155,79,76
050,06,063,"California","Plumas County",2,19,146,79,67
050,06,063,"California","Plumas County",2,20,149,77,72
050,06,063,"California","Plumas County",2,21,140,73,67
050,06,063,"California","Plumas County",2,22,136,70,66
050,06,063,"California","Plumas County",2,23,123,63,60
050,06,063,"California","Plumas County",2,24,135,73,62
050,06,063,"California","Plumas County",2,25,150,66,84
050,06,063,"California","Plumas County",2,26,170,76,94
050,06,063,"California","Plumas County",2,27,162,78,84
050,06,063,"California","Plumas County",2,28,184,94,90
050,06,063,"California","Plumas County",2,29,195,105,90
050,06,063,"California","Plumas County",2,30,196,100,96
050,06,063,"California","Plumas County",2,31,209,100,109
050,06,063,"California","Plumas County",2,32,214,104,110
050,06,063,"California","Plumas County",2,33,203,101,102
050,06,063,"California","Plumas County",2,34,204,103,101
050,06,063,"California","Plumas County",2,35,208,103,105
050,06,063,"California","Plumas County",2,36,207,100,107
050,06,063,"California","Plumas County",2,37,228,114,114
050,06,063,"California","Plumas County",2,38,208,102,106
050,06,063,"California","Plumas County",2,39,205,97,108
050,06,063,"California","Plumas County",2,40,203,106,97
050,06,063,"California","Plumas County",2,41,208,108,100
050,06,063,"California","Plumas County",2,42,208,103,105
050,06,063,"California","Plumas County",2,43,204,97,107
050,06,063,"California","Plumas County",2,44,178,94,84
050,06,063,"California","Plumas County",2,45,176,96,80
050,06,063,"California","Plumas County",2,46,169,89,80
050,06,063,"California","Plumas County",2,47,176,84,92
050,06,063,"California","Plumas County",2,48,188,96,92
050,06,063,"California","Plumas County",2,49,199,112,87
050,06,063,"California","Plumas County",2,50,193,98,95
050,06,063,"California","Plumas County",2,51,194,102,92
050,06,063,"California","Plumas County",2,52,205,104,101
050,06,063,"California","Plumas County",2,53,221,108,113
050,06,063,"California","Plumas County",2,54,247,119,128
050,06,063,"California","Plumas County",2,55,246,115,131
050,06,063,"California","Plumas County",2,56,286,138,148
050,06,063,"California","Plumas County",2,57,302,137,165
050,06,063,"California","Plumas County",2,58,327,167,160
050,06,063,"California","Plumas County",2,59,355,181,174
050,06,063,"California","Plumas County",2,60,360,173,187
050,06,063,"California","Plumas County",2,61,359,161,198
050,06,063,"California","Plumas County",2,62,381,184,197
050,06,063,"California","Plumas County",2,63,423,207,216
050,06,063,"California","Plumas County",2,64,402,184,218
050,06,063,"California","Plumas County",2,65,401,189,212
050,06,063,"California","Plumas County",2,66,422,212,210
050,06,063,"California","Plumas County",2,67,443,240,203
050,06,063,"California","Plumas County",2,68,433,227,206
050,06,063,"California","Plumas County",2,69,383,198,185
050,06,063,"California","Plumas County",2,70,362,200,162
050,06,063,"California","Plumas County",2,71,341,174,167
050,06,063,"California","Plumas County",2,72,345,168,177
050,06,063,"California","Plumas County",2,73,379,192,187
050,06,063,"California","Plumas County",2,74,254,130,124
050,06,063,"California","Plumas County",2,75,242,128,114
050,06,063,"California","Plumas County",2,76,239,120,119
050,06,063,"California","Plumas County",2,77,240,138,102
050,06,063,"California","Plumas County",2,78,199,111,88
050,06,063,"California","Plumas County",2,79,165,81,84
050,06,063,"California","Plumas County",2,80,145,77,68
050,06,063,"California","Plumas County",2,81,136,71,65
050,06,063,"California","Plumas County",2,82,127,63,64
050,06,063,"California","Plumas County",2,83,98,51,47
050,06,063,"California","Plumas County",2,84,84,43,41
050,06,063,"California","Plumas County",2,85,447,188,259
050,06,063,"California","Plumas County",3,0,165,79,86
050,06,063,"California","Plumas County",3,1,145,65,80
050,06,063,"California","Plumas County",3,2,157,90,67
050,06,063,"California","Plumas County",3,3,178,90,88
050,06,063,"California","Plumas County",3,4,218,106,112
050,06,063,"California","Plumas County",3,5,203,98,105
050,06,063,"California","Plumas County",3,6,200,98,102
050,06,063,"California","Plumas County",3,7,199,99,100
050,06,063,"California","Plumas County",3,8,189,88,101
050,06,063,"California","Plumas County",3,9,189,95,94
050,06,063,"California","Plumas County",3,10,173,92,81
050,06,063,"California","Plumas County",3,11,195,111,84
050,06,063,"California","Plumas County",3,12,217,116,101
050,06,063,"California","Plumas County",3,13,232,124,108
050,06,063,"California","Plumas County",3,14,213,114,99
050,06,063,"California","Plumas County",3,15,202,114,88
050,06,063,"California","Plumas County",3,16,212,97,115
050,06,063,"California","Plumas County",3,17,217,106,111
050,06,063,"California","Plumas County",3,18,176,90,86
050,06,063,"California","Plumas County",3,19,132,66,66
050,06,063,"California","Plumas County",3,20,148,85,63
050,06,063,"California","Plumas County",3,21,154,75,79
050,06,063,"California","Plumas County",3,22,141,75,66
050,06,063,"California","Plumas County",3,23,129,73,56
050,06,063,"California","Plumas County",3,24,131,63,68
050,06,063,"California","Plumas County",3,25,141,78,63
050,06,063,"California","Plumas County",3,26,167,75,92
050,06,063,"California","Plumas County",3,27,186,80,106
050,06,063,"California","Plumas County",3,28,179,83,96
050,06,063,"California","Plumas County",3,29,197,96,101
050,06,063,"California","Plumas County",3,30,216,114,102
050,06,063,"California","Plumas County",3,31,188,104,84
050,06,063,"California","Plumas County",3,32,215,102,113
050,06,063,"California","Plumas County",3,33,230,121,109
050,06,063,"California","Plumas County",3,34,211,97,114
050,06,063,"California","Plumas County",3,35,210,107,103
050,06,063,"California","Plumas County",3,36,211,104,107
050,06,063,"California","Plumas County",3,37,223,107,116
050,06,063,"California","Plumas County",3,38,230,115,115
050,06,063,"California","Plumas County",3,39,204,98,106
050,06,063,"California","Plumas County",3,40,223,108,115
050,06,063,"California","Plumas County",3,41,200,105,95
050,06,063,"California","Plumas County",3,42,210,108,102
050,06,063,"California","Plumas County",3,43,224,108,116
050,06,063,"California","Plumas County",3,44,202,95,107
050,06,063,"California","Plumas County",3,45,181,98,83
050,06,063,"California","Plumas County",3,46,180,96,84
050,06,063,"California","Plumas County",3,47,167,89,78
050,06,063,"California","Plumas County",3,48,179,85,94
050,06,063,"California","Plumas County",3,49,194,100,94
050,06,063,"California","Plumas County",3,50,206,117,89
050,06,063,"California","Plumas County",3,51,193,96,97
050,06,063,"California","Plumas County",3,52,194,101,93
050,06,063,"California","Plumas County",3,53,200,101,99
050,06,063,"California","Plumas County",3,54,228,107,121
050,06,063,"California","Plumas County",3,55,248,120,128
050,06,063,"California","Plumas County",3,56,260,121,139
050,06,063,"California","Plumas County",3,57,292,137,155
050,06,063,"California","Plumas County",3,58,323,145,178
050,06,063,"California","Plumas County",3,59,338,178,160
050,06,063,"California","Plumas County",3,60,370,182,188
050,06,063,"California","Plumas County",3,61,373,183,190
050,06,063,"California","Plumas County",3,62,365,162,203
050,06,063,"California","Plumas County",3,63,389,190,199
050,06,063,"California","Plumas County",3,64,430,216,214
050,06,063,"California","Plumas County",3,65,405,191,214
050,06,063,"California","Plumas County",3,66,400,189,211
050,06,063,"California","Plumas County",3,67,411,206,205
050,06,063,"California","Plumas County",3,68,443,239,204
050,06,063,"California","Plumas County",3,69,428,220,208
050,06,063,"California","Plumas County",3,70,375,199,176
050,06,063,"California","Plumas County",3,71,359,198,161
050,06,063,"California","Plumas County",3,72,333,169,164
050,06,063,"California","Plumas County",3,73,338,168,170
050,06,063,"California","Plumas County",3,74,366,191,175
050,06,063,"California","Plumas County",3,75,248,129,119
050,06,063,"California","Plumas County",3,76,243,127,116
050,06,063,"California","Plumas County",3,77,226,112,114
050,06,063,"California","Plumas County",3,78,222,131,91
050,06,063,"California","Plumas County",3,79,183,104,79
050,06,063,"California","Plumas County",3,80,154,75,79
050,06,063,"California","Plumas County",3,81,129,63,66
050,06,063,"California","Plumas County",3,82,127,64,63
050,06,063,"California","Plumas County",3,83,120,58,62
050,06,063,"California","Plumas County",3,84,90,46,44
050,06,063,"California","Plumas County",3,85,466,204,262
050,06,063,"California","Plumas County",4,0,161,79,82
050,06,063,"California","Plumas County",4,1,158,74,84
050,06,063,"California","Plumas County",4,2,144,66,78
050,06,063,"California","Plumas County",4,3,154,85,69
050,06,063,"California","Plumas County",4,4,162,81,81
050,06,063,"California","Plumas County",4,5,202,99,103
050,06,063,"California","Plumas County",4,6,218,105,113
050,06,063,"California","Plumas County",4,7,190,97,93
050,06,063,"California","Plumas County",4,8,181,93,88
050,06,063,"California","Plumas County",4,9,182,87,95
050,06,063,"California","Plumas County",4,10,181,92,89
050,06,063,"California","Plumas County",4,11,156,88,68
050,06,063,"California","Plumas County",4,12,188,105,83
050,06,063,"California","Plumas County",4,13,211,115,96
050,06,063,"California","Plumas County",4,14,223,120,103
050,06,063,"California","Plumas County",4,15,199,108,91
050,06,063,"California","Plumas County",4,16,208,119,89
050,06,063,"California","Plumas County",4,17,206,94,112
050,06,063,"California","Plumas County",4,18,177,90,87
050,06,063,"California","Plumas County",4,19,133,78,55
050,06,063,"California","Plumas County",4,20,128,55,73
050,06,063,"California","Plumas County",4,21,140,76,64
050,06,063,"California","Plumas County",4,22,132,57,75
050,06,063,"California","Plumas County",4,23,138,78,60
050,06,063,"California","Plumas County",4,24,122,70,52
050,06,063,"California","Plumas County",4,25,127,62,65
050,06,063,"California","Plumas County",4,26,136,83,53
050,06,063,"California","Plumas County",4,27,154,73,81
050,06,063,"California","Plumas County",4,28,182,78,104
050,06,063,"California","Plumas County",4,29,180,82,98
050,06,063,"California","Plumas County",4,30,192,91,101
050,06,063,"California","Plumas County",4,31,218,115,103
050,06,063,"California","Plumas County",4,32,185,99,86
050,06,063,"California","Plumas County",4,33,201,95,106
050,06,063,"California","Plumas County",4,34,233,121,112
050,06,063,"California","Plumas County",4,35,216,96,120
050,06,063,"California","Plumas County",4,36,210,111,99
050,06,063,"California","Plumas County",4,37,207,99,108
050,06,063,"California","Plumas County",4,38,209,109,100
050,06,063,"California","Plumas County",4,39,227,114,113
050,06,063,"California","Plumas County",4,40,202,94,108
050,06,063,"California","Plumas County",4,41,207,96,111
050,06,063,"California","Plumas County",4,42,204,97,107
050,06,063,"California","Plumas County",4,43,206,105,101
050,06,063,"California","Plumas County",4,44,203,105,98
050,06,063,"California","Plumas County",4,45,201,92,109
050,06,063,"California","Plumas County",4,46,190,104,86
050,06,063,"California","Plumas County",4,47,182,98,84
050,06,063,"California","Plumas County",4,48,157,87,70
050,06,063,"California","Plumas County",4,49,175,83,92
050,06,063,"California","Plumas County",4,50,184,93,91
050,06,063,"California","Plumas County",4,51,191,112,79
050,06,063,"California","Plumas County",4,52,194,98,96
050,06,063,"California","Plumas County",4,53,198,105,93
050,06,063,"California","Plumas County",4,54,207,104,103
050,06,063,"California","Plumas County",4,55,222,104,118
050,06,063,"California","Plumas County",4,56,247,116,131
050,06,063,"California","Plumas County",4,57,263,123,140
050,06,063,"California","Plumas County",4,58,298,138,160
050,06,063,"California","Plumas County",4,59,315,140,175
050,06,063,"California","Plumas County",4,60,332,179,153
050,06,063,"California","Plumas County",4,61,355,175,180
050,06,063,"California","Plumas County",4,62,379,183,196
050,06,063,"California","Plumas County",4,63,354,160,194
050,06,063,"California","Plumas County",4,64,394,191,203
050,06,063,"California","Plumas County",4,65,426,210,216
050,06,063,"California","Plumas County",4,66,407,193,214
050,06,063,"California","Plumas County",4,67,386,177,209
050,06,063,"California","Plumas County",4,68,404,204,200
050,06,063,"California","Plumas County",4,69,429,233,196
050,06,063,"California","Plumas County",4,70,422,218,204
050,06,063,"California","Plumas County",4,71,370,196,174
050,06,063,"California","Plumas County",4,72,343,188,155
050,06,063,"California","Plumas County",4,73,320,165,155
050,06,063,"California","Plumas County",4,74,320,161,159
050,06,063,"California","Plumas County",4,75,355,186,169
050,06,063,"California","Plumas County",4,76,231,121,110
050,06,063,"California","Plumas County",4,77,224,116,108
050,06,063,"California","Plumas County",4,78,215,108,107
050,06,063,"California","Plumas County",4,79,201,119,82
050,06,063,"California","Plumas County",4,80,173,99,74
050,06,063,"California","Plumas County",4,81,147,71,76
050,06,063,"California","Plumas County",4,82,126,61,65
050,06,063,"California","Plumas County",4,83,110,55,55
050,06,063,"California","Plumas County",4,84,106,51,55
050,06,063,"California","Plumas County",4,85,497,228,269
050,06,063,"California","Plumas County",5,0,145,72,73
050,06,063,"California","Plumas County",5,1,157,75,82
050,06,063,"California","Plumas County",5,2,150,68,82
050,06,063,"California","Plumas County",5,3,149,68,81
050,06,063,"California","Plumas County",5,4,163,88,75
050,06,063,"California","Plumas County",5,5,170,89,81
050,06,063,"California","Plumas County",5,6,209,100,109
050,06,063,"California","Plumas County",5,7,228,104,124
050,06,063,"California","Plumas County",5,8,193,87,106
050,06,063,"California","Plumas County",5,9,178,98,80
050,06,063,"California","Plumas County",5,10,177,82,95
050,06,063,"California","Plumas County",5,11,175,89,86
050,06,063,"California","Plumas County",5,12,157,87,70
050,06,063,"California","Plumas County",5,13,185,101,84
050,06,063,"California","Plumas County",5,14,199,109,90
050,06,063,"California","Plumas County",5,15,217,123,94
050,06,063,"California","Plumas County",5,16,185,100,85
050,06,063,"California","Plumas County",5,17,196,110,86
050,06,063,"California","Plumas County",5,18,175,88,87
050,06,063,"California","Plumas County",5,19,139,76,63
050,06,063,"California","Plumas County",5,20,134,72,62
050,06,063,"California","Plumas County",5,21,126,57,69
050,06,063,"California","Plumas County",5,22,134,72,62
050,06,063,"California","Plumas County",5,23,127,57,70
050,06,063,"California","Plumas County",5,24,131,69,62
050,06,063,"California","Plumas County",5,25,118,65,53
050,06,063,"California","Plumas County",5,26,126,54,72
050,06,063,"California","Plumas County",5,27,134,79,55
050,06,063,"California","Plumas County",5,28,165,78,87
050,06,063,"California","Plumas County",5,29,186,82,104
050,06,063,"California","Plumas County",5,30,186,89,97
050,06,063,"California","Plumas County",5,31,195,86,109
050,06,063,"California","Plumas County",5,32,220,114,106
050,06,063,"California","Plumas County",5,33,177,98,79
050,06,063,"California","Plumas County",5,34,215,101,114
050,06,063,"California","Plumas County",5,35,230,117,113
050,06,063,"California","Plumas County",5,36,215,93,122
050,06,063,"California","Plumas County",5,37,211,105,106
050,06,063,"California","Plumas County",5,38,213,95,118
050,06,063,"California","Plumas County",5,39,195,101,94
050,06,063,"California","Plumas County",5,40,218,108,110
050,06,063,"California","Plumas County",5,41,203,93,110
050,06,063,"California","Plumas County",5,42,214,104,110
050,06,063,"California","Plumas County",5,43,204,100,104
050,06,063,"California","Plumas County",5,44,198,104,94
050,06,063,"California","Plumas County",5,45,206,107,99
050,06,063,"California","Plumas County",5,46,202,94,108
050,06,063,"California","Plumas County",5,47,185,101,84
050,06,063,"California","Plumas County",5,48,181,98,83
050,06,063,"California","Plumas County",5,49,159,85,74
050,06,063,"California","Plumas County",5,50,175,82,93
050,06,063,"California","Plumas County",5,51,178,88,90
050,06,063,"California","Plumas County",5,52,183,106,77
050,06,063,"California","Plumas County",5,53,200,103,97
050,06,063,"California","Plumas County",5,54,201,108,93
050,06,063,"California","Plumas County",5,55,204,103,101
050,06,063,"California","Plumas County",5,56,221,104,117
050,06,063,"California","Plumas County",5,57,246,116,130
050,06,063,"California","Plumas County",5,58,259,115,144
050,06,063,"California","Plumas County",5,59,300,139,161
050,06,063,"California","Plumas County",5,60,315,135,180
050,06,063,"California","Plumas County",5,61,327,183,144
050,06,063,"California","Plumas County",5,62,343,176,167
050,06,063,"California","Plumas County",5,63,377,179,198
050,06,063,"California","Plumas County",5,64,341,157,184
050,06,063,"California","Plumas County",5,65,391,189,202
050,06,063,"California","Plumas County",5,66,423,210,213
050,06,063,"California","Plumas County",5,67,401,189,212
050,06,063,"California","Plumas County",5,68,380,171,209
050,06,063,"California","Plumas County",5,69,387,197,190
050,06,063,"California","Plumas County",5,70,413,226,187
050,06,063,"California","Plumas County",5,71,396,199,197
050,06,063,"California","Plumas County",5,72,360,187,173
050,06,063,"California","Plumas County",5,73,332,187,145
050,06,063,"California","Plumas County",5,74,314,163,151
050,06,063,"California","Plumas County",5,75,305,156,149
050,06,063,"California","Plumas County",5,76,347,178,169
050,06,063,"California","Plumas County",5,77,221,116,105
050,06,063,"California","Plumas County",5,78,215,111,104
050,06,063,"California","Plumas County",5,79,209,101,108
050,06,063,"California","Plumas County",5,80,191,113,78
050,06,063,"California","Plumas County",5,81,163,93,70
050,06,063,"California","Plumas County",5,82,136,66,70
050,06,063,"California","Plumas County",5,83,105,47,58
050,06,063,"California","Plumas County",5,84,104,52,52
050,06,063,"California","Plumas County",5,85,513,242,271
050,06,065,"California","Riverside County",1,0,26990,13786,13204
050,06,065,"California","Riverside County",1,1,28016,14441,13575
050,06,065,"California","Riverside County",1,2,29297,15023,14274
050,06,065,"California","Riverside County",1,3,30996,15919,15077
050,06,065,"California","Riverside County",1,4,31693,16237,15456
050,06,065,"California","Riverside County",1,5,32381,16471,15910
050,06,065,"California","Riverside County",1,6,32317,16380,15937
050,06,065,"California","Riverside County",1,7,32705,16665,16040
050,06,065,"California","Riverside County",1,8,33125,17000,16125
050,06,065,"California","Riverside County",1,9,33955,17504,16451
050,06,065,"California","Riverside County",1,10,34490,17762,16728
050,06,065,"California","Riverside County",1,11,35799,18382,17417
050,06,065,"California","Riverside County",1,12,37531,19325,18206
050,06,065,"California","Riverside County",1,13,37533,19107,18426
050,06,065,"California","Riverside County",1,14,36269,18520,17749
050,06,065,"California","Riverside County",1,15,35871,18366,17505
050,06,065,"California","Riverside County",1,16,36140,18374,17766
050,06,065,"California","Riverside County",1,17,35573,18076,17497
050,06,065,"California","Riverside County",1,18,34652,17684,16968
050,06,065,"California","Riverside County",1,19,32366,16505,15861
050,06,065,"California","Riverside County",1,20,31504,15989,15515
050,06,065,"California","Riverside County",1,21,31489,15927,15562
050,06,065,"California","Riverside County",1,22,31550,16010,15540
050,06,065,"California","Riverside County",1,23,31884,16243,15641
050,06,065,"California","Riverside County",1,24,32383,16595,15788
050,06,065,"California","Riverside County",1,25,32870,16889,15981
050,06,065,"California","Riverside County",1,26,33315,17170,16145
050,06,065,"California","Riverside County",1,27,33029,16978,16051
050,06,065,"California","Riverside County",1,28,33661,17204,16457
050,06,065,"California","Riverside County",1,29,34811,17985,16826
050,06,065,"California","Riverside County",1,30,34270,17373,16897
050,06,065,"California","Riverside County",1,31,33217,16936,16281
050,06,065,"California","Riverside County",1,32,32617,16613,16004
050,06,065,"California","Riverside County",1,33,32298,16736,15562
050,06,065,"California","Riverside County",1,34,32643,16887,15756
050,06,065,"California","Riverside County",1,35,32754,16686,16068
050,06,065,"California","Riverside County",1,36,32786,16833,15953
050,06,065,"California","Riverside County",1,37,33486,17173,16313
050,06,065,"California","Riverside County",1,38,33180,16850,16330
050,06,065,"California","Riverside County",1,39,33145,16753,16392
050,06,065,"California","Riverside County",1,40,32054,16141,15913
050,06,065,"California","Riverside County",1,41,30905,15553,15352
050,06,065,"California","Riverside County",1,42,30478,15403,15075
050,06,065,"California","Riverside County",1,43,29993,15033,14960
050,06,065,"California","Riverside County",1,44,29757,14787,14970
050,06,065,"California","Riverside County",1,45,29454,14718,14736
050,06,065,"California","Riverside County",1,46,28752,14413,14339
050,06,065,"California","Riverside County",1,47,28948,14425,14523
050,06,065,"California","Riverside County",1,48,30050,15156,14894
050,06,065,"California","Riverside County",1,49,31417,15837,15580
050,06,065,"California","Riverside County",1,50,30963,15683,15280
050,06,065,"California","Riverside County",1,51,29908,15188,14720
050,06,065,"California","Riverside County",1,52,29079,14874,14205
050,06,065,"California","Riverside County",1,53,28898,14785,14113
050,06,065,"California","Riverside County",1,54,29302,14992,14310
050,06,065,"California","Riverside County",1,55,30118,15296,14822
050,06,065,"California","Riverside County",1,56,30231,15261,14970
050,06,065,"California","Riverside County",1,57,29694,14878,14816
050,06,065,"California","Riverside County",1,58,29579,14907,14672
050,06,065,"California","Riverside County",1,59,29452,14841,14611
050,06,065,"California","Riverside County",1,60,28784,14545,14239
050,06,065,"California","Riverside County",1,61,27763,13937,13826
050,06,065,"California","Riverside County",1,62,27523,13784,13739
050,06,065,"California","Riverside County",1,63,26394,13159,13235
050,06,065,"California","Riverside County",1,64,25349,12557,12792
050,06,065,"California","Riverside County",1,65,24775,12075,12700
050,06,065,"California","Riverside County",1,66,23662,11464,12198
050,06,065,"California","Riverside County",1,67,22585,10759,11826
050,06,065,"California","Riverside County",1,68,21609,10266,11343
050,06,065,"California","Riverside County",1,69,20543,9756,10787
050,06,065,"California","Riverside County",1,70,20263,9510,10753
050,06,065,"California","Riverside County",1,71,19730,9271,10459
050,06,065,"California","Riverside County",1,72,19825,9379,10446
050,06,065,"California","Riverside County",1,73,20095,9599,10496
050,06,065,"California","Riverside County",1,74,15117,7076,8041
050,06,065,"California","Riverside County",1,75,15105,7006,8099
050,06,065,"California","Riverside County",1,76,14532,6673,7859
050,06,065,"California","Riverside County",1,77,14085,6386,7699
050,06,065,"California","Riverside County",1,78,12008,5481,6527
050,06,065,"California","Riverside County",1,79,10929,4941,5988
050,06,065,"California","Riverside County",1,80,10320,4676,5644
050,06,065,"California","Riverside County",1,81,9575,4348,5227
050,06,065,"California","Riverside County",1,82,8741,3895,4846
050,06,065,"California","Riverside County",1,83,7871,3551,4320
050,06,065,"California","Riverside County",1,84,7195,3264,3931
050,06,065,"California","Riverside County",1,85,40181,16324,23857
050,06,065,"California","Riverside County",2,0,26826,13796,13030
050,06,065,"California","Riverside County",2,1,27959,14377,13582
050,06,065,"California","Riverside County",2,2,29107,14938,14169
050,06,065,"California","Riverside County",2,3,30625,15704,14921
050,06,065,"California","Riverside County",2,4,31697,16242,15455
050,06,065,"California","Riverside County",2,5,32310,16467,15843
050,06,065,"California","Riverside County",2,6,32432,16462,15970
050,06,065,"California","Riverside County",2,7,32660,16620,16040
050,06,065,"California","Riverside County",2,8,32990,16886,16104
050,06,065,"California","Riverside County",2,9,33780,17403,16377
050,06,065,"California","Riverside County",2,10,34437,17732,16705
050,06,065,"California","Riverside County",2,11,35392,18187,17205
050,06,065,"California","Riverside County",2,12,37353,19219,18134
050,06,065,"California","Riverside County",2,13,37535,19170,18365
050,06,065,"California","Riverside County",2,14,36621,18689,17932
050,06,065,"California","Riverside County",2,15,36048,18439,17609
050,06,065,"California","Riverside County",2,16,36152,18408,17744
050,06,065,"California","Riverside County",2,17,35707,18144,17563
050,06,065,"California","Riverside County",2,18,34621,17654,16967
050,06,065,"California","Riverside County",2,19,32346,16490,15856
050,06,065,"California","Riverside County",2,20,31881,16159,15722
050,06,065,"California","Riverside County",2,21,31475,15927,15548
050,06,065,"California","Riverside County",2,22,31619,16032,15587
050,06,065,"California","Riverside County",2,23,31935,16246,15689
050,06,065,"California","Riverside County",2,24,32244,16500,15744
050,06,065,"California","Riverside County",2,25,32847,16875,15972
050,06,065,"California","Riverside County",2,26,33303,17155,16148
050,06,065,"California","Riverside County",2,27,33021,16969,16052
050,06,065,"California","Riverside County",2,28,33639,17199,16440
050,06,065,"California","Riverside County",2,29,34542,17759,16783
050,06,065,"California","Riverside County",2,30,34635,17620,17015
050,06,065,"California","Riverside County",2,31,33384,16982,16402
050,06,065,"California","Riverside County",2,32,32837,16727,16110
050,06,065,"California","Riverside County",2,33,32454,16743,15711
050,06,065,"California","Riverside County",2,34,32653,16890,15763
050,06,065,"California","Riverside County",2,35,32924,16841,16083
050,06,065,"California","Riverside County",2,36,32741,16774,15967
050,06,065,"California","Riverside County",2,37,33379,17109,16270
050,06,065,"California","Riverside County",2,38,33488,17048,16440
050,06,065,"California","Riverside County",2,39,33026,16692,16334
050,06,065,"California","Riverside County",2,40,32593,16418,16175
050,06,065,"California","Riverside County",2,41,31135,15650,15485
050,06,065,"California","Riverside County",2,42,30526,15426,15100
050,06,065,"California","Riverside County",2,43,30217,15134,15083
050,06,065,"California","Riverside County",2,44,29681,14789,14892
050,06,065,"California","Riverside County",2,45,29607,14754,14853
050,06,065,"California","Riverside County",2,46,28902,14459,14443
050,06,065,"California","Riverside County",2,47,28871,14387,14484
050,06,065,"California","Riverside County",2,48,29859,15021,14838
050,06,065,"California","Riverside County",2,49,31174,15703,15471
050,06,065,"California","Riverside County",2,50,31065,15725,15340
050,06,065,"California","Riverside County",2,51,30040,15225,14815
050,06,065,"California","Riverside County",2,52,29287,14943,14344
050,06,065,"California","Riverside County",2,53,28876,14776,14100
050,06,065,"California","Riverside County",2,54,29174,14931,14243
050,06,065,"California","Riverside County",2,55,29974,15240,14734
050,06,065,"California","Riverside County",2,56,30240,15262,14978
050,06,065,"California","Riverside County",2,57,29807,14963,14844
050,06,065,"California","Riverside County",2,58,29656,14915,14741
050,06,065,"California","Riverside County",2,59,29433,14818,14615
050,06,065,"California","Riverside County",2,60,29051,14660,14391
050,06,065,"California","Riverside County",2,61,27913,14019,13894
050,06,065,"California","Riverside County",2,62,27463,13756,13707
050,06,065,"California","Riverside County",2,63,26765,13344,13421
050,06,065,"California","Riverside County",2,64,25450,12628,12822
050,06,065,"California","Riverside County",2,65,24944,12202,12742
050,06,065,"California","Riverside County",2,66,23962,11612,12350
050,06,065,"California","Riverside County",2,67,22769,10885,11884
050,06,065,"California","Riverside County",2,68,21722,10311,11411
050,06,065,"California","Riverside County",2,69,20867,9915,10952
050,06,065,"California","Riverside County",2,70,20304,9540,10764
050,06,065,"California","Riverside County",2,71,19802,9303,10499
050,06,065,"California","Riverside County",2,72,19543,9229,10314
050,06,065,"California","Riverside County",2,73,20743,9886,10857
050,06,065,"California","Riverside County",2,74,15474,7266,8208
050,06,065,"California","Riverside County",2,75,15095,7014,8081
050,06,065,"California","Riverside County",2,76,14478,6648,7830
050,06,065,"California","Riverside County",2,77,14313,6503,7810
050,06,065,"California","Riverside County",2,78,12201,5542,6659
050,06,065,"California","Riverside County",2,79,11018,4977,6041
050,06,065,"California","Riverside County",2,80,10382,4701,5681
050,06,065,"California","Riverside County",2,81,9602,4361,5241
050,06,065,"California","Riverside County",2,82,8872,3945,4927
050,06,065,"California","Riverside County",2,83,7909,3554,4355
050,06,065,"California","Riverside County",2,84,7184,3256,3928
050,06,065,"California","Riverside County",2,85,40425,16477,23948
050,06,065,"California","Riverside County",3,0,26924,13690,13234
050,06,065,"California","Riverside County",3,1,28046,14402,13644
050,06,065,"California","Riverside County",3,2,28889,14833,14056
050,06,065,"California","Riverside County",3,3,29939,15356,14583
050,06,065,"California","Riverside County",3,4,31369,16065,15304
050,06,065,"California","Riverside County",3,5,32428,16624,15804
050,06,065,"California","Riverside County",3,6,33106,16878,16228
050,06,065,"California","Riverside County",3,7,33100,16823,16277
050,06,065,"California","Riverside County",3,8,33286,16931,16355
050,06,065,"California","Riverside County",3,9,33455,17107,16348
050,06,065,"California","Riverside County",3,10,34299,17702,16597
050,06,065,"California","Riverside County",3,11,34970,17998,16972
050,06,065,"California","Riverside County",3,12,35831,18342,17489
050,06,065,"California","Riverside County",3,13,37750,19480,18270
050,06,065,"California","Riverside County",3,14,37817,19308,18509
050,06,065,"California","Riverside County",3,15,36998,18867,18131
050,06,065,"California","Riverside County",3,16,36390,18627,17763
050,06,065,"California","Riverside County",3,17,36304,18521,17783
050,06,065,"California","Riverside County",3,18,34180,17429,16751
050,06,065,"California","Riverside County",3,19,30713,15725,14988
050,06,065,"California","Riverside County",3,20,31658,16119,15539
050,06,065,"California","Riverside County",3,21,32082,16279,15803
050,06,065,"California","Riverside County",3,22,32156,16304,15852
050,06,065,"California","Riverside County",3,23,32467,16521,15946
050,06,065,"California","Riverside County",3,24,32395,16538,15857
050,06,065,"California","Riverside County",3,25,32887,16896,15991
050,06,065,"California","Riverside County",3,26,33369,17097,16272
050,06,065,"California","Riverside County",3,27,33850,17355,16495
050,06,065,"California","Riverside County",3,28,33637,17219,16418
050,06,065,"California","Riverside County",3,29,34563,17633,16930
050,06,065,"California","Riverside County",3,30,35385,18112,17273
050,06,065,"California","Riverside County",3,31,35671,18160,17511
050,06,065,"California","Riverside County",3,32,34158,17419,16739
050,06,065,"California","Riverside County",3,33,33842,17221,16621
050,06,065,"California","Riverside County",3,34,33058,17030,16028
050,06,065,"California","Riverside County",3,35,33631,17370,16261
050,06,065,"California","Riverside County",3,36,33723,17325,16398
050,06,065,"California","Riverside County",3,37,33412,17114,16298
050,06,065,"California","Riverside County",3,38,34182,17525,16657
050,06,065,"California","Riverside County",3,39,34252,17463,16789
050,06,065,"California","Riverside County",3,40,33633,16981,16652
050,06,065,"California","Riverside County",3,41,33164,16735,16429
050,06,065,"California","Riverside County",3,42,31674,15998,15676
050,06,065,"California","Riverside County",3,43,30756,15503,15253
050,06,065,"California","Riverside County",3,44,30747,15484,15263
050,06,065,"California","Riverside County",3,45,29993,14950,15043
050,06,065,"California","Riverside County",3,46,29790,14777,15013
050,06,065,"California","Riverside County",3,47,29057,14511,14546
050,06,065,"California","Riverside County",3,48,29112,14550,14562
050,06,065,"California","Riverside County",3,49,30076,15059,15017
050,06,065,"California","Riverside County",3,50,31321,15817,15504
050,06,065,"California","Riverside County",3,51,31148,15705,15443
050,06,065,"California","Riverside County",3,52,29997,15069,14928
050,06,065,"California","Riverside County",3,53,29339,14982,14357
050,06,065,"California","Riverside County",3,54,28911,14731,14180
050,06,065,"California","Riverside County",3,55,29369,15008,14361
050,06,065,"California","Riverside County",3,56,29863,15127,14736
050,06,065,"California","Riverside County",3,57,30280,15271,15009
050,06,065,"California","Riverside County",3,58,29763,14966,14797
050,06,065,"California","Riverside County",3,59,29431,14783,14648
050,06,065,"California","Riverside County",3,60,29452,14816,14636
050,06,065,"California","Riverside County",3,61,28838,14533,14305
050,06,065,"California","Riverside County",3,62,27763,13926,13837
050,06,065,"California","Riverside County",3,63,27258,13569,13689
050,06,065,"California","Riverside County",3,64,26447,13149,13298
050,06,065,"California","Riverside County",3,65,25285,12467,12818
050,06,065,"California","Riverside County",3,66,24577,11954,12623
050,06,065,"California","Riverside County",3,67,23572,11342,12230
050,06,065,"California","Riverside County",3,68,22363,10612,11751
050,06,065,"California","Riverside County",3,69,21408,10178,11230
050,06,065,"California","Riverside County",3,70,20496,9702,10794
050,06,065,"California","Riverside County",3,71,19925,9309,10616
050,06,065,"California","Riverside County",3,72,19396,9085,10311
050,06,065,"California","Riverside County",3,73,19017,8901,10116
050,06,065,"California","Riverside County",3,74,20106,9504,10602
050,06,065,"California","Riverside County",3,75,14884,6920,7964
050,06,065,"California","Riverside County",3,76,14542,6714,7828
050,06,065,"California","Riverside County",3,77,13963,6362,7601
050,06,065,"California","Riverside County",3,78,13681,6161,7520
050,06,065,"California","Riverside County",3,79,11645,5195,6450
050,06,065,"California","Riverside County",3,80,10543,4743,5800
050,06,065,"California","Riverside County",3,81,9783,4355,5428
050,06,065,"California","Riverside County",3,82,8984,4004,4980
050,06,065,"California","Riverside County",3,83,8214,3661,4553
050,06,065,"California","Riverside County",3,84,7182,3173,4009
050,06,065,"California","Riverside County",3,85,40479,16595,23884
050,06,065,"California","Riverside County",4,0,27697,14097,13600
050,06,065,"California","Riverside County",4,1,27396,13909,13487
050,06,065,"California","Riverside County",4,2,28646,14666,13980
050,06,065,"California","Riverside County",4,3,29270,14988,14282
050,06,065,"California","Riverside County",4,4,30319,15589,14730
050,06,065,"California","Riverside County",4,5,31863,16314,15549
050,06,065,"California","Riverside County",4,6,32788,16767,16021
050,06,065,"California","Riverside County",4,7,33516,17077,16439
050,06,065,"California","Riverside County",4,8,33313,16851,16462
050,06,065,"California","Riverside County",4,9,33611,17108,16503
050,06,065,"California","Riverside County",4,10,33696,17306,16390
050,06,065,"California","Riverside County",4,11,34580,17791,16789
050,06,065,"California","Riverside County",4,12,35250,18082,17168
050,06,065,"California","Riverside County",4,13,36034,18537,17497
050,06,065,"California","Riverside County",4,14,38021,19596,18425
050,06,065,"California","Riverside County",4,15,37956,19382,18574
050,06,065,"California","Riverside County",4,16,37101,18935,18166
050,06,065,"California","Riverside County",4,17,36440,18583,17857
050,06,065,"California","Riverside County",4,18,36069,18426,17643
050,06,065,"California","Riverside County",4,19,32890,16771,16119
050,06,065,"California","Riverside County",4,20,31804,16141,15663
050,06,065,"California","Riverside County",4,21,32366,16377,15989
050,06,065,"California","Riverside County",4,22,32738,16639,16099
050,06,065,"California","Riverside County",4,23,32583,16574,16009
050,06,065,"California","Riverside County",4,24,32378,16558,15820
050,06,065,"California","Riverside County",4,25,32359,16609,15750
050,06,065,"California","Riverside County",4,26,32867,16915,15952
050,06,065,"California","Riverside County",4,27,33220,16990,16230
050,06,065,"California","Riverside County",4,28,33746,17247,16499
050,06,065,"California","Riverside County",4,29,33817,17348,16469
050,06,065,"California","Riverside County",4,30,34703,17627,17076
050,06,065,"California","Riverside County",4,31,35690,18241,17449
050,06,065,"California","Riverside County",4,32,36157,18312,17845
050,06,065,"California","Riverside County",4,33,34699,17665,17034
050,06,065,"California","Riverside County",4,34,34275,17479,16796
050,06,065,"California","Riverside County",4,35,33439,17266,16173
050,06,065,"California","Riverside County",4,36,34172,17677,16495
050,06,065,"California","Riverside County",4,37,33975,17412,16563
050,06,065,"California","Riverside County",4,38,33999,17419,16580
050,06,065,"California","Riverside County",4,39,34676,17849,16827
050,06,065,"California","Riverside County",4,40,34531,17579,16952
050,06,065,"California","Riverside County",4,41,34098,17310,16788
050,06,065,"California","Riverside County",4,42,33423,16956,16467
050,06,065,"California","Riverside County",4,43,31832,16023,15809
050,06,065,"California","Riverside County",4,44,31005,15670,15335
050,06,065,"California","Riverside County",4,45,30851,15558,15293
050,06,065,"California","Riverside County",4,46,30074,15022,15052
050,06,065,"California","Riverside County",4,47,29872,14815,15057
050,06,065,"California","Riverside County",4,48,29129,14612,14517
050,06,065,"California","Riverside County",4,49,29096,14531,14565
050,06,065,"California","Riverside County",4,50,30076,15102,14974
050,06,065,"California","Riverside County",4,51,31210,15723,15487
050,06,065,"California","Riverside County",4,52,30986,15613,15373
050,06,065,"California","Riverside County",4,53,29961,15060,14901
050,06,065,"California","Riverside County",4,54,29222,14891,14331
050,06,065,"California","Riverside County",4,55,28868,14696,14172
050,06,065,"California","Riverside County",4,56,29037,14757,14280
050,06,065,"California","Riverside County",4,57,29474,14917,14557
050,06,065,"California","Riverside County",4,58,30056,15142,14914
050,06,065,"California","Riverside County",4,59,29515,14798,14717
050,06,065,"California","Riverside County",4,60,29320,14707,14613
050,06,065,"California","Riverside County",4,61,29062,14595,14467
050,06,065,"California","Riverside County",4,62,28590,14407,14183
050,06,065,"California","Riverside County",4,63,27372,13687,13685
050,06,065,"California","Riverside County",4,64,26966,13420,13546
050,06,065,"California","Riverside County",4,65,26227,12988,13239
050,06,065,"California","Riverside County",4,66,25114,12335,12779
050,06,065,"California","Riverside County",4,67,24213,11735,12478
050,06,065,"California","Riverside County",4,68,23200,11069,12131
050,06,065,"California","Riverside County",4,69,21986,10431,11555
050,06,065,"California","Riverside County",4,70,21103,10002,11101
050,06,065,"California","Riverside County",4,71,20238,9593,10645
050,06,065,"California","Riverside County",4,72,19492,9095,10397
050,06,065,"California","Riverside County",4,73,18913,8756,10157
050,06,065,"California","Riverside County",4,74,18550,8645,9905
050,06,065,"California","Riverside County",4,75,19495,9181,10314
050,06,065,"California","Riverside County",4,76,14469,6721,7748
050,06,065,"California","Riverside County",4,77,14082,6473,7609
050,06,065,"California","Riverside County",4,78,13404,6073,7331
050,06,065,"California","Riverside County",4,79,13064,5792,7272
050,06,065,"California","Riverside County",4,80,11110,4981,6129
050,06,065,"California","Riverside County",4,81,9880,4410,5470
050,06,065,"California","Riverside County",4,82,9180,4020,5160
050,06,065,"California","Riverside County",4,83,8369,3727,4642
050,06,065,"California","Riverside County",4,84,7493,3267,4226
050,06,065,"California","Riverside County",4,85,40914,16795,24119
050,06,065,"California","Riverside County",5,0,27403,13947,13456
050,06,065,"California","Riverside County",5,1,28364,14572,13792
050,06,065,"California","Riverside County",5,2,27869,14089,13780
050,06,065,"California","Riverside County",5,3,29077,14917,14160
050,06,065,"California","Riverside County",5,4,29591,15073,14518
050,06,065,"California","Riverside County",5,5,30633,15705,14928
050,06,065,"California","Riverside County",5,6,32175,16391,15784
050,06,065,"California","Riverside County",5,7,33183,16949,16234
050,06,065,"California","Riverside County",5,8,33840,17300,16540
050,06,065,"California","Riverside County",5,9,33547,16966,16581
050,06,065,"California","Riverside County",5,10,33817,17213,16604
050,06,065,"California","Riverside County",5,11,34088,17495,16593
050,06,065,"California","Riverside County",5,12,34782,17811,16971
050,06,065,"California","Riverside County",5,13,35283,18174,17109
050,06,065,"California","Riverside County",5,14,36137,18558,17579
050,06,065,"California","Riverside County",5,15,38172,19652,18520
050,06,065,"California","Riverside County",5,16,38077,19449,18628
050,06,065,"California","Riverside County",5,17,37223,18957,18266
050,06,065,"California","Riverside County",5,18,36248,18486,17762
050,06,065,"California","Riverside County",5,19,33368,17112,16256
050,06,065,"California","Riverside County",5,20,32483,16451,16032
050,06,065,"California","Riverside County",5,21,31975,16186,15789
050,06,065,"California","Riverside County",5,22,32737,16644,16093
050,06,065,"California","Riverside County",5,23,32971,16821,16150
050,06,065,"California","Riverside County",5,24,32604,16652,15952
050,06,065,"California","Riverside County",5,25,32331,16615,15716
050,06,065,"California","Riverside County",5,26,32189,16513,15676
050,06,065,"California","Riverside County",5,27,32764,16804,15960
050,06,065,"California","Riverside County",5,28,33145,16821,16324
050,06,065,"California","Riverside County",5,29,34015,17375,16640
050,06,065,"California","Riverside County",5,30,34095,17451,16644
050,06,065,"California","Riverside County",5,31,35164,17878,17286
050,06,065,"California","Riverside County",5,32,36129,18494,17635
050,06,065,"California","Riverside County",5,33,36762,18673,18089
050,06,065,"California","Riverside County",5,34,34942,17822,17120
050,06,065,"California","Riverside County",5,35,34679,17730,16949
050,06,065,"California","Riverside County",5,36,34018,17570,16448
050,06,065,"California","Riverside County",5,37,34463,17773,16690
050,06,065,"California","Riverside County",5,38,34582,17802,16780
050,06,065,"California","Riverside County",5,39,34462,17744,16718
050,06,065,"California","Riverside County",5,40,34881,17954,16927
050,06,065,"California","Riverside County",5,41,34925,17908,17017
050,06,065,"California","Riverside County",5,42,34373,17490,16883
050,06,065,"California","Riverside County",5,43,33629,17054,16575
050,06,065,"California","Riverside County",5,44,32032,16189,15843
050,06,065,"California","Riverside County",5,45,31157,15752,15405
050,06,065,"California","Riverside County",5,46,30884,15568,15316
050,06,065,"California","Riverside County",5,47,30197,15070,15127
050,06,065,"California","Riverside County",5,48,30054,14922,15132
050,06,065,"California","Riverside County",5,49,29148,14591,14557
050,06,065,"California","Riverside County",5,50,29207,14630,14577
050,06,065,"California","Riverside County",5,51,29998,14986,15012
050,06,065,"California","Riverside County",5,52,31062,15641,15421
050,06,065,"California","Riverside County",5,53,30958,15673,15285
050,06,065,"California","Riverside County",5,54,29831,15020,14811
050,06,065,"California","Riverside County",5,55,29206,14843,14363
050,06,065,"California","Riverside County",5,56,28621,14476,14145
050,06,065,"California","Riverside County",5,57,28870,14675,14195
050,06,065,"California","Riverside County",5,58,29351,14874,14477
050,06,065,"California","Riverside County",5,59,29908,15076,14832
050,06,065,"California","Riverside County",5,60,29359,14706,14653
050,06,065,"California","Riverside County",5,61,29058,14553,14505
050,06,065,"California","Riverside County",5,62,28849,14467,14382
050,06,065,"California","Riverside County",5,63,28203,14134,14069
050,06,065,"California","Riverside County",5,64,27020,13541,13479
050,06,065,"California","Riverside County",5,65,26695,13265,13430
050,06,065,"California","Riverside County",5,66,26010,12850,13160
050,06,065,"California","Riverside County",5,67,24791,12112,12679
050,06,065,"California","Riverside County",5,68,23910,11540,12370
050,06,065,"California","Riverside County",5,69,22884,10911,11973
050,06,065,"California","Riverside County",5,70,21656,10228,11428
050,06,065,"California","Riverside County",5,71,20773,9815,10958
050,06,065,"California","Riverside County",5,72,19815,9366,10449
050,06,065,"California","Riverside County",5,73,19187,8907,10280
050,06,065,"California","Riverside County",5,74,18394,8483,9911
050,06,065,"California","Riverside County",5,75,18044,8350,9694
050,06,065,"California","Riverside County",5,76,18935,8892,10043
050,06,065,"California","Riverside County",5,77,14053,6510,7543
050,06,065,"California","Riverside County",5,78,13601,6225,7376
050,06,065,"California","Riverside County",5,79,12838,5759,7079
050,06,065,"California","Riverside County",5,80,12570,5609,6961
050,06,065,"California","Riverside County",5,81,10505,4666,5839
050,06,065,"California","Riverside County",5,82,9283,4090,5193
050,06,065,"California","Riverside County",5,83,8620,3768,4852
050,06,065,"California","Riverside County",5,84,7684,3373,4311
050,06,065,"California","Riverside County",5,85,42026,17314,24712
050,06,067,"California","Sacramento County",1,0,18989,9725,9264
050,06,067,"California","Sacramento County",1,1,19203,9938,9265
050,06,067,"California","Sacramento County",1,2,19447,10083,9364
050,06,067,"California","Sacramento County",1,3,19954,10186,9768
050,06,067,"California","Sacramento County",1,4,20291,10397,9894
050,06,067,"California","Sacramento County",1,5,20542,10461,10081
050,06,067,"California","Sacramento County",1,6,20384,10405,9979
050,06,067,"California","Sacramento County",1,7,20524,10478,10046
050,06,067,"California","Sacramento County",1,8,20415,10433,9982
050,06,067,"California","Sacramento County",1,9,20734,10629,10105
050,06,067,"California","Sacramento County",1,10,20870,10746,10124
050,06,067,"California","Sacramento County",1,11,21430,11054,10376
050,06,067,"California","Sacramento County",1,12,22233,11458,10775
050,06,067,"California","Sacramento County",1,13,22060,11318,10742
050,06,067,"California","Sacramento County",1,14,21590,11118,10472
050,06,067,"California","Sacramento County",1,15,21128,10747,10381
050,06,067,"California","Sacramento County",1,16,20960,10588,10372
050,06,067,"California","Sacramento County",1,17,20607,10309,10298
050,06,067,"California","Sacramento County",1,18,19254,9916,9338
050,06,067,"California","Sacramento County",1,19,17383,9074,8309
050,06,067,"California","Sacramento County",1,20,17308,8994,8314
050,06,067,"California","Sacramento County",1,21,17681,8991,8690
050,06,067,"California","Sacramento County",1,22,18774,9326,9448
050,06,067,"California","Sacramento County",1,23,20085,10078,10007
050,06,067,"California","Sacramento County",1,24,21192,10679,10513
050,06,067,"California","Sacramento County",1,25,22070,11093,10977
050,06,067,"California","Sacramento County",1,26,22938,11495,11443
050,06,067,"California","Sacramento County",1,27,23873,11947,11926
050,06,067,"California","Sacramento County",1,28,25443,12691,12752
050,06,067,"California","Sacramento County",1,29,26412,13195,13217
050,06,067,"California","Sacramento County",1,30,26236,13123,13113
050,06,067,"California","Sacramento County",1,31,25614,12770,12844
050,06,067,"California","Sacramento County",1,32,24831,12638,12193
050,06,067,"California","Sacramento County",1,33,24536,12486,12050
050,06,067,"California","Sacramento County",1,34,24223,12180,12043
050,06,067,"California","Sacramento County",1,35,23974,11952,12022
050,06,067,"California","Sacramento County",1,36,23436,11760,11676
050,06,067,"California","Sacramento County",1,37,23788,12137,11651
050,06,067,"California","Sacramento County",1,38,23303,11808,11495
050,06,067,"California","Sacramento County",1,39,22518,11380,11138
050,06,067,"California","Sacramento County",1,40,21958,11041,10917
050,06,067,"California","Sacramento County",1,41,21065,10532,10533
050,06,067,"California","Sacramento County",1,42,20157,10021,10136
050,06,067,"California","Sacramento County",1,43,19563,9760,9803
050,06,067,"California","Sacramento County",1,44,19401,9663,9738
050,06,067,"California","Sacramento County",1,45,19352,9590,9762
050,06,067,"California","Sacramento County",1,46,18973,9420,9553
050,06,067,"California","Sacramento County",1,47,19049,9440,9609
050,06,067,"California","Sacramento County",1,48,19827,9788,10039
050,06,067,"California","Sacramento County",1,49,20800,10230,10570
050,06,067,"California","Sacramento County",1,50,20484,10209,10275
050,06,067,"California","Sacramento County",1,51,19531,9791,9740
050,06,067,"California","Sacramento County",1,52,18902,9374,9528
050,06,067,"California","Sacramento County",1,53,18897,9350,9547
050,06,067,"California","Sacramento County",1,54,19238,9510,9728
050,06,067,"California","Sacramento County",1,55,19977,9832,10145
050,06,067,"California","Sacramento County",1,56,20160,9868,10292
050,06,067,"California","Sacramento County",1,57,20045,9717,10328
050,06,067,"California","Sacramento County",1,58,20241,9948,10293
050,06,067,"California","Sacramento County",1,59,20113,9714,10399
050,06,067,"California","Sacramento County",1,60,19721,9509,10212
050,06,067,"California","Sacramento County",1,61,19000,9166,9834
050,06,067,"California","Sacramento County",1,62,18710,8959,9751
050,06,067,"California","Sacramento County",1,63,18015,8542,9473
050,06,067,"California","Sacramento County",1,64,17388,8174,9214
050,06,067,"California","Sacramento County",1,65,17059,7949,9110
050,06,067,"California","Sacramento County",1,66,16192,7520,8672
050,06,067,"California","Sacramento County",1,67,15644,7220,8424
050,06,067,"California","Sacramento County",1,68,14856,6769,8087
050,06,067,"California","Sacramento County",1,69,13810,6302,7508
050,06,067,"California","Sacramento County",1,70,13522,6212,7310
050,06,067,"California","Sacramento County",1,71,13086,5925,7161
050,06,067,"California","Sacramento County",1,72,12910,5909,7001
050,06,067,"California","Sacramento County",1,73,12509,5676,6833
050,06,067,"California","Sacramento County",1,74,9037,4004,5033
050,06,067,"California","Sacramento County",1,75,8684,3894,4790
050,06,067,"California","Sacramento County",1,76,8308,3666,4642
050,06,067,"California","Sacramento County",1,77,8025,3485,4540
050,06,067,"California","Sacramento County",1,78,6918,2925,3993
050,06,067,"California","Sacramento County",1,79,6302,2646,3656
050,06,067,"California","Sacramento County",1,80,5762,2413,3349
050,06,067,"California","Sacramento County",1,81,5398,2255,3143
050,06,067,"California","Sacramento County",1,82,5002,2081,2921
050,06,067,"California","Sacramento County",1,83,4572,1875,2697
050,06,067,"California","Sacramento County",1,84,4193,1687,2506
050,06,067,"California","Sacramento County",1,85,26456,9718,16738
050,06,067,"California","Sacramento County",2,0,18773,9606,9167
050,06,067,"California","Sacramento County",2,1,19133,9873,9260
050,06,067,"California","Sacramento County",2,2,19392,10046,9346
050,06,067,"California","Sacramento County",2,3,19776,10136,9640
050,06,067,"California","Sacramento County",2,4,20244,10368,9876
050,06,067,"California","Sacramento County",2,5,20497,10453,10044
050,06,067,"California","Sacramento County",2,6,20443,10428,10015
050,06,067,"California","Sacramento County",2,7,20469,10445,10024
050,06,067,"California","Sacramento County",2,8,20368,10402,9966
050,06,067,"California","Sacramento County",2,9,20626,10576,10050
050,06,067,"California","Sacramento County",2,10,20828,10705,10123
050,06,067,"California","Sacramento County",2,11,21193,10922,10271
050,06,067,"California","Sacramento County",2,12,22127,11403,10724
050,06,067,"California","Sacramento County",2,13,22065,11342,10723
050,06,067,"California","Sacramento County",2,14,21696,11172,10524
050,06,067,"California","Sacramento County",2,15,21238,10834,10404
050,06,067,"California","Sacramento County",2,16,21044,10648,10396
050,06,067,"California","Sacramento County",2,17,20684,10375,10309
050,06,067,"California","Sacramento County",2,18,19255,9859,9396
050,06,067,"California","Sacramento County",2,19,17397,9069,8328
050,06,067,"California","Sacramento County",2,20,17503,9078,8425
050,06,067,"California","Sacramento County",2,21,17715,9016,8699
050,06,067,"California","Sacramento County",2,22,18762,9326,9436
050,06,067,"California","Sacramento County",2,23,20027,10013,10014
050,06,067,"California","Sacramento County",2,24,21007,10567,10440
050,06,067,"California","Sacramento County",2,25,22011,11072,10939
050,06,067,"California","Sacramento County",2,26,22855,11448,11407
050,06,067,"California","Sacramento County",2,27,23681,11870,11811
050,06,067,"California","Sacramento County",2,28,25156,12565,12591
050,06,067,"California","Sacramento County",2,29,26228,13097,13131
050,06,067,"California","Sacramento County",2,30,26440,13213,13227
050,06,067,"California","Sacramento County",2,31,25626,12756,12870
050,06,067,"California","Sacramento County",2,32,25025,12688,12337
050,06,067,"California","Sacramento County",2,33,24560,12497,12063
050,06,067,"California","Sacramento County",2,34,24305,12252,12053
050,06,067,"California","Sacramento County",2,35,24126,12041,12085
050,06,067,"California","Sacramento County",2,36,23473,11772,11701
050,06,067,"California","Sacramento County",2,37,23771,12078,11693
050,06,067,"California","Sacramento County",2,38,23445,11854,11591
050,06,067,"California","Sacramento County",2,39,22601,11420,11181
050,06,067,"California","Sacramento County",2,40,22222,11185,11037
050,06,067,"California","Sacramento County",2,41,21232,10624,10608
050,06,067,"California","Sacramento County",2,42,20288,10101,10187
050,06,067,"California","Sacramento County",2,43,19802,9862,9940
050,06,067,"California","Sacramento County",2,44,19322,9636,9686
050,06,067,"California","Sacramento County",2,45,19429,9627,9802
050,06,067,"California","Sacramento County",2,46,19010,9422,9588
050,06,067,"California","Sacramento County",2,47,19014,9429,9585
050,06,067,"California","Sacramento County",2,48,19639,9688,9951
050,06,067,"California","Sacramento County",2,49,20617,10144,10473
050,06,067,"California","Sacramento County",2,50,20571,10220,10351
050,06,067,"California","Sacramento County",2,51,19651,9819,9832
050,06,067,"California","Sacramento County",2,52,19055,9471,9584
050,06,067,"California","Sacramento County",2,53,18814,9308,9506
050,06,067,"California","Sacramento County",2,54,19114,9463,9651
050,06,067,"California","Sacramento County",2,55,19751,9718,10033
050,06,067,"California","Sacramento County",2,56,20137,9870,10267
050,06,067,"California","Sacramento County",2,57,20011,9706,10305
050,06,067,"California","Sacramento County",2,58,20134,9859,10275
050,06,067,"California","Sacramento County",2,59,20078,9739,10339
050,06,067,"California","Sacramento County",2,60,19805,9551,10254
050,06,067,"California","Sacramento County",2,61,19053,9188,9865
050,06,067,"California","Sacramento County",2,62,18685,8965,9720
050,06,067,"California","Sacramento County",2,63,18222,8647,9575
050,06,067,"California","Sacramento County",2,64,17377,8171,9206
050,06,067,"California","Sacramento County",2,65,17058,7948,9110
050,06,067,"California","Sacramento County",2,66,16364,7601,8763
050,06,067,"California","Sacramento County",2,67,15650,7225,8425
050,06,067,"California","Sacramento County",2,68,14925,6817,8108
050,06,067,"California","Sacramento County",2,69,14040,6398,7642
050,06,067,"California","Sacramento County",2,70,13537,6198,7339
050,06,067,"California","Sacramento County",2,71,13101,5938,7163
050,06,067,"California","Sacramento County",2,72,12753,5822,6931
050,06,067,"California","Sacramento County",2,73,13018,5920,7098
050,06,067,"California","Sacramento County",2,74,9349,4157,5192
050,06,067,"California","Sacramento County",2,75,8740,3909,4831
050,06,067,"California","Sacramento County",2,76,8332,3677,4655
050,06,067,"California","Sacramento County",2,77,8142,3553,4589
050,06,067,"California","Sacramento County",2,78,7052,3002,4050
050,06,067,"California","Sacramento County",2,79,6354,2658,3696
050,06,067,"California","Sacramento County",2,80,5838,2441,3397
050,06,067,"California","Sacramento County",2,81,5406,2252,3154
050,06,067,"California","Sacramento County",2,82,5049,2103,2946
050,06,067,"California","Sacramento County",2,83,4577,1876,2701
050,06,067,"California","Sacramento County",2,84,4205,1700,2505
050,06,067,"California","Sacramento County",2,85,26478,9729,16749
050,06,067,"California","Sacramento County",3,0,17833,9133,8700
050,06,067,"California","Sacramento County",3,1,18816,9657,9159
050,06,067,"California","Sacramento County",3,2,19164,9837,9327
050,06,067,"California","Sacramento County",3,3,19381,10023,9358
050,06,067,"California","Sacramento County",3,4,19801,10146,9655
050,06,067,"California","Sacramento County",3,5,20146,10309,9837
050,06,067,"California","Sacramento County",3,6,20361,10377,9984
050,06,067,"California","Sacramento County",3,7,20475,10480,9995
050,06,067,"California","Sacramento County",3,8,20468,10413,10055
050,06,067,"California","Sacramento County",3,9,20345,10350,9995
050,06,067,"California","Sacramento County",3,10,20602,10539,10063
050,06,067,"California","Sacramento County",3,11,20779,10668,10111
050,06,067,"California","Sacramento County",3,12,21156,10919,10237
050,06,067,"California","Sacramento County",3,13,22084,11391,10693
050,06,067,"California","Sacramento County",3,14,21925,11324,10601
050,06,067,"California","Sacramento County",3,15,21608,11070,10538
050,06,067,"California","Sacramento County",3,16,21181,10780,10401
050,06,067,"California","Sacramento County",3,17,20921,10561,10360
050,06,067,"California","Sacramento County",3,18,18992,9640,9352
050,06,067,"California","Sacramento County",3,19,16708,8597,8111
050,06,067,"California","Sacramento County",3,20,17492,8998,8494
050,06,067,"California","Sacramento County",3,21,17989,9181,8808
050,06,067,"California","Sacramento County",3,22,18658,9314,9344
050,06,067,"California","Sacramento County",3,23,19648,9783,9865
050,06,067,"California","Sacramento County",3,24,20620,10275,10345
050,06,067,"California","Sacramento County",3,25,21556,10839,10717
050,06,067,"California","Sacramento County",3,26,22388,11178,11210
050,06,067,"California","Sacramento County",3,27,23176,11664,11512
050,06,067,"California","Sacramento County",3,28,24263,12122,12141
050,06,067,"California","Sacramento County",3,29,25356,12743,12613
050,06,067,"California","Sacramento County",3,30,26333,13180,13153
050,06,067,"California","Sacramento County",3,31,26472,13113,13359
050,06,067,"California","Sacramento County",3,32,25920,13002,12918
050,06,067,"California","Sacramento County",3,33,25131,12728,12403
050,06,067,"California","Sacramento County",3,34,24498,12403,12095
050,06,067,"California","Sacramento County",3,35,24409,12288,12121
050,06,067,"California","Sacramento County",3,36,24307,12207,12100
050,06,067,"California","Sacramento County",3,37,23708,12018,11690
050,06,067,"California","Sacramento County",3,38,23591,11887,11704
050,06,067,"California","Sacramento County",3,39,23391,11818,11573
050,06,067,"California","Sacramento County",3,40,22558,11330,11228
050,06,067,"California","Sacramento County",3,41,22290,11187,11103
050,06,067,"California","Sacramento County",3,42,21148,10566,10582
050,06,067,"California","Sacramento County",3,43,20131,10008,10123
050,06,067,"California","Sacramento County",3,44,19934,9988,9946
050,06,067,"California","Sacramento County",3,45,19208,9532,9676
050,06,067,"California","Sacramento County",3,46,19442,9616,9826
050,06,067,"California","Sacramento County",3,47,18932,9424,9508
050,06,067,"California","Sacramento County",3,48,18871,9292,9579
050,06,067,"California","Sacramento County",3,49,19539,9649,9890
050,06,067,"California","Sacramento County",3,50,20408,10056,10352
050,06,067,"California","Sacramento County",3,51,20326,10001,10325
050,06,067,"California","Sacramento County",3,52,19461,9688,9773
050,06,067,"California","Sacramento County",3,53,18753,9347,9406
050,06,067,"California","Sacramento County",3,54,18668,9261,9407
050,06,067,"California","Sacramento County",3,55,18731,9201,9530
050,06,067,"California","Sacramento County",3,56,19499,9570,9929
050,06,067,"California","Sacramento County",3,57,19705,9556,10149
050,06,067,"California","Sacramento County",3,58,19697,9523,10174
050,06,067,"California","Sacramento County",3,59,19793,9667,10126
050,06,067,"California","Sacramento County",3,60,19684,9521,10163
050,06,067,"California","Sacramento County",3,61,19414,9308,10106
050,06,067,"California","Sacramento County",3,62,18633,8923,9710
050,06,067,"California","Sacramento County",3,63,18229,8713,9516
050,06,067,"California","Sacramento County",3,64,17866,8423,9443
050,06,067,"California","Sacramento County",3,65,17004,7959,9045
050,06,067,"California","Sacramento County",3,66,16708,7767,8941
050,06,067,"California","Sacramento County",3,67,15921,7378,8543
050,06,067,"California","Sacramento County",3,68,15327,7023,8304
050,06,067,"California","Sacramento County",3,69,14483,6575,7908
050,06,067,"California","Sacramento County",3,70,13679,6177,7502
050,06,067,"California","Sacramento County",3,71,13199,6006,7193
050,06,067,"California","Sacramento County",3,72,12727,5748,6979
050,06,067,"California","Sacramento County",3,73,12473,5687,6786
050,06,067,"California","Sacramento County",3,74,12594,5692,6902
050,06,067,"California","Sacramento County",3,75,9044,4033,5011
050,06,067,"California","Sacramento County",3,76,8486,3718,4768
050,06,067,"California","Sacramento County",3,77,7978,3505,4473
050,06,067,"California","Sacramento County",3,78,7844,3411,4433
050,06,067,"California","Sacramento County",3,79,6701,2798,3903
050,06,067,"California","Sacramento County",3,80,6069,2518,3551
050,06,067,"California","Sacramento County",3,81,5579,2313,3266
050,06,067,"California","Sacramento County",3,82,5089,2091,2998
050,06,067,"California","Sacramento County",3,83,4703,1939,2764
050,06,067,"California","Sacramento County",3,84,4294,1754,2540
050,06,067,"California","Sacramento County",3,85,26336,9712,16624
050,06,067,"California","Sacramento County",4,0,18376,9425,8951
050,06,067,"California","Sacramento County",4,1,17752,9074,8678
050,06,067,"California","Sacramento County",4,2,18759,9640,9119
050,06,067,"California","Sacramento County",4,3,19086,9759,9327
050,06,067,"California","Sacramento County",4,4,19223,9940,9283
050,06,067,"California","Sacramento County",4,5,19793,10180,9613
050,06,067,"California","Sacramento County",4,6,20040,10254,9786
050,06,067,"California","Sacramento County",4,7,20307,10350,9957
050,06,067,"California","Sacramento County",4,8,20326,10435,9891
050,06,067,"California","Sacramento County",4,9,20207,10276,9931
050,06,067,"California","Sacramento County",4,10,20115,10218,9897
050,06,067,"California","Sacramento County",4,11,20487,10500,9987
050,06,067,"California","Sacramento County",4,12,20616,10551,10065
050,06,067,"California","Sacramento County",4,13,20893,10765,10128
050,06,067,"California","Sacramento County",4,14,21917,11330,10587
050,06,067,"California","Sacramento County",4,15,21746,11252,10494
050,06,067,"California","Sacramento County",4,16,21470,10999,10471
050,06,067,"California","Sacramento County",4,17,21005,10719,10286
050,06,067,"California","Sacramento County",4,18,19604,9986,9618
050,06,067,"California","Sacramento County",4,19,17186,8818,8368
050,06,067,"California","Sacramento County",4,20,17215,8840,8375
050,06,067,"California","Sacramento County",4,21,18038,9200,8838
050,06,067,"California","Sacramento County",4,22,18883,9524,9359
050,06,067,"California","Sacramento County",4,23,19497,9726,9771
050,06,067,"California","Sacramento County",4,24,19967,9987,9980
050,06,067,"California","Sacramento County",4,25,20850,10486,10364
050,06,067,"California","Sacramento County",4,26,21676,10860,10816
050,06,067,"California","Sacramento County",4,27,22371,11178,11193
050,06,067,"California","Sacramento County",4,28,23256,11749,11507
050,06,067,"California","Sacramento County",4,29,24288,12206,12082
050,06,067,"California","Sacramento County",4,30,25280,12678,12602
050,06,067,"California","Sacramento County",4,31,26011,12939,13072
050,06,067,"California","Sacramento County",4,32,26350,13093,13257
050,06,067,"California","Sacramento County",4,33,25630,12853,12777
050,06,067,"California","Sacramento County",4,34,24841,12542,12299
050,06,067,"California","Sacramento County",4,35,24236,12299,11937
050,06,067,"California","Sacramento County",4,36,24285,12246,12039
050,06,067,"California","Sacramento County",4,37,24284,12312,11972
050,06,067,"California","Sacramento County",4,38,23353,11724,11629
050,06,067,"California","Sacramento County",4,39,23459,11831,11628
050,06,067,"California","Sacramento County",4,40,23121,11668,11453
050,06,067,"California","Sacramento County",4,41,22450,11223,11227
050,06,067,"California","Sacramento County",4,42,22029,10990,11039
050,06,067,"California","Sacramento County",4,43,20894,10478,10416
050,06,067,"California","Sacramento County",4,44,20101,10064,10037
050,06,067,"California","Sacramento County",4,45,19623,9800,9823
050,06,067,"California","Sacramento County",4,46,19046,9448,9598
050,06,067,"California","Sacramento County",4,47,19284,9555,9729
050,06,067,"California","Sacramento County",4,48,18715,9296,9419
050,06,067,"California","Sacramento County",4,49,18666,9164,9502
050,06,067,"California","Sacramento County",4,50,19227,9507,9720
050,06,067,"California","Sacramento County",4,51,20116,9866,10250
050,06,067,"California","Sacramento County",4,52,20079,9923,10156
050,06,067,"California","Sacramento County",4,53,19062,9457,9605
050,06,067,"California","Sacramento County",4,54,18533,9268,9265
050,06,067,"California","Sacramento County",4,55,18347,9020,9327
050,06,067,"California","Sacramento County",4,56,18460,9114,9346
050,06,067,"California","Sacramento County",4,57,19017,9252,9765
050,06,067,"California","Sacramento County",4,58,19377,9342,10035
050,06,067,"California","Sacramento County",4,59,19323,9305,10018
050,06,067,"California","Sacramento County",4,60,19291,9414,9877
050,06,067,"California","Sacramento County",4,61,19177,9247,9930
050,06,067,"California","Sacramento County",4,62,18965,9047,9918
050,06,067,"California","Sacramento County",4,63,18175,8611,9564
050,06,067,"California","Sacramento County",4,64,17739,8452,9287
050,06,067,"California","Sacramento County",4,65,17405,8125,9280
050,06,067,"California","Sacramento County",4,66,16567,7731,8836
050,06,067,"California","Sacramento County",4,67,16183,7494,8689
050,06,067,"California","Sacramento County",4,68,15537,7157,8380
050,06,067,"California","Sacramento County",4,69,14851,6730,8121
050,06,067,"California","Sacramento County",4,70,14192,6411,7781
050,06,067,"California","Sacramento County",4,71,13329,5999,7330
050,06,067,"California","Sacramento County",4,72,12812,5795,7017
050,06,067,"California","Sacramento County",4,73,12366,5556,6810
050,06,067,"California","Sacramento County",4,74,12086,5490,6596
050,06,067,"California","Sacramento County",4,75,12177,5484,6693
050,06,067,"California","Sacramento County",4,76,8791,3861,4930
050,06,067,"California","Sacramento County",4,77,8132,3558,4574
050,06,067,"California","Sacramento County",4,78,7764,3369,4395
050,06,067,"California","Sacramento County",4,79,7504,3190,4314
050,06,067,"California","Sacramento County",4,80,6391,2650,3741
050,06,067,"California","Sacramento County",4,81,5798,2392,3406
050,06,067,"California","Sacramento County",4,82,5293,2169,3124
050,06,067,"California","Sacramento County",4,83,4737,1893,2844
050,06,067,"California","Sacramento County",4,84,4420,1820,2600
050,06,067,"California","Sacramento County",4,85,26550,9778,16772
050,06,067,"California","Sacramento County",5,0,17689,9068,8621
050,06,067,"California","Sacramento County",5,1,18292,9369,8923
050,06,067,"California","Sacramento County",5,2,17874,9120,8754
050,06,067,"California","Sacramento County",5,3,18861,9687,9174
050,06,067,"California","Sacramento County",5,4,19097,9790,9307
050,06,067,"California","Sacramento County",5,5,19228,9977,9251
050,06,067,"California","Sacramento County",5,6,19735,10165,9570
050,06,067,"California","Sacramento County",5,7,19999,10236,9763
050,06,067,"California","Sacramento County",5,8,20199,10297,9902
050,06,067,"California","Sacramento County",5,9,20238,10383,9855
050,06,067,"California","Sacramento County",5,10,20133,10242,9891
050,06,067,"California","Sacramento County",5,11,20034,10191,9843
050,06,067,"California","Sacramento County",5,12,20327,10414,9913
050,06,067,"California","Sacramento County",5,13,20546,10520,10026
050,06,067,"California","Sacramento County",5,14,20795,10690,10105
050,06,067,"California","Sacramento County",5,15,21730,11237,10493
050,06,067,"California","Sacramento County",5,16,21634,11172,10462
050,06,067,"California","Sacramento County",5,17,21342,10925,10417
050,06,067,"California","Sacramento County",5,18,20021,10262,9759
050,06,067,"California","Sacramento County",5,19,17780,9222,8558
050,06,067,"California","Sacramento County",5,20,17546,8977,8569
050,06,067,"California","Sacramento County",5,21,17939,9116,8823
050,06,067,"California","Sacramento County",5,22,18790,9471,9319
050,06,067,"California","Sacramento County",5,23,19671,9913,9758
050,06,067,"California","Sacramento County",5,24,19663,9772,9891
050,06,067,"California","Sacramento County",5,25,20191,10181,10010
050,06,067,"California","Sacramento County",5,26,20954,10434,10520
050,06,067,"California","Sacramento County",5,27,21754,10959,10795
050,06,067,"California","Sacramento County",5,28,22473,11255,11218
050,06,067,"California","Sacramento County",5,29,23396,11823,11573
050,06,067,"California","Sacramento County",5,30,24163,12144,12019
050,06,067,"California","Sacramento County",5,31,25138,12477,12661
050,06,067,"California","Sacramento County",5,32,26132,13068,13064
050,06,067,"California","Sacramento County",5,33,26113,13005,13108
050,06,067,"California","Sacramento County",5,34,25448,12804,12644
050,06,067,"California","Sacramento County",5,35,24782,12500,12282
050,06,067,"California","Sacramento County",5,36,24239,12323,11916
050,06,067,"California","Sacramento County",5,37,24378,12334,12044
050,06,067,"California","Sacramento County",5,38,24016,12088,11928
050,06,067,"California","Sacramento County",5,39,23318,11763,11555
050,06,067,"California","Sacramento County",5,40,23272,11732,11540
050,06,067,"California","Sacramento County",5,41,23140,11660,11480
050,06,067,"California","Sacramento County",5,42,22352,11116,11236
050,06,067,"California","Sacramento County",5,43,21975,10969,11006
050,06,067,"California","Sacramento County",5,44,20810,10470,10340
050,06,067,"California","Sacramento County",5,45,19915,9934,9981
050,06,067,"California","Sacramento County",5,46,19455,9707,9748
050,06,067,"California","Sacramento County",5,47,18908,9382,9526
050,06,067,"California","Sacramento County",5,48,19012,9402,9610
050,06,067,"California","Sacramento County",5,49,18600,9214,9386
050,06,067,"California","Sacramento County",5,50,18410,9095,9315
050,06,067,"California","Sacramento County",5,51,18928,9348,9580
050,06,067,"California","Sacramento County",5,52,19918,9735,10183
050,06,067,"California","Sacramento County",5,53,19825,9850,9975
050,06,067,"California","Sacramento County",5,54,18934,9400,9534
050,06,067,"California","Sacramento County",5,55,18163,9028,9135
050,06,067,"California","Sacramento County",5,56,18066,8882,9184
050,06,067,"California","Sacramento County",5,57,18068,8845,9223
050,06,067,"California","Sacramento County",5,58,18810,9109,9701
050,06,067,"California","Sacramento County",5,59,19039,9171,9868
050,06,067,"California","Sacramento County",5,60,18876,9080,9796
050,06,067,"California","Sacramento County",5,61,18897,9157,9740
050,06,067,"California","Sacramento County",5,62,18860,9076,9784
050,06,067,"California","Sacramento County",5,63,18465,8734,9731
050,06,067,"California","Sacramento County",5,64,17809,8412,9397
050,06,067,"California","Sacramento County",5,65,17385,8244,9141
050,06,067,"California","Sacramento County",5,66,17078,7933,9145
050,06,067,"California","Sacramento County",5,67,16151,7504,8647
050,06,067,"California","Sacramento County",5,68,15895,7276,8619
050,06,067,"California","Sacramento County",5,69,15170,6938,8232
050,06,067,"California","Sacramento County",5,70,14495,6539,7956
050,06,067,"California","Sacramento County",5,71,13840,6243,7597
050,06,067,"California","Sacramento County",5,72,13040,5826,7214
050,06,067,"California","Sacramento County",5,73,12528,5630,6898
050,06,067,"California","Sacramento County",5,74,12023,5372,6651
050,06,067,"California","Sacramento County",5,75,11696,5339,6357
050,06,067,"California","Sacramento County",5,76,11872,5250,6622
050,06,067,"California","Sacramento County",5,77,8476,3692,4784
050,06,067,"California","Sacramento County",5,78,7889,3435,4454
050,06,067,"California","Sacramento County",5,79,7463,3187,4276
050,06,067,"California","Sacramento County",5,80,7152,3023,4129
050,06,067,"California","Sacramento County",5,81,6098,2515,3583
050,06,067,"California","Sacramento County",5,82,5538,2269,3269
050,06,067,"California","Sacramento County",5,83,4958,1994,2964
050,06,067,"California","Sacramento County",5,84,4480,1793,2687
050,06,067,"California","Sacramento County",5,85,26896,9927,16969
050,06,069,"California","San Benito County",1,0,791,403,388
050,06,069,"California","San Benito County",1,1,797,399,398
050,06,069,"California","San Benito County",1,2,818,394,424
050,06,069,"California","San Benito County",1,3,867,419,448
050,06,069,"California","San Benito County",1,4,879,463,416
050,06,069,"California","San Benito County",1,5,889,443,446
050,06,069,"California","San Benito County",1,6,867,452,415
050,06,069,"California","San Benito County",1,7,899,473,426
050,06,069,"California","San Benito County",1,8,923,479,444
050,06,069,"California","San Benito County",1,9,889,441,448
050,06,069,"California","San Benito County",1,10,914,466,448
050,06,069,"California","San Benito County",1,11,987,510,477
050,06,069,"California","San Benito County",1,12,1040,502,538
050,06,069,"California","San Benito County",1,13,1043,514,529
050,06,069,"California","San Benito County",1,14,1043,509,534
050,06,069,"California","San Benito County",1,15,966,458,508
050,06,069,"California","San Benito County",1,16,959,497,462
050,06,069,"California","San Benito County",1,17,947,504,443
050,06,069,"California","San Benito County",1,18,863,466,397
050,06,069,"California","San Benito County",1,19,803,418,385
050,06,069,"California","San Benito County",1,20,836,437,399
050,06,069,"California","San Benito County",1,21,833,424,409
050,06,069,"California","San Benito County",1,22,822,419,403
050,06,069,"California","San Benito County",1,23,791,400,391
050,06,069,"California","San Benito County",1,24,804,409,395
050,06,069,"California","San Benito County",1,25,783,396,387
050,06,069,"California","San Benito County",1,26,835,404,431
050,06,069,"California","San Benito County",1,27,851,453,398
050,06,069,"California","San Benito County",1,28,850,458,392
050,06,069,"California","San Benito County",1,29,889,453,436
050,06,069,"California","San Benito County",1,30,874,427,447
050,06,069,"California","San Benito County",1,31,900,463,437
050,06,069,"California","San Benito County",1,32,877,454,423
050,06,069,"California","San Benito County",1,33,883,466,417
050,06,069,"California","San Benito County",1,34,917,466,451
050,06,069,"California","San Benito County",1,35,948,505,443
050,06,069,"California","San Benito County",1,36,996,538,458
050,06,069,"California","San Benito County",1,37,903,485,418
050,06,069,"California","San Benito County",1,38,916,484,432
050,06,069,"California","San Benito County",1,39,932,496,436
050,06,069,"California","San Benito County",1,40,913,475,438
050,06,069,"California","San Benito County",1,41,837,422,415
050,06,069,"California","San Benito County",1,42,850,430,420
050,06,069,"California","San Benito County",1,43,857,448,409
050,06,069,"California","San Benito County",1,44,845,446,399
050,06,069,"California","San Benito County",1,45,821,456,365
050,06,069,"California","San Benito County",1,46,740,376,364
050,06,069,"California","San Benito County",1,47,750,377,373
050,06,069,"California","San Benito County",1,48,777,398,379
050,06,069,"California","San Benito County",1,49,858,433,425
050,06,069,"California","San Benito County",1,50,841,421,420
050,06,069,"California","San Benito County",1,51,814,415,399
050,06,069,"California","San Benito County",1,52,786,382,404
050,06,069,"California","San Benito County",1,53,828,407,421
050,06,069,"California","San Benito County",1,54,854,437,417
050,06,069,"California","San Benito County",1,55,851,437,414
050,06,069,"California","San Benito County",1,56,828,401,427
050,06,069,"California","San Benito County",1,57,830,402,428
050,06,069,"California","San Benito County",1,58,858,431,427
050,06,069,"California","San Benito County",1,59,803,415,388
050,06,069,"California","San Benito County",1,60,810,419,391
050,06,069,"California","San Benito County",1,61,784,410,374
050,06,069,"California","San Benito County",1,62,721,345,376
050,06,069,"California","San Benito County",1,63,687,345,342
050,06,069,"California","San Benito County",1,64,653,322,331
050,06,069,"California","San Benito County",1,65,673,330,343
050,06,069,"California","San Benito County",1,66,651,326,325
050,06,069,"California","San Benito County",1,67,611,305,306
050,06,069,"California","San Benito County",1,68,556,265,291
050,06,069,"California","San Benito County",1,69,508,246,262
050,06,069,"California","San Benito County",1,70,500,235,265
050,06,069,"California","San Benito County",1,71,488,246,242
050,06,069,"California","San Benito County",1,72,450,227,223
050,06,069,"California","San Benito County",1,73,429,222,207
050,06,069,"California","San Benito County",1,74,324,160,164
050,06,069,"California","San Benito County",1,75,316,150,166
050,06,069,"California","San Benito County",1,76,323,146,177
050,06,069,"California","San Benito County",1,77,298,125,173
050,06,069,"California","San Benito County",1,78,262,120,142
050,06,069,"California","San Benito County",1,79,228,102,126
050,06,069,"California","San Benito County",1,80,223,93,130
050,06,069,"California","San Benito County",1,81,192,75,117
050,06,069,"California","San Benito County",1,82,178,71,107
050,06,069,"California","San Benito County",1,83,167,72,95
050,06,069,"California","San Benito County",1,84,144,72,72
050,06,069,"California","San Benito County",1,85,869,331,538
050,06,069,"California","San Benito County",2,0,771,388,383
050,06,069,"California","San Benito County",2,1,807,404,403
050,06,069,"California","San Benito County",2,2,822,399,423
050,06,069,"California","San Benito County",2,3,858,419,439
050,06,069,"California","San Benito County",2,4,884,458,426
050,06,069,"California","San Benito County",2,5,896,453,443
050,06,069,"California","San Benito County",2,6,883,457,426
050,06,069,"California","San Benito County",2,7,896,472,424
050,06,069,"California","San Benito County",2,8,920,479,441
050,06,069,"California","San Benito County",2,9,902,453,449
050,06,069,"California","San Benito County",2,10,913,463,450
050,06,069,"California","San Benito County",2,11,973,501,472
050,06,069,"California","San Benito County",2,12,1038,508,530
050,06,069,"California","San Benito County",2,13,1043,512,531
050,06,069,"California","San Benito County",2,14,1044,511,533
050,06,069,"California","San Benito County",2,15,988,477,511
050,06,069,"California","San Benito County",2,16,964,490,474
050,06,069,"California","San Benito County",2,17,952,505,447
050,06,069,"California","San Benito County",2,18,859,465,394
050,06,069,"California","San Benito County",2,19,805,421,384
050,06,069,"California","San Benito County",2,20,838,437,401
050,06,069,"California","San Benito County",2,21,828,423,405
050,06,069,"California","San Benito County",2,22,825,421,404
050,06,069,"California","San Benito County",2,23,799,405,394
050,06,069,"California","San Benito County",2,24,798,404,394
050,06,069,"California","San Benito County",2,25,794,400,394
050,06,069,"California","San Benito County",2,26,827,407,420
050,06,069,"California","San Benito County",2,27,855,446,409
050,06,069,"California","San Benito County",2,28,867,464,403
050,06,069,"California","San Benito County",2,29,888,457,431
050,06,069,"California","San Benito County",2,30,891,441,450
050,06,069,"California","San Benito County",2,31,898,457,441
050,06,069,"California","San Benito County",2,32,896,464,432
050,06,069,"California","San Benito County",2,33,887,465,422
050,06,069,"California","San Benito County",2,34,914,468,446
050,06,069,"California","San Benito County",2,35,959,506,453
050,06,069,"California","San Benito County",2,36,984,531,453
050,06,069,"California","San Benito County",2,37,928,501,427
050,06,069,"California","San Benito County",2,38,932,497,435
050,06,069,"California","San Benito County",2,39,931,495,436
050,06,069,"California","San Benito County",2,40,934,492,442
050,06,069,"California","San Benito County",2,41,853,435,418
050,06,069,"California","San Benito County",2,42,845,427,418
050,06,069,"California","San Benito County",2,43,862,447,415
050,06,069,"California","San Benito County",2,44,846,448,398
050,06,069,"California","San Benito County",2,45,833,457,376
050,06,069,"California","San Benito County",2,46,761,394,367
050,06,069,"California","San Benito County",2,47,749,376,373
050,06,069,"California","San Benito County",2,48,775,397,378
050,06,069,"California","San Benito County",2,49,844,427,417
050,06,069,"California","San Benito County",2,50,849,426,423
050,06,069,"California","San Benito County",2,51,815,414,401
050,06,069,"California","San Benito County",2,52,792,389,403
050,06,069,"California","San Benito County",2,53,818,402,416
050,06,069,"California","San Benito County",2,54,850,430,420
050,06,069,"California","San Benito County",2,55,856,441,415
050,06,069,"California","San Benito County",2,56,838,414,424
050,06,069,"California","San Benito County",2,57,833,403,430
050,06,069,"California","San Benito County",2,58,851,424,427
050,06,069,"California","San Benito County",2,59,815,419,396
050,06,069,"California","San Benito County",2,60,811,421,390
050,06,069,"California","San Benito County",2,61,784,409,375
050,06,069,"California","San Benito County",2,62,733,358,375
050,06,069,"California","San Benito County",2,63,696,347,349
050,06,069,"California","San Benito County",2,64,651,323,328
050,06,069,"California","San Benito County",2,65,669,325,344
050,06,069,"California","San Benito County",2,66,652,327,325
050,06,069,"California","San Benito County",2,67,619,310,309
050,06,069,"California","San Benito County",2,68,563,272,291
050,06,069,"California","San Benito County",2,69,521,252,269
050,06,069,"California","San Benito County",2,70,500,236,264
050,06,069,"California","San Benito County",2,71,489,241,248
050,06,069,"California","San Benito County",2,72,454,228,226
050,06,069,"California","San Benito County",2,73,452,234,218
050,06,069,"California","San Benito County",2,74,334,167,167
050,06,069,"California","San Benito County",2,75,322,156,166
050,06,069,"California","San Benito County",2,76,316,145,171
050,06,069,"California","San Benito County",2,77,308,130,178
050,06,069,"California","San Benito County",2,78,263,117,146
050,06,069,"California","San Benito County",2,79,235,106,129
050,06,069,"California","San Benito County",2,80,224,94,130
050,06,069,"California","San Benito County",2,81,194,79,115
050,06,069,"California","San Benito County",2,82,184,73,111
050,06,069,"California","San Benito County",2,83,165,70,95
050,06,069,"California","San Benito County",2,84,148,70,78
050,06,069,"California","San Benito County",2,85,867,327,540
050,06,069,"California","San Benito County",3,0,745,365,380
050,06,069,"California","San Benito County",3,1,841,409,432
050,06,069,"California","San Benito County",3,2,855,424,431
050,06,069,"California","San Benito County",3,3,858,409,449
050,06,069,"California","San Benito County",3,4,914,439,475
050,06,069,"California","San Benito County",3,5,926,470,456
050,06,069,"California","San Benito County",3,6,944,477,467
050,06,069,"California","San Benito County",3,7,901,461,440
050,06,069,"California","San Benito County",3,8,948,498,450
050,06,069,"California","San Benito County",3,9,950,501,449
050,06,069,"California","San Benito County",3,10,953,476,477
050,06,069,"California","San Benito County",3,11,956,488,468
050,06,069,"California","San Benito County",3,12,1009,516,493
050,06,069,"California","San Benito County",3,13,1081,530,551
050,06,069,"California","San Benito County",3,14,1076,522,554
050,06,069,"California","San Benito County",3,15,1070,536,534
050,06,069,"California","San Benito County",3,16,1003,471,532
050,06,069,"California","San Benito County",3,17,980,492,488
050,06,069,"California","San Benito County",3,18,911,495,416
050,06,069,"California","San Benito County",3,19,828,444,384
050,06,069,"California","San Benito County",3,20,870,454,416
050,06,069,"California","San Benito County",3,21,849,449,400
050,06,069,"California","San Benito County",3,22,848,434,414
050,06,069,"California","San Benito County",3,23,863,442,421
050,06,069,"California","San Benito County",3,24,799,407,392
050,06,069,"California","San Benito County",3,25,829,428,401
050,06,069,"California","San Benito County",3,26,825,425,400
050,06,069,"California","San Benito County",3,27,839,417,422
050,06,069,"California","San Benito County",3,28,898,447,451
050,06,069,"California","San Benito County",3,29,913,478,435
050,06,069,"California","San Benito County",3,30,920,488,432
050,06,069,"California","San Benito County",3,31,979,494,485
050,06,069,"California","San Benito County",3,32,972,497,475
050,06,069,"California","San Benito County",3,33,935,491,444
050,06,069,"California","San Benito County",3,34,967,505,462
050,06,069,"California","San Benito County",3,35,949,480,469
050,06,069,"California","San Benito County",3,36,1019,529,490
050,06,069,"California","San Benito County",3,37,1036,551,485
050,06,069,"California","San Benito County",3,38,999,540,459
050,06,069,"California","San Benito County",3,39,993,527,466
050,06,069,"California","San Benito County",3,40,993,527,466
050,06,069,"California","San Benito County",3,41,953,512,441
050,06,069,"California","San Benito County",3,42,886,446,440
050,06,069,"California","San Benito County",3,43,900,463,437
050,06,069,"California","San Benito County",3,44,876,453,423
050,06,069,"California","San Benito County",3,45,844,450,394
050,06,069,"California","San Benito County",3,46,867,478,389
050,06,069,"California","San Benito County",3,47,783,406,377
050,06,069,"California","San Benito County",3,48,772,394,378
050,06,069,"California","San Benito County",3,49,791,405,386
050,06,069,"California","San Benito County",3,50,860,444,416
050,06,069,"California","San Benito County",3,51,852,429,423
050,06,069,"California","San Benito County",3,52,802,407,395
050,06,069,"California","San Benito County",3,53,804,402,402
050,06,069,"California","San Benito County",3,54,831,403,428
050,06,069,"California","San Benito County",3,55,847,435,412
050,06,069,"California","San Benito County",3,56,845,436,409
050,06,069,"California","San Benito County",3,57,837,409,428
050,06,069,"California","San Benito County",3,58,815,407,408
050,06,069,"California","San Benito County",3,59,851,420,431
050,06,069,"California","San Benito County",3,60,824,424,400
050,06,069,"California","San Benito County",3,61,786,396,390
050,06,069,"California","San Benito County",3,62,779,406,373
050,06,069,"California","San Benito County",3,63,744,367,377
050,06,069,"California","San Benito County",3,64,676,324,352
050,06,069,"California","San Benito County",3,65,675,337,338
050,06,069,"California","San Benito County",3,66,645,315,330
050,06,069,"California","San Benito County",3,67,630,314,316
050,06,069,"California","San Benito County",3,68,588,288,300
050,06,069,"California","San Benito County",3,69,564,272,292
050,06,069,"California","San Benito County",3,70,510,247,263
050,06,069,"California","San Benito County",3,71,501,232,269
050,06,069,"California","San Benito County",3,72,474,236,238
050,06,069,"California","San Benito County",3,73,462,226,236
050,06,069,"California","San Benito County",3,74,447,230,217
050,06,069,"California","San Benito County",3,75,327,164,163
050,06,069,"California","San Benito County",3,76,312,148,164
050,06,069,"California","San Benito County",3,77,312,149,163
050,06,069,"California","San Benito County",3,78,302,126,176
050,06,069,"California","San Benito County",3,79,250,110,140
050,06,069,"California","San Benito County",3,80,227,96,131
050,06,069,"California","San Benito County",3,81,207,84,123
050,06,069,"California","San Benito County",3,82,195,80,115
050,06,069,"California","San Benito County",3,83,174,68,106
050,06,069,"California","San Benito County",3,84,159,66,93
050,06,069,"California","San Benito County",3,85,879,323,556
050,06,069,"California","San Benito County",4,0,862,423,439
050,06,069,"California","San Benito County",4,1,782,397,385
050,06,069,"California","San Benito County",4,2,859,418,441
050,06,069,"California","San Benito County",4,3,879,445,434
050,06,069,"California","San Benito County",4,4,874,420,454
050,06,069,"California","San Benito County",4,5,938,457,481
050,06,069,"California","San Benito County",4,6,942,472,470
050,06,069,"California","San Benito County",4,7,955,482,473
050,06,069,"California","San Benito County",4,8,933,480,453
050,06,069,"California","San Benito County",4,9,945,507,438
050,06,069,"California","San Benito County",4,10,986,523,463
050,06,069,"California","San Benito County",4,11,949,474,475
050,06,069,"California","San Benito County",4,12,962,484,478
050,06,069,"California","San Benito County",4,13,992,509,483
050,06,069,"California","San Benito County",4,14,1084,528,556
050,06,069,"California","San Benito County",4,15,1067,511,556
050,06,069,"California","San Benito County",4,16,1058,536,522
050,06,069,"California","San Benito County",4,17,1004,482,522
050,06,069,"California","San Benito County",4,18,927,472,455
050,06,069,"California","San Benito County",4,19,803,429,374
050,06,069,"California","San Benito County",4,20,858,453,405
050,06,069,"California","San Benito County",4,21,859,446,413
050,06,069,"California","San Benito County",4,22,854,457,397
050,06,069,"California","San Benito County",4,23,860,441,419
050,06,069,"California","San Benito County",4,24,883,447,436
050,06,069,"California","San Benito County",4,25,816,412,404
050,06,069,"California","San Benito County",4,26,854,451,403
050,06,069,"California","San Benito County",4,27,818,418,400
050,06,069,"California","San Benito County",4,28,857,430,427
050,06,069,"California","San Benito County",4,29,896,445,451
050,06,069,"California","San Benito County",4,30,979,516,463
050,06,069,"California","San Benito County",4,31,960,512,448
050,06,069,"California","San Benito County",4,32,1025,511,514
050,06,069,"California","San Benito County",4,33,991,512,479
050,06,069,"California","San Benito County",4,34,967,508,459
050,06,069,"California","San Benito County",4,35,1001,524,477
050,06,069,"California","San Benito County",4,36,999,508,491
050,06,069,"California","San Benito County",4,37,1031,530,501
050,06,069,"California","San Benito County",4,38,1044,572,472
050,06,069,"California","San Benito County",4,39,1012,540,472
050,06,069,"California","San Benito County",4,40,1034,548,486
050,06,069,"California","San Benito County",4,41,1017,552,465
050,06,069,"California","San Benito County",4,42,963,527,436
050,06,069,"California","San Benito County",4,43,895,445,450
050,06,069,"California","San Benito County",4,44,924,476,448
050,06,069,"California","San Benito County",4,45,889,452,437
050,06,069,"California","San Benito County",4,46,856,459,397
050,06,069,"California","San Benito County",4,47,877,467,410
050,06,069,"California","San Benito County",4,48,773,406,367
050,06,069,"California","San Benito County",4,49,777,399,378
050,06,069,"California","San Benito County",4,50,808,413,395
050,06,069,"California","San Benito County",4,51,873,456,417
050,06,069,"California","San Benito County",4,52,829,401,428
050,06,069,"California","San Benito County",4,53,791,406,385
050,06,069,"California","San Benito County",4,54,822,404,418
050,06,069,"California","San Benito County",4,55,813,402,411
050,06,069,"California","San Benito County",4,56,844,428,416
050,06,069,"California","San Benito County",4,57,834,430,404
050,06,069,"California","San Benito County",4,58,834,409,425
050,06,069,"California","San Benito County",4,59,812,405,407
050,06,069,"California","San Benito County",4,60,836,416,420
050,06,069,"California","San Benito County",4,61,805,418,387
050,06,069,"California","San Benito County",4,62,769,383,386
050,06,069,"California","San Benito County",4,63,767,405,362
050,06,069,"California","San Benito County",4,64,699,346,353
050,06,069,"California","San Benito County",4,65,674,325,349
050,06,069,"California","San Benito County",4,66,639,321,318
050,06,069,"California","San Benito County",4,67,632,312,320
050,06,069,"California","San Benito County",4,68,596,293,303
050,06,069,"California","San Benito County",4,69,587,284,303
050,06,069,"California","San Benito County",4,70,542,257,285
050,06,069,"California","San Benito County",4,71,509,245,264
050,06,069,"California","San Benito County",4,72,479,219,260
050,06,069,"California","San Benito County",4,73,465,229,236
050,06,069,"California","San Benito County",4,74,445,216,229
050,06,069,"California","San Benito County",4,75,438,226,212
050,06,069,"California","San Benito County",4,76,312,153,159
050,06,069,"California","San Benito County",4,77,303,141,162
050,06,069,"California","San Benito County",4,78,303,140,163
050,06,069,"California","San Benito County",4,79,291,120,171
050,06,069,"California","San Benito County",4,80,252,105,147
050,06,069,"California","San Benito County",4,81,211,85,126
050,06,069,"California","San Benito County",4,82,202,81,121
050,06,069,"California","San Benito County",4,83,178,72,106
050,06,069,"California","San Benito County",4,84,166,65,101
050,06,069,"California","San Benito County",4,85,913,329,584
050,06,069,"California","San Benito County",5,0,838,417,421
050,06,069,"California","San Benito County",5,1,866,418,448
050,06,069,"California","San Benito County",5,2,815,423,392
050,06,069,"California","San Benito County",5,3,882,432,450
050,06,069,"California","San Benito County",5,4,896,451,445
050,06,069,"California","San Benito County",5,5,885,424,461
050,06,069,"California","San Benito County",5,6,938,462,476
050,06,069,"California","San Benito County",5,7,925,467,458
050,06,069,"California","San Benito County",5,8,953,482,471
050,06,069,"California","San Benito County",5,9,931,485,446
050,06,069,"California","San Benito County",5,10,958,519,439
050,06,069,"California","San Benito County",5,11,992,523,469
050,06,069,"California","San Benito County",5,12,955,476,479
050,06,069,"California","San Benito County",5,13,976,491,485
050,06,069,"California","San Benito County",5,14,989,504,485
050,06,069,"California","San Benito County",5,15,1093,532,561
050,06,069,"California","San Benito County",5,16,1086,523,563
050,06,069,"California","San Benito County",5,17,1062,537,525
050,06,069,"California","San Benito County",5,18,920,434,486
050,06,069,"California","San Benito County",5,19,850,434,416
050,06,069,"California","San Benito County",5,20,849,453,396
050,06,069,"California","San Benito County",5,21,881,464,417
050,06,069,"California","San Benito County",5,22,867,455,412
050,06,069,"California","San Benito County",5,23,854,448,406
050,06,069,"California","San Benito County",5,24,861,448,413
050,06,069,"California","San Benito County",5,25,870,445,425
050,06,069,"California","San Benito County",5,26,816,416,400
050,06,069,"California","San Benito County",5,27,833,430,403
050,06,069,"California","San Benito County",5,28,776,389,387
050,06,069,"California","San Benito County",5,29,856,406,450
050,06,069,"California","San Benito County",5,30,918,466,452
050,06,069,"California","San Benito County",5,31,1013,530,483
050,06,069,"California","San Benito County",5,32,996,523,473
050,06,069,"California","San Benito County",5,33,1026,525,501
050,06,069,"California","San Benito County",5,34,1027,524,503
050,06,069,"California","San Benito County",5,35,956,506,450
050,06,069,"California","San Benito County",5,36,1006,533,473
050,06,069,"California","San Benito County",5,37,1016,513,503
050,06,069,"California","San Benito County",5,38,1045,540,505
050,06,069,"California","San Benito County",5,39,1054,571,483
050,06,069,"California","San Benito County",5,40,1028,544,484
050,06,069,"California","San Benito County",5,41,1042,548,494
050,06,069,"California","San Benito County",5,42,1006,536,470
050,06,069,"California","San Benito County",5,43,978,527,451
050,06,069,"California","San Benito County",5,44,903,457,446
050,06,069,"California","San Benito County",5,45,893,464,429
050,06,069,"California","San Benito County",5,46,891,459,432
050,06,069,"California","San Benito County",5,47,844,442,402
050,06,069,"California","San Benito County",5,48,869,464,405
050,06,069,"California","San Benito County",5,49,781,402,379
050,06,069,"California","San Benito County",5,50,779,395,384
050,06,069,"California","San Benito County",5,51,812,419,393
050,06,069,"California","San Benito County",5,52,879,463,416
050,06,069,"California","San Benito County",5,53,812,393,419
050,06,069,"California","San Benito County",5,54,801,409,392
050,06,069,"California","San Benito County",5,55,814,402,412
050,06,069,"California","San Benito County",5,56,797,400,397
050,06,069,"California","San Benito County",5,57,853,430,423
050,06,069,"California","San Benito County",5,58,825,427,398
050,06,069,"California","San Benito County",5,59,829,401,428
050,06,069,"California","San Benito County",5,60,812,413,399
050,06,069,"California","San Benito County",5,61,818,397,421
050,06,069,"California","San Benito County",5,62,787,402,385
050,06,069,"California","San Benito County",5,63,741,372,369
050,06,069,"California","San Benito County",5,64,748,386,362
050,06,069,"California","San Benito County",5,65,708,347,361
050,06,069,"California","San Benito County",5,66,661,316,345
050,06,069,"California","San Benito County",5,67,638,323,315
050,06,069,"California","San Benito County",5,68,610,296,314
050,06,069,"California","San Benito County",5,69,585,290,295
050,06,069,"California","San Benito County",5,70,574,277,297
050,06,069,"California","San Benito County",5,71,531,246,285
050,06,069,"California","San Benito County",5,72,486,231,255
050,06,069,"California","San Benito County",5,73,468,213,255
050,06,069,"California","San Benito County",5,74,455,223,232
050,06,069,"California","San Benito County",5,75,431,218,213
050,06,069,"California","San Benito County",5,76,430,222,208
050,06,069,"California","San Benito County",5,77,297,146,151
050,06,069,"California","San Benito County",5,78,288,134,154
050,06,069,"California","San Benito County",5,79,301,137,164
050,06,069,"California","San Benito County",5,80,285,114,171
050,06,069,"California","San Benito County",5,81,225,92,133
050,06,069,"California","San Benito County",5,82,211,85,126
050,06,069,"California","San Benito County",5,83,186,71,115
050,06,069,"California","San Benito County",5,84,172,69,103
050,06,069,"California","San Benito County",5,85,961,338,623
050,06,071,"California","San Bernardino County",1,0,28018,14327,13691
050,06,071,"California","San Bernardino County",1,1,28395,14587,13808
050,06,071,"California","San Bernardino County",1,2,29348,14999,14349
050,06,071,"California","San Bernardino County",1,3,30587,15692,14895
050,06,071,"California","San Bernardino County",1,4,31042,15870,15172
050,06,071,"California","San Bernardino County",1,5,31433,16070,15363
050,06,071,"California","San Bernardino County",1,6,31091,15834,15257
050,06,071,"California","San Bernardino County",1,7,31211,15817,15394
050,06,071,"California","San Bernardino County",1,8,31207,15936,15271
050,06,071,"California","San Bernardino County",1,9,31928,16277,15651
050,06,071,"California","San Bernardino County",1,10,32397,16467,15930
050,06,071,"California","San Bernardino County",1,11,33579,17271,16308
050,06,071,"California","San Bernardino County",1,12,34530,17834,16696
050,06,071,"California","San Bernardino County",1,13,34386,17680,16706
050,06,071,"California","San Bernardino County",1,14,33452,17203,16249
050,06,071,"California","San Bernardino County",1,15,32730,16864,15866
050,06,071,"California","San Bernardino County",1,16,32604,16702,15902
050,06,071,"California","San Bernardino County",1,17,32512,16667,15845
050,06,071,"California","San Bernardino County",1,18,30212,15873,14339
050,06,071,"California","San Bernardino County",1,19,29334,15665,13669
050,06,071,"California","San Bernardino County",1,20,30518,16326,14192
050,06,071,"California","San Bernardino County",1,21,30832,16383,14449
050,06,071,"California","San Bernardino County",1,22,31405,16500,14905
050,06,071,"California","San Bernardino County",1,23,31819,16519,15300
050,06,071,"California","San Bernardino County",1,24,32310,16571,15739
050,06,071,"California","San Bernardino County",1,25,32861,16765,16096
050,06,071,"California","San Bernardino County",1,26,33664,17326,16338
050,06,071,"California","San Bernardino County",1,27,33624,17234,16390
050,06,071,"California","San Bernardino County",1,28,34550,17700,16850
050,06,071,"California","San Bernardino County",1,29,34887,17835,17052
050,06,071,"California","San Bernardino County",1,30,34758,17715,17043
050,06,071,"California","San Bernardino County",1,31,33227,16934,16293
050,06,071,"California","San Bernardino County",1,32,32348,16493,15855
050,06,071,"California","San Bernardino County",1,33,31293,15935,15358
050,06,071,"California","San Bernardino County",1,34,31228,15993,15235
050,06,071,"California","San Bernardino County",1,35,30771,15864,14907
050,06,071,"California","San Bernardino County",1,36,30169,15498,14671
050,06,071,"California","San Bernardino County",1,37,30403,15481,14922
050,06,071,"California","San Bernardino County",1,38,30095,15252,14843
050,06,071,"California","San Bernardino County",1,39,29606,15083,14523
050,06,071,"California","San Bernardino County",1,40,28918,14585,14333
050,06,071,"California","San Bernardino County",1,41,27588,13890,13698
050,06,071,"California","San Bernardino County",1,42,27344,13719,13625
050,06,071,"California","San Bernardino County",1,43,27120,13545,13575
050,06,071,"California","San Bernardino County",1,44,26742,13370,13372
050,06,071,"California","San Bernardino County",1,45,26388,13192,13196
050,06,071,"California","San Bernardino County",1,46,25821,12761,13060
050,06,071,"California","San Bernardino County",1,47,26028,12865,13163
050,06,071,"California","San Bernardino County",1,48,26399,13085,13314
050,06,071,"California","San Bernardino County",1,49,27762,13700,14062
050,06,071,"California","San Bernardino County",1,50,27194,13680,13514
050,06,071,"California","San Bernardino County",1,51,26187,13187,13000
050,06,071,"California","San Bernardino County",1,52,25713,12859,12854
050,06,071,"California","San Bernardino County",1,53,25537,12716,12821
050,06,071,"California","San Bernardino County",1,54,25621,12738,12883
050,06,071,"California","San Bernardino County",1,55,26443,13033,13410
050,06,071,"California","San Bernardino County",1,56,26521,13040,13481
050,06,071,"California","San Bernardino County",1,57,26251,12892,13359
050,06,071,"California","San Bernardino County",1,58,26237,12827,13410
050,06,071,"California","San Bernardino County",1,59,25983,12767,13216
050,06,071,"California","San Bernardino County",1,60,25455,12556,12899
050,06,071,"California","San Bernardino County",1,61,24576,11949,12627
050,06,071,"California","San Bernardino County",1,62,23938,11639,12299
050,06,071,"California","San Bernardino County",1,63,22810,11038,11772
050,06,071,"California","San Bernardino County",1,64,21740,10446,11294
050,06,071,"California","San Bernardino County",1,65,21213,10148,11065
050,06,071,"California","San Bernardino County",1,66,20071,9604,10467
050,06,071,"California","San Bernardino County",1,67,18555,8782,9773
050,06,071,"California","San Bernardino County",1,68,17375,8155,9220
050,06,071,"California","San Bernardino County",1,69,16466,7761,8705
050,06,071,"California","San Bernardino County",1,70,15739,7388,8351
050,06,071,"California","San Bernardino County",1,71,14906,7009,7897
050,06,071,"California","San Bernardino County",1,72,14560,6748,7812
050,06,071,"California","San Bernardino County",1,73,14293,6729,7564
050,06,071,"California","San Bernardino County",1,74,10532,4842,5690
050,06,071,"California","San Bernardino County",1,75,10249,4729,5520
050,06,071,"California","San Bernardino County",1,76,9755,4472,5283
050,06,071,"California","San Bernardino County",1,77,9451,4276,5175
050,06,071,"California","San Bernardino County",1,78,8028,3600,4428
050,06,071,"California","San Bernardino County",1,79,7126,3134,3992
050,06,071,"California","San Bernardino County",1,80,6506,2791,3715
050,06,071,"California","San Bernardino County",1,81,5955,2577,3378
050,06,071,"California","San Bernardino County",1,82,5551,2386,3165
050,06,071,"California","San Bernardino County",1,83,4995,2088,2907
050,06,071,"California","San Bernardino County",1,84,4485,1817,2668
050,06,071,"California","San Bernardino County",1,85,25169,9245,15924
050,06,071,"California","San Bernardino County",2,0,27583,14104,13479
050,06,071,"California","San Bernardino County",2,1,28400,14557,13843
050,06,071,"California","San Bernardino County",2,2,29157,14904,14253
050,06,071,"California","San Bernardino County",2,3,30231,15489,14742
050,06,071,"California","San Bernardino County",2,4,31011,15865,15146
050,06,071,"California","San Bernardino County",2,5,31422,16054,15368
050,06,071,"California","San Bernardino County",2,6,31246,15928,15318
050,06,071,"California","San Bernardino County",2,7,31181,15823,15358
050,06,071,"California","San Bernardino County",2,8,31129,15856,15273
050,06,071,"California","San Bernardino County",2,9,31784,16222,15562
050,06,071,"California","San Bernardino County",2,10,32347,16471,15876
050,06,071,"California","San Bernardino County",2,11,33162,17015,16147
050,06,071,"California","San Bernardino County",2,12,34481,17804,16677
050,06,071,"California","San Bernardino County",2,13,34405,17725,16680
050,06,071,"California","San Bernardino County",2,14,33672,17313,16359
050,06,071,"California","San Bernardino County",2,15,32954,16979,15975
050,06,071,"California","San Bernardino County",2,16,32687,16759,15928
050,06,071,"California","San Bernardino County",2,17,32541,16667,15874
050,06,071,"California","San Bernardino County",2,18,30216,15864,14352
050,06,071,"California","San Bernardino County",2,19,29328,15642,13686
050,06,071,"California","San Bernardino County",2,20,30724,16427,14297
050,06,071,"California","San Bernardino County",2,21,30789,16383,14406
050,06,071,"California","San Bernardino County",2,22,31351,16463,14888
050,06,071,"California","San Bernardino County",2,23,31678,16403,15275
050,06,071,"California","San Bernardino County",2,24,32081,16450,15631
050,06,071,"California","San Bernardino County",2,25,32756,16718,16038
050,06,071,"California","San Bernardino County",2,26,33439,17141,16298
050,06,071,"California","San Bernardino County",2,27,33541,17203,16338
050,06,071,"California","San Bernardino County",2,28,34345,17601,16744
050,06,071,"California","San Bernardino County",2,29,34759,17773,16986
050,06,071,"California","San Bernardino County",2,30,34955,17820,17135
050,06,071,"California","San Bernardino County",2,31,33434,17014,16420
050,06,071,"California","San Bernardino County",2,32,32505,16556,15949
050,06,071,"California","San Bernardino County",2,33,31491,16013,15478
050,06,071,"California","San Bernardino County",2,34,31259,15990,15269
050,06,071,"California","San Bernardino County",2,35,31020,15964,15056
050,06,071,"California","San Bernardino County",2,36,30146,15466,14680
050,06,071,"California","San Bernardino County",2,37,30379,15495,14884
050,06,071,"California","San Bernardino County",2,38,30286,15351,14935
050,06,071,"California","San Bernardino County",2,39,29562,15034,14528
050,06,071,"California","San Bernardino County",2,40,29274,14808,14466
050,06,071,"California","San Bernardino County",2,41,27830,14003,13827
050,06,071,"California","San Bernardino County",2,42,27305,13709,13596
050,06,071,"California","San Bernardino County",2,43,27250,13610,13640
050,06,071,"California","San Bernardino County",2,44,26670,13339,13331
050,06,071,"California","San Bernardino County",2,45,26543,13260,13283
050,06,071,"California","San Bernardino County",2,46,25868,12806,13062
050,06,071,"California","San Bernardino County",2,47,25923,12800,13123
050,06,071,"California","San Bernardino County",2,48,26301,13031,13270
050,06,071,"California","San Bernardino County",2,49,27457,13562,13895
050,06,071,"California","San Bernardino County",2,50,27278,13653,13625
050,06,071,"California","San Bernardino County",2,51,26322,13237,13085
050,06,071,"California","San Bernardino County",2,52,25850,12942,12908
050,06,071,"California","San Bernardino County",2,53,25468,12683,12785
050,06,071,"California","San Bernardino County",2,54,25533,12714,12819
050,06,071,"California","San Bernardino County",2,55,26215,12939,13276
050,06,071,"California","San Bernardino County",2,56,26523,13036,13487
050,06,071,"California","San Bernardino County",2,57,26199,12862,13337
050,06,071,"California","San Bernardino County",2,58,26170,12802,13368
050,06,071,"California","San Bernardino County",2,59,25893,12697,13196
050,06,071,"California","San Bernardino County",2,60,25584,12602,12982
050,06,071,"California","San Bernardino County",2,61,24661,12025,12636
050,06,071,"California","San Bernardino County",2,62,23878,11598,12280
050,06,071,"California","San Bernardino County",2,63,23106,11201,11905
050,06,071,"California","San Bernardino County",2,64,21781,10463,11318
050,06,071,"California","San Bernardino County",2,65,21245,10175,11070
050,06,071,"California","San Bernardino County",2,66,20260,9679,10581
050,06,071,"California","San Bernardino County",2,67,18751,8892,9859
050,06,071,"California","San Bernardino County",2,68,17480,8218,9262
050,06,071,"California","San Bernardino County",2,69,16634,7825,8809
050,06,071,"California","San Bernardino County",2,70,15844,7422,8422
050,06,071,"California","San Bernardino County",2,71,14995,7030,7965
050,06,071,"California","San Bernardino County",2,72,14424,6692,7732
050,06,071,"California","San Bernardino County",2,73,14726,6902,7824
050,06,071,"California","San Bernardino County",2,74,10851,5005,5846
050,06,071,"California","San Bernardino County",2,75,10267,4733,5534
050,06,071,"California","San Bernardino County",2,76,9734,4447,5287
050,06,071,"California","San Bernardino County",2,77,9534,4318,5216
050,06,071,"California","San Bernardino County",2,78,8180,3671,4509
050,06,071,"California","San Bernardino County",2,79,7246,3183,4063
050,06,071,"California","San Bernardino County",2,80,6589,2842,3747
050,06,071,"California","San Bernardino County",2,81,5976,2567,3409
050,06,071,"California","San Bernardino County",2,82,5582,2389,3193
050,06,071,"California","San Bernardino County",2,83,5020,2107,2913
050,06,071,"California","San Bernardino County",2,84,4515,1838,2677
050,06,071,"California","San Bernardino County",2,85,25219,9283,15936
050,06,071,"California","San Bernardino County",3,0,26066,13330,12736
050,06,071,"California","San Bernardino County",3,1,27786,14269,13517
050,06,071,"California","San Bernardino County",3,2,28576,14614,13962
050,06,071,"California","San Bernardino County",3,3,29511,15072,14439
050,06,071,"California","San Bernardino County",3,4,30337,15559,14778
050,06,071,"California","San Bernardino County",3,5,31214,15960,15254
050,06,071,"California","San Bernardino County",3,6,31542,16059,15483
050,06,071,"California","San Bernardino County",3,7,31347,15989,15358
050,06,071,"California","San Bernardino County",3,8,31312,15892,15420
050,06,071,"California","San Bernardino County",3,9,31350,15946,15404
050,06,071,"California","San Bernardino County",3,10,31889,16343,15546
050,06,071,"California","San Bernardino County",3,11,32541,16576,15965
050,06,071,"California","San Bernardino County",3,12,33354,17102,16252
050,06,071,"California","San Bernardino County",3,13,34692,17902,16790
050,06,071,"California","San Bernardino County",3,14,34572,17778,16794
050,06,071,"California","San Bernardino County",3,15,33899,17416,16483
050,06,071,"California","San Bernardino County",3,16,33010,17013,15997
050,06,071,"California","San Bernardino County",3,17,32857,16820,16037
050,06,071,"California","San Bernardino County",3,18,30632,16124,14508
050,06,071,"California","San Bernardino County",3,19,29224,15649,13575
050,06,071,"California","San Bernardino County",3,20,30717,16531,14186
050,06,071,"California","San Bernardino County",3,21,31474,16960,14514
050,06,071,"California","San Bernardino County",3,22,31485,16683,14802
050,06,071,"California","San Bernardino County",3,23,31248,16190,15058
050,06,071,"California","San Bernardino County",3,24,31727,16323,15404
050,06,071,"California","San Bernardino County",3,25,32303,16543,15760
050,06,071,"California","San Bernardino County",3,26,32793,16751,16042
050,06,071,"California","San Bernardino County",3,27,33692,17221,16471
050,06,071,"California","San Bernardino County",3,28,33737,17268,16469
050,06,071,"California","San Bernardino County",3,29,34512,17733,16779
050,06,071,"California","San Bernardino County",3,30,35118,17873,17245
050,06,071,"California","San Bernardino County",3,31,35316,17979,17337
050,06,071,"California","San Bernardino County",3,32,33708,17089,16619
050,06,071,"California","San Bernardino County",3,33,32867,16753,16114
050,06,071,"California","San Bernardino County",3,34,31859,16187,15672
050,06,071,"California","San Bernardino County",3,35,31616,16199,15417
050,06,071,"California","San Bernardino County",3,36,31231,15968,15263
050,06,071,"California","San Bernardino County",3,37,30373,15573,14800
050,06,071,"California","San Bernardino County",3,38,30628,15558,15070
050,06,071,"California","San Bernardino County",3,39,30269,15336,14933
050,06,071,"California","San Bernardino County",3,40,29596,15012,14584
050,06,071,"California","San Bernardino County",3,41,29335,14869,14466
050,06,071,"California","San Bernardino County",3,42,27889,13979,13910
050,06,071,"California","San Bernardino County",3,43,27289,13695,13594
050,06,071,"California","San Bernardino County",3,44,27288,13608,13680
050,06,071,"California","San Bernardino County",3,45,26764,13339,13425
050,06,071,"California","San Bernardino County",3,46,26563,13273,13290
050,06,071,"California","San Bernardino County",3,47,25841,12759,13082
050,06,071,"California","San Bernardino County",3,48,25847,12733,13114
050,06,071,"California","San Bernardino County",3,49,26227,12994,13233
050,06,071,"California","San Bernardino County",3,50,27253,13420,13833
050,06,071,"California","San Bernardino County",3,51,27160,13568,13592
050,06,071,"California","San Bernardino County",3,52,26165,13185,12980
050,06,071,"California","San Bernardino County",3,53,25718,12823,12895
050,06,071,"California","San Bernardino County",3,54,25208,12582,12626
050,06,071,"California","San Bernardino County",3,55,25144,12485,12659
050,06,071,"California","San Bernardino County",3,56,25858,12716,13142
050,06,071,"California","San Bernardino County",3,57,25973,12724,13249
050,06,071,"California","San Bernardino County",3,58,25732,12563,13169
050,06,071,"California","San Bernardino County",3,59,25590,12498,13092
050,06,071,"California","San Bernardino County",3,60,25433,12395,13038
050,06,071,"California","San Bernardino County",3,61,24973,12255,12718
050,06,071,"California","San Bernardino County",3,62,23942,11650,12292
050,06,071,"California","San Bernardino County",3,63,23228,11242,11986
050,06,071,"California","San Bernardino County",3,64,22398,10814,11584
050,06,071,"California","San Bernardino County",3,65,21163,10130,11033
050,06,071,"California","San Bernardino County",3,66,20534,9718,10816
050,06,071,"California","San Bernardino County",3,67,19511,9244,10267
050,06,071,"California","San Bernardino County",3,68,18197,8545,9652
050,06,071,"California","San Bernardino County",3,69,16897,7854,9043
050,06,071,"California","San Bernardino County",3,70,15995,7437,8558
050,06,071,"California","San Bernardino County",3,71,15299,7128,8171
050,06,071,"California","San Bernardino County",3,72,14403,6661,7742
050,06,071,"California","San Bernardino County",3,73,13726,6319,7407
050,06,071,"California","San Bernardino County",3,74,14012,6493,7519
050,06,071,"California","San Bernardino County",3,75,10337,4712,5625
050,06,071,"California","San Bernardino County",3,76,9760,4456,5304
050,06,071,"California","San Bernardino County",3,77,9154,4121,5033
050,06,071,"California","San Bernardino County",3,78,8927,4011,4916
050,06,071,"California","San Bernardino County",3,79,7725,3430,4295
050,06,071,"California","San Bernardino County",3,80,6725,2915,3810
050,06,071,"California","San Bernardino County",3,81,6086,2549,3537
050,06,071,"California","San Bernardino County",3,82,5514,2340,3174
050,06,071,"California","San Bernardino County",3,83,5049,2137,2912
050,06,071,"California","San Bernardino County",3,84,4551,1857,2694
050,06,071,"California","San Bernardino County",3,85,24724,9110,15614
050,06,071,"California","San Bernardino County",4,0,26528,13546,12982
050,06,071,"California","San Bernardino County",4,1,26146,13402,12744
050,06,071,"California","San Bernardino County",4,2,27792,14337,13455
050,06,071,"California","San Bernardino County",4,3,28725,14706,14019
050,06,071,"California","San Bernardino County",4,4,29434,14987,14447
050,06,071,"California","San Bernardino County",4,5,30524,15680,14844
050,06,071,"California","San Bernardino County",4,6,31305,15952,15353
050,06,071,"California","San Bernardino County",4,7,31609,16123,15486
050,06,071,"California","San Bernardino County",4,8,31614,16178,15436
050,06,071,"California","San Bernardino County",4,9,31445,15945,15500
050,06,071,"California","San Bernardino County",4,10,31468,16013,15455
050,06,071,"California","San Bernardino County",4,11,31957,16389,15568
050,06,071,"California","San Bernardino County",4,12,32533,16567,15966
050,06,071,"California","San Bernardino County",4,13,33417,17101,16316
050,06,071,"California","San Bernardino County",4,14,34687,17858,16829
050,06,071,"California","San Bernardino County",4,15,34552,17769,16783
050,06,071,"California","San Bernardino County",4,16,33904,17372,16532
050,06,071,"California","San Bernardino County",4,17,33044,17052,15992
050,06,071,"California","San Bernardino County",4,18,30798,16231,14567
050,06,071,"California","San Bernardino County",4,19,29284,15775,13509
050,06,071,"California","San Bernardino County",4,20,30374,16355,14019
050,06,071,"California","San Bernardino County",4,21,31367,16947,14420
050,06,071,"California","San Bernardino County",4,22,31971,17108,14863
050,06,071,"California","San Bernardino County",4,23,31218,16272,14946
050,06,071,"California","San Bernardino County",4,24,31166,16070,15096
050,06,071,"California","San Bernardino County",4,25,31545,16164,15381
050,06,071,"California","San Bernardino County",4,26,31894,16248,15646
050,06,071,"California","San Bernardino County",4,27,32544,16551,15993
050,06,071,"California","San Bernardino County",4,28,33509,17056,16453
050,06,071,"California","San Bernardino County",4,29,33623,17220,16403
050,06,071,"California","San Bernardino County",4,30,34360,17620,16740
050,06,071,"California","San Bernardino County",4,31,35036,17915,17121
050,06,071,"California","San Bernardino County",4,32,35276,17987,17289
050,06,071,"California","San Bernardino County",4,33,33688,17070,16618
050,06,071,"California","San Bernardino County",4,34,32973,16783,16190
050,06,071,"California","San Bernardino County",4,35,31974,16245,15729
050,06,071,"California","San Bernardino County",4,36,31569,16159,15410
050,06,071,"California","San Bernardino County",4,37,31335,16054,15281
050,06,071,"California","San Bernardino County",4,38,30410,15573,14837
050,06,071,"California","San Bernardino County",4,39,30674,15625,15049
050,06,071,"California","San Bernardino County",4,40,30210,15325,14885
050,06,071,"California","San Bernardino County",4,41,29670,15051,14619
050,06,071,"California","San Bernardino County",4,42,29116,14748,14368
050,06,071,"California","San Bernardino County",4,43,27769,13923,13846
050,06,071,"California","San Bernardino County",4,44,27151,13622,13529
050,06,071,"California","San Bernardino County",4,45,27236,13630,13606
050,06,071,"California","San Bernardino County",4,46,26672,13271,13401
050,06,071,"California","San Bernardino County",4,47,26560,13261,13299
050,06,071,"California","San Bernardino County",4,48,25721,12720,13001
050,06,071,"California","San Bernardino County",4,49,25713,12653,13060
050,06,071,"California","San Bernardino County",4,50,25878,12810,13068
050,06,071,"California","San Bernardino County",4,51,27042,13292,13750
050,06,071,"California","San Bernardino County",4,52,26823,13323,13500
050,06,071,"California","San Bernardino County",4,53,25942,13074,12868
050,06,071,"California","San Bernardino County",4,54,25297,12596,12701
050,06,071,"California","San Bernardino County",4,55,24810,12328,12482
050,06,071,"California","San Bernardino County",4,56,24721,12250,12471
050,06,071,"California","San Bernardino County",4,57,25270,12366,12904
050,06,071,"California","San Bernardino County",4,58,25536,12452,13084
050,06,071,"California","San Bernardino County",4,59,25318,12359,12959
050,06,071,"California","San Bernardino County",4,60,25084,12259,12825
050,06,071,"California","San Bernardino County",4,61,24882,12166,12716
050,06,071,"California","San Bernardino County",4,62,24279,11859,12420
050,06,071,"California","San Bernardino County",4,63,23279,11324,11955
050,06,071,"California","San Bernardino County",4,64,22502,10884,11618
050,06,071,"California","San Bernardino County",4,65,21681,10396,11285
050,06,071,"California","San Bernardino County",4,66,20501,9783,10718
050,06,071,"California","San Bernardino County",4,67,19803,9302,10501
050,06,071,"California","San Bernardino County",4,68,18868,8905,9963
050,06,071,"California","San Bernardino County",4,69,17624,8209,9415
050,06,071,"California","San Bernardino County",4,70,16230,7478,8752
050,06,071,"California","San Bernardino County",4,71,15384,7123,8261
050,06,071,"California","San Bernardino County",4,72,14748,6766,7982
050,06,071,"California","San Bernardino County",4,73,13841,6368,7473
050,06,071,"California","San Bernardino County",4,74,13034,5990,7044
050,06,071,"California","San Bernardino County",4,75,13347,6136,7211
050,06,071,"California","San Bernardino County",4,76,9905,4466,5439
050,06,071,"California","San Bernardino County",4,77,9221,4184,5037
050,06,071,"California","San Bernardino County",4,78,8601,3825,4776
050,06,071,"California","San Bernardino County",4,79,8418,3721,4697
050,06,071,"California","San Bernardino County",4,80,7225,3182,4043
050,06,071,"California","San Bernardino County",4,81,6258,2662,3596
050,06,071,"California","San Bernardino County",4,82,5707,2388,3319
050,06,071,"California","San Bernardino County",4,83,5092,2126,2966
050,06,071,"California","San Bernardino County",4,84,4633,1908,2725
050,06,071,"California","San Bernardino County",4,85,25034,9275,15759
050,06,071,"California","San Bernardino County",5,0,25988,13262,12726
050,06,071,"California","San Bernardino County",5,1,26766,13545,13221
050,06,071,"California","San Bernardino County",5,2,26202,13407,12795
050,06,071,"California","San Bernardino County",5,3,27762,14239,13523
050,06,071,"California","San Bernardino County",5,4,28683,14657,14026
050,06,071,"California","San Bernardino County",5,5,29486,14942,14544
050,06,071,"California","San Bernardino County",5,6,30558,15688,14870
050,06,071,"California","San Bernardino County",5,7,31244,16000,15244
050,06,071,"California","San Bernardino County",5,8,31510,16016,15494
050,06,071,"California","San Bernardino County",5,9,31669,16181,15488
050,06,071,"California","San Bernardino County",5,10,31494,15957,15537
050,06,071,"California","San Bernardino County",5,11,31405,16007,15398
050,06,071,"California","San Bernardino County",5,12,32035,16418,15617
050,06,071,"California","San Bernardino County",5,13,32585,16567,16018
050,06,071,"California","San Bernardino County",5,14,33314,17031,16283
050,06,071,"California","San Bernardino County",5,15,34687,17858,16829
050,06,071,"California","San Bernardino County",5,16,34576,17781,16795
050,06,071,"California","San Bernardino County",5,17,33844,17346,16498
050,06,071,"California","San Bernardino County",5,18,31082,16370,14712
050,06,071,"California","San Bernardino County",5,19,29451,15740,13711
050,06,071,"California","San Bernardino County",5,20,30418,16373,14045
050,06,071,"California","San Bernardino County",5,21,30842,16531,14311
050,06,071,"California","San Bernardino County",5,22,31580,16855,14725
050,06,071,"California","San Bernardino County",5,23,31426,16473,14953
050,06,071,"California","San Bernardino County",5,24,30670,15831,14839
050,06,071,"California","San Bernardino County",5,25,30880,15820,15060
050,06,071,"California","San Bernardino County",5,26,31169,15889,15280
050,06,071,"California","San Bernardino County",5,27,31670,16059,15611
050,06,071,"California","San Bernardino County",5,28,32467,16507,15960
050,06,071,"California","San Bernardino County",5,29,33230,16910,16320
050,06,071,"California","San Bernardino County",5,30,33547,17099,16448
050,06,071,"California","San Bernardino County",5,31,34351,17534,16817
050,06,071,"California","San Bernardino County",5,32,34978,17859,17119
050,06,071,"California","San Bernardino County",5,33,35162,17874,17288
050,06,071,"California","San Bernardino County",5,34,33692,17072,16620
050,06,071,"California","San Bernardino County",5,35,32901,16721,16180
050,06,071,"California","San Bernardino County",5,36,31887,16153,15734
050,06,071,"California","San Bernardino County",5,37,31498,16167,15331
050,06,071,"California","San Bernardino County",5,38,31265,15982,15283
050,06,071,"California","San Bernardino County",5,39,30227,15491,14736
050,06,071,"California","San Bernardino County",5,40,30627,15510,15117
050,06,071,"California","San Bernardino County",5,41,30329,15378,14951
050,06,071,"California","San Bernardino County",5,42,29457,14908,14549
050,06,071,"California","San Bernardino County",5,43,29040,14695,14345
050,06,071,"California","San Bernardino County",5,44,27609,13816,13793
050,06,071,"California","San Bernardino County",5,45,27003,13510,13493
050,06,071,"California","San Bernardino County",5,46,27077,13506,13571
050,06,071,"California","San Bernardino County",5,47,26458,13138,13320
050,06,071,"California","San Bernardino County",5,48,26464,13238,13226
050,06,071,"California","San Bernardino County",5,49,25581,12616,12965
050,06,071,"California","San Bernardino County",5,50,25534,12629,12905
050,06,071,"California","San Bernardino County",5,51,25751,12698,13053
050,06,071,"California","San Bernardino County",5,52,26770,13065,13705
050,06,071,"California","San Bernardino County",5,53,26625,13204,13421
050,06,071,"California","San Bernardino County",5,54,25668,12953,12715
050,06,071,"California","San Bernardino County",5,55,25007,12382,12625
050,06,071,"California","San Bernardino County",5,56,24504,12212,12292
050,06,071,"California","San Bernardino County",5,57,24271,11967,12304
050,06,071,"California","San Bernardino County",5,58,24976,12184,12792
050,06,071,"California","San Bernardino County",5,59,25087,12215,12872
050,06,071,"California","San Bernardino County",5,60,24904,12087,12817
050,06,071,"California","San Bernardino County",5,61,24581,11972,12609
050,06,071,"California","San Bernardino County",5,62,24301,11813,12488
050,06,071,"California","San Bernardino County",5,63,23644,11523,12121
050,06,071,"California","San Bernardino County",5,64,22653,10972,11681
050,06,071,"California","San Bernardino County",5,65,21902,10569,11333
050,06,071,"California","San Bernardino County",5,66,21068,10068,11000
050,06,071,"California","San Bernardino County",5,67,19886,9421,10465
050,06,071,"California","San Bernardino County",5,68,19264,8983,10281
050,06,071,"California","San Bernardino County",5,69,18337,8592,9745
050,06,071,"California","San Bernardino County",5,70,17072,7899,9173
050,06,071,"California","San Bernardino County",5,71,15686,7180,8506
050,06,071,"California","San Bernardino County",5,72,14946,6869,8077
050,06,071,"California","San Bernardino County",5,73,14265,6545,7720
050,06,071,"California","San Bernardino County",5,74,13327,6120,7207
050,06,071,"California","San Bernardino County",5,75,12503,5724,6779
050,06,071,"California","San Bernardino County",5,76,12830,5880,6950
050,06,071,"California","San Bernardino County",5,77,9414,4196,5218
050,06,071,"California","San Bernardino County",5,78,8757,3910,4847
050,06,071,"California","San Bernardino County",5,79,8158,3587,4571
050,06,071,"California","San Bernardino County",5,80,7903,3472,4431
050,06,071,"California","San Bernardino County",5,81,6775,2942,3833
050,06,071,"California","San Bernardino County",5,82,5915,2526,3389
050,06,071,"California","San Bernardino County",5,83,5321,2215,3106
050,06,071,"California","San Bernardino County",5,84,4684,1910,2774
050,06,071,"California","San Bernardino County",5,85,25476,9506,15970
050,06,073,"California","San Diego County",1,0,38090,19504,18586
050,06,073,"California","San Diego County",1,1,37873,19426,18447
050,06,073,"California","San Diego County",1,2,38571,19819,18752
050,06,073,"California","San Diego County",1,3,39311,20048,19263
050,06,073,"California","San Diego County",1,4,40020,20320,19700
050,06,073,"California","San Diego County",1,5,40529,20828,19701
050,06,073,"California","San Diego County",1,6,39659,20444,19215
050,06,073,"California","San Diego County",1,7,39527,20258,19269
050,06,073,"California","San Diego County",1,8,39726,20499,19227
050,06,073,"California","San Diego County",1,9,39492,20254,19238
050,06,073,"California","San Diego County",1,10,38814,19933,18881
050,06,073,"California","San Diego County",1,11,39262,20178,19084
050,06,073,"California","San Diego County",1,12,40505,20678,19827
050,06,073,"California","San Diego County",1,13,40357,20606,19751
050,06,073,"California","San Diego County",1,14,39414,20227,19187
050,06,073,"California","San Diego County",1,15,38959,19946,19013
050,06,073,"California","San Diego County",1,16,38881,19806,19075
050,06,073,"California","San Diego County",1,17,38558,19713,18845
050,06,073,"California","San Diego County",1,18,42971,22328,20643
050,06,073,"California","San Diego County",1,19,47340,25780,21560
050,06,073,"California","San Diego County",1,20,46435,26166,20269
050,06,073,"California","San Diego County",1,21,45818,25965,19853
050,06,073,"California","San Diego County",1,22,46849,26113,20736
050,06,073,"California","San Diego County",1,23,47653,25972,21681
050,06,073,"California","San Diego County",1,24,49190,26337,22853
050,06,073,"California","San Diego County",1,25,50461,26793,23668
050,06,073,"California","San Diego County",1,26,51736,27457,24279
050,06,073,"California","San Diego County",1,27,52957,27973,24984
050,06,073,"California","San Diego County",1,28,54290,28496,25794
050,06,073,"California","San Diego County",1,29,56155,29319,26836
050,06,073,"California","San Diego County",1,30,56290,28875,27415
050,06,073,"California","San Diego County",1,31,54758,28126,26632
050,06,073,"California","San Diego County",1,32,53508,27896,25612
050,06,073,"California","San Diego County",1,33,52146,27440,24706
050,06,073,"California","San Diego County",1,34,51491,26983,24508
050,06,073,"California","San Diego County",1,35,50290,26411,23879
050,06,073,"California","San Diego County",1,36,49430,25752,23678
050,06,073,"California","San Diego County",1,37,49322,25761,23561
050,06,073,"California","San Diego County",1,38,48267,25174,23093
050,06,073,"California","San Diego County",1,39,47085,24402,22683
050,06,073,"California","San Diego County",1,40,45598,23597,22001
050,06,073,"California","San Diego County",1,41,43410,22378,21032
050,06,073,"California","San Diego County",1,42,42259,21574,20685
050,06,073,"California","San Diego County",1,43,40945,20785,20160
050,06,073,"California","San Diego County",1,44,40214,20413,19801
050,06,073,"California","San Diego County",1,45,40449,20429,20020
050,06,073,"California","San Diego County",1,46,39485,19963,19522
050,06,073,"California","San Diego County",1,47,39515,19922,19593
050,06,073,"California","San Diego County",1,48,40458,20496,19962
050,06,073,"California","San Diego County",1,49,42659,21643,21016
050,06,073,"California","San Diego County",1,50,42048,21272,20776
050,06,073,"California","San Diego County",1,51,40420,20261,20159
050,06,073,"California","San Diego County",1,52,39454,19871,19583
050,06,073,"California","San Diego County",1,53,38857,19515,19342
050,06,073,"California","San Diego County",1,54,38995,19483,19512
050,06,073,"California","San Diego County",1,55,40851,20483,20368
050,06,073,"California","San Diego County",1,56,41264,20632,20632
050,06,073,"California","San Diego County",1,57,41010,20563,20447
050,06,073,"California","San Diego County",1,58,40936,20449,20487
050,06,073,"California","San Diego County",1,59,40841,20312,20529
050,06,073,"California","San Diego County",1,60,40079,19915,20164
050,06,073,"California","San Diego County",1,61,38751,19145,19606
050,06,073,"California","San Diego County",1,62,38061,18874,19187
050,06,073,"California","San Diego County",1,63,36904,18023,18881
050,06,073,"California","San Diego County",1,64,35689,17199,18490
050,06,073,"California","San Diego County",1,65,34860,16711,18149
050,06,073,"California","San Diego County",1,66,33251,15917,17334
050,06,073,"California","San Diego County",1,67,31586,15063,16523
050,06,073,"California","San Diego County",1,68,30076,14329,15747
050,06,073,"California","San Diego County",1,69,28299,13391,14908
050,06,073,"California","San Diego County",1,70,27599,12959,14640
050,06,073,"California","San Diego County",1,71,26740,12455,14285
050,06,073,"California","San Diego County",1,72,26530,12427,14103
050,06,073,"California","San Diego County",1,73,26003,12257,13746
050,06,073,"California","San Diego County",1,74,19428,8923,10505
050,06,073,"California","San Diego County",1,75,18737,8562,10175
050,06,073,"California","San Diego County",1,76,17651,8010,9641
050,06,073,"California","San Diego County",1,77,17136,7791,9345
050,06,073,"California","San Diego County",1,78,14682,6620,8062
050,06,073,"California","San Diego County",1,79,13262,5850,7412
050,06,073,"California","San Diego County",1,80,12255,5321,6934
050,06,073,"California","San Diego County",1,81,11671,5001,6670
050,06,073,"California","San Diego County",1,82,10588,4510,6078
050,06,073,"California","San Diego County",1,83,9714,4099,5615
050,06,073,"California","San Diego County",1,84,9048,3800,5248
050,06,073,"California","San Diego County",1,85,58390,21698,36692
050,06,073,"California","San Diego County",2,0,37687,19309,18378
050,06,073,"California","San Diego County",2,1,37759,19349,18410
050,06,073,"California","San Diego County",2,2,38237,19630,18607
050,06,073,"California","San Diego County",2,3,38925,19883,19042
050,06,073,"California","San Diego County",2,4,39838,20245,19593
050,06,073,"California","San Diego County",2,5,40334,20686,19648
050,06,073,"California","San Diego County",2,6,39798,20513,19285
050,06,073,"California","San Diego County",2,7,39412,20235,19177
050,06,073,"California","San Diego County",2,8,39442,20319,19123
050,06,073,"California","San Diego County",2,9,39467,20291,19176
050,06,073,"California","San Diego County",2,10,38924,19986,18938
050,06,073,"California","San Diego County",2,11,38886,19971,18915
050,06,073,"California","San Diego County",2,12,40310,20626,19684
050,06,073,"California","San Diego County",2,13,40251,20547,19704
050,06,073,"California","San Diego County",2,14,39578,20288,19290
050,06,073,"California","San Diego County",2,15,39021,19986,19035
050,06,073,"California","San Diego County",2,16,38912,19843,19069
050,06,073,"California","San Diego County",2,17,38649,19744,18905
050,06,073,"California","San Diego County",2,18,42893,22203,20690
050,06,073,"California","San Diego County",2,19,47078,25509,21569
050,06,073,"California","San Diego County",2,20,46216,25835,20381
050,06,073,"California","San Diego County",2,21,45260,25474,19786
050,06,073,"California","San Diego County",2,22,46321,25676,20645
050,06,073,"California","San Diego County",2,23,47141,25542,21599
050,06,073,"California","San Diego County",2,24,48549,25918,22631
050,06,073,"California","San Diego County",2,25,50043,26494,23549
050,06,073,"California","San Diego County",2,26,51448,27237,24211
050,06,073,"California","San Diego County",2,27,52470,27718,24752
050,06,073,"California","San Diego County",2,28,53936,28334,25602
050,06,073,"California","San Diego County",2,29,55557,29005,26552
050,06,073,"California","San Diego County",2,30,56397,29026,27371
050,06,073,"California","San Diego County",2,31,54735,28114,26621
050,06,073,"California","San Diego County",2,32,53566,27801,25765
050,06,073,"California","San Diego County",2,33,52292,27445,24847
050,06,073,"California","San Diego County",2,34,51525,27031,24494
050,06,073,"California","San Diego County",2,35,50723,26640,24083
050,06,073,"California","San Diego County",2,36,49256,25687,23569
050,06,073,"California","San Diego County",2,37,49255,25713,23542
050,06,073,"California","San Diego County",2,38,48540,25307,23233
050,06,073,"California","San Diego County",2,39,47043,24393,22650
050,06,073,"California","San Diego County",2,40,46141,23880,22261
050,06,073,"California","San Diego County",2,41,43708,22523,21185
050,06,073,"California","San Diego County",2,42,42265,21630,20635
050,06,073,"California","San Diego County",2,43,41307,20961,20346
050,06,073,"California","San Diego County",2,44,40059,20341,19718
050,06,073,"California","San Diego County",2,45,40470,20453,20017
050,06,073,"California","San Diego County",2,46,39583,20006,19577
050,06,073,"California","San Diego County",2,47,39333,19822,19511
050,06,073,"California","San Diego County",2,48,40180,20330,19850
050,06,073,"California","San Diego County",2,49,42134,21365,20769
050,06,073,"California","San Diego County",2,50,42172,21344,20828
050,06,073,"California","San Diego County",2,51,40540,20355,20185
050,06,073,"California","San Diego County",2,52,39590,19903,19687
050,06,073,"California","San Diego County",2,53,38806,19486,19320
050,06,073,"California","San Diego County",2,54,38830,19411,19419
050,06,073,"California","San Diego County",2,55,40340,20210,20130
050,06,073,"California","San Diego County",2,56,41074,20532,20542
050,06,073,"California","San Diego County",2,57,40943,20514,20429
050,06,073,"California","San Diego County",2,58,40820,20382,20438
050,06,073,"California","San Diego County",2,59,40740,20287,20453
050,06,073,"California","San Diego County",2,60,40189,19950,20239
050,06,073,"California","San Diego County",2,61,38789,19184,19605
050,06,073,"California","San Diego County",2,62,37962,18799,19163
050,06,073,"California","San Diego County",2,63,37278,18271,19007
050,06,073,"California","San Diego County",2,64,35630,17198,18432
050,06,073,"California","San Diego County",2,65,34890,16739,18151
050,06,073,"California","San Diego County",2,66,33517,16027,17490
050,06,073,"California","San Diego County",2,67,31755,15146,16609
050,06,073,"California","San Diego County",2,68,30163,14358,15805
050,06,073,"California","San Diego County",2,69,28691,13590,15101
050,06,073,"California","San Diego County",2,70,27633,12970,14663
050,06,073,"California","San Diego County",2,71,26821,12508,14313
050,06,073,"California","San Diego County",2,72,26128,12199,13929
050,06,073,"California","San Diego County",2,73,27002,12710,14292
050,06,073,"California","San Diego County",2,74,19884,9175,10709
050,06,073,"California","San Diego County",2,75,18840,8599,10241
050,06,073,"California","San Diego County",2,76,17667,8009,9658
050,06,073,"California","San Diego County",2,77,17402,7904,9498
050,06,073,"California","San Diego County",2,78,14960,6738,8222
050,06,073,"California","San Diego County",2,79,13413,5934,7479
050,06,073,"California","San Diego County",2,80,12368,5381,6987
050,06,073,"California","San Diego County",2,81,11622,4991,6631
050,06,073,"California","San Diego County",2,82,10764,4579,6185
050,06,073,"California","San Diego County",2,83,9750,4112,5638
050,06,073,"California","San Diego County",2,84,9047,3798,5249
050,06,073,"California","San Diego County",2,85,58424,21738,36686
050,06,073,"California","San Diego County",3,0,36594,18797,17797
050,06,073,"California","San Diego County",3,1,36564,18791,17773
050,06,073,"California","San Diego County",3,2,36902,18902,18000
050,06,073,"California","San Diego County",3,3,37533,19337,18196
050,06,073,"California","San Diego County",3,4,38271,19557,18714
050,06,073,"California","San Diego County",3,5,39394,19993,19401
050,06,073,"California","San Diego County",3,6,39628,20386,19242
050,06,073,"California","San Diego County",3,7,39209,20186,19023
050,06,073,"California","San Diego County",3,8,38871,19969,18902
050,06,073,"California","San Diego County",3,9,38935,20061,18874
050,06,073,"California","San Diego County",3,10,39081,20152,18929
050,06,073,"California","San Diego County",3,11,38459,19730,18729
050,06,073,"California","San Diego County",3,12,38437,19798,18639
050,06,073,"California","San Diego County",3,13,39873,20381,19492
050,06,073,"California","San Diego County",3,14,39996,20410,19586
050,06,073,"California","San Diego County",3,15,39237,20130,19107
050,06,073,"California","San Diego County",3,16,38709,19834,18875
050,06,073,"California","San Diego County",3,17,38739,19762,18977
050,06,073,"California","San Diego County",3,18,40422,21051,19371
050,06,073,"California","San Diego County",3,19,42241,23252,18989
050,06,073,"California","San Diego County",3,20,44099,24983,19116
050,06,073,"California","San Diego County",3,21,44543,25072,19471
050,06,073,"California","San Diego County",3,22,45063,24953,20110
050,06,073,"California","San Diego County",3,23,45861,24721,21140
050,06,073,"California","San Diego County",3,24,47191,25039,22152
050,06,073,"California","San Diego County",3,25,48536,25644,22892
050,06,073,"California","San Diego County",3,26,49923,26092,23831
050,06,073,"California","San Diego County",3,27,51803,27360,24443
050,06,073,"California","San Diego County",3,28,51961,27274,24687
050,06,073,"California","San Diego County",3,29,53560,28044,25516
050,06,073,"California","San Diego County",3,30,55357,28897,26460
050,06,073,"California","San Diego County",3,31,55926,28749,27177
050,06,073,"California","San Diego County",3,32,54327,27919,26408
050,06,073,"California","San Diego County",3,33,53074,27652,25422
050,06,073,"California","San Diego County",3,34,51755,27112,24643
050,06,073,"California","San Diego County",3,35,51040,26799,24241
050,06,073,"California","San Diego County",3,36,50102,26207,23895
050,06,073,"California","San Diego County",3,37,48913,25494,23419
050,06,073,"California","San Diego County",3,38,48679,25359,23320
050,06,073,"California","San Diego County",3,39,47864,24870,22994
050,06,073,"California","San Diego County",3,40,46648,24244,22404
050,06,073,"California","San Diego County",3,41,45526,23510,22016
050,06,073,"California","San Diego County",3,42,43173,22236,20937
050,06,073,"California","San Diego County",3,43,41660,21231,20429
050,06,073,"California","San Diego County",3,44,40782,20722,20060
050,06,073,"California","San Diego County",3,45,39585,20123,19462
050,06,073,"California","San Diego County",3,46,40075,20276,19799
050,06,073,"California","San Diego County",3,47,39169,19734,19435
050,06,073,"California","San Diego County",3,48,38889,19605,19284
050,06,073,"California","San Diego County",3,49,39644,20033,19611
050,06,073,"California","San Diego County",3,50,41707,21157,20550
050,06,073,"California","San Diego County",3,51,41407,20927,20480
050,06,073,"California","San Diego County",3,52,40068,20019,20049
050,06,073,"California","San Diego County",3,53,38933,19533,19400
050,06,073,"California","San Diego County",3,54,38259,19123,19136
050,06,073,"California","San Diego County",3,55,38259,19121,19138
050,06,073,"California","San Diego County",3,56,39569,19715,19854
050,06,073,"California","San Diego County",3,57,40406,20189,20217
050,06,073,"California","San Diego County",3,58,40198,20025,20173
050,06,073,"California","San Diego County",3,59,40277,20081,20196
050,06,073,"California","San Diego County",3,60,39878,19844,20034
050,06,073,"California","San Diego County",3,61,39307,19441,19866
050,06,073,"California","San Diego County",3,62,37818,18637,19181
050,06,073,"California","San Diego County",3,63,37124,18341,18783
050,06,073,"California","San Diego County",3,64,36272,17657,18615
050,06,073,"California","San Diego County",3,65,34777,16771,18006
050,06,073,"California","San Diego County",3,66,34122,16316,17806
050,06,073,"California","San Diego County",3,67,32738,15584,17154
050,06,073,"California","San Diego County",3,68,31145,14803,16342
050,06,073,"California","San Diego County",3,69,29534,13984,15550
050,06,073,"California","San Diego County",3,70,27976,13098,14878
050,06,073,"California","San Diego County",3,71,27007,12622,14385
050,06,073,"California","San Diego County",3,72,26174,12109,14065
050,06,073,"California","San Diego County",3,73,25406,11807,13599
050,06,073,"California","San Diego County",3,74,26290,12313,13977
050,06,073,"California","San Diego County",3,75,19382,8855,10527
050,06,073,"California","San Diego County",3,76,18204,8260,9944
050,06,073,"California","San Diego County",3,77,16974,7630,9344
050,06,073,"California","San Diego County",3,78,16783,7549,9234
050,06,073,"California","San Diego County",3,79,14332,6405,7927
050,06,073,"California","San Diego County",3,80,12811,5596,7215
050,06,073,"California","San Diego County",3,81,11784,5092,6692
050,06,073,"California","San Diego County",3,82,10935,4642,6293
050,06,073,"California","San Diego County",3,83,10093,4235,5858
050,06,073,"California","San Diego County",3,84,9020,3737,5283
050,06,073,"California","San Diego County",3,85,57640,21486,36154
050,06,073,"California","San Diego County",4,0,38072,19378,18694
050,06,073,"California","San Diego County",4,1,35528,18244,17284
050,06,073,"California","San Diego County",4,2,35639,18203,17436
050,06,073,"California","San Diego County",4,3,36093,18519,17574
050,06,073,"California","San Diego County",4,4,36893,18989,17904
050,06,073,"California","San Diego County",4,5,37779,19303,18476
050,06,073,"California","San Diego County",4,6,38967,19784,19183
050,06,073,"California","San Diego County",4,7,39085,20097,18988
050,06,073,"California","San Diego County",4,8,38659,19952,18707
050,06,073,"California","San Diego County",4,9,38479,19783,18696
050,06,073,"California","San Diego County",4,10,38419,19785,18634
050,06,073,"California","San Diego County",4,11,38570,19889,18681
050,06,073,"California","San Diego County",4,12,38039,19566,18473
050,06,073,"California","San Diego County",4,13,37995,19588,18407
050,06,073,"California","San Diego County",4,14,39511,20233,19278
050,06,073,"California","San Diego County",4,15,39694,20262,19432
050,06,073,"California","San Diego County",4,16,38992,19986,19006
050,06,073,"California","San Diego County",4,17,38700,19850,18850
050,06,073,"California","San Diego County",4,18,43436,22332,21104
050,06,073,"California","San Diego County",4,19,46773,25338,21435
050,06,073,"California","San Diego County",4,20,45032,25373,19659
050,06,073,"California","San Diego County",4,21,45525,25761,19764
050,06,073,"California","San Diego County",4,22,46000,25524,20476
050,06,073,"California","San Diego County",4,23,45410,24518,20892
050,06,073,"California","San Diego County",4,24,46196,24489,21707
050,06,073,"California","San Diego County",4,25,47556,24850,22706
050,06,073,"California","San Diego County",4,26,49090,25685,23405
050,06,073,"California","San Diego County",4,27,50627,26430,24197
050,06,073,"California","San Diego County",4,28,51780,27238,24542
050,06,073,"California","San Diego County",4,29,52151,27304,24847
050,06,073,"California","San Diego County",4,30,53500,27900,25600
050,06,073,"California","San Diego County",4,31,54847,28634,26213
050,06,073,"California","San Diego County",4,32,55236,28423,26813
050,06,073,"California","San Diego County",4,33,53777,27718,26059
050,06,073,"California","San Diego County",4,34,52505,27300,25205
050,06,073,"California","San Diego County",4,35,51310,26829,24481
050,06,073,"California","San Diego County",4,36,50350,26357,23993
050,06,073,"California","San Diego County",4,37,49550,25916,23634
050,06,073,"California","San Diego County",4,38,48102,25025,23077
050,06,073,"California","San Diego County",4,39,47976,24990,22986
050,06,073,"California","San Diego County",4,40,47195,24512,22683
050,06,073,"California","San Diego County",4,41,45973,23788,22185
050,06,073,"California","San Diego County",4,42,44905,23150,21755
050,06,073,"California","San Diego County",4,43,42390,21745,20645
050,06,073,"California","San Diego County",4,44,41085,20911,20174
050,06,073,"California","San Diego County",4,45,40293,20455,19838
050,06,073,"California","San Diego County",4,46,39137,19907,19230
050,06,073,"California","San Diego County",4,47,39477,19898,19579
050,06,073,"California","San Diego County",4,48,38695,19500,19195
050,06,073,"California","San Diego County",4,49,38376,19304,19072
050,06,073,"California","San Diego County",4,50,39246,19800,19446
050,06,073,"California","San Diego County",4,51,41041,20718,20323
050,06,073,"California","San Diego County",4,52,40855,20615,20240
050,06,073,"California","San Diego County",4,53,39424,19675,19749
050,06,073,"California","San Diego County",4,54,38354,19144,19210
050,06,073,"California","San Diego County",4,55,37696,18902,18794
050,06,073,"California","San Diego County",4,56,37428,18672,18756
050,06,073,"California","San Diego County",4,57,38935,19428,19507
050,06,073,"California","San Diego County",4,58,39568,19715,19853
050,06,073,"California","San Diego County",4,59,39402,19594,19808
050,06,073,"California","San Diego County",4,60,39421,19584,19837
050,06,073,"California","San Diego County",4,61,38936,19243,19693
050,06,073,"California","San Diego County",4,62,38282,18859,19423
050,06,073,"California","San Diego County",4,63,37008,18166,18842
050,06,073,"California","San Diego County",4,64,36033,17710,18323
050,06,073,"California","San Diego County",4,65,35436,17216,18220
050,06,073,"California","San Diego County",4,66,33863,16253,17610
050,06,073,"California","San Diego County",4,67,33098,15721,17377
050,06,073,"California","San Diego County",4,68,31961,15148,16813
050,06,073,"California","San Diego County",4,69,30401,14380,16021
050,06,073,"California","San Diego County",4,70,28826,13555,15271
050,06,073,"California","San Diego County",4,71,27288,12736,14552
050,06,073,"California","San Diego County",4,72,26375,12220,14155
050,06,073,"California","San Diego County",4,73,25512,11752,13760
050,06,073,"California","San Diego County",4,74,24686,11423,13263
050,06,073,"California","San Diego County",4,75,25608,11906,13702
050,06,073,"California","San Diego County",4,76,18719,8502,10217
050,06,073,"California","San Diego County",4,77,17591,7935,9656
050,06,073,"California","San Diego County",4,78,16421,7301,9120
050,06,073,"California","San Diego County",4,79,16098,7164,8934
050,06,073,"California","San Diego County",4,80,13722,6069,7653
050,06,073,"California","San Diego County",4,81,12257,5310,6947
050,06,073,"California","San Diego County",4,82,11155,4786,6369
050,06,073,"California","San Diego County",4,83,10319,4356,5963
050,06,073,"California","San Diego County",4,84,9362,3881,5481
050,06,073,"California","San Diego County",4,85,57480,21443,36037
050,06,073,"California","San Diego County",5,0,37203,18944,18259
050,06,073,"California","San Diego County",5,1,36767,18672,18095
050,06,073,"California","San Diego County",5,2,34535,17734,16801
050,06,073,"California","San Diego County",5,3,34957,17905,17052
050,06,073,"California","San Diego County",5,4,35569,18191,17378
050,06,073,"California","San Diego County",5,5,36440,18765,17675
050,06,073,"California","San Diego County",5,6,37463,19232,18231
050,06,073,"California","San Diego County",5,7,38459,19566,18893
050,06,073,"California","San Diego County",5,8,38561,19779,18782
050,06,073,"California","San Diego County",5,9,38347,19842,18505
050,06,073,"California","San Diego County",5,10,38021,19589,18432
050,06,073,"California","San Diego County",5,11,37862,19485,18377
050,06,073,"California","San Diego County",5,12,38101,19637,18464
050,06,073,"California","San Diego County",5,13,37642,19330,18312
050,06,073,"California","San Diego County",5,14,37660,19473,18187
050,06,073,"California","San Diego County",5,15,39147,20043,19104
050,06,073,"California","San Diego County",5,16,39463,20137,19326
050,06,073,"California","San Diego County",5,17,38928,19982,18946
050,06,073,"California","San Diego County",5,18,43928,22560,21368
050,06,073,"California","San Diego County",5,19,47438,25426,22012
050,06,073,"California","San Diego County",5,20,45448,25374,20074
050,06,073,"California","San Diego County",5,21,43987,24777,19210
050,06,073,"California","San Diego County",5,22,45885,25582,20303
050,06,073,"California","San Diego County",5,23,45560,24474,21086
050,06,073,"California","San Diego County",5,24,45557,23970,21587
050,06,073,"California","San Diego County",5,25,46544,24209,22335
050,06,073,"California","San Diego County",5,26,47911,24845,23066
050,06,073,"California","San Diego County",5,27,49261,25666,23595
050,06,073,"California","San Diego County",5,28,50588,26179,24409
050,06,073,"California","San Diego County",5,29,51747,27083,24664
050,06,073,"California","San Diego County",5,30,52050,27147,24903
050,06,073,"California","San Diego County",5,31,53101,27725,25376
050,06,073,"California","San Diego County",5,32,54548,28427,26121
050,06,073,"California","San Diego County",5,33,54789,28214,26575
050,06,073,"California","San Diego County",5,34,53320,27466,25854
050,06,073,"California","San Diego County",5,35,51831,26970,24861
050,06,073,"California","San Diego County",5,36,50628,26385,24243
050,06,073,"California","San Diego County",5,37,49687,26140,23547
050,06,073,"California","San Diego County",5,38,48916,25614,23302
050,06,073,"California","San Diego County",5,39,47404,24592,22812
050,06,073,"California","San Diego County",5,40,47258,24623,22635
050,06,073,"California","San Diego County",5,41,46525,24057,22468
050,06,073,"California","San Diego County",5,42,45330,23473,21857
050,06,073,"California","San Diego County",5,43,44148,22621,21527
050,06,073,"California","San Diego County",5,44,41737,21412,20325
050,06,073,"California","San Diego County",5,45,40601,20650,19951
050,06,073,"California","San Diego County",5,46,39839,20230,19609
050,06,073,"California","San Diego County",5,47,38575,19527,19048
050,06,073,"California","San Diego County",5,48,38818,19567,19251
050,06,073,"California","San Diego County",5,49,38192,19262,18930
050,06,073,"California","San Diego County",5,50,37950,19059,18891
050,06,073,"California","San Diego County",5,51,38613,19435,19178
050,06,073,"California","San Diego County",5,52,40438,20402,20036
050,06,073,"California","San Diego County",5,53,40239,20249,19990
050,06,073,"California","San Diego County",5,54,38936,19290,19646
050,06,073,"California","San Diego County",5,55,37795,18903,18892
050,06,073,"California","San Diego County",5,56,36975,18499,18476
050,06,073,"California","San Diego County",5,57,36772,18377,18395
050,06,073,"California","San Diego County",5,58,38150,18965,19185
050,06,073,"California","San Diego County",5,59,38954,19408,19546
050,06,073,"California","San Diego County",5,60,38585,19167,19418
050,06,073,"California","San Diego County",5,61,38509,19072,19437
050,06,073,"California","San Diego County",5,62,37955,18681,19274
050,06,073,"California","San Diego County",5,63,37427,18413,19014
050,06,073,"California","San Diego County",5,64,36115,17644,18471
050,06,073,"California","San Diego County",5,65,35308,17270,18038
050,06,073,"California","San Diego County",5,66,34713,16832,17881
050,06,073,"California","San Diego County",5,67,33033,15757,17276
050,06,073,"California","San Diego County",5,68,32484,15399,17085
050,06,073,"California","San Diego County",5,69,31230,14764,16466
050,06,073,"California","San Diego County",5,70,29767,13978,15789
050,06,073,"California","San Diego County",5,71,28207,13230,14977
050,06,073,"California","San Diego County",5,72,26660,12367,14293
050,06,073,"California","San Diego County",5,73,25820,11907,13913
050,06,073,"California","San Diego County",5,74,24925,11415,13510
050,06,073,"California","San Diego County",5,75,24082,11077,13005
050,06,073,"California","San Diego County",5,76,24808,11480,13328
050,06,073,"California","San Diego County",5,77,18111,8192,9919
050,06,073,"California","San Diego County",5,78,17072,7664,9408
050,06,073,"California","San Diego County",5,79,15797,6950,8847
050,06,073,"California","San Diego County",5,80,15464,6853,8611
050,06,073,"California","San Diego County",5,81,13123,5747,7376
050,06,073,"California","San Diego County",5,82,11625,5004,6621
050,06,073,"California","San Diego County",5,83,10596,4529,6067
050,06,073,"California","San Diego County",5,84,9564,3989,5575
050,06,073,"California","San Diego County",5,85,57895,21636,36259
050,06,075,"California","San Francisco County",1,0,8626,4435,4191
050,06,075,"California","San Francisco County",1,1,7903,4065,3838
050,06,075,"California","San Francisco County",1,2,7456,3799,3657
050,06,075,"California","San Francisco County",1,3,7237,3702,3535
050,06,075,"California","San Francisco County",1,4,6993,3518,3475
050,06,075,"California","San Francisco County",1,5,6899,3527,3372
050,06,075,"California","San Francisco County",1,6,6450,3267,3183
050,06,075,"California","San Francisco County",1,7,6573,3381,3192
050,06,075,"California","San Francisco County",1,8,6365,3306,3059
050,06,075,"California","San Francisco County",1,9,6307,3201,3106
050,06,075,"California","San Francisco County",1,10,6019,3069,2950
050,06,075,"California","San Francisco County",1,11,6180,3216,2964
050,06,075,"California","San Francisco County",1,12,6317,3296,3021
050,06,075,"California","San Francisco County",1,13,6086,3110,2976
050,06,075,"California","San Francisco County",1,14,5899,2971,2928
050,06,075,"California","San Francisco County",1,15,5962,2997,2965
050,06,075,"California","San Francisco County",1,16,5932,2990,2942
050,06,075,"California","San Francisco County",1,17,5785,2938,2847
050,06,075,"California","San Francisco County",1,18,6262,2914,3348
050,06,075,"California","San Francisco County",1,19,6480,3103,3377
050,06,075,"California","San Francisco County",1,20,6080,2971,3109
050,06,075,"California","San Francisco County",1,21,6007,2915,3092
050,06,075,"California","San Francisco County",1,22,7248,3517,3731
050,06,075,"California","San Francisco County",1,23,10639,5197,5442
050,06,075,"California","San Francisco County",1,24,13572,6805,6767
050,06,075,"California","San Francisco County",1,25,15658,7854,7804
050,06,075,"California","San Francisco County",1,26,17387,8920,8467
050,06,075,"California","San Francisco County",1,27,18690,9628,9062
050,06,075,"California","San Francisco County",1,28,20365,10542,9823
050,06,075,"California","San Francisco County",1,29,21823,11313,10510
050,06,075,"California","San Francisco County",1,30,22378,11788,10590
050,06,075,"California","San Francisco County",1,31,22011,11546,10465
050,06,075,"California","San Francisco County",1,32,21321,11290,10031
050,06,075,"California","San Francisco County",1,33,20202,10748,9454
050,06,075,"California","San Francisco County",1,34,19293,10302,8991
050,06,075,"California","San Francisco County",1,35,18231,9681,8550
050,06,075,"California","San Francisco County",1,36,17209,9304,7905
050,06,075,"California","San Francisco County",1,37,16275,8786,7489
050,06,075,"California","San Francisco County",1,38,15225,8215,7010
050,06,075,"California","San Francisco County",1,39,14347,7698,6649
050,06,075,"California","San Francisco County",1,40,13628,7352,6276
050,06,075,"California","San Francisco County",1,41,12534,6653,5881
050,06,075,"California","San Francisco County",1,42,11893,6311,5582
050,06,075,"California","San Francisco County",1,43,11592,6092,5500
050,06,075,"California","San Francisco County",1,44,11534,6136,5398
050,06,075,"California","San Francisco County",1,45,11551,6213,5338
050,06,075,"California","San Francisco County",1,46,11470,6217,5253
050,06,075,"California","San Francisco County",1,47,11289,6055,5234
050,06,075,"California","San Francisco County",1,48,11567,6302,5265
050,06,075,"California","San Francisco County",1,49,12275,6741,5534
050,06,075,"California","San Francisco County",1,50,12197,6729,5468
050,06,075,"California","San Francisco County",1,51,11616,6327,5289
050,06,075,"California","San Francisco County",1,52,11098,6097,5001
050,06,075,"California","San Francisco County",1,53,10710,5901,4809
050,06,075,"California","San Francisco County",1,54,10814,6024,4790
050,06,075,"California","San Francisco County",1,55,11118,6120,4998
050,06,075,"California","San Francisco County",1,56,10933,6001,4932
050,06,075,"California","San Francisco County",1,57,10884,5887,4997
050,06,075,"California","San Francisco County",1,58,10409,5644,4765
050,06,075,"California","San Francisco County",1,59,10181,5477,4704
050,06,075,"California","San Francisco County",1,60,10094,5338,4756
050,06,075,"California","San Francisco County",1,61,9926,5185,4741
050,06,075,"California","San Francisco County",1,62,9884,5135,4749
050,06,075,"California","San Francisco County",1,63,9663,5007,4656
050,06,075,"California","San Francisco County",1,64,9443,4774,4669
050,06,075,"California","San Francisco County",1,65,9453,4732,4721
050,06,075,"California","San Francisco County",1,66,9077,4570,4507
050,06,075,"California","San Francisco County",1,67,8863,4368,4495
050,06,075,"California","San Francisco County",1,68,8432,4120,4312
050,06,075,"California","San Francisco County",1,69,8300,4042,4258
050,06,075,"California","San Francisco County",1,70,8412,4051,4361
050,06,075,"California","San Francisco County",1,71,7882,3772,4110
050,06,075,"California","San Francisco County",1,72,7477,3560,3917
050,06,075,"California","San Francisco County",1,73,7084,3418,3666
050,06,075,"California","San Francisco County",1,74,5359,2524,2835
050,06,075,"California","San Francisco County",1,75,5184,2411,2773
050,06,075,"California","San Francisco County",1,76,4776,2184,2592
050,06,075,"California","San Francisco County",1,77,4518,2047,2471
050,06,075,"California","San Francisco County",1,78,4020,1801,2219
050,06,075,"California","San Francisco County",1,79,3959,1786,2173
050,06,075,"California","San Francisco County",1,80,3731,1655,2076
050,06,075,"California","San Francisco County",1,81,3511,1507,2004
050,06,075,"California","San Francisco County",1,82,3423,1426,1997
050,06,075,"California","San Francisco County",1,83,3156,1316,1840
050,06,075,"California","San Francisco County",1,84,2954,1225,1729
050,06,075,"California","San Francisco County",1,85,20384,7728,12656
050,06,075,"California","San Francisco County",2,0,8421,4315,4106
050,06,075,"California","San Francisco County",2,1,7882,4054,3828
050,06,075,"California","San Francisco County",2,2,7431,3790,3641
050,06,075,"California","San Francisco County",2,3,7154,3643,3511
050,06,075,"California","San Francisco County",2,4,6969,3518,3451
050,06,075,"California","San Francisco County",2,5,6860,3488,3372
050,06,075,"California","San Francisco County",2,6,6507,3306,3201
050,06,075,"California","San Francisco County",2,7,6505,3337,3168
050,06,075,"California","San Francisco County",2,8,6343,3282,3061
050,06,075,"California","San Francisco County",2,9,6299,3217,3082
050,06,075,"California","San Francisco County",2,10,6072,3092,2980
050,06,075,"California","San Francisco County",2,11,6082,3149,2933
050,06,075,"California","San Francisco County",2,12,6298,3286,3012
050,06,075,"California","San Francisco County",2,13,6093,3132,2961
050,06,075,"California","San Francisco County",2,14,5929,2999,2930
050,06,075,"California","San Francisco County",2,15,5954,2993,2961
050,06,075,"California","San Francisco County",2,16,5931,2981,2950
050,06,075,"California","San Francisco County",2,17,5840,2962,2878
050,06,075,"California","San Francisco County",2,18,6338,2952,3386
050,06,075,"California","San Francisco County",2,19,6451,3073,3378
050,06,075,"California","San Francisco County",2,20,6164,3012,3152
050,06,075,"California","San Francisco County",2,21,6099,2970,3129
050,06,075,"California","San Francisco County",2,22,7467,3627,3840
050,06,075,"California","San Francisco County",2,23,10385,5090,5295
050,06,075,"California","San Francisco County",2,24,13253,6627,6626
050,06,075,"California","San Francisco County",2,25,15383,7714,7669
050,06,075,"California","San Francisco County",2,26,17151,8802,8349
050,06,075,"California","San Francisco County",2,27,18370,9485,8885
050,06,075,"California","San Francisco County",2,28,19934,10323,9611
050,06,075,"California","San Francisco County",2,29,21364,11095,10269
050,06,075,"California","San Francisco County",2,30,22156,11649,10507
050,06,075,"California","San Francisco County",2,31,21752,11415,10337
050,06,075,"California","San Francisco County",2,32,21139,11179,9960
050,06,075,"California","San Francisco County",2,33,20091,10697,9394
050,06,075,"California","San Francisco County",2,34,19149,10226,8923
050,06,075,"California","San Francisco County",2,35,18251,9719,8532
050,06,075,"California","San Francisco County",2,36,17098,9192,7906
050,06,075,"California","San Francisco County",2,37,16257,8780,7477
050,06,075,"California","San Francisco County",2,38,15316,8262,7054
050,06,075,"California","San Francisco County",2,39,14325,7680,6645
050,06,075,"California","San Francisco County",2,40,13751,7433,6318
050,06,075,"California","San Francisco County",2,41,12563,6674,5889
050,06,075,"California","San Francisco County",2,42,11874,6296,5578
050,06,075,"California","San Francisco County",2,43,11591,6097,5494
050,06,075,"California","San Francisco County",2,44,11396,6049,5347
050,06,075,"California","San Francisco County",2,45,11517,6169,5348
050,06,075,"California","San Francisco County",2,46,11399,6173,5226
050,06,075,"California","San Francisco County",2,47,11225,6017,5208
050,06,075,"California","San Francisco County",2,48,11420,6192,5228
050,06,075,"California","San Francisco County",2,49,12038,6610,5428
050,06,075,"California","San Francisco County",2,50,12209,6727,5482
050,06,075,"California","San Francisco County",2,51,11605,6322,5283
050,06,075,"California","San Francisco County",2,52,11185,6138,5047
050,06,075,"California","San Francisco County",2,53,10686,5871,4815
050,06,075,"California","San Francisco County",2,54,10725,5966,4759
050,06,075,"California","San Francisco County",2,55,10997,6068,4929
050,06,075,"California","San Francisco County",2,56,10914,5979,4935
050,06,075,"California","San Francisco County",2,57,10881,5902,4979
050,06,075,"California","San Francisco County",2,58,10452,5664,4788
050,06,075,"California","San Francisco County",2,59,10144,5477,4667
050,06,075,"California","San Francisco County",2,60,10116,5350,4766
050,06,075,"California","San Francisco County",2,61,9846,5159,4687
050,06,075,"California","San Francisco County",2,62,9841,5109,4732
050,06,075,"California","San Francisco County",2,63,9668,5005,4663
050,06,075,"California","San Francisco County",2,64,9407,4772,4635
050,06,075,"California","San Francisco County",2,65,9397,4710,4687
050,06,075,"California","San Francisco County",2,66,9113,4574,4539
050,06,075,"California","San Francisco County",2,67,8815,4367,4448
050,06,075,"California","San Francisco County",2,68,8483,4137,4346
050,06,075,"California","San Francisco County",2,69,8271,4028,4243
050,06,075,"California","San Francisco County",2,70,8370,4037,4333
050,06,075,"California","San Francisco County",2,71,7948,3798,4150
050,06,075,"California","San Francisco County",2,72,7478,3564,3914
050,06,075,"California","San Francisco County",2,73,7331,3527,3804
050,06,075,"California","San Francisco County",2,74,5519,2599,2920
050,06,075,"California","San Francisco County",2,75,5211,2429,2782
050,06,075,"California","San Francisco County",2,76,4837,2210,2627
050,06,075,"California","San Francisco County",2,77,4577,2074,2503
050,06,075,"California","San Francisco County",2,78,4087,1836,2251
050,06,075,"California","San Francisco County",2,79,3927,1760,2167
050,06,075,"California","San Francisco County",2,80,3753,1663,2090
050,06,075,"California","San Francisco County",2,81,3503,1512,1991
050,06,075,"California","San Francisco County",2,82,3419,1429,1990
050,06,075,"California","San Francisco County",2,83,3162,1311,1851
050,06,075,"California","San Francisco County",2,84,2954,1217,1737
050,06,075,"California","San Francisco County",2,85,20450,7748,12702
050,06,075,"California","San Francisco County",3,0,7632,3913,3719
050,06,075,"California","San Francisco County",3,1,7066,3667,3399
050,06,075,"California","San Francisco County",3,2,6813,3503,3310
050,06,075,"California","San Francisco County",3,3,6563,3323,3240
050,06,075,"California","San Francisco County",3,4,6541,3305,3236
050,06,075,"California","San Francisco County",3,5,6550,3328,3222
050,06,075,"California","San Francisco County",3,6,6426,3287,3139
050,06,075,"California","San Francisco County",3,7,6283,3185,3098
050,06,075,"California","San Francisco County",3,8,6193,3192,3001
050,06,075,"California","San Francisco County",3,9,6171,3188,2983
050,06,075,"California","San Francisco County",3,10,6123,3147,2976
050,06,075,"California","San Francisco County",3,11,5927,3035,2892
050,06,075,"California","San Francisco County",3,12,6040,3138,2902
050,06,075,"California","San Francisco County",3,13,6110,3173,2937
050,06,075,"California","San Francisco County",3,14,6039,3098,2941
050,06,075,"California","San Francisco County",3,15,5871,2940,2931
050,06,075,"California","San Francisco County",3,16,5871,2944,2927
050,06,075,"California","San Francisco County",3,17,5897,2988,2909
050,06,075,"California","San Francisco County",3,18,5361,2693,2668
050,06,075,"California","San Francisco County",3,19,4692,2376,2316
050,06,075,"California","San Francisco County",3,20,5131,2577,2554
050,06,075,"California","San Francisco County",3,21,5386,2700,2686
050,06,075,"California","San Francisco County",3,22,6072,2930,3142
050,06,075,"California","San Francisco County",3,23,8141,3930,4211
050,06,075,"California","San Francisco County",3,24,10420,5067,5353
050,06,075,"California","San Francisco County",3,25,12478,6240,6238
050,06,075,"California","San Francisco County",3,26,14114,7179,6935
050,06,075,"California","San Francisco County",3,27,15170,7790,7380
050,06,075,"California","San Francisco County",3,28,16016,8285,7731
050,06,075,"California","San Francisco County",3,29,17140,8928,8212
050,06,075,"California","San Francisco County",3,30,18401,9669,8732
050,06,075,"California","San Francisco County",3,31,18782,10010,8772
050,06,075,"California","San Francisco County",3,32,18591,9797,8794
050,06,075,"California","San Francisco County",3,33,17868,9429,8439
050,06,075,"California","San Francisco County",3,34,17024,9063,7961
050,06,075,"California","San Francisco County",3,35,16350,8756,7594
050,06,075,"California","San Francisco County",3,36,15714,8365,7349
050,06,075,"California","San Francisco County",3,37,14870,8038,6832
050,06,075,"California","San Francisco County",3,38,14263,7732,6531
050,06,075,"California","San Francisco County",3,39,13701,7362,6339
050,06,075,"California","San Francisco County",3,40,12999,7018,5981
050,06,075,"California","San Francisco County",3,41,12270,6527,5743
050,06,075,"California","San Francisco County",3,42,11571,6126,5445
050,06,075,"California","San Francisco County",3,43,10960,5790,5170
050,06,075,"California","San Francisco County",3,44,10963,5787,5176
050,06,075,"California","San Francisco County",3,45,10790,5683,5107
050,06,075,"California","San Francisco County",3,46,10996,5872,5124
050,06,075,"California","San Francisco County",3,47,10729,5722,5007
050,06,075,"California","San Francisco County",3,48,10707,5701,5006
050,06,075,"California","San Francisco County",3,49,10920,5939,4981
050,06,075,"California","San Francisco County",3,50,11718,6437,5281
050,06,075,"California","San Francisco County",3,51,11615,6284,5331
050,06,075,"California","San Francisco County",3,52,11240,6173,5067
050,06,075,"California","San Francisco County",3,53,10749,5860,4889
050,06,075,"California","San Francisco County",3,54,10284,5676,4608
050,06,075,"California","San Francisco County",3,55,10418,5745,4673
050,06,075,"California","San Francisco County",3,56,10630,5831,4799
050,06,075,"California","San Francisco County",3,57,10676,5841,4835
050,06,075,"California","San Francisco County",3,58,10583,5705,4878
050,06,075,"California","San Francisco County",3,59,10071,5416,4655
050,06,075,"California","San Francisco County",3,60,9774,5224,4550
050,06,075,"California","San Francisco County",3,61,9718,5128,4590
050,06,075,"California","San Francisco County",3,62,9483,4915,4568
050,06,075,"California","San Francisco County",3,63,9521,4905,4616
050,06,075,"California","San Francisco County",3,64,9370,4845,4525
050,06,075,"California","San Francisco County",3,65,9089,4581,4508
050,06,075,"California","San Francisco County",3,66,9129,4547,4582
050,06,075,"California","San Francisco County",3,67,8881,4444,4437
050,06,075,"California","San Francisco County",3,68,8564,4219,4345
050,06,075,"California","San Francisco County",3,69,8321,4040,4281
050,06,075,"California","San Francisco County",3,70,8004,3869,4135
050,06,075,"California","San Francisco County",3,71,8193,3918,4275
050,06,075,"California","San Francisco County",3,72,7768,3692,4076
050,06,075,"California","San Francisco County",3,73,7268,3455,3813
050,06,075,"California","San Francisco County",3,74,7127,3388,3739
050,06,075,"California","San Francisco County",3,75,5367,2525,2842
050,06,075,"California","San Francisco County",3,76,5095,2339,2756
050,06,075,"California","San Francisco County",3,77,4695,2110,2585
050,06,075,"California","San Francisco County",3,78,4373,2000,2373
050,06,075,"California","San Francisco County",3,79,3995,1785,2210
050,06,075,"California","San Francisco County",3,80,3766,1675,2091
050,06,075,"California","San Francisco County",3,81,3552,1543,2009
050,06,075,"California","San Francisco County",3,82,3424,1464,1960
050,06,075,"California","San Francisco County",3,83,3166,1295,1871
050,06,075,"California","San Francisco County",3,84,2970,1211,1759
050,06,075,"California","San Francisco County",3,85,20632,7817,12815
050,06,075,"California","San Francisco County",4,0,7443,3917,3526
050,06,075,"California","San Francisco County",4,1,6761,3394,3367
050,06,075,"California","San Francisco County",4,2,6414,3313,3101
050,06,075,"California","San Francisco County",4,3,6253,3184,3069
050,06,075,"California","San Francisco County",4,4,6158,3133,3025
050,06,075,"California","San Francisco County",4,5,6206,3120,3086
050,06,075,"California","San Francisco County",4,6,6216,3167,3049
050,06,075,"California","San Francisco County",4,7,6219,3190,3029
050,06,075,"California","San Francisco County",4,8,6067,3091,2976
050,06,075,"California","San Francisco County",4,9,6037,3139,2898
050,06,075,"California","San Francisco County",4,10,5985,3127,2858
050,06,075,"California","San Francisco County",4,11,6033,3114,2919
050,06,075,"California","San Francisco County",4,12,5848,2988,2860
050,06,075,"California","San Francisco County",4,13,5943,3083,2860
050,06,075,"California","San Francisco County",4,14,6069,3176,2893
050,06,075,"California","San Francisco County",4,15,6028,3081,2947
050,06,075,"California","San Francisco County",4,16,5824,2906,2918
050,06,075,"California","San Francisco County",4,17,5904,2976,2928
050,06,075,"California","San Francisco County",4,18,6151,2972,3179
050,06,075,"California","San Francisco County",4,19,5683,2776,2907
050,06,075,"California","San Francisco County",4,20,5455,2733,2722
050,06,075,"California","San Francisco County",4,21,5646,2770,2876
050,06,075,"California","San Francisco County",4,22,6697,3258,3439
050,06,075,"California","San Francisco County",4,23,9092,4475,4617
050,06,075,"California","San Francisco County",4,24,11213,5553,5660
050,06,075,"California","San Francisco County",4,25,12742,6319,6423
050,06,075,"California","San Francisco County",4,26,13996,7139,6857
050,06,075,"California","San Francisco County",4,27,15027,7788,7239
050,06,075,"California","San Francisco County",4,28,15910,8150,7760
050,06,075,"California","San Francisco County",4,29,16442,8559,7883
050,06,075,"California","San Francisco County",4,30,17354,9071,8283
050,06,075,"California","San Francisco County",4,31,18031,9513,8518
050,06,075,"California","San Francisco County",4,32,18204,9769,8435
050,06,075,"California","San Francisco County",4,33,17770,9442,8328
050,06,075,"California","San Francisco County",4,34,16876,8994,7882
050,06,075,"California","San Francisco County",4,35,15920,8520,7400
050,06,075,"California","San Francisco County",4,36,15264,8227,7037
050,06,075,"California","San Francisco County",4,37,14721,7881,6840
050,06,075,"California","San Francisco County",4,38,13827,7537,6290
050,06,075,"California","San Francisco County",4,39,13436,7228,6208
050,06,075,"California","San Francisco County",4,40,13029,7118,5911
050,06,075,"California","San Francisco County",4,41,12120,6462,5658
050,06,075,"California","San Francisco County",4,42,11689,6234,5455
050,06,075,"California","San Francisco County",4,43,11002,5863,5139
050,06,075,"California","San Francisco County",4,44,10594,5639,4955
050,06,075,"California","San Francisco County",4,45,10744,5661,5083
050,06,075,"California","San Francisco County",4,46,10554,5625,4929
050,06,075,"California","San Francisco County",4,47,10575,5565,5010
050,06,075,"California","San Francisco County",4,48,10451,5539,4912
050,06,075,"California","San Francisco County",4,49,10400,5552,4848
050,06,075,"California","San Francisco County",4,50,10772,5847,4925
050,06,075,"California","San Francisco County",4,51,11348,6176,5172
050,06,075,"California","San Francisco County",4,52,11403,6183,5220
050,06,075,"California","San Francisco County",4,53,10968,5977,4991
050,06,075,"California","San Francisco County",4,54,10460,5695,4765
050,06,075,"California","San Francisco County",4,55,10225,5627,4598
050,06,075,"California","San Francisco County",4,56,10057,5500,4557
050,06,075,"California","San Francisco County",4,57,10441,5742,4699
050,06,075,"California","San Francisco County",4,58,10418,5690,4728
050,06,075,"California","San Francisco County",4,59,10297,5547,4750
050,06,075,"California","San Francisco County",4,60,9806,5236,4570
050,06,075,"California","San Francisco County",4,61,9540,5077,4463
050,06,075,"California","San Francisco County",4,62,9443,4881,4562
050,06,075,"California","San Francisco County",4,63,9241,4739,4502
050,06,075,"California","San Francisco County",4,64,9251,4751,4500
050,06,075,"California","San Francisco County",4,65,9105,4685,4420
050,06,075,"California","San Francisco County",4,66,8828,4438,4390
050,06,075,"California","San Francisco County",4,67,8919,4394,4525
050,06,075,"California","San Francisco County",4,68,8639,4312,4327
050,06,075,"California","San Francisco County",4,69,8416,4135,4281
050,06,075,"California","San Francisco County",4,70,8023,3870,4153
050,06,075,"California","San Francisco County",4,71,7804,3739,4065
050,06,075,"California","San Francisco County",4,72,7922,3781,4141
050,06,075,"California","San Francisco County",4,73,7565,3570,3995
050,06,075,"California","San Francisco County",4,74,7045,3306,3739
050,06,075,"California","San Francisco County",4,75,6917,3271,3646
050,06,075,"California","San Francisco County",4,76,5261,2446,2815
050,06,075,"California","San Francisco County",4,77,4953,2247,2706
050,06,075,"California","San Francisco County",4,78,4507,2055,2452
050,06,075,"California","San Francisco County",4,79,4260,1942,2318
050,06,075,"California","San Francisco County",4,80,3823,1688,2135
050,06,075,"California","San Francisco County",4,81,3571,1547,2024
050,06,075,"California","San Francisco County",4,82,3445,1474,1971
050,06,075,"California","San Francisco County",4,83,3206,1357,1849
050,06,075,"California","San Francisco County",4,84,3013,1213,1800
050,06,075,"California","San Francisco County",4,85,20859,7906,12953
050,06,075,"California","San Francisco County",5,0,7356,3879,3477
050,06,075,"California","San Francisco County",5,1,6767,3592,3175
050,06,075,"California","San Francisco County",5,2,6198,3126,3072
050,06,075,"California","San Francisco County",5,3,6011,3080,2931
050,06,075,"California","San Francisco County",5,4,6009,3032,2977
050,06,075,"California","San Francisco County",5,5,6027,3069,2958
050,06,075,"California","San Francisco County",5,6,6063,3084,2979
050,06,075,"California","San Francisco County",5,7,6214,3158,3056
050,06,075,"California","San Francisco County",5,8,6114,3117,2997
050,06,075,"California","San Francisco County",5,9,5922,3020,2902
050,06,075,"California","San Francisco County",5,10,5940,3089,2851
050,06,075,"California","San Francisco County",5,11,5942,3098,2844
050,06,075,"California","San Francisco County",5,12,6031,3112,2919
050,06,075,"California","San Francisco County",5,13,5762,2945,2817
050,06,075,"California","San Francisco County",5,14,5959,3091,2868
050,06,075,"California","San Francisco County",5,15,6099,3199,2900
050,06,075,"California","San Francisco County",5,16,6039,3057,2982
050,06,075,"California","San Francisco County",5,17,5936,2989,2947
050,06,075,"California","San Francisco County",5,18,6486,3081,3405
050,06,075,"California","San Francisco County",5,19,6264,2999,3265
050,06,075,"California","San Francisco County",5,20,5896,2944,2952
050,06,075,"California","San Francisco County",5,21,5674,2836,2838
050,06,075,"California","San Francisco County",5,22,6880,3294,3586
050,06,075,"California","San Francisco County",5,23,9647,4765,4882
050,06,075,"California","San Francisco County",5,24,11624,5759,5865
050,06,075,"California","San Francisco County",5,25,13037,6407,6630
050,06,075,"California","San Francisco County",5,26,14234,7208,7026
050,06,075,"California","San Francisco County",5,27,14705,7558,7147
050,06,075,"California","San Francisco County",5,28,15599,8098,7501
050,06,075,"California","San Francisco County",5,29,16252,8356,7896
050,06,075,"California","San Francisco County",5,30,16624,8718,7906
050,06,075,"California","San Francisco County",5,31,17132,9003,8129
050,06,075,"California","San Francisco County",5,32,17723,9451,8272
050,06,075,"California","San Francisco County",5,33,17555,9425,8130
050,06,075,"California","San Francisco County",5,34,17048,9083,7965
050,06,075,"California","San Francisco County",5,35,16265,8746,7519
050,06,075,"California","San Francisco County",5,36,15265,8222,7043
050,06,075,"California","San Francisco County",5,37,14547,7874,6673
050,06,075,"California","San Francisco County",5,38,13966,7553,6413
050,06,075,"California","San Francisco County",5,39,13246,7183,6063
050,06,075,"California","San Francisco County",5,40,13166,7166,6000
050,06,075,"California","San Francisco County",5,41,12355,6657,5698
050,06,075,"California","San Francisco County",5,42,11757,6207,5550
050,06,075,"California","San Francisco County",5,43,11288,6015,5273
050,06,075,"California","San Francisco County",5,44,10802,5740,5062
050,06,075,"California","San Francisco County",5,45,10357,5510,4847
050,06,075,"California","San Francisco County",5,46,10601,5610,4991
050,06,075,"California","San Francisco County",5,47,10298,5428,4870
050,06,075,"California","San Francisco County",5,48,10391,5429,4962
050,06,075,"California","San Francisco County",5,49,10321,5491,4830
050,06,075,"California","San Francisco County",5,50,10428,5568,4860
050,06,075,"California","San Francisco County",5,51,10511,5594,4917
050,06,075,"California","San Francisco County",5,52,11214,6122,5092
050,06,075,"California","San Francisco County",5,53,11130,6004,5126
050,06,075,"California","San Francisco County",5,54,10842,5912,4930
050,06,075,"California","San Francisco County",5,55,10417,5640,4777
050,06,075,"California","San Francisco County",5,56,9999,5462,4537
050,06,075,"California","San Francisco County",5,57,9967,5475,4492
050,06,075,"California","San Francisco County",5,58,10262,5634,4628
050,06,075,"California","San Francisco County",5,59,10240,5577,4663
050,06,075,"California","San Francisco County",5,60,10078,5373,4705
050,06,075,"California","San Francisco County",5,61,9615,5081,4534
050,06,075,"California","San Francisco County",5,62,9387,4942,4445
050,06,075,"California","San Francisco County",5,63,9258,4731,4527
050,06,075,"California","San Francisco County",5,64,9057,4596,4461
050,06,075,"California","San Francisco County",5,65,9081,4624,4457
050,06,075,"California","San Francisco County",5,66,8919,4592,4327
050,06,075,"California","San Francisco County",5,67,8665,4332,4333
050,06,075,"California","San Francisco County",5,68,8708,4270,4438
050,06,075,"California","San Francisco County",5,69,8500,4239,4261
050,06,075,"California","San Francisco County",5,70,8142,3970,4172
050,06,075,"California","San Francisco County",5,71,7892,3775,4117
050,06,075,"California","San Francisco County",5,72,7592,3614,3978
050,06,075,"California","San Francisco County",5,73,7727,3688,4039
050,06,075,"California","San Francisco County",5,74,7372,3441,3931
050,06,075,"California","San Francisco County",5,75,6889,3243,3646
050,06,075,"California","San Francisco County",5,76,6782,3168,3614
050,06,075,"California","San Francisco County",5,77,5118,2359,2759
050,06,075,"California","San Francisco County",5,78,4768,2193,2575
050,06,075,"California","San Francisco County",5,79,4410,1996,2414
050,06,075,"California","San Francisco County",5,80,4094,1844,2250
050,06,075,"California","San Francisco County",5,81,3611,1560,2051
050,06,075,"California","San Francisco County",5,82,3476,1494,1982
050,06,075,"California","San Francisco County",5,83,3228,1362,1866
050,06,075,"California","San Francisco County",5,84,3022,1251,1771
050,06,075,"California","San Francisco County",5,85,21193,8048,13145
050,06,077,"California","San Joaquin County",1,0,9881,5063,4818
050,06,077,"California","San Joaquin County",1,1,10067,5197,4870
050,06,077,"California","San Joaquin County",1,2,10482,5298,5184
050,06,077,"California","San Joaquin County",1,3,10954,5552,5402
050,06,077,"California","San Joaquin County",1,4,11141,5772,5369
050,06,077,"California","San Joaquin County",1,5,11325,5881,5444
050,06,077,"California","San Joaquin County",1,6,11392,5830,5562
050,06,077,"California","San Joaquin County",1,7,11512,5953,5559
050,06,077,"California","San Joaquin County",1,8,11761,6042,5719
050,06,077,"California","San Joaquin County",1,9,12178,6257,5921
050,06,077,"California","San Joaquin County",1,10,12187,6252,5935
050,06,077,"California","San Joaquin County",1,11,12300,6315,5985
050,06,077,"California","San Joaquin County",1,12,12864,6619,6245
050,06,077,"California","San Joaquin County",1,13,12846,6644,6202
050,06,077,"California","San Joaquin County",1,14,12576,6528,6048
050,06,077,"California","San Joaquin County",1,15,12275,6274,6001
050,06,077,"California","San Joaquin County",1,16,12068,6110,5958
050,06,077,"California","San Joaquin County",1,17,11959,6144,5815
050,06,077,"California","San Joaquin County",1,18,11033,5774,5259
050,06,077,"California","San Joaquin County",1,19,10403,5420,4983
050,06,077,"California","San Joaquin County",1,20,10216,5302,4914
050,06,077,"California","San Joaquin County",1,21,10230,5319,4911
050,06,077,"California","San Joaquin County",1,22,10152,5215,4937
050,06,077,"California","San Joaquin County",1,23,10149,5192,4957
050,06,077,"California","San Joaquin County",1,24,10431,5300,5131
050,06,077,"California","San Joaquin County",1,25,10467,5387,5080
050,06,077,"California","San Joaquin County",1,26,10589,5449,5140
050,06,077,"California","San Joaquin County",1,27,10842,5543,5299
050,06,077,"California","San Joaquin County",1,28,11262,5729,5533
050,06,077,"California","San Joaquin County",1,29,11442,5857,5585
050,06,077,"California","San Joaquin County",1,30,11058,5656,5402
050,06,077,"California","San Joaquin County",1,31,10785,5552,5233
050,06,077,"California","San Joaquin County",1,32,10653,5451,5202
050,06,077,"California","San Joaquin County",1,33,10570,5369,5201
050,06,077,"California","San Joaquin County",1,34,10640,5407,5233
050,06,077,"California","San Joaquin County",1,35,10721,5418,5303
050,06,077,"California","San Joaquin County",1,36,10787,5459,5328
050,06,077,"California","San Joaquin County",1,37,10987,5609,5378
050,06,077,"California","San Joaquin County",1,38,10993,5671,5322
050,06,077,"California","San Joaquin County",1,39,10847,5585,5262
050,06,077,"California","San Joaquin County",1,40,10653,5393,5260
050,06,077,"California","San Joaquin County",1,41,10367,5225,5142
050,06,077,"California","San Joaquin County",1,42,10200,5136,5064
050,06,077,"California","San Joaquin County",1,43,9765,4928,4837
050,06,077,"California","San Joaquin County",1,44,9547,4842,4705
050,06,077,"California","San Joaquin County",1,45,9434,4814,4620
050,06,077,"California","San Joaquin County",1,46,9141,4571,4570
050,06,077,"California","San Joaquin County",1,47,9375,4711,4664
050,06,077,"California","San Joaquin County",1,48,9606,4870,4736
050,06,077,"California","San Joaquin County",1,49,10039,5078,4961
050,06,077,"California","San Joaquin County",1,50,9745,4967,4778
050,06,077,"California","San Joaquin County",1,51,9410,4703,4707
050,06,077,"California","San Joaquin County",1,52,9220,4775,4445
050,06,077,"California","San Joaquin County",1,53,9122,4630,4492
050,06,077,"California","San Joaquin County",1,54,9151,4672,4479
050,06,077,"California","San Joaquin County",1,55,9349,4765,4584
050,06,077,"California","San Joaquin County",1,56,9387,4777,4610
050,06,077,"California","San Joaquin County",1,57,9260,4681,4579
050,06,077,"California","San Joaquin County",1,58,9298,4552,4746
050,06,077,"California","San Joaquin County",1,59,9161,4473,4688
050,06,077,"California","San Joaquin County",1,60,8885,4354,4531
050,06,077,"California","San Joaquin County",1,61,8534,4226,4308
050,06,077,"California","San Joaquin County",1,62,8421,4150,4271
050,06,077,"California","San Joaquin County",1,63,8128,4081,4047
050,06,077,"California","San Joaquin County",1,64,7879,3892,3987
050,06,077,"California","San Joaquin County",1,65,7620,3650,3970
050,06,077,"California","San Joaquin County",1,66,7235,3434,3801
050,06,077,"California","San Joaquin County",1,67,6813,3205,3608
050,06,077,"California","San Joaquin County",1,68,6410,3007,3403
050,06,077,"California","San Joaquin County",1,69,6079,2841,3238
050,06,077,"California","San Joaquin County",1,70,5983,2795,3188
050,06,077,"California","San Joaquin County",1,71,5648,2576,3072
050,06,077,"California","San Joaquin County",1,72,5552,2563,2989
050,06,077,"California","San Joaquin County",1,73,5593,2610,2983
050,06,077,"California","San Joaquin County",1,74,4134,1876,2258
050,06,077,"California","San Joaquin County",1,75,4001,1851,2150
050,06,077,"California","San Joaquin County",1,76,3875,1754,2121
050,06,077,"California","San Joaquin County",1,77,3714,1654,2060
050,06,077,"California","San Joaquin County",1,78,3210,1409,1801
050,06,077,"California","San Joaquin County",1,79,2899,1236,1663
050,06,077,"California","San Joaquin County",1,80,2678,1147,1531
050,06,077,"California","San Joaquin County",1,81,2426,1063,1363
050,06,077,"California","San Joaquin County",1,82,2208,940,1268
050,06,077,"California","San Joaquin County",1,83,1934,799,1135
050,06,077,"California","San Joaquin County",1,84,1825,750,1075
050,06,077,"California","San Joaquin County",1,85,11291,3971,7320
050,06,077,"California","San Joaquin County",2,0,9854,5062,4792
050,06,077,"California","San Joaquin County",2,1,10079,5184,4895
050,06,077,"California","San Joaquin County",2,2,10431,5294,5137
050,06,077,"California","San Joaquin County",2,3,10858,5494,5364
050,06,077,"California","San Joaquin County",2,4,11137,5732,5405
050,06,077,"California","San Joaquin County",2,5,11329,5876,5453
050,06,077,"California","San Joaquin County",2,6,11399,5851,5548
050,06,077,"California","San Joaquin County",2,7,11492,5929,5563
050,06,077,"California","San Joaquin County",2,8,11687,6019,5668
050,06,077,"California","San Joaquin County",2,9,12085,6217,5868
050,06,077,"California","San Joaquin County",2,10,12203,6263,5940
050,06,077,"California","San Joaquin County",2,11,12241,6278,5963
050,06,077,"California","San Joaquin County",2,12,12811,6583,6228
050,06,077,"California","San Joaquin County",2,13,12846,6639,6207
050,06,077,"California","San Joaquin County",2,14,12660,6562,6098
050,06,077,"California","San Joaquin County",2,15,12358,6344,6014
050,06,077,"California","San Joaquin County",2,16,12131,6162,5969
050,06,077,"California","San Joaquin County",2,17,11977,6124,5853
050,06,077,"California","San Joaquin County",2,18,11044,5768,5276
050,06,077,"California","San Joaquin County",2,19,10391,5403,4988
050,06,077,"California","San Joaquin County",2,20,10343,5363,4980
050,06,077,"California","San Joaquin County",2,21,10230,5309,4921
050,06,077,"California","San Joaquin County",2,22,10174,5239,4935
050,06,077,"California","San Joaquin County",2,23,10166,5198,4968
050,06,077,"California","San Joaquin County",2,24,10347,5266,5081
050,06,077,"California","San Joaquin County",2,25,10448,5361,5087
050,06,077,"California","San Joaquin County",2,26,10603,5450,5153
050,06,077,"California","San Joaquin County",2,27,10783,5515,5268
050,06,077,"California","San Joaquin County",2,28,11174,5682,5492
050,06,077,"California","San Joaquin County",2,29,11398,5812,5586
050,06,077,"California","San Joaquin County",2,30,11216,5726,5490
050,06,077,"California","San Joaquin County",2,31,10835,5556,5279
050,06,077,"California","San Joaquin County",2,32,10705,5486,5219
050,06,077,"California","San Joaquin County",2,33,10598,5392,5206
050,06,077,"California","San Joaquin County",2,34,10661,5420,5241
050,06,077,"California","San Joaquin County",2,35,10774,5456,5318
050,06,077,"California","San Joaquin County",2,36,10745,5433,5312
050,06,077,"California","San Joaquin County",2,37,10961,5581,5380
050,06,077,"California","San Joaquin County",2,38,11061,5693,5368
050,06,077,"California","San Joaquin County",2,39,10858,5589,5269
050,06,077,"California","San Joaquin County",2,40,10784,5481,5303
050,06,077,"California","San Joaquin County",2,41,10432,5253,5179
050,06,077,"California","San Joaquin County",2,42,10220,5150,5070
050,06,077,"California","San Joaquin County",2,43,9904,4989,4915
050,06,077,"California","San Joaquin County",2,44,9558,4833,4725
050,06,077,"California","San Joaquin County",2,45,9495,4839,4656
050,06,077,"California","San Joaquin County",2,46,9194,4619,4575
050,06,077,"California","San Joaquin County",2,47,9296,4657,4639
050,06,077,"California","San Joaquin County",2,48,9561,4830,4731
050,06,077,"California","San Joaquin County",2,49,9952,5041,4911
050,06,077,"California","San Joaquin County",2,50,9828,4997,4831
050,06,077,"California","San Joaquin County",2,51,9450,4735,4715
050,06,077,"California","San Joaquin County",2,52,9277,4767,4510
050,06,077,"California","San Joaquin County",2,53,9105,4631,4474
050,06,077,"California","San Joaquin County",2,54,9129,4658,4471
050,06,077,"California","San Joaquin County",2,55,9304,4749,4555
050,06,077,"California","San Joaquin County",2,56,9381,4777,4604
050,06,077,"California","San Joaquin County",2,57,9262,4686,4576
050,06,077,"California","San Joaquin County",2,58,9276,4578,4698
050,06,077,"California","San Joaquin County",2,59,9147,4460,4687
050,06,077,"California","San Joaquin County",2,60,8958,4381,4577
050,06,077,"California","San Joaquin County",2,61,8573,4238,4335
050,06,077,"California","San Joaquin County",2,62,8408,4144,4264
050,06,077,"California","San Joaquin County",2,63,8218,4108,4110
050,06,077,"California","San Joaquin County",2,64,7871,3900,3971
050,06,077,"California","San Joaquin County",2,65,7651,3686,3965
050,06,077,"California","San Joaquin County",2,66,7304,3473,3831
050,06,077,"California","San Joaquin County",2,67,6861,3230,3631
050,06,077,"California","San Joaquin County",2,68,6463,3036,3427
050,06,077,"California","San Joaquin County",2,69,6143,2869,3274
050,06,077,"California","San Joaquin County",2,70,5986,2791,3195
050,06,077,"California","San Joaquin County",2,71,5684,2597,3087
050,06,077,"California","San Joaquin County",2,72,5497,2530,2967
050,06,077,"California","San Joaquin County",2,73,5730,2664,3066
050,06,077,"California","San Joaquin County",2,74,4266,1949,2317
050,06,077,"California","San Joaquin County",2,75,4022,1853,2169
050,06,077,"California","San Joaquin County",2,76,3849,1742,2107
050,06,077,"California","San Joaquin County",2,77,3777,1681,2096
050,06,077,"California","San Joaquin County",2,78,3251,1428,1823
050,06,077,"California","San Joaquin County",2,79,2938,1255,1683
050,06,077,"California","San Joaquin County",2,80,2706,1159,1547
050,06,077,"California","San Joaquin County",2,81,2449,1065,1384
050,06,077,"California","San Joaquin County",2,82,2245,949,1296
050,06,077,"California","San Joaquin County",2,83,1962,813,1149
050,06,077,"California","San Joaquin County",2,84,1834,758,1076
050,06,077,"California","San Joaquin County",2,85,11323,3981,7342
050,06,077,"California","San Joaquin County",3,0,9603,4885,4718
050,06,077,"California","San Joaquin County",3,1,10176,5230,4946
050,06,077,"California","San Joaquin County",3,2,10383,5325,5058
050,06,077,"California","San Joaquin County",3,3,10646,5400,5246
050,06,077,"California","San Joaquin County",3,4,11049,5628,5421
050,06,077,"California","San Joaquin County",3,5,11441,5893,5548
050,06,077,"California","San Joaquin County",3,6,11504,5962,5542
050,06,077,"California","San Joaquin County",3,7,11524,5916,5608
050,06,077,"California","San Joaquin County",3,8,11670,6064,5606
050,06,077,"California","San Joaquin County",3,9,11753,6064,5689
050,06,077,"California","San Joaquin County",3,10,12181,6273,5908
050,06,077,"California","San Joaquin County",3,11,12390,6347,6043
050,06,077,"California","San Joaquin County",3,12,12359,6358,6001
050,06,077,"California","San Joaquin County",3,13,12811,6590,6221
050,06,077,"California","San Joaquin County",3,14,12953,6702,6251
050,06,077,"California","San Joaquin County",3,15,12606,6556,6050
050,06,077,"California","San Joaquin County",3,16,12390,6369,6021
050,06,077,"California","San Joaquin County",3,17,12119,6141,5978
050,06,077,"California","San Joaquin County",3,18,11275,5847,5428
050,06,077,"California","San Joaquin County",3,19,10372,5366,5006
050,06,077,"California","San Joaquin County",3,20,10524,5457,5067
050,06,077,"California","San Joaquin County",3,21,10593,5417,5176
050,06,077,"California","San Joaquin County",3,22,10349,5346,5003
050,06,077,"California","San Joaquin County",3,23,10308,5275,5033
050,06,077,"California","San Joaquin County",3,24,10268,5235,5033
050,06,077,"California","San Joaquin County",3,25,10460,5330,5130
050,06,077,"California","San Joaquin County",3,26,10522,5344,5178
050,06,077,"California","San Joaquin County",3,27,10701,5483,5218
050,06,077,"California","San Joaquin County",3,28,10828,5497,5331
050,06,077,"California","San Joaquin County",3,29,11327,5736,5591
050,06,077,"California","San Joaquin County",3,30,11532,5805,5727
050,06,077,"California","San Joaquin County",3,31,11442,5762,5680
050,06,077,"California","San Joaquin County",3,32,11050,5621,5429
050,06,077,"California","San Joaquin County",3,33,10910,5569,5341
050,06,077,"California","San Joaquin County",3,34,10899,5497,5402
050,06,077,"California","San Joaquin County",3,35,10956,5562,5394
050,06,077,"California","San Joaquin County",3,36,11066,5612,5454
050,06,077,"California","San Joaquin County",3,37,10922,5540,5382
050,06,077,"California","San Joaquin County",3,38,11170,5670,5500
050,06,077,"California","San Joaquin County",3,39,11278,5814,5464
050,06,077,"California","San Joaquin County",3,40,11040,5655,5385
050,06,077,"California","San Joaquin County",3,41,10924,5560,5364
050,06,077,"California","San Joaquin County",3,42,10482,5280,5202
050,06,077,"California","San Joaquin County",3,43,10287,5169,5118
050,06,077,"California","San Joaquin County",3,44,9922,4999,4923
050,06,077,"California","San Joaquin County",3,45,9647,4878,4769
050,06,077,"California","San Joaquin County",3,46,9597,4883,4714
050,06,077,"California","San Joaquin County",3,47,9201,4637,4564
050,06,077,"California","San Joaquin County",3,48,9302,4635,4667
050,06,077,"California","San Joaquin County",3,49,9588,4834,4754
050,06,077,"California","San Joaquin County",3,50,9958,5019,4939
050,06,077,"California","San Joaquin County",3,51,9797,4941,4856
050,06,077,"California","San Joaquin County",3,52,9457,4784,4673
050,06,077,"California","San Joaquin County",3,53,9172,4662,4510
050,06,077,"California","San Joaquin County",3,54,9004,4553,4451
050,06,077,"California","San Joaquin County",3,55,9043,4627,4416
050,06,077,"California","San Joaquin County",3,56,9258,4682,4576
050,06,077,"California","San Joaquin County",3,57,9314,4702,4612
050,06,077,"California","San Joaquin County",3,58,9161,4624,4537
050,06,077,"California","San Joaquin County",3,59,9198,4522,4676
050,06,077,"California","San Joaquin County",3,60,8994,4359,4635
050,06,077,"California","San Joaquin County",3,61,8827,4323,4504
050,06,077,"California","San Joaquin County",3,62,8416,4120,4296
050,06,077,"California","San Joaquin County",3,63,8323,4121,4202
050,06,077,"California","San Joaquin County",3,64,7986,3979,4007
050,06,077,"California","San Joaquin County",3,65,7671,3757,3914
050,06,077,"California","San Joaquin County",3,66,7425,3586,3839
050,06,077,"California","San Joaquin County",3,67,7058,3313,3745
050,06,077,"California","San Joaquin County",3,68,6708,3129,3579
050,06,077,"California","San Joaquin County",3,69,6243,2912,3331
050,06,077,"California","San Joaquin County",3,70,5971,2784,3187
050,06,077,"California","San Joaquin County",3,71,5740,2633,3107
050,06,077,"California","San Joaquin County",3,72,5510,2501,3009
050,06,077,"California","San Joaquin County",3,73,5309,2442,2867
050,06,077,"California","San Joaquin County",3,74,5507,2526,2981
050,06,077,"California","San Joaquin County",3,75,4113,1882,2231
050,06,077,"California","San Joaquin County",3,76,3838,1743,2095
050,06,077,"California","San Joaquin County",3,77,3703,1653,2050
050,06,077,"California","San Joaquin County",3,78,3583,1580,2003
050,06,077,"California","San Joaquin County",3,79,3094,1328,1766
050,06,077,"California","San Joaquin County",3,80,2756,1166,1590
050,06,077,"California","San Joaquin County",3,81,2545,1072,1473
050,06,077,"California","San Joaquin County",3,82,2303,985,1318
050,06,077,"California","San Joaquin County",3,83,2078,856,1222
050,06,077,"California","San Joaquin County",3,84,1815,721,1094
050,06,077,"California","San Joaquin County",3,85,11176,3934,7242
050,06,077,"California","San Joaquin County",4,0,10095,5088,5007
050,06,077,"California","San Joaquin County",4,1,9873,5000,4873
050,06,077,"California","San Joaquin County",4,2,10372,5345,5027
050,06,077,"California","San Joaquin County",4,3,10595,5420,5175
050,06,077,"California","San Joaquin County",4,4,10831,5514,5317
050,06,077,"California","San Joaquin County",4,5,11310,5740,5570
050,06,077,"California","San Joaquin County",4,6,11520,5928,5592
050,06,077,"California","San Joaquin County",4,7,11670,6011,5659
050,06,077,"California","San Joaquin County",4,8,11630,6014,5616
050,06,077,"California","San Joaquin County",4,9,11702,6056,5646
050,06,077,"California","San Joaquin County",4,10,11762,6102,5660
050,06,077,"California","San Joaquin County",4,11,12199,6267,5932
050,06,077,"California","San Joaquin County",4,12,12412,6376,6036
050,06,077,"California","San Joaquin County",4,13,12365,6329,6036
050,06,077,"California","San Joaquin County",4,14,12936,6615,6321
050,06,077,"California","San Joaquin County",4,15,13020,6742,6278
050,06,077,"California","San Joaquin County",4,16,12588,6576,6012
050,06,077,"California","San Joaquin County",4,17,12340,6368,5972
050,06,077,"California","San Joaquin County",4,18,11352,5876,5476
050,06,077,"California","San Joaquin County",4,19,10379,5359,5020
050,06,077,"California","San Joaquin County",4,20,10325,5381,4944
050,06,077,"California","San Joaquin County",4,21,10627,5481,5146
050,06,077,"California","San Joaquin County",4,22,10586,5402,5184
050,06,077,"California","San Joaquin County",4,23,10353,5360,4993
050,06,077,"California","San Joaquin County",4,24,10307,5284,5023
050,06,077,"California","San Joaquin County",4,25,10137,5152,4985
050,06,077,"California","San Joaquin County",4,26,10429,5320,5109
050,06,077,"California","San Joaquin County",4,27,10535,5347,5188
050,06,077,"California","San Joaquin County",4,28,10718,5496,5222
050,06,077,"California","San Joaquin County",4,29,10850,5522,5328
050,06,077,"California","San Joaquin County",4,30,11266,5639,5627
050,06,077,"California","San Joaquin County",4,31,11602,5807,5795
050,06,077,"California","San Joaquin County",4,32,11633,5837,5796
050,06,077,"California","San Joaquin County",4,33,11212,5662,5550
050,06,077,"California","San Joaquin County",4,34,11136,5600,5536
050,06,077,"California","San Joaquin County",4,35,11017,5563,5454
050,06,077,"California","San Joaquin County",4,36,11242,5748,5494
050,06,077,"California","San Joaquin County",4,37,11275,5729,5546
050,06,077,"California","San Joaquin County",4,38,11205,5712,5493
050,06,077,"California","San Joaquin County",4,39,11391,5803,5588
050,06,077,"California","San Joaquin County",4,40,11437,5903,5534
050,06,077,"California","San Joaquin County",4,41,11367,5809,5558
050,06,077,"California","San Joaquin County",4,42,11046,5665,5381
050,06,077,"California","San Joaquin County",4,43,10590,5360,5230
050,06,077,"California","San Joaquin County",4,44,10342,5230,5112
050,06,077,"California","San Joaquin County",4,45,9975,5027,4948
050,06,077,"California","San Joaquin County",4,46,9640,4858,4782
050,06,077,"California","San Joaquin County",4,47,9652,4908,4744
050,06,077,"California","San Joaquin County",4,48,9198,4649,4549
050,06,077,"California","San Joaquin County",4,49,9237,4598,4639
050,06,077,"California","San Joaquin County",4,50,9578,4820,4758
050,06,077,"California","San Joaquin County",4,51,9822,4931,4891
050,06,077,"California","San Joaquin County",4,52,9820,4966,4854
050,06,077,"California","San Joaquin County",4,53,9447,4722,4725
050,06,077,"California","San Joaquin County",4,54,9100,4585,4515
050,06,077,"California","San Joaquin County",4,55,8933,4537,4396
050,06,077,"California","San Joaquin County",4,56,8954,4576,4378
050,06,077,"California","San Joaquin County",4,57,9161,4622,4539
050,06,077,"California","San Joaquin County",4,58,9192,4644,4548
050,06,077,"California","San Joaquin County",4,59,9016,4554,4462
050,06,077,"California","San Joaquin County",4,60,9083,4435,4648
050,06,077,"California","San Joaquin County",4,61,8851,4307,4544
050,06,077,"California","San Joaquin County",4,62,8623,4205,4418
050,06,077,"California","San Joaquin County",4,63,8285,4024,4261
050,06,077,"California","San Joaquin County",4,64,8100,3992,4108
050,06,077,"California","San Joaquin County",4,65,7817,3869,3948
050,06,077,"California","San Joaquin County",4,66,7465,3644,3821
050,06,077,"California","San Joaquin County",4,67,7226,3439,3787
050,06,077,"California","San Joaquin County",4,68,6904,3245,3659
050,06,077,"California","San Joaquin County",4,69,6472,2997,3475
050,06,077,"California","San Joaquin County",4,70,6041,2820,3221
050,06,077,"California","San Joaquin County",4,71,5784,2648,3136
050,06,077,"California","San Joaquin County",4,72,5613,2572,3041
050,06,077,"California","San Joaquin County",4,73,5366,2444,2922
050,06,077,"California","San Joaquin County",4,74,5168,2363,2805
050,06,077,"California","San Joaquin County",4,75,5350,2448,2902
050,06,077,"California","San Joaquin County",4,76,3943,1786,2157
050,06,077,"California","San Joaquin County",4,77,3700,1659,2041
050,06,077,"California","San Joaquin County",4,78,3492,1551,1941
050,06,077,"California","San Joaquin County",4,79,3419,1494,1925
050,06,077,"California","San Joaquin County",4,80,2940,1265,1675
050,06,077,"California","San Joaquin County",4,81,2611,1112,1499
050,06,077,"California","San Joaquin County",4,82,2392,1003,1389
050,06,077,"California","San Joaquin County",4,83,2146,903,1243
050,06,077,"California","San Joaquin County",4,84,1966,795,1171
050,06,077,"California","San Joaquin County",4,85,11232,3960,7272
050,06,077,"California","San Joaquin County",5,0,9545,4786,4759
050,06,077,"California","San Joaquin County",5,1,10355,5239,5116
050,06,077,"California","San Joaquin County",5,2,10026,5060,4966
050,06,077,"California","San Joaquin County",5,3,10597,5438,5159
050,06,077,"California","San Joaquin County",5,4,10771,5518,5253
050,06,077,"California","San Joaquin County",5,5,10976,5621,5355
050,06,077,"California","San Joaquin County",5,6,11447,5842,5605
050,06,077,"California","San Joaquin County",5,7,11655,5962,5693
050,06,077,"California","San Joaquin County",5,8,11737,6046,5691
050,06,077,"California","San Joaquin County",5,9,11697,6026,5671
050,06,077,"California","San Joaquin County",5,10,11671,6083,5588
050,06,077,"California","San Joaquin County",5,11,11784,6100,5684
050,06,077,"California","San Joaquin County",5,12,12205,6263,5942
050,06,077,"California","San Joaquin County",5,13,12366,6316,6050
050,06,077,"California","San Joaquin County",5,14,12346,6299,6047
050,06,077,"California","San Joaquin County",5,15,12878,6591,6287
050,06,077,"California","San Joaquin County",5,16,12905,6678,6227
050,06,077,"California","San Joaquin County",5,17,12513,6489,6024
050,06,077,"California","San Joaquin County",5,18,11487,6000,5487
050,06,077,"California","San Joaquin County",5,19,10459,5358,5101
050,06,077,"California","San Joaquin County",5,20,10556,5407,5149
050,06,077,"California","San Joaquin County",5,21,10539,5455,5084
050,06,077,"California","San Joaquin County",5,22,10753,5501,5252
050,06,077,"California","San Joaquin County",5,23,10703,5453,5250
050,06,077,"California","San Joaquin County",5,24,10410,5433,4977
050,06,077,"California","San Joaquin County",5,25,10261,5281,4980
050,06,077,"California","San Joaquin County",5,26,10211,5210,5001
050,06,077,"California","San Joaquin County",5,27,10474,5318,5156
050,06,077,"California","San Joaquin County",5,28,10498,5366,5132
050,06,077,"California","San Joaquin County",5,29,10850,5571,5279
050,06,077,"California","San Joaquin County",5,30,10972,5546,5426
050,06,077,"California","San Joaquin County",5,31,11346,5687,5659
050,06,077,"California","San Joaquin County",5,32,11837,5889,5948
050,06,077,"California","San Joaquin County",5,33,11765,5931,5834
050,06,077,"California","San Joaquin County",5,34,11424,5778,5646
050,06,077,"California","San Joaquin County",5,35,11409,5762,5647
050,06,077,"California","San Joaquin County",5,36,11288,5729,5559
050,06,077,"California","San Joaquin County",5,37,11523,5896,5627
050,06,077,"California","San Joaquin County",5,38,11482,5832,5650
050,06,077,"California","San Joaquin County",5,39,11490,5905,5585
050,06,077,"California","San Joaquin County",5,40,11611,5941,5670
050,06,077,"California","San Joaquin County",5,41,11650,6019,5631
050,06,077,"California","San Joaquin County",5,42,11527,5953,5574
050,06,077,"California","San Joaquin County",5,43,11140,5731,5409
050,06,077,"California","San Joaquin County",5,44,10732,5435,5297
050,06,077,"California","San Joaquin County",5,45,10379,5253,5126
050,06,077,"California","San Joaquin County",5,46,10056,5084,4972
050,06,077,"California","San Joaquin County",5,47,9694,4893,4801
050,06,077,"California","San Joaquin County",5,48,9741,4927,4814
050,06,077,"California","San Joaquin County",5,49,9170,4622,4548
050,06,077,"California","San Joaquin County",5,50,9280,4637,4643
050,06,077,"California","San Joaquin County",5,51,9507,4752,4755
050,06,077,"California","San Joaquin County",5,52,9757,4945,4812
050,06,077,"California","San Joaquin County",5,53,9748,4897,4851
050,06,077,"California","San Joaquin County",5,54,9370,4654,4716
050,06,077,"California","San Joaquin County",5,55,9008,4562,4446
050,06,077,"California","San Joaquin County",5,56,8747,4417,4330
050,06,077,"California","San Joaquin County",5,57,8867,4507,4360
050,06,077,"California","San Joaquin County",5,58,9071,4555,4516
050,06,077,"California","San Joaquin County",5,59,9091,4593,4498
050,06,077,"California","San Joaquin County",5,60,8907,4468,4439
050,06,077,"California","San Joaquin County",5,61,8993,4404,4589
050,06,077,"California","San Joaquin County",5,62,8651,4179,4472
050,06,077,"California","San Joaquin County",5,63,8518,4136,4382
050,06,077,"California","San Joaquin County",5,64,8132,3929,4203
050,06,077,"California","San Joaquin County",5,65,7909,3861,4048
050,06,077,"California","San Joaquin County",5,66,7669,3809,3860
050,06,077,"California","San Joaquin County",5,67,7283,3528,3755
050,06,077,"California","San Joaquin County",5,68,7158,3417,3741
050,06,077,"California","San Joaquin County",5,69,6756,3132,3624
050,06,077,"California","San Joaquin County",5,70,6347,2937,3410
050,06,077,"California","San Joaquin County",5,71,5858,2683,3175
050,06,077,"California","San Joaquin County",5,72,5649,2575,3074
050,06,077,"California","San Joaquin County",5,73,5435,2504,2931
050,06,077,"California","San Joaquin County",5,74,5176,2328,2848
050,06,077,"California","San Joaquin County",5,75,5032,2277,2755
050,06,077,"California","San Joaquin County",5,76,5139,2351,2788
050,06,077,"California","San Joaquin County",5,77,3823,1712,2111
050,06,077,"California","San Joaquin County",5,78,3552,1591,1961
050,06,077,"California","San Joaquin County",5,79,3331,1475,1856
050,06,077,"California","San Joaquin County",5,80,3251,1409,1842
050,06,077,"California","San Joaquin County",5,81,2814,1209,1605
050,06,077,"California","San Joaquin County",5,82,2464,1032,1432
050,06,077,"California","San Joaquin County",5,83,2250,928,1322
050,06,077,"California","San Joaquin County",5,84,2035,862,1173
050,06,077,"California","San Joaquin County",5,85,11476,4070,7406
050,06,079,"California","San Luis Obispo County",1,0,2415,1226,1189
050,06,079,"California","San Luis Obispo County",1,1,2419,1213,1206
050,06,079,"California","San Luis Obispo County",1,2,2481,1254,1227
050,06,079,"California","San Luis Obispo County",1,3,2573,1301,1272
050,06,079,"California","San Luis Obispo County",1,4,2709,1373,1336
050,06,079,"California","San Luis Obispo County",1,5,2685,1360,1325
050,06,079,"California","San Luis Obispo County",1,6,2733,1394,1339
050,06,079,"California","San Luis Obispo County",1,7,2763,1424,1339
050,06,079,"California","San Luis Obispo County",1,8,2872,1482,1390
050,06,079,"California","San Luis Obispo County",1,9,2881,1511,1370
050,06,079,"California","San Luis Obispo County",1,10,2931,1509,1422
050,06,079,"California","San Luis Obispo County",1,11,2875,1482,1393
050,06,079,"California","San Luis Obispo County",1,12,3046,1552,1494
050,06,079,"California","San Luis Obispo County",1,13,3088,1601,1487
050,06,079,"California","San Luis Obispo County",1,14,2992,1528,1464
050,06,079,"California","San Luis Obispo County",1,15,2985,1472,1513
050,06,079,"California","San Luis Obispo County",1,16,2965,1530,1435
050,06,079,"California","San Luis Obispo County",1,17,2882,1526,1356
050,06,079,"California","San Luis Obispo County",1,18,5667,2792,2875
050,06,079,"California","San Luis Obispo County",1,19,7932,4203,3729
050,06,079,"California","San Luis Obispo County",1,20,7794,4160,3634
050,06,079,"California","San Luis Obispo County",1,21,6360,3386,2974
050,06,079,"California","San Luis Obispo County",1,22,5818,3239,2579
050,06,079,"California","San Luis Obispo County",1,23,5145,2948,2197
050,06,079,"California","San Luis Obispo County",1,24,3920,2083,1837
050,06,079,"California","San Luis Obispo County",1,25,3370,1746,1624
050,06,079,"California","San Luis Obispo County",1,26,3185,1706,1479
050,06,079,"California","San Luis Obispo County",1,27,3096,1646,1450
050,06,079,"California","San Luis Obispo County",1,28,3143,1668,1475
050,06,079,"California","San Luis Obispo County",1,29,3089,1670,1419
050,06,079,"California","San Luis Obispo County",1,30,3165,1704,1461
050,06,079,"California","San Luis Obispo County",1,31,3195,1720,1475
050,06,079,"California","San Luis Obispo County",1,32,3063,1628,1435
050,06,079,"California","San Luis Obispo County",1,33,2984,1561,1423
050,06,079,"California","San Luis Obispo County",1,34,3189,1660,1529
050,06,079,"California","San Luis Obispo County",1,35,3313,1709,1604
050,06,079,"California","San Luis Obispo County",1,36,3343,1744,1599
050,06,079,"California","San Luis Obispo County",1,37,3449,1793,1656
050,06,079,"California","San Luis Obispo County",1,38,3469,1839,1630
050,06,079,"California","San Luis Obispo County",1,39,3410,1808,1602
050,06,079,"California","San Luis Obispo County",1,40,3322,1743,1579
050,06,079,"California","San Luis Obispo County",1,41,3196,1719,1477
050,06,079,"California","San Luis Obispo County",1,42,3134,1688,1446
050,06,079,"California","San Luis Obispo County",1,43,2973,1558,1415
050,06,079,"California","San Luis Obispo County",1,44,2888,1531,1357
050,06,079,"California","San Luis Obispo County",1,45,2889,1563,1326
050,06,079,"California","San Luis Obispo County",1,46,2710,1408,1302
050,06,079,"California","San Luis Obispo County",1,47,2712,1421,1291
050,06,079,"California","San Luis Obispo County",1,48,2904,1511,1393
050,06,079,"California","San Luis Obispo County",1,49,3175,1681,1494
050,06,079,"California","San Luis Obispo County",1,50,3256,1708,1548
050,06,079,"California","San Luis Obispo County",1,51,3044,1571,1473
050,06,079,"California","San Luis Obispo County",1,52,2927,1505,1422
050,06,079,"California","San Luis Obispo County",1,53,3032,1541,1491
050,06,079,"California","San Luis Obispo County",1,54,3012,1528,1484
050,06,079,"California","San Luis Obispo County",1,55,3251,1595,1656
050,06,079,"California","San Luis Obispo County",1,56,3491,1722,1769
050,06,079,"California","San Luis Obispo County",1,57,3574,1753,1821
050,06,079,"California","San Luis Obispo County",1,58,3710,1795,1915
050,06,079,"California","San Luis Obispo County",1,59,3781,1845,1936
050,06,079,"California","San Luis Obispo County",1,60,3818,1824,1994
050,06,079,"California","San Luis Obispo County",1,61,3863,1829,2034
050,06,079,"California","San Luis Obispo County",1,62,3998,1869,2129
050,06,079,"California","San Luis Obispo County",1,63,4036,1848,2188
050,06,079,"California","San Luis Obispo County",1,64,3937,1829,2108
050,06,079,"California","San Luis Obispo County",1,65,3966,1860,2106
050,06,079,"California","San Luis Obispo County",1,66,4055,1914,2141
050,06,079,"California","San Luis Obispo County",1,67,3959,1878,2081
050,06,079,"California","San Luis Obispo County",1,68,3840,1875,1965
050,06,079,"California","San Luis Obispo County",1,69,3594,1750,1844
050,06,079,"California","San Luis Obispo County",1,70,3538,1693,1845
050,06,079,"California","San Luis Obispo County",1,71,3409,1661,1748
050,06,079,"California","San Luis Obispo County",1,72,3448,1714,1734
050,06,079,"California","San Luis Obispo County",1,73,3323,1615,1708
050,06,079,"California","San Luis Obispo County",1,74,2316,1114,1202
050,06,079,"California","San Luis Obispo County",1,75,2380,1135,1245
050,06,079,"California","San Luis Obispo County",1,76,2298,1107,1191
050,06,079,"California","San Luis Obispo County",1,77,2183,1045,1138
050,06,079,"California","San Luis Obispo County",1,78,1842,857,985
050,06,079,"California","San Luis Obispo County",1,79,1638,783,855
050,06,079,"California","San Luis Obispo County",1,80,1447,664,783
050,06,079,"California","San Luis Obispo County",1,81,1321,604,717
050,06,079,"California","San Luis Obispo County",1,82,1215,547,668
050,06,079,"California","San Luis Obispo County",1,83,1109,477,632
050,06,079,"California","San Luis Obispo County",1,84,1017,444,573
050,06,079,"California","San Luis Obispo County",1,85,6518,2526,3992
050,06,079,"California","San Luis Obispo County",2,0,2423,1224,1199
050,06,079,"California","San Luis Obispo County",2,1,2421,1217,1204
050,06,079,"California","San Luis Obispo County",2,2,2475,1246,1229
050,06,079,"California","San Luis Obispo County",2,3,2549,1290,1259
050,06,079,"California","San Luis Obispo County",2,4,2687,1361,1326
050,06,079,"California","San Luis Obispo County",2,5,2693,1363,1330
050,06,079,"California","San Luis Obispo County",2,6,2725,1388,1337
050,06,079,"California","San Luis Obispo County",2,7,2758,1415,1343
050,06,079,"California","San Luis Obispo County",2,8,2830,1458,1372
050,06,079,"California","San Luis Obispo County",2,9,2878,1503,1375
050,06,079,"California","San Luis Obispo County",2,10,2923,1511,1412
050,06,079,"California","San Luis Obispo County",2,11,2879,1481,1398
050,06,079,"California","San Luis Obispo County",2,12,3014,1538,1476
050,06,079,"California","San Luis Obispo County",2,13,3074,1584,1490
050,06,079,"California","San Luis Obispo County",2,14,3012,1542,1470
050,06,079,"California","San Luis Obispo County",2,15,2987,1483,1504
050,06,079,"California","San Luis Obispo County",2,16,2982,1523,1459
050,06,079,"California","San Luis Obispo County",2,17,2911,1530,1381
050,06,079,"California","San Luis Obispo County",2,18,5567,2757,2810
050,06,079,"California","San Luis Obispo County",2,19,7798,4121,3677
050,06,079,"California","San Luis Obispo County",2,20,7786,4145,3641
050,06,079,"California","San Luis Obispo County",2,21,6295,3358,2937
050,06,079,"California","San Luis Obispo County",2,22,5764,3207,2557
050,06,079,"California","San Luis Obispo County",2,23,5109,2913,2196
050,06,079,"California","San Luis Obispo County",2,24,3908,2076,1832
050,06,079,"California","San Luis Obispo County",2,25,3332,1717,1615
050,06,079,"California","San Luis Obispo County",2,26,3175,1682,1493
050,06,079,"California","San Luis Obispo County",2,27,3071,1632,1439
050,06,079,"California","San Luis Obispo County",2,28,3115,1655,1460
050,06,079,"California","San Luis Obispo County",2,29,3098,1668,1430
050,06,079,"California","San Luis Obispo County",2,30,3161,1698,1463
050,06,079,"California","San Luis Obispo County",2,31,3169,1701,1468
050,06,079,"California","San Luis Obispo County",2,32,3075,1629,1446
050,06,079,"California","San Luis Obispo County",2,33,3002,1576,1426
050,06,079,"California","San Luis Obispo County",2,34,3137,1634,1503
050,06,079,"California","San Luis Obispo County",2,35,3290,1700,1590
050,06,079,"California","San Luis Obispo County",2,36,3305,1715,1590
050,06,079,"California","San Luis Obispo County",2,37,3426,1785,1641
050,06,079,"California","San Luis Obispo County",2,38,3477,1830,1647
050,06,079,"California","San Luis Obispo County",2,39,3401,1796,1605
050,06,079,"California","San Luis Obispo County",2,40,3374,1777,1597
050,06,079,"California","San Luis Obispo County",2,41,3233,1723,1510
050,06,079,"California","San Luis Obispo County",2,42,3132,1685,1447
050,06,079,"California","San Luis Obispo County",2,43,3022,1589,1433
050,06,079,"California","San Luis Obispo County",2,44,2888,1523,1365
050,06,079,"California","San Luis Obispo County",2,45,2901,1558,1343
050,06,079,"California","San Luis Obispo County",2,46,2739,1434,1305
050,06,079,"California","San Luis Obispo County",2,47,2693,1400,1293
050,06,079,"California","San Luis Obispo County",2,48,2842,1473,1369
050,06,079,"California","San Luis Obispo County",2,49,3128,1652,1476
050,06,079,"California","San Luis Obispo County",2,50,3224,1685,1539
050,06,079,"California","San Luis Obispo County",2,51,3076,1598,1478
050,06,079,"California","San Luis Obispo County",2,52,2941,1506,1435
050,06,079,"California","San Luis Obispo County",2,53,2992,1523,1469
050,06,079,"California","San Luis Obispo County",2,54,2996,1515,1481
050,06,079,"California","San Luis Obispo County",2,55,3183,1566,1617
050,06,079,"California","San Luis Obispo County",2,56,3438,1696,1742
050,06,079,"California","San Luis Obispo County",2,57,3550,1737,1813
050,06,079,"California","San Luis Obispo County",2,58,3672,1779,1893
050,06,079,"California","San Luis Obispo County",2,59,3774,1836,1938
050,06,079,"California","San Luis Obispo County",2,60,3794,1816,1978
050,06,079,"California","San Luis Obispo County",2,61,3842,1824,2018
050,06,079,"California","San Luis Obispo County",2,62,3960,1851,2109
050,06,079,"California","San Luis Obispo County",2,63,4048,1858,2190
050,06,079,"California","San Luis Obispo County",2,64,3925,1814,2111
050,06,079,"California","San Luis Obispo County",2,65,3962,1851,2111
050,06,079,"California","San Luis Obispo County",2,66,4031,1899,2132
050,06,079,"California","San Luis Obispo County",2,67,3964,1880,2084
050,06,079,"California","San Luis Obispo County",2,68,3841,1864,1977
050,06,079,"California","San Luis Obispo County",2,69,3663,1782,1881
050,06,079,"California","San Luis Obispo County",2,70,3537,1697,1840
050,06,079,"California","San Luis Obispo County",2,71,3436,1662,1774
050,06,079,"California","San Luis Obispo County",2,72,3370,1669,1701
050,06,079,"California","San Luis Obispo County",2,73,3495,1708,1787
050,06,079,"California","San Luis Obispo County",2,74,2405,1158,1247
050,06,079,"California","San Luis Obispo County",2,75,2357,1126,1231
050,06,079,"California","San Luis Obispo County",2,76,2291,1102,1189
050,06,079,"California","San Luis Obispo County",2,77,2241,1070,1171
050,06,079,"California","San Luis Obispo County",2,78,1873,874,999
050,06,079,"California","San Luis Obispo County",2,79,1657,786,871
050,06,079,"California","San Luis Obispo County",2,80,1472,683,789
050,06,079,"California","San Luis Obispo County",2,81,1331,606,725
050,06,079,"California","San Luis Obispo County",2,82,1230,553,677
050,06,079,"California","San Luis Obispo County",2,83,1120,486,634
050,06,079,"California","San Luis Obispo County",2,84,1017,445,572
050,06,079,"California","San Luis Obispo County",2,85,6542,2549,3993
050,06,079,"California","San Luis Obispo County",3,0,2376,1224,1152
050,06,079,"California","San Luis Obispo County",3,1,2440,1233,1207
050,06,079,"California","San Luis Obispo County",3,2,2449,1241,1208
050,06,079,"California","San Luis Obispo County",3,3,2492,1252,1240
050,06,079,"California","San Luis Obispo County",3,4,2577,1308,1269
050,06,079,"California","San Luis Obispo County",3,5,2712,1366,1346
050,06,079,"California","San Luis Obispo County",3,6,2682,1370,1312
050,06,079,"California","San Luis Obispo County",3,7,2751,1387,1364
050,06,079,"California","San Luis Obispo County",3,8,2748,1411,1337
050,06,079,"California","San Luis Obispo County",3,9,2835,1460,1375
050,06,079,"California","San Luis Obispo County",3,10,2916,1523,1393
050,06,079,"California","San Luis Obispo County",3,11,2929,1515,1414
050,06,079,"California","San Luis Obispo County",3,12,2843,1479,1364
050,06,079,"California","San Luis Obispo County",3,13,3001,1524,1477
050,06,079,"California","San Luis Obispo County",3,14,3035,1572,1463
050,06,079,"California","San Luis Obispo County",3,15,3022,1555,1467
050,06,079,"California","San Luis Obispo County",3,16,2992,1482,1510
050,06,079,"California","San Luis Obispo County",3,17,2970,1530,1440
050,06,079,"California","San Luis Obispo County",3,18,4791,2418,2373
050,06,079,"California","San Luis Obispo County",3,19,6544,3429,3115
050,06,079,"California","San Luis Obispo County",3,20,7281,3814,3467
050,06,079,"California","San Luis Obispo County",3,21,6148,3268,2880
050,06,079,"California","San Luis Obispo County",3,22,5739,3190,2549
050,06,079,"California","San Luis Obispo County",3,23,5009,2849,2160
050,06,079,"California","San Luis Obispo County",3,24,3877,2098,1779
050,06,079,"California","San Luis Obispo County",3,25,3225,1669,1556
050,06,079,"California","San Luis Obispo County",3,26,3094,1581,1513
050,06,079,"California","San Luis Obispo County",3,27,3052,1587,1465
050,06,079,"California","San Luis Obispo County",3,28,3065,1617,1448
050,06,079,"California","San Luis Obispo County",3,29,3166,1680,1486
050,06,079,"California","San Luis Obispo County",3,30,3202,1699,1503
050,06,079,"California","San Luis Obispo County",3,31,3199,1697,1502
050,06,079,"California","San Luis Obispo County",3,32,3180,1690,1490
050,06,079,"California","San Luis Obispo County",3,33,3164,1667,1497
050,06,079,"California","San Luis Obispo County",3,34,3071,1620,1451
050,06,079,"California","San Luis Obispo County",3,35,3167,1633,1534
050,06,079,"California","San Luis Obispo County",3,36,3279,1689,1590
050,06,079,"California","San Luis Obispo County",3,37,3318,1721,1597
050,06,079,"California","San Luis Obispo County",3,38,3480,1810,1670
050,06,079,"California","San Luis Obispo County",3,39,3455,1809,1646
050,06,079,"California","San Luis Obispo County",3,40,3435,1813,1622
050,06,079,"California","San Luis Obispo County",3,41,3388,1767,1621
050,06,079,"California","San Luis Obispo County",3,42,3209,1718,1491
050,06,079,"California","San Luis Obispo County",3,43,3115,1680,1435
050,06,079,"California","San Luis Obispo County",3,44,3009,1556,1453
050,06,079,"California","San Luis Obispo County",3,45,2902,1535,1367
050,06,079,"California","San Luis Obispo County",3,46,2887,1523,1364
050,06,079,"California","San Luis Obispo County",3,47,2711,1430,1281
050,06,079,"California","San Luis Obispo County",3,48,2658,1368,1290
050,06,079,"California","San Luis Obispo County",3,49,2829,1464,1365
050,06,079,"California","San Luis Obispo County",3,50,3058,1582,1476
050,06,079,"California","San Luis Obispo County",3,51,3255,1724,1531
050,06,079,"California","San Luis Obispo County",3,52,3024,1559,1465
050,06,079,"California","San Luis Obispo County",3,53,2920,1506,1414
050,06,079,"California","San Luis Obispo County",3,54,2939,1477,1462
050,06,079,"California","San Luis Obispo County",3,55,3011,1510,1501
050,06,079,"California","San Luis Obispo County",3,56,3187,1591,1596
050,06,079,"California","San Luis Obispo County",3,57,3390,1648,1742
050,06,079,"California","San Luis Obispo County",3,58,3595,1743,1852
050,06,079,"California","San Luis Obispo County",3,59,3698,1775,1923
050,06,079,"California","San Luis Obispo County",3,60,3775,1809,1966
050,06,079,"California","San Luis Obispo County",3,61,3813,1832,1981
050,06,079,"California","San Luis Obispo County",3,62,3779,1769,2010
050,06,079,"California","San Luis Obispo County",3,63,3960,1843,2117
050,06,079,"California","San Luis Obispo County",3,64,4038,1844,2194
050,06,079,"California","San Luis Obispo County",3,65,3950,1821,2129
050,06,079,"California","San Luis Obispo County",3,66,3947,1864,2083
050,06,079,"California","San Luis Obispo County",3,67,3999,1872,2127
050,06,079,"California","San Luis Obispo County",3,68,3915,1836,2079
050,06,079,"California","San Luis Obispo County",3,69,3771,1802,1969
050,06,079,"California","San Luis Obispo County",3,70,3618,1761,1857
050,06,079,"California","San Luis Obispo County",3,71,3513,1667,1846
050,06,079,"California","San Luis Obispo County",3,72,3409,1656,1753
050,06,079,"California","San Luis Obispo County",3,73,3277,1624,1653
050,06,079,"California","San Luis Obispo County",3,74,3439,1685,1754
050,06,079,"California","San Luis Obispo County",3,75,2346,1116,1230
050,06,079,"California","San Luis Obispo County",3,76,2272,1089,1183
050,06,079,"California","San Luis Obispo County",3,77,2219,1064,1155
050,06,079,"California","San Luis Obispo County",3,78,2153,1014,1139
050,06,079,"California","San Luis Obispo County",3,79,1813,847,966
050,06,079,"California","San Luis Obispo County",3,80,1591,758,833
050,06,079,"California","San Luis Obispo County",3,81,1414,653,761
050,06,079,"California","San Luis Obispo County",3,82,1257,572,685
050,06,079,"California","San Luis Obispo County",3,83,1137,495,642
050,06,079,"California","San Luis Obispo County",3,84,1027,449,578
050,06,079,"California","San Luis Obispo County",3,85,6536,2543,3993
050,06,079,"California","San Luis Obispo County",4,0,2442,1263,1179
050,06,079,"California","San Luis Obispo County",4,1,2353,1204,1149
050,06,079,"California","San Luis Obispo County",4,2,2453,1240,1213
050,06,079,"California","San Luis Obispo County",4,3,2450,1226,1224
050,06,079,"California","San Luis Obispo County",4,4,2501,1252,1249
050,06,079,"California","San Luis Obispo County",4,5,2545,1293,1252
050,06,079,"California","San Luis Obispo County",4,6,2710,1373,1337
050,06,079,"California","San Luis Obispo County",4,7,2696,1368,1328
050,06,079,"California","San Luis Obispo County",4,8,2748,1376,1372
050,06,079,"California","San Luis Obispo County",4,9,2728,1406,1322
050,06,079,"California","San Luis Obispo County",4,10,2791,1447,1344
050,06,079,"California","San Luis Obispo County",4,11,2896,1503,1393
050,06,079,"California","San Luis Obispo County",4,12,2917,1511,1406
050,06,079,"California","San Luis Obispo County",4,13,2833,1469,1364
050,06,079,"California","San Luis Obispo County",4,14,2970,1506,1464
050,06,079,"California","San Luis Obispo County",4,15,3008,1554,1454
050,06,079,"California","San Luis Obispo County",4,16,3002,1544,1458
050,06,079,"California","San Luis Obispo County",4,17,2989,1487,1502
050,06,079,"California","San Luis Obispo County",4,18,5741,2864,2877
050,06,079,"California","San Luis Obispo County",4,19,7900,4225,3675
050,06,079,"California","San Luis Obispo County",4,20,7779,4122,3657
050,06,079,"California","San Luis Obispo County",4,21,6405,3398,3007
050,06,079,"California","San Luis Obispo County",4,22,5846,3274,2572
050,06,079,"California","San Luis Obispo County",4,23,5068,2916,2152
050,06,079,"California","San Luis Obispo County",4,24,3760,2017,1743
050,06,079,"California","San Luis Obispo County",4,25,3219,1701,1518
050,06,079,"California","San Luis Obispo County",4,26,2964,1547,1417
050,06,079,"California","San Luis Obispo County",4,27,2895,1437,1458
050,06,079,"California","San Luis Obispo County",4,28,3044,1592,1452
050,06,079,"California","San Luis Obispo County",4,29,3050,1617,1433
050,06,079,"California","San Luis Obispo County",4,30,3189,1692,1497
050,06,079,"California","San Luis Obispo County",4,31,3185,1703,1482
050,06,079,"California","San Luis Obispo County",4,32,3151,1646,1505
050,06,079,"California","San Luis Obispo County",4,33,3181,1688,1493
050,06,079,"California","San Luis Obispo County",4,34,3195,1680,1515
050,06,079,"California","San Luis Obispo County",4,35,3115,1630,1485
050,06,079,"California","San Luis Obispo County",4,36,3129,1616,1513
050,06,079,"California","San Luis Obispo County",4,37,3319,1733,1586
050,06,079,"California","San Luis Obispo County",4,38,3320,1707,1613
050,06,079,"California","San Luis Obispo County",4,39,3456,1779,1677
050,06,079,"California","San Luis Obispo County",4,40,3493,1837,1656
050,06,079,"California","San Luis Obispo County",4,41,3429,1804,1625
050,06,079,"California","San Luis Obispo County",4,42,3348,1768,1580
050,06,079,"California","San Luis Obispo County",4,43,3197,1713,1484
050,06,079,"California","San Luis Obispo County",4,44,3090,1670,1420
050,06,079,"California","San Luis Obispo County",4,45,3013,1573,1440
050,06,079,"California","San Luis Obispo County",4,46,2845,1500,1345
050,06,079,"California","San Luis Obispo County",4,47,2829,1495,1334
050,06,079,"California","San Luis Obispo County",4,48,2693,1418,1275
050,06,079,"California","San Luis Obispo County",4,49,2700,1396,1304
050,06,079,"California","San Luis Obispo County",4,50,2807,1434,1373
050,06,079,"California","San Luis Obispo County",4,51,3076,1603,1473
050,06,079,"California","San Luis Obispo County",4,52,3200,1682,1518
050,06,079,"California","San Luis Obispo County",4,53,3009,1557,1452
050,06,079,"California","San Luis Obispo County",4,54,2881,1478,1403
050,06,079,"California","San Luis Obispo County",4,55,2931,1465,1466
050,06,079,"California","San Luis Obispo County",4,56,2997,1505,1492
050,06,079,"California","San Luis Obispo County",4,57,3098,1528,1570
050,06,079,"California","San Luis Obispo County",4,58,3380,1638,1742
050,06,079,"California","San Luis Obispo County",4,59,3612,1736,1876
050,06,079,"California","San Luis Obispo County",4,60,3694,1779,1915
050,06,079,"California","San Luis Obispo County",4,61,3763,1793,1970
050,06,079,"California","San Luis Obispo County",4,62,3769,1778,1991
050,06,079,"California","San Luis Obispo County",4,63,3768,1759,2009
050,06,079,"California","San Luis Obispo County",4,64,3942,1840,2102
050,06,079,"California","San Luis Obispo County",4,65,4061,1835,2226
050,06,079,"California","San Luis Obispo County",4,66,3904,1796,2108
050,06,079,"California","San Luis Obispo County",4,67,3944,1863,2081
050,06,079,"California","San Luis Obispo County",4,68,3938,1840,2098
050,06,079,"California","San Luis Obispo County",4,69,3856,1804,2052
050,06,079,"California","San Luis Obispo County",4,70,3730,1785,1945
050,06,079,"California","San Luis Obispo County",4,71,3581,1746,1835
050,06,079,"California","San Luis Obispo County",4,72,3468,1657,1811
050,06,079,"California","San Luis Obispo County",4,73,3345,1620,1725
050,06,079,"California","San Luis Obispo County",4,74,3220,1602,1618
050,06,079,"California","San Luis Obispo County",4,75,3363,1637,1726
050,06,079,"California","San Luis Obispo County",4,76,2279,1081,1198
050,06,079,"California","San Luis Obispo County",4,77,2186,1037,1149
050,06,079,"California","San Luis Obispo County",4,78,2158,1020,1138
050,06,079,"California","San Luis Obispo County",4,79,2072,969,1103
050,06,079,"California","San Luis Obispo County",4,80,1709,799,910
050,06,079,"California","San Luis Obispo County",4,81,1519,709,810
050,06,079,"California","San Luis Obispo County",4,82,1329,611,718
050,06,079,"California","San Luis Obispo County",4,83,1188,532,656
050,06,079,"California","San Luis Obispo County",4,84,1063,464,599
050,06,079,"California","San Luis Obispo County",4,85,6626,2601,4025
050,06,079,"California","San Luis Obispo County",5,0,2392,1239,1153
050,06,079,"California","San Luis Obispo County",5,1,2449,1272,1177
050,06,079,"California","San Luis Obispo County",5,2,2362,1204,1158
050,06,079,"California","San Luis Obispo County",5,3,2476,1248,1228
050,06,079,"California","San Luis Obispo County",5,4,2473,1252,1221
050,06,079,"California","San Luis Obispo County",5,5,2507,1268,1239
050,06,079,"California","San Luis Obispo County",5,6,2561,1288,1273
050,06,079,"California","San Luis Obispo County",5,7,2719,1389,1330
050,06,079,"California","San Luis Obispo County",5,8,2705,1360,1345
050,06,079,"California","San Luis Obispo County",5,9,2725,1363,1362
050,06,079,"California","San Luis Obispo County",5,10,2683,1397,1286
050,06,079,"California","San Luis Obispo County",5,11,2815,1446,1369
050,06,079,"California","San Luis Obispo County",5,12,2873,1479,1394
050,06,079,"California","San Luis Obispo County",5,13,2905,1492,1413
050,06,079,"California","San Luis Obispo County",5,14,2842,1469,1373
050,06,079,"California","San Luis Obispo County",5,15,2942,1503,1439
050,06,079,"California","San Luis Obispo County",5,16,3028,1543,1485
050,06,079,"California","San Luis Obispo County",5,17,3010,1550,1460
050,06,079,"California","San Luis Obispo County",5,18,5886,2883,3003
050,06,079,"California","San Luis Obispo County",5,19,8185,4366,3819
050,06,079,"California","San Luis Obispo County",5,20,7907,4216,3691
050,06,079,"California","San Luis Obispo County",5,21,6319,3368,2951
050,06,079,"California","San Luis Obispo County",5,22,5918,3327,2591
050,06,079,"California","San Luis Obispo County",5,23,5103,2939,2164
050,06,079,"California","San Luis Obispo County",5,24,3788,2031,1757
050,06,079,"California","San Luis Obispo County",5,25,3029,1549,1480
050,06,079,"California","San Luis Obispo County",5,26,2925,1512,1413
050,06,079,"California","San Luis Obispo County",5,27,2748,1423,1325
050,06,079,"California","San Luis Obispo County",5,28,2829,1414,1415
050,06,079,"California","San Luis Obispo County",5,29,3002,1567,1435
050,06,079,"California","San Luis Obispo County",5,30,3022,1593,1429
050,06,079,"California","San Luis Obispo County",5,31,3117,1642,1475
050,06,079,"California","San Luis Obispo County",5,32,3164,1666,1498
050,06,079,"California","San Luis Obispo County",5,33,3131,1639,1492
050,06,079,"California","San Luis Obispo County",5,34,3253,1737,1516
050,06,079,"California","San Luis Obispo County",5,35,3209,1688,1521
050,06,079,"California","San Luis Obispo County",5,36,3105,1610,1495
050,06,079,"California","San Luis Obispo County",5,37,3162,1650,1512
050,06,079,"California","San Luis Obispo County",5,38,3308,1730,1578
050,06,079,"California","San Luis Obispo County",5,39,3289,1690,1599
050,06,079,"California","San Luis Obispo County",5,40,3412,1743,1669
050,06,079,"California","San Luis Obispo County",5,41,3470,1815,1655
050,06,079,"California","San Luis Obispo County",5,42,3349,1747,1602
050,06,079,"California","San Luis Obispo County",5,43,3289,1731,1558
050,06,079,"California","San Luis Obispo County",5,44,3212,1704,1508
050,06,079,"California","San Luis Obispo County",5,45,3103,1670,1433
050,06,079,"California","San Luis Obispo County",5,46,2968,1537,1431
050,06,079,"California","San Luis Obispo County",5,47,2815,1502,1313
050,06,079,"California","San Luis Obispo County",5,48,2803,1469,1334
050,06,079,"California","San Luis Obispo County",5,49,2694,1413,1281
050,06,079,"California","San Luis Obispo County",5,50,2659,1342,1317
050,06,079,"California","San Luis Obispo County",5,51,2836,1465,1371
050,06,079,"California","San Luis Obispo County",5,52,3006,1550,1456
050,06,079,"California","San Luis Obispo County",5,53,3185,1681,1504
050,06,079,"California","San Luis Obispo County",5,54,2988,1543,1445
050,06,079,"California","San Luis Obispo County",5,55,2871,1468,1403
050,06,079,"California","San Luis Obispo County",5,56,2906,1449,1457
050,06,079,"California","San Luis Obispo County",5,57,2915,1440,1475
050,06,079,"California","San Luis Obispo County",5,58,3083,1521,1562
050,06,079,"California","San Luis Obispo County",5,59,3357,1617,1740
050,06,079,"California","San Luis Obispo County",5,60,3577,1699,1878
050,06,079,"California","San Luis Obispo County",5,61,3691,1779,1912
050,06,079,"California","San Luis Obispo County",5,62,3729,1758,1971
050,06,079,"California","San Luis Obispo County",5,63,3770,1778,1992
050,06,079,"California","San Luis Obispo County",5,64,3715,1740,1975
050,06,079,"California","San Luis Obispo County",5,65,3935,1830,2105
050,06,079,"California","San Luis Obispo County",5,66,4018,1820,2198
050,06,079,"California","San Luis Obispo County",5,67,3894,1782,2112
050,06,079,"California","San Luis Obispo County",5,68,3913,1843,2070
050,06,079,"California","San Luis Obispo County",5,69,3886,1798,2088
050,06,079,"California","San Luis Obispo County",5,70,3800,1782,2018
050,06,079,"California","San Luis Obispo County",5,71,3713,1767,1946
050,06,079,"California","San Luis Obispo County",5,72,3527,1727,1800
050,06,079,"California","San Luis Obispo County",5,73,3390,1603,1787
050,06,079,"California","San Luis Obispo County",5,74,3314,1603,1711
050,06,079,"California","San Luis Obispo County",5,75,3158,1568,1590
050,06,079,"California","San Luis Obispo County",5,76,3270,1584,1686
050,06,079,"California","San Luis Obispo County",5,77,2211,1048,1163
050,06,079,"California","San Luis Obispo County",5,78,2105,995,1110
050,06,079,"California","San Luis Obispo County",5,79,2082,980,1102
050,06,079,"California","San Luis Obispo County",5,80,1941,905,1036
050,06,079,"California","San Luis Obispo County",5,81,1639,751,888
050,06,079,"California","San Luis Obispo County",5,82,1445,677,768
050,06,079,"California","San Luis Obispo County",5,83,1260,566,694
050,06,079,"California","San Luis Obispo County",5,84,1119,498,621
050,06,079,"California","San Luis Obispo County",5,85,6750,2667,4083
050,06,081,"California","San Mateo County",1,0,8275,4245,4030
050,06,081,"California","San Mateo County",1,1,8161,4177,3984
050,06,081,"California","San Mateo County",1,2,8184,4219,3965
050,06,081,"California","San Mateo County",1,3,8481,4379,4102
050,06,081,"California","San Mateo County",1,4,8530,4409,4121
050,06,081,"California","San Mateo County",1,5,8492,4374,4118
050,06,081,"California","San Mateo County",1,6,8200,4242,3958
050,06,081,"California","San Mateo County",1,7,8370,4264,4106
050,06,081,"California","San Mateo County",1,8,8510,4398,4112
050,06,081,"California","San Mateo County",1,9,8614,4382,4232
050,06,081,"California","San Mateo County",1,10,8810,4553,4257
050,06,081,"California","San Mateo County",1,11,8832,4543,4289
050,06,081,"California","San Mateo County",1,12,9116,4698,4418
050,06,081,"California","San Mateo County",1,13,9043,4638,4405
050,06,081,"California","San Mateo County",1,14,8986,4530,4456
050,06,081,"California","San Mateo County",1,15,8991,4584,4407
050,06,081,"California","San Mateo County",1,16,9073,4679,4394
050,06,081,"California","San Mateo County",1,17,8875,4519,4356
050,06,081,"California","San Mateo County",1,18,7927,4128,3799
050,06,081,"California","San Mateo County",1,19,7066,3678,3388
050,06,081,"California","San Mateo County",1,20,7229,3795,3434
050,06,081,"California","San Mateo County",1,21,7401,3801,3600
050,06,081,"California","San Mateo County",1,22,7801,4011,3790
050,06,081,"California","San Mateo County",1,23,8499,4377,4122
050,06,081,"California","San Mateo County",1,24,9161,4799,4362
050,06,081,"California","San Mateo County",1,25,9603,5030,4573
050,06,081,"California","San Mateo County",1,26,10102,5259,4843
050,06,081,"California","San Mateo County",1,27,10610,5508,5102
050,06,081,"California","San Mateo County",1,28,11227,5854,5373
050,06,081,"California","San Mateo County",1,29,11994,6223,5771
050,06,081,"California","San Mateo County",1,30,12157,6339,5818
050,06,081,"California","San Mateo County",1,31,12139,6395,5744
050,06,081,"California","San Mateo County",1,32,12080,6425,5655
050,06,081,"California","San Mateo County",1,33,11762,6183,5579
050,06,081,"California","San Mateo County",1,34,12050,6261,5789
050,06,081,"California","San Mateo County",1,35,12094,6184,5910
050,06,081,"California","San Mateo County",1,36,11984,6162,5822
050,06,081,"California","San Mateo County",1,37,11876,6111,5765
050,06,081,"California","San Mateo County",1,38,11425,5801,5624
050,06,081,"California","San Mateo County",1,39,11253,5713,5540
050,06,081,"California","San Mateo County",1,40,11112,5658,5454
050,06,081,"California","San Mateo County",1,41,10735,5307,5428
050,06,081,"California","San Mateo County",1,42,10657,5365,5292
050,06,081,"California","San Mateo County",1,43,10452,5289,5163
050,06,081,"California","San Mateo County",1,44,10159,5215,4944
050,06,081,"California","San Mateo County",1,45,10306,5230,5076
050,06,081,"California","San Mateo County",1,46,10093,5156,4937
050,06,081,"California","San Mateo County",1,47,10265,5180,5085
050,06,081,"California","San Mateo County",1,48,10568,5335,5233
050,06,081,"California","San Mateo County",1,49,11164,5676,5488
050,06,081,"California","San Mateo County",1,50,11007,5536,5471
050,06,081,"California","San Mateo County",1,51,10471,5165,5306
050,06,081,"California","San Mateo County",1,52,10018,4966,5052
050,06,081,"California","San Mateo County",1,53,9979,4955,5024
050,06,081,"California","San Mateo County",1,54,10060,5005,5055
050,06,081,"California","San Mateo County",1,55,10488,5236,5252
050,06,081,"California","San Mateo County",1,56,10686,5287,5399
050,06,081,"California","San Mateo County",1,57,10494,5120,5374
050,06,081,"California","San Mateo County",1,58,10367,5059,5308
050,06,081,"California","San Mateo County",1,59,10246,5051,5195
050,06,081,"California","San Mateo County",1,60,9972,4993,4979
050,06,081,"California","San Mateo County",1,61,9738,4845,4893
050,06,081,"California","San Mateo County",1,62,9553,4714,4839
050,06,081,"California","San Mateo County",1,63,9255,4509,4746
050,06,081,"California","San Mateo County",1,64,8968,4276,4692
050,06,081,"California","San Mateo County",1,65,8718,4245,4473
050,06,081,"California","San Mateo County",1,66,8158,3958,4200
050,06,081,"California","San Mateo County",1,67,7898,3778,4120
050,06,081,"California","San Mateo County",1,68,7605,3603,4002
050,06,081,"California","San Mateo County",1,69,7247,3410,3837
050,06,081,"California","San Mateo County",1,70,7052,3262,3790
050,06,081,"California","San Mateo County",1,71,6921,3204,3717
050,06,081,"California","San Mateo County",1,72,6619,3045,3574
050,06,081,"California","San Mateo County",1,73,6581,3053,3528
050,06,081,"California","San Mateo County",1,74,4999,2242,2757
050,06,081,"California","San Mateo County",1,75,4862,2119,2743
050,06,081,"California","San Mateo County",1,76,4659,1998,2661
050,06,081,"California","San Mateo County",1,77,4443,1953,2490
050,06,081,"California","San Mateo County",1,78,3968,1731,2237
050,06,081,"California","San Mateo County",1,79,3626,1601,2025
050,06,081,"California","San Mateo County",1,80,3438,1411,2027
050,06,081,"California","San Mateo County",1,81,3210,1333,1877
050,06,081,"California","San Mateo County",1,82,3041,1295,1746
050,06,081,"California","San Mateo County",1,83,2649,1125,1524
050,06,081,"California","San Mateo County",1,84,2447,1023,1424
050,06,081,"California","San Mateo County",1,85,16495,6050,10445
050,06,081,"California","San Mateo County",2,0,8059,4114,3945
050,06,081,"California","San Mateo County",2,1,8117,4152,3965
050,06,081,"California","San Mateo County",2,2,8130,4185,3945
050,06,081,"California","San Mateo County",2,3,8350,4303,4047
050,06,081,"California","San Mateo County",2,4,8467,4370,4097
050,06,081,"California","San Mateo County",2,5,8456,4358,4098
050,06,081,"California","San Mateo County",2,6,8237,4254,3983
050,06,081,"California","San Mateo County",2,7,8288,4241,4047
050,06,081,"California","San Mateo County",2,8,8390,4325,4065
050,06,081,"California","San Mateo County",2,9,8541,4368,4173
050,06,081,"California","San Mateo County",2,10,8725,4490,4235
050,06,081,"California","San Mateo County",2,11,8744,4501,4243
050,06,081,"California","San Mateo County",2,12,9048,4662,4386
050,06,081,"California","San Mateo County",2,13,8999,4623,4376
050,06,081,"California","San Mateo County",2,14,8953,4535,4418
050,06,081,"California","San Mateo County",2,15,8963,4555,4408
050,06,081,"California","San Mateo County",2,16,9025,4643,4382
050,06,081,"California","San Mateo County",2,17,8902,4548,4354
050,06,081,"California","San Mateo County",2,18,7893,4092,3801
050,06,081,"California","San Mateo County",2,19,7068,3673,3395
050,06,081,"California","San Mateo County",2,20,7280,3806,3474
050,06,081,"California","San Mateo County",2,21,7383,3803,3580
050,06,081,"California","San Mateo County",2,22,7790,3995,3795
050,06,081,"California","San Mateo County",2,23,8397,4331,4066
050,06,081,"California","San Mateo County",2,24,9046,4738,4308
050,06,081,"California","San Mateo County",2,25,9542,4993,4549
050,06,081,"California","San Mateo County",2,26,10055,5237,4818
050,06,081,"California","San Mateo County",2,27,10501,5453,5048
050,06,081,"California","San Mateo County",2,28,11134,5801,5333
050,06,081,"California","San Mateo County",2,29,11838,6126,5712
050,06,081,"California","San Mateo County",2,30,12195,6352,5843
050,06,081,"California","San Mateo County",2,31,12130,6379,5751
050,06,081,"California","San Mateo County",2,32,12057,6391,5666
050,06,081,"California","San Mateo County",2,33,11799,6223,5576
050,06,081,"California","San Mateo County",2,34,11966,6241,5725
050,06,081,"California","San Mateo County",2,35,12109,6205,5904
050,06,081,"California","San Mateo County",2,36,11924,6125,5799
050,06,081,"California","San Mateo County",2,37,11853,6090,5763
050,06,081,"California","San Mateo County",2,38,11521,5869,5652
050,06,081,"California","San Mateo County",2,39,11184,5680,5504
050,06,081,"California","San Mateo County",2,40,11134,5659,5475
050,06,081,"California","San Mateo County",2,41,10756,5359,5397
050,06,081,"California","San Mateo County",2,42,10603,5319,5284
050,06,081,"California","San Mateo County",2,43,10478,5288,5190
050,06,081,"California","San Mateo County",2,44,10114,5174,4940
050,06,081,"California","San Mateo County",2,45,10268,5231,5037
050,06,081,"California","San Mateo County",2,46,10075,5133,4942
050,06,081,"California","San Mateo County",2,47,10169,5142,5027
050,06,081,"California","San Mateo County",2,48,10459,5275,5184
050,06,081,"California","San Mateo County",2,49,10981,5576,5405
050,06,081,"California","San Mateo County",2,50,11032,5563,5469
050,06,081,"California","San Mateo County",2,51,10513,5209,5304
050,06,081,"California","San Mateo County",2,52,10113,5008,5105
050,06,081,"California","San Mateo County",2,53,9903,4920,4983
050,06,081,"California","San Mateo County",2,54,9989,4969,5020
050,06,081,"California","San Mateo County",2,55,10355,5167,5188
050,06,081,"California","San Mateo County",2,56,10621,5268,5353
050,06,081,"California","San Mateo County",2,57,10515,5153,5362
050,06,081,"California","San Mateo County",2,58,10330,5033,5297
050,06,081,"California","San Mateo County",2,59,10178,5007,5171
050,06,081,"California","San Mateo County",2,60,10036,5002,5034
050,06,081,"California","San Mateo County",2,61,9697,4834,4863
050,06,081,"California","San Mateo County",2,62,9534,4716,4818
050,06,081,"California","San Mateo County",2,63,9312,4550,4762
050,06,081,"California","San Mateo County",2,64,8943,4286,4657
050,06,081,"California","San Mateo County",2,65,8716,4221,4495
050,06,081,"California","San Mateo County",2,66,8243,4002,4241
050,06,081,"California","San Mateo County",2,67,7884,3789,4095
050,06,081,"California","San Mateo County",2,68,7620,3616,4004
050,06,081,"California","San Mateo County",2,69,7283,3427,3856
050,06,081,"California","San Mateo County",2,70,7087,3294,3793
050,06,081,"California","San Mateo County",2,71,6907,3198,3709
050,06,081,"California","San Mateo County",2,72,6592,3036,3556
050,06,081,"California","San Mateo County",2,73,6766,3133,3633
050,06,081,"California","San Mateo County",2,74,5120,2310,2810
050,06,081,"California","San Mateo County",2,75,4871,2137,2734
050,06,081,"California","San Mateo County",2,76,4653,2002,2651
050,06,081,"California","San Mateo County",2,77,4513,1972,2541
050,06,081,"California","San Mateo County",2,78,4018,1752,2266
050,06,081,"California","San Mateo County",2,79,3661,1607,2054
050,06,081,"California","San Mateo County",2,80,3453,1444,2009
050,06,081,"California","San Mateo County",2,81,3211,1333,1878
050,06,081,"California","San Mateo County",2,82,3059,1292,1767
050,06,081,"California","San Mateo County",2,83,2686,1141,1545
050,06,081,"California","San Mateo County",2,84,2458,1033,1425
050,06,081,"California","San Mateo County",2,85,16511,6069,10442
050,06,081,"California","San Mateo County",3,0,7473,3765,3708
050,06,081,"California","San Mateo County",3,1,7512,3843,3669
050,06,081,"California","San Mateo County",3,2,7568,3879,3689
050,06,081,"California","San Mateo County",3,3,7630,3975,3655
050,06,081,"California","San Mateo County",3,4,7841,4013,3828
050,06,081,"California","San Mateo County",3,5,8058,4170,3888
050,06,081,"California","San Mateo County",3,6,8007,4146,3861
050,06,081,"California","San Mateo County",3,7,7883,4100,3783
050,06,081,"California","San Mateo County",3,8,7953,4035,3918
050,06,081,"California","San Mateo County",3,9,8129,4191,3938
050,06,081,"California","San Mateo County",3,10,8239,4166,4073
050,06,081,"California","San Mateo County",3,11,8445,4356,4089
050,06,081,"California","San Mateo County",3,12,8391,4321,4070
050,06,081,"California","San Mateo County",3,13,8819,4548,4271
050,06,081,"California","San Mateo County",3,14,8764,4510,4254
050,06,081,"California","San Mateo County",3,15,8704,4432,4272
050,06,081,"California","San Mateo County",3,16,8817,4475,4342
050,06,081,"California","San Mateo County",3,17,8795,4527,4268
050,06,081,"California","San Mateo County",3,18,7976,4163,3813
050,06,081,"California","San Mateo County",3,19,6871,3587,3284
050,06,081,"California","San Mateo County",3,20,7183,3736,3447
050,06,081,"California","San Mateo County",3,21,7321,3816,3505
050,06,081,"California","San Mateo County",3,22,7475,3785,3690
050,06,081,"California","San Mateo County",3,23,7830,4048,3782
050,06,081,"California","San Mateo County",3,24,8248,4270,3978
050,06,081,"California","San Mateo County",3,25,8676,4539,4137
050,06,081,"California","San Mateo County",3,26,9098,4738,4360
050,06,081,"California","San Mateo County",3,27,9695,5019,4676
050,06,081,"California","San Mateo County",3,28,9982,5173,4809
050,06,081,"California","San Mateo County",3,29,10596,5482,5114
050,06,081,"California","San Mateo County",3,30,11298,5866,5432
050,06,081,"California","San Mateo County",3,31,11619,6035,5584
050,06,081,"California","San Mateo County",3,32,11517,5991,5526
050,06,081,"California","San Mateo County",3,33,11326,6022,5304
050,06,081,"California","San Mateo County",3,34,11139,5863,5276
050,06,081,"California","San Mateo County",3,35,11327,5861,5466
050,06,081,"California","San Mateo County",3,36,11274,5715,5559
050,06,081,"California","San Mateo County",3,37,11367,5847,5520
050,06,081,"California","San Mateo County",3,38,11183,5749,5434
050,06,081,"California","San Mateo County",3,39,10982,5581,5401
050,06,081,"California","San Mateo County",3,40,10671,5371,5300
050,06,081,"California","San Mateo County",3,41,10654,5377,5277
050,06,081,"California","San Mateo County",3,42,10292,5078,5214
050,06,081,"California","San Mateo County",3,43,10139,5102,5037
050,06,081,"California","San Mateo County",3,44,10122,5095,5027
050,06,081,"California","San Mateo County",3,45,9743,4962,4781
050,06,081,"California","San Mateo County",3,46,9887,4983,4904
050,06,081,"California","San Mateo County",3,47,9758,4954,4804
050,06,081,"California","San Mateo County",3,48,9859,4991,4868
050,06,081,"California","San Mateo County",3,49,10149,5099,5050
050,06,081,"California","San Mateo County",3,50,10628,5366,5262
050,06,081,"California","San Mateo County",3,51,10712,5387,5325
050,06,081,"California","San Mateo County",3,52,10217,5105,5112
050,06,081,"California","San Mateo County",3,53,9820,4869,4951
050,06,081,"California","San Mateo County",3,54,9583,4763,4820
050,06,081,"California","San Mateo County",3,55,9728,4829,4899
050,06,081,"California","San Mateo County",3,56,10079,5011,5068
050,06,081,"California","San Mateo County",3,57,10320,5137,5183
050,06,081,"California","San Mateo County",3,58,10174,4944,5230
050,06,081,"California","San Mateo County",3,59,9968,4857,5111
050,06,081,"California","San Mateo County",3,60,9831,4834,4997
050,06,081,"California","San Mateo County",3,61,9764,4841,4923
050,06,081,"California","San Mateo County",3,62,9349,4634,4715
050,06,081,"California","San Mateo County",3,63,9216,4529,4687
050,06,081,"California","San Mateo County",3,64,8984,4360,4624
050,06,081,"California","San Mateo County",3,65,8648,4149,4499
050,06,081,"California","San Mateo County",3,66,8432,4058,4374
050,06,081,"California","San Mateo County",3,67,8024,3865,4159
050,06,081,"California","San Mateo County",3,68,7656,3672,3984
050,06,081,"California","San Mateo County",3,69,7459,3518,3941
050,06,081,"California","San Mateo County",3,70,7122,3319,3803
050,06,081,"California","San Mateo County",3,71,6900,3209,3691
050,06,081,"California","San Mateo County",3,72,6721,3112,3609
050,06,081,"California","San Mateo County",3,73,6446,2959,3487
050,06,081,"California","San Mateo County",3,74,6584,3035,3549
050,06,081,"California","San Mateo County",3,75,4997,2258,2739
050,06,081,"California","San Mateo County",3,76,4727,2045,2682
050,06,081,"California","San Mateo County",3,77,4526,1923,2603
050,06,081,"California","San Mateo County",3,78,4340,1889,2451
050,06,081,"California","San Mateo County",3,79,3884,1691,2193
050,06,081,"California","San Mateo County",3,80,3540,1551,1989
050,06,081,"California","San Mateo County",3,81,3315,1380,1935
050,06,081,"California","San Mateo County",3,82,3106,1252,1854
050,06,081,"California","San Mateo County",3,83,2872,1204,1668
050,06,081,"California","San Mateo County",3,84,2562,1104,1458
050,06,081,"California","San Mateo County",3,85,16630,6127,10503
050,06,081,"California","San Mateo County",4,0,7633,3930,3703
050,06,081,"California","San Mateo County",4,1,7175,3602,3573
050,06,081,"California","San Mateo County",4,2,7257,3730,3527
050,06,081,"California","San Mateo County",4,3,7279,3702,3577
050,06,081,"California","San Mateo County",4,4,7274,3776,3498
050,06,081,"California","San Mateo County",4,5,7659,3952,3707
050,06,081,"California","San Mateo County",4,6,7803,4024,3779
050,06,081,"California","San Mateo County",4,7,7797,4008,3789
050,06,081,"California","San Mateo County",4,8,7643,3979,3664
050,06,081,"California","San Mateo County",4,9,7809,3975,3834
050,06,081,"California","San Mateo County",4,10,7908,4107,3801
050,06,081,"California","San Mateo County",4,11,8058,4077,3981
050,06,081,"California","San Mateo County",4,12,8189,4203,3986
050,06,081,"California","San Mateo County",4,13,8248,4276,3972
050,06,081,"California","San Mateo County",4,14,8602,4442,4160
050,06,081,"California","San Mateo County",4,15,8625,4420,4205
050,06,081,"California","San Mateo County",4,16,8588,4367,4221
050,06,081,"California","San Mateo County",4,17,8769,4433,4336
050,06,081,"California","San Mateo County",4,18,7854,4124,3730
050,06,081,"California","San Mateo County",4,19,6891,3616,3275
050,06,081,"California","San Mateo County",4,20,6999,3659,3340
050,06,081,"California","San Mateo County",4,21,7286,3748,3538
050,06,081,"California","San Mateo County",4,22,7589,3912,3677
050,06,081,"California","San Mateo County",4,23,7699,3939,3760
050,06,081,"California","San Mateo County",4,24,8017,4156,3861
050,06,081,"California","San Mateo County",4,25,8412,4395,4017
050,06,081,"California","San Mateo County",4,26,8909,4644,4265
050,06,081,"California","San Mateo County",4,27,9273,4875,4398
050,06,081,"California","San Mateo County",4,28,9701,5026,4675
050,06,081,"California","San Mateo County",4,29,10053,5149,4904
050,06,081,"California","San Mateo County",4,30,10545,5479,5066
050,06,081,"California","San Mateo County",4,31,11177,5805,5372
050,06,081,"California","San Mateo County",4,32,11525,5957,5568
050,06,081,"California","San Mateo County",4,33,11296,5898,5398
050,06,081,"California","San Mateo County",4,34,11262,5917,5345
050,06,081,"California","San Mateo County",4,35,10919,5705,5214
050,06,081,"California","San Mateo County",4,36,11039,5732,5307
050,06,081,"California","San Mateo County",4,37,11027,5571,5456
050,06,081,"California","San Mateo County",4,38,11032,5627,5405
050,06,081,"California","San Mateo County",4,39,10829,5556,5273
050,06,081,"California","San Mateo County",4,40,10684,5390,5294
050,06,081,"California","San Mateo County",4,41,10385,5238,5147
050,06,081,"California","San Mateo County",4,42,10545,5322,5223
050,06,081,"California","San Mateo County",4,43,10004,4908,5096
050,06,081,"California","San Mateo County",4,44,9793,4893,4900
050,06,081,"California","San Mateo County",4,45,9857,5018,4839
050,06,081,"California","San Mateo County",4,46,9454,4781,4673
050,06,081,"California","San Mateo County",4,47,9664,4847,4817
050,06,081,"California","San Mateo County",4,48,9522,4839,4683
050,06,081,"California","San Mateo County",4,49,9597,4846,4751
050,06,081,"California","San Mateo County",4,50,9935,4972,4963
050,06,081,"California","San Mateo County",4,51,10314,5168,5146
050,06,081,"California","San Mateo County",4,52,10544,5293,5251
050,06,081,"California","San Mateo County",4,53,10038,4995,5043
050,06,081,"California","San Mateo County",4,54,9561,4720,4841
050,06,081,"California","San Mateo County",4,55,9328,4614,4714
050,06,081,"California","San Mateo County",4,56,9520,4710,4810
050,06,081,"California","San Mateo County",4,57,9812,4901,4911
050,06,081,"California","San Mateo County",4,58,10077,4978,5099
050,06,081,"California","San Mateo County",4,59,9908,4794,5114
050,06,081,"California","San Mateo County",4,60,9744,4767,4977
050,06,081,"California","San Mateo County",4,61,9580,4710,4870
050,06,081,"California","San Mateo County",4,62,9447,4691,4756
050,06,081,"California","San Mateo County",4,63,9091,4522,4569
050,06,081,"California","San Mateo County",4,64,8981,4372,4609
050,06,081,"California","San Mateo County",4,65,8732,4218,4514
050,06,081,"California","San Mateo County",4,66,8381,4006,4375
050,06,081,"California","San Mateo County",4,67,8198,3933,4265
050,06,081,"California","San Mateo County",4,68,7846,3754,4092
050,06,081,"California","San Mateo County",4,69,7459,3562,3897
050,06,081,"California","San Mateo County",4,70,7274,3393,3881
050,06,081,"California","San Mateo County",4,71,6926,3230,3696
050,06,081,"California","San Mateo County",4,72,6716,3102,3614
050,06,081,"California","San Mateo County",4,73,6557,3018,3539
050,06,081,"California","San Mateo County",4,74,6334,2906,3428
050,06,081,"California","San Mateo County",4,75,6387,2949,3438
050,06,081,"California","San Mateo County",4,76,4874,2174,2700
050,06,081,"California","San Mateo County",4,77,4582,1963,2619
050,06,081,"California","San Mateo County",4,78,4403,1861,2542
050,06,081,"California","San Mateo County",4,79,4201,1812,2389
050,06,081,"California","San Mateo County",4,80,3753,1618,2135
050,06,081,"California","San Mateo County",4,81,3396,1473,1923
050,06,081,"California","San Mateo County",4,82,3257,1328,1929
050,06,081,"California","San Mateo County",4,83,2916,1168,1748
050,06,081,"California","San Mateo County",4,84,2741,1153,1588
050,06,081,"California","San Mateo County",4,85,16961,6373,10588
050,06,081,"California","San Mateo County",5,0,7507,3865,3642
050,06,081,"California","San Mateo County",5,1,7421,3827,3594
050,06,081,"California","San Mateo County",5,2,7036,3540,3496
050,06,081,"California","San Mateo County",5,3,7078,3608,3470
050,06,081,"California","San Mateo County",5,4,7186,3660,3526
050,06,081,"California","San Mateo County",5,5,7125,3685,3440
050,06,081,"California","San Mateo County",5,6,7499,3885,3614
050,06,081,"California","San Mateo County",5,7,7638,3937,3701
050,06,081,"California","San Mateo County",5,8,7700,3951,3749
050,06,081,"California","San Mateo County",5,9,7602,3905,3697
050,06,081,"California","San Mateo County",5,10,7708,3933,3775
050,06,081,"California","San Mateo County",5,11,7788,4027,3761
050,06,081,"California","San Mateo County",5,12,7905,3976,3929
050,06,081,"California","San Mateo County",5,13,8127,4210,3917
050,06,081,"California","San Mateo County",5,14,8162,4240,3922
050,06,081,"California","San Mateo County",5,15,8545,4430,4115
050,06,081,"California","San Mateo County",5,16,8595,4384,4211
050,06,081,"California","San Mateo County",5,17,8596,4358,4238
050,06,081,"California","San Mateo County",5,18,7928,4081,3847
050,06,081,"California","San Mateo County",5,19,6959,3678,3281
050,06,081,"California","San Mateo County",5,20,7301,3849,3452
050,06,081,"California","San Mateo County",5,21,7367,3814,3553
050,06,081,"California","San Mateo County",5,22,7713,3909,3804
050,06,081,"California","San Mateo County",5,23,8040,4120,3920
050,06,081,"California","San Mateo County",5,24,8110,4216,3894
050,06,081,"California","San Mateo County",5,25,8163,4209,3954
050,06,081,"California","San Mateo County",5,26,8673,4552,4121
050,06,081,"California","San Mateo County",5,27,9096,4714,4382
050,06,081,"California","San Mateo County",5,28,9593,5069,4524
050,06,081,"California","San Mateo County",5,29,9848,5065,4783
050,06,081,"California","San Mateo County",5,30,10400,5323,5077
050,06,081,"California","San Mateo County",5,31,10487,5464,5023
050,06,081,"California","San Mateo County",5,32,11141,5788,5353
050,06,081,"California","San Mateo County",5,33,11461,5938,5523
050,06,081,"California","San Mateo County",5,34,11299,5892,5407
050,06,081,"California","San Mateo County",5,35,11079,5779,5300
050,06,081,"California","San Mateo County",5,36,10732,5582,5150
050,06,081,"California","San Mateo County",5,37,10852,5609,5243
050,06,081,"California","San Mateo County",5,38,10862,5469,5393
050,06,081,"California","San Mateo County",5,39,10856,5584,5272
050,06,081,"California","San Mateo County",5,40,10578,5396,5182
050,06,081,"California","San Mateo County",5,41,10437,5267,5170
050,06,081,"California","San Mateo County",5,42,10261,5145,5116
050,06,081,"California","San Mateo County",5,43,10479,5277,5202
050,06,081,"California","San Mateo County",5,44,9863,4853,5010
050,06,081,"California","San Mateo County",5,45,9678,4848,4830
050,06,081,"California","San Mateo County",5,46,9736,4926,4810
050,06,081,"California","San Mateo County",5,47,9402,4744,4658
050,06,081,"California","San Mateo County",5,48,9489,4761,4728
050,06,081,"California","San Mateo County",5,49,9404,4793,4611
050,06,081,"California","San Mateo County",5,50,9482,4806,4676
050,06,081,"California","San Mateo County",5,51,9753,4881,4872
050,06,081,"California","San Mateo County",5,52,10239,5116,5123
050,06,081,"California","San Mateo County",5,53,10410,5219,5191
050,06,081,"California","San Mateo County",5,54,9849,4882,4967
050,06,081,"California","San Mateo County",5,55,9370,4608,4762
050,06,081,"California","San Mateo County",5,56,9243,4551,4692
050,06,081,"California","San Mateo County",5,57,9385,4662,4723
050,06,081,"California","San Mateo County",5,58,9620,4783,4837
050,06,081,"California","San Mateo County",5,59,9920,4906,5014
050,06,081,"California","San Mateo County",5,60,9759,4731,5028
050,06,081,"California","San Mateo County",5,61,9612,4685,4927
050,06,081,"California","San Mateo County",5,62,9370,4586,4784
050,06,081,"California","San Mateo County",5,63,9272,4599,4673
050,06,081,"California","San Mateo County",5,64,8891,4406,4485
050,06,081,"California","San Mateo County",5,65,8717,4242,4475
050,06,081,"California","San Mateo County",5,66,8509,4092,4417
050,06,081,"California","San Mateo County",5,67,8215,3923,4292
050,06,081,"California","San Mateo County",5,68,8050,3844,4206
050,06,081,"California","San Mateo County",5,69,7694,3656,4038
050,06,081,"California","San Mateo County",5,70,7264,3429,3835
050,06,081,"California","San Mateo County",5,71,7145,3340,3805
050,06,081,"California","San Mateo County",5,72,6790,3152,3638
050,06,081,"California","San Mateo County",5,73,6593,3042,3551
050,06,081,"California","San Mateo County",5,74,6437,2938,3499
050,06,081,"California","San Mateo County",5,75,6197,2844,3353
050,06,081,"California","San Mateo County",5,76,6256,2857,3399
050,06,081,"California","San Mateo County",5,77,4737,2104,2633
050,06,081,"California","San Mateo County",5,78,4456,1898,2558
050,06,081,"California","San Mateo County",5,79,4240,1786,2454
050,06,081,"California","San Mateo County",5,80,4054,1734,2320
050,06,081,"California","San Mateo County",5,81,3609,1553,2056
050,06,081,"California","San Mateo County",5,82,3304,1408,1896
050,06,081,"California","San Mateo County",5,83,3050,1246,1804
050,06,081,"California","San Mateo County",5,84,2788,1115,1673
050,06,081,"California","San Mateo County",5,85,17568,6697,10871
050,06,083,"California","Santa Barbara County",1,0,5398,2757,2641
050,06,083,"California","Santa Barbara County",1,1,5396,2738,2658
050,06,083,"California","Santa Barbara County",1,2,5294,2658,2636
050,06,083,"California","Santa Barbara County",1,3,5498,2836,2662
050,06,083,"California","Santa Barbara County",1,4,5591,2853,2738
050,06,083,"California","Santa Barbara County",1,5,5706,2975,2731
050,06,083,"California","Santa Barbara County",1,6,5620,2912,2708
050,06,083,"California","Santa Barbara County",1,7,5624,2915,2709
050,06,083,"California","Santa Barbara County",1,8,5629,2885,2744
050,06,083,"California","Santa Barbara County",1,9,5729,2890,2839
050,06,083,"California","Santa Barbara County",1,10,5633,2880,2753
050,06,083,"California","Santa Barbara County",1,11,5701,2907,2794
050,06,083,"California","Santa Barbara County",1,12,5866,3003,2863
050,06,083,"California","Santa Barbara County",1,13,5809,2939,2870
050,06,083,"California","Santa Barbara County",1,14,5712,2863,2849
050,06,083,"California","Santa Barbara County",1,15,5642,2863,2779
050,06,083,"California","Santa Barbara County",1,16,5541,2790,2751
050,06,083,"California","Santa Barbara County",1,17,5435,2771,2664
050,06,083,"California","Santa Barbara County",1,18,9072,4309,4763
050,06,083,"California","Santa Barbara County",1,19,11241,5449,5792
050,06,083,"California","Santa Barbara County",1,20,11725,5655,6070
050,06,083,"California","Santa Barbara County",1,21,11046,5361,5685
050,06,083,"California","Santa Barbara County",1,22,9468,4960,4508
050,06,083,"California","Santa Barbara County",1,23,8310,4491,3819
050,06,083,"California","Santa Barbara County",1,24,7546,4009,3537
050,06,083,"California","Santa Barbara County",1,25,6909,3639,3270
050,06,083,"California","Santa Barbara County",1,26,6519,3420,3099
050,06,083,"California","Santa Barbara County",1,27,6279,3276,3003
050,06,083,"California","Santa Barbara County",1,28,6246,3268,2978
050,06,083,"California","Santa Barbara County",1,29,6226,3259,2967
050,06,083,"California","Santa Barbara County",1,30,5872,3157,2715
050,06,083,"California","Santa Barbara County",1,31,5624,2972,2652
050,06,083,"California","Santa Barbara County",1,32,5371,2784,2587
050,06,083,"California","Santa Barbara County",1,33,5131,2713,2418
050,06,083,"California","Santa Barbara County",1,34,5241,2830,2411
050,06,083,"California","Santa Barbara County",1,35,5527,2957,2570
050,06,083,"California","Santa Barbara County",1,36,5444,2833,2611
050,06,083,"California","Santa Barbara County",1,37,5650,2977,2673
050,06,083,"California","Santa Barbara County",1,38,5543,2924,2619
050,06,083,"California","Santa Barbara County",1,39,5305,2743,2562
050,06,083,"California","Santa Barbara County",1,40,5244,2739,2505
050,06,083,"California","Santa Barbara County",1,41,4909,2576,2333
050,06,083,"California","Santa Barbara County",1,42,4915,2566,2349
050,06,083,"California","Santa Barbara County",1,43,4638,2355,2283
050,06,083,"California","Santa Barbara County",1,44,4670,2413,2257
050,06,083,"California","Santa Barbara County",1,45,4691,2427,2264
050,06,083,"California","Santa Barbara County",1,46,4545,2348,2197
050,06,083,"California","Santa Barbara County",1,47,4505,2278,2227
050,06,083,"California","Santa Barbara County",1,48,4698,2406,2292
050,06,083,"California","Santa Barbara County",1,49,4998,2594,2404
050,06,083,"California","Santa Barbara County",1,50,4939,2559,2380
050,06,083,"California","Santa Barbara County",1,51,4771,2488,2283
050,06,083,"California","Santa Barbara County",1,52,4672,2379,2293
050,06,083,"California","Santa Barbara County",1,53,4643,2324,2319
050,06,083,"California","Santa Barbara County",1,54,4769,2367,2402
050,06,083,"California","Santa Barbara County",1,55,4956,2543,2413
050,06,083,"California","Santa Barbara County",1,56,5078,2513,2565
050,06,083,"California","Santa Barbara County",1,57,5145,2526,2619
050,06,083,"California","Santa Barbara County",1,58,5236,2584,2652
050,06,083,"California","Santa Barbara County",1,59,5236,2562,2674
050,06,083,"California","Santa Barbara County",1,60,5207,2574,2633
050,06,083,"California","Santa Barbara County",1,61,5009,2483,2526
050,06,083,"California","Santa Barbara County",1,62,4976,2438,2538
050,06,083,"California","Santa Barbara County",1,63,4866,2384,2482
050,06,083,"California","Santa Barbara County",1,64,4782,2346,2436
050,06,083,"California","Santa Barbara County",1,65,4683,2280,2403
050,06,083,"California","Santa Barbara County",1,66,4483,2203,2280
050,06,083,"California","Santa Barbara County",1,67,4423,2096,2327
050,06,083,"California","Santa Barbara County",1,68,4169,1963,2206
050,06,083,"California","Santa Barbara County",1,69,3916,1866,2050
050,06,083,"California","Santa Barbara County",1,70,3893,1858,2035
050,06,083,"California","Santa Barbara County",1,71,3783,1795,1988
050,06,083,"California","Santa Barbara County",1,72,3734,1776,1958
050,06,083,"California","Santa Barbara County",1,73,3691,1819,1872
050,06,083,"California","Santa Barbara County",1,74,2738,1301,1437
050,06,083,"California","Santa Barbara County",1,75,2759,1273,1486
050,06,083,"California","Santa Barbara County",1,76,2637,1182,1455
050,06,083,"California","Santa Barbara County",1,77,2526,1143,1383
050,06,083,"California","Santa Barbara County",1,78,2218,984,1234
050,06,083,"California","Santa Barbara County",1,79,2004,891,1113
050,06,083,"California","Santa Barbara County",1,80,1925,869,1056
050,06,083,"California","Santa Barbara County",1,81,1840,829,1011
050,06,083,"California","Santa Barbara County",1,82,1699,752,947
050,06,083,"California","Santa Barbara County",1,83,1513,625,888
050,06,083,"California","Santa Barbara County",1,84,1483,591,892
050,06,083,"California","Santa Barbara County",1,85,9886,3730,6156
050,06,083,"California","Santa Barbara County",2,0,5391,2771,2620
050,06,083,"California","Santa Barbara County",2,1,5386,2737,2649
050,06,083,"California","Santa Barbara County",2,2,5309,2673,2636
050,06,083,"California","Santa Barbara County",2,3,5430,2788,2642
050,06,083,"California","Santa Barbara County",2,4,5564,2851,2713
050,06,083,"California","Santa Barbara County",2,5,5669,2943,2726
050,06,083,"California","Santa Barbara County",2,6,5636,2925,2711
050,06,083,"California","Santa Barbara County",2,7,5607,2909,2698
050,06,083,"California","Santa Barbara County",2,8,5594,2873,2721
050,06,083,"California","Santa Barbara County",2,9,5689,2883,2806
050,06,083,"California","Santa Barbara County",2,10,5652,2881,2771
050,06,083,"California","Santa Barbara County",2,11,5645,2884,2761
050,06,083,"California","Santa Barbara County",2,12,5837,2990,2847
050,06,083,"California","Santa Barbara County",2,13,5804,2949,2855
050,06,083,"California","Santa Barbara County",2,14,5728,2878,2850
050,06,083,"California","Santa Barbara County",2,15,5671,2871,2800
050,06,083,"California","Santa Barbara County",2,16,5560,2800,2760
050,06,083,"California","Santa Barbara County",2,17,5462,2774,2688
050,06,083,"California","Santa Barbara County",2,18,9063,4305,4758
050,06,083,"California","Santa Barbara County",2,19,11222,5443,5779
050,06,083,"California","Santa Barbara County",2,20,11831,5724,6107
050,06,083,"California","Santa Barbara County",2,21,11053,5373,5680
050,06,083,"California","Santa Barbara County",2,22,9490,4969,4521
050,06,083,"California","Santa Barbara County",2,23,8295,4477,3818
050,06,083,"California","Santa Barbara County",2,24,7478,3967,3511
050,06,083,"California","Santa Barbara County",2,25,6905,3654,3251
050,06,083,"California","Santa Barbara County",2,26,6512,3417,3095
050,06,083,"California","Santa Barbara County",2,27,6254,3272,2982
050,06,083,"California","Santa Barbara County",2,28,6236,3257,2979
050,06,083,"California","Santa Barbara County",2,29,6204,3243,2961
050,06,083,"California","Santa Barbara County",2,30,5978,3193,2785
050,06,083,"California","Santa Barbara County",2,31,5637,2985,2652
050,06,083,"California","Santa Barbara County",2,32,5425,2824,2601
050,06,083,"California","Santa Barbara County",2,33,5174,2721,2453
050,06,083,"California","Santa Barbara County",2,34,5218,2805,2413
050,06,083,"California","Santa Barbara County",2,35,5473,2936,2537
050,06,083,"California","Santa Barbara County",2,36,5413,2829,2584
050,06,083,"California","Santa Barbara County",2,37,5593,2937,2656
050,06,083,"California","Santa Barbara County",2,38,5586,2945,2641
050,06,083,"California","Santa Barbara County",2,39,5330,2764,2566
050,06,083,"California","Santa Barbara County",2,40,5298,2762,2536
050,06,083,"California","Santa Barbara County",2,41,4952,2594,2358
050,06,083,"California","Santa Barbara County",2,42,4888,2560,2328
050,06,083,"California","Santa Barbara County",2,43,4709,2409,2300
050,06,083,"California","Santa Barbara County",2,44,4637,2386,2251
050,06,083,"California","Santa Barbara County",2,45,4694,2425,2269
050,06,083,"California","Santa Barbara County",2,46,4563,2356,2207
050,06,083,"California","Santa Barbara County",2,47,4501,2283,2218
050,06,083,"California","Santa Barbara County",2,48,4641,2372,2269
050,06,083,"California","Santa Barbara County",2,49,4939,2554,2385
050,06,083,"California","Santa Barbara County",2,50,4957,2568,2389
050,06,083,"California","Santa Barbara County",2,51,4776,2488,2288
050,06,083,"California","Santa Barbara County",2,52,4690,2399,2291
050,06,083,"California","Santa Barbara County",2,53,4644,2330,2314
050,06,083,"California","Santa Barbara County",2,54,4731,2351,2380
050,06,083,"California","Santa Barbara County",2,55,4907,2502,2405
050,06,083,"California","Santa Barbara County",2,56,5045,2511,2534
050,06,083,"California","Santa Barbara County",2,57,5115,2517,2598
050,06,083,"California","Santa Barbara County",2,58,5206,2563,2643
050,06,083,"California","Santa Barbara County",2,59,5222,2564,2658
050,06,083,"California","Santa Barbara County",2,60,5219,2573,2646
050,06,083,"California","Santa Barbara County",2,61,5023,2490,2533
050,06,083,"California","Santa Barbara County",2,62,4956,2431,2525
050,06,083,"California","Santa Barbara County",2,63,4917,2406,2511
050,06,083,"California","Santa Barbara County",2,64,4746,2327,2419
050,06,083,"California","Santa Barbara County",2,65,4702,2287,2415
050,06,083,"California","Santa Barbara County",2,66,4520,2215,2305
050,06,083,"California","Santa Barbara County",2,67,4405,2104,2301
050,06,083,"California","Santa Barbara County",2,68,4189,1977,2212
050,06,083,"California","Santa Barbara County",2,69,3967,1886,2081
050,06,083,"California","Santa Barbara County",2,70,3886,1852,2034
050,06,083,"California","Santa Barbara County",2,71,3807,1809,1998
050,06,083,"California","Santa Barbara County",2,72,3685,1750,1935
050,06,083,"California","Santa Barbara County",2,73,3850,1883,1967
050,06,083,"California","Santa Barbara County",2,74,2798,1338,1460
050,06,083,"California","Santa Barbara County",2,75,2747,1275,1472
050,06,083,"California","Santa Barbara County",2,76,2623,1184,1439
050,06,083,"California","Santa Barbara County",2,77,2589,1174,1415
050,06,083,"California","Santa Barbara County",2,78,2262,1006,1256
050,06,083,"California","Santa Barbara County",2,79,2024,896,1128
050,06,083,"California","Santa Barbara County",2,80,1940,867,1073
050,06,083,"California","Santa Barbara County",2,81,1835,829,1006
050,06,083,"California","Santa Barbara County",2,82,1725,764,961
050,06,083,"California","Santa Barbara County",2,83,1524,631,893
050,06,083,"California","Santa Barbara County",2,84,1481,594,887
050,06,083,"California","Santa Barbara County",2,85,9885,3715,6170
050,06,083,"California","Santa Barbara County",3,0,5308,2695,2613
050,06,083,"California","Santa Barbara County",3,1,5325,2724,2601
050,06,083,"California","Santa Barbara County",3,2,5394,2715,2679
050,06,083,"California","Santa Barbara County",3,3,5265,2641,2624
050,06,083,"California","Santa Barbara County",3,4,5363,2756,2607
050,06,083,"California","Santa Barbara County",3,5,5465,2784,2681
050,06,083,"California","Santa Barbara County",3,6,5588,2894,2694
050,06,083,"California","Santa Barbara County",3,7,5559,2891,2668
050,06,083,"California","Santa Barbara County",3,8,5548,2878,2670
050,06,083,"California","Santa Barbara County",3,9,5566,2883,2683
050,06,083,"California","Santa Barbara County",3,10,5603,2840,2763
050,06,083,"California","Santa Barbara County",3,11,5596,2852,2744
050,06,083,"California","Santa Barbara County",3,12,5554,2847,2707
050,06,083,"California","Santa Barbara County",3,13,5801,2973,2828
050,06,083,"California","Santa Barbara County",3,14,5763,2930,2833
050,06,083,"California","Santa Barbara County",3,15,5705,2882,2823
050,06,083,"California","Santa Barbara County",3,16,5631,2848,2783
050,06,083,"California","Santa Barbara County",3,17,5548,2779,2769
050,06,083,"California","Santa Barbara County",3,18,6309,3172,3137
050,06,083,"California","Santa Barbara County",3,19,8160,3971,4189
050,06,083,"California","Santa Barbara County",3,20,10593,5157,5436
050,06,083,"California","Santa Barbara County",3,21,10321,5007,5314
050,06,083,"California","Santa Barbara County",3,22,9017,4659,4358
050,06,083,"California","Santa Barbara County",3,23,7807,4132,3675
050,06,083,"California","Santa Barbara County",3,24,7013,3622,3391
050,06,083,"California","Santa Barbara County",3,25,6627,3490,3137
050,06,083,"California","Santa Barbara County",3,26,6264,3289,2975
050,06,083,"California","Santa Barbara County",3,27,6027,3126,2901
050,06,083,"California","Santa Barbara County",3,28,5987,3076,2911
050,06,083,"California","Santa Barbara County",3,29,6068,3132,2936
050,06,083,"California","Santa Barbara County",3,30,6056,3179,2877
050,06,083,"California","Santa Barbara County",3,31,5847,3093,2754
050,06,083,"California","Santa Barbara County",3,32,5625,2965,2660
050,06,083,"California","Santa Barbara County",3,33,5327,2756,2571
050,06,083,"California","Santa Barbara County",3,34,5175,2697,2478
050,06,083,"California","Santa Barbara County",3,35,5203,2757,2446
050,06,083,"California","Santa Barbara County",3,36,5325,2804,2521
050,06,083,"California","Santa Barbara County",3,37,5370,2794,2576
050,06,083,"California","Santa Barbara County",3,38,5524,2897,2627
050,06,083,"California","Santa Barbara County",3,39,5559,2889,2670
050,06,083,"California","Santa Barbara County",3,40,5290,2754,2536
050,06,083,"California","Santa Barbara County",3,41,5164,2673,2491
050,06,083,"California","Santa Barbara County",3,42,4867,2525,2342
050,06,083,"California","Santa Barbara County",3,43,4757,2471,2286
050,06,083,"California","Santa Barbara County",3,44,4699,2398,2301
050,06,083,"California","Santa Barbara County",3,45,4559,2340,2219
050,06,083,"California","Santa Barbara County",3,46,4638,2404,2234
050,06,083,"California","Santa Barbara County",3,47,4499,2303,2196
050,06,083,"California","Santa Barbara County",3,48,4402,2206,2196
050,06,083,"California","Santa Barbara County",3,49,4567,2329,2238
050,06,083,"California","Santa Barbara County",3,50,4910,2520,2390
050,06,083,"California","Santa Barbara County",3,51,4830,2496,2334
050,06,083,"California","Santa Barbara County",3,52,4700,2433,2267
050,06,083,"California","Santa Barbara County",3,53,4623,2347,2276
050,06,083,"California","Santa Barbara County",3,54,4619,2299,2320
050,06,083,"California","Santa Barbara County",3,55,4677,2349,2328
050,06,083,"California","Santa Barbara County",3,56,4814,2433,2381
050,06,083,"California","Santa Barbara County",3,57,5028,2507,2521
050,06,083,"California","Santa Barbara County",3,58,5044,2475,2569
050,06,083,"California","Santa Barbara County",3,59,5116,2483,2633
050,06,083,"California","Santa Barbara County",3,60,5141,2519,2622
050,06,083,"California","Santa Barbara County",3,61,5115,2500,2615
050,06,083,"California","Santa Barbara County",3,62,4978,2462,2516
050,06,083,"California","Santa Barbara County",3,63,4892,2379,2513
050,06,083,"California","Santa Barbara County",3,64,4814,2345,2469
050,06,083,"California","Santa Barbara County",3,65,4689,2287,2402
050,06,083,"California","Santa Barbara County",3,66,4626,2254,2372
050,06,083,"California","Santa Barbara County",3,67,4445,2169,2276
050,06,083,"California","Santa Barbara County",3,68,4373,2064,2309
050,06,083,"California","Santa Barbara County",3,69,4084,1921,2163
050,06,083,"California","Santa Barbara County",3,70,3913,1836,2077
050,06,083,"California","Santa Barbara County",3,71,3824,1830,1994
050,06,083,"California","Santa Barbara County",3,72,3730,1768,1962
050,06,083,"California","Santa Barbara County",3,73,3589,1701,1888
050,06,083,"California","Santa Barbara County",3,74,3733,1811,1922
050,06,083,"California","Santa Barbara County",3,75,2732,1296,1436
050,06,083,"California","Santa Barbara County",3,76,2657,1231,1426
050,06,083,"California","Santa Barbara County",3,77,2561,1165,1396
050,06,083,"California","Santa Barbara County",3,78,2539,1138,1401
050,06,083,"California","Santa Barbara County",3,79,2142,963,1179
050,06,083,"California","Santa Barbara County",3,80,1932,828,1104
050,06,083,"California","Santa Barbara County",3,81,1822,829,993
050,06,083,"California","Santa Barbara County",3,82,1755,781,974
050,06,083,"California","Santa Barbara County",3,83,1612,685,927
050,06,083,"California","Santa Barbara County",3,84,1455,596,859
050,06,083,"California","Santa Barbara County",3,85,9779,3663,6116
050,06,083,"California","Santa Barbara County",4,0,5602,2803,2799
050,06,083,"California","Santa Barbara County",4,1,5197,2655,2542
050,06,083,"California","Santa Barbara County",4,2,5264,2686,2578
050,06,083,"California","Santa Barbara County",4,3,5307,2705,2602
050,06,083,"California","Santa Barbara County",4,4,5210,2623,2587
050,06,083,"California","Santa Barbara County",4,5,5314,2739,2575
050,06,083,"California","Santa Barbara County",4,6,5391,2733,2658
050,06,083,"California","Santa Barbara County",4,7,5567,2862,2705
050,06,083,"California","Santa Barbara County",4,8,5484,2832,2652
050,06,083,"California","Santa Barbara County",4,9,5455,2829,2626
050,06,083,"California","Santa Barbara County",4,10,5518,2868,2650
050,06,083,"California","Santa Barbara County",4,11,5531,2814,2717
050,06,083,"California","Santa Barbara County",4,12,5557,2856,2701
050,06,083,"California","Santa Barbara County",4,13,5523,2822,2701
050,06,083,"California","Santa Barbara County",4,14,5819,2999,2820
050,06,083,"California","Santa Barbara County",4,15,5823,2959,2864
050,06,083,"California","Santa Barbara County",4,16,5709,2892,2817
050,06,083,"California","Santa Barbara County",4,17,5715,2911,2804
050,06,083,"California","Santa Barbara County",4,18,9024,4239,4785
050,06,083,"California","Santa Barbara County",4,19,10847,5230,5617
050,06,083,"California","Santa Barbara County",4,20,11406,5489,5917
050,06,083,"California","Santa Barbara County",4,21,11032,5327,5705
050,06,083,"California","Santa Barbara County",4,22,9459,4910,4549
050,06,083,"California","Santa Barbara County",4,23,8029,4288,3741
050,06,083,"California","Santa Barbara County",4,24,6928,3577,3351
050,06,083,"California","Santa Barbara County",4,25,6392,3327,3065
050,06,083,"California","Santa Barbara County",4,26,6172,3274,2898
050,06,083,"California","Santa Barbara County",4,27,5873,3072,2801
050,06,083,"California","Santa Barbara County",4,28,5859,3049,2810
050,06,083,"California","Santa Barbara County",4,29,5882,3023,2859
050,06,083,"California","Santa Barbara County",4,30,5908,3086,2822
050,06,083,"California","Santa Barbara County",4,31,5914,3091,2823
050,06,083,"California","Santa Barbara County",4,32,5770,3067,2703
050,06,083,"California","Santa Barbara County",4,33,5526,2919,2607
050,06,083,"California","Santa Barbara County",4,34,5250,2726,2524
050,06,083,"California","Santa Barbara County",4,35,5131,2673,2458
050,06,083,"California","Santa Barbara County",4,36,5129,2704,2425
050,06,083,"California","Santa Barbara County",4,37,5258,2795,2463
050,06,083,"California","Santa Barbara County",4,38,5313,2769,2544
050,06,083,"California","Santa Barbara County",4,39,5446,2857,2589
050,06,083,"California","Santa Barbara County",4,40,5535,2883,2652
050,06,083,"California","Santa Barbara County",4,41,5177,2679,2498
050,06,083,"California","Santa Barbara County",4,42,5123,2670,2453
050,06,083,"California","Santa Barbara County",4,43,4805,2464,2341
050,06,083,"California","Santa Barbara County",4,44,4698,2444,2254
050,06,083,"California","Santa Barbara County",4,45,4676,2387,2289
050,06,083,"California","Santa Barbara County",4,46,4517,2330,2187
050,06,083,"California","Santa Barbara County",4,47,4596,2373,2223
050,06,083,"California","Santa Barbara County",4,48,4458,2297,2161
050,06,083,"California","Santa Barbara County",4,49,4359,2179,2180
050,06,083,"California","Santa Barbara County",4,50,4558,2324,2234
050,06,083,"California","Santa Barbara County",4,51,4790,2477,2313
050,06,083,"California","Santa Barbara County",4,52,4737,2426,2311
050,06,083,"California","Santa Barbara County",4,53,4670,2419,2251
050,06,083,"California","Santa Barbara County",4,54,4572,2306,2266
050,06,083,"California","Santa Barbara County",4,55,4522,2266,2256
050,06,083,"California","Santa Barbara County",4,56,4545,2265,2280
050,06,083,"California","Santa Barbara County",4,57,4762,2430,2332
050,06,083,"California","Santa Barbara County",4,58,4952,2475,2477
050,06,083,"California","Santa Barbara County",4,59,4928,2431,2497
050,06,083,"California","Santa Barbara County",4,60,5031,2445,2586
050,06,083,"California","Santa Barbara County",4,61,5044,2467,2577
050,06,083,"California","Santa Barbara County",4,62,5031,2443,2588
050,06,083,"California","Santa Barbara County",4,63,4899,2423,2476
050,06,083,"California","Santa Barbara County",4,64,4798,2335,2463
050,06,083,"California","Santa Barbara County",4,65,4734,2303,2431
050,06,083,"California","Santa Barbara County",4,66,4563,2236,2327
050,06,083,"California","Santa Barbara County",4,67,4545,2192,2353
050,06,083,"California","Santa Barbara County",4,68,4370,2121,2249
050,06,083,"California","Santa Barbara County",4,69,4249,1992,2257
050,06,083,"California","Santa Barbara County",4,70,3989,1844,2145
050,06,083,"California","Santa Barbara County",4,71,3824,1782,2042
050,06,083,"California","Santa Barbara County",4,72,3728,1779,1949
050,06,083,"California","Santa Barbara County",4,73,3650,1743,1907
050,06,083,"California","Santa Barbara County",4,74,3507,1651,1856
050,06,083,"California","Santa Barbara County",4,75,3670,1771,1899
050,06,083,"California","Santa Barbara County",4,76,2626,1259,1367
050,06,083,"California","Santa Barbara County",4,77,2576,1196,1380
050,06,083,"California","Santa Barbara County",4,78,2512,1120,1392
050,06,083,"California","Santa Barbara County",4,79,2441,1094,1347
050,06,083,"California","Santa Barbara County",4,80,2083,916,1167
050,06,083,"California","Santa Barbara County",4,81,1838,808,1030
050,06,083,"California","Santa Barbara County",4,82,1742,794,948
050,06,083,"California","Santa Barbara County",4,83,1636,697,939
050,06,083,"California","Santa Barbara County",4,84,1555,661,894
050,06,083,"California","Santa Barbara County",4,85,9760,3660,6100
050,06,083,"California","Santa Barbara County",5,0,5563,2785,2778
050,06,083,"California","Santa Barbara County",5,1,5488,2722,2766
050,06,083,"California","Santa Barbara County",5,2,5105,2614,2491
050,06,083,"California","Santa Barbara County",5,3,5213,2655,2558
050,06,083,"California","Santa Barbara County",5,4,5217,2650,2567
050,06,083,"California","Santa Barbara County",5,5,5126,2585,2541
050,06,083,"California","Santa Barbara County",5,6,5255,2692,2563
050,06,083,"California","Santa Barbara County",5,7,5361,2692,2669
050,06,083,"California","Santa Barbara County",5,8,5472,2806,2666
050,06,083,"California","Santa Barbara County",5,9,5429,2802,2627
050,06,083,"California","Santa Barbara County",5,10,5410,2793,2617
050,06,083,"California","Santa Barbara County",5,11,5430,2804,2626
050,06,083,"California","Santa Barbara County",5,12,5489,2803,2686
050,06,083,"California","Santa Barbara County",5,13,5469,2806,2663
050,06,083,"California","Santa Barbara County",5,14,5551,2835,2716
050,06,083,"California","Santa Barbara County",5,15,5860,3014,2846
050,06,083,"California","Santa Barbara County",5,16,5853,2968,2885
050,06,083,"California","Santa Barbara County",5,17,5828,2972,2856
050,06,083,"California","Santa Barbara County",5,18,9147,4375,4772
050,06,083,"California","Santa Barbara County",5,19,10997,5297,5700
050,06,083,"California","Santa Barbara County",5,20,11532,5569,5963
050,06,083,"California","Santa Barbara County",5,21,10802,5216,5586
050,06,083,"California","Santa Barbara County",5,22,9408,4880,4528
050,06,083,"California","Santa Barbara County",5,23,8053,4276,3777
050,06,083,"California","Santa Barbara County",5,24,6925,3537,3388
050,06,083,"California","Santa Barbara County",5,25,6182,3198,2984
050,06,083,"California","Santa Barbara County",5,26,5795,3040,2755
050,06,083,"California","Santa Barbara County",5,27,5758,3023,2735
050,06,083,"California","Santa Barbara County",5,28,5607,2915,2692
050,06,083,"California","Santa Barbara County",5,29,5708,2967,2741
050,06,083,"California","Santa Barbara County",5,30,5653,2886,2767
050,06,083,"California","Santa Barbara County",5,31,5756,2986,2770
050,06,083,"California","Santa Barbara County",5,32,5693,2963,2730
050,06,083,"California","Santa Barbara County",5,33,5655,3011,2644
050,06,083,"California","Santa Barbara County",5,34,5396,2848,2548
050,06,083,"California","Santa Barbara County",5,35,5192,2707,2485
050,06,083,"California","Santa Barbara County",5,36,4979,2566,2413
050,06,083,"California","Santa Barbara County",5,37,5027,2636,2391
050,06,083,"California","Santa Barbara County",5,38,5178,2755,2423
050,06,083,"California","Santa Barbara County",5,39,5198,2699,2499
050,06,083,"California","Santa Barbara County",5,40,5379,2794,2585
050,06,083,"California","Santa Barbara County",5,41,5344,2765,2579
050,06,083,"California","Santa Barbara County",5,42,5120,2656,2464
050,06,083,"California","Santa Barbara County",5,43,4967,2568,2399
050,06,083,"California","Santa Barbara County",5,44,4746,2417,2329
050,06,083,"California","Santa Barbara County",5,45,4631,2418,2213
050,06,083,"California","Santa Barbara County",5,46,4582,2350,2232
050,06,083,"California","Santa Barbara County",5,47,4410,2253,2157
050,06,083,"California","Santa Barbara County",5,48,4506,2322,2184
050,06,083,"California","Santa Barbara County",5,49,4422,2265,2157
050,06,083,"California","Santa Barbara County",5,50,4316,2141,2175
050,06,083,"California","Santa Barbara County",5,51,4414,2263,2151
050,06,083,"California","Santa Barbara County",5,52,4736,2432,2304
050,06,083,"California","Santa Barbara County",5,53,4691,2402,2289
050,06,083,"California","Santa Barbara County",5,54,4597,2347,2250
050,06,083,"California","Santa Barbara County",5,55,4520,2292,2228
050,06,083,"California","Santa Barbara County",5,56,4438,2186,2252
050,06,083,"California","Santa Barbara County",5,57,4433,2217,2216
050,06,083,"California","Santa Barbara County",5,58,4689,2389,2300
050,06,083,"California","Santa Barbara County",5,59,4836,2422,2414
050,06,083,"California","Santa Barbara County",5,60,4843,2375,2468
050,06,083,"California","Santa Barbara County",5,61,4909,2376,2533
050,06,083,"California","Santa Barbara County",5,62,4928,2400,2528
050,06,083,"California","Santa Barbara County",5,63,4933,2379,2554
050,06,083,"California","Santa Barbara County",5,64,4769,2368,2401
050,06,083,"California","Santa Barbara County",5,65,4748,2296,2452
050,06,083,"California","Santa Barbara County",5,66,4578,2225,2353
050,06,083,"California","Santa Barbara County",5,67,4486,2188,2298
050,06,083,"California","Santa Barbara County",5,68,4503,2148,2355
050,06,083,"California","Santa Barbara County",5,69,4267,2075,2192
050,06,083,"California","Santa Barbara County",5,70,4207,1955,2252
050,06,083,"California","Santa Barbara County",5,71,3921,1809,2112
050,06,083,"California","Santa Barbara County",5,72,3743,1724,2019
050,06,083,"California","Santa Barbara County",5,73,3665,1750,1915
050,06,083,"California","Santa Barbara County",5,74,3577,1693,1884
050,06,083,"California","Santa Barbara County",5,75,3426,1603,1823
050,06,083,"California","Santa Barbara County",5,76,3541,1699,1842
050,06,083,"California","Santa Barbara County",5,77,2562,1229,1333
050,06,083,"California","Santa Barbara County",5,78,2526,1150,1376
050,06,083,"California","Santa Barbara County",5,79,2410,1080,1330
050,06,083,"California","Santa Barbara County",5,80,2385,1045,1340
050,06,083,"California","Santa Barbara County",5,81,1990,890,1100
050,06,083,"California","Santa Barbara County",5,82,1767,776,991
050,06,083,"California","Santa Barbara County",5,83,1613,704,909
050,06,083,"California","Santa Barbara County",5,84,1588,675,913
050,06,083,"California","Santa Barbara County",5,85,9835,3730,6105
050,06,085,"California","Santa Clara County",1,0,21242,10908,10334
050,06,085,"California","Santa Clara County",1,1,21187,10846,10341
050,06,085,"California","Santa Clara County",1,2,21641,11152,10489
050,06,085,"California","Santa Clara County",1,3,22481,11618,10863
050,06,085,"California","Santa Clara County",1,4,22559,11495,11064
050,06,085,"California","Santa Clara County",1,5,22767,11665,11102
050,06,085,"California","Santa Clara County",1,6,22361,11521,10840
050,06,085,"California","Santa Clara County",1,7,23010,11728,11282
050,06,085,"California","Santa Clara County",1,8,22442,11463,10979
050,06,085,"California","Santa Clara County",1,9,22832,11780,11052
050,06,085,"California","Santa Clara County",1,10,23301,11952,11349
050,06,085,"California","Santa Clara County",1,11,24288,12449,11839
050,06,085,"California","Santa Clara County",1,12,25374,13090,12284
050,06,085,"California","Santa Clara County",1,13,25064,12961,12103
050,06,085,"California","Santa Clara County",1,14,24615,12644,11971
050,06,085,"California","Santa Clara County",1,15,24450,12539,11911
050,06,085,"California","Santa Clara County",1,16,24613,12600,12013
050,06,085,"California","Santa Clara County",1,17,24119,12296,11823
050,06,085,"California","Santa Clara County",1,18,23980,12262,11718
050,06,085,"California","Santa Clara County",1,19,24445,12629,11816
050,06,085,"California","Santa Clara County",1,20,22898,11825,11073
050,06,085,"California","Santa Clara County",1,21,22617,11571,11046
050,06,085,"California","Santa Clara County",1,22,22610,11641,10969
050,06,085,"California","Santa Clara County",1,23,23356,12259,11097
050,06,085,"California","Santa Clara County",1,24,25163,13476,11687
050,06,085,"California","Santa Clara County",1,25,27130,14668,12462
050,06,085,"California","Santa Clara County",1,26,29231,15824,13407
050,06,085,"California","Santa Clara County",1,27,30827,16659,14168
050,06,085,"California","Santa Clara County",1,28,32065,17471,14594
050,06,085,"California","Santa Clara County",1,29,33435,18218,15217
050,06,085,"California","Santa Clara County",1,30,33257,17974,15283
050,06,085,"California","Santa Clara County",1,31,32552,17496,15056
050,06,085,"California","Santa Clara County",1,32,31611,16957,14654
050,06,085,"California","Santa Clara County",1,33,30966,16707,14259
050,06,085,"California","Santa Clara County",1,34,30702,16560,14142
050,06,085,"California","Santa Clara County",1,35,30796,16406,14390
050,06,085,"California","Santa Clara County",1,36,30665,16325,14340
050,06,085,"California","Santa Clara County",1,37,30286,16036,14250
050,06,085,"California","Santa Clara County",1,38,29356,15417,13939
050,06,085,"California","Santa Clara County",1,39,28234,14722,13512
050,06,085,"California","Santa Clara County",1,40,27426,14317,13109
050,06,085,"California","Santa Clara County",1,41,26360,13506,12854
050,06,085,"California","Santa Clara County",1,42,26184,13322,12862
050,06,085,"California","Santa Clara County",1,43,26204,13404,12800
050,06,085,"California","Santa Clara County",1,44,26046,13389,12657
050,06,085,"California","Santa Clara County",1,45,26255,13386,12869
050,06,085,"California","Santa Clara County",1,46,26037,13217,12820
050,06,085,"California","Santa Clara County",1,47,26334,13370,12964
050,06,085,"California","Santa Clara County",1,48,26836,13636,13200
050,06,085,"California","Santa Clara County",1,49,27612,14086,13526
050,06,085,"California","Santa Clara County",1,50,27000,13858,13142
050,06,085,"California","Santa Clara County",1,51,26340,13422,12918
050,06,085,"California","Santa Clara County",1,52,25340,12914,12426
050,06,085,"California","Santa Clara County",1,53,24657,12550,12107
050,06,085,"California","Santa Clara County",1,54,24969,12838,12131
050,06,085,"California","Santa Clara County",1,55,25547,13224,12323
050,06,085,"California","Santa Clara County",1,56,25508,13181,12327
050,06,085,"California","Santa Clara County",1,57,25323,12975,12348
050,06,085,"California","Santa Clara County",1,58,24579,12665,11914
050,06,085,"California","Santa Clara County",1,59,24170,12341,11829
050,06,085,"California","Santa Clara County",1,60,23364,11847,11517
050,06,085,"California","Santa Clara County",1,61,22438,11423,11015
050,06,085,"California","Santa Clara County",1,62,21829,11100,10729
050,06,085,"California","Santa Clara County",1,63,20680,10389,10291
050,06,085,"California","Santa Clara County",1,64,19667,9722,9945
050,06,085,"California","Santa Clara County",1,65,18694,9165,9529
050,06,085,"California","Santa Clara County",1,66,17532,8494,9038
050,06,085,"California","Santa Clara County",1,67,16889,8062,8827
050,06,085,"California","Santa Clara County",1,68,15767,7520,8247
050,06,085,"California","Santa Clara County",1,69,15062,7118,7944
050,06,085,"California","Santa Clara County",1,70,14764,6872,7892
050,06,085,"California","Santa Clara County",1,71,13980,6456,7524
050,06,085,"California","Santa Clara County",1,72,13617,6263,7354
050,06,085,"California","Santa Clara County",1,73,13688,6316,7372
050,06,085,"California","Santa Clara County",1,74,10564,4799,5765
050,06,085,"California","Santa Clara County",1,75,10541,4788,5753
050,06,085,"California","Santa Clara County",1,76,10111,4583,5528
050,06,085,"California","Santa Clara County",1,77,9818,4433,5385
050,06,085,"California","Santa Clara County",1,78,8667,3859,4808
050,06,085,"California","Santa Clara County",1,79,7980,3502,4478
050,06,085,"California","Santa Clara County",1,80,7555,3325,4230
050,06,085,"California","Santa Clara County",1,81,7108,3105,4003
050,06,085,"California","Santa Clara County",1,82,6619,2845,3774
050,06,085,"California","Santa Clara County",1,83,5937,2545,3392
050,06,085,"California","Santa Clara County",1,84,5529,2395,3134
050,06,085,"California","Santa Clara County",1,85,34624,13325,21299
050,06,085,"California","Santa Clara County",2,0,20748,10608,10140
050,06,085,"California","Santa Clara County",2,1,21027,10774,10253
050,06,085,"California","Santa Clara County",2,2,21391,11011,10380
050,06,085,"California","Santa Clara County",2,3,22113,11419,10694
050,06,085,"California","Santa Clara County",2,4,22393,11452,10941
050,06,085,"California","Santa Clara County",2,5,22589,11577,11012
050,06,085,"California","Santa Clara County",2,6,22365,11496,10869
050,06,085,"California","Santa Clara County",2,7,22712,11610,11102
050,06,085,"California","Santa Clara County",2,8,22355,11408,10947
050,06,085,"California","Santa Clara County",2,9,22619,11653,10966
050,06,085,"California","Santa Clara County",2,10,23118,11866,11252
050,06,085,"California","Santa Clara County",2,11,23806,12185,11621
050,06,085,"California","Santa Clara County",2,12,25115,12934,12181
050,06,085,"California","Santa Clara County",2,13,25000,12936,12064
050,06,085,"California","Santa Clara County",2,14,24646,12686,11960
050,06,085,"California","Santa Clara County",2,15,24438,12540,11898
050,06,085,"California","Santa Clara County",2,16,24558,12574,11984
050,06,085,"California","Santa Clara County",2,17,24191,12335,11856
050,06,085,"California","Santa Clara County",2,18,23952,12209,11743
050,06,085,"California","Santa Clara County",2,19,24368,12575,11793
050,06,085,"California","Santa Clara County",2,20,23172,11947,11225
050,06,085,"California","Santa Clara County",2,21,22583,11555,11028
050,06,085,"California","Santa Clara County",2,22,22519,11599,10920
050,06,085,"California","Santa Clara County",2,23,23133,12137,10996
050,06,085,"California","Santa Clara County",2,24,24892,13310,11582
050,06,085,"California","Santa Clara County",2,25,26765,14452,12313
050,06,085,"California","Santa Clara County",2,26,28902,15642,13260
050,06,085,"California","Santa Clara County",2,27,30498,16503,13995
050,06,085,"California","Santa Clara County",2,28,31846,17340,14506
050,06,085,"California","Santa Clara County",2,29,33102,18029,15073
050,06,085,"California","Santa Clara County",2,30,33394,18094,15300
050,06,085,"California","Santa Clara County",2,31,32534,17503,15031
050,06,085,"California","Santa Clara County",2,32,31688,17003,14685
050,06,085,"California","Santa Clara County",2,33,30964,16692,14272
050,06,085,"California","Santa Clara County",2,34,30614,16516,14098
050,06,085,"California","Santa Clara County",2,35,30700,16399,14301
050,06,085,"California","Santa Clara County",2,36,30433,16205,14228
050,06,085,"California","Santa Clara County",2,37,30215,16007,14208
050,06,085,"California","Santa Clara County",2,38,29536,15529,14007
050,06,085,"California","Santa Clara County",2,39,28222,14734,13488
050,06,085,"California","Santa Clara County",2,40,27613,14403,13210
050,06,085,"California","Santa Clara County",2,41,26416,13575,12841
050,06,085,"California","Santa Clara County",2,42,26010,13258,12752
050,06,085,"California","Santa Clara County",2,43,26124,13321,12803
050,06,085,"California","Santa Clara County",2,44,25820,13264,12556
050,06,085,"California","Santa Clara County",2,45,26154,13348,12806
050,06,085,"California","Santa Clara County",2,46,25944,13182,12762
050,06,085,"California","Santa Clara County",2,47,26139,13272,12867
050,06,085,"California","Santa Clara County",2,48,26645,13522,13123
050,06,085,"California","Santa Clara County",2,49,27317,13918,13399
050,06,085,"California","Santa Clara County",2,50,27118,13897,13221
050,06,085,"California","Santa Clara County",2,51,26288,13415,12873
050,06,085,"California","Santa Clara County",2,52,25545,13019,12526
050,06,085,"California","Santa Clara County",2,53,24604,12523,12081
050,06,085,"California","Santa Clara County",2,54,24758,12714,12044
050,06,085,"California","Santa Clara County",2,55,25292,13082,12210
050,06,085,"California","Santa Clara County",2,56,25417,13130,12287
050,06,085,"California","Santa Clara County",2,57,25279,12974,12305
050,06,085,"California","Santa Clara County",2,58,24604,12666,11938
050,06,085,"California","Santa Clara County",2,59,24050,12316,11734
050,06,085,"California","Santa Clara County",2,60,23570,11962,11608
050,06,085,"California","Santa Clara County",2,61,22412,11407,11005
050,06,085,"California","Santa Clara County",2,62,21850,11118,10732
050,06,085,"California","Santa Clara County",2,63,20848,10487,10361
050,06,085,"California","Santa Clara County",2,64,19677,9759,9918
050,06,085,"California","Santa Clara County",2,65,18788,9226,9562
050,06,085,"California","Santa Clara County",2,66,17663,8567,9096
050,06,085,"California","Santa Clara County",2,67,16833,8060,8773
050,06,085,"California","Santa Clara County",2,68,15890,7577,8313
050,06,085,"California","Santa Clara County",2,69,15098,7136,7962
050,06,085,"California","Santa Clara County",2,70,14813,6911,7902
050,06,085,"California","Santa Clara County",2,71,14054,6493,7561
050,06,085,"California","Santa Clara County",2,72,13498,6216,7282
050,06,085,"California","Santa Clara County",2,73,13977,6447,7530
050,06,085,"California","Santa Clara County",2,74,10782,4917,5865
050,06,085,"California","Santa Clara County",2,75,10510,4757,5753
050,06,085,"California","Santa Clara County",2,76,10096,4576,5520
050,06,085,"California","Santa Clara County",2,77,9918,4484,5434
050,06,085,"California","Santa Clara County",2,78,8818,3934,4884
050,06,085,"California","Santa Clara County",2,79,8050,3538,4512
050,06,085,"California","Santa Clara County",2,80,7610,3336,4274
050,06,085,"California","Santa Clara County",2,81,7097,3100,3997
050,06,085,"California","Santa Clara County",2,82,6667,2880,3787
050,06,085,"California","Santa Clara County",2,83,5981,2552,3429
050,06,085,"California","Santa Clara County",2,84,5548,2403,3145
050,06,085,"California","Santa Clara County",2,85,34767,13419,21348
050,06,085,"California","Santa Clara County",3,0,18928,9832,9096
050,06,085,"California","Santa Clara County",3,1,19665,10141,9524
050,06,085,"California","Santa Clara County",3,2,19968,10243,9725
050,06,085,"California","Santa Clara County",3,3,20378,10495,9883
050,06,085,"California","Santa Clara County",3,4,21249,11006,10243
050,06,085,"California","Santa Clara County",3,5,21445,10984,10461
050,06,085,"California","Santa Clara County",3,6,21631,11058,10573
050,06,085,"California","Santa Clara County",3,7,21603,11032,10571
050,06,085,"California","Santa Clara County",3,8,21911,11219,10692
050,06,085,"California","Santa Clara County",3,9,21548,11023,10525
050,06,085,"California","Santa Clara County",3,10,21948,11299,10649
050,06,085,"California","Santa Clara County",3,11,22487,11552,10935
050,06,085,"California","Santa Clara County",3,12,23213,11908,11305
050,06,085,"California","Santa Clara County",3,13,24597,12651,11946
050,06,085,"California","Santa Clara County",3,14,24465,12611,11854
050,06,085,"California","Santa Clara County",3,15,24089,12352,11737
050,06,085,"California","Santa Clara County",3,16,24070,12346,11724
050,06,085,"California","Santa Clara County",3,17,24230,12395,11835
050,06,085,"California","Santa Clara County",3,18,23609,12011,11598
050,06,085,"California","Santa Clara County",3,19,22640,11675,10965
050,06,085,"California","Santa Clara County",3,20,22464,11595,10869
050,06,085,"California","Santa Clara County",3,21,21962,11250,10712
050,06,085,"California","Santa Clara County",3,22,21371,10980,10391
050,06,085,"California","Santa Clara County",3,23,21994,11379,10615
050,06,085,"California","Santa Clara County",3,24,23472,12291,11181
050,06,085,"California","Santa Clara County",3,25,24970,13243,11727
050,06,085,"California","Santa Clara County",3,26,26782,14351,12431
050,06,085,"California","Santa Clara County",3,27,28660,15418,13242
050,06,085,"California","Santa Clara County",3,28,29973,16171,13802
050,06,085,"California","Santa Clara County",3,29,31179,16962,14217
050,06,085,"California","Santa Clara County",3,30,32267,17507,14760
050,06,085,"California","Santa Clara County",3,31,32215,17450,14765
050,06,085,"California","Santa Clara County",3,32,31333,16873,14460
050,06,085,"California","Santa Clara County",3,33,30420,16272,14148
050,06,085,"California","Santa Clara County",3,34,29509,15899,13610
050,06,085,"California","Santa Clara County",3,35,29282,15741,13541
050,06,085,"California","Santa Clara County",3,36,29451,15735,13716
050,06,085,"California","Santa Clara County",3,37,28993,15363,13630
050,06,085,"California","Santa Clara County",3,38,28833,15193,13640
050,06,085,"California","Santa Clara County",3,39,28197,14735,13462
050,06,085,"California","Santa Clara County",3,40,27110,14056,13054
050,06,085,"California","Santa Clara County",3,41,26408,13689,12719
050,06,085,"California","Santa Clara County",3,42,25433,13021,12412
050,06,085,"California","Santa Clara County",3,43,25085,12743,12342
050,06,085,"California","Santa Clara County",3,44,25301,12872,12429
050,06,085,"California","Santa Clara County",3,45,25084,12839,12245
050,06,085,"California","Santa Clara County",3,46,25434,12968,12466
050,06,085,"California","Santa Clara County",3,47,25347,12857,12490
050,06,085,"California","Santa Clara County",3,48,25456,12906,12550
050,06,085,"California","Santa Clara County",3,49,26044,13149,12895
050,06,085,"California","Santa Clara County",3,50,26597,13518,13079
050,06,085,"California","Santa Clara County",3,51,26411,13549,12862
050,06,085,"California","Santa Clara County",3,52,25707,13090,12617
050,06,085,"California","Santa Clara County",3,53,24857,12629,12228
050,06,085,"California","Santa Clara County",3,54,23852,12149,11703
050,06,085,"California","Santa Clara County",3,55,24046,12337,11709
050,06,085,"California","Santa Clara County",3,56,24562,12683,11879
050,06,085,"California","Santa Clara County",3,57,24671,12705,11966
050,06,085,"California","Santa Clara County",3,58,24630,12659,11971
050,06,085,"California","Santa Clara County",3,59,23953,12344,11609
050,06,085,"California","Santa Clara County",3,60,23217,11810,11407
050,06,085,"California","Santa Clara County",3,61,22816,11611,11205
050,06,085,"California","Santa Clara County",3,62,21705,11028,10677
050,06,085,"California","Santa Clara County",3,63,21087,10696,10391
050,06,085,"California","Santa Clara County",3,64,20113,10077,10036
050,06,085,"California","Santa Clara County",3,65,19075,9434,9641
050,06,085,"California","Santa Clara County",3,66,18137,8878,9259
050,06,085,"California","Santa Clara County",3,67,17227,8324,8903
050,06,085,"California","Santa Clara County",3,68,16308,7780,8528
050,06,085,"California","Santa Clara County",3,69,15460,7329,8131
050,06,085,"California","Santa Clara County",3,70,14655,6899,7756
050,06,085,"California","Santa Clara County",3,71,14440,6694,7746
050,06,085,"California","Santa Clara County",3,72,13664,6283,7381
050,06,085,"California","Santa Clara County",3,73,13120,6012,7108
050,06,085,"California","Santa Clara County",3,74,13511,6192,7319
050,06,085,"California","Santa Clara County",3,75,10519,4755,5764
050,06,085,"California","Santa Clara County",3,76,10159,4561,5598
050,06,085,"California","Santa Clara County",3,77,9809,4414,5395
050,06,085,"California","Santa Clara County",3,78,9558,4265,5293
050,06,085,"California","Santa Clara County",3,79,8516,3771,4745
050,06,085,"California","Santa Clara County",3,80,7671,3345,4326
050,06,085,"California","Santa Clara County",3,81,7314,3164,4150
050,06,085,"California","Santa Clara County",3,82,6769,2972,3797
050,06,085,"California","Santa Clara County",3,83,6270,2662,3608
050,06,085,"California","Santa Clara County",3,84,5693,2434,3259
050,06,085,"California","Santa Clara County",3,85,35371,13696,21675
050,06,085,"California","Santa Clara County",4,0,19673,10147,9526
050,06,085,"California","Santa Clara County",4,1,18253,9407,8846
050,06,085,"California","Santa Clara County",4,2,19051,9789,9262
050,06,085,"California","Santa Clara County",4,3,19312,9957,9355
050,06,085,"California","Santa Clara County",4,4,19728,10181,9547
050,06,085,"California","Santa Clara County",4,5,20520,10650,9870
050,06,085,"California","Santa Clara County",4,6,20784,10631,10153
050,06,085,"California","Santa Clara County",4,7,21107,10796,10311
050,06,085,"California","Santa Clara County",4,8,20977,10734,10243
050,06,085,"California","Santa Clara County",4,9,21414,10942,10472
050,06,085,"California","Santa Clara County",4,10,21008,10717,10291
050,06,085,"California","Santa Clara County",4,11,21299,10979,10320
050,06,085,"California","Santa Clara County",4,12,22037,11325,10712
050,06,085,"California","Santa Clara County",4,13,22735,11646,11089
050,06,085,"California","Santa Clara County",4,14,24216,12442,11774
050,06,085,"California","Santa Clara County",4,15,24057,12400,11657
050,06,085,"California","Santa Clara County",4,16,23821,12216,11605
050,06,085,"California","Santa Clara County",4,17,23881,12178,11703
050,06,085,"California","Santa Clara County",4,18,25504,12897,12607
050,06,085,"California","Santa Clara County",4,19,26135,13407,12728
050,06,085,"California","Santa Clara County",4,20,24375,12559,11816
050,06,085,"California","Santa Clara County",4,21,24443,12510,11933
050,06,085,"California","Santa Clara County",4,22,23131,11897,11234
050,06,085,"California","Santa Clara County",4,23,22462,11770,10692
050,06,085,"California","Santa Clara County",4,24,23610,12478,11132
050,06,085,"California","Santa Clara County",4,25,24965,13143,11822
050,06,085,"California","Santa Clara County",4,26,26413,14018,12395
050,06,085,"California","Santa Clara County",4,27,28172,15069,13103
050,06,085,"California","Santa Clara County",4,28,29979,16160,13819
050,06,085,"California","Santa Clara County",4,29,30776,16592,14184
050,06,085,"California","Santa Clara County",4,30,31529,17175,14354
050,06,085,"California","Santa Clara County",4,31,32353,17542,14811
050,06,085,"California","Santa Clara County",4,32,32177,17443,14734
050,06,085,"California","Santa Clara County",4,33,31033,16764,14269
050,06,085,"California","Santa Clara County",4,34,29855,15998,13857
050,06,085,"California","Santa Clara County",4,35,28840,15574,13266
050,06,085,"California","Santa Clara County",4,36,28620,15352,13268
050,06,085,"California","Santa Clara County",4,37,28380,15091,13289
050,06,085,"California","Santa Clara County",4,38,27934,14821,13113
050,06,085,"California","Santa Clara County",4,39,27814,14657,13157
050,06,085,"California","Santa Clara County",4,40,27109,14100,13009
050,06,085,"California","Santa Clara County",4,41,26110,13558,12552
050,06,085,"California","Santa Clara County",4,42,25506,13209,12297
050,06,085,"California","Santa Clara County",4,43,24626,12537,12089
050,06,085,"California","Santa Clara County",4,44,24366,12333,12033
050,06,085,"California","Santa Clara County",4,45,24561,12385,12176
050,06,085,"California","Santa Clara County",4,46,24490,12484,12006
050,06,085,"California","Santa Clara County",4,47,24798,12624,12174
050,06,085,"California","Santa Clara County",4,48,24776,12522,12254
050,06,085,"California","Santa Clara County",4,49,24927,12608,12319
050,06,085,"California","Santa Clara County",4,50,25347,12796,12551
050,06,085,"California","Santa Clara County",4,51,25973,13163,12810
050,06,085,"California","Santa Clara County",4,52,25732,13177,12555
050,06,085,"California","Santa Clara County",4,53,25070,12771,12299
050,06,085,"California","Santa Clara County",4,54,24302,12354,11948
050,06,085,"California","Santa Clara County",4,55,23400,11883,11517
050,06,085,"California","Santa Clara County",4,56,23377,11950,11427
050,06,085,"California","Santa Clara County",4,57,23920,12319,11601
050,06,085,"California","Santa Clara County",4,58,24025,12352,11673
050,06,085,"California","Santa Clara County",4,59,23952,12324,11628
050,06,085,"California","Santa Clara County",4,60,23232,11930,11302
050,06,085,"California","Santa Clara County",4,61,22594,11495,11099
050,06,085,"California","Santa Clara County",4,62,22140,11264,10876
050,06,085,"California","Santa Clara County",4,63,20943,10600,10343
050,06,085,"California","Santa Clara County",4,64,20383,10324,10059
050,06,085,"California","Santa Clara County",4,65,19540,9780,9760
050,06,085,"California","Santa Clara County",4,66,18370,9040,9330
050,06,085,"California","Santa Clara County",4,67,17572,8574,8998
050,06,085,"California","Santa Clara County",4,68,16629,7972,8657
050,06,085,"California","Santa Clara County",4,69,15779,7456,8323
050,06,085,"California","Santa Clara County",4,70,14949,7042,7907
050,06,085,"California","Santa Clara County",4,71,14327,6658,7669
050,06,085,"California","Santa Clara County",4,72,14042,6485,7557
050,06,085,"California","Santa Clara County",4,73,13315,6091,7224
050,06,085,"California","Santa Clara County",4,74,12730,5810,6920
050,06,085,"California","Santa Clara County",4,75,13134,5973,7161
050,06,085,"California","Santa Clara County",4,76,10145,4552,5593
050,06,085,"California","Santa Clara County",4,77,9859,4380,5479
050,06,085,"California","Santa Clara County",4,78,9457,4222,5235
050,06,085,"California","Santa Clara County",4,79,9195,4090,5105
050,06,085,"California","Santa Clara County",4,80,8197,3572,4625
050,06,085,"California","Santa Clara County",4,81,7354,3148,4206
050,06,085,"California","Santa Clara County",4,82,6945,2996,3949
050,06,085,"California","Santa Clara County",4,83,6412,2751,3661
050,06,085,"California","Santa Clara County",4,84,5997,2529,3468
050,06,085,"California","Santa Clara County",4,85,36355,14161,22194
050,06,085,"California","Santa Clara County",5,0,19009,9802,9207
050,06,085,"California","Santa Clara County",5,1,19198,9936,9262
050,06,085,"California","Santa Clara County",5,2,18006,9212,8794
050,06,085,"California","Santa Clara County",5,3,18788,9643,9145
050,06,085,"California","Santa Clara County",5,4,18897,9723,9174
050,06,085,"California","Santa Clara County",5,5,19384,9963,9421
050,06,085,"California","Santa Clara County",5,6,20287,10487,9800
050,06,085,"California","Santa Clara County",5,7,20390,10437,9953
050,06,085,"California","Santa Clara County",5,8,20862,10670,10192
050,06,085,"California","Santa Clara County",5,9,20623,10557,10066
050,06,085,"California","Santa Clara County",5,10,21134,10787,10347
050,06,085,"California","Santa Clara County",5,11,20715,10556,10159
050,06,085,"California","Santa Clara County",5,12,21008,10824,10184
050,06,085,"California","Santa Clara County",5,13,21786,11184,10602
050,06,085,"California","Santa Clara County",5,14,22526,11532,10994
050,06,085,"California","Santa Clara County",5,15,23952,12321,11631
050,06,085,"California","Santa Clara County",5,16,24007,12371,11636
050,06,085,"California","Santa Clara County",5,17,23803,12184,11619
050,06,085,"California","Santa Clara County",5,18,25369,12827,12542
050,06,085,"California","Santa Clara County",5,19,26587,13703,12884
050,06,085,"California","Santa Clara County",5,20,24986,12841,12145
050,06,085,"California","Santa Clara County",5,21,24416,12471,11945
050,06,085,"California","Santa Clara County",5,22,24124,12503,11621
050,06,085,"California","Santa Clara County",5,23,23563,12425,11138
050,06,085,"California","Santa Clara County",5,24,23778,12613,11165
050,06,085,"California","Santa Clara County",5,25,25122,13402,11720
050,06,085,"California","Santa Clara County",5,26,26496,13881,12615
050,06,085,"California","Santa Clara County",5,27,28116,14955,13161
050,06,085,"California","Santa Clara County",5,28,29514,15865,13649
050,06,085,"California","Santa Clara County",5,29,30902,16620,14282
050,06,085,"California","Santa Clara County",5,30,31129,16802,14327
050,06,085,"California","Santa Clara County",5,31,31634,17229,14405
050,06,085,"California","Santa Clara County",5,32,32390,17567,14823
050,06,085,"California","Santa Clara County",5,33,32038,17400,14638
050,06,085,"California","Santa Clara County",5,34,30877,16593,14284
050,06,085,"California","Santa Clara County",5,35,29739,15969,13770
050,06,085,"California","Santa Clara County",5,36,28389,15266,13123
050,06,085,"California","Santa Clara County",5,37,27976,14912,13064
050,06,085,"California","Santa Clara County",5,38,27856,14786,13070
050,06,085,"California","Santa Clara County",5,39,27318,14411,12907
050,06,085,"California","Santa Clara County",5,40,27159,14227,12932
050,06,085,"California","Santa Clara County",5,41,26413,13721,12692
050,06,085,"California","Santa Clara County",5,42,25610,13285,12325
050,06,085,"California","Santa Clara County",5,43,25005,12917,12088
050,06,085,"California","Santa Clara County",5,44,24224,12329,11895
050,06,085,"California","Santa Clara County",5,45,23938,12027,11911
050,06,085,"California","Santa Clara County",5,46,24202,12185,12017
050,06,085,"California","Santa Clara County",5,47,24149,12293,11856
050,06,085,"California","Santa Clara County",5,48,24377,12386,11991
050,06,085,"California","Santa Clara County",5,49,24391,12282,12109
050,06,085,"California","Santa Clara County",5,50,24519,12336,12183
050,06,085,"California","Santa Clara County",5,51,24936,12570,12366
050,06,085,"California","Santa Clara County",5,52,25564,12958,12606
050,06,085,"California","Santa Clara County",5,53,25338,12916,12422
050,06,085,"California","Santa Clara County",5,54,24529,12511,12018
050,06,085,"California","Santa Clara County",5,55,23981,12188,11793
050,06,085,"California","Santa Clara County",5,56,22999,11614,11385
050,06,085,"California","Santa Clara County",5,57,22972,11685,11287
050,06,085,"California","Santa Clara County",5,58,23486,12088,11398
050,06,085,"California","Santa Clara County",5,59,23622,12149,11473
050,06,085,"California","Santa Clara County",5,60,23422,12029,11393
050,06,085,"California","Santa Clara County",5,61,22699,11675,11024
050,06,085,"California","Santa Clara County",5,62,22059,11191,10868
050,06,085,"California","Santa Clara County",5,63,21513,10950,10563
050,06,085,"California","Santa Clara County",5,64,20447,10339,10108
050,06,085,"California","Santa Clara County",5,65,19949,10056,9893
050,06,085,"California","Santa Clara County",5,66,18960,9451,9509
050,06,085,"California","Santa Clara County",5,67,17979,8837,9142
050,06,085,"California","Santa Clara County",5,68,17148,8325,8823
050,06,085,"California","Santa Clara County",5,69,16251,7732,8519
050,06,085,"California","Santa Clara County",5,70,15373,7212,8161
050,06,085,"California","Santa Clara County",5,71,14693,6864,7829
050,06,085,"California","Santa Clara County",5,72,14016,6507,7509
050,06,085,"California","Santa Clara County",5,73,13757,6326,7431
050,06,085,"California","Santa Clara County",5,74,12951,5907,7044
050,06,085,"California","Santa Clara County",5,75,12478,5654,6824
050,06,085,"California","Santa Clara County",5,76,12709,5743,6966
050,06,085,"California","Santa Clara County",5,77,9828,4377,5451
050,06,085,"California","Santa Clara County",5,78,9588,4239,5349
050,06,085,"California","Santa Clara County",5,79,9206,4091,5115
050,06,085,"California","Santa Clara County",5,80,8880,3889,4991
050,06,085,"California","Santa Clara County",5,81,7925,3395,4530
050,06,085,"California","Santa Clara County",5,82,7035,3000,4035
050,06,085,"California","Santa Clara County",5,83,6603,2801,3802
050,06,085,"California","Santa Clara County",5,84,6129,2630,3499
050,06,085,"California","Santa Clara County",5,85,37886,14861,23025
050,06,087,"California","Santa Cruz County",1,0,2421,1232,1189
050,06,087,"California","Santa Cruz County",1,1,2369,1188,1181
050,06,087,"California","Santa Cruz County",1,2,2494,1286,1208
050,06,087,"California","Santa Cruz County",1,3,2637,1317,1320
050,06,087,"California","Santa Cruz County",1,4,2861,1436,1425
050,06,087,"California","Santa Cruz County",1,5,2833,1463,1370
050,06,087,"California","Santa Cruz County",1,6,2765,1432,1333
050,06,087,"California","Santa Cruz County",1,7,2866,1474,1392
050,06,087,"California","Santa Cruz County",1,8,2974,1531,1443
050,06,087,"California","Santa Cruz County",1,9,2968,1518,1450
050,06,087,"California","Santa Cruz County",1,10,2884,1480,1404
050,06,087,"California","Santa Cruz County",1,11,3026,1545,1481
050,06,087,"California","Santa Cruz County",1,12,3134,1639,1495
050,06,087,"California","Santa Cruz County",1,13,3195,1676,1519
050,06,087,"California","Santa Cruz County",1,14,3065,1556,1509
050,06,087,"California","Santa Cruz County",1,15,3107,1549,1558
050,06,087,"California","Santa Cruz County",1,16,3207,1647,1560
050,06,087,"California","Santa Cruz County",1,17,3171,1618,1553
050,06,087,"California","Santa Cruz County",1,18,5143,2490,2653
050,06,087,"California","Santa Cruz County",1,19,7042,3418,3624
050,06,087,"California","Santa Cruz County",1,20,6518,3075,3443
050,06,087,"California","Santa Cruz County",1,21,5907,2968,2939
050,06,087,"California","Santa Cruz County",1,22,5264,2720,2544
050,06,087,"California","Santa Cruz County",1,23,4546,2291,2255
050,06,087,"California","Santa Cruz County",1,24,3888,1989,1899
050,06,087,"California","Santa Cruz County",1,25,3613,1848,1765
050,06,087,"California","Santa Cruz County",1,26,3411,1757,1654
050,06,087,"California","Santa Cruz County",1,27,3375,1765,1610
050,06,087,"California","Santa Cruz County",1,28,3357,1790,1567
050,06,087,"California","Santa Cruz County",1,29,3257,1694,1563
050,06,087,"California","Santa Cruz County",1,30,3186,1719,1467
050,06,087,"California","Santa Cruz County",1,31,3163,1626,1537
050,06,087,"California","Santa Cruz County",1,32,3063,1554,1509
050,06,087,"California","Santa Cruz County",1,33,3057,1539,1518
050,06,087,"California","Santa Cruz County",1,34,3183,1641,1542
050,06,087,"California","Santa Cruz County",1,35,3249,1665,1584
050,06,087,"California","Santa Cruz County",1,36,3149,1613,1536
050,06,087,"California","Santa Cruz County",1,37,3324,1700,1624
050,06,087,"California","Santa Cruz County",1,38,3288,1636,1652
050,06,087,"California","Santa Cruz County",1,39,3338,1675,1663
050,06,087,"California","Santa Cruz County",1,40,3317,1708,1609
050,06,087,"California","Santa Cruz County",1,41,3211,1618,1593
050,06,087,"California","Santa Cruz County",1,42,3215,1595,1620
050,06,087,"California","Santa Cruz County",1,43,3200,1586,1614
050,06,087,"California","Santa Cruz County",1,44,3061,1543,1518
050,06,087,"California","Santa Cruz County",1,45,3094,1561,1533
050,06,087,"California","Santa Cruz County",1,46,3050,1586,1464
050,06,087,"California","Santa Cruz County",1,47,3142,1596,1546
050,06,087,"California","Santa Cruz County",1,48,3266,1705,1561
050,06,087,"California","Santa Cruz County",1,49,3483,1813,1670
050,06,087,"California","Santa Cruz County",1,50,3558,1849,1709
050,06,087,"California","Santa Cruz County",1,51,3401,1729,1672
050,06,087,"California","Santa Cruz County",1,52,3387,1719,1668
050,06,087,"California","Santa Cruz County",1,53,3278,1661,1617
050,06,087,"California","Santa Cruz County",1,54,3230,1625,1605
050,06,087,"California","Santa Cruz County",1,55,3462,1727,1735
050,06,087,"California","Santa Cruz County",1,56,3514,1723,1791
050,06,087,"California","Santa Cruz County",1,57,3537,1761,1776
050,06,087,"California","Santa Cruz County",1,58,3567,1757,1810
050,06,087,"California","Santa Cruz County",1,59,3604,1771,1833
050,06,087,"California","Santa Cruz County",1,60,3699,1831,1868
050,06,087,"California","Santa Cruz County",1,61,3572,1748,1824
050,06,087,"California","Santa Cruz County",1,62,3609,1773,1836
050,06,087,"California","Santa Cruz County",1,63,3633,1755,1878
050,06,087,"California","Santa Cruz County",1,64,3599,1764,1835
050,06,087,"California","Santa Cruz County",1,65,3530,1747,1783
050,06,087,"California","Santa Cruz County",1,66,3431,1656,1775
050,06,087,"California","Santa Cruz County",1,67,3445,1665,1780
050,06,087,"California","Santa Cruz County",1,68,3382,1695,1687
050,06,087,"California","Santa Cruz County",1,69,3165,1554,1611
050,06,087,"California","Santa Cruz County",1,70,3007,1513,1494
050,06,087,"California","Santa Cruz County",1,71,2803,1395,1408
050,06,087,"California","Santa Cruz County",1,72,2797,1378,1419
050,06,087,"California","Santa Cruz County",1,73,2789,1367,1422
050,06,087,"California","Santa Cruz County",1,74,1910,874,1036
050,06,087,"California","Santa Cruz County",1,75,1827,841,986
050,06,087,"California","Santa Cruz County",1,76,1700,800,900
050,06,087,"California","Santa Cruz County",1,77,1618,753,865
050,06,087,"California","Santa Cruz County",1,78,1327,609,718
050,06,087,"California","Santa Cruz County",1,79,1121,507,614
050,06,087,"California","Santa Cruz County",1,80,1046,478,568
050,06,087,"California","Santa Cruz County",1,81,980,432,548
050,06,087,"California","Santa Cruz County",1,82,843,382,461
050,06,087,"California","Santa Cruz County",1,83,754,340,414
050,06,087,"California","Santa Cruz County",1,84,733,322,411
050,06,087,"California","Santa Cruz County",1,85,4675,1606,3069
050,06,087,"California","Santa Cruz County",2,0,2362,1205,1157
050,06,087,"California","Santa Cruz County",2,1,2364,1191,1173
050,06,087,"California","Santa Cruz County",2,2,2458,1258,1200
050,06,087,"California","Santa Cruz County",2,3,2585,1299,1286
050,06,087,"California","Santa Cruz County",2,4,2794,1399,1395
050,06,087,"California","Santa Cruz County",2,5,2828,1449,1379
050,06,087,"California","Santa Cruz County",2,6,2775,1436,1339
050,06,087,"California","Santa Cruz County",2,7,2823,1454,1369
050,06,087,"California","Santa Cruz County",2,8,2925,1504,1421
050,06,087,"California","Santa Cruz County",2,9,2962,1517,1445
050,06,087,"California","Santa Cruz County",2,10,2903,1488,1415
050,06,087,"California","Santa Cruz County",2,11,2963,1516,1447
050,06,087,"California","Santa Cruz County",2,12,3117,1621,1496
050,06,087,"California","Santa Cruz County",2,13,3169,1660,1509
050,06,087,"California","Santa Cruz County",2,14,3097,1588,1509
050,06,087,"California","Santa Cruz County",2,15,3105,1552,1553
050,06,087,"California","Santa Cruz County",2,16,3181,1625,1556
050,06,087,"California","Santa Cruz County",2,17,3189,1633,1556
050,06,087,"California","Santa Cruz County",2,18,5103,2462,2641
050,06,087,"California","Santa Cruz County",2,19,7034,3402,3632
050,06,087,"California","Santa Cruz County",2,20,6573,3098,3475
050,06,087,"California","Santa Cruz County",2,21,5882,2958,2924
050,06,087,"California","Santa Cruz County",2,22,5223,2712,2511
050,06,087,"California","Santa Cruz County",2,23,4549,2286,2263
050,06,087,"California","Santa Cruz County",2,24,3861,1982,1879
050,06,087,"California","Santa Cruz County",2,25,3601,1835,1766
050,06,087,"California","Santa Cruz County",2,26,3385,1743,1642
050,06,087,"California","Santa Cruz County",2,27,3310,1728,1582
050,06,087,"California","Santa Cruz County",2,28,3363,1781,1582
050,06,087,"California","Santa Cruz County",2,29,3256,1693,1563
050,06,087,"California","Santa Cruz County",2,30,3213,1721,1492
050,06,087,"California","Santa Cruz County",2,31,3141,1634,1507
050,06,087,"California","Santa Cruz County",2,32,3087,1572,1515
050,06,087,"California","Santa Cruz County",2,33,3050,1537,1513
050,06,087,"California","Santa Cruz County",2,34,3159,1618,1541
050,06,087,"California","Santa Cruz County",2,35,3234,1660,1574
050,06,087,"California","Santa Cruz County",2,36,3151,1616,1535
050,06,087,"California","Santa Cruz County",2,37,3291,1680,1611
050,06,087,"California","Santa Cruz County",2,38,3305,1651,1654
050,06,087,"California","Santa Cruz County",2,39,3318,1664,1654
050,06,087,"California","Santa Cruz County",2,40,3352,1717,1635
050,06,087,"California","Santa Cruz County",2,41,3225,1627,1598
050,06,087,"California","Santa Cruz County",2,42,3195,1594,1601
050,06,087,"California","Santa Cruz County",2,43,3211,1591,1620
050,06,087,"California","Santa Cruz County",2,44,3073,1545,1528
050,06,087,"California","Santa Cruz County",2,45,3086,1556,1530
050,06,087,"California","Santa Cruz County",2,46,3057,1581,1476
050,06,087,"California","Santa Cruz County",2,47,3099,1581,1518
050,06,087,"California","Santa Cruz County",2,48,3246,1680,1566
050,06,087,"California","Santa Cruz County",2,49,3431,1786,1645
050,06,087,"California","Santa Cruz County",2,50,3541,1846,1695
050,06,087,"California","Santa Cruz County",2,51,3420,1742,1678
050,06,087,"California","Santa Cruz County",2,52,3389,1724,1665
050,06,087,"California","Santa Cruz County",2,53,3273,1651,1622
050,06,087,"California","Santa Cruz County",2,54,3243,1642,1601
050,06,087,"California","Santa Cruz County",2,55,3396,1690,1706
050,06,087,"California","Santa Cruz County",2,56,3495,1723,1772
050,06,087,"California","Santa Cruz County",2,57,3535,1757,1778
050,06,087,"California","Santa Cruz County",2,58,3533,1735,1798
050,06,087,"California","Santa Cruz County",2,59,3598,1769,1829
050,06,087,"California","Santa Cruz County",2,60,3675,1822,1853
050,06,087,"California","Santa Cruz County",2,61,3566,1741,1825
050,06,087,"California","Santa Cruz County",2,62,3582,1759,1823
050,06,087,"California","Santa Cruz County",2,63,3641,1767,1874
050,06,087,"California","Santa Cruz County",2,64,3559,1732,1827
050,06,087,"California","Santa Cruz County",2,65,3538,1745,1793
050,06,087,"California","Santa Cruz County",2,66,3441,1662,1779
050,06,087,"California","Santa Cruz County",2,67,3428,1656,1772
050,06,087,"California","Santa Cruz County",2,68,3370,1679,1691
050,06,087,"California","Santa Cruz County",2,69,3213,1585,1628
050,06,087,"California","Santa Cruz County",2,70,3026,1514,1512
050,06,087,"California","Santa Cruz County",2,71,2848,1420,1428
050,06,087,"California","Santa Cruz County",2,72,2754,1366,1388
050,06,087,"California","Santa Cruz County",2,73,2907,1423,1484
050,06,087,"California","Santa Cruz County",2,74,2001,936,1065
050,06,087,"California","Santa Cruz County",2,75,1835,845,990
050,06,087,"California","Santa Cruz County",2,76,1717,802,915
050,06,087,"California","Santa Cruz County",2,77,1663,775,888
050,06,087,"California","Santa Cruz County",2,78,1363,627,736
050,06,087,"California","Santa Cruz County",2,79,1163,525,638
050,06,087,"California","Santa Cruz County",2,80,1055,478,577
050,06,087,"California","Santa Cruz County",2,81,982,433,549
050,06,087,"California","Santa Cruz County",2,82,867,391,476
050,06,087,"California","Santa Cruz County",2,83,758,342,416
050,06,087,"California","Santa Cruz County",2,84,732,318,414
050,06,087,"California","Santa Cruz County",2,85,4703,1622,3081
050,06,087,"California","Santa Cruz County",3,0,2208,1132,1076
050,06,087,"California","Santa Cruz County",3,1,2313,1168,1145
050,06,087,"California","Santa Cruz County",3,2,2339,1186,1153
050,06,087,"California","Santa Cruz County",3,3,2398,1232,1166
050,06,087,"California","Santa Cruz County",3,4,2556,1299,1257
050,06,087,"California","Santa Cruz County",3,5,2771,1375,1396
050,06,087,"California","Santa Cruz County",3,6,2798,1434,1364
050,06,087,"California","Santa Cruz County",3,7,2721,1402,1319
050,06,087,"California","Santa Cruz County",3,8,2744,1422,1322
050,06,087,"California","Santa Cruz County",3,9,2884,1482,1402
050,06,087,"California","Santa Cruz County",3,10,2904,1496,1408
050,06,087,"California","Santa Cruz County",3,11,2831,1445,1386
050,06,087,"California","Santa Cruz County",3,12,2903,1492,1411
050,06,087,"California","Santa Cruz County",3,13,3041,1590,1451
050,06,087,"California","Santa Cruz County",3,14,3153,1652,1501
050,06,087,"California","Santa Cruz County",3,15,3106,1560,1546
050,06,087,"California","Santa Cruz County",3,16,3052,1531,1521
050,06,087,"California","Santa Cruz County",3,17,3195,1646,1549
050,06,087,"California","Santa Cruz County",3,18,3148,1626,1522
050,06,087,"California","Santa Cruz County",3,19,3797,1873,1924
050,06,087,"California","Santa Cruz County",3,20,5209,2421,2788
050,06,087,"California","Santa Cruz County",3,21,5325,2711,2614
050,06,087,"California","Santa Cruz County",3,22,4861,2531,2330
050,06,087,"California","Santa Cruz County",3,23,4322,2153,2169
050,06,087,"California","Santa Cruz County",3,24,3713,1909,1804
050,06,087,"California","Santa Cruz County",3,25,3524,1787,1737
050,06,087,"California","Santa Cruz County",3,26,3190,1641,1549
050,06,087,"California","Santa Cruz County",3,27,3036,1560,1476
050,06,087,"California","Santa Cruz County",3,28,3274,1696,1578
050,06,087,"California","Santa Cruz County",3,29,3300,1707,1593
050,06,087,"California","Santa Cruz County",3,30,3252,1717,1535
050,06,087,"California","Santa Cruz County",3,31,3248,1738,1510
050,06,087,"California","Santa Cruz County",3,32,3211,1664,1547
050,06,087,"California","Santa Cruz County",3,33,3102,1574,1528
050,06,087,"California","Santa Cruz County",3,34,3100,1545,1555
050,06,087,"California","Santa Cruz County",3,35,3183,1638,1545
050,06,087,"California","Santa Cruz County",3,36,3228,1668,1560
050,06,087,"California","Santa Cruz County",3,37,3182,1628,1554
050,06,087,"California","Santa Cruz County",3,38,3303,1655,1648
050,06,087,"California","Santa Cruz County",3,39,3342,1689,1653
050,06,087,"California","Santa Cruz County",3,40,3279,1637,1642
050,06,087,"California","Santa Cruz County",3,41,3314,1677,1637
050,06,087,"California","Santa Cruz County",3,42,3173,1595,1578
050,06,087,"California","Santa Cruz County",3,43,3181,1587,1594
050,06,087,"California","Santa Cruz County",3,44,3171,1590,1581
050,06,087,"California","Santa Cruz County",3,45,3080,1556,1524
050,06,087,"California","Santa Cruz County",3,46,3077,1565,1512
050,06,087,"California","Santa Cruz County",3,47,2990,1536,1454
050,06,087,"California","Santa Cruz County",3,48,3102,1570,1532
050,06,087,"California","Santa Cruz County",3,49,3158,1639,1519
050,06,087,"California","Santa Cruz County",3,50,3402,1804,1598
050,06,087,"California","Santa Cruz County",3,51,3521,1820,1701
050,06,087,"California","Santa Cruz County",3,52,3376,1732,1644
050,06,087,"California","Santa Cruz County",3,53,3306,1660,1646
050,06,087,"California","Santa Cruz County",3,54,3303,1682,1621
050,06,087,"California","Santa Cruz County",3,55,3189,1597,1592
050,06,087,"California","Santa Cruz County",3,56,3322,1654,1668
050,06,087,"California","Santa Cruz County",3,57,3460,1714,1746
050,06,087,"California","Santa Cruz County",3,58,3397,1642,1755
050,06,087,"California","Santa Cruz County",3,59,3470,1696,1774
050,06,087,"California","Santa Cruz County",3,60,3561,1768,1793
050,06,087,"California","Santa Cruz County",3,61,3563,1734,1829
050,06,087,"California","Santa Cruz County",3,62,3492,1735,1757
050,06,087,"California","Santa Cruz County",3,63,3473,1705,1768
050,06,087,"California","Santa Cruz County",3,64,3497,1680,1817
050,06,087,"California","Santa Cruz County",3,65,3490,1700,1790
050,06,087,"California","Santa Cruz County",3,66,3424,1677,1747
050,06,087,"California","Santa Cruz County",3,67,3370,1627,1743
050,06,087,"California","Santa Cruz County",3,68,3360,1634,1726
050,06,087,"California","Santa Cruz County",3,69,3253,1592,1661
050,06,087,"California","Santa Cruz County",3,70,3151,1554,1597
050,06,087,"California","Santa Cruz County",3,71,2966,1475,1491
050,06,087,"California","Santa Cruz County",3,72,2772,1370,1402
050,06,087,"California","Santa Cruz County",3,73,2698,1324,1374
050,06,087,"California","Santa Cruz County",3,74,2816,1376,1440
050,06,087,"California","Santa Cruz County",3,75,1924,893,1031
050,06,087,"California","Santa Cruz County",3,76,1773,811,962
050,06,087,"California","Santa Cruz County",3,77,1658,763,895
050,06,087,"California","Santa Cruz County",3,78,1588,730,858
050,06,087,"California","Santa Cruz County",3,79,1322,606,716
050,06,087,"California","Santa Cruz County",3,80,1129,516,613
050,06,087,"California","Santa Cruz County",3,81,1009,449,560
050,06,087,"California","Santa Cruz County",3,82,925,408,517
050,06,087,"California","Santa Cruz County",3,83,831,379,452
050,06,087,"California","Santa Cruz County",3,84,710,308,402
050,06,087,"California","Santa Cruz County",3,85,4682,1654,3028
050,06,087,"California","Santa Cruz County",4,0,2326,1212,1114
050,06,087,"California","Santa Cruz County",4,1,2172,1122,1050
050,06,087,"California","Santa Cruz County",4,2,2298,1161,1137
050,06,087,"California","Santa Cruz County",4,3,2291,1146,1145
050,06,087,"California","Santa Cruz County",4,4,2374,1224,1150
050,06,087,"California","Santa Cruz County",4,5,2532,1294,1238
050,06,087,"California","Santa Cruz County",4,6,2719,1343,1376
050,06,087,"California","Santa Cruz County",4,7,2743,1412,1331
050,06,087,"California","Santa Cruz County",4,8,2666,1362,1304
050,06,087,"California","Santa Cruz County",4,9,2704,1411,1293
050,06,087,"California","Santa Cruz County",4,10,2783,1434,1349
050,06,087,"California","Santa Cruz County",4,11,2848,1466,1382
050,06,087,"California","Santa Cruz County",4,12,2795,1447,1348
050,06,087,"California","Santa Cruz County",4,13,2858,1459,1399
050,06,087,"California","Santa Cruz County",4,14,3003,1566,1437
050,06,087,"California","Santa Cruz County",4,15,3162,1636,1526
050,06,087,"California","Santa Cruz County",4,16,3103,1565,1538
050,06,087,"California","Santa Cruz County",4,17,3105,1574,1531
050,06,087,"California","Santa Cruz County",4,18,5014,2413,2601
050,06,087,"California","Santa Cruz County",4,19,6788,3271,3517
050,06,087,"California","Santa Cruz County",4,20,6388,2967,3421
050,06,087,"California","Santa Cruz County",4,21,5951,2986,2965
050,06,087,"California","Santa Cruz County",4,22,5211,2738,2473
050,06,087,"California","Santa Cruz County",4,23,4391,2217,2174
050,06,087,"California","Santa Cruz County",4,24,3691,1934,1757
050,06,087,"California","Santa Cruz County",4,25,3403,1715,1688
050,06,087,"California","Santa Cruz County",4,26,3154,1622,1532
050,06,087,"California","Santa Cruz County",4,27,2904,1477,1427
050,06,087,"California","Santa Cruz County",4,28,2989,1507,1482
050,06,087,"California","Santa Cruz County",4,29,3148,1604,1544
050,06,087,"California","Santa Cruz County",4,30,3211,1684,1527
050,06,087,"California","Santa Cruz County",4,31,3172,1667,1505
050,06,087,"California","Santa Cruz County",4,32,3170,1664,1506
050,06,087,"California","Santa Cruz County",4,33,3074,1588,1486
050,06,087,"California","Santa Cruz County",4,34,3055,1570,1485
050,06,087,"California","Santa Cruz County",4,35,3058,1542,1516
050,06,087,"California","Santa Cruz County",4,36,3091,1596,1495
050,06,087,"California","Santa Cruz County",4,37,3191,1661,1530
050,06,087,"California","Santa Cruz County",4,38,3139,1583,1556
050,06,087,"California","Santa Cruz County",4,39,3305,1684,1621
050,06,087,"California","Santa Cruz County",4,40,3302,1675,1627
050,06,087,"California","Santa Cruz County",4,41,3241,1614,1627
050,06,087,"California","Santa Cruz County",4,42,3238,1611,1627
050,06,087,"California","Santa Cruz County",4,43,3116,1555,1561
050,06,087,"California","Santa Cruz County",4,44,3121,1572,1549
050,06,087,"California","Santa Cruz County",4,45,3120,1562,1558
050,06,087,"California","Santa Cruz County",4,46,3053,1567,1486
050,06,087,"California","Santa Cruz County",4,47,2983,1511,1472
050,06,087,"California","Santa Cruz County",4,48,2991,1513,1478
050,06,087,"California","Santa Cruz County",4,49,3016,1529,1487
050,06,087,"California","Santa Cruz County",4,50,3148,1662,1486
050,06,087,"California","Santa Cruz County",4,51,3333,1768,1565
050,06,087,"California","Santa Cruz County",4,52,3484,1813,1671
050,06,087,"California","Santa Cruz County",4,53,3255,1643,1612
050,06,087,"California","Santa Cruz County",4,54,3267,1653,1614
050,06,087,"California","Santa Cruz County",4,55,3206,1598,1608
050,06,087,"California","Santa Cruz County",4,56,3088,1530,1558
050,06,087,"California","Santa Cruz County",4,57,3287,1659,1628
050,06,087,"California","Santa Cruz County",4,58,3301,1613,1688
050,06,087,"California","Santa Cruz County",4,59,3366,1642,1724
050,06,087,"California","Santa Cruz County",4,60,3419,1694,1725
050,06,087,"California","Santa Cruz County",4,61,3395,1655,1740
050,06,087,"California","Santa Cruz County",4,62,3482,1706,1776
050,06,087,"California","Santa Cruz County",4,63,3399,1676,1723
050,06,087,"California","Santa Cruz County",4,64,3368,1620,1748
050,06,087,"California","Santa Cruz County",4,65,3409,1644,1765
050,06,087,"California","Santa Cruz County",4,66,3389,1636,1753
050,06,087,"California","Santa Cruz County",4,67,3354,1648,1706
050,06,087,"California","Santa Cruz County",4,68,3302,1607,1695
050,06,087,"California","Santa Cruz County",4,69,3212,1536,1676
050,06,087,"California","Santa Cruz County",4,70,3175,1550,1625
050,06,087,"California","Santa Cruz County",4,71,3072,1496,1576
050,06,087,"California","Santa Cruz County",4,72,2886,1433,1453
050,06,087,"California","Santa Cruz County",4,73,2705,1315,1390
050,06,087,"California","Santa Cruz County",4,74,2621,1278,1343
050,06,087,"California","Santa Cruz County",4,75,2745,1340,1405
050,06,087,"California","Santa Cruz County",4,76,1866,868,998
050,06,087,"California","Santa Cruz County",4,77,1750,792,958
050,06,087,"California","Santa Cruz County",4,78,1589,731,858
050,06,087,"California","Santa Cruz County",4,79,1542,700,842
050,06,087,"California","Santa Cruz County",4,80,1269,592,677
050,06,087,"California","Santa Cruz County",4,81,1071,484,587
050,06,087,"California","Santa Cruz County",4,82,956,436,520
050,06,087,"California","Santa Cruz County",4,83,876,396,480
050,06,087,"California","Santa Cruz County",4,84,782,347,435
050,06,087,"California","Santa Cruz County",4,85,4710,1703,3007
050,06,087,"California","Santa Cruz County",5,0,2291,1203,1088
050,06,087,"California","Santa Cruz County",5,1,2224,1195,1029
050,06,087,"California","Santa Cruz County",5,2,2165,1109,1056
050,06,087,"California","Santa Cruz County",5,3,2269,1144,1125
050,06,087,"California","Santa Cruz County",5,4,2252,1119,1133
050,06,087,"California","Santa Cruz County",5,5,2348,1249,1099
050,06,087,"California","Santa Cruz County",5,6,2490,1267,1223
050,06,087,"California","Santa Cruz County",5,7,2665,1322,1343
050,06,087,"California","Santa Cruz County",5,8,2698,1398,1300
050,06,087,"California","Santa Cruz County",5,9,2627,1356,1271
050,06,087,"California","Santa Cruz County",5,10,2641,1368,1273
050,06,087,"California","Santa Cruz County",5,11,2733,1407,1326
050,06,087,"California","Santa Cruz County",5,12,2805,1452,1353
050,06,087,"California","Santa Cruz County",5,13,2758,1429,1329
050,06,087,"California","Santa Cruz County",5,14,2827,1453,1374
050,06,087,"California","Santa Cruz County",5,15,3021,1547,1474
050,06,087,"California","Santa Cruz County",5,16,3119,1621,1498
050,06,087,"California","Santa Cruz County",5,17,3168,1616,1552
050,06,087,"California","Santa Cruz County",5,18,4969,2394,2575
050,06,087,"California","Santa Cruz County",5,19,6918,3335,3583
050,06,087,"California","Santa Cruz County",5,20,6462,2992,3470
050,06,087,"California","Santa Cruz County",5,21,5804,2879,2925
050,06,087,"California","Santa Cruz County",5,22,5190,2715,2475
050,06,087,"California","Santa Cruz County",5,23,4437,2245,2192
050,06,087,"California","Santa Cruz County",5,24,3649,1902,1747
050,06,087,"California","Santa Cruz County",5,25,3350,1747,1603
050,06,087,"California","Santa Cruz County",5,26,3026,1530,1496
050,06,087,"California","Santa Cruz County",5,27,2841,1446,1395
050,06,087,"California","Santa Cruz County",5,28,2818,1442,1376
050,06,087,"California","Santa Cruz County",5,29,2881,1403,1478
050,06,087,"California","Santa Cruz County",5,30,3130,1620,1510
050,06,087,"California","Santa Cruz County",5,31,3119,1623,1496
050,06,087,"California","Santa Cruz County",5,32,3154,1647,1507
050,06,087,"California","Santa Cruz County",5,33,3040,1578,1462
050,06,087,"California","Santa Cruz County",5,34,2992,1524,1468
050,06,087,"California","Santa Cruz County",5,35,2999,1564,1435
050,06,087,"California","Santa Cruz County",5,36,2959,1490,1469
050,06,087,"California","Santa Cruz County",5,37,3108,1594,1514
050,06,087,"California","Santa Cruz County",5,38,3162,1648,1514
050,06,087,"California","Santa Cruz County",5,39,3108,1577,1531
050,06,087,"California","Santa Cruz County",5,40,3250,1667,1583
050,06,087,"California","Santa Cruz County",5,41,3226,1620,1606
050,06,087,"California","Santa Cruz County",5,42,3149,1562,1587
050,06,087,"California","Santa Cruz County",5,43,3188,1592,1596
050,06,087,"California","Santa Cruz County",5,44,3059,1541,1518
050,06,087,"California","Santa Cruz County",5,45,3062,1539,1523
050,06,087,"California","Santa Cruz County",5,46,3122,1588,1534
050,06,087,"California","Santa Cruz County",5,47,2975,1522,1453
050,06,087,"California","Santa Cruz County",5,48,2967,1482,1485
050,06,087,"California","Santa Cruz County",5,49,2920,1482,1438
050,06,087,"California","Santa Cruz County",5,50,3004,1548,1456
050,06,087,"California","Santa Cruz County",5,51,3091,1607,1484
050,06,087,"California","Santa Cruz County",5,52,3316,1775,1541
050,06,087,"California","Santa Cruz County",5,53,3388,1728,1660
050,06,087,"California","Santa Cruz County",5,54,3281,1667,1614
050,06,087,"California","Santa Cruz County",5,55,3191,1585,1606
050,06,087,"California","Santa Cruz County",5,56,3098,1537,1561
050,06,087,"California","Santa Cruz County",5,57,3053,1537,1516
050,06,087,"California","Santa Cruz County",5,58,3191,1586,1605
050,06,087,"California","Santa Cruz County",5,59,3257,1612,1645
050,06,087,"California","Santa Cruz County",5,60,3347,1646,1701
050,06,087,"California","Santa Cruz County",5,61,3288,1585,1703
050,06,087,"California","Santa Cruz County",5,62,3358,1655,1703
050,06,087,"California","Santa Cruz County",5,63,3415,1664,1751
050,06,087,"California","Santa Cruz County",5,64,3286,1595,1691
050,06,087,"California","Santa Cruz County",5,65,3313,1589,1724
050,06,087,"California","Santa Cruz County",5,66,3330,1599,1731
050,06,087,"California","Santa Cruz County",5,67,3337,1612,1725
050,06,087,"California","Santa Cruz County",5,68,3292,1616,1676
050,06,087,"California","Santa Cruz County",5,69,3191,1538,1653
050,06,087,"California","Santa Cruz County",5,70,3155,1512,1643
050,06,087,"California","Santa Cruz County",5,71,3125,1519,1606
050,06,087,"California","Santa Cruz County",5,72,3032,1467,1565
050,06,087,"California","Santa Cruz County",5,73,2831,1391,1440
050,06,087,"California","Santa Cruz County",5,74,2660,1293,1367
050,06,087,"California","Santa Cruz County",5,75,2545,1240,1305
050,06,087,"California","Santa Cruz County",5,76,2677,1304,1373
050,06,087,"California","Santa Cruz County",5,77,1824,841,983
050,06,087,"California","Santa Cruz County",5,78,1680,752,928
050,06,087,"California","Santa Cruz County",5,79,1554,706,848
050,06,087,"California","Santa Cruz County",5,80,1505,691,814
050,06,087,"California","Santa Cruz County",5,81,1221,562,659
050,06,087,"California","Santa Cruz County",5,82,1004,456,548
050,06,087,"California","Santa Cruz County",5,83,896,420,476
050,06,087,"California","Santa Cruz County",5,84,831,364,467
050,06,087,"California","Santa Cruz County",5,85,4845,1811,3034
050,06,089,"California","Shasta County",1,0,1940,990,950
050,06,089,"California","Shasta County",1,1,2014,1025,989
050,06,089,"California","Shasta County",1,2,2082,1108,974
050,06,089,"California","Shasta County",1,3,2153,1095,1058
050,06,089,"California","Shasta County",1,4,2165,1135,1030
050,06,089,"California","Shasta County",1,5,2237,1177,1060
050,06,089,"California","Shasta County",1,6,2298,1145,1153
050,06,089,"California","Shasta County",1,7,2209,1124,1085
050,06,089,"California","Shasta County",1,8,2260,1189,1071
050,06,089,"California","Shasta County",1,9,2213,1163,1050
050,06,089,"California","Shasta County",1,10,2263,1152,1111
050,06,089,"California","Shasta County",1,11,2262,1155,1107
050,06,089,"California","Shasta County",1,12,2409,1223,1186
050,06,089,"California","Shasta County",1,13,2290,1184,1106
050,06,089,"California","Shasta County",1,14,2233,1138,1095
050,06,089,"California","Shasta County",1,15,2197,1107,1090
050,06,089,"California","Shasta County",1,16,2248,1141,1107
050,06,089,"California","Shasta County",1,17,2279,1163,1116
050,06,089,"California","Shasta County",1,18,2017,1075,942
050,06,089,"California","Shasta County",1,19,1667,915,752
050,06,089,"California","Shasta County",1,20,1777,962,815
050,06,089,"California","Shasta County",1,21,1820,958,862
050,06,089,"California","Shasta County",1,22,1843,937,906
050,06,089,"California","Shasta County",1,23,1955,985,970
050,06,089,"California","Shasta County",1,24,2026,1061,965
050,06,089,"California","Shasta County",1,25,2049,1056,993
050,06,089,"California","Shasta County",1,26,2122,1065,1057
050,06,089,"California","Shasta County",1,27,2232,1140,1092
050,06,089,"California","Shasta County",1,28,2273,1126,1147
050,06,089,"California","Shasta County",1,29,2516,1246,1270
050,06,089,"California","Shasta County",1,30,2462,1251,1211
050,06,089,"California","Shasta County",1,31,2363,1149,1214
050,06,089,"California","Shasta County",1,32,2362,1192,1170
050,06,089,"California","Shasta County",1,33,2390,1220,1170
050,06,089,"California","Shasta County",1,34,2361,1207,1154
050,06,089,"California","Shasta County",1,35,2349,1188,1161
050,06,089,"California","Shasta County",1,36,2390,1197,1193
050,06,089,"California","Shasta County",1,37,2356,1157,1199
050,06,089,"California","Shasta County",1,38,2291,1144,1147
050,06,089,"California","Shasta County",1,39,2259,1119,1140
050,06,089,"California","Shasta County",1,40,2245,1161,1084
050,06,089,"California","Shasta County",1,41,2119,1083,1036
050,06,089,"California","Shasta County",1,42,2030,1037,993
050,06,089,"California","Shasta County",1,43,1909,971,938
050,06,089,"California","Shasta County",1,44,1801,928,873
050,06,089,"California","Shasta County",1,45,1828,904,924
050,06,089,"California","Shasta County",1,46,1819,900,919
050,06,089,"California","Shasta County",1,47,1858,934,924
050,06,089,"California","Shasta County",1,48,1980,997,983
050,06,089,"California","Shasta County",1,49,2142,1037,1105
050,06,089,"California","Shasta County",1,50,2188,1080,1108
050,06,089,"California","Shasta County",1,51,2096,1041,1055
050,06,089,"California","Shasta County",1,52,2046,985,1061
050,06,089,"California","Shasta County",1,53,2136,1022,1114
050,06,089,"California","Shasta County",1,54,2189,1059,1130
050,06,089,"California","Shasta County",1,55,2321,1067,1254
050,06,089,"California","Shasta County",1,56,2521,1216,1305
050,06,089,"California","Shasta County",1,57,2591,1248,1343
050,06,089,"California","Shasta County",1,58,2753,1378,1375
050,06,089,"California","Shasta County",1,59,2725,1314,1411
050,06,089,"California","Shasta County",1,60,2682,1307,1375
050,06,089,"California","Shasta County",1,61,2646,1255,1391
050,06,089,"California","Shasta County",1,62,2709,1265,1444
050,06,089,"California","Shasta County",1,63,2537,1223,1314
050,06,089,"California","Shasta County",1,64,2612,1268,1344
050,06,089,"California","Shasta County",1,65,2539,1185,1354
050,06,089,"California","Shasta County",1,66,2569,1236,1333
050,06,089,"California","Shasta County",1,67,2476,1205,1271
050,06,089,"California","Shasta County",1,68,2408,1153,1255
050,06,089,"California","Shasta County",1,69,2287,1086,1201
050,06,089,"California","Shasta County",1,70,2214,1057,1157
050,06,089,"California","Shasta County",1,71,2162,1016,1146
050,06,089,"California","Shasta County",1,72,2243,1056,1187
050,06,089,"California","Shasta County",1,73,2205,1069,1136
050,06,089,"California","Shasta County",1,74,1540,730,810
050,06,089,"California","Shasta County",1,75,1573,727,846
050,06,089,"California","Shasta County",1,76,1543,711,832
050,06,089,"California","Shasta County",1,77,1514,708,806
050,06,089,"California","Shasta County",1,78,1336,645,691
050,06,089,"California","Shasta County",1,79,1154,531,623
050,06,089,"California","Shasta County",1,80,1043,469,574
050,06,089,"California","Shasta County",1,81,984,452,532
050,06,089,"California","Shasta County",1,82,885,398,487
050,06,089,"California","Shasta County",1,83,795,361,434
050,06,089,"California","Shasta County",1,84,703,295,408
050,06,089,"California","Shasta County",1,85,3870,1446,2424
050,06,089,"California","Shasta County",2,0,1933,975,958
050,06,089,"California","Shasta County",2,1,1993,1016,977
050,06,089,"California","Shasta County",2,2,2066,1085,981
050,06,089,"California","Shasta County",2,3,2128,1096,1032
050,06,089,"California","Shasta County",2,4,2163,1126,1037
050,06,089,"California","Shasta County",2,5,2220,1167,1053
050,06,089,"California","Shasta County",2,6,2289,1158,1131
050,06,089,"California","Shasta County",2,7,2233,1132,1101
050,06,089,"California","Shasta County",2,8,2239,1168,1071
050,06,089,"California","Shasta County",2,9,2229,1173,1056
050,06,089,"California","Shasta County",2,10,2248,1151,1097
050,06,089,"California","Shasta County",2,11,2253,1150,1103
050,06,089,"California","Shasta County",2,12,2392,1217,1175
050,06,089,"California","Shasta County",2,13,2318,1194,1124
050,06,089,"California","Shasta County",2,14,2248,1149,1099
050,06,089,"California","Shasta County",2,15,2209,1118,1091
050,06,089,"California","Shasta County",2,16,2236,1133,1103
050,06,089,"California","Shasta County",2,17,2274,1157,1117
050,06,089,"California","Shasta County",2,18,1993,1055,938
050,06,089,"California","Shasta County",2,19,1680,916,764
050,06,089,"California","Shasta County",2,20,1792,968,824
050,06,089,"California","Shasta County",2,21,1820,960,860
050,06,089,"California","Shasta County",2,22,1858,952,906
050,06,089,"California","Shasta County",2,23,1947,981,966
050,06,089,"California","Shasta County",2,24,2017,1049,968
050,06,089,"California","Shasta County",2,25,2051,1061,990
050,06,089,"California","Shasta County",2,26,2119,1069,1050
050,06,089,"California","Shasta County",2,27,2207,1124,1083
050,06,089,"California","Shasta County",2,28,2263,1124,1139
050,06,089,"California","Shasta County",2,29,2458,1221,1237
050,06,089,"California","Shasta County",2,30,2485,1253,1232
050,06,089,"California","Shasta County",2,31,2381,1175,1206
050,06,089,"California","Shasta County",2,32,2364,1179,1185
050,06,089,"California","Shasta County",2,33,2389,1214,1175
050,06,089,"California","Shasta County",2,34,2374,1214,1160
050,06,089,"California","Shasta County",2,35,2370,1204,1166
050,06,089,"California","Shasta County",2,36,2364,1188,1176
050,06,089,"California","Shasta County",2,37,2360,1160,1200
050,06,089,"California","Shasta County",2,38,2322,1156,1166
050,06,089,"California","Shasta County",2,39,2261,1121,1140
050,06,089,"California","Shasta County",2,40,2267,1159,1108
050,06,089,"California","Shasta County",2,41,2146,1099,1047
050,06,089,"California","Shasta County",2,42,2032,1040,992
050,06,089,"California","Shasta County",2,43,1952,994,958
050,06,089,"California","Shasta County",2,44,1812,931,881
050,06,089,"California","Shasta County",2,45,1828,907,921
050,06,089,"California","Shasta County",2,46,1812,897,915
050,06,089,"California","Shasta County",2,47,1844,923,921
050,06,089,"California","Shasta County",2,48,1948,981,967
050,06,089,"California","Shasta County",2,49,2107,1031,1076
050,06,089,"California","Shasta County",2,50,2192,1077,1115
050,06,089,"California","Shasta County",2,51,2111,1044,1067
050,06,089,"California","Shasta County",2,52,2047,991,1056
050,06,089,"California","Shasta County",2,53,2119,1014,1105
050,06,089,"California","Shasta County",2,54,2167,1048,1119
050,06,089,"California","Shasta County",2,55,2293,1063,1230
050,06,089,"California","Shasta County",2,56,2482,1193,1289
050,06,089,"California","Shasta County",2,57,2555,1225,1330
050,06,089,"California","Shasta County",2,58,2704,1340,1364
050,06,089,"California","Shasta County",2,59,2731,1328,1403
050,06,089,"California","Shasta County",2,60,2668,1299,1369
050,06,089,"California","Shasta County",2,61,2640,1261,1379
050,06,089,"California","Shasta County",2,62,2675,1254,1421
050,06,089,"California","Shasta County",2,63,2583,1236,1347
050,06,089,"California","Shasta County",2,64,2563,1238,1325
050,06,089,"California","Shasta County",2,65,2543,1198,1345
050,06,089,"California","Shasta County",2,66,2546,1214,1332
050,06,089,"California","Shasta County",2,67,2475,1198,1277
050,06,089,"California","Shasta County",2,68,2394,1150,1244
050,06,089,"California","Shasta County",2,69,2312,1099,1213
050,06,089,"California","Shasta County",2,70,2209,1053,1156
050,06,089,"California","Shasta County",2,71,2167,1022,1145
050,06,089,"California","Shasta County",2,72,2176,1023,1153
050,06,089,"California","Shasta County",2,73,2307,1113,1194
050,06,089,"California","Shasta County",2,74,1585,752,833
050,06,089,"California","Shasta County",2,75,1551,719,832
050,06,089,"California","Shasta County",2,76,1527,703,824
050,06,089,"California","Shasta County",2,77,1538,715,823
050,06,089,"California","Shasta County",2,78,1330,636,694
050,06,089,"California","Shasta County",2,79,1182,548,634
050,06,089,"California","Shasta County",2,80,1052,476,576
050,06,089,"California","Shasta County",2,81,973,441,532
050,06,089,"California","Shasta County",2,82,900,405,495
050,06,089,"California","Shasta County",2,83,788,358,430
050,06,089,"California","Shasta County",2,84,719,304,415
050,06,089,"California","Shasta County",2,85,3904,1457,2447
050,06,089,"California","Shasta County",3,0,1811,922,889
050,06,089,"California","Shasta County",3,1,1931,969,962
050,06,089,"California","Shasta County",3,2,2023,1035,988
050,06,089,"California","Shasta County",3,3,2103,1091,1012
050,06,089,"California","Shasta County",3,4,2148,1111,1037
050,06,089,"California","Shasta County",3,5,2194,1132,1062
050,06,089,"California","Shasta County",3,6,2238,1168,1070
050,06,089,"California","Shasta County",3,7,2303,1178,1125
050,06,089,"California","Shasta County",3,8,2264,1142,1122
050,06,089,"California","Shasta County",3,9,2259,1185,1074
050,06,089,"California","Shasta County",3,10,2246,1183,1063
050,06,089,"California","Shasta County",3,11,2287,1178,1109
050,06,089,"California","Shasta County",3,12,2275,1153,1122
050,06,089,"California","Shasta County",3,13,2433,1235,1198
050,06,089,"California","Shasta County",3,14,2325,1192,1133
050,06,089,"California","Shasta County",3,15,2284,1178,1106
050,06,089,"California","Shasta County",3,16,2228,1150,1078
050,06,089,"California","Shasta County",3,17,2271,1151,1120
050,06,089,"California","Shasta County",3,18,2012,1041,971
050,06,089,"California","Shasta County",3,19,1712,906,806
050,06,089,"California","Shasta County",3,20,1803,957,846
050,06,089,"California","Shasta County",3,21,1806,953,853
050,06,089,"California","Shasta County",3,22,1873,991,882
050,06,089,"California","Shasta County",3,23,1966,1029,937
050,06,089,"California","Shasta County",3,24,2022,1035,987
050,06,089,"California","Shasta County",3,25,2065,1081,984
050,06,089,"California","Shasta County",3,26,2119,1096,1023
050,06,089,"California","Shasta County",3,27,2183,1098,1085
050,06,089,"California","Shasta County",3,28,2195,1118,1077
050,06,089,"California","Shasta County",3,29,2327,1149,1178
050,06,089,"California","Shasta County",3,30,2466,1209,1257
050,06,089,"California","Shasta County",3,31,2504,1253,1251
050,06,089,"California","Shasta County",3,32,2406,1196,1210
050,06,089,"California","Shasta County",3,33,2410,1203,1207
050,06,089,"California","Shasta County",3,34,2391,1208,1183
050,06,089,"California","Shasta County",3,35,2401,1225,1176
050,06,089,"California","Shasta County",3,36,2397,1223,1174
050,06,089,"California","Shasta County",3,37,2386,1178,1208
050,06,089,"California","Shasta County",3,38,2398,1180,1218
050,06,089,"California","Shasta County",3,39,2329,1154,1175
050,06,089,"California","Shasta County",3,40,2302,1143,1159
050,06,089,"California","Shasta County",3,41,2274,1152,1122
050,06,089,"California","Shasta County",3,42,2155,1114,1041
050,06,089,"California","Shasta County",3,43,2035,1031,1004
050,06,089,"California","Shasta County",3,44,1938,994,944
050,06,089,"California","Shasta County",3,45,1819,919,900
050,06,089,"California","Shasta County",3,46,1813,899,914
050,06,089,"California","Shasta County",3,47,1810,899,911
050,06,089,"California","Shasta County",3,48,1834,927,907
050,06,089,"California","Shasta County",3,49,1941,958,983
050,06,089,"California","Shasta County",3,50,2126,1050,1076
050,06,089,"California","Shasta County",3,51,2172,1067,1105
050,06,089,"California","Shasta County",3,52,2118,1037,1081
050,06,089,"California","Shasta County",3,53,2033,981,1052
050,06,089,"California","Shasta County",3,54,2102,1001,1101
050,06,089,"California","Shasta County",3,55,2175,1048,1127
050,06,089,"California","Shasta County",3,56,2320,1113,1207
050,06,089,"California","Shasta County",3,57,2452,1162,1290
050,06,089,"California","Shasta County",3,58,2537,1221,1316
050,06,089,"California","Shasta County",3,59,2667,1304,1363
050,06,089,"California","Shasta County",3,60,2712,1320,1392
050,06,089,"California","Shasta County",3,61,2627,1286,1341
050,06,089,"California","Shasta County",3,62,2611,1250,1361
050,06,089,"California","Shasta County",3,63,2619,1222,1397
050,06,089,"California","Shasta County",3,64,2525,1198,1327
050,06,089,"California","Shasta County",3,65,2546,1223,1323
050,06,089,"California","Shasta County",3,66,2491,1173,1318
050,06,089,"California","Shasta County",3,67,2502,1178,1324
050,06,089,"California","Shasta County",3,68,2398,1152,1246
050,06,089,"California","Shasta County",3,69,2332,1125,1207
050,06,089,"California","Shasta County",3,70,2234,1044,1190
050,06,089,"California","Shasta County",3,71,2142,1024,1118
050,06,089,"California","Shasta County",3,72,2133,986,1147
050,06,089,"California","Shasta County",3,73,2102,986,1116
050,06,089,"California","Shasta County",3,74,2235,1070,1165
050,06,089,"California","Shasta County",3,75,1517,704,813
050,06,089,"California","Shasta County",3,76,1487,693,794
050,06,089,"California","Shasta County",3,77,1443,662,781
050,06,089,"California","Shasta County",3,78,1454,663,791
050,06,089,"California","Shasta County",3,79,1263,604,659
050,06,089,"California","Shasta County",3,80,1097,506,591
050,06,089,"California","Shasta County",3,81,956,429,527
050,06,089,"California","Shasta County",3,82,916,402,514
050,06,089,"California","Shasta County",3,83,801,352,449
050,06,089,"California","Shasta County",3,84,721,304,417
050,06,089,"California","Shasta County",3,85,3854,1454,2400
050,06,089,"California","Shasta County",4,0,1801,900,901
050,06,089,"California","Shasta County",4,1,1787,890,897
050,06,089,"California","Shasta County",4,2,1953,994,959
050,06,089,"California","Shasta County",4,3,2051,1057,994
050,06,089,"California","Shasta County",4,4,2054,1071,983
050,06,089,"California","Shasta County",4,5,2178,1110,1068
050,06,089,"California","Shasta County",4,6,2204,1143,1061
050,06,089,"California","Shasta County",4,7,2226,1166,1060
050,06,089,"California","Shasta County",4,8,2305,1187,1118
050,06,089,"California","Shasta County",4,9,2274,1151,1123
050,06,089,"California","Shasta County",4,10,2258,1175,1083
050,06,089,"California","Shasta County",4,11,2274,1197,1077
050,06,089,"California","Shasta County",4,12,2283,1182,1101
050,06,089,"California","Shasta County",4,13,2277,1143,1134
050,06,089,"California","Shasta County",4,14,2424,1236,1188
050,06,089,"California","Shasta County",4,15,2325,1192,1133
050,06,089,"California","Shasta County",4,16,2253,1159,1094
050,06,089,"California","Shasta County",4,17,2238,1141,1097
050,06,089,"California","Shasta County",4,18,1940,1010,930
050,06,089,"California","Shasta County",4,19,1653,868,785
050,06,089,"California","Shasta County",4,20,1818,960,858
050,06,089,"California","Shasta County",4,21,1805,921,884
050,06,089,"California","Shasta County",4,22,1877,980,897
050,06,089,"California","Shasta County",4,23,1936,1008,928
050,06,089,"California","Shasta County",4,24,1988,1033,955
050,06,089,"California","Shasta County",4,25,2028,1026,1002
050,06,089,"California","Shasta County",4,26,2090,1080,1010
050,06,089,"California","Shasta County",4,27,2144,1119,1025
050,06,089,"California","Shasta County",4,28,2183,1103,1080
050,06,089,"California","Shasta County",4,29,2172,1104,1068
050,06,089,"California","Shasta County",4,30,2369,1191,1178
050,06,089,"California","Shasta County",4,31,2463,1208,1255
050,06,089,"California","Shasta County",4,32,2506,1253,1253
050,06,089,"California","Shasta County",4,33,2428,1219,1209
050,06,089,"California","Shasta County",4,34,2385,1195,1190
050,06,089,"California","Shasta County",4,35,2359,1192,1167
050,06,089,"California","Shasta County",4,36,2434,1257,1177
050,06,089,"California","Shasta County",4,37,2391,1216,1175
050,06,089,"California","Shasta County",4,38,2432,1205,1227
050,06,089,"California","Shasta County",4,39,2418,1164,1254
050,06,089,"California","Shasta County",4,40,2354,1166,1188
050,06,089,"California","Shasta County",4,41,2330,1153,1177
050,06,089,"California","Shasta County",4,42,2261,1147,1114
050,06,089,"California","Shasta County",4,43,2142,1103,1039
050,06,089,"California","Shasta County",4,44,2058,1065,993
050,06,089,"California","Shasta County",4,45,1920,969,951
050,06,089,"California","Shasta County",4,46,1839,917,922
050,06,089,"California","Shasta County",4,47,1818,903,915
050,06,089,"California","Shasta County",4,48,1785,885,900
050,06,089,"California","Shasta County",4,49,1794,890,904
050,06,089,"California","Shasta County",4,50,1933,961,972
050,06,089,"California","Shasta County",4,51,2121,1047,1074
050,06,089,"California","Shasta County",4,52,2119,1035,1084
050,06,089,"California","Shasta County",4,53,2101,1028,1073
050,06,089,"California","Shasta County",4,54,2026,975,1051
050,06,089,"California","Shasta County",4,55,2066,986,1080
050,06,089,"California","Shasta County",4,56,2169,1078,1091
050,06,089,"California","Shasta County",4,57,2258,1060,1198
050,06,089,"California","Shasta County",4,58,2433,1173,1260
050,06,089,"California","Shasta County",4,59,2492,1189,1303
050,06,089,"California","Shasta County",4,60,2637,1276,1361
050,06,089,"California","Shasta County",4,61,2661,1299,1362
050,06,089,"California","Shasta County",4,62,2604,1265,1339
050,06,089,"California","Shasta County",4,63,2513,1203,1310
050,06,089,"California","Shasta County",4,64,2580,1203,1377
050,06,089,"California","Shasta County",4,65,2488,1167,1321
050,06,089,"California","Shasta County",4,66,2479,1183,1296
050,06,089,"California","Shasta County",4,67,2459,1152,1307
050,06,089,"California","Shasta County",4,68,2457,1155,1302
050,06,089,"California","Shasta County",4,69,2329,1141,1188
050,06,089,"California","Shasta County",4,70,2270,1073,1197
050,06,089,"California","Shasta County",4,71,2168,1010,1158
050,06,089,"California","Shasta County",4,72,2076,983,1093
050,06,089,"California","Shasta County",4,73,2065,958,1107
050,06,089,"California","Shasta County",4,74,1987,924,1063
050,06,089,"California","Shasta County",4,75,2150,1011,1139
050,06,089,"California","Shasta County",4,76,1455,674,781
050,06,089,"California","Shasta County",4,77,1408,644,764
050,06,089,"California","Shasta County",4,78,1376,624,752
050,06,089,"California","Shasta County",4,79,1358,613,745
050,06,089,"California","Shasta County",4,80,1170,558,612
050,06,089,"California","Shasta County",4,81,1003,458,545
050,06,089,"California","Shasta County",4,82,882,395,487
050,06,089,"California","Shasta County",4,83,815,358,457
050,06,089,"California","Shasta County",4,84,737,309,428
050,06,089,"California","Shasta County",4,85,3807,1438,2369
050,06,089,"California","Shasta County",5,0,1729,862,867
050,06,089,"California","Shasta County",5,1,1818,914,904
050,06,089,"California","Shasta County",5,2,1804,902,902
050,06,089,"California","Shasta County",5,3,1960,999,961
050,06,089,"California","Shasta County",5,4,2069,1069,1000
050,06,089,"California","Shasta County",5,5,2046,1090,956
050,06,089,"California","Shasta County",5,6,2178,1109,1069
050,06,089,"California","Shasta County",5,7,2226,1150,1076
050,06,089,"California","Shasta County",5,8,2258,1165,1093
050,06,089,"California","Shasta County",5,9,2311,1193,1118
050,06,089,"California","Shasta County",5,10,2268,1152,1116
050,06,089,"California","Shasta County",5,11,2264,1181,1083
050,06,089,"California","Shasta County",5,12,2280,1182,1098
050,06,089,"California","Shasta County",5,13,2293,1186,1107
050,06,089,"California","Shasta County",5,14,2291,1152,1139
050,06,089,"California","Shasta County",5,15,2431,1242,1189
050,06,089,"California","Shasta County",5,16,2319,1184,1135
050,06,089,"California","Shasta County",5,17,2269,1156,1113
050,06,089,"California","Shasta County",5,18,1923,1011,912
050,06,089,"California","Shasta County",5,19,1636,855,781
050,06,089,"California","Shasta County",5,20,1777,920,857
050,06,089,"California","Shasta County",5,21,1851,960,891
050,06,089,"California","Shasta County",5,22,1857,941,916
050,06,089,"California","Shasta County",5,23,1981,1015,966
050,06,089,"California","Shasta County",5,24,1955,1024,931
050,06,089,"California","Shasta County",5,25,1992,1047,945
050,06,089,"California","Shasta County",5,26,2040,1017,1023
050,06,089,"California","Shasta County",5,27,2136,1109,1027
050,06,089,"California","Shasta County",5,28,2122,1106,1016
050,06,089,"California","Shasta County",5,29,2181,1114,1067
050,06,089,"California","Shasta County",5,30,2182,1098,1084
050,06,089,"California","Shasta County",5,31,2375,1192,1183
050,06,089,"California","Shasta County",5,32,2461,1204,1257
050,06,089,"California","Shasta County",5,33,2541,1292,1249
050,06,089,"California","Shasta County",5,34,2454,1227,1227
050,06,089,"California","Shasta County",5,35,2388,1197,1191
050,06,089,"California","Shasta County",5,36,2368,1201,1167
050,06,089,"California","Shasta County",5,37,2475,1278,1197
050,06,089,"California","Shasta County",5,38,2437,1234,1203
050,06,089,"California","Shasta County",5,39,2454,1213,1241
050,06,089,"California","Shasta County",5,40,2430,1162,1268
050,06,089,"California","Shasta County",5,41,2401,1162,1239
050,06,089,"California","Shasta County",5,42,2316,1142,1174
050,06,089,"California","Shasta County",5,43,2260,1137,1123
050,06,089,"California","Shasta County",5,44,2111,1100,1011
050,06,089,"California","Shasta County",5,45,2023,1025,998
050,06,089,"California","Shasta County",5,46,1949,982,967
050,06,089,"California","Shasta County",5,47,1855,922,933
050,06,089,"California","Shasta County",5,48,1810,897,913
050,06,089,"California","Shasta County",5,49,1781,877,904
050,06,089,"California","Shasta County",5,50,1794,887,907
050,06,089,"California","Shasta County",5,51,1877,929,948
050,06,089,"California","Shasta County",5,52,2114,1048,1066
050,06,089,"California","Shasta County",5,53,2142,1042,1100
050,06,089,"California","Shasta County",5,54,2055,996,1059
050,06,089,"California","Shasta County",5,55,2019,964,1055
050,06,089,"California","Shasta County",5,56,2079,1020,1059
050,06,089,"California","Shasta County",5,57,2114,1023,1091
050,06,089,"California","Shasta County",5,58,2272,1082,1190
050,06,089,"California","Shasta County",5,59,2391,1141,1250
050,06,089,"California","Shasta County",5,60,2463,1179,1284
050,06,089,"California","Shasta County",5,61,2582,1246,1336
050,06,089,"California","Shasta County",5,62,2599,1261,1338
050,06,089,"California","Shasta County",5,63,2559,1241,1318
050,06,089,"California","Shasta County",5,64,2487,1176,1311
050,06,089,"California","Shasta County",5,65,2540,1178,1362
050,06,089,"California","Shasta County",5,66,2429,1128,1301
050,06,089,"California","Shasta County",5,67,2437,1149,1288
050,06,089,"California","Shasta County",5,68,2397,1116,1281
050,06,089,"California","Shasta County",5,69,2414,1129,1285
050,06,089,"California","Shasta County",5,70,2260,1080,1180
050,06,089,"California","Shasta County",5,71,2212,1042,1170
050,06,089,"California","Shasta County",5,72,2121,974,1147
050,06,089,"California","Shasta County",5,73,2023,958,1065
050,06,089,"California","Shasta County",5,74,1992,928,1064
050,06,089,"California","Shasta County",5,75,1909,885,1024
050,06,089,"California","Shasta County",5,76,2058,961,1097
050,06,089,"California","Shasta County",5,77,1384,637,747
050,06,089,"California","Shasta County",5,78,1338,599,739
050,06,089,"California","Shasta County",5,79,1296,585,711
050,06,089,"California","Shasta County",5,80,1267,569,698
050,06,089,"California","Shasta County",5,81,1091,514,577
050,06,089,"California","Shasta County",5,82,945,425,520
050,06,089,"California","Shasta County",5,83,786,353,433
050,06,089,"California","Shasta County",5,84,761,319,442
050,06,089,"California","Shasta County",5,85,3823,1456,2367
050,06,091,"California","Sierra County",1,0,21,11,10
050,06,091,"California","Sierra County",1,1,32,21,11
050,06,091,"California","Sierra County",1,2,26,10,16
050,06,091,"California","Sierra County",1,3,37,17,20
050,06,091,"California","Sierra County",1,4,31,14,17
050,06,091,"California","Sierra County",1,5,29,16,13
050,06,091,"California","Sierra County",1,6,29,21,8
050,06,091,"California","Sierra County",1,7,29,15,14
050,06,091,"California","Sierra County",1,8,25,14,11
050,06,091,"California","Sierra County",1,9,25,12,13
050,06,091,"California","Sierra County",1,10,30,16,14
050,06,091,"California","Sierra County",1,11,37,21,16
050,06,091,"California","Sierra County",1,12,31,10,21
050,06,091,"California","Sierra County",1,13,35,16,19
050,06,091,"California","Sierra County",1,14,38,16,22
050,06,091,"California","Sierra County",1,15,29,17,12
050,06,091,"California","Sierra County",1,16,32,19,13
050,06,091,"California","Sierra County",1,17,33,21,12
050,06,091,"California","Sierra County",1,18,28,17,11
050,06,091,"California","Sierra County",1,19,19,11,8
050,06,091,"California","Sierra County",1,20,21,12,9
050,06,091,"California","Sierra County",1,21,13,8,5
050,06,091,"California","Sierra County",1,22,16,8,8
050,06,091,"California","Sierra County",1,23,26,16,10
050,06,091,"California","Sierra County",1,24,20,13,7
050,06,091,"California","Sierra County",1,25,27,14,13
050,06,091,"California","Sierra County",1,26,26,15,11
050,06,091,"California","Sierra County",1,27,32,19,13
050,06,091,"California","Sierra County",1,28,23,14,9
050,06,091,"California","Sierra County",1,29,24,16,8
050,06,091,"California","Sierra County",1,30,22,9,13
050,06,091,"California","Sierra County",1,31,23,10,13
050,06,091,"California","Sierra County",1,32,21,12,9
050,06,091,"California","Sierra County",1,33,28,13,15
050,06,091,"California","Sierra County",1,34,30,19,11
050,06,091,"California","Sierra County",1,35,33,15,18
050,06,091,"California","Sierra County",1,36,32,10,22
050,06,091,"California","Sierra County",1,37,30,16,14
050,06,091,"California","Sierra County",1,38,35,18,17
050,06,091,"California","Sierra County",1,39,41,18,23
050,06,091,"California","Sierra County",1,40,47,25,22
050,06,091,"California","Sierra County",1,41,28,16,12
050,06,091,"California","Sierra County",1,42,32,16,16
050,06,091,"California","Sierra County",1,43,41,22,19
050,06,091,"California","Sierra County",1,44,40,21,19
050,06,091,"California","Sierra County",1,45,40,17,23
050,06,091,"California","Sierra County",1,46,27,10,17
050,06,091,"California","Sierra County",1,47,28,14,14
050,06,091,"California","Sierra County",1,48,36,22,14
050,06,091,"California","Sierra County",1,49,33,12,21
050,06,091,"California","Sierra County",1,50,39,20,19
050,06,091,"California","Sierra County",1,51,37,17,20
050,06,091,"California","Sierra County",1,52,34,20,14
050,06,091,"California","Sierra County",1,53,39,23,16
050,06,091,"California","Sierra County",1,54,38,21,17
050,06,091,"California","Sierra County",1,55,37,13,24
050,06,091,"California","Sierra County",1,56,40,19,21
050,06,091,"California","Sierra County",1,57,61,34,27
050,06,091,"California","Sierra County",1,58,62,28,34
050,06,091,"California","Sierra County",1,59,62,36,26
050,06,091,"California","Sierra County",1,60,68,41,27
050,06,091,"California","Sierra County",1,61,60,26,34
050,06,091,"California","Sierra County",1,62,79,35,44
050,06,091,"California","Sierra County",1,63,56,27,29
050,06,091,"California","Sierra County",1,64,60,29,31
050,06,091,"California","Sierra County",1,65,57,31,26
050,06,091,"California","Sierra County",1,66,61,30,31
050,06,091,"California","Sierra County",1,67,72,38,34
050,06,091,"California","Sierra County",1,68,65,33,32
050,06,091,"California","Sierra County",1,69,71,39,32
050,06,091,"California","Sierra County",1,70,69,31,38
050,06,091,"California","Sierra County",1,71,69,35,34
050,06,091,"California","Sierra County",1,72,57,32,25
050,06,091,"California","Sierra County",1,73,61,30,31
050,06,091,"California","Sierra County",1,74,43,22,21
050,06,091,"California","Sierra County",1,75,36,17,19
050,06,091,"California","Sierra County",1,76,42,19,23
050,06,091,"California","Sierra County",1,77,40,23,17
050,06,091,"California","Sierra County",1,78,33,17,16
050,06,091,"California","Sierra County",1,79,30,15,15
050,06,091,"California","Sierra County",1,80,27,13,14
050,06,091,"California","Sierra County",1,81,23,13,10
050,06,091,"California","Sierra County",1,82,14,6,8
050,06,091,"California","Sierra County",1,83,18,6,12
050,06,091,"California","Sierra County",1,84,14,3,11
050,06,091,"California","Sierra County",1,85,86,38,48
050,06,091,"California","Sierra County",2,0,24,12,12
050,06,091,"California","Sierra County",2,1,29,18,11
050,06,091,"California","Sierra County",2,2,28,13,15
050,06,091,"California","Sierra County",2,3,35,15,20
050,06,091,"California","Sierra County",2,4,32,15,17
050,06,091,"California","Sierra County",2,5,30,17,13
050,06,091,"California","Sierra County",2,6,27,19,8
050,06,091,"California","Sierra County",2,7,29,16,13
050,06,091,"California","Sierra County",2,8,25,14,11
050,06,091,"California","Sierra County",2,9,25,13,12
050,06,091,"California","Sierra County",2,10,29,15,14
050,06,091,"California","Sierra County",2,11,36,21,15
050,06,091,"California","Sierra County",2,12,32,11,21
050,06,091,"California","Sierra County",2,13,35,15,20
050,06,091,"California","Sierra County",2,14,37,16,21
050,06,091,"California","Sierra County",2,15,31,16,15
050,06,091,"California","Sierra County",2,16,32,20,12
050,06,091,"California","Sierra County",2,17,32,20,12
050,06,091,"California","Sierra County",2,18,28,17,11
050,06,091,"California","Sierra County",2,19,20,12,8
050,06,091,"California","Sierra County",2,20,19,11,8
050,06,091,"California","Sierra County",2,21,14,8,6
050,06,091,"California","Sierra County",2,22,15,8,7
050,06,091,"California","Sierra County",2,23,24,14,10
050,06,091,"California","Sierra County",2,24,21,13,8
050,06,091,"California","Sierra County",2,25,25,14,11
050,06,091,"California","Sierra County",2,26,27,15,12
050,06,091,"California","Sierra County",2,27,29,17,12
050,06,091,"California","Sierra County",2,28,24,14,10
050,06,091,"California","Sierra County",2,29,24,16,8
050,06,091,"California","Sierra County",2,30,22,10,12
050,06,091,"California","Sierra County",2,31,24,11,13
050,06,091,"California","Sierra County",2,32,22,12,10
050,06,091,"California","Sierra County",2,33,26,13,13
050,06,091,"California","Sierra County",2,34,32,19,13
050,06,091,"California","Sierra County",2,35,33,16,17
050,06,091,"California","Sierra County",2,36,33,12,21
050,06,091,"California","Sierra County",2,37,31,15,16
050,06,091,"California","Sierra County",2,38,35,18,17
050,06,091,"California","Sierra County",2,39,40,18,22
050,06,091,"California","Sierra County",2,40,46,23,23
050,06,091,"California","Sierra County",2,41,34,19,15
050,06,091,"California","Sierra County",2,42,30,17,13
050,06,091,"California","Sierra County",2,43,39,20,19
050,06,091,"California","Sierra County",2,44,39,20,19
050,06,091,"California","Sierra County",2,45,42,19,23
050,06,091,"California","Sierra County",2,46,30,12,18
050,06,091,"California","Sierra County",2,47,28,13,15
050,06,091,"California","Sierra County",2,48,34,20,14
050,06,091,"California","Sierra County",2,49,34,15,19
050,06,091,"California","Sierra County",2,50,38,18,20
050,06,091,"California","Sierra County",2,51,37,18,19
050,06,091,"California","Sierra County",2,52,35,20,15
050,06,091,"California","Sierra County",2,53,37,22,15
050,06,091,"California","Sierra County",2,54,37,21,16
050,06,091,"California","Sierra County",2,55,37,14,23
050,06,091,"California","Sierra County",2,56,40,18,22
050,06,091,"California","Sierra County",2,57,54,30,24
050,06,091,"California","Sierra County",2,58,62,29,33
050,06,091,"California","Sierra County",2,59,63,34,29
050,06,091,"California","Sierra County",2,60,66,39,27
050,06,091,"California","Sierra County",2,61,61,29,32
050,06,091,"California","Sierra County",2,62,75,33,42
050,06,091,"California","Sierra County",2,63,63,29,34
050,06,091,"California","Sierra County",2,64,57,28,29
050,06,091,"California","Sierra County",2,65,58,31,27
050,06,091,"California","Sierra County",2,66,60,29,31
050,06,091,"California","Sierra County",2,67,69,37,32
050,06,091,"California","Sierra County",2,68,65,33,32
050,06,091,"California","Sierra County",2,69,70,38,32
050,06,091,"California","Sierra County",2,70,69,33,36
050,06,091,"California","Sierra County",2,71,70,34,36
050,06,091,"California","Sierra County",2,72,58,31,27
050,06,091,"California","Sierra County",2,73,61,31,30
050,06,091,"California","Sierra County",2,74,43,22,21
050,06,091,"California","Sierra County",2,75,39,19,20
050,06,091,"California","Sierra County",2,76,40,19,21
050,06,091,"California","Sierra County",2,77,41,22,19
050,06,091,"California","Sierra County",2,78,34,18,16
050,06,091,"California","Sierra County",2,79,31,16,15
050,06,091,"California","Sierra County",2,80,27,14,13
050,06,091,"California","Sierra County",2,81,23,12,11
050,06,091,"California","Sierra County",2,82,15,7,8
050,06,091,"California","Sierra County",2,83,17,6,11
050,06,091,"California","Sierra County",2,84,14,4,10
050,06,091,"California","Sierra County",2,85,87,37,50
050,06,091,"California","Sierra County",3,0,24,11,13
050,06,091,"California","Sierra County",3,1,33,17,16
050,06,091,"California","Sierra County",3,2,29,18,11
050,06,091,"California","Sierra County",3,3,26,12,14
050,06,091,"California","Sierra County",3,4,37,13,24
050,06,091,"California","Sierra County",3,5,35,17,18
050,06,091,"California","Sierra County",3,6,30,17,13
050,06,091,"California","Sierra County",3,7,24,18,6
050,06,091,"California","Sierra County",3,8,34,16,18
050,06,091,"California","Sierra County",3,9,25,12,13
050,06,091,"California","Sierra County",3,10,30,15,15
050,06,091,"California","Sierra County",3,11,30,15,15
050,06,091,"California","Sierra County",3,12,41,19,22
050,06,091,"California","Sierra County",3,13,31,10,21
050,06,091,"California","Sierra County",3,14,31,14,17
050,06,091,"California","Sierra County",3,15,40,17,23
050,06,091,"California","Sierra County",3,16,29,16,13
050,06,091,"California","Sierra County",3,17,31,19,12
050,06,091,"California","Sierra County",3,18,27,18,9
050,06,091,"California","Sierra County",3,19,21,14,7
050,06,091,"California","Sierra County",3,20,22,13,9
050,06,091,"California","Sierra County",3,21,20,11,9
050,06,091,"California","Sierra County",3,22,15,7,8
050,06,091,"California","Sierra County",3,23,16,6,10
050,06,091,"California","Sierra County",3,24,25,13,12
050,06,091,"California","Sierra County",3,25,18,15,3
050,06,091,"California","Sierra County",3,26,27,16,11
050,06,091,"California","Sierra County",3,27,27,15,12
050,06,091,"California","Sierra County",3,28,34,18,16
050,06,091,"California","Sierra County",3,29,26,13,13
050,06,091,"California","Sierra County",3,30,28,18,10
050,06,091,"California","Sierra County",3,31,29,14,15
050,06,091,"California","Sierra County",3,32,28,14,14
050,06,091,"California","Sierra County",3,33,22,11,11
050,06,091,"California","Sierra County",3,34,30,16,14
050,06,091,"California","Sierra County",3,35,36,20,16
050,06,091,"California","Sierra County",3,36,34,16,18
050,06,091,"California","Sierra County",3,37,27,10,17
050,06,091,"California","Sierra County",3,38,37,18,19
050,06,091,"California","Sierra County",3,39,39,24,15
050,06,091,"California","Sierra County",3,40,37,15,22
050,06,091,"California","Sierra County",3,41,52,26,26
050,06,091,"California","Sierra County",3,42,43,22,21
050,06,091,"California","Sierra County",3,43,27,15,12
050,06,091,"California","Sierra County",3,44,39,20,19
050,06,091,"California","Sierra County",3,45,42,22,20
050,06,091,"California","Sierra County",3,46,41,20,21
050,06,091,"California","Sierra County",3,47,32,13,19
050,06,091,"California","Sierra County",3,48,27,10,17
050,06,091,"California","Sierra County",3,49,32,18,14
050,06,091,"California","Sierra County",3,50,36,15,21
050,06,091,"California","Sierra County",3,51,39,19,20
050,06,091,"California","Sierra County",3,52,40,21,19
050,06,091,"California","Sierra County",3,53,36,19,17
050,06,091,"California","Sierra County",3,54,41,24,17
050,06,091,"California","Sierra County",3,55,40,22,18
050,06,091,"California","Sierra County",3,56,38,16,22
050,06,091,"California","Sierra County",3,57,44,21,23
050,06,091,"California","Sierra County",3,58,58,31,27
050,06,091,"California","Sierra County",3,59,63,28,35
050,06,091,"California","Sierra County",3,60,65,32,33
050,06,091,"California","Sierra County",3,61,58,35,23
050,06,091,"California","Sierra County",3,62,70,35,35
050,06,091,"California","Sierra County",3,63,74,32,42
050,06,091,"California","Sierra County",3,64,62,30,32
050,06,091,"California","Sierra County",3,65,60,31,29
050,06,091,"California","Sierra County",3,66,56,29,27
050,06,091,"California","Sierra County",3,67,56,25,31
050,06,091,"California","Sierra County",3,68,68,36,32
050,06,091,"California","Sierra County",3,69,62,33,29
050,06,091,"California","Sierra County",3,70,64,34,30
050,06,091,"California","Sierra County",3,71,67,32,35
050,06,091,"California","Sierra County",3,72,72,36,36
050,06,091,"California","Sierra County",3,73,58,30,28
050,06,091,"California","Sierra County",3,74,60,31,29
050,06,091,"California","Sierra County",3,75,42,21,21
050,06,091,"California","Sierra County",3,76,39,19,20
050,06,091,"California","Sierra County",3,77,36,16,20
050,06,091,"California","Sierra County",3,78,40,22,18
050,06,091,"California","Sierra County",3,79,35,18,17
050,06,091,"California","Sierra County",3,80,29,17,12
050,06,091,"California","Sierra County",3,81,24,11,13
050,06,091,"California","Sierra County",3,82,19,12,7
050,06,091,"California","Sierra County",3,83,15,6,9
050,06,091,"California","Sierra County",3,84,15,6,9
050,06,091,"California","Sierra County",3,85,93,36,57
050,06,091,"California","Sierra County",4,0,25,12,13
050,06,091,"California","Sierra County",4,1,22,11,11
050,06,091,"California","Sierra County",4,2,36,18,18
050,06,091,"California","Sierra County",4,3,28,17,11
050,06,091,"California","Sierra County",4,4,28,13,15
050,06,091,"California","Sierra County",4,5,33,13,20
050,06,091,"California","Sierra County",4,6,36,16,20
050,06,091,"California","Sierra County",4,7,31,17,14
050,06,091,"California","Sierra County",4,8,24,17,7
050,06,091,"California","Sierra County",4,9,32,17,15
050,06,091,"California","Sierra County",4,10,21,11,10
050,06,091,"California","Sierra County",4,11,25,15,10
050,06,091,"California","Sierra County",4,12,32,16,16
050,06,091,"California","Sierra County",4,13,33,18,15
050,06,091,"California","Sierra County",4,14,32,11,21
050,06,091,"California","Sierra County",4,15,31,14,17
050,06,091,"California","Sierra County",4,16,38,15,23
050,06,091,"California","Sierra County",4,17,26,17,9
050,06,091,"California","Sierra County",4,18,27,17,10
050,06,091,"California","Sierra County",4,19,20,15,5
050,06,091,"California","Sierra County",4,20,21,14,7
050,06,091,"California","Sierra County",4,21,24,14,10
050,06,091,"California","Sierra County",4,22,20,12,8
050,06,091,"California","Sierra County",4,23,10,6,4
050,06,091,"California","Sierra County",4,24,15,5,10
050,06,091,"California","Sierra County",4,25,23,12,11
050,06,091,"California","Sierra County",4,26,19,16,3
050,06,091,"California","Sierra County",4,27,24,13,11
050,06,091,"California","Sierra County",4,28,27,14,13
050,06,091,"California","Sierra County",4,29,31,14,17
050,06,091,"California","Sierra County",4,30,25,11,14
050,06,091,"California","Sierra County",4,31,25,18,7
050,06,091,"California","Sierra County",4,32,28,14,14
050,06,091,"California","Sierra County",4,33,28,13,15
050,06,091,"California","Sierra County",4,34,23,9,14
050,06,091,"California","Sierra County",4,35,31,14,17
050,06,091,"California","Sierra County",4,36,38,23,15
050,06,091,"California","Sierra County",4,37,34,19,15
050,06,091,"California","Sierra County",4,38,27,10,17
050,06,091,"California","Sierra County",4,39,38,19,19
050,06,091,"California","Sierra County",4,40,40,22,18
050,06,091,"California","Sierra County",4,41,36,14,22
050,06,091,"California","Sierra County",4,42,45,25,20
050,06,091,"California","Sierra County",4,43,40,19,21
050,06,091,"California","Sierra County",4,44,30,15,15
050,06,091,"California","Sierra County",4,45,35,20,15
050,06,091,"California","Sierra County",4,46,43,21,22
050,06,091,"California","Sierra County",4,47,40,19,21
050,06,091,"California","Sierra County",4,48,34,15,19
050,06,091,"California","Sierra County",4,49,27,10,17
050,06,091,"California","Sierra County",4,50,33,17,16
050,06,091,"California","Sierra County",4,51,40,17,23
050,06,091,"California","Sierra County",4,52,41,23,18
050,06,091,"California","Sierra County",4,53,39,20,19
050,06,091,"California","Sierra County",4,54,36,16,20
050,06,091,"California","Sierra County",4,55,43,24,19
050,06,091,"California","Sierra County",4,56,37,21,16
050,06,091,"California","Sierra County",4,57,37,16,21
050,06,091,"California","Sierra County",4,58,47,23,24
050,06,091,"California","Sierra County",4,59,55,30,25
050,06,091,"California","Sierra County",4,60,70,31,39
050,06,091,"California","Sierra County",4,61,65,33,32
050,06,091,"California","Sierra County",4,62,59,34,25
050,06,091,"California","Sierra County",4,63,68,35,33
050,06,091,"California","Sierra County",4,64,73,30,43
050,06,091,"California","Sierra County",4,65,59,29,30
050,06,091,"California","Sierra County",4,66,59,30,29
050,06,091,"California","Sierra County",4,67,54,28,26
050,06,091,"California","Sierra County",4,68,56,25,31
050,06,091,"California","Sierra County",4,69,64,34,30
050,06,091,"California","Sierra County",4,70,59,30,29
050,06,091,"California","Sierra County",4,71,63,34,29
050,06,091,"California","Sierra County",4,72,62,32,30
050,06,091,"California","Sierra County",4,73,71,35,36
050,06,091,"California","Sierra County",4,74,55,29,26
050,06,091,"California","Sierra County",4,75,60,30,30
050,06,091,"California","Sierra County",4,76,43,22,21
050,06,091,"California","Sierra County",4,77,33,15,18
050,06,091,"California","Sierra County",4,78,31,14,17
050,06,091,"California","Sierra County",4,79,40,22,18
050,06,091,"California","Sierra County",4,80,35,20,15
050,06,091,"California","Sierra County",4,81,26,15,11
050,06,091,"California","Sierra County",4,82,22,11,11
050,06,091,"California","Sierra County",4,83,19,11,8
050,06,091,"California","Sierra County",4,84,10,4,6
050,06,091,"California","Sierra County",4,85,97,34,63
050,06,091,"California","Sierra County",5,0,23,11,12
050,06,091,"California","Sierra County",5,1,22,9,13
050,06,091,"California","Sierra County",5,2,21,11,10
050,06,091,"California","Sierra County",5,3,29,13,16
050,06,091,"California","Sierra County",5,4,27,15,12
050,06,091,"California","Sierra County",5,5,26,11,15
050,06,091,"California","Sierra County",5,6,34,16,18
050,06,091,"California","Sierra County",5,7,34,14,20
050,06,091,"California","Sierra County",5,8,33,19,14
050,06,091,"California","Sierra County",5,9,28,21,7
050,06,091,"California","Sierra County",5,10,34,17,17
050,06,091,"California","Sierra County",5,11,22,9,13
050,06,091,"California","Sierra County",5,12,28,15,13
050,06,091,"California","Sierra County",5,13,32,18,14
050,06,091,"California","Sierra County",5,14,34,20,14
050,06,091,"California","Sierra County",5,15,32,11,21
050,06,091,"California","Sierra County",5,16,32,16,16
050,06,091,"California","Sierra County",5,17,39,15,24
050,06,091,"California","Sierra County",5,18,22,14,8
050,06,091,"California","Sierra County",5,19,20,13,7
050,06,091,"California","Sierra County",5,20,20,14,6
050,06,091,"California","Sierra County",5,21,16,10,6
050,06,091,"California","Sierra County",5,22,22,14,8
050,06,091,"California","Sierra County",5,23,21,13,8
050,06,091,"California","Sierra County",5,24,8,4,4
050,06,091,"California","Sierra County",5,25,18,8,10
050,06,091,"California","Sierra County",5,26,21,11,10
050,06,091,"California","Sierra County",5,27,18,14,4
050,06,091,"California","Sierra County",5,28,24,14,10
050,06,091,"California","Sierra County",5,29,22,12,10
050,06,091,"California","Sierra County",5,30,33,15,18
050,06,091,"California","Sierra County",5,31,27,13,14
050,06,091,"California","Sierra County",5,32,32,20,12
050,06,091,"California","Sierra County",5,33,30,14,16
050,06,091,"California","Sierra County",5,34,27,13,14
050,06,091,"California","Sierra County",5,35,26,11,15
050,06,091,"California","Sierra County",5,36,32,18,14
050,06,091,"California","Sierra County",5,37,43,26,17
050,06,091,"California","Sierra County",5,38,36,19,17
050,06,091,"California","Sierra County",5,39,28,12,16
050,06,091,"California","Sierra County",5,40,41,20,21
050,06,091,"California","Sierra County",5,41,35,19,16
050,06,091,"California","Sierra County",5,42,39,15,24
050,06,091,"California","Sierra County",5,43,43,23,20
050,06,091,"California","Sierra County",5,44,36,16,20
050,06,091,"California","Sierra County",5,45,30,15,15
050,06,091,"California","Sierra County",5,46,36,21,15
050,06,091,"California","Sierra County",5,47,44,20,24
050,06,091,"California","Sierra County",5,48,42,21,21
050,06,091,"California","Sierra County",5,49,36,15,21
050,06,091,"California","Sierra County",5,50,27,10,17
050,06,091,"California","Sierra County",5,51,34,19,15
050,06,091,"California","Sierra County",5,52,39,19,20
050,06,091,"California","Sierra County",5,53,40,22,18
050,06,091,"California","Sierra County",5,54,40,20,20
050,06,091,"California","Sierra County",5,55,39,19,20
050,06,091,"California","Sierra County",5,56,42,25,17
050,06,091,"California","Sierra County",5,57,34,19,15
050,06,091,"California","Sierra County",5,58,36,16,20
050,06,091,"California","Sierra County",5,59,48,24,24
050,06,091,"California","Sierra County",5,60,62,32,30
050,06,091,"California","Sierra County",5,61,65,27,38
050,06,091,"California","Sierra County",5,62,62,30,32
050,06,091,"California","Sierra County",5,63,60,35,25
050,06,091,"California","Sierra County",5,64,71,37,34
050,06,091,"California","Sierra County",5,65,77,32,45
050,06,091,"California","Sierra County",5,66,60,30,30
050,06,091,"California","Sierra County",5,67,53,28,25
050,06,091,"California","Sierra County",5,68,56,30,26
050,06,091,"California","Sierra County",5,69,53,24,29
050,06,091,"California","Sierra County",5,70,60,31,29
050,06,091,"California","Sierra County",5,71,58,27,31
050,06,091,"California","Sierra County",5,72,62,34,28
050,06,091,"California","Sierra County",5,73,60,30,30
050,06,091,"California","Sierra County",5,74,69,32,37
050,06,091,"California","Sierra County",5,75,53,27,26
050,06,091,"California","Sierra County",5,76,61,30,31
050,06,091,"California","Sierra County",5,77,35,16,19
050,06,091,"California","Sierra County",5,78,29,15,14
050,06,091,"California","Sierra County",5,79,32,14,18
050,06,091,"California","Sierra County",5,80,36,22,14
050,06,091,"California","Sierra County",5,81,33,18,15
050,06,091,"California","Sierra County",5,82,25,15,10
050,06,091,"California","Sierra County",5,83,21,10,11
050,06,091,"California","Sierra County",5,84,17,10,7
050,06,091,"California","Sierra County",5,85,93,32,61
050,06,093,"California","Siskiyou County",1,0,385,195,190
050,06,093,"California","Siskiyou County",1,1,419,213,206
050,06,093,"California","Siskiyou County",1,2,456,237,219
050,06,093,"California","Siskiyou County",1,3,476,255,221
050,06,093,"California","Siskiyou County",1,4,453,244,209
050,06,093,"California","Siskiyou County",1,5,470,246,224
050,06,093,"California","Siskiyou County",1,6,483,234,249
050,06,093,"California","Siskiyou County",1,7,499,241,258
050,06,093,"California","Siskiyou County",1,8,514,246,268
050,06,093,"California","Siskiyou County",1,9,507,247,260
050,06,093,"California","Siskiyou County",1,10,514,248,266
050,06,093,"California","Siskiyou County",1,11,577,308,269
050,06,093,"California","Siskiyou County",1,12,585,330,255
050,06,093,"California","Siskiyou County",1,13,569,305,264
050,06,093,"California","Siskiyou County",1,14,540,283,257
050,06,093,"California","Siskiyou County",1,15,520,267,253
050,06,093,"California","Siskiyou County",1,16,533,274,259
050,06,093,"California","Siskiyou County",1,17,488,259,229
050,06,093,"California","Siskiyou County",1,18,461,253,208
050,06,093,"California","Siskiyou County",1,19,426,237,189
050,06,093,"California","Siskiyou County",1,20,410,225,185
050,06,093,"California","Siskiyou County",1,21,402,205,197
050,06,093,"California","Siskiyou County",1,22,387,210,177
050,06,093,"California","Siskiyou County",1,23,402,227,175
050,06,093,"California","Siskiyou County",1,24,400,214,186
050,06,093,"California","Siskiyou County",1,25,391,194,197
050,06,093,"California","Siskiyou County",1,26,417,226,191
050,06,093,"California","Siskiyou County",1,27,402,204,198
050,06,093,"California","Siskiyou County",1,28,459,232,227
050,06,093,"California","Siskiyou County",1,29,427,206,221
050,06,093,"California","Siskiyou County",1,30,457,252,205
050,06,093,"California","Siskiyou County",1,31,435,222,213
050,06,093,"California","Siskiyou County",1,32,469,236,233
050,06,093,"California","Siskiyou County",1,33,451,228,223
050,06,093,"California","Siskiyou County",1,34,454,232,222
050,06,093,"California","Siskiyou County",1,35,507,270,237
050,06,093,"California","Siskiyou County",1,36,502,250,252
050,06,093,"California","Siskiyou County",1,37,522,241,281
050,06,093,"California","Siskiyou County",1,38,491,242,249
050,06,093,"California","Siskiyou County",1,39,490,242,248
050,06,093,"California","Siskiyou County",1,40,495,257,238
050,06,093,"California","Siskiyou County",1,41,432,232,200
050,06,093,"California","Siskiyou County",1,42,413,199,214
050,06,093,"California","Siskiyou County",1,43,402,201,201
050,06,093,"California","Siskiyou County",1,44,413,203,210
050,06,093,"California","Siskiyou County",1,45,406,222,184
050,06,093,"California","Siskiyou County",1,46,420,231,189
050,06,093,"California","Siskiyou County",1,47,411,212,199
050,06,093,"California","Siskiyou County",1,48,471,240,231
050,06,093,"California","Siskiyou County",1,49,516,246,270
050,06,093,"California","Siskiyou County",1,50,537,271,266
050,06,093,"California","Siskiyou County",1,51,499,252,247
050,06,093,"California","Siskiyou County",1,52,457,225,232
050,06,093,"California","Siskiyou County",1,53,467,204,263
050,06,093,"California","Siskiyou County",1,54,452,207,245
050,06,093,"California","Siskiyou County",1,55,508,244,264
050,06,093,"California","Siskiyou County",1,56,581,290,291
050,06,093,"California","Siskiyou County",1,57,626,304,322
050,06,093,"California","Siskiyou County",1,58,667,322,345
050,06,093,"California","Siskiyou County",1,59,717,330,387
050,06,093,"California","Siskiyou County",1,60,682,310,372
050,06,093,"California","Siskiyou County",1,61,725,340,385
050,06,093,"California","Siskiyou County",1,62,802,378,424
050,06,093,"California","Siskiyou County",1,63,820,375,445
050,06,093,"California","Siskiyou County",1,64,809,387,422
050,06,093,"California","Siskiyou County",1,65,761,385,376
050,06,093,"California","Siskiyou County",1,66,791,366,425
050,06,093,"California","Siskiyou County",1,67,807,380,427
050,06,093,"California","Siskiyou County",1,68,832,412,420
050,06,093,"California","Siskiyou County",1,69,755,362,393
050,06,093,"California","Siskiyou County",1,70,738,380,358
050,06,093,"California","Siskiyou County",1,71,687,354,333
050,06,093,"California","Siskiyou County",1,72,691,341,350
050,06,093,"California","Siskiyou County",1,73,714,371,343
050,06,093,"California","Siskiyou County",1,74,464,237,227
050,06,093,"California","Siskiyou County",1,75,515,251,264
050,06,093,"California","Siskiyou County",1,76,483,237,246
050,06,093,"California","Siskiyou County",1,77,449,225,224
050,06,093,"California","Siskiyou County",1,78,399,209,190
050,06,093,"California","Siskiyou County",1,79,336,177,159
050,06,093,"California","Siskiyou County",1,80,279,144,135
050,06,093,"California","Siskiyou County",1,81,239,120,119
050,06,093,"California","Siskiyou County",1,82,212,102,110
050,06,093,"California","Siskiyou County",1,83,199,94,105
050,06,093,"California","Siskiyou County",1,84,196,81,115
050,06,093,"California","Siskiyou County",1,85,1052,426,626
050,06,093,"California","Siskiyou County",2,0,385,202,183
050,06,093,"California","Siskiyou County",2,1,414,211,203
050,06,093,"California","Siskiyou County",2,2,449,232,217
050,06,093,"California","Siskiyou County",2,3,461,245,216
050,06,093,"California","Siskiyou County",2,4,463,251,212
050,06,093,"California","Siskiyou County",2,5,465,244,221
050,06,093,"California","Siskiyou County",2,6,483,239,244
050,06,093,"California","Siskiyou County",2,7,495,240,255
050,06,093,"California","Siskiyou County",2,8,510,246,264
050,06,093,"California","Siskiyou County",2,9,508,247,261
050,06,093,"California","Siskiyou County",2,10,512,248,264
050,06,093,"California","Siskiyou County",2,11,557,292,265
050,06,093,"California","Siskiyou County",2,12,584,325,259
050,06,093,"California","Siskiyou County",2,13,576,313,263
050,06,093,"California","Siskiyou County",2,14,546,288,258
050,06,093,"California","Siskiyou County",2,15,527,272,255
050,06,093,"California","Siskiyou County",2,16,531,273,258
050,06,093,"California","Siskiyou County",2,17,495,260,235
050,06,093,"California","Siskiyou County",2,18,459,254,205
050,06,093,"California","Siskiyou County",2,19,414,232,182
050,06,093,"California","Siskiyou County",2,20,413,224,189
050,06,093,"California","Siskiyou County",2,21,394,204,190
050,06,093,"California","Siskiyou County",2,22,389,206,183
050,06,093,"California","Siskiyou County",2,23,398,223,175
050,06,093,"California","Siskiyou County",2,24,398,214,184
050,06,093,"California","Siskiyou County",2,25,398,202,196
050,06,093,"California","Siskiyou County",2,26,412,218,194
050,06,093,"California","Siskiyou County",2,27,408,209,199
050,06,093,"California","Siskiyou County",2,28,445,225,220
050,06,093,"California","Siskiyou County",2,29,435,211,224
050,06,093,"California","Siskiyou County",2,30,447,238,209
050,06,093,"California","Siskiyou County",2,31,440,228,212
050,06,093,"California","Siskiyou County",2,32,464,234,230
050,06,093,"California","Siskiyou County",2,33,450,229,221
050,06,093,"California","Siskiyou County",2,34,449,228,221
050,06,093,"California","Siskiyou County",2,35,496,262,234
050,06,093,"California","Siskiyou County",2,36,500,252,248
050,06,093,"California","Siskiyou County",2,37,517,242,275
050,06,093,"California","Siskiyou County",2,38,501,244,257
050,06,093,"California","Siskiyou County",2,39,490,241,249
050,06,093,"California","Siskiyou County",2,40,493,253,240
050,06,093,"California","Siskiyou County",2,41,447,238,209
050,06,093,"California","Siskiyou County",2,42,413,204,209
050,06,093,"California","Siskiyou County",2,43,407,203,204
050,06,093,"California","Siskiyou County",2,44,405,199,206
050,06,093,"California","Siskiyou County",2,45,413,222,191
050,06,093,"California","Siskiyou County",2,46,420,231,189
050,06,093,"California","Siskiyou County",2,47,412,214,198
050,06,093,"California","Siskiyou County",2,48,453,230,223
050,06,093,"California","Siskiyou County",2,49,511,249,262
050,06,093,"California","Siskiyou County",2,50,531,264,267
050,06,093,"California","Siskiyou County",2,51,508,256,252
050,06,093,"California","Siskiyou County",2,52,466,229,237
050,06,093,"California","Siskiyou County",2,53,464,209,255
050,06,093,"California","Siskiyou County",2,54,458,209,249
050,06,093,"California","Siskiyou County",2,55,493,235,258
050,06,093,"California","Siskiyou County",2,56,565,279,286
050,06,093,"California","Siskiyou County",2,57,618,300,318
050,06,093,"California","Siskiyou County",2,58,660,320,340
050,06,093,"California","Siskiyou County",2,59,708,327,381
050,06,093,"California","Siskiyou County",2,60,688,313,375
050,06,093,"California","Siskiyou County",2,61,710,330,380
050,06,093,"California","Siskiyou County",2,62,778,363,415
050,06,093,"California","Siskiyou County",2,63,816,380,436
050,06,093,"California","Siskiyou County",2,64,804,379,425
050,06,093,"California","Siskiyou County",2,65,775,387,388
050,06,093,"California","Siskiyou County",2,66,783,369,414
050,06,093,"California","Siskiyou County",2,67,800,377,423
050,06,093,"California","Siskiyou County",2,68,818,401,417
050,06,093,"California","Siskiyou County",2,69,777,378,399
050,06,093,"California","Siskiyou County",2,70,739,375,364
050,06,093,"California","Siskiyou County",2,71,694,359,335
050,06,093,"California","Siskiyou County",2,72,674,337,337
050,06,093,"California","Siskiyou County",2,73,740,378,362
050,06,093,"California","Siskiyou County",2,74,490,250,240
050,06,093,"California","Siskiyou County",2,75,501,245,256
050,06,093,"California","Siskiyou County",2,76,478,235,243
050,06,093,"California","Siskiyou County",2,77,464,231,233
050,06,093,"California","Siskiyou County",2,78,397,203,194
050,06,093,"California","Siskiyou County",2,79,344,179,165
050,06,093,"California","Siskiyou County",2,80,294,152,142
050,06,093,"California","Siskiyou County",2,81,245,126,119
050,06,093,"California","Siskiyou County",2,82,211,103,108
050,06,093,"California","Siskiyou County",2,83,199,95,104
050,06,093,"California","Siskiyou County",2,84,194,84,110
050,06,093,"California","Siskiyou County",2,85,1059,428,631
050,06,093,"California","Siskiyou County",3,0,424,214,210
050,06,093,"California","Siskiyou County",3,1,412,220,192
050,06,093,"California","Siskiyou County",3,2,415,217,198
050,06,093,"California","Siskiyou County",3,3,450,240,210
050,06,093,"California","Siskiyou County",3,4,471,250,221
050,06,093,"California","Siskiyou County",3,5,478,263,215
050,06,093,"California","Siskiyou County",3,6,467,247,220
050,06,093,"California","Siskiyou County",3,7,497,251,246
050,06,093,"California","Siskiyou County",3,8,499,239,260
050,06,093,"California","Siskiyou County",3,9,514,252,262
050,06,093,"California","Siskiyou County",3,10,510,241,269
050,06,093,"California","Siskiyou County",3,11,524,252,272
050,06,093,"California","Siskiyou County",3,12,555,285,270
050,06,093,"California","Siskiyou County",3,13,567,315,252
050,06,093,"California","Siskiyou County",3,14,585,318,267
050,06,093,"California","Siskiyou County",3,15,541,282,259
050,06,093,"California","Siskiyou County",3,16,527,274,253
050,06,093,"California","Siskiyou County",3,17,536,279,257
050,06,093,"California","Siskiyou County",3,18,460,248,212
050,06,093,"California","Siskiyou County",3,19,382,214,168
050,06,093,"California","Siskiyou County",3,20,380,193,187
050,06,093,"California","Siskiyou County",3,21,375,196,179
050,06,093,"California","Siskiyou County",3,22,410,211,199
050,06,093,"California","Siskiyou County",3,23,408,221,187
050,06,093,"California","Siskiyou County",3,24,396,221,175
050,06,093,"California","Siskiyou County",3,25,403,215,188
050,06,093,"California","Siskiyou County",3,26,396,203,193
050,06,093,"California","Siskiyou County",3,27,412,224,188
050,06,093,"California","Siskiyou County",3,28,422,213,209
050,06,093,"California","Siskiyou County",3,29,439,211,228
050,06,093,"California","Siskiyou County",3,30,463,228,235
050,06,093,"California","Siskiyou County",3,31,469,244,225
050,06,093,"California","Siskiyou County",3,32,465,244,221
050,06,093,"California","Siskiyou County",3,33,476,241,235
050,06,093,"California","Siskiyou County",3,34,453,227,226
050,06,093,"California","Siskiyou County",3,35,470,240,230
050,06,093,"California","Siskiyou County",3,36,507,267,240
050,06,093,"California","Siskiyou County",3,37,504,258,246
050,06,093,"California","Siskiyou County",3,38,528,248,280
050,06,093,"California","Siskiyou County",3,39,515,240,275
050,06,093,"California","Siskiyou County",3,40,502,249,253
050,06,093,"California","Siskiyou County",3,41,499,258,241
050,06,093,"California","Siskiyou County",3,42,452,234,218
050,06,093,"California","Siskiyou County",3,43,415,210,205
050,06,093,"California","Siskiyou County",3,44,413,199,214
050,06,093,"California","Siskiyou County",3,45,412,210,202
050,06,093,"California","Siskiyou County",3,46,428,233,195
050,06,093,"California","Siskiyou County",3,47,418,223,195
050,06,093,"California","Siskiyou County",3,48,414,215,199
050,06,093,"California","Siskiyou County",3,49,467,235,232
050,06,093,"California","Siskiyou County",3,50,508,248,260
050,06,093,"California","Siskiyou County",3,51,544,269,275
050,06,093,"California","Siskiyou County",3,52,523,260,263
050,06,093,"California","Siskiyou County",3,53,474,227,247
050,06,093,"California","Siskiyou County",3,54,467,207,260
050,06,093,"California","Siskiyou County",3,55,471,214,257
050,06,093,"California","Siskiyou County",3,56,500,235,265
050,06,093,"California","Siskiyou County",3,57,583,280,303
050,06,093,"California","Siskiyou County",3,58,609,296,313
050,06,093,"California","Siskiyou County",3,59,665,325,340
050,06,093,"California","Siskiyou County",3,60,707,326,381
050,06,093,"California","Siskiyou County",3,61,693,321,372
050,06,093,"California","Siskiyou County",3,62,728,336,392
050,06,093,"California","Siskiyou County",3,63,761,364,397
050,06,093,"California","Siskiyou County",3,64,804,369,435
050,06,093,"California","Siskiyou County",3,65,793,361,432
050,06,093,"California","Siskiyou County",3,66,748,370,378
050,06,093,"California","Siskiyou County",3,67,766,362,404
050,06,093,"California","Siskiyou County",3,68,790,375,415
050,06,093,"California","Siskiyou County",3,69,805,396,409
050,06,093,"California","Siskiyou County",3,70,756,367,389
050,06,093,"California","Siskiyou County",3,71,727,374,353
050,06,093,"California","Siskiyou County",3,72,677,354,323
050,06,093,"California","Siskiyou County",3,73,660,331,329
050,06,093,"California","Siskiyou County",3,74,724,362,362
050,06,093,"California","Siskiyou County",3,75,475,245,230
050,06,093,"California","Siskiyou County",3,76,478,234,244
050,06,093,"California","Siskiyou County",3,77,469,229,240
050,06,093,"California","Siskiyou County",3,78,441,221,220
050,06,093,"California","Siskiyou County",3,79,379,193,186
050,06,093,"California","Siskiyou County",3,80,340,171,169
050,06,093,"California","Siskiyou County",3,81,276,143,133
050,06,093,"California","Siskiyou County",3,82,221,110,111
050,06,093,"California","Siskiyou County",3,83,191,92,99
050,06,093,"California","Siskiyou County",3,84,181,81,100
050,06,093,"California","Siskiyou County",3,85,1080,445,635
050,06,093,"California","Siskiyou County",4,0,369,176,193
050,06,093,"California","Siskiyou County",4,1,412,207,205
050,06,093,"California","Siskiyou County",4,2,413,223,190
050,06,093,"California","Siskiyou County",4,3,424,219,205
050,06,093,"California","Siskiyou County",4,4,452,243,209
050,06,093,"California","Siskiyou County",4,5,481,257,224
050,06,093,"California","Siskiyou County",4,6,490,267,223
050,06,093,"California","Siskiyou County",4,7,474,246,228
050,06,093,"California","Siskiyou County",4,8,493,248,245
050,06,093,"California","Siskiyou County",4,9,515,248,267
050,06,093,"California","Siskiyou County",4,10,514,258,256
050,06,093,"California","Siskiyou County",4,11,504,232,272
050,06,093,"California","Siskiyou County",4,12,513,255,258
050,06,093,"California","Siskiyou County",4,13,550,283,267
050,06,093,"California","Siskiyou County",4,14,561,309,252
050,06,093,"California","Siskiyou County",4,15,589,316,273
050,06,093,"California","Siskiyou County",4,16,536,281,255
050,06,093,"California","Siskiyou County",4,17,524,273,251
050,06,093,"California","Siskiyou County",4,18,501,285,216
050,06,093,"California","Siskiyou County",4,19,372,211,161
050,06,093,"California","Siskiyou County",4,20,368,203,165
050,06,093,"California","Siskiyou County",4,21,355,179,176
050,06,093,"California","Siskiyou County",4,22,394,203,191
050,06,093,"California","Siskiyou County",4,23,402,207,195
050,06,093,"California","Siskiyou County",4,24,407,216,191
050,06,093,"California","Siskiyou County",4,25,394,224,170
050,06,093,"California","Siskiyou County",4,26,383,215,168
050,06,093,"California","Siskiyou County",4,27,390,198,192
050,06,093,"California","Siskiyou County",4,28,412,224,188
050,06,093,"California","Siskiyou County",4,29,408,204,204
050,06,093,"California","Siskiyou County",4,30,438,212,226
050,06,093,"California","Siskiyou County",4,31,460,227,233
050,06,093,"California","Siskiyou County",4,32,473,244,229
050,06,093,"California","Siskiyou County",4,33,456,235,221
050,06,093,"California","Siskiyou County",4,34,492,249,243
050,06,093,"California","Siskiyou County",4,35,461,229,232
050,06,093,"California","Siskiyou County",4,36,462,239,223
050,06,093,"California","Siskiyou County",4,37,503,267,236
050,06,093,"California","Siskiyou County",4,38,514,262,252
050,06,093,"California","Siskiyou County",4,39,537,251,286
050,06,093,"California","Siskiyou County",4,40,523,248,275
050,06,093,"California","Siskiyou County",4,41,508,251,257
050,06,093,"California","Siskiyou County",4,42,508,263,245
050,06,093,"California","Siskiyou County",4,43,445,231,214
050,06,093,"California","Siskiyou County",4,44,420,210,210
050,06,093,"California","Siskiyou County",4,45,419,197,222
050,06,093,"California","Siskiyou County",4,46,418,212,206
050,06,093,"California","Siskiyou County",4,47,431,231,200
050,06,093,"California","Siskiyou County",4,48,406,222,184
050,06,093,"California","Siskiyou County",4,49,410,212,198
050,06,093,"California","Siskiyou County",4,50,457,230,227
050,06,093,"California","Siskiyou County",4,51,507,243,264
050,06,093,"California","Siskiyou County",4,52,538,270,268
050,06,093,"California","Siskiyou County",4,53,526,255,271
050,06,093,"California","Siskiyou County",4,54,478,225,253
050,06,093,"California","Siskiyou County",4,55,471,213,258
050,06,093,"California","Siskiyou County",4,56,482,216,266
050,06,093,"California","Siskiyou County",4,57,520,238,282
050,06,093,"California","Siskiyou County",4,58,580,285,295
050,06,093,"California","Siskiyou County",4,59,613,301,312
050,06,093,"California","Siskiyou County",4,60,661,321,340
050,06,093,"California","Siskiyou County",4,61,697,318,379
050,06,093,"California","Siskiyou County",4,62,692,326,366
050,06,093,"California","Siskiyou County",4,63,738,340,398
050,06,093,"California","Siskiyou County",4,64,735,353,382
050,06,093,"California","Siskiyou County",4,65,785,361,424
050,06,093,"California","Siskiyou County",4,66,792,359,433
050,06,093,"California","Siskiyou County",4,67,726,361,365
050,06,093,"California","Siskiyou County",4,68,744,350,394
050,06,093,"California","Siskiyou County",4,69,783,369,414
050,06,093,"California","Siskiyou County",4,70,773,380,393
050,06,093,"California","Siskiyou County",4,71,728,352,376
050,06,093,"California","Siskiyou County",4,72,702,361,341
050,06,093,"California","Siskiyou County",4,73,653,339,314
050,06,093,"California","Siskiyou County",4,74,640,318,322
050,06,093,"California","Siskiyou County",4,75,699,354,345
050,06,093,"California","Siskiyou County",4,76,459,236,223
050,06,093,"California","Siskiyou County",4,77,461,221,240
050,06,093,"California","Siskiyou County",4,78,441,217,224
050,06,093,"California","Siskiyou County",4,79,421,211,210
050,06,093,"California","Siskiyou County",4,80,351,175,176
050,06,093,"California","Siskiyou County",4,81,321,161,160
050,06,093,"California","Siskiyou County",4,82,251,128,123
050,06,093,"California","Siskiyou County",4,83,211,103,108
050,06,093,"California","Siskiyou County",4,84,179,84,95
050,06,093,"California","Siskiyou County",4,85,1087,461,626
050,06,093,"California","Siskiyou County",5,0,322,155,167
050,06,093,"California","Siskiyou County",5,1,353,161,192
050,06,093,"California","Siskiyou County",5,2,385,189,196
050,06,093,"California","Siskiyou County",5,3,418,234,184
050,06,093,"California","Siskiyou County",5,4,415,212,203
050,06,093,"California","Siskiyou County",5,5,448,242,206
050,06,093,"California","Siskiyou County",5,6,465,247,218
050,06,093,"California","Siskiyou County",5,7,490,267,223
050,06,093,"California","Siskiyou County",5,8,467,236,231
050,06,093,"California","Siskiyou County",5,9,499,261,238
050,06,093,"California","Siskiyou County",5,10,501,241,260
050,06,093,"California","Siskiyou County",5,11,519,262,257
050,06,093,"California","Siskiyou County",5,12,507,235,272
050,06,093,"California","Siskiyou County",5,13,497,250,247
050,06,093,"California","Siskiyou County",5,14,533,279,254
050,06,093,"California","Siskiyou County",5,15,553,307,246
050,06,093,"California","Siskiyou County",5,16,570,302,268
050,06,093,"California","Siskiyou County",5,17,526,279,247
050,06,093,"California","Siskiyou County",5,18,476,259,217
050,06,093,"California","Siskiyou County",5,19,419,241,178
050,06,093,"California","Siskiyou County",5,20,367,202,165
050,06,093,"California","Siskiyou County",5,21,348,185,163
050,06,093,"California","Siskiyou County",5,22,362,177,185
050,06,093,"California","Siskiyou County",5,23,374,199,175
050,06,093,"California","Siskiyou County",5,24,389,205,184
050,06,093,"California","Siskiyou County",5,25,384,203,181
050,06,093,"California","Siskiyou County",5,26,373,223,150
050,06,093,"California","Siskiyou County",5,27,385,214,171
050,06,093,"California","Siskiyou County",5,28,360,191,169
050,06,093,"California","Siskiyou County",5,29,408,218,190
050,06,093,"California","Siskiyou County",5,30,412,208,204
050,06,093,"California","Siskiyou County",5,31,424,206,218
050,06,093,"California","Siskiyou County",5,32,469,231,238
050,06,093,"California","Siskiyou County",5,33,499,256,243
050,06,093,"California","Siskiyou County",5,34,456,230,226
050,06,093,"California","Siskiyou County",5,35,487,248,239
050,06,093,"California","Siskiyou County",5,36,452,217,235
050,06,093,"California","Siskiyou County",5,37,460,241,219
050,06,093,"California","Siskiyou County",5,38,499,264,235
050,06,093,"California","Siskiyou County",5,39,513,260,253
050,06,093,"California","Siskiyou County",5,40,538,261,277
050,06,093,"California","Siskiyou County",5,41,532,251,281
050,06,093,"California","Siskiyou County",5,42,499,249,250
050,06,093,"California","Siskiyou County",5,43,494,252,242
050,06,093,"California","Siskiyou County",5,44,441,227,214
050,06,093,"California","Siskiyou County",5,45,416,210,206
050,06,093,"California","Siskiyou County",5,46,423,203,220
050,06,093,"California","Siskiyou County",5,47,403,198,205
050,06,093,"California","Siskiyou County",5,48,413,217,196
050,06,093,"California","Siskiyou County",5,49,405,220,185
050,06,093,"California","Siskiyou County",5,50,405,210,195
050,06,093,"California","Siskiyou County",5,51,463,234,229
050,06,093,"California","Siskiyou County",5,52,500,237,263
050,06,093,"California","Siskiyou County",5,53,545,282,263
050,06,093,"California","Siskiyou County",5,54,528,250,278
050,06,093,"California","Siskiyou County",5,55,491,239,252
050,06,093,"California","Siskiyou County",5,56,459,205,254
050,06,093,"California","Siskiyou County",5,57,465,206,259
050,06,093,"California","Siskiyou County",5,58,511,234,277
050,06,093,"California","Siskiyou County",5,59,562,276,286
050,06,093,"California","Siskiyou County",5,60,593,298,295
050,06,093,"California","Siskiyou County",5,61,651,320,331
050,06,093,"California","Siskiyou County",5,62,677,300,377
050,06,093,"California","Siskiyou County",5,63,676,320,356
050,06,093,"California","Siskiyou County",5,64,723,328,395
050,06,093,"California","Siskiyou County",5,65,721,344,377
050,06,093,"California","Siskiyou County",5,66,755,344,411
050,06,093,"California","Siskiyou County",5,67,775,353,422
050,06,093,"California","Siskiyou County",5,68,720,357,363
050,06,093,"California","Siskiyou County",5,69,732,346,386
050,06,093,"California","Siskiyou County",5,70,772,357,415
050,06,093,"California","Siskiyou County",5,71,736,365,371
050,06,093,"California","Siskiyou County",5,72,703,335,368
050,06,093,"California","Siskiyou County",5,73,678,354,324
050,06,093,"California","Siskiyou County",5,74,626,322,304
050,06,093,"California","Siskiyou County",5,75,598,298,300
050,06,093,"California","Siskiyou County",5,76,664,342,322
050,06,093,"California","Siskiyou County",5,77,436,224,212
050,06,093,"California","Siskiyou County",5,78,434,206,228
050,06,093,"California","Siskiyou County",5,79,424,210,214
050,06,093,"California","Siskiyou County",5,80,400,195,205
050,06,093,"California","Siskiyou County",5,81,327,164,163
050,06,093,"California","Siskiyou County",5,82,290,139,151
050,06,093,"California","Siskiyou County",5,83,237,122,115
050,06,093,"California","Siskiyou County",5,84,196,99,97
050,06,093,"California","Siskiyou County",5,85,1084,477,607
050,06,095,"California","Solano County",1,0,5007,2552,2455
050,06,095,"California","Solano County",1,1,5156,2636,2520
050,06,095,"California","Solano County",1,2,5321,2752,2569
050,06,095,"California","Solano County",1,3,5530,2841,2689
050,06,095,"California","Solano County",1,4,5704,2905,2799
050,06,095,"California","Solano County",1,5,5712,2925,2787
050,06,095,"California","Solano County",1,6,5588,2884,2704
050,06,095,"California","Solano County",1,7,5664,2896,2768
050,06,095,"California","Solano County",1,8,5568,2850,2718
050,06,095,"California","Solano County",1,9,5593,2836,2757
050,06,095,"California","Solano County",1,10,5596,2900,2696
050,06,095,"California","Solano County",1,11,5879,3049,2830
050,06,095,"California","Solano County",1,12,5967,3090,2877
050,06,095,"California","Solano County",1,13,5884,3043,2841
050,06,095,"California","Solano County",1,14,5726,2937,2789
050,06,095,"California","Solano County",1,15,5640,2927,2713
050,06,095,"California","Solano County",1,16,5726,2908,2818
050,06,095,"California","Solano County",1,17,5719,2880,2839
050,06,095,"California","Solano County",1,18,5212,2747,2465
050,06,095,"California","Solano County",1,19,4941,2667,2274
050,06,095,"California","Solano County",1,20,5221,2837,2384
050,06,095,"California","Solano County",1,21,5501,2945,2556
050,06,095,"California","Solano County",1,22,5615,2958,2657
050,06,095,"California","Solano County",1,23,5649,2975,2674
050,06,095,"California","Solano County",1,24,5918,3131,2787
050,06,095,"California","Solano County",1,25,6080,3127,2953
050,06,095,"California","Solano County",1,26,6225,3227,2998
050,06,095,"California","Solano County",1,27,6377,3297,3080
050,06,095,"California","Solano County",1,28,6643,3458,3185
050,06,095,"California","Solano County",1,29,6775,3527,3248
050,06,095,"California","Solano County",1,30,6779,3518,3261
050,06,095,"California","Solano County",1,31,6795,3451,3344
050,06,095,"California","Solano County",1,32,6645,3380,3265
050,06,095,"California","Solano County",1,33,6444,3334,3110
050,06,095,"California","Solano County",1,34,6540,3363,3177
050,06,095,"California","Solano County",1,35,6460,3310,3150
050,06,095,"California","Solano County",1,36,6522,3371,3151
050,06,095,"California","Solano County",1,37,6485,3392,3093
050,06,095,"California","Solano County",1,38,6273,3223,3050
050,06,095,"California","Solano County",1,39,6182,3223,2959
050,06,095,"California","Solano County",1,40,6066,3107,2959
050,06,095,"California","Solano County",1,41,5714,2887,2827
050,06,095,"California","Solano County",1,42,5544,2783,2761
050,06,095,"California","Solano County",1,43,5487,2793,2694
050,06,095,"California","Solano County",1,44,5260,2680,2580
050,06,095,"California","Solano County",1,45,5074,2577,2497
050,06,095,"California","Solano County",1,46,5204,2656,2548
050,06,095,"California","Solano County",1,47,5211,2647,2564
050,06,095,"California","Solano County",1,48,5458,2800,2658
050,06,095,"California","Solano County",1,49,5894,3003,2891
050,06,095,"California","Solano County",1,50,5713,2915,2798
050,06,095,"California","Solano County",1,51,5492,2776,2716
050,06,095,"California","Solano County",1,52,5507,2763,2744
050,06,095,"California","Solano County",1,53,5666,2852,2814
050,06,095,"California","Solano County",1,54,5798,2889,2909
050,06,095,"California","Solano County",1,55,6060,2989,3071
050,06,095,"California","Solano County",1,56,6190,3048,3142
050,06,095,"California","Solano County",1,57,6249,3079,3170
050,06,095,"California","Solano County",1,58,6313,3084,3229
050,06,095,"California","Solano County",1,59,6185,3007,3178
050,06,095,"California","Solano County",1,60,6182,2991,3191
050,06,095,"California","Solano County",1,61,5940,2871,3069
050,06,095,"California","Solano County",1,62,5913,2806,3107
050,06,095,"California","Solano County",1,63,5880,2830,3050
050,06,095,"California","Solano County",1,64,5785,2735,3050
050,06,095,"California","Solano County",1,65,5597,2639,2958
050,06,095,"California","Solano County",1,66,5201,2375,2826
050,06,095,"California","Solano County",1,67,5200,2436,2764
050,06,095,"California","Solano County",1,68,4865,2307,2558
050,06,095,"California","Solano County",1,69,4552,2147,2405
050,06,095,"California","Solano County",1,70,4496,2103,2393
050,06,095,"California","Solano County",1,71,4320,2032,2288
050,06,095,"California","Solano County",1,72,4278,1990,2288
050,06,095,"California","Solano County",1,73,4261,1999,2262
050,06,095,"California","Solano County",1,74,3126,1384,1742
050,06,095,"California","Solano County",1,75,2918,1303,1615
050,06,095,"California","Solano County",1,76,2719,1240,1479
050,06,095,"California","Solano County",1,77,2639,1174,1465
050,06,095,"California","Solano County",1,78,2184,941,1243
050,06,095,"California","Solano County",1,79,1942,810,1132
050,06,095,"California","Solano County",1,80,1828,812,1016
050,06,095,"California","Solano County",1,81,1675,711,964
050,06,095,"California","Solano County",1,82,1535,650,885
050,06,095,"California","Solano County",1,83,1376,561,815
050,06,095,"California","Solano County",1,84,1212,495,717
050,06,095,"California","Solano County",1,85,7520,2770,4750
050,06,095,"California","Solano County",2,0,4994,2553,2441
050,06,095,"California","Solano County",2,1,5114,2613,2501
050,06,095,"California","Solano County",2,2,5284,2728,2556
050,06,095,"California","Solano County",2,3,5480,2819,2661
050,06,095,"California","Solano County",2,4,5660,2885,2775
050,06,095,"California","Solano County",2,5,5704,2920,2784
050,06,095,"California","Solano County",2,6,5621,2899,2722
050,06,095,"California","Solano County",2,7,5630,2880,2750
050,06,095,"California","Solano County",2,8,5560,2843,2717
050,06,095,"California","Solano County",2,9,5568,2836,2732
050,06,095,"California","Solano County",2,10,5586,2883,2703
050,06,095,"California","Solano County",2,11,5774,2994,2780
050,06,095,"California","Solano County",2,12,5969,3088,2881
050,06,095,"California","Solano County",2,13,5890,3042,2848
050,06,095,"California","Solano County",2,14,5750,2956,2794
050,06,095,"California","Solano County",2,15,5669,2934,2735
050,06,095,"California","Solano County",2,16,5703,2906,2797
050,06,095,"California","Solano County",2,17,5718,2881,2837
050,06,095,"California","Solano County",2,18,5201,2734,2467
050,06,095,"California","Solano County",2,19,4949,2660,2289
050,06,095,"California","Solano County",2,20,5265,2852,2413
050,06,095,"California","Solano County",2,21,5445,2901,2544
050,06,095,"California","Solano County",2,22,5584,2937,2647
050,06,095,"California","Solano County",2,23,5662,2967,2695
050,06,095,"California","Solano County",2,24,5855,3086,2769
050,06,095,"California","Solano County",2,25,6027,3116,2911
050,06,095,"California","Solano County",2,26,6181,3195,2986
050,06,095,"California","Solano County",2,27,6301,3258,3043
050,06,095,"California","Solano County",2,28,6555,3401,3154
050,06,095,"California","Solano County",2,29,6701,3477,3224
050,06,095,"California","Solano County",2,30,6796,3517,3279
050,06,095,"California","Solano County",2,31,6754,3435,3319
050,06,095,"California","Solano County",2,32,6661,3385,3276
050,06,095,"California","Solano County",2,33,6466,3322,3144
050,06,095,"California","Solano County",2,34,6500,3345,3155
050,06,095,"California","Solano County",2,35,6498,3328,3170
050,06,095,"California","Solano County",2,36,6453,3321,3132
050,06,095,"California","Solano County",2,37,6469,3362,3107
050,06,095,"California","Solano County",2,38,6338,3264,3074
050,06,095,"California","Solano County",2,39,6150,3187,2963
050,06,095,"California","Solano County",2,40,6112,3142,2970
050,06,095,"California","Solano County",2,41,5757,2909,2848
050,06,095,"California","Solano County",2,42,5544,2780,2764
050,06,095,"California","Solano County",2,43,5504,2789,2715
050,06,095,"California","Solano County",2,44,5260,2673,2587
050,06,095,"California","Solano County",2,45,5115,2593,2522
050,06,095,"California","Solano County",2,46,5140,2612,2528
050,06,095,"California","Solano County",2,47,5175,2623,2552
050,06,095,"California","Solano County",2,48,5380,2741,2639
050,06,095,"California","Solano County",2,49,5788,2942,2846
050,06,095,"California","Solano County",2,50,5738,2914,2824
050,06,095,"California","Solano County",2,51,5510,2787,2723
050,06,095,"California","Solano County",2,52,5486,2754,2732
050,06,095,"California","Solano County",2,53,5572,2789,2783
050,06,095,"California","Solano County",2,54,5743,2861,2882
050,06,095,"California","Solano County",2,55,5969,2940,3029
050,06,095,"California","Solano County",2,56,6146,3017,3129
050,06,095,"California","Solano County",2,57,6226,3056,3170
050,06,095,"California","Solano County",2,58,6264,3058,3206
050,06,095,"California","Solano County",2,59,6171,3000,3171
050,06,095,"California","Solano County",2,60,6160,2972,3188
050,06,095,"California","Solano County",2,61,5942,2867,3075
050,06,095,"California","Solano County",2,62,5884,2802,3082
050,06,095,"California","Solano County",2,63,5898,2820,3078
050,06,095,"California","Solano County",2,64,5756,2731,3025
050,06,095,"California","Solano County",2,65,5616,2646,2970
050,06,095,"California","Solano County",2,66,5274,2415,2859
050,06,095,"California","Solano County",2,67,5152,2392,2760
050,06,095,"California","Solano County",2,68,4909,2315,2594
050,06,095,"California","Solano County",2,69,4616,2176,2440
050,06,095,"California","Solano County",2,70,4487,2097,2390
050,06,095,"California","Solano County",2,71,4330,2027,2303
050,06,095,"California","Solano County",2,72,4215,1968,2247
050,06,095,"California","Solano County",2,73,4385,2052,2333
050,06,095,"California","Solano County",2,74,3226,1445,1781
050,06,095,"California","Solano County",2,75,2961,1318,1643
050,06,095,"California","Solano County",2,76,2734,1235,1499
050,06,095,"California","Solano County",2,77,2671,1194,1477
050,06,095,"California","Solano County",2,78,2249,975,1274
050,06,095,"California","Solano County",2,79,1966,821,1145
050,06,095,"California","Solano County",2,80,1838,800,1038
050,06,095,"California","Solano County",2,81,1682,717,965
050,06,095,"California","Solano County",2,82,1543,649,894
050,06,095,"California","Solano County",2,83,1387,567,820
050,06,095,"California","Solano County",2,84,1232,507,725
050,06,095,"California","Solano County",2,85,7525,2770,4755
050,06,095,"California","Solano County",3,0,4879,2521,2358
050,06,095,"California","Solano County",3,1,4976,2528,2448
050,06,095,"California","Solano County",3,2,5131,2636,2495
050,06,095,"California","Solano County",3,3,5291,2741,2550
050,06,095,"California","Solano County",3,4,5463,2810,2653
050,06,095,"California","Solano County",3,5,5642,2867,2775
050,06,095,"California","Solano County",3,6,5672,2889,2783
050,06,095,"California","Solano County",3,7,5592,2888,2704
050,06,095,"California","Solano County",3,8,5609,2835,2774
050,06,095,"California","Solano County",3,9,5520,2847,2673
050,06,095,"California","Solano County",3,10,5550,2838,2712
050,06,095,"California","Solano County",3,11,5580,2884,2696
050,06,095,"California","Solano County",3,12,5771,2992,2779
050,06,095,"California","Solano County",3,13,5909,3068,2841
050,06,095,"California","Solano County",3,14,5840,3017,2823
050,06,095,"California","Solano County",3,15,5719,2945,2774
050,06,095,"California","Solano County",3,16,5645,2917,2728
050,06,095,"California","Solano County",3,17,5656,2880,2776
050,06,095,"California","Solano County",3,18,5177,2715,2462
050,06,095,"California","Solano County",3,19,4845,2572,2273
050,06,095,"California","Solano County",3,20,5247,2841,2406
050,06,095,"California","Solano County",3,21,5408,2848,2560
050,06,095,"California","Solano County",3,22,5459,2858,2601
050,06,095,"California","Solano County",3,23,5643,2964,2679
050,06,095,"California","Solano County",3,24,5635,2946,2689
050,06,095,"California","Solano County",3,25,5799,3062,2737
050,06,095,"California","Solano County",3,26,5967,3058,2909
050,06,095,"California","Solano County",3,27,6074,3153,2921
050,06,095,"California","Solano County",3,28,6169,3160,3009
050,06,095,"California","Solano County",3,29,6533,3357,3176
050,06,095,"California","Solano County",3,30,6617,3430,3187
050,06,095,"California","Solano County",3,31,6869,3513,3356
050,06,095,"California","Solano County",3,32,6823,3501,3322
050,06,095,"California","Solano County",3,33,6563,3315,3248
050,06,095,"California","Solano County",3,34,6510,3358,3152
050,06,095,"California","Solano County",3,35,6519,3332,3187
050,06,095,"California","Solano County",3,36,6587,3365,3222
050,06,095,"California","Solano County",3,37,6506,3340,3166
050,06,095,"California","Solano County",3,38,6474,3339,3135
050,06,095,"California","Solano County",3,39,6332,3259,3073
050,06,095,"California","Solano County",3,40,6087,3145,2942
050,06,095,"California","Solano County",3,41,6087,3113,2974
050,06,095,"California","Solano County",3,42,5679,2839,2840
050,06,095,"California","Solano County",3,43,5480,2738,2742
050,06,095,"California","Solano County",3,44,5456,2776,2680
050,06,095,"California","Solano County",3,45,5188,2663,2525
050,06,095,"California","Solano County",3,46,5104,2598,2506
050,06,095,"California","Solano County",3,47,5132,2605,2527
050,06,095,"California","Solano County",3,48,5165,2616,2549
050,06,095,"California","Solano County",3,49,5318,2709,2609
050,06,095,"California","Solano County",3,50,5686,2875,2811
050,06,095,"California","Solano County",3,51,5680,2893,2787
050,06,095,"California","Solano County",3,52,5424,2743,2681
050,06,095,"California","Solano County",3,53,5398,2674,2724
050,06,095,"California","Solano County",3,54,5487,2753,2734
050,06,095,"California","Solano County",3,55,5640,2803,2837
050,06,095,"California","Solano County",3,56,5847,2871,2976
050,06,095,"California","Solano County",3,57,6001,2959,3042
050,06,095,"California","Solano County",3,58,6040,2970,3070
050,06,095,"California","Solano County",3,59,6080,2966,3114
050,06,095,"California","Solano County",3,60,6055,2939,3116
050,06,095,"California","Solano County",3,61,5972,2894,3078
050,06,095,"California","Solano County",3,62,5753,2767,2986
050,06,095,"California","Solano County",3,63,5746,2725,3021
050,06,095,"California","Solano County",3,64,5715,2723,2992
050,06,095,"California","Solano County",3,65,5630,2654,2976
050,06,095,"California","Solano County",3,66,5449,2532,2917
050,06,095,"California","Solano County",3,67,5120,2363,2757
050,06,095,"California","Solano County",3,68,5057,2350,2707
050,06,095,"California","Solano County",3,69,4787,2228,2559
050,06,095,"California","Solano County",3,70,4534,2124,2410
050,06,095,"California","Solano County",3,71,4370,2015,2355
050,06,095,"California","Solano County",3,72,4211,1962,2249
050,06,095,"California","Solano County",3,73,4068,1882,2186
050,06,095,"California","Solano County",3,74,4247,1970,2277
050,06,095,"California","Solano County",3,75,3140,1415,1725
050,06,095,"California","Solano County",3,76,2869,1280,1589
050,06,095,"California","Solano County",3,77,2613,1173,1440
050,06,095,"California","Solano County",3,78,2544,1134,1410
050,06,095,"California","Solano County",3,79,2144,926,1218
050,06,095,"California","Solano County",3,80,1834,754,1080
050,06,095,"California","Solano County",3,81,1741,760,981
050,06,095,"California","Solano County",3,82,1572,662,910
050,06,095,"California","Solano County",3,83,1434,582,852
050,06,095,"California","Solano County",3,84,1302,533,769
050,06,095,"California","Solano County",3,85,7566,2786,4780
050,06,095,"California","Solano County",4,0,4927,2523,2404
050,06,095,"California","Solano County",4,1,4949,2554,2395
050,06,095,"California","Solano County",4,2,5084,2609,2475
050,06,095,"California","Solano County",4,3,5150,2641,2509
050,06,095,"California","Solano County",4,4,5229,2690,2539
050,06,095,"California","Solano County",4,5,5459,2788,2671
050,06,095,"California","Solano County",4,6,5576,2834,2742
050,06,095,"California","Solano County",4,7,5622,2867,2755
050,06,095,"California","Solano County",4,8,5560,2877,2683
050,06,095,"California","Solano County",4,9,5543,2809,2734
050,06,095,"California","Solano County",4,10,5466,2797,2669
050,06,095,"California","Solano County",4,11,5501,2818,2683
050,06,095,"California","Solano County",4,12,5544,2847,2697
050,06,095,"California","Solano County",4,13,5753,2980,2773
050,06,095,"California","Solano County",4,14,5884,3051,2833
050,06,095,"California","Solano County",4,15,5801,3001,2800
050,06,095,"California","Solano County",4,16,5679,2915,2764
050,06,095,"California","Solano County",4,17,5618,2879,2739
050,06,095,"California","Solano County",4,18,5152,2747,2405
050,06,095,"California","Solano County",4,19,4797,2589,2208
050,06,095,"California","Solano County",4,20,5132,2789,2343
050,06,095,"California","Solano County",4,21,5353,2875,2478
050,06,095,"California","Solano County",4,22,5436,2831,2605
050,06,095,"California","Solano County",4,23,5411,2846,2565
050,06,095,"California","Solano County",4,24,5617,2929,2688
050,06,095,"California","Solano County",4,25,5595,2945,2650
050,06,095,"California","Solano County",4,26,5662,2982,2680
050,06,095,"California","Solano County",4,27,5865,2977,2888
050,06,095,"California","Solano County",4,28,5968,3098,2870
050,06,095,"California","Solano County",4,29,6079,3128,2951
050,06,095,"California","Solano County",4,30,6493,3360,3133
050,06,095,"California","Solano County",4,31,6564,3398,3166
050,06,095,"California","Solano County",4,32,6834,3505,3329
050,06,095,"California","Solano County",4,33,6729,3443,3286
050,06,095,"California","Solano County",4,34,6628,3381,3247
050,06,095,"California","Solano County",4,35,6464,3298,3166
050,06,095,"California","Solano County",4,36,6497,3330,3167
050,06,095,"California","Solano County",4,37,6565,3330,3235
050,06,095,"California","Solano County",4,38,6463,3338,3125
050,06,095,"California","Solano County",4,39,6436,3338,3098
050,06,095,"California","Solano County",4,40,6294,3248,3046
050,06,095,"California","Solano County",4,41,6065,3130,2935
050,06,095,"California","Solano County",4,42,6027,3075,2952
050,06,095,"California","Solano County",4,43,5687,2856,2831
050,06,095,"California","Solano County",4,44,5466,2722,2744
050,06,095,"California","Solano County",4,45,5456,2785,2671
050,06,095,"California","Solano County",4,46,5183,2680,2503
050,06,095,"California","Solano County",4,47,5048,2572,2476
050,06,095,"California","Solano County",4,48,5153,2604,2549
050,06,095,"California","Solano County",4,49,5145,2596,2549
050,06,095,"California","Solano County",4,50,5236,2639,2597
050,06,095,"California","Solano County",4,51,5662,2878,2784
050,06,095,"California","Solano County",4,52,5630,2863,2767
050,06,095,"California","Solano County",4,53,5373,2687,2686
050,06,095,"California","Solano County",4,54,5360,2656,2704
050,06,095,"California","Solano County",4,55,5425,2710,2715
050,06,095,"California","Solano County",4,56,5577,2751,2826
050,06,095,"California","Solano County",4,57,5705,2791,2914
050,06,095,"California","Solano County",4,58,5899,2909,2990
050,06,095,"California","Solano County",4,59,5931,2916,3015
050,06,095,"California","Solano County",4,60,5943,2867,3076
050,06,095,"California","Solano County",4,61,5964,2883,3081
050,06,095,"California","Solano County",4,62,5852,2828,3024
050,06,095,"California","Solano County",4,63,5616,2676,2940
050,06,095,"California","Solano County",4,64,5631,2650,2981
050,06,095,"California","Solano County",4,65,5597,2670,2927
050,06,095,"California","Solano County",4,66,5436,2543,2893
050,06,095,"California","Solano County",4,67,5319,2461,2858
050,06,095,"California","Solano County",4,68,5012,2317,2695
050,06,095,"California","Solano County",4,69,4887,2240,2647
050,06,095,"California","Solano County",4,70,4699,2181,2518
050,06,095,"California","Solano County",4,71,4479,2065,2414
050,06,095,"California","Solano County",4,72,4242,1949,2293
050,06,095,"California","Solano County",4,73,4093,1895,2198
050,06,095,"California","Solano County",4,74,3966,1797,2169
050,06,095,"California","Solano County",4,75,4120,1909,2211
050,06,095,"California","Solano County",4,76,3036,1364,1672
050,06,095,"California","Solano County",4,77,2756,1203,1553
050,06,095,"California","Solano County",4,78,2498,1135,1363
050,06,095,"California","Solano County",4,79,2437,1071,1366
050,06,095,"California","Solano County",4,80,2031,877,1154
050,06,095,"California","Solano County",4,81,1759,718,1041
050,06,095,"California","Solano County",4,82,1622,696,926
050,06,095,"California","Solano County",4,83,1490,613,877
050,06,095,"California","Solano County",4,84,1332,533,799
050,06,095,"California","Solano County",4,85,7661,2814,4847
050,06,095,"California","Solano County",5,0,4752,2439,2313
050,06,095,"California","Solano County",5,1,5067,2609,2458
050,06,095,"California","Solano County",5,2,5079,2623,2456
050,06,095,"California","Solano County",5,3,5079,2617,2462
050,06,095,"California","Solano County",5,4,5128,2638,2490
050,06,095,"California","Solano County",5,5,5316,2697,2619
050,06,095,"California","Solano County",5,6,5426,2739,2687
050,06,095,"California","Solano County",5,7,5596,2838,2758
050,06,095,"California","Solano County",5,8,5640,2875,2765
050,06,095,"California","Solano County",5,9,5506,2844,2662
050,06,095,"California","Solano County",5,10,5556,2833,2723
050,06,095,"California","Solano County",5,11,5458,2776,2682
050,06,095,"California","Solano County",5,12,5474,2817,2657
050,06,095,"California","Solano County",5,13,5462,2804,2658
050,06,095,"California","Solano County",5,14,5712,2945,2767
050,06,095,"California","Solano County",5,15,5851,3055,2796
050,06,095,"California","Solano County",5,16,5799,3013,2786
050,06,095,"California","Solano County",5,17,5627,2892,2735
050,06,095,"California","Solano County",5,18,5133,2734,2399
050,06,095,"California","Solano County",5,19,4799,2578,2221
050,06,095,"California","Solano County",5,20,5134,2824,2310
050,06,095,"California","Solano County",5,21,5323,2834,2489
050,06,095,"California","Solano County",5,22,5409,2854,2555
050,06,095,"California","Solano County",5,23,5501,2859,2642
050,06,095,"California","Solano County",5,24,5454,2850,2604
050,06,095,"California","Solano County",5,25,5582,2894,2688
050,06,095,"California","Solano County",5,26,5568,2905,2663
050,06,095,"California","Solano County",5,27,5620,2981,2639
050,06,095,"California","Solano County",5,28,5879,2982,2897
050,06,095,"California","Solano County",5,29,5904,3073,2831
050,06,095,"California","Solano County",5,30,6156,3165,2991
050,06,095,"California","Solano County",5,31,6472,3313,3159
050,06,095,"California","Solano County",5,32,6632,3436,3196
050,06,095,"California","Solano County",5,33,6847,3539,3308
050,06,095,"California","Solano County",5,34,6735,3479,3256
050,06,095,"California","Solano County",5,35,6655,3394,3261
050,06,095,"California","Solano County",5,36,6460,3314,3146
050,06,095,"California","Solano County",5,37,6477,3321,3156
050,06,095,"California","Solano County",5,38,6569,3325,3244
050,06,095,"California","Solano County",5,39,6474,3347,3127
050,06,095,"California","Solano County",5,40,6461,3377,3084
050,06,095,"California","Solano County",5,41,6328,3281,3047
050,06,095,"California","Solano County",5,42,5994,3094,2900
050,06,095,"California","Solano County",5,43,6037,3073,2964
050,06,095,"California","Solano County",5,44,5666,2842,2824
050,06,095,"California","Solano County",5,45,5417,2726,2691
050,06,095,"California","Solano County",5,46,5416,2797,2619
050,06,095,"California","Solano County",5,47,5154,2656,2498
050,06,095,"California","Solano County",5,48,5054,2581,2473
050,06,095,"California","Solano County",5,49,5134,2603,2531
050,06,095,"California","Solano County",5,50,5070,2544,2526
050,06,095,"California","Solano County",5,51,5223,2656,2567
050,06,095,"California","Solano County",5,52,5661,2864,2797
050,06,095,"California","Solano County",5,53,5594,2817,2777
050,06,095,"California","Solano County",5,54,5306,2619,2687
050,06,095,"California","Solano County",5,55,5304,2625,2679
050,06,095,"California","Solano County",5,56,5382,2684,2698
050,06,095,"California","Solano County",5,57,5495,2697,2798
050,06,095,"California","Solano County",5,58,5648,2747,2901
050,06,095,"California","Solano County",5,59,5839,2841,2998
050,06,095,"California","Solano County",5,60,5858,2897,2961
050,06,095,"California","Solano County",5,61,5868,2838,3030
050,06,095,"California","Solano County",5,62,5843,2819,3024
050,06,095,"California","Solano County",5,63,5750,2758,2992
050,06,095,"California","Solano County",5,64,5497,2607,2890
050,06,095,"California","Solano County",5,65,5561,2612,2949
050,06,095,"California","Solano County",5,66,5470,2568,2902
050,06,095,"California","Solano County",5,67,5300,2486,2814
050,06,095,"California","Solano County",5,68,5219,2413,2806
050,06,095,"California","Solano County",5,69,4916,2243,2673
050,06,095,"California","Solano County",5,70,4825,2211,2614
050,06,095,"California","Solano County",5,71,4630,2136,2494
050,06,095,"California","Solano County",5,72,4384,2019,2365
050,06,095,"California","Solano County",5,73,4133,1882,2251
050,06,095,"California","Solano County",5,74,3996,1818,2178
050,06,095,"California","Solano County",5,75,3880,1750,2130
050,06,095,"California","Solano County",5,76,4037,1870,2167
050,06,095,"California","Solano County",5,77,2920,1286,1634
050,06,095,"California","Solano County",5,78,2655,1165,1490
050,06,095,"California","Solano County",5,79,2400,1081,1319
050,06,095,"California","Solano County",5,80,2308,1016,1292
050,06,095,"California","Solano County",5,81,1940,838,1102
050,06,095,"California","Solano County",5,82,1628,659,969
050,06,095,"California","Solano County",5,83,1529,630,899
050,06,095,"California","Solano County",5,84,1387,567,820
050,06,095,"California","Solano County",5,85,7790,2824,4966
050,06,097,"California","Sonoma County",1,0,4380,2236,2144
050,06,097,"California","Sonoma County",1,1,4448,2287,2161
050,06,097,"California","Sonoma County",1,2,4573,2357,2216
050,06,097,"California","Sonoma County",1,3,4825,2503,2322
050,06,097,"California","Sonoma County",1,4,5089,2606,2483
050,06,097,"California","Sonoma County",1,5,5052,2503,2549
050,06,097,"California","Sonoma County",1,6,5028,2537,2491
050,06,097,"California","Sonoma County",1,7,5115,2607,2508
050,06,097,"California","Sonoma County",1,8,5215,2635,2580
050,06,097,"California","Sonoma County",1,9,5513,2825,2688
050,06,097,"California","Sonoma County",1,10,5744,2967,2777
050,06,097,"California","Sonoma County",1,11,5718,2928,2790
050,06,097,"California","Sonoma County",1,12,5912,3037,2875
050,06,097,"California","Sonoma County",1,13,6052,3104,2948
050,06,097,"California","Sonoma County",1,14,5947,3042,2905
050,06,097,"California","Sonoma County",1,15,5936,3011,2925
050,06,097,"California","Sonoma County",1,16,6010,3111,2899
050,06,097,"California","Sonoma County",1,17,5922,3068,2854
050,06,097,"California","Sonoma County",1,18,6213,3080,3133
050,06,097,"California","Sonoma County",1,19,5791,2797,2994
050,06,097,"California","Sonoma County",1,20,5365,2712,2653
050,06,097,"California","Sonoma County",1,21,5235,2607,2628
050,06,097,"California","Sonoma County",1,22,5228,2656,2572
050,06,097,"California","Sonoma County",1,23,5415,2729,2686
050,06,097,"California","Sonoma County",1,24,5447,2734,2713
050,06,097,"California","Sonoma County",1,25,5579,2835,2744
050,06,097,"California","Sonoma County",1,26,5775,2958,2817
050,06,097,"California","Sonoma County",1,27,6089,3135,2954
050,06,097,"California","Sonoma County",1,28,6149,3145,3004
050,06,097,"California","Sonoma County",1,29,6389,3337,3052
050,06,097,"California","Sonoma County",1,30,6405,3270,3135
050,06,097,"California","Sonoma County",1,31,6243,3186,3057
050,06,097,"California","Sonoma County",1,32,6202,3198,3004
050,06,097,"California","Sonoma County",1,33,6220,3190,3030
050,06,097,"California","Sonoma County",1,34,6370,3287,3083
050,06,097,"California","Sonoma County",1,35,6414,3252,3162
050,06,097,"California","Sonoma County",1,36,6509,3311,3198
050,06,097,"California","Sonoma County",1,37,6682,3365,3317
050,06,097,"California","Sonoma County",1,38,6645,3339,3306
050,06,097,"California","Sonoma County",1,39,6661,3363,3298
050,06,097,"California","Sonoma County",1,40,6544,3288,3256
050,06,097,"California","Sonoma County",1,41,6189,3138,3051
050,06,097,"California","Sonoma County",1,42,6155,3110,3045
050,06,097,"California","Sonoma County",1,43,5937,3025,2912
050,06,097,"California","Sonoma County",1,44,5815,2990,2825
050,06,097,"California","Sonoma County",1,45,5743,2922,2821
050,06,097,"California","Sonoma County",1,46,5486,2788,2698
050,06,097,"California","Sonoma County",1,47,5726,2911,2815
050,06,097,"California","Sonoma County",1,48,6042,3028,3014
050,06,097,"California","Sonoma County",1,49,6467,3214,3253
050,06,097,"California","Sonoma County",1,50,6493,3227,3266
050,06,097,"California","Sonoma County",1,51,6268,3133,3135
050,06,097,"California","Sonoma County",1,52,6088,3100,2988
050,06,097,"California","Sonoma County",1,53,6181,3137,3044
050,06,097,"California","Sonoma County",1,54,6333,3173,3160
050,06,097,"California","Sonoma County",1,55,6678,3233,3445
050,06,097,"California","Sonoma County",1,56,6891,3291,3600
050,06,097,"California","Sonoma County",1,57,6932,3347,3585
050,06,097,"California","Sonoma County",1,58,7111,3387,3724
050,06,097,"California","Sonoma County",1,59,7165,3450,3715
050,06,097,"California","Sonoma County",1,60,7031,3373,3658
050,06,097,"California","Sonoma County",1,61,6959,3353,3606
050,06,097,"California","Sonoma County",1,62,7045,3378,3667
050,06,097,"California","Sonoma County",1,63,6899,3267,3632
050,06,097,"California","Sonoma County",1,64,6908,3240,3668
050,06,097,"California","Sonoma County",1,65,6899,3291,3608
050,06,097,"California","Sonoma County",1,66,6765,3174,3591
050,06,097,"California","Sonoma County",1,67,6691,3082,3609
050,06,097,"California","Sonoma County",1,68,6543,3053,3490
050,06,097,"California","Sonoma County",1,69,6222,2911,3311
050,06,097,"California","Sonoma County",1,70,6124,2844,3280
050,06,097,"California","Sonoma County",1,71,5962,2720,3242
050,06,097,"California","Sonoma County",1,72,5953,2755,3198
050,06,097,"California","Sonoma County",1,73,5852,2773,3079
050,06,097,"California","Sonoma County",1,74,4177,1906,2271
050,06,097,"California","Sonoma County",1,75,4050,1861,2189
050,06,097,"California","Sonoma County",1,76,3898,1835,2063
050,06,097,"California","Sonoma County",1,77,3600,1617,1983
050,06,097,"California","Sonoma County",1,78,3012,1365,1647
050,06,097,"California","Sonoma County",1,79,2604,1173,1431
050,06,097,"California","Sonoma County",1,80,2300,1028,1272
050,06,097,"California","Sonoma County",1,81,2142,937,1205
050,06,097,"California","Sonoma County",1,82,1943,826,1117
050,06,097,"California","Sonoma County",1,83,1747,729,1018
050,06,097,"California","Sonoma County",1,84,1577,648,929
050,06,097,"California","Sonoma County",1,85,10198,3718,6480
050,06,097,"California","Sonoma County",2,0,4445,2281,2164
050,06,097,"California","Sonoma County",2,1,4425,2272,2153
050,06,097,"California","Sonoma County",2,2,4543,2342,2201
050,06,097,"California","Sonoma County",2,3,4749,2464,2285
050,06,097,"California","Sonoma County",2,4,5035,2586,2449
050,06,097,"California","Sonoma County",2,5,5054,2527,2527
050,06,097,"California","Sonoma County",2,6,5036,2529,2507
050,06,097,"California","Sonoma County",2,7,5072,2577,2495
050,06,097,"California","Sonoma County",2,8,5173,2622,2551
050,06,097,"California","Sonoma County",2,9,5434,2779,2655
050,06,097,"California","Sonoma County",2,10,5685,2930,2755
050,06,097,"California","Sonoma County",2,11,5696,2923,2773
050,06,097,"California","Sonoma County",2,12,5879,3014,2865
050,06,097,"California","Sonoma County",2,13,6001,3079,2922
050,06,097,"California","Sonoma County",2,14,5972,3054,2918
050,06,097,"California","Sonoma County",2,15,5952,3025,2927
050,06,097,"California","Sonoma County",2,16,5998,3093,2905
050,06,097,"California","Sonoma County",2,17,5956,3086,2870
050,06,097,"California","Sonoma County",2,18,6125,3041,3084
050,06,097,"California","Sonoma County",2,19,5738,2785,2953
050,06,097,"California","Sonoma County",2,20,5386,2714,2672
050,06,097,"California","Sonoma County",2,21,5196,2607,2589
050,06,097,"California","Sonoma County",2,22,5223,2637,2586
050,06,097,"California","Sonoma County",2,23,5379,2711,2668
050,06,097,"California","Sonoma County",2,24,5437,2734,2703
050,06,097,"California","Sonoma County",2,25,5543,2812,2731
050,06,097,"California","Sonoma County",2,26,5736,2931,2805
050,06,097,"California","Sonoma County",2,27,6000,3085,2915
050,06,097,"California","Sonoma County",2,28,6149,3153,2996
050,06,097,"California","Sonoma County",2,29,6315,3274,3041
050,06,097,"California","Sonoma County",2,30,6435,3296,3139
050,06,097,"California","Sonoma County",2,31,6258,3196,3062
050,06,097,"California","Sonoma County",2,32,6217,3194,3023
050,06,097,"California","Sonoma County",2,33,6203,3184,3019
050,06,097,"California","Sonoma County",2,34,6327,3257,3070
050,06,097,"California","Sonoma County",2,35,6437,3283,3154
050,06,097,"California","Sonoma County",2,36,6452,3277,3175
050,06,097,"California","Sonoma County",2,37,6647,3354,3293
050,06,097,"California","Sonoma County",2,38,6681,3354,3327
050,06,097,"California","Sonoma County",2,39,6615,3329,3286
050,06,097,"California","Sonoma County",2,40,6606,3324,3282
050,06,097,"California","Sonoma County",2,41,6253,3159,3094
050,06,097,"California","Sonoma County",2,42,6129,3098,3031
050,06,097,"California","Sonoma County",2,43,6008,3055,2953
050,06,097,"California","Sonoma County",2,44,5794,2975,2819
050,06,097,"California","Sonoma County",2,45,5772,2941,2831
050,06,097,"California","Sonoma County",2,46,5526,2802,2724
050,06,097,"California","Sonoma County",2,47,5651,2864,2787
050,06,097,"California","Sonoma County",2,48,5959,2991,2968
050,06,097,"California","Sonoma County",2,49,6375,3172,3203
050,06,097,"California","Sonoma County",2,50,6488,3227,3261
050,06,097,"California","Sonoma County",2,51,6306,3150,3156
050,06,097,"California","Sonoma County",2,52,6108,3095,3013
050,06,097,"California","Sonoma County",2,53,6133,3109,3024
050,06,097,"California","Sonoma County",2,54,6268,3148,3120
050,06,097,"California","Sonoma County",2,55,6587,3215,3372
050,06,097,"California","Sonoma County",2,56,6837,3280,3557
050,06,097,"California","Sonoma County",2,57,6912,3328,3584
050,06,097,"California","Sonoma County",2,58,7048,3375,3673
050,06,097,"California","Sonoma County",2,59,7153,3434,3719
050,06,097,"California","Sonoma County",2,60,7042,3379,3663
050,06,097,"California","Sonoma County",2,61,6941,3342,3599
050,06,097,"California","Sonoma County",2,62,6997,3356,3641
050,06,097,"California","Sonoma County",2,63,6968,3304,3664
050,06,097,"California","Sonoma County",2,64,6848,3220,3628
050,06,097,"California","Sonoma County",2,65,6872,3262,3610
050,06,097,"California","Sonoma County",2,66,6777,3187,3590
050,06,097,"California","Sonoma County",2,67,6665,3085,3580
050,06,097,"California","Sonoma County",2,68,6523,3037,3486
050,06,097,"California","Sonoma County",2,69,6310,2949,3361
050,06,097,"California","Sonoma County",2,70,6108,2835,3273
050,06,097,"California","Sonoma County",2,71,5984,2740,3244
050,06,097,"California","Sonoma County",2,72,5845,2694,3151
050,06,097,"California","Sonoma County",2,73,6130,2886,3244
050,06,097,"California","Sonoma County",2,74,4298,1978,2320
050,06,097,"California","Sonoma County",2,75,4074,1868,2206
050,06,097,"California","Sonoma County",2,76,3885,1814,2071
050,06,097,"California","Sonoma County",2,77,3744,1706,2038
050,06,097,"California","Sonoma County",2,78,3067,1386,1681
050,06,097,"California","Sonoma County",2,79,2666,1201,1465
050,06,097,"California","Sonoma County",2,80,2346,1045,1301
050,06,097,"California","Sonoma County",2,81,2152,946,1206
050,06,097,"California","Sonoma County",2,82,1969,841,1128
050,06,097,"California","Sonoma County",2,83,1763,735,1028
050,06,097,"California","Sonoma County",2,84,1589,653,936
050,06,097,"California","Sonoma County",2,85,10202,3713,6489
050,06,097,"California","Sonoma County",3,0,4430,2278,2152
050,06,097,"California","Sonoma County",3,1,4445,2279,2166
050,06,097,"California","Sonoma County",3,2,4418,2272,2146
050,06,097,"California","Sonoma County",3,3,4515,2331,2184
050,06,097,"California","Sonoma County",3,4,4694,2435,2259
050,06,097,"California","Sonoma County",3,5,5045,2578,2467
050,06,097,"California","Sonoma County",3,6,4996,2502,2494
050,06,097,"California","Sonoma County",3,7,4991,2512,2479
050,06,097,"California","Sonoma County",3,8,5050,2555,2495
050,06,097,"California","Sonoma County",3,9,5085,2582,2503
050,06,097,"California","Sonoma County",3,10,5369,2763,2606
050,06,097,"California","Sonoma County",3,11,5615,2901,2714
050,06,097,"California","Sonoma County",3,12,5635,2878,2757
050,06,097,"California","Sonoma County",3,13,5817,2974,2843
050,06,097,"California","Sonoma County",3,14,5975,3063,2912
050,06,097,"California","Sonoma County",3,15,5973,3050,2923
050,06,097,"California","Sonoma County",3,16,5889,2997,2892
050,06,097,"California","Sonoma County",3,17,5961,3084,2877
050,06,097,"California","Sonoma County",3,18,5572,2893,2679
050,06,097,"California","Sonoma County",3,19,4830,2507,2323
050,06,097,"California","Sonoma County",3,20,4996,2559,2437
050,06,097,"California","Sonoma County",3,21,5020,2593,2427
050,06,097,"California","Sonoma County",3,22,5138,2568,2570
050,06,097,"California","Sonoma County",3,23,5331,2728,2603
050,06,097,"California","Sonoma County",3,24,5411,2700,2711
050,06,097,"California","Sonoma County",3,25,5404,2728,2676
050,06,097,"California","Sonoma County",3,26,5561,2822,2739
050,06,097,"California","Sonoma County",3,27,5820,2968,2852
050,06,097,"California","Sonoma County",3,28,5980,3090,2890
050,06,097,"California","Sonoma County",3,29,6172,3143,3029
050,06,097,"California","Sonoma County",3,30,6382,3281,3101
050,06,097,"California","Sonoma County",3,31,6397,3255,3142
050,06,097,"California","Sonoma County",3,32,6316,3221,3095
050,06,097,"California","Sonoma County",3,33,6255,3234,3021
050,06,097,"California","Sonoma County",3,34,6308,3202,3106
050,06,097,"California","Sonoma County",3,35,6409,3291,3118
050,06,097,"California","Sonoma County",3,36,6534,3330,3204
050,06,097,"California","Sonoma County",3,37,6471,3295,3176
050,06,097,"California","Sonoma County",3,38,6612,3327,3285
050,06,097,"California","Sonoma County",3,39,6668,3334,3334
050,06,097,"California","Sonoma County",3,40,6639,3356,3283
050,06,097,"California","Sonoma County",3,41,6570,3320,3250
050,06,097,"California","Sonoma County",3,42,6221,3126,3095
050,06,097,"California","Sonoma County",3,43,6122,3080,3042
050,06,097,"California","Sonoma County",3,44,6020,3061,2959
050,06,097,"California","Sonoma County",3,45,5825,2992,2833
050,06,097,"California","Sonoma County",3,46,5724,2878,2846
050,06,097,"California","Sonoma County",3,47,5553,2813,2740
050,06,097,"California","Sonoma County",3,48,5597,2840,2757
050,06,097,"California","Sonoma County",3,49,5916,2959,2957
050,06,097,"California","Sonoma County",3,50,6374,3167,3207
050,06,097,"California","Sonoma County",3,51,6486,3238,3248
050,06,097,"California","Sonoma County",3,52,6240,3109,3131
050,06,097,"California","Sonoma County",3,53,6091,3092,2999
050,06,097,"California","Sonoma County",3,54,6103,3080,3023
050,06,097,"California","Sonoma County",3,55,6253,3114,3139
050,06,097,"California","Sonoma County",3,56,6503,3173,3330
050,06,097,"California","Sonoma County",3,57,6824,3264,3560
050,06,097,"California","Sonoma County",3,58,6815,3278,3537
050,06,097,"California","Sonoma County",3,59,6942,3311,3631
050,06,097,"California","Sonoma County",3,60,7095,3396,3699
050,06,097,"California","Sonoma County",3,61,6907,3296,3611
050,06,097,"California","Sonoma County",3,62,6847,3290,3557
050,06,097,"California","Sonoma County",3,63,6903,3288,3615
050,06,097,"California","Sonoma County",3,64,6862,3238,3624
050,06,097,"California","Sonoma County",3,65,6739,3174,3565
050,06,097,"California","Sonoma County",3,66,6736,3200,3536
050,06,097,"California","Sonoma County",3,67,6675,3138,3537
050,06,097,"California","Sonoma County",3,68,6549,3023,3526
050,06,097,"California","Sonoma County",3,69,6379,2946,3433
050,06,097,"California","Sonoma County",3,70,6194,2880,3314
050,06,097,"California","Sonoma County",3,71,5947,2764,3183
050,06,097,"California","Sonoma County",3,72,5832,2650,3182
050,06,097,"California","Sonoma County",3,73,5696,2612,3084
050,06,097,"California","Sonoma County",3,74,6010,2815,3195
050,06,097,"California","Sonoma County",3,75,4159,1906,2253
050,06,097,"California","Sonoma County",3,76,3975,1820,2155
050,06,097,"California","Sonoma County",3,77,3756,1747,2009
050,06,097,"California","Sonoma County",3,78,3646,1645,2001
050,06,097,"California","Sonoma County",3,79,2956,1321,1635
050,06,097,"California","Sonoma County",3,80,2552,1128,1424
050,06,097,"California","Sonoma County",3,81,2237,993,1244
050,06,097,"California","Sonoma County",3,82,2059,909,1150
050,06,097,"California","Sonoma County",3,83,1867,787,1080
050,06,097,"California","Sonoma County",3,84,1644,680,964
050,06,097,"California","Sonoma County",3,85,9989,3658,6331
050,06,097,"California","Sonoma County",4,0,4545,2320,2225
050,06,097,"California","Sonoma County",4,1,4440,2277,2163
050,06,097,"California","Sonoma County",4,2,4458,2266,2192
050,06,097,"California","Sonoma County",4,3,4440,2294,2146
050,06,097,"California","Sonoma County",4,4,4508,2368,2140
050,06,097,"California","Sonoma County",4,5,4635,2394,2241
050,06,097,"California","Sonoma County",4,6,4956,2526,2430
050,06,097,"California","Sonoma County",4,7,4922,2466,2456
050,06,097,"California","Sonoma County",4,8,4974,2501,2473
050,06,097,"California","Sonoma County",4,9,4914,2472,2442
050,06,097,"California","Sonoma County",4,10,5052,2588,2464
050,06,097,"California","Sonoma County",4,11,5326,2745,2581
050,06,097,"California","Sonoma County",4,12,5528,2858,2670
050,06,097,"California","Sonoma County",4,13,5592,2851,2741
050,06,097,"California","Sonoma County",4,14,5752,2942,2810
050,06,097,"California","Sonoma County",4,15,5960,3051,2909
050,06,097,"California","Sonoma County",4,16,5926,3019,2907
050,06,097,"California","Sonoma County",4,17,5950,3049,2901
050,06,097,"California","Sonoma County",4,18,6006,3018,2988
050,06,097,"California","Sonoma County",4,19,5508,2743,2765
050,06,097,"California","Sonoma County",4,20,5182,2657,2525
050,06,097,"California","Sonoma County",4,21,5176,2613,2563
050,06,097,"California","Sonoma County",4,22,5175,2672,2503
050,06,097,"California","Sonoma County",4,23,5293,2646,2647
050,06,097,"California","Sonoma County",4,24,5289,2727,2562
050,06,097,"California","Sonoma County",4,25,5400,2710,2690
050,06,097,"California","Sonoma County",4,26,5341,2707,2634
050,06,097,"California","Sonoma County",4,27,5510,2810,2700
050,06,097,"California","Sonoma County",4,28,5710,2899,2811
050,06,097,"California","Sonoma County",4,29,5893,3041,2852
050,06,097,"California","Sonoma County",4,30,6185,3149,3036
050,06,097,"California","Sonoma County",4,31,6334,3251,3083
050,06,097,"California","Sonoma County",4,32,6369,3249,3120
050,06,097,"California","Sonoma County",4,33,6293,3211,3082
050,06,097,"California","Sonoma County",4,34,6200,3166,3034
050,06,097,"California","Sonoma County",4,35,6295,3212,3083
050,06,097,"California","Sonoma County",4,36,6446,3332,3114
050,06,097,"California","Sonoma County",4,37,6495,3314,3181
050,06,097,"California","Sonoma County",4,38,6485,3312,3173
050,06,097,"California","Sonoma County",4,39,6617,3322,3295
050,06,097,"California","Sonoma County",4,40,6608,3313,3295
050,06,097,"California","Sonoma County",4,41,6514,3300,3214
050,06,097,"California","Sonoma County",4,42,6498,3277,3221
050,06,097,"California","Sonoma County",4,43,6182,3079,3103
050,06,097,"California","Sonoma County",4,44,6143,3085,3058
050,06,097,"California","Sonoma County",4,45,5999,3056,2943
050,06,097,"California","Sonoma County",4,46,5760,2942,2818
050,06,097,"California","Sonoma County",4,47,5696,2850,2846
050,06,097,"California","Sonoma County",4,48,5495,2778,2717
050,06,097,"California","Sonoma County",4,49,5530,2796,2734
050,06,097,"California","Sonoma County",4,50,5860,2941,2919
050,06,097,"California","Sonoma County",4,51,6337,3172,3165
050,06,097,"California","Sonoma County",4,52,6413,3182,3231
050,06,097,"California","Sonoma County",4,53,6206,3096,3110
050,06,097,"California","Sonoma County",4,54,6019,3046,2973
050,06,097,"California","Sonoma County",4,55,6024,3034,2990
050,06,097,"California","Sonoma County",4,56,6137,3039,3098
050,06,097,"California","Sonoma County",4,57,6389,3106,3283
050,06,097,"California","Sonoma County",4,58,6697,3175,3522
050,06,097,"California","Sonoma County",4,59,6689,3208,3481
050,06,097,"California","Sonoma County",4,60,6875,3261,3614
050,06,097,"California","Sonoma County",4,61,7004,3351,3653
050,06,097,"California","Sonoma County",4,62,6847,3250,3597
050,06,097,"California","Sonoma County",4,63,6790,3272,3518
050,06,097,"California","Sonoma County",4,64,6746,3175,3571
050,06,097,"California","Sonoma County",4,65,6745,3187,3558
050,06,097,"California","Sonoma County",4,66,6601,3095,3506
050,06,097,"California","Sonoma County",4,67,6595,3127,3468
050,06,097,"California","Sonoma County",4,68,6553,3063,3490
050,06,097,"California","Sonoma County",4,69,6432,2933,3499
050,06,097,"California","Sonoma County",4,70,6225,2868,3357
050,06,097,"California","Sonoma County",4,71,6092,2833,3259
050,06,097,"California","Sonoma County",4,72,5823,2699,3124
050,06,097,"California","Sonoma County",4,73,5663,2576,3087
050,06,097,"California","Sonoma County",4,74,5555,2541,3014
050,06,097,"California","Sonoma County",4,75,5821,2699,3122
050,06,097,"California","Sonoma County",4,76,4076,1870,2206
050,06,097,"California","Sonoma County",4,77,3855,1753,2102
050,06,097,"California","Sonoma County",4,78,3639,1668,1971
050,06,097,"California","Sonoma County",4,79,3537,1579,1958
050,06,097,"California","Sonoma County",4,80,2835,1268,1567
050,06,097,"California","Sonoma County",4,81,2423,1066,1357
050,06,097,"California","Sonoma County",4,82,2143,956,1187
050,06,097,"California","Sonoma County",4,83,1912,838,1074
050,06,097,"California","Sonoma County",4,84,1720,703,1017
050,06,097,"California","Sonoma County",4,85,9886,3677,6209
050,06,097,"California","Sonoma County",5,0,4483,2295,2188
050,06,097,"California","Sonoma County",5,1,4594,2332,2262
050,06,097,"California","Sonoma County",5,2,4408,2256,2152
050,06,097,"California","Sonoma County",5,3,4495,2275,2220
050,06,097,"California","Sonoma County",5,4,4448,2314,2134
050,06,097,"California","Sonoma County",5,5,4467,2357,2110
050,06,097,"California","Sonoma County",5,6,4602,2367,2235
050,06,097,"California","Sonoma County",5,7,4951,2498,2453
050,06,097,"California","Sonoma County",5,8,4944,2466,2478
050,06,097,"California","Sonoma County",5,9,4968,2486,2482
050,06,097,"California","Sonoma County",5,10,4912,2475,2437
050,06,097,"California","Sonoma County",5,11,5066,2585,2481
050,06,097,"California","Sonoma County",5,12,5300,2740,2560
050,06,097,"California","Sonoma County",5,13,5487,2833,2654
050,06,097,"California","Sonoma County",5,14,5583,2868,2715
050,06,097,"California","Sonoma County",5,15,5695,2912,2783
050,06,097,"California","Sonoma County",5,16,5900,3023,2877
050,06,097,"California","Sonoma County",5,17,5951,3047,2904
050,06,097,"California","Sonoma County",5,18,5998,2996,3002
050,06,097,"California","Sonoma County",5,19,5577,2773,2804
050,06,097,"California","Sonoma County",5,20,5311,2694,2617
050,06,097,"California","Sonoma County",5,21,5067,2625,2442
050,06,097,"California","Sonoma County",5,22,5217,2616,2601
050,06,097,"California","Sonoma County",5,23,5285,2732,2553
050,06,097,"California","Sonoma County",5,24,5298,2679,2619
050,06,097,"California","Sonoma County",5,25,5245,2710,2535
050,06,097,"California","Sonoma County",5,26,5318,2643,2675
050,06,097,"California","Sonoma County",5,27,5302,2667,2635
050,06,097,"California","Sonoma County",5,28,5545,2790,2755
050,06,097,"California","Sonoma County",5,29,5683,2886,2797
050,06,097,"California","Sonoma County",5,30,5846,3038,2808
050,06,097,"California","Sonoma County",5,31,6180,3124,3056
050,06,097,"California","Sonoma County",5,32,6307,3232,3075
050,06,097,"California","Sonoma County",5,33,6372,3266,3106
050,06,097,"California","Sonoma County",5,34,6286,3199,3087
050,06,097,"California","Sonoma County",5,35,6201,3153,3048
050,06,097,"California","Sonoma County",5,36,6325,3222,3103
050,06,097,"California","Sonoma County",5,37,6451,3296,3155
050,06,097,"California","Sonoma County",5,38,6520,3308,3212
050,06,097,"California","Sonoma County",5,39,6541,3329,3212
050,06,097,"California","Sonoma County",5,40,6609,3344,3265
050,06,097,"California","Sonoma County",5,41,6624,3329,3295
050,06,097,"California","Sonoma County",5,42,6475,3274,3201
050,06,097,"California","Sonoma County",5,43,6467,3248,3219
050,06,097,"California","Sonoma County",5,44,6184,3071,3113
050,06,097,"California","Sonoma County",5,45,6154,3111,3043
050,06,097,"California","Sonoma County",5,46,5968,3027,2941
050,06,097,"California","Sonoma County",5,47,5772,2942,2830
050,06,097,"California","Sonoma County",5,48,5682,2836,2846
050,06,097,"California","Sonoma County",5,49,5441,2749,2692
050,06,097,"California","Sonoma County",5,50,5466,2750,2716
050,06,097,"California","Sonoma County",5,51,5900,2973,2927
050,06,097,"California","Sonoma County",5,52,6300,3137,3163
050,06,097,"California","Sonoma County",5,53,6359,3142,3217
050,06,097,"California","Sonoma County",5,54,6173,3076,3097
050,06,097,"California","Sonoma County",5,55,5961,3020,2941
050,06,097,"California","Sonoma County",5,56,5961,2988,2973
050,06,097,"California","Sonoma County",5,57,6086,3023,3063
050,06,097,"California","Sonoma County",5,58,6338,3072,3266
050,06,097,"California","Sonoma County",5,59,6636,3134,3502
050,06,097,"California","Sonoma County",5,60,6593,3143,3450
050,06,097,"California","Sonoma County",5,61,6743,3203,3540
050,06,097,"California","Sonoma County",5,62,6912,3281,3631
050,06,097,"California","Sonoma County",5,63,6721,3184,3537
050,06,097,"California","Sonoma County",5,64,6686,3217,3469
050,06,097,"California","Sonoma County",5,65,6642,3117,3525
050,06,097,"California","Sonoma County",5,66,6680,3141,3539
050,06,097,"California","Sonoma County",5,67,6542,3048,3494
050,06,097,"California","Sonoma County",5,68,6510,3073,3437
050,06,097,"California","Sonoma County",5,69,6499,3020,3479
050,06,097,"California","Sonoma County",5,70,6326,2860,3466
050,06,097,"California","Sonoma County",5,71,6149,2823,3326
050,06,097,"California","Sonoma County",5,72,5980,2754,3226
050,06,097,"California","Sonoma County",5,73,5737,2661,3076
050,06,097,"California","Sonoma County",5,74,5617,2551,3066
050,06,097,"California","Sonoma County",5,75,5443,2460,2983
050,06,097,"California","Sonoma County",5,76,5743,2680,3063
050,06,097,"California","Sonoma County",5,77,3964,1800,2164
050,06,097,"California","Sonoma County",5,78,3767,1689,2078
050,06,097,"California","Sonoma County",5,79,3561,1623,1938
050,06,097,"California","Sonoma County",5,80,3451,1532,1919
050,06,097,"California","Sonoma County",5,81,2712,1193,1519
050,06,097,"California","Sonoma County",5,82,2353,1025,1328
050,06,097,"California","Sonoma County",5,83,2033,902,1131
050,06,097,"California","Sonoma County",5,84,1793,776,1017
050,06,097,"California","Sonoma County",5,85,9970,3774,6196
050,06,099,"California","Stanislaus County",1,0,7250,3715,3535
050,06,099,"California","Stanislaus County",1,1,7381,3782,3599
050,06,099,"California","Stanislaus County",1,2,7574,3875,3699
050,06,099,"California","Stanislaus County",1,3,8018,4069,3949
050,06,099,"California","Stanislaus County",1,4,8169,4161,4008
050,06,099,"California","Stanislaus County",1,5,8233,4175,4058
050,06,099,"California","Stanislaus County",1,6,8091,4171,3920
050,06,099,"California","Stanislaus County",1,7,8185,4150,4035
050,06,099,"California","Stanislaus County",1,8,8290,4169,4121
050,06,099,"California","Stanislaus County",1,9,8431,4352,4079
050,06,099,"California","Stanislaus County",1,10,8743,4489,4254
050,06,099,"California","Stanislaus County",1,11,8944,4551,4393
050,06,099,"California","Stanislaus County",1,12,9198,4675,4523
050,06,099,"California","Stanislaus County",1,13,9139,4613,4526
050,06,099,"California","Stanislaus County",1,14,8828,4572,4256
050,06,099,"California","Stanislaus County",1,15,8637,4391,4246
050,06,099,"California","Stanislaus County",1,16,8618,4425,4193
050,06,099,"California","Stanislaus County",1,17,8542,4369,4173
050,06,099,"California","Stanislaus County",1,18,7843,4044,3799
050,06,099,"California","Stanislaus County",1,19,6976,3625,3351
050,06,099,"California","Stanislaus County",1,20,6994,3567,3427
050,06,099,"California","Stanislaus County",1,21,7021,3567,3454
050,06,099,"California","Stanislaus County",1,22,7162,3618,3544
050,06,099,"California","Stanislaus County",1,23,7409,3723,3686
050,06,099,"California","Stanislaus County",1,24,7557,3831,3726
050,06,099,"California","Stanislaus County",1,25,7584,3840,3744
050,06,099,"California","Stanislaus County",1,26,7736,3985,3751
050,06,099,"California","Stanislaus County",1,27,7652,3878,3774
050,06,099,"California","Stanislaus County",1,28,7936,4001,3935
050,06,099,"California","Stanislaus County",1,29,8567,4300,4267
050,06,099,"California","Stanislaus County",1,30,8330,4182,4148
050,06,099,"California","Stanislaus County",1,31,7924,3951,3973
050,06,099,"California","Stanislaus County",1,32,7914,4034,3880
050,06,099,"California","Stanislaus County",1,33,7630,3926,3704
050,06,099,"California","Stanislaus County",1,34,7734,3931,3803
050,06,099,"California","Stanislaus County",1,35,7663,3890,3773
050,06,099,"California","Stanislaus County",1,36,7524,3882,3642
050,06,099,"California","Stanislaus County",1,37,7619,3902,3717
050,06,099,"California","Stanislaus County",1,38,7437,3781,3656
050,06,099,"California","Stanislaus County",1,39,7447,3759,3688
050,06,099,"California","Stanislaus County",1,40,7288,3710,3578
050,06,099,"California","Stanislaus County",1,41,6881,3491,3390
050,06,099,"California","Stanislaus County",1,42,6901,3492,3409
050,06,099,"California","Stanislaus County",1,43,6723,3449,3274
050,06,099,"California","Stanislaus County",1,44,6583,3320,3263
050,06,099,"California","Stanislaus County",1,45,6459,3279,3180
050,06,099,"California","Stanislaus County",1,46,6315,3163,3152
050,06,099,"California","Stanislaus County",1,47,6296,3133,3163
050,06,099,"California","Stanislaus County",1,48,6563,3343,3220
050,06,099,"California","Stanislaus County",1,49,6803,3482,3321
050,06,099,"California","Stanislaus County",1,50,6733,3372,3361
050,06,099,"California","Stanislaus County",1,51,6570,3277,3293
050,06,099,"California","Stanislaus County",1,52,6311,3141,3170
050,06,099,"California","Stanislaus County",1,53,6232,3172,3060
050,06,099,"California","Stanislaus County",1,54,6295,3159,3136
050,06,099,"California","Stanislaus County",1,55,6497,3179,3318
050,06,099,"California","Stanislaus County",1,56,6657,3244,3413
050,06,099,"California","Stanislaus County",1,57,6511,3198,3313
050,06,099,"California","Stanislaus County",1,58,6627,3308,3319
050,06,099,"California","Stanislaus County",1,59,6570,3237,3333
050,06,099,"California","Stanislaus County",1,60,6424,3196,3228
050,06,099,"California","Stanislaus County",1,61,6116,2988,3128
050,06,099,"California","Stanislaus County",1,62,6047,2967,3080
050,06,099,"California","Stanislaus County",1,63,5771,2792,2979
050,06,099,"California","Stanislaus County",1,64,5598,2699,2899
050,06,099,"California","Stanislaus County",1,65,5349,2568,2781
050,06,099,"California","Stanislaus County",1,66,5118,2451,2667
050,06,099,"California","Stanislaus County",1,67,5027,2366,2661
050,06,099,"California","Stanislaus County",1,68,4684,2196,2488
050,06,099,"California","Stanislaus County",1,69,4347,2029,2318
050,06,099,"California","Stanislaus County",1,70,4220,1925,2295
050,06,099,"California","Stanislaus County",1,71,4121,1896,2225
050,06,099,"California","Stanislaus County",1,72,4082,1868,2214
050,06,099,"California","Stanislaus County",1,73,4027,1870,2157
050,06,099,"California","Stanislaus County",1,74,3056,1377,1679
050,06,099,"California","Stanislaus County",1,75,2947,1358,1589
050,06,099,"California","Stanislaus County",1,76,2843,1304,1539
050,06,099,"California","Stanislaus County",1,77,2726,1225,1501
050,06,099,"California","Stanislaus County",1,78,2309,1000,1309
050,06,099,"California","Stanislaus County",1,79,2069,882,1187
050,06,099,"California","Stanislaus County",1,80,1938,825,1113
050,06,099,"California","Stanislaus County",1,81,1816,809,1007
050,06,099,"California","Stanislaus County",1,82,1669,684,985
050,06,099,"California","Stanislaus County",1,83,1495,621,874
050,06,099,"California","Stanislaus County",1,84,1382,553,829
050,06,099,"California","Stanislaus County",1,85,7956,2943,5013
050,06,099,"California","Stanislaus County",2,0,7233,3698,3535
050,06,099,"California","Stanislaus County",2,1,7368,3775,3593
050,06,099,"California","Stanislaus County",2,2,7527,3852,3675
050,06,099,"California","Stanislaus County",2,3,7895,4013,3882
050,06,099,"California","Stanislaus County",2,4,8153,4143,4010
050,06,099,"California","Stanislaus County",2,5,8224,4179,4045
050,06,099,"California","Stanislaus County",2,6,8136,4180,3956
050,06,099,"California","Stanislaus County",2,7,8150,4145,4005
050,06,099,"California","Stanislaus County",2,8,8235,4148,4087
050,06,099,"California","Stanislaus County",2,9,8403,4314,4089
050,06,099,"California","Stanislaus County",2,10,8671,4463,4208
050,06,099,"California","Stanislaus County",2,11,8857,4513,4344
050,06,099,"California","Stanislaus County",2,12,9174,4664,4510
050,06,099,"California","Stanislaus County",2,13,9129,4618,4511
050,06,099,"California","Stanislaus County",2,14,8897,4575,4322
050,06,099,"California","Stanislaus County",2,15,8693,4442,4251
050,06,099,"California","Stanislaus County",2,16,8627,4409,4218
050,06,099,"California","Stanislaus County",2,17,8550,4380,4170
050,06,099,"California","Stanislaus County",2,18,7852,4056,3796
050,06,099,"California","Stanislaus County",2,19,7023,3642,3381
050,06,099,"California","Stanislaus County",2,20,7082,3625,3457
050,06,099,"California","Stanislaus County",2,21,7028,3578,3450
050,06,099,"California","Stanislaus County",2,22,7186,3634,3552
050,06,099,"California","Stanislaus County",2,23,7398,3722,3676
050,06,099,"California","Stanislaus County",2,24,7525,3805,3720
050,06,099,"California","Stanislaus County",2,25,7594,3849,3745
050,06,099,"California","Stanislaus County",2,26,7713,3964,3749
050,06,099,"California","Stanislaus County",2,27,7662,3903,3759
050,06,099,"California","Stanislaus County",2,28,7889,3984,3905
050,06,099,"California","Stanislaus County",2,29,8402,4219,4183
050,06,099,"California","Stanislaus County",2,30,8425,4225,4200
050,06,099,"California","Stanislaus County",2,31,7993,3998,3995
050,06,099,"California","Stanislaus County",2,32,7906,4012,3894
050,06,099,"California","Stanislaus County",2,33,7691,3947,3744
050,06,099,"California","Stanislaus County",2,34,7697,3930,3767
050,06,099,"California","Stanislaus County",2,35,7701,3918,3783
050,06,099,"California","Stanislaus County",2,36,7509,3854,3655
050,06,099,"California","Stanislaus County",2,37,7587,3893,3694
050,06,099,"California","Stanislaus County",2,38,7502,3826,3676
050,06,099,"California","Stanislaus County",2,39,7413,3752,3661
050,06,099,"California","Stanislaus County",2,40,7374,3749,3625
050,06,099,"California","Stanislaus County",2,41,6963,3536,3427
050,06,099,"California","Stanislaus County",2,42,6874,3487,3387
050,06,099,"California","Stanislaus County",2,43,6789,3467,3322
050,06,099,"California","Stanislaus County",2,44,6590,3342,3248
050,06,099,"California","Stanislaus County",2,45,6505,3295,3210
050,06,099,"California","Stanislaus County",2,46,6331,3176,3155
050,06,099,"California","Stanislaus County",2,47,6289,3139,3150
050,06,099,"California","Stanislaus County",2,48,6488,3292,3196
050,06,099,"California","Stanislaus County",2,49,6754,3461,3293
050,06,099,"California","Stanislaus County",2,50,6741,3397,3344
050,06,099,"California","Stanislaus County",2,51,6578,3288,3290
050,06,099,"California","Stanislaus County",2,52,6366,3167,3199
050,06,099,"California","Stanislaus County",2,53,6225,3150,3075
050,06,099,"California","Stanislaus County",2,54,6250,3151,3099
050,06,099,"California","Stanislaus County",2,55,6422,3160,3262
050,06,099,"California","Stanislaus County",2,56,6609,3222,3387
050,06,099,"California","Stanislaus County",2,57,6524,3198,3326
050,06,099,"California","Stanislaus County",2,58,6587,3276,3311
050,06,099,"California","Stanislaus County",2,59,6563,3242,3321
050,06,099,"California","Stanislaus County",2,60,6455,3204,3251
050,06,099,"California","Stanislaus County",2,61,6151,3012,3139
050,06,099,"California","Stanislaus County",2,62,6005,2933,3072
050,06,099,"California","Stanislaus County",2,63,5845,2837,3008
050,06,099,"California","Stanislaus County",2,64,5584,2687,2897
050,06,099,"California","Stanislaus County",2,65,5383,2587,2796
050,06,099,"California","Stanislaus County",2,66,5157,2468,2689
050,06,099,"California","Stanislaus County",2,67,5015,2362,2653
050,06,099,"California","Stanislaus County",2,68,4688,2184,2504
050,06,099,"California","Stanislaus County",2,69,4430,2069,2361
050,06,099,"California","Stanislaus County",2,70,4224,1936,2288
050,06,099,"California","Stanislaus County",2,71,4116,1885,2231
050,06,099,"California","Stanislaus County",2,72,4021,1840,2181
050,06,099,"California","Stanislaus County",2,73,4170,1927,2243
050,06,099,"California","Stanislaus County",2,74,3102,1408,1694
050,06,099,"California","Stanislaus County",2,75,2953,1351,1602
050,06,099,"California","Stanislaus County",2,76,2826,1299,1527
050,06,099,"California","Stanislaus County",2,77,2780,1252,1528
050,06,099,"California","Stanislaus County",2,78,2357,1031,1326
050,06,099,"California","Stanislaus County",2,79,2097,896,1201
050,06,099,"California","Stanislaus County",2,80,1959,832,1127
050,06,099,"California","Stanislaus County",2,81,1824,805,1019
050,06,099,"California","Stanislaus County",2,82,1694,707,987
050,06,099,"California","Stanislaus County",2,83,1506,625,881
050,06,099,"California","Stanislaus County",2,84,1378,554,824
050,06,099,"California","Stanislaus County",2,85,8015,2962,5053
050,06,099,"California","Stanislaus County",3,0,6887,3457,3430
050,06,099,"California","Stanislaus County",3,1,7336,3742,3594
050,06,099,"California","Stanislaus County",3,2,7446,3827,3619
050,06,099,"California","Stanislaus County",3,3,7528,3861,3667
050,06,099,"California","Stanislaus County",3,4,7982,4087,3895
050,06,099,"California","Stanislaus County",3,5,8109,4122,3987
050,06,099,"California","Stanislaus County",3,6,8231,4230,4001
050,06,099,"California","Stanislaus County",3,7,8158,4197,3961
050,06,099,"California","Stanislaus County",3,8,8196,4163,4033
050,06,099,"California","Stanislaus County",3,9,8269,4177,4092
050,06,099,"California","Stanislaus County",3,10,8432,4338,4094
050,06,099,"California","Stanislaus County",3,11,8656,4479,4177
050,06,099,"California","Stanislaus County",3,12,8799,4503,4296
050,06,099,"California","Stanislaus County",3,13,9166,4644,4522
050,06,099,"California","Stanislaus County",3,14,9071,4583,4488
050,06,099,"California","Stanislaus County",3,15,8931,4585,4346
050,06,099,"California","Stanislaus County",3,16,8634,4402,4232
050,06,099,"California","Stanislaus County",3,17,8568,4388,4180
050,06,099,"California","Stanislaus County",3,18,7940,4105,3835
050,06,099,"California","Stanislaus County",3,19,6984,3616,3368
050,06,099,"California","Stanislaus County",3,20,7110,3671,3439
050,06,099,"California","Stanislaus County",3,21,7176,3666,3510
050,06,099,"California","Stanislaus County",3,22,7190,3645,3545
050,06,099,"California","Stanislaus County",3,23,7414,3769,3645
050,06,099,"California","Stanislaus County",3,24,7459,3792,3667
050,06,099,"California","Stanislaus County",3,25,7503,3799,3704
050,06,099,"California","Stanislaus County",3,26,7672,3896,3776
050,06,099,"California","Stanislaus County",3,27,7715,3962,3753
050,06,099,"California","Stanislaus County",3,28,7681,3939,3742
050,06,099,"California","Stanislaus County",3,29,7974,4073,3901
050,06,099,"California","Stanislaus County",3,30,8414,4269,4145
050,06,099,"California","Stanislaus County",3,31,8389,4203,4186
050,06,099,"California","Stanislaus County",3,32,8002,3990,4012
050,06,099,"California","Stanislaus County",3,33,7870,4005,3865
050,06,099,"California","Stanislaus County",3,34,7690,3983,3707
050,06,099,"California","Stanislaus County",3,35,7664,3926,3738
050,06,099,"California","Stanislaus County",3,36,7673,3875,3798
050,06,099,"California","Stanislaus County",3,37,7483,3842,3641
050,06,099,"California","Stanislaus County",3,38,7565,3889,3676
050,06,099,"California","Stanislaus County",3,39,7523,3829,3694
050,06,099,"California","Stanislaus County",3,40,7391,3745,3646
050,06,099,"California","Stanislaus County",3,41,7410,3780,3630
050,06,099,"California","Stanislaus County",3,42,6982,3548,3434
050,06,099,"California","Stanislaus County",3,43,6825,3449,3376
050,06,099,"California","Stanislaus County",3,44,6778,3459,3319
050,06,099,"California","Stanislaus County",3,45,6522,3314,3208
050,06,099,"California","Stanislaus County",3,46,6481,3263,3218
050,06,099,"California","Stanislaus County",3,47,6290,3137,3153
050,06,099,"California","Stanislaus County",3,48,6202,3110,3092
050,06,099,"California","Stanislaus County",3,49,6434,3284,3150
050,06,099,"California","Stanislaus County",3,50,6691,3431,3260
050,06,099,"California","Stanislaus County",3,51,6679,3377,3302
050,06,099,"California","Stanislaus County",3,52,6515,3240,3275
050,06,099,"California","Stanislaus County",3,53,6261,3113,3148
050,06,099,"California","Stanislaus County",3,54,6170,3121,3049
050,06,099,"California","Stanislaus County",3,55,6129,3082,3047
050,06,099,"California","Stanislaus County",3,56,6347,3110,3237
050,06,099,"California","Stanislaus County",3,57,6448,3176,3272
050,06,099,"California","Stanislaus County",3,58,6382,3110,3272
050,06,099,"California","Stanislaus County",3,59,6464,3205,3259
050,06,099,"California","Stanislaus County",3,60,6399,3167,3232
050,06,099,"California","Stanislaus County",3,61,6244,3095,3149
050,06,099,"California","Stanislaus County",3,62,5985,2915,3070
050,06,099,"California","Stanislaus County",3,63,5842,2873,2969
050,06,099,"California","Stanislaus County",3,64,5661,2730,2931
050,06,099,"California","Stanislaus County",3,65,5408,2586,2822
050,06,099,"California","Stanislaus County",3,66,5217,2475,2742
050,06,099,"California","Stanislaus County",3,67,5016,2374,2642
050,06,099,"California","Stanislaus County",3,68,4844,2285,2559
050,06,099,"California","Stanislaus County",3,69,4559,2118,2441
050,06,099,"California","Stanislaus County",3,70,4272,1979,2293
050,06,099,"California","Stanislaus County",3,71,4069,1829,2240
050,06,099,"California","Stanislaus County",3,72,3956,1785,2171
050,06,099,"California","Stanislaus County",3,73,3831,1723,2108
050,06,099,"California","Stanislaus County",3,74,4008,1851,2157
050,06,099,"California","Stanislaus County",3,75,2986,1336,1650
050,06,099,"California","Stanislaus County",3,76,2802,1245,1557
050,06,099,"California","Stanislaus County",3,77,2660,1197,1463
050,06,099,"California","Stanislaus County",3,78,2630,1170,1460
050,06,099,"California","Stanislaus County",3,79,2231,975,1256
050,06,099,"California","Stanislaus County",3,80,1959,817,1142
050,06,099,"California","Stanislaus County",3,81,1810,754,1056
050,06,099,"California","Stanislaus County",3,82,1716,732,984
050,06,099,"California","Stanislaus County",3,83,1547,665,882
050,06,099,"California","Stanislaus County",3,84,1358,541,817
050,06,099,"California","Stanislaus County",3,85,7822,2888,4934
050,06,099,"California","Stanislaus County",4,0,7226,3607,3619
050,06,099,"California","Stanislaus County",4,1,6971,3517,3454
050,06,099,"California","Stanislaus County",4,2,7373,3736,3637
050,06,099,"California","Stanislaus County",4,3,7478,3853,3625
050,06,099,"California","Stanislaus County",4,4,7548,3881,3667
050,06,099,"California","Stanislaus County",4,5,8004,4116,3888
050,06,099,"California","Stanislaus County",4,6,8123,4154,3969
050,06,099,"California","Stanislaus County",4,7,8176,4205,3971
050,06,099,"California","Stanislaus County",4,8,8127,4165,3962
050,06,099,"California","Stanislaus County",4,9,8162,4151,4011
050,06,099,"California","Stanislaus County",4,10,8223,4126,4097
050,06,099,"California","Stanislaus County",4,11,8381,4288,4093
050,06,099,"California","Stanislaus County",4,12,8667,4470,4197
050,06,099,"California","Stanislaus County",4,13,8771,4486,4285
050,06,099,"California","Stanislaus County",4,14,9152,4668,4484
050,06,099,"California","Stanislaus County",4,15,9028,4571,4457
050,06,099,"California","Stanislaus County",4,16,8946,4591,4355
050,06,099,"California","Stanislaus County",4,17,8603,4365,4238
050,06,099,"California","Stanislaus County",4,18,7912,4074,3838
050,06,099,"California","Stanislaus County",4,19,7103,3646,3457
050,06,099,"California","Stanislaus County",4,20,7162,3661,3501
050,06,099,"California","Stanislaus County",4,21,7200,3689,3511
050,06,099,"California","Stanislaus County",4,22,7325,3723,3602
050,06,099,"California","Stanislaus County",4,23,7333,3722,3611
050,06,099,"California","Stanislaus County",4,24,7422,3755,3667
050,06,099,"California","Stanislaus County",4,25,7384,3766,3618
050,06,099,"California","Stanislaus County",4,26,7487,3825,3662
050,06,099,"California","Stanislaus County",4,27,7583,3850,3733
050,06,099,"California","Stanislaus County",4,28,7700,3977,3723
050,06,099,"California","Stanislaus County",4,29,7614,3935,3679
050,06,099,"California","Stanislaus County",4,30,7885,4013,3872
050,06,099,"California","Stanislaus County",4,31,8405,4235,4170
050,06,099,"California","Stanislaus County",4,32,8301,4151,4150
050,06,099,"California","Stanislaus County",4,33,7952,3956,3996
050,06,099,"California","Stanislaus County",4,34,7796,3995,3801
050,06,099,"California","Stanislaus County",4,35,7689,3991,3698
050,06,099,"California","Stanislaus County",4,36,7629,3883,3746
050,06,099,"California","Stanislaus County",4,37,7610,3844,3766
050,06,099,"California","Stanislaus County",4,38,7394,3782,3612
050,06,099,"California","Stanislaus County",4,39,7562,3881,3681
050,06,099,"California","Stanislaus County",4,40,7480,3819,3661
050,06,099,"California","Stanislaus County",4,41,7347,3738,3609
050,06,099,"California","Stanislaus County",4,42,7407,3801,3606
050,06,099,"California","Stanislaus County",4,43,6922,3509,3413
050,06,099,"California","Stanislaus County",4,44,6763,3412,3351
050,06,099,"California","Stanislaus County",4,45,6661,3401,3260
050,06,099,"California","Stanislaus County",4,46,6487,3296,3191
050,06,099,"California","Stanislaus County",4,47,6343,3193,3150
050,06,099,"California","Stanislaus County",4,48,6181,3087,3094
050,06,099,"California","Stanislaus County",4,49,6112,3056,3056
050,06,099,"California","Stanislaus County",4,50,6333,3229,3104
050,06,099,"California","Stanislaus County",4,51,6601,3391,3210
050,06,099,"California","Stanislaus County",4,52,6605,3352,3253
050,06,099,"California","Stanislaus County",4,53,6387,3163,3224
050,06,099,"California","Stanislaus County",4,54,6216,3097,3119
050,06,099,"California","Stanislaus County",4,55,6010,3035,2975
050,06,099,"California","Stanislaus County",4,56,6019,3025,2994
050,06,099,"California","Stanislaus County",4,57,6204,3056,3148
050,06,099,"California","Stanislaus County",4,58,6336,3104,3232
050,06,099,"California","Stanislaus County",4,59,6224,3027,3197
050,06,099,"California","Stanislaus County",4,60,6266,3115,3151
050,06,099,"California","Stanislaus County",4,61,6209,3049,3160
050,06,099,"California","Stanislaus County",4,62,6044,2980,3064
050,06,099,"California","Stanislaus County",4,63,5784,2829,2955
050,06,099,"California","Stanislaus County",4,64,5700,2772,2928
050,06,099,"California","Stanislaus County",4,65,5470,2611,2859
050,06,099,"California","Stanislaus County",4,66,5233,2497,2736
050,06,099,"California","Stanislaus County",4,67,5110,2389,2721
050,06,099,"California","Stanislaus County",4,68,4838,2304,2534
050,06,099,"California","Stanislaus County",4,69,4708,2197,2511
050,06,099,"California","Stanislaus County",4,70,4421,2040,2381
050,06,099,"California","Stanislaus County",4,71,4097,1863,2234
050,06,099,"California","Stanislaus County",4,72,3950,1750,2200
050,06,099,"California","Stanislaus County",4,73,3799,1703,2096
050,06,099,"California","Stanislaus County",4,74,3694,1650,2044
050,06,099,"California","Stanislaus County",4,75,3871,1764,2107
050,06,099,"California","Stanislaus County",4,76,2877,1263,1614
050,06,099,"California","Stanislaus County",4,77,2640,1151,1489
050,06,099,"California","Stanislaus County",4,78,2546,1127,1419
050,06,099,"California","Stanislaus County",4,79,2499,1093,1406
050,06,099,"California","Stanislaus County",4,80,2138,915,1223
050,06,099,"California","Stanislaus County",4,81,1839,757,1082
050,06,099,"California","Stanislaus County",4,82,1724,697,1027
050,06,099,"California","Stanislaus County",4,83,1589,696,893
050,06,099,"California","Stanislaus County",4,84,1389,578,811
050,06,099,"California","Stanislaus County",4,85,7746,2865,4881
050,06,099,"California","Stanislaus County",5,0,7048,3528,3520
050,06,099,"California","Stanislaus County",5,1,7348,3667,3681
050,06,099,"California","Stanislaus County",5,2,7035,3542,3493
050,06,099,"California","Stanislaus County",5,3,7380,3790,3590
050,06,099,"California","Stanislaus County",5,4,7533,3875,3658
050,06,099,"California","Stanislaus County",5,5,7540,3887,3653
050,06,099,"California","Stanislaus County",5,6,7994,4128,3866
050,06,099,"California","Stanislaus County",5,7,8112,4167,3945
050,06,099,"California","Stanislaus County",5,8,8196,4219,3977
050,06,099,"California","Stanislaus County",5,9,8154,4178,3976
050,06,099,"California","Stanislaus County",5,10,8212,4190,4022
050,06,099,"California","Stanislaus County",5,11,8231,4143,4088
050,06,099,"California","Stanislaus County",5,12,8427,4325,4102
050,06,099,"California","Stanislaus County",5,13,8658,4492,4166
050,06,099,"California","Stanislaus County",5,14,8795,4489,4306
050,06,099,"California","Stanislaus County",5,15,9204,4712,4492
050,06,099,"California","Stanislaus County",5,16,9025,4555,4470
050,06,099,"California","Stanislaus County",5,17,8939,4559,4380
050,06,099,"California","Stanislaus County",5,18,8030,4093,3937
050,06,099,"California","Stanislaus County",5,19,7163,3663,3500
050,06,099,"California","Stanislaus County",5,20,7306,3725,3581
050,06,099,"California","Stanislaus County",5,21,7308,3704,3604
050,06,099,"California","Stanislaus County",5,22,7427,3794,3633
050,06,099,"California","Stanislaus County",5,23,7465,3763,3702
050,06,099,"California","Stanislaus County",5,24,7408,3752,3656
050,06,099,"California","Stanislaus County",5,25,7340,3722,3618
050,06,099,"California","Stanislaus County",5,26,7306,3736,3570
050,06,099,"California","Stanislaus County",5,27,7457,3792,3665
050,06,099,"California","Stanislaus County",5,28,7469,3808,3661
050,06,099,"California","Stanislaus County",5,29,7656,3972,3684
050,06,099,"California","Stanislaus County",5,30,7546,3898,3648
050,06,099,"California","Stanislaus County",5,31,7922,4037,3885
050,06,099,"California","Stanislaus County",5,32,8352,4172,4180
050,06,099,"California","Stanislaus County",5,33,8267,4137,4130
050,06,099,"California","Stanislaus County",5,34,7866,3923,3943
050,06,099,"California","Stanislaus County",5,35,7798,3968,3830
050,06,099,"California","Stanislaus County",5,36,7736,4001,3735
050,06,099,"California","Stanislaus County",5,37,7540,3847,3693
050,06,099,"California","Stanislaus County",5,38,7568,3829,3739
050,06,099,"California","Stanislaus County",5,39,7426,3808,3618
050,06,099,"California","Stanislaus County",5,40,7532,3891,3641
050,06,099,"California","Stanislaus County",5,41,7429,3793,3636
050,06,099,"California","Stanislaus County",5,42,7295,3709,3586
050,06,099,"California","Stanislaus County",5,43,7309,3728,3581
050,06,099,"California","Stanislaus County",5,44,6915,3476,3439
050,06,099,"California","Stanislaus County",5,45,6673,3343,3330
050,06,099,"California","Stanislaus County",5,46,6630,3383,3247
050,06,099,"California","Stanislaus County",5,47,6420,3258,3162
050,06,099,"California","Stanislaus County",5,48,6272,3186,3086
050,06,099,"California","Stanislaus County",5,49,6161,3072,3089
050,06,099,"California","Stanislaus County",5,50,6090,3052,3038
050,06,099,"California","Stanislaus County",5,51,6300,3227,3073
050,06,099,"California","Stanislaus County",5,52,6531,3370,3161
050,06,099,"California","Stanislaus County",5,53,6511,3293,3218
050,06,099,"California","Stanislaus County",5,54,6359,3151,3208
050,06,099,"California","Stanislaus County",5,55,6114,3038,3076
050,06,099,"California","Stanislaus County",5,56,5957,3013,2944
050,06,099,"California","Stanislaus County",5,57,5882,2943,2939
050,06,099,"California","Stanislaus County",5,58,6073,2993,3080
050,06,099,"California","Stanislaus County",5,59,6201,3035,3166
050,06,099,"California","Stanislaus County",5,60,6098,2980,3118
050,06,099,"California","Stanislaus County",5,61,6093,3014,3079
050,06,099,"California","Stanislaus County",5,62,6097,2982,3115
050,06,099,"California","Stanislaus County",5,63,5915,2932,2983
050,06,099,"California","Stanislaus County",5,64,5609,2731,2878
050,06,099,"California","Stanislaus County",5,65,5536,2684,2852
050,06,099,"California","Stanislaus County",5,66,5331,2539,2792
050,06,099,"California","Stanislaus County",5,67,5099,2427,2672
050,06,099,"California","Stanislaus County",5,68,4957,2317,2640
050,06,099,"California","Stanislaus County",5,69,4727,2253,2474
050,06,099,"California","Stanislaus County",5,70,4560,2104,2456
050,06,099,"California","Stanislaus County",5,71,4273,1941,2332
050,06,099,"California","Stanislaus County",5,72,3976,1792,2184
050,06,099,"California","Stanislaus County",5,73,3775,1672,2103
050,06,099,"California","Stanislaus County",5,74,3682,1641,2041
050,06,099,"California","Stanislaus County",5,75,3570,1572,1998
050,06,099,"California","Stanislaus County",5,76,3727,1685,2042
050,06,099,"California","Stanislaus County",5,77,2711,1181,1530
050,06,099,"California","Stanislaus County",5,78,2529,1079,1450
050,06,099,"California","Stanislaus County",5,79,2421,1049,1372
050,06,099,"California","Stanislaus County",5,80,2371,1028,1343
050,06,099,"California","Stanislaus County",5,81,2000,862,1138
050,06,099,"California","Stanislaus County",5,82,1738,692,1046
050,06,099,"California","Stanislaus County",5,83,1600,657,943
050,06,099,"California","Stanislaus County",5,84,1445,620,825
050,06,099,"California","Stanislaus County",5,85,7749,2896,4853
050,06,101,"California","Sutter County",1,0,1241,638,603
050,06,101,"California","Sutter County",1,1,1236,656,580
050,06,101,"California","Sutter County",1,2,1358,704,654
050,06,101,"California","Sutter County",1,3,1353,700,653
050,06,101,"California","Sutter County",1,4,1413,730,683
050,06,101,"California","Sutter County",1,5,1412,734,678
050,06,101,"California","Sutter County",1,6,1358,709,649
050,06,101,"California","Sutter County",1,7,1364,693,671
050,06,101,"California","Sutter County",1,8,1414,720,694
050,06,101,"California","Sutter County",1,9,1401,759,642
050,06,101,"California","Sutter County",1,10,1409,711,698
050,06,101,"California","Sutter County",1,11,1526,793,733
050,06,101,"California","Sutter County",1,12,1549,802,747
050,06,101,"California","Sutter County",1,13,1570,785,785
050,06,101,"California","Sutter County",1,14,1519,793,726
050,06,101,"California","Sutter County",1,15,1548,814,734
050,06,101,"California","Sutter County",1,16,1529,782,747
050,06,101,"California","Sutter County",1,17,1513,771,742
050,06,101,"California","Sutter County",1,18,1303,678,625
050,06,101,"California","Sutter County",1,19,1114,588,526
050,06,101,"California","Sutter County",1,20,1136,587,549
050,06,101,"California","Sutter County",1,21,1173,598,575
050,06,101,"California","Sutter County",1,22,1174,590,584
050,06,101,"California","Sutter County",1,23,1238,630,608
050,06,101,"California","Sutter County",1,24,1263,650,613
050,06,101,"California","Sutter County",1,25,1315,677,638
050,06,101,"California","Sutter County",1,26,1350,698,652
050,06,101,"California","Sutter County",1,27,1414,728,686
050,06,101,"California","Sutter County",1,28,1486,790,696
050,06,101,"California","Sutter County",1,29,1509,767,742
050,06,101,"California","Sutter County",1,30,1387,712,675
050,06,101,"California","Sutter County",1,31,1337,693,644
050,06,101,"California","Sutter County",1,32,1357,685,672
050,06,101,"California","Sutter County",1,33,1289,651,638
050,06,101,"California","Sutter County",1,34,1312,665,647
050,06,101,"California","Sutter County",1,35,1377,731,646
050,06,101,"California","Sutter County",1,36,1344,697,647
050,06,101,"California","Sutter County",1,37,1301,634,667
050,06,101,"California","Sutter County",1,38,1267,615,652
050,06,101,"California","Sutter County",1,39,1256,613,643
050,06,101,"California","Sutter County",1,40,1266,640,626
050,06,101,"California","Sutter County",1,41,1228,639,589
050,06,101,"California","Sutter County",1,42,1253,644,609
050,06,101,"California","Sutter County",1,43,1186,593,593
050,06,101,"California","Sutter County",1,44,1141,579,562
050,06,101,"California","Sutter County",1,45,1098,554,544
050,06,101,"California","Sutter County",1,46,1096,546,550
050,06,101,"California","Sutter County",1,47,1092,532,560
050,06,101,"California","Sutter County",1,48,1162,571,591
050,06,101,"California","Sutter County",1,49,1176,598,578
050,06,101,"California","Sutter County",1,50,1155,586,569
050,06,101,"California","Sutter County",1,51,1127,541,586
050,06,101,"California","Sutter County",1,52,1127,556,571
050,06,101,"California","Sutter County",1,53,1166,589,577
050,06,101,"California","Sutter County",1,54,1214,636,578
050,06,101,"California","Sutter County",1,55,1207,629,578
050,06,101,"California","Sutter County",1,56,1270,629,641
050,06,101,"California","Sutter County",1,57,1242,627,615
050,06,101,"California","Sutter County",1,58,1267,631,636
050,06,101,"California","Sutter County",1,59,1244,607,637
050,06,101,"California","Sutter County",1,60,1261,629,632
050,06,101,"California","Sutter County",1,61,1208,577,631
050,06,101,"California","Sutter County",1,62,1171,573,598
050,06,101,"California","Sutter County",1,63,1088,532,556
050,06,101,"California","Sutter County",1,64,1122,555,567
050,06,101,"California","Sutter County",1,65,1131,559,572
050,06,101,"California","Sutter County",1,66,1054,509,545
050,06,101,"California","Sutter County",1,67,941,455,486
050,06,101,"California","Sutter County",1,68,880,419,461
050,06,101,"California","Sutter County",1,69,850,421,429
050,06,101,"California","Sutter County",1,70,842,404,438
050,06,101,"California","Sutter County",1,71,865,420,445
050,06,101,"California","Sutter County",1,72,881,438,443
050,06,101,"California","Sutter County",1,73,823,395,428
050,06,101,"California","Sutter County",1,74,636,279,357
050,06,101,"California","Sutter County",1,75,640,281,359
050,06,101,"California","Sutter County",1,76,631,271,360
050,06,101,"California","Sutter County",1,77,607,249,358
050,06,101,"California","Sutter County",1,78,546,237,309
050,06,101,"California","Sutter County",1,79,486,233,253
050,06,101,"California","Sutter County",1,80,445,193,252
050,06,101,"California","Sutter County",1,81,398,179,219
050,06,101,"California","Sutter County",1,82,377,177,200
050,06,101,"California","Sutter County",1,83,339,132,207
050,06,101,"California","Sutter County",1,84,322,126,196
050,06,101,"California","Sutter County",1,85,1960,765,1195
050,06,101,"California","Sutter County",2,0,1220,625,595
050,06,101,"California","Sutter County",2,1,1238,655,583
050,06,101,"California","Sutter County",2,2,1328,695,633
050,06,101,"California","Sutter County",2,3,1339,692,647
050,06,101,"California","Sutter County",2,4,1394,722,672
050,06,101,"California","Sutter County",2,5,1410,729,681
050,06,101,"California","Sutter County",2,6,1371,712,659
050,06,101,"California","Sutter County",2,7,1356,693,663
050,06,101,"California","Sutter County",2,8,1391,708,683
050,06,101,"California","Sutter County",2,9,1402,746,656
050,06,101,"California","Sutter County",2,10,1409,722,687
050,06,101,"California","Sutter County",2,11,1489,769,720
050,06,101,"California","Sutter County",2,12,1546,800,746
050,06,101,"California","Sutter County",2,13,1560,786,774
050,06,101,"California","Sutter County",2,14,1529,790,739
050,06,101,"California","Sutter County",2,15,1542,810,732
050,06,101,"California","Sutter County",2,16,1534,790,744
050,06,101,"California","Sutter County",2,17,1516,772,744
050,06,101,"California","Sutter County",2,18,1306,681,625
050,06,101,"California","Sutter County",2,19,1124,591,533
050,06,101,"California","Sutter County",2,20,1159,603,556
050,06,101,"California","Sutter County",2,21,1163,593,570
050,06,101,"California","Sutter County",2,22,1182,595,587
050,06,101,"California","Sutter County",2,23,1226,620,606
050,06,101,"California","Sutter County",2,24,1249,637,612
050,06,101,"California","Sutter County",2,25,1305,669,636
050,06,101,"California","Sutter County",2,26,1350,698,652
050,06,101,"California","Sutter County",2,27,1389,719,670
050,06,101,"California","Sutter County",2,28,1462,774,688
050,06,101,"California","Sutter County",2,29,1493,770,723
050,06,101,"California","Sutter County",2,30,1416,727,689
050,06,101,"California","Sutter County",2,31,1332,687,645
050,06,101,"California","Sutter County",2,32,1337,678,659
050,06,101,"California","Sutter County",2,33,1303,656,647
050,06,101,"California","Sutter County",2,34,1302,663,639
050,06,101,"California","Sutter County",2,35,1364,717,647
050,06,101,"California","Sutter County",2,36,1344,702,642
050,06,101,"California","Sutter County",2,37,1307,648,659
050,06,101,"California","Sutter County",2,38,1288,629,659
050,06,101,"California","Sutter County",2,39,1247,606,641
050,06,101,"California","Sutter County",2,40,1273,640,633
050,06,101,"California","Sutter County",2,41,1233,637,596
050,06,101,"California","Sutter County",2,42,1245,643,602
050,06,101,"California","Sutter County",2,43,1195,602,593
050,06,101,"California","Sutter County",2,44,1139,577,562
050,06,101,"California","Sutter County",2,45,1111,560,551
050,06,101,"California","Sutter County",2,46,1084,544,540
050,06,101,"California","Sutter County",2,47,1085,530,555
050,06,101,"California","Sutter County",2,48,1148,563,585
050,06,101,"California","Sutter County",2,49,1171,593,578
050,06,101,"California","Sutter County",2,50,1156,589,567
050,06,101,"California","Sutter County",2,51,1128,548,580
050,06,101,"California","Sutter County",2,52,1127,555,572
050,06,101,"California","Sutter County",2,53,1144,575,569
050,06,101,"California","Sutter County",2,54,1197,624,573
050,06,101,"California","Sutter County",2,55,1210,633,577
050,06,101,"California","Sutter County",2,56,1252,626,626
050,06,101,"California","Sutter County",2,57,1241,625,616
050,06,101,"California","Sutter County",2,58,1258,630,628
050,06,101,"California","Sutter County",2,59,1243,611,632
050,06,101,"California","Sutter County",2,60,1264,627,637
050,06,101,"California","Sutter County",2,61,1215,586,629
050,06,101,"California","Sutter County",2,62,1175,568,607
050,06,101,"California","Sutter County",2,63,1111,544,567
050,06,101,"California","Sutter County",2,64,1106,546,560
050,06,101,"California","Sutter County",2,65,1125,555,570
050,06,101,"California","Sutter County",2,66,1068,518,550
050,06,101,"California","Sutter County",2,67,966,467,499
050,06,101,"California","Sutter County",2,68,890,424,466
050,06,101,"California","Sutter County",2,69,859,421,438
050,06,101,"California","Sutter County",2,70,843,409,434
050,06,101,"California","Sutter County",2,71,854,415,439
050,06,101,"California","Sutter County",2,72,863,426,437
050,06,101,"California","Sutter County",2,73,868,420,448
050,06,101,"California","Sutter County",2,74,643,292,351
050,06,101,"California","Sutter County",2,75,636,279,357
050,06,101,"California","Sutter County",2,76,628,271,357
050,06,101,"California","Sutter County",2,77,613,252,361
050,06,101,"California","Sutter County",2,78,544,234,310
050,06,101,"California","Sutter County",2,79,496,229,267
050,06,101,"California","Sutter County",2,80,449,201,248
050,06,101,"California","Sutter County",2,81,395,179,216
050,06,101,"California","Sutter County",2,82,383,176,207
050,06,101,"California","Sutter County",2,83,342,140,202
050,06,101,"California","Sutter County",2,84,322,125,197
050,06,101,"California","Sutter County",2,85,1959,764,1195
050,06,101,"California","Sutter County",3,0,1223,617,606
050,06,101,"California","Sutter County",3,1,1259,641,618
050,06,101,"California","Sutter County",3,2,1235,660,575
050,06,101,"California","Sutter County",3,3,1308,679,629
050,06,101,"California","Sutter County",3,4,1338,700,638
050,06,101,"California","Sutter County",3,5,1428,724,704
050,06,101,"California","Sutter County",3,6,1419,740,679
050,06,101,"California","Sutter County",3,7,1342,686,656
050,06,101,"California","Sutter County",3,8,1349,686,663
050,06,101,"California","Sutter County",3,9,1396,726,670
050,06,101,"California","Sutter County",3,10,1396,736,660
050,06,101,"California","Sutter County",3,11,1417,723,694
050,06,101,"California","Sutter County",3,12,1446,745,701
050,06,101,"California","Sutter County",3,13,1544,812,732
050,06,101,"California","Sutter County",3,14,1566,791,775
050,06,101,"California","Sutter County",3,15,1532,798,734
050,06,101,"California","Sutter County",3,16,1527,796,731
050,06,101,"California","Sutter County",3,17,1522,771,751
050,06,101,"California","Sutter County",3,18,1347,701,646
050,06,101,"California","Sutter County",3,19,1134,588,546
050,06,101,"California","Sutter County",3,20,1171,600,571
050,06,101,"California","Sutter County",3,21,1174,604,570
050,06,101,"California","Sutter County",3,22,1199,625,574
050,06,101,"California","Sutter County",3,23,1211,609,602
050,06,101,"California","Sutter County",3,24,1283,634,649
050,06,101,"California","Sutter County",3,25,1237,627,610
050,06,101,"California","Sutter County",3,26,1267,668,599
050,06,101,"California","Sutter County",3,27,1317,682,635
050,06,101,"California","Sutter County",3,28,1362,692,670
050,06,101,"California","Sutter County",3,29,1467,772,695
050,06,101,"California","Sutter County",3,30,1484,764,720
050,06,101,"California","Sutter County",3,31,1379,698,681
050,06,101,"California","Sutter County",3,32,1369,714,655
050,06,101,"California","Sutter County",3,33,1352,693,659
050,06,101,"California","Sutter County",3,34,1320,649,671
050,06,101,"California","Sutter County",3,35,1304,658,646
050,06,101,"California","Sutter County",3,36,1320,687,633
050,06,101,"California","Sutter County",3,37,1319,695,624
050,06,101,"California","Sutter County",3,38,1318,661,657
050,06,101,"California","Sutter County",3,39,1273,618,655
050,06,101,"California","Sutter County",3,40,1263,623,640
050,06,101,"California","Sutter County",3,41,1261,632,629
050,06,101,"California","Sutter County",3,42,1247,646,601
050,06,101,"California","Sutter County",3,43,1189,612,577
050,06,101,"California","Sutter County",3,44,1185,608,577
050,06,101,"California","Sutter County",3,45,1139,576,563
050,06,101,"California","Sutter County",3,46,1109,563,546
050,06,101,"California","Sutter County",3,47,1048,514,534
050,06,101,"California","Sutter County",3,48,1091,534,557
050,06,101,"California","Sutter County",3,49,1139,564,575
050,06,101,"California","Sutter County",3,50,1148,572,576
050,06,101,"California","Sutter County",3,51,1133,585,548
050,06,101,"California","Sutter County",3,52,1131,558,573
050,06,101,"California","Sutter County",3,53,1107,534,573
050,06,101,"California","Sutter County",3,54,1145,580,565
050,06,101,"California","Sutter County",3,55,1194,631,563
050,06,101,"California","Sutter County",3,56,1195,618,577
050,06,101,"California","Sutter County",3,57,1234,626,608
050,06,101,"California","Sutter County",3,58,1195,588,607
050,06,101,"California","Sutter County",3,59,1226,611,615
050,06,101,"California","Sutter County",3,60,1230,615,615
050,06,101,"California","Sutter County",3,61,1246,617,629
050,06,101,"California","Sutter County",3,62,1186,564,622
050,06,101,"California","Sutter County",3,63,1110,534,576
050,06,101,"California","Sutter County",3,64,1076,533,543
050,06,101,"California","Sutter County",3,65,1075,531,544
050,06,101,"California","Sutter County",3,66,1106,540,566
050,06,101,"California","Sutter County",3,67,1040,504,536
050,06,101,"California","Sutter County",3,68,951,454,497
050,06,101,"California","Sutter County",3,69,853,406,447
050,06,101,"California","Sutter County",3,70,847,413,434
050,06,101,"California","Sutter County",3,71,819,392,427
050,06,101,"California","Sutter County",3,72,837,405,432
050,06,101,"California","Sutter County",3,73,830,411,419
050,06,101,"California","Sutter County",3,74,838,401,437
050,06,101,"California","Sutter County",3,75,603,269,334
050,06,101,"California","Sutter County",3,76,616,270,346
050,06,101,"California","Sutter County",3,77,605,253,352
050,06,101,"California","Sutter County",3,78,584,241,343
050,06,101,"California","Sutter County",3,79,527,219,308
050,06,101,"California","Sutter County",3,80,453,206,247
050,06,101,"California","Sutter County",3,81,426,193,233
050,06,101,"California","Sutter County",3,82,389,169,220
050,06,101,"California","Sutter County",3,83,365,164,201
050,06,101,"California","Sutter County",3,84,317,126,191
050,06,101,"California","Sutter County",3,85,1990,788,1202
050,06,101,"California","Sutter County",4,0,1216,629,587
050,06,101,"California","Sutter County",4,1,1235,640,595
050,06,101,"California","Sutter County",4,2,1252,616,636
050,06,101,"California","Sutter County",4,3,1228,667,561
050,06,101,"California","Sutter County",4,4,1317,670,647
050,06,101,"California","Sutter County",4,5,1357,697,660
050,06,101,"California","Sutter County",4,6,1411,719,692
050,06,101,"California","Sutter County",4,7,1389,716,673
050,06,101,"California","Sutter County",4,8,1324,680,644
050,06,101,"California","Sutter County",4,9,1360,703,657
050,06,101,"California","Sutter County",4,10,1390,723,667
050,06,101,"California","Sutter County",4,11,1410,743,667
050,06,101,"California","Sutter County",4,12,1392,701,691
050,06,101,"California","Sutter County",4,13,1434,731,703
050,06,101,"California","Sutter County",4,14,1538,808,730
050,06,101,"California","Sutter County",4,15,1536,766,770
050,06,101,"California","Sutter County",4,16,1516,790,726
050,06,101,"California","Sutter County",4,17,1504,779,725
050,06,101,"California","Sutter County",4,18,1341,691,650
050,06,101,"California","Sutter County",4,19,1122,586,536
050,06,101,"California","Sutter County",4,20,1178,606,572
050,06,101,"California","Sutter County",4,21,1180,606,574
050,06,101,"California","Sutter County",4,22,1188,599,589
050,06,101,"California","Sutter County",4,23,1241,644,597
050,06,101,"California","Sutter County",4,24,1216,611,605
050,06,101,"California","Sutter County",4,25,1279,630,649
050,06,101,"California","Sutter County",4,26,1249,614,635
050,06,101,"California","Sutter County",4,27,1284,676,608
050,06,101,"California","Sutter County",4,28,1317,680,637
050,06,101,"California","Sutter County",4,29,1369,690,679
050,06,101,"California","Sutter County",4,30,1463,757,706
050,06,101,"California","Sutter County",4,31,1491,778,713
050,06,101,"California","Sutter County",4,32,1389,702,687
050,06,101,"California","Sutter County",4,33,1348,701,647
050,06,101,"California","Sutter County",4,34,1348,683,665
050,06,101,"California","Sutter County",4,35,1326,662,664
050,06,101,"California","Sutter County",4,36,1295,667,628
050,06,101,"California","Sutter County",4,37,1299,668,631
050,06,101,"California","Sutter County",4,38,1329,695,634
050,06,101,"California","Sutter County",4,39,1268,631,637
050,06,101,"California","Sutter County",4,40,1251,598,653
050,06,101,"California","Sutter County",4,41,1244,611,633
050,06,101,"California","Sutter County",4,42,1289,652,637
050,06,101,"California","Sutter County",4,43,1237,624,613
050,06,101,"California","Sutter County",4,44,1186,609,577
050,06,101,"California","Sutter County",4,45,1172,605,567
050,06,101,"California","Sutter County",4,46,1137,584,553
050,06,101,"California","Sutter County",4,47,1062,521,541
050,06,101,"California","Sutter County",4,48,1055,523,532
050,06,101,"California","Sutter County",4,49,1077,518,559
050,06,101,"California","Sutter County",4,50,1114,553,561
050,06,101,"California","Sutter County",4,51,1124,562,562
050,06,101,"California","Sutter County",4,52,1146,590,556
050,06,101,"California","Sutter County",4,53,1131,550,581
050,06,101,"California","Sutter County",4,54,1085,536,549
050,06,101,"California","Sutter County",4,55,1123,580,543
050,06,101,"California","Sutter County",4,56,1179,612,567
050,06,101,"California","Sutter County",4,57,1177,605,572
050,06,101,"California","Sutter County",4,58,1207,612,595
050,06,101,"California","Sutter County",4,59,1145,568,577
050,06,101,"California","Sutter County",4,60,1220,620,600
050,06,101,"California","Sutter County",4,61,1196,589,607
050,06,101,"California","Sutter County",4,62,1226,595,631
050,06,101,"California","Sutter County",4,63,1162,556,606
050,06,101,"California","Sutter County",4,64,1088,516,572
050,06,101,"California","Sutter County",4,65,1047,521,526
050,06,101,"California","Sutter County",4,66,1046,513,533
050,06,101,"California","Sutter County",4,67,1075,534,541
050,06,101,"California","Sutter County",4,68,1015,485,530
050,06,101,"California","Sutter County",4,69,913,435,478
050,06,101,"California","Sutter County",4,70,826,383,443
050,06,101,"California","Sutter County",4,71,812,397,415
050,06,101,"California","Sutter County",4,72,794,375,419
050,06,101,"California","Sutter County",4,73,801,391,410
050,06,101,"California","Sutter County",4,74,789,391,398
050,06,101,"California","Sutter County",4,75,777,368,409
050,06,101,"California","Sutter County",4,76,575,257,318
050,06,101,"California","Sutter County",4,77,590,255,335
050,06,101,"California","Sutter County",4,78,570,237,333
050,06,101,"California","Sutter County",4,79,572,231,341
050,06,101,"California","Sutter County",4,80,490,199,291
050,06,101,"California","Sutter County",4,81,422,194,228
050,06,101,"California","Sutter County",4,82,399,176,223
050,06,101,"California","Sutter County",4,83,353,152,201
050,06,101,"California","Sutter County",4,84,340,145,195
050,06,101,"California","Sutter County",4,85,2001,806,1195
050,06,101,"California","Sutter County",5,0,1166,609,557
050,06,101,"California","Sutter County",5,1,1212,633,579
050,06,101,"California","Sutter County",5,2,1220,640,580
050,06,101,"California","Sutter County",5,3,1263,609,654
050,06,101,"California","Sutter County",5,4,1254,675,579
050,06,101,"California","Sutter County",5,5,1317,675,642
050,06,101,"California","Sutter County",5,6,1343,690,653
050,06,101,"California","Sutter County",5,7,1400,710,690
050,06,101,"California","Sutter County",5,8,1381,722,659
050,06,101,"California","Sutter County",5,9,1330,677,653
050,06,101,"California","Sutter County",5,10,1344,697,647
050,06,101,"California","Sutter County",5,11,1362,721,641
050,06,101,"California","Sutter County",5,12,1384,737,647
050,06,101,"California","Sutter County",5,13,1369,689,680
050,06,101,"California","Sutter County",5,14,1440,743,697
050,06,101,"California","Sutter County",5,15,1499,778,721
050,06,101,"California","Sutter County",5,16,1516,765,751
050,06,101,"California","Sutter County",5,17,1491,775,716
050,06,101,"California","Sutter County",5,18,1320,699,621
050,06,101,"California","Sutter County",5,19,1151,576,575
050,06,101,"California","Sutter County",5,20,1188,617,571
050,06,101,"California","Sutter County",5,21,1208,623,585
050,06,101,"California","Sutter County",5,22,1189,601,588
050,06,101,"California","Sutter County",5,23,1237,621,616
050,06,101,"California","Sutter County",5,24,1273,651,622
050,06,101,"California","Sutter County",5,25,1249,618,631
050,06,101,"California","Sutter County",5,26,1280,630,650
050,06,101,"California","Sutter County",5,27,1237,603,634
050,06,101,"California","Sutter County",5,28,1254,668,586
050,06,101,"California","Sutter County",5,29,1316,674,642
050,06,101,"California","Sutter County",5,30,1371,683,688
050,06,101,"California","Sutter County",5,31,1423,749,674
050,06,101,"California","Sutter County",5,32,1454,752,702
050,06,101,"California","Sutter County",5,33,1385,693,692
050,06,101,"California","Sutter County",5,34,1317,680,637
050,06,101,"California","Sutter County",5,35,1343,674,669
050,06,101,"California","Sutter County",5,36,1299,659,640
050,06,101,"California","Sutter County",5,37,1264,649,615
050,06,101,"California","Sutter County",5,38,1304,678,626
050,06,101,"California","Sutter County",5,39,1288,672,616
050,06,101,"California","Sutter County",5,40,1280,645,635
050,06,101,"California","Sutter County",5,41,1241,593,648
050,06,101,"California","Sutter County",5,42,1244,606,638
050,06,101,"California","Sutter County",5,43,1234,612,622
050,06,101,"California","Sutter County",5,44,1234,625,609
050,06,101,"California","Sutter County",5,45,1183,601,582
050,06,101,"California","Sutter County",5,46,1169,612,557
050,06,101,"California","Sutter County",5,47,1119,563,556
050,06,101,"California","Sutter County",5,48,1063,524,539
050,06,101,"California","Sutter County",5,49,1042,507,535
050,06,101,"California","Sutter County",5,50,1038,498,540
050,06,101,"California","Sutter County",5,51,1101,549,552
050,06,101,"California","Sutter County",5,52,1118,567,551
050,06,101,"California","Sutter County",5,53,1140,578,562
050,06,101,"California","Sutter County",5,54,1114,545,569
050,06,101,"California","Sutter County",5,55,1048,513,535
050,06,101,"California","Sutter County",5,56,1113,566,547
050,06,101,"California","Sutter County",5,57,1159,604,555
050,06,101,"California","Sutter County",5,58,1169,593,576
050,06,101,"California","Sutter County",5,59,1183,602,581
050,06,101,"California","Sutter County",5,60,1168,594,574
050,06,101,"California","Sutter County",5,61,1194,599,595
050,06,101,"California","Sutter County",5,62,1172,565,607
050,06,101,"California","Sutter County",5,63,1191,573,618
050,06,101,"California","Sutter County",5,64,1112,538,574
050,06,101,"California","Sutter County",5,65,1049,503,546
050,06,101,"California","Sutter County",5,66,1028,522,506
050,06,101,"California","Sutter County",5,67,1033,503,530
050,06,101,"California","Sutter County",5,68,1045,512,533
050,06,101,"California","Sutter County",5,69,974,459,515
050,06,101,"California","Sutter County",5,70,901,428,473
050,06,101,"California","Sutter County",5,71,804,369,435
050,06,101,"California","Sutter County",5,72,791,378,413
050,06,101,"California","Sutter County",5,73,767,362,405
050,06,101,"California","Sutter County",5,74,763,375,388
050,06,101,"California","Sutter County",5,75,749,369,380
050,06,101,"California","Sutter County",5,76,750,358,392
050,06,101,"California","Sutter County",5,77,551,242,309
050,06,101,"California","Sutter County",5,78,561,241,320
050,06,101,"California","Sutter County",5,79,568,232,336
050,06,101,"California","Sutter County",5,80,536,208,328
050,06,101,"California","Sutter County",5,81,461,190,271
050,06,101,"California","Sutter County",5,82,414,192,222
050,06,101,"California","Sutter County",5,83,361,157,204
050,06,101,"California","Sutter County",5,84,333,137,196
050,06,101,"California","Sutter County",5,85,2039,846,1193
050,06,103,"California","Tehama County",1,0,779,397,382
050,06,103,"California","Tehama County",1,1,774,388,386
050,06,103,"California","Tehama County",1,2,720,354,366
050,06,103,"California","Tehama County",1,3,795,400,395
050,06,103,"California","Tehama County",1,4,908,451,457
050,06,103,"California","Tehama County",1,5,896,453,443
050,06,103,"California","Tehama County",1,6,892,443,449
050,06,103,"California","Tehama County",1,7,832,399,433
050,06,103,"California","Tehama County",1,8,869,458,411
050,06,103,"California","Tehama County",1,9,875,465,410
050,06,103,"California","Tehama County",1,10,932,505,427
050,06,103,"California","Tehama County",1,11,951,506,445
050,06,103,"California","Tehama County",1,12,1019,508,511
050,06,103,"California","Tehama County",1,13,1033,520,513
050,06,103,"California","Tehama County",1,14,918,467,451
050,06,103,"California","Tehama County",1,15,923,478,445
050,06,103,"California","Tehama County",1,16,929,494,435
050,06,103,"California","Tehama County",1,17,874,468,406
050,06,103,"California","Tehama County",1,18,790,430,360
050,06,103,"California","Tehama County",1,19,666,337,329
050,06,103,"California","Tehama County",1,20,652,321,331
050,06,103,"California","Tehama County",1,21,682,348,334
050,06,103,"California","Tehama County",1,22,701,367,334
050,06,103,"California","Tehama County",1,23,688,351,337
050,06,103,"California","Tehama County",1,24,692,347,345
050,06,103,"California","Tehama County",1,25,754,395,359
050,06,103,"California","Tehama County",1,26,803,412,391
050,06,103,"California","Tehama County",1,27,781,390,391
050,06,103,"California","Tehama County",1,28,848,439,409
050,06,103,"California","Tehama County",1,29,855,435,420
050,06,103,"California","Tehama County",1,30,804,414,390
050,06,103,"California","Tehama County",1,31,775,396,379
050,06,103,"California","Tehama County",1,32,752,375,377
050,06,103,"California","Tehama County",1,33,757,364,393
050,06,103,"California","Tehama County",1,34,795,403,392
050,06,103,"California","Tehama County",1,35,804,410,394
050,06,103,"California","Tehama County",1,36,789,434,355
050,06,103,"California","Tehama County",1,37,780,406,374
050,06,103,"California","Tehama County",1,38,779,397,382
050,06,103,"California","Tehama County",1,39,786,394,392
050,06,103,"California","Tehama County",1,40,783,409,374
050,06,103,"California","Tehama County",1,41,710,342,368
050,06,103,"California","Tehama County",1,42,733,361,372
050,06,103,"California","Tehama County",1,43,734,378,356
050,06,103,"California","Tehama County",1,44,691,365,326
050,06,103,"California","Tehama County",1,45,696,368,328
050,06,103,"California","Tehama County",1,46,687,359,328
050,06,103,"California","Tehama County",1,47,673,354,319
050,06,103,"California","Tehama County",1,48,714,359,355
050,06,103,"California","Tehama County",1,49,775,394,381
050,06,103,"California","Tehama County",1,50,750,380,370
050,06,103,"California","Tehama County",1,51,743,392,351
050,06,103,"California","Tehama County",1,52,713,363,350
050,06,103,"California","Tehama County",1,53,765,381,384
050,06,103,"California","Tehama County",1,54,809,404,405
050,06,103,"California","Tehama County",1,55,875,427,448
050,06,103,"California","Tehama County",1,56,931,452,479
050,06,103,"California","Tehama County",1,57,963,453,510
050,06,103,"California","Tehama County",1,58,998,460,538
050,06,103,"California","Tehama County",1,59,1004,488,516
050,06,103,"California","Tehama County",1,60,1035,515,520
050,06,103,"California","Tehama County",1,61,898,437,461
050,06,103,"California","Tehama County",1,62,880,430,450
050,06,103,"California","Tehama County",1,63,880,444,436
050,06,103,"California","Tehama County",1,64,896,448,448
050,06,103,"California","Tehama County",1,65,821,392,429
050,06,103,"California","Tehama County",1,66,843,395,448
050,06,103,"California","Tehama County",1,67,777,362,415
050,06,103,"California","Tehama County",1,68,776,373,403
050,06,103,"California","Tehama County",1,69,773,372,401
050,06,103,"California","Tehama County",1,70,743,362,381
050,06,103,"California","Tehama County",1,71,742,359,383
050,06,103,"California","Tehama County",1,72,758,377,381
050,06,103,"California","Tehama County",1,73,754,365,389
050,06,103,"California","Tehama County",1,74,507,244,263
050,06,103,"California","Tehama County",1,75,503,241,262
050,06,103,"California","Tehama County",1,76,525,240,285
050,06,103,"California","Tehama County",1,77,500,240,260
050,06,103,"California","Tehama County",1,78,464,213,251
050,06,103,"California","Tehama County",1,79,446,207,239
050,06,103,"California","Tehama County",1,80,381,178,203
050,06,103,"California","Tehama County",1,81,366,177,189
050,06,103,"California","Tehama County",1,82,305,139,166
050,06,103,"California","Tehama County",1,83,244,110,134
050,06,103,"California","Tehama County",1,84,266,122,144
050,06,103,"California","Tehama County",1,85,1350,552,798
050,06,103,"California","Tehama County",2,0,758,385,373
050,06,103,"California","Tehama County",2,1,778,392,386
050,06,103,"California","Tehama County",2,2,733,362,371
050,06,103,"California","Tehama County",2,3,773,386,387
050,06,103,"California","Tehama County",2,4,881,440,441
050,06,103,"California","Tehama County",2,5,899,450,449
050,06,103,"California","Tehama County",2,6,891,443,448
050,06,103,"California","Tehama County",2,7,844,409,435
050,06,103,"California","Tehama County",2,8,855,440,415
050,06,103,"California","Tehama County",2,9,872,463,409
050,06,103,"California","Tehama County",2,10,918,496,422
050,06,103,"California","Tehama County",2,11,945,504,441
050,06,103,"California","Tehama County",2,12,1009,510,499
050,06,103,"California","Tehama County",2,13,1021,516,505
050,06,103,"California","Tehama County",2,14,945,482,463
050,06,103,"California","Tehama County",2,15,919,473,446
050,06,103,"California","Tehama County",2,16,926,488,438
050,06,103,"California","Tehama County",2,17,884,473,411
050,06,103,"California","Tehama County",2,18,781,426,355
050,06,103,"California","Tehama County",2,19,667,343,324
050,06,103,"California","Tehama County",2,20,667,332,335
050,06,103,"California","Tehama County",2,21,677,342,335
050,06,103,"California","Tehama County",2,22,701,363,338
050,06,103,"California","Tehama County",2,23,694,357,337
050,06,103,"California","Tehama County",2,24,685,344,341
050,06,103,"California","Tehama County",2,25,733,380,353
050,06,103,"California","Tehama County",2,26,791,408,383
050,06,103,"California","Tehama County",2,27,790,397,393
050,06,103,"California","Tehama County",2,28,837,428,409
050,06,103,"California","Tehama County",2,29,847,432,415
050,06,103,"California","Tehama County",2,30,820,420,400
050,06,103,"California","Tehama County",2,31,783,402,381
050,06,103,"California","Tehama County",2,32,755,378,377
050,06,103,"California","Tehama County",2,33,755,368,387
050,06,103,"California","Tehama County",2,34,782,393,389
050,06,103,"California","Tehama County",2,35,804,408,396
050,06,103,"California","Tehama County",2,36,783,422,361
050,06,103,"California","Tehama County",2,37,779,409,370
050,06,103,"California","Tehama County",2,38,783,402,381
050,06,103,"California","Tehama County",2,39,787,397,390
050,06,103,"California","Tehama County",2,40,786,408,378
050,06,103,"California","Tehama County",2,41,726,354,372
050,06,103,"California","Tehama County",2,42,723,356,367
050,06,103,"California","Tehama County",2,43,731,373,358
050,06,103,"California","Tehama County",2,44,696,365,331
050,06,103,"California","Tehama County",2,45,693,365,328
050,06,103,"California","Tehama County",2,46,678,357,321
050,06,103,"California","Tehama County",2,47,671,356,315
050,06,103,"California","Tehama County",2,48,704,357,347
050,06,103,"California","Tehama County",2,49,761,386,375
050,06,103,"California","Tehama County",2,50,753,385,368
050,06,103,"California","Tehama County",2,51,736,384,352
050,06,103,"California","Tehama County",2,52,717,368,349
050,06,103,"California","Tehama County",2,53,751,374,377
050,06,103,"California","Tehama County",2,54,794,397,397
050,06,103,"California","Tehama County",2,55,861,422,439
050,06,103,"California","Tehama County",2,56,917,446,471
050,06,103,"California","Tehama County",2,57,953,452,501
050,06,103,"California","Tehama County",2,58,983,458,525
050,06,103,"California","Tehama County",2,59,1006,485,521
050,06,103,"California","Tehama County",2,60,1014,500,514
050,06,103,"California","Tehama County",2,61,926,451,475
050,06,103,"California","Tehama County",2,62,882,430,452
050,06,103,"California","Tehama County",2,63,884,443,441
050,06,103,"California","Tehama County",2,64,881,440,441
050,06,103,"California","Tehama County",2,65,839,407,432
050,06,103,"California","Tehama County",2,66,838,395,443
050,06,103,"California","Tehama County",2,67,783,365,418
050,06,103,"California","Tehama County",2,68,767,366,401
050,06,103,"California","Tehama County",2,69,779,375,404
050,06,103,"California","Tehama County",2,70,747,364,383
050,06,103,"California","Tehama County",2,71,739,355,384
050,06,103,"California","Tehama County",2,72,736,364,372
050,06,103,"California","Tehama County",2,73,784,380,404
050,06,103,"California","Tehama County",2,74,524,249,275
050,06,103,"California","Tehama County",2,75,499,239,260
050,06,103,"California","Tehama County",2,76,505,234,271
050,06,103,"California","Tehama County",2,77,519,245,274
050,06,103,"California","Tehama County",2,78,465,217,248
050,06,103,"California","Tehama County",2,79,440,204,236
050,06,103,"California","Tehama County",2,80,392,179,213
050,06,103,"California","Tehama County",2,81,367,176,191
050,06,103,"California","Tehama County",2,82,311,143,168
050,06,103,"California","Tehama County",2,83,255,115,140
050,06,103,"California","Tehama County",2,84,254,115,139
050,06,103,"California","Tehama County",2,85,1365,561,804
050,06,103,"California","Tehama County",3,0,735,379,356
050,06,103,"California","Tehama County",3,1,753,384,369
050,06,103,"California","Tehama County",3,2,778,395,383
050,06,103,"California","Tehama County",3,3,750,375,375
050,06,103,"California","Tehama County",3,4,790,387,403
050,06,103,"California","Tehama County",3,5,883,441,442
050,06,103,"California","Tehama County",3,6,919,462,457
050,06,103,"California","Tehama County",3,7,913,450,463
050,06,103,"California","Tehama County",3,8,817,394,423
050,06,103,"California","Tehama County",3,9,864,449,415
050,06,103,"California","Tehama County",3,10,886,473,413
050,06,103,"California","Tehama County",3,11,924,500,424
050,06,103,"California","Tehama County",3,12,952,509,443
050,06,103,"California","Tehama County",3,13,1002,511,491
050,06,103,"California","Tehama County",3,14,987,500,487
050,06,103,"California","Tehama County",3,15,949,485,464
050,06,103,"California","Tehama County",3,16,903,469,434
050,06,103,"California","Tehama County",3,17,934,489,445
050,06,103,"California","Tehama County",3,18,798,434,364
050,06,103,"California","Tehama County",3,19,653,360,293
050,06,103,"California","Tehama County",3,20,682,341,341
050,06,103,"California","Tehama County",3,21,679,336,343
050,06,103,"California","Tehama County",3,22,704,344,360
050,06,103,"California","Tehama County",3,23,691,352,339
050,06,103,"California","Tehama County",3,24,701,351,350
050,06,103,"California","Tehama County",3,25,670,341,329
050,06,103,"California","Tehama County",3,26,720,367,353
050,06,103,"California","Tehama County",3,27,811,417,394
050,06,103,"California","Tehama County",3,28,816,416,400
050,06,103,"California","Tehama County",3,29,822,424,398
050,06,103,"California","Tehama County",3,30,827,418,409
050,06,103,"California","Tehama County",3,31,835,431,404
050,06,103,"California","Tehama County",3,32,785,393,392
050,06,103,"California","Tehama County",3,33,768,390,378
050,06,103,"California","Tehama County",3,34,758,373,385
050,06,103,"California","Tehama County",3,35,791,394,397
050,06,103,"California","Tehama County",3,36,834,418,416
050,06,103,"California","Tehama County",3,37,772,409,363
050,06,103,"California","Tehama County",3,38,787,415,372
050,06,103,"California","Tehama County",3,39,781,401,380
050,06,103,"California","Tehama County",3,40,760,389,371
050,06,103,"California","Tehama County",3,41,780,401,379
050,06,103,"California","Tehama County",3,42,725,362,363
050,06,103,"California","Tehama County",3,43,706,339,367
050,06,103,"California","Tehama County",3,44,731,369,362
050,06,103,"California","Tehama County",3,45,675,346,329
050,06,103,"California","Tehama County",3,46,696,362,334
050,06,103,"California","Tehama County",3,47,670,350,320
050,06,103,"California","Tehama County",3,48,676,357,319
050,06,103,"California","Tehama County",3,49,704,349,355
050,06,103,"California","Tehama County",3,50,751,385,366
050,06,103,"California","Tehama County",3,51,751,375,376
050,06,103,"California","Tehama County",3,52,737,385,352
050,06,103,"California","Tehama County",3,53,726,359,367
050,06,103,"California","Tehama County",3,54,741,372,369
050,06,103,"California","Tehama County",3,55,784,383,401
050,06,103,"California","Tehama County",3,56,861,418,443
050,06,103,"California","Tehama County",3,57,901,438,463
050,06,103,"California","Tehama County",3,58,949,440,509
050,06,103,"California","Tehama County",3,59,974,464,510
050,06,103,"California","Tehama County",3,60,986,481,505
050,06,103,"California","Tehama County",3,61,1007,494,513
050,06,103,"California","Tehama County",3,62,921,446,475
050,06,103,"California","Tehama County",3,63,866,418,448
050,06,103,"California","Tehama County",3,64,870,428,442
050,06,103,"California","Tehama County",3,65,869,429,440
050,06,103,"California","Tehama County",3,66,832,403,429
050,06,103,"California","Tehama County",3,67,823,391,432
050,06,103,"California","Tehama County",3,68,767,358,409
050,06,103,"California","Tehama County",3,69,749,357,392
050,06,103,"California","Tehama County",3,70,756,362,394
050,06,103,"California","Tehama County",3,71,729,348,381
050,06,103,"California","Tehama County",3,72,714,348,366
050,06,103,"California","Tehama County",3,73,699,341,358
050,06,103,"California","Tehama County",3,74,744,355,389
050,06,103,"California","Tehama County",3,75,504,236,268
050,06,103,"California","Tehama County",3,76,482,234,248
050,06,103,"California","Tehama County",3,77,473,215,258
050,06,103,"California","Tehama County",3,78,500,238,262
050,06,103,"California","Tehama County",3,79,420,188,232
050,06,103,"California","Tehama County",3,80,423,193,230
050,06,103,"California","Tehama County",3,81,367,165,202
050,06,103,"California","Tehama County",3,82,318,145,173
050,06,103,"California","Tehama County",3,83,283,135,148
050,06,103,"California","Tehama County",3,84,243,110,133
050,06,103,"California","Tehama County",3,85,1379,571,808
050,06,103,"California","Tehama County",4,0,760,393,367
050,06,103,"California","Tehama County",4,1,753,401,352
050,06,103,"California","Tehama County",4,2,782,382,400
050,06,103,"California","Tehama County",4,3,804,417,387
050,06,103,"California","Tehama County",4,4,797,399,398
050,06,103,"California","Tehama County",4,5,788,393,395
050,06,103,"California","Tehama County",4,6,903,463,440
050,06,103,"California","Tehama County",4,7,922,468,454
050,06,103,"California","Tehama County",4,8,924,462,462
050,06,103,"California","Tehama County",4,9,849,414,435
050,06,103,"California","Tehama County",4,10,871,457,414
050,06,103,"California","Tehama County",4,11,895,473,422
050,06,103,"California","Tehama County",4,12,943,515,428
050,06,103,"California","Tehama County",4,13,953,509,444
050,06,103,"California","Tehama County",4,14,996,511,485
050,06,103,"California","Tehama County",4,15,964,481,483
050,06,103,"California","Tehama County",4,16,950,484,466
050,06,103,"California","Tehama County",4,17,894,469,425
050,06,103,"California","Tehama County",4,18,810,437,373
050,06,103,"California","Tehama County",4,19,663,355,308
050,06,103,"California","Tehama County",4,20,652,367,285
050,06,103,"California","Tehama County",4,21,678,337,341
050,06,103,"California","Tehama County",4,22,683,332,351
050,06,103,"California","Tehama County",4,23,727,358,369
050,06,103,"California","Tehama County",4,24,672,347,325
050,06,103,"California","Tehama County",4,25,724,360,364
050,06,103,"California","Tehama County",4,26,695,357,338
050,06,103,"California","Tehama County",4,27,734,375,359
050,06,103,"California","Tehama County",4,28,842,430,412
050,06,103,"California","Tehama County",4,29,812,414,398
050,06,103,"California","Tehama County",4,30,806,410,396
050,06,103,"California","Tehama County",4,31,854,439,415
050,06,103,"California","Tehama County",4,32,815,423,392
050,06,103,"California","Tehama County",4,33,806,409,397
050,06,103,"California","Tehama County",4,34,783,397,386
050,06,103,"California","Tehama County",4,35,798,401,397
050,06,103,"California","Tehama County",4,36,814,411,403
050,06,103,"California","Tehama County",4,37,820,406,414
050,06,103,"California","Tehama County",4,38,791,419,372
050,06,103,"California","Tehama County",4,39,783,416,367
050,06,103,"California","Tehama County",4,40,761,387,374
050,06,103,"California","Tehama County",4,41,757,374,383
050,06,103,"California","Tehama County",4,42,773,408,365
050,06,103,"California","Tehama County",4,43,715,358,357
050,06,103,"California","Tehama County",4,44,709,344,365
050,06,103,"California","Tehama County",4,45,721,356,365
050,06,103,"California","Tehama County",4,46,673,340,333
050,06,103,"California","Tehama County",4,47,690,361,329
050,06,103,"California","Tehama County",4,48,672,348,324
050,06,103,"California","Tehama County",4,49,704,365,339
050,06,103,"California","Tehama County",4,50,685,341,344
050,06,103,"California","Tehama County",4,51,744,374,370
050,06,103,"California","Tehama County",4,52,751,389,362
050,06,103,"California","Tehama County",4,53,735,375,360
050,06,103,"California","Tehama County",4,54,713,353,360
050,06,103,"California","Tehama County",4,55,752,370,382
050,06,103,"California","Tehama County",4,56,752,371,381
050,06,103,"California","Tehama County",4,57,843,408,435
050,06,103,"California","Tehama County",4,58,891,426,465
050,06,103,"California","Tehama County",4,59,926,436,490
050,06,103,"California","Tehama County",4,60,946,447,499
050,06,103,"California","Tehama County",4,61,957,462,495
050,06,103,"California","Tehama County",4,62,992,486,506
050,06,103,"California","Tehama County",4,63,903,429,474
050,06,103,"California","Tehama County",4,64,839,401,438
050,06,103,"California","Tehama County",4,65,835,410,425
050,06,103,"California","Tehama County",4,66,870,433,437
050,06,103,"California","Tehama County",4,67,820,397,423
050,06,103,"California","Tehama County",4,68,782,370,412
050,06,103,"California","Tehama County",4,69,752,352,400
050,06,103,"California","Tehama County",4,70,733,353,380
050,06,103,"California","Tehama County",4,71,739,355,384
050,06,103,"California","Tehama County",4,72,708,341,367
050,06,103,"California","Tehama County",4,73,691,334,357
050,06,103,"California","Tehama County",4,74,674,330,344
050,06,103,"California","Tehama County",4,75,711,333,378
050,06,103,"California","Tehama County",4,76,467,219,248
050,06,103,"California","Tehama County",4,77,446,214,232
050,06,103,"California","Tehama County",4,78,457,208,249
050,06,103,"California","Tehama County",4,79,466,225,241
050,06,103,"California","Tehama County",4,80,387,169,218
050,06,103,"California","Tehama County",4,81,389,178,211
050,06,103,"California","Tehama County",4,82,324,143,181
050,06,103,"California","Tehama County",4,83,286,133,153
050,06,103,"California","Tehama County",4,84,265,124,141
050,06,103,"California","Tehama County",4,85,1383,576,807
050,06,103,"California","Tehama County",5,0,738,382,356
050,06,103,"California","Tehama County",5,1,746,389,357
050,06,103,"California","Tehama County",5,2,768,397,371
050,06,103,"California","Tehama County",5,3,769,379,390
050,06,103,"California","Tehama County",5,4,825,428,397
050,06,103,"California","Tehama County",5,5,813,395,418
050,06,103,"California","Tehama County",5,6,808,415,393
050,06,103,"California","Tehama County",5,7,911,464,447
050,06,103,"California","Tehama County",5,8,919,466,453
050,06,103,"California","Tehama County",5,9,948,470,478
050,06,103,"California","Tehama County",5,10,869,430,439
050,06,103,"California","Tehama County",5,11,859,442,417
050,06,103,"California","Tehama County",5,12,898,486,412
050,06,103,"California","Tehama County",5,13,925,508,417
050,06,103,"California","Tehama County",5,14,945,503,442
050,06,103,"California","Tehama County",5,15,980,502,478
050,06,103,"California","Tehama County",5,16,958,475,483
050,06,103,"California","Tehama County",5,17,931,472,459
050,06,103,"California","Tehama County",5,18,784,428,356
050,06,103,"California","Tehama County",5,19,705,374,331
050,06,103,"California","Tehama County",5,20,675,364,311
050,06,103,"California","Tehama County",5,21,649,360,289
050,06,103,"California","Tehama County",5,22,704,350,354
050,06,103,"California","Tehama County",5,23,678,334,344
050,06,103,"California","Tehama County",5,24,708,345,363
050,06,103,"California","Tehama County",5,25,651,331,320
050,06,103,"California","Tehama County",5,26,741,377,364
050,06,103,"California","Tehama County",5,27,687,354,333
050,06,103,"California","Tehama County",5,28,738,364,374
050,06,103,"California","Tehama County",5,29,823,414,409
050,06,103,"California","Tehama County",5,30,791,402,389
050,06,103,"California","Tehama County",5,31,821,416,405
050,06,103,"California","Tehama County",5,32,836,434,402
050,06,103,"California","Tehama County",5,33,827,426,401
050,06,103,"California","Tehama County",5,34,797,405,392
050,06,103,"California","Tehama County",5,35,811,416,395
050,06,103,"California","Tehama County",5,36,794,408,386
050,06,103,"California","Tehama County",5,37,792,393,399
050,06,103,"California","Tehama County",5,38,813,400,413
050,06,103,"California","Tehama County",5,39,790,424,366
050,06,103,"California","Tehama County",5,40,769,412,357
050,06,103,"California","Tehama County",5,41,751,377,374
050,06,103,"California","Tehama County",5,42,753,373,380
050,06,103,"California","Tehama County",5,43,764,401,363
050,06,103,"California","Tehama County",5,44,687,356,331
050,06,103,"California","Tehama County",5,45,700,332,368
050,06,103,"California","Tehama County",5,46,713,344,369
050,06,103,"California","Tehama County",5,47,665,346,319
050,06,103,"California","Tehama County",5,48,680,357,323
050,06,103,"California","Tehama County",5,49,686,354,332
050,06,103,"California","Tehama County",5,50,690,355,335
050,06,103,"California","Tehama County",5,51,680,329,351
050,06,103,"California","Tehama County",5,52,721,364,357
050,06,103,"California","Tehama County",5,53,749,383,366
050,06,103,"California","Tehama County",5,54,731,369,362
050,06,103,"California","Tehama County",5,55,727,354,373
050,06,103,"California","Tehama County",5,56,750,374,376
050,06,103,"California","Tehama County",5,57,753,373,380
050,06,103,"California","Tehama County",5,58,834,397,437
050,06,103,"California","Tehama County",5,59,897,432,465
050,06,103,"California","Tehama County",5,60,907,425,482
050,06,103,"California","Tehama County",5,61,930,436,494
050,06,103,"California","Tehama County",5,62,947,456,491
050,06,103,"California","Tehama County",5,63,986,484,502
050,06,103,"California","Tehama County",5,64,902,429,473
050,06,103,"California","Tehama County",5,65,805,382,423
050,06,103,"California","Tehama County",5,66,826,403,423
050,06,103,"California","Tehama County",5,67,844,424,420
050,06,103,"California","Tehama County",5,68,801,384,417
050,06,103,"California","Tehama County",5,69,775,371,404
050,06,103,"California","Tehama County",5,70,737,349,388
050,06,103,"California","Tehama County",5,71,719,343,376
050,06,103,"California","Tehama County",5,72,712,342,370
050,06,103,"California","Tehama County",5,73,682,329,353
050,06,103,"California","Tehama County",5,74,666,320,346
050,06,103,"California","Tehama County",5,75,641,310,331
050,06,103,"California","Tehama County",5,76,684,315,369
050,06,103,"California","Tehama County",5,77,437,203,234
050,06,103,"California","Tehama County",5,78,431,206,225
050,06,103,"California","Tehama County",5,79,422,194,228
050,06,103,"California","Tehama County",5,80,434,205,229
050,06,103,"California","Tehama County",5,81,360,152,208
050,06,103,"California","Tehama County",5,82,349,157,192
050,06,103,"California","Tehama County",5,83,300,134,166
050,06,103,"California","Tehama County",5,84,268,124,144
050,06,103,"California","Tehama County",5,85,1406,593,813
050,06,105,"California","Trinity County",1,0,130,66,64
050,06,105,"California","Trinity County",1,1,145,74,71
050,06,105,"California","Trinity County",1,2,154,69,85
050,06,105,"California","Trinity County",1,3,149,82,67
050,06,105,"California","Trinity County",1,4,148,81,67
050,06,105,"California","Trinity County",1,5,146,78,68
050,06,105,"California","Trinity County",1,6,156,78,78
050,06,105,"California","Trinity County",1,7,161,81,80
050,06,105,"California","Trinity County",1,8,152,82,70
050,06,105,"California","Trinity County",1,9,149,77,72
050,06,105,"California","Trinity County",1,10,162,80,82
050,06,105,"California","Trinity County",1,11,168,91,77
050,06,105,"California","Trinity County",1,12,160,85,75
050,06,105,"California","Trinity County",1,13,179,98,81
050,06,105,"California","Trinity County",1,14,186,103,83
050,06,105,"California","Trinity County",1,15,188,104,84
050,06,105,"California","Trinity County",1,16,169,97,72
050,06,105,"California","Trinity County",1,17,167,96,71
050,06,105,"California","Trinity County",1,18,139,81,58
050,06,105,"California","Trinity County",1,19,113,60,53
050,06,105,"California","Trinity County",1,20,95,46,49
050,06,105,"California","Trinity County",1,21,98,42,56
050,06,105,"California","Trinity County",1,22,110,56,54
050,06,105,"California","Trinity County",1,23,121,62,59
050,06,105,"California","Trinity County",1,24,122,65,57
050,06,105,"California","Trinity County",1,25,117,61,56
050,06,105,"California","Trinity County",1,26,137,66,71
050,06,105,"California","Trinity County",1,27,132,63,69
050,06,105,"California","Trinity County",1,28,143,77,66
050,06,105,"California","Trinity County",1,29,138,68,70
050,06,105,"California","Trinity County",1,30,143,71,72
050,06,105,"California","Trinity County",1,31,119,59,60
050,06,105,"California","Trinity County",1,32,120,51,69
050,06,105,"California","Trinity County",1,33,125,54,71
050,06,105,"California","Trinity County",1,34,151,79,72
050,06,105,"California","Trinity County",1,35,176,94,82
050,06,105,"California","Trinity County",1,36,171,102,69
050,06,105,"California","Trinity County",1,37,164,83,81
050,06,105,"California","Trinity County",1,38,169,84,85
050,06,105,"California","Trinity County",1,39,170,97,73
050,06,105,"California","Trinity County",1,40,185,96,89
050,06,105,"California","Trinity County",1,41,180,85,95
050,06,105,"California","Trinity County",1,42,167,84,83
050,06,105,"California","Trinity County",1,43,168,81,87
050,06,105,"California","Trinity County",1,44,186,96,90
050,06,105,"California","Trinity County",1,45,185,93,92
050,06,105,"California","Trinity County",1,46,159,76,83
050,06,105,"California","Trinity County",1,47,161,92,69
050,06,105,"California","Trinity County",1,48,183,95,88
050,06,105,"California","Trinity County",1,49,185,103,82
050,06,105,"California","Trinity County",1,50,174,106,68
050,06,105,"California","Trinity County",1,51,192,102,90
050,06,105,"California","Trinity County",1,52,177,93,84
050,06,105,"California","Trinity County",1,53,194,119,75
050,06,105,"California","Trinity County",1,54,209,115,94
050,06,105,"California","Trinity County",1,55,249,129,120
050,06,105,"California","Trinity County",1,56,257,132,125
050,06,105,"California","Trinity County",1,57,270,125,145
050,06,105,"California","Trinity County",1,58,263,134,129
050,06,105,"California","Trinity County",1,59,294,149,145
050,06,105,"California","Trinity County",1,60,272,144,128
050,06,105,"California","Trinity County",1,61,315,147,168
050,06,105,"California","Trinity County",1,62,327,145,182
050,06,105,"California","Trinity County",1,63,321,161,160
050,06,105,"California","Trinity County",1,64,321,155,166
050,06,105,"California","Trinity County",1,65,343,171,172
050,06,105,"California","Trinity County",1,66,378,202,176
050,06,105,"California","Trinity County",1,67,378,203,175
050,06,105,"California","Trinity County",1,68,319,162,157
050,06,105,"California","Trinity County",1,69,296,154,142
050,06,105,"California","Trinity County",1,70,292,158,134
050,06,105,"California","Trinity County",1,71,287,149,138
050,06,105,"California","Trinity County",1,72,284,140,144
050,06,105,"California","Trinity County",1,73,260,133,127
050,06,105,"California","Trinity County",1,74,185,100,85
050,06,105,"California","Trinity County",1,75,189,117,72
050,06,105,"California","Trinity County",1,76,180,101,79
050,06,105,"California","Trinity County",1,77,166,95,71
050,06,105,"California","Trinity County",1,78,128,61,67
050,06,105,"California","Trinity County",1,79,152,70,82
050,06,105,"California","Trinity County",1,80,109,52,57
050,06,105,"California","Trinity County",1,81,126,65,61
050,06,105,"California","Trinity County",1,82,103,53,50
050,06,105,"California","Trinity County",1,83,72,42,30
050,06,105,"California","Trinity County",1,84,62,34,28
050,06,105,"California","Trinity County",1,85,369,168,201
050,06,105,"California","Trinity County",2,0,119,62,57
050,06,105,"California","Trinity County",2,1,143,72,71
050,06,105,"California","Trinity County",2,2,153,70,83
050,06,105,"California","Trinity County",2,3,150,80,70
050,06,105,"California","Trinity County",2,4,151,83,68
050,06,105,"California","Trinity County",2,5,148,79,69
050,06,105,"California","Trinity County",2,6,156,79,77
050,06,105,"California","Trinity County",2,7,160,81,79
050,06,105,"California","Trinity County",2,8,157,83,74
050,06,105,"California","Trinity County",2,9,150,79,71
050,06,105,"California","Trinity County",2,10,160,80,80
050,06,105,"California","Trinity County",2,11,167,88,79
050,06,105,"California","Trinity County",2,12,164,88,76
050,06,105,"California","Trinity County",2,13,171,94,77
050,06,105,"California","Trinity County",2,14,182,101,81
050,06,105,"California","Trinity County",2,15,185,103,82
050,06,105,"California","Trinity County",2,16,173,99,74
050,06,105,"California","Trinity County",2,17,168,95,73
050,06,105,"California","Trinity County",2,18,139,83,56
050,06,105,"California","Trinity County",2,19,113,62,51
050,06,105,"California","Trinity County",2,20,98,49,49
050,06,105,"California","Trinity County",2,21,96,44,52
050,06,105,"California","Trinity County",2,22,107,52,55
050,06,105,"California","Trinity County",2,23,115,59,56
050,06,105,"California","Trinity County",2,24,119,62,57
050,06,105,"California","Trinity County",2,25,121,63,58
050,06,105,"California","Trinity County",2,26,132,65,67
050,06,105,"California","Trinity County",2,27,133,63,70
050,06,105,"California","Trinity County",2,28,141,74,67
050,06,105,"California","Trinity County",2,29,141,71,70
050,06,105,"California","Trinity County",2,30,144,71,73
050,06,105,"California","Trinity County",2,31,126,62,64
050,06,105,"California","Trinity County",2,32,121,53,68
050,06,105,"California","Trinity County",2,33,126,54,72
050,06,105,"California","Trinity County",2,34,148,74,74
050,06,105,"California","Trinity County",2,35,173,92,81
050,06,105,"California","Trinity County",2,36,169,97,72
050,06,105,"California","Trinity County",2,37,165,88,77
050,06,105,"California","Trinity County",2,38,168,85,83
050,06,105,"California","Trinity County",2,39,167,92,75
050,06,105,"California","Trinity County",2,40,182,97,85
050,06,105,"California","Trinity County",2,41,182,87,95
050,06,105,"California","Trinity County",2,42,172,85,87
050,06,105,"California","Trinity County",2,43,170,81,89
050,06,105,"California","Trinity County",2,44,184,95,89
050,06,105,"California","Trinity County",2,45,188,94,94
050,06,105,"California","Trinity County",2,46,163,79,84
050,06,105,"California","Trinity County",2,47,161,88,73
050,06,105,"California","Trinity County",2,48,178,95,83
050,06,105,"California","Trinity County",2,49,185,102,83
050,06,105,"California","Trinity County",2,50,181,108,73
050,06,105,"California","Trinity County",2,51,187,103,84
050,06,105,"California","Trinity County",2,52,183,97,86
050,06,105,"California","Trinity County",2,53,190,113,77
050,06,105,"California","Trinity County",2,54,204,115,89
050,06,105,"California","Trinity County",2,55,241,128,113
050,06,105,"California","Trinity County",2,56,254,129,125
050,06,105,"California","Trinity County",2,57,265,126,139
050,06,105,"California","Trinity County",2,58,263,130,133
050,06,105,"California","Trinity County",2,59,287,145,142
050,06,105,"California","Trinity County",2,60,273,141,132
050,06,105,"California","Trinity County",2,61,303,146,157
050,06,105,"California","Trinity County",2,62,326,147,179
050,06,105,"California","Trinity County",2,63,326,159,167
050,06,105,"California","Trinity County",2,64,320,156,164
050,06,105,"California","Trinity County",2,65,333,165,168
050,06,105,"California","Trinity County",2,66,369,193,176
050,06,105,"California","Trinity County",2,67,376,202,174
050,06,105,"California","Trinity County",2,68,330,170,160
050,06,105,"California","Trinity County",2,69,302,155,147
050,06,105,"California","Trinity County",2,70,291,155,136
050,06,105,"California","Trinity County",2,71,286,149,137
050,06,105,"California","Trinity County",2,72,279,138,141
050,06,105,"California","Trinity County",2,73,276,141,135
050,06,105,"California","Trinity County",2,74,190,101,89
050,06,105,"California","Trinity County",2,75,187,112,75
050,06,105,"California","Trinity County",2,76,181,105,76
050,06,105,"California","Trinity County",2,77,173,98,75
050,06,105,"California","Trinity County",2,78,134,67,67
050,06,105,"California","Trinity County",2,79,143,66,77
050,06,105,"California","Trinity County",2,80,116,55,61
050,06,105,"California","Trinity County",2,81,119,61,58
050,06,105,"California","Trinity County",2,82,109,56,53
050,06,105,"California","Trinity County",2,83,79,44,35
050,06,105,"California","Trinity County",2,84,64,36,28
050,06,105,"California","Trinity County",2,85,367,169,198
050,06,105,"California","Trinity County",3,0,123,64,59
050,06,105,"California","Trinity County",3,1,125,66,59
050,06,105,"California","Trinity County",3,2,153,73,80
050,06,105,"California","Trinity County",3,3,155,66,89
050,06,105,"California","Trinity County",3,4,165,88,77
050,06,105,"California","Trinity County",3,5,161,91,70
050,06,105,"California","Trinity County",3,6,154,85,69
050,06,105,"California","Trinity County",3,7,154,77,77
050,06,105,"California","Trinity County",3,8,168,88,80
050,06,105,"California","Trinity County",3,9,161,86,75
050,06,105,"California","Trinity County",3,10,147,80,67
050,06,105,"California","Trinity County",3,11,165,83,82
050,06,105,"California","Trinity County",3,12,169,89,80
050,06,105,"California","Trinity County",3,13,168,89,79
050,06,105,"California","Trinity County",3,14,180,101,79
050,06,105,"California","Trinity County",3,15,170,89,81
050,06,105,"California","Trinity County",3,16,180,93,87
050,06,105,"California","Trinity County",3,17,173,98,75
050,06,105,"California","Trinity County",3,18,141,78,63
050,06,105,"California","Trinity County",3,19,107,71,36
050,06,105,"California","Trinity County",3,20,114,63,51
050,06,105,"California","Trinity County",3,21,109,59,50
050,06,105,"California","Trinity County",3,22,107,46,61
050,06,105,"California","Trinity County",3,23,114,55,59
050,06,105,"California","Trinity County",3,24,123,58,65
050,06,105,"California","Trinity County",3,25,126,69,57
050,06,105,"California","Trinity County",3,26,127,67,60
050,06,105,"California","Trinity County",3,27,130,66,64
050,06,105,"California","Trinity County",3,28,141,63,78
050,06,105,"California","Trinity County",3,29,157,84,73
050,06,105,"California","Trinity County",3,30,155,73,82
050,06,105,"California","Trinity County",3,31,159,79,80
050,06,105,"California","Trinity County",3,32,126,66,60
050,06,105,"California","Trinity County",3,33,130,60,70
050,06,105,"California","Trinity County",3,34,132,56,76
050,06,105,"California","Trinity County",3,35,146,74,72
050,06,105,"California","Trinity County",3,36,179,100,79
050,06,105,"California","Trinity County",3,37,175,101,74
050,06,105,"California","Trinity County",3,38,166,91,75
050,06,105,"California","Trinity County",3,39,166,81,85
050,06,105,"California","Trinity County",3,40,171,93,78
050,06,105,"California","Trinity County",3,41,182,94,88
050,06,105,"California","Trinity County",3,42,189,96,93
050,06,105,"California","Trinity County",3,43,170,86,84
050,06,105,"California","Trinity County",3,44,178,87,91
050,06,105,"California","Trinity County",3,45,188,95,93
050,06,105,"California","Trinity County",3,46,176,89,87
050,06,105,"California","Trinity County",3,47,170,83,87
050,06,105,"California","Trinity County",3,48,162,92,70
050,06,105,"California","Trinity County",3,49,174,91,83
050,06,105,"California","Trinity County",3,50,187,102,85
050,06,105,"California","Trinity County",3,51,168,98,70
050,06,105,"California","Trinity County",3,52,185,97,88
050,06,105,"California","Trinity County",3,53,192,101,91
050,06,105,"California","Trinity County",3,54,194,113,81
050,06,105,"California","Trinity County",3,55,193,112,81
050,06,105,"California","Trinity County",3,56,232,124,108
050,06,105,"California","Trinity County",3,57,258,131,127
050,06,105,"California","Trinity County",3,58,252,121,131
050,06,105,"California","Trinity County",3,59,274,133,141
050,06,105,"California","Trinity County",3,60,284,138,146
050,06,105,"California","Trinity County",3,61,261,135,126
050,06,105,"California","Trinity County",3,62,302,147,155
050,06,105,"California","Trinity County",3,63,328,144,184
050,06,105,"California","Trinity County",3,64,321,158,163
050,06,105,"California","Trinity County",3,65,318,154,164
050,06,105,"California","Trinity County",3,66,331,162,169
050,06,105,"California","Trinity County",3,67,357,184,173
050,06,105,"California","Trinity County",3,68,360,193,167
050,06,105,"California","Trinity County",3,69,322,164,158
050,06,105,"California","Trinity County",3,70,284,147,137
050,06,105,"California","Trinity County",3,71,275,146,129
050,06,105,"California","Trinity County",3,72,273,145,128
050,06,105,"California","Trinity County",3,73,269,136,133
050,06,105,"California","Trinity County",3,74,269,136,133
050,06,105,"California","Trinity County",3,75,179,94,85
050,06,105,"California","Trinity County",3,76,183,111,72
050,06,105,"California","Trinity County",3,77,169,100,69
050,06,105,"California","Trinity County",3,78,168,94,74
050,06,105,"California","Trinity County",3,79,132,66,66
050,06,105,"California","Trinity County",3,80,131,62,69
050,06,105,"California","Trinity County",3,81,101,47,54
050,06,105,"California","Trinity County",3,82,114,59,55
050,06,105,"California","Trinity County",3,83,101,53,48
050,06,105,"California","Trinity County",3,84,73,41,32
050,06,105,"California","Trinity County",3,85,381,193,188
050,06,105,"California","Trinity County",4,0,105,56,49
050,06,105,"California","Trinity County",4,1,124,67,57
050,06,105,"California","Trinity County",4,2,120,69,51
050,06,105,"California","Trinity County",4,3,157,80,77
050,06,105,"California","Trinity County",4,4,154,69,85
050,06,105,"California","Trinity County",4,5,147,72,75
050,06,105,"California","Trinity County",4,6,167,98,69
050,06,105,"California","Trinity County",4,7,157,81,76
050,06,105,"California","Trinity County",4,8,144,75,69
050,06,105,"California","Trinity County",4,9,172,90,82
050,06,105,"California","Trinity County",4,10,163,86,77
050,06,105,"California","Trinity County",4,11,151,86,65
050,06,105,"California","Trinity County",4,12,167,82,85
050,06,105,"California","Trinity County",4,13,160,85,75
050,06,105,"California","Trinity County",4,14,165,86,79
050,06,105,"California","Trinity County",4,15,180,98,82
050,06,105,"California","Trinity County",4,16,164,86,78
050,06,105,"California","Trinity County",4,17,181,91,90
050,06,105,"California","Trinity County",4,18,142,82,60
050,06,105,"California","Trinity County",4,19,107,59,48
050,06,105,"California","Trinity County",4,20,95,59,36
050,06,105,"California","Trinity County",4,21,105,66,39
050,06,105,"California","Trinity County",4,22,111,51,60
050,06,105,"California","Trinity County",4,23,114,51,63
050,06,105,"California","Trinity County",4,24,102,50,52
050,06,105,"California","Trinity County",4,25,123,65,58
050,06,105,"California","Trinity County",4,26,119,66,53
050,06,105,"California","Trinity County",4,27,131,67,64
050,06,105,"California","Trinity County",4,28,134,68,66
050,06,105,"California","Trinity County",4,29,134,56,78
050,06,105,"California","Trinity County",4,30,158,80,78
050,06,105,"California","Trinity County",4,31,148,65,83
050,06,105,"California","Trinity County",4,32,149,67,82
050,06,105,"California","Trinity County",4,33,119,61,58
050,06,105,"California","Trinity County",4,34,118,51,67
050,06,105,"California","Trinity County",4,35,140,55,85
050,06,105,"California","Trinity County",4,36,142,73,69
050,06,105,"California","Trinity County",4,37,177,97,80
050,06,105,"California","Trinity County",4,38,169,101,68
050,06,105,"California","Trinity County",4,39,174,92,82
050,06,105,"California","Trinity County",4,40,171,87,84
050,06,105,"California","Trinity County",4,41,164,86,78
050,06,105,"California","Trinity County",4,42,197,105,92
050,06,105,"California","Trinity County",4,43,173,90,83
050,06,105,"California","Trinity County",4,44,173,89,84
050,06,105,"California","Trinity County",4,45,169,76,93
050,06,105,"California","Trinity County",4,46,193,101,92
050,06,105,"California","Trinity County",4,47,184,100,84
050,06,105,"California","Trinity County",4,48,167,78,89
050,06,105,"California","Trinity County",4,49,161,88,73
050,06,105,"California","Trinity County",4,50,180,96,84
050,06,105,"California","Trinity County",4,51,185,96,89
050,06,105,"California","Trinity County",4,52,184,106,78
050,06,105,"California","Trinity County",4,53,193,101,92
050,06,105,"California","Trinity County",4,54,188,101,87
050,06,105,"California","Trinity County",4,55,197,121,76
050,06,105,"California","Trinity County",4,56,188,105,83
050,06,105,"California","Trinity County",4,57,226,121,105
050,06,105,"California","Trinity County",4,58,258,128,130
050,06,105,"California","Trinity County",4,59,250,117,133
050,06,105,"California","Trinity County",4,60,264,133,131
050,06,105,"California","Trinity County",4,61,278,132,146
050,06,105,"California","Trinity County",4,62,258,143,115
050,06,105,"California","Trinity County",4,63,302,148,154
050,06,105,"California","Trinity County",4,64,317,134,183
050,06,105,"California","Trinity County",4,65,315,156,159
050,06,105,"California","Trinity County",4,66,312,150,162
050,06,105,"California","Trinity County",4,67,310,144,166
050,06,105,"California","Trinity County",4,68,341,171,170
050,06,105,"California","Trinity County",4,69,345,181,164
050,06,105,"California","Trinity County",4,70,319,166,153
050,06,105,"California","Trinity County",4,71,273,136,137
050,06,105,"California","Trinity County",4,72,267,138,129
050,06,105,"California","Trinity County",4,73,265,144,121
050,06,105,"California","Trinity County",4,74,265,131,134
050,06,105,"California","Trinity County",4,75,253,128,125
050,06,105,"California","Trinity County",4,76,170,90,80
050,06,105,"California","Trinity County",4,77,173,104,69
050,06,105,"California","Trinity County",4,78,160,90,70
050,06,105,"California","Trinity County",4,79,156,87,69
050,06,105,"California","Trinity County",4,80,123,65,58
050,06,105,"California","Trinity County",4,81,117,53,64
050,06,105,"California","Trinity County",4,82,92,38,54
050,06,105,"California","Trinity County",4,83,105,54,51
050,06,105,"California","Trinity County",4,84,93,51,42
050,06,105,"California","Trinity County",4,85,415,220,195
050,06,105,"California","Trinity County",5,0,100,53,47
050,06,105,"California","Trinity County",5,1,107,61,46
050,06,105,"California","Trinity County",5,2,118,68,50
050,06,105,"California","Trinity County",5,3,118,74,44
050,06,105,"California","Trinity County",5,4,156,82,74
050,06,105,"California","Trinity County",5,5,154,68,86
050,06,105,"California","Trinity County",5,6,156,74,82
050,06,105,"California","Trinity County",5,7,172,101,71
050,06,105,"California","Trinity County",5,8,158,81,77
050,06,105,"California","Trinity County",5,9,154,83,71
050,06,105,"California","Trinity County",5,10,177,93,84
050,06,105,"California","Trinity County",5,11,167,86,81
050,06,105,"California","Trinity County",5,12,159,92,67
050,06,105,"California","Trinity County",5,13,164,78,86
050,06,105,"California","Trinity County",5,14,164,89,75
050,06,105,"California","Trinity County",5,15,166,86,80
050,06,105,"California","Trinity County",5,16,180,100,80
050,06,105,"California","Trinity County",5,17,172,89,83
050,06,105,"California","Trinity County",5,18,164,83,81
050,06,105,"California","Trinity County",5,19,106,66,40
050,06,105,"California","Trinity County",5,20,118,64,54
050,06,105,"California","Trinity County",5,21,89,55,34
050,06,105,"California","Trinity County",5,22,94,54,40
050,06,105,"California","Trinity County",5,23,118,63,55
050,06,105,"California","Trinity County",5,24,100,44,56
050,06,105,"California","Trinity County",5,25,121,59,62
050,06,105,"California","Trinity County",5,26,117,64,53
050,06,105,"California","Trinity County",5,27,99,50,49
050,06,105,"California","Trinity County",5,28,124,61,63
050,06,105,"California","Trinity County",5,29,140,68,72
050,06,105,"California","Trinity County",5,30,131,58,73
050,06,105,"California","Trinity County",5,31,146,73,73
050,06,105,"California","Trinity County",5,32,153,65,88
050,06,105,"California","Trinity County",5,33,147,70,77
050,06,105,"California","Trinity County",5,34,116,53,63
050,06,105,"California","Trinity County",5,35,124,53,71
050,06,105,"California","Trinity County",5,36,133,49,84
050,06,105,"California","Trinity County",5,37,134,67,67
050,06,105,"California","Trinity County",5,38,191,106,85
050,06,105,"California","Trinity County",5,39,167,98,69
050,06,105,"California","Trinity County",5,40,177,96,81
050,06,105,"California","Trinity County",5,41,166,83,83
050,06,105,"California","Trinity County",5,42,167,90,77
050,06,105,"California","Trinity County",5,43,207,109,98
050,06,105,"California","Trinity County",5,44,177,99,78
050,06,105,"California","Trinity County",5,45,176,88,88
050,06,105,"California","Trinity County",5,46,178,85,93
050,06,105,"California","Trinity County",5,47,198,104,94
050,06,105,"California","Trinity County",5,48,184,96,88
050,06,105,"California","Trinity County",5,49,173,81,92
050,06,105,"California","Trinity County",5,50,155,90,65
050,06,105,"California","Trinity County",5,51,169,87,82
050,06,105,"California","Trinity County",5,52,192,94,98
050,06,105,"California","Trinity County",5,53,170,103,67
050,06,105,"California","Trinity County",5,54,191,103,88
050,06,105,"California","Trinity County",5,55,188,101,87
050,06,105,"California","Trinity County",5,56,190,117,73
050,06,105,"California","Trinity County",5,57,182,106,76
050,06,105,"California","Trinity County",5,58,223,118,105
050,06,105,"California","Trinity County",5,59,261,130,131
050,06,105,"California","Trinity County",5,60,248,117,131
050,06,105,"California","Trinity County",5,61,255,126,129
050,06,105,"California","Trinity County",5,62,279,135,144
050,06,105,"California","Trinity County",5,63,253,141,112
050,06,105,"California","Trinity County",5,64,306,148,158
050,06,105,"California","Trinity County",5,65,321,131,190
050,06,105,"California","Trinity County",5,66,312,155,157
050,06,105,"California","Trinity County",5,67,306,145,161
050,06,105,"California","Trinity County",5,68,305,140,165
050,06,105,"California","Trinity County",5,69,336,169,167
050,06,105,"California","Trinity County",5,70,340,181,159
050,06,105,"California","Trinity County",5,71,301,149,152
050,06,105,"California","Trinity County",5,72,268,136,132
050,06,105,"California","Trinity County",5,73,271,140,131
050,06,105,"California","Trinity County",5,74,255,138,117
050,06,105,"California","Trinity County",5,75,259,128,131
050,06,105,"California","Trinity County",5,76,249,124,125
050,06,105,"California","Trinity County",5,77,163,84,79
050,06,105,"California","Trinity County",5,78,161,98,63
050,06,105,"California","Trinity County",5,79,159,90,69
050,06,105,"California","Trinity County",5,80,148,83,65
050,06,105,"California","Trinity County",5,81,114,57,57
050,06,105,"California","Trinity County",5,82,113,49,64
050,06,105,"California","Trinity County",5,83,84,33,51
050,06,105,"California","Trinity County",5,84,98,52,46
050,06,105,"California","Trinity County",5,85,468,253,215
050,06,107,"California","Tulare County",1,0,6727,3435,3292
050,06,107,"California","Tulare County",1,1,6853,3480,3373
050,06,107,"California","Tulare County",1,2,7021,3568,3453
050,06,107,"California","Tulare County",1,3,7330,3740,3590
050,06,107,"California","Tulare County",1,4,7639,3911,3728
050,06,107,"California","Tulare County",1,5,7824,3983,3841
050,06,107,"California","Tulare County",1,6,7942,4072,3870
050,06,107,"California","Tulare County",1,7,8158,4176,3982
050,06,107,"California","Tulare County",1,8,8407,4310,4097
050,06,107,"California","Tulare County",1,9,8479,4354,4125
050,06,107,"California","Tulare County",1,10,8609,4420,4189
050,06,107,"California","Tulare County",1,11,8665,4467,4198
050,06,107,"California","Tulare County",1,12,8959,4554,4405
050,06,107,"California","Tulare County",1,13,8834,4490,4344
050,06,107,"California","Tulare County",1,14,8468,4332,4136
050,06,107,"California","Tulare County",1,15,8398,4297,4101
050,06,107,"California","Tulare County",1,16,8276,4200,4076
050,06,107,"California","Tulare County",1,17,8020,4051,3969
050,06,107,"California","Tulare County",1,18,7321,3747,3574
050,06,107,"California","Tulare County",1,19,6770,3496,3274
050,06,107,"California","Tulare County",1,20,6692,3426,3266
050,06,107,"California","Tulare County",1,21,6543,3294,3249
050,06,107,"California","Tulare County",1,22,6493,3226,3267
050,06,107,"California","Tulare County",1,23,6637,3368,3269
050,06,107,"California","Tulare County",1,24,6482,3219,3263
050,06,107,"California","Tulare County",1,25,6554,3243,3311
050,06,107,"California","Tulare County",1,26,6750,3389,3361
050,06,107,"California","Tulare County",1,27,6778,3439,3339
050,06,107,"California","Tulare County",1,28,6813,3448,3365
050,06,107,"California","Tulare County",1,29,6991,3572,3419
050,06,107,"California","Tulare County",1,30,6791,3428,3363
050,06,107,"California","Tulare County",1,31,6486,3341,3145
050,06,107,"California","Tulare County",1,32,6410,3307,3103
050,06,107,"California","Tulare County",1,33,6414,3279,3135
050,06,107,"California","Tulare County",1,34,6365,3182,3183
050,06,107,"California","Tulare County",1,35,6411,3276,3135
050,06,107,"California","Tulare County",1,36,6372,3213,3159
050,06,107,"California","Tulare County",1,37,6489,3299,3190
050,06,107,"California","Tulare County",1,38,6524,3298,3226
050,06,107,"California","Tulare County",1,39,6492,3339,3153
050,06,107,"California","Tulare County",1,40,6214,3233,2981
050,06,107,"California","Tulare County",1,41,5839,2936,2903
050,06,107,"California","Tulare County",1,42,5911,2957,2954
050,06,107,"California","Tulare County",1,43,5648,2850,2798
050,06,107,"California","Tulare County",1,44,5487,2755,2732
050,06,107,"California","Tulare County",1,45,5402,2695,2707
050,06,107,"California","Tulare County",1,46,5118,2585,2533
050,06,107,"California","Tulare County",1,47,5212,2700,2512
050,06,107,"California","Tulare County",1,48,5290,2672,2618
050,06,107,"California","Tulare County",1,49,5464,2803,2661
050,06,107,"California","Tulare County",1,50,5297,2743,2554
050,06,107,"California","Tulare County",1,51,5073,2569,2504
050,06,107,"California","Tulare County",1,52,5037,2536,2501
050,06,107,"California","Tulare County",1,53,4933,2478,2455
050,06,107,"California","Tulare County",1,54,5018,2545,2473
050,06,107,"California","Tulare County",1,55,5116,2545,2571
050,06,107,"California","Tulare County",1,56,5005,2496,2509
050,06,107,"California","Tulare County",1,57,4956,2462,2494
050,06,107,"California","Tulare County",1,58,4976,2462,2514
050,06,107,"California","Tulare County",1,59,4881,2400,2481
050,06,107,"California","Tulare County",1,60,4777,2392,2385
050,06,107,"California","Tulare County",1,61,4619,2312,2307
050,06,107,"California","Tulare County",1,62,4558,2227,2331
050,06,107,"California","Tulare County",1,63,4386,2123,2263
050,06,107,"California","Tulare County",1,64,4223,2069,2154
050,06,107,"California","Tulare County",1,65,4032,1948,2084
050,06,107,"California","Tulare County",1,66,3951,1923,2028
050,06,107,"California","Tulare County",1,67,3739,1788,1951
050,06,107,"California","Tulare County",1,68,3434,1644,1790
050,06,107,"California","Tulare County",1,69,3294,1530,1764
050,06,107,"California","Tulare County",1,70,3221,1516,1705
050,06,107,"California","Tulare County",1,71,3107,1515,1592
050,06,107,"California","Tulare County",1,72,3015,1424,1591
050,06,107,"California","Tulare County",1,73,2984,1424,1560
050,06,107,"California","Tulare County",1,74,2305,1088,1217
050,06,107,"California","Tulare County",1,75,2273,1051,1222
050,06,107,"California","Tulare County",1,76,2115,966,1149
050,06,107,"California","Tulare County",1,77,1937,861,1076
050,06,107,"California","Tulare County",1,78,1724,754,970
050,06,107,"California","Tulare County",1,79,1571,710,861
050,06,107,"California","Tulare County",1,80,1460,655,805
050,06,107,"California","Tulare County",1,81,1394,601,793
050,06,107,"California","Tulare County",1,82,1250,551,699
050,06,107,"California","Tulare County",1,83,1110,465,645
050,06,107,"California","Tulare County",1,84,993,411,582
050,06,107,"California","Tulare County",1,85,5580,2125,3455
050,06,107,"California","Tulare County",2,0,6663,3387,3276
050,06,107,"California","Tulare County",2,1,6861,3490,3371
050,06,107,"California","Tulare County",2,2,6999,3560,3439
050,06,107,"California","Tulare County",2,3,7254,3692,3562
050,06,107,"California","Tulare County",2,4,7603,3883,3720
050,06,107,"California","Tulare County",2,5,7792,3973,3819
050,06,107,"California","Tulare County",2,6,7927,4064,3863
050,06,107,"California","Tulare County",2,7,8102,4150,3952
050,06,107,"California","Tulare County",2,8,8329,4268,4061
050,06,107,"California","Tulare County",2,9,8467,4349,4118
050,06,107,"California","Tulare County",2,10,8585,4408,4177
050,06,107,"California","Tulare County",2,11,8622,4438,4184
050,06,107,"California","Tulare County",2,12,8934,4560,4374
050,06,107,"California","Tulare County",2,13,8852,4502,4350
050,06,107,"California","Tulare County",2,14,8568,4369,4199
050,06,107,"California","Tulare County",2,15,8433,4312,4121
050,06,107,"California","Tulare County",2,16,8322,4232,4090
050,06,107,"California","Tulare County",2,17,8069,4079,3990
050,06,107,"California","Tulare County",2,18,7307,3739,3568
050,06,107,"California","Tulare County",2,19,6771,3485,3286
050,06,107,"California","Tulare County",2,20,6777,3475,3302
050,06,107,"California","Tulare County",2,21,6585,3327,3258
050,06,107,"California","Tulare County",2,22,6530,3255,3275
050,06,107,"California","Tulare County",2,23,6625,3338,3287
050,06,107,"California","Tulare County",2,24,6505,3239,3266
050,06,107,"California","Tulare County",2,25,6557,3242,3315
050,06,107,"California","Tulare County",2,26,6717,3359,3358
050,06,107,"California","Tulare County",2,27,6758,3423,3335
050,06,107,"California","Tulare County",2,28,6836,3459,3377
050,06,107,"California","Tulare County",2,29,6938,3533,3405
050,06,107,"California","Tulare County",2,30,6880,3486,3394
050,06,107,"California","Tulare County",2,31,6543,3351,3192
050,06,107,"California","Tulare County",2,32,6430,3312,3118
050,06,107,"California","Tulare County",2,33,6412,3281,3131
050,06,107,"California","Tulare County",2,34,6383,3214,3169
050,06,107,"California","Tulare County",2,35,6437,3276,3161
050,06,107,"California","Tulare County",2,36,6360,3219,3141
050,06,107,"California","Tulare County",2,37,6460,3274,3186
050,06,107,"California","Tulare County",2,38,6555,3320,3235
050,06,107,"California","Tulare County",2,39,6484,3318,3166
050,06,107,"California","Tulare County",2,40,6345,3291,3054
050,06,107,"California","Tulare County",2,41,5910,2993,2917
050,06,107,"California","Tulare County",2,42,5883,2950,2933
050,06,107,"California","Tulare County",2,43,5738,2885,2853
050,06,107,"California","Tulare County",2,44,5497,2765,2732
050,06,107,"California","Tulare County",2,45,5441,2715,2726
050,06,107,"California","Tulare County",2,46,5180,2613,2567
050,06,107,"California","Tulare County",2,47,5180,2668,2512
050,06,107,"California","Tulare County",2,48,5275,2682,2593
050,06,107,"California","Tulare County",2,49,5455,2792,2663
050,06,107,"California","Tulare County",2,50,5323,2748,2575
050,06,107,"California","Tulare County",2,51,5109,2603,2506
050,06,107,"California","Tulare County",2,52,5051,2547,2504
050,06,107,"California","Tulare County",2,53,4936,2476,2460
050,06,107,"California","Tulare County",2,54,5001,2535,2466
050,06,107,"California","Tulare County",2,55,5081,2538,2543
050,06,107,"California","Tulare County",2,56,5047,2511,2536
050,06,107,"California","Tulare County",2,57,4947,2458,2489
050,06,107,"California","Tulare County",2,58,4969,2460,2509
050,06,107,"California","Tulare County",2,59,4891,2409,2482
050,06,107,"California","Tulare County",2,60,4809,2396,2413
050,06,107,"California","Tulare County",2,61,4641,2322,2319
050,06,107,"California","Tulare County",2,62,4534,2230,2304
050,06,107,"California","Tulare County",2,63,4442,2154,2288
050,06,107,"California","Tulare County",2,64,4235,2065,2170
050,06,107,"California","Tulare County",2,65,4061,1968,2093
050,06,107,"California","Tulare County",2,66,3959,1920,2039
050,06,107,"California","Tulare County",2,67,3766,1803,1963
050,06,107,"California","Tulare County",2,68,3471,1653,1818
050,06,107,"California","Tulare County",2,69,3319,1550,1769
050,06,107,"California","Tulare County",2,70,3217,1502,1715
050,06,107,"California","Tulare County",2,71,3106,1496,1610
050,06,107,"California","Tulare County",2,72,2995,1425,1570
050,06,107,"California","Tulare County",2,73,3084,1463,1621
050,06,107,"California","Tulare County",2,74,2342,1106,1236
050,06,107,"California","Tulare County",2,75,2274,1054,1220
050,06,107,"California","Tulare County",2,76,2110,956,1154
050,06,107,"California","Tulare County",2,77,1989,891,1098
050,06,107,"California","Tulare County",2,78,1726,751,975
050,06,107,"California","Tulare County",2,79,1581,708,873
050,06,107,"California","Tulare County",2,80,1466,653,813
050,06,107,"California","Tulare County",2,81,1378,602,776
050,06,107,"California","Tulare County",2,82,1273,553,720
050,06,107,"California","Tulare County",2,83,1110,470,640
050,06,107,"California","Tulare County",2,84,995,415,580
050,06,107,"California","Tulare County",2,85,5540,2102,3438
050,06,107,"California","Tulare County",3,0,6547,3331,3216
050,06,107,"California","Tulare County",3,1,6780,3415,3365
050,06,107,"California","Tulare County",3,2,6993,3545,3448
050,06,107,"California","Tulare County",3,3,7063,3586,3477
050,06,107,"California","Tulare County",3,4,7419,3798,3621
050,06,107,"California","Tulare County",3,5,7650,3922,3728
050,06,107,"California","Tulare County",3,6,7823,3976,3847
050,06,107,"California","Tulare County",3,7,7971,4085,3886
050,06,107,"California","Tulare County",3,8,8142,4192,3950
050,06,107,"California","Tulare County",3,9,8346,4277,4069
050,06,107,"California","Tulare County",3,10,8458,4315,4143
050,06,107,"California","Tulare County",3,11,8636,4447,4189
050,06,107,"California","Tulare County",3,12,8604,4423,4181
050,06,107,"California","Tulare County",3,13,8963,4563,4400
050,06,107,"California","Tulare County",3,14,8861,4482,4379
050,06,107,"California","Tulare County",3,15,8608,4388,4220
050,06,107,"California","Tulare County",3,16,8436,4319,4117
050,06,107,"California","Tulare County",3,17,8318,4229,4089
050,06,107,"California","Tulare County",3,18,7471,3810,3661
050,06,107,"California","Tulare County",3,19,6715,3443,3272
050,06,107,"California","Tulare County",3,20,6909,3543,3366
050,06,107,"California","Tulare County",3,21,6887,3525,3362
050,06,107,"California","Tulare County",3,22,6628,3314,3314
050,06,107,"California","Tulare County",3,23,6620,3275,3345
050,06,107,"California","Tulare County",3,24,6654,3353,3301
050,06,107,"California","Tulare County",3,25,6573,3304,3269
050,06,107,"California","Tulare County",3,26,6653,3280,3373
050,06,107,"California","Tulare County",3,27,6781,3406,3375
050,06,107,"California","Tulare County",3,28,6872,3479,3393
050,06,107,"California","Tulare County",3,29,6891,3493,3398
050,06,107,"California","Tulare County",3,30,6955,3552,3403
050,06,107,"California","Tulare County",3,31,6984,3529,3455
050,06,107,"California","Tulare County",3,32,6602,3342,3260
050,06,107,"California","Tulare County",3,33,6522,3367,3155
050,06,107,"California","Tulare County",3,34,6460,3317,3143
050,06,107,"California","Tulare County",3,35,6465,3257,3208
050,06,107,"California","Tulare County",3,36,6492,3296,3196
050,06,107,"California","Tulare County",3,37,6386,3212,3174
050,06,107,"California","Tulare County",3,38,6495,3286,3209
050,06,107,"California","Tulare County",3,39,6545,3327,3218
050,06,107,"California","Tulare County",3,40,6492,3314,3178
050,06,107,"California","Tulare County",3,41,6342,3284,3058
050,06,107,"California","Tulare County",3,42,5922,3001,2921
050,06,107,"California","Tulare County",3,43,5860,2953,2907
050,06,107,"California","Tulare County",3,44,5667,2837,2830
050,06,107,"California","Tulare County",3,45,5498,2746,2752
050,06,107,"California","Tulare County",3,46,5392,2695,2697
050,06,107,"California","Tulare County",3,47,5181,2636,2545
050,06,107,"California","Tulare County",3,48,5133,2619,2514
050,06,107,"California","Tulare County",3,49,5255,2678,2577
050,06,107,"California","Tulare County",3,50,5394,2733,2661
050,06,107,"California","Tulare County",3,51,5277,2717,2560
050,06,107,"California","Tulare County",3,52,5116,2622,2494
050,06,107,"California","Tulare County",3,53,5011,2504,2507
050,06,107,"California","Tulare County",3,54,4927,2460,2467
050,06,107,"California","Tulare County",3,55,4945,2495,2450
050,06,107,"California","Tulare County",3,56,5033,2500,2533
050,06,107,"California","Tulare County",3,57,4957,2468,2489
050,06,107,"California","Tulare County",3,58,4890,2429,2461
050,06,107,"California","Tulare County",3,59,4944,2466,2478
050,06,107,"California","Tulare County",3,60,4857,2396,2461
050,06,107,"California","Tulare County",3,61,4732,2325,2407
050,06,107,"California","Tulare County",3,62,4543,2273,2270
050,06,107,"California","Tulare County",3,63,4461,2195,2266
050,06,107,"California","Tulare County",3,64,4383,2127,2256
050,06,107,"California","Tulare County",3,65,4119,2000,2119
050,06,107,"California","Tulare County",3,66,3952,1914,2038
050,06,107,"California","Tulare County",3,67,3849,1843,2006
050,06,107,"California","Tulare County",3,68,3671,1737,1934
050,06,107,"California","Tulare County",3,69,3366,1609,1757
050,06,107,"California","Tulare County",3,70,3202,1489,1713
050,06,107,"California","Tulare County",3,71,3099,1435,1664
050,06,107,"California","Tulare County",3,72,3021,1455,1566
050,06,107,"California","Tulare County",3,73,2880,1361,1519
050,06,107,"California","Tulare County",3,74,2953,1398,1555
050,06,107,"California","Tulare County",3,75,2242,1054,1188
050,06,107,"California","Tulare County",3,76,2174,1009,1165
050,06,107,"California","Tulare County",3,77,2005,906,1099
050,06,107,"California","Tulare County",3,78,1873,825,1048
050,06,107,"California","Tulare County",3,79,1641,713,928
050,06,107,"California","Tulare County",3,80,1467,649,818
050,06,107,"California","Tulare County",3,81,1382,610,772
050,06,107,"California","Tulare County",3,82,1275,538,737
050,06,107,"California","Tulare County",3,83,1165,509,656
050,06,107,"California","Tulare County",3,84,1018,431,587
050,06,107,"California","Tulare County",3,85,5432,2033,3399
050,06,107,"California","Tulare County",4,0,6816,3512,3304
050,06,107,"California","Tulare County",4,1,6575,3288,3287
050,06,107,"California","Tulare County",4,2,6878,3480,3398
050,06,107,"California","Tulare County",4,3,6999,3525,3474
050,06,107,"California","Tulare County",4,4,7087,3597,3490
050,06,107,"California","Tulare County",4,5,7452,3822,3630
050,06,107,"California","Tulare County",4,6,7617,3887,3730
050,06,107,"California","Tulare County",4,7,7860,3999,3861
050,06,107,"California","Tulare County",4,8,7961,4091,3870
050,06,107,"California","Tulare County",4,9,8182,4229,3953
050,06,107,"California","Tulare County",4,10,8347,4261,4086
050,06,107,"California","Tulare County",4,11,8471,4318,4153
050,06,107,"California","Tulare County",4,12,8614,4436,4178
050,06,107,"California","Tulare County",4,13,8536,4374,4162
050,06,107,"California","Tulare County",4,14,8969,4583,4386
050,06,107,"California","Tulare County",4,15,8862,4488,4374
050,06,107,"California","Tulare County",4,16,8613,4346,4267
050,06,107,"California","Tulare County",4,17,8427,4310,4117
050,06,107,"California","Tulare County",4,18,7642,3940,3702
050,06,107,"California","Tulare County",4,19,6829,3498,3331
050,06,107,"California","Tulare County",4,20,6794,3470,3324
050,06,107,"California","Tulare County",4,21,6965,3575,3390
050,06,107,"California","Tulare County",4,22,6891,3514,3377
050,06,107,"California","Tulare County",4,23,6630,3330,3300
050,06,107,"California","Tulare County",4,24,6625,3305,3320
050,06,107,"California","Tulare County",4,25,6629,3365,3264
050,06,107,"California","Tulare County",4,26,6514,3276,3238
050,06,107,"California","Tulare County",4,27,6593,3257,3336
050,06,107,"California","Tulare County",4,28,6752,3379,3373
050,06,107,"California","Tulare County",4,29,6842,3471,3371
050,06,107,"California","Tulare County",4,30,6879,3492,3387
050,06,107,"California","Tulare County",4,31,6953,3545,3408
050,06,107,"California","Tulare County",4,32,6944,3519,3425
050,06,107,"California","Tulare County",4,33,6635,3379,3256
050,06,107,"California","Tulare County",4,34,6471,3304,3167
050,06,107,"California","Tulare County",4,35,6474,3299,3175
050,06,107,"California","Tulare County",4,36,6425,3238,3187
050,06,107,"California","Tulare County",4,37,6424,3241,3183
050,06,107,"California","Tulare County",4,38,6378,3195,3183
050,06,107,"California","Tulare County",4,39,6443,3252,3191
050,06,107,"California","Tulare County",4,40,6502,3302,3200
050,06,107,"California","Tulare County",4,41,6438,3277,3161
050,06,107,"California","Tulare County",4,42,6359,3289,3070
050,06,107,"California","Tulare County",4,43,5897,2969,2928
050,06,107,"California","Tulare County",4,44,5798,2882,2916
050,06,107,"California","Tulare County",4,45,5630,2818,2812
050,06,107,"California","Tulare County",4,46,5413,2730,2683
050,06,107,"California","Tulare County",4,47,5397,2725,2672
050,06,107,"California","Tulare County",4,48,5100,2577,2523
050,06,107,"California","Tulare County",4,49,5113,2602,2511
050,06,107,"California","Tulare County",4,50,5170,2613,2557
050,06,107,"California","Tulare County",4,51,5326,2694,2632
050,06,107,"California","Tulare County",4,52,5292,2730,2562
050,06,107,"California","Tulare County",4,53,5038,2551,2487
050,06,107,"California","Tulare County",4,54,4972,2498,2474
050,06,107,"California","Tulare County",4,55,4827,2409,2418
050,06,107,"California","Tulare County",4,56,4912,2459,2453
050,06,107,"California","Tulare County",4,57,4932,2445,2487
050,06,107,"California","Tulare County",4,58,4874,2407,2467
050,06,107,"California","Tulare County",4,59,4820,2401,2419
050,06,107,"California","Tulare County",4,60,4858,2402,2456
050,06,107,"California","Tulare County",4,61,4773,2352,2421
050,06,107,"California","Tulare County",4,62,4599,2260,2339
050,06,107,"California","Tulare County",4,63,4455,2220,2235
050,06,107,"California","Tulare County",4,64,4373,2133,2240
050,06,107,"California","Tulare County",4,65,4250,2056,2194
050,06,107,"California","Tulare County",4,66,4009,1933,2076
050,06,107,"California","Tulare County",4,67,3881,1878,2003
050,06,107,"California","Tulare County",4,68,3758,1776,1982
050,06,107,"California","Tulare County",4,69,3575,1684,1891
050,06,107,"California","Tulare County",4,70,3258,1554,1704
050,06,107,"California","Tulare County",4,71,3106,1420,1686
050,06,107,"California","Tulare County",4,72,3006,1395,1611
050,06,107,"California","Tulare County",4,73,2912,1405,1507
050,06,107,"California","Tulare County",4,74,2756,1291,1465
050,06,107,"California","Tulare County",4,75,2836,1340,1496
050,06,107,"California","Tulare County",4,76,2129,997,1132
050,06,107,"California","Tulare County",4,77,2067,943,1124
050,06,107,"California","Tulare County",4,78,1894,845,1049
050,06,107,"California","Tulare County",4,79,1789,794,995
050,06,107,"California","Tulare County",4,80,1523,663,860
050,06,107,"California","Tulare County",4,81,1352,594,758
050,06,107,"California","Tulare County",4,82,1292,569,723
050,06,107,"California","Tulare County",4,83,1182,486,696
050,06,107,"California","Tulare County",4,84,1061,474,587
050,06,107,"California","Tulare County",4,85,5382,2010,3372
050,06,107,"California","Tulare County",5,0,6726,3464,3262
050,06,107,"California","Tulare County",5,1,6838,3499,3339
050,06,107,"California","Tulare County",5,2,6609,3301,3308
050,06,107,"California","Tulare County",5,3,6944,3511,3433
050,06,107,"California","Tulare County",5,4,7090,3562,3528
050,06,107,"California","Tulare County",5,5,7122,3597,3525
050,06,107,"California","Tulare County",5,6,7425,3805,3620
050,06,107,"California","Tulare County",5,7,7635,3910,3725
050,06,107,"California","Tulare County",5,8,7871,4007,3864
050,06,107,"California","Tulare County",5,9,7994,4121,3873
050,06,107,"California","Tulare County",5,10,8189,4232,3957
050,06,107,"California","Tulare County",5,11,8320,4261,4059
050,06,107,"California","Tulare County",5,12,8486,4318,4168
050,06,107,"California","Tulare County",5,13,8634,4457,4177
050,06,107,"California","Tulare County",5,14,8562,4372,4190
050,06,107,"California","Tulare County",5,15,8979,4583,4396
050,06,107,"California","Tulare County",5,16,8904,4485,4419
050,06,107,"California","Tulare County",5,17,8589,4341,4248
050,06,107,"California","Tulare County",5,18,7771,4046,3725
050,06,107,"California","Tulare County",5,19,7016,3601,3415
050,06,107,"California","Tulare County",5,20,6954,3557,3397
050,06,107,"California","Tulare County",5,21,6858,3483,3375
050,06,107,"California","Tulare County",5,22,6981,3560,3421
050,06,107,"California","Tulare County",5,23,6951,3534,3417
050,06,107,"California","Tulare County",5,24,6582,3322,3260
050,06,107,"California","Tulare County",5,25,6601,3308,3293
050,06,107,"California","Tulare County",5,26,6583,3318,3265
050,06,107,"California","Tulare County",5,27,6464,3279,3185
050,06,107,"California","Tulare County",5,28,6558,3213,3345
050,06,107,"California","Tulare County",5,29,6753,3382,3371
050,06,107,"California","Tulare County",5,30,6885,3497,3388
050,06,107,"California","Tulare County",5,31,6877,3474,3403
050,06,107,"California","Tulare County",5,32,6885,3500,3385
050,06,107,"California","Tulare County",5,33,6966,3558,3408
050,06,107,"California","Tulare County",5,34,6630,3371,3259
050,06,107,"California","Tulare County",5,35,6454,3302,3152
050,06,107,"California","Tulare County",5,36,6453,3285,3168
050,06,107,"California","Tulare County",5,37,6406,3228,3178
050,06,107,"California","Tulare County",5,38,6413,3230,3183
050,06,107,"California","Tulare County",5,39,6382,3195,3187
050,06,107,"California","Tulare County",5,40,6447,3250,3197
050,06,107,"California","Tulare County",5,41,6478,3264,3214
050,06,107,"California","Tulare County",5,42,6454,3284,3170
050,06,107,"California","Tulare County",5,43,6354,3288,3066
050,06,107,"California","Tulare County",5,44,5835,2931,2904
050,06,107,"California","Tulare County",5,45,5757,2852,2905
050,06,107,"California","Tulare County",5,46,5587,2811,2776
050,06,107,"California","Tulare County",5,47,5385,2746,2639
050,06,107,"California","Tulare County",5,48,5339,2666,2673
050,06,107,"California","Tulare County",5,49,5123,2605,2518
050,06,107,"California","Tulare County",5,50,5007,2522,2485
050,06,107,"California","Tulare County",5,51,5144,2596,2548
050,06,107,"California","Tulare County",5,52,5352,2703,2649
050,06,107,"California","Tulare County",5,53,5204,2684,2520
050,06,107,"California","Tulare County",5,54,5000,2540,2460
050,06,107,"California","Tulare County",5,55,4887,2442,2445
050,06,107,"California","Tulare County",5,56,4756,2355,2401
050,06,107,"California","Tulare County",5,57,4818,2411,2407
050,06,107,"California","Tulare County",5,58,4880,2393,2487
050,06,107,"California","Tulare County",5,59,4838,2390,2448
050,06,107,"California","Tulare County",5,60,4727,2330,2397
050,06,107,"California","Tulare County",5,61,4783,2355,2428
050,06,107,"California","Tulare County",5,62,4618,2262,2356
050,06,107,"California","Tulare County",5,63,4489,2211,2278
050,06,107,"California","Tulare County",5,64,4397,2183,2214
050,06,107,"California","Tulare County",5,65,4232,2072,2160
050,06,107,"California","Tulare County",5,66,4184,2014,2170
050,06,107,"California","Tulare County",5,67,3928,1892,2036
050,06,107,"California","Tulare County",5,68,3772,1807,1965
050,06,107,"California","Tulare County",5,69,3664,1721,1943
050,06,107,"California","Tulare County",5,70,3488,1632,1856
050,06,107,"California","Tulare County",5,71,3132,1479,1653
050,06,107,"California","Tulare County",5,72,3013,1369,1644
050,06,107,"California","Tulare County",5,73,2896,1345,1551
050,06,107,"California","Tulare County",5,74,2810,1363,1447
050,06,107,"California","Tulare County",5,75,2685,1244,1441
050,06,107,"California","Tulare County",5,76,2729,1280,1449
050,06,107,"California","Tulare County",5,77,2025,935,1090
050,06,107,"California","Tulare County",5,78,1971,883,1088
050,06,107,"California","Tulare County",5,79,1815,820,995
050,06,107,"California","Tulare County",5,80,1668,733,935
050,06,107,"California","Tulare County",5,81,1422,623,799
050,06,107,"California","Tulare County",5,82,1262,547,715
050,06,107,"California","Tulare County",5,83,1212,529,683
050,06,107,"California","Tulare County",5,84,1097,459,638
050,06,107,"California","Tulare County",5,85,5464,2065,3399
050,06,109,"California","Tuolumne County",1,0,467,240,227
050,06,109,"California","Tuolumne County",1,1,493,244,249
050,06,109,"California","Tuolumne County",1,2,487,247,240
050,06,109,"California","Tuolumne County",1,3,505,267,238
050,06,109,"California","Tuolumne County",1,4,500,225,275
050,06,109,"California","Tuolumne County",1,5,529,258,271
050,06,109,"California","Tuolumne County",1,6,514,255,259
050,06,109,"California","Tuolumne County",1,7,521,251,270
050,06,109,"California","Tuolumne County",1,8,541,281,260
050,06,109,"California","Tuolumne County",1,9,512,263,249
050,06,109,"California","Tuolumne County",1,10,551,273,278
050,06,109,"California","Tuolumne County",1,11,570,294,276
050,06,109,"California","Tuolumne County",1,12,566,296,270
050,06,109,"California","Tuolumne County",1,13,602,319,283
050,06,109,"California","Tuolumne County",1,14,572,288,284
050,06,109,"California","Tuolumne County",1,15,574,293,281
050,06,109,"California","Tuolumne County",1,16,551,292,259
050,06,109,"California","Tuolumne County",1,17,543,282,261
050,06,109,"California","Tuolumne County",1,18,506,258,248
050,06,109,"California","Tuolumne County",1,19,442,233,209
050,06,109,"California","Tuolumne County",1,20,473,258,215
050,06,109,"California","Tuolumne County",1,21,496,280,216
050,06,109,"California","Tuolumne County",1,22,501,286,215
050,06,109,"California","Tuolumne County",1,23,541,301,240
050,06,109,"California","Tuolumne County",1,24,574,329,245
050,06,109,"California","Tuolumne County",1,25,589,339,250
050,06,109,"California","Tuolumne County",1,26,609,341,268
050,06,109,"California","Tuolumne County",1,27,620,361,259
050,06,109,"California","Tuolumne County",1,28,705,422,283
050,06,109,"California","Tuolumne County",1,29,725,425,300
050,06,109,"California","Tuolumne County",1,30,695,397,298
050,06,109,"California","Tuolumne County",1,31,691,371,320
050,06,109,"California","Tuolumne County",1,32,658,384,274
050,06,109,"California","Tuolumne County",1,33,641,353,288
050,06,109,"California","Tuolumne County",1,34,647,370,277
050,06,109,"California","Tuolumne County",1,35,646,369,277
050,06,109,"California","Tuolumne County",1,36,646,361,285
050,06,109,"California","Tuolumne County",1,37,657,367,290
050,06,109,"California","Tuolumne County",1,38,679,401,278
050,06,109,"California","Tuolumne County",1,39,673,395,278
050,06,109,"California","Tuolumne County",1,40,645,360,285
050,06,109,"California","Tuolumne County",1,41,651,368,283
050,06,109,"California","Tuolumne County",1,42,587,329,258
050,06,109,"California","Tuolumne County",1,43,607,353,254
050,06,109,"California","Tuolumne County",1,44,566,322,244
050,06,109,"California","Tuolumne County",1,45,569,329,240
050,06,109,"California","Tuolumne County",1,46,529,308,221
050,06,109,"California","Tuolumne County",1,47,535,297,238
050,06,109,"California","Tuolumne County",1,48,581,323,258
050,06,109,"California","Tuolumne County",1,49,663,362,301
050,06,109,"California","Tuolumne County",1,50,616,320,296
050,06,109,"California","Tuolumne County",1,51,615,320,295
050,06,109,"California","Tuolumne County",1,52,578,310,268
050,06,109,"California","Tuolumne County",1,53,620,333,287
050,06,109,"California","Tuolumne County",1,54,647,342,305
050,06,109,"California","Tuolumne County",1,55,705,357,348
050,06,109,"California","Tuolumne County",1,56,749,382,367
050,06,109,"California","Tuolumne County",1,57,774,349,425
050,06,109,"California","Tuolumne County",1,58,799,383,416
050,06,109,"California","Tuolumne County",1,59,849,408,441
050,06,109,"California","Tuolumne County",1,60,924,448,476
050,06,109,"California","Tuolumne County",1,61,951,468,483
050,06,109,"California","Tuolumne County",1,62,952,483,469
050,06,109,"California","Tuolumne County",1,63,971,470,501
050,06,109,"California","Tuolumne County",1,64,1005,494,511
050,06,109,"California","Tuolumne County",1,65,990,487,503
050,06,109,"California","Tuolumne County",1,66,999,472,527
050,06,109,"California","Tuolumne County",1,67,1005,494,511
050,06,109,"California","Tuolumne County",1,68,1016,510,506
050,06,109,"California","Tuolumne County",1,69,915,471,444
050,06,109,"California","Tuolumne County",1,70,865,432,433
050,06,109,"California","Tuolumne County",1,71,842,424,418
050,06,109,"California","Tuolumne County",1,72,867,445,422
050,06,109,"California","Tuolumne County",1,73,875,420,455
050,06,109,"California","Tuolumne County",1,74,647,331,316
050,06,109,"California","Tuolumne County",1,75,621,304,317
050,06,109,"California","Tuolumne County",1,76,623,302,321
050,06,109,"California","Tuolumne County",1,77,571,285,286
050,06,109,"California","Tuolumne County",1,78,478,232,246
050,06,109,"California","Tuolumne County",1,79,429,192,237
050,06,109,"California","Tuolumne County",1,80,418,193,225
050,06,109,"California","Tuolumne County",1,81,395,184,211
050,06,109,"California","Tuolumne County",1,82,351,167,184
050,06,109,"California","Tuolumne County",1,83,306,147,159
050,06,109,"California","Tuolumne County",1,84,242,112,130
050,06,109,"California","Tuolumne County",1,85,1469,594,875
050,06,109,"California","Tuolumne County",2,0,463,236,227
050,06,109,"California","Tuolumne County",2,1,491,245,246
050,06,109,"California","Tuolumne County",2,2,491,248,243
050,06,109,"California","Tuolumne County",2,3,499,261,238
050,06,109,"California","Tuolumne County",2,4,507,239,268
050,06,109,"California","Tuolumne County",2,5,521,248,273
050,06,109,"California","Tuolumne County",2,6,520,256,264
050,06,109,"California","Tuolumne County",2,7,519,251,268
050,06,109,"California","Tuolumne County",2,8,532,274,258
050,06,109,"California","Tuolumne County",2,9,516,264,252
050,06,109,"California","Tuolumne County",2,10,545,272,273
050,06,109,"California","Tuolumne County",2,11,566,286,280
050,06,109,"California","Tuolumne County",2,12,570,297,273
050,06,109,"California","Tuolumne County",2,13,595,315,280
050,06,109,"California","Tuolumne County",2,14,578,297,281
050,06,109,"California","Tuolumne County",2,15,574,293,281
050,06,109,"California","Tuolumne County",2,16,556,292,264
050,06,109,"California","Tuolumne County",2,17,552,287,265
050,06,109,"California","Tuolumne County",2,18,497,256,241
050,06,109,"California","Tuolumne County",2,19,441,230,211
050,06,109,"California","Tuolumne County",2,20,474,256,218
050,06,109,"California","Tuolumne County",2,21,492,275,217
050,06,109,"California","Tuolumne County",2,22,501,282,219
050,06,109,"California","Tuolumne County",2,23,528,294,234
050,06,109,"California","Tuolumne County",2,24,564,322,242
050,06,109,"California","Tuolumne County",2,25,578,329,249
050,06,109,"California","Tuolumne County",2,26,600,338,262
050,06,109,"California","Tuolumne County",2,27,609,350,259
050,06,109,"California","Tuolumne County",2,28,690,410,280
050,06,109,"California","Tuolumne County",2,29,708,411,297
050,06,109,"California","Tuolumne County",2,30,700,396,304
050,06,109,"California","Tuolumne County",2,31,688,374,314
050,06,109,"California","Tuolumne County",2,32,662,375,287
050,06,109,"California","Tuolumne County",2,33,640,356,284
050,06,109,"California","Tuolumne County",2,34,647,366,281
050,06,109,"California","Tuolumne County",2,35,644,363,281
050,06,109,"California","Tuolumne County",2,36,637,356,281
050,06,109,"California","Tuolumne County",2,37,648,359,289
050,06,109,"California","Tuolumne County",2,38,671,388,283
050,06,109,"California","Tuolumne County",2,39,662,389,273
050,06,109,"California","Tuolumne County",2,40,654,368,286
050,06,109,"California","Tuolumne County",2,41,643,359,284
050,06,109,"California","Tuolumne County",2,42,591,329,262
050,06,109,"California","Tuolumne County",2,43,605,349,256
050,06,109,"California","Tuolumne County",2,44,563,318,245
050,06,109,"California","Tuolumne County",2,45,569,324,245
050,06,109,"California","Tuolumne County",2,46,530,307,223
050,06,109,"California","Tuolumne County",2,47,525,290,235
050,06,109,"California","Tuolumne County",2,48,569,315,254
050,06,109,"California","Tuolumne County",2,49,644,350,294
050,06,109,"California","Tuolumne County",2,50,624,324,300
050,06,109,"California","Tuolumne County",2,51,608,317,291
050,06,109,"California","Tuolumne County",2,52,577,307,270
050,06,109,"California","Tuolumne County",2,53,605,323,282
050,06,109,"California","Tuolumne County",2,54,636,337,299
050,06,109,"California","Tuolumne County",2,55,694,356,338
050,06,109,"California","Tuolumne County",2,56,741,376,365
050,06,109,"California","Tuolumne County",2,57,766,355,411
050,06,109,"California","Tuolumne County",2,58,792,375,417
050,06,109,"California","Tuolumne County",2,59,844,402,442
050,06,109,"California","Tuolumne County",2,60,902,432,470
050,06,109,"California","Tuolumne County",2,61,938,458,480
050,06,109,"California","Tuolumne County",2,62,945,476,469
050,06,109,"California","Tuolumne County",2,63,977,477,500
050,06,109,"California","Tuolumne County",2,64,986,485,501
050,06,109,"California","Tuolumne County",2,65,993,487,506
050,06,109,"California","Tuolumne County",2,66,996,475,521
050,06,109,"California","Tuolumne County",2,67,996,485,511
050,06,109,"California","Tuolumne County",2,68,1003,499,504
050,06,109,"California","Tuolumne County",2,69,944,479,465
050,06,109,"California","Tuolumne County",2,70,868,436,432
050,06,109,"California","Tuolumne County",2,71,849,428,421
050,06,109,"California","Tuolumne County",2,72,844,432,412
050,06,109,"California","Tuolumne County",2,73,912,447,465
050,06,109,"California","Tuolumne County",2,74,651,326,325
050,06,109,"California","Tuolumne County",2,75,627,311,316
050,06,109,"California","Tuolumne County",2,76,604,292,312
050,06,109,"California","Tuolumne County",2,77,592,292,300
050,06,109,"California","Tuolumne County",2,78,485,236,249
050,06,109,"California","Tuolumne County",2,79,434,197,237
050,06,109,"California","Tuolumne County",2,80,417,189,228
050,06,109,"California","Tuolumne County",2,81,392,182,210
050,06,109,"California","Tuolumne County",2,82,356,168,188
050,06,109,"California","Tuolumne County",2,83,310,147,163
050,06,109,"California","Tuolumne County",2,84,251,117,134
050,06,109,"California","Tuolumne County",2,85,1451,584,867
050,06,109,"California","Tuolumne County",3,0,397,201,196
050,06,109,"California","Tuolumne County",3,1,498,253,245
050,06,109,"California","Tuolumne County",3,2,491,249,242
050,06,109,"California","Tuolumne County",3,3,501,253,248
050,06,109,"California","Tuolumne County",3,4,503,262,241
050,06,109,"California","Tuolumne County",3,5,506,236,270
050,06,109,"California","Tuolumne County",3,6,537,254,283
050,06,109,"California","Tuolumne County",3,7,524,264,260
050,06,109,"California","Tuolumne County",3,8,529,259,270
050,06,109,"California","Tuolumne County",3,9,533,265,268
050,06,109,"California","Tuolumne County",3,10,535,275,260
050,06,109,"California","Tuolumne County",3,11,549,257,292
050,06,109,"California","Tuolumne County",3,12,563,283,280
050,06,109,"California","Tuolumne County",3,13,585,306,279
050,06,109,"California","Tuolumne County",3,14,581,305,276
050,06,109,"California","Tuolumne County",3,15,570,287,283
050,06,109,"California","Tuolumne County",3,16,566,284,282
050,06,109,"California","Tuolumne County",3,17,580,295,285
050,06,109,"California","Tuolumne County",3,18,501,275,226
050,06,109,"California","Tuolumne County",3,19,412,213,199
050,06,109,"California","Tuolumne County",3,20,455,245,210
050,06,109,"California","Tuolumne County",3,21,481,264,217
050,06,109,"California","Tuolumne County",3,22,490,263,227
050,06,109,"California","Tuolumne County",3,23,525,290,235
050,06,109,"California","Tuolumne County",3,24,535,307,228
050,06,109,"California","Tuolumne County",3,25,562,317,245
050,06,109,"California","Tuolumne County",3,26,586,340,246
050,06,109,"California","Tuolumne County",3,27,581,334,247
050,06,109,"California","Tuolumne County",3,28,632,374,258
050,06,109,"California","Tuolumne County",3,29,666,377,289
050,06,109,"California","Tuolumne County",3,30,724,420,304
050,06,109,"California","Tuolumne County",3,31,690,398,292
050,06,109,"California","Tuolumne County",3,32,675,358,317
050,06,109,"California","Tuolumne County",3,33,656,363,293
050,06,109,"California","Tuolumne County",3,34,660,371,289
050,06,109,"California","Tuolumne County",3,35,657,364,293
050,06,109,"California","Tuolumne County",3,36,617,330,287
050,06,109,"California","Tuolumne County",3,37,664,372,292
050,06,109,"California","Tuolumne County",3,38,677,376,301
050,06,109,"California","Tuolumne County",3,39,677,382,295
050,06,109,"California","Tuolumne County",3,40,674,389,285
050,06,109,"California","Tuolumne County",3,41,674,377,297
050,06,109,"California","Tuolumne County",3,42,616,339,277
050,06,109,"California","Tuolumne County",3,43,611,339,272
050,06,109,"California","Tuolumne County",3,44,599,325,274
050,06,109,"California","Tuolumne County",3,45,568,314,254
050,06,109,"California","Tuolumne County",3,46,562,323,239
050,06,109,"California","Tuolumne County",3,47,507,284,223
050,06,109,"California","Tuolumne County",3,48,536,307,229
050,06,109,"California","Tuolumne County",3,49,570,315,255
050,06,109,"California","Tuolumne County",3,50,650,345,305
050,06,109,"California","Tuolumne County",3,51,638,331,307
050,06,109,"California","Tuolumne County",3,52,595,306,289
050,06,109,"California","Tuolumne County",3,53,580,300,280
050,06,109,"California","Tuolumne County",3,54,628,330,298
050,06,109,"California","Tuolumne County",3,55,635,334,301
050,06,109,"California","Tuolumne County",3,56,701,357,344
050,06,109,"California","Tuolumne County",3,57,725,358,367
050,06,109,"California","Tuolumne County",3,58,772,362,410
050,06,109,"California","Tuolumne County",3,59,780,370,410
050,06,109,"California","Tuolumne County",3,60,859,421,438
050,06,109,"California","Tuolumne County",3,61,908,438,470
050,06,109,"California","Tuolumne County",3,62,924,450,474
050,06,109,"California","Tuolumne County",3,63,947,467,480
050,06,109,"California","Tuolumne County",3,64,972,467,505
050,06,109,"California","Tuolumne County",3,65,960,466,494
050,06,109,"California","Tuolumne County",3,66,996,484,512
050,06,109,"California","Tuolumne County",3,67,983,478,505
050,06,109,"California","Tuolumne County",3,68,974,467,507
050,06,109,"California","Tuolumne County",3,69,975,492,483
050,06,109,"California","Tuolumne County",3,70,924,457,467
050,06,109,"California","Tuolumne County",3,71,850,421,429
050,06,109,"California","Tuolumne County",3,72,820,411,409
050,06,109,"California","Tuolumne County",3,73,822,411,411
050,06,109,"California","Tuolumne County",3,74,879,434,445
050,06,109,"California","Tuolumne County",3,75,621,305,316
050,06,109,"California","Tuolumne County",3,76,601,302,299
050,06,109,"California","Tuolumne County",3,77,592,290,302
050,06,109,"California","Tuolumne County",3,78,570,284,286
050,06,109,"California","Tuolumne County",3,79,461,223,238
050,06,109,"California","Tuolumne County",3,80,412,196,216
050,06,109,"California","Tuolumne County",3,81,372,159,213
050,06,109,"California","Tuolumne County",3,82,351,158,193
050,06,109,"California","Tuolumne County",3,83,330,156,174
050,06,109,"California","Tuolumne County",3,84,290,138,152
050,06,109,"California","Tuolumne County",3,85,1446,593,853
050,06,109,"California","Tuolumne County",4,0,451,227,224
050,06,109,"California","Tuolumne County",4,1,424,214,210
050,06,109,"California","Tuolumne County",4,2,492,258,234
050,06,109,"California","Tuolumne County",4,3,497,250,247
050,06,109,"California","Tuolumne County",4,4,503,256,247
050,06,109,"California","Tuolumne County",4,5,500,265,235
050,06,109,"California","Tuolumne County",4,6,512,246,266
050,06,109,"California","Tuolumne County",4,7,561,258,303
050,06,109,"California","Tuolumne County",4,8,530,268,262
050,06,109,"California","Tuolumne County",4,9,526,252,274
050,06,109,"California","Tuolumne County",4,10,542,275,267
050,06,109,"California","Tuolumne County",4,11,545,276,269
050,06,109,"California","Tuolumne County",4,12,528,248,280
050,06,109,"California","Tuolumne County",4,13,566,285,281
050,06,109,"California","Tuolumne County",4,14,581,312,269
050,06,109,"California","Tuolumne County",4,15,577,307,270
050,06,109,"California","Tuolumne County",4,16,577,288,289
050,06,109,"California","Tuolumne County",4,17,567,284,283
050,06,109,"California","Tuolumne County",4,18,514,271,243
050,06,109,"California","Tuolumne County",4,19,422,233,189
050,06,109,"California","Tuolumne County",4,20,418,231,187
050,06,109,"California","Tuolumne County",4,21,470,268,202
050,06,109,"California","Tuolumne County",4,22,514,280,234
050,06,109,"California","Tuolumne County",4,23,504,269,235
050,06,109,"California","Tuolumne County",4,24,526,293,233
050,06,109,"California","Tuolumne County",4,25,547,305,242
050,06,109,"California","Tuolumne County",4,26,564,321,243
050,06,109,"California","Tuolumne County",4,27,590,344,246
050,06,109,"California","Tuolumne County",4,28,611,357,254
050,06,109,"California","Tuolumne County",4,29,603,342,261
050,06,109,"California","Tuolumne County",4,30,665,373,292
050,06,109,"California","Tuolumne County",4,31,714,415,299
050,06,109,"California","Tuolumne County",4,32,682,387,295
050,06,109,"California","Tuolumne County",4,33,670,350,320
050,06,109,"California","Tuolumne County",4,34,677,376,301
050,06,109,"California","Tuolumne County",4,35,651,358,293
050,06,109,"California","Tuolumne County",4,36,642,343,299
050,06,109,"California","Tuolumne County",4,37,617,337,280
050,06,109,"California","Tuolumne County",4,38,671,374,297
050,06,109,"California","Tuolumne County",4,39,668,377,291
050,06,109,"California","Tuolumne County",4,40,682,381,301
050,06,109,"California","Tuolumne County",4,41,681,390,291
050,06,109,"California","Tuolumne County",4,42,640,353,287
050,06,109,"California","Tuolumne County",4,43,642,359,283
050,06,109,"California","Tuolumne County",4,44,607,331,276
050,06,109,"California","Tuolumne County",4,45,603,323,280
050,06,109,"California","Tuolumne County",4,46,543,304,239
050,06,109,"California","Tuolumne County",4,47,550,303,247
050,06,109,"California","Tuolumne County",4,48,506,279,227
050,06,109,"California","Tuolumne County",4,49,522,300,222
050,06,109,"California","Tuolumne County",4,50,560,298,262
050,06,109,"California","Tuolumne County",4,51,649,353,296
050,06,109,"California","Tuolumne County",4,52,611,305,306
050,06,109,"California","Tuolumne County",4,53,602,293,309
050,06,109,"California","Tuolumne County",4,54,582,298,284
050,06,109,"California","Tuolumne County",4,55,623,328,295
050,06,109,"California","Tuolumne County",4,56,632,332,300
050,06,109,"California","Tuolumne County",4,57,673,332,341
050,06,109,"California","Tuolumne County",4,58,728,369,359
050,06,109,"California","Tuolumne County",4,59,769,350,419
050,06,109,"California","Tuolumne County",4,60,774,369,405
050,06,109,"California","Tuolumne County",4,61,875,434,441
050,06,109,"California","Tuolumne County",4,62,879,436,443
050,06,109,"California","Tuolumne County",4,63,912,433,479
050,06,109,"California","Tuolumne County",4,64,949,478,471
050,06,109,"California","Tuolumne County",4,65,967,463,504
050,06,109,"California","Tuolumne County",4,66,998,483,515
050,06,109,"California","Tuolumne County",4,67,985,482,503
050,06,109,"California","Tuolumne County",4,68,947,450,497
050,06,109,"California","Tuolumne County",4,69,948,451,497
050,06,109,"California","Tuolumne County",4,70,923,463,460
050,06,109,"California","Tuolumne County",4,71,892,448,444
050,06,109,"California","Tuolumne County",4,72,828,409,419
050,06,109,"California","Tuolumne County",4,73,789,394,395
050,06,109,"California","Tuolumne County",4,74,787,398,389
050,06,109,"California","Tuolumne County",4,75,847,412,435
050,06,109,"California","Tuolumne County",4,76,578,275,303
050,06,109,"California","Tuolumne County",4,77,578,287,291
050,06,109,"California","Tuolumne County",4,78,568,271,297
050,06,109,"California","Tuolumne County",4,79,544,272,272
050,06,109,"California","Tuolumne County",4,80,441,219,222
050,06,109,"California","Tuolumne County",4,81,375,175,200
050,06,109,"California","Tuolumne County",4,82,329,139,190
050,06,109,"California","Tuolumne County",4,83,321,143,178
050,06,109,"California","Tuolumne County",4,84,283,140,143
050,06,109,"California","Tuolumne County",4,85,1446,605,841
050,06,109,"California","Tuolumne County",5,0,437,223,214
050,06,109,"California","Tuolumne County",5,1,435,218,217
050,06,109,"California","Tuolumne County",5,2,431,224,207
050,06,109,"California","Tuolumne County",5,3,505,259,246
050,06,109,"California","Tuolumne County",5,4,510,252,258
050,06,109,"California","Tuolumne County",5,5,508,249,259
050,06,109,"California","Tuolumne County",5,6,497,267,230
050,06,109,"California","Tuolumne County",5,7,510,239,271
050,06,109,"California","Tuolumne County",5,8,564,263,301
050,06,109,"California","Tuolumne County",5,9,538,273,265
050,06,109,"California","Tuolumne County",5,10,538,265,273
050,06,109,"California","Tuolumne County",5,11,544,274,270
050,06,109,"California","Tuolumne County",5,12,521,257,264
050,06,109,"California","Tuolumne County",5,13,521,243,278
050,06,109,"California","Tuolumne County",5,14,545,277,268
050,06,109,"California","Tuolumne County",5,15,582,311,271
050,06,109,"California","Tuolumne County",5,16,580,301,279
050,06,109,"California","Tuolumne County",5,17,586,296,290
050,06,109,"California","Tuolumne County",5,18,522,271,251
050,06,109,"California","Tuolumne County",5,19,433,239,194
050,06,109,"California","Tuolumne County",5,20,449,261,188
050,06,109,"California","Tuolumne County",5,21,455,264,191
050,06,109,"California","Tuolumne County",5,22,493,278,215
050,06,109,"California","Tuolumne County",5,23,514,281,233
050,06,109,"California","Tuolumne County",5,24,517,290,227
050,06,109,"California","Tuolumne County",5,25,530,290,240
050,06,109,"California","Tuolumne County",5,26,586,332,254
050,06,109,"California","Tuolumne County",5,27,567,336,231
050,06,109,"California","Tuolumne County",5,28,613,375,238
050,06,109,"California","Tuolumne County",5,29,610,343,267
050,06,109,"California","Tuolumne County",5,30,605,343,262
050,06,109,"California","Tuolumne County",5,31,669,376,293
050,06,109,"California","Tuolumne County",5,32,725,410,315
050,06,109,"California","Tuolumne County",5,33,675,373,302
050,06,109,"California","Tuolumne County",5,34,685,360,325
050,06,109,"California","Tuolumne County",5,35,677,367,310
050,06,109,"California","Tuolumne County",5,36,651,361,290
050,06,109,"California","Tuolumne County",5,37,670,364,306
050,06,109,"California","Tuolumne County",5,38,618,345,273
050,06,109,"California","Tuolumne County",5,39,665,374,291
050,06,109,"California","Tuolumne County",5,40,690,393,297
050,06,109,"California","Tuolumne County",5,41,702,393,309
050,06,109,"California","Tuolumne County",5,42,656,370,286
050,06,109,"California","Tuolumne County",5,43,659,374,285
050,06,109,"California","Tuolumne County",5,44,632,351,281
050,06,109,"California","Tuolumne County",5,45,614,336,278
050,06,109,"California","Tuolumne County",5,46,586,314,272
050,06,109,"California","Tuolumne County",5,47,522,292,230
050,06,109,"California","Tuolumne County",5,48,558,302,256
050,06,109,"California","Tuolumne County",5,49,505,286,219
050,06,109,"California","Tuolumne County",5,50,518,295,223
050,06,109,"California","Tuolumne County",5,51,549,294,255
050,06,109,"California","Tuolumne County",5,52,618,334,284
050,06,109,"California","Tuolumne County",5,53,591,288,303
050,06,109,"California","Tuolumne County",5,54,599,288,311
050,06,109,"California","Tuolumne County",5,55,576,298,278
050,06,109,"California","Tuolumne County",5,56,611,321,290
050,06,109,"California","Tuolumne County",5,57,627,316,311
050,06,109,"California","Tuolumne County",5,58,691,342,349
050,06,109,"California","Tuolumne County",5,59,714,355,359
050,06,109,"California","Tuolumne County",5,60,759,346,413
050,06,109,"California","Tuolumne County",5,61,752,355,397
050,06,109,"California","Tuolumne County",5,62,859,416,443
050,06,109,"California","Tuolumne County",5,63,884,437,447
050,06,109,"California","Tuolumne County",5,64,898,424,474
050,06,109,"California","Tuolumne County",5,65,952,480,472
050,06,109,"California","Tuolumne County",5,66,963,462,501
050,06,109,"California","Tuolumne County",5,67,964,464,500
050,06,109,"California","Tuolumne County",5,68,953,455,498
050,06,109,"California","Tuolumne County",5,69,925,437,488
050,06,109,"California","Tuolumne County",5,70,929,436,493
050,06,109,"California","Tuolumne County",5,71,908,451,457
050,06,109,"California","Tuolumne County",5,72,871,441,430
050,06,109,"California","Tuolumne County",5,73,811,396,415
050,06,109,"California","Tuolumne County",5,74,756,377,379
050,06,109,"California","Tuolumne County",5,75,745,373,372
050,06,109,"California","Tuolumne County",5,76,801,381,420
050,06,109,"California","Tuolumne County",5,77,558,263,295
050,06,109,"California","Tuolumne County",5,78,559,279,280
050,06,109,"California","Tuolumne County",5,79,541,253,288
050,06,109,"California","Tuolumne County",5,80,524,270,254
050,06,109,"California","Tuolumne County",5,81,399,194,205
050,06,109,"California","Tuolumne County",5,82,337,156,181
050,06,109,"California","Tuolumne County",5,83,306,129,177
050,06,109,"California","Tuolumne County",5,84,282,129,153
050,06,109,"California","Tuolumne County",5,85,1469,635,834
050,06,111,"California","Ventura County",1,0,8677,4436,4241
050,06,111,"California","Ventura County",1,1,8867,4507,4360
050,06,111,"California","Ventura County",1,2,9250,4689,4561
050,06,111,"California","Ventura County",1,3,9571,4838,4733
050,06,111,"California","Ventura County",1,4,10049,5187,4862
050,06,111,"California","Ventura County",1,5,10414,5391,5023
050,06,111,"California","Ventura County",1,6,10276,5260,5016
050,06,111,"California","Ventura County",1,7,10455,5327,5128
050,06,111,"California","Ventura County",1,8,10489,5378,5111
050,06,111,"California","Ventura County",1,9,10903,5562,5341
050,06,111,"California","Ventura County",1,10,10962,5539,5423
050,06,111,"California","Ventura County",1,11,11269,5714,5555
050,06,111,"California","Ventura County",1,12,11714,5977,5737
050,06,111,"California","Ventura County",1,13,11738,5995,5743
050,06,111,"California","Ventura County",1,14,11723,5973,5750
050,06,111,"California","Ventura County",1,15,11580,5889,5691
050,06,111,"California","Ventura County",1,16,11678,5930,5748
050,06,111,"California","Ventura County",1,17,11530,5842,5688
050,06,111,"California","Ventura County",1,18,11076,5658,5418
050,06,111,"California","Ventura County",1,19,10431,5299,5132
050,06,111,"California","Ventura County",1,20,10648,5407,5241
050,06,111,"California","Ventura County",1,21,10736,5444,5292
050,06,111,"California","Ventura County",1,22,10766,5401,5365
050,06,111,"California","Ventura County",1,23,10867,5459,5408
050,06,111,"California","Ventura County",1,24,11102,5675,5427
050,06,111,"California","Ventura County",1,25,11164,5736,5428
050,06,111,"California","Ventura County",1,26,11292,5767,5525
050,06,111,"California","Ventura County",1,27,11470,5841,5629
050,06,111,"California","Ventura County",1,28,11571,5913,5658
050,06,111,"California","Ventura County",1,29,11759,6061,5698
050,06,111,"California","Ventura County",1,30,11354,5822,5532
050,06,111,"California","Ventura County",1,31,10952,5627,5325
050,06,111,"California","Ventura County",1,32,10815,5606,5209
050,06,111,"California","Ventura County",1,33,10791,5627,5164
050,06,111,"California","Ventura County",1,34,10950,5685,5265
050,06,111,"California","Ventura County",1,35,10835,5569,5266
050,06,111,"California","Ventura County",1,36,10835,5535,5300
050,06,111,"California","Ventura County",1,37,11131,5677,5454
050,06,111,"California","Ventura County",1,38,10955,5634,5321
050,06,111,"California","Ventura County",1,39,10859,5533,5326
050,06,111,"California","Ventura County",1,40,10855,5541,5314
050,06,111,"California","Ventura County",1,41,10465,5225,5240
050,06,111,"California","Ventura County",1,42,10306,5149,5157
050,06,111,"California","Ventura County",1,43,10190,5097,5093
050,06,111,"California","Ventura County",1,44,10087,5004,5083
050,06,111,"California","Ventura County",1,45,10267,5076,5191
050,06,111,"California","Ventura County",1,46,10009,4942,5067
050,06,111,"California","Ventura County",1,47,10334,5108,5226
050,06,111,"California","Ventura County",1,48,10856,5419,5437
050,06,111,"California","Ventura County",1,49,11670,5864,5806
050,06,111,"California","Ventura County",1,50,11650,5899,5751
050,06,111,"California","Ventura County",1,51,11257,5586,5671
050,06,111,"California","Ventura County",1,52,10957,5530,5427
050,06,111,"California","Ventura County",1,53,11056,5605,5451
050,06,111,"California","Ventura County",1,54,11132,5579,5553
050,06,111,"California","Ventura County",1,55,11715,5824,5891
050,06,111,"California","Ventura County",1,56,11786,5844,5942
050,06,111,"California","Ventura County",1,57,11635,5818,5817
050,06,111,"California","Ventura County",1,58,11737,5832,5905
050,06,111,"California","Ventura County",1,59,11769,5767,6002
050,06,111,"California","Ventura County",1,60,11508,5687,5821
050,06,111,"California","Ventura County",1,61,11186,5485,5701
050,06,111,"California","Ventura County",1,62,11129,5539,5590
050,06,111,"California","Ventura County",1,63,10583,5225,5358
050,06,111,"California","Ventura County",1,64,10235,5065,5170
050,06,111,"California","Ventura County",1,65,9900,4870,5030
050,06,111,"California","Ventura County",1,66,9378,4587,4791
050,06,111,"California","Ventura County",1,67,8827,4202,4625
050,06,111,"California","Ventura County",1,68,8403,3943,4460
050,06,111,"California","Ventura County",1,69,7947,3770,4177
050,06,111,"California","Ventura County",1,70,7835,3702,4133
050,06,111,"California","Ventura County",1,71,7528,3523,4005
050,06,111,"California","Ventura County",1,72,7518,3547,3971
050,06,111,"California","Ventura County",1,73,7483,3595,3888
050,06,111,"California","Ventura County",1,74,5555,2602,2953
050,06,111,"California","Ventura County",1,75,5420,2513,2907
050,06,111,"California","Ventura County",1,76,5208,2394,2814
050,06,111,"California","Ventura County",1,77,5051,2237,2814
050,06,111,"California","Ventura County",1,78,4356,1960,2396
050,06,111,"California","Ventura County",1,79,3915,1756,2159
050,06,111,"California","Ventura County",1,80,3621,1566,2055
050,06,111,"California","Ventura County",1,81,3398,1484,1914
050,06,111,"California","Ventura County",1,82,3069,1333,1736
050,06,111,"California","Ventura County",1,83,2771,1150,1621
050,06,111,"California","Ventura County",1,84,2553,1062,1491
050,06,111,"California","Ventura County",1,85,16226,6154,10072
050,06,111,"California","Ventura County",2,0,8555,4370,4185
050,06,111,"California","Ventura County",2,1,8833,4493,4340
050,06,111,"California","Ventura County",2,2,9145,4628,4517
050,06,111,"California","Ventura County",2,3,9462,4787,4675
050,06,111,"California","Ventura County",2,4,9944,5111,4833
050,06,111,"California","Ventura County",2,5,10314,5336,4978
050,06,111,"California","Ventura County",2,6,10307,5291,5016
050,06,111,"California","Ventura County",2,7,10378,5296,5082
050,06,111,"California","Ventura County",2,8,10427,5332,5095
050,06,111,"California","Ventura County",2,9,10791,5515,5276
050,06,111,"California","Ventura County",2,10,10950,5550,5400
050,06,111,"California","Ventura County",2,11,11142,5641,5501
050,06,111,"California","Ventura County",2,12,11648,5933,5715
050,06,111,"California","Ventura County",2,13,11706,5972,5734
050,06,111,"California","Ventura County",2,14,11709,5972,5737
050,06,111,"California","Ventura County",2,15,11613,5908,5705
050,06,111,"California","Ventura County",2,16,11652,5913,5739
050,06,111,"California","Ventura County",2,17,11569,5871,5698
050,06,111,"California","Ventura County",2,18,11010,5624,5386
050,06,111,"California","Ventura County",2,19,10434,5302,5132
050,06,111,"California","Ventura County",2,20,10700,5421,5279
050,06,111,"California","Ventura County",2,21,10673,5413,5260
050,06,111,"California","Ventura County",2,22,10759,5416,5343
050,06,111,"California","Ventura County",2,23,10839,5457,5382
050,06,111,"California","Ventura County",2,24,11011,5610,5401
050,06,111,"California","Ventura County",2,25,11141,5723,5418
050,06,111,"California","Ventura County",2,26,11258,5761,5497
050,06,111,"California","Ventura County",2,27,11375,5796,5579
050,06,111,"California","Ventura County",2,28,11552,5897,5655
050,06,111,"California","Ventura County",2,29,11683,6002,5681
050,06,111,"California","Ventura County",2,30,11500,5896,5604
050,06,111,"California","Ventura County",2,31,10999,5644,5355
050,06,111,"California","Ventura County",2,32,10843,5607,5236
050,06,111,"California","Ventura County",2,33,10773,5606,5167
050,06,111,"California","Ventura County",2,34,10923,5675,5248
050,06,111,"California","Ventura County",2,35,10943,5640,5303
050,06,111,"California","Ventura County",2,36,10787,5521,5266
050,06,111,"California","Ventura County",2,37,11068,5639,5429
050,06,111,"California","Ventura County",2,38,11020,5654,5366
050,06,111,"California","Ventura County",2,39,10834,5533,5301
050,06,111,"California","Ventura County",2,40,10935,5581,5354
050,06,111,"California","Ventura County",2,41,10513,5266,5247
050,06,111,"California","Ventura County",2,42,10287,5151,5136
050,06,111,"California","Ventura County",2,43,10242,5120,5122
050,06,111,"California","Ventura County",2,44,10063,5005,5058
050,06,111,"California","Ventura County",2,45,10239,5064,5175
050,06,111,"California","Ventura County",2,46,10069,4980,5089
050,06,111,"California","Ventura County",2,47,10242,5047,5195
050,06,111,"California","Ventura County",2,48,10717,5343,5374
050,06,111,"California","Ventura County",2,49,11499,5781,5718
050,06,111,"California","Ventura County",2,50,11661,5888,5773
050,06,111,"California","Ventura County",2,51,11316,5640,5676
050,06,111,"California","Ventura County",2,52,11010,5537,5473
050,06,111,"California","Ventura County",2,53,11009,5581,5428
050,06,111,"California","Ventura County",2,54,11060,5555,5505
050,06,111,"California","Ventura County",2,55,11569,5766,5803
050,06,111,"California","Ventura County",2,56,11757,5822,5935
050,06,111,"California","Ventura County",2,57,11658,5823,5835
050,06,111,"California","Ventura County",2,58,11676,5807,5869
050,06,111,"California","Ventura County",2,59,11738,5771,5967
050,06,111,"California","Ventura County",2,60,11563,5701,5862
050,06,111,"California","Ventura County",2,61,11200,5504,5696
050,06,111,"California","Ventura County",2,62,11076,5480,5596
050,06,111,"California","Ventura County",2,63,10756,5320,5436
050,06,111,"California","Ventura County",2,64,10235,5056,5179
050,06,111,"California","Ventura County",2,65,9948,4898,5050
050,06,111,"California","Ventura County",2,66,9465,4639,4826
050,06,111,"California","Ventura County",2,67,8903,4266,4637
050,06,111,"California","Ventura County",2,68,8430,3963,4467
050,06,111,"California","Ventura County",2,69,8062,3810,4252
050,06,111,"California","Ventura County",2,70,7828,3698,4130
050,06,111,"California","Ventura County",2,71,7581,3545,4036
050,06,111,"California","Ventura County",2,72,7392,3476,3916
050,06,111,"California","Ventura County",2,73,7764,3715,4049
050,06,111,"California","Ventura County",2,74,5698,2680,3018
050,06,111,"California","Ventura County",2,75,5434,2527,2907
050,06,111,"California","Ventura County",2,76,5193,2379,2814
050,06,111,"California","Ventura County",2,77,5143,2292,2851
050,06,111,"California","Ventura County",2,78,4416,1978,2438
050,06,111,"California","Ventura County",2,79,3970,1775,2195
050,06,111,"California","Ventura County",2,80,3669,1596,2073
050,06,111,"California","Ventura County",2,81,3410,1483,1927
050,06,111,"California","Ventura County",2,82,3119,1355,1764
050,06,111,"California","Ventura County",2,83,2810,1181,1629
050,06,111,"California","Ventura County",2,84,2557,1061,1496
050,06,111,"California","Ventura County",2,85,16219,6157,10062
050,06,111,"California","Ventura County",3,0,8364,4226,4138
050,06,111,"California","Ventura County",3,1,8628,4431,4197
050,06,111,"California","Ventura County",3,2,8870,4541,4329
050,06,111,"California","Ventura County",3,3,9169,4631,4538
050,06,111,"California","Ventura County",3,4,9399,4747,4652
050,06,111,"California","Ventura County",3,5,9895,5077,4818
050,06,111,"California","Ventura County",3,6,10258,5299,4959
050,06,111,"California","Ventura County",3,7,10247,5239,5008
050,06,111,"California","Ventura County",3,8,10262,5249,5013
050,06,111,"California","Ventura County",3,9,10392,5322,5070
050,06,111,"California","Ventura County",3,10,10717,5475,5242
050,06,111,"California","Ventura County",3,11,10823,5473,5350
050,06,111,"California","Ventura County",3,12,11108,5625,5483
050,06,111,"California","Ventura County",3,13,11498,5870,5628
050,06,111,"California","Ventura County",3,14,11626,5934,5692
050,06,111,"California","Ventura County",3,15,11652,5932,5720
050,06,111,"California","Ventura County",3,16,11491,5823,5668
050,06,111,"California","Ventura County",3,17,11580,5896,5684
050,06,111,"California","Ventura County",3,18,10801,5551,5250
050,06,111,"California","Ventura County",3,19,9911,5055,4856
050,06,111,"California","Ventura County",3,20,10290,5229,5061
050,06,111,"California","Ventura County",3,21,10439,5279,5160
050,06,111,"California","Ventura County",3,22,10570,5407,5163
050,06,111,"California","Ventura County",3,23,10611,5370,5241
050,06,111,"California","Ventura County",3,24,10794,5443,5351
050,06,111,"California","Ventura County",3,25,10961,5578,5383
050,06,111,"California","Ventura County",3,26,11104,5679,5425
050,06,111,"California","Ventura County",3,27,11192,5716,5476
050,06,111,"California","Ventura County",3,28,11336,5798,5538
050,06,111,"California","Ventura County",3,29,11572,5906,5666
050,06,111,"California","Ventura County",3,30,11646,5951,5695
050,06,111,"California","Ventura County",3,31,11548,5912,5636
050,06,111,"California","Ventura County",3,32,11041,5628,5413
050,06,111,"California","Ventura County",3,33,10911,5615,5296
050,06,111,"California","Ventura County",3,34,10852,5613,5239
050,06,111,"California","Ventura County",3,35,10926,5682,5244
050,06,111,"California","Ventura County",3,36,11002,5656,5346
050,06,111,"California","Ventura County",3,37,10884,5532,5352
050,06,111,"California","Ventura County",3,38,11075,5651,5424
050,06,111,"California","Ventura County",3,39,11048,5715,5333
050,06,111,"California","Ventura County",3,40,10916,5551,5365
050,06,111,"California","Ventura County",3,41,10921,5544,5377
050,06,111,"California","Ventura County",3,42,10444,5259,5185
050,06,111,"California","Ventura County",3,43,10254,5138,5116
050,06,111,"California","Ventura County",3,44,10263,5149,5114
050,06,111,"California","Ventura County",3,45,10063,5009,5054
050,06,111,"California","Ventura County",3,46,10190,5035,5155
050,06,111,"California","Ventura County",3,47,10041,4904,5137
050,06,111,"California","Ventura County",3,48,10170,5048,5122
050,06,111,"California","Ventura County",3,49,10643,5324,5319
050,06,111,"California","Ventura County",3,50,11452,5724,5728
050,06,111,"California","Ventura County",3,51,11572,5861,5711
050,06,111,"California","Ventura County",3,52,11200,5569,5631
050,06,111,"California","Ventura County",3,53,10953,5525,5428
050,06,111,"California","Ventura County",3,54,10834,5433,5401
050,06,111,"California","Ventura County",3,55,10972,5544,5428
050,06,111,"California","Ventura County",3,56,11352,5596,5756
050,06,111,"California","Ventura County",3,57,11606,5797,5809
050,06,111,"California","Ventura County",3,58,11474,5705,5769
050,06,111,"California","Ventura County",3,59,11489,5704,5785
050,06,111,"California","Ventura County",3,60,11532,5653,5879
050,06,111,"California","Ventura County",3,61,11327,5604,5723
050,06,111,"California","Ventura County",3,62,11042,5370,5672
050,06,111,"California","Ventura County",3,63,10856,5380,5476
050,06,111,"California","Ventura County",3,64,10539,5195,5344
050,06,111,"California","Ventura County",3,65,9986,4900,5086
050,06,111,"California","Ventura County",3,66,9731,4770,4961
050,06,111,"California","Ventura County",3,67,9312,4545,4767
050,06,111,"California","Ventura County",3,68,8698,4147,4551
050,06,111,"California","Ventura County",3,69,8304,3894,4410
050,06,111,"California","Ventura County",3,70,7903,3710,4193
050,06,111,"California","Ventura County",3,71,7664,3594,4070
050,06,111,"California","Ventura County",3,72,7413,3461,3952
050,06,111,"California","Ventura County",3,73,7200,3382,3818
050,06,111,"California","Ventura County",3,74,7606,3614,3992
050,06,111,"California","Ventura County",3,75,5528,2601,2927
050,06,111,"California","Ventura County",3,76,5318,2429,2889
050,06,111,"California","Ventura County",3,77,5062,2296,2766
050,06,111,"California","Ventura County",3,78,4947,2187,2760
050,06,111,"California","Ventura County",3,79,4229,1874,2355
050,06,111,"California","Ventura County",3,80,3835,1697,2138
050,06,111,"California","Ventura County",3,81,3480,1497,1983
050,06,111,"California","Ventura County",3,82,3191,1374,1817
050,06,111,"California","Ventura County",3,83,2927,1259,1668
050,06,111,"California","Ventura County",3,84,2599,1082,1517
050,06,111,"California","Ventura County",3,85,15940,6029,9911
050,06,111,"California","Ventura County",4,0,8796,4533,4263
050,06,111,"California","Ventura County",4,1,8473,4244,4229
050,06,111,"California","Ventura County",4,2,8589,4391,4198
050,06,111,"California","Ventura County",4,3,8833,4509,4324
050,06,111,"California","Ventura County",4,4,9043,4587,4456
050,06,111,"California","Ventura County",4,5,9336,4724,4612
050,06,111,"California","Ventura County",4,6,9763,5006,4757
050,06,111,"California","Ventura County",4,7,10185,5268,4917
050,06,111,"California","Ventura County",4,8,10152,5191,4961
050,06,111,"California","Ventura County",4,9,10150,5237,4913
050,06,111,"California","Ventura County",4,10,10258,5211,5047
050,06,111,"California","Ventura County",4,11,10589,5410,5179
050,06,111,"California","Ventura County",4,12,10742,5445,5297
050,06,111,"California","Ventura County",4,13,10990,5558,5432
050,06,111,"California","Ventura County",4,14,11394,5827,5567
050,06,111,"California","Ventura County",4,15,11573,5892,5681
050,06,111,"California","Ventura County",4,16,11558,5893,5665
050,06,111,"California","Ventura County",4,17,11410,5818,5592
050,06,111,"California","Ventura County",4,18,10892,5569,5323
050,06,111,"California","Ventura County",4,19,10042,5105,4937
050,06,111,"California","Ventura County",4,20,10220,5163,5057
050,06,111,"California","Ventura County",4,21,10335,5200,5135
050,06,111,"California","Ventura County",4,22,10466,5246,5220
050,06,111,"California","Ventura County",4,23,10354,5379,4975
050,06,111,"California","Ventura County",4,24,10411,5332,5079
050,06,111,"California","Ventura County",4,25,10425,5293,5132
050,06,111,"California","Ventura County",4,26,10648,5438,5210
050,06,111,"California","Ventura County",4,27,10810,5543,5267
050,06,111,"California","Ventura County",4,28,10861,5566,5295
050,06,111,"California","Ventura County",4,29,11008,5591,5417
050,06,111,"California","Ventura County",4,30,11444,5826,5618
050,06,111,"California","Ventura County",4,31,11500,5888,5612
050,06,111,"California","Ventura County",4,32,11460,5873,5587
050,06,111,"California","Ventura County",4,33,10992,5627,5365
050,06,111,"California","Ventura County",4,34,10912,5566,5346
050,06,111,"California","Ventura County",4,35,10732,5547,5185
050,06,111,"California","Ventura County",4,36,10791,5603,5188
050,06,111,"California","Ventura County",4,37,10960,5610,5350
050,06,111,"California","Ventura County",4,38,10876,5576,5300
050,06,111,"California","Ventura County",4,39,11050,5645,5405
050,06,111,"California","Ventura County",4,40,11031,5687,5344
050,06,111,"California","Ventura County",4,41,10840,5457,5383
050,06,111,"California","Ventura County",4,42,10750,5472,5278
050,06,111,"California","Ventura County",4,43,10333,5209,5124
050,06,111,"California","Ventura County",4,44,10172,5080,5092
050,06,111,"California","Ventura County",4,45,10174,5078,5096
050,06,111,"California","Ventura County",4,46,9934,4986,4948
050,06,111,"California","Ventura County",4,47,10163,4968,5195
050,06,111,"California","Ventura County",4,48,9905,4842,5063
050,06,111,"California","Ventura County",4,49,10123,5038,5085
050,06,111,"California","Ventura County",4,50,10535,5264,5271
050,06,111,"California","Ventura County",4,51,11235,5596,5639
050,06,111,"California","Ventura County",4,52,11360,5758,5602
050,06,111,"California","Ventura County",4,53,11036,5497,5539
050,06,111,"California","Ventura County",4,54,10683,5356,5327
050,06,111,"California","Ventura County",4,55,10712,5378,5334
050,06,111,"California","Ventura County",4,56,10692,5341,5351
050,06,111,"California","Ventura County",4,57,11243,5546,5697
050,06,111,"California","Ventura County",4,58,11380,5672,5708
050,06,111,"California","Ventura County",4,59,11240,5575,5665
050,06,111,"California","Ventura County",4,60,11227,5570,5657
050,06,111,"California","Ventura County",4,61,11301,5527,5774
050,06,111,"California","Ventura County",4,62,11130,5468,5662
050,06,111,"California","Ventura County",4,63,10786,5249,5537
050,06,111,"California","Ventura County",4,64,10638,5253,5385
050,06,111,"California","Ventura County",4,65,10334,5074,5260
050,06,111,"California","Ventura County",4,66,9774,4770,5004
050,06,111,"California","Ventura County",4,67,9507,4630,4877
050,06,111,"California","Ventura County",4,68,9062,4385,4677
050,06,111,"California","Ventura County",4,69,8527,4053,4474
050,06,111,"California","Ventura County",4,70,8133,3808,4325
050,06,111,"California","Ventura County",4,71,7718,3613,4105
050,06,111,"California","Ventura County",4,72,7504,3496,4008
050,06,111,"California","Ventura County",4,73,7235,3357,3878
050,06,111,"California","Ventura County",4,74,7044,3268,3776
050,06,111,"California","Ventura County",4,75,7371,3485,3886
050,06,111,"California","Ventura County",4,76,5426,2505,2921
050,06,111,"California","Ventura County",4,77,5149,2342,2807
050,06,111,"California","Ventura County",4,78,4918,2213,2705
050,06,111,"California","Ventura County",4,79,4754,2082,2672
050,06,111,"California","Ventura County",4,80,4098,1812,2286
050,06,111,"California","Ventura County",4,81,3678,1623,2055
050,06,111,"California","Ventura County",4,82,3243,1369,1874
050,06,111,"California","Ventura County",4,83,3046,1300,1746
050,06,111,"California","Ventura County",4,84,2715,1177,1538
050,06,111,"California","Ventura County",4,85,15989,6065,9924
050,06,111,"California","Ventura County",5,0,8556,4395,4161
050,06,111,"California","Ventura County",5,1,8825,4539,4286
050,06,111,"California","Ventura County",5,2,8464,4220,4244
050,06,111,"California","Ventura County",5,3,8644,4385,4259
050,06,111,"California","Ventura County",5,4,8740,4447,4293
050,06,111,"California","Ventura County",5,5,9033,4581,4452
050,06,111,"California","Ventura County",5,6,9316,4673,4643
050,06,111,"California","Ventura County",5,7,9676,4955,4721
050,06,111,"California","Ventura County",5,8,10129,5198,4931
050,06,111,"California","Ventura County",5,9,10128,5141,4987
050,06,111,"California","Ventura County",5,10,10105,5198,4907
050,06,111,"California","Ventura County",5,11,10131,5128,5003
050,06,111,"California","Ventura County",5,12,10518,5360,5158
050,06,111,"California","Ventura County",5,13,10698,5391,5307
050,06,111,"California","Ventura County",5,14,10929,5525,5404
050,06,111,"California","Ventura County",5,15,11319,5782,5537
050,06,111,"California","Ventura County",5,16,11460,5835,5625
050,06,111,"California","Ventura County",5,17,11458,5835,5623
050,06,111,"California","Ventura County",5,18,10778,5509,5269
050,06,111,"California","Ventura County",5,19,10158,5137,5021
050,06,111,"California","Ventura County",5,20,10254,5177,5077
050,06,111,"California","Ventura County",5,21,10299,5164,5135
050,06,111,"California","Ventura County",5,22,10368,5234,5134
050,06,111,"California","Ventura County",5,23,10392,5238,5154
050,06,111,"California","Ventura County",5,24,10183,5281,4902
050,06,111,"California","Ventura County",5,25,10282,5240,5042
050,06,111,"California","Ventura County",5,26,10271,5264,5007
050,06,111,"California","Ventura County",5,27,10420,5291,5129
050,06,111,"California","Ventura County",5,28,10562,5411,5151
050,06,111,"California","Ventura County",5,29,10747,5473,5274
050,06,111,"California","Ventura County",5,30,10871,5549,5322
050,06,111,"California","Ventura County",5,31,11331,5768,5563
050,06,111,"California","Ventura County",5,32,11507,5881,5626
050,06,111,"California","Ventura County",5,33,11345,5839,5506
050,06,111,"California","Ventura County",5,34,11058,5621,5437
050,06,111,"California","Ventura County",5,35,10910,5558,5352
050,06,111,"California","Ventura County",5,36,10777,5570,5207
050,06,111,"California","Ventura County",5,37,10894,5630,5264
050,06,111,"California","Ventura County",5,38,10957,5628,5329
050,06,111,"California","Ventura County",5,39,10794,5512,5282
050,06,111,"California","Ventura County",5,40,11123,5686,5437
050,06,111,"California","Ventura County",5,41,10931,5615,5316
050,06,111,"California","Ventura County",5,42,10730,5410,5320
050,06,111,"California","Ventura County",5,43,10650,5416,5234
050,06,111,"California","Ventura County",5,44,10271,5176,5095
050,06,111,"California","Ventura County",5,45,10035,4998,5037
050,06,111,"California","Ventura County",5,46,10154,5079,5075
050,06,111,"California","Ventura County",5,47,9912,4906,5006
050,06,111,"California","Ventura County",5,48,10103,4967,5136
050,06,111,"California","Ventura County",5,49,9879,4843,5036
050,06,111,"California","Ventura County",5,50,10055,4998,5057
050,06,111,"California","Ventura County",5,51,10395,5186,5209
050,06,111,"California","Ventura County",5,52,11133,5537,5596
050,06,111,"California","Ventura County",5,53,11312,5758,5554
050,06,111,"California","Ventura County",5,54,10914,5416,5498
050,06,111,"California","Ventura County",5,55,10602,5355,5247
050,06,111,"California","Ventura County",5,56,10530,5248,5282
050,06,111,"California","Ventura County",5,57,10578,5300,5278
050,06,111,"California","Ventura County",5,58,11016,5394,5622
050,06,111,"California","Ventura County",5,59,11235,5569,5666
050,06,111,"California","Ventura County",5,60,11062,5469,5593
050,06,111,"California","Ventura County",5,61,11017,5443,5574
050,06,111,"California","Ventura County",5,62,11089,5429,5660
050,06,111,"California","Ventura County",5,63,10960,5371,5589
050,06,111,"California","Ventura County",5,64,10588,5170,5418
050,06,111,"California","Ventura County",5,65,10432,5134,5298
050,06,111,"California","Ventura County",5,66,10168,5009,5159
050,06,111,"California","Ventura County",5,67,9634,4703,4931
050,06,111,"California","Ventura County",5,68,9311,4501,4810
050,06,111,"California","Ventura County",5,69,8890,4290,4600
050,06,111,"California","Ventura County",5,70,8370,3953,4417
050,06,111,"California","Ventura County",5,71,7991,3735,4256
050,06,111,"California","Ventura County",5,72,7576,3530,4046
050,06,111,"California","Ventura County",5,73,7344,3413,3931
050,06,111,"California","Ventura County",5,74,7090,3285,3805
050,06,111,"California","Ventura County",5,75,6869,3180,3689
050,06,111,"California","Ventura County",5,76,7178,3342,3836
050,06,111,"California","Ventura County",5,77,5270,2417,2853
050,06,111,"California","Ventura County",5,78,5019,2274,2745
050,06,111,"California","Ventura County",5,79,4766,2125,2641
050,06,111,"California","Ventura County",5,80,4579,1972,2607
050,06,111,"California","Ventura County",5,81,3922,1720,2202
050,06,111,"California","Ventura County",5,82,3465,1520,1945
050,06,111,"California","Ventura County",5,83,3063,1272,1791
050,06,111,"California","Ventura County",5,84,2830,1201,1629
050,06,111,"California","Ventura County",5,85,16262,6234,10028
050,06,113,"California","Yolo County",1,0,2036,1038,998
050,06,113,"California","Yolo County",1,1,2109,1040,1069
050,06,113,"California","Yolo County",1,2,2312,1187,1125
050,06,113,"California","Yolo County",1,3,2368,1220,1148
050,06,113,"California","Yolo County",1,4,2433,1220,1213
050,06,113,"California","Yolo County",1,5,2472,1233,1239
050,06,113,"California","Yolo County",1,6,2548,1305,1243
050,06,113,"California","Yolo County",1,7,2560,1284,1276
050,06,113,"California","Yolo County",1,8,2475,1244,1231
050,06,113,"California","Yolo County",1,9,2578,1340,1238
050,06,113,"California","Yolo County",1,10,2563,1294,1269
050,06,113,"California","Yolo County",1,11,2713,1364,1349
050,06,113,"California","Yolo County",1,12,2731,1402,1329
050,06,113,"California","Yolo County",1,13,2806,1423,1383
050,06,113,"California","Yolo County",1,14,2731,1396,1335
050,06,113,"California","Yolo County",1,15,2665,1325,1340
050,06,113,"California","Yolo County",1,16,2727,1394,1333
050,06,113,"California","Yolo County",1,17,2780,1426,1354
050,06,113,"California","Yolo County",1,18,5917,2626,3291
050,06,113,"California","Yolo County",1,19,6450,2976,3474
050,06,113,"California","Yolo County",1,20,6745,3174,3571
050,06,113,"California","Yolo County",1,21,7091,3100,3991
050,06,113,"California","Yolo County",1,22,6335,3094,3241
050,06,113,"California","Yolo County",1,23,5076,2466,2610
050,06,113,"California","Yolo County",1,24,4166,1996,2170
050,06,113,"California","Yolo County",1,25,3492,1685,1807
050,06,113,"California","Yolo County",1,26,3184,1635,1549
050,06,113,"California","Yolo County",1,27,2912,1474,1438
050,06,113,"California","Yolo County",1,28,2959,1528,1431
050,06,113,"California","Yolo County",1,29,2984,1505,1479
050,06,113,"California","Yolo County",1,30,2879,1488,1391
050,06,113,"California","Yolo County",1,31,2843,1462,1381
050,06,113,"California","Yolo County",1,32,2723,1432,1291
050,06,113,"California","Yolo County",1,33,2590,1331,1259
050,06,113,"California","Yolo County",1,34,2566,1322,1244
050,06,113,"California","Yolo County",1,35,2722,1367,1355
050,06,113,"California","Yolo County",1,36,2786,1377,1409
050,06,113,"California","Yolo County",1,37,2813,1405,1408
050,06,113,"California","Yolo County",1,38,2775,1392,1383
050,06,113,"California","Yolo County",1,39,2804,1343,1461
050,06,113,"California","Yolo County",1,40,2726,1354,1372
050,06,113,"California","Yolo County",1,41,2546,1276,1270
050,06,113,"California","Yolo County",1,42,2502,1255,1247
050,06,113,"California","Yolo County",1,43,2429,1231,1198
050,06,113,"California","Yolo County",1,44,2376,1180,1196
050,06,113,"California","Yolo County",1,45,2312,1175,1137
050,06,113,"California","Yolo County",1,46,2233,1138,1095
050,06,113,"California","Yolo County",1,47,2280,1163,1117
050,06,113,"California","Yolo County",1,48,2281,1146,1135
050,06,113,"California","Yolo County",1,49,2389,1190,1199
050,06,113,"California","Yolo County",1,50,2436,1170,1266
050,06,113,"California","Yolo County",1,51,2304,1131,1173
050,06,113,"California","Yolo County",1,52,2295,1136,1159
050,06,113,"California","Yolo County",1,53,2245,1121,1124
050,06,113,"California","Yolo County",1,54,2261,1129,1132
050,06,113,"California","Yolo County",1,55,2306,1157,1149
050,06,113,"California","Yolo County",1,56,2290,1100,1190
050,06,113,"California","Yolo County",1,57,2289,1105,1184
050,06,113,"California","Yolo County",1,58,2337,1159,1178
050,06,113,"California","Yolo County",1,59,2329,1142,1187
050,06,113,"California","Yolo County",1,60,2256,1103,1153
050,06,113,"California","Yolo County",1,61,2223,1079,1144
050,06,113,"California","Yolo County",1,62,2241,1085,1156
050,06,113,"California","Yolo County",1,63,2154,1018,1136
050,06,113,"California","Yolo County",1,64,2041,947,1094
050,06,113,"California","Yolo County",1,65,2018,958,1060
050,06,113,"California","Yolo County",1,66,1954,921,1033
050,06,113,"California","Yolo County",1,67,1865,861,1004
050,06,113,"California","Yolo County",1,68,1827,835,992
050,06,113,"California","Yolo County",1,69,1683,785,898
050,06,113,"California","Yolo County",1,70,1639,771,868
050,06,113,"California","Yolo County",1,71,1549,700,849
050,06,113,"California","Yolo County",1,72,1589,737,852
050,06,113,"California","Yolo County",1,73,1534,704,830
050,06,113,"California","Yolo County",1,74,1116,513,603
050,06,113,"California","Yolo County",1,75,1084,475,609
050,06,113,"California","Yolo County",1,76,1050,475,575
050,06,113,"California","Yolo County",1,77,1000,451,549
050,06,113,"California","Yolo County",1,78,862,395,467
050,06,113,"California","Yolo County",1,79,780,375,405
050,06,113,"California","Yolo County",1,80,733,334,399
050,06,113,"California","Yolo County",1,81,676,288,388
050,06,113,"California","Yolo County",1,82,589,235,354
050,06,113,"California","Yolo County",1,83,558,218,340
050,06,113,"California","Yolo County",1,84,529,206,323
050,06,113,"California","Yolo County",1,85,3274,1224,2050
050,06,113,"California","Yolo County",2,0,2035,1023,1012
050,06,113,"California","Yolo County",2,1,2105,1050,1055
050,06,113,"California","Yolo County",2,2,2260,1151,1109
050,06,113,"California","Yolo County",2,3,2346,1209,1137
050,06,113,"California","Yolo County",2,4,2417,1221,1196
050,06,113,"California","Yolo County",2,5,2455,1231,1224
050,06,113,"California","Yolo County",2,6,2528,1289,1239
050,06,113,"California","Yolo County",2,7,2548,1285,1263
050,06,113,"California","Yolo County",2,8,2485,1244,1241
050,06,113,"California","Yolo County",2,9,2542,1309,1233
050,06,113,"California","Yolo County",2,10,2570,1309,1261
050,06,113,"California","Yolo County",2,11,2656,1340,1316
050,06,113,"California","Yolo County",2,12,2733,1393,1340
050,06,113,"California","Yolo County",2,13,2776,1411,1365
050,06,113,"California","Yolo County",2,14,2748,1396,1352
050,06,113,"California","Yolo County",2,15,2676,1343,1333
050,06,113,"California","Yolo County",2,16,2713,1379,1334
050,06,113,"California","Yolo County",2,17,2774,1417,1357
050,06,113,"California","Yolo County",2,18,5892,2620,3272
050,06,113,"California","Yolo County",2,19,6453,2957,3496
050,06,113,"California","Yolo County",2,20,6841,3229,3612
050,06,113,"California","Yolo County",2,21,7069,3096,3973
050,06,113,"California","Yolo County",2,22,6301,3070,3231
050,06,113,"California","Yolo County",2,23,5058,2462,2596
050,06,113,"California","Yolo County",2,24,4119,1968,2151
050,06,113,"California","Yolo County",2,25,3482,1684,1798
050,06,113,"California","Yolo County",2,26,3170,1611,1559
050,06,113,"California","Yolo County",2,27,2912,1481,1431
050,06,113,"California","Yolo County",2,28,2929,1505,1424
050,06,113,"California","Yolo County",2,29,2957,1502,1455
050,06,113,"California","Yolo County",2,30,2923,1501,1422
050,06,113,"California","Yolo County",2,31,2832,1460,1372
050,06,113,"California","Yolo County",2,32,2745,1437,1308
050,06,113,"California","Yolo County",2,33,2618,1352,1266
050,06,113,"California","Yolo County",2,34,2580,1329,1251
050,06,113,"California","Yolo County",2,35,2696,1359,1337
050,06,113,"California","Yolo County",2,36,2754,1367,1387
050,06,113,"California","Yolo County",2,37,2808,1399,1409
050,06,113,"California","Yolo County",2,38,2785,1392,1393
050,06,113,"California","Yolo County",2,39,2777,1344,1433
050,06,113,"California","Yolo County",2,40,2754,1355,1399
050,06,113,"California","Yolo County",2,41,2574,1282,1292
050,06,113,"California","Yolo County",2,42,2500,1255,1245
050,06,113,"California","Yolo County",2,43,2457,1242,1215
050,06,113,"California","Yolo County",2,44,2373,1184,1189
050,06,113,"California","Yolo County",2,45,2339,1178,1161
050,06,113,"California","Yolo County",2,46,2242,1143,1099
050,06,113,"California","Yolo County",2,47,2261,1156,1105
050,06,113,"California","Yolo County",2,48,2283,1153,1130
050,06,113,"California","Yolo County",2,49,2374,1181,1193
050,06,113,"California","Yolo County",2,50,2414,1169,1245
050,06,113,"California","Yolo County",2,51,2321,1135,1186
050,06,113,"California","Yolo County",2,52,2287,1134,1153
050,06,113,"California","Yolo County",2,53,2243,1117,1126
050,06,113,"California","Yolo County",2,54,2251,1121,1130
050,06,113,"California","Yolo County",2,55,2295,1150,1145
050,06,113,"California","Yolo County",2,56,2296,1118,1178
050,06,113,"California","Yolo County",2,57,2289,1105,1184
050,06,113,"California","Yolo County",2,58,2317,1139,1178
050,06,113,"California","Yolo County",2,59,2321,1139,1182
050,06,113,"California","Yolo County",2,60,2266,1105,1161
050,06,113,"California","Yolo County",2,61,2214,1075,1139
050,06,113,"California","Yolo County",2,62,2216,1070,1146
050,06,113,"California","Yolo County",2,63,2185,1036,1149
050,06,113,"California","Yolo County",2,64,2047,955,1092
050,06,113,"California","Yolo County",2,65,2019,951,1068
050,06,113,"California","Yolo County",2,66,1964,925,1039
050,06,113,"California","Yolo County",2,67,1876,870,1006
050,06,113,"California","Yolo County",2,68,1815,831,984
050,06,113,"California","Yolo County",2,69,1721,799,922
050,06,113,"California","Yolo County",2,70,1646,770,876
050,06,113,"California","Yolo County",2,71,1567,712,855
050,06,113,"California","Yolo County",2,72,1552,714,838
050,06,113,"California","Yolo County",2,73,1600,736,864
050,06,113,"California","Yolo County",2,74,1152,528,624
050,06,113,"California","Yolo County",2,75,1092,484,608
050,06,113,"California","Yolo County",2,76,1045,468,577
050,06,113,"California","Yolo County",2,77,1011,452,559
050,06,113,"California","Yolo County",2,78,874,401,473
050,06,113,"California","Yolo County",2,79,788,370,418
050,06,113,"California","Yolo County",2,80,740,343,397
050,06,113,"California","Yolo County",2,81,683,297,386
050,06,113,"California","Yolo County",2,82,607,243,364
050,06,113,"California","Yolo County",2,83,560,221,339
050,06,113,"California","Yolo County",2,84,527,207,320
050,06,113,"California","Yolo County",2,85,3265,1226,2039
050,06,113,"California","Yolo County",3,0,1933,1020,913
050,06,113,"California","Yolo County",3,1,2072,1059,1013
050,06,113,"California","Yolo County",3,2,2152,1074,1078
050,06,113,"California","Yolo County",3,3,2315,1156,1159
050,06,113,"California","Yolo County",3,4,2366,1213,1153
050,06,113,"California","Yolo County",3,5,2486,1246,1240
050,06,113,"California","Yolo County",3,6,2505,1253,1252
050,06,113,"California","Yolo County",3,7,2501,1265,1236
050,06,113,"California","Yolo County",3,8,2551,1277,1274
050,06,113,"California","Yolo County",3,9,2457,1227,1230
050,06,113,"California","Yolo County",3,10,2512,1286,1226
050,06,113,"California","Yolo County",3,11,2556,1307,1249
050,06,113,"California","Yolo County",3,12,2619,1318,1301
050,06,113,"California","Yolo County",3,13,2716,1384,1332
050,06,113,"California","Yolo County",3,14,2765,1412,1353
050,06,113,"California","Yolo County",3,15,2747,1401,1346
050,06,113,"California","Yolo County",3,16,2661,1341,1320
050,06,113,"California","Yolo County",3,17,2749,1398,1351
050,06,113,"California","Yolo County",3,18,3952,1882,2070
050,06,113,"California","Yolo County",3,19,4908,2248,2660
050,06,113,"California","Yolo County",3,20,6780,3234,3546
050,06,113,"California","Yolo County",3,21,7061,3076,3985
050,06,113,"California","Yolo County",3,22,6176,3002,3174
050,06,113,"California","Yolo County",3,23,4969,2398,2571
050,06,113,"California","Yolo County",3,24,3973,1894,2079
050,06,113,"California","Yolo County",3,25,3466,1664,1802
050,06,113,"California","Yolo County",3,26,3204,1569,1635
050,06,113,"California","Yolo County",3,27,2983,1525,1458
050,06,113,"California","Yolo County",3,28,2881,1474,1407
050,06,113,"California","Yolo County",3,29,2948,1503,1445
050,06,113,"California","Yolo County",3,30,2914,1470,1444
050,06,113,"California","Yolo County",3,31,2915,1498,1417
050,06,113,"California","Yolo County",3,32,2821,1449,1372
050,06,113,"California","Yolo County",3,33,2748,1418,1330
050,06,113,"California","Yolo County",3,34,2624,1353,1271
050,06,113,"California","Yolo County",3,35,2582,1344,1238
050,06,113,"California","Yolo County",3,36,2685,1348,1337
050,06,113,"California","Yolo County",3,37,2805,1406,1399
050,06,113,"California","Yolo County",3,38,2812,1403,1409
050,06,113,"California","Yolo County",3,39,2749,1361,1388
050,06,113,"California","Yolo County",3,40,2795,1348,1447
050,06,113,"California","Yolo County",3,41,2779,1383,1396
050,06,113,"California","Yolo County",3,42,2597,1311,1286
050,06,113,"California","Yolo County",3,43,2548,1286,1262
050,06,113,"California","Yolo County",3,44,2449,1239,1210
050,06,113,"California","Yolo County",3,45,2366,1192,1174
050,06,113,"California","Yolo County",3,46,2302,1148,1154
050,06,113,"California","Yolo County",3,47,2258,1141,1117
050,06,113,"California","Yolo County",3,48,2275,1157,1118
050,06,113,"California","Yolo County",3,49,2282,1139,1143
050,06,113,"California","Yolo County",3,50,2376,1187,1189
050,06,113,"California","Yolo County",3,51,2418,1173,1245
050,06,113,"California","Yolo County",3,52,2325,1145,1180
050,06,113,"California","Yolo County",3,53,2275,1139,1136
050,06,113,"California","Yolo County",3,54,2238,1121,1117
050,06,113,"California","Yolo County",3,55,2232,1122,1110
050,06,113,"California","Yolo County",3,56,2271,1139,1132
050,06,113,"California","Yolo County",3,57,2277,1111,1166
050,06,113,"California","Yolo County",3,58,2284,1103,1181
050,06,113,"California","Yolo County",3,59,2258,1109,1149
050,06,113,"California","Yolo County",3,60,2300,1106,1194
050,06,113,"California","Yolo County",3,61,2229,1087,1142
050,06,113,"California","Yolo County",3,62,2162,1051,1111
050,06,113,"California","Yolo County",3,63,2145,1026,1119
050,06,113,"California","Yolo County",3,64,2125,1008,1117
050,06,113,"California","Yolo County",3,65,2019,938,1081
050,06,113,"California","Yolo County",3,66,2000,942,1058
050,06,113,"California","Yolo County",3,67,1937,907,1030
050,06,113,"California","Yolo County",3,68,1842,853,989
050,06,113,"California","Yolo County",3,69,1775,810,965
050,06,113,"California","Yolo County",3,70,1691,779,912
050,06,113,"California","Yolo County",3,71,1614,736,878
050,06,113,"California","Yolo County",3,72,1551,699,852
050,06,113,"California","Yolo County",3,73,1516,700,816
050,06,113,"California","Yolo County",3,74,1555,709,846
050,06,113,"California","Yolo County",3,75,1108,496,612
050,06,113,"California","Yolo County",3,76,1073,476,597
050,06,113,"California","Yolo County",3,77,1014,449,565
050,06,113,"California","Yolo County",3,78,975,433,542
050,06,113,"California","Yolo County",3,79,833,378,455
050,06,113,"California","Yolo County",3,80,767,358,409
050,06,113,"California","Yolo County",3,81,688,307,381
050,06,113,"California","Yolo County",3,82,661,284,377
050,06,113,"California","Yolo County",3,83,563,228,335
050,06,113,"California","Yolo County",3,84,523,203,320
050,06,113,"California","Yolo County",3,85,3251,1215,2036
050,06,113,"California","Yolo County",4,0,1940,993,947
050,06,113,"California","Yolo County",4,1,1932,1014,918
050,06,113,"California","Yolo County",4,2,2080,1070,1010
050,06,113,"California","Yolo County",4,3,2162,1062,1100
050,06,113,"California","Yolo County",4,4,2296,1152,1144
050,06,113,"California","Yolo County",4,5,2402,1238,1164
050,06,113,"California","Yolo County",4,6,2457,1236,1221
050,06,113,"California","Yolo County",4,7,2494,1252,1242
050,06,113,"California","Yolo County",4,8,2529,1275,1254
050,06,113,"California","Yolo County",4,9,2525,1254,1271
050,06,113,"California","Yolo County",4,10,2451,1224,1227
050,06,113,"California","Yolo County",4,11,2518,1295,1223
050,06,113,"California","Yolo County",4,12,2558,1321,1237
050,06,113,"California","Yolo County",4,13,2638,1338,1300
050,06,113,"California","Yolo County",4,14,2757,1393,1364
050,06,113,"California","Yolo County",4,15,2769,1420,1349
050,06,113,"California","Yolo County",4,16,2767,1407,1360
050,06,113,"California","Yolo County",4,17,2817,1387,1430
050,06,113,"California","Yolo County",4,18,7800,3348,4452
050,06,113,"California","Yolo County",4,19,7817,3571,4246
050,06,113,"California","Yolo County",4,20,7173,3410,3763
050,06,113,"California","Yolo County",4,21,7818,3478,4340
050,06,113,"California","Yolo County",4,22,6739,3288,3451
050,06,113,"California","Yolo County",4,23,5088,2480,2608
050,06,113,"California","Yolo County",4,24,4067,1928,2139
050,06,113,"California","Yolo County",4,25,3454,1651,1803
050,06,113,"California","Yolo County",4,26,3208,1585,1623
050,06,113,"California","Yolo County",4,27,2999,1453,1546
050,06,113,"California","Yolo County",4,28,2898,1493,1405
050,06,113,"California","Yolo County",4,29,2859,1473,1386
050,06,113,"California","Yolo County",4,30,2865,1478,1387
050,06,113,"California","Yolo County",4,31,2908,1482,1426
050,06,113,"California","Yolo County",4,32,2928,1493,1435
050,06,113,"California","Yolo County",4,33,2843,1460,1383
050,06,113,"California","Yolo County",4,34,2770,1458,1312
050,06,113,"California","Yolo County",4,35,2586,1327,1259
050,06,113,"California","Yolo County",4,36,2592,1355,1237
050,06,113,"California","Yolo County",4,37,2635,1318,1317
050,06,113,"California","Yolo County",4,38,2750,1367,1383
050,06,113,"California","Yolo County",4,39,2775,1370,1405
050,06,113,"California","Yolo County",4,40,2739,1353,1386
050,06,113,"California","Yolo County",4,41,2762,1340,1422
050,06,113,"California","Yolo County",4,42,2790,1382,1408
050,06,113,"California","Yolo County",4,43,2589,1310,1279
050,06,113,"California","Yolo County",4,44,2562,1290,1272
050,06,113,"California","Yolo County",4,45,2453,1235,1218
050,06,113,"California","Yolo County",4,46,2356,1170,1186
050,06,113,"California","Yolo County",4,47,2250,1124,1126
050,06,113,"California","Yolo County",4,48,2272,1142,1130
050,06,113,"California","Yolo County",4,49,2277,1138,1139
050,06,113,"California","Yolo County",4,50,2234,1123,1111
050,06,113,"California","Yolo County",4,51,2347,1185,1162
050,06,113,"California","Yolo County",4,52,2382,1166,1216
050,06,113,"California","Yolo County",4,53,2301,1140,1161
050,06,113,"California","Yolo County",4,54,2239,1107,1132
050,06,113,"California","Yolo County",4,55,2237,1120,1117
050,06,113,"California","Yolo County",4,56,2209,1099,1110
050,06,113,"California","Yolo County",4,57,2253,1134,1119
050,06,113,"California","Yolo County",4,58,2227,1090,1137
050,06,113,"California","Yolo County",4,59,2244,1097,1147
050,06,113,"California","Yolo County",4,60,2212,1068,1144
050,06,113,"California","Yolo County",4,61,2269,1095,1174
050,06,113,"California","Yolo County",4,62,2181,1060,1121
050,06,113,"California","Yolo County",4,63,2076,989,1087
050,06,113,"California","Yolo County",4,64,2103,1007,1096
050,06,113,"California","Yolo County",4,65,2085,990,1095
050,06,113,"California","Yolo County",4,66,1986,912,1074
050,06,113,"California","Yolo County",4,67,1980,922,1058
050,06,113,"California","Yolo County",4,68,1873,875,998
050,06,113,"California","Yolo County",4,69,1813,839,974
050,06,113,"California","Yolo County",4,70,1704,778,926
050,06,113,"California","Yolo County",4,71,1651,746,905
050,06,113,"California","Yolo County",4,72,1594,715,879
050,06,113,"California","Yolo County",4,73,1504,677,827
050,06,113,"California","Yolo County",4,74,1456,673,783
050,06,113,"California","Yolo County",4,75,1517,687,830
050,06,113,"California","Yolo County",4,76,1073,485,588
050,06,113,"California","Yolo County",4,77,1036,459,577
050,06,113,"California","Yolo County",4,78,977,426,551
050,06,113,"California","Yolo County",4,79,936,409,527
050,06,113,"California","Yolo County",4,80,813,365,448
050,06,113,"California","Yolo County",4,81,716,325,391
050,06,113,"California","Yolo County",4,82,673,293,380
050,06,113,"California","Yolo County",4,83,621,269,352
050,06,113,"California","Yolo County",4,84,529,205,324
050,06,113,"California","Yolo County",4,85,3253,1200,2053
050,06,113,"California","Yolo County",5,0,1897,967,930
050,06,113,"California","Yolo County",5,1,1911,929,982
050,06,113,"California","Yolo County",5,2,1929,1009,920
050,06,113,"California","Yolo County",5,3,2098,1095,1003
050,06,113,"California","Yolo County",5,4,2141,1052,1089
050,06,113,"California","Yolo County",5,5,2288,1166,1122
050,06,113,"California","Yolo County",5,6,2404,1245,1159
050,06,113,"California","Yolo County",5,7,2458,1246,1212
050,06,113,"California","Yolo County",5,8,2460,1226,1234
050,06,113,"California","Yolo County",5,9,2505,1267,1238
050,06,113,"California","Yolo County",5,10,2480,1240,1240
050,06,113,"California","Yolo County",5,11,2403,1191,1212
050,06,113,"California","Yolo County",5,12,2476,1287,1189
050,06,113,"California","Yolo County",5,13,2550,1310,1240
050,06,113,"California","Yolo County",5,14,2668,1345,1323
050,06,113,"California","Yolo County",5,15,2734,1375,1359
050,06,113,"California","Yolo County",5,16,2787,1417,1370
050,06,113,"California","Yolo County",5,17,2950,1463,1487
050,06,113,"California","Yolo County",5,18,7593,3262,4331
050,06,113,"California","Yolo County",5,19,7765,3510,4255
050,06,113,"California","Yolo County",5,20,7278,3446,3832
050,06,113,"California","Yolo County",5,21,7558,3373,4185
050,06,113,"California","Yolo County",5,22,6913,3361,3552
050,06,113,"California","Yolo County",5,23,5224,2541,2683
050,06,113,"California","Yolo County",5,24,4088,1940,2148
050,06,113,"California","Yolo County",5,25,3369,1595,1774
050,06,113,"California","Yolo County",5,26,3017,1455,1562
050,06,113,"California","Yolo County",5,27,2982,1512,1470
050,06,113,"California","Yolo County",5,28,2894,1397,1497
050,06,113,"California","Yolo County",5,29,2856,1500,1356
050,06,113,"California","Yolo County",5,30,2741,1417,1324
050,06,113,"California","Yolo County",5,31,2748,1418,1330
050,06,113,"California","Yolo County",5,32,2791,1422,1369
050,06,113,"California","Yolo County",5,33,2846,1423,1423
050,06,113,"California","Yolo County",5,34,2789,1444,1345
050,06,113,"California","Yolo County",5,35,2712,1438,1274
050,06,113,"California","Yolo County",5,36,2587,1324,1263
050,06,113,"California","Yolo County",5,37,2551,1336,1215
050,06,113,"California","Yolo County",5,38,2568,1288,1280
050,06,113,"California","Yolo County",5,39,2688,1325,1363
050,06,113,"California","Yolo County",5,40,2732,1332,1400
050,06,113,"California","Yolo County",5,41,2672,1312,1360
050,06,113,"California","Yolo County",5,42,2720,1318,1402
050,06,113,"California","Yolo County",5,43,2744,1380,1364
050,06,113,"California","Yolo County",5,44,2575,1296,1279
050,06,113,"California","Yolo County",5,45,2504,1249,1255
050,06,113,"California","Yolo County",5,46,2415,1204,1211
050,06,113,"California","Yolo County",5,47,2303,1135,1168
050,06,113,"California","Yolo County",5,48,2265,1115,1150
050,06,113,"California","Yolo County",5,49,2251,1123,1128
050,06,113,"California","Yolo County",5,50,2243,1123,1120
050,06,113,"California","Yolo County",5,51,2209,1108,1101
050,06,113,"California","Yolo County",5,52,2336,1187,1149
050,06,113,"California","Yolo County",5,53,2347,1158,1189
050,06,113,"California","Yolo County",5,54,2260,1121,1139
050,06,113,"California","Yolo County",5,55,2197,1095,1102
050,06,113,"California","Yolo County",5,56,2205,1110,1095
050,06,113,"California","Yolo County",5,57,2191,1085,1106
050,06,113,"California","Yolo County",5,58,2216,1112,1104
050,06,113,"California","Yolo County",5,59,2197,1079,1118
050,06,113,"California","Yolo County",5,60,2176,1060,1116
050,06,113,"California","Yolo County",5,61,2137,1034,1103
050,06,113,"California","Yolo County",5,62,2200,1054,1146
050,06,113,"California","Yolo County",5,63,2123,1021,1102
050,06,113,"California","Yolo County",5,64,2016,969,1047
050,06,113,"California","Yolo County",5,65,2055,973,1082
050,06,113,"California","Yolo County",5,66,2055,972,1083
050,06,113,"California","Yolo County",5,67,1979,894,1085
050,06,113,"California","Yolo County",5,68,1931,893,1038
050,06,113,"California","Yolo County",5,69,1818,848,970
050,06,113,"California","Yolo County",5,70,1760,813,947
050,06,113,"California","Yolo County",5,71,1671,749,922
050,06,113,"California","Yolo County",5,72,1627,727,900
050,06,113,"California","Yolo County",5,73,1555,693,862
050,06,113,"California","Yolo County",5,74,1473,666,807
050,06,113,"California","Yolo County",5,75,1404,644,760
050,06,113,"California","Yolo County",5,76,1471,668,803
050,06,113,"California","Yolo County",5,77,1035,463,572
050,06,113,"California","Yolo County",5,78,1011,446,565
050,06,113,"California","Yolo County",5,79,935,402,533
050,06,113,"California","Yolo County",5,80,921,399,522
050,06,113,"California","Yolo County",5,81,768,334,434
050,06,113,"California","Yolo County",5,82,679,301,378
050,06,113,"California","Yolo County",5,83,636,283,353
050,06,113,"California","Yolo County",5,84,573,239,334
050,06,113,"California","Yolo County",5,85,3256,1201,2055
050,06,115,"California","Yuba County",1,0,1122,575,547
050,06,115,"California","Yuba County",1,1,1156,601,555
050,06,115,"California","Yuba County",1,2,1201,630,571
050,06,115,"California","Yuba County",1,3,1318,675,643
050,06,115,"California","Yuba County",1,4,1336,674,662
050,06,115,"California","Yuba County",1,5,1274,675,599
050,06,115,"California","Yuba County",1,6,1273,666,607
050,06,115,"California","Yuba County",1,7,1262,647,615
050,06,115,"California","Yuba County",1,8,1353,671,682
050,06,115,"California","Yuba County",1,9,1258,626,632
050,06,115,"California","Yuba County",1,10,1262,641,621
050,06,115,"California","Yuba County",1,11,1259,640,619
050,06,115,"California","Yuba County",1,12,1303,674,629
050,06,115,"California","Yuba County",1,13,1267,658,609
050,06,115,"California","Yuba County",1,14,1182,596,586
050,06,115,"California","Yuba County",1,15,1171,610,561
050,06,115,"California","Yuba County",1,16,1153,618,535
050,06,115,"California","Yuba County",1,17,1127,592,535
050,06,115,"California","Yuba County",1,18,995,530,465
050,06,115,"California","Yuba County",1,19,971,544,427
050,06,115,"California","Yuba County",1,20,1135,632,503
050,06,115,"California","Yuba County",1,21,1136,669,467
050,06,115,"California","Yuba County",1,22,1154,644,510
050,06,115,"California","Yuba County",1,23,1111,623,488
050,06,115,"California","Yuba County",1,24,1173,634,539
050,06,115,"California","Yuba County",1,25,1180,619,561
050,06,115,"California","Yuba County",1,26,1234,675,559
050,06,115,"California","Yuba County",1,27,1232,650,582
050,06,115,"California","Yuba County",1,28,1288,670,618
050,06,115,"California","Yuba County",1,29,1317,652,665
050,06,115,"California","Yuba County",1,30,1291,644,647
050,06,115,"California","Yuba County",1,31,1257,618,639
050,06,115,"California","Yuba County",1,32,1312,654,658
050,06,115,"California","Yuba County",1,33,1292,660,632
050,06,115,"California","Yuba County",1,34,1236,636,600
050,06,115,"California","Yuba County",1,35,1170,613,557
050,06,115,"California","Yuba County",1,36,1159,604,555
050,06,115,"California","Yuba County",1,37,1184,624,560
050,06,115,"California","Yuba County",1,38,1137,583,554
050,06,115,"California","Yuba County",1,39,1120,581,539
050,06,115,"California","Yuba County",1,40,1146,572,574
050,06,115,"California","Yuba County",1,41,1021,501,520
050,06,115,"California","Yuba County",1,42,1036,546,490
050,06,115,"California","Yuba County",1,43,906,461,445
050,06,115,"California","Yuba County",1,44,888,453,435
050,06,115,"California","Yuba County",1,45,851,435,416
050,06,115,"California","Yuba County",1,46,793,386,407
050,06,115,"California","Yuba County",1,47,836,415,421
050,06,115,"California","Yuba County",1,48,829,423,406
050,06,115,"California","Yuba County",1,49,862,419,443
050,06,115,"California","Yuba County",1,50,875,444,431
050,06,115,"California","Yuba County",1,51,872,431,441
050,06,115,"California","Yuba County",1,52,856,465,391
050,06,115,"California","Yuba County",1,53,864,437,427
050,06,115,"California","Yuba County",1,54,876,461,415
050,06,115,"California","Yuba County",1,55,881,456,425
050,06,115,"California","Yuba County",1,56,944,501,443
050,06,115,"California","Yuba County",1,57,967,497,470
050,06,115,"California","Yuba County",1,58,957,496,461
050,06,115,"California","Yuba County",1,59,938,459,479
050,06,115,"California","Yuba County",1,60,974,482,492
050,06,115,"California","Yuba County",1,61,895,443,452
050,06,115,"California","Yuba County",1,62,882,432,450
050,06,115,"California","Yuba County",1,63,877,424,453
050,06,115,"California","Yuba County",1,64,901,433,468
050,06,115,"California","Yuba County",1,65,834,408,426
050,06,115,"California","Yuba County",1,66,828,411,417
050,06,115,"California","Yuba County",1,67,781,390,391
050,06,115,"California","Yuba County",1,68,731,378,353
050,06,115,"California","Yuba County",1,69,657,327,330
050,06,115,"California","Yuba County",1,70,660,329,331
050,06,115,"California","Yuba County",1,71,626,299,327
050,06,115,"California","Yuba County",1,72,647,316,331
050,06,115,"California","Yuba County",1,73,594,279,315
050,06,115,"California","Yuba County",1,74,380,187,193
050,06,115,"California","Yuba County",1,75,387,171,216
050,06,115,"California","Yuba County",1,76,372,159,213
050,06,115,"California","Yuba County",1,77,383,179,204
050,06,115,"California","Yuba County",1,78,338,177,161
050,06,115,"California","Yuba County",1,79,293,137,156
050,06,115,"California","Yuba County",1,80,265,129,136
050,06,115,"California","Yuba County",1,81,231,106,125
050,06,115,"California","Yuba County",1,82,233,93,140
050,06,115,"California","Yuba County",1,83,174,74,100
050,06,115,"California","Yuba County",1,84,172,70,102
050,06,115,"California","Yuba County",1,85,904,405,499
050,06,115,"California","Yuba County",2,0,1138,590,548
050,06,115,"California","Yuba County",2,1,1158,600,558
050,06,115,"California","Yuba County",2,2,1201,628,573
050,06,115,"California","Yuba County",2,3,1301,666,635
050,06,115,"California","Yuba County",2,4,1344,682,662
050,06,115,"California","Yuba County",2,5,1300,684,616
050,06,115,"California","Yuba County",2,6,1279,673,606
050,06,115,"California","Yuba County",2,7,1270,653,617
050,06,115,"California","Yuba County",2,8,1329,666,663
050,06,115,"California","Yuba County",2,9,1278,636,642
050,06,115,"California","Yuba County",2,10,1261,637,624
050,06,115,"California","Yuba County",2,11,1251,636,615
050,06,115,"California","Yuba County",2,12,1307,676,631
050,06,115,"California","Yuba County",2,13,1273,657,616
050,06,115,"California","Yuba County",2,14,1201,610,591
050,06,115,"California","Yuba County",2,15,1173,607,566
050,06,115,"California","Yuba County",2,16,1159,615,544
050,06,115,"California","Yuba County",2,17,1134,597,537
050,06,115,"California","Yuba County",2,18,1003,535,468
050,06,115,"California","Yuba County",2,19,972,541,431
050,06,115,"California","Yuba County",2,20,1135,627,508
050,06,115,"California","Yuba County",2,21,1124,654,470
050,06,115,"California","Yuba County",2,22,1151,643,508
050,06,115,"California","Yuba County",2,23,1113,615,498
050,06,115,"California","Yuba County",2,24,1159,628,531
050,06,115,"California","Yuba County",2,25,1181,622,559
050,06,115,"California","Yuba County",2,26,1238,669,569
050,06,115,"California","Yuba County",2,27,1240,659,581
050,06,115,"California","Yuba County",2,28,1279,666,613
050,06,115,"California","Yuba County",2,29,1329,663,666
050,06,115,"California","Yuba County",2,30,1299,645,654
050,06,115,"California","Yuba County",2,31,1277,634,643
050,06,115,"California","Yuba County",2,32,1308,653,655
050,06,115,"California","Yuba County",2,33,1301,664,637
050,06,115,"California","Yuba County",2,34,1253,640,613
050,06,115,"California","Yuba County",2,35,1190,621,569
050,06,115,"California","Yuba County",2,36,1157,603,554
050,06,115,"California","Yuba County",2,37,1188,627,561
050,06,115,"California","Yuba County",2,38,1163,600,563
050,06,115,"California","Yuba County",2,39,1117,580,537
050,06,115,"California","Yuba County",2,40,1148,573,575
050,06,115,"California","Yuba County",2,41,1054,517,537
050,06,115,"California","Yuba County",2,42,1049,542,507
050,06,115,"California","Yuba County",2,43,936,477,459
050,06,115,"California","Yuba County",2,44,892,456,436
050,06,115,"California","Yuba County",2,45,857,440,417
050,06,115,"California","Yuba County",2,46,811,395,416
050,06,115,"California","Yuba County",2,47,828,412,416
050,06,115,"California","Yuba County",2,48,829,420,409
050,06,115,"California","Yuba County",2,49,861,420,441
050,06,115,"California","Yuba County",2,50,876,446,430
050,06,115,"California","Yuba County",2,51,872,432,440
050,06,115,"California","Yuba County",2,52,868,462,406
050,06,115,"California","Yuba County",2,53,853,440,413
050,06,115,"California","Yuba County",2,54,872,454,418
050,06,115,"California","Yuba County",2,55,881,455,426
050,06,115,"California","Yuba County",2,56,950,506,444
050,06,115,"California","Yuba County",2,57,961,495,466
050,06,115,"California","Yuba County",2,58,954,493,461
050,06,115,"California","Yuba County",2,59,941,464,477
050,06,115,"California","Yuba County",2,60,963,479,484
050,06,115,"California","Yuba County",2,61,909,449,460
050,06,115,"California","Yuba County",2,62,877,430,447
050,06,115,"California","Yuba County",2,63,879,421,458
050,06,115,"California","Yuba County",2,64,896,430,466
050,06,115,"California","Yuba County",2,65,841,407,434
050,06,115,"California","Yuba County",2,66,837,415,422
050,06,115,"California","Yuba County",2,67,782,389,393
050,06,115,"California","Yuba County",2,68,733,376,357
050,06,115,"California","Yuba County",2,69,678,340,338
050,06,115,"California","Yuba County",2,70,654,327,327
050,06,115,"California","Yuba County",2,71,632,306,326
050,06,115,"California","Yuba County",2,72,627,304,323
050,06,115,"California","Yuba County",2,73,624,296,328
050,06,115,"California","Yuba County",2,74,408,198,210
050,06,115,"California","Yuba County",2,75,382,173,209
050,06,115,"California","Yuba County",2,76,371,163,208
050,06,115,"California","Yuba County",2,77,395,182,213
050,06,115,"California","Yuba County",2,78,338,168,170
050,06,115,"California","Yuba County",2,79,299,143,156
050,06,115,"California","Yuba County",2,80,270,131,139
050,06,115,"California","Yuba County",2,81,239,112,127
050,06,115,"California","Yuba County",2,82,230,92,138
050,06,115,"California","Yuba County",2,83,185,76,109
050,06,115,"California","Yuba County",2,84,171,70,101
050,06,115,"California","Yuba County",2,85,911,406,505
050,06,115,"California","Yuba County",3,0,1091,560,531
050,06,115,"California","Yuba County",3,1,1203,639,564
050,06,115,"California","Yuba County",3,2,1202,614,588
050,06,115,"California","Yuba County",3,3,1279,650,629
050,06,115,"California","Yuba County",3,4,1324,677,647
050,06,115,"California","Yuba County",3,5,1336,692,644
050,06,115,"California","Yuba County",3,6,1320,679,641
050,06,115,"California","Yuba County",3,7,1297,690,607
050,06,115,"California","Yuba County",3,8,1299,675,624
050,06,115,"California","Yuba County",3,9,1310,648,662
050,06,115,"California","Yuba County",3,10,1304,670,634
050,06,115,"California","Yuba County",3,11,1250,612,638
050,06,115,"California","Yuba County",3,12,1275,656,619
050,06,115,"California","Yuba County",3,13,1308,659,649
050,06,115,"California","Yuba County",3,14,1258,643,615
050,06,115,"California","Yuba County",3,15,1187,614,573
050,06,115,"California","Yuba County",3,16,1183,610,573
050,06,115,"California","Yuba County",3,17,1148,613,535
050,06,115,"California","Yuba County",3,18,1035,563,472
050,06,115,"California","Yuba County",3,19,978,528,450
050,06,115,"California","Yuba County",3,20,1164,661,503
050,06,115,"California","Yuba County",3,21,1148,673,475
050,06,115,"California","Yuba County",3,22,1136,639,497
050,06,115,"California","Yuba County",3,23,1100,580,520
050,06,115,"California","Yuba County",3,24,1139,624,515
050,06,115,"California","Yuba County",3,25,1155,604,551
050,06,115,"California","Yuba County",3,26,1277,683,594
050,06,115,"California","Yuba County",3,27,1212,640,572
050,06,115,"California","Yuba County",3,28,1256,659,597
050,06,115,"California","Yuba County",3,29,1375,695,680
050,06,115,"California","Yuba County",3,30,1309,666,643
050,06,115,"California","Yuba County",3,31,1329,676,653
050,06,115,"California","Yuba County",3,32,1300,632,668
050,06,115,"California","Yuba County",3,33,1352,666,686
050,06,115,"California","Yuba County",3,34,1331,676,655
050,06,115,"California","Yuba County",3,35,1266,646,620
050,06,115,"California","Yuba County",3,36,1241,648,593
050,06,115,"California","Yuba County",3,37,1178,613,565
050,06,115,"California","Yuba County",3,38,1227,641,586
050,06,115,"California","Yuba County",3,39,1153,603,550
050,06,115,"California","Yuba County",3,40,1123,572,551
050,06,115,"California","Yuba County",3,41,1136,576,560
050,06,115,"California","Yuba County",3,42,1125,554,571
050,06,115,"California","Yuba County",3,43,999,490,509
050,06,115,"California","Yuba County",3,44,954,490,464
050,06,115,"California","Yuba County",3,45,881,451,430
050,06,115,"California","Yuba County",3,46,873,435,438
050,06,115,"California","Yuba County",3,47,818,406,412
050,06,115,"California","Yuba County",3,48,825,416,409
050,06,115,"California","Yuba County",3,49,827,399,428
050,06,115,"California","Yuba County",3,50,858,434,424
050,06,115,"California","Yuba County",3,51,891,427,464
050,06,115,"California","Yuba County",3,52,900,448,452
050,06,115,"California","Yuba County",3,53,851,468,383
050,06,115,"California","Yuba County",3,54,850,429,421
050,06,115,"California","Yuba County",3,55,877,454,423
050,06,115,"California","Yuba County",3,56,917,497,420
050,06,115,"California","Yuba County",3,57,935,478,457
050,06,115,"California","Yuba County",3,58,961,481,480
050,06,115,"California","Yuba County",3,59,949,483,466
050,06,115,"California","Yuba County",3,60,951,484,467
050,06,115,"California","Yuba County",3,61,936,465,471
050,06,115,"California","Yuba County",3,62,909,449,460
050,06,115,"California","Yuba County",3,63,839,418,421
050,06,115,"California","Yuba County",3,64,870,421,449
050,06,115,"California","Yuba County",3,65,871,416,455
050,06,115,"California","Yuba County",3,66,832,412,420
050,06,115,"California","Yuba County",3,67,808,390,418
050,06,115,"California","Yuba County",3,68,742,362,380
050,06,115,"California","Yuba County",3,69,711,359,352
050,06,115,"California","Yuba County",3,70,667,348,319
050,06,115,"California","Yuba County",3,71,618,305,313
050,06,115,"California","Yuba County",3,72,616,294,322
050,06,115,"California","Yuba County",3,73,586,285,301
050,06,115,"California","Yuba County",3,74,615,288,327
050,06,115,"California","Yuba County",3,75,381,188,193
050,06,115,"California","Yuba County",3,76,368,163,205
050,06,115,"California","Yuba County",3,77,380,173,207
050,06,115,"California","Yuba County",3,78,363,157,206
050,06,115,"California","Yuba County",3,79,324,160,164
050,06,115,"California","Yuba County",3,80,278,138,140
050,06,115,"California","Yuba County",3,81,257,124,133
050,06,115,"California","Yuba County",3,82,214,91,123
050,06,115,"California","Yuba County",3,83,217,92,125
050,06,115,"California","Yuba County",3,84,178,70,108
050,06,115,"California","Yuba County",3,85,911,404,507
050,06,115,"California","Yuba County",4,0,1191,611,580
050,06,115,"California","Yuba County",4,1,1191,630,561
050,06,115,"California","Yuba County",4,2,1259,667,592
050,06,115,"California","Yuba County",4,3,1249,625,624
050,06,115,"California","Yuba County",4,4,1311,655,656
050,06,115,"California","Yuba County",4,5,1320,679,641
050,06,115,"California","Yuba County",4,6,1376,712,664
050,06,115,"California","Yuba County",4,7,1336,689,647
050,06,115,"California","Yuba County",4,8,1310,697,613
050,06,115,"California","Yuba County",4,9,1295,671,624
050,06,115,"California","Yuba County",4,10,1315,650,665
050,06,115,"California","Yuba County",4,11,1308,665,643
050,06,115,"California","Yuba County",4,12,1250,626,624
050,06,115,"California","Yuba County",4,13,1255,645,610
050,06,115,"California","Yuba County",4,14,1310,657,653
050,06,115,"California","Yuba County",4,15,1264,661,603
050,06,115,"California","Yuba County",4,16,1198,618,580
050,06,115,"California","Yuba County",4,17,1162,586,576
050,06,115,"California","Yuba County",4,18,1028,559,469
050,06,115,"California","Yuba County",4,19,1024,589,435
050,06,115,"California","Yuba County",4,20,1154,621,533
050,06,115,"California","Yuba County",4,21,1169,677,492
050,06,115,"California","Yuba County",4,22,1193,667,526
050,06,115,"California","Yuba County",4,23,1085,582,503
050,06,115,"California","Yuba County",4,24,1114,585,529
050,06,115,"California","Yuba County",4,25,1150,609,541
050,06,115,"California","Yuba County",4,26,1184,608,576
050,06,115,"California","Yuba County",4,27,1208,645,563
050,06,115,"California","Yuba County",4,28,1202,629,573
050,06,115,"California","Yuba County",4,29,1325,681,644
050,06,115,"California","Yuba County",4,30,1367,684,683
050,06,115,"California","Yuba County",4,31,1328,677,651
050,06,115,"California","Yuba County",4,32,1332,678,654
050,06,115,"California","Yuba County",4,33,1339,654,685
050,06,115,"California","Yuba County",4,34,1341,660,681
050,06,115,"California","Yuba County",4,35,1386,706,680
050,06,115,"California","Yuba County",4,36,1277,644,633
050,06,115,"California","Yuba County",4,37,1289,678,611
050,06,115,"California","Yuba County",4,38,1187,616,571
050,06,115,"California","Yuba County",4,39,1249,659,590
050,06,115,"California","Yuba County",4,40,1168,598,570
050,06,115,"California","Yuba County",4,41,1147,577,570
050,06,115,"California","Yuba County",4,42,1202,622,580
050,06,115,"California","Yuba County",4,43,1088,533,555
050,06,115,"California","Yuba County",4,44,1009,494,515
050,06,115,"California","Yuba County",4,45,959,507,452
050,06,115,"California","Yuba County",4,46,868,432,436
050,06,115,"California","Yuba County",4,47,882,461,421
050,06,115,"California","Yuba County",4,48,805,395,410
050,06,115,"California","Yuba County",4,49,810,393,417
050,06,115,"California","Yuba County",4,50,838,410,428
050,06,115,"California","Yuba County",4,51,860,436,424
050,06,115,"California","Yuba County",4,52,879,432,447
050,06,115,"California","Yuba County",4,53,877,434,443
050,06,115,"California","Yuba County",4,54,838,459,379
050,06,115,"California","Yuba County",4,55,842,409,433
050,06,115,"California","Yuba County",4,56,918,498,420
050,06,115,"California","Yuba County",4,57,908,485,423
050,06,115,"California","Yuba County",4,58,919,463,456
050,06,115,"California","Yuba County",4,59,949,468,481
050,06,115,"California","Yuba County",4,60,963,498,465
050,06,115,"California","Yuba County",4,61,953,477,476
050,06,115,"California","Yuba County",4,62,926,455,471
050,06,115,"California","Yuba County",4,63,897,441,456
050,06,115,"California","Yuba County",4,64,832,412,420
050,06,115,"California","Yuba County",4,65,828,384,444
050,06,115,"California","Yuba County",4,66,861,430,431
050,06,115,"California","Yuba County",4,67,803,399,404
050,06,115,"California","Yuba County",4,68,770,362,408
050,06,115,"California","Yuba County",4,69,716,339,377
050,06,115,"California","Yuba County",4,70,693,351,342
050,06,115,"California","Yuba County",4,71,621,319,302
050,06,115,"California","Yuba County",4,72,606,289,317
050,06,115,"California","Yuba County",4,73,598,276,322
050,06,115,"California","Yuba County",4,74,564,274,290
050,06,115,"California","Yuba County",4,75,599,274,325
050,06,115,"California","Yuba County",4,76,367,184,183
050,06,115,"California","Yuba County",4,77,358,160,198
050,06,115,"California","Yuba County",4,78,340,150,190
050,06,115,"California","Yuba County",4,79,340,139,201
050,06,115,"California","Yuba County",4,80,294,148,146
050,06,115,"California","Yuba County",4,81,258,125,133
050,06,115,"California","Yuba County",4,82,241,107,134
050,06,115,"California","Yuba County",4,83,202,96,106
050,06,115,"California","Yuba County",4,84,204,82,122
050,06,115,"California","Yuba County",4,85,922,403,519
050,06,115,"California","Yuba County",5,0,1158,592,566
050,06,115,"California","Yuba County",5,1,1213,624,589
050,06,115,"California","Yuba County",5,2,1258,652,606
050,06,115,"California","Yuba County",5,3,1280,680,600
050,06,115,"California","Yuba County",5,4,1253,626,627
050,06,115,"California","Yuba County",5,5,1305,642,663
050,06,115,"California","Yuba County",5,6,1359,704,655
050,06,115,"California","Yuba County",5,7,1363,708,655
050,06,115,"California","Yuba County",5,8,1371,712,659
050,06,115,"California","Yuba County",5,9,1299,688,611
050,06,115,"California","Yuba County",5,10,1325,695,630
050,06,115,"California","Yuba County",5,11,1296,636,660
050,06,115,"California","Yuba County",5,12,1344,681,663
050,06,115,"California","Yuba County",5,13,1249,621,628
050,06,115,"California","Yuba County",5,14,1276,657,619
050,06,115,"California","Yuba County",5,15,1322,659,663
050,06,115,"California","Yuba County",5,16,1268,645,623
050,06,115,"California","Yuba County",5,17,1222,622,600
050,06,115,"California","Yuba County",5,18,1078,572,506
050,06,115,"California","Yuba County",5,19,1002,589,413
050,06,115,"California","Yuba County",5,20,1202,664,538
050,06,115,"California","Yuba County",5,21,1121,623,498
050,06,115,"California","Yuba County",5,22,1205,675,530
050,06,115,"California","Yuba County",5,23,1164,606,558
050,06,115,"California","Yuba County",5,24,1105,597,508
050,06,115,"California","Yuba County",5,25,1127,576,551
050,06,115,"California","Yuba County",5,26,1175,622,553
050,06,115,"California","Yuba County",5,27,1152,582,570
050,06,115,"California","Yuba County",5,28,1219,622,597
050,06,115,"California","Yuba County",5,29,1302,686,616
050,06,115,"California","Yuba County",5,30,1334,653,681
050,06,115,"California","Yuba County",5,31,1378,693,685
050,06,115,"California","Yuba County",5,32,1390,719,671
050,06,115,"California","Yuba County",5,33,1359,691,668
050,06,115,"California","Yuba County",5,34,1373,665,708
050,06,115,"California","Yuba County",5,35,1365,687,678
050,06,115,"California","Yuba County",5,36,1346,663,683
050,06,115,"California","Yuba County",5,37,1285,649,636
050,06,115,"California","Yuba County",5,38,1310,692,618
050,06,115,"California","Yuba County",5,39,1202,624,578
050,06,115,"California","Yuba County",5,40,1249,663,586
050,06,115,"California","Yuba County",5,41,1184,609,575
050,06,115,"California","Yuba County",5,42,1207,622,585
050,06,115,"California","Yuba County",5,43,1179,598,581
050,06,115,"California","Yuba County",5,44,1097,528,569
050,06,115,"California","Yuba County",5,45,1013,515,498
050,06,115,"California","Yuba County",5,46,964,488,476
050,06,115,"California","Yuba County",5,47,890,444,446
050,06,115,"California","Yuba County",5,48,890,462,428
050,06,115,"California","Yuba County",5,49,816,385,431
050,06,115,"California","Yuba County",5,50,836,411,425
050,06,115,"California","Yuba County",5,51,859,413,446
050,06,115,"California","Yuba County",5,52,877,449,428
050,06,115,"California","Yuba County",5,53,882,439,443
050,06,115,"California","Yuba County",5,54,881,439,442
050,06,115,"California","Yuba County",5,55,827,453,374
050,06,115,"California","Yuba County",5,56,909,464,445
050,06,115,"California","Yuba County",5,57,905,477,428
050,06,115,"California","Yuba County",5,58,889,468,421
050,06,115,"California","Yuba County",5,59,896,452,444
050,06,115,"California","Yuba County",5,60,961,491,470
050,06,115,"California","Yuba County",5,61,958,491,467
050,06,115,"California","Yuba County",5,62,952,479,473
050,06,115,"California","Yuba County",5,63,906,443,463
050,06,115,"California","Yuba County",5,64,894,435,459
050,06,115,"California","Yuba County",5,65,787,388,399
050,06,115,"California","Yuba County",5,66,820,389,431
050,06,115,"California","Yuba County",5,67,833,407,426
050,06,115,"California","Yuba County",5,68,799,391,408
050,06,115,"California","Yuba County",5,69,762,363,399
050,06,115,"California","Yuba County",5,70,694,330,364
050,06,115,"California","Yuba County",5,71,671,339,332
050,06,115,"California","Yuba County",5,72,605,308,297
050,06,115,"California","Yuba County",5,73,578,281,297
050,06,115,"California","Yuba County",5,74,578,258,320
050,06,115,"California","Yuba County",5,75,537,264,273
050,06,115,"California","Yuba County",5,76,574,267,307
050,06,115,"California","Yuba County",5,77,366,191,175
050,06,115,"California","Yuba County",5,78,326,139,187
050,06,115,"California","Yuba County",5,79,315,129,186
050,06,115,"California","Yuba County",5,80,313,133,180
050,06,115,"California","Yuba County",5,81,286,143,143
050,06,115,"California","Yuba County",5,82,236,108,128
050,06,115,"California","Yuba County",5,83,231,106,125
050,06,115,"California","Yuba County",5,84,181,80,101
050,06,115,"California","Yuba County",5,85,954,408,546

